year,month,day,hour,Dp,DpDt,DsqP,Ege,Ely,Emg,Erg,Esp,area,centers,depth,id,lat,lon,p_cent,p_edge,p_grad,pid,ptid,radius,time,type,u,uv,v,x,y
2023,10,21,21,-0.22367187,-1.8180961843106525,17.151133,2,0,0,0,2,201875,1,8.0,4,58.46758860428578,-4.746523143427637,982.2413,990.24125,20.96486477993777,4,375.0,253.49321149362706,45218.875,1,-25.37086010666049,34.94979039967511,24.037622728329147,348,221
2023,10,22,0,-0.25578126,-2.064772733787357,19.471132,0,0,0,0,0,121250,1,8.0,5,59.12137541034959,-5.689659349789156,981.9855,989.98546875,21.480645032842208,5,375.0,196.456289539899,45219.0,1,-17.94068513528251,30.151064611649744,24.23259198048221,346,224
2023,10,22,3,1.2803125,10.285844698261146,14.0161705,0,0,0,0,0,135625,1,8.0,5,59.584411484362086,-5.774325902663275,983.2658,991.26578125,20.514169111315304,5,375.0,207.77578856468483,45219.125,1,-1.5887530461840331,17.235800608798744,17.162420761201144,346,226
2023,10,22,6,1.7086719,13.666312447951775,10.958867,0,0,0,0,0,160000,1,8.0,6,60.02224648811017,-6.2923655637681275,984.9744,992.974453125,19.21669817683645,6,375.0,225.6758334191025,45219.25,1,-9.594081956197375,18.85220273838703,16.228343708062614,345,228
2023,10,22,9,2.2752345,18.073208705631036,9.053437,0,0,0,0,0,203125,1,8.0,6,60.714229939104484,-6.438049514998431,987.2497,995.2496875,18.103071985560465,6,375.0,254.27680907051368,45219.375,1,-2.641383563812996,25.784001803356436,25.648349690853532,345,231
2023,10,22,12,2.0924218,16.519561740262514,6.66418,0,0,0,0,0,602500,1,10.0,5,61.34809309133958,-7.489952684632445,989.3421,999.342109375,16.58143435447642,5,375.0,437.92888284027794,45219.5,1,-18.69440651134919,30.024233788203613,23.49412223849047,343,234
2023,10,22,15,1.5385938,12.0723623414818,6.386407,0,0,0,0,0,627500,1,10.0,5,62.00431616097917,-8.13010235415598,990.8807,1000.880703125,15.758347763863233,5,375.0,446.9222008138874,45219.625,1,-11.137590297193634,26.751616667933714,24.322892030347198,342,237
2023,10,22,18,1.3292968,10.36814162828052,6.205664,0,0,0,0,0,660000,1,10.0,6,62.65580919086027,-8.800197876380514,992.21,1002.21,15.099069069467689,6,375.0,458.34978442375404,45219.75,1,-11.408480845187837,26.706904120921347,24.14757322235648,341,240
2023,10,22,21,0.8994531,6.9776143753931175,6.473789,0,0,0,0,0,345000,1,8.0,6,63.26334516868888,-9.979921145744557,993.10944,1001.109453125,14.915688319358422,6,375.0,331.38634663094945,45219.875,1,-19.67181847196597,29.90074504821442,22.518306162860867,339,243
2023,10,23,0,0.9303906,7.2058864472966695,5.7972655,0,0,0,0,0,392500,1,8.0,5,63.44907920632268,-10.54475887500677,994.03986,1002.03984375,14.121053394515311,5,375.0,353.46376098143054,45220.0,1,-9.358079449286237,11.617497154005115,6.884227563362757,338,244
2023,10,23,3,0.6447656,4.976098145356399,7.971289,0,0,0,0,0,217500,1,6.0,6,63.85799700127776,-11.212821076311862,994.68463,1000.684609375,13.350507867369025,6,375.0,263.12050517771223,45220.125,1,-10.909894551784832,18.674746110857743,15.15652807122832,337,246
2023,10,23,6,0.30484375,2.3446160528141533,10.955195,0,0,0,0,0,240625,1,6.0,6,64.26282231097234,-11.901606238167568,994.98944,1000.989453125,13.1560394031355,6,375.0,276.7549753174722,45220.25,1,-11.086102329507971,18.656014966798537,15.00484020511678,336,248
2023,10,23,9,1.2563281,9.64449613279032,11.428398,0,0,0,0,0,121250,1,4.0,6,64.48780808569829,-12.006201074092155,996.2458,1000.24578125,12.307537275046643,6,375.0,196.456289539899,45220.375,1,-1.6697519417212034,8.504618211058856,8.339092238906597,336,249
2023,10,23,12,1.1030469,8.452036643627975,10.730078,0,0,0,0,0,145625,1,4.0,7,64.71259902666557,-12.11262292598501,997.3488,1001.348828125,11.428395280478316,7,375.0,215.29950574842135,45220.5,1,-1.6849386449330028,8.500534577624538,8.331870730406331,336,250
2023,10,23,15,0.5716406,4.372102161396236,9.525508,0,0,0,0,0,181875,1,4.0,7,64.93719398460563,-12.220919331930434,997.9205,1001.92046875,10.431021662459122,7,375.0,240.60883306661233,45220.625,1,-1.7003778007550663,8.496491047164097,8.324606624293969,336,251
2023,10,23,18,0.98710936,7.5330836496127676,8.568945,0,0,0,0,0,213750,1,4.0,5,65.20962451246942,-11.821488340607257,998.9076,1002.907578125,9.670095883578444,5,375.0,260.8423626863268,45220.75,1,6.207678087685538,11.85316059542674,10.097630853851115,337,252
2023,10,23,21,1.1378906,8.66493074051102,8.261523,0,0,0,0,0,64375,1,2.0,7,65.48065150424446,-11.41335434637721,1000.0455,1002.04546875,8.746740175802126,7,375.0,143.1474726395179,45220.875,1,6.2778994572748745,11.845939313587682,10.045608823040544,338,253
2023,10,24,0,0.81671876,6.205986474380924,6.9416413,0,0,0,0,0,84375,1,2.0,3,65.75023763658976,-10.996272580887428,1000.8622,1002.8621875,8.083848409258405,3,375.0,163.88226458881186,45221.0,1,6.349284149049563,11.83881489265121,9.992203403508558,339,254
2023,10,24,3,0.0,,,0,3,0,0,0,0,0,,3,65.75023763658976,-10.996272580887428,,,8.083848409258405,3,375.0,0.0,45221.125,0,0.0,0.0,0.0,339,254
