year,month,day,hour,Dp,DpDt,DsqP,Ege,Ely,Emg,Erg,Esp,area,centers,depth,id,lat,lon,p_cent,p_edge,p_grad,pid,ptid,radius,time,type,u,uv,v,x,y
2023,9,30,3,,,2.8858204,3,0,0,0,0,625,1,0.0,5,65.63314554408828,21.456555132563352,997.99744,997.997421875,8.29485957091122,5,584,14.104739588693906,45197.125,1,,,,399,259
2023,9,30,6,-0.83039063,-6.31994691745628,2.873125,0,0,0,0,0,625,1,0.0,4,65.54831694003049,21.94869908352698,997.16705,997.16703125,9.476419163980172,4,584,14.104739588693906,45197.25,1,7.5505257154141665,8.179012435382456,-3.1441701351883355,400,259
2023,9,30,9,-0.5325,-4.055551371292281,2.2779298,0,0,0,0,0,297500,1,2.0,5,65.46165200129587,22.437459474566264,996.6345,998.63453125,10.685566875296965,5,584,307.7290872499344,45197.375,1,7.523550643328091,8.180602697477841,-3.212233835084112,401,259
2023,9,30,12,-0.16085938,-1.2210288681239714,1.9165626,0,0,0,0,1,330625,0,1.989453125,4,65.88501450278996,22.846655262221994,996.4737,998.463125,11.102255375924669,3,584,324.40901053995987,45197.5,2,6.196689310980222,16.871139135814527,15.691920765897207,401,261
2023,9,30,15,-1.4053906,-10.782959941326743,5.07457,0,0,1,0,0,233750,1,2.0,2,64.55301154794994,30.091741987744722,995.0683,997.06828125,12.451998246725266,2,584,272.7726817250237,45197.625,1,115.32200848253946,125.44571498558892,-49.37065695125705,416,262
2023,9,30,18,-2.1794531,-16.630443277501936,6.466055,0,0,0,0,0,337500,1,4.0,2,65.22426041742037,31.590404132905935,992.88885,996.888828125,14.013010324717976,2,584,327.76452917762373,45197.75,1,23.277771809002395,34.071399290353696,24.879822933669114,417,266
2023,9,30,21,-1.6838281,-12.821116008967513,7.461133,0,0,0,0,0,225625,1,4.0,2,65.49121272655276,32.59258147259926,991.205,995.205,15.395773331130139,2,584,267.99005218518425,45197.875,1,15.40908306728416,18.312361136414367,9.89458081052431,418,268
2023,10,1,0,-1.0646875,-8.090222275957839,4.916289,0,0,0,0,0,445625,1,6.0,3,65.75023763658974,33.61613752892785,990.1403,996.1403125,16.04895533276815,3,13,376.6256006044354,45198.0,1,15.581569058795791,18.301905159621548,9.600751956891678,419,270
2023,10,1,3,-0.86429685,-6.554652658259163,6.569844,0,0,0,0,0,453750,1,6.0,3,66.00110120694903,34.66108945705895,989.276,995.276015625,16.397414540207414,3,13,380.04356441846903,45198.125,1,15.752502531009807,18.292042754398967,9.298252101297823,420,272
2023,10,1,6,-0.27648437,-2.096801568975791,9.017578,0,0,0,0,0,231250,1,4.0,2,66.00110120694903,34.66108945705895,988.9995,992.99953125,16.881217230660955,2,13,271.3100830783876,45198.25,1,0.0,0.0,0.0,420,272
2023,10,1,9,0.4464844,3.3895088097771526,9.422539,0,0,0,0,0,54375,1,2.0,2,65.8700045123387,35.10174005584748,989.44604,991.446015625,16.889077797703372,2,13,131.56025258885612,45198.375,1,6.676930975184985,8.25785801817563,-4.859095780179974,421,272
2023,10,1,12,1.3203125,10.048481348289181,7.3634768,0,0,2,0,0,210625,2,2.0,2,65.55043430333852,35.23029994946876,990.76636,992.766328125,16.01208878785278,2,13,258.9285997673121,45198.5,1,1.972224171300529,12.007931693960703,-11.844861982520689,422,271
2023,10,1,15,1.1324219,8.65939327735129,3.4705858,0,0,2,0,0,1078750,0,4.64796875,3,64.96203455751127,36.19829167679219,991.89874,996.54671875,15.122241423121555,6,13,585.9836087475179,45198.625,2,15.18434215094729,26.5743804351622,-21.809022191645756,425,270
2023,10,1,18,0.9482812,7.349981624415363,3.0716796,0,0,0,0,0,992500,0,3.043125,4,63.3629065983131,39.83669318562646,992.84705,995.89015625,14.920886103675931,6,13,562.0698907052505,45198.75,2,60.45350100883489,84.66258287538702,-59.27163870610104,435,269
2023,10,1,21,-1.3203125,-9.820333957752412,4.6673045,0,0,0,2,0,800000,1,6.0,7,68.66588430314107,51.859760005525814,988.5698,994.56984375,15.792484365433262,7,25,504.62650440403206,45198.875,1,6.373318579939851,8.25639337559621,5.2486990627375905,434,301
2023,10,2,0,-2.557578,-18.969736721264887,8.467617,0,0,0,0,0,788125,1,8.0,7,69.08144984593771,53.315125756791886,986.01227,994.012265625,18.249867122941474,7,25,500.8672269659895,45199.0,1,19.259414945905952,24.661208697928398,15.402926682426095,434,304
2023,10,2,3,-1.5361719,-11.358576897854718,6.5646095,0,0,0,0,0,949375,1,10.0,8,69.55260716097001,56.22245806944483,984.4761,994.47609375,19.65585612608671,8,25,549.7230650024941,45199.125,1,37.64217985162079,41.49584610130838,17.463434361021424,435,309
2023,10,2,6,-1.6807032,-12.354699121301817,6.931211,0,0,0,0,0,672500,1,10.0,8,70.4750193906414,59.14947608634519,982.7954,992.795390625,21.233381228192997,8,25,462.6698590340625,45199.25,1,36.255738404350474,49.83351339268188,34.1891867381181,434,315
2023,10,2,9,-1.71625,-12.55979051725496,7.555078,0,0,0,0,0,784375,1,12.0,7,71.2115032546522,60.2125828686205,981.07916,993.079140625,22.777291998380733,7,25,499.674210836832,45199.375,1,12.690913628850106,30.10360101083951,27.29775641119402,432,318
2023,10,2,12,-2.7441406,-20.082057625572673,10.791758,0,0,2,0,0,4397500,2,28.0,7,71.2115032546522,60.2125828686205,978.335,1006.335,25.40076111299382,7,25,1183.117798231951,45199.5,1,0.0,0.0,0.0,432,318
2023,10,2,15,-1.379375,-10.005982824634541,11.416055,0,0,0,0,2,709375,1,14.0,8,72.76308079885081,63.26790620724111,976.9556,990.955625,26.07619986205187,8,25,475.18530649802983,45199.625,1,33.55367536259332,66.58194458271296,57.509183736835965,428,325
2023,10,2,18,-1.3382813,-9.661524200195098,12.405976,0,0,2,0,0,4211250,2,30.0,7,73.67260544747761,64.31635281950415,975.6174,1005.61734375,27.02634643750431,7,25,1157.7920833169867,45199.75,1,10.92458199613754,35.43744236723679,33.71150886182487,425,328
2023,10,2,21,-0.1653125,-1.1916281854997828,8.739804,0,0,0,0,0,4231875,2,30.0,8,73.97421475976144,64.69202123873653,975.452,1005.45203125,27.054978499279287,8,25,1160.6238191567625,45199.875,1,3.84403022927452,11.821581089287559,11.179141784905715,424,329
2023,10,3,0,-1.9900781,-14.392507878122176,9.476055,0,0,0,0,0,3788750,1,30.0,9,73.33047547078156,67.40983737149327,973.462,1003.461953125,28.937069775696386,9,25,1098.1787565231978,45200.0,1,28.893677121573326,37.472027103138615,-23.860181005445565,428,331
2023,10,3,3,-0.4953125,-3.5751526247285197,11.93543,0,0,0,0,0,3804375,1,30.0,8,73.71000999828058,68.56539587058197,972.9666,1002.966640625,28.977092316527322,8,25,1100.4408994809576,45200.125,1,12.013795086607828,18.499299547408878,14.067437981443526,427,333
2023,10,3,6,-0.46414062,-3.346160629229756,11.871446,0,0,0,0,0,3270625,2,28.0,11,73.94570509762984,70.80453239994712,972.5025,1000.5025,29.43133469680604,11,25,1020.3294916348643,45200.25,1,22.95036107496005,24.556818761682486,8.736033094206974,427,336
2023,10,3,9,0.5955469,4.281402587840719,10.225664,0,0,0,0,0,3421875,2,28.0,11,74.51903397913762,71.82787401031452,973.098,1001.098046875,28.764273427177656,11,25,1043.6554229175254,45200.375,1,10.124118952119288,23.538865226163047,21.250420974155006,425,338
2023,10,3,12,1.8857813,13.520501593843614,8.612187,0,0,0,0,0,2915000,2,24.0,10,75.08659774212055,72.92897870868092,974.9838,998.983828125,26.8010990800211,10,25,963.2618118796934,45200.5,1,10.503285589487822,23.513045563160095,21.036736996998847,423,340
2023,10,3,15,2.1516407,15.402290182600904,8.854688,0,0,0,0,0,3125000,2,22.0,9,75.43052158897677,74.35775354279127,977.1355,999.13546875,24.53330348432713,9,25,997.3557010035817,45200.625,1,13.321339266581177,18.43793846400713,12.747528974164211,422,342
2023,10,3,18,2.48875,17.806178684356293,10.487539,0,0,0,0,0,2726875,2,18.0,8,75.54576933006358,76.07165806084632,979.6242,997.62421875,22.269434219550984,8,25,931.6604912130944,45200.75,1,15.855908246385773,16.421231995184876,4.271654705366414,422,344
2023,10,3,21,2.6860938,19.205384950543348,8.574532,0,0,0,0,0,930000,2,8.0,8,75.6937599012114,78.69006752597979,982.3103,990.3103125,19.782769034363078,8,25,544.0847306724618,45200.875,1,23.97985382934664,24.5992183341575,5.48526690095565,422,347
2023,10,4,0,2.3371875,16.704673454861805,8.55582,0,0,0,0,2,46250,1,2.0,7,75.775439967977,80.4633642415406,984.6475,986.6475,17.61841570570372,7,25,121.33355774887802,45201.0,1,16.150073635446255,16.43138615814754,3.0274696774412835,422,349
2023,10,4,3,1.8745313,13.40551597342369,7.9485545,0,0,0,0,0,49375,1,2.0,6,75.64779393304579,83.26398878588066,986.52203,988.52203125,16.18962008319167,6,25,125.36566766991936,45201.125,1,25.728990715090855,26.160374420439776,-4.7311971635484,423,352
2023,10,4,6,1.6991407,12.149887261576126,8.615898,0,0,0,0,0,44375,1,2.0,5,75.67252692757445,84.15543412261313,988.2212,990.221171875,14.802709041298131,5,25,118.84864828598478,45201.25,1,8.176467037335934,8.22769731702472,0.9167278374385245,423,353
2023,10,4,9,1.8258594,13.066095850844508,10.4825,0,0,0,0,0,34375,1,2.0,5,75.50026188341823,86.89397290438357,990.04706,992.04703125,14.074068429232822,5,25,104.60354839855006,45201.375,1,25.41182352616679,26.201698331379475,-6.38499964945732,424,356
2023,10,4,12,1.3441406,9.608392441275052,11.331094,0,0,0,0,0,96875,1,4.0,8,75.7434237166556,88.64680804622031,991.3912,995.391171875,13.234931430851564,8,25,175.60259173501603,45201.5,1,15.998923356232607,18.36289425264435,9.012787403195173,423,358
2023,10,4,15,1.3921094,9.951133211646647,11.462421,0,0,0,0,0,100000,1,4.0,9,75.74697760554217,89.54886145321272,992.78326,996.78328125,12.281409806212347,9,25,178.4124116152771,45201.625,1,8.231663365461927,8.23271724198374,0.13172480468154218,423,359
2023,10,4,18,1.6427344,11.742846141394393,11.611445,0,0,0,0,0,120625,1,4.0,8,75.7434237166556,91.35319195377969,994.426,998.426015625,10.90895786499946,8,25,195.94930472170537,45201.75,1,16.468908941922418,16.469435726869957,-0.13172480468154218,423,361
2023,10,4,21,1.0874219,7.765811096397015,12.089844,0,0,0,0,0,135000,1,4.0,7,75.96182055696012,92.29061004263853,995.5134,999.5134375,10.028912846754778,7,25,207.2964896828013,45201.875,1,8.428042588534433,11.685840987914696,8.094873545687847,422,362
2023,10,5,0,0.28742188,2.0526200893487045,11.525703,0,0,0,0,0,119375,1,4.0,8,75.96182055696012,92.29061004263853,995.80084,999.800859375,9.317449104164693,8,25,194.93137937025432,45202.0,1,0.0,0.0,0.0,422,362
2023,10,5,3,1.0353125,7.3940217932592,9.239882,0,0,0,0,0,46875,1,2.0,10,75.95100209409819,93.2052159310135,996.8362,998.836171875,8.247726814503043,10,25,122.15062797572998,45202.125,1,8.229158667747152,8.238922393155082,-0.40098606144627674,422,363
2023,10,5,6,0.0,,,0,3,0,0,0,0,0,,10,75.95100209409819,93.2052159310135,,,8.247726814503043,10,25,0.0,45202.25,0,0.0,0.0,0.0,422,363
