year,month,day,hour,Dp,DpDt,DsqP,Ege,Ely,Emg,Erg,Esp,area,centers,depth,id,lat,lon,p_cent,p_edge,p_grad,pid,ptid,radius,time,type,u,uv,v,x,y
2023,12,6,3,,,11.078516,3,0,0,0,0,266875,1,4.0,6,35.25368406295418,-73.80323493305477,1008.8409,1012.840859375,8.201537871067519,6,137.0,291.46003306679825,45264.125,1,,,,134,294
2023,12,6,6,-3.6561718,-43.66550102181912,15.119023,0,0,0,0,0,417500,1,6.0,7,35.45813161582542,-71.95217893122894,1005.1847,1011.1846875,10.709770988101,7,137.0,364.54681109801606,45264.25,1,55.88421390489318,56.39564767432605,7.577843548059096,137,287
2023,12,6,9,-2.3296094,-27.77229750539774,11.187735,0,0,0,0,0,355000,1,6.0,6,35.53181427185666,-70.63475492104479,1002.8551,1008.855078125,12.100110653869477,6,137.0,336.1547405514991,45264.375,1,39.737449025558824,39.83118710836507,2.731045844123097,139,282
2023,12,6,12,-0.47257814,-5.64038687962181,9.859882,0,0,0,0,0,585000,1,6.0,7,35.48412968175651,-69.08559205605135,1002.3825,1008.3825,12.419317114883686,7,137.0,431.52205438136946,45264.5,1,46.755009734548835,46.788403879594306,-1.7674281660874864,141,276
2023,12,6,15,-2.9489844,-34.681123360518924,7.64668,0,0,0,0,0,1291875,1,10.0,4,36.09421690018247,-67.25638626055311,999.43353,1009.433515625,15.190857568955403,4,137.0,641.2617127302117,45264.625,1,54.784508569583814,59.26790169099495,22.612867833219205,146,270
2023,12,6,18,-5.987344,-68.96622944861352,13.0500765,0,0,0,0,0,1684375,1,14.0,4,36.97568424409412,-65.51445119457586,993.44617,1007.446171875,18.12228434844079,4,137.0,732.2248387898504,45264.75,1,51.57949327875918,61.05632909281965,32.67156554861019,152,265
2023,12,6,21,-3.516172,-39.74695718239318,13.194336,0,0,0,0,0,1601250,1,16.0,3,37.79920262830304,-63.14989754533819,989.93,1005.93,20.322509425493624,3,137.0,713.9283614283682,45264.875,1,69.24976424790096,75.67843434409298,30.523688774185366,159,258
2023,12,7,0,-2.7542188,-30.7036475215962,13.086212,0,0,0,0,0,1763750,1,18.0,5,38.424493632031236,-61.07060500998338,987.1758,1005.17578125,22.01033027799637,5,137.0,749.2790279706625,45265.0,1,60.3766638424027,64.67214900815904,23.17639576368658,165,252
2023,12,7,3,-2.569922,-28.415566769077195,14.0017185,0,0,0,0,0,1633750,2,18.0,6,38.79906496004941,-59.65948299863219,984.60583,1002.605859375,22.964072774710395,6,137.0,721.137141293366,45265.125,1,40.762002009020314,43.06148795106357,13.883477114045194,169,248
2023,12,7,6,-4.3160157,-45.13816998614807,23.968359,0,0,0,2,0,1611250,1,18.0,6,41.4877595391421,-52.93902614179789,981.4871,999.487109375,22.309360808723905,6,162.0,716.154176217407,45265.25,1,59.5747907431648,70.5591424688557,37.807894596874895,192,233
2023,12,7,9,-3.5079687,-36.315669529987666,12.613125,0,0,0,0,0,1764375,2,20.0,4,42.00848088796839,-51.44784997981345,977.9791,997.979140625,24.193913336235003,4,162.0,749.4117729496419,45265.375,1,41.06792387860933,45.3771374235326,19.300524061665072,197,230
2023,12,7,12,-3.875,-38.66339785018534,18.725079,0,0,0,0,0,1388750,1,20.0,2,43.977208473581925,-48.44982590424604,974.1041,994.104140625,25.091200331975674,2,162.0,664.8705546478496,45265.5,1,79.96055414094242,108.25171445675194,72.97083982180536,210,227
2023,12,7,15,-2.95875,-28.775131852953308,18.791601,0,0,0,0,1,1078125,2,18.0,3,45.42886987359997,-46.463442463254616,971.1454,989.145390625,24.610081248930218,3,162.0,585.8138322384505,45265.625,1,51.66846216256676,74.59687313861673,53.80579429591469,219,226
2023,12,7,18,-4.060625,-38.475953398772475,16.079414,0,0,0,0,1,732500,2,16.0,3,46.985382050063905,-44.567587232462316,967.0848,983.084765625,26.04283691016415,3,162.0,482.86850345578216,45265.75,1,47.93584826982805,75.00814828278939,57.692085761089835,228,226
2023,12,7,21,-4.791875,-44.31876618760501,21.916054,0,0,0,0,0,541875,2,16.0,4,48.512274387720296,-43.88108406943281,962.2929,978.292890625,29.874152488834213,4,162.0,415.31213511748194,45265.875,1,16.856375264612023,59.05119757374212,56.59422715994719,234,229
2023,12,8,0,-8.738516,-79.78854365362784,38.764454,0,0,1,0,0,521250,1,22.0,1,49.35705088841253,-43.63064055909281,953.5544,975.554375,37.46820383111299,1,162.0,407.33159486258967,45266.0,1,6.046209286348129,31.890033163448575,31.311620341839983,237,231
2023,12,8,3,-4.7407813,-42.65078843202396,34.32574,0,0,0,0,0,393750,1,22.0,1,50.36228798003262,-43.129781904251544,948.8136,970.81359375,41.21123906671853,1,162.0,354.02615395598616,45266.125,1,11.842728949843755,39.095906231239084,37.25908822102832,241,233
2023,12,8,6,-4.7171874,-41.93554880301433,36.79043,0,0,0,0,0,471875,1,26.0,3,51.19927699466578,-42.852414571701495,944.09644,970.09640625,45.87092243179844,3,162.0,387.55964385237047,45266.25,1,6.441968820823474,31.68476111097061,31.0229773614786,244,235
2023,12,8,9,-1.9045312,-16.811388379012662,37.381992,0,0,0,0,0,3246875,1,48.0,4,51.70989486234445,-43.06669930508152,942.1919,990.191875,48.474785839206746,4,162.0,1016.6181248153091,45266.375,1,-4.921490903297684,19.55546002047598,18.92603877997698,245,237
2023,12,8,12,0.59101564,5.192265002834024,31.815468,0,0,0,0,0,3325625,1,48.0,4,52.05587934129161,-43.53744678090215,942.7829,990.782890625,49.46035749789955,4,162.0,1028.8728372544244,45266.5,1,-10.7287780748692,16.720025434960718,12.82390625222827,245,239
2023,12,8,15,2.0467968,17.939906781932866,29.984102,0,0,0,0,0,3062500,1,44.0,4,52.227717061247965,-43.77591747782378,944.8297,988.8296875,47.8079129520338,4,162.0,987.3317712085736,45266.625,1,-5.414048956759659,8.359314357589838,6.369160888438701,245,240
2023,12,8,18,1.918125,16.85135364832531,27.07836,0,0,0,0,0,3100000,1,42.0,4,52.05587934129161,-43.53744678090215,946.7478,988.7478125,46.35953475704905,4,162.0,993.3582672781009,45266.75,1,5.434978715683829,8.372885050133766,-6.369160888438701,245,239
2023,12,8,21,1.3826562,12.204772808752404,28.50969,0,0,0,0,0,2815625,1,40.0,5,51.70989486234445,-43.06669930508152,948.1305,988.13046875,46.351660530833634,5,162.0,946.7002024327636,45266.875,1,10.811671932524357,16.773336625205918,-12.82390625222827,245,237
2023,12,9,0,0.63203126,5.579951550062293,27.347462,0,0,0,0,0,2582500,1,38.0,5,51.6971309865771,-42.58388971431868,948.7625,986.7625,46.33662822632701,5,162.0,906.6616133208902,45267.0,1,11.091830624553968,11.101915300860377,-0.47309274321689715,246,236
2023,12,9,3,2.2420313,19.754996996511963,24.717148,0,0,0,0,0,1736250,1,32.0,4,51.840575192262804,-41.84706299222469,951.0045,983.00453125,44.300087221900654,4,162.0,743.4147832042396,45267.125,1,16.873745524782876,17.691556803920022,5.316755976269618,248,235
2023,12,9,6,3.025625,26.601798811954467,22.200274,0,0,0,0,0,1383750,1,28.0,6,51.99874538410547,-41.590663979509856,954.03015,982.03015625,41.964234879161516,6,162.0,663.6725887113466,45267.25,1,5.8510524597397415,8.28278891610461,5.862574293100166,249,235
2023,12,9,9,3.0039845,26.475953259582308,19.681524,0,0,0,0,0,1225625,1,26.0,6,51.8206648653819,-41.3632111188031,957.0341,983.034140625,40.10798814155787,6,162.0,624.6027171362676,45267.375,1,5.211121486762458,8.409699661941545,-6.600550072097201,249,234
2023,12,9,12,3.715703,32.900931554344986,18.983593,0,0,0,0,0,1376875,1,26.0,7,51.48492132769948,-41.39369137740334,960.7498,986.74984375,38.60354699368008,7,162.0,662.0218459683235,45267.5,1,-0.7035185903985465,12.464196258331025,-12.444326014660529,248,233
2023,12,9,15,1.9739063,17.604760214327417,16.118671,0,0,0,0,0,1048750,1,22.0,5,50.96978396229939,-41.20170477960788,962.72375,984.72375,37.304561728200234,5,162.0,577.7780656404763,45267.625,1,4.481144951354571,19.612354748826263,-19.09355385251152,247,231
2023,12,9,18,2.0139844,18.136305272264742,15.48629,0,0,0,0,0,910625,1,20.0,4,50.29618128432216,-41.263540641821706,964.73773,984.737734375,36.863310947718105,4,162.0,538.3873513615586,45267.75,1,-1.4641380125087893,25.009960498509884,-24.967066788418528,245,229
2023,12,9,21,2.443125,22.235867844505762,13.399453,0,0,0,0,0,746250,1,18.0,6,49.57218343479618,-40.40778798908023,967.18085,985.180859375,35.935220970853116,6,162.0,487.37947491113516,45267.875,1,20.568973149164716,33.81120928918944,-26.83496258962012,245,225
2023,12,10,0,3.5634375,32.793308767724696,12.999686,0,0,0,0,0,698750,1,16.0,3,48.83726770912476,-39.581043002329686,970.7443,986.744296875,33.692046270412085,3,162.0,471.61322391438915,45268.0,1,20.169306965544024,33.8939311875309,-27.239633401988677,245,221
2023,12,10,3,2.230703,20.622299925819785,9.197696,0,0,0,0,0,819375,1,16.0,3,48.54016391134972,-38.04162141541563,972.975,988.975,31.343480162516826,3,162.0,510.700658891139,45268.125,1,37.77758386343442,39.34988157613126,-11.01214499980515,248,217
2023,12,10,6,1.365,12.712053303088753,11.263867,0,0,0,0,0,862500,1,16.0,3,48.068082820179015,-36.77591886815591,974.34,990.34,30.333041247067992,3,162.0,523.9678204179331,45268.25,1,31.349278718596377,35.90189236128307,-17.497674101003124,250,213
2023,12,10,9,1.9282813,17.96300233920973,10.330156,0,0,0,0,0,939375,1,16.0,4,48.049657197848546,-35.21006890001363,976.2683,992.26828125,29.322599120372942,4,162.0,546.820216647024,45268.375,1,38.7970666927742,38.80307717392996,-0.6829452411389634,254,210
2023,12,10,12,3.7777343,35.109779096404,8.28125,0,0,0,0,0,1190000,1,16.0,2,48.19856487038086,-33.82078010418212,980.046,996.046015625,26.8961398483242,2,162.0,615.4581744998688,45268.5,1,34.3228874246057,34.763814861653984,5.5192592413473385,258,208
2023,12,10,15,0.84914064,7.8610453350326805,7.976797,0,0,0,0,0,956875,1,14.0,2,48.44990987043816,-32.156117153117975,980.89514,994.89515625,25.331761643524953,2,162.0,551.8901814148488,45268.625,1,40.92369289000417,41.97068369323414,9.316096281282867,263,206
2023,12,10,18,1.6270312,15.041194305959403,6.18582,0,0,0,0,0,1078750,1,14.0,2,48.5414923626254,-30.746522390012423,982.5222,996.5221875,23.902597321298657,2,162.0,585.9836087475179,45268.75,1,34.59080514894926,34.75696261671372,3.394502833561994,267,204
2023,12,10,21,1.619375,14.955405145718906,6.9027343,0,0,0,0,0,861875,1,12.0,1,48.60662875019781,-29.331839578247514,984.14154,996.1415625,23.33100769944396,1,162.0,523.7779426003491,45268.875,1,34.67096285171058,34.754919166706216,2.414278612668407,271,202
2023,12,11,0,1.2573438,11.605053318621248,6.9000783,0,0,0,0,0,730625,1,10.0,1,48.64521799054376,-27.913773271134488,985.3989,995.39890625,22.31870734912546,1,162.0,482.25010170349583,45269.0,1,34.72731820906798,34.75676070269006,1.430309249846041,275,200
2023,12,11,3,0.8896094,8.196014994483614,6.1390233,0,0,0,0,0,1020625,1,10.0,1,48.76382973754737,-26.209181346456113,986.2885,996.288515625,21.476787255322073,1,162.0,569.9780939530319,45269.125,1,41.64556695264179,41.87697536132279,4.3963415024160435,280,198
2023,12,11,6,1.4865625,13.658414663605056,5.79082,0,0,0,0,0,1163750,2,10.0,1,48.942937951170784,-24.205885044496355,987.7751,997.775078125,20.462533049169036,1,162.0,608.6321796014292,45269.25,1,48.768152745501034,49.21792644910847,6.638641558431264,286,196
2023,12,11,9,1.7957032,16.412248020779373,4.2701173,0,0,0,0,0,1221875,2,10.0,0,49.29093959723349,-22.31002706674328,989.5708,999.57078125,19.837432761630797,0,162.0,623.6464480623772,45269.375,1,45.83013132147745,47.61067831126568,12.898672502042821,292,195
2023,12,11,12,2.1805468,19.865262950347397,3.5997267,0,0,0,0,0,1565000,0,10.6165625,0,49.507139246446485,-20.688717975044554,991.75134,1002.367890625,18.684336988868264,2,162.0,705.80094352277,45269.5,2,39.02134221951274,39.83566598526379,8.01343471160618,297,194
2023,12,11,15,-0.7622656,-6.496281131337184,9.770351,0,0,0,2,0,1349375,1,12.0,1,54.38485224325725,-15.769256597841764,989.60565,1001.605625,17.991600263468,1,273.0,655.3772979507701,45269.625,1,12.946385102343253,18.524088983959192,13.248886197241749,317,209
2023,12,11,18,0.3396875,2.905560035950259,8.164023,0,0,0,0,0,1638750,1,14.0,2,54.09325505475951,-16.02029230207122,989.9453,1003.9453125,18.991726686635822,2,273.0,722.2397981167245,45269.75,1,-5.456863516609388,12.107483042053895,-10.808042661588638,316,208
2023,12,11,21,1.0328907,8.893716414596954,7.738046,0,0,0,0,0,1237500,1,12.0,1,53.57372516094922,-16.166994287016177,990.9782,1002.978203125,19.613099154665704,1,273.0,627.6212903913004,45269.875,1,-3.228724578955852,19.525167633118013,-19.256362810629778,315,206
2023,12,12,0,0.44953126,3.8213265596561414,3.219961,0,0,0,0,0,1658125,1,14.0,1,54.58898461520107,-11.309932474020213,991.42773,1005.427734375,18.105879042283103,1,273.0,726.4967859725863,45270.0,1,104.29363967284853,110.87480704573828,37.63056684690956,329,207
2023,12,12,3,-0.19203125,-1.6297315852760486,3.1982422,0,0,0,0,0,1713125,1,14.0,0,54.72107529685362,-10.222168633636123,991.2357,1005.235703125,18.274536352430026,0,273.0,738.4474414395423,45270.125,1,23.285690929047032,23.79482317275565,4.895937885595152,332,207
2023,12,12,6,-0.10570312,-0.9001412154321955,3.6238675,0,0,0,0,0,1714375,1,14.0,0,54.4467413460252,-10.51820702182837,991.13,1005.13,18.72640583240972,0,273.0,738.7168003547341,45270.25,1,-6.380149678137985,12.00409173633896,-10.16818117949307,331,206
2023,12,12,9,1.3464062,11.532810617776384,4.43918,0,0,0,0,1,1862500,0,13.663828125,1,53.982561290811326,-10.385887121247508,992.4764,1006.140234375,18.28094307499965,0,273.0,769.9689363976381,45270.375,2,2.883960994491241,17.444860123010482,-17.204822396457754,331,204
2023,12,12,12,-0.58914065,-5.156336575150311,4.336055,0,0,1,0,0,1861875,1,14.0,0,52.33401250460318,-4.6915715658267905,991.88727,1005.887265625,18.97311534581831,0,273.0,769.8397361389221,45270.5,1,128.9362683410918,142.68212671709423,-61.10342045079727,346,195
2023,12,12,15,-0.42226562,-3.6925051474152992,3.9656644,0,0,0,0,0,1932500,1,14.0,0,52.400215678863425,-3.3052036167273573,991.465,1005.465,18.550430237953545,0,273.0,784.3046952876003,45270.625,1,31.352099393533212,31.447978698786663,2.45381903516828,350,195
2023,12,12,18,0.83820313,7.326270194737628,3.5758984,0,0,0,0,0,1658750,1,12.0,0,52.43479552752878,-2.2627898071394603,992.3032,1004.303203125,17.688590794463924,0,273.0,726.6336929343166,45270.75,1,23.555405678215212,23.59024999332027,1.2817012452414445,353,195
2023,12,12,21,0.64101565,5.600487606030074,2.95375,0,0,0,0,0,2319375,1,14.0,1,52.465074945862455,-0.17415076920659173,992.9442,1006.94421875,16.713286061669542,1,273.0,859.2322109113051,45270.875,1,47.16326869294318,47.17662010293094,1.1223059001510143,359,195
2023,12,13,0,0.54890627,4.811184812513016,2.426836,0,0,0,0,0,1943750,1,12.0,0,52.22628236227071,0.5192828765891616,993.4931,1005.493125,16.29814265809135,0,273.0,786.5842874541438,45271.0,1,15.743621528529784,18.06098031819544,-8.850841271916277,361,194
2023,12,13,3,0.38453126,3.2901954651575567,3.615039,0,0,0,0,0,2438750,1,12.0,0,54.06779954692434,3.0891563753365396,993.8777,1005.87765625,14.13364886468177,0,273.0,881.0665326357139,45271.125,1,55.89359704229196,88.22101212169402,68.25578942075151,368,202
2023,12,13,6,0.13984375,1.2228647944261584,2.6041017,0,0,0,0,0,1921250,1,10.0,0,52.400215678863425,3.3052036167273573,994.0175,1004.0175,14.511747707757129,0,273.0,782.0184581137505,45271.25,1,4.885886030629082,62.00176478833593,-61.80895529422769,369,195
2023,12,13,9,1.1742969,10.303554766545272,3.309922,0,0,0,0,0,720625,1,6.0,2,52.14887662317912,3.6302141592967025,995.1918,1001.191796875,14.189907997082681,2,273.0,478.93847384731384,45271.375,1,7.391873672112523,11.892238694235868,-9.315875953242966,370,194
2023,12,13,12,1.6327344,14.469917669323968,3.0792189,0,0,0,0,0,645625,1,4.0,4,51.42144887309752,3.9043398710941832,996.8245,1000.82453125,13.38518579246179,4,273.0,453.3308066604451,45271.5,1,6.335928705194804,27.696541032463443,-26.96209176984641,371,191
2023,12,13,15,1.4935937,13.291052130570092,2.7247655,0,0,0,0,0,287500,1,2.0,4,51.12919009957306,4.8895048067030435,998.3181,1000.318125,11.82255054314237,4,273.0,302.5129621649952,45271.625,1,22.91549096059896,25.34687702968931,-10.832564294427195,374,190
2023,12,13,18,2.8325782,25.29850897854603,3.0447657,0,0,0,0,3,625,1,0.0,4,50.87077772392904,5.194428907734806,1001.1507,1001.150703125,9.789808584027995,4,273.0,14.104739588693906,45271.75,1,7.132368093444197,11.941929721699676,-9.5780483845945,375,189
2023,12,13,21,0.0,,,0,3,0,0,0,0,0,,4,50.87077772392904,5.194428907734806,,,9.789808584027995,4,273.0,0.0,45271.875,0,0.0,0.0,0.0,375,189
