year,month,day,hour,time,id,pid,ptid,x,y,lat,lon,p_cent,p_edge,area,radius,depth,p_grad,DsqP,type,centers,Ege,Erg,Ely,Esp,Emg,Dp,u,v,uv,DpDt,precip,precipArea
2017,8,28,0,42973.0,16,16,604,524,601,20.12061269566962,145.73889710090543,1001.7469540149509,1007.7469540149509,2808750,945.5437022257206,6.0,8.227700015992234,2.0131246628868396,1,1,3,0,0,0,0,,,,,,13.660034463452513,4243.0
2017,8,28,3,42973.125,16,16,604,525,600,20.192243952493666,145.46620763957065,1000.0811296477991,1006.0811296477991,2414375,876.6524005870227,6.0,8.620811959223524,2.267739030892699,1,1,0,0,0,0,0,-1.6658243671517994,-9.486034444482595,2.655010782669043,9.8505802741767,-33.436078445547665,16.15512283819981,5018.0
2017,8,28,6,42973.25,15,15,604,525,601,19.965207479230685,145.5771509964796,998.7320576442429,1006.7320576442429,5920625,1372.8049642563599,8.0,8.776098951635035,2.667473989000064,1,1,0,0,0,0,0,-1.3490720035562118,3.8649753249627445,-8.415101330038906,9.260235669646505,-27.373436407888263,18.926291581927217,5270.0
2017,8,28,9,42973.375,20,20,604,520,604,20.046187826888374,146.71743470320337,999.1227223618063,1007.1227223618063,6191875,1403.8999346514192,8.0,9.739765046333135,3.8176735647015443,1,1,0,0,0,0,0,0.39066471756334065,39.70397841603153,3.0015346058159484,39.817271529458274,7.89609642807374,19.544960609057284,4629.0
2017,8,28,12,42973.5,16,16,604,518,605,20.1159012372059,147.15285654621096,998.7327218487087,1006.7327218487087,3002500,977.6121077742599,8.0,11.233864448931003,6.500037669069497,1,1,0,0,0,0,0,-0.3900005130974751,15.154404038617907,2.5839258487997685,15.373114016287472,-7.856479417499046,20.357636955195083,4467.0
2017,8,28,15,42973.625,15,15,604,516,605,20.41299551829981,147.48352654404263,994.8873244098681,1006.8873244098681,3884375,1111.9509720060332,12.0,14.164209808190162,14.547895958358131,1,1,0,0,0,0,0,-3.845397438840591,11.48661494492753,11.011792264251731,15.912318868224919,-76.38437262146373,21.886199867696856,5185.0
2017,8,28,18,42973.75,16,16,604,516,603,20.875314261260122,147.27072035781532,992.6427313855409,1006.6427313855409,5498750,1322.991491527107,14.0,15.589892962404788,15.07026460051609,1,1,0,0,0,0,0,-2.244593024327332,-7.369894718368988,17.135832903292155,18.65347467496051,-43.641450537231876,25.638810675055556,6340.0
2017,8,28,21,42973.875,14,14,604,516,602,21.105571163741313,147.16338648576982,992.4715638790344,1006.4715638790344,4458750,1191.328756062732,14.0,16.633539319661836,14.420457745629319,1,1,0,0,0,0,0,-0.1711675065064628,-3.711455210560911,8.534466460266332,9.306557770809285,-3.2933195350307374,25.758678664564187,5218.0
2017,8,29,0,42974.0,15,15,604,513,601,21.777501719126743,147.55952106965816,992.7332450732215,1008.7332450732215,6146250,1398.718033757027,16.0,17.468502177584096,12.768130774898308,1,1,0,0,0,0,0,0.26168119418711283,13.634832494603412,24.905089605440217,28.393170753033193,4.886697475304506,24.323128939470717,5016.0
2017,8,29,3,42974.125,17,17,604,510,600,22.442952213822355,147.96250632665524,989.8381811263483,1007.8381811263483,5779375,1356.3304164042938,18.0,19.598356123689335,14.424135500080808,1,1,0,0,0,0,0,-2.8950639468731243,13.805335051735147,24.664906314421383,28.265613019884267,-52.53933032495803,26.203430087136685,5838.0
2017,8,29,6,42974.25,13,13,604,509,596,23.503447631536798,147.70157406455016,987.2023352552097,1007.2023352552097,8341250,1629.4484766725657,20.0,21.926463501015913,20.563130576235345,1,1,0,0,0,0,0,-2.6358458711385904,-8.869065454811944,39.307236726549256,40.29539900681865,-45.79107639396741,31.588470068462183,7510.0
2017,8,29,9,42974.375,12,12,604,510,593,24.03971878855948,147.1966161332827,986.4988728816504,1006.4988728816504,5293750,1298.0958978386157,20.0,23.4848908322514,20.788611225941494,1,1,0,0,0,0,0,-0.703462373559305,-17.092857742445375,19.87687732224339,26.215568616510847,-11.96389582884989,27.702415151112607,6097.0
2017,8,29,12,42974.5,16,16,604,509,591,24.636535541491313,147.1460973674946,986.7924026504994,1006.7924026504994,3630625,1075.0180605580658,20.0,24.21858587218668,19.118662531952506,1,1,0,0,0,0,0,0.29352976884896637,-1.7020261361615592,22.12099835416614,22.18638008223059,4.878451932596136,28.13308592807763,6827.0
2017,8,29,15,42974.625,16,16,604,510,587,25.385773999349198,146.513831184487,984.7870150335286,1008.7870150335286,7413750,1536.1868111317315,24.0,25.072340833671838,17.25966400316167,1,1,0,0,0,0,0,-2.0053876169708382,-21.17207534461676,27.770505120263387,34.92073494405156,-32.408168805745916,27.58924957928125,6969.0
2017,8,29,18,42974.75,20,20,604,512,583,25.973306226894984,145.6932410819161,982.6917470401967,1006.6917470401967,5345000,1304.3643439056289,24.0,26.173788952966714,20.44211441767824,1,1,0,0,0,0,0,-2.095267993331945,-27.343121648474668,21.776867647755925,34.95537535245706,-33.146168234834064,28.084147738481366,6480.0
2017,8,29,21,42974.875,17,17,604,514,579,26.5439629963605,144.8593416102848,982.1329322985008,1006.1329322985008,4236250,1161.2236026476915,24.0,27.46838031504011,24.983037576063726,1,1,0,0,0,0,0,-0.5588147416958236,-27.650407150837058,21.151379206646354,34.812725517408325,-8.663498682709434,27.63014991333075,6547.0
2017,8,30,0,42975.0,20,20,604,517,576,26.727870614321784,143.96475955748144,981.4212046648894,1007.4212046648894,4888125,1247.372643760533,26.0,28.501011383532113,27.215290082812643,1,1,0,0,0,0,0,-0.7117276336114446,-29.614795031780943,6.816531362860292,30.389162288474736,-10.963769181557552,25.116456814348187,6367.0
2017,8,30,3,42975.125,20,20,604,519,573,27.052892777265605,143.23759900009543,979.5217823212681,1007.5217823212681,6337500,1420.312959769703,28.0,28.86273667028788,24.476450964432004,1,1,0,0,0,0,0,-1.8994223436212634,-24.003236307555966,12.046938522131196,26.856732507741548,-28.934064328096937,26.396210627473593,6859.0
2017,8,30,6,42975.25,18,18,604,522,570,27.20481870686031,142.33288271087437,977.714108504634,1005.714108504634,5066250,1269.8966339346796,28.0,29.582227446554953,27.411290283072958,1,1,0,0,0,0,0,-1.8076738166340511,-29.82370064669707,5.631130865563222,30.35066317379075,-27.394310344747755,25.05057024518793,6243.0
2017,8,30,9,42975.375,18,18,604,524,569,27.088621894844668,141.86089542979568,977.3903643301438,1005.3903643301438,3710625,1086.7974150782325,28.0,30.62329055375737,26.752042664466718,1,1,0,0,0,0,0,-0.3237441744902753,-15.575131370397258,-4.306831996136891,16.1596262038477,-4.925609329373594,23.156374745687827,5630.0
2017,8,30,12,42975.5,20,20,604,527,568,26.802109154794508,141.22309104571843,977.5304390805428,1007.5304390805428,4440625,1188.9048903654555,30.0,31.584774305056637,32.98051604536158,1,1,0,0,0,0,0,0.1400747503990715,-21.100496211458154,-10.619587704203125,23.622162969910736,2.1522376563934715,25.646133205091818,7132.0
2017,8,30,15,42975.625,21,21,604,528,568,26.63588058998697,141.05646896984345,975.9150236654965,1007.9150236654965,5175625,1283.5313025711457,32.0,32.17297476338654,33.853209057416244,1,1,0,0,0,0,0,-1.6154154150463,-5.520423141373828,-6.161257690001402,8.272615546634395,-24.964205265909182,26.738303442146318,8411.0
2017,8,30,18,42975.75,24,24,604,527,568,26.802109154794508,141.22309104571843,975.6768398284689,1005.6768398284689,2871875,956.1099332106501,30.0,31.658416100488793,27.67797346103005,1,1,0,0,0,0,0,-0.23818383702760912,5.512367126183975,6.161257690001402,8.267241840930698,-3.6596761495889414,28.314865736702956,8956.0
2017,8,30,21,42975.875,21,21,604,527,568,26.802109154794508,141.22309104571843,976.1734165183309,1006.1734165183309,4033125,1133.0417290263413,30.0,31.739654720296535,31.375822719987482,1,1,0,0,0,0,0,0.4965766898619768,0.0,0.0,0.0,7.629862256854344,31.172084963411795,8871.0
2017,8,31,0,42976.0,26,26,604,526,569,26.760529723255214,141.52409936487373,973.409727249462,1007.409727249462,4178750,1153.3158443767757,34.0,35.279352389531155,36.06740559564619,1,1,0,0,0,0,0,-2.7636892688689114,9.961921034564766,-1.5411406133113215,10.080425838668797,-42.52496946773037,30.055542625745097,8765.0
2017,8,31,3,42976.125,24,24,604,524,569,27.088621894844668,141.86089542979568,971.9359751547149,1007.9359751547149,5798750,1358.60202138384,36.0,35.51025571280951,36.6397231701242,1,1,0,0,0,0,0,-1.473752094747033,11.113953015360812,12.16072831751445,16.47432137722357,-22.42241757245245,29.477823433652183,9257.0
2017,8,31,6,42976.25,26,26,604,522,568,27.62192187870695,142.06798672654793,971.1782783452871,1005.1782783452871,3154375,1002.0323084766254,34.0,35.184491880750585,36.69694778661869,1,1,0,0,0,0,0,-0.7576968094278709,6.800989510501526,19.766750861703503,20.904016311479666,-11.322433989930751,19.99575444731478,5423.0
2017,8,31,9,42976.375,23,23,604,521,568,27.783604846481296,142.23934099833477,971.4015945613081,999.4015945613081,860625,523.3979803141439,28.0,35.40521834603673,43.13614191281144,1,1,0,0,0,0,0,0.2233162160210486,5.6190346762673835,5.992775247114234,8.215041439671523,3.3191781598596277,13.102547408078372,2672.0
2017,8,31,12,42976.5,20,20,604,522,566,28.036582057682843,141.79991027468387,970.9961031342307,1004.9961031342307,2404375,874.8350316449105,34.0,36.359550033822565,44.56779090951255,1,1,0,0,0,0,0,-0.40549142707750435,-14.376106389619752,9.3765941474338,17.163710342794637,-5.976843777959846,21.404983255577733,5251.0
2017,8,31,15,42976.625,20,20,604,522,566,28.036582057682843,141.79991027468387,969.4721007990061,1005.4721007990061,3063750,987.5332469317622,36.0,37.04943873929089,42.12186442172839,1,1,0,0,0,0,0,-1.52400233522465,0.0,0.0,0.0,-22.46341911722516,23.560550923683962,5604.0
2017,8,31,18,42976.75,21,21,604,523,566,27.873530408914256,141.62896138850655,967.9935244696866,1003.9935244696866,2672500,922.324872713612,36.0,37.76286658993374,45.04672086961415,1,1,0,0,0,0,0,-1.478576329319476,-5.601098857873146,-6.043505374699091,8.239919030529649,-21.91103022704889,26.555053777054443,6695.0
2017,8,31,21,42976.875,25,25,604,522,567,27.829557687306647,141.93434890126957,967.5310129519067,1003.5310129519067,1921875,782.1456466090397,36.0,38.96678590218324,43.207975416719854,1,1,0,0,0,0,0,-0.4625115177797852,10.010004597481489,-1.6298478511733239,10.141824099222726,-6.863922935809647,23.331920807713146,4975.0
2017,9,1,0,42977.0,23,23,2,521,569,27.575057635693813,142.37197938632804,968.9229210771617,1006.9229210771617,3681875,1082.57896349086,38.0,38.46354906009652,50.46115250040646,1,1,0,0,0,0,0,1.391908125254995,14.37816106299963,-9.433038190041716,17.196328824733033,20.832166364133496,20.796012763237712,5219.0
2017,9,1,3,42977.125,26,26,2,519,570,27.685768616060866,142.84807315387567,967.4737469168089,1005.4737469168089,2796875,943.5427721732012,38.0,39.38230938593698,53.70973366565019,1,1,0,0,0,0,0,-1.4491741603528498,15.626040748190965,4.103499780220517,16.15586147224574,-21.60933113376746,21.09231427408136,6709.0
2017,9,1,6,42977.25,20,20,2,518,570,27.84454642679769,143.02138184040606,966.148434259946,1004.148434259946,2583750,906.8810111736651,38.0,39.92706297745265,49.449590949959386,1,1,0,0,0,0,0,-1.3253126568628069,5.67993562763875,5.885095672554941,8.178998704563103,-19.65862072245745,18.855820580607716,6521.0
2017,9,1,9,42977.375,23,23,2,517,569,28.21290995156168,143.06452155923978,965.8183871006156,1003.8183871006156,1983750,794.6365437840717,38.0,41.17057030983885,50.20345985198066,1,1,0,0,0,0,0,-0.3300471593304246,1.4090097981312397,13.653385038221007,13.725896386507772,-4.836884272982487,18.344685761976482,5764.0
2017,9,1,12,42977.5,21,21,2,515,569,28.527200458539514,143.41559065215094,969.3001811711362,1005.3001811711362,2058125,809.3957835954017,36.0,38.960509644889456,46.93594807371752,1,1,0,0,0,0,0,3.4817940705205546,11.432538102077942,11.649169956160483,16.3219511126267,50.510455450412934,17.257670686797333,5069.0
2017,9,1,15,42977.625,20,20,2,515,569,28.527200458539514,143.41559065215094,968.1469147887053,1006.1469147887053,3115000,995.7586532199999,38.0,39.03887415233645,41.62073965261421,1,1,0,0,0,0,0,-1.1532663824308838,0.0,0.0,0.0,-16.730458221363143,19.810107711401574,5768.0
2017,9,1,18,42977.75,19,19,2,513,569,28.838377255688805,143.76988231067764,967.6575462250183,1003.6575462250183,2059375,809.6415391145295,36.0,39.0139316836103,37.13859433943267,1,1,0,0,0,0,0,-0.48936856368702136,11.503250019423474,11.533760377501329,16.289640556347024,-7.029152002581559,18.683261833013624,5582.0
2017,9,1,21,42977.875,22,22,2,510,569,29.299264507833225,144.30739934219332,968.6700128043931,1004.6700128043931,2014375,800.7468245216295,36.0,39.14327417477051,36.47837494245999,1,1,0,0,0,0,0,1.012466579374741,17.374394525950528,17.082774731203642,24.365770614951405,14.333850063879586,14.161875566316539,3732.0
2017,9,2,0,42978.0,21,21,2,507,568,29.965900929144176,144.72311139255262,972.3931088874131,1006.3931088874131,2571250,904.6846383409369,34.0,36.04009209859809,32.517163241324525,1,1,0,0,0,0,0,3.7230960830200637,13.348603981344723,24.708862655420777,28.084036782044343,51.64197505979475,10.156761687774472,2594.0
2017,9,2,3,42978.125,20,20,2,504,566,30.839355936071286,145.01729164590887,972.4277789629581,1004.4277789629581,1736250,743.4147832042396,32.0,35.47829306758171,29.831453162337347,1,1,0,0,0,0,0,0.034670075545000144,9.362073129807985,32.374588474194134,33.70107405055952,0.4685641461224605,9.095810223232872,2341.0
2017,9,2,6,42978.25,19,19,2,501,565,31.494666123456643,145.45008260766542,972.7526153595995,1004.7526153595995,2319375,859.2322109113051,32.0,34.730280047176684,25.650657174065785,1,1,0,0,0,0,0,0.3248363966414763,13.678301689336905,24.289056071915635,27.875691596248846,4.307905659762271,11.178885201741531,3181.0
2017,9,2,9,42978.375,21,21,2,497,563,32.50136612974866,145.95406264339834,973.5492534252537,1005.5492534252537,2190000,834.9243383340204,32.0,35.19233927767882,22.440009049596554,1,1,0,0,0,0,0,0.7966380656541151,15.75430472381924,37.31331111757245,40.50285550288657,10.27185535797215,11.612870399463691,2671.0
2017,9,2,12,42978.5,19,19,2,493,561,33.49807487984142,146.47429168902937,974.4827229934167,1006.4827229934167,2010625,800.0011343168733,32.0,35.51121218456453,23.418233889059703,1,1,0,0,0,0,0,0.9334695681629819,16.079558041603963,36.94298545085144,40.29064855317089,11.717995661834816,13.991490403387827,3427.0
2017,9,2,15,42978.625,19,19,2,488,559,34.622971843172245,147.2139989017624,973.3451401215035,1007.3451401215035,2360000,866.7244841319219,34.0,36.69712622361228,18.512107683708965,1,1,0,0,0,0,0,-1.1375828719131824,22.5618245103723,41.694278440085995,47.407265053747366,-13.871471010988014,14.602903168005152,3016.0
2017,9,2,18,42978.75,22,22,2,482,557,35.86530240061562,148.19061071220688,971.8452220653407,1007.8452220653407,2580000,906.2226582657155,36.0,38.67888762425637,18.50330983977794,1,1,0,0,0,0,0,-1.4999180561627146,29.334689188124436,46.04695173440316,54.59712221165434,-17.736920529358148,15.579800004290249,3202.0
2017,9,2,21,42978.875,19,19,2,476,554,37.29870507514102,149.07958368622084,971.031589678342,1009.031589678342,2400625,874.1525441934963,38.0,40.94834047861071,22.018876141264773,1,1,0,0,0,0,0,-0.8136323869987973,26.211016233122752,53.12903508198896,59.24282016173975,-9.302451619070233,15.910918270758383,3016.0
2017,9,3,0,42979.0,21,21,2,470,551,38.70863053378742,150.0140439145527,975.9536460196545,1009.9536460196545,2342500,863.5050135265745,34.0,36.68167035194647,19.52341488521277,1,1,0,0,0,0,0,4.922056341312418,27.027409492657426,52.25885264949417,58.83424635469832,54.53018323294313,15.178839606580947,2725.0
2017,9,3,3,42979.125,16,16,2,464,548,40.09459924695276,150.99703696806867,975.4858702761455,1009.4858702761455,2271875,850.3883069949867,34.0,36.67961354145418,15.274171300808375,1,1,0,0,0,0,0,-0.4677757435088279,27.87168582947634,51.370896464024426,58.44484472128016,-5.031966066251712,12.153377074841137,1622.0
2017,9,3,6,42979.25,16,16,2,456,545,41.68563967317937,152.51584403920776,974.8431548418686,1010.8431548418686,3148750,1001.1384789933963,36.0,37.09146424557328,12.518743422500995,1,1,0,0,0,0,0,-0.6427154342770518,42.04049845600615,58.971874494265094,72.42296246216948,-6.69559984547055,11.886496841647416,2598.0
2017,9,3,9,42979.375,15,15,2,448,541,43.44849942137877,154.0059841960368,973.9147956598678,1009.9147956598678,2394375,873.0138794608674,36.0,38.65888321207326,14.158389137904305,1,1,0,0,0,0,0,-0.9283591820007132,40.09750647433343,65.34035346189256,76.6627146400665,-9.35268234878486,12.045315803964622,2576.0
2017,9,3,12,42979.5,12,12,2,441,536,45.28356718758314,155.21456739256618,972.7035223144762,1010.7035223144762,2751250,935.8151924195046,38.0,39.969711882610014,16.416483675639174,1,1,0,0,0,0,0,-1.211273345391528,31.518179972702452,68.0167418836296,74.96447722258827,-11.809703056187962,12.649418748628975,2869.0
2017,9,3,15,42979.625,13,13,2,436,531,46.888734760179645,155.960063411719,970.9790839823554,1008.9790839823554,2447500,882.6457083308272,38.0,40.60330005715637,14.216360091702882,1,1,0,0,0,0,0,-1.7244383321209171,18.88397409994279,59.495496829030984,62.42049840189156,-16.365482594820005,14.18270692505077,3330.0
2017,9,3,18,42979.75,15,15,2,431,527,48.255341247326804,156.88402771245472,969.6978047304576,1007.6978047304576,2313750,858.1896638609356,38.0,41.019852048091806,12.923463722987579,1,1,0,0,0,0,0,-1.281279251897795,22.80173963933195,50.653236030102086,55.54880422566371,-11.897509291661152,15.038584235546912,3338.0
2017,9,3,21,42979.875,15,15,2,427,523,49.512556328385706,157.56700907787462,968.5499864850633,1004.5499864850633,1858750,769.1934093218174,36.0,41.10003437188764,16.93587284214591,1,1,0,0,0,0,0,-1.1478182453943009,16.43629927758385,46.598646238259164,49.41240497264557,-10.45603330330848,14.2938452177049,3050.0
2017,9,4,0,42980.0,14,14,2,428,520,50.08195870711038,156.88763331819624,965.5811624565732,1003.5811624565732,1955000,788.8572922204058,38.0,42.68349079040845,25.789380700866744,1,1,0,0,0,0,0,-2.968824028490053,-16.158399003131358,21.104885244509365,26.58025657378622,-26.818259324909995,10.734701629754886,2385.0
2017,9,4,3,42980.125,14,14,2,428,519,50.301686703992374,156.75806926805745,961.6172396233666,1001.6172396233666,2005000,798.8812939345246,40.0,45.07316254630996,38.252613046417174,1,1,0,0,0,0,0,-3.9639228332065977,-3.0674380885481543,8.144212831682767,8.70272250935431,-35.69301752762401,8.603505407247903,2749.0
2017,9,4,6,42980.25,13,13,2,426,519,50.487865967385126,157.36738281991705,961.73819716884,1003.73819716884,3837500,1105.2213299743617,42.0,44.08819217383536,33.032526212453156,1,1,0,0,0,0,0,0.12095754547335673,14.368962535076767,6.9007298452316395,15.94011156583637,1.0862339256684854,7.666152234943005,3625.0
2017,9,4,9,42980.375,13,13,2,425,518,50.79978878376978,157.54717766764045,962.2324451413821,1004.2324451413821,4020625,1131.2845292576503,42.0,43.75352707757602,31.567795750300647,1,1,0,0,0,0,0,0.49424797254207076,4.211919188623355,11.561411562218536,12.304734883876778,4.418717398649593,6.955486154894601,4304.0
2017,9,4,12,42980.5,12,12,2,422,519,50.84571060300909,158.60229393238427,963.2241209501755,1003.2241209501755,3543750,1062.0784618679584,40.0,42.84319536710906,31.30317404485744,1,1,0,0,0,0,0,0.9916758087933704,24.692916416940353,1.702091107233292,24.751509758221317,8.860074860364811,5.450840681646052,3680.0
2017,9,4,15,42980.625,13,13,2,417,519,51.26525500785008,160.17568711906048,963.625677955776,1001.625677955776,3265625,1019.5492739779385,38.0,41.438451319955156,27.160054901751572,1,1,0,0,0,0,0,0.4015570056006254,36.48965901830037,15.55040310680962,39.66497512990654,3.5665208549521554,6.577894116436309,4151.0
2017,9,4,18,42980.75,18,18,2,412,520,51.42708733524293,161.88693419247673,964.764599684007,1002.764599684007,3951875,1121.570720669262,38.0,39.77875536439995,26.084290863684505,1,1,0,0,0,0,0,1.1389217282309254,39.54667998324612,5.998311257722394,39.998995432908046,10.092768547496831,6.4566843464549315,4129.0
2017,9,4,21,42980.875,17,17,2,408,519,51.94025788490115,163.08678228972624,965.6243784612925,1001.6243784612925,3520625,1058.6074546524826,36.0,38.854113268585806,24.365844189012787,1,1,0,0,0,0,0,0.8597787772855372,27.41612219778983,19.020653875131035,33.36808400555359,7.565356032128443,3.5424382023366636,3157.0
2017,9,5,0,42981.0,20,20,2,404,519,52.20620139252341,164.41106432481385,967.6128578159696,1001.6128578159696,3526875,1059.5466860098504,34.0,36.4382967776643,22.77244433732747,1,1,0,0,0,0,0,1.9884793546771107,30.079608686731525,9.857189607217792,31.653547126657653,17.43383567864191,3.307030832847982,3191.0
2017,9,5,3,42981.125,21,21,2,400,519,52.45065360495357,165.75264555113165,968.1862944963822,1000.1862944963822,3161875,1003.2228423323371,32.0,35.11098210472904,20.45529177448072,1,1,0,0,0,0,0,0.5734366804125602,30.30460340154024,9.06061527642426,31.630108069875718,5.011026506637063,3.5441852921442765,3304.0
2017,9,5,6,42981.25,21,21,2,395,519,52.72546455407871,167.45217610186432,968.6592662235142,998.6592662235142,2736875,933.3672212742753,30.0,34.25937266078604,18.796065763129445,1,1,0,0,0,0,0,0.47297172713209873,38.14990261701419,10.185861109697077,39.486286685806576,4.1179694549833945,3.6609297322780856,3877.0
2017,9,5,9,42981.375,18,18,2,391,518,53.152648281226774,168.75960120484459,969.8056857812697,999.8056857812697,2843125,951.3121439129693,30.0,33.43975630756663,17.01338214109295,1,1,0,0,0,0,0,1.1464195577554346,29.060146540243014,15.833554401325896,33.093708796690414,9.925356146977522,3.2058252632653264,3424.0
2017,9,5,12,42981.5,18,18,2,388,519,53.051671605977134,169.86911202917545,971.0260803155788,1001.0260803155788,3085000,990.9520668917313,30.0,32.39486368438364,15.500209039550683,1,1,0,0,0,0,0,1.2203945343091618,24.719160007854146,-3.7426979990649762,25.0008931801666,10.579798416936107,3.0596770936942734,3290.0
2017,9,5,15,42981.625,17,17,2,384,519,53.20689216086346,171.26733497618525,971.6978001725566,1001.6978001725566,3301250,1025.095367155778,30.0,31.42567184781379,14.705059681881613,1,1,0,0,0,0,0,0.6717198569777247,31.03897151209105,5.7532460714376,31.56766689014112,5.811428315227387,2.8251742638821393,3265.0
2017,9,5,18,42981.75,15,15,2,380,520,53.10432579996165,172.7212582796095,973.6811182478059,1001.6811182478059,3095000,992.5568486181696,28.0,29.834850458706978,10.90296236363014,1,1,0,0,0,0,0,1.9833180752492625,32.35261589762686,-3.8016196588922004,32.57520633012558,17.181837505856546,2.2338625519047803,2883.0
2017,9,5,21,42981.875,15,15,2,377,520,53.1878257575291,173.77737808807652,975.4673773352812,1001.4673773352812,2721875,930.8059526327199,26.0,28.47025773627816,10.832993423000007,1,1,0,0,0,0,0,1.7862590874753368,23.455258402254568,3.094923885512083,23.658565057366577,15.457785456278252,1.7538407832285556,2302.0
2017,9,6,0,42982.0,15,15,2,373,521,53.04290210095057,175.22167837633523,976.4607978154719,1000.4607978154719,2305625,856.6815226981975,24.0,27.613166657345158,9.908708329492729,1,1,0,0,0,0,0,0.993420480190689,32.18437035661442,-5.371591787436684,32.6295524575894,8.61311512481615,1.4676777278340998,1859.0
2017,9,6,3,42982.125,14,14,2,369,522,52.873703979157206,176.6542088088024,976.8763564626607,998.8763564626607,2016250,801.1194093380013,22.0,27.055303128177464,9.899255185368165,1,1,0,0,0,0,0,0.41555864718888186,32.047259027958454,-6.271324247070198,32.65511168281247,3.610998971991862,1.2775184889389137,1699.0
2017,9,6,6,42982.25,15,15,2,364,522,52.924686137473714,178.41375303988013,977.9404826071873,997.9404826071873,1874375,772.4196352474105,20.0,26.170720352144624,9.84269903627639,1,1,0,0,0,0,0,1.0641261445265264,39.316296519927086,1.8896524513952258,39.36168134658242,9.240508803532826,1.2923306419621456,1749.0
2017,9,6,9,42982.375,15,15,2,361,522,52.93780544546919,179.47113090221058,979.4562484722078,997.4562484722078,1643750,723.3407740578475,18.0,25.507743854041504,9.448099934999627,1,1,0,0,0,0,0,1.5157658650205121,23.619893242095472,0.4862668300613381,23.624898141537145,13.160117639889755,1.4467151468748227,1886.0
2017,9,6,12,42982.5,16,16,2,358,523,52.70080649347187,-179.4743653935424,980.5010083718848,996.5010083718848,1468125,683.607125221481,16.0,24.72945481573408,9.715739791460146,1,1,0,0,0,0,0,1.0447598996770102,-23.684500783227247,-8.78436036072647,25.261048361020066,9.099274169511009,1.609233358180481,1990.0
2017,9,6,15,42982.625,17,17,2,354,523,52.680510207465645,-178.07334554753587,981.6066724103874,995.6066724103874,1330625,650.8080303002619,14.0,23.24198599088875,7.033264131495597,1,1,0,0,0,0,0,1.1056640385025822,31.48178351852689,-0.7522813445395229,31.49077040544949,9.63231501122532,1.7388476015508088,2031.0
2017,9,6,18,42982.75,13,13,2,349,524,52.38581532512991,-176.34777721969368,983.3059907717761,995.3059907717761,1173750,611.2415471057446,12.0,21.872450898135696,5.221253396071479,1,1,0,0,0,0,0,1.699318361388723,39.03537285287334,-10.922858607949793,40.534789674205825,14.862580194653903,1.3844200488079237,1585.0
2017,9,6,21,42982.875,16,16,2,345,524,52.313883179529476,-174.96263149796854,985.6287959634406,995.6287959634406,1018750,569.4542971562659,10.0,20.419168131401324,4.021081420103874,1,1,0,0,0,0,0,2.3228051916643744,31.38571561504407,-2.666163217808598,31.49875507019947,20.335408372216943,1.164715190258441,1301.0
2017,9,7,0,42983.0,16,16,2,340,524,52.19186334129868,-173.23964673600372,987.0097897673809,995.0097897673809,840000,517.0882945826411,8.0,19.227208992026693,3.343486590147805,1,1,0,0,0,0,0,1.3809938039403642,39.147952983782105,-4.522662320418329,39.40833284071969,12.110104652431623,1.1564967005736668,1176.0
2017,9,7,3,42983.125,19,19,2,335,523,52.26934331740422,-171.47780262380184,987.9799235232204,995.9799235232204,915625,539.8633989603604,8.0,18.180235298761573,2.8890343623915395,1,1,0,0,0,0,0,0.970133755839488,39.96102776907455,2.87179341982617,40.06408538587776,8.498313286536098,0.9624040339660401,1023.0
2017,9,7,6,42983.25,15,15,2,331,523,52.11737912248838,-170.11201118442222,989.6194014142761,997.6194014142761,1020000,569.8035485213009,8.0,17.43320242811382,2.7789029327662864,1,1,0,0,0,0,0,1.6394778910557215,31.084399449374708,-5.63254916875553,31.590591942328896,14.391311743303426,0.8386846949344392,999.0
2017,9,7,9,42983.375,17,17,2,326,521,52.3613453898318,-168.281305522836,991.2310434501042,997.2310434501042,775625,496.87936712174184,6.0,16.554444269969224,2.609603334782369,1,1,0,0,0,0,0,1.6116420358281176,41.436592048414724,9.042603733666079,42.4117889609818,14.100386646329405,1.0247585202099214,1230.0
2017,9,7,12,42983.5,21,21,2,321,519,52.56471001775136,-166.4295656148385,992.2936183170918,998.2936183170918,862500,523.9678204179331,6.0,15.800158752749285,1.6096075119724262,1,2,0,0,0,0,0,1.0625748669877066,41.71948540152549,7.537704961204651,42.39495793429058,9.271234680385751,1.0350236767913015,1227.0
2017,9,7,15,42983.625,19,18,2,316,517,52.72691545812875,-164.56035446468073,993.0693878963596,998.9416937163024,875625,527.9394795709843,5.872305819942849,15.152721582135714,1.7234854496883782,2,0,0,0,0,0,0,0.7757695792676532,41.957176661158286,6.012140681370896,42.38573473408525,6.754175102560014,1.074516878768271,1315.0
2017,9,7,18,42983.75,17,17,2,306,503,55.147587851239784,-159.55342308342952,994.0746490825971,1000.0746490825971,911250,538.5720785419342,6.0,12.61379279448657,3.077592950158942,1,1,0,0,0,0,1,1.0052611862376215,106.03067282328352,89.7221630608296,138.89769661039125,8.486992896698387,0.847495689273412,1038.0
2017,9,7,21,42983.875,19,19,2,306,505,54.70587078423805,-159.81164631700645,994.7818484821757,1000.7818484821757,926250,542.98667762454,6.0,13.285047942000974,1.515956794652884,1,1,0,0,0,0,0,0.7071993995785306,-5.529893662061777,-16.372232287635434,17.280906052461578,6.002989953453862,0.8973276714497836,1074.0
2017,9,8,0,42984.0,19,19,2,305,505,54.62386380070975,-159.46553511066276,995.3323126598527,999.3323126598527,583125,430.8299576177624,4.0,13.059783292787166,2.0986612206821156,1,1,0,0,0,0,0,0.5504641776770586,7.427004925139612,-3.0395868392571908,8.024929302581649,4.677302803084899,1.3128180270721748,1463.0
2017,9,8,3,42984.125,21,21,2,298,505,54.01244974780953,-157.08717160322837,995.7299433407763,999.7299433407763,693125,469.7111238422398,4.0,13.183388444176098,1.2367007220008235,1,1,0,0,0,0,0,0.3976306809236121,51.79767957594805,-22.66204692056432,56.538199299963956,3.4046644394056034,1.49584632961303,1407.0
2017,9,8,6,42984.25,20,20,2,290,492,55.97681192621701,-152.32171802591967,996.0409972814427,1000.0409972814427,751875,489.21288379849284,4.0,11.37737237436547,2.174419334790073,1,1,0,0,0,0,0,0.3110539406663156,98.81072037829024,72.80903611045528,122.73839741910534,2.6001638615748406,1.6898925414959463,1420.0
2017,9,8,9,42984.375,24,24,2,283,484,56.79678821248751,-148.43102887068167,996.3962187449479,1000.3962187449479,708125,474.76645643294637,4.0,11.080370076031175,2.0618304572917987,1,1,0,0,0,0,0,0.3552214635051496,78.95930113589657,30.39240100070864,84.60655574160357,2.9412544668729996,2.4406136986256,1905.0
2017,9,8,12,42984.5,24,24,2,283,479,57.787763285831375,-147.373954628054,995.4566966074925,999.4566966074925,591875,434.0503011000351,4.0,11.312046275048399,2.9379839666338374,1,1,0,0,0,0,0,-0.9395221374553512,20.88519040083519,36.730466862352486,42.25302798623446,-7.693368695331532,2.4007726885771294,1746.0
2017,9,8,15,42984.625,20,20,2,284,478,58.110280245682,-147.4975327234405,994.4771963168529,1000.4771963168529,811250,508.1622724746498,6.0,12.160618130090175,3.5688979033062065,1,1,0,0,0,0,0,-0.979500290639553,-2.4197709389148048,11.954083230738613,12.19653218272484,-7.992515508673034,5.512994248029135,3018.0
2017,9,8,18,42984.75,17,17,2,285,480,57.83884350821881,-148.27326971414305,994.2080092719096,1004.2080092719096,2410625,875.971329086632,10.0,12.891381014138952,4.087490538445272,1,1,0,0,0,0,0,-0.2691870449432463,-15.305035135334576,-10.060796036952635,18.31566863073766,-2.2030278514534367,6.37144319530391,3777.0
2017,9,8,21,42984.875,18,18,2,285,481,57.639870474301816,-148.48467658863026,994.2420858610011,1004.2420858610011,2424375,878.4660097674965,10.0,12.735744160827261,4.19560707249082,1,1,0,0,0,0,0,0.03407658909141901,-4.1940200008330315,-7.374930636881584,8.484067754691855,0.2794949336388253,6.26740460667927,3576.0
2017,9,9,0,42985.0,19,19,2,284,482,57.318216320790306,-148.353370207241,994.5891396799344,1004.5891396799344,2795000,943.2264478287783,10.0,11.93511548130895,2.9432283993095187,1,2,0,0,0,0,0,0.34705381893334564,2.6279755793141426,-11.922103334876793,12.208308792496684,2.8567296904828847,6.6883375217592205,3307.0
2017,9,9,3,42985.125,20,20,2,283,482,57.194870982206936,-148.01564276510592,994.5992180797316,1004.5992180797316,2906875,961.9184219051565,10.0,11.62280032495397,2.313076020567678,1,2,0,0,0,0,0,0.010078399797203019,6.781962159869235,-4.571791958575461,8.179015371693186,0.083074000928398,4.408497161948197,1945.0
2017,9,9,6,42985.25,19,19,2,281,483,56.7471225078416,-147.55883694094757,995.3940745899291,997.3940745899291,310000,314.1274657157109,2.0,11.447826033911738,2.8893103654614243,1,1,0,0,0,2,0,0.7948565101974236,9.284118918084634,-16.595786254088807,19.016176941660486,6.585196635681451,3.9493781966439365,1583.0
2017,9,9,9,42985.375,20,20,2,275,474,57.69074369127519,-143.5729983636114,996.1321407223913,998.1321407223913,336875,327.46090286958605,2.0,9.851322792361744,1.1672707251922838,1,1,0,0,0,0,0,0.7380661324622634,78.9513475314786,34.975296090716604,86.35152930706907,6.050189798083909,3.7647097119807063,1432.0
2017,9,9,12,42985.5,20,20,2,281,470,59.26701208069027,-144.6097381250528,996.2456273692421,1006.2456273692421,3738125,1090.8171905918896,10.0,9.339927500199874,2.433887630373356,1,3,0,0,0,0,2,0.11348664685079711,-19.63731913165354,58.424349311049035,61.63626282553057,0.9147240604566841,3.9390134520615305,1984.0
2017,9,9,15,42985.625,20,20,2,283,470,59.53418968008467,-145.30484646876604,996.479878886242,998.479878886242,268125,292.14181185347104,2.0,9.521695433566984,4.005860541375223,1,1,0,0,0,2,0,0.23425151699979324,-13.06299799053227,9.90293118857656,16.392375136822988,1.882912303990566,0.2549104147940641,258.0
2017,9,9,18,42985.75,18,18,2,284,471,59.4736759499365,-145.8968907553255,997.0817749266847,1005.0817749266847,2975625,973.2270316198797,8.0,9.46807302048709,3.9783879861282916,1,2,0,0,0,0,2,0.6018960404428071,-11.14612514658435,-2.2429399282715363,11.369559591521332,4.841047144937109,2.7630300055588872,1924.0
2017,9,9,21,42985.875,22,22,2,284,471,59.4736759499365,-145.8968907553255,997.9035839511707,997.9035839511707,625,14.104739588693906,0.0,9.071086493028416,3.7197463747303123,1,1,0,0,0,2,0,0.8218090244859922,0.0,0.0,0.0,6.6098062860566325,2.6488631212348075,1710.0
2017,9,10,0,42986.0,23,23,202,300,466,62.40866511392383,-150.80854318463128,,,0,0.0,,9.537913099186056,,0,0,0,0,3,0,3,-0.3298861210413452,-84.29849010103615,108.78530159738192,137.6244065453066,,0.0,0.0
