year,month,day,hour,Dp,DpDt,DsqP,Ege,Ely,Emg,Erg,Esp,area,centers,depth,id,lat,lon,p_cent,p_edge,p_grad,pid,ptid,radius,time,type,u,uv,v,x,y
2023,6,9,21,,,6.1240234,3,0,0,0,3,625,1,0.0,12,62.69019077577191,98.33137475637572,998.9807,998.980703125,11.131181004047306,12,223.0,14.104739588693906,45084.875,1,-91.8858634773344,101.19673943954619,-42.400096299655615,479,377
2023,6,10,0,-0.85710937,-6.64684993124892,8.821367,0,0,3,0,0,152500,1,2.0,12,63.30234808485845,99.5021940036166,998.1236,1000.12359375,12.562396651306319,12,223.0,220.32307560268868,45085.0,1,19.496961446063846,29.915702537934838,22.689595692936024,476,379
2023,6,10,3,-1.5729687,-12.163312022515534,10.439179,0,0,0,0,0,376875,1,4.0,11,63.63207130673342,101.1173423438472,996.5506,1000.550625,13.96219372945775,11,223.0,346.3568078665642,45085.125,1,26.587551975613945,29.26183927575028,12.2211831564652,474,382
2023,6,10,6,-2.700547,-20.827416383544755,13.189023,0,0,0,0,0,696250,1,8.0,9,63.93969352955267,102.77124256490144,993.8501,1001.850078125,16.24824492130123,9,223.0,470.768794904106,45085.25,1,26.930151168819673,29.244467473711666,11.402010166874083,472,385
2023,6,10,9,-0.9565625,-7.366878860021213,8.883047,0,0,0,0,0,1385625,1,12.0,11,64.10580907573848,105.43046866673224,992.8935,1004.893515625,16.930151363033314,11,223.0,664.1220791717552,45085.375,1,43.04088089800375,43.479040041495075,6.157068657550277,470,390
2023,6,10,12,-0.25414062,-1.9474375563371316,17.072304,0,0,0,0,0,1243750,1,12.0,14,64.70644374641427,106.33181160846827,992.6394,1004.639375,17.638021359040927,14,223.0,629.2041965380473,45085.5,1,14.273762821909376,26.445408468756316,22.262509381991194,467,391
2023,6,10,15,-0.41835937,-3.188394162509388,15.590547,0,0,0,0,0,958750,1,12.0,13,65.37737539457729,108.43494882292202,992.221,1004.221015625,18.416826805235083,13,223.0,552.4306321871637,45085.625,1,32.47670222740191,40.904240013226364,24.868065133666853,463,394
2023,6,10,18,-0.16304688,-1.2371980583622948,11.220977,0,0,0,0,0,951875,1,12.0,13,65.93009704013798,111.15318202476097,992.058,1004.05796875,18.12005126805222,13,223.0,550.4463851377315,45085.75,1,41.08827410306556,45.912390847463904,20.486614277660415,459,398
2023,6,10,21,-0.21429688,-1.6202473327782982,12.150586,0,0,0,0,0,901250,1,12.0,14,66.39629339404021,112.76726280611052,991.8437,1003.843671875,18.166936291803438,14,223.0,535.6087983996728,45085.875,1,23.95410846793861,29.536119986896367,17.279556458039387,456,400
2023,6,11,0,0.03109375,0.2344701948714694,11.110352,0,0,0,0,0,954375,1,12.0,17,66.74669769916656,114.94976312860334,991.87476,1003.874765625,18.01638606710521,17,223.0,551.1687560327193,45086.0,1,31.93519011622209,34.475171071720894,12.98772700148768,453,403
2023,6,11,3,0.16625,1.2492002048040682,8.542695,0,0,0,0,0,1058125,1,12.0,17,67.22630774140454,119.99108632334134,992.041,1004.041015625,16.92611605915079,17,223.0,580.3547607439983,45086.125,1,72.31087735806359,74.46391927207036,17.776734488215126,447,410
2023,6,11,6,0.36921874,2.771087640810539,8.770234,0,0,0,0,0,864375,1,10.0,17,67.38526862996873,121.5513849483135,992.4102,1002.410234375,16.246232338821837,17,223.0,524.5370414662,45086.25,1,22.237873731640263,23.005158010731304,5.891881447749824,445,412
2023,6,11,9,1.2194531,9.151267906582394,7.639101,0,0,0,0,0,670000,1,8.0,17,67.40122273325973,123.61082030194548,993.6297,1001.6296875,15.075207411379473,17,223.0,461.809077155419,45086.375,1,29.331534721078896,29.337494955336282,0.5913384483736635,443,415
2023,6,11,12,1.1796875,8.708496586995004,20.252266,0,0,0,0,0,264375,1,4.0,17,69.80479190158955,128.21102542556122,994.8094,998.809375,12.180257334518718,17,223.0,290.09166854606434,45086.5,1,58.84827476052951,106.76999861292934,89.08823245251956,430,415
2023,6,11,15,-0.24289063,-1.796743996196036,20.025469,0,0,0,0,0,276875,1,4.0,17,69.48502463921163,128.3161358919659,994.56647,998.566484375,13.160043597436772,17,223.0,296.87042583783426,45086.625,1,1.3653324173424566,11.930547591773854,-11.852165761148242,431,416
2023,6,11,18,0.34648436,2.5816027174633165,14.233945,0,0,0,0,0,186875,2,2.0,20,68.41210104013933,129.92039213998544,994.91296,996.91296875,13.352808226492954,20,223.0,243.89374731754785,45086.75,1,21.87702357847978,45.38820325028807,-39.767886964686724,433,421
2023,6,11,21,-0.30554688,,,0,2,2,0,0,0,0,,16,69.37534276624079,140.31454566994475,,,10.883161592487713,15,208.0,0.0,45086.875,0,135.5423537170641,140.16561765550333,35.70253102494319,418,430
