year,month,day,hour,Dp,DpDt,DsqP,Ege,Ely,Emg,Erg,Esp,area,centers,depth,id,lat,lon,p_cent,p_edge,p_grad,pid,ptid,radius,time,type,u,uv,v,x,y
2023,6,3,15,-1.2707031,-9.261088383484351,6.3044524,2,0,0,0,2,132500,1,4.0,7,71.91751822139527,-12.567442753540654,1007.7321,1011.732109375,11.271909157955573,7,81.0,205.36810833075387,45078.625,1,31.627766422335004,32.65041120768325,8.107634868753435,342,281
2023,6,3,18,-2.09125,-15.18838851147182,8.167539,0,0,0,0,0,400000,1,8.0,7,72.53995505292261,-10.007979801441337,1005.64087,1013.640859375,12.605839998280638,7,81.0,356.8248232305542,45078.75,1,28.461632692333094,36.63764995180941,23.070605940851145,346,283
2023,6,3,21,-1.6114062,-11.682409064192312,8.6525,0,0,0,0,0,316250,1,8.0,8,72.8697527535779,-7.917503034828341,1004.0295,1012.029453125,13.8760004801064,8,81.0,317.27827140480923,45078.875,1,22.82120189671754,25.888840372862543,12.223943710636648,349,284
2023,6,4,0,-2.481328,-17.97941482566236,8.449453,0,0,0,0,0,364375,1,10.0,7,72.97109213406387,-4.920616036363993,1001.5481,1011.548125,16.313176118572223,7,81.0,340.56447961908583,45079.0,1,32.52671604919022,32.74287490604621,3.756141659780961,353,284
2023,6,4,3,-0.6885156,-4.994091175251718,6.3287506,0,0,0,0,0,458125,1,10.0,6,72.77785811973689,-3.366460663429801,1000.8596,1010.859609375,17.017696066108826,6,81.0,381.87133514830504,45079.125,1,17.054970052212667,18.497819144277543,-7.1622140161077175,355,283
2023,6,4,6,0.016640626,0.12083089768368321,3.8639843,0,0,0,0,0,588750,1,10.0,5,72.58084951447438,-0.3696450618470238,1000.8762,1010.87625,16.888113544366583,5,81.0,432.90292848478947,45079.25,1,33.248498111512255,34.04091024869621,-7.302119136836701,359,282
2023,6,4,9,0.496875,3.6129999918847227,3.836484,0,0,0,0,0,777500,1,10.0,4,72.32531783259937,3.2808807726094127,1001.3731,1011.373125,16.54839507977256,4,81.0,497.4795840111404,45079.375,1,41.074424331336324,42.1522644055388,-9.47127554048448,364,281
2023,6,4,12,0.12085938,0.8732632265096203,8.340742,0,0,0,0,0,768750,1,10.0,5,73.50838713003844,9.01320435564273,1001.49396,1011.493984375,16.001746105142438,5,81.0,494.67234105394357,45079.5,1,60.29134652031319,74.551372074625,43.8504345813892,371,287
2023,6,4,15,-0.58171874,-4.207872122496409,4.552969,0,0,0,0,0,424375,1,8.0,5,73.29389556655603,12.821343793398922,1000.9123,1008.912265625,15.915979766848238,5,81.0,367.53606346758164,45079.625,1,40.56808634131183,41.33974007959362,-7.9501245557681335,376,287
2023,6,4,18,0.22554688,1.6305347080741652,5.4836717,0,0,0,0,0,310625,1,6.0,6,73.40693468371457,14.506641597524338,1001.1378,1007.1378125,14.626294168925284,6,81.0,314.44396702089864,45079.75,1,17.837836926366965,18.32328529946952,4.189792113469954,378,288
2023,6,4,21,0.481875,3.4857619214742597,4.0470705,0,0,0,0,0,230625,1,4.0,6,73.2878064619282,15.99830057611188,1001.6197,1005.6196875,13.339856538565776,6,81.0,270.9431997691338,45079.875,1,15.898533459346163,16.500299108034838,-4.41548462761063,380,288
2023,6,5,0,0.7205469,5.224338002395675,2.3027735,0,0,0,0,0,126250,1,2.0,4,72.85192950829203,15.584401166904446,1002.3402,1004.340234375,12.028318521515978,4,81.0,200.46601490203662,45080.0,1,-4.5232145559437695,16.77701790837992,-16.15576862854253,380,286
2023,6,5,3,0.6078906,4.438967149711056,2.7588282,0,0,0,0,0,625,1,0.0,5,71.582030265549,18.877378480961482,1002.9481,1002.948125,10.173037993921264,5,81.0,14.104739588693906,45080.125,1,38.55780997736151,60.845502490725664,-47.068784380931106,386,282
2023,6,5,6,1.3394531,9.802014593408154,3.5750394,0,0,0,0,0,625,1,0.0,7,71.21694123239017,19.953799220357215,1004.2876,1004.287578125,8.442855965007112,7,81.0,14.104739588693906,45080.25,1,12.846260844490848,18.658560423086584,-13.532016086942635,388,281
2023,6,5,9,0.0,,,0,3,0,0,0,0,0,,7,71.21694123239017,19.953799220357215,,,8.442855965007112,7,81.0,0.0,45080.375,0,0.0,0.0,0.0,388,281
