year,month,day,hour,Dp,DpDt,DsqP,Ege,Ely,Emg,Erg,Esp,area,centers,depth,id,lat,lon,p_cent,p_edge,p_grad,pid,ptid,radius,time,type,u,uv,v,x,y
2023,5,13,3,,,6.7769537,3,0,0,0,0,253125,1,4.0,20,51.49056755413135,113.60018986791776,997.81805,1001.818046875,7.861668722671262,20,346,283.852408727268,45057.125,1,,,,514,427
2023,5,13,6,-2.8223438,-25.4487249706809,7.9998827,0,0,0,0,0,594375,1,6.0,22,50.20680632746891,113.54452309208345,994.9957,1000.995703125,9.344469942309603,22,346,434.96602005270546,45057.25,1,-1.3205421109182458,47.60089921300808,-47.5825784759532,519,429
2023,5,13,9,-1.0216407,-9.308686445096363,13.977265,0,0,0,0,1,635625,2,6.0,19,49.497660779699615,114.89952434316585,993.97406,999.9740625,10.137657520475912,19,346,449.80631543540153,45057.375,1,32.618406293168874,41.890731578018155,-26.284462388173903,520,434
2023,5,13,12,0.67609376,6.2494237945453515,13.955156,0,0,0,0,0,200625,2,4.0,21,48.549463793963646,116.77751910124512,994.65015,998.65015625,11.212813111110439,21,346,252.7071841393177,45057.5,1,46.077360616535984,57.950729272588745,-35.14489809116783,521,441
2023,5,13,15,1.163125,10.483357786043133,6.3222656,0,0,0,0,0,658750,0,5.85203125,20,50.23566319146077,118.70251156211202,995.8133,1001.6653125,9.838108112488733,19,346,457.9155353594941,45057.625,2,45.636300670408694,77.3872687830784,62.498939437597464,512,443
2023,5,13,18,-0.5029687,-4.528966169372819,8.023594,0,0,0,0,0,425000,0,5.59171875,20,50.301686703992374,119.88817162221343,995.3103,1000.90203125,10.015439266074528,19,346,367.8066090054814,45057.75,2,28.070293152995596,28.176762574177918,2.4471598775890833,510,446
2023,5,13,21,-0.2346875,-2.0338415743029783,8.6716795,0,0,1,0,0,620625,1,6.0,21,53.077990731578524,121.87410014598944,995.0756,1001.075625,9.531206490733464,21,346,444.46717889267717,45057.875,1,44.217160896688576,112.00141350707858,102.90364089681161,497,445
2023,5,14,0,-0.423125,-3.68191672702342,5.928242,0,0,0,0,0,756250,1,6.0,19,52.76756020010526,123.25196050326035,994.6525,1000.6525,10.313281285718745,19,346,490.63413194201206,45058.0,1,30.899649492768262,32.972392654027836,-11.506100058467032,496,449
2023,5,14,3,-1.6782031,-14.654352095399148,6.276445,0,0,0,0,0,980000,1,6.0,15,52.50547960978836,123.8351198224514,992.9743,998.974296875,10.747789558341065,15,346,558.5191925620057,45058.125,1,13.156572144482146,16.354124676173832,-9.714010671750072,496,451
2023,5,14,6,-1.3475782,-12.049401536329103,6.3915625,0,0,0,0,0,2948125,3,8.0,17,50.79005353092544,123.8290222564112,991.6267,999.62671875,10.7472844478935,17,346,968.7194295592444,45058.25,1,-0.14287290290536722,63.58238618937047,-63.58222566777498,502,455
2023,5,14,9,-0.329375,-2.942434139626228,5.5603514,0,0,0,0,0,3061250,3,8.0,13,50.85406482898778,124.29315872036031,991.29736,999.29734375,11.018715745054548,13,346,987.130254363693,45058.375,1,10.860328271567804,11.116467636990512,2.3725771974885266,501,456
2023,5,14,12,-0.30648437,,,0,0,0,0,2,0,0,,14,52.02587500541466,125.45759988532613,,,12.368320398665876,13,384,0.0,45058.5,0,26.556292989966284,50.90846906522805,43.43311553637787,495,456
