year,month,day,hour,Dp,DpDt,DsqP,Ege,Ely,Emg,Erg,Esp,area,centers,depth,id,lat,lon,p_cent,p_edge,p_grad,pid,ptid,radius,time,type,u,uv,v,x,y
2023,5,25,0,,,12.359492,3,0,0,0,0,620625,1,6.0,10,46.50896434266751,-105.46742261149336,1004.5003,1010.5003125,11.965195630533746,10,714.0,444.46717889267717,45069.0,1,,,,177,410
2023,5,25,3,1.5946875,15.470664638317007,5.82543,0,0,0,0,1,761875,0,5.80703125,9,45.5732852077993,-105.15108653501566,1006.095,1011.90203125,10.723532694147112,8,714.0,492.4554239078655,45069.125,2,8.20744467566392,35.63886439371924,-34.6809242548382,173,410
2023,5,25,6,0.85179687,8.31547728079155,5.6110935,0,0,0,0,0,933750,2,6.0,8,45.20980399577161,-105.64224645720874,1006.9468,1012.946796875,9.803396748412652,8,714.0,545.1805721264419,45069.25,1,-12.825516035515543,18.601075842090097,-13.4724222360317,172,412
2023,5,25,9,0.00609375,0.058194048824854676,5.071758,0,0,0,0,0,477500,2,4.0,9,46.50896434266751,-105.46742261149336,1006.9529,1010.952890625,10.62563040423002,9,714.0,389.86275874050864,45069.375,1,4.459692229111935,48.35942134732563,48.1533464908699,177,410
2023,5,25,12,1.8591406,17.631611658634476,4.095586,0,0,0,0,0,616250,0,3.291328125,10,46.93123834903304,-104.66584207633674,1008.812,1012.103359375,9.041811265620133,9,714.0,442.89780690443814,45069.5,2,20.28852956043262,25.62413421486421,15.65157572057288,178,407
2023,5,25,15,0.18015625,1.590434331549276,4.3016796,0,0,0,2,0,621875,1,4.0,8,51.70138521589153,-104.32624132166376,1008.2835,1012.283515625,9.034387195475098,8,720.0,444.9145541230864,45069.625,1,9.194961970797188,31.438178263308295,30.06346165815147,197,401
2023,5,25,18,0.2359375,2.1117733805918637,3.1488671,0,0,0,0,0,675000,0,3.82046875,10,50.71918568967736,-104.31928312501873,1008.5195,1012.339921875,8.798742699586656,11,720.0,463.5290424278275,45069.75,2,0.16328550157616223,36.40556760679318,-36.405201422568226,193,402
2023,5,25,21,-0.1059375,-0.9413711127327831,3.2585547,0,0,0,0,0,808750,1,4.0,8,51.23014866747032,-102.7668520837213,1008.4135,1012.413515625,9.346824882935973,8,720.0,507.3786755975666,45069.875,1,36.031024746312404,40.70520896108265,18.938830277924403,194,397
2023,5,26,0,-0.14109375,-1.2512617264208863,9.452851,0,0,0,0,0,625,1,0.0,11,51.37354970233898,-100.04723692411842,1008.2724,1008.272421875,9.97349054703979,11,720.0,14.104739588693906,45070.0,1,62.92135969387389,63.14545421046704,5.315155850991742,193,389
2023,5,26,3,1.12,9.831342795431462,4.102539,0,0,0,0,0,404375,1,2.0,9,52.11737912248838,-99.8879888155778,1009.3924,1011.392421875,9.492131863535038,9,720.0,358.7709021444888,45070.125,1,3.6244214849740928,27.80723635389057,27.57001926985891,196,388
2023,5,26,6,1.3685937,11.951021950991526,4.6473045,0,0,0,0,0,892500,1,4.0,9,52.504035953059365,-98.57386457843502,1010.761,1014.761015625,8.996731840327788,9,720.0,533.0024140836824,45070.25,1,29.648409993596886,32.93050235724805,14.331425970652875,197,384
2023,5,26,9,0.5840625,5.048511307480382,6.8542576,0,0,0,0,0,501250,1,2.0,11,53.27589476547847,-98.0294952942316,1011.3451,1013.345078125,8.798121092557144,11,720.0,399.4406469672623,45070.375,1,12.065078922241868,31.048943479965935,28.60892800896591,200,382
2023,5,26,12,1.4220313,12.276936870921794,5.49625,0,0,0,0,0,975625,0,2.9853125,11,53.36856105554248,-96.97022303327226,1012.7671,1015.752421875,8.479338063597273,14,720.0,557.2711034210017,45070.5,2,23.425998821569976,23.676452536885026,3.4346737753637564,200,379
2023,5,26,15,0.08632813,0.7470593960581857,4.73332,0,0,0,0,0,1026250,0,3.099609375,9,53.1878257575291,-96.22262191192348,1012.85345,1015.953046875,8.248497405362103,11,720.0,571.5466041331321,45070.625,2,16.603473137814774,17.90394490951086,-6.698949401560144,199,377
2023,5,26,18,-0.95453125,-8.227468727907176,8.948477,0,0,0,0,2,625,1,0.0,13,53.493904362353305,-95.1944289077348,1011.8989,1011.89890625,8.367009986448046,13,720.0,14.104739588693906,45070.75,1,22.67172834549446,25.351758568902618,11.344796003632247,200,374
2023,5,26,21,0.0,,,0,3,0,0,0,0,0,,13,53.493904362353305,-95.1944289077348,,,8.367009986448046,13,720.0,0.0,45070.875,0,0.0,0.0,0.0,200,374
