year,month,day,hour,Dp,DpDt,DsqP,Ege,Ely,Emg,Erg,Esp,area,centers,depth,id,lat,lon,p_cent,p_edge,p_grad,pid,ptid,radius,time,type,u,uv,v,x,y
2023,5,27,21,,,12.621172,3,0,0,0,0,33125,1,2.0,2,41.418407128661,-47.313722497824216,1011.3892,1013.38921875,7.614961636616598,2,787,102.68405416537693,45071.875,1,,,,205,217
2023,5,28,0,-0.7300781,-7.251725592310088,10.505625,0,0,0,0,0,78750,1,2.0,2,44.22733377597871,-43.77678844613687,1010.6591,1012.659140625,7.888109054797617,2,787,158.3253092116782,45072.0,1,93.93351075215124,140.2247447685041,104.11279749947944,222,216
2023,5,28,3,-3.3663282,-32.55996666499687,11.779297,0,0,0,0,0,40625,1,2.0,2,45.74959144137153,-42.68415323332339,1007.2928,1009.2928125,10.084961266616384,2,787,113.71604603668075,45072.125,1,28.2594522983425,63.103793346723705,56.42244314582377,229,218
2023,5,28,6,-2.7417188,-25.72062350515763,12.7109375,0,0,0,0,0,36250,1,2.0,1,47.605460821242964,-41.92960565868962,1004.5511,1006.55109375,10.916137749047287,1,787,107.41849642478903,45072.25,1,18.856365880948044,71.32543391073085,68.78775318556241,236,222
2023,5,28,9,-1.9635156,-17.89998151773001,11.76082,0,0,0,0,0,625,1,0.0,1,49.46247092277747,-41.56636963754948,1002.5876,1002.587578125,12.189927678577789,1,787,14.104739588693906,45072.375,1,8.75043149638884,69.38403009810987,68.83003400611119,242,227
2023,5,28,12,-2.378125,-21.005370618266188,8.129414,0,0,0,0,0,625,1,0.0,3,51.66311138816336,-41.61936773668282,1000.2095,1000.209453125,13.824737384471977,3,787,14.104739588693906,45072.5,1,-1.2184695916830681,81.57578547915065,81.56668503987734,248,234
2023,5,28,15,-1.5864844,-13.609351824913078,5.8133593,0,0,2,0,0,625000,3,4.0,4,53.86619868036454,-42.18862640547347,998.623,1002.62296875,14.35302132167211,4,787,446.0310290381928,45072.625,1,-12.441805054515912,82.59979218384747,81.65737661595682,253,242
2023,5,28,18,-1.9700781,-16.55030656860193,6.817422,0,0,0,0,0,410625,1,4.0,2,55.558478255335395,-43.126506986400074,996.6529,1000.652890625,15.559402803465241,2,787,361.5328436175876,45072.75,1,-19.660309092965456,65.73329215833692,62.72430106698949,256,249
2023,5,28,21,-1.2825,-10.627932941425033,6.98082,0,0,0,0,0,514375,1,6.0,2,56.72471417188369,-43.339717631017194,995.37036,1001.370390625,17.313381117189735,2,787,404.63643892485425,45072.875,1,-4.335882490116909,43.44341923258289,43.22650573027909,259,253
2023,5,29,0,-1.6534375,-13.548656290543477,8.313477,0,0,0,0,0,503750,1,8.0,4,57.72524649863816,-43.85993596621361,993.717,1001.716953125,19.92834785651347,4,787,400.4355193599646,45073.0,1,-10.296109963050611,38.48746960068959,37.084706226324286,261,257
2023,5,29,3,-1.2064843,-9.815439942248782,14.223555,0,0,0,0,0,546250,1,10.0,4,58.38545806548491,-43.836793754758865,992.5105,1002.51046875,21.552954087423643,4,787,416.98534186215187,45073.125,1,0.44964244191821984,24.474856257505675,24.47072558180469,263,259
2023,5,29,6,1.496875,12.114528132007317,18.770742,0,0,0,0,0,350000,1,8.0,3,58.876042043442894,-43.52363149018691,994.0073,1002.00734375,20.04435406170809,3,787,333.7790589062273,45073.25,1,5.999733947466169,19.147737903213454,18.18348314734499,265,260
2023,5,29,9,3.4271874,26.99624798347411,10.226211,0,0,0,0,0,541875,1,8.0,3,61.586796728717026,-40.47754585359801,997.4345,1005.43453125,17.604959115398202,3,787,415.31213511748194,45073.375,1,53.71743299498521,113.93242980883629,100.47405612681655,278,264
2023,5,29,12,0.9242188,7.1300343182418855,10.814453,0,0,0,0,0,304375,1,6.0,3,63.9037976286623,-37.61395684873273,998.35876,1004.35875,17.13273936504724,3,787,311.2644721248978,45073.5,1,46.68440352542404,97.74833034771461,85.87958170159727,289,268
2023,5,29,15,-0.3690625,-2.8328102666477566,12.83543,0,0,0,0,0,483125,1,10.0,4,64.50409443536742,-36.71765058296869,997.9897,1007.9896875,17.766873260446378,4,787,392.15234764380017,45073.625,1,14.299992839078111,26.44903954333408,22.249986462179354,292,269
2023,5,29,18,1.9715625,15.099070828674437,11.240976,0,0,0,0,0,473125,1,8.0,4,64.77628535221056,-35.895399134597824,999.96124,1007.96125,16.23343018936158,4,787,388.0726283837936,45073.75,1,12.987681852433498,16.445751729544963,10.088749677229616,294,269
2023,5,29,21,0.26289064,1.9737198871097221,13.806289,0,0,0,0,0,503125,1,8.0,3,67.339743892089,-29.49746120836838,1000.2241,1008.224140625,16.53672507597792,3,787,400.18703313103447,45073.875,1,91.32133454554423,131.78522941941458,95.01452809938343,310,272
2023,5,30,0,2.315,17.182046809402838,10.032734,0,0,0,0,1,488750,0,5.0815625,5,68.98109923881806,-20.37643521383639,1002.5391,1007.620703125,15.378620372797743,4,787,394.4286461102029,45074.0,2,121.14620661774646,135.5637086397225,60.83679579239738,327,272
2023,5,30,3,0.051796876,0.3823166267800453,8.053633,0,0,0,0,2,88125,1,2.0,6,69.82509667845171,-15.199056314380773,1002.59094,1004.5909375,13.963433410835151,6,787,167.48450292473797,45074.125,1,66.16379388219275,73.18645859725157,31.282744462753445,336,273
2023,5,30,6,-1.5320313,-11.276637641731783,6.7075396,0,0,0,0,0,79375,1,2.0,6,70.26388255382336,-9.516020204968171,1001.0589,1003.05890625,14.62692287670578,6,787,158.95234259311306,45074.25,1,71.10544522508766,72.94167962752633,16.263587741539272,345,273
2023,5,30,9,-1.7496876,-12.843261498497691,5.8889065,0,0,0,0,0,186250,1,4.0,5,70.70956082435295,-4.347456907559677,999.3092,1003.30921875,15.256943024382382,5,787,243.48555665938588,45074.375,1,63.26823714436263,65.38921151843442,16.51905419953724,353,274
2023,5,30,12,-1.0804688,,,0,2,2,0,0,0,0,,5,70.99252183302968,-0.3390243244514502,,,14.776444310005925,6,762,0.0,45074.5,0,48.379973389225704,49.50372481680729,10.487942867693109,359,275
