year,month,day,hour,Dp,DpDt,DsqP,Ege,Ely,Emg,Erg,Esp,area,centers,depth,id,lat,lon,p_cent,p_edge,p_grad,pid,ptid,radius,time,type,u,uv,v,x,y
2023,5,3,0,0.993125,7.457133330073218,6.506797,2,0,0,0,2,625,1,0.0,15,67.32155814276724,-138.62657178387963,996.15814,996.158125,8.930945033038121,15,58.0,14.104739588693906,45047.0,1,86.44882466251931,110.19109842358888,-68.32773145850844,293,435
2023,5,3,3,-1.209375,-9.22556369000626,5.5951953,0,0,0,0,3,625,1,0.0,16,65.2598383689034,-134.26074064459215,994.9487,994.94875,9.965543069796192,16,58.0,14.104739588693906,45047.125,1,67.70852820510339,102.09844911873908,-76.41759300547533,281,436
2023,5,3,6,-1.878125,-14.313056263767926,8.370781,0,0,3,0,0,79375,1,2.0,12,65.38158282850348,-131.65534968173412,993.0706,995.070625,12.56742768985239,12,58.0,158.95234259311306,45047.25,1,40.22507382797022,40.4773865061337,4.512455418204128,278,432
2023,5,3,9,-1.2032813,-9.160718066278903,10.837149,0,0,0,0,0,213750,1,4.0,12,65.51023364520418,-130.51539399045535,991.8674,995.86734375,13.896259948622792,12,58.0,260.8423626863268,45047.375,1,17.51469036609486,18.152200767283198,4.768439375265307,277,430
2023,5,3,12,0.40046874,3.040994310026216,7.438594,0,0,0,0,0,426875,1,4.0,13,65.83572873232515,-127.03038960567865,992.2678,996.2678125,14.62153244472065,13,58.0,368.6170542239,45047.5,1,52.87014875839209,54.22918037800905,12.06446744519344,274,424
2023,5,3,15,0.026875,0.2042351493403233,9.08793,0,0,0,0,0,521250,1,4.0,13,65.73743827839151,-125.53767779197437,992.2947,996.2946875,15.04759815556776,13,58.0,407.33159486258967,45047.625,1,22.73450107320029,23.02455122434522,-3.643133271670397,272,422
2023,5,3,18,0.30679688,2.3529243328639997,4.0928907,0,0,0,0,1,654375,2,4.0,16,64.604059913427,-123.76071580030232,992.6015,996.601484375,14.740982431280898,16,58.0,456.39240985309783,45047.75,1,28.24583756278084,50.62166819232445,-42.00864138425322,266,422
2023,5,3,21,-1.1817969,-9.052544103826055,5.037305,0,0,0,0,2,153125,1,2.0,15,64.75161486240074,-120.34864142817784,991.4197,993.4196875,16.39396660353389,15,58.0,220.774095676764,45047.875,1,53.937743639338684,54.21431055334787,5.469120575725638,263,416
2023,5,4,0,1.7605469,13.515249073591809,4.863008,0,0,2,0,0,2124375,2,8.0,15,64.48780808569829,-118.26640578240412,993.18024,1001.180234375,14.861340866275768,15,58.0,822.319624271299,45048.0,1,33.23932329341796,34.64768008446848,-9.777991727922252,260,413
2023,5,4,3,0.91960937,7.029805432638691,5.6273046,0,0,0,0,0,1306250,0,6.8734375,12,65.00141245994234,-114.82934658814962,994.09985,1000.97328125,15.30614149506108,11,58.0,644.8195785082651,45048.125,2,53.82977135639946,57.09677319607405,19.036733572797516,259,406
2023,5,4,6,-0.41335937,-3.0322250580816528,7.9295306,0,0,0,2,0,823125,1,8.0,9,70.81586800684805,-119.11986122292473,992.55994,1000.559921875,18.37027203914765,9,100.0,511.86797620581103,45048.25,1,-12.073563705031416,42.77961103645995,41.040518757580955,285,401
2023,5,4,9,-0.29648438,-2.169334624322198,8.3500395,0,0,0,0,0,1843750,1,12.0,12,71.24143088392138,-116.71865879702736,992.2634,1004.2634375,20.344271330501165,12,100.0,766.0834501876177,45048.375,1,28.619002305798084,32.67797254445407,15.773477632938716,285,397
2023,5,4,12,-0.453125,-3.3021823445045304,7.59664,0,0,0,0,0,2074375,1,14.0,12,71.93162712199886,-113.85390582059232,991.8103,1005.8103125,22.389126107590783,12,100.0,812.5848079754512,45048.5,1,32.92942712762258,41.69881717194136,25.58210668779225,286,392
2023,5,4,15,0.16328125,1.1862065884849695,6.2833986,0,0,0,0,0,1636875,1,14.0,7,72.49042160426447,-111.4599607304857,991.9736,1005.97359375,23.60681324934678,7,100.0,721.826499199837,45048.625,1,26.694462168287306,33.78711271549099,20.711703821635993,287,388
2023,5,4,18,-0.414375,-3.000643104577595,5.088789,0,0,0,0,0,431875,1,10.0,10,73.08805814788133,-108.19421167020022,991.5592,1001.55921875,25.12930956109096,10,100.0,370.76958086610153,45048.75,1,35.207795906906014,41.59654673453224,22.151383875861498,288,383
2023,5,4,21,0.052109376,0.37617798594805707,6.177969,0,0,0,0,0,1346250,1,16.0,9,73.68194878198558,-103.94059117029002,991.6113,1007.611328125,26.44076838439765,9,100.0,654.6179681882618,45048.875,1,44.288311806603325,49.45711840126525,22.01254183137082,289,377
2023,5,5,0,0.052578125,0.37894060688825904,8.198867,0,0,0,0,0,696875,1,16.0,10,74.0059500799359,-102.57244500422753,991.6639,1007.66390625,26.83305563009322,10,100.0,470.9800440935147,45049.0,1,13.972285143163012,18.423985437517853,12.009100186109539,290,375
2023,5,5,3,1.6721094,12.045660943787219,8.112148,0,0,0,0,0,751875,1,16.0,7,74.09833057949488,-100.99250758026773,993.336,1009.336015625,25.686258506537378,7,100.0,489.21288379849284,45049.125,1,16.044316335516726,16.405621508378,3.4240809572827033,290,373
2023,5,5,6,3.2585156,23.460512405702776,6.137539,0,0,0,0,0,1023125,1,16.0,8,74.21374088607632,-98.59122543222765,996.59454,1012.59453125,23.429784293348145,8,100.0,570.6757418199855,45049.25,1,24.211704898237613,24.586687493431562,4.277680191449651,290,370
2023,5,5,9,4.4379687,32.05099626051006,5.227266,0,0,0,0,0,1249375,1,14.0,8,73.60114489376396,-96.68690932618236,1001.0325,1015.0325,19.714396992842893,8,100.0,630.6254150055114,45049.375,1,19.92643129791321,30.20957691140859,-22.705855475974822,287,368
2023,5,5,12,3.0435157,21.993219223999702,2.2489843,0,0,0,0,0,1990000,2,14.0,9,73.48681639552062,-89.61023880468194,1004.076,1018.076015625,18.206103794434807,9,100.0,795.8873497585845,45049.5,1,74.51057355995124,74.630976690954,-4.237582991849711,286,359
2023,5,5,15,2.5080469,18.24034640309319,3.3566012,0,0,0,0,0,1260625,0,8.72828125,8,72.29362689017677,-85.26656166942452,1006.58405,1015.31234375,16.276058562249574,7,100.0,633.458286132908,45049.625,2,48.95522075486677,65.97357056648002,-44.22553983992259,281,353
2023,5,5,18,-0.5408594,-3.9185031806633526,3.110586,0,0,0,2,0,977500,1,8.0,8,72.99502164825394,-68.69068940282739,1004.7715,1012.771484375,15.590083589674322,8,148.0,557.8063407175069,45049.75,1,23.261733959098404,24.839610499145362,-8.711944844027682,289,332
2023,5,5,21,-0.07203125,-0.5231840805009089,2.5608594,0,0,0,0,0,351875,1,4.0,10,72.52828791433238,-66.89819280563898,1004.69946,1008.699453125,15.479036296504278,10,148.0,334.67191576366446,45049.875,1,19.94651886195795,26.403322337323164,-17.299474435315776,288,329
2023,5,6,0,-0.19742188,-1.4321665233005842,2.1098046,0,0,2,0,0,1226250,2,8.0,9,72.75422028591474,-61.59810439286105,1004.502,1012.50203125,13.935354176374211,9,148.0,624.7619530132043,45050.0,1,58.22213580319377,58.82128825335761,8.374177828243647,292,323
2023,5,6,3,-0.2815625,-2.043761470225613,1.7058983,0,0,0,0,2,236250,1,2.0,10,72.64530042628212,-60.94539590092286,1004.22046,1006.22046875,13.762835756374402,10,148.0,274.22747967867946,45050.125,1,7.216291309227382,8.268804812500873,-4.037111933995258,292,322
2023,5,6,6,0.12820312,0.9456763152994049,2.5571876,0,0,0,0,0,625,1,0.0,9,69.92436338306246,-57.82439810223515,1004.3487,1004.348671875,11.473704763176997,9,148.0,14.104739588693906,45050.25,1,39.70392489360763,108.38551397478892,-100.85146497509062,284,312
2023,5,6,9,-0.01421875,-0.10509513408780481,2.5392578,0,0,0,0,0,625,1,0.0,6,69.61034599441633,-57.62583687890732,1004.3345,1004.334453125,11.006099176015013,6,148.0,14.104739588693906,45050.375,1,2.564127386985188,11.918144168084227,-11.639046831873845,283,311
2023,5,6,12,0.0,,,0,3,0,0,0,0,0,,6,69.61034599441633,-57.62583687890732,,,11.006099176015013,6,148.0,0.0,45050.5,0,0.0,0.0,0.0,283,311
