year,month,day,hour,Dp,DpDt,DsqP,Ege,Ely,Emg,Erg,Esp,area,centers,depth,id,lat,lon,p_cent,p_edge,p_grad,pid,ptid,radius,time,type,u,uv,v,x,y
2023,1,1,0,0.01996127553997212,0.152670632764314,6.1975,2,0,0,0,2,625,1,0.0,3,64.93719398460563,-12.220919331930434,981.688203125,981.688203125,9.829409604303132,3,16.0,14.104739588693906,44925.0,1,82.25452861034117,82.42859239438988,5.354004782500205,336,251
2023,1,1,3,-0.79453125,-6.059041843666627,5.986796875,0,0,0,0,0,60625,1,2.0,4,65.29965851544416,-10.79654317182435,980.893671875,982.893671875,10.777525628648997,4,16.0,138.91557454041038,44925.125,1,22.060886631704072,25.829729581225074,13.434738972615513,339,252
2023,1,1,6,-0.0925,-0.7016422514823419,8.0876953125,0,0,0,0,0,54375,1,2.0,3,65.97525877287052,-7.8257451664089,980.801171875,982.801171875,10.723939621137651,3,16.0,131.56025258885612,44925.25,1,44.82605506651503,51.346199992855205,25.041107021856007,345,254
2023,1,1,9,0.962109375,7.250681559329917,9.236875,0,0,0,0,0,45000,1,2.0,3,66.82672575129128,-4.1849161251184155,981.76328125,983.76328125,9.98598273737543,3,16.0,119.6826841204298,44925.375,1,53.09596001633911,61.76722022937169,31.559602735253517,352,257
2023,1,1,12,0.016015625,0.11945570430254072,12.41984375,0,0,0,0,0,25625,1,2.0,2,68.26023505098836,0.2968666673246941,981.779296875,983.779296875,10.701984725847232,2,16.0,90.31439992304459,44925.5,1,61.51485530788179,81.28463413287025,53.13298714136957,360,263
2023,1,1,15,0.996640625,7.38840519558318,14.0843359375,0,0,0,0,0,62500,1,4.0,3,69.15762995600257,2.1669146831866515,982.7759375,986.7759375,11.436581012574413,3,16.0,141.04739588693906,44925.625,1,24.660583243579502,41.40651762783598,33.26192021141861,363,267
2023,1,1,18,1.20796875,8.917415050077482,15.3944921875,0,0,0,0,0,56250,1,4.0,3,69.80225517544037,4.153853086951189,983.98390625,987.98390625,11.831959169742092,3,16.0,133.80930871145785,44925.75,1,25.42592748755049,34.890601851633356,23.89301799620603,366,270
2023,1,1,21,1.87296875,13.772716808959306,17.0962890625,0,0,0,0,0,48125,1,4.0,3,70.4200708506266,6.2674814048493,985.856875,989.856875,12.16925119677766,3,16.0,123.76858758422884,44925.875,1,26.252630431667797,34.836469304284535,22.899322894064536,369,273
2023,1,2,0,1.504140625,11.035866056926993,22.46328125,0,0,0,0,0,43125,1,4.0,3,70.7839166119446,8.414681700306595,987.361015625,991.361015625,12.849010013859719,3,16.0,117.16276644769007,44926.0,1,26.19288670115271,29.46078302153633,13.485934246563009,372,275
2023,1,2,3,2.74640625,20.088261277133824,16.808125,0,0,0,0,0,16250,1,2.0,3,71.29869328979831,11.445063778921009,990.107421875,992.107421875,12.224266577990031,3,16.0,71.9203423968949,44926.125,1,36.010244060807466,40.75280525425998,19.08018497742411,376,278
2023,1,2,6,2.025390625,14.765644356733803,13.319414062500002,0,0,0,0,0,23125,1,2.0,3,71.86681381076959,13.260859204184845,992.1328125,994.1328125,12.49607667176883,3,16.0,85.79578146972122,44926.25,1,20.945531331911447,29.700643926144334,21.05737321822288,378,281
2023,1,2,9,2.23640625,16.273652459478853,13.719296875000003,0,0,0,0,0,21875,1,2.0,5,72.19601743771456,15.001318460471486,994.36921875,996.36921875,12.900503230344977,5,16.0,83.44476472655683,44926.375,1,19.72401036066372,23.1931788109824,12.201924383089466,380,283
2023,1,2,12,2.008984375,14.588337142838041,13.2201953125,0,0,0,0,0,25000,1,2.0,5,72.57207860739152,16.09764296379819,996.378203125,998.378203125,12.755048815835776,5,16.0,89.20620580763855,44926.5,1,12.170320406186482,18.504161757853886,13.938698058699138,381,285
2023,1,2,15,1.175625,8.50702373592749,12.9234765625,0,0,0,0,0,63125,1,4.0,8,73.22400020610391,16.73599585147607,997.553828125,1001.553828125,13.024793578530696,8,16.0,141.75087853467357,44926.625,1,6.829125749940046,25.10995154541883,24.163458115608936,381,288
2023,1,2,18,1.25609375,9.065874554666921,16.166015625,0,0,0,0,0,58125,1,4.0,7,73.72249672442705,16.434163206253434,998.809921875,1002.809921875,12.633536871061432,7,16.0,136.02118266811544,44926.75,1,-3.135716573105432,18.74095582350068,18.476761262503665,380,290
2023,1,2,21,2.031015625,14.626993403793822,15.187343750000002,0,0,0,0,0,60625,1,4.0,7,74.1559335473467,16.893730179198126,1000.8409375,1004.8409375,12.031236647486017,7,16.0,138.91557454041038,44926.875,1,4.650570706241507,16.724906070395527,16.065325243200075,380,292
2023,1,3,0,1.928203125,13.834494707646149,16.281640625,0,0,0,0,0,65625,1,4.0,7,74.93433209535671,16.004040485881607,1002.769140625,1006.769140625,11.527827000051605,7,16.0,144.5305721320277,44927.0,1,-8.571322522086847,30.097614809322412,28.851323148734625,378,295
2023,1,3,3,0.779140625,5.569046112621776,16.7490625,0,0,0,0,0,63750,1,4.0,8,75.76476006160328,14.145795494102993,1003.54828125,1007.54828125,12.45391317213089,8,16.0,142.4508871303252,44927.125,1,-16.936111012001405,35.131573662341914,30.77979226345949,375,298
2023,1,3,6,1.484140625,10.569190691440527,14.29140625,0,0,0,0,0,23750,1,2.0,8,76.62280544192801,11.121460194890354,1005.032421875,1007.032421875,12.010476543024241,8,16.0,86.9474542287756,44927.25,1,-25.93196985739091,41.03565872095115,31.803431040970146,371,301
2023,1,3,9,1.289453125,9.153857641104242,15.937226562499998,0,0,0,0,0,59375,1,4.0,8,77.40545851133025,8.707370271520407,1006.321875,1010.321875,11.927968717911686,8,16.0,137.4759960580849,44927.375,1,-19.509367243296218,34.959097107678716,29.009016880106618,368,304
2023,1,3,12,0.052890625,0.37434719313306436,16.3256640625,0,0,0,0,0,46875,1,4.0,8,78.20055352482362,3.8140748342903543,1006.374765625,1010.374765625,12.846779500664613,8,16.0,122.15062797572998,44927.5,1,-37.076908915205316,47.36231118608136,29.470177233616624,363,307
2023,1,3,15,1.188359375,8.396777792413175,18.5430078125,0,0,0,0,0,36875,1,4.0,6,78.67189263000226,1.701354605326124,1007.563125,1011.563125,11.840122027189231,6,16.0,108.34056051649024,44927.625,1,-15.380966572907106,23.27619076855935,17.47017240835023,361,309
2023,1,3,18,0.699375,4.934000878274407,18.25703125,0,0,0,0,0,38750,1,4.0,7,79.12625247361733,-0.590657214646671,1008.2625,1012.2625,11.481192066218428,7,16.0,111.06083058226194,44927.75,1,-16.025038713237077,23.24684149658383,16.840836493670523,359,311
2023,1,3,21,1.53765625,10.840046582034102,17.292734375,0,0,0,0,0,48125,1,4.0,8,79.34640306096416,-1.8087393224920654,1009.80015625,1013.80015625,10.470131903390628,8,16.0,123.76858758422884,44927.875,1,-8.346426744409552,11.672464091605542,8.15987613692915,358,312
2023,1,4,0,1.90625,13.429141226485228,13.542421874999997,0,0,0,0,0,79375,1,4.0,12,79.5614801861359,-3.077455399424377,1011.70640625,1015.70640625,9.259561383325225,12,16.0,158.95234259311306,44928.0,1,-8.519825327549697,11.667796339465925,7.971828385464476,357,313
2023,1,4,3,0.984609375,6.926908578531755,10.055234375,0,0,0,0,0,31875,1,2.0,12,79.99526537666102,-4.497151614667772,1012.691015625,1014.691015625,8.570410829352303,12,16.0,100.72798827589244,44928.125,1,-9.14159713895002,18.495364789953857,16.07823747997913,356,315
2023,1,4,6,0.864921875,6.076689250677127,7.5608203125,0,0,0,0,0,625,1,0.0,10,80.44323548267684,-4.7078522443722255,1013.5559375,1013.5559375,7.874037746537215,10,16.0,14.104739588693906,44928.25,1,-1.2965877873615324,16.65454862657403,16.60400102579447,356,317
2023,1,4,9,0.0,,,0,3,0,0,0,0,0,,10,80.44323548267684,-4.7078522443722255,,,7.874037746537215,10,16.0,0.0,44928.375,0,0.0,0.0,0.0,356,317
