year,month,day,hour,Dp,DpDt,DsqP,Ege,Ely,Emg,Erg,Esp,area,centers,depth,id,lat,lon,p_cent,p_edge,p_grad,pid,ptid,radius,time,type,u,uv,v,x,y
2022,12,30,15,-3.553175061433576,-34.87203485436528,14.647274010573092,2,0,0,0,2,143750,1,6.0,19,44.90450224343622,-176.04978473740096,967.4237927369218,973.4237927369218,21.05639723034907,19,713.0,213.90896694369758,44923.625,1,39.6543467125945,51.974622721012004,33.599020726635516,346,555
2022,12,30,18,-3.9202815889001066,-38.04440502022105,19.526474723960053,0,0,0,0,0,181250,1,8.0,20,45.55442766925595,-174.8055710922652,963.5035111480216,971.5035111480216,23.380496339662503,20,713.0,240.1950600466464,44923.75,1,32.292071924263105,40.28747292671636,24.089470016152752,342,552
2022,12,30,21,-1.7220014738477767,-16.60222424437999,19.67452706796903,0,0,0,0,0,290000,1,10.0,16,45.93910297672695,-173.56079490879438,961.7815096741739,971.7815096741739,24.693735713453258,16,713.0,303.8253889873249,44923.875,1,32.084799878490536,35.11017518613381,14.257980865403765,338,550
2022,12,31,0,-1.2539058325560473,-12.022645771447882,16.726953857411573,0,0,0,0,0,628750,1,12.0,14,46.26784124620024,-171.9975997661366,960.5276038416179,972.5276038416179,24.252667885776276,14,713.0,447.36712098460976,44924.0,1,40.052437757950166,41.86483127428736,12.184675919780418,333,548
2022,12,31,3,-1.378979032658972,-13.05510472015337,12.219818056986842,0,0,2,0,0,6737500,2,32.0,13,47.0382889012271,-170.3112134396332,959.1486248089589,991.1486248089589,23.77234385336277,13,713.0,1464.4496775797008,44924.125,1,42.59751732166818,51.28381057789544,28.5566234947278,328,544
2022,12,31,6,-0.9059456034064352,-8.535061714416383,10.364353140592648,0,0,0,0,0,6869375,2,34.0,17,47.33994531882568,-168.99225765383017,958.2426792055525,992.2426792055525,24.448683275617483,17,713.0,1478.7122689704636,44924.25,1,33.12778344679115,34.96372815936792,11.180887742245133,324,542
2022,12,31,9,-0.941330547753314,-8.82201019124751,10.599519122436032,0,0,0,0,0,8175625,2,38.0,17,47.668128541709955,-167.95944894230558,957.301348657799,995.301348657799,25.017207265328203,17,713.0,1613.190088994894,44924.375,1,25.77916715579916,28.504927016941117,12.16410313153031,321,540
2022,12,31,12,-1.0565192832682806,-9.861194728080845,9.51319501061742,0,0,0,0,0,7369375,2,38.0,20,47.92611048772187,-166.6075022462489,956.2448293745308,994.2448293745308,25.529577375413993,20,713.0,1531.582487982829,44924.5,1,33.577615265269785,34.912603720251106,9.562094520805202,317,538
2022,12,31,15,0.3419772710754478,3.180257796681584,8.264846321682125,0,0,0,0,0,7526250,2,38.0,19,48.158990238196346,-165.24045953440827,956.5868066456063,994.5868066456063,24.72251184931883,19,713.0,1547.798365708775,44924.625,1,33.799385939522935,34.88415727052474,8.631682257004316,313,536
2022,12,31,18,0.10647070404535043,0.963033606936023,13.849902688907315,0,0,0,0,2,1953125,1,18.0,17,49.99297837918001,-161.1506223864705,956.6932773496516,974.6932773496516,24.80256393706837,17,713.0,788.4789131313,44924.75,1,97.44207933271134,118.80990719694363,67.97672560122285,303,525
2022,12,31,21,-0.6905754451017129,-6.205394272836368,14.373542955311134,0,0,2,0,0,7605000,2,40.0,16,50.44504964434302,-160.9366034792096,956.0027019045499,996.0027019045499,25.227036884247564,16,713.0,1555.8748935655874,44924.875,1,5.051623990662661,17.500936806626548,16.756010389305008,303,523
2023,1,1,0,-1.4630144045499036,-13.024068406258431,9.0485546875,2,0,0,0,2,2000625,1,20.0,15,51.10118479585608,-159.54243488198145,954.5396875,974.5396875,26.02256090474786,15,3.0,798.0092205272106,44925.0,1,32.44856460647605,40.55063391810064,24.319633347136705,300,519
2023,1,1,3,0.11671875,1.0382776053956855,7.647421875,0,0,0,0,0,7968125,2,42.0,17,51.154409246449354,-158.7931184980758,954.65640625,996.65640625,25.81627598291261,17,3.0,1592.5868773314119,44925.125,1,17.42005637715228,17.531404903165747,1.9727629598053924,298,518
2023,1,1,6,0.2228125,1.9710912562947949,4.01984375,0,0,0,0,0,11361250,0,49.36828125,15,51.55130826029859,-157.4717663324389,954.87921875,1004.2475,25.890404330515082,14,3.0,1901.6829899869197,44925.25,2,30.4534560560284,33.82052696019262,14.71105224342104,295,515
2023,1,1,9,0.60078125,5.263317933385992,2.9108203125,0,0,0,0,0,11673750,0,49.6065625,14,52.262163617347,-155.5273686556551,955.48,1005.0865625,25.692787707925067,13,3.0,1927.6592110220174,44925.375,2,44.10849693855361,51.378672487501845,26.347836427296762,291,510
2023,1,1,12,-1.407734375,-11.744305575092378,18.5276171875,0,0,1,0,0,10973125,1,50.0,14,56.14509044209928,-156.44773632710536,954.072265625,1004.072265625,26.551115930245118,14,3.0,1868.9179141499255,44925.5,1,-19.004155233342235,145.1698781190573,143.9205878148397,300,496
2023,1,1,15,1.258359375,10.524723085210816,15.556835937500002,0,0,0,0,0,10702500,1,48.0,11,55.92976124052225,-156.60054868076085,955.330625,1003.330625,25.069280334885008,11,3.0,1845.7279205998968,44925.625,1,-3.1730142298506223,8.58877868337638,-7.98117159126315,300,497
2023,1,1,18,1.78125,14.898099356975639,12.36109375,0,0,0,0,0,11555625,1,48.0,13,55.92976124052225,-156.60054868076085,957.111875,1005.111875,23.572301685123204,13,3.0,1917.881560089821,44925.75,1,0.0,0.0,0.0,300,497
2023,1,1,21,2.767265625,23.08646693908359,9.8362109375,0,0,0,0,0,11666250,1,46.0,11,56.14509044209928,-156.44773632710536,959.879140625,1005.879140625,21.692597102731582,11,3.0,1927.039882745463,44925.875,1,3.155359233096588,8.582271952057559,7.98117159126315,300,496
2023,1,2,0,1.862265625,15.55354454720727,8.2548828125,0,0,0,0,0,12015625,1,44.0,11,56.050638996069296,-156.09595620696606,961.74140625,1005.74140625,20.126196491582974,11,3.0,1955.6820360623835,44926.0,1,7.281596143552248,8.07945090135741,-3.5008405375923757,299,496
2023,1,2,3,1.490546875,12.43174431117087,5.7969140625,0,0,0,0,0,8569375,1,36.0,10,56.16873927843924,-155.58791161202248,963.231953125,999.231953125,19.309517486567646,10,3.0,1651.580086134554,44926.125,1,10.48392618856761,11.361082681508671,4.377384078275805,298,495
2023,1,2,6,1.599921875,13.326028446735936,5.418125,0,0,0,0,0,8228750,1,34.0,13,56.284037146574434,-155.07646005153248,964.831875,998.831875,18.819775314368037,13,3.0,1618.4228359532212,44926.25,1,10.52252166316184,11.357216764425573,4.273512663189275,297,494
2023,1,2,9,2.063203125,17.120437759760968,3.6031640625,0,0,0,0,0,8140000,1,32.0,15,56.60808457350153,-154.39414926976946,966.895078125,998.895078125,17.66993640795416,15,3.0,1609.6715421277895,44926.375,1,13.918529090054745,18.384368572729553,12.010809955505326,296,492
2023,1,2,12,1.601328125,13.27124182965194,4.3176953125,0,0,0,0,0,7878125,1,30.0,18,56.716714404424884,-153.87231269044275,968.49640625,998.49640625,17.031639434269586,18,3.0,1583.5671984768048,44926.5,1,10.614380433446996,11.352385791463895,4.026362026977814,295,491
2023,1,2,15,1.50609375,12.307837201320986,4.0597265625,0,0,0,0,0,3109375,1,16.0,19,57.972651787439915,-153.7073514274347,970.0025,986.0025,16.158897500049804,19,3.0,994.8591871982305,44926.625,1,3.2425513141653783,46.66408243964591,46.55128839150506,297,486
2023,1,2,18,1.67859375,13.717511676915795,4.036796875,0,0,0,0,0,2683750,1,14.0,17,57.972651787439915,-153.7073514274347,971.68109375,985.68109375,15.446434462335771,17,3.0,924.2641164979565,44926.75,1,0.0,0.0,0.0,297,486
2023,1,2,21,2.604609375,21.236587797545297,3.8972265625,0,0,0,0,0,2371250,1,12.0,16,58.1817894663202,-153.52632957401,974.285703125,986.285703125,13.822485901509065,16,3.0,868.7878438452703,44926.875,1,3.537458276751448,8.520692441202625,7.751682953901703,297,485
2023,1,3,0,1.8646875,15.07270615427696,3.6112890624999996,0,0,0,0,0,2025000,1,10.0,18,58.99338106175146,-155.59072789059735,976.150390625,986.150390625,13.06408762884736,18,3.0,802.8558522687471,44927.0,1,-39.4151132581794,49.582811273634285,30.081622639773364,303,484
2023,1,3,3,1.79828125,14.50379333164486,5.2280078125,0,0,0,0,0,1526875,1,8.0,20,59.20525538421019,-155.41638485142397,977.948671875,985.948671875,12.334508565672815,20,3.0,697.1509215850434,44927.125,1,3.308321402350685,8.521527476896868,7.853116581221539,303,483
2023,1,3,6,1.77875,14.266912082545302,9.5258984375,0,0,0,0,0,976250,1,6.0,18,59.744231214223305,-160.07189740953538,979.727421875,985.727421875,13.163561749522998,18,3.0,557.4495729542948,44927.25,1,-86.9266137763543,89.19261036804069,19.977125960499173,314,485
2023,1,3,9,1.57421875,12.616353090794851,10.159765625,0,0,0,0,0,128750,1,2.0,17,59.82268090031584,-160.4764262898437,981.301640625,983.301640625,12.406861662131158,17,3.0,202.4410972262378,44927.375,1,-7.537065047294055,8.078507065633382,2.9077356967831074,315,485
2023,1,3,12,1.72953125,13.861083112854413,9.67296875,0,0,0,0,0,111875,1,2.0,17,59.82268090031584,-160.4764262898437,983.031171875,985.031171875,11.321476498917928,17,3.0,188.70855443464026,44927.5,1,0.0,0.0,0.0,315,485
2023,1,3,15,1.9484375,15.435319234278456,9.3701953125,0,0,0,0,0,191250,1,2.0,19,60.9933899299839,-160.15062796567582,984.979609375,986.979609375,9.885967303571535,19,3.0,246.73217409298277,44927.625,1,5.8556312838481235,43.785616956855165,43.392301558687365,316,480
2023,1,3,18,1.74015625,13.74539651942672,2.8713671875,0,0,0,0,3,625,1,0.0,18,61.295090315707995,-161.85081329395453,986.719765625,986.719765625,9.160871205356322,18,3.0,14.104739588693906,44927.75,1,-30.266283605953305,32.26602887184647,11.182517419741965,320,480
2023,1,3,21,0.0,,,0,3,0,0,0,0,0,,18,61.295090315707995,-161.85081329395453,,,9.160871205356322,18,3.0,0.0,44927.875,0,0.0,0.0,0.0,320,480
