year,month,day,hour,Dp,DpDt,DsqP,Ege,Ely,Emg,Erg,Esp,area,centers,depth,id,lat,lon,p_cent,p_edge,p_grad,pid,ptid,radius,time,type,u,uv,v,x,y
2023,11,13,12,2.1216407,17.905086795146836,13.537461,2,0,0,0,2,211875,1,10.0,0,55.17987366460351,-4.685899839502703,975.29846,985.2984375,25.47972664965474,0,241.0,259.6957972998228,45241.5,1,56.04950706076504,56.09594412775932,-2.2820398396928403,347,207
2023,11,13,15,1.7129687,14.437866243737693,10.415156,0,0,0,0,0,276875,1,10.0,0,55.284596625867074,-1.6902046743213603,977.0114,987.01140625,24.994777107012563,0,241.0,296.87042583783426,45241.625,1,63.229833750587744,63.3488621647679,3.8815539985677,355,207
2023,11,13,18,1.6096874,13.526745607843068,11.374726,0,0,0,0,0,263750,1,10.0,0,55.53364293051949,0.5672664098579344,978.6211,988.62109375,24.23144266550239,0,241.0,289.7485676944319,45241.75,1,47.35039120291546,48.24177622269425,9.230895192307981,361,208
2023,11,13,21,2.005625,16.81518078312588,10.502773,0,0,0,0,0,286875,1,10.0,1,55.72652573333001,2.8529113107863617,980.6267,990.62671875,23.095559012993476,1,241.0,302.18396482767736,45241.875,1,47.7058804536346,48.23859490688932,7.149196369837147,367,209
2023,11,14,0,1.3007032,10.917865338964823,8.996367,0,0,0,0,0,457500,1,12.0,1,55.62841120540778,5.125770127521533,981.9274,993.927421875,22.182428358163463,1,241.0,381.6107610236958,45242.0,1,47.558174673432426,47.69701174406829,-3.63661257835904,373,209
2023,11,14,3,1.3639843,11.470122358271137,10.430938,0,0,0,0,0,505000,1,12.0,1,55.4747212457204,7.382576352728928,983.2914,995.29140625,20.966023808985206,1,241.0,400.93202980407324,45242.125,1,47.407343553181526,47.748366478158104,-5.696514597814247,379,209
2023,11,14,6,2.5925782,21.856600583540597,8.198516,0,0,0,0,0,460000,1,10.0,1,55.26609622303816,9.616591570049946,985.884,995.883984375,19.361742846735208,1,241.0,382.6519928662906,45242.25,1,47.17671834746929,47.806245566041596,-7.732681364457331,385,209
2023,11,14,9,2.6608593,22.454438813587643,8.731406,0,0,0,0,0,410000,1,8.0,1,55.18448804014453,12.264773727892402,988.54486,996.54484375,17.499410535623188,1,241.0,361.25759969217836,45242.375,1,56.036736809967366,56.11831536524897,-3.02480530348426,392,210
2023,11,14,12,1.6810937,14.232903964921611,9.176523,0,0,0,0,0,560000,1,8.0,1,54.91619501092208,14.081322750137778,990.22595,998.2259375,15.416121174923976,1,241.0,422.2008245644752,45242.5,1,38.698644602979634,39.95589682123387,-9.944274567878873,397,210
2023,11,14,15,1.2692188,10.734924291206646,9.074297,0,0,0,0,0,371250,1,6.0,1,54.99879279189869,16.43159227475049,991.4952,997.49515625,14.399492993187785,1,241.0,343.7623383178156,45242.625,1,49.96493475475803,50.05863955215843,3.0614847322325396,403,212
2023,11,14,18,1.3647656,11.582498398367491,7.7978125,0,0,0,0,0,981875,1,8.0,1,54.72107529685362,17.850318302216834,992.8599,1000.859921875,13.632766099461126,1,241.0,559.0532349398486,45242.75,1,30.370364178463923,32.067383116708584,-10.293592163148972,407,212
2023,11,14,21,0.9572656,8.146613947192344,7.113711,0,0,0,0,0,555000,1,6.0,1,54.49813440148089,18.899813101183472,993.8172,999.8171875,13.053189721258542,1,241.0,420.31177336829836,45242.875,1,22.58987592369882,24.053785604263556,-8.263298835681121,410,212
2023,11,15,0,0.5853906,4.991529226930049,7.6972656,0,0,0,0,0,557500,1,6.0,1,54.34263960514264,19.59228189105153,994.4026,1000.402578125,12.847455015855605,1,241.0,421.25735785557896,45243.0,1,14.961790601826518,16.033467570703632,-5.763410824147505,412,212
2023,11,15,3,0.98015624,8.392150883158992,6.546679,0,0,0,0,0,296875,1,4.0,2,54.01543976330887,20.959380465422896,995.38275,999.382734375,12.40460317106312,2,241.0,307.4056724603709,45243.125,1,29.77243546183955,32.14775121520351,-12.127654136939169,416,212
2023,11,15,6,1.4107813,12.119141714758081,6.3551955,0,0,0,0,0,320625,1,4.0,2,53.75609902624613,21.968647130249252,996.7935,1000.793515625,11.776496300191997,2,241.0,319.4653459417435,45243.25,1,22.116576589932787,24.115188374908914,-9.61245807787889,419,212
2023,11,15,9,1.5800781,13.667270476138981,5.2422657,0,0,0,0,0,369375,1,4.0,2,53.22303183585553,24.73792746764775,998.3736,1002.37359375,10.647881437410993,2,241.0,342.8931527591907,45243.375,1,61.448882222928425,64.5472580852694,-19.758122377367933,427,213
2023,11,15,12,0.75703126,6.565346462474237,4.906875,0,0,0,0,0,796250,1,4.0,2,53.02244678921814,25.37979035845559,999.1306,1003.130625,10.163303938586655,2,241.0,503.44239677826437,45243.5,1,14.310067451639691,16.126143213019446,-7.434679848946791,429,213
2023,11,15,15,1.3567188,11.814439018079183,4.2259765,0,0,0,0,0,175625,1,2.0,2,52.71240856779408,26.32991249918173,1000.48737,1002.48734375,9.417561068221264,2,241.0,236.438520044912,45243.625,1,21.334419223930993,24.23248592450368,-11.491559096085817,432,213
2023,11,15,18,1.4750781,12.921595556190837,3.4289844,0,0,0,0,0,216250,1,2.0,2,52.26934331740422,28.347700269645852,1001.9624,1003.962421875,8.545579535366961,2,241.0,262.363322298001,45243.75,1,45.76582753931159,48.62303683396021,-16.42220267195117,438,214
2023,11,15,21,0.5571875,4.896026178988774,3.530703,0,0,0,0,0,191250,1,2.0,2,52.041589075932094,28.954202719052383,1002.5196,1004.519609375,8.68111591427185,2,241.0,246.73217409298277,45243.875,1,13.827166893025858,16.20039919874599,-8.441705391159976,440,214
2023,11,16,0,0.65828127,5.786366748718782,4.1748047,0,0,0,0,0,204375,1,2.0,2,52.01587798731861,29.72352618070669,1003.1779,1005.177890625,8.331320577506121,2,241.0,255.05799926450496,45244.0,1,17.549249890335133,17.57510581059166,-0.9529808707759971,442,215
2023,11,16,3,0.6834375,6.027081429164246,4.442148,0,0,0,0,0,196875,1,2.0,2,51.77802917286032,30.318032258606394,1003.8613,1005.861328125,8.16423577694957,2,241.0,250.33429417967045,45244.125,1,13.633448982275544,16.23546511091695,-8.815860492061537,444,215
2023,11,16,6,0.9753125,8.635120563981728,4.3841796,0,0,0,0,0,166875,1,2.0,3,51.49197921886171,31.66316162208905,1004.8367,1006.836640625,7.786374644545721,3,241.0,230.4733439183804,45244.25,1,31.041853965504668,32.80256569254521,-10.602434550518382,448,216
2023,11,16,9,0.7852344,6.976709431640197,5.7391405,0,0,0,0,0,198750,1,2.0,3,51.239975770420926,32.238073317003305,1005.6219,1007.621875,7.831821443281402,3,241.0,251.5235374254831,45244.375,1,13.340731587299322,16.285579217282617,-9.34050165451629,450,216
2023,11,16,12,0.0,,,0,3,0,0,0,0,0,,3,51.239975770420926,32.238073317003305,,,7.831821443281402,3,241.0,0.0,45244.5,0,0.0,0.0,0.0,450,216
