CalculateIndicators/WaterTemperature/Data/CTD_NYOS/Problem_files/20230516_C09A-2.cnv
* Sea-Bird SBE 9 Data File:
* FileName = C:\Seabird 9 CTD\Data\2023\202305_offshore\20230516_C10_2.hex
* Software Version Seasave V 7.23.2
* Temperature SN = 4590
* Conductivity SN = 3228
* Number of Bytes Per Scan = 44
* Number of Voltage Words = 5
* Number of Scans Averaged by the Deck Unit = 1
* NMEA Latitude = 39 19.60 N
* NMEA Longitude = 072 04.59 W
* NMEA UTC (Time) = May 16 2023  06:40:41
* NMEA baud rate = 4800
** Ship: seawolf
** Station: 9.7
** Operator: TDK
# nquan = 18
# nvalues = 104                         
# units = specified
# name 0 = latitude: Latitude [deg]
# name 1 = longitude: Longitude [deg]
# name 2 = prDM: Pressure, Digiquartz [db]
# name 3 = depSM: Depth [salt water, m]
# name 4 = t090C: Temperature [ITS-90, deg C]
# name 5 = sal00: Salinity, Practical [PSU]
# name 6 = ph: pH
# name 7 = flECO-AFL: Fluorescence, WET Labs ECO-AFL/FL [mg/m^3]
# name 8 = cpar: CPAR/Corrected Irradiance [%]
# name 9 = density00: Density [density, kg/m^3]
# name 10 = potemp090C: Potential Temperature [ITS-90, deg C]
# name 11 = sigma-100: Density [sigma-1, kg/m^3 ]
# name 12 = sbeox0Mg/L: Oxygen, SBE 43 [mg/l]
# name 13 = sbox0Mm/Kg: Oxygen, SBE 43 [umol/kg]
# name 14 = oxsolMg/L: Oxygen Saturation, Garcia & Gordon [mg/l]
# name 15 = oxsolMm/Kg: Oxygen Saturation, Garcia & Gordon [umol/kg]
# name 16 = sbeox0PS: Oxygen, SBE 43 [% saturation]
# name 17 = flag: flag
# span 0 =   39.32641,   39.32770       
# span 1 =  -72.07692,  -72.07351       
# span 2 =      1.000,    103.000       
# span 3 =      0.992,    102.192       
# span 4 =    13.8951,    15.1528       
# span 5 =    34.0454,    35.7179       
# span 6 =      8.023,      8.093       
# span 7 =    -0.0791,     0.8592       
# span 8 = -2.284e+04, 1.0372e+05       
# span 9 =  1025.4745,  1026.9474       
# span 10 =    13.8847,    15.1373      
# span 11 =    29.8513,    30.8440      
# span 12 =     7.0993,     9.3147      
# span 13 =    216.131,    287.460      
# span 14 =    8.07464,    9.24267      
# span 15 =  245.82299,  285.23115      
# span 16 =     87.099,    101.367      
# span 17 = 0.0000e+00, 0.0000e+00      
# interval = decibars: 1                
# start_time = May 16 2023 06:40:42 [System UTC, first data scan.]
# bad_flag = -9.990e-29
*END*
   39.32641  -72.07692    102.000    101.200    15.1528    35.7179 -9.990e-29    -0.0436 -2.284e+04  1026.9434    15.1373    30.8440     7.1227    216.841    8.07464  245.82299     88.210 0.0000e+00
   39.32722  -72.07540    103.000    102.192    15.1448    35.7152 -9.990e-29    -0.0782 5.1066e+04  1026.9474    15.1291    30.8438     7.1202    216.766    8.07634  245.87489     88.161 0.0000e+00
   39.32710  -72.07538    102.000    101.200    15.1434    35.7143 -9.990e-29    -0.0700 3.2681e+03  1026.9427    15.1278    30.8434     7.1206    216.778    8.07668  245.88523     88.162 0.0000e+00
   39.32714  -72.07526    101.000    100.208    15.1420    35.7138 -9.990e-29    -0.0765 5.0640e-11  1026.9381    15.1265    30.8433     7.0993    216.131    8.07699  245.89474     87.896 0.0000e+00
   39.32714  -72.07526    100.000     99.216    15.1414    35.7134 -9.990e-29    -0.0791 5.0640e-11  1026.9335    15.1261    30.8431     7.1038    216.267    8.07751  245.91049     87.945 0.0000e+00
   39.32715  -72.07525     99.000     98.224    15.1386    35.7124 -9.990e-29    -0.0717 5.0640e-11  1026.9289    15.1235    30.8429     7.1088    216.418    8.07818  245.93080     88.000 0.0000e+00
   39.32714  -72.07524     98.000     97.232    15.1346    35.7108 -9.990e-29    -0.0538 5.0640e-11  1026.9242    15.1196    30.8427     7.1188    216.724    8.07872  245.94758     88.118 0.0000e+00
   39.32715  -72.07522     97.000     96.240    15.1283    35.7081 -9.990e-29    -0.0693 5.0640e-11  1026.9191    15.1135    30.8421     7.1058    216.329    8.08003  245.98773     87.943 0.0000e+00
   39.32716  -72.07519     96.000     95.248    15.1236    35.7068 -9.990e-29    -0.0660 2.7348e+03  1026.9147    15.1090    30.8422     7.1075    216.380    8.08958  246.27961     87.859 0.0000e+00
   39.32718  -72.07519     95.000     94.256    15.0701    35.6857      8.030    -0.0642 1.0372e+05  1026.9060    15.0556    30.8389     7.1104    216.469    8.09199  246.35284     87.870 0.0000e+00
   39.32718  -72.07516     94.000     93.264    15.0512    35.6793      8.030    -0.0558 9.9999e+04  1026.9009    15.0369    30.8385     7.1086    216.414    8.09742  246.51876     87.788 0.0000e+00
   39.32718  -72.07514     93.000     92.272    15.0285    35.6692 -9.990e-29    -0.0736 9.9999e+04  1026.8937    15.0143    30.8361     7.1080    216.397    8.10469  246.74108     87.702 0.0000e+00
   39.32718  -72.07512     92.000     91.280    15.0010    35.6566      8.029    -0.0526 9.9999e+04  1026.8857    14.9870    30.8330     7.1225    216.838    8.10816  246.84661     87.843 0.0000e+00
 -9.990e-29  -72.07512     91.000     90.288    14.9600    35.6428      8.029 -9.990e-29 9.6706e+04  1026.8797    14.9462    30.8321     7.1349    217.218    8.11566  247.07600     87.915 0.0000e+00
   39.32720  -72.07509     90.000     89.296    14.9242    35.6299      8.028    -0.0705 9.2228e+02  1026.8734    14.9106    30.8309     7.1235    216.871    8.11809  247.14982     87.749 0.0000e+00
   39.32722  -72.07506     89.000     88.305    14.9104    35.6262      8.028    -0.0631 5.0640e-11  1026.8691    14.8969    30.8313     7.1306    217.085    8.11988  247.20462     87.816 0.0000e+00
   39.32722  -72.07506     88.000     87.313    14.9016    35.6231      8.028    -0.0529 5.0640e-11  1026.8642    14.8883    30.8309     7.1181    216.707    8.12083  247.23339     87.653 0.0000e+00
   39.32722  -72.07506     87.000     86.321    14.8963    35.6212      8.027    -0.0634 5.0640e-11  1026.8595    14.8832    30.8307     7.1280    217.006    8.12381  247.32394     87.742 0.0000e+00
 -9.990e-29  -72.07504     86.000     85.328    14.8877    35.6171      8.026 -9.990e-29 5.0640e-11  1026.8538    14.8748    30.8295     7.1268    216.972    8.12473  247.35265     87.718 0.0000e+00
   39.32724  -72.07500     85.000     84.337    14.8748    35.6140      8.027    -0.0524 5.0640e-11  1026.8498    14.8620    30.8302     7.1428    217.458    8.14135  247.85967     87.734 0.0000e+00
   39.32723  -72.07499     84.000     83.345    14.8206    35.5935      8.026    -0.0632 5.0640e-11  1026.8416    14.8080    30.8275     7.1278    217.003    8.14790  248.05968     87.480 0.0000e+00
   39.32723  -72.07497     83.000     82.352    14.7266    35.5623      8.027    -0.0698 5.0640e-11  1026.8339    14.7142    30.8259     7.1284    217.021    8.15423  248.25308     87.419 0.0000e+00
   39.32724  -72.07496     82.000     81.361    14.7103    35.5540      8.026    -0.0665 5.0640e-11  1026.8262    14.6980    30.8230     7.1475    217.605    8.17412  248.86080     87.440 0.0000e+00
   39.32724  -72.07495     81.000     80.368    14.6220    35.5217      8.026    -0.0652 5.0640e-11  1026.8165    14.6099    30.8193     7.1448    217.527    8.19160  249.39555     87.222 0.0000e+00
   39.32725  -72.07493     80.000     79.376    14.5328    35.4898      8.023    -0.0634 5.0640e-11  1026.8073    14.5209    30.8162     7.1702    218.301    8.21520  250.11586     87.280 0.0000e+00
   39.32724  -72.07494     79.000     78.385    14.4207    35.4511      8.023    -0.0516 5.0640e-11  1026.7967    14.4090    30.8122     7.1995    219.197    8.26174  251.53734     87.143 0.0000e+00
   39.32726  -72.07492     78.000     77.393    14.3536    35.4090      8.023    -0.0524 5.0640e-11  1026.7751    14.3422    30.7963     7.1908    218.932    8.25588  251.35868     87.099 0.0000e+00
   39.32726  -72.07491     77.000     76.400    14.1830    35.3500      8.024    -0.0301 5.0640e-11  1026.7617    14.1718    30.7907     7.2580    220.978    8.26809  251.73056     87.784 0.0000e+00
   39.32726  -72.07488     76.000     75.408    14.0873    35.3238      8.024    -0.0223 5.0640e-11  1026.7569    14.0763    30.7921     7.3302    223.183    8.30226  252.77911     88.292 0.0000e+00
   39.32728  -72.07486     75.000     74.416    14.0260    35.2750      8.024    -0.0091 5.0640e-11  1026.7276    14.0152    30.7686     7.3155    222.735    8.30631  252.90319     88.071 0.0000e+00
   39.32726  -72.07486     74.000     73.424    13.9209    35.2347      8.029     0.0193 5.0640e-11  1026.7144    13.9103    30.7618     7.3798    224.692    8.30555  252.88047     88.853 0.0000e+00
   39.32728  -72.07488     73.000     72.432    13.8951    35.2217      8.030     0.0652 5.0640e-11  1026.7055    13.8847    30.7579     7.4564    227.026    8.30415  252.83852     89.791 0.0000e+00
   39.32729  -72.07486     72.000     71.440    13.9033    35.2213      8.030     0.0819 5.0640e-11  1026.6991    13.8929    30.7557     7.4581    227.080    8.30322  252.81053     89.822 0.0000e+00
   39.32728  -72.07485     71.000     70.448    13.9100    35.2201      8.030     0.0871 5.0640e-11  1026.6922    13.8999    30.7532     7.4459    226.707    8.30166  252.76412     89.691 0.0000e+00
   39.32729  -72.07484     70.000     69.456    13.9205    35.2184      8.029     0.1069 5.0640e-11  1026.6843    13.9105    30.7495     7.4416    226.580    8.30132  252.75508     89.644 0.0000e+00
   39.32729  -72.07483     69.000     68.464    13.9244    35.2134      8.029     0.1069 5.0640e-11  1026.6751    13.9145    30.7447     7.4442    226.659    8.30097  252.74525     89.679 0.0000e+00
   39.32730  -72.07483     68.000     67.472    13.9288    35.2087 -9.990e-29     0.1075 5.0640e-11  1026.6661    13.9191    30.7400     7.4394    226.516    8.30078  252.74150     89.624 0.0000e+00
   39.32731  -72.07480     67.000     66.480    13.9314    35.2030      8.030     0.0998 5.0640e-11  1026.6567    13.9217    30.7350     7.4437    226.647    8.30002  252.72037     89.683 0.0000e+00
   39.32730  -72.07478     66.000     65.488    13.9370    35.1901      8.030     0.1301 5.0640e-11  1026.6411    13.9275    30.7239     7.4577    227.078    8.28729  252.33783     89.990 0.0000e+00
   39.32730  -72.07478     65.000     64.496    13.9535    35.1878      8.032     0.0896 5.0640e-11  1026.6314    13.9442    30.7183     7.4534    226.948    8.27575  251.98784     90.063 0.0000e+00
   39.32731  -72.07476     64.000     63.504    14.0385    35.1885      8.034     0.1396 5.0640e-11  1026.6098    14.0292    30.6996     7.4455    226.710    8.27908  252.09137     89.932 0.0000e+00
   39.32732  -72.07476     63.000     62.512    14.0924    35.1898      8.034     0.1743 5.0640e-11  1026.5945    14.0833    30.6878     7.4286    226.198    8.27550  251.98472     89.767 0.0000e+00
   39.32730  -72.07476     62.000     61.519    14.1021    35.1793      8.033     0.1542 5.0640e-11  1026.5799    14.0931    30.6775     7.4525    226.925    8.27764  252.05017     90.032 0.0000e+00
   39.32732  -72.07474     61.000     60.527    14.0839    35.1713      8.034     0.1913 3.9312e+04  1026.5731    14.0751    30.6755     7.4552    227.007    8.27876  252.08415     90.052 0.0000e+00
   39.32732  -72.07472     60.000     59.535    14.0734    35.1685      8.034     0.2223 3.7461e+04  1026.5688    14.0647    30.6758     7.4663    227.346    8.28272  252.20621     90.143 0.0000e+00
   39.32732  -72.07470     59.000     58.543    14.0323    35.1512      8.034     0.2454 -8.454e+02  1026.5595    14.0238    30.6717     7.4733    227.561    8.27467  251.96371     90.315 0.0000e+00
   39.32732  -72.07471     58.000     57.551    14.0773    35.1575      8.034     0.2336 5.0640e-11  1026.5507    14.0689    30.6665     7.4962    228.261    8.26829  251.76980     90.662 0.0000e+00
   39.32734  -72.07468     57.000     56.559    14.1478    35.1628      8.037     0.2571 5.0640e-11  1026.5354    14.1396    30.6544     7.4701    227.464    8.23561  250.77562     90.704 0.0000e+00
   39.32732  -72.07469     56.000     55.567    14.2188    35.1927      8.038     0.2559 5.0640e-11  1026.5386    14.2106    30.6606     7.4717    227.516    8.22322  250.39983     90.861 0.0000e+00
   39.32733  -72.07467     55.000     54.575    14.3456    35.2085      8.042     0.2625 5.0640e-11  1026.5192    14.3376    30.6432     7.4695    227.450    8.21973  250.29555     90.872 0.0000e+00
   39.32734  -72.07465     54.000     53.583    14.4172    35.2168      8.042     0.2739 5.0640e-11  1026.5058    14.4092    30.6329     7.4814    227.813    8.21133  250.04056     91.111 0.0000e+00
   39.32733  -72.07465     53.000     52.590    14.4377    35.2222      8.043     0.3052 5.0640e-11  1026.5012    14.4299    30.6323     7.4909    228.104    8.20515  249.85428     91.295 0.0000e+00
   39.32734  -72.07464     52.000     51.598    14.4979    35.2247      8.046     0.3137 5.0640e-11  1026.4856    14.4902    30.6200     7.4982    228.331    8.19459  249.53635     91.502 0.0000e+00
   39.32734  -72.07462     51.000     50.606    14.5113    35.2297      8.049     0.3109 5.0640e-11  1026.4823    14.5038    30.6209     7.5026    228.462    8.19049  249.41004     91.601 0.0000e+00
   39.32734  -72.07461     50.000     49.614    14.5929    35.2285      8.052     0.3737 5.0640e-11  1026.4594    14.5855    30.6009     7.5659    230.398    8.17907  249.06964     92.504 0.0000e+00
   39.32734  -72.07460     49.000     48.622    14.6195    35.2280      8.055     0.4556 5.0640e-11  1026.4489    14.6122    30.5944     7.6181    231.986    8.16926  248.77227     93.252 0.0000e+00
   39.32734  -72.07460     48.000     47.630    14.6874    35.2297      8.059     0.4863 5.0640e-11  1026.4304    14.6802    30.5791     7.6503    232.970    8.16757  248.72114     93.667 0.0000e+00
   39.32734  -72.07460     47.000     46.637    14.7134    35.2280 -9.990e-29     0.5793 5.0640e-11  1026.4191    14.7064    30.5718     7.6919    234.237    8.16708  248.70669     94.182 0.0000e+00
   39.32736  -72.07454     46.000     45.645    14.7246    35.2305      8.059     0.6516 5.0640e-11  1026.4143    14.7177    30.5711     7.6929    234.267    8.16224  248.56084     94.249 0.0000e+00
   39.32736  -72.07454     45.000     44.653    14.7433    35.2312      8.061     0.6630 5.0640e-11  1026.4062    14.7365    30.5672     7.6959    234.359    8.16218  248.55972     94.287 0.0000e+00
   39.32734  -72.07456     44.000     43.661    14.7596    35.2276      8.063     0.7165 5.0640e-11  1026.3955    14.7530    30.5605     7.7359    235.579    8.16520  248.65278     94.742 0.0000e+00
   39.32735  -72.07455     43.000     42.669    14.7466    35.2150      8.064     0.8015 5.0640e-11  1026.3840    14.7402    30.5538     7.7788    236.886    8.17031  248.80924     95.208 0.0000e+00
   39.32737  -72.07452     42.000     41.677    14.7176    35.2010      8.069     0.8339 5.0640e-11  1026.3752    14.7113    30.5500     7.8335    238.556    8.16634  248.69215     95.924 0.0000e+00
   39.32738  -72.07451     41.000     40.684    14.7088    35.1917      8.071     0.8312 9.0049e+04  1026.3655    14.7027    30.5449     7.8589    239.334    8.15592  248.37953     96.358 0.0000e+00
   39.32737  -72.07451     40.000     39.692    14.7503    35.1889      8.076     0.8159 9.9615e+04  1026.3498    14.7444    30.5329     7.9454    241.967    8.15664  248.40098     97.410 0.0000e+00
   39.32738  -72.07448     39.000     38.700    14.8173    35.1840      8.081     0.8445 9.9999e+04  1026.3266    14.8115    30.5129     8.0631    245.556    8.15150  248.24658     98.916 0.0000e+00
   39.32739  -72.07446     38.000     37.708    14.8281    35.1831      8.082     0.8592 -1.588e+03  1026.3195    14.8225    30.5100     8.0577    245.392    8.14242  247.97217     98.959 0.0000e+00
 -9.990e-29  -72.07445     37.000     36.715    14.8738    35.1848      8.085     0.7516 5.0640e-11  1026.3064    14.8683    30.5005     8.0774    245.993    8.14128  247.93832     99.215 0.0000e+00
 -9.990e-29  -72.07445     36.000     35.723    14.9050    35.1846      8.086     0.6627 5.0640e-11  1026.2949    14.8996    30.4928     8.0905    246.394    8.13891  247.86781     99.406 0.0000e+00
   39.32740  -72.07443     35.000     34.731    14.9204    35.1835      8.087     0.6339 5.0640e-11  1026.2863    14.9152    30.4884     8.0998    246.685    8.15221  248.28187     99.357 0.0000e+00
   39.32740  -72.07442     34.000     33.739    14.9179    35.1590      8.090     0.5871 5.0640e-11  1026.2636    14.9128    30.4703     8.1180    247.240    8.16251  248.59619     99.454 0.0000e+00
   39.32740  -72.07444     33.000     32.747    14.8515    35.1043      8.091     0.5591 5.0640e-11  1026.2314    14.8466    30.4440     8.1410    247.941    8.15929  248.49685     99.776 0.0000e+00
   39.32741  -72.07440     32.000     31.754    14.7997    35.0834      8.091     0.4230 5.0640e-11  1026.2225    14.7949    30.4406     8.2088    250.013    8.18054  249.15105    100.346 0.0000e+00
   39.32740  -72.07440     31.000     30.762    14.7579    35.0540      8.092     0.4046 5.0640e-11  1026.2043    14.7533    30.4277     8.2272    250.582    8.20023  249.76013    100.329 0.0000e+00
   39.32741  -72.07439     30.000     29.770    14.6578    34.9960      8.092     0.3770 5.0640e-11  1026.1770    14.6533    30.4070     8.2412    251.011    8.20564  249.92630    100.434 0.0000e+00
   39.32742  -72.07435     29.000     28.778    14.5821    34.9431      8.092     0.3265 5.0640e-11  1026.1476    14.5778    30.3837     8.2923    252.577    8.24597  251.16583    100.562 0.0000e+00
   39.32742  -72.07436     28.000     27.785    14.4527    34.8457      8.093     0.3237 5.0640e-11  1026.0957    14.4486    30.3392     8.2929    252.602    8.26174  251.65152    100.378 0.0000e+00
   39.32742  -72.07434     27.000     26.793    14.3682    34.8193      8.091     0.3244 5.0640e-11  1026.0899    14.3643    30.3395     8.3162    253.309    8.26337  251.70064    100.639 0.0000e+00
   39.32742  -72.07433     26.000     25.801    14.3025    34.7860      8.090     0.3366 5.0640e-11  1026.0736    14.2987    30.3290     8.3550    254.493    8.26097  251.62887    101.138 0.0000e+00
   39.32742  -72.07431     25.000     24.808    14.2806    34.7697      8.089     0.3379 5.0640e-11  1026.0608    14.2769    30.3211     8.3742    255.082    8.26126  251.64100    101.367 0.0000e+00
