CalculateIndicators/WaterTemperature/Data/CTD_NYOS/Problem_files/20230516_C09A-2.cnv
* Sea-Bird SBE 9 Data File:
* FileName = C:\Seabird 9 CTD\Data\2023\202305_offshore\20230516_C10_2.hex
* Software Version Seasave V 7.23.2
* Temperature SN = 4590
* Conductivity SN = 3228
* Number of Bytes Per Scan = 44
* Number of Voltage Words = 5
* Number of Scans Averaged by the Deck Unit = 1
* NMEA Latitude = 39 19.60 N
* NMEA Longitude = 072 04.59 W
* NMEA UTC (Time) = May 16 2023  06:40:41
* NMEA baud rate = 4800
** Ship: seawolf
** Station: 9.7
** Operator: TDK
# nquan = 18
# nvalues = 104                         
# units = specified
# name 0 = latitude: Latitude [deg]
# name 1 = longitude: Longitude [deg]
# name 2 = prDM: Pressure, Digiquartz [db]
# name 3 = depSM: Depth [salt water, m]
# name 4 = t090C: Temperature [ITS-90, deg C]
# name 5 = sal00: Salinity, Practical [PSU]
# name 6 = ph: pH
# name 7 = flECO-AFL: Fluorescence, WET Labs ECO-AFL/FL [mg/m^3]
# name 8 = cpar: CPAR/Corrected Irradiance [%]
# name 9 = density00: Density [density, kg/m^3]
# name 10 = potemp090C: Potential Temperature [ITS-90, deg C]
# name 11 = sigma-100: Density [sigma-1, kg/m^3 ]
# name 12 = sbeox0Mg/L: Oxygen, SBE 43 [mg/l]
# name 13 = sbox0Mm/Kg: Oxygen, SBE 43 [umol/kg]
# name 14 = oxsolMg/L: Oxygen Saturation, Garcia & Gordon [mg/l]
# name 15 = oxsolMm/Kg: Oxygen Saturation, Garcia & Gordon [umol/kg]
# name 16 = sbeox0PS: Oxygen, SBE 43 [% saturation]
# name 17 = flag: flag
# span 0 =   39.32641,   39.32770       
# span 1 =  -72.07692,  -72.07351       
# span 2 =      1.000,    103.000       
# span 3 =      0.992,    102.192       
# span 4 =    13.8951,    15.1528       
# span 5 =    34.0454,    35.7179       
# span 6 =      8.023,      8.093       
# span 7 =    -0.0791,     0.8592       
# span 8 = -2.284e+04, 1.0372e+05       
# span 9 =  1025.4745,  1026.9474       
# span 10 =    13.8847,    15.1373      
# span 11 =    29.8513,    30.8440      
# span 12 =     7.0993,     9.3147      
# span 13 =    216.131,    287.460      
# span 14 =    8.07464,    9.24267      
# span 15 =  245.82299,  285.23115      
# span 16 =     87.099,    101.367      
# span 17 = 0.0000e+00, 0.0000e+00      
# interval = decibars: 1                
# start_time = May 16 2023 06:40:42 [System UTC, first data scan.]
# bad_flag = -9.990e-29
*END*
[from data line 81]
   39.32744  -72.07429     23.000     22.824    14.3317    34.7646      8.092     0.2757 5.0640e-11  1026.0376    14.3284    30.3058     8.3445    254.178    8.24797  251.23802    101.170 0.0000e+00
 -9.990e-29  -72.07428     22.000     21.832    14.3864    34.7703 -9.990e-29     0.2603 1.3421e+04  1026.0254    14.3832    30.2971     8.3314    253.787    8.24201  251.06345    101.085 0.0000e+00
 -9.990e-29  -72.07427     21.000     20.839    14.4318    34.7648 -9.990e-29     0.2376 1.0259e+05  1026.0069    14.4287    30.2822     8.3556    254.548    8.26406  251.75818    101.108 0.0000e+00
 -9.990e-29  -72.07427     20.000     19.847    14.4207    34.6849      8.091     0.2121 9.9999e+04  1025.9430    14.4178    30.2234     8.3562    254.582    8.28700  252.47209    100.836 0.0000e+00
 -9.990e-29  -72.07426     19.000     18.855    14.2899    34.5588      8.090     0.1792 9.9999e+04  1025.8698    14.2871    30.1579     8.3576    254.625    8.29416  252.69296    100.764 0.0000e+00
   39.32744  -72.07424     18.000     17.862    14.1846    34.4568      8.089     0.1483 1.1621e+04  1025.8088    14.1820    30.1039     8.4280    256.790    8.31509  253.34816    101.359 0.0000e+00
   39.32744  -72.07424     17.000     16.870    14.1317    34.3973      8.088     0.1481 -7.301e+02  1025.7697    14.1293    30.0706     8.4423    257.268    8.34913  254.42904    101.116 0.0000e+00
   39.32746  -72.07422     16.000     15.878    14.0705    34.2848      8.085     0.1358 5.0640e-11  1025.6901    14.0682    29.9973     8.4170    256.497    8.34925  254.43081    100.812 0.0000e+00
   39.32744  -72.07424     15.000     14.886    14.0042    34.1224      8.084     0.1159 5.0640e-11  1025.5762    14.0020    29.8902     8.4113    256.318    8.34849  254.40497    100.752 0.0000e+00
   39.32746  -72.07421     14.000     13.893    13.9826    34.0966      8.083     0.0897 5.0640e-11  1025.5549    13.9806    29.8738     8.4319    256.951    8.35124  254.49353    100.965 0.0000e+00
   39.32746  -72.07418     13.000     12.901    13.9769    34.0754      8.081     0.0818 5.0640e-11  1025.5352    13.9750    29.8588     8.4427    257.286    8.35345  254.56475    101.069 0.0000e+00
   39.32746  -72.07418     12.000     11.909    13.9718    34.0693      8.082     0.0750 5.0640e-11  1025.5273    13.9701    29.8554     8.4360    257.081    8.35341  254.56366    100.989 0.0000e+00
   39.32746  -72.07417     11.000     10.916    13.9687    34.0649      8.082     0.0652 4.1458e+04  1025.5201    13.9672    29.8527     8.4335    257.004    8.35352  254.56726    100.957 0.0000e+00
   39.32746  -72.07416     10.000      9.924    13.9695    34.0642 -9.990e-29     0.0695 1.0229e+05  1025.5149    13.9681    29.8520     8.4207    256.616    8.35342  254.56404    100.806 0.0000e+00
   39.32746  -72.07418      9.000      8.931    13.9694    34.0644 -9.990e-29     0.0787 9.9999e+04  1025.5106    13.9681    29.8521     8.4222    256.662    8.35340  254.56364    100.824 0.0000e+00
 -9.990e-29  -72.07416      8.000      7.939    13.9687    34.0642 -9.990e-29     0.0796 8.6646e+04  1025.5061    13.9676    29.8521     8.4322    256.965    8.35328  254.55983    100.945 0.0000e+00
   39.32748  -72.07413      7.000      6.947    13.9695    34.0640 -9.990e-29     0.0542 -3.261e+03  1025.5014    13.9685    29.8518     8.4322    256.964    8.35337  254.56289    100.943 0.0000e+00
   39.32748  -72.07412      6.000      5.954    13.9692    34.0636 -9.990e-29     0.0801 5.0640e-11  1025.4967    13.9684    29.8515     8.4243    256.724    8.35360  254.56974    100.846 0.0000e+00
   39.32748  -72.07412      5.000      4.962    13.9686    34.0633 -9.990e-29     0.0588 5.0640e-11  1025.4920    13.9679    29.8513     8.4184    256.545    8.35369  254.57258    100.775 0.0000e+00
   39.32748  -72.07412      4.000      3.970    13.9673    34.0632      8.081     0.0745 4.8789e-01  1025.4878    13.9668    29.8515     8.4473    257.424    8.35375  254.57428    101.119 0.0000e+00
   39.32748  -72.07408      3.000      2.977    13.9669    34.0631      8.081     0.0673 2.3483e+00  1025.4833    13.9664    29.8515     8.4351    257.055    8.35376  254.57457    100.974 0.0000e+00
   39.32748  -72.07408      2.000      1.985    13.9667    34.0629      8.081     0.0581 4.7006e+00  1025.4788    13.9664    29.8514     8.3996    255.972    8.35380  254.57602    100.548 0.0000e+00
   39.32770  -72.07351      1.000      0.992    13.9657    34.0454      8.081     0.0851 2.1819e+04  1025.4745    13.9656    29.8515     9.3147    287.460    9.24267  285.23115    100.767 0.0000e+00
