year,month,day,hour,Dp,DpDt,DsqP,Ege,Ely,Emg,Erg,Esp,area,centers,depth,id,lat,lon,p_cent,p_edge,p_grad,pid,ptid,radius,time,type,u,uv,v,x,y
2023,3,16,18,-0.76921874,-7.084970147468349,14.225509,2,0,0,0,2,395625,1,8.0,16,48.78117821758608,-147.94398725029637,992.14404,1000.1440625,14.469566857948427,16,414,354.86807227681413,44999.75,1,34.443153747921755,59.64726620609705,48.69769528178958,264,512
2023,3,16,21,-0.45125,-4.098002992058571,11.941719,0,0,0,0,0,344375,1,8.0,20,49.72020729809018,-147.52880770915152,991.6928,999.6928125,15.673145034842296,20,414,331.08604176942123,44999.875,1,9.949049308460992,36.19914178044271,34.80508990792014,265,508
2023,3,17,0,-2.1417189,-19.07882789227584,12.29957,0,0,0,0,0,501875,1,10.0,16,51.053614258860314,-146.72950350588334,989.5511,999.55109375,18.17067222690056,16,414,399.68959722325764,45000.0,1,18.622721961377597,52.81485295230653,49.42269639672634,266,502
2023,3,17,3,-1.9439063,-16.97451649540159,11.370586,0,0,0,0,0,365625,1,10.0,15,52.50547960978836,-146.16488017754858,987.6072,997.6071875,20.328157629695532,15,414,341.1481381100423,45000.125,1,12.738386530047908,55.30048400520927,53.81335373140667,268,496
2023,3,17,6,-1.0057813,-8.684287877128957,15.044258,0,0,2,0,0,8290000,2,26.0,16,53.35972709897063,-146.16162621460836,986.6014,1012.60140625,21.833744549632325,16,414,1624.4349652921244,45000.25,1,0.07197756448213569,31.662744110508356,31.662662298640377,270,493
2023,3,17,9,-1.8339063,-15.59915415676251,16.883438,0,0,0,0,0,10540625,2,30.0,17,54.538992194907266,-146.2589122029881,984.7675,1014.7675,23.96398317360155,17,414,1831.7164475038212,45000.375,1,-2.0919599369608566,43.75946454648947,43.70943194572104,273,489
2023,3,17,12,-3.1127343,-26.08220163244456,20.616837,0,0,0,0,2,1014375,1,18.0,13,55.7748941349079,-147.20758091447348,981.6548,999.654765625,26.940727524268937,13,414,568.2302269306717,45000.5,1,-19.776777645357086,49.8954472506024,45.80867518607967,278,486
2023,3,17,15,-2.3589063,-19.531881537463892,21.058046,0,0,0,0,0,980000,1,20.0,16,56.79678821248751,-148.43102887068167,979.29584,999.295859375,29.74957457830667,16,414,558.5191925620057,45000.625,1,-24.83218374965356,45.29089324673404,37.87647899832429,283,484
2023,3,17,18,-1.9973438,-16.41130936704765,23.240742,0,0,0,0,0,1392500,1,24.0,13,57.47950851357834,-149.58516827274298,977.2985,1001.298515625,32.15865367901987,13,414,665.7676144954247,45000.75,1,-22.997307973657925,34.193855723168525,25.305011266181925,287,483
2023,3,17,21,0.35578126,2.8983937874931205,22.082226,0,0,0,0,0,1383750,1,24.0,13,58.260114373052595,-151.14433878028348,977.6543,1001.654296875,31.999286244118533,13,414,663.6725887113466,45000.875,1,-30.400873188069266,41.968315581018174,28.93313709418431,292,482
2023,3,18,0,3.7835937,30.678513849841558,34.758907,0,0,0,0,0,1286875,1,20.0,11,58.699925896437996,-152.59925117712763,981.43787,1001.437890625,27.583531473377903,11,414,640.0195581251917,45001.0,1,-28.01524958703022,32.41290609515457,16.301603360090418,296,482
2023,3,18,3,6.8584375,55.30495077857799,32.527187,0,0,0,0,0,933750,1,12.0,12,59.22411371003954,-153.5293404665432,988.2963,1000.296328125,20.489092208574302,12,414,545.1805721264419,45001.125,1,-17.63942397735007,26.241868251037435,19.42900849379849,299,481
2023,3,18,6,6.4354687,51.982248564247875,6.7748046,0,0,0,0,0,600625,1,6.0,12,59.06158577495507,-156.91169958980961,994.7318,1000.731796875,14.29174235402481,12,414,437.24692724951115,45001.25,1,-64.44637877464359,64.72731606486093,-6.024093939803106,306,485
2023,3,18,9,2.5171094,20.432552803586354,8.631797,0,0,0,0,0,530625,1,4.0,11,58.59366885651084,-158.1601627665509,997.2489,1001.24890625,11.400465729047898,11,414,410.97832467938497,45001.375,1,-24.11335044988056,29.702604862234548,-17.343329140718176,308,488
2023,3,18,12,1.9654688,16.470262851093306,4.500742,0,0,0,0,0,625,1,0.0,15,55.76864970788748,-157.95117042507437,999.21436,999.214375,8.332527968606147,15,414,14.104739588693906,45001.5,1,4.357567521195304,104.7998984312468,-104.70926566688293,303,499
2023,3,18,15,-0.594375,-4.980752037964778,5.9749217,0,0,0,0,0,625,1,0.0,16,55.76864970788748,-157.95117042507437,998.62,998.62,8.343303884971993,16,414,14.104739588693906,45001.625,1,0.0,0.0,0.0,303,499
2023,3,18,18,-0.136875,-1.146987062370438,5.5953517,0,0,0,0,0,625,1,0.0,21,55.76864970788748,-157.95117042507437,998.48315,998.483125,8.331267094459829,21,414,14.104739588693906,45001.75,1,0.0,0.0,0.0,303,499
2023,3,18,21,-0.32828125,-2.7580937858245176,3.023047,0,0,0,0,0,625,1,0.0,20,55.550715545132825,-158.09320293259765,998.15485,998.15484375,8.897609162960743,20,414,14.104739588693906,45001.875,1,-2.977964816378247,8.609175695146801,-8.077724413615488,303,500
2023,3,19,0,0.0,,,0,3,0,0,0,0,0,,20,55.550715545132825,-158.09320293259765,,,8.897609162960743,20,414,0.0,45002.0,0,0.0,0.0,0.0,303,500
