year,month,day,hour,Dp,DpDt,DsqP,Ege,Ely,Emg,Erg,Esp,area,centers,depth,id,lat,lon,p_cent,p_edge,p_grad,pid,ptid,radius,time,type,u,uv,v,x,y
2023,3,23,18,-3.7082813,-32.70249738416897,4.5182424,2,0,0,0,2,108750,1,2.0,20,51.77802917286032,149.68196774139363,998.04694,1000.046953125,15.951155385310965,20,631,186.05429348039038,45006.75,1,16.135188127115924,26.552292512961923,21.08743563822949,444,504
2023,3,23,21,-3.2877343,-28.808176658684438,6.06125,0,0,0,0,0,280000,1,4.0,23,52.24924305623898,150.87810787605838,994.7592,998.75921875,18.183804870708073,23,631,298.54106607209235,45006.875,1,27.14274981151685,32.276518441847266,17.465531065395872,440,504
2023,3,24,0,-4.2391405,-36.658355368694636,7.8051953,0,0,0,0,0,280000,1,6.0,24,53.24211376690233,153.6733487488423,990.5201,996.520078125,21.5166050166482,24,631,298.54106607209235,45007.0,1,61.99721872435964,72.09680128842025,36.80072861324713,431,504
2023,3,24,3,-3.7123437,-31.719179611180802,10.11789,0,0,0,0,0,374375,1,8.0,26,54.18021999626981,154.9831065219,986.80774,994.807734375,23.169161091326103,26,631,345.2061176167894,45007.125,1,28.410621600149966,44.901868840374874,34.77088445310704,426,502
2023,3,24,6,-4.042734,-34.2327572072066,10.755547,0,0,2,0,0,3886250,2,26.0,19,54.903972592376306,155.67906334404972,982.765,1008.765,25.605188444015948,19,631,1112.2193107394587,45007.25,1,14.831094110405603,30.652712375368605,26.82587227762348,423,500
2023,3,24,9,-1.8039062,-15.199520584708457,14.094103,0,0,0,0,0,3772500,2,28.0,23,55.310820170521126,156.2092261342228,980.9611,1008.96109375,27.01531895957143,23,631,1095.8211741102425,45007.375,1,11.183532578521287,18.7742279291499,15.079795535776512,421,499
2023,3,24,12,0.67945313,5.7184967852624835,14.494883,0,0,0,0,1,5083125,3,30.0,17,55.40505829306634,156.55401992047885,981.64056,1011.640546875,25.23656015568381,17,631,1272.0098035030946,45007.5,1,7.255978157771289,8.05293765736807,3.4929337078454123,420,499
2023,3,24,15,-3.1428125,-27.15956371182218,5.078203,0,0,1,0,0,4607500,2,32.0,15,53.29353013402158,160.21451676807197,978.49774,1010.497734375,28.66575188334237,15,631,1211.037902211081,45007.625,1,81.08694227033692,112.6956305296358,-78.26373958430065,414,511
2023,3,24,18,-5.699297,-49.15066607371551,7.1511717,0,0,0,0,0,4182500,2,36.0,16,53.45257434126749,162.017079506598,972.79846,1008.7984375,33.7921573630208,16,631,1153.8332197348561,45007.75,1,39.78464931803434,40.21901277461493,5.894969652650364,409,512
2023,3,24,21,-4.4528127,-37.841309712452286,12.694881,0,0,1,0,0,3981875,1,40.0,17,54.61172855059707,164.13055957315893,968.34564,1008.345625,38.73633179165653,17,631,1125.819780448044,45007.875,1,45.3638388838579,62.48027769823836,42.96402242537777,402,509
2023,3,25,0,-4.347031,-36.183184298386074,9.232305,0,0,0,0,0,3497500,1,42.0,16,56.34102347409223,165.72913139181603,963.9986,1005.99859375,42.916520024161144,16,631,1055.125029050021,45008.0,1,32.839060531431954,72.0189991898973,64.09627405495092,396,503
2023,3,25,3,-5.9172654,-48.46902596465177,14.010196,0,0,0,0,0,3295000,1,46.0,17,57.75978198285317,165.52340481346297,958.0813,1004.081328125,46.9728009110487,17,631,1024.1245407544877,45008.125,1,-4.067841778792808,52.743349974030444,52.58624943600527,395,497
2023,3,25,6,-3.653672,-29.67134111501355,24.714687,0,0,0,0,0,2689375,1,46.0,19,58.55327418418935,166.01388406041505,954.4277,1000.42765625,49.298862702418475,19,631,925.2322141795172,45008.25,1,9.48437773642864,30.902212810466533,29.410769040201902,393,494
2023,3,25,9,-0.5478125,-4.399327431658709,24.719454,0,0,0,0,0,2756250,1,46.0,19,59.622560513055305,166.84516052865567,953.8798,999.87984375,49.09995026187674,19,631,936.6651609802047,45008.375,1,15.580961740470029,42.585757429665435,39.63307163342647,390,490
2023,3,25,12,5.3140626,42.43621361333459,36.316525,0,0,0,0,0,2376875,1,38.0,17,60.17888347789476,167.49479994485375,959.1939,997.19390625,42.86569024673923,17,631,869.8176882100626,45008.5,1,11.974222691781069,23.844714571965394,20.62009708866896,388,488
2023,3,25,15,4.614844,36.733865831202436,39.337814,0,0,0,0,0,2767500,1,34.0,14,60.503313428860636,168.25863155754718,963.8088,997.80875,37.07282704032842,14,631,938.5747759308476,45008.625,1,13.939697183245482,18.40965775788051,12.024988199649426,386,487
2023,3,25,18,6.775781,53.76644754032347,26.836132,0,0,0,0,0,2571875,1,26.0,16,60.82200469532949,169.03889596797876,970.58453,996.58453125,29.355291079294716,16,631,904.7945836094161,45008.75,1,14.099356472134223,18.393528921972383,11.812283999088462,384,486
2023,3,25,21,1.3996875,10.783967456231991,7.814531,0,0,0,0,0,2859375,1,26.0,15,64.05767446736594,171.2348719057929,971.9842,997.98421875,29.18458960824587,15,631,954.0269025592395,45008.875,1,35.60527084540717,125.10373793315085,119.93002098253667,377,473
2023,3,26,0,2.3171093,17.64813176292716,6.820078,0,0,0,0,0,2910625,1,24.0,15,65.45532188550737,171.27386422370128,974.30133,998.301328125,26.4049368140803,15,631,962.5386810272591,45009.0,1,0.6003604360796906,51.80724608824859,51.80376737839767,376,467
2023,3,26,3,0.32,2.4182728709976784,7.378281,0,0,0,0,0,2530625,1,22.0,13,66.4598381907672,172.56859202882748,974.62134,996.621328125,26.075375091388366,13,631,897.5093067616933,45009.125,1,19.166091581443144,41.875871489605785,37.23237229220981,373,463
2023,3,26,6,1.11125,8.383426054768618,18.507421,0,0,0,0,0,2740000,1,22.0,16,66.68684625338666,172.4969126089504,975.7326,997.732578125,24.17591660362913,16,631,933.8999347593866,45009.25,1,-1.0514437962738785,8.479489529863756,8.414048290231417,373,462
2023,3,26,9,0.0,,,0,3,0,0,0,0,0,,16,66.68684625338666,172.4969126089504,,,24.17591660362913,16,631,0.0,45009.375,0,0.0,0.0,0.0,373,462
