year,month,day,hour,Dp,DpDt,DsqP,Ege,Ely,Emg,Erg,Esp,area,centers,depth,id,lat,lon,p_cent,p_edge,p_grad,pid,ptid,radius,time,type,u,uv,v,x,y
2023,3,1,21,,,15.840038,3,0,0,0,0,758750,1,12.0,1,37.228897315009355,-45.713929148885605,990.9606,1002.960546875,16.63159602954004,1,43.0,491.44442833544383,44984.875,1,,,,197,201
2023,3,2,0,-2.1092188,-24.4600231847598,11.013789,0,0,0,0,0,465625,1,10.0,1,36.68589374540288,-46.23767923167084,988.8513,998.851328125,20.292037895491635,1,43.0,384.98446819881906,44985.0,1,-15.567533902980644,25.444462138727296,-20.12641403004209,194,201
2023,3,2,3,-2.888047,-32.67614263834666,15.698749,0,0,0,0,0,576250,1,12.0,1,37.75904069878261,-44.099197191264714,985.96326,997.96328125,21.259234109544984,1,43.0,428.28270092709715,44985.125,1,62.66323566172172,74.22145547192879,39.776165586630356,203,198
2023,3,2,6,-2.9297657,-32.65900246361177,14.690119,0,0,0,0,0,511250,1,12.0,1,38.4267443493198,-42.629235669749626,983.0335,995.033515625,22.676455504542446,1,43.0,403.40541557032054,44985.25,1,42.682569351018074,49.338483896366306,24.74841948059572,209,196
2023,3,2,9,-3.3022656,-36.57144585807102,19.083868,0,0,0,0,0,496250,1,14.0,2,38.72557840885877,-41.515137556090544,979.73126,993.73125,26.475556273694632,2,43.0,397.44343121846424,44985.375,1,32.21538028000112,34.06632708698814,11.076277109777308,213,194
2023,3,2,12,-5.286953,-57.60485093932361,27.078712,0,0,0,0,0,498125,1,18.0,1,39.484397794719506,-39.78874413841327,974.4443,992.444296875,32.961204598829255,1,43.0,398.19356104198965,44985.5,1,49.38560324887182,56.83298707751367,28.12562198241768,220,192
2023,3,2,15,-5.831094,-61.428177703596546,28.996096,0,0,0,0,0,466875,1,22.0,2,41.12183658813866,-38.46931689256972,968.6132,990.613203125,38.03324210993053,2,43.0,385.50087952176875,44985.625,1,36.84006274269559,70.99763400357499,60.69162883973241,228,194
2023,3,2,18,-6.0176563,-61.57541386096907,40.419178,0,0,0,0,0,469375,1,26.0,2,42.61596442792148,-37.679185081335476,962.5955,988.595546875,43.25039779984559,2,43.0,386.53163237633834,44985.75,1,21.551895999147053,59.425649187981975,55.379811847414686,234,197
2023,3,2,21,-1.7334375,-17.154788298906098,29.164768,0,0,0,0,0,495625,1,28.0,2,44.432875959818865,-36.78304205874274,960.8621,988.862109375,45.85584719174045,2,43.0,397.19307312671157,44985.875,1,23.718123845537004,71.3984194914373,67.34378150299419,241,201
2023,3,3,0,-0.853125,-8.16497075027299,23.957031,0,0,0,0,0,497500,1,28.0,2,46.37742828977273,-37.081097561622784,960.009,988.008984375,46.50964818304343,2,43.0,397.94367487929225,44986.0,1,-7.621663290433634,72.47664672815837,72.07478456190852,245,208
2023,3,3,3,1.1334375,10.628589143119065,22.10371,0,0,0,0,0,398125,1,24.0,2,47.631563349855405,-37.52131049185174,961.1424,985.142421875,44.60785779869184,2,43.0,355.9875326987192,44986.125,1,-10.995588394941656,47.76725176427808,46.484485336087694,247,213
2023,3,3,6,0.836875,7.696816270589685,23.686407,0,0,0,0,0,295000,1,20.0,2,48.877369662140474,-37.98694399616259,961.9793,981.979296875,43.448473530115365,2,43.0,306.43338007504707,44986.25,1,-11.35055673814673,47.55037164199885,46.17578050262194,249,218
2023,3,3,9,1.8086718,16.29522809131958,20.880625,0,0,0,0,0,2421875,1,34.0,3,50.26316198771694,-38.22205126580095,963.78796,997.78796875,42.415147485555735,3,43.0,878.0129586750801,44986.375,1,-5.570686700062024,51.66555807407275,51.364358662355905,252,223
2023,3,3,12,1.4014844,12.408073621047507,22.126328,0,0,0,0,0,1918125,1,30.0,1,51.49339092685071,-38.73942253288244,965.18945,995.189453125,41.23776023779934,1,43.0,781.3822050931819,44986.5,1,-11.939266852237076,47.135556445831554,45.598405547664115,254,228
2023,3,3,15,1.871875,16.215142597128477,20.007656,0,0,0,0,0,1530000,1,26.0,3,53.110180205948886,-40.23635830927382,967.06134,993.061328125,38.550460980587864,3,43.0,697.8639737521917,44986.625,1,-33.30515852749904,68.55938764614146,59.926255096343645,255,236
2023,3,3,18,0.6202344,5.27510016928701,17.392735,0,0,0,0,0,1065000,1,22.0,3,54.548077209822175,-42.657387993501736,967.6816,989.6815625,35.95694058001853,3,43.0,582.2370898403304,44986.75,1,-52.04572676135615,74.4928217774917,53.29561728937378,254,245
2023,3,3,21,1.1010156,9.265985262832947,17.701876,0,0,0,0,0,996875,1,22.0,4,55.409698700894765,-45.53296862265425,968.7826,990.782578125,35.1459596003234,4,43.0,563.3073475372626,44986.875,1,-60.503519041106394,68.41478351116508,31.935979498397444,251,253
2023,3,4,0,1.9845313,16.58082699423665,17.33496,0,0,0,0,0,831875,1,20.0,3,56.01920611683838,-48.25502138839577,970.7671,990.767109375,34.15357998576789,3,43.0,514.5814187950639,44987.0,1,-56.3868602783557,60.744121921137406,22.591377468388206,248,260
2023,3,4,3,1.581875,13.135784102640049,15.60586,0,0,0,0,0,686250,1,18.0,4,56.545921805265976,-51.06663307360512,972.349,990.348984375,33.63366846888877,4,43.0,467.3758224316127,44987.125,1,-57.444951564682796,60.67172682666664,19.522704112415067,245,267
2023,3,4,6,2.1914845,18.096243849347694,13.579883,0,0,0,0,0,674375,1,18.0,6,57.03642104934527,-53.406509897367876,974.54047,992.54046875,32.90030374260605,6,43.0,463.31439595073437,44987.25,1,-47.18661575192018,50.56779171674115,18.18034248820282,243,273
2023,3,4,9,2.978125,24.47307711928095,9.8751955,0,0,0,0,0,634375,1,18.0,5,57.46808082300679,-55.810756318470176,977.5186,995.51859375,32.18954782522753,5,43.0,449.3638103450724,44987.375,1,-47.91992303938558,50.52030988604647,15.99945895589997,241,279
2023,3,4,12,3.9240625,32.044959180028656,9.324375,0,0,0,0,0,492500,1,16.0,4,58.03725508854668,-58.05930902582532,981.4426,997.44265625,30.277133733369112,4,43.0,395.9389080975964,44987.5,1,-44.11681929781719,48.90146330747119,21.09643023489273,240,285
2023,3,4,15,3.5069532,28.489561696070897,9.67957,0,0,0,0,0,564375,1,16.0,4,58.52132782611622,-59.46117347303164,984.9496,1000.949609375,26.87870717994214,4,43.0,423.846837920229,44987.625,1,-27.132077159733992,32.527990236619196,17.942144181558543,240,289
2023,3,4,18,3.9595313,32.00867898938931,13.932226,0,0,0,0,0,493125,1,14.0,4,58.98486490295902,-60.904702882542665,988.9091,1002.909140625,22.641756583976857,4,43.0,396.1900587147307,44987.75,1,-27.568372350650186,32.48386654690169,17.180990418856087,240,293
2023,3,4,21,4.7117968,37.71459720532727,15.430548,0,0,0,0,0,446875,1,12.0,5,59.946831612666315,-62.37224848409242,993.6209,1005.6209375,19.528617108063568,5,43.0,377.1534573464513,44987.875,1,-27.240414935337288,44.87024256829683,35.655272573470114,242,298
2023,3,5,0,7.451484,59.09194876796657,9.828945,0,0,0,0,0,266250,1,6.0,5,60.88504019631611,-62.93673721030838,1001.07245,1007.072421875,13.291879015191562,5,43.0,291.1185449201652,44988.0,1,-10.180220396745844,36.23417077952649,34.77467821207798,245,301
2023,3,5,3,2.5010157,19.768838185325276,7.954023,0,0,0,0,0,320000,1,6.0,7,61.22395069647778,-67.57083134468103,1003.5734,1009.5734375,13.055528134969386,7,43.0,319.15382432114615,44988.125,1,-82.66701481149919,83.61597862210762,12.561709401515888,242,311
2023,3,5,6,3.749375,29.526952050752357,7.3775,0,0,0,0,0,480625,2,6.0,6,61.61261225995066,-68.24100040931752,1007.3228,1013.3228125,10.457342161724048,6,43.0,391.13640721247674,44988.25,1,-11.809548029296938,18.627681559654697,14.405731346642158,243,313
2023,3,5,9,1.1905469,9.159697056877773,4.9640627,0,0,0,2,0,518125,1,6.0,5,64.2244938453922,-75.53754711782865,1009.05084,1015.050859375,12.836749429522648,5,127.0,406.1087413230311,44988.375,1,-13.47640289416208,18.466310521518732,12.625022348945498,249,331
2023,3,5,12,1.4907031,11.351564947455596,4.8251953,0,0,0,0,0,760625,1,8.0,6,65.48065150424446,-78.5866456536228,1010.54156,1018.5415625,13.785766778548249,6,127.0,492.0512749486031,44988.5,1,-46.89660263756093,66.08384064373242,46.55945291002605,253,338
2023,3,5,15,1.6799219,12.760911515576787,3.9696484,0,0,0,0,0,746875,1,8.0,8,65.79294787706263,-79.52797165613836,1012.2215,1020.221484375,13.325672802766414,8,127.0,487.5835274530085,44988.625,1,-14.306090033449967,18.40246712909736,11.575257422292273,254,340
2023,3,5,18,1.8785938,14.261200855447756,3.991523,0,0,0,0,0,401875,1,6.0,9,65.87214826159278,-80.58171758308085,1014.1001,1020.100078125,12.365639225819347,9,127.0,357.66015365163463,44988.75,1,-15.965331763430871,16.232970544093032,2.9355603160176056,254,342
2023,3,5,21,1.9370313,14.696696618991261,4.476406,0,0,0,0,0,375000,1,6.0,10,65.94299229163614,-81.64193155630001,1016.0371,1022.037109375,11.823501681443364,10,127.0,345.4941494713355,44988.875,1,-16.01897098567571,16.232757818661874,2.625832241291878,254,344
2023,3,6,0,1.5639062,11.859951511622592,7.8091407,0,0,0,0,0,527500,1,8.0,13,66.00541081359168,-82.7079410354173,1017.601,1025.601015625,12.057114691645838,13,127.0,409.7663541116445,44989.0,1,-16.06721951739047,16.232929955266545,2.313540990035979,254,346
2023,3,6,3,1.6271875,12.31305024140333,9.295429,0,0,0,0,0,530625,1,8.0,10,66.28710884176884,-83.71999287430022,1019.2282,1027.228203125,11.821706612551035,10,127.0,410.97832467938497,44989.125,1,-15.085298327945713,18.346210298357892,10.441130526358315,255,348
2023,3,6,6,2.3396094,17.66711140060061,10.126484,0,0,0,0,0,1261250,1,10.0,9,66.56096514564292,-84.75566188928485,1021.5678,1031.5678125,10.839728491730698,9,127.0,633.6152964925216,44989.25,1,-15.269157761669529,18.33519474335403,10.150477206809757,256,350
2023,3,6,9,2.2871876,16.90502731970815,8.224414,0,0,0,0,0,1398125,1,10.0,10,69.61285991788147,-87.78524487268078,1023.855,1033.855,10.967893112226891,10,127.0,667.1109425130968,44989.375,1,-39.11402198585877,119.68993395535341,113.11840510865868,269,356
2023,3,6,12,1.6992188,12.521670961048958,8.257071,0,0,0,0,0,1300000,1,10.0,11,70.08057448957457,-89.02897806892084,1025.5542,1035.55421875,10.97555633949932,11,127.0,643.2750982580686,44989.5,1,-15.705559252008442,23.392211614097356,17.33582916333578,271,358
2023,3,6,15,1.6007031,11.713821930845125,6.2619143,0,0,0,0,0,648125,1,8.0,10,71.21694123239017,-91.02915480430599,1027.1549,1035.154921875,10.880628779611897,10,127.0,454.2076562354155,44989.625,1,-23.86981256962363,48.41293499504588,42.11940553623206,276,361
2023,3,6,18,1.6982031,12.349383428687133,8.091836,0,0,0,0,0,660625,1,8.0,12,72.31090606246609,-94.00780454237234,1028.8531,1036.853125,10.293494611265096,12,127.0,458.5667547480592,44989.75,1,-33.542888628795474,52.6236431114939,40.54777967733995,281,365
2023,3,6,21,2.0847657,15.089573478165624,6.6505866,0,0,0,0,0,478750,1,6.0,12,73.17554333124266,-95.74866341728777,1030.9379,1036.937890625,9.28133354225455,12,127.0,390.37271678549695,44989.875,1,-18.67545236347796,37.09220123341846,32.04775922525435,285,367
2023,3,7,0,1.8505468,13.308905353429036,3.781055,0,0,0,0,0,610000,1,6.0,11,74.43727010137432,-98.71473287486116,1032.7885,1038.7884375,7.927776549916759,11,127.0,440.64615120537735,44990.0,1,-29.492375831409003,55.28876020673359,46.76587188342168,291,370
2023,3,7,3,0.0,,,0,3,0,0,0,0,0,,11,74.43727010137432,-98.71473287486116,,,7.927776549916759,11,127.0,0.0,44990.125,0,0.0,0.0,0.0,291,370
