year,month,day,hour,Dp,DpDt,DsqP,Ege,Ely,Emg,Erg,Esp,area,centers,depth,id,lat,lon,p_cent,p_edge,p_grad,pid,ptid,radius,time,type,u,uv,v,x,y
2023,3,6,6,,,24.348242,3,0,0,0,0,492500,1,6.0,3,43.01939608130234,45.994618473640585,998.8072,1004.8071875,11.858069905357135,3,155,395.9389080975964,44989.25,1,,,,506,218
2023,3,6,9,-3.442578,-35.207650565614784,25.313828,0,0,0,0,0,811875,1,10.0,3,42.643497900192145,47.172246804778,995.3646,1005.364609375,15.35561866585101,3,155,508.35798296620175,44989.375,1,32.107030505000196,34.99971908321655,-13.932656891456825,510,220
2023,3,6,12,0.039765626,0.4140355788953524,19.74543,0,0,0,0,0,1109375,1,10.0,3,41.71395716535946,48.491684699020475,995.40436,1005.404375,14.255782332505683,3,155,594.2432414299238,44989.5,1,36.50600723365545,50.196868958131695,-34.45340460761666,516,221
2023,3,6,15,1.7471094,17.353701382646385,3.4002733,0,0,0,0,0,1174375,1,8.0,2,44.22733377597871,51.948022006086624,997.1515,1005.151484375,13.16306115567655,2,155,611.4042628139659,44989.625,1,91.7933507698785,130.78408700167157,93.15824261598564,516,237
2023,3,6,18,-0.0846875,-0.8212144056955474,1.613008,0,0,0,0,0,1513125,2,10.0,3,45.59969626475923,53.63450581799106,997.0668,1007.066796875,13.674488543177997,3,155,694.0047885510937,44989.75,1,43.7350232357657,67.08324254939762,50.866582089898145,515,245
2023,3,6,21,-0.9500781,-9.052543854914834,4.1575,0,0,0,0,0,1355625,2,10.0,4,46.645942235248086,54.92096089317167,996.1167,1006.11671875,13.639869554941498,4,155,656.8933242604169,44989.875,1,32.73384551281985,50.74762841336202,38.779081313557604,514,251
2023,3,7,0,-1.2057031,-11.27648436536175,3.5688672,0,0,0,0,0,1086250,1,10.0,5,47.797616118096656,56.52581607753068,994.911,1004.911015625,14.792424474662008,5,155,588.0171033797764,44990.0,1,39.9576891444228,58.470306727316775,42.686764307267204,513,258
2023,3,7,3,-0.26375,-2.4573316671385816,3.7697659,0,0,0,0,0,798125,1,10.0,6,48.040446828819725,60.002716020768624,994.6473,1004.647265625,16.843917582323925,6,155,504.0347983130112,44990.125,1,86.15673179246438,86.625583356296,9.000514355299071,518,268
2023,3,7,6,-1.241875,-11.367438881179266,3.5734375,0,0,0,0,0,872500,1,12.0,4,49.19126382267927,62.78797253845246,993.4054,1005.405390625,18.55896833903766,4,155,526.996561369576,44990.25,1,67.4642885583987,79.81778983764289,42.655003737841135,518,278
2023,3,7,9,-2.4732811,-22.113588876637568,7.986836,0,0,0,0,0,643125,1,12.0,4,50.7942255365133,64.25660510653871,990.9321,1002.932109375,20.289892845877702,4,155,452.4522577598109,44990.375,1,34.40809344803236,68.65791292127365,59.41373672793749,514,285
2023,3,7,12,-3.4342968,-30.22491580812423,11.181016,0,0,0,0,0,988125,1,16.0,7,51.92600408912887,66.1247191460725,987.4978,1003.4978125,23.31868728150527,7,155,560.8297034620743,44990.5,1,42.698645408047824,59.85751259016184,41.949344378657216,512,292
2023,3,7,15,-1.3273437,-11.554184233232418,11.716523,0,0,0,0,0,1140625,1,18.0,6,52.741427128697,69.01285887765746,986.1705,1004.17046875,24.904251318114287,6,155,602.5547393626459,44990.625,1,64.80441445365427,71.50580568517326,30.22363502302065,512,301
2023,3,7,18,-1.58625,-13.679800468269384,12.362344,0,0,0,0,0,1259375,1,20.0,7,53.45257434126749,72.017079506598,984.5842,1004.58421875,26.648897026132513,7,155,633.1441486049692,44990.75,1,66.30349428056563,71.35076731809924,26.35865404508623,512,310
2023,3,7,21,-0.38664064,-3.3038650939454306,9.908867,0,0,0,0,0,1069375,1,18.0,8,54.1727158857304,75.83122990755416,984.1976,1002.197578125,26.4635921753022,8,155,583.4317736786292,44990.875,1,82.74082687275505,86.93968501018819,26.692028736750494,512,321
2023,3,8,0,-0.74359375,-6.286535314595295,10.495586,0,0,0,0,0,835000,1,16.0,8,55.034024543318154,80.44571032759823,983.454,999.453984375,26.466287767024134,8,155,515.5470443746771,44991.0,1,98.00098207262667,103.06967935448333,31.924384332931325,511,334
2023,3,8,3,0.46507812,3.895029999253075,8.9392185,0,0,0,0,0,693125,1,14.0,10,55.81706999468675,84.08078362869449,983.91907,997.9190625,25.272771756287547,10,155,469.7111238422398,44991.125,1,75.68979518300024,81.06363031231457,29.02356050809549,509,344
2023,3,8,6,1.0917188,9.100325145677015,6.9934373,0,0,0,0,0,670625,1,12.0,7,56.216080335136446,87.87890360333854,985.0108,997.01078125,22.673884644608602,7,155,462.0244229713453,44991.25,1,78.27101523004616,79.65598201900704,14.789308512241398,508,354
2023,3,8,9,1.1399219,9.448308910804577,8.713906,0,0,0,0,0,560625,1,10.0,6,56.707116910638184,90.58662570751055,986.1507,996.150703125,20.69345578431125,6,155,422.43636200235846,44991.375,1,55.08683598886061,58.01559199653794,18.200258664236873,506,361
2023,3,8,12,2.43375,20.075129787238847,13.499531,0,0,0,0,0,259375,1,6.0,5,57.13173379081087,92.97116326195061,988.5845,994.584453125,18.089758604790706,5,155,287.33539066554385,44991.5,1,47.96374266445051,50.47988009554276,15.738414280947882,504,367
2023,3,8,15,1.3572656,11.188249552840954,12.604961,0,0,0,0,0,139375,1,4.0,9,57.190010474887984,96.55921124299454,989.9417,993.94171875,16.10310043548101,9,155,210.62867892778948,44991.625,1,72.05343878809664,72.08580820321335,2.16002387034766,503,376
2023,3,8,18,1.5619531,12.8591265540076,8.512071,0,0,0,0,0,187500,1,4.0,9,57.30358822031716,100.6074308727748,991.50366,995.503671875,14.671752115259794,9,155,244.30125595145995,44991.75,1,81.04167787322893,81.1509433161117,4.209756357150648,501,386
2023,3,8,21,1.6988281,13.897934806681752,2.743711,0,0,0,0,0,96250,1,2.0,8,57.87348711016264,103.69257110580227,993.2025,995.2025,13.416878916658558,8,155,175.0352151573787,44991.875,1,60.805320799124836,64.36987145423576,21.12328841706124,497,393
2023,3,9,0,2.940625,,,0,2,2,0,0,0,0,,13,57.672683797779726,106.52579638992565,,,12.452336112573015,11,209,0.0,44992.0,0,56.15239778082859,56.64350448001029,-7.442769863467668,496,400
