CalculateIndicators/WaterTemperature/Data/CTD_NYOS/20201021_C11.cnv
* Sea-Bird SBE 9 Data File:
* FileName = C:\Seabird 9 CTD\Data\2020\202010_offshore\20201021_C11.hex
* Software Version Seasave V 7.23.2
* Temperature SN = 4590
* Conductivity SN = 3228
* Number of Bytes Per Scan = 44
* Number of Voltage Words = 5
* Number of Scans Averaged by the Deck Unit = 1
* NMEA Latitude = 39 28.74 N
* NMEA Longitude = 073 04.36 W
* NMEA UTC (Time) = Oct 21 2020  02:26:37
* NMEA baud rate = 4800
** Ship: seawolf
** Station: 6.4
** Operator: EIH
# nquan = 31
# nvalues = 122                         
# units = specified
# name 0 = depSM: Depth [salt water, m]
# name 1 = t090C: Temperature [ITS-90, deg C]
# name 2 = sal00: Salinity, Practical [PSU]
# name 3 = density00: Density [density, kg/m^3]
# name 4 = sbeox0V: Oxygen raw, SBE 43 [V]
# name 5 = sbeox0ML/L: Oxygen, SBE 43 [ml/l]
# name 6 = sbeox0PS: Oxygen, SBE 43 [% saturation]
# name 7 = sbox0dV/dT: Oxygen, SBE 43 [dov/dt]
# name 8 = oxsolML/L: Oxygen Saturation, Garcia & Gordon [ml/l]
# name 9 = oxsatML/L: Oxygen Saturation, Weiss [ml/l]
# name 10 = ph: pH
# name 11 = flECO-AFL: Fluorescence, WET Labs ECO-AFL/FL [mg/m^3]
# name 12 = n2satML/L: Nitrogen Saturation [ml/l]
# name 13 = c0S/m: Conductivity [S/m]
# name 14 = cpar: CPAR/Corrected Irradiance [%]
# name 15 = sigma-é00: Density [sigma-theta, kg/m^3]
# name 16 = sigma-t00: Density [sigma-t, kg/m^3 ]
# name 17 = par: PAR/Irradiance, Biospherical/Licor
# name 18 = prDM: Pressure, Digiquartz [db]
# name 19 = pumps: Pump Status
# name 20 = scan: Scan Count
# name 21 = svCM: Sound Velocity [Chen-Millero, m/s]
# name 22 = spar: SPAR, Biospherical/Licor
# name 23 = specc: Specific Conductance [uS/cm]
# name 24 = timeS: Time, Elapsed [seconds]
# name 25 = timeY: Time, System [seconds]
# name 26 = accM: Acceleration [m/s^2]
# name 27 = dz/dtM: Descent Rate [m/s]
# name 28 = latitude: Latitude [deg]
# name 29 = longitude: Longitude [deg]
# name 30 = flag: flag
# span 0 =      0.973,     61.528       
# span 1 =    14.4260,    18.6361       
# span 2 =    33.5652,    34.3423       
# span 3 =  1024.1518,  1025.6488       
# span 4 =     1.9116,     2.4845       
# span 5 =     4.0559,     5.2424       
# span 6 =     70.040,     96.974       
# span 7 =   -0.04286,    0.02173       
# span 8 =    5.33481,    5.79150       
# span 9 =    5.32607,    5.78737       
# span 10 =      8.345,      8.670      
# span 11 =     0.1309,     0.3953      
# span 12 =    9.78441,   10.54285      
# span 13 =   4.136463,   4.556806      
# span 14 = -4.962e+04, 1.1975e+05      
# span 15 =    24.1476,    25.3792      
# span 16 =    24.1474,    25.3773      
# span 17 = 1.0000e-12, 2.9894e-01      
# span 18 =      1.000,     62.000      
# span 19 =          1,          1      
# span 20 =        144,      16720      
# span 21 =    1504.77,    1517.38      
# span 22 = -7.417e-01, 5.7453e+00      
# span 23 =  51399.843,  52565.569      
# span 24 =      5.970,    696.605      
# span 25 = 1603247205, 1603247895      
# span 26 =      -0.52,       0.35      
# span 27 =     -0.832,      0.778      
# span 28 =   39.47905,   39.47992      
# span 29 =  -73.07410,  -73.07281      
# span 30 = 0.0000e+00, 0.0000e+00      
# interval = decibars: 1                
# start_time = Oct 21 2020 02:26:39 [System UTC, first data scan.]
# bad_flag = -9.990e-29
*END*
[from data line 94]
     27.786    18.0976    33.7106  1024.3840     2.4552     5.1777     95.750   -0.00108    5.40748    5.39919      8.435     0.3241    9.90964   4.448724 2.9484e-11    24.2620    24.2608 1.0000e-12     28.000          1      12570    1515.07 3.9495e+00  51613.043    523.696 1603247722       0.01     -0.312   39.47974  -73.07378 0.0000e+00
     26.791    18.0547    33.6923  1024.3762     2.4570     5.1882     95.953    0.00104    5.40697    5.39867      8.424     0.3044    9.90878   4.442775 2.7882e-11    24.2585    24.2574 1.0000e-12     27.000          1      12630    1514.91 3.9495e+00  51590.642    526.209 1603247725      -0.09     -0.437   39.47974  -73.07378 0.0000e+00
     25.804    18.0683    33.6954  1024.3708     2.4561     5.1831     95.797   -0.00063    5.41049    5.40222      8.411     0.2826    9.91481   4.444341 2.5960e-11    24.2574    24.2564 1.0000e-12     26.000          1      12727    1514.94 3.3306e+00  51593.214    530.251 1603247729      -0.01     -0.202   39.47974  -73.07379 0.0000e+00
     24.806    18.0300    33.6762  1024.3610     2.4564     5.1891     95.860    0.00041    5.41319    5.40494      8.415     0.3020    9.91943   4.438095 4.5469e-11    24.2521    24.2510 1.0000e-12     25.000          1      12781    1514.79 1.8809e+00  51569.232    532.514 1603247731      -0.11     -0.542   39.47974  -73.07380 0.0000e+00
     23.817    18.0138    33.6645  1024.3517     2.4575     5.1910     95.920    0.00054    5.41175    5.40349      8.424     0.2785    9.91697   4.435294 3.0237e-11    24.2471    24.2461 1.0000e-12     24.000          1      12827    1514.71 3.5800e+00  51553.937    534.404 1603247733       0.02     -0.527   39.47974  -73.07380 0.0000e+00
     22.819    18.0171    33.6661  1024.3477     2.4587     5.1997     96.015    0.00140    5.41549    5.40725      8.453     0.3394    9.92340   4.435819 4.9540e-11    24.2474    24.2465 1.0000e-12     23.000          1      12907    1514.71 2.0605e+00  51555.327    537.760 1603247736      -0.24     -0.367   39.47975  -73.07380 0.0000e+00
     21.831    17.9942    33.6516  1024.3378     2.4609     5.2064     96.100    0.00132    5.41765    5.40942      8.490     0.3435    9.92717   4.431604 -9.990e-29    24.2419    24.2410 1.0000e-12     22.000          1      12976    1514.60 1.4979e+00  51536.667    540.622 1603247739       0.01     -0.527   39.47976  -73.07382 0.0000e+00
     20.840    17.9731    33.6307  1024.3226     2.4632     5.2119     96.197    0.00115    5.41794    5.40971      8.486     0.3203    9.92768   4.427306 -9.990e-29    24.2310    24.2301 1.0000e-12     21.000          1      13022    1514.50 1.6467e+00  51509.048    542.539 1603247741      -0.09     -0.514   39.47976  -73.07382 0.0000e+00
     19.845    17.9775    33.6281  1024.3151     2.4659     5.2188     96.322    0.00119    5.41810    5.40987      8.486     0.3457    9.92800   4.427422 5.0188e-11    24.2279    24.2271 1.0000e-12     20.000          1      13093    1514.50 2.5066e+00  51504.599    545.517 1603247744      -0.04     -0.357   39.47976  -73.07382 0.0000e+00
     18.854    17.9781    33.6247  1024.3080     2.4674     5.2179     96.306    0.00006    5.41799    5.40976      8.472     0.3209    9.92791   4.427073 3.1653e-11    24.2252    24.2244 1.0000e-12     19.000          1      13176    1514.48 3.4679e+00  51499.549    548.974 1603247748      -0.07     -0.443   39.47976  -73.07382 0.0000e+00
     17.864    17.9792    33.6157  1024.2964     2.4705     5.2317     96.562    0.00201    5.41802    5.40979      8.445     0.3237    9.92795   4.426081 4.8508e-11    24.2179    24.2172 1.0000e-12     18.000          1      13227    1514.46 2.1410e+00  51486.590    551.081 1603247750      -0.10     -0.471   39.47976  -73.07383 0.0000e+00
     16.868    17.9813    33.6150  1024.2910     2.4717     5.2287     96.526    0.00047    5.41692    5.40868      8.441     0.2984    9.92612   4.426225 4.0734e-11    24.2169    24.2162 1.0000e-12     17.000          1      13303    1514.44 2.8762e+00  51485.009    554.263 1603247753       0.01     -0.356   39.47977  -73.07384 0.0000e+00
     15.881    18.0038    33.6177  1024.2831     2.4722     5.2223     96.458   -0.00072    5.41403    5.40577      8.449     0.2632    9.92127   4.428808 2.6499e-11    24.2133    24.2127 1.0000e-12     16.000          1      13421    1514.49 3.8470e+00  51486.583    559.183 1603247758      -0.17     -0.301   39.47978  -73.07385 0.0000e+00
     14.876    18.0151    33.6205  1024.2781     2.4741     5.2331     96.638    0.00065    5.41520    5.40695      8.452     0.2583    9.92321   4.430152 3.8693e-11    24.2127    24.2121 1.0000e-12     15.000          1      13822    1514.51 2.6429e+00  51489.088    575.884 1603247775      -0.09     -0.552   39.47980  -73.07388 0.0000e+00
     13.888    18.0279    33.6234  1024.2728     2.4738     5.2240     96.512   -0.00082    5.41284    5.40457      8.442     0.2476    9.91926   4.431620 2.8624e-11    24.2118    24.2112 1.0000e-12     14.000          1      14903    1514.54 3.7835e+00  51491.708    620.900 1603247820       0.04     -0.437   39.47983  -73.07396 0.0000e+00
     12.902    18.0305    33.6237  1024.2679     2.4751     5.2319     96.672    0.00119    5.41196    5.40368      8.436     0.2720    9.91780   4.431839 2.6874e-11    24.2113    24.2108 1.0000e-12     13.000          1      15131    1514.53 3.9495e+00  51491.238    630.398 1603247829      -0.14     -0.293   39.47984  -73.07397 0.0000e+00
     11.911    18.0338    33.6237  1024.2628     2.4754     5.2269     96.619    0.00029    5.40980    5.40150 -9.990e-29     0.2117    9.91417   4.432163 2.7902e-11    24.2104    24.2099 1.0000e-12     12.000          1      15195    1514.52 3.9495e+00  51490.672    633.083 1603247832       0.03     -0.357   39.47986  -73.07398 0.0000e+00
     10.913    18.0501    33.6265  1024.2565     2.4774     5.2330     96.737    0.00079    5.40951    5.40120      8.427     0.2270    9.91368   4.434085 2.8212e-11    24.2086    24.2081 1.0000e-12     11.000          1      15249    1514.56 3.9495e+00  51492.872    635.326 1603247834       0.06     -0.440   39.47985  -73.07398 0.0000e+00
      9.930    18.0566    33.6276  1024.2514     2.4782     5.2295     96.690   -0.00027    5.40857    5.40026      8.449     0.2036    9.91220   4.434809 2.9282e-11    24.2078    24.2074 1.0000e-12     10.000          1      15329    1514.56 3.9495e+00  51493.418    638.668 1603247837      -0.12     -0.231   39.47986  -73.07399 0.0000e+00
      8.927    18.0683    33.6273  1024.2439     2.4780     5.2296     96.680   -0.00016    5.40916    5.40085      8.449     0.2278    9.91331   4.435812 3.0861e-11    24.2046    24.2042 1.0000e-12      9.000          1      15367    1514.58 -9.990e-29  51491.688    640.234 1603247839      -0.09     -0.590   39.47986  -73.07400 0.0000e+00
      7.939    18.0680    33.6130  1024.2286     2.4799     5.2380     96.827    0.00092    5.40963    5.40132      8.438     0.2238    9.91420   4.433992 2.8647e-11    24.1937    24.1934 1.0000e-12      8.000          1      15417    1514.55 3.9495e+00  51471.606    642.348 1603247841       0.06     -0.466   39.47986  -73.07400 0.0000e+00
      6.948    18.0669    33.5983  1024.2133     2.4817     5.2396     96.875    0.00053    5.40869    5.40036 -9.990e-29     0.2322    9.91292   4.432076 2.8469e-11    24.1827    24.1824 1.0000e-12      7.000          1      15485    1514.51 3.8599e+00  51451.164    645.170 1603247844       0.04     -0.318   39.47986  -73.07400 0.0000e+00
      5.953    18.0806    33.5744  1024.1872     2.4817     5.2370     96.830    0.00002    5.40848    5.40014      8.434     0.2563    9.91257   4.430640 1.1491e+04    24.1610    24.1608 1.0000e-12      6.000          1      15540    1514.51 3.1911e+00  51416.859    647.441 1603247846      -0.04     -0.483   39.47987  -73.07400 0.0000e+00
      4.961    18.0876    33.5687  1024.1766     2.4816     5.2360     96.817    0.00001    5.40817    5.39983      8.431     0.2698    9.91207   4.430608 9.8718e+04    24.1548    24.1546 1.0000e-12      5.000          1      15588    1514.50 4.6104e-02  51408.064    649.471 1603247848      -0.06     -0.490   39.47988  -73.07402 0.0000e+00
      3.971    18.0888    33.5690  1024.1722     2.4818     5.2363     96.829    0.00028    5.40776    5.39942      8.434     0.2396    9.91139   4.430708 8.3796e+03    24.1548    24.1546 1.3355e-02      4.000          1      15650    1514.49 3.0370e+00  51407.889    652.058 1603247851       0.07     -0.357   39.47988  -73.07402 0.0000e+00
      2.976    18.0936    33.5690  1024.1667     2.4833     5.2383     96.884    0.00015    5.40676    5.39841      8.433     0.2564    9.90976   4.431145 9.1993e+04    24.1536    24.1535 8.9531e-02      3.000          1      15710    1514.49 3.5935e-01  51407.182    654.527 1603247853       0.06     -0.404   39.47988  -73.07402 0.0000e+00
      1.982    18.1025    33.5666  1024.1583     2.4832     5.2384     96.883    0.00025    5.40694    5.39860      8.432     0.2471    9.91005   4.431665 4.7666e+04    24.1496    24.1495 1.7600e-01      2.000          1      15855    1514.49 2.2047e+00  51402.807    660.583 1603247859      -0.09     -0.232   39.47988  -73.07402 0.0000e+00
      0.973    18.1062    33.5652  1024.1518     2.4845     5.2424     96.974    0.00071    5.40614    5.39777 -9.990e-29     0.2397    9.90875   4.431742 -4.962e+04    24.1476    24.1474 2.9894e-01      1.000          1      16720    1514.49 5.7453e+00  51399.843    696.605 1603247895       0.28     -0.445   39.47992  -73.07410 0.0000e+00
