CalculateIndicators/WaterTemperature/Data/CTD_NYOS/20201021_C13.cnv
* Sea-Bird SBE 9 Data File:
* FileName = C:\Seabird 9 CTD\Data\2020\202010_offshore\20201021_C13.hex
* Software Version Seasave V 7.23.2
* Temperature SN = 4590
* Conductivity SN = 3228
* Number of Bytes Per Scan = 44
* Number of Voltage Words = 5
* Number of Scans Averaged by the Deck Unit = 1
* NMEA Latitude = 40 10.09 N
* NMEA Longitude = 073 19.52 W
* NMEA UTC (Time) = Oct 21 2020  09:35:01
* NMEA baud rate = 4800
** Ship: seawolf
** Station: 6.2
** Operator: SJW
# nquan = 31
# nvalues = 69                          
# units = specified
# name 0 = depSM: Depth [salt water, m]
# name 1 = t090C: Temperature [ITS-90, deg C]
# name 2 = sal00: Salinity, Practical [PSU]
# name 3 = density00: Density [density, kg/m^3]
# name 4 = sbeox0V: Oxygen raw, SBE 43 [V]
# name 5 = sbeox0ML/L: Oxygen, SBE 43 [ml/l]
# name 6 = sbeox0PS: Oxygen, SBE 43 [% saturation]
# name 7 = sbox0dV/dT: Oxygen, SBE 43 [dov/dt]
# name 8 = oxsolML/L: Oxygen Saturation, Garcia & Gordon [ml/l]
# name 9 = oxsatML/L: Oxygen Saturation, Weiss [ml/l]
# name 10 = ph: pH
# name 11 = flECO-AFL: Fluorescence, WET Labs ECO-AFL/FL [mg/m^3]
# name 12 = n2satML/L: Nitrogen Saturation [ml/l]
# name 13 = c0S/m: Conductivity [S/m]
# name 14 = cpar: CPAR/Corrected Irradiance [%]
# name 15 = sigma-é00: Density [sigma-theta, kg/m^3]
# name 16 = sigma-t00: Density [sigma-t, kg/m^3 ]
# name 17 = par: PAR/Irradiance, Biospherical/Licor
# name 18 = prDM: Pressure, Digiquartz [db]
# name 19 = pumps: Pump Status
# name 20 = scan: Scan Count
# name 21 = svCM: Sound Velocity [Chen-Millero, m/s]
# name 22 = spar: SPAR, Biospherical/Licor
# name 23 = specc: Specific Conductance [uS/cm]
# name 24 = timeS: Time, Elapsed [seconds]
# name 25 = timeY: Time, System [seconds]
# name 26 = accM: Acceleration [m/s^2]
# name 27 = dz/dtM: Descent Rate [m/s]
# name 28 = latitude: Latitude [deg]
# name 29 = longitude: Longitude [deg]
# name 30 = flag: flag
# span 0 =      1.976,     35.737       
# span 1 =    16.2232,    17.7905       
# span 2 =    32.6575,    33.0946       
# span 3 =  1023.5508,  1024.3146       
# span 4 =     1.9487,     2.4965       
# span 5 =     3.9626,     5.3428       
# span 6 =     70.628,     97.584       
# span 7 =   -0.02600,    0.02728       
# span 8 =    5.45856,    5.61055       
# span 9 =    5.45045,    5.60387       
# span 10 =      8.262,      8.409      
# span 11 =     0.1322,     0.6409      
# span 12 =   10.00134,   10.25418      
# span 13 =   4.187160,   4.345389      
# span 14 = -1.099e+04, 1.1781e+05      
# span 15 =    23.5421,    24.1564      
# span 16 =    23.5420,    24.1551      
# span 17 = -1.734e-06, 1.2325e-01      
# span 18 =      2.000,     36.000      
# span 19 =          1,          1      
# span 20 =        186,      10242      
# span 21 =    1508.76,    1513.35      
# span 22 = -6.849e-01, 4.3836e+00      
# span 23 =  50181.057,  50820.204      
# span 24 =      7.693,    426.690      
# span 25 = 1603272910, 1603273329      
# span 26 =      -0.60,       0.46      
# span 27 =     -0.690,      0.639      
# span 28 =   40.16822,   40.16830      
# span 29 =  -73.32571,  -73.32540      
# span 30 = 0.0000e+00, 0.0000e+00      
# interval = decibars: 1                
# start_time = Oct 21 2020 09:35:02 [System UTC, first data scan.]
# bad_flag = -9.990e-29
*END*
      1.984    17.7301    32.6583  1023.5534     2.4944     5.3369     97.478    0.00031    5.47494    5.46681      8.383     0.5817   10.03251   4.289051 3.6278e+04    23.5447    23.5446 1.2325e-01      2.000          1        186    1512.36 1.1478e+00  50182.635      7.693 1603272910       0.22     -0.032   40.16830  -73.32540 0.0000e+00
      2.977    17.7334    32.6602  1023.5585     2.4942     5.3374     97.503    0.00044    5.47412    5.46598      8.383     0.6409   10.03103   4.289653 7.5300e+02    23.5454    23.5453 2.5582e-03      3.000          1        346    1512.39 3.8913e+00  50185.522     14.379 1603272917       0.11      0.367   40.16830  -73.32540 0.0000e+00
      3.969    17.7362    32.6665  1023.5670     2.4938     5.3338     97.454   -0.00016    5.47313    5.46499      8.383     0.5960   10.02921   4.290760 4.3364e-03    23.5496    23.5494 1.7127e-04      4.000          1        411    1512.43 3.9495e+00  50194.413     17.091 1603272919      -0.02      0.373   40.16830  -73.32540 0.0000e+00
      4.962    17.7425    32.6904  1023.5883     2.4935     5.3319     97.440   -0.00032    5.47198    5.46384 -9.990e-29     0.6255   10.02701   4.294220 -4.390e-05    23.5664    23.5662 -1.734e-06      5.000          1        490    1512.49 3.9495e+00  50227.441     20.366 1603272923      -0.02      0.284   40.16830  -73.32540 0.0000e+00
      5.953    17.7431    32.7132  1023.6100     2.4912     5.3265     97.331   -0.00059    5.47250    5.46437 -9.990e-29     0.5786   10.02786   4.296897 2.5320e-11    23.5838    23.5835 1.0000e-12      6.000          1        574    1512.53 3.9495e+00  50259.199     23.885 1603272926       0.02      0.295   40.16830  -73.32540 0.0000e+00
      6.947    17.7393    32.7153  1023.6170     2.4927     5.3304     97.479    0.00065    5.46827    5.46012 -9.990e-29     0.6104   10.02032   4.296871 2.5320e-11    23.5864    23.5861 1.0000e-12      7.000          1        649    1512.54 3.9495e+00  50262.871     27.016 1603272929      -0.02      0.315   40.16830  -73.32542 0.0000e+00
      7.939    17.7686    32.7780  1023.6623     2.4813     5.2824     96.660   -0.00414    5.46492    5.45676      8.380     0.5704   10.01421   4.307318 2.5556e-11    23.6273    23.6270 1.0000e-12      8.000          1        737    1512.71 3.9495e+00  50347.480     30.660 1603272933      -0.03      0.271   40.16830  -73.32542 0.0000e+00
      8.932    17.7798    32.8174  1023.6941     2.4710     5.2641     96.333   -0.00134    5.46451    5.45635      8.380     0.5376   10.01345   4.312851 2.5337e-11    23.6548    23.6545 1.0000e-12      9.000          1        822    1512.81 3.9495e+00  50401.335     34.218 1603272937       0.10      0.323   40.16830  -73.32542 0.0000e+00
      9.922    17.7799    32.8249  1023.7043     2.4720     5.2745     96.507    0.00053    5.46538    5.45723      8.381     0.5847   10.01471   4.313739 3.3794e+04    23.6606    23.6602 1.0000e-12     10.000          1        909    1512.84 2.5433e+00  50412.119     37.852 1603272940      -0.00      0.264   40.16830  -73.32542 0.0000e+00
     10.915    17.7636    32.8427  1023.7263     2.4701     5.2673     96.346   -0.00088    5.46708    5.45896      8.381     0.5680   10.01732   4.314265 9.8474e+04    23.6782    23.6778 1.0000e-12     11.000          1        991    1512.82 6.7883e-01  50438.312     41.232 1603272944      -0.01      0.291   40.16830  -73.32543 0.0000e+00
     11.906    17.7404    32.8624  1023.7513     2.4615     5.2400     95.815   -0.00313    5.46889    5.46079      8.380     0.6192   10.02026   4.314341 -8.380e+03    23.6988    23.6984 1.0000e-12     12.000          1       1081    1512.79 4.1203e+00  50467.393     45.015 1603272947       0.03      0.245   40.16830  -73.32543 0.0000e+00
     12.900    17.7251    32.8673  1023.7631     2.4058     5.0408     92.169   -0.01934    5.46907    5.46098      8.365     0.5257   10.02044   4.313513 2.5320e-11    23.7063    23.7058 1.0000e-12     13.000          1       1156    1512.77 3.9397e+00  50475.754     48.115 1603272951      -0.04      0.295   40.16830  -73.32543 0.0000e+00
     13.890    17.7180    32.8839  1023.7820     2.3568     4.9741     90.973    0.00064    5.46760    5.45951      8.358     0.5037   10.01776   4.314978 2.5320e-11    23.7208    23.7203 1.0000e-12     14.000          1       1251    1512.79 3.9495e+00  50499.614     52.100 1603272954       0.18      0.278   40.16830  -73.32544 0.0000e+00
     14.884    17.7263    32.9017  1023.7980     2.3653     4.9977     91.439    0.00137    5.46562    5.45751      8.356     0.5254   10.01423   4.317888 6.8214e+04    23.7324    23.7318 1.0000e-12     15.000          1       1317    1512.85 1.2554e+00  50523.903     54.819 1603272957      -0.06      0.342   40.16830  -73.32544 0.0000e+00
     15.878    17.7368    32.9226  1023.8159     2.3447     4.9170     89.953   -0.00710    5.46613    5.45803      8.348     0.5269   10.01496   4.321389 8.4140e+04    23.7460    23.7454 1.0000e-12     16.000          1       1392    1512.92 6.2634e-01  50552.430     57.939 1603272960      -0.03      0.321   40.16830  -73.32544 0.0000e+00
     16.862    17.7252    32.9369  1023.8340     2.2786     4.6907     85.774   -0.02409    5.46869    5.46064      8.317     0.3270   10.01867   4.321879 -8.611e+03    23.7598    23.7591 1.0000e-12     17.000          1       1494    1512.92 4.2896e+00  50573.384     62.216 1603272965       0.31      0.235   40.16830  -73.32544 0.0000e+00
     17.865    17.7035    32.9551  1023.8576     2.2428     4.5870     83.923   -0.02600    5.46577    5.45770      8.315     0.4443   10.01368   4.322032 2.5320e-11    23.7790    23.7782 1.0000e-12     18.000          1       1526    1512.89 3.9495e+00  50600.400     63.533 1603272966       0.06      0.639   40.16830  -73.32544 0.0000e+00
     18.854    17.7121    32.9971  1023.8921     2.2339     4.6323     84.864   -0.00258    5.45856    5.45045      8.318     0.4542   10.00134   4.327951 2.5320e-11    23.8091    23.8083 1.0000e-12     19.000          1       1602    1512.98 3.9495e+00  50657.988     66.709 1603272969      -0.09      0.291   40.16830  -73.32544 0.0000e+00
     19.846    17.7843    33.0459  1023.9164     2.2602     4.7500     86.981    0.01144    5.46085    5.45278      8.327     0.3317   10.00470   4.341386 9.0120e+04    23.8291    23.8283 1.0000e-12     20.000          1       1692    1513.27 3.5594e-01  50720.286     70.456 1603272973       0.12      0.342   40.16830  -73.32544 0.0000e+00
     20.837    17.7905    33.0877  1023.9513     2.2283     4.5869     83.750   -0.01764    5.47687    5.46893      8.310     0.2282   10.03146   4.345389 1.0020e+05    23.8596    23.8588 1.0000e-12     21.000          1       1753    1513.35 2.6642e-02  50777.863     72.992 1603272975      -0.01      0.390   40.16830  -73.32544 0.0000e+00
     21.831    17.6144    33.0669  1023.9823     2.1858     4.4733     81.666   -0.01797    5.47759    5.46965      8.306     0.2878   10.03267   4.326244 2.1279e+04    23.8861    23.8853 1.0000e-12     22.000          1       1806    1512.82 3.1964e+00  50762.520     75.194 1603272978       0.03      0.465   40.16830  -73.32544 0.0000e+00
     22.819    17.5547    33.0565  1023.9930     2.1614     4.4578     81.222   -0.00582    5.48849    5.48067      8.304     0.1901   10.05066   4.319273 -2.356e+03    23.8925    23.8916 1.0000e-12     23.000          1       1901    1512.65 4.0312e+00  50752.988     79.176 1603272982       0.04      0.195   40.16830  -73.32544 0.0000e+00
     23.815    17.4647    33.0853  1024.0411     2.1572     4.4720     81.356   -0.00048    5.49681    5.48907      8.301     0.1768   10.06442   4.314416 2.5320e-11    23.9361    23.9352 1.0000e-12     24.000          1       1961    1512.43 3.9495e+00  50799.959     81.659 1603272984       0.20      0.548   40.16830  -73.32544 0.0000e+00
     24.809    17.4136    33.0821  1024.0553     2.1501     4.4439     80.859   -0.00310    5.49590    5.48815      8.299     0.1934   10.06283   4.308980 2.5320e-11    23.9459    23.9449 1.0000e-12     25.000          1       2010    1512.29 3.9495e+00  50799.855     83.693 1603272986      -0.11      0.493   40.16830  -73.32544 0.0000e+00
     25.798    17.4039    33.0896  1024.0677     2.1561     4.4805     81.508    0.00272    5.49704    5.48930      8.301     0.1696   10.06466   4.309418 7.1170e+04    23.9540    23.9530 1.0000e-12     26.000          1       2093    1512.28 1.5580e+00  50811.450     87.178 1603272990      -0.03      0.262   40.16830  -73.32544 0.0000e+00
     26.790    17.3861    33.0946  1024.0802     2.1525     4.4614     80.970   -0.00382    5.50993    5.50231      8.298     0.1584   10.08621   4.307933 -8.696e+01    23.9621    23.9611 1.0000e-12     27.000          1       2176    1512.25 3.9524e+00  50820.204     90.608 1603272993       0.08      0.328   40.16830  -73.32544 0.0000e+00
     27.783    17.2711    33.0800  1024.1008     2.1338     4.3953     79.781   -0.00848    5.50912    5.50149      8.295     0.1500   10.08487   4.295400 2.5320e-11    23.9782    23.9772 1.0000e-12     28.000          1       2230    1511.91 3.9495e+00  50809.367     92.889 1603272995       0.09      0.445   40.16830  -73.32544 0.0000e+00
     28.776    17.2602    33.0775  1024.1059     2.1246     4.3987     79.663   -0.00340    5.52166    5.51415      8.293     0.1491   10.10587   4.294284 2.1286e+04    23.9789    23.9778 1.0000e-12     29.000          1       2327    1511.89 2.9687e+00  50807.314     96.912 1603272999       0.00      0.262   40.16830  -73.32545 0.0000e+00
     29.765    17.1378    33.0586  1024.1247     2.0902     4.2860     77.374   -0.01394    5.53935    5.53200      8.281     0.2385   10.13537   4.279562 -1.199e+03    23.9934    23.9923 1.0000e-12     30.000          1       2424    1511.52 4.0047e+00  50791.414    100.966 1603273003       0.18      0.289   40.16830  -73.32546 0.0000e+00
     30.761    16.9871    33.0523  1024.1598     2.0684     4.2612     76.771   -0.00662    5.55058    5.54333      8.281     0.2005   10.15411   4.265075 2.5320e-11    24.0240    24.0228 1.0000e-12     31.000          1       2496    1511.07 3.9495e+00  50795.244    103.941 1603273006      -0.05      0.307   40.16830  -73.32546 0.0000e+00
     31.751    16.8665    33.0429  1024.1853     2.0444     4.2105     75.739   -0.00466    5.55916    5.55200      8.278     0.1322   10.16845   4.252741 2.5528e-11    24.0450    24.0438 1.0000e-12     32.000          1       2603    1510.72 3.9495e+00  50792.637    108.424 1603273011      -0.04      0.217   40.16830  -73.32546 0.0000e+00
     32.744    16.8330    33.0391  1024.1947     2.0323     4.1904     75.235   -0.00355    5.56984    5.56277      8.280     0.1417   10.18625   4.249291 2.5321e-11    24.0500    24.0488 1.0000e-12     33.000          1       2686    1510.63 3.9495e+00  50790.777    111.872 1603273014       0.22      0.356   40.16830  -73.32546 0.0000e+00
     33.735    16.6927    33.0252  1024.2211     2.0051     4.1208     73.683   -0.00765    5.59279    5.58594      8.274     0.1498   10.22458   4.234060 2.5562e-11    24.0719    24.0707 1.0000e-12     34.000          1       2783    1510.20 3.9495e+00  50783.750    115.908 1603273018      -0.06      0.197   40.16830  -73.32547 0.0000e+00
     34.726    16.4284    32.9942  1024.2627     1.9584     3.9626     70.628   -0.02034    5.61055    5.60387      8.262     0.1455   10.25418   4.203670 3.7173e+04    24.1090    24.1078 1.0000e-12     35.000          1       2871    1509.37 2.4146e+00  50764.290    119.574 1603273022       0.46      0.413   40.16830  -73.32546 0.0000e+00
     35.737    16.2232    32.9947  1024.3146     1.9487     3.9971     71.248   -0.00281    5.61011    5.60343      8.268     0.1404   10.25347   4.187160 1.1781e+05    24.1564    24.1551 1.0000e-12     36.000          1       2924    1508.76 -6.849e-01  50783.399    121.780 1603273024      -0.60      0.527   40.16830  -73.32548 0.0000e+00
     34.726    16.3330    32.9961  1024.2861     1.9500     4.0142     71.594    0.00174    5.60680    5.60009      8.307     0.1419   10.24795   4.197458 6.8926e+03    24.1323    24.1311 1.0000e-12     35.000          1       3446    1509.09 3.6773e+00  50774.969    143.525 1603273046      -0.22     -0.253   40.16830  -73.32549 0.0000e+00
     33.736    16.3899    32.9908  1024.2646     1.9572     4.0439     72.248    0.00695    5.59723    5.59042      8.355     0.1526   10.23202   4.203277 2.5320e-11    24.1153    24.1140 1.0000e-12     34.000          1       4346    1509.24 3.9495e+00  50762.327    181.043 1603273083      -0.23     -0.417   40.16830  -73.32550 0.0000e+00
     32.744    16.4616    33.0033  1024.2532     1.9694     4.0592     72.604    0.00338    5.59094    5.58407      8.326     0.1766   10.22154   4.211148 2.5351e-11    24.1084    24.1072 1.0000e-12     33.000          1       4440    1509.46 3.9495e+00  50772.885    184.946 1603273087       0.05     -0.251   40.16830  -73.32550 0.0000e+00
     31.758    16.5305    33.0069  1024.2358     1.9918     4.1144     74.038    0.00983    5.55717    5.54998      8.305     0.1553   10.16510   4.218546 -9.990e-29    24.0953    24.0941 1.0000e-12     32.000          1       4545    1509.65 3.9495e+00  50771.635    189.328 1603273092      -0.33     -0.335   40.16830  -73.32550 0.0000e+00
     30.755    16.6983    33.0186  1024.2014     2.0149     4.1968     75.530    0.01587    5.55644    5.54924      8.308     0.1334   10.16395   4.236367 -9.990e-29    24.0655    24.0643 1.0000e-12     31.000          1       4575    1510.16 3.9495e+00  50772.543    190.584 1603273093      -0.07     -0.690   40.16830  -73.32550 0.0000e+00
     29.767    16.8558    33.0381  1024.1753     2.0370     4.2264     76.127    0.00815    5.55183    5.54459      8.300     0.1353   10.15628   4.252728 2.5320e-11    24.0438    24.0426 1.0000e-12     30.000          1       4648    1510.64 3.3444e+00  50785.838    193.634 1603273096       0.04     -0.366   40.16830  -73.32550 0.0000e+00
     28.772    16.9297    33.0354  1024.1515     2.0554     4.2557     76.955    0.00779    5.53013    5.52269      8.283     0.1639   10.12006   4.259347 2.5320e-11    24.0244    24.0233 1.0000e-12     29.000          1       4747    1510.85 3.9361e+00  50775.525    197.735 1603273100      -0.27     -0.541   40.16830  -73.32550 0.0000e+00
     27.783    17.0219    33.0501  1024.1367     2.0798     4.3243     78.343    0.01145    5.51964    5.51210      8.281     0.1629   10.10258   4.270164 2.5320e-11    24.0141    24.0130 1.0000e-12     28.000          1       4799    1511.13 3.9495e+00  50788.057    199.918 1603273102       0.12     -0.470   40.16830  -73.32550 0.0000e+00
     26.790    17.1674    33.0588  1024.1047     2.1008     4.3636     79.036    0.00602    5.52102    5.51350      8.286     0.1612   10.10480   4.284669 2.5320e-11    23.9865    23.9854 1.0000e-12     27.000          1       4875    1511.56 3.9244e+00  50787.893    203.076 1603273105      -0.02     -0.284   40.16830  -73.32550 0.0000e+00
     25.800    17.1842    33.0682  1024.1036     2.1160     4.3868     79.732    0.00588    5.50200    5.49431      8.293     0.1621   10.07310   4.286831 1.0210e+05    23.9897    23.9887 1.0000e-12     26.000          1       4968    1511.60 2.8329e+00  50798.998    206.974 1603273109      -0.02     -0.298   40.16830  -73.32552 0.0000e+00
     24.800    17.3077    33.0759  1024.0757     2.1346     4.4446     80.738    0.00753    5.50492    5.49725      8.295     0.1631   10.07796   4.300094 8.4056e+04    23.9663    23.9653 1.0000e-12     25.000          1       5106    1511.97 9.0539e-01  50799.489    212.696 1603273115      -0.16     -0.476   40.16830  -73.32551 0.0000e+00
