CalculateIndicators/WaterTemperature/Data/CTD_NYOS/20201027_C24.cnv
* Sea-Bird SBE 9 Data File:
* FileName = C:\Seabird 9 CTD\Data\2020\202010_offshore\20201027_C24.hex
* Software Version Seasave V 7.23.2
* Temperature SN = 4590
* Conductivity SN = 3228
* Number of Bytes Per Scan = 44
* Number of Voltage Words = 5
* Number of Scans Averaged by the Deck Unit = 1
* NMEA Latitude = 39 48.16 N
* NMEA Longitude = 072 29.90 W
* NMEA UTC (Time) = Oct 27 2020  11:42:48
* NMEA baud rate = 4800
** Ship: seawolf
** Station: 4.4
** Operator: sjw
# nquan = 31
# nvalues = 121                         
# units = specified
# name 0 = depSM: Depth [salt water, m]
# name 1 = t090C: Temperature [ITS-90, deg C]
# name 2 = sal00: Salinity, Practical [PSU]
# name 3 = density00: Density [density, kg/m^3]
# name 4 = sbeox0V: Oxygen raw, SBE 43 [V]
# name 5 = sbeox0ML/L: Oxygen, SBE 43 [ml/l]
# name 6 = sbeox0PS: Oxygen, SBE 43 [% saturation]
# name 7 = sbox0dV/dT: Oxygen, SBE 43 [dov/dt]
# name 8 = oxsolML/L: Oxygen Saturation, Garcia & Gordon [ml/l]
# name 9 = oxsatML/L: Oxygen Saturation, Weiss [ml/l]
# name 10 = ph: pH
# name 11 = flECO-AFL: Fluorescence, WET Labs ECO-AFL/FL [mg/m^3]
# name 12 = n2satML/L: Nitrogen Saturation [ml/l]
# name 13 = c0S/m: Conductivity [S/m]
# name 14 = cpar: CPAR/Corrected Irradiance [%]
# name 15 = sigma-é00: Density [sigma-theta, kg/m^3]
# name 16 = sigma-t00: Density [sigma-t, kg/m^3 ]
# name 17 = par: PAR/Irradiance, Biospherical/Licor
# name 18 = prDM: Pressure, Digiquartz [db]
# name 19 = pumps: Pump Status
# name 20 = scan: Scan Count
# name 21 = svCM: Sound Velocity [Chen-Millero, m/s]
# name 22 = spar: SPAR, Biospherical/Licor
# name 23 = specc: Specific Conductance [uS/cm]
# name 24 = timeS: Time, Elapsed [seconds]
# name 25 = timeY: Time, System [seconds]
# name 26 = accM: Acceleration [m/s^2]
# name 27 = dz/dtM: Descent Rate [m/s]
# name 28 = latitude: Latitude [deg]
# name 29 = longitude: Longitude [deg]
# name 30 = flag: flag
# span 0 =      1.957,     61.521       
# span 1 =    13.2432,    18.1229       
# span 2 =    33.7137,    34.1742       
# span 3 =  1024.4194,  1025.6995       
# span 4 =     1.8817,     2.4385       
# span 5 =     4.0187,     5.1112       
# span 6 =     67.861,     94.763       
# span 7 =   -0.03238,    0.02587       
# span 8 =    5.39362,    5.97580       
# span 9 =    5.38531,    5.97360       
# span 10 =      8.356,      8.580      
# span 11 =     0.0104,     0.4964      
# span 12 =    9.88433,   10.85236      
# span 13 =   3.984913,   4.476927      
# span 14 = 1.5829e-12, 2.7793e+01      
# span 15 =    24.4108,    25.4240      
# span 16 =    24.4106,    25.4223      
# span 17 = 1.0000e-12, 2.5355e+01      
# span 18 =      2.000,     62.000      
# span 19 =          1,          1      
# span 20 =       -141,      13696      
# span 21 =    1500.30,    1515.23      
# span 22 = 1.9747e+01, 9.1428e+01      
# span 23 =  51870.790,  52269.014      
# span 24 =     -5.905,    570.608      
# span 25 = 1603798964, 1603799540      
# span 26 =      -0.38,       0.67      
# span 27 =     -0.660,      1.120      
# span 28 =   39.80105,   39.80283      
# span 29 =  -72.49834,  -72.49697      
# span 30 = 0.0000e+00, 0.0000e+00      
# interval = decibars: 1                
# start_time = Oct 27 2020 11:42:50 [System UTC, first data scan.]
# bad_flag = -9.990e-29
*END*
[from data line 94]
     27.783    17.7817    34.0392  1024.7128     2.3254     4.8626     89.683    0.00254    5.42202    5.41399      8.426     0.2573    9.93069   4.457237 2.1455e+00    24.5907    24.5896 1.4414e+00     28.000          1       8608    1514.52 7.9635e+01  52085.307    358.618 1603799328       0.10     -0.434   39.80168  -72.49746 0.0000e+00
     26.791    17.8316    33.9850  1024.6547     2.3430     4.9064     90.659    0.00512    5.41194    5.40380      8.421     0.2682    9.91441   4.455905 2.5410e+00    24.5370    24.5359 1.5933e+00     27.000          1       8699    1514.59 6.4017e+01  52006.974    362.431 1603799332      -0.03     -0.226   39.80167  -72.49744 0.0000e+00
     25.804    17.9423    33.9402  1024.5890     2.3783     5.0128     92.860    0.01400    5.39820    5.38992      8.433     0.3158    9.89197   4.461820 2.6517e+00    24.4757    24.4746 1.7140e+00     26.000          1       8782    1514.85 6.4631e+01  51937.148    365.886 1603799335      -0.17     -0.362   39.80166  -72.49742 0.0000e+00
     24.798    18.0540    33.9169  1024.5393     2.4041     5.0667     93.828    0.00891    5.40002    5.39177      8.414     0.3565    9.89492   4.469679 2.6676e+00    24.4304    24.4294 1.8972e+00     25.000          1       9200    1515.13 7.2222e+01  51896.712    383.291 1603799353       0.04     -0.576   39.80160  -72.49739 0.0000e+00
     23.815    18.0840    33.9127  1024.5244     2.4173     5.0752     94.038    0.00206    5.39696    5.38867      8.430     0.3680    9.88991   4.471644 2.5092e+00    24.4199    24.4189 2.0718e+00     24.000          1      10256    1515.20 8.1084e+01  51888.416    427.285 1603799397       0.06     -0.276   39.80145  -72.49730 0.0000e+00
     22.827    18.0888    33.9111  1024.5176     2.4230     5.0859     94.266    0.00157    5.39525    5.38694      8.460     0.4257    9.88707   4.471869 2.6956e+00    24.4174    24.4164 2.2271e+00     23.000          1      10318    1515.19 8.2669e+01  51885.309    429.858 1603799399      -0.26     -0.368   39.80144  -72.49730 0.0000e+00
     21.826    18.0984    33.9109  1024.5106     2.4271     5.0984     94.507    0.00226    5.39471    5.38640      8.439     0.4057    9.88617   4.472783 2.9855e+00    24.4148    24.4139 2.4491e+00     22.000          1      10358    1515.20 8.2047e+01  51883.868    431.531 1603799401       0.05     -0.568   39.80144  -72.49728 0.0000e+00
     20.838    18.1120    33.9118  1024.5037     2.4294     5.0981     94.500    0.00049    5.39482    5.38651      8.448     0.4165    9.88634   4.474139 3.3100e+00    24.4122    24.4113 2.6988e+00     21.000          1      10459    1515.23 8.1539e+01  51883.677    435.756 1603799405      -0.19     -0.275   39.80142  -72.49728 0.0000e+00
     19.848    18.1118    33.9119  1024.4994     2.4288     5.0934     94.413   -0.00021    5.39484    5.38654      8.448     0.4124    9.88639   4.474059 3.7619e+00    24.4122    24.4114 2.8990e+00     20.000          1      10526    1515.21 7.7837e+01  51883.328    438.550 1603799408       0.03     -0.365   39.80142  -72.49726 0.0000e+00
     18.852    18.1116    33.9120  1024.4951     2.4283     5.0908     94.365   -0.00057    5.39480    5.38649      8.442     0.4253    9.88631   4.473994 4.5885e+00    24.4123    24.4115 3.1560e+00     19.000          1      10577    1515.19 6.9198e+01  51882.943    440.665 1603799410      -0.00     -0.478   39.80141  -72.49726 0.0000e+00
     17.862    18.1120    33.9124  1024.4909     2.4312     5.1029     94.593    0.00111    5.39465    5.38635      8.435     0.4572    9.88606   4.474030 4.1773e+00    24.4125    24.4117 3.4498e+00     18.000          1      10664    1515.18 8.2388e+01  51882.942    444.279 1603799414      -0.21     -0.219   39.80140  -72.49726 0.0000e+00
     16.870    18.1134    33.9126  1024.4863     2.4319     5.1001     94.547    0.00004    5.39429    5.38598      8.463     0.4302    9.88546   4.474138 4.6033e+00    24.4123    24.4115 3.7270e+00     17.000          1      10742    1515.17 8.0964e+01  51882.645    447.527 1603799417      -0.13     -0.285   39.80140  -72.49726 0.0000e+00
     15.876    18.1160    33.9126  1024.4813     2.4318     5.0996     94.540    0.00012    5.39415    5.38583      8.464     0.4300    9.88522   4.474352 4.9581e+00    24.4116    24.4109 4.0143e+00     16.000          1      10799    1515.16 8.0964e+01  51881.931    449.917 1603799419       0.03     -0.460   39.80138  -72.49724 0.0000e+00
     14.885    18.1180    33.9129  1024.4766     2.4316     5.0975     94.500   -0.00020    5.39421    5.38589      8.441     0.4325    9.88531   4.474535 5.3910e+00    24.4113    24.4106 4.3074e+00     15.000          1      10871    1515.15 8.0075e+01  51881.717    452.929 1603799422       0.00     -0.289   39.80138  -72.49724 0.0000e+00
     13.893    18.1175    33.9129  1024.4724     2.4325     5.1014     94.574    0.00056    5.39401    5.38570      8.442     0.4359    9.88499   4.474445 7.2094e+00    24.4114    24.4108 4.6416e+00     14.000          1      10947    1515.13 6.4270e+01  51881.304    456.102 1603799426       0.01     -0.325   39.80137  -72.49724 0.0000e+00
     12.899    18.1190    33.9131  1024.4677     2.4348     5.1064     94.669    0.00050    5.39399    5.38568      8.431     0.4223    9.88495   4.474577 7.6910e+00    24.4111    24.4106 5.0530e+00     13.000          1      11019    1515.12 6.5711e+01  51880.975    459.088 1603799429      -0.05     -0.323   39.80136  -72.49723 0.0000e+00
     11.906    18.1195    33.9134  1024.4634     2.4330     5.0978     94.509   -0.00056    5.39400    5.38569      8.436     0.4497    9.88497   4.474596 8.3892e+00    24.4111    24.4107 5.4689e+00     12.000          1      11089    1515.10 6.5192e+01  51880.785    462.001 1603799431      -0.23     -0.426   39.80136  -72.49722 0.0000e+00
     10.914    18.1192    33.9133  1024.4590     2.4321     5.0964     94.482   -0.00015    5.39400    5.38569      8.433     0.4422    9.88497   4.474523 8.9373e+00    24.4111    24.4106 5.9149e+00     11.000          1      11160    1515.09 6.6351e+01  51880.143    464.942 1603799434       0.04     -0.340   39.80134  -72.49721 0.0000e+00
      9.921    18.1223    33.9142  1024.4545     2.4357     5.1079     94.700    0.00072    5.39373    5.38542      8.456     0.4367    9.88451   4.474881 7.6909e+00    24.4110    24.4106 6.5572e+00     10.000          1      11942    1515.08 8.5221e+01  51880.703    497.559 1603799467      -0.03     -0.243   39.80126  -72.49714 0.0000e+00
      8.930    18.1229    33.9144  1024.4502     2.4376     5.1112     94.763    0.00054    5.39368    5.38537      8.445     0.4447    9.88443   4.474917 8.3118e+00    24.4110    24.4106 7.2073e+00      9.000          1      12467    1515.06 8.6708e+01  51880.469    519.410 1603799489      -0.02     -0.312   39.80120  -72.49708 0.0000e+00
      7.940    18.1221    33.9144  1024.4460     2.4355     5.1016     94.584   -0.00060    5.39374    5.38543      8.455     0.4713    9.88453   4.474789 9.2135e+00    24.4111    24.4108 8.0055e+00      8.000          1      12590    1515.04 8.6888e+01  51880.001    524.560 1603799494      -0.03     -0.229   39.80118  -72.49708 0.0000e+00
      6.946    18.1214    33.9143  1024.4417     2.4361     5.1051     94.648    0.00028    5.39372    5.38540      8.455     0.4729    9.88449   4.474677 1.0311e+01    24.4112    24.4109 8.9592e+00      7.000          1      12684    1515.02 8.6888e+01  51879.489    528.439 1603799498      -0.07     -0.254   39.80117  -72.49707 0.0000e+00
      5.953    18.1219    33.9143  1024.4371     2.4350     5.0996     94.546   -0.00041    5.39373    5.38541      8.456     0.4678    9.88451   4.474682 1.1905e+01    24.4110    24.4107 1.0344e+01      6.000          1      12765    1515.01 8.6888e+01  51878.882    531.850 1603799501      -0.07     -0.362   39.80116  -72.49706 0.0000e+00
      4.964    18.1219    33.9143  1024.4328     2.4376     5.1099     94.736    0.00094    5.39384    5.38553      8.470     0.4487    9.88470   4.474636 1.3274e+01    24.4110    24.4108 1.1767e+01      5.000          1      12887    1514.99 8.8652e+01  51878.423    536.936 1603799506      -0.15     -0.178   39.80116  -72.49704 0.0000e+00
      3.968    18.1208    33.9142  1024.4285     2.4385     5.1091     94.720    0.00004    5.39393    5.38562      8.469     0.4493    9.88485   4.474460 1.5562e+01    24.4111    24.4109 1.3828e+01      4.000          1      12955    1514.97 8.8858e+01  51877.803    539.748 1603799509       0.04     -0.368   39.80114  -72.49704 0.0000e+00
      2.974    18.1194    33.9138  1024.4242     2.4375     5.1039     94.621   -0.00067    5.39403    5.38572      8.468     0.4946    9.88502   4.474246 1.9290e+01    24.4111    24.4110 1.7141e+01      3.000          1      13058    1514.95 8.8863e+01  51876.925    544.062 1603799513      -0.15     -0.194   39.80114  -72.49704 0.0000e+00
      1.957    18.1206    33.9139  1024.4194     2.4378     5.1081     94.707    0.00052    5.39362    5.38531      8.479     0.4157    9.88433   4.474344 2.7793e+01    24.4108    24.4107 2.5355e+01      2.000          1      13696    1514.94 9.1428e+01  51876.378    570.608 1603799540      -0.29     -0.481   39.80105  -72.49697 0.0000e+00
