CalculateIndicators/WaterTemperature/Data/CTD_NYOS/20200205_C05.cnv
* Sea-Bird SBE 9 Data File:
* FileName = C:\Seabird 9 CTD\Data\2020\202002_offshore\20200205_C05.hex
* Software Version Seasave V 7.23.2
* Temperature SN = 4590
* Conductivity SN = 3228
* Number of Bytes Per Scan = 44
* Number of Voltage Words = 5
* Number of Scans Averaged by the Deck Unit = 1
* NMEA Latitude = 39 42.84 N
* NMEA Longitude = 073 30.23 W
* NMEA UTC (Time) = Feb 05 2020  08:09:35
* NMEA baud rate = 4800
** Ship: rv seawolf
** Station: 7.3
** Operator: sjw
# nquan = 35
# nvalues = 74                          
# units = specified
# name 0 = depSM: Depth [salt water, m]
# name 1 = t090C: Temperature [ITS-90, deg C]
# name 2 = sal00: Salinity, Practical [PSU]
# name 3 = density00: Density [density, kg/m^3]
# name 4 = sbeox0V: Oxygen raw, SBE 43 [V]
# name 5 = sbeox0ML/L: Oxygen, SBE 43 [ml/l]
# name 6 = sbeox0PS: Oxygen, SBE 43 [% saturation]
# name 7 = sbox0dV/dT: Oxygen, SBE 43 [dov/dt]
# name 8 = oxsolML/L: Oxygen Saturation, Garcia & Gordon [ml/l]
# name 9 = oxsatML/L: Oxygen Saturation, Weiss [ml/l]
# name 10 = ph: pH
# name 11 = flECO-AFL: Fluorescence, WET Labs ECO-AFL/FL [mg/m^3]
# name 12 = n2satML/L: Nitrogen Saturation [ml/l]
# name 13 = c0S/m: Conductivity [S/m]
# name 14 = cpar: CPAR/Corrected Irradiance [%]
# name 15 = sigma-é00: Density [sigma-theta, kg/m^3]
# name 16 = sigma-t00: Density [sigma-t, kg/m^3 ]
# name 17 = par: PAR/Irradiance, Biospherical/Licor
# name 18 = prDM: Pressure, Digiquartz [db]
# name 19 = pumps: Pump Status
# name 20 = scan: Scan Count
# name 21 = svCM: Sound Velocity [Chen-Millero, m/s]
# name 22 = spar: SPAR, Biospherical/Licor
# name 23 = specc: Specific Conductance [uS/cm]
# name 24 = timeS: Time, Elapsed [seconds]
# name 25 = timeY: Time, System [seconds]
# name 26 = accM: Acceleration [m/s^2]
# name 27 = dz/dtM: Descent Rate [m/s]
# name 28 = latitude: Latitude [deg]
# name 29 = longitude: Longitude [deg]
# name 30 = gsw_saA0: Absolute Salinity [g/kg]
# name 31 = gsw_densityA0: density, TEOS-10 [density, kg/m^3]
# name 32 = gsw_sigma0A0: density, TEOS-10 [sigma-0, kg/m^3 ]
# name 33 = gsw_ptA0: potential temperature [ITS-90, deg C]
# name 34 = flag: flag
# span 0 =      1.000,     38.000       
# span 1 =     8.2536,     8.3485       
# span 2 =    33.5746,    33.6206       
# span 3 =  1026.1077,  1026.3227       
# span 4 =     2.4912,     2.5609       
# span 5 =     6.6052,     6.8061       
# span 6 =     99.818,    102.969       
# span 7 =   -0.00283,    0.00280       
# span 8 =    6.60940,    6.62229       
# span 9 =    6.61571,    6.62883       
# span 10 =      8.299,      8.318      
# span 11 =     0.5553,     1.0413      
# span 12 =   11.90212,   11.92305      
# span 13 =   3.514990,   3.521751      
# span 14 = -6.934e+04, 1.0602e+05      
# span 15 =    26.1027,    26.1489      
# span 16 =    26.1026,    26.1484      
# span 17 = -1.126e-03, 1.1268e-01      
# span 18 =      1.020,     38.281      
# span 19 =          1,          1      
# span 20 =        491,      12516      
# span 21 =    1482.04,    1482.47      
# span 22 = -2.178e-01, 6.6880e+00      
# span 23 =  52768.583,  52871.786      
# span 24 =     20.402,    521.468      
# span 25 = 1580890197, 1580890698      
# span 26 =      -0.41,       0.42      
# span 27 =     -0.711,      0.688      
# span 28 =   39.71404,   39.71420      
# span 29 =  -73.50388,  -73.50319      
# span 30 =    33.7338,    33.7803      
# span 31 =  1026.1105,  1026.3254      
# span 32 =    26.1054,    26.1518      
# span 33 =     8.2514,     8.3482      
# span 34 = 0.0000e+00, 0.0000e+00      
# interval = meters: 1                  
# start_time = Feb 05 2020 08:09:37 [System UTC, first data scan.]
# bad_flag = -9.990e-29
*END*
[from data line 42]
     32.000     8.2819    33.6193  1026.2949     2.4934     6.6173     99.986 3.0435e-07    6.61823    6.62472 -9.990e-29     0.7327   11.91619   3.519252 2.5320e-11    26.1481    26.1476 1.0000e-12     32.247          1       5154    1482.36 3.9495e+00  52867.234    214.723 1580890391      -0.40     -0.370   39.71414  -73.50362    33.7788  1026.2977    26.1509     8.2786 0.0000e+00
     31.000     8.2795    33.6186  1026.2901     2.4943     6.6252    100.103    0.00049    6.61840    6.62489 -9.990e-29     0.7532   11.91648   3.518899 3.9239e+04    26.1479    26.1475 1.0000e-12     31.245          1       5202    1482.33 2.3997e+00  52866.147    216.719 1580890393       0.05     -0.514   39.71414  -73.50362    33.7778  1026.2927    26.1504     8.2764 0.0000e+00
     30.000     8.2759    33.6168  1026.2847     2.4947     6.6190     99.996   -0.00021    6.61927    6.62578 -9.990e-29     0.6537   11.91795   3.518384 3.6216e+04    26.1470    26.1466 1.0000e-12     30.231          1       5335    1482.30 2.3966e+00  52863.750    222.249 1580890399      -0.41     -0.434   39.71416  -73.50362    33.7762  1026.2874    26.1498     8.2728 0.0000e+00
     29.000     8.2721    33.6156  1026.2797     2.4954     6.6278    100.129    0.00045    6.61923    6.62574 -9.990e-29     0.6643   11.91789   3.517839 1.8663e+03    26.1467    26.1462 1.0000e-12     29.230          1       5366    1482.27 3.8696e+00  52862.333    223.548 1580890400      -0.03     -0.711   39.71416  -73.50362    33.7745  1026.2820    26.1490     8.2692 0.0000e+00
     28.000     8.2713    33.6152  1026.2749     2.4974     6.6291    100.128   -0.00012    6.62060    6.62712      8.300     0.7076   11.92019   3.517721 2.5320e-11    26.1464    26.1460 1.0000e-12     28.220          1       5489    1482.25 3.9495e+00  52861.210    228.682 1580890405      -0.09     -0.539   39.71416  -73.50360    33.7745  1026.2776    26.1491     8.2684 0.0000e+00
     27.000     8.2646    33.6126  1026.2693     2.4986     6.6372    100.243    0.00030    6.62110    6.62762      8.300     0.6527   11.92103   3.516761 2.5320e-11    26.1454    26.1450 1.0000e-12     27.214          1       5550    1482.20 3.9495e+00  52858.450    231.193 1580890408      -0.02     -0.669   39.71416  -73.50360    33.7711  1026.2713    26.1474     8.2619 0.0000e+00
     26.000     8.2603    33.6104  1026.2636     2.4990     6.6363    100.217    0.00010    6.62193    6.62847      8.300     0.7210   11.92243   3.516182 2.5320e-11    26.1443    26.1439 1.0000e-12     26.204          1       5676    1482.16 3.9495e+00  52855.729    236.466 1580890413      -0.13     -0.444   39.71417  -73.50360    33.7696  1026.2661    26.1468     8.2577 0.0000e+00
     25.000     8.2579    33.6093  1026.2585     2.5005     6.6427    100.321    0.00032    6.62139    6.62792      8.301     0.7225   11.92152   3.515810 3.9720e+04    26.1438    26.1434 1.0000e-12     25.201          1       6088    1482.14 2.3807e+00  52854.068    253.626 1580890430       0.01     -0.430   39.71417  -73.50359    33.7684  1026.2610    26.1462     8.2554 0.0000e+00
     24.000     8.2548    33.6081  1026.2534     2.5008     6.6436    100.324    0.00029    6.62209    6.62863      8.302     0.6556   11.92271   3.515379 -5.399e+03    26.1432    26.1429 1.0000e-12     24.182          1       7470    1482.11 4.1627e+00  52852.304    311.226 1580890488      -0.05     -0.162   39.71420  -73.50352    33.7672  1026.2559    26.1458     8.2524 0.0000e+00
     23.000     8.2540    33.6070  1026.2480     2.5022     6.6449    100.341    0.00019    6.62229    6.62883      8.302     0.7079   11.92305   3.515159 2.5320e-11    26.1425    26.1421 1.0000e-12     23.183          1       7406    1482.09 3.9495e+00  52850.291    308.535 1580890485      -0.17     -0.513   39.71420  -73.50352    33.7660  1026.2505    26.1450     8.2517 0.0000e+00
     22.000     8.2536    33.6058  1026.2426     2.5032     6.6482    100.422    0.00045    6.62025    6.62675      8.302     0.6734   11.91968   3.514990 2.5320e-11    26.1416    26.1413 1.0000e-12     22.167          1       7529    1482.07 3.9495e+00  52848.047    313.668 1580890490      -0.01     -0.206   39.71420  -73.50352    33.7651  1026.2452    26.1443     8.2514 0.0000e+00
     21.000     8.2663    33.6049  1026.2353     2.5058     6.6580    100.601    0.00093    6.61822    6.62470      8.303     0.6869   11.91633   3.516064 2.8243e+03    26.1390    26.1386 1.0000e-12     21.166          1       7598    1482.10 3.8380e+00  52843.099    316.545 1580890493       0.04     -0.468   39.71420  -73.50351    33.7648  1026.2385    26.1421     8.2642 0.0000e+00
     20.000     8.2832    33.6057  1026.2289     2.5101     6.6689    100.781    0.00077    6.61723    6.62369 -9.990e-29     0.6967   11.91468   3.517613 7.0962e+04    26.1371    26.1368 1.0000e-12     20.154          1       7712    1482.15 1.1145e+00  52839.651    321.309 1580890498       0.02     -0.155   39.71420  -73.50350    33.7655  1026.2319    26.1402     8.2812 0.0000e+00
     19.000     8.2867    33.6070  1026.2247     2.5122     6.6731    100.852    0.00069    6.61666    6.62311      8.304     0.7003   11.91373   3.518013 2.6214e+03    26.1375    26.1373 1.0000e-12     19.148          1       7796    1482.15 3.8448e+00  52840.003    324.800 1580890501      -0.09     -0.369   39.71420  -73.50350    33.7669  1026.2279    26.1407     8.2848 0.0000e+00
     18.000     8.2900    33.6070  1026.2196     2.5149     6.6778    100.925    0.00061    6.61662    6.62308      8.304     0.7161   11.91366   3.518228 2.5320e-11    26.1370    26.1367 1.0000e-12     18.140          1       7868    1482.14 3.9495e+00  52838.487    327.787 1580890504      -0.01     -0.314   39.71420  -73.50350    33.7666  1026.2225    26.1399     8.2882 0.0000e+00
     17.000     8.2899    33.6072  1026.2152     2.5160     6.6815    101.004    0.00060    6.61503    6.62146      8.304     0.7724   11.91103   3.518174 2.5320e-11    26.1372    26.1369 1.0000e-12     17.130          1       7970    1482.12 3.9495e+00  52838.116    332.031 1580890509      -0.16     -0.280   39.71420  -73.50350    33.7666  1026.2180    26.1400     8.2881 0.0000e+00
     16.000     8.2987    33.6072  1026.2093     2.5186     6.6925    101.197    0.00112    6.61340    6.61981      8.304     0.8223   11.90836   3.518993 1.8038e+04    26.1359    26.1356 1.0000e-12     16.126          1       8035    1482.14 3.2371e+00  52835.476    334.734 1580890511      -0.08     -0.368   39.71420  -73.50349    33.7673  1026.2126    26.1391     8.2971 0.0000e+00
     15.000     8.3203    33.6036  1026.1986     2.5266     6.7284    101.783    0.00264    6.61057    6.61693      8.305     0.8056   11.90377   3.520591 4.2279e+04    26.1298    26.1295 1.0000e-12     15.120          1       8126    1482.20 2.1955e+00  52824.602    338.554 1580890515      -0.08     -0.431   39.71420  -73.50348    33.7640  1026.2022    26.1334     8.3188 0.0000e+00
     14.000     8.3382    33.5975  1026.1865     2.5370     6.7613    102.292    0.00273    6.60978    6.61611      8.308     0.8957   11.90259   3.521541 -4.745e+03    26.1223    26.1221 1.0000e-12     14.106          1       8216    1482.24 4.1470e+00  52811.161    342.274 1580890519      -0.01     -0.233   39.71420  -73.50348    33.7575  1026.1897    26.1255     8.3368 0.0000e+00
     13.000     8.3420    33.5888  1026.1745     2.5443     6.7858    102.654    0.00280    6.61038    6.61672      8.308     0.9873   11.90364   3.520972 2.5320e-11    26.1148    26.1146 1.0000e-12     13.100          1       8281    1482.23 3.9495e+00  52797.218    345.009 1580890522      -0.00     -0.376   39.71420  -73.50348    33.7483  1026.1774    26.1178     8.3406 0.0000e+00
     12.000     8.3392    33.5842  1026.1667     2.5487     6.7878    102.682    0.00149    6.61048    6.61682      8.308     0.9683   11.90382   3.520242 2.5320e-11    26.1116    26.1114 1.0000e-12     12.093          1       8349    1482.20 3.9495e+00  52790.709    347.832 1580890524       0.04     -0.336   39.71420  -73.50348    33.7436  1026.1696    26.1145     8.3380 0.0000e+00
     11.000     8.3387    33.5825  1026.1609     2.5520     6.7930    102.760    0.00100    6.61051    6.61684      8.312     0.9479   11.90389   3.519982 6.7838e+04    26.1104    26.1103 1.0000e-12     11.082          1       8423    1482.18 1.2702e+00  52787.872    350.912 1580890527      -0.11     -0.357   39.71420  -73.50348    33.7419  1026.1637    26.1132     8.3376 0.0000e+00
     10.000     8.3394    33.5809  1026.1549     2.5549     6.8026    102.906    0.00082    6.61043    6.61677      8.314     0.9201   11.90377   3.519835 6.9968e+04    26.1090    26.1088 1.0000e-12     10.084          1       9058    1482.16 1.1204e+00  52784.682    377.355 1580890554      -0.09     -0.454   39.71420  -73.50344    33.7401  1026.1576    26.1117     8.3384 0.0000e+00
      9.000     8.3412    33.5790  1026.1485 -9.990e-29     6.7941    102.783   -0.00045    6.61019    6.61652      8.314     0.9205   11.90339   3.519773 3.5091e+03    26.1072    26.1071 1.0000e-12      9.072          1      10102    1482.15 3.8075e+00  52780.917    420.889 1580890597      -0.03     -0.521   39.71420  -73.50336    33.7382  1026.1512    26.1099     8.3403 0.0000e+00
      8.000     8.3425    33.5775  1026.1425     2.5586     6.8042    102.939    0.00045    6.60991    6.61623      8.315     0.9049   11.90294   3.519707 2.5320e-11    26.1058    26.1057 1.0000e-12      8.062          1      10236    1482.14 3.9495e+00  52777.780    426.440 1580890603       0.05     -0.250   39.71420  -73.50334    33.7367  1026.1453    26.1086     8.3417 0.0000e+00
      7.000     8.3448    33.5763  1026.1367     2.5593     6.8061    102.969    0.00024    6.60981    6.61613      8.315     0.9022   11.90279   3.519761 2.5320e-11    26.1045    26.1044 1.0000e-12      7.054          1      10315    1482.12 3.9495e+00  52774.936    429.756 1580890606      -0.06     -0.362   39.71420  -73.50334    33.7356  1026.1394    26.1073     8.3441 0.0000e+00
      6.000     8.3451    33.5762  1026.1319     2.5596     6.8051    102.955    0.00013    6.60978    6.61610      8.315     0.8720   11.90275   3.519726 2.5320e-11    26.1044    26.1043 1.0000e-12      6.047          1      10390    1482.11 3.9495e+00  52774.003    432.857 1580890609       0.05     -0.302   39.71420  -73.50334    33.7354  1026.1346    26.1071     8.3445 0.0000e+00
      5.000     8.3455    33.5758  1026.1270     2.5591     6.7983    102.852   -0.00032    6.60977    6.61609      8.316     0.8689   11.90274   3.519678 2.5320e-11    26.1040    26.1039 1.0000e-12      5.036          1      10472    1482.10 3.9495e+00  52772.732    436.309 1580890613      -0.11     -0.318   39.71420  -73.50334    33.7350  1026.1297    26.1067     8.3450 0.0000e+00
      4.000     8.3457    33.5754  1026.1220     2.5579     6.7917    102.754   -0.00051    6.60971    6.61603      8.317     0.8840   11.90263   3.519611 2.5320e-11    26.1036    26.1036 1.0000e-12      4.031          1      10539    1482.08 3.9495e+00  52771.391    439.084 1580890616       0.06     -0.320   39.71420  -73.50333    33.7345  1026.1247    26.1064     8.3453 0.0000e+00
      3.000     8.3461    33.5750  1026.1170     2.5588     6.8043    102.944    0.00063    6.60968    6.61600      8.318     0.8903   11.90258   3.519575 2.5320e-11    26.1033    26.1032 1.0000e-12      3.025          1      10617    1482.06 3.9495e+00  52770.147    442.345 1580890619      -0.06     -0.361   39.71420  -73.50332    33.7342  1026.1198    26.1060     8.3458 0.0000e+00
      2.000     8.3462    33.5751  1026.1124     2.5590     6.7986    102.858    0.00001    6.60971    6.61603      8.318     0.9425   11.90263   3.519541 2.2083e+00    26.1033    26.1032 8.7217e-02      2.016          1      10714    1482.05 3.9495e+00  52769.512    446.393 1580890623       0.03     -0.215   39.71420  -73.50332    33.7342  1026.1152    26.1060     8.3460 0.0000e+00
      1.000     8.3463    33.5749  1026.1077     2.5609     6.8024    102.917   -0.00028    6.60967    6.61599      8.318     0.8887   11.90257   3.519487 1.3188e+04    26.1031    26.1031 1.1268e-01      1.020          1      12516    1482.04 3.4288e+00  52768.583    521.468 1580890698      -0.27     -0.046   39.71420  -73.50319    33.7341  1026.1105    26.1058     8.3463 0.0000e+00
