CalculateIndicators/WaterTemperature/Data/CTD_NYOS/20201022_C18.cnv
* Sea-Bird SBE 9 Data File:
* FileName = C:\Seabird 9 CTD\Data\2020\202010_offshore\20201022_C18.hex
* Software Version Seasave V 7.23.2
* Temperature SN = 4590
* Conductivity SN = 3228
* Number of Bytes Per Scan = 44
* Number of Voltage Words = 5
* Number of Scans Averaged by the Deck Unit = 1
* NMEA Latitude = 39 38.51 N
* NMEA Longitude = 072 47.12 W
* NMEA UTC (Time) = Oct 22 2020  00:40:30
* NMEA baud rate = 4800
** Ship: seawolf
** Station: 5.4
** Operator: EIH
# nquan = 31
# nvalues = 119                         
# units = specified
# name 0 = depSM: Depth [salt water, m]
# name 1 = t090C: Temperature [ITS-90, deg C]
# name 2 = sal00: Salinity, Practical [PSU]
# name 3 = density00: Density [density, kg/m^3]
# name 4 = sbeox0V: Oxygen raw, SBE 43 [V]
# name 5 = sbeox0ML/L: Oxygen, SBE 43 [ml/l]
# name 6 = sbeox0PS: Oxygen, SBE 43 [% saturation]
# name 7 = sbox0dV/dT: Oxygen, SBE 43 [dov/dt]
# name 8 = oxsolML/L: Oxygen Saturation, Garcia & Gordon [ml/l]
# name 9 = oxsatML/L: Oxygen Saturation, Weiss [ml/l]
# name 10 = ph: pH
# name 11 = flECO-AFL: Fluorescence, WET Labs ECO-AFL/FL [mg/m^3]
# name 12 = n2satML/L: Nitrogen Saturation [ml/l]
# name 13 = c0S/m: Conductivity [S/m]
# name 14 = cpar: CPAR/Corrected Irradiance [%]
# name 15 = sigma-é00: Density [sigma-theta, kg/m^3]
# name 16 = sigma-t00: Density [sigma-t, kg/m^3 ]
# name 17 = par: PAR/Irradiance, Biospherical/Licor
# name 18 = prDM: Pressure, Digiquartz [db]
# name 19 = pumps: Pump Status
# name 20 = scan: Scan Count
# name 21 = svCM: Sound Velocity [Chen-Millero, m/s]
# name 22 = spar: SPAR, Biospherical/Licor
# name 23 = specc: Specific Conductance [uS/cm]
# name 24 = timeS: Time, Elapsed [seconds]
# name 25 = timeY: Time, System [seconds]
# name 26 = accM: Acceleration [m/s^2]
# name 27 = dz/dtM: Descent Rate [m/s]
# name 28 = latitude: Latitude [deg]
# name 29 = longitude: Longitude [deg]
# name 30 = flag: flag
# span 0 =      1.981,     60.530       
# span 1 =    14.1417,    18.5224       
# span 2 =    33.3266,    34.1520       
# span 3 =  1023.8914,  1025.5448       
# span 4 =     1.8311,     2.5108       
# span 5 =     3.8541,     5.2907       
# span 6 =     66.100,     98.133       
# span 7 =   -0.05940,    0.03010       
# span 8 =    5.34776,    5.83133       
# span 9 =    5.33914,    5.82753       
# span 10 =      8.256,      8.444      
# span 11 =     0.1616,     0.5068      
# span 12 =    9.80574,   10.61122      
# span 13 =   4.086733,   4.543581      
# span 14 = -6.768e+03, 1.1287e+05      
# span 15 =    23.8827,    25.2748      
# span 16 =    23.8826,    25.2729      
# span 17 = -9.552e-03, 1.1984e-01      
# span 18 =      2.000,     61.000      
# span 19 =          1,          1      
# span 20 =         29,      13534      
# span 21 =    1503.60,    1517.08      
# span 22 = -2.542e-01, 4.3424e+00      
# span 23 =  51052.447,  52201.814      
# span 24 =      1.153,    563.885      
# span 25 = 1603327233, 1603327795      
# span 26 =      -0.40,       0.44      
# span 27 =     -0.832,      0.848      
# span 28 =   39.64168,   39.64190      
# span 29 =  -72.78630,  -72.78543      
# span 30 = 0.0000e+00, 0.0000e+00      
# interval = decibars: 1                
# start_time = Oct 22 2020 00:40:31 [System UTC, first data scan.]
# bad_flag = -9.990e-29
*END*
      1.984    18.4461    33.3285  1023.8914     2.5108     5.2700     98.133   -0.00033    5.37029    5.36151      8.390     0.1840    9.85178   4.436690 9.2885e+04    23.8827    23.8826 1.1984e-01      2.000          1         29    1515.23 1.4051e-01  51053.580      1.153 1603327233       0.14     -0.074   39.64190  -72.78543 0.0000e+00
      2.977    18.4391    33.3270  1023.8964     2.5076     5.2907     98.013   -0.00070    5.39795    5.38943      8.396     0.1752    9.89732   4.435780 5.7746e+04    23.8833    23.8832 8.8941e-02      3.000          1        187    1515.22 8.3441e-01  51052.447      7.762 1603327239       0.06      0.210   39.64190  -72.78546 0.0000e+00
      3.967    18.1932    33.3612  1023.9874     2.4905     5.2676     96.950   -0.00589    5.43322    5.42506      8.409     0.2088    9.95491   4.414354 -6.153e+03    23.9700    23.9698 -9.552e-03      4.000          1        282    1514.56 2.0962e+00  51116.609     11.700 1603327243       0.09      0.261   39.64190  -72.78546 0.0000e+00
      4.960    17.8962    33.4387  1024.1239     2.4941     5.2762     97.533    0.00143    5.40965    5.40132      8.411     0.2144    9.91469   4.395871 5.0640e-11    24.1021    24.1019 1.0000e-12      5.000          1        338    1513.79 1.9747e+00  51243.579     14.027 1603327245      -0.02      0.415   39.64190  -72.78546 0.0000e+00
      5.955    18.0425    33.5270  1024.1602     2.4890     5.2454     97.060   -0.00258    5.40429    5.39592      8.414     0.1935    9.90551   4.421556 5.0640e-11    24.1340    24.1338 1.0000e-12      6.000          1        397    1514.34 1.9747e+00  51354.646     16.514 1603327248      -0.06      0.387   39.64190  -72.78546 0.0000e+00
      6.945    18.1338    33.5847  1024.1864     2.4833     5.2277     96.902   -0.00069    5.39479    5.38635      8.417     0.1743    9.88935   4.437090 5.0640e-11    24.1559    24.1556 1.0000e-12      7.000          1        480    1514.69 1.9747e+00  51427.807     19.968 1603327251       0.00      0.267   39.64190  -72.78546 0.0000e+00
      7.939    18.1839    33.6063  1024.1950     2.4801     5.2128     96.675   -0.00202    5.39213    5.38367      8.421     0.1803    9.88484   4.444936 5.0640e-11    24.1601    24.1598 1.0000e-12      8.000          1        533    1514.88 1.9747e+00  51454.273     22.184 1603327254       0.36      0.483   39.64190  -72.78548 0.0000e+00
      8.932    18.2286    33.6259  1024.2034     2.4781     5.2075     96.649   -0.00092    5.38813    5.37964      8.419     0.1848    9.87801   4.451478 5.0640e-11    24.1642    24.1638 1.0000e-12      9.000          1        589    1515.04 1.9747e+00  51478.601     24.496 1603327256      -0.12      0.414   39.64190  -72.78548 0.0000e+00
      9.924    18.2669    33.6439  1024.2121     2.4775     5.2080     96.676   -0.00011    5.38703    5.37854      8.412     0.1819    9.87614   4.457308 5.0197e-11    24.1686    24.1682 1.0000e-12     10.000          1        662    1515.19 -9.990e-29  51501.201     27.533 1603327259       0.08      0.381   39.64190  -72.78548 0.0000e+00
     10.917    18.2716    33.6474  1024.2181     2.4755     5.2004     96.539   -0.00100    5.38688    5.37839      8.411     0.2152    9.87587   4.458119 5.0629e-11    24.1701    24.1697 1.0000e-12     11.000          1        721    1515.23 1.9747e+00  51506.109     30.002 1603327261      -0.02      0.402   39.64190  -72.78550 0.0000e+00
     11.903    18.2729    33.6496  1024.2237     2.4742     5.2016     96.551   -0.00001    5.38744    5.37896      8.411     0.1955    9.87664   4.458493 5.0640e-11    24.1715    24.1710 1.0000e-12     12.000          1        796    1515.25 1.9747e+00  51509.472     33.124 1603327264       0.02      0.276   39.64190  -72.78550 0.0000e+00
     12.906    18.2690    33.6587  1024.2361     2.4746     5.2060     96.584    0.00014    5.39015    5.38169      8.410     0.2436    9.88115   4.459194 5.0640e-11    24.1795    24.1790 1.0000e-12     13.000          1        836    1515.27 1.9747e+00  51522.728     34.809 1603327266       0.07      0.583   39.64190  -72.78550 0.0000e+00
     13.890    18.2203    33.6636  1024.2563     2.4700     5.1952     96.279   -0.00178    5.39596    5.38755      8.411     0.2911    9.89082   4.454746 5.0640e-11    24.1953    24.1947 1.0000e-12     14.000          1        926    1515.15 1.9747e+00  51533.218     38.542 1603327270       0.02      0.196   39.64190  -72.78550 0.0000e+00
     14.884    18.1856    33.6617  1024.2677     2.4667     5.1880     96.157   -0.00132    5.39537    5.38696 -9.990e-29     0.3213    9.88978   4.451302 5.0640e-11    24.2024    24.2018 1.0000e-12     15.000          1        982    1515.06 1.9747e+00  51533.506     40.876 1603327272       0.03      0.454   39.64190  -72.78550 0.0000e+00
     15.879    18.1837    33.6661  1024.2760     2.4684     5.1978     96.353    0.00063    5.39452    5.38611      8.412     0.3822    9.88832   4.451755 8.9981e+04    24.2063    24.2056 1.0000e-12     16.000          1       1037    1515.08 1.9784e-01  51540.211     43.179 1603327274      -0.07      0.424   39.64190  -72.78550 0.0000e+00
     16.866    18.1929    33.6754  1024.2852     2.4672     5.1890     96.219   -0.00104    5.39290    5.38448      8.408     0.3391    9.88548   4.453929 4.7114e+04    24.2112    24.2105 1.0000e-12     17.000          1       1128    1515.13 1.0443e+00  51552.784     46.955 1603327278       0.06      0.210   39.64190  -72.78552 0.0000e+00
     17.865    18.2011    33.6844  1024.2946     2.4656     5.1874     96.174   -0.00056    5.39382    5.38540      8.408     0.4002    9.88702   4.455777 2.9351e+03    24.2161    24.2154 1.0000e-12     18.000          1       1176    1515.18 1.9167e+00  51565.046     48.943 1603327280       0.08      0.511   39.64190  -72.78552 0.0000e+00
     18.851    18.1944    33.6854  1024.3013     2.4620     5.1749     95.966   -0.00140    5.39247    5.38405      8.408     0.3758    9.88467   4.455245 5.0640e-11    24.2186    24.2178 1.0000e-12     19.000          1       1247    1515.18 1.9747e+00  51567.315     51.902 1603327283      -0.05      0.285   39.64190  -72.78552 0.0000e+00
     19.847    18.2021    33.6949  1024.3111     2.4599     5.1710     95.907   -0.00078    5.39165    5.38322      8.408     0.3924    9.88323   4.457255 5.0393e-11    24.2239    24.2231 1.0000e-12     20.000          1       1313    1515.23 1.9747e+00  51580.248     54.680 1603327286      -0.07      0.331   39.64190  -72.78554 0.0000e+00
     20.834    18.2084    33.7019  1024.3193     2.4572     5.1651     95.797   -0.00079    5.39171    5.38329      8.408     0.4001    9.88320   4.458756 5.0661e-11    24.2278    24.2269 1.0000e-12     21.000          1       1395    1515.27 1.9747e+00  51589.808     58.079 1603327289       0.23      0.313   39.64190  -72.78554 0.0000e+00
     21.834    18.2133    33.7139  1024.3317     2.4568     5.1658     95.804   -0.00034    5.39205    5.38363      8.408     0.4399    9.88377   4.460653 5.0640e-11    24.2359    24.2349 1.0000e-12     22.000          1       1432    1515.32 1.9747e+00  51606.599     59.643 1603327291       0.00      0.592   39.64190  -72.78554 0.0000e+00
     22.822    18.1992    33.7157  1024.3409     2.4561     5.1654     95.790   -0.00025    5.39240    5.38398      8.408     0.4009    9.88429   4.459490 5.0129e-11    24.2407    24.2397 1.0000e-12     23.000          1       1512    1515.29 1.9747e+00  51610.405     62.957 1603327294      -0.07      0.253   39.64190  -72.78554 0.0000e+00
     23.814    18.1935    33.7199  1024.3500     2.4547     5.1611     95.722   -0.00057    5.39172    5.38330      8.406     0.3915    9.88308   4.459501 5.0645e-11    24.2454    24.2444 1.0000e-12     24.000          1       1586    1515.30 1.9747e+00  51617.142     66.052 1603327297       0.34      0.425   39.64190  -72.78554 0.0000e+00
     24.811    18.1977    33.7266  1024.3584     2.4535     5.1577     95.662   -0.00065    5.39162    5.38320      8.405     0.4553    9.88290   4.460787 5.0640e-11    24.2495    24.2485 1.0000e-12     25.000          1       1628    1515.34 1.9747e+00  51626.482     67.788 1603327299      -0.08      0.566   39.64190  -72.78554 0.0000e+00
     25.791    18.2030    33.7325  1024.3660     2.4491     5.1469     95.461   -0.00085    5.39160    5.38319      8.389     0.3748    9.88279   4.462019 5.0640e-11    24.2528    24.2517 1.0000e-12     26.000          1       1736    1515.38 1.9747e+00  51634.652     72.294 1603327304       0.19      0.086   39.64188  -72.78556 0.0000e+00
     26.795    18.2025    33.7363  1024.3734     2.4495     5.1515     95.543    0.00014    5.39178    5.38337      8.387     0.4158    9.88307   4.462449 5.0640e-11    24.2558    24.2547 1.0000e-12     27.000          1       1771    1515.40 1.9747e+00  51640.324     73.738 1603327305       0.44      0.694   39.64190  -72.78556 0.0000e+00
     27.790    18.1967    33.7398  1024.3820     2.4469     5.1427     95.345   -0.00121    5.39377    5.38537      8.385     0.4315    9.88632   4.462306 5.0640e-11    24.2600    24.2588 1.0000e-12     28.000          1       1827    1515.40 1.9747e+00  51646.084     76.098 1603327307      -0.02      0.592   39.64189  -72.78556 0.0000e+00
     28.777    18.1905    33.7463  1024.3928     2.4421     5.1352     95.101   -0.00194    5.39968    5.39135      8.381     0.4270    9.89583   4.462535 5.0044e-11    24.2665    24.2653 1.0000e-12     29.000          1       1921    1515.40 2.0212e+00  51655.804     80.018 1603327311       0.22      0.455   39.64188  -72.78556 0.0000e+00
     29.768    18.1332    33.7610  1024.4226     2.4405     5.1362     95.102   -0.00077    5.40073    5.39242      8.380     0.4463    9.89746   4.458388 3.8219e+04    24.2919    24.2906 1.0000e-12     30.000          1       1968    1515.27 1.2191e+00  51680.434     81.973 1603327313      -0.05      0.518   39.64190  -72.78558 0.0000e+00
     30.765    18.1000    33.7795  1024.4493     2.4382     5.1284     94.968   -0.00137    5.40018    5.39187      8.378     0.5016    9.89646   4.457496 9.6733e+04    24.3142    24.3130 1.0000e-12     31.000          1       2011    1515.21 6.4489e-02  51708.597     83.754 1603327315       0.04      0.568   39.64188  -72.78558 0.0000e+00
     31.754    18.0951    33.7938  1024.4659     2.4366     5.1268     94.944   -0.00059    5.39981    5.39150 -9.990e-29     0.4561    9.89580   4.458872 3.3979e+04    24.3264    24.3251 1.0000e-12     32.000          1       2075    1515.23 1.3037e+00  51728.969     86.410 1603327318      -0.06      0.356   39.64188  -72.78560 0.0000e+00
     32.742    18.0992    33.7983  1024.4727     2.4334     5.1172     94.766   -0.00124    5.39985    5.39154      8.377     0.3881    9.89575   4.459880 -3.414e+03    24.3289    24.3275 1.0000e-12     33.000          1       2145    1515.26 2.0421e+00  51735.369     89.320 1603327321       0.03      0.339   39.64188  -72.78560 0.0000e+00
     33.739    18.0971    33.8038  1024.4818     2.4332     5.1207     94.829   -0.00027    5.39997    5.39167      8.379     0.3909    9.89578   4.460386 5.0640e-11    24.3337    24.3323 1.0000e-12     34.000          1       2188    1515.28 1.9747e+00  51743.494     91.110 1603327322       0.08      0.558   39.64188  -72.78560 0.0000e+00
     34.729    18.0914    33.8189  1024.4992     2.4356     5.1335     95.056    0.00139    5.40054    5.39226      8.382     0.3288    9.89647   4.461695 5.0640e-11    24.3468    24.3453 1.0000e-12     35.000          1       2234    1515.30 1.9747e+00  51765.175     93.052 1603327324      -0.05      0.513   39.64188  -72.78560 0.0000e+00
     35.722    18.0870    33.8303  1024.5134     2.4382     5.1402     95.177    0.00120    5.40065    5.39237      8.386     0.3776    9.89661   4.462680 5.0640e-11    24.3565    24.3551 1.0000e-12     36.000          1       2275    1515.31 1.9747e+00  51781.464     94.758 1603327326       0.12      0.573   39.64188  -72.78562 0.0000e+00
     36.716    18.0724    33.8556  1024.5407     2.4431     5.1568     95.457    0.00171    5.40227    5.39401      8.386     0.3531    9.89909   4.464210 5.0640e-11    24.3795    24.3779 1.0000e-12     37.000          1       2337    1515.32 1.9747e+00  51817.557     97.343 1603327329      -0.06      0.363   39.64188  -72.78562 0.0000e+00
     37.703    18.0495    33.8778  1024.5677     2.4501     5.1791     95.898    0.00302    5.40067    5.39241      8.391     0.2686    9.89610   4.464568 5.0640e-11    24.4022    24.4006 1.0000e-12     38.000          1       2413    1515.29 1.9747e+00  51850.136    100.493 1603327332       0.11      0.383   39.64188  -72.78562 0.0000e+00
     38.694    18.0331    33.8871  1024.5833     2.4511     5.1734     95.854    0.00132    5.39712    5.38884 -9.990e-29     0.2972    9.89001   4.464035 5.0640e-11    24.4134    24.4117 1.0000e-12     39.000          1       2449    1515.27 1.9747e+00  51864.507    102.006 1603327333       0.25      0.595   39.64188  -72.78562 0.0000e+00
     39.698    18.0530    33.9033  1024.5952     2.4481     5.1546     95.534   -0.00172    5.39554    5.38725 -9.990e-29     0.2968    9.88729   4.468492 5.0640e-11    24.4209    24.4192 1.0000e-12     40.000          1       2476    1515.36 1.9747e+00  51885.744    103.137 1603327334       0.10      0.848   39.64188  -72.78562 0.0000e+00
     40.685    18.0860    33.9277  1024.6102     2.4446     5.1409     95.361   -0.00182    5.39103    5.38271      8.392     0.3080    9.87959   4.474456 2.6286e+04    24.4316    24.4298 1.0000e-12     41.000          1       2526    1515.50 1.4556e+00  51917.253    105.206 1603327337      -0.18      0.503   39.64188  -72.78563 0.0000e+00
     41.673    18.1290    33.9543  1024.6243     2.4449     5.1307     95.514    0.00066    5.37166    5.36320      8.389     0.2426    9.84656   4.482124 1.0514e+05    24.4414    24.4396 1.0000e-12     42.000          1       2597    1515.68 -1.015e-01  51950.917    108.171 1603327339       0.03      0.318   39.64188  -72.78564 0.0000e+00
     42.668    18.2228    33.9989  1024.6396     2.4474     5.1174     95.693    0.00179    5.34776    5.33914      8.356     0.1843    9.80574   4.497320 -9.990e-29    24.4524    24.4506 1.0000e-12     43.000          1       2648    1516.02 -9.990e-29  52005.832    110.273 1603327342       0.06      0.495   39.64188  -72.78564 0.0000e+00
     43.655    18.4329    34.1149  1024.6805     2.4120     4.9685     92.736   -0.02020    5.35777    5.34923      8.318     0.1616    9.82263   4.532771 5.0640e-11    24.4892    24.4873 1.0000e-12     44.000          1       2693    1516.77 1.9747e+00  52150.336    112.157 1603327344       0.06      0.514   39.64188  -72.78564 0.0000e+00
     44.653    18.5070    34.1520  1024.6948     2.3852     4.9073     91.382   -0.02124    5.37008    5.36164      8.335     0.2151    9.84314   4.543049 5.0640e-11    24.4992    24.4972 1.0000e-12     45.000          1       2725    1517.05 1.9747e+00  52196.271    113.496 1603327345       0.14      0.706   39.64188  -72.78566 0.0000e+00
     45.646    18.4052    34.1299  1024.7077     2.3598     4.9133     90.590   -0.01434    5.42426    5.41629      8.351     0.2399    9.93411   4.529782 5.0640e-11    24.5077    24.5057 1.0000e-12     46.000          1       2773    1516.75 1.9747e+00  52173.813    115.510 1603327347      -0.13      0.525   39.64188  -72.78566 0.0000e+00
     46.630    17.9006    34.0112  1024.7452     2.2649     4.6925     84.123   -0.04577    5.57748    5.57088      8.329     0.2138   10.19043   4.458029 5.0640e-11    24.5404    24.5384 1.0000e-12     47.000          1       2851    1515.15 1.9747e+00  52048.561    118.733 1603327350       0.33      0.284   39.64188  -72.78566 0.0000e+00
