CalculateIndicators/WaterTemperature/Data/CTD_NYOS/20201021_C16.cnv
* Sea-Bird SBE 9 Data File:
* FileName = C:\Seabird 9 CTD\Data\2020\202010_offshore\20201021_C16.hex
* Software Version Seasave V 7.23.2
* Temperature SN = 4590
* Conductivity SN = 3228
* Number of Bytes Per Scan = 44
* Number of Voltage Words = 5
* Number of Scans Averaged by the Deck Unit = 1
* NMEA Latitude = 40 15.99 N
* NMEA Longitude = 073 00.98 W
* NMEA UTC (Time) = Oct 21 2020  18:51:23
* NMEA baud rate = 4800
** Ship: seawolf
** Station: 5.2
** Operator: SJW
# nquan = 31
# nvalues = 73                          
# units = specified
# name 0 = depSM: Depth [salt water, m]
# name 1 = t090C: Temperature [ITS-90, deg C]
# name 2 = sal00: Salinity, Practical [PSU]
# name 3 = density00: Density [density, kg/m^3]
# name 4 = sbeox0V: Oxygen raw, SBE 43 [V]
# name 5 = sbeox0ML/L: Oxygen, SBE 43 [ml/l]
# name 6 = sbeox0PS: Oxygen, SBE 43 [% saturation]
# name 7 = sbox0dV/dT: Oxygen, SBE 43 [dov/dt]
# name 8 = oxsolML/L: Oxygen Saturation, Garcia & Gordon [ml/l]
# name 9 = oxsatML/L: Oxygen Saturation, Weiss [ml/l]
# name 10 = ph: pH
# name 11 = flECO-AFL: Fluorescence, WET Labs ECO-AFL/FL [mg/m^3]
# name 12 = n2satML/L: Nitrogen Saturation [ml/l]
# name 13 = c0S/m: Conductivity [S/m]
# name 14 = cpar: CPAR/Corrected Irradiance [%]
# name 15 = sigma-é00: Density [sigma-theta, kg/m^3]
# name 16 = sigma-t00: Density [sigma-t, kg/m^3 ]
# name 17 = par: PAR/Irradiance, Biospherical/Licor
# name 18 = prDM: Pressure, Digiquartz [db]
# name 19 = pumps: Pump Status
# name 20 = scan: Scan Count
# name 21 = svCM: Sound Velocity [Chen-Millero, m/s]
# name 22 = spar: SPAR, Biospherical/Licor
# name 23 = specc: Specific Conductance [uS/cm]
# name 24 = timeS: Time, Elapsed [seconds]
# name 25 = timeY: Time, System [seconds]
# name 26 = accM: Acceleration [m/s^2]
# name 27 = dz/dtM: Descent Rate [m/s]
# name 28 = latitude: Latitude [deg]
# name 29 = longitude: Longitude [deg]
# name 30 = flag: flag
# span 0 =      1.968,     37.714       
# span 1 =    16.1758,    18.1439       
# span 2 =    32.9769,    33.3381       
# span 3 =  1023.7161,  1024.4226       
# span 4 =     1.7605,     2.5672       
# span 5 =     3.5647,     5.4722       
# span 6 =     63.426,    101.070       
# span 7 =   -0.08267,    0.06611       
# span 8 =    5.41412,    5.62279       
# span 9 =    5.40560,    5.61631       
# span 10 =      8.244,      8.593      
# span 11 =     0.2628,     1.0892      
# span 12 =    9.92781,   10.27309      
# span 13 =   4.198152,   4.386747      
# span 14 = 1.3804e-01, 2.0081e+01      
# span 15 =    23.7074,    24.2556      
# span 16 =    23.7074,    24.2542      
# span 17 = 1.8197e+00, 3.3213e+02      
# span 18 =      2.000,     38.000      
# span 19 =          1,          1      
# span 20 =        676,      10124      
# span 21 =    1508.78,    1514.13      
# span 22 = 1.2253e+03, 1.6678e+03      
# span 23 =  50611.721,  51119.503      
# span 24 =     28.113,    421.778      
# span 25 = 1603306313, 1603306706      
# span 26 =      -0.32,       0.49      
# span 27 =     -0.610,      0.970      
# span 28 =   40.26653,   40.26681      
# span 29 =  -73.01638,  -73.01630      
# span 30 = 0.0000e+00, 0.0000e+00      
# interval = decibars: 1                
# start_time = Oct 21 2020 18:51:24 [System UTC, first data scan.]
# bad_flag = -9.990e-29
*END*
[from data line 47]
     26.791    17.8438    33.2601  1024.0968     2.3625     4.9074     90.230   -0.01869    5.43876    5.43056      8.400     0.2766    9.96613   4.371886 5.2454e-01    23.9789    23.9778 7.3511e+00     27.000          1       5188    1513.80 1.4013e+03  51013.398    216.119 1603306501       0.03     -0.310   40.26664  -73.01632 0.0000e+00
     25.799    17.9072    33.2548  1024.0730     2.2965     4.7399     87.259   -0.01433    5.43208    5.42382      8.368     0.2910    9.95507   4.377426 5.9868e-01    23.9595    23.9584 8.4800e+00     26.000          1       5278    1513.97 1.4165e+03  51001.156    219.873 1603306504       0.01     -0.251   40.26664  -73.01632 0.0000e+00
     24.802    17.9532    33.2476  1024.0519     2.2881     4.7681     87.749    0.00114    5.43371    5.42546      8.353     0.4002    9.95791   4.380612 6.6667e-01    23.9428    23.9418 9.4770e+00     25.000          1       5700    1514.08 1.4216e+03  50987.545    237.443 1603306522      -0.13     -0.274   40.26666  -73.01632 0.0000e+00
     23.815    17.8798    33.1943  1024.0245     2.3087     4.8622     89.253    0.01000    5.44764    5.43948      8.351     0.5556    9.98188   4.366701 7.2777e-01    23.9198    23.9188 1.0419e+01     24.000          1       6669    1513.78 1.4315e+03  50919.108    277.844 1603306562      -0.10     -0.532   40.26668  -73.01632 0.0000e+00
     22.819    17.8478    33.1711  1024.0101     2.3199     4.8849     89.605    0.00667    5.45163    5.44350      8.351     0.5068    9.98872   4.360966 8.3059e-01    23.9098    23.9088 1.1944e+01     23.000          1       6707    1513.65 1.4380e+03  50889.127    279.437 1603306564       0.03     -0.580   40.26668  -73.01632 0.0000e+00
     21.832    17.7924    33.1341  1023.9909     2.3386     4.9221     90.225    0.00198    5.45534    5.44723      8.359     0.4678    9.99517   4.351370 9.6625e-01    23.8948    23.8939 1.3673e+01     22.000          1       6806    1513.42 1.4151e+03  50841.851    283.556 1603306568      -0.09     -0.181   40.26668  -73.01632 0.0000e+00
     20.840    17.7772    33.1153  1023.9757     2.3424     4.9341     90.410    0.00217    5.45750    5.44940      8.360     0.4461    9.99896   4.347779 1.1010e+00    23.8840    23.8832 1.5560e+01     21.000          1       6863    1513.34 1.4131e+03  50816.652    285.904 1603306570      -0.06     -0.493   40.26669  -73.01632 0.0000e+00
     19.840    17.7744    33.1053  1023.9643     2.3477     4.9597     90.740    0.00322    5.46583    5.45779      8.361     0.4574   10.01319   4.346130 1.2307e+00    23.8770    23.8762 1.7391e+01     20.000          1       6902    1513.30 1.4133e+03  50802.664    287.534 1603306572      -0.03     -0.604   40.26670  -73.01632 0.0000e+00
     18.853    17.6362    33.0326  1023.9375     2.3918     5.1265     93.511    0.01381    5.48223    5.47432      8.372     0.4787   10.04105   4.323956 1.4177e+00    23.8545    23.8537 1.9845e+01     19.000          1       7060    1512.80 1.3997e+03  50711.978    294.138 1603306579      -0.28     -0.323   40.26670  -73.01632 0.0000e+00
     17.859    17.5630    33.0002  1023.9259     2.4414     5.2350     95.486    0.00667    5.48245    5.47453      8.377     0.5209   10.04145   4.313606 1.5911e+00    23.8472    23.8465 2.2186e+01     18.000          1       7185    1512.52 1.3946e+03  50672.607    299.337 1603306584      -0.03     -0.201   40.26670  -73.01632 0.0000e+00
     16.874    17.5570    32.9929  1023.9174     2.4603     5.2657     96.065    0.00132    5.48139    5.47346      8.385     0.6261   10.03970   4.312474 1.7904e+00    23.8431    23.8424 2.5111e+01     17.000          1       7332    1512.48 1.4023e+03  50662.670    305.454 1603306590      -0.18     -0.214   40.26670  -73.01632 0.0000e+00
     15.875    17.5635    32.9937  1023.9120     2.4641     5.2765     96.265    0.00160    5.48122    5.47329      8.384     0.5780   10.03942   4.313124 2.0212e+00    23.8420    23.8414 2.8629e+01     16.000          1       7385    1512.48 1.4163e+03  50662.669    307.681 1603306592       0.06     -0.315   40.26670  -73.01632 0.0000e+00
     14.886    17.5682    32.9940  1023.9067     2.4654     5.2724     96.211   -0.00008    5.48005    5.47211 -9.990e-29     0.6012   10.03746   4.313623 2.2338e+00    23.8411    23.8405 3.1815e+01     15.000          1       7485    1512.48 1.4241e+03  50662.338    311.813 1603306596      -0.08     -0.263   40.26672  -73.01632 0.0000e+00
     13.891    17.5770    32.9946  1023.9006     2.4643     5.2631     96.104   -0.00070    5.47640    5.46843      8.380     0.6057   10.03138   4.314551 2.5858e+00    23.8394    23.8389 3.7323e+01     14.000          1       7546    1512.49 1.4432e+03  50661.933    314.374 1603306599       0.04     -0.371   40.26672  -73.01632 0.0000e+00
     12.899    17.6117    32.9967  1023.8895     2.4718     5.2949     96.721    0.00376    5.47443    5.46644      8.383     0.6468   10.02808   4.318166 2.8150e+00    23.8327    23.8321 4.0696e+01     13.000          1       7616    1512.58 1.4457e+03  50661.758    317.306 1603306602      -0.06     -0.357   40.26672  -73.01632 0.0000e+00
     11.911    17.6324    32.9990  1023.8819     2.4707     5.2745     96.354   -0.00130    5.47407    5.46608      8.385     0.6990   10.02751   4.320283 3.0826e+00    23.8295    23.8290 4.4861e+01     12.000          1       7714    1512.63 1.4550e+03  50663.002    321.380 1603306606      -0.13     -0.194   40.26672  -73.01632 0.0000e+00
     10.913    17.6315    32.9950  1023.8746     2.4630     5.2572     96.035   -0.00036    5.47430    5.46631      8.384     0.6442   10.02792   4.319629 3.5981e+00    23.8265    23.8261 5.2470e+01     11.000          1       7881    1512.61 1.4583e+03  50656.956    328.342 1603306613      -0.01     -0.239   40.26672  -73.01632 0.0000e+00
      9.919    17.6309    32.9895  1023.8661     2.4628     5.2618     96.117    0.00159    5.47435    5.46635      8.396     0.6559   10.02808   4.318849 3.8562e+00    23.8225    23.8221 5.6410e+01     10.000          1       9051    1512.58 1.4626e+03  50649.049    377.065 1603306662      -0.11     -0.478   40.26677  -73.01630 0.0000e+00
      8.932    17.6361    32.9851  1023.8571     2.4713     5.2862     96.584    0.00284    5.47321    5.46520      8.394     0.6623   10.02625   4.318808 4.1457e+00    23.8178    23.8174 6.0843e+01      9.000          1       9211    1512.57 1.4679e+03  50642.068    383.750 1603306668       0.07     -0.253   40.26676  -73.01630 0.0000e+00
      7.942    17.6481    32.9806  1023.8464     2.4812     5.3136     97.099    0.00373    5.47231    5.46429      8.374     0.6416   10.02475   4.319424 4.6504e+00    23.8114    23.8111 6.8663e+01      8.000          1       9280    1512.59 1.4761e+03  50634.556    386.642 1603306671      -0.22     -0.409   40.26678  -73.01630 0.0000e+00
      6.942    17.6523    32.9805  1023.8409     2.4817     5.3039     96.944    0.00077    5.47104    5.46301      8.381     0.6473   10.02267   4.319768 5.5721e+00    23.8103    23.8100 8.3390e+01      7.000          1       9318    1512.58 1.4962e+03  50633.588    388.228 1603306673       0.02     -0.610   40.26678  -73.01630 0.0000e+00
      5.954    17.6814    32.9779  1023.8275     2.4975     5.3480     97.988    0.00605    5.45789    5.44974      8.370     0.5448   10.00084   4.322395 6.6679e+00    23.8013    23.8010 9.8377e+01      6.000          1       9392    1512.65 1.4760e+03  50627.455    391.285 1603306676       0.07     -0.301   40.26678  -73.01630 0.0000e+00
      4.964    17.8102    32.9769  1023.7913     2.5197     5.3938     99.050    0.00633    5.44557    5.43731 -9.990e-29     0.5415    9.98035   4.334888 8.4569e+00    23.7694    23.7692 1.2409e+02      5.000          1       9469    1513.02 1.4670e+03  50616.308    394.489 1603306679      -0.12     -0.336   40.26678  -73.01630 0.0000e+00
      3.969    17.8754    32.9787  1023.7724     2.5308     5.4139     99.510    0.00528    5.44057    5.43227      8.371     0.5901    9.97196   4.341383 1.0469e+01    23.7550    23.7548 1.5583e+02      4.000          1       9520    1513.19 1.4878e+03  50613.693    396.642 1603306681       0.04     -0.453   40.26678  -73.01630 0.0000e+00
      2.975    17.9581    32.9818  1023.7504     2.5375     5.4312     99.734    0.00342    5.44566    5.43741      8.373     0.5861    9.98039   4.349485 1.4913e+01    23.7373    23.7372 2.2608e+02      3.000          1       9570    1513.42 1.5156e+03  50611.721    398.714 1603306683      -0.11     -0.490   40.26678  -73.01630 0.0000e+00
      1.968    18.0654    33.0051  1023.7376     2.5558     5.4336    100.247   -0.00261    5.42021    5.41174      8.379     0.6545    9.93801   4.362176 2.0081e+01    23.7289    23.7288 3.3213e+02      2.000          1      10124    1513.75 1.6678e+03  50635.782    421.778 1603306706       0.13     -0.307   40.26681  -73.01630 0.0000e+00
