CalculateIndicators/WaterTemperature/Data/CTD_NYOS/20201029_C37.cnv
* Sea-Bird SBE 9 Data File:
* FileName = C:\Seabird 9 CTD\Data\2020\202010_offshore\20201029_C37.hex
* Software Version Seasave V 7.23.2
* Temperature SN = 4590
* Conductivity SN = 3228
* Number of Bytes Per Scan = 44
* Number of Voltage Words = 5
* Number of Scans Averaged by the Deck Unit = 1
* NMEA Latitude = 39 47.58 N
* NMEA Longitude = 071 27.45 W
* NMEA UTC (Time) = Oct 29 2020  04:20:42
* NMEA baud rate = 4800
** Ship: seawolf
** Station: 1.5
** Operator: EIH
# nquan = 31
# nvalues = 606                         
# units = specified
# name 0 = depSM: Depth [salt water, m]
# name 1 = t090C: Temperature [ITS-90, deg C]
# name 2 = sal00: Salinity, Practical [PSU]
# name 3 = density00: Density [density, kg/m^3]
# name 4 = sbeox0V: Oxygen raw, SBE 43 [V]
# name 5 = sbeox0ML/L: Oxygen, SBE 43 [ml/l]
# name 6 = sbeox0PS: Oxygen, SBE 43 [% saturation]
# name 7 = sbox0dV/dT: Oxygen, SBE 43 [dov/dt]
# name 8 = oxsolML/L: Oxygen Saturation, Garcia & Gordon [ml/l]
# name 9 = oxsatML/L: Oxygen Saturation, Weiss [ml/l]
# name 10 = ph: pH
# name 11 = flECO-AFL: Fluorescence, WET Labs ECO-AFL/FL [mg/m^3]
# name 12 = n2satML/L: Nitrogen Saturation [ml/l]
# name 13 = c0S/m: Conductivity [S/m]
# name 14 = cpar: CPAR/Corrected Irradiance [%]
# name 15 = sigma-é00: Density [sigma-theta, kg/m^3]
# name 16 = sigma-t00: Density [sigma-t, kg/m^3 ]
# name 17 = par: PAR/Irradiance, Biospherical/Licor
# name 18 = prDM: Pressure, Digiquartz [db]
# name 19 = pumps: Pump Status
# name 20 = scan: Scan Count
# name 21 = svCM: Sound Velocity [Chen-Millero, m/s]
# name 22 = spar: SPAR, Biospherical/Licor
# name 23 = specc: Specific Conductance [uS/cm]
# name 24 = timeS: Time, Elapsed [seconds]
# name 25 = timeY: Time, System [seconds]
# name 26 = accM: Acceleration [m/s^2]
# name 27 = dz/dtM: Descent Rate [m/s]
# name 28 = latitude: Latitude [deg]
# name 29 = longitude: Longitude [deg]
# name 30 = flag: flag
# span 0 =      0.986,    301.499       
# span 1 =     9.8969,    19.4576       
# span 2 =    34.1139,    35.7366       
# span 3 =  1024.5339,  1028.5676       
# span 4 =     1.4087,     2.4466       
# span 5 =     2.9329,     5.0624       
# span 6 =     46.969,     95.208       
# span 7 =   -0.01844,    0.01345       
# span 8 =    5.24420,    6.31166       
# span 9 =    5.23489,    6.31531       
# span 10 =      8.313,      8.562      
# span 11 =    -0.0808,     0.3555      
# span 12 =    9.62905,   11.38981      
# span 13 =   3.841375,   4.696251      
# span 14 = -2.201e+04, 1.1148e+05      
# span 15 =    24.5295,    27.2022      
# span 16 =    24.5288,    27.1962      
# span 17 = 1.0000e-12, 1.6879e-01      
# span 18 =      1.000,    304.000      
# span 19 =          1,          1      
# span 20 =        -26,      39949      
# span 21 =    1494.82,    1520.35      
# span 22 = -2.696e-01, 4.6152e+00      
# span 23 =  52331.182,  55032.755      
# span 24 =     -1.113,   1664.503      
# span 25 = 1603945242, 1603946908      
# span 26 =      -1.14,       1.06      
# span 27 =     -1.410,      1.210      
# span 28 =   39.78868,   39.79308      
# span 29 =  -71.45766,  -71.45736      
# span 30 = 0.0000e+00, 0.0000e+00      
# interval = decibars: 1                
# start_time = Oct 29 2020 04:20:43 [System UTC, first data scan.]
# bad_flag = -9.990e-29
*END*
[from data line 281]
    280.649    10.4047    35.3436  1028.4239     1.4087     2.9397     46.969   -0.00073    6.25879    6.26171      8.373    -0.0606   11.30195   3.893771 -9.990e-29    27.1559    27.1499 1.0000e-12    283.000          1      13550    1496.36 -9.990e-29  54989.118    564.541 1603945808       0.21      0.760   39.79154  -71.45744 0.0000e+00
    281.639    10.3672    35.3392  1028.4318     1.4088     2.9439     47.012   -0.00025    6.26202    6.26499      8.371    -0.0620   11.30733   3.889446 -9.990e-29    27.1591    27.1531 1.0000e-12    284.000          1      13587    1496.23 0.0000e+00  54991.159    566.089 1603945809      -0.16      0.695   39.79153  -71.45744 0.0000e+00
    282.626    10.2988    35.3333  1028.4440     1.4090     2.9525     47.081    0.00015    6.27107    6.27416      8.361    -0.0608   11.32236   3.882498 -9.990e-29    27.1665    27.1605 1.0000e-12    285.000          1      13644    1496.00 2.1985e+00  54997.492    568.463 1603945812      -0.05      0.406   39.79152  -71.45746 0.0000e+00
    283.611    10.2456    35.3267  1028.4529     1.4093     2.9542     47.092    0.00001    6.27320    6.27631      8.359    -0.0659   11.32589   3.876574 4.9144e-11    27.1706    27.1647 1.0000e-12    286.000          1      13696    1495.82 2.4696e+00  54999.748    570.631 1603945814       0.15      0.449   39.79152  -71.45746 0.0000e+00
    284.611    10.2160    35.3248  1028.4613     1.4097     2.9585     47.160    0.00047    6.27331    6.27643      8.370    -0.0585   11.32609   3.873813 4.2386e-11    27.1742    27.1683 1.0000e-12    287.000          1      13725    1495.73 2.6251e+00  55003.716    571.850 1603945815       0.20      0.739   39.79152  -71.45746 0.0000e+00
    285.604    10.2107    35.3237  1028.4659     1.4101     2.9587     47.163    0.00024    6.27347    6.27659      8.365    -0.0532   11.32636   3.873366 4.4596e-11    27.1743    27.1684 1.0000e-12    288.000          1      13765    1495.73 2.4461e+00  55003.901    573.489 1603945817      -0.15      0.654   39.79151  -71.45746 0.0000e+00
    286.581    10.2080    35.3226  1028.4700     1.4107     2.9614     47.203    0.00020    6.27382    6.27694      8.369    -0.0524   11.32693   3.873178 4.0261e-11    27.1740    27.1680 1.0000e-12    289.000          1      13835    1495.73 2.7842e+00  55003.625    576.417 1603945820       0.13      0.210   39.79150  -71.45746 0.0000e+00
    287.582    10.2066    35.3224  1028.4745     1.4108     2.9628     47.225    0.00035    6.27388    6.27701      8.366    -0.0524   11.32705   3.873089 4.2386e-11    27.1740    27.1680 1.0000e-12    290.000          1      13865    1495.74 2.6184e+00  55004.180    577.653 1603945821       0.28      0.680   39.79150  -71.45746 0.0000e+00
    288.576    10.2056    35.3219  1028.4789     1.4103     2.9584     47.146   -0.00027    6.27505    6.27819      8.365    -0.0595   11.32899   3.873042 3.9183e-11    27.1739    27.1679 1.0000e-12    291.000          1      13905    1495.76 2.8683e+00  55004.451    579.344 1603945822      -0.12      0.625   39.79150  -71.45746 0.0000e+00
    289.549    10.2029    35.3215  1028.4834     1.4094     2.9582     47.118   -0.00026    6.27836    6.28155      8.368    -0.0664   11.33447   3.872807 4.2085e-11    27.1740    27.1680 1.0000e-12    292.000          1      13973    1495.76 2.6419e+00  55005.028    582.180 1603945825       0.41      0.206   39.79148  -71.45746 0.0000e+00
    290.560    10.1896    35.3199  1028.4891     1.4101     2.9627     47.190    0.00015    6.27823    6.28141      8.366    -0.0578   11.33426   3.871289 4.2226e-11    27.1751    27.1691 1.0000e-12    293.000          1      13993    1495.73 2.6310e+00  55006.124    583.017 1603945826       0.49      0.820   39.79148  -71.45746 0.0000e+00
    291.548    10.1764    35.3188  1028.4952     1.4103     2.9637     47.202    0.00009    6.27893    6.28213      8.366    -0.0538   11.33543   3.870081 4.0363e+04    27.1766    27.1706 1.0000e-12    294.000          1      14041    1495.70 1.5068e+00  55008.040    584.991 1603945828      -0.18      0.569   39.79148  -71.45746 0.0000e+00
    292.528    10.1700    35.3181  1028.5002     1.4099     2.9625     47.175   -0.00010    6.27983    6.28304      8.369    -0.0783   11.33692   3.869464 4.6865e+04    27.1771    27.1711 1.0000e-12    295.000          1      14103    1495.69 1.1010e+00  55008.978    587.573 1603945831       0.43      0.383   39.79148  -71.45746 0.0000e+00
    293.530    10.1669    35.3178  1028.5051     1.4101     2.9641     47.201    0.00015    6.27979    6.28300      8.369    -0.0665   11.33687   3.869211 3.7682e+02    27.1775    27.1714 1.0000e-12    296.000          1      14127    1495.69 2.9080e+00  55009.867    588.574 1603945832       0.29      0.825   39.79148  -71.45746 0.0000e+00
    294.522    10.1635    35.3173  1028.5097     1.4097     2.9653     47.202    0.00003    6.28219    6.28543      8.374    -0.0760   11.34085   3.868893 4.5145e+04    27.1777    27.1715 1.0000e-12    297.000          1      14168    1495.70 1.4828e+00  55010.399    590.296 1603945833      -0.15      0.688   39.79147  -71.45746 0.0000e+00
    295.497    10.1542    35.3156  1028.5146     1.4088     2.9636     47.091   -0.00067    6.29335    6.29675      8.384    -0.0538   11.35937   3.867741 -9.990e-29    27.1780    27.1719 1.0000e-12    298.000          1      14253    1495.68 2.4401e+00  55010.643    593.837 1603945837       0.44      0.210   39.79146  -71.45746 0.0000e+00
    296.506    10.1101    35.3109  1028.5234     1.4099     2.9711     47.223    0.00014    6.29169    6.29507      8.384    -0.0604   11.35663   3.862775 -9.990e-29    27.1820    27.1759 1.0000e-12    299.000          1      14274    1495.53 2.7658e+00  55013.862    594.724 1603945838       0.39      0.801   39.79146  -71.45746 0.0000e+00
    297.498    10.0605    35.3068  1028.5335     1.4096     2.9743     47.201   -0.00006    6.30139    6.30490      8.386    -0.0472   11.37273   3.857879 3.9320e-11    27.1873    27.1812 1.0000e-12    300.000          1      14356    1495.37 2.9944e+00  55019.150    598.133 1603945841       0.09      0.578   39.79145  -71.45748 0.0000e+00
    298.477    10.0019    35.3009  1028.5438     1.4094     2.9773     47.197   -0.00014    6.30830    6.31190      8.388    -0.0527   11.38419   3.851597 3.9391e-11    27.1928    27.1867 1.0000e-12    301.000          1      14434    1495.17 2.8440e+00  55023.838    601.375 1603945845       0.06      0.528   39.79144  -71.45748 0.0000e+00
    299.484     9.9602    35.2973  1028.5530     1.4105     2.9852     47.307    0.00041    6.31023    6.31387      8.380    -0.0565   11.38742   3.847422 8.0320e+04    27.1971    27.1911 1.0000e-12    302.000          1      14487    1495.03 4.3478e-01  55028.213    603.604 1603945847       0.25      0.544   39.79144  -71.45748 0.0000e+00
    300.471     9.9190    35.2922  1028.5608     1.4115     2.9890     47.359    0.00043    6.31130    6.31495      8.371    -0.0665   11.38919   3.843107 2.8050e+04    27.2002    27.1942 1.0000e-12    303.000          1      14687    1494.89 2.1618e+00  55030.525    611.936 1603945855       0.11      0.519   39.79143  -71.45748 0.0000e+00
    301.499     9.8969    35.2900  1028.5676     1.4139     2.9998     47.555    0.00121    6.30813    6.31172 -9.990e-29    -0.0484   11.38394   3.841375 -2.201e+04    27.2022    27.1962 1.0000e-12    304.000          1      15135    1494.82 3.8949e+00  55032.755    630.601 1603945874      -0.37      0.864   39.79138  -71.45748 0.0000e+00
    300.475     9.9191    35.2914  1028.5602     1.4130     2.9952     47.455    0.00057    6.31166    6.31531 -9.990e-29    -0.0521   11.38981   3.843475 3.4309e-11    27.1996    27.1935 1.0000e-12    303.000          1      14969    1494.89 3.2484e+00  55029.387    623.671 1603945867      -1.14      0.010   39.79140  -71.45748 0.0000e+00
    299.459     9.9402    35.2929  1028.5530     1.4127     2.9883     47.372   -0.00004    6.30818    6.31179      8.374    -0.0582   11.38403   3.845680 3.5221e-11    27.1971    27.1911 1.0000e-12    302.000          1      15305    1494.95 3.1773e+00  55026.325    637.687 1603945881      -0.58     -0.667   39.79137  -71.45749 0.0000e+00
    298.473     9.9662    35.2942  1028.5449     1.4133     2.9828     47.380   -0.00006    6.29544    6.29886      8.375    -0.0546   11.36292   3.848392 3.4121e-11    27.1937    27.1876 1.0000e-12    301.000          1      15978    1495.03 3.2631e+00  55021.926    665.688 1603945909      -0.48     -0.756   39.79132  -71.45752 0.0000e+00
    297.490    10.0295    35.3000  1028.5337     1.4126     2.9763     47.313   -0.00030    6.29057    6.29393      8.378    -0.0568   11.35483   3.855071 4.3968e-11    27.1874    27.1813 1.0000e-12    300.000          1      16050    1495.25 2.4950e+00  55016.192    668.723 1603945912       0.24     -0.484   39.79132  -71.45752 0.0000e+00
    296.501    10.0893    35.3046  1028.5221     1.4108     2.9657     47.192   -0.00049    6.28425    6.28752      8.374    -0.0662   11.34433   3.861111 4.2841e-11    27.1806    27.1745 1.0000e-12    299.000          1      16128    1495.45 2.5830e+00  55009.432    671.963 1603945915       0.00     -0.291   39.79130  -71.45752 0.0000e+00
    295.512    10.1230    35.3072  1028.5137     1.4113     2.9684     47.268    0.00023    6.27985    6.28306      8.372    -0.0577   11.33700   3.864634 4.6262e-11    27.1769    27.1708 1.0000e-12    298.000          1      16187    1495.56 2.3162e+00  55005.436    674.427 1603945918      -0.23     -0.479   39.79130  -71.45752 0.0000e+00
    294.512    10.1499    35.3106  1028.5070     1.4114     2.9682     47.268    0.00018    6.27960    6.28280      8.371    -0.0653   11.33658   3.867421 4.1672e-11    27.1748    27.1687 1.0000e-12    297.000          1      16223    1495.64 2.6742e+00  55004.004    675.923 1603945919       0.00     -0.656   39.79130  -71.45752 0.0000e+00
    293.531    10.1665    35.3147  1028.5028     1.4102     2.9609     47.152   -0.00034    6.27936    6.28256      8.369    -0.0552   11.33618   3.869183 4.4828e-11    27.1751    27.1691 1.0000e-12    296.000          1      16306    1495.69 2.4280e+00  55005.604    679.367 1603945922       0.00     -0.206   39.79130  -71.45752 0.0000e+00
    292.540    10.1662    35.3146  1028.4982     1.4102     2.9618     47.171   -0.00005    6.27896    6.28215      8.369    -0.0561   11.33550   3.869054 4.7955e-11    27.1751    27.1690 1.0000e-12    295.000          1      16360    1495.67 2.1842e+00  55004.906    681.633 1603945925      -0.09     -0.460   39.79128  -71.45752 0.0000e+00
    291.540    10.1677    35.3153  1028.4939     1.4106     2.9646     47.216    0.00021    6.27878    6.28198      8.369    -0.0543   11.33521   3.869194 4.5903e-11    27.1753    27.1692 1.0000e-12    294.000          1      16399    1495.66 2.4496e+00  55004.807    683.257 1603945926       0.00     -0.605   39.79128  -71.45752 0.0000e+00
    290.565    10.1713    35.3156  1028.4892     1.4107     2.9619     47.187   -0.00000    6.27705    6.28021      8.369    -0.0600   11.33233   3.869487 4.6270e-11    27.1750    27.1689 1.0000e-12    293.000          1      16486    1495.65 2.4919e+00  55004.003    686.873 1603945930      -0.08     -0.134   39.79128  -71.45752 0.0000e+00
    289.558    10.1761    35.3160  1028.4840     1.4106     2.9603     47.171   -0.00010    6.27565    6.27879      8.368    -0.0726   11.33001   3.869952 4.2602e-11    27.1744    27.1684 1.0000e-12    292.000          1      16516    1495.66 2.6074e+00  55002.915    688.137 1603945931      -0.27     -0.689   39.79128  -71.45752 0.0000e+00
    288.573    10.1883    35.3171  1028.4782     1.4111     2.9622     47.209    0.00016    6.27459    6.27772      8.366    -0.0615   11.32825   3.871208 4.6897e-11    27.1731    27.1671 1.0000e-12    291.000          1      16572    1495.68 2.2680e+00  55001.262    690.460 1603945934       0.18     -0.426   39.79126  -71.45752 0.0000e+00
    287.582    10.1998    35.3181  1028.4725     1.4107     2.9576     47.143   -0.00023    6.27359    6.27671      8.364    -0.0569   11.32658   3.872331 4.8969e-11    27.1719    27.1659 1.0000e-12    290.000          1      16632 -9.990e-29 -9.990e-29  54999.717    692.956 1603945936      -0.13     -0.457   39.79126  -71.45752 0.0000e+00
    286.593    10.2034    35.3190  1028.4680     1.4105     2.9568     47.134   -0.00018    6.27321    6.27632      8.364 -9.990e-29   11.32595   3.872705 4.8823e-11    27.1719    27.1659 1.0000e-12    289.000          1      16672 -9.990e-29 -9.990e-29  54999.490    694.645 1603945938      -0.12     -0.566   39.79126  -71.45753 0.0000e+00
    285.596    10.2088    35.3196  1028.4630     1.4106     2.9579     47.152   -0.00001    6.27310    6.27622      8.364 -9.990e-29   11.32577   3.873215 4.3827e-11    27.1714    27.1655 1.0000e-12    288.000          1      16721    1495.72 2.4180e+00  54998.571    696.655 1603945940      -0.08     -0.562   39.79126  -71.45754 0.0000e+00
    284.616    10.2108    35.3201  1028.4586     1.4111     2.9615     47.214    0.00047    6.27257    6.27568 -9.990e-29 -9.990e-29   11.32489   3.873385 4.3795e-11    27.1714    27.1655 1.0000e-12    287.000          1      16794    1495.70 2.5089e+00  54998.213    699.698 1603945943      -0.91     -0.477   39.79124  -71.45754 0.0000e+00
    283.605    10.2122    35.3202  1028.4538     1.4111     2.9597     47.184    0.00016    6.27258    6.27568 -9.990e-29 -9.990e-29   11.32489   3.873493 4.8148e-11    27.1713    27.1654 1.0000e-12    286.000          1      16812    1495.69 2.1691e+00  54997.474    700.456 1603945944      -0.57     -1.088   39.79124  -71.45754 0.0000e+00
    282.616    10.2180    35.3206  1028.4486     1.4115     2.9549     47.181    0.00014    6.26288    6.26585      8.354    -0.0521   11.30881   3.874092 5.9426e+04    27.1706    27.1647 1.0000e-12    285.000          1      16886    1495.70 1.2302e+00  54996.210    703.557 1603945947      -0.22     -0.781   39.79124  -71.45754 0.0000e+00
    281.635    10.2537    35.3236  1028.4400     1.4122     2.9510     47.217    0.00032    6.24981    6.25260      8.352    -0.0660   11.28706   3.878140 9.9384e+04    27.1667    27.1608 1.0000e-12    284.000          1      16945    1495.81 1.7928e-02  54992.382    705.984 1603945949      -0.22     -0.845   39.79123  -71.45754 0.0000e+00
    280.643    10.2962    35.3240  1028.4282     1.4124     2.9512     47.221    0.00024    6.24962    6.25240      8.349    -0.0638   11.28678   3.882174 6.9729e+04    27.1596    27.1537 1.0000e-12    283.000          1      16971    1495.95 5.9775e-01  54983.689    707.087 1603945950      -0.01     -0.927   39.79122  -71.45754 0.0000e+00
    279.649    10.3558    35.3354  1028.4218     1.4116     2.9445     47.138   -0.00012    6.24652    6.24926      8.350    -0.0562   11.28164   3.889099 1.1208e+02    27.1580    27.1521 1.0000e-12    282.000          1      17023    1496.16 2.3950e+00  54986.951    709.244 1603945952      -0.03     -0.637   39.79122  -71.45754 0.0000e+00
    278.667    10.4019    35.3384  1028.4114     1.4108     2.9415     47.099    0.00010    6.24534    6.24807 -9.990e-29    -0.0625   11.27965   3.893483 4.2406e-11    27.1523    27.1464 1.0000e-12    281.000          1      17098    1496.31 2.6169e+00  54981.186    712.360 1603945955      -0.75     -0.569   39.79122  -71.45754 0.0000e+00
    277.664    10.4065    35.3394  1028.4068     1.4106     2.9386     47.062   -0.00024    6.24412    6.24684      8.349    -0.0550   11.27764   3.893942 4.4515e-11    27.1522    27.1463 1.0000e-12    280.000          1      17118    1496.31 2.4524e+00  54980.924    713.221 1603945956      -0.33     -1.061   39.79122  -71.45754 0.0000e+00
