CalculateIndicators/WaterTemperature/Data/CTD_NYOS/20201027_C23.cnv
* Sea-Bird SBE 9 Data File:
* FileName = C:\Seabird 9 CTD\Data\2020\202010_offshore\20201027_C23.hex
* Software Version Seasave V 7.23.2
* Temperature SN = 4590
* Conductivity SN = 3228
* Number of Bytes Per Scan = 44
* Number of Voltage Words = 5
* Number of Scans Averaged by the Deck Unit = 1
* NMEA Latitude = 40 05.93 N
* NMEA Longitude = 072 36.35 W
* NMEA UTC (Time) = Oct 27 2020  08:47:34
* NMEA baud rate = 4800
** Ship: seawolf
** Station: 4.3
** Operator: sjw
# nquan = 31
# nvalues = 101                         
# units = specified
# name 0 = depSM: Depth [salt water, m]
# name 1 = t090C: Temperature [ITS-90, deg C]
# name 2 = sal00: Salinity, Practical [PSU]
# name 3 = density00: Density [density, kg/m^3]
# name 4 = sbeox0V: Oxygen raw, SBE 43 [V]
# name 5 = sbeox0ML/L: Oxygen, SBE 43 [ml/l]
# name 6 = sbeox0PS: Oxygen, SBE 43 [% saturation]
# name 7 = sbox0dV/dT: Oxygen, SBE 43 [dov/dt]
# name 8 = oxsolML/L: Oxygen Saturation, Garcia & Gordon [ml/l]
# name 9 = oxsatML/L: Oxygen Saturation, Weiss [ml/l]
# name 10 = ph: pH
# name 11 = flECO-AFL: Fluorescence, WET Labs ECO-AFL/FL [mg/m^3]
# name 12 = n2satML/L: Nitrogen Saturation [ml/l]
# name 13 = c0S/m: Conductivity [S/m]
# name 14 = cpar: CPAR/Corrected Irradiance [%]
# name 15 = sigma-é00: Density [sigma-theta, kg/m^3]
# name 16 = sigma-t00: Density [sigma-t, kg/m^3 ]
# name 17 = par: PAR/Irradiance, Biospherical/Licor
# name 18 = prDM: Pressure, Digiquartz [db]
# name 19 = pumps: Pump Status
# name 20 = scan: Scan Count
# name 21 = svCM: Sound Velocity [Chen-Millero, m/s]
# name 22 = spar: SPAR, Biospherical/Licor
# name 23 = specc: Specific Conductance [uS/cm]
# name 24 = timeS: Time, Elapsed [seconds]
# name 25 = timeY: Time, System [seconds]
# name 26 = accM: Acceleration [m/s^2]
# name 27 = dz/dtM: Descent Rate [m/s]
# name 28 = latitude: Latitude [deg]
# name 29 = longitude: Longitude [deg]
# name 30 = flag: flag
# span 0 =      1.974,     51.609       
# span 1 =    14.2495,    17.7823       
# span 2 =    33.3654,    33.5458       
# span 3 =  1024.2130,  1025.2427       
# span 4 =     1.5319,     2.4344       
# span 5 =     2.7483,     5.1482       
# span 6 =     47.979,     94.587       
# span 7 =   -0.15648,    0.07659       
# span 8 =    5.44066,    5.82914       
# span 9 =    5.43261,    5.82512       
# span 10 =      8.185,      8.501      
# span 11 =     0.0699,     0.3999      
# span 12 =    9.96628,   10.61103      
# span 13 =   4.062949,   4.399036      
# span 14 = -8.685e+03, 1.0323e+05      
# span 15 =    24.2042,    25.0125      
# span 16 =    24.2040,    25.0109      
# span 17 = 1.0000e-12, 1.1932e-02      
# span 18 =      2.000,     52.000      
# span 19 =          1,          1      
# span 20 =         87,      10055      
# span 21 =    1503.44,    1513.96      
# span 22 = -1.197e-01, 3.9953e+00      
# span 23 =  51304.899,  51755.703      
# span 24 =      3.601,    418.917      
# span 25 = 1603788458, 1603788874      
# span 26 =      -0.56,       0.71      
# span 27 =     -1.006,      1.102      
# span 28 =   40.09854,   40.09889      
# span 29 =  -72.60582,  -72.60525      
# span 30 = 0.0000e+00, 0.0000e+00      
# interval = decibars: 1                
# start_time = Oct 27 2020 08:47:35 [System UTC, first data scan.]
# bad_flag = -9.990e-29
*END*
[from data line 47]
     48.625    14.3814    33.5379  1025.1957     1.6496     3.3375     57.334    0.00303    5.82126    5.81715      8.273     0.0872   10.59797   4.073172 3.3398e-11    24.9789    24.9774 1.0000e-12     49.000          1       2899    1503.80 3.5866e+00  51728.317    120.751 1603788576       0.25      0.967   40.09874  -72.60568 0.0000e+00
     49.616    14.3588    33.5399  1025.2065     1.6524     3.3397     57.370    0.00156    5.82134    5.81722      8.280     0.0849   10.59811   4.071738 4.8268e+04    24.9853    24.9838 1.0000e-12     50.000          1       2954    1503.75 1.9091e+00  51734.296    123.028 1603788578      -0.17      0.684   40.09874  -72.60568 0.0000e+00
     50.604    14.2934    33.5433  1025.2274     1.6539     3.3433     57.359    0.00017    5.82865    5.82462      8.276     0.0880   10.61018   4.066050 9.9400e+04    25.0017    25.0002 1.0000e-12     51.000          1       3071    1503.56 2.2169e-02  51747.199    127.900 1603788583       0.27      0.537   40.09874  -72.60566 0.0000e+00
     51.609    14.2495    33.5453  1025.2427     1.6551     3.3469     57.417    0.00022    5.82908    5.82505      8.285     0.0905   10.61092   4.062949 1.2130e+04    25.0125    25.0109 1.0000e-12     52.000          1       3281    1503.44 2.8950e+00  51755.703    136.662 1603788592      -0.37      0.418   40.09874  -72.60566 0.0000e+00
     50.596    14.2624    33.5434  1025.2340     1.6560     3.3511     57.488    0.00059    5.82914    5.82512      8.290     0.0933   10.61103   4.063972 1.2302e+03    25.0082    25.0067 1.0000e-12     51.000          1       3523    1503.46 3.8020e+00  51750.888    146.758 1603788602      -0.22     -0.493   40.09873  -72.60565 0.0000e+00
     49.608    14.3000    33.5369  1025.2166     1.6566     3.3456     57.492    0.00055    5.81925    5.81511      8.273     0.0885   10.59477   4.067062 3.1523e-11    24.9954    24.9938 1.0000e-12     50.000          1       4531    1503.56 3.4691e+00  51737.045    188.749 1603788644      -0.01     -0.601   40.09868  -72.60558 0.0000e+00
     48.617    14.3423    33.5310  1025.1986     1.6553     3.3351     57.363   -0.00027    5.81404    5.80983      8.275     0.0922   10.58620   4.070398 3.1064e-11    24.9818    24.9803 1.0000e-12     49.000          1       4622    1503.67 3.5015e+00  51723.361    192.522 1603788647       0.06     -0.393   40.09868  -72.60556 0.0000e+00
     47.636    14.3921    33.5249  1025.1790     1.6522     3.3127     57.163   -0.00055    5.79507    5.79062      8.269     0.0888   10.55515   4.074448 3.4376e-11    24.9666    24.9651 1.0000e-12     48.000          1       4714    1503.81 3.2432e+00  51708.585    196.391 1603788651      -0.38     -0.242   40.09868  -72.60556 0.0000e+00
     46.628    14.4509    33.5127  1025.1526     1.6430     3.2678     56.379   -0.00540    5.79614    5.79171      8.264     0.0844   10.55690   4.079022 2.8897e-11    24.9447    24.9433 1.0000e-12     47.000          1       4740    1503.97 3.6705e+00  51684.455    197.463 1603788652      -0.19     -0.739   40.09868  -72.60556 0.0000e+00
     45.645    14.5830    33.4820  1025.0963     1.6186     3.1757     55.107   -0.00603    5.76266    5.75782      8.247     0.0875   10.50200   4.088069 2.7863e-11    24.8929    24.8915 1.0000e-12     46.000          1       4836    1504.34 3.7511e+00  51626.277    201.453 1603788656      -0.19     -0.360   40.09868  -72.60556 0.0000e+00
     44.645    14.6958    33.4491  1025.0422     1.5967     3.0762     53.544   -0.01319    5.74522    5.74017      8.235     0.0943   10.47338   4.095960 2.8031e-11    24.8434    24.8420 1.0000e-12     45.000          1       4883    1504.64 3.7381e+00  51567.984    203.414 1603788658      -0.31     -0.750   40.09868  -72.60556 0.0000e+00
     43.653    14.9856    33.4041  1024.9405     1.5694     3.0136     52.518   -0.00843    5.73816    5.73304      8.243     0.0945   10.46168   4.118224 2.9114e-11    24.7463    24.7449 1.0000e-12     44.000          1       4959    1505.50 3.8848e+00  51473.663    206.563 1603788661      -0.08     -0.459   40.09868  -72.60555 0.0000e+00
     42.663    15.0905    33.4004  1024.9104     1.5641     3.0237     52.748   -0.00095    5.73240    5.72721      8.240     0.0784   10.45211   4.127310 3.1259e-11    24.7206    24.7192 1.0000e-12     43.000          1       5035    1505.81 3.5100e+00  51456.797    209.750 1603788665       0.06     -0.449   40.09866  -72.60554 0.0000e+00
     41.675    15.1516    33.4010  1024.8930     1.5555     2.9884     52.169   -0.00313    5.72828    5.72303      8.233     0.0984   10.44547   4.132721 3.4227e-11    24.7077    24.7064 1.0000e-12     42.000          1       5121    1505.99 3.2548e+00  51450.594    213.336 1603788668      -0.03     -0.252   40.09866  -72.60553 0.0000e+00
     40.680    15.1804    33.3855  1024.8703     1.5319     2.8874     50.554   -0.00993    5.71124    5.70581      8.214     0.0835   10.41737   4.133535 3.2834e+04    24.6895    24.6881 1.0000e-12     41.000          1       5185    1506.04 2.2476e+00  51425.650    216.003 1603788671      -0.00     -0.391   40.09866  -72.60552 0.0000e+00
     39.690    15.3706    33.3663  1024.8091     1.5805     3.1156     55.390    0.02959    5.62566    5.61932      8.262     0.1118   10.27536   4.150933 1.0203e+05    24.6328    24.6314 1.0000e-12     40.000          1       5265    1506.60 -6.809e-02  51379.309    219.344 1603788674      -0.02     -0.282   40.09866  -72.60552 0.0000e+00
     38.699    16.1192    33.3654  1024.6363     1.7987     3.8251     68.524    0.07031    5.58217    5.57542      8.325     0.1067   10.20273   4.222936 4.4086e+04    24.4649    24.4635 1.0000e-12     39.000          1       5339    1508.92 1.5958e+00  51304.899    222.411 1603788677       0.02     -0.313   40.09866  -72.60552 0.0000e+00
     37.707    16.2787    33.3911  1024.6152     1.9093     4.0199     72.480    0.04877    5.54611    5.53901      8.361     0.1314   10.14244   4.240971 -1.153e+03    24.4483    24.4469 1.0000e-12     38.000          1       5390    1509.42 3.7197e+00  51325.573    224.555 1603788679      -0.26     -0.473   40.09866  -72.60552 0.0000e+00
     36.710    16.8455    33.4403  1024.5168     2.0988     4.5606     83.216    0.07659    5.48199    5.47430      8.413     0.1822   10.03546   4.303459 3.4038e-11    24.3547    24.3533 1.0000e-12     37.000          1       5455    1511.19 3.2695e+00  51343.415    227.251 1603788682      -0.16     -0.390   40.09866  -72.60551 0.0000e+00
     35.717    17.4654    33.4945  1024.4069     2.2732     4.9568     90.766    0.06182    5.46152    5.45365      8.435     0.2104   10.00127   4.367330 3.1714e-11    24.2496    24.2482 1.0000e-12     36.000          1       5522    1513.09 3.4508e+00  51367.804    230.058 1603788685       0.01     -0.472   40.09866  -72.60550 0.0000e+00
     34.732    17.5959    33.5127  1024.3855     2.3519     5.0031     91.861    0.01622    5.44632    5.43831      8.440     0.2803    9.97590   4.380265 3.5402e-11    24.2326    24.2312 1.0000e-12     35.000          1       5591    1513.49 3.1631e+00  51381.914    232.924 1603788688      -0.18     -0.308   40.09866  -72.60550 0.0000e+00
     33.735    17.7040    33.5234  1024.3631     2.3852     5.0804     93.295    0.01316    5.44558    5.43756      8.440     0.2870    9.97462   4.391681 3.1392e-11    24.2147    24.2134 1.0000e-12     34.000          1       5650    1513.80 3.4759e+00  51388.220    235.394 1603788690       0.08     -0.367   40.09866  -72.60550 0.0000e+00
     32.746    17.7432    33.5296  1024.3540     2.4014     5.0884     93.451    0.00274    5.44503    5.43701      8.441     0.3034    9.97365   4.395165 3.6454e-11    24.2099    24.2086 1.0000e-12     33.000          1       5731    1513.91 3.0811e+00  51393.244    238.754 1603788694      -0.06     -0.315   40.09866  -72.60550 0.0000e+00
     31.751    17.7411    33.5346  1024.3539     2.4071     5.1009     93.707    0.00252    5.44345    5.43542      8.438     0.3644    9.97101   4.395202 3.1890e-11    24.2142    24.2129 1.0000e-12     32.000          1       5786    1513.89 3.4371e+00  51399.731    241.061 1603788696      -0.04     -0.444   40.09866  -72.60550 0.0000e+00
     30.758    17.7528    33.5362  1024.3479     2.4101     5.1038     93.770    0.00134    5.44284    5.43481      8.437     0.3479    9.96998   4.396240 4.8268e+04    24.2126    24.2114 1.0000e-12     31.000          1       5845    1513.91 1.7485e+00  51400.588    243.503 1603788698       0.03     -0.407   40.09866  -72.60549 0.0000e+00
     29.767    17.7640    33.5380  1024.3421     2.4114     5.1031     93.760    0.00015    5.44273    5.43469      8.443     0.3436    9.96977   4.397197 9.5453e+04    24.2112    24.2100 1.0000e-12     30.000          1       5921    1513.93 1.3000e-01  51401.681    246.678 1603788702      -0.03     -0.293   40.09866  -72.60548 0.0000e+00
     28.783    17.7622    33.5392  1024.3391     2.4142     5.1098     93.902    0.00067    5.44164    5.43360      8.443     0.3331    9.96796   4.396892 -8.685e+03    24.2125    24.2114 1.0000e-12     29.000          1       6022    1513.91 3.8230e+00  51403.024    250.858 1603788706      -0.33     -0.218   40.09866  -72.60548 0.0000e+00
     27.777    17.7666    33.5406  1024.3347     2.4149     5.1109     93.922    0.00047    5.44166    5.43361      8.443     0.3391    9.96797   4.397437 9.3908e+03    24.2125    24.2114 1.0000e-12     28.000          1       6063    1513.91 2.9089e+00  51404.122    252.589 1603788707      -0.09     -0.568   40.09866  -72.60547 0.0000e+00
     26.796    17.7721    33.5415  1024.3296     2.4163     5.1088     93.887   -0.00105    5.44145    5.43341      8.452     0.3239    9.96763   4.397883 2.4818e+04    24.2118    24.2107 1.0000e-12     27.000          1       6201    1513.91 2.2981e+00  51404.383    258.346 1603788713      -0.44     -0.340   40.09866  -72.60546 0.0000e+00
     25.790    17.7740    33.5420  1024.3251     2.4177     5.1159     94.018    0.00002    5.44144    5.43339      8.453     0.3406    9.96760   4.398053 2.3944e+03    24.2117    24.2106 1.0000e-12     26.000          1       6444    1513.90 3.2841e+00  51404.437    268.479 1603788723      -0.08     -0.547   40.09865  -72.60545 0.0000e+00
     24.807    17.7761    33.5426  1024.3207     2.4205     5.1229     94.148    0.00047    5.44132    5.43328      8.465     0.3371    9.96742   4.398222 3.9279e-11    24.2116    24.2106 1.0000e-12     25.000          1       7609    1513.89 3.0581e+00  51404.652    317.015 1603788772      -0.53     -0.444   40.09861  -72.60538 0.0000e+00
     23.813    17.7766    33.5424  1024.3160     2.4212     5.1242     94.170    0.00044    5.44144    5.43340      8.467     0.3311    9.96763   4.398200 3.6609e-11    24.2113    24.2103 1.0000e-12     24.000          1       7644    1513.88 3.0693e+00  51403.803    318.476 1603788773       0.16     -0.553   40.09860  -72.60538 0.0000e+00
     22.822    17.7760    33.5417  1024.3112     2.4218     5.1245     94.173    0.00021    5.44154    5.43349      8.470     0.3367    9.96779   4.398007 3.7704e-11    24.2108    24.2099 1.0000e-12     23.000          1       7700    1513.85 2.9836e+00  51402.353    320.798 1603788776      -0.03     -0.458   40.09860  -72.60538 0.0000e+00
     21.837    17.7754    33.5404  1024.3060     2.4216     5.1233     94.151    0.00001    5.44155    5.43350      8.486     0.3306    9.96780   4.397751 3.4787e-11    24.2100    24.2091 1.0000e-12     22.000          1       7745    1513.83 3.2111e+00  51400.165    322.681 1603788778      -0.18     -0.491   40.09860  -72.60538 0.0000e+00
     20.831    17.7751    33.5403  1024.3016     2.4201     5.1165     94.027   -0.00069    5.44156    5.43352      8.480     0.3391    9.96783   4.397677 2.7977e+04    24.2100    24.2091 1.0000e-12     21.000          1       7796    1513.82 2.2541e+00  51399.600    324.799 1603788780      -0.25     -0.594   40.09860  -72.60537 0.0000e+00
     19.843    17.7749    33.5403  1024.2972     2.4211     5.1238     94.158    0.00104    5.44168    5.43364      8.471     0.3194    9.96804   4.397610 9.8209e+04    24.2099    24.2091 1.0000e-12     20.000          1       7874    1513.80 5.6023e-02  51399.096    328.043 1603788783      -0.56     -0.627   40.09860  -72.60536 0.0000e+00
     18.850    17.7743    33.5401  1024.2928     2.4219     5.1242     94.166    0.00066    5.44169    5.43364      8.473     0.3380    9.96804   4.397486 9.9999e+04    24.2098    24.2091 1.0000e-12     19.000          1       7926    1513.78 1.4514e+00  51398.290    330.212 1603788785       0.04     -0.581   40.09860  -72.60537 0.0000e+00
     17.861    17.7739    33.5399  1024.2883     2.4229     5.1232     94.145   -0.00024    5.44178    5.43373      8.468     0.3505    9.96820   4.397376 -4.993e+01    24.2098    24.2090 1.0000e-12     18.000          1       8001    1513.76 3.1173e+00  51397.545    333.335 1603788788      -0.51     -0.479   40.09860  -72.60536 0.0000e+00
     16.864    17.7732    33.5395  1024.2838     2.4230     5.1241     94.161    0.00003    5.44180    5.43376      8.470     0.3498    9.96824   4.397219 3.5431e-11    24.2096    24.2089 1.0000e-12     17.000          1       8045    1513.74 3.2074e+00  51396.558    335.159 1603788790       0.09     -0.574   40.09860  -72.60536 0.0000e+00
     15.892    17.7728    33.5394  1024.2795     2.4220     5.1181     94.051   -0.00042    5.44187    5.43382      8.475     0.3014    9.96835   4.397131 3.7142e-11    24.2096    24.2089 1.0000e-12     16.000          1       8160    1513.72 3.0274e+00  51395.943    339.944 1603788795      -0.33     -0.096   40.09860  -72.60536 0.0000e+00
     14.886    17.7725    33.5394  1024.2751     2.4221     5.1196     94.079   -0.00014    5.44184    5.43380      8.478     0.2975    9.96831   4.397057 7.2583e+04    24.2096    24.2090 1.0000e-12     15.000          1       8173    1513.71 7.2270e-01  51395.452    340.518 1603788795      -0.51     -0.739   40.09860  -72.60536 0.0000e+00
     13.880    17.7724    33.5394  1024.2706     2.4227     5.1230     94.141    0.00042    5.44184    5.43380      8.479     0.3337    9.96830   4.397002 9.7394e+04    24.2096    24.2090 1.0000e-12     14.000          1       8198    1513.69 6.8577e-02  51394.946    341.538 1603788796      -0.03     -1.006   40.09860  -72.60536 0.0000e+00
     12.903    17.7723    33.5394  1024.2663     2.4229     5.1205     94.095   -0.00003    5.44185    5.43381      8.478     0.3464    9.96833   4.396951 2.0455e+04    24.2096    24.2090 1.0000e-12     13.000          1       8306    1513.67 2.2580e+00  51394.486    346.029 1603788801      -0.38     -0.380   40.09860  -72.60536 0.0000e+00
     11.900    17.7713    33.5392  1024.2620     2.4234     5.1226     94.134    0.00030    5.44188    5.43383      8.488     0.3473    9.96837   4.396789 1.3275e+03    24.2096    24.2092 1.0000e-12     12.000          1       8340    1513.66 3.1546e+00  51393.857    347.471 1603788802      -0.14     -0.822   40.09860  -72.60536 0.0000e+00
     10.915    17.7726    33.5387  1024.2569     2.4235     5.1215     94.115    0.00004    5.44179    5.43375      8.471     0.3365    9.96823   4.396821 1.0323e+05    24.2089    24.2084 1.0000e-12     11.000          1       8411    1513.64 -1.197e-01  51392.498    350.417 1603788805       0.14     -0.303   40.09860  -72.60536 0.0000e+00
      9.920    17.7739    33.5386  1024.2521     2.4241     5.1231     94.146    0.00011    5.44166    5.43362      8.489     0.3395    9.96802   4.396904 3.9545e+04    24.2085    24.2081 1.0000e-12     10.000          1       8738    1513.63 2.6831e+00  51391.850    364.055 1603788819      -0.08     -0.292   40.09859  -72.60534 0.0000e+00
