CalculateIndicators/WaterTemperature/Data/CTD_NYOS/20201019_C08.cnv
* Sea-Bird SBE 9 Data File:
* FileName = C:\Seabird 9 CTD\Data\2020\202010_offshore\20201019_C08.hex
* Software Version Seasave V 7.23.2
* Temperature SN = 4590
* Conductivity SN = 3228
* Number of Bytes Per Scan = 44
* Number of Voltage Words = 5
* Number of Scans Averaged by the Deck Unit = 1
* NMEA Latitude = 38 32.98 N
* NMEA Longitude = 073 04.78 W
* NMEA UTC (Time) = Oct 20 2020  15:04:07
* NMEA baud rate = 4800
** Ship: seawolf
** Station: 7.6
** Operator: SJW
# nquan = 31
# nvalues = 607                         
# units = specified
# name 0 = depSM: Depth [salt water, m]
# name 1 = t090C: Temperature [ITS-90, deg C]
# name 2 = sal00: Salinity, Practical [PSU]
# name 3 = density00: Density [density, kg/m^3]
# name 4 = sbeox0V: Oxygen raw, SBE 43 [V]
# name 5 = sbeox0ML/L: Oxygen, SBE 43 [ml/l]
# name 6 = sbeox0PS: Oxygen, SBE 43 [% saturation]
# name 7 = sbox0dV/dT: Oxygen, SBE 43 [dov/dt]
# name 8 = oxsolML/L: Oxygen Saturation, Garcia & Gordon [ml/l]
# name 9 = oxsatML/L: Oxygen Saturation, Weiss [ml/l]
# name 10 = ph: pH
# name 11 = flECO-AFL: Fluorescence, WET Labs ECO-AFL/FL [mg/m^3]
# name 12 = n2satML/L: Nitrogen Saturation [ml/l]
# name 13 = c0S/m: Conductivity [S/m]
# name 14 = cpar: CPAR/Corrected Irradiance [%]
# name 15 = sigma-é00: Density [sigma-theta, kg/m^3]
# name 16 = sigma-t00: Density [sigma-t, kg/m^3 ]
# name 17 = par: PAR/Irradiance, Biospherical/Licor
# name 18 = prDM: Pressure, Digiquartz [db]
# name 19 = pumps: Pump Status
# name 20 = scan: Scan Count
# name 21 = svCM: Sound Velocity [Chen-Millero, m/s]
# name 22 = spar: SPAR, Biospherical/Licor
# name 23 = specc: Specific Conductance [uS/cm]
# name 24 = timeS: Time, Elapsed [seconds]
# name 25 = timeY: Time, System [seconds]
# name 26 = accM: Acceleration [m/s^2]
# name 27 = dz/dtM: Descent Rate [m/s]
# name 28 = latitude: Latitude [deg]
# name 29 = longitude: Longitude [deg]
# name 30 = flag: flag
# span 0 =      1.979,    302.499       
# span 1 =     9.0042,    20.6598       
# span 2 =    34.9657,    35.7080       
# span 3 =  1024.5686,  1028.6698       
# span 4 =     1.4395,     2.4863       
# span 5 =     3.0056,     4.9536       
# span 6 =     48.450,     96.701       
# span 7 =   -0.02957,    0.02571       
# span 8 =    5.11207,    6.44119       
# span 9 =    5.10189,    6.44671       
# span 10 =      8.256,      8.529      
# span 11 =    -0.0827,     0.4564      
# span 12 =    9.40613,   11.60462      
# span 13 =   3.749765,   4.854918      
# span 14 = -4.970e-05, 3.1568e+01      
# span 15 =    24.5600,    27.2939      
# span 16 =    24.5599,    27.2885      
# span 17 = -3.704e-04, 2.4524e+02      
# span 18 =      2.000,    305.000      
# span 19 =          1,          1      
# span 20 =        161,      44554      
# span 21 =    1491.50,    1523.38      
# span 22 = 4.0432e+02, 1.8095e+03      
# span 23 =  53157.137,  55131.837      
# span 24 =      6.677,   1856.384      
# span 25 = 1603206256, 1603208106      
# span 26 =      -0.72,       0.61      
# span 27 =     -1.218,      1.240      
# span 28 =   38.54973,   38.55122      
# span 29 =  -73.08323,  -73.07974      
# span 30 = 0.0000e+00, 0.0000e+00      
# interval = decibars: 1                
# start_time = Oct 20 2020 15:04:10 [System UTC, first data scan.]
# bad_flag = -9.990e-29
*END*
[from data line 422]
    184.514    12.6499    35.6043  1027.7617     1.5229     3.0873     51.974    0.00062    5.94006    5.93880      8.256    -0.0582   10.77183   4.134009 1.8787e-13    26.9365    26.9314 1.0000e-12    186.000          1      24145    1502.82 5.3228e+02  54892.141   1006.007 1603207256      -0.04     -0.738   38.55058  -73.08165 0.0000e+00
    183.522    12.6847    35.6087  1027.7537     1.5258     3.0953     52.143    0.00105    5.93620    5.93491      8.257    -0.0579   10.76543   4.137789 1.8841e-13    26.9330    26.9280 1.0000e-12    185.000          1      24238    1502.92 5.3075e+02  54892.265   1009.872 1603207259      -0.03     -0.485   38.55058  -73.08167 0.0000e+00
    182.538    12.7510    35.6137  1027.7397     1.5304     3.1094     52.443    0.00217    5.92903    5.92764      8.257    -0.0576   10.75348   4.145077 1.8813e-13    26.9236    26.9186 1.0000e-12    184.000          1      24344    1503.13 5.3153e+02  54888.317   1014.303 1603207264      -0.35     -0.623   38.55058  -73.08168 0.0000e+00
    181.534    12.7795    35.6172  1027.7321     1.5319     3.1124     52.495    0.00181    5.92895    5.92756 -9.990e-29    -0.0642   10.75335   4.148039 1.8885e-13    26.9206    26.9156 1.0000e-12    183.000          1      24367    1503.22 5.2950e+02  54887.973   1015.237 1603207265      -0.15     -0.900   38.55058  -73.08168 0.0000e+00
    180.539    12.8195    35.6253  1027.7257     1.5369     3.1197     52.738    0.00197    5.91561    5.91405      8.261    -0.0603   10.73114   4.152920 1.9094e-13    26.9188    26.9138 1.0000e-12    182.000          1      25217    1503.34 5.2374e+02  54892.444   1050.669 1603207300       0.07     -0.715   38.55061  -73.08176 0.0000e+00
    179.553    12.9409    35.6395  1027.7075     1.5498     3.1612     53.655    0.00587    5.89184    5.88999      8.263    -0.0600   10.69164   4.166488 1.9271e-13    26.9055    26.9005 1.0000e-12    181.000          1      26145    1503.75 5.1892e+02  54893.252   1089.323 1603207339       0.20     -0.728   38.55064  -73.08185 0.0000e+00
    178.565    13.0985    35.6515  1027.6800     1.5688     3.2061     54.469    0.00437    5.88608    5.88416      8.267    -0.0547   10.68204   4.183414 1.9109e-13    26.8830    26.8779 1.0000e-12    180.000          1      26318    1504.27 5.2332e+02  54885.696   1096.539 1603207346      -0.25     -0.400   38.55064  -73.08187 0.0000e+00
    177.577    13.1505    35.6551  1027.6677     1.5749     3.2137     54.692    0.00354    5.87600    5.87395 -9.990e-29    -0.0614   10.66530   4.188566 1.9123e-13    26.8752    26.8701 1.0000e-12    179.000          1      26381    1504.43 5.2295e+02  54882.373   1099.181 1603207349      -0.17     -0.794   38.55064  -73.08188 0.0000e+00
    176.576    13.1686    35.6562  1027.6602     1.5786     3.2210     54.845    0.00316    5.87288    5.87080 -9.990e-29    -0.0666   10.66011   4.190291 1.9180e-13    26.8723    26.8672 1.0000e-12    178.000          1      26407    1504.47 5.2139e+02  54880.554   1100.248 1603207350      -0.04     -0.899   38.55064  -73.08188 0.0000e+00
    175.590    13.2313    35.6627  1027.6479     1.5918     3.2542     55.447    0.00261    5.86900    5.86687      8.269    -0.0705   10.65368   4.197118 1.9035e-13    26.8645    26.8594 1.0000e-12    177.000          1      26522    1504.67 5.2536e+02  54879.858   1105.045 1603207355      -0.09     -0.448   38.55064  -73.08189 0.0000e+00
    174.601    13.2715    35.6645  1027.6365     1.5998     3.2740     55.813    0.00240    5.86594    5.86378      8.271 -9.990e-29   10.64860   4.201069 1.8993e-13    26.8577    26.8526 1.0000e-12    176.000          1      26606    1504.79 5.2650e+02  54875.791   1108.545 1603207358      -0.22     -0.673   38.55064  -73.08190 0.0000e+00
    173.609    13.2877    35.6655  1027.6295     1.6027     3.2819     55.957    0.00242    5.86492    5.86274      8.271    -0.0676   10.64691   4.202739 1.9076e-13    26.8551    26.8501 1.0000e-12    175.000          1      26635    1504.83 5.2420e+02  54874.360   1109.729 1603207359      -0.06     -0.799   38.55065  -73.08190 0.0000e+00
    172.609    13.3006    35.6669  1027.6233     1.6058     3.2913     56.122    0.00253    5.86457    5.86238 -9.990e-29    -0.0614   10.64632   4.204059 1.9016e-13    26.8535    26.8485 1.0000e-12    174.000          1      26664    1504.85 5.2586e+02  54873.680   1110.970 1603207361       0.05     -0.837   38.55066  -73.08190 0.0000e+00
    171.624    13.3127    35.6677  1027.6170     1.6109     3.2993     56.259    0.00114    5.86453    5.86234 -9.990e-29    -0.0586   10.64625   4.205150 1.8897e-13    26.8516    26.8466 1.0000e-12    173.000          1      26793    1504.88 5.2916e+02  54872.447   1116.318 1603207366      -0.39     -0.696   38.55066  -73.08192 0.0000e+00
    170.621    13.3156    35.6676  1027.6119     1.6123     3.3019     56.299    0.00088    5.86495    5.86276      8.271    -0.0678   10.64696   4.205327 1.9142e-13    26.8510    26.8460 1.0000e-12    172.000          1      26835    1504.87 5.2242e+02  54871.403   1118.064 1603207368      -0.16     -1.094   38.55066  -73.08194 0.0000e+00
    169.643    13.3140    35.6660  1027.6066     1.6147     3.3089     56.421    0.00095    5.86468    5.86250      8.272    -0.0688   10.64654   4.204906 1.9027e-13    26.8500    26.8451 1.0000e-12    171.000          1      26933    1504.85 5.2561e+02  54868.879   1122.160 1603207372       0.14     -0.376   38.55066  -73.08194 0.0000e+00
    168.648    13.3119    35.6650  1027.6018     1.6169     3.3129     56.504    0.00079    5.86327    5.86106      8.274    -0.0597   10.64421   4.204507 1.8834e-13    26.8496    26.8448 1.0000e-12    170.000          1      27012    1504.82 5.3096e+02  54867.168   1125.476 1603207375      -0.13     -0.546   38.55066  -73.08194 0.0000e+00
    167.657    13.3217    35.6640  1027.5945     1.6204     3.3273     56.754    0.00177    5.86264    5.86043 -9.990e-29    -0.0693   10.64318   4.205395 1.8926e-13    26.8468    26.8419 1.0000e-12    169.000          1      27062    1504.84 5.2839e+02  54863.770   1127.545 1603207377       0.04     -0.500   38.55066  -73.08195 0.0000e+00
    166.666    13.3330    35.6637  1027.5875     1.6245     3.3323     56.843    0.00045    5.86233    5.86011 -9.990e-29    -0.0694   10.64266   4.206388 1.8686e-13    26.8442    26.8394 1.0000e-12    168.000          1      27166    1504.86 5.3513e+02  54861.115   1131.887 1603207382      -0.32     -0.295   38.55066  -73.08196 0.0000e+00
    165.675    13.3349    35.6642  1027.5830     1.6251     3.3324     56.850    0.00020    5.86183    5.85960      8.276    -0.0628   10.64181   4.206585 1.8730e-13    26.8442    26.8394 1.0000e-12    167.000          1      27228    1504.85 5.3389e+02  54860.997   1134.462 1603207384       0.10     -0.473   38.55066  -73.08197 0.0000e+00
    164.682    13.3388    35.6651  1027.5785     1.6252     3.3316     56.842    0.00010    5.86120    5.85897      8.276    -0.0635   10.64078   4.207001 1.8657e-13    26.8441    26.8393 1.0000e-12    166.000          1      27294    1504.85 5.3601e+02  54861.049   1137.201 1603207387      -0.04     -0.343   38.55066  -73.08198 0.0000e+00
    163.691    13.3436    35.6656  1027.5734     1.6269     3.3373     56.959    0.00069    5.85921    5.85696      8.275    -0.0610   10.63749   4.207523 1.8530e-13    26.8434    26.8387 1.0000e-12    165.000          1      27374    1504.85 5.3967e+02  54860.506   1140.540 1603207390      -0.18     -0.372   38.55066  -73.08198 0.0000e+00
    162.699    13.3595    35.6650  1027.5652     1.6301     3.3484     57.154    0.00123    5.85852    5.85625      8.275    -0.0622   10.63635   4.209001 1.8512e-13    26.8397    26.8349 1.0000e-12    164.000          1      27440    1504.88 5.4020e+02  54856.761   1143.273 1603207393       0.05     -0.356   38.55067  -73.08198 0.0000e+00
    161.713    13.3687    35.6642  1027.5582     1.6352     3.3590     57.374    0.00102    5.85453    5.85222      8.278    -0.0746   10.62976   4.209775 1.8341e-13    26.8372    26.8324 1.0000e-12    163.000          1      27536    1504.90 5.4529e+02  54853.830   1147.303 1603207397      -0.10     -0.193   38.55068  -73.08200 0.0000e+00
    160.716    13.3910    35.6638  1027.5488     1.6384     3.3722     57.606    0.00203    5.85400    5.85168 -9.990e-29    -0.0662   10.62887   4.211977 1.8348e-13    26.8323    26.8275 1.0000e-12    162.000          1      27578    1504.95 5.4503e+02  54849.504   1149.022 1603207399      -0.09     -0.555   38.55068  -73.08200 0.0000e+00
    159.724    13.4028    35.6646  1027.5425     1.6433     3.3845     57.817    0.00167    5.85392    5.85160      8.280    -0.0618   10.62873   4.213119 1.8510e-13    26.8304    26.8257 1.0000e-12    161.000          1      27641    1504.97 5.4031e+02  54848.285   1151.680 1603207401       0.09     -0.352   38.55068  -73.08200 0.0000e+00
    158.735    13.4055    35.6653  1027.5381     1.6459     3.3859     57.841    0.00043    5.85388    5.85155      8.280    -0.0608   10.62865   4.213365 1.8266e-13    26.8304    26.8257 1.0000e-12    160.000          1      27738    1504.97 5.4750e+02  54848.376   1155.706 1603207405      -0.03     -0.249   38.55068  -73.08202 0.0000e+00
    157.743    13.4053    35.6655  1027.5338     1.6468     3.3870     57.864    0.00028    5.85340    5.85107 -9.990e-29    -0.0479   10.62786   4.213298 1.8149e-13    26.8305    26.8259 1.0000e-12    159.000          1      27798    1504.95 5.5099e+02  54848.026   1158.192 1603207408      -0.25     -0.455   38.55068  -73.08202 0.0000e+00
    156.747    13.4071    35.6655  1027.5290     1.6476     3.3898     57.919    0.00046    5.85261    5.85027 -9.990e-29    -0.0592   10.62656   4.213440 1.8150e-13    26.8301    26.8255 1.0000e-12    158.000          1      27839    1504.94 5.5095e+02  54847.207   1159.913 1603207410       0.07     -0.582   38.55068  -73.08202 0.0000e+00
    155.761    13.4173    35.6649  1027.5219     1.6507     3.3987     58.081    0.00073    5.85172    5.84937      8.282    -0.0550   10.62509   4.214349 1.8074e-13    26.8275    26.8229 1.0000e-12    157.000          1      27937    1504.94 5.5328e+02  54844.282   1163.981 1603207414      -0.01     -0.163   38.55069  -73.08203 0.0000e+00
    154.765    13.4220    35.6650  1027.5166     1.6527     3.4029     58.177    0.00079    5.84926    5.84688      8.283    -0.0615   10.62102   4.214779 1.7959e-13    26.8266    26.8221 1.0000e-12    156.000          1      28000    1504.95 5.5682e+02  54843.252   1166.640 1603207416      -0.22     -0.531   38.55070  -73.08204 0.0000e+00
    153.773    13.4377    35.6648  1027.5087     1.6572     3.4185     58.463    0.00171    5.84730    5.84489      8.282    -0.0672   10.61777   4.216336 1.7963e-13    26.8232    26.8187 1.0000e-12    155.000          1      28058    1504.99 5.5688e+02  54840.213   1169.062 1603207419       0.10     -0.404   38.55070  -73.08204 0.0000e+00
    152.784    13.4648    35.6649  1027.4987     1.6620     3.4281     58.654    0.00124    5.84467    5.84223 -9.990e-29    -0.0616   10.61340   4.219008 1.7845e-13    26.8177    26.8132 1.0000e-12    154.000          1      28142    1505.06 5.6038e+02  54835.793   1172.546 1603207422      -0.03     -0.288   38.55070  -73.08204 0.0000e+00
    151.790    13.4811    35.6672  1027.4926     1.6648     3.4341     58.769    0.00104    5.84348    5.84102 -9.990e-29    -0.0556   10.61141   4.220807 1.7904e-13    26.8160    26.8115 1.0000e-12    153.000          1      28208    1505.10 5.5856e+02  54836.063   1175.278 1603207425      -0.02     -0.385   38.55070  -73.08206 0.0000e+00
    150.802    13.4930    35.6685  1027.4867     1.6662     3.4331     58.768    0.00021    5.84182    5.83935 -9.990e-29    -0.0655   10.60865   4.222043 1.7806e-13    26.8146    26.8101 1.0000e-12    152.000          1      28284    1505.13 5.6168e+02  54835.633   1178.468 1603207428      -0.02     -0.286   38.55070  -73.08206 0.0000e+00
    149.806    13.5019    35.6697  1027.4813     1.6684     3.4420     58.933    0.00105    5.84061    5.83812      8.285    -0.0712   10.60664   4.223028 1.7667e-13    26.8136    26.8092 1.0000e-12    151.000          1      28337    1505.14 5.6602e+02  54835.441   1180.646 1603207430      -0.03     -0.468   38.55070  -73.08206 0.0000e+00
    148.818    13.5239    35.6708  1027.4731     1.6721     3.4493     59.111    0.00116    5.83529    5.83274      8.286    -0.0676   10.59780   4.225303 1.7560e-13    26.8099    26.8055 1.0000e-12    150.000          1      28428    1505.20 5.6947e+02  54833.317   1184.439 1603207434       0.04     -0.208   38.55071  -73.08207 0.0000e+00
    147.826    13.5622    35.6721  1027.4617     1.6790     3.4728     59.554    0.00273    5.83137    5.82877 -9.990e-29    -0.0603   10.59128   4.229338 1.7397e-13    26.8030    26.7986 1.0000e-12    149.000          1      28504    1505.31 5.7482e+02  54829.230   1187.613 1603207437      -0.35     -0.472   38.55072  -73.08208 0.0000e+00
    146.830    13.5841    35.6757  1027.4553     1.6815     3.4763     59.627    0.00210    5.83012    5.82751 -9.990e-29    -0.0692   10.58920   4.231793 1.7467e-13    26.8012    26.7968 1.0000e-12    148.000          1      28536    1505.37 5.7251e+02  54830.541   1188.964 1603207439      -0.02     -0.724   38.55072  -73.08208 0.0000e+00
    145.841    13.5970    35.6774  1027.4495     1.6842     3.4770     59.641    0.00058    5.82991    5.82729 -9.990e-29    -0.0667   10.58884   4.233103 1.7355e-13    26.7998    26.7954 1.0000e-12    147.000          1      28624    1505.39 5.7625e+02  54830.416   1192.619 1603207442       0.04     -0.341   38.55072  -73.08209 0.0000e+00
    144.854    13.6011    35.6781  1027.4448     1.6855     3.4771     59.648   -0.00005    5.82944    5.82681      8.288    -0.0479   10.58807   4.233448 1.7158e-13    26.7995    26.7952 1.0000e-12    146.000          1      28725    1505.39 5.8281e+02  54830.328   1196.850 1603207447      -0.32     -0.416   38.55072  -73.08210 0.0000e+00
    143.855    13.6031    35.6784  1027.4401     1.6861     3.4785     59.699    0.00033    5.82681    5.82416      8.289    -0.0671   10.58370   4.233652 1.7236e-13    26.7992    26.7949 1.0000e-12    145.000          1      28754    1505.38 5.8016e+02  54829.798   1198.051 1603207448      -0.12     -0.736   38.55072  -73.08210 0.0000e+00
    142.861    13.6146    35.6788  1027.4335     1.6893     3.4907     59.930    0.00137    5.82461    5.82192      8.290    -0.0670   10.58005   4.234862 1.7168e-13    26.7971    26.7928 1.0000e-12    144.000          1      28802    1505.40 5.8250e+02  54828.192   1200.058 1603207450       0.13     -0.569   38.55072  -73.08210 0.0000e+00
    141.879    13.6640    35.6778  1027.4180     1.6999     3.5204     60.476    0.00185    5.82112    5.81840      8.292    -0.0613   10.57432   4.239570 1.6893e-13    26.7861    26.7818 1.0000e-12    143.000          1      28938    1505.55 5.9193e+02  54819.449   1205.715 1603207455      -0.24     -0.161   38.55072  -73.08211 0.0000e+00
    140.883    13.6695    35.6776  1027.4122     1.7044     3.5293     60.720    0.00237    5.81256    5.80972      8.293    -0.0589   10.56008   4.240060 1.6881e-13    26.7847    26.7805 1.0000e-12    142.000          1      28981    1505.55 5.9240e+02  54817.754   1207.480 1603207457       0.05     -0.469   38.55074  -73.08212 0.0000e+00
