CalculateIndicators/WaterTemperature/Data/CTD_NYOS/20201019_C05.cnv
* Sea-Bird SBE 9 Data File:
* FileName = C:\Seabird 9 CTD\Data\2020\202010_offshore\20201019_C05.hex
* Software Version Seasave V 7.23.2
* Temperature SN = 4590
* Conductivity SN = 3228
* Number of Bytes Per Scan = 44
* Number of Voltage Words = 5
* Number of Scans Averaged by the Deck Unit = 1
* NMEA Latitude = 39 42.88 N
* NMEA Longitude = 073 30.23 W
* NMEA UTC (Time) = Oct 20 2020  04:10:21
* NMEA baud rate = 4800
** Ship: seawolf
** Station: 7.3
** Operator: EIH
# nquan = 31
# nvalues = 75                          
# units = specified
# name 0 = depSM: Depth [salt water, m]
# name 1 = t090C: Temperature [ITS-90, deg C]
# name 2 = sal00: Salinity, Practical [PSU]
# name 3 = density00: Density [density, kg/m^3]
# name 4 = sbeox0V: Oxygen raw, SBE 43 [V]
# name 5 = sbeox0ML/L: Oxygen, SBE 43 [ml/l]
# name 6 = sbeox0PS: Oxygen, SBE 43 [% saturation]
# name 7 = sbox0dV/dT: Oxygen, SBE 43 [dov/dt]
# name 8 = oxsolML/L: Oxygen Saturation, Garcia & Gordon [ml/l]
# name 9 = oxsatML/L: Oxygen Saturation, Weiss [ml/l]
# name 10 = ph: pH
# name 11 = flECO-AFL: Fluorescence, WET Labs ECO-AFL/FL [mg/m^3]
# name 12 = n2satML/L: Nitrogen Saturation [ml/l]
# name 13 = c0S/m: Conductivity [S/m]
# name 14 = cpar: CPAR/Corrected Irradiance [%]
# name 15 = sigma-é00: Density [sigma-theta, kg/m^3]
# name 16 = sigma-t00: Density [sigma-t, kg/m^3 ]
# name 17 = par: PAR/Irradiance, Biospherical/Licor
# name 18 = prDM: Pressure, Digiquartz [db]
# name 19 = pumps: Pump Status
# name 20 = scan: Scan Count
# name 21 = svCM: Sound Velocity [Chen-Millero, m/s]
# name 22 = spar: SPAR, Biospherical/Licor
# name 23 = specc: Specific Conductance [uS/cm]
# name 24 = timeS: Time, Elapsed [seconds]
# name 25 = timeY: Time, System [seconds]
# name 26 = accM: Acceleration [m/s^2]
# name 27 = dz/dtM: Descent Rate [m/s]
# name 28 = latitude: Latitude [deg]
# name 29 = longitude: Longitude [deg]
# name 30 = flag: flag
# span 0 =      1.962,     38.715       
# span 1 =    14.8163,    17.7914       
# span 2 =    32.2966,    32.6315       
# span 3 =  1023.2684,  1024.3598       
# span 4 =     1.6408,     2.4539       
# span 5 =     3.2632,     5.2420       
# span 6 =     56.351,     95.648       
# span 7 =   -0.07506,    0.04906       
# span 8 =    5.48041,    5.79592       
# span 9 =    5.47217,    5.79098       
# span 10 =      8.187,      8.379      
# span 11 =     0.1699,     0.7928      
# span 12 =   10.04531,   10.56590      
# span 13 =   4.014813,   4.253588      
# span 14 = -6.549e+03, 9.9999e+04      
# span 15 =    23.2595,    24.1872      
# span 16 =    23.2590,    24.1860      
# span 17 = -3.259e-03, 3.6374e-02      
# span 18 =      2.000,     39.000      
# span 19 =          1,          1      
# span 20 =        203,       9625      
# span 21 =    1503.98,    1512.48      
# span 22 = -6.782e-02, 4.3774e+00      
# span 23 =  49685.406,  50420.669      
# span 24 =      8.433,    400.992      
# span 25 = 1603167032, 1603167424      
# span 26 =      -0.57,       0.52      
# span 27 =     -0.804,      0.707      
# span 28 =   39.71474,   39.71502      
# span 29 =  -73.50428,  -73.50396      
# span 30 = 0.0000e+00, 0.0000e+00      
# interval = decibars: 1                
# start_time = Oct 20 2020 04:10:23 [System UTC, first data scan.]
# bad_flag = -9.990e-29
*END*
      1.975    17.7723    32.2992  1023.2684     2.4519     5.2317     95.422    0.00033    5.48271    5.47449 -9.990e-29     0.6866   10.04919   4.250758 2.3858e-01    23.2597    23.2596 1.1356e-03      2.000          1        203    1512.08 1.6249e+00  49685.406      8.433 1603167032       0.33     -0.097   39.71474  -73.50396 0.0000e+00
      2.977    17.7733    32.2993  1023.2727     2.4519     5.2308     95.410   -0.00004    5.48242    5.47419      8.371     0.6765   10.04869   4.250896 1.2717e+00    23.2596    23.2594 3.6374e-02      3.000          1        291    1512.10 3.0764e+00  49685.927     12.082 1603167036       0.08      0.190   39.71474  -73.50396 0.0000e+00
      3.962    17.7736    32.2993  1023.2770     2.4519     5.2337     95.472    0.00064    5.48194    5.47371      8.373     0.6876   10.04788   4.250969 -1.121e-01    23.2597    23.2596 -3.259e-03      4.000          1        407    1512.12 4.0065e+00  49686.390     16.913 1603167040       0.35      0.244   39.71474  -73.50398 0.0000e+00
      4.964    17.7763    32.3012  1023.2823     2.4519     5.2325     95.447    0.00012    5.48207    5.47384      8.372     0.6734   10.04809   4.251515 2.5320e-11    23.2604    23.2602 1.0000e-12      5.000          1        447    1512.15 3.9495e+00  49689.376     18.589 1603167042      -0.03      0.487   39.71475  -73.50398 0.0000e+00
      5.951    17.7772    32.3019  1023.2870     2.4519     5.2326     95.447   -0.00007    5.48218    5.47395 -9.990e-29     0.6638   10.04827   4.251666 2.5320e-11    23.2607    23.2605 1.0000e-12      6.000          1        515    1512.17 3.9495e+00  49690.726     21.418 1603167045       0.38      0.308   39.71474  -73.50398 0.0000e+00
      6.947    17.7762    32.3016  1023.2914     2.4515     5.2327     95.449    0.00012    5.48219    5.47396 -9.990e-29     0.6980   10.04829   4.251603 2.5320e-11    23.2608    23.2605 1.0000e-12      7.000          1        583    1512.18 3.9495e+00  49690.842     24.244 1603167048       0.07      0.324   39.71474  -73.50398 0.0000e+00
      7.939    17.7763    32.3013  1023.2956     2.4512     5.2326     95.446    0.00006    5.48225    5.47402 -9.990e-29     0.7106   10.04839   4.251618 2.5320e-11    23.2606    23.2603 1.0000e-12      8.000          1        651    1512.20 3.9495e+00  49690.949     27.076 1603167051      -0.01      0.422   39.71474  -73.50398 0.0000e+00
      8.932    17.7752    32.3014  1023.3004     2.4511     5.2325     95.445   -0.00005    5.48218    5.47395 -9.990e-29     0.7145   10.04827   4.251560 2.5320e-11    23.2610    23.2606 1.0000e-12      9.000          1        710    1512.21 3.9495e+00  49691.661     29.537 1603167053       0.01      0.421   39.71474  -73.50398 0.0000e+00
      9.923    17.7763    32.3014  1023.3045     2.4505     5.2302     95.402   -0.00045    5.48232    5.47409 -9.990e-29     0.6944   10.04852   4.251720 2.5320e-11    23.2608    23.2604 1.0000e-12     10.000          1        772    1512.23 3.9495e+00  49692.087     32.144 1603167056       0.05      0.374   39.71474  -73.50398 0.0000e+00
     10.910    17.7760    32.3007  1023.3084     2.4520     5.2395     95.571    0.00080    5.48237    5.47415 -9.990e-29     0.7127   10.04861   4.251641 7.8228e+04    23.2603    23.2599 1.0000e-12     11.000          1        865    1512.25 8.1573e-01  49691.610     35.987 1603167059       0.19      0.204   39.71475  -73.50398 0.0000e+00
     11.912    17.7758    32.3009  1023.3131     2.4507     5.2319     95.431   -0.00053    5.48240    5.47418 -9.990e-29     0.7928   10.04866   4.251691 1.2894e+04    23.2606    23.2601 1.0000e-12     12.000          1        902    1512.26 3.2688e+00  49692.433     37.558 1603167061       0.22      0.683   39.71476  -73.50398 0.0000e+00
     12.902    17.7739    32.3008  1023.3179     2.4495     5.2278     95.360   -0.00095    5.48224    5.47402      8.374     0.6878   10.04839   4.251528 -1.067e+03    23.2610    23.2605 1.0000e-12     13.000          1        967    1512.27 4.0075e+00  49692.884     40.263 1603167064       0.02      0.449   39.71476  -73.50398 0.0000e+00
     13.900    17.7740    32.3009  1023.3223     2.4495     5.2301     95.405   -0.00047    5.48200    5.47377      8.374     0.7239   10.04798   4.251595 2.5320e-11    23.2610    23.2605 1.0000e-12     14.000          1       1039    1512.29 3.9495e+00  49693.429     43.265 1603167067       0.52      0.691   39.71476  -73.50400 0.0000e+00
     14.888    17.7765    32.3008  1023.3261     2.4497     5.2332     95.450   -0.00003    5.48267    5.47445      8.374     0.7165   10.04911   4.251880 2.5320e-11    23.2605    23.2599 1.0000e-12     15.000          1       1100    1512.31 3.9495e+00  49693.694     45.776 1603167069      -0.11      0.436   39.71476  -73.50399 0.0000e+00
     15.870    17.7711    32.3014  1023.3322     2.4397     5.1960     94.712   -0.00480    5.48614    5.47795      8.370     0.6932   10.05486   4.251413 2.5320e-11    23.2622    23.2616 1.0000e-12     16.000          1       1199    1512.31 3.9495e+00  49695.302     49.923 1603167073       0.17      0.195   39.71476  -73.50399 0.0000e+00
     16.872    17.7486    32.3013  1023.3402     2.4303     5.1667     94.199   -0.00570    5.48484    5.47663      8.369     0.7457   10.05269   4.248784 2.5320e-11    23.2676    23.2669 1.0000e-12     17.000          1       1231    1512.26 3.9495e+00  49697.133     51.231 1603167075       0.10      0.627   39.71476  -73.50400 0.0000e+00
     17.861    17.7475    32.3009  1023.3465     2.4286     5.1792     94.420   -0.00079    5.48523    5.47703      8.363     0.7128   10.05335   4.249262 2.5320e-11    23.2676    23.2669 1.0000e-12     18.000          1       1307    1512.28 3.9495e+00  49697.324     54.411 1603167078       0.00      0.271   39.71476  -73.50400 0.0000e+00
     18.856    17.7456    32.3022  1023.3522     2.4261     5.1708     94.280   -0.00137    5.48447    5.47627 -9.990e-29     0.7083   10.05203   4.249290 2.5320e-11    23.2691    23.2683 1.0000e-12     19.000          1       1375    1512.29 3.9495e+00  49699.685     57.266 1603167081       0.00      0.439   39.71476  -73.50400 0.0000e+00
     19.846    17.7505    32.3059  1023.3583     2.4253     5.1731     94.329   -0.00002    5.48410    5.47590 -9.990e-29     0.7140   10.05140   4.250288 2.5320e-11    23.2708    23.2700 1.0000e-12     20.000          1       1435    1512.32 3.9495e+00  49704.947     59.769 1603167083       0.08      0.402   39.71476  -73.50400 0.0000e+00
     20.837    17.7558    32.3088  1023.3636     2.4255     5.1743     94.358    0.00009    5.48366    5.47546 -9.990e-29     0.7041   10.05065   4.251138 3.3454e-11    23.2718    23.2710 1.0000e-12     21.000          1       1506    1512.36 3.3151e+00  49709.089     62.728 1603167086      -0.07      0.301   39.71476  -73.50400 0.0000e+00
     21.833    17.7585    32.3099  1023.3682     2.4238     5.1669     94.228   -0.00085    5.48335    5.47514 -9.990e-29     0.6547   10.05011   4.251569 2.6424e-11    23.2720    23.2711 1.0000e-12     22.000          1       1571    1512.39 3.8634e+00  49710.862     65.437 1603167089      -0.03      0.395   39.71476  -73.50400 0.0000e+00
     22.818    17.7610    32.3119  1023.3735     2.4214     5.1621     94.145   -0.00062    5.48311    5.47490      8.369     0.5732   10.04965   4.252103 2.5292e-11    23.2729    23.2720 1.0000e-12     23.000          1       1643    1512.41 3.9517e+00  49713.877     68.399 1603167092       0.19      0.304   39.71476  -73.50400 0.0000e+00
     23.818    17.7622    32.3148  1023.3799     2.4193     5.1553     94.022   -0.00107    5.48310    5.47489      8.369     0.5875   10.04962   4.252587 2.5320e-11    23.2750    23.2740 1.0000e-12     24.000          1       1684    1512.44 3.9495e+00  49718.336     70.132 1603167094      -0.05      0.544   39.71476  -73.50400 0.0000e+00
     24.807    17.7615    32.3197  1023.3882     2.4134     5.1382     93.708   -0.00175    5.48323    5.47503      8.369     0.5512   10.04980   4.253112 2.5320e-11    23.2789    23.2779 1.0000e-12     25.000          1       1756    1512.46 3.9495e+00  49725.594     73.138 1603167097      -0.03      0.301   39.71476  -73.50400 0.0000e+00
     25.797    17.7593    32.3221  1023.3950     2.4097     5.1295     93.549   -0.00165    5.48326    5.47505      8.368     0.5339   10.04983   4.253241 2.5320e-11    23.2814    23.2803 1.0000e-12     26.000          1       1821    1512.47 3.9495e+00  49729.632     75.836 1603167099       0.14      0.391   39.71476  -73.50400 0.0000e+00
     26.795    17.7583    32.3244  1023.4014     2.4078     5.1285     93.503   -0.00105    5.48485    5.47666      8.367     0.5610   10.05241   4.253447 2.5320e-11    23.2834    23.2823 1.0000e-12     27.000          1       1865    1512.48 3.9495e+00  49733.288     77.669 1603167101      -0.06      0.524   39.71477  -73.50400 0.0000e+00
     27.778    17.7506    32.3293  1023.4114     2.3930     5.0784     92.461   -0.00689    5.49249    5.48438      8.361     0.4434   10.06479   4.253241 2.5320e-11    23.2890    23.2879 1.0000e-12     28.000          1       1938    1512.48 3.9495e+00  49741.008     80.709 1603167104       0.08      0.238   39.71478  -73.50400 0.0000e+00
     28.778    17.6939    32.3440  1023.4407     2.3542     4.9433     89.916   -0.01825    5.49768    5.48964      8.350     0.3868   10.07296   4.249552 2.5320e-11    23.3139    23.3127 1.0000e-12     29.000          1       1984    1512.35 3.9495e+00  49765.722     82.608 1603167106      -0.06      0.491   39.71478  -73.50400 0.0000e+00
     29.769    17.6001    32.3997  1023.5103     2.2909     4.7789     86.610   -0.02242    5.51791    5.51008      8.336     0.3394   10.10602   4.247200 3.2845e-11    23.3790    23.3778 1.0000e-12     30.000          1       2051    1512.15 3.3626e+00  49849.842     85.429 1603167109       0.01      0.321   39.71478  -73.50402 0.0000e+00
     30.759    17.4346    32.4590  1023.5995     2.2077     4.5485     81.843   -0.03473    5.55761    5.55018      8.320     0.3408   10.17131   4.237938 5.0974e-11    23.4638    23.4626 1.0000e-12     31.000          1       2122    1511.74 1.9486e+00  49944.042     88.386 1603167112       0.36      0.369   39.71478  -73.50402 0.0000e+00
     31.754    17.1089    32.5086  1023.7188     2.1032     4.2772     76.033   -0.04628    5.62681    5.62008      8.284     0.3200   10.28591   4.212433 2.7186e-11    23.5786    23.5774 1.0000e-12     32.000          1       2175    1510.84 3.8040e+00  50037.679     90.573 1603167114      -0.11      0.424   39.71478  -73.50402 0.0000e+00
     32.744    16.5241    32.5380  1023.8814     1.9379     3.7426     66.141   -0.07506    5.65830    5.65189      8.246     0.2715   10.33790   4.157323 2.5304e-11    23.7365    23.7353 1.0000e-12     33.000          1       2235    1509.11 3.9507e+00  50126.232     93.076 1603167117       0.30      0.418   39.71478  -73.50402 0.0000e+00
     33.741    15.9088    32.5905  1024.0663     1.8369     3.6103     63.320   -0.04208    5.70244    5.69650      8.229     0.2379   10.41106   4.107880 2.5320e-11    23.9166    23.9154 1.0000e-12     34.000          1       2312    1507.29 3.9495e+00  50253.084     96.285 1603167120       0.22      0.468   39.71478  -73.50402 0.0000e+00
     34.732    15.5704    32.6158  1024.1655     1.7640     3.4566     60.190   -0.03540    5.74283    5.73731      8.203     0.2096   10.47788   4.079384 2.5320e-11    24.0112    24.0100 1.0000e-12     35.000          1       2377    1506.28 3.9495e+00  50320.625     99.011 1603167122       0.32      0.707   39.71478  -73.50402 0.0000e+00
     35.727    15.3574    32.6240  1024.2232     1.7185     3.3583     58.483   -0.02756    5.74238    5.73686      8.204     0.2047   10.47715   4.061280 4.1581e-11    24.0643    24.0631 1.0000e-12     36.000          1       2421    1505.64 3.9495e+00  50353.130    100.815 1603167124      -0.13      0.614   39.71478  -73.50402 0.0000e+00
     36.711    15.1773    32.6135  1024.2589     1.6585     3.2818     56.622   -0.01197    5.79592    5.79098      8.187     0.1923   10.56590   4.044387 2.4068e-11    24.0955    24.0943 1.0000e-12     37.000          1       2590    1505.07 3.9495e+00  50357.267    107.880 1603167131       0.11      0.337   39.71480  -73.50404 0.0000e+00
     37.709    14.8895    32.6311  1024.3392     1.6476     3.2632     56.351   -0.00795    5.79093    5.78593      8.188     0.1772   10.55763   4.019993 2.5578e-11    24.1712    24.1700 1.0000e-12     38.000          1       2624    1504.19 3.9294e+00  50411.797    109.284 1603167133       0.19      0.581   39.71480  -73.50404 0.0000e+00
     38.715    14.8163    32.6315  1024.3598     1.6424     3.2854     56.795    0.00256    5.78458    5.77951      8.194     0.1699   10.54724   4.014813 3.1527e-11    24.1872    24.1860 1.0000e-12     39.000          1       2832    1503.98 3.4654e+00  50420.669    117.977 1603167141      -0.40      0.421   39.71480  -73.50404 0.0000e+00
     37.703    14.8656    32.6260  1024.3404     1.6408     3.2700     56.509   -0.00058    5.78666    5.78162      8.195     0.1794   10.55068   4.019111 2.5437e-11    24.1724    24.1712 1.0000e-12     38.000          1       2898    1504.11 3.9404e+00  50407.150    120.725 1603167144      -0.47     -0.506   39.71480  -73.50404 0.0000e+00
     36.704    14.9639    32.6142  1024.3056     1.6455     3.2838     56.976    0.00330    5.76369    5.75839      8.197     0.1763   10.51264   4.028484 2.5320e-11    24.1421    24.1410 1.0000e-12     37.000          1       3734    1504.39 3.9495e+00  50380.115    155.539 1603167179      -0.13     -0.720   39.71482  -73.50407 0.0000e+00
     35.714    15.2465    32.6026  1024.2309     1.6804     3.3873     59.184    0.01168    5.72371    5.71798      8.209     0.1832   10.44649   4.053106 2.5320e-11    24.0720    24.0709 1.0000e-12     36.000          1       4395    1505.26 3.9495e+00  50334.176    183.092 1603167207      -0.22     -0.604   39.71484  -73.50410 0.0000e+00
     34.727    15.4408    32.6011  1024.1828     1.7260     3.5195     61.944    0.02087    5.68199    5.67581      8.224     0.1901   10.37756   4.071416 2.5320e-11    24.0284    24.0273 1.0000e-12     35.000          1       4458    1505.85 3.9495e+00  50312.858    185.691 1603167209      -0.07     -0.647   39.71484  -73.50410 0.0000e+00
     33.737    15.7465    32.5697  1024.0864     1.7822     3.6512     64.761    0.02317    5.63855    5.63191      8.241     0.2092   10.30577   4.096694 2.5320e-11    23.9366    23.9355 1.0000e-12     34.000          1       4516    1506.76 3.9495e+00  50239.589    188.131 1603167212       0.12     -0.409   39.71484  -73.50410 0.0000e+00
     32.743    16.1885    32.5279  1023.9504     1.8809     3.9301     70.340    0.03696    5.58808    5.58093      8.270     0.2648   10.22208   4.134495 2.5320e-11    23.8053    23.8041 1.0000e-12     33.000          1       4586    1508.07 3.9495e+00  50141.447    191.040 1603167214      -0.11     -0.370   39.71484  -73.50410 0.0000e+00
     31.760    16.8982    32.4997  1023.7616     2.0472     4.3318     78.463    0.03986    5.52046    5.51264      8.315     0.2850   10.11046   4.196982 2.5320e-11    23.6212    23.6200 1.0000e-12     32.000          1       4690    1510.19 3.9495e+00  50041.541    195.357 1603167219      -0.34     -0.241   39.71486  -73.50411 0.0000e+00
     30.756    17.1080    32.4777  1023.6910     2.1131     4.5277     82.185    0.04906    5.50922    5.50127      8.321     0.3237   10.09240   4.214780 2.5320e-11    23.5551    23.5539 1.0000e-12     31.000          1       4720    1510.78 3.9495e+00  49995.008    196.621 1603167220      -0.11     -0.667   39.71486  -73.50410 0.0000e+00
