CalculateIndicators/WaterTemperature/Data/CTD_NYOS/20201022_C18.cnv
* Sea-Bird SBE 9 Data File:
* FileName = C:\Seabird 9 CTD\Data\2020\202010_offshore\20201022_C18.hex
* Software Version Seasave V 7.23.2
* Temperature SN = 4590
* Conductivity SN = 3228
* Number of Bytes Per Scan = 44
* Number of Voltage Words = 5
* Number of Scans Averaged by the Deck Unit = 1
* NMEA Latitude = 39 38.51 N
* NMEA Longitude = 072 47.12 W
* NMEA UTC (Time) = Oct 22 2020  00:40:30
* NMEA baud rate = 4800
** Ship: seawolf
** Station: 5.4
** Operator: EIH
# nquan = 31
# nvalues = 119                         
# units = specified
# name 0 = depSM: Depth [salt water, m]
# name 1 = t090C: Temperature [ITS-90, deg C]
# name 2 = sal00: Salinity, Practical [PSU]
# name 3 = density00: Density [density, kg/m^3]
# name 4 = sbeox0V: Oxygen raw, SBE 43 [V]
# name 5 = sbeox0ML/L: Oxygen, SBE 43 [ml/l]
# name 6 = sbeox0PS: Oxygen, SBE 43 [% saturation]
# name 7 = sbox0dV/dT: Oxygen, SBE 43 [dov/dt]
# name 8 = oxsolML/L: Oxygen Saturation, Garcia & Gordon [ml/l]
# name 9 = oxsatML/L: Oxygen Saturation, Weiss [ml/l]
# name 10 = ph: pH
# name 11 = flECO-AFL: Fluorescence, WET Labs ECO-AFL/FL [mg/m^3]
# name 12 = n2satML/L: Nitrogen Saturation [ml/l]
# name 13 = c0S/m: Conductivity [S/m]
# name 14 = cpar: CPAR/Corrected Irradiance [%]
# name 15 = sigma-é00: Density [sigma-theta, kg/m^3]
# name 16 = sigma-t00: Density [sigma-t, kg/m^3 ]
# name 17 = par: PAR/Irradiance, Biospherical/Licor
# name 18 = prDM: Pressure, Digiquartz [db]
# name 19 = pumps: Pump Status
# name 20 = scan: Scan Count
# name 21 = svCM: Sound Velocity [Chen-Millero, m/s]
# name 22 = spar: SPAR, Biospherical/Licor
# name 23 = specc: Specific Conductance [uS/cm]
# name 24 = timeS: Time, Elapsed [seconds]
# name 25 = timeY: Time, System [seconds]
# name 26 = accM: Acceleration [m/s^2]
# name 27 = dz/dtM: Descent Rate [m/s]
# name 28 = latitude: Latitude [deg]
# name 29 = longitude: Longitude [deg]
# name 30 = flag: flag
# span 0 =      1.981,     60.530       
# span 1 =    14.1417,    18.5224       
# span 2 =    33.3266,    34.1520       
# span 3 =  1023.8914,  1025.5448       
# span 4 =     1.8311,     2.5108       
# span 5 =     3.8541,     5.2907       
# span 6 =     66.100,     98.133       
# span 7 =   -0.05940,    0.03010       
# span 8 =    5.34776,    5.83133       
# span 9 =    5.33914,    5.82753       
# span 10 =      8.256,      8.444      
# span 11 =     0.1616,     0.5068      
# span 12 =    9.80574,   10.61122      
# span 13 =   4.086733,   4.543581      
# span 14 = -6.768e+03, 1.1287e+05      
# span 15 =    23.8827,    25.2748      
# span 16 =    23.8826,    25.2729      
# span 17 = -9.552e-03, 1.1984e-01      
# span 18 =      2.000,     61.000      
# span 19 =          1,          1      
# span 20 =         29,      13534      
# span 21 =    1503.60,    1517.08      
# span 22 = -2.542e-01, 4.3424e+00      
# span 23 =  51052.447,  52201.814      
# span 24 =      1.153,    563.885      
# span 25 = 1603327233, 1603327795      
# span 26 =      -0.40,       0.44      
# span 27 =     -0.832,      0.848      
# span 28 =   39.64168,   39.64190      
# span 29 =  -72.78630,  -72.78543      
# span 30 = 0.0000e+00, 0.0000e+00      
# interval = decibars: 1                
# start_time = Oct 22 2020 00:40:31 [System UTC, first data scan.]
# bad_flag = -9.990e-29
*END*
[from data line 47]
     48.618    16.4590    33.8392  1024.9663     2.1738     4.5442     81.024   -0.02459    5.60839    5.60211      8.309     0.2234   10.24193   4.301529 5.0640e-11    24.7515    24.7497 1.0000e-12     49.000          1       2923    1510.67 1.9747e+00  51930.354    121.732 1603327353      -0.03      0.613   39.64186  -72.78566 0.0000e+00
     49.616    16.2122    33.8162  1025.0100     2.1496     4.5600     80.504   -0.01499    5.66461    5.65893      8.300     0.2456   10.33517   4.275884 2.5643e+03    24.7905    24.7887 1.0000e-12     50.000          1       2966    1509.91 1.9241e+00  51922.101    123.531 1603327355      -0.13      0.560   39.64186  -72.78566 0.0000e+00
     50.596    15.8889    33.8092  1025.0825     2.0598     4.3135     74.425   -0.04073    5.79519    5.79094      8.291     0.2430   10.55178   4.242019 1.1287e+05    24.8584    24.8566 1.0000e-12     51.000          1       3034    1508.92 -2.542e-01  51943.518    126.382 1603327358       0.23      0.230   39.64186  -72.78568 0.0000e+00
     51.600    15.1038    33.8235  1025.2729     1.9783     4.0135     69.133   -0.05940    5.80554    5.80141      8.270     0.2872   10.56910   4.166474 7.4734e+04    25.0437    25.0420 1.0000e-12     52.000          1       3064    1506.49 4.9892e-01  52044.105    127.639 1603327359       0.14      0.693   39.64186  -72.78568 0.0000e+00
     52.589    14.5531    33.8097  1025.3864     1.9195     3.9273     67.631   -0.03959    5.80690    5.80278      8.263     0.2716   10.57142   4.113867 1.3324e+02    25.1522    25.1506 1.0000e-12     53.000          1       3103    1504.74 1.9721e+00  52086.155    129.268 1603327361      -0.09      0.630   39.64186  -72.78568 0.0000e+00
     53.581    14.3827    33.7959  1025.4167     1.8938     3.9551     68.098   -0.01486    5.80796    5.80385      8.262     0.2873   10.57320   4.098555 5.0640e-11    25.1779    25.1762 1.0000e-12     54.000          1       3147    1504.19 1.9747e+00  52087.160    131.094 1603327362      -0.04      0.552   39.64186  -72.78568 0.0000e+00
     54.574    14.3743    33.7899  1025.4183     1.8826     3.9660     68.216   -0.00551    5.81390    5.80986      8.258     0.2624   10.58296   4.098271 5.0640e-11    25.1750    25.1734 1.0000e-12     55.000          1       3196    1504.18 1.9747e+00  52080.380    133.141 1603327364      -0.04      0.491   39.64186  -72.78568 0.0000e+00
     55.560    14.3490    33.7923  1025.4300     1.8745     3.9516     67.934   -0.00401    5.81684    5.81284      8.256     0.2644   10.58778   4.096784 4.9895e+04    25.1823    25.1806 1.0000e-12     56.000          1       3245    1504.11 9.8942e-01  52087.367    135.169 1603327367       0.13      0.466   39.64186  -72.78570 0.0000e+00
     56.562    14.3055    33.7994  1025.4491     1.8711     3.9506     67.872   -0.00264    5.82058    5.81661      8.261     0.2913   10.59402   4.093966 9.6903e+04    25.1970    25.1952 1.0000e-12     57.000          1       3280    1504.00 6.1138e-02  52102.694    136.612 1603327368       0.01      0.675   39.64186  -72.78570 0.0000e+00
     57.549    14.2733    33.7990  1025.4601     1.8659     3.9373     67.651   -0.00224    5.82011    5.81615      8.270     0.2949   10.59306   4.091374 9.1729e+04    25.2035    25.2018 1.0000e-12     58.000          1       3336    1503.91 1.6331e-01  52106.575    138.952 1603327370      -0.07      0.403   39.64186  -72.78570 0.0000e+00
     58.542    14.2547    33.8126  1025.4790     1.8571     3.9127     67.136   -0.00359    5.82801    5.82416      8.277     0.2549   10.60581   4.091756 -1.393e+03    25.2180    25.2162 1.0000e-12     59.000          1       3404    1503.88 2.0022e+00  52128.098    141.772 1603327373      -0.03      0.338   39.64186  -72.78570 0.0000e+00
     59.534    14.1770    33.8469  1025.5263     1.8423     3.8720     66.400   -0.00385    5.83133    5.82753      8.280     0.2210   10.61122   4.088353 6.5940e+04    25.2608    25.2590 1.0000e-12     60.000          1       3487    1503.69 6.7257e-01  52185.314    145.244 1603327377      -0.02      0.272   39.64186  -72.78570 0.0000e+00
     60.530    14.1417    33.8553  1025.5448     1.8311     3.8541     66.100   -0.00029    5.83069    5.82687      8.287     0.1988   10.61021   4.086733 1.2964e+04    25.2748    25.2729 1.0000e-12     61.000          1       4260    1503.60 3.0611e+00  52201.814    177.467 1603327409      -0.04      0.087   39.64185  -72.78574 0.0000e+00
     59.532    14.1553    33.8485  1025.5322     1.8336     3.8644     66.301    0.00100    5.82857    5.82472      8.293     0.1787   10.60684   4.087380 2.0283e+03    25.2666    25.2648 1.0000e-12     60.000          1       4876    1503.62 3.8246e+00  52190.202    203.117 1603327434       0.04     -0.309   39.64184  -72.78578 0.0000e+00
     58.548    14.1898    33.8328  1025.5083     1.8441     3.8992     66.995    0.00390    5.82018    5.81621      8.303     0.2289   10.59340   4.089161 2.5320e-11    25.2472    25.2455 1.0000e-12     59.000          1       5053    1503.70 3.9495e+00  52163.801    210.495 1603327442      -0.26     -0.222   39.64184  -72.78580 0.0000e+00
     57.546    14.2406    33.8040  1025.4709     1.8526     3.9259     67.462    0.00463    5.81939    5.81541      8.303     0.2483   10.59208   4.090844 2.5747e-11    25.2143    25.2125 1.0000e-12     58.000          1       5095    1503.81 3.9495e+00  52117.412    212.244 1603327444      -0.05     -0.505   39.64184  -72.78580 0.0000e+00
     56.558    14.2915    33.7918  1025.4463     1.8627     3.9385     67.839    0.00342    5.80561    5.80146      8.306     0.2602   10.56944   4.094470 2.5317e-11    25.1941    25.1924 1.0000e-12     57.000          1       5190    1503.94 3.9495e+00  52093.928    216.189 1603327448      -0.29     -0.318   39.64184  -72.78580 0.0000e+00
     55.568    14.3599    33.7811  1025.4190     1.8711     3.9672     68.328    0.00463    5.80610    5.80195      8.308     0.3010   10.57024   4.100069 2.5320e-11    25.1714    25.1696 1.0000e-12     56.000          1       5235    1504.14 3.9495e+00  52070.521    218.073 1603327449       0.02     -0.531   39.64184  -72.78580 0.0000e+00
     54.571    14.3886    33.7795  1025.4072     1.8748     3.9706     68.376    0.00270    5.80698    5.80284      8.305     0.2763   10.57170   4.102089 2.6022e-11    25.1640    25.1623 1.0000e-12     55.000          1       5271    1504.21 3.9495e+00  52064.394    219.578 1603327451      -0.12     -0.645   39.64184  -72.78582 0.0000e+00
     53.580    14.3871    33.7780  1025.4019     1.8755     3.9609     68.243    0.00047    5.80411    5.79995      8.307     0.2885   10.56691   4.101703 2.6334e-11    25.1631    25.1615 1.0000e-12     54.000          1       5346    1504.19 3.9495e+00  52062.005    222.709 1603327454      -0.04     -0.431   39.64184  -72.78582 0.0000e+00
     52.587    14.3853    33.7744  1025.3951     1.8773     3.9585     68.312    0.00055    5.79471    5.79044      8.307     0.2919   10.55135   4.101100 2.5323e-11    25.1608    25.1591 1.0000e-12     53.000          1       5423    1504.16 3.9495e+00  52056.651    225.929 1603327457      -0.39     -0.646   39.64184  -72.78582 0.0000e+00
     51.592    14.4273    33.7776  1025.3841     1.8831     3.9808     68.773    0.00323    5.78830    5.78396      8.308     0.2872   10.54059   4.105994 2.5320e-11    25.1542    25.1526 1.0000e-12     52.000          1       5461    1504.28 3.9495e+00  52055.507    227.484 1603327459       0.14     -0.685   39.64184  -72.78582 0.0000e+00
     50.606    14.6812    33.7843  1025.3302     1.9146     4.0643     70.851    0.01210    5.73624    5.73134      8.321     0.3714   10.45396   4.131214 4.6650e+04    25.1049    25.1033 1.0000e-12     51.000          1       5543    1505.08 2.0598e+00  52035.709    230.906 1603327462       0.01     -0.210   39.64184  -72.78582 0.0000e+00
     49.612    14.7921    33.8074  1025.3199     1.9553     4.1266     72.848    0.01379    5.66469    5.65899      8.329     0.3098   10.33576   4.144094 9.8791e+04    25.0992    25.0976 1.0000e-12     50.000          1       5604    1505.45 4.1484e-02  52054.419    233.453 1603327465      -0.10     -0.458   39.64184  -72.78582 0.0000e+00
     48.620    15.4213    33.8039  1025.1742     2.0292     4.3592     77.380    0.02881    5.63368    5.62763      8.339     0.3065   10.28457   4.206570 5.7368e+03    24.9585    24.9568 1.0000e-12     49.000          1       5662    1507.42 3.5708e+00  51982.199    235.893 1603327467       0.07     -0.400   39.64184  -72.78582 0.0000e+00
     47.631    15.8707    33.7420  1025.0219     2.0909     4.4370     79.778    0.02118    5.56193    5.55519      8.359     0.2955   10.16437   4.242317 2.3514e+04    24.8109    24.8092 1.0000e-12     48.000          1       5729    1508.73 2.9442e+00  51851.380    238.671 1603327470      -0.12     -0.357   39.64184  -72.78584 0.0000e+00
     46.634    16.2461    33.7979  1024.9746     2.1478     4.6097     83.088    0.03010    5.54811    5.54124      8.366     0.2728   10.14147   4.285988 9.7405e+04    24.7684    24.7667 1.0000e-12     47.000          1       5775    1509.94 9.9753e-02  51892.567    240.575 1603327472       0.01     -0.518   39.64184  -72.78584 0.0000e+00
     45.644    17.1310    33.9090  1024.8485     2.2274     4.7452     86.133    0.01767    5.50954    5.50233      8.374     0.2366   10.07647   4.385048 3.6183e+04    24.6474    24.6456 1.0000e-12     46.000          1       5885    1512.73 2.2979e+00  51966.702    245.153 1603327476      -0.15     -0.240   39.64184  -72.78585 0.0000e+00
     44.646    17.9817    34.0617  1024.7541     2.3250     4.8240     89.683    0.00018    5.38030    5.37194      8.366     0.2176    9.86041   4.480521 2.4518e+04    24.5580    24.5562 1.0000e-12     45.000          1       6447    1515.40 2.7323e+00  52112.076    268.593 1603327500      -0.02     -0.427   39.64183  -72.78588 0.0000e+00
     43.662    18.5224    34.1505  1024.6857     2.3956     4.9891     93.192    0.00243    5.35337    5.34478      8.354     0.2121    9.81538   4.543581 -2.493e+03    24.4944    24.4925 1.0000e-12     44.000          1       7393    1517.08 4.0745e+00  52192.491    307.986 1603327539       0.02     -0.216   39.64180  -72.78592 0.0000e+00
     42.665    18.4587    34.1317  1024.6825     2.4130     5.0796     94.514    0.01052    5.37446    5.36602      8.366     0.1962    9.85139   4.534612 2.5827e-11    24.4956    24.4937 1.0000e-12     43.000          1       7378    1516.85 3.9495e+00  52170.841    307.378 1603327539      -0.13     -0.488   39.64180  -72.78592 0.0000e+00
     41.675    18.2916    34.0348  1024.6457     2.4407     5.1469     95.645    0.00674    5.38127    5.37288      8.369     0.2354    9.86287   4.506163 2.6044e-11    24.4629    24.4611 1.0000e-12     42.000          1       7458    1516.24 3.9495e+00  52049.674    310.715 1603327542       0.07     -0.275   39.64180  -72.78593 0.0000e+00
     40.683    18.1955    33.9940  1024.6339     2.4458     5.1540     95.581    0.00133    5.39229    5.38398      8.371     0.2442    9.88176   4.492075 2.6354e-11    24.4554    24.4536 1.0000e-12     41.000          1       7543    1515.90 3.9495e+00  52000.128    314.253 1603327546      -0.02     -0.321   39.64180  -72.78594 0.0000e+00
     39.696    18.1294    33.9505  1024.6125     2.4461     5.1551     95.488   -0.00036    5.39872    5.39045      8.369     0.2834    9.89280   4.480185 2.7257e-11    24.4383    24.4366 1.0000e-12     40.000          1       7617    1515.64 3.9495e+00  51944.649    317.318 1603327549      -0.06     -0.304   39.64180  -72.78594 0.0000e+00
     38.698    18.0837    33.9208  1024.5966     2.4450     5.1519     95.414   -0.00059    5.39954    5.39127      8.370     0.3001    9.89424   4.472597 2.6892e-11    24.4268    24.4251 1.0000e-12     39.000          1       7677    1515.46 3.9495e+00  51906.968    319.820 1603327551       0.07     -0.338   39.64180  -72.78594 0.0000e+00
     37.709    18.0627    33.9022  1024.5831     2.4469     5.1642     95.623    0.00174    5.40057    5.39230 -9.990e-29     0.3107    9.89616   4.468540 2.5244e-11    24.4176    24.4160 1.0000e-12     38.000          1       7770    1515.36 3.9495e+00  51882.478    323.707 1603327555      -0.13     -0.278   39.64180  -72.78596 0.0000e+00
     36.716    18.0634    33.8956  1024.5735     2.4496     5.1695     95.715    0.00112    5.40091    5.39264 -9.990e-29     0.3045    9.89679   4.467786 2.7825e-11    24.4123    24.4108 1.0000e-12     37.000          1       7818    1515.33 3.9495e+00  51872.988    325.696 1603327557      -0.09     -0.494   39.64180  -72.78596 0.0000e+00
     35.720    18.0645    33.8807  1024.5574     2.4500     5.1653     95.650   -0.00011    5.40024    5.39196 -9.990e-29     0.3197    9.89579   4.466163 3.2438e-11    24.4006    24.3991 1.0000e-12     36.000          1       7887    1515.30 3.6055e+00  51851.969    328.567 1603327560      -0.08     -0.417   39.64179  -72.78596 0.0000e+00
     34.735    18.0715    33.8637  1024.5384     2.4477     5.1552     95.467   -0.00091    5.40001    5.39171 -9.990e-29     0.3511    9.89585   4.464925 6.5598e+04    24.3859    24.3844 1.0000e-12     35.000          1       7973    1515.29 6.4621e-01  51827.700    332.175 1603327564      -0.40     -0.491   39.64178  -72.78596 0.0000e+00
     33.732    18.0811    33.8436  1024.5162     2.4430     5.1352     95.094   -0.00346    5.40009    5.39180 -9.990e-29     0.3299    9.89575   4.463407 9.8703e+04    24.3681    24.3666 1.0000e-12     34.000          1       7999    1515.28 2.5599e-02  51799.117    333.269 1603327565      -0.15     -0.832   39.64178  -72.78598 0.0000e+00
     32.742    18.0861    33.8306  1024.5006     2.4403     5.1307     95.012   -0.00235    5.40009    5.39179      8.387     0.4041    9.89586   4.462371 5.2539e+03    24.3569    24.3555 1.0000e-12     33.000          1       8080    1515.26 3.4807e+00  51780.410    336.623 1603327568      -0.11     -0.461   39.64178  -72.78598 0.0000e+00
     31.750    18.0883    33.8252  1024.4916     2.4396     5.1333     95.060   -0.00057    5.40008    5.39178      8.390     0.4346    9.89607   4.462001 5.0637e+02    24.3522    24.3509 1.0000e-12     32.000          1       8146    1515.24 3.9197e+00  51772.494    339.393 1603327571      -0.08     -0.647   39.64178  -72.78598 0.0000e+00
     30.760    18.0897    33.8202  1024.4830     2.4385     5.1306     95.006   -0.00054    5.40034    5.39204      8.388     0.4348    9.89662   4.461511 2.7791e-11    24.3480    24.3467 1.0000e-12     31.000          1       8192    1515.23 3.8176e+00  51765.055    341.304 1603327573       0.05     -0.543   39.64178  -72.78598 0.0000e+00
     29.770    18.0917    33.8056  1024.4670     2.4368     5.1264     94.931   -0.00015    5.40011    5.39180      8.386     0.5068    9.89627   4.459956 3.3669e+04    24.3363    24.3350 1.0000e-12     30.000          1       8273    1515.20 2.0158e+00  51744.382    344.672 1603327576       0.02     -0.235   39.64178  -72.78598 0.0000e+00
     28.777    18.0921    33.8049  1024.4619     2.4418     5.1402     95.282    0.00217    5.39479    5.38641      8.386     0.4273    9.88789   4.459868 -9.990e-29    24.3356    24.3344 1.0000e-12     29.000          1       8336    1515.18 3.5071e+00  51742.939    347.298 1603327579      -0.05     -0.460   39.64178  -72.78600 0.0000e+00
     27.785    18.1254    33.7799  1024.4302     2.4462     5.1522     95.490    0.00222    5.39558    5.38722 -9.990e-29     0.3907    9.88913   4.460271 -9.990e-29    24.3082    24.3070 1.0000e-12     28.000          1       8380    1515.24 3.2212e+00  51705.804    349.131 1603327580      -0.09     -0.536   39.64178  -72.78600 0.0000e+00
