CalculateIndicators/WaterTemperature/Data/CTD_NYOS/20201022_C20.cnv
* Sea-Bird SBE 9 Data File:
* FileName = C:\Seabird 9 CTD\Data\2020\202010_offshore\20201022_C20.hex
* Software Version Seasave V 7.23.2
* Temperature SN = 4590
* Conductivity SN = 3228
* Number of Bytes Per Scan = 44
* Number of Voltage Words = 5
* Number of Scans Averaged by the Deck Unit = 1
* NMEA Latitude = 39 01.16 N
* NMEA Longitude = 072 33.19 W
* NMEA UTC (Time) = Oct 22 2020  06:37:04
* NMEA baud rate = 4800
** Ship: seawolf
** Station: 5.6
** Operator: EIH
# nquan = 31
# nvalues = 605                         
# units = specified
# name 0 = depSM: Depth [salt water, m]
# name 1 = t090C: Temperature [ITS-90, deg C]
# name 2 = sal00: Salinity, Practical [PSU]
# name 3 = density00: Density [density, kg/m^3]
# name 4 = sbeox0V: Oxygen raw, SBE 43 [V]
# name 5 = sbeox0ML/L: Oxygen, SBE 43 [ml/l]
# name 6 = sbeox0PS: Oxygen, SBE 43 [% saturation]
# name 7 = sbox0dV/dT: Oxygen, SBE 43 [dov/dt]
# name 8 = oxsolML/L: Oxygen Saturation, Garcia & Gordon [ml/l]
# name 9 = oxsatML/L: Oxygen Saturation, Weiss [ml/l]
# name 10 = ph: pH
# name 11 = flECO-AFL: Fluorescence, WET Labs ECO-AFL/FL [mg/m^3]
# name 12 = n2satML/L: Nitrogen Saturation [ml/l]
# name 13 = c0S/m: Conductivity [S/m]
# name 14 = cpar: CPAR/Corrected Irradiance [%]
# name 15 = sigma-é00: Density [sigma-theta, kg/m^3]
# name 16 = sigma-t00: Density [sigma-t, kg/m^3 ]
# name 17 = par: PAR/Irradiance, Biospherical/Licor
# name 18 = prDM: Pressure, Digiquartz [db]
# name 19 = pumps: Pump Status
# name 20 = scan: Scan Count
# name 21 = svCM: Sound Velocity [Chen-Millero, m/s]
# name 22 = spar: SPAR, Biospherical/Licor
# name 23 = specc: Specific Conductance [uS/cm]
# name 24 = timeS: Time, Elapsed [seconds]
# name 25 = timeY: Time, System [seconds]
# name 26 = accM: Acceleration [m/s^2]
# name 27 = dz/dtM: Descent Rate [m/s]
# name 28 = latitude: Latitude [deg]
# name 29 = longitude: Longitude [deg]
# name 30 = flag: flag
# span 0 =      0.950,    301.489       
# span 1 =     9.5968,    21.4702       
# span 2 =    34.6635,    35.9020       
# span 3 =  1024.4679,  1028.5808       
# span 4 =     1.3888,     2.4780       
# span 5 =     2.8937,     5.1381       
# span 6 =     46.076,     96.263       
# span 7 =   -0.02903,    0.04470       
# span 8 =    5.03378,    6.36010       
# span 9 =    5.02316,    6.36443       
# span 10 =      8.282,      8.723      
# span 11 =    -0.0883,     0.5421      
# span 12 =    9.27385,   11.47043      
# span 13 =   3.807793,   4.967865      
# span 14 = -1.007e+04, 1.0823e+05      
# span 15 =    24.4550,    27.2144      
# span 16 =    24.4548,    27.2086      
# span 17 = -1.127e-04, 5.2218e-01      
# span 18 =      1.000,    304.000      
# span 19 =          1,          1      
# span 20 =        181,      42960      
# span 21 =    1493.65,    1525.90      
# span 22 = -2.305e-01, 4.0559e+00      
# span 23 =  53079.339,  55028.382      
# span 24 =      7.479,   1789.967      
# span 25 = 1603348632, 1603350414      
# span 26 =      -0.50,       0.62      
# span 27 =     -1.082,      1.107      
# span 28 =   39.01940,   39.01946      
# span 29 =  -72.55330,  -72.55318      
# span 30 = 0.0000e+00, 0.0000e+00      
# interval = decibars: 1                
# start_time = Oct 22 2020 06:37:04 [System UTC, first data scan.]
# bad_flag = -9.990e-29
*END*
[from data line 422]
    181.532    13.3232    35.7378  1027.7135     1.6007     3.2719     55.858    0.00173    5.85755    5.85532      8.322    -0.0616   10.63388   4.214342 3.8281e-11    26.9041    26.8988 1.0000e-12    183.000          1      23168    1505.16 2.9386e+00  54973.231    965.296 1603349590       0.18     -0.431   39.01942  -72.55326 0.0000e+00
    180.544    13.3473    35.7414  1027.7069     1.6042     3.2765     55.974    0.00110    5.85353    5.85126      8.321    -0.0526   10.62719   4.216989 4.1285e-11    26.9020    26.8967 1.0000e-12    182.000          1      23239    1505.23 2.7044e+00  54974.168    968.256 1603349593      -0.24     -0.394   39.01942  -72.55326 0.0000e+00
    179.549    13.3671    35.7441  1027.7003     1.6052     3.2732     55.971    0.00057    5.84804    5.84570 -9.990e-29    -0.0685   10.61807   4.219146 4.4709e-11    26.8999    26.8946 1.0000e-12    181.000          1      23281    1505.28 2.4908e+00  54974.343    969.990 1603349594       0.03     -0.570   39.01942  -72.55326 0.0000e+00
    178.560    13.4008    35.7483  1027.6922     1.6055     3.2690     55.959    0.00030    5.84185    5.83944 -9.990e-29    -0.0653   10.60772   4.222955 -9.990e-29    26.8962    26.8910 1.0000e-12    180.000          1      23328    1505.38 2.4451e+00  54974.850    971.978 1603349596      -0.03     -0.490   39.01942  -72.55326 0.0000e+00
    177.565    13.4520    35.7527  1027.6803     1.5997     3.2394     55.470   -0.00229    5.83991    5.83748      8.319    -0.0535   10.60449   4.228580 9.9999e+04    26.8890    26.8838 1.0000e-12    179.000          1      23380    1505.54 2.2700e+00  54973.026    974.128 1603349599       0.03     -0.480   39.01942  -72.55326 0.0000e+00
    176.583    13.5008    35.7606  1027.6717     1.5884     3.2054     54.929   -0.00167    5.83554    5.83305      8.316    -0.0728   10.59723   4.233873 9.9999e+04    26.8850    26.8798 1.0000e-12    178.000          1      23484    1505.69 -1.333e-01  54976.224    978.460 1603349603      -0.45     -0.288   39.01942  -72.55326 0.0000e+00
    175.585    13.5041    35.7604  1027.6665     1.5871     3.2027     54.904   -0.00106    5.83336    5.83084      8.315    -0.0600   10.59359   4.234227 9.9999e+04    26.8842    26.8790 1.0000e-12    177.000          1      23509    1505.68 1.8098e+00  54975.010    979.489 1603349604      -0.25     -0.767   39.01942  -72.55326 0.0000e+00
    174.588    13.5183    35.7629  1027.6610     1.5806     3.1713     54.353   -0.00410    5.83466    5.83216      8.313    -0.0657   10.59573   4.235827 -9.990e-29    26.8831    26.8780 1.0000e-12    176.000          1      23535    1505.71 3.1225e+00  54975.806    980.591 1603349605      -0.03     -0.906   39.01942  -72.55326 0.0000e+00
    173.598    13.5491    35.7655  1027.6521     1.5683     3.1287     53.678   -0.00481    5.82872    5.82615      8.314    -0.0614   10.58589   4.239105 3.7216e-11    26.8788    26.8736 1.0000e-12    175.000          1      23601    1505.80 3.1384e+00  54974.555    983.317 1603349608       0.04     -0.508   39.01942  -72.55326 0.0000e+00
    172.609    13.5819    35.7666  1027.6416     1.5559     3.0977     53.188   -0.00288    5.82417    5.82154      8.310    -0.0575   10.57829   4.242559 3.5442e-11    26.8728    26.8676 1.0000e-12    174.000          1      23685    1505.90 3.1611e+00  54970.871    986.844 1603349611      -0.24     -0.522   39.01942  -72.55326 0.0000e+00
    171.619    13.6114    35.7725  1027.6354     1.5515     3.0840     52.968   -0.00281    5.82236    5.81972      8.307    -0.0669   10.57528   4.245937 3.3964e-11    26.8712    26.8660 1.0000e-12    173.000          1      23726    1505.98 3.2753e+00  54974.214    988.540 1603349613       0.05     -0.604   39.01942  -72.55326 0.0000e+00
    170.624    13.6244    35.7758  1027.6308     1.5495     3.0844     52.984   -0.00118    5.82129    5.81863      8.306    -0.0579   10.57348   4.247618 4.0604e-11    26.8710    26.8659 1.0000e-12    172.000          1      23779    1506.01 2.7574e+00  54976.437    990.756 1603349615       0.02     -0.456   39.01942  -72.55326 0.0000e+00
    169.641    13.6572    35.7795  1027.6223     1.5469     3.0736     52.833   -0.00125    5.81756    5.81486      8.306    -0.0560   10.56726   4.251080 2.8669e-11    26.8670    26.8619 1.0000e-12    171.000          1      23859    1506.11 3.6883e+00  54976.263    994.066 1603349619      -0.47     -0.323   39.01942  -72.55326 0.0000e+00
    168.637    13.6671    35.7815  1027.6173     1.5442     3.0610     52.632   -0.00215    5.81572    5.81299      8.306    -0.0664   10.56420   4.252204 3.2212e-11    26.8664    26.8614 1.0000e-12    170.000          1      23886    1506.13 3.4119e+00  54976.980    995.221 1603349620      -0.15     -0.775   39.01942  -72.55326 0.0000e+00
    167.650    13.6816    35.7834  1027.6113     1.5403     3.0507     52.462   -0.00175    5.81496    5.81223      8.306    -0.0627   10.56295   4.253820 3.7446e-11    26.8649    26.8598 1.0000e-12    169.000          1      23939    1506.16 3.0037e+00  54977.119    997.413 1603349622       0.17     -0.466   39.01942  -72.55326 0.0000e+00
    166.661    13.6980    35.7844  1027.6041     1.5375     3.0456     52.393   -0.00062    5.81293    5.81017 -9.990e-29    -0.0657   10.55954   4.255425 3.3534e-11    26.8622    26.8572 1.0000e-12    168.000          1      24014    1506.20 2.7337e+00  54975.596   1000.530 1603349625      -0.03     -0.318   39.01942  -72.55326 0.0000e+00
    165.671    13.7033    35.7870  1027.6006     1.5386     3.0496     52.521    0.00052    5.80633    5.80350 -9.990e-29    -0.0521   10.54851   4.256153 -9.990e-29    26.8631    26.8581 1.0000e-12    167.000          1      24064    1506.20 2.6703e+00  54977.916   1002.606 1603349627      -0.23     -0.483   39.01942  -72.55326 0.0000e+00
    164.672    13.7217    35.7897  1027.5943     1.5402     3.0542     52.644    0.00115    5.80154    5.79865 -9.990e-29    -0.0597   10.54056   4.258453 9.9999e+04    26.8613    26.8563 1.0000e-12    166.000          1      24099    1506.25 3.0940e-01  54978.436   1004.068 1603349628       0.03     -0.681   39.01942  -72.55326 0.0000e+00
    163.686    13.8052    35.7999  1027.5800     1.5406     3.0482     52.557   -0.00015    5.79978    5.79687      8.302    -0.0561   10.53764   4.267815 4.0675e+04    26.8516    26.8467 1.0000e-12    165.000          1      24176    1506.51 1.3408e+00  54980.407   1007.288 1603349632       0.07     -0.235   39.01942  -72.55326 0.0000e+00
    162.695    13.8176    35.8006  1027.5735     1.5409     3.0497     52.595    0.00036    5.79844    5.79552      8.303    -0.0529   10.53538   4.268931 -1.032e+03    26.8496    26.8446 1.0000e-12    164.000          1      24238    1506.54 2.3127e+00  54979.039   1009.875 1603349634      -0.16     -0.471   39.01942  -72.55326 0.0000e+00
    161.699    13.8295    35.8038  1027.5690     1.5410     3.0474     52.571    0.00006    5.79682    5.79388      8.304    -0.0569   10.53268   4.270418 4.0860e-11    26.8496    26.8446 1.0000e-12    163.000          1      24276    1506.57 2.7375e+00  54981.376   1011.448 1603349636      -0.03     -0.624   39.01942  -72.55326 0.0000e+00
    160.711    13.8338    35.8055  1027.5649     1.5414     3.0480     52.595    0.00023    5.79516    5.79220      8.304    -0.0587   10.52991   4.270961 4.4057e-11    26.8499    26.8450 1.0000e-12    162.000          1      24322    1506.56 2.4881e+00  54982.458   1013.377 1603349638       0.06     -0.513   39.01941  -72.55326 0.0000e+00
    159.714    13.8515    35.8077  1027.5585     1.5412     3.0457     52.564   -0.00005    5.79430    5.79133 -9.990e-29    -0.0629   10.52849   4.272906 4.4862e-11    26.8479    26.8430 1.0000e-12    161.000          1      24366    1506.61 2.4253e+00  54982.553   1015.229 1603349640       0.01     -0.549   39.01942  -72.55326 0.0000e+00
    158.733    13.8677    35.8095  1027.5520     1.5411     3.0419     52.545   -0.00004    5.78904    5.78601      8.303    -0.0503   10.51973   4.274578 3.6307e-11    26.8458    26.8410 1.0000e-12    160.000          1      24452    1506.64 3.0926e+00  54982.231   1018.804 1603349643       0.01     -0.163   39.01942  -72.55326 0.0000e+00
    157.734    13.8850    35.8102  1027.5444     1.5430     3.0494     52.715    0.00110    5.78466    5.78158      8.304    -0.0612   10.51241   4.276510 2.9239e-11    26.8427    26.8379 1.0000e-12    159.000          1      24492    1506.69 3.6439e+00  54980.127   1020.441 1603349645      -0.16     -0.601   39.01942  -72.55326 0.0000e+00
    156.742    13.9316    35.8180  1027.5359     1.5451     3.0511     52.802    0.00101    5.77844    5.77528      8.304    -0.0557   10.50209   4.281968 4.2848e+04    26.8389    26.8340 1.0000e-12    158.000          1      24546    1506.83 1.8468e+00  54984.127   1022.718 1603349647       0.13     -0.428   39.01942  -72.55326 0.0000e+00
    155.756    13.9786    35.8212  1027.5239     1.5476     3.0512     52.894    0.00085    5.76848    5.76521      8.302    -0.0582   10.48551   4.287076 1.0225e+05    26.8314    26.8265 1.0000e-12    157.000          1      24613    1506.97 -7.141e-02  54981.447   1025.501 1603349650      -0.27     -0.372   39.01942  -72.55326 0.0000e+00
    154.757    14.0470    35.8241  1027.5071     1.5445     3.0305     52.563   -0.00153    5.76548    5.76217      8.301    -0.0600   10.48052   4.294350 2.5255e+04    26.8192    26.8143 1.0000e-12    156.000          1      24648    1507.18 2.0299e+00  54976.028   1026.963 1603349651      -0.04     -0.656   39.01942  -72.55326 0.0000e+00
    153.767    14.0929    35.8320  1027.4988     1.5413     3.0221     52.422   -0.00123    5.76503    5.76171      8.300    -0.0588   10.47971   4.299549 4.5458e+04    26.8154    26.8106 1.0000e-12    155.000          1      24705    1507.32 1.7481e+00  54980.212   1029.330 1603349654       0.11     -0.410   39.01942  -72.55326 0.0000e+00
    152.778    14.1267    35.8376  1027.4915     1.5451     3.0380     52.786    0.00137    5.75532    5.75189      8.300    -0.0555   10.46361   4.303231 1.0280e+05    26.8126    26.8078 1.0000e-12    154.000          1      24802    1507.42 -9.020e-02  54982.785   1033.359 1603349658      -0.03     -0.204   39.01942  -72.55326 0.0000e+00
    151.787    14.1654    35.8403  1027.4808     1.5509     3.0521     53.118    0.00219    5.74588    5.74234      8.307    -0.0608   10.44781   4.307645 9.9999e+04    26.8064    26.8016 1.0000e-12    153.000          1      24871    1507.53 5.7843e-02  54980.799   1036.245 1603349661      -0.19     -0.450   39.01942  -72.55326 0.0000e+00
    150.791    14.2391    35.8535  1027.4706     1.5559     3.0645     53.352    0.00205    5.74395    5.74039      8.308    -0.0578   10.44460   4.316516 9.9999e+04    26.8008    26.7960 1.0000e-12    152.000          1      24934    1507.77 8.4178e-01  54989.054   1038.892 1603349663      -0.00     -0.359   39.01940  -72.55326 0.0000e+00
    149.799    14.3162    35.8613  1027.4554     1.5621     3.0745     53.567    0.00085    5.73966    5.73605      8.307    -0.0585   10.43741   4.324596 4.8102e+04    26.7903    26.7855 1.0000e-12    151.000          1      25194    1508.01 1.3758e+00  54988.940   1049.727 1603349674      -0.04     -0.224   39.01942  -72.55326 0.0000e+00
    148.807    14.3692    35.8740  1027.4493     1.5703     3.0924     53.948    0.00069    5.73225    5.72856      8.311    -0.0541   10.42506   4.331000 2.6616e+03    26.7887    26.7839 1.0000e-12    150.000          1      26603    1508.17 3.2026e+00  54999.047   1108.415 1603349733       0.03     -0.398   39.01942  -72.55326 0.0000e+00
    147.822    14.3904    35.8764  1027.4420     1.5745     3.1005     54.170    0.00119    5.72376    5.71997      8.313    -0.0621   10.41090   4.333460 4.9042e-11    26.7859    26.7812 1.0000e-12    149.000          1      26856    1508.23 2.7307e+00  54999.092   1118.973 1603349743      -0.05     -0.212   39.01942  -72.55327 0.0000e+00
    146.825    14.4418    35.8832  1027.4317     1.5777     3.1112     54.361    0.00174    5.72324    5.71945      8.284    -0.0583   10.41003   4.339386 4.4794e-11    26.7801    26.7754 1.0000e-12    148.000          1      26889    1508.38 2.8334e+00  55001.290   1120.344 1603349745      -0.23     -0.555   39.01942  -72.55328 0.0000e+00
    145.832    14.4486    35.8843  1027.4266     1.5793     3.1111     54.380    0.00096    5.72107    5.71725      8.282    -0.0584   10.40644   4.340036 3.9226e-11    26.7794    26.7747 1.0000e-12    147.000          1      26937    1508.39 2.8837e+00  55001.416   1122.320 1603349747       0.12     -0.513   39.01942  -72.55326 0.0000e+00
    144.845    14.4774    35.8859  1027.4171     1.5817     3.1131     54.455    0.00054    5.71683    5.71297      8.290    -0.0604   10.39937   4.343076 4.7286e-11    26.7744    26.7697 1.0000e-12    146.000          1      27015    1508.47 2.5171e+00  54999.414   1125.600 1603349750      -0.02     -0.258   39.01942  -72.55326 0.0000e+00
    143.851    14.4916    35.8883  1027.4114     1.5851     3.1239     54.698    0.00173    5.71109    5.70716      8.304    -0.0560   10.38984   4.344868 4.7819e-11    26.7732    26.7685 1.0000e-12    145.000          1      27069    1508.50 -9.990e-29  55000.313   1127.817 1603349752      -0.09     -0.488   39.01942  -72.55326 0.0000e+00
    142.859    14.5458    35.8927  1027.3985     1.5899     3.1372     54.971    0.00238    5.70714    5.70317      8.307    -0.0642   10.38323   4.350625 4.0384e-11    26.7648    26.7602 1.0000e-12    144.000          1      27116    1508.66 2.8308e+00  54999.077   1129.781 1603349754       0.02     -0.509   39.01942  -72.55326 0.0000e+00
    141.867    14.5804    35.8971  1027.3899     1.5978     3.1630     55.431    0.00339    5.70615    5.70216 -9.990e-29    -0.0685   10.38162   4.354660 3.8307e-11    26.7607    26.7560 1.0000e-12    143.000          1      27173    1508.76 2.9383e+00  55000.135   1132.159 1603349757       0.06     -0.411   39.01942  -72.55326 0.0000e+00
    140.877    14.6039    35.8958  1027.3793     1.6044     3.1711     55.596    0.00131    5.70388    5.69986      8.306    -0.0546   10.37793   4.356599 4.3525e-11    26.7546    26.7499 1.0000e-12    142.000          1      27254    1508.82 2.5296e+00  54994.956   1135.530 1603349760      -0.00     -0.270   39.01942  -72.55327 0.0000e+00
    139.887    14.5978    35.8930  1027.3741     1.6079     3.1790     55.776    0.00158    5.69952    5.69544      8.310    -0.0688   10.37073   4.355752 3.7716e-11    26.7537    26.7491 1.0000e-12    141.000          1      27310    1508.78 2.9827e+00  54991.351   1137.893 1603349762      -0.19     -0.465   39.01942  -72.55327 0.0000e+00
    138.888    14.6473    35.8898  1027.3562     1.6142     3.2047     56.248    0.00387    5.69749    5.69339      8.311    -0.0610   10.36742   4.360298 4.5651e-11    26.7404    26.7358 1.0000e-12    140.000          1      27347    1508.91 2.3638e+00  54980.134   1139.425 1603349764      -0.00     -0.640   39.01942  -72.55326 0.0000e+00
    137.904    14.6831    35.8831  1027.3388     1.6281     3.2449     56.939    0.00403    5.69898    5.69489      8.314    -0.0716   10.36994   4.363112 4.0686e-11    26.7274    26.7228 1.0000e-12    139.000          1      27426    1509.00 2.7510e+00  54966.180   1142.712 1603349767       0.07     -0.207   39.01942  -72.55326 0.0000e+00
