CalculateIndicators/WaterTemperature/Data/CTD_NYOS/20201029_C39.cnv
* Sea-Bird SBE 9 Data File:
* FileName = C:\Seabird 9 CTD\Data\2020\202010_offshore\20201029_C39.hex
* Software Version Seasave V 7.23.2
* Temperature SN = 4590
* Conductivity SN = 3228
* Number of Bytes Per Scan = 44
* Number of Voltage Words = 5
* Number of Scans Averaged by the Deck Unit = 1
* NMEA Latitude = 40 23.55 N
* NMEA Longitude = 071 40.84 W
* NMEA UTC (Time) = Oct 29 2020  10:39:08
* NMEA baud rate = 4800
** Ship: seawolf
** Station: 1.3
** Operator: sjw
# nquan = 31
# nvalues = 147                         
# units = specified
# name 0 = depSM: Depth [salt water, m]
# name 1 = t090C: Temperature [ITS-90, deg C]
# name 2 = sal00: Salinity, Practical [PSU]
# name 3 = density00: Density [density, kg/m^3]
# name 4 = sbeox0V: Oxygen raw, SBE 43 [V]
# name 5 = sbeox0ML/L: Oxygen, SBE 43 [ml/l]
# name 6 = sbeox0PS: Oxygen, SBE 43 [% saturation]
# name 7 = sbox0dV/dT: Oxygen, SBE 43 [dov/dt]
# name 8 = oxsolML/L: Oxygen Saturation, Garcia & Gordon [ml/l]
# name 9 = oxsatML/L: Oxygen Saturation, Weiss [ml/l]
# name 10 = ph: pH
# name 11 = flECO-AFL: Fluorescence, WET Labs ECO-AFL/FL [mg/m^3]
# name 12 = n2satML/L: Nitrogen Saturation [ml/l]
# name 13 = c0S/m: Conductivity [S/m]
# name 14 = cpar: CPAR/Corrected Irradiance [%]
# name 15 = sigma-é00: Density [sigma-theta, kg/m^3]
# name 16 = sigma-t00: Density [sigma-t, kg/m^3 ]
# name 17 = par: PAR/Irradiance, Biospherical/Licor
# name 18 = prDM: Pressure, Digiquartz [db]
# name 19 = pumps: Pump Status
# name 20 = scan: Scan Count
# name 21 = svCM: Sound Velocity [Chen-Millero, m/s]
# name 22 = spar: SPAR, Biospherical/Licor
# name 23 = specc: Specific Conductance [uS/cm]
# name 24 = timeS: Time, Elapsed [seconds]
# name 25 = timeY: Time, System [seconds]
# name 26 = accM: Acceleration [m/s^2]
# name 27 = dz/dtM: Descent Rate [m/s]
# name 28 = latitude: Latitude [deg]
# name 29 = longitude: Longitude [deg]
# name 30 = flag: flag
# span 0 =      1.973,     74.421       
# span 1 =    12.9569,    19.0841       
# span 2 =    33.6893,    34.5977       
# span 3 =  1024.4815,  1026.1896       
# span 4 =     1.7789,     2.4423       
# span 5 =     3.7584,     5.1907       
# span 6 =     63.718,     95.003       
# span 7 =   -0.03371,    0.03217       
# span 8 =    5.27630,    5.97794       
# span 9 =    5.26724,    5.97582       
# span 10 =      8.380,      8.526      
# span 11 =    -0.0302,     0.6266      
# span 12 =    9.68254,   10.85533      
# span 13 =   3.964198,   4.652937      
# span 14 = -3.184e+04, 1.1779e+05      
# span 15 =    24.4716,    25.8569      
# span 16 =    24.4715,    25.8548      
# span 17 = -6.370e-04, 3.7467e-02      
# span 18 =      2.000,     75.000      
# span 19 =          1,          1      
# span 20 =        342,      15945      
# span 21 =    1499.67,    1519.27      
# span 22 = -6.970e-01, 5.2072e+00      
# span 23 =  51753.247,  53079.484      
# span 24 =     14.219,    664.326      
# span 25 = 1603967963, 1603968614      
# span 26 =      -0.62,       0.67      
# span 27 =     -0.886,      0.988      
# span 28 =   40.39266,   40.39348      
# span 29 =  -71.68203,  -71.68078      
# span 30 = 0.0000e+00, 0.0000e+00      
# interval = decibars: 1                
# start_time = Oct 29 2020 10:39:09 [System UTC, first data scan.]
# bad_flag = -9.990e-29
*END*
      1.985    17.4854    33.7936  1024.4818     2.4252     5.1435     94.152    0.00030    5.46300    5.45527      8.486     0.6128   10.00078   4.398422 7.2597e+04    24.4731    24.4730 3.7467e-02      2.000          1        342    1512.93 1.0823e+00  51758.658     14.219 1603967963       0.11     -0.008   40.39266  -71.68078 0.0000e+00
      2.976    17.4851    33.7931  1024.4859     2.4237     5.1392     94.039   -0.00092    5.46496    5.45725      8.478     0.5951   10.00412   4.398315 -1.253e+03    24.4728    24.4727 2.6894e-02      3.000          1        493    1512.95 3.9990e+00  51758.478     20.481 1603967970       0.42      0.287   40.39266  -71.68078 0.0000e+00
      3.969    17.4752    33.7884  1024.4891     2.4236     5.1418     94.099   -0.00003    5.46423    5.45651      8.471     0.5728   10.00288   4.396846 -1.613e-02    24.4716    24.4715 -6.370e-04      4.000          1        540    1512.93 3.9495e+00  51753.339     22.443 1603967972      -0.11      0.494   40.39267  -71.68080 0.0000e+00
      4.962    17.4733    33.7879  1024.4935     2.4240     5.1437     94.139    0.00020    5.46394    5.45622      8.467     0.5957   10.00239   4.396712 2.5320e-11    24.4717    24.4715 1.0000e-12      5.000          1        587    1512.94 3.9495e+00  51753.247     24.411 1603967974       0.16      0.518   40.39268  -71.68080 0.0000e+00
      5.954    17.4809    33.7909  1024.4985     2.4240     5.1431     94.137   -0.00001    5.46342    5.45569      8.458     0.5791   10.00150   4.397843 2.5320e-11    24.4722    24.4720 1.0000e-12      6.000          1        640    1512.98 3.9495e+00  51757.329     26.645 1603967976      -0.11      0.437   40.39268  -71.68080 0.0000e+00
      6.944    17.4835    33.7922  1024.5032     2.4250     5.1478     94.239    0.00057    5.46245    5.45471      8.428     0.5850    9.99984   4.398317 2.5320e-11    24.4727    24.4724 1.0000e-12      7.000          1        700    1513.01 3.9495e+00  51759.413     29.142 1603967978       0.08      0.418   40.39268  -71.68080 0.0000e+00
      7.938    17.4890    33.7949  1024.5083     2.4254     5.1486     94.249    0.00042    5.46273    5.45499      8.451     0.6084   10.00032   4.399250 2.5320e-11    24.4734    24.4731 1.0000e-12      8.000          1        739    1513.04 3.9495e+00  51763.075     30.755 1603967980       0.19      0.586   40.39268  -71.68080 0.0000e+00
      8.929    17.4941    33.7964  1024.5127     2.4243     5.1437     94.176   -0.00018    5.46178    5.45403      8.450     0.5746    9.99871   4.399915 2.5320e-11    24.4734    24.4730 1.0000e-12      9.000          1        802    1513.08 3.9495e+00  51765.304     33.366 1603967983       0.07      0.419   40.39268  -71.68080 0.0000e+00
      9.919    17.5001    33.7993  1024.5179     2.4244     5.1480     94.255    0.00081    5.46171    5.45396      8.464     0.5776    9.99859   4.400910 2.7666e-11    24.4742    24.4738 1.0000e-12     10.000          1        858    1513.12 3.9495e+00  51769.410     35.693 1603967985       0.67      0.573   40.39269  -71.68080 0.0000e+00
     10.927    17.5008    33.7993  1024.5222     2.4241     5.1452     94.204    0.00020    5.46169    5.45395      8.469     0.6059    9.99856   4.401001 2.6257e-11    24.4741    24.4737 1.0000e-12     11.000          1        881    1513.13 3.9495e+00  51769.880     36.660 1603967986       0.13      0.988   40.39270  -71.68080 0.0000e+00
     11.906    17.5002    33.7992  1024.5266     2.4231     5.1427     94.158   -0.00011    5.46177    5.45403      8.520     0.5672    9.99870   4.400944 9.9237e+04    24.4742    24.4737 1.0000e-12     12.000          1        962    1513.15 4.3002e-01  51770.174     40.055 1603967989       0.20      0.278   40.39270  -71.68082 0.0000e+00
     12.898    17.4988    33.7990  1024.5312     2.4243     5.1495     94.283    0.00078    5.46172    5.45398      8.525     0.5693    9.99862   4.400828 1.0020e+05    24.4744    24.4739 1.0000e-12     13.000          1       1013    1513.16 -1.616e-02  51770.603     42.156 1603967991      -0.05      0.536   40.39270  -71.68082 0.0000e+00
     13.896    17.4990    33.7988  1024.5354     2.4210     5.1325     93.973   -0.00189    5.46169    5.45395      8.526     0.5992    9.99857   4.400842 9.9999e+04    24.4742    24.4737 1.0000e-12     14.000          1       1054    1513.18 0.0000e+00  51770.685     43.861 1603967993       0.10      0.586   40.39270  -71.68082 0.0000e+00
     14.879    17.4994    33.7988  1024.5397     2.4233     5.1495     94.285    0.00129    5.46164    5.45390      8.440     0.5786    9.99849   4.400941 9.9999e+04    24.4742    24.4736 1.0000e-12     15.000          1       1114    1513.20 0.0000e+00  51771.212     46.357 1603967996      -0.12      0.355   40.39270  -71.68082 0.0000e+00
     15.880    17.5000    33.7990  1024.5441     2.4241     5.1504     94.301    0.00072    5.46167    5.45393      8.388     0.6214    9.99853   4.401060 9.9999e+04    24.4742    24.4736 1.0000e-12     16.000          1       1154    1513.21 0.0000e+00  51771.924     48.026 1603967997       0.15      0.608   40.39270  -71.68082 0.0000e+00
     16.868    17.5000    33.7988  1024.5484     2.4237     5.1471     94.238   -0.00019    5.46184    5.45410      8.380     0.6099    9.99881   4.401070 9.9999e+04    24.4741    24.4734 1.0000e-12     17.000          1       1213    1513.23 0.0000e+00  51772.174     50.488 1603968000      -0.12      0.388   40.39270  -71.68083 0.0000e+00
     17.859    17.4994    33.7986  1024.5528     2.4220     5.1411     94.130   -0.00095    5.46172    5.45397      8.390     0.6056    9.99861   4.401025 9.9999e+04    24.4741    24.4734 1.0000e-12     18.000          1       1271    1513.25 0.0000e+00  51772.482     52.906 1603968002       0.10      0.442   40.39271  -71.68084 0.0000e+00
     18.853    17.4970    33.7982  1024.5574     2.4223     5.1453     94.213    0.00010    5.46135    5.45360      8.390     0.6158    9.99799   4.400793 9.9999e+04    24.4744    24.4737 1.0000e-12     19.000          1       1313    1513.25 0.0000e+00  51772.577     54.676 1603968004       0.02      0.562   40.39272  -71.68084 0.0000e+00
     19.848    17.5011    33.7993  1024.5617     2.4215     5.1405     94.155   -0.00034    5.45959    5.45183      8.412     0.6256    9.99500   4.401396 9.9999e+04    24.4744    24.4736 1.0000e-12     20.000          1       1360    1513.28 0.0000e+00  51774.330     56.633 1603968006      -0.07      0.519   40.39272  -71.68084 0.0000e+00
     20.827    17.5046    33.8002  1024.5659     2.4191     5.1270     94.016   -0.00101    5.45334    5.44553      8.468     0.5785    9.98440   4.401860 9.9999e+04    24.4743    24.4734 1.0000e-12     21.000          1       1425    1513.31 0.0000e+00  51775.810     59.345 1603968009       0.11      0.276   40.39272  -71.68084 0.0000e+00
     21.836    17.5332    33.8119  1024.5724     2.4182     5.1246     93.982   -0.00087    5.45280    5.44498 -9.990e-29     0.6040    9.98346   4.406355 9.9999e+04    24.4763    24.4754 1.0000e-12     22.000          1       1454    1513.43 0.0000e+00  51789.967     60.528 1603968010       0.21      0.711   40.39272  -71.68084 0.0000e+00
     22.820    17.5730    33.8292  1024.5805     2.4146     5.1101     93.777   -0.00153    5.44923    5.44140      8.448     0.5931    9.97738   4.412273 9.9999e+04    24.4801    24.4792 1.0000e-12     23.000          1       1507    1513.58 0.0000e+00  51811.262     62.763 1603968012      -0.18      0.434   40.39272  -71.68084 0.0000e+00
     23.813    17.5922    33.8402  1024.5887     2.4124     5.0984     93.713   -0.00096    5.44046    5.43256      8.410     0.5124    9.96239   4.415469 9.9999e+04    24.4840    24.4830 1.0000e-12     24.000          1       1561    1513.67 0.0000e+00  51825.385     65.006 1603968014       0.03      0.472   40.39272  -71.68085 0.0000e+00
     24.804    17.6226    33.8575  1024.5990     2.4079     5.0732     93.389   -0.00270    5.43233    5.42437      8.432     0.4707    9.94850   4.420746 9.9999e+04    24.4899    24.4889 1.0000e-12     25.000          1       1603    1513.79 0.0000e+00  51847.267     66.738 1603968016       0.17      0.551   40.39272  -71.68086 0.0000e+00
     25.802    17.6895    33.8936  1024.6149     2.4027     5.0509     93.118   -0.00303    5.42421    5.41619      8.450     0.4501    9.93465   4.431697 9.9999e+04    24.5015    24.5004 1.0000e-12     26.000          1       1641    1514.05 0.0000e+00  51892.115     68.318 1603968018      -0.09      0.642   40.39272  -71.68086 0.0000e+00
     26.789    17.8013    33.9561  1024.6400     2.3942     5.0038     92.711   -0.00273    5.39722    5.38901      8.454     0.3512    9.88868   4.450265 9.9999e+04    24.5222    24.5211 1.0000e-12     27.000          1       1709    1514.47 0.0000e+00  51969.704     71.167 1603968020      -0.07      0.317   40.39272  -71.68086 0.0000e+00
     27.774    17.9464    34.0339  1024.6685     2.3952     4.9992     93.018    0.00187    5.37447    5.36608      8.424     0.2986    9.85002   4.474889 9.9999e+04    24.5465    24.5454 1.0000e-12     28.000          1       1768    1515.00 0.0000e+00  52066.065     73.633 1603968023       0.36      0.396   40.39274  -71.68088 0.0000e+00
     28.781    18.1289    34.1135  1024.6890     2.3939     4.9881     92.819   -0.00060    5.37402    5.36563      8.439     0.3100    9.84926   4.502094 4.9442e+04    24.5627    24.5615 1.0000e-12     29.000          1       1794    1515.64 2.4691e+00  52161.932     74.711 1603968024       0.19      0.815   40.39274  -71.68088 0.0000e+00
     29.771    18.2151    34.1489  1024.6992     2.3946     4.9911     92.909    0.00027    5.37206    5.36365      8.456     0.3326    9.84591   4.513902 4.2563e+03    24.5686    24.5673 1.0000e-12     30.000          1       1838    1515.95 3.8248e+00  52204.794     76.534 1603968026      -0.16      0.597   40.39274  -71.68088 0.0000e+00
     30.751    18.2533    34.1661  1024.7072     2.3950     4.9853     92.911   -0.00021    5.36564    5.35718      8.435     0.3081    9.83500   4.519192 2.5320e-11    24.5723    24.5710 1.0000e-12     31.000          1       1914    1516.09 3.9495e+00  52225.979     79.699 1603968029       0.11      0.202   40.39274  -71.68088 0.0000e+00
     31.755    18.2882    34.1820  1024.7152     2.3978     4.9961     93.137    0.00130    5.36422    5.35576      8.457     0.3151    9.83258   4.524634 2.5320e-11    24.5759    24.5746 1.0000e-12     32.000          1       1952    1516.23 3.9495e+00  52245.833     81.297 1603968031      -0.05      0.553   40.39274  -71.68088 0.0000e+00
     32.737    18.3124    34.1935  1024.7223     2.4003     4.9995     93.249    0.00090    5.36146    5.35298      8.458     0.3078    9.82789   4.528180 2.5320e-11    24.5788    24.5774 1.0000e-12     33.000          1       2013    1516.33 3.9495e+00  52260.318     83.852 1603968033       0.10      0.318   40.39274  -71.68088 0.0000e+00
     33.739    18.3363    34.2034  1024.7284     2.3993     4.9915     93.130   -0.00045    5.35975    5.35126      8.462     0.3302    9.82497   4.531676 2.5320e-11    24.5805    24.5791 1.0000e-12     34.000          1       2050    1516.43 3.9495e+00  52272.744     85.373 1603968035       0.06      0.627   40.39274  -71.68088 0.0000e+00
     34.723    18.3495    34.2098  1024.7344     2.3990     4.9851     93.136   -0.00014    5.35252    5.34397      8.463     0.3163    9.81271   4.533627 2.5857e-11    24.5821    24.5806 1.0000e-12     35.000          1       2102    1516.49 3.9495e+00  52281.012     87.533 1603968037      -0.08      0.436   40.39276  -71.68088 0.0000e+00
     35.724    18.3944    34.2296  1024.7428     2.4028     4.9994     93.449    0.00198    5.34987    5.34131      8.453     0.3148    9.80819   4.540775 2.5364e-11    24.5862    24.5846 1.0000e-12     36.000          1       2147    1516.66 3.9495e+00  52305.362     89.430 1603968039       0.07      0.528   40.39276  -71.68090 0.0000e+00
     36.702    18.4428    34.2511  1024.7515     2.4108     5.0099     93.918    0.00325    5.33437    5.32570      8.451     0.3379    9.78180   4.547995 2.6275e-11    24.5906    24.5890 1.0000e-12     37.000          1       2229    1516.84 3.9495e+00  52332.032     92.816 1603968042       0.56      0.258   40.39276  -71.68090 0.0000e+00
     37.709    18.4933    34.2742  1024.7610     2.4139     5.0142     94.069    0.00331    5.33035    5.32165      8.451     0.3548    9.77497   4.556119 2.5336e-11    24.5958    24.5941 1.0000e-12     38.000          1       2251    1517.03 3.9495e+00  52360.581     93.751 1603968043       0.34      0.839   40.39276  -71.68090 0.0000e+00
     38.700    18.5702    34.3098  1024.7733     2.4180     5.0081     94.206    0.00237    5.31617    5.30738      8.452     0.3522    9.75071   4.568022 2.5320e-11    24.6038    24.6021 1.0000e-12     39.000          1       2295    1517.31 3.9495e+00  52404.302     95.590 1603968045      -0.19      0.599   40.39276  -71.68090 0.0000e+00
     39.685    18.7383    34.4038  1024.8072     2.4238     4.9987     94.448    0.00171    5.29256    5.28361 -9.990e-29     0.3024    9.71044   4.596804 6.1220e+04    24.6335    24.6317 1.0000e-12     40.000          1       2370    1517.92 1.4960e+00  52521.821     98.712 1603968048       0.12      0.287   40.39276  -71.68091 0.0000e+00
     40.678    18.8883    34.4831  1024.8342     2.4216     4.9791     94.198   -0.00100    5.28580    5.27680      8.454     0.2831    9.69890   4.620848 1.0056e+05    24.6563    24.6545 1.0000e-12     41.000          1       2416    1518.45 -2.161e-02  52620.480    100.631 1603968050       0.09      0.516   40.39278  -71.68092 0.0000e+00
     41.674    18.9530    34.5091  1024.8420     2.4163     4.9574     93.813   -0.00329    5.28439    5.27538      8.454     0.3055    9.69646   4.630272 9.9999e+04    24.6598    24.6580 1.0000e-12     42.000          1       2452    1518.68 0.0000e+00  52652.284    102.109 1603968051       0.09      0.656   40.39278  -71.68092 0.0000e+00
     42.666    19.0034    34.5407  1024.8577     2.4118     4.9454     93.662   -0.00216    5.28002    5.27099      8.453     0.2600    9.68897   4.638825 9.9999e+04    24.6712    24.6693 1.0000e-12     43.000          1       2505    1518.88 0.0000e+00  52692.559    104.330 1603968054      -0.14      0.441   40.39278  -71.68092 0.0000e+00
     43.655    19.0509    34.5707  1024.8728     2.4097     4.9436     93.667   -0.00046    5.27787    5.26882      8.448     0.2351    9.68527   4.647061 9.9999e+04    24.6821    24.6801 1.0000e-12     44.000          1       2571    1519.06 4.5987e-01  52730.998    107.073 1603968056       0.17      0.399   40.39278  -71.68092 0.0000e+00
     44.651    19.0612    34.5766  1024.8791     2.4082     4.9387     93.591   -0.00078    5.27692    5.26787      8.454     0.2122    9.68362   4.648543 5.9102e+03    24.6840    24.6820 1.0000e-12     45.000          1       2616    1519.11 3.7252e+00  52738.740    108.961 1603968058      -0.03      0.524   40.39278  -71.68094 0.0000e+00
     45.637    19.0726    34.5870  1024.8885     2.4069     4.9371     93.551   -0.00058    5.27741    5.26836      8.455     0.2084    9.68444   4.650873 2.5320e-11    24.6891    24.6870 1.0000e-12     46.000          1       2670    1519.18 3.9505e+00  52752.672    111.193 1603968060       0.07      0.415   40.39278  -71.68094 0.0000e+00
     46.634    19.0723    34.5889  1024.8944     2.4079     4.9422     93.668    0.00051    5.27630    5.26724      8.453     0.2149    9.68254   4.650930 2.5798e-11    24.6907    24.6885 1.0000e-12     47.000          1       2712    1519.19 3.9495e+00  52755.767    112.970 1603968062      -0.04      0.557   40.39279  -71.68094 0.0000e+00
