CalculateIndicators/WaterTemperature/Data/CTD_NYOS/20201027_C27.cnv
* Sea-Bird SBE 9 Data File:
* FileName = C:\Seabird 9 CTD\Data\2020\202010_offshore\20201027_C27.hex
* Software Version Seasave V 7.23.2
* Temperature SN = 4590
* Conductivity SN = 3228
* Number of Bytes Per Scan = 44
* Number of Voltage Words = 5
* Number of Scans Averaged by the Deck Unit = 1
* NMEA Latitude = 39 27.39 N
* NMEA Longitude = 072 02.37 W
* NMEA UTC (Time) = Oct 27 2020  21:05:56
* NMEA baud rate = 4800
** Ship: seawolf
** Station: 3.5
** Operator: EIH
# nquan = 31
# nvalues = 603                         
# units = specified
# name 0 = depSM: Depth [salt water, m]
# name 1 = t090C: Temperature [ITS-90, deg C]
# name 2 = sal00: Salinity, Practical [PSU]
# name 3 = density00: Density [density, kg/m^3]
# name 4 = sbeox0V: Oxygen raw, SBE 43 [V]
# name 5 = sbeox0ML/L: Oxygen, SBE 43 [ml/l]
# name 6 = sbeox0PS: Oxygen, SBE 43 [% saturation]
# name 7 = sbox0dV/dT: Oxygen, SBE 43 [dov/dt]
# name 8 = oxsolML/L: Oxygen Saturation, Garcia & Gordon [ml/l]
# name 9 = oxsatML/L: Oxygen Saturation, Weiss [ml/l]
# name 10 = ph: pH
# name 11 = flECO-AFL: Fluorescence, WET Labs ECO-AFL/FL [mg/m^3]
# name 12 = n2satML/L: Nitrogen Saturation [ml/l]
# name 13 = c0S/m: Conductivity [S/m]
# name 14 = cpar: CPAR/Corrected Irradiance [%]
# name 15 = sigma-é00: Density [sigma-theta, kg/m^3]
# name 16 = sigma-t00: Density [sigma-t, kg/m^3 ]
# name 17 = par: PAR/Irradiance, Biospherical/Licor
# name 18 = prDM: Pressure, Digiquartz [db]
# name 19 = pumps: Pump Status
# name 20 = scan: Scan Count
# name 21 = svCM: Sound Velocity [Chen-Millero, m/s]
# name 22 = spar: SPAR, Biospherical/Licor
# name 23 = specc: Specific Conductance [uS/cm]
# name 24 = timeS: Time, Elapsed [seconds]
# name 25 = timeY: Time, System [seconds]
# name 26 = accM: Acceleration [m/s^2]
# name 27 = dz/dtM: Descent Rate [m/s]
# name 28 = latitude: Latitude [deg]
# name 29 = longitude: Longitude [deg]
# name 30 = flag: flag
# span 0 =      1.971,    300.479       
# span 1 =     9.7545,    19.1678       
# span 2 =    34.2950,    35.7993       
# span 3 =  1024.6762,  1028.5692       
# span 4 =     1.3963,     2.4673       
# span 5 =     2.8969,     5.1386       
# span 6 =     46.502,     96.280       
# span 7 =   -0.03144,    0.01927       
# span 8 =    5.26430,    6.33645       
# span 9 =    5.25518,    6.34045       
# span 10 =      8.297,      8.577      
# span 11 =    -0.0775,     0.4057      
# span 12 =    9.66166,   11.43107      
# span 13 =   3.825205,   4.671599      
# span 14 = -1.644e-04, 3.0483e+01      
# span 15 =    24.6675,    27.2075      
# span 16 =    24.6674,    27.2015      
# span 17 = -3.206e-04, 6.3638e+01      
# span 18 =      2.000,    303.000      
# span 19 =          1,          1      
# span 20 =         68,      36920      
# span 21 =    1494.26,    1519.37      
# span 22 = 1.1829e+02, 2.1132e+02      
# span 23 =  52428.487,  55028.775      
# span 24 =      2.781,   1538.297      
# span 25 = 1603832759, 1603834295      
# span 26 =      -0.95,       0.94      
# span 27 =     -1.014,      1.192      
# span 28 =   39.45365,   39.45648      
# span 29 =  -72.04604,  -72.03966      
# span 30 = 0.0000e+00, 0.0000e+00      
# interval = decibars: 1                
# start_time = Oct 27 2020 21:05:57 [System UTC, first data scan.]
# bad_flag = -9.990e-29
*END*
[from data line 141]
    141.843    14.0759    35.7566  1027.3910     1.6853     3.4338     59.451   -0.00212    5.77585    5.77262      8.396    -0.0543   10.49856   4.288305 6.0239e-13    26.7604    26.7560 1.0000e-12    143.000          1       6837    1506.98 1.6589e+02  54872.151    284.845 1603833041       0.16      0.456   39.45586  -72.04106 0.0000e+00
    142.852    14.0633    35.7550  1027.3970     1.6833     3.4275     59.341   -0.00228    5.77596    5.77272      8.396    -0.0675   10.49874   4.286787 5.6811e-13    26.7619    26.7574 1.0000e-12    144.000          1       6855    1506.95 1.7630e+02  54872.121    285.604 1603833042       0.66      0.824   39.45586  -72.04106 0.0000e+00
    143.862    14.0447    35.7532  1027.4041     1.6815     3.4233     59.262   -0.00220    5.77652    5.77329      8.394    -0.0594   10.49969   4.284951 5.4760e-13    26.7644    26.7599 1.0000e-12    145.000          1       6881    1506.91 1.8273e+02  54872.722    286.682 1603833043       0.10      1.072   39.45585  -72.04106 0.0000e+00
    144.833    14.0366    35.7514  1027.4088     1.6797     3.4310     59.325   -0.00038    5.78344    5.78029      8.376    -0.0664   10.51123   4.284117 5.4466e-13    26.7648    26.7603 1.0000e-12    146.000          1       6968    1506.89 -9.990e-29  54871.941    290.306 1603833047       0.38      0.300   39.45584  -72.04108 0.0000e+00
    145.830    14.0110    35.7473  1027.4156     1.6781     3.4273     59.220   -0.00092    5.78739    5.78429      8.378    -0.0484   10.51783   4.281047 5.4708e-13    26.7671    26.7626 1.0000e-12    147.000          1       7002    1506.82 1.8168e+02  54870.285    291.729 1603833048       0.08      0.654   39.45584  -72.04108 0.0000e+00
    146.817    13.9800    35.7431  1027.4234     1.6773     3.4265     59.194   -0.00079    5.78853    5.78544      8.377    -0.0612   10.51973   4.277531 5.5054e-13    26.7704    26.7659 1.0000e-12    148.000          1       7039    1506.73 1.8168e+02  54869.254    293.233 1603833050      -0.01      0.658   39.45584  -72.04108 0.0000e+00
    147.819    13.9501    35.7385  1027.4307     1.6761     3.4242     59.149   -0.00069    5.78907    5.78599 -9.990e-29    -0.0602   10.52063   4.274109 5.5043e-13    26.7732    26.7686 1.0000e-12    149.000          1       7070    1506.65 1.8168e+02  54867.392    294.548 1603833051       0.03      0.753   39.45584  -72.04110 0.0000e+00
    148.799    13.9351    35.7359  1027.4363     1.6753     3.4242     59.145   -0.00031    5.78953    5.78645      8.378    -0.0720   10.52141   4.272550 5.5242e-13    26.7744    26.7699 1.0000e-12    150.000          1       7124    1506.61 1.8168e+02  54866.497    296.778 1603833053      -0.14      0.403   39.45583  -72.04110 0.0000e+00
    149.798    13.9309    35.7350  1027.4410     1.6757     3.4292     59.204    0.00013    5.79216    5.78911      8.379    -0.0579   10.52578   4.272135 5.5050e-13    26.7746    26.7700 1.0000e-12    151.000          1       7166    1506.61 -9.990e-29  54866.321    298.561 1603833055       0.04      0.571   39.45582  -72.04110 0.0000e+00
    150.786    13.9237    35.7338  1027.4460     1.6742     3.4237     59.075   -0.00077    5.79548    5.79247      8.379    -0.0571   10.53130   4.271270 5.5341e-13    26.7752    26.7706 1.0000e-12    152.000          1       7216    1506.61 1.8055e+02  54866.248    300.636 1603833057      -0.02      0.474   39.45582  -72.04112 0.0000e+00
    151.774    13.8919    35.7306  1027.4547     1.6706     3.4109     58.820   -0.00201    5.79893    5.79596      8.381    -0.0613   10.53704   4.267822 5.6362e-13    26.7794    26.7748 1.0000e-12    153.000          1       7260    1506.52 1.7749e+02  54866.613    302.470 1603833059       0.09      0.531   39.45582  -72.04112 0.0000e+00
    152.776    13.8777    35.7296  1027.4615     1.6684     3.4089     58.739   -0.00175    5.80352    5.80061      8.384    -0.0520   10.54466   4.266317 5.7797e-13    26.7817    26.7770 1.0000e-12    154.000          1       7293    1506.49 1.7304e+02  54867.844    303.815 1603833060       0.06      0.719   39.45582  -72.04113 0.0000e+00
    153.758    13.8440    35.7267  1027.4708     1.6640     3.3962     58.489   -0.00226    5.80657    5.80369      8.384    -0.0656   10.54971   4.262549 5.7417e-13    26.7866    26.7819 1.0000e-12    155.000          1       7338    1506.39 1.7424e+02  54868.960    305.726 1603833062      -0.12      0.506   39.45580  -72.04114 0.0000e+00
    154.756    13.8030    35.7249  1027.4826     1.6597     3.3841     58.264   -0.00257    5.80827    5.80542 -9.990e-29    -0.0617   10.55255   4.258412 5.5816e-13    26.7938    26.7891 1.0000e-12    156.000          1       7379    1506.27 1.7917e+02  54872.557    307.412 1603833064      -0.00      0.596   39.45580  -72.04114 0.0000e+00
    155.743    13.7827    35.7234  1027.4902     1.6563     3.3790     58.153   -0.00184    5.81062    5.80779 -9.990e-29    -0.0697   10.55646   4.256301 5.6276e-13    26.7970    26.7922 1.0000e-12    157.000          1       7421    1506.22 1.7770e+02  54873.906    309.177 1603833066       0.10      0.531   39.45580  -72.04114 0.0000e+00
    156.738    13.7673    35.7225  1027.4972     1.6525     3.3736     57.972   -0.00194    5.81940    5.81667 -9.990e-29    -0.0684   10.57104   4.254752 5.6282e-13    26.7995    26.7948 1.0000e-12    158.000          1       7467    1506.18 1.7773e+02  54875.398    311.099 1603833068      -0.14      0.517   39.45580  -72.04115 0.0000e+00
    157.724    13.7233    35.7171  1027.5068     1.6464     3.3541     57.592   -0.00318    5.82387    5.82120 -9.990e-29    -0.0703   10.57842   4.249524 5.6734e-13    26.8046    26.7998 1.0000e-12    159.000          1       7516    1506.05 1.7578e+02  54874.449    313.143 1603833070       0.33      0.454   39.45580  -72.04116 0.0000e+00
    158.726    13.6652    35.7151  1027.5221     1.6412     3.3355     57.287   -0.00386    5.82247    5.81980 -9.990e-29    -0.0679   10.57605   4.243705 5.6888e-13    26.8152    26.8104 1.0000e-12    160.000          1       7548    1505.88 1.7576e+02  54880.466    314.441 1603833071       0.01      0.751   39.45579  -72.04116 0.0000e+00
    159.711    13.6476    35.7193  1027.5334     1.6342     3.3178     56.960   -0.00366    5.82473    5.82208 -9.990e-29    -0.0605   10.57978   4.242777 5.6898e-13    26.8221    26.8173 1.0000e-12    161.000          1       7594    1505.84 1.7575e+02  54889.155    316.379 1603833073      -0.07      0.501   39.45578  -72.04117 0.0000e+00
    160.704    13.6447    35.7241  1027.5422     1.6291     3.3080     56.779   -0.00281    5.82601    5.82337      8.382    -0.0611   10.58191   4.242907 5.7365e-13    26.8265    26.8216 1.0000e-12    162.000          1       7638    1505.85 1.7433e+02  54896.724    318.210 1603833075       0.03      0.546   39.45578  -72.04118 0.0000e+00
    161.695    13.6291    35.7232  1027.5492     1.6262     3.3057     56.735   -0.00154    5.82666    5.82404      8.381    -0.0526   10.58299   4.241395 5.7546e-13    26.8290    26.8242 1.0000e-12    163.000          1       7684    1505.82 1.7378e+02  54898.176    320.138 1603833077      -0.04      0.519   39.45578  -72.04119 0.0000e+00
    162.683    13.6196    35.7226  1027.5552     1.6239     3.3077     56.686   -0.00091    5.83514    5.83262      8.380    -0.0657   10.59708   4.240521 5.7929e-13    26.8306    26.8258 1.0000e-12    164.000          1       7739    1505.80 1.7263e+02  54899.346    322.433 1603833079      -0.06      0.419   39.45578  -72.04120 0.0000e+00
    163.668    13.6116    35.7226  1027.5613     1.6201     3.2909     56.381   -0.00254    5.83682    5.83432      8.380    -0.0527   10.59987   4.239608 5.8213e-13    26.8323    26.8274 1.0000e-12    165.000          1       7775    1505.79 1.7178e+02  54900.994    323.910 1603833081       0.49      0.554   39.45578  -72.04120 0.0000e+00
    164.683    13.5675    35.7186  1027.5720     1.6186     3.2871     56.305   -0.00253    5.83816    5.83567      8.380    -0.0624   10.60209   4.234555 5.8206e-13    26.8383    26.8334 1.0000e-12    166.000          1       7795    1505.66 1.7180e+02  54902.168    324.747 1603833081       0.40      1.017   39.45577  -72.04120 0.0000e+00
    165.664    13.5189    35.7145  1027.5835     1.6156     3.2924     56.266   -0.00136    5.85162    5.84929      8.381    -0.0736   10.62450   4.229570 5.8554e-13    26.8452    26.8403 1.0000e-12    167.000          1       7860    1505.51 1.7079e+02  54903.945    327.458 1603833084       0.04      0.431   39.45576  -72.04121 0.0000e+00
    166.651    13.4459    35.7062  1027.5968     1.6076     3.2649     55.703   -0.00381    5.86122    5.85901      8.380    -0.0592   10.64045   4.221153 5.8971e-13    26.8540    26.8490 1.0000e-12    168.000          1       7920    1505.28 1.6958e+02  54903.464    329.970 1603833087       0.02      0.507   39.45576  -72.04122 0.0000e+00
    167.644    13.3593    35.6980  1027.6130     1.5992     3.2336     55.154   -0.00559    5.86294    5.86075      8.379    -0.0615   10.64330   4.211805 5.9580e-13    26.8655    26.8606 1.0000e-12    169.000          1       7957    1505.00 1.6784e+02  54905.237    331.489 1603833088       0.22      0.606   39.45576  -72.04123 0.0000e+00
    168.642    13.3362    35.6973  1027.6217     1.5928     3.2205     54.921   -0.00450    5.86391    5.86173      8.379    -0.0628   10.64492   4.209672 5.9576e-13    26.8697    26.8647 1.0000e-12    170.000          1       7993    1504.94 1.6785e+02  54908.042    332.995 1603833090      -0.10      0.685   39.45576  -72.04124 0.0000e+00
    169.618    13.3112    35.6954  1027.6298     1.5847     3.2114     54.729   -0.00195    5.86788    5.86575      8.380    -0.0608   10.65153   4.207252 6.0357e-13    26.8734    26.8684 1.0000e-12    171.000          1       8068    1504.87 1.6568e+02  54909.620    336.144 1603833093       0.02      0.148   39.45574  -72.04125 0.0000e+00
    170.619    13.2994    35.6940  1027.6357     1.5819     3.2009     54.548   -0.00254    5.86808    5.86596      8.382    -0.0775   10.65187   4.205957 6.0284e-13    26.8747    26.8698 1.0000e-12    172.000          1       8097    1504.85 1.6588e+02  54910.050    337.322 1603833094       0.44      0.679   39.45574  -72.04126 0.0000e+00
    171.616    13.2854    35.6926  1027.6420     1.5803     3.2015     54.548   -0.00150    5.86913    5.86701      8.382    -0.0680   10.65361   4.204547 6.0597e-13    26.8765    26.8716 1.0000e-12    173.000          1       8134    1504.82 1.6503e+02  54910.716    338.878 1603833095      -0.11      0.684   39.45574  -72.04126 0.0000e+00
    172.598    13.2725    35.6907  1027.6476     1.5767     3.1966     54.414   -0.00115    5.87456    5.87251 -9.990e-29    -0.0660   10.66266   4.203174 6.3673e-13    26.8777    26.8727 1.0000e-12    174.000          1       8207    1504.79 1.5732e+02  54910.460    341.930 1603833099       0.24      0.243   39.45574  -72.04127 0.0000e+00
    173.593    13.2532    35.6885  1027.6544     1.5722     3.1806     54.086   -0.00264    5.88063    5.87866 -9.990e-29    -0.0523   10.67276   4.201027 6.5895e-13    26.8800    26.8750 1.0000e-12    175.000          1       8246    1504.74 1.5175e+02  54910.874    343.532 1603833100       0.06      0.594   39.45572  -72.04128 0.0000e+00
    174.587    13.2100    35.6836  1027.6640     1.5683     3.1734     53.933   -0.00220    5.88399    5.88206 -9.990e-29    -0.0634   10.67835   4.196155 6.2539e-13    26.8851    26.8800 1.0000e-12    176.000          1       8290    1504.61 1.6003e+02  54911.075    345.373 1603833102      -0.10      0.551   39.45572  -72.04130 0.0000e+00
    175.573    13.1646    35.6785  1027.6739     1.5633     3.1606     53.677   -0.00242    5.88827    5.88639      8.378    -0.0662   10.68547   4.191246 6.2523e-13    26.8903    26.8853 1.0000e-12    177.000          1       8342    1504.47 -9.990e-29  54911.218    347.543 1603833104       0.10      0.437   39.45572  -72.04130 0.0000e+00
    176.570    13.1411    35.6764  1027.6817     1.5614     3.1591     53.645   -0.00161    5.88882    5.88695      8.380    -0.0663   10.68639   4.188717 6.2518e-13    26.8936    26.8885 1.0000e-12    178.000          1       8375    1504.41 -9.990e-29  54912.491    348.911 1603833106       0.19      0.675   39.45572  -72.04130 0.0000e+00
    177.560    13.1134    35.6732  1027.6893     1.5592     3.1585     53.606   -0.00090    5.89201    5.89018      8.380    -0.0542   10.69170   4.185747 6.3266e-13    26.8967    26.8917 1.0000e-12    179.000          1       8431    1504.33 1.5798e+02  54912.657    351.238 1603833108       0.05      0.437   39.45572  -72.04132 0.0000e+00
    178.552    13.0913    35.6714  1027.6969     1.5567     3.1500     53.424   -0.00171    5.89619    5.89441      8.380    -0.0647   10.69866   4.183484 6.3301e-13    26.8998    26.8947 1.0000e-12    180.000          1       8480    1504.27 1.5798e+02  54914.016    353.299 1603833110       0.73      0.582   39.45570  -72.04132 0.0000e+00
    179.552    13.0851    35.6710  1027.7024     1.5546     3.1450     53.319   -0.00179    5.89848    5.89672      8.378    -0.0705   10.70245   4.182923 6.3878e-13    26.9008    26.8957 1.0000e-12    181.000          1       8509    1504.26 1.5660e+02  54915.019    354.507 1603833111      -0.06      0.856   39.45570  -72.04132 0.0000e+00
    180.529    13.0299    35.6644  1027.7130     1.5480     3.1349     52.992   -0.00206    5.91591    5.91437      8.378    -0.0520   10.73148   4.176666 6.4209e-13    26.9069    26.9018 1.0000e-12    182.000          1       8588    1504.09 1.5573e+02  54914.733    357.795 1603833114      -0.03      0.143   39.45570  -72.04134 0.0000e+00
    181.526    12.9346    35.6527  1027.7280     1.5430     3.1209     52.695   -0.00283    5.92258    5.92112      8.379    -0.0524   10.74259   4.165455 6.4767e-13    26.9170    26.9120 1.0000e-12    183.000          1       8633    1503.77 1.5440e+02  54913.433    359.679 1603833116       0.26      0.552   39.45570  -72.04135 0.0000e+00
    182.520    12.8805    35.6476  1027.7395     1.5408     3.1255     52.693   -0.00162    5.93144    5.93010      8.379    -0.0603   10.75733   4.160072 6.4120e-13    26.9240    26.9189 1.0000e-12    184.000          1       8669    1503.61 1.5595e+02  54915.163    361.164 1603833118      -0.06      0.692   39.45570  -72.04136 0.0000e+00
    183.508    12.8350    35.6405  1027.7478     1.5360     3.1083     52.377   -0.00268    5.93437    5.93306      8.378    -0.0530   10.76220   4.154728 6.4761e-13    26.9277    26.9226 1.0000e-12    185.000          1       8710    1503.46 1.5442e+02  54913.040    362.883 1603833120       0.03      0.565   39.45569  -72.04136 0.0000e+00
    184.503    12.7639    35.6342  1027.7619     1.5309     3.0933     52.102   -0.00304    5.93688    5.93560      8.380    -0.0524   10.76640   4.147263 6.4916e-13    26.9370    26.9319 1.0000e-12    186.000          1       8751    1503.23 1.5405e+02  54915.738    364.593 1603833121      -0.06      0.594   39.45568  -72.04137 0.0000e+00
    185.489    12.7372    35.6300  1027.7684     1.5279     3.0975     52.136   -0.00083    5.94126    5.94003      8.380    -0.0604   10.77366   4.144421 6.5077e-13    26.9391    26.9340 1.0000e-12    187.000          1       8813    1503.16 1.5367e+02  54914.631    367.148 1603833124      -0.04      0.345   39.45568  -72.04138 0.0000e+00
    186.487    12.7056    35.6268  1027.7769     1.5264     3.0943     52.067   -0.00090    5.94288    5.94167      8.377    -0.0465   10.77636   4.141063 6.5247e-13    26.9430    26.9379 1.0000e-12    188.000          1       8856    1503.06 1.5327e+02  54915.814    368.978 1603833126       0.10      0.564   39.45567  -72.04138 0.0000e+00
