CalculateIndicators/WaterTemperature/Data/CTD_NYOS/20200205_C06.cnv
* Sea-Bird SBE 9 Data File:
* FileName = C:\Seabird 9 CTD\Data\2020\202002_offshore\20200205_C06.hex
* Software Version Seasave V 7.23.2
* Temperature SN = 4590
* Conductivity SN = 3228
* Number of Bytes Per Scan = 44
* Number of Voltage Words = 5
* Number of Scans Averaged by the Deck Unit = 1
* NMEA Latitude = 39 19.02 N
* NMEA Longitude = 073 22.23 W
* NMEA UTC (Time) = Feb 05 2020  11:39:45
* NMEA baud rate = 4800
** Ship: rv seawolf
** Station: 7.4
** Operator: kal
# nquan = 35
# nvalues = 78                          
# units = specified
# name 0 = depSM: Depth [salt water, m]
# name 1 = t090C: Temperature [ITS-90, deg C]
# name 2 = sal00: Salinity, Practical [PSU]
# name 3 = density00: Density [density, kg/m^3]
# name 4 = sbeox0V: Oxygen raw, SBE 43 [V]
# name 5 = sbeox0ML/L: Oxygen, SBE 43 [ml/l]
# name 6 = sbeox0PS: Oxygen, SBE 43 [% saturation]
# name 7 = sbox0dV/dT: Oxygen, SBE 43 [dov/dt]
# name 8 = oxsolML/L: Oxygen Saturation, Garcia & Gordon [ml/l]
# name 9 = oxsatML/L: Oxygen Saturation, Weiss [ml/l]
# name 10 = ph: pH
# name 11 = flECO-AFL: Fluorescence, WET Labs ECO-AFL/FL [mg/m^3]
# name 12 = n2satML/L: Nitrogen Saturation [ml/l]
# name 13 = c0S/m: Conductivity [S/m]
# name 14 = cpar: CPAR/Corrected Irradiance [%]
# name 15 = sigma-é00: Density [sigma-theta, kg/m^3]
# name 16 = sigma-t00: Density [sigma-t, kg/m^3 ]
# name 17 = par: PAR/Irradiance, Biospherical/Licor
# name 18 = prDM: Pressure, Digiquartz [db]
# name 19 = pumps: Pump Status
# name 20 = scan: Scan Count
# name 21 = svCM: Sound Velocity [Chen-Millero, m/s]
# name 22 = spar: SPAR, Biospherical/Licor
# name 23 = specc: Specific Conductance [uS/cm]
# name 24 = timeS: Time, Elapsed [seconds]
# name 25 = timeY: Time, System [seconds]
# name 26 = accM: Acceleration [m/s^2]
# name 27 = dz/dtM: Descent Rate [m/s]
# name 28 = latitude: Latitude [deg]
# name 29 = longitude: Longitude [deg]
# name 30 = gsw_saA0: Absolute Salinity [g/kg]
# name 31 = gsw_densityA0: density, TEOS-10 [density, kg/m^3]
# name 32 = gsw_sigma0A0: density, TEOS-10 [sigma-0, kg/m^3 ]
# name 33 = gsw_ptA0: potential temperature [ITS-90, deg C]
# name 34 = flag: flag
# span 0 =      2.000,     42.000       
# span 1 =     8.6047,     8.7443       
# span 2 =    33.5216,    33.5952       
# span 3 =  1026.0114,  1026.2664       
# span 4 =     2.4637,     2.5462       
# span 5 =     6.4631,     6.6983       
# span 6 =     98.398,    102.171       
# span 7 =   -0.00345,    0.00409       
# span 8 =    6.55435,    6.57139       
# span 9 =    6.55979,    6.57715       
# span 10 =      8.293,      8.316      
# span 11 =     0.2943,     0.6639      
# span 12 =   11.81177,   11.83922      
# span 13 =   3.544821,   3.550480      
# span 14 = -2.122e+04, 1.0616e+05      
# span 15 =    26.0013,    26.0740      
# span 16 =    26.0012,    26.0734      
# span 17 = 1.0000e-12, 1.8346e-01      
# span 18 =      2.020,     42.296      
# span 19 =          1,          1      
# span 20 =        308,      12314      
# span 21 =    1483.42,    1483.85      
# span 22 = -3.651e-01, 7.3487e+00      
# span 23 =  52605.536,  52755.990      
# span 24 =     12.779,    513.038      
# span 25 = 1580902799, 1580903299      
# span 26 =      -1.28,       0.77      
# span 27 =     -1.307,      0.983      
# span 28 =   39.31421,   39.31698      
# span 29 =  -73.37204,  -73.37058      
# span 30 =    33.6800,    33.7551      
# span 31 =  1026.0137,  1026.2696      
# span 32 =    26.0040,    26.0774      
# span 33 =     8.6015,     8.7440      
# span 34 = 0.0000e+00, 0.0000e+00      
# interval = meters: 1                  
# start_time = Feb 05 2020 11:39:46 [System UTC, first data scan.]
# bad_flag = -9.990e-29
*END*
      2.000     8.7410    33.5231  1026.0114 -9.990e-29     6.6904    102.073    0.00010    6.55454    6.55999      8.316     0.6301   11.81209   3.550145 3.5557e+00    26.0022    26.0022 1.8346e-01      2.020          1        308    1483.46 5.2334e+00  52606.387     12.779 1580902799       0.77     -0.143   39.31698  -73.37058    33.6813  1026.0137    26.0046     8.7408 0.0000e+00
      3.000     8.7443    33.5225  1026.0147     2.5461     6.6933    102.120   -0.00023    6.55435    6.55979      8.316     0.6639   11.81177   3.550480 9.4303e-01    26.0013    26.0012 4.4076e-02      3.021          1        596    1483.48 4.7937e+00  52605.536     24.807 1580902811       0.14      0.354   39.31690  -73.37060    33.6812  1026.0177    26.0040     8.7440 0.0000e+00
      4.000     8.7350    33.5224  1026.0209     2.5462     6.6960    102.138   -0.00024    6.55586    6.56132      8.316     0.6269   11.81427   3.549570 5.4253e-02    26.0026    26.0026 2.5871e-03      4.026          1        698    1483.47 4.7514e+00  52608.062     29.035 1580902815       0.29      0.519   39.31688  -73.37060    33.6800  1026.0228    26.0045     8.7346 0.0000e+00
      5.000     8.7230    33.5228  1026.0277     2.5453     6.6938    102.096   -0.00031    6.55641    6.56189      8.316     0.6421   11.81518   3.548659 2.3159e-11    26.0048    26.0047 1.0000e-12      5.040          1        768    1483.44 4.4550e+00  52611.921     31.978 1580902818      -0.04      0.357   39.31687  -73.37060    33.6813  1026.0303    26.0074     8.7225 0.0000e+00
      6.000     8.7244    33.5225  1026.0319     2.5448     6.6924    102.077   -0.00036    6.55627    6.56174      8.316     0.6086   11.81495   3.548802 2.1688e-11    26.0044    26.0043 1.0000e-12      6.036          1        837    1483.46 4.7993e+00  52611.914     34.846 1580902821       0.42      0.618   39.31684  -73.37060    33.6811  1026.0344    26.0070     8.7238 0.0000e+00
      7.000     8.7257    33.5224  1026.0361     2.5439     6.6918    102.072   -0.00014    6.55591    6.56138      8.316     0.6625   11.81436   3.548978 2.0908e-11    26.0041    26.0040 1.0000e-12      7.053          1        927    1483.48 4.9817e+00  52612.101     38.576 1580902825       0.02      0.289   39.31682  -73.37060    33.6812  1026.0390    26.0069     8.7250 0.0000e+00
      8.000     8.7275    33.5224  1026.0405     2.5432     6.6915    102.070   -0.00008    6.55581    6.56128 -9.990e-29     0.6201   11.81419   3.549188 2.2763e-11    26.0038    26.0037 1.0000e-12      8.062          1       1004    1483.51 4.5477e+00  52612.375     41.789 1580902828      -0.01      0.321   39.31680  -73.37060    33.6812  1026.0433    26.0067     8.7267 0.0000e+00
      9.000     8.7272    33.5229  1026.0455     2.5436     6.6951    102.124    0.00010    6.55589    6.56135 -9.990e-29     0.6029   11.81431   3.549257 2.1998e-11    26.0043    26.0041 1.0000e-12      9.070          1       1068    1483.52 4.7267e+00  52613.822     44.453 1580902831       0.11      0.392   39.31678  -73.37061    33.6818  1026.0484    26.0072     8.7262 0.0000e+00
     10.000     8.7282    33.5223  1026.0495     2.5440     6.6983    102.171    0.00017    6.55602    6.56149 -9.990e-29     0.6361   11.81453   3.549327 2.2324e-11    26.0037    26.0036 1.0000e-12     10.079          1       1143    1483.54 4.6505e+00  52613.479     47.575 1580902834      -0.07      0.286   39.31677  -73.37062    33.6811  1026.0523    26.0065     8.7271 0.0000e+00
     11.000     8.7247    33.5243  1026.0562     2.5433     6.6882    102.018   -0.00076    6.55594    6.56141 -9.990e-29     0.5978   11.81439   3.549247 2.1830e-11    26.0058    26.0056 1.0000e-12     11.087          1       1203    1483.55 4.7660e+00  52617.664     50.064 1580902837       0.53      0.494   39.31676  -73.37062    33.6832  1026.0590    26.0087     8.7235 0.0000e+00
     12.000     8.7268    33.5231  1026.0595     2.5424     6.6888    102.028   -0.00042    6.55586    6.56132 -9.990e-29     0.6161   11.81426   3.549371 2.2360e-11    26.0046    26.0044 1.0000e-12     12.081          1       1252    1483.57 4.6421e+00  52616.158     52.137 1580902839       0.29      0.654   39.31674  -73.37062    33.6820  1026.0623    26.0074     8.7255 0.0000e+00
     13.000     8.7279    33.5225  1026.0635     2.5417     6.6896    102.038   -0.00023    6.55599    6.56147      8.315     0.6441   11.81448   3.549464 2.1938e-11    26.0040    26.0038 1.0000e-12     13.097          1       1345    1483.59 4.7408e+00  52615.809     55.999 1580902842       0.07      0.428   39.31672  -73.37062    33.6814  1026.0664    26.0069     8.7265 0.0000e+00
     14.000     8.7264    33.5240  1026.0695     2.5405     6.6845    101.962   -0.00043    6.55592    6.56139      8.315     0.6290   11.81432   3.549518 1.3682e+04    26.0054    26.0051 1.0000e-12     14.105          1       1414    1483.60 4.0825e+00  52618.873     58.890 1580902845       0.17      0.397   39.31671  -73.37062    33.6829  1026.0724    26.0083     8.7249 0.0000e+00
     15.000     8.7278    33.5262  1026.0755     2.5395     6.6819    101.925   -0.00043    6.55572    6.56119      8.313     0.6181   11.81398   3.549894 5.3012e+04    26.0069    26.0066 1.0000e-12     15.116          1       1499    1483.63 1.8623e+00  52622.246     62.402 1580902849       0.46      0.330   39.31668  -73.37064    33.6851  1026.0785    26.0098     8.7262 0.0000e+00
     16.000     8.7269    33.5274  1026.0813     2.5377     6.6750    101.819   -0.00062    6.55572    6.56119      8.313     0.6434   11.81398   3.549968 6.8148e+04    26.0080    26.0078 1.0000e-12     16.122          1       1563    1483.64 1.4239e+00  52624.916     65.074 1580902852      -0.09      0.354   39.31667  -73.37064    33.6863  1026.0841    26.0108     8.7252 0.0000e+00
     17.000     8.7269    33.5284  1026.0866     2.5377     6.6831    101.927    0.00003    6.55681    6.56231 -9.990e-29     0.5441   11.81562   3.550124 6.1583e+04    26.0087    26.0085 1.0000e-12     17.134          1       1654    1483.66 1.7339e+00  52626.887     68.891 1580902855       0.05      0.274   39.31665  -73.37064    33.6874  1026.0895    26.0117     8.7252 0.0000e+00
     18.000     8.7218    33.5351  1026.0972     2.5303     6.6385    101.253   -0.00225    6.55640    6.56189 -9.990e-29     0.5801   11.81501   3.550328 -8.693e+02    26.0148    26.0145 1.0000e-12     18.136          1       1722    1483.67 4.9273e+00  52638.107     71.695 1580902858       0.22      0.345   39.31663  -73.37065    33.6939  1026.1000    26.0176     8.7200 0.0000e+00
     19.000     8.7108    33.5415  1026.1086     2.5254     6.6341    101.175   -0.00107    6.55703    6.56253      8.310     0.5910   11.81601   3.549930 1.9322e-11    26.0216    26.0213 1.0000e-12     19.136          1       1824    1483.65 5.3528e+00  52650.504     75.955 1580902862       0.72      0.394   39.31661  -73.37066    33.6998  1026.1108    26.0239     8.7088 0.0000e+00
     20.000     8.7062    33.5442  1026.1159     2.5235     6.6245    101.019   -0.00160    6.55764    6.56316      8.309     0.5445   11.81699   3.549839 2.0941e-11    26.0244    26.0240 1.0000e-12     20.133          1       1913    1483.65 4.9741e+00  52655.745     79.675 1580902866       0.50      0.805   39.31658  -73.37067    33.7027  1026.1183    26.0269     8.7042 0.0000e+00
     21.000     8.7102    33.5413  1026.1177     2.5214     6.6378    101.217    0.00038    6.55796    6.56348      8.308     0.5419   11.81746   3.549999 2.2378e-11    26.0215    26.0212 1.0000e-12     21.165          1       2101    1483.68 4.6377e+00  52651.519     87.488 1580902874       0.07      0.174   39.31654  -73.37068    33.7002  1026.1205    26.0243     8.7080 0.0000e+00
     22.000     8.7032    33.5481  1026.1287     2.5147     6.5917    100.460   -0.00276    6.56151    6.56710      8.307     0.4407   11.82315   3.550042 2.1180e-11    26.0279    26.0276 1.0000e-12     22.166          1       2194    1483.68 4.9182e+00  52663.317     91.358 1580902878       0.28      0.406   39.31652  -73.37069    33.7068  1026.1313    26.0306     8.7009 0.0000e+00
     23.000     8.6653    33.5676  1026.1544     2.4999     6.5400     99.647   -0.00345    6.56322    6.56885 -9.990e-29     0.3829   11.82589   3.548302 2.1352e-11    26.0491    26.0487 1.0000e-12     23.173          1       2312    1483.58 4.8779e+00  52700.035     96.279 1580902883       0.16      0.510   39.31649  -73.37071    33.7241  1026.1552    26.0499     8.6629 0.0000e+00
     24.000     8.6650    33.5696  1026.1606     2.4948     6.5396     99.671   -0.00144    6.56124    6.56683 -9.990e-29     0.4231   11.82266   3.548675 2.1115e-11    26.0507    26.0503 1.0000e-12     24.175          1       2414    1483.60 4.9333e+00  52703.536    100.543 1580902887       0.24      0.620   39.31647  -73.37072    33.7278  1026.1627    26.0529     8.6626 0.0000e+00
     25.000     8.6564    33.5756  1026.1713     2.4859     6.5206     99.332   -0.00089    6.56442    6.57007      8.301     0.3916   11.82776   3.548565 2.0565e-11    26.0568    26.0564 1.0000e-12     25.192          1       2595    1483.59 5.0620e+00  52714.749    108.070 1580902894       0.06      0.338   39.31643  -73.37076    33.7344  1026.1739    26.0594     8.6538 0.0000e+00
     26.000     8.6703    33.5740  1026.1724     2.4845     6.5163     99.309   -0.00056    6.56167    6.56727      8.298     0.4061   11.82325   3.549688 2.1703e-11    26.0534    26.0530 1.0000e-12     26.195          1       2696    1483.66 4.7956e+00  52709.839    112.278 1580902899       0.26      0.424   39.31641  -73.37077    33.7326  1026.1748    26.0558     8.6676 0.0000e+00
     27.000     8.6442    33.5798  1026.1856     2.4785     6.4984     98.941   -0.00130    6.56792    6.57363      8.299     0.3700   11.83349   3.547908 2.0511e-11    26.0620    26.0616 1.0000e-12     27.204          1       2838    1483.58 5.0746e+00  52724.675    118.189 1580902905       0.18      0.298   39.31638  -73.37079    33.7383  1026.1879    26.0643     8.6414 0.0000e+00
     28.000     8.6134    33.5830  1026.1975     2.4741     6.4894     98.761   -0.00114    6.57083    6.57658      8.298     0.3479   11.83828   3.545413 2.0819e-11    26.0692    26.0688 1.0000e-12     28.216          1       2947    1483.49 5.0026e+00  52736.810    122.731 1580902909       0.04      0.274   39.31636  -73.37082    33.7408  1026.1993    26.0710     8.6105 0.0000e+00
     29.000     8.6054    33.5833  1026.2035     2.4715     6.4877     98.729   -0.00055    6.57120    6.57695      8.298     0.3460   11.83889   3.544821 1.9959e-11    26.0707    26.0703 1.0000e-12     29.225          1       3037    1483.47 5.2037e+00  52739.688    126.510 1580902913       0.05      0.250   39.31633  -73.37082    33.7417  1026.2058    26.0730     8.6024 0.0000e+00
     30.000     8.6056    33.5832  1026.2081     2.4708     6.4853     98.690   -0.00062    6.57137    6.57713      8.298     0.3444   11.83917   3.544919 1.9036e-11    26.0707    26.0702 1.0000e-12     30.243          1       3126    1483.49 5.4199e+00  52740.256    130.228 1580902917       0.48      0.259   39.31632  -73.37084    33.7421  1026.2107    26.0732     8.6025 0.0000e+00
     31.000     8.6047    33.5832  1026.2128     2.4709     6.4911     98.778   -0.00005    6.57139    6.57715      8.298     0.3451   11.83922   3.544894 2.0492e-11    26.0708    26.0703 1.0000e-12     31.224          1       3175    1483.50 5.0790e+00  52741.151    132.264 1580902919       0.44      0.739   39.31630  -73.37085    33.7423  1026.2154    26.0735     8.6015 0.0000e+00
     32.000     8.6048    33.5832  1026.2174     2.4707     6.4893     98.752   -0.00029    6.57132    6.57708      8.298     0.3276   11.83910   3.544954 2.0941e-11    26.0708    26.0703 1.0000e-12     32.233          1       3268    1483.52 4.9741e+00  52741.686    136.144 1580902923       0.17      0.858   39.31628  -73.37086    33.7423  1026.2200    26.0735     8.6015 0.0000e+00
     33.000     8.6051    33.5834  1026.2221     2.4693     6.4836     98.669   -0.00052    6.57113    6.57688      8.298     0.4169   11.83877   3.545053 1.9675e-11    26.0709    26.0704 1.0000e-12     33.251          1       3399    1483.54 5.2704e+00  52742.551    141.567 1580902928       0.38      0.375   39.31625  -73.37089    33.7427  1026.2249    26.0738     8.6016 0.0000e+00
     34.000     8.6053    33.5836  1026.2268     2.4696     6.4885     98.742   -0.00017    6.57110    6.57685      8.298     0.3447   11.83872   3.545139 2.0055e-11    26.0710    26.0705 1.0000e-12     34.257          1       3471    1483.56 5.1814e+00  52743.438    144.586 1580902931       0.22      0.533   39.31624  -73.37091    33.7428  1026.2296    26.0739     8.6018 0.0000e+00
     35.000     8.6065    33.5837  1026.2313     2.4682     6.4820     98.648   -0.00044    6.57081    6.57656      8.298     0.3156   11.83824   3.545317 1.9743e-11    26.0710    26.0704 1.0000e-12     35.267          1       3566    1483.58 4.8576e+00  52744.030    148.559 1580902935       0.20      0.386   39.31622  -73.37092    33.7431  1026.2342    26.0740     8.6029 0.0000e+00
     36.000     8.6081    33.5842  1026.2360     2.4692     6.4927     98.823    0.00035    6.57006    6.57580      8.298     0.3253   11.83698   3.545539 1.9119e-11    26.0712    26.0706 1.0000e-12     36.284          1       3666    1483.60 4.9818e+00  52745.098    152.700 1580902939       0.07      0.175   39.31620  -73.37094    33.7435  1026.2389    26.0740     8.6043 0.0000e+00
     37.000     8.6123    33.5858  1026.2412     2.4695     6.4897     98.777   -0.00009    6.57003    6.57577      8.297     0.4378   11.83694   3.546183 1.9374e-11    26.0717    26.0712 1.0000e-12     37.284          1       3733    1483.64 5.3285e+00  52747.001    155.493 1580902942       0.60      0.388   39.31618  -73.37096    33.7458  1026.2447    26.0752     8.6084 0.0000e+00
     38.000     8.6138    33.5861  1026.2458     2.4681     6.4828     98.681   -0.00050    6.56944    6.57517      8.297     0.3694   11.83595   3.546342 1.9291e-11    26.0718    26.0712 1.0000e-12     38.279          1       3818    1483.66 5.3601e+00  52747.742    159.021 1580902946       0.46      0.690   39.31617  -73.37097    33.7456  1026.2488    26.0748     8.6098 0.0000e+00
     39.000     8.6180    33.5873  1026.2507     2.4687     6.4820     98.685   -0.00028    6.56841    6.57413      8.296     0.3082   11.83422   3.546902 2.0580e-11    26.0720    26.0714 1.0000e-12     39.305          1       3922    1483.69 5.0585e+00  52749.078    163.390 1580902950       0.01      0.377   39.31615  -73.37099    33.7470  1026.2539    26.0753     8.6140 0.0000e+00
     40.000     8.6239    33.5890  1026.2557     2.4662     6.4755     98.590   -0.00058    6.56805    6.57377      8.296     0.3363   11.83361   3.547647 3.0860e+04    26.0725    26.0719 1.0000e-12     40.301          1       4000    1483.73 3.7692e+00  52750.876    166.624 1580902953       0.35      0.548   39.31613  -73.37100    33.7488  1026.2589    26.0758     8.6197 0.0000e+00
     41.000     8.6281    33.5905  1026.2608     2.4654     6.4727     98.553   -0.00067    6.56777    6.57348      8.295     0.3606   11.83314   3.548216 3.9459e+04    26.0730    26.0724 1.0000e-12     41.305          1       4230    1483.77 2.3532e+00  52752.638    176.222 1580902963       0.30      0.504   39.31608  -73.37104    33.7504  1026.2641    26.0764     8.6238 0.0000e+00
     42.000     8.6459    33.5952  1026.2664     2.4637     6.4631     98.398   -0.00088    6.56835    6.57407      8.294     0.3372   11.83411   3.550324 -2.122e+04    26.0740    26.0734 1.0000e-12     42.296          1       4783    1483.85 7.3487e+00  52755.990    199.245 1580902986      -0.78      0.983   39.31597  -73.37110    33.7551  1026.2696    26.0774     8.6416 0.0000e+00
