CalculateIndicators/WaterTemperature/Data/CTD_NYOS/20201028_C33.cnv
* Sea-Bird SBE 9 Data File:
* FileName = C:\Seabird 9 CTD\Data\2020\202010_offshore\20201028_C33.hex
* Software Version Seasave V 7.23.2
* Temperature SN = 4590
* Conductivity SN = 3228
* Number of Bytes Per Scan = 44
* Number of Voltage Words = 5
* Number of Scans Averaged by the Deck Unit = 1
* NMEA Latitude = 40 34.73 N
* NMEA Longitude = 072 05.48 W
* NMEA UTC (Time) = Oct 28 2020  15:15:36
* NMEA baud rate = 4800
** Ship: seawolf
** Station: 2.2
** Operator: EIH
# nquan = 31
# nvalues = 95                          
# units = specified
# name 0 = depSM: Depth [salt water, m]
# name 1 = t090C: Temperature [ITS-90, deg C]
# name 2 = sal00: Salinity, Practical [PSU]
# name 3 = density00: Density [density, kg/m^3]
# name 4 = sbeox0V: Oxygen raw, SBE 43 [V]
# name 5 = sbeox0ML/L: Oxygen, SBE 43 [ml/l]
# name 6 = sbeox0PS: Oxygen, SBE 43 [% saturation]
# name 7 = sbox0dV/dT: Oxygen, SBE 43 [dov/dt]
# name 8 = oxsolML/L: Oxygen Saturation, Garcia & Gordon [ml/l]
# name 9 = oxsatML/L: Oxygen Saturation, Weiss [ml/l]
# name 10 = ph: pH
# name 11 = flECO-AFL: Fluorescence, WET Labs ECO-AFL/FL [mg/m^3]
# name 12 = n2satML/L: Nitrogen Saturation [ml/l]
# name 13 = c0S/m: Conductivity [S/m]
# name 14 = cpar: CPAR/Corrected Irradiance [%]
# name 15 = sigma-é00: Density [sigma-theta, kg/m^3]
# name 16 = sigma-t00: Density [sigma-t, kg/m^3 ]
# name 17 = par: PAR/Irradiance, Biospherical/Licor
# name 18 = prDM: Pressure, Digiquartz [db]
# name 19 = pumps: Pump Status
# name 20 = scan: Scan Count
# name 21 = svCM: Sound Velocity [Chen-Millero, m/s]
# name 22 = spar: SPAR, Biospherical/Licor
# name 23 = specc: Specific Conductance [uS/cm]
# name 24 = timeS: Time, Elapsed [seconds]
# name 25 = timeY: Time, System [seconds]
# name 26 = accM: Acceleration [m/s^2]
# name 27 = dz/dtM: Descent Rate [m/s]
# name 28 = latitude: Latitude [deg]
# name 29 = longitude: Longitude [deg]
# name 30 = flag: flag
# span 0 =      1.942,     48.618       
# span 1 =    15.5326,    17.3193       
# span 2 =    32.8040,    33.4763       
# span 3 =  1023.8585,  1024.8979       
# span 4 =     1.5588,     2.3653       
# span 5 =     2.9908,     5.0491       
# span 6 =     52.635,     91.725       
# span 7 =   -0.12521,    0.09037       
# span 8 =    5.50457,    5.68209       
# span 9 =    5.49691,    5.67640       
# span 10 =      8.270,      8.559      
# span 11 =     0.0111,     0.2175      
# span 12 =   10.07714,   10.36793      
# span 13 =   4.176375,   4.302704      
# span 14 = 2.7749e-02, 2.6986e+01      
# span 15 =    23.8500,    24.6822      
# span 16 =    23.8499,    24.6805      
# span 17 = 3.6924e-02, 4.6256e+01      
# span 18 =      2.000,     49.000      
# span 19 =          1,          1      
# span 20 =        278,       9603      
# span 21 =    1507.39,    1512.24      
# span 22 = 1.3304e+02, 1.8346e+02      
# span 23 =  50445.049,  51519.203      
# span 24 =     11.545,    400.082      
# span 25 = 1603898149, 1603898538      
# span 26 =      -0.49,       0.56      
# span 27 =     -0.754,      0.747      
# span 28 =   40.57894,   40.57992      
# span 29 =  -72.09140,  -72.09128      
# span 30 = 0.0000e+00, 0.0000e+00      
# interval = decibars: 1                
# start_time = Oct 28 2020 15:15:38 [System UTC, first data scan.]
# bad_flag = -9.990e-29
*END*
[from data line 47]
     48.618    15.5326    33.4763  1024.8979     1.5588     2.9908     52.635    0.00114    5.68209    5.67640      8.270     0.0434   10.36793   4.176375 2.7749e-02    24.6822    24.6805 3.6924e-02     49.000          1       3202    1507.39 1.3304e+02  51519.203    133.386 1603898271      -0.10      0.042   40.57921  -72.09140 0.0000e+00
     47.621    15.7326    33.4199  1024.8053     1.6287     3.2383     57.561    0.02586    5.62769    5.62137      8.298     0.0268   10.27889   4.190447 4.7299e-02    24.5942    24.5925 6.3953e-02     48.000          1       3991    1507.93 1.3505e+02  51421.427    166.261 1603898304      -0.06     -0.434   40.57931  -72.09140 0.0000e+00
     46.638    15.9839    33.3694  1024.7055     1.7449     3.5937     64.718    0.05178    5.55252    5.54535      8.305     0.0111   10.15597   4.209484 6.2967e-02    24.4989    24.4972 8.5926e-02     47.000          1       4129    1508.64 1.3648e+02  51327.337    172.013 1603898310      -0.21     -0.491   40.57932  -72.09140 0.0000e+00
     45.633    16.3473    33.2940  1024.5600     1.8782     4.0747     73.546    0.09037    5.54076    5.53347      8.338     0.0292   10.13657   4.236877 8.0470e-02    24.3581    24.3565 1.1094e-01     46.000          1       4155    1509.65 1.3781e+02  51190.091    173.074 1603898311       0.00     -0.741   40.57932  -72.09140 0.0000e+00
     44.651    16.9029    33.1631  1024.3266     2.0695     4.5412     82.232    0.08088    5.52229    5.51481      8.396     0.0430   10.10611   4.274528 1.0070e-01    24.1294    24.1277 1.3923e-01     45.000          1       4210    1511.18 1.3826e+02  50961.305    175.384 1603898313       0.06     -0.366   40.57932  -72.09140 0.0000e+00
     43.659    17.1143    33.1412  1024.2555     2.2124     4.8168     87.370    0.05142    5.51308    5.50550      8.424     0.0467   10.09114   4.291531 1.2494e-01    24.0629    24.0612 1.7518e-01     44.000          1       4272    1511.78 1.4025e+02  50913.919    177.964 1603898316       0.06     -0.357   40.57934  -72.09140 0.0000e+00
     42.660    17.1930    33.1242  1024.2194     2.2549     4.8563     88.112    0.02962    5.51154    5.50394      8.426     0.0477   10.08878   4.296494 1.4588e-01    24.0312    24.0296 2.0453e-01     43.000          1       4313    1511.98 1.4020e+02  50883.762    179.646 1603898317      -0.37     -0.615   40.57934  -72.09140 0.0000e+00
     41.672    17.2289    33.1057  1024.1923     2.2778     4.8663     88.293    0.01431    5.51153    5.50393      8.426     0.0371   10.08886   4.297255 1.7042e-01    24.0085    24.0069 2.3923e-01     42.000          1       4353    1512.05 1.4021e+02  50855.082    181.314 1603898319       0.17     -0.643   40.57934  -72.09140 0.0000e+00
     40.678    17.2494    33.0874  1024.1690     2.2923     4.8810     88.576    0.00741    5.51051    5.50290      8.426     0.0447   10.08714   4.296601 2.0033e-01    23.9896    23.9880 2.8272e-01     41.000          1       4405    1512.07 1.4086e+02  50827.791    183.500 1603898321       0.06     -0.451   40.57935  -72.09140 0.0000e+00
     39.691    17.2569    33.0832  1024.1595     2.3055     4.9002     88.997    0.00412    5.50600    5.49834      8.427     0.0494   10.07958   4.296367 2.3337e-01    23.9845    23.9830 3.3059e-01     40.000          1       4475    1512.07 1.4162e+02  50820.878    186.397 1603898324      -0.35     -0.322   40.57936  -72.09140 0.0000e+00
     38.695    17.2741    33.0850  1024.1524     2.3203     4.9522     89.957    0.00834    5.50503    5.49737      8.432     0.0477   10.07798   4.298187 2.6692e-01    23.9818    23.9803 3.8472e-01     39.000          1       4514    1512.11 1.4414e+02  50821.522    188.026 1603898326       0.05     -0.604   40.57936  -72.09140 0.0000e+00
     37.704    17.3063    33.0912  1024.1451     2.3397     5.0122     91.046    0.01078    5.50517    5.49750      8.438     0.0389   10.07826   4.301736 3.0062e-01    23.9789    23.9774 4.3620e-01     38.000          1       4558    1512.19 1.4508e+02  50827.114    189.860 1603898328      -0.07     -0.532   40.57937  -72.09140 0.0000e+00
     36.709    17.3111    33.0864  1024.1359     2.3534     5.0377     91.481    0.00707    5.50678    5.49913      8.447     0.0451   10.08101   4.301382 3.3878e-01    23.9740    23.9726 4.9521e-01     37.000          1       4606    1512.19 1.4615e+02  50819.616    191.878 1603898330       0.11     -0.490   40.57938  -72.09140 0.0000e+00
     35.720    17.3008    33.0790  1024.1283     2.3593     5.0349     91.385    0.00086    5.50951    5.50188      8.408     0.0390   10.08565   4.299193 3.8411e-01    23.9708    23.9694 5.6905e-01     36.000          1       4674    1512.13 1.4816e+02  50809.766    194.692 1603898333      -0.14     -0.334   40.57938  -72.09140 0.0000e+00
     34.734    17.2800    33.0692  1024.1213     2.3595     5.0342     91.343    0.00027    5.51135    5.50373      8.408     0.0513   10.08878   4.295954 4.3479e-01    23.9681    23.9668 6.4611e-01     35.000          1       4725    1512.04 1.4859e+02  50797.335    196.836 1603898335       0.03     -0.464   40.57938  -72.09140 0.0000e+00
     33.732    17.2738    33.0672  1024.1168     2.3543     5.0086     90.870   -0.00341    5.51183    5.50422 -9.990e-29     0.0667   10.08959   4.295031 4.7787e-01    23.9681    23.9668 7.1715e-01     34.000          1       4755    1512.00 1.5007e+02  50794.719    198.096 1603898336      -0.36     -0.681   40.57940  -72.09140 0.0000e+00
     32.740    17.2595    33.0602  1024.1104     2.3508     5.0044     90.787   -0.00178    5.51221    5.50460 -9.990e-29     0.0496   10.09024   4.292787 5.4486e-01    23.9660    23.9648 8.1797e-01     33.000          1       4808    1511.94 1.5010e+02  50785.632    200.307 1603898338       0.15     -0.465   40.57940  -72.09140 0.0000e+00
     31.757    17.2521    33.0569  1024.1053     2.3536     5.0251     91.131    0.00208    5.51410    5.50650 -9.990e-29 -9.990e-29   10.09347   4.291650 6.1241e-01    23.9652    23.9640 9.3328e-01     32.000          1       4897    1511.89 1.5243e+02  50781.163    204.014 1603898342      -0.09     -0.235   40.57940  -72.09140 0.0000e+00
     30.757    17.2484    33.0548  1024.1001     2.3532     5.0194     90.981   -0.00006    5.51699    5.50941      8.408     0.0637   10.09843   4.290954 6.8283e-01    23.9644    23.9632 1.0285e+00     31.000          1       4928    1511.86 1.5065e+02  50777.990    205.303 1603898343      -0.31     -0.656   40.57940  -72.09140 0.0000e+00
     29.763    17.2384    33.0484  1024.0932     2.3524     5.0164     90.890   -0.00088    5.51918    5.51162      8.408     0.0581   10.10220   4.289103 7.5707e-01    23.9619    23.9607 1.1407e+00     30.000          1       4962    1511.81 1.5065e+02  50769.599    206.689 1603898345       0.07     -0.754   40.57942  -72.09140 0.0000e+00
     28.775    17.2011    33.0235  1024.0785     2.3525     5.0228     90.941    0.00004    5.52313    5.51560      8.405     0.0831   10.10896   4.282498 8.4143e-01    23.9516    23.9505 1.2885e+00     29.000          1       5027    1511.65 1.5314e+02  50737.716    209.407 1603898347       0.11     -0.306   40.57942  -72.09140 0.0000e+00
     27.783    17.1719    33.0060  1024.0676     2.3500     5.0130     90.733   -0.00109    5.52499    5.51747      8.411     0.0892   10.11214   4.277746 9.4190e-01    23.9450    23.9439 1.4327e+00     28.000          1       5085    1511.53 1.5210e+02  50715.456    211.848 1603898350      -0.10     -0.490   40.57942  -72.09140 0.0000e+00
     26.790    17.1592    32.9983  1024.0603     2.3478     5.0064     90.611   -0.00133    5.52510    5.51759      8.412     0.0954   10.11235   4.275563 1.0515e+00    23.9421    23.9410 1.5860e+00     27.000          1       5126    1511.47 1.5086e+02  50705.355    213.552 1603898351      -0.09     -0.573   40.57944  -72.09140 0.0000e+00
     25.791    17.1530    32.9928  1024.0531     2.3466     5.0060     90.605   -0.00035    5.52506    5.51754      8.410     0.0962   10.11230   4.274411 1.1731e+00    23.9393    23.9383 1.7866e+00     26.000          1       5196    1511.42 1.5233e+02  50697.775    216.439 1603898354      -0.09     -0.468   40.57945  -72.09140 0.0000e+00
     24.803    17.1494    32.9861  1024.0444     2.3449     5.0008     90.502   -0.00055    5.52560    5.51808      8.408     0.0845   10.11326   4.273299 1.2787e+00    23.9349    23.9340 2.0039e+00     25.000          1       5534    1511.39 1.5662e+02  50688.343    230.562 1603898368      -0.08     -0.235   40.57948  -72.09140 0.0000e+00
     23.811    17.1254    32.9629  1024.0278     2.3381     4.9842     90.129   -0.00097    5.53005    5.52256      8.411     0.0889   10.12098   4.268247 1.4285e+00    23.9228    23.9218 2.3631e+00     24.000          1       6805    1511.27 1.6535e+02  50657.765    283.508 1603898421      -0.09     -0.465   40.57961  -72.09138 0.0000e+00
     22.821    17.1174    32.9528  1024.0176     2.3386     4.9898     90.217    0.00027    5.53088    5.52339      8.421     0.0976   10.12245   4.266315 1.5813e+00    23.9168    23.9160 2.6229e+00     23.000          1       6934    1511.22 1.6588e+02  50643.981    288.868 1603898427       0.01     -0.417   40.57964  -72.09138 0.0000e+00
     21.829    17.1143    32.9462  1024.0088     2.3403     4.9978     90.331    0.00088    5.53272    5.52524      8.446     0.1091   10.12569   4.265202 1.7403e+00    23.9125    23.9117 2.8868e+00     22.000          1       6996    1511.19 1.6588e+02  50634.701    291.474 1603898429      -0.02     -0.374   40.57964  -72.09138 0.0000e+00
     20.837    17.1015    32.9267  1023.9925     2.3423     5.0019     90.392    0.00052    5.53355    5.52608      8.445     0.1264   10.12714   4.261667 2.0024e+00    23.9005    23.8997 3.2502e+00     21.000          1       7068    1511.11 1.6232e+02  50608.383    294.477 1603898432       0.02     -0.317   40.57964  -72.09138 0.0000e+00
     19.847    17.0958    32.9206  1023.9848     2.3449     5.0118     90.547    0.00113    5.53498    5.52752      8.445     0.1102   10.12961   4.260431 2.1509e+00    23.8971    23.8964 3.5723e+00     20.000          1       7134    1511.07 1.6610e+02  50599.928    297.228 1603898435      -0.03     -0.378   40.57965  -72.09137 0.0000e+00
     18.853    17.0873    32.9136  1023.9770     2.3469     5.0164     90.616    0.00085    5.53584    5.52838      8.445     0.1264   10.13110   4.258736 2.4084e+00    23.8938    23.8931 3.9656e+00     19.000          1       7196    1511.02 1.6490e+02  50590.540    299.790 1603898438       0.04     -0.353   40.57966  -72.09136 0.0000e+00
     17.858    17.0792    32.9057  1023.9684     2.3469     5.0120     90.529   -0.00041    5.53640    5.52895      8.444     0.1178   10.13208   4.257002 2.6880e+00    23.8895    23.8888 4.4090e+00     18.000          1       7256    1510.97 1.6397e+02  50579.701    302.294 1603898440      -0.13     -0.477   40.57966  -72.09136 0.0000e+00
     16.870    17.0760    32.9022  1023.9621     2.3449     5.0043     90.380   -0.00104    5.53690    5.52945      8.436     0.1195   10.13294   4.256315 2.9811e+00    23.8876    23.8870 4.8860e+00     17.000          1       7310    1510.94 1.6390e+02  50574.723    304.548 1603898442      -0.00     -0.432   40.57967  -72.09136 0.0000e+00
     15.877    17.0715    32.8987  1023.9560     2.3448     5.0069     90.426   -0.00001    5.53701    5.52956 -9.990e-29     0.1219   10.13313   4.255435 3.2963e+00    23.8859    23.8853 5.3989e+00     16.000          1       7364    1510.90 1.6379e+02  50569.761    306.771 1603898445       0.05     -0.441   40.57968  -72.09136 0.0000e+00
     14.883    17.0702    32.8979  1023.9513     2.3438     5.0021     90.339   -0.00043    5.53701    5.52957      8.436     0.1199   10.13314   4.255202 3.7669e+00    23.8856    23.8850 6.0827e+00     15.000          1       7420    1510.88 1.6148e+02  50568.215    309.104 1603898447       0.05     -0.428   40.57968  -72.09136 0.0000e+00
     13.892    17.0696    32.8971  1023.9463     2.3433     5.0010     90.325   -0.00012    5.53664    5.52919      8.436     0.1358   10.13251   4.255024 4.1558e+00    23.8850    23.8845 6.7659e+00     14.000          1       7476    1510.86 1.6291e+02  50566.583    311.442 1603898449      -0.23     -0.424   40.57969  -72.09136 0.0000e+00
     12.899    17.0718    32.8976  1023.9418     2.3435     5.0014     90.336    0.00012    5.53642    5.52897      8.433     0.1121   10.13214   4.255276 4.8156e+00    23.8849    23.8844 7.6001e+00     13.000          1       7529    1510.85 1.5779e+02  50566.696    313.665 1603898452       0.11     -0.439   40.57970  -72.09136 0.0000e+00
     11.905    17.0746    32.8983  1023.9373     2.3415     4.9924     90.176   -0.00090    5.53632    5.52887      8.436     0.1206   10.13197   4.255583 5.3669e+00    23.8848    23.8843 8.4786e+00     12.000          1       7584    1510.85 1.5798e+02  50566.961    315.976 1603898454      -0.02     -0.463   40.57970  -72.09136 0.0000e+00
     10.915    17.0760    32.8991  1023.9331     2.3400     4.9914     90.129   -0.00035    5.53805    5.53061      8.439     0.1210   10.13491   4.255765 6.0968e+00    23.8850    23.8845 9.8404e+00     11.000          1       7672    1510.84 1.6141e+02  50567.372    319.641 1603898457       0.05     -0.234   40.57971  -72.09136 0.0000e+00
      9.916    17.0380    32.8786  1023.9219     2.3411     5.0030     90.231    0.00049    5.54460    5.53721      8.443     0.1172   10.14611   4.249274 7.0657e+00    23.8781    23.8777 1.1956e+01     10.000          1       8021    1510.68 1.6753e+02  50541.753    334.179 1603898472      -0.21     -0.264   40.57975  -72.09134 0.0000e+00
      8.931    16.9600    32.8382  1023.9048     2.3437     5.0187     90.429    0.00200    5.54981    5.54246      8.436     0.1416   10.15501   4.237401 7.2241e+00    23.8654    23.8651 1.3247e+01      9.000          1       9190    1510.38 1.8346e+02  50491.781    382.885 1603898521       0.02     -0.377   40.57989  -72.09130 0.0000e+00
      7.937    16.9681    32.8401  1023.9000     2.3440     5.0152     90.317    0.00002    5.55290    5.54557      8.434     0.1396   10.16028   4.238611 8.5521e+00    23.8649    23.8646 1.5475e+01      8.000          1       9214    1510.39 1.8100e+02  50493.222    383.865 1603898522      -0.03     -0.352   40.57988  -72.09130 0.0000e+00
      6.944    16.9428    32.8260  1023.8906     2.3473     5.0310     90.540    0.00117    5.55659    5.54929      8.435     0.1770   10.16660   4.234145 9.8970e+00    23.8600    23.8597 1.7788e+01      7.000          1       9288    1510.28 1.7974e+02  50475.413    386.972 1603898525      -0.22     -0.267   40.57990  -72.09130 0.0000e+00
      5.950    16.9168    32.8098  1023.8798     2.3506     5.0391     90.679    0.00103    5.55707    5.54977      8.446     0.2047   10.16744   4.229974 1.1505e+01    23.8535    23.8533 2.0493e+01      6.000          1       9353    1510.17 1.7817e+02  50454.581    389.658 1603898528      -0.13     -0.457   40.57990  -72.09128 0.0000e+00
      4.963    16.9114    32.8046  1023.8727     2.3516     5.0385     90.668    0.00006    5.55705    5.54975      8.443     0.2097   10.16740   4.228921 1.3389e+01    23.8508    23.8506 2.3565e+01      5.000          1       9414    1510.13 1.7600e+02  50447.371    392.226 1603898530      -0.07     -0.347   40.57990  -72.09128 0.0000e+00
      3.965    16.9110    32.8040  1023.8679     2.3522     5.0397     90.689    0.00028    5.55708    5.54978      8.440     0.2072   10.16746   4.228815 1.6756e+01    23.8504    23.8502 2.9182e+01      4.000          1       9503    1510.11 1.7420e+02  50446.082    395.932 1603898534      -0.20     -0.345   40.57992  -72.09128 0.0000e+00
