CalculateIndicators/WaterTemperature/Data/CTD_NYOS/20200205_C08.cnv
* Sea-Bird SBE 9 Data File:
* FileName = C:\Seabird 9 CTD\Data\2020\202002_offshore\20200205_C08.hex
* Software Version Seasave V 7.23.2
* Temperature SN = 4590
* Conductivity SN = 3228
* Number of Bytes Per Scan = 44
* Number of Voltage Words = 5
* Number of Scans Averaged by the Deck Unit = 1
* NMEA Latitude = 38 31.86 N
* NMEA Longitude = 073 04.51 W
* NMEA UTC (Time) = Feb 09 2020  11:23:35
* NMEA baud rate = 4800
** Ship: rv seawolf
** Station: 7.6
** Operator: eih
# nquan = 35
# nvalues = 601                         
# units = specified
# name 0 = depSM: Depth [salt water, m]
# name 1 = t090C: Temperature [ITS-90, deg C]
# name 2 = sal00: Salinity, Practical [PSU]
# name 3 = density00: Density [density, kg/m^3]
# name 4 = sbeox0V: Oxygen raw, SBE 43 [V]
# name 5 = sbeox0ML/L: Oxygen, SBE 43 [ml/l]
# name 6 = sbeox0PS: Oxygen, SBE 43 [% saturation]
# name 7 = sbox0dV/dT: Oxygen, SBE 43 [dov/dt]
# name 8 = oxsolML/L: Oxygen Saturation, Garcia & Gordon [ml/l]
# name 9 = oxsatML/L: Oxygen Saturation, Weiss [ml/l]
# name 10 = ph: pH
# name 11 = flECO-AFL: Fluorescence, WET Labs ECO-AFL/FL [mg/m^3]
# name 12 = n2satML/L: Nitrogen Saturation [ml/l]
# name 13 = c0S/m: Conductivity [S/m]
# name 14 = cpar: CPAR/Corrected Irradiance [%]
# name 15 = sigma-é00: Density [sigma-theta, kg/m^3]
# name 16 = sigma-t00: Density [sigma-t, kg/m^3 ]
# name 17 = par: PAR/Irradiance, Biospherical/Licor
# name 18 = prDM: Pressure, Digiquartz [db]
# name 19 = pumps: Pump Status
# name 20 = scan: Scan Count
# name 21 = svCM: Sound Velocity [Chen-Millero, m/s]
# name 22 = spar: SPAR, Biospherical/Licor
# name 23 = specc: Specific Conductance [uS/cm]
# name 24 = timeS: Time, Elapsed [seconds]
# name 25 = timeY: Time, System [seconds]
# name 26 = accM: Acceleration [m/s^2]
# name 27 = dz/dtM: Descent Rate [m/s]
# name 28 = latitude: Latitude [deg]
# name 29 = longitude: Longitude [deg]
# name 30 = gsw_saA0: Absolute Salinity [g/kg]
# name 31 = gsw_densityA0: density, TEOS-10 [density, kg/m^3]
# name 32 = gsw_sigma0A0: density, TEOS-10 [sigma-0, kg/m^3 ]
# name 33 = gsw_ptA0: potential temperature [ITS-90, deg C]
# name 34 = flag: flag
# span 0 =      1.000,    301.000       
# span 1 =     9.0274,    14.4827       
# span 2 =    33.5266,    35.7669       
# span 3 =  1025.9248,  1028.6410       
# span 4 =     1.4417,     2.4992       
# span 5 =     3.0575,     6.4659       
# span 6 =     48.791,     99.841       
# span 7 =   -0.02842,    0.02390       
# span 8 =    5.72902,    6.47762       
# span 9 =    5.72513,    6.48196       
# span 10 =      8.081,      8.327      
# span 11 =    -0.0543,     0.5659      
# span 12 =   10.42234,   11.68481      
# span 13 =   3.597847,   4.315574      
# span 14 = -1.932e+04, 1.0885e+05      
# span 15 =    25.9203,    27.2721      
# span 16 =    25.9203,    27.2667      
# span 17 = -4.331e-04, 2.2089e+01      
# span 18 =      1.011,    303.487      
# span 19 =          1,          1      
# span 20 =        343,      57609      
# span 21 =    1485.37,    1507.94      
# span 22 = -4.897e-01, 1.3180e+02      
# span 23 =  52494.514,  55093.409      
# span 24 =     14.263,   2400.320      
# span 25 = 1581247432, 1581249819      
# span 26 =      -0.69,       0.77      
# span 27 =     -0.922,      1.047      
# span 28 =   38.52446,   38.53104      
# span 29 =  -73.08414,  -73.07528      
# span 30 =    33.6851,    35.9347      
# span 31 =  1025.9278,  1028.6449      
# span 32 =    25.9231,    27.2760      
# span 33 =     8.9939,    14.4672      
# span 34 = 0.0000e+00, 0.0000e+00      
# interval = meters: 1                  
# start_time = Feb 09 2020 11:23:39 [System UTC, first data scan.]
# bad_flag = -9.990e-29
*END*
[from data line 498]
    103.000    14.4817    35.6304  1027.0321     2.3313     5.2512     91.625    0.00048    5.73115    5.72729      8.307     0.0006   10.42592   4.313763 2.5549e-12    26.5748    26.5715 1.0000e-12    103.809          1      40761    1507.48 3.9319e+01  54625.118   1698.352 1581249117       0.06     -0.272   38.52620  -73.08138    35.7994  1027.0368    26.5795    14.4663 0.0000e+00
    102.000    14.4535    35.6248  1027.0294     2.3340     5.2590     91.734    0.00042    5.73288    5.72903 -9.990e-29     0.0132   10.42883   4.310230 2.5657e-12    26.5765    26.5732 1.0000e-12    102.799          1      40875    1507.37 3.8996e+01  54620.248   1703.074 1581249122      -0.03     -0.264   38.52619  -73.08140    35.7930  1027.0335    26.5806    14.4383 0.0000e+00
    101.000    14.4542    35.6225  1027.0230     2.3368     5.2735     91.973    0.00137    5.73377    5.72994 -9.990e-29     0.0125   10.43033   4.310031 2.5333e-12    26.5745    26.5712 1.0000e-12    101.794          1      40938    1507.35 3.9476e+01  54616.444   1705.706 1581249124      -0.15     -0.422   38.52618  -73.08140    35.7909  1027.0273    26.5788    14.4392 0.0000e+00
    100.000    14.4448    35.6201  1027.0188     2.3385     5.2710     91.926    0.00031    5.73393    5.73010 -9.990e-29     0.0106   10.43062   4.308797 2.5320e-12    26.5747    26.5715 1.0000e-12    100.784          1      41038    1507.30 3.9495e+01  54613.808   1709.888 1581249129      -0.01     -0.228   38.52617  -73.08142    35.7886  1027.0231    26.5790    14.4299 0.0000e+00
     99.000    14.4448    35.6193  1027.0137     2.3393     5.2737     91.960    0.00040    5.73483    5.73101 -9.990e-29     0.0050   10.43212   4.308687 2.5320e-12    26.5740    26.5708 1.0000e-12     99.769          1      41131    1507.29 3.9495e+01  54612.107   1713.763 1581249132      -0.11     -0.263   38.52616  -73.08144    35.7879  1027.0181    26.5785    14.4301 0.0000e+00
     98.000    14.4401    35.6181  1027.0093     2.3393     5.2717     91.924    0.00010    5.73483    5.73100      8.308     0.0068   10.43212   4.308022 2.5320e-12    26.5741    26.5709 1.0000e-12     98.770          1      41178    1507.25 3.9495e+01  54610.506   1715.720 1581249134       0.07     -0.406   38.52615  -73.08144    35.7865  1027.0136    26.5784    14.4255 0.0000e+00
     97.000    14.4362    35.6165  1027.0045     2.3403     5.2767     91.946   -0.00002    5.73888    5.73510      8.308     0.0097   10.43892   4.307399 2.5320e-12    26.5737    26.5706 1.0000e-12     97.755          1      41288    1507.22 3.9495e+01  54608.287   1720.288 1581249139      -0.13     -0.144   38.52614  -73.08146    35.7848  1027.0086    26.5779    14.4217 0.0000e+00
     96.000    14.4148    35.6112  1027.0005     2.3404     5.2821     92.005    0.00043    5.74114    5.73738      8.309     0.0076   10.44273   4.304507 2.5320e-12    26.5741    26.5711 1.0000e-12     96.751          1      41336    1507.13 3.9495e+01  54603.030   1722.291 1581249141      -0.01     -0.468   38.52613  -73.08147    35.7781  1027.0037    26.5773    14.4005 0.0000e+00
     95.000    14.3860    35.6014  1026.9947     2.3413     5.2834     91.986    0.00010    5.74375    5.74002 -9.990e-29     0.0096   10.44714   4.300578 2.5320e-12    26.5728    26.5697 1.0000e-12     95.741          1      41418    1507.01 2.0321e+01  54592.650   1725.719 1581249144      -0.08     -0.231   38.52612  -73.08148    35.7686  1026.9982    26.5762    14.3718 0.0000e+00
     94.000    14.3660    35.5948  1026.9895     2.3422     5.2906     92.058    0.00029    5.74703    5.74334 -9.990e-29     0.0170   10.45266   4.297832 2.5320e-12    26.5719    26.5689 1.0000e-12     94.736          1      41491    1506.92 2.9814e+01  54585.584   1728.754 1581249147      -0.10     -0.330   38.52612  -73.08149    35.7620  1026.9929    26.5753    14.3520 0.0000e+00
     93.000    14.3349    35.5852  1026.9844     2.3430     5.2941     92.086    0.00028    5.74901    5.74534 -9.990e-29     0.0174   10.45598   4.293602 2.4964e-12    26.5711    26.5682 1.0000e-12     93.729          1      41569    1506.79 3.8878e+01  54575.720   1731.997 1581249151      -0.00     -0.354   38.52610  -73.08151    35.7517  1026.9873    26.5740    14.3211 0.0000e+00
     92.000    14.3236    35.5815  1026.9795     2.3452     5.3051     92.240    0.00079    5.75145    5.74780 -9.990e-29     0.0070   10.46009   4.292139 2.4358e-12    26.5707    26.5677 1.0000e-12     92.717          1      41650    1506.74 4.1075e+01  54571.442   1735.363 1581249154      -0.10     -0.313   38.52610  -73.08152    35.7490  1026.9832    26.5743    14.3099 0.0000e+00
     91.000    14.3087    35.5762  1026.9741     2.3451     5.3038     92.158    0.00005    5.75516    5.75155      8.308     0.0151   10.46632   4.290008 2.5268e-12    26.5697    26.5668 1.0000e-12     91.711          1      41718    1506.67 3.9580e+01  54565.504   1738.196 1581249157       0.05     -0.317   38.52609  -73.08153    35.7433  1026.9775    26.5731    14.2952 0.0000e+00
     90.000    14.2763    35.5671  1026.9696     2.3456     5.3156     92.187    0.00010    5.76607    5.76258      8.309     0.0294   10.48461   4.285559 2.4493e-12    26.5695    26.5667 1.0000e-12     90.705          1      41789    1506.53 4.0547e+01  54556.495   1741.160 1581249160      -0.01     -0.382   38.52608  -73.08155    35.7322  1026.9715    26.5715    14.2630 0.0000e+00
     89.000    14.1428    35.5339  1026.9682     2.3421     5.3082     91.812   -0.00170    5.78164    5.77830      8.306     0.0030   10.51091   4.268354 2.4546e-12    26.5724    26.5696 1.0000e-12     89.690          1      41897    1506.05 3.9240e+01  54527.436   1745.656 1581249164      -0.08     -0.144   38.52606  -73.08156    35.6955  1026.9675    26.5716    14.1298 0.0000e+00
     88.000    14.1013    35.5106  1026.9546     2.3368     5.2888     91.456   -0.00253    5.78295    5.77963      8.305     0.0203   10.51309   4.261835 2.4699e-12    26.5631    26.5604 1.0000e-12     88.688          1      41939    1505.87 4.0491e+01  54500.134   1747.417 1581249166      -0.13     -0.582   38.52606  -73.08158    35.6733  1026.9548    26.5634    14.0884 0.0000e+00
     87.000    14.0641    35.4990  1026.9491     2.3322     5.2811     91.310   -0.00175    5.78367    5.78035      8.305     0.0143   10.51431   4.257008 2.9987e-12    26.5620    26.5593 1.0000e-12     87.682          1      42009    1505.72 3.6471e+01  54488.620   1750.335 1581249169       0.00     -0.468   38.52604  -73.08158    35.6629  1026.9504    26.5633    14.0514 0.0000e+00
     86.000    14.0478    35.4926  1026.9432     2.3295     5.2800     91.285   -0.00061    5.78406    5.78075      8.304     0.0130   10.51498   4.254859 3.3995e-12    26.5605    26.5578 1.0000e-12     86.675          1      42121    1505.64 3.2402e+01  54481.329   1754.985 1581249174       0.04     -0.468   38.52604  -73.08160    35.6584  1026.9459    26.5632    14.0352 0.0000e+00
     85.000    14.0613    35.4935  1026.9365     2.3271     5.2683     91.147   -0.00065    5.77999    5.77663      8.303     0.0243   10.50819   4.256523 2.4495e-12    26.5583    26.5557 1.0000e-12     85.663          1      42236    1505.67 4.1117e+01  54480.255   1759.796 1581249178      -0.01     -0.183   38.52602  -73.08162    35.6619  1026.9412    26.5630    14.0489 0.0000e+00
     84.000    14.0978    35.4995  1026.9289     2.3229     5.2591     90.933   -0.00055    5.78354    5.78022 -9.990e-29     0.0112   10.51415   4.260689 2.3943e-12    26.5552    26.5526 1.0000e-12     84.647          1      42378    1505.78 4.1777e+01  54483.249   1765.708 1581249184      -0.20     -0.174   38.52601  -73.08164    35.6675  1026.9332    26.5595    14.0855 0.0000e+00
     83.000    14.0642    35.4926  1026.9262     2.3257     5.2709     91.139    0.00013    5.78337    5.78005 -9.990e-29     0.0139   10.51388   4.256482 2.3522e-12    26.5569    26.5543 1.0000e-12     83.651          1      42445    1505.65 4.2536e+01  54477.474   1768.502 1581249187      -0.19     -0.305   38.52600  -73.08165    35.6597  1026.9299    26.5606    14.0521 0.0000e+00
     82.000    14.0619    35.4886  1026.9192     2.3284     5.2720     91.239   -0.00003    5.77823    5.77485 -9.990e-29     0.0123   10.50530   4.256072 2.3138e-12    26.5543    26.5518 1.0000e-12     82.642          1      42552    1505.62 4.3338e+01  54471.755   1772.967 1581249192      -0.28     -0.335   38.52598  -73.08168    35.6584  1026.9250    26.5601    14.0499 0.0000e+00
     81.000    14.1042    35.4951  1026.9106     2.3260     5.2614     91.077   -0.00028    5.77686    5.77347 -9.990e-29     0.0198   10.50303   4.260853 2.3255e-12    26.5503    26.5477 1.0000e-12     81.632          1      42669    1505.74 4.3025e+01  54474.532   1777.818 1581249197      -0.12     -0.301   38.52597  -73.08170    35.6643  1026.9160    26.5557    14.0924 0.0000e+00
     80.000    14.1077    35.4958  1026.9060     2.3265     5.2676     91.165    0.00034    5.77816    5.77479      8.301     0.0153   10.50520   4.261149 2.3023e-12    26.5501    26.5476 1.0000e-12     80.622          1      42766    1505.74 4.3436e+01  54474.529   1781.867 1581249201      -0.01     -0.210   38.52596  -73.08171    35.6643  1026.9108    26.5549    14.0960 0.0000e+00
     79.000    14.0709    35.4865  1026.9022     2.3282     5.2997     91.263    0.00033    5.80707    5.80400      8.302     0.0169   10.55380   4.255825 2.3018e-12    26.5506    26.5482 1.0000e-12     79.614          1      42897    1505.59 4.3444e+01  54465.898   1787.337 1581249206      -0.19     -0.188   38.52595  -73.08174    35.6489  1026.9023    26.5508    14.0594 0.0000e+00
     78.000    13.8274    35.4178  1026.8963     2.3461     5.4128     92.980    0.00780    5.82149    5.81857      8.302     0.0388   10.57811   4.223811 2.2637e-12    26.5488    26.5465 1.0000e-12     78.606          1      42966    1504.71 4.4197e+01  54402.958   1790.189 1581249209       0.02     -0.387   38.52594  -73.08174    35.5744  1026.8921    26.5447    13.8162 0.0000e+00
     77.000    13.7707    35.3884  1026.8810     2.3589     5.4173     92.998    0.00220    5.82522    5.82234 -9.990e-29     0.0606   10.58434   4.215597 2.2769e-12    26.5379    26.5355 1.0000e-12     77.604          1      43068    1504.47 4.3907e+01  54369.449   1794.466 1581249213      -0.24     -0.394   38.52593  -73.08176    35.5500  1026.8808    26.5377    13.7596 0.0000e+00
     76.000    13.7251    35.3772  1026.8774     2.3654     5.4278     93.198    0.00126    5.82392    5.82102      8.302     0.0571   10.58231   4.210148 3.2513e-12    26.5387    26.5364 1.0000e-12     76.589          1      43165    1504.29 3.6555e+01  54359.617   1798.518 1581249217       0.08     -0.260   38.52592  -73.08178    35.5413  1026.8792    26.5405    13.7142 0.0000e+00
     75.000    13.7484    35.3710  1026.8633     2.3667     5.4261     93.169    0.00045    5.82389    5.82098      8.302     0.0572   10.58229   4.212026 3.3663e-12    26.5290    26.5268 1.0000e-12     75.586          1      43240    1504.35 3.3436e+01  54347.481   1801.613 1581249220      -0.11     -0.377   38.52591  -73.08179    35.5378  1026.8671    26.5329    13.7377 0.0000e+00
     74.000    13.7580    35.3665  1026.8533     2.3666     5.4227     93.068   -0.00024    5.82664    5.82376      8.302     0.0631   10.58699   4.212475 2.2067e-12    26.5235    26.5212 1.0000e-12     74.574          1      43348    1504.35 4.5367e+01  54339.329   1806.128 1581249225      -0.16     -0.373   38.52590  -73.08181    35.5336  1026.8574    26.5276    13.7474 0.0000e+00
     73.000    13.7593    35.3657  1026.8479     2.3684     5.4383     93.292    0.00101    5.82939    5.82654      8.302     0.0635   10.59157   4.212348 2.2017e-12    26.5226    26.5204 1.0000e-12     73.570          1      43393    1504.34 4.5419e+01  54337.586   1807.982 1581249227      -0.13     -0.537   38.52590  -73.08182    35.5316  1026.8511    26.5258    13.7488 0.0000e+00
     72.000    13.6999    35.3464  1026.8410     2.3709     5.4451     93.348    0.00042    5.83307    5.83026      8.302     0.0552   10.59781   4.204328 2.2017e-12    26.5200    26.5179 1.0000e-12     72.558          1      43480    1504.11 4.5419e+01  54318.402   1811.636 1581249230       0.06     -0.232   38.52588  -73.08182    35.5114  1026.8436    26.5226    13.6896 0.0000e+00
     71.000    13.6904    35.3404  1026.8338     2.3725     5.4418     93.242   -0.00111    5.83619    5.83341 -9.990e-29     0.0477   10.60304   4.202879 2.2097e-12    26.5173    26.5152 1.0000e-12     71.549          1      43570    1504.05 4.5419e+01  54310.840   1815.390 1581249234      -0.54     -0.519   38.52588  -73.08184    35.5070  1026.8376    26.5211    13.6802 0.0000e+00
     70.000    13.6834    35.3388  1026.8296     2.3737     5.4564     93.470    0.00040    5.83760    5.83484 -9.990e-29     0.0680   10.60542   4.201857 2.1980e-12    26.5175    26.5154 1.0000e-12     70.550          1      43601    1504.01 4.5419e+01  54308.981   1816.672 1581249235       0.03     -0.808   38.52588  -73.08184    35.5043  1026.8326    26.5205    13.6733 0.0000e+00
     69.000    13.6306    35.3241  1026.8248     2.3765     5.4766     93.627    0.00053    5.84940    5.84677      8.303     0.0643   10.62526   4.194671 2.1786e-12    26.5170    26.5150 1.0000e-12     69.536          1      43699    1503.80 4.5419e+01  54295.341   1820.740 1581249239      -0.25     -0.356   38.52586  -73.08187    35.4858  1026.8248    26.5171    13.6208 0.0000e+00
     68.000    13.5238    35.2923  1026.8180     2.3822     5.5144     94.112    0.00239    5.85932    5.85680      8.303     0.0707   10.64189   4.180696 2.1539e-12    26.5145    26.5125 1.0000e-12     68.532          1      43768    1503.40 4.6389e+01  54265.609   1823.621 1581249242       0.13     -0.556   38.52585  -73.08188    35.4530  1026.8174    26.5140    13.5141 0.0000e+00
     67.000    13.4598    35.2761  1026.8142     2.3887     5.5286     94.297    0.00125    5.86297    5.86048      8.304     0.0849   10.64807   4.172953 2.1563e-12    26.5152    26.5132 1.0000e-12     67.519          1      43870    1503.16 4.6199e+01  54251.552   1827.871 1581249247      -0.01     -0.208   38.52584  -73.08189    35.4394  1026.8157    26.5166    13.4503 0.0000e+00
     66.000    13.4515    35.2664  1026.8039     2.3891     5.5186     94.112   -0.00055    5.86386    5.86138      8.304     0.0745   10.64961   4.171239 -9.990e-29    26.5093    26.5074 1.0000e-12     66.507          1      43949    1503.10 4.5662e+01  54238.696   1831.152 1581249250      -0.23     -0.382   38.52583  -73.08190    35.4313  1026.8066    26.5121    13.4422 0.0000e+00
     65.000    13.4473    35.2635  1026.7981     2.3897     5.5248     94.178   -0.00017    5.86630    5.86384      8.303     0.0939   10.65373   4.170512 9.9999e+04    26.5079    26.5060 1.0000e-12     65.506          1      44020    1503.07 2.5201e+01  54234.745   1834.131 1581249253      -0.14     -0.403   38.52582  -73.08191    35.4287  1026.8010    26.5109    13.4381 0.0000e+00
     64.000    13.4249    35.2521  1026.7894     2.3886     5.5195     94.052   -0.00069    5.86852    5.86609      8.303     0.1006   10.65757   4.166970 2.5668e+04    26.5037    26.5018 1.0000e-12     64.498          1      44103    1502.96 3.7669e+01  54221.614   1837.567 1581249256      -0.03     -0.474   38.52581  -73.08192    35.4163  1026.7916    26.5059    13.4159 0.0000e+00
