CalculateIndicators/WaterTemperature/Data/CTD_NYOS/20200205_C04.cnv
* Sea-Bird SBE 9 Data File:
* FileName = C:\Seabird 9 CTD\Data\2020\202002_offshore\20200205_C04.hex
* Software Version Seasave V 7.23.2
* Temperature SN = 4590
* Conductivity SN = 3228
* Number of Bytes Per Scan = 44
* Number of Voltage Words = 5
* Number of Scans Averaged by the Deck Unit = 1
* NMEA Latitude = 40 06.35 N
* NMEA Longitude = 073 38.75 W
* NMEA UTC (Time) = Feb 05 2020  04:36:08
* NMEA baud rate = 4800
** Ship: rv seawolf
** Station: 7.2
** Operator: sjw
# nquan = 35
# nvalues = 72                          
# units = specified
# name 0 = depSM: Depth [salt water, m]
# name 1 = t090C: Temperature [ITS-90, deg C]
# name 2 = sal00: Salinity, Practical [PSU]
# name 3 = density00: Density [density, kg/m^3]
# name 4 = sbeox0V: Oxygen raw, SBE 43 [V]
# name 5 = sbeox0ML/L: Oxygen, SBE 43 [ml/l]
# name 6 = sbeox0PS: Oxygen, SBE 43 [% saturation]
# name 7 = sbox0dV/dT: Oxygen, SBE 43 [dov/dt]
# name 8 = oxsolML/L: Oxygen Saturation, Garcia & Gordon [ml/l]
# name 9 = oxsatML/L: Oxygen Saturation, Weiss [ml/l]
# name 10 = ph: pH
# name 11 = flECO-AFL: Fluorescence, WET Labs ECO-AFL/FL [mg/m^3]
# name 12 = n2satML/L: Nitrogen Saturation [ml/l]
# name 13 = c0S/m: Conductivity [S/m]
# name 14 = cpar: CPAR/Corrected Irradiance [%]
# name 15 = sigma-é00: Density [sigma-theta, kg/m^3]
# name 16 = sigma-t00: Density [sigma-t, kg/m^3 ]
# name 17 = par: PAR/Irradiance, Biospherical/Licor
# name 18 = prDM: Pressure, Digiquartz [db]
# name 19 = pumps: Pump Status
# name 20 = scan: Scan Count
# name 21 = svCM: Sound Velocity [Chen-Millero, m/s]
# name 22 = spar: SPAR, Biospherical/Licor
# name 23 = specc: Specific Conductance [uS/cm]
# name 24 = timeS: Time, Elapsed [seconds]
# name 25 = timeY: Time, System [seconds]
# name 26 = accM: Acceleration [m/s^2]
# name 27 = dz/dtM: Descent Rate [m/s]
# name 28 = latitude: Latitude [deg]
# name 29 = longitude: Longitude [deg]
# name 30 = gsw_saA0: Absolute Salinity [g/kg]
# name 31 = gsw_densityA0: density, TEOS-10 [density, kg/m^3]
# name 32 = gsw_sigma0A0: density, TEOS-10 [sigma-0, kg/m^3 ]
# name 33 = gsw_ptA0: potential temperature [ITS-90, deg C]
# name 34 = flag: flag
# span 0 =      1.000,     37.000       
# span 1 =     6.5391,     8.4758       
# span 2 =    32.1477,    33.5047       
# span 3 =  1025.2315,  1026.1998       
# span 4 =     2.4492,     2.6018       
# span 5 =     6.4901,     7.3308       
# span 6 =     97.505,    105.541       
# span 7 =   -0.00712,    0.00536       
# span 8 =    6.65338,    6.94616       
# span 9 =    6.66019,    6.95588       
# span 10 =      8.262,      8.309      
# span 11 =     0.2464,     1.0360      
# span 12 =   11.97668,   12.47621      
# span 13 =   3.232678,   3.526050      
# span 14 = -5.362e+04, 1.1355e+05      
# span 15 =    25.2269,    26.0302      
# span 16 =    25.2269,    26.0296      
# span 17 = 1.0000e-12, 1.1478e-01      
# span 18 =      1.023,     37.277      
# span 19 =          1,          1      
# span 20 =        278,      11082      
# span 21 =    1473.45,    1483.03      
# span 22 = -3.817e-01, 6.3759e+00      
# span 23 =  51175.726,  52661.393      
# span 24 =     11.526,    461.691      
# span 25 = 1580877381, 1580877831      
# span 26 =      -0.48,       0.65      
# span 27 =     -0.595,      0.666      
# span 28 =   40.10592,   40.10628      
# span 29 =  -73.64588,  -73.64504      
# span 30 =    32.3002,    33.6648      
# span 31 =  1025.2337,  1026.2035      
# span 32 =    25.2290,    26.0339      
# span 33 =     6.5388,     8.4719      
# span 34 = 0.0000e+00, 0.0000e+00      
# interval = meters: 1                  
# start_time = Feb 05 2020 04:36:09 [System UTC, first data scan.]
# bad_flag = -9.990e-29
*END*
[from data line 42]
     30.000     7.6167    33.3015  1026.1339     2.4541     6.6105     98.193    0.00011    6.73216    6.74002 -9.990e-29     0.2634   12.10829   3.429753 2.2923e+04    25.9957    25.9953 1.0000e-12     30.233          1       5336    1479.40 2.3399e+00  52576.387    222.285 1580877591      -0.20     -0.491   40.10608  -73.64546    33.4575  1026.1349    25.9967     7.6138 0.0000e+00
     29.000     7.6133    33.3006  1026.1291     2.4547     6.6114     98.210    0.00013    6.73195    6.73980 -9.990e-29     0.2464   12.10795   3.429371 3.6895e+04    25.9955    25.9951 1.0000e-12     29.227          1       5389    1479.38 2.4087e+00  52575.362    224.502 1580877594       0.10     -0.412   40.10608  -73.64546    33.4572  1026.1305    25.9969     7.6105 0.0000e+00
     28.000     7.6102    33.2990  1026.1237     2.4547     6.6207     98.251    0.00044    6.73858    6.74652 -9.990e-29     0.3063   12.11904   3.428882 -2.000e+03    25.9947    25.9943 1.0000e-12     28.222          1       5489    1479.34 4.0312e+00  52573.208    228.671 1580877598      -0.38     -0.300   40.10608  -73.64545    33.4553  1026.1248    25.9958     7.6076 0.0000e+00
     27.000     7.5574    33.2896  1026.1192     2.4600     6.6725     98.881    0.00299    6.74799    6.75606 -9.990e-29     0.3506   12.13478   3.422990 -9.990e-29    25.9948    25.9944 1.0000e-12     27.212          1       5561    1479.11 3.9495e+00  52572.418    231.671 1580877601      -0.02     -0.589   40.10608  -73.64544    33.4428  1026.1179    25.9935     7.5548 0.0000e+00
     26.000     7.5270    33.2772  1026.1091     2.4672     6.6947     99.238    0.00290    6.74610    6.75414 -9.990e-29     0.3265   12.13161   3.419183 7.8378e+04    25.9893    25.9889 1.0000e-12     26.209          1       5629    1478.97 1.0979e+00  52561.663    234.520 1580877604      -0.02     -0.540   40.10608  -73.64544    33.4312  1026.1086    25.9887     7.5245 0.0000e+00
     25.000     7.4863    33.2641  1026.0999     2.4754     6.7177     99.444    0.00156    6.75520    6.76336      8.270     0.3903   12.14685   3.414374 3.7189e+03    25.9847    25.9844 1.0000e-12     25.202          1       6970    1478.78 3.8108e+00  52552.617    290.366 1580877659       0.05     -0.578   40.10613  -73.64536    33.4186  1026.0998    25.9845     7.4840 0.0000e+00
     24.000     7.4531    33.2538  1026.0919     2.4798     6.7307     99.559    0.00092    6.76057    6.76880      8.270     0.3846   12.15589   3.410600 2.5320e-11    25.9813    25.9810 1.0000e-12     24.185          1       7475    1478.62 3.9495e+00  52545.784    311.432 1580877680       0.00     -0.186   40.10616  -73.64533    33.4101  1026.0932    25.9825     7.4508 0.0000e+00
     23.000     7.4444    33.2473  1026.0834     2.4788     6.7148     99.260   -0.00075    6.76491    6.77319      8.270     0.3791   12.16316   3.409107 2.5320e-11    25.9774    25.9771 1.0000e-12     23.179          1       7534    1478.56 3.9495e+00  52538.063    313.873 1580877683      -0.48     -0.353   40.10616  -73.64532    33.4027  1026.0840    25.9780     7.4422 0.0000e+00
     22.000     7.4217    33.2389  1026.0754     2.4831     6.7491     99.785    0.00148    6.76365    6.77191      8.271     0.4373   12.16109   3.406345 2.5320e-11    25.9739    25.9737 1.0000e-12     22.177          1       7609    1478.45 3.9495e+00  52531.202    316.992 1580877686      -0.25     -0.391   40.10616  -73.64532    33.3950  1026.0765    25.9751     7.4196 0.0000e+00
     21.000     7.4274    33.2371  1026.0685     2.4889     6.7708    100.085    0.00162    6.76506    6.77335      8.273     0.4265   12.16348   3.406740 2.5320e-11    25.9716    25.9714 1.0000e-12     21.162          1       7699    1478.45 3.9495e+00  52526.349    320.768 1580877690       0.06     -0.312   40.10616  -73.64532    33.3942  1026.0705    25.9737     7.4255 0.0000e+00
     20.000     7.4148    33.2325  1026.0621     2.4915     6.7674    100.031    0.00046    6.76522    6.77350      8.275     0.4775   12.16382   3.405100 5.8460e+04    25.9698    25.9696 1.0000e-12     20.154          1       7790    1478.38 1.3317e+00  52522.466    324.561 1580877694      -0.17     -0.242   40.10616  -73.64530    33.3890  1026.0635    25.9713     7.4129 0.0000e+00
     19.000     7.4182    33.2273  1026.0529     2.4958     6.7934    100.406    0.00161    6.76589    6.77417      8.275     0.4817   12.16498   3.404947 4.6052e+04    25.9652    25.9650 1.0000e-12     19.149          1       7860    1478.37 2.0642e+00  52513.464    327.460 1580877697       0.05     -0.355   40.10616  -73.64530    33.3846  1026.0550    25.9674     7.4164 0.0000e+00
     18.000     7.4127    33.2198  1026.0431     2.5034     6.8179    100.750    0.00151    6.76716    6.77545      8.275     0.4879   12.16721   3.403656 -8.595e+03    25.9601    25.9598 1.0000e-12     18.134          1       7970    1478.32 4.2977e+00  52503.430    332.037 1580877701      -0.20     -0.133   40.10616  -73.64530    33.3763  1026.0446    25.9616     7.4110 0.0000e+00
     17.000     7.4107    33.2144  1026.0345     2.5062     6.8293    100.879    0.00145    6.76977    6.77808      8.278     0.5297   12.17164   3.402953 2.5320e-11    25.9561    25.9559 1.0000e-12     17.139          1       8024    1478.29 3.9495e+00  52495.564    334.302 1580877703      -0.25     -0.423   40.10617  -73.64530    33.3711  1026.0363    25.9578     7.4091 0.0000e+00
     16.000     7.3877    33.1970  1026.0194     2.5108     6.8559    101.050    0.00103    6.78459    6.79306      8.279     0.6378   12.19684   3.399029 2.5320e-11    25.9456    25.9454 1.0000e-12     16.121          1       8130    1478.17 3.9495e+00  52476.069    338.725 1580877708      -0.06     -0.245   40.10618  -73.64528    33.3509  1026.0190    25.9452     7.3862 0.0000e+00
     15.000     7.3282    33.1514  1025.9873     2.5173     6.8888    101.546    0.00226    6.78394    6.79240 -9.990e-29     0.6940   12.19577   3.389515 7.8316e+04    25.9180    25.9178 1.0000e-12     15.120          1       8200    1477.86 8.5638e-01  52425.589    341.632 1580877711      -0.28     -0.349   40.10618  -73.64528    33.3051  1025.9868    25.9176     7.3268 0.0000e+00
     14.000     7.3226    33.1428  1025.9766     2.5220     6.8928    101.609    0.00116    6.78369    6.79215 -9.990e-29     0.7474   12.19538   3.388376 2.5629e+04    25.9120    25.9118 1.0000e-12     14.114          1       8272    1477.81 2.8783e+00  52414.109    344.628 1580877714      -0.04     -0.509   40.10618  -73.64528    33.2985  1025.9778    25.9132     7.3213 0.0000e+00
     13.000     7.3182    33.1383  1025.9691     2.5266     6.9178    101.751    0.00058    6.79867    6.80731      8.280     0.7948   12.22061   3.387488 -5.070e+03    25.9090    25.9089 1.0000e-12     13.095          1       8408    1477.78 4.1679e+00  52408.070    350.311 1580877719      -0.14     -0.039   40.10618  -73.64527    33.2936  1025.9699    25.9099     7.3170 0.0000e+00
     12.000     7.2583    33.1105  1025.9509     2.5300     6.9730    102.111    0.00156    6.82875    6.83776      8.281     0.8607   12.27128   3.379227 2.3034e+04    25.8955    25.8953 1.0000e-12     12.095          1       8450    1477.49 3.0145e+00  52383.351    352.045 1580877721       0.05     -0.429   40.10618  -73.64526    33.2615  1025.9484    25.8930     7.2572 0.0000e+00
     11.000     7.0253    33.0053  1025.8953     2.5497     7.0979    103.672    0.00536    6.84657    6.85577      8.287     0.8598   12.30158   3.348469 1.0976e+05    25.8444    25.8443 1.0000e-12     11.082          1       8552    1476.44 -3.817e-01  52293.189    356.299 1580877725      -0.10     -0.138   40.10618  -73.64526    33.1495  1025.8878    25.8370     7.0243 0.0000e+00
     10.000     6.9569    32.9423  1025.8503     2.5628     7.1062    103.774    0.00163    6.84776    6.85697      8.291     0.8927   12.30359   3.336978 4.2359e+04    25.8040    25.8039 1.0000e-12     10.084          1       8760    1476.08 2.2016e+00  52220.681    364.948 1580877734      -0.14     -0.401   40.10619  -73.64524    33.0895  1025.8453    25.7991     6.9560 0.0000e+00
      9.000     6.8101    32.8449  1025.7884     2.5741     7.1931    104.235    0.00067    6.90083    6.91058      8.291     0.8712   12.39410   3.315393 -7.540e+03    25.7468    25.7467 1.0000e-12      9.065          1      10388    1475.37 4.2642e+00  52119.833    432.790 1580877802       0.07     -0.294   40.10627  -73.64510    32.9935  1025.7849    25.7433     6.8093 0.0000e+00
      8.000     6.7593    32.7836  1025.7422     2.5773     7.2245    104.645    0.00234    6.90384    6.91359 -9.990e-29     0.8800   12.39947   3.305159 2.5320e-11    25.7052    25.7051 1.0000e-12      8.068          1      10248    1475.08 3.9495e+00  52045.037    426.941 1580877796      -0.18     -0.595   40.10626  -73.64512    32.9297  1025.7370    25.6999     6.7586 0.0000e+00
      7.000     6.6839    32.6789  1025.6649     2.5871     7.2728    105.185    0.00272    6.91425    6.92406      8.297     0.8731   12.41774   3.289355 2.5320e-11    25.6325    25.6325 1.0000e-12      7.053          1      10332    1474.64 3.9495e+00  51915.074    430.472 1580877799      -0.02     -0.248   40.10626  -73.64512    32.8279  1025.6623    25.6299     6.6833 0.0000e+00
      6.000     6.6521    32.6065  1025.6073     2.5918     7.2898    105.259    0.00166    6.92557    6.93541      8.302     0.8517   12.43787   3.279843 2.5320e-11    25.5795    25.5795 1.0000e-12      6.044          1      10400    1474.40 3.9495e+00  51818.874    433.273 1580877802       0.02     -0.369   40.10626  -73.64511    32.7536  1025.6035    25.5757     6.6516 0.0000e+00
      5.000     6.6220    32.5414  1025.5554     2.5944     7.3166    105.360    0.00146    6.94437    6.95410      8.307     0.8818   12.47288   3.271493 2.5320e-11    25.5321    25.5320 1.0000e-12      5.041          1      10446    1474.19 3.9495e+00  51732.816    435.212 1580877804      -0.08     -0.536   40.10626  -73.64510    32.6904  1025.5532    25.5300     6.6216 0.0000e+00
      4.000     6.5879    32.2277  1025.3079     2.5971     7.3133    105.374    0.00079    6.94030    6.95004      8.307     0.7681   12.46540   3.239819 2.5320e-11    25.2893    25.2893 1.0000e-12      4.030          1      10526    1473.64 3.9495e+00  51291.293    438.531 1580877808       0.08     -0.254   40.10628  -73.64510    32.3726  1025.3036    25.2851     6.5875 0.0000e+00
      3.000     6.5991    32.2850  1025.3469     2.5979     7.3119    105.266   -0.00013    6.94616    6.95588 -9.990e-29     0.7746   12.47621   3.246004 2.0634e-01    25.3330    25.3330 8.1492e-03      3.023          1      10593    1473.74 3.9495e+00  51370.192    441.319 1580877810      -0.14     -0.444   40.10628  -73.64508    32.4310  1025.3433    25.3294     6.5988 0.0000e+00
      2.000     6.5838    32.1543  1025.2412     2.6005     7.3308    105.541    0.00086    6.94598    6.95570      8.308     0.8013   12.47589   3.233247 2.2182e+04    25.2319    25.2319 5.9358e-02      2.017          1      10654    1473.50 3.0485e+00  51185.531    443.871 1580877813       0.07     -0.369   40.10628  -73.64508    32.3047  1025.2416    25.2323     6.5836 0.0000e+00
      1.000     6.5823    32.1477  1025.2315     2.6018     7.3194    105.377   -0.00036    6.94593    6.95565      8.309     0.7810   12.47574   3.232678 -6.824e+03    25.2269    25.2269 1.1478e-01      1.023          1      11082    1473.47 2.7061e+00  51175.726    461.691 1580877831      -0.30     -0.182   40.10628  -73.64504    32.3002  1025.2337    25.2290     6.5823 0.0000e+00
