CalculateIndicators/WaterTemperature/Data/CTD_NYOS/20201027_C24.cnv
* Sea-Bird SBE 9 Data File:
* FileName = C:\Seabird 9 CTD\Data\2020\202010_offshore\20201027_C24.hex
* Software Version Seasave V 7.23.2
* Temperature SN = 4590
* Conductivity SN = 3228
* Number of Bytes Per Scan = 44
* Number of Voltage Words = 5
* Number of Scans Averaged by the Deck Unit = 1
* NMEA Latitude = 39 48.16 N
* NMEA Longitude = 072 29.90 W
* NMEA UTC (Time) = Oct 27 2020  11:42:48
* NMEA baud rate = 4800
** Ship: seawolf
** Station: 4.4
** Operator: sjw
# nquan = 31
# nvalues = 121                         
# units = specified
# name 0 = depSM: Depth [salt water, m]
# name 1 = t090C: Temperature [ITS-90, deg C]
# name 2 = sal00: Salinity, Practical [PSU]
# name 3 = density00: Density [density, kg/m^3]
# name 4 = sbeox0V: Oxygen raw, SBE 43 [V]
# name 5 = sbeox0ML/L: Oxygen, SBE 43 [ml/l]
# name 6 = sbeox0PS: Oxygen, SBE 43 [% saturation]
# name 7 = sbox0dV/dT: Oxygen, SBE 43 [dov/dt]
# name 8 = oxsolML/L: Oxygen Saturation, Garcia & Gordon [ml/l]
# name 9 = oxsatML/L: Oxygen Saturation, Weiss [ml/l]
# name 10 = ph: pH
# name 11 = flECO-AFL: Fluorescence, WET Labs ECO-AFL/FL [mg/m^3]
# name 12 = n2satML/L: Nitrogen Saturation [ml/l]
# name 13 = c0S/m: Conductivity [S/m]
# name 14 = cpar: CPAR/Corrected Irradiance [%]
# name 15 = sigma-é00: Density [sigma-theta, kg/m^3]
# name 16 = sigma-t00: Density [sigma-t, kg/m^3 ]
# name 17 = par: PAR/Irradiance, Biospherical/Licor
# name 18 = prDM: Pressure, Digiquartz [db]
# name 19 = pumps: Pump Status
# name 20 = scan: Scan Count
# name 21 = svCM: Sound Velocity [Chen-Millero, m/s]
# name 22 = spar: SPAR, Biospherical/Licor
# name 23 = specc: Specific Conductance [uS/cm]
# name 24 = timeS: Time, Elapsed [seconds]
# name 25 = timeY: Time, System [seconds]
# name 26 = accM: Acceleration [m/s^2]
# name 27 = dz/dtM: Descent Rate [m/s]
# name 28 = latitude: Latitude [deg]
# name 29 = longitude: Longitude [deg]
# name 30 = flag: flag
# span 0 =      1.957,     61.521       
# span 1 =    13.2432,    18.1229       
# span 2 =    33.7137,    34.1742       
# span 3 =  1024.4194,  1025.6995       
# span 4 =     1.8817,     2.4385       
# span 5 =     4.0187,     5.1112       
# span 6 =     67.861,     94.763       
# span 7 =   -0.03238,    0.02587       
# span 8 =    5.39362,    5.97580       
# span 9 =    5.38531,    5.97360       
# span 10 =      8.356,      8.580      
# span 11 =     0.0104,     0.4964      
# span 12 =    9.88433,   10.85236      
# span 13 =   3.984913,   4.476927      
# span 14 = 1.5829e-12, 2.7793e+01      
# span 15 =    24.4108,    25.4240      
# span 16 =    24.4106,    25.4223      
# span 17 = 1.0000e-12, 2.5355e+01      
# span 18 =      2.000,     62.000      
# span 19 =          1,          1      
# span 20 =       -141,      13696      
# span 21 =    1500.30,    1515.23      
# span 22 = 1.9747e+01, 9.1428e+01      
# span 23 =  51870.790,  52269.014      
# span 24 =     -5.905,    570.608      
# span 25 = 1603798964, 1603799540      
# span 26 =      -0.38,       0.67      
# span 27 =     -0.660,      1.120      
# span 28 =   39.80105,   39.80283      
# span 29 =  -72.49834,  -72.49697      
# span 30 = 0.0000e+00, 0.0000e+00      
# interval = decibars: 1                
# start_time = Oct 27 2020 11:42:50 [System UTC, first data scan.]
# bad_flag = -9.990e-29
*END*
      1.968    18.0808    33.9077  1024.4245     2.4334     5.1000     94.481    0.00041    5.39795    5.38967      8.580     0.4804    9.89158   4.469726 2.6561e+01    24.4159    24.4158 9.3384e+00      2.000          1       -141    1514.81 3.5047e+01  51870.790     -5.905 1603798964       0.25     -0.335   39.80283  -72.49834 0.0000e+00
      2.978    18.0823    33.9079  1024.4288     2.4317     5.0957     94.401   -0.00003    5.39792    5.38964      8.558     0.4539    9.89154   4.469939 2.1796e+01    24.4157    24.4156 7.9832e+00      3.000          1        399    1514.84 3.6667e+01  51871.495     16.577 1603798986       0.14      0.268   39.80274  -72.49828 0.0000e+00
      3.969    18.0825    33.9078  1024.4330     2.4323     5.0989     94.469    0.00034    5.39743    5.38914      8.524     0.4651    9.89071   4.469983 1.7663e+01    24.4156    24.4155 6.2809e+00      4.000          1        664    1514.86 3.5557e+01  51871.768     27.638 1603798997       0.26      0.449   39.80270  -72.49826 0.0000e+00
      4.962    18.0835    33.9081  1024.4375     2.4299     5.0878     94.275   -0.00113    5.39680    5.38851      8.538     0.4738    9.88965   4.470199 1.5033e+01    24.4157    24.4155 5.5194e+00      5.000          1        708    1514.88 3.6771e+01  51872.682     29.455 1603798999      -0.08      0.592   39.80270  -72.49826 0.0000e+00
      5.952    18.0903    33.9091  1024.4409     2.4307     5.0959     94.429    0.00048    5.39650    5.38821      8.478 -9.990e-29    9.88916   4.471023 1.2653e+01    24.4148    24.4145 4.7498e+00      6.000          1        759    1514.91 3.7534e+01  51874.012     31.602 1603799001      -0.07      0.453   39.80268  -72.49824 0.0000e+00
      6.935    18.0946    33.9100  1024.4450     2.4315     5.0985     94.470    0.00042    5.39692    5.38862      8.453 -9.990e-29    9.88985   4.471599 9.5821e+00    24.4145    24.4142 3.5952e+00      7.000          1        798    1514.94 3.7520e+01  51875.512     33.204 1603799003       0.48      0.511   39.80268  -72.49824 0.0000e+00
      7.952    18.0957    33.9100  1024.4492     2.4310     5.0950     94.409   -0.00024    5.39670    5.38841      8.473     0.4714    9.88950   4.471746 8.6312e+00    24.4143    24.4139 3.2384e+00      8.000          1        819    1514.96 3.7520e+01  51875.902     34.074 1603799004       0.36      0.986   39.80268  -72.49824 0.0000e+00
      8.926    18.0960    33.9099  1024.4533     2.4301     5.0949     94.413    0.00014    5.39641    5.38811      8.496     0.4406    9.88900   4.471801 8.7814e+00    24.4141    24.4137 3.2948e+00      9.000          1        900    1514.98 3.7520e+01  51876.149     37.477 1603799007      -0.02      0.211   39.80266  -72.49823 0.0000e+00
      9.911    18.0988    33.9102  1024.4573     2.4309     5.0996     94.495    0.00069    5.39661    5.38832      8.503     0.4446    9.88935   4.472149 7.7997e+00    24.4137    24.4133 2.9264e+00     10.000          1        941    1515.01 3.7520e+01  51876.971     39.151 1603799009       0.59      0.537   39.80266  -72.49822 0.0000e+00
     10.931    18.0967    33.9098  1024.4620     2.4311     5.0999     94.501    0.00052    5.39668    5.38838 -9.990e-29     0.4366    9.88945   4.471884 6.7640e+00    24.4140    24.4135 2.5378e+00     11.000          1        958    1515.01 3.7520e+01  51876.980     39.882 1603799009       0.55      1.053   39.80265  -72.49822 0.0000e+00
     11.909    18.0954    33.9096  1024.4665     2.4292     5.0902     94.320   -0.00103    5.39671    5.38842      8.503     0.4362    9.88951   4.471802 1.0223e+01    24.4142    24.4137 2.4333e+00     12.000          1       1002    1515.03 2.5329e+01  51877.339     41.718 1603799011      -0.38      0.637   39.80264  -72.49822 0.0000e+00
     12.897    18.0944    33.9095  1024.4710     2.4291     5.0954     94.418    0.00036    5.39665    5.38836      8.505     0.4483    9.88941   4.471747 7.6081e+00    24.4144    24.4138 2.2340e+00     13.000          1       1078    1515.04 3.1464e+01  51877.797     44.855 1603799014       0.22      0.224   39.80264  -72.49821 0.0000e+00
     13.894    18.0943    33.9096  1024.4756     2.4283     5.0936     94.384    0.00016    5.39672    5.38843      8.505     0.4840    9.88952   4.471787 5.3528e+00    24.4145    24.4140 2.0013e+00     14.000          1       1119    1515.06 3.7453e+01  51878.475     46.583 1603799016       0.44      0.642   39.80262  -72.49820 0.0000e+00
     14.884    18.0944    33.9098  1024.4801     2.4287     5.0948     94.406    0.00011    5.39672    5.38842      8.505     0.4964    9.88952   4.471857 4.9130e+00    24.4147    24.4141 1.8434e+00     15.000          1       1150    1515.07 3.7520e+01  51879.174     47.857 1603799017      -0.06      0.818   39.80262  -72.49820 0.0000e+00
     15.883    18.0941    33.9096  1024.4844     2.4268     5.0870     94.263   -0.00098    5.39660    5.38831      8.508     0.4399    9.88932   4.471846 7.3437e+00    24.4147    24.4140 1.7002e+00     16.000          1       1185    1515.09 2.5816e+01  51879.456     49.348 1603799019      -0.14      0.715   39.80262  -72.49820 0.0000e+00
     16.859    18.0940    33.9098  1024.4889     2.4284     5.0990     94.483    0.00133    5.39669    5.38840      8.507     0.4369    9.88948   4.471913 7.9448e+00    24.4149    24.4141 1.5864e+00     17.000          1       1242    1515.11 -9.990e-29  51880.137     51.728 1603799021       0.07      0.296   39.80261  -72.49820 0.0000e+00
     17.865    18.0950    33.9096  1024.4929     2.4289     5.0983     94.470    0.00049    5.39672    5.38843      8.504     0.4318    9.88953   4.472012 7.1410e+00    24.4145    24.4137 1.4152e+00     18.000          1       1279    1515.13 1.9747e+01  51880.319     53.270 1603799023      -0.08      0.575   39.80260  -72.49819 0.0000e+00
     18.842    18.0940    33.9093  1024.4973     2.4284     5.0957     94.419   -0.00035    5.39686    5.38857      8.501     0.4447    9.88975   4.471928 5.9235e+00    24.4146    24.4138 1.3221e+00     19.000          1       1341    1515.14 2.2398e+01  51880.524     55.844 1603799025       0.21      0.239   39.80259  -72.49818 0.0000e+00
     19.852    18.0938    33.9093  1024.5018     2.4272     5.0906     94.326   -0.00099    5.39683    5.38853      8.491     0.4383    9.88970   4.471949 5.3208e+00    24.4146    24.4138 1.1689e+00     20.000          1       1367    1515.16 2.1982e+01  51880.993     56.936 1603799026       0.24      0.754   39.80258  -72.49818 0.0000e+00
     20.839    18.0927    33.9098  1024.5069     2.4252     5.0858     94.236   -0.00107    5.39683    5.38854      8.490     0.4381    9.88970   4.471942 5.0192e+00    24.4154    24.4145 1.0698e+00     21.000          1       1409    1515.17 2.1330e+01  51882.339     58.681 1603799028      -0.18      0.606   39.80258  -72.49817 0.0000e+00
     21.828    18.0930    33.9099  1024.5112     2.4240     5.0852     94.221   -0.00058    5.39709    5.38880      8.492 -9.990e-29    9.89012   4.472033 4.7587e+00    24.4154    24.4145 9.6947e-01     22.000          1       1460    1515.19 2.0435e+01  51882.890     60.804 1603799030       0.00      0.462   39.80258  -72.49816 0.0000e+00
     22.824    18.0916    33.9105  1024.5165     2.4237     5.0863     94.239   -0.00024    5.39730    5.38901      8.485 -9.990e-29    9.89045   4.471988 2.7810e+00    24.4162    24.4153 8.7938e-01     23.000          1       1501    1515.20 3.3435e+01  51884.291     62.520 1603799032       0.11      0.576   39.80256  -72.49816 0.0000e+00
     23.818    18.0895    33.9112  1024.5219     2.4222     5.0821     94.139   -0.00082    5.39849    5.39022      8.475     0.3822    9.89239   4.471915 2.0708e+00    24.4173    24.4163 7.8627e-01     24.000          1       1545    1515.21 3.8233e+01  51885.929     64.321 1603799034      -0.08      0.567   39.80256  -72.49816 0.0000e+00
     24.801    18.0818    33.9146  1024.5308     2.4140     5.0630     93.623   -0.00349    5.40787    5.39969      8.491     0.3047    9.90770   4.471561 1.8411e+00    24.4219    24.4208 7.1238e-01     25.000          1       1605    1515.21 3.8779e+01  51891.616     66.820 1603799036       0.03      0.340   39.80256  -72.49815 0.0000e+00
     25.802    18.0584    33.9212  1024.5460     2.3981     5.0086     92.488   -0.00993    5.41540    5.40731      8.474     0.2902    9.91981   4.469896 1.6198e+00    24.4327    24.4316 6.3940e-01     26.000          1       1638    1515.17 3.9479e+01  51902.845     68.193 1603799038       0.23      0.664   39.80254  -72.49814 0.0000e+00
     26.794    17.9764    33.9414  1024.5860     2.3762     4.9417     91.190   -0.01407    5.41912    5.41107      8.449     0.2882    9.92571   4.463959 1.4603e+00    24.4683    24.4672 5.7673e-01     27.000          1       1674    1514.96 3.9495e+01  51936.764     69.699 1603799039      -0.10      0.693   39.80254  -72.49814 0.0000e+00
     27.784    17.8650    33.9941  1024.6580     2.3473     4.8702     89.890   -0.01259    5.41800    5.40998      8.430     0.2444    9.92288   4.459370 1.3100e+00    24.5359    24.5347 5.1737e-01     28.000          1       1728    1514.72 3.9495e+01  52017.588     71.966 1603799041      -0.10      0.422   39.80254  -72.49814 0.0000e+00
     28.775    17.8175    34.0705  1024.7324     2.3321     4.8475     89.545   -0.00608    5.41349    5.40545      8.436     0.2704    9.91487   4.464220 1.1739e+00    24.6060    24.6048 4.6361e-01     29.000          1       1782    1514.68 3.9495e+01  52125.870     74.211 1603799044       0.13      0.470   39.80253  -72.49814 0.0000e+00
     29.766    17.8382    34.1257  1024.7741     2.3262     4.8395     89.383   -0.00407    5.41439    5.40637      8.437     0.3166    9.91623   4.472885 1.0538e+00    24.6433    24.6421 4.1618e-01     30.000          1       1819    1514.82 3.9495e+01  52200.364     75.749 1603799045       0.13      0.616   39.80252  -72.49814 0.0000e+00
     30.763    17.8506    34.1518  1024.7954     2.3203     4.8324     89.150   -0.00338    5.42057    5.41262      8.421     0.2987    9.92642   4.476927 9.3747e-01    24.6603    24.6590 3.7025e-01     31.000          1       1861    1514.90 3.9495e+01  52235.589     77.506 1603799047      -0.15      0.578   39.80252  -72.49814 0.0000e+00
     31.750    17.8194    34.1742  1024.8246     2.3093     4.8586     88.629   -0.00446    5.48196    5.47456      8.417     0.2830   10.02906   4.476302 9.2755e-01    24.6851    24.6838 3.2982e-01     32.000          1       1918    1514.85 3.6245e+01  52269.014     79.866 1603799049       0.09      0.417   39.80251  -72.49812 0.0000e+00
     32.744    17.6958    34.1598  1024.8480     2.2830     4.7582     86.572   -0.01753    5.49632    5.48905      8.421     0.2975   10.05294   4.459472 1.3102e+00    24.7041    24.7028 2.9039e-01     33.000          1       1955    1514.49 2.2112e+01  52259.305     81.398 1603799051       0.25      0.591   39.80250  -72.49812 0.0000e+00
     33.740    17.1788    34.1020  1024.9326     2.2521     4.7208     85.171   -0.01649    5.54299    5.53617      8.435     0.2666   10.13084   4.402929 1.1790e+00    24.7839    24.7826 2.5577e-01     34.000          1       2002    1512.90 2.1696e+01  52221.374     83.367 1603799053      -0.15      0.504   39.80250  -72.49812 0.0000e+00
     34.722    16.7395    34.0634  1025.0112     2.1805     4.5042     80.723   -0.03238    5.57969    5.57322      8.411     0.2128   10.19209   4.354001 1.0279e+00    24.8580    24.8566 2.2607e-01     35.000          1       2064    1511.55 2.2006e+01  52205.946     85.948 1603799055       0.23      0.403   39.80249  -72.49810 0.0000e+00
     35.723    16.4966    34.0397  1025.0541     2.1551     4.4569     79.881   -0.02602    5.57950    5.57303      8.411     0.2338   10.19180   4.328711 7.7605e-01    24.8963    24.8950 1.9610e-01     36.000          1       2090    1510.80 2.7157e+01  52195.399     87.058 1603799057       0.35      0.719   39.80248  -72.49810 0.0000e+00
     36.717    16.3611    34.0226  1025.0768     2.1366     4.4635     79.833   -0.01278    5.59105    5.58469      8.457     0.1879   10.21114   4.314457 4.4302e-01    24.9145    24.9132 1.6925e-01     37.000          1       2138    1510.39 3.8855e+01  52184.636     89.026 1603799058      -0.03      0.566   39.80248  -72.49810 0.0000e+00
     37.700    16.2732    34.0072  1025.0896     2.1165     4.4453     79.201   -0.00774    5.61266    5.60651      8.467     0.1791   10.24721   4.304795 3.7120e-01    24.9229    24.9216 1.4661e-01     38.000          1       2199    1510.11 3.9495e+01  52172.135     91.586 1603799061       0.53      0.421   39.80248  -72.49810 0.0000e+00
     38.705    16.1892    33.9961  1025.1048     2.1032     4.3986     78.339   -0.01117    5.61493    5.60880      8.463     0.1918   10.25101   4.295110 3.0693e-01    24.9337    24.9323 1.2122e-01     39.000          1       2225    1509.86 3.9495e+01  52165.229     92.652 1603799062       0.16      0.851   39.80247  -72.49810 0.0000e+00
     39.687    16.0190    33.9790  1025.1351     2.0733     4.3495     76.875   -0.01194    5.65797    5.65230      8.461     0.1389   10.32261   4.277119 2.5151e-01    24.9594    24.9580 9.9334e-02     40.000          1       2287    1509.33 3.9495e+01  52158.412     95.241 1603799065      -0.16      0.342   39.80246  -72.49809 0.0000e+00
     40.679    15.7130    33.9514  1025.1874     2.0720     4.3962     77.576   -0.00049    5.66699    5.66141      8.464     0.1105   10.33750   4.242776 2.2112e-01    25.0072    25.0058 8.2264e-02     41.000          1       2334    1508.37 3.7244e+01  52150.464     97.194 1603799067       0.50      0.555   39.80246  -72.49808 0.0000e+00
     41.680    15.5760    33.9656  1025.2337     2.0838     4.4696     78.872    0.01050    5.66699    5.66141      8.479     0.1306   10.33752   4.232969 1.9179e-01    25.0489    25.0474 6.8257e-02     42.000          1       2359    1507.98 3.5596e+01  52184.471     98.238 1603799068       0.13      0.917   39.80246  -72.49808 0.0000e+00
     42.667    15.5513    33.9659  1025.2439     2.0946     4.5072     79.095    0.00508    5.69852    5.69328      8.474     0.1072   10.38996   4.231291 1.6353e-01    25.0547    25.0532 5.1655e-02     43.000          1       2418    1507.92 3.2082e+01  52187.903    100.721 1603799070      -0.04      0.472   39.80245  -72.49807 0.0000e+00
     43.649    15.5269    33.9692  1025.2563     2.0975     4.5342     78.996    0.00042    5.73985    5.73505      8.466     0.1215   10.45862   4.229640 7.7271e-02    25.0627    25.0612 3.2432e-02     44.000          1       2481    1507.86 4.1657e+01  52195.416    103.330 1603799073       0.62      0.505   39.80244  -72.49806 0.0000e+00
     44.653    15.4107    33.9569  1025.2771     2.1034     4.5566     79.405    0.00229    5.73834    5.73352      8.462     0.1349   10.45617   4.214473 4.7044e-02    25.0790    25.0775 1.9508e-02     45.000          1       2499    1507.50 4.1468e+01  52191.285    104.099 1603799074       0.49      0.990   39.80244  -72.49806 0.0000e+00
     45.654    15.0135    33.9327  1025.3504     2.1095     4.6218     79.878    0.00408    5.78618    5.78189      8.456     0.1194   10.53595   4.174218 2.7087e-02    25.1475    25.1460 1.1233e-02     46.000          1       2539    1506.23 4.1469e+01  52200.510    105.747 1603799075       0.02      0.810   39.80243  -72.49806 0.0000e+00
     46.617    14.6599    33.8996  1025.4061     2.0694     4.5532     76.173   -0.02328    5.97580    5.97360      8.428     0.0532   10.85236   4.136028 7.4922e-04    25.1987    25.1972 3.1068e-04     47.000          1       2641    1505.09 4.1469e+01  52195.323    110.020 1603799079       0.27      0.065   39.80242  -72.49804 0.0000e+00
