CalculateIndicators/WaterTemperature/Data/CTD_NYOS/20200210_C013.cnv
* Sea-Bird SBE 9 Data File:
* FileName = C:\Seabird 9 CTD\Data\2020\202002_offshore\20200210_C013.hex
* Software Version Seasave V 7.23.2
* Temperature SN = 4590
* Conductivity SN = 3228
* Number of Bytes Per Scan = 44
* Number of Voltage Words = 5
* Number of Scans Averaged by the Deck Unit = 1
* NMEA Latitude = 40 10.24 N
* NMEA Longitude = 073 19.51 W
* NMEA UTC (Time) = Feb 10 2020  10:12:49
* NMEA baud rate = 4800
** Ship: rv seawolf
** Station: 6.2
** Operator: sjw
# nquan = 35
# nvalues = 67                          
# units = specified
# name 0 = depSM: Depth [salt water, m]
# name 1 = t090C: Temperature [ITS-90, deg C]
# name 2 = sal00: Salinity, Practical [PSU]
# name 3 = density00: Density [density, kg/m^3]
# name 4 = sbeox0V: Oxygen raw, SBE 43 [V]
# name 5 = sbeox0ML/L: Oxygen, SBE 43 [ml/l]
# name 6 = sbeox0PS: Oxygen, SBE 43 [% saturation]
# name 7 = sbox0dV/dT: Oxygen, SBE 43 [dov/dt]
# name 8 = oxsolML/L: Oxygen Saturation, Garcia & Gordon [ml/l]
# name 9 = oxsatML/L: Oxygen Saturation, Weiss [ml/l]
# name 10 = ph: pH
# name 11 = flECO-AFL: Fluorescence, WET Labs ECO-AFL/FL [mg/m^3]
# name 12 = n2satML/L: Nitrogen Saturation [ml/l]
# name 13 = c0S/m: Conductivity [S/m]
# name 14 = cpar: CPAR/Corrected Irradiance [%]
# name 15 = sigma-é00: Density [sigma-theta, kg/m^3]
# name 16 = sigma-t00: Density [sigma-t, kg/m^3 ]
# name 17 = par: PAR/Irradiance, Biospherical/Licor
# name 18 = prDM: Pressure, Digiquartz [db]
# name 19 = pumps: Pump Status
# name 20 = scan: Scan Count
# name 21 = svCM: Sound Velocity [Chen-Millero, m/s]
# name 22 = spar: SPAR, Biospherical/Licor
# name 23 = specc: Specific Conductance [uS/cm]
# name 24 = timeS: Time, Elapsed [seconds]
# name 25 = timeY: Time, System [seconds]
# name 26 = accM: Acceleration [m/s^2]
# name 27 = dz/dtM: Descent Rate [m/s]
# name 28 = latitude: Latitude [deg]
# name 29 = longitude: Longitude [deg]
# name 30 = gsw_saA0: Absolute Salinity [g/kg]
# name 31 = gsw_densityA0: density, TEOS-10 [density, kg/m^3]
# name 32 = gsw_sigma0A0: density, TEOS-10 [sigma-0, kg/m^3 ]
# name 33 = gsw_ptA0: potential temperature [ITS-90, deg C]
# name 34 = flag: flag
# span 0 =      2.000,     36.000       
# span 1 =     6.4156,     7.1587       
# span 2 =    32.8156,    33.0952       
# span 3 =  1025.7847,  1026.0637       
# span 4 =     2.4854,     2.5708       
# span 5 =     6.7986,     7.2247       
# span 6 =     99.770,    104.096       
# span 7 =   -0.00512,    0.00274       
# span 8 =    6.81422,    6.94178       
# span 9 =    6.82308,    6.95229       
# span 10 =      8.272,      8.293      
# span 11 =     0.5398,     0.9609      
# span 12 =   12.24645,   12.46053      
# span 13 =   3.278872,   3.370716      
# span 14 = -3.461e+04, 1.0457e+05      
# span 15 =    25.7747,    25.8974      
# span 16 =    25.7747,    25.8970      
# span 17 = 1.0000e-12, 1.0000e-12      
# span 18 =      2.034,     36.259      
# span 19 =          1,          1      
# span 20 =        -25,      10990      
# span 21 =    1473.72,    1477.48      
# span 22 = -1.312e-01, 5.3164e+00      
# span 23 =  52181.737,  52403.898      
# span 24 =     -1.100,    457.894      
# span 25 = 1581329571, 1581330030      
# span 26 =      -0.70,       0.82      
# span 27 =     -1.202,      0.935      
# span 28 =   40.17070,   40.17233      
# span 29 =  -73.32523,  -73.32416      
# span 30 =    32.9709,    33.2529      
# span 31 =  1025.7867,  1026.0664      
# span 32 =    25.7754,    25.9002      
# span 33 =     6.4152,     7.1553      
# span 34 = 0.0000e+00, 0.0000e+00      
# interval = meters: 1                  
# start_time = Feb 10 2020 10:12:52 [System UTC, first data scan.]
# bad_flag = -9.990e-29
*END*
[from data line 42]
     26.000     6.9412    33.0129  1025.9821     2.5065     6.9162    100.936    0.00006    6.85210    6.86145      8.282     0.6095   12.31001   3.342930 9.9943e+04    25.8618    25.8615 1.0000e-12     26.203          1       4651    1476.37 2.1926e-03  52336.675    193.746 1581329766      -0.27     -0.555   40.17138  -73.32480    33.1623  1025.9787    25.8584     6.9389 0.0000e+00
     25.000     6.7882    32.9591  1025.9555     2.5178     7.0171    101.953    0.00274    6.88270    6.89244      8.285     0.7085   12.36136   3.324210 2.7956e+04    25.8398    25.8395 1.0000e-12     25.202          1       4774    1475.69 2.9018e+00  52300.456    198.885 1581329771      -0.14     -0.379   40.17140  -73.32480    33.1040  1025.9488    25.8330     6.7859 0.0000e+00
     24.000     6.7360    32.9384  1025.9415     2.5298     7.0291    102.140    0.00009    6.88189    6.89163      8.287     0.7179   12.36004   3.318848 3.3144e+02    25.8303    25.8300 1.0000e-12     24.201          1       5829    1475.44 3.9373e+00  52284.133    242.838 1581329815       0.08     -0.696   40.17155  -73.32468    33.0957  1025.9445    25.8333     6.7339 0.0000e+00
     23.000     6.7521    32.9385  1025.9348     2.5275     7.0112    101.588   -0.00278    6.90165    6.91165 -9.990e-29     0.7478   12.39314   3.319342 2.5320e-11    25.8283    25.8280 1.0000e-12     23.176          1       6919    1475.49 3.9495e+00  52278.993    288.259 1581329860      -0.09     -0.412   40.17173  -73.32458    33.0860  1025.9301    25.8236     6.7501 0.0000e+00
     22.000     6.6302    32.9001  1025.9159     2.5358     7.1012    102.793    0.00238    6.90819    6.91827      8.288     0.7982   12.40414   3.305712 9.9717e+03    25.8140    25.8137 1.0000e-12     22.172          1       6948    1474.95 3.5557e+00  52256.752    289.478 1581329861       0.06     -0.336   40.17172  -73.32458    33.0534  1025.9158    25.8139     6.6283 0.0000e+00
     21.000     6.6057    32.8878  1025.9048     2.5436     7.1282    102.945    0.00076    6.92425    6.93453 -9.990e-29     0.7938   12.43112   3.302398 1.0332e+05    25.8075    25.8072 1.0000e-12     21.156          1       7061    1474.82 -1.312e-01  52245.197    294.184 1581329866      -0.54     -0.323   40.17174  -73.32456    33.0408  1025.9045    25.8072     6.6039 0.0000e+00
     20.000     6.5616    32.8716  1025.8931     2.5465     7.1411    103.112    0.00091    6.92552    6.93582      8.290     0.8260   12.43325   3.296851 7.9753e+04    25.8004    25.8002 1.0000e-12     20.165          1       7105    1474.61 7.9964e-01  52233.536    295.981 1581329868      -0.20     -0.649   40.17174  -73.32456    33.0223  1025.8911    25.7984     6.5599 0.0000e+00
     19.000     6.4776    32.8403  1025.8746     2.5564     7.2012    103.759    0.00189    6.94029    6.95078      8.292     0.8588   12.45804   3.286617 -3.998e+03    25.7865    25.7863 1.0000e-12     19.145          1       7219    1474.22 4.1074e+00  52211.147    300.743 1581329873      -0.10     -0.404   40.17176  -73.32454    32.9902  1025.8721    25.7840     6.4760 0.0000e+00
     18.000     6.4353    32.8222  1025.8612     2.5626     7.2231    104.096    0.00214    6.93891    6.94938      8.293     0.8659   12.45571   3.281298 2.5320e-11    25.7777    25.7775 1.0000e-12     18.140          1       7291    1474.02 3.9495e+00  52196.335    303.761 1581329876      -0.22     -0.387   40.17178  -73.32453    32.9724  1025.8589    25.7754     6.4338 0.0000e+00
     17.000     6.4319    32.8203  1025.8554     2.5650     7.2131    103.948    0.00042    6.93914    6.94961      8.293     0.9173   12.45611   3.281059 -9.990e-29    25.7766    25.7764 1.0000e-12     17.137          1       7356    1473.99 -9.990e-29  52193.958    306.462 1581329878      -0.63     -0.682   40.17178  -73.32452    32.9736  1025.8556    25.7767     6.4304 0.0000e+00
     16.000     6.4290    32.8193  1025.8504     2.5664     7.2178    104.009    0.00043    6.93955    6.95003      8.293     0.8884   12.45681   3.280730 9.9999e+04    25.7761    25.7760 1.0000e-12     16.135          1       7438    1473.96 0.0000e+00  52192.520    309.879 1581329882      -0.20     -0.792   40.17180  -73.32451    32.9732  1025.8511    25.7768     6.4276 0.0000e+00
     15.000     6.4287    32.8190  1025.8456     2.5667     7.2120    103.922   -0.00015    6.93982    6.95031      8.293     0.8772   12.45727   3.280706 9.0963e+04    25.7760    25.7758 1.0000e-12     15.127          1       7515    1473.94 3.5689e-01  52191.603    313.078 1581329885      -0.10     -0.754   40.17182  -73.32450    32.9737  1025.8468    25.7772     6.4274 0.0000e+00
     14.000     6.4286    32.8189  1025.8408     2.5679     7.2228    104.077    0.00053    6.93989    6.95037      8.293     0.9473   12.45737   3.280670 5.2254e+03    25.7759    25.7757 1.0000e-12     14.118          1       7610    1473.92 3.7431e+00  52190.634    317.024 1581329889      -0.61     -0.622   40.17184  -73.32450    32.9739  1025.8424    25.7774     6.4274 0.0000e+00
     13.000     6.4282    32.8186  1025.8360     2.5678     7.2153    103.966    0.00001    6.94009    6.95057      8.293     0.8982   12.45771   3.280572 2.5320e-11    25.7757    25.7755 1.0000e-12     13.110          1       7701    1473.90 3.9495e+00  52189.644    320.839 1581329893      -0.50     -0.711   40.17184  -73.32449    32.9737  1025.8376    25.7772     6.4271 0.0000e+00
     12.000     6.4264    32.8180  1025.8311     2.5675     7.2150    103.958    0.00007    6.94031    6.95080      8.293     0.8603   12.45809   3.280319 7.0140e+04    25.7754    25.7753 1.0000e-12     12.107          1       7748    1473.88 1.1510e+00  52188.593    322.780 1581329895      -0.01     -0.962   40.17185  -73.32448    32.9731  1025.8327    25.7770     6.4254 0.0000e+00
     11.000     6.4311    32.8197  1025.8272     2.5692     7.2199    104.052    0.00033    6.93874    6.94920      8.293     0.8492   12.45544   3.280939 1.0692e+04    25.7762    25.7761 1.0000e-12     11.091          1       7881    1473.88 3.5105e+00  52189.103    328.314 1581329900       0.04     -0.544   40.17188  -73.32446    32.9759  1025.8297    25.7786     6.4302 0.0000e+00
     10.000     6.4379    32.8221  1025.8236     2.5691     7.2148    103.974   -0.00014    6.93909    6.94956      8.293     0.8910   12.45605   3.281608 3.8318e+04    25.7772    25.7771 1.0000e-12     10.080          1       8021    1473.90 2.2316e+00  52189.854    334.182 1581329906      -0.02     -0.228   40.17190  -73.32443    32.9773  1025.8252    25.7788     6.4370 0.0000e+00
      9.000     6.4271    32.8176  1025.8167     2.5685     7.2140    103.943   -0.00016    6.94038    6.95087      8.293     0.7943   12.45820   3.280220 -3.671e+03    25.7750    25.7749 1.0000e-12      9.092          1       9284    1473.84 4.1142e+00  52185.671    386.795 1581329959      -0.43     -0.857   40.17207  -73.32431    32.9728  1025.8185    25.7766     6.4263 0.0000e+00
      8.000     6.4270    32.8173  1025.8119     2.5694     7.2144    103.961   -0.00006    6.93956    6.95004      8.293     0.8637   12.45683   3.280176 2.5320e-11    25.7747    25.7747 1.0000e-12      8.078          1      10372    1473.81 3.9495e+00  52184.629    432.131 1581330004      -0.59     -0.736   40.17222  -73.32420    32.9729  1025.8139    25.7767     6.4263 0.0000e+00
      7.000     6.4288    32.8180  1025.8076     2.5697     7.2160    103.988    0.00006    6.93925    6.94972      8.293     0.8543   12.45631   3.280369 2.5320e-11    25.7751    25.7750 1.0000e-12      7.061          1      10362    1473.80 3.9495e+00  52184.462    431.719 1581330004       0.10     -0.617   40.17222  -73.32420    32.9738  1025.8097    25.7772     6.4282 0.0000e+00
      6.000     6.4326    32.8195  1025.8036     2.5699     7.2166    104.000    0.00029    6.93907    6.94954 -9.990e-29     0.8947   12.45602   3.280785 2.5320e-11    25.7758    25.7757 1.0000e-12      6.040          1      10472    1473.81 3.9495e+00  52184.849    436.276 1581330008      -0.62     -0.320   40.17224  -73.32420    32.9752  1025.8056    25.7778     6.4321 0.0000e+00
      5.000     6.4329    32.8196  1025.7990     2.5696     7.2133    103.951    0.00002    6.93909    6.94956 -9.990e-29     0.9213   12.45605   3.280774 2.5320e-11    25.7758    25.7758 1.0000e-12      5.044          1      10497    1473.79 3.9495e+00  52184.212    437.319 1581330009      -0.21     -0.818   40.17224  -73.32420    32.9753  1025.8010    25.7778     6.4325 0.0000e+00
      4.000     6.4312    32.8192  1025.7942     2.5708     7.2214    104.063    0.00047    6.93942    6.94990      8.293     0.8809   12.45660   3.280523 1.0457e+05    25.7756    25.7756 1.0000e-12      4.037          1      10585    1473.77 1.4523e+00  52183.273    440.982 1581330013      -0.15     -0.588   40.17225  -73.32419    32.9746  1025.7961    25.7775     6.4309 0.0000e+00
      3.000     6.4298    32.8186  1025.7893 -9.990e-29     7.2199    104.041    0.00016    6.93950    6.94998      8.293     0.9319   12.45674   3.280304 9.9999e+04    25.7754    25.7754 1.0000e-12      3.027          1      10649    1473.74 4.7394e-02  52182.258    443.661 1581330016      -0.08     -0.687   40.17227  -73.32418    32.9741  1025.7912    25.7773     6.4295 0.0000e+00
      2.000     6.4297    32.8187  1025.7847     2.5694     7.2065    103.850   -0.00067    6.93935    6.94982      8.293     0.7999   12.45648   3.280262 -8.788e+03    25.7755    25.7755 1.0000e-12      2.034          1      10990    1473.73 4.1431e+00  52181.737    457.894 1581330030      -0.01     -0.447   40.17233  -73.32416    32.9742  1025.7867    25.7773     6.4295 0.0000e+00
