CalculateIndicators/WaterTemperature/Data/CTD_NYOS/20200209_C010.cnv
* Sea-Bird SBE 9 Data File:
* FileName = C:\Seabird 9 CTD\Data\2020\202002_offshore\20200209_C010.hex
* Software Version Seasave V 7.23.2
* Temperature SN = 4590
* Conductivity SN = 3228
* Number of Bytes Per Scan = 44
* Number of Voltage Words = 5
* Number of Scans Averaged by the Deck Unit = 1
* NMEA Latitude = 39 08.09 N
* NMEA Longitude = 072 56.67 W
* NMEA UTC (Time) = Feb 09 2020  22:37:49
* NMEA baud rate = 4800
** Ship: rv seawolf
** Station: 6.5
** Operator: eih
# nquan = 35
# nvalues = 150                         
# units = specified
# name 0 = depSM: Depth [salt water, m]
# name 1 = t090C: Temperature [ITS-90, deg C]
# name 2 = sal00: Salinity, Practical [PSU]
# name 3 = density00: Density [density, kg/m^3]
# name 4 = sbeox0V: Oxygen raw, SBE 43 [V]
# name 5 = sbeox0ML/L: Oxygen, SBE 43 [ml/l]
# name 6 = sbeox0PS: Oxygen, SBE 43 [% saturation]
# name 7 = sbox0dV/dT: Oxygen, SBE 43 [dov/dt]
# name 8 = oxsolML/L: Oxygen Saturation, Garcia & Gordon [ml/l]
# name 9 = oxsatML/L: Oxygen Saturation, Weiss [ml/l]
# name 10 = ph: pH
# name 11 = flECO-AFL: Fluorescence, WET Labs ECO-AFL/FL [mg/m^3]
# name 12 = n2satML/L: Nitrogen Saturation [ml/l]
# name 13 = c0S/m: Conductivity [S/m]
# name 14 = cpar: CPAR/Corrected Irradiance [%]
# name 15 = sigma-é00: Density [sigma-theta, kg/m^3]
# name 16 = sigma-t00: Density [sigma-t, kg/m^3 ]
# name 17 = par: PAR/Irradiance, Biospherical/Licor
# name 18 = prDM: Pressure, Digiquartz [db]
# name 19 = pumps: Pump Status
# name 20 = scan: Scan Count
# name 21 = svCM: Sound Velocity [Chen-Millero, m/s]
# name 22 = spar: SPAR, Biospherical/Licor
# name 23 = specc: Specific Conductance [uS/cm]
# name 24 = timeS: Time, Elapsed [seconds]
# name 25 = timeY: Time, System [seconds]
# name 26 = accM: Acceleration [m/s^2]
# name 27 = dz/dtM: Descent Rate [m/s]
# name 28 = latitude: Latitude [deg]
# name 29 = longitude: Longitude [deg]
# name 30 = gsw_saA0: Absolute Salinity [g/kg]
# name 31 = gsw_densityA0: density, TEOS-10 [density, kg/m^3]
# name 32 = gsw_sigma0A0: density, TEOS-10 [sigma-0, kg/m^3 ]
# name 33 = gsw_ptA0: potential temperature [ITS-90, deg C]
# name 34 = flag: flag
# span 0 =      1.000,     76.000       
# span 1 =     9.3605,    13.2119       
# span 2 =    33.4391,    35.0441       
# span 3 =  1025.8416,  1026.7261       
# span 4 =     2.2279,     2.5326       
# span 5 =     5.0757,     6.5534       
# span 6 =     86.083,    101.326       
# span 7 =   -0.01315,    0.01309       
# span 8 =    5.89627,    6.46820       
# span 9 =    5.89405,    6.47232       
# span 10 =      8.233,      8.276      
# span 11 =     0.0420,     0.5256      
# span 12 =   10.70562,   11.67035      
# span 13 =   3.598145,   4.125497      
# span 14 = -1.119e+04, 1.0422e+05      
# span 15 =    25.8383,    26.3864      
# span 16 =    25.8382,    26.3843      
# span 17 = -6.950e-05, 7.2775e-01      
# span 18 =      1.018,     76.589      
# span 19 =          1,          1      
# span 20 =        559,      20734      
# span 21 =    1485.64,    1502.21      
# span 22 = -1.381e-01, 6.3200e+00      
# span 23 =  52355.264,  53972.178      
# span 24 =     23.241,    863.895      
# span 25 = 1581287896, 1581288737      
# span 26 =      -0.31,       0.27      
# span 27 =     -0.640,      0.743      
# span 28 =   39.13498,   39.13732      
# span 29 =  -72.94452,  -72.94378      
# span 30 =    33.5976,    35.2142      
# span 31 =  1025.8461,  1026.7336      
# span 32 =    25.8415,    26.3939      
# span 33 =     9.3603,    13.2013      
# span 34 = 0.0000e+00, 0.0000e+00      
# interval = meters: 1                  
# start_time = Feb 09 2020 22:37:53 [System UTC, first data scan.]
# bad_flag = -9.990e-29
*END*
[from data line 83]
     67.000    11.6894    34.3961  1026.4820     2.3179     5.6733     91.781    0.00611    6.18133    6.18219      8.271     0.1177   11.18664   3.908651 1.7200e-11    26.1801    26.1785 1.0000e-12     67.522          1       8224    1496.15 -9.990e-29  53302.948    342.607 1581288215       0.09     -0.257   39.13588  -72.94427    34.5300  1026.4636    26.1617    11.6808 0.0000e+00
     66.000    11.2607    34.2229  1026.4226     2.3345     5.8166     92.700    0.00581    6.27463    6.27658      8.274     0.2241   11.34340   3.849479 1.7076e-11    26.1246    26.1231 1.0000e-12     66.514          1       8297    1494.44 5.9242e+00  53134.025    345.679 1581288218      -0.18     -0.412   39.13590  -72.94426    34.3440  1026.3947    26.0967    11.2525 0.0000e+00
     65.000    10.7429    34.0726  1026.3948     2.3591     5.9806     94.896    0.01309    6.30226    6.30453      8.275     0.2084   11.38996   3.785628 2.0619e-11    26.1004    26.0990 1.0000e-12     65.509          1       8342    1492.43 5.0502e+00  53014.981    347.556 1581288220       0.03     -0.536   39.13590  -72.94426    34.1890  1026.3636    26.0692    10.7351 0.0000e+00
     64.000    10.4275    33.9478  1026.3487     2.3913     6.0664     96.082    0.00977    6.31379    6.31615      8.276     0.2418   11.40986   3.745010 2.1014e-11    26.0584    26.0571 1.0000e-12     64.499          1       8413    1491.14 3.9088e+00  52898.349    350.501 1581288223       0.05     -0.305   39.13591  -72.94426    34.0747  1026.3259    26.0356    10.4200 0.0000e+00
     63.000    10.3336    33.8690  1026.2991     2.4057     6.0915     96.121    0.00433    6.33738    6.34001      8.274     0.2576   11.44954   3.729778 1.7357e-11    26.0132    26.0119 1.0000e-12     63.490          1       8483    1490.70 5.3801e+00  52805.252    353.424 1581288226      -0.08     -0.390   39.13592  -72.94426    34.0085  1026.2864    26.0005    10.3262 0.0000e+00
     62.000    10.2364    33.8331  1026.2833     2.4105     6.1077     96.169    0.00272    6.35097    6.35376      8.272     0.2773   11.47245   3.717030 1.7586e-11    26.0018    26.0006 1.0000e-12     62.486          1       8536    1490.29 5.7146e+00  52772.800    355.624 1581288228       0.06     -0.438   39.13593  -72.94426    33.9704  1026.2689    25.9874    10.2292 0.0000e+00
     61.000    10.0765    33.7719  1026.2585     2.4188     6.1648     96.494    0.00173    6.38884    6.39208      8.273     0.2887   11.53612   3.697040 2.0468e+04    25.9813    25.9801 1.0000e-12     61.474          1       8621    1489.62 1.8390e+00  52717.185    359.179 1581288232      -0.04     -0.252   39.13595  -72.94426    33.9169  1026.2503    25.9731    10.0695 0.0000e+00
     60.000     9.8983    33.7118  1026.2372     2.4228     6.2128     96.755    0.00191    6.42119    6.42479      8.274     0.3183   11.59073   3.673797 4.1171e+04    25.9643    25.9631 1.0000e-12     60.469          1       8681    1488.89 1.3847e+00  52667.069    361.671 1581288234      -0.05     -0.419   39.13596  -72.94425    33.8466  1026.2212    25.9483     9.8915 0.0000e+00
     59.000     9.7621    33.6425  1026.2015     2.4315     6.2402     97.404    0.00374    6.40651    6.40994      8.257     0.4240   11.56613   3.655269 -2.776e+03    25.9329    25.9318 1.0000e-12     59.463          1       9689    1488.30 5.6500e+00  52596.410    403.666 1581288276       0.05     -0.375   39.13607  -72.94419    33.7846  1026.1913    25.9227     9.7554 0.0000e+00
     58.000     9.6435    33.5874  1026.1736     2.4444     6.3127     97.986    0.00311    6.44246    6.44631      8.252     0.3347   11.62660   3.640159 2.0758e-11    25.9094    25.9083 1.0000e-12     58.446          1      10322    1487.78 5.0077e+00  52541.927    430.062 1581288303      -0.17     -0.165   39.13615  -72.94415    33.7409  1026.1725    25.9083     9.6370 0.0000e+00
     57.000     9.6167    33.5743  1026.1632     2.4457     6.3033     97.734    0.00069    6.44948    6.45341 -9.990e-29     0.3166   11.63844   3.635898 1.9889e-11    25.9035    25.9025 1.0000e-12     57.444          1      10268    1487.65 5.2201e+00  52528.378    427.789 1581288300      -0.31     -0.640   39.13614  -72.94416    33.7225  1026.1580    25.8983     9.6104 0.0000e+00
     56.000     9.5068    33.5368  1026.1475     2.4523     6.3353     98.224    0.00194    6.44982    6.45376      8.251     0.3407   11.63900   3.622391 1.9644e-11    25.8922    25.8911 1.0000e-12     56.440          1      10327    1487.19 5.2775e+00  52497.482    430.262 1581288303      -0.03     -0.469   39.13615  -72.94416    33.6866  1026.1436    25.8883     9.5006 0.0000e+00
     55.000     9.4651    33.5179  1026.1350     2.4596     6.3499     98.424    0.00086    6.45163    6.45558      8.251     0.3404   11.64204   3.617228 2.1124e-11    25.8842    25.8832 1.0000e-12     55.425          1      10423    1487.00 4.9313e+00  52478.779    434.271 1581288307      -0.12     -0.322   39.13616  -72.94416    33.6728  1026.1351    25.8843     9.4591 0.0000e+00
     54.000     9.4593    33.5165  1026.1302     2.4590     6.3408     98.273   -0.00001    6.45229    6.45625      8.251     0.3781   11.64314   3.616546 2.0455e-11    25.8839    25.8830 1.0000e-12     54.422          1      10468    1486.96 5.0877e+00  52477.267    436.120 1581288309      -0.04     -0.524   39.13616  -72.94415    33.6717  1026.1306    25.8844     9.4534 0.0000e+00
     53.000     9.4498    33.5138  1026.1251     2.4585     6.3422     98.277    0.00010    6.45340    6.45737      8.251     0.3425   11.64500   3.615486 2.0906e-11    25.8834    25.8824 1.0000e-12     53.411          1      10538    1486.90 4.9822e+00  52474.796    439.039 1581288312       0.06     -0.305   39.13617  -72.94414    33.6702  1026.1264    25.8847     9.4440 0.0000e+00
     52.000     9.4438    33.5122  1026.1203     2.4595     6.3442     98.276    0.00002    6.45550    6.45951      8.251     0.3495   11.64853   3.614784 2.0837e-11    25.8831    25.8822 1.0000e-12     52.405          1      10606    1486.86 4.9352e+00  52473.163    441.860 1581288314       0.01     -0.380   39.13618  -72.94414    33.6690  1026.1219    25.8847     9.4380 0.0000e+00
     51.000     9.4299    33.5082  1026.1149     2.4596     6.3478     98.287    0.00011    6.45840    6.46244 -9.990e-29     0.3452   11.65340   3.613105 1.0422e+05    25.8822    25.8813 1.0000e-12     51.394          1      10678    1486.79 4.2017e+00  52469.839    444.889 1581288317      -0.03     -0.326   39.13618  -72.94414    33.6651  1026.1165    25.8839     9.4244 0.0000e+00
     50.000     9.4152    33.5029  1026.1085     2.4607     6.3584     98.440    0.00073    6.45922    6.46326 -9.990e-29     0.3952   11.65477   3.611227 9.9999e+04    25.8804    25.8795 1.0000e-12     50.390          1      10729    1486.71 8.1059e-02  52464.692    446.998 1581288320      -0.09     -0.488   39.13619  -72.94414    33.6599  1026.1103    25.8822     9.4097 0.0000e+00
     49.000     9.4061    33.4994  1026.1027     2.4624     6.3552     98.390    0.00019    6.45917    6.46322      8.250     0.3470   11.65471   3.610075 3.0846e+03    25.8791    25.8783 1.0000e-12     49.380          1      10802    1486.66 4.5939e+00  52460.991    450.059 1581288323       0.07     -0.295   39.13620  -72.94413    33.6570  1026.1049    25.8814     9.4008 0.0000e+00
     48.000     9.4064    33.4986  1026.0974     2.4630     6.3614     98.484    0.00055    6.45935    6.46340      8.249     0.3398   11.65500   3.610025 -1.738e+01    25.8784    25.8776 1.0000e-12     48.372          1      10875    1486.64 4.8832e+00  52459.176    453.071 1581288326      -0.07     -0.393   39.13621  -72.94412    33.6567  1026.1001    25.8811     9.4011 0.0000e+00
     47.000     9.4057    33.4984  1026.0928     2.4630     6.3554     98.388   -0.00008    6.45955    6.46360      8.249     0.3987   11.65534   3.609911 2.0825e-11    25.8783    25.8775 1.0000e-12     47.365          1      10929    1486.62 5.0012e+00  52458.354    455.328 1581288328       0.01     -0.447   39.13622  -72.94412    33.6566  1026.0955    25.8811     9.4006 0.0000e+00
     46.000     9.4040    33.4977  1026.0880     2.4643     6.3633     98.507    0.00043    6.45971    6.46376      8.248     0.3601   11.65561   3.609666 2.0729e-11    25.8781    25.8773 1.0000e-12     46.357          1      10999    1486.60 4.8899e+00  52457.133    458.269 1581288331       0.05     -0.312   39.13622  -72.94412    33.6561  1026.0908    25.8810     9.3990 0.0000e+00
     45.000     9.4030    33.4968  1026.0829     2.4655     6.3649     98.533    0.00029    6.45969    6.46374 -9.990e-29     0.3954   11.65559   3.609458 9.6865e+04    25.8776    25.8768 1.0000e-12     45.349          1      11073    1486.58 3.6414e+00  52455.485    461.338 1581288334      -0.02     -0.360   39.13624  -72.94412    33.6554  1026.0859    25.8806     9.3981 0.0000e+00
     44.000     9.4032    33.4966  1026.0780     2.4647     6.3550     98.379   -0.00046    6.45966    6.46371 -9.990e-29     0.4320   11.65554   3.609420 5.6159e+04    25.8773    25.8765 1.0000e-12     44.341          1      11137    1486.56 1.8360e+00  52454.429    464.012 1581288337      -0.06     -0.385   39.13624  -72.94412    33.6552  1026.0811    25.8804     9.3984 0.0000e+00
     43.000     9.4035    33.4962  1026.0731     2.4655     6.3639     98.517    0.00033    6.45966    6.46371 -9.990e-29     0.3899   11.65555   3.609371 5.4585e+04    25.8770    25.8762 1.0000e-12     43.334          1      11202    1486.55 1.9171e+00  52453.211    466.702 1581288339       0.07     -0.354   39.13625  -72.94410    33.6549  1026.0763    25.8801     9.3988 0.0000e+00
     42.000     9.4038    33.4960  1026.0684     2.4673     6.3727     98.651    0.00074    6.45987    6.46393 -9.990e-29     0.3844   11.65590   3.609343 -4.032e+03    25.8767    25.8760 1.0000e-12     42.322          1      11287    1486.53 4.7126e+00  52452.195    470.240 1581288343      -0.20     -0.262   39.13626  -72.94410    33.6548  1026.0715    25.8799     9.3992 0.0000e+00
     41.000     9.4024    33.4954  1026.0635     2.4672     6.3641     98.515   -0.00016    6.46000    6.46406 -9.990e-29     0.3794   11.65612   3.609108 2.3784e-11    25.8765    25.8757 1.0000e-12     41.318          1      11361    1486.51 2.1064e+00  52451.011    473.320 1581288346       0.06     -0.282   39.13627  -72.94410    33.6541  1026.0667    25.8796     9.3979 0.0000e+00
     40.000     9.4008    33.4946  1026.0586     2.4663     6.3617     98.476   -0.00011    6.46020    6.46425      8.247     0.3848   11.65645   3.608844 2.1608e-11    25.8761    25.8753 1.0000e-12     40.311          1      11669    1486.49 3.4708e+00  52449.510    486.171 1581288359      -0.07     -0.177   39.13630  -72.94408    33.6533  1026.0617    25.8792     9.3965 0.0000e+00
     39.000     9.4008    33.4945  1026.0539     2.4670     6.3645     98.516    0.00006    6.46033    6.46439      8.245     0.3855   11.65668   3.608789 2.3268e-11    25.8760    25.8753 1.0000e-12     39.305          1      12998    1486.47 3.9016e+00  52448.776    541.537 1581288414      -0.01     -0.432   39.13644  -72.94403    33.6532  1026.0571    25.8791     9.3966 0.0000e+00
     38.000     9.3995    33.4937  1026.0489     2.4677     6.3684     98.572    0.00046    6.46068    6.46474      8.244     0.3850   11.65726   3.608544 2.3845e-11    25.8755    25.8749 1.0000e-12     38.288          1      13272    1486.45 3.9495e+00  52447.265    552.976 1581288426      -0.31     -0.260   39.13648  -72.94402    33.6524  1026.0521    25.8787     9.3953 0.0000e+00
     37.000     9.3986    33.4935  1026.0444     2.4694     6.3783     98.722    0.00100    6.46080    6.46487      8.245     0.3812   11.65748   3.608408 2.4584e-11    25.8755    25.8749 1.0000e-12     37.288          1      13305    1486.43 3.9495e+00  52446.544    554.340 1581288427      -0.05     -0.627   39.13648  -72.94400    33.6522  1026.0475    25.8787     9.3946 0.0000e+00
     36.000     9.3966    33.4928  1026.0396     2.4706     6.3784     98.721    0.00059    6.46106    6.46513      8.245     0.3809   11.65791   3.608099 2.5222e-11    25.8753    25.8747 1.0000e-12     36.280          1      13394    1486.40 3.9495e+00  52445.357    558.062 1581288431      -0.01     -0.355   39.13649  -72.94400    33.6514  1026.0427    25.8784     9.3926 0.0000e+00
     35.000     9.3956    33.4922  1026.0347     2.4727     6.3867     98.840    0.00087    6.46167    6.46574      8.245     0.4048   11.65894   3.607909 9.1199e+04    25.8750    25.8743 1.0000e-12     35.269          1      13493    1486.38 2.4593e-01  52444.051    562.173 1581288435      -0.10     -0.507   39.13650  -72.94400    33.6509  1026.0378    25.8781     9.3917 0.0000e+00
     34.000     9.3926    33.4912  1026.0297     2.4741     6.3917     98.915    0.00089    6.46174    6.46581      8.245     0.4287   11.65906   3.607481 -9.990e-29    25.8746    25.8740 1.0000e-12     34.266          1      13533    1486.35 3.2825e+00  52442.526    563.840 1581288436      -0.04     -0.595   39.13650  -72.94400    33.6496  1026.0327    25.8776     9.3889 0.0000e+00
     33.000     9.3912    33.4897  1026.0242     2.4750     6.3911     98.905    0.00064    6.46184    6.46591 -9.990e-29     0.4621   11.65923   3.607183 2.4871e-11    25.8737    25.8731 1.0000e-12     33.254          1      13662    1486.33 4.0529e+00  52440.114    569.228 1581288442      -0.14     -0.318   39.13652  -72.94400    33.6483  1026.0273    25.8768     9.3876 0.0000e+00
     32.000     9.3911    33.4894  1026.0195     2.4767     6.3988     99.012    0.00087    6.46262    6.46671 -9.990e-29     0.4784   11.66054   3.607100 2.4282e-11    25.8734    25.8729 1.0000e-12     32.249          1      13719    1486.31 4.1641e+00  52439.072    571.574 1581288444      -0.03     -0.567   39.13652  -72.94400    33.6480  1026.0226    25.8765     9.3876 0.0000e+00
     31.000     9.3856    33.4878  1026.0146     2.4793     6.4060     99.117    0.00077    6.46304    6.46714      8.247     0.4451   11.66125   3.606385 5.2660e+04    25.8731    25.8726 1.0000e-12     31.240          1      13797    1486.27 1.8653e+00  52437.404    574.821 1581288447       0.07     -0.279   39.13654  -72.94398    33.6463  1026.0175    25.8761     9.3822 0.0000e+00
     30.000     9.3823    33.4865  1026.0095     2.4810     6.4070     99.130    0.00038    6.46323    6.46732      8.247     0.4620   11.66158   3.605926 -7.366e+02    25.8726    25.8721 1.0000e-12     30.230          1      13886    1486.24 4.2097e+00  52435.561    578.525 1581288451      -0.14     -0.360   39.13654  -72.94398    33.6451  1026.0125    25.8756     9.3790 0.0000e+00
     29.000     9.3819    33.4859  1026.0045     2.4814     6.4051     99.097    0.00008    6.46340    6.46750      8.247     0.4632   11.66187   3.605790 2.5256e-11    25.8722    25.8717 1.0000e-12     29.224          1      13937    1486.22 3.9645e+00  52434.164    580.671 1581288453       0.02     -0.465   39.13654  -72.94398    33.6445  1026.0075    25.8752     9.3787 0.0000e+00
     28.000     9.3808    33.4849  1025.9992     2.4824     6.4116     99.197    0.00048    6.46351    6.46760      8.247     0.4491   11.66204   3.605530 6.7711e+04    25.8716    25.8711 1.0000e-12     28.218          1      14002    1486.20 1.3045e+00  52432.188    583.381 1581288456      -0.02     -0.390   39.13656  -72.94398    33.6433  1026.0022    25.8744     9.3777 0.0000e+00
     27.000     9.3780    33.4836  1025.9942     2.4820     6.4006     99.020   -0.00053    6.46398    6.46808      8.247     0.5256   11.66285   3.605131 -1.598e+03    25.8709    25.8705 1.0000e-12     27.206          1      14114    1486.17 4.1909e+00  52430.432    588.055 1581288461      -0.28     -0.373   39.13658  -72.94398    33.6422  1025.9972    25.8740     9.3751 0.0000e+00
