CalculateIndicators/WaterTemperature/Data/CTD_NYOS/20200205_C07.cnv
* Sea-Bird SBE 9 Data File:
* FileName = C:\Seabird 9 CTD\Data\2020\202002_offshore\20200205_C07.hex
* Software Version Seasave V 7.23.2
* Temperature SN = 4590
* Conductivity SN = 3228
* Number of Bytes Per Scan = 44
* Number of Voltage Words = 5
* Number of Scans Averaged by the Deck Unit = 1
* NMEA Latitude = 38 55.42 N
* NMEA Longitude = 073 13.35 W
* NMEA UTC (Time) = Feb 05 2020  15:50:53
* NMEA baud rate = 4800
** Ship: rv seawolf
** Station: 7.5
** Operator: eih
# nquan = 35
# nvalues = 137                         
# units = specified
# name 0 = depSM: Depth [salt water, m]
# name 1 = t090C: Temperature [ITS-90, deg C]
# name 2 = sal00: Salinity, Practical [PSU]
# name 3 = density00: Density [density, kg/m^3]
# name 4 = sbeox0V: Oxygen raw, SBE 43 [V]
# name 5 = sbeox0ML/L: Oxygen, SBE 43 [ml/l]
# name 6 = sbeox0PS: Oxygen, SBE 43 [% saturation]
# name 7 = sbox0dV/dT: Oxygen, SBE 43 [dov/dt]
# name 8 = oxsolML/L: Oxygen Saturation, Garcia & Gordon [ml/l]
# name 9 = oxsatML/L: Oxygen Saturation, Weiss [ml/l]
# name 10 = ph: pH
# name 11 = flECO-AFL: Fluorescence, WET Labs ECO-AFL/FL [mg/m^3]
# name 12 = n2satML/L: Nitrogen Saturation [ml/l]
# name 13 = c0S/m: Conductivity [S/m]
# name 14 = cpar: CPAR/Corrected Irradiance [%]
# name 15 = sigma-é00: Density [sigma-theta, kg/m^3]
# name 16 = sigma-t00: Density [sigma-t, kg/m^3 ]
# name 17 = par: PAR/Irradiance, Biospherical/Licor
# name 18 = prDM: Pressure, Digiquartz [db]
# name 19 = pumps: Pump Status
# name 20 = scan: Scan Count
# name 21 = svCM: Sound Velocity [Chen-Millero, m/s]
# name 22 = spar: SPAR, Biospherical/Licor
# name 23 = specc: Specific Conductance [uS/cm]
# name 24 = timeS: Time, Elapsed [seconds]
# name 25 = timeY: Time, System [seconds]
# name 26 = accM: Acceleration [m/s^2]
# name 27 = dz/dtM: Descent Rate [m/s]
# name 28 = latitude: Latitude [deg]
# name 29 = longitude: Longitude [deg]
# name 30 = gsw_saA0: Absolute Salinity [g/kg]
# name 31 = gsw_densityA0: density, TEOS-10 [density, kg/m^3]
# name 32 = gsw_sigma0A0: density, TEOS-10 [sigma-0, kg/m^3 ]
# name 33 = gsw_ptA0: potential temperature [ITS-90, deg C]
# name 34 = flag: flag
# span 0 =      1.000,     71.000       
# span 1 =     8.9951,     9.4645       
# span 2 =    33.3900,    33.5961       
# span 3 =  1025.8638,  1026.2709       
# span 4 =     2.3856,     2.5194       
# span 5 =     6.1076,     6.5790       
# span 6 =     94.681,    100.869       
# span 7 =   -0.00799,    0.00381       
# span 8 =    6.44652,    6.52257       
# span 9 =    6.45047,    6.52742       
# span 10 =      8.275,      8.291      
# span 11 =     0.1658,     0.6553      
# span 12 =   11.63271,   11.76083      
# span 13 =   3.560651,   3.624957      
# span 14 = -3.285e-08, 4.9485e+01      
# span 15 =    25.8584,    25.9472      
# span 16 =    25.8580,    25.9459      
# span 17 = -1.375e-07, 2.2411e+02      
# span 18 =      1.057,     71.521      
# span 19 =          1,          1      
# span 20 =         81,      19184      
# span 21 =    1484.29,    1487.29      
# span 22 = 3.2623e+02, 5.0414e+02      
# span 23 =  52365.476,  52600.540      
# span 24 =      3.336,    799.305      
# span 25 = 1580917857, 1580918653      
# span 26 =      -1.24,       0.99      
# span 27 =     -1.435,      1.250      
# span 28 =   38.92010,   38.92380      
# span 29 =  -73.22656,  -73.22267      
# span 30 =    33.5443,    33.7555      
# span 31 =  1025.8671,  1026.2743      
# span 32 =    25.8565,    25.9507      
# span 33 =     8.9934,     9.4600      
# span 34 = 0.0000e+00, 0.0000e+00      
# interval = meters: 1                  
# start_time = Feb 05 2020 15:50:53 [System UTC, first data scan.]
# bad_flag = -9.990e-29
*END*
[from data line 125]
     12.000     9.0147    33.3947  1025.9139     2.5132     6.5551    100.580    0.00035    6.51727    6.52205      8.290     0.5116   11.75197   3.563132 5.5786e+00    25.8591    25.8589 2.4892e+01     12.093          1      15041    1484.48 4.4621e+02  52372.036    626.671 1580918480      -0.72     -0.856   38.92090  -73.22584    33.5536  1025.9174    25.8626     9.0135 0.0000e+00
     11.000     9.0293    33.3981  1025.9097     2.5128     6.5494    100.495   -0.00016    6.51713    6.52191      8.290     0.4949   11.75173   3.564839 6.4529e+00    25.8594    25.8592 2.8662e+01     11.101          1      15063    1484.52 4.4426e+02  52373.051    627.589 1580918481      -0.04     -1.168   38.92089  -73.22584    33.5582  1025.9142    25.8638     9.0281 0.0000e+00
     10.000     9.0296    33.3984  1025.9053     2.5116     6.5489    100.482    0.00012    6.51749    6.52227      8.289     0.5093   11.75233   3.564718 7.7128e+00    25.8596    25.8594 3.4814e+01     10.089          1      15447    1484.51 4.5097e+02  52372.733    643.584 1580918497       0.08     -0.633   38.92081  -73.22591    33.5571  1025.9087    25.8629     9.0285 0.0000e+00
      9.000     9.0706    33.4082  1025.9019     2.5092     6.5257    100.215   -0.00007    6.51173    6.51643      8.289     0.4880   11.74269   3.569121 7.7594e+00    25.8608    25.8606 3.9094e+01      9.064          1      17459    1484.65 5.0414e+02  52377.180    727.434 1580918581      -0.46     -0.341   38.92042  -73.22619    33.5650  1025.9037    25.8626     9.0696 0.0000e+00
      8.000     9.0545    33.4059  1025.8981 -9.990e-29     6.5368    100.361    0.00078    6.51322    6.51795      8.290     0.4684   11.74517   3.567456 1.0338e+01    25.8615    25.8614 4.7213e+01      8.062          1      17265    1484.58 4.5739e+02  52376.713    719.324 1580918573      -0.29     -0.848   38.92046  -73.22616    33.5631  1025.9003    25.8637     9.0537 0.0000e+00
      7.000     9.0207    33.3967  1025.8916     2.5182     6.5555    100.584    0.00030    6.51747    6.52225      8.290     0.5168   11.75230   3.563593 1.1726e+01    25.8596    25.8595 5.5034e+01      7.064          1      18156    1484.42 4.6972e+02  52370.277    756.441 1580918610      -0.20     -0.541   38.92029  -73.22633    33.5552  1025.8948    25.8627     9.0199 0.0000e+00
      6.000     8.9954    33.3902  1025.8859     2.5194     6.5729    100.809    0.00035    6.52016    6.52497 -9.990e-29     0.5088   11.75679   3.560651 1.2425e+01    25.8585    25.8584 5.8415e+01      6.046          1      18846    1484.30 4.7022e+02  52365.921    785.218 1580918639      -0.08     -0.568   38.92016  -73.22648    33.5487  1025.8891    25.8616     8.9948 0.0000e+00
      5.000     9.0083    33.3929  1025.8814     2.5191     6.5676    100.728   -0.00017    6.52011    6.52493 -9.990e-29     0.5611   11.75671   3.562055 1.5439e+01    25.8586    25.8585 7.1540e+01      5.036          1      18890    1484.34 4.6349e+02  52366.299    787.026 1580918640      -0.10     -0.603   38.92016  -73.22648    33.5516  1025.8848    25.8619     9.0078 0.0000e+00
      4.000     9.0112    33.3940  1025.8773     2.5180     6.5592    100.601   -0.00062    6.51999    6.52480 -9.990e-29     0.4804   11.75651   3.562343 1.8144e+01    25.8590    25.8589 8.3984e+01      4.042          1      18960    1484.33 4.6303e+02  52366.603    789.954 1580918643      -0.34     -0.591   38.92014  -73.22649    33.5524  1025.8804    25.8621     9.0107 0.0000e+00
      3.000     9.0131    33.3947  1025.8729     2.5176     6.5601    100.619   -0.00019    6.51975    6.52456 -9.990e-29     0.4786   11.75611   3.562540 2.2111e+01    25.8591    25.8591 1.0189e+02      3.025          1      19049    1484.33 4.6108e+02  52366.428    793.681 1580918647       0.10     -0.429   38.92012  -73.22650    33.5531  1025.8760    25.8623     9.0128 0.0000e+00
      2.000     9.0138    33.3948  1025.8683 -9.990e-29 -9.990e-29 -9.990e-29 -9.990e-29 -9.990e-29 -9.990e-29 -9.990e-29 -9.990e-29 -9.990e-29   3.562553 2.9356e+01    25.8591    25.8591 1.3441e+02      2.016          1      19128    1484.31 4.5796e+02  52365.814    796.952 1580918650      -0.13     -0.369   38.92010  -73.22652    33.5531  1025.8713    25.8621     9.0136 0.0000e+00
      1.000     9.0133    33.3949  1025.8638 -9.990e-29 -9.990e-29 -9.990e-29 -9.990e-29 -9.990e-29 -9.990e-29 -9.990e-29 -9.990e-29 -9.990e-29   3.562478 4.9485e+01    25.8593    25.8593 2.2411e+02      1.057          1      19184    1484.29 4.5161e+02  52365.476    799.305 1580918653       0.27     -0.508   38.92010  -73.22656    33.5531  1025.8671    25.8623     9.0131 0.0000e+00
