CalculateIndicators/WaterTemperature/Data/CTD_NYOS/20201027_C26.cnv
* Sea-Bird SBE 9 Data File:
* FileName = C:\Seabird 9 CTD\Data\2020\202010_offshore\20201027_C26.hex
* Software Version Seasave V 7.23.2
* Temperature SN = 4590
* Conductivity SN = 3228
* Number of Bytes Per Scan = 44
* Number of Voltage Words = 5
* Number of Scans Averaged by the Deck Unit = 1
* NMEA Latitude = 39 14.65 N
* NMEA Longitude = 072 17.72 W
* NMEA UTC (Time) = Oct 27 2020  17:27:30
* NMEA baud rate = 4800
** Ship: seawolf
** Station: 4.6
** Operator: EIH
# nquan = 31
# nvalues = 603                         
# units = specified
# name 0 = depSM: Depth [salt water, m]
# name 1 = t090C: Temperature [ITS-90, deg C]
# name 2 = sal00: Salinity, Practical [PSU]
# name 3 = density00: Density [density, kg/m^3]
# name 4 = sbeox0V: Oxygen raw, SBE 43 [V]
# name 5 = sbeox0ML/L: Oxygen, SBE 43 [ml/l]
# name 6 = sbeox0PS: Oxygen, SBE 43 [% saturation]
# name 7 = sbox0dV/dT: Oxygen, SBE 43 [dov/dt]
# name 8 = oxsolML/L: Oxygen Saturation, Garcia & Gordon [ml/l]
# name 9 = oxsatML/L: Oxygen Saturation, Weiss [ml/l]
# name 10 = ph: pH
# name 11 = flECO-AFL: Fluorescence, WET Labs ECO-AFL/FL [mg/m^3]
# name 12 = n2satML/L: Nitrogen Saturation [ml/l]
# name 13 = c0S/m: Conductivity [S/m]
# name 14 = cpar: CPAR/Corrected Irradiance [%]
# name 15 = sigma-é00: Density [sigma-theta, kg/m^3]
# name 16 = sigma-t00: Density [sigma-t, kg/m^3 ]
# name 17 = par: PAR/Irradiance, Biospherical/Licor
# name 18 = prDM: Pressure, Digiquartz [db]
# name 19 = pumps: Pump Status
# name 20 = scan: Scan Count
# name 21 = svCM: Sound Velocity [Chen-Millero, m/s]
# name 22 = spar: SPAR, Biospherical/Licor
# name 23 = specc: Specific Conductance [uS/cm]
# name 24 = timeS: Time, Elapsed [seconds]
# name 25 = timeY: Time, System [seconds]
# name 26 = accM: Acceleration [m/s^2]
# name 27 = dz/dtM: Descent Rate [m/s]
# name 28 = latitude: Latitude [deg]
# name 29 = longitude: Longitude [deg]
# name 30 = flag: flag
# span 0 =      1.961,    300.489       
# span 1 =     9.1237,    20.0007       
# span 2 =    34.8217,    35.8599       
# span 3 =  1024.6710,  1028.6398       
# span 4 =     1.3927,     2.4575       
# span 5 =     2.8977,     4.9494       
# span 6 =     46.079,     95.496       
# span 7 =   -0.03915,    0.03139       
# span 8 =    5.17872,    6.42748       
# span 9 =    5.16899,    6.43279       
# span 10 =      8.312,      8.529      
# span 11 =    -0.0949,     0.3011      
# span 12 =    9.51774,   11.58201      
# span 13 =   3.760697,   4.776121      
# span 14 = -6.746e-08, 1.7609e+01      
# span 15 =    24.6619,    27.2737      
# span 16 =    24.6616,    27.2683      
# span 17 = -1.443e-06, 2.1300e+02      
# span 18 =      2.000,    303.000      
# span 19 =          1,          1      
# span 20 =        285,      40923      
# span 21 =    1491.89,    1521.94      
# span 22 = 1.2094e+03, 3.0969e+03      
# span 23 =  53060.390,  55101.664      
# span 24 =     11.841,   1705.084      
# span 25 = 1603819663, 1603821356      
# span 26 =      -0.98,       1.25      
# span 27 =     -1.311,      1.218      
# span 28 =   39.23785,   39.24425      
# span 29 =  -72.29971,  -72.29542      
# span 30 = 0.0000e+00, 0.0000e+00      
# interval = decibars: 1                
# start_time = Oct 27 2020 17:27:31 [System UTC, first data scan.]
# bad_flag = -9.990e-29
*END*
      1.961    19.9792    34.8703  1024.6769     2.4507     4.9229     95.021   -0.00102    5.18085    5.17113      8.476     0.2352    9.52127   4.773958 5.6371e+00    24.6684    24.6683 1.3606e+02      2.000          1        285    1521.30 2.4234e+03  53062.700     11.841 1603819663       0.25     -0.719   39.24425  -72.29542 0.0000e+00
      2.978    19.9793    34.8705  1024.6815     2.4525     4.9315     95.190    0.00028    5.18065    5.17093      8.476     0.1957    9.52093   4.774035 3.8975e+00    24.6686    24.6684 9.1896e+01      3.000          1        450    1521.32 2.3578e+03  53063.572     18.719 1603819669       0.21      0.165   39.24423  -72.29547 0.0000e+00
      3.965    19.9818    34.8710  1024.6856     2.4534     4.9365     95.288    0.00066    5.18067    5.17096      8.476     0.1819    9.52096   4.774399 3.2122e+00    24.6683    24.6681 7.7148e+01      4.000          1        572    1521.35 2.4014e+03  53064.600     23.791 1603819675       0.10      0.350   39.24420  -72.29548 0.0000e+00
      4.956    19.9810    34.8711  1024.6902     2.4522     4.9305     95.160   -0.00076    5.18133    5.17162      8.476     0.1773    9.52206   4.774375 2.9690e+00    24.6687    24.6684 7.1514e+01      5.000          1        601    1521.36 2.4086e+03  53065.263     25.019 1603819676       0.22      0.640   39.24420  -72.29548 0.0000e+00
      5.962    19.9794    34.8712  1024.6952     2.4517     4.9317     95.158   -0.00054    5.18257    5.17287      8.476     0.1886    9.52413   4.774297 2.7255e+00    24.6692    24.6689 6.5486e+01      6.000          1        630    1521.37 2.4027e+03  53066.084     26.193 1603819677       0.04      0.839   39.24420  -72.29550 0.0000e+00
      6.944    19.9712    34.8701  1024.7008     2.4520     4.9343     95.212    0.00009    5.18237    5.17267      8.476     0.2105    9.52380   4.773226 2.8318e+00    24.6706    24.6702 6.7603e+01      7.000          1        676    1521.37 2.3873e+03  53065.434     28.141 1603819679      -0.17      0.507   39.24419  -72.29550 0.0000e+00
      7.939    19.9628    34.8697  1024.7071     2.4513     4.9329     95.181   -0.00016    5.18267    5.17297      8.476     0.2031    9.52430   4.772454 2.8602e+00    24.6725    24.6721 6.9300e+01      8.000          1        733    1521.36 2.4225e+03  53065.809     30.482 1603819681      -0.07      0.416   39.24418  -72.29550 0.0000e+00
      8.916    19.9629    34.8699  1024.7115     2.4520     4.9369     95.239   -0.00008    5.18362    5.17392      8.476     0.2144    9.52590   4.772571 3.2034e+00    24.6727    24.6723 7.8225e+01      9.000          1        797    1521.38 2.4421e+03  53066.556     33.187 1603819684       0.50      0.298   39.24418  -72.29550 0.0000e+00
      9.932    19.9599    34.8683  1024.7155     2.4515     4.9352     95.210   -0.00014    5.18348    5.17379      8.476     0.2199    9.52567   4.771918 3.1004e+00    24.6723    24.6718 7.5169e+01     10.000          1        816    1521.38 2.4245e+03  53065.059     33.972 1603819685       0.56      0.881   39.24418  -72.29551 0.0000e+00
     10.918    19.9511    34.8664  1024.7208     2.4501     4.9317     95.134   -0.00065    5.18393    5.17424      8.476     0.2112    9.52642   4.770991 4.4775e+00    24.6733    24.6727 1.0803e+02     11.000          1        863    1521.37 2.4118e+03  53063.507     35.933 1603819687      -0.14      0.611   39.24416  -72.29552 0.0000e+00
     11.906    19.9493    34.8659  1024.7252     2.4510     4.9381     95.249    0.00053    5.18442    5.17473      8.476     0.2152    9.52724   4.770773 4.8153e+00    24.6734    24.6728 1.1684e+02     12.000          1        918    1521.39 2.4267e+03  53063.435     38.206 1603819689       0.62      0.463   39.24416  -72.29552 0.0000e+00
     12.904    19.9450    34.8655  1024.7304     2.4494     4.9325     95.141   -0.00040    5.18441    5.17472      8.477     0.2239    9.52722   4.770340 6.2630e+00    24.6743    24.6736 1.5335e+02     13.000          1        957    1521.39 2.4456e+03  53063.534     39.843 1603819691      -0.07      0.608   39.24416  -72.29554 0.0000e+00
     13.882    19.9427    34.8654  1024.7353     2.4494     4.9366     95.221    0.00090    5.18439    5.17471      8.478     0.2207    9.52720   4.770158 8.5349e+00    24.6749    24.6742 2.0998e+02     14.000          1       1015    1521.40 2.4604e+03  53064.074     42.258 1603819693       0.50      0.293   39.24414  -72.29554 0.0000e+00
     14.895    19.9427    34.8655  1024.7398     2.4501     4.9379     95.246    0.00055    5.18438    5.17469      8.468     0.2366    9.52717   4.770216 7.7916e+00    24.6749    24.6742 1.9056e+02     15.000          1       1042    1521.42 2.4455e+03  53064.622     43.382 1603819694       0.08      0.781   39.24414  -72.29554 0.0000e+00
     15.860    19.9428    34.8654  1024.7440     2.4475     4.9257     95.011   -0.00187    5.18429    5.17460      8.464     0.2594    9.52702   4.770271 8.1600e+00    24.6749    24.6741 1.9914e+02     16.000          1       1109    1521.43 2.4404e+03  53065.013     46.183 1603819697       0.06      0.113   39.24413  -72.29555 0.0000e+00
     16.880    19.9436    34.8655  1024.7483     2.4490     4.9364     95.217    0.00061    5.18435    5.17466      8.463     0.2690    9.52712   4.770413 7.1040e+00    24.6748    24.6740 1.7304e+02     17.000          1       1133    1521.45 2.4357e+03  53065.576     47.162 1603819698       0.25      0.752   39.24412  -72.29556 0.0000e+00
     17.855    19.9437    34.8654  1024.7525     2.4504     4.9405     95.294    0.00051    5.18447    5.17478      8.460     0.2652    9.52732   4.770455 7.0157e+00    24.6748    24.6739 1.7208e+02     18.000          1       1195    1521.47 2.4527e+03  53065.943     49.735 1603819700      -0.25      0.297   39.24411  -72.29557 0.0000e+00
     18.860    19.9427    34.8658  1024.7575     2.4503     4.9394     95.274    0.00002    5.18445    5.17476      8.461     0.2753    9.52728   4.770441 6.5378e+00    24.6754    24.6745 1.5975e+02     19.000          1       1232    1521.48 2.4432e+03  53067.041     51.284 1603819702       0.13      0.656   39.24410  -72.29558 0.0000e+00
     19.843    19.9421    34.8659  1024.7621     2.4487     4.9336     95.168   -0.00089    5.18412    5.17443 -9.990e-29     0.2771    9.52673   4.770443 5.7462e+00    24.6757    24.6747 1.3923e+02     20.000          1       1279    1521.50 2.4231e+03  53067.647     53.244 1603819704      -0.08      0.496   39.24410  -72.29558 0.0000e+00
     20.838    19.9421    34.8661  1024.7665     2.4480     4.9324     95.149   -0.00064    5.18392    5.17423      8.462     0.2910    9.52640   4.770511 5.4471e+00    24.6758    24.6748 1.3348e+02     21.000          1       1317    1521.51 2.4508e+03  53068.322     54.830 1603819706       0.08      0.618   39.24409  -72.29558 0.0000e+00
     21.832    19.9459    34.8669  1024.7706     2.4482     4.9354     95.204   -0.00006    5.18399    5.17430      8.464     0.2804    9.52650   4.771063 5.0481e+00    24.6755    24.6744 1.2346e+02     22.000          1       1365    1521.54 2.4462e+03  53069.761     56.823 1603819708      -0.09      0.490   39.24408  -72.29560 0.0000e+00
     22.812    19.9467    34.8673  1024.7749     2.4474     4.9323     95.146   -0.00078    5.18391    5.17422      8.466     0.2713    9.52637   4.771226 4.8949e+00    24.6756    24.6745 1.1356e+02     23.000          1       1422    1521.56 2.3194e+03  53070.721     59.217 1603819710       0.56      0.335   39.24406  -72.29560 0.0000e+00
     23.824    19.9466    34.8672  1024.7794     2.4495     4.9447     95.386    0.00172    5.18392    5.17423      8.467     0.2825    9.52640   4.771252 4.2643e+00    24.6757    24.6745 9.5879e+01     24.000          1       1442    1521.58 2.2472e+03  53071.123     60.054 1603819711       0.47      0.910   39.24406  -72.29560 0.0000e+00
     24.812    19.9469    34.8670  1024.7835     2.4475     4.9340     95.181   -0.00051    5.18382    5.17413 -9.990e-29     0.2781    9.52622   4.771296 3.9732e+00    24.6755    24.6743 8.9219e+01     25.000          1       1480    1521.60 2.2455e+03  53071.322     61.630 1603819712      -0.27      0.733   39.24406  -72.29561 0.0000e+00
     25.799    19.9485    34.8677  1024.7879     2.4462     4.9311     95.125   -0.00049    5.18383    5.17414      8.467     0.2747    9.52624   4.771589 3.6497e+00    24.6756    24.6744 8.5853e+01     26.000          1       1531    1521.62 2.3532e+03  53072.601     63.738 1603819715       0.20      0.436   39.24404  -72.29562 0.0000e+00
     26.791    19.9479    34.8677  1024.7925     2.4454     4.9318     95.137    0.00003    5.18388    5.17419      8.474     0.2752    9.52633   4.771571 3.3945e+00    24.6758    24.6745 8.2056e+01     27.000          1       1588    1521.63 2.4173e+03  53073.171     66.116 1603819717      -0.09      0.391   39.24404  -72.29562 0.0000e+00
     27.773    19.9485    34.8676  1024.7966     2.4463     4.9350     95.199    0.00012    5.18390    5.17421      8.476     0.2836    9.52636   4.771668 2.9808e+00    24.6757    24.6743 7.2598e+01     28.000          1       1637    1521.65 2.4354e+03  53073.496     68.146 1603819719       0.67      0.458   39.24402  -72.29564 0.0000e+00
     28.787    19.9470    34.8674  1024.8012     2.4461     4.9343     95.185    0.00004    5.18386    5.17417      8.476     0.2715    9.52629   4.771496 2.8088e+00    24.6759    24.6745 6.8587e+01     29.000          1       1654    1521.66 2.4419e+03  53073.731     68.867 1603819720       0.61      1.012   39.24402  -72.29564 0.0000e+00
     29.776    19.9471    34.8675  1024.8057     2.4445     4.9288     95.079   -0.00062    5.18387    5.17418      8.484     0.2640    9.52630   4.771598 2.6076e+00    24.6760    24.6746 6.3706e+01     30.000          1       1691    1521.68 2.4430e+03  53074.417     70.403 1603819721      -0.25      0.784   39.24401  -72.29564 0.0000e+00
     30.761    19.9479    34.8680  1024.8102     2.4440     4.9308     95.116    0.00005    5.18399    5.17430      8.489     0.2607    9.52650   4.771770 2.3821e+00    24.6762    24.6747 5.7244e+01     31.000          1       1759    1521.70 2.4032e+03  53075.456     73.248 1603819724       0.12      0.320   39.24400  -72.29565 0.0000e+00
     31.749    19.9464    34.8680  1024.8149     2.4444     4.9331     95.159    0.00025    5.18409    5.17440 -9.990e-29     0.2605    9.52667   4.771657 2.1748e+00    24.6767    24.6751 5.0458e+01     32.000          1       1806    1521.71 2.3194e+03  53076.025     75.201 1603819726       0.15      0.496   39.24400  -72.29566 0.0000e+00
     32.747    19.9465    34.8685  1024.8197     2.4448     4.9341     95.178    0.00012    5.18410    5.17441      8.489     0.2700    9.52667   4.771773 1.9096e+00    24.6771    24.6755 4.2955e+01     33.000          1       1836    1521.73 2.2492e+03  53077.255     76.444 1603819727       0.15      0.750   39.24400  -72.29566 0.0000e+00
     33.741    19.9450    34.8688  1024.8246     2.4426     4.9253     95.009   -0.00112    5.18410    5.17441      8.489     0.2696    9.52667   4.771708 1.8240e+00    24.6777    24.6761 4.0616e+01     34.000          1       1866    1521.74 2.2268e+03  53078.168     77.696 1603819728      -0.01      0.802   39.24398  -72.29566 0.0000e+00
     34.729    19.9451    34.8688  1024.8290     2.4420     4.9264     95.034   -0.00049    5.18384    5.17415      8.479     0.2490    9.52624   4.771770 1.7472e+00    24.6778    24.6761 3.9156e+01     35.000          1       1926    1521.76 2.2415e+03  53078.679     80.197 1603819731      -0.00      0.370   39.24397  -72.29568 0.0000e+00
     35.728    19.9470    34.8698  1024.8336     2.4414     4.9268     95.043   -0.00009    5.18376    5.17406      8.474     0.2667    9.52609   4.772130 1.5680e+00    24.6781    24.6764 3.6148e+01     36.000          1       1974    1521.78 2.3060e+03  53080.399     82.193 1603819733       0.49      0.608   39.24396  -72.29568 0.0000e+00
     36.713    19.9478    34.8698  1024.8377     2.4429     4.9333     95.169    0.00069    5.18370    5.17401      8.444     0.2488    9.52600   4.772245 1.5042e+00    24.6779    24.6761 3.5920e+01     37.000          1       2013    1521.80 2.3880e+03  53080.814     83.849 1603819735      -0.23      0.669   39.24395  -72.29570 0.0000e+00
     37.706    19.9482    34.8698  1024.8420     2.4433     4.9329     95.162    0.00012    5.18371    5.17402      8.439     0.2689    9.52602   4.772344 1.3463e+00    24.6779    24.6761 3.2641e+01     38.000          1       2046    1521.82 2.4246e+03  53081.361     85.227 1603819736       0.37      0.612   39.24394  -72.29570 0.0000e+00
     38.705    19.9488    34.8697  1024.8462     2.4424     4.9299     95.105   -0.00037    5.18369    5.17400      8.444     0.2577    9.52598   4.772422 1.2445e+00    24.6777    24.6758 3.0244e+01     39.000          1       2080    1521.84 2.4302e+03  53081.627     86.615 1603819737      -0.13      0.743   39.24394  -72.29570 0.0000e+00
     39.683    19.9486    34.8697  1024.8506     2.4410     4.9271     95.051   -0.00048    5.18359    5.17390      8.443     0.2419    9.52582   4.772449 1.2144e+00    24.6778    24.6759 3.0024e+01     40.000          1       2136    1521.85 2.4729e+03  53082.170     88.952 1603819740       0.17      0.296   39.24394  -72.29570 0.0000e+00
     40.687    19.9492    34.8698  1024.8548     2.4402     4.9243     94.998   -0.00076    5.18359    5.17390      8.449     0.2634    9.52582   4.772566 1.0484e+00    24.6778    24.6758 2.6138e+01     41.000          1       2164    1521.87 2.4933e+03  53082.655     90.124 1603819741       0.26      0.734   39.24392  -72.29572 0.0000e+00
     41.680    19.9498    34.8698  1024.8592     2.4408     4.9295     95.099    0.00023    5.18355    5.17385      8.451     0.2460    9.52575   4.772672 9.7059e-01    24.6777    24.6757 2.4241e+01     42.000          1       2203    1521.89 2.4976e+03  53083.248     91.744 1603819743      -0.18      0.662   39.24392  -72.29572 0.0000e+00
     42.656    19.9499    34.8698  1024.8633     2.4397     4.9230     94.973   -0.00128    5.18353    5.17384      8.453     0.2430    9.52572   4.772727 8.9329e-01    24.6777    24.6756 2.2256e+01     43.000          1       2253    1521.91 2.4914e+03  53083.634     93.830 1603819745       0.24      0.374   39.24392  -72.29574 0.0000e+00
     43.669    19.9506    34.8698  1024.8677     2.4401     4.9294     95.081    0.00020    5.18441    5.17473      8.456     0.2491    9.52720   4.772847 8.3107e-01    24.6776    24.6754 2.0551e+01     44.000          1       2276    1521.93 2.4726e+03  53084.120     94.811 1603819746       0.35      0.825   39.24391  -72.29574 0.0000e+00
     44.652    19.9506    34.8697  1024.8719     2.4333     4.9354     94.644   -0.00278    5.21474    5.20530      8.453     0.1950    9.57738   4.772866 7.7112e-01    24.6775    24.6753 1.9162e+01     45.000          1       2319    1521.94 2.4852e+03  53084.429     96.586 1603819747      -0.31      0.615   39.24390  -72.29574 0.0000e+00
     45.647    19.9025    34.8677  1024.8874     2.4022     4.8198     92.249   -0.01933    5.22479    5.21543      8.453     0.1890    9.59405   4.766365 7.0863e-01    24.6887    24.6865 1.7802e+01     46.000          1       2358    1521.82 2.5122e+03  53085.241     98.188 1603819749       0.42      0.569   39.24390  -72.29574 0.0000e+00
     46.637    19.5459    34.8878  1025.0004     2.3689     4.7705     90.801   -0.01689    5.25382    5.24469      8.437     0.1451    9.64222   4.732125 6.4063e-01    24.7971    24.7949 1.6114e+01     47.000          1       2410    1520.87 2.5154e+03  53132.719    100.391 1603819751      -0.08      0.449   39.24389  -72.29576 0.0000e+00
