CalculateIndicators/WaterTemperature/Data/CTD_NYOS/20201028_C34.cnv
* Sea-Bird SBE 9 Data File:
* FileName = C:\Seabird 9 CTD\Data\2020\202010_offshore\20201028_C34.hex
* Software Version Seasave V 7.23.2
* Temperature SN = 4590
* Conductivity SN = 3228
* Number of Bytes Per Scan = 44
* Number of Voltage Words = 5
* Number of Scans Averaged by the Deck Unit = 1
* NMEA Latitude = 40 17.09 N
* NMEA Longitude = 071 58.53 W
* NMEA UTC (Time) = Oct 28 2020  18:18:31
* NMEA baud rate = 4800
** Ship: seawolf
** Station: 2.3
** Operator: EIH
# nquan = 31
# nvalues = 115                         
# units = specified
# name 0 = depSM: Depth [salt water, m]
# name 1 = t090C: Temperature [ITS-90, deg C]
# name 2 = sal00: Salinity, Practical [PSU]
# name 3 = density00: Density [density, kg/m^3]
# name 4 = sbeox0V: Oxygen raw, SBE 43 [V]
# name 5 = sbeox0ML/L: Oxygen, SBE 43 [ml/l]
# name 6 = sbeox0PS: Oxygen, SBE 43 [% saturation]
# name 7 = sbox0dV/dT: Oxygen, SBE 43 [dov/dt]
# name 8 = oxsolML/L: Oxygen Saturation, Garcia & Gordon [ml/l]
# name 9 = oxsatML/L: Oxygen Saturation, Weiss [ml/l]
# name 10 = ph: pH
# name 11 = flECO-AFL: Fluorescence, WET Labs ECO-AFL/FL [mg/m^3]
# name 12 = n2satML/L: Nitrogen Saturation [ml/l]
# name 13 = c0S/m: Conductivity [S/m]
# name 14 = cpar: CPAR/Corrected Irradiance [%]
# name 15 = sigma-é00: Density [sigma-theta, kg/m^3]
# name 16 = sigma-t00: Density [sigma-t, kg/m^3 ]
# name 17 = par: PAR/Irradiance, Biospherical/Licor
# name 18 = prDM: Pressure, Digiquartz [db]
# name 19 = pumps: Pump Status
# name 20 = scan: Scan Count
# name 21 = svCM: Sound Velocity [Chen-Millero, m/s]
# name 22 = spar: SPAR, Biospherical/Licor
# name 23 = specc: Specific Conductance [uS/cm]
# name 24 = timeS: Time, Elapsed [seconds]
# name 25 = timeY: Time, System [seconds]
# name 26 = accM: Acceleration [m/s^2]
# name 27 = dz/dtM: Descent Rate [m/s]
# name 28 = latitude: Latitude [deg]
# name 29 = longitude: Longitude [deg]
# name 30 = flag: flag
# span 0 =      1.960,     58.568       
# span 1 =    16.7007,    17.3159       
# span 2 =    33.0123,    34.1987       
# span 3 =  1023.9553,  1025.0941       
# span 4 =     1.9721,     2.4021       
# span 5 =     3.9795,     5.1424       
# span 6 =     71.588,     93.138       
# span 7 =   -0.06302,    0.05004       
# span 8 =    5.47276,    5.55875       
# span 9 =    5.46531,    5.55174       
# span 10 =      8.332,      8.687      
# span 11 =     0.0267,     0.3309      
# span 12 =   10.01281,   10.16419      
# span 13 =   4.272801,   4.427280      
# span 14 = 3.8413e-13, 3.1706e+01      
# span 15 =    23.9467,    24.8363      
# span 16 =    23.9466,    24.8340      
# span 17 = 1.0000e-12, 5.7532e+01      
# span 18 =      2.000,     59.000      
# span 19 =          1,          1      
# span 20 =        177,      13011      
# span 21 =    1510.78,    1513.72      
# span 22 = 1.5566e+02, 2.7483e+02      
# span 23 =  50710.373,  52358.632      
# span 24 =      7.315,    542.100      
# span 25 = 1603909119, 1603909654      
# span 26 =      -1.02,       1.36      
# span 27 =     -1.013,      1.303      
# span 28 =   40.28488,   40.28534      
# span 29 =  -71.97544,  -71.97283      
# span 30 = 0.0000e+00, 0.0000e+00      
# interval = decibars: 1                
# start_time = Oct 28 2020 18:18:32 [System UTC, first data scan.]
# bad_flag = -9.990e-29
*END*
[from data line 47]
     48.621    16.8925    33.9774  1024.9711     2.0395     4.1987     76.260    0.00542    5.50583    5.49862      8.390     0.0805   10.06938   4.364908 8.4829e-02    24.7567    24.7548 1.8640e-01     49.000          1       2818    1512.15 2.1981e+02  52082.304    117.377 1603909229      -0.05      0.511   40.28504  -71.97496 0.0000e+00
     49.608    17.0015    34.0314  1024.9911     2.0551     4.2275     76.996    0.00503    5.49050    5.48318      8.386     0.0810   10.04317   4.381914 6.4574e-02    24.7725    24.7706 1.4286e-01     50.000          1       2893    1512.55 2.2122e+02  52147.561    120.508 1603909232       0.10      0.335   40.28504  -71.97494 0.0000e+00
     50.601    17.1070    34.0916  1025.0166     2.0641     4.2431     77.367    0.00382    5.48443    5.47707      8.387     0.0706   10.03278   4.399131 4.9234e-02    24.7937    24.7917 1.0355e-01     51.000          1       2946    1512.96 2.1012e+02  52221.684    122.711 1603909235       0.01      0.457   40.28504  -71.97493 0.0000e+00
     51.597    17.1535    34.1258  1025.0362     2.0706     4.2583     77.674    0.00360    5.48227    5.47489      8.397     0.0857   10.02909   4.407600 3.0826e-02    24.8090    24.8069 6.7785e-02     52.000          1       2993    1513.15 2.2111e+02  52265.213    124.665 1603909237       0.02      0.520   40.28504  -71.97492 0.0000e+00
     52.583    17.2020    34.1511  1025.0485     2.0792     4.2736     78.031    0.00244    5.47683    5.46941      8.367     0.0813   10.01984   4.415025 1.7171e-02    24.8169    24.8148 3.9095e-02     53.000          1       3072    1513.34 2.2719e+02  52296.417    127.977 1603909240      -0.05      0.234   40.28504  -71.97490 0.0000e+00
     53.575    17.2373    34.1671  1025.0567     2.0841     4.2849     78.269    0.00222    5.47465    5.46721      8.332     0.0746   10.01608   4.420234 8.0363e-03    24.8208    24.8187 1.8253e-02     54.000          1       3127    1513.48 2.2717e+02  52315.934    130.250 1603909242       0.19      0.498   40.28504  -71.97490 0.0000e+00
     54.575    17.2394    34.1715  1025.0640     2.0846     4.2802     78.182    0.00039    5.47460    5.46717      8.339     0.0610   10.01600   4.421004 7.6352e-04    24.8237    24.8216 1.7339e-03     55.000          1       3167    1513.51 2.2797e+02  52322.260    131.926 1603909244      -0.01      0.588   40.28504  -71.97488 0.0000e+00
     55.556    17.2559    34.1821  1025.0725     2.0900     4.3005     78.560    0.00209    5.47410    5.46666      8.354     0.0728   10.01514   4.423681 4.3982e-13    24.8280    24.8257 1.0000e-12     56.000          1       3250    1513.59 2.2736e+02  52335.956    135.383 1603909247       0.39      0.223   40.28504  -71.97486 0.0000e+00
     56.557    17.2600    34.1860  1025.0790     2.0883     4.2891     78.362    0.00010    5.47343    5.46598      8.356     0.0677   10.01397   4.424537 4.3771e-13    24.8300    24.8277 1.0000e-12     57.000          1       3324    1513.62 2.2848e+02  52341.445    138.467 1603909250       0.13      0.378   40.28505  -71.97485 0.0000e+00
     57.551    17.2667    34.1921  1025.0864     2.0880     4.2879     78.347   -0.00001    5.47305    5.46560      8.369     0.0689   10.01331   4.425881 4.3168e-13    24.8331    24.8308 1.0000e-12     58.000          1       3431    1513.67 2.3175e+02  52349.730    142.937 1603909255       0.08      0.390   40.28506  -71.97483 0.0000e+00
     58.568    17.2747    34.1987  1025.0941     2.0890     4.2890     78.366   -0.00048    5.47313    5.46568      8.381     0.0645   10.01343   4.427280 3.8413e-13    24.8363    24.8340 1.0000e-12     59.000          1       4292    1513.72 2.4929e+02  52358.632    178.804 1603909290      -0.05      0.386   40.28508  -71.97464 0.0000e+00
     57.542    17.2690    34.1946  1025.0877     2.0876     4.2849     78.295   -0.00054    5.47276    5.46531      8.378     0.0804   10.01281   4.426207 3.9948e-13    24.8345    24.8322 1.0000e-12     58.000          1       4160    1513.68 2.4983e+02  52352.940    173.309 1603909285      -0.47     -0.217   40.28508  -71.97468 0.0000e+00
     56.559    17.2616    34.1892  1025.0810     2.0863     4.2876     78.301    0.00090    5.47572    5.46829      8.388     0.0636   10.01788   4.424779 4.0223e-13    24.8321    24.8298 1.0000e-12     57.000          1       4731    1513.63 2.4864e+02  52345.635    197.103 1603909309      -0.62     -0.341   40.28510  -71.97457 0.0000e+00
     55.546    17.2548    34.1841  1025.0743     2.0851     4.2780     78.123   -0.00106    5.47603    5.46860      8.390     0.0889   10.01841   4.423370 4.0292e-13    24.8297    24.8275 1.0000e-12     56.000          1       4770    1513.59 2.4820e+02  52338.737    198.709 1603909311      -0.35     -0.908   40.28510  -71.97456 0.0000e+00
     54.570    17.2315    34.1711  1025.0655     2.0811     4.2654     77.862   -0.00198    5.47822    5.47081      8.376     0.0648   10.02216   4.419467 5.8155e-04    24.8253    24.8231 1.4470e-03     55.000          1       4874    1513.49 2.4859e+02  52322.353    203.044 1603909315      -0.52     -0.376   40.28510  -71.97454 0.0000e+00
     53.566    17.2217    34.1635  1025.0576     2.0768     4.2569     77.621   -0.00241    5.48418    5.47681      8.373     0.0694   10.03233   4.417516 1.0681e-02    24.8218    24.8196 2.6518e-02     54.000          1       4943    1513.43 2.4824e+02  52312.274    205.923 1603909318      -0.44     -0.674   40.28510  -71.97453 0.0000e+00
     52.580    17.1727    34.1405  1025.0473     2.0685     4.2311     77.052   -0.00498    5.49130    5.48398      8.370     0.0752   10.04448   4.409771 2.4279e-02    24.8157    24.8136 6.0409e-02     53.000          1       5010    1513.24 2.4880e+02  52284.283    208.716 1603909321      -0.09     -0.843   40.28510  -71.97451 0.0000e+00
     51.594    17.1065    34.0966  1025.0250     2.0591     4.2262     76.740   -0.00255    5.50727    5.50007      8.465     0.0689   10.07184   4.398168 3.9207e-02    24.7977    24.7957 9.8124e-02     52.000          1       5090    1512.98 2.5029e+02  52229.069    212.045 1603909324      -0.11     -0.259   40.28510  -71.97448 0.0000e+00
     50.598    17.0209    34.0405  1024.9979     2.0496     4.2013     76.127   -0.00500    5.51882    5.51172      8.478     0.0592   10.09150   4.382943 5.5870e-02    24.7750    24.7730 1.3933e-01     51.000          1       5140    1512.64 2.4947e+02  52158.956    214.139 1603909326       0.00     -0.579   40.28510  -71.97448 0.0000e+00
     49.614    16.8928    33.9771  1024.9752     2.0310     4.1652     75.131   -0.00649    5.54380    5.53689      8.455     0.0599   10.13411   4.362998 7.9518e-02    24.7564    24.7545 2.0018e-01     50.000          1       5216    1512.17 2.5175e+02  52082.373    217.311 1603909329       0.03     -0.223   40.28510  -71.97446 0.0000e+00
     48.612    16.7504    33.9009  1024.9457     2.0166     4.1230     74.397   -0.00690    5.54183    5.53489      8.453     0.0651   10.13114   4.340141 9.8170e-02    24.7312    24.7294 2.4803e-01     49.000          1       5266    1511.63 2.5264e+02  51989.526    219.358 1603909331      -0.13     -0.508   40.28510  -71.97445 0.0000e+00
     47.637    16.7007    33.8480  1024.9124     2.0242     4.1715     75.506    0.00574    5.52477    5.51758      8.469     0.0546   10.10456   4.329852 1.1606e-01    24.7022    24.7004 2.9336e-01     48.000          1       5347    1511.40 2.5277e+02  51920.849    222.742 1603909335      -0.66     -0.258   40.28510  -71.97443 0.0000e+00
     46.622    16.7701    33.7955  1024.8514     2.0486     4.2778     77.419    0.01744    5.52560    5.51843      8.477     0.0578   10.10573   4.331241 1.3789e-01    24.6456    24.6439 3.4854e-01     47.000          1       5368    1511.54 2.5277e+02  51842.332    223.627 1603909336      -0.34     -0.882   40.28510  -71.97442 0.0000e+00
     45.639    16.8834    33.5837  1024.6580     2.0697     4.2912     77.295   -0.00132    5.55189    5.54485      8.468     0.0395   10.15220   4.317258 1.6889e-01    24.4566    24.4549 4.2058e-01     46.000          1       5468    1511.62 2.4901e+02  51541.523    227.787 1603909340      -0.03     -0.407   40.28510  -71.97441 0.0000e+00
     44.652    16.8055    33.4382  1024.5602     1.9980     3.9795     71.588   -0.03706    5.55875    5.55174      8.440     0.0423   10.16419   4.292489 1.8961e-01    24.3631    24.3614 4.8525e-01     45.000          1       5537    1511.20 2.5590e+02  51347.860    230.666 1603909343      -0.26     -0.395   40.28510  -71.97439 0.0000e+00
     43.651    16.7125    33.3338  1024.4974     1.9721     4.0103     72.412   -0.00264    5.53879    5.53156      8.462     0.0426   10.13170   4.272801 2.2034e-01    24.3046    24.3029 5.6032e-01     44.000          1       5640    1510.78 2.5452e+02  51211.801    234.974 1603909347      -0.07     -0.541   40.28511  -71.97437 0.0000e+00
     42.662    17.0578    33.2518  1024.3492     2.0951     4.5051     81.607    0.05004    5.52035    5.51290      8.470     0.0270   10.10184   4.297180 2.5646e-01    24.1610    24.1593 6.4150e-01     43.000          1       5762    1511.72 2.5012e+02  51069.710    240.037 1603909352      -0.29     -0.403   40.28512  -71.97435 0.0000e+00
     41.662    17.1735    33.2288  1024.2997     2.1873     4.7044     85.355    0.03835    5.51168    5.50414      8.468     0.0444   10.08767   4.305682 2.8151e-01    24.1160    24.1143 7.1568e-01     42.000          1       5842    1512.02 2.5436e+02  51028.602    243.385 1603909355      -0.24     -0.638   40.28512  -71.97434 0.0000e+00
     40.678    17.2946    33.1721  1024.2231     2.2929     4.9175     89.352    0.01973    5.50359    5.49594      8.452     0.0444   10.07487   4.309995 3.1482e-01    24.0438    24.0422 8.0453e-01     41.000          1       5983    1512.30 2.5553e+02  50940.635    249.247 1603909361      -0.00     -0.284   40.28512  -71.97431 0.0000e+00
     39.674    17.3101    33.1346  1024.1863     2.3365     4.9995     90.846    0.00930    5.50327    5.49562      8.420     0.0510   10.07436   4.306316 3.4397e-01    24.0114    24.0098 9.3011e-01     40.000          1       6501    1512.29 2.7063e+02  50887.592    270.841 1603909383      -0.48     -0.594   40.28514  -71.97420 0.0000e+00
     38.678    17.2919    33.1165  1024.1723     2.3428     5.0323     91.379    0.01330    5.50705    5.49942      8.424     0.0887   10.08110   4.302361 4.0137e-01    24.0018    24.0002 1.1035e+00     39.000          1       7240    1512.20 2.7483e+02  50863.481    301.606 1603909414      -0.24     -0.957   40.28516  -71.97405 0.0000e+00
     37.700    17.2800    33.1044  1024.1614     2.3572     5.0367     91.444    0.00315    5.50792    5.50029      8.413     0.1171   10.08264   4.299972 4.4028e-01    23.9952    23.9937 1.1905e+00     38.000          1       7430    1512.13 2.7044e+02  50847.196    309.526 1603909421      -0.51     -0.503   40.28516  -71.97400 0.0000e+00
     36.711    17.2789    33.1032  1024.1564     2.3599     5.0368     91.447    0.00111    5.50793    5.50030      8.400     0.1008   10.08265   4.299737 4.8549e-01    23.9946    23.9931 1.2898e+00     37.000          1       7486    1512.11 2.6575e+02  50845.231    311.867 1603909424       0.13     -0.452   40.28516  -71.97400 0.0000e+00
     35.723    17.2792    33.1021  1024.1511     2.3629     5.0438     91.569    0.00102    5.50812    5.50049      8.394     0.1078   10.08304   4.299607 5.2269e-01    23.9936    23.9922 1.3579e+00     36.000          1       7570    1512.09 2.5980e+02  50843.169    315.380 1603909427      -0.00     -0.246   40.28516  -71.97398 0.0000e+00
     34.725    17.2794    33.0977  1024.1432     2.3668     5.0579     91.826    0.00217    5.50821    5.50058      8.395     0.1221   10.08318   4.299070 5.6970e-01    23.9901    23.9888 1.4559e+00     35.000          1       7619    1512.07 2.5558e+02  50836.554    317.401 1603909429      -0.49     -0.511   40.28516  -71.97396 0.0000e+00
     33.730    17.2779    33.0961  1024.1380     2.3685     5.0580     91.809    0.00076    5.50931    5.50169      8.409     0.1394   10.08507   4.298697 6.2036e-01    23.9893    23.9879 1.5480e+00     34.000          1       7688    1512.05 2.4955e+02  50834.074    320.311 1603909432      -0.41     -0.391   40.28516  -71.97395 0.0000e+00
     32.741    17.2729    33.0932  1024.1325     2.3723     5.0744     92.043    0.00171    5.51310    5.50551      8.415     0.1606   10.09157   4.297795 6.7814e-01    23.9881    23.9868 1.6599e+00     33.000          1       7747    1512.01 2.4481e+02  50829.861    322.769 1603909435       0.07     -0.489   40.28516  -71.97394 0.0000e+00
     31.751    17.2418    33.0736  1024.1205     2.3797     5.0987     92.457    0.00268    5.51468    5.50709      8.423     0.1932   10.09427   4.292356 7.3702e-01    23.9805    23.9792 1.7631e+00     32.000          1       7816    1511.88 2.3929e+02  50804.957    325.607 1603909438      -0.01     -0.356   40.28516  -71.97392 0.0000e+00
     30.761    17.2268    33.0625  1024.1111     2.3825     5.0997     92.449    0.00059    5.51621    5.50864      8.444     0.2211   10.09694   4.289753 8.4119e-01    23.9755    23.9743 1.9002e+00     31.000          1       7893    1511.81 2.2617e+02  50790.314    328.836 1603909441       0.01     -0.283   40.28516  -71.97390 0.0000e+00
     29.764    17.2200    33.0562  1024.1035     2.3841     5.1054     92.529    0.00069    5.51768    5.51011      8.466     0.2117   10.09947   4.288239 9.1972e-01    23.9722    23.9710 2.0389e+00     30.000          1       7943    1511.76 2.2171e+02  50781.660    330.937 1603909443      -0.27     -0.520   40.28516  -71.97389 0.0000e+00
     28.777    17.2063    33.0445  1024.0934     2.3878     5.1148     92.677    0.00048    5.51896    5.51141      8.445     0.2269   10.10170   4.285639 9.8509e-01    23.9664    23.9653 2.1618e+00     29.000          1       8030    1511.69 2.1967e+02  50766.177    334.549 1603909446       0.02     -0.237   40.28514  -71.97386 0.0000e+00
     27.793    17.2006    33.0386  1024.0858     2.3895     5.1202     92.766    0.00058    5.51949    5.51193      8.435     0.2563   10.10260   4.284374 1.1223e+00    23.9632    23.9621 2.3040e+00     28.000          1       8084    1511.65 2.0525e+02  50757.895    336.789 1603909449      -0.42     -0.472   40.28514  -71.97386 0.0000e+00
     26.774    17.1948    33.0333  1024.0786     2.3901     5.1245     92.840    0.00134    5.51974    5.51219      8.435     0.2865   10.10305   4.283082 1.2568e+00    23.9605    23.9594 2.5645e+00     27.000          1       8114    1511.61 2.0409e+02  50750.709    338.028 1603909450      -0.39     -0.861   40.28514  -71.97385 0.0000e+00
     25.789    17.1953    33.0334  1024.0742     2.3883     5.1125     92.611   -0.00075    5.52038    5.51284 -9.990e-29     0.2960   10.10416   4.283100 1.3935e+00    23.9604    23.9594 2.7041e+00     26.000          1       8202    1511.60 1.9411e+02  50750.315    341.714 1603909454      -1.02     -0.838   40.28514  -71.97384 0.0000e+00
     24.780    17.1967    33.0356  1024.0710     2.3882     5.1134     92.652    0.00003    5.51893    5.51137      8.419     0.2478   10.10164   4.283529 1.5528e+00    23.9617    23.9608 2.9270e+00     25.000          1       8560    1511.59 1.8851e+02  50752.674    356.632 1603909469      -0.25     -1.013   40.28514  -71.97375 0.0000e+00
     23.813    17.1883    33.0275  1024.0625     2.3912     5.1216     92.758   -0.00015    5.52145    5.51391      8.464     0.2617   10.10602   4.281716 1.8633e+00    23.9575    23.9566 3.6789e+00     24.000          1       9821    1511.54 1.9743e+02  50741.723    409.155 1603909521      -0.37     -0.561   40.28518  -71.97346 0.0000e+00
