CalculateIndicators/WaterTemperature/Data/CTD_NYOS/20201019_C09.cnv
* Sea-Bird SBE 9 Data File:
* FileName = C:\Seabird 9 CTD\Data\2020\202010_offshore\20201019_C09.hex
* Software Version Seasave V 7.23.2
* Temperature SN = 4590
* Conductivity SN = 3228
* Number of Bytes Per Scan = 44
* Number of Voltage Words = 5
* Number of Scans Averaged by the Deck Unit = 1
* NMEA Latitude = 38 47.06 N
* NMEA Longitude = 072 49.32 W
* NMEA UTC (Time) = Oct 20 2020  18:38:53
* NMEA baud rate = 4800
** Ship: seawolf
** Station: 6.6
** Operator: SJW
# nquan = 31
# nvalues = 600                         
# units = specified
# name 0 = depSM: Depth [salt water, m]
# name 1 = t090C: Temperature [ITS-90, deg C]
# name 2 = sal00: Salinity, Practical [PSU]
# name 3 = density00: Density [density, kg/m^3]
# name 4 = sbeox0V: Oxygen raw, SBE 43 [V]
# name 5 = sbeox0ML/L: Oxygen, SBE 43 [ml/l]
# name 6 = sbeox0PS: Oxygen, SBE 43 [% saturation]
# name 7 = sbox0dV/dT: Oxygen, SBE 43 [dov/dt]
# name 8 = oxsolML/L: Oxygen Saturation, Garcia & Gordon [ml/l]
# name 9 = oxsatML/L: Oxygen Saturation, Weiss [ml/l]
# name 10 = ph: pH
# name 11 = flECO-AFL: Fluorescence, WET Labs ECO-AFL/FL [mg/m^3]
# name 12 = n2satML/L: Nitrogen Saturation [ml/l]
# name 13 = c0S/m: Conductivity [S/m]
# name 14 = cpar: CPAR/Corrected Irradiance [%]
# name 15 = sigma-é00: Density [sigma-theta, kg/m^3]
# name 16 = sigma-t00: Density [sigma-t, kg/m^3 ]
# name 17 = par: PAR/Irradiance, Biospherical/Licor
# name 18 = prDM: Pressure, Digiquartz [db]
# name 19 = pumps: Pump Status
# name 20 = scan: Scan Count
# name 21 = svCM: Sound Velocity [Chen-Millero, m/s]
# name 22 = spar: SPAR, Biospherical/Licor
# name 23 = specc: Specific Conductance [uS/cm]
# name 24 = timeS: Time, Elapsed [seconds]
# name 25 = timeY: Time, System [seconds]
# name 26 = accM: Acceleration [m/s^2]
# name 27 = dz/dtM: Descent Rate [m/s]
# name 28 = latitude: Latitude [deg]
# name 29 = longitude: Longitude [deg]
# name 30 = flag: flag
# span 0 =      1.983,    299.518       
# span 1 =     9.6311,    21.0951       
# span 2 =    34.8541,    35.7948       
# span 3 =  1024.3658,  1028.5733       
# span 4 =     1.4023,     2.4917       
# span 5 =     2.9638,     4.9355       
# span 6 =     46.846,     96.989       
# span 7 =   -0.01912,    0.02133       
# span 8 =    5.07745,    6.35276       
# span 9 =    5.06700,    6.35698       
# span 10 =      8.267,      8.559      
# span 11 =    -0.0800,     0.5659      
# span 12 =    9.34970,   11.45817      
# span 13 =   3.811891,   4.885362      
# span 14 = 3.5845e-14, 3.9036e+01      
# span 15 =    24.3572,    27.2152      
# span 16 =    24.3571,    27.2094      
# span 17 = 1.0000e-12, 5.0523e+02      
# span 18 =      2.000,    302.000      
# span 19 =          1,          1      
# span 20 =        966,      51549      
# span 21 =    1493.78,    1524.36      
# span 22 = 6.5297e+02, 2.7898e+03      
# span 23 =  52986.025,  55031.702      
# span 24 =     40.192,   2147.831      
# span 25 = 1603219175, 1603221283      
# span 26 =      -0.73,       0.68      
# span 27 =     -1.010,      0.830      
# span 28 =   38.77805,   38.78429      
# span 29 =  -72.82393,  -72.82180      
# span 30 = 0.0000e+00, 0.0000e+00      
# interval = decibars: 1                
# start_time = Oct 20 2020 18:38:55 [System UTC, first data scan.]
# bad_flag = -9.990e-29
*END*
[from data line 375]
    225.165    11.5405    35.4700  1028.0592     1.4719     3.0287     49.792    0.00070    6.08255    6.08311      8.269    -0.0677   11.00893   4.014140 5.3465e-14    27.0471    27.0416 1.0000e-12    227.000          1      28806    1499.56 1.8701e+03  54915.428   1200.188 1603220335      -0.08     -0.287   38.78104  -72.82234 0.0000e+00
    224.169    11.5922    35.4808  1028.0531     1.4750     3.0383     49.987    0.00122    6.07826    6.07877      8.269    -0.0587   11.00180   4.020201 4.9685e-14    27.0458    27.0403 1.0000e-12    226.000          1      28860    1499.74 2.0185e+03  54920.739   1202.466 1603220337       0.02     -0.406   38.78104  -72.82234 0.0000e+00
    223.187    11.6431    35.4871  1028.0438     1.4792     3.0474     50.187    0.00131    6.07212    6.07255      8.270    -0.0523   10.99159   4.025659 4.3700e-14    27.0411    27.0356 1.0000e-12    225.000          1      28938    1499.90 2.2856e+03  54919.892   1205.720 1603220341      -0.36     -0.254   38.78102  -72.82234 0.0000e+00
    222.183    11.6664    35.4915  1028.0382     1.4800     3.0450     50.182    0.00081    6.06802    6.06839      8.270    -0.0540   10.98480   4.028396 4.6670e-14    27.0401    27.0346 1.0000e-12    224.000          1      28969    1499.97 2.1448e+03  54921.291   1206.998 1603220342      -0.07     -0.692   38.78102  -72.82234 0.0000e+00
    221.197    11.7099    35.4944  1028.0276     1.4838     3.0541     50.416    0.00149    6.05774    6.05798      8.271    -0.0584   10.96763   4.032830 4.7814e-14    27.0341    27.0286 1.0000e-12    223.000          1      29031    1500.11 2.0935e+03  54917.134   1209.575 1603220344       0.11     -0.358   38.78102  -72.82235 0.0000e+00
    220.203    11.7919    35.5080  1028.0177     1.4912     3.0798     50.874    0.00263    6.05370    6.05389      8.272    -0.0575   10.96087   4.042242 4.1980e-14    27.0291    27.0236 1.0000e-12    222.000          1      29099    1500.39 2.3900e+03  54921.188   1212.424 1603220347       0.05     -0.366   38.78101  -72.82236 0.0000e+00
    219.219    11.8324    35.5161  1028.0117     1.4978     3.0923     51.103    0.00156    6.05117    6.05134      8.272    -0.0593   10.95661   4.046700 3.9701e-14    27.0277    27.0222 1.0000e-12    221.000          1      29180    1500.52 2.5185e+03  54924.897   1215.782 1603220351      -0.17     -0.260   38.78100  -72.82236 0.0000e+00
    218.223    11.8365    35.5203  1028.0097     1.4999     3.0972     51.196    0.00147    6.04971    6.04986      8.273    -0.0523   10.95417   4.047442 4.2471e-14    27.0302    27.0247 1.0000e-12    220.000          1      29216    1500.52 2.3554e+03  54929.369   1217.291 1603220352      -0.10     -0.613   38.78100  -72.82236 0.0000e+00
    217.227    11.8479    35.5233  1028.0053     1.5019     3.1017     51.274    0.00122    6.04931    6.04945      8.273    -0.0568   10.95351   4.048820 4.4237e-14    27.0303    27.0249 1.0000e-12    219.000          1      29259    1500.55 2.2616e+03  54930.987   1219.088 1603220354       0.12     -0.560   38.78099  -72.82237 0.0000e+00
    216.240    11.8597    35.5253  1028.0001     1.5049     3.1075     51.376    0.00078    6.04860    6.04873      8.271    -0.0572   10.95232   4.049995 4.7644e-14    27.0296    27.0242 1.0000e-12    218.000          1      29339    1500.57 2.1003e+03  54931.128   1222.436 1603220357      -0.05     -0.271   38.78098  -72.82238 0.0000e+00
    215.251    11.8650    35.5261  1027.9953     1.5062     3.1088     51.389    0.00025    6.04962    6.04977      8.272    -0.0511   10.95401   4.050479 4.9391e-14    27.0292    27.0238 1.0000e-12    217.000          1      29413    1500.58 2.0244e+03  54930.723   1225.489 1603220360      -0.05     -0.319   38.78098  -72.82238 0.0000e+00
    214.259    11.8589    35.5267  1027.9924     1.5046     3.0986     51.221   -0.00077    6.04949    6.04963 -9.990e-29    -0.0541   10.95380   4.049826 4.8019e-14    27.0308    27.0254 1.0000e-12    216.000          1      29458    1500.54 2.0837e+03  54931.969   1227.371 1603220362      -0.09     -0.526   38.78098  -72.82238 0.0000e+00
    213.261    11.8563    35.5261  1027.9880     1.5047     3.1017     51.277   -0.00010    6.04888    6.04901 -9.990e-29    -0.0539   10.95278   4.049476 4.2343e-14    27.0308    27.0254 1.0000e-12    215.000          1      29497    1500.51 2.3688e+03  54930.958   1228.983 1603220364       0.02     -0.623   38.78096  -72.82238 0.0000e+00
    212.276    11.8610    35.5262  1027.9828     1.5051     3.1023     51.309    0.00016    6.04627    6.04637 -9.990e-29    -0.0510   10.94844   4.049930 3.6803e-14    27.0300    27.0247 1.0000e-12    214.000          1      29565    1500.52 2.7134e+03  54929.779   1231.820 1603220367       0.05     -0.293   38.78096  -72.82238 0.0000e+00
    211.283    11.8843    35.5292  1027.9760     1.5091     3.1165     51.606    0.00148    6.03909    6.03910      8.271    -0.0564   10.93649   4.052533 3.6110e-14    27.0278    27.0225 1.0000e-12    213.000          1      29641    1500.58 2.7695e+03  54929.266   1234.983 1603220370       0.05     -0.288   38.78096  -72.82238 0.0000e+00
    210.300    11.9279    35.5351  1027.9676     1.5158     3.1316     52.001    0.00250    6.02229    6.02209      8.272    -0.0524   10.90851   4.057560 3.6218e-14    27.0240    27.0187 1.0000e-12    212.000          1      29713    1500.72 2.7611e+03  54929.366   1237.988 1603220373      -0.44     -0.378   38.78094  -72.82238 0.0000e+00
    209.294    11.9533    35.5406  1027.9625     1.5205     3.1493     52.315    0.00354    6.01986    6.01963      8.275    -0.0639   10.90444   4.060691 3.6338e-14    27.0235    27.0182 1.0000e-12    211.000          1      29736    1500.80 2.7519e+03  54932.219   1238.957 1603220374      -0.26     -0.843   38.78094  -72.82238 0.0000e+00
    208.304    12.0379    35.5492  1027.9481     1.5284     3.1786     52.817    0.00487    6.01820    6.01795      8.277    -0.0537   10.90165   4.069970 3.6458e-14    27.0139    27.0086 1.0000e-12    210.000          1      29774    1501.08 2.7429e+03  54929.272   1240.554 1603220375       0.19     -0.691   38.78094  -72.82239 0.0000e+00
    207.323    12.1033    35.5635  1027.9419     1.5393     3.1925     53.069    0.00142    6.01582    6.01553      8.279    -0.0640   10.89766   4.077329 3.6972e-14    27.0124    27.0070 1.0000e-12    209.000          1      29894    1501.30 2.7047e+03  54937.529   1245.523 1603220380      -0.25     -0.185   38.78094  -72.82240 0.0000e+00
    206.327    12.1036    35.5632  1027.9371     1.5405     3.1914     53.062    0.00077    6.01446    6.01416      8.280    -0.0535   10.89539   4.077326 3.6859e-14    27.0120    27.0067 1.0000e-12    208.000          1      29942    1501.29 2.7130e+03  54936.396   1247.530 1603220382      -0.46     -0.728   38.78094  -72.82240 0.0000e+00
    205.328    12.1136    35.5656  1027.9325     1.5411     3.1929     53.092    0.00075    6.01386    6.01356      8.276    -0.0524   10.89440   4.078460 3.6765e-14    27.0120    27.0067 1.0000e-12    207.000          1      29965    1501.31 2.7200e+03  54937.518   1248.483 1603220383      -0.12     -1.010   38.78094  -72.82240 0.0000e+00
    204.337    12.1226    35.5676  1027.9278     1.5424     3.1954     53.141    0.00059    6.01304    6.01272      8.277    -0.0602   10.89303   4.079423 3.7125e-14    27.0117    27.0064 1.0000e-12    206.000          1      30021    1501.32 2.6943e+03  54938.081   1250.838 1603220386       0.18     -0.602   38.78092  -72.82240 0.0000e+00
    203.361    12.1343    35.5693  1027.9225     1.5457     3.1981     53.284    0.00070    6.00184    6.00138      8.278    -0.0763   10.87437   4.080608 3.8186e-14    27.0108    27.0056 1.0000e-12    205.000          1      30165    1501.35 2.6186e+03  54938.041   1256.818 1603220392      -0.26     -0.148   38.78092  -72.82242 0.0000e+00
    202.366    12.1512    35.5718  1027.9166     1.5483     3.2107     53.512    0.00194    5.99990    5.99942      8.279    -0.0613   10.87115   4.082844 3.7200e-14    27.0094    27.0042 1.0000e-12    204.000          1      30183    1501.39 2.6881e+03  54938.073   1257.568 1603220392      -0.37     -0.672   38.78091  -72.82242 0.0000e+00
    201.365    12.1999    35.5767  1027.9062     1.5494     3.2121     53.560    0.00182    5.99721    5.99670      8.280    -0.0493   10.86666   4.088118 3.6945e-14    27.0038    26.9986 1.0000e-12    203.000          1      30204    1501.55 2.7067e+03  54936.264   1258.450 1603220393      -0.31     -0.984   38.78090  -72.82242 0.0000e+00
    200.365    12.2269    35.5821  1027.9005     1.5511     3.2122     53.576    0.00101    5.99560    5.99506      8.280    -0.0544   10.86399   4.091101 3.7287e-14    27.0027    26.9975 1.0000e-12    202.000          1      30253    1501.63 2.6828e+03  54938.485   1260.496 1603220395      -0.00     -0.847   38.78090  -72.82242 0.0000e+00
    199.383    12.2742    35.5856  1027.8895     1.5505     3.1964     53.378   -0.00075    5.98825    5.98762      8.275    -0.0449   10.85176   4.095965 3.8496e-14    26.9962    26.9910 1.0000e-12    201.000          1      30360    1501.78 2.5981e+03  54935.146   1264.977 1603220400       0.04     -0.447   38.78089  -72.82243 0.0000e+00
    198.403    12.3126    35.5899  1027.8807     1.5501     3.1947     53.407    0.00002    5.98178    5.98107      8.277    -0.0644   10.84095   4.100287 3.9378e-14    26.9920    26.9868 1.0000e-12    200.000          1      30427    1501.90 2.5394e+03  54934.251   1267.769 1603220403      -0.28     -0.339   38.78088  -72.82244 0.0000e+00
    197.395    12.3439    35.5953  1027.8741     1.5524     3.2076     53.630    0.00137    5.98111    5.98039 -9.990e-29    -0.0454   10.83985   4.103878 3.9509e-14    26.9901    26.9849 1.0000e-12    199.000          1      30453    1501.99 2.5311e+03  54935.999   1268.831 1603220404      -0.27     -0.775   38.78088  -72.82244 0.0000e+00
    196.411    12.3839    35.6032  1027.8678     1.5609     3.2332     54.142    0.00266    5.97171    5.97087      8.275    -0.0607   10.82421   4.108448 4.1532e-14    26.9883    26.9831 1.0000e-12    198.000          1      30528    1502.12 2.4101e+03  54939.817   1271.966 1603220407       0.02     -0.302   38.78087  -72.82244 0.0000e+00
    195.415    12.4422    35.6094  1027.8565     1.5686     3.2531     54.557    0.00321    5.96269    5.96174      8.277    -0.0593   10.80921   4.114909 4.6549e-14    26.9817    26.9765 1.0000e-12    197.000          1      30587    1502.31 2.1536e+03  54938.453   1274.417 1603220409      -0.02     -0.503   38.78086  -72.82244 0.0000e+00
    194.435    12.5164    35.6153  1027.8418     1.5747     3.2603     54.737    0.00178    5.95625    5.95522      8.282    -0.0595   10.79842   4.122876 4.9968e-14    26.9717    26.9665 1.0000e-12    196.000          1      30654    1502.55 2.0004e+03  54934.262   1277.220 1603220412      -0.06     -0.277   38.78086  -72.82244 0.0000e+00
    193.434    12.5554    35.6256  1027.8374     1.5750     3.2546     54.653    0.00056    5.95496    5.95392      8.278    -0.0542   10.79629   4.127568 4.8289e-14    26.9720    26.9667 1.0000e-12    195.000          1      30703    1502.67 2.0743e+03  54941.692   1279.261 1603220414       0.09     -0.405   38.78084  -72.82244 0.0000e+00
    192.452    12.5894    35.6306  1027.8301     1.5763     3.2558     54.702    0.00058    5.95183    5.95075      8.280    -0.0665   10.79107   4.131138 4.1512e-14    26.9691    26.9639 1.0000e-12    194.000          1      30797    1502.78 2.4028e+03  54942.671   1283.176 1603220418      -0.21     -0.195   38.78084  -72.82246 0.0000e+00
    191.449    12.5918    35.6315  1027.8258     1.5761     3.2509     54.629   -0.00016    5.95097    5.94987      8.279    -0.0636   10.78963   4.131472 3.9706e-14    26.9693    26.9641 1.0000e-12    193.000          1      30829    1502.77 2.5193e+03  54942.949   1284.504 1603220419      -0.17     -0.622   38.78084  -72.82246 0.0000e+00
    190.460    12.6139    35.6344  1027.8191     1.5759     3.2490     54.617   -0.00010    5.94865    5.94753      8.278    -0.0585   10.78578   4.133833 3.8597e-14    26.9671    26.9619 1.0000e-12    192.000          1      30895    1502.83 2.5911e+03  54942.789   1287.251 1603220422       0.10     -0.362   38.78082  -72.82246 0.0000e+00
    189.474    12.6363    35.6366  1027.8118     1.5768     3.2513     54.694    0.00050    5.94449    5.94332      8.279    -0.0563   10.77883   4.136172 3.8680e-14    26.9644    26.9592 1.0000e-12    191.000          1      30987    1502.89 2.5855e+03  54941.772   1291.092 1603220426      -0.09     -0.261   38.78082  -72.82247 0.0000e+00
    188.478    12.6486    35.6393  1027.8070     1.5776     3.2516     54.725    0.00043    5.94176    5.94056      8.279    -0.0566   10.77429   4.137642 3.7950e-14    26.9640    26.9589 1.0000e-12    190.000          1      31028    1502.92 2.6351e+03  54943.029   1292.778 1603220428      -0.17     -0.552   38.78082  -72.82248 0.0000e+00
    187.485    12.6872    35.6443  1027.7986     1.5796     3.2564     54.833    0.00064    5.93876    5.93752      8.278    -0.0610   10.76930   4.141894 3.8239e-14    26.9602    26.9551 1.0000e-12    189.000          1      31107    1503.04 2.6152e+03  54943.250   1296.069 1603220431      -0.04     -0.286   38.78080  -72.82248 0.0000e+00
    186.497    12.7090    35.6464  1027.7913     1.5802     3.2539     54.805    0.00007    5.93720    5.93594      8.278    -0.0601   10.76668   4.144185 3.8508e-14    26.9575    26.9524 1.0000e-12    188.000          1      31178    1503.10 2.5969e+03  54942.203   1299.044 1603220434      -0.09     -0.409   38.78080  -72.82248 0.0000e+00
    185.501    12.7182    35.6489  1027.7870     1.5795     3.2492     54.731   -0.00039    5.93669    5.93543      8.280    -0.0489   10.76583   4.145282 3.8272e-14    26.9576    26.9525 1.0000e-12    187.000          1      31224    1503.12 2.6129e+03  54943.687   1300.978 1603220436       0.02     -0.512   38.78079  -72.82248 0.0000e+00
    184.516    12.7259    35.6512  1027.7828     1.5796     3.2523     54.788    0.00042    5.93617    5.93490      8.276    -0.0473   10.76497   4.146126 3.8625e-14    26.9578    26.9527 1.0000e-12    186.000          1      31332    1503.13 2.5891e+03  54945.036   1305.440 1603220440      -0.20     -0.203   38.78078  -72.82248 0.0000e+00
    183.516    12.7256    35.6517  1027.7787     1.5799     3.2519     54.783    0.00019    5.93597    5.93470      8.280    -0.0625   10.76463   4.146109 3.8879e-14    26.9582    26.9532 1.0000e-12    185.000          1      31377    1503.11 2.5721e+03  54945.196   1307.338 1603220442      -0.15     -0.641   38.78076  -72.82249 0.0000e+00
    182.526    12.7303    35.6518  1027.7734     1.5794     3.2488     54.731   -0.00015    5.93587    5.93459      8.279    -0.0527   10.76447   4.146503 3.8898e-14    26.9573    26.9523 1.0000e-12    184.000          1      31453    1503.11 2.5709e+03  54943.968   1310.519 1603220445       0.05     -0.392   38.78075  -72.82250 0.0000e+00
    181.533    12.7351    35.6530  1027.7689     1.5783     3.2451     54.674   -0.00006    5.93529    5.93401      8.280    -0.0522   10.76349   4.147016 3.8898e-14    26.9572    26.9523 1.0000e-12    183.000          1      31802    1503.11 2.5709e+03  54944.265   1325.049 1603220460      -0.05     -0.219   38.78071  -72.82252 0.0000e+00
    180.540    12.7389    35.6538  1027.7643     1.5765     3.2375     54.552   -0.00030    5.93470    5.93341      8.283    -0.0674   10.76251   4.147399 5.3536e-14    26.9571    26.9521 1.0000e-12    182.000          1      33958    1503.11 1.9269e+03  54944.189   1414.893 1603220550      -0.18     -0.389   38.78045  -72.82264 0.0000e+00
