CalculateIndicators/WaterTemperature/Data/CTD_NYOS/20201019_C10.cnv
* Sea-Bird SBE 9 Data File:
* FileName = C:\Seabird 9 CTD\Data\2020\202010_offshore\20201019_C10.hex
* Software Version Seasave V 7.23.2
* Temperature SN = 4590
* Conductivity SN = 3228
* Number of Bytes Per Scan = 44
* Number of Voltage Words = 5
* Number of Scans Averaged by the Deck Unit = 1
* NMEA Latitude = 39 08.05 N
* NMEA Longitude = 072 56.94 W
* NMEA UTC (Time) = Oct 20 2020  22:59:24
* NMEA baud rate = 4800
** Ship: seawolf
** Station: 6.5
** Operator: EIH
# nquan = 31
# nvalues = 147                         
# units = specified
# name 0 = depSM: Depth [salt water, m]
# name 1 = t090C: Temperature [ITS-90, deg C]
# name 2 = sal00: Salinity, Practical [PSU]
# name 3 = density00: Density [density, kg/m^3]
# name 4 = sbeox0V: Oxygen raw, SBE 43 [V]
# name 5 = sbeox0ML/L: Oxygen, SBE 43 [ml/l]
# name 6 = sbeox0PS: Oxygen, SBE 43 [% saturation]
# name 7 = sbox0dV/dT: Oxygen, SBE 43 [dov/dt]
# name 8 = oxsolML/L: Oxygen Saturation, Garcia & Gordon [ml/l]
# name 9 = oxsatML/L: Oxygen Saturation, Weiss [ml/l]
# name 10 = ph: pH
# name 11 = flECO-AFL: Fluorescence, WET Labs ECO-AFL/FL [mg/m^3]
# name 12 = n2satML/L: Nitrogen Saturation [ml/l]
# name 13 = c0S/m: Conductivity [S/m]
# name 14 = cpar: CPAR/Corrected Irradiance [%]
# name 15 = sigma-é00: Density [sigma-theta, kg/m^3]
# name 16 = sigma-t00: Density [sigma-t, kg/m^3 ]
# name 17 = par: PAR/Irradiance, Biospherical/Licor
# name 18 = prDM: Pressure, Digiquartz [db]
# name 19 = pumps: Pump Status
# name 20 = scan: Scan Count
# name 21 = svCM: Sound Velocity [Chen-Millero, m/s]
# name 22 = spar: SPAR, Biospherical/Licor
# name 23 = specc: Specific Conductance [uS/cm]
# name 24 = timeS: Time, Elapsed [seconds]
# name 25 = timeY: Time, System [seconds]
# name 26 = accM: Acceleration [m/s^2]
# name 27 = dz/dtM: Descent Rate [m/s]
# name 28 = latitude: Latitude [deg]
# name 29 = longitude: Longitude [deg]
# name 30 = flag: flag
# span 0 =      1.980,     74.423       
# span 1 =    14.0909,    18.4974       
# span 2 =    33.8832,    34.6331       
# span 3 =  1024.3285,  1026.2145       
# span 4 =     1.8678,     2.4916       
# span 5 =     3.9512,     5.2324       
# span 6 =     67.999,     97.373       
# span 7 =   -0.02806,    0.02437       
# span 8 =    5.35528,    5.81505       
# span 9 =    5.34662,    5.81120       
# span 10 =      8.366,      8.738      
# span 11 =     0.0183,     0.5637      
# span 12 =    9.82062,   10.58173      
# span 13 =   4.116255,   4.520945      
# span 14 = -2.168e+04, 1.0743e+05      
# span 15 =    24.3186,    25.8829      
# span 16 =    24.3184,    25.8806      
# span 17 = 1.0000e-12, 1.6563e-01      
# span 18 =      2.000,     75.000      
# span 19 =          1,          1      
# span 20 =        130,      17233      
# span 21 =    1503.94,    1516.19      
# span 22 = -4.509e-01, 4.3430e+00      
# span 23 =  51826.609,  53285.958      
# span 24 =      5.371,    718.003      
# span 25 = 1603234772, 1603235484      
# span 26 =      -0.50,       0.43      
# span 27 =     -0.806,      0.837      
# span 28 =   39.13325,   39.13430      
# span 29 =  -72.95074,  -72.94912      
# span 30 = 0.0000e+00, 0.0000e+00      
# interval = decibars: 1                
# start_time = Oct 20 2020 22:59:26 [System UTC, first data scan.]
# bad_flag = -9.990e-29
*END*
[from data line 94]
     53.585    14.3062    34.2569  1025.7887     1.9863     4.2653     73.357   -0.00436    5.81449    5.81064      8.388     0.2360   10.58060   4.144896 -9.990e-29    25.5500    25.5483 1.0000e-12     54.000          1       9169    1504.49 3.9960e+00  52731.966    381.998 1603235148      -0.11     -0.403   39.13376  -72.94990 0.0000e+00
     52.593    14.2283    34.1272  1025.7007     1.9680     4.2097     72.419   -0.00480    5.81309    5.80923      8.370     0.2631   10.57817   4.124063 2.6753e-11    25.4663    25.4646 1.0000e-12     53.000          1       9242    1504.07 3.9524e+00  52561.921    385.058 1603235151      -0.08     -0.274   39.13375  -72.94990 0.0000e+00
     51.596    14.2228    34.1065  1025.6814     1.9644     4.2123     72.485   -0.00112    5.81121    5.80732 -9.990e-29     0.2900   10.57544   4.121227 2.5385e-11    25.4514    25.4498 1.0000e-12     52.000          1       9299    1504.01 3.9495e+00  52533.454    387.419 1603235154      -0.20     -0.563   39.13374  -72.94992 0.0000e+00
     50.606    14.2424    34.0851  1025.6563     1.9632     4.2070     72.457   -0.00051    5.80616    5.80220      8.366     0.2696   10.56712   4.120837 2.8249e-11    25.4308    25.4292 1.0000e-12     51.000          1       9358    1504.03 3.9495e+00  52501.182    389.873 1603235156       0.11     -0.407   39.13374  -72.94992 0.0000e+00
     49.614    14.2989    34.0697  1025.6280     1.9695     4.2122     72.978    0.00315    5.77181    5.76746      8.374     0.3042   10.51029   4.124820 7.6092e+04    25.4069    25.4053 1.0000e-12     50.000          1       9424    1504.18 7.8018e-01  52472.314    392.626 1603235159      -0.15     -0.384   39.13374  -72.94992 0.0000e+00
     48.627    14.6199    34.0625  1025.5492     2.0122     4.3469     75.879    0.01610    5.72857    5.72372      8.377     0.3638   10.43872   4.156737 -1.367e+04    25.3328    25.3312 1.0000e-12     49.000          1       9504    1505.18 4.3430e+00  52425.322    395.960 1603235162      -0.00     -0.244   39.13374  -72.94993 0.0000e+00
     47.627    14.8631    34.0552  1025.4866     2.0392     4.3954     76.943    0.01273    5.71261    5.70759      8.382     0.3478   10.41218   4.178346 2.5917e-11    25.2748    25.2733 1.0000e-12     48.000          1       9552    1505.93 3.9393e+00  52386.424    397.943 1603235164       0.03     -0.511   39.13374  -72.94994 0.0000e+00
     46.640    15.1129    34.0581  1025.4298     2.0641     4.4372     77.700    0.00596    5.71060    5.70555      8.388     0.4049   10.40875   4.202677 2.5296e-11    25.2226    25.2211 1.0000e-12     47.000          1       9626    1506.71 3.8903e+00  52362.695    401.025 1603235167       0.01     -0.285   39.13373  -72.94994 0.0000e+00
     45.646    15.1813    34.0537  1025.4067     2.0862     4.4639     78.952    0.00992    5.65435    5.64866      8.393     0.3756   10.31602   4.209016 9.1694e+04    25.2041    25.2026 1.0000e-12     46.000          1       9694    1506.91 1.5043e+00  52348.712    403.893 1603235170       0.05     -0.338   39.13372  -72.94996 0.0000e+00
     44.659    15.6143    34.0149  1025.2762     2.1430     4.5747     82.338    0.02193    5.55590    5.54917      8.398     0.4260   10.15296   4.248203 8.3440e+03    25.0782    25.0767 1.0000e-12     45.000          1       9768    1508.20 3.2914e+00  52250.538    406.963 1603235173      -0.22     -0.320   39.13372  -72.94996 0.0000e+00
     43.658    16.1130    33.9993  1025.1464     2.1857     4.7194     84.611    0.02437    5.57763    5.57114      8.404     0.3809   10.18870   4.296016 3.4700e+04    24.9533    24.9517 1.0000e-12     44.000          1       9809    1509.71 2.3063e+00  52180.223    408.680 1603235175       0.05     -0.543   39.13372  -72.94996 0.0000e+00
     42.676    16.5367    34.0074  1025.0511     2.2128     4.6660     84.231   -0.00163    5.53976    5.53289      8.399     0.3936   10.12579   4.332190 1.0133e+05    24.8627    24.8611 1.0000e-12     43.000          1       9916    1511.01 -2.547e-01  52150.825    413.132 1603235180      -0.09     -0.086   39.13371  -72.94997 0.0000e+00
     41.675    16.4506    34.0190  1025.0753     2.2312     4.7194     85.783    0.00975    5.50152    5.49427      8.399     0.3997   10.06216   4.329536 7.9401e+04    24.8912    24.8896 1.0000e-12     42.000          1       9963    1510.74 4.0676e-01  52174.972    415.099 1603235181      -0.36     -0.639   39.13370  -72.94998 0.0000e+00
     40.679    16.8578    34.0363  1024.9888     2.2600     4.8184     87.389    0.01275    5.51383    5.50671      8.403     0.3807   10.08257   4.371272 1.4629e+04    24.8094    24.8079 1.0000e-12     41.000          1      10051    1511.98 2.3001e+00  52162.166    418.761 1603235185       0.07     -0.586   39.13370  -72.94999 0.0000e+00
     39.691    17.1055    34.0653  1024.9483     2.2775     4.8051     87.511    0.00159    5.49085    5.48352      8.388     0.4495   10.04416   4.395044 3.3905e+02    24.7734    24.7719 1.0000e-12     40.000          1      11224    1512.74 3.6702e+00  52180.213    467.622 1603235234       0.07     -0.297   39.13363  -72.95010 0.0000e+00
     38.700    17.1556    34.0705  1024.9360     2.2821     4.8133     87.763    0.00242    5.48438    5.47698      8.388     0.4366   10.03332   4.400541 2.5816e-11    24.7655    24.7640 1.0000e-12     39.000          1      11522    1512.88 3.9446e+00  52182.646    480.045 1603235246      -0.17     -0.367   39.13362  -72.95013 0.0000e+00
     37.709    17.1910    34.0777  1024.9287     2.2899     4.8165     88.160    0.00330    5.46340    5.45580      8.389     0.4635    9.99858   4.404595 2.6487e-11    24.7626    24.7612 1.0000e-12     38.000          1      11589    1512.98 3.9495e+00  52189.169    482.836 1603235249       0.06     -0.367   39.13362  -72.95014 0.0000e+00
     36.716    17.3277    34.0675  1024.8838     2.3100     4.8451     89.407    0.00891    5.41922    5.41122      8.397     0.5262    9.92477   4.417564 2.5320e-11    24.7222    24.7207 1.0000e-12     37.000          1      11645    1513.36 3.9495e+00  52163.778    485.146 1603235251      -0.06     -0.455   39.13361  -72.95014 0.0000e+00
     35.725    17.7676    34.1045  1024.8013     2.3514     4.9465     91.566    0.01203    5.40206    5.39390      8.398     0.5050    9.89636   4.465814 2.7379e-11    24.6443    24.6429 1.0000e-12     36.000          1      11720    1514.68 3.9495e+00  52179.916    488.307 1603235255       0.06     -0.270   39.13360  -72.95015 0.0000e+00
     34.732    17.9093    34.1001  1024.7590     2.3794     4.9951     92.931    0.01298    5.37503    5.36663      8.402     0.5011    9.85135   4.479525 2.5323e-11    24.6065    24.6051 1.0000e-12     35.000          1      11780    1515.08 3.9495e+00  52162.359    490.809 1603235257      -0.21     -0.484   39.13360  -72.95016 0.0000e+00
     33.738    18.1614    34.1152  1024.7042     2.4082     5.0644     94.208    0.01098    5.37582    5.36743      8.401     0.5267    9.85270   4.505387 2.7036e-11    24.5562    24.5548 1.0000e-12     34.000          1      11838    1515.82 3.9495e+00  52164.720    493.226 1603235260       0.09     -0.393   39.13359  -72.95016 0.0000e+00
     32.752    18.2358    34.1137  1024.6803     2.4234     5.0740     94.415    0.00209    5.37414    5.36573      8.400     0.5066    9.85004   4.511551 2.7808e-11    24.5367    24.5353 1.0000e-12     33.000          1      11921    1516.02 3.9034e+00  52156.666    496.679 1603235263      -0.20     -0.283   39.13358  -72.95018 0.0000e+00
     31.751    18.2449    34.1122  1024.6725     2.4273     5.0899     94.640    0.00268    5.37809    5.36970      8.402     0.5235    9.85687   4.512178 -9.990e-29    24.5333    24.5319 1.0000e-12     32.000          1      11958    1516.03 3.9477e+00  52153.615    498.189 1603235264      -0.07     -0.604   39.13358  -72.95018 0.0000e+00
     30.762    18.2303    34.0819  1024.6486     2.4357     5.1126     95.030    0.00258    5.38002    5.37165      8.399     0.5637    9.86010   4.506542 8.9188e+04    24.5136    24.5123 1.0000e-12     31.000          1      12027    1515.93 4.6465e-01  52112.728    501.071 1603235267       0.09     -0.320   39.13358  -72.95018 0.0000e+00
     29.773    18.2087    34.0744  1024.6438     2.4374     5.1115     94.949   -0.00000    5.38346    5.37511      8.399     0.5516    9.86599   4.503310 -4.793e+03    24.5132    24.5119 1.0000e-12     30.000          1      12104    1515.84 3.9041e+00  52103.505    504.290 1603235271      -0.09     -0.343   39.13358  -72.95019 0.0000e+00
     28.780    18.1837    34.0633  1024.6370     2.4395     5.1214     95.118    0.00127    5.38430    5.37595      8.401     0.4990    9.86753   4.499340 -9.990e-29    24.5108    24.5095 1.0000e-12     29.000          1      12149    1515.74 3.7526e+00  52089.506    506.155 1603235273      -0.09     -0.529   39.13358  -72.95020 0.0000e+00
     27.782    18.1768    34.0494  1024.6237     2.4408     5.1224     95.152    0.00085    5.38341    5.37506      8.403     0.5102    9.86606   4.496979 9.9999e+04    24.5018    24.5007 1.0000e-12     28.000          1      12193    1515.69 1.9025e+00  52070.631    507.980 1603235274       0.09     -0.544   39.13356  -72.95021 0.0000e+00
     26.798    18.1871    34.0408  1024.6103     2.4454     5.1307     95.366    0.00112    5.37995    5.37156      8.403     0.5093    9.86024   4.497041 9.9999e+04    24.4927    24.4915 1.0000e-12     27.000          1      12294    1515.69 -4.509e-01  52057.650    512.205 1603235278      -0.08     -0.094   39.13356  -72.95022 0.0000e+00
     25.801    18.1997    34.0460  1024.6067     2.4493     5.1354     95.583    0.00192    5.37271    5.36427      8.406     0.4739    9.84813   4.498912 9.9999e+04    24.4935    24.4924 1.0000e-12     26.000          1      12342    1515.72 0.0000e+00  52063.343    514.213 1603235281      -0.00     -0.496   39.13356  -72.95022 0.0000e+00
     24.805    18.2708    34.0566  1024.5928     2.4589     5.1592     96.061    0.00214    5.37075    5.36229      8.411     0.3973    9.84484   4.507183 6.3837e+04    24.4840    24.4829 1.0000e-12     25.000          1      12820    1515.92 1.9154e+00  52072.390    534.141 1603235300      -0.02     -0.356   39.13352  -72.95027 0.0000e+00
     23.817    18.3102    34.0632  1024.5837     2.4659     5.1707     96.318    0.00127    5.36835    5.35987      8.432     0.3510    9.84082   4.511564 6.4838e+02    24.4793    24.4782 1.0000e-12     24.000          1      14021    1516.03 3.9293e+00  52078.153    584.148 1603235350      -0.06     -0.380   39.13342  -72.95042 0.0000e+00
     22.825    18.3216    34.0635  1024.5767     2.4672     5.1692     96.322    0.00038    5.36658    5.35809      8.434     0.3042    9.83785   4.512666 2.6889e-11    24.4766    24.4756 1.0000e-12     23.000          1      14086    1516.05 3.9495e+00  52077.203    586.867 1603235353      -0.08     -0.454   39.13342  -72.95043 0.0000e+00
     21.830    18.3296    34.0645  1024.5711     2.4683     5.1700     96.378    0.00059    5.36430    5.35579      8.434     0.3057    9.83403   4.513619 2.5838e-11    24.4754    24.4745 1.0000e-12     22.000          1      14133    1516.05 3.9495e+00  52077.642    588.846 1603235355       0.03     -0.506   39.13342  -72.95044 0.0000e+00
     20.842    18.3657    34.0712  1024.5629     2.4707     5.1750     96.479    0.00071    5.36388    5.35536      8.437     0.2974    9.83338   4.517893 2.8164e-11    24.4715    24.4706 1.0000e-12     21.000          1      14217    1516.15 3.9495e+00  52083.807    592.351 1603235359       0.02     -0.206   39.13340  -72.95044 0.0000e+00
     19.846    18.3706    34.0692  1024.5557     2.4717     5.1793     96.514    0.00057    5.36640    5.35789      8.422     0.2631    9.83772   4.518100 2.8013e-11    24.4687    24.4678 1.0000e-12     20.000          1      14269    1516.14 3.9495e+00  52080.192    594.489 1603235361      -0.15     -0.535   39.13340  -72.95045 0.0000e+00
     18.853    18.3569    34.0561  1024.5447     2.4731     5.1826     96.576    0.00057    5.36633    5.35783      8.425     0.2683    9.83760   4.514934 2.9415e-11    24.4620    24.4612 1.0000e-12     19.000          1      14319    1516.07 3.9495e+00  52062.799    596.567 1603235363       0.08     -0.487   39.13340  -72.95046 0.0000e+00
     17.866    18.3465    34.0492  1024.5377     2.4765     5.1930     96.738    0.00080    5.36812    5.35962      8.427     0.2324    9.84078   4.513160 2.8799e-11    24.4593    24.4586 1.0000e-12     18.000          1      14410    1516.02 3.9495e+00  52053.610    600.380 1603235367       0.03     -0.191   39.13340  -72.95048 0.0000e+00
     16.876    18.3439    34.0431  1024.5292     2.4794     5.2069     96.938    0.00203    5.37142    5.36294      8.429     0.2237    9.84668   4.511939 2.8226e-11    24.4552    24.4545 1.0000e-12     17.000          1      14470    1515.99 3.9495e+00  52044.931    602.880 1603235369      -0.50     -0.469   39.13340  -72.95048 0.0000e+00
     15.869    18.3300    34.0177  1024.5087     2.4804     5.2076     96.933    0.00118    5.37232    5.36384      8.429     0.2382    9.84824   4.507445 2.5037e+04    24.4392    24.4385 1.0000e-12     16.000          1      14498    1515.90 2.8370e+00  52010.633    604.054 1603235370      -0.02     -0.806   39.13340  -72.95048 0.0000e+00
     14.886    18.3061    33.9738  1024.4768     2.4803     5.2069     96.842   -0.00019    5.37671    5.36824      8.426     0.2387    9.85605   4.499925 1.4507e+04    24.4115    24.4109 1.0000e-12     15.000          1      14591    1515.76 3.1627e+00  51951.908    607.905 1603235374      -0.04     -0.246   39.13338  -72.95050 0.0000e+00
     13.897    18.2844    33.9334  1024.4469     2.4838     5.2222     97.103    0.00182    5.37800    5.36952      8.426     0.2366    9.85872   4.492690 -1.207e+03    24.3859    24.3853 1.0000e-12     14.000          1      14669    1515.64 4.0151e+00  51897.687    611.167 1603235377      -0.07     -0.301   39.13338  -72.95050 0.0000e+00
     12.901    18.2675    33.8840  1024.4089     2.4880     5.2324     97.326    0.00223    5.37621    5.36772      8.425     0.2065    9.85570   4.485605 2.8894e-11    24.3522    24.3517 1.0000e-12     13.000          1      14712    1515.52 3.9304e+00  51830.803    612.949 1603235379      -0.09     -0.549   39.13338  -72.95050 0.0000e+00
     11.905    18.3393    33.8857  1024.3879     2.4879     5.2169     97.145   -0.00056    5.37018    5.36164      8.425     0.2137    9.84566   4.493054 2.6014e+04    24.3357    24.3352 1.0000e-12     12.000          1      14796    1515.71 2.2108e+00  51827.758    616.443 1603235383      -0.10     -0.366   39.13337  -72.95052 0.0000e+00
     10.918    18.3759    33.8909  1024.3784     2.4894     5.2207     97.266    0.00060    5.36745    5.35889      8.430     0.1701    9.84107   4.497118 6.3724e+04    24.3306    24.3301 1.0000e-12     11.000          1      14898    1515.81 1.1611e+00  51831.859    620.692 1603235387       0.00     -0.299   39.13336  -72.95054 0.0000e+00
      9.918    18.3811    33.8932  1024.3745     2.4885     5.2167     97.185   -0.00008    5.36777    5.35922      8.441     0.1852    9.84160   4.497795 3.7364e+04    24.3310    24.3306 1.0000e-12     10.000          1      15400    1515.81 2.3396e+00  51834.126    641.633 1603235408      -0.06     -0.383   39.13333  -72.95058 0.0000e+00
      8.933    18.3800    33.8930  1024.3703     2.4888     5.2117     97.129   -0.00070    5.36573    5.35716      8.437     0.1716    9.83820   4.497621 -1.372e+03    24.3311    24.3307 1.0000e-12      9.000          1      16377    1515.79 4.0085e+00  51833.506    682.323 1603235449       0.02     -0.359   39.13328  -72.95066 0.0000e+00
