CalculateIndicators/WaterTemperature/Data/CTD_NYOS/20201027_C25.cnv
* Sea-Bird SBE 9 Data File:
* FileName = C:\Seabird 9 CTD\Data\2020\202010_offshore\20201027_C25.hex
* Software Version Seasave V 7.23.2
* Temperature SN = 4590
* Conductivity SN = 3228
* Number of Bytes Per Scan = 44
* Number of Voltage Words = 5
* Number of Scans Averaged by the Deck Unit = 1
* NMEA Latitude = 39 31.41 N
* NMEA Longitude = 072 23.58 W
* NMEA UTC (Time) = Oct 27 2020  14:30:11
* NMEA baud rate = 4800
** Ship: seawolf
** Station: 4.5
** Operator: EIH
# nquan = 31
# nvalues = 604                         
# units = specified
# name 0 = depSM: Depth [salt water, m]
# name 1 = t090C: Temperature [ITS-90, deg C]
# name 2 = sal00: Salinity, Practical [PSU]
# name 3 = density00: Density [density, kg/m^3]
# name 4 = sbeox0V: Oxygen raw, SBE 43 [V]
# name 5 = sbeox0ML/L: Oxygen, SBE 43 [ml/l]
# name 6 = sbeox0PS: Oxygen, SBE 43 [% saturation]
# name 7 = sbox0dV/dT: Oxygen, SBE 43 [dov/dt]
# name 8 = oxsolML/L: Oxygen Saturation, Garcia & Gordon [ml/l]
# name 9 = oxsatML/L: Oxygen Saturation, Weiss [ml/l]
# name 10 = ph: pH
# name 11 = flECO-AFL: Fluorescence, WET Labs ECO-AFL/FL [mg/m^3]
# name 12 = n2satML/L: Nitrogen Saturation [ml/l]
# name 13 = c0S/m: Conductivity [S/m]
# name 14 = cpar: CPAR/Corrected Irradiance [%]
# name 15 = sigma-é00: Density [sigma-theta, kg/m^3]
# name 16 = sigma-t00: Density [sigma-t, kg/m^3 ]
# name 17 = par: PAR/Irradiance, Biospherical/Licor
# name 18 = prDM: Pressure, Digiquartz [db]
# name 19 = pumps: Pump Status
# name 20 = scan: Scan Count
# name 21 = svCM: Sound Velocity [Chen-Millero, m/s]
# name 22 = spar: SPAR, Biospherical/Licor
# name 23 = specc: Specific Conductance [uS/cm]
# name 24 = timeS: Time, Elapsed [seconds]
# name 25 = timeY: Time, System [seconds]
# name 26 = accM: Acceleration [m/s^2]
# name 27 = dz/dtM: Descent Rate [m/s]
# name 28 = latitude: Latitude [deg]
# name 29 = longitude: Longitude [deg]
# name 30 = flag: flag
# span 0 =      0.945,    300.475       
# span 1 =    10.2110,    19.7295       
# span 2 =    34.5304,    35.7620       
# span 3 =  1024.7005,  1028.5421       
# span 4 =     1.4229,     2.4548       
# span 5 =     2.9599,     4.9720       
# span 6 =     47.749,     95.395       
# span 7 =   -0.02506,    0.02743       
# span 8 =    5.20546,    6.27174       
# span 9 =    5.19593,    6.27485       
# span 10 =      8.318,      8.514      
# span 11 =    -0.0785,     0.2075      
# span 12 =    9.56242,   11.32335      
# span 13 =   3.875494,   4.746959      
# span 14 = 1.6988e-13, 4.5163e+01      
# span 15 =    24.6953,    27.1835      
# span 16 =    24.6949,    27.1772      
# span 17 = 1.0000e-12, 2.4794e+02      
# span 18 =      1.000,    303.000      
# span 19 =          1,          1      
# span 20 =        760,      41937      
# span 21 =    1495.98,    1521.29      
# span 22 = 1.7954e+02, 6.0704e+02      
# span 23 =  52885.528,  55029.325      
# span 24 =     31.632,   1747.331      
# span 25 = 1603809044, 1603810760      
# span 26 =      -1.32,       1.11      
# span 27 =     -1.488,      1.143      
# span 28 =   39.51562,   39.52348      
# span 29 =  -72.39302,  -72.39106      
# span 30 = 0.0000e+00, 0.0000e+00      
# interval = decibars: 1                
# start_time = Oct 27 2020 14:30:12 [System UTC, first data scan.]
# bad_flag = -9.990e-29
*END*
[from data line 515]
     88.307    15.7510    35.5084  1026.5892     1.8848     3.8791     69.070    0.00356    5.61621    5.61088      8.374    -0.0267   10.23809   4.426032 4.9482e-02    26.1990    26.1958 2.6606e-01     89.000          1      33508    1511.09 5.3769e+02  54305.196   1396.130 1603810409      -0.52     -0.503   39.51730  -72.39118 0.0000e+00
     87.305    15.6837    35.4748  1026.5742     1.8938     3.9254     69.677    0.00593    5.63372    5.62853      8.373    -0.0132   10.26815   4.414796 5.2882e-02    26.1883    26.1852 2.8483e-01     88.000          1      33538    1510.82 5.3862e+02  54265.886   1397.369 1603810410       0.05     -0.810   39.51730  -72.39118 0.0000e+00
     86.326    15.5501    35.3816  1026.5285     1.9188     4.0282     71.427    0.01366    5.63966    5.63452      8.372    -0.0259   10.27831   4.390258 5.6189e-02    26.1467    26.1436 3.0092e-01     87.000          1      33581    1510.28 5.3555e+02  54152.238   1399.181 1603810412      -0.01     -0.483   39.51730  -72.39118 0.0000e+00
     85.321    15.4242    35.2850  1026.4780     1.9395     4.0888     72.496    0.01447    5.64003    5.63489      8.371    -0.0255   10.27897   4.367593 6.1562e-02    26.1004    26.0974 3.2934e-01     86.000          1      33619    1509.76 5.3498e+02  54033.052   1400.756 1603810413      -0.05     -0.650   39.51728  -72.39118 0.0000e+00
     84.345    15.3812    35.2506  1026.4569     1.9582     4.1020     72.668    0.00357    5.64485    5.63974      8.361    -0.0324   10.28734   4.359919 6.7141e-02    26.0835    26.0806 3.5692e-01     85.000          1      33707    1509.57 5.3160e+02  53990.146   1404.410 1603810417      -0.71     -0.308   39.51726  -72.39118 0.0000e+00
     83.333    15.3647    35.2358  1026.4447     1.9611     4.1116     72.824    0.00392    5.64599    5.64089      8.363    -0.0303   10.28935   4.356870 7.1461e-02    26.0758    26.0729 3.7918e-01     84.000          1      33730    1509.49 5.3063e+02  53971.231   1405.377 1603810418      -0.22     -0.883   39.51726  -72.39118 0.0000e+00
     82.359    15.3579    35.2234  1026.4324     1.9635     4.1091     72.754    0.00109    5.64789    5.64280      8.365    -0.0289   10.29271   4.354868 7.7402e-02    26.0678    26.0649 4.1040e-01     83.000          1      33773    1509.43 5.3020e+02  53954.522   1407.183 1603810420       0.29     -0.536   39.51726  -72.39118 0.0000e+00
     81.356    15.3450    35.2032  1026.4152     1.9678     4.1269     73.028    0.00213    5.65111    5.64604      8.372    -0.0145   10.29839   4.351108 8.3278e-02    26.0550    26.0522 4.4151e-01     82.000          1      33818    1509.35 5.3017e+02  53927.668   1409.044 1603810421      -0.09     -0.499   39.51724  -72.39118 0.0000e+00
     80.369    15.3226    35.1613  1026.3836     1.9745     4.1507     73.407    0.00308    5.65434    5.64929      8.371    -0.0164   10.30401   4.344422 8.9127e-02    26.0277    26.0249 4.6965e-01     81.000          1      33879    1509.22 5.2695e+02  53872.264   1411.576 1603810424      -0.56     -0.383   39.51723  -72.39118 0.0000e+00
     79.373    15.3096    35.1461  1026.3703     1.9766     4.1554     73.422    0.00178    5.65965    5.65463      8.379    -0.0133   10.31320   4.341555 9.9296e-02    26.0188    26.0160 4.9963e-01     80.000          1      33916    1509.14 5.0344e+02  53852.248   1413.136 1603810426       0.11     -0.646   39.51722  -72.39118 0.0000e+00
     78.380    15.2762    35.1132  1026.3481     1.9804     4.1706     73.619    0.00195    5.66516    5.66019      8.374    -0.0066   10.32267   4.334299 1.0464e-01    26.0008    25.9981 5.3938e-01     79.000          1      33966    1508.98 5.1550e+02  53810.337   1415.204 1603810428      -0.08     -0.487   39.51722  -72.39118 0.0000e+00
     77.396    15.2397    35.0737  1026.3214     1.9865     4.2030     73.947    0.00240    5.68379    5.67898      8.393    -0.0103   10.35448   4.326372 1.1144e-01    25.9785    25.9759 5.8536e-01     78.000          1      34029    1508.81 5.2488e+02  53759.790   1417.819 1603810430       0.06     -0.343   39.51721  -72.39118 0.0000e+00
     76.401    15.1662    35.0331  1026.3021     1.9897     4.2126     74.055    0.00166    5.68842    5.68364      8.402     0.0015   10.36249   4.313945 1.1921e-01    25.9634    25.9608 6.2380e-01     77.000          1      34068    1508.51 5.2330e+02  53711.862   1419.455 1603810432      -0.18     -0.603   39.51720  -72.39118 0.0000e+00
     75.405    15.0789    34.9706  1026.2689     1.9965     4.2381     74.490    0.00324    5.68944    5.68468      8.392    -0.0057   10.36426   4.298803 1.2738e-01    25.9345    25.9319 6.6752e-01     76.000          1      34113    1508.15 5.2403e+02  53635.134   1421.332 1603810434       0.07     -0.536   39.51719  -72.39118 0.0000e+00
     74.424    15.0552    34.9457  1026.2506     2.0027     4.2541     74.644    0.00119    5.69917    5.69449      8.387     0.0017   10.38082   4.293954 1.3616e-01    25.9205    25.9180 7.1197e-01     75.000          1      34181    1508.03 5.2290e+02  53603.275   1424.187 1603810437      -0.50     -0.279   39.51718  -72.39118 0.0000e+00
     73.415    15.0327    34.9271  1026.2367     2.0044     4.2648     74.777    0.00187    5.70343    5.69877      8.388    -0.0031   10.38824   4.289686 1.4628e-01    25.9110    25.9086 7.5991e-01     74.000          1      34207    1507.92 5.1954e+02  53579.686   1425.268 1603810438      -0.16     -0.800   39.51718  -72.39118 0.0000e+00
     72.432    14.9750    34.8970  1026.2218     2.0078     4.2748     74.915    0.00158    5.70618    5.70152      8.384    -0.0123   10.39340   4.280331 1.5774e-01    25.9004    25.8980 8.2157e-01     73.000          1      34253    1507.68 5.2083e+02  53544.366   1427.168 1603810440       0.17     -0.533   39.51716  -72.39118 0.0000e+00
     71.440    14.9371    34.8193  1026.1659     2.0199     4.3242     75.710    0.00464    5.71151    5.70687      8.388    -0.0082   10.40307   4.268273 1.7068e-01    25.8488    25.8464 8.9037e-01     72.000          1      34316    1507.46 5.2168e+02  53441.549   1429.811 1603810442       0.08     -0.355   39.51714  -72.39118 0.0000e+00
     70.456    14.9057    34.7469  1026.1126     2.0335     4.3615     76.420    0.00567    5.70723    5.70249      8.390     0.0018   10.39693   4.257303 1.9010e-01    25.7998    25.7975 9.4345e-01     71.000          1      34375    1507.26 4.9624e+02  53345.209   1432.270 1603810445      -0.38     -0.402   39.51714  -72.39118 0.0000e+00
     69.448    14.9145    34.7161  1026.0824     2.0411     4.3798     76.843    0.00661    5.69970    5.69485      8.384     0.0137   10.38483   4.254942 2.0546e-01    25.7740    25.7717 1.0031e+00     70.000          1      34401    1507.23 4.8829e+02  53301.324   1433.316 1603810446      -0.21     -0.829   39.51714  -72.39118 0.0000e+00
     68.465    14.9711    34.6537  1026.0175     2.0571     4.4288     77.786    0.00916    5.69354    5.68862      8.382     0.0071   10.37475   4.254012 2.1492e-01    25.7135    25.7113 1.0872e+00     69.000          1      34443    1507.32 5.0600e+02  53208.760   1435.067 1603810447       0.24     -0.597   39.51713  -72.39118 0.0000e+00
     67.470    15.0927    34.6014  1025.9459     2.0719     4.4364     78.247    0.00584    5.66973    5.66453      8.384     0.0182   10.33550   4.260467 2.2890e-01    25.6465    25.6442 1.1867e+00     68.000          1      34507    1507.63 5.1852e+02  53122.810   1437.753 1603810450      -0.02     -0.352   39.51711  -72.39118 0.0000e+00
     66.488    15.1890    34.5855  1025.9080     2.0928     4.4594     79.407    0.00924    5.61584    5.61003      8.386     0.0483   10.24647   4.268598 2.5170e-01    25.6131    25.6108 1.2773e+00     67.000          1      34577    1507.90 5.0741e+02  53090.068   1440.658 1603810453      -0.51     -0.407   39.51710  -72.39118 0.0000e+00
     65.484    15.3642    34.5600  1025.8448     2.1050     4.4975     80.238    0.01310    5.60526    5.59934      8.382     0.0317   10.22890   4.284411 2.6488e-01    25.5545    25.5523 1.3599e+00     66.000          1      34598    1508.40 5.1341e+02  53035.226   1441.539 1603810454      -0.39     -0.892   39.51709  -72.39118 0.0000e+00
     64.486    15.6915    34.5481  1025.7576     2.1168     4.5100     80.647    0.01082    5.59224    5.58618      8.398     0.0474   10.20744   4.315346 2.9301e-01    25.4721    25.4698 1.4584e+00     65.000          1      34627    1509.39 4.9820e+02  52984.898   1442.761 1603810455       0.18     -0.918   39.51708  -72.39118 0.0000e+00
     63.504    16.0011    34.5413  1025.6775     2.1339     4.5323     81.144    0.00582    5.58550    5.57936      8.407     0.0350   10.19628   4.344269 3.1754e-01    25.3967    25.3945 1.5854e+00     64.000          1      34694    1510.32 4.9922e+02  52943.884   1445.526 1603810458       0.03     -0.282   39.51707  -72.39118 0.0000e+00
     62.511    16.0867    34.5340  1025.6479     2.1454     4.5388     81.584    0.00447    5.56343    5.55706      8.398     0.0471   10.15972   4.350992 3.3977e-01    25.3716    25.3693 1.7199e+00     63.000          1      34771    1510.57 5.0620e+02  52925.068   1448.767 1603810461      -0.67     -0.397   39.51706  -72.39118 0.0000e+00
     61.513    16.2850    34.5304  1025.5949     2.1581     4.5495     82.266    0.00620    5.53033    5.52362      8.402     0.0481   10.10468   4.371055 3.6878e-01    25.3232    25.3210 1.8406e+00     62.000          1      34829    1511.15 4.9919e+02  52900.651   1451.151 1603810463      -0.22     -0.433   39.51704  -72.39118 0.0000e+00
     60.527    16.7549    34.5510  1025.4966     2.1891     4.5996     83.981    0.01068    5.47687    5.46965      8.414     0.0378   10.01551   4.421367 4.0001e-01    25.2298    25.2274 1.9621e+00     61.000          1      34915    1512.59 4.9056e+02  52885.528   1454.763 1603810467      -0.45     -0.269   39.51703  -72.39118 0.0000e+00
     59.518    16.8994    34.5643  1025.4678     2.1896     4.6115     83.808    0.00696    5.50300    5.49605      8.414     0.0582   10.05895   4.436817 4.2985e-01    25.2056    25.2033 2.1339e+00     60.000          1      35372    1513.02 4.9645e+02  52890.863   1473.788 1603810486      -0.31     -0.666   39.51694  -72.39118 0.0000e+00
     58.543    16.7212    34.5541  1025.4979     2.1969     4.6048     84.648    0.01689    5.43990    5.43234      8.439     0.0424    9.95372   4.417858 4.4310e-01    25.2398    25.2376 2.3686e+00     59.000          1      36402    1512.46 5.3455e+02  52891.333   1516.717 1603810529      -0.07     -0.812   39.51673  -72.39120 0.0000e+00
     57.549    17.0787    34.5845  1025.4322     2.2154     4.6512     85.538    0.01669    5.43755    5.42997      8.443     0.0546    9.94971   4.456342 4.7256e-01    25.1789    25.1766 2.5466e+00     58.000          1      36422    1513.55 5.3889e+02  52902.190   1517.559 1603810530      -0.04     -0.800   39.51672  -72.39120 0.0000e+00
     56.552    17.3897    34.6285  1025.3869     2.2247     4.6394     85.408    0.00722    5.43207    5.42444      8.432     0.0579    9.94052   4.491453 5.1114e-01    25.1383    25.1360 2.7711e+00     57.000          1      36473    1514.51 5.4212e+02  52935.617   1519.659 1603810532      -0.03     -0.581   39.51671  -72.39120 0.0000e+00
     55.560    17.5101    34.6501  1025.3700     2.2347     4.5889     85.615    0.00431    5.36002    5.35174      8.420     0.0491    9.82050   4.504756 5.5582e-01    25.1258    25.1235 3.0347e+00     56.000          1      36546    1514.88 5.4595e+02  52954.827   1522.719 1603810535      -0.33     -0.575   39.51670  -72.39120 0.0000e+00
     54.578    17.6481    34.6613  1025.3405     2.2749     4.6853     88.435    0.02109    5.29793    5.28912      8.420     0.0665    9.71702   4.520847 5.9432e-01    25.1009    25.0986 3.2717e+00     55.000          1      36594    1515.28 5.5048e+02  52958.714   1524.692 1603810537       0.14     -0.534   39.51669  -72.39120 0.0000e+00
     53.578    18.4171    34.7046  1025.1790     2.3148     4.7909     90.700    0.02743    5.28215    5.27321      8.424     0.0712    9.69054   4.606579 6.3450e-01    24.9444    24.9421 3.5105e+00     54.000          1      36630    1517.56 5.5324e+02  52960.599   1526.191 1603810539      -0.10     -0.653   39.51668  -72.39120 0.0000e+00
     52.590    18.8947    34.7513  1025.0901     2.3465     4.8031     91.391    0.01309    5.25560    5.24646      8.459     0.0785    9.64614   4.657068 6.8912e-01    24.8602    24.8579 3.8285e+00     53.000          1      36686    1518.97 5.5555e+02  52991.055   1528.542 1603810541       0.12     -0.409   39.51667  -72.39120 0.0000e+00
     51.598    19.1957    34.7909  1025.0389     2.3677     4.8358     92.077    0.00716    5.25189    5.24271      8.458     0.0817    9.63987   4.691052 7.4216e-01    24.8136    24.8113 4.1577e+00     52.000          1      36749    1519.85 5.6018e+02  53025.124   1531.187 1603810544       0.04     -0.391   39.51666  -72.39120 0.0000e+00
     50.618    19.2414    34.8028  1025.0320     2.3771     4.8417     92.302    0.00337    5.24547    5.23624      8.468 -9.990e-29    9.62915   4.695798 7.9527e-01    24.8111    24.8087 4.4488e+00     51.000          1      36804    1519.98 5.5962e+02  53038.013   1533.477 1603810546      -0.32     -0.379   39.51666  -72.39120 0.0000e+00
     49.604    19.2643    34.8055  1025.0236     2.3805     4.8528     92.505    0.00401    5.24598    5.23676      8.465     0.0721    9.62999   4.698419 8.8978e-01    24.8072    24.8049 4.7774e+00     50.000          1      36827    1520.03 5.3704e+02  53039.880   1534.412 1603810547      -0.35     -0.847   39.51664  -72.39120 0.0000e+00
     48.623    19.3155    34.8112  1025.0104     2.3850     4.8506     92.576    0.00170    5.23959    5.23032      8.433     0.0816    9.61930   4.703548 9.3006e-01    24.7982    24.7960 5.1983e+00     49.000          1      36896    1520.17 5.5897e+02  53043.812   1537.305 1603810550       0.08     -0.391   39.51663  -72.39120 0.0000e+00
     47.633    19.3457    34.8161  1025.0020     2.3930     4.8662     93.065    0.00410    5.22882    5.21946      8.442     0.0570    9.60134   4.707069 9.7943e-01    24.7942    24.7920 5.5898e+00     48.000          1      36952    1520.24 5.7073e+02  53048.220   1539.630 1603810552      -0.54     -0.549   39.51662  -72.39120 0.0000e+00
     46.628    19.4036    34.8214  1024.9867     2.3972     4.8729     93.260    0.00410    5.22509    5.21570      8.431     0.0905    9.59514   4.713329 1.0485e+00    24.7833    24.7811 6.0058e+00     47.000          1      36980    1520.39 5.7274e+02  53051.477   1540.796 1603810553       0.02     -0.851   39.51662  -72.39120 0.0000e+00
     45.645    19.5161    34.8282  1024.9583     2.4070     4.8854     93.694    0.00388    5.21417    5.20470      8.432     0.0932    9.57697   4.725268 1.1478e+00    24.7593    24.7571 6.4950e+00     46.000          1      37046    1520.70 5.6629e+02  53053.418   1543.549 1603810556       0.12     -0.344   39.51660  -72.39120 0.0000e+00
     44.664    19.6354    34.8305  1024.9247     2.4223     4.9218     94.540    0.00614    5.20606    5.19653      8.446     0.1102    9.56348   4.737896 1.2309e+00    24.7300    24.7279 7.0051e+00     45.000          1      37113    1521.02 5.6909e+02  53049.025   1546.351 1603810559      -0.32     -0.315   39.51660  -72.39120 0.0000e+00
     43.648    19.6856    34.8329  1024.9089     2.4256     4.9257     94.600    0.00432    5.20687    5.19734      8.446     0.1088    9.56482   4.742762 1.3003e+00    24.7187    24.7166 7.5022e+00     44.000          1      37141    1521.15 5.7692e+02  53048.893   1547.518 1603810560      -0.23     -0.729   39.51658  -72.39120 0.0000e+00
