CalculateIndicators/WaterTemperature/Data/CTD_NYOS/20201022_C19.cnv
* Sea-Bird SBE 9 Data File:
* FileName = C:\Seabird 9 CTD\Data\2020\202010_offshore\20201022_C19.hex
* Software Version Seasave V 7.23.2
* Temperature SN = 4590
* Conductivity SN = 3228
* Number of Bytes Per Scan = 44
* Number of Voltage Words = 5
* Number of Scans Averaged by the Deck Unit = 1
* NMEA Latitude = 39 19.82 N
* NMEA Longitude = 072 40.14 W
* NMEA UTC (Time) = Oct 22 2020  03:35:49
* NMEA baud rate = 4800
** Ship: seawolf
** Station: 5.5
** Operator: EIH
# nquan = 31
# nvalues = 217                         
# units = specified
# name 0 = depSM: Depth [salt water, m]
# name 1 = t090C: Temperature [ITS-90, deg C]
# name 2 = sal00: Salinity, Practical [PSU]
# name 3 = density00: Density [density, kg/m^3]
# name 4 = sbeox0V: Oxygen raw, SBE 43 [V]
# name 5 = sbeox0ML/L: Oxygen, SBE 43 [ml/l]
# name 6 = sbeox0PS: Oxygen, SBE 43 [% saturation]
# name 7 = sbox0dV/dT: Oxygen, SBE 43 [dov/dt]
# name 8 = oxsolML/L: Oxygen Saturation, Garcia & Gordon [ml/l]
# name 9 = oxsatML/L: Oxygen Saturation, Weiss [ml/l]
# name 10 = ph: pH
# name 11 = flECO-AFL: Fluorescence, WET Labs ECO-AFL/FL [mg/m^3]
# name 12 = n2satML/L: Nitrogen Saturation [ml/l]
# name 13 = c0S/m: Conductivity [S/m]
# name 14 = cpar: CPAR/Corrected Irradiance [%]
# name 15 = sigma-é00: Density [sigma-theta, kg/m^3]
# name 16 = sigma-t00: Density [sigma-t, kg/m^3 ]
# name 17 = par: PAR/Irradiance, Biospherical/Licor
# name 18 = prDM: Pressure, Digiquartz [db]
# name 19 = pumps: Pump Status
# name 20 = scan: Scan Count
# name 21 = svCM: Sound Velocity [Chen-Millero, m/s]
# name 22 = spar: SPAR, Biospherical/Licor
# name 23 = specc: Specific Conductance [uS/cm]
# name 24 = timeS: Time, Elapsed [seconds]
# name 25 = timeY: Time, System [seconds]
# name 26 = accM: Acceleration [m/s^2]
# name 27 = dz/dtM: Descent Rate [m/s]
# name 28 = latitude: Latitude [deg]
# name 29 = longitude: Longitude [deg]
# name 30 = flag: flag
# span 0 =      1.976,    109.141       
# span 1 =    13.8144,    20.2139       
# span 2 =    33.9049,    35.3314       
# span 3 =  1024.2370,  1026.9718       
# span 4 =     1.7727,     2.5122       
# span 5 =     3.7013,     5.2308       
# span 6 =     63.625,     98.297       
# span 7 =   -0.03130,    0.01580       
# span 8 =    5.15792,    5.83448       
# span 9 =    5.14804,    5.83111       
# span 10 =      8.323,      8.684      
# span 11 =    -0.0540,     0.6683      
# span 12 =    9.48311,   10.60974      
# span 13 =   4.118915,   4.799479      
# span 14 = -8.665e+03, 1.0007e+05      
# span 15 =    24.2283,    26.4856      
# span 16 =    24.2282,    26.4823      
# span 17 = 1.0000e-12, 1.8000e-01      
# span 18 =      2.000,    110.000      
# span 19 =          1,          1      
# span 20 =         69,      21864      
# span 21 =    1503.78,    1522.36      
# span 22 = -3.960e-03, 4.3226e+00      
# span 23 =  51817.065,  54304.142      
# span 24 =      2.849,    910.938      
# span 25 = 1603337753, 1603338661      
# span 26 =      -0.50,       0.60      
# span 27 =     -0.814,      1.129      
# span 28 =   39.33005,   39.33036      
# span 29 =  -72.66934,  -72.66910      
# span 30 = 0.0000e+00, 0.0000e+00      
# interval = decibars: 1                
# start_time = Oct 22 2020 03:35:50 [System UTC, first data scan.]
# bad_flag = -9.990e-29
*END*
[from data line 141]
     76.403    14.1057    34.7892  1026.3446     1.9151     4.1067     70.703    0.00443    5.80836    5.80485      8.338    -0.0009   10.56340   4.184687 2.6234e-11    26.0043    26.0019 1.0000e-12     77.000          1      12075    1504.84 3.9495e+00  53502.244    503.088 1603338253      -0.25     -0.529   39.33024  -72.66916 0.0000e+00
     75.405    14.0847    34.7585  1026.3208     1.9266     4.1429     71.349    0.00564    5.80656    5.80305      8.331     0.0065   10.56023   4.179320 4.0968e-11    25.9849    25.9826 1.0000e-12     76.000          1      12119    1504.72 2.7406e+00  53462.035    504.904 1603338255       0.11     -0.533   39.33024  -72.66916 0.0000e+00
     74.421    14.0809    34.7626  1026.3204     1.9332     4.1480     71.304    0.00058    5.81731    5.81387      8.329     0.0009   10.57892   4.179342 2.3244e-11    25.9889    25.9866 1.0000e-12     75.000          1      12217    1504.70 4.1512e+00  53467.573    509.016 1603338259      -0.10     -0.133   39.33024  -72.66918 0.0000e+00
     73.428    14.0365    34.7054  1026.2812     1.9530     4.2442     72.958    0.01029    5.81728    5.81384 -9.990e-29    -0.0062   10.57885   4.168423 2.8434e-11    25.9540    25.9517 1.0000e-12     74.000          1      12260    1504.47 3.9507e+00  53393.959    510.783 1603338261      -0.29     -0.537   39.33024  -72.66917 0.0000e+00
     72.425    14.0162    34.6813  1026.2624     1.9637     4.2692     73.396    0.00903    5.81667    5.81323 -9.990e-29    -0.0044   10.57782   4.164085 2.7152e-11    25.9396    25.9374 1.0000e-12     73.000          1      12292    1504.36 3.9495e+00  53362.845    512.128 1603338262       0.03     -0.734   39.33024  -72.66916 0.0000e+00
     71.448    14.0165    34.6796  1026.2566     1.9704     4.2544     73.095    0.00036    5.82042    5.81701      8.336     0.0119   10.58434   4.164054 2.7042e-11    25.9381    25.9360 1.0000e-12     72.000          1      12391    1504.35 3.9495e+00  53359.772    516.231 1603338266      -0.17     -0.092   39.33024  -72.66918 0.0000e+00
     70.444    14.0048    34.6661  1026.2442     1.9759     4.2823     73.559    0.00312    5.82154    5.81813      8.337    -0.0021   10.58627   4.161389 2.8445e-11    25.9302    25.9281 1.0000e-12     71.000          1      12427    1504.27 3.9495e+00  53342.221    517.752 1603338268      -0.03     -0.584   39.33024  -72.66918 0.0000e+00
     69.458    13.9895    34.6488  1026.2296     1.9847     4.3083     73.979    0.00315    5.82361    5.82022 -9.990e-29     0.0021   10.58989   4.158026 2.6787e-11    25.9200    25.9179 1.0000e-12     70.000          1      12490    1504.19 3.9495e+00  53319.738    520.391 1603338270       0.05     -0.337   39.33024  -72.66918 0.0000e+00
     68.467    13.9854    34.6449  1026.2230     1.9909     4.3257     74.256    0.00290    5.82542    5.82204      8.343    -0.0124   10.59305   4.157129 2.8172e-11    25.9178    25.9157 1.0000e-12     69.000          1      12543    1504.15 3.9495e+00  53314.364    522.575 1603338273      -0.06     -0.473   39.33024  -72.66918 0.0000e+00
     67.467    13.9696    34.6216  1026.2039     1.9982     4.3544     74.751    0.00477    5.82517    5.82179      8.345    -0.0025   10.59260   4.152994 2.6762e-11    25.9031    25.9010 1.0000e-12     68.000          1      12580    1504.06 3.9495e+00  53283.652    524.140 1603338274      -0.09     -0.623   39.33024  -72.66918 0.0000e+00
     66.485    13.9663    34.6169  1026.1965     2.0046     4.3586     74.786    0.00105    5.82812    5.82475      8.342     0.0149   10.59785   4.152179 2.7740e-11    25.9001    25.8981 1.0000e-12     67.000          1      12668    1504.02 3.9495e+00  53277.159    527.787 1603338278      -0.14     -0.185   39.33024  -72.66918 0.0000e+00
     65.483    13.9564    34.5977  1026.1792     2.0111     4.3877     75.282    0.00366    5.82831    5.82493      8.337     0.0088   10.59841   4.149095 2.6450e-11    25.8872    25.8853 1.0000e-12     66.000          1      12709    1503.95 3.9495e+00  53251.222    529.514 1603338280      -0.03     -0.592   39.33024  -72.66918 0.0000e+00
     64.500    13.9557    34.5716  1026.1548     2.0218     4.4187     75.810    0.00392    5.82870    5.82530      8.337     0.0219   10.59956   4.146278 3.2545e-11    25.8672    25.8653 1.0000e-12     65.000          1      12776    1503.90 3.9495e+00  53214.793    532.311 1603338282       0.03     -0.290   39.33024  -72.66918 0.0000e+00
     63.504    13.9636    34.5457  1026.1287     2.0289     4.4364     76.138    0.00375    5.82676    5.82332      8.337     0.0404   10.59655   4.144121 3.0252e-11    25.8455    25.8436 1.0000e-12     64.000          1      12821    1503.88 3.9495e+00  53177.746    534.178 1603338284      -0.10     -0.544   39.33023  -72.66918 0.0000e+00
     62.509    13.9732    34.5102  1026.0948     2.0329     4.4370     76.216    0.00222    5.82162    5.81810      8.347     0.0426   10.58823   4.141536 2.6915e-11    25.8161    25.8142 1.0000e-12     63.000          1      12866    1503.86 3.9495e+00  53127.057    536.025 1603338286       0.06     -0.547   39.33022  -72.66918 0.0000e+00
     61.521    14.0513    34.4798  1026.0504     2.0364     4.4359     76.255    0.00064    5.81725    5.81367      8.364     0.0525   10.58125   4.145910 3.6671e-11    25.7761    25.7743 1.0000e-12     62.000          1      12944    1504.06 3.0570e+00  53074.569    539.292 1603338289       0.04     -0.251   39.33022  -72.66918 0.0000e+00
     60.530    14.0851    34.4742  1026.0345     2.0358     4.4336     76.149   -0.00031    5.82232    5.81874      8.347     0.0740   10.59048   4.148314 3.4464e-11    25.7647    25.7628 1.0000e-12     61.000          1      13007    1504.14 3.2363e+00  53062.147    541.930 1603338292      -0.19     -0.460   39.33022  -72.66918 0.0000e+00
     59.534    14.0673    34.4367  1026.0049     2.0441     4.4776     76.908    0.00478    5.82197    5.81840      8.349     0.0528   10.58980   4.142167 4.3303e-11    25.7395    25.7377 1.0000e-12     60.000          1      13042    1504.02 2.5470e+00  53012.383    543.367 1603338293      -0.10     -0.665   39.33022  -72.66918 0.0000e+00
     58.542    14.0646    34.3906  1025.9654     2.0551     4.5049     77.370    0.00369    5.82255    5.81898      8.346     0.0694   10.59083   4.137219 3.0933e-11    25.7044    25.7026 1.0000e-12     59.000          1      13122    1503.95 3.5145e+00  52948.381    546.695 1603338297       0.08     -0.363   39.33022  -72.66918 0.0000e+00
     57.554    14.0572    34.3835  1025.9570     2.0595     4.5038     77.331    0.00028    5.82404    5.82048      8.346     0.0672   10.59354   4.135717 3.1967e-11    25.7004    25.6986 1.0000e-12     58.000          1      13255    1503.90 3.4310e+00  52939.002    552.244 1603338302      -0.32     -0.429   39.33022  -72.66918 0.0000e+00
     56.551    14.1143    34.3509  1025.9153     2.0783     4.5551     78.303    0.00106    5.81731    5.81366      8.339     0.0822   10.58262   4.137716 2.9027e-11    25.6632    25.6615 1.0000e-12     57.000          1      14072    1504.02 3.6954e+00  52886.592    586.277 1603338336      -0.04     -0.591   39.33021  -72.66920 0.0000e+00
     55.570    14.2135    34.2920  1025.8444     2.1040     4.6178     79.527    0.00112    5.80659    5.80276      8.330     0.1313   10.56574   4.140799 2.5852e-11    25.5968    25.5951 1.0000e-12     56.000          1      15192    1504.26 3.9808e+00  52792.541    632.940 1603338383      -0.26     -0.233   39.33020  -72.66922 0.0000e+00
     54.570    14.2122    34.2781  1025.8295     2.0953     4.5751     78.771   -0.00356    5.80799    5.80418      8.328     0.1342   10.56799   4.139212 2.8824e-11    25.5863    25.5846 1.0000e-12     55.000          1      15123    1504.22 3.9495e+00  52773.043    630.093 1603338380      -0.17     -0.669   39.33020  -72.66922 0.0000e+00
     53.585    14.2267    34.2642  1025.8112     2.0888     4.5583     78.497   -0.00274    5.80695    5.80311      8.331     0.1204   10.56646   4.139026 2.7996e-11    25.5724    25.5708 1.0000e-12     54.000          1      15207    1504.24 3.9495e+00  52751.560    633.564 1603338384       0.07     -0.280   39.33020  -72.66922 0.0000e+00
     52.590    14.2447    34.2503  1025.7923     2.0800     4.5215     77.883   -0.00515    5.80543    5.80157      8.323     0.1191   10.56404   4.139225 2.9525e-11    25.5579    25.5563 1.0000e-12     53.000          1      15277    1504.26 3.9495e+00  52729.689    636.489 1603338387      -0.38     -0.546   39.33020  -72.66922 0.0000e+00
     51.596    14.2532    34.2355  1025.7746     2.0715     4.5030     77.551   -0.00386    5.80645    5.80259      8.330     0.1737   10.56596   4.138362 2.7659e-11    25.5447    25.5431 1.0000e-12     52.000          1      15340    1504.26 3.9495e+00  52707.747    639.114 1603338389       0.04     -0.394   39.33020  -72.66922 0.0000e+00
     50.612    14.2476    34.2044  1025.7474     2.0591     4.4712     76.930   -0.00377    5.81204    5.80821      8.362     0.1609   10.57581   4.134257 2.8014e-11    25.5218    25.5202 1.0000e-12     51.000          1      15437    1504.19 3.9495e+00  52664.949    643.152 1603338393      -0.21     -0.286   39.33020  -72.66922 0.0000e+00
     49.612    14.2400    34.2015  1025.7422     2.0553     4.4621     76.790   -0.00314    5.81084    5.80700      8.352     0.1492   10.57375   4.133124 2.9496e-11    25.5211    25.5196 1.0000e-12     50.000          1      15468    1504.14 3.9495e+00  52661.292    644.440 1603338394      -0.20     -0.649   39.33020  -72.66922 0.0000e+00
     48.619    14.2258    34.1733  1025.7190     2.0553     4.4741     76.987   -0.00017    5.81154    5.80769      8.337     0.1611   10.57515   4.128536 2.6191e-11    25.5023    25.5008 1.0000e-12     49.000          1      15540    1504.05 3.9495e+00  52623.809    647.477 1603338398       0.02     -0.330   39.33020  -72.66922 0.0000e+00
     47.639    14.2251    34.1318  1025.6827     2.0594     4.4893     77.257    0.00111    5.81090    5.80702      8.438     0.1733   10.57453   4.124096 2.7063e-11    25.4704    25.4689 1.0000e-12     48.000          1      15649    1503.98 3.9495e+00  52565.467    651.994 1603338402      -0.50     -0.246   39.33020  -72.66922 0.0000e+00
     46.631    14.2436    34.1162  1025.6623     2.0601     4.4881     77.257    0.00074    5.80941    5.80551      8.403     0.2788   10.57227   4.124215 2.8951e-11    25.4544    25.4530 1.0000e-12     47.000          1      15677    1504.00 3.9147e+00  52541.828    653.166 1603338403      -0.04     -0.705   39.33020  -72.66922 0.0000e+00
     45.646    14.2507    34.1052  1025.6478     2.0599     4.4830     77.179   -0.00019    5.80856    5.80464      8.379     0.2261   10.57093   4.123696 3.5394e-11    25.4443    25.4429 1.0000e-12     46.000          1      15736    1504.00 3.1543e+00  52525.008    655.643 1603338406       0.05     -0.359   39.33020  -72.66922 0.0000e+00
     44.657    14.2921    34.0720  1025.6089     2.0656     4.4950     77.626    0.00280    5.79061    5.78645      8.381     0.2668   10.54171   4.124106 2.9373e-11    25.4099    25.4085 1.0000e-12     45.000          1      15835    1504.08 3.7858e+00  52473.579    659.750 1603338410      -0.17     -0.188   39.33020  -72.66922 0.0000e+00
     43.659    14.4388    34.0351  1025.5447     2.0779     4.5025     78.301    0.00462    5.75035    5.74573      8.384     0.3271   10.47505   4.134512 2.7880e-11    25.3503    25.3489 1.0000e-12     44.000          1      15892    1504.49 3.9268e+00  52404.859    662.123 1603338412       0.07     -0.380   39.33020  -72.66922 0.0000e+00
     42.668    14.8559    34.0253  1025.4426     2.1128     4.5870     80.480    0.01272    5.69969    5.69452      8.386     0.3993   10.39088   4.175391 2.7380e-11    25.2529    25.2515 1.0000e-12     43.000          1      15967    1505.79 3.9495e+00  52344.112    665.265 1603338415      -0.05     -0.362   39.33020  -72.66922 0.0000e+00
     41.677    15.2585    34.0459  1025.3658     2.1468     4.6474     81.934    0.01034    5.67221    5.66673      8.388     0.4771   10.34536   4.216577 2.6612e-11    25.1808    25.1794 1.0000e-12     42.000          1      16044    1507.07 3.9495e+00  52328.005    668.460 1603338419       0.02     -0.296   39.33020  -72.66923 0.0000e+00
     40.685    15.4907    34.0438  1025.3085     2.1551     4.6075     81.607   -0.00014    5.64591    5.64016      8.400     0.4941   10.30163   4.237167 4.3654e-11    25.1281    25.1267 1.0000e-12     41.000          1      16118    1507.79 2.6233e+00  52300.091    671.524 1603338422      -0.10     -0.346   39.33020  -72.66924 0.0000e+00
     39.692    15.5172    34.0296  1025.2871     2.1718     4.6423     82.927    0.00868    5.59806    5.59184      8.409     0.5625   10.22157   4.239324 3.2282e-11    25.1111    25.1098 1.0000e-12     40.000          1      16169    1507.83 3.4066e+00  52277.045    673.664 1603338424      -0.00     -0.467   39.33018  -72.66924 0.0000e+00
     38.699    16.0605    34.1041  1025.2172     2.2001     4.6883     84.324    0.00982    5.56000    5.55339      8.468     0.5573   10.15808   4.300633 3.2717e-11    25.0460    25.0446 1.0000e-12     39.000          1      16233    1509.59 3.3726e+00  52325.788    676.331 1603338426       0.07     -0.353   39.33018  -72.66924 0.0000e+00
     37.706    16.5676    34.1566  1025.1358     2.2350     4.7354     85.920    0.00925    5.51163    5.50457      8.510     0.6256   10.07707   4.356193 3.9964e-11    24.9694    24.9679 1.0000e-12     38.000          1      16324    1511.18 2.8073e+00  52350.801    680.135 1603338430      -0.10     -0.271   39.33018  -72.66924 0.0000e+00
     36.716    17.0528    34.2428  1025.0837     2.2651     4.7475     86.999    0.00423    5.45709    5.44956      8.526     0.6683    9.98538   4.411519 2.6235e-11    24.9219    24.9205 1.0000e-12     37.000          1      16449    1512.73 3.9934e+00  52426.228    685.336 1603338435      -0.09     -0.276   39.33018  -72.66924 0.0000e+00
     35.720    17.4113    34.3337  1025.0629     2.2936     4.8076     88.585    0.00809    5.42703    5.41922      8.532     0.5950    9.93516   4.459369 3.7359e-11    24.9058    24.9044 1.0000e-12     36.000          1      16555    1513.89 3.0473e+00  52520.600    689.765 1603338440       0.01     -0.340   39.33018  -72.66924 0.0000e+00
     34.727    18.4698    34.5312  1024.9506     2.3685     4.8999     92.006    0.00699    5.32622    5.31758      8.478     0.6018    9.76582   4.585044 2.3592e-11    24.7985    24.7970 1.0000e-12     35.000          1      18036    1517.21 4.1154e+00  52710.208    751.460 1603338501      -0.21     -0.338   39.33014  -72.66928 0.0000e+00
     33.737    18.8057    34.5792  1024.8978     2.4029     4.9744     94.106    0.01580    5.28608    5.27712      8.486     0.5707    9.69837   4.625057 2.6130e-11    24.7503    24.7488 1.0000e-12     34.000          1      18091    1518.21 3.9495e+00  52752.989    753.753 1603338504      -0.17     -0.716   39.33014  -72.66928 0.0000e+00
     32.743    19.0240    34.6274  1024.8748     2.4152     4.9567     94.179    0.00694    5.26311    5.25398      8.483     0.5039    9.65983   4.651351 2.7396e-11    24.7317    24.7302 1.0000e-12     33.000          1      18149    1518.87 3.9495e+00  52804.361    756.169 1603338506       0.12     -0.523   39.33014  -72.66928 0.0000e+00
     31.753    19.2512    34.6857  1024.8568     2.4397     4.9886     95.167    0.00415    5.24193    5.23264      8.478     0.4877    9.62424   4.681024 2.8898e-11    24.7182    24.7167 1.0000e-12     32.000          1      18270    1519.56 3.9495e+00  52869.039    761.217 1603338511      -0.27     -0.422   39.33014  -72.66928 0.0000e+00
