CalculateIndicators/WaterTemperature/Data/CTD_NYOS/20201019_C05.cnv
* Sea-Bird SBE 9 Data File:
* FileName = C:\Seabird 9 CTD\Data\2020\202010_offshore\20201019_C05.hex
* Software Version Seasave V 7.23.2
* Temperature SN = 4590
* Conductivity SN = 3228
* Number of Bytes Per Scan = 44
* Number of Voltage Words = 5
* Number of Scans Averaged by the Deck Unit = 1
* NMEA Latitude = 39 42.88 N
* NMEA Longitude = 073 30.23 W
* NMEA UTC (Time) = Oct 20 2020  04:10:21
* NMEA baud rate = 4800
** Ship: seawolf
** Station: 7.3
** Operator: EIH
# nquan = 31
# nvalues = 75                          
# units = specified
# name 0 = depSM: Depth [salt water, m]
# name 1 = t090C: Temperature [ITS-90, deg C]
# name 2 = sal00: Salinity, Practical [PSU]
# name 3 = density00: Density [density, kg/m^3]
# name 4 = sbeox0V: Oxygen raw, SBE 43 [V]
# name 5 = sbeox0ML/L: Oxygen, SBE 43 [ml/l]
# name 6 = sbeox0PS: Oxygen, SBE 43 [% saturation]
# name 7 = sbox0dV/dT: Oxygen, SBE 43 [dov/dt]
# name 8 = oxsolML/L: Oxygen Saturation, Garcia & Gordon [ml/l]
# name 9 = oxsatML/L: Oxygen Saturation, Weiss [ml/l]
# name 10 = ph: pH
# name 11 = flECO-AFL: Fluorescence, WET Labs ECO-AFL/FL [mg/m^3]
# name 12 = n2satML/L: Nitrogen Saturation [ml/l]
# name 13 = c0S/m: Conductivity [S/m]
# name 14 = cpar: CPAR/Corrected Irradiance [%]
# name 15 = sigma-é00: Density [sigma-theta, kg/m^3]
# name 16 = sigma-t00: Density [sigma-t, kg/m^3 ]
# name 17 = par: PAR/Irradiance, Biospherical/Licor
# name 18 = prDM: Pressure, Digiquartz [db]
# name 19 = pumps: Pump Status
# name 20 = scan: Scan Count
# name 21 = svCM: Sound Velocity [Chen-Millero, m/s]
# name 22 = spar: SPAR, Biospherical/Licor
# name 23 = specc: Specific Conductance [uS/cm]
# name 24 = timeS: Time, Elapsed [seconds]
# name 25 = timeY: Time, System [seconds]
# name 26 = accM: Acceleration [m/s^2]
# name 27 = dz/dtM: Descent Rate [m/s]
# name 28 = latitude: Latitude [deg]
# name 29 = longitude: Longitude [deg]
# name 30 = flag: flag
# span 0 =      1.962,     38.715       
# span 1 =    14.8163,    17.7914       
# span 2 =    32.2966,    32.6315       
# span 3 =  1023.2684,  1024.3598       
# span 4 =     1.6408,     2.4539       
# span 5 =     3.2632,     5.2420       
# span 6 =     56.351,     95.648       
# span 7 =   -0.07506,    0.04906       
# span 8 =    5.48041,    5.79592       
# span 9 =    5.47217,    5.79098       
# span 10 =      8.187,      8.379      
# span 11 =     0.1699,     0.7928      
# span 12 =   10.04531,   10.56590      
# span 13 =   4.014813,   4.253588      
# span 14 = -6.549e+03, 9.9999e+04      
# span 15 =    23.2595,    24.1872      
# span 16 =    23.2590,    24.1860      
# span 17 = -3.259e-03, 3.6374e-02      
# span 18 =      2.000,     39.000      
# span 19 =          1,          1      
# span 20 =        203,       9625      
# span 21 =    1503.98,    1512.48      
# span 22 = -6.782e-02, 4.3774e+00      
# span 23 =  49685.406,  50420.669      
# span 24 =      8.433,    400.992      
# span 25 = 1603167032, 1603167424      
# span 26 =      -0.57,       0.52      
# span 27 =     -0.804,      0.707      
# span 28 =   39.71474,   39.71502      
# span 29 =  -73.50428,  -73.50396      
# span 30 = 0.0000e+00, 0.0000e+00      
# interval = decibars: 1                
# start_time = Oct 20 2020 04:10:23 [System UTC, first data scan.]
# bad_flag = -9.990e-29
*END*
[from data line 47]
     28.775    17.6326    32.3512  1023.4609     2.3148     4.9731     90.589    0.02629    5.48981    5.48166      8.353     0.4076   10.06070   4.247046 -2.176e+03    23.3341    23.3329 1.0000e-12     29.000          1       4871    1512.18 4.0429e+00  49780.076    202.923 1603167226      -0.15     -0.245   39.71486  -73.50412 0.0000e+00
     27.793    17.7145    32.3151  1023.4092     2.3765     5.0949     92.890    0.01497    5.48488    5.47669      8.361     0.4610   10.05261   4.249746 4.7297e+03    23.2867    23.2856 1.0000e-12     28.000          1       4953    1512.36 3.6226e+00  49723.983    206.315 1603167230      -0.00     -0.368   39.71486  -73.50412 0.0000e+00
     26.791    17.7124    32.3220  1023.4106     2.3837     5.1003     92.986    0.01059    5.48503    5.47684 -9.990e-29     0.4268   10.05284   4.250246 9.9480e+04    23.2926    23.2915 1.0000e-12     27.000          1       4977    1512.35 1.9839e-02  49733.284    207.346 1603167231      -0.46     -0.688   39.71486  -73.50412 0.0000e+00
     25.789    17.7413    32.3169  1023.3953     2.3953     5.1178     93.327    0.00683    5.48376    5.47555 -9.990e-29     0.4820   10.05079   4.251911 7.5326e+04    23.2816    23.2806 1.0000e-12     26.000          1       5043    1512.41 9.7449e-01  49723.588    210.068 1603167233      -0.01     -0.804   39.71486  -73.50412 0.0000e+00
     24.797    17.7568    32.3100  1023.3819     2.4167     5.1606     94.107    0.00260    5.48374    5.47553 -9.990e-29     0.6000   10.05079   4.251752 -1.026e+03    23.2726    23.2716 1.0000e-12     25.000          1       5699    1512.43 3.9900e+00  49712.573    237.429 1603167261      -0.04     -0.642   39.71488  -73.50414 0.0000e+00
     23.817    17.7576    32.3118  1023.3787     2.4191     5.1581     94.057    0.00015    5.48405    5.47584 -9.990e-29     0.5898   10.05131   4.251749 2.5320e-11    23.2737    23.2728 1.0000e-12     24.000          1       6540    1512.42 3.9495e+00  49714.465    272.470 1603167296       0.12     -0.466   39.71490  -73.50418 0.0000e+00
     22.822    17.7564    32.3085  1023.3721     2.4211     5.1638     94.163    0.00053    5.48389    5.47568 -9.990e-29     0.6255   10.05106   4.251221 2.5320e-11    23.2715    23.2706 1.0000e-12     23.000          1       6573    1512.40 3.9495e+00  49709.574    273.832 1603167297      -0.10     -0.317   39.71490  -73.50418 0.0000e+00
     21.835    17.7559    32.3073  1023.3669     2.4235     5.1690     94.259    0.00051    5.48381    5.47560 -9.990e-29     0.6444   10.05093   4.250997 2.5320e-11    23.2706    23.2698 1.0000e-12     22.000          1       6654    1512.38 3.9495e+00  49707.466    277.192 1603167301      -0.23     -0.463   39.71490  -73.50418 0.0000e+00
     20.839    17.7597    32.3077  1023.3618     2.4237     5.1704     94.279    0.00059    5.48410    5.47589 -9.990e-29     0.6338   10.05142   4.251380 2.5320e-11    23.2700    23.2692 1.0000e-12     21.000          1       6684    1512.37 3.9495e+00  49707.216    278.448 1603167302      -0.21     -0.698   39.71490  -73.50418 0.0000e+00
     19.836    17.7549    32.3049  1023.3563     2.4240     5.1690     94.254    0.00019    5.48410    5.47589 -9.990e-29     0.6682   10.05149   4.250502 2.5320e-11    23.2689    23.2681 1.0000e-12     20.000          1       6747    1512.34 3.9495e+00  49703.214    281.068 1603167305      -0.26     -0.612   39.71492  -73.50419 0.0000e+00
     18.850    17.7420    32.2966  1023.3488     2.4281     5.1867     94.587    0.00274    5.48351    5.47529      8.360     0.6337   10.05051   4.248288 2.5320e-11    23.2657    23.2649 1.0000e-12     19.000          1       6824    1512.27 3.9495e+00  49692.295    284.279 1603167308       0.00     -0.611   39.71492  -73.50418 0.0000e+00
     17.864    17.7664    32.2978  1023.3394     2.4391     5.2171     95.168    0.00387    5.48195    5.47372      8.364     0.6137   10.04790   4.250791 2.5320e-11    23.2607    23.2600 1.0000e-12     18.000          1       6894    1512.33 3.9495e+00  49691.652    287.203 1603167311       0.05     -0.303   39.71492  -73.50420 0.0000e+00
     16.871    17.7788    32.3004  1023.3340     2.4451     5.2313     95.402    0.00288    5.48340    5.47518      8.365     0.6410   10.05034   4.252178 2.5320e-11    23.2597    23.2590 1.0000e-12     17.000          1       6945    1512.35 3.9495e+00  49693.908    289.315 1603167313      -0.26     -0.502   39.71492  -73.50420 0.0000e+00
     15.874    17.7747    32.3001  1023.3304     2.4454     5.2244     95.300    0.00118    5.48200    5.47377      8.365     0.6166   10.04798   4.251714 9.9032e+03    23.2604    23.2598 1.0000e-12     16.000          1       7002    1512.32 2.9228e+00  49693.354    291.723 1603167315      -0.20     -0.448   39.71492  -73.50420 0.0000e+00
     14.876    17.7819    32.3016  1023.3253     2.4486     5.2343     95.497    0.00223    5.48111    5.47288      8.366     0.6375   10.04649   4.252541 6.1877e+04    23.2597    23.2591 1.0000e-12     15.000          1       7061    1512.33 1.3037e+00  49694.311    294.164 1603167318      -0.32     -0.655   39.71492  -73.50420 0.0000e+00
     13.896    17.7847    32.3026  1023.3210     2.4500     5.2312     95.453    0.00048    5.48041    5.47217      8.367     0.6894   10.04531   4.252846 -6.549e+03    23.2598    23.2592 1.0000e-12     14.000          1       7116    1512.32 4.2243e+00  49695.064    296.478 1603167320       0.18     -0.429   39.71492  -73.50420 0.0000e+00
     12.899    17.7899    32.3038  1023.3163     2.4530     5.2420     95.648    0.00148    5.48048    5.47224      8.368     0.6954   10.04542   4.253463 -9.990e-29    23.2595    23.2590 1.0000e-12     13.000          1       7163    1512.32 3.9495e+00  49695.948    298.401 1603167322      -0.01     -0.533   39.71492  -73.50421 0.0000e+00
     11.908    17.7914    32.3044  1023.3120     2.4539     5.2396     95.603    0.00010    5.48055    5.47231      8.368     0.6680   10.04554   4.253588 9.9999e+04    23.2595    23.2591 1.0000e-12     12.000          1       7227    1512.31 4.4246e-01  49696.167    301.064 1603167324       0.05     -0.341   39.71493  -73.50422 0.0000e+00
     10.918    17.7904    32.3045  1023.3079     2.4530     5.2354     95.524   -0.00027    5.48065    5.47241 -9.990e-29     0.6540   10.04571   4.253451 9.9999e+04    23.2597    23.2593 1.0000e-12     11.000          1       7304    1512.29 -6.782e-02  49695.807    304.281 1603167328      -0.04     -0.280   39.71494  -73.50422 0.0000e+00
      9.913    17.7856    32.3034  1023.3036     2.4520     5.2327     95.466   -0.00050    5.48117    5.47294      8.370     0.6918   10.04658   4.252793 4.4491e+04    23.2600    23.2596 1.0000e-12     10.000          1       7757    1512.26 2.1923e+00  49693.945    323.168 1603167347      -0.10     -0.468   39.71495  -73.50423 0.0000e+00
      8.936    17.7773    32.3013  1023.2998     2.4508     5.2289     95.379   -0.00049    5.48221    5.47398      8.374     0.6206   10.04832   4.251762 -2.281e+03    23.2604    23.2601 1.0000e-12      9.000          1       8917    1512.22 4.0396e+00  49691.452    371.491 1603167395      -0.14     -0.400   39.71500  -73.50426 0.0000e+00
      7.937    17.7773    32.3018  1023.2957     2.4510     5.2306     95.411    0.00004    5.48223    5.47400      8.374     0.6364   10.04836   4.251764 2.5320e-11    23.2607    23.2604 1.0000e-12      8.000          1       8940    1512.20 3.9495e+00  49691.527    372.474 1603167396      -0.06     -0.350   39.71500  -73.50426 0.0000e+00
      6.951    17.7764    32.3016  1023.2914     2.4525     5.2377     95.541    0.00122    5.48215    5.47392      8.374     0.6898   10.04823   4.251615 2.5320e-11    23.2608    23.2605 1.0000e-12      7.000          1       9034    1512.18 3.9495e+00  49690.903    376.391 1603167400      -0.26     -0.388   39.71500  -73.50426 0.0000e+00
      5.952    17.7760    32.3013  1023.2868     2.4517     5.2306     95.412   -0.00018    5.48209    5.47387 -9.990e-29     0.6541   10.04813   4.251502 3.5634e-11    23.2606    23.2604 1.0000e-12      6.000          1       9084    1512.16 3.2553e+00  49690.018    378.467 1603167402       0.10     -0.427   39.71500  -73.50427 0.0000e+00
      4.961    17.7767    32.3014  1023.2823     2.4518     5.2303     95.408   -0.00004    5.48202    5.47380 -9.990e-29     0.6817   10.04801   4.251548 4.9297e-11    23.2605    23.2603 1.0000e-12      5.000          1       9155    1512.15 2.0902e+00  49689.628    381.437 1603167405       0.01     -0.368   39.71500  -73.50426 0.0000e+00
      3.971    17.7770    32.3017  1023.2781     2.4528     5.2340     95.477    0.00055    5.48194    5.47371      8.374     0.6802   10.04787   4.251573 5.0640e-11    23.2606    23.2605 1.0000e-12      4.000          1       9226    1512.13 1.9747e+00  49689.595    384.366 1603167408      -0.15     -0.336   39.71500  -73.50428 0.0000e+00
      2.974    17.7781    32.3018  1023.2735     2.4520     5.2288     95.382   -0.00043    5.48194    5.47371      8.374     0.6816   10.04787   4.251641 3.2630e-11    23.2604    23.2602 1.0000e-12      3.000          1       9285    1512.12 3.2695e+00  49689.090    386.842 1603167410      -0.04     -0.400   39.71500  -73.50428 0.0000e+00
      1.962    17.7791    32.3021  1023.2690     2.4509     5.2242     95.301   -0.00097    5.48180    5.47357      8.379     0.6467   10.04764   4.251721 2.0822e-11    23.2603    23.2602 1.0000e-12      2.000          1       9625    1512.10 4.3774e+00  49688.970    400.992 1603167424      -0.57     -0.056   39.71502  -73.50428 0.0000e+00
