CalculateIndicators/WaterTemperature/Data/CTD_NYOS/20200210_C012.cnv
* Sea-Bird SBE 9 Data File:
* FileName = C:\Seabird 9 CTD\Data\2020\202002_offshore\20200210_C012.hex
* Software Version Seasave V 7.23.2
* Temperature SN = 4590
* Conductivity SN = 3228
* Number of Bytes Per Scan = 44
* Number of Voltage Words = 5
* Number of Scans Averaged by the Deck Unit = 1
* NMEA Latitude = 39 49.48 N
* NMEA Longitude = 073 11.85 W
* NMEA UTC (Time) = Feb 10 2020  06:37:10
* NMEA baud rate = 4800
** Ship: rv seawolf
** Station: 6.3
** Operator: sjw
# nquan = 35
# nvalues = 75                          
# units = specified
# name 0 = depSM: Depth [salt water, m]
# name 1 = t090C: Temperature [ITS-90, deg C]
# name 2 = sal00: Salinity, Practical [PSU]
# name 3 = density00: Density [density, kg/m^3]
# name 4 = sbeox0V: Oxygen raw, SBE 43 [V]
# name 5 = sbeox0ML/L: Oxygen, SBE 43 [ml/l]
# name 6 = sbeox0PS: Oxygen, SBE 43 [% saturation]
# name 7 = sbox0dV/dT: Oxygen, SBE 43 [dov/dt]
# name 8 = oxsolML/L: Oxygen Saturation, Garcia & Gordon [ml/l]
# name 9 = oxsatML/L: Oxygen Saturation, Weiss [ml/l]
# name 10 = ph: pH
# name 11 = flECO-AFL: Fluorescence, WET Labs ECO-AFL/FL [mg/m^3]
# name 12 = n2satML/L: Nitrogen Saturation [ml/l]
# name 13 = c0S/m: Conductivity [S/m]
# name 14 = cpar: CPAR/Corrected Irradiance [%]
# name 15 = sigma-é00: Density [sigma-theta, kg/m^3]
# name 16 = sigma-t00: Density [sigma-t, kg/m^3 ]
# name 17 = par: PAR/Irradiance, Biospherical/Licor
# name 18 = prDM: Pressure, Digiquartz [db]
# name 19 = pumps: Pump Status
# name 20 = scan: Scan Count
# name 21 = svCM: Sound Velocity [Chen-Millero, m/s]
# name 22 = spar: SPAR, Biospherical/Licor
# name 23 = specc: Specific Conductance [uS/cm]
# name 24 = timeS: Time, Elapsed [seconds]
# name 25 = timeY: Time, System [seconds]
# name 26 = accM: Acceleration [m/s^2]
# name 27 = dz/dtM: Descent Rate [m/s]
# name 28 = latitude: Latitude [deg]
# name 29 = longitude: Longitude [deg]
# name 30 = gsw_saA0: Absolute Salinity [g/kg]
# name 31 = gsw_densityA0: density, TEOS-10 [density, kg/m^3]
# name 32 = gsw_sigma0A0: density, TEOS-10 [sigma-0, kg/m^3 ]
# name 33 = gsw_ptA0: potential temperature [ITS-90, deg C]
# name 34 = flag: flag
# span 0 =      2.000,     39.000       
# span 1 =     8.3048,     8.6407       
# span 2 =    33.3635,    33.4385       
# span 3 =  1025.9235,  1026.1801       
# span 4 =     2.4559,     2.5013       
# span 5 =     6.4298,     6.5979       
# span 6 =     97.770,    100.019       
# span 7 =   -0.00340,    0.00306       
# span 8 =    6.57282,    6.62132       
# span 9 =    6.57843,    6.62766       
# span 10 =      8.269,      8.285      
# span 11 =     0.3181,     0.4440      
# span 12 =   11.84349,   11.92350      
# span 13 =   3.504359,   3.532865      
# span 14 = -5.142e+03, 1.0206e+05      
# span 15 =    25.9140,    26.0011      
# span 16 =    25.9139,    26.0005      
# span 17 = 1.0000e-12, 1.3397e-02      
# span 18 =      2.027,     39.295      
# span 19 =          1,          1      
# span 20 =        366,      12440      
# span 21 =    1482.31,    1483.33      
# span 22 = -1.290e-01, 4.1590e+00      
# span 23 =  52435.430,  52607.386      
# span 24 =     15.194,    518.298      
# span 25 = 1581316648, 1581317152      
# span 26 =      -0.70,       0.77      
# span 27 =     -0.777,      0.766      
# span 28 =   39.82470,   39.82545      
# span 29 =  -73.19748,  -73.19714      
# span 30 =    33.5216,    33.5997      
# span 31 =  1025.9263,  1026.1827      
# span 32 =    25.9167,    26.0038      
# span 33 =     8.3009,     8.6382      
# span 34 = 0.0000e+00, 0.0000e+00      
# interval = meters: 1                  
# start_time = Feb 10 2020 06:37:13 [System UTC, first data scan.]
# bad_flag = -9.990e-29
*END*
      2.000     8.4992    33.3652  1025.9247     2.5011     6.5973    100.019    0.00040    6.59611    6.60200 -9.990e-29     0.4155   11.88269   3.513454 2.5320e-11    25.9156    25.9155 1.0000e-12      2.028          1        366    1482.36 3.9495e+00  52437.601     15.194 1581316648       0.53     -0.176   39.82470  -73.19748    33.5234  1025.9276    25.9184     8.4990 0.0000e+00
      3.000     8.4992    33.3650  1025.9292     2.5006     6.5906     99.915   -0.00023    6.59618    6.60207      8.280     0.4370   11.88281   3.513473 2.5320e-11    25.9155    25.9154 1.0000e-12      3.022          1        415    1482.38 3.9495e+00  52438.018     17.244 1581316651       0.03      0.426   39.82470  -73.19748    33.5232  1025.9320    25.9182     8.4988 0.0000e+00
      4.000     8.4987    33.3650  1025.9339     2.4999     6.5884     99.883   -0.00027    6.59612    6.60201      8.280     0.3837   11.88270   3.513470 2.5320e-11    25.9155    25.9155 1.0000e-12      4.029          1        500    1482.39 3.9495e+00  52438.736     20.791 1581316654       0.22      0.259   39.82470  -73.19748    33.5231  1025.9366    25.9182     8.4983 0.0000e+00
      5.000     8.4991    33.3650  1025.9384     2.4997     6.5919     99.934    0.00005    6.59625    6.60214      8.281     0.3916   11.88293   3.513553 2.5320e-11    25.9155    25.9154 1.0000e-12      5.038          1        590    1482.41 3.9495e+00  52439.300     24.559 1581316658      -0.03      0.359   39.82472  -73.19748    33.5231  1025.9411    25.9182     8.4986 0.0000e+00
      6.000     8.4986    33.3645  1025.9427     2.4990     6.5890     99.888   -0.00011    6.59634    6.60223      8.281     0.3673   11.88308   3.513509 2.5320e-11    25.9152    25.9151 1.0000e-12      6.044          1        676    1482.42 3.9495e+00  52439.462     28.117 1581316661       0.12      0.257   39.82472  -73.19746    33.5227  1025.9455    25.9180     8.4980 0.0000e+00
      7.000     8.4971    33.3641  1025.9472     2.4987     6.5876     99.865   -0.00028    6.59643    6.60232      8.282     0.3905   11.88322   3.513370 2.5320e-11    25.9151    25.9150 1.0000e-12      7.059          1        776    1482.43 3.9495e+00  52439.800     32.286 1581316666       0.03      0.277   39.82472  -73.19746    33.5221  1025.9499    25.9178     8.4964 0.0000e+00
      8.000     8.4973    33.3642  1025.9518     2.4985     6.5904     99.910    0.00009    6.59638    6.60227      8.282     0.3767   11.88314   3.513447 2.5320e-11    25.9151    25.9150 1.0000e-12      8.052          1        837    1482.45 3.9495e+00  52440.560     34.814 1581316668       0.41      0.382   39.82473  -73.19746    33.5223  1025.9546    25.9179     8.4965 0.0000e+00
      9.000     8.4973    33.3639  1025.9562     2.4990     6.5959     99.991    0.00036    6.59649    6.60239      8.283     0.3667   11.88334   3.513461 2.5320e-11    25.9149    25.9148 1.0000e-12      9.067          1        942    1482.47 3.9495e+00  52440.786     39.188 1581316673       0.50      0.327   39.82474  -73.19744    33.5220  1025.9589    25.9177     8.4964 0.0000e+00
     10.000     8.4969    33.3639  1025.9609     2.4990     6.5937     99.957    0.00002    6.59652    6.60242      8.282     0.3498   11.88339   3.513477 1.0239e+04    25.9150    25.9148 1.0000e-12     10.069          1       1015    1482.48 3.5451e+00  52441.574     42.232 1581316676       0.35      0.475   39.82474  -73.19744    33.5221  1025.9636    25.9178     8.4959 0.0000e+00
     11.000     8.4966    33.3639  1025.9655     2.4987     6.5944     99.966    0.00009    6.59667    6.60257      8.282     0.3831   11.88363   3.513480 9.2292e+04    25.9151    25.9149 1.0000e-12     11.083          1       1105    1482.50 3.0437e-01  52442.266     46.016 1581316679       0.01      0.390   39.82474  -73.19744    33.5219  1025.9682    25.9178     8.4954 0.0000e+00
     12.000     8.4956    33.3635  1025.9700     2.4992     6.5979    100.018    0.00018    6.59672    6.60262      8.282     0.3655   11.88372   3.513413 9.9999e+04    25.9150    25.9148 1.0000e-12     12.092          1       1193    1482.51 1.2121e+00  52442.681     49.650 1581316683       0.02      0.292   39.82476  -73.19744    33.5216  1025.9727    25.9177     8.4944 0.0000e+00
     13.000     8.4954    33.3635  1025.9746     2.4979     6.5881     99.875   -0.00048    6.59636    6.60225      8.282     0.3571   11.88312   3.513443 3.2461e+03    25.9150    25.9148 1.0000e-12     13.102          1       1280    1482.53 3.8621e+00  52443.411     53.297 1581316687       0.01      0.258   39.82476  -73.19744    33.5217  1025.9774    25.9178     8.4941 0.0000e+00
     14.000     8.4979    33.3642  1025.9794     2.4968     6.5869     99.874   -0.00016    6.59528    6.60116      8.280     0.3924   11.88132   3.513812 2.5320e-11    25.9152    25.9150 1.0000e-12     14.108          1       1363    1482.55 3.9495e+00  52444.511     56.730 1581316690       0.24      0.289   39.82476  -73.19742    33.5228  1025.9825    25.9183     8.4964 0.0000e+00
     15.000     8.5055    33.3656  1025.9839     2.4969     6.5866     99.906   -0.00005    6.59279    6.59864      8.280     0.3715   11.87716   3.514665 2.9462e+04    25.9151    25.9149 1.0000e-12     15.121          1       1437    1482.60 2.7859e+00  52445.337     59.820 1581316693      -0.00      0.285   39.82477  -73.19742    33.5241  1025.9870    25.9182     8.5039 0.0000e+00
     16.000     8.5151    33.3677  1025.9887     2.4949     6.5746     99.728   -0.00067    6.59249    6.59834      8.279     0.3631   11.87665   3.515821 6.5919e+04    25.9153    25.9151 1.0000e-12     16.120          1       1492    1482.65 1.2620e+00  52446.846     62.139 1581316695       0.20      0.406   39.82478  -73.19742    33.5268  1025.9922    25.9189     8.5134 0.0000e+00
     17.000     8.5239    33.3705  1025.9942     2.4923     6.5658     99.629   -0.00053    6.59020    6.59601      8.279     0.3483   11.87281   3.516880 -5.019e+03    25.9162    25.9159 1.0000e-12     17.121          1       1578    1482.71 4.1541e+00  52449.446     65.726 1581316699       0.68      0.334   39.82478  -73.19742    33.5292  1025.9973    25.9194     8.5221 0.0000e+00
     18.000     8.5381    33.3748  1025.9999     2.4886     6.5459     99.345   -0.00133    6.58901    6.59481      8.279     0.4292   11.87082   3.518659 2.5320e-11    25.9174    25.9171 1.0000e-12     18.126          1       1653    1482.78 3.9495e+00  52452.941     68.831 1581316702       0.54      0.600   39.82478  -73.19742    33.5341  1026.0035    25.9210     8.5362 0.0000e+00
     19.000     8.5498    33.3778  1026.0051     2.4838     6.5250     99.090   -0.00150    6.58490    6.59065      8.279     0.3697   11.86389   3.520066 3.2127e+04    25.9181    25.9178 1.0000e-12     19.140          1       1751    1482.85 2.6806e+00  52455.280     72.932 1581316706       0.42      0.367   39.82479  -73.19740    33.5373  1026.0089    25.9219     8.5478 0.0000e+00
     20.000     8.5893    33.3989  1026.0202     2.4737     6.4709     98.329   -0.00340    6.58086    6.58657      8.275     0.3703   11.85706   3.525906 9.7337e+04    25.9285    25.9282 1.0000e-12     20.154          1       1843    1483.04 1.4661e-01  52476.800     76.746 1581316710       0.17      0.338   39.82480  -73.19740    33.5611  1026.0260    25.9344     8.5872 0.0000e+00
     21.000     8.5947    33.4009  1026.0255     2.4695     6.4811     98.494   -0.00077    6.58026    6.58596      8.274     0.3441   11.85605   3.526298 8.4717e+03    25.9293    25.9290 1.0000e-12     21.160          1       1922    1483.08 3.6513e+00  52479.068     80.043 1581316713       0.22      0.338   39.82480  -73.19740    33.5596  1026.0287    25.9324     8.5925 0.0000e+00
     22.000     8.5987    33.4030  1026.0311     2.4684     6.4740     98.473   -0.00056    6.57443    6.58006      8.274     0.3314   11.84623   3.527018 1.3573e+02    25.9303    25.9300 1.0000e-12     22.167          1       2010    1483.11 3.9464e+00  52481.798     83.697 1581316717       0.27      0.288   39.82480  -73.19739    33.5630  1026.0353    25.9345     8.5964 0.0000e+00
     23.000     8.6309    33.4178  1026.0424     2.4618     6.4408     97.992   -0.00178    6.57282    6.57843      8.274     0.3375   11.84349   3.531341 2.5320e-11    25.9370    25.9366 1.0000e-12     23.177          1       2093    1483.27 3.9495e+00  52496.110     87.183 1581316721       0.05      0.333   39.82482  -73.19738    33.5776  1026.0463    25.9409     8.6286 0.0000e+00
     24.000     8.6407    33.4248  1026.0509     2.4561     6.4298     97.770   -0.00146    6.57645    6.58211      8.271     0.3663   11.84950   3.532865 2.5320e-11    25.9410    25.9406 1.0000e-12     24.186          1       2178    1483.33 3.9495e+00  52504.443     90.696 1581316724       0.01      0.300   39.82482  -73.19738    33.5840  1026.0544    25.9445     8.6382 0.0000e+00
     25.000     8.6070    33.4222  1026.0587     2.4574     6.4600     98.145    0.00066    6.58206    6.58781      8.272     0.3486   11.85870   3.529444 9.9868e+04    25.9442    25.9438 1.0000e-12     25.195          1       2270    1483.22 3.0243e+00  52509.046     94.525 1581316728       0.03      0.224   39.82482  -73.19738    33.5794  1026.0606    25.9460     8.6044 0.0000e+00
     26.000     8.5738    33.4304  1026.0748     2.4583     6.4644     98.129    0.00005    6.58764    6.59349      8.274     0.3585   11.86782   3.527302 9.9770e+04    25.9557    25.9553 1.0000e-12     26.203          1       2351    1483.12 -1.290e-01  52528.786     97.936 1581316731       0.07      0.356   39.82482  -73.19738    33.5879  1026.0769    25.9577     8.5711 0.0000e+00
     27.000     8.5370    33.4375  1026.0906     2.4603     6.4800     98.270    0.00018    6.59407    6.60001      8.275     0.4122   11.87844   3.524529 1.5152e+03    25.9669    25.9664 1.0000e-12     27.209          1       2435    1483.01 3.8442e+00  52547.837    101.412 1581316735       0.07      0.254   39.82484  -73.19738    33.5931  1026.0912    25.9674     8.5342 0.0000e+00
     28.000     8.4585    33.4385  1026.1080     2.4652     6.5212     98.798    0.00203    6.60058    6.60661      8.277     0.3657   11.88919   3.517546 -1.465e+02    25.9796    25.9791 1.0000e-12     28.219          1       2534    1482.73 3.9600e+00  52567.750    105.536 1581316739       0.01      0.283   39.82484  -73.19738    33.5933  1026.1079    25.9795     8.4557 0.0000e+00
     29.000     8.4497    33.4381  1026.1137     2.4690     6.5287     98.869    0.00107    6.60340    6.60947      8.279     0.4440   11.89385   3.516876 2.5320e-11    25.9807    25.9802 1.0000e-12     29.224          1       2602    1482.71 3.9495e+00  52569.981    108.361 1581316742      -0.02      0.342   39.82484  -73.19738    33.5942  1026.1145    25.9815     8.4467 0.0000e+00
     30.000     8.4270    33.4380  1026.1216     2.4711     6.5321     98.878    0.00024    6.60622    6.61234      8.279     0.3907   11.89852   3.514945 3.0647e+04    25.9840    25.9836 1.0000e-12     30.234          1       2702    1482.64 2.7391e+00  52575.728    112.524 1581316746      -0.03      0.241   39.82484  -73.19737    33.5949  1026.1231    25.9855     8.4240 0.0000e+00
     31.000     8.4127    33.4376  1026.1280     2.4713     6.5408     98.917    0.00030    6.61239    6.61860 -9.990e-29     0.3687   11.90872   3.513660 8.2033e+04    25.9859    25.9854 1.0000e-12     31.244          1       2786    1482.61 6.0674e-01  52579.059    116.034 1581316749       0.27      0.306   39.82486  -73.19736    33.5944  1026.1294    25.9872     8.4096 0.0000e+00
     32.000     8.3686    33.4375  1026.1392     2.4758     6.5662     99.225    0.00076    6.61748    6.62377      8.284     0.4216   11.91713   3.509619 -5.142e+03    25.9924    25.9919 1.0000e-12     32.247          1       2870    1482.46 4.1590e+00  52589.671    119.521 1581316753       0.19      0.345   39.82486  -73.19736    33.5931  1026.1397    25.9929     8.3654 0.0000e+00
     33.000     8.3367    33.4375  1026.1487     2.4774     6.5697     99.258    0.00031    6.61881    6.62512      8.285     0.4108   11.91934   3.506857 2.5320e-11    25.9973    25.9968 1.0000e-12     33.257          1       2954    1482.35 3.9495e+00  52597.856    123.052 1581316756       0.01      0.317   39.82486  -73.19735    33.5936  1026.1495    25.9981     8.3334 0.0000e+00
     34.000     8.3219    33.4373  1026.1553     2.4796     6.5828     99.442    0.00073    6.61973    6.62605      8.285     0.3785   11.92087   3.505633 4.4675e+04    25.9993    25.9988 1.0000e-12     34.261          1       3029    1482.31 2.1851e+00  52601.598    126.146 1581316759       0.22      0.433   39.82486  -73.19734    33.5943  1026.1569    26.0009     8.3184 0.0000e+00
     35.000     8.3198    33.4370  1026.1601     2.4811     6.5823     99.438    0.00013    6.61953    6.62584      8.285     0.4244   11.92053   3.505524 1.0206e+05    25.9995    25.9989 1.0000e-12     35.279          1       3119    1482.32 -8.139e-02  52602.358    129.928 1581316763       0.77      0.226   39.82486  -73.19734    33.5946  1026.1621    26.0015     8.3163 0.0000e+00
     36.000     8.3166    33.4371  1026.1652     2.4801     6.5776     99.350   -0.00019    6.62062    6.62696      8.285     0.3701   11.92234   3.505339 6.0249e+04    26.0000    25.9995 1.0000e-12     36.259          1       3174    1482.33 1.5613e+00  52603.953    132.189 1581316766       0.66      0.766   39.82486  -73.19734    33.5953  1026.1676    26.0025     8.3130 0.0000e+00
     37.000     8.3093    33.4368  1026.1707     2.4793     6.5743     99.298   -0.00042    6.62075    6.62708 -9.990e-29     0.4280   11.92255   3.504718 -8.418e+02    26.0009    26.0003 1.0000e-12     37.278          1       3355    1482.32 3.9829e+00  52605.821    139.744 1581316773       0.29      0.453   39.82488  -73.19734    33.5952  1026.1732    26.0035     8.3056 0.0000e+00
     38.000     8.3097    33.4363  1026.1748     2.4795     6.5801     99.377   -0.00001    6.62132    6.62766 -9.990e-29     0.4014   11.92350   3.504749 1.0046e+05    26.0005    25.9999 1.0000e-12     38.293          1       3518    1482.33 -1.809e-02  52605.713    146.527 1581316780       0.10      0.420   39.82489  -73.19732    33.5947  1026.1774    26.0031     8.3058 0.0000e+00
     39.000     8.3048    33.4362  1026.1801     2.4810     6.5869     99.487    0.00022    6.62089    6.62723      8.285     0.4213   11.92280   3.504359 -2.749e+03    26.0011    26.0005 1.0000e-12     39.295          1       4583    1482.33 4.0581e+00  52607.386    190.918 1581316824      -0.23      0.171   39.82495  -73.19732    33.5947  1026.1827    26.0038     8.3009 0.0000e+00
     38.000     8.3198    33.4353  1026.1725     2.4805     6.5762     99.391   -0.00020    6.61654    6.62280      8.285     0.4401   11.91559   3.505609 -4.213e+03    25.9981    25.9976 1.0000e-12     38.298          1       5138    1482.37 4.1159e+00  52601.913    214.023 1581316847      -0.15     -0.277   39.82497  -73.19732    33.5942  1026.1755    26.0012     8.3159 0.0000e+00
     37.000     8.3370    33.4357  1026.1657     2.4793     6.5639     99.222   -0.00084    6.61535    6.62160      8.284     0.4133   11.91365   3.507316 2.5320e-11    25.9959    25.9953 1.0000e-12     37.294          1       5283    1482.42 3.9495e+00  52597.869    220.067 1581316853      -0.40     -0.583   39.82498  -73.19732    33.5963  1026.1700    26.0003     8.3333 0.0000e+00
     36.000     8.3633    33.4357  1026.1571     2.4770     6.5573     99.117   -0.00065    6.61569    6.62195      8.282     0.4092   11.91420   3.509593 2.5320e-11    25.9920    25.9914 1.0000e-12     36.281          1       5389    1482.50 3.9495e+00  52591.263    224.507 1581316858      -0.08     -0.306   39.82500  -73.19732    33.5959  1026.1611    25.9960     8.3597 0.0000e+00
