CalculateIndicators/WaterTemperature/Data/CTD_NYOS/20200209_C09.cnv
* Sea-Bird SBE 9 Data File:
* FileName = C:\Seabird 9 CTD\Data\2020\202002_offshore\20200209_C09.hex
* Software Version Seasave V 7.23.2
* Temperature SN = 4590
* Conductivity SN = 3228
* Number of Bytes Per Scan = 44
* Number of Voltage Words = 5
* Number of Scans Averaged by the Deck Unit = 1
* NMEA Latitude = 38 47.13 N
* NMEA Longitude = 072 49.02 W
* NMEA UTC (Time) = Feb 09 2020  16:16:17
* NMEA baud rate = 4800
** Ship: rv seawolf
** Station: 6.6
** Operator: eih
# nquan = 35
# nvalues = 601                         
# units = specified
# name 0 = depSM: Depth [salt water, m]
# name 1 = t090C: Temperature [ITS-90, deg C]
# name 2 = sal00: Salinity, Practical [PSU]
# name 3 = density00: Density [density, kg/m^3]
# name 4 = sbeox0V: Oxygen raw, SBE 43 [V]
# name 5 = sbeox0ML/L: Oxygen, SBE 43 [ml/l]
# name 6 = sbeox0PS: Oxygen, SBE 43 [% saturation]
# name 7 = sbox0dV/dT: Oxygen, SBE 43 [dov/dt]
# name 8 = oxsolML/L: Oxygen Saturation, Garcia & Gordon [ml/l]
# name 9 = oxsatML/L: Oxygen Saturation, Weiss [ml/l]
# name 10 = ph: pH
# name 11 = flECO-AFL: Fluorescence, WET Labs ECO-AFL/FL [mg/m^3]
# name 12 = n2satML/L: Nitrogen Saturation [ml/l]
# name 13 = c0S/m: Conductivity [S/m]
# name 14 = cpar: CPAR/Corrected Irradiance [%]
# name 15 = sigma-é00: Density [sigma-theta, kg/m^3]
# name 16 = sigma-t00: Density [sigma-t, kg/m^3 ]
# name 17 = par: PAR/Irradiance, Biospherical/Licor
# name 18 = prDM: Pressure, Digiquartz [db]
# name 19 = pumps: Pump Status
# name 20 = scan: Scan Count
# name 21 = svCM: Sound Velocity [Chen-Millero, m/s]
# name 22 = spar: SPAR, Biospherical/Licor
# name 23 = specc: Specific Conductance [uS/cm]
# name 24 = timeS: Time, Elapsed [seconds]
# name 25 = timeY: Time, System [seconds]
# name 26 = accM: Acceleration [m/s^2]
# name 27 = dz/dtM: Descent Rate [m/s]
# name 28 = latitude: Latitude [deg]
# name 29 = longitude: Longitude [deg]
# name 30 = gsw_saA0: Absolute Salinity [g/kg]
# name 31 = gsw_densityA0: density, TEOS-10 [density, kg/m^3]
# name 32 = gsw_sigma0A0: density, TEOS-10 [sigma-0, kg/m^3 ]
# name 33 = gsw_ptA0: potential temperature [ITS-90, deg C]
# name 34 = flag: flag
# span 0 =      1.000,    301.000       
# span 1 =     9.2333,    14.8509       
# span 2 =    34.2748,    35.7553       
# span 3 =  1026.2056,  1028.6247       
# span 4 =     1.4578,     2.4808       
# span 5 =     3.0655,     6.1036       
# span 6 =     49.454,     98.407       
# span 7 =   -0.01981,    0.01470       
# span 8 =    5.68308,    6.41254       
# span 9 =    5.67873,    6.41763       
# span 10 =      8.076,      8.307      
# span 11 =    -0.0607,     0.3998      
# span 12 =   10.34496,   11.55731      
# span 13 =   3.771277,   4.365002      
# span 14 = -1.799e-07, 2.7465e+01      
# span 15 =    26.2011,    27.2571      
# span 16 =    26.2010,    27.2516      
# span 17 = -3.663e-06, 5.6345e+02      
# span 18 =      1.007,    303.505      
# span 19 =          1,          1      
# span 20 =        381,      50947      
# span 21 =    1492.32,    1509.19      
# span 22 = 1.6786e+03, 2.0756e+03      
# span 23 =  53202.975,  55078.864      
# span 24 =     15.851,   2122.741      
# span 25 = 1581264996, 1581267103      
# span 26 =      -0.61,       0.58      
# span 27 =     -0.999,      1.118      
# span 28 =   38.78209,   38.78562      
# span 29 =  -72.81746,  -72.81712      
# span 30 =    34.4357,    35.9246      
# span 31 =  1026.2093,  1028.6283      
# span 32 =    26.2048,    27.2608      
# span 33 =     9.1995,    14.8320      
# span 34 = 0.0000e+00, 0.0000e+00      
# interval = meters: 1                  
# start_time = Feb 09 2020 16:16:21 [System UTC, first data scan.]
# bad_flag = -9.990e-29
*END*
[from data line 415]
    186.000    13.3693    35.6927  1027.6890     1.6088     3.3076     56.529    0.00195    5.85116    5.84883      8.156    -0.0392   10.62377   4.214420 5.2936e-14    26.8599    26.8544 1.0000e-12    187.501          1      28271    1505.34 1.9117e+03  54907.401   1177.917 1581266158       0.03     -0.351   38.78374  -72.81736    35.8676  1027.6977    26.8686    13.3429 0.0000e+00
    185.000    13.4136    35.7012  1027.6819     1.6178     3.3279     57.022    0.00253    5.83624    5.83373      8.159    -0.0426   10.59891   4.219540 5.2008e-14    26.8573    26.8519 1.0000e-12    186.488          1      28376    1505.47 1.9330e+03  54912.066   1182.277 1581266163      -0.43     -0.323   38.78374  -72.81736    35.8751  1027.6897    26.8652    13.3873 0.0000e+00
    184.000    13.5008    35.7104  1027.6662     1.6260     3.3562     57.531    0.00345    5.83372    5.83118      8.159    -0.0226   10.59478   4.229325 4.9250e-14    26.8464    26.8410 1.0000e-12    185.486          1      28428    1505.75 2.0315e+03  54911.808   1184.469 1581266165       0.09     -0.408   38.78374  -72.81736    35.8865  1027.6757    26.8560    13.4745 0.0000e+00
    183.000    13.5721    35.7126  1027.6484     1.6363     3.3758     57.966    0.00286    5.82369    5.82103      8.162    -0.0394   10.57804   4.236569 5.4398e-14    26.8333    26.8278 1.0000e-12    184.474          1      28515    1505.97 1.8527e+03  54904.059   1188.069 1581266169      -0.04     -0.282   38.78374  -72.81736    35.8887  1027.6580    26.8429    13.5458 0.0000e+00
    182.000    13.6472    35.7252  1027.6378     1.6447     3.3909     58.288    0.00208    5.81752    5.81478      8.168    -0.0378   10.56780   4.245112 4.8669e-14    26.8274    26.8219 1.0000e-12    183.467          1      28598    1506.22 2.0536e+03  54910.231   1191.559 1581266172      -0.02     -0.258   38.78372  -72.81736    35.8996  1027.6460    26.8357    13.6210 0.0000e+00
    181.000    13.6919    35.7259  1027.6244     1.6518     3.4130     58.697    0.00264    5.81456    5.81179      8.168    -0.0383   10.56285   4.249665 4.9074e-14    26.8187    26.8132 1.0000e-12    182.456          1      28670    1506.35 2.0379e+03  54904.632   1194.542 1581266175      -0.09     -0.425   38.78372  -72.81736    35.9011  1027.6332    26.8275    13.6658 0.0000e+00
    180.000    13.7354    35.7370  1027.6192     1.6600     3.4260     58.939    0.00112    5.81288    5.81009      8.174    -0.0356   10.56002   4.254795 4.9465e-14    26.8181    26.8127 1.0000e-12    181.456          1      29401    1506.49 2.0217e+03  54913.264   1224.993 1581266206       0.03     -0.410   38.78367  -72.81736    35.9093  1027.6259    26.8247    13.7093 0.0000e+00
    179.000    13.7445    35.7390  1027.6145     1.6624     3.4265     58.984    0.00063    5.80918    5.80635      8.181    -0.0343   10.55386   4.255675 4.9065e-14    26.8178    26.8124 1.0000e-12    180.440          1      30886    1506.50 2.0381e+03  54914.210   1286.857 1581266267      -0.00     -0.239   38.78357  -72.81736    35.9095  1027.6196    26.8230    13.7185 0.0000e+00
    178.000    13.7602    35.7410  1027.6081     1.6652     3.4338     59.128    0.00076    5.80731    5.80446 -9.990e-29    -0.0415   10.55075   4.257407 4.8745e-14    26.8159    26.8105 1.0000e-12    179.433          1      30880    1506.54 2.0515e+03  54914.091   1286.618 1581266267       0.03     -0.265   38.78358  -72.81736    35.9115  1027.6134    26.8212    13.7344 0.0000e+00
    177.000    13.7749    35.7432  1027.6022     1.6693     3.4474     59.403    0.00148    5.80349    5.80058 -9.990e-29    -0.0365   10.54446   4.259160 4.9024e-14    26.8146    26.8092 1.0000e-12    178.423          1      30962    1506.57 2.0398e+03  54914.582   1290.043 1581266271      -0.16     -0.376   38.78358  -72.81736    35.9148  1027.6082    26.8206    13.7492 0.0000e+00
    176.000    13.8005    35.7407  1027.5904     1.6761     3.4776     59.946    0.00335    5.80123    5.79830      8.181    -0.0386   10.54076   4.261368 4.8950e-14    26.8073    26.8019 1.0000e-12    177.416          1      31010    1506.64 2.0429e+03  54907.089   1292.026 1581266273       0.03     -0.499   38.78356  -72.81736    35.9120  1027.5962    26.8131    13.7750 0.0000e+00
    175.000    13.8232    35.7359  1027.5774     1.6847     3.4983     60.315    0.00285    5.80001    5.79706      8.183    -0.0440   10.53875   4.263097 4.8769e-14    26.7988    26.7934 1.0000e-12    176.408          1      31080    1506.69 2.0505e+03  54896.854   1294.943 1581266275      -0.02     -0.328   38.78356  -72.81737    35.9075  1027.5835    26.8049    13.7977 0.0000e+00
    174.000    13.8366    35.7357  1027.5699     1.6934     3.5199     60.723    0.00273    5.79670    5.79371      8.186    -0.0466   10.53328   4.264410 4.8770e-14    26.7958    26.7904 1.0000e-12    175.393          1      31168    1506.71 2.0505e+03  54894.190   1298.612 1581266279      -0.35     -0.362   38.78356  -72.81738    35.9077  1027.5762    26.8022    13.8113 0.0000e+00
    173.000    13.8596    35.7336  1027.5589     1.6981     3.5388     61.069    0.00374    5.79486    5.79185      8.186    -0.0406   10.53023   4.266374 4.9015e-14    26.7893    26.7840 1.0000e-12    174.395          1      31196    1506.77 2.0402e+03  54887.593   1299.801 1581266280      -0.12     -0.731   38.78356  -72.81738    35.9051  1027.5649    26.7953    13.8344 0.0000e+00
    172.000    13.8806    35.7343  1027.5505     1.7104     3.5760     61.791    0.00482    5.78729    5.78418      8.190    -0.0370   10.51773   4.268557 4.8998e-14    26.7854    26.7801 1.0000e-12    173.383          1      31260    1506.82 2.0410e+03  54885.110   1302.469 1581266283       0.13     -0.356   38.78355  -72.81738    35.9065  1027.5570    26.7919    13.8555 0.0000e+00
    171.000    13.9702    35.7309  1027.5242     1.7404     3.6706     63.464    0.00649    5.78367    5.78052      8.193    -0.0397   10.51173   4.277055 4.8633e-14    26.7638    26.7585 1.0000e-12    172.370          1      31367    1507.09 2.0562e+03  54867.734   1306.900 1581266287      -0.07     -0.189   38.78354  -72.81738    35.9031  1027.5308    26.7705    13.9452 0.0000e+00
    170.000    13.9745    35.7310  1027.5189     1.7476     3.6815     63.643    0.00481    5.78465    5.78151 -9.990e-29    -0.0341   10.51336   4.277590 4.9070e-14    26.7629    26.7576 1.0000e-12    171.366          1      31411    1507.09 2.0379e+03  54866.719   1308.767 1581266289      -0.14     -0.572   38.78354  -72.81738    35.9045  1027.5265    26.7706    13.9497 0.0000e+00
    169.000    13.9941    35.7327  1027.5115     1.7552     3.7014     63.989    0.00457    5.78448    5.78134      8.199    -0.0440   10.51305   4.279480 4.9001e-14    26.7600    26.7548 1.0000e-12    170.362          1      31508    1507.14 2.0408e+03  54865.912   1312.774 1581266293      -0.09     -0.515   38.78353  -72.81738    35.9044  1027.5177    26.7663    13.9694 0.0000e+00
    168.000    14.0080    35.7335  1027.5047     1.7640     3.7253     64.470    0.00509    5.77835    5.77513      8.200    -0.0331   10.50291   4.280916 4.9125e-14    26.7578    26.7526 1.0000e-12    169.353          1      31590    1507.17 2.0357e+03  54864.700   1316.224 1581266297       0.02     -0.644   38.78352  -72.81738    35.9054  1027.5110    26.7641    13.9834 0.0000e+00
    167.000    14.0292    35.7337  1027.4958     1.7759     3.7407     64.754    0.00233    5.77685    5.77361      8.203    -0.0361   10.50042   4.282912 4.9136e-14    26.7534    26.7482 1.0000e-12    168.338          1      31693    1507.22 2.0353e+03  54861.579   1320.484 1581266301       0.05     -0.174   38.78352  -72.81738    35.9048  1027.5015    26.7591    14.0047 0.0000e+00
    166.000    14.0410    35.7342  1027.4892     1.7827     3.7546     65.033    0.00193    5.77347    5.77019      8.203    -0.0428   10.49482   4.284122 4.8901e-14    26.7512    26.7461 1.0000e-12    167.327          1      31784    1507.24 2.0449e+03  54860.047   1324.279 1581266305      -0.39     -0.387   38.78352  -72.81738    35.9055  1027.4950    26.7571    14.0167 0.0000e+00
    165.000    14.0491    35.7342  1027.4830     1.7858     3.7631     65.198    0.00209    5.77179    5.76849      8.203    -0.0372   10.49202   4.284879 4.9249e-14    26.7495    26.7444 1.0000e-12    166.327          1      31816    1507.25 2.0305e+03  54858.453   1325.624 1581266306      -0.03     -0.709   38.78350  -72.81738    35.9055  1027.4889    26.7554    14.0248 0.0000e+00
    164.000    14.0830    35.7359  1027.4725     1.7965     3.7956     65.858    0.00334    5.76339    5.75999      8.208    -0.0252   10.47812   4.288482 4.9179e-14    26.7436    26.7384 1.0000e-12    165.314          1      31907    1507.34 2.0335e+03  54855.634   1329.409 1581266310      -0.01     -0.312   38.78350  -72.81738    35.9081  1027.4791    26.7502    14.0589 0.0000e+00
    163.000    14.1283    35.7337  1027.4566     1.8157     3.8755     67.386    0.00879    5.75111    5.74756      8.213    -0.0279   10.45779   4.292897 4.8914e-14    26.7322    26.7271 1.0000e-12    164.300          1      31989    1507.47 2.0444e+03  54846.194   1332.829 1581266313      -0.34     -0.633   38.78349  -72.81738    35.9076  1027.4645    26.7402    14.1043 0.0000e+00
    162.000    14.1792    35.7362  1027.4430     1.8333     3.9666     68.921    0.01470    5.75529    5.75180      8.216    -0.0475   10.46469   4.298570 4.9336e-14    26.7233    26.7182 1.0000e-12    163.305          1      32013    1507.62 2.0269e+03  54842.318   1333.849 1581266314      -0.09     -0.881   38.78348  -72.81738    35.9137  1027.4538    26.7340    14.1553 0.0000e+00
    161.000    14.2453    35.7355  1027.4238     1.8591     3.9997     69.585    0.00912    5.74795    5.74436      8.220    -0.0319   10.45257   4.304626 4.9258e-14    26.7086    26.7035 1.0000e-12    162.290          1      32082    1507.82 2.0302e+03  54832.335   1336.700 1581266317       0.15     -0.337   38.78348  -72.81738    35.9092  1027.4316    26.7165    14.2214 0.0000e+00
    160.000    14.2971    35.7340  1027.4068     1.8851     4.0655     70.787    0.00836    5.74329    5.73964      8.224    -0.0301   10.44485   4.309433 4.8775e-14    26.6963    26.6912 1.0000e-12    161.278          1      32159    1507.96 2.0503e+03  54822.958   1339.931 1581266320      -0.17     -0.398   38.78348  -72.81738    35.9063  1027.4136    26.7031    14.2733 0.0000e+00
    159.000    14.3080    35.7376  1027.4028     1.8969     4.0898     71.213    0.00693    5.74304    5.73939      8.225    -0.0291   10.44445   4.311019 4.9065e-14    26.6968    26.6917 1.0000e-12    160.274          1      32202    1507.99 2.0381e+03  54826.005   1341.689 1581266322       0.01     -0.554   38.78348  -72.81738    35.9115  1027.4108    26.7047    14.2843 0.0000e+00
    158.000    14.3313    35.7325  1027.3893     1.9061     4.0989     71.392    0.00440    5.74141    5.73775      8.227    -0.0292   10.44175   4.312585 4.9412e-14    26.6878    26.6827 1.0000e-12    159.264          1      32250    1508.04 2.0238e+03  54815.372   1343.721 1581266324      -0.02     -0.487   38.78348  -72.81738    35.9048  1027.3961    26.6946    14.3078 0.0000e+00
    157.000    14.3397    35.7355  1027.3854     1.9164     4.1250     71.861    0.00407    5.74026    5.73658      8.230    -0.0381   10.43983   4.313663 4.9007e-14    26.6883    26.6832 1.0000e-12    158.255          1      32311    1508.05 2.0406e+03  54817.859   1346.255 1581266327       0.08     -0.375   38.78347  -72.81738    35.9074  1027.3918    26.6948    14.3164 0.0000e+00
    156.000    14.3525    35.7348  1027.3776     1.9268     4.1519     72.346    0.00387    5.73891    5.73522 -9.990e-29    -0.0211   10.43762   4.314803 4.8854e-14    26.6850    26.6800 1.0000e-12    157.247          1      32374    1508.08 2.0469e+03  54814.790   1348.889 1581266329      -0.07     -0.424   38.78346  -72.81738    35.9066  1027.3839    26.6913    14.3293 0.0000e+00
    155.000    14.3628    35.7344  1027.3705     1.9331     4.1639     72.565    0.00304    5.73823    5.73452 -9.990e-29    -0.0278   10.43648   4.315692 4.9104e-14    26.6824    26.6774 1.0000e-12    156.237          1      32424    1508.09 2.0365e+03  54812.247   1350.965 1581266332      -0.07     -0.478   38.78346  -72.81738    35.9058  1027.3766    26.6885    14.3397 0.0000e+00
    154.000    14.3694    35.7347  1027.3649     1.9370     4.1653     72.600    0.00165    5.73733    5.73361 -9.990e-29    -0.0282   10.43497   4.316290 4.9163e-14    26.6812    26.6763 1.0000e-12    155.231          1      32481    1508.10 2.0341e+03  54811.311   1353.341 1581266334       0.10     -0.391   38.78346  -72.81738    35.9056  1027.3706    26.6869    14.3464 0.0000e+00
    153.000    14.3763    35.7355  1027.3596     1.9409     4.1745     72.776    0.00160    5.73601    5.73228      8.234    -0.0368   10.43277   4.317065 4.8912e-14    26.6803    26.6754 1.0000e-12    154.222          1      32543    1508.10 2.0445e+03  54811.014   1355.905 1581266336      -0.23     -0.445   38.78345  -72.81738    35.9068  1027.3656    26.6863    14.3535 0.0000e+00
    152.000    14.3890    35.7371  1027.3536     1.9416     4.1667     72.661    0.00028    5.73441    5.73066      8.234    -0.0252   10.43011   4.318419 4.9011e-14    26.6788    26.6739 1.0000e-12    153.214          1      32601    1508.13 2.0404e+03  54810.963   1358.332 1581266339       0.09     -0.386   38.78344  -72.81738    35.9081  1027.3593    26.6845    14.3663 0.0000e+00
    151.000    14.4025    35.7392  1027.3478     1.9393     4.1503     72.398   -0.00093    5.73261    5.72884 -9.990e-29    -0.0234   10.42710   4.319962 4.9093e-14    26.6775    26.6726 1.0000e-12    152.203          1      32674    1508.16 2.0369e+03  54811.573   1361.370 1581266342      -0.26     -0.349   38.78344  -72.81738    35.9104  1027.3536    26.6834    14.3799 0.0000e+00
    150.000    14.4144    35.7408  1027.3419     1.9352     4.1297     72.086   -0.00179    5.72879    5.72498 -9.990e-29    -0.0351   10.42077   4.321247 4.9045e-14    26.6761    26.6712 1.0000e-12    151.197          1      32725    1508.18 2.0390e+03  54811.642   1363.496 1581266344       0.09     -0.457   38.78344  -72.81738    35.9117  1027.3476    26.6818    14.3920 0.0000e+00
    149.000    14.4454    35.7422  1027.3318     1.9271     4.0922     71.464   -0.00371    5.72615    5.72230 -9.990e-29    -0.0341   10.41636   4.324573 4.8962e-14    26.6704    26.6656 1.0000e-12    150.188          1      32784    1508.27 2.0424e+03  54809.132   1365.947 1581266346      -0.06     -0.429   38.78344  -72.81738    35.9143  1027.3383    26.6770    14.4232 0.0000e+00
    148.000    14.4696    35.7446  1027.3238     1.9232     4.0915     71.487   -0.00157    5.72340    5.71952 -9.990e-29    -0.0355   10.41183   4.327214 4.9117e-14    26.6670    26.6622 1.0000e-12    149.182          1      32843    1508.33 2.0360e+03  54808.738   1368.435 1581266349       0.07     -0.388   38.78344  -72.81738    35.9168  1027.3305    26.6737    14.4475 0.0000e+00
    147.000    14.5044    35.7433  1027.3107     1.9282     4.1312     72.213    0.00302    5.72085    5.71694      8.235    -0.0333   10.40763   4.330390 4.8892e-14    26.6585    26.6537 1.0000e-12    148.164          1      32936    1508.42 2.0453e+03  54801.985   1372.277 1581266353      -0.20     -0.193   38.78343  -72.81738    35.9144  1027.3166    26.6644    14.4824 0.0000e+00
