CalculateIndicators/WaterTemperature/Data/CTD_NYOS/20201029_C39.cnv
* Sea-Bird SBE 9 Data File:
* FileName = C:\Seabird 9 CTD\Data\2020\202010_offshore\20201029_C39.hex
* Software Version Seasave V 7.23.2
* Temperature SN = 4590
* Conductivity SN = 3228
* Number of Bytes Per Scan = 44
* Number of Voltage Words = 5
* Number of Scans Averaged by the Deck Unit = 1
* NMEA Latitude = 40 23.55 N
* NMEA Longitude = 071 40.84 W
* NMEA UTC (Time) = Oct 29 2020  10:39:08
* NMEA baud rate = 4800
** Ship: seawolf
** Station: 1.3
** Operator: sjw
# nquan = 31
# nvalues = 147                         
# units = specified
# name 0 = depSM: Depth [salt water, m]
# name 1 = t090C: Temperature [ITS-90, deg C]
# name 2 = sal00: Salinity, Practical [PSU]
# name 3 = density00: Density [density, kg/m^3]
# name 4 = sbeox0V: Oxygen raw, SBE 43 [V]
# name 5 = sbeox0ML/L: Oxygen, SBE 43 [ml/l]
# name 6 = sbeox0PS: Oxygen, SBE 43 [% saturation]
# name 7 = sbox0dV/dT: Oxygen, SBE 43 [dov/dt]
# name 8 = oxsolML/L: Oxygen Saturation, Garcia & Gordon [ml/l]
# name 9 = oxsatML/L: Oxygen Saturation, Weiss [ml/l]
# name 10 = ph: pH
# name 11 = flECO-AFL: Fluorescence, WET Labs ECO-AFL/FL [mg/m^3]
# name 12 = n2satML/L: Nitrogen Saturation [ml/l]
# name 13 = c0S/m: Conductivity [S/m]
# name 14 = cpar: CPAR/Corrected Irradiance [%]
# name 15 = sigma-é00: Density [sigma-theta, kg/m^3]
# name 16 = sigma-t00: Density [sigma-t, kg/m^3 ]
# name 17 = par: PAR/Irradiance, Biospherical/Licor
# name 18 = prDM: Pressure, Digiquartz [db]
# name 19 = pumps: Pump Status
# name 20 = scan: Scan Count
# name 21 = svCM: Sound Velocity [Chen-Millero, m/s]
# name 22 = spar: SPAR, Biospherical/Licor
# name 23 = specc: Specific Conductance [uS/cm]
# name 24 = timeS: Time, Elapsed [seconds]
# name 25 = timeY: Time, System [seconds]
# name 26 = accM: Acceleration [m/s^2]
# name 27 = dz/dtM: Descent Rate [m/s]
# name 28 = latitude: Latitude [deg]
# name 29 = longitude: Longitude [deg]
# name 30 = flag: flag
# span 0 =      1.973,     74.421       
# span 1 =    12.9569,    19.0841       
# span 2 =    33.6893,    34.5977       
# span 3 =  1024.4815,  1026.1896       
# span 4 =     1.7789,     2.4423       
# span 5 =     3.7584,     5.1907       
# span 6 =     63.718,     95.003       
# span 7 =   -0.03371,    0.03217       
# span 8 =    5.27630,    5.97794       
# span 9 =    5.26724,    5.97582       
# span 10 =      8.380,      8.526      
# span 11 =    -0.0302,     0.6266      
# span 12 =    9.68254,   10.85533      
# span 13 =   3.964198,   4.652937      
# span 14 = -3.184e+04, 1.1779e+05      
# span 15 =    24.4716,    25.8569      
# span 16 =    24.4715,    25.8548      
# span 17 = -6.370e-04, 3.7467e-02      
# span 18 =      2.000,     75.000      
# span 19 =          1,          1      
# span 20 =        342,      15945      
# span 21 =    1499.67,    1519.27      
# span 22 = -6.970e-01, 5.2072e+00      
# span 23 =  51753.247,  53079.484      
# span 24 =     14.219,    664.326      
# span 25 = 1603967963, 1603968614      
# span 26 =      -0.62,       0.67      
# span 27 =     -0.886,      0.988      
# span 28 =   40.39266,   40.39348      
# span 29 =  -71.68203,  -71.68078      
# span 30 = 0.0000e+00, 0.0000e+00      
# interval = decibars: 1                
# start_time = Oct 29 2020 10:39:09 [System UTC, first data scan.]
# bad_flag = -9.990e-29
*END*
[from data line 94]
     53.578    16.3375    34.0722  1025.1954     2.1684     4.5832     83.391    0.01873    5.49606    5.48884      8.424    -0.0248   10.05141   4.328443 -6.395e+02    24.9587    24.9567 1.0000e-12     54.000          1       8396    1510.65 3.9759e+00  52263.745    349.789 1603968299      -0.45     -0.560   40.39306  -71.68139 0.0000e+00
     52.581    16.8396    34.1559  1025.1379     2.1881     4.5892     83.912    0.01216    5.46917    5.46172      8.426     0.0037   10.00622   4.385545 2.4423e+04    24.9060    24.9040 1.0000e-12     53.000          1       8445    1512.26 2.9849e+00  52333.503    351.844 1603968301       0.03     -0.567   40.39306  -71.68140 0.0000e+00
     51.600    17.2145    34.2419  1025.1107     2.2315     4.5873     86.032    0.01596    5.33219    5.32357      8.423     0.0387    9.77649   4.430437 1.0422e+05    24.8836    24.8815 1.0000e-12     52.000          1       8537    1513.47 -1.666e-01  52418.964    355.676 1603968305      -0.38     -0.326   40.39307  -71.68140 0.0000e+00
     50.596    17.5825    34.3143  1025.0728     2.2775     4.7211     89.126    0.03217    5.29728    5.28837      8.422     0.0273    9.71818   4.479987 9.9999e+04    24.8504    24.8483 1.0000e-12     51.000          1       8565    1514.63 0.0000e+00  52487.976    356.848 1603968306      -0.15     -0.732   40.39308  -71.68140 0.0000e+00
     49.608    18.7213    34.4997  1024.9283     2.3546     4.9011     92.791    0.03123    5.28181    5.27279      8.443     0.1054    9.69199   4.612616 9.9999e+04    24.7113    24.7091 1.0000e-12     50.000          1       8624    1518.14 0.0000e+00  52659.216    359.283 1603968309       0.15     -0.399   40.39308  -71.68142 0.0000e+00
     48.619    19.0494    34.5674  1024.8927     2.4004     4.9509     93.794    0.00952    5.27847    5.26942      8.456     0.1615    9.68629   4.649788 9.9999e+04    24.6803    24.6780 1.0000e-12     49.000          1       8700    1519.14 0.0000e+00  52728.885    362.450 1603968312      -0.02     -0.320   40.39308  -71.68142 0.0000e+00
     47.623    19.0383    34.5743  1024.8963     2.3997     4.9212     93.227    0.00007    5.27876    5.26972      8.447     0.1756    9.68680   4.648829 9.9999e+04    24.6882    24.6860 1.0000e-12     48.000          1       8745    1519.10 0.0000e+00  52738.524    364.340 1603968314      -0.21     -0.538   40.39308  -71.68142 0.0000e+00
     46.632    19.0678    34.5785  1024.8876     2.4006     4.9246     93.282    0.00040    5.27923    5.27019      8.438     0.1714    9.68760   4.651273 9.9999e+04    24.6839    24.6817 1.0000e-12     47.000          1       8797    1519.17 0.0000e+00  52741.826    366.507 1603968316       0.12     -0.462   40.39308  -71.68142 0.0000e+00
     45.640    19.0552    34.5752  1024.8839     2.4033     4.9323     93.432    0.00098    5.27902    5.26998      8.432     0.1723    9.68727   4.648754 9.9999e+04    24.6845    24.6824 1.0000e-12     46.000          1       8864    1519.11 0.0000e+00  52737.647    369.278 1603968319      -0.01     -0.372   40.39308  -71.68143 0.0000e+00
     44.650    19.0566    34.5723  1024.8770     2.4049     4.9342     93.472    0.00052    5.27877    5.26973      8.426     0.1977    9.68688   4.648049 9.9999e+04    24.6819    24.6799 1.0000e-12     45.000          1       8928    1519.10 0.0000e+00  52733.171    371.954 1603968321      -0.04     -0.372   40.39308  -71.68144 0.0000e+00
     43.658    19.0637    34.5724  1024.8709     2.4039     4.9375     93.370   -0.00031    5.28807    5.27909 -9.990e-29     0.2084    9.70268   4.648355 9.9999e+04    24.6801    24.6781 1.0000e-12     44.000          1       8987    1519.10 0.0000e+00  52732.342    374.416 1603968324       0.04     -0.397   40.39309  -71.68144 0.0000e+00
     42.662    19.0118    34.5535  1024.8653     2.4073     4.9578     93.647    0.00161    5.29417    5.28523      8.422     0.2161    9.71315   4.640080 9.9999e+04    24.6788    24.6769 1.0000e-12     43.000          1       9037    1518.92 0.0000e+00  52709.465    376.515 1603968326      -0.09     -0.499   40.39310  -71.68146 0.0000e+00
     41.672    18.9179    34.4973  1024.8419     2.4161     4.9841     94.087    0.00193    5.29735    5.28843      8.424     0.2814    9.71857   4.623937 9.9999e+04    24.6597    24.6578 1.0000e-12     42.000          1       9131    1518.57 0.0000e+00  52638.447    380.405 1603968330       0.07     -0.216   40.39310  -71.68146 0.0000e+00
     40.678    18.8966    34.4868  1024.8349     2.4173     4.9806     94.016   -0.00023    5.29764    5.28872      8.428     0.2927    9.71907   4.620569 9.9999e+04    24.6571    24.6552 1.0000e-12     41.000          1       9220    1518.48 0.0000e+00  52625.047    384.111 1603968333      -0.14     -0.363   40.39310  -71.68146 0.0000e+00
     39.680    18.8506    34.4674  1024.8274     2.4211     5.0077     94.190   -0.00058    5.31657    5.30778      8.420     0.2975    9.75139   4.613209 3.5968e+03    24.6538    24.6520 1.0000e-12     40.000          1      10437    1518.31 3.7772e+00  52601.106    434.850 1603968384      -0.01     -0.526   40.39316  -71.68158 0.0000e+00
     38.703    18.5841    34.3261  1024.7823     2.4238     5.0482     94.403    0.00075    5.34746    5.33888      8.420     0.3252    9.80405   4.568817 1.1779e+05    24.6128    24.6111 1.0000e-12     39.000          1      10872    1517.37 -6.970e-01  52425.611    452.947 1603968402      -0.14     -0.093   40.39318  -71.68160 0.0000e+00
     37.700    18.5158    34.2941  1024.7705     2.4214     5.0372     94.185   -0.00110    5.34820    5.33962      8.429     0.3395    9.80534   4.558882 3.8789e+04    24.6053    24.6037 1.0000e-12     38.000          1      10882    1517.12 2.0276e+00  52386.182    453.366 1603968403      -0.14     -0.482   40.39318  -71.68161 0.0000e+00
     36.709    18.4480    34.2561  1024.7540     2.4183     5.0333     94.014   -0.00116    5.35384    5.34531      8.429     0.3372    9.81491   4.547833 8.3252e+04    24.5931    24.5915 1.0000e-12     37.000          1      10984    1516.86 3.5063e-01  52338.336    457.629 1603968407      -0.41     -0.551   40.39319  -71.68162 0.0000e+00
     35.717    18.4231    34.2441  1024.7466     2.4152     5.0257     93.846   -0.00139    5.35530    5.34678      8.428     0.3303    9.81741   4.543993 9.8706e+04    24.5901    24.5886 1.0000e-12     36.000          1      11041    1516.76 3.2405e-01  52323.185    460.014 1603968409       0.08     -0.467   40.39319  -71.68162 0.0000e+00
     34.730    18.3919    34.2301  1024.7393     2.4116     5.0246     93.670   -0.00115    5.36413    5.35567      8.426     0.3129    9.83241   4.539293 -9.990e-29    24.5871    24.5856 1.0000e-12     35.000          1      11150    1516.64 3.1700e+00  52305.738    464.549 1603968414      -0.29     -0.337   40.39320  -71.68162 0.0000e+00
     33.733    18.3514    34.2135  1024.7323     2.4084     5.0158     93.474   -0.00183    5.36596    5.35752      8.428     0.3128    9.83553   4.533139 9.9999e+04    24.5845    24.5830 1.0000e-12     34.000          1      11192    1516.48 3.0061e+00  52285.341    466.296 1603968416       0.02     -0.551   40.39320  -71.68164 0.0000e+00
     32.746    18.3020    34.1907  1024.7229     2.4071     5.0184     93.489   -0.00027    5.36789    5.35946      8.431     0.2964    9.83882   4.525775 9.9999e+04    24.5793    24.5779 1.0000e-12     33.000          1      11269    1516.30 -3.801e-01  52257.326    469.499 1603968419       0.05     -0.237   40.39320  -71.68164 0.0000e+00
     31.750    18.2904    34.1851  1024.7170     2.4057     5.0160     93.398   -0.00055    5.37061    5.36220      8.441     0.3063    9.84343   4.524043 9.9999e+04    24.5777    24.5764 1.0000e-12     32.000          1      11337    1516.24 0.0000e+00  52249.878    472.327 1603968422      -0.13     -0.382   40.39321  -71.68164 0.0000e+00
     30.764    18.2755    34.1782  1024.7110     2.4044     5.0192     93.308   -0.00092    5.37926    5.37091      8.451     0.2945    9.85814   4.521633 9.9999e+04    24.5761    24.5748 1.0000e-12     31.000          1      11408    1516.17 0.0000e+00  52241.059    475.311 1603968425      -0.62     -0.392   40.39322  -71.68164 0.0000e+00
     29.764    18.2362    34.1600  1024.7024     2.4041     5.0225     93.321   -0.00030    5.38198    5.37365      8.448     0.3127    9.86273   4.515329 9.9999e+04    24.5719    24.5706 1.0000e-12     30.000          1      11449    1516.02 0.0000e+00  52218.390    476.994 1603968426       0.09     -0.550   40.39322  -71.68166 0.0000e+00
     28.774    18.1680    34.1351  1024.6958     2.4042     5.0290     93.324   -0.00020    5.38880    5.38052      8.440     0.3220    9.87434   4.505758 9.9999e+04    24.5696    24.5684 1.0000e-12     29.000          1      11520    1515.78 0.0000e+00  52188.718    479.974 1603968429      -0.06     -0.340   40.39322  -71.68166 0.0000e+00
     27.789    18.1275    34.1158  1024.6868     2.4011     5.0317     93.106   -0.00139    5.40430    5.39614      8.432     0.3181    9.90075   4.499309 9.9999e+04    24.5648    24.5636 1.0000e-12     28.000          1      11583    1515.62 0.0000e+00  52164.838    482.573 1603968432      -0.10     -0.366   40.39322  -71.68166 0.0000e+00
     26.787    18.0695    34.0860  1024.6738     2.3987     5.0307     92.990   -0.00150    5.40997    5.40184      8.437     0.3261    9.91037   4.489570 9.9999e+04    24.5562    24.5551 1.0000e-12     27.000          1      11616    1515.40 0.0000e+00  52127.804    483.978 1603968433      -0.13     -0.661   40.39322  -71.68167 0.0000e+00
     25.795    17.9104    34.0123  1024.6520     2.3985     5.0527     93.083    0.00025    5.42817    5.42018      8.430     0.3816    9.94143   4.465517 9.9999e+04    24.5387    24.5376 1.0000e-12     26.000          1      11701    1514.84 0.0000e+00  52038.096    487.506 1603968437      -0.13     -0.353   40.39323  -71.68168 0.0000e+00
     24.803    17.7992    33.9610  1024.6355     2.4025     5.0728     93.384    0.00196    5.43211    5.42415      8.430     0.3689    9.94813   4.448133 9.9999e+04    24.5265    24.5254 1.0000e-12     25.000          1      11767    1514.43 0.0000e+00  51975.659    490.266 1603968440      -0.01     -0.518   40.39324  -71.68168 0.0000e+00
     23.804    17.6725    33.8814  1024.6008     2.4128     5.1071     93.859    0.00159    5.44127    5.43338      8.464     0.4951    9.96377   4.427224 5.1567e+04    24.4961    24.4952 1.0000e-12     24.000          1      12878    1513.95 1.9128e+00  51875.731    536.527 1603968486      -0.10     -0.593   40.39330  -71.68179 0.0000e+00
     22.824    17.6087    33.8509  1024.5885     2.4176     5.1282     94.080    0.00168    5.45084    5.44301      8.475     0.5477    9.98012   4.417634 7.6538e+04    24.4881    24.4872 1.0000e-12     23.000          1      13328    1513.71 3.9511e-01  51838.176    555.312 1603968505       0.05     -0.276   40.39332  -71.68182 0.0000e+00
     21.829    17.6031    33.8471  1024.5826     2.4211     5.1370     94.229    0.00155    5.45168    5.44386      8.476     0.5652    9.98153   4.416678 2.9092e+04    24.4866    24.4857 1.0000e-12     22.000          1      13350    1513.67 1.4002e+00  51833.046    556.222 1603968505      -0.27     -0.550   40.39334  -71.68184 0.0000e+00
     20.834    17.5881    33.8381  1024.5749     2.4248     5.1505     94.450    0.00230    5.45313    5.44532      8.475     0.5844    9.98399   4.414122 1.7520e+03    24.4832    24.4824 1.0000e-12     21.000          1      13392    1513.60 1.9401e+00  51821.247    557.971 1603968507       0.10     -0.588   40.39334  -71.68184 0.0000e+00
     19.847    17.5752    33.8348  1024.5711     2.4240     5.1441     94.222   -0.00081    5.45952    5.45176      8.484     0.5693    9.99485   4.412392 -9.990e-29    24.4837    24.4829 1.0000e-12     20.000          1      13459    1513.55 -9.990e-29  51817.297    560.742 1603968510       0.02     -0.320   40.39334  -71.68184 0.0000e+00
     18.851    17.5256    33.8126  1024.5616     2.4291     5.1689     94.660    0.00254    5.46055    5.45280      8.482     0.6266    9.99660   4.404857 -9.990e-29    24.4787    24.4779 1.0000e-12     19.000          1      13516    1513.36 -9.990e-29  51790.141    563.117 1603968512      -0.04     -0.445   40.39334  -71.68184 0.0000e+00
     17.861    17.5086    33.8057  1024.5560     2.4310     5.1664     94.612    0.00043    5.46057    5.45282      8.484     0.5997    9.99664   4.402551 4.3721e+04    24.4774    24.4767 1.0000e-12     18.000          1      13588    1513.28 1.1113e+00  51781.502    566.130 1603968515       0.06     -0.301   40.39335  -71.68186 0.0000e+00
     16.872    17.5096    33.8041  1024.5502     2.4325     5.1706     94.684    0.00065    5.46087    5.45313      8.484     0.5725    9.99716   4.402504 2.1678e+04    24.4759    24.4752 1.0000e-12     17.000          1      13656    1513.27 1.5466e+00  51778.752    568.940 1603968518      -0.20     -0.395   40.39336  -71.68186 0.0000e+00
     15.873    17.5078    33.8033  1024.5455     2.4327     5.1699     94.672    0.00031    5.46086    5.45312      8.489     0.6168    9.99715   4.402202 2.0394e+04    24.4757    24.4750 1.0000e-12     16.000          1      13713    1513.24 1.5720e+00  51777.252    571.320 1603968520      -0.08     -0.465   40.39336  -71.68186 0.0000e+00
     14.881    17.5076    33.8033  1024.5412     2.4340     5.1761     94.785    0.00139    5.46089    5.45314      8.489     0.5947    9.99719   4.402208 4.7520e+04    24.4757    24.4751 1.0000e-12     15.000          1      13802    1513.23 1.0363e+00  51776.793    575.042 1603968524      -0.26     -0.496   40.39336  -71.68186 0.0000e+00
     13.892    17.5055    33.8028  1024.5369     2.4332     5.1661     94.597   -0.00035    5.46115    5.45340      8.503     0.5975    9.99763   4.401890 5.6104e+04    24.4757    24.4752 1.0000e-12     14.000          1      13877    1513.20 8.6679e-01  51775.693    578.148 1603968527       0.08     -0.301   40.39337  -71.68188 0.0000e+00
     12.900    17.5036    33.8023  1024.5325     2.4336     5.1711     94.692    0.00060    5.46100    5.45326 -9.990e-29     0.6189    9.99739   4.401628 9.6625e+04    24.4757    24.4752 1.0000e-12     13.000          1      13966    1513.18 6.6631e-02  51774.648    581.884 1603968531      -0.14     -0.345   40.39338  -71.68188 0.0000e+00
     11.906    17.5051    33.8022  1024.5277     2.4341     5.1705     94.679    0.00009    5.46107    5.45333      8.510     0.6190    9.99751   4.401729 4.4535e+04    24.4753    24.4748 1.0000e-12     12.000          1      14035    1513.17 1.0953e+00  51773.941    584.759 1603968534       0.05     -0.320   40.39338  -71.68189 0.0000e+00
     10.917    17.5043    33.8018  1024.5232     2.4337     5.1692     94.645    0.00004    5.46174    5.45400      8.514     0.5878    9.99863   4.401563 9.7899e+03    24.4751    24.4747 1.0000e-12     11.000          1      14130    1513.15 1.7814e+00  51772.923    588.699 1603968538      -0.11     -0.251   40.39338  -71.68190 0.0000e+00
      9.916    17.4998    33.8003  1024.5187     2.4358     5.1755     94.760    0.00036    5.46171    5.45397      8.493     0.6063    9.99859   4.400892 -6.622e+02    24.4751    24.4746 1.0000e-12     10.000          1      14798    1513.12 4.0032e+00  51770.720    616.562 1603968566      -0.09     -0.403   40.39342  -71.68195 0.0000e+00
      8.929    17.4978    33.7994  1024.5141     2.4383     5.1796     94.838    0.00001    5.46146    5.45372      8.483     0.5988    9.99817   4.400573 2.6981e-11    24.4748    24.4745 1.0000e-12      9.000          1      15519    1513.09 3.9489e+00  51769.199    646.598 1603968596      -0.12     -0.509   40.39346  -71.68200 0.0000e+00
