CalculateIndicators/WaterTemperature/Data/CTD_NYOS/20201028_C29.cnv
* Sea-Bird SBE 9 Data File:
* FileName = C:\Seabird 9 CTD\Data\2020\202010_offshore\20201028_C29.hex
* Software Version Seasave V 7.23.2
* Temperature SN = 4590
* Conductivity SN = 3228
* Number of Bytes Per Scan = 44
* Number of Voltage Words = 5
* Number of Scans Averaged by the Deck Unit = 1
* NMEA Latitude = 40 06.39 N
* NMEA Longitude = 072 15.75 W
* NMEA UTC (Time) = Oct 28 2020  03:30:07
* NMEA baud rate = 4800
** Ship: seawolf
** Station: 3.3
** Operator: EIH
# nquan = 31
# nvalues = 127                         
# units = specified
# name 0 = depSM: Depth [salt water, m]
# name 1 = t090C: Temperature [ITS-90, deg C]
# name 2 = sal00: Salinity, Practical [PSU]
# name 3 = density00: Density [density, kg/m^3]
# name 4 = sbeox0V: Oxygen raw, SBE 43 [V]
# name 5 = sbeox0ML/L: Oxygen, SBE 43 [ml/l]
# name 6 = sbeox0PS: Oxygen, SBE 43 [% saturation]
# name 7 = sbox0dV/dT: Oxygen, SBE 43 [dov/dt]
# name 8 = oxsolML/L: Oxygen Saturation, Garcia & Gordon [ml/l]
# name 9 = oxsatML/L: Oxygen Saturation, Weiss [ml/l]
# name 10 = ph: pH
# name 11 = flECO-AFL: Fluorescence, WET Labs ECO-AFL/FL [mg/m^3]
# name 12 = n2satML/L: Nitrogen Saturation [ml/l]
# name 13 = c0S/m: Conductivity [S/m]
# name 14 = cpar: CPAR/Corrected Irradiance [%]
# name 15 = sigma-é00: Density [sigma-theta, kg/m^3]
# name 16 = sigma-t00: Density [sigma-t, kg/m^3 ]
# name 17 = par: PAR/Irradiance, Biospherical/Licor
# name 18 = prDM: Pressure, Digiquartz [db]
# name 19 = pumps: Pump Status
# name 20 = scan: Scan Count
# name 21 = svCM: Sound Velocity [Chen-Millero, m/s]
# name 22 = spar: SPAR, Biospherical/Licor
# name 23 = specc: Specific Conductance [uS/cm]
# name 24 = timeS: Time, Elapsed [seconds]
# name 25 = timeY: Time, System [seconds]
# name 26 = accM: Acceleration [m/s^2]
# name 27 = dz/dtM: Descent Rate [m/s]
# name 28 = latitude: Latitude [deg]
# name 29 = longitude: Longitude [deg]
# name 30 = flag: flag
# span 0 =      1.974,     64.505       
# span 1 =    13.7115,    18.9915       
# span 2 =    33.3908,    34.4889       
# span 3 =  1024.1669,  1025.5582       
# span 4 =     1.6728,     2.4439       
# span 5 =     3.4379,     5.1941       
# span 6 =     58.391,     95.286       
# span 7 =   -0.07467,    0.08160       
# span 8 =    5.28855,    5.88775       
# span 9 =    5.27956,    5.88453       
# span 10 =      8.284,      8.793      
# span 11 =     0.0329,     0.5418      
# span 12 =    9.70396,   10.70612      
# span 13 =   4.030811,   4.630638      
# span 14 = -2.471e+04, 1.0576e+05      
# span 15 =    24.1582,    25.2698      
# span 16 =    24.1581,    25.2679      
# span 17 = -1.643e-03, 5.0889e-03      
# span 18 =      2.000,     65.000      
# span 19 =          1,          1      
# span 20 =        -75,      14462      
# span 21 =    1501.91,    1518.60      
# span 22 = -3.732e-01, 5.2007e+00      
# span 23 =  51205.675,  52617.382      
# span 24 =     -3.147,    602.550      
# span 25 = 1603855804, 1603856410      
# span 26 =      -0.51,       0.57      
# span 27 =     -1.296,      0.853      
# span 28 =   40.10575,   40.10653      
# span 29 =  -72.26260,  -72.26128      
# span 30 = 0.0000e+00, 0.0000e+00      
# interval = decibars: 1                
# start_time = Oct 28 2020 03:30:08 [System UTC, first data scan.]
# bad_flag = -9.990e-29
*END*
[from data line 47]
     48.610    13.7597    33.6986  1025.4499     1.6930     3.4892     59.295   -0.00021    5.88450    5.88122      8.356     0.0442   10.70097   4.032518 2.5320e-11    25.2326    25.2312 1.0000e-12     49.000          1       2921    1501.97 3.9495e+00  52025.676    121.649 1603855929       0.53      0.266   40.10635  -72.26234 0.0000e+00
     49.616    13.7538    33.7040  1025.4598     1.6926     3.4865     59.248   -0.00062    5.88466    5.88139      8.360     0.0727   10.70124   4.032659 2.5320e-11    25.2380    25.2366 1.0000e-12     50.000          1       2944    1501.98 3.9495e+00  52034.399    122.631 1603855930       0.27      0.808   40.10634  -72.26234 0.0000e+00
     50.605    13.7482    33.7073  1025.4679     1.6914     3.4839     59.200   -0.00057    5.88488    5.88161      8.364     0.0617   10.70160   4.032691 6.7095e+04    25.2417    25.2403 1.0000e-12     51.000          1       2993    1501.98 1.2775e+00  52040.233    124.661 1603855932      -0.18      0.530   40.10634  -72.26234 0.0000e+00
     51.591    13.7447    33.7085  1025.4740     1.6894     3.4783     59.105   -0.00072    5.88502    5.88175      8.358     0.0605   10.70179   4.032720 4.6371e+04    25.2434    25.2419 1.0000e-12     52.000          1       3062    1501.99 1.9225e+00  52042.823    127.553 1603855935       0.25      0.335   40.10634  -72.26232 0.0000e+00
     52.589    13.7424    33.7101  1025.4802     1.6898     3.4833     59.189    0.00013    5.88497    5.88171      8.359     0.0615   10.70172   4.032812 1.4777e+03    25.2451    25.2436 1.0000e-12     53.000          1       3100    1502.00 3.8853e+00  52045.917    129.133 1603855937       0.03      0.610   40.10634  -72.26232 0.0000e+00
     53.578    13.7426    33.7113  1025.4855     1.6907     3.4875     59.262    0.00039    5.88485    5.88157      8.361     0.0626   10.70150   4.033078 2.5320e-11    25.2461    25.2445 1.0000e-12     54.000          1       3157    1502.01 3.9495e+00  52048.131    131.497 1603855939      -0.10      0.404   40.10634  -72.26232 0.0000e+00
     54.566    13.7427    33.7111  1025.4898     1.6912     3.4879     59.271    0.00007    5.88467    5.88140 -9.990e-29     0.0439   10.70121   4.033172 2.5320e-11    25.2459    25.2443 1.0000e-12     55.000          1       3209    1502.03 3.9495e+00  52048.367    133.685 1603855941       0.22      0.463   40.10634  -72.26232 0.0000e+00
     55.569    13.7444    33.7118  1025.4945     1.6926     3.4955     59.400    0.00093    5.88467    5.88140      8.361     0.0535   10.70122   4.033500 4.4715e+04    25.2462    25.2445 1.0000e-12     56.000          1       3240    1502.05 2.1283e+00  52049.764    134.950 1603855943       0.12      0.739   40.10633  -72.26231 0.0000e+00
     56.553    13.7451    33.7119  1025.4989     1.6938     3.4983     59.443    0.00050    5.88501    5.88174      8.360     0.0454   10.70174   4.033657 1.0576e+05    25.2461    25.2445 1.0000e-12     57.000          1       3316    1502.07 1.6194e+00  52050.374    138.122 1603855946      -0.01      0.260   40.10632  -72.26230 0.0000e+00
     57.545    13.7440    33.7131  1025.5045     1.6936     3.4953     59.386   -0.00029    5.88574    5.88249      8.354     0.0549   10.70292   4.033738 -9.990e-29    25.2472    25.2456 1.0000e-12     58.000          1       3371    1502.09 3.9992e+00  52052.636    140.430 1603855948       0.10      0.524   40.10632  -72.26230 0.0000e+00
     58.536    13.7387    33.7164  1025.5126     1.6919     3.4874     59.250   -0.00115    5.88586    5.88261      8.347     0.0729   10.70312   4.033623 2.5320e-11    25.2510    25.2493 1.0000e-12     59.000          1       3406    1502.09 3.9495e+00  52058.528    141.883 1603855950       0.14      0.644   40.10632  -72.26230 0.0000e+00
     59.537    13.7347    33.7175  1025.5188     1.6896     3.4800     59.124   -0.00133    5.88600    5.88275      8.347     0.0634   10.70335   4.033424 7.3746e+03    25.2527    25.2510 1.0000e-12     60.000          1       3445    1502.10 3.6582e+00  52061.163    143.492 1603855951      -0.06      0.671   40.10632  -72.26230 0.0000e+00
     60.519    13.7308    33.7179  1025.5243     1.6843     3.4638     58.841   -0.00180    5.88677    5.88353      8.344     0.0687   10.70458   4.033144 1.0355e+05    25.2538    25.2520 1.0000e-12     61.000          1       3537    1502.10 -1.404e-01  52062.643    147.324 1603855955       0.57      0.291   40.10632  -72.26228 0.0000e+00
     61.518    13.7280    33.7194  1025.5305     1.6825     3.4610     58.787   -0.00140    5.88742    5.88419      8.345     0.0763   10.70560   4.033091 2.5653e+04    25.2555    25.2538 1.0000e-12     62.000          1       3574    1502.11 2.8028e+00  52065.656    148.883 1603855957      -0.10      0.601   40.10632  -72.26228 0.0000e+00
     62.506    13.7184    33.7268  1025.5427     1.6801     3.4575     58.724   -0.00072    5.88764    5.88442      8.347     0.0808   10.70592   4.033115 4.7277e+04    25.2633    25.2615 1.0000e-12     63.000          1       3647    1502.10 2.0787e+00  52077.755    151.916 1603855960       0.01      0.283   40.10630  -72.26226 0.0000e+00
     63.504    13.7141    33.7314  1025.5516     1.6779     3.4523     58.636   -0.00046    5.88764    5.88441 -9.990e-29     0.0701   10.70591   4.033187 3.2315e+04    25.2678    25.2659 1.0000e-12     64.000          1       3832    1502.11 2.3821e+00  52085.209    159.616 1603855967       0.08      0.386   40.10629  -72.26225 0.0000e+00
     64.505    13.7115    33.7333  1025.5582     1.6728     3.4379     58.391   -0.00030    5.88775    5.88453 -9.990e-29     0.0748   10.70612   4.033229 -2.471e+04    25.2698    25.2679 1.0000e-12     65.000          1       5111    1502.12 5.2007e+00  52088.774    212.903 1603856021      -0.41      0.242   40.10621  -72.26213 0.0000e+00
     63.498    13.7135    33.7316  1025.5518     1.6756     3.4486     58.573    0.00028    5.88773    5.88451      8.337     0.0776   10.70608   4.033163 2.5320e-11    25.2680    25.2661 1.0000e-12     64.000          1       4613    1502.11 3.9495e+00  52085.455    192.186 1603856000      -0.27     -0.310   40.10624  -72.26218 0.0000e+00
     62.503    13.7143    33.7303  1025.5462     1.6763     3.4505     58.608    0.00044    5.88744    5.88421      8.334     0.0704   10.70564   4.033064 2.5320e-11    25.2669    25.2650 1.0000e-12     63.000          1       5013    1502.09 3.9495e+00  52083.106    208.850 1603856016      -0.04     -0.465   40.10622  -72.26215 0.0000e+00
     61.517    13.7186    33.7256  1025.5373     1.6791     3.4595     58.768    0.00090    5.88669    5.88345      8.337     0.0665   10.70448   4.032931 2.5690e-11    25.2623    25.2605 1.0000e-12     62.000          1       5181    1502.08 3.9495e+00  52075.456    215.813 1603856023      -0.02     -0.263   40.10622  -72.26214 0.0000e+00
     60.524    13.7271    33.7180  1025.5252     1.6806     3.4604     58.789    0.00034    5.88612    5.88287      8.307     0.0580   10.70358   4.032888 2.5321e-11    25.2546    25.2529 1.0000e-12     61.000          1       5250    1502.09 3.9495e+00  52063.269    218.698 1603856026      -0.42     -0.469   40.10622  -72.26212 0.0000e+00
     59.526    13.7300    33.7162  1025.5187     1.6832     3.4723     58.993    0.00135    5.88603    5.88278      8.320     0.0638   10.70343   4.032926 2.5320e-11    25.2526    25.2509 1.0000e-12     60.000          1       5290    1502.08 3.9495e+00  52059.831    220.395 1603856028       0.05     -0.605   40.10621  -72.26212 0.0000e+00
     58.547    13.7334    33.7151  1025.5127     1.6868     3.4789     59.113    0.00088    5.88516    5.88189      8.331     0.0469   10.70202   4.033091 2.5320e-11    25.2510    25.2493 1.0000e-12     59.000          1       5390    1502.07 3.9495e+00  52057.337    224.539 1603856032      -0.40     -0.191   40.10620  -72.26212 0.0000e+00
     57.544    13.7366    33.7142  1025.5069     1.6883     3.4844     59.208    0.00117    5.88494    5.88167      8.333     0.0422   10.70168   4.033256 2.5320e-11    25.2497    25.2480 1.0000e-12     58.000          1       5419    1502.06 3.9495e+00  52055.150    225.752 1603856033      -0.10     -0.681   40.10620  -72.26210 0.0000e+00
     56.555    13.7421    33.7113  1025.4990     1.6911     3.4909     59.321    0.00090    5.88480    5.88152 -9.990e-29     0.0582   10.70145   4.033414 2.5545e-11    25.2462    25.2446 1.0000e-12     57.000          1       5486    1502.06 3.9495e+00  52049.849    228.553 1603856036       0.06     -0.339   40.10620  -72.26210 0.0000e+00
     55.560    13.7449    33.7089  1025.4922     1.6928     3.4937     59.369    0.00056    5.88477    5.88149 -9.990e-29     0.0600   10.70141   4.033381 2.5736e-11    25.2438    25.2422 1.0000e-12     56.000          1       5558    1502.05 3.9495e+00  52045.706    231.529 1603856039      -0.05     -0.449   40.10620  -72.26210 0.0000e+00
     54.574    13.7457    33.7074  1025.4864     1.6925     3.4889     59.285   -0.00028    5.88489    5.88162 -9.990e-29     0.0657   10.70164   4.033244 2.5284e-11    25.2425    25.2409 1.0000e-12     55.000          1       5629    1502.03 3.9495e+00  52042.959    234.491 1603856042      -0.02     -0.303   40.10620  -72.26209 0.0000e+00
     53.579    13.7455    33.7071  1025.4817     1.6929     3.4923     59.342    0.00029    5.88512    5.88185 -9.990e-29     0.0557   10.70203   4.033136 2.5992e-11    25.2422    25.2407 1.0000e-12     54.000          1       5673    1502.02 3.9495e+00  52041.935    236.329 1603856044      -0.13     -0.540   40.10620  -72.26208 0.0000e+00
     52.587    13.7438    33.7059  1025.4767     1.6901     3.4792     59.119   -0.00079    5.88504    5.88177      8.329     0.0589   10.70192   4.032786 2.5304e-11    25.2417    25.2401 1.0000e-12     53.000          1       5742    1501.99 3.9495e+00  52040.021    239.194 1603856047       0.02     -0.325   40.10618  -72.26208 0.0000e+00
     51.591    13.7434    33.7044  1025.4712     1.6891     3.4784     59.108   -0.00016    5.88475    5.88147      8.335     0.0461   10.70145   4.032558 2.5320e-11    25.2405    25.2390 1.0000e-12     52.000          1       5807    1501.97 3.9495e+00  52037.408    241.923 1603856050      -0.10     -0.500   40.10618  -72.26208 0.0000e+00
     50.610    13.7476    33.7016  1025.4637     1.6898     3.4824     59.179    0.00050    5.88445    5.88117      8.317     0.0329   10.70099   4.032627 5.4543e+03    25.2375    25.2360 1.0000e-12     51.000          1       5863    1501.97 3.7341e+00  52032.474    244.233 1603856052      -0.04     -0.388   40.10618  -72.26206 0.0000e+00
     49.608    13.7490    33.7006  1025.4581     1.6915     3.4882     59.281    0.00081    5.88423    5.88095      8.319     0.0525   10.70064   4.032596 6.8915e+04    25.2364    25.2349 1.0000e-12     50.000          1       5908    1501.96 1.1103e+00  52030.317    246.111 1603856054       0.05     -0.480   40.10618  -72.26206 0.0000e+00
     48.619    13.7532    33.6979  1025.4508     1.6932     3.4896     59.307    0.00019    5.88386    5.88057      8.297     0.0677   10.70005   4.032667 4.6443e+03    25.2334    25.2320 1.0000e-12     49.000          1       5985    1501.95 3.7581e+00  52025.522    249.322 1603856057      -0.06     -0.294   40.10618  -72.26206 0.0000e+00
     47.635    13.7559    33.6962  1025.4444     1.6927     3.4856     59.242   -0.00023    5.88371    5.88041      8.284     0.0615   10.69988   4.032699 2.8352e-11    25.2314    25.2301 1.0000e-12     48.000          1       6046    1501.94 3.9495e+00  52022.143    251.856 1603856060      -0.50     -0.353   40.10617  -72.26206 0.0000e+00
     46.628    13.7584    33.6935  1025.4373     1.6913     3.4792     59.134   -0.00076    5.88360    5.88030      8.295     0.0451   10.69970   4.032589 2.5764e-11    25.2289    25.2275 1.0000e-12     47.000          1       6077    1501.93 3.9495e+00  52017.625    253.166 1603856061       0.03     -0.693   40.10616  -72.26206 0.0000e+00
     45.646    13.7629    33.6862  1025.4263     1.6898     3.4759     59.094   -0.00018    5.88202    5.87868      8.304     0.0498   10.69734   4.032206 4.7602e+04    25.2223    25.2210 1.0000e-12     46.000          1       6163    1501.93 2.0694e+00  52006.405    256.737 1603856064       0.04     -0.171   40.10616  -72.26206 0.0000e+00
     44.649    13.7694    33.6784  1025.4145     1.6893     3.4717     59.052   -0.00028    5.87907    5.87569      8.320     0.0581   10.69277   4.031886 9.9613e+04    25.2149    25.2136 1.0000e-12     45.000          1       6219    1501.91 1.5235e-02  51994.359    259.086 1603856067      -0.43     -0.469   40.10616  -72.26204 0.0000e+00
     43.656    13.8055    33.6416  1025.3741     1.6913     3.4778     59.227    0.00095    5.87201    5.86854      8.315     0.0506   10.68100   4.031514 9.9999e+04    25.1790    25.1777 1.0000e-12     44.000          1       6272    1501.97 7.6631e-01  51938.193    261.300 1603856069       0.14     -0.447   40.10616  -72.26204 0.0000e+00
     42.663    13.8986    33.6455  1025.3533     1.7116     3.5469     60.462    0.00456    5.86629    5.86276      8.327     0.0633   10.67145   4.040902 2.4740e+04    25.1627    25.1615 1.0000e-12     43.000          1       6378    1502.26 2.9868e+00  51931.469    265.696 1603856073      -0.16     -0.271   40.10616  -72.26204 0.0000e+00
     41.678    13.9217    33.6494  1025.3472     1.7203     3.5577     60.663    0.00151    5.86476    5.86122      8.324     0.0632   10.66890   4.043205 -2.197e+03    25.1610    25.1598 1.0000e-12     42.000          1       6459    1502.33 4.0363e+00  51933.547    269.076 1603856077      -0.07     -0.339   40.10615  -72.26204 0.0000e+00
     40.678    13.9353    33.6490  1025.3395     1.7246     3.5679     60.860    0.00139    5.86245    5.85888      8.340     0.0713   10.66508   4.044417 6.5932e+04    25.1578    25.1566 1.0000e-12     41.000          1       6549    1502.36 1.3455e+00  51930.662    272.832 1603856080      -0.07     -0.268   40.10614  -72.26202 0.0000e+00
     39.688    13.9667    33.6483  1025.3280     1.7289     3.5758     61.016    0.00070    5.86042    5.85682      8.356     0.0686   10.66171   4.047253 4.4846e+03    25.1507    25.1495 1.0000e-12     40.000          1       6737    1502.44 3.6881e+00  51925.322    280.667 1603856088      -0.04     -0.212   40.10614  -72.26200 0.0000e+00
     38.681    14.0852    33.6644  1025.3111     1.7563     3.6958     63.266    0.01394    5.84220    5.83841      8.354     0.0731   10.63127   4.061235 6.7265e+04    25.1384    25.1373 1.0000e-12     39.000          1       8477    1502.83 1.6774e+00  51932.472    353.158 1603856161       0.00     -0.894   40.10605  -72.26187 0.0000e+00
     37.692    14.3681    33.7130  1025.2845     1.7972     3.8208     66.229    0.02953    5.76918    5.76460      8.387     0.0748   10.50931   4.096340 1.9928e+03    25.1164    25.1152 1.0000e-12     38.000          1       8486    1503.78 3.8818e+00  51966.171    353.558 1603856161      -0.12     -1.296   40.10604  -72.26186 0.0000e+00
     36.701    14.8132    33.7763  1025.2330     1.9262     4.1723     73.873    0.05416    5.65565    5.64994      8.416     0.1350   10.31931   4.145870 2.5320e-11    25.0696    25.0685 1.0000e-12     37.000          1       8590    1505.26 3.9495e+00  52001.467    357.856 1603856165      -0.09     -0.979   40.10604  -72.26186 0.0000e+00
     35.718    15.8321    33.9148  1025.1101     2.0541     4.5267     81.603    0.08160    5.54727    5.54048      8.438     0.1408   10.13802   4.264861 2.5320e-11    24.9519    24.9507 1.0000e-12     36.000          1       8664    1508.61 3.9495e+00  52087.583    360.973 1603856169      -0.41     -1.095   40.10604  -72.26184 0.0000e+00
