CalculateIndicators/WaterTemperature/Data/CTD_NYOS/20201028_C35.cnv
* Sea-Bird SBE 9 Data File:
* FileName = C:\Seabird 9 CTD\Data\2020\202010_offshore\20201028_C35.hex
* Software Version Seasave V 7.23.2
* Temperature SN = 4590
* Conductivity SN = 3228
* Number of Bytes Per Scan = 44
* Number of Voltage Words = 5
* Number of Scans Averaged by the Deck Unit = 1
* NMEA Latitude = 39 59.09 N
* NMEA Longitude = 071 52.10 W
* NMEA UTC (Time) = Oct 28 2020  22:11:04
* NMEA baud rate = 4800
** Ship: seawolf
** Station: 2.4
** Operator: sjw
# nquan = 31
# nvalues = 176                         
# units = specified
# name 0 = depSM: Depth [salt water, m]
# name 1 = t090C: Temperature [ITS-90, deg C]
# name 2 = sal00: Salinity, Practical [PSU]
# name 3 = density00: Density [density, kg/m^3]
# name 4 = sbeox0V: Oxygen raw, SBE 43 [V]
# name 5 = sbeox0ML/L: Oxygen, SBE 43 [ml/l]
# name 6 = sbeox0PS: Oxygen, SBE 43 [% saturation]
# name 7 = sbox0dV/dT: Oxygen, SBE 43 [dov/dt]
# name 8 = oxsolML/L: Oxygen Saturation, Garcia & Gordon [ml/l]
# name 9 = oxsatML/L: Oxygen Saturation, Weiss [ml/l]
# name 10 = ph: pH
# name 11 = flECO-AFL: Fluorescence, WET Labs ECO-AFL/FL [mg/m^3]
# name 12 = n2satML/L: Nitrogen Saturation [ml/l]
# name 13 = c0S/m: Conductivity [S/m]
# name 14 = cpar: CPAR/Corrected Irradiance [%]
# name 15 = sigma-é00: Density [sigma-theta, kg/m^3]
# name 16 = sigma-t00: Density [sigma-t, kg/m^3 ]
# name 17 = par: PAR/Irradiance, Biospherical/Licor
# name 18 = prDM: Pressure, Digiquartz [db]
# name 19 = pumps: Pump Status
# name 20 = scan: Scan Count
# name 21 = svCM: Sound Velocity [Chen-Millero, m/s]
# name 22 = spar: SPAR, Biospherical/Licor
# name 23 = specc: Specific Conductance [uS/cm]
# name 24 = timeS: Time, Elapsed [seconds]
# name 25 = timeY: Time, System [seconds]
# name 26 = accM: Acceleration [m/s^2]
# name 27 = dz/dtM: Descent Rate [m/s]
# name 28 = latitude: Latitude [deg]
# name 29 = longitude: Longitude [deg]
# name 30 = flag: flag
# span 0 =      1.954,     89.306       
# span 1 =    14.2910,    19.4656       
# span 2 =    34.3004,    34.9494       
# span 3 =  1024.5705,  1026.4260       
# span 4 =     1.8943,     2.4547       
# span 5 =     3.9949,     5.0507       
# span 6 =     69.332,     95.471       
# span 7 =   -0.02624,    0.01968       
# span 8 =    5.23717,    5.77990       
# span 9 =    5.22780,    5.77609       
# span 10 =      8.304,      8.528      
# span 11 =    -0.0346,     0.4992      
# span 12 =    9.61754,   10.51579      
# span 13 =   4.201007,   4.690278      
# span 14 = -2.161e+04, 1.0960e+05      
# span 15 =    24.5553,    26.0291      
# span 16 =    24.5548,    26.0262      
# span 17 = -2.269e-04, 1.5235e-02      
# span 18 =      2.000,     90.000      
# span 19 =          1,          1      
# span 20 =        168,      17549      
# span 21 =    1505.63,    1520.54      
# span 22 = -3.652e-01, 4.6223e+00      
# span 23 =  52445.401,  53670.066      
# span 24 =      6.950,    731.157      
# span 25 = 1603923072, 1603923796      
# span 26 =      -1.43,       1.11      
# span 27 =     -1.298,      1.605      
# span 28 =   39.98473,   39.98486      
# span 29 =  -71.86828,  -71.86385      
# span 30 = 0.0000e+00, 0.0000e+00      
# interval = decibars: 1                
# start_time = Oct 28 2020 22:11:05 [System UTC, first data scan.]
# bad_flag = -9.990e-29
*END*
[from data line 94]
     82.343    15.9070    34.8609  1026.0283     2.0406     4.2825     76.970    0.00918    5.56388    5.55773      8.450    -0.0072   10.15619   4.374620 2.5345e-11    25.6643    25.6614 1.0000e-12     83.000          1       6993    1510.72 3.9495e+00  53401.530    291.353 1603923356      -0.08     -0.564   39.98482  -71.86656 0.0000e+00
     81.367    16.2483    34.9494  1026.0138     2.0527     4.2707     77.046    0.00192    5.54306    5.53667      8.413    -0.0281   10.12210   4.415486 9.7551e+04    25.6547    25.6517 1.0000e-12     82.000          1       7084    1511.86 9.6671e-02  53488.027    295.145 1603923360      -0.09     -0.127   39.98482  -71.86655 0.0000e+00
     80.358    16.2662    34.9113  1025.9758     2.0594     4.3047     77.605    0.00534    5.54691    5.54056      8.417    -0.0174   10.12840   4.413006 9.9390e+04    25.6211    25.6182 1.0000e-12     81.000          1       7111    1511.85 2.4045e-02  53433.421    296.260 1603923361      -0.43     -0.719   39.98482  -71.86654 0.0000e+00
     79.368    16.3895    34.8918  1025.9277     2.0664     4.3155     77.780    0.00292    5.54842    5.54207      8.413    -0.0333   10.13141   4.422566 9.9999e+04    25.5776    25.5746 1.0000e-12     80.000          1       7188    1512.19 1.7432e+00  53394.756    299.466 1603923364      -0.30     -0.622   39.98482  -71.86653 0.0000e+00
     78.377    16.3984    34.8748  1025.9082     2.0700     4.3222     77.869    0.00173    5.55061    5.54426      8.409    -0.0208   10.13535   4.420066 -9.990e-29    25.5624    25.5595 1.0000e-12     79.000          1       7241    1512.18 3.5946e+00  53369.940    301.651 1603923367      -0.54     -0.899   39.98482  -71.86651 0.0000e+00
     77.378    16.3539    34.8371  1025.8852     2.0727     4.3235     77.959    0.00119    5.54591    5.53949      8.409    -0.0266   10.12786   4.411096 2.9215e-11    25.5437    25.5408 1.0000e-12     78.000          1       7294    1511.98 3.8357e+00  53322.292    303.886 1603923369      -0.08     -0.825   39.98482  -71.86649 0.0000e+00
     76.394    16.3289    34.8038  1025.8611     2.0828     4.3498     78.617    0.00438    5.53293    5.52635      8.412    -0.0180   10.10704   4.404325 2.5906e-11    25.5239    25.5211 1.0000e-12     77.000          1       7384    1511.85 3.9480e+00  53278.689    307.631 1603923373      -0.35     -0.588   39.98482  -71.86648 0.0000e+00
     75.402    16.4520    34.7353  1025.7753     2.0933     4.3832     79.231    0.00598    5.53219    5.52559      8.415    -0.0237   10.10590   4.409800 3.9056e+04    25.4426    25.4398 1.0000e-12     76.000          1       7428    1512.13 2.3748e+00  53172.834    309.468 1603923374       0.15     -0.574   39.98482  -71.86647 0.0000e+00
     74.416    16.5646    34.7206  1025.7333     2.1010     4.3828     79.293    0.00137    5.52736    5.52070      8.429    -0.0184   10.09803   4.418922 1.0840e+05    25.4051    25.4023 1.0000e-12     75.000          1       7510    1512.44 -3.271e-01  53141.702    312.887 1603923378      -0.29     -0.179   39.98482  -71.86644 0.0000e+00
     73.409    16.5916    34.7188  1025.7211     2.1034     4.3918     79.418    0.00148    5.52999    5.52335      8.429    -0.0061   10.10262   4.420876 6.9405e+04    25.3974    25.3946 1.0000e-12     74.000          1       7551    1512.50 8.0553e-01  53136.380    314.581 1603923380      -0.50     -0.701   39.98482  -71.86644 0.0000e+00
     72.430    16.5617    34.6497  1025.6707     2.1109     4.4296     79.866    0.00300    5.54629    5.53965      8.430    -0.0260   10.13316   4.409216 -8.325e+03    25.3512    25.3485 1.0000e-12     73.000          1       7643    1512.32 4.3302e+00  53044.322    318.400 1603923383      -0.09     -0.305   39.98482  -71.86640 0.0000e+00
     71.438    16.4457    34.4529  1025.5422     2.1359     4.4965     81.680    0.01351    5.50512    5.49804      8.432     0.0022   10.06538   4.373686 2.8434e-11    25.2269    25.2242 1.0000e-12     72.000          1       7690    1511.72 3.8886e+00  52784.775    320.373 1603923385      -0.19     -0.589   39.98482  -71.86640 0.0000e+00
     70.438    16.5436    34.3135  1025.4079     2.1631     4.5724     83.357    0.01968    5.48535    5.47808      8.436     0.0070   10.03244   4.370640 4.4341e+04    25.0971    25.0944 1.0000e-12     71.000          1       7722    1511.84 2.1458e+00  52584.629    321.718 1603923387      -0.01     -0.736   39.98480  -71.86638 0.0000e+00
     69.453    17.1094    34.3170  1025.2725     2.2033     4.6084     84.823    0.01288    5.43309    5.42534      8.444     0.0076    9.94507   4.428051 1.0115e+05    24.9667    24.9640 1.0000e-12     70.000          1       7793    1513.54 7.0702e-01  52539.870    324.682 1603923390       0.12     -0.316   39.98481  -71.86637 0.0000e+00
     68.481    17.5381    34.3681  1025.2044     2.2457     4.6578     86.962    0.01631    5.35596    5.34755      8.448     0.0345    9.81596   4.477589 -9.990e-29    24.9034    24.9006 1.0000e-12     69.000          1       7868    1514.86 4.0605e+00  52574.280    327.787 1603923393      -0.37     -0.241   39.98482  -71.86634 0.0000e+00
     67.468    17.7592    34.4002  1025.1706     2.2585     4.7041     87.675    0.01757    5.36538    5.35705      8.448     0.0114    9.83171   4.502880 -9.990e-29    24.8743    24.8715 1.0000e-12     68.000          1       7883    1515.53 3.9489e+00  52600.339    328.434 1603923393      -0.81     -0.810   39.98482  -71.86634 0.0000e+00
     66.458    17.9575    34.4280  1025.1387     2.2672     4.7204     87.982    0.01554    5.36516    5.35683      8.449     0.0336    9.83131   4.526303 2.6804e-11    24.8471    24.8443 1.0000e-12     67.000          1       7903    1516.13 3.7389e+00  52622.595    329.246 1603923394      -0.22     -1.234   39.98482  -71.86634 0.0000e+00
     65.480    18.3351    34.4933  1025.0908     2.2902     4.7072     88.548    0.00741    5.31604    5.30731      8.446     0.0281    9.74905   4.570721 8.6036e+04    24.8040    24.8011 1.0000e-12     66.000          1       7992    1517.28 5.6206e-01  52684.196    332.940 1603923398      -0.23     -0.449   39.98482  -71.86632 0.0000e+00
     64.494    18.5856    34.5313  1025.0528     2.3067     4.7395     89.373    0.00814    5.30305    5.29421      8.446     0.0306    9.72734   4.599660 1.0053e+05    24.7705    24.7677 1.0000e-12     65.000          1       8044    1518.04 -2.105e-02  52718.122    335.131 1603923400       0.05     -0.552   39.98482  -71.86631 0.0000e+00
     63.496    18.7979    34.5568  1025.0142     2.3186     4.7549     89.808    0.00586    5.29468    5.28578      8.446     0.0386    9.71335   4.623261 9.9999e+04    24.7365    24.7337 1.0000e-12     64.000          1       8108    1518.66 0.0000e+00  52738.145    337.810 1603923403      -0.14     -0.512   39.98482  -71.86629 0.0000e+00
     62.503    19.0147    34.5714  1024.9658     2.3493     4.8195     91.746    0.01511    5.25308    5.24384      8.447     0.0520    9.64399   4.646163 9.9999e+04    24.6927    24.6898 1.0000e-12     63.000          1       8214    1519.28 0.0000e+00  52743.554    342.208 1603923407      -0.67     -0.714   39.98482  -71.86626 0.0000e+00
     61.506    19.2712    34.5934  1024.9124     2.3638     4.8393     92.206    0.01091    5.24838    5.23909      8.448     0.1025    9.63633   4.675588 9.9999e+04    24.6439    24.6410 1.0000e-12     62.000          1       8296    1520.01 0.0000e+00  52757.023    345.642 1603923411      -0.16     -0.729   39.98482  -71.86624 0.0000e+00
     60.516    19.4446    34.5790  1024.8522     2.3869     4.8952     93.430    0.01307    5.23943    5.23006 -9.990e-29     0.1637    9.62157   4.688825 9.9999e+04    24.5882    24.5854 1.0000e-12     61.000          1       8386    1520.47 0.0000e+00  52726.351    349.389 1603923414      -0.13     -0.723   39.98480  -71.86622 0.0000e+00
     59.516    19.4653    34.5615  1024.8291     2.4059     4.9155     93.818    0.00331    5.23935    5.22998 -9.990e-29     0.2269    9.62143   4.687105 3.9509e+04    24.5695    24.5667 1.0000e-12     60.000          1       9255    1520.49 1.9955e+00  52700.852    385.583 1603923451      -0.17     -0.590   39.98479  -71.86601 0.0000e+00
     58.532    19.4254    34.5395  1024.8183     2.4175     4.9523     94.418    0.00424    5.24503    5.23570 -9.990e-29     0.3100    9.63121   4.680299 5.5837e+03    24.5630    24.5602 1.0000e-12     59.000          1       9628    1520.34 3.6899e+00  52672.842    401.140 1603923466       0.10     -0.612   39.98478  -71.86592 0.0000e+00
     57.556    19.4046    34.5283  1024.8109     2.4241     4.9586     94.494    0.00032    5.24750    5.23818      8.450     0.3208    9.63542   4.676951 2.6777e-11    24.5597    24.5570 1.0000e-12     58.000          1       9799    1520.25 3.9495e+00  52658.409    408.247 1603923473      -0.46     -0.147   39.98478  -71.86588 0.0000e+00
     56.551    19.4027    34.5276  1024.8064     2.4237     4.9577     94.473    0.00036    5.24773    5.23841      8.452     0.3380    9.63581   4.676573 2.5353e-11    24.5596    24.5570 1.0000e-12     57.000          1       9826    1520.23 3.9495e+00  52657.028    409.370 1603923474      -0.25     -0.785   39.98478  -71.86586 0.0000e+00
     55.558    19.3970    34.5253  1024.8017     2.4251     4.9624     94.559    0.00069    5.24790    5.23859      8.452     0.3485    9.63610   4.675710 3.5652e+03    24.5593    24.5567 1.0000e-12     56.000          1       9867    1520.19 3.8087e+00  52653.728    411.077 1603923476       0.13     -0.664   39.98478  -71.86586 0.0000e+00
     54.576    19.3875    34.5215  1024.7969     2.4279     4.9707     94.707    0.00129    5.24846    5.23914      8.452     0.3628    9.63704   4.674276 1.0142e+05    24.5588    24.5562 1.0000e-12     55.000          1       9973    1520.14 -5.601e-02  52648.645    415.500 1603923480      -0.62     -0.387   39.98478  -71.86582 0.0000e+00
     53.574    19.3876    34.5217  1024.7927     2.4271     4.9656     94.596    0.00006    5.24924    5.23993      8.452     0.3534    9.63837   4.674307 9.9999e+04    24.5589    24.5564 1.0000e-12     54.000          1      10005    1520.13 7.5278e-01  52648.454    416.827 1603923482       0.04     -0.719   39.98478  -71.86582 0.0000e+00
     52.585    19.3824    34.5198  1024.7882     2.4281     4.9692     94.669    0.00048    5.24906    5.23975      8.453     0.3837    9.63807   4.673468 -9.990e-29    24.5587    24.5562 1.0000e-12     53.000          1      10060    1520.10 3.8052e+00  52645.609    419.131 1603923484      -0.04     -0.407   39.98478  -71.86580 0.0000e+00
     51.605    19.3777    34.5180  1024.7837     2.4303     4.9742     94.720    0.00017    5.25142    5.24213 -9.990e-29     0.3910    9.64207   4.672758 -9.990e-29    24.5585    24.5561 1.0000e-12     52.000          1      10171    1520.06 3.3407e+00  52643.045    423.741 1603923489      -1.05     -0.492   39.98478  -71.86578 0.0000e+00
     50.595    19.3745    34.5168  1024.7792     2.4310     4.9771     94.776    0.00042    5.25142    5.24213 -9.990e-29     0.4027    9.64207   4.672198 -9.990e-29    24.5583    24.5560 1.0000e-12     51.000          1      10184    1520.04 3.8169e+00  52641.132    424.290 1603923489      -0.73     -1.143   39.98478  -71.86578 0.0000e+00
     49.594    19.3643    34.5127  1024.7742     2.4317     4.9801     94.832    0.00083    5.25153    5.24223      8.443     0.4081    9.64225   4.670627 9.9999e+04    24.5578    24.5555 1.0000e-12     50.000          1      10221    1519.99 4.1422e-01  52635.578    425.841 1603923491       0.05     -1.184   39.98478  -71.86576 0.0000e+00
     48.612    19.3592    34.5106  1024.7696     2.4349     4.9875     94.964    0.00105    5.25201    5.24272      8.443     0.4205    9.64307   4.669883 9.9999e+04    24.5574    24.5552 1.0000e-12     49.000          1      10325    1519.95 8.2254e-03  52632.537    430.182 1603923495      -0.62     -0.872   39.98478  -71.86574 0.0000e+00
     47.618    19.3577    34.5102  1024.7654     2.4342     4.9822     94.861   -0.00034    5.25205    5.24277      8.443     0.4278    9.64315   4.669678 2.5592e+04    24.5575    24.5553 1.0000e-12     48.000          1      10358    1519.93 2.5907e+00  52631.700    431.545 1603923497       0.18     -0.924   39.98478  -71.86573 0.0000e+00
     46.643    19.3514    34.5079  1024.7609     2.4379     4.9957     95.135    0.00180    5.25117    5.24188      8.443     0.4152    9.64165   4.668645 -3.907e+03    24.5573    24.5551 1.0000e-12     47.000          1      10463    1519.89 4.2030e+00  52628.351    435.913 1603923501      -0.52     -0.224   39.98478  -71.86569 0.0000e+00
     45.640    19.3454    34.5062  1024.7567     2.4371     4.9876     94.988   -0.00005    5.25074    5.24144 -9.990e-29     0.3998    9.64092   4.667896 2.8298e-11    24.5575    24.5554 1.0000e-12     46.000          1      10496    1519.86 3.8334e+00  52625.906    437.290 1603923502      -0.73     -0.959   39.98478  -71.86570 0.0000e+00
     44.633    19.3552    34.5100  1024.7527     2.4352     4.9790     94.800   -0.00179    5.25209    5.24280      8.445     0.4071    9.64320   4.669402 4.7151e+04    24.5579    24.5558 1.0000e-12     45.000          1      10539    1519.87 1.8981e+00  52630.027    439.082 1603923504      -0.15     -1.060   39.98478  -71.86567 0.0000e+00
     43.646    19.3570    34.5108  1024.7484     2.4372     4.9933     95.058    0.00140    5.25295    5.24367      8.447     0.4172    9.64466   4.669550 9.7311e+04    24.5579    24.5559 1.0000e-12     44.000          1      10631    1519.86 9.6205e-02  52630.503    442.897 1603923508      -0.58     -0.842   39.98478  -71.86564 0.0000e+00
     42.661    19.3495    34.5077  1024.7437     2.4376     4.9891     94.959   -0.00044    5.25395    5.24467      8.447     0.4177    9.64635   4.668321 9.9999e+04    24.5575    24.5555 1.0000e-12     43.000          1      10696    1519.82 0.0000e+00  52626.386    445.640 1603923511      -0.59     -0.603   39.98478  -71.86563 0.0000e+00
     41.655    19.3448    34.5060  1024.7392     2.4375     4.9919     94.995    0.00022    5.25495    5.24568      8.448     0.4398    9.64804   4.667629 9.9999e+04    24.5573    24.5554 1.0000e-12     42.000          1      10736    1519.79 0.0000e+00  52623.752    447.304 1603923512      -1.05     -0.966   39.98478  -71.86562 0.0000e+00
     40.672    19.3201    34.4983  1024.7353     2.4384     4.9947     94.990   -0.00051    5.25815    5.24891      8.438     0.4489    9.65345   4.664084 7.2597e+04    24.5577    24.5558 1.0000e-12     41.000          1      10917    1519.69 7.9442e-01  52614.263    454.824 1603923520      -0.21     -0.460   39.98478  -71.86557 0.0000e+00
     39.669    19.3139    34.4956  1024.7304     2.4423     5.0061     95.222    0.00043    5.25730    5.24804      8.439     0.4497    9.65200   4.663249 7.0209e+04    24.5572    24.5554 1.0000e-12     40.000          1      12083    1519.66 9.9650e-01  52610.432    503.423 1603923568      -0.16     -0.845   39.98483  -71.86527 0.0000e+00
     38.690    19.3073    34.4943  1024.7268     2.4442     5.0076     95.242   -0.00031    5.25777    5.24852      8.448     0.4170    9.65281   4.662659 2.2434e+03    24.5578    24.5561 1.0000e-12     39.000          1      12406    1519.62 -9.990e-29  52608.662    516.865 1603923582      -1.13     -0.810   39.98484  -71.86520 0.0000e+00
     37.686    19.3114    34.4950  1024.7219     2.4430     5.0050     95.212    0.00024    5.25677    5.24751      8.448     0.4284    9.65111   4.662711 3.0124e-11    24.5573    24.5556 1.0000e-12     38.000          1      12460    1519.62 -9.990e-29  52608.892    519.134 1603923584      -0.32     -1.075   39.98484  -71.86518 0.0000e+00
