CalculateIndicators/WaterTemperature/Data/CTD_NYOS/20201027_C26.cnv
* Sea-Bird SBE 9 Data File:
* FileName = C:\Seabird 9 CTD\Data\2020\202010_offshore\20201027_C26.hex
* Software Version Seasave V 7.23.2
* Temperature SN = 4590
* Conductivity SN = 3228
* Number of Bytes Per Scan = 44
* Number of Voltage Words = 5
* Number of Scans Averaged by the Deck Unit = 1
* NMEA Latitude = 39 14.65 N
* NMEA Longitude = 072 17.72 W
* NMEA UTC (Time) = Oct 27 2020  17:27:30
* NMEA baud rate = 4800
** Ship: seawolf
** Station: 4.6
** Operator: EIH
# nquan = 31
# nvalues = 603                         
# units = specified
# name 0 = depSM: Depth [salt water, m]
# name 1 = t090C: Temperature [ITS-90, deg C]
# name 2 = sal00: Salinity, Practical [PSU]
# name 3 = density00: Density [density, kg/m^3]
# name 4 = sbeox0V: Oxygen raw, SBE 43 [V]
# name 5 = sbeox0ML/L: Oxygen, SBE 43 [ml/l]
# name 6 = sbeox0PS: Oxygen, SBE 43 [% saturation]
# name 7 = sbox0dV/dT: Oxygen, SBE 43 [dov/dt]
# name 8 = oxsolML/L: Oxygen Saturation, Garcia & Gordon [ml/l]
# name 9 = oxsatML/L: Oxygen Saturation, Weiss [ml/l]
# name 10 = ph: pH
# name 11 = flECO-AFL: Fluorescence, WET Labs ECO-AFL/FL [mg/m^3]
# name 12 = n2satML/L: Nitrogen Saturation [ml/l]
# name 13 = c0S/m: Conductivity [S/m]
# name 14 = cpar: CPAR/Corrected Irradiance [%]
# name 15 = sigma-é00: Density [sigma-theta, kg/m^3]
# name 16 = sigma-t00: Density [sigma-t, kg/m^3 ]
# name 17 = par: PAR/Irradiance, Biospherical/Licor
# name 18 = prDM: Pressure, Digiquartz [db]
# name 19 = pumps: Pump Status
# name 20 = scan: Scan Count
# name 21 = svCM: Sound Velocity [Chen-Millero, m/s]
# name 22 = spar: SPAR, Biospherical/Licor
# name 23 = specc: Specific Conductance [uS/cm]
# name 24 = timeS: Time, Elapsed [seconds]
# name 25 = timeY: Time, System [seconds]
# name 26 = accM: Acceleration [m/s^2]
# name 27 = dz/dtM: Descent Rate [m/s]
# name 28 = latitude: Latitude [deg]
# name 29 = longitude: Longitude [deg]
# name 30 = flag: flag
# span 0 =      1.961,    300.489       
# span 1 =     9.1237,    20.0007       
# span 2 =    34.8217,    35.8599       
# span 3 =  1024.6710,  1028.6398       
# span 4 =     1.3927,     2.4575       
# span 5 =     2.8977,     4.9494       
# span 6 =     46.079,     95.496       
# span 7 =   -0.03915,    0.03139       
# span 8 =    5.17872,    6.42748       
# span 9 =    5.16899,    6.43279       
# span 10 =      8.312,      8.529      
# span 11 =    -0.0949,     0.3011      
# span 12 =    9.51774,   11.58201      
# span 13 =   3.760697,   4.776121      
# span 14 = -6.746e-08, 1.7609e+01      
# span 15 =    24.6619,    27.2737      
# span 16 =    24.6616,    27.2683      
# span 17 = -1.443e-06, 2.1300e+02      
# span 18 =      2.000,    303.000      
# span 19 =          1,          1      
# span 20 =        285,      40923      
# span 21 =    1491.89,    1521.94      
# span 22 = 1.2094e+03, 3.0969e+03      
# span 23 =  53060.390,  55101.664      
# span 24 =     11.841,   1705.084      
# span 25 = 1603819663, 1603821356      
# span 26 =      -0.98,       1.25      
# span 27 =     -1.311,      1.218      
# span 28 =   39.23785,   39.24425      
# span 29 =  -72.29971,  -72.29542      
# span 30 = 0.0000e+00, 0.0000e+00      
# interval = decibars: 1                
# start_time = Oct 27 2020 17:27:31 [System UTC, first data scan.]
# bad_flag = -9.990e-29
*END*
[from data line 515]
     88.294    15.1542    35.6344  1026.8211     1.8597     3.8102     67.604   -0.00054    5.63615    5.63120      8.370    -0.0285   10.26832   4.381944 3.8167e-02    26.4301    26.4271 7.0321e-01     89.000          1      30223    1509.37 1.8459e+03  54542.365   1259.266 1603820910      -0.13     -0.842   39.23951  -72.29862 0.0000e+00
     87.316    15.3316    35.6539  1026.7919     1.8556     3.7746     67.367   -0.00031    5.60295    5.59764      8.370 -9.990e-29   10.21303   4.402233 4.0852e-02    26.4055    26.4025 6.8070e-01     88.000          1      30315    1509.94 1.6661e+03  54548.697   1263.097 1603820914      -0.50     -0.505   39.23950  -72.29864 0.0000e+00
     86.318    15.4838    35.6651  1026.7617     1.8531     3.7565     67.115   -0.00221    5.59713    5.59176      8.372 -9.990e-29   10.20326   4.418259 4.2389e-02    26.3800    26.3769 7.1101e-01     87.000          1      30344    1510.41 1.6773e+03  54546.434   1264.272 1603820915      -0.05     -0.831   39.23950  -72.29864 0.0000e+00
     85.326    15.5790    35.6815  1026.7483     1.8496     3.7425     66.976   -0.00148    5.58778    5.58231      8.377     0.0081   10.18763   4.429895 4.3770e-02    26.3711    26.3681 7.4639e-01     86.000          1      30398    1510.71 1.7081e+03  54558.087   1266.529 1603820917       0.08     -0.542   39.23948  -72.29864 0.0000e+00
     84.339    15.7513    35.7144  1026.7299     1.8470     3.6920     66.887    0.00029    5.51977    5.51361      8.352    -0.0019   10.07402   4.451441 4.8413e-02    26.3573    26.3543 7.8285e-01     85.000          1      30495    1511.26 1.6168e+03  54583.954   1270.567 1603820921      -0.42     -0.468   39.23948  -72.29866 0.0000e+00
     83.345    16.0172    35.7571  1026.6970     1.8410     3.6570     66.327   -0.00378    5.51359    5.50737      8.349    -0.0006   10.06359   4.484181 5.0406e-02    26.3293    26.3262 8.4242e-01     84.000          1      30525    1512.11 1.6712e+03  54614.353   1271.848 1603820923      -0.05     -0.754   39.23947  -72.29866 0.0000e+00
     82.350    16.2925    35.7913  1026.6548     1.8350     3.6413     66.063   -0.00320    5.51188    5.50565      8.356     0.0151   10.06076   4.514815 5.4228e-02    26.2918    26.2887 8.9329e-01     83.000          1      30579    1512.98 1.6487e+03  54632.570   1274.076 1603820925       0.08     -0.549   39.23946  -72.29866 0.0000e+00
     81.365    16.3834    35.8135  1026.6461     1.8335     3.6474     66.263    0.00141    5.50447    5.49815      8.376     0.0141   10.04859   4.525075 6.0309e-02    26.2877    26.2846 9.6953e-01     82.000          1      30683    1513.26 1.6069e+03  54653.338   1278.433 1603820929      -0.41     -0.344   39.23944  -72.29868 0.0000e+00
     80.366    16.4432    35.8024  1026.6192     1.8377     3.6619     66.535    0.00253    5.50365    5.49732      8.363     0.0140   10.04724   4.529875 6.5219e-02    26.2653    26.2622 1.1525e+00     81.000          1      30718    1513.42 1.7656e+03  54631.871   1279.869 1603820931       0.02     -0.656   39.23943  -72.29869 0.0000e+00
     79.377    16.4714    35.7999  1026.6062     1.8421     3.6669     66.658    0.00122    5.50102    5.49466      8.371     0.0174   10.04286   4.531978 6.1985e-02    26.2567    26.2536 1.5565e+00     80.000          1      30798    1513.48 2.5150e+03  54625.257   1283.195 1603820934      -0.01     -0.281   39.23941  -72.29870 0.0000e+00
     78.385    16.4938    35.7999  1026.5966     1.8441     3.6659     66.695    0.00054    5.49650    5.49009      8.366     0.0384   10.03550   4.534037 6.5585e-02    26.2514    26.2484 1.6913e+00     79.000          1      30878    1513.53 2.5796e+03  54622.603   1286.544 1603820937      -0.18     -0.478   39.23940  -72.29870 0.0000e+00
     77.391    16.5284    35.7960  1026.5810     1.8506     3.6839     67.160    0.00312    5.48526    5.47872      8.359     0.0345   10.01711   4.536970 7.3595e-02    26.2402    26.2373 1.5965e+00     78.000          1      30929    1513.62 2.1820e+03  54613.442   1288.675 1603820939       0.09     -0.459   39.23940  -72.29871 0.0000e+00
     76.401    16.6482    35.7663  1026.5254     1.8664     3.7329     68.104    0.00594    5.48119    5.47460      8.351     0.0287   10.01045   4.546102 8.6790e-02    26.1891    26.1862 1.5897e+00     77.000          1      30995    1513.93 1.8326e+03  54561.067   1291.422 1603820942      -0.08     -0.364   39.23938  -72.29872 0.0000e+00
     75.420    16.6966    35.7516  1026.4983     1.8760     3.7502     68.325    0.00213    5.48867    5.48213      8.381     0.0358   10.02343   4.548670 8.7056e-02    26.1664    26.1635 1.6401e+00     76.000          1      31085    1514.04 1.8849e+03  54536.081   1295.157 1603820946      -0.33     -0.218   39.23938  -72.29872 0.0000e+00
     74.405    16.6736    35.7387  1026.4893     1.8816     3.7756     68.747    0.00455    5.49203    5.48551      8.383     0.0306   10.02925   4.544524 8.7170e-02    26.1619    26.1590 1.7122e+00     75.000          1      31114    1513.94 1.9641e+03  54520.219   1296.363 1603820947      -0.80     -0.793   39.23936  -72.29872 0.0000e+00
     73.415    16.6282    35.6864  1026.4555     1.8940     3.8131     69.404    0.00535    5.49409    5.48759      8.382     0.0495   10.03284   4.533714 8.9349e-02    26.1323    26.1295 1.7382e+00     74.000          1      31176    1513.73 1.9453e+03  54452.728   1298.950 1603820950      -0.35     -0.538   39.23935  -72.29873 0.0000e+00
     72.428    16.5934    35.6522  1026.4331     1.9064     3.8428     69.885    0.00344    5.49871    5.49223      8.383     0.0494   10.04086   4.526131 9.5500e-02    26.1142    26.1114 1.6845e+00     73.000          1      31260    1513.57 1.7670e+03  54408.971   1302.462 1603820953      -0.66     -0.467   39.23934  -72.29875 0.0000e+00
     71.427    16.5827    35.6389  1026.4210     1.9121     3.8638     70.203    0.00416    5.50371    5.49727      8.386     0.0426   10.04954   4.523511 1.0557e-01    26.1065    26.1037 1.7012e+00     72.000          1      31309    1513.50 1.6122e+03  54391.341   1304.501 1603820955      -0.98     -0.927   39.23934  -72.29876 0.0000e+00
     70.437    16.5315    35.5922  1026.3928     1.9225     3.9109     70.814    0.00560    5.52276    5.51648      8.390     0.0559   10.08187   4.512650 1.1239e-01    26.0825    26.0798 1.7772e+00     71.000          1      31362    1513.28 1.5812e+03  54331.857   1306.711 1603820957      -0.30     -0.752   39.23932  -72.29876 0.0000e+00
     69.443    16.3744    35.5164  1026.3670     1.9380     3.9714     71.770    0.00863    5.53356    5.52737      8.391     0.0707   10.10018   4.487234 1.1709e-01    26.0609    26.0583 1.8716e+00     70.000          1      31418    1512.69 1.5988e+03  54243.197   1309.036 1603820960      -0.34     -0.753   39.23932  -72.29876 0.0000e+00
     68.463    16.2822    35.4663  1026.3457     1.9542     4.0040     72.102    0.00149    5.55317    5.54715      8.396     0.0641   10.13355   4.473394 1.3074e-01    26.0438    26.0412 1.9892e+00     69.000          1      31525    1512.34 1.5215e+03  54183.194   1313.512 1603820964      -0.40     -0.475   39.23930  -72.29878 0.0000e+00
     67.474    16.2073    35.4338  1026.3338     1.9604     4.0298     72.515    0.00319    5.55723    5.55125      8.402     0.0709   10.14052   4.461594 1.3834e-01    26.0361    26.0336 2.1153e+00     68.000          1      31565    1512.06 1.5290e+03  54145.669   1315.184 1603820966       0.07     -0.623   39.23929  -72.29878 0.0000e+00
     66.476    16.1285    35.3899  1026.3138     1.9696     4.0604     73.077    0.00498    5.55638    5.55039      8.403     0.0748   10.13909   4.448964 1.4760e-01    26.0205    26.0180 2.3002e+00     67.000          1      31612    1511.75 1.5582e+03  54092.993   1317.125 1603820968      -0.05     -0.556   39.23928  -72.29878 0.0000e+00
     65.486    16.1261    35.3751  1026.2986     1.9763     4.0603     73.152    0.00130    5.55049    5.54443      8.394     0.0750   10.12937   4.447830 1.5308e-01    26.0096    26.0072 2.5816e+00     66.000          1      31706    1511.71 1.6864e+03  54072.460   1321.024 1603820972      -0.54     -0.480   39.23926  -72.29880 0.0000e+00
     64.495    16.1674    35.3698  1026.2806     1.9765     4.0569     73.084    0.00020    5.55106    5.54500      8.399     0.0784   10.13038   4.451415 1.6691e-01    25.9960    25.9936 2.7111e+00     65.000          1      31769    1511.81 1.6251e+03  54060.672   1323.681 1603820974       0.13     -0.369   39.23926  -72.29880 0.0000e+00
     63.504    16.1453    35.3574  1026.2718     1.9774     4.0708     73.156    0.00066    5.56457    5.55863      8.394     0.0772   10.15321   4.447420 1.8083e-01    25.9915    25.9892 2.9053e+00     64.000          1      31871    1511.71 1.6063e+03  54045.415   1327.915 1603820979      -0.07     -0.227   39.23924  -72.29881 0.0000e+00
     62.512    16.0400    35.3196  1026.2627     1.9856     4.1076     73.722    0.00328    5.57177    5.56589      8.396     0.0752   10.16567   4.432356 1.8726e-01    25.9867    25.9844 3.2363e+00     63.000          1      31947    1511.33 1.7282e+03  54003.779   1331.081 1603820982      -0.02     -0.373   39.23922  -72.29882 0.0000e+00
     61.519    16.0022    35.2755  1026.2330     1.9936     4.1300     74.065    0.00249    5.57611    5.57026      8.401     0.0775   10.17314   4.423827 2.0410e-01    25.9614    25.9591 3.4516e+00     62.000          1      32015    1511.15 1.6916e+03  53946.793   1333.935 1603820985      -0.01     -0.345   39.23922  -72.29882 0.0000e+00
     60.526    15.9658    35.2430  1026.2119     2.0004     4.1500     74.338    0.00164    5.58265    5.57684      8.400     0.0749   10.18436   4.416235 2.2671e-01    25.9446    25.9424 3.7200e+00     61.000          1      32131    1510.98 1.6411e+03  53905.595   1338.763 1603820989      -0.37     -0.378   39.23920  -72.29883 0.0000e+00
     59.521    15.8879    35.1593  1026.1610     2.0146     4.2037     75.239    0.00485    5.58702    5.58123      8.413     0.0777   10.19235   4.399097 2.2978e-01    25.8980    25.8958 4.4726e+00     60.000          1      32935    1510.63 1.9610e+03  53798.381   1372.231 1603821023      -0.08     -0.615   39.23907  -72.29892 0.0000e+00
     58.543    15.8506    35.0552  1026.0851     2.0269     4.2695     76.184    0.01035    5.60410    5.59841      8.408     0.0954   10.22242   4.383211 2.4180e-01    25.8263    25.8242 5.9979e+00     59.000          1      33832    1510.37 2.4797e+03  53659.408   1409.634 1603821060       0.24     -0.574   39.23893  -72.29900 0.0000e+00
     57.546    15.8117    34.9914  1026.0404     2.0398     4.2915     76.542    0.00616    5.60676    5.60108      8.407     0.1029   10.22705   4.372917 2.8021e-01    25.7860    25.7839 6.9765e+00     58.000          1      33878    1510.16 2.4904e+03  53575.568   1411.533 1603821062      -0.15     -0.546   39.23892  -72.29902 0.0000e+00
     56.563    15.7806    34.9473  1026.0092     2.0592     4.3420     77.484    0.00640    5.60366    5.59790      8.407     0.1204   10.22283   4.364946 3.1474e-01    25.7591    25.7570 7.9751e+00     57.000          1      33961    1510.00 2.5374e+03  53517.892   1415.006 1603821066       0.02     -0.217   39.23892  -72.29902 0.0000e+00
     55.565    15.8210    34.8884  1025.9503     2.0893     4.4463     79.441    0.01417    5.59702    5.59118      8.412     0.1267   10.21211   4.362621 3.3963e-01    25.7046    25.7026 8.1991e+00     56.000          1      34011    1510.04 2.4149e+03  53432.711   1417.080 1603821068      -0.05     -0.505   39.23890  -72.29902 0.0000e+00
     54.576    15.8757    34.8541  1025.9070     2.1106     4.4819     80.153    0.00920    5.59169    5.58577      8.415     0.1706   10.20348   4.364497 3.5874e-01    25.6657    25.6637 7.6930e+00     55.000          1      34064    1510.15 2.1456e+03  53379.706   1419.305 1603821070       0.00     -0.436   39.23890  -72.29902 0.0000e+00
     53.586    15.9725    34.8225  1025.8562     2.1253     4.4841     80.434    0.00293    5.57487    5.56877      8.406     0.1397   10.17558   4.370687 3.9958e-01    25.6193    25.6174 6.5817e+00     54.000          1      34144    1510.40 1.6458e+03  53326.330   1422.632 1603821073      -0.12     -0.245   39.23890  -72.29904 0.0000e+00
     52.585    16.0388    34.8217  1025.8358     2.1274     4.4727     80.392    0.00107    5.56367    5.55746      8.413     0.1508   10.15689   4.377625 4.2788e-01    25.6035    25.6016 6.7367e+00     53.000          1      34190    1510.58 1.5750e+03  53318.164   1424.535 1603821075      -0.33     -0.641   39.23888  -72.29904 0.0000e+00
     51.598    16.1826    34.8268  1025.8023     2.1286     4.4563     80.390    0.00054    5.54329    5.53689      8.418     0.1664   10.12275   4.392357 4.7302e-01    25.5744    25.5725 7.1377e+00     52.000          1      34241    1511.01 1.5099e+03  53310.572   1426.670 1603821077       0.17     -0.483   39.23888  -72.29904 0.0000e+00
     50.609    16.4074    34.8695  1025.7785     2.1303     4.3793     80.430    0.00185    5.44551    5.43815      8.445     0.1482    9.96020   4.420219 5.1885e-01    25.5552    25.5533 7.7203e+00     51.000          1      34319    1511.74 1.4878e+03  53347.179   1429.923 1603821081      -0.04     -0.265   39.23887  -72.29905 0.0000e+00
     49.611    16.9096    34.9083  1025.6854     2.1733     4.4486     83.606    0.02335    5.32120    5.31266      8.463     0.1520    9.75417   4.479037 5.5396e-01    25.4669    25.4650 8.5190e+00     50.000          1      34376    1513.28 1.5377e+03  53354.792   1432.310 1603821083      -0.39     -0.516   39.23886  -72.29906 0.0000e+00
     48.622    18.3400    34.8827  1025.3126     2.2530     4.6286     87.837    0.03139    5.26971    5.26071      8.454     0.1251    9.66895   4.620050 6.1305e-01    25.0997    25.0976 9.7376e+00     49.000          1      34438    1517.46 1.5879e+03  53206.045   1434.871 1603821086       0.14     -0.383   39.23885  -72.29906 0.0000e+00
     47.629    19.0019    34.8582  1025.1221     2.3144     4.7260     90.130    0.01987    5.24359    5.23437      8.484     0.1389    9.62556   4.681878 6.9282e-01    24.9141    24.9119 1.2239e+01     48.000          1      34506    1519.31 1.7632e+03  53127.503   1437.697 1603821088       0.06     -0.384   39.23884  -72.29908 0.0000e+00
     46.644    19.3319    34.8577  1025.0330     2.3457     4.7517     90.961    0.00798    5.22383    5.21445      8.482 -9.990e-29    9.59266   4.713282 6.7650e-01    24.8295    24.8273 1.7744e+01     47.000          1      34575    1520.23 2.6215e+03  53104.742   1440.589 1603821091      -0.26     -0.312   39.23883  -72.29908 0.0000e+00
     45.644    19.4696    34.8629  1024.9969     2.3610     4.7790     91.665    0.00755    5.21358    5.20412      8.478     0.1357    9.57566   4.727273 7.0113e-01    24.7979    24.7957 1.8369e+01     46.000          1      34625    1520.61 2.6212e+03  53103.484   1442.648 1603821093       0.09     -0.432   39.23882  -72.29908 0.0000e+00
     44.657    19.6973    34.8640  1024.9340     2.3971     4.8530     93.540    0.01083    5.18809    5.17843      8.471     0.1915    9.53350   4.749425 7.5181e-01    24.7395    24.7373 1.6120e+01     45.000          1      34720    1521.23 2.1420e+03  53091.025   1446.640 1603821097      -0.06     -0.186   39.23881  -72.29908 0.0000e+00
     43.655    19.8595    34.8488  1024.8755     2.4210     4.9130     94.744    0.01175    5.18555    5.17587      8.462     0.2271    9.52924   4.763711 8.6436e-01    24.6854    24.6833 1.6832e+01     44.000          1      34766    1521.65 1.9521e+03  53060.531   1448.561 1603821099      -0.27     -0.573   39.23880  -72.29910 0.0000e+00
