CalculateIndicators/WaterTemperature/Data/CTD_NYOS/20201027_C27.cnv
* Sea-Bird SBE 9 Data File:
* FileName = C:\Seabird 9 CTD\Data\2020\202010_offshore\20201027_C27.hex
* Software Version Seasave V 7.23.2
* Temperature SN = 4590
* Conductivity SN = 3228
* Number of Bytes Per Scan = 44
* Number of Voltage Words = 5
* Number of Scans Averaged by the Deck Unit = 1
* NMEA Latitude = 39 27.39 N
* NMEA Longitude = 072 02.37 W
* NMEA UTC (Time) = Oct 27 2020  21:05:56
* NMEA baud rate = 4800
** Ship: seawolf
** Station: 3.5
** Operator: EIH
# nquan = 31
# nvalues = 603                         
# units = specified
# name 0 = depSM: Depth [salt water, m]
# name 1 = t090C: Temperature [ITS-90, deg C]
# name 2 = sal00: Salinity, Practical [PSU]
# name 3 = density00: Density [density, kg/m^3]
# name 4 = sbeox0V: Oxygen raw, SBE 43 [V]
# name 5 = sbeox0ML/L: Oxygen, SBE 43 [ml/l]
# name 6 = sbeox0PS: Oxygen, SBE 43 [% saturation]
# name 7 = sbox0dV/dT: Oxygen, SBE 43 [dov/dt]
# name 8 = oxsolML/L: Oxygen Saturation, Garcia & Gordon [ml/l]
# name 9 = oxsatML/L: Oxygen Saturation, Weiss [ml/l]
# name 10 = ph: pH
# name 11 = flECO-AFL: Fluorescence, WET Labs ECO-AFL/FL [mg/m^3]
# name 12 = n2satML/L: Nitrogen Saturation [ml/l]
# name 13 = c0S/m: Conductivity [S/m]
# name 14 = cpar: CPAR/Corrected Irradiance [%]
# name 15 = sigma-é00: Density [sigma-theta, kg/m^3]
# name 16 = sigma-t00: Density [sigma-t, kg/m^3 ]
# name 17 = par: PAR/Irradiance, Biospherical/Licor
# name 18 = prDM: Pressure, Digiquartz [db]
# name 19 = pumps: Pump Status
# name 20 = scan: Scan Count
# name 21 = svCM: Sound Velocity [Chen-Millero, m/s]
# name 22 = spar: SPAR, Biospherical/Licor
# name 23 = specc: Specific Conductance [uS/cm]
# name 24 = timeS: Time, Elapsed [seconds]
# name 25 = timeY: Time, System [seconds]
# name 26 = accM: Acceleration [m/s^2]
# name 27 = dz/dtM: Descent Rate [m/s]
# name 28 = latitude: Latitude [deg]
# name 29 = longitude: Longitude [deg]
# name 30 = flag: flag
# span 0 =      1.971,    300.479       
# span 1 =     9.7545,    19.1678       
# span 2 =    34.2950,    35.7993       
# span 3 =  1024.6762,  1028.5692       
# span 4 =     1.3963,     2.4673       
# span 5 =     2.8969,     5.1386       
# span 6 =     46.502,     96.280       
# span 7 =   -0.03144,    0.01927       
# span 8 =    5.26430,    6.33645       
# span 9 =    5.25518,    6.34045       
# span 10 =      8.297,      8.577      
# span 11 =    -0.0775,     0.4057      
# span 12 =    9.66166,   11.43107      
# span 13 =   3.825205,   4.671599      
# span 14 = -1.644e-04, 3.0483e+01      
# span 15 =    24.6675,    27.2075      
# span 16 =    24.6674,    27.2015      
# span 17 = -3.206e-04, 6.3638e+01      
# span 18 =      2.000,    303.000      
# span 19 =          1,          1      
# span 20 =         68,      36920      
# span 21 =    1494.26,    1519.37      
# span 22 = 1.1829e+02, 2.1132e+02      
# span 23 =  52428.487,  55028.775      
# span 24 =      2.781,   1538.297      
# span 25 = 1603832759, 1603834295      
# span 26 =      -0.95,       0.94      
# span 27 =     -1.014,      1.192      
# span 28 =   39.45365,   39.45648      
# span 29 =  -72.04604,  -72.03966      
# span 30 = 0.0000e+00, 0.0000e+00      
# interval = decibars: 1                
# start_time = Oct 27 2020 21:05:57 [System UTC, first data scan.]
# bad_flag = -9.990e-29
*END*
[from data line 468]
    134.924    14.1102    35.7518  1027.3489     1.6936     3.4616     60.119    0.00281    5.75791    5.75446      8.327    -0.0671   10.46876   4.291856 6.2620e-13    26.7492    26.7449 1.0000e-12    136.000          1      25806    1506.97 1.5969e+02  54857.013   1075.200 1603833832       0.16     -0.666   39.45442  -72.04404 0.0000e+00
    133.925    14.1683    35.7587  1027.3374     1.6966     3.4662     60.223    0.00227    5.75570    5.75223      8.327    -0.0602   10.46508   4.298182 6.3577e-13    26.7422    26.7380 1.0000e-12    135.000          1      25838    1507.15 1.5730e+02  54858.388   1076.525 1603833833      -0.14     -0.720   39.45442  -72.04404 0.0000e+00
    132.934    14.1957    35.7622  1027.3297     1.6986     3.4648     60.239    0.00125    5.75185    5.74833      8.328    -0.0659   10.45864   4.301250 6.4074e-13    26.7390    26.7348 1.0000e-12    134.000          1      25882    1507.22 1.5607e+02  54859.049   1078.394 1603833835       0.15     -0.563   39.45442  -72.04405 0.0000e+00
    131.953    14.2320    35.7697  1027.3233     1.7014     3.4666     60.345    0.00099    5.74468    5.74108      8.327    -0.0562   10.44671   4.305699 6.4101e-13    26.7370    26.7328 1.0000e-12    133.000          1      25952    1507.33 1.5600e+02  54864.123   1081.306 1603833838      -0.07     -0.256   39.45442  -72.04406 0.0000e+00
    130.948    14.2746    35.7737  1027.3126     1.7030     3.4674     60.413    0.00102    5.73946    5.73579      8.330    -0.0505   10.43802   4.310313 6.5033e-13    26.7309    26.7267 1.0000e-12    132.000          1      25987    1507.45 1.5379e+02  54863.359   1082.740 1603833839       0.00     -0.620   39.45442  -72.04406 0.0000e+00
    129.973    14.3196    35.7785  1027.3023     1.7104     3.4942     60.941    0.00353    5.73373    5.73000      8.339    -0.0678   10.42848   4.315488 6.3006e-13    26.7250    26.7208 1.0000e-12    131.000          1      26041    1507.59 1.5873e+02  54864.006   1085.000 1603833842      -0.08     -0.317   39.45442  -72.04406 0.0000e+00
    128.964    14.3584    35.7792  1027.2898     1.7181     3.5270     61.520    0.00638    5.73304    5.72930      8.341    -0.0763   10.42737   4.319244 6.2894e-13    26.7171    26.7130 1.0000e-12    130.000          1      26066    1507.70 1.5900e+02  54859.150   1086.056 1603833843      -0.31     -0.772   39.45442  -72.04408 0.0000e+00
    127.976    14.3898    35.7834  1027.2818     1.7278     3.5500     61.933    0.00551    5.73191    5.72816      8.343    -0.0552   10.42550   4.322770 6.4511e-13    26.7136    26.7095 1.0000e-12    129.000          1      26110    1507.79 1.5502e+02  54860.377   1087.876 1603833844       0.22     -0.591   39.45441  -72.04408 0.0000e+00
    126.988    14.4088    35.7825  1027.2726     1.7400     3.5823     62.522    0.00551    5.72969    5.72591      8.350    -0.0530   10.42182   4.324346 6.3875e-13    26.7088    26.7047 1.0000e-12    128.000          1      26164    1507.83 1.5656e+02  54856.226   1090.125 1603833847      -0.10     -0.444   39.45440  -72.04408 0.0000e+00
    125.993    14.4189    35.7821  1027.2656     1.7456     3.5883     62.656    0.00361    5.72704    5.72324      8.380    -0.0602   10.41744   4.325314 6.3307e-13    26.7062    26.7022 1.0000e-12    127.000          1      26204    1507.84 1.5796e+02  54853.797   1091.792 1603833848      -0.07     -0.591   39.45440  -72.04410 0.0000e+00
    125.004    14.4394    35.7831  1027.2575     1.7503     3.5906     62.770    0.00221    5.72027    5.71638      8.383    -0.0526   10.40618   4.327391 6.2984e-13    26.7026    26.6985 1.0000e-12    126.000          1      26254    1507.89 1.5878e+02  54852.013   1093.890 1603833850       0.11     -0.470   39.45440  -72.04410 0.0000e+00
    124.017    14.4815    35.7843  1027.2448     1.7546     3.6006     62.980    0.00233    5.71710    5.71318      8.388    -0.0745   10.40091   4.331917 6.3418e-13    26.6944    26.6903 1.0000e-12    125.000          1      26298    1508.01 1.5770e+02  54847.870   1095.702 1603833852      -0.29     -0.519   39.45440  -72.04411 0.0000e+00
    123.014    14.5108    35.7864  1027.2356     1.7571     3.6077     63.106    0.00236    5.71687    5.71294      8.388    -0.0700   10.40053   4.334974 6.5406e-13    26.6896    26.6856 1.0000e-12    124.000          1      26323    1508.09 1.5290e+02  54846.473   1096.756 1603833853      -0.23     -0.851   39.45440  -72.04412 0.0000e+00
    122.027    14.5364    35.7885  1027.2272     1.7600     3.6108     63.170    0.00135    5.71609    5.71216      8.390    -0.0548   10.39925   4.337538 6.4296e-13    26.6857    26.6817 1.0000e-12    123.000          1      26377    1508.16 1.5553e+02  54845.604   1099.009 1603833856       0.16     -0.453   39.45440  -72.04412 0.0000e+00
    121.032    14.5467    35.7883  1027.2204     1.7617     3.6119     63.203    0.00083    5.71485    5.71090      8.390    -0.0631   10.39719   4.338426 6.4417e-13    26.6833    26.6793 1.0000e-12    122.000          1      26433    1508.18 1.5525e+02  54843.534   1101.331 1603833858      -0.31     -0.503   39.45440  -72.04412 0.0000e+00
    120.048    14.5522    35.7883  1027.2148     1.7640     3.6152     63.309    0.00105    5.71044    5.70643      8.373    -0.0568   10.38996   4.338858 6.3624e-13    26.6820    26.6781 1.0000e-12    121.000          1      26481    1508.18 1.5718e+02  54842.279   1103.334 1603833860       0.18     -0.516   39.45440  -72.04412 0.0000e+00
    119.058    14.5651    35.7881  1027.2074     1.7676     3.6300     63.576    0.00231    5.70968    5.70566      8.376    -0.0581   10.38875   4.340279 6.4111e-13    26.6791    26.6752 1.0000e-12    120.000          1      26514    1508.20 1.5598e+02  54839.919   1104.724 1603833861      -0.49     -0.597   39.45438  -72.04414 0.0000e+00
    118.051    14.5902    35.7845  1027.1946     1.7714     3.6445     63.841    0.00348    5.70877    5.70474      8.382    -0.0710   10.38726   4.342246 6.3683e-13    26.6708    26.6670 1.0000e-12    119.000          1      26536    1508.26 1.5703e+02  54831.237   1105.611 1603833862      -0.29     -1.014   39.45438  -72.04414 0.0000e+00
    117.064    14.6057    35.7794  1027.1828     1.7775     3.6586     64.137    0.00353    5.70441    5.70032      8.385    -0.0642   10.38003   4.343180 6.4094e-13    26.6635    26.6596 1.0000e-12    118.000          1      26578    1508.29 1.5604e+02  54821.781   1107.362 1603833864       0.24     -0.668   39.45438  -72.04414 0.0000e+00
    116.081    14.6596    35.7784  1027.1658     1.7825     3.6612     64.180    0.00087    5.70464    5.70055      8.388    -0.0617   10.38057   4.348584 6.3369e-13    26.6509    26.6471 1.0000e-12    117.000          1      26648    1508.44 1.5781e+02  54813.233   1110.284 1603833867      -0.19     -0.282   39.45438  -72.04416 0.0000e+00
    115.084    14.6634    35.7714  1027.1551     1.7905     3.6967     64.835    0.00472    5.70164    5.69751      8.389    -0.0582   10.37573   4.347825 6.3300e-13    26.6447    26.6409 1.0000e-12    116.000          1      26685    1508.43 1.5798e+02  54802.692   1111.832 1603833868      -0.11     -0.608   39.45438  -72.04416 0.0000e+00
    114.095    14.6562    35.7617  1027.1448     1.8010     3.7297     65.469    0.00659    5.69682    5.69263      8.396    -0.0383   10.36778   4.345990 6.2946e-13    26.6387    26.6350 1.0000e-12    115.000          1      26722    1508.38 1.5887e+02  54789.698   1113.382 1603833870       0.02     -0.649   39.45438  -72.04416 0.0000e+00
    113.105    14.6768    35.7507  1027.1274     1.8114     3.7627     66.070    0.00794    5.69497    5.69076      8.394    -0.0464   10.36472   4.347252 6.3918e-13    26.6257    26.6220 1.0000e-12    114.000          1      26754    1508.41 1.5646e+02  54771.582   1114.699 1603833871      -0.15     -0.703   39.45437  -72.04418 0.0000e+00
    112.103    14.7218    35.7479  1027.1108     1.8178     3.7696     66.224    0.00576    5.69214    5.68789      8.386    -0.0531   10.36000   4.351251 6.4302e-13    26.6137    26.6100 1.0000e-12    113.000          1      26786    1508.54 1.5553e+02  54761.710   1116.046 1603833873       0.13     -0.770   39.45436  -72.04418 0.0000e+00
    111.125    14.7591    35.7481  1027.0984     1.8238     3.7669     66.227    0.00176    5.68779    5.68350      8.396    -0.0556   10.35275   4.354972 6.2970e-13    26.6057    26.6020 1.0000e-12    112.000          1      26845    1508.64 1.5880e+02  54756.967   1118.503 1603833875      -0.07     -0.261   39.45436  -72.04418 0.0000e+00
    110.125    14.7898    35.7513  1027.0896     1.8240     3.7576     66.125    0.00038    5.68259    5.67824      8.395    -0.0498   10.34410   4.358364 6.3914e-13    26.6014    26.5977 1.0000e-12    111.000          1      26883    1508.72 1.5646e+02  54757.036   1120.104 1603833877       0.02     -0.599   39.45436  -72.04419 0.0000e+00
    109.133    14.8099    35.7553  1027.0838     1.8251     3.7559     66.190    0.00075    5.67440    5.66996      8.384    -0.0530   10.33044   4.360718 6.3304e-13    26.6000    26.5964 1.0000e-12    110.000          1      26926    1508.78 1.5797e+02  54759.532   1121.865 1603833878      -0.08     -0.559   39.45436  -72.04420 0.0000e+00
    108.143    14.8774    35.7610  1027.0689     1.8219     3.7308     65.848   -0.00174    5.66577    5.66123      8.376    -0.0567   10.31604   4.368589 6.3986e-13    26.5896    26.5860 1.0000e-12    109.000          1      26966    1508.98 1.5629e+02  54758.817   1123.561 1603833880       0.02     -0.589   39.45436  -72.04421 0.0000e+00
    107.148    14.9260    35.7693  1027.0600     1.8181     3.7139     65.603   -0.00245    5.66124    5.65666      8.385    -0.0335   10.30847   4.374156 6.3859e-13    26.5853    26.5816 1.0000e-12    108.000          1      27003    1509.13 1.5660e+02  54763.850   1125.072 1603833882      -0.06     -0.651   39.45436  -72.04422 0.0000e+00
    106.156    15.0049    35.7789  1027.0454     1.8150     3.7079     65.488   -0.00179    5.66193    5.65735      8.368    -0.0320   10.30963   4.383100 6.3296e-13    26.5752    26.5716 1.0000e-12    107.000          1      27046    1509.37 1.5799e+02  54767.091   1126.861 1603833883       0.11     -0.573   39.45436  -72.04422 0.0000e+00
    105.170    15.0417    35.7857  1027.0381     1.8129     3.7084     65.421   -0.00105    5.66848    5.66396      8.350    -0.0563   10.32069   4.387132 6.3939e-13    26.5723    26.5687 1.0000e-12    106.000          1      27097    1509.48 1.5640e+02  54771.590   1128.983 1603833886      -0.04     -0.454   39.45436  -72.04422 0.0000e+00
    104.176    15.0184    35.7794  1027.0340     1.8129     3.7116     65.487   -0.00006    5.66776    5.66323      8.353    -0.0404   10.31957   4.383847 6.4033e-13    26.5726    26.5690 1.0000e-12    105.000          1      27130    1509.38 1.5617e+02  54765.070   1130.394 1603833887      -0.23     -0.647   39.45436  -72.04424 0.0000e+00
    103.176    14.9828    35.7637  1027.0254     1.8146     3.7186     65.627    0.00087    5.66627    5.66173      8.351    -0.0446   10.31708   4.378276 6.3455e-13    26.5683    26.5648 1.0000e-12    104.000          1      27164    1509.23 1.5760e+02  54747.264   1131.798 1603833888       0.11     -0.737   39.45434  -72.04424 0.0000e+00
    102.198    14.9944    35.7551  1027.0118     1.8171     3.7213     65.734    0.00088    5.66114    5.65654      8.338    -0.0523   10.30852   4.378743 6.3807e-13    26.5591    26.5556 1.0000e-12    103.000          1      27227    1509.24 1.5673e+02  54733.556   1134.428 1603833891      -0.03     -0.256   39.45434  -72.04426 0.0000e+00
    101.199    15.0153    35.7604  1027.0068     1.8170     3.7189     65.686    0.00031    5.66167    5.65708      8.340    -0.0435   10.30942   4.381515 6.4723e-13    26.5585    26.5551 1.0000e-12    102.000          1      27262    1509.30 1.5475e+02  54737.794   1135.861 1603833892      -0.18     -0.648   39.45434  -72.04426 0.0000e+00
    100.205    15.0368    35.7636  1027.0000     1.8168     3.7161     65.631   -0.00029    5.66216    5.65756      8.352    -0.0437   10.31029   4.383786 6.8596e-13    26.5562    26.5528 1.0000e-12    101.000          1      27295    1509.35 1.4590e+02  54739.212   1137.269 1603833894       0.03     -0.721   39.45434  -72.04426 0.0000e+00
     99.211    15.0375    35.7615  1026.9938     1.8166     3.7167     65.620   -0.00018    5.66396    5.65938      8.351    -0.0563   10.31339   4.383506 6.4402e-13    26.5544    26.5510 1.0000e-12    100.000          1      27335    1509.34 1.5533e+02  54735.641   1138.903 1603833895       0.06     -0.629   39.45434  -72.04426 0.0000e+00
     98.231    15.0254    35.7475  1026.9814     1.8180     3.7272     65.745    0.00082    5.66917    5.66464      8.347    -0.0376   10.32231   4.380516 6.3143e-13    26.5462    26.5429 1.0000e-12     99.000          1      27395    1509.27 1.5836e+02  54717.361   1141.424 1603833898       0.07     -0.324   39.45434  -72.04427 0.0000e+00
     97.232    15.0237    35.7420  1026.9730     1.8179     3.7253     65.683   -0.00001    5.67171    5.66720      8.350    -0.0490   10.32664   4.379814 6.3300e-13    26.5423    26.5390 1.0000e-12     98.000          1      27424    1509.24 1.5798e+02  54709.462   1142.644 1603833899      -0.53     -0.657   39.45434  -72.04428 0.0000e+00
     96.231    14.9927    35.7239  1026.9615     1.8197     3.7391     65.839    0.00094    5.67911    5.67466      8.350    -0.0421   10.33916   4.374277 6.4048e-13    26.5351    26.5319 1.0000e-12     97.000          1      27455    1509.10 1.5615e+02  54687.702   1143.897 1603833900       0.11     -0.846   39.45433  -72.04428 0.0000e+00
     95.250    14.9346    35.6932  1026.9464     1.8230     3.7525     66.016    0.00125    5.68423    5.67983      8.346    -0.0378   10.34788   4.364807 6.4254e-13    26.5242    26.5210 1.0000e-12     96.000          1      27512    1508.87 1.5565e+02  54652.012   1146.312 1603833903      -0.02     -0.328   39.45432  -72.04428 0.0000e+00
     94.255    14.8714    35.6617  1026.9316     1.8274     3.7670     66.278    0.00206    5.68360    5.67919      8.349    -0.0284   10.34684   4.355280 6.3603e-13    26.5138    26.5106 1.0000e-12     95.000          1      27565    1508.61 1.5723e+02  54615.770   1148.480 1603833905       0.03     -0.459   39.45432  -72.04430 0.0000e+00
     93.270    14.8726    35.6586  1026.9246     1.8301     3.7699     66.334    0.00120    5.68329    5.67889      8.343    -0.0431   10.34635   4.355161 6.3871e-13    26.5112    26.5080 1.0000e-12     94.000          1      27614    1508.60 1.5657e+02  54610.929   1150.550 1603833907      -0.09     -0.475   39.45432  -72.04431 0.0000e+00
     92.272    14.8748    35.6581  1026.9193     1.8306     3.7701     66.337    0.00090    5.68318    5.67877      8.353    -0.0353   10.34616   4.355318 6.3302e-13    26.5103    26.5072 1.0000e-12     93.000          1      27642    1508.59 1.5797e+02  54609.433   1151.724 1603833908      -0.31     -0.723   39.45432  -72.04432 0.0000e+00
     91.274    14.8772    35.6573  1026.9137     1.8297     3.7607     66.203   -0.00028    5.68048    5.67604      8.359    -0.0435   10.34170   4.355452 6.3673e-13    26.5090    26.5060 1.0000e-12     92.000          1      27676    1508.58 1.5706e+02  54607.394   1153.137 1603833910       0.16     -0.756   39.45432  -72.04432 0.0000e+00
     90.300    14.8794    35.6557  1026.9076     1.8318     3.7633     66.388    0.00119    5.66866    5.66408      8.402    -0.0514   10.32204   4.355529 6.4007e-13    26.5073    26.5043 1.0000e-12     91.000          1      27734    1508.57 1.5623e+02  54604.456   1155.535 1603833912      -0.17     -0.254   39.45432  -72.04432 0.0000e+00
