CalculateIndicators/WaterTemperature/Data/CTD_NYOS/20201029_C36.cnv
* Sea-Bird SBE 9 Data File:
* FileName = C:\Seabird 9 CTD\Data\2020\202010_offshore\20201029_C36.hex
* Software Version Seasave V 7.23.2
* Temperature SN = 4590
* Conductivity SN = 3228
* Number of Bytes Per Scan = 44
* Number of Voltage Words = 5
* Number of Scans Averaged by the Deck Unit = 1
* NMEA Latitude = 39 41.49 N
* NMEA Longitude = 071 45.81 W
* NMEA UTC (Time) = Oct 29 2020  01:11:55
* NMEA baud rate = 4800
** Ship: seawolf
** Station: 2.5
** Operator: EIH
# nquan = 31
# nvalues = 603                         
# units = specified
# name 0 = depSM: Depth [salt water, m]
# name 1 = t090C: Temperature [ITS-90, deg C]
# name 2 = sal00: Salinity, Practical [PSU]
# name 3 = density00: Density [density, kg/m^3]
# name 4 = sbeox0V: Oxygen raw, SBE 43 [V]
# name 5 = sbeox0ML/L: Oxygen, SBE 43 [ml/l]
# name 6 = sbeox0PS: Oxygen, SBE 43 [% saturation]
# name 7 = sbox0dV/dT: Oxygen, SBE 43 [dov/dt]
# name 8 = oxsolML/L: Oxygen Saturation, Garcia & Gordon [ml/l]
# name 9 = oxsatML/L: Oxygen Saturation, Weiss [ml/l]
# name 10 = ph: pH
# name 11 = flECO-AFL: Fluorescence, WET Labs ECO-AFL/FL [mg/m^3]
# name 12 = n2satML/L: Nitrogen Saturation [ml/l]
# name 13 = c0S/m: Conductivity [S/m]
# name 14 = cpar: CPAR/Corrected Irradiance [%]
# name 15 = sigma-é00: Density [sigma-theta, kg/m^3]
# name 16 = sigma-t00: Density [sigma-t, kg/m^3 ]
# name 17 = par: PAR/Irradiance, Biospherical/Licor
# name 18 = prDM: Pressure, Digiquartz [db]
# name 19 = pumps: Pump Status
# name 20 = scan: Scan Count
# name 21 = svCM: Sound Velocity [Chen-Millero, m/s]
# name 22 = spar: SPAR, Biospherical/Licor
# name 23 = specc: Specific Conductance [uS/cm]
# name 24 = timeS: Time, Elapsed [seconds]
# name 25 = timeY: Time, System [seconds]
# name 26 = accM: Acceleration [m/s^2]
# name 27 = dz/dtM: Descent Rate [m/s]
# name 28 = latitude: Latitude [deg]
# name 29 = longitude: Longitude [deg]
# name 30 = flag: flag
# span 0 =      0.989,    300.470       
# span 1 =     9.9741,    19.7604       
# span 2 =    34.4898,    35.7826       
# span 3 =  1024.5950,  1028.5530       
# span 4 =     1.4060,     2.4428       
# span 5 =     2.9188,     4.9592       
# span 6 =     46.763,     94.869       
# span 7 =   -0.02532,    0.02740       
# span 8 =    5.20719,    6.30599       
# span 9 =    5.19761,    6.30956       
# span 10 =      8.301,      8.542      
# span 11 =    -0.0786,     0.3870      
# span 12 =    9.56680,   11.38041      
# span 13 =   3.848973,   4.732326      
# span 14 = -1.143e+04, 1.1147e+05      
# span 15 =    24.5861,    27.1928      
# span 16 =    24.5835,    27.1867      
# span 17 = 1.0000e-12, 3.7686e-01      
# span 18 =      1.000,    303.000      
# span 19 =          1,          1      
# span 20 =        240,      43483      
# span 21 =    1495.09,    1521.38      
# span 22 = -1.128e-01, 4.3947e+00      
# span 23 =  52652.013,  55022.340      
# span 24 =      9.950,   1811.731      
# span 25 = 1603933926, 1603935727      
# span 26 =      -0.82,       1.12      
# span 27 =     -1.082,      1.352      
# span 28 =   39.68860,   39.69159      
# span 29 =  -71.76360,  -71.76046      
# span 30 = 0.0000e+00, 0.0000e+00      
# interval = decibars: 1                
# start_time = Oct 29 2020 01:11:56 [System UTC, first data scan.]
# bad_flag = -9.990e-29
*END*
[from data line 328]
    272.729    10.2588    35.3240  1028.3991     1.4103     2.9490     47.076    0.00033    6.26438    6.26737 -9.990e-29    -0.0526   11.31132   3.877843 4.5105e-11    27.1659    27.1602 1.0000e-12    275.000          1      19971    1495.68 2.4064e+00  54986.271    832.067 1603934748      -0.34     -0.568   39.69034  -71.76214 0.0000e+00
    271.722    10.2659    35.3242  1028.3934     1.4102     2.9466     47.037   -0.00009    6.26434    6.26733 -9.990e-29    -0.0621   11.31126   3.878508 4.6750e-11    27.1648    27.1592 1.0000e-12    274.000          1      19992    1495.69 2.2781e+00  54984.438    832.971 1603934749      -0.35     -0.926   39.69034  -71.76214 0.0000e+00
    270.728    10.2752    35.3241  1028.3872     1.4095     2.9390     46.979   -0.00016    6.25604    6.25891      8.339    -0.0510   11.29750   3.879330 4.7411e-11    27.1631    27.1574 1.0000e-12    273.000          1      20054    1495.71 2.2265e+00  54981.730    835.551 1603934751      -0.22     -0.674   39.69034  -71.76214 0.0000e+00
    269.747    10.2846    35.3236  1028.3806     1.4109     2.9419     47.116    0.00077    6.24387    6.24658      8.344    -0.0527   11.27730   3.880198 4.5853e-11    27.1611    27.1554 1.0000e-12    272.000          1      20120    1495.72 2.3481e+00  54978.497    838.303 1603934754      -0.30     -0.724   39.69032  -71.76214 0.0000e+00
    268.749    10.3376    35.3243  1028.3671     1.4114     2.9451     47.166    0.00104    6.24411    6.24682      8.344    -0.0627   11.27768   3.885916 3.9973e-11    27.1523    27.1466 1.0000e-12    271.000          1      20148    1495.90 2.8067e+00  54968.089    839.466 1603934755      -0.01     -0.862   39.69032  -71.76212 0.0000e+00
    267.763    10.4309    35.3361  1028.3549     1.4107     2.9315     46.986   -0.00040    6.23909    6.24173      8.341    -0.0513   11.26932   3.895614 4.3615e-11    27.1451    27.1394 1.0000e-12    270.000          1      20228    1496.23 2.5226e+00  54964.936    842.804 1603934759      -0.26     -0.356   39.69032  -71.76212 0.0000e+00
    266.768    10.4474    35.3398  1028.3503     1.4092     2.9194     46.855   -0.00084    6.23070    6.23322      8.339    -0.0524   11.25542   3.897489 4.2032e-11    27.1451    27.1394 1.0000e-12    269.000          1      20277    1496.27 2.6461e+00  54966.358    844.833 1603934761      -0.12     -0.693   39.69032  -71.76212 0.0000e+00
    265.784    10.4742    35.3426  1028.3432     1.4092     2.9198     46.911   -0.00012    6.22413    6.22656      8.339    -0.0647   11.24447   3.900392 4.0641e-11    27.1426    27.1369 1.0000e-12    268.000          1      20321    1496.35 2.7546e+00  54964.344    846.671 1603934763       0.09     -0.549   39.69032  -71.76212 0.0000e+00
    264.790    10.5430    35.3484  1028.3306     1.4114     2.9294     47.100    0.00083    6.21946    6.22183 -9.990e-29    -0.0523   11.23672   3.907581 4.1200e-11    27.1349    27.1292 1.0000e-12    267.000          1      20376    1496.59 2.7110e+00  54958.129    848.962 1603934765       0.05     -0.419   39.69032  -71.76210 0.0000e+00
    263.805    10.5855    35.3550  1028.3236     1.4132     2.9291     47.161    0.00062    6.21085    6.21310 -9.990e-29    -0.0667   11.22239   3.912243 4.6021e-11    27.1326    27.1268 1.0000e-12    266.000          1      20445    1496.73 2.3349e+00  54958.302    851.853 1603934768      -0.48     -0.343   39.69031  -71.76210 0.0000e+00
    262.806    10.6410    35.3603  1028.3130     1.4141     2.9296     47.184    0.00049    6.20892    6.21115 -9.990e-29    -0.0574   11.21919   3.918073 4.3091e-11    27.1268    27.1210 1.0000e-12    265.000          1      20488    1496.92 2.5635e+00  54954.168    853.614 1603934769       0.11     -0.517   39.69030  -71.76210 0.0000e+00
    261.823    10.6657    35.3645  1028.3072     1.4149     2.9292     47.205    0.00035    6.20518    6.20736 -9.990e-29    -0.0605   11.21296   3.920643 4.5088e-11    27.1256    27.1198 1.0000e-12    264.000          1      20546    1496.99 2.4077e+00  54954.475    856.044 1603934772      -0.33     -0.374   39.69030  -71.76210 0.0000e+00
    260.825    10.6908    35.3674  1028.3003     1.4167     2.9350     47.321    0.00075    6.20239    6.20453      8.334    -0.0488   11.20832   3.923336 2.7072e+04    27.1233    27.1176 1.0000e-12    263.000          1      20592    1497.07 1.7715e+00  54952.976    857.957 1603934774      -0.00     -0.483   39.69030  -71.76210 0.0000e+00
    259.842    10.7072    35.3697  1028.2947     1.4192     2.9410     47.464    0.00110    6.19620    6.19825      8.329    -0.0595   11.19803   3.924991 -8.155e+02    27.1222    27.1165 1.0000e-12    262.000          1      20652    1497.11 2.4788e+00  54952.375    860.461 1603934776      -0.57     -0.368   39.69030  -71.76210 0.0000e+00
    258.837    10.7317    35.3711  1028.2867     1.4189     2.9360     47.384    0.00032    6.19611    6.19816      8.330    -0.0555   11.19787   3.927689 4.1499e-11    27.1190    27.1132 1.0000e-12    261.000          1      20676    1497.18 2.6876e+00  54949.038    861.460 1603934777      -0.26     -0.881   39.69030  -71.76210 0.0000e+00
    257.855    10.7677    35.3766  1028.2799     1.4196     2.9364     47.417    0.00039    6.19267    6.19468      8.325    -0.0644   11.19216   3.931398 4.0587e-11    27.1167    27.1110 1.0000e-12    260.000          1      20738    1497.30 2.7588e+00  54949.028    864.053 1603934780       0.12     -0.468   39.69028  -71.76210 0.0000e+00
    256.868    10.7697    35.3784  1028.2765     1.4207     2.9387     47.507    0.00097    6.18571    6.18762      8.321    -0.0526   11.18057   3.931720 4.2191e-11    27.1178    27.1121 1.0000e-12    259.000          1      20800    1497.29 2.6336e+00  54950.596    866.646 1603934782      -0.80     -0.522   39.69028  -71.76210 0.0000e+00
    255.853    10.7943    35.3807  1028.2691     1.4209     2.9356     47.473    0.00053    6.18370    6.18559      8.316    -0.0624   11.17724   3.934319 4.7431e-11    27.1151    27.1094 1.0000e-12    258.000          1      20821    1497.37 2.2250e+00  54948.209    867.483 1603934783      -0.30     -1.052   39.69028  -71.76210 0.0000e+00
    254.887    10.8619    35.3888  1028.2585     1.4210     2.9320     47.431    0.00010    6.18156    6.18343 -9.990e-29    -0.0540   11.17368   3.941624 3.9272e-11    27.1093    27.1036 1.0000e-12    257.000          1      20893    1497.60 2.8613e+00  54946.230    870.514 1603934786      -0.29     -0.167   39.69028  -71.76208 0.0000e+00
    253.887    10.8728    35.3906  1028.2533     1.4207     2.9290     47.388   -0.00014    6.18086    6.18271 -9.990e-29    -0.0655   11.17250   3.942702 4.4595e-11    27.1086    27.1029 1.0000e-12    256.000          1      20938    1497.62 2.4462e+00  54945.791    872.360 1603934788       0.09     -0.511   39.69027  -71.76208 0.0000e+00
    252.904    10.8749    35.3918  1028.2495     1.4205     2.9266     47.359   -0.00027    6.17948    6.18132 -9.990e-29    -0.0666   11.17020   3.942917 4.0678e-11    27.1092    27.1035 1.0000e-12    255.000          1      20986    1497.61 2.7517e+00  54946.572    874.367 1603934790      -0.33     -0.454   39.69026  -71.76208 0.0000e+00
    251.897    10.8816    35.3929  1028.2445     1.4209     2.9306     47.425    0.00029    6.17941    6.18125      8.315    -0.0551   11.17008   3.943631 4.7675e-11    27.1088    27.1031 1.0000e-12    254.000          1      21015    1497.62 2.2060e+00  54946.080    875.573 1603934791      -0.04     -0.779   39.69026  -71.76208 0.0000e+00
    250.932    10.8922    35.3945  1028.2394     1.4215     2.9278     47.431    0.00019    6.17287    6.17462      8.324    -0.0680   11.15922   3.944663 4.0753e-11    27.1081    27.1025 1.0000e-12    253.000          1      21095    1497.64 2.7458e+00  54945.710    878.897 1603934795      -0.13     -0.044   39.69026  -71.76208 0.0000e+00
    249.921    10.8987    35.3948  1028.2339     1.4217     2.9302     47.466    0.00042    6.17313    6.17487      8.328    -0.0557   11.15963   3.945414 4.5338e-11    27.1072    27.1015 1.0000e-12    252.000          1      21114    1497.65 2.3882e+00  54944.182    879.691 1603934795      -0.56     -0.737   39.69026  -71.76208 0.0000e+00
    248.924    10.9380    35.3998  1028.2260     1.4217     2.9241     47.429    0.00019    6.16533    6.16698      8.327    -0.0547   11.14669   3.949848 4.6229e-11    27.1040    27.0983 1.0000e-12    251.000          1      21166    1497.78 2.3187e+00  54943.120    881.890 1603934798      -0.28     -0.644   39.69025  -71.76207 0.0000e+00
    247.938    10.9910    35.4042  1028.2151     1.4233     2.9296     47.556    0.00089    6.16036    6.16194      8.327    -0.0524   11.13845   3.955329 5.0174e-11    27.0978    27.0921 1.0000e-12    250.000          1      21223    1497.95 2.0111e+00  54938.680    884.263 1603934800      -0.59     -0.693   39.69024  -71.76206 0.0000e+00
    246.944    11.0135    35.4071  1028.2086     1.4239     2.9297     47.565    0.00068    6.15935    6.16092      8.326    -0.0518   11.13674   3.957666 3.8879e-11    27.0959    27.0902 1.0000e-12    249.000          1      21254    1498.02 2.8920e+00  54937.833    885.559 1603934801       0.12     -0.856   39.69024  -71.76206 0.0000e+00
    245.961    11.0367    35.4088  1028.2011     1.4252     2.9305     47.613    0.00060    6.15475    6.15626      8.325    -0.0530   11.12910   3.959976 4.6306e-11    27.0930    27.0873 1.0000e-12    248.000          1      21315    1498.08 2.7516e+00  54935.218    888.083 1603934804       0.09     -0.337   39.69024  -71.76206 0.0000e+00
    244.969    11.0585    35.4120  1028.1951     1.4270     2.9328     47.701    0.00073    6.14825    6.14966      8.315    -0.0651   11.11827   3.962414 4.3957e-11    27.0915    27.0859 1.0000e-12    247.000          1      21367    1498.15 -9.990e-29  54935.029    890.237 1603934806      -0.11     -0.499   39.69024  -71.76206 0.0000e+00
    243.981    11.0873    35.4148  1028.1874     1.4294     2.9434     47.886    0.00151    6.14658    6.14798      8.318    -0.0561   11.11550   3.965488 4.3886e-11    27.0884    27.0828 1.0000e-12    246.000          1      21405    1498.24 -9.990e-29  54932.949    891.829 1603934808      -0.13     -0.589   39.69024  -71.76205 0.0000e+00
    242.984    11.1246    35.4203  1028.1801     1.4315     2.9464     47.950    0.00107    6.14487    6.14624      8.322    -0.0615   11.11266   3.969560 4.3898e-11    27.0858    27.0802 1.0000e-12    245.000          1      21458    1498.36 -9.990e-29  54932.957    894.033 1603934810       0.02     -0.477   39.69024  -71.76204 0.0000e+00
    241.995    11.1423    35.4229  1028.1744     1.4338     2.9480     48.010    0.00064    6.14040    6.14171      8.323    -0.0658   11.10523   3.971372 -9.990e-29    27.0846    27.0790 1.0000e-12    244.000          1      21525    1498.40 -9.990e-29  54932.700    896.831 1603934813      -0.50     -0.442   39.69024  -71.76204 0.0000e+00
    241.004    11.1547    35.4243  1028.1686     1.4348     2.9497     48.056    0.00063    6.13813    6.13942      8.318 -9.990e-29   11.10145   3.972665 -9.990e-29    27.0834    27.0778 1.0000e-12    243.000          1      21558    1498.43 -9.990e-29  54931.700    898.193 1603934814       0.05     -0.765   39.69022  -71.76204 0.0000e+00
    240.006    11.1761    35.4259  1028.1613     1.4359     2.9536     48.121    0.00076    6.13793    6.13921      8.317 -9.990e-29   11.10111   3.974934 9.9999e+04    27.0807    27.0751 1.0000e-12    242.000          1      21592    1498.49 0.0000e+00  54929.343    899.624 1603934815      -0.01     -0.709   39.69022  -71.76204 0.0000e+00
    239.026    11.2002    35.4299  1028.1555     1.4381     2.9590     48.214    0.00066    6.13731    6.13858      8.321    -0.0532   11.10007   3.977426 4.1847e+04    27.0794    27.0738 1.0000e-12    241.000          1      21666    1498.57 1.2919e+00  54929.896    902.691 1603934818       0.03     -0.227   39.69022  -71.76204 0.0000e+00
    238.027    11.1987    35.4298  1028.1511     1.4382     2.9559     48.166    0.00012    6.13682    6.13809 -9.990e-29    -0.0629   11.09927   3.977211 8.9944e+02    27.0795    27.0740 1.0000e-12    240.000          1      21705    1498.54 2.5324e+00  54929.371    904.317 1603934820      -0.28     -0.636   39.69022  -71.76204 0.0000e+00
    237.040    11.2043    35.4308  1028.1464     1.4387     2.9565     48.187    0.00019    6.13540    6.13665      8.314    -0.0628   11.09691   3.977778 3.8533e-11    27.0792    27.0737 1.0000e-12    239.000          1      21756    1498.55 2.9189e+00  54929.118    906.474 1603934822       0.21     -0.459   39.69022  -71.76202 0.0000e+00
    236.044    11.2076    35.4311  1028.1416     1.4396     2.9612     48.275    0.00067    6.13418    6.13541      8.317    -0.0437   11.09487   3.978089 4.8786e-11    27.0789    27.0734 1.0000e-12    238.000          1      21798    1498.54 2.1193e+00  54928.361    908.207 1603934824      -0.33     -0.596   39.69022  -71.76202 0.0000e+00
    235.060    11.2238    35.4331  1028.1356     1.4407     2.9599     48.292    0.00039    6.12922    6.13039      8.322    -0.0622   11.08663   3.979815 4.1738e-11    27.0774    27.0719 1.0000e-12    237.000          1      21863    1498.58 2.6690e+00  54927.528    910.905 1603934827       0.07     -0.330   39.69022  -71.76202 0.0000e+00
    234.069    11.2360    35.4345  1028.1299     1.4419     2.9620     48.358    0.00058    6.12517    6.12628      8.322    -0.0659   11.07988   3.981160 4.8146e-11    27.0762    27.0707 1.0000e-12    236.000          1      21907    1498.61 2.0543e+00  54926.501    912.748 1603934829      -0.58     -0.567   39.69021  -71.76201 0.0000e+00
    233.063    11.2605    35.4370  1028.1226     1.4428     2.9653     48.413    0.00071    6.12499    6.12610      8.322    -0.0593   11.07958   3.983863 4.8663e-11    27.0736    27.0681 1.0000e-12    235.000          1      21931    1498.68 -9.990e-29  54924.935    913.759 1603934830      -0.11     -0.957   39.69020  -71.76200 0.0000e+00
    232.086    11.2946    35.4412  1028.1150     1.4434     2.9633     48.393    0.00027    6.12340    6.12449      8.322    -0.0652   11.07693   3.987398 4.6274e-11    27.0706    27.0651 1.0000e-12    234.000          1      22005    1498.79 -9.990e-29  54923.929    916.835 1603934833       0.18     -0.252   39.69020  -71.76200 0.0000e+00
    231.105    11.2993    35.4428  1028.1109     1.4442     2.9653     48.442    0.00047    6.12124    6.12230 -9.990e-29    -0.0705   11.07334   3.987937 5.0801e-11    27.0709    27.0655 1.0000e-12    233.000          1      22059    1498.79 -9.990e-29  54924.645    919.096 1603934835      -0.57     -0.505   39.69020  -71.76200 0.0000e+00
    230.093    11.3056    35.4434  1028.1057     1.4447     2.9661     48.455    0.00032    6.12121    6.12227 -9.990e-29    -0.0613   11.07328   3.988602 4.7831e-11    27.0702    27.0648 1.0000e-12    232.000          1      22076    1498.80 -9.990e-29  54923.807    919.811 1603934836      -0.58     -0.993   39.69020  -71.76200 0.0000e+00
    229.099    11.3160    35.4449  1028.1004     1.4450     2.9656     48.463    0.00033    6.11927    6.12031      8.313    -0.0568   11.07006   3.989661 4.6986e-11    27.0695    27.0640 1.0000e-12    231.000          1      22129    1498.82 2.3923e+00  54923.366    922.010 1603934838      -0.09     -0.693   39.69020  -71.76200 0.0000e+00
    228.121    11.3336    35.4471  1028.0943     1.4460     2.9651     48.519    0.00064    6.11131    6.11224      8.319    -0.0572   11.05682   3.991552 4.4534e-11    27.0679    27.0625 1.0000e-12    230.000          1      22211    1498.87 2.4440e+00  54922.637    925.415 1603934841      -0.15     -0.395   39.69018  -71.76200 0.0000e+00
