CalculateIndicators/WaterTemperature/Data/CTD_NYOS/20201027_C23.cnv
* Sea-Bird SBE 9 Data File:
* FileName = C:\Seabird 9 CTD\Data\2020\202010_offshore\20201027_C23.hex
* Software Version Seasave V 7.23.2
* Temperature SN = 4590
* Conductivity SN = 3228
* Number of Bytes Per Scan = 44
* Number of Voltage Words = 5
* Number of Scans Averaged by the Deck Unit = 1
* NMEA Latitude = 40 05.93 N
* NMEA Longitude = 072 36.35 W
* NMEA UTC (Time) = Oct 27 2020  08:47:34
* NMEA baud rate = 4800
** Ship: seawolf
** Station: 4.3
** Operator: sjw
# nquan = 31
# nvalues = 101                         
# units = specified
# name 0 = depSM: Depth [salt water, m]
# name 1 = t090C: Temperature [ITS-90, deg C]
# name 2 = sal00: Salinity, Practical [PSU]
# name 3 = density00: Density [density, kg/m^3]
# name 4 = sbeox0V: Oxygen raw, SBE 43 [V]
# name 5 = sbeox0ML/L: Oxygen, SBE 43 [ml/l]
# name 6 = sbeox0PS: Oxygen, SBE 43 [% saturation]
# name 7 = sbox0dV/dT: Oxygen, SBE 43 [dov/dt]
# name 8 = oxsolML/L: Oxygen Saturation, Garcia & Gordon [ml/l]
# name 9 = oxsatML/L: Oxygen Saturation, Weiss [ml/l]
# name 10 = ph: pH
# name 11 = flECO-AFL: Fluorescence, WET Labs ECO-AFL/FL [mg/m^3]
# name 12 = n2satML/L: Nitrogen Saturation [ml/l]
# name 13 = c0S/m: Conductivity [S/m]
# name 14 = cpar: CPAR/Corrected Irradiance [%]
# name 15 = sigma-é00: Density [sigma-theta, kg/m^3]
# name 16 = sigma-t00: Density [sigma-t, kg/m^3 ]
# name 17 = par: PAR/Irradiance, Biospherical/Licor
# name 18 = prDM: Pressure, Digiquartz [db]
# name 19 = pumps: Pump Status
# name 20 = scan: Scan Count
# name 21 = svCM: Sound Velocity [Chen-Millero, m/s]
# name 22 = spar: SPAR, Biospherical/Licor
# name 23 = specc: Specific Conductance [uS/cm]
# name 24 = timeS: Time, Elapsed [seconds]
# name 25 = timeY: Time, System [seconds]
# name 26 = accM: Acceleration [m/s^2]
# name 27 = dz/dtM: Descent Rate [m/s]
# name 28 = latitude: Latitude [deg]
# name 29 = longitude: Longitude [deg]
# name 30 = flag: flag
# span 0 =      1.974,     51.609       
# span 1 =    14.2495,    17.7823       
# span 2 =    33.3654,    33.5458       
# span 3 =  1024.2130,  1025.2427       
# span 4 =     1.5319,     2.4344       
# span 5 =     2.7483,     5.1482       
# span 6 =     47.979,     94.587       
# span 7 =   -0.15648,    0.07659       
# span 8 =    5.44066,    5.82914       
# span 9 =    5.43261,    5.82512       
# span 10 =      8.185,      8.501      
# span 11 =     0.0699,     0.3999      
# span 12 =    9.96628,   10.61103      
# span 13 =   4.062949,   4.399036      
# span 14 = -8.685e+03, 1.0323e+05      
# span 15 =    24.2042,    25.0125      
# span 16 =    24.2040,    25.0109      
# span 17 = 1.0000e-12, 1.1932e-02      
# span 18 =      2.000,     52.000      
# span 19 =          1,          1      
# span 20 =         87,      10055      
# span 21 =    1503.44,    1513.96      
# span 22 = -1.197e-01, 3.9953e+00      
# span 23 =  51304.899,  51755.703      
# span 24 =      3.601,    418.917      
# span 25 = 1603788458, 1603788874      
# span 26 =      -0.56,       0.71      
# span 27 =     -1.006,      1.102      
# span 28 =   40.09854,   40.09889      
# span 29 =  -72.60582,  -72.60525      
# span 30 = 0.0000e+00, 0.0000e+00      
# interval = decibars: 1                
# start_time = Oct 27 2020 08:47:35 [System UTC, first data scan.]
# bad_flag = -9.990e-29
*END*
      1.986    17.7653    33.5308  1024.2130     2.4323     5.1387     94.412   -0.00056    5.44283    5.43479      8.430     0.3381    9.97004   4.394804 5.5682e+04    24.2042    24.2041 1.0000e-12      2.000          1         87    1513.46 1.7503e+00  51377.704      3.601 1603788458       0.27      0.018   40.09889  -72.60582 0.0000e+00
      2.977    17.7657    33.5308  1024.2173     2.4344     5.1482     94.587    0.00037    5.44279    5.43475 -9.990e-29     0.3499    9.96997   4.394893 1.0008e+05    24.2042    24.2041 1.0000e-12      3.000          1        403    1513.48 -3.025e-03  51378.247     16.752 1603788472       0.35      0.341   40.09888  -72.60581 0.0000e+00
      3.973    17.7659    33.5308  1024.2216     2.4340     5.1476     94.580    0.00027    5.44259    5.43455      8.433     0.3530    9.96963   4.394943 5.3434e+04    24.2042    24.2040 1.0000e-12      4.000          1        484    1513.50 1.8391e+00  51378.682     20.127 1603788475       0.16      0.496   40.09887  -72.60581 0.0000e+00
      4.962    17.7644    33.5309  1024.2265     2.4303     5.1325     94.308   -0.00165    5.44223    5.43419      8.433     0.3317    9.96902   4.394877 -1.546e+02    24.2047    24.2045 1.0000e-12      5.000          1        554    1513.51 3.9556e+00  51379.495     23.050 1603788478       0.35      0.782   40.09886  -72.60580 0.0000e+00
      5.957    17.7687    33.5321  1024.2308     2.4303     5.1361     94.370   -0.00057    5.44249    5.43444      8.433     0.3335    9.96946   4.395507 2.7443e-11    24.2046    24.2043 1.0000e-12      6.000          1        581    1513.54 3.9495e+00  51381.268     24.172 1603788479      -0.03      0.917   40.09886  -72.60580 0.0000e+00
      6.951    17.7700    33.5323  1024.2351     2.4283     5.1290     94.243   -0.00121    5.44236    5.43432      8.431     0.3366    9.96924   4.395687 2.7430e-11    24.2045    24.2042 1.0000e-12      7.000          1        634    1513.56 3.9495e+00  51382.039     26.377 1603788481       0.00      0.612   40.09888  -72.60581 0.0000e+00
      7.940    17.7707    33.5336  1024.2402     2.4288     5.1330     94.333   -0.00065    5.44130    5.43325      8.433     0.3347    9.96741   4.396026 2.8040e-11    24.2053    24.2050 1.0000e-12      8.000          1        718    1513.58 3.9495e+00  51384.156     29.878 1603788485       0.71      0.686   40.09886  -72.60578 0.0000e+00
      8.936    17.7786    33.5370  1024.2453     2.4280     5.1310     94.298   -0.00058    5.44131    5.43326      8.433     0.3740    9.96743   4.397165 2.6562e-11    24.2060    24.2057 1.0000e-12      9.000          1        741    1513.62 3.9495e+00  51388.711     30.825 1603788486       0.13      1.068   40.09886  -72.60578 0.0000e+00
      9.928    17.7782    33.5387  1024.2512     2.4274     5.1300     94.279   -0.00050    5.44128    5.43323      8.439     0.3504    9.96738   4.397354 5.9958e+03    24.2075    24.2071 1.0000e-12     10.000          1        784    1513.64 3.7127e+00  51391.634     32.633 1603788487      -0.21      0.698   40.09886  -72.60579 0.0000e+00
     10.915    17.7779    33.5395  1024.2562     2.4252     5.1260     94.205   -0.00037    5.44127    5.43322      8.436     0.3246    9.96735   4.397446 9.9521e+04    24.2082    24.2078 1.0000e-12     11.000          1        877    1513.66 1.8874e-02  51393.243     36.502 1603788491       0.24      0.321   40.09886  -72.60578 0.0000e+00
     11.899    17.7779    33.5396  1024.2607     2.4240     5.1227     94.146   -0.00059    5.44123    5.43318      8.438     0.3598    9.96729   4.397498 9.9999e+04    24.2084    24.2079 1.0000e-12     12.000          1        923    1513.68 0.0000e+00  51393.885     38.406 1603788493       0.05      0.517   40.09886  -72.60578 0.0000e+00
     12.906    17.7779    33.5395  1024.2651     2.4247     5.1266     94.217    0.00009    5.44123    5.43318      8.436     0.3409    9.96729   4.397532 9.9999e+04    24.2083    24.2078 1.0000e-12     13.000          1        949    1513.69 0.0000e+00  51394.279     39.519 1603788494       0.28      0.774   40.09886  -72.60578 0.0000e+00
     13.896    17.7782    33.5398  1024.2696     2.4242     5.1264     94.215    0.00018    5.44123    5.43318      8.426     0.3433    9.96729   4.397629 8.7768e+03    24.2085    24.2079 1.0000e-12     14.000          1       1026    1513.71 3.4132e+00  51395.133     42.690 1603788498       0.09      0.413   40.09885  -72.60578 0.0000e+00
     14.877    17.7783    33.5397  1024.2739     2.4244     5.1286     94.256    0.00036    5.44116    5.43311      8.436     0.3249    9.96716   4.397671 -7.738e+02    24.2084    24.2078 1.0000e-12     15.000          1       1100    1513.73 3.9953e+00  51395.469     45.775 1603788501       0.05      0.428   40.09884  -72.60578 0.0000e+00
     15.882    17.7785    33.5397  1024.2780     2.4242     5.1262     94.211   -0.00022    5.44114    5.43309      8.431     0.3999    9.96714   4.397725 2.5320e-11    24.2084    24.2078 1.0000e-12     16.000          1       1130    1513.74 3.9495e+00  51396.059     47.035 1603788502       0.21      0.690   40.09884  -72.60578 0.0000e+00
     16.866    17.7788    33.5404  1024.2832     2.4241     5.1274     94.236    0.00007    5.44104    5.43299      8.436     0.3553    9.96695   4.397887 2.7802e-11    24.2089    24.2083 1.0000e-12     17.000          1       1195    1513.76 3.9495e+00  51397.425     49.730 1603788505      -0.10      0.330   40.09884  -72.60578 0.0000e+00
     17.863    17.7795    33.5411  1024.2879     2.4236     5.1252     94.199   -0.00034    5.44089    5.43284      8.428     0.3697    9.96669   4.398088 2.6344e-11    24.2094    24.2086 1.0000e-12     18.000          1       1254    1513.78 3.9495e+00  51398.853     52.218 1603788507       0.04      0.437   40.09884  -72.60577 0.0000e+00
     18.846    17.7807    33.5428  1024.2932     2.4215     5.1191     94.088   -0.00084    5.44081    5.43276      8.459     0.3595    9.96656   4.398432 2.6134e-11    24.2103    24.2096 1.0000e-12     19.000          1       1326    1513.80 3.8829e+00  51401.493     55.199 1603788510       0.45      0.278   40.09884  -72.60576 0.0000e+00
     19.851    17.7810    33.5431  1024.2979     2.4224     5.1248     94.193    0.00015    5.44077    5.43272      8.451     0.3682    9.96648   4.398550 5.9012e+04    24.2106    24.2098 1.0000e-12     20.000          1       1361    1513.82 1.5022e+00  51402.475     56.685 1603788512       0.04      0.612   40.09884  -72.60576 0.0000e+00
     20.833    17.7814    33.5438  1024.3027     2.4231     5.1274     94.242    0.00017    5.44068    5.43263      8.432     0.3680    9.96633   4.398715 1.0164e+05    24.2111    24.2102 1.0000e-12     21.000          1       1436    1513.84 -5.871e-02  51403.918     59.803 1603788515       0.36      0.246   40.09883  -72.60576 0.0000e+00
     21.830    17.7819    33.5443  1024.3074     2.4230     5.1271     94.238   -0.00001    5.44066    5.43261      8.431     0.3538    9.96628   4.398856 9.9999e+04    24.2114    24.2105 1.0000e-12     22.000          1       1483    1513.86 1.5028e-01  51405.022     61.764 1603788517      -0.10      0.468   40.09882  -72.60576 0.0000e+00
     22.824    17.7823    33.5449  1024.3122     2.4222     5.1244     94.186   -0.00043    5.44070    5.43265      8.435     0.3641    9.96635   4.399009 -9.990e-29    24.2118    24.2109 1.0000e-12     23.000          1       1540    1513.88 3.7245e+00  51406.382     64.109 1603788519       0.22      0.429   40.09882  -72.60574 0.0000e+00
     23.814    17.7818    33.5451  1024.3168     2.4206     5.1198     94.098   -0.00084    5.44085    5.43279      8.443     0.3558    9.96659   4.399016 2.8696e-11    24.2121    24.2111 1.0000e-12     24.000          1       1596    1513.89 3.8307e+00  51407.060     66.460 1603788521      -0.11      0.410   40.09882  -72.60574 0.0000e+00
     24.809    17.7812    33.5454  1024.3216     2.4197     5.1203     94.106   -0.00011    5.44102    5.43297      8.440     0.3963    9.96688   4.399036 2.9105e-11    24.2125    24.2115 1.0000e-12     25.000          1       1647    1513.91 3.9459e+00  51408.071     68.577 1603788523       0.17      0.510   40.09882  -72.60574 0.0000e+00
     25.798    17.7786    33.5454  1024.3267     2.4193     5.1207     94.108   -0.00003    5.44130    5.43325      8.436     0.3418    9.96733   4.398821 2.7148e-11    24.2132    24.2121 1.0000e-12     26.000          1       1709    1513.92 3.9495e+00  51408.806     71.151 1603788526      -0.12      0.359   40.09881  -72.60574 0.0000e+00
     26.786    17.7755    33.5458  1024.3321     2.4178     5.1134     93.975   -0.00122    5.44127    5.43322      8.436     0.3568    9.96729   4.398601 2.8163e-11    24.2143    24.2132 1.0000e-12     27.000          1       1763    1513.92 3.9495e+00  51410.057     73.424 1603788528       0.39      0.465   40.09880  -72.60572 0.0000e+00
     27.789    17.7757    33.5458  1024.3365     2.4169     5.1134     93.972   -0.00065    5.44141    5.43336      8.440     0.3756    9.96752   4.398671 2.8031e-11    24.2142    24.2131 1.0000e-12     28.000          1       1803    1513.94 3.9495e+00  51410.487     75.069 1603788530       0.01      0.610   40.09880  -72.60574 0.0000e+00
     28.766    17.7730    33.5455  1024.3413     2.4166     5.1162     94.000   -0.00039    5.44272    5.43468      8.436     0.2958    9.96970   4.398393 2.9413e-11    24.2148    24.2136 1.0000e-12     29.000          1       1905    1513.95 3.2730e+00  51410.858     79.328 1603788534       0.26      0.135   40.09880  -72.60572 0.0000e+00
     29.769    17.7687    33.5457  1024.3469     2.4160     5.1147     93.969   -0.00052    5.44298    5.43495      8.437     0.3767    9.97014   4.398068 6.9811e+04    24.2160    24.2148 1.0000e-12     30.000          1       1931    1513.95 1.1151e+00  51411.941     80.404 1603788535       0.32      0.662   40.09880  -72.60572 0.0000e+00
     30.765    17.7635    33.5453  1024.3523     2.4164     5.1178     94.027    0.00015    5.44293    5.43489 -9.990e-29     0.3567    9.97005   4.397496 9.8215e+04    24.2170    24.2157 1.0000e-12     31.000          1       1965    1513.96 6.6048e-02  51412.224     81.826 1603788537      -0.12      0.747   40.09880  -72.60572 0.0000e+00
     31.749    17.7590    33.5447  1024.3573     2.4116     5.1026     93.704   -0.00179    5.44541    5.43740      8.435     0.3132    9.97422   4.397072 5.7596e+04    24.2177    24.2164 1.0000e-12     32.000          1       2054    1513.96 1.4398e+00  51412.286     85.540 1603788540       0.02      0.185   40.09880  -72.60572 0.0000e+00
     32.742    17.7465    33.5424  1024.3630     2.4075     5.0947     93.504   -0.00213    5.44866    5.44067      8.433     0.2835    9.97964   4.395555 2.4196e+02    24.2190    24.2176 1.0000e-12     33.000          1       2109    1513.94 3.2944e+00  51410.594     87.823 1603788543       0.39      0.554   40.09879  -72.60572 0.0000e+00
     33.743    17.7285    33.5395  1024.3696     2.4037     5.0848     93.300   -0.00251    5.44997    5.44200      8.435     0.3099    9.98181   4.393431 3.0803e-11    24.2212    24.2198 1.0000e-12     34.000          1       2141    1513.90 -9.990e-29  51408.422     89.162 1603788544      -0.06      0.768   40.09878  -72.60572 0.0000e+00
     34.725    17.6914    33.5382  1024.3819     2.3864     5.0400     92.246   -0.00660    5.46364    5.45580      8.428     0.2453   10.00458   4.389696 2.7065e-11    24.2291    24.2277 1.0000e-12     35.000          1       2214    1513.80 3.9495e+00  51409.839     92.219 1603788547      -0.06      0.227   40.09878  -72.60571 0.0000e+00
     35.721    17.6242    33.5381  1024.4025     2.3530     4.9604     90.089   -0.01616    5.50631    5.49885      8.423     0.2160   10.07598   4.382848 3.0929e-11    24.2453    24.2438 1.0000e-12     36.000          1       2264    1513.62 3.9495e+00  51415.314     94.300 1603788549       0.20      0.528   40.09878  -72.60570 0.0000e+00
     36.714    17.2712    33.5010  1024.4627     2.2055     4.4878     79.932   -0.06341    5.61960    5.61324      8.356     0.1758   10.26471   4.342026 2.6135e-11    24.3009    24.2995 1.0000e-12     37.000          1       2322    1512.54 3.9495e+00  51392.457     96.707 1603788552      -0.12      0.399   40.09878  -72.60570 0.0000e+00
     37.698    16.3663    33.4274  1024.6230     1.9042     3.5198     61.390   -0.12076    5.73149    5.72628      8.193     0.0766   10.45060   4.244986 2.6162e-11    24.4563    24.4549 1.0000e-12     38.000          1       2387    1509.73 3.9495e+00  51367.484     99.415 1603788554       0.32      0.379   40.09878  -72.60570 0.0000e+00
     38.697    15.7965    33.3848  1024.7237     1.7219     2.8694     50.097   -0.15648    5.72764    5.72240      8.185     0.0986   10.44425   4.181161 2.5313e-11    24.5521    24.5508 1.0000e-12     39.000          1       2414    1507.94 3.8243e+00  51362.509    100.532 1603788555       0.24      0.766   40.09878  -72.60570 0.0000e+00
     39.697    15.2619    33.4029  1024.8613     1.6152     2.7483     47.979   -0.10997    5.72816    5.72292      8.218     0.1184   10.44515   4.136934 -9.990e-29    24.6850    24.6836 1.0000e-12     40.000          1       2444    1506.30 3.2802e+00  51441.141    101.802 1603788557      -0.09      0.834   40.09878  -72.60570 0.0000e+00
     40.671    15.1679    33.3978  1024.8825     1.5409     3.0013     52.267    0.00865    5.74229    5.73722      8.254     0.0728   10.46836   4.130543 5.0000e+04    24.7017    24.7004 1.0000e-12     41.000          1       2546    1506.02 1.1708e+00  51443.928    106.039 1603788561       0.12      0.104   40.09876  -72.60570 0.0000e+00
     41.664    15.1538    33.4187  1024.9061     1.5580     3.0422     53.015    0.00721    5.73837    5.73325      8.255     0.0699   10.46182   4.131555 -2.465e+02    24.7209    24.7196 1.0000e-12     42.000          1       2578    1506.02 3.5434e+00  51474.843    107.386 1603788562       0.60      0.671   40.09876  -72.60570 0.0000e+00
     42.675    15.1105    33.4207  1024.9217     1.5601     3.0384     53.018    0.00583    5.73095    5.72576      8.247     0.0809   10.44955   4.127704 3.3241e-11    24.7319    24.7305 1.0000e-12     43.000          1       2596    1505.90 3.5540e+00  51482.628    108.144 1603788563       0.45      1.102   40.09876  -72.60570 0.0000e+00
     43.668    15.0207    33.4158  1024.9419     1.5630     3.0480     52.913    0.00174    5.76052    5.75566      8.255     0.0905   10.49829   4.118781 3.1053e-11    24.7477    24.7463 1.0000e-12     44.000          1       2642    1505.62 3.9378e+00  51486.028    110.032 1603788565      -0.04      0.901   40.09876  -72.60569 0.0000e+00
     44.646    14.8047    33.4371  1025.0095     1.5804     3.1645     54.475    0.01124    5.80921    5.80495      8.262     0.0953   10.57804   4.099914 2.6368e-11    24.8108    24.8094 1.0000e-12     45.000          1       2724    1504.98 3.9495e+00  51539.095    113.455 1603788568       0.61      0.597   40.09876  -72.60568 0.0000e+00
     45.649    14.5971    33.4953  1025.1036     1.6049     3.2790     56.447    0.02242    5.80886    5.80460      8.254     0.0928   10.57752   4.087468 2.5345e-11    24.9002    24.8987 1.0000e-12     46.000          1       2746    1504.40 3.9495e+00  51643.185    114.394 1603788569       0.18      0.986   40.09876  -72.60568 0.0000e+00
     46.636    14.4469    33.5301  1025.1668     1.6348     3.3305     57.292    0.01326    5.81323    5.80902      8.255     0.0856   10.58473   4.077821 2.7966e-11    24.9589    24.9575 1.0000e-12     47.000          1       2811    1503.97 3.9495e+00  51708.839    117.068 1603788572      -0.02      0.535   40.09875  -72.60568 0.0000e+00
