CalculateIndicators/WaterTemperature/Data/CTD_NYOS/20201019_C10.cnv
* Sea-Bird SBE 9 Data File:
* FileName = C:\Seabird 9 CTD\Data\2020\202010_offshore\20201019_C10.hex
* Software Version Seasave V 7.23.2
* Temperature SN = 4590
* Conductivity SN = 3228
* Number of Bytes Per Scan = 44
* Number of Voltage Words = 5
* Number of Scans Averaged by the Deck Unit = 1
* NMEA Latitude = 39 08.05 N
* NMEA Longitude = 072 56.94 W
* NMEA UTC (Time) = Oct 20 2020  22:59:24
* NMEA baud rate = 4800
** Ship: seawolf
** Station: 6.5
** Operator: EIH
# nquan = 31
# nvalues = 147                         
# units = specified
# name 0 = depSM: Depth [salt water, m]
# name 1 = t090C: Temperature [ITS-90, deg C]
# name 2 = sal00: Salinity, Practical [PSU]
# name 3 = density00: Density [density, kg/m^3]
# name 4 = sbeox0V: Oxygen raw, SBE 43 [V]
# name 5 = sbeox0ML/L: Oxygen, SBE 43 [ml/l]
# name 6 = sbeox0PS: Oxygen, SBE 43 [% saturation]
# name 7 = sbox0dV/dT: Oxygen, SBE 43 [dov/dt]
# name 8 = oxsolML/L: Oxygen Saturation, Garcia & Gordon [ml/l]
# name 9 = oxsatML/L: Oxygen Saturation, Weiss [ml/l]
# name 10 = ph: pH
# name 11 = flECO-AFL: Fluorescence, WET Labs ECO-AFL/FL [mg/m^3]
# name 12 = n2satML/L: Nitrogen Saturation [ml/l]
# name 13 = c0S/m: Conductivity [S/m]
# name 14 = cpar: CPAR/Corrected Irradiance [%]
# name 15 = sigma-é00: Density [sigma-theta, kg/m^3]
# name 16 = sigma-t00: Density [sigma-t, kg/m^3 ]
# name 17 = par: PAR/Irradiance, Biospherical/Licor
# name 18 = prDM: Pressure, Digiquartz [db]
# name 19 = pumps: Pump Status
# name 20 = scan: Scan Count
# name 21 = svCM: Sound Velocity [Chen-Millero, m/s]
# name 22 = spar: SPAR, Biospherical/Licor
# name 23 = specc: Specific Conductance [uS/cm]
# name 24 = timeS: Time, Elapsed [seconds]
# name 25 = timeY: Time, System [seconds]
# name 26 = accM: Acceleration [m/s^2]
# name 27 = dz/dtM: Descent Rate [m/s]
# name 28 = latitude: Latitude [deg]
# name 29 = longitude: Longitude [deg]
# name 30 = flag: flag
# span 0 =      1.980,     74.423       
# span 1 =    14.0909,    18.4974       
# span 2 =    33.8832,    34.6331       
# span 3 =  1024.3285,  1026.2145       
# span 4 =     1.8678,     2.4916       
# span 5 =     3.9512,     5.2324       
# span 6 =     67.999,     97.373       
# span 7 =   -0.02806,    0.02437       
# span 8 =    5.35528,    5.81505       
# span 9 =    5.34662,    5.81120       
# span 10 =      8.366,      8.738      
# span 11 =     0.0183,     0.5637      
# span 12 =    9.82062,   10.58173      
# span 13 =   4.116255,   4.520945      
# span 14 = -2.168e+04, 1.0743e+05      
# span 15 =    24.3186,    25.8829      
# span 16 =    24.3184,    25.8806      
# span 17 = 1.0000e-12, 1.6563e-01      
# span 18 =      2.000,     75.000      
# span 19 =          1,          1      
# span 20 =        130,      17233      
# span 21 =    1503.94,    1516.19      
# span 22 = -4.509e-01, 4.3430e+00      
# span 23 =  51826.609,  53285.958      
# span 24 =      5.371,    718.003      
# span 25 = 1603234772, 1603235484      
# span 26 =      -0.50,       0.43      
# span 27 =     -0.806,      0.837      
# span 28 =   39.13325,   39.13430      
# span 29 =  -72.95074,  -72.94912      
# span 30 = 0.0000e+00, 0.0000e+00      
# interval = decibars: 1                
# start_time = Oct 20 2020 22:59:26 [System UTC, first data scan.]
# bad_flag = -9.990e-29
*END*
[from data line 47]
     48.618    14.5469    34.0622  1025.5647     1.9974     4.2101     72.400   -0.02549    5.81505    5.81120      8.677     0.3196   10.58173   4.141916 2.5320e-11    25.3482    25.3467 1.0000e-12     49.000          1       2900    1504.95 3.9495e+00  52432.368    120.803 1603234887       0.28      0.462   39.13414  -72.94932 0.0000e+00
     49.619    14.2906    34.0773  1025.6355     1.9771     4.1908     72.072   -0.01608    5.81477    5.81092      8.676     0.3026   10.58127   4.121089 4.1475e+04    25.4144    25.4129 1.0000e-12     50.000          1       2937    1504.16 2.2787e+00  52484.029    122.334 1603234889      -0.08      0.638   39.13414  -72.94932 0.0000e+00
     50.602    14.2198    34.0814  1025.6582     1.9632     4.2041     72.359   -0.00241    5.81015    5.80628      8.682     0.2431   10.57297   4.116255 1.0632e+05    25.4327    25.4311 1.0000e-12     51.000          1       3005    1503.95 -2.453e-01  52498.780    125.175 1603234891       0.02      0.264   39.13414  -72.94932 0.0000e+00
     51.594    14.2098    34.0892  1025.6708     1.9674     4.2297     72.852    0.00168    5.80585    5.80194      8.692     0.2496   10.56556   4.116666 4.2523e+04    25.4408    25.4392 1.0000e-12     52.000          1       3044    1503.94 1.8160e+00  52511.175    126.771 1603234893       0.31      0.576   39.13412  -72.94934 0.0000e+00
     52.600    14.2444    34.1432  1025.7097     1.9740     4.2553     73.399    0.00487    5.79753    5.79357      8.690     0.2673   10.55114   4.126601 3.7061e+03    25.4752    25.4736 1.0000e-12     53.000          1       3071    1504.14 3.7665e+00  52582.157    127.930 1603234894       0.04      0.837   39.13413  -72.94934 0.0000e+00
     53.579    14.3036    34.2007  1025.7458     1.9956     4.3313     74.748    0.00887    5.79447    5.79054      8.709     0.1889   10.54497   4.139149 2.5756e-11    25.5072    25.5055 1.0000e-12     54.000          1       3134    1504.41 3.9495e+00  52654.758    130.543 1603234897      -0.14      0.297   39.13413  -72.94934 0.0000e+00
     54.575    14.3375    34.2777  1025.8026     1.9961     4.2947     74.156   -0.00021    5.79144    5.78754      8.674     0.1094   10.53876   4.150596 2.5319e-11    25.5595    25.5578 1.0000e-12     55.000          1       3184    1504.63 3.9495e+00  52757.508    132.631 1603234899       0.02      0.504   39.13412  -72.94934 0.0000e+00
     55.565    14.2953    34.3919  1025.9041     1.9845     4.2288     73.087   -0.00741    5.78598    5.78203      8.674     0.0906   10.52934   4.159504 2.5320e-11    25.6566    25.6549 1.0000e-12     56.000          1       3226    1504.64 3.9495e+00  52920.166    134.357 1603234901       0.16      0.551   39.13412  -72.94934 0.0000e+00
     56.563    14.3134    34.4345  1025.9376     1.9822     4.2397     73.298   -0.00285    5.78417    5.78021      8.676     0.1199   10.52620   4.165727 2.6026e-11    25.6857    25.6839 1.0000e-12     57.000          1       3258    1504.77 3.9495e+00  52977.233    135.715 1603234902       0.02      0.733   39.13412  -72.94936 0.0000e+00
     57.554    14.3499    34.4688  1025.9608     1.9823     4.2530     73.514    0.00006    5.78525    5.78134      8.678     0.1089   10.52738   4.173073 4.5272e+04    25.7045    25.7027 1.0000e-12     58.000          1       3303    1504.94 2.1271e+00  53020.759    137.599 1603234904      -0.12      0.546   39.13412  -72.94936 0.0000e+00
     58.540    14.3539    34.5153  1026.0002     1.9692     4.1952     72.435   -0.00651    5.79167    5.78787      8.671     0.0586   10.53737   4.178570 5.5140e+04    25.7396    25.7377 1.0000e-12     59.000          1       3364    1505.03 1.5816e+00  53084.689    140.128 1603234906       0.02      0.368   39.13411  -72.94936 0.0000e+00
     59.535    14.2910    34.5782  1026.0666     1.9473     4.1041     70.869   -0.01358    5.79117    5.78737      8.667     0.0804   10.53643   4.178960 8.8027e+01    25.8015    25.7997 1.0000e-12     60.000          1       3402    1504.91 3.9457e+00  53179.457    141.706 1603234908       0.26      0.594   39.13410  -72.94936 0.0000e+00
     60.532    14.2650    34.5964  1026.0907     1.9336     4.0903     70.585   -0.00816    5.79491    5.79116      8.667     0.0685   10.54261   4.178522 2.5441e-11    25.8211    25.8193 1.0000e-12     61.000          1       3451    1504.87 3.9495e+00  53208.259    143.744 1603234910      -0.10      0.514   39.13410  -72.94937 0.0000e+00
     61.516    14.2048    34.6073  1026.1163     1.9095     4.0337     69.490   -0.00720    5.80463    5.80099      8.662     0.0527   10.55860   4.173712 5.8900e+04    25.8424    25.8405 1.0000e-12     62.000          1       3545    1504.70 1.6232e+00  53231.216    147.686 1603234914       0.27      0.239   39.13410  -72.94938 0.0000e+00
     62.513    14.1617    34.6154  1026.1362     1.8954     3.9995     68.838   -0.00679    5.80996    5.80639      8.662     0.0493   10.56750   4.170517 9.9168e+04    25.8577    25.8558 1.0000e-12     63.000          1       3593    1504.59 1.4088e+00  53248.218    149.687 1603234916      -0.08      0.453   39.13410  -72.94938 0.0000e+00
     63.505    14.1105    34.6133  1026.1499     1.8802     3.9570     68.096   -0.00681    5.81086    5.80730      8.662     0.0553   10.56901   4.165210 -9.990e-29    25.8669    25.8650 1.0000e-12     64.000          1       3649    1504.44 3.9678e+00  53252.200    151.995 1603234918       0.14      0.443   39.13408  -72.94938 0.0000e+00
     64.497    14.0926    34.6114  1026.1567     1.8742     3.9603     68.154   -0.00192    5.81086    5.80729 -9.990e-29     0.0496   10.56899   4.163627 2.5320e-11    25.8693    25.8673 1.0000e-12     65.000          1       3717    1504.39 3.9495e+00  53252.456    154.822 1603234921      -0.08      0.314   39.13408  -72.94940 0.0000e+00
     65.489    14.0923    34.6111  1026.1609     1.8725     3.9626     68.193   -0.00036    5.81088    5.80732      8.662     0.0376   10.56903   4.163718 2.5320e-11    25.8691    25.8671 1.0000e-12     66.000          1       3796    1504.41 3.9495e+00  53252.605    158.106 1603234924       0.04      0.363   39.13408  -72.94940 0.0000e+00
     66.478    14.0923    34.6109  1026.1653     1.8711     3.9572     68.099   -0.00082    5.81085    5.80729      8.663     0.0513   10.56899   4.163789 2.6629e-11    25.8690    25.8670 1.0000e-12     67.000          1       3851    1504.43 3.9495e+00  53252.916    160.428 1603234927       0.16      0.429   39.13408  -72.94940 0.0000e+00
     67.475    14.0924    34.6107  1026.1695     1.8706     3.9583     68.118   -0.00033    5.81089    5.80733      8.670     0.0466   10.56905   4.163855 2.6071e-11    25.8688    25.8668 1.0000e-12     68.000          1       3902    1504.44 3.9495e+00  53253.154    162.531 1603234929      -0.09      0.455   39.13406  -72.94941 0.0000e+00
     68.466    14.0922    34.6106  1026.1739 -9.990e-29     3.9606     68.158    0.00013    5.81086    5.80730      8.670     0.0455   10.56901   4.163910 2.6014e-11    25.8689    25.8668 1.0000e-12     69.000          1       3974    1504.46 3.9495e+00  53253.682    165.552 1603234932       0.01      0.335   39.13406  -72.94942 0.0000e+00
     69.452    14.0923    34.6109  1026.1786     1.8703     3.9597     68.144   -0.00018    5.81085    5.80729      8.665     0.0207   10.56898   4.164016 2.5703e-11    25.8691    25.8670 1.0000e-12     70.000          1       4052    1504.48 3.9118e+00  53254.584    168.798 1603234935       0.03      0.281   39.13406  -72.94943 0.0000e+00
     70.451    14.0923    34.6113  1026.1833     1.8698     3.9577     68.109   -0.00028    5.81082    5.80726      8.663     0.0396   10.56894   4.164107 7.5151e+04    25.8694    25.8673 1.0000e-12     71.000          1       4087    1504.49 9.8107e-01  53255.698    170.233 1603234937       0.33      0.621   39.13406  -72.94944 0.0000e+00
     71.443    14.0923    34.6115  1026.1880     1.8693     3.9555     68.081   -0.00037    5.81003    5.80646      8.658     0.0375   10.56756   4.164202 4.2727e+04    25.8696    25.8674 1.0000e-12     72.000          1       4154    1504.51 2.2330e+00  53256.592    173.059 1603234939      -0.02      0.374   39.13406  -72.94944 0.0000e+00
     72.432    14.0973    34.6186  1026.1968     1.8696     3.9597     68.168    0.00039    5.80870    5.80512      8.653     0.0183   10.56521   4.165545 -5.540e+02    25.8741    25.8719 1.0000e-12     73.000          1       4235    1504.55 3.9588e+00  53266.283    176.416 1603234943       0.05      0.388   39.13404  -72.94944 0.0000e+00
     73.421    14.1045    34.6253  1026.2049     1.8696     3.9578     68.136   -0.00009    5.80866    5.80508      8.650     0.0329   10.56514   4.167028 9.9906e+04    25.8778    25.8755 1.0000e-12     74.000          1       4280    1504.60 -3.512e-02  53275.146    178.273 1603234945       0.20      0.514   39.13404  -72.94944 0.0000e+00
     74.423    14.1090    34.6331  1026.2145     1.8687     3.9536     68.065   -0.00035    5.80858    5.80500      8.605     0.0280   10.56501   4.168299 9.9595e+04    25.8829    25.8806 1.0000e-12     75.000          1       5191    1504.64 1.1487e-02  53285.958    216.249 1603234983      -0.12      0.271   39.13399  -72.94954 0.0000e+00
     73.425    14.1058    34.6280  1026.2067     1.8686     3.9544     68.068   -0.00007    5.80958    5.80601      8.549     0.0390   10.56676   4.167346 1.9104e+04    25.8795    25.8773 1.0000e-12     74.000          1       5988    1504.61 3.0866e+00  53278.665    249.470 1603235016      -0.08     -0.294   39.13396  -72.94962 0.0000e+00
     72.434    14.1022    34.6223  1026.1987     1.8680     3.9512     67.999   -0.00051    5.81077    5.80721      8.543     0.0381   10.56886   4.166312 1.2705e+02    25.8759    25.8737 1.0000e-12     73.000          1       6046    1504.57 3.9439e+00  53270.822    251.875 1603235018      -0.11     -0.495   39.13396  -72.94962 0.0000e+00
     71.437    14.0955    34.6149  1026.1899     1.8678     3.9523     68.016   -0.00016    5.81090    5.80734      8.544     0.0304   10.56907   4.164801 2.5320e-11    25.8716    25.8694 1.0000e-12     72.000          1       6096    1504.52 3.9495e+00  53260.790    253.965 1603235020      -0.02     -0.532   39.13394  -72.94962 0.0000e+00
     70.451    14.0932    34.6101  1026.1823     1.8685     3.9548     68.058    0.00022    5.81089    5.80733      8.538     0.0218   10.56906   4.164087 2.5904e-11    25.8683    25.8662 1.0000e-12     71.000          1       6227    1504.49 3.9040e+00  53253.984    259.410 1603235026      -0.45     -0.541   39.13394  -72.94964 0.0000e+00
     69.450    14.0929    34.6099  1026.1777     1.8682     3.9526     68.020   -0.00014    5.81091    5.80735      8.538     0.0387   10.56910   4.163977 6.6977e+04    25.8682    25.8661 1.0000e-12     70.000          1       6272    1504.47 1.7064e+00  53253.137    261.278 1603235028      -0.04     -0.669   39.13394  -72.94964 0.0000e+00
     68.462    14.0927    34.6094  1026.1729     1.8686     3.9518     68.007   -0.00032    5.81092    5.80736      8.542     0.0431   10.56913   4.163874 -9.990e-29    25.8678    25.8657 1.0000e-12     69.000          1       6373    1504.46 3.8580e+00  53251.949    265.482 1603235032      -0.33     -0.565   39.13394  -72.94964 0.0000e+00
     67.471    14.0925    34.6091  1026.1682     1.8692     3.9558     68.074    0.00025    5.81094    5.80738      8.541     0.0474   10.56916   4.163784 2.5807e-11    25.8676    25.8655 1.0000e-12     68.000          1       6421    1504.44 3.9495e+00  53250.968    267.483 1603235034       0.12     -0.542   39.13393  -72.94965 0.0000e+00
     66.485    14.0924    34.6087  1026.1636     1.8699     3.9562     68.082    0.00006    5.81097    5.80741      8.501     0.0346   10.56921   4.163685 2.5830e-11    25.8673    25.8653 1.0000e-12     67.000          1       6522    1504.43 3.9034e+00  53249.904    271.692 1603235038      -0.28     -0.215   39.13392  -72.94966 0.0000e+00
     65.485    14.0923    34.6085  1026.1589     1.8695     3.9533     68.031   -0.00024    5.81103    5.80747      8.513     0.0417   10.56932   4.163602 2.7243e+04    25.8671    25.8651 1.0000e-12     66.000          1       6569    1504.41 2.8125e+00  53249.008    273.687 1603235040      -0.25     -0.700   39.13392  -72.94966 0.0000e+00
     64.495    14.0917    34.6083  1026.1544     1.8697     3.9554     68.065    0.00016    5.81112    5.80756      8.508     0.0406   10.56947   4.163485 8.8029e+04    25.8670    25.8650 1.0000e-12     65.000          1       6628    1504.39 3.7101e-01  53248.218    276.117 1603235042       0.13     -0.428   39.13392  -72.94966 0.0000e+00
     63.506    14.0909    34.6079  1026.1499     1.8712     3.9577     68.142    0.00038    5.80797    5.80437      8.499     0.0366   10.56422   4.163321 6.4402e+04    25.8669    25.8649 1.0000e-12     64.000          1       6712    1504.37 1.3409e+00  53247.213    279.627 1603235046      -0.12     -0.307   39.13391  -72.94968 0.0000e+00
     62.512    14.1140    34.6091  1026.1414     1.8772     3.9792     68.582    0.00261    5.80208    5.79841      8.489     0.0530   10.55451   4.165787 9.8014e+04    25.8629    25.8610 1.0000e-12     63.000          1       6777    1504.43 2.1573e-01  53245.400    282.333 1603235049       0.04     -0.353   39.13390  -72.94968 0.0000e+00
     61.522    14.1822    34.6049  1026.1193     1.8963     4.0401     69.684    0.00520    5.79769    5.79397      8.470     0.0459   10.54729   4.172010 -9.149e+03    25.8452    25.8433 1.0000e-12     62.000          1       6869    1504.63 4.1073e+00  53230.614    286.184 1603235053      -0.04     -0.234   39.13390  -72.94970 0.0000e+00
     60.528    14.2240    34.6002  1026.1024     1.9124     4.0778     70.397    0.00419    5.79256    5.78877 -9.990e-29     0.0554   10.53885   4.175535 6.3639e+04    25.8328    25.8309 1.0000e-12     61.000          1       6969    1504.74 1.4405e+00  53218.585    290.339 1603235057      -0.08     -0.224   39.13389  -72.94970 0.0000e+00
     59.531    14.2761    34.5812  1026.0721     1.9340     4.1265     71.281    0.00183    5.78911    5.78526      8.433     0.0711   10.53346   4.178265 7.9303e+03    25.8070    25.8052 1.0000e-12     60.000          1       7835    1504.87 3.6076e+00  53185.436    326.429 1603235093      -0.00     -0.358   39.13384  -72.94978 0.0000e+00
     58.546    14.3283    34.5362  1026.0218     1.9570     4.2107     72.745    0.00699    5.78826    5.78434      8.399     0.1100   10.53317   4.178386 -2.585e+02    25.7612    25.7593 1.0000e-12     59.000          1       8850    1504.97 3.9337e+00  53116.561    368.707 1603235135      -0.12     -0.378   39.13378  -72.94986 0.0000e+00
     57.551    14.3328    34.4900  1025.9808     1.9676     4.2293     73.046    0.00392    5.78993    5.78602      8.398     0.1062   10.53607   4.173567 2.6121e-11    25.7245    25.7227 1.0000e-12     58.000          1       8888    1504.91 3.9487e+00  53052.007    370.307 1603235137       0.03     -0.343   39.13376  -72.94988 0.0000e+00
     56.563    14.3233    34.4604  1025.9555     1.9723     4.2276     72.966   -0.00035    5.79387    5.78996      8.387     0.1369   10.54351   4.169702 2.5288e-11    25.7036    25.7018 1.0000e-12     57.000          1       8982    1504.83 3.9495e+00  53011.754    374.212 1603235141      -0.37     -0.377   39.13376  -72.94988 0.0000e+00
     55.563    14.3170    34.4399  1025.9365     1.9760     4.2460     73.289    0.00181    5.79347    5.78951      8.388     0.1657   10.54354   4.166353 2.5821e-11    25.6891    25.6874 1.0000e-12     56.000          1       9017    1504.77 3.9104e+00  52984.057    375.670 1603235142       0.02     -0.639   39.13376  -72.94988 0.0000e+00
