CalculateIndicators/WaterTemperature/Data/CTD_NYOS/20201027_C25.cnv
* Sea-Bird SBE 9 Data File:
* FileName = C:\Seabird 9 CTD\Data\2020\202010_offshore\20201027_C25.hex
* Software Version Seasave V 7.23.2
* Temperature SN = 4590
* Conductivity SN = 3228
* Number of Bytes Per Scan = 44
* Number of Voltage Words = 5
* Number of Scans Averaged by the Deck Unit = 1
* NMEA Latitude = 39 31.41 N
* NMEA Longitude = 072 23.58 W
* NMEA UTC (Time) = Oct 27 2020  14:30:11
* NMEA baud rate = 4800
** Ship: seawolf
** Station: 4.5
** Operator: EIH
# nquan = 31
# nvalues = 604                         
# units = specified
# name 0 = depSM: Depth [salt water, m]
# name 1 = t090C: Temperature [ITS-90, deg C]
# name 2 = sal00: Salinity, Practical [PSU]
# name 3 = density00: Density [density, kg/m^3]
# name 4 = sbeox0V: Oxygen raw, SBE 43 [V]
# name 5 = sbeox0ML/L: Oxygen, SBE 43 [ml/l]
# name 6 = sbeox0PS: Oxygen, SBE 43 [% saturation]
# name 7 = sbox0dV/dT: Oxygen, SBE 43 [dov/dt]
# name 8 = oxsolML/L: Oxygen Saturation, Garcia & Gordon [ml/l]
# name 9 = oxsatML/L: Oxygen Saturation, Weiss [ml/l]
# name 10 = ph: pH
# name 11 = flECO-AFL: Fluorescence, WET Labs ECO-AFL/FL [mg/m^3]
# name 12 = n2satML/L: Nitrogen Saturation [ml/l]
# name 13 = c0S/m: Conductivity [S/m]
# name 14 = cpar: CPAR/Corrected Irradiance [%]
# name 15 = sigma-é00: Density [sigma-theta, kg/m^3]
# name 16 = sigma-t00: Density [sigma-t, kg/m^3 ]
# name 17 = par: PAR/Irradiance, Biospherical/Licor
# name 18 = prDM: Pressure, Digiquartz [db]
# name 19 = pumps: Pump Status
# name 20 = scan: Scan Count
# name 21 = svCM: Sound Velocity [Chen-Millero, m/s]
# name 22 = spar: SPAR, Biospherical/Licor
# name 23 = specc: Specific Conductance [uS/cm]
# name 24 = timeS: Time, Elapsed [seconds]
# name 25 = timeY: Time, System [seconds]
# name 26 = accM: Acceleration [m/s^2]
# name 27 = dz/dtM: Descent Rate [m/s]
# name 28 = latitude: Latitude [deg]
# name 29 = longitude: Longitude [deg]
# name 30 = flag: flag
# span 0 =      0.945,    300.475       
# span 1 =    10.2110,    19.7295       
# span 2 =    34.5304,    35.7620       
# span 3 =  1024.7005,  1028.5421       
# span 4 =     1.4229,     2.4548       
# span 5 =     2.9599,     4.9720       
# span 6 =     47.749,     95.395       
# span 7 =   -0.02506,    0.02743       
# span 8 =    5.20546,    6.27174       
# span 9 =    5.19593,    6.27485       
# span 10 =      8.318,      8.514      
# span 11 =    -0.0785,     0.2075      
# span 12 =    9.56242,   11.32335      
# span 13 =   3.875494,   4.746959      
# span 14 = 1.6988e-13, 4.5163e+01      
# span 15 =    24.6953,    27.1835      
# span 16 =    24.6949,    27.1772      
# span 17 = 1.0000e-12, 2.4794e+02      
# span 18 =      1.000,    303.000      
# span 19 =          1,          1      
# span 20 =        760,      41937      
# span 21 =    1495.98,    1521.29      
# span 22 = 1.7954e+02, 6.0704e+02      
# span 23 =  52885.528,  55029.325      
# span 24 =     31.632,   1747.331      
# span 25 = 1603809044, 1603810760      
# span 26 =      -1.32,       1.11      
# span 27 =     -1.488,      1.143      
# span 28 =   39.51562,   39.52348      
# span 29 =  -72.39302,  -72.39106      
# span 30 = 0.0000e+00, 0.0000e+00      
# interval = decibars: 1                
# start_time = Oct 27 2020 14:30:12 [System UTC, first data scan.]
# bad_flag = -9.990e-29
*END*
[from data line 328]
    273.717    10.5323    35.3655  1028.3862     1.4601     3.0962     49.824    0.00309    6.21435    6.21667      8.354    -0.0602   11.22803   3.908540 2.6513e-13    27.1503    27.1444 1.0000e-12    276.000          1      22886    1496.72 3.7717e+02  54989.639    953.556 1603809966       0.16     -0.618   39.51930  -72.39148 0.0000e+00
    272.721    10.5985    35.3736  1028.3759     1.4683     3.1237     50.329    0.00423    6.20659    6.20880      8.355    -0.0538   11.21511   3.915749 2.6527e-13    27.1449    27.1389 1.0000e-12    275.000          1      22931    1496.95 3.7717e+02  54987.240    955.408 1603809968       0.08     -0.551   39.51930  -72.39148 0.0000e+00
    271.732    10.6793    35.3839  1028.3646     1.4810     3.1623     51.005    0.00472    6.19997    6.20210      8.356    -0.0524   11.20412   3.924570 2.7153e-13    27.1385    27.1326 1.0000e-12    274.000          1      22996    1497.23 3.6859e+02  54985.125    958.111 1603809970       0.02     -0.353   39.51928  -72.39148 0.0000e+00
    270.746    10.7349    35.3899  1028.3546     1.4881     3.1641     51.084    0.00176    6.19387    6.19591      8.356    -0.0527   11.19399   3.930324 2.7065e-13    27.1333    27.1273 1.0000e-12    273.000          1      23063    1497.42 3.6986e+02  54982.043    960.912 1603809973      -0.09     -0.349   39.51928  -72.39148 0.0000e+00
    269.750    10.7552    35.3921  1028.3480     1.4901     3.1686     51.169    0.00161    6.19240    6.19442      8.356    -0.0493   11.19155   3.932489 2.6185e-13    27.1313    27.1253 1.0000e-12    272.000          1      23096    1497.47 3.8191e+02  54980.540    962.303 1603809975      -0.25     -0.647   39.51926  -72.39148 0.0000e+00
    268.754    10.7779    35.3937  1028.3406     1.4904     3.1645     51.102    0.00069    6.19238    6.19440      8.354    -0.0539   11.19151   3.934732 2.6189e-13    27.1285    27.1225 1.0000e-12    271.000          1      23129    1497.54 3.8184e+02  54977.730    963.687 1603809976       0.07     -0.750   39.51926  -72.39148 0.0000e+00
    267.768    10.7929    35.3954  1028.3347     1.4888     3.1517     50.887   -0.00070    6.19357    6.19560      8.352    -0.0521   11.19348   3.936102 2.6141e-13    27.1271    27.1211 1.0000e-12    270.000          1      23195    1497.58 3.8247e+02  54976.616    966.430 1603809979       0.09     -0.326   39.51925  -72.39148 0.0000e+00
    266.778    10.7856    35.3941  1028.3305     1.4839     3.1272     50.485   -0.00233    6.19435    6.19640      8.349    -0.0470   11.19481   3.935086 2.5967e-13    27.1274    27.1214 1.0000e-12    269.000          1      23256    1497.53 3.8509e+02  54975.605    968.941 1603809981      -0.14     -0.444   39.51924  -72.39148 0.0000e+00
    265.791    10.7793    35.3927  1028.3262     1.4784     3.1031     50.106   -0.00339    6.19313    6.19516      8.344    -0.0526   11.19280   3.934270 2.5953e-13    27.1274    27.1215 1.0000e-12    268.000          1      23295    1497.49 3.8545e+02  54974.242    970.577 1603809983      -0.06     -0.596   39.51923  -72.39148 0.0000e+00
    264.789    10.7771    35.3914  1028.3210     1.4725     3.0802     49.740   -0.00414    6.19268    6.19470      8.343    -0.0605   11.19203   3.933887 2.5840e-13    27.1267    27.1208 1.0000e-12    267.000          1      23324    1497.47 3.8700e+02  54972.209    971.795 1603809984      -0.16     -0.766   39.51922  -72.39148 0.0000e+00
    263.807    10.7923    35.3920  1028.3142     1.4637     3.0583     49.408   -0.00274    6.18990    6.19188      8.338    -0.0550   11.18743   3.935413 2.5843e-13    27.1245    27.1186 1.0000e-12    266.000          1      23395    1497.50 3.8696e+02  54969.528    974.769 1603809987      -0.10     -0.309   39.51921  -72.39148 0.0000e+00
    262.806    10.8067    35.3930  1028.3078     1.4593     3.0461     49.220   -0.00223    6.18880    6.19077      8.339    -0.0525   11.18561   3.936850 2.5837e-13    27.1226    27.1167 1.0000e-12    265.000          1      23439    1497.54 3.8705e+02  54967.430    976.597 1603809989      -0.35     -0.669   39.51920  -72.39147 0.0000e+00
    261.824    10.8168    35.3934  1028.3018     1.4544     3.0283     48.945   -0.00248    6.18703    6.18897      8.336    -0.0585   11.18266   3.937795 2.5675e-13    27.1211    27.1153 1.0000e-12    264.000          1      23489    1497.56 3.8950e+02  54965.492    978.684 1603809991       0.23     -0.491   39.51919  -72.39146 0.0000e+00
    260.828    10.8281    35.3950  1028.2964     1.4529     3.0307     48.998   -0.00090    6.18528    6.18720      8.336    -0.0577   11.17976   3.939010 2.6339e-13    27.1203    27.1144 1.0000e-12    263.000          1      23542    1497.58 3.8014e+02  54964.859    980.862 1603809993       0.03     -0.462   39.51918  -72.39146 0.0000e+00
    259.846    10.8435    35.3966  1028.2904     1.4507     3.0229     48.881   -0.00089    6.18416    6.18607      8.334    -0.0498   11.17790   3.940642 2.6906e-13    27.1188    27.1129 1.0000e-12    262.000          1      23603    1497.62 3.7182e+02  54963.560    983.423 1603809996      -0.43     -0.308   39.51918  -72.39146 0.0000e+00
    258.843    10.8505    35.3971  1028.2849     1.4496     3.0188     48.817   -0.00090    6.18400    6.18590      8.333    -0.0522   11.17762   3.941268 2.5707e-13    27.1178    27.1120 1.0000e-12    261.000          1      23637    1497.63 3.8911e+02  54962.248    984.815 1603809997       0.04     -0.667   39.51916  -72.39146 0.0000e+00
    257.859    10.8547    35.3978  1028.2802     1.4485     3.0180     48.804   -0.00036    6.18391    6.18581      8.334    -0.0582   11.17748   3.941653 2.5338e-13    27.1176    27.1118 1.0000e-12    260.000          1      23696    1497.63 3.9444e+02  54961.770    987.305 1603810000       0.01     -0.359   39.51915  -72.39145 0.0000e+00
    256.868    10.8559    35.3979  1028.2757     1.4478     3.0157     48.767   -0.00031    6.18395    6.18585      8.328    -0.0620   11.17754   3.941714 2.5323e-13    27.1175    27.1117 1.0000e-12    259.000          1      23746    1497.62 -9.990e-29  54961.167    989.387 1603810002      -0.08     -0.484   39.51914  -72.39144 0.0000e+00
    255.872    10.8554    35.3979  1028.2712     1.4476     3.0157     48.767   -0.00017    6.18388    6.18578      8.328    -0.0525   11.17743   3.941597 2.5320e-13    27.1175    27.1118 1.0000e-12    258.000          1      23785    1497.60 3.9495e+02  54960.513    990.986 1603810003      -0.07     -0.614   39.51913  -72.39144 0.0000e+00
    254.889    10.8554    35.3981  1028.2670     1.4472     3.0145     48.745   -0.00005    6.18416    6.18606      8.325    -0.0624   11.17789   3.941565 2.5271e-13    27.1177    27.1120 1.0000e-12    257.000          1      23860    1497.59 3.9571e+02  54960.276    994.140 1603810007      -0.13     -0.268   39.51912  -72.39144 0.0000e+00
    253.890    10.8543    35.3978  1028.2625     1.4468     3.0121     48.706   -0.00015    6.18412    6.18602      8.324    -0.0524   11.17783   3.941368 2.5194e-13    27.1177    27.1120 1.0000e-12    256.000          1      23901    1497.57 3.9692e+02  54959.493    995.846 1603810008      -0.56     -0.689   39.51912  -72.39144 0.0000e+00
    252.897    10.8540    35.3978  1028.2580     1.4459     3.0068     48.628   -0.00053    6.18332    6.18521      8.331    -0.0528   11.17651   3.941284 2.5194e-13    27.1177    27.1120 1.0000e-12    255.000          1      23929    1497.55 3.9692e+02  54958.822    996.993 1603810009       0.06     -0.930   39.51911  -72.39144 0.0000e+00
    251.907    10.8540    35.3973  1028.2531     1.4434     2.9931     48.407   -0.00159    6.18320    6.18509      8.331    -0.0610   11.17630   3.941206 2.5121e-13    27.1172    27.1116 1.0000e-12    254.000          1      23964    1497.53 3.9808e+02  54957.546    998.476 1603810011       0.10     -0.699   39.51910  -72.39144 0.0000e+00
    250.920    10.8695    35.3983  1028.2465     1.4401     2.9840     48.312   -0.00056    6.17644    6.17824      8.331    -0.0586   11.16509   3.942856 2.5660e-13    27.1152    27.1096 1.0000e-12    253.000          1      24054    1497.57 3.8996e+02  54955.297   1002.211 1603810015      -0.35     -0.328   39.51909  -72.39144 0.0000e+00
    249.924    10.8920    35.4000  1028.2392     1.4389     2.9775     48.229   -0.00067    6.17364    6.17540      8.325    -0.0468   11.16045   3.945308 2.5159e-13    27.1124    27.1068 1.0000e-12    252.000          1      24098    1497.63 3.9748e+02  54952.801   1004.039 1603810016      -0.23     -0.764   39.51908  -72.39144 0.0000e+00
    248.942    10.9231    35.4016  1028.2302     1.4378     2.9722     48.145   -0.00099    6.17352    6.17528      8.324    -0.0483   11.16024   3.948346 2.5001e-13    27.1080    27.1024 1.0000e-12    251.000          1      24131    1497.73 3.9999e+02  54948.381   1005.417 1603810018       0.09     -0.750   39.51906  -72.39144 0.0000e+00
    247.934    10.9299    35.4030  1028.2255     1.4362     2.9662     48.051   -0.00109    6.17302    6.17477      8.323    -0.0618   11.15940   3.949077 2.4880e-13    27.1079    27.1023 1.0000e-12    250.000          1      24163    1497.74 4.0193e+02  54948.521   1006.766 1603810019      -0.09     -0.757   39.51906  -72.39144 0.0000e+00
    246.965    10.9360    35.4040  1028.2208     1.4347     2.9667     48.081    0.00030    6.17019    6.17190      8.327    -0.0518   11.15470   3.949643 2.5030e-13    27.1076    27.1020 1.0000e-12    249.000          1      24238    1497.75 3.9952e+02  54948.177   1009.874 1603810022      -0.89     -0.245   39.51905  -72.39144 0.0000e+00
    245.957    10.9455    35.4049  1028.2151     1.4340     2.9599     47.976   -0.00046    6.16945    6.17115      8.320    -0.0473   11.15347   3.950652 2.5236e-13    27.1065    27.1009 1.0000e-12    248.000          1      24265    1497.76 3.9627e+02  54946.903   1011.012 1603810023       0.01     -0.751   39.51904  -72.39144 0.0000e+00
    244.978    10.9593    35.4066  1028.2094     1.4338     2.9616     48.008    0.00003    6.16905    6.17075      8.325    -0.0428   11.15280   3.952100 2.4822e-13    27.1053    27.0997 1.0000e-12    247.000          1      24316    1497.80 4.0287e+02  54946.092   1013.117 1603810026      -0.21     -0.312   39.51903  -72.39144 0.0000e+00
    243.978    10.9668    35.4076  1028.2043     1.4345     2.9613     48.055    0.00036    6.16236    6.16397      8.323    -0.0619   11.14169   3.952858 2.4627e-13    27.1047    27.0992 1.0000e-12    246.000          1      24378    1497.81 4.0605e+02  54945.458   1015.690 1603810028      -0.44     -0.403   39.51902  -72.39144 0.0000e+00
    242.981    10.9823    35.4094  1028.1982     1.4356     2.9634     48.131    0.00068    6.15688    6.15841      8.327    -0.0548   11.13257   3.954648 2.4784e-13    27.1032    27.0977 1.0000e-12    245.000          1      24423    1497.85 4.0348e+02  54944.319   1017.584 1603810030      -0.54     -0.744   39.51902  -72.39144 0.0000e+00
    241.995    11.0271    35.4142  1028.1892     1.4369     2.9675     48.204    0.00084    6.15603    6.15756      8.321    -0.0525   11.13116   3.959513 2.4954e-13    27.0988    27.0933 1.0000e-12    244.000          1      24461    1497.99 4.0074e+02  54941.973   1019.147 1603810032       0.22     -0.733   39.51901  -72.39144 0.0000e+00
    241.008    11.0613    35.4183  1028.1815     1.4375     2.9629     48.169    0.00021    6.15109    6.15255      8.324    -0.0633   11.12294   3.963001 2.4584e-13    27.0958    27.0903 1.0000e-12    243.000          1      24520    1498.10 4.0678e+02  54940.735   1021.631 1603810034       0.05     -0.367   39.51899  -72.39143 0.0000e+00
    240.015    11.0812    35.4213  1028.1756     1.4394     2.9705     48.318    0.00093    6.14792    6.14934      8.333    -0.0547   11.11767   3.965336 2.4500e-13    27.0944    27.0889 1.0000e-12    242.000          1      24572    1498.16 4.0816e+02  54940.487   1023.780 1603810036      -0.12     -0.495   39.51898  -72.39142 0.0000e+00
    239.026    11.1142    35.4248  1028.1677     1.4407     2.9728     48.374    0.00085    6.14539    6.14677      8.318    -0.0582   11.11345   3.968699 2.4464e-13    27.0912    27.0857 1.0000e-12    241.000          1      24614    1498.26 4.0878e+02  54938.691   1025.557 1603810038      -0.05     -0.548   39.51898  -72.39142 0.0000e+00
    238.036    11.1361    35.4285  1028.1620     1.4431     2.9750     48.483    0.00092    6.13612    6.13739      8.327    -0.0551   11.09804   3.971313 2.4657e-13    27.0900    27.0845 1.0000e-12    240.000          1      24678    1498.32 4.0557e+02  54939.161   1028.192 1603810041      -0.13     -0.292   39.51896  -72.39142 0.0000e+00
    237.034    11.1738    35.4329  1028.1538     1.4451     2.9797     48.585    0.00102    6.13298    6.13420      8.325    -0.0526   11.09280   3.975376 2.4596e-13    27.0865    27.0810 1.0000e-12    239.000          1      24716    1498.44 4.0657e+02  54937.655   1029.798 1603810042      -0.32     -0.689   39.51896  -72.39142 0.0000e+00
    236.056    11.2222    35.4385  1028.1446     1.4459     2.9783     48.570    0.00043    6.13193    6.13313      8.330    -0.0529   11.09105   3.980560 2.4410e-13    27.0820    27.0764 1.0000e-12    238.000          1      24763    1498.60 4.0967e+02  54935.958   1031.750 1603810044       0.22     -0.520   39.51894  -72.39142 0.0000e+00
    235.058    11.2370    35.4407  1028.1389     1.4469     2.9774     48.598    0.00036    6.12655    6.12768      8.328    -0.0584   11.08210   3.981997 2.4281e-13    27.0809    27.0753 1.0000e-12    237.000          1      24816    1498.64 4.1184e+02  54935.537   1033.971 1603810046      -0.05     -0.417   39.51894  -72.39142 0.0000e+00
    234.072    11.2534    35.4435  1028.1336     1.4483     2.9778     48.696    0.00085    6.11518    6.11617      8.323    -0.0523   11.06320   3.983953 2.4470e-13    27.0800    27.0745 1.0000e-12    236.000          1      24877    1498.68 4.0866e+02  54935.937   1036.482 1603810049      -0.54     -0.424   39.51894  -72.39142 0.0000e+00
    233.073    11.2979    35.4483  1028.1244     1.4490     2.9791     48.717    0.00072    6.11507    6.11605      8.325    -0.0599   11.06301   3.988997 2.4468e-13    27.0756    27.0701 1.0000e-12    235.000          1      24903    1498.83 4.0870e+02  54933.918   1037.585 1603810050      -0.16     -0.854   39.51892  -72.39142 0.0000e+00
    232.084    11.3556    35.4549  1028.1140     1.4497     2.9786     48.727    0.00048    6.11279    6.11375      8.323    -0.0495   11.05922   3.994993 2.4811e-13    27.0699    27.0644 1.0000e-12    234.000          1      24953    1499.02 4.0328e+02  54931.837   1039.660 1603810052       0.10     -0.522   39.51891  -72.39142 0.0000e+00
    231.089    11.3820    35.4587  1028.1075     1.4515     2.9834     48.820    0.00064    6.11101    6.11194      8.324    -0.0519   11.05624   3.997770 2.4713e-13    27.0680    27.0625 1.0000e-12    233.000          1      25014    1499.10 4.0488e+02  54931.796   1042.216 1603810055      -0.07     -0.532   39.51890  -72.39142 0.0000e+00
    230.120    11.3968    35.4609  1028.1020     1.4535     2.9872     48.912    0.00070    6.10712    6.10800      8.322    -0.0524   11.04977   3.999205 2.4026e-13    27.0670    27.0615 1.0000e-12    232.000          1      25082    1499.14 4.1610e+02  54931.632   1045.036 1603810057      -0.08     -0.205   39.51890  -72.39142 0.0000e+00
    229.107    11.3988    35.4613  1028.0974     1.4546     2.9917     48.994    0.00105    6.10617    6.10704      8.323    -0.0524   11.04819   3.999418 2.4314e-13    27.0669    27.0614 1.0000e-12    231.000          1      25104    1499.13 4.1129e+02  54931.196   1045.946 1603810058      -0.45     -0.766   39.51889  -72.39142 0.0000e+00
