CalculateIndicators/WaterTemperature/Data/CTD_NYOS/20201029_C39.cnv
* Sea-Bird SBE 9 Data File:
* FileName = C:\Seabird 9 CTD\Data\2020\202010_offshore\20201029_C39.hex
* Software Version Seasave V 7.23.2
* Temperature SN = 4590
* Conductivity SN = 3228
* Number of Bytes Per Scan = 44
* Number of Voltage Words = 5
* Number of Scans Averaged by the Deck Unit = 1
* NMEA Latitude = 40 23.55 N
* NMEA Longitude = 071 40.84 W
* NMEA UTC (Time) = Oct 29 2020  10:39:08
* NMEA baud rate = 4800
** Ship: seawolf
** Station: 1.3
** Operator: sjw
# nquan = 31
# nvalues = 147                         
# units = specified
# name 0 = depSM: Depth [salt water, m]
# name 1 = t090C: Temperature [ITS-90, deg C]
# name 2 = sal00: Salinity, Practical [PSU]
# name 3 = density00: Density [density, kg/m^3]
# name 4 = sbeox0V: Oxygen raw, SBE 43 [V]
# name 5 = sbeox0ML/L: Oxygen, SBE 43 [ml/l]
# name 6 = sbeox0PS: Oxygen, SBE 43 [% saturation]
# name 7 = sbox0dV/dT: Oxygen, SBE 43 [dov/dt]
# name 8 = oxsolML/L: Oxygen Saturation, Garcia & Gordon [ml/l]
# name 9 = oxsatML/L: Oxygen Saturation, Weiss [ml/l]
# name 10 = ph: pH
# name 11 = flECO-AFL: Fluorescence, WET Labs ECO-AFL/FL [mg/m^3]
# name 12 = n2satML/L: Nitrogen Saturation [ml/l]
# name 13 = c0S/m: Conductivity [S/m]
# name 14 = cpar: CPAR/Corrected Irradiance [%]
# name 15 = sigma-é00: Density [sigma-theta, kg/m^3]
# name 16 = sigma-t00: Density [sigma-t, kg/m^3 ]
# name 17 = par: PAR/Irradiance, Biospherical/Licor
# name 18 = prDM: Pressure, Digiquartz [db]
# name 19 = pumps: Pump Status
# name 20 = scan: Scan Count
# name 21 = svCM: Sound Velocity [Chen-Millero, m/s]
# name 22 = spar: SPAR, Biospherical/Licor
# name 23 = specc: Specific Conductance [uS/cm]
# name 24 = timeS: Time, Elapsed [seconds]
# name 25 = timeY: Time, System [seconds]
# name 26 = accM: Acceleration [m/s^2]
# name 27 = dz/dtM: Descent Rate [m/s]
# name 28 = latitude: Latitude [deg]
# name 29 = longitude: Longitude [deg]
# name 30 = flag: flag
# span 0 =      1.973,     74.421       
# span 1 =    12.9569,    19.0841       
# span 2 =    33.6893,    34.5977       
# span 3 =  1024.4815,  1026.1896       
# span 4 =     1.7789,     2.4423       
# span 5 =     3.7584,     5.1907       
# span 6 =     63.718,     95.003       
# span 7 =   -0.03371,    0.03217       
# span 8 =    5.27630,    5.97794       
# span 9 =    5.26724,    5.97582       
# span 10 =      8.380,      8.526      
# span 11 =    -0.0302,     0.6266      
# span 12 =    9.68254,   10.85533      
# span 13 =   3.964198,   4.652937      
# span 14 = -3.184e+04, 1.1779e+05      
# span 15 =    24.4716,    25.8569      
# span 16 =    24.4715,    25.8548      
# span 17 = -6.370e-04, 3.7467e-02      
# span 18 =      2.000,     75.000      
# span 19 =          1,          1      
# span 20 =        342,      15945      
# span 21 =    1499.67,    1519.27      
# span 22 = -6.970e-01, 5.2072e+00      
# span 23 =  51753.247,  53079.484      
# span 24 =     14.219,    664.326      
# span 25 = 1603967963, 1603968614      
# span 26 =      -0.62,       0.67      
# span 27 =     -0.886,      0.988      
# span 28 =   40.39266,   40.39348      
# span 29 =  -71.68203,  -71.68078      
# span 30 = 0.0000e+00, 0.0000e+00      
# interval = decibars: 1                
# start_time = Oct 29 2020 10:39:09 [System UTC, first data scan.]
# bad_flag = -9.990e-29
*END*
[from data line 47]
     48.612    19.0841    34.5977  1024.9068     2.4005     4.9700     93.261   -0.00193    5.32923    5.32060      8.451     0.1200    9.77118   4.652937 2.6256e-11    24.6945    24.6922 1.0000e-12     49.000          1       2832    1519.27 3.9495e+00  52767.919    117.963 1603968067       0.01      0.328   40.39280  -71.68095 0.0000e+00
     49.607    19.0034    34.5881  1024.9246     2.3589     4.8393     90.027   -0.02373    5.37535    5.36711      8.448     0.0859    9.84833   4.642227 2.5316e-11    24.7078    24.7055 1.0000e-12     50.000          1       2868    1519.05 3.9495e+00  52760.508    119.445 1603968069       0.34      0.610   40.39280  -71.68096 0.0000e+00
     50.609    18.6097    34.5265  1024.9814     2.3181     4.7276     87.468   -0.03371    5.40512    5.39712      8.451     0.1048    9.89846   4.592901 4.3756e+04    24.7599    24.7577 1.0000e-12     51.000          1       2898    1517.87 2.2213e+00  52703.101    120.704 1603968070      -0.04      0.813   40.39280  -71.68096 0.0000e+00
     51.587    17.5630    34.3405  1025.1026     2.2323     4.6514     84.158   -0.02009    5.52667    5.51975      8.471     0.0132   10.10233   4.465900 1.1074e+05    24.8759    24.8738 1.0000e-12     52.000          1       2989    1514.62 -4.240e-01  52525.455    124.486 1603968074       0.12      0.125   40.39280  -71.68096 0.0000e+00
     52.584    17.1335    34.2615  1025.1494     2.2000     4.6045     82.657   -0.01952    5.57066    5.56416      8.461    -0.0117   10.17595   4.414638 -9.990e-29    24.9179    24.9158 1.0000e-12     53.000          1       3029    1513.26 3.5182e+00  52453.217    126.157 1603968075       0.11      0.617   40.39280  -71.68096 0.0000e+00
     53.577    16.7605    34.1897  1025.1871     2.1759     4.5606     81.591   -0.01800    5.58964    5.58332      8.462     0.0184   10.20770   4.370258 -9.990e-29    24.9507    24.9487 1.0000e-12     54.000          1       3062    1512.08 3.9522e+00  52387.009    127.550 1603968077       0.08      0.689   40.39280  -71.68097 0.0000e+00
     54.572    16.3659    34.1299  1025.2374     2.1573     4.5839     81.195   -0.01073    5.64567    5.63990      8.470    -0.0072   10.30144   4.325229 2.5320e-11    24.9963    24.9943 1.0000e-12     55.000          1       3109    1510.82 3.9495e+00  52341.061    129.500 1603968079      -0.15      0.522   40.39280  -71.68098 0.0000e+00
     55.558    15.9702    34.0566  1025.2763     2.0967     4.4644     77.212   -0.02703    5.78215    5.77780      8.467    -0.0060   10.52933   4.276751 2.5320e-11    25.0305    25.0285 1.0000e-12     56.000          1       3181    1509.54 3.9495e+00  52277.590    132.480 1603968082       0.24      0.306   40.39280  -71.68098 0.0000e+00
     56.554    14.8989    33.9261  1025.4191     2.0401     4.3315     74.162   -0.03135    5.84078    5.83707      8.461    -0.0302   10.62714   4.158484 2.5320e-11    25.1677    25.1658 1.0000e-12     57.000          1       3223    1506.04 3.9495e+00  52210.696    134.259 1603968083      -0.02      0.551   40.39281  -71.68099 0.0000e+00
     57.544    14.3714    33.8648  1025.4900     1.9902     4.2404     72.118   -0.02579    5.87984    5.87657      8.449    -0.0087   10.69234   4.102060 2.5320e-11    25.2335    25.2317 1.0000e-12     58.000          1       3270    1504.30 3.9495e+00  52185.848    136.190 1603968085       0.03      0.510   40.39282  -71.68100 0.0000e+00
     58.541    13.9498    33.8150  1025.5449     1.9564     4.1700     70.807   -0.02103    5.88920    5.88603      8.436    -0.0085   10.70798   4.057404 2.5320e-11    25.2835    25.2818 1.0000e-12     59.000          1       3310    1502.90 3.9495e+00  52168.490    137.864 1603968087       0.01      0.598   40.39282  -71.68100 0.0000e+00
     59.523    13.6411    33.7718  1025.5801     1.9137     4.1317     69.490   -0.01096    5.94574    5.94320      8.429    -0.0242   10.80238   4.025921 2.5770e-11    25.3139    25.3122 1.0000e-12     60.000          1       3390    1501.85 3.9495e+00  52148.223    141.210 1603968090      -0.02      0.195   40.39282  -71.68100 0.0000e+00
     60.521    13.4207    33.7349  1025.6010     1.8906     4.0456     67.984   -0.01609    5.95077    5.94829      8.405    -0.0058   10.81065   4.000213 3.8899e+04    25.3301    25.3284 1.0000e-12     61.000          1       3427    1501.10 2.3278e+00  52126.187    142.738 1603968092       0.52      0.640   40.39282  -71.68100 0.0000e+00
     61.520    13.2420    33.7174  1025.6283     1.8773     4.0328     67.657   -0.01180    5.96076    5.95840      8.386    -0.0065   10.82720   3.982942 9.1502e+04    25.3527    25.3510 1.0000e-12     62.000          1       3459    1500.50 3.2360e-01  52126.423    144.094 1603968093      -0.12      0.778   40.39282  -71.68100 0.0000e+00
     62.504    13.1295    33.7204  1025.6576     1.8537     3.9907     66.783   -0.00829    5.97561    5.97351      8.417    -0.0056   10.85065   3.973922 9.9999e+04    25.3775    25.3758 1.0000e-12     63.000          1       3527    1500.15 0.0000e+00  52146.387    146.927 1603968096      -0.01      0.294   40.39282  -71.68101 0.0000e+00
     63.490    12.9598    33.8001  1025.7578     1.8332     3.9285     65.752   -0.00875    5.97474    5.97266      8.426    -0.0090   10.84863   3.967656 9.9999e+04    25.4731    25.4714 1.0000e-12     64.000          1       3582    1499.70 0.0000e+00  52280.622    149.225 1603968099       0.15      0.424   40.39282  -71.68102 0.0000e+00
     64.494    12.9690    33.8417  1025.7926     1.8270     3.9101     65.589   -0.00680    5.96147    5.95929      8.409     0.0028   10.82568   3.972507 9.9999e+04    25.5035    25.5017 1.0000e-12     65.000          1       3611    1499.79 0.0000e+00  52337.700    150.430 1603968100       0.20      0.741   40.39282  -71.68102 0.0000e+00
     65.485    12.9773    33.8931  1025.8353     1.8462     4.0355     67.689    0.00865    5.96185    5.95970      8.435    -0.0103   10.82591   3.980123 9.9999e+04    25.5417    25.5399 1.0000e-12     66.000          1       3655    1499.90 0.0000e+00  52408.415    152.240 1603968101      -0.16      0.590   40.39283  -71.68102 0.0000e+00
     66.465    13.0362    34.0115  1025.9196     1.8729     4.1059     68.770    0.00508    5.97048    5.96849      8.446    -0.0133   10.83943   3.998309 9.9999e+04    25.6217    25.6199 1.0000e-12     67.000          1       3734    1500.25 0.0000e+00  52564.821    155.555 1603968105       0.07      0.176   40.39284  -71.68104 0.0000e+00
     67.470    12.9672    34.0387  1025.9590     1.8547     3.9728     66.860   -0.00826    5.94202    5.93972      8.471    -0.0048   10.79151   3.993967 9.9999e+04    25.6565    25.6547 1.0000e-12     68.000          1       3763    1500.07 0.0000e+00  52612.689    156.749 1603968106       0.35      0.689   40.39284  -71.68104 0.0000e+00
     68.457    12.9976    34.0769  1025.9868     1.8530     3.9656     67.245   -0.00153    5.89729    5.89454      8.477    -0.0160   10.71593   4.002789 9.9999e+04    25.6800    25.6782 1.0000e-12     69.000          1       3809    1500.23 0.0000e+00  52661.849    158.674 1603968108      -0.23      0.547   40.39284  -71.68104 0.0000e+00
     69.454    13.3227    34.2131  1026.0309     1.8547     3.9798     67.515    0.00106    5.89464    5.89186      8.463    -0.0190   10.71147   4.050776 9.9999e+04    25.7202    25.7182 1.0000e-12     70.000          1       3853    1501.49 0.0000e+00  52806.159    160.486 1603968110       0.32      0.554   40.39284  -71.68104 0.0000e+00
     70.445    13.5107    34.3242  1026.0829     1.8390     3.9089     66.205   -0.00659    5.90424    5.90163      8.468     0.0200   10.72658   4.078244 9.9999e+04    25.7680    25.7660 1.0000e-12     71.000          1       3947    1502.26 0.0000e+00  52934.938    164.415 1603968114       0.16      0.368   40.39284  -71.68104 0.0000e+00
     71.429    13.3549    34.3682  1026.1534     1.7966     3.7715     63.861   -0.01033    5.90580    5.90324      8.446     0.0007   10.72873   4.066873 9.9999e+04    25.8339    25.8319 1.0000e-12     72.000          1       4054    1501.81 0.0000e+00  53017.032    168.880 1603968118       0.14      0.210   40.39286  -71.68106 0.0000e+00
     72.431    13.3698    34.3840  1026.1670     1.7882     3.7681     63.831   -0.00502    5.90331    5.90072      8.449     0.0072   10.72458   4.070652 9.9999e+04    25.8431    25.8411 1.0000e-12     73.000          1       4106    1501.90 0.0000e+00  53037.492    171.056 1603968120       0.08      0.535   40.39286  -71.68106 0.0000e+00
     73.423    13.4077    34.4017  1026.1774     1.7829     3.7692     63.909   -0.00048    5.89774    5.89509      8.473     0.0072   10.71515   4.076280 9.9999e+04    25.8491    25.8470 1.0000e-12     74.000          1       4216    1502.06 0.0000e+00  53057.396    175.621 1603968125       0.26      0.478   40.39286  -71.68106 0.0000e+00
     74.421    13.4411    34.4205  1026.1896     1.7789     3.7584     63.718   -0.00039    5.89840    5.89575      8.451     0.0073   10.71628   4.081152 -3.184e+04    25.8569    25.8548 1.0000e-12     75.000          1       4830    1502.21 5.2072e+00  53079.484    201.191 1603968150      -0.17      0.149   40.39289  -71.68112 0.0000e+00
     73.412    13.4314    34.4084  1026.1777     1.7805     3.7644     63.826    0.00007    5.89797    5.89532      8.450     0.0029   10.71557   4.078864 3.2998e+04    25.8495    25.8474 1.0000e-12     74.000          1       5126    1502.14 2.6462e+00  53063.414    213.526 1603968163      -0.18     -0.415   40.39291  -71.68114 0.0000e+00
     72.425    13.4010    34.3935  1026.1679     1.7823     3.7729     63.919    0.00025    5.90263    5.90002      8.420     0.0072   10.72352   4.074278 8.9887e+04    25.8441    25.8421 1.0000e-12     73.000          1       5634    1502.01 5.7155e-01  53046.375    234.727 1603968184      -0.04     -0.148   40.39294  -71.68119 0.0000e+00
     71.441    13.3693    34.3791  1026.1589     1.7875     3.7830     64.257    0.00184    5.88724    5.88440      8.421     0.0140   10.69877   4.069551 -9.990e-29    25.8395    25.8374 1.0000e-12     72.000          1       5769    1501.87 4.2263e+00  53030.321    240.314 1603968190      -0.29     -0.271   40.39294  -71.68120 0.0000e+00
     70.437    13.4107    34.3646  1026.1347     1.8036     3.8818     65.631    0.00954    5.91456    5.91198      8.426     0.0021   10.74505   4.073098 -9.990e-29    25.8197    25.8177 1.0000e-12     71.000          1       5794    1501.97 3.9492e+00  53004.205    241.374 1603968191      -0.19     -0.702   40.39294  -71.68120 0.0000e+00
     69.452    13.5276    34.3149  1026.0678     1.8229     3.9642     66.776    0.01194    5.93658    5.93423      8.427     0.0056   10.78242   4.077427 -9.990e-29    25.7574    25.7554 1.0000e-12     70.000          1       5836    1502.28 3.9495e+00  52919.172    243.117 1603968192       0.17     -0.593   40.39294  -71.68120 0.0000e+00
     68.454    13.2582    34.1833  1026.0166     1.8352     3.9771     66.900    0.00541    5.94492    5.94264      8.423    -0.0045   10.79668   4.036563 9.9999e+04    25.7102    25.7083 1.0000e-12     69.000          1       5895    1501.22 2.0437e+00  52773.124    245.572 1603968195      -0.12     -0.455   40.39294  -71.68120 0.0000e+00
     67.472    13.0471    34.0936  1025.9854     1.8417     3.9879     66.888    0.00095    5.96204    5.95988      8.422    -0.0090   10.82643   4.006710 9.9999e+04    25.6831    25.6813 1.0000e-12     68.000          1       5979    1500.40 -4.925e-02  52677.461    249.083 1603968198      -0.53     -0.465   40.39295  -71.68121 0.0000e+00
     66.466    13.0002    34.0545  1025.9600     1.8504     4.0339     67.665    0.00565    5.96166    5.95949      8.425    -0.0129   10.82586   3.999504 9.9999e+04    25.6621    25.6603 1.0000e-12     67.000          1       6003    1500.18 0.0000e+00  52629.259    250.080 1603968199      -0.20     -0.886   40.39296  -71.68122 0.0000e+00
     65.481    13.0298    33.9729  1025.8865     1.8664     4.0698     68.195    0.00232    5.96796    5.96580      8.421    -0.0128   10.83727   3.993322 9.9999e+04    25.5930    25.5912 1.0000e-12     66.000          1       6081    1500.17 0.0000e+00  52511.675    253.352 1603968203       0.01     -0.368   40.39296  -71.68122 0.0000e+00
     64.488    12.9569    33.8589  1025.8084     1.8411     3.9240     65.679   -0.01467    5.97457    5.97245      8.410    -0.0079   10.84901   3.974741 9.9999e+04    25.5192    25.5175 1.0000e-12     65.000          1       6150    1499.77 0.0000e+00  52363.122    256.226 1603968205      -0.09     -0.502   40.39296  -71.68122 0.0000e+00
     63.496    12.9812    33.8231  1025.7713     1.8263     3.9232     65.628   -0.00549    5.97794    5.97582      8.406    -0.0002   10.85533   3.973390 9.9999e+04    25.4866    25.4849 1.0000e-12     64.000          1       6211    1499.79 0.0000e+00  52309.632    258.732 1603968208       0.06     -0.390   40.39296  -71.68122 0.0000e+00
     62.508    12.9807    33.7317  1025.6962     1.8338     3.9747     66.736    0.00484    5.95581    5.95337      8.408    -0.0116   10.81941   3.964198 9.9999e+04    25.4159    25.4142 1.0000e-12     63.000          1       6299    1499.67 0.0000e+00  52182.381    262.411 1603968212      -0.01     -0.230   40.39296  -71.68124 0.0000e+00
     61.515    13.1627    33.6893  1025.6225     1.8524     4.0206     67.676    0.00558    5.94092    5.93831      8.411    -0.0209   10.79462   3.977275 9.9999e+04    25.3468    25.3451 1.0000e-12     62.000          1       6371    1500.21 0.0000e+00  52098.119    265.434 1603968215       0.03     -0.322   40.39296  -71.68124 0.0000e+00
     60.517    13.2618    33.6899  1025.5985     1.8651     4.0539     68.318    0.00593    5.93389    5.93119      8.413    -0.0195   10.78287   3.986990 9.9999e+04    25.3274    25.3257 1.0000e-12     61.000          1       6425    1500.52 0.0000e+00  52085.010    267.673 1603968217      -0.18     -0.520   40.39296  -71.68126 0.0000e+00
     59.526    13.5267    33.7234  1025.5660     1.8959     4.1102     69.637    0.00384    5.90248    5.89944      8.412    -0.0151   10.73050   4.015240 5.2629e+04    25.2997    25.2980 1.0000e-12     60.000          1       7589    1501.42 1.4440e+00  52095.893    316.156 1603968265      -0.01     -0.257   40.39302  -71.68134 0.0000e+00
     58.545    13.6711    33.7428  1025.5470     1.9226     4.1340     71.081    0.00736    5.81584    5.81183      8.419    -0.0197   10.58602   4.031091 -5.142e+03    25.2853    25.2836 1.0000e-12     59.000          1       8167    1501.90 4.1987e+00  52103.635    340.254 1603968289      -0.20     -0.282   40.39306  -71.68138 0.0000e+00
     57.543    13.8948    33.7634  1025.5120     1.9483     4.2117     72.921    0.01656    5.77587    5.77143      8.421    -0.0214   10.51942   4.056194 2.5338e-11    25.2550    25.2533 1.0000e-12     58.000          1       8158    1502.64 3.9495e+00  52103.572    339.863 1603968289      -0.17     -0.662   40.39306  -71.68138 0.0000e+00
     56.550    14.3651    33.8172  1025.4499     1.9896     4.3089     75.185    0.02109    5.73142    5.72650      8.421    -0.0076   10.44538   4.107613 2.5320e-11    25.1979    25.1961 1.0000e-12     57.000          1       8204    1504.21 3.8941e+00  52120.536    341.780 1603968291       0.14     -0.540   40.39306  -71.68138 0.0000e+00
     55.564    15.1562    33.8826  1025.3249     2.0725     4.4348     79.332    0.02605    5.58957    5.58320      8.447    -0.0005   10.20831   4.192383 1.1282e+05    25.0781    25.0762 1.0000e-12     56.000          1       8289    1506.79 1.8467e+00  52121.671    345.319 1603968295      -0.06     -0.215   40.39306  -71.68138 0.0000e+00
