CalculateIndicators/WaterTemperature/Data/CTD_NYOS/20200205_C08.cnv
* Sea-Bird SBE 9 Data File:
* FileName = C:\Seabird 9 CTD\Data\2020\202002_offshore\20200205_C08.hex
* Software Version Seasave V 7.23.2
* Temperature SN = 4590
* Conductivity SN = 3228
* Number of Bytes Per Scan = 44
* Number of Voltage Words = 5
* Number of Scans Averaged by the Deck Unit = 1
* NMEA Latitude = 38 31.86 N
* NMEA Longitude = 073 04.51 W
* NMEA UTC (Time) = Feb 09 2020  11:23:35
* NMEA baud rate = 4800
** Ship: rv seawolf
** Station: 7.6
** Operator: eih
# nquan = 35
# nvalues = 601                         
# units = specified
# name 0 = depSM: Depth [salt water, m]
# name 1 = t090C: Temperature [ITS-90, deg C]
# name 2 = sal00: Salinity, Practical [PSU]
# name 3 = density00: Density [density, kg/m^3]
# name 4 = sbeox0V: Oxygen raw, SBE 43 [V]
# name 5 = sbeox0ML/L: Oxygen, SBE 43 [ml/l]
# name 6 = sbeox0PS: Oxygen, SBE 43 [% saturation]
# name 7 = sbox0dV/dT: Oxygen, SBE 43 [dov/dt]
# name 8 = oxsolML/L: Oxygen Saturation, Garcia & Gordon [ml/l]
# name 9 = oxsatML/L: Oxygen Saturation, Weiss [ml/l]
# name 10 = ph: pH
# name 11 = flECO-AFL: Fluorescence, WET Labs ECO-AFL/FL [mg/m^3]
# name 12 = n2satML/L: Nitrogen Saturation [ml/l]
# name 13 = c0S/m: Conductivity [S/m]
# name 14 = cpar: CPAR/Corrected Irradiance [%]
# name 15 = sigma-é00: Density [sigma-theta, kg/m^3]
# name 16 = sigma-t00: Density [sigma-t, kg/m^3 ]
# name 17 = par: PAR/Irradiance, Biospherical/Licor
# name 18 = prDM: Pressure, Digiquartz [db]
# name 19 = pumps: Pump Status
# name 20 = scan: Scan Count
# name 21 = svCM: Sound Velocity [Chen-Millero, m/s]
# name 22 = spar: SPAR, Biospherical/Licor
# name 23 = specc: Specific Conductance [uS/cm]
# name 24 = timeS: Time, Elapsed [seconds]
# name 25 = timeY: Time, System [seconds]
# name 26 = accM: Acceleration [m/s^2]
# name 27 = dz/dtM: Descent Rate [m/s]
# name 28 = latitude: Latitude [deg]
# name 29 = longitude: Longitude [deg]
# name 30 = gsw_saA0: Absolute Salinity [g/kg]
# name 31 = gsw_densityA0: density, TEOS-10 [density, kg/m^3]
# name 32 = gsw_sigma0A0: density, TEOS-10 [sigma-0, kg/m^3 ]
# name 33 = gsw_ptA0: potential temperature [ITS-90, deg C]
# name 34 = flag: flag
# span 0 =      1.000,    301.000       
# span 1 =     9.0274,    14.4827       
# span 2 =    33.5266,    35.7669       
# span 3 =  1025.9248,  1028.6410       
# span 4 =     1.4417,     2.4992       
# span 5 =     3.0575,     6.4659       
# span 6 =     48.791,     99.841       
# span 7 =   -0.02842,    0.02390       
# span 8 =    5.72902,    6.47762       
# span 9 =    5.72513,    6.48196       
# span 10 =      8.081,      8.327      
# span 11 =    -0.0543,     0.5659      
# span 12 =   10.42234,   11.68481      
# span 13 =   3.597847,   4.315574      
# span 14 = -1.932e+04, 1.0885e+05      
# span 15 =    25.9203,    27.2721      
# span 16 =    25.9203,    27.2667      
# span 17 = -4.331e-04, 2.2089e+01      
# span 18 =      1.011,    303.487      
# span 19 =          1,          1      
# span 20 =        343,      57609      
# span 21 =    1485.37,    1507.94      
# span 22 = -4.897e-01, 1.3180e+02      
# span 23 =  52494.514,  55093.409      
# span 24 =     14.263,   2400.320      
# span 25 = 1581247432, 1581249819      
# span 26 =      -0.69,       0.77      
# span 27 =     -0.922,      1.047      
# span 28 =   38.52446,   38.53104      
# span 29 =  -73.08414,  -73.07528      
# span 30 =    33.6851,    35.9347      
# span 31 =  1025.9278,  1028.6449      
# span 32 =    25.9231,    27.2760      
# span 33 =     8.9939,    14.4672      
# span 34 = 0.0000e+00, 0.0000e+00      
# interval = meters: 1                  
# start_time = Feb 09 2020 11:23:39 [System UTC, first data scan.]
# bad_flag = -9.990e-29
*END*
[from data line 249]
    250.000    11.3557    35.4431  1028.1857     1.4791     3.0814     50.200   -0.00157    6.13826    6.13955      8.132    -0.0294   11.10168   3.993334 1.6863e-11    27.0612    27.0553 1.0000e-12    252.044          1      15379    1499.30 -9.990e-29  54926.770    640.738 1581248059       0.32      0.753   38.52904  -73.07761    35.6046  1028.1842    27.0598    11.3237 0.0000e+00
    251.000    11.1927    35.4253  1028.2072     1.4755     3.0819     50.089   -0.00113    6.15287    6.15434      8.131    -0.0364   11.12601   3.975314 1.4888e-11    27.0774    27.0715 1.0000e-12    253.057          1      15446    1498.73 6.9028e+00  54932.332    643.524 1581248062      -0.08      0.380   38.52904  -73.07762    35.5814  1028.2017    27.0719    11.1610 0.0000e+00
    252.000    11.0615    35.4086  1028.2235     1.4714     3.0738     49.899   -0.00112    6.16002    6.16159      8.127    -0.0282   11.13791   3.961491 1.4461e-11    27.0885    27.0827 1.0000e-12    254.073          1      15532    1498.27 7.0520e+00  54934.120    647.137 1581248066       0.08      0.298   38.52902  -73.07762    35.5694  1028.2216    27.0866    11.0298 0.0000e+00
    253.000    11.0451    35.4063  1028.2293     1.4705     3.0749     49.917   -0.00068    6.16000    6.16157      8.127    -0.0321   11.13788   3.959887 5.6398e+04    27.0897    27.0839 1.0000e-12    255.076          1      15567    1498.23 2.7014e+00  54934.616    648.600 1581248067       0.18      0.615   38.52902  -73.07764    35.5687  1028.2286    27.0890    11.0133 0.0000e+00
    254.000    11.0402    35.4050  1028.2337     1.4699     3.0752     49.916   -0.00046    6.16074    6.16232      8.127    -0.0331   11.13913   3.959461 9.7403e+04    27.0895    27.0837 1.0000e-12    256.082          1      15608    1498.23 1.6014e-01  54934.292    650.289 1581248069      -0.09      0.616   38.52902  -73.07765    35.5687  1028.2341    27.0900    11.0083 0.0000e+00
    255.000    11.0285    35.4024  1028.2384     1.4694     3.0791     49.947   -0.00013    6.16470    6.16633      8.124    -0.0372   11.14571   3.958269 -2.802e+03    27.0897    27.0838 1.0000e-12    257.098          1      15689    1498.20 7.3722e+00  54933.494    653.673 1581248072      -0.02      0.216   38.52901  -73.07766    35.5676  1028.2399    27.0912    10.9965 0.0000e+00
    256.000    11.0103    35.3999  1028.2444     1.4683     3.0722     49.833   -0.00059    6.16487    6.16650      8.122    -0.0403   11.14601   3.956299 -1.814e+02    27.0911    27.0852 1.0000e-12    258.106          1      15736    1498.15 7.0966e+00  54934.103    655.641 1581248074       0.25      0.535   38.52900  -73.07767    35.5650  1028.2458    27.0925    10.9782 0.0000e+00
    257.000    10.9972    35.3978  1028.2498     1.4676     3.0750     49.849   -0.00028    6.16868    6.17037      8.123    -0.0297   11.15235   3.954884 1.4549e-11    27.0919    27.0860 1.0000e-12    259.111          1      15789    1498.12 6.5749e+00  54934.288    657.834 1581248076      -0.00      0.454   38.52900  -73.07769    35.5630  1028.2513    27.0934    10.9650 0.0000e+00
    258.000    10.9751    35.3954  1028.2565     1.4664     3.0725     49.788   -0.00039    6.17115    6.17287 -9.990e-29    -0.0276   11.15645   3.952689 1.2717e-11    27.0940    27.0881 1.0000e-12    260.123          1      15855    1498.05 -9.990e-29  54935.713    660.577 1581248079       0.40      0.449   38.52899  -73.07770    35.5619  1028.2591    27.0966    10.9428 0.0000e+00
    259.000    10.9615    35.3934  1028.2620     1.4658     3.0709     49.756   -0.00042    6.17200    6.17373 -9.990e-29    -0.0329   11.15786   3.951195 1.3286e-11    27.0950    27.0891 1.0000e-12    261.126          1      15893    1498.02 -9.990e-29  54936.172    662.182 1581248081      -0.07      0.621   38.52898  -73.07770    35.5596  1028.2643    27.0973    10.9291 0.0000e+00
    260.000    10.9392    35.3898  1028.2679     1.4637     3.0762     49.626   -0.00082    6.19888    6.20096      8.121    -0.0315   11.20256   3.948622 1.3387e-11    27.0962    27.0903 1.0000e-12    262.146          1      15985    1497.95 -9.990e-29  54936.073    665.998 1581248085       0.05      0.117   38.52898  -73.07772    35.5549  1028.2693    27.0976    10.9067 0.0000e+00
    261.000    10.8410    35.3766  1028.2804     1.4611     3.0717     49.436   -0.00137    6.21358    6.21587      8.119    -0.0399   11.22700   3.937209 1.2667e-11    27.1036    27.0978 1.0000e-12    263.146          1      16022    1497.61 -9.990e-29  54936.988    667.540 1581248086       0.32      0.640   38.52896  -73.07772    35.5346  1028.2764    27.0996    10.8086 0.0000e+00
    262.000    10.7296    35.3658  1028.2971     1.4594     3.0699     49.381   -0.00116    6.21667    6.21899 -9.990e-29    -0.0316   11.23215   3.925512 1.2922e-11    27.1152    27.1094 1.0000e-12    264.155          1      16060    1497.22 -9.990e-29  54943.991    669.123 1581248088      -0.14      0.676   38.52896  -73.07772    35.5242  1028.2934    27.1115    10.6973 0.0000e+00
    263.000    10.6156    35.3522  1028.3121     1.4572     3.0730     49.345   -0.00068    6.22758    6.23005 -9.990e-29    -0.0337   11.25028   3.913384 1.2789e-11    27.1250    27.1193 1.0000e-12    265.164          1      16133    1496.82 -9.990e-29  54947.947    672.165 1581248091       0.07      0.293   38.52895  -73.07773    35.5118  1028.3092    27.1222    10.5834 0.0000e+00
    264.000    10.5612    35.3452  1028.3211     1.4538     3.0679     49.127   -0.00121    6.24475    6.24746 -9.990e-29    -0.0495   11.27879   3.907652 1.2758e-11    27.1292    27.1235 1.0000e-12    266.182          1      16210    1496.64 -9.990e-29  54949.545    675.369 1581248094       0.14      0.434   38.52894  -73.07774    35.5060  1028.3193    27.1274    10.5290 0.0000e+00
    265.000    10.4999    35.3369  1028.3304     1.4536     3.0685     49.164   -0.00083    6.24142    6.24408      8.115    -0.0483   11.27334   3.900473 1.2661e-11    27.1336    27.1279 1.0000e-12    267.183          1      16236    1496.42 -9.990e-29  54950.841    676.449 1581248095       0.38      0.702   38.52894  -73.07774    35.4924  1028.3244    27.1276    10.4677 0.0000e+00
    266.000    10.4303    35.3312  1028.3431     1.4529     3.0761     49.233   -0.00014    6.24819    6.25095      8.114    -0.0306   11.28455   3.893819 1.3052e-11    27.1414    27.1357 1.0000e-12    268.186          1      16295    1496.19 7.8989e+00  54957.292    678.906 1581248098       0.09      0.493   38.52894  -73.07775    35.4921  1028.3413    27.1396    10.3981 0.0000e+00
    267.000    10.4075    35.3263  1028.3479     1.4507     3.0703     49.041   -0.00091    6.26059    6.26352 -9.990e-29    -0.0312   11.30514   3.891341 5.2392e+04    27.1416    27.1359 1.0000e-12    269.211          1      16391    1496.12 3.5634e+00  54955.661    682.911 1581248102       0.16      0.262   38.52892  -73.07776    35.4886  1028.3473    27.1409    10.3752 0.0000e+00
    268.000    10.3467    35.3210  1028.3594     1.4504     3.0774     49.118   -0.00030    6.26546    6.26845      8.111    -0.0329   11.31322   3.885022 9.9691e+04    27.1482    27.1425 1.0000e-12    270.208          1      16416    1495.91 2.3387e-02  54961.207    683.970 1581248103       0.24      0.696   38.52892  -73.07776    35.4830  1028.3584    27.1473    10.3144 0.0000e+00
    269.000    10.3179    35.3177  1028.3665     1.4505     3.0772     49.136   -0.00017    6.26263    6.26558      8.111    -0.0296   11.30854   3.881980 9.9999e+04    27.1506    27.1450 1.0000e-12    271.216          1      16449    1495.82 0.0000e+00  54963.036    685.354 1581248104      -0.07      0.755   38.52892  -73.07778    35.4796  1028.3655    27.1497    10.2856 0.0000e+00
    270.000    10.2515    35.3097  1028.3768     1.4498     3.0855     49.125   -0.00016    6.28092    6.28413      8.110    -0.0311   11.33894   3.874874 6.7170e+04    27.1560    27.1504 1.0000e-12    272.227          1      16532    1495.59 2.3153e+00  54966.048    688.793 1581248107       0.08      0.310   38.52891  -73.07778    35.4714  1028.3756    27.1549    10.2192 0.0000e+00
    271.000    10.1740    35.3008  1028.3882     1.4482     3.0827     48.987   -0.00071    6.29287    6.29624 -9.990e-29    -0.0450   11.35880   3.866432 -3.261e+03    27.1625    27.1569 1.0000e-12    273.241          1      16599    1495.32 7.1053e+00  54970.077    691.592 1581248110       0.17      0.512   38.52890  -73.07780    35.4604  1028.3855    27.1597    10.1417 0.0000e+00
    272.000    10.1121    35.2935  1028.3982     1.4469     3.0804     48.909   -0.00084    6.29809    6.30153      8.108    -0.0350   11.36747   3.859863 1.4348e-11    27.1675    27.1619 1.0000e-12    274.239          1      16631    1495.11 7.1088e+00  54973.368    692.916 1581248112       0.03      0.708   38.52890  -73.07780    35.4531  1028.3954    27.1648    10.0798 0.0000e+00
    273.000    10.0355    35.2841  1028.4090     1.4448     3.0806     48.856   -0.00050    6.30547    6.30901      8.106    -0.0312   11.37974   3.851866 1.2504e-11    27.1733    27.1678 1.0000e-12    275.256          1      16710    1494.84 7.9720e+00  54976.770    696.229 1581248115      -0.04      0.254   38.52889  -73.07782    35.4456  1028.4077    27.1721    10.0032 0.0000e+00
    274.000     9.9846    35.2781  1028.4179     1.4444     3.0869     48.916   -0.00004    6.31059    6.31421 -9.990e-29    -0.0342   11.38824   3.846546 1.2660e-11    27.1774    27.1719 1.0000e-12    276.265          1      16785    1494.67 7.8989e+00  54979.778    699.336 1581248118       0.01      0.330   38.52888  -73.07782    35.4403  1028.4172    27.1767     9.9523 0.0000e+00
    275.000     9.9504    35.2747  1028.4258     1.4440     3.0844     48.872   -0.00024    6.31125    6.31488      8.103    -0.0370   11.38937   3.843197 1.2660e-11    27.1806    27.1751 1.0000e-12    277.274          1      16841    1494.56 7.8989e+00  54982.787    701.670 1581248120       0.03      0.442   38.52888  -73.07784    35.4389  1028.4267    27.1815     9.9180 0.0000e+00
    276.000     9.9449    35.2729  1028.4300     1.4435     3.0874     48.845   -0.00031    6.32072    6.32448      8.102    -0.0348   11.40508   3.842595 1.2660e-11    27.1802    27.1746 1.0000e-12    278.279          1      16896    1494.55 7.8989e+00  54982.170    703.979 1581248123      -0.08      0.408   38.52888  -73.07786    35.4376  1028.4311    27.1814     9.9125 0.0000e+00
    277.000     9.8550    35.2636  1028.4431 -9.990e-29     3.0952     48.876   -0.00001    6.33284    6.33677 -9.990e-29    -0.0274   11.42520   3.832817 1.2660e-11    27.1882    27.1827 1.0000e-12    279.293          1      16988    1494.23 7.8989e+00  54988.834    707.791 1581248126       0.13      0.232   38.52886  -73.07786    35.4246  1028.4414    27.1866     9.8226 0.0000e+00
    278.000     9.8038    35.2590  1028.4531     1.4435     3.0998     48.948    0.00027    6.33284    6.33677      8.099    -0.0322   11.42520   3.827787 1.2660e-11    27.1934    27.1879 1.0000e-12    280.299          1      17038    1494.06 7.8989e+00  54994.065    709.890 1581248129       0.01      0.469   38.52886  -73.07788    35.4225  1028.4533    27.1936     9.7714 0.0000e+00
    279.000     9.7941    35.2575  1028.4581     1.4433     3.0982     48.902   -0.00005    6.33549    6.33946      8.099    -0.0377   11.42961   3.826917 1.2660e-11    27.1939    27.1883 1.0000e-12    281.307          1      17095    1494.04 7.8989e+00  54994.668    712.248 1581248131      -0.03      0.425   38.52886  -73.07789    35.4226  1028.4596    27.1953     9.7616 0.0000e+00
    280.000     9.7680    35.2540  1028.4645     1.4439     3.1033     48.910   -0.00007    6.34489    6.34899      8.099    -0.0417   11.44522   3.824116 1.0721e+05    27.1955    27.1900 1.0000e-12    282.319          1      17178    1493.96 6.1492e+00  54995.999    715.728 1581248134      -0.01      0.251   38.52884  -73.07790    35.4188  1028.4657    27.1968     9.7355 0.0000e+00
    281.000     9.7349    35.2509  1028.4724     1.4433     3.1090     48.935    0.00001    6.35317    6.35740      8.098    -0.0483   11.45892   3.820661 9.9999e+04    27.1987    27.1932 1.0000e-12    283.331          1      17237    1493.85 -2.076e-01  54999.463    718.147 1581248137       0.24      0.467   38.52884  -73.07792    35.4151  1028.4732    27.1995     9.7023 0.0000e+00
    282.000     9.6677    35.2438  1028.4831     1.4448     3.1292     49.154    0.00083    6.36629    6.37070      8.097    -0.0331   11.48074   3.813118 7.7823e+04    27.2045    27.1990 1.0000e-12    284.330          1      17282    1493.62 1.7955e+00  55004.728    720.054 1581248139       0.14      0.557   38.52884  -73.07792    35.4027  1028.4797    27.2011     9.6351 0.0000e+00
    283.000     9.4963    35.2286  1028.5055     1.4471     3.1551     49.424    0.00175    6.38375    6.38841 -9.990e-29    -0.0293   11.50967   3.794878 4.0566e+03    27.2212    27.2158 1.0000e-12    285.338          1      17356    1492.99 7.5809e+00  55021.750    723.126 1581248142       0.49      0.537   38.52884  -73.07794    35.3817  1028.4975    27.2133     9.4639 0.0000e+00
    284.000     9.4096    35.2225  1028.5201     1.4494     3.1569     49.357    0.00031    6.39594    6.40078      8.095    -0.0262   11.52994   3.786912 1.2660e-11    27.2308    27.2254 1.0000e-12    286.356          1      17444    1492.69 7.8989e+00  55033.080    726.812 1581248146       0.13      0.352   38.52882  -73.07795    35.3837  1028.5186    27.2293     9.3773 0.0000e+00
    285.000     9.3597    35.2158  1028.5280     1.4494     3.1575     49.336    0.00010    6.40003    6.40492      8.094    -0.0282   11.53673   3.781543 1.2660e-11    27.2338    27.2285 1.0000e-12    287.356          1      17490    1492.51 7.8989e+00  55035.553    728.702 1581248147       0.22      0.697   38.52882  -73.07796    35.3765  1028.5260    27.2319     9.3274 0.0000e+00
    286.000     9.3266    35.2124  1028.5356     1.4502     3.1650     49.425    0.00037    6.40367    6.40862      8.094    -0.0387   11.54275   3.778287 1.2660e-11    27.2366    27.2313 1.0000e-12    288.368          1      17544    1492.41 7.8989e+00  55038.904    730.968 1581248150      -0.13      0.476   38.52882  -73.07798    35.3747  1028.5349    27.2359     9.2943 0.0000e+00
    287.000     9.2762    35.2105  1028.5472     1.4547     3.1956     49.821    0.00137    6.41420    6.41930      8.092    -0.0289   11.56018   3.773463 1.2660e-11    27.2434    27.2381 1.0000e-12    289.384          1      17654    1492.23 7.8989e+00  55048.270    735.526 1581248154       0.03      0.164   38.52880  -73.07799    35.3737  1028.5472    27.2434     9.2439 0.0000e+00
    288.000     9.2445    35.2090  1028.5560     1.4582     3.2090     49.977    0.00114    6.42100    6.42621 -9.990e-29    -0.0323   11.57144   3.770362 1.2660e-11    27.2474    27.2421 1.0000e-12    290.393          1      17709    1492.13 7.8989e+00  55054.056    737.821 1581248157       0.40      0.468   38.52880  -73.07801    35.3721  1028.5559    27.2473     9.2121 0.0000e+00
    289.000     9.2037    35.2070  1028.5659     1.4606     3.2237     50.196    0.00176    6.42236    6.42759 -9.990e-29    -0.0347   11.57366   3.766264 1.2660e-11    27.2526    27.2473 1.0000e-12    291.392          1      17740    1492.00 7.8989e+00  55061.291    739.113 1581248158      -0.01      0.751   38.52880  -73.07802    35.3692  1028.5650    27.2517     9.1713 0.0000e+00
    290.000     9.1621    35.2047  1028.5757     1.4655     3.2377     50.382    0.00124    6.42630    6.43158      8.092    -0.0322   11.58020   3.762352 1.2660e-11    27.2575    27.2522 1.0000e-12    292.411          1      17828    1491.86 7.8989e+00  55068.177    742.804 1581248161       0.04      0.242   38.52878  -73.07803    35.3689  1028.5764    27.2582     9.1297 0.0000e+00
