CalculateIndicators/WaterTemperature/Data/CTD_NYOS/20201019_C07.cnv
* Sea-Bird SBE 9 Data File:
* FileName = C:\Seabird 9 CTD\Data\2020\202010_offshore\20201019_C07.hex
* Software Version Seasave V 7.23.2
* Temperature SN = 4590
* Conductivity SN = 3228
* Number of Bytes Per Scan = 44
* Number of Voltage Words = 5
* Number of Scans Averaged by the Deck Unit = 1
* NMEA Latitude = 38 56.13 N
* NMEA Longitude = 073 13.00 W
* NMEA UTC (Time) = Oct 20 2020  11:26:34
* NMEA baud rate = 4800
** Ship: seawolf
** Station: 7.5
** Operator: SJW
# nquan = 31
# nvalues = 131                         
# units = specified
# name 0 = depSM: Depth [salt water, m]
# name 1 = t090C: Temperature [ITS-90, deg C]
# name 2 = sal00: Salinity, Practical [PSU]
# name 3 = density00: Density [density, kg/m^3]
# name 4 = sbeox0V: Oxygen raw, SBE 43 [V]
# name 5 = sbeox0ML/L: Oxygen, SBE 43 [ml/l]
# name 6 = sbeox0PS: Oxygen, SBE 43 [% saturation]
# name 7 = sbox0dV/dT: Oxygen, SBE 43 [dov/dt]
# name 8 = oxsolML/L: Oxygen Saturation, Garcia & Gordon [ml/l]
# name 9 = oxsatML/L: Oxygen Saturation, Weiss [ml/l]
# name 10 = ph: pH
# name 11 = flECO-AFL: Fluorescence, WET Labs ECO-AFL/FL [mg/m^3]
# name 12 = n2satML/L: Nitrogen Saturation [ml/l]
# name 13 = c0S/m: Conductivity [S/m]
# name 14 = cpar: CPAR/Corrected Irradiance [%]
# name 15 = sigma-é00: Density [sigma-theta, kg/m^3]
# name 16 = sigma-t00: Density [sigma-t, kg/m^3 ]
# name 17 = par: PAR/Irradiance, Biospherical/Licor
# name 18 = prDM: Pressure, Digiquartz [db]
# name 19 = pumps: Pump Status
# name 20 = scan: Scan Count
# name 21 = svCM: Sound Velocity [Chen-Millero, m/s]
# name 22 = spar: SPAR, Biospherical/Licor
# name 23 = specc: Specific Conductance [uS/cm]
# name 24 = timeS: Time, Elapsed [seconds]
# name 25 = timeY: Time, System [seconds]
# name 26 = accM: Acceleration [m/s^2]
# name 27 = dz/dtM: Descent Rate [m/s]
# name 28 = latitude: Latitude [deg]
# name 29 = longitude: Longitude [deg]
# name 30 = flag: flag
# span 0 =      1.980,     66.501       
# span 1 =    12.4689,    18.7499       
# span 2 =    33.4101,    34.2958       
# span 3 =  1024.4439,  1025.8915       
# span 4 =     1.7753,     2.4762       
# span 5 =     3.7797,     5.1483       
# span 6 =     62.926,     96.544       
# span 7 =   -0.04821,    0.05119       
# span 8 =    5.31836,    6.03465       
# span 9 =    5.30954,    6.03314       
# span 10 =      8.307,      8.464      
# span 11 =     0.0541,     0.2342      
# span 12 =    9.75543,   10.95064      
# span 13 =   3.902278,   4.583034      
# span 14 = 1.7623e-12, 3.0717e+01      
# span 15 =    24.4352,    25.5979      
# span 16 =    24.4351,    25.5962      
# span 17 = 1.0000e-12, 2.7407e+01      
# span 18 =      2.000,     67.000      
# span 19 =          1,          1      
# span 20 =          8,      14341      
# span 21 =    1497.56,    1517.77      
# span 22 = 2.0876e+01, 8.9049e+01      
# span 23 =  51632.076,  52529.635      
# span 24 =      0.312,    597.485      
# span 25 = 1603193197, 1603193794      
# span 26 =      -0.82,       0.68      
# span 27 =     -1.402,      0.931      
# span 28 =   38.93556,   38.93671      
# span 29 =  -73.21945,  -73.21667      
# span 30 = 0.0000e+00, 0.0000e+00      
# interval = decibars: 1                
# start_time = Oct 20 2020 11:26:36 [System UTC, first data scan.]
# bad_flag = -9.990e-29
*END*
[from data line 94]
     37.701    18.6124    34.2465  1024.7097     2.4355     5.1032     95.886    0.01759    5.32219    5.31340      8.389     0.1513    9.76195   4.567766 1.2109e+00    24.5446    24.5430 8.4960e-01     38.000          1       9219    1517.34 7.0150e+01  52315.106    384.066 1603193580      -0.14     -0.622   38.93642  -73.21839 0.0000e+00
     36.725    18.7391    34.2852  1024.7032     2.4519     5.0919     95.731    0.00115    5.31888    5.31006      8.388     0.1327    9.75635   4.582412 1.3315e+00    24.5425    24.5409 9.1944e-01     37.000          1       9308    1517.73 6.9050e+01  52358.576    387.796 1603193584      -0.41     -0.173   38.93644  -73.21840 0.0000e+00
     35.722    18.7391    34.2870  1024.7002     2.4543     5.0992     95.872    0.00165    5.31876    5.30994      8.387     0.1405    9.75617   4.582435 1.4313e+00    24.5438    24.5422 1.0010e+00     36.000          1       9351    1517.72 6.9926e+01  52360.533    389.601 1603193586       0.07     -0.456   38.93644  -73.21842 0.0000e+00
     34.736    18.7491    34.2892  1024.6950     2.4552     5.0960     95.800   -0.00024    5.31944    5.31062      8.387     0.1322    9.75731   4.582975 1.5422e+00    24.5430    24.5414 1.0966e+00     35.000          1       9431    1517.73 7.1190e+01  52362.420    392.928 1603193589      -0.12     -0.265   38.93644  -73.21844 0.0000e+00
     33.740    18.7410    34.2860  1024.6902     2.4575     5.1040     95.948    0.00063    5.31953    5.31072      8.387     0.1605    9.75747   4.581518 1.6944e+00    24.5425    24.5410 1.1923e+00     34.000          1       9493    1517.69 6.9354e+01  52358.156    395.483 1603193592       0.02     -0.343   38.93644  -73.21845 0.0000e+00
     32.753    18.7388    34.2854  1024.6859     2.4581     5.1023     95.907   -0.00037    5.32005    5.31124 -9.990e-29     0.1547    9.75835   4.580939 1.8624e+00    24.5426    24.5412 1.2889e+00     33.000          1       9559    1517.67 6.9243e+01  52357.000    398.269 1603193595      -0.41     -0.387   38.93644  -73.21846 0.0000e+00
     31.752    18.7375    34.2847  1024.6813     2.4579     5.1039     95.928    0.00026    5.32055    5.31174      8.387     0.1495    9.75919   4.580599 1.9754e+00    24.5423    24.5409 1.4085e+00     32.000          1       9610    1517.64 7.1300e+01  52355.629    400.395 1603193597      -0.07     -0.460   38.93645  -73.21849 0.0000e+00
     30.762    18.7308    34.2829  1024.6772     2.4583     5.1059     95.932    0.00031    5.32242    5.31363      8.387     0.1705    9.76236   4.579488 2.1726e+00    24.5426    24.5412 1.5381e+00     31.000          1       9691    1517.61 7.0817e+01  52353.110    403.744 1603193600      -0.13     -0.394   38.93645  -73.21850 0.0000e+00
     29.773    18.7206    34.2791  1024.6725     2.4581     5.1095     95.895   -0.00010    5.32828    5.31953      8.387     0.1767    9.77231   4.577885 2.3805e+00    24.5422    24.5409 1.6522e+00     30.000          1       9749    1517.56 6.9400e+01  52348.038    406.168 1603193603      -0.05     -0.405   38.93646  -73.21851 0.0000e+00
     28.777    18.6832    34.2649  1024.6667     2.4554     5.1010     95.693   -0.00122    5.33061    5.32187 -9.990e-29     0.1944    9.77624   4.572142 2.4639e+00    24.5407    24.5394 1.7845e+00     29.000          1       9800    1517.42 7.2413e+01  52330.639    408.286 1603193605       0.06     -0.465   38.93646  -73.21853 0.0000e+00
     27.787    18.6374    34.2477  1024.6607     2.4564     5.1083     95.832    0.00055    5.33055    5.32181 -9.990e-29     0.2019    9.77618   4.565652 2.7089e+00    24.5390    24.5378 1.9682e+00     28.000          1       9871    1517.25 7.3021e+01  52309.800    411.255 1603193608      -0.03     -0.316   38.93646  -73.21854 0.0000e+00
     26.796    18.6431    34.2450  1024.6528     2.4547     5.0996     95.665   -0.00063    5.33069    5.32195 -9.990e-29     0.1876    9.77649   4.565922 3.0732e+00    24.5355    24.5343 2.1374e+00     27.000          1       9948    1517.25 6.9480e+01  52305.231    414.470 1603193611       0.03     -0.279   38.93647  -73.21856 0.0000e+00
     25.801    18.6494    34.2411  1024.6438     2.4570     5.1125     95.873    0.00129    5.33261    5.32389 -9.990e-29     0.1793    9.77975   4.566025 3.1888e+00    24.5308    24.5297 2.2854e+00     26.000          1       9996    1517.24 7.1781e+01  52298.953    416.466 1603193613      -0.26     -0.555   38.93648  -73.21858 0.0000e+00
     24.805    18.6350    34.2348  1024.6382     2.4587     5.1168     95.948    0.00116    5.33284    5.32412 -9.990e-29     0.1712    9.78015   4.563752 3.4093e+00    24.5296    24.5285 2.4875e+00     25.000          1      10037    1517.18 7.2963e+01  52290.855    418.166 1603193615       0.09     -0.607   38.93648  -73.21858 0.0000e+00
     23.814    18.6221    34.2286  1024.6324     2.4601     5.1175     95.957    0.00016    5.33310    5.32438      8.389     0.1463    9.78059   4.561774 3.7711e+00    24.5281    24.5270 2.6807e+00     24.000          1      10202    1517.12 7.1084e+01  52282.795    425.029 1603193621      -0.14     -0.234   38.93648  -73.21862 0.0000e+00
     22.814    18.6218    34.2290  1024.6283     2.4612     5.1211     96.031    0.00086    5.33279    5.32406      8.406     0.1447    9.78006   4.561809 3.9641e+00    24.5284    24.5274 2.9314e+00     23.000          1      11263    1517.10 7.3937e+01  52282.844    469.263 1603193666      -0.25     -0.590   38.93655  -73.21884 0.0000e+00
     21.834    18.6255    34.2297  1024.6236     2.4630     5.1244     96.097    0.00085    5.33258    5.32385      8.406     0.1150    9.77981   4.562235 4.3019e+00    24.5280    24.5270 3.1597e+00     22.000          1      11536    1517.09 7.3427e+01  52283.014    480.617 1603193677      -0.08     -0.244   38.93656  -73.21890 0.0000e+00
     20.842    18.6290    34.2213  1024.6119     2.4679     5.1351     96.375    0.00191    5.32830    5.31953      8.406     0.1162    9.77277   4.561548 4.6014e+00    24.5206    24.5197 3.3605e+00     21.000          1      11593    1517.08 7.3031e+01  52270.809    482.996 1603193679       0.05     -0.337   38.93656  -73.21892 0.0000e+00
     19.846    18.6651    34.2140  1024.5928     2.4683     5.1282     96.270   -0.00010    5.32692    5.31814      8.406     0.1069    9.77046   4.564370 4.8770e+00    24.5059    24.5050 3.6098e+00     20.000          1      11642    1517.16 7.4011e+01  52257.985    485.041 1603193681      -0.13     -0.521   38.93656  -73.21892 0.0000e+00
     18.856    18.6866    34.2150  1024.5838     2.4688     5.1299     96.312    0.00045    5.32628    5.31749      8.406     0.1062    9.76945   4.566526 5.1968e+00    24.5013    24.5004 3.8655e+00     19.000          1      11710    1517.20 7.4406e+01  52257.505    487.868 1603193684       0.09     -0.314   38.93657  -73.21894 0.0000e+00
     17.862    18.6947    34.2110  1024.5743     2.4703     5.1334     96.373    0.00042    5.32663    5.31784      8.406     0.1118    9.77008   4.566726 5.6118e+00    24.4961    24.4953 4.1342e+00     18.000          1      11775    1517.21 7.3676e+01  52250.960    490.589 1603193687       0.04     -0.406   38.93658  -73.21895 0.0000e+00
     16.872    18.6949    34.2051  1024.5654     2.4720     5.1385     96.449    0.00057    5.32772    5.31895      8.406     0.1131    9.77198   4.565964 5.7930e+00    24.4915    24.4907 4.3488e+00     17.000          1      11849    1517.18 7.5070e+01  52242.404    493.682 1603193690      -0.10     -0.315   38.93658  -73.21897 0.0000e+00
     15.876    18.6877    34.1993  1024.5583     2.4714     5.1346     96.362   -0.00040    5.32841    5.31964      8.407     0.1201    9.77318   4.564463 6.3438e+00    24.4888    24.4881 4.7712e+00     16.000          1      11901    1517.14 7.5144e+01  52234.431    495.850 1603193692      -0.01     -0.461   38.93658  -73.21898 0.0000e+00
     14.891    18.6785    34.1902  1024.5494     2.4721     5.1395     96.408    0.00018    5.33103    5.32227      8.407     0.1269    9.77769   4.562367 6.5488e+00    24.4842    24.4835 4.8578e+00     15.000          1      11992    1517.09 7.4179e+01  52222.215    499.636 1603193696      -0.16     -0.187   38.93658  -73.21900 0.0000e+00
     13.892    18.6630    34.1791  1024.5403     2.4739     5.1463     96.533    0.00099    5.33116    5.32240      8.408     0.1232    9.77793   4.559419 6.9832e+00    24.4795    24.4789 5.3504e+00     14.000          1      12035    1517.01 7.6607e+01  52207.549    501.403 1603193698       0.00     -0.555   38.93658  -73.21900 0.0000e+00
     12.899    18.6598    34.1750  1024.5337     2.4737     5.1420     96.450   -0.00012    5.33123    5.32247      8.409     0.1259    9.77810   4.558638 7.5531e+00    24.4772    24.4766 5.7379e+00     13.000          1      12087    1516.98 7.5994e+01  52201.777    503.574 1603193700       0.01     -0.466   38.93659  -73.21900 0.0000e+00
     11.909    18.6595    34.1685  1024.5244     2.4733     5.1407     96.425    0.00003    5.33126    5.32249      8.410     0.1231    9.77820   4.557811 8.0764e+00    24.4722    24.4717 6.0551e+00     12.000          1      12159    1516.96 7.4967e+01  52192.370    506.567 1603193703       0.00     -0.305   38.93660  -73.21903 0.0000e+00
     10.921    18.6614    34.1635  1024.5157     2.4747     5.1455     96.512    0.00051    5.33143    5.32266      8.415     0.1257    9.77853   4.557365 8.7000e+00    24.4679    24.4674 6.5649e+00     11.000          1      12224    1516.94 7.5447e+01  52185.022    509.278 1603193706      -0.01     -0.370   38.93660  -73.21904 0.0000e+00
      9.920    18.6612    34.1586  1024.5075     2.4749     5.1465     96.530    0.00079    5.33150    5.32274      8.427     0.1335    9.77866   4.556744 9.6357e+00    24.4641    24.4636 7.5087e+00     10.000          1      12858    1516.92 7.7898e+01  52177.722    535.722 1603193732      -0.12     -0.383   38.93663  -73.21916 0.0000e+00
      8.932    18.6610    34.1565  1024.5017     2.4732     5.1380     96.365   -0.00023    5.33183    5.32307      8.419     0.1409    9.77926   4.556441 9.9828e+00    24.4626    24.4622 8.2669e+00      9.000          1      13731    1516.90 8.2810e+01  52174.487    572.103 1603193768      -0.31     -0.481   38.93668  -73.21934 0.0000e+00
      7.936    18.6602    34.1549  1024.4962     2.4736     5.1401     96.405    0.00021    5.33178    5.32302      8.416     0.1309    9.77918   4.556101 1.1007e+01    24.4614    24.4611 9.2802e+00      8.000          1      13778    1516.88 8.4291e+01  52171.754    574.030 1603193770       0.05     -0.616   38.93668  -73.21934 0.0000e+00
      6.949    18.6591    34.1521  1024.4900     2.4739     5.1400     96.397    0.00006    5.33206    5.32330      8.434     0.1296    9.77968   4.555640 1.1815e+01    24.4596    24.4593 1.0007e+01      7.000          1      13844    1516.86 8.4727e+01  52167.642    576.795 1603193773       0.06     -0.310   38.93668  -73.21936 0.0000e+00
      5.952    18.6581    34.1494  1024.4838     2.4746     5.1418     96.434    0.00031    5.33194    5.32318      8.437     0.1269    9.77946   4.555164 1.3667e+01    24.4577    24.4574 1.1358e+01      6.000          1      13903    1516.83 8.3137e+01  52163.451    579.261 1603193776       0.05     -0.415   38.93668  -73.21937 0.0000e+00
      4.974    18.6588    34.1514  1024.4808     2.4762     5.1467     96.524    0.00075    5.33207    5.32331      8.432     0.1329    9.77970   4.555449 1.6257e+01    24.4590    24.4587 1.3723e+01      5.000          1      13979    1516.82 8.4397e+01  52165.621    582.421 1603193779      -0.20     -0.224   38.93670  -73.21938 0.0000e+00
      3.965    18.6580    34.1499  1024.4754     2.4740     5.1363     96.327   -0.00078    5.33219    5.32343      8.437     0.1319    9.77993   4.555137 1.8920e+01    24.4580    24.4578 1.6337e+01      4.000          1      14015    1516.80 8.6292e+01  52163.138    583.900 1603193780      -0.05     -0.553   38.93670  -73.21940 0.0000e+00
      2.978    18.6573    34.1468  1024.4688     2.4727     5.1344     96.288   -0.00014    5.33237    5.32361      8.464     0.1504    9.78031   4.554631 2.3623e+01    24.4558    24.4556 2.0419e+01      3.000          1      14087    1516.78 8.6608e+01  52158.495    586.911 1603193783      -0.37     -0.296   38.93670  -73.21940 0.0000e+00
      1.980    18.6613    34.1251  1024.4468     2.4747     5.1405     96.402    0.00014    5.33239    5.32362      8.457     0.1337    9.78042   4.552394 3.0717e+01    24.4381    24.4381 2.7407e+01      2.000          1      14341    1516.75 8.9049e+01  52128.116    597.485 1603193794      -0.02     -0.216   38.93671  -73.21945 0.0000e+00
