CalculateIndicators/WaterTemperature/Data/CTD_NYOS/20201019_C08.cnv
* Sea-Bird SBE 9 Data File:
* FileName = C:\Seabird 9 CTD\Data\2020\202010_offshore\20201019_C08.hex
* Software Version Seasave V 7.23.2
* Temperature SN = 4590
* Conductivity SN = 3228
* Number of Bytes Per Scan = 44
* Number of Voltage Words = 5
* Number of Scans Averaged by the Deck Unit = 1
* NMEA Latitude = 38 32.98 N
* NMEA Longitude = 073 04.78 W
* NMEA UTC (Time) = Oct 20 2020  15:04:07
* NMEA baud rate = 4800
** Ship: seawolf
** Station: 7.6
** Operator: SJW
# nquan = 31
# nvalues = 607                         
# units = specified
# name 0 = depSM: Depth [salt water, m]
# name 1 = t090C: Temperature [ITS-90, deg C]
# name 2 = sal00: Salinity, Practical [PSU]
# name 3 = density00: Density [density, kg/m^3]
# name 4 = sbeox0V: Oxygen raw, SBE 43 [V]
# name 5 = sbeox0ML/L: Oxygen, SBE 43 [ml/l]
# name 6 = sbeox0PS: Oxygen, SBE 43 [% saturation]
# name 7 = sbox0dV/dT: Oxygen, SBE 43 [dov/dt]
# name 8 = oxsolML/L: Oxygen Saturation, Garcia & Gordon [ml/l]
# name 9 = oxsatML/L: Oxygen Saturation, Weiss [ml/l]
# name 10 = ph: pH
# name 11 = flECO-AFL: Fluorescence, WET Labs ECO-AFL/FL [mg/m^3]
# name 12 = n2satML/L: Nitrogen Saturation [ml/l]
# name 13 = c0S/m: Conductivity [S/m]
# name 14 = cpar: CPAR/Corrected Irradiance [%]
# name 15 = sigma-é00: Density [sigma-theta, kg/m^3]
# name 16 = sigma-t00: Density [sigma-t, kg/m^3 ]
# name 17 = par: PAR/Irradiance, Biospherical/Licor
# name 18 = prDM: Pressure, Digiquartz [db]
# name 19 = pumps: Pump Status
# name 20 = scan: Scan Count
# name 21 = svCM: Sound Velocity [Chen-Millero, m/s]
# name 22 = spar: SPAR, Biospherical/Licor
# name 23 = specc: Specific Conductance [uS/cm]
# name 24 = timeS: Time, Elapsed [seconds]
# name 25 = timeY: Time, System [seconds]
# name 26 = accM: Acceleration [m/s^2]
# name 27 = dz/dtM: Descent Rate [m/s]
# name 28 = latitude: Latitude [deg]
# name 29 = longitude: Longitude [deg]
# name 30 = flag: flag
# span 0 =      1.979,    302.499       
# span 1 =     9.0042,    20.6598       
# span 2 =    34.9657,    35.7080       
# span 3 =  1024.5686,  1028.6698       
# span 4 =     1.4395,     2.4863       
# span 5 =     3.0056,     4.9536       
# span 6 =     48.450,     96.701       
# span 7 =   -0.02957,    0.02571       
# span 8 =    5.11207,    6.44119       
# span 9 =    5.10189,    6.44671       
# span 10 =      8.256,      8.529      
# span 11 =    -0.0827,     0.4564      
# span 12 =    9.40613,   11.60462      
# span 13 =   3.749765,   4.854918      
# span 14 = -4.970e-05, 3.1568e+01      
# span 15 =    24.5600,    27.2939      
# span 16 =    24.5599,    27.2885      
# span 17 = -3.704e-04, 2.4524e+02      
# span 18 =      2.000,    305.000      
# span 19 =          1,          1      
# span 20 =        161,      44554      
# span 21 =    1491.50,    1523.38      
# span 22 = 4.0432e+02, 1.8095e+03      
# span 23 =  53157.137,  55131.837      
# span 24 =      6.677,   1856.384      
# span 25 = 1603206256, 1603208106      
# span 26 =      -0.72,       0.61      
# span 27 =     -1.218,      1.240      
# span 28 =   38.54973,   38.55122      
# span 29 =  -73.08323,  -73.07974      
# span 30 = 0.0000e+00, 0.0000e+00      
# interval = decibars: 1                
# start_time = Oct 20 2020 15:04:10 [System UTC, first data scan.]
# bad_flag = -9.990e-29
*END*
[from data line 234]
    234.094    11.2579    35.4489  1028.1369     1.4675     3.0387     49.518   -0.00129    6.13653    6.13780      8.350    -0.0597   11.09865   3.983819 2.1881e-13    27.0834    27.0779 1.0000e-12    236.000          1      11600    1498.71 4.5701e+02  54942.610    483.286 1603206733      -0.23      0.772   38.55018  -73.08058 0.0000e+00
    235.078    11.2155    35.4432  1028.1450     1.4647     3.0360     49.415   -0.00099    6.14399    6.14536      8.350    -0.0553   11.11106   3.979218 2.1924e-13    27.0868    27.0813 1.0000e-12    237.000          1      11662    1498.57 4.5612e+02  54943.058    485.883 1603206735       0.01      0.322   38.55018  -73.08058 0.0000e+00
    236.072    11.1696    35.4375  1028.1536     1.4620     3.0293     49.263   -0.00132    6.14924    6.15068      8.350    -0.0556   11.11980   3.974240 2.2041e-13    27.0908    27.0853 1.0000e-12    238.000          1      11713    1498.42 4.5371e+02  54944.057    488.020 1603206738       0.02      0.479   38.55018  -73.08058 0.0000e+00
    237.058    11.1242    35.4331  1028.1633     1.4598     3.0264     49.181   -0.00109    6.15353    6.15503      8.351    -0.0631   11.12692   3.969575 2.2189e-13    27.0958    27.0903 1.0000e-12    239.000          1      11759    1498.27 4.5066e+02  54947.169    489.933 1603206740       0.09      0.507   38.55018  -73.08058 0.0000e+00
    238.057    11.1057    35.4307  1028.1693     1.4586     3.0272     49.153   -0.00086    6.15871    6.16027      8.351    -0.0607   11.13555   3.967617 2.2114e-13    27.0972    27.0918 1.0000e-12    240.000          1      11792    1498.22 4.5219e+02  54947.768    491.295 1603206741       0.10      0.704   38.55018  -73.08058 0.0000e+00
    239.043    11.0799    35.4274  1028.1761     1.4563     3.0221     48.995   -0.00146    6.16820    6.16989      8.351    -0.0533   11.15131   3.964835 2.2194e-13    27.0994    27.0939 1.0000e-12    241.000          1      11829    1498.14 4.5056e+02  54948.598    492.853 1603206742      -0.08      0.656   38.55018  -73.08058 0.0000e+00
    240.040    11.0370    35.4213  1028.1839     1.4534     3.0139     48.816   -0.00189    6.17408    6.17585      8.351    -0.0654   11.16108   3.959851 2.2270e-13    27.1026    27.0970 1.0000e-12    242.000          1      11865    1498.00 4.4904e+02  54948.885    494.345 1603206744       0.03      0.669   38.55018  -73.08059 0.0000e+00
    241.028    10.9506    35.4131  1028.1981     1.4499     3.0120     48.691   -0.00153    6.18603    6.18797      8.352    -0.0708   11.18095   3.950775 2.2434e-13    27.1118    27.1063 1.0000e-12    243.000          1      11918    1497.71 4.4577e+02  54954.170    496.562 1603206746      -0.12      0.447   38.55018  -73.08060 0.0000e+00
    242.011    10.8684    35.4045  1028.2112     1.4498     3.0258     48.846    0.00014    6.19454    6.19659 -9.990e-29    -0.0655   11.19508   3.941955 2.2322e-13    27.1201    27.1146 1.0000e-12    244.000          1      11973    1497.42 4.4799e+02  54958.585    498.825 1603206748       0.19      0.430   38.55018  -73.08060 0.0000e+00
    243.015    10.8196    35.3988  1028.2203     1.4503     3.0315     48.914    0.00053    6.19767    6.19976 -9.990e-29    -0.0771   11.20028   3.936712 2.2355e-13    27.1244    27.1190 1.0000e-12    245.000          1      12000    1497.26 4.4733e+02  54960.512    499.966 1603206750       0.26      0.762   38.55019  -73.08060 0.0000e+00
    244.003    10.7834    35.3954  1028.2288     1.4514     3.0377     48.990    0.00071    6.20075    6.20288 -9.990e-29    -0.0533   11.20540   3.933089 2.2406e-13    27.1283    27.1229 1.0000e-12    246.000          1      12037    1497.15 4.4631e+02  54963.369    501.496 1603206751      -0.18      0.710   38.55020  -73.08060 0.0000e+00
    244.995    10.7462    35.3912  1028.2369     1.4516     3.0362     48.949    0.00007    6.20275    6.20491 -9.990e-29    -0.0591   11.20873   3.929211 2.2537e-13    27.1317    27.1263 1.0000e-12    247.000          1      12083    1497.03 4.4373e+02  54965.373    503.399 1603206753      -0.01      0.534   38.55020  -73.08061 0.0000e+00
    245.982    10.7205    35.3883  1028.2439     1.4506     3.0331     48.865   -0.00046    6.20698    6.20919      8.352    -0.0651   11.21577   3.926670 2.2666e-13    27.1341    27.1287 1.0000e-12    248.000          1      12138    1496.95 4.4120e+02  54966.944    505.723 1603206755      -0.04      0.410   38.55020  -73.08062 0.0000e+00
    246.972    10.7055    35.3860  1028.2493     1.4498     3.0376     48.847   -0.00042    6.21865    6.22102      8.353    -0.0658   11.23517   3.925065 2.2643e-13    27.1350    27.1295 1.0000e-12    249.000          1      12181    1496.91 4.4163e+02  54967.261    507.497 1603206757       0.19      0.551   38.55020  -73.08062 0.0000e+00
    247.965    10.6892    35.3842  1028.2554     1.4481     3.0314     48.713   -0.00105    6.22304    6.22548      8.354    -0.0585   11.24244   3.923372 2.2607e-13    27.1365    27.1310 1.0000e-12    250.000          1      12210    1496.87 4.4235e+02  54968.531    508.701 1603206758       0.16      0.773   38.55020  -73.08062 0.0000e+00
    248.964    10.6439    35.3766  1028.2623     1.4473     3.0290     48.669   -0.00110    6.22369    6.22614      8.353    -0.0610   11.24353   3.917789 2.2678e-13    27.1386    27.1332 1.0000e-12    251.000          1      12237    1496.72 4.4096e+02  54967.320    509.835 1603206759       0.02      0.885   38.55020  -73.08062 0.0000e+00
    249.951    10.5697    35.3721  1028.2768     1.4470     3.0344     48.744   -0.00016    6.22522    6.22769 -9.990e-29    -0.0609   11.24608   3.910690 2.2812e-13    27.1483    27.1429 1.0000e-12    252.000          1      12285    1496.46 4.3837e+02  54976.293    511.853 1603206761      -0.20      0.515   38.55020  -73.08062 0.0000e+00
    250.940    10.5560    35.3697  1028.2820     1.4468     3.0372     48.756   -0.00007    6.22947    6.23199      8.354    -0.0660   11.25316   3.909328 2.2908e-13    27.1490    27.1435 1.0000e-12    253.000          1      12345    1496.43 4.3653e+02  54976.387    514.353 1603206764       0.05      0.416   38.55020  -73.08062 0.0000e+00
    251.927    10.5432    35.3680  1028.2875     1.4459     3.0423     48.698   -0.00048    6.24730    6.25007      8.355    -0.0566   11.28276   3.908046 2.2914e-13    27.1499    27.1445 1.0000e-12    254.000          1      12394    1496.40 4.3641e+02  54977.124    516.355 1603206766       0.09      0.487   38.55020  -73.08062 0.0000e+00
    252.920    10.5310    35.3651  1028.2919     1.4444     3.0348     48.568   -0.00118    6.24856    6.25135      8.355    -0.0622   11.28486   3.906284 2.2914e-13    27.1498    27.1443 1.0000e-12    255.000          1      12423    1496.37 4.3642e+02  54976.320    517.570 1603206767       0.26      0.720   38.55020  -73.08063 0.0000e+00
    253.917    10.4360    35.3529  1028.3042     1.4443     3.0392     48.616   -0.00059    6.25150    6.25432      8.356    -0.0525   11.28974   3.895534 2.2914e-13    27.1571    27.1517 1.0000e-12    256.000          1      12447    1496.03 4.3642e+02  54978.480    518.573 1603206768       0.14      0.945   38.55020  -73.08064 0.0000e+00
    254.913    10.3915    35.3532  1028.3171     1.4446     3.0459     48.703    0.00013    6.25403    6.25689      8.356    -0.0526   11.29394   3.891910 2.3024e-13    27.1652    27.1598 1.0000e-12    257.000          1      12477    1495.89 4.3434e+02  54988.655    519.847 1603206769      -0.18      0.873   38.55020  -73.08064 0.0000e+00
    255.896    10.3547    35.3484  1028.3244     1.4445     3.0459     48.687   -0.00007    6.25606    6.25895      8.357    -0.0578   11.29733   3.887957 2.3074e-13    27.1679    27.1624 1.0000e-12    258.000          1      12532    1495.77 4.3339e+02  54989.959    522.145 1603206772      -0.07      0.401   38.55020  -73.08064 0.0000e+00
    256.885    10.3306    35.3455  1028.3309     1.4431     3.0424     48.579   -0.00065    6.26268    6.26565      8.358    -0.0582   11.30832   3.885620 2.3253e-13    27.1698    27.1644 1.0000e-12    259.000          1      12598    1495.70 4.3005e+02  54991.368    524.886 1603206774      -0.03      0.342   38.55020  -73.08064 0.0000e+00
    257.872    10.3207    35.3439  1028.3360     1.4425     3.0479     48.590   -0.00038    6.27268    6.27580      8.359    -0.0659   11.32493   3.884555 2.3126e-13    27.1703    27.1649 1.0000e-12    260.000          1      12638    1495.68 4.3242e+02  54991.842    526.557 1603206776       0.41      0.555   38.55020  -73.08066 0.0000e+00
    258.875    10.3030    35.3426  1028.3427     1.4441     3.0626     48.774    0.00068    6.27903    6.28224      8.360    -0.0647   11.33548   3.882730 2.3137e-13    27.1724    27.1670 1.0000e-12    261.000          1      12661    1495.63 4.3221e+02  54994.176    527.486 1603206777       0.30      0.941   38.55020  -73.08066 0.0000e+00
    259.869    10.2406    35.3357  1028.3530     1.4451     3.0746     48.890    0.00121    6.28886    6.29220      8.360    -0.0531   11.35180   3.875796 2.3223e-13    27.1779    27.1725 1.0000e-12    262.000          1      12690    1495.42 4.3059e+02  54997.984    528.713 1603206778      -0.20      0.920   38.55022  -73.08066 0.0000e+00
    260.851    10.1572    35.3266  1028.3654     1.4439     3.0623     48.657   -0.00072    6.29370    6.29712      8.360    -0.0524   11.35983   3.866725 2.3257e-13    27.1854    27.1800 1.0000e-12    263.000          1      12738    1495.13 4.2997e+02  55002.893    530.697 1603206780      -0.08      0.473   38.55022  -73.08066 0.0000e+00
    261.845    10.0690    35.3193  1028.3799     1.4417     3.0554     48.541   -0.00087    6.29441    6.29783      8.360    -0.0651   11.36102   3.858013 2.3416e-13    27.1949    27.1896 1.0000e-12    264.000          1      12791    1494.82 4.2705e+02  55011.916    532.898 1603206783      -0.09      0.444   38.55022  -73.08066 0.0000e+00
    262.831    10.0599    35.3172  1028.3843     1.4415     3.0629     48.634    0.00013    6.29782    6.30129      8.360    -0.0571   11.36670   3.857143 2.3354e-13    27.1948    27.1894 1.0000e-12    265.000          1      12848    1494.80 4.2819e+02  55011.300    535.306 1603206785       0.23      0.400   38.55022  -73.08066 0.0000e+00
    263.829    10.0501    35.3167  1028.3902     1.4412     3.0658     48.599   -0.00020    6.30835    6.31196      8.361    -0.0601   11.38415   3.856323 2.3440e-13    27.1961    27.1907 1.0000e-12    266.000          1      12883    1494.78 4.2661e+02  55013.308    536.765 1603206786       0.02      0.665   38.55022  -73.08066 0.0000e+00
    264.812    10.0250    35.3119  1028.3954     1.4416     3.0700     48.647   -0.00002    6.31078    6.31444      8.362    -0.0534   11.38819   3.853092 2.3444e-13    27.1967    27.1913 1.0000e-12    267.000          1      12924    1494.70 -9.990e-29  55012.499    538.454 1603206788       0.02      0.561   38.55022  -73.08066 0.0000e+00
    265.815     9.9554    35.3080  1028.4092     1.4443     3.0905     48.964    0.00185    6.31188    6.31555      8.362    -0.0690   11.39001   3.846274 2.3444e-13    27.2056    27.2002 1.0000e-12    268.000          1      12955    1494.46 -9.990e-29  55022.344    539.745 1603206789       0.08      0.748   38.55022  -73.08068 0.0000e+00
    266.798     9.9369    35.3068  1028.4160     1.4461     3.0931     48.976    0.00090    6.31549    6.31921      8.363    -0.0621   11.39602   3.844656 2.3540e-13    27.2078    27.2025 1.0000e-12    269.000          1      13003    1494.41 4.2457e+02  55025.162    541.770 1603206791      -0.15      0.484   38.55022  -73.08068 0.0000e+00
    267.794     9.9182    35.3043  1028.4219     1.4469     3.0952     48.977    0.00041    6.31962    6.32339      8.364    -0.0439   11.40289   3.842642 2.3552e-13    27.2091    27.2037 1.0000e-12    270.000          1      13049    1494.36 4.2457e+02  55026.268    543.660 1603206793       0.02      0.546   38.55022  -73.08068 0.0000e+00
    268.775     9.8911    35.3009  1028.4285     1.4466     3.0984     48.928   -0.00020    6.33239    6.33634      8.365    -0.0619   11.42406   3.839805 2.3638e-13    27.2111    27.2057 1.0000e-12    271.000          1      13107    1494.27 4.2322e+02  55027.889    546.086 1603206796      -0.03      0.363   38.55022  -73.08068 0.0000e+00
    269.774     9.8509    35.2941  1028.4348     1.4464     3.0981     48.913   -0.00030    6.33388    6.33785      8.366    -0.0594   11.42653   3.834926 2.3614e-13    27.2126    27.2072 1.0000e-12    272.000          1      13139    1494.14 4.2347e+02  55027.574    547.403 1603206797       0.34      0.666   38.55022  -73.08068 0.0000e+00
    270.771     9.7988    35.2927  1028.4474     1.4464     3.1011     48.942   -0.00001    6.33624    6.34025      8.365    -0.0553   11.43046   3.830218 2.3620e-13    27.2204    27.2151 1.0000e-12    273.000          1      13169    1493.96 4.2337e+02  55037.565    548.651 1603206798      -0.05      0.833   38.55022  -73.08068 0.0000e+00
    271.754     9.7649    35.2890  1028.4549     1.4462     3.1083     48.944   -0.00014    6.35076    6.35498      8.367    -0.0668   11.45456   3.826662 2.3745e-13    27.2233    27.2179 1.0000e-12    274.000          1      13230    1493.85 4.2113e+02  55040.183    551.208 1603206801      -0.13      0.337   38.55023  -73.08069 0.0000e+00
    272.743     9.6922    35.2798  1028.4649     1.4460     3.1112     48.959   -0.00000    6.35481    6.35909 -9.990e-29    -0.0593   11.46128   3.818475 2.3661e-13    27.2283    27.2230 1.0000e-12    275.000          1      13279    1493.60 4.2263e+02  55043.735    553.250 1603206803       0.26      0.517   38.55024  -73.08070 0.0000e+00
    273.743     9.6427    35.2783  1028.4769     1.4467     3.1171     49.043    0.00046    6.35589    6.36018      8.367    -0.0526   11.46307   3.813996 2.3734e-13    27.2355    27.2302 1.0000e-12    276.000          1      13309    1493.43 4.2134e+02  55053.067    554.480 1603206804       0.10      0.774   38.55024  -73.08070 0.0000e+00
    274.731     9.6276    35.2763  1028.4824     1.4470     3.1177     49.043    0.00022    6.35710    6.36141      8.367    -0.0542   11.46509   3.812551 2.3824e-13    27.2365    27.2312 1.0000e-12    277.000          1      13353    1493.39 4.1975e+02  55054.176    556.341 1603206806      -0.17      0.562   38.55024  -73.08070 0.0000e+00
    275.716     9.6153    35.2746  1028.4877     1.4462     3.1119     48.944   -0.00047    6.35818    6.36251      8.367    -0.0581   11.46690   3.811390 2.3796e-13    27.2372    27.2319 1.0000e-12    278.000          1      13405    1493.36 4.2024e+02  55055.116    558.514 1603206808       0.13      0.439   38.55024  -73.08070 0.0000e+00
    276.715     9.6086    35.2734  1028.4925     1.4459     3.1133     48.952   -0.00029    6.35976    6.36411      8.367    -0.0571   11.46952   3.810723 2.3826e-13    27.2374    27.2321 1.0000e-12    279.000          1      13441    1493.35 4.1970e+02  55055.595    559.996 1603206810       0.04      0.658   38.55024  -73.08070 0.0000e+00
    277.703     9.6011    35.2721  1028.4973     1.4458     3.1163     48.976   -0.00005    6.36287    6.36726      8.367    -0.0482   11.47467   3.809949 2.3888e-13    27.2377    27.2323 1.0000e-12    280.000          1      13487    1493.34 4.1863e+02  55056.070    561.900 1603206812      -0.06      0.521   38.55024  -73.08072 0.0000e+00
    278.692     9.5835    35.2703  1028.5033     1.4461     3.1205     49.027    0.00019    6.36498    6.36940      8.367    -0.0593   11.47816   3.808134 2.3887e-13    27.2392    27.2338 1.0000e-12    281.000          1      13536    1493.29 4.1864e+02  55057.941    563.941 1603206814      -0.03      0.487   38.55024  -73.08072 0.0000e+00
