CalculateIndicators/WaterTemperature/Data/CTD_NYOS/20201029_C37.cnv
* Sea-Bird SBE 9 Data File:
* FileName = C:\Seabird 9 CTD\Data\2020\202010_offshore\20201029_C37.hex
* Software Version Seasave V 7.23.2
* Temperature SN = 4590
* Conductivity SN = 3228
* Number of Bytes Per Scan = 44
* Number of Voltage Words = 5
* Number of Scans Averaged by the Deck Unit = 1
* NMEA Latitude = 39 47.58 N
* NMEA Longitude = 071 27.45 W
* NMEA UTC (Time) = Oct 29 2020  04:20:42
* NMEA baud rate = 4800
** Ship: seawolf
** Station: 1.5
** Operator: EIH
# nquan = 31
# nvalues = 606                         
# units = specified
# name 0 = depSM: Depth [salt water, m]
# name 1 = t090C: Temperature [ITS-90, deg C]
# name 2 = sal00: Salinity, Practical [PSU]
# name 3 = density00: Density [density, kg/m^3]
# name 4 = sbeox0V: Oxygen raw, SBE 43 [V]
# name 5 = sbeox0ML/L: Oxygen, SBE 43 [ml/l]
# name 6 = sbeox0PS: Oxygen, SBE 43 [% saturation]
# name 7 = sbox0dV/dT: Oxygen, SBE 43 [dov/dt]
# name 8 = oxsolML/L: Oxygen Saturation, Garcia & Gordon [ml/l]
# name 9 = oxsatML/L: Oxygen Saturation, Weiss [ml/l]
# name 10 = ph: pH
# name 11 = flECO-AFL: Fluorescence, WET Labs ECO-AFL/FL [mg/m^3]
# name 12 = n2satML/L: Nitrogen Saturation [ml/l]
# name 13 = c0S/m: Conductivity [S/m]
# name 14 = cpar: CPAR/Corrected Irradiance [%]
# name 15 = sigma-é00: Density [sigma-theta, kg/m^3]
# name 16 = sigma-t00: Density [sigma-t, kg/m^3 ]
# name 17 = par: PAR/Irradiance, Biospherical/Licor
# name 18 = prDM: Pressure, Digiquartz [db]
# name 19 = pumps: Pump Status
# name 20 = scan: Scan Count
# name 21 = svCM: Sound Velocity [Chen-Millero, m/s]
# name 22 = spar: SPAR, Biospherical/Licor
# name 23 = specc: Specific Conductance [uS/cm]
# name 24 = timeS: Time, Elapsed [seconds]
# name 25 = timeY: Time, System [seconds]
# name 26 = accM: Acceleration [m/s^2]
# name 27 = dz/dtM: Descent Rate [m/s]
# name 28 = latitude: Latitude [deg]
# name 29 = longitude: Longitude [deg]
# name 30 = flag: flag
# span 0 =      0.986,    301.499       
# span 1 =     9.8969,    19.4576       
# span 2 =    34.1139,    35.7366       
# span 3 =  1024.5339,  1028.5676       
# span 4 =     1.4087,     2.4466       
# span 5 =     2.9329,     5.0624       
# span 6 =     46.969,     95.208       
# span 7 =   -0.01844,    0.01345       
# span 8 =    5.24420,    6.31166       
# span 9 =    5.23489,    6.31531       
# span 10 =      8.313,      8.562      
# span 11 =    -0.0808,     0.3555      
# span 12 =    9.62905,   11.38981      
# span 13 =   3.841375,   4.696251      
# span 14 = -2.201e+04, 1.1148e+05      
# span 15 =    24.5295,    27.2022      
# span 16 =    24.5288,    27.1962      
# span 17 = 1.0000e-12, 1.6879e-01      
# span 18 =      1.000,    304.000      
# span 19 =          1,          1      
# span 20 =        -26,      39949      
# span 21 =    1494.82,    1520.35      
# span 22 = -2.696e-01, 4.6152e+00      
# span 23 =  52331.182,  55032.755      
# span 24 =     -1.113,   1664.503      
# span 25 = 1603945242, 1603946908      
# span 26 =      -1.14,       1.06      
# span 27 =     -1.410,      1.210      
# span 28 =   39.78868,   39.79308      
# span 29 =  -71.45766,  -71.45736      
# span 30 = 0.0000e+00, 0.0000e+00      
# interval = decibars: 1                
# start_time = Oct 29 2020 04:20:43 [System UTC, first data scan.]
# bad_flag = -9.990e-29
*END*
[from data line 188]
    188.459    12.8594    35.6342  1027.7602     1.5524     3.1606     53.390   -0.00048    5.91984    5.91834 -9.990e-29    -0.0618   10.73811   4.157483 3.6172e-11    26.9180    26.9128 1.0000e-12    190.000          1       9271    1503.62 3.1031e+00  54903.534    386.250 1603945629       0.19      0.514   39.79194  -71.45738 0.0000e+00
    189.456    12.8646    35.6362  1027.7651     1.5511     3.1553     53.308   -0.00074    5.91909    5.91758      8.385    -0.0591   10.73684   4.158279 4.1521e-11    26.9185    26.9133 1.0000e-12    191.000          1       9313    1503.65 2.6859e+00  54906.063    388.007 1603945631      -0.09      0.573   39.79192  -71.45737 0.0000e+00
    190.436    12.8728    35.6392  1027.7702     1.5509     3.1601     53.385    0.00019    5.91936    5.91786      8.384    -0.0481   10.73725   4.159508 3.2902e-11    26.9192    26.9139 1.0000e-12    192.000          1       9391    1503.70 3.3581e+00  54909.521    391.266 1603945634       0.05      0.185   39.79192  -71.45736 0.0000e+00
    191.441    12.8785    35.6418  1027.7756     1.5492     3.1505     53.212   -0.00094    5.92067    5.91918      8.384    -0.0468   10.73943   4.160360 3.8773e-11    26.9202    26.9149 1.0000e-12    193.000          1       9424    1503.74 2.9002e+00  54912.892    392.607 1603945636       0.32      0.653   39.79192  -71.45736 0.0000e+00
    192.428    12.8624    35.6413  1027.7829     1.5474     3.1477     53.140   -0.00082    5.92344    5.92199 -9.990e-29    -0.0604   10.74404   4.158690 3.5869e-11    26.9230    26.9177 1.0000e-12    194.000          1       9477    1503.70 3.1267e+00  54915.192    394.822 1603945638      -0.18      0.457   39.79191  -71.45738 0.0000e+00
    193.418    12.8423    35.6396  1027.7901     1.5428     3.1351     52.846   -0.00186    5.93248    5.93115      8.379    -0.0666   10.75910   4.156482 3.5866e-11    26.9258    26.9204 1.0000e-12    195.000          1       9539    1503.65 3.1270e+00  54916.514    397.429 1603945641       0.01      0.414   39.79190  -71.45738 0.0000e+00
    194.400    12.7939    35.6335  1027.7997     1.5381     3.1208     52.583   -0.00233    5.93502    5.93372      8.379    -0.0586   10.76334   4.150805 3.7768e-11    26.9308    26.9254 1.0000e-12    196.000          1       9590    1503.50 2.9787e+00  54916.161    399.541 1603945643       0.21      0.430   39.79190  -71.45738 0.0000e+00
    195.410    12.7584    35.6301  1027.8088     1.5353     3.1113     52.413   -0.00271    5.93618    5.93489      8.379    -0.0540   10.76525   4.147127 3.6585e-11    26.9352    26.9298 1.0000e-12    197.000          1       9616    1503.39 3.0709e+00  54917.486    400.636 1603945644       0.19      0.805   39.79190  -71.45738 0.0000e+00
    196.389    12.7339    35.6263  1027.8153     1.5308     3.1144     52.336   -0.00117    5.95071    5.94960      8.375    -0.0561   10.78945   4.144438 3.6622e-11    26.9372    26.9318 1.0000e-12    198.000          1       9690    1503.32 3.0680e+00  54916.634    403.707 1603945647      -0.05      0.216   39.79188  -71.45738 0.0000e+00
    197.379    12.6836    35.6205  1027.8254     1.5257     3.0980     51.962   -0.00282    5.96195    5.96098      8.373    -0.0474   10.80814   4.138826 3.1677e-11    26.9427    26.9373 1.0000e-12    199.000          1       9734    1503.16 3.4537e+00  54917.092    405.558 1603945649       0.12      0.560   39.79188  -71.45738 0.0000e+00
    198.379    12.5951    35.6101  1027.8397     1.5207     3.0836     51.693   -0.00310    5.96528    5.96435      8.372    -0.0585   10.81368   4.128644 3.4146e-11    26.9522    26.9468 1.0000e-12    200.000          1       9774    1502.87 3.2611e+00  54917.111    407.188 1603945650      -0.04      0.601   39.79188  -71.45738 0.0000e+00
    199.354    12.5091    35.6005  1027.8540     1.5142     3.0724     51.463   -0.00208    5.97022    5.96935      8.372    -0.0586   10.82192   4.119491 3.4827e-11    26.9618    26.9564 1.0000e-12    201.000          1       9843    1502.59 3.2080e+00  54917.932    410.091 1603945653       0.44      0.195   39.79187  -71.45738 0.0000e+00
    200.367    12.4863    35.5977  1027.8610     1.5130     3.0713     51.443   -0.00160    5.97034    5.96948      8.370    -0.0632   10.82212   4.117072 3.9144e-11    26.9641    26.9588 1.0000e-12    202.000          1       9866    1502.52 2.8713e+00  54918.419    411.055 1603945654       0.32      0.806   39.79186  -71.45738 0.0000e+00
    201.342    12.4654    35.5946  1027.8671     1.5096     3.0676     51.330   -0.00102    5.97620    5.97541      8.367    -0.0647   10.83188   4.114990 5.4212e+04    26.9658    26.9605 1.0000e-12    203.000          1       9941    1502.46 1.2625e+00  54917.924    414.147 1603945657       0.14      0.302   39.79186  -71.45738 0.0000e+00
    202.350    12.4567    35.5933  1027.8724     1.5077     3.0683     51.240   -0.00117    5.98806    5.98741      8.368    -0.0574   10.85163   4.114009 2.2599e+03    26.9666    26.9612 1.0000e-12    204.000          1       9975    1502.45 2.7195e+00  54918.189    415.591 1603945659       0.48      0.763   39.79186  -71.45738 0.0000e+00
    203.330    12.4055    35.5865  1027.8818     1.5012     3.0533     50.766   -0.00329    6.01438    6.01407      8.361    -0.0614   10.89540   4.107970 3.1961e-11    26.9713    26.9659 1.0000e-12    205.000          1      10024    1502.29 3.4315e+00  54917.588    417.616 1603945661      -0.32      0.531   39.79185  -71.45739 0.0000e+00
    204.325    12.2271    35.5648  1027.9050     1.4919     3.0178     50.140   -0.00537    6.01882    6.01857      8.350    -0.0757   10.90278   4.087396 3.6224e-11    26.9893    26.9840 1.0000e-12    206.000          1      10066    1501.68 3.0990e+00  54916.966    419.368 1603945662       0.33      0.582   39.79184  -71.45740 0.0000e+00
    205.316    12.1077    35.5530  1027.9239     1.4836     3.0066     49.890   -0.00346    6.02647    6.02632      8.353    -0.0563   10.91554   4.075264 3.3889e-11    27.0033    26.9980 1.0000e-12    207.000          1      10124    1501.27 3.2812e+00  54921.100    421.809 1603945665      -0.11      0.398   39.79184  -71.45739 0.0000e+00
    206.299    12.0441    35.5439  1027.9338     1.4769     2.9965     49.666   -0.00223    6.03326    6.03318      8.356    -0.0750   10.92682   4.068233 3.5075e-11    27.0085    27.0032 1.0000e-12    208.000          1      10191    1501.06 3.1887e+00  54919.668    424.590 1603945668       0.36      0.413   39.79184  -71.45740 0.0000e+00
    207.302    12.0014    35.5393  1027.9431     1.4754     2.9940     49.625   -0.00186    6.03314    6.03307      8.360    -0.0561   10.92665   4.063715 2.9258e-11    27.0132    27.0079 1.0000e-12    209.000          1      10217    1500.93 3.6424e+00  54920.985    425.664 1603945669       0.23      0.798   39.79184  -71.45738 0.0000e+00
    208.288    11.9839    35.5368  1027.9490     1.4740     2.9975     49.668   -0.00059    6.03499    6.03494      8.368    -0.0669   10.92973   4.062133 3.9757e-11    27.0146    27.0093 1.0000e-12    210.000          1      10273    1500.88 2.8235e+00  54921.126    428.014 1603945671      -0.14      0.439   39.79184  -71.45740 0.0000e+00
    209.275    11.9741    35.5348  1027.9538     1.4730     2.9966     49.644   -0.00036    6.03612    6.03608      8.408    -0.0595   10.93161   4.061109 3.7932e-11    27.0149    27.0096 1.0000e-12    211.000          1      10329    1500.86 2.9658e+00  54920.559    430.335 1603945673       0.59      0.458   39.79184  -71.45740 0.0000e+00
    210.276    11.9651    35.5333  1027.9590     1.4719     2.9940     49.577   -0.00061    6.03904    6.03904      8.401    -0.0622   10.93647   4.060239 3.8265e-11    27.0156    27.0102 1.0000e-12    212.000          1      10370    1500.85 2.9398e+00  54920.694    432.047 1603945675       0.01      0.559   39.79183  -71.45740 0.0000e+00
    211.256    11.9540    35.5312  1027.9640     1.4688     2.9873     49.401   -0.00107    6.04695    6.04705      8.382    -0.0625   10.94963   4.058948 3.4373e-11    27.0161    27.0107 1.0000e-12    213.000          1      10440    1500.82 3.2434e+00  54920.324    434.979 1603945678       0.34      0.292   39.79182  -71.45740 0.0000e+00
    212.254    11.9133    35.5264  1027.9727     1.4666     2.9765     49.219   -0.00192    6.04754    6.04765      8.401    -0.0523   10.95061   4.054337 3.6862e-11    27.0202    27.0148 1.0000e-12    214.000          1      10469    1500.69 3.0493e+00  54921.154    436.164 1603945679       0.22      0.728   39.79182  -71.45740 0.0000e+00
    213.253    11.8857    35.5237  1027.9805     1.4652     2.9757     49.206   -0.00125    6.04749    6.04760      8.377    -0.0591   10.95053   4.051640 4.2526e-11    27.0234    27.0180 1.0000e-12    215.000          1      10504    1500.61 2.6075e+00  54922.745    437.609 1603945681      -0.06      0.755   39.79182  -71.45739 0.0000e+00
    214.224    11.8730    35.5216  1027.9857     1.4642     2.9790     49.252   -0.00026    6.04849    6.04861      8.401    -0.0478   10.95221   4.050418 4.8941e-11    27.0241    27.0187 1.0000e-12    216.000          1      10598    1500.58 2.1072e+00  54922.466    441.535 1603945685       0.75      0.293   39.79182  -71.45740 0.0000e+00
    215.238    11.8736    35.5214  1027.9900     1.4641     2.9779     49.234   -0.00041    6.04852    6.04865      8.401    -0.0606   10.95226   4.050504 3.7886e-11    27.0239    27.0185 1.0000e-12    217.000          1      10616    1500.60 2.9694e+00  54922.778    442.285 1603945685       0.51      0.933   39.79182  -71.45740 0.0000e+00
    216.222    11.8664    35.5203  1027.9949     1.4640     2.9808     49.273   -0.00001    6.04952    6.04966      8.375    -0.0494   10.95393   4.049776 3.4557e-11    27.0244    27.0190 1.0000e-12    218.000          1      10671    1500.59 3.2291e+00  54923.065    444.575 1603945688       0.09      0.579   39.79181  -71.45740 0.0000e+00
    217.219    11.8654    35.5199  1027.9994     1.4634     2.9793     49.229   -0.00032    6.05201    6.05218      8.386    -0.0517   10.95807   4.049706 3.9060e-11    27.0244    27.0189 1.0000e-12    219.000          1      10719    1500.61 2.8779e+00  54923.373    446.581 1603945690       0.69      0.705   39.79180  -71.45740 0.0000e+00
    218.205    11.8571    35.5186  1028.0044     1.4627     2.9786     49.196   -0.00036    6.05467    6.05487      8.393    -0.0586   10.96250   4.048795 4.2867e-11    27.0250    27.0195 1.0000e-12    220.000          1      10757    1500.59 2.5810e+00  54923.608    448.170 1603945691      -0.23      0.727   39.79180  -71.45740 0.0000e+00
    219.193    11.8225    35.5137  1028.0118     1.4602     2.9758     49.027   -0.00108    6.06980    6.07019      8.389    -0.0600   10.98768   4.044695 3.9394e-11    27.0277    27.0223 1.0000e-12    221.000          1      10822    1500.48 2.8519e+00  54923.397    450.892 1603945694       0.14      0.324   39.79180  -71.45740 0.0000e+00
    220.174    11.6611    35.4913  1028.0301     1.4553     2.9639     48.726   -0.00193    6.08283    6.08340      8.372    -0.0660   11.00935   4.025324 3.3180e-11    27.0409    27.0355 1.0000e-12    222.000          1      10890    1499.92 3.3365e+00  54920.532    453.694 1603945697       0.76      0.426   39.79179  -71.45740 0.0000e+00
    221.185    11.6141    35.4911  1028.0435     1.4547     2.9638     48.727   -0.00153    6.08259    6.08315      8.367    -0.0738   11.00895   4.021983 3.4769e+04    27.0496    27.0442 1.0000e-12    223.000          1      10907    1499.77 1.7874e+00  54929.277    454.432 1603945698       0.56      1.010   39.79178  -71.45740 0.0000e+00
    222.175    11.6077    35.4885  1028.0473     1.4539     2.9680     48.782   -0.00049    6.08427    6.08485      8.365    -0.0662   11.01175   4.021285 7.1076e+04    27.0488    27.0434 1.0000e-12    224.000          1      10954    1499.76 8.5684e-01  54927.495    456.359 1603945700      -0.02      0.820   39.79178  -71.45740 0.0000e+00
    223.159    11.5957    35.4862  1028.0522     1.4527     2.9695     48.780   -0.00004    6.08759    6.08822      8.364    -0.0592   11.01728   4.020103 7.9282e+02    27.0493    27.0438 1.0000e-12    225.000          1      11026    1499.74 3.1638e+00  54926.940    459.362 1603945702       0.65      0.608   39.79178  -71.45740 0.0000e+00
    224.152    11.5877    35.4850  1028.0573     1.4522     2.9655     48.713   -0.00052    6.08762    6.08824      8.404    -0.0597   11.01733   4.019293 3.3520e-11    27.0499    27.0444 1.0000e-12    226.000          1      11050    1499.72 3.3099e+00  54927.289    460.393 1603945703       0.11      0.978   39.79178  -71.45740 0.0000e+00
    225.150    11.5773    35.4833  1028.0625     1.4522     2.9686     48.756   -0.00008    6.08873    6.08938      8.399    -0.0542   11.01919   4.018142 3.9379e-11    27.0505    27.0451 1.0000e-12    227.000          1      11084    1499.70 2.8530e+00  54927.430    461.801 1603945705      -0.09      0.830   39.79178  -71.45740 0.0000e+00
    226.127    11.5610    35.4805  1028.0678     1.4511     2.9664     48.686   -0.00048    6.09302    6.09371      8.376    -0.0659   11.02632   4.016339 3.9887e-11    27.0515    27.0460 1.0000e-12    228.000          1      11161    1499.66 2.8134e+00  54927.080    465.007 1603945708       0.78      0.304   39.79176  -71.45740 0.0000e+00
    227.132    11.5491    35.4793  1028.0737     1.4515     2.9702     48.738   -0.00009    6.09413    6.09484      8.359    -0.0536   11.02817   4.015141 2.9248e-11    27.0528    27.0473 1.0000e-12    229.000          1      11186    1499.64 3.6431e+00  54928.091    466.038 1603945709       0.19      0.894   39.79176  -71.45739 0.0000e+00
    228.115    11.5301    35.4770  1028.0800     1.4507     2.9697     48.695   -0.00029    6.09850    6.09927      8.365    -0.0563   11.03544   4.013147 3.9737e-11    27.0545    27.0490 1.0000e-12    230.000          1      11233    1499.58 2.8250e+00  54928.882    467.997 1603945711      -0.22      0.529   39.79176  -71.45738 0.0000e+00
    229.102    11.5107    35.4741  1028.0860     1.4497     2.9657     48.615   -0.00069    6.10048    6.10127      8.386    -0.0556   11.03874   4.010932 4.1726e-11    27.0560    27.0505 1.0000e-12    231.000          1      11280    1499.53 2.6700e+00  54928.953    469.944 1603945713       0.26      0.483   39.79176  -71.45740 0.0000e+00
    230.101    11.4837    35.4713  1028.0934     1.4497     2.9698     48.674   -0.00006    6.10144    6.10225      8.401    -0.0601   11.04034   4.008109 3.3640e-11    27.0588    27.0533 1.0000e-12    232.000          1      11313    1499.45 3.3006e+00  54930.430    471.335 1603945714      -0.03      0.712   39.79176  -71.45740 0.0000e+00
    231.090    11.4727    35.4698  1028.0988     1.4493     2.9691     48.646   -0.00025    6.10354    6.10437      8.393    -0.0641   11.04382   4.007008 3.9542e-11    27.0597    27.0542 1.0000e-12    233.000          1      11360    1499.43 2.8403e+00  54930.895    473.292 1603945716      -0.04      0.510   39.79175  -71.45740 0.0000e+00
    232.071    11.4606    35.4680  1028.1042     1.4483     2.9664     48.590   -0.00045    6.10487    6.10572      8.388    -0.0527   11.04605   4.005687 3.3977e-11    27.0606    27.0551 1.0000e-12    234.000          1      11414    1499.40 3.2743e+00  54931.181    475.528 1603945719      -0.00      0.416   39.79174  -71.45740 0.0000e+00
