CalculateIndicators/WaterTemperature/Data/CTD_NYOS/20201027_C26.cnv
* Sea-Bird SBE 9 Data File:
* FileName = C:\Seabird 9 CTD\Data\2020\202010_offshore\20201027_C26.hex
* Software Version Seasave V 7.23.2
* Temperature SN = 4590
* Conductivity SN = 3228
* Number of Bytes Per Scan = 44
* Number of Voltage Words = 5
* Number of Scans Averaged by the Deck Unit = 1
* NMEA Latitude = 39 14.65 N
* NMEA Longitude = 072 17.72 W
* NMEA UTC (Time) = Oct 27 2020  17:27:30
* NMEA baud rate = 4800
** Ship: seawolf
** Station: 4.6
** Operator: EIH
# nquan = 31
# nvalues = 603                         
# units = specified
# name 0 = depSM: Depth [salt water, m]
# name 1 = t090C: Temperature [ITS-90, deg C]
# name 2 = sal00: Salinity, Practical [PSU]
# name 3 = density00: Density [density, kg/m^3]
# name 4 = sbeox0V: Oxygen raw, SBE 43 [V]
# name 5 = sbeox0ML/L: Oxygen, SBE 43 [ml/l]
# name 6 = sbeox0PS: Oxygen, SBE 43 [% saturation]
# name 7 = sbox0dV/dT: Oxygen, SBE 43 [dov/dt]
# name 8 = oxsolML/L: Oxygen Saturation, Garcia & Gordon [ml/l]
# name 9 = oxsatML/L: Oxygen Saturation, Weiss [ml/l]
# name 10 = ph: pH
# name 11 = flECO-AFL: Fluorescence, WET Labs ECO-AFL/FL [mg/m^3]
# name 12 = n2satML/L: Nitrogen Saturation [ml/l]
# name 13 = c0S/m: Conductivity [S/m]
# name 14 = cpar: CPAR/Corrected Irradiance [%]
# name 15 = sigma-é00: Density [sigma-theta, kg/m^3]
# name 16 = sigma-t00: Density [sigma-t, kg/m^3 ]
# name 17 = par: PAR/Irradiance, Biospherical/Licor
# name 18 = prDM: Pressure, Digiquartz [db]
# name 19 = pumps: Pump Status
# name 20 = scan: Scan Count
# name 21 = svCM: Sound Velocity [Chen-Millero, m/s]
# name 22 = spar: SPAR, Biospherical/Licor
# name 23 = specc: Specific Conductance [uS/cm]
# name 24 = timeS: Time, Elapsed [seconds]
# name 25 = timeY: Time, System [seconds]
# name 26 = accM: Acceleration [m/s^2]
# name 27 = dz/dtM: Descent Rate [m/s]
# name 28 = latitude: Latitude [deg]
# name 29 = longitude: Longitude [deg]
# name 30 = flag: flag
# span 0 =      1.961,    300.489       
# span 1 =     9.1237,    20.0007       
# span 2 =    34.8217,    35.8599       
# span 3 =  1024.6710,  1028.6398       
# span 4 =     1.3927,     2.4575       
# span 5 =     2.8977,     4.9494       
# span 6 =     46.079,     95.496       
# span 7 =   -0.03915,    0.03139       
# span 8 =    5.17872,    6.42748       
# span 9 =    5.16899,    6.43279       
# span 10 =      8.312,      8.529      
# span 11 =    -0.0949,     0.3011      
# span 12 =    9.51774,   11.58201      
# span 13 =   3.760697,   4.776121      
# span 14 = -6.746e-08, 1.7609e+01      
# span 15 =    24.6619,    27.2737      
# span 16 =    24.6616,    27.2683      
# span 17 = -1.443e-06, 2.1300e+02      
# span 18 =      2.000,    303.000      
# span 19 =          1,          1      
# span 20 =        285,      40923      
# span 21 =    1491.89,    1521.94      
# span 22 = 1.2094e+03, 3.0969e+03      
# span 23 =  53060.390,  55101.664      
# span 24 =     11.841,   1705.084      
# span 25 = 1603819663, 1603821356      
# span 26 =      -0.98,       1.25      
# span 27 =     -1.311,      1.218      
# span 28 =   39.23785,   39.24425      
# span 29 =  -72.29971,  -72.29542      
# span 30 = 0.0000e+00, 0.0000e+00      
# interval = decibars: 1                
# start_time = Oct 27 2020 17:27:31 [System UTC, first data scan.]
# bad_flag = -9.990e-29
*END*
[from data line 562]
     41.671    19.9266    34.8581  1024.8562     2.4373     4.9238     94.960    0.00129    5.18513    5.17544      8.509     0.2567    9.52849   4.769848 1.0395e+00    24.6748    24.6728 1.7768e+01     42.000          1      34936    1521.81 1.7103e+03  53068.596   1455.645 1603821106      -0.27     -0.438   39.23878  -72.29911 0.0000e+00
     40.683    19.9354    34.8595  1024.8507     2.4375     4.9194     94.877   -0.00027    5.18507    5.17539      8.529     0.2498    9.52837   4.770449 1.1068e+00    24.6736    24.6716 1.8305e+01     41.000          1      35032    1521.82 1.6554e+03  53069.551   1459.637 1603821110      -0.03     -0.322   39.23877  -72.29912 0.0000e+00
     39.679    19.9329    34.8622  1024.8489     2.4391     4.9201     94.897   -0.00126    5.18461    5.17492      8.527     0.2476    9.52758   4.770189 1.2279e+00    24.6762    24.6743 2.0448e+01     40.000          1      35184    1521.80 1.6652e+03  53072.823   1465.939 1603821117      -0.26     -0.590   39.23875  -72.29914 0.0000e+00
     38.687    19.9380    34.8656  1024.8458     2.4428     4.9328     95.142    0.00036    5.18471    5.17503      8.456     0.2450    9.52773   4.770823 1.3310e+00    24.6774    24.6755 1.8176e+01     39.000          1      36226    1521.80 1.3673e+03  53076.618   1509.389 1603821160      -0.17     -0.792   39.23860  -72.29922 0.0000e+00
     37.713    19.9385    34.8660  1024.8417     2.4417     4.9262     95.012   -0.00067    5.18482    5.17513      8.454     0.2659    9.52789   4.770866 1.4332e+00    24.6775    24.6757 1.8630e+01     38.000          1      36638    1521.79 1.2990e+03  53076.670   1526.562 1603821177      -0.27     -0.260   39.23855  -72.29926 0.0000e+00
     36.713    19.9390    34.8659  1024.8371     2.4415     4.9271     95.032    0.00008    5.18466    5.17497      8.453     0.2592    9.52763   4.770881 1.5534e+00    24.6773    24.6755 2.0419e+01     37.000          1      36659    1521.77 1.3144e+03  53076.074   1527.418 1603821178      -0.06     -0.381   39.23855  -72.29926 0.0000e+00
     35.725    19.9405    34.8656  1024.8321     2.4441     4.9359     95.202    0.00126    5.18461    5.17492      8.432     0.2610    9.52755   4.770950 1.6821e+00    24.6766    24.6748 2.1794e+01     36.000          1      36743    1521.76 1.2960e+03  53075.026   1530.923 1603821182      -0.08     -0.340   39.23854  -72.29927 0.0000e+00
     34.732    19.9401    34.8658  1024.8280     2.4460     4.9392     95.268    0.00095    5.18450    5.17482      8.435     0.2572    9.52738   4.770897 1.8190e+00    24.6768    24.6751 2.3314e+01     35.000          1      36794    1521.74 1.2816e+03  53074.875   1533.024 1603821184      -0.12     -0.478   39.23852  -72.29928 0.0000e+00
     33.737    19.9414    34.8658  1024.8233     2.4460     4.9369     95.225    0.00020    5.18447    5.17478      8.441     0.2723    9.52732   4.770983 1.9512e+00    24.6764    24.6748 2.5374e+01     34.000          1      36855    1521.73 1.3002e+03  53074.330   1535.603 1603821186       0.08     -0.370   39.23852  -72.29928 0.0000e+00
     32.754    19.9421    34.8656  1024.8187     2.4463     4.9357     95.198   -0.00015    5.18462    5.17494      8.450     0.2702    9.52758   4.770983 2.1046e+00    24.6761    24.6745 2.7140e+01     33.000          1      36966    1521.71 1.2898e+03  53073.584   1540.198 1603821191      -0.15     -0.159   39.23850  -72.29928 0.0000e+00
     31.750    19.9409    34.8659  1024.8148     2.4463     4.9363     95.208    0.00009    5.18469    5.17500      8.451     0.2735    9.52768   4.770843 2.2862e+00    24.6765    24.6750 2.9090e+01     32.000          1      37002    1521.70 1.2727e+03  53073.476   1541.712 1603821192       0.01     -0.515   39.23850  -72.29928 0.0000e+00
     30.765    19.9397    34.8657  1024.8106     2.4462     4.9344     95.174   -0.00026    5.18459    5.17491      8.439     0.2787    9.52753   4.770648 2.4312e+00    24.6767    24.6752 3.1409e+01     31.000          1      37076    1521.67 1.2920e+03  53072.807   1544.792 1603821196      -0.17     -0.253   39.23848  -72.29930 0.0000e+00
     29.771    19.9408    34.8656  1024.8058     2.4473     4.9381     95.246    0.00037    5.18460    5.17492      8.448     0.2775    9.52754   4.770715 2.6651e+00    24.6762    24.6748 3.3893e+01     30.000          1      37169    1521.66 1.2719e+03  53072.101   1548.672 1603821199       0.00     -0.224   39.23848  -72.29930 0.0000e+00
     28.778    19.9406    34.8656  1024.8015     2.4470     4.9345     95.177   -0.00047    5.18455    5.17486      8.462     0.2959    9.52745   4.770648 2.8964e+00    24.6763    24.6749 3.6311e+01     29.000          1      37231    1521.64 1.2535e+03  53071.670   1551.266 1603821202      -0.29     -0.478   39.23846  -72.29930 0.0000e+00
     27.785    19.9410    34.8658  1024.7972     2.4479     4.9385     95.258    0.00040    5.18432    5.17463      8.462     0.2781    9.52708   4.770689 3.0552e+00    24.6763    24.6749 3.9259e+01     28.000          1      37292    1521.63 1.2851e+03  53071.466   1553.805 1603821205       0.12     -0.367   39.23846  -72.29932 0.0000e+00
     26.794    19.9447    34.8659  1024.7920     2.4490     4.9383     95.267   -0.00020    5.18364    5.17395      8.462     0.2872    9.52594   4.771047 3.3319e+00    24.6753    24.6740 4.2074e+01     27.000          1      37379    1521.62 1.2633e+03  53070.948   1557.396 1603821208      -0.07     -0.281   39.23844  -72.29933 0.0000e+00
     25.798    19.9501    34.8670  1024.7870     2.4509     4.9432     95.376    0.00048    5.18284    5.17314      8.464     0.2758    9.52458   4.771672 3.6377e+00    24.6747    24.6734 4.5925e+01     26.000          1      37452    1521.62 1.2624e+03  53071.567   1560.449 1603821211      -0.22     -0.475   39.23844  -72.29934 0.0000e+00
     24.811    19.9554    34.8676  1024.7817     2.4468     4.9259     95.049   -0.00175    5.18246    5.17276      8.468     0.2893    9.52394   4.772289 3.7703e+00    24.6737    24.6725 4.7886e+01     25.000          1      37510    1521.62 1.2702e+03  53071.676   1562.894 1603821214       0.10     -0.396   39.23842  -72.29934 0.0000e+00
     23.813    19.9611    34.8690  1024.7769     2.4498     4.9403     95.328    0.00076    5.18241    5.17271      8.468     0.2894    9.52387   4.772951 4.0855e+00    24.6732    24.6721 5.1455e+01     24.000          1      37589    1521.62 1.2594e+03  53072.781   1566.148 1603821217      -0.24     -0.435   39.23840  -72.29935 0.0000e+00
     22.813    19.9583    34.8688  1024.7731     2.4508     4.9416     95.345    0.00054    5.18285    5.17315      8.455     0.2867    9.52460   4.772574 4.3609e+00    24.6738    24.6726 5.5573e+01     23.000          1      37673    1521.60 1.2743e+03  53072.131   1569.672 1603821220      -0.25     -0.719   39.23840  -72.29936 0.0000e+00
     21.834    19.9581    34.8685  1024.7686     2.4491     4.9332     95.186   -0.00074    5.18265    5.17295      8.452     0.2856    9.52427   4.772473 4.6438e+00    24.6736    24.6725 5.9156e+01     22.000          1      37800    1521.58 1.2739e+03  53071.267   1574.971 1603821226       0.06     -0.334   39.23837  -72.29937 0.0000e+00
     20.833    19.9574    34.8686  1024.7644     2.4516     4.9426     95.369    0.00064    5.18261    5.17291      8.452     0.2872    9.52420   4.772376 5.0117e+00    24.6737    24.6727 6.3601e+01     21.000          1      37872    1521.56 1.2693e+03  53070.902   1577.961 1603821229       0.11     -0.654   39.23837  -72.29938 0.0000e+00
     19.841    19.9586    34.8689  1024.7600     2.4511     4.9398     95.313    0.00016    5.18270    5.17300      8.462     0.2857    9.52436   4.772487 5.3734e+00    24.6736    24.6726 6.7164e+01     20.000          1      38907    1521.55 1.2499e+03  53070.843   1621.073 1603821272       0.02     -0.328   39.23820  -72.29948 0.0000e+00
     18.854    19.9577    34.8687  1024.7557     2.4524     4.9418     95.353    0.00011    5.18268    5.17298      8.446     0.2834    9.52431   4.772350 5.8118e+00    24.6736    24.6727 7.0677e+01     19.000          1      39699    1521.53 1.2161e+03  53070.098   1654.072 1603821305      -0.26     -0.335   39.23808  -72.29956 0.0000e+00
     17.863    19.9596    34.8691  1024.7512     2.4537     4.9494     95.496    0.00194    5.18278    5.17308      8.452     0.3011    9.52449   4.772519 5.7533e+00    24.6734    24.6725 7.1352e+01     18.000          1      39787    1521.52 1.2406e+03  53070.039   1657.768 1603821308      -0.38     -0.320   39.23806  -72.29958 0.0000e+00
     16.867    19.9594    34.8692  1024.7469     2.4542     4.9453     95.422    0.00027    5.18256    5.17286      8.454     0.2839    9.52411   4.772471 6.4388e+00    24.6734    24.6726 7.9185e+01     17.000          1      39837    1521.50 1.2302e+03  53069.671   1659.837 1603821311       0.07     -0.514   39.23805  -72.29958 0.0000e+00
     15.882    19.9602    34.8691  1024.7422     2.4536     4.9402     95.346   -0.00024    5.18136    5.17165      8.459     0.2895    9.52210   4.772537 6.7099e+00    24.6731    24.6723 8.2245e+01     16.000          1      39918    1521.48 1.2257e+03  53069.008   1663.202 1603821314      -0.09     -0.229   39.23804  -72.29958 0.0000e+00
     14.882    19.9695    34.8709  1024.7368     2.4539     4.9415     95.368    0.00004    5.18146    5.17175      8.463     0.2994    9.52227   4.773661 6.7260e+00    24.6721    24.6713 8.4040e+01     15.000          1      39962    1521.50 1.2495e+03  53070.542   1665.059 1603821316       0.01     -0.510   39.23803  -72.29960 0.0000e+00
     13.896    19.9723    34.8712  1024.7320     2.4541     4.9419     95.378    0.00015    5.18140    5.17169      8.494     0.2748    9.52217   4.773915 7.1476e+00    24.6715    24.6708 8.9000e+01     14.000          1      40030    1521.49 1.2455e+03  53070.319   1667.877 1603821319      -0.11     -0.279   39.23802  -72.29960 0.0000e+00
     12.905    19.9724    34.8712  1024.7276     2.4537     4.9378     95.295   -0.00055    5.18153    5.17182      8.461     0.2638    9.52238   4.773855 7.2959e+00    24.6714    24.6707 9.4994e+01     13.000          1      40120    1521.47 1.3042e+03  53069.730   1671.616 1603821322      -0.35     -0.279   39.23800  -72.29960 0.0000e+00
     11.906    19.9707    34.8712  1024.7236     2.4533     4.9363     95.269   -0.00064    5.18150    5.17179      8.458     0.2807    9.52233   4.773638 7.1582e+00    24.6718    24.6712 9.5752e+01     12.000          1      40155    1521.45 1.3376e+03  53069.366   1673.073 1603821324      -0.32     -0.740   39.23800  -72.29960 0.0000e+00
     10.911    19.9712    34.8710  1024.7190     2.4532     4.9380     95.302    0.00028    5.18142    5.17171      8.460     0.2728    9.52221   4.773633 7.3610e+00    24.6714    24.6709 9.7882e+01     11.000          1      40214    1521.43 1.3294e+03  53068.585   1675.562 1603821326      -0.01     -0.502   39.23799  -72.29961 0.0000e+00
      9.929    19.9713    34.8709  1024.7145     2.4560     4.9439     95.435    0.00071    5.18038    5.17066      8.468     0.2669    9.52050   4.773576 7.1571e+00    24.6713    24.6708 9.2743e+01     10.000          1      40311    1521.42 1.2960e+03  53067.937   1679.577 1603821330      -0.13     -0.328   39.23797  -72.29963 0.0000e+00
      8.932    19.9756    34.8696  1024.7080     2.4557     4.9408     95.391    0.00012    5.17955    5.16983      8.469     0.2238    9.51912   4.773867 7.3011e+00    24.6691    24.6687 9.4261e+01      9.000          1      40344    1521.41 1.2913e+03  53065.453   1680.954 1603821332      -0.24     -0.616   39.23796  -72.29964 0.0000e+00
      7.934    19.9883    34.8686  1024.6995     2.4565     4.9417     95.417    0.00014    5.17907    5.16934      8.481     0.2110    9.51832   4.774991 7.8776e+00    24.6650    24.6646 9.9368e+01      8.000          1      40401    1521.43 1.2616e+03  53062.933   1683.337 1603821334      -0.07     -0.499   39.23795  -72.29965 0.0000e+00
      6.949    19.9969    34.8688  1024.6931     2.4575     4.9419     95.426   -0.00012    5.17877    5.16904      8.492     0.2081    9.51783   4.775823 8.5393e+00    24.6628    24.6625 1.0739e+02      7.000          1      40491    1521.44 1.2575e+03  53062.271   1687.104 1603821338      -0.07     -0.381   39.23794  -72.29966 0.0000e+00
      5.957    19.9996    34.8687  1024.6879     2.4569     4.9390     95.371   -0.00060    5.17872    5.16899      8.494     0.2022    9.51774   4.776068 9.1051e+00    24.6620    24.6617 1.1773e+02      6.000          1      40530    1521.43 1.2929e+03  53061.493   1688.704 1603821339      -0.35     -0.549   39.23792  -72.29966 0.0000e+00
      4.955    20.0007    34.8690  1024.6835     2.4560     4.9380     95.348   -0.00015    5.17890    5.16917      8.495     0.1999    9.51804   4.776121 1.0689e+01    24.6619    24.6616 1.3538e+02      5.000          1      40577    1521.41 1.2682e+03  53061.389   1690.672 1603821341      -0.08     -0.653   39.23792  -72.29966 0.0000e+00
      3.973    19.9980    34.8692  1024.6799     2.4545     4.9328     95.251   -0.00013    5.17877    5.16904      8.502     0.2089    9.51782   4.775824 1.3007e+01    24.6626    24.6624 1.5781e+02      4.000          1      40676    1521.39 1.2127e+03  53061.244   1694.786 1603821346      -0.29     -0.426   39.23790  -72.29968 0.0000e+00
      2.975    19.9998    34.8692  1024.6751     2.4563     4.9400     95.386    0.00079    5.17893    5.16920      8.503     0.2107    9.51808   4.775973 1.5688e+01    24.6621    24.6620 1.9117e+02      3.000          1      40719    1521.38 1.2186e+03  53060.718   1696.598 1603821347       0.09     -0.516   39.23790  -72.29968 0.0000e+00
      1.975    19.9989    34.8693  1024.6710     2.4568     4.9390     95.364   -0.00014    5.17907    5.16935      8.516     0.1970    9.51832   4.775836 1.7609e+01    24.6624    24.6623 2.1300e+02      2.000          1      40923    1521.36 1.2094e+03  53060.390   1705.084 1603821356      -0.19     -0.215   39.23785  -72.29971 0.0000e+00
