CalculateIndicators/WaterTemperature/Data/CTD_NYOS/20201021_C17.cnv
* Sea-Bird SBE 9 Data File:
* FileName = C:\Seabird 9 CTD\Data\2020\202010_offshore\20201021_C17.hex
* Software Version Seasave V 7.23.2
* Temperature SN = 4590
* Conductivity SN = 3228
* Number of Bytes Per Scan = 44
* Number of Voltage Words = 5
* Number of Scans Averaged by the Deck Unit = 1
* NMEA Latitude = 40 00.08 N
* NMEA Longitude = 072 54.11 W
* NMEA UTC (Time) = Oct 21 2020  21:29:19
* NMEA baud rate = 4800
** Ship: seawolf
** Station: 5.3
** Operator: SJW
# nquan = 31
# nvalues = 91                          
# units = specified
# name 0 = depSM: Depth [salt water, m]
# name 1 = t090C: Temperature [ITS-90, deg C]
# name 2 = sal00: Salinity, Practical [PSU]
# name 3 = density00: Density [density, kg/m^3]
# name 4 = sbeox0V: Oxygen raw, SBE 43 [V]
# name 5 = sbeox0ML/L: Oxygen, SBE 43 [ml/l]
# name 6 = sbeox0PS: Oxygen, SBE 43 [% saturation]
# name 7 = sbox0dV/dT: Oxygen, SBE 43 [dov/dt]
# name 8 = oxsolML/L: Oxygen Saturation, Garcia & Gordon [ml/l]
# name 9 = oxsatML/L: Oxygen Saturation, Weiss [ml/l]
# name 10 = ph: pH
# name 11 = flECO-AFL: Fluorescence, WET Labs ECO-AFL/FL [mg/m^3]
# name 12 = n2satML/L: Nitrogen Saturation [ml/l]
# name 13 = c0S/m: Conductivity [S/m]
# name 14 = cpar: CPAR/Corrected Irradiance [%]
# name 15 = sigma-é00: Density [sigma-theta, kg/m^3]
# name 16 = sigma-t00: Density [sigma-t, kg/m^3 ]
# name 17 = par: PAR/Irradiance, Biospherical/Licor
# name 18 = prDM: Pressure, Digiquartz [db]
# name 19 = pumps: Pump Status
# name 20 = scan: Scan Count
# name 21 = svCM: Sound Velocity [Chen-Millero, m/s]
# name 22 = spar: SPAR, Biospherical/Licor
# name 23 = specc: Specific Conductance [uS/cm]
# name 24 = timeS: Time, Elapsed [seconds]
# name 25 = timeY: Time, System [seconds]
# name 26 = accM: Acceleration [m/s^2]
# name 27 = dz/dtM: Descent Rate [m/s]
# name 28 = latitude: Latitude [deg]
# name 29 = longitude: Longitude [deg]
# name 30 = flag: flag
# span 0 =      1.981,     46.637       
# span 1 =    13.9223,    18.5104       
# span 2 =    33.1272,    33.6463       
# span 3 =  1023.8314,  1025.0063       
# span 4 =     1.6110,     2.5108       
# span 5 =     3.0907,     5.2811       
# span 6 =     52.316,     98.189       
# span 7 =   -0.12487,    0.07747       
# span 8 =    5.37429,    5.89808       
# span 9 =    5.36553,    5.89459       
# span 10 =      8.156,      8.428      
# span 11 =     0.1279,     0.5294      
# span 12 =    9.85887,   10.72969      
# span 13 =   3.984827,   4.441045      
# span 14 = 1.2083e-02, 1.5194e+01      
# span 15 =    23.8227,    24.7979      
# span 16 =    23.8226,    24.7965      
# span 17 = 7.4623e-02, 8.3344e+01      
# span 18 =      2.000,     47.000      
# span 19 =          1,          1      
# span 20 =        423,      11860      
# span 21 =    1501.68,    1515.35      
# span 22 = 4.0492e+02, 6.9846e+02      
# span 23 =  50970.417,  51527.204      
# span 24 =     17.577,    494.104      
# span 25 = 1603315778, 1603316254      
# span 26 =      -0.28,       0.33      
# span 27 =     -0.651,      0.670      
# span 28 =   40.00136,   40.00154      
# span 29 =  -72.90237,  -72.90190      
# span 30 = 0.0000e+00, 0.0000e+00      
# interval = decibars: 1                
# start_time = Oct 21 2020 21:29:20 [System UTC, first data scan.]
# bad_flag = -9.990e-29
*END*
[from data line 47]
     44.651    14.0177    33.1732  1024.9728     1.6213     3.2680     55.601   -0.00176    5.87745    5.87374 -9.990e-29     0.1447   10.69543   4.000597 2.2900e-02    24.7733    24.7720 1.3379e-01     45.000          1       5987    1502.13 5.8590e+02  51264.486    249.425 1603316009      -0.04     -0.368   40.00144  -72.90214 0.0000e+00
     43.660    13.9705    33.1516  1024.9615     1.6146     3.2521     55.291   -0.00141    5.88172    5.87805      8.159     0.1665   10.70265   3.993857 3.4692e-02    24.7664    24.7651 1.8363e-01     44.000          1       6084    1501.94 5.2816e+02  51239.684    253.462 1603316014      -0.03     -0.213   40.00144  -72.90214 0.0000e+00
     42.665    13.9458    33.1422  1024.9549     1.6125     3.2490     55.218   -0.00089    5.88397    5.88032      8.158     0.1625   10.70648   3.990359 4.1513e-02    24.7642    24.7629 2.4275e-01     43.000          1       6146    1501.83 5.8530e+02  51229.032    256.032 1603316016      -0.19     -0.530   40.00144  -72.90214 0.0000e+00
     41.673    13.9281    33.1340  1024.9477     1.6112     3.2461     55.162   -0.00071    5.88474    5.88109 -9.990e-29     0.1330   10.70780   3.987904 5.1702e-02    24.7614    24.7602 3.0525e-01     42.000          1       6193    1501.74 5.9007e+02  51219.180    257.996 1603316018       0.10     -0.517   40.00144  -72.90214 0.0000e+00
     40.681    13.9237    33.1287  1024.9401     1.6110     3.2481     55.196   -0.00002    5.88480    5.88116      8.156     0.1485   10.70791   3.986932 7.1789e-02    24.7582    24.7570 3.7651e-01     41.000          1       6266    1501.71 5.2890e+02  51211.870    261.031 1603316021       0.05     -0.305   40.00144  -72.90216 0.0000e+00
     39.690    13.9223    33.1272  1024.9348     1.6122     3.2516     55.276    0.00042    5.88258    5.87891      8.158     0.1600   10.70419   3.986668 8.2158e-02    24.7573    24.7562 4.7171e-01     40.000          1       6346    1501.68 5.7656e+02  51209.432    264.360 1603316024      -0.11     -0.344   40.00144  -72.90216 0.0000e+00
     38.699    13.9378    33.1302  1024.9294     1.6167     3.2301     55.535    0.00188    5.81660    5.81222      8.165     0.1597   10.59435   3.988509 1.0208e-01    24.7564    24.7553 5.6413e-01     39.000          1       6416    1501.72 5.5281e+02  51211.131    267.272 1603316027       0.05     -0.314   40.00145  -72.90216 0.0000e+00
     37.707    14.0000    33.1397  1024.9194     1.6592     3.3759     58.737    0.01923    5.74512    5.73993      8.170     0.1627   10.47626   3.995989 1.1521e-01    24.7509    24.7498 6.6018e-01     38.000          1       6466    1501.92 5.7412e+02  51215.983    269.371 1603316029      -0.28     -0.512   40.00144  -72.90216 0.0000e+00
     36.710    15.9414    33.3489  1024.6444     1.9614     4.2444     76.720    0.07747    5.54806    5.54104      8.237     0.2259   10.14524   4.212616 1.3818e-01    24.4817    24.4804 7.5304e-01     37.000          1       6551    1508.22 5.4665e+02  51313.134    272.931 1603316033      -0.05     -0.406   40.00145  -72.90216 0.0000e+00
     35.720    17.7795    33.5711  1024.3912     2.3390     5.0027     92.089    0.03087    5.43141    5.42329      8.337     0.2866    9.95048   4.405415 1.5388e-01    24.2342    24.2327 8.2787e-01     36.000          1       7496    1514.12 5.3908e+02  51447.455    312.287 1603316072      -0.04     -0.286   40.00147  -72.90221 0.0000e+00
     34.728    17.9983    33.6126  1024.3642     2.3992     5.0995     94.227    0.01813    5.41191    5.40363      8.342     0.3147    9.91770   4.429735 1.6936e-01    24.2116    24.2101 9.0573e-01     35.000          1       8048    1514.79 5.3627e+02  51489.554    335.298 1603316095      -0.02     -0.377   40.00148  -72.90224 0.0000e+00
     33.738    18.0397    33.6269  1024.3606     2.4217     5.1143     94.549    0.00511    5.40915    5.40085      8.345     0.3408    9.91298   4.434821 2.0272e-01    24.2123    24.2109 1.0322e+00     34.000          1       8133    1514.91 5.0979e+02  51505.506    338.816 1603316099       0.02     -0.287   40.00148  -72.90224 0.0000e+00
     32.745    18.0585    33.6374  1024.3596     2.4299     5.1295     94.837    0.00339    5.40877    5.40046      8.348     0.3377    9.91234   4.437646 2.0281e-01    24.2158    24.2144 1.1573e+00     33.000          1       8194    1514.96 5.7067e+02  51518.197    341.376 1603316101      -0.15     -0.439   40.00148  -72.90223 0.0000e+00
     31.750    18.0615    33.6385  1024.3553     2.4320     5.1265     94.799    0.00117    5.40781    5.39950      8.351     0.3473    9.91074   4.437837 2.3420e-01    24.2158    24.2145 1.2573e+00     32.000          1       8242    1514.95 5.3810e+02  51518.942    343.371 1603316103       0.05     -0.499   40.00148  -72.90224 0.0000e+00
     30.763    18.0702    33.6398  1024.3498     2.4400     5.1507     95.290    0.00320    5.40529    5.39695      8.366     0.2968    9.90649   4.438737 2.9435e-01    24.2146    24.2133 1.3944e+00     31.000          1       8317    1514.96 4.7310e+02  51519.575    346.482 1603316107      -0.01     -0.267   40.00148  -72.90224 0.0000e+00
     29.767    18.0901    33.6439  1024.3436     2.4445     5.1613     95.398    0.00134    5.41023    5.40194      8.390     0.3182    9.91490   4.440992 2.9806e-01    24.2129    24.2116 1.6128e+00     30.000          1       8379    1515.01 5.4098e+02  51523.326    349.082 1603316109       0.06     -0.364   40.00148  -72.90224 0.0000e+00
     28.780    18.0453    33.6220  1024.3335     2.4449     5.1577     95.307   -0.00022    5.41170    5.40341      8.428     0.3739    9.91747   4.433481 3.0793e-01    24.2070    24.2058 1.7234e+00     29.000          1       8449    1514.84 5.5978e+02  51495.958    352.012 1603316112      -0.21     -0.342   40.00148  -72.90224 0.0000e+00
     27.780    18.0385    33.6184  1024.3280     2.4486     5.1737     95.610    0.00194    5.41125    5.40295      8.416     0.3770    9.91675   4.432628 4.2178e-01    24.2059    24.2048 1.9097e+00     28.000          1       8487    1514.80 4.6126e+02  51491.074    353.601 1603316114      -0.00     -0.599   40.00148  -72.90226 0.0000e+00
     26.792    18.0449    33.6080  1024.3140     2.4515     5.1783     95.662    0.00064    5.41311    5.40483      8.408     0.3638    9.91998   4.431972 4.6347e-01    24.1963    24.1952 2.2441e+00     27.000          1       8565    1514.79 4.9100e+02  51475.815    356.848 1603316117       0.06     -0.250   40.00148  -72.90224 0.0000e+00
     25.801    18.0325    33.5980  1024.3050     2.4507     5.1728     95.547   -0.00039    5.41387    5.40559      8.402     0.3640    9.92138   4.429519 4.4362e-01    24.1917    24.1906 2.4863e+00     26.000          1       8636    1514.72 5.6022e+02  51462.524    359.811 1603316120      -0.06     -0.393   40.00148  -72.90225 0.0000e+00
     24.807    18.0287    33.5889  1024.2946     2.4529     5.1838     95.731    0.00104    5.41500    5.40673      8.400     0.3853    9.92329   4.427871 5.3632e-01    24.1856    24.1846 2.7127e+00     25.000          1       8680    1514.68 5.0916e+02  51449.876    361.615 1603316122      -0.12     -0.545   40.00148  -72.90226 0.0000e+00
     23.813    18.0234    33.5819  1024.2862     2.4522     5.1799     95.618   -0.00021    5.41727    5.40902      8.391     0.4151    9.92716   4.426646 6.9245e-01    24.1815    24.1805 3.0530e+00     24.000          1       8737    1514.65 4.4950e+02  51440.189    363.987 1603316124       0.10     -0.408   40.00148  -72.90226 0.0000e+00
     22.826    17.9917    33.5677  1024.2786     2.4398     5.1361     94.744   -0.00463    5.42106    5.41284      8.340     0.4486    9.93365   4.421665 6.2858e-01    24.1783    24.1774 3.5430e+00     23.000          1       8834    1514.52 5.6127e+02  51422.490    368.025 1603316128      -0.13     -0.225   40.00148  -72.90226 0.0000e+00
     21.831    17.9674    33.5561  1024.2712     2.4363     5.1336     94.711   -0.00198    5.42031    5.41207      8.350     0.4655    9.93240   4.418003 7.1027e-01    24.1753    24.1744 3.9048e+00     22.000          1       8878    1514.42 5.4979e+02  51407.752    369.883 1603316130      -0.10     -0.515   40.00148  -72.90226 0.0000e+00
     20.836    17.9773    33.5539  1024.2627     2.4372     5.1435     94.900    0.00058    5.41986    5.41162      8.351     0.4677    9.93166   4.418728 9.6143e-01    24.1712    24.1703 4.2852e+00     21.000          1       8919    1514.43 4.5719e+02  51403.540    371.586 1603316132       0.01     -0.590   40.00148  -72.90226 0.0000e+00
     19.846    17.9821    33.5529  1024.2565     2.4384     5.1461     94.919    0.00010    5.42154    5.41331      8.356     0.5141    9.93458   4.419108 1.0673e+00    24.1693    24.1684 4.9417e+00     20.000          1       9008    1514.42 4.7555e+02  51401.435    375.297 1603316135      -0.01     -0.244   40.00148  -72.90226 0.0000e+00
     18.858    17.9737    33.5445  1024.2476     2.4380     5.1425     94.825   -0.00090    5.42320    5.41497 -9.990e-29     0.4978    9.93755   4.417019 1.0605e+00    24.1647    24.1640 5.6632e+00     19.000          1       9084    1514.37 5.3358e+02  51389.947    378.448 1603316139      -0.17     -0.443   40.00150  -72.90228 0.0000e+00
     17.857    17.9568    33.5252  1024.2326     2.4412     5.1586     95.131    0.00180    5.42257    5.41434      8.364     0.5010    9.93651   4.413146 1.2418e+00    24.1541    24.1534 6.3147e+00     18.000          1       9119    1514.29 5.0952e+02  51364.194    379.909 1603316140      -0.04     -0.651   40.00150  -72.90228 0.0000e+00
     16.869    17.9656    33.5199  1024.2220     2.4494     5.1810     95.556    0.00242    5.42196    5.41372      8.363     0.4325    9.93550   4.413502 1.4604e+00    24.1479    24.1472 7.1484e+00     17.000          1       9196    1514.29 4.9129e+02  51355.873    383.109 1603316143       0.09     -0.292   40.00150  -72.90228 0.0000e+00
     15.882    17.9740    33.5193  1024.2151     2.4551     5.1893     95.721    0.00089    5.42124    5.41299      8.377     0.3965    9.93437   4.414195 1.5054e+00    24.1453    24.1447 7.8891e+00     16.000          1       9283    1514.30 5.2393e+02  51353.995    386.754 1603316147      -0.28     -0.327   40.00150  -72.90228 0.0000e+00
     14.881    17.9730    33.5149  1024.2076     2.4576     5.1963     95.869    0.00151    5.42019    5.41193      8.385     0.3723    9.93264   4.413550 1.7301e+00    24.1422    24.1415 9.0713e+00     15.000          1       9317    1514.27 5.2474e+02  51347.541    388.181 1603316148      -0.03     -0.646   40.00150  -72.90228 0.0000e+00
     13.890    17.9883    33.5104  1024.1960     2.4639     5.2145     96.219    0.00243    5.41940    5.41113      8.387     0.3143    9.93141   4.414525 2.2250e+00    24.1349    24.1344 1.0138e+01     14.000          1       9378    1514.29 4.6325e+02  51339.791    390.724 1603316151       0.10     -0.391   40.00150  -72.90229 0.0000e+00
     12.904    18.0040    33.5007  1024.1804     2.4701     5.2249     96.424    0.00111    5.41863    5.41034      8.375     0.2751    9.93060   4.414834 2.1756e+00    24.1236    24.1231 1.1176e+01     13.000          1       9468    1514.31 5.1234e+02  51324.899    394.442 1603316154      -0.11     -0.249   40.00150  -72.90230 0.0000e+00
     11.906    18.0160    33.4761  1024.1542     2.4760     5.2461     96.806    0.00299    5.41923    5.41093      8.373     0.2055    9.93202   4.412951 2.4891e+00    24.1019    24.1014 1.2810e+01     12.000          1       9516    1514.30 5.1517e+02  51289.886    396.460 1603316157       0.01     -0.479   40.00150  -72.90230 0.0000e+00
     10.915    18.0302    33.4252  1024.1073     2.4817     5.2587     97.031    0.00223    5.41965    5.41135 -9.990e-29     0.2177    9.93285   4.408312 2.7809e+00    24.0593    24.0589 1.3709e+01     11.000          1       9572    1514.27 4.9314e+02  51218.616    398.780 1603316159      -0.02     -0.429   40.00150  -72.90230 0.0000e+00
      9.918    18.0335    33.3959  1024.0797     2.4849     5.2617     97.090    0.00058    5.41946    5.41115      8.386     0.2060    9.93261   4.405118 3.5404e+00    24.0361    24.0357 1.5288e+01     10.000          1      10287    1514.23 4.4385e+02  51177.711    428.590 1603316189      -0.02     -0.346   40.00151  -72.90232 0.0000e+00
      8.931    18.0449    33.3639  1024.0480     2.4880     5.2678     97.220    0.00072    5.41843    5.41008      8.394     0.1669    9.93145   4.402440 3.6820e+00    24.0088    24.0084 1.7669e+01      9.000          1      11383    1514.21 4.7983e+02  51132.632    474.254 1603316234      -0.03     -0.397   40.00152  -72.90236 0.0000e+00
      7.939    18.0610    33.3444  1024.0248     2.4902     5.2684     97.315    0.00083    5.41378    5.40539      8.385     0.1702    9.92389   4.401711 4.0917e+00    23.9899    23.9896 1.7944e+01      8.000          1      11448    1514.22 4.4471e+02  51104.324    476.970 1603316237       0.04     -0.338   40.00152  -72.90236 0.0000e+00
      6.946    18.1045    33.3287  1023.9977     2.4933     5.2664     97.465    0.00127    5.40337    5.39488      8.388     0.1655    9.90678   4.404204 4.8360e+00    23.9672    23.9669 2.0599e+01      7.000          1      11515    1514.31 4.2773e+02  51079.343    479.742 1603316240      -0.05     -0.388   40.00152  -72.90236 0.0000e+00
      5.955    18.2281    33.3086  1023.9476     2.4992     5.2680     97.754    0.00188    5.38908    5.38046      8.383     0.1723    9.88324   4.414120 5.2109e+00    23.9214    23.9212 2.5706e+01      6.000          1      11590    1514.64 4.9351e+02  51042.716    482.865 1603316243       0.04     -0.290   40.00152  -72.90236 0.0000e+00
      4.962    18.3572    33.2902  1023.8973     2.5047     5.2747     98.013    0.00220    5.38168    5.37299      8.375     0.1673    9.87103   4.424396 6.8219e+00    23.8756    23.8754 2.8106e+01      5.000          1      11653    1514.97 4.2415e+02  51008.524    485.484 1603316246      -0.12     -0.435   40.00154  -72.90236 0.0000e+00
      3.967    18.4124    33.2869  1023.8768     2.5072     5.2744     98.071    0.00124    5.37817    5.36944      8.375     0.2041    9.86525   4.429253 8.7557e+00    23.8594    23.8592 3.5291e+01      4.000          1      11702    1515.11 4.0492e+02  50999.817    487.523 1603316248       0.04     -0.490   40.00152  -72.90236 0.0000e+00
      2.977    18.4858    33.2743  1023.8446     2.5098     5.2739     98.131    0.00040    5.37429    5.36553 -9.990e-29     0.1644    9.85887   4.434667 1.0249e+01    23.8315    23.8313 4.9057e+01      3.000          1      11783    1515.30 4.7979e+02  50977.262    490.910 1603316251       0.02     -0.256   40.00152  -72.90236 0.0000e+00
      1.983    18.5104    33.2708  1023.8314     2.5096     5.2755     98.100    0.00006    5.37765    5.36892      8.371     0.1636    9.86437   4.436302 1.5194e+01    23.8227    23.8226 6.6253e+01      2.000          1      11860    1515.35 4.4213e+02  50970.417    494.104 1603316254       0.03     -0.324   40.00154  -72.90237 0.0000e+00
