CalculateIndicators/WaterTemperature/Data/CTD_NYOS/20201028_C30.cnv
* Sea-Bird SBE 9 Data File:
* FileName = C:\Seabird 9 CTD\Data\2020\202010_offshore\20201028_C30.hex
* Software Version Seasave V 7.23.2
* Temperature SN = 4590
* Conductivity SN = 3228
* Number of Bytes Per Scan = 44
* Number of Voltage Words = 5
* Number of Scans Averaged by the Deck Unit = 1
* NMEA Latitude = 40 26.07 N
* NMEA Longitude = 072 22.99 W
* NMEA UTC (Time) = Oct 28 2020  06:32:24
* NMEA baud rate = 4800
** Ship: seawolf
** Station: 3.2
** Operator: sjw
# nquan = 31
# nvalues = 93                          
# units = specified
# name 0 = depSM: Depth [salt water, m]
# name 1 = t090C: Temperature [ITS-90, deg C]
# name 2 = sal00: Salinity, Practical [PSU]
# name 3 = density00: Density [density, kg/m^3]
# name 4 = sbeox0V: Oxygen raw, SBE 43 [V]
# name 5 = sbeox0ML/L: Oxygen, SBE 43 [ml/l]
# name 6 = sbeox0PS: Oxygen, SBE 43 [% saturation]
# name 7 = sbox0dV/dT: Oxygen, SBE 43 [dov/dt]
# name 8 = oxsolML/L: Oxygen Saturation, Garcia & Gordon [ml/l]
# name 9 = oxsatML/L: Oxygen Saturation, Weiss [ml/l]
# name 10 = ph: pH
# name 11 = flECO-AFL: Fluorescence, WET Labs ECO-AFL/FL [mg/m^3]
# name 12 = n2satML/L: Nitrogen Saturation [ml/l]
# name 13 = c0S/m: Conductivity [S/m]
# name 14 = cpar: CPAR/Corrected Irradiance [%]
# name 15 = sigma-é00: Density [sigma-theta, kg/m^3]
# name 16 = sigma-t00: Density [sigma-t, kg/m^3 ]
# name 17 = par: PAR/Irradiance, Biospherical/Licor
# name 18 = prDM: Pressure, Digiquartz [db]
# name 19 = pumps: Pump Status
# name 20 = scan: Scan Count
# name 21 = svCM: Sound Velocity [Chen-Millero, m/s]
# name 22 = spar: SPAR, Biospherical/Licor
# name 23 = specc: Specific Conductance [uS/cm]
# name 24 = timeS: Time, Elapsed [seconds]
# name 25 = timeY: Time, System [seconds]
# name 26 = accM: Acceleration [m/s^2]
# name 27 = dz/dtM: Descent Rate [m/s]
# name 28 = latitude: Latitude [deg]
# name 29 = longitude: Longitude [deg]
# name 30 = flag: flag
# span 0 =      1.964,     47.635       
# span 1 =    17.5690,    19.1999       
# span 2 =    33.4473,    34.5373       
# span 3 =  1024.1941,  1024.8614       
# span 4 =     2.3495,     2.4494       
# span 5 =     4.7842,     5.1992       
# span 6 =     90.420,     95.394       
# span 7 =   -0.00692,    0.00617       
# span 8 =    5.26735,    5.46619       
# span 9 =    5.25819,    5.45833       
# span 10 =      8.367,      8.703      
# span 11 =     0.0905,     0.5076      
# span 12 =    9.66831,   10.00972      
# span 13 =   4.365904,   4.656617      
# span 14 = -7.627e+03, 1.1286e+05      
# span 15 =    24.1854,    24.6532      
# span 16 =    24.1853,    24.6510      
# span 17 = -5.981e-03, 9.4849e-02      
# span 18 =      2.000,     48.000      
# span 19 =          1,          1      
# span 20 =        217,      10293      
# span 21 =    1512.82,    1519.45      
# span 22 = -4.171e-01, 4.2649e+00      
# span 23 =  51277.850,  52676.952      
# span 24 =      9.013,    428.844      
# span 25 = 1603866752, 1603867172      
# span 26 =      -0.52,       0.48      
# span 27 =     -0.769,      0.785      
# span 28 =   40.43454,   40.43561      
# span 29 =  -72.38322,  -72.38318      
# span 30 = 0.0000e+00, 0.0000e+00      
# interval = decibars: 1                
# start_time = Oct 28 2020 06:32:23 [System UTC, first data scan.]
# bad_flag = -9.990e-29
*END*
      1.964    17.6267    33.4673  1024.1978     2.4454     5.1926     95.116    0.00007    5.45931    5.45139 -9.990e-29     0.4532    9.99810   4.374038 1.1286e+05    24.1891    24.1890 -5.981e-03      2.000          1        217    1512.98 -4.171e-01  51300.932      9.013 1603866752       0.34     -0.536   40.43454  -72.38318 0.0000e+00
      2.976    17.6304    33.4672  1024.2012     2.4436     5.1855     95.014   -0.00027    5.45766    5.44973      8.430     0.4828    9.99530   4.374422 8.1056e+04    24.1881    24.1880 8.8107e-03      3.000          1        291    1513.01 6.1454e-01  51300.978     12.073 1603866755       0.18      0.177   40.43454  -72.38318 0.0000e+00
      3.965    17.6514    33.4740  1024.2058     2.4430     5.1841     95.055    0.00067    5.45377    5.44581      8.431     0.4628    9.98868   4.377401 -7.627e+03    24.1884    24.1882 -7.829e-04      4.000          1        395    1513.09 4.2649e+00  51309.431     16.418 1603866759       0.13      0.199   40.43456  -72.38318 0.0000e+00
      4.968    17.6584    33.4773  1024.2111     2.4440     5.1795     95.072    0.00001    5.44797    5.43997      8.433     0.4529    9.97877   4.378592 1.5190e-04    24.1892    24.1891 5.9990e-06      5.000          1        440    1513.13 3.9495e+00  51313.734     18.276 1603866761       0.43      0.580   40.43456  -72.38318 0.0000e+00
      5.953    17.6947    33.4972  1024.2220     2.4458     5.1867     95.208    0.00084    5.44779    5.43979 -9.990e-29     0.4718    9.97848   4.384704 2.5320e-11    24.1958    24.1955 1.0000e-12      6.000          1        489    1513.28 3.9495e+00  51338.918     20.320 1603866763      -0.22      0.515   40.43457  -72.38320 0.0000e+00
      6.946    17.7340    33.5186  1024.2332     2.4469     5.1782     95.271    0.00088    5.43526    5.42717      8.434     0.4623    9.95697   4.390918 2.5320e-11    24.2027    24.2024 1.0000e-12      7.000          1        570    1513.44 3.9495e+00  51365.840     23.700 1603866767       0.15      0.268   40.43458  -72.38318 0.0000e+00
      7.936    17.8185    33.5663  1024.2537     2.4494     5.1752     95.394    0.00077    5.42510    5.41694      8.437     0.4348    9.93944   4.405514 2.5320e-11    24.2188    24.2184 1.0000e-12      8.000          1        632    1513.76 3.9495e+00  51425.676     26.301 1603866769       0.24      0.539   40.43458  -72.38320 0.0000e+00
      8.934    17.8796    33.6106  1024.2772     2.4484     5.1691     95.274   -0.00050    5.42554    5.41739      8.437     0.5069    9.94019   4.416527 2.5320e-11    24.2379    24.2375 1.0000e-12      9.000          1        664    1514.01 3.9495e+00  51482.127     27.622 1603866771       0.06      0.726   40.43459  -72.38320 0.0000e+00
      9.924    17.9006    33.6406  1024.2994     2.4485     5.1704     95.319   -0.00001    5.42437    5.41621      8.436     0.4900    9.93808   4.421541 3.3690e+04    24.2558    24.2553 1.0000e-12     10.000          1        728    1514.12 2.4605e+00  51522.260     30.273 1603866773      -0.05      0.392   40.43460  -72.38320 0.0000e+00
     10.915    17.9065    33.6597  1024.3170     2.4490     5.1708     95.365    0.00003    5.42211    5.41394      8.436     0.4685    9.93409   4.424358 3.3333e+04    24.2691    24.2686 1.0000e-12     11.000          1        803    1514.17 2.5846e+00  51548.565     33.397 1603866776       0.22      0.487   40.43462  -72.38320 0.0000e+00
     11.907    17.9123    33.6714  1024.3290     2.4476     5.1646     95.261   -0.00066    5.42155    5.41338      8.436     0.4836    9.93312   4.426177 9.9748e+04    24.2766    24.2761 1.0000e-12     12.000          1        843    1514.22 9.7367e-03  51564.636     35.077 1603866778       0.04      0.591   40.43462  -72.38320 0.0000e+00
     12.900    17.9224    33.6806  1024.3380     2.4460     5.1601     95.197   -0.00052    5.42047    5.41230      8.436     0.4988    9.93124   4.428302 8.7591e+03    24.2813    24.2807 1.0000e-12     13.000          1        904    1514.28 3.5035e+00  51576.995     37.637 1603866781      -0.11      0.364   40.43462  -72.38320 0.0000e+00
     13.891    17.9338    33.6926  1024.3487     2.4445     5.1520     95.127   -0.00081    5.41594    5.40774      8.532     0.4436    9.92341   4.430806 -3.121e-01    24.2877    24.2871 1.0000e-12     14.000          1        982    1514.34 3.9495e+00  51593.054     40.875 1603866784       0.10      0.371   40.43464  -72.38320 0.0000e+00
     14.877    17.9368    33.6946  1024.3540     2.4420     5.1419     94.980   -0.00134    5.41369    5.40548      8.531     0.4305    9.91953   4.431502 2.5320e-11    24.2886    24.2879 1.0000e-12     15.000          1       1027    1514.37 3.9495e+00  51596.043     42.758 1603866786       0.18      0.504   40.43464  -72.38320 0.0000e+00
     15.885    17.9722    33.7262  1024.3739     2.4409     5.1400     94.947   -0.00105    5.41358    5.40536      8.530     0.4397    9.91932   4.438807 5.9676e+04    24.3041    24.3034 1.0000e-12     16.000          1       1062    1514.52 1.5505e+00  51637.421     44.188 1603866787       0.08      0.691   40.43464  -72.38320 0.0000e+00
     16.868    17.9845    33.7355  1024.3824     2.4391     5.1372     94.893   -0.00089    5.41371    5.40549      8.539     0.4445    9.91955   4.440862 2.5848e+03    24.3083    24.3076 1.0000e-12     17.000          1       1154    1514.59 3.8456e+00  51649.649     48.039 1603866791       0.15      0.337   40.43466  -72.38320 0.0000e+00
     17.857    17.9836    33.7348  1024.3865     2.4387     5.1387     94.930   -0.00000    5.41313    5.40491      8.544     0.4540    9.91856   4.440690 2.5320e-11    24.3080    24.3073 1.0000e-12     18.000          1       1206    1514.60 3.9495e+00  51649.246     50.208 1603866793       0.20      0.452   40.43466  -72.38320 0.0000e+00
     18.855    17.9850    33.7356  1024.3911     2.4393     5.1400     94.980    0.00026    5.41166    5.40343      8.545     0.4677    9.91603   4.440935 2.5320e-11    24.3083    24.3075 1.0000e-12     19.000          1       1250    1514.62 3.9495e+00  51650.678     52.035 1603866795      -0.10      0.535   40.43466  -72.38320 0.0000e+00
     19.846    17.9991    33.7452  1024.3995     2.4371     5.1306     94.815   -0.00096    5.41126    5.40302      8.545     0.4530    9.91534   4.443543 2.5320e-11    24.3123    24.3114 1.0000e-12     20.000          1       1320    1514.69 3.9495e+00  51663.430     54.945 1603866798      -0.00      0.332   40.43468  -72.38320 0.0000e+00
     20.835    17.9998    33.7460  1024.4042     2.4377     5.1333     94.950    0.00066    5.40633    5.39807      8.545     0.4350    9.90689   4.443700 2.5320e-11    24.3127    24.3118 1.0000e-12     21.000          1       1392    1514.71 3.9495e+00  51664.722     57.958 1603866801       0.06      0.333   40.43468  -72.38320 0.0000e+00
     21.829    18.0304    33.7665  1024.4169     2.4359     5.1244     94.793   -0.00074    5.40582    5.39755      8.556     0.4373    9.90602   4.449361 2.7430e-11    24.3210    24.3201 1.0000e-12     22.000          1       1440    1514.84 3.9495e+00  51691.403     59.938 1603866803       0.02      0.506   40.43469  -72.38320 0.0000e+00
     22.823    18.0456    33.7742  1024.4234     2.4335     5.1151     94.624   -0.00171    5.40568    5.39741      8.601     0.5076    9.90579   4.451645 2.5351e-11    24.3232    24.3222 1.0000e-12     23.000          1       1482    1514.91 3.9495e+00  51701.194     61.723 1603866805       0.09      0.551   40.43470  -72.38320 0.0000e+00
     23.813    18.0487    33.7757  1024.4282     2.4342     5.1233     94.776    0.00002    5.40568    5.39741      8.568     0.4356    9.90578   4.452082 2.5549e-11    24.3236    24.3226 1.0000e-12     24.000          1       1562    1514.94 3.9495e+00  51703.514     65.041 1603866808      -0.10      0.254   40.43470  -72.38320 0.0000e+00
     24.801    18.0490    33.7763  1024.4330     2.4334     5.1220     94.752   -0.00003    5.40572    5.39745      8.453     0.4220    9.90585   4.452182 2.5315e-11    24.3241    24.3231 1.0000e-12     25.000          1       1633    1514.96 3.9495e+00  51704.917     67.987 1603866811       0.41      0.443   40.43472  -72.38320 0.0000e+00
     25.804    18.0477    33.7760  1024.4375     2.4327     5.1200     94.715   -0.00019    5.40565    5.39738      8.431     0.4862    9.90573   4.452063 4.4539e+04    24.3242    24.3231 1.0000e-12     26.000          1       1662    1514.97 1.8800e+00  51705.006     69.194 1603866812       0.06      0.785   40.43472  -72.38320 0.0000e+00
     26.790    18.0486    33.7764  1024.4420     2.4341     5.1250     94.811    0.00023    5.40545    5.39718      8.430     0.4611    9.90538   4.452240 8.0943e+04    24.3243    24.3232 1.0000e-12     27.000          1       1725    1514.99 5.6294e-01  51706.063     71.816 1603866815      -0.08      0.372   40.43472  -72.38320 0.0000e+00
     27.784    18.0504    33.7778  1024.4471     2.4338     5.1211     94.788   -0.00026    5.40272    5.39443      8.431     0.4462    9.90064   4.452612 9.8540e+04    24.3250    24.3239 1.0000e-12     28.000          1       1805    1515.01 1.9874e+00  51708.331     75.159 1603866818       0.06      0.415   40.43473  -72.38320 0.0000e+00
     28.766    18.0577    33.7857  1024.4556     2.4355     5.1287     94.976    0.00144    5.39997    5.39166      8.431     0.4499    9.89590   4.454498 -9.990e-29    24.3293    24.3281 1.0000e-12     29.000          1       1860    1515.06 4.0659e+00  51719.126     77.475 1603866820       0.24      0.388   40.43474  -72.38320 0.0000e+00
     29.775    18.0755    33.8018  1024.4681     2.4356     5.1256     94.919    0.00040    5.40001    5.39171      8.431     0.4508    9.89596   4.458204 2.5320e-11    24.3373    24.3361 1.0000e-12     30.000          1       1888    1515.15 3.8954e+00  51740.375     78.636 1603866822       0.15      0.776   40.43474  -72.38320 0.0000e+00
     30.758    18.1007    33.8237  1024.4830     2.4385     5.1301     95.096    0.00071    5.39460    5.38627      8.432     0.4780    9.88667   4.463305 2.5320e-11    24.3479    24.3466 1.0000e-12     31.000          1       1986    1515.26 3.9557e+00  51769.044     82.702 1603866826       0.24      0.325   40.43476  -72.38320 0.0000e+00
     31.752    18.1135    33.8324  1024.4909     2.4384     5.1163     95.051    0.00001    5.38271    5.37429      8.431     0.4655    9.86629   4.465555 8.4119e+04    24.3515    24.3502 1.0000e-12     32.000          1       2037    1515.33 5.8612e-01  51780.491     84.844 1603866828      -0.06      0.548   40.43476  -72.38320 0.0000e+00
     32.745    18.1943    33.8835  1024.5145     2.4350     5.0962     94.781   -0.00182    5.37675    5.36829      8.397     0.4872    9.85607   4.480322 5.1755e+03    24.3708    24.3694 1.0000e-12     33.000          1       2087    1515.64 3.5460e+00  51845.224     86.932 1603866830       0.07      0.486   40.43476  -72.38320 0.0000e+00
     33.735    18.2770    33.9337  1024.5368     2.4303     5.0747     94.561   -0.00167    5.36657    5.35805      8.367     0.4264    9.83863   4.493957 -1.618e+02    24.3888    24.3874 1.0000e-12     34.000          1       2154    1515.95 3.9696e+00  51908.600     89.690 1603866833      -0.06      0.338   40.43478  -72.38320 0.0000e+00
     34.724    18.3795    33.9989  1024.5656     2.4218     5.0303     94.100   -0.00255    5.34578    5.33712      8.385     0.3312    9.80296   4.512085 2.5229e-11    24.4133    24.4118 1.0000e-12     35.000          1       2237    1516.34 3.9495e+00  51990.988     93.157 1603866836      -0.01      0.251   40.43478  -72.38320 0.0000e+00
     35.724    18.4539    34.0478  1024.5889     2.4160     5.0046     93.806   -0.00273    5.33508    5.32635      8.412     0.3079    9.78463   4.525744 2.5320e-11    24.4323    24.4308 1.0000e-12     36.000          1       2282    1516.63 3.9495e+00  52053.184     95.027 1603866838       0.28      0.590   40.43478  -72.38320 0.0000e+00
     36.713    18.6016    34.1410  1024.6276     2.4053     4.9656     93.165   -0.00496    5.32994    5.32117      8.399     0.2824    9.77579   4.551334 2.5320e-11    24.4668    24.4652 1.0000e-12     37.000          1       2332    1517.17 3.9495e+00  52171.126     97.108 1603866840      -0.13      0.495   40.43480  -72.38320 0.0000e+00
     37.701    18.6549    34.1755  1024.6449     2.3984     4.9515     92.961   -0.00268    5.32639    5.31760      8.425     0.2902    9.76970   4.560246 2.5320e-11    24.4798    24.4782 1.0000e-12     38.000          1       2390    1517.38 3.9495e+00  52215.103     99.551 1603866843       0.09      0.401   40.43480  -72.38320 0.0000e+00
     38.696    18.6993    34.2085  1024.6634     2.3914     4.9187     92.661   -0.00197    5.30830    5.29940      8.395     0.2068    9.73862   4.568538 2.5320e-11    24.4940    24.4923 1.0000e-12     39.000          1       2463    1517.57 3.9495e+00  52257.681    102.568 1603866846       0.26      0.319   40.43480  -72.38320 0.0000e+00
     39.694    18.7780    34.2681  1024.6935     2.3814     4.8654     91.987   -0.00525    5.28921    5.28018      8.375     0.1645    9.70600   4.584878 2.5320e-11    24.5198    24.5180 1.0000e-12     40.000          1       2511    1517.88 3.9495e+00  52334.243    104.596 1603866848       0.40      0.690   40.43481  -72.38320 0.0000e+00
     40.682    18.9384    34.3623  1024.7292     2.3753     4.8504     91.764   -0.00391    5.28579    5.27674      8.384     0.1696    9.70016   4.611492 7.3689e+04    24.5513    24.5494 1.0000e-12     41.000          1       2556    1518.46 1.0036e+00  52452.775    106.438 1603866849      -0.19      0.590   40.43482  -72.38320 0.0000e+00
     41.669    19.0779    34.4326  1024.7517     2.3722     4.8403     91.786   -0.00086    5.27348    5.26436      8.407     0.1289    9.67909   4.633332 1.0395e+05    24.5696    24.5677 1.0000e-12     42.000          1       2660    1518.95 -1.506e-01  52540.192    110.793 1603866854       0.23      0.182   40.43484  -72.38321 0.0000e+00
     42.667    19.1407    34.4708  1024.7692     2.3700     4.8324     91.680   -0.00085    5.27089    5.26174      8.415     0.1042    9.67463   4.644124 9.9999e+04    24.5828    24.5809 1.0000e-12     43.000          1       2720    1519.19 0.0000e+00  52588.906    113.275 1603866856      -0.05      0.416   40.43484  -72.38322 0.0000e+00
     43.657    19.1923    34.5110  1024.7911     2.3682     4.8253     91.608   -0.00087    5.26735    5.25819      8.397     0.1043    9.66831   4.653802 9.9999e+04    24.6004    24.5984 1.0000e-12     44.000          1       2839    1519.40 0.0000e+00  52640.862    118.244 1603866861       0.15      0.228   40.43486  -72.38321 0.0000e+00
     44.646    19.1938    34.5373  1024.8151     2.3660     4.8254     91.540   -0.00045    5.27137    5.26224      8.396     0.0985    9.67502   4.656617 9.9999e+04    24.6201    24.6180 1.0000e-12     45.000          1       2915    1519.45 0.0000e+00  52676.952    121.409 1603866864       0.01      0.326   40.43486  -72.38322 0.0000e+00
     45.642    19.1552    34.5282  1024.8225     2.3634     4.8216     91.379   -0.00126    5.27652    5.26743      8.408     0.0923    9.68366   4.651531 9.9999e+04    24.6231    24.6210 1.0000e-12     46.000          1       2986    1519.34 0.0000e+00  52667.538    124.363 1603866867       0.04      0.390   40.43486  -72.38322 0.0000e+00
     46.635    19.1048    34.5149  1024.8296     2.3495     4.7842     90.420   -0.00692    5.29107    5.28210      8.415     0.1054    9.70800   4.644338 9.9999e+04    24.6258    24.6237 1.0000e-12     47.000          1       3086    1519.20 0.0000e+00  52652.920    128.542 1603866871       0.48      0.594   40.43488  -72.38322 0.0000e+00
