CalculateIndicators/WaterTemperature/Data/CTD_NYOS/20201029_C38.cnv
* Sea-Bird SBE 9 Data File:
* FileName = C:\Seabird 9 CTD\Data\2020\202010_offshore\20201029_C38.hex
* Software Version Seasave V 7.23.2
* Temperature SN = 4590
* Conductivity SN = 3228
* Number of Bytes Per Scan = 44
* Number of Voltage Words = 5
* Number of Scans Averaged by the Deck Unit = 1
* NMEA Latitude = 40 05.88 N
* NMEA Longitude = 071 34.02 W
* NMEA UTC (Time) = Oct 29 2020  07:48:29
* NMEA baud rate = 4800
** Ship: seawolf
** Station: 1.4
** Operator: sjw
# nquan = 31
# nvalues = 160                         
# units = specified
# name 0 = depSM: Depth [salt water, m]
# name 1 = t090C: Temperature [ITS-90, deg C]
# name 2 = sal00: Salinity, Practical [PSU]
# name 3 = density00: Density [density, kg/m^3]
# name 4 = sbeox0V: Oxygen raw, SBE 43 [V]
# name 5 = sbeox0ML/L: Oxygen, SBE 43 [ml/l]
# name 6 = sbeox0PS: Oxygen, SBE 43 [% saturation]
# name 7 = sbox0dV/dT: Oxygen, SBE 43 [dov/dt]
# name 8 = oxsolML/L: Oxygen Saturation, Garcia & Gordon [ml/l]
# name 9 = oxsatML/L: Oxygen Saturation, Weiss [ml/l]
# name 10 = ph: pH
# name 11 = flECO-AFL: Fluorescence, WET Labs ECO-AFL/FL [mg/m^3]
# name 12 = n2satML/L: Nitrogen Saturation [ml/l]
# name 13 = c0S/m: Conductivity [S/m]
# name 14 = cpar: CPAR/Corrected Irradiance [%]
# name 15 = sigma-é00: Density [sigma-theta, kg/m^3]
# name 16 = sigma-t00: Density [sigma-t, kg/m^3 ]
# name 17 = par: PAR/Irradiance, Biospherical/Licor
# name 18 = prDM: Pressure, Digiquartz [db]
# name 19 = pumps: Pump Status
# name 20 = scan: Scan Count
# name 21 = svCM: Sound Velocity [Chen-Millero, m/s]
# name 22 = spar: SPAR, Biospherical/Licor
# name 23 = specc: Specific Conductance [uS/cm]
# name 24 = timeS: Time, Elapsed [seconds]
# name 25 = timeY: Time, System [seconds]
# name 26 = accM: Acceleration [m/s^2]
# name 27 = dz/dtM: Descent Rate [m/s]
# name 28 = latitude: Latitude [deg]
# name 29 = longitude: Longitude [deg]
# name 30 = flag: flag
# span 0 =      1.967,     81.356       
# span 1 =    12.4486,    19.3802       
# span 2 =    33.6031,    34.7429       
# span 3 =  1024.3750,  1026.3218       
# span 4 =     1.8652,     2.4408       
# span 5 =     4.0308,     5.1248       
# span 6 =     68.029,     94.871       
# span 7 =   -0.04343,    0.03334       
# span 8 =    5.24992,    6.04574       
# span 9 =    5.24066,    6.04440       
# span 10 =      8.362,      8.556      
# span 11 =    -0.0172,     0.5284      
# span 12 =    9.63831,   10.96853      
# span 13 =   3.908646,   4.689024      
# span 14 = -3.068e+03, 1.0511e+05      
# span 15 =    24.3658,    25.9612      
# span 16 =    24.3657,    25.9587      
# span 17 = -1.719e-02, 2.2596e-02      
# span 18 =      2.000,     82.000      
# span 19 =          1,          1      
# span 20 =        370,      17259      
# span 21 =    1497.95,    1519.90      
# span 22 = -2.021e-01, 4.0007e+00      
# span 23 =  51775.248,  53436.395      
# span 24 =     15.376,    719.084      
# span 25 = 1603957725, 1603958429      
# span 26 =      -0.59,       0.43      
# span 27 =     -0.679,      0.733      
# span 28 =   40.09816,   40.09887      
# span 29 =  -71.56706,  -71.56660      
# span 30 = 0.0000e+00, 0.0000e+00      
# interval = decibars: 1                
# start_time = Oct 29 2020 07:48:30 [System UTC, first data scan.]
# bad_flag = -9.990e-29
*END*
[from data line 94]
     66.476    12.5479    33.6502  1025.7364     1.8691     4.1136     68.192   -0.00034    6.03244    6.03090      8.381     0.0025   10.94697   3.915135 9.9999e+04    25.4377    25.4360 1.0000e-12     67.000          1       7330    1498.18 0.0000e+00  52133.147    305.393 1603958015       0.07     -0.362   40.09846  -71.56688 0.0000e+00
     65.484    12.5625    33.6325  1025.7153     1.8692     4.1148     68.216    0.00007    6.03202    6.03047      8.371     0.0239   10.94635   3.914703 9.9999e+04    25.4211    25.4194 1.0000e-12     66.000          1       7388    1498.19 0.0000e+00  52105.788    307.793 1603958018      -0.06     -0.456   40.09846  -71.56688 0.0000e+00
     64.489    12.5672    33.6257  1025.7047     1.8693     4.1136     68.215    0.00008    6.03036    6.02879      8.371     0.0194   10.94368   3.914413 9.9999e+04    25.4149    25.4132 1.0000e-12     65.000          1       7436    1498.18 0.0000e+00  52095.149    309.789 1603958020       0.03     -0.504   40.09846  -71.56688 0.0000e+00
     63.500    12.5793    33.6178  1025.6917     1.8701     4.1135     68.260    0.00035    6.02613    6.02450      8.366     0.0085   10.93671   3.914767 9.9999e+04    25.4064    25.4047 1.0000e-12     64.000          1       7497    1498.20 0.0000e+00  52081.787    312.335 1603958022       0.01     -0.381   40.09846  -71.56688 0.0000e+00
     62.509    12.6157    33.6116  1025.6753     1.8709     4.1145     68.286    0.00028    6.02540    6.02377      8.373     0.0166   10.93550   3.917583 9.9999e+04    25.3945    25.3929 1.0000e-12     63.000          1       7556    1498.30 0.0000e+00  52067.327    314.809 1603958025      -0.03     -0.402   40.09847  -71.56688 0.0000e+00
     61.513    12.6254    33.6130  1025.6700     1.8707     4.1122     68.246   -0.00005    6.02558    6.02394      8.378     0.0093   10.93581   3.918520 9.9999e+04    25.3937    25.3921 1.0000e-12     62.000          1       7619    1498.32 0.0000e+00  52067.262    317.422 1603958027      -0.04     -0.365   40.09847  -71.56686 0.0000e+00
     60.522    12.6247    33.6080  1025.6618     1.8693     4.1076     68.167   -0.00011    6.02578    6.02415      8.368     0.0141   10.93621   3.917826 9.7081e+04    25.3899    25.3883 1.0000e-12     61.000          1       7747    1498.29 8.6421e-02  52059.880    322.762 1603958033      -0.03     -0.201   40.09848  -71.56686 0.0000e+00
     59.528    12.6248    33.6032  1025.6536     1.8695     4.1098     68.219    0.00057    6.02444    6.02279      8.372     0.0163   10.93400   3.917270 4.1235e+04    25.3861    25.3846 1.0000e-12     60.000          1       8497    1498.27 1.9962e+00  52052.667    354.019 1603958064      -0.18     -0.445   40.09850  -71.56685 0.0000e+00
     58.538    12.6404    33.6031  1025.6460     1.8721     4.1151     68.332    0.00063    6.02227    6.02058      8.363     0.0131   10.93041   3.918705 3.6005e+04    25.3830    25.3815 1.0000e-12     59.000          1       8999    1498.30 2.1653e+00  52049.622    374.934 1603958085       0.04     -0.374   40.09852  -71.56684 0.0000e+00
     57.546    12.6523    33.6042  1025.6400     1.8742     4.1208     68.445    0.00092    6.02062    6.01892      8.363     0.0043   10.92767   3.919930 9.0939e+02    25.3815    25.3800 1.0000e-12     58.000          1       9078    1498.33 2.3184e+00  52048.925    378.223 1603958088      -0.15     -0.450   40.09852  -71.56684 0.0000e+00
     56.552    12.6611    33.6048  1025.6343     1.8752     4.1210     68.462    0.00054    6.01942    6.01770      8.365     0.0193   10.92566   3.920779 3.3175e-11    25.3802    25.3788 1.0000e-12     57.000          1       9125    1498.35 3.3369e+00  52047.936    380.168 1603958090      -0.03     -0.516   40.09854  -71.56684 0.0000e+00
     55.566    12.6767    33.6072  1025.6286     1.8763     4.1206     68.497    0.00054    6.01577    6.01401      8.367     0.0132   10.91957   3.922495 3.4395e-11    25.3790    25.3776 1.0000e-12     56.000          1       9201    1498.38 3.2417e+00  52048.476    383.337 1603958093      -0.01     -0.242   40.09854  -71.56684 0.0000e+00
     54.571    12.6973    33.6092  1025.6216     1.8791     4.1319     68.696    0.00138    6.01479    6.01302      8.363     0.0118   10.91794   3.924589 4.3291e-11    25.3765    25.3751 1.0000e-12     55.000          1       9246    1498.44 2.5479e+00  52047.718    385.224 1603958095      -0.06     -0.568   40.09854  -71.56684 0.0000e+00
     53.576    12.7056    33.6116  1025.6173     1.8791     4.1229     68.582    0.00003    6.01159    6.00979      8.373     0.0136   10.91260   3.925642 3.7046e-11    25.3767    25.3753 1.0000e-12     54.000          1       9305    1498.45 3.0349e+00  52049.274    387.664 1603958098      -0.14     -0.422   40.09854  -71.56684 0.0000e+00
     52.586    12.7341    33.6156  1025.6104     1.8803     4.1182     68.623    0.00009    6.00122    5.99929      8.392     0.0039   10.89529   3.928810 4.0269e-11    25.3742    25.3729 1.0000e-12     53.000          1       9374    1498.54 2.7836e+00  52050.179    390.549 1603958101      -0.59     -0.540   40.09854  -71.56684 0.0000e+00
     51.590    12.7687    33.6212  1025.6034     1.8834     4.1246     68.871    0.00157    5.98885    5.98678      8.392     0.0032   10.87457   3.932667 3.3240e-11    25.3718    25.3704 1.0000e-12     52.000          1       9411    1498.64 3.3318e+00  52052.491    392.093 1603958102       0.13     -0.679   40.09855  -71.56684 0.0000e+00
     50.606    12.9296    33.6459  1025.5862     1.8952     4.1545     69.570    0.00361    5.97163    5.96936      8.375     0.0029   10.84588   3.950714 7.5875e+04    25.3592    25.3578 1.0000e-12     51.000          1       9496    1499.19 8.4893e-01  52063.516    395.622 1603958106      -0.01     -0.173   40.09856  -71.56683 0.0000e+00
     49.610    13.0091    33.6573  1025.5748     1.9010     4.1624     69.789    0.00291    5.96430    5.96196      8.376     0.0149   10.83358   3.959253 9.9791e+04    25.3523    25.3510 1.0000e-12     50.000          1       9547    1499.46 7.2385e-03  52068.015    397.734 1603958108      -0.29     -0.534   40.09856  -71.56683 0.0000e+00
     48.617    13.0846    33.6702  1025.5652     1.9051     4.1639     69.889    0.00178    5.95781    5.95539      8.378     0.0111   10.82278   3.967546 9.9999e+04    25.3472    25.3459 1.0000e-12     49.000          1       9604    1499.71 0.0000e+00  52074.779    400.106 1603958110       0.11     -0.401   40.09856  -71.56682 0.0000e+00
     47.629    13.1255    33.6739  1025.5554     1.9103     4.1348     70.081    0.00183    5.90000    5.89692      8.382     0.0106   10.72642   3.971828 9.9999e+04    25.3419    25.3406 1.0000e-12     48.000          1       9671    1499.83 0.0000e+00  52073.803    402.918 1603958113      -0.30     -0.401   40.09856  -71.56682 0.0000e+00
     46.633    13.4201    33.7085  1025.5180     1.9318     4.1989     71.585    0.00875    5.86573    5.86227      8.386     0.0263   10.66922   4.004613 9.9999e+04    25.3092    25.3079 1.0000e-12     47.000          1       9725    1500.83 0.0000e+00  52082.770    405.161 1603958115       0.11     -0.411   40.09856  -71.56682 0.0000e+00
     45.643    13.8799    33.7622  1025.4606     1.9633     4.2581     73.206    0.01084    5.81664    5.81265      8.389     0.0206   10.58713   4.054395 9.9999e+04    25.2567    25.2553 1.0000e-12     46.000          1       9796    1502.39 0.0000e+00  52096.010    408.143 1603958118      -0.04     -0.366   40.09856  -71.56682 0.0000e+00
     44.644    14.2002    33.8205  1025.4342     1.9788     4.2872     73.775    0.00822    5.81125    5.80721      8.393     0.0271   10.57796   4.091645 9.9999e+04    25.2350    25.2337 1.0000e-12     45.000          1       9843    1503.48 0.0000e+00  52139.056    410.092 1603958120      -0.19     -0.523   40.09856  -71.56682 0.0000e+00
     43.658    14.3807    33.8569  1025.4196     1.9948     4.2771     74.252    0.00481    5.76034    5.75576      8.382     0.0246   10.49298   4.111431 9.9999e+04    25.2250    25.2237 1.0000e-12     44.000          1       9925    1504.09 0.0000e+00  52165.950    413.502 1603958123      -0.06     -0.275   40.09858  -71.56682 0.0000e+00
     42.672    14.6779    33.8991  1025.3840     2.0263     4.3583     76.280    0.01302    5.71343    5.70835      8.389     0.0179   10.41470   4.145827 9.9999e+04    25.1941    25.1928 1.0000e-12     43.000          1       9997    1505.08 0.0000e+00  52189.677    416.518 1603958126      -0.02     -0.312   40.09858  -71.56682 0.0000e+00
     41.668    15.0077    33.9285  1025.3307     2.0446     4.3882     76.902    0.00910    5.70635    5.70118      8.387     0.0334   10.40302   4.179593 9.9999e+04    25.1455    25.1441 1.0000e-12     42.000          1      10057    1506.15 0.0000e+00  52192.304    418.982 1603958129      -0.16     -0.434   40.09858  -71.56682 0.0000e+00
     40.679    15.3983    33.9621  1025.2661     2.0737     4.4306     77.998    0.00476    5.68036    5.67492      8.382     0.0515   10.35964   4.219689 7.5906e+04    25.0856    25.0842 1.0000e-12     41.000          1      10273    1507.40 1.0633e+00  52197.356    428.021 1603958138      -0.03     -0.215   40.09858  -71.56681 0.0000e+00
     39.687    15.4665    33.9793  1025.2598     2.0838     4.4287     78.396    0.00404    5.64920    5.64345      8.370     0.0361   10.30770   4.226663 6.8308e+04    25.0837    25.0824 1.0000e-12     40.000          1      11497    1507.62 1.6509e+00  52213.577    478.992 1603958189       0.03     -0.294   40.09863  -71.56675 0.0000e+00
     38.699    15.7462    33.9963  1025.2057     2.1112     4.4674     80.051    0.01056    5.58071    5.57428      8.379     0.0441   10.19328   4.256993 -9.990e-29    25.0343    25.0329 1.0000e-12     39.000          1      11765    1508.49 3.3688e+00  52207.820    490.173 1603958200      -0.15     -0.360   40.09864  -71.56674 0.0000e+00
     37.703    16.1544    34.0365  1025.1393     2.1229     4.4940     80.379    0.00652    5.59096    5.58463      8.381     0.0281   10.21032   4.302426 3.5484e-11    24.9726    24.9712 1.0000e-12     38.000          1      11809    1509.79 3.2396e+00  52223.522    491.993 1603958202      -0.07     -0.526   40.09864  -71.56674 0.0000e+00
     36.716    16.2662    34.0648  1025.1311     2.1061     4.3723     78.542   -0.00897    5.56668    5.56005      8.370     0.0315   10.17127   4.313613 3.5007e-11    24.9688    24.9674 1.0000e-12     37.000          1      11887    1510.14 3.1824e+00  52251.164    495.263 1603958205      -0.15     -0.230   40.09864  -71.56674 0.0000e+00
     35.721    16.4161    33.9512  1025.0047     2.0986     4.3419     78.649   -0.00052    5.52062    5.51357      8.362     0.0515   10.09380   4.316224 3.1780e-11    24.8468    24.8455 1.0000e-12     36.000          1      11956    1510.46 3.4457e+00  52080.940    498.136 1603958208      -0.06     -0.328   40.09864  -71.56674 0.0000e+00
     34.727    16.8150    34.0492  1024.9821     2.1396     4.4126     81.487    0.01571    5.41595    5.40800      8.378     0.0568    9.91786   4.367329 3.8008e-11    24.8289    24.8276 1.0000e-12     35.000          1      12016    1511.76 3.1104e+00  52179.898    500.645 1603958211       0.02     -0.419   40.09865  -71.56674 0.0000e+00
     33.735    17.8380    34.2584  1024.8914     2.2259     4.6184     86.571    0.03334    5.33508    5.32645      8.393     0.0525    9.78208   4.497550 9.2074e+04    24.7433    24.7419 1.0000e-12     34.000          1      12087    1515.02 1.7225e+00  52385.774    503.569 1603958214      -0.10     -0.374   40.09866  -71.56674 0.0000e+00
     32.748    18.5207    34.3959  1024.8249     2.2891     4.6982     88.775    0.01951    5.29218    5.28323      8.406     0.0849    9.70956   4.578886 9.9999e+04    24.6815    24.6800 1.0000e-12     33.000          1      12157    1517.16 -1.635e-01  52522.404    506.500 1603958216      -0.02     -0.313   40.09866  -71.56673 0.0000e+00
     31.747    18.8396    34.4988  1024.8191     2.3040     4.7019     88.691    0.00462    5.30139    5.29252      8.414     0.0679    9.72494   4.617776 5.7983e+04    24.6802    24.6788 1.0000e-12     32.000          1      12250    1518.18 1.5370e+00  52640.075    510.360 1603958220      -0.16     -0.386   40.09866  -71.56672 0.0000e+00
     30.759    19.1905    34.6154  1024.8142     2.3581     4.7876     91.081    0.00171    5.25647    5.24727      8.425     0.1123    9.64935   4.665457 2.5329e+04    24.6798    24.6784 1.0000e-12     31.000          1      13509    1519.29 2.5619e+00  52776.692    562.850 1603958273      -0.06     -0.266   40.09871  -71.56668 0.0000e+00
     29.768    19.2926    34.6329  1024.7970     2.3758     4.8429     92.108    0.00497    5.25784    5.24863      8.431     0.1358    9.65187   4.677386 -2.060e+02    24.6671    24.6657 1.0000e-12     30.000          1      13697    1519.59 3.4248e+00  52793.589    570.680 1603958281      -0.08     -0.407   40.09872  -71.56668 0.0000e+00
     28.774    19.2677    34.5943  1024.7696     2.3908     4.8857     92.858    0.00551    5.26144    5.25225      8.440     0.1389    9.65818   4.669962 3.4219e-11    24.6440    24.6427 1.0000e-12     29.000          1      13759    1519.46 3.2491e+00  52742.198    573.268 1603958283       0.07     -0.355   40.09872  -71.56668 0.0000e+00
     27.785    19.2412    34.5645  1024.7493     2.4048     4.9224     93.407    0.00319    5.26989    5.26076      8.454     0.1711    9.67268   4.663639 3.7078e-11    24.6280    24.6267 1.0000e-12     28.000          1      13843    1519.33 3.0325e+00  52702.724    576.758 1603958287      -0.14     -0.291   40.09872  -71.56668 0.0000e+00
     26.792    19.1926    34.5334  1024.7337     2.4094     4.9424     93.560    0.00195    5.28259    5.27352      8.453     0.1488    9.69459   4.654285 3.5717e-11    24.6166    24.6154 1.0000e-12     27.000          1      13901    1519.14 3.1386e+00  52663.036    579.179 1603958289       0.04     -0.399   40.09872  -71.56668 0.0000e+00
     25.797    19.0763    34.4461  1024.6923     2.4119     4.9570     93.606    0.00046    5.29564    5.28666      8.458     0.1487    9.71691   4.632520 3.4645e-11    24.5796    24.5784 1.0000e-12     26.000          1      13959    1518.70 3.2222e+00  52550.815    581.568 1603958292       0.01     -0.432   40.09872  -71.56668 0.0000e+00
     24.808    18.9180    34.3517  1024.6561     2.4085     4.9598     93.401   -0.00031    5.31027    5.30138      8.458     0.1872    9.74198   4.604440 3.6231e-11    24.5476    24.5465 1.0000e-12     25.000          1      14048    1518.12 3.0985e+00  52431.677    585.301 1603958295      -0.00     -0.220   40.09873  -71.56666 0.0000e+00
     23.817    18.8511    34.3045  1024.6326     2.4085     4.9610     93.354   -0.00090    5.31423    5.30537      8.454     0.2154    9.74880   4.592730 3.1748e-11    24.5284    24.5274 1.0000e-12     24.000          1      14116    1517.86 3.4482e+00  52371.328    588.137 1603958298      -0.04     -0.381   40.09874  -71.56666 0.0000e+00
     22.821    18.8085    34.2822  1024.6220     2.4085     4.9674     93.406    0.00004    5.31801    5.30917      8.453     0.2138    9.75523   4.586035 3.7739e-11    24.5221    24.5211 1.0000e-12     23.000          1      14168    1517.70 2.9809e+00  52343.154    590.285 1603958300       0.05     -0.454   40.09874  -71.56666 0.0000e+00
     21.831    18.7647    34.2576  1024.6099     2.4090     4.9719     93.423    0.00004    5.32190    5.31309      8.445     0.2248    9.76193   4.578821 3.8382e+04    24.5143    24.5133 1.0000e-12     22.000          1      14246    1517.53 1.8955e+00  52311.929    593.538 1603958304       0.00     -0.263   40.09874  -71.56666 0.0000e+00
