CalculateIndicators/WaterTemperature/Data/CTD_NYOS/20201027_C22.cnv
* Sea-Bird SBE 9 Data File:
* FileName = C:\Seabird 9 CTD\Data\2020\202010_offshore\20201027_C22.hex
* Software Version Seasave V 7.23.2
* Temperature SN = 4590
* Conductivity SN = 3228
* Number of Bytes Per Scan = 44
* Number of Voltage Words = 5
* Number of Scans Averaged by the Deck Unit = 1
* NMEA Latitude = 40 23.34 N
* NMEA Longitude = 072 43.29 W
* NMEA UTC (Time) = Oct 27 2020  06:02:09
* NMEA baud rate = 4800
** Ship: seawolf
** Station: 4.2
** Operator: sjw
# nquan = 31
# nvalues = 84                          
# units = specified
# name 0 = depSM: Depth [salt water, m]
# name 1 = t090C: Temperature [ITS-90, deg C]
# name 2 = sal00: Salinity, Practical [PSU]
# name 3 = density00: Density [density, kg/m^3]
# name 4 = sbeox0V: Oxygen raw, SBE 43 [V]
# name 5 = sbeox0ML/L: Oxygen, SBE 43 [ml/l]
# name 6 = sbeox0PS: Oxygen, SBE 43 [% saturation]
# name 7 = sbox0dV/dT: Oxygen, SBE 43 [dov/dt]
# name 8 = oxsolML/L: Oxygen Saturation, Garcia & Gordon [ml/l]
# name 9 = oxsatML/L: Oxygen Saturation, Weiss [ml/l]
# name 10 = ph: pH
# name 11 = flECO-AFL: Fluorescence, WET Labs ECO-AFL/FL [mg/m^3]
# name 12 = n2satML/L: Nitrogen Saturation [ml/l]
# name 13 = c0S/m: Conductivity [S/m]
# name 14 = cpar: CPAR/Corrected Irradiance [%]
# name 15 = sigma-é00: Density [sigma-theta, kg/m^3]
# name 16 = sigma-t00: Density [sigma-t, kg/m^3 ]
# name 17 = par: PAR/Irradiance, Biospherical/Licor
# name 18 = prDM: Pressure, Digiquartz [db]
# name 19 = pumps: Pump Status
# name 20 = scan: Scan Count
# name 21 = svCM: Sound Velocity [Chen-Millero, m/s]
# name 22 = spar: SPAR, Biospherical/Licor
# name 23 = specc: Specific Conductance [uS/cm]
# name 24 = timeS: Time, Elapsed [seconds]
# name 25 = timeY: Time, System [seconds]
# name 26 = accM: Acceleration [m/s^2]
# name 27 = dz/dtM: Descent Rate [m/s]
# name 28 = latitude: Latitude [deg]
# name 29 = longitude: Longitude [deg]
# name 30 = flag: flag
# span 0 =      0.996,     42.675       
# span 1 =    17.3402,    17.3888       
# span 2 =    33.2464,    33.2553       
# span 3 =  1024.0919,  1024.2779       
# span 4 =     2.3354,     2.4142       
# span 5 =     4.9520,     5.4773       
# span 6 =     90.091,     93.650       
# span 7 =   -0.00683,    0.00313       
# span 8 =    5.49128,    5.92827       
# span 9 =    5.48357,    5.91935       
# span 10 =      8.431,      8.521      
# span 11 =     0.2804,     1.2674      
# span 12 =   10.05340,   10.91993      
# span 13 =   4.322417,   4.326846      
# span 14 = -1.294e+04, 1.1368e+05      
# span 15 =    24.0837,    24.0904      
# span 16 =    24.0833,    24.0888      
# span 17 = 1.0000e-12, 3.6014e-01      
# span 18 =      1.000,     43.000      
# span 19 =          1,          1      
# span 20 =         14,      11154      
# span 21 =    1511.95,    1512.56      
# span 22 = -1.173e-01, 4.1563e+00      
# span 23 =  51027.032,  51044.177      
# span 24 =      0.542,    464.725      
# span 25 = 1603778531, 1603778995      
# span 26 =      -0.57,       0.56      
# span 27 =     -0.883,      0.929      
# span 28 =   40.38910,   40.38983      
# span 29 =  -72.72293,  -72.72158      
# span 30 = 0.0000e+00, 0.0000e+00      
# interval = decibars: 1                
# start_time = Oct 27 2020 06:02:11 [System UTC, first data scan.]
# bad_flag = -9.990e-29
*END*
[from data line 47]
     36.705    17.3481    33.2483  1024.2511     2.3460     4.9883     90.783    0.00170    5.49478    5.48710      8.462     0.3376   10.05926   4.323290 2.5541e-11    24.0894    24.0879 1.0000e-12     37.000          1       4073    1512.48 -9.990e-29  51039.216    169.665 1603778700      -0.34     -0.721   40.38932  -72.72212 0.0000e+00
     35.720    17.3527    33.2493  1024.2464     2.3494     4.9983     90.967    0.00206    5.49461    5.48692      8.460     0.3238   10.05897   4.323808 2.8088e-11    24.0889    24.0875 1.0000e-12     36.000          1       4113    1512.48 3.9495e+00  51039.647    171.352 1603778702       0.18     -0.640   40.38932  -72.72212 0.0000e+00
     34.728    17.3577    33.2505  1024.2417     2.3527     5.0020     91.042    0.00086    5.49418    5.48649      8.466     0.3450   10.05826   4.324336 3.0831e-11    24.0886    24.0873 1.0000e-12     35.000          1       4187    1512.48 3.6604e+00  51040.406    174.430 1603778705      -0.13     -0.318   40.38932  -72.72212 0.0000e+00
     33.739    17.3581    33.2506  1024.2373     2.3575     5.0174     91.332    0.00212    5.49353    5.48584      8.472     0.3634   10.05716   4.324447 2.3602e+04    24.0886    24.0872 1.0000e-12     34.000          1       4252    1512.46 2.7309e+00  51040.005    177.125 1603778708      -0.47     -0.554   40.38934  -72.72212 0.0000e+00
     32.737    17.3666    33.2523  1024.2321     2.3599     5.0272     91.510    0.00313    5.49360    5.48591      8.475     0.3316   10.05727   4.325365 9.3536e+04    24.0878    24.0865 1.0000e-12     33.000          1       4277    1512.47 1.7286e-01  51041.234    178.186 1603778709      -0.11     -0.883   40.38934  -72.72212 0.0000e+00
     31.750    17.3677    33.2527  1024.2278     2.3626     5.0265     91.500    0.00104    5.49351    5.48582      8.473     0.3257   10.05712   4.325450 6.2480e+03    24.0879    24.0866 1.0000e-12     32.000          1       4342    1512.47 2.5151e+00  51041.195    180.887 1603778712       0.12     -0.419   40.38934  -72.72215 0.0000e+00
     30.768    17.3690    33.2529  1024.2232     2.3647     5.0301     91.567    0.00087    5.49339    5.48569      8.471     0.3335   10.05691   4.325549 3.9900e+03    24.0876    24.0864 1.0000e-12     31.000          1       4423    1512.45 3.3081e+00  51040.872    184.237 1603778715      -0.39     -0.372   40.38934  -72.72216 0.0000e+00
     29.763    17.3693    33.2532  1024.2189     2.3660     5.0343     91.643    0.00109    5.49338    5.48568      8.476     0.3184   10.05690   4.325563 9.7822e+04    24.0877    24.0866 1.0000e-12     30.000          1       4446    1512.44 6.6835e-02  51040.709    185.209 1603778716      -0.30     -0.816   40.38934  -72.72216 0.0000e+00
     28.770    17.3694    33.2532  1024.2145     2.3660     5.0319     91.601    0.00037    5.49331    5.48561      8.476     0.3110   10.05678   4.325532 8.3330e+04    24.0877    24.0866 1.0000e-12     29.000          1       4480    1512.42 3.4970e-01  51040.286    186.613 1603778717       0.19     -0.785   40.38934  -72.72216 0.0000e+00
     27.788    17.3697    33.2534  1024.2102     2.3662     5.0301     91.567   -0.00001    5.49335    5.48566      8.471     0.3318   10.05686   4.325535 -1.294e+04    24.0878    24.0867 1.0000e-12     28.000          1       4570    1512.40 4.1272e+00  51040.016    190.355 1603778721      -0.17     -0.186   40.38935  -72.72217 0.0000e+00
     26.788    17.3703    33.2536  1024.2058     2.3659     5.0268     91.506   -0.00043    5.49338    5.48568      8.467     0.3242   10.05689   4.325568 2.6315e-11    24.0877    24.0867 1.0000e-12     27.000          1       4618    1512.39 -9.990e-29  51039.744    192.383 1603778723      -0.42     -0.666   40.38936  -72.72218 0.0000e+00
     25.796    17.3699    33.2535  1024.2014     2.3663     5.0300     91.564    0.00017    5.49339    5.48569      8.476     0.3011   10.05691   4.325468 3.1097e-11    24.0877    24.0867 1.0000e-12     26.000          1       4649    1512.37 -9.990e-29  51039.137    193.664 1603778724       0.09     -0.834   40.38936  -72.72216 0.0000e+00
     24.797    17.3695    33.2534  1024.1970     2.3665     5.0299     91.565    0.00009    5.49333    5.48564      8.475     0.3147   10.05682   4.325374 5.0797e+03    24.0877    24.0867 1.0000e-12     25.000          1       4710    1512.35 2.8634e+00  51038.482    196.188 1603778727      -0.04     -0.580   40.38936  -72.72218 0.0000e+00
     23.806    17.3714    33.2536  1024.1923     2.3700     5.0407     91.763    0.00071    5.49315    5.48545      8.481     0.3183   10.05651   4.325546 3.9998e+04    24.0874    24.0864 1.0000e-12     24.000          1       5449    1512.34 7.2421e-01  51038.182    226.996 1603778758      -0.20     -0.355   40.38939  -72.72228 0.0000e+00
     22.828    17.3727    33.2540  1024.1879     2.3741     5.0471     91.885   -0.00006    5.49290    5.48520      8.480     0.3365   10.05610   4.325663 1.1368e+05    24.0873    24.0864 1.0000e-12     23.000          1       6664    1512.33 3.6745e+00  51038.029    277.615 1603778808       0.04     -0.178   40.38947  -72.72245 0.0000e+00
     21.825    17.3724    33.2539  1024.1834     2.3760     5.0554     92.041    0.00110    5.49256    5.48486      8.486     0.3502   10.05554   4.325582 -9.990e-29    24.0872    24.0864 1.0000e-12     22.000          1       6500    1512.31 3.7700e+00  51037.417    270.783 1603778801      -0.16     -0.573   40.38946  -72.72242 0.0000e+00
     20.841    17.3765    33.2538  1024.1780     2.3801     5.0679     92.268    0.00179    5.49264    5.48494      8.485     0.3144   10.05566   4.325945 -9.990e-29    24.0861    24.0853 1.0000e-12     21.000          1       6561    1512.31 3.0678e+00  51036.497    273.335 1603778804       0.13     -0.362   40.38946  -72.72242 0.0000e+00
     19.844    17.3763    33.2540  1024.1738     2.3809     5.0641     92.199    0.00021    5.49249    5.48479      8.489     0.3348   10.05542   4.325889 9.9999e+04    24.0863    24.0855 1.0000e-12     20.000          1       6616    1512.29 1.3188e-01  51036.293    275.639 1603778806       0.02     -0.456   40.38946  -72.72244 0.0000e+00
     18.855    17.3776    33.2537  1024.1689     2.3825     5.0701     92.309    0.00087    5.49252    5.48482      8.498     0.3593   10.05547   4.325947 9.9999e+04    24.0858    24.0850 1.0000e-12     19.000          1       6668    1512.28 0.0000e+00  51035.364    277.788 1603778809      -0.19     -0.445   40.38946  -72.72244 0.0000e+00
     17.861    17.3776    33.2539  1024.1645     2.3842     5.0739     92.378    0.00087    5.49249    5.48479      8.497     0.3240   10.05543   4.325917 9.8240e+04    24.0858    24.0851 1.0000e-12     18.000          1       6725    1512.26 3.4738e-02  51035.015    280.160 1603778811       0.10     -0.390   40.38948  -72.72245 0.0000e+00
     16.867    17.3776    33.2539  1024.1602     2.3870     5.0815     92.517    0.00106    5.49252    5.48482      8.499     0.3493   10.05547   4.325874 7.1513e+03    24.0858    24.0852 1.0000e-12     17.000          1       6787    1512.24 3.1237e+00  51034.595    282.735 1603778814       0.02     -0.433   40.38948  -72.72246 0.0000e+00
     15.877    17.3777    33.2538  1024.1556     2.3878     5.0802     92.493    0.00020    5.49256    5.48486      8.501     0.3611   10.05554   4.325823 1.3933e+00    24.0857    24.0850 1.0000e-12     16.000          1       6844    1512.23 3.3300e+00  51033.899    285.110 1603778816      -0.22     -0.418   40.38948  -72.72246 0.0000e+00
     14.882    17.3770    33.2539  1024.1515     2.3869     5.0751     92.404   -0.00037    5.49227    5.48457      8.500     0.3384   10.05506   4.325730 8.4175e+04    24.0859    24.0853 1.0000e-12     15.000          1       6893    1512.21 5.0734e-01  51033.641    287.184 1603778818       0.07     -0.481   40.38948  -72.72246 0.0000e+00
     13.899    17.3796    33.2540  1024.1466     2.3913     5.0940     92.749    0.00218    5.49217    5.48446      8.489     0.3262   10.05488   4.325974 1.0268e+05    24.0853    24.0848 1.0000e-12     14.000          1       6967    1512.20 -8.519e-02  51033.104    290.236 1603778821      -0.04     -0.254   40.38949  -72.72247 0.0000e+00
     12.889    17.3803    33.2541  1024.1420     2.3926     5.0941     92.753    0.00116    5.49212    5.48441      8.467     0.3260   10.05479   4.325992 9.9999e+04    24.0852    24.0847 1.0000e-12     13.000          1       6998    1512.19 0.0000e+00  51032.627    291.550 1603778822      -0.18     -0.676   40.38950  -72.72248 0.0000e+00
     11.916    17.3813    33.2541  1024.1374     2.3949     5.0965     92.801    0.00032    5.49181    5.48410      8.506     0.3468   10.05428   4.326029 9.9999e+04    24.0849    24.0844 1.0000e-12     12.000          1       7089    1512.17 0.0000e+00  51032.009    295.338 1603778826      -0.43     -0.171   40.38950  -72.72248 0.0000e+00
     10.913    17.3832    33.2544  1024.1328     2.3978     5.1064     92.980    0.00110    5.49192    5.48421      8.495     0.3740   10.05447   4.326230 9.9999e+04    24.0847    24.0842 1.0000e-12     11.000          1       7139    1512.17 0.0000e+00  51031.848    297.432 1603778828       0.02     -0.385   40.38950  -72.72248 0.0000e+00
      9.914    17.3825    33.2544  1024.1284     2.3959     5.0987     92.836    0.00022    5.49213    5.48443      8.477     0.3479   10.05482   4.326094 3.7359e+04    24.0848    24.0844 1.0000e-12     10.000          1       7443    1512.14 1.6672e+00  51031.327    310.091 1603778841      -0.20     -0.363   40.38952  -72.72252 0.0000e+00
      8.924    17.3843    33.2542  1024.1233     2.4023     5.1135     93.111    0.00012    5.49180    5.48409      8.457     0.3436   10.05427   4.326200 1.8216e+03    24.0841    24.0838 1.0000e-12      9.000          1       8873    1512.13 1.9586e+00  51030.466    369.647 1603778900      -0.24     -0.761   40.38963  -72.72267 0.0000e+00
      7.937    17.3845    33.2545  1024.1193     2.4038     5.1174     93.184    0.00023    5.49172    5.48401      8.454     0.3648   10.05414   4.326220 5.0640e-11    24.0843    24.0840 1.0000e-12      8.000          1       9005    1512.12 1.9747e+00  51030.411    375.155 1603778906       0.07     -0.393   40.38964  -72.72269 0.0000e+00
      6.948    17.3849    33.2545  1024.1148     2.4055     5.1225     93.275    0.00075    5.49182    5.48411      8.444     0.3636   10.05430   4.326216 5.0640e-11    24.0841    24.0839 1.0000e-12      7.000          1       9082    1512.10 1.9747e+00  51029.806    378.360 1603778909      -0.08     -0.392   40.38966  -72.72270 0.0000e+00
      5.957    17.3846    33.2544  1024.1104     2.4063     5.1225     93.274    0.00022    5.49185    5.48414      8.452     0.3614   10.05435   4.326120 5.0640e-11    24.0841    24.0839 1.0000e-12      6.000          1       9122    1512.08 1.9747e+00  51029.220    380.039 1603778911      -0.26     -0.553   40.38966  -72.72270 0.0000e+00
      4.957    17.3839    33.2545  1024.1061     2.4077     5.1280     93.372    0.00085    5.49203    5.48432      8.462     0.3521   10.05465   4.326024 5.0640e-11    24.0843    24.0841 1.0000e-12      5.000          1       9159    1512.07 1.9747e+00  51028.815    381.563 1603778912       0.10     -0.665   40.38966  -72.72270 0.0000e+00
      3.971    17.3822    33.2543  1024.1020     2.4085     5.1280     93.364    0.00025    5.49254    5.48483      8.487     0.3994   10.05550   4.325777 8.5271e-03    24.0845    24.0843 1.6839e-04      4.000          1       9230    1512.04 1.9747e+00  51028.160    384.533 1603778915      -0.01     -0.272   40.38967  -72.72270 0.0000e+00
      2.979    17.3779    33.2537  1024.0977     2.4103     5.1344     93.470    0.00077    5.49307    5.48537      8.496     0.3419   10.05639   4.325188 4.4064e+00    24.0851    24.0849 8.7014e-02      3.000          1       9289    1512.01 1.9747e+00  51027.368    386.986 1603778918      -0.03     -0.419   40.38968  -72.72271 0.0000e+00
      1.974    17.3757    33.2538  1024.0943     2.4115     5.1746     93.513    0.00039    5.53358    5.52580      8.497     0.3981   10.13724   4.324998 7.2045e+00    24.0856    24.0855 1.4227e-01      2.000          1       9647    1511.99 1.9747e+00  51027.032    401.910 1603778933      -0.02     -0.446   40.38970  -72.72275 0.0000e+00
      0.996    17.3678    33.2538  1024.0919     2.3961     5.4773     92.327   -0.00671    5.92827    5.91935      8.470     1.2674   10.91993   4.324113 1.8237e+01    24.0875    24.0874 3.6014e-01      1.000          1      11154    1511.95 1.9747e+00  51027.178    464.725 1603778995       0.07     -0.563   40.38983  -72.72293 0.0000e+00
