CalculateIndicators/WaterTemperature/Data/CTD_NYOS/20201029_C36.cnv
* Sea-Bird SBE 9 Data File:
* FileName = C:\Seabird 9 CTD\Data\2020\202010_offshore\20201029_C36.hex
* Software Version Seasave V 7.23.2
* Temperature SN = 4590
* Conductivity SN = 3228
* Number of Bytes Per Scan = 44
* Number of Voltage Words = 5
* Number of Scans Averaged by the Deck Unit = 1
* NMEA Latitude = 39 41.49 N
* NMEA Longitude = 071 45.81 W
* NMEA UTC (Time) = Oct 29 2020  01:11:55
* NMEA baud rate = 4800
** Ship: seawolf
** Station: 2.5
** Operator: EIH
# nquan = 31
# nvalues = 603                         
# units = specified
# name 0 = depSM: Depth [salt water, m]
# name 1 = t090C: Temperature [ITS-90, deg C]
# name 2 = sal00: Salinity, Practical [PSU]
# name 3 = density00: Density [density, kg/m^3]
# name 4 = sbeox0V: Oxygen raw, SBE 43 [V]
# name 5 = sbeox0ML/L: Oxygen, SBE 43 [ml/l]
# name 6 = sbeox0PS: Oxygen, SBE 43 [% saturation]
# name 7 = sbox0dV/dT: Oxygen, SBE 43 [dov/dt]
# name 8 = oxsolML/L: Oxygen Saturation, Garcia & Gordon [ml/l]
# name 9 = oxsatML/L: Oxygen Saturation, Weiss [ml/l]
# name 10 = ph: pH
# name 11 = flECO-AFL: Fluorescence, WET Labs ECO-AFL/FL [mg/m^3]
# name 12 = n2satML/L: Nitrogen Saturation [ml/l]
# name 13 = c0S/m: Conductivity [S/m]
# name 14 = cpar: CPAR/Corrected Irradiance [%]
# name 15 = sigma-é00: Density [sigma-theta, kg/m^3]
# name 16 = sigma-t00: Density [sigma-t, kg/m^3 ]
# name 17 = par: PAR/Irradiance, Biospherical/Licor
# name 18 = prDM: Pressure, Digiquartz [db]
# name 19 = pumps: Pump Status
# name 20 = scan: Scan Count
# name 21 = svCM: Sound Velocity [Chen-Millero, m/s]
# name 22 = spar: SPAR, Biospherical/Licor
# name 23 = specc: Specific Conductance [uS/cm]
# name 24 = timeS: Time, Elapsed [seconds]
# name 25 = timeY: Time, System [seconds]
# name 26 = accM: Acceleration [m/s^2]
# name 27 = dz/dtM: Descent Rate [m/s]
# name 28 = latitude: Latitude [deg]
# name 29 = longitude: Longitude [deg]
# name 30 = flag: flag
# span 0 =      0.989,    300.470       
# span 1 =     9.9741,    19.7604       
# span 2 =    34.4898,    35.7826       
# span 3 =  1024.5950,  1028.5530       
# span 4 =     1.4060,     2.4428       
# span 5 =     2.9188,     4.9592       
# span 6 =     46.763,     94.869       
# span 7 =   -0.02532,    0.02740       
# span 8 =    5.20719,    6.30599       
# span 9 =    5.19761,    6.30956       
# span 10 =      8.301,      8.542      
# span 11 =    -0.0786,     0.3870      
# span 12 =    9.56680,   11.38041      
# span 13 =   3.848973,   4.732326      
# span 14 = -1.143e+04, 1.1147e+05      
# span 15 =    24.5861,    27.1928      
# span 16 =    24.5835,    27.1867      
# span 17 = 1.0000e-12, 3.7686e-01      
# span 18 =      1.000,    303.000      
# span 19 =          1,          1      
# span 20 =        240,      43483      
# span 21 =    1495.09,    1521.38      
# span 22 = -1.128e-01, 4.3947e+00      
# span 23 =  52652.013,  55022.340      
# span 24 =      9.950,   1811.731      
# span 25 = 1603933926, 1603935727      
# span 26 =      -0.82,       1.12      
# span 27 =     -1.082,      1.352      
# span 28 =   39.68860,   39.69159      
# span 29 =  -71.76360,  -71.76046      
# span 30 = 0.0000e+00, 0.0000e+00      
# interval = decibars: 1                
# start_time = Oct 29 2020 01:11:56 [System UTC, first data scan.]
# bad_flag = -9.990e-29
*END*
[from data line 515]
     87.315    15.9075    35.4126  1026.4751     1.9577     4.0163     72.518    0.00277    5.53829    5.53214      8.354    -0.0206   10.10851   4.432625 4.7393e-11    26.0895    26.0863 1.0000e-12     88.000          1      31813    1511.44 -9.990e-29  54157.670   1325.488 1603935241       0.00     -0.402   39.68944  -71.76128 0.0000e+00
     86.316    16.1934    35.4261  1026.4149     1.9497     3.9731     71.747   -0.00303    5.53763    5.53147      8.354    -0.0255   10.10743   4.462887 4.6281e-11    26.0341    26.0309 1.0000e-12     87.000          1      31861    1512.32 -9.990e-29  54146.951   1327.518 1603935243       0.10     -0.457   39.68944  -71.76128 0.0000e+00
     85.323    16.2677    35.4352  1026.4002     1.9448     3.9738     71.584   -0.00177    5.55119    5.54512      8.348    -0.0134   10.13087   4.470845 4.8449e-11    26.0239    26.0207 1.0000e-12     86.000          1      31920    1512.54 -9.990e-29  54151.445   1329.963 1603935246      -0.21     -0.434   39.68942  -71.76128 0.0000e+00
     84.334    16.2500    35.3975  1026.3709     1.9470     4.0187     71.903    0.00114    5.58899    5.58324      8.350    -0.0080   10.19541   4.463564 4.4219e-11    25.9989    25.9958 1.0000e-12     85.000          1      31974    1512.43 -9.990e-29  54101.213   1332.221 1603935248       0.06     -0.440   39.68942  -71.76128 0.0000e+00
     83.342    15.9242    35.1864  1026.2796     1.9683     4.1109     73.481    0.00940    5.59452    5.58879      8.352    -0.0213   10.20506   4.405648 4.8406e-11    25.9114    25.9084 1.0000e-12     84.000          1      32036    1511.17 -9.990e-29  53844.816   1334.771 1603935251       0.02     -0.380   39.68942  -71.76127 0.0000e+00
     82.354    15.8775    35.1393  1026.2497     1.9787     4.1844     73.588    0.00218    5.68636    5.68145      8.356    -0.0322   10.36095   4.397546 4.7293e-11    25.8858    25.8828 1.0000e-12     83.000          1      32096    1510.95 2.1722e+00  53784.838   1337.292 1603935253      -0.00     -0.402   39.68940  -71.76126 0.0000e+00
     81.361    15.6782    35.0131  1026.1935     1.9872     4.2234     74.184    0.00469    5.69309    5.68825      8.350    -0.0232   10.37241   4.357412 4.9615e-11    25.8336    25.8307 1.0000e-12     82.000          1      32131    1510.17 2.0554e+00  53632.016   1338.751 1603935255      -0.41     -0.596   39.68940  -71.76126 0.0000e+00
     80.353    15.2028    34.8118  1026.1409     2.0070     4.3045     75.662    0.01222    5.68916    5.68427      8.350    -0.0214   10.36594   4.289770 2.7273e+03    25.7847    25.7820 1.0000e-12     81.000          1      32169    1508.43 2.0323e+00  53406.678   1340.317 1603935256      -0.17     -0.816   39.68940  -71.76126 0.0000e+00
     79.366    15.0597    34.7127  1026.0921     2.0312     4.3402     76.472    0.00713    5.67553    5.67047      8.354    -0.0253   10.34364   4.269046 1.4431e+04    25.7400    25.7373 1.0000e-12     80.000          1      32260    1507.85 1.7402e+00  53285.930   1344.130 1603935260      -0.55     -0.713   39.68938  -71.76126 0.0000e+00
     78.382    15.2478    34.7125  1026.0458     2.0399     4.3452     76.625    0.00331    5.67076    5.66565      8.360    -0.0177   10.33579   4.287730 -1.424e+03    25.6983    25.6957 1.0000e-12     79.000          1      32330    1508.43 2.4374e+00  53264.366   1347.057 1603935263      -0.00     -0.384   39.68938  -71.76126 0.0000e+00
     77.385    15.2757    34.7088  1026.0323     2.0436     4.3460     76.657    0.00126    5.66940    5.66427      8.359    -0.0070   10.33356   4.290045 4.9784e-11    25.6893    25.6866 1.0000e-12     78.000          1      32382    1508.50 2.0428e+00  53255.774   1349.206 1603935265      -0.18     -0.610   39.68938  -71.76126 0.0000e+00
     76.398    15.2987    34.7041  1026.0191     2.0490     4.3457     76.948    0.00213    5.64762    5.64225      8.362    -0.0139   10.29740   4.291796 4.6660e-11    25.6805    25.6779 1.0000e-12     77.000          1      32456    1508.55 -9.990e-29  53246.216   1352.282 1603935268       0.04     -0.283   39.68936  -71.76126 0.0000e+00
     75.411    15.4511    34.7040  1025.9805     2.0778     4.3671     78.878    0.01232    5.53611    5.52959      8.367    -0.0156   10.11158   4.308950 5.1319e-11    25.6464    25.6438 1.0000e-12     76.000          1      32535    1509.01 1.5798e+00  53229.403   1355.579 1603935271       0.00     -0.308   39.68936  -71.76125 0.0000e+00
     74.410    16.1846    34.7728  1025.8615     2.0892     4.3773     79.012    0.00569    5.54009    5.53361      8.366    -0.0194   10.11830   4.390354 4.4573e-11    25.5329    25.5301 1.0000e-12     75.000          1      32577    1511.34 2.1980e+00  53249.304   1357.320 1603935273       0.02     -0.545   39.68936  -71.76124 0.0000e+00
     73.425    16.4447    34.7894  1025.8097     2.0979     4.3739     79.221    0.00282    5.52107    5.51436      8.366    -0.0106   10.08728   4.416098 4.1012e-11    25.4858    25.4831 1.0000e-12     74.000          1      32646    1512.14 2.7362e+00  53246.457   1360.198 1603935276       0.01     -0.307   39.68935  -71.76124 0.0000e+00
     72.429    16.5957    34.7445  1025.7354     2.1135     4.4112     80.170    0.00629    5.50240    5.49551      8.366    -0.0161   10.05650   4.426021 4.5686e-11    25.4161    25.4133 1.0000e-12     73.000          1      32705    1512.53 2.2503e+00  53170.501   1362.650 1603935278      -0.00     -0.389   39.68934  -71.76124 0.0000e+00
     71.445    16.7494    34.7475  1025.6972     2.1304     4.4286     80.937    0.00620    5.47169    5.46442      8.367    -0.0131   10.00694   4.442067 4.8521e-11    25.3824    25.3796 1.0000e-12     72.000          1      32776    1512.98 -9.990e-29  53160.437   1365.607 1603935281      -0.42     -0.274   39.68934  -71.76124 0.0000e+00
     70.444    17.0374    34.6639  1025.5602     2.1489     4.4845     82.052    0.00992    5.46550    5.45816      8.365    -0.0170    9.99674   4.460280 2.4400e+04    25.2501    25.2473 1.0000e-12     71.000          1      32815    1513.74 1.5962e+00  53020.487   1367.264 1603935283       0.09     -0.531   39.68933  -71.76124 0.0000e+00
     69.453    17.2020    34.5855  1025.4563     2.1688     4.4977     82.780    0.00679    5.43343    5.42577      8.366    -0.0103    9.94369   4.467293 7.9936e+04    25.1508    25.1480 1.0000e-12     70.000          1      32876    1514.12 3.7042e-01  52898.895   1369.805 1603935286      -0.14     -0.395   39.68932  -71.76124 0.0000e+00
     68.464    17.2983    34.5674  1025.4149     2.1935     4.5532     84.257    0.01205    5.40390    5.39596      8.382    -0.0129    9.89466   4.475674 -2.806e+03    25.1138    25.1111 1.0000e-12     69.000          1      32929    1514.37 -9.990e-29  52865.949   1371.986 1603935288      -0.01     -0.450   39.68932  -71.76124 0.0000e+00
     67.472    17.8334    34.5626  1025.2769     2.2188     4.5883     85.256    0.00882    5.38176    5.37362      8.389    -0.0023    9.85790   4.527930 4.3764e-11    24.9807    24.9779 1.0000e-12     68.000          1      32995    1515.93 -9.990e-29  52816.203   1374.757 1603935291       0.08     -0.314   39.68931  -71.76122 0.0000e+00
     66.476    17.9690    34.5653  1025.2411     2.2329     4.6098     85.772    0.00619    5.37450    5.36629      8.390    -0.0019    9.84588   4.541252 4.8235e-11    24.9495    24.9467 1.0000e-12     67.000          1      33046    1516.32 -9.990e-29  52809.447   1376.883 1603935293      -0.45     -0.532   39.68930  -71.76122 0.0000e+00
     65.488    18.0911    34.5657  1025.2069     2.2422     4.6236     86.097    0.00423    5.37016    5.36191      8.389     0.0002    9.83883   4.552964 2.9375e+04    24.9198    24.9170 1.0000e-12     66.000          1      33100    1516.66 1.4393e+00  52800.464   1379.108 1603935295       0.11     -0.435   39.68930  -71.76122 0.0000e+00
     64.490    18.1328    34.5538  1025.1831     2.2501     4.6355     86.432    0.00374    5.36320    5.35487      8.384    -0.0058    9.82738   4.555171 9.0361e+04    24.9004    24.8976 1.0000e-12     65.000          1      33154    1516.75 1.9071e-01  52780.616   1381.375 1603935297      -0.08     -0.457   39.68929  -71.76122 0.0000e+00
     63.507    18.1905    34.5413  1025.1548     2.2632     4.6585     87.144    0.00560    5.34569    5.33720      8.386     0.0056    9.79849   4.558955 1.0005e+05    24.8765    24.8737 1.0000e-12     64.000          1      33226    1516.89 -1.029e-03  52758.862   1384.383 1603935300      -0.39     -0.293   39.68928  -71.76122 0.0000e+00
     62.507    18.3314    34.5261  1025.1037     2.2731     4.6811     87.569    0.00471    5.34559    5.33710      8.389     0.0109    9.79835   4.571422 9.9999e+04    24.8298    24.8271 1.0000e-12     63.000          1      33276    1517.26 0.0000e+00  52727.597   1386.451 1603935302       0.06     -0.416   39.68928  -71.76121 0.0000e+00
     61.523    18.4083    34.5203  1025.0757     2.2822     4.6921     87.814    0.00152    5.34317    5.33466      8.384     0.0147    9.79459   4.577643 9.9999e+04    24.8063    24.8036 1.0000e-12     62.000          1      33362    1517.46 0.0000e+00  52713.892   1390.036 1603935306      -0.24     -0.219   39.68928  -71.76120 0.0000e+00
     60.521    18.4253    34.5014  1025.0525     2.2896     4.7147     88.234    0.00247    5.34335    5.33484      8.390    -0.0004    9.79484   4.576834 5.3903e+04    24.7875    24.7848 1.0000e-12     61.000          1      33448    1517.47 1.1914e+00  52686.302   1393.644 1603935309      -0.10     -0.383   39.68927  -71.76120 0.0000e+00
     59.512    18.4215    34.4927  1025.0424     2.2957     4.7289     88.481    0.00152    5.34459    5.33609      8.396     0.0003    9.79672   4.574756 -6.299e+03    24.7818    24.7792 1.0000e-12     60.000          1      34320    1517.43 2.4673e+00  52674.270   1429.943 1603935346      -0.42     -0.650   39.68919  -71.76115 0.0000e+00
     58.519    18.4311    34.4915  1025.0347     2.2958     4.7247     88.455    0.00151    5.34139    5.33285      8.401     0.0030    9.79165   4.575656 4.8636e-11    24.7784    24.7758 1.0000e-12     59.000          1      35264    1517.45 2.1310e+00  52671.427   1469.308 1603935385      -0.57     -0.930   39.68912  -71.76108 0.0000e+00
     57.542    18.4678    34.4905  1025.0204     2.3011     4.7322     88.692    0.00158    5.33550    5.32691      8.404     0.0043    9.78190   4.579418 4.7067e-11    24.7684    24.7659 1.0000e-12     58.000          1      35394    1517.53 2.2534e+00  52667.010   1474.716 1603935390      -0.08     -0.771   39.68910  -71.76106 0.0000e+00
     56.559    18.5184    34.4898  1025.0029     2.3071     4.7296     88.981    0.00223    5.31530    5.30653      8.410     0.0101    9.74833   4.584254 4.1144e-11    24.7553    24.7528 1.0000e-12     57.000          1      35466    1517.66 2.7153e+00  52662.222   1477.710 1603935394       0.12     -0.290   39.68910  -71.76105 0.0000e+00
     55.564    18.7196    34.4926  1024.9498     2.3371     4.7740     90.872    0.01163    5.25397    5.24473      8.416     0.0870    9.64560   4.606031 4.2456e-11    24.7067    24.7042 1.0000e-12     56.000          1      35532    1518.23 2.6130e+00  52652.013   1480.472 1603935396       0.05     -0.400   39.68910  -71.76104 0.0000e+00
     54.582    19.1992    34.5522  1024.8689     2.3985     4.9310     94.642    0.02740    5.20999    5.20043      8.422     0.2991    9.57165   4.664321 3.6178e-11    24.6306    24.6280 1.0000e-12     55.000          1      35602    1519.65 3.1027e+00  52701.550   1483.366 1603935399      -0.30     -0.267   39.68910  -71.76104 0.0000e+00
     53.578    19.6308    34.6399  1024.8196     2.4148     4.9348     94.668    0.01327    5.21273    5.20319      8.418     0.3206    9.57625   4.716267 4.0107e-11    24.5861    24.5835 1.0000e-12     54.000          1      35645    1520.94 2.7962e+00  52795.152   1485.187 1603935401      -0.11     -0.496   39.68910  -71.76104 0.0000e+00
     52.588    19.7028    34.6648  1024.8156     2.4222     4.9173     94.360    0.00106    5.21121    5.20166      8.422     0.3360    9.57368   4.725040 4.2031e-11    24.5864    24.5839 1.0000e-12     53.000          1      35709    1521.16 2.6462e+00  52824.000   1487.827 1603935404      -0.56     -0.425   39.68908  -71.76103 0.0000e+00
     51.597    19.7182    34.6713  1024.8122     2.4252     4.9232     94.476    0.00088    5.21104    5.20149      8.424     0.3413    9.57337   4.726831 4.3090e-11    24.5874    24.5849 1.0000e-12     52.000          1      35773    1521.19 2.5635e+00  52831.618   1490.501 1603935406      -0.15     -0.398   39.68908  -71.76102 0.0000e+00
     50.598    19.7207    34.6727  1024.8082     2.4258     4.9210     94.439   -0.00024    5.21080    5.20125      8.426     0.3526    9.57297   4.726893 4.4849e-11    24.5877    24.5853 1.0000e-12     51.000          1      35821    1521.18 2.4264e+00  52832.826   1492.495 1603935408      -0.37     -0.660   39.68908  -71.76102 0.0000e+00
     49.615    19.7277    34.6742  1024.8032     2.4261     4.9221     94.454    0.00010    5.21108    5.20152      8.412     0.3436    9.57342   4.727430 3.5300e+04    24.5870    24.5846 1.0000e-12     50.000          1      35889    1521.19 8.6348e-01  52833.970   1495.353 1603935411       0.12     -0.334   39.68908  -71.76100 0.0000e+00
     48.618    19.7247    34.6748  1024.8000     2.4271     4.9266     94.542    0.00101    5.21097    5.20142      8.400     0.3475    9.57324   4.726977 6.1985e+02    24.5881    24.5858 1.0000e-12     49.000          1      35942    1521.16 -9.990e-29  52834.429   1497.557 1603935413      -0.32     -0.577   39.68908  -71.76100 0.0000e+00
     47.626    19.7250    34.6750  1024.7957     2.4264     4.9213     94.440   -0.00007    5.21098    5.20142      8.404     0.3388    9.57325   4.726860 4.6572e-11    24.5882    24.5859 1.0000e-12     48.000          1      35996    1521.15 2.3835e+00  52834.222   1499.806 1603935416       0.10     -0.452   39.68908  -71.76100 0.0000e+00
     46.641    19.7266    34.6757  1024.7915     2.4297     4.9326     94.659    0.00143    5.21086    5.20131      8.423     0.3203    9.57305   4.726926 4.4528e-11    24.5882    24.5860 1.0000e-12     47.000          1      36076    1521.13 2.4477e+00  52834.553   1503.127 1603935419      -0.30     -0.312   39.68908  -71.76100 0.0000e+00
     45.647    19.7253    34.6759  1024.7876     2.4295     4.9280     94.579    0.00009    5.21044    5.20089      8.432     0.3182    9.57234   4.726737 4.3579e-11    24.5887    24.5865 1.0000e-12     46.000          1      36106    1521.12 2.5254e+00  52834.416   1504.372 1603935420      -0.22     -0.692   39.68908  -71.76100 0.0000e+00
     44.644    19.7264    34.6764  1024.7833     2.4282     4.9220     94.465   -0.00072    5.21041    5.20085      8.435     0.3432    9.57228   4.726862 3.4699e+04    24.5887    24.5866 1.0000e-12     45.000          1      36149    1521.10 1.3745e+00  52834.560   1506.160 1603935422      -0.07     -0.628   39.68908  -71.76099 0.0000e+00
     43.656    19.7316    34.6777  1024.7786     2.4294     4.9295     94.609    0.00113    5.21041    5.20085      8.443     0.3539    9.57228   4.727441 4.4041e+04    24.5883    24.5862 1.0000e-12     44.000          1      36225    1521.10 1.1077e+00  52835.568   1509.347 1603935425      -0.25     -0.452   39.68908  -71.76098 0.0000e+00
     42.671    19.7311    34.6777  1024.7744     2.4294     4.9250     94.523   -0.00010    5.21036    5.20081      8.446     0.3298    9.57220   4.727301 1.0571e+05    24.5884    24.5864 1.0000e-12     43.000          1      36302    1521.08 -1.128e-01  52835.124   1512.552 1603935428       0.12     -0.272   39.68908  -71.76098 0.0000e+00
