CalculateIndicators/WaterTemperature/Data/CTD_NYOS/20201019_C09.cnv
* Sea-Bird SBE 9 Data File:
* FileName = C:\Seabird 9 CTD\Data\2020\202010_offshore\20201019_C09.hex
* Software Version Seasave V 7.23.2
* Temperature SN = 4590
* Conductivity SN = 3228
* Number of Bytes Per Scan = 44
* Number of Voltage Words = 5
* Number of Scans Averaged by the Deck Unit = 1
* NMEA Latitude = 38 47.06 N
* NMEA Longitude = 072 49.32 W
* NMEA UTC (Time) = Oct 20 2020  18:38:53
* NMEA baud rate = 4800
** Ship: seawolf
** Station: 6.6
** Operator: SJW
# nquan = 31
# nvalues = 600                         
# units = specified
# name 0 = depSM: Depth [salt water, m]
# name 1 = t090C: Temperature [ITS-90, deg C]
# name 2 = sal00: Salinity, Practical [PSU]
# name 3 = density00: Density [density, kg/m^3]
# name 4 = sbeox0V: Oxygen raw, SBE 43 [V]
# name 5 = sbeox0ML/L: Oxygen, SBE 43 [ml/l]
# name 6 = sbeox0PS: Oxygen, SBE 43 [% saturation]
# name 7 = sbox0dV/dT: Oxygen, SBE 43 [dov/dt]
# name 8 = oxsolML/L: Oxygen Saturation, Garcia & Gordon [ml/l]
# name 9 = oxsatML/L: Oxygen Saturation, Weiss [ml/l]
# name 10 = ph: pH
# name 11 = flECO-AFL: Fluorescence, WET Labs ECO-AFL/FL [mg/m^3]
# name 12 = n2satML/L: Nitrogen Saturation [ml/l]
# name 13 = c0S/m: Conductivity [S/m]
# name 14 = cpar: CPAR/Corrected Irradiance [%]
# name 15 = sigma-é00: Density [sigma-theta, kg/m^3]
# name 16 = sigma-t00: Density [sigma-t, kg/m^3 ]
# name 17 = par: PAR/Irradiance, Biospherical/Licor
# name 18 = prDM: Pressure, Digiquartz [db]
# name 19 = pumps: Pump Status
# name 20 = scan: Scan Count
# name 21 = svCM: Sound Velocity [Chen-Millero, m/s]
# name 22 = spar: SPAR, Biospherical/Licor
# name 23 = specc: Specific Conductance [uS/cm]
# name 24 = timeS: Time, Elapsed [seconds]
# name 25 = timeY: Time, System [seconds]
# name 26 = accM: Acceleration [m/s^2]
# name 27 = dz/dtM: Descent Rate [m/s]
# name 28 = latitude: Latitude [deg]
# name 29 = longitude: Longitude [deg]
# name 30 = flag: flag
# span 0 =      1.983,    299.518       
# span 1 =     9.6311,    21.0951       
# span 2 =    34.8541,    35.7948       
# span 3 =  1024.3658,  1028.5733       
# span 4 =     1.4023,     2.4917       
# span 5 =     2.9638,     4.9355       
# span 6 =     46.846,     96.989       
# span 7 =   -0.01912,    0.02133       
# span 8 =    5.07745,    6.35276       
# span 9 =    5.06700,    6.35698       
# span 10 =      8.267,      8.559      
# span 11 =    -0.0800,     0.5659      
# span 12 =    9.34970,   11.45817      
# span 13 =   3.811891,   4.885362      
# span 14 = 3.5845e-14, 3.9036e+01      
# span 15 =    24.3572,    27.2152      
# span 16 =    24.3571,    27.2094      
# span 17 = 1.0000e-12, 5.0523e+02      
# span 18 =      2.000,    302.000      
# span 19 =          1,          1      
# span 20 =        966,      51549      
# span 21 =    1493.78,    1524.36      
# span 22 = 6.5297e+02, 2.7898e+03      
# span 23 =  52986.025,  55031.702      
# span 24 =     40.192,   2147.831      
# span 25 = 1603219175, 1603221283      
# span 26 =      -0.73,       0.68      
# span 27 =     -1.010,      0.830      
# span 28 =   38.77805,   38.78429      
# span 29 =  -72.82393,  -72.82180      
# span 30 = 0.0000e+00, 0.0000e+00      
# interval = decibars: 1                
# start_time = Oct 20 2020 18:38:55 [System UTC, first data scan.]
# bad_flag = -9.990e-29
*END*
      1.983    21.0951    34.8543  1024.3658     2.4904     4.9175     96.849   -0.00050    5.07745    5.06700      8.518    -0.0179    9.34970   4.885362 3.9036e+01    24.3572    24.3571 2.5527e+02      2.000          1        966    1524.34 6.5297e+02  52986.025     40.192 1603219175       0.31     -0.037   38.78429  -72.82200 0.0000e+00
      2.977    21.0917    34.8545  1024.3713     2.4905     4.9204     96.891    0.00014    5.07823    5.06778      8.527    -0.0169    9.35099   4.885077 3.2040e+01    24.3584    24.3582 2.1537e+02      3.000          1       1077    1524.34 6.7232e+02  52986.950     44.813 1603219180       0.11      0.213   38.78426  -72.82200 0.0000e+00
      3.969    21.0923    34.8541  1024.3752     2.4895     4.9226     96.877    0.00027    5.08130    5.07087      8.529    -0.0162    9.35606   4.885117 2.8177e+01    24.3580    24.3578 1.8797e+02      4.000          1       1183    1524.36 6.6753e+02  52986.901     49.249 1603219184       0.06      0.338   38.78426  -72.82200 0.0000e+00
      4.962    21.0696    34.8558  1024.3870     2.4864     4.9141     96.649   -0.00151    5.08447    5.07407      8.496    -0.0180    9.36130   4.882802 2.4435e+01    24.3655    24.3652 1.6680e+02      5.000          1       1239    1524.32 6.8275e+02  52990.660     51.572 1603219186       0.05      0.435   38.78426  -72.82200 0.0000e+00
      5.955    21.0124    34.8613  1024.4111     2.4875     4.9246     96.803    0.00021    5.08728    5.07689      8.492    -0.0023    9.36595   4.877737 2.2292e+01    24.3853    24.3850 1.5142e+02      6.000          1       1311    1524.19 6.7918e+02  53001.208     54.593 1603219190      -0.06      0.301   38.78424  -72.82200 0.0000e+00
      6.945    20.9788    34.8621  1024.4252     2.4845     4.9191     96.625   -0.00092    5.09093    5.08057      8.481    -0.0033    9.37200   4.874387 1.8990e+01    24.3950    24.3947 1.2984e+02      7.000          1       1394    1524.11 6.8394e+02  53004.167     58.028 1603219193       0.03      0.310   38.78424  -72.82200 0.0000e+00
      7.943    20.9552    34.8629  1024.4366     2.4836     4.9214     96.614   -0.00049    5.09383    5.08349      8.473    -0.0080    9.37683   4.872156 1.7118e+01    24.4021    24.4017 1.1763e+02      8.000          1       1443    1524.07 6.8721e+02  53006.820     60.080 1603219195       0.11      0.510   38.78424  -72.82200 0.0000e+00
      8.929    20.9134    34.8636  1024.4528     2.4812     4.9187     96.497   -0.00085    5.09728    5.08696      8.415    -0.0001    9.38256   4.867898 1.6679e+01    24.4140    24.4135 1.1387e+02      9.000          1       1514    1523.97 6.8277e+02  53010.121     63.037 1603219198      -0.07      0.287   38.78422  -72.82200 0.0000e+00
      9.926    20.8813    34.8626  1024.4651     2.4828     4.9284     96.666    0.00072    5.09844    5.08813      8.447    -0.0009    9.38453   4.864633 1.4337e+01    24.4220    24.4215 9.9222e+01     10.000          1       1574    1523.90 6.9226e+02  53010.828     65.540 1603219200      -0.04      0.404   38.78422  -72.82200 0.0000e+00
     10.911    20.8612    34.8582  1024.4715     2.4829     4.9267     96.633   -0.00037    5.09840    5.08809      8.486    -0.0177    9.38444   4.862161 1.3592e+01    24.4241    24.4236 9.4236e+01     11.000          1       1650    1523.86 6.9329e+02  53006.199     68.718 1603219204       0.10      0.274   38.78422  -72.82200 0.0000e+00
     11.911    20.8623    34.8598  1024.4768     2.4826     4.9270     96.629   -0.00028    5.09885    5.08854      8.435    -0.0125    9.38519   4.862608 1.2588e+01    24.4251    24.4245 8.6869e+01     12.000          1       1696    1523.88 6.9002e+02  53008.837     70.618 1603219206      -0.07      0.471   38.78421  -72.82200 0.0000e+00
     12.896    20.8616    34.8602  1024.4816     2.4807     4.9223     96.527   -0.00072    5.09939    5.08908      8.497    -0.0114    9.38608   4.862612 1.1915e+01    24.4257    24.4250 8.3140e+01     13.000          1       1761    1523.90 6.9790e+02  53009.879     73.332 1603219208       0.23      0.306   38.78420  -72.82200 0.0000e+00
     13.895    20.8546    34.8601  1024.4879     2.4803     4.9244     96.560    0.00010    5.09987    5.08957      8.447    -0.0033    9.38687   4.861993 1.0780e+01    24.4276    24.4268 7.5764e+01     14.000          1       1812    1523.89 7.0295e+02  53010.589     75.467 1603219210      -0.08      0.403   38.78420  -72.82199 0.0000e+00
     14.882    20.8533    34.8617  1024.4937     2.4824     4.9346     96.693    0.00027    5.10336    5.09308      8.492     0.0067    9.39255   4.862119 1.0326e+01    24.4292    24.4284 7.2203e+01     15.000          1       1888    1523.91 6.9930e+02  53013.230     78.606 1603219214       0.29      0.301   38.78420  -72.82198 0.0000e+00
     15.881    20.8264    34.8666  1024.5092     2.4810     4.9305     96.593   -0.00060    5.10439    5.09412      8.444     0.0154    9.39421   4.859905 9.4525e+00    24.4403    24.4394 6.6310e+01     16.000          1       1927    1523.86 7.0152e+02  53021.696     80.260 1603219215      -0.03      0.575   38.78420  -72.82198 0.0000e+00
     16.871    20.7969    34.8762  1024.5288     2.4790     4.9251     96.480   -0.00108    5.10483    5.09457      8.420     0.0152    9.39494   4.858160 9.0336e+00    24.4556    24.4547 6.3558e+01     17.000          1       1984    1523.80 7.0362e+02  53036.568     82.606 1603219218      -0.01      0.412   38.78420  -72.82198 0.0000e+00
     17.863    20.7882    34.8781  1024.5369     2.4798     4.9326     96.621    0.00070    5.10506    5.09480      8.494     0.0110    9.39534   4.857604 8.4813e+00    24.4594    24.4584 6.0511e+01     18.000          1       2046    1523.80 7.1348e+02  53039.911     85.222 1603219220      -0.02      0.371   38.78418  -72.82198 0.0000e+00
     18.857    20.7859    34.8780  1024.5418     2.4796     4.9300     96.574   -0.00023    5.10494    5.09468      8.433     0.0236    9.39513   4.857429 8.0505e+00    24.4600    24.4590 5.7566e+01     19.000          1       2105    1523.81 7.1503e+02  53040.374     87.678 1603219223      -0.01      0.417   38.78418  -72.82198 0.0000e+00
     19.846    20.7870    34.8775  1024.5455     2.4777     4.9259     96.472   -0.00084    5.10607    5.09581      8.425     0.0237    9.39697   4.857564 7.8896e+00    24.4594    24.4583 5.5377e+01     20.000          1       2176    1523.83 7.0192e+02  53040.117     90.624 1603219225       0.01      0.313   38.78418  -72.82198 0.0000e+00
     20.841    20.7818    34.8785  1024.5521     2.4772     4.9285     96.505    0.00000    5.10698    5.09673      8.509     0.0273    9.39846   4.857158 7.3748e+00    24.4616    24.4605 5.2629e+01     21.000          1       2223    1523.83 7.1372e+02  53042.231     92.581 1603219227       0.15      0.526   38.78418  -72.82198 0.0000e+00
     21.833    20.7674    34.8823  1024.5632     2.4767     4.9277     96.474   -0.00030    5.10780    5.09756      8.483     0.0166    9.39979   4.856216 6.9819e+00    24.4685    24.4674 5.0339e+01     22.000          1       2272    1523.81 7.2105e+02  53048.624     94.626 1603219230      -0.11      0.487   38.78417  -72.82198 0.0000e+00
     22.826    20.7539    34.8855  1024.5737     2.4772     4.9333     96.539    0.00021    5.11020    5.09998      8.430     0.0218    9.40370   4.855258 6.7081e+00    24.4746    24.4734 4.8018e+01     23.000          1       2339    1523.80 7.1580e+02  53054.034     97.397 1603219232      -0.06      0.357   38.78416  -72.82198 0.0000e+00
     23.808    20.7179    34.8946  1024.5946     2.4767     4.9334     96.506   -0.00036    5.11199    5.10179      8.427     0.0366    9.40653   4.852703 6.4493e+00    24.4913    24.4900 4.5939e+01     24.000          1       2421    1523.73 7.1249e+02  53068.565    100.844 1603219236       0.26      0.243   38.78416  -72.82197 0.0000e+00
     24.816    20.7075    34.9015  1024.6071     2.4762     4.9304     96.474   -0.00056    5.11060    5.10039      8.428     0.0489    9.40410   4.852567 5.9869e+00    24.4994    24.4981 4.3469e+01     25.000          1       2451    1523.72 7.2619e+02  53078.842    102.074 1603219237       0.10      0.675   38.78416  -72.82196 0.0000e+00
     25.803    20.7155    34.9224  1024.6252     2.4776     4.9293     96.579    0.00013    5.10392    5.09368      8.431     0.0515    9.39257   4.856305 5.6843e+00    24.5132    24.5119 4.1453e+01     26.000          1       2517    1523.78 7.2925e+02  53107.298    104.844 1603219240      -0.10      0.359   38.78414  -72.82198 0.0000e+00
     26.791    20.7825    34.9747  1024.6512     2.4755     4.9196     96.471   -0.00041    5.09959    5.08934      8.431     0.0685    9.38476   4.869950 5.5399e+00    24.5350    24.5336 3.9442e+01     27.000          1       2607    1524.04 7.1205e+02  53175.330    108.570 1603219243       0.09      0.251   38.78414  -72.82197 0.0000e+00
     27.785    20.8009    35.0088  1024.6766     2.4743     4.9152     96.409   -0.00051    5.09826    5.08801      8.431     0.0821    9.38235   4.875856 5.0751e+00    24.5560    24.5546 3.7145e+01     28.000          1       2651    1524.14 7.3201e+02  53221.146    110.404 1603219245       0.12      0.530   38.78414  -72.82196 0.0000e+00
     28.782    20.7964    35.0394  1024.7055     2.4731     4.9114     96.344   -0.00077    5.09775    5.08750      8.431     0.0742    9.38142   4.879311 4.7650e+00    24.5806    24.5791 3.5119e+01     29.000          1       2705    1524.18 7.3705e+02  53263.359    112.659 1603219248       0.03      0.471   38.78413  -72.82196 0.0000e+00
     29.772    20.8067    35.0637  1024.7255     2.4727     4.9175     96.383   -0.00022    5.10208    5.09186      8.431     0.1065    9.38854   4.883240 4.5888e+00    24.5964    24.5948 3.3195e+01     30.000          1       2796    1524.26 7.2336e+02  53296.097    116.469 1603219251       0.07      0.384   38.78412  -72.82196 0.0000e+00
     30.754    20.7986    35.0655  1024.7334     2.4696     4.9121     96.170   -0.00185    5.10773    5.09755 -9.990e-29     0.1088    9.39788   4.882515 4.2578e+00    24.6000    24.5984 3.1269e+01     31.000          1       2855    1524.25 7.3445e+02  53299.411    118.910 1603219254       0.22      0.381   38.78412  -72.82196 0.0000e+00
     31.764    20.7357    35.0634  1024.7532     2.4686     4.9100     96.144   -0.00131    5.10688    5.09669 -9.990e-29     0.1088    9.39649   4.875349 3.9251e+00    24.6154    24.6138 2.9271e+01     32.000          1       2882    1524.10 7.4587e+02  53300.014    120.038 1603219255       0.21      0.770   38.78411  -72.82196 0.0000e+00
     32.754    20.6953    35.0657  1024.7703     2.4701     4.9242     96.332    0.00045    5.11167    5.10153      8.432     0.1264    9.40441   4.871908 3.7395e+00    24.6281    24.6265 2.7516e+01     33.000          1       2978    1524.01 7.3569e+02  53305.664    124.032 1603219259       0.07      0.504   38.78410  -72.82196 0.0000e+00
     33.731    20.6740    35.0628  1024.7781     2.4668     4.9166     96.058   -0.00227    5.11835    5.10825      8.438     0.1672    9.41541   4.869392 3.4793e+00    24.6317    24.6300 2.5767e+01     34.000          1       3059    1523.96 7.4076e+02  53303.223    127.435 1603219262       0.17      0.253   38.78410  -72.82196 0.0000e+00
     34.737    20.6063    35.0762  1024.8110     2.4637     4.9164     95.939   -0.00189    5.12457    5.11451      8.437     0.1659    9.42587   4.864011 3.2246e+00    24.6602    24.6584 2.4200e+01     35.000          1       3097    1523.81 7.5065e+02  53325.218    129.006 1603219264      -0.04      0.530   38.78410  -72.82196 0.0000e+00
     35.724    20.4880    35.0641  1024.8378     2.4620     4.9315     95.990    0.00018    5.13747    5.12750      8.433     0.2019    9.44733   4.850151 3.0432e+00    24.6827    24.6809 2.2642e+01     36.000          1       3184    1523.49 7.4397e+02  53315.157    132.637 1603219268       0.02      0.243   38.78408  -72.82196 0.0000e+00
     36.714    20.4225    35.0656  1024.8609     2.4537     4.9192     95.386   -0.00451    5.15709    5.14726      8.434     0.3445    9.48009   4.843644 2.8028e+00    24.7015    24.6996 2.1060e+01     37.000          1       3254    1523.33 7.5145e+02  53321.021    135.546 1603219270       0.22      0.373   38.78408  -72.82196 0.0000e+00
     37.712    20.2406    35.0489  1024.9011     2.4418     4.9196     94.787   -0.00571    5.19025    5.18066      8.434     0.3778    9.53547   4.822465 2.5954e+00    24.7372    24.7353 1.9659e+01     38.000          1       3302    1522.83 7.5752e+02  53308.375    137.549 1603219272      -0.08      0.466   38.78408  -72.82196 0.0000e+00
     38.701    19.8533    35.0107  1024.9788     2.4172     4.8984     93.479   -0.00894    5.24008    5.23087      8.432     0.5036    9.61855   4.776542 2.4296e+00    24.8103    24.8084 1.8192e+01     39.000          1       3375    1521.73 7.4875e+02  53278.267    140.587 1603219275       0.09      0.311   38.78406  -72.82196 0.0000e+00
     39.693    19.2941    34.9736  1025.1006     2.3901     4.8626     92.191   -0.00921    5.27441    5.26550      8.428     0.5260    9.67543   4.715380 2.1826e+00    24.9275    24.9256 1.6536e+01     40.000          1       3449    1520.14 7.5773e+02  53261.289    143.655 1603219279      -0.04      0.295   38.78406  -72.82196 0.0000e+00
     40.687    19.0045    34.9857  1025.1886     2.3831     4.8697     92.320   -0.00102    5.27480    5.26589      8.429     0.5344    9.67595   4.688619 1.9997e+00    25.0109    25.0091 1.5167e+01     41.000          1       3510    1519.35 7.5844e+02  53296.427    146.188 1603219281       0.02      0.440   38.78406  -72.82196 0.0000e+00
     41.679    18.9698    34.9943  1025.2085     2.3701     4.8753     91.471   -0.00597    5.33020    5.32178      8.432     0.5179    9.76820   4.686900 1.8392e+00    25.0264    25.0245 1.3923e+01     42.000          1       3569    1519.28 7.5689e+02  53310.973    148.661 1603219284      -0.03      0.402   38.78404  -72.82196 0.0000e+00
     42.671    18.4447    34.9701  1025.3268     2.3178     4.7604     88.229   -0.01912    5.39582    5.38798      8.425     0.4708    9.87745   4.627994 1.6607e+00    25.1400    25.1381 1.2620e+01     43.000          1       3638    1517.76 7.6036e+02  53314.543    151.548 1603219286      -0.01      0.346   38.78404  -72.82195 0.0000e+00
     43.662    17.7464    34.9196  1025.4661     2.2797     4.7011     86.885   -0.01085    5.41069    5.40302      8.422     0.4151    9.90158   4.552761 1.4769e+00    25.2745    25.2726 1.1545e+01     44.000          1       3707    1515.68 7.8173e+02  53297.317    154.425 1603219289       0.12      0.348   38.78404  -72.82196 0.0000e+00
     44.654    17.6298    34.9816  1025.5465     2.2550     4.6868     85.786   -0.00997    5.46341    5.45626      8.424     0.3823    9.98887   4.549633 1.3939e+00    25.3505    25.3486 1.0640e+01     45.000          1       3771    1515.43 7.6332e+02  53391.479    157.099 1603219292      -0.05      0.355   38.78403  -72.82196 0.0000e+00
     45.647    17.1615    35.0002  1025.6784     2.2115     4.5654     83.369   -0.01515    5.47611    5.46908      8.421     0.3604   10.00992   4.504202 1.2690e+00    25.4777    25.4759 9.6893e+00     46.000          1       3836    1514.08 7.6432e+02  53455.858    159.805 1603219295      -0.05      0.363   38.78402  -72.82195 0.0000e+00
     46.641    16.9853    35.0023  1025.7267     2.1884     4.5344     82.719   -0.00766    5.48171    5.47475      8.423     0.3361   10.01907   4.488158 1.1172e+00    25.5214    25.5195 8.8981e+00     47.000          1       3899    1513.57 7.9666e+02  53474.253    162.413 1603219297       0.10      0.425   38.78402  -72.82195 0.0000e+00
