CalculateIndicators/WaterTemperature/Data/CTD_NYOS/20201027_C25.cnv
* Sea-Bird SBE 9 Data File:
* FileName = C:\Seabird 9 CTD\Data\2020\202010_offshore\20201027_C25.hex
* Software Version Seasave V 7.23.2
* Temperature SN = 4590
* Conductivity SN = 3228
* Number of Bytes Per Scan = 44
* Number of Voltage Words = 5
* Number of Scans Averaged by the Deck Unit = 1
* NMEA Latitude = 39 31.41 N
* NMEA Longitude = 072 23.58 W
* NMEA UTC (Time) = Oct 27 2020  14:30:11
* NMEA baud rate = 4800
** Ship: seawolf
** Station: 4.5
** Operator: EIH
# nquan = 31
# nvalues = 604                         
# units = specified
# name 0 = depSM: Depth [salt water, m]
# name 1 = t090C: Temperature [ITS-90, deg C]
# name 2 = sal00: Salinity, Practical [PSU]
# name 3 = density00: Density [density, kg/m^3]
# name 4 = sbeox0V: Oxygen raw, SBE 43 [V]
# name 5 = sbeox0ML/L: Oxygen, SBE 43 [ml/l]
# name 6 = sbeox0PS: Oxygen, SBE 43 [% saturation]
# name 7 = sbox0dV/dT: Oxygen, SBE 43 [dov/dt]
# name 8 = oxsolML/L: Oxygen Saturation, Garcia & Gordon [ml/l]
# name 9 = oxsatML/L: Oxygen Saturation, Weiss [ml/l]
# name 10 = ph: pH
# name 11 = flECO-AFL: Fluorescence, WET Labs ECO-AFL/FL [mg/m^3]
# name 12 = n2satML/L: Nitrogen Saturation [ml/l]
# name 13 = c0S/m: Conductivity [S/m]
# name 14 = cpar: CPAR/Corrected Irradiance [%]
# name 15 = sigma-é00: Density [sigma-theta, kg/m^3]
# name 16 = sigma-t00: Density [sigma-t, kg/m^3 ]
# name 17 = par: PAR/Irradiance, Biospherical/Licor
# name 18 = prDM: Pressure, Digiquartz [db]
# name 19 = pumps: Pump Status
# name 20 = scan: Scan Count
# name 21 = svCM: Sound Velocity [Chen-Millero, m/s]
# name 22 = spar: SPAR, Biospherical/Licor
# name 23 = specc: Specific Conductance [uS/cm]
# name 24 = timeS: Time, Elapsed [seconds]
# name 25 = timeY: Time, System [seconds]
# name 26 = accM: Acceleration [m/s^2]
# name 27 = dz/dtM: Descent Rate [m/s]
# name 28 = latitude: Latitude [deg]
# name 29 = longitude: Longitude [deg]
# name 30 = flag: flag
# span 0 =      0.945,    300.475       
# span 1 =    10.2110,    19.7295       
# span 2 =    34.5304,    35.7620       
# span 3 =  1024.7005,  1028.5421       
# span 4 =     1.4229,     2.4548       
# span 5 =     2.9599,     4.9720       
# span 6 =     47.749,     95.395       
# span 7 =   -0.02506,    0.02743       
# span 8 =    5.20546,    6.27174       
# span 9 =    5.19593,    6.27485       
# span 10 =      8.318,      8.514      
# span 11 =    -0.0785,     0.2075      
# span 12 =    9.56242,   11.32335      
# span 13 =   3.875494,   4.746959      
# span 14 = 1.6988e-13, 4.5163e+01      
# span 15 =    24.6953,    27.1835      
# span 16 =    24.6949,    27.1772      
# span 17 = 1.0000e-12, 2.4794e+02      
# span 18 =      1.000,    303.000      
# span 19 =          1,          1      
# span 20 =        760,      41937      
# span 21 =    1495.98,    1521.29      
# span 22 = 1.7954e+02, 6.0704e+02      
# span 23 =  52885.528,  55029.325      
# span 24 =     31.632,   1747.331      
# span 25 = 1603809044, 1603810760      
# span 26 =      -1.32,       1.11      
# span 27 =     -1.488,      1.143      
# span 28 =   39.51562,   39.52348      
# span 29 =  -72.39302,  -72.39106      
# span 30 = 0.0000e+00, 0.0000e+00      
# interval = decibars: 1                
# start_time = Oct 27 2020 14:30:12 [System UTC, first data scan.]
# bad_flag = -9.990e-29
*END*
[from data line 47]
     48.621    19.4045    34.8451  1025.0133     2.3871     4.8366     92.168   -0.00828    5.24758    5.23838 -9.990e-29 -9.990e-29    9.63235   4.713265 9.3688e-01    24.8012    24.7989 2.7196e+00     49.000          1       3656    1520.46 2.9029e+02  53084.553    152.306 1603809165      -0.03      0.526   39.52288  -72.39280 0.0000e+00
     49.615    19.2765    34.8398  1025.0467     2.3791     4.8368     92.079   -0.00305    5.25288    5.24373      8.471     0.0954    9.64123   4.700501 9.1335e-01    24.8302    24.8279 2.5316e+00     50.000          1       3724    1520.11 2.7786e+02  53085.697    155.126 1603809168       0.18      0.334   39.52287  -72.39279 0.0000e+00
     50.608    19.2337    34.8344  1025.0580     2.3742     4.8352     91.914   -0.00227    5.26054    5.25145      8.479     0.0746    9.65402   4.695644 8.5807e-01    24.8371    24.8348 2.3796e+00     51.000          1       3793    1520.00 2.7815e+02  53081.358    157.985 1603809170       0.35      0.597   39.52286  -72.39278 0.0000e+00
     51.595    19.2083    34.8318  1025.0669     2.3715     4.8328     91.831   -0.00151    5.26269    5.25361      8.480     0.0758    9.65759   4.692841 7.7215e-01    24.8417    24.8393 2.2448e+00     52.000          1       3830    1519.94 2.9066e+02  53080.020    159.544 1603809172      -0.07      0.669   39.52284  -72.39278 0.0000e+00
     52.595    19.1553    34.8254  1025.0801     2.3669     4.8263     91.598   -0.00199    5.26907    5.26004      8.475     0.0799    9.66828   4.686696 7.2397e-01    24.8505    24.8480 2.0914e+00     53.000          1       3890    1519.80 2.8887e+02  53075.062    162.053 1603809174       0.12      0.470   39.52283  -72.39277 0.0000e+00
     53.581    19.0889    34.8183  1025.0960     2.3547     4.8081     90.903   -0.00449    5.28931    5.28045      8.501     0.0687    9.70206   4.679398 6.7371e-01    24.8620    24.8596 1.9538e+00     54.000          1       3975    1519.62 2.9001e+02  53070.043    165.595 1603809178       0.11      0.445   39.52282  -72.39276 0.0000e+00
     54.577    18.9581    34.8048  1025.1235     2.3446     4.8061     90.406   -0.00514    5.31612    5.30748      8.480     0.0692    9.74687   4.663967 6.3780e-01    24.8851    24.8826 1.8440e+00     55.000          1       4021    1519.25 2.8911e+02  53060.625    167.500 1603809180      -0.00      0.524   39.52282  -72.39276 0.0000e+00
     55.562    18.7147    34.7786  1025.1698     2.3069     4.7435     87.992   -0.01648    5.39068    5.38268      8.514     0.0713    9.87118   4.635130 5.9672e-01    24.9268    24.9243 1.7280e+00     56.000          1       4089    1518.54 2.8971e+02  53041.681    170.343 1603809183      -0.01      0.284   39.52280  -72.39276 0.0000e+00
     56.557    18.0575    34.7235  1025.2964     2.2682     4.6740     86.235   -0.01476    5.42018    5.41245      8.507     0.0640    9.92043   4.561701 5.5053e-01    25.0484    25.0460 1.5880e+00     57.000          1       4147    1516.59 -9.990e-29  53013.566    172.764 1603809185      -0.02      0.372   39.52278  -72.39276 0.0000e+00
     57.548    17.6985    34.6926  1025.3654     2.2411     4.6346     85.153   -0.01122    5.44269    5.43517      8.501     0.0730    9.95801   4.522495 5.1237e-01    25.1128    25.1104 1.4809e+00     58.000          1       4205    1515.52 2.8859e+02  52998.926    175.155 1603809188       0.35      0.462   39.52278  -72.39276 0.0000e+00
     58.545    17.5125    34.6755  1025.4020     2.2307     4.6202     84.817   -0.00849    5.44733    5.43985      8.499     0.0572    9.96579   4.502502 4.8138e-01    25.1448    25.1424 1.3841e+00     59.000          1       4237    1514.97 2.8750e+02  52990.615    176.493 1603809189       0.04      0.732   39.52278  -72.39275 0.0000e+00
     59.529    17.3736    34.6574  1025.4261     2.2151     4.6250     84.231   -0.00652    5.49095    5.48388      8.480     0.0653   10.03865   4.487409 4.5040e-01    25.1644    25.1620 1.2976e+00     60.000          1       4302    1514.55 2.8817e+02  52977.933    179.207 1603809192      -0.03      0.288   39.52276  -72.39274 0.0000e+00
     60.531    17.1496    34.6272  1025.4612     2.2004     4.5826     83.344   -0.00933    5.49847    5.49147      8.482     0.0560   10.05119   4.460614 4.0541e-01    25.1949    25.1925 1.1730e+00     61.000          1       4342    1513.86 2.8933e+02  52955.685    180.878 1603809193       0.45      0.647   39.52276  -72.39274 0.0000e+00
     61.521    16.9010    34.6007  1025.5046     2.1792     4.5551     82.234   -0.01097    5.54044    5.53389      8.479     0.0431   10.12081   4.433704 3.8215e-01    25.2336    25.2312 1.1015e+00     62.000          1       4407    1513.10 2.8825e+02  52941.301    183.581 1603809196      -0.02      0.594   39.52274  -72.39273 0.0000e+00
     62.504    16.4893    34.5614  1025.5754     2.1328     4.4693     79.153   -0.02506    5.64630    5.64085      8.471     0.0517   10.29644   4.382673 3.4775e-01    25.2997    25.2973 1.0026e+00     63.000          1       4492    1511.83 2.8831e+02  52923.995    187.134 1603809200       0.73      0.643   39.52272  -72.39272 0.0000e+00
     63.512    15.8694    34.5866  1025.7424     2.1227     4.4604     79.012   -0.01964    5.64528    5.63982      8.466     0.0481   10.29479   4.327656 3.2465e-01    25.4614    25.4592 9.3566e-01     64.000          1       4510    1509.97 2.8821e+02  53019.403    187.891 1603809200       0.39      1.114   39.52272  -72.39272 0.0000e+00
     64.500    15.5764    34.5962  1025.8207     2.1115     4.4851     79.294   -0.00738    5.65624    5.65090      8.458     0.0418   10.31302   4.302397 3.0853e-01    25.5351    25.5328 8.8364e-01     65.000          1       4561    1509.09 2.8640e+02  53062.460    190.009 1603809202      -0.07      0.619   39.52272  -72.39272 0.0000e+00
     65.488    15.4838    34.5836  1025.8363     2.0987     4.4788     78.858   -0.00498    5.67959    5.67451      8.450     0.0213   10.35165   4.293064 2.8170e-01    25.5461    25.5439 8.0400e-01     66.000          1       4631    1508.80 2.8540e+02  53055.410    192.922 1603809205       0.03      0.448   39.52270  -72.39272 0.0000e+00
     66.478    15.3073    34.5899  1025.8850     2.0882     4.4614     78.369   -0.00492    5.69284    5.68791      8.428     0.0014   10.37351   4.276922 2.5932e-01    25.5903    25.5880 7.3741e-01     67.000          1       4684    1508.28 2.8436e+02  53083.280    195.125 1603809208       0.15      0.454   39.52270  -72.39270 0.0000e+00
     67.469    15.1516    34.5988  1025.9309     2.0807     4.4524     78.104   -0.00365    5.70066    5.69582      8.426     0.0146   10.38628   4.263077 2.3857e-01    25.6315    25.6293 6.8108e-01     68.000          1       4734    1507.81 2.8550e+02  53112.814    197.216 1603809210      -0.11      0.472   39.52269  -72.39270 0.0000e+00
     68.464    15.0862    34.6094  1025.9579     2.0755     4.4425     77.900   -0.00296    5.70285    5.69805      8.420     0.0088   10.38987   4.258267 2.1787e-01    25.6541    25.6518 6.1958e-01     69.000          1       4776    1507.64 2.8437e+02  53135.065    198.977 1603809211       0.33      0.536   39.52268  -72.39270 0.0000e+00
     69.456    15.0176    34.6288  1025.9925     2.0662     4.4223     77.457   -0.00322    5.70931    5.70465      8.426     0.0059   10.39933   4.254354 2.1389e-01    25.6842    25.6819 5.6603e-01     70.000          1       4842    1507.46 2.6523e+02  53169.864    201.713 1603809214       0.25      0.370   39.52267  -72.39270 0.0000e+00
     70.452    14.9512    34.6904  1026.0590     2.0518     4.3639     76.431   -0.00806    5.70962    5.70500      8.429     0.0111   10.39924   4.255231 2.0474e-01    25.7462    25.7439 5.2005e-01     71.000          1       4889    1507.34 2.5408e+02  53262.459    203.680 1603809216       0.17      0.676   39.52266  -72.39268 0.0000e+00
     71.435    14.9088    34.7873  1026.1474     2.0373     4.3203     75.671   -0.00883    5.70929    5.70467      8.432    -0.0078   10.39859   4.261769 1.8319e-01    25.8303    25.8280 4.8463e-01     72.000          1       4932    1507.33 2.6485e+02  53400.886    205.453 1603809218      -0.06      0.560   39.52266  -72.39268 0.0000e+00
     72.434    14.9119    34.8050  1026.1648     2.0301     4.3160     75.645   -0.00410    5.70561    5.70096      8.435    -0.0069   10.39207   4.264393 1.5610e-01    25.8433    25.8409 4.3926e-01     73.000          1       4985    1507.38 2.8157e+02  53425.263    207.673 1603809220       0.09      0.471   39.52265  -72.39267 0.0000e+00
     73.421    14.9294    34.8503  1026.2003     2.0206     4.2860     75.218   -0.00367    5.69805    5.69335      8.442    -0.0002   10.37887   4.271721 1.3816e-01    25.8744    25.8720 3.9015e-01     74.000          1       5058    1507.50 2.8239e+02  53486.032    210.707 1603809223       0.49      0.453   39.52264  -72.39266 0.0000e+00
     74.419    14.9594    34.8880  1026.2272     2.0150     4.2618     74.940   -0.00367    5.68699    5.68220      8.442    -0.0112   10.35994   4.278799 1.2595e-01    25.8970    25.8945 3.5567e-01     75.000          1       5096    1507.66 2.8239e+02  53534.871    212.280 1603809225      -0.09      0.634   39.52263  -72.39266 0.0000e+00
     75.403    15.0229    34.9381  1026.2562     2.0083     4.2373     74.687   -0.00256    5.67345    5.66855      8.445    -0.0222   10.33684   4.291345 1.1688e-01    25.9217    25.9192 3.2877e-01     76.000          1       5156    1507.93 2.8130e+02  53596.952    214.782 1603809227       0.11      0.328   39.52262  -72.39266 0.0000e+00
     76.399    15.1250    35.0041  1026.2889     2.0032     4.2194     74.433   -0.00273    5.66875    5.66381      8.448    -0.0166   10.32885   4.308544 1.0686e-01    25.9501    25.9476 3.0173e-01     77.000          1       5199    1508.35 2.8236e+02  53676.527    216.591 1603809229      -0.02      0.547   39.52261  -72.39265 0.0000e+00
     77.392    15.1795    35.0352  1026.3052     1.9988     4.2056     74.263   -0.00211    5.66313    5.65814      8.461    -0.0145   10.31922   4.317326 9.9608e-02    25.9621    25.9595 2.7999e-01     78.000          1       5249    1508.57 2.8110e+02  53713.678    218.652 1603809231      -0.03      0.490   39.52260  -72.39264 0.0000e+00
     78.383    15.2111    35.0529  1026.3162     1.9959     4.1945     74.178   -0.00122    5.65475    5.64969      8.503    -0.0019   10.30483   4.322508 9.0593e-02    25.9688    25.9662 2.5576e-01     79.000          1       5302    1508.71 2.8232e+02  53734.974    220.860 1603809233       0.06      0.445   39.52260  -72.39264 0.0000e+00
     79.372    15.2908    35.1138  1026.3497     1.9882     4.1645     73.691   -0.00300    5.65129    5.64622      8.494    -0.0164   10.29868   4.337196 8.3242e-02    25.9981    25.9953 2.3372e-01     80.000          1       5365    1509.05 2.8079e+02  53810.099    223.503 1603809236      -0.08      0.340   39.52258  -72.39264 0.0000e+00
     80.356    15.3211    35.1451  1026.3713     1.9789     4.1311     73.128   -0.00477    5.64917    5.64409      8.482    -0.0259   10.29486   4.343421 7.3646e-02    26.0155    26.0127 2.0803e-01     81.000          1       5420    1509.20 2.8246e+02  53850.172    225.811 1603809238       0.67      0.396   39.52258  -72.39263 0.0000e+00
     81.373    15.3111    35.1659  1026.3942     1.9759     4.1240     73.006   -0.00436    5.64883    5.64375      8.460    -0.0255   10.29428   4.344890 6.4756e-02    26.0338    26.0310 1.8286e-01     82.000          1       5441    1509.20 2.8239e+02  53880.317    226.655 1603809239       0.36      0.969   39.52258  -72.39262 0.0000e+00
     82.348    15.3350    35.1928  1026.4139     1.9708     4.1190     72.985   -0.00115    5.64364    5.63852      8.456    -0.0224   10.28527   4.350025 6.1506e-02    26.0493    26.0464 1.7269e-01     83.000          1       5525    1509.33 2.8081e+02  53915.097    230.155 1603809243      -0.07      0.194   39.52256  -72.39261 0.0000e+00
     83.342    15.3635    35.2160  1026.4298     1.9654     4.0984     72.618   -0.00281    5.64376    5.63866      8.456    -0.0251   10.28530   4.355713 5.3680e-02    26.0608    26.0579 1.5158e-01     84.000          1       5576    1509.46 2.8239e+02  53944.198    232.304 1603809245       0.24      0.516   39.52256  -72.39260 0.0000e+00
     84.335    15.3651    35.2381  1026.4509     1.9622     4.0907     72.503   -0.00227    5.64210    5.63698      8.460    -0.0255   10.28245   4.357979 4.8986e-02    26.0775    26.0746 1.3775e-01     85.000          1       5614    1509.51 2.8118e+02  53974.854    233.871 1603809246      -0.06      0.653   39.52255  -72.39260 0.0000e+00
     85.332    15.3611    35.2448  1026.4613     1.9604     4.0760     72.479   -0.00118    5.62373    5.61846      8.457    -0.0205   10.25095   4.358439 4.5167e-02    26.0835    26.0806 1.2733e-01     86.000          1       5656    1509.52 2.8195e+02  53984.943    235.645 1603809248      -0.06      0.586   39.52254  -72.39260 0.0000e+00
     86.316    15.4611    35.3203  1026.5013     1.9424     3.9769     71.091   -0.00856    5.59399    5.58847      8.454    -0.0300   10.20010   4.378270 4.0278e-02    26.1194    26.1164 1.1316e-01     87.000          1       5724    1509.94 2.8093e+02  54077.926    238.443 1603809251       0.06      0.286   39.52252  -72.39260 0.0000e+00
     87.300    15.7566    35.5180  1026.5907     1.8970     3.8115     68.446   -0.01494    5.56884    5.56310      8.446 -9.990e-29   10.15746   4.430551 3.4371e-02    26.2050    26.2019 9.7115e-02     88.000          1       5800    1511.10 2.8251e+02  54317.238    241.608 1603809254       0.22      0.231   39.52252  -72.39259 0.0000e+00
     88.310    15.8631    35.5590  1026.6023     1.8845     3.7840     67.928   -0.01353    5.57055    5.56483      8.446    -0.0316   10.16033   4.444965 2.7682e-02    26.2123    26.2091 7.8096e-02     89.000          1       5825    1511.49 2.8211e+02  54362.529    242.658 1603809255       0.68      0.753   39.52251  -72.39258 0.0000e+00
     89.302    15.9179    35.5876  1026.6161     1.8739     3.7773     67.861   -0.00670    5.56625    5.56050      8.443    -0.0081   10.15293   4.453130 2.8082e-02    26.2219    26.2186 7.9002e-02     90.000          1       5875    1511.71 2.8134e+02  54396.502    244.767 1603809257       0.10      0.582   39.52250  -72.39258 0.0000e+00
     90.289    15.9448    35.6086  1026.6304     1.8664     3.7689     67.731   -0.00318    5.56455    5.55879      8.437    -0.0159   10.14981   4.458033 2.4726e-02    26.2319    26.2286 6.9721e-02     91.000          1       5935    1511.84 2.8234e+02  54422.893    247.270 1603809260       0.10      0.561   39.52250  -72.39258 0.0000e+00
     91.281    15.9624    35.6334  1026.6499     1.8596     3.7500     67.381   -0.00353    5.56538    5.55964      8.437 -9.990e-29   10.15108   4.462361 2.1127e-02    26.2470    26.2436 5.9659e-02     92.000          1       5982    1511.93 2.8239e+02  54455.477    249.197 1603809262       0.10      0.508   39.52248  -72.39258 0.0000e+00
     92.267    15.9436    35.6525  1026.6733     1.8503     3.7324     66.956   -0.00330    5.57446    5.56885      8.430    -0.0152   10.16548   4.462303 2.0719e-02    26.2660    26.2627 5.2554e-02     93.000          1       6049    1511.92 2.5444e+02  54483.937    252.007 1603809264      -0.00      0.289   39.52248  -72.39257 0.0000e+00
     93.264    15.8848    35.6886  1026.7191     1.8364     3.6830     66.037   -0.00709    5.57719    5.57162      8.429    -0.0364   10.16981   4.460050 1.7427e-02    26.3073    26.3039 4.4562e-02     94.000          1       6095    1511.79 2.5661e+02  54539.835    253.924 1603809266      -0.01      0.553   39.52247  -72.39256 0.0000e+00
