CalculateIndicators/WaterTemperature/Data/CTD_NYOS/20201021_C11.cnv
* Sea-Bird SBE 9 Data File:
* FileName = C:\Seabird 9 CTD\Data\2020\202010_offshore\20201021_C11.hex
* Software Version Seasave V 7.23.2
* Temperature SN = 4590
* Conductivity SN = 3228
* Number of Bytes Per Scan = 44
* Number of Voltage Words = 5
* Number of Scans Averaged by the Deck Unit = 1
* NMEA Latitude = 39 28.74 N
* NMEA Longitude = 073 04.36 W
* NMEA UTC (Time) = Oct 21 2020  02:26:37
* NMEA baud rate = 4800
** Ship: seawolf
** Station: 6.4
** Operator: EIH
# nquan = 31
# nvalues = 122                         
# units = specified
# name 0 = depSM: Depth [salt water, m]
# name 1 = t090C: Temperature [ITS-90, deg C]
# name 2 = sal00: Salinity, Practical [PSU]
# name 3 = density00: Density [density, kg/m^3]
# name 4 = sbeox0V: Oxygen raw, SBE 43 [V]
# name 5 = sbeox0ML/L: Oxygen, SBE 43 [ml/l]
# name 6 = sbeox0PS: Oxygen, SBE 43 [% saturation]
# name 7 = sbox0dV/dT: Oxygen, SBE 43 [dov/dt]
# name 8 = oxsolML/L: Oxygen Saturation, Garcia & Gordon [ml/l]
# name 9 = oxsatML/L: Oxygen Saturation, Weiss [ml/l]
# name 10 = ph: pH
# name 11 = flECO-AFL: Fluorescence, WET Labs ECO-AFL/FL [mg/m^3]
# name 12 = n2satML/L: Nitrogen Saturation [ml/l]
# name 13 = c0S/m: Conductivity [S/m]
# name 14 = cpar: CPAR/Corrected Irradiance [%]
# name 15 = sigma-é00: Density [sigma-theta, kg/m^3]
# name 16 = sigma-t00: Density [sigma-t, kg/m^3 ]
# name 17 = par: PAR/Irradiance, Biospherical/Licor
# name 18 = prDM: Pressure, Digiquartz [db]
# name 19 = pumps: Pump Status
# name 20 = scan: Scan Count
# name 21 = svCM: Sound Velocity [Chen-Millero, m/s]
# name 22 = spar: SPAR, Biospherical/Licor
# name 23 = specc: Specific Conductance [uS/cm]
# name 24 = timeS: Time, Elapsed [seconds]
# name 25 = timeY: Time, System [seconds]
# name 26 = accM: Acceleration [m/s^2]
# name 27 = dz/dtM: Descent Rate [m/s]
# name 28 = latitude: Latitude [deg]
# name 29 = longitude: Longitude [deg]
# name 30 = flag: flag
# span 0 =      0.973,     61.528       
# span 1 =    14.4260,    18.6361       
# span 2 =    33.5652,    34.3423       
# span 3 =  1024.1518,  1025.6488       
# span 4 =     1.9116,     2.4845       
# span 5 =     4.0559,     5.2424       
# span 6 =     70.040,     96.974       
# span 7 =   -0.04286,    0.02173       
# span 8 =    5.33481,    5.79150       
# span 9 =    5.32607,    5.78737       
# span 10 =      8.345,      8.670      
# span 11 =     0.1309,     0.3953      
# span 12 =    9.78441,   10.54285      
# span 13 =   4.136463,   4.556806      
# span 14 = -4.962e+04, 1.1975e+05      
# span 15 =    24.1476,    25.3792      
# span 16 =    24.1474,    25.3773      
# span 17 = 1.0000e-12, 2.9894e-01      
# span 18 =      1.000,     62.000      
# span 19 =          1,          1      
# span 20 =        144,      16720      
# span 21 =    1504.77,    1517.38      
# span 22 = -7.417e-01, 5.7453e+00      
# span 23 =  51399.843,  52565.569      
# span 24 =      5.970,    696.605      
# span 25 = 1603247205, 1603247895      
# span 26 =      -0.52,       0.35      
# span 27 =     -0.832,      0.778      
# span 28 =   39.47905,   39.47992      
# span 29 =  -73.07410,  -73.07281      
# span 30 = 0.0000e+00, 0.0000e+00      
# interval = decibars: 1                
# start_time = Oct 21 2020 02:26:39 [System UTC, first data scan.]
# bad_flag = -9.990e-29
*END*
[from data line 47]
     48.613    17.0845    34.3423  1025.2054     2.2213     4.7219     83.575   -0.02143    5.64948    5.64384      8.544     0.1942   10.30569   4.421893 2.5163e-11    24.9913    24.9894 1.0000e-12     49.000          1       3356    1513.14 3.9495e+00  52565.569    139.797 1603247339       0.18      0.103   39.47926  -73.07308 0.0000e+00
     49.615    16.3770    34.2705  1025.3204     2.1569     4.4570     79.032   -0.04286    5.63948    5.63375      8.537     0.2056   10.28905   4.338130 2.5323e-11    25.1012    25.0994 1.0000e-12     50.000          1       3383    1510.93 3.9495e+00  52530.710    140.933 1603247340       0.27      0.655   39.47926  -73.07308 0.0000e+00
     50.608    15.7840    34.2338  1025.4328     2.1169     4.4447     78.501   -0.02127    5.66198    5.65648      8.537     0.2513   10.32674   4.280705 2.5583e-11    25.2087    25.2069 1.0000e-12     51.000          1       3436    1509.08 3.9495e+00  52537.256    143.139 1603247342      -0.13      0.457   39.47926  -73.07308 0.0000e+00
     51.593    15.3849    34.1730  1025.4803     2.0578     4.3600     76.256   -0.01212    5.71743    5.71251      8.529     0.1878   10.41919   4.236561 2.5964e-11    25.2515    25.2497 1.0000e-12     52.000          1       3545    1507.79 3.9495e+00  52494.174    147.647 1603247346       0.09      0.151   39.47926  -73.07308 0.0000e+00
     52.590    15.1406    34.1535  1025.5238     2.0295     4.2661     74.588   -0.01656    5.71957    5.71467      8.534     0.1970   10.42268   4.210689 2.6162e-11    25.2903    25.2886 1.0000e-12     53.000          1       3586    1507.01 3.9495e+00  52494.255    149.379 1603247348       0.35      0.579   39.47926  -73.07308 0.0000e+00
     53.585    15.0364    34.1542  1025.5517     2.0166     4.2569     74.391   -0.01018    5.72237    5.71751      8.537     0.2141   10.42737   4.201957 2.6408e-11    25.3137    25.3119 1.0000e-12     54.000          1       3623    1506.70 3.8680e+00  52506.939    150.898 1603247350      -0.11      0.691   39.47927  -73.07310 0.0000e+00
     54.576    15.0077    34.1507  1025.5597     2.0066     4.2578     74.299   -0.00444    5.73061    5.72583      8.537     0.2209   10.44112   4.199596 4.6236e+04    25.3173    25.3155 1.0000e-12     55.000          1       3683    1506.62 2.0108e+00  52505.760    153.435 1603247352      -0.08      0.406   39.47928  -73.07310 0.0000e+00
     55.560    14.8682    34.1312  1025.5796     1.9738     4.1819     72.300   -0.01105    5.78391    5.77970      8.509     0.1598   10.53011   4.184044 -6.308e+03    25.3326    25.3308 1.0000e-12     56.000          1       3802    1506.17 4.1977e+00  52494.890    158.355 1603247357       0.25      0.191   39.47928  -73.07311 0.0000e+00
     56.561    14.6139    34.0986  1025.6140     1.9466     4.0887     70.674   -0.01531    5.78527    5.78108      8.497     0.1736   10.53239   4.155524 -9.990e-29    25.3623    25.3605 1.0000e-12     57.000          1       3838    1505.34 3.9490e+00  52479.463    159.873 1603247359       0.03      0.555   39.47928  -73.07312 0.0000e+00
     57.551    14.4920    34.0831  1025.6327     1.9278     4.0748     70.421   -0.00573    5.78632    5.78213      8.456     0.1737   10.53416   4.143351 9.9999e+04    25.3764    25.3746 1.0000e-12     58.000          1       3914    1504.95 1.4572e+00  52472.645    163.058 1603247362      -0.07      0.295   39.47929  -73.07312 0.0000e+00
     58.539    14.4606    34.0751  1025.6377     1.9177     4.0684     70.247   -0.00137    5.79150    5.78737      8.423     0.1629   10.54285   4.140283 9.9999e+04    25.3770    25.3752 1.0000e-12     59.000          1       4032    1504.85 2.0935e+00  52465.888    167.967 1603247367       0.13      0.219   39.47930  -73.07312 0.0000e+00
     59.536    14.4335    34.0702  1025.6442     1.9140     4.0567     70.049   -0.00167    5.79124    5.78711 -9.990e-29     0.1657   10.54243   4.137300 6.7423e+03    25.3790    25.3772 1.0000e-12     60.000          1       4080    1504.78 3.7272e+00  52462.927    169.960 1603247369      -0.03      0.452   39.47930  -73.07314 0.0000e+00
     60.529    14.4260    34.0683  1025.6488     1.9124     4.0570     70.057   -0.00046    5.79106    5.78692      8.437     0.1515   10.54213   4.136662 7.6613e+04    25.3792    25.3773 1.0000e-12     61.000          1       4151    1504.77 8.5341e-01  52461.664    172.919 1603247372       0.05      0.374   39.47930  -73.07314 0.0000e+00
     61.528    14.4260    34.0621  1025.6485     1.9116     4.0559     70.040    0.00003    5.79087    5.78672      8.363     0.1361   10.54186   4.136463 -2.286e+04    25.3745    25.3725 1.0000e-12     62.000          1       5709    1504.78 4.7283e+00  52453.752    237.818 1603247436      -0.23      0.214   39.47940  -73.07326 0.0000e+00
     60.524    14.4317    34.0624  1025.6429     1.9127     4.0614     70.148    0.00086    5.78970    5.78555      8.388     0.1555   10.53993   4.137003 2.5788e-11    25.3734    25.3715 1.0000e-12     61.000          1       6372    1504.78 3.9433e+00  52452.833    265.450 1603247464      -0.46     -0.470   39.47944  -73.07332 0.0000e+00
     59.532    14.4407    34.0636  1025.6375     1.9146     4.0639     70.232    0.00082    5.78635    5.78216      8.389     0.1520   10.53432   4.137936 2.6267e-11    25.3724    25.3705 1.0000e-12     60.000          1       6481    1504.79 3.9495e+00  52452.893    269.990 1603247469       0.08     -0.473   39.47944  -73.07332 0.0000e+00
     58.545    14.4782    34.0701  1025.6301     1.9207     4.0784     70.596    0.00207    5.77709    5.77280      8.386     0.1603   10.51883   4.142489 2.5782e-11    25.3694    25.3676 1.0000e-12     59.000          1       6570    1504.91 3.9495e+00  52456.904    273.712 1603247472      -0.22     -0.269   39.47944  -73.07332 0.0000e+00
     57.550    14.5254    34.0776  1025.6213     1.9290     4.0952     71.091    0.00370    5.76049    5.75602      8.384     0.1512   10.49112   4.147939 2.5702e-11    25.3651    25.3633 1.0000e-12     58.000          1       6624    1505.05 3.9495e+00  52461.296    275.952 1603247475       0.06     -0.419   39.47946  -73.07332 0.0000e+00
     56.557    14.6727    34.0968  1025.5999     1.9497     4.1517     72.350    0.00780    5.73839    5.73368      8.386     0.1584   10.45428   4.164538 2.6268e-11    25.3483    25.3465 1.0000e-12     57.000          1       6690    1505.52 3.9495e+00  52470.149    278.700 1603247477       0.03     -0.364   39.47946  -73.07332 0.0000e+00
     55.569    14.9203    34.1218  1025.5610     1.9871     4.2499     74.364    0.01114    5.71492    5.70996      8.380     0.1803   10.41528   4.191473 2.6200e-11    25.3140    25.3122 1.0000e-12     56.000          1       6776    1506.33 3.9495e+00  52476.129    282.304 1603247481      -0.16     -0.259   39.47946  -73.07334 0.0000e+00
     54.575    14.9949    34.1252  1025.5429     2.0021     4.2652     74.858    0.00792    5.69775    5.69261      8.345     0.2031   10.38667   4.198829 6.2377e+04    25.3004    25.2986 1.0000e-12     55.000          1       6821    1506.55 8.1864e-01  52472.187    284.152 1603247483      -0.09     -0.523   39.47946  -73.07334 0.0000e+00
     53.580    15.1700    34.1340  1025.5067     2.0273     4.3295     76.177    0.00955    5.68361    5.67832      8.370     0.2064   10.36305   4.216861 3.0222e+04    25.2688    25.2670 1.0000e-12     54.000          1       6886    1507.10 2.5749e+00  52464.762    286.865 1603247485       0.08     -0.385   39.47946  -73.07334 0.0000e+00
     52.598    15.3891    34.1592  1025.4732     2.0740     4.4110     78.734    0.01568    5.60247    5.59635      8.468     0.2248   10.22754   4.241796 -1.118e+03    25.2399    25.2381 1.0000e-12     53.000          1       7005    1507.80 3.9994e+00  52475.278    291.830 1603247491      -0.52     -0.354   39.47946  -73.07334 0.0000e+00
     51.592    15.6464    34.1834  1025.4297     2.0995     4.4861     80.336    0.02173    5.58415    5.57785      8.465     0.1922   10.19702   4.269916 7.3280e+04    25.2011    25.1993 1.0000e-12     52.000          1       7028    1508.61 7.9216e-01  52482.477    292.793 1603247491      -0.23     -0.832   39.47946  -73.07334 0.0000e+00
     50.599    16.1609    34.2548  1025.3627     2.1564     4.6307     82.954    0.01913    5.58295    5.57663      8.471     0.2328   10.19513   4.328109 5.1634e+04    25.1390    25.1372 1.0000e-12     51.000          1       7445    1510.27 1.8930e+00  52529.750    310.176 1603247509       0.17     -0.540   39.47949  -73.07338 0.0000e+00
     49.612    17.0442    34.2706  1025.1641     2.2520     4.7507     87.334    0.01864    5.44033    5.43258      8.457     0.2016    9.95870   4.415474 2.7165e+03    24.9456    24.9436 1.0000e-12     50.000          1       9061    1512.95 3.8422e+00  52471.804    377.492 1603247576       0.04     -0.346   39.47958  -73.07349 0.0000e+00
     48.624    17.7077    34.2125  1024.9560     2.3157     4.8631     90.261    0.01727    5.38779    5.37955      8.465     0.1601    9.87165   4.474598 2.5249e-11    24.7423    24.7403 1.0000e-12     49.000          1       9229    1514.85 3.9495e+00  52338.386    384.519 1603247583      -0.08     -0.288   39.47960  -73.07350 0.0000e+00
     47.628    18.0230    34.2059  1024.8692     2.3426     4.8976     91.146    0.01041    5.37337    5.36500      8.471     0.1672    9.84773   4.504230 2.6257e-11    24.6602    24.6582 1.0000e-12     48.000          1       9293    1515.75 3.9495e+00  52305.678    387.171 1603247586       0.06     -0.336   39.47958  -73.07350 0.0000e+00
     46.640    18.2484    34.2005  1024.8051     2.3693     4.9332     92.226    0.00748    5.34900    5.34040      8.495     0.1920    9.80742   4.525030 2.6693e-11    24.6006    24.5986 1.0000e-12     47.000          1       9379    1516.39 3.9495e+00  52281.338    390.741 1603247589      -0.20     -0.298   39.47960  -73.07352 0.0000e+00
     45.644    18.4209    34.1937  1024.7525     2.3829     4.9620     92.812    0.00638    5.34627    5.33766      8.499     0.1714    9.80282   4.541073 3.1329e-11    24.5525    24.5506 1.0000e-12     46.000          1       9430    1516.86 2.7370e+00  52259.619    392.894 1603247592       0.07     -0.436   39.47960  -73.07352 0.0000e+00
     44.652    18.5115    34.1902  1024.7229     2.3924     4.9684     93.079    0.00326    5.33777    5.32907      8.499     0.1689    9.78886   4.548772 2.5336e-11    24.5273    24.5253 1.0000e-12     45.000          1       9489    1517.10 3.5769e+00  52248.054    395.348 1603247594      -0.12     -0.417   39.47960  -73.07352 0.0000e+00
     43.661    18.5814    34.1713  1024.6865     2.4106     5.0216     94.096    0.00590    5.33665    5.32792      8.481     0.1734    9.78764   4.553106 2.8772e-11    24.4953    24.4934 1.0000e-12     44.000          1       9569    1517.27 3.9873e+00  52217.315    398.683 1603247597       0.07     -0.256   39.47960  -73.07353 0.0000e+00
     42.672    18.6248    34.1161  1024.6290     2.4207     5.0393     94.367    0.00222    5.34009    5.33138      8.494     0.1620    9.79340   4.550249 3.0254e-11    24.4422    24.4403 1.0000e-12     43.000          1       9639    1517.31 3.9495e+00  52138.450    401.568 1603247600      -0.08     -0.420   39.47960  -73.07354 0.0000e+00
     41.672    18.6000    34.1088  1024.6253     2.4218     5.0382     94.362    0.00118    5.33919    5.33048      8.499     0.1309    9.79184   4.546641 2.6185e-11    24.4427    24.4409 1.0000e-12     42.000          1       9675    1517.22 3.9495e+00  52129.633    403.091 1603247602      -0.13     -0.622   39.47960  -73.07354 0.0000e+00
     40.680    18.5724    34.1057  1024.6255     2.4217     5.0492     94.299    0.00025    5.35441    5.34578      8.513     0.1793    9.81824   4.542740 2.6405e-11    24.4473    24.4455 1.0000e-12     41.000          1       9777    1517.12 3.7203e+00  52127.180    407.334 1603247606      -0.18     -0.431   39.47962  -73.07354 0.0000e+00
     39.689    18.4822    34.0166  1024.5756     2.4320     5.0952     95.072    0.00511    5.35926    5.35066      8.506     0.1851    9.82665   4.522957 2.6716e-11    24.4016    24.3999 1.0000e-12     40.000          1       9840    1516.74 3.9429e+00  52010.517    409.968 1603247609       0.05     -0.526   39.47962  -73.07354 0.0000e+00
     38.699    18.4435    33.9709  1024.5459     2.4375     5.0993     95.109    0.00123    5.36155    5.35297      8.502     0.1839    9.83061   4.514000 2.6409e-11    24.3762    24.3746 1.0000e-12     39.000          1       9919    1516.56 3.9495e+00  51950.516    413.235 1603247612       0.04     -0.282   39.47962  -73.07355 0.0000e+00
     37.713    18.4055    33.9460  1024.5319     2.4381     5.1039     95.054    0.00004    5.36952    5.36098      8.498     0.1831    9.84437   4.507503 2.8406e-11    24.3666    24.3650 1.0000e-12     38.000          1      10021    1516.41 3.8315e+00  51918.476    417.501 1603247616      -0.31     -0.260   39.47962  -73.07356 0.0000e+00
     36.714    18.4145    33.9536  1024.5311     2.4400     5.1162     95.185    0.00060    5.37498    5.36647      8.502     0.1894    9.85374   4.509110 6.0258e+04    24.3701    24.3685 1.0000e-12     37.000          1      10052    1516.42 1.2714e+00  51928.041    418.783 1603247617      -0.14     -0.667   39.47962  -73.07356 0.0000e+00
     35.717    18.3470    33.8968  1024.5000     2.4427     5.1196     95.365    0.00157    5.36837    5.35983      8.499     0.1903    9.84232   4.494862 9.9048e+04    24.3433    24.3418 1.0000e-12     36.000          1      10129    1516.15 3.0349e-02  51854.606    421.990 1603247621       0.00     -0.538   39.47962  -73.07357 0.0000e+00
     34.721    18.1990    33.7846  1024.4464     2.4558     5.1715     95.957    0.00050    5.38943    5.38102      8.491     0.2148    9.87857   4.467880 8.4208e+03    24.2940    24.2925 1.0000e-12     35.000          1      10817    1515.57 3.5089e+00  51710.604    450.654 1603247649      -0.05     -0.434   39.47966  -73.07362 0.0000e+00
     33.737    18.1889    33.7771  1024.4388     2.4572     5.1762     96.008    0.00063    5.39136    5.38296      8.501     0.2990    9.88205   4.466260 3.6119e+02    24.2907    24.2893 1.0000e-12     34.000          1      12064    1515.52 3.9330e+00  51700.634    502.617 1603247701       0.11     -0.411   39.47972  -73.07374 0.0000e+00
     32.748    18.1866    33.7667  1024.4270     2.4592     5.1815     96.079    0.00044    5.39292    5.38453      8.474     0.2680    9.88477   4.464751 2.7649e-11    24.2832    24.2819 1.0000e-12     33.000          1      12205    1515.48 3.9495e+00  51685.943    508.517 1603247707      -0.08     -0.179   39.47972  -73.07374 0.0000e+00
     31.754    18.1849    33.7654  1024.4220     2.4610     5.1890     96.189    0.00111    5.39465    5.38627      8.472     0.2674    9.88772   4.464304 2.7254e-11    24.2827    24.2813 1.0000e-12     32.000          1      12277    1515.46 3.9495e+00  51683.894    511.509 1603247710      -0.16     -0.480   39.47972  -73.07375 0.0000e+00
     30.760    18.1705    33.7546  1024.4129     2.4603     5.1840     96.071   -0.00031    5.39601    5.38764      8.475     0.2718    9.89007   4.461580 2.8704e-11    24.2779    24.2766 1.0000e-12     31.000          1      12332    1515.39 3.9495e+00  51669.620    513.777 1603247712       0.09     -0.423   39.47972  -73.07376 0.0000e+00
     29.771    18.1482    33.7385  1024.4017     2.4572     5.1742     95.887   -0.00063    5.39611    5.38774      8.475     0.2581    9.89024   4.457385 2.8059e-11    24.2710    24.2698 1.0000e-12     30.000          1      12427    1515.29 3.9495e+00  51648.706    517.769 1603247716      -0.05     -0.211   39.47974  -73.07376 0.0000e+00
