CalculateIndicators/WaterTemperature/Data/CTD_NYOS/20201029_C38.cnv
* Sea-Bird SBE 9 Data File:
* FileName = C:\Seabird 9 CTD\Data\2020\202010_offshore\20201029_C38.hex
* Software Version Seasave V 7.23.2
* Temperature SN = 4590
* Conductivity SN = 3228
* Number of Bytes Per Scan = 44
* Number of Voltage Words = 5
* Number of Scans Averaged by the Deck Unit = 1
* NMEA Latitude = 40 05.88 N
* NMEA Longitude = 071 34.02 W
* NMEA UTC (Time) = Oct 29 2020  07:48:29
* NMEA baud rate = 4800
** Ship: seawolf
** Station: 1.4
** Operator: sjw
# nquan = 31
# nvalues = 160                         
# units = specified
# name 0 = depSM: Depth [salt water, m]
# name 1 = t090C: Temperature [ITS-90, deg C]
# name 2 = sal00: Salinity, Practical [PSU]
# name 3 = density00: Density [density, kg/m^3]
# name 4 = sbeox0V: Oxygen raw, SBE 43 [V]
# name 5 = sbeox0ML/L: Oxygen, SBE 43 [ml/l]
# name 6 = sbeox0PS: Oxygen, SBE 43 [% saturation]
# name 7 = sbox0dV/dT: Oxygen, SBE 43 [dov/dt]
# name 8 = oxsolML/L: Oxygen Saturation, Garcia & Gordon [ml/l]
# name 9 = oxsatML/L: Oxygen Saturation, Weiss [ml/l]
# name 10 = ph: pH
# name 11 = flECO-AFL: Fluorescence, WET Labs ECO-AFL/FL [mg/m^3]
# name 12 = n2satML/L: Nitrogen Saturation [ml/l]
# name 13 = c0S/m: Conductivity [S/m]
# name 14 = cpar: CPAR/Corrected Irradiance [%]
# name 15 = sigma-é00: Density [sigma-theta, kg/m^3]
# name 16 = sigma-t00: Density [sigma-t, kg/m^3 ]
# name 17 = par: PAR/Irradiance, Biospherical/Licor
# name 18 = prDM: Pressure, Digiquartz [db]
# name 19 = pumps: Pump Status
# name 20 = scan: Scan Count
# name 21 = svCM: Sound Velocity [Chen-Millero, m/s]
# name 22 = spar: SPAR, Biospherical/Licor
# name 23 = specc: Specific Conductance [uS/cm]
# name 24 = timeS: Time, Elapsed [seconds]
# name 25 = timeY: Time, System [seconds]
# name 26 = accM: Acceleration [m/s^2]
# name 27 = dz/dtM: Descent Rate [m/s]
# name 28 = latitude: Latitude [deg]
# name 29 = longitude: Longitude [deg]
# name 30 = flag: flag
# span 0 =      1.967,     81.356       
# span 1 =    12.4486,    19.3802       
# span 2 =    33.6031,    34.7429       
# span 3 =  1024.3750,  1026.3218       
# span 4 =     1.8652,     2.4408       
# span 5 =     4.0308,     5.1248       
# span 6 =     68.029,     94.871       
# span 7 =   -0.04343,    0.03334       
# span 8 =    5.24992,    6.04574       
# span 9 =    5.24066,    6.04440       
# span 10 =      8.362,      8.556      
# span 11 =    -0.0172,     0.5284      
# span 12 =    9.63831,   10.96853      
# span 13 =   3.908646,   4.689024      
# span 14 = -3.068e+03, 1.0511e+05      
# span 15 =    24.3658,    25.9612      
# span 16 =    24.3657,    25.9587      
# span 17 = -1.719e-02, 2.2596e-02      
# span 18 =      2.000,     82.000      
# span 19 =          1,          1      
# span 20 =        370,      17259      
# span 21 =    1497.95,    1519.90      
# span 22 = -2.021e-01, 4.0007e+00      
# span 23 =  51775.248,  53436.395      
# span 24 =     15.376,    719.084      
# span 25 = 1603957725, 1603958429      
# span 26 =      -0.59,       0.43      
# span 27 =     -0.679,      0.733      
# span 28 =   40.09816,   40.09887      
# span 29 =  -71.56706,  -71.56660      
# span 30 = 0.0000e+00, 0.0000e+00      
# interval = decibars: 1                
# start_time = Oct 29 2020 07:48:30 [System UTC, first data scan.]
# bad_flag = -9.990e-29
*END*
[from data line 47]
     49.617    13.1250    33.7028  1025.5868     1.9144     4.1511     69.829   -0.00549    5.94464    5.94208      8.400     0.0173   10.80060   3.970912 2.7121e-11    25.3644    25.3631 1.0000e-12     50.000          1       3178    1499.90 -9.990e-29  52115.082    132.368 1603957842       0.42      0.733   40.09828  -71.56696 0.0000e+00
     50.603    13.2017    33.6994  1025.5732     1.9111     4.1758     69.881   -0.00307    5.97570    5.97349      8.387     0.0066   10.85255   3.978454 6.0273e+04    25.3465    25.3451 1.0000e-12     51.000          1       3250    1500.17 1.2616e+00  52100.743    135.383 1603957845      -0.06      0.369   40.09828  -71.56695 0.0000e+00
     51.591    12.9266    33.6643  1025.6055     1.8957     4.1325     68.823   -0.00762    6.00459    6.00271      8.384     0.0235   10.90073   3.948622 1.0115e+05    25.3741    25.3727 1.0000e-12     52.000          1       3320    1499.22 -3.665e-02  52090.093    138.312 1603957848       0.27      0.459   40.09828  -71.56694 0.0000e+00
     52.591    12.8191    33.6462  1025.6174     1.8899     4.1321     68.780   -0.00448    6.00772    6.00588      8.396     0.0148   10.90599   3.937577 9.9999e+04    25.3813    25.3799 1.0000e-12     53.000          1       3358    1498.86 0.0000e+00  52080.671    139.883 1603957850      -0.08      0.606   40.09828  -71.56694 0.0000e+00
     53.574    12.7642    33.6330  1025.6224     1.8839     4.1351     68.749   -0.00123    6.01479    6.01303      8.399     0.0130   10.91781   3.931684 5.7400e+04    25.3819    25.3805 1.0000e-12     54.000          1       3434    1498.67 1.2969e+00  52070.690    143.033 1603957853       0.08      0.217   40.09830  -71.56694 0.0000e+00
     54.570    12.7240    33.6259  1025.6293     1.8822     4.1316     68.682   -0.00102    6.01557    6.01382      8.402     0.0125   10.91912   3.927535 -3.181e+02    25.3843    25.3828 1.0000e-12     55.000          1       3479    1498.55 3.7747e+00  52067.113    144.907 1603957855       0.06      0.524   40.09830  -71.56694 0.0000e+00
     55.562    12.7010    33.6204  1025.6340     1.8803     4.1309     68.639   -0.00056    6.01828    6.01656      8.404     0.0136   10.92367   3.925133 2.8777e-11    25.3845    25.3830 1.0000e-12     56.000          1       3543    1498.48 3.9572e+00  52063.250    147.575 1603957858      -0.03      0.328   40.09830  -71.56694 0.0000e+00
     56.560    12.6868    33.6169  1025.6386     1.8791     4.1290     68.579   -0.00072    6.02082    6.01912      8.406     0.0177   10.92792   3.923664 2.9061e-11    25.3846    25.3831 1.0000e-12     57.000          1       3599    1498.45 -9.990e-29  52061.006    149.900 1603957860       0.13      0.529   40.09830  -71.56694 0.0000e+00
     57.540    12.6665    33.6127  1025.6438     1.8771     4.1243     68.484   -0.00080    6.02228    6.02060      8.408     0.0010   10.93036   3.921542 2.9696e-11    25.3854    25.3839 1.0000e-12     58.000          1       3657    1498.39 -9.990e-29  52058.763    152.325 1603957862      -0.03      0.364   40.09832  -71.56694 0.0000e+00
     58.541    12.6553    33.6102  1025.6486     1.8754     4.1203     68.403   -0.00089    6.02364    6.02197 -9.990e-29     0.0139   10.93262   3.920352 3.0576e-11    25.3856    25.3841 1.0000e-12     59.000          1       3705    1498.36 3.6392e+00  52057.387    154.318 1603957864      -0.02      0.454   40.09832  -71.56694 0.0000e+00
     59.530    12.6420    33.6078  1025.6538     1.8728     4.1132     68.266   -0.00116    6.02525    6.02361 -9.990e-29     0.0189   10.93527   3.918996 4.6754e+04    25.3864    25.3848 1.0000e-12     60.000          1       3779    1498.33 1.5451e+00  52056.576    157.406 1603957867       0.21      0.344   40.09832  -71.56694 0.0000e+00
     60.521    12.6254    33.6095  1025.6628     1.8710     4.1082     68.188   -0.00102    6.02481    6.02316      8.403     0.0126   10.93453   3.917774 1.0215e+05    25.3909    25.3894 1.0000e-12     61.000          1       3824    1498.30 -6.229e-02  52061.884    159.303 1603957869       0.06      0.519   40.09832  -71.56694 0.0000e+00
     61.516    12.6298    33.6119  1025.6683     1.8697     4.1076     68.181   -0.00047    6.02452    6.02287      8.406     0.0091   10.93401   3.918592 9.9999e+04    25.3919    25.3903 1.0000e-12     62.000          1       3886    1498.33 0.0000e+00  52065.132    161.871 1603957872       0.15      0.365   40.09833  -71.56694 0.0000e+00
     62.514    12.6353    33.6154  1025.6745     1.8690     4.1078     68.169   -0.00032    6.02584    6.02421      8.408     0.0155   10.93620   3.919538 2.0724e+04    25.3937    25.3920 1.0000e-12     63.000          1       3940    1498.37 2.7657e+00  52069.871    164.106 1603957874       0.31      0.622   40.09834  -71.56694 0.0000e+00
     63.494    12.6253    33.6159  1025.6813     1.8693     4.1157     68.233    0.00013    6.03184    6.03029      8.406     0.0053   10.94611   3.918644 -3.068e+03    25.3960    25.3944 1.0000e-12     64.000          1       4003    1498.35 3.8622e+00  52072.561    166.770 1603957877      -0.20      0.325   40.09834  -71.56694 0.0000e+00
     64.494    12.5875    33.6175  1025.6944     1.8701     4.1195     68.291    0.00029    6.03224    6.03070      8.410     0.0121   10.94667   3.915247 2.9603e-11    25.4046    25.4029 1.0000e-12     65.000          1       4057    1498.24 3.8436e+00  52080.802    169.012 1603957879      -0.01      0.426   40.09834  -71.56694 0.0000e+00
     65.478    12.5656    33.6260  1025.7097     1.8692     4.1143     68.187   -0.00069    6.03384    6.03233      8.425     0.0026   10.94907   3.914239 3.0162e-11    25.4155    25.4138 1.0000e-12     66.000          1       4135    1498.20 3.5545e+00  52096.412    172.251 1603957882       0.31      0.289   40.09834  -71.56694 0.0000e+00
     66.480    12.5569    33.6379  1025.7251     1.8680     4.1102     68.120   -0.00086    6.03378    6.03227      8.426     0.0211   10.94893   3.914732 3.0866e-11    25.4264    25.4247 1.0000e-12     67.000          1       4169    1498.20 3.5170e+00  52114.734    173.679 1603957884       0.05      0.642   40.09834  -71.56694 0.0000e+00
     67.467    12.5469    33.6511  1025.7417     1.8675     4.1135     68.161   -0.00013    6.03498    6.03349      8.424     0.0195   10.95083   3.915224 3.2832e-11    25.4386    25.4368 1.0000e-12     68.000          1       4228    1498.20 3.3636e+00  52135.044    176.121 1603957886      -0.08      0.384   40.09834  -71.56694 0.0000e+00
     68.454    12.5416    33.6602  1025.7544     1.8672     4.1212     68.168   -0.00019    6.04574    6.04440      8.417     0.0092   10.96853   3.915674 3.2349e-11    25.4468    25.4450 1.0000e-12     69.000          1       4301    1498.20 3.4013e+00  52149.200    179.168 1603957889      -0.00      0.291   40.09834  -71.56694 0.0000e+00
     69.459    12.4733    33.6673  1025.7777     1.8656     4.1122     68.029   -0.00096    6.04468    6.04333      8.413    -0.0046   10.96679   3.909732 2.5927e-11    25.4654    25.4637 1.0000e-12     70.000          1       4335    1498.00 3.9021e+00  52169.537    180.578 1603957891       0.33      0.659   40.09835  -71.56694 0.0000e+00
     70.443    12.4538    33.6708  1025.7887     1.8652     4.1152     68.097    0.00009    6.04308    6.04173      8.434    -0.0013   10.96377   3.908646 8.7904e+04    25.4720    25.4702 1.0000e-12     71.000          1       4407    1497.95 4.0101e-01  52177.954    183.597 1603957894       0.01      0.291   40.09836  -71.56694 0.0000e+00
     71.431    12.4486    33.6832  1025.8037     1.8701     4.1283     68.515    0.00238    6.02541    6.02391      8.453     0.0007   10.93345   3.909656 1.0210e+05    25.4826    25.4808 1.0000e-12     72.000          1       4471    1497.97 -7.559e-02  52196.369    186.235 1603957896      -0.02      0.410   40.09836  -71.56694 0.0000e+00
     72.431    12.5229    33.7602  1025.8534     1.8735     4.1199     68.620    0.00176    6.00402    6.00230      8.455     0.0042   10.89717   3.925244 2.4128e+04    25.5280    25.5261 1.0000e-12     73.000          1       4514    1498.33 0.0000e+00  52293.181    188.043 1603957898      -0.06      0.531   40.09836  -71.56694 0.0000e+00
     73.414    12.6687    33.8481  1025.8973     1.8816     4.1231     69.127    0.00350    5.96456    5.96247      8.459     0.0062   10.83011   3.949154 -1.211e+03    25.5677    25.5658 1.0000e-12     74.000          1       4580    1498.94 -9.990e-29  52394.345    190.784 1603957901       0.14      0.285   40.09836  -71.56694 0.0000e+00
     74.412    12.9064    33.9735  1025.9519     1.8913     4.1420     69.663    0.00446    5.94573    5.94347      8.467     0.0257   10.79774   3.985099 2.8809e-11    25.6182    25.6162 1.0000e-12     75.000          1       4631    1499.90 3.9495e+00  52534.907    192.929 1603957903      -0.09      0.431   40.09836  -71.56694 0.0000e+00
     75.406    13.0951    34.1145  1026.0277     1.9006     4.1558     70.050    0.00348    5.93260    5.93024      8.469     0.0022   10.77523   4.017678 2.7476e-11    25.6900    25.6879 1.0000e-12     76.000          1       4690    1500.72 3.9495e+00  52704.437    195.393 1603957905       0.13      0.438   40.09836  -71.56694 0.0000e+00
     76.386    13.1797    34.1835  1026.0684     1.9121     4.1718     70.661    0.00424    5.90392    5.90129      8.475    -0.0027   10.72639   4.032591 2.8614e-11    25.7265    25.7243 1.0000e-12     77.000          1       4760    1501.09 3.9495e+00  52788.669    198.307 1603957908      -0.08      0.277   40.09836  -71.56694 0.0000e+00
     77.394    13.3143    34.2704  1026.1128     1.9157     4.1792     70.759    0.00311    5.90635    5.90373      8.473 -9.990e-29   10.73054   4.055294 2.6150e-11    25.7666    25.7644 1.0000e-12     78.000          1       4792    1501.66 3.9027e+00  52891.103    199.640 1603957910       0.13      0.678   40.09836  -71.56694 0.0000e+00
     78.380    13.4084    34.3197  1026.1361     1.9224     4.1515     71.010    0.00270    5.84650    5.84333      8.462     0.0009   10.62876   4.069170 3.5071e+04    25.7857    25.7834 1.0000e-12     79.000          1       4860    1502.05 2.4234e+00  52946.997    202.449 1603957912      -0.11      0.360   40.09836  -71.56694 0.0000e+00
     79.366    13.8707    34.5819  1026.2472     1.9199     4.0842     70.408   -0.00369    5.80086    5.79726      8.476    -0.0172   10.55111   4.144808 1.0511e+05    25.8932    25.8908 1.0000e-12     80.000          1       4940    1503.89 -1.903e-01  53248.489    205.781 1603957916       0.19      0.279   40.09837  -71.56694 0.0000e+00
     80.366    14.0927    34.7046  1026.2998     1.9059     4.0329     69.520   -0.00646    5.80103    5.79744      8.474     0.0003   10.55137   4.176966 9.9999e+04    25.9417    25.9393 1.0000e-12     81.000          1       4983    1504.77 0.0000e+00  53389.868    207.602 1603957918      -0.05      0.505   40.09838  -71.56692 0.0000e+00
     81.356    14.1336    34.7386  1026.3218     1.8946     4.0308     69.529    0.00151    5.79732    5.79369      8.443    -0.0052   10.54503   4.182582 3.7940e+03    25.9595    25.9570 1.0000e-12     82.000          1       5623    1504.96 3.7997e+00  53431.931    234.239 1603957944      -0.03     -0.095   40.09839  -71.56691 0.0000e+00
     80.361    14.1409    34.7429  1026.3191     1.8936     4.0562     69.443    0.00068    5.84099    5.83776      8.416     0.0034   10.61934   4.182982 1.6710e+04    25.9612    25.9587 1.0000e-12     81.000          1       6489    1504.97 2.8393e+00  53436.395    270.350 1603957980      -0.27     -0.427   40.09842  -71.56690 0.0000e+00
     79.370    13.8748    34.5931  1026.2551     1.9053     4.1378     70.316    0.00434    5.88455    5.88176      8.413    -0.0045   10.69313   4.139376 -7.888e+02    25.9011    25.8987 1.0000e-12     80.000          1       6554    1503.91 4.0007e+00  53263.519    273.060 1603957983       0.09     -0.351   40.09842  -71.56690 0.0000e+00
     78.381    13.5315    34.4215  1026.1896     1.9138     4.1770     70.574    0.00189    5.91864    5.91616      8.409     0.0108   10.75115   4.088217 3.4680e-11    25.8394    25.8371 1.0000e-12     79.000          1       6626    1502.57 3.3106e+00  53070.904    276.033 1603957986      -0.05     -0.361   40.09842  -71.56689 0.0000e+00
     77.387    13.3154    34.2990  1026.1347     1.9141     4.1781     70.471    0.00027    5.92886    5.92647      8.407    -0.0101   10.76868   4.054520 2.8959e-11    25.7885    25.7863 1.0000e-12     78.000          1       6691    1501.70 3.6427e+00  52930.492    278.752 1603957989       0.05     -0.341   40.09842  -71.56688 0.0000e+00
     76.396    13.2280    34.2361  1026.0993     1.9120     4.1754     70.268   -0.00106    5.94212    5.93984      8.405 -9.990e-29   10.79148   4.039850 3.0465e-11    25.7574    25.7553 1.0000e-12     77.000          1       6756    1501.32 -9.990e-29  52854.747    281.461 1603957991      -0.09     -0.411   40.09842  -71.56688 0.0000e+00
     75.401    13.1625    34.1772  1026.0625     1.9077     4.1668     69.991   -0.00194    5.95330    5.95111      8.408    -0.0092   10.81065   4.027507 3.0146e-11    25.7249    25.7229 1.0000e-12     76.000          1       6810    1501.01 3.5167e+00  52781.636    283.690 1603957994       0.05     -0.442   40.09842  -71.56688 0.0000e+00
     74.421    13.0596    34.0902  1026.0116     1.8961     4.1540     69.272   -0.00420    5.99662    5.99484      8.399    -0.0040   10.88459   4.008333 3.0905e-11    25.6782    25.6762 1.0000e-12     75.000          1       6896    1500.55 3.5134e+00  52675.392    287.300 1603957997      -0.24     -0.174   40.09843  -71.56688 0.0000e+00
     73.416    12.9020    33.9793  1025.9528     1.8869     4.1358     68.742   -0.00534    6.01657    6.01499      8.398    -0.0040   10.91837   3.981236 3.0271e-11    25.6236    25.6216 1.0000e-12     74.000          1       6932    1499.88 -9.990e-29  52542.814    288.773 1603957999       0.06     -0.542   40.09844  -71.56688 0.0000e+00
     72.432    12.6599    33.8647  1025.9075     1.8761     4.1264     68.346   -0.00360    6.03758    6.03618      8.394     0.0133   10.95431   3.945971 2.6635e-11    25.5823    25.5804 1.0000e-12     73.000          1       6996    1498.91 3.9495e+00  52418.393    291.454 1603958001      -0.13     -0.289   40.09844  -71.56688 0.0000e+00
     71.434    12.5229    33.7637  1025.8516     1.8754     4.1408     68.524   -0.00077    6.04286    6.04150      8.390     0.0085   10.96361   3.923278 3.1867e-11    25.5306    25.5288 1.0000e-12     72.000          1       7042    1498.31 3.4439e+00  52297.147    293.390 1603958003       0.06     -0.494   40.09844  -71.56688 0.0000e+00
     70.442    12.4717    33.6950  1025.8039     1.8698     4.1164     68.130   -0.00222    6.04197    6.04059      8.382     0.0067   10.96219   3.911750 5.1028e+04    25.4872    25.4854 1.0000e-12     71.000          1       7103    1498.04 1.6581e+00  52208.941    295.929 1603958006       0.02     -0.390   40.09844  -71.56688 0.0000e+00
     69.460    12.4704    33.6784  1025.7868     1.8668     4.1120     68.108   -0.00029    6.03749    6.03605      8.381     0.0164   10.95487   3.910607 1.0471e+05    25.4746    25.4728 1.0000e-12     70.000          1       7179    1498.00 -1.590e-01  52185.439    299.096 1603958009      -0.30     -0.234   40.09846  -71.56688 0.0000e+00
     68.456    12.4914    33.6797  1025.7792     1.8685     4.1188     68.254    0.00064    6.03450    6.03301      8.390     0.0044   10.95006   3.912765 9.9999e+04    25.4715    25.4698 1.0000e-12     69.000          1       7214    1498.06 0.0000e+00  52183.477    300.533 1603958011       0.03     -0.608   40.09846  -71.56688 0.0000e+00
