CalculateIndicators/WaterTemperature/Data/CTD_NYOS/20201022_C20.cnv
* Sea-Bird SBE 9 Data File:
* FileName = C:\Seabird 9 CTD\Data\2020\202010_offshore\20201022_C20.hex
* Software Version Seasave V 7.23.2
* Temperature SN = 4590
* Conductivity SN = 3228
* Number of Bytes Per Scan = 44
* Number of Voltage Words = 5
* Number of Scans Averaged by the Deck Unit = 1
* NMEA Latitude = 39 01.16 N
* NMEA Longitude = 072 33.19 W
* NMEA UTC (Time) = Oct 22 2020  06:37:04
* NMEA baud rate = 4800
** Ship: seawolf
** Station: 5.6
** Operator: EIH
# nquan = 31
# nvalues = 605                         
# units = specified
# name 0 = depSM: Depth [salt water, m]
# name 1 = t090C: Temperature [ITS-90, deg C]
# name 2 = sal00: Salinity, Practical [PSU]
# name 3 = density00: Density [density, kg/m^3]
# name 4 = sbeox0V: Oxygen raw, SBE 43 [V]
# name 5 = sbeox0ML/L: Oxygen, SBE 43 [ml/l]
# name 6 = sbeox0PS: Oxygen, SBE 43 [% saturation]
# name 7 = sbox0dV/dT: Oxygen, SBE 43 [dov/dt]
# name 8 = oxsolML/L: Oxygen Saturation, Garcia & Gordon [ml/l]
# name 9 = oxsatML/L: Oxygen Saturation, Weiss [ml/l]
# name 10 = ph: pH
# name 11 = flECO-AFL: Fluorescence, WET Labs ECO-AFL/FL [mg/m^3]
# name 12 = n2satML/L: Nitrogen Saturation [ml/l]
# name 13 = c0S/m: Conductivity [S/m]
# name 14 = cpar: CPAR/Corrected Irradiance [%]
# name 15 = sigma-é00: Density [sigma-theta, kg/m^3]
# name 16 = sigma-t00: Density [sigma-t, kg/m^3 ]
# name 17 = par: PAR/Irradiance, Biospherical/Licor
# name 18 = prDM: Pressure, Digiquartz [db]
# name 19 = pumps: Pump Status
# name 20 = scan: Scan Count
# name 21 = svCM: Sound Velocity [Chen-Millero, m/s]
# name 22 = spar: SPAR, Biospherical/Licor
# name 23 = specc: Specific Conductance [uS/cm]
# name 24 = timeS: Time, Elapsed [seconds]
# name 25 = timeY: Time, System [seconds]
# name 26 = accM: Acceleration [m/s^2]
# name 27 = dz/dtM: Descent Rate [m/s]
# name 28 = latitude: Latitude [deg]
# name 29 = longitude: Longitude [deg]
# name 30 = flag: flag
# span 0 =      0.950,    301.489       
# span 1 =     9.5968,    21.4702       
# span 2 =    34.6635,    35.9020       
# span 3 =  1024.4679,  1028.5808       
# span 4 =     1.3888,     2.4780       
# span 5 =     2.8937,     5.1381       
# span 6 =     46.076,     96.263       
# span 7 =   -0.02903,    0.04470       
# span 8 =    5.03378,    6.36010       
# span 9 =    5.02316,    6.36443       
# span 10 =      8.282,      8.723      
# span 11 =    -0.0883,     0.5421      
# span 12 =    9.27385,   11.47043      
# span 13 =   3.807793,   4.967865      
# span 14 = -1.007e+04, 1.0823e+05      
# span 15 =    24.4550,    27.2144      
# span 16 =    24.4548,    27.2086      
# span 17 = -1.127e-04, 5.2218e-01      
# span 18 =      1.000,    304.000      
# span 19 =          1,          1      
# span 20 =        181,      42960      
# span 21 =    1493.65,    1525.90      
# span 22 = -2.305e-01, 4.0559e+00      
# span 23 =  53079.339,  55028.382      
# span 24 =      7.479,   1789.967      
# span 25 = 1603348632, 1603350414      
# span 26 =      -0.50,       0.62      
# span 27 =     -1.082,      1.107      
# span 28 =   39.01940,   39.01946      
# span 29 =  -72.55330,  -72.55318      
# span 30 = 0.0000e+00, 0.0000e+00      
# interval = decibars: 1                
# start_time = Oct 22 2020 06:37:04 [System UTC, first data scan.]
# bad_flag = -9.990e-29
*END*
[from data line 468]
    135.917    14.6528    35.8629  1027.3210     1.6462     3.3142     57.991    0.00627    5.71490    5.71097      8.323    -0.0576   10.39701   4.357310 4.2462e-11    26.7183    26.7139 1.0000e-12    137.000          1      27532    1508.85 2.6125e+00  54941.054   1147.122 1603349772       0.06     -0.444   39.01942  -72.55326 0.0000e+00
    134.927    14.5658    35.8225  1027.3045     1.6832     3.4648     60.452    0.01501    5.73151    5.72773      8.329    -0.0594   10.42510   4.343868 4.2007e-11    26.7060    26.7016 1.0000e-12    136.000          1      27595    1508.51 2.6480e+00  54896.062   1149.736 1603349774       0.03     -0.368   39.01942  -72.55326 0.0000e+00
    133.931    14.4586    35.7759  1027.2876     1.7210     3.5878     62.551    0.01818    5.73592    5.73220      8.335    -0.0607   10.43243   4.327546 4.5453e-11    26.6931    26.6888 1.0000e-12    135.000          1      27645    1508.10 2.3793e+00  54844.952   1151.851 1603349776      -0.13     -0.498   39.01942  -72.55326 0.0000e+00
    132.944    14.3876    35.7513  1027.2797     1.7468     3.6256     63.082    0.00768    5.74744    5.74383      8.328    -0.0549   10.45201   4.318427 3.2716e-11    26.6894    26.6851 1.0000e-12    134.000          1      27710    1507.82 3.3727e+00  54819.533   1154.542 1603349779       0.09     -0.340   39.01942  -72.55327 0.0000e+00
    131.949    14.3087    35.7153  1027.2646     1.7709     3.7205     64.668    0.01319    5.75325    5.74969      8.336    -0.0619   10.46191   4.305481 3.0106e+04    26.6785    26.6743 1.0000e-12    133.000          1      27763    1507.51 2.4666e+00  54779.552   1156.740 1603349781      -0.12     -0.500   39.01942  -72.55328 0.0000e+00
    130.959    14.2743    35.6911  1027.2489     1.7925     3.7676     65.420    0.00886    5.75904    5.75554      8.343    -0.0672   10.47183   4.300443 9.0330e+04    26.6671    26.6630 1.0000e-12    132.000          1      27822    1507.36 1.6801e-01  54750.329   1159.205 1603349784       0.09     -0.384   39.01942  -72.55326 0.0000e+00
    129.967    14.2280    35.6593  1027.2300     1.8208     3.8665     67.104    0.01286    5.76194    5.75845      8.349    -0.0573   10.47677   4.292192 -6.559e+02    26.6524    26.6483 1.0000e-12    131.000          1      27877    1507.15 2.2976e+00  54712.261   1161.496 1603349786      -0.18     -0.470   39.01942  -72.55328 0.0000e+00
    128.973    14.2083    35.6473  1027.2206     1.8336     3.8834     67.343    0.00743    5.76658    5.76314      8.350    -0.0548   10.48470   4.289084 3.8787e-11    26.6473    26.6433 1.0000e-12    130.000          1      27921    1507.06 2.8992e+00  54697.757   1163.325 1603349788       0.06     -0.548   39.01942  -72.55328 0.0000e+00
    127.984    14.1704    35.6241  1027.2064     1.8513     3.9383     68.286    0.00843    5.76738    5.76395 -9.990e-29    -0.0669   10.48610   4.282592 3.3171e-11    26.6374    26.6334 1.0000e-12    129.000          1      27974    1506.89 3.3372e+00  54670.170   1165.543 1603349790      -0.05     -0.434   39.01942  -72.55328 0.0000e+00
    126.990    14.1590    35.6105  1027.1939     1.8627     3.9605     68.627    0.00546    5.77099    5.76759      8.351    -0.0620   10.49223   4.280341 4.1511e-11    26.6293    26.6253 1.0000e-12    128.000          1      28023    1506.82 2.6867e+00  54652.390   1167.579 1603349792       0.04     -0.491   39.01942  -72.55327 0.0000e+00
    126.006    14.1434    35.6025  1027.1867     1.8745     3.9977     69.181    0.00505    5.77865    5.77532      8.360    -0.0652   10.50526   4.277750 3.9545e-11    26.6265    26.6225 1.0000e-12    127.000          1      28081    1506.75 2.8400e+00  54643.021   1169.991 1603349794      -0.07     -0.380   39.01942  -72.55328 0.0000e+00
    125.005    14.1172    35.5877  1027.1764     1.8868     4.0461     70.009    0.00812    5.77943    5.77611      8.355    -0.0883   10.50658   4.273340 3.3890e-11    26.6205    26.6166 1.0000e-12    126.000          1      28112    1506.63 3.2811e+00  54625.420   1171.287 1603349796      -0.27     -0.684   39.01942  -72.55328 0.0000e+00
    124.014    14.0776    35.5637  1027.1619     1.9028     4.0884     70.729    0.00720    5.78032    5.77701      8.363    -0.0519   10.50814   4.266967 3.5865e-11    26.6104    26.6065 1.0000e-12    125.000          1      28173    1506.46 3.1270e+00  54597.156   1173.825 1603349798       0.03     -0.499   39.01942  -72.55328 0.0000e+00
    123.028    14.0641    35.5548  1027.1535     1.9150     4.1039     70.972    0.00246    5.78239    5.77909      8.358    -0.0568   10.51176   4.264876 4.2671e-11    26.6063    26.6025 1.0000e-12    124.000          1      28255    1506.39 2.5962e+00  54586.064   1177.270 1603349802      -0.45     -0.459   39.01942  -72.55328 0.0000e+00
    122.026    14.0598    35.5452  1027.1425     1.9189     4.1173     71.213    0.00319    5.78173    5.77842      8.359    -0.0653   10.51067   4.263278 4.4498e-11    26.5998    26.5960 1.0000e-12    123.000          1      28284    1506.35 2.4339e+00  54572.787   1178.444 1603349803      -0.05     -0.797   39.01942  -72.55328 0.0000e+00
    121.042    14.0522    35.5359  1027.1326     1.9246     4.1306     71.464    0.00294    5.77994    5.77661      8.362    -0.0483   10.50774   4.261622 4.7006e-11    26.5941    26.5904 1.0000e-12    122.000          1      28330    1506.29 -9.990e-29  54560.517   1180.394 1603349805       0.15     -0.512   39.01942  -72.55328 0.0000e+00
    120.046    14.0678    35.5323  1027.1220     1.9263     4.1268     71.404    0.00097    5.77958    5.77624      8.373    -0.0538   10.50711   4.262848 4.6651e-11    26.5880    26.5843 1.0000e-12    121.000          1      28375    1506.32 -9.990e-29  54552.944   1182.244 1603349807      -0.08     -0.550   39.01942  -72.55328 0.0000e+00
    119.057    14.0871    35.5349  1027.1154     1.9264     4.1085     71.302   -0.00016    5.76219    5.75865      8.350    -0.0498   10.47816   4.265236 3.9728e-11    26.5859    26.5822 1.0000e-12    120.000          1      28452    1506.37 2.8102e+00  54553.404   1185.477 1603349810       0.06     -0.253   39.01942  -72.55328 0.0000e+00
    118.067    14.2332    35.5528  1027.0935     1.9183     4.0649     70.586   -0.00424    5.75884    5.75527      8.344    -0.0370   10.47264   4.282066 4.5060e-11    26.5687    26.5649 1.0000e-12    119.000          1      28516    1506.85 2.4095e+00  54558.567   1188.139 1603349813      -0.14     -0.468   39.01942  -72.55328 0.0000e+00
    117.076    14.2612    35.5524  1027.0827     1.9148     4.0676     70.545   -0.00235    5.76591    5.76240      8.369    -0.0363   10.48458   4.284803 3.9473e-11    26.5623    26.5586 1.0000e-12    118.000          1      28553    1506.92 2.8456e+00  54554.105   1189.665 1603349814      -0.12     -0.621   39.01943  -72.55328 0.0000e+00
    116.077    14.2573    35.5482  1027.0758     1.9186     4.0916     70.983    0.00117    5.76424    5.76071      8.372    -0.0428   10.48186   4.282942 4.4948e-11    26.5599    26.5562 1.0000e-12    117.000          1      28583    1506.89 2.4186e+00  54548.265   1190.924 1603349815      -0.06     -0.776   39.01944  -72.55328 0.0000e+00
    115.087    14.2390    35.5284  1027.0600     1.9292     4.1168     71.619    0.00305    5.74817    5.74445      8.365    -0.0317   10.45513   4.279472 4.0404e-11    26.5484    26.5448 1.0000e-12    116.000          1      28647    1506.79 2.7730e+00  54522.698   1193.588 1603349818       0.12     -0.384   39.01944  -72.55328 0.0000e+00
    114.103    14.3932    35.5302  1027.0236     1.9283     4.0760     71.157   -0.00231    5.72823    5.72430      8.327    -0.0210   10.42178   4.295616 4.7460e-11    26.5167    26.5131 1.0000e-12    115.000          1      28744    1507.27 2.2227e+00  54505.089   1197.628 1603349822      -0.17     -0.277   39.01944  -72.55328 0.0000e+00
    113.107    14.4587    35.5540  1027.0233     1.9231     4.0571     70.825   -0.00325    5.72837    5.72444      8.340     0.0031   10.42198   4.304458 4.2305e-11    26.5210    26.5174 1.0000e-12    114.000          1      28777    1507.49 2.6247e+00  54529.169   1198.982 1603349823      -0.24     -0.622   39.01944  -72.55328 0.0000e+00
    112.110    14.4984    35.5601  1027.0149     1.9199     4.0472     70.702   -0.00261    5.72428    5.72030      8.346    -0.0052   10.41522   4.309106 3.5826e-11    26.5172    26.5135 1.0000e-12    113.000          1      28806    1507.61 3.1301e+00  54531.957   1200.229 1603349825      -0.04     -0.797   39.01944  -72.55328 0.0000e+00
    111.119    14.5192    35.5647  1027.0095     1.9160     4.0368     70.538   -0.00217    5.72284    5.71884      8.356    -0.0127   10.41291   4.311360 2.0428e+04    26.5162    26.5126 1.0000e-12    112.000          1      28851    1507.66 1.8711e+00  54535.084   1202.078 1603349827       0.17     -0.570   39.01944  -72.55328 0.0000e+00
    110.131    14.5619    35.5581  1026.9907     1.9135     4.0329     70.530   -0.00025    5.71797    5.71390      8.344    -0.0275   10.40491   4.314607 5.5708e+04    26.5018    26.4983 1.0000e-12    111.000          1      28934    1507.77 9.9849e-01  54520.330   1205.529 1603349830       0.02     -0.232   39.01944  -72.55328 0.0000e+00
    109.139    14.5734    35.5526  1026.9795     1.9169     4.0408     70.803    0.00159    5.70706    5.70286      8.345    -0.0054   10.38687   4.315277 -8.876e+02    26.4950    26.4915 1.0000e-12    110.000          1      28998    1507.79 2.0905e+00  54510.679   1208.191 1603349833      -0.21     -0.460   39.01944  -72.55328 0.0000e+00
    108.146    14.6797    35.5495  1026.9494     1.9200     4.0507     70.966    0.00183    5.70792    5.70373      8.349     0.0189   10.38836   4.325839 4.4281e-11    26.4695    26.4660 1.0000e-12    109.000          1      29037    1508.11 2.4707e+00  54493.019   1209.822 1603349834      -0.00     -0.608   39.01944  -72.55328 0.0000e+00
    107.151    14.6948    35.5469  1026.9397     1.9210     4.0496     70.938    0.00075    5.70858    5.70440      8.354    -0.0039   10.38949   4.326473 3.7582e-11    26.4643    26.4608 1.0000e-12    108.000          1      29081    1508.14 2.9931e+00  54487.204   1211.681 1603349836       0.08     -0.548   39.01944  -72.55328 0.0000e+00
    106.163    14.6914    35.5403  1026.9309     1.9227     4.0527     71.003    0.00071    5.70776    5.70356      8.352     0.0074   10.38821   4.325252 4.1951e-11    26.4598    26.4563 1.0000e-12    107.000          1      29149    1508.10 2.6524e+00  54477.903   1214.498 1603349839       0.02     -0.326   39.01944  -72.55328 0.0000e+00
    105.174    14.6944    35.5353  1026.9220     1.9230     4.0480     70.947   -0.00016    5.70566    5.70144      8.354     0.0183   10.38474   4.324898 4.9333e-11    26.4553    26.4518 1.0000e-12    106.000          1      29204    1508.09 2.0767e+00  54470.151   1216.809 1603349841      -0.14     -0.446   39.01944  -72.55328 0.0000e+00
    104.175    14.7072    35.5293  1026.9100     1.9239     4.0517     71.029    0.00044    5.70433    5.70009      8.355    -0.0059   10.38253   4.325562 3.7302e-11    26.4478    26.4444 1.0000e-12    105.000          1      29238    1508.10 3.0149e+00  54459.705   1218.208 1603349843      -0.12     -0.676   39.01942  -72.55328 0.0000e+00
    103.188    14.7267    35.5320  1026.9035     1.9260     4.0630     71.137    0.00064    5.71160    5.70742      8.353     0.0128   10.39508   4.327660 4.1439e-11    26.4457    26.4423 1.0000e-12    104.000          1      29313    1508.15 2.6923e+00  54460.697   1221.329 1603349846      -0.02     -0.299   39.01943  -72.55328 0.0000e+00
    102.194    14.7286    35.5289  1026.8962     1.9307     4.0900     71.461    0.00201    5.72340    5.71931      8.336     0.0171   10.41537   4.327107 4.5694e-11    26.4429    26.4395 1.0000e-12    103.000          1      29370    1508.14 2.3604e+00  54455.832   1223.715 1603349848      -0.29     -0.569   39.01943  -72.55328 0.0000e+00
    101.201    14.6531    35.4602  1026.8553     1.9423     4.1461     72.394    0.00718    5.72710    5.72304      8.356     0.0372   10.42172   4.311401 4.1554e-11    26.4061    26.4028 1.0000e-12    102.000          1      29407    1507.80 2.6833e+00  54369.859   1225.238 1603349850       0.06     -0.680   39.01942  -72.55328 0.0000e+00
    100.209    14.5897    35.4078  1026.8244     1.9560     4.1808     72.995    0.00624    5.72750    5.72344      8.354     0.0296   10.42244   4.299783 6.8823e+04    26.3794    26.3762 1.0000e-12    101.000          1      29459    1507.52 8.1349e-01  54305.336   1227.421 1603349852       0.13     -0.460   39.01942  -72.55328 0.0000e+00
     99.224    14.5688    35.3911  1026.8116     1.9626     4.1775     72.950    0.00118    5.72655    5.72248      8.334     0.0522   10.42097   4.296123 -4.382e+03    26.3710    26.3678 1.0000e-12    100.000          1      29524    1507.42 2.3349e+00  54284.510   1230.116 1603349855      -0.25     -0.342   39.01942  -72.55328 0.0000e+00
     98.223    14.5747    35.3861  1026.8020     1.9629     4.1742     72.902    0.00038    5.72574    5.72166      8.324     0.0552   10.41966   4.296164 4.1691e-11    26.3659    26.3627 1.0000e-12     99.000          1      29558    1507.41 2.6726e+00  54276.294   1231.559 1603349856      -0.04     -0.657   39.01942  -72.55328 0.0000e+00
     97.233    14.5868    35.3799  1026.7902     1.9621     4.1695     72.810   -0.00032    5.72659    5.72252      8.337     0.0471   10.42111   4.296726 4.5236e-11    26.3584    26.3553 1.0000e-12     98.000          1      29610    1507.43 2.3892e+00  54265.791   1233.694 1603349858       0.09     -0.472   39.01942  -72.55327 0.0000e+00
     96.245    14.5851    35.3734  1026.7811     1.9634     4.1785     72.936    0.00074    5.72902    5.72496      8.348     0.0407   10.42541   4.295775 4.9872e-11    26.3537    26.3506 1.0000e-12     97.000          1      29683    1507.40 1.9407e+00  54256.509   1236.753 1603349861      -0.02     -0.292   39.01942  -72.55326 0.0000e+00
     95.252    14.5792    35.3603  1026.7679     1.9668     4.1962     73.161    0.00163    5.73561    5.73160      8.348     0.0440   10.43674   4.293661 4.8775e-11    26.3449    26.3418 1.0000e-12     96.000          1      29733    1507.35 2.1216e+00  54238.714   1238.830 1603349863      -0.10     -0.501   39.01942  -72.55328 0.0000e+00
     94.258    14.5580    35.3366  1026.7497     1.9713     4.2163     73.441    0.00248    5.74108    5.73712 -9.990e-29     0.0603   10.44616   4.288709 4.0660e-11    26.3311    26.3280 1.0000e-12     95.000          1      29774    1507.24 2.7531e+00  54208.195   1240.535 1603349865       0.01     -0.587   39.01942  -72.55326 0.0000e+00
     93.264    14.5108    35.2977  1026.7255     1.9799     4.2518     73.999    0.00442    5.74577    5.74184      8.348     0.0691   10.45430   4.279689 4.6091e-11    26.3112    26.3082 1.0000e-12     94.000          1      29819    1507.02 2.3894e+00  54159.970   1242.410 1603349867       0.04     -0.541   39.01942  -72.55326 0.0000e+00
     92.277    14.4648    35.2508  1026.6949     1.9943     4.3036     74.800    0.00582    5.75341    5.74955      8.344     0.0652   10.46748   4.270013 4.6498e-11    26.2849    26.2819 1.0000e-12     93.000          1      29880    1506.81 2.6706e+00  54100.823   1244.977 1603349869       0.02     -0.360   39.01942  -72.55326 0.0000e+00
     91.284    14.4240    35.2124  1026.6697     2.0046     4.3352     75.258    0.00520    5.76039    5.75657      8.343     0.0947   10.47954   4.261680 4.9069e-11    26.2640    26.2610 1.0000e-12     92.000          1      29928    1506.61 2.0955e+00  54052.569   1246.947 1603349871      -0.11     -0.517   39.01942  -72.55326 0.0000e+00
