CalculateIndicators/WaterTemperature/Data/CTD_NYOS/20200209_C09.cnv
* Sea-Bird SBE 9 Data File:
* FileName = C:\Seabird 9 CTD\Data\2020\202002_offshore\20200209_C09.hex
* Software Version Seasave V 7.23.2
* Temperature SN = 4590
* Conductivity SN = 3228
* Number of Bytes Per Scan = 44
* Number of Voltage Words = 5
* Number of Scans Averaged by the Deck Unit = 1
* NMEA Latitude = 38 47.13 N
* NMEA Longitude = 072 49.02 W
* NMEA UTC (Time) = Feb 09 2020  16:16:17
* NMEA baud rate = 4800
** Ship: rv seawolf
** Station: 6.6
** Operator: eih
# nquan = 35
# nvalues = 601                         
# units = specified
# name 0 = depSM: Depth [salt water, m]
# name 1 = t090C: Temperature [ITS-90, deg C]
# name 2 = sal00: Salinity, Practical [PSU]
# name 3 = density00: Density [density, kg/m^3]
# name 4 = sbeox0V: Oxygen raw, SBE 43 [V]
# name 5 = sbeox0ML/L: Oxygen, SBE 43 [ml/l]
# name 6 = sbeox0PS: Oxygen, SBE 43 [% saturation]
# name 7 = sbox0dV/dT: Oxygen, SBE 43 [dov/dt]
# name 8 = oxsolML/L: Oxygen Saturation, Garcia & Gordon [ml/l]
# name 9 = oxsatML/L: Oxygen Saturation, Weiss [ml/l]
# name 10 = ph: pH
# name 11 = flECO-AFL: Fluorescence, WET Labs ECO-AFL/FL [mg/m^3]
# name 12 = n2satML/L: Nitrogen Saturation [ml/l]
# name 13 = c0S/m: Conductivity [S/m]
# name 14 = cpar: CPAR/Corrected Irradiance [%]
# name 15 = sigma-é00: Density [sigma-theta, kg/m^3]
# name 16 = sigma-t00: Density [sigma-t, kg/m^3 ]
# name 17 = par: PAR/Irradiance, Biospherical/Licor
# name 18 = prDM: Pressure, Digiquartz [db]
# name 19 = pumps: Pump Status
# name 20 = scan: Scan Count
# name 21 = svCM: Sound Velocity [Chen-Millero, m/s]
# name 22 = spar: SPAR, Biospherical/Licor
# name 23 = specc: Specific Conductance [uS/cm]
# name 24 = timeS: Time, Elapsed [seconds]
# name 25 = timeY: Time, System [seconds]
# name 26 = accM: Acceleration [m/s^2]
# name 27 = dz/dtM: Descent Rate [m/s]
# name 28 = latitude: Latitude [deg]
# name 29 = longitude: Longitude [deg]
# name 30 = gsw_saA0: Absolute Salinity [g/kg]
# name 31 = gsw_densityA0: density, TEOS-10 [density, kg/m^3]
# name 32 = gsw_sigma0A0: density, TEOS-10 [sigma-0, kg/m^3 ]
# name 33 = gsw_ptA0: potential temperature [ITS-90, deg C]
# name 34 = flag: flag
# span 0 =      1.000,    301.000       
# span 1 =     9.2333,    14.8509       
# span 2 =    34.2748,    35.7553       
# span 3 =  1026.2056,  1028.6247       
# span 4 =     1.4578,     2.4808       
# span 5 =     3.0655,     6.1036       
# span 6 =     49.454,     98.407       
# span 7 =   -0.01981,    0.01470       
# span 8 =    5.68308,    6.41254       
# span 9 =    5.67873,    6.41763       
# span 10 =      8.076,      8.307      
# span 11 =    -0.0607,     0.3998      
# span 12 =   10.34496,   11.55731      
# span 13 =   3.771277,   4.365002      
# span 14 = -1.799e-07, 2.7465e+01      
# span 15 =    26.2011,    27.2571      
# span 16 =    26.2010,    27.2516      
# span 17 = -3.663e-06, 5.6345e+02      
# span 18 =      1.007,    303.505      
# span 19 =          1,          1      
# span 20 =        381,      50947      
# span 21 =    1492.32,    1509.19      
# span 22 = 1.6786e+03, 2.0756e+03      
# span 23 =  53202.975,  55078.864      
# span 24 =     15.851,   2122.741      
# span 25 = 1581264996, 1581267103      
# span 26 =      -0.61,       0.58      
# span 27 =     -0.999,      1.118      
# span 28 =   38.78209,   38.78562      
# span 29 =  -72.81746,  -72.81712      
# span 30 =    34.4357,    35.9246      
# span 31 =  1026.2093,  1028.6283      
# span 32 =    26.2048,    27.2608      
# span 33 =     9.1995,    14.8320      
# span 34 = 0.0000e+00, 0.0000e+00      
# interval = meters: 1                  
# start_time = Feb 09 2020 16:16:21 [System UTC, first data scan.]
# bad_flag = -9.990e-29
*END*
[from data line 42]
     43.000    12.0224    34.6409  1026.5003     2.4303     5.8313     96.266    0.00058    6.05751    6.05706      8.291     0.2031   10.97695   3.967442 4.8172e-01    26.3069    26.3059 9.6652e+00     43.329          1       2951    1497.19 2.0069e+03  53573.794    122.936 1581265104      -0.05      0.523   38.78550  -72.81718    34.8078  1026.5066    26.3132    12.0168 0.0000e+00
     44.000    12.0669    34.6518  1026.5048     2.4280     5.8112     95.979   -0.00104    6.05466    6.05418      8.291     0.1879   10.97216   3.972799 4.4510e-01    26.3069    26.3058 8.9480e+00     44.342          1       3039    1497.37 2.0103e+03  53582.376    126.579 1581265107       0.01      0.190   38.78550  -72.81719    34.8182  1026.5107    26.3128    12.0611 0.0000e+00
     45.000    12.0728    34.6541  1026.5100     2.4273     5.8136     96.057   -0.00018    6.05216    6.05165      8.291     0.1903   10.96798   3.973652 4.2313e-01    26.3076    26.3065 8.5465e+00     45.350          1       3095    1497.41 2.0199e+03  53585.271    128.920 1581265110       0.08      0.505   38.78550  -72.81720    34.8206  1026.5159    26.3135    12.0669 0.0000e+00
     46.000    12.0875    34.6578  1026.5146     2.4274     5.8149     96.107    0.00018    6.05044    6.04991      8.291     0.1733   10.96510   3.975414 3.9444e-01    26.3078    26.3066 7.8734e+00     46.353          1       3131    1497.48 1.9960e+03  53588.705    130.409 1581265111       0.15      0.632   38.78550  -72.81720    34.8237  1026.5200    26.3132    12.0814 0.0000e+00
     47.000    12.1054    34.6624  1026.5192     2.4271     5.7917     96.067    0.00009    6.02884    6.02807      8.289     0.1617   10.92875   3.977680 3.6078e-01    26.3079    26.3067 7.2333e+00     47.363          1       3202    1497.56 2.0051e+03  53592.884    133.367 1581265114      -0.11      0.314   38.78550  -72.81720    34.8287  1026.5249    26.3137    12.0992 0.0000e+00
     48.000    12.1698    34.6877  1026.5309     2.4250     5.7323     95.849   -0.00055    5.98056    5.97925      8.289     0.1095   10.84753   3.988079 3.2926e-01    26.3151    26.3139 6.6301e+00     48.376          1       3277    1497.83 2.0136e+03  53617.970    136.500 1581265117       0.38      0.420   38.78550  -72.81720    34.8696  1026.5487    26.3329    12.1635 0.0000e+00
     49.000    12.4672    34.7866  1026.5542     2.4141     5.6471     94.507   -0.00757    5.97533    5.97397      8.289     0.1054   10.83870   4.027745 3.0258e-01    26.3343    26.3330 6.1076e+00     49.375          1       3306    1498.97 2.0185e+03  53710.109    137.710 1581265118       0.08      0.767   38.78550  -72.81720    34.9777  1026.5787    26.3589    12.4607 0.0000e+00
     50.000    12.6071    34.8315  1026.5660     2.4046     5.6250     94.283   -0.00534    5.96611    5.96465      8.288     0.0957   10.82312   4.044792 2.8262e-01    26.3418    26.3405 5.6852e+00     50.383          1       3352    1499.51 2.0115e+03  53751.290    139.641 1581265120      -0.13      0.553   38.78550  -72.81720    35.0122  1026.5823    26.3582    12.6003 0.0000e+00
     51.000    12.7285    34.8822  1026.5857     2.3990     5.5984     94.614    0.00032    5.91701    5.91503      8.289     0.0650   10.74031   4.061518 2.6154e-01    26.3572    26.3558 5.2780e+00     51.403          1       3435    1500.00 2.0180e+03  53803.757    143.086 1581265124       0.12      0.169   38.78550  -72.81720    35.0603  1026.5999    26.3714    12.7216 0.0000e+00
     52.000    12.8858    34.9451  1026.6075     2.3949     5.5519     94.043   -0.00288    5.90351    5.90138      8.290     0.0705   10.71757   4.084641 2.4297e-01    26.3747    26.3733 4.8992e+00     52.398          1       3465    1500.61 2.0164e+03  53868.336    144.344 1581265125       0.13      0.660   38.78550  -72.81720    35.1360  1026.6313    26.3986    12.8787 0.0000e+00
     53.000    13.0910    35.0184  1026.6274     2.3847     5.4942     93.259   -0.00535    5.89135    5.88910      8.290     0.0598   10.69699   4.111856 2.2627e-01    26.3903    26.3888 4.5616e+00     53.413          1       3513    1501.40 2.0159e+03  53940.080    146.331 1581265127      -0.11      0.502   38.78550  -72.81722    35.2059  1026.6485    26.4114    13.0836 0.0000e+00
     54.000    13.2175    35.0707  1026.6466     2.3787     5.4733     93.189   -0.00326    5.87337    5.87093      8.291     0.0520   10.66656   4.129347 2.0917e-01    26.4052    26.4037 4.2124e+00     54.416          1       3558    1501.90 2.0138e+03  53994.934    148.227 1581265129      -0.05      0.535   38.78548  -72.81722    35.2551  1026.6651    26.4237    13.2099 0.0000e+00
     55.000    13.3617    35.1354  1026.6717     2.3749     5.4645     93.223   -0.00127    5.86169    5.85914      8.294     0.0331   10.64677   4.150522 1.9073e-01    26.4260    26.4244 3.8359e+00     55.431          1       3617    1502.47 2.0113e+03  54064.424    150.650 1581265131       0.06      0.377   38.78548  -72.81722    35.3225  1026.6920    26.4464    13.3540 0.0000e+00
     56.000    13.4466    35.1746  1026.6890     2.3725     5.4558     93.081   -0.00154    5.86133    5.85878 -9.990e-29     0.0448   10.64615   4.162422 1.7471e-01    26.4390    26.4374 3.5343e+00     56.433          1       3652    1502.81 2.0230e+03  54107.293    152.136 1581265133       0.15      0.638   38.78548  -72.81722    35.3565  1026.7052    26.4552    13.4386 0.0000e+00
     57.000    13.4813    35.1937  1026.7011     2.3711     5.4549     93.094   -0.00090    5.85961    5.85704 -9.990e-29     0.0415   10.64321   4.167489 1.6613e-01    26.4467    26.4450 3.3288e+00     57.440          1       3694    1502.96 2.0037e+03  54129.379    153.882 1581265134      -0.12      0.596   38.78548  -72.81722    35.3720  1026.7144    26.4600    13.4732 0.0000e+00
     58.000    13.4898    35.1998  1026.7085     2.3719     5.4611     93.284    0.00044    5.85430    5.85168      8.298     0.0314   10.63419   4.168709 1.5577e-01    26.4496    26.4479 3.1378e+00     58.452          1       3745    1503.01 2.0143e+03  54137.130    156.019 1581265137       0.10      0.446   38.78548  -72.81722    35.3752  1026.7197    26.4608    13.4816 0.0000e+00
     59.000    13.5104    35.2119  1026.7181     2.3722     5.4584     93.288    0.00031    5.85112    5.84847      8.298     0.0457   10.62880   4.172091 1.4511e-01    26.4548    26.4531 2.9231e+00     59.456          1       3785    1503.11 2.0144e+03  54151.574    157.666 1581265138       0.01      0.607   38.78548  -72.81722    35.3878  1026.7295    26.4662    13.5020 0.0000e+00
     60.000    13.5492    35.2319  1026.7300     2.3715     5.4472     93.202   -0.00021    5.84450    5.84177      8.298     0.0316   10.61757   4.177848 1.3668e-01    26.4623    26.4605 2.7389e+00     60.464          1       3840    1503.28 2.0037e+03  54174.307    159.950 1581265141      -0.09      0.436   38.78548  -72.81722    35.4059  1026.7400    26.4722    13.5406 0.0000e+00
     61.000    13.5952    35.2557  1026.7434     2.3722     5.4242     93.291    0.00040    5.81430    5.81127      8.297     0.0202   10.56645   4.185021 1.3044e-01    26.4712    26.4694 2.5843e+00     61.479          1       3913    1503.47 1.9814e+03  54201.365    163.019 1581265144       0.09      0.301   38.78548  -72.81723    35.4308  1026.7540    26.4819    13.5865 0.0000e+00
     62.000    13.6866    35.2962  1026.7601     2.3672     5.3793     92.657   -0.00311    5.80559    5.80248      8.298     0.0100   10.55180   4.199221 1.2170e-01    26.4836    26.4818 2.4155e+00     62.483          1       3946    1503.84 1.9848e+03  54245.333    164.361 1581265145       0.31      0.646   38.78548  -72.81724    35.4798  1026.7772    26.5007    13.6777 0.0000e+00
     63.000    13.8075    35.3529  1026.7831     2.3642     5.3722     92.550   -0.00275    5.80467    5.80155      8.299     0.0152   10.55024   4.217029 1.1436e-01    26.5023    26.5004 2.3033e+00     63.484          1       3976    1504.32 2.0143e+03  54307.758    165.626 1581265146      -0.04      0.818   38.78547  -72.81724    35.5353  1026.7990    26.5183    13.7985 0.0000e+00
     64.000    13.8997    35.3877  1026.7950     2.3606     5.3705     92.543   -0.00116    5.80322    5.80008      8.299     0.0111   10.54776   4.229261 1.0714e-01    26.5099    26.5080 2.1599e+00     64.497          1       4041    1504.67 2.0160e+03  54343.908    168.340 1581265149      -0.13      0.346   38.78546  -72.81724    35.5646  1026.8066    26.5216    13.8904 0.0000e+00
     65.000    13.9144    35.3941  1026.8013 -9.990e-29     5.3717     92.695    0.00009    5.79501    5.79179 -9.990e-29     0.0024   10.53384   4.231084 1.0113e-01    26.5118    26.5098 2.0405e+00     65.506          1       4108    1504.75 2.0176e+03  54351.329    171.126 1581265152       0.26      0.430   38.78546  -72.81724    35.5677  1026.8104    26.5209    13.9050 0.0000e+00
     66.000    13.9327    35.4052  1026.8105     2.3596     5.3638     92.612   -0.00035    5.79164    5.78838 -9.990e-29     0.0040   10.52815   4.234322 9.7180e-02    26.5166    26.5146 1.9564e+00     66.513          1       4149    1504.83 2.0132e+03  54364.770    172.843 1581265153      -0.04      0.590   38.78546  -72.81724    35.5808  1026.8210    26.5271    13.9232 0.0000e+00
     67.000    13.9883    35.4302  1026.8225     2.3579     5.3502     92.449   -0.00109    5.78720    5.78390 -9.990e-29     0.0009   10.52070   4.242340 9.2843e-02    26.5242    26.5221 1.8519e+00     67.523          1       4191    1505.06 1.9945e+03  54392.413    174.567 1581265155       0.09      0.567   38.78546  -72.81724    35.6041  1026.8317    26.5334    13.9786 0.0000e+00
     68.000    14.0127    35.4383  1026.8281     2.3566     5.3458     92.411   -0.00087    5.78480    5.78148      8.303     0.0093   10.51666   4.245685 8.8346e-02    26.5254    26.5233 1.7446e+00     68.525          1       4230    1505.17 1.9746e+03  54400.990    176.203 1581265157      -0.09      0.618   38.78546  -72.81724    35.6125  1026.8374    26.5347    14.0028 0.0000e+00
     69.000    14.0593    35.4531  1026.8341     2.3549     5.3349     92.373   -0.00050    5.77542    5.77200      8.304     0.0093   10.50087   4.251837 8.3515e-02    26.5270    26.5249 1.6541e+00     69.539          1       4305    1505.35 1.9806e+03  54415.862    179.337 1581265160      -0.01      0.269   38.78546  -72.81724    35.6266  1026.8429    26.5358    14.0492 0.0000e+00
     70.000    14.1085    35.4684  1026.8399     2.3530     5.3237     92.268   -0.00072    5.76980    5.76632      8.305    -0.0102   10.49140   4.258463 7.8704e-02    26.5284    26.5262 1.5719e+00     70.549          1       4364    1505.54 1.9975e+03  54430.982    181.799 1581265162       0.12      0.425   38.78546  -72.81724    35.6428  1026.8493    26.5378    14.0982 0.0000e+00
     71.000    14.1622    35.4865  1026.8468     2.3499     5.3030     91.970   -0.00213    5.76603    5.76251      8.305    -0.0158   10.48502   4.265884 7.3412e-02    26.5310    26.5288 1.4833e+00     71.555          1       4398    1505.75 2.0206e+03  54449.511    183.188 1581265164       0.17      0.670   38.78546  -72.81724    35.6621  1026.8571    26.5413    14.1518 0.0000e+00
     72.000    14.1715    35.4890  1026.8513     2.3491     5.3101     92.055   -0.00099    5.76843    5.76493      8.305    -0.0044   10.48907   4.266770 6.9335e-02    26.5310    26.5288 1.4048e+00     72.557          1       4427    1505.80 2.0261e+03  54452.423    184.412 1581265165       0.05      0.808   38.78546  -72.81724    35.6613  1026.8590    26.5387    14.1610 0.0000e+00
     73.000    14.1980    35.5015  1026.8597     2.3461     5.3001     91.895   -0.00118    5.76755    5.76404      8.305    -0.0032   10.48754   4.270859 6.6427e-02    26.5351    26.5328 1.3361e+00     73.567          1       4496    1505.92 2.0113e+03  54466.714    187.296 1581265168       0.00      0.444   38.78544  -72.81725    35.6746  1026.8680    26.5434    14.1873 0.0000e+00
     74.000    14.2138    35.5070  1026.8651     2.3435     5.2949     91.777   -0.00139    5.76930    5.76582 -9.990e-29     0.0078   10.49044   4.272618 6.2725e-02    26.5360    26.5336 1.2553e+00     74.579          1       4572    1506.00 2.0015e+03  54472.860    190.453 1581265171       0.39      0.564   38.78544  -72.81726    35.6760  1026.8702    26.5411    14.2030 0.0000e+00
     75.000    14.1769    35.5006  1026.8726     2.3431     5.2977     91.833   -0.00069    5.76888    5.76539 -9.990e-29    -0.0013   10.48973   4.268302 5.8583e-02    26.5390    26.5366 1.1879e+00     75.584          1       4599    1505.89 2.0279e+03  54469.451    191.586 1581265172       0.10      0.842   38.78544  -72.81726    35.6694  1026.8775    26.5439    14.1659 0.0000e+00
     76.000    14.1709    35.5009  1026.8785     2.3432     5.3021     91.907   -0.00003    5.76903    5.76555 -9.990e-29    -0.0020   10.48999   4.267883 5.5738e-02    26.5405    26.5381 1.1334e+00     76.587          1       4629    1505.88 2.0335e+03  54471.080    192.840 1581265173      -0.07      0.835   38.78544  -72.81726    35.6706  1026.8842    26.5462    14.1597 0.0000e+00
     77.000    14.1774    35.5038  1026.8839     2.3443     5.3113     92.055    0.00060    5.76973    5.76626      8.307    -0.0071   10.49116   4.268736 5.3349e-02    26.5414    26.5390 1.0717e+00     77.602          1       4719    1505.92 2.0090e+03  54474.832    196.570 1581265177       0.14      0.336   38.78543  -72.81726    35.6721  1026.8885    26.5460    14.1661 0.0000e+00
     78.000    14.1664    35.5025  1026.8896     2.3431     5.3019     91.877   -0.00063    5.77069    5.76722      8.306    -0.0031   10.49275   4.267591 4.9719e-02    26.5427    26.5403 1.0012e+00     78.610          1       4773    1505.90 2.0139e+03  54475.008    198.838 1581265179       0.37      0.672   38.78542  -72.81726    35.6712  1026.8946    26.5476    14.1549 0.0000e+00
     79.000    14.1662    35.5022  1026.8940     2.3433     5.3086     91.932   -0.00030    5.77447    5.77105      8.307    -0.0036   10.49909   4.267551 4.7150e-02    26.5426    26.5401 9.5467e-01     79.609          1       4800    1505.92 2.0248e+03  54475.250    199.972 1581265181      -0.00      0.880   38.78542  -72.81726    35.6705  1026.8985    26.5472    14.1546 0.0000e+00
     80.000    14.1529    35.4986  1026.8985     2.3432     5.3125     91.960   -0.00008    5.77702    5.77362      8.306    -0.0062   10.50335   4.265708 4.4997e-02    26.5426    26.5401 9.1465e-01     80.624          1       4851    1505.89 2.0327e+03  54472.520    202.065 1581265183      -0.16      0.477   38.78542  -72.81726    35.6652  1026.9018    26.5460    14.1412 0.0000e+00
     81.000    14.1066    35.4896  1026.9059     2.3419     5.3112     91.895   -0.00030    5.77964    5.77627      8.307    -0.0016   10.50774   4.260211 4.3078e-02    26.5456    26.5431 8.6570e-01     81.634          1       4931    1505.75 2.0097e+03  54466.760    205.429 1581265186      -0.01      0.243   38.78542  -72.81728    35.6562  1026.9093    26.5489    14.0947 0.0000e+00
     82.000    14.0931    35.4868  1026.9111     2.3419     5.3150     91.949    0.00002    5.78034    5.77698      8.306     0.0119   10.50891   4.258626 3.9634e-02    26.5463    26.5437 8.0022e-01     82.645          1       4984    1505.72 2.0191e+03  54465.188    207.634 1581265188       0.32      0.537   38.78542  -72.81728    35.6534  1026.9145    26.5496    14.0811 0.0000e+00
