CalculateIndicators/WaterTemperature/Data/CTD_NYOS/20200209_C010.cnv
* Sea-Bird SBE 9 Data File:
* FileName = C:\Seabird 9 CTD\Data\2020\202002_offshore\20200209_C010.hex
* Software Version Seasave V 7.23.2
* Temperature SN = 4590
* Conductivity SN = 3228
* Number of Bytes Per Scan = 44
* Number of Voltage Words = 5
* Number of Scans Averaged by the Deck Unit = 1
* NMEA Latitude = 39 08.09 N
* NMEA Longitude = 072 56.67 W
* NMEA UTC (Time) = Feb 09 2020  22:37:49
* NMEA baud rate = 4800
** Ship: rv seawolf
** Station: 6.5
** Operator: eih
# nquan = 35
# nvalues = 150                         
# units = specified
# name 0 = depSM: Depth [salt water, m]
# name 1 = t090C: Temperature [ITS-90, deg C]
# name 2 = sal00: Salinity, Practical [PSU]
# name 3 = density00: Density [density, kg/m^3]
# name 4 = sbeox0V: Oxygen raw, SBE 43 [V]
# name 5 = sbeox0ML/L: Oxygen, SBE 43 [ml/l]
# name 6 = sbeox0PS: Oxygen, SBE 43 [% saturation]
# name 7 = sbox0dV/dT: Oxygen, SBE 43 [dov/dt]
# name 8 = oxsolML/L: Oxygen Saturation, Garcia & Gordon [ml/l]
# name 9 = oxsatML/L: Oxygen Saturation, Weiss [ml/l]
# name 10 = ph: pH
# name 11 = flECO-AFL: Fluorescence, WET Labs ECO-AFL/FL [mg/m^3]
# name 12 = n2satML/L: Nitrogen Saturation [ml/l]
# name 13 = c0S/m: Conductivity [S/m]
# name 14 = cpar: CPAR/Corrected Irradiance [%]
# name 15 = sigma-é00: Density [sigma-theta, kg/m^3]
# name 16 = sigma-t00: Density [sigma-t, kg/m^3 ]
# name 17 = par: PAR/Irradiance, Biospherical/Licor
# name 18 = prDM: Pressure, Digiquartz [db]
# name 19 = pumps: Pump Status
# name 20 = scan: Scan Count
# name 21 = svCM: Sound Velocity [Chen-Millero, m/s]
# name 22 = spar: SPAR, Biospherical/Licor
# name 23 = specc: Specific Conductance [uS/cm]
# name 24 = timeS: Time, Elapsed [seconds]
# name 25 = timeY: Time, System [seconds]
# name 26 = accM: Acceleration [m/s^2]
# name 27 = dz/dtM: Descent Rate [m/s]
# name 28 = latitude: Latitude [deg]
# name 29 = longitude: Longitude [deg]
# name 30 = gsw_saA0: Absolute Salinity [g/kg]
# name 31 = gsw_densityA0: density, TEOS-10 [density, kg/m^3]
# name 32 = gsw_sigma0A0: density, TEOS-10 [sigma-0, kg/m^3 ]
# name 33 = gsw_ptA0: potential temperature [ITS-90, deg C]
# name 34 = flag: flag
# span 0 =      1.000,     76.000       
# span 1 =     9.3605,    13.2119       
# span 2 =    33.4391,    35.0441       
# span 3 =  1025.8416,  1026.7261       
# span 4 =     2.2279,     2.5326       
# span 5 =     5.0757,     6.5534       
# span 6 =     86.083,    101.326       
# span 7 =   -0.01315,    0.01309       
# span 8 =    5.89627,    6.46820       
# span 9 =    5.89405,    6.47232       
# span 10 =      8.233,      8.276      
# span 11 =     0.0420,     0.5256      
# span 12 =   10.70562,   11.67035      
# span 13 =   3.598145,   4.125497      
# span 14 = -1.119e+04, 1.0422e+05      
# span 15 =    25.8383,    26.3864      
# span 16 =    25.8382,    26.3843      
# span 17 = -6.950e-05, 7.2775e-01      
# span 18 =      1.018,     76.589      
# span 19 =          1,          1      
# span 20 =        559,      20734      
# span 21 =    1485.64,    1502.21      
# span 22 = -1.381e-01, 6.3200e+00      
# span 23 =  52355.264,  53972.178      
# span 24 =     23.241,    863.895      
# span 25 = 1581287896, 1581288737      
# span 26 =      -0.31,       0.27      
# span 27 =     -0.640,      0.743      
# span 28 =   39.13498,   39.13732      
# span 29 =  -72.94452,  -72.94378      
# span 30 =    33.5976,    35.2142      
# span 31 =  1025.8461,  1026.7336      
# span 32 =    25.8415,    26.3939      
# span 33 =     9.3603,    13.2013      
# span 34 = 0.0000e+00, 0.0000e+00      
# interval = meters: 1                  
# start_time = Feb 09 2020 22:37:53 [System UTC, first data scan.]
# bad_flag = -9.990e-29
*END*
[from data line 42]
     44.000     9.4005    33.4952  1026.0774     2.4655     6.3655     98.541    0.00019    6.45982    6.46388      8.247     0.4082   11.65581   3.609075 1.6880e-11    25.8767    25.8759 1.0000e-12     44.340          1       3418    1486.55 5.9242e+00  52453.119    142.361 1581288015       0.04      0.479   39.13532  -72.94444    33.6542  1026.0807    25.8800     9.3957 0.0000e+00
     45.000     9.4021    33.4959  1026.0823     2.4669     6.3728     98.655    0.00043    6.45965    6.46370      8.247     0.3482   11.65552   3.609338 2.3078e-11    25.8770    25.8762 1.0000e-12     45.349          1       3477    1486.57 1.9131e+00  52454.434    144.829 1581288017      -0.05      0.394   39.13532  -72.94444    33.6550  1026.0857    25.8804     9.3971 0.0000e+00
     46.000     9.4035    33.4964  1026.0871     2.4663     6.3656     98.544   -0.00028    6.45961    6.46367      8.247     0.3523   11.65546   3.609550 7.8554e+04    25.8772    25.8764 1.0000e-12     46.357          1       3536    1486.60 7.7604e-01  52455.482    147.312 1581288020       0.03      0.418   39.13532  -72.94444    33.6554  1026.0904    25.8805     9.3985 0.0000e+00
     47.000     9.4037    33.4966  1026.0917     2.4649     6.3596     98.453   -0.00051    6.45954    6.46359 -9.990e-29     0.3708   11.65534   3.609627 -7.529e+02    25.8773    25.8764 1.0000e-12     47.365          1       3588    1486.61 5.9735e+00  52456.251    149.479 1581288022       0.05      0.466   39.13534  -72.94443    33.6555  1026.0950    25.8806     9.3986 0.0000e+00
     48.000     9.4042    33.4967  1026.0963     2.4645     6.3606     98.473   -0.00024    6.45924    6.46329      8.247     0.3584   11.65483   3.609732 1.6880e-11    25.8773    25.8765 1.0000e-12     48.372          1       3659    1486.63 5.9242e+00  52457.008    152.434 1581288025      -0.06      0.304   39.13534  -72.94442    33.6557  1026.0996    25.8806     9.3990 0.0000e+00
     49.000     9.4063    33.4975  1026.1012     2.4634     6.3557     98.428   -0.00030    6.45724    6.46127      8.247     0.3493   11.65148   3.610071 1.6880e-11    25.8776    25.8768 1.0000e-12     49.381          1       3749    1486.66 5.9242e+00  52458.338    156.174 1581288029       0.06      0.330   39.13535  -72.94442    33.6567  1026.1047    25.8812     9.4010 0.0000e+00
     50.000     9.4163    33.5006  1026.1065     2.4627     6.3522     98.379   -0.00043    6.45682    6.46084      8.247     0.3752   11.65078   3.611355 1.6880e-11    25.8784    25.8776 1.0000e-12     50.387          1       3807    1486.72 5.9242e+00  52461.239    158.566 1581288031       0.03      0.431   39.13536  -72.94442    33.6602  1026.1104    25.8823     9.4108 0.0000e+00
     51.000     9.4206    33.5016  1026.1112     2.4624     6.3568     98.445    0.00007    6.45717    6.46119      8.247     0.3596   11.65135   3.611826 8.9058e+04    25.8786    25.8777 1.0000e-12     51.396          1       3903    1486.75 2.8966e+00  52462.465    162.594 1581288035      -0.04      0.202   39.13537  -72.94442    33.6606  1026.1146    25.8819     9.4150 0.0000e+00
     52.000     9.4207    33.5021  1026.1162     2.4623     6.3543     98.437   -0.00006    6.45520    6.45920      8.247     0.3644   11.64807   3.611967 3.4405e+03    25.8790    25.8781 1.0000e-12     52.403          1       3993    1486.77 5.8072e+00  52463.826    166.315 1581288039       0.03      0.348   39.13538  -72.94442    33.6615  1026.1198    25.8826     9.4150 0.0000e+00
     53.000     9.4321    33.5055  1026.1216 -9.990e-29     6.3570     98.487    0.00009    6.45468    6.45867      8.247     0.4322   11.64719   3.613387 1.6880e-11    25.8798    25.8789 1.0000e-12     53.413          1       4059    1486.83 5.9242e+00  52466.868    169.096 1581288042       0.08      0.365   39.13539  -72.94442    33.6651  1026.1253    25.8836     9.4263 0.0000e+00
     54.000     9.4392    33.5076  1026.1266     2.4614     6.3508     98.403   -0.00028    6.45385    6.45783      8.247     0.4303   11.64579   3.614268 1.6880e-11    25.8803    25.8793 1.0000e-12     54.420          1       4160    1486.87 5.9242e+00  52468.949    173.303 1581288046       0.02      0.223   39.13540  -72.94442    33.6671  1026.1303    25.8840     9.4332 0.0000e+00
     55.000     9.4426    33.5086  1026.1314     2.4612     6.3525     98.430    0.00003    6.45385    6.45783      8.247     0.3738   11.64579   3.614683 1.6880e-11    25.8806    25.8796 1.0000e-12     55.429          1       4238    1486.90 5.9242e+00  52470.343    176.556 1581288049       0.17      0.428   39.13542  -72.94442    33.6677  1026.1348    25.8839     9.4366 0.0000e+00
     56.000     9.4410    33.5083  1026.1360     2.4594     6.3419     98.280   -0.00051    6.45291    6.45688      8.247     0.3505   11.64421   3.614566 2.3864e+04    25.8806    25.8796 1.0000e-12     56.435          1       4309    1486.91 4.4162e+00  52470.887    179.491 1581288052      -0.07      0.302   39.13542  -72.94441    33.6675  1026.1395    25.8841     9.4348 0.0000e+00
     57.000     9.4458    33.5097  1026.1409     2.4591     6.3355     98.336    0.00003    6.44271    6.44655      8.246     0.3786   11.62707   3.615186 3.7212e+04    25.8810    25.8799 1.0000e-12     57.444          1       4387    1486.95 2.6773e+00  52472.554    182.740 1581288055       0.13      0.398   39.13544  -72.94440    33.6690  1026.1444    25.8845     9.4395 0.0000e+00
     58.000     9.4972    33.5276  1026.1510     2.4602     6.3341     98.437    0.00035    6.43470    6.43845      8.246     0.3512   11.61362   3.622049 -1.443e+03    25.8866    25.8855 1.0000e-12     58.452          1       4450    1487.18 6.0501e+00  52487.746    185.368 1581288058      -0.06      0.365   39.13544  -72.94440    33.6913  1026.1579    25.8935     9.4908 0.0000e+00
     59.000     9.5573    33.5482  1026.1619     2.4562     6.2966     97.947   -0.00186    6.42862    6.43230      8.246     0.3399   11.60339   3.629454 1.6880e-11    25.8929    25.8918 1.0000e-12     59.458          1       4507    1487.44 5.9242e+00  52505.126    187.770 1581288060       0.06      0.449   39.13544  -72.94440    33.7108  1026.1679    25.8990     9.5508 0.0000e+00
     60.000     9.5834    33.5588  1026.1704     2.4542     6.2627     97.972   -0.00062    6.39238    6.39564      8.245     0.3278   11.54242   3.633058 1.6880e-11    25.8969    25.8958 1.0000e-12     60.468          1       4568    1487.56 5.9242e+00  52515.161    190.272 1581288063      -0.04      0.388   39.13546  -72.94440    33.7231  1026.1777    25.9043     9.5768 0.0000e+00
     61.000     9.8022    33.6414  1026.2029     2.4478     6.1904     97.321   -0.00290    6.36071    6.36359      8.244     0.3106   11.48915   3.662236 3.4495e+04    25.9253    25.9242 1.0000e-12     61.474          1       4630    1488.47 3.8147e+00  52588.154    192.885 1581288065      -0.06      0.372   39.13546  -72.94440    33.8175  1026.2192    25.9416     9.7953 0.0000e+00
     62.000    10.0653    33.7388  1026.2392     2.4324     6.0934     96.224   -0.00532    6.33251    6.33507      8.243     0.3120   11.44167   3.695680 1.2781e+04    25.9574    25.9562 1.0000e-12     62.486          1       4706    1489.56 4.8801e+00  52673.508    196.037 1581288069       0.16      0.320   39.13546  -72.94440    33.9132  1026.2538    25.9721    10.0582 0.0000e+00
     63.000    10.1408    33.7699  1026.2551     2.4263     6.0746     96.164   -0.00335    6.31696    6.31933      8.243     0.2677   11.41554   3.705923 2.2322e+02    25.9688    25.9676 1.0000e-12     63.490          1       4750    1489.88 5.9066e+00  52703.293    197.864 1581288070       0.02      0.538   39.13548  -72.94439    33.9464  1026.2713    25.9851    10.1335 0.0000e+00
     64.000    10.2968    33.8258  1026.2763     2.4173     6.0371     95.713   -0.00331    6.30743    6.30969      8.243     0.2444   11.39948   3.725634 1.6880e-11    25.9858    25.9845 1.0000e-12     64.498          1       4812    1490.53 5.9242e+00  52752.269    200.445 1581288073      -0.09      0.373   39.13548  -72.94438    34.0004  1026.2910    26.0005    10.2893 0.0000e+00
     65.000    10.3919    33.8628  1026.2932     2.4119     5.9611     95.742   -0.00036    6.22622    6.22755      8.240     0.2228   11.26277   3.738102 1.6880e-11    25.9983    25.9969 1.0000e-12     65.512          1       4902    1490.93 5.9242e+00  52786.578    204.206 1581288077       0.13      0.255   39.13549  -72.94438    34.0374  1026.3078    26.0129    10.3843 0.0000e+00
     66.000    10.6012    33.9455  1026.3255     2.4047     5.8735     94.920   -0.00373    6.18779    6.18867      8.239     0.1946   11.19813   3.767828 1.7283e-11    26.0264    26.0250 1.0000e-12     66.515          1       4938    1491.79 5.8463e+00  52864.442    205.721 1581288078       0.21      0.600   39.13550  -72.94438    34.1418  1026.3566    26.0575    10.5933 0.0000e+00
     67.000    11.0510    34.1073  1026.3751     2.3825     5.7208     93.182   -0.00851    6.13913    6.13948      8.237     0.1679   11.11602   3.825741 8.0117e+04    26.0722    26.0707 1.0000e-12     67.520          1       4992    1493.58 3.0783e+00  53010.030    207.938 1581288080      -0.09      0.456   39.13550  -72.94438    34.3018  1026.4045    26.1016    11.0428 0.0000e+00
     68.000    11.6631    34.3526  1026.4578     2.3481     5.5094     91.421   -0.00825    6.02647    6.02559      8.234     0.1022   10.92598   3.909495 -1.119e+04    26.1513    26.1497 1.0000e-12     68.536          1       5090    1496.03 6.3200e+00  53247.121    212.052 1581288085       0.23      0.223   39.13551  -72.94438    34.5627  1026.4984    26.1920    11.6545 0.0000e+00
     69.000    12.0741    34.5184  1026.5128     2.3272     5.3949     89.802   -0.01315    6.00756    6.00648      8.233     0.1113   10.89402   3.965665 1.6880e-11    26.2026    26.2008 1.0000e-12     69.539          1       5126    1497.65 5.9242e+00  53411.699    213.542 1581288086       0.10      0.594   39.13552  -72.94438    34.7308  1026.5547    26.2445    12.0651 0.0000e+00
     70.000    12.3106    34.6160  1026.5472     2.3077     5.3353     88.944   -0.01213    5.99846    5.99728      8.235     0.0906   10.87862   3.997648 1.6880e-11    26.2329    26.2311 1.0000e-12     70.543          1       5166    1498.59 5.9242e+00  53510.409    215.192 1581288088      -0.05      0.620   39.13552  -72.94438    34.8221  1026.5840    26.2696    12.3013 0.0000e+00
     71.000    12.5331    34.7135  1026.5839     2.2863     5.3016     88.804   -0.00399    5.97003    5.96856      8.237     0.0602   10.83046   4.027187 2.4983e+04    26.2654    26.2635 1.0000e-12     71.557          1       5253    1499.47 4.3652e+00  53611.908    218.832 1581288091      -0.06      0.209   39.13553  -72.94438    34.9016  1026.6064    26.2879    12.5235 0.0000e+00
     72.000    12.6652    34.7864  1026.6187     2.2768     5.2492     88.302   -0.00419    5.94456    5.94282      8.237     0.0484   10.78739   4.048829 1.0237e+05    26.2959    26.2940 1.0000e-12     72.567          1       5320    1500.02 -1.381e-01  53693.419    221.612 1581288094       0.27      0.449   39.13554  -72.94438    34.9875  1026.6509    26.3282    12.6555 0.0000e+00
     73.000    12.8468    34.8617  1026.6453     2.2660     5.2047     87.570   -0.00593    5.94349    5.94174      8.239     0.0461   10.78557   4.072896 3.1855e+04    26.3183    26.3164 1.0000e-12     73.567          1       5362    1500.73 3.4763e+00  53771.254    223.358 1581288096      -0.06      0.552   39.13555  -72.94438    35.0503  1026.6676    26.3408    12.8369 0.0000e+00
     74.000    12.9314    34.9034  1026.6651     2.2563     5.1838     87.630   -0.00101    5.91550    5.91348      8.240     0.0543   10.73815   4.084412 -6.113e+02    26.3339    26.3318 1.0000e-12     74.580          1       5482    1501.08 5.9790e+00  53817.085    228.361 1581288101       0.04      0.153   39.13556  -72.94436    35.0821  1026.6797    26.3485    12.9212 0.0000e+00
     75.000    13.1439    35.0070  1026.7068     2.2398     5.0757     86.083   -0.00740    5.89627    5.89405      8.241     0.0468   10.70562   4.116749 2.8521e-11    26.3714    26.3693 1.0000e-12     75.589          1       5560    1501.93 4.4931e+00  53929.899    231.615 1581288104       0.20      0.391   39.13557  -72.94436    35.1941  1026.7275    26.3922    13.1335 0.0000e+00
     76.000    13.2119    35.0441  1026.7261     2.2279     5.0861     86.173   -0.00131    5.90223    5.90007      8.244     0.0420   10.71565   4.125497 8.8304e+03    26.3864    26.3843 1.0000e-12     76.589          1       6194    1502.21 5.0349e+00  53972.178    258.022 1581288131      -0.21      0.216   39.13564  -72.94436    35.2142  1026.7336    26.3939    13.2013 0.0000e+00
     75.000    13.1665    35.0268  1026.7175     2.2299     5.1166     86.421   -0.00007    5.92049    5.91853      8.264     0.0710   10.74647   4.118681 1.5874e+04    26.3822    26.3800 1.0000e-12     75.587          1       7389    1502.03 5.0413e+00  53953.964    307.840 1581288180      -0.07     -0.317   39.13577  -72.94432    35.1916  1026.7210    26.3857    13.1561 0.0000e+00
     74.000    13.1128    35.0044  1026.7066     2.2338     5.1552     86.764    0.00119    5.94160    5.93985      8.264     0.0639   10.78222   4.109879 3.5669e+01    26.3756    26.3736 1.0000e-12     74.579          1       7733    1501.80 5.9221e+00  53930.078    322.181 1581288195      -0.27     -0.560   39.13582  -72.94430    35.1578  1026.7014    26.3704    13.1025 0.0000e+00
     73.000    12.9680    34.9381  1026.6801     2.2429     5.2081     87.563    0.00419    5.94783    5.94614 -9.990e-29     0.0536   10.79278   4.089110 1.6945e-11    26.3534    26.3513 1.0000e-12     73.574          1       7781    1501.23 5.9242e+00  53858.994    324.179 1581288197       0.11     -0.516   39.13582  -72.94430    35.0936  1026.6767    26.3500    12.9579 0.0000e+00
     72.000    12.7756    34.8458  1026.6427     2.2602     5.2822     88.249    0.00248    5.98558    5.98429      8.265     0.0691   10.85662   4.060344 1.7075e-11    26.3201    26.3182 1.0000e-12     72.556          1       7912    1500.46 5.9242e+00  53759.083    329.643 1581288202      -0.20     -0.072   39.13584  -72.94430    34.9961  1026.6356    26.3131    12.7658 0.0000e+00
     71.000    12.6528    34.7958  1026.6240     2.2654     5.3373     88.767    0.00445    6.01268    6.01167      8.266     0.0636   10.90249   4.043510 1.6879e-11    26.3057    26.3038 1.0000e-12     71.555          1       7945    1499.97 5.9242e+00  53707.736    330.999 1581288204      -0.27     -0.639   39.13584  -72.94430    34.9482  1026.6186    26.3004    12.6432 0.0000e+00
     70.000    12.5063    34.7226  1026.5916     2.2742     5.3731     89.165    0.00398    6.02600    6.02514      8.267     0.0709   10.92491   4.021403 2.5358e-11    26.2775    26.2757 1.0000e-12     70.550          1       8001    1499.38 4.4563e+00  53628.032    333.323 1581288206       0.09     -0.471   39.13585  -72.94429    34.8707  1026.5832    26.2691    12.4969 0.0000e+00
     69.000    12.2197    34.6103  1026.5561     2.2933     5.4828     90.083    0.00321    6.08651    6.08629      8.269     0.0872   11.02716   3.982663 1.5416e-11    26.2461    26.2444 1.0000e-12     69.532          1       8113    1498.25 6.1777e+00  53516.074    338.009 1581288211      -0.26     -0.208   39.13587  -72.94428    34.7614  1026.5503    26.2403    12.2106 0.0000e+00
