CalculateIndicators/WaterTemperature/Data/CTD_NYOS/20200210_C011.cnv
* Sea-Bird SBE 9 Data File:
* FileName = C:\Seabird 9 CTD\Data\2020\202002_offshore\20200210_C011.hex
* Software Version Seasave V 7.23.2
* Temperature SN = 4590
* Conductivity SN = 3228
* Number of Bytes Per Scan = 44
* Number of Voltage Words = 5
* Number of Scans Averaged by the Deck Unit = 1
* NMEA Latitude = 39 28.76 N
* NMEA Longitude = 073 04.00 W
* NMEA UTC (Time) = Feb 10 2020  03:11:54
* NMEA baud rate = 4800
** Ship: rv seawolf
** Station: 6.4
** Operator: sjw
# nquan = 35
# nvalues = 117                         
# units = specified
# name 0 = depSM: Depth [salt water, m]
# name 1 = t090C: Temperature [ITS-90, deg C]
# name 2 = sal00: Salinity, Practical [PSU]
# name 3 = density00: Density [density, kg/m^3]
# name 4 = sbeox0V: Oxygen raw, SBE 43 [V]
# name 5 = sbeox0ML/L: Oxygen, SBE 43 [ml/l]
# name 6 = sbeox0PS: Oxygen, SBE 43 [% saturation]
# name 7 = sbox0dV/dT: Oxygen, SBE 43 [dov/dt]
# name 8 = oxsolML/L: Oxygen Saturation, Garcia & Gordon [ml/l]
# name 9 = oxsatML/L: Oxygen Saturation, Weiss [ml/l]
# name 10 = ph: pH
# name 11 = flECO-AFL: Fluorescence, WET Labs ECO-AFL/FL [mg/m^3]
# name 12 = n2satML/L: Nitrogen Saturation [ml/l]
# name 13 = c0S/m: Conductivity [S/m]
# name 14 = cpar: CPAR/Corrected Irradiance [%]
# name 15 = sigma-é00: Density [sigma-theta, kg/m^3]
# name 16 = sigma-t00: Density [sigma-t, kg/m^3 ]
# name 17 = par: PAR/Irradiance, Biospherical/Licor
# name 18 = prDM: Pressure, Digiquartz [db]
# name 19 = pumps: Pump Status
# name 20 = scan: Scan Count
# name 21 = svCM: Sound Velocity [Chen-Millero, m/s]
# name 22 = spar: SPAR, Biospherical/Licor
# name 23 = specc: Specific Conductance [uS/cm]
# name 24 = timeS: Time, Elapsed [seconds]
# name 25 = timeY: Time, System [seconds]
# name 26 = accM: Acceleration [m/s^2]
# name 27 = dz/dtM: Descent Rate [m/s]
# name 28 = latitude: Latitude [deg]
# name 29 = longitude: Longitude [deg]
# name 30 = gsw_saA0: Absolute Salinity [g/kg]
# name 31 = gsw_densityA0: density, TEOS-10 [density, kg/m^3]
# name 32 = gsw_sigma0A0: density, TEOS-10 [sigma-0, kg/m^3 ]
# name 33 = gsw_ptA0: potential temperature [ITS-90, deg C]
# name 34 = flag: flag
# span 0 =      2.000,     60.000       
# span 1 =     8.5595,     8.6055       
# span 2 =    13.3016,    33.5411       
# span 3 =  1010.2337,  1026.3153       
# span 4 =     2.2250,     4.7988       
# span 5 =     5.6381,    14.4296       
# span 6 =     85.711,    219.297       
# span 7 =   -0.24110,    0.06891       
# span 8 =    6.57302,    7.39728       
# span 9 =    6.57876,    7.39543       
# span 10 =      8.298,      8.312      
# span 11 =     0.3783,     0.7016      
# span 12 =   11.84245,   13.44664      
# span 13 =   1.526038,   3.540012      
# span 14 = -1.866e+04, 1.0997e+05      
# span 15 =    10.2297,    26.0439      
# span 16 =    10.2297,    26.0434      
# span 17 = 1.0000e-12, 1.5101e-04      
# span 18 =      2.014,     60.466      
# span 19 =          0,          1      
# span 20 =        109,      16205      
# span 21 =    1458.11,    1483.79      
# span 22 = -5.148e-01, 6.0419e+00      
# span 23 =  22727.344,  52702.952      
# span 24 =      4.497,    675.168      
# span 25 = 1581304322, 1581304992      
# span 26 =      -0.63,       0.41      
# span 27 =     -0.642,      0.605      
# span 28 =   39.47950,   39.48026      
# span 29 =  -73.06678,  -73.06354      
# span 30 =    13.3724,    33.6996      
# span 31 =  1010.2370,  1026.3182      
# span 32 =    10.2275,    26.0463      
# span 33 =     8.5569,     8.6047      
# span 34 = 0.0000e+00, 0.0000e+00      
# interval = meters: 1                  
# start_time = Feb 10 2020 03:11:57 [System UTC, first data scan.]
# bad_flag = -9.990e-29
*END*
[from data line 42]
     44.000     8.5650    33.5360  1026.2416     2.5005     6.6153    100.554    0.00070    6.57888    6.58470      8.303     0.4656   11.85214   3.537432 2.0097e-11    26.0401    26.0394 1.0000e-12     44.341          1       3226    1483.51 5.1716e+00  52691.952    134.364 1581304451      -0.01      0.375   39.47966  -73.06622    33.6951  1026.2446    26.0430     8.5604 0.0000e+00
     45.000     8.5663    33.5370  1026.2468     2.5026     6.6212    100.646    0.00053    6.57875    6.58457      8.304     0.4757   11.85193   3.537698 6.7941e+02    26.0406    26.0399 1.0000e-12     45.350          1       3302    1483.54 5.0157e+00  52693.708    137.525 1581304455       0.04      0.321   39.47966  -73.06620    33.6961  1026.2498    26.0436     8.5617 0.0000e+00
     46.000     8.5670    33.5375  1026.2518     2.5004     6.5993    100.312   -0.00122    6.57874    6.58456      8.306     0.4674   11.85190   3.537852 1.0997e+05    26.0410    26.0403 1.0000e-12     46.362          1       3373    1483.56 -5.148e-01  52695.046    140.487 1581304458       0.09      0.307   39.47966  -73.06620    33.6967  1026.2547    26.0440     8.5622 0.0000e+00
     47.000     8.5670    33.5375  1026.2563     2.4990     6.6006    100.332   -0.00061    6.57873    6.58455      8.305     0.4975   11.85189   3.537894 8.5010e+04    26.0410    26.0403 1.0000e-12     47.366          1       3424    1483.57 5.3048e-01  52695.661    142.645 1581304460      -0.07      0.447   39.47967  -73.06618    33.6967  1026.2592    26.0439     8.5622 0.0000e+00
     48.000     8.5671    33.5376  1026.2610     2.4993     6.6105    100.482    0.00022    6.57881    6.58463      8.305     0.4476   11.85202   3.537952 -6.767e+03    26.0411    26.0403 1.0000e-12     48.376          1       3505    1483.59 5.5448e+00  52696.460    145.980 1581304463       0.11      0.246   39.47968  -73.06617    33.6967  1026.2639    26.0440     8.5621 0.0000e+00
     49.000     8.5670    33.5376  1026.2656     2.4989     6.6060    100.413   -0.00019    6.57886    6.58468      8.305     0.4469   11.85210   3.537982 2.0503e-11    26.0411    26.0404 1.0000e-12     49.376          1       3558    1483.61 5.0764e+00  52697.199    148.221 1581304465       0.28      0.583   39.47968  -73.06616    33.6967  1026.2685    26.0440     8.5619 0.0000e+00
     50.000     8.5662    33.5369  1026.2697     2.4983     6.6057    100.406   -0.00014    6.57895    6.58477      8.304     0.4963   11.85227   3.537889 2.1359e-11    26.0407    26.0399 1.0000e-12     50.392          1       3626    1483.62 4.8763e+00  52696.982    151.025 1581304468      -0.14      0.324   39.47968  -73.06614    33.6960  1026.2726    26.0436     8.5610 0.0000e+00
     51.000     8.5659    33.5366  1026.2742     2.4941     6.5749     99.940   -0.00205    6.57888    6.58470      8.303     0.4439   11.85214   3.537880 8.2215e+04    26.0405    26.0397 1.0000e-12     51.396          1       3687    1483.63 8.6722e-01  52697.276    153.588 1581304471      -0.03      0.410   39.47968  -73.06614    33.6957  1026.2770    26.0434     8.5606 0.0000e+00
     52.000     8.5664    33.5367  1026.2788     2.4915     6.5879    100.137    0.00016    6.57891    6.58473      8.303     0.4778   11.85220   3.537983 5.5882e+04    26.0406    26.0397 1.0000e-12     52.410          1       3771    1483.65 2.0111e+00  52698.024    157.084 1581304474       0.03      0.234   39.47968  -73.06611    33.6958  1026.2817    26.0435     8.5610 0.0000e+00
     53.000     8.5662    33.5366  1026.2833     2.4941     6.6040    100.382    0.00094    6.57889    6.58471      8.303     0.4459   11.85217   3.537996 3.2855e+03    26.0405    26.0397 1.0000e-12     53.411          1       3816    1483.67 4.7882e+00  52698.605    158.961 1581304476      -0.03      0.520   39.47968  -73.06610    33.6957  1026.2862    26.0434     8.5607 0.0000e+00
     54.000     8.5663    33.5366  1026.2879     2.4950     6.6003    100.326    0.00011    6.57889    6.58471 -9.990e-29     0.4811   11.85216   3.538044 1.8205e+04    26.0405    26.0397 1.0000e-12     54.421          1       3879    1483.68 4.1334e+00  52699.197    161.584 1581304479      -0.03      0.379   39.47968  -73.06610    33.6957  1026.2908    26.0434     8.5607 0.0000e+00
     55.000     8.5663    33.5365  1026.2924     2.4965     6.6097    100.470    0.00053    6.57883    6.58465 -9.990e-29     0.4221   11.85207   3.538090 9.7704e+04    26.0405    26.0396 1.0000e-12     55.430          1       3953    1483.70 1.1609e-01  52699.770    164.684 1581304482      -0.02      0.307   39.47968  -73.06608    33.6956  1026.2953    26.0434     8.5606 0.0000e+00
     56.000     8.5666    33.5367  1026.2971     2.4967     6.6075    100.435    0.00012    6.57882    6.58464 -9.990e-29     0.4950   11.85205   3.538188 5.3292e+04    26.0406    26.0397 1.0000e-12     56.437          1       4023    1483.72 2.0874e+00  52700.640    167.580 1581304485       0.06      0.373   39.47970  -73.06608    33.6959  1026.3000    26.0435     8.5609 0.0000e+00
     57.000     8.5667    33.5367  1026.3017     2.4984     6.6181    100.597    0.00060    6.57882    6.58464 -9.990e-29     0.4511   11.85205   3.538229 2.1336e+03    26.0406    26.0397 1.0000e-12     57.445          1       4087    1483.74 4.8295e+00  52701.186    170.243 1581304487      -0.03      0.370   39.47970  -73.06606    33.6958  1026.3046    26.0435     8.5608 0.0000e+00
     58.000     8.5666    33.5366  1026.3062     2.4987     6.6150    100.550    0.00004    6.57886    6.58468 -9.990e-29     0.4162   11.85213   3.538259 2.0390e-11    26.0405    26.0396 1.0000e-12     58.453          1       4194    1483.75 5.1031e+00  52701.810    174.729 1581304492       0.16      0.192   39.47970  -73.06604    33.6957  1026.3091    26.0434     8.5606 0.0000e+00
     59.000     8.5667    33.5360  1026.3103     2.4985     6.6126    100.513   -0.00026    6.57884    6.58466 -9.990e-29     0.4771   11.85210   3.538249 2.0682e+04    26.0400    26.0391 1.0000e-12     59.463          1       4288    1483.77 4.1011e+00  52701.499    178.636 1581304496       0.04      0.266   39.47970  -73.06602    33.6951  1026.3132    26.0429     8.5606 0.0000e+00
     60.000     8.5671    33.5366  1026.3153     2.5006     6.6261    100.720    0.00004    6.57877    6.58459      8.302     0.4673   11.85197   3.538394 3.1895e+04    26.0405    26.0395 1.0000e-12     60.466          1       4837    1483.79 3.6425e+00  52702.952    201.483 1581304519      -0.21      0.195   39.47972  -73.06591    33.6957  1026.3182    26.0434     8.5609 0.0000e+00
     59.000     8.5670    33.5365  1026.3107     2.5035     6.6327    100.820    0.00025    6.57879    6.58461      8.302     0.4589   11.85200   3.538323 -8.874e+02    26.0404    26.0395 1.0000e-12     59.467          1       6053    1483.77 5.0405e+00  52702.216    252.170 1581304569      -0.33     -0.368   39.47976  -73.06567    33.6956  1026.3136    26.0433     8.5609 0.0000e+00
     58.000     8.5668    33.5369  1026.3064     2.5040     6.6253    100.707   -0.00055    6.57879    6.58461      8.302     0.4546   11.85201   3.538303 2.2146e-11    26.0407    26.0398 1.0000e-12     58.454          1       6318    1483.75 4.6921e+00  52702.105    263.202 1581304580      -0.08     -0.365   39.47978  -73.06562    33.6960  1026.3093    26.0436     8.5608 0.0000e+00
     57.000     8.5669    33.5368  1026.3017     2.5044     6.6325    100.817    0.00012    6.57881    6.58463      8.302     0.5125   11.85204   3.538256 2.1106e-11    26.0406    26.0397 1.0000e-12     57.447          1       6385    1483.74 4.9355e+00  52701.356    265.991 1581304583       0.04     -0.324   39.47978  -73.06560    33.6959  1026.3046    26.0435     8.5610 0.0000e+00
     56.000     8.5667    33.5366  1026.2971     2.5046     6.6273    100.735   -0.00037    6.57887    6.58469      8.302     0.4988   11.85213   3.538172 2.0761e-11    26.0405    26.0396 1.0000e-12     56.435          1       6518    1483.72 5.0162e+00  52700.488    271.533 1581304589      -0.19     -0.253   39.47978  -73.06557    33.6957  1026.2999    26.0434     8.5609 0.0000e+00
     55.000     8.5665    33.5365  1026.2924     2.5043     6.6321    100.809    0.00027    6.57886    6.58467      8.302     0.4365   11.85211   3.538108 2.1001e-11    26.0404    26.0396 1.0000e-12     55.430          1       6590    1483.70 4.9600e+00  52699.693    274.527 1581304592       0.04     -0.280   39.47978  -73.06556    33.6956  1026.2953    26.0433     8.5608 0.0000e+00
     54.000     8.5666    33.5365  1026.2878     2.5054     6.6373    100.889    0.00056    6.57886    6.58468      8.302     0.4501   11.85211   3.538071 2.2218e-11    26.0404    26.0396 1.0000e-12     54.425          1       6697    1483.68 4.6753e+00  52699.064    278.983 1581304596      -0.63     -0.262   39.47980  -73.06554    33.6956  1026.2907    26.0433     8.5610 0.0000e+00
     53.000     8.5663    33.5368  1026.2834     2.5070     6.6418    100.956    0.00059    6.57888    6.58470      8.302     0.5293   11.85215   3.538017 2.3833e-11    26.0406    26.0398 1.0000e-12     53.426          1       6776    1483.67 4.3498e+00  52698.800    282.303 1581304599      -0.57     -0.494   39.47980  -73.06553    33.6958  1026.2863    26.0435     8.5608 0.0000e+00
     52.000     8.5661    33.5368  1026.2789     2.5064     6.6322    100.809   -0.00018    6.57894    6.58476      8.302     0.4872   11.85224   3.537958 2.2298e+04    26.0406    26.0398 1.0000e-12     52.407          1       6865    1483.65 3.6379e+00  52698.159    286.002 1581304603       0.06     -0.332   39.47980  -73.06551    33.6958  1026.2817    26.0435     8.5607 0.0000e+00
     51.000     8.5661    33.5366  1026.2742     2.5056     6.6275    100.738   -0.00021    6.57897    6.58479      8.302     0.5562   11.85230   3.537898 1.0303e+05    26.0405    26.0397 1.0000e-12     51.394          1       6972    1483.63 -1.428e-01  52697.307    290.452 1581304608      -0.31     -0.315   39.47982  -73.06550    33.6957  1026.2770    26.0434     8.5608 0.0000e+00
     50.000     8.5658    33.5367  1026.2696     2.5069     6.6407    100.938    0.00075    6.57901    6.58483      8.302     0.5178   11.85236   3.537832 9.9999e+04    26.0406    26.0398 1.0000e-12     50.391          1       7012    1483.62 0.0000e+00  52696.716    292.141 1581304609       0.04     -0.564   39.47982  -73.06548    33.6957  1026.2725    26.0434     8.5607 0.0000e+00
     49.000     8.5656    33.5365  1026.2650     2.5062     6.6308    100.788   -0.00002    6.57895    6.58477      8.302     0.4677   11.85226   3.537761 8.0309e+04    26.0405    26.0397 1.0000e-12     49.382          1       7126    1483.60 7.1170e-01  52695.946    296.859 1581304614      -0.01     -0.416   39.47982  -73.06545    33.6956  1026.2678    26.0434     8.5606 0.0000e+00
     48.000     8.5659    33.5367  1026.2604     2.5070     6.6349    100.851    0.00027    6.57890    6.58472      8.302     0.4507   11.85217   3.537746 7.6723e+03    26.0405    26.0398 1.0000e-12     48.380          1       7223    1483.58 4.3758e+00  52695.403    300.926 1581304618      -0.08     -0.585   39.47982  -73.06544    33.6957  1026.2633    26.0434     8.5609 0.0000e+00
     47.000     8.5662    33.5369  1026.2559     2.5092     6.6429    100.973    0.00049    6.57883    6.58465      8.302     0.4674   11.85206   3.537760 2.0881e-11    26.0406    26.0399 1.0000e-12     47.360          1       7338    1483.57 4.9882e+00  52694.938    305.712 1581304623       0.00     -0.045   39.47984  -73.06541    33.6960  1026.2588    26.0436     8.5613 0.0000e+00
     46.000     8.5663    33.5371  1026.2515     2.5102     6.6423    100.965    0.00020    6.57882    6.58464      8.302     0.4706   11.85205   3.537736 1.9172e+04    26.0408    26.0400 1.0000e-12     46.363          1       7396    1483.55 4.0000e+00  52694.553    308.137 1581304625      -0.06     -0.533   39.47984  -73.06540    33.6961  1026.2544    26.0436     8.5615 0.0000e+00
     45.000     8.5667    33.5368  1026.2466     2.5107     6.6438    100.987    0.00018    6.57882    6.58463      8.302     0.4948   11.85204   3.537703 9.0466e+04    26.0404    26.0397 1.0000e-12     45.352          1       7465    1483.54 4.8668e-01  52693.397    310.997 1581304628      -0.05     -0.352   39.47984  -73.06539    33.6959  1026.2495    26.0433     8.5620 0.0000e+00
     44.000     8.5666    33.5368  1026.2420     2.5105     6.6419    100.956    0.00020    6.57900    6.58482      8.302     0.4683   11.85236   3.537645 -1.301e+03    26.0404    26.0397 1.0000e-12     44.340          1       7573    1483.52 5.1029e+00  52692.726    315.500 1581304633      -0.39     -0.420   39.47984  -73.06536    33.6958  1026.2448    26.0433     8.5621 0.0000e+00
     43.000     8.5658    33.5364  1026.2372     2.5096     6.6339    100.834   -0.00029    6.57904    6.58487      8.302     0.4554   11.85242   3.537492 1.9978e-11    26.0402    26.0396 1.0000e-12     43.335          1       7626    1483.50 5.1994e+00  52691.710    317.718 1581304635       0.04     -0.432   39.47984  -73.06536    33.6954  1026.2401    26.0431     8.5614 0.0000e+00
     42.000     8.5653    33.5360  1026.2324     2.5106     6.6437    100.982    0.00048    6.57911    6.58493      8.302     0.4461   11.85254   3.537365 9.3747e+02    26.0400    26.0393 1.0000e-12     42.331          1       7705    1483.48 4.9455e+00  52690.562    320.994 1581304638      -0.26     -0.363   39.47985  -73.06534    33.6950  1026.2353    26.0428     8.5610 0.0000e+00
     41.000     8.5653    33.5361  1026.2279     2.5116     6.6398    100.922   -0.00020    6.57917    6.58499      8.302     0.4448   11.85263   3.537327 2.8347e+04    26.0400    26.0394 1.0000e-12     41.319          1       7812    1483.46 3.8145e+00  52690.039    325.478 1581304643      -0.07     -0.306   39.47986  -73.06532    33.6951  1026.2307    26.0429     8.5611 0.0000e+00
     40.000     8.5644    33.5351  1026.2227     2.5100     6.6317    100.797   -0.00052    6.57925    6.58508      8.301     0.4655   11.85278   3.537110 3.1465e+04    26.0394    26.0388 1.0000e-12     40.316          1       9022    1483.44 3.1152e+00  52688.268    375.875 1581304693      -0.08     -0.342   39.47992  -73.06508    33.6941  1026.2255    26.0423     8.5603 0.0000e+00
     39.000     8.5635    33.5339  1026.2173     2.5093     6.6303    100.773   -0.00024    6.57946    6.58529      8.301     0.4395   11.85314   3.536868 -4.027e+03    26.0386    26.0380 1.0000e-12     39.301          1      10032    1483.42 5.4779e+00  52686.074    417.956 1581304735      -0.25     -0.177   39.47996  -73.06487    33.6929  1026.2201    26.0414     8.5595 0.0000e+00
     38.000     8.5633    33.5338  1026.2126     2.5086     6.6266    100.716   -0.00030    6.57951    6.58534      8.300     0.4019   11.85323   3.536793 2.0239e-11    26.0385    26.0379 1.0000e-12     38.296          1      10009    1483.40 5.1383e+00  52685.325    416.997 1581304734      -0.00     -0.417   39.47996  -73.06488    33.6928  1026.2155    26.0414     8.5593 0.0000e+00
     37.000     8.5630    33.5336  1026.2079     2.5080     6.6242    100.680   -0.00031    6.57948    6.58531      8.300     0.4335   11.85318   3.536701 1.9811e-11    26.0384    26.0378 1.0000e-12     37.292          1      10084    1483.39 5.2384e+00  52684.387    420.139 1581304737      -0.32     -0.320   39.47998  -73.06486    33.6926  1026.2107    26.0412     8.5591 0.0000e+00
