CalculateIndicators/WaterTemperature/Data/CTD_NYOS/20200209_C010.cnv
* Sea-Bird SBE 9 Data File:
* FileName = C:\Seabird 9 CTD\Data\2020\202002_offshore\20200209_C010.hex
* Software Version Seasave V 7.23.2
* Temperature SN = 4590
* Conductivity SN = 3228
* Number of Bytes Per Scan = 44
* Number of Voltage Words = 5
* Number of Scans Averaged by the Deck Unit = 1
* NMEA Latitude = 39 08.09 N
* NMEA Longitude = 072 56.67 W
* NMEA UTC (Time) = Feb 09 2020  22:37:49
* NMEA baud rate = 4800
** Ship: rv seawolf
** Station: 6.5
** Operator: eih
# nquan = 35
# nvalues = 150                         
# units = specified
# name 0 = depSM: Depth [salt water, m]
# name 1 = t090C: Temperature [ITS-90, deg C]
# name 2 = sal00: Salinity, Practical [PSU]
# name 3 = density00: Density [density, kg/m^3]
# name 4 = sbeox0V: Oxygen raw, SBE 43 [V]
# name 5 = sbeox0ML/L: Oxygen, SBE 43 [ml/l]
# name 6 = sbeox0PS: Oxygen, SBE 43 [% saturation]
# name 7 = sbox0dV/dT: Oxygen, SBE 43 [dov/dt]
# name 8 = oxsolML/L: Oxygen Saturation, Garcia & Gordon [ml/l]
# name 9 = oxsatML/L: Oxygen Saturation, Weiss [ml/l]
# name 10 = ph: pH
# name 11 = flECO-AFL: Fluorescence, WET Labs ECO-AFL/FL [mg/m^3]
# name 12 = n2satML/L: Nitrogen Saturation [ml/l]
# name 13 = c0S/m: Conductivity [S/m]
# name 14 = cpar: CPAR/Corrected Irradiance [%]
# name 15 = sigma-é00: Density [sigma-theta, kg/m^3]
# name 16 = sigma-t00: Density [sigma-t, kg/m^3 ]
# name 17 = par: PAR/Irradiance, Biospherical/Licor
# name 18 = prDM: Pressure, Digiquartz [db]
# name 19 = pumps: Pump Status
# name 20 = scan: Scan Count
# name 21 = svCM: Sound Velocity [Chen-Millero, m/s]
# name 22 = spar: SPAR, Biospherical/Licor
# name 23 = specc: Specific Conductance [uS/cm]
# name 24 = timeS: Time, Elapsed [seconds]
# name 25 = timeY: Time, System [seconds]
# name 26 = accM: Acceleration [m/s^2]
# name 27 = dz/dtM: Descent Rate [m/s]
# name 28 = latitude: Latitude [deg]
# name 29 = longitude: Longitude [deg]
# name 30 = gsw_saA0: Absolute Salinity [g/kg]
# name 31 = gsw_densityA0: density, TEOS-10 [density, kg/m^3]
# name 32 = gsw_sigma0A0: density, TEOS-10 [sigma-0, kg/m^3 ]
# name 33 = gsw_ptA0: potential temperature [ITS-90, deg C]
# name 34 = flag: flag
# span 0 =      1.000,     76.000       
# span 1 =     9.3605,    13.2119       
# span 2 =    33.4391,    35.0441       
# span 3 =  1025.8416,  1026.7261       
# span 4 =     2.2279,     2.5326       
# span 5 =     5.0757,     6.5534       
# span 6 =     86.083,    101.326       
# span 7 =   -0.01315,    0.01309       
# span 8 =    5.89627,    6.46820       
# span 9 =    5.89405,    6.47232       
# span 10 =      8.233,      8.276      
# span 11 =     0.0420,     0.5256      
# span 12 =   10.70562,   11.67035      
# span 13 =   3.598145,   4.125497      
# span 14 = -1.119e+04, 1.0422e+05      
# span 15 =    25.8383,    26.3864      
# span 16 =    25.8382,    26.3843      
# span 17 = -6.950e-05, 7.2775e-01      
# span 18 =      1.018,     76.589      
# span 19 =          1,          1      
# span 20 =        559,      20734      
# span 21 =    1485.64,    1502.21      
# span 22 = -1.381e-01, 6.3200e+00      
# span 23 =  52355.264,  53972.178      
# span 24 =     23.241,    863.895      
# span 25 = 1581287896, 1581288737      
# span 26 =      -0.31,       0.27      
# span 27 =     -0.640,      0.743      
# span 28 =   39.13498,   39.13732      
# span 29 =  -72.94452,  -72.94378      
# span 30 =    33.5976,    35.2142      
# span 31 =  1025.8461,  1026.7336      
# span 32 =    25.8415,    26.3939      
# span 33 =     9.3603,    13.2013      
# span 34 = 0.0000e+00, 0.0000e+00      
# interval = meters: 1                  
# start_time = Feb 09 2020 22:37:53 [System UTC, first data scan.]
# bad_flag = -9.990e-29
*END*
      2.000     9.3605    33.4391  1025.8477     2.5315     6.5534    101.318    0.00044    6.46820    6.47232      8.256     0.4563   11.67035   3.598145 5.5735e+04    25.8385    25.8385 3.1891e-01      2.016          1        559    1485.64 2.6653e+00  52355.264     23.241 1581287896       0.16      0.068   39.13498  -72.94452    33.5976  1025.8508    25.8417     9.3603 0.0000e+00
      3.000     9.3625    33.4391  1025.8520     2.5326     6.5534    101.326   -0.00005    6.46761    6.47172      8.256     0.4868   11.66937   3.598373 3.4296e+03    25.8383    25.8382 1.9595e-01      3.022          1       1013    1485.66 5.7238e+00  52355.534     42.176 1581287915       0.01      0.424   39.13504  -72.94450    33.5977  1025.8551    25.8415     9.3621 0.0000e+00
      4.000     9.3638    33.4397  1025.8568     2.5311     6.5454    101.199   -0.00057    6.46782    6.47193 -9.990e-29     0.4560   11.66970   3.598603 2.1605e+00    25.8385    25.8384 1.2799e-01      4.031          1       1103    1485.69 5.9242e+00  52356.673     45.904 1581287918       0.04      0.377   39.13504  -72.94450    33.5983  1025.8600    25.8417     9.3634 0.0000e+00
      5.000     9.3619    33.4402  1025.8620     2.5308     6.5466    101.250   -0.00016    6.46573    6.46982 -9.990e-29     0.4416   11.66622   3.598519 1.2877e+00    25.8392    25.8391 7.6287e-02      5.039          1       1167    1485.70 5.9242e+00  52358.425     48.603 1581287921      -0.02      0.360   39.13506  -72.94448    33.5988  1025.8653    25.8424     9.3614 0.0000e+00
      6.000     9.3728    33.4419  1025.8662     2.5289     6.5354    101.089   -0.00076    6.46502    6.46910 -9.990e-29     0.4422   11.66504   3.599779 6.4229e-01    25.8388    25.8387 3.8050e-02      6.046          1       1224    1485.75 5.9242e+00  52359.230     50.941 1581287923       0.03      0.449   39.13506  -72.94448    33.6012  1025.8700    25.8426     9.3721 0.0000e+00
      7.000     9.3809    33.4434  1025.8707     2.5291     6.5439    101.234    0.00018    6.46409    6.46816 -9.990e-29     0.4294   11.66347   3.600663 3.6413e-01    25.8387    25.8386 2.1571e-02      7.053          1       1274    1485.80 5.9242e+00  52360.327     53.055 1581287926      -0.00      0.479   39.13506  -72.94448    33.6023  1025.8741    25.8421     9.3801 0.0000e+00
      8.000     9.3854    33.4456  1025.8762     2.5295     6.5442    101.248    0.00005    6.46358    6.46764 -9.990e-29     0.4518   11.66258   3.601353 2.8878e-02    25.8397    25.8396 1.7108e-03      8.061          1       1335    1485.84 5.9242e+00  52363.130     55.593 1581287928      -0.04      0.386   39.13507  -72.94448    33.6048  1025.8799    25.8434     9.3845 0.0000e+00
      9.000     9.3890    33.4481  1025.8822     2.5280     6.5335    101.091   -0.00071    6.46293    6.46699 -9.990e-29     0.4684   11.66143   3.601960 -1.173e-03    25.8411    25.8410 -6.950e-05      9.073          1       1397    1485.87 5.9242e+00  52366.625     58.157 1581287931       0.10      0.398   39.13508  -72.94448    33.6071  1025.8858    25.8447     9.3881 0.0000e+00
     10.000     9.3913    33.4541  1025.8911     2.5249     6.5143    100.794   -0.00188    6.46298    6.46704 -9.990e-29     0.4592   11.66153   3.602795 1.6880e-11    25.8454    25.8452 1.0000e-12     10.076          1       1435    1485.90 5.9242e+00  52375.122     59.763 1581287932       0.09      0.606   39.13508  -72.94448    33.6132  1025.8947    25.8490     9.3902 0.0000e+00
     11.000     9.3924    33.4554  1025.8965     2.5232     6.5170    100.834   -0.00103    6.46311    6.46716 -9.990e-29     0.4470   11.66175   3.603041 1.6880e-11    25.8463    25.8461 1.0000e-12     11.083          1       1478    1485.93 5.9242e+00  52377.435     61.529 1581287934      -0.08      0.583   39.13509  -72.94448    33.6143  1025.8999    25.8497     9.3912 0.0000e+00
     12.000     9.3918    33.4532  1025.8995     2.5230     6.5249    100.959   -0.00007    6.46287    6.46693 -9.990e-29     0.5101   11.66132   3.602809 1.6880e-11    25.8447    25.8445 1.0000e-12     12.091          1       1531    1485.94 5.9242e+00  52375.106     63.753 1581287936      -0.02      0.456   39.13510  -72.94448    33.6119  1025.9027    25.8480     9.3905 0.0000e+00
     13.000     9.3927    33.4565  1025.9064     2.5222     6.5210    100.900   -0.00041    6.46281    6.46688 -9.990e-29     0.4692   11.66115   3.603254 1.6880e-11    25.8471    25.8469 1.0000e-12     13.104          1       1600    1485.96 5.9242e+00  52380.164     66.632 1581287939       0.00      0.309   39.13510  -72.94448    33.6152  1025.9098    25.8504     9.3913 0.0000e+00
     14.000     9.3919    33.4594  1025.9135     2.5194     6.5014    100.600   -0.00171    6.46256    6.46662 -9.990e-29     0.4732   11.66072   3.603516 1.6880e-11    25.8496    25.8494 1.0000e-12     14.110          1       1640    1485.98 5.9242e+00  52385.156     68.284 1581287941       0.22      0.592   39.13510  -72.94448    33.6183  1025.9169    25.8530     9.3903 0.0000e+00
     15.000     9.3909    33.4639  1025.9217     2.5189     6.5081    100.711   -0.00070    6.46214    6.46619 -9.990e-29     0.4937   11.65999   3.603895 1.6880e-11    25.8533    25.8530 1.0000e-12     15.111          1       1672    1486.00 5.9242e+00  52392.331     69.634 1581287942      -0.01      0.743   39.13512  -72.94448    33.6226  1025.9250    25.8565     9.3893 0.0000e+00
     16.000     9.3943    33.4667  1025.9279     2.5152     6.4909    100.461   -0.00127    6.46104    6.46509      8.256     0.4801   11.65808   3.604523 5.8415e+04    25.8549    25.8546 1.0000e-12     16.123          1       1743    1486.03 2.4437e+00  52396.129     72.583 1581287945      -0.11      0.306   39.13512  -72.94448    33.6255  1025.9313    25.8582     9.3926 0.0000e+00
     17.000     9.3953    33.4709  1025.9357     2.5101     6.4689    100.165   -0.00170    6.45823    6.46225      8.254     0.4554   11.65328   3.605062 3.1719e+03    25.8581    25.8578 1.0000e-12     17.134          1       1815    1486.06 5.4745e+00  52402.574     75.565 1581287948       0.23      0.421   39.13513  -72.94448    33.6297  1025.9390    25.8614     9.3934 0.0000e+00
     18.000     9.4106    33.4846  1025.9484     2.5007     6.4110     99.265   -0.00503    6.45848    6.46250      8.256     0.4605   11.65369   3.607948 3.0732e+02    25.8663    25.8660 1.0000e-12     18.135          1       1855    1486.14 5.8908e+00  52419.266     77.241 1581287950      -0.05      0.581   39.13514  -72.94447    33.6448  1025.9528    25.8707     9.4086 0.0000e+00
     19.000     9.4147    33.4874  1025.9545     2.4933     6.4124     99.284   -0.00219    6.45866    6.46269      8.251     0.4520   11.65400   3.608512 1.6880e-11    25.8678    25.8675 1.0000e-12     19.147          1       1923    1486.18 5.9242e+00  52422.951     80.071 1581287953      -0.05      0.330   39.13514  -72.94446    33.6464  1025.9579    25.8712     9.4126 0.0000e+00
     20.000     9.4132    33.4875  1025.9594     2.4909     6.4172     99.354   -0.00090    6.45890    6.46293      8.251     0.4732   11.65439   3.608419 1.6880e-11    25.8682    25.8678 1.0000e-12     20.154          1       1990    1486.19 5.9242e+00  52424.087     82.887 1581287955       0.05      0.377   39.13514  -72.94446    33.6463  1025.9627    25.8715     9.4110 0.0000e+00
     21.000     9.4120    33.4876  1025.9643     2.4885     6.4119     99.260   -0.00079    6.45969    6.46374      8.251     0.4573   11.65570   3.608356 1.6880e-11    25.8685    25.8681 1.0000e-12     21.162          1       2049    1486.20 5.9242e+00  52425.234     85.352 1581287958      -0.01      0.406   39.13516  -72.94446    33.6464  1025.9675    25.8717     9.4097 0.0000e+00
     22.000     9.4071    33.4872  1025.9694     2.4859     6.4038     99.120   -0.00099    6.46070    6.46476      8.251     0.4448   11.65739   3.607881 1.6880e-11    25.8690    25.8686 1.0000e-12     22.169          1       2112    1486.20 5.9242e+00  52426.255     87.956 1581287961      -0.02      0.381   39.13516  -72.94446    33.6456  1025.9723    25.8719     9.4047 0.0000e+00
     23.000     9.4003    33.4861  1025.9742     2.4834     6.3996     99.032   -0.00084    6.46217    6.46624      8.252     0.4250   11.65983   3.607180 1.6880e-11    25.8693    25.8688 1.0000e-12     23.178          1       2180    1486.19 5.9242e+00  52426.783     90.778 1581287963       0.02      0.359   39.13516  -72.94446    33.6443  1025.9770    25.8720     9.3978 0.0000e+00
     24.000     9.3914    33.4845  1025.9790     2.4840     6.4127     99.217    0.00025    6.46330    6.46739      8.252     0.4285   11.66171   3.606266 1.6880e-11    25.8695    25.8690 1.0000e-12     24.186          1       2235    1486.17 5.9242e+00  52427.034     93.094 1581287966       0.06      0.443   39.13518  -72.94446    33.6427  1025.9817    25.8722     9.3888 0.0000e+00
     25.000     9.3834    33.4837  1025.9842     2.4820     6.4008     99.027   -0.00051    6.46368    6.46777 -9.990e-29     0.4240   11.66234   3.605492 1.6880e-11    25.8701    25.8697 1.0000e-12     25.192          1       2300    1486.16 5.9242e+00  52428.149     95.812 1581287968      -0.07      0.337   39.13518  -72.94446    33.6418  1025.9869    25.8728     9.3806 0.0000e+00
     26.000     9.3785    33.4832  1025.9892     2.4812     6.4044     99.080    0.00004    6.46391    6.46801 -9.990e-29     0.4177   11.66272   3.605067 1.6880e-11    25.8705    25.8700 1.0000e-12     26.205          1       2388    1486.16 5.9242e+00  52429.064     99.461 1581287972       0.23      0.299   39.13520  -72.94446    33.6415  1025.9920    25.8734     9.3757 0.0000e+00
     27.000     9.3776    33.4833  1025.9940     2.4819     6.4103     99.171    0.00044    6.46387    6.46797 -9.990e-29     0.4256   11.66265   3.605048 1.6880e-11    25.8708    25.8703 1.0000e-12     27.204          1       2426    1486.17 5.9242e+00  52430.055    101.061 1581287974      -0.00      0.574   39.13520  -72.94446    33.6417  1025.9969    25.8737     9.3747 0.0000e+00
     28.000     9.3778    33.4835  1025.9987     2.4799     6.3944     98.927   -0.00075    6.46371    6.46781      8.251     0.4294   11.66238   3.605140 1.6880e-11    25.8709    25.8704 1.0000e-12     28.218          1       2529    1486.19 5.9242e+00  52430.912    105.338 1581287978       0.03      0.174   39.13521  -72.94446    33.6420  1026.0018    25.8740     9.3747 0.0000e+00
     29.000     9.3808    33.4849  1026.0039     2.4805     6.4107     99.180    0.00072    6.46371    6.46781      8.251     0.4561   11.66236   3.605623 1.6880e-11    25.8716    25.8711 1.0000e-12     29.225          1       2609    1486.22 5.9242e+00  52433.015    108.649 1581287981       0.11      0.499   39.13522  -72.94446    33.6438  1026.0072    25.8749     9.3776 0.0000e+00
     30.000     9.3782    33.4853  1026.0092     2.4799     6.4009     99.032   -0.00022    6.46347    6.46757      8.250     0.4512   11.66196   3.605442 2.5749e+04    25.8723    25.8717 1.0000e-12     30.232          1       2648    1486.23 3.5513e+00  52434.683    110.294 1581287983       0.08      0.598   39.13522  -72.94446    33.6438  1026.0122    25.8753     9.3750 0.0000e+00
     31.000     9.3787    33.4861  1026.0143     2.4787     6.3943     98.936   -0.00056    6.46303    6.46712      8.250     0.4313   11.66122   3.605636 6.2539e+04    25.8729    25.8723 1.0000e-12     31.237          1       2695    1486.24 1.3720e+00  52436.416    112.232 1581287985      -0.12      0.524   39.13523  -72.94446    33.6450  1026.0176    25.8761     9.3753 0.0000e+00
     32.000     9.3817    33.4875  1026.0195     2.4775     6.3907     98.899   -0.00052    6.46185    6.46592      8.250     0.3912   11.65922   3.606099 -9.990e-29    25.8735    25.8729 1.0000e-12     32.248          1       2759    1486.27 5.9634e+00  52438.351    114.896 1581287987       0.05      0.373   39.13524  -72.94446    33.6465  1026.0229    25.8768     9.3782 0.0000e+00
     33.000     9.3870    33.4896  1026.0248     2.4751     6.3783     98.713   -0.00111    6.46145    6.46552      8.248     0.3852   11.65856   3.606855 1.6880e-11    25.8743    25.8737 1.0000e-12     33.256          1       2810    1486.31 5.9242e+00  52440.830    117.048 1581287990       0.05      0.469   39.13524  -72.94446    33.6489  1026.0285    25.8779     9.3834 0.0000e+00
     34.000     9.3917    33.4912  1026.0300     2.4733     6.3731     98.635   -0.00107    6.46128    6.46535      8.248     0.3936   11.65827   3.607466 1.6880e-11    25.8748    25.8742 1.0000e-12     34.262          1       2853    1486.35 5.9242e+00  52442.853    118.835 1581287991       0.01      0.563   39.13525  -72.94446    33.6503  1026.0334    25.8783     9.3880 0.0000e+00
     35.000     9.3930    33.4917  1026.0347     2.4715     6.3700     98.590   -0.00082    6.46113    6.46520      8.248     0.4167   11.65802   3.607666 1.6880e-11    25.8750    25.8744 1.0000e-12     35.268          1       2904    1486.37 5.9242e+00  52443.906    120.939 1581287994      -0.08      0.480   39.13526  -72.94446    33.6508  1026.0381    25.8785     9.3891 0.0000e+00
     36.000     9.3941    33.4922  1026.0395     2.4703     6.3714     98.617   -0.00027    6.46075    6.46481 -9.990e-29     0.3996   11.65738   3.607864 1.6880e-11    25.8752    25.8746 1.0000e-12     36.280          1       2973    1486.39 5.9242e+00  52445.028    123.815 1581287996       0.05      0.325   39.13526  -72.94446    33.6513  1026.0429    25.8787     9.3902 0.0000e+00
     37.000     9.3964    33.4931  1026.0444     2.4689     6.3645     98.513   -0.00062    6.46058    6.46464 -9.990e-29     0.3762   11.65709   3.608199 1.6880e-11    25.8755    25.8749 1.0000e-12     37.286          1       3030    1486.42 5.9242e+00  52446.393    126.197 1581287999      -0.02      0.421   39.13527  -72.94445    33.6521  1026.0478    25.8790     9.3924 0.0000e+00
     38.000     9.3972    33.4935  1026.0492 -9.990e-29     6.3736     98.658    0.00024    6.46030    6.46436 -9.990e-29     0.3984   11.65663   3.608355 1.6880e-11    25.8758    25.8751 1.0000e-12     38.295          1       3083    1486.44 5.9242e+00  52447.494    128.421 1581288001       0.10      0.459   39.13528  -72.94444    33.6525  1026.0526    25.8792     9.3931 0.0000e+00
     39.000     9.3991    33.4940  1026.0538 -9.990e-29     6.3699     98.601   -0.00014    6.46027    6.46432 -9.990e-29     0.3426   11.65657   3.608615 1.6880e-11    25.8759    25.8752 1.0000e-12     39.301          1       3131    1486.46 5.9242e+00  52448.433    130.434 1581288003      -0.05      0.499   39.13528  -72.94444    33.6530  1026.0572    25.8793     9.3948 0.0000e+00
     40.000     9.3998    33.4942  1026.0585     2.4685     6.3720     98.631    0.00001    6.46041    6.46447      8.247     0.3650   11.65681   3.608738 1.6880e-11    25.8760    25.8753 1.0000e-12     40.310          1       3196    1486.48 5.9242e+00  52449.278    133.145 1581288006      -0.04      0.352   39.13530  -72.94444    33.6532  1026.0618    25.8793     9.3954 0.0000e+00
     41.000     9.3992    33.4941  1026.0630     2.4684     6.3677     98.567   -0.00039    6.46033    6.46439      8.247     0.3832   11.65668   3.608702 1.6880e-11    25.8760    25.8753 1.0000e-12     41.318          1       3254    1486.50 5.9242e+00  52449.871    135.523 1581288008       0.18      0.451   39.13530  -72.94444    33.6529  1026.0663    25.8792     9.3947 0.0000e+00
     42.000     9.3989    33.4942  1026.0677     2.4673     6.3640     98.511   -0.00048    6.46022    6.46428      8.247     0.3463   11.65648   3.608743 1.6880e-11    25.8761    25.8754 1.0000e-12     42.324          1       3302    1486.51 5.9242e+00  52450.697    137.527 1581288010      -0.07      0.500   39.13530  -72.94444    33.6531  1026.0710    25.8794     9.3944 0.0000e+00
