CalculateIndicators/WaterTemperature/Data/CTD_NYOS/20201019_C08.cnv
* Sea-Bird SBE 9 Data File:
* FileName = C:\Seabird 9 CTD\Data\2020\202010_offshore\20201019_C08.hex
* Software Version Seasave V 7.23.2
* Temperature SN = 4590
* Conductivity SN = 3228
* Number of Bytes Per Scan = 44
* Number of Voltage Words = 5
* Number of Scans Averaged by the Deck Unit = 1
* NMEA Latitude = 38 32.98 N
* NMEA Longitude = 073 04.78 W
* NMEA UTC (Time) = Oct 20 2020  15:04:07
* NMEA baud rate = 4800
** Ship: seawolf
** Station: 7.6
** Operator: SJW
# nquan = 31
# nvalues = 607                         
# units = specified
# name 0 = depSM: Depth [salt water, m]
# name 1 = t090C: Temperature [ITS-90, deg C]
# name 2 = sal00: Salinity, Practical [PSU]
# name 3 = density00: Density [density, kg/m^3]
# name 4 = sbeox0V: Oxygen raw, SBE 43 [V]
# name 5 = sbeox0ML/L: Oxygen, SBE 43 [ml/l]
# name 6 = sbeox0PS: Oxygen, SBE 43 [% saturation]
# name 7 = sbox0dV/dT: Oxygen, SBE 43 [dov/dt]
# name 8 = oxsolML/L: Oxygen Saturation, Garcia & Gordon [ml/l]
# name 9 = oxsatML/L: Oxygen Saturation, Weiss [ml/l]
# name 10 = ph: pH
# name 11 = flECO-AFL: Fluorescence, WET Labs ECO-AFL/FL [mg/m^3]
# name 12 = n2satML/L: Nitrogen Saturation [ml/l]
# name 13 = c0S/m: Conductivity [S/m]
# name 14 = cpar: CPAR/Corrected Irradiance [%]
# name 15 = sigma-é00: Density [sigma-theta, kg/m^3]
# name 16 = sigma-t00: Density [sigma-t, kg/m^3 ]
# name 17 = par: PAR/Irradiance, Biospherical/Licor
# name 18 = prDM: Pressure, Digiquartz [db]
# name 19 = pumps: Pump Status
# name 20 = scan: Scan Count
# name 21 = svCM: Sound Velocity [Chen-Millero, m/s]
# name 22 = spar: SPAR, Biospherical/Licor
# name 23 = specc: Specific Conductance [uS/cm]
# name 24 = timeS: Time, Elapsed [seconds]
# name 25 = timeY: Time, System [seconds]
# name 26 = accM: Acceleration [m/s^2]
# name 27 = dz/dtM: Descent Rate [m/s]
# name 28 = latitude: Latitude [deg]
# name 29 = longitude: Longitude [deg]
# name 30 = flag: flag
# span 0 =      1.979,    302.499       
# span 1 =     9.0042,    20.6598       
# span 2 =    34.9657,    35.7080       
# span 3 =  1024.5686,  1028.6698       
# span 4 =     1.4395,     2.4863       
# span 5 =     3.0056,     4.9536       
# span 6 =     48.450,     96.701       
# span 7 =   -0.02957,    0.02571       
# span 8 =    5.11207,    6.44119       
# span 9 =    5.10189,    6.44671       
# span 10 =      8.256,      8.529      
# span 11 =    -0.0827,     0.4564      
# span 12 =    9.40613,   11.60462      
# span 13 =   3.749765,   4.854918      
# span 14 = -4.970e-05, 3.1568e+01      
# span 15 =    24.5600,    27.2939      
# span 16 =    24.5599,    27.2885      
# span 17 = -3.704e-04, 2.4524e+02      
# span 18 =      2.000,    305.000      
# span 19 =          1,          1      
# span 20 =        161,      44554      
# span 21 =    1491.50,    1523.38      
# span 22 = 4.0432e+02, 1.8095e+03      
# span 23 =  53157.137,  55131.837      
# span 24 =      6.677,   1856.384      
# span 25 = 1603206256, 1603208106      
# span 26 =      -0.72,       0.61      
# span 27 =     -1.218,      1.240      
# span 28 =   38.54973,   38.55122      
# span 29 =  -73.08323,  -73.07974      
# span 30 = 0.0000e+00, 0.0000e+00      
# interval = decibars: 1                
# start_time = Oct 20 2020 15:04:10 [System UTC, first data scan.]
# bad_flag = -9.990e-29
*END*
[from data line 562]
     45.651    18.3029    35.0628  1025.4469     2.3710     4.8747     92.163    0.00589    5.28930    5.28054      8.378     0.4564    9.69946   4.631225 1.3954e+00    25.2470    25.2451 1.1866e+01     46.000          1      37588    1517.51 8.5041e+02  53451.664   1566.127 1603207816      -0.01     -0.320   38.55098  -73.08280 0.0000e+00
     44.654    18.6125    35.0603  1025.3626     2.4004     4.9351     93.842    0.01121    5.25904    5.25003      8.379     0.4543    9.64929   4.663228 1.5112e+00    25.1673    25.1653 1.2931e+01     45.000          1      37652    1518.38 8.5559e+02  53426.674   1568.781 1603207818      -0.10     -0.347   38.55098  -73.08280 0.0000e+00
     43.663    19.1961    35.0324  1025.1882     2.4208     4.9440     94.587    0.00766    5.22690    5.21761      8.387     0.4312    9.59596   4.720504 1.6517e+00    24.9976    24.9956 1.4163e+01     44.000          1      37729    1519.99 8.5758e+02  53349.551   1571.980 1603207822      -0.30     -0.428   38.55098  -73.08280 0.0000e+00
     42.670    19.4483    35.0385  1025.1233     2.4263     4.9201     94.610    0.00424    5.20046    5.19097      8.384     0.4277    9.55211   4.744332 1.8309e+00    24.9373    24.9353 1.5736e+01     43.000          1      37828    1520.70 8.5940e+02  53340.992   1576.145 1603207826      -0.20     -0.439   38.55098  -73.08280 0.0000e+00
     41.677    19.6512    35.0313  1025.0606     2.4361     4.9398     95.154    0.00588    5.19134    5.18176      8.386     0.4102    9.53711   4.764515 1.9728e+00    24.8791    24.8771 1.7133e+01     42.000          1      37885    1521.24 8.6849e+02  53319.381   1578.521 1603207828      -0.09     -0.637   38.55098  -73.08281 0.0000e+00
     40.686    19.8468    35.0310  1025.0047     2.4398     4.9319     95.137    0.00247    5.18405    5.17442      8.383     0.4039    9.52498   4.784099 2.1803e+00    24.8276    24.8256 1.8912e+01     41.000          1      37979    1521.77 8.6741e+02  53307.183   1582.423 1603207832       0.02     -0.308   38.55099  -73.08282 0.0000e+00
     39.689    20.0657    35.0271  1024.9397     2.4463     4.9269     95.300    0.00000    5.16989    5.16015      8.388     0.3671    9.50144   4.804388 2.3564e+00    24.7670    24.7651 2.1292e+01     40.000          1      38627    1522.35 9.0323e+02  53289.174   1609.396 1603207859      -0.06     -0.309   38.55102  -73.08287 0.0000e+00
     38.697    20.2648    35.0224  1024.8788     2.4594     4.9357     95.986    0.00201    5.14210    5.13215      8.396     0.1958    9.45544   4.824196 2.5014e+00    24.7106    24.7087 2.3063e+01     39.000          1      39420    1522.88 9.2174e+02  53271.884   1642.439 1603207892      -0.06     -0.354   38.55105  -73.08293 0.0000e+00
     37.719    20.4182    35.0137  1024.8270     2.4661     4.9382     96.198    0.00057    5.13331    5.12329      8.403     0.0978    9.44089   4.838130 2.6614e+00    24.6631    24.6612 2.4592e+01     38.000          1      39675    1523.28 9.2405e+02  53251.350   1653.064 1603207903      -0.22     -0.154   38.55107  -73.08296 0.0000e+00
     36.715    20.4226    35.0145  1024.8220     2.4662     4.9379     96.194    0.00041    5.13328    5.12326      8.402     0.0889    9.44083   4.838644 2.8433e+00    24.6624    24.6606 2.6153e+01     37.000          1      39709    1523.27 9.1987e+02  53251.773   1654.484 1603207904       0.06     -0.493   38.55108  -73.08296 0.0000e+00
     35.728    20.4404    35.0132  1024.8119     2.4661     4.9352     96.173    0.00048    5.13158    5.12155      8.402     0.0893    9.43808   4.840075 3.0015e+00    24.6567    24.6549 2.7630e+01     36.000          1      39822    1523.30 9.2051e+02  53248.715   1659.190 1603207909      -0.19     -0.197   38.55108  -73.08296 0.0000e+00
     34.730    20.4589    35.0059  1024.7970     2.4667     4.9355     96.202    0.00072    5.13036    5.12032      8.403     0.0752    9.43611   4.841034 3.1809e+00    24.6461    24.6444 2.9322e+01     35.000          1      39885    1523.33 9.2187e+02  53237.380   1661.845 1603207911      -0.18     -0.606   38.55108  -73.08296 0.0000e+00
     33.741    20.4729    35.0033  1024.7869     2.4673     4.9345     96.188    0.00002    5.13013    5.12009      8.404     0.0752    9.43571   4.841978 3.3966e+00    24.6404    24.6387 3.1164e+01     34.000          1      39983    1523.35 9.1751e+02  53232.721   1665.903 1603207916       0.06     -0.244   38.55108  -73.08298 0.0000e+00
     32.750    20.4755    35.0039  1024.7823     2.4673     4.9330     96.164   -0.00006    5.12978    5.11974 -9.990e-29     0.0767    9.43513   4.842184 3.6170e+00    24.6401    24.6384 3.3224e+01     33.000          1      40091    1523.34 9.1851e+02  53232.858   1670.409 1603207920      -0.21     -0.336   38.55108  -73.08299 0.0000e+00
     31.756    20.4763    35.0042  1024.7779     2.4692     4.9400     96.302    0.00099    5.12969    5.11965      8.406     0.0831    9.43498   4.842243 3.8450e+00    24.6400    24.6384 3.5115e+01     32.000          1      40137    1523.32 9.1337e+02  53232.681   1672.336 1603207922      -0.00     -0.509   38.55108  -73.08300 0.0000e+00
     30.765    20.4790    35.0042  1024.7729     2.4701     4.9395     96.294    0.00025    5.12963    5.11958      8.406     0.0818    9.43487   4.842457 4.0584e+00    24.6392    24.6377 3.7072e+01     31.000          1      40247    1523.32 9.1339e+02  53232.123   1676.912 1603207927      -0.12     -0.329   38.55110  -73.08300 0.0000e+00
     29.770    20.4788    35.0042  1024.7686     2.4704     4.9391     96.290    0.00015    5.12943    5.11938 -9.990e-29     0.0737    9.43455   4.842383 4.3165e+00    24.6393    24.6378 3.9551e+01     30.000          1      40326    1523.30 9.1633e+02  53231.705   1680.222 1603207930      -0.32     -0.634   38.55110  -73.08300 0.0000e+00
     28.775    20.4815    35.0039  1024.7632     2.4695     4.9347     96.208   -0.00045    5.12915    5.11910      8.422     0.0938    9.43409   4.842563 4.5991e+00    24.6382    24.6368 4.2046e+01     29.000          1      40418    1523.29 9.1419e+02  53230.600   1684.032 1603207934       0.01     -0.493   38.55110  -73.08301 0.0000e+00
     27.789    20.4852    35.0025  1024.7568     2.4722     4.9441     96.418    0.00146    5.12783    5.11777      8.423     0.0897    9.43194   4.842739 4.8782e+00    24.6361    24.6347 4.4698e+01     28.000          1      40543    1523.28 9.1634e+02  53228.047   1689.248 1603207939      -0.08     -0.335   38.55110  -73.08302 0.0000e+00
     26.793    20.4987    34.9992  1024.7463     2.4738     4.9451     96.444    0.00049    5.12747    5.11741      8.409     0.0881    9.43136   4.843702 5.1561e+00    24.6299    24.6286 4.7102e+01     27.000          1      40616    1523.29 9.1348e+02  53222.420   1692.286 1603207942      -0.04     -0.327   38.55110  -73.08302 0.0000e+00
     25.802    20.5133    34.9953  1024.7351     2.4729     4.9363     96.292   -0.00117    5.12639    5.11632      8.407     0.0760    9.42960   4.844666 5.4715e+00    24.6230    24.6217 5.0148e+01     26.000          1      40732    1523.32 9.1656e+02  53215.994   1697.129 1603207947      -0.01     -0.306   38.55110  -73.08304 0.0000e+00
     24.810    20.5177    34.9935  1024.7282     2.4710     4.9338     96.246   -0.00014    5.12620    5.11613      8.410     0.0780    9.42931   4.844828 5.7950e+00    24.6204    24.6192 5.2834e+01     25.000          1      40799    1523.31 9.1168e+02  53212.828   1699.906 1603207949      -0.09     -0.402   38.55112  -73.08304 0.0000e+00
     23.818    20.5207    34.9914  1024.7215     2.4725     4.9378     96.324    0.00028    5.12624    5.11617      8.411     0.0653    9.42938   4.844814 6.0698e+00    24.6180    24.6168 5.5727e+01     24.000          1      40896    1523.29 9.1811e+02  53209.406   1703.965 1603207954      -0.09     -0.234   38.55112  -73.08304 0.0000e+00
     22.825    20.5204    34.9906  1024.7166     2.4756     4.9475     96.513    0.00124    5.12624    5.11616      8.412     0.0740    9.42938   4.844624 6.5092e+00    24.6174    24.6163 5.9348e+01     23.000          1      40975    1523.28 9.1181e+02  53207.879   1707.236 1603207957      -0.01     -0.402   38.55112  -73.08304 0.0000e+00
     21.833    20.5206    34.9904  1024.7119     2.4745     4.9402     96.369   -0.00034    5.12629    5.11622      8.415     0.0549    9.42948   4.844563 6.8080e+00    24.6171    24.6160 6.2240e+01     22.000          1      41064    1523.26 9.1420e+02  53206.989   1710.952 1603207961       0.04     -0.236   38.55112  -73.08304 0.0000e+00
     20.844    20.5202    34.9892  1024.7068     2.4737     4.9379     96.325   -0.00013    5.12630    5.11623      8.426     0.0548    9.42950   4.844329 7.0796e+00    24.6163    24.6152 6.4819e+01     21.000          1      41154    1523.24 9.1560e+02  53204.946   1714.726 1603207964      -0.12     -0.329   38.55112  -73.08304 0.0000e+00
     19.844    20.5202    34.9891  1024.7024     2.4752     4.9433     96.430    0.00054    5.12628    5.11620      8.432     0.0483    9.42946   4.844271 7.6335e+00    24.6162    24.6152 6.9172e+01     20.000          1      41210    1523.23 9.0627e+02  53204.378   1717.026 1603207967      -0.08     -0.482   38.55112  -73.08306 0.0000e+00
     18.855    20.5206    34.9890  1024.6978     2.4755     4.9430     96.424    0.00057    5.12625    5.11618      8.452     0.0499    9.42942   4.844255 7.8494e+00    24.6159    24.6150 7.1606e+01     19.000          1      41326    1523.21 9.1225e+02  53203.734   1721.859 1603207971      -0.19     -0.488   38.55112  -73.08306 0.0000e+00
     17.862    20.5209    34.9890  1024.6934     2.4763     4.9435     96.436    0.00016    5.12619    5.11612      8.419     0.0508    9.42932   4.844243 8.3174e+00    24.6158    24.6149 7.5397e+01     18.000          1      41387    1523.19 9.0656e+02  53203.207   1724.414 1603207974       0.08     -0.369   38.55112  -73.08306 0.0000e+00
     16.872    20.5220    34.9891  1024.6888     2.4759     4.9415     96.400    0.00011    5.12609    5.11601      8.467     0.0499    9.42915   4.844323 8.6423e+00    24.6155    24.6147 7.8061e+01     17.000          1      41497    1523.18 9.0319e+02  53202.822   1729.006 1603207979       0.01     -0.199   38.55112  -73.08306 0.0000e+00
     15.885    20.5227    34.9890  1024.6842     2.4765     4.9411     96.394   -0.00020    5.12595    5.11587      8.467     0.0471    9.42891   4.844334 8.8189e+00    24.6152    24.6144 7.9663e+01     16.000          1      41586    1523.17 9.0335e+02  53202.147   1732.722 1603207982      -0.30     -0.326   38.55112  -73.08306 0.0000e+00
     14.883    20.5235    34.9890  1024.6796     2.4770     4.9438     96.447    0.00038    5.12593    5.11586      8.462     0.0368    9.42889   4.844387 9.3152e+00    24.6149    24.6142 8.3574e+01     15.000          1      41639    1523.15 8.9726e+02  53201.663   1734.922 1603207985      -0.03     -0.413   38.55113  -73.08307 0.0000e+00
     13.898    20.5246    34.9891  1024.6750     2.4781     4.9452     96.477    0.00035    5.12577    5.11570      8.454     0.0466    9.42862   4.844461 9.6202e+00    24.6147    24.6139 8.6535e+01     14.000          1      41776    1523.14 8.9954e+02  53201.218   1740.610 1603207990      -0.14     -0.126   38.55114  -73.08308 0.0000e+00
     12.903    20.5254    34.9891  1024.6705     2.4776     4.9408     96.397   -0.00048    5.12548    5.11540      8.460     0.0373    9.42814   4.844502 9.8431e+00    24.6145    24.6138 8.8015e+01     13.000          1      41820    1523.12 8.9418e+02  53200.787   1742.467 1603207992       0.00     -0.456   38.55114  -73.08308 0.0000e+00
     11.907    20.5284    34.9894  1024.6655     2.4785     4.9442     96.471    0.00024    5.12503    5.11495      8.436     0.0425    9.42739   4.844802 1.0269e+01    24.6138    24.6132 9.1509e+01     12.000          1      41892    1523.12 8.9110e+02  53200.476   1745.443 1603207995      -0.04     -0.394   38.55114  -73.08309 0.0000e+00
     10.919    20.5304    34.9895  1024.6607     2.4807     4.9501     96.609    0.00120    5.12385    5.11375      8.488     0.0349    9.42542   4.844977 1.0566e+01    24.6133    24.6127 9.3810e+01     11.000          1      42005    1523.11 8.8791e+02  53200.065   1750.149 1603208000      -0.24     -0.396   38.55114  -73.08310 0.0000e+00
      9.920    20.5395    34.9893  1024.6537     2.4809     4.9484     96.569    0.00016    5.12415    5.11406      8.473     0.0329    9.42592   4.845935 1.0476e+01    24.6106    24.6101 8.6534e+01     10.000          1      42726    1523.11 8.2106e+02  53198.803   1780.213 1603208030      -0.04     -0.428   38.55116  -73.08314 0.0000e+00
      8.932    20.5778    34.9865  1024.6370     2.4812     4.9428     96.527   -0.00038    5.12070    5.11059      8.508     0.0247    9.42023   4.849498 9.5361e+00    24.5982    24.5978 6.9114e+01      9.000          1      43819    1523.20 7.2492e+02  53192.709   1825.749 1603208075      -0.21     -0.386   38.55120  -73.08320 0.0000e+00
      7.939    20.5805    34.9869  1024.6322     2.4815     4.9441     96.551    0.00002    5.12064    5.11053      8.478     0.0281    9.42013   4.849712 1.0101e+01    24.5977    24.5973 7.3246e+01      8.000          1      43871    1523.19 7.2515e+02  53192.665   1827.900 1603208077       0.07     -0.384   38.55118  -73.08320 0.0000e+00
      6.947    20.5824    34.9870  1024.6274     2.4815     4.9431     96.542    0.00005    5.12013    5.11001      8.470     0.0337    9.41928   4.849842 1.1164e+01    24.5972    24.5969 7.9861e+01      7.000          1      43956    1523.18 7.1549e+02  53192.183   1831.453 1603208081       0.03     -0.258   38.55119  -73.08320 0.0000e+00
      5.957    20.5907    34.9852  1024.6194     2.4831     4.9462     96.629    0.00063    5.11875    5.10862      8.521     0.0380    9.41703   4.850426 1.1534e+01    24.5936    24.5933 8.1927e+01      6.000          1      44056    1523.18 7.1027e+02  53188.824   1835.613 1603208085      -0.07     -0.277   38.55120  -73.08320 0.0000e+00
      4.960    20.6008    34.9829  1024.6105     2.4825     4.9420     96.555   -0.00009    5.11833    5.10820      8.518     0.0194    9.41635   4.851147 1.3633e+01    24.5890    24.5888 9.6034e+01      5.000          1      44112    1523.19 7.0465e+02  53184.702   1837.961 1603208088      -0.01     -0.431   38.55120  -73.08320 0.0000e+00
      3.971    20.6112    34.9804  1024.6015     2.4833     4.9436     96.598    0.00018    5.11774    5.10760      8.522     0.0170    9.41537   4.851830 1.5377e+01    24.5843    24.5841 1.0771e+02      4.000          1      44201    1523.20 7.0056e+02  53180.364   1841.663 1603208091       0.04     -0.236   38.55120  -73.08322 0.0000e+00
      2.978    20.6155    34.9798  1024.5956     2.4842     4.9458     96.645    0.00042    5.11751    5.10737      8.527     0.0117    9.41499   4.852141 1.9007e+01    24.5826    24.5825 1.3259e+02      3.000          1      44284    1523.19 6.9765e+02  53178.910   1845.124 1603208095      -0.10     -0.325   38.55120  -73.08322 0.0000e+00
      1.979    20.6209    34.9790  1024.5891     2.4833     4.9391     96.516   -0.00125    5.11741    5.10727      8.529     0.0162    9.41484   4.852565 2.5460e+01    24.5805    24.5804 1.7319e+02      2.000          1      44554    1523.19 6.7993e+02  53177.103   1856.384 1603208106      -0.09     -0.116   38.55122  -73.08323 0.0000e+00
