CalculateIndicators/WaterTemperature/Data/CTD_NYOS/20201021_C11.cnv
* Sea-Bird SBE 9 Data File:
* FileName = C:\Seabird 9 CTD\Data\2020\202010_offshore\20201021_C11.hex
* Software Version Seasave V 7.23.2
* Temperature SN = 4590
* Conductivity SN = 3228
* Number of Bytes Per Scan = 44
* Number of Voltage Words = 5
* Number of Scans Averaged by the Deck Unit = 1
* NMEA Latitude = 39 28.74 N
* NMEA Longitude = 073 04.36 W
* NMEA UTC (Time) = Oct 21 2020  02:26:37
* NMEA baud rate = 4800
** Ship: seawolf
** Station: 6.4
** Operator: EIH
# nquan = 31
# nvalues = 122                         
# units = specified
# name 0 = depSM: Depth [salt water, m]
# name 1 = t090C: Temperature [ITS-90, deg C]
# name 2 = sal00: Salinity, Practical [PSU]
# name 3 = density00: Density [density, kg/m^3]
# name 4 = sbeox0V: Oxygen raw, SBE 43 [V]
# name 5 = sbeox0ML/L: Oxygen, SBE 43 [ml/l]
# name 6 = sbeox0PS: Oxygen, SBE 43 [% saturation]
# name 7 = sbox0dV/dT: Oxygen, SBE 43 [dov/dt]
# name 8 = oxsolML/L: Oxygen Saturation, Garcia & Gordon [ml/l]
# name 9 = oxsatML/L: Oxygen Saturation, Weiss [ml/l]
# name 10 = ph: pH
# name 11 = flECO-AFL: Fluorescence, WET Labs ECO-AFL/FL [mg/m^3]
# name 12 = n2satML/L: Nitrogen Saturation [ml/l]
# name 13 = c0S/m: Conductivity [S/m]
# name 14 = cpar: CPAR/Corrected Irradiance [%]
# name 15 = sigma-é00: Density [sigma-theta, kg/m^3]
# name 16 = sigma-t00: Density [sigma-t, kg/m^3 ]
# name 17 = par: PAR/Irradiance, Biospherical/Licor
# name 18 = prDM: Pressure, Digiquartz [db]
# name 19 = pumps: Pump Status
# name 20 = scan: Scan Count
# name 21 = svCM: Sound Velocity [Chen-Millero, m/s]
# name 22 = spar: SPAR, Biospherical/Licor
# name 23 = specc: Specific Conductance [uS/cm]
# name 24 = timeS: Time, Elapsed [seconds]
# name 25 = timeY: Time, System [seconds]
# name 26 = accM: Acceleration [m/s^2]
# name 27 = dz/dtM: Descent Rate [m/s]
# name 28 = latitude: Latitude [deg]
# name 29 = longitude: Longitude [deg]
# name 30 = flag: flag
# span 0 =      0.973,     61.528       
# span 1 =    14.4260,    18.6361       
# span 2 =    33.5652,    34.3423       
# span 3 =  1024.1518,  1025.6488       
# span 4 =     1.9116,     2.4845       
# span 5 =     4.0559,     5.2424       
# span 6 =     70.040,     96.974       
# span 7 =   -0.04286,    0.02173       
# span 8 =    5.33481,    5.79150       
# span 9 =    5.32607,    5.78737       
# span 10 =      8.345,      8.670      
# span 11 =     0.1309,     0.3953      
# span 12 =    9.78441,   10.54285      
# span 13 =   4.136463,   4.556806      
# span 14 = -4.962e+04, 1.1975e+05      
# span 15 =    24.1476,    25.3792      
# span 16 =    24.1474,    25.3773      
# span 17 = 1.0000e-12, 2.9894e-01      
# span 18 =      1.000,     62.000      
# span 19 =          1,          1      
# span 20 =        144,      16720      
# span 21 =    1504.77,    1517.38      
# span 22 = -7.417e-01, 5.7453e+00      
# span 23 =  51399.843,  52565.569      
# span 24 =      5.970,    696.605      
# span 25 = 1603247205, 1603247895      
# span 26 =      -0.52,       0.35      
# span 27 =     -0.832,      0.778      
# span 28 =   39.47905,   39.47992      
# span 29 =  -73.07410,  -73.07281      
# span 30 = 0.0000e+00, 0.0000e+00      
# interval = decibars: 1                
# start_time = Oct 21 2020 02:26:39 [System UTC, first data scan.]
# bad_flag = -9.990e-29
*END*
      1.983    18.0934    33.5689  1024.1622     2.4817     5.2327     96.763   -0.00061    5.40778    5.39944      8.484     0.2360    9.91143   4.431004 1.1975e+05    24.1535    24.1534 2.2470e-01      2.000          1        144    1514.47 -7.417e-01  51406.510      5.970 1603247205       0.17     -0.038   39.47905  -73.07281 0.0000e+00
      2.979    18.0923    33.5688  1024.1668     2.4820     5.2378     96.851    0.00029    5.40814    5.39980      8.418     0.2397    9.91200   4.430933 4.3869e+04    24.1537    24.1536 1.0491e-01      3.000          1        282    1514.48 2.1082e+00  51406.919     11.689 1603247210       0.09      0.235   39.47908  -73.07282 0.0000e+00
      3.968    18.0885    33.5711  1024.1739     2.4818     5.2369     96.831   -0.00018    5.40826    5.39993      8.415     0.2356    9.91221   4.430871 -3.324e+03    24.1565    24.1563 1.2409e-02      4.000          1        399    1514.49 4.0918e+00  51410.861     16.568 1603247215       0.03      0.196   39.47908  -73.07284 0.0000e+00
      4.964    18.0889    33.5705  1024.1778     2.4824     5.2397     96.886    0.00015    5.40808    5.39975 -9.990e-29     0.2612    9.91191   4.430882 2.6677e-02    24.1559    24.1557 1.0339e-03      5.000          1        465    1514.51 3.9495e+00  51410.478     19.342 1603247218       0.04      0.425   39.47908  -73.07284 0.0000e+00
      5.954    18.0908    33.5712  1024.1823     2.4814     5.2365     96.827   -0.00027    5.40811    5.39978      8.418     0.2250    9.91186   4.431213 2.5430e-11    24.1561    24.1558 1.0000e-12      6.000          1        564    1514.53 3.9495e+00  51411.888     23.465 1603247222      -0.03      0.190   39.47909  -73.07284 0.0000e+00
      6.945    18.0858    33.5823  1024.1963     2.4793     5.2303     96.714   -0.00072    5.40797    5.39966      8.421     0.2356    9.91124   4.432087 2.5315e-11    24.1658    24.1655 1.0000e-12      7.000          1        662    1514.55 3.9495e+00  51427.869     27.523 1603247226       0.06      0.328   39.47910  -73.07286 0.0000e+00
      7.940    18.0773    33.6120  1024.2256     2.4802     5.2361     96.823    0.00031    5.40788    5.39956      8.421     0.2147    9.91106   4.434830 2.5606e-11    24.1907    24.1904 1.0000e-12      8.000          1        733    1514.57 3.9495e+00  51469.626     30.495 1603247229       0.01      0.309   39.47910  -73.07286 0.0000e+00
      8.928    18.0761    33.6219  1024.2378     2.4773     5.2267     96.614   -0.00133    5.40991    5.40162      8.449     0.2147    9.91438   4.435835 2.5282e-11    24.1986    24.1982 1.0000e-12      9.000          1        849    1514.59 3.9495e+00  51483.696     35.313 1603247234       0.12      0.233   39.47910  -73.07286 0.0000e+00
      9.927    18.0610    33.6239  1024.2475     2.4772     5.2314     96.676   -0.00022    5.41127    5.40299      8.503     0.2271    9.91666   4.434596 2.5320e-11    24.2038    24.2034 1.0000e-12     10.000          1        898    1514.57 3.9495e+00  51488.011     37.373 1603247236      -0.02      0.442   39.47910  -73.07287 0.0000e+00
     10.913    18.0356    33.6235  1024.2578     2.4767     5.2338     96.691    0.00006    5.41290    5.40463      8.670     0.2431    9.91938   4.432139 2.5578e-11    24.2098    24.2094 1.0000e-12     11.000          1       1009    1514.51 3.9495e+00  51489.809     42.015 1603247241      -0.00      0.135   39.47912  -73.07288 0.0000e+00
     11.908    18.0289    33.6211  1024.2620     2.4765     5.2337     96.671   -0.00030    5.41399    5.40572      8.655     0.2438    9.92122   4.431224 2.5319e-11    24.2097    24.2092 1.0000e-12     12.000          1       1072    1514.51 3.9495e+00  51487.447     44.643 1603247243       0.19      0.445   39.47912  -73.07288 0.0000e+00
     12.902    18.0199    33.6187  1024.2667     2.4760     5.2335     96.663   -0.00017    5.41417    5.40591      8.649     0.2641    9.92153   4.430145 2.5542e-11    24.2100    24.2095 1.0000e-12     13.000          1       1139    1514.50 3.9495e+00  51485.261     47.432 1603247246      -0.08      0.335   39.47912  -73.07290 0.0000e+00
     13.890    18.0138    33.6168  1024.2712     2.4761     5.2373     96.716    0.00035    5.41510    5.40685      8.634     0.2454    9.92310   4.429376 2.5850e-11    24.2102    24.2096 1.0000e-12     14.000          1       1245    1514.49 3.9495e+00  51483.667     51.813 1603247250       0.23      0.284   39.47912  -73.07290 0.0000e+00
     14.886    18.0086    33.6159  1024.2762     2.4749     5.2335     96.613   -0.00057    5.41693    5.40869      8.605     0.2745    9.92617   4.428841 2.5542e-11    24.2108    24.2102 1.0000e-12     15.000          1       1293    1514.49 3.9327e+00  51483.315     53.830 1603247252      -0.04      0.470   39.47914  -73.07290 0.0000e+00
     15.878    17.9907    33.6124  1024.2823     2.4717     5.2263     96.456   -0.00086    5.41831    5.41009      8.570     0.2923    9.92847   4.426662 6.6272e+04    24.2125    24.2119 1.0000e-12     16.000          1       1370    1514.45 1.1911e+00  51480.263     57.022 1603247256      -0.05      0.279   39.47914  -73.07290 0.0000e+00
     16.866    17.9748    33.6122  1024.2904     2.4705     5.2268     96.462   -0.00014    5.41850    5.41027      8.549     0.3048    9.92874   4.425182 -4.388e+03    24.2163    24.2156 1.0000e-12     17.000          1       1451    1514.42 4.1321e+00  51481.640     60.423 1603247259       0.18      0.357   39.47914  -73.07292 0.0000e+00
     17.867    17.9747    33.6146  1024.2967     2.4699     5.2240     96.409   -0.00053    5.41860    5.41038      8.540     0.3724    9.92891   4.425526 2.5894e-11    24.2181    24.2174 1.0000e-12     18.000          1       1489    1514.44 3.9495e+00  51485.348     62.013 1603247261       0.05      0.592   39.47914  -73.07292 0.0000e+00
     18.852    17.9704    33.6166  1024.3036     2.4686     5.2226     96.370   -0.00051    5.41925    5.41104      8.526     0.3322    9.92992   4.425385 2.5609e-11    24.2208    24.2200 1.0000e-12     19.000          1       1588    1514.45 3.9495e+00  51488.876     66.144 1603247265       0.06      0.194   39.47914  -73.07292 0.0000e+00
     19.844    17.9670    33.6203  1024.3117     2.4667     5.2179     96.278   -0.00076    5.41962    5.41141      8.589     0.3532    9.93044   4.425567 2.6574e-11    24.2245    24.2237 1.0000e-12     20.000          1       1645    1514.46 3.9495e+00  51494.728     68.514 1603247267       0.11      0.469   39.47914  -73.07292 0.0000e+00
     20.843    17.9611    33.6260  1024.3219     2.4633     5.2047     96.038   -0.00204    5.41944    5.41124      8.595     0.3953    9.93015   4.425702 2.5895e-11    24.2303    24.2294 1.0000e-12     21.000          1       1686    1514.46 3.9495e+00  51503.420     70.196 1603247269      -0.02      0.591   39.47915  -73.07293 0.0000e+00
     21.830    17.9688    33.6379  1024.3335     2.4618     5.2021     96.068   -0.00057    5.41501    5.40678      8.601     0.3284    9.92255   4.428063 2.5663e-11    24.2376    24.2367 1.0000e-12     22.000          1       1787    1514.52 3.9495e+00  51519.688     74.401 1603247273       0.16      0.232   39.47916  -73.07294 0.0000e+00
     22.823    17.9928    33.6530  1024.3436     2.4607     5.1980     96.028   -0.00057    5.41299    5.40474      8.614     0.3084    9.91909   4.432269 2.6481e-11    24.2434    24.2424 1.0000e-12     23.000          1       1842    1514.62 3.9495e+00  51539.216     76.725 1603247275       0.03      0.541   39.47916  -73.07294 0.0000e+00
     23.818    18.0072    33.6611  1024.3507     2.4596     5.1947     95.972   -0.00065    5.41274    5.40449      8.620     0.3466    9.91866   4.434595 2.5910e-11    24.2461    24.2451 1.0000e-12     24.000          1       1884    1514.69 3.9495e+00  51549.688     78.474 1603247277       0.01      0.571   39.47917  -73.07296 0.0000e+00
     24.806    18.0154    33.6657  1024.3566     2.4595     5.1960     96.013   -0.00014    5.41180    5.40354      8.628     0.2877    9.91704   4.435935 5.9138e+04    24.2476    24.2466 1.0000e-12     25.000          1       1960    1514.73 1.2741e+00  51555.928     81.638 1603247280      -0.08      0.255   39.47918  -73.07296 0.0000e+00
     25.803    18.0189    33.6687  1024.3625     2.4581     5.1916     95.946   -0.00032    5.41098    5.40272      8.635     0.2918    9.91564   4.436713 6.2652e+04    24.2491    24.2481 1.0000e-12     26.000          1       2021    1514.76 7.5403e-01  51560.312     84.166 1603247283       0.30      0.509   39.47918  -73.07296 0.0000e+00
     26.793    18.0290    33.6750  1024.3692     2.4558     5.1837     95.800   -0.00106    5.41095    5.40268      8.645     0.3069    9.91558   4.438420 1.4164e+04    24.2515    24.2504 1.0000e-12     27.000          1       2074    1514.82 3.2843e+00  51568.666     86.387 1603247285      -0.14      0.452   39.47918  -73.07296 0.0000e+00
     27.786    18.0291    33.6756  1024.3740     2.4549     5.1786     95.806   -0.00032    5.40531    5.39700      8.649     0.2985    9.90592   4.438576 7.6713e+02    24.2520    24.2508 1.0000e-12     28.000          1       2139    1514.83 3.9131e+00  51569.979     89.065 1603247288      -0.04      0.380   39.47918  -73.07298 0.0000e+00
     28.773    18.0608    33.6955  1024.3859     2.4560     5.1785     95.921    0.00062    5.39877    5.39041      8.651     0.2816    9.89478   4.444340 2.5320e-11    24.2595    24.2583 1.0000e-12     29.000          1       2201    1514.97 3.9495e+00  51595.591     91.686 1603247290       0.21      0.376   39.47918  -73.07298 0.0000e+00
     29.773    18.1086    33.7190  1024.3965     2.4564     5.1774     95.922    0.00025    5.39746    5.38910      8.654     0.2959    9.89256   4.451811 2.5320e-11    24.2658    24.2645 1.0000e-12     30.000          1       2244    1515.15 3.9495e+00  51624.729     93.460 1603247292      -0.08      0.529   39.47919  -73.07298 0.0000e+00
     30.761    18.1418    33.7356  1024.4054     2.4577     5.1802     96.012    0.00051    5.39539    5.38702      8.656     0.2833    9.88900   4.456929 2.5670e-11    24.2704    24.2691 1.0000e-12     31.000          1       2317    1515.28 3.9495e+00  51645.631     96.505 1603247295       0.02      0.304   39.47920  -73.07298 0.0000e+00
     31.751    18.1575    33.7450  1024.4132     2.4578     5.1782     95.999   -0.00004    5.39403    5.38565      8.649     0.2721    9.88666   4.459530 2.5835e-11    24.2738    24.2725 1.0000e-12     32.000          1       2382    1515.36 3.9495e+00  51657.917     99.196 1603247298       0.08      0.369   39.47920  -73.07299 0.0000e+00
     32.748    18.1659    33.7520  1024.4209     2.4588     5.1814     96.087    0.00049    5.39245    5.38405      8.644     0.2710    9.88394   4.461206 2.5349e-11    24.2771    24.2757 1.0000e-12     33.000          1       2431    1515.40 3.9495e+00  51667.397    101.244 1603247300      -0.06      0.475   39.47920  -73.07300 0.0000e+00
     33.736    18.1783    33.7594  1024.4279     2.4596     5.1834     96.131    0.00031    5.39206    5.38367      8.642 -9.990e-29    9.88314   4.463337 2.5816e-11    24.2798    24.2783 1.0000e-12     34.000          1       2495    1515.47 3.9108e+00  51677.080    103.911 1603247303       0.06      0.354   39.47920  -73.07300 0.0000e+00
     34.732    18.1850    33.7743  1024.4420     2.4593     5.1723     96.089   -0.00015    5.38282    5.37437      8.641     0.2353    9.86717   4.465691 4.3243e+03    24.2896    24.2881 1.0000e-12     35.000          1       2547    1515.52 3.6341e+00  51697.491    106.094 1603247305      -0.05      0.447   39.47920  -73.07300 0.0000e+00
     35.718    18.2259    33.8237  1024.4740     2.4534     5.1331     95.647   -0.00286    5.36670    5.35814      8.649     0.1814    9.83958   4.476747 1.1069e+05    24.3173    24.3158 1.0000e-12     36.000          1       2619    1515.71 -4.052e-01  51762.684    109.100 1603247308       0.05      0.291   39.47920  -73.07300 0.0000e+00
     36.721    18.3590    33.9021  1024.5055     2.4465     5.1139     95.272   -0.00359    5.36772    5.35917      8.651     0.1992    9.84130   4.498394 7.3277e+04    24.3445    24.3429 1.0000e-12     37.000          1       2661    1516.20 8.5314e-01  51861.208    110.836 1603247309       0.06      0.562   39.47921  -73.07301 0.0000e+00
     37.700    18.3787    33.9173  1024.5165     2.4418     5.0898     95.230   -0.00039    5.34471    5.33602      8.654     0.1651    9.80160   4.501996 -9.183e+03    24.3512    24.3496 1.0000e-12     38.000          1       2747    1516.29 4.3408e+00  51881.046    114.433 1603247313       0.17      0.165   39.47922  -73.07302 0.0000e+00
     38.701    18.4883    34.0100  1024.5645     2.4377     5.0686     94.921   -0.00239    5.33978    5.33106      8.652     0.1459    9.79307   4.524857 2.5320e-11    24.3949    24.3933 1.0000e-12     39.000          1       2789    1516.73 3.9495e+00  52000.873    116.175 1603247315      -0.03      0.524   39.47922  -73.07302 0.0000e+00
     39.689    18.5751    34.0721  1024.5947     2.4309     5.0450     94.542   -0.00338    5.33622    5.32748      8.630     0.1655    9.78693   4.540335 2.5933e-11    24.4208    24.4191 1.0000e-12     40.000          1       2841    1517.07 3.9495e+00  52080.254    118.331 1603247317       0.07      0.444   39.47922  -73.07302 0.0000e+00
     40.687    18.6148    34.1058  1024.6150     2.4283     5.0421     94.513   -0.00174    5.33481    5.32607      8.635     0.1790    9.78441   4.547956 2.6112e-11    24.4368    24.4350 1.0000e-12     41.000          1       2885    1517.24 3.9495e+00  52124.168    120.147 1603247319      -0.06      0.544   39.47922  -73.07303 0.0000e+00
     41.671    18.6361    34.1332  1024.6349     2.4215     5.0297     94.172   -0.00253    5.34094    5.33227      8.614     0.1358    9.79384   4.553223 2.5682e-11    24.4524    24.4506 1.0000e-12     42.000          1       2962    1517.35 3.9495e+00  52160.612    123.385 1603247322       0.03      0.219   39.47922  -73.07304 0.0000e+00
     42.666    18.6252    34.1753  1024.6742     2.4067     4.9860     93.132   -0.00851    5.35367    5.34512      8.609     0.1551    9.81501   4.556806 2.5320e-11    24.4874    24.4855 1.0000e-12     43.000          1       3001    1517.38 3.9495e+00  52219.316    125.002 1603247324       0.29      0.582   39.47922  -73.07304 0.0000e+00
     43.666    18.5428    34.2040  1024.7213     2.3956     4.9594     92.574   -0.00896    5.35730    5.34879      8.607     0.1541    9.82096   4.551524 -9.990e-29    24.5300    24.5281 1.0000e-12     44.000          1       3032    1517.19 3.8524e+00  52264.504    126.304 1603247325      -0.02      0.778   39.47922  -73.07304 0.0000e+00
     44.647    18.3890    34.2068  1024.7662     2.3800     4.9540     92.060   -0.00537    5.38131    5.37302      8.592     0.1441    9.86060   4.536540 9.9999e+04    24.5705    24.5686 1.0000e-12     45.000          1       3096    1516.77 1.5926e+00  52279.180    128.975 1603247328      -0.12      0.274   39.47924  -73.07305 0.0000e+00
     45.650    18.2858    34.2267  1024.8115     2.3629     4.9200     90.983   -0.01010    5.40762    5.39957      8.592     0.1692    9.90441   4.528045 9.9999e+04    24.6113    24.6094 1.0000e-12     46.000          1       3136    1516.51 9.3416e-02  52313.977    130.626 1603247329       0.26      0.632   39.47924  -73.07306 0.0000e+00
     46.633    18.0298    34.2265  1024.8790     2.3208     4.8413     88.455   -0.01924    5.47308    5.46569      8.575     0.1522   10.01198   4.501899 6.8565e+04    24.6744    24.6724 1.0000e-12     47.000          1       3192    1515.78 1.1705e+00  52332.937    132.956 1603247332      -0.19      0.410   39.47924  -73.07306 0.0000e+00
