CalculateIndicators/WaterTemperature/Data/CTD_NYOS/20201027_C22.cnv
* Sea-Bird SBE 9 Data File:
* FileName = C:\Seabird 9 CTD\Data\2020\202010_offshore\20201027_C22.hex
* Software Version Seasave V 7.23.2
* Temperature SN = 4590
* Conductivity SN = 3228
* Number of Bytes Per Scan = 44
* Number of Voltage Words = 5
* Number of Scans Averaged by the Deck Unit = 1
* NMEA Latitude = 40 23.34 N
* NMEA Longitude = 072 43.29 W
* NMEA UTC (Time) = Oct 27 2020  06:02:09
* NMEA baud rate = 4800
** Ship: seawolf
** Station: 4.2
** Operator: sjw
# nquan = 31
# nvalues = 84                          
# units = specified
# name 0 = depSM: Depth [salt water, m]
# name 1 = t090C: Temperature [ITS-90, deg C]
# name 2 = sal00: Salinity, Practical [PSU]
# name 3 = density00: Density [density, kg/m^3]
# name 4 = sbeox0V: Oxygen raw, SBE 43 [V]
# name 5 = sbeox0ML/L: Oxygen, SBE 43 [ml/l]
# name 6 = sbeox0PS: Oxygen, SBE 43 [% saturation]
# name 7 = sbox0dV/dT: Oxygen, SBE 43 [dov/dt]
# name 8 = oxsolML/L: Oxygen Saturation, Garcia & Gordon [ml/l]
# name 9 = oxsatML/L: Oxygen Saturation, Weiss [ml/l]
# name 10 = ph: pH
# name 11 = flECO-AFL: Fluorescence, WET Labs ECO-AFL/FL [mg/m^3]
# name 12 = n2satML/L: Nitrogen Saturation [ml/l]
# name 13 = c0S/m: Conductivity [S/m]
# name 14 = cpar: CPAR/Corrected Irradiance [%]
# name 15 = sigma-é00: Density [sigma-theta, kg/m^3]
# name 16 = sigma-t00: Density [sigma-t, kg/m^3 ]
# name 17 = par: PAR/Irradiance, Biospherical/Licor
# name 18 = prDM: Pressure, Digiquartz [db]
# name 19 = pumps: Pump Status
# name 20 = scan: Scan Count
# name 21 = svCM: Sound Velocity [Chen-Millero, m/s]
# name 22 = spar: SPAR, Biospherical/Licor
# name 23 = specc: Specific Conductance [uS/cm]
# name 24 = timeS: Time, Elapsed [seconds]
# name 25 = timeY: Time, System [seconds]
# name 26 = accM: Acceleration [m/s^2]
# name 27 = dz/dtM: Descent Rate [m/s]
# name 28 = latitude: Latitude [deg]
# name 29 = longitude: Longitude [deg]
# name 30 = flag: flag
# span 0 =      0.996,     42.675       
# span 1 =    17.3402,    17.3888       
# span 2 =    33.2464,    33.2553       
# span 3 =  1024.0919,  1024.2779       
# span 4 =     2.3354,     2.4142       
# span 5 =     4.9520,     5.4773       
# span 6 =     90.091,     93.650       
# span 7 =   -0.00683,    0.00313       
# span 8 =    5.49128,    5.92827       
# span 9 =    5.48357,    5.91935       
# span 10 =      8.431,      8.521      
# span 11 =     0.2804,     1.2674      
# span 12 =   10.05340,   10.91993      
# span 13 =   4.322417,   4.326846      
# span 14 = -1.294e+04, 1.1368e+05      
# span 15 =    24.0837,    24.0904      
# span 16 =    24.0833,    24.0888      
# span 17 = 1.0000e-12, 3.6014e-01      
# span 18 =      1.000,     43.000      
# span 19 =          1,          1      
# span 20 =         14,      11154      
# span 21 =    1511.95,    1512.56      
# span 22 = -1.173e-01, 4.1563e+00      
# span 23 =  51027.032,  51044.177      
# span 24 =      0.542,    464.725      
# span 25 = 1603778531, 1603778995      
# span 26 =      -0.57,       0.56      
# span 27 =     -0.883,      0.929      
# span 28 =   40.38910,   40.38983      
# span 29 =  -72.72293,  -72.72158      
# span 30 = 0.0000e+00, 0.0000e+00      
# interval = decibars: 1                
# start_time = Oct 27 2020 06:02:11 [System UTC, first data scan.]
# bad_flag = -9.990e-29
*END*
      1.956    17.3716    33.2539  1024.0953     2.4142     5.1444     93.650    0.00051    5.49322    5.48553 -9.990e-29     0.3465   10.05664   4.324665 -9.990e-29    24.0867    24.0866 1.0000e-12      2.000          1         14    1511.98 4.1563e+00  51027.505      0.542 1603778531       0.14     -0.218   40.38910  -72.72158 0.0000e+00
      2.980    17.3746    33.2538  1024.0991     2.4132     5.1402     93.587    0.00011    5.49248    5.48478      8.453     0.3589   10.05541   4.324977 5.0000e+03    24.0859    24.0858 1.0000e-12      3.000          1        206    1512.00 2.9376e+00  51027.642      8.547 1603778539       0.26      0.272   40.38911  -72.72161 0.0000e+00
      3.965    17.3803    33.2541  1024.1023     2.4132     5.1413     93.624    0.00027    5.49144    5.48373      8.460     0.3494   10.05366   4.325642 -5.731e+02    24.0848    24.0847 1.0000e-12      4.000          1        397    1512.04 4.0798e+00  51028.091     16.505 1603778547       0.01      0.284   40.38912  -72.72164 0.0000e+00
      4.964    17.3856    33.2546  1024.1059     2.4124     5.1380     93.562   -0.00028    5.49153    5.48381      8.471     0.3502   10.05381   4.326244 2.5373e-11    24.0840    24.0838 1.0000e-12      5.000          1        435    1512.07 3.9495e+00  51028.902     18.102 1603778549       0.03      0.495   40.38912  -72.72164 0.0000e+00
      5.950    17.3871    33.2549  1024.1101     2.4109     5.1325     93.462   -0.00081    5.49149    5.48378      8.512     0.3470   10.05375   4.326433 2.6558e-11    24.0839    24.0836 1.0000e-12      6.000          1        494    1512.09 3.9495e+00  51029.619     20.539 1603778551      -0.02      0.384   40.38912  -72.72165 0.0000e+00
      6.945    17.3867    33.2548  1024.1146     2.4075     5.1232     93.296   -0.00108    5.49140    5.48368      8.521     0.3607   10.05359   4.326430 2.7341e-11    24.0839    24.0837 1.0000e-12      7.000          1        555    1512.11 3.9495e+00  51030.047     23.070 1603778554       0.06      0.351   40.38913  -72.72166 0.0000e+00
      7.940    17.3875    33.2550  1024.1190     2.4069     5.1264     93.355    0.00011    5.49131    5.48359      8.517     0.3832   10.05344   4.326582 4.0895e-11    24.0840    24.0836 1.0000e-12      8.000          1        612    1512.13 3.7418e+00  51030.789     25.479 1603778556       0.50      0.492   40.38914  -72.72168 0.0000e+00
      8.933    17.3886    33.2551  1024.1232     2.4065     5.1249     93.328   -0.00014    5.49128    5.48357      8.505     0.3912   10.05340   4.326737 -9.990e-29    24.0838    24.0834 1.0000e-12      9.000          1        650    1512.15 3.8212e+00  51031.321     27.041 1603778558      -0.12      0.677   40.38914  -72.72168 0.0000e+00
      9.923    17.3887    33.2550  1024.1275     2.4071     5.1282     93.387    0.00022    5.49129    5.48357      8.489     0.3605   10.05341   4.326774 8.1131e+04    24.0837    24.0833 1.0000e-12     10.000          1        713    1512.16 1.0040e+00  51031.684     29.656 1603778560      -0.07      0.376   40.38914  -72.72168 0.0000e+00
     10.909    17.3888    33.2552  1024.1320     2.4096     5.1382     93.564    0.00080    5.49158    5.48387      8.483     0.3842   10.05389   4.326838 -4.153e+03    24.0839    24.0835 1.0000e-12     11.000          1        793    1512.18 3.9304e+00  51032.423     33.006 1603778564       0.40      0.300   40.38914  -72.72169 0.0000e+00
     11.909    17.3886    33.2551  1024.1364     2.4054     5.1197     93.219   -0.00182    5.49217    5.48447      8.468     0.3443   10.05488   4.326846 2.6597e-11    24.0839    24.0834 1.0000e-12     12.000          1        830    1512.20 3.9385e+00  51032.808     34.552 1603778565      -0.07      0.601   40.38915  -72.72170 0.0000e+00
     12.891    17.3837    33.2553  1024.1421     2.3938     5.0723     92.357   -0.00683    5.49210    5.48439      8.475     0.3441   10.05476   4.326416 2.8221e-11    24.0853    24.0847 1.0000e-12     13.000          1        876    1512.20 3.9495e+00  51033.943     36.455 1603778567       0.24      0.436   40.38916  -72.72170 0.0000e+00
     13.902    17.3797    33.2547  1024.1471     2.3903     5.0737     92.379   -0.00372    5.49228    5.48457      8.474     0.3399   10.05506   4.325999 3.3394e-11    24.0858    24.0853 1.0000e-12     14.000          1        923    1512.20 3.9495e+00  51034.045     38.426 1603778569       0.32      0.676   40.38916  -72.72172 0.0000e+00
     14.887    17.3819    33.2550  1024.1512     2.3914     5.0917     92.707    0.00043    5.49226    5.48455      8.459     0.3486   10.05503   4.326316 2.9745e-11    24.0855    24.0850 1.0000e-12     15.000          1       1006    1512.23 3.9495e+00  51034.710     41.879 1603778573       0.56      0.741   40.38916  -72.72172 0.0000e+00
     15.881    17.3814    33.2546  1024.1554     2.3917     5.0926     92.723    0.00045    5.49230    5.48459      8.455     0.3660   10.05509   4.326252 2.6091e-11    24.0854    24.0848 1.0000e-12     16.000          1       1035    1512.24 3.9495e+00  51034.672     43.077 1603778574      -0.09      0.929   40.38916  -72.72173 0.0000e+00
     16.870    17.3792    33.2544  1024.1602     2.3873     5.0770     92.436   -0.00101    5.49248    5.48478      8.442     0.3467   10.05541   4.326070 2.7305e-11    24.0858    24.0851 1.0000e-12     17.000          1       1104    1512.25 3.9495e+00  51035.088     45.957 1603778577      -0.06      0.362   40.38917  -72.72174 0.0000e+00
     17.857    17.3775    33.2539  1024.1646     2.3845     5.0726     92.353   -0.00046    5.49261    5.48490 -9.990e-29     0.3169   10.05561   4.325897 2.7582e-11    24.0859    24.0852 1.0000e-12     18.000          1       1183    1512.26 3.9495e+00  51035.072     49.237 1603778580       0.15      0.400   40.38918  -72.72174 0.0000e+00
     18.852    17.3767    33.2538  1024.1691     2.3839     5.0707     92.318   -0.00068    5.49265    5.48495 -9.990e-29     0.3425   10.05569   4.325847 2.7655e-11    24.0860    24.0852 1.0000e-12     19.000          1       1219    1512.27 3.7655e+00  51035.413     50.747 1603778582       0.12      0.618   40.38918  -72.72175 0.0000e+00
     19.849    17.3767    33.2537  1024.1735     2.3826     5.0675     92.260   -0.00060    5.49263    5.48493 -9.990e-29     0.3568   10.05565   4.325877 7.5007e+04    24.0860    24.0852 1.0000e-12     20.000          1       1255    1512.29 8.9362e-01  51035.849     52.231 1603778583      -0.03      0.685   40.38918  -72.72176 0.0000e+00
     20.834    17.3763    33.2537  1024.1780     2.3823     5.0703     92.312    0.00017    5.49258    5.48487      8.451     0.3136   10.05556   4.325892 3.2686e+04    24.0861    24.0853 1.0000e-12     21.000          1       1344    1512.31 -1.173e-01  51036.375     55.978 1603778587       0.25      0.283   40.38918  -72.72177 0.0000e+00
     21.833    17.3768    33.2538  1024.1824     2.3840     5.0809     92.505    0.00173    5.49259    5.48489      8.447     0.3320   10.05559   4.326022 7.3922e+02    24.0861    24.0853 1.0000e-12     22.000          1       1388    1512.33 3.8739e+00  51037.049     57.789 1603778589       0.42      0.739   40.38918  -72.72178 0.0000e+00
     22.826    17.3775    33.2537  1024.1866     2.3832     5.0712     92.328   -0.00059    5.49257    5.48487      8.445     0.3713   10.05556   4.326087 2.8719e-11    24.0860    24.0851 1.0000e-12     23.000          1       1420    1512.34 3.9495e+00  51037.375     59.104 1603778590      -0.14      0.844   40.38918  -72.72178 0.0000e+00
     23.813    17.3773    33.2536  1024.1909     2.3828     5.0726     92.350   -0.00012    5.49282    5.48512      8.452     0.3565   10.05597   4.326113 2.6971e-11    24.0860    24.0850 1.0000e-12     24.000          1       1485    1512.36 3.9495e+00  51037.738     61.822 1603778593      -0.08      0.318   40.38919  -72.72179 0.0000e+00
     24.809    17.3765    33.2537  1024.1956     2.3793     5.0595     92.106   -0.00160    5.49313    5.48543      8.456     0.3378   10.05649   4.326062 2.7885e-11    24.0863    24.0853 1.0000e-12     25.000          1       1543    1512.37 3.9495e+00  51038.465     64.238 1603778595       0.22      0.519   40.38920  -72.72180 0.0000e+00
     25.797    17.3712    33.2536  1024.2012     2.3755     5.0500     91.932   -0.00169    5.49322    5.48552 -9.990e-29     0.3169   10.05663   4.325598 2.5695e-11    24.0875    24.0865 1.0000e-12     26.000          1       1596    1512.38 3.9495e+00  51039.180     66.455 1603778597      -0.11      0.452   40.38920  -72.72180 0.0000e+00
     26.788    17.3714    33.2536  1024.2055     2.3718     5.0394     91.736   -0.00205    5.49332    5.48562 -9.990e-29     0.3404   10.05680   4.325661 3.2171e-11    24.0875    24.0864 1.0000e-12     27.000          1       1644    1512.39 3.9495e+00  51039.669     68.443 1603778599       0.19      0.497   40.38920  -72.72180 0.0000e+00
     27.787    17.3707    33.2536  1024.2101     2.3688     5.0323     91.607   -0.00188    5.49334    5.48564 -9.990e-29     0.3566   10.05684   4.325634 2.8216e-11    24.0877    24.0866 1.0000e-12     28.000          1       1683    1512.41 3.9495e+00  51040.213     70.090 1603778601      -0.08      0.602   40.38920  -72.72181 0.0000e+00
     28.772    17.3696    33.2535  1024.2147     2.3680     5.0382     91.713    0.00021    5.49344    5.48574      8.449     0.3395   10.05699   4.325557 2.7210e-11    24.0879    24.0867 1.0000e-12     29.000          1       1758    1512.42 3.9495e+00  51040.604     73.213 1603778604       0.02      0.256   40.38920  -72.72182 0.0000e+00
     29.765    17.3692    33.2536  1024.2193     2.3645     5.0226     91.430   -0.00190    5.49340    5.48571      8.450     0.3148   10.05694   4.325568 7.0843e+04    24.0881    24.0869 1.0000e-12     30.000          1       1814    1512.44 1.1091e+00  51041.269     75.555 1603778606       0.05      0.438   40.38920  -72.72184 0.0000e+00
     30.758    17.3685    33.2535  1024.2238     2.3646     5.0291     91.549   -0.00006    5.49338    5.48568      8.457     0.3340   10.05689   4.325549 2.3554e+04    24.0882    24.0870 1.0000e-12     31.000          1       1856    1512.45 2.6024e+00  51041.769     77.276 1603778608       0.08      0.573   40.38922  -72.72184 0.0000e+00
     31.755    17.3693    33.2535  1024.2280     2.3646     5.0298     91.561    0.00008    5.49336    5.48566      8.455     0.3551   10.05687   4.325671 1.3579e+03    24.0881    24.0868 1.0000e-12     32.000          1       1895    1512.47 3.7066e+00  51042.203     78.901 1603778610      -0.03      0.623   40.38922  -72.72184 0.0000e+00
     32.735    17.3695    33.2536  1024.2324     2.3626     5.0239     91.451   -0.00053    5.49351    5.48582      8.438     0.3193   10.05713   4.325740 2.7686e-11    24.0881    24.0868 1.0000e-12     33.000          1       1981    1512.49 3.9888e+00  51042.746     82.500 1603778613       0.13      0.141   40.38922  -72.72185 0.0000e+00
     33.737    17.3686    33.2533  1024.2369     2.3624     5.0248     91.466   -0.00025    5.49359    5.48589      8.440     0.3172   10.05725   4.325656 2.6389e-11    24.0882    24.0869 1.0000e-12     34.000          1       2026    1512.50 3.9495e+00  51042.993     84.380 1603778615       0.01      0.474   40.38922  -72.72186 0.0000e+00
     34.720    17.3683    33.2534  1024.2414     2.3634     5.0330     91.605    0.00095    5.49415    5.48646      8.440     0.3290   10.05818   4.325691 3.0914e-11    24.0883    24.0870 1.0000e-12     35.000          1       2087    1512.52 3.9495e+00  51043.601     86.937 1603778618       0.50      0.316   40.38922  -72.72187 0.0000e+00
     35.727    17.3692    33.2535  1024.2457     2.3604     5.0168     91.314   -0.00154    5.49402    5.48633      8.437     0.3481   10.05799   4.325789 2.7118e-11    24.0882    24.0868 1.0000e-12     36.000          1       2114    1512.53 3.9495e+00  51044.177     88.034 1603778619       0.18      0.817   40.38922  -72.72188 0.0000e+00
     36.712    17.3631    33.2523  1024.2506     2.3553     5.0051     91.084   -0.00143    5.49503    5.48735      8.438     0.3408   10.05968   4.325132 2.7612e-11    24.0888    24.0873 1.0000e-12     37.000          1       2186    1512.53 3.9495e+00  51043.457     91.022 1603778622      -0.14      0.322   40.38924  -72.72188 0.0000e+00
     37.697    17.3584    33.2508  1024.2550     2.3485     4.9842     90.674   -0.00319    5.49680    5.48914      8.436     0.2804   10.06266   4.324429 2.5194e-11    24.0888    24.0873 1.0000e-12     38.000          1       2262    1512.53 3.9495e+00  51042.301     94.227 1603778625       0.31      0.373   40.38924  -72.72188 0.0000e+00
     38.697    17.3446    33.2479  1024.2605     2.3418     4.9588     90.215   -0.00544    5.49663    5.48896      8.437     0.3300   10.06236   4.322862 3.0152e-11    24.0900    24.0884 1.0000e-12     39.000          1       2289    1512.51 3.8189e+00  51039.900     95.349 1603778626       0.23      0.753   40.38924  -72.72190 0.0000e+00
     39.695    17.3402    33.2471  1024.2653     2.3378     4.9520     90.091   -0.00419    5.49664    5.48897      8.431     0.3279   10.06238   4.322417 2.8582e+04    24.0904    24.0888 1.0000e-12     40.000          1       2319    1512.51 2.5744e+00  51039.601     96.601 1603778627      -0.06      0.834   40.38924  -72.72190 0.0000e+00
     40.677    17.3412    33.2471  1024.2695     2.3358     4.9635     90.301    0.00064    5.49663    5.48896      8.450     0.3181   10.06236   4.322598 1.1004e+05    24.0902    24.0886 1.0000e-12     41.000          1       2441    1512.53 2.7028e+00  51040.080    101.676 1603778632       0.25      0.431   40.38924  -72.72190 0.0000e+00
     41.683    17.3406    33.2469  1024.2740     2.3354     4.9595     90.228   -0.00024    5.49667    5.48900      8.458     0.3275   10.06244   4.322565 8.8736e+04    24.0903    24.0886 1.0000e-12     42.000          1       2496    1512.54 3.1280e+00  51040.408    103.938 1603778635       0.08      0.757   40.38924  -72.72192 0.0000e+00
     42.675    17.3410    33.2464  1024.2779     2.3374     4.9700     90.421    0.00138    5.49654    5.48887 -9.990e-29     0.3030   10.06222   4.322625 5.2382e+03    24.0898    24.0882 1.0000e-12     43.000          1       3890    1512.56 2.6257e+00  51040.214    162.030 1603778693      -0.35      0.186   40.38932  -72.72209 0.0000e+00
     41.671    17.3410    33.2466  1024.2735     2.3359     4.9605     90.246   -0.00034    5.49658    5.48891      8.457     0.2930   10.06229   4.322579 9.9966e+04    24.0899    24.0882 1.0000e-12     42.000          1       3639    1512.54 1.2906e-03  51039.862    151.601 1603778682      -0.43     -0.479   40.38930  -72.72206 0.0000e+00
     40.666    17.3423    33.2470  1024.2691     2.3371     4.9652     90.336    0.00037    5.49636    5.48869      8.458     0.3105   10.06191   4.322712 3.1256e+04    24.0899    24.0882 1.0000e-12     41.000          1       3789    1512.53 2.7150e+00  51039.812    157.841 1603778689      -0.05     -0.709   40.38930  -72.72208 0.0000e+00
     39.693    17.3424    33.2469  1024.2647     2.3395     4.9699     90.428    0.00043    5.49603    5.48836      8.463     0.3313   10.06137   4.322652 -6.706e+02    24.0897    24.0882 1.0000e-12     40.000          1       3923    1512.51 3.9760e+00  51039.205    163.430 1603778694      -0.57     -0.449   40.38930  -72.72210 0.0000e+00
     38.691    17.3437    33.2473  1024.2602     2.3406     4.9739     90.500    0.00074    5.49598    5.48831      8.470     0.3251   10.06128   4.322810 2.7272e-11    24.0897    24.0881 1.0000e-12     39.000          1       3954    1512.50 3.9495e+00  51039.119    164.692 1603778695       0.05     -0.751   40.38931  -72.72210 0.0000e+00
