CalculateIndicators/WaterTemperature/Data/CTD_NYOS/20201028_C29.cnv
* Sea-Bird SBE 9 Data File:
* FileName = C:\Seabird 9 CTD\Data\2020\202010_offshore\20201028_C29.hex
* Software Version Seasave V 7.23.2
* Temperature SN = 4590
* Conductivity SN = 3228
* Number of Bytes Per Scan = 44
* Number of Voltage Words = 5
* Number of Scans Averaged by the Deck Unit = 1
* NMEA Latitude = 40 06.39 N
* NMEA Longitude = 072 15.75 W
* NMEA UTC (Time) = Oct 28 2020  03:30:07
* NMEA baud rate = 4800
** Ship: seawolf
** Station: 3.3
** Operator: EIH
# nquan = 31
# nvalues = 127                         
# units = specified
# name 0 = depSM: Depth [salt water, m]
# name 1 = t090C: Temperature [ITS-90, deg C]
# name 2 = sal00: Salinity, Practical [PSU]
# name 3 = density00: Density [density, kg/m^3]
# name 4 = sbeox0V: Oxygen raw, SBE 43 [V]
# name 5 = sbeox0ML/L: Oxygen, SBE 43 [ml/l]
# name 6 = sbeox0PS: Oxygen, SBE 43 [% saturation]
# name 7 = sbox0dV/dT: Oxygen, SBE 43 [dov/dt]
# name 8 = oxsolML/L: Oxygen Saturation, Garcia & Gordon [ml/l]
# name 9 = oxsatML/L: Oxygen Saturation, Weiss [ml/l]
# name 10 = ph: pH
# name 11 = flECO-AFL: Fluorescence, WET Labs ECO-AFL/FL [mg/m^3]
# name 12 = n2satML/L: Nitrogen Saturation [ml/l]
# name 13 = c0S/m: Conductivity [S/m]
# name 14 = cpar: CPAR/Corrected Irradiance [%]
# name 15 = sigma-é00: Density [sigma-theta, kg/m^3]
# name 16 = sigma-t00: Density [sigma-t, kg/m^3 ]
# name 17 = par: PAR/Irradiance, Biospherical/Licor
# name 18 = prDM: Pressure, Digiquartz [db]
# name 19 = pumps: Pump Status
# name 20 = scan: Scan Count
# name 21 = svCM: Sound Velocity [Chen-Millero, m/s]
# name 22 = spar: SPAR, Biospherical/Licor
# name 23 = specc: Specific Conductance [uS/cm]
# name 24 = timeS: Time, Elapsed [seconds]
# name 25 = timeY: Time, System [seconds]
# name 26 = accM: Acceleration [m/s^2]
# name 27 = dz/dtM: Descent Rate [m/s]
# name 28 = latitude: Latitude [deg]
# name 29 = longitude: Longitude [deg]
# name 30 = flag: flag
# span 0 =      1.974,     64.505       
# span 1 =    13.7115,    18.9915       
# span 2 =    33.3908,    34.4889       
# span 3 =  1024.1669,  1025.5582       
# span 4 =     1.6728,     2.4439       
# span 5 =     3.4379,     5.1941       
# span 6 =     58.391,     95.286       
# span 7 =   -0.07467,    0.08160       
# span 8 =    5.28855,    5.88775       
# span 9 =    5.27956,    5.88453       
# span 10 =      8.284,      8.793      
# span 11 =     0.0329,     0.5418      
# span 12 =    9.70396,   10.70612      
# span 13 =   4.030811,   4.630638      
# span 14 = -2.471e+04, 1.0576e+05      
# span 15 =    24.1582,    25.2698      
# span 16 =    24.1581,    25.2679      
# span 17 = -1.643e-03, 5.0889e-03      
# span 18 =      2.000,     65.000      
# span 19 =          1,          1      
# span 20 =        -75,      14462      
# span 21 =    1501.91,    1518.60      
# span 22 = -3.732e-01, 5.2007e+00      
# span 23 =  51205.675,  52617.382      
# span 24 =     -3.147,    602.550      
# span 25 = 1603855804, 1603856410      
# span 26 =      -0.51,       0.57      
# span 27 =     -1.296,      0.853      
# span 28 =   40.10575,   40.10653      
# span 29 =  -72.26260,  -72.26128      
# span 30 = 0.0000e+00, 0.0000e+00      
# interval = decibars: 1                
# start_time = Oct 28 2020 03:30:08 [System UTC, first data scan.]
# bad_flag = -9.990e-29
*END*
      1.983    17.5380    33.4009  1024.1683     2.4354     5.1790     94.675    0.00091    5.47031    5.46247      8.435     0.4296   10.01703   4.357708 -4.161e-02    24.1595    24.1595 -1.643e-03      2.000          1        -75    1512.64 3.9495e+00  51216.541     -3.147 1603855804       0.44      0.133   40.10653  -72.26260 0.0000e+00
      2.984    17.5401    33.4014  1024.1726     2.4377     5.1826     94.726   -0.00047    5.47120    5.46336      8.440     0.4904   10.01851   4.358039 1.2885e-01    24.1595    24.1594 5.0889e-03      3.000          1        337    1512.66 3.9495e+00  51217.631     14.013 1603855822       0.07      0.453   40.10653  -72.26257 0.0000e+00
      3.968    17.5351    33.4007  1024.1777     2.4379     5.1866     94.785   -0.00002    5.47192    5.46409      8.442     0.4935   10.01973   4.357481 8.3934e-04    24.1602    24.1600 3.3150e-05      4.000          1        528    1512.66 3.9495e+00  51217.575     21.952 1603855830      -0.01      0.359   40.10652  -72.26256 0.0000e+00
      4.961    17.5275    33.3995  1024.1829     2.4386     5.1899     94.859    0.00037    5.47114    5.46330 -9.990e-29     0.4906   10.01840   4.356659 2.5320e-11    24.1611    24.1609 1.0000e-12      5.000          1        582    1512.66 3.9495e+00  51216.906     24.223 1603855832       0.14      0.453   40.10652  -72.26256 0.0000e+00
      5.953    17.5289    33.4002  1024.1876     2.4381     5.1865     94.794   -0.00041    5.47129    5.46346      8.443     0.5295   10.01867   4.356939 2.5320e-11    24.1614    24.1611 1.0000e-12      6.000          1        621    1512.68 3.9495e+00  51218.337     25.841 1603855833       0.04      0.610   40.10650  -72.26256 0.0000e+00
      6.948    17.5347    33.4018  1024.1918     2.4395     5.1894     94.923    0.00057    5.46698    5.45911      8.443     0.5108   10.01135   4.357791 2.5320e-11    24.1612    24.1609 1.0000e-12      7.000          1        675    1512.72 3.9495e+00  51220.496     28.066 1603855836      -0.12      0.439   40.10650  -72.26254 0.0000e+00
      7.935    17.5745    33.4176  1024.1987     2.4388     5.1786     94.810   -0.00098    5.46207    5.45417      8.442     0.5053   10.00302   4.363724 2.5320e-11    24.1638    24.1634 1.0000e-12      8.000          1        745    1512.87 3.9495e+00  51239.706     31.017 1603855839       0.26      0.342   40.10650  -72.26254 0.0000e+00
      8.933    17.5955    33.4264  1024.2049     2.4396     5.1849     94.940    0.00042    5.46121    5.45330      8.442     0.4936   10.00155   4.366819 2.5320e-11    24.1656    24.1652 1.0000e-12      9.000          1        788    1512.96 3.9495e+00  51250.765     32.774 1603855840      -0.04      0.557   40.10650  -72.26253 0.0000e+00
      9.919    17.6136    33.4343  1024.2110     2.4399     5.1832     94.938   -0.00004    5.45962    5.45169      8.442     0.5044    9.99885   4.369450 5.9446e+04    24.1673    24.1669 1.0000e-12     10.000          1        844    1513.04 1.5597e+00  51260.711     35.133 1603855843      -0.00      0.391   40.10650  -72.26252 0.0000e+00
     10.919    17.6277    33.4404  1024.2167     2.4404     5.1854     94.990    0.00031    5.45886    5.45093 -9.990e-29     0.5058    9.99755   4.371532 9.6423e+04    24.1686    24.1681 1.0000e-12     11.000          1        887    1513.10 8.3746e-01  51268.500     36.934 1603855845      -0.00      0.554   40.10649  -72.26252 0.0000e+00
     11.905    17.6358    33.4440  1024.2218     2.4396     5.1803     94.925   -0.00038    5.45723    5.44929 -9.990e-29     0.4958    9.99478   4.372736 -9.990e-29    24.1694    24.1690 1.0000e-12     12.000          1        952    1513.15 4.1881e+00  51273.355     39.612 1603855847       0.00      0.327   40.10648  -72.26252 0.0000e+00
     12.896    17.6485    33.4501  1024.2278     2.4377     5.1743     94.822   -0.00093    5.45682    5.44887      8.445     0.4674    9.99409   4.374792 2.5320e-11    24.1711    24.1706 1.0000e-12     13.000          1       1006    1513.21 3.9495e+00  51281.185     41.888 1603855850      -0.01      0.442   40.10648  -72.26252 0.0000e+00
     13.892    17.6557    33.4533  1024.2330     2.4380     5.1784     94.900    0.00021    5.45677    5.44883      8.443     0.4849    9.99401   4.375892 2.5320e-11    24.1719    24.1713 1.0000e-12     14.000          1       1041    1513.25 3.9495e+00  51285.770     43.331 1603855851       0.33      0.622   40.10648  -72.26250 0.0000e+00
     14.889    17.6565    33.4529  1024.2369     2.4383     5.1767     94.899   -0.00021    5.45501    5.44705      8.442     0.5084    9.99100   4.375889 2.5320e-11    24.1714    24.1708 1.0000e-12     15.000          1       1096    1513.27 3.9495e+00  51285.535     45.623 1603855853       0.07      0.509   40.10648  -72.26250 0.0000e+00
     15.877    17.6704    33.4593  1024.2429     2.4398     5.1775     95.027    0.00043    5.44845    5.44045      8.442     0.4827    9.97972   4.378034 2.5320e-11    24.1730    24.1724 1.0000e-12     16.000          1       1170    1513.33 3.9495e+00  51293.761     48.703 1603855856       0.20      0.480   40.10648  -72.26248 0.0000e+00
     16.864    17.6852    33.4702  1024.2520     2.4407     5.1793     95.099    0.00091    5.44614    5.43813      8.442     0.5086    9.97575   4.381036 2.5320e-11    24.1778    24.1771 1.0000e-12     17.000          1       1209    1513.40 3.9495e+00  51308.146     50.334 1603855858       0.08      0.589   40.10648  -72.26248 0.0000e+00
     17.865    17.7224    33.4977  1024.2685     2.4406     5.1721     95.041   -0.00005    5.44198    5.43393      8.443     0.5294    9.96856   4.387925 2.5320e-11    24.1899    24.1892 1.0000e-12     18.000          1       1250    1513.56 3.9495e+00  51343.575     52.037 1603855860      -0.06      0.599   40.10646  -72.26248 0.0000e+00
     18.849    17.7830    33.5458  1024.2950     2.4439     5.1722     95.286    0.00116    5.42810    5.41996      8.446     0.5015    9.94458   4.399652 2.5320e-11    24.2121    24.2114 1.0000e-12     19.000          1       1335    1513.81 3.9495e+00  51405.469     55.563 1603855863       0.29      0.237   40.10646  -72.26248 0.0000e+00
     19.845    17.8351    33.5891  1024.3200     2.4434     5.1649     95.188   -0.00019    5.42608    5.41794      8.446     0.5059    9.94109   4.410086 3.6459e+04    24.2327    24.2319 1.0000e-12     20.000          1       1373    1514.03 2.5096e+00  51461.547     57.160 1603855865       0.03      0.592   40.10646  -72.26248 0.0000e+00
     20.840    17.8790    33.6260  1024.3420     2.4431     5.1638     95.181   -0.00013    5.42520    5.41705      8.446     0.5213    9.93954   4.418364 9.7521e+04    24.2504    24.2495 1.0000e-12     21.000          1       1413    1514.22 9.7883e-02  51509.452     58.828 1603855866       0.01      0.602   40.10646  -72.26247 0.0000e+00
     21.829    17.8974    33.6446  1024.3561     2.4409     5.1541     95.034   -0.00097    5.42343    5.41527      8.446     0.5086    9.93647   4.422171 4.8821e+04    24.2601    24.2592 1.0000e-12     22.000          1       1471    1514.31 1.8988e+00  51533.940     61.255 1603855869      -0.09      0.386   40.10646  -72.26246 0.0000e+00
     22.823    17.9091    33.6557  1024.3661     2.4419     5.1507     95.174    0.00055    5.41192    5.40368      8.445     0.4492    9.91679   4.424613 1.9925e+03    24.2658    24.2649 1.0000e-12     23.000          1       1530    1514.38 3.8662e+00  51548.764     63.729 1603855871      -0.00      0.426   40.10644  -72.26246 0.0000e+00
     23.813    17.9609    33.6930  1024.3864     2.4337     5.0975     94.479   -0.00454    5.39542    5.38706      8.442     0.3363    9.88875   4.434901 2.5320e-11    24.2818    24.2808 1.0000e-12     24.000          1       1587    1514.59 3.9495e+00  51596.714     66.080 1603855874       0.10      0.416   40.10644  -72.26246 0.0000e+00
     24.805    18.0927    33.7514  1024.4033     2.4261     5.0640     94.158   -0.00363    5.37821    5.36973      8.420     0.2608    9.85919   4.454511 2.5320e-11    24.2943    24.2933 1.0000e-12     25.000          1       1636    1515.06 3.9495e+00  51667.698     68.111 1603855876      -0.07      0.489   40.10644  -72.26246 0.0000e+00
     25.804    18.2053    33.8137  1024.4276     2.4191     5.0259     93.760   -0.00442    5.36040    5.35181      8.429     0.2801    9.82850   4.473546 2.5320e-11    24.3143    24.3132 1.0000e-12     26.000          1       1677    1515.47 3.9495e+00  51745.515     69.830 1603855877       0.15      0.587   40.10644  -72.26244 0.0000e+00
     26.789    18.4515    33.9893  1024.5052     2.4216     5.0031     94.156    0.00089    5.31366    5.30479      8.424     0.2336    9.74781   4.519495 2.5320e-11    24.3877    24.3866 1.0000e-12     27.000          1       1752    1516.40 3.9495e+00  51969.198     72.939 1603855881      -0.02      0.273   40.10644  -72.26244 0.0000e+00
     27.777    18.7295    34.2036  1024.6038     2.4204     4.9810     94.055    0.00011    5.29585    5.28688      8.438     0.1901    9.71686   4.572294 2.5320e-11    24.4822    24.4809 1.0000e-12     28.000          1       1809    1517.47 3.9495e+00  52243.183     75.351 1603855883       0.02      0.441   40.10642  -72.26244 0.0000e+00
     28.780    18.8728    34.3533  1024.6863     2.4075     4.9264     92.976   -0.00815    5.29857    5.28963      8.441     0.2257    9.72151   4.605000 2.5320e-11    24.5604    24.5591 1.0000e-12     29.000          1       1840    1518.06 3.9495e+00  52439.167     76.608 1603855884       0.27      0.694   40.10642  -72.26243 0.0000e+00
     29.768    18.9182    34.3997  1024.7146     2.3920     4.8849     92.334   -0.00631    5.29049    5.28151      8.546     0.1945    9.70734   4.612964 2.5320e-11    24.5845    24.5831 1.0000e-12     30.000          1       1898    1518.26 3.9495e+00  52499.504     79.022 1603855887      -0.17      0.397   40.10642  -72.26242 0.0000e+00
     30.761    18.9636    34.4653  1024.7576     2.3800     4.8548     91.798   -0.00558    5.28855    5.27956      8.793     0.1375    9.70396   4.626081 6.8800e+04    24.6232    24.6218 1.0000e-12     31.000          1       1954    1518.48 1.1869e+00  52586.568     81.382 1603855889       0.13      0.503   40.10642  -72.26242 0.0000e+00
     31.752    18.9915    34.4889  1024.7730     2.3760     4.8733     91.862   -0.00154    5.30503    5.29616      8.603     0.1148    9.73165   4.630638 5.6295e+04    24.6342    24.6327 1.0000e-12     32.000          1       2016    1518.60 1.6244e+00  52617.382     83.959 1603855892      -0.09      0.359   40.10640  -72.26242 0.0000e+00
     32.740    18.9529    34.4809  1024.7810     2.3588     4.8586     90.706   -0.00838    5.35640    5.34795      8.572     0.1172    9.81776   4.624783 -1.531e+03    24.6379    24.6364 1.0000e-12     33.000          1       2075    1518.50 4.0127e+00  52609.470     86.398 1603855894       0.22      0.455   40.10640  -72.26240 0.0000e+00
     33.736    18.7152    34.4313  1024.8077     2.3405     4.7962     89.514   -0.01367    5.35808    5.34965      8.566     0.1428    9.82058   4.592981 2.5320e-11    24.6600    24.6585 1.0000e-12     34.000          1       2106    1517.78 3.9495e+00  52557.734     87.715 1603855895       0.15      0.706   40.10640  -72.26240 0.0000e+00
     34.733    18.3197    34.3674  1024.8623     2.3156     4.7940     88.408   -0.01280    5.42362    5.41575      8.561     0.1488    9.93045   4.545877 2.5320e-11    24.7100    24.7085 1.0000e-12     35.000          1       2163    1516.58 3.9495e+00  52498.176     90.089 1603855898       0.07      0.509   40.10640  -72.26240 0.0000e+00
     35.720    17.8259    34.2819  1024.9230     2.2574     4.6824     84.719   -0.02826    5.52701    5.52005      8.545     0.1812   10.10366   4.484861 2.5320e-11    24.7661    24.7646 1.0000e-12     36.000          1       2234    1515.06 3.9495e+00  52417.733     93.044 1603855901       0.40      0.551   40.10640  -72.26240 0.0000e+00
     36.716    17.1274    34.1698  1025.0098     2.2253     4.6196     83.286   -0.02632    5.54671    5.53994      8.543     0.2278   10.13664   4.401184 2.5320e-11    24.8481    24.8466 1.0000e-12     37.000          1       2266    1512.87 3.9495e+00  52319.888     94.358 1603855902       0.01      0.772   40.10640  -72.26240 0.0000e+00
     37.708    16.7237    34.1079  1025.0622     2.1925     4.5867     82.360   -0.01581    5.56916    5.56260      8.530     0.1967   10.17434   4.357367 2.5320e-11    24.8958    24.8944 1.0000e-12     38.000          1       2317    1511.60 3.9495e+00  52269.939     96.508 1603855904      -0.14      0.474   40.10639  -72.26240 0.0000e+00
     38.690    16.3576    34.0381  1025.0984     2.1034     4.4774     77.063   -0.03187    5.80853    5.80437      8.451     0.0974   10.57456   4.313699 2.5320e-11    24.9274    24.9260 1.0000e-12     39.000          1       2410    1510.43 3.9495e+00  52207.292    100.363 1603855908       0.10      0.164   40.10638  -72.26238 0.0000e+00
     39.692    15.2620    33.8790  1025.2274     1.9835     3.9747     68.214   -0.07467    5.82716    5.82323      8.424     0.0824   10.60577   4.183401 -9.990e-29    25.0512    25.0498 1.0000e-12     40.000          1       2438    1506.85 3.9495e+00  52096.842    101.554 1603855909       0.34      0.681   40.10638  -72.26238 0.0000e+00
     40.684    14.6333    33.7891  1025.2999     1.8862     3.7113     63.576   -0.07277    5.83759    5.83377      8.411     0.0745   10.62320   4.116799 -9.990e-29    25.1187    25.1174 1.0000e-12     41.000          1       2472    1504.77 3.9495e+00  52042.041    102.963 1603855911      -0.12      0.757   40.10638  -72.26238 0.0000e+00
     41.673    14.1851    33.7134  1025.3414     1.7970     3.6268     61.961   -0.03358    5.85326    5.84961      8.409     0.0743   10.64946   4.068690 5.4896e+04    25.1554    25.1542 1.0000e-12     42.000          1       2538    1503.26 1.9324e+00  51990.139    105.710 1603855913      -0.04      0.346   40.10638  -72.26237 0.0000e+00
     42.659    13.9839    33.6756  1025.3589     1.7493     3.5760     60.976   -0.01461    5.86462    5.86109      8.399     0.0591   10.66844   4.047278 -1.682e+03    25.1683    25.1671 1.0000e-12     43.000          1       2608    1502.58 4.0127e+00  51962.557    108.605 1603855916       0.46      0.442   40.10637  -72.26236 0.0000e+00
     43.660    13.9251    33.6721  1025.3729     1.7406     3.5629     60.755   -0.01171    5.86441    5.86087      8.397     0.0926   10.66809   4.042260 2.5320e-11    25.1778    25.1765 1.0000e-12     44.000          1       2632    1502.40 3.9495e+00  51965.466    109.616 1603855917       0.25      0.853   40.10636  -72.26236 0.0000e+00
     44.657    13.9278    33.6709  1025.3758     1.7335     3.5702     60.846   -0.00557    5.86762    5.86413      8.397     0.0679   10.67340   4.043292 2.5320e-11    25.1764    25.1750 1.0000e-12     45.000          1       2675    1502.42 3.9495e+00  51964.091    111.434 1603855919      -0.04      0.718   40.10636  -72.26236 0.0000e+00
     45.638    13.8986    33.6598  1025.3778     1.7130     3.5090     59.646   -0.00872    5.88310    5.87980      8.386     0.0625   10.69878   4.039816 2.5320e-11    25.1739    25.1725 1.0000e-12     46.000          1       2765    1502.33 3.9495e+00  51952.973    115.167 1603855923       0.49      0.449   40.10636  -72.26236 0.0000e+00
     46.635    13.8029    33.6550  1025.3984     1.7020     3.4667     58.927   -0.01125    5.88309    5.87978      8.383     0.0685   10.69874   4.030811 2.5320e-11    25.1899    25.1886 1.0000e-12     47.000          1       2791    1502.03 3.9495e+00  51958.633    116.266 1603855924       0.17      0.833   40.10636  -72.26236 0.0000e+00
