CalculateIndicators/WaterTemperature/Data/CTD_NYOS/20201019_C06.cnv
* Sea-Bird SBE 9 Data File:
* FileName = C:\Seabird 9 CTD\Data\2020\202010_offshore\20201019_C06.hex
* Software Version Seasave V 7.23.2
* Temperature SN = 4590
* Conductivity SN = 3228
* Number of Bytes Per Scan = 44
* Number of Voltage Words = 5
* Number of Scans Averaged by the Deck Unit = 1
* NMEA Latitude = 39 19.03 N
* NMEA Longitude = 073 22.06 W
* NMEA UTC (Time) = Oct 20 2020  07:49:10
* NMEA baud rate = 4800
** Ship: seawolf
** Station: 7.4
** Operator: SJW
# nquan = 31
# nvalues = 87                          
# units = specified
# name 0 = depSM: Depth [salt water, m]
# name 1 = t090C: Temperature [ITS-90, deg C]
# name 2 = sal00: Salinity, Practical [PSU]
# name 3 = density00: Density [density, kg/m^3]
# name 4 = sbeox0V: Oxygen raw, SBE 43 [V]
# name 5 = sbeox0ML/L: Oxygen, SBE 43 [ml/l]
# name 6 = sbeox0PS: Oxygen, SBE 43 [% saturation]
# name 7 = sbox0dV/dT: Oxygen, SBE 43 [dov/dt]
# name 8 = oxsolML/L: Oxygen Saturation, Garcia & Gordon [ml/l]
# name 9 = oxsatML/L: Oxygen Saturation, Weiss [ml/l]
# name 10 = ph: pH
# name 11 = flECO-AFL: Fluorescence, WET Labs ECO-AFL/FL [mg/m^3]
# name 12 = n2satML/L: Nitrogen Saturation [ml/l]
# name 13 = c0S/m: Conductivity [S/m]
# name 14 = cpar: CPAR/Corrected Irradiance [%]
# name 15 = sigma-é00: Density [sigma-theta, kg/m^3]
# name 16 = sigma-t00: Density [sigma-t, kg/m^3 ]
# name 17 = par: PAR/Irradiance, Biospherical/Licor
# name 18 = prDM: Pressure, Digiquartz [db]
# name 19 = pumps: Pump Status
# name 20 = scan: Scan Count
# name 21 = svCM: Sound Velocity [Chen-Millero, m/s]
# name 22 = spar: SPAR, Biospherical/Licor
# name 23 = specc: Specific Conductance [uS/cm]
# name 24 = timeS: Time, Elapsed [seconds]
# name 25 = timeY: Time, System [seconds]
# name 26 = accM: Acceleration [m/s^2]
# name 27 = dz/dtM: Descent Rate [m/s]
# name 28 = latitude: Latitude [deg]
# name 29 = longitude: Longitude [deg]
# name 30 = flag: flag
# span 0 =      1.977,     44.663       
# span 1 =    15.8367,    17.9256       
# span 2 =    33.0806,    33.6396       
# span 3 =  1023.8296,  1024.6758       
# span 4 =     2.0729,     2.4642       
# span 5 =     4.3878,     5.2269       
# span 6 =     77.586,     96.063       
# span 7 =   -0.02775,    0.03208       
# span 8 =    5.42373,    5.65765       
# span 9 =    5.41556,    5.65160       
# span 10 =      8.352,      8.419      
# span 11 =     0.1853,     0.4823      
# span 12 =    9.93718,   10.32929      
# span 13 =   4.184969,   4.423182      
# span 14 = -6.711e+03, 1.1176e+05      
# span 15 =    23.8208,    24.4778      
# span 16 =    23.8207,    24.4763      
# span 17 = 1.0000e-12, 1.6915e-02      
# span 18 =      2.000,     45.000      
# span 19 =          1,          1      
# span 20 =        761,      10773      
# span 21 =    1508.05,    1514.51      
# span 22 = -3.672e+00, 4.6364e+00      
# span 23 =  50749.281,  51533.141      
# span 24 =     31.663,    448.826      
# span 25 = 1603180184, 1603180601      
# span 26 =      -0.65,       0.51      
# span 27 =     -0.830,      1.189      
# span 28 =   39.31652,   39.31718      
# span 29 =  -73.37062,  -73.36793      
# span 30 = 0.0000e+00, 0.0000e+00      
# interval = decibars: 1                
# start_time = Oct 20 2020 07:49:13 [System UTC, first data scan.]
# bad_flag = -9.990e-29
*END*
[from data line 47]
     40.684    16.0510    33.3222  1024.6274     2.1065     4.4630     79.509    0.00517    5.61321    5.60674      8.361     0.2429   10.25473   4.208947 2.5320e-11    24.4472    24.4458 1.0000e-12     41.000          1       5368    1508.69 3.9495e+00  51252.796    223.625 1603180376      -0.35     -0.553   39.31692  -73.36918 0.0000e+00
     39.690    16.0950    33.3329  1024.6212     2.1167     4.4945     80.115    0.00701    5.61003    5.60354      8.365     0.2331   10.24939   4.214561 2.5320e-11    24.4455    24.4440 1.0000e-12     40.000          1       5401    1508.83 3.9495e+00  51263.043    225.013 1603180378      -0.02     -0.719   39.31692  -73.36918 0.0000e+00
     38.698    16.2802    33.3754  1024.6071     2.1496     4.5561     82.068    0.01396    5.55225    5.54523      8.378     0.2617   10.15253   4.238057 8.7090e+03    24.4359    24.4345 1.0000e-12     39.000          1       5466    1509.43 3.6055e+00  51304.114    227.715 1603180380       0.08     -0.367   39.31691  -73.36920 0.0000e+00
     37.716    16.9204    33.4781  1024.5332     2.2407     4.7957     87.480    0.03208    5.48152    5.47386      8.397     0.2988   10.03405   4.312069 1.1176e+05    24.3668    24.3654 1.0000e-12     38.000          1       5552    1511.48 -4.646e-01  51389.127    231.292 1603180384      -0.13     -0.321   39.31690  -73.36922 0.0000e+00
     36.712    17.1013    33.5141  1024.5134     2.2765     4.8897     89.148    0.03072    5.48490    5.47726      8.403     0.3132   10.03970   4.334543 9.9999e+04    24.3515    24.3501 1.0000e-12     37.000          1       5579    1512.05 0.0000e+00  51423.714    232.435 1603180385      -0.35     -0.677   39.31690  -73.36922 0.0000e+00
     35.721    17.3618    33.5527  1024.4767     2.3181     4.9232     90.189    0.01517    5.45889    5.45102      8.404     0.3358    9.99604   4.362398 9.9999e+04    24.3194    24.3179 1.0000e-12     36.000          1       5651    1512.85 1.3637e-01  51455.376    235.411 1603180388      -0.08     -0.386   39.31690  -73.36925 0.0000e+00
     34.734    17.4881    33.5793  1024.4624     2.3602     5.0135     92.333    0.01782    5.42981    5.42170      8.414     0.3514    9.94730   4.377972 -4.053e+03    24.3095    24.3081 1.0000e-12     35.000          1       5716    1513.24 4.0394e+00  51481.483    238.129 1603180391      -0.18     -0.504   39.31690  -73.36926 0.0000e+00
     33.733    17.7224    33.6178  1024.4308     2.3912     5.1028     93.962    0.01984    5.43072    5.42262      8.414     0.3660    9.94883   4.405102 2.5320e-11    24.2825    24.2811 1.0000e-12     34.000          1       5753    1513.97 3.9423e+00  51516.159    239.679 1603180392       0.06     -0.624   39.31688  -73.36927 0.0000e+00
     32.752    17.8614    33.6371  1024.4076     2.4210     5.1164     94.320    0.00174    5.42450    5.41634 -9.990e-29     0.3562    9.93854   4.419094 2.5320e-11    24.2636    24.2623 1.0000e-12     33.000          1       5854    1514.38 3.9495e+00  51531.848    243.890 1603180397      -0.15     -0.130   39.31688  -73.36930 0.0000e+00
     31.756    17.8881    33.6370  1024.3966     2.4294     5.1513     94.963    0.00588    5.42450    5.41634 -9.990e-29     0.3985    9.93862   4.421800 2.5320e-11    24.2570    24.2557 1.0000e-12     32.000          1       5894    1514.44 3.3174e+00  51529.252    245.539 1603180398      -0.16     -0.550   39.31688  -73.36930 0.0000e+00
     30.759    17.9111    33.6277  1024.3794     2.4341     5.1551     95.027    0.00312    5.42490    5.41673      8.412     0.3940    9.93931   4.422411 2.5320e-11    24.2443    24.2430 1.0000e-12     31.000          1       5944    1514.48 3.4977e+00  51514.412    247.618 1603180400      -0.02     -0.555   39.31688  -73.36932 0.0000e+00
     29.777    17.9119    33.6246  1024.3725     2.4367     5.1542     94.964    0.00020    5.42753    5.41938      8.409     0.4138    9.94391   4.421658 2.5320e-11    24.2416    24.2404 1.0000e-12     30.000          1       6037    1514.47 3.9682e+00  51509.524    251.485 1603180404      -0.65     -0.416   39.31688  -73.36934 0.0000e+00
     28.769    17.9053    33.6139  1024.3614     2.4356     5.1491     94.863   -0.00056    5.42791    5.41976      8.409     0.4078    9.94457   4.419540 2.5320e-11    24.2350    24.2338 1.0000e-12     29.000          1       6062    1514.42 3.9495e+00  51494.880    252.544 1603180405      -0.03     -0.830   39.31687  -73.36935 0.0000e+00
     27.789    17.8855    33.5940  1024.3467     2.4350     5.1574     94.824   -0.00065    5.43891    5.43084      8.406     0.3762    9.96336   4.415054 4.8339e+04    24.2245    24.2234 1.0000e-12     28.000          1       6149    1514.32 2.0307e+00  51468.576    256.183 1603180409       0.07     -0.142   39.31686  -73.36937 0.0000e+00
     26.794    17.8311    33.5577  1024.3277     2.4175     5.1074     93.486   -0.00907    5.46329    5.45541      8.393     0.3774   10.00476   4.404942 1.0017e+05    24.2099    24.2089 1.0000e-12     27.000          1       6215    1514.10 -6.646e-03  51422.244    258.905 1603180412      -0.28     -0.517   39.31686  -73.36940 0.0000e+00
     25.795    17.7039    33.5004  1024.3102     2.3957     5.0302     92.168   -0.01343    5.45763    5.44970      8.391     0.3777    9.99517   4.384862 9.8156e+04    24.1967    24.1957 1.0000e-12     26.000          1       6255    1513.64 7.2804e-02  51352.460    260.571 1603180413       0.03     -0.643   39.31686  -73.36940 0.0000e+00
     24.802    17.4281    33.3811  1024.2808     2.3426     4.8991     89.353   -0.01739    5.48312    5.47537      8.380     0.4588   10.03881   4.343943 8.2627e+03    24.1716    24.1706 1.0000e-12     25.000          1       7481    1512.67 3.6232e+00  51209.326    311.676 1603180464       0.05     -0.625   39.31676  -73.36974 0.0000e+00
     23.818    17.3412    33.2982  1024.2336     2.3233     4.8862     89.293   -0.00202    5.47231    5.46445      8.381     0.4484   10.02116   4.327570 -3.738e+02    24.1287    24.1277 1.0000e-12     24.000          1       7716    1512.30 3.9643e+00  51101.596    321.440 1603180474       0.01     -0.273   39.31674  -73.36981 0.0000e+00
     22.822    17.5368    33.3235  1024.2019     2.3636     5.0458     92.562    0.02090    5.45124    5.44320      8.394     0.4038    9.98586   4.350867 2.5320e-11    24.1013    24.1004 1.0000e-12     23.000          1       7772    1512.90 3.9495e+00  51121.106    323.809 1603180476      -0.29     -0.514   39.31674  -73.36982 0.0000e+00
     21.828    17.7002    33.3477  1024.1766     2.3901     5.0988     93.544    0.01578    5.45077    5.44272      8.397     0.3935    9.98506   4.368861 2.5320e-11    24.0806    24.0797 1.0000e-12     22.000          1       7816    1513.39 3.9495e+00  51141.564    325.615 1603180478       0.07     -0.570   39.31673  -73.36984 0.0000e+00
     20.846    17.7523    33.3563  1024.1663     2.4063     5.0925     93.457    0.00122    5.44903    5.44096      8.397     0.3845    9.98216   4.374261 2.5320e-11    24.0745    24.0737 1.0000e-12     21.000          1       7909    1513.54 3.9495e+00  51149.012    329.485 1603180482      -0.15     -0.139   39.31672  -73.36986 0.0000e+00
     19.843    17.7523    33.3554  1024.1611     2.4100     5.1037     93.708    0.00256    5.44634    5.43826      8.399     0.3641    9.97775   4.374149 2.5320e-11    24.0738    24.0730 1.0000e-12     20.000          1       7950    1513.52 3.9495e+00  51147.263    331.202 1603180484      -0.00     -0.513   39.31672  -73.36987 0.0000e+00
     18.862    17.7775    33.3554  1024.1507     2.4227     5.1356     94.432    0.00493    5.43843    5.43025      8.400     0.3793    9.96525   4.376594 2.5320e-11    24.0677    24.0669 1.0000e-12     19.000          1       8026    1513.58 3.9495e+00  51145.079    334.377 1603180487      -0.28     -0.216   39.31672  -73.36988 0.0000e+00
     17.858    17.8514    33.3226  1024.1031     2.4282     5.1492     94.637    0.00386    5.44095    5.43277      8.399     0.4212    9.96980   4.379665 2.5320e-11    24.0246    24.0238 1.0000e-12     18.000          1       8066    1513.75 3.9495e+00  51094.096    336.037 1603180489      -0.02     -0.539   39.31672  -73.36990 0.0000e+00
     16.872    17.8646    33.2334  1024.0273     2.4343     5.1563     94.789    0.00185    5.43973    5.43149      8.396     0.4231    9.96894   4.369884 2.5320e-11    23.9531    23.9524 1.0000e-12     17.000          1       8149    1513.67 3.9495e+00  50970.405    339.501 1603180492      -0.37     -0.287   39.31670  -73.36992 0.0000e+00
     15.877    17.9087    33.1593  1023.9555     2.4471     5.2012     95.611    0.00553    5.43996    5.43171      8.396     0.3637    9.96946   4.365761 2.5320e-11    23.8857    23.8850 1.0000e-12     16.000          1       8201    1513.70 3.9495e+00  50865.163    341.647 1603180494       0.09     -0.442   39.31670  -73.36994 0.0000e+00
     14.890    17.9214    33.1296  1023.9252     2.4552     5.2126     95.817    0.00243    5.44017    5.43193 -9.990e-29     0.3545    9.96989   4.363419 2.5320e-11    23.8597    23.8591 1.0000e-12     15.000          1       8261    1513.68 3.9495e+00  50822.916    344.167 1603180497      -0.22     -0.371   39.31670  -73.36995 0.0000e+00
     13.892    17.9206    33.1226  1023.9157     2.4569     5.2115     95.793    0.00072    5.44038    5.43214      8.396     0.3581    9.97029   4.362411 2.2481e+03    23.8546    23.8540 1.0000e-12     14.000          1       8325    1513.66 3.8268e+00  50812.923    346.843 1603180500      -0.15     -0.360   39.31668  -73.36997 0.0000e+00
     12.899    17.9206    33.1161  1023.9063     2.4582     5.2132     95.816    0.00042    5.44086    5.43261      8.396     0.3375    9.97122   4.361551 9.6717e+04    23.8496    23.8490 1.0000e-12     13.000          1       8394    1513.63 1.2416e-01  50803.541    349.717 1603180502      -0.02     -0.462   39.31668  -73.36998 0.0000e+00
     11.912    17.9201    33.1083  1023.8961     2.4601     5.2211     95.958    0.00140    5.44104    5.43279      8.396     0.3559    9.97159   4.360496 1.0001e+05    23.8437    23.8432 1.0000e-12     12.000          1       8443    1513.60 -1.268e-04  50792.395    351.761 1603180504      -0.24     -0.466   39.31668  -73.37000 0.0000e+00
     10.910    17.9202    33.0999  1023.8852     2.4608     5.2200     95.940    0.00042    5.44094    5.43269      8.396     0.3465    9.97139   4.359467 8.4516e+04    23.8372    23.8368 1.0000e-12     11.000          1       8497    1513.58 6.1150e-01  50780.368    354.011 1603180507       0.00     -0.602   39.31666  -73.37001 0.0000e+00
      9.917    17.9201    33.1002  1023.8810     2.4610     5.2176     95.896   -0.00023    5.44090    5.43265      8.398     0.3523    9.97130   4.359424 -2.494e+03    23.8374    23.8370 1.0000e-12     10.000          1       9089    1513.56 4.0480e+00  50780.226    378.670 1603180531      -0.02     -0.522   39.31663  -73.37017 0.0000e+00
      8.933    17.9199    33.0999  1023.8765     2.4592     5.2107     95.766   -0.00052    5.44106    5.43281      8.397     0.3369    9.97161   4.359299 2.5320e-11    23.8372    23.8368 1.0000e-12      9.000          1      10166    1513.54 3.9495e+00  50779.235    423.540 1603180576      -0.15     -0.552   39.31655  -73.37046 0.0000e+00
      7.936    17.9200    33.0975  1023.8702     2.4606     5.2173     95.888    0.00054    5.44109    5.43284      8.398     0.3321    9.97167   4.359009 2.5320e-11    23.8353    23.8349 1.0000e-12      8.000          1      10194    1513.52 3.9495e+00  50775.617    424.703 1603180577       0.12     -0.558   39.31654  -73.37048 0.0000e+00
      6.947    17.9200    33.0961  1023.8647     2.4637     5.2269     96.063    0.00123    5.44113    5.43288      8.400     0.3423    9.97176   4.358791 2.5320e-11    23.8341    23.8338 1.0000e-12      7.000          1      10261    1513.51 3.9495e+00  50773.120    427.504 1603180580      -0.03     -0.340   39.31654  -73.37050 0.0000e+00
      5.958    17.9199    33.0951  1023.8596     2.4635     5.2200     95.934   -0.00049    5.44121    5.43296      8.400     0.3318    9.97193   4.358641 2.5320e-11    23.8334    23.8331 1.0000e-12      6.000          1      10318    1513.49 3.9495e+00  50771.328    429.870 1603180583      -0.10     -0.424   39.31654  -73.37051 0.0000e+00
      4.961    17.9199    33.0940  1023.8543     2.4631     5.2200     95.934   -0.00010    5.44121    5.43296 -9.990e-29     0.3440    9.97193   4.358444 2.5320e-11    23.8325    23.8323 1.0000e-12      5.000          1      10355    1513.47 3.9495e+00  50769.327    431.408 1603180584      -0.09     -0.630   39.31654  -73.37052 0.0000e+00
      3.969    17.9205    33.0906  1023.8472     2.4634     5.2208     95.949    0.00012    5.44120    5.43295 -9.990e-29     0.3375    9.97191   4.358081 2.5320e-11    23.8297    23.8296 1.0000e-12      4.000          1      10413    1513.45 3.9495e+00  50764.167    433.819 1603180586       0.10     -0.391   39.31654  -73.37054 0.0000e+00
      2.973    17.9206    33.0905  1023.8426     2.4638     5.2209     95.952   -0.00009    5.44118    5.43294 -9.990e-29     0.3374    9.97189   4.358037 1.3595e-02    23.8295    23.8294 5.3695e-04      3.000          1      10475    1513.44 3.9495e+00  50763.421    436.423 1603180589      -0.20     -0.460   39.31654  -73.37056 0.0000e+00
      1.977    17.9209    33.0902  1023.8379     2.4611     5.2114     95.776   -0.00093    5.44117    5.43292      8.401     0.3459    9.97189   4.357970 4.2828e-01    23.8292    23.8292 1.6915e-02      2.000          1      10773    1513.42 3.9495e+00  50762.548    448.826 1603180601       0.07     -0.191   39.31652  -73.37062 0.0000e+00
