CalculateIndicators/WaterTemperature/Data/CTD_NYOS/20201019_C09.cnv
* Sea-Bird SBE 9 Data File:
* FileName = C:\Seabird 9 CTD\Data\2020\202010_offshore\20201019_C09.hex
* Software Version Seasave V 7.23.2
* Temperature SN = 4590
* Conductivity SN = 3228
* Number of Bytes Per Scan = 44
* Number of Voltage Words = 5
* Number of Scans Averaged by the Deck Unit = 1
* NMEA Latitude = 38 47.06 N
* NMEA Longitude = 072 49.32 W
* NMEA UTC (Time) = Oct 20 2020  18:38:53
* NMEA baud rate = 4800
** Ship: seawolf
** Station: 6.6
** Operator: SJW
# nquan = 31
# nvalues = 600                         
# units = specified
# name 0 = depSM: Depth [salt water, m]
# name 1 = t090C: Temperature [ITS-90, deg C]
# name 2 = sal00: Salinity, Practical [PSU]
# name 3 = density00: Density [density, kg/m^3]
# name 4 = sbeox0V: Oxygen raw, SBE 43 [V]
# name 5 = sbeox0ML/L: Oxygen, SBE 43 [ml/l]
# name 6 = sbeox0PS: Oxygen, SBE 43 [% saturation]
# name 7 = sbox0dV/dT: Oxygen, SBE 43 [dov/dt]
# name 8 = oxsolML/L: Oxygen Saturation, Garcia & Gordon [ml/l]
# name 9 = oxsatML/L: Oxygen Saturation, Weiss [ml/l]
# name 10 = ph: pH
# name 11 = flECO-AFL: Fluorescence, WET Labs ECO-AFL/FL [mg/m^3]
# name 12 = n2satML/L: Nitrogen Saturation [ml/l]
# name 13 = c0S/m: Conductivity [S/m]
# name 14 = cpar: CPAR/Corrected Irradiance [%]
# name 15 = sigma-é00: Density [sigma-theta, kg/m^3]
# name 16 = sigma-t00: Density [sigma-t, kg/m^3 ]
# name 17 = par: PAR/Irradiance, Biospherical/Licor
# name 18 = prDM: Pressure, Digiquartz [db]
# name 19 = pumps: Pump Status
# name 20 = scan: Scan Count
# name 21 = svCM: Sound Velocity [Chen-Millero, m/s]
# name 22 = spar: SPAR, Biospherical/Licor
# name 23 = specc: Specific Conductance [uS/cm]
# name 24 = timeS: Time, Elapsed [seconds]
# name 25 = timeY: Time, System [seconds]
# name 26 = accM: Acceleration [m/s^2]
# name 27 = dz/dtM: Descent Rate [m/s]
# name 28 = latitude: Latitude [deg]
# name 29 = longitude: Longitude [deg]
# name 30 = flag: flag
# span 0 =      1.983,    299.518       
# span 1 =     9.6311,    21.0951       
# span 2 =    34.8541,    35.7948       
# span 3 =  1024.3658,  1028.5733       
# span 4 =     1.4023,     2.4917       
# span 5 =     2.9638,     4.9355       
# span 6 =     46.846,     96.989       
# span 7 =   -0.01912,    0.02133       
# span 8 =    5.07745,    6.35276       
# span 9 =    5.06700,    6.35698       
# span 10 =      8.267,      8.559      
# span 11 =    -0.0800,     0.5659      
# span 12 =    9.34970,   11.45817      
# span 13 =   3.811891,   4.885362      
# span 14 = 3.5845e-14, 3.9036e+01      
# span 15 =    24.3572,    27.2152      
# span 16 =    24.3571,    27.2094      
# span 17 = 1.0000e-12, 5.0523e+02      
# span 18 =      2.000,    302.000      
# span 19 =          1,          1      
# span 20 =        966,      51549      
# span 21 =    1493.78,    1524.36      
# span 22 = 6.5297e+02, 2.7898e+03      
# span 23 =  52986.025,  55031.702      
# span 24 =     40.192,   2147.831      
# span 25 = 1603219175, 1603221283      
# span 26 =      -0.73,       0.68      
# span 27 =     -1.010,      0.830      
# span 28 =   38.77805,   38.78429      
# span 29 =  -72.82393,  -72.82180      
# span 30 = 0.0000e+00, 0.0000e+00      
# interval = decibars: 1                
# start_time = Oct 20 2020 18:38:55 [System UTC, first data scan.]
# bad_flag = -9.990e-29
*END*
[from data line 328]
    271.750    10.2671    35.3202  1028.3901     1.4324     3.0188     48.252    0.00100    6.25642    6.25930      8.289    -0.0608   11.29810   3.878609 7.6710e-14    27.1615    27.1558 1.0000e-12    274.000          1      26013    1495.69 1.3036e+03  54978.679   1083.822 1603220219       0.01     -0.377   38.78138  -72.82218 0.0000e+00
    270.763    10.3125    35.3259  1028.3819     1.4357     3.0265     48.450    0.00154    6.24659    6.24934      8.288    -0.0583   11.28170   3.883581 7.6192e-14    27.1580    27.1523 1.0000e-12    273.000          1      26072    1495.84 1.3125e+03  54976.593   1086.273 1603220221      -0.16     -0.414   38.78136  -72.82218 0.0000e+00
    269.766    10.3591    35.3333  1028.3747     1.4375     3.0283     48.518    0.00131    6.24164    6.24432      8.284    -0.0472   11.27350   3.888787 7.5657e-14    27.1556    27.1499 1.0000e-12    272.000          1      26105    1496.00 1.3218e+03  54976.794   1087.668 1603220223      -0.15     -0.670   38.78136  -72.82218 0.0000e+00
    268.775    10.4161    35.3428  1028.3673     1.4400     3.0344     48.608    0.00096    6.24269    6.24538      8.289    -0.0497   11.27528   3.895002 7.5614e-14    27.1530    27.1472 1.0000e-12    271.000          1      26161    1496.20 1.3225e+03  54978.085   1089.993 1603220225       0.13     -0.429   38.78135  -72.82218 0.0000e+00
    267.788    10.4315    35.3402  1028.3580     1.4405     3.0280     48.529   -0.00005    6.23957    6.24222      8.283    -0.0543   11.27005   3.895954 7.5702e-14    27.1482    27.1425 1.0000e-12    270.000          1      26252    1496.24 1.3210e+03  54970.721   1093.773 1603220229      -0.03     -0.249   38.78134  -72.82220 0.0000e+00
    266.797    10.4482    35.3463  1028.3553     1.4408     3.0281     48.553    0.00018    6.23675    6.23936      8.285    -0.0659   11.26536   3.898062 7.3975e-14    27.1501    27.1444 1.0000e-12    269.000          1      26305    1496.28 1.3518e+03  54975.334   1096.005 1603220231      -0.26     -0.486   38.78134  -72.82220 0.0000e+00
    265.800    10.4566    35.3479  1028.3505     1.4415     3.0321     48.618    0.00045    6.23659    6.23920      8.288    -0.0658   11.26510   3.899076 7.2811e-14    27.1499    27.1442 1.0000e-12    268.000          1      26341    1496.30 1.3735e+03  54975.236   1097.499 1603220232       0.02     -0.671   38.78132  -72.82220 0.0000e+00
    264.814    10.4775    35.3506  1028.3443     1.4416     3.0281     48.577    0.00010    6.23366    6.23623      8.282    -0.0469   11.26022   3.901327 7.2279e-14    27.1482    27.1425 1.0000e-12    267.000          1      26427    1496.36 1.3835e+03  54974.146   1101.083 1603220236      -0.05     -0.236   38.78131  -72.82220 0.0000e+00
    263.823    10.5013    35.3515  1028.3361     1.4412     3.0233     48.516   -0.00024    6.23159    6.23413      8.282    -0.0524   11.25677   3.903525 7.0109e-14    27.1447    27.1390 1.0000e-12    266.000          1      26487    1496.43 1.4265e+03  54969.964   1103.589 1603220238      -0.26     -0.579   38.78130  -72.82220 0.0000e+00
    262.826    10.5072    35.3536  1028.3322     1.4411     3.0234     48.520   -0.00013    6.23133    6.23387      8.284    -0.0524   11.25634   3.904186 6.6838e-14    27.1452    27.1396 1.0000e-12    265.000          1      26520    1496.44 1.4968e+03  54971.081   1104.959 1603220240      -0.01     -0.730   38.78130  -72.82220 0.0000e+00
    261.838    10.5117    35.3545  1028.3276     1.4408     3.0212     48.493   -0.00014    6.23022    6.23274      8.281    -0.0557   11.25450   3.904631 5.4077e-14    27.1452    27.1395 1.0000e-12    264.000          1      26605    1496.44 1.8717e+03  54970.952   1108.500 1603220243      -0.10     -0.320   38.78129  -72.82221 0.0000e+00
    260.852    10.5155    35.3549  1028.3228     1.4392     3.0113     48.347   -0.00076    6.22847    6.23097      8.281    -0.0658   11.25160   3.904967 4.5690e-14    27.1448    27.1392 1.0000e-12    263.000          1      26671    1496.43 2.1852e+03  54970.046   1111.264 1603220246      -0.11     -0.530   38.78128  -72.82220 0.0000e+00
    259.852    10.5234    35.3555  1028.3173     1.4379     3.0058     48.268   -0.00090    6.22721    6.22969      8.283    -0.0567   11.24951   3.905763 4.4257e-14    27.1438    27.1382 1.0000e-12    262.000          1      26702    1496.45 2.2599e+03  54968.707   1112.552 1603220247      -0.13     -0.714   38.78128  -72.82221 0.0000e+00
    258.865    10.5376    35.3568  1028.3112     1.4355     2.9970     48.139   -0.00088    6.22580    6.22826      8.281    -0.0606   11.24717   3.907204 4.4752e-14    27.1423    27.1367 1.0000e-12    261.000          1      26776    1496.48 2.2419e+03  54967.009   1115.623 1603220251       0.09     -0.365   38.78127  -72.82222 0.0000e+00
    257.880    10.5528    35.3580  1028.3049     1.4333     2.9890     48.056   -0.00037    6.21993    6.22231      8.279    -0.0523   11.23740   3.908775 4.9284e-14    27.1405    27.1349 1.0000e-12    260.000          1      26866    1496.52 2.0285e+03  54965.069   1119.379 1603220254      -0.42     -0.470   38.78126  -72.82222 0.0000e+00
    256.880    10.5706    35.3593  1028.2982     1.4328     2.9835     47.991   -0.00075    6.21672    6.21906      8.279    -0.0649   11.23208   3.910593 4.8693e-14    27.1384    27.1328 1.0000e-12    259.000          1      26891    1496.57 2.0538e+03  54962.790   1120.406 1603220255      -0.22     -0.840   38.78126  -72.82222 0.0000e+00
    255.889    10.5975    35.3628  1028.2915     1.4324     2.9837     48.012   -0.00027    6.21438    6.21669      8.278    -0.0539   11.22823   3.913561 4.6070e-14    27.1363    27.1308 1.0000e-12    258.000          1      26937    1496.65 2.1733e+03  54961.787   1122.340 1603220257       0.19     -0.557   38.78125  -72.82222 0.0000e+00
    254.904    10.6414    35.3640  1028.2799     1.4304     2.9734     47.877   -0.00050    6.21040    6.21266      8.276    -0.0658   11.22160   3.917738 4.2510e-14    27.1294    27.1239 1.0000e-12    257.000          1      27039    1496.79 2.3514e+03  54954.119   1126.580 1603220261      -0.26     -0.155   38.78124  -72.82223 0.0000e+00
    253.911    10.6505    35.3660  1028.2753     1.4289     2.9638     47.766   -0.00074    6.20493    6.20711      8.278    -0.0658   11.21249   3.918807 4.0970e-14    27.1293    27.1238 1.0000e-12    256.000          1      27098    1496.81 2.4410e+03  54954.603   1129.050 1603220264      -0.57     -0.578   38.78124  -72.82224 0.0000e+00
    252.910    10.6700    35.3698  1028.2702     1.4297     2.9672     47.879    0.00017    6.19736    6.19943      8.278    -0.0580   11.20001   3.921112 3.9506e-14    27.1288    27.1233 1.0000e-12    255.000          1      27126    1496.87 2.5319e+03  54955.498   1130.221 1603220265       0.02     -0.868   38.78122  -72.82224 0.0000e+00
    251.925    10.7417    35.3734  1028.2553     1.4354     2.9911     48.326    0.00208    6.18954    6.19150      8.274    -0.0585   11.18696   3.928534 3.7477e-14    27.1188    27.1132 1.0000e-12    254.000          1      27187    1497.11 2.6695e+03  54945.877   1132.755 1603220268       0.14     -0.422   38.78122  -72.82224 0.0000e+00
    250.938    10.8353    35.3839  1028.2416     1.4397     2.9906     48.366    0.00021    6.18326    6.18514      8.272    -0.0523   11.17651   3.938417 3.6636e-14    27.1101    27.1045 1.0000e-12    253.000          1      27282    1497.43 2.7295e+03  54941.730   1136.718 1603220272      -0.10     -0.240   38.78122  -72.82225 0.0000e+00
    249.948    10.8488    35.3856  1028.2361     1.4377     2.9738     48.140   -0.00105    6.17730    6.17910      8.273    -0.0586   11.16658   3.939776 3.6291e-14    27.1090    27.1034 1.0000e-12    252.000          1      27333    1497.46 2.7555e+03  54941.065   1138.821 1603220274      -0.14     -0.467   38.78120  -72.82226 0.0000e+00
    248.951    10.8744    35.3897  1028.2300     1.4380     2.9795     48.242   -0.00006    6.17610    6.17789 -9.990e-29    -0.0392   11.16456   3.942801 3.6175e-14    27.1076    27.1020 1.0000e-12    251.000          1      27366    1497.54 2.7644e+03  54941.178   1140.204 1603220275      -0.09     -0.693   38.78120  -72.82226 0.0000e+00
    247.960    10.9137    35.3952  1028.2225     1.4410     2.9920     48.465    0.00089    6.17346    6.17522      8.272    -0.0566   11.16020   3.946826 3.6300e-14    27.1048    27.0992 1.0000e-12    250.000          1      27441    1497.67 2.7548e+03  54940.744   1143.341 1603220278      -0.06     -0.366   38.78119  -72.82226 0.0000e+00
    246.973    10.9278    35.3975  1028.2171     1.4447     3.0053     48.693    0.00148    6.17189    6.17362      8.276    -0.0601   11.15754   3.948368 3.6230e-14    27.1039    27.0984 1.0000e-12    249.000          1      27514    1497.71 2.7602e+03  54940.621   1146.388 1603220281      -0.19     -0.506   38.78118  -72.82226 0.0000e+00
    245.975    10.9442    35.4015  1028.2127     1.4477     3.0169     48.886    0.00200    6.17130    6.17302      8.277    -0.0584   11.15656   3.950288 3.6010e-14    27.1041    27.0985 1.0000e-12    248.000          1      27550    1497.75 2.7770e+03  54942.445   1147.864 1603220283      -0.01     -0.664   38.78118  -72.82226 0.0000e+00
    244.992    10.9482    35.4041  1028.2095     1.4501     3.0164     48.880    0.00058    6.17093    6.17265      8.271    -0.0574   11.15593   3.950754 3.6199e-14    27.1054    27.0998 1.0000e-12    247.000          1      27626    1497.75 2.7626e+03  54944.666   1151.036 1603220286       0.07     -0.210   38.78118  -72.82226 0.0000e+00
    243.991    10.9503    35.4045  1028.2049     1.4513     3.0190     48.934    0.00059    6.16950    6.17120 -9.990e-29    -0.0537   11.15357   3.950942 3.6048e-14    27.1053    27.0998 1.0000e-12    246.000          1      27674    1497.74 2.7741e+03  54944.237   1153.042 1603220288      -0.04     -0.543   38.78116  -72.82227 0.0000e+00
    243.015    10.9654    35.4054  1028.1984     1.4524     3.0165     48.932    0.00015    6.16479    6.16643      8.272    -0.0579   11.14573   3.952426 3.5946e-14    27.1032    27.0977 1.0000e-12    245.000          1      27759    1497.78 2.7820e+03  54942.002   1156.579 1603220291      -0.21     -0.146   38.78116  -72.82228 0.0000e+00
    242.009    10.9746    35.4064  1028.1929     1.4524     3.0155     48.933    0.00016    6.16249    6.16410      8.276    -0.0557   11.14192   3.953477 3.5845e-14    27.1023    27.0968 1.0000e-12    244.000          1      27789    1497.80 2.7898e+03  54941.055   1157.818 1603220293      -0.13     -0.663   38.78115  -72.82228 0.0000e+00
    241.026    11.0137    35.4109  1028.1847     1.4529     3.0130     48.935    0.00007    6.15709    6.15862      8.271    -0.0557   11.13295   3.957653 3.6073e-14    27.0987    27.0932 1.0000e-12    243.000          1      27865    1497.92 2.7722e+03  54939.380   1160.994 1603220296       0.06     -0.246   38.78114  -72.82228 0.0000e+00
    240.030    11.0418    35.4116  1028.1754     1.4523     3.0073     48.868   -0.00031    6.15388    6.15537      8.272    -0.0650   11.12762   3.960527 3.6586e-14    27.0941    27.0886 1.0000e-12    242.000          1      27916    1498.01 2.7333e+03  54934.408   1163.127 1603220298      -0.18     -0.563   38.78114  -72.82228 0.0000e+00
    239.041    11.0771    35.4174  1028.1689     1.4514     3.0043     48.825   -0.00022    6.15332    6.15480 -9.990e-29    -0.0625   11.12667   3.964331 3.9577e-14    27.0922    27.0867 1.0000e-12    241.000          1      27979    1498.12 2.5326e+03  54935.229   1165.764 1603220301       0.12     -0.344   38.78114  -72.82228 0.0000e+00
    238.047    11.0809    35.4182  1028.1643     1.4510     3.0020     48.793   -0.00028    6.15259    6.15406      8.268    -0.0514   11.12545   3.964699 4.7952e-14    27.0921    27.0866 1.0000e-12    240.000          1      28039    1498.12 2.0930e+03  54935.091   1168.258 1603220303      -0.10     -0.474   38.78112  -72.82230 0.0000e+00
    237.059    11.0875    35.4194  1028.1595     1.4506     3.0009     48.777   -0.00016    6.15233    6.15380      8.272    -0.0602   11.12502   3.965363 5.4743e-14    27.0918    27.0863 1.0000e-12    239.000          1      28093    1498.13 1.8258e+03  54934.871   1170.518 1603220305       0.03     -0.433   38.78112  -72.82230 0.0000e+00
    236.064    11.0892    35.4201  1028.1553     1.4502     3.0021     48.799    0.00007    6.15208    6.15355      8.272    -0.0610   11.12461   3.965507 5.5695e-14    27.0920    27.0866 1.0000e-12    238.000          1      28147    1498.12 1.7957e+03  54934.954   1172.766 1603220308       0.06     -0.443   38.78111  -72.82230 0.0000e+00
    235.078    11.0921    35.4203  1028.1504     1.4508     2.9995     48.776   -0.00006    6.14960    6.15104      8.267    -0.0528   11.12049   3.965732 5.9227e-14    27.0916    27.0862 1.0000e-12    237.000          1      28233    1498.11 1.6889e+03  54934.019   1176.351 1603220311      -0.02     -0.228   38.78110  -72.82231 0.0000e+00
    234.090    11.0933    35.4210  1028.1463     1.4515     3.0001     48.834    0.00032    6.14349    6.14485      8.267    -0.0493   11.11033   3.965883 6.0207e-14    27.0919    27.0865 1.0000e-12    236.000          1      28284    1498.10 1.6609e+03  54934.154   1178.457 1603220313      -0.26     -0.488   38.78110  -72.82232 0.0000e+00
    233.088    11.1102    35.4229  1028.1401     1.4522     3.0049     48.902    0.00070    6.14479    6.14616      8.268    -0.0509   11.11247   3.967946 6.0549e-14    27.0903    27.0849 1.0000e-12    235.000          1      28311    1498.15 1.6516e+03  54933.017   1179.571 1603220314      -0.20     -0.797   38.78109  -72.82232 0.0000e+00
    232.100    11.1679    35.4296  1028.1299     1.4559     3.0129     49.104    0.00109    6.13580    6.13705      8.270    -0.0624   11.09752   3.974051 6.4568e-14    27.0848    27.0794 1.0000e-12    234.000          1      28392    1498.34 1.5503e+03  54930.991   1182.975 1603220318       0.00     -0.460   38.78108  -72.82232 0.0000e+00
    231.114    11.2016    35.4324  1028.1213     1.4595     3.0205     49.291    0.00132    6.12790    6.12905      8.268    -0.0538   11.08434   3.977646 6.6096e-14    27.0808    27.0754 1.0000e-12    233.000          1      28471    1498.44 1.5129e+03  54928.029   1186.253 1603220321      -0.39     -0.546   38.78108  -72.82232 0.0000e+00
    230.115    11.2363    35.4367  1028.1136     1.4602     3.0158     49.275    0.00078    6.12024    6.12130      8.271    -0.0524   11.07161   3.981398 6.5704e-14    27.0778    27.0724 1.0000e-12    232.000          1      28496    1498.55 1.5220e+03  54927.066   1187.311 1603220322      -0.16     -0.866   38.78106  -72.82232 0.0000e+00
    229.123    11.2875    35.4431  1028.1044     1.4634     3.0243     49.458    0.00117    6.11499    6.11598      8.270    -0.0494   11.06291   3.987118 6.5149e-14    27.0733    27.0679 1.0000e-12    231.000          1      28547    1498.72 1.5351e+03  54925.800   1189.429 1603220324       0.10     -0.596   38.78106  -72.82232 0.0000e+00
    228.137    11.3928    35.4549  1028.0891     1.4683     3.0312     49.661    0.00088    6.10382    6.10465      8.268    -0.0500   11.04433   3.998314 6.2536e-14    27.0629    27.0575 1.0000e-12    230.000          1      28645    1499.08 1.5992e+03  54922.747   1193.510 1603220328      -0.17     -0.362   38.78106  -72.82234 0.0000e+00
    227.147    11.4117    35.4590  1028.0842     1.4701     3.0331     49.765    0.00114    6.09484    6.09556      8.270    -0.0540   11.02937   4.000649 6.0510e-14    27.0626    27.0572 1.0000e-12    229.000          1      28689    1499.14 1.6527e+03  54924.289   1195.336 1603220330      -0.13     -0.529   38.78106  -72.82234 0.0000e+00
