CalculateIndicators/WaterTemperature/Data/CTD_NYOS/20201019_C07.cnv
* Sea-Bird SBE 9 Data File:
* FileName = C:\Seabird 9 CTD\Data\2020\202010_offshore\20201019_C07.hex
* Software Version Seasave V 7.23.2
* Temperature SN = 4590
* Conductivity SN = 3228
* Number of Bytes Per Scan = 44
* Number of Voltage Words = 5
* Number of Scans Averaged by the Deck Unit = 1
* NMEA Latitude = 38 56.13 N
* NMEA Longitude = 073 13.00 W
* NMEA UTC (Time) = Oct 20 2020  11:26:34
* NMEA baud rate = 4800
** Ship: seawolf
** Station: 7.5
** Operator: SJW
# nquan = 31
# nvalues = 131                         
# units = specified
# name 0 = depSM: Depth [salt water, m]
# name 1 = t090C: Temperature [ITS-90, deg C]
# name 2 = sal00: Salinity, Practical [PSU]
# name 3 = density00: Density [density, kg/m^3]
# name 4 = sbeox0V: Oxygen raw, SBE 43 [V]
# name 5 = sbeox0ML/L: Oxygen, SBE 43 [ml/l]
# name 6 = sbeox0PS: Oxygen, SBE 43 [% saturation]
# name 7 = sbox0dV/dT: Oxygen, SBE 43 [dov/dt]
# name 8 = oxsolML/L: Oxygen Saturation, Garcia & Gordon [ml/l]
# name 9 = oxsatML/L: Oxygen Saturation, Weiss [ml/l]
# name 10 = ph: pH
# name 11 = flECO-AFL: Fluorescence, WET Labs ECO-AFL/FL [mg/m^3]
# name 12 = n2satML/L: Nitrogen Saturation [ml/l]
# name 13 = c0S/m: Conductivity [S/m]
# name 14 = cpar: CPAR/Corrected Irradiance [%]
# name 15 = sigma-é00: Density [sigma-theta, kg/m^3]
# name 16 = sigma-t00: Density [sigma-t, kg/m^3 ]
# name 17 = par: PAR/Irradiance, Biospherical/Licor
# name 18 = prDM: Pressure, Digiquartz [db]
# name 19 = pumps: Pump Status
# name 20 = scan: Scan Count
# name 21 = svCM: Sound Velocity [Chen-Millero, m/s]
# name 22 = spar: SPAR, Biospherical/Licor
# name 23 = specc: Specific Conductance [uS/cm]
# name 24 = timeS: Time, Elapsed [seconds]
# name 25 = timeY: Time, System [seconds]
# name 26 = accM: Acceleration [m/s^2]
# name 27 = dz/dtM: Descent Rate [m/s]
# name 28 = latitude: Latitude [deg]
# name 29 = longitude: Longitude [deg]
# name 30 = flag: flag
# span 0 =      1.980,     66.501       
# span 1 =    12.4689,    18.7499       
# span 2 =    33.4101,    34.2958       
# span 3 =  1024.4439,  1025.8915       
# span 4 =     1.7753,     2.4762       
# span 5 =     3.7797,     5.1483       
# span 6 =     62.926,     96.544       
# span 7 =   -0.04821,    0.05119       
# span 8 =    5.31836,    6.03465       
# span 9 =    5.30954,    6.03314       
# span 10 =      8.307,      8.464      
# span 11 =     0.0541,     0.2342      
# span 12 =    9.75543,   10.95064      
# span 13 =   3.902278,   4.583034      
# span 14 = 1.7623e-12, 3.0717e+01      
# span 15 =    24.4352,    25.5979      
# span 16 =    24.4351,    25.5962      
# span 17 = 1.0000e-12, 2.7407e+01      
# span 18 =      2.000,     67.000      
# span 19 =          1,          1      
# span 20 =          8,      14341      
# span 21 =    1497.56,    1517.77      
# span 22 = 2.0876e+01, 8.9049e+01      
# span 23 =  51632.076,  52529.635      
# span 24 =      0.312,    597.485      
# span 25 = 1603193197, 1603193794      
# span 26 =      -0.82,       0.68      
# span 27 =     -1.402,      0.931      
# span 28 =   38.93556,   38.93671      
# span 29 =  -73.21945,  -73.21667      
# span 30 = 0.0000e+00, 0.0000e+00      
# interval = decibars: 1                
# start_time = Oct 20 2020 11:26:36 [System UTC, first data scan.]
# bad_flag = -9.990e-29
*END*
      1.984    18.6352    34.1127  1024.4439     2.4709     5.1308     96.164   -0.00084    5.33551    5.32676 -9.990e-29     0.1391    9.78577   4.548392 3.0459e+01    24.4352    24.4351 6.4301e+00      2.000          1          8    1516.66 2.0876e+01  52112.989      0.312 1603193197       0.66     -0.192   38.93556  -73.21667 0.0000e+00
      2.978    18.6334    34.1160  1024.4513     2.4737     5.1445     96.421    0.00091    5.33550    5.32675      8.433     0.1527    9.78573   4.548628 1.8134e+01    24.4382    24.4381 4.6063e+00      3.000          1        427    1516.67 2.5349e+01  52118.006     17.766 1603193214       0.18      0.285   38.93557  -73.21674 0.0000e+00
      3.966    18.6337    34.1155  1024.4552     2.4740     5.1440     96.413    0.00015    5.33537    5.32662 -9.990e-29     0.1600    9.78550   4.548671 1.5256e+01    24.4378    24.4376 4.0117e+00      4.000          1        564    1516.69 2.6408e+01  52117.885     23.449 1603193220       0.07      0.499   38.93558  -73.21676 0.0000e+00
      4.968    18.6337    34.1164  1024.4603     2.4738     5.1425     96.390   -0.00014    5.33511    5.32637 -9.990e-29     0.1534    9.78502   4.548819 1.0781e+01    24.4385    24.4383 2.9634e+00      5.000          1        596    1516.71 2.7543e+01  52119.570     24.780 1603193221       0.09      0.652   38.93560  -73.21677 0.0000e+00
      5.951    18.6355    34.1207  1024.4675     2.4726     5.1392     96.334   -0.00035    5.33480    5.32606      8.430     0.1483    9.78442   4.549585 9.6861e+00    24.4414    24.4412 2.5591e+00      6.000          1        660    1516.73 2.6421e+01  52125.849     27.458 1603193224      -0.11      0.317   38.93560  -73.21678 0.0000e+00
      6.944    18.6360    34.1290  1024.4781     2.4723     5.1388     96.339   -0.00041    5.33408    5.32533      8.433     0.1401    9.78312   4.550637 9.7014e+00    24.4477    24.4473 2.4844e+00      7.000          1        718    1516.76 2.5610e+01  52137.541     29.861 1603193226      -0.02      0.430   38.93560  -73.21678 0.0000e+00
      7.934    18.6370    34.1326  1024.4849     2.4739     5.1483     96.521    0.00127    5.33386    5.32510 -9.990e-29     0.1356    9.78273   4.551247 7.7231e+00    24.4502    24.4498 2.0223e+00      8.000          1        754    1516.79 2.6241e+01  52142.823     31.383 1603193228       0.39      0.581   38.93560  -73.21680 0.0000e+00
      8.940    18.6391    34.1376  1024.4927     2.4741     5.1475     96.501    0.00077    5.33411    5.32536 -9.990e-29     0.1415    9.78318   4.552128 6.4056e+00    24.4536    24.4532 1.7665e+00      9.000          1        779    1516.81 2.7592e+01  52150.146     32.416 1603193229       0.14      0.918   38.93560  -73.21680 0.0000e+00
      9.922    18.6423    34.1423  1024.4999     2.4733     5.1429     96.444    0.00018    5.33256    5.32381      8.429     0.1407    9.78046   4.552987 6.6203e+00    24.4564    24.4560 1.6139e+00     10.000          1        855    1516.84 2.4456e+01  52156.812     35.586 1603193232      -0.04      0.288   38.93560  -73.21680 0.0000e+00
     10.913    18.6486    34.1502  1024.5087     2.4725     5.1396     96.399   -0.00030    5.33164    5.32288      8.431     0.1286    9.77886   4.554712 6.2619e+00    24.4609    24.4604 1.5027e+00     11.000          1        911    1516.89 2.4042e+01  52167.635     37.919 1603193234       0.28      0.552   38.93562  -73.21682 0.0000e+00
     11.914    18.6540    34.1561  1024.5163     2.4724     5.1385     96.384   -0.00050    5.33124    5.32248      8.430     0.1218    9.77815   4.555979 5.9937e+00    24.4641    24.4636 1.3088e+00     12.000          1        942    1516.93 2.1834e+01  52175.806     39.207 1603193236       0.03      0.756   38.93562  -73.21682 0.0000e+00
     12.904    18.6594    34.1628  1024.5245     2.4724     5.1400     96.414   -0.00002    5.33120    5.32244      8.433     0.1333    9.77808   4.557264 5.0667e+00    24.4679    24.4674 1.1499e+00     13.000          1        998    1516.97 2.2759e+01  52185.177     41.542 1603193238      -0.08      0.459   38.93562  -73.21682 0.0000e+00
     13.893    18.6632    34.1691  1024.5327     2.4715     5.1372     96.375   -0.00040    5.33038    5.32162      8.427     0.1162    9.77661   4.558481 4.4808e+00    24.4718    24.4712 1.0741e+00     14.000          1       1099    1517.00 2.4015e+01  52194.003     45.749 1603193242       0.39      0.441   38.93562  -73.21685 0.0000e+00
     14.885    18.6660    34.1761  1024.5416     2.4715     5.1399     96.426    0.00038    5.33037    5.32161      8.431     0.1218    9.77659   4.559584 3.5025e+00    24.4765    24.4758 9.3949e-01     15.000          1       1135    1517.03 2.6872e+01  52203.736     47.255 1603193244      -0.01      0.670   38.93562  -73.21686 0.0000e+00
     15.884    18.6658    34.1765  1024.5465     2.4716     5.1383     96.404   -0.00012    5.32996    5.32119      8.431     0.1263    9.77588   4.559619 3.4905e+00    24.4770    24.4762 8.6054e-01     16.000          1       1187    1517.05 2.4787e+01  52204.885     49.429 1603193246       0.05      0.541   38.93562  -73.21686 0.0000e+00
     16.878    18.6673    34.1786  1024.5521     2.4732     5.1422     96.544    0.00064    5.32627    5.31748      8.432     0.1208    9.76951   4.560130 3.2427e+00    24.4782    24.4775 7.7990e-01     17.000          1       1276    1517.07 2.4087e+01  52208.094     53.109 1603193249       0.22      0.599   38.93564  -73.21688 0.0000e+00
     17.844    18.6914    34.1979  1024.5651     2.4707     5.1274     96.285   -0.00190    5.32519    5.31640      8.433     0.1278    9.76766   4.565196 2.6390e+00    24.4870    24.4861 7.1800e-01     18.000          1       1343    1517.18 2.7204e+01  52233.370     55.908 1603193252       0.24      0.186   38.93564  -73.21688 0.0000e+00
     18.865    18.7048    34.2092  1024.5748     2.4696     5.1278     96.277   -0.00130    5.32611    5.31732      8.433     0.1215    9.76916   4.567618 2.4891e+00    24.4923    24.4914 6.5116e-01     19.000          1       1393    1517.25 2.6281e+01  52248.410     58.018 1603193254       0.33      0.578   38.93564  -73.21689 0.0000e+00
     19.843    18.6982    34.2129  1024.5837     2.4696     5.1400     96.376   -0.00022    5.33334    5.32462      8.436     0.0991    9.78114   4.567258 2.4720e+00    24.4968    24.4959 5.9547e-01     20.000          1       1494    1517.25 2.4139e+01  52254.399     62.212 1603193259       0.13      0.405   38.93566  -73.21691 0.0000e+00
     20.835    18.6814    34.2129  1024.5922     2.4690     5.1370     96.355    0.00011    5.33138    5.32264      8.435     0.0950    9.77789   4.565582 2.1307e+00    24.5010    24.5001 5.4904e-01     21.000          1       1525    1517.22 2.5783e+01  52255.885     63.501 1603193260       0.17      0.660   38.93566  -73.21692 0.0000e+00
     21.842    18.6371    34.2133  1024.6081     2.4678     5.1330     96.278   -0.00044    5.33139    5.32265      8.434     0.1019    9.77788   4.561079 2.0512e+00    24.5125    24.5115 5.0817e-01     22.000          1       1576    1517.11 2.4841e+01  52259.893     65.644 1603193262       0.06      0.737   38.93566  -73.21692 0.0000e+00
     22.805    18.6143    34.2266  1024.6283     2.4632     5.1246     96.078   -0.00059    5.33378    5.32506      8.436     0.1584    9.78170   4.560810 1.9451e+00    24.5285    24.5274 4.7765e-01     23.000          1       1704    1517.07 2.4611e+01  52280.072     70.969 1603193267       0.03      0.300   38.93566  -73.21694 0.0000e+00
     23.824    18.6170    34.2272  1024.6326     2.4625     5.1219     96.032   -0.00070    5.33352    5.32480      8.436     0.1366    9.78129   4.561055 1.5563e+00    24.5282    24.5272 4.2344e-01     24.000          1       1713    1517.10 -9.990e-29  52281.118     71.325 1603193268       0.61      0.780   38.93566  -73.21694 0.0000e+00
     24.821    18.6197    34.2282  1024.6371     2.4593     5.1124     95.883   -0.00078    5.33195    5.32322      8.435     0.1602    9.77863   4.561585 1.5044e+00    24.5284    24.5273 4.0067e-01     25.000          1       1777    1517.13 2.5672e+01  52282.831     74.009 1603193270       0.24      0.698   38.93568  -73.21695 0.0000e+00
     25.802    18.6347    34.2343  1024.6423     2.4604     5.1203     96.072    0.00129    5.32965    5.32090      8.435     0.1780    9.77471   4.563927 1.5621e+00    24.5293    24.5282 3.7472e-01     26.000          1       1869    1517.19 2.4009e+01  52290.623     77.831 1603193274      -0.07      0.402   38.93568  -73.21697 0.0000e+00
     26.792    18.6521    34.2420  1024.6482     2.4599     5.1139     95.951   -0.00068    5.32967    5.32092      8.434     0.1845    9.77468   4.566593 1.3274e+00    24.5309    24.5297 3.5065e-01     27.000          1       1928    1517.27 2.6555e+01  52300.453     80.306 1603193277       0.14      0.436   38.93568  -73.21698 0.0000e+00
     27.788    18.6520    34.2456  1024.6554     2.4568     5.1044     95.761   -0.00147    5.33031    5.32157      8.434     0.1995    9.77574   4.567030 1.1589e+00    24.5337    24.5325 3.1949e-01     28.000          1       1975    1517.29 2.7585e+01  52305.927     82.262 1603193279      -0.07      0.506   38.93568  -73.21698 0.0000e+00
     28.779    18.6444    34.2491  1024.6644     2.4567     5.1054     95.848    0.00002    5.32656    5.31780      8.435     0.1901    9.76937   4.566686 1.1060e+00    24.5384    24.5371 3.0028e-01     29.000          1       2044    1517.29 2.7168e+01  52311.676     85.109 1603193282      -0.06      0.335   38.93569  -73.21699 0.0000e+00
     29.765    18.6685    34.2608  1024.6716     2.4584     5.1072     95.980    0.00066    5.32109    5.31229      8.436     0.1541    9.76010   4.570998 1.1762e+00    24.5413    24.5400 2.8060e-01     30.000          1       2119    1517.39 2.3851e+01  52326.502     88.257 1603193285       0.24      0.314   38.93570  -73.21700 0.0000e+00
     30.766    18.7149    34.2773  1024.6769     2.4603     5.1144     96.118    0.00134    5.32100    5.31220      8.437     0.1798    9.75995   4.577407 9.9949e-01    24.5423    24.5409 2.5208e-01     31.000          1       2150    1517.56 2.5271e+01  52346.473     89.560 1603193286       0.18      0.680   38.93570  -73.21702 0.0000e+00
     31.757    18.7250    34.2812  1024.6818     2.4590     5.1054     95.963   -0.00045    5.32016    5.31136      8.435     0.1482    9.75853   4.578794 8.1798e-01    24.5428    24.5414 2.3400e-01     32.000          1       2212    1517.61 2.8642e+01  52351.617     92.135 1603193289      -0.06      0.365   38.93570  -73.21702 0.0000e+00
     32.748    18.7338    34.2853  1024.6871     2.4589     5.1070     96.009    0.00018    5.31927    5.31046 -9.990e-29     0.1341    9.75700   4.580185 7.7870e-01    24.5437    24.5423 2.1500e-01     33.000          1       2285    1517.65 2.7614e+01  52357.126     95.148 1603193292      -0.00      0.381   38.93570  -73.21703 0.0000e+00
     33.736    18.7405    34.2888  1024.6924     2.4584     5.1045     95.976   -0.00018    5.31853    5.30971 -9.990e-29     0.1186    9.75572   4.581269 6.9096e-01    24.5448    24.5433 2.0277e-01     34.000          1       2347    1517.69 2.9362e+01  52361.975     97.746 1603193294       0.13      0.391   38.93571  -73.21704 0.0000e+00
     34.735    18.7435    34.2908  1024.6976     2.4591     5.1078     96.040    0.00026    5.31836    5.30954 -9.990e-29     0.1487    9.75543   4.581846 6.1301e-01    24.5456    24.5440 1.8151e-01     35.000          1       2383    1517.72 2.9612e+01  52364.945     99.269 1603193296       0.10      0.627   38.93572  -73.21704 0.0000e+00
     35.722    18.7499    34.2955  1024.7040     2.4590     5.1084     96.050    0.00024    5.31846    5.30964      8.436     0.1457    9.75558   4.583034 6.1840e-01    24.5477    24.5461 1.7210e-01     36.000          1       2464    1517.76 2.7495e+01  52371.483    102.632 1603193299      -0.11      0.273   38.93572  -73.21705 0.0000e+00
     36.713    18.7447    34.2958  1024.7098     2.4569     5.0999     95.873   -0.00140    5.31947    5.31066      8.434     0.1298    9.75729   4.582494 5.6607e-01    24.5492    24.5476 1.6423e-01     37.000          1       2532    1517.76 2.9066e+01  52372.673    105.453 1603193302       0.53      0.501   38.93572  -73.21706 0.0000e+00
     37.715    18.7417    34.2954  1024.7148     2.4566     5.1028     95.919   -0.00038    5.31989    5.31108      8.435     0.1354    9.75799   4.582261 4.9214e-01    24.5497    24.5480 1.4589e-01     38.000          1       2558    1517.77 2.9657e+01  52372.881    106.549 1603193303       0.11      0.896   38.93572  -73.21708 0.0000e+00
     38.702    18.7265    34.2881  1024.7174     2.4367     5.0546     94.415   -0.01009    5.35544    5.34693      8.428     0.1398    9.81763   4.578751 4.5180e-01    24.5480    24.5463 1.3857e-01     39.000          1       2623    1517.74 3.0706e+01  52364.901    109.233 1603193306      -0.14      0.486   38.93574  -73.21708 0.0000e+00
     39.690    18.0828    34.1248  1024.7571     2.3448     4.8064     87.795   -0.04821    5.47460    5.46708      8.412     0.1875   10.01778   4.487384 4.3461e-01    24.5830    24.5813 1.2874e-01     40.000          1       2720    1515.70 2.9621e+01  52185.418    113.292 1603193310       0.68      0.537   38.93574  -73.21710 0.0000e+00
     40.697    17.3536    34.0061  1024.8477     2.3035     4.7918     86.503   -0.03628    5.54188    5.53499      8.409     0.1871   10.13056   4.404770 3.9704e-01    24.6686    24.6669 1.1592e-01     41.000          1       2757    1513.43 2.9209e+01  52079.700    114.845 1603193311       0.18      0.776   38.93574  -73.21710 0.0000e+00
     41.684    15.9865    33.7810  1024.9969     2.1777     4.5740     80.047   -0.04159    5.71608    5.71086      8.387     0.1762   10.42243   4.243334 3.4809e-01    24.8123    24.8109 1.0913e-01     42.000          1       2841    1509.02 3.1336e+01  51892.923    118.350 1603193315       0.17      0.495   38.93576  -73.21712 0.0000e+00
     42.661    14.9208    33.5849  1025.0897     2.0494     4.4673     74.148   -0.03613    6.02265    6.02079      8.369     0.1777   10.93366   4.121225 3.1467e-01    24.9000    24.8986 9.9390e-02     43.000          1       2936    1505.49 3.1596e+01  51728.909    122.274 1603193319       0.20      0.150   38.93576  -73.21714 0.0000e+00
     43.664    13.3822    33.4101  1025.2803     1.9678     4.2062     70.111   -0.03676    5.99943    5.99743      8.352     0.1609   10.89319   3.955415 2.6658e-01    25.0848    25.0835 8.6412e-02     44.000          1       2985    1500.29 3.2445e+01  51673.462    124.352 1603193321       0.08      0.402   38.93577  -73.21714 0.0000e+00
     44.657    12.9494    33.5834  1025.5070     1.8950     4.0457     67.277   -0.02693    6.01349    6.01173      8.338     0.1330   10.91536   3.939258 2.1177e-01    25.3067    25.3055 7.1070e-02     45.000          1       3049    1499.09 3.3562e+01  51971.431    127.020 1603193323       0.41      0.476   38.93578  -73.21714 0.0000e+00
     45.643    12.6598    33.6517  1025.6216     1.8412     3.9344     65.231   -0.01926    6.03143    6.02990      8.339     0.0857   10.94496   3.918965 1.8623e-01    25.4166    25.4154 6.0017e-02     46.000          1       3118    1498.22 3.2355e+01  52106.246    129.885 1603193326       0.03      0.343   38.93578  -73.21717 0.0000e+00
     46.640    12.4689    33.6333  1025.6490     1.8201     3.8930     64.754   -0.01183    6.01191    6.01019      8.342     0.0978   10.91187   3.902278 1.4956e-01    25.4394    25.4382 4.7257e-02     47.000          1       3162    1497.56 3.1597e+01  52109.691    131.726 1603193328       0.57      0.655   38.93578  -73.21718 0.0000e+00
