CalculateIndicators/WaterTemperature/Data/CTD_NYOS/20200205_C06.cnv
* Sea-Bird SBE 9 Data File:
* FileName = C:\Seabird 9 CTD\Data\2020\202002_offshore\20200205_C06.hex
* Software Version Seasave V 7.23.2
* Temperature SN = 4590
* Conductivity SN = 3228
* Number of Bytes Per Scan = 44
* Number of Voltage Words = 5
* Number of Scans Averaged by the Deck Unit = 1
* NMEA Latitude = 39 19.02 N
* NMEA Longitude = 073 22.23 W
* NMEA UTC (Time) = Feb 05 2020  11:39:45
* NMEA baud rate = 4800
** Ship: rv seawolf
** Station: 7.4
** Operator: kal
# nquan = 35
# nvalues = 78                          
# units = specified
# name 0 = depSM: Depth [salt water, m]
# name 1 = t090C: Temperature [ITS-90, deg C]
# name 2 = sal00: Salinity, Practical [PSU]
# name 3 = density00: Density [density, kg/m^3]
# name 4 = sbeox0V: Oxygen raw, SBE 43 [V]
# name 5 = sbeox0ML/L: Oxygen, SBE 43 [ml/l]
# name 6 = sbeox0PS: Oxygen, SBE 43 [% saturation]
# name 7 = sbox0dV/dT: Oxygen, SBE 43 [dov/dt]
# name 8 = oxsolML/L: Oxygen Saturation, Garcia & Gordon [ml/l]
# name 9 = oxsatML/L: Oxygen Saturation, Weiss [ml/l]
# name 10 = ph: pH
# name 11 = flECO-AFL: Fluorescence, WET Labs ECO-AFL/FL [mg/m^3]
# name 12 = n2satML/L: Nitrogen Saturation [ml/l]
# name 13 = c0S/m: Conductivity [S/m]
# name 14 = cpar: CPAR/Corrected Irradiance [%]
# name 15 = sigma-é00: Density [sigma-theta, kg/m^3]
# name 16 = sigma-t00: Density [sigma-t, kg/m^3 ]
# name 17 = par: PAR/Irradiance, Biospherical/Licor
# name 18 = prDM: Pressure, Digiquartz [db]
# name 19 = pumps: Pump Status
# name 20 = scan: Scan Count
# name 21 = svCM: Sound Velocity [Chen-Millero, m/s]
# name 22 = spar: SPAR, Biospherical/Licor
# name 23 = specc: Specific Conductance [uS/cm]
# name 24 = timeS: Time, Elapsed [seconds]
# name 25 = timeY: Time, System [seconds]
# name 26 = accM: Acceleration [m/s^2]
# name 27 = dz/dtM: Descent Rate [m/s]
# name 28 = latitude: Latitude [deg]
# name 29 = longitude: Longitude [deg]
# name 30 = gsw_saA0: Absolute Salinity [g/kg]
# name 31 = gsw_densityA0: density, TEOS-10 [density, kg/m^3]
# name 32 = gsw_sigma0A0: density, TEOS-10 [sigma-0, kg/m^3 ]
# name 33 = gsw_ptA0: potential temperature [ITS-90, deg C]
# name 34 = flag: flag
# span 0 =      2.000,     42.000       
# span 1 =     8.6047,     8.7443       
# span 2 =    33.5216,    33.5952       
# span 3 =  1026.0114,  1026.2664       
# span 4 =     2.4637,     2.5462       
# span 5 =     6.4631,     6.6983       
# span 6 =     98.398,    102.171       
# span 7 =   -0.00345,    0.00409       
# span 8 =    6.55435,    6.57139       
# span 9 =    6.55979,    6.57715       
# span 10 =      8.293,      8.316      
# span 11 =     0.2943,     0.6639      
# span 12 =   11.81177,   11.83922      
# span 13 =   3.544821,   3.550480      
# span 14 = -2.122e+04, 1.0616e+05      
# span 15 =    26.0013,    26.0740      
# span 16 =    26.0012,    26.0734      
# span 17 = 1.0000e-12, 1.8346e-01      
# span 18 =      2.020,     42.296      
# span 19 =          1,          1      
# span 20 =        308,      12314      
# span 21 =    1483.42,    1483.85      
# span 22 = -3.651e-01, 7.3487e+00      
# span 23 =  52605.536,  52755.990      
# span 24 =     12.779,    513.038      
# span 25 = 1580902799, 1580903299      
# span 26 =      -1.28,       0.77      
# span 27 =     -1.307,      0.983      
# span 28 =   39.31421,   39.31698      
# span 29 =  -73.37204,  -73.37058      
# span 30 =    33.6800,    33.7551      
# span 31 =  1026.0137,  1026.2696      
# span 32 =    26.0040,    26.0774      
# span 33 =     8.6015,     8.7440      
# span 34 = 0.0000e+00, 0.0000e+00      
# interval = meters: 1                  
# start_time = Feb 05 2020 11:39:46 [System UTC, first data scan.]
# bad_flag = -9.990e-29
*END*
[from data line 42]
     40.000     8.6300    33.5907  1026.2561     2.4648     6.4797     98.665    0.00042    6.56739    6.57309      8.295     0.3741   11.83250   3.548236 1.8196e-11    26.0730    26.0723 1.0000e-12     40.327          1       4667    1483.76 -9.990e-29  52751.978    194.401 1580902981      -0.42     -0.905   39.31599  -73.37110    33.7492  1026.2584    26.0752     8.6258 0.0000e+00
     39.000     8.6182    33.5873  1026.2507     2.4662     6.4802     98.644   -0.00003    6.56929    6.57502      8.294     0.3646   11.83569   3.546845 1.7942e-11    26.0720    26.0714 1.0000e-12     39.304          1       5290    1483.69 -9.990e-29  52749.058    220.366 1580903007      -0.08     -0.284   39.31585  -73.37116    33.7462  1026.2533    26.0746     8.6142 0.0000e+00
     38.000     8.6166    33.5868  1026.2459     2.4668     6.4815     98.661    0.00008    6.56947    6.57521      8.294     0.3280   11.83600   3.546632 1.7686e-11    26.0719    26.0713 1.0000e-12     38.293          1       5424    1483.67 -9.990e-29  52748.053    225.958 1580903012       0.02     -0.163   39.31581  -73.37118    33.7460  1026.2487    26.0747     8.6127 0.0000e+00
     37.000     8.6152    33.5863  1026.2411     2.4673     6.4835     98.687    0.00022    6.56980    6.57553      8.294     0.3635   11.83654   3.546404 4.0290e+04    26.0717    26.0711 1.0000e-12     37.288          1       5530    1483.65 2.6346e+00  52747.012    230.364 1580903017      -0.18     -0.249   39.31579  -73.37118    33.7453  1026.2438    26.0744     8.6114 0.0000e+00
     36.000     8.6133    33.5858  1026.2365 -9.990e-29     6.4800     98.629    0.00004    6.57008    6.57582      8.294     0.3611   11.83702   3.546144 3.8616e+03    26.0716    26.0710 1.0000e-12     36.280          1       5630    1483.62 5.2582e+00  52746.116    234.521 1580903021      -0.10     -0.303   39.31576  -73.37120    33.7449  1026.2392    26.0743     8.6096 0.0000e+00
     35.000     8.6120    33.5856  1026.2319     2.4671     6.4818     98.652    0.00019    6.57033    6.57607 -9.990e-29     0.3270   11.83743   3.545982 1.7643e-11    26.0716    26.0711 1.0000e-12     35.271          1       5731    1483.60 -9.990e-29  52745.454    238.759 1580903025      -0.35     -0.246   39.31574  -73.37120    33.7449  1026.2348    26.0745     8.6084 0.0000e+00
     34.000     8.6108    33.5853  1026.2273     2.4675     6.4880     98.747    0.00064    6.57035    6.57610 -9.990e-29     0.3455   11.83747   3.545784 1.6898e-11    26.0716    26.0710 1.0000e-12     34.270          1       5798    1483.58 5.9242e+00  52744.659    241.537 1580903028      -0.92     -0.527   39.31572  -73.37122    33.7444  1026.2300    26.0743     8.6073 0.0000e+00
     33.000     8.6107    33.5851  1026.2226     2.4674     6.4802     98.627   -0.00008    6.57041    6.57616 -9.990e-29     0.3318   11.83757   3.545717 1.1865e+04    26.0714    26.0709 1.0000e-12     33.274          1       5864    1483.56 4.8022e+00  52743.802    244.294 1580903031      -0.55     -0.928   39.31571  -73.37122    33.7443  1026.2254    26.0742     8.6073 0.0000e+00
     32.000     8.6094    33.5850  1026.2181     2.4664     6.4679     98.439   -0.00086    6.57043    6.57618 -9.990e-29     0.3337   11.83761   3.545542 9.2714e+03    26.0715    26.0710 1.0000e-12     32.267          1       5932    1483.54 5.1733e+00  52743.272    247.138 1580903034      -0.18     -1.085   39.31570  -73.37123    33.7441  1026.2209    26.0742     8.6061 0.0000e+00
     31.000     8.6083    33.5848  1026.2135     2.4657     6.4753     98.547    0.00015    6.57079    6.57654 -9.990e-29     0.3323   11.83820   3.545372 2.1411e+04    26.0715    26.0710 1.0000e-12     31.245          1       6050    1483.52 4.5623e+00  52742.466    252.036 1580903038      -0.10     -0.628   39.31566  -73.37124    33.7439  1026.2162    26.0742     8.6051 0.0000e+00
     30.000     8.6148    33.5869  1026.2095     2.4665     6.4748     98.551    0.00004    6.56996    6.57571 -9.990e-29     0.3598   11.83682   3.546129 2.3210e+04    26.0721    26.0716 1.0000e-12     30.237          1       7148    1483.53 4.5453e+00  52743.327    297.792 1580903084       0.03     -0.410   39.31539  -73.37139    33.7461  1026.2123    26.0749     8.6117 0.0000e+00
     29.000     8.6140    33.5865  1026.2048     2.4668     6.4751     98.557    0.00007    6.56989    6.57563 -9.990e-29     0.3248   11.83670   3.545949 -1.606e+03    26.0719    26.0715 1.0000e-12     29.219          1       7459    1483.51 6.0194e+00  52742.321    310.744 1580903097      -0.21     -0.322   39.31532  -73.37144    33.7455  1026.2074    26.0746     8.6109 0.0000e+00
     28.000     8.6126    33.5859  1026.1999     2.4663     6.4733     98.529    0.00017    6.56992    6.57566 -9.990e-29     0.3447   11.83675   3.545742 2.0999e-11    26.0717    26.0712 1.0000e-12     28.222          1       7512    1483.49 4.9605e+00  52741.107    312.967 1580903100      -0.56     -0.469   39.31531  -73.37145    33.7451  1026.2027    26.0744     8.6097 0.0000e+00
     27.000     8.6130    33.5857  1026.1951     2.4659     6.4741     98.542    0.00041    6.56989    6.57563 -9.990e-29     0.3591   11.83670   3.545718 2.5259e-11    26.0714    26.0710 1.0000e-12     27.222          1       7560    1483.47 3.9639e+00  52740.087    314.969 1580903101      -0.91     -0.921   39.31530  -73.37146    33.7449  1026.1979    26.0742     8.6102 0.0000e+00
     26.000     8.6135    33.5859  1026.1906     2.4664     6.4756     98.568    0.00018    6.56970    6.57544      8.293     0.3445   11.83638   3.545738 3.1962e+03    26.0715    26.0710 1.0000e-12     26.211          1       7655    1483.46 4.4971e+00  52739.542    318.937 1580903105      -0.02     -0.719   39.31527  -73.37146    33.7451  1026.1934    26.0743     8.6108 0.0000e+00
     25.000     8.6152    33.5864  1026.1861     2.4675     6.4716     98.509   -0.00017    6.56955    6.57529      8.293     0.3123   11.83613   3.545900 4.9574e+04    26.0716    26.0712 1.0000e-12     25.193          1       7760    1483.45 2.7801e+00  52739.190    323.282 1580903110      -0.01     -0.260   39.31524  -73.37148    33.7456  1026.1889    26.0744     8.6126 0.0000e+00
     24.000     8.6160    33.5867  1026.1816     2.4661     6.4659     98.426   -0.00020    6.56933    6.57506      8.293     0.3345   11.83576   3.545964 -3.955e+03    26.0717    26.0713 1.0000e-12     24.187          1       7867    1483.44 6.1756e+00  52738.812    327.771 1580903114      -0.21     -0.211   39.31521  -73.37150    33.7460  1026.1845    26.0746     8.6135 0.0000e+00
     23.000     8.6170    33.5867  1026.1768     2.4681     6.4786     98.619    0.00055    6.56931    6.57504      8.293     0.2943   11.83573   3.545988 1.6880e-11    26.0715    26.0712 1.0000e-12     23.180          1       7974    1483.42 5.9242e+00  52737.880    332.223 1580903119      -1.28     -0.634   39.31518  -73.37150    33.7457  1026.1796    26.0742     8.6146 0.0000e+00
     22.000     8.6387    33.5759  1026.1604     2.4739     6.5106     99.158    0.00246    6.56595    6.57161      8.294     0.3494   11.83033   3.546970 1.6880e-11    26.0597    26.0593 1.0000e-12     22.187          1       8049    1483.47 5.9242e+00  52717.042    335.329 1580903122      -0.33     -0.873   39.31516  -73.37151    33.7359  1026.1640    26.0632     8.6364 0.0000e+00
     21.000     8.6929    33.5510  1026.1279     2.4946     6.5859    100.386    0.00409    6.56056    6.56612      8.301     0.5021   11.82169   3.549542 1.6880e-11    26.0318    26.0314 1.0000e-12     21.163          1       8212    1483.63 5.9242e+00  52669.045    342.127 1580903129      -0.48     -0.444   39.31512  -73.37152    33.7118  1026.1322    26.0360     8.6907 0.0000e+00
     20.000     8.7059    33.5406  1026.1132     2.5122     6.6209    100.949    0.00197    6.55867    6.56420      8.305     0.5175   11.81866   3.549575 6.7914e+03    26.0216    26.0213 1.0000e-12     20.161          1       9090    1483.65 5.5219e+00  52650.750    378.694 1580903165      -0.10     -0.419   39.31492  -73.37162    33.7002  1026.1166    26.0250     8.7039 0.0000e+00
     19.000     8.7064    33.5414  1026.1091     2.5184     6.6217    100.970    0.00001    6.55803    6.56355      8.307     0.5347   11.81764   3.549598 4.6788e+02    26.0221    26.0218 1.0000e-12     19.150          1       9591    1483.63 5.8965e+00  52651.136    399.602 1580903186      -0.30     -0.301   39.31480  -73.37168    33.7005  1026.1121    26.0251     8.7044 0.0000e+00
     18.000     8.7100    33.5393  1026.1024     2.5191     6.6261    101.053    0.00049    6.55707    6.56257      8.307     0.5309   11.81612   3.549680 1.6880e-11    26.0199    26.0197 1.0000e-12     18.139          1       9720    1483.63 5.9242e+00  52646.759    404.965 1580903191      -0.10     -0.288   39.31478  -73.37169    33.6984  1026.1053    26.0229     8.7081 0.0000e+00
     17.000     8.7176    33.5334  1026.0920     2.5231     6.6468    101.371    0.00143    6.55692    6.56241      8.306     0.5625   11.81590   3.549765 1.6880e-11    26.0142    26.0139 1.0000e-12     17.130          1       9812    1483.63 5.9242e+00  52636.137    408.803 1580903195      -0.16     -0.220   39.31475  -73.37171    33.6925  1026.0950    26.0171     8.7158 0.0000e+00
     16.000     8.7173    33.5324  1026.0866     2.5257     6.6493    101.403    0.00081    6.55729    6.56279      8.307     0.5884   11.81646   3.549586 1.6880e-11    26.0134    26.0131 1.0000e-12     16.129          1       9901    1483.61 5.9242e+00  52634.038    412.499 1580903199      -0.37     -0.326   39.31474  -73.37172    33.6913  1026.0895    26.0163     8.7157 0.0000e+00
     15.000     8.7150    33.5349  1026.0844     2.5248     6.6377    101.235    0.00002    6.55673    6.56222      8.307     0.5887   11.81562   3.549576 1.0616e+05    26.0157    26.0155 1.0000e-12     15.115          1       9990    1483.59 -3.651e-01  52637.489    416.216 1580903203       0.02     -0.405   39.31472  -73.37173    33.6939  1026.0873    26.0186     8.7135 0.0000e+00
     14.000     8.7187    33.5310  1026.0762     2.5295     6.6715    101.751    0.00209    6.55673    6.56222      8.309     0.5608   11.81561   3.549482 4.3162e+04    26.0121    26.0119 1.0000e-12     14.110          1      10065    1483.58 3.0304e+00  52630.538    419.313 1580903206      -0.36     -0.442   39.31470  -73.37175    33.6899  1026.0790    26.0149     8.7172 0.0000e+00
     13.000     8.7223    33.5263  1026.0673     2.5333     6.6776    101.848    0.00149    6.55642    6.56190      8.311     0.5983   11.81516   3.549323 -1.163e+02    26.0078    26.0076 1.0000e-12     13.101          1      10145    1483.57 5.9318e+00  52622.381    422.675 1580903209      -1.22     -0.877   39.31468  -73.37176    33.6852  1026.0702    26.0107     8.7210 0.0000e+00
     12.000     8.7227    33.5242  1026.0610     2.5353     6.6839    101.943    0.00149    6.55648    6.56196      8.311     0.6163   11.81527   3.549103 1.7482e+03    26.0061    26.0059 1.0000e-12     12.123          1      10298    1483.56 5.7769e+00  52618.675    429.062 1580903216      -0.51     -1.307   39.31465  -73.37178    33.6830  1026.0639    26.0088     8.7215 0.0000e+00
     11.000     8.7197    33.5216  1026.0548     2.5397     6.6844    101.942    0.00017    6.55706    6.56255      8.311     0.6134   11.81627   3.548534 1.1889e+02    26.0045    26.0043 1.0000e-12     11.089          1      11484    1483.53 5.9142e+00  52614.947    478.477 1580903265      -0.08     -0.331   39.31440  -73.37197    33.6804  1026.0576    26.0073     8.7185 0.0000e+00
     10.000     8.7194    33.5217  1026.0503     2.5409     6.6876    101.990    0.00016    6.55705    6.56254      8.311     0.6052   11.81625   3.548479 1.6880e-11    26.0045    26.0044 1.0000e-12     10.076          1      11648    1483.51 5.9242e+00  52614.476    485.300 1580903272      -0.05     -0.281   39.31437  -73.37198    33.6805  1026.0532    26.0074     8.7184 0.0000e+00
      9.000     8.7213    33.5227  1026.0462     2.5407     6.6841    101.947    0.00002    6.55647    6.56194      8.311     0.5861   11.81526   3.548711 2.1351e+03    26.0050    26.0049 1.0000e-12      9.066          1      11756    1483.50 5.7233e+00  52614.806    489.775 1580903276      -0.22     -0.119   39.31435  -73.37200    33.6817  1026.0492    26.0080     8.7204 0.0000e+00
      8.000     8.7217    33.5231  1026.0420     2.5406     6.6851    101.954    0.00017    6.55699    6.56248      8.311     0.5984   11.81614   3.548724 6.9486e+01    26.0053    26.0052 3.1402e-06      8.071          1      11830    1483.49 5.9177e+00  52614.735    492.868 1580903279      -0.46     -0.441   39.31432  -73.37200    33.6819  1026.0447    26.0081     8.7209 0.0000e+00
      7.000     8.7180    33.5233  1026.0380     2.5412     6.6818    101.896   -0.00021    6.55747    6.56296      8.311     0.6258   11.81692   3.548358 2.1646e+04    26.0060    26.0059 1.2825e-02      7.060          1      11933    1483.46 4.6090e+00  52615.080    497.181 1580903284      -0.21     -0.480   39.31430  -73.37200    33.6820  1026.0408    26.0087     8.7173 0.0000e+00
      6.000     8.7170    33.5230  1026.0334     2.5405     6.6822    101.906    0.00011    6.55720    6.56269 -9.990e-29     0.6218   11.81649   3.548201 1.6554e+03    26.0059    26.0058 3.7874e-02      6.047          1      12048    1483.43 5.8162e+00  52614.202    501.953 1580903288      -0.07     -0.372   39.31428  -73.37202    33.6818  1026.0362    26.0087     8.7164 0.0000e+00
      5.000     8.7189    33.5226  1026.0282     2.5408     6.6812    101.892   -0.00016    6.55713    6.56262 -9.990e-29     0.6279   11.81637   3.548295 3.4513e+04    26.0053    26.0052 6.8851e-02      5.051          1      12314    1483.43 3.1614e+00  52612.654    513.038 1580903299      -0.15     -0.402   39.31421  -73.37204    33.6814  1026.0310    26.0081     8.7184 0.0000e+00
