CalculateIndicators/WaterTemperature/Data/CTD_NYOS/20200205_C08.cnv
* Sea-Bird SBE 9 Data File:
* FileName = C:\Seabird 9 CTD\Data\2020\202002_offshore\20200205_C08.hex
* Software Version Seasave V 7.23.2
* Temperature SN = 4590
* Conductivity SN = 3228
* Number of Bytes Per Scan = 44
* Number of Voltage Words = 5
* Number of Scans Averaged by the Deck Unit = 1
* NMEA Latitude = 38 31.86 N
* NMEA Longitude = 073 04.51 W
* NMEA UTC (Time) = Feb 09 2020  11:23:35
* NMEA baud rate = 4800
** Ship: rv seawolf
** Station: 7.6
** Operator: eih
# nquan = 35
# nvalues = 601                         
# units = specified
# name 0 = depSM: Depth [salt water, m]
# name 1 = t090C: Temperature [ITS-90, deg C]
# name 2 = sal00: Salinity, Practical [PSU]
# name 3 = density00: Density [density, kg/m^3]
# name 4 = sbeox0V: Oxygen raw, SBE 43 [V]
# name 5 = sbeox0ML/L: Oxygen, SBE 43 [ml/l]
# name 6 = sbeox0PS: Oxygen, SBE 43 [% saturation]
# name 7 = sbox0dV/dT: Oxygen, SBE 43 [dov/dt]
# name 8 = oxsolML/L: Oxygen Saturation, Garcia & Gordon [ml/l]
# name 9 = oxsatML/L: Oxygen Saturation, Weiss [ml/l]
# name 10 = ph: pH
# name 11 = flECO-AFL: Fluorescence, WET Labs ECO-AFL/FL [mg/m^3]
# name 12 = n2satML/L: Nitrogen Saturation [ml/l]
# name 13 = c0S/m: Conductivity [S/m]
# name 14 = cpar: CPAR/Corrected Irradiance [%]
# name 15 = sigma-é00: Density [sigma-theta, kg/m^3]
# name 16 = sigma-t00: Density [sigma-t, kg/m^3 ]
# name 17 = par: PAR/Irradiance, Biospherical/Licor
# name 18 = prDM: Pressure, Digiquartz [db]
# name 19 = pumps: Pump Status
# name 20 = scan: Scan Count
# name 21 = svCM: Sound Velocity [Chen-Millero, m/s]
# name 22 = spar: SPAR, Biospherical/Licor
# name 23 = specc: Specific Conductance [uS/cm]
# name 24 = timeS: Time, Elapsed [seconds]
# name 25 = timeY: Time, System [seconds]
# name 26 = accM: Acceleration [m/s^2]
# name 27 = dz/dtM: Descent Rate [m/s]
# name 28 = latitude: Latitude [deg]
# name 29 = longitude: Longitude [deg]
# name 30 = gsw_saA0: Absolute Salinity [g/kg]
# name 31 = gsw_densityA0: density, TEOS-10 [density, kg/m^3]
# name 32 = gsw_sigma0A0: density, TEOS-10 [sigma-0, kg/m^3 ]
# name 33 = gsw_ptA0: potential temperature [ITS-90, deg C]
# name 34 = flag: flag
# span 0 =      1.000,    301.000       
# span 1 =     9.0274,    14.4827       
# span 2 =    33.5266,    35.7669       
# span 3 =  1025.9248,  1028.6410       
# span 4 =     1.4417,     2.4992       
# span 5 =     3.0575,     6.4659       
# span 6 =     48.791,     99.841       
# span 7 =   -0.02842,    0.02390       
# span 8 =    5.72902,    6.47762       
# span 9 =    5.72513,    6.48196       
# span 10 =      8.081,      8.327      
# span 11 =    -0.0543,     0.5659      
# span 12 =   10.42234,   11.68481      
# span 13 =   3.597847,   4.315574      
# span 14 = -1.932e+04, 1.0885e+05      
# span 15 =    25.9203,    27.2721      
# span 16 =    25.9203,    27.2667      
# span 17 = -4.331e-04, 2.2089e+01      
# span 18 =      1.011,    303.487      
# span 19 =          1,          1      
# span 20 =        343,      57609      
# span 21 =    1485.37,    1507.94      
# span 22 = -4.897e-01, 1.3180e+02      
# span 23 =  52494.514,  55093.409      
# span 24 =     14.263,   2400.320      
# span 25 = 1581247432, 1581249819      
# span 26 =      -0.69,       0.77      
# span 27 =     -0.922,      1.047      
# span 28 =   38.52446,   38.53104      
# span 29 =  -73.08414,  -73.07528      
# span 30 =    33.6851,    35.9347      
# span 31 =  1025.9278,  1028.6449      
# span 32 =    25.9231,    27.2760      
# span 33 =     8.9939,    14.4672      
# span 34 = 0.0000e+00, 0.0000e+00      
# interval = meters: 1                  
# start_time = Feb 09 2020 11:23:39 [System UTC, first data scan.]
# bad_flag = -9.990e-29
*END*
[from data line 415]
    186.000    13.2193    35.6502  1027.6873     1.6611     3.4663     58.997    0.00037    5.87535    5.87328      8.184    -0.0384   10.66434   4.194603 5.0640e-12    26.8576    26.8522 1.0000e-12    187.505          1      31110    1504.79 1.9747e+01  54870.445   1296.189 1581248715      -0.28     -0.693   38.52728  -73.07998    35.8199  1027.6922    26.8624    13.1931 0.0000e+00
    185.000    13.2292    35.6510  1027.6814     1.6622     3.4702     59.071    0.00029    5.87459    5.87252      8.184    -0.0317   10.66308   4.195644 2.3819e+04    26.8562    26.8508 1.0000e-12    186.488          1      31210    1504.81 1.4274e+01  54869.568   1300.365 1581248719       0.08     -0.252   38.52727  -73.07999    35.8209  1027.6864    26.8612    13.2031 0.0000e+00
    184.000    13.2406    35.6518  1027.6752     1.6658     3.4756     59.173    0.00031    5.87365    5.87157      8.183    -0.0315   10.66152   4.196771 -7.480e+02    26.8544    26.8491 1.0000e-12    185.480          1      31353    1504.83 1.9919e+01  54868.395   1306.351 1581248725      -0.14     -0.214   38.52726  -73.08000    35.8213  1027.6799    26.8591    13.2147 0.0000e+00
    183.000    13.2464    35.6524  1027.6700     1.6667     3.4805     59.267    0.00042    5.87252    5.87043 -9.990e-29    -0.0309   10.65964   4.197373 5.0640e-12    26.8537    26.8484 1.0000e-12    184.471          1      31497    1504.83 1.9747e+01  54867.859   1312.347 1581248731      -0.02     -0.188   38.52725  -73.08004    35.8221  1027.6748    26.8585    13.2206 0.0000e+00
    182.000    13.2560    35.6540  1027.6648     1.6676     3.4786     59.248    0.00004    5.87114    5.86903 -9.990e-29    -0.0287   10.65734   4.198481 5.0640e-12    26.8530    26.8477 1.0000e-12    183.462          1      31605    1504.85 1.9747e+01  54868.094   1316.823 1581248736       0.01     -0.258   38.52723  -73.08005    35.8241  1027.6698    26.8581    13.2302 0.0000e+00
    181.000    13.2694    35.6563  1027.6593     1.6663     3.4741     59.201   -0.00004    5.86829    5.86615 -9.990e-29    -0.0322   10.65257   4.200018 5.0640e-12    26.8520    26.8467 1.0000e-12    182.455          1      31720    1504.88 1.9747e+01  54868.688   1321.636 1581248740      -0.11     -0.273   38.52722  -73.08007    35.8265  1027.6644    26.8571    13.2439 0.0000e+00
    180.000    13.2937    35.6594  1027.6521     1.6629     3.4460     58.781   -0.00180    5.86248    5.86027      8.183    -0.0361   10.64285   4.202791 3.7491e+04    26.8493    26.8441 1.0000e-12    181.443          1      31851    1504.95 1.1778e+01  54868.814   1327.086 1581248746      -0.21     -0.323   38.52720  -73.08008    35.8305  1027.6579    26.8552    13.2683 0.0000e+00
    179.000    13.3266    35.6688  1027.6481     1.6559     3.4290     58.458   -0.00162    5.86580    5.86363      8.183    -0.0417   10.64839   4.206955 1.3673e+04    26.8499    26.8447 1.0000e-12    180.441          1      32968    1505.05 1.9093e+01  54876.393   1373.605 1581248792       0.11     -0.389   38.52709  -73.08023    35.8397  1027.6538    26.8556    13.3012 0.0000e+00
    178.000    13.3025    35.6637  1027.6446     1.6611     3.4566     58.921    0.00029    5.86662    5.86445      8.183    -0.0328   10.64975   4.203803 -5.197e+02    26.8508    26.8457 1.0000e-12    179.430          1      34037    1504.95 2.3872e+01  54872.240   1418.152 1581248837      -0.20     -0.195   38.52698  -73.08038    35.8328  1027.6489    26.8551    13.2773 0.0000e+00
    177.000    13.2995    35.6634  1027.6405     1.6620     3.4586     58.955    0.00026    5.86654    5.86438      8.183    -0.0387   10.64963   4.203428 4.2200e-12    26.8512    26.8460 1.0000e-12    178.419          1      34090    1504.92 2.3697e+01  54871.621   1420.366 1581248839       0.01     -0.345   38.52698  -73.08040    35.8324  1027.6448    26.8555    13.2744 0.0000e+00
    176.000    13.3023    35.6633  1027.6354     1.6623     3.4569     58.957    0.00015    5.86338    5.86118      8.183    -0.0396   10.64436   4.203734 4.2156e-12    26.8505    26.8454 1.0000e-12    177.411          1      34188    1504.91 2.3697e+01  54870.623   1424.456 1581248843      -0.07     -0.259   38.52697  -73.08040    35.8331  1027.6402    26.8554    13.2774 0.0000e+00
    175.000    13.3197    35.6663  1027.6297     1.6590     3.4307     58.562   -0.00168    5.85832    5.85606 -9.990e-29    -0.0260   10.63588   4.205861 4.0510e-12    26.8493    26.8442 1.0000e-12    176.405          1      34271    1504.96 2.4724e+01  54871.633   1427.930 1581248847      -0.05     -0.471   38.52696  -73.08042    35.8375  1027.6355    26.8552    13.2949 0.0000e+00
    174.000    13.3665    35.6774  1027.6240     1.6504     3.3997     58.034   -0.00245    5.85818    5.85592 -9.990e-29    -0.0408   10.63564   4.211595 3.9848e-12    26.8483    26.8432 1.0000e-12    175.393          1      34349    1505.11 2.5128e+01  54879.615   1431.179 1581248850       0.06     -0.273   38.52694  -73.08042    35.8485  1027.6298    26.8540    13.3417 0.0000e+00
    173.000    13.3615    35.6762  1027.6196     1.6493     3.4088     58.216   -0.00031    5.85539    5.85309      8.182    -0.0392   10.63096   4.210814 4.0586e-12    26.8483    26.8432 1.0000e-12    174.390          1      34413    1505.07 2.4679e+01  54877.996   1433.825 1581248853      -0.10     -0.437   38.52694  -73.08043    35.8462  1027.6246    26.8533    13.3369 0.0000e+00
    172.000    13.3976    35.6848  1027.6143     1.6433     3.3733     57.719   -0.00184    5.84439    5.84197      8.179    -0.0323   10.61258   4.215638 3.9015e-12    26.8475    26.8424 1.0000e-12    173.370          1      34511    1505.18 2.5750e+01  54883.991   1437.930 1581248857      -0.41     -0.221   38.52694  -73.08044    35.8586  1027.6220    26.8554    13.3731 0.0000e+00
    171.000    13.4625    35.6969  1027.6055     1.6367     3.3528     57.366   -0.00176    5.84448    5.84206      8.178    -0.0337   10.61273   4.223144 3.8963e-12    26.8434    26.8384 1.0000e-12    172.372          1      34598    1505.40 2.5672e+01  54890.926   1441.521 1581248860      -0.14     -0.278   38.52692  -73.08046    35.8693  1027.6123    26.8503    13.4381 0.0000e+00
    170.000    13.4656    35.6987  1027.6018     1.6333     3.3548     57.443   -0.00012    5.84026    5.83780 -9.990e-29    -0.0408   10.60570   4.223403 3.8954e-12    26.8442    26.8392 1.0000e-12    171.364          1      34701    1505.39 2.5672e+01  54892.345   1445.822 1581248864      -0.25     -0.413   38.52691  -73.08047    35.8693  1027.6072    26.8496    13.4413 0.0000e+00
    169.000    13.5145    35.7042  1027.5913     1.6308     3.3373     57.168   -0.00090    5.83771    5.83521      8.178    -0.0379   10.60144   4.228925 3.8954e-12    26.8383    26.8333 1.0000e-12    170.352          1      34799    1505.54 2.5672e+01  54892.392   1449.937 1581248869       0.08     -0.208   38.52690  -73.08049    35.8762  1027.5978    26.8448    13.4903 0.0000e+00
    168.000    13.5497    35.7121  1027.5855     1.6298     3.3334     57.193   -0.00015    5.82827    5.82566      8.177    -0.0279   10.58568   4.233245 3.8954e-12    26.8371    26.8321 1.0000e-12    169.344          1      34917    1505.65 2.5672e+01  54897.704   1454.822 1581248874      -0.05     -0.226   38.52688  -73.08050    35.8845  1027.5923    26.8439    13.5256 0.0000e+00
    167.000    13.6098    35.7200  1027.5745     1.6278     3.3190     57.017   -0.00072    5.82105    5.81836      8.177    -0.0378   10.57362   4.240091 3.8954e-12    26.8308    26.8258 1.0000e-12    168.337          1      34994    1505.84 2.5672e+01  54899.644   1458.036 1581248877      -0.02     -0.340   38.52688  -73.08051    35.8935  1027.5820    26.8383    13.5858 0.0000e+00
    166.000    13.6823    35.7325  1027.5644     1.6290     3.3277     57.230    0.00080    5.81469    5.81192      8.178    -0.0385   10.56304   4.248619 3.8954e-12    26.8253    26.8203 1.0000e-12    167.331          1      35104    1506.07 2.5672e+01  54906.214   1462.643 1581248881      -0.13     -0.421   38.52686  -73.08052    35.9066  1027.5723    26.8333    13.6584 0.0000e+00
    165.000    13.7225    35.7349  1027.5532     1.6313     3.3325     57.349    0.00080    5.81091    5.80810      8.179    -0.0357   10.55672   4.252605 3.8948e-12    26.8187    26.8137 1.0000e-12    166.319          1      35187    1506.19 2.5672e+01  54903.283   1466.073 1581248885      -0.06     -0.297   38.52686  -73.08054    35.9070  1027.5596    26.8252    13.6986 0.0000e+00
    164.000    13.7459    35.7413  1027.5487 -9.990e-29     3.3324     57.355    0.00019    5.81011    5.80729 -9.990e-29    -0.0369   10.55539   4.255508 7.2503e+02    26.8188    26.8138 1.0000e-12    165.312          1      35299    1506.26 2.5281e+01  54908.357   1470.757 1581248889      -0.10     -0.338   38.52685  -73.08056    35.9129  1027.5547    26.8248    13.7222 0.0000e+00
    163.000    13.7525    35.7423  1027.5436     1.6345     3.3352     57.409    0.00026    5.80948    5.80666 -9.990e-29    -0.0387   10.55434   4.256154 8.9978e+04    26.8181    26.8132 1.0000e-12    164.303          1      35386    1506.26 9.8579e+00  54908.196   1474.369 1581248893       0.02     -0.261   38.52684  -73.08056    35.9132  1027.5491    26.8237    13.7289 0.0000e+00
    162.000    13.7572    35.7429  1027.5387     1.6353     3.3375     57.461    0.00033    5.80827    5.80543      8.181    -0.0397   10.55232   4.256573 -3.058e+03    26.8176    26.8127 1.0000e-12    163.292          1      35508    1506.26 2.8188e+01  54907.848   1479.454 1581248898      -0.09     -0.236   38.52682  -73.08058    35.9132  1027.5437    26.8227    13.7337 0.0000e+00
    161.000    13.7661    35.7436  1027.5328     1.6368     3.3431     57.573    0.00058    5.80678    5.80392      8.181    -0.0490   10.54984   4.257517 3.6595e-12    26.8162    26.8113 1.0000e-12    162.287          1      35575    1506.28 2.7641e+01  54906.894   1482.245 1581248901      -0.01     -0.339   38.52682  -73.08058    35.9142  1027.5381    26.8215    13.7427 0.0000e+00
    160.000    13.7808    35.7451  1027.5264     1.6394     3.3459     57.634    0.00022    5.80536    5.80248      8.181    -0.0373   10.54749   4.259074 3.6159e-12    26.8143    26.8094 1.0000e-12    161.276          1      35697    1506.31 2.7646e+01  54906.470   1487.348 1581248906      -0.07     -0.199   38.52680  -73.08061    35.9155  1027.5315    26.8194    13.7576 0.0000e+00
    159.000    13.7924    35.7451  1027.5194     1.6409     3.3518     57.752    0.00065    5.80382    5.80092 -9.990e-29    -0.0298   10.54491   4.260195 3.6171e-12    26.8118    26.8070 1.0000e-12    160.266          1      35779    1506.33 2.7646e+01  54904.276   1490.751 1581248909      -0.02     -0.307   38.52678  -73.08062    35.9157  1027.5247    26.8171    13.7693 0.0000e+00
    158.000    13.8018    35.7471  1027.5145     1.6421     3.3525     57.776    0.00037    5.80263    5.79972      8.181    -0.0387   10.54293   4.261265 3.6171e-12    26.8114    26.8065 1.0000e-12    159.264          1      35866    1506.35 2.7646e+01  54905.113   1494.390 1581248913      -0.17     -0.356   38.52678  -73.08063    35.9174  1027.5196    26.8164    13.7788 0.0000e+00
    157.000    13.8130    35.7481  1027.5084     1.6444     3.3600     57.923    0.00078    5.80077    5.79784      8.182    -0.0401   10.53984   4.262506 3.6171e-12    26.8098    26.8050 1.0000e-12    158.247          1      35968    1506.37 2.7646e+01  54904.430   1498.642 1581248917      -0.14     -0.380   38.52677  -73.08065    35.9191  1027.5139    26.8153    13.7902 0.0000e+00
    156.000    13.8273    35.7494  1027.5019     1.6453     3.3639     57.997    0.00070    5.80011    5.79717      8.185    -0.0378   10.53874   4.263969 3.6171e-12    26.8078    26.8030 1.0000e-12    157.245          1      36032    1506.40 2.7646e+01  54903.675   1501.301 1581248920      -0.15     -0.326   38.52676  -73.08066    35.9199  1027.5070    26.8129    13.8046 0.0000e+00
    155.000    13.8340    35.7504  1027.4968     1.6468     3.3609     57.951    0.00012    5.79965    5.79670 -9.990e-29    -0.0419   10.53796   4.264678 3.6171e-12    26.8071    26.8024 1.0000e-12    156.238          1      36120    1506.40 2.7646e+01  54903.611   1504.960 1581248924      -0.31     -0.320   38.52675  -73.08066    35.9207  1027.5018    26.8121    13.8115 0.0000e+00
    154.000    13.8371    35.7508  1027.4919     1.6468     3.3600     57.944    0.00006    5.79879    5.79583 -9.990e-29    -0.0253   10.53654   4.264971 3.5220e-12    26.8067    26.8020 1.0000e-12    155.230          1      36187    1506.40 2.8736e+01  54903.065   1507.765 1581248926      -0.07     -0.522   38.52674  -73.08068    35.9210  1027.4969    26.8117    13.8147 0.0000e+00
    153.000    13.8446    35.7517  1027.4866     1.6488     3.3682     58.092    0.00061    5.79800    5.79504      8.186    -0.0407   10.53523   4.265787 3.5386e-12    26.8058    26.8011 1.0000e-12    154.216          1      36283    1506.41 2.8248e+01  54902.747   1511.748 1581248930      -0.17     -0.250   38.52673  -73.08068    35.9221  1027.4916    26.8109    13.8223 0.0000e+00
    152.000    13.8515    35.7518  1027.4807     1.6506     3.3764     58.243    0.00119    5.79708    5.79411      8.186    -0.0372   10.53371   4.266436 3.4733e-12    26.8044    26.7998 1.0000e-12    153.215          1      36340    1506.41 2.8824e+01  54901.373   1514.106 1581248933      -0.24     -0.647   38.52672  -73.08070    35.9221  1027.4858    26.8095    13.8294 0.0000e+00
    151.000    13.8591    35.7522  1027.4749     1.6524     3.3774     58.269    0.00066    5.79632    5.79333      8.186    -0.0364   10.53243   4.267174 3.5350e-12    26.8031    26.7985 1.0000e-12    152.203          1      36434    1506.42 2.8319e+01  54900.310   1518.026 1581248937      -0.13     -0.378   38.52671  -73.08070    35.9224  1027.4799    26.8081    13.8371 0.0000e+00
    150.000    13.8644    35.7526  1027.4697     1.6532     3.3762     58.253    0.00023    5.79566    5.79267      8.186    -0.0199   10.53136   4.267690 3.4112e-12    26.8023    26.7977 1.0000e-12    151.199          1      36501    1506.42 2.9333e+01  54899.598   1520.819 1581248940      -0.08     -0.507   38.52670  -73.08072    35.9228  1027.4746    26.8072    13.8425 0.0000e+00
    149.000    13.8758    35.7533  1027.4633     1.6568     3.3864     58.507    0.00110    5.78806    5.78498      8.185    -0.0436   10.51873   4.268878 3.3732e-12    26.8004    26.7958 1.0000e-12    150.180          1      36629    1506.44 2.9644e+01  54898.394   1526.158 1581248945      -0.09     -0.176   38.52670  -73.08072    35.9237  1027.4683    26.8054    13.8541 0.0000e+00
    148.000    13.9050    35.7565  1027.4550     1.6626     3.4180     59.053    0.00340    5.78811    5.78502 -9.990e-29    -0.0332   10.51880   4.272689 3.3860e-12    26.7966    26.7921 1.0000e-12    149.178          1      36666    1506.53 -9.990e-29  54898.212   1527.719 1581248946      -0.52     -0.562   38.52668  -73.08074    35.9327  1027.4646    26.8062    13.8834 0.0000e+00
    147.000    13.9635    35.7587  1027.4397     1.6694     3.4308     59.337    0.00302    5.78189    5.77873      8.190    -0.0373   10.50846   4.278286 3.3762e-12    26.7860    26.7814 1.0000e-12    148.178          1      36752    1506.70 2.9621e+01  54892.910   1531.291 1581248950      -0.16     -0.628   38.52668  -73.08075    35.9310  1027.4464    26.7926    13.9420 0.0000e+00
