CalculateIndicators/WaterTemperature/Data/CTD_NYOS/20200209_C09.cnv
* Sea-Bird SBE 9 Data File:
* FileName = C:\Seabird 9 CTD\Data\2020\202002_offshore\20200209_C09.hex
* Software Version Seasave V 7.23.2
* Temperature SN = 4590
* Conductivity SN = 3228
* Number of Bytes Per Scan = 44
* Number of Voltage Words = 5
* Number of Scans Averaged by the Deck Unit = 1
* NMEA Latitude = 38 47.13 N
* NMEA Longitude = 072 49.02 W
* NMEA UTC (Time) = Feb 09 2020  16:16:17
* NMEA baud rate = 4800
** Ship: rv seawolf
** Station: 6.6
** Operator: eih
# nquan = 35
# nvalues = 601                         
# units = specified
# name 0 = depSM: Depth [salt water, m]
# name 1 = t090C: Temperature [ITS-90, deg C]
# name 2 = sal00: Salinity, Practical [PSU]
# name 3 = density00: Density [density, kg/m^3]
# name 4 = sbeox0V: Oxygen raw, SBE 43 [V]
# name 5 = sbeox0ML/L: Oxygen, SBE 43 [ml/l]
# name 6 = sbeox0PS: Oxygen, SBE 43 [% saturation]
# name 7 = sbox0dV/dT: Oxygen, SBE 43 [dov/dt]
# name 8 = oxsolML/L: Oxygen Saturation, Garcia & Gordon [ml/l]
# name 9 = oxsatML/L: Oxygen Saturation, Weiss [ml/l]
# name 10 = ph: pH
# name 11 = flECO-AFL: Fluorescence, WET Labs ECO-AFL/FL [mg/m^3]
# name 12 = n2satML/L: Nitrogen Saturation [ml/l]
# name 13 = c0S/m: Conductivity [S/m]
# name 14 = cpar: CPAR/Corrected Irradiance [%]
# name 15 = sigma-é00: Density [sigma-theta, kg/m^3]
# name 16 = sigma-t00: Density [sigma-t, kg/m^3 ]
# name 17 = par: PAR/Irradiance, Biospherical/Licor
# name 18 = prDM: Pressure, Digiquartz [db]
# name 19 = pumps: Pump Status
# name 20 = scan: Scan Count
# name 21 = svCM: Sound Velocity [Chen-Millero, m/s]
# name 22 = spar: SPAR, Biospherical/Licor
# name 23 = specc: Specific Conductance [uS/cm]
# name 24 = timeS: Time, Elapsed [seconds]
# name 25 = timeY: Time, System [seconds]
# name 26 = accM: Acceleration [m/s^2]
# name 27 = dz/dtM: Descent Rate [m/s]
# name 28 = latitude: Latitude [deg]
# name 29 = longitude: Longitude [deg]
# name 30 = gsw_saA0: Absolute Salinity [g/kg]
# name 31 = gsw_densityA0: density, TEOS-10 [density, kg/m^3]
# name 32 = gsw_sigma0A0: density, TEOS-10 [sigma-0, kg/m^3 ]
# name 33 = gsw_ptA0: potential temperature [ITS-90, deg C]
# name 34 = flag: flag
# span 0 =      1.000,    301.000       
# span 1 =     9.2333,    14.8509       
# span 2 =    34.2748,    35.7553       
# span 3 =  1026.2056,  1028.6247       
# span 4 =     1.4578,     2.4808       
# span 5 =     3.0655,     6.1036       
# span 6 =     49.454,     98.407       
# span 7 =   -0.01981,    0.01470       
# span 8 =    5.68308,    6.41254       
# span 9 =    5.67873,    6.41763       
# span 10 =      8.076,      8.307      
# span 11 =    -0.0607,     0.3998      
# span 12 =   10.34496,   11.55731      
# span 13 =   3.771277,   4.365002      
# span 14 = -1.799e-07, 2.7465e+01      
# span 15 =    26.2011,    27.2571      
# span 16 =    26.2010,    27.2516      
# span 17 = -3.663e-06, 5.6345e+02      
# span 18 =      1.007,    303.505      
# span 19 =          1,          1      
# span 20 =        381,      50947      
# span 21 =    1492.32,    1509.19      
# span 22 = 1.6786e+03, 2.0756e+03      
# span 23 =  53202.975,  55078.864      
# span 24 =     15.851,   2122.741      
# span 25 = 1581264996, 1581267103      
# span 26 =      -0.61,       0.58      
# span 27 =     -0.999,      1.118      
# span 28 =   38.78209,   38.78562      
# span 29 =  -72.81746,  -72.81712      
# span 30 =    34.4357,    35.9246      
# span 31 =  1026.2093,  1028.6283      
# span 32 =    26.2048,    27.2608      
# span 33 =     9.1995,    14.8320      
# span 34 = 0.0000e+00, 0.0000e+00      
# interval = meters: 1                  
# start_time = Feb 09 2020 16:16:21 [System UTC, first data scan.]
# bad_flag = -9.990e-29
*END*
[from data line 166]
    167.000    14.0265    35.7364  1027.4984     1.7842     3.7414     64.729   -0.00183    5.78012    5.77693      8.215    -0.0294   10.50581   4.282622 4.9131e-14    26.7560    26.7508 1.0000e-12    168.339          1       9751    1507.21 2.0354e+03  54865.525    406.245 1581265387      -0.10      0.310   38.78510  -72.81738    35.9045  1027.5019    26.7595    14.0020 0.0000e+00
    168.000    14.0111    35.7363  1027.5062     1.7750     3.7065     64.052   -0.00389    5.78672    5.78361      8.213    -0.0127   10.51675   4.281082 4.9134e-14    26.7593    26.7540 1.0000e-12    169.348          1       9822    1507.18 2.0353e+03  54868.052    409.190 1581265390       0.12      0.441   38.78510  -72.81738    35.9041  1027.5094    26.7625    13.9864 0.0000e+00
    169.000    13.9875    35.7361  1027.5155     1.7611     3.6468     62.986   -0.00725    5.78983    5.78676      8.209    -0.0288   10.52186   4.278685 4.8945e-14    26.7641    26.7588 1.0000e-12    170.358          1       9868    1507.12 2.0431e+03  54871.475    411.106 1581265392       0.04      0.524   38.78510  -72.81736    35.9031  1027.5181    26.7667    13.9628 0.0000e+00
    170.000    13.9200    35.7345  1027.5332     1.7390     3.5726     61.675   -0.00912    5.79265    5.78961      8.206    -0.0309   10.52655   4.271517 4.9111e-14    26.7771    26.7719 1.0000e-12    171.363          1       9939    1506.92 2.0363e+03  54878.883    414.066 1581265395       0.10      0.413   38.78509  -72.81736    35.8983  1027.5333    26.7773    13.8952 0.0000e+00
    171.000    13.8677    35.7362  1027.5502     1.7192     3.5283     60.829   -0.00794    5.80027    5.79733      8.200    -0.0324   10.53917   4.266804 4.9407e-14    26.7895    26.7842 1.0000e-12    172.378          1      10021    1506.76 2.0240e+03  54888.806    417.481 1581265398       0.40      0.552   38.78508  -72.81736    35.9024  1027.5522    26.7915    13.8428 0.0000e+00
    172.000    13.8545    35.7359  1027.5573     1.7121     3.5152     60.624   -0.00659    5.79823    5.79525 -9.990e-29    -0.0298   10.53580   4.265440 4.9057e-14    26.7921    26.7868 1.0000e-12    173.376          1      10047    1506.74 2.0385e+03  54890.814    418.590 1581265399       0.09      0.845   38.78508  -72.81736    35.9015  1027.5587    26.7936    13.8295 0.0000e+00
    173.000    13.8375    35.7362  1027.5656     1.7044     3.5139     60.572   -0.00367    5.80119    5.79826      8.195    -0.0368   10.54067   4.264013 4.9029e-14    26.7959    26.7906 1.0000e-12    174.387          1      10114    1506.70 2.0398e+03  54894.077    421.393 1581265402      -0.04      0.515   38.78508  -72.81736    35.9036  1027.5685    26.7988    13.8123 0.0000e+00
    174.000    13.8313    35.7366  1027.5717     1.6948     3.4883     60.093   -0.00380    5.80494    5.80205      8.195    -0.0408   10.54679   4.263502 4.9591e-14    26.7976    26.7923 1.0000e-12    175.397          1      10207    1506.70 2.0165e+03  54896.128    425.248 1581265406       0.31      0.640   38.78508  -72.81736    35.9042  1027.5747    26.8006    13.8060 0.0000e+00
    175.000    13.8079    35.7408  1027.5844     1.6889     3.4692     59.762   -0.00415    5.80506    5.80218      8.195    -0.0428   10.54699   4.261647 4.9088e-14    26.8057    26.8004 1.0000e-12    176.405          1      10241    1506.64 2.0372e+03  54905.611    426.683 1581265407      -0.06      0.731   38.78508  -72.81736    35.9082  1027.5872    26.8086    13.7825 0.0000e+00
    176.000    13.7927    35.7450  1027.5954     1.6801     3.4515     59.427   -0.00325    5.80795    5.80510      8.191    -0.0390   10.55179   4.260695 4.9103e-14    26.8122    26.8069 1.0000e-12    177.414          1      10305    1506.61 2.0366e+03  54914.066    429.329 1581265410      -0.11      0.362   38.78506  -72.81736    35.9130  1027.5986    26.8155    13.7672 0.0000e+00
    177.000    13.7616    35.7433  1027.6052     1.6707     3.4355     59.087   -0.00221    5.81436    5.81159      8.191    -0.0332   10.56245   4.257380 4.9449e-14    26.8175    26.8121 1.0000e-12    178.427          1      10397    1506.53 2.0223e+03  54916.592    433.181 1581265414       0.07      0.274   38.78506  -72.81736    35.9104  1027.6077    26.8200    13.7360 0.0000e+00
    178.000    13.7286    35.7394  1027.6136     1.6661     3.4203     58.812   -0.00268    5.81555    5.81279      8.189    -0.0384   10.56443   4.253730 4.8935e-14    26.8213    26.8159 1.0000e-12    179.433          1      10441    1506.43 2.0435e+03  54916.283    434.993 1581265416       0.15      0.551   38.78506  -72.81736    35.9064  1027.6161    26.8238    13.7029 0.0000e+00
    179.000    13.7155    35.7385  1027.6202     1.6631     3.4178     58.749   -0.00194    5.81755    5.81482      8.188    -0.0372   10.56776   4.252418 4.8764e-14    26.8234    26.8180 1.0000e-12    180.437          1      10481    1506.41 2.0507e+03  54917.480    436.648 1581265417      -0.05      0.616   38.78506  -72.81736    35.9059  1027.6230    26.8262    13.6896 0.0000e+00
    180.000    13.6878    35.7356  1027.6283     1.6578     3.4080     58.540   -0.00150    5.82166    5.81898      8.187    -0.0355   10.57460   4.249298 4.9169e-14    26.8269    26.8215 1.0000e-12    181.453          1      10571    1506.33 2.0338e+03  54917.802    440.429 1581265421       0.03      0.186   38.78504  -72.81736    35.9020  1027.6303    26.8290    13.6618 0.0000e+00
    181.000    13.6289    35.7312  1027.6418     1.6520     3.3937     58.164   -0.00251    5.83475    5.83223      8.186    -0.0413   10.59638   4.242958 4.9208e-14    26.8358    26.8304 1.0000e-12    182.460          1      10644    1506.15 2.0322e+03  54920.556    443.478 1581265424       0.58      0.595   38.78504  -72.81736    35.8968  1027.6432    26.8373    13.6029 0.0000e+00
    182.000    13.6150    35.7300  1027.6483     1.6494     3.3864     58.027   -0.00256    5.83596    5.83345      8.184    -0.0413   10.59833   4.241533 4.8900e-14    26.8379    26.8324 1.0000e-12    183.459          1      10669    1506.12 2.0450e+03  54921.440    444.493 1581265425       0.07      0.931   38.78504  -72.81736    35.8960  1027.6500    26.8396    13.5888 0.0000e+00
    183.000    13.5523    35.7226  1027.6603     1.6443     3.3713     57.794   -0.00235    5.83335    5.83080      8.183    -0.0310   10.59405   4.234243 4.8938e-14    26.8451    26.8397 1.0000e-12    184.473          1      10734    1505.92 2.0436e+03  54920.622    447.203 1581265428      -0.14      0.448   38.78504  -72.81736    35.8853  1027.6595    26.8444    13.5260 0.0000e+00
    184.000    13.4746    35.7144  1027.6748     1.6337     3.3369     57.055   -0.00438    5.84853    5.84617      8.180    -0.0364   10.61930   4.225705 4.9393e-14    26.8549    26.8495 1.0000e-12    185.483          1      10834    1505.67 2.0246e+03  54920.920    451.379 1581265432       0.36      0.508   38.78504  -72.81736    35.8768  1027.6737    26.8539    13.4483 0.0000e+00
    185.000    13.4377    35.7116  1027.6849     1.6292     3.3336     56.998   -0.00294    5.84869    5.84633 -9.990e-29    -0.0363   10.61957   4.222133 4.8883e-14    26.8604    26.8549 1.0000e-12    186.490          1      10874    1505.56 2.0458e+03  54922.943    453.057 1581265434      -0.09      0.621   38.78504  -72.81734    35.8771  1027.6862    26.8618    13.4114 0.0000e+00
    186.000    13.4359    35.7106  1027.6889     1.6266     3.3388     57.083   -0.00108    5.84900    5.84665 -9.990e-29    -0.0302   10.62011   4.222035 4.8870e-14    26.8600    26.8545 1.0000e-12    187.499          1      10933    1505.57 2.0463e+03  54922.360    455.520 1581265436      -0.08      0.408   38.78503  -72.81735    35.8775  1027.6913    26.8624    13.4094 0.0000e+00
    187.000    13.4296    35.7087  1027.6933     1.6238     3.3391     56.987   -0.00088    5.85947    5.85724 -9.990e-29    -0.0337   10.63753   4.221313 4.9445e-14    26.8599    26.8544 1.0000e-12    188.514          1      11034    1505.57 2.0224e+03  54921.305    459.726 1581265440       0.06      0.177   38.78502  -72.81734    35.8761  1027.6961    26.8627    13.4030 0.0000e+00
    188.000    13.3866    35.7028  1027.7022     1.6178     3.3055     56.414   -0.00326    5.85936    5.85713 -9.990e-29    -0.0412   10.63735   4.216053 4.9166e-14    26.8642    26.8586 1.0000e-12    189.519          1      11076    1505.44 2.0339e+03  54919.870    461.438 1581265442       0.31      0.567   38.78502  -72.81734    35.8661  1027.7019    26.8639    13.3599 0.0000e+00
    189.000    13.3396    35.6978  1027.7126     1.6126     3.3047     56.266   -0.00241    5.87331    5.87125      8.173    -0.0356   10.66060   4.211145 4.8960e-14    26.8700    26.8645 1.0000e-12    190.524          1      11134    1505.29 2.0425e+03  54920.374    463.872 1581265444       0.01      0.422   38.78502  -72.81734    35.8631  1027.7139    26.8713    13.3128 0.0000e+00
    190.000    13.2775    35.6884  1027.7227     1.6019     3.2711     55.513   -0.00443    5.89250    5.89068      8.170    -0.0310   10.69253   4.203407 4.9495e-14    26.8754    26.8699 1.0000e-12    191.534          1      11211    1505.09 2.0204e+03  54916.999    467.089 1581265448       0.18      0.411   38.78502  -72.81734    35.8475  1027.7192    26.8719    13.2506 0.0000e+00
    191.000    13.0790    35.6684  1027.7530     1.5928     3.2457     55.071   -0.00437    5.89374    5.89192      8.169    -0.0283   10.69460   4.181963 4.9089e-14    26.9004    26.8950 1.0000e-12    192.546          1      11261    1504.43 2.0371e+03  54919.083    469.183 1581265450      -0.03      0.483   38.78502  -72.81734    35.8293  1027.7508    26.8983    13.0522 0.0000e+00
    192.000    13.0759    35.6674  1027.7573     1.5882     3.2459     55.047   -0.00259    5.89654    5.89476      8.168    -0.0479   10.69927   4.181907 4.8950e-14    26.9003    26.8948 1.0000e-12    193.547          1      11314    1504.44 2.0430e+03  54918.883    471.359 1581265452       0.04      0.512   38.78501  -72.81734    35.8312  1027.7574    26.9004    13.0490 0.0000e+00
    193.000    13.0511    35.6616  1027.7624     1.5798     3.2352     54.642   -0.00275    5.92061    5.91912 -9.990e-29    -0.0461   10.73936   4.178877 4.9632e-14    26.9008    26.8953 1.0000e-12    194.574          1      11439    1504.36 2.0148e+03  54915.169    476.593 1581265457       0.35      0.292   38.78500  -72.81734    35.8251  1027.7624    26.9007    13.0241 0.0000e+00
    194.000    12.9813    35.6497  1027.7720     1.5756     3.2087     54.246   -0.00429    5.91518    5.91362 -9.990e-29    -0.0279   10.73029   4.169765 4.9196e-14    26.9057    26.9002 1.0000e-12    195.570          1      11455    1504.14 2.0327e+03  54909.689    477.254 1581265458       0.50      0.775   38.78500  -72.81734    35.8033  1027.7643    26.8980    12.9543 0.0000e+00
    195.000    12.8915    35.6438  1027.7903     1.5731     3.2083     54.231   -0.00335    5.91600    5.91445 -9.990e-29    -0.0386   10.73168   4.161075 4.8923e-14    26.9192    26.9138 1.0000e-12    196.564          1      11480    1503.84 2.0440e+03  54915.825    478.289 1581265459      -0.02      1.012   38.78500  -72.81732    35.8042  1027.7878    26.9168    12.8645 0.0000e+00
    196.000    12.8608    35.6387  1027.7971     1.5659     3.2107     54.198   -0.00074    5.92398    5.92254      8.158    -0.0417   10.74500   4.158228 4.9716e-14    26.9214    26.9159 1.0000e-12    197.597          1      11631    1503.75 2.0114e+03  54913.956    484.582 1581265465       0.36      0.258   38.78500  -72.81732    35.8054  1027.7996    26.9239    12.8337 0.0000e+00
    197.000    12.8614    35.6383  1027.8013     1.5653     3.2095     54.175   -0.00071    5.92439    5.92295 -9.990e-29    -0.0460   10.74567   4.158257 4.9134e-14    26.9211    26.9156 1.0000e-12    198.591          1      11651    1503.77 2.0353e+03  54914.025    485.409 1581265466       0.30      0.788   38.78500  -72.81732    35.8047  1027.8034    26.9233    12.8341 0.0000e+00
    198.000    12.8450    35.6357  1027.8071     1.5639     3.2007     54.073   -0.00096    5.91911    5.91760 -9.990e-29    -0.0423   10.73690   4.156343 4.8817e-14    26.9224    26.9169 1.0000e-12    199.599          1      11685    1503.73 2.0485e+03  54913.562    486.837 1581265467      -0.17      0.775   38.78499  -72.81732    35.8014  1027.8086    26.9240    12.8176 0.0000e+00
    199.000    12.8337    35.6338  1027.8124     1.5627     3.2074     54.123   -0.00014    5.92613    5.92471      8.156    -0.0389   10.74858   4.155204 4.9312e-14    26.9231    26.9176 1.0000e-12    200.611          1      11789    1503.71 2.0280e+03  54913.146    491.147 1581265472       0.23      0.356   38.78498  -72.81732    35.8007  1027.8150    26.9258    12.8061 0.0000e+00
    200.000    12.8158    35.6317  1027.8189     1.5609     3.2001     53.973   -0.00077    5.92900    5.92762      8.155    -0.0398   10.75336   4.153277 4.9193e-14    26.9251    26.9196 1.0000e-12    201.618          1      11851    1503.66 2.0328e+03  54913.610    493.735 1581265474       0.04      0.685   38.78498  -72.81732    35.7986  1027.8215    26.9278    12.7882 0.0000e+00
    201.000    12.8032    35.6300  1027.8246     1.5593     3.1943     53.873   -0.00096    5.92941    5.92803      8.154    -0.0479   10.75404   4.151974 4.9046e-14    26.9264    26.9208 1.0000e-12    202.630          1      11894    1503.64 2.0389e+03  54913.860    495.528 1581265476      -0.05      0.571   38.78498  -72.81732    35.7975  1027.8277    26.9295    12.7755 0.0000e+00
    202.000    12.7886    35.6278  1027.8304     1.5578     3.1928     53.835   -0.00069    5.93061    5.92925      8.154    -0.0348   10.75605   4.150321 4.9044e-14    26.9276    26.9220 1.0000e-12    203.632          1      11951    1503.60 2.0391e+03  54913.664    497.929 1581265478       0.09      0.545   38.78497  -72.81732    35.7950  1027.8332    26.9305    12.7607 0.0000e+00
    203.000    12.7699    35.6250  1027.8365     1.5542     3.1825     53.564   -0.00164    5.94139    5.94015 -9.990e-29    -0.0511   10.77399   4.148167 4.9540e-14    26.9292    26.9236 1.0000e-12    204.651          1      12060    1503.55 2.0186e+03  54913.295    502.466 1581265483       0.36      0.621   38.78496  -72.81732    35.7916  1027.8389    26.9316    12.7419 0.0000e+00
    204.000    12.7361    35.6199  1027.8440     1.5529     3.1752     53.483   -0.00171    5.93687    5.93558 -9.990e-29    -0.0409   10.76648   4.144085 4.9145e-14    26.9320    26.9264 1.0000e-12    205.652          1      12083    1503.45 2.0348e+03  54912.078    503.399 1581265484       0.18      0.900   38.78496  -72.81732    35.7838  1027.8442    26.9323    12.7080 0.0000e+00
    205.000    12.7059    35.6182  1027.8533     1.5517     3.1815     53.537   -0.00083    5.94263    5.94142      8.152    -0.0402   10.77606   4.141433 4.9069e-14    26.9367    26.9311 1.0000e-12    206.657          1      12142    1503.36 2.0380e+03  54915.054    505.892 1581265486      -0.03      0.635   38.78496  -72.81732    35.7863  1027.8567    26.9403    12.6778 0.0000e+00
    206.000    12.6881    35.6130  1027.8573     1.5473     3.1731     53.235   -0.00171    5.96056    5.95956      8.149    -0.0339   10.80592   4.138752 4.9539e-14    26.9362    26.9306 1.0000e-12    207.674          1      12246    1503.31 2.0186e+03  54911.137    510.192 1581265491       0.08      0.425   38.78496  -72.81732    35.7769  1027.8576    26.9365    12.6598 0.0000e+00
    207.000    12.6182    35.6052  1027.8699     1.5439     3.1643     53.040   -0.00195    5.96581    5.96488      8.149    -0.0276   10.81464   4.130962 4.9126e-14    26.9441    26.9385 1.0000e-12    208.681          1      12287    1503.09 2.0356e+03  54911.919    511.905 1581265492       0.13      0.562   38.78495  -72.81730    35.7675  1027.8690    26.9432    12.5899 0.0000e+00
