CalculateIndicators/WaterTemperature/Data/CTD_NYOS/20201029_C38.cnv
* Sea-Bird SBE 9 Data File:
* FileName = C:\Seabird 9 CTD\Data\2020\202010_offshore\20201029_C38.hex
* Software Version Seasave V 7.23.2
* Temperature SN = 4590
* Conductivity SN = 3228
* Number of Bytes Per Scan = 44
* Number of Voltage Words = 5
* Number of Scans Averaged by the Deck Unit = 1
* NMEA Latitude = 40 05.88 N
* NMEA Longitude = 071 34.02 W
* NMEA UTC (Time) = Oct 29 2020  07:48:29
* NMEA baud rate = 4800
** Ship: seawolf
** Station: 1.4
** Operator: sjw
# nquan = 31
# nvalues = 160                         
# units = specified
# name 0 = depSM: Depth [salt water, m]
# name 1 = t090C: Temperature [ITS-90, deg C]
# name 2 = sal00: Salinity, Practical [PSU]
# name 3 = density00: Density [density, kg/m^3]
# name 4 = sbeox0V: Oxygen raw, SBE 43 [V]
# name 5 = sbeox0ML/L: Oxygen, SBE 43 [ml/l]
# name 6 = sbeox0PS: Oxygen, SBE 43 [% saturation]
# name 7 = sbox0dV/dT: Oxygen, SBE 43 [dov/dt]
# name 8 = oxsolML/L: Oxygen Saturation, Garcia & Gordon [ml/l]
# name 9 = oxsatML/L: Oxygen Saturation, Weiss [ml/l]
# name 10 = ph: pH
# name 11 = flECO-AFL: Fluorescence, WET Labs ECO-AFL/FL [mg/m^3]
# name 12 = n2satML/L: Nitrogen Saturation [ml/l]
# name 13 = c0S/m: Conductivity [S/m]
# name 14 = cpar: CPAR/Corrected Irradiance [%]
# name 15 = sigma-é00: Density [sigma-theta, kg/m^3]
# name 16 = sigma-t00: Density [sigma-t, kg/m^3 ]
# name 17 = par: PAR/Irradiance, Biospherical/Licor
# name 18 = prDM: Pressure, Digiquartz [db]
# name 19 = pumps: Pump Status
# name 20 = scan: Scan Count
# name 21 = svCM: Sound Velocity [Chen-Millero, m/s]
# name 22 = spar: SPAR, Biospherical/Licor
# name 23 = specc: Specific Conductance [uS/cm]
# name 24 = timeS: Time, Elapsed [seconds]
# name 25 = timeY: Time, System [seconds]
# name 26 = accM: Acceleration [m/s^2]
# name 27 = dz/dtM: Descent Rate [m/s]
# name 28 = latitude: Latitude [deg]
# name 29 = longitude: Longitude [deg]
# name 30 = flag: flag
# span 0 =      1.967,     81.356       
# span 1 =    12.4486,    19.3802       
# span 2 =    33.6031,    34.7429       
# span 3 =  1024.3750,  1026.3218       
# span 4 =     1.8652,     2.4408       
# span 5 =     4.0308,     5.1248       
# span 6 =     68.029,     94.871       
# span 7 =   -0.04343,    0.03334       
# span 8 =    5.24992,    6.04574       
# span 9 =    5.24066,    6.04440       
# span 10 =      8.362,      8.556      
# span 11 =    -0.0172,     0.5284      
# span 12 =    9.63831,   10.96853      
# span 13 =   3.908646,   4.689024      
# span 14 = -3.068e+03, 1.0511e+05      
# span 15 =    24.3658,    25.9612      
# span 16 =    24.3657,    25.9587      
# span 17 = -1.719e-02, 2.2596e-02      
# span 18 =      2.000,     82.000      
# span 19 =          1,          1      
# span 20 =        370,      17259      
# span 21 =    1497.95,    1519.90      
# span 22 = -2.021e-01, 4.0007e+00      
# span 23 =  51775.248,  53436.395      
# span 24 =     15.376,    719.084      
# span 25 = 1603957725, 1603958429      
# span 26 =      -0.59,       0.43      
# span 27 =     -0.679,      0.733      
# span 28 =   40.09816,   40.09887      
# span 29 =  -71.56706,  -71.56660      
# span 30 = 0.0000e+00, 0.0000e+00      
# interval = decibars: 1                
# start_time = Oct 29 2020 07:48:30 [System UTC, first data scan.]
# bad_flag = -9.990e-29
*END*
[from data line 141]
     19.848    18.5950    34.1517  1024.5628     2.4153     5.0116     93.874    0.00286    5.33865    5.32995      8.441     0.3144    9.79071   4.548422 9.9999e+04    24.4758    24.4750 1.0000e-12     20.000          1      14386    1516.89 0.0000e+00  52177.646    599.395 1603958309      -0.10     -0.357   40.09874  -71.56666 0.0000e+00
     18.852    18.5842    34.1387  1024.5511     2.4169     5.0118     93.819    0.00052    5.34199    5.33330      8.440     0.3112    9.79639   4.546918 -9.990e-29    24.4685    24.4677 1.0000e-12     19.000          1      14440    1516.82 2.5858e+00  52160.021    601.609 1603958312       0.05     -0.442   40.09874  -71.56666 0.0000e+00
     17.862    18.5540    34.1195  1024.5397     2.4163     5.0271     93.771    0.00011    5.36099    5.35243      8.442     0.3702    9.82893   4.540986 3.5843e-11    24.4614    24.4606 1.0000e-12     18.000          1      14520    1516.70 3.1829e+00  52135.512    604.977 1603958315       0.01     -0.256   40.09874  -71.56666 0.0000e+00
     16.869    18.4509    34.0569  1024.5131     2.4209     5.0636     94.088    0.00162    5.38182    5.37340      8.442     0.3906    9.86458   4.523545 3.2770e-11    24.4392    24.4384 1.0000e-12     17.000          1      14582    1516.31 3.3684e+00  52056.582    607.526 1603958318      -0.10     -0.446   40.09874  -71.56666 0.0000e+00
     15.875    18.2721    33.9511  1024.4721     2.4290     5.0945     94.571    0.00325    5.38693    5.37855      8.444     0.4158    9.87335   4.492702 6.3983e+04    24.4025    24.4018 1.0000e-12     16.000          1      14641    1515.66 1.1634e+00  51923.661    609.996 1603958320       0.08     -0.380   40.09874  -71.56666 0.0000e+00
     14.889    18.1816    33.8952  1024.4475     2.4359     5.1062     94.728    0.00046    5.39033    5.38197      8.448     0.4321    9.87917   4.478050 1.0285e+05    24.3821    24.3815 1.0000e-12     15.000          1      14729    1515.31 -8.954e-02  51853.131    613.681 1603958324      -0.23     -0.242   40.09876  -71.56666 0.0000e+00
     13.890    18.1750    33.8912  1024.4415     2.4345     5.1000     94.616   -0.00023    5.39024    5.38188 -9.990e-29     0.4603    9.87900   4.476946 9.9999e+04    24.3806    24.3800 1.0000e-12     14.000          1      14775    1515.27 0.0000e+00  51847.564    615.601 1603958326       0.06     -0.462   40.09876  -71.56666 0.0000e+00
     12.899    18.1706    33.8908  1024.4380     2.4349     5.1064     94.648    0.00003    5.39510    5.38678      8.450     0.4566    9.88731   4.476494 9.9999e+04    24.3813    24.3808 1.0000e-12     13.000          1      14843    1515.24 0.0000e+00  51846.873    618.402 1603958328      -0.05     -0.357   40.09876  -71.56666 0.0000e+00
     11.909    18.1187    33.8597  1024.4226     2.4378     5.1137     94.776    0.00003    5.39560    5.38727      8.451     0.4394    9.88816   4.467782 9.9999e+04    24.3703    24.3698 1.0000e-12     12.000          1      14949    1515.04 0.0000e+00  51807.505    622.819 1603958333      -0.19     -0.230   40.09876  -71.56666 0.0000e+00
     10.915    18.1146    33.8586  1024.4183     2.4371     5.1140     94.719   -0.00033    5.39914    5.39084      8.454     0.4332    9.89417   4.467442 9.9999e+04    24.3704    24.3699 1.0000e-12     11.000          1      15033    1515.01 0.0000e+00  51805.795    626.321 1603958336      -0.04     -0.275   40.09876  -71.56666 0.0000e+00
      9.916    18.0807    33.8436  1024.4107     2.4377     5.1161     94.727   -0.00057    5.40089    5.39260      8.463     0.4602    9.89715   4.462444 1.7791e+04    24.3672    24.3668 1.0000e-12     10.000          1      15953    1514.88 2.2547e+00  51787.190    664.647 1603958375      -0.21     -0.347   40.09880  -71.56663 0.0000e+00
      8.929    18.0731    33.8414  1024.4065     2.4398     5.1238     94.862    0.00026    5.40136    5.39308      8.465     0.4690    9.89794   4.461448 1.7211e+03    24.3673    24.3669 1.0000e-12      9.000          1      16463    1514.84 3.0135e+00  51784.192    685.900 1603958396       0.05     -0.302   40.09882  -71.56662 0.0000e+00
      7.939    18.0691    33.8408  1024.4026     2.4390     5.1200     94.786   -0.00010    5.40161    5.39333      8.456     0.4932    9.89835   4.460950 3.9868e-11    24.3678    24.3674 1.0000e-12      8.000          1      16608    1514.81 2.8148e+00  51783.092    691.939 1603958402      -0.03     -0.242   40.09882  -71.56662 0.0000e+00
      6.946    18.0682    33.8405  1024.3982     2.4394     5.1224     94.826    0.00046    5.40196    5.39368      8.459     0.4632    9.89894   4.460756 3.1888e-11    24.3677    24.3674 1.0000e-12      7.000          1      16681    1514.79 3.4372e+00  51782.239    695.017 1603958405      -0.11     -0.354   40.09882  -71.56662 0.0000e+00
      5.954    18.0640    33.8398  1024.3944     2.4393     5.1204     94.785   -0.00001    5.40210    5.39383      8.463     0.4631    9.89919   4.460237 3.8485e-11    24.3682    24.3680 1.0000e-12      6.000          1      16770    1514.76 2.9227e+00  51781.148    698.698 1603958409       0.06     -0.225   40.09883  -71.56660 0.0000e+00
      4.963    18.0633    33.8395  1024.3899     2.4408     5.1247     94.871    0.00054    5.40179    5.39352      8.461     0.4480    9.89867   4.460097 4.1337e-11    24.3681    24.3679 1.0000e-12      5.000          1      16849    1514.74 2.7002e+00  51780.291    701.989 1603958412      -0.24     -0.417   40.09884  -71.56661 0.0000e+00
      3.967    18.0666    33.8396  1024.3848     2.4390     5.1170     94.732   -0.00037    5.40154    5.39326      8.460     0.4495    9.89826   4.460418 2.5698e-01    24.3674    24.3672 5.1991e-03      4.000          1      16917    1514.73 2.9538e+00  51779.710    704.837 1603958415      -0.06     -0.407   40.09884  -71.56660 0.0000e+00
      2.972    18.0723    33.8399  1024.3791     2.4398     5.1192     94.780    0.00004    5.40112    5.39284      8.456     0.4433    9.89755   4.460954 1.0282e+00    24.3661    24.3660 2.2596e-02      3.000          1      17003    1514.73 2.6598e+00  51779.130    708.437 1603958418      -0.06     -0.488   40.09884  -71.56660 0.0000e+00
      1.967    18.0741    33.8409  1024.3750     2.4397     5.1151     94.693   -0.00149    5.40179    5.39351      8.460     0.4001    9.89866   4.461188 -7.806e-01    24.3664    24.3663 -1.719e-02      2.000          1      17259    1514.72 1.5845e+00  51779.899    719.084 1603958429      -0.50     -0.207   40.09887  -71.56660 0.0000e+00
