CalculateIndicators/WaterTemperature/Data/CTD_NYOS/20201019_C08.cnv
* Sea-Bird SBE 9 Data File:
* FileName = C:\Seabird 9 CTD\Data\2020\202010_offshore\20201019_C08.hex
* Software Version Seasave V 7.23.2
* Temperature SN = 4590
* Conductivity SN = 3228
* Number of Bytes Per Scan = 44
* Number of Voltage Words = 5
* Number of Scans Averaged by the Deck Unit = 1
* NMEA Latitude = 38 32.98 N
* NMEA Longitude = 073 04.78 W
* NMEA UTC (Time) = Oct 20 2020  15:04:07
* NMEA baud rate = 4800
** Ship: seawolf
** Station: 7.6
** Operator: SJW
# nquan = 31
# nvalues = 607                         
# units = specified
# name 0 = depSM: Depth [salt water, m]
# name 1 = t090C: Temperature [ITS-90, deg C]
# name 2 = sal00: Salinity, Practical [PSU]
# name 3 = density00: Density [density, kg/m^3]
# name 4 = sbeox0V: Oxygen raw, SBE 43 [V]
# name 5 = sbeox0ML/L: Oxygen, SBE 43 [ml/l]
# name 6 = sbeox0PS: Oxygen, SBE 43 [% saturation]
# name 7 = sbox0dV/dT: Oxygen, SBE 43 [dov/dt]
# name 8 = oxsolML/L: Oxygen Saturation, Garcia & Gordon [ml/l]
# name 9 = oxsatML/L: Oxygen Saturation, Weiss [ml/l]
# name 10 = ph: pH
# name 11 = flECO-AFL: Fluorescence, WET Labs ECO-AFL/FL [mg/m^3]
# name 12 = n2satML/L: Nitrogen Saturation [ml/l]
# name 13 = c0S/m: Conductivity [S/m]
# name 14 = cpar: CPAR/Corrected Irradiance [%]
# name 15 = sigma-é00: Density [sigma-theta, kg/m^3]
# name 16 = sigma-t00: Density [sigma-t, kg/m^3 ]
# name 17 = par: PAR/Irradiance, Biospherical/Licor
# name 18 = prDM: Pressure, Digiquartz [db]
# name 19 = pumps: Pump Status
# name 20 = scan: Scan Count
# name 21 = svCM: Sound Velocity [Chen-Millero, m/s]
# name 22 = spar: SPAR, Biospherical/Licor
# name 23 = specc: Specific Conductance [uS/cm]
# name 24 = timeS: Time, Elapsed [seconds]
# name 25 = timeY: Time, System [seconds]
# name 26 = accM: Acceleration [m/s^2]
# name 27 = dz/dtM: Descent Rate [m/s]
# name 28 = latitude: Latitude [deg]
# name 29 = longitude: Longitude [deg]
# name 30 = flag: flag
# span 0 =      1.979,    302.499       
# span 1 =     9.0042,    20.6598       
# span 2 =    34.9657,    35.7080       
# span 3 =  1024.5686,  1028.6698       
# span 4 =     1.4395,     2.4863       
# span 5 =     3.0056,     4.9536       
# span 6 =     48.450,     96.701       
# span 7 =   -0.02957,    0.02571       
# span 8 =    5.11207,    6.44119       
# span 9 =    5.10189,    6.44671       
# span 10 =      8.256,      8.529      
# span 11 =    -0.0827,     0.4564      
# span 12 =    9.40613,   11.60462      
# span 13 =   3.749765,   4.854918      
# span 14 = -4.970e-05, 3.1568e+01      
# span 15 =    24.5600,    27.2939      
# span 16 =    24.5599,    27.2885      
# span 17 = -3.704e-04, 2.4524e+02      
# span 18 =      2.000,    305.000      
# span 19 =          1,          1      
# span 20 =        161,      44554      
# span 21 =    1491.50,    1523.38      
# span 22 = 4.0432e+02, 1.8095e+03      
# span 23 =  53157.137,  55131.837      
# span 24 =      6.677,   1856.384      
# span 25 = 1603206256, 1603208106      
# span 26 =      -0.72,       0.61      
# span 27 =     -1.218,      1.240      
# span 28 =   38.54973,   38.55122      
# span 29 =  -73.08323,  -73.07974      
# span 30 = 0.0000e+00, 0.0000e+00      
# interval = decibars: 1                
# start_time = Oct 20 2020 15:04:10 [System UTC, first data scan.]
# bad_flag = -9.990e-29
*END*
[from data line 94]
     95.253    14.4131    35.5534  1026.9530     1.9453     4.1501     72.239    0.00280    5.74495    5.74120      8.464    -0.0084   10.44961   4.298135 1.8849e-02    26.5299    26.5268 1.4544e-01     96.000          1       5091    1507.04 7.7157e+02  54523.658    212.068 1603206462      -0.17      0.362   38.54994  -73.08010 0.0000e+00
     96.242    14.4121    35.5570  1026.9604     1.9456     4.1417     72.052   -0.00034    5.74817    5.74447      8.465    -0.0109   10.45493   4.298267 1.7361e-02    26.5329    26.5298 1.2920e-01     97.000          1       5138    1507.06 7.4427e+02  54529.358    214.039 1603206464       0.30      0.553   38.54994  -73.08010 0.0000e+00
     97.235    14.3528    35.5449  1026.9683     1.9489     4.1604     72.383    0.00208    5.74780    5.74409      8.464     0.0077   10.45431   4.290830 1.5681e-02    26.5363    26.5332 1.1820e-01     98.000          1       5164    1506.87 7.5396e+02  54520.635    215.116 1603206465       0.21      0.826   38.54994  -73.08010 0.0000e+00
     98.238    14.3378    35.5460  1026.9769     1.9495     4.1616     72.401    0.00191    5.74808    5.74438      8.463     0.0020   10.45476   4.289933 1.3672e-02    26.5404    26.5373 1.0445e-01     99.000          1       5187    1506.84 7.6402e+02  54524.673    216.083 1603206466       0.11      0.992   38.54994  -73.08010 0.0000e+00
     99.224    14.3381    35.5543  1026.9877     1.9452     4.1475     71.995   -0.00126    5.76084    5.75728      8.463    -0.0171   10.47604   4.290914 1.2443e-02    26.5468    26.5436 9.3917e-02    100.000          1       5257    1506.87 7.5458e+02  54536.616    219.012 1603206469       0.09      0.436   38.54994  -73.08010 0.0000e+00
    100.215    14.3239    35.5551  1026.9958     1.9449     4.1574     72.043   -0.00071    5.77074    5.76729      8.469    -0.0252   10.49256   4.289370 1.0802e-02    26.5504    26.5473 7.9935e-02    101.000          1       5312    1506.84 7.3988e+02  54540.350    221.310 1603206471       0.35      0.611   38.54994  -73.08010 0.0000e+00
    101.206    14.2078    35.5293  1027.0053     1.9511     4.1999     72.723    0.00434    5.77514    5.77174      8.467    -0.0306   10.49993   4.274404 9.6159e-03    26.5553    26.5521 7.0766e-02    102.000          1       5343    1506.46 7.3597e+02  54519.543    222.572 1603206472      -0.01      0.806   38.54994  -73.08011 0.0000e+00
    102.199    14.1580    35.5252  1027.0173     1.9544     4.2091     72.834    0.00350    5.77900    5.77565      8.466    -0.0255   10.50630   4.269649 8.2407e-03    26.5628    26.5596 6.1110e-02    103.000          1       5373    1506.31 7.4162e+02  54521.256    223.830 1603206473       0.03      0.779   38.54994  -73.08012 0.0000e+00
    103.196    14.1288    35.5211  1027.0249     1.9559     4.2063     72.762    0.00142    5.78088    5.77755      8.466    -0.0199   10.50935   4.266250 7.7164e-03    26.5659    26.5627 5.7483e-02    104.000          1       5407    1506.22 7.4499e+02  54519.959    225.268 1603206475      -0.14      0.739   38.54994  -73.08012 0.0000e+00
    104.180    14.0656    35.5258  1027.0464     1.9541     4.1922     72.514   -0.00104    5.78127    5.77796 -9.990e-29    -0.0422   10.50987   4.260781 6.2576e-03    26.5830    26.5797 4.6077e-02    105.000          1       5479    1506.04 7.3638e+02  54535.148    228.230 1603206478      -0.03      0.255   38.54994  -73.08012 0.0000e+00
    105.172    14.0601    35.5354  1027.0594     1.9481     4.1677     72.095   -0.00292    5.78076    5.77745      8.464    -0.0300   10.50890   4.261474 5.6385e-03    26.5915    26.5883 4.0188e-02    106.000          1       5531    1506.05 7.1210e+02  54549.506    230.430 1603206480       0.12      0.489   38.54994  -73.08012 0.0000e+00
    106.168    14.0618    35.5414  1027.0682     1.9439     4.1560     71.906   -0.00271    5.77980    5.77648      8.462    -0.0168   10.50725   4.262459 4.2939e-03    26.5959    26.5926 3.0180e-02    107.000          1       5567    1506.08 7.0381e+02  54558.189    231.919 1603206482       0.08      0.650   38.54995  -73.08013 0.0000e+00
    107.161    14.0616    35.5503  1027.0795     1.9385     4.1388     71.621   -0.00304    5.77877    5.77545      8.460    -0.0454   10.50551   4.263449 3.1376e-03    26.6028    26.5995 2.2626e-02    108.000          1       5610    1506.11 7.2127e+02  54570.994    233.703 1603206483      -0.10      0.576   38.54996  -73.08014 0.0000e+00
    108.146    14.0752    35.5591  1027.0878     1.9327     4.1263     71.398   -0.00236    5.77921    5.77589 -9.990e-29    -0.0281   10.50622   4.265887 1.5144e-03    26.6068    26.6034 1.0901e-02    109.000          1       5666    1506.18 7.2030e+02  54581.837    236.026 1603206486      -0.00      0.398   38.54996  -73.08014 0.0000e+00
    109.149    14.0739    35.5598  1027.0931     1.9304     4.1221     71.323   -0.00183    5.77956    5.77624 -9.990e-29    -0.0317   10.50681   4.265841 5.1825e-04    26.6076    26.6043 3.7429e-03    110.000          1       5702    1506.19 7.2123e+02  54583.592    237.538 1603206487       0.15      0.636   38.54996  -73.08014 0.0000e+00
    110.125    14.0654    35.5591  1027.0988     1.9292     4.1177     71.413    0.00014    5.76600    5.76255      8.455    -0.0612   10.48386   4.264944 -4.970e-05    26.6089    26.6055 -3.704e-04    111.000          1       5791    1506.18 6.9412e+02  54584.287    241.262 1603206491       0.29      0.215   38.54996  -73.08014 0.0000e+00
    111.130    14.0548    35.5594  1027.1058     1.9229     4.0881     70.924   -0.00237    5.76414    5.76066      8.451    -0.0388   10.48071   4.264345 4.9664e-07    26.6115    26.6080 3.3926e-06    112.000          1       5820    1506.16 7.0587e+02  54586.302    242.443 1603206492       0.47      0.779   38.54996  -73.08014 0.0000e+00
    112.127    14.1512    35.6026  1027.1229     1.9110     4.0295     69.906   -0.00842    5.76421    5.76074      8.451    -0.0537   10.48082   4.279025 1.4350e-13    26.6244    26.6209 1.0000e-12    113.000          1       5851    1506.54 6.9687e+02  54634.128    243.732 1603206493      -0.13      0.857   38.54996  -73.08014 0.0000e+00
    113.106    14.1867    35.6127  1027.1275     1.8974     4.0225     69.695   -0.00229    5.77153    5.76814      8.449    -0.0518   10.49308   4.283068 1.4632e-13    26.6247    26.6211 1.0000e-12    114.000          1       5933    1506.68 6.8344e+02  54643.765    247.150 1603206497       0.12      0.176   38.54996  -73.08016 0.0000e+00
    114.100    14.1550    35.6061  1027.1336     1.8973     4.0394     69.853   -0.00031    5.78276    5.77949      8.450    -0.0647   10.51185   4.278981 1.4878e-13    26.6263    26.6228 1.0000e-12    115.000          1       5985    1506.59 6.7211e+02  54639.333    249.324 1603206499      -0.02      0.462   38.54997  -73.08016 0.0000e+00
    115.096    14.0680    35.5867  1027.1418     1.9022     4.0666     70.326    0.00279    5.78254    5.77928      8.450    -0.0620   10.51142   4.267922 1.4881e-13    26.6299    26.6263 1.0000e-12    116.000          1       6027    1506.30 6.7201e+02  54624.759    251.093 1603206501       0.09      0.568   38.54997  -73.08016 0.0000e+00
    116.083    14.0294    35.5817  1027.1506     1.9046     4.0624     70.345    0.00132    5.77500    5.77166      8.446    -0.0614   10.49865   4.263929 1.5079e-13    26.6342    26.6306 1.0000e-12    117.000          1       6076    1506.19 6.6315e+02  54623.417    253.112 1603206503      -0.08      0.491   38.54996  -73.08016 0.0000e+00
    117.076    14.0495    35.5981  1027.1634     1.8960     4.0126     69.498   -0.00459    5.77364    5.77029      8.442    -0.0548   10.49635   4.268289 1.5046e-13    26.6427    26.6390 1.0000e-12    118.000          1       6118    1506.29 6.6465e+02  54643.927    254.875 1603206505       0.12      0.555   38.54998  -73.08016 0.0000e+00
    118.074    14.0938    35.6160  1027.1722     1.8849     3.9768     68.824   -0.00644    5.77830    5.77501 -9.990e-29    -0.0595   10.50413   4.274509 1.5209e-13    26.6471    26.6435 1.0000e-12    119.000          1       6157    1506.47 6.5756e+02  54663.179    256.513 1603206506      -0.09      0.611   38.54998  -73.08016 0.0000e+00
    119.054    14.0783    35.6159  1027.1799     1.8766     3.9770     68.743   -0.00216    5.78531    5.78209 -9.990e-29    -0.0707   10.51578   4.272562 1.5386e-13    26.6504    26.6467 1.0000e-12    120.000          1       6220    1506.44 6.4995e+02  54665.692    259.143 1603206509       0.11      0.278   38.54998  -73.08018 0.0000e+00
    120.055    14.0336    35.6120  1027.1909     1.8753     3.9790     68.762   -0.00112    5.78655    5.78335 -9.990e-29    -0.0709   10.51785   4.267718 1.5347e-13    26.6569    26.6531 1.0000e-12    121.000          1       6256    1506.31 6.5160e+02  54666.739    260.616 1603206510       0.09      0.640   38.54998  -73.08018 0.0000e+00
    121.046    14.0031    35.6089  1027.1995     1.8726     3.9711     68.615   -0.00140    5.78750    5.78431      8.438    -0.0702   10.51937   4.264466 1.5454e-13    26.6610    26.6572 1.0000e-12    122.000          1       6301    1506.22 6.4707e+02  54667.083    262.519 1603206512      -0.12      0.535   38.54998  -73.08018 0.0000e+00
    122.039    13.9869    35.6101  1027.2082     1.8662     3.9470     68.192   -0.00305    5.78801    5.78483      8.436    -0.0713   10.52012   4.263129 1.5545e-13    26.6653    26.6615 1.0000e-12    123.000          1       6354    1506.19 6.4327e+02  54671.378    264.709 1603206514       0.09      0.461   38.54998  -73.08018 0.0000e+00
    123.025    13.9809    35.6175  1027.2197     1.8581     3.9203     67.729   -0.00400    5.78825    5.78508      8.433    -0.0560   10.52050   4.263404 1.5572e-13    26.6724    26.6686 1.0000e-12    124.000          1       6404    1506.19 6.4219e+02  54682.956    266.798 1603206516      -0.00      0.464   38.54998  -73.08020 0.0000e+00
    124.023    13.9757    35.6220  1027.2288     1.8528     3.9079     67.512   -0.00350    5.78839    5.78523      8.433    -0.0608   10.52067   4.263431 1.5610e-13    26.6770    26.6732 1.0000e-12    125.000          1       6442    1506.20 6.4062e+02  54690.460    268.376 1603206518       0.04      0.625   38.54998  -73.08020 0.0000e+00
    125.015    13.9735    35.6244  1027.2355     1.8470     3.8922     67.262   -0.00307    5.78664    5.78347      8.430    -0.0588   10.51761   4.263549 1.5681e-13    26.6793    26.6755 1.0000e-12    126.000          1       6487    1506.21 6.3773e+02  54694.533    270.233 1603206520      -0.05      0.542   38.54998  -73.08020 0.0000e+00
    126.003    13.9761    35.6389  1027.2506     1.8345     3.8414     66.478   -0.00541    5.77837    5.77512      8.424    -0.0663   10.50345   4.265551 1.5810e-13    26.6900    26.6861 1.0000e-12    127.000          1       6544    1506.25 6.3253e+02  54714.670    272.616 1603206522      -0.05      0.404   38.54998  -73.08020 0.0000e+00
    126.997    14.0193    35.6716  1027.2710     1.8087     3.7352     64.651   -0.01306    5.77746    5.77421      8.419    -0.0618   10.50180   4.273781 1.5748e-13    26.7062    26.7023 1.0000e-12    128.000          1       6593    1506.44 6.3501e+02  54754.402    274.679 1603206524       0.10      0.500   38.54998  -73.08020 0.0000e+00
    127.987    14.0461    35.6968  1027.2892     1.7843     3.6760     63.622   -0.01077    5.77792    5.77468      8.416    -0.0592   10.50252   4.278867 1.5869e-13    26.7200    26.7160 1.0000e-12    129.000          1       6647    1506.58 6.3020e+02  54785.983    276.919 1603206527      -0.10      0.435   38.54998  -73.08020 0.0000e+00
    128.975    14.0392    35.7042  1027.3008     1.7717     3.6571     63.293   -0.00680    5.77811    5.77487 -9.990e-29    -0.0652   10.50281   4.278936 1.5982e-13    26.7273    26.7233 1.0000e-12    130.000          1       6692    1506.58 6.2572e+02  54797.646    278.783 1603206528       0.34      0.501   38.54999  -73.08022 0.0000e+00
    129.977    14.0379    35.7044  1027.3057     1.7683     3.6589     63.322   -0.00409    5.77817    5.77493      8.413    -0.0711   10.50292   4.278873 1.5882e-13    26.7277    26.7237 1.0000e-12    131.000          1       6719    1506.59 6.2963e+02  54798.611    279.922 1603206530       0.11      0.838   38.55000  -73.08022 0.0000e+00
    130.965    14.0363    35.7051  1027.3110     1.7658     3.6642     63.411   -0.00130    5.77846    5.77522      8.412    -0.0679   10.50338   4.278813 1.5974e-13    26.7286    26.7246 1.0000e-12    132.000          1       6772    1506.61 6.2600e+02  54800.420    282.121 1603206532      -0.19      0.462   38.55000  -73.08022 0.0000e+00
    131.957    14.0329    35.7064  1027.3172     1.7631     3.6575     63.294   -0.00115    5.77854    5.77530      8.410    -0.0668   10.50351   4.278632 1.5913e-13    26.7304    26.7262 1.0000e-12    133.000          1       6835    1506.61 6.2840e+02  54803.154    284.748 1603206534       0.19      0.429   38.55000  -73.08022 0.0000e+00
    132.944    14.0322    35.7065  1027.3219     1.7620     3.6592     63.316   -0.00034    5.77916    5.77594      8.410    -0.0651   10.50453   4.278632 1.6111e-13    26.7307    26.7265 1.0000e-12    134.000          1       6891    1506.63 6.2070e+02  54804.065    287.070 1603206537      -0.09      0.419   38.55000  -73.08022 0.0000e+00
    133.937    14.0301    35.7070  1027.3271     1.7603     3.6518     63.186   -0.00102    5.77942    5.77619      8.408    -0.0625   10.50495   4.278487 1.6098e-13    26.7315    26.7273 1.0000e-12    135.000          1       6930    1506.64 6.2120e+02  54805.491    288.704 1603206538       0.34      0.572   38.55000  -73.08024 0.0000e+00
    134.937    14.0265    35.7079  1027.3331     1.7581     3.6445     63.050   -0.00151    5.78031    5.77709      8.406    -0.0702   10.50643   4.278262 1.6080e-13    26.7330    26.7288 1.0000e-12    136.000          1       6962    1506.64 6.2188e+02  54807.830    290.048 1603206540      -0.07      0.760   38.55000  -73.08024 0.0000e+00
    135.918    14.0212    35.7080  1027.3386     1.7550     3.6398     62.914   -0.00136    5.78527    5.78212      8.406    -0.0654   10.51470   4.277737 1.6127e-13    26.7342    26.7300 1.0000e-12    137.000          1       7020    1506.64 6.2006e+02  54809.196    292.457 1603206542      -0.05      0.336   38.55000  -73.08024 0.0000e+00
    136.918    13.9929    35.7047  1027.3466     1.7520     3.6365     62.778   -0.00139    5.79265    5.78958      8.405    -0.0624   10.52699   4.274450 1.6163e-13    26.7377    26.7334 1.0000e-12    138.000          1       7069    1506.57 6.1871e+02  54808.998    294.483 1603206544      -0.08      0.470   38.55000  -73.08024 0.0000e+00
    137.897    13.9028    35.6945  1027.3624     1.7421     3.6179     62.167   -0.00358    5.81964    5.81689      8.401    -0.0654   10.57181   4.264142 1.6449e-13    26.7488    26.7446 1.0000e-12    139.000          1       7158    1506.28 6.0791e+02  54807.594    298.227 1603206548       0.14      0.133   38.55000  -73.08024 0.0000e+00
    138.898    13.8147    35.6881  1027.3807     1.7315     3.5717     61.380   -0.00722    5.81895    5.81620      8.399    -0.0718   10.57066   4.254304 1.6135e-13    26.7625    26.7582 1.0000e-12    140.000          1       7184    1506.00 6.1977e+02  54811.328    299.308 1603206549       0.34      0.677   38.55000  -73.08024 0.0000e+00
    139.889    13.7274    35.6826  1027.3993     1.7245     3.5509     61.026   -0.00726    5.81870    5.81595      8.398    -0.0570   10.57024   4.244940 1.6166e-13    26.7764    26.7722 1.0000e-12    141.000          1       7212    1505.73 6.1859e+02  54816.065    300.443 1603206550       0.03      0.878   38.55000  -73.08024 0.0000e+00
