CalculateIndicators/WaterTemperature/Data/CTD_NYOS/20201027_C27.cnv
* Sea-Bird SBE 9 Data File:
* FileName = C:\Seabird 9 CTD\Data\2020\202010_offshore\20201027_C27.hex
* Software Version Seasave V 7.23.2
* Temperature SN = 4590
* Conductivity SN = 3228
* Number of Bytes Per Scan = 44
* Number of Voltage Words = 5
* Number of Scans Averaged by the Deck Unit = 1
* NMEA Latitude = 39 27.39 N
* NMEA Longitude = 072 02.37 W
* NMEA UTC (Time) = Oct 27 2020  21:05:56
* NMEA baud rate = 4800
** Ship: seawolf
** Station: 3.5
** Operator: EIH
# nquan = 31
# nvalues = 603                         
# units = specified
# name 0 = depSM: Depth [salt water, m]
# name 1 = t090C: Temperature [ITS-90, deg C]
# name 2 = sal00: Salinity, Practical [PSU]
# name 3 = density00: Density [density, kg/m^3]
# name 4 = sbeox0V: Oxygen raw, SBE 43 [V]
# name 5 = sbeox0ML/L: Oxygen, SBE 43 [ml/l]
# name 6 = sbeox0PS: Oxygen, SBE 43 [% saturation]
# name 7 = sbox0dV/dT: Oxygen, SBE 43 [dov/dt]
# name 8 = oxsolML/L: Oxygen Saturation, Garcia & Gordon [ml/l]
# name 9 = oxsatML/L: Oxygen Saturation, Weiss [ml/l]
# name 10 = ph: pH
# name 11 = flECO-AFL: Fluorescence, WET Labs ECO-AFL/FL [mg/m^3]
# name 12 = n2satML/L: Nitrogen Saturation [ml/l]
# name 13 = c0S/m: Conductivity [S/m]
# name 14 = cpar: CPAR/Corrected Irradiance [%]
# name 15 = sigma-é00: Density [sigma-theta, kg/m^3]
# name 16 = sigma-t00: Density [sigma-t, kg/m^3 ]
# name 17 = par: PAR/Irradiance, Biospherical/Licor
# name 18 = prDM: Pressure, Digiquartz [db]
# name 19 = pumps: Pump Status
# name 20 = scan: Scan Count
# name 21 = svCM: Sound Velocity [Chen-Millero, m/s]
# name 22 = spar: SPAR, Biospherical/Licor
# name 23 = specc: Specific Conductance [uS/cm]
# name 24 = timeS: Time, Elapsed [seconds]
# name 25 = timeY: Time, System [seconds]
# name 26 = accM: Acceleration [m/s^2]
# name 27 = dz/dtM: Descent Rate [m/s]
# name 28 = latitude: Latitude [deg]
# name 29 = longitude: Longitude [deg]
# name 30 = flag: flag
# span 0 =      1.971,    300.479       
# span 1 =     9.7545,    19.1678       
# span 2 =    34.2950,    35.7993       
# span 3 =  1024.6762,  1028.5692       
# span 4 =     1.3963,     2.4673       
# span 5 =     2.8969,     5.1386       
# span 6 =     46.502,     96.280       
# span 7 =   -0.03144,    0.01927       
# span 8 =    5.26430,    6.33645       
# span 9 =    5.25518,    6.34045       
# span 10 =      8.297,      8.577      
# span 11 =    -0.0775,     0.4057      
# span 12 =    9.66166,   11.43107      
# span 13 =   3.825205,   4.671599      
# span 14 = -1.644e-04, 3.0483e+01      
# span 15 =    24.6675,    27.2075      
# span 16 =    24.6674,    27.2015      
# span 17 = -3.206e-04, 6.3638e+01      
# span 18 =      2.000,    303.000      
# span 19 =          1,          1      
# span 20 =         68,      36920      
# span 21 =    1494.26,    1519.37      
# span 22 = 1.1829e+02, 2.1132e+02      
# span 23 =  52428.487,  55028.775      
# span 24 =      2.781,   1538.297      
# span 25 = 1603832759, 1603834295      
# span 26 =      -0.95,       0.94      
# span 27 =     -1.014,      1.192      
# span 28 =   39.45365,   39.45648      
# span 29 =  -72.04604,  -72.03966      
# span 30 = 0.0000e+00, 0.0000e+00      
# interval = decibars: 1                
# start_time = Oct 27 2020 21:05:57 [System UTC, first data scan.]
# bad_flag = -9.990e-29
*END*
[from data line 47]
     48.621    18.7672    34.7217  1025.0823     2.3663     4.8629     91.147   -0.00997    5.33534    5.32686      8.438     0.1471    9.77910   4.635251 3.5654e-01    24.8697    24.8675 7.1816e-01     49.000          1       2830    1518.51 2.0142e+02  52957.157    117.855 1603832874      -0.10      0.478   39.45622  -72.04026 0.0000e+00
     49.612    18.6080    34.7227  1025.1276     2.3269     4.7525     88.646   -0.02056    5.36131    5.35307      8.437     0.1494    9.82192   4.618466 3.2691e-01    24.9106    24.9084 6.5848e-01     50.000          1       2877    1518.07 2.0142e+02  52969.523    119.843 1603832876       0.17      0.485   39.45621  -72.04026 0.0000e+00
     50.604    18.3078    34.7560  1025.2328     2.2775     4.6990     86.042   -0.02491    5.46175    5.45441      8.419     0.0831    9.99009   4.592126 2.9218e-01    25.0111    25.0089 5.8852e-01     51.000          1       2925    1517.26 2.0142e+02  53036.315    121.829 1603832878      -0.15      0.501   39.45620  -72.04027 0.0000e+00
     51.593    17.9418    34.7511  1025.3241     2.2237     4.5976     83.046   -0.03144    5.53619    5.52952      8.416     0.0568   10.11473   4.552068 2.6585e-01    25.0978    25.0956 5.3548e-01     52.000          1       2966    1516.20 2.0142e+02  53057.386    123.547 1603832880       0.43      0.525   39.45620  -72.04029 0.0000e+00
     52.599    17.3428    34.6289  1025.3803     2.2008     4.5820     82.288   -0.02600    5.56833    5.56197      8.414     0.0488   10.16863   4.473761 2.4257e-01    25.1490    25.1469 4.8860e-01     53.000          1       2993    1514.30 2.0142e+02  52938.573    124.659 1603832881       0.08      0.872   39.45620  -72.04030 0.0000e+00
     53.575    16.3755    34.4755  1025.4970     2.1659     4.5768     81.473   -0.01265    5.61755    5.61169      8.401     0.0194   10.25064   4.365039 2.2636e-01    25.2605    25.2585 4.5222e-01     54.000          1       3050    1511.24 1.9980e+02  52812.233    127.037 1603832884      -0.21      0.329   39.45620  -72.04030 0.0000e+00
     54.576    16.1118    34.4377  1025.5327     2.1523     4.5472     80.936   -0.01080    5.61819    5.61234      8.401     0.0253   10.25166   4.334668 2.0345e-01    25.2915    25.2895 4.0925e-01     55.000          1       3085    1510.40 2.0117e+02  52786.385    128.496 1603832885       0.32      0.652   39.45620  -72.04031 0.0000e+00
     55.567    15.8711    34.4236  1025.5814     2.1459     4.5374     81.034   -0.00440    5.59941    5.59341      8.404     0.0101   10.21963   4.311153 1.8019e-01    25.3355    25.3335 3.6157e-01     56.000          1       3129    1509.66 2.0063e+02  52791.246    130.323 1603832887      -0.19      0.569   39.45619  -72.04032 0.0000e+00
     56.553    15.8442    34.4277  1025.5950     2.1468     4.5745     81.508    0.00173    5.61230    5.60648      8.407     0.0056   10.24022   4.310690 1.6149e-01    25.3448    25.3428 3.2201e-01     57.000          1       3179    1509.60 1.9940e+02  52799.871    132.437 1603832889       0.35      0.420   39.45618  -72.04032 0.0000e+00
     57.552    16.0198    34.5270  1025.6357     2.1289     4.5481     80.051   -0.00809    5.68154    5.67641      8.412     0.0009   10.35616   4.342894 1.4680e-01    25.3812    25.3791 2.9279e-01     58.000          1       3208    1510.27 1.9945e+02  52919.222    133.629 1603832890       0.11      0.795   39.45618  -72.04034 0.0000e+00
     58.546    15.7497    34.5466  1025.7161     2.1029     4.5114     78.431   -0.01414    5.75238    5.74797      8.408    -0.0105   10.47494   4.313125 1.3427e-01    25.4570    25.4549 2.6781e-01     59.000          1       3249    1509.47 1.9945e+02  52974.450    135.348 1603832892      -0.16      0.626   39.45618  -72.04034 0.0000e+00
     59.517    14.8214    34.3721  1025.7933     2.0768     4.4769     77.517   -0.00922    5.77540    5.77127      8.403    -0.0218   10.51289   4.199041 1.2256e-01    25.5288    25.5269 2.4444e-01     60.000          1       3314    1506.37 1.9945e+02  52833.476    138.044 1603832895       0.24      0.197   39.45618  -72.04036 0.0000e+00
     60.533    14.3941    34.2950  1025.8305     2.0829     4.4992     78.424   -0.00000    5.73700    5.73251      8.406    -0.0029   10.44785   4.153212 1.0773e-01    25.5609    25.5590 2.1487e-01     61.000          1       3334    1504.93 1.9945e+02  52777.816    138.878 1603832895       0.51      0.791   39.45617  -72.04036 0.0000e+00
     61.524    14.4938    34.3633  1025.8661     2.0854     4.4947     78.634    0.00148    5.71590    5.71121      8.414    -0.0247   10.41215   4.173969 9.6197e-02    25.5923    25.5904 1.9186e-01     62.000          1       3373    1505.35 1.9945e+02  52860.687    140.480 1603832897      -0.20      0.699   39.45616  -72.04036 0.0000e+00
     62.506    14.9026    34.5582  1025.9323     2.0843     4.4266     78.385   -0.00068    5.64733    5.64199      8.420    -0.0032   10.29620   4.236168 8.0279e-02    25.6547    25.6526 1.6011e-01     63.000          1       3436    1506.90 1.9945e+02  53081.653    143.131 1603832900       0.15      0.297   39.45616  -72.04038 0.0000e+00
     63.502    15.1680    34.6542  1025.9520     2.0861     4.4272     78.603    0.00120    5.63240    5.62696      8.408    -0.0225   10.27046   4.275111 6.8818e-02    25.6704    25.6682 1.3659e-01     64.000          1       3478    1507.86 1.9845e+02  53185.054    144.857 1603832901      -0.01      0.564   39.45616  -72.04039 0.0000e+00
     64.490    15.5280    34.8082  1025.9947     2.0772     4.3759     77.727   -0.00553    5.62979    5.62434      8.407    -0.0256   10.26561   4.327142 6.1172e-02    25.7092    25.7069 1.2091e-01     65.000          1       3516    1509.18 1.9767e+02  53358.062    146.465 1603832903       0.20      0.564   39.45616  -72.04040 0.0000e+00
     65.494    15.5713    34.8620  1026.0308     2.0676     4.3463     77.131   -0.00763    5.63490    5.62954      8.409     0.0008   10.27345   4.336983 5.2958e-02    25.7409    25.7386 1.0556e-01     66.000          1       3545    1509.40 1.9935e+02  53427.649    147.653 1603832904       0.07      0.821   39.45616  -72.04040 0.0000e+00
     66.476    15.5775    34.9274  1026.0842     2.0493     4.2981     76.184   -0.00876    5.64173    5.63656      8.411    -0.0419   10.28272   4.344062 4.7489e-02    25.7899    25.7876 9.3933e-02     67.000          1       3594    1509.51 1.9779e+02  53516.971    149.711 1603832906      -0.19      0.467   39.45614  -72.04042 0.0000e+00
     67.470    15.4534    35.0632  1026.2211     2.0232     4.1967     74.435   -0.01590    5.63800    5.63281      8.413    -0.0330   10.27601   4.346937 3.8126e-02    25.9224    25.9201 7.5285e-02     68.000          1       3633    1509.30 1.9746e+02  53716.994    151.340 1603832908       0.27      0.587   39.45614  -72.04042 0.0000e+00
     68.468    15.4107    35.1578  1026.3081     2.0074     4.1540     73.874   -0.01258    5.62300    5.61769      8.417    -0.0324   10.25029   4.352863 3.3125e-02    26.0049    26.0025 6.5413e-02     69.000          1       3667    1509.29 1.9747e+02  53851.257    152.763 1603832909      -0.07      0.722   39.45614  -72.04042 0.0000e+00
     69.450    15.4814    35.2736  1026.3856     1.9826     4.0822     72.896   -0.00910    5.60006    5.59459      8.421    -0.0291   10.21052   4.373993 2.6875e-02    26.0783    26.0758 5.3070e-02     70.000          1       3731    1509.66 1.9747e+02  54002.491    155.403 1603832912      -0.07      0.299   39.45614  -72.04044 0.0000e+00
     70.442    15.6026    35.3867  1026.4497     1.9619     4.0093     71.646   -0.01270    5.59589    5.59038      8.425    -0.0114   10.20351   4.398001 2.1715e-02    26.1382    26.1357 4.2881e-02     71.000          1       3769    1510.19 1.9747e+02  54144.911    157.008 1603832914       0.39      0.582   39.45613  -72.04045 0.0000e+00
     71.446    15.6767    35.4606  1026.4942     1.9521     3.9859     71.235   -0.01168    5.59548    5.58997      8.423    -0.0127   10.20279   4.414684 1.5936e-02    26.1784    26.1758 3.1469e-02     72.000          1       3793    1510.52 1.9747e+02  54238.569    157.999 1603832915       0.21      0.923   39.45612  -72.04046 0.0000e+00
     72.429    15.7231    35.4783  1026.5016     1.9403     3.9872     71.101   -0.00526    5.60774    5.60238      8.423    -0.0176   10.22292   4.420028 1.1748e-02    26.1815    26.1789 2.2962e-02     73.000          1       3849    1510.70 1.9516e+02  54258.222    160.314 1603832917      -0.15      0.420   39.45612  -72.04047 0.0000e+00
     73.424    15.7000    35.4880  1026.5188     1.9310     3.9762     70.673   -0.00522    5.62628    5.62113      8.426    -0.0332   10.25350   4.418280 6.1679e-03    26.1943    26.1917 1.2040e-02     74.000          1       3893    1510.66 1.9528e+02  54274.555    162.166 1603832919       0.55      0.580   39.45612  -72.04048 0.0000e+00
     74.422    15.5898    35.4981  1026.5561     1.9240     3.9635     70.320   -0.00557    5.63644    5.63141      8.425    -0.0247   10.27026   4.407889 2.7776e-03    26.2270    26.2244 5.4188e-03     75.000          1       3924    1510.34 1.9570e+02  54300.523    163.450 1603832920      -0.07      0.816   39.45612  -72.04048 0.0000e+00
     75.401    15.4119    35.5105  1026.6102     1.9131     3.9365     69.788   -0.00575    5.64072    5.63574 -9.990e-29    -0.0294   10.27733   4.391081 -1.644e-04    26.2766    26.2740 -3.206e-04     76.000          1       3970    1509.82 1.9667e+02  54337.089    165.384 1603832922      -0.03      0.459   39.45612  -72.04048 0.0000e+00
     76.403    15.3224    35.5175  1026.6402     1.9086     3.9321     69.701   -0.00381    5.64135    5.63637 -9.990e-29    -0.0239   10.27838   4.383223 5.0646e-13    26.3021    26.2994 1.0000e-12     77.000          1       4004    1509.57 1.9745e+02  54357.127    166.772 1603832923       0.11      0.691   39.45611  -72.04050 0.0000e+00
     77.393    15.3003    35.5169  1026.6493     1.9065     3.9375     69.780   -0.00129    5.64276    5.63781      8.429    -0.0287   10.28061   4.381241 5.0978e-13    26.3066    26.3040 1.0000e-12     78.000          1       4052    1509.51 1.9617e+02  54359.360    168.779 1603832925      -0.14      0.510   39.45610  -72.04051 0.0000e+00
     78.379    15.2898    35.5178  1026.6566     1.9033     3.9284     69.625   -0.00137    5.64214    5.63720      8.433    -0.0384   10.27924   4.380456 5.1118e-13    26.3097    26.3070 1.0000e-12     79.000          1       4106    1509.50 1.9547e+02  54362.259    171.054 1603832928       0.19      0.416   39.45610  -72.04052 0.0000e+00
     79.377    15.2732    35.5408  1026.6825     1.8957     3.9102     69.106   -0.00397    5.65832    5.65357      8.444    -0.0278   10.30599   4.381561 5.1070e-13    26.3311    26.3284 1.0000e-12     80.000          1       4146    1509.49 1.9550e+02  54396.047    172.722 1603832929      -0.07      0.591   39.45610  -72.04052 0.0000e+00
     80.362    15.2446    35.5619  1026.7097     1.8859     3.8850     68.530   -0.00564    5.66899    5.66436      8.436 -9.990e-29   10.32370   4.380299 5.1154e-13    26.3538    26.3511 1.0000e-12     81.000          1       4190    1509.44 1.9550e+02  54428.801    174.554 1603832931       0.20      0.488   39.45609  -72.04054 0.0000e+00
     81.362    15.1183    35.5650  1026.7447     1.8810     3.8763     68.362   -0.00464    5.67032    5.66570      8.430    -0.0352   10.32591   4.368124 5.1151e-13    26.3843    26.3815 1.0000e-12     82.000          1       4219    1509.06 1.9550e+02  54447.743    175.765 1603832932       0.11      0.789   39.45608  -72.04055 0.0000e+00
     82.352    15.0512    35.5617  1026.7616     1.8786     3.8797     68.423   -0.00210    5.67026    5.66565      8.436    -0.0262   10.32580   4.361034 5.1151e-13    26.3967    26.3939 1.0000e-12     83.000          1       4253    1508.87 1.9550e+02  54451.406    177.174 1603832934      -0.08      0.731   39.45608  -72.04056 0.0000e+00
     83.346    15.0243    35.5602  1026.7708     1.8778     3.8810     68.489   -0.00057    5.66656    5.66191      8.443    -0.0314   10.31949   4.358665 5.1151e-13    26.4015    26.3986 1.0000e-12     84.000          1       4299    1508.80 1.9550e+02  54453.033    179.098 1603832936      -0.14      0.534   39.45608  -72.04056 0.0000e+00
     84.332    15.0467    35.5715  1026.7790     1.8762     3.8850     68.429   -0.00065    5.67752    5.67300      8.460    -0.0300   10.33754   4.362710 5.1151e-13    26.4053    26.4024 1.0000e-12     85.000          1       4363    1508.90 1.9550e+02  54466.478    181.743 1603832938       0.10      0.355   39.45607  -72.04058 0.0000e+00
     85.326    15.0553    35.5923  1026.7975     1.8683     3.8540     67.793   -0.00453    5.68490    5.68047      8.463    -0.0314   10.34970   4.365567 5.1151e-13    26.4195    26.4165 1.0000e-12     86.000          1       4403    1508.96 1.9550e+02  54494.565    183.421 1603832940       0.12      0.578   39.45606  -72.04058 0.0000e+00
     86.320    14.9269    35.5835  1026.8236     1.8649     3.8464     67.721   -0.00318    5.67977    5.67529      8.458    -0.0401   10.34103   4.350823 5.1151e-13    26.4409    26.4381 1.0000e-12     87.000          1       4437    1508.56 1.9550e+02  54497.762    184.823 1603832941       0.05      0.699   39.45606  -72.04059 0.0000e+00
     87.313    14.8875    35.5920  1026.8434     1.8620     3.8389     67.675   -0.00175    5.67250    5.66795      8.447    -0.0527   10.32873   4.349029 5.1151e-13    26.4563    26.4534 1.0000e-12     88.000          1       4475    1508.47 1.9550e+02  54514.690    186.399 1603832943      -0.09      0.658   39.45606  -72.04060 0.0000e+00
     88.301    14.9313    35.6125  1026.8539     1.8581     3.8221     67.447   -0.00229    5.66691    5.66231      8.439    -0.0545   10.31930   4.355853 5.1208e-13    26.4625    26.4595 1.0000e-12     89.000          1       4518    1508.65 1.9550e+02  54538.127    188.196 1603832945       0.04      0.536   39.45606  -72.04062 0.0000e+00
     89.296    15.0055    35.6431  1026.8654     1.8528     3.8099     67.188   -0.00252    5.67050    5.66595      8.460    -0.0495   10.32510   4.367024 5.1209e-13    26.4697    26.4667 1.0000e-12     90.000          1       4566    1508.93 1.9550e+02  54571.860    190.192 1603832947      -0.12      0.492   39.45605  -72.04062 0.0000e+00
     90.280    15.0306    35.6521  1026.8712     1.8441     3.7799     66.630   -0.00459    5.67302    5.66850      8.492    -0.0359   10.32919   4.370246 5.1687e-13    26.4712    26.4682 1.0000e-12     91.000          1       4614    1509.04 1.9346e+02  54581.925    192.192 1603832949       0.38      0.449   39.45604  -72.04062 0.0000e+00
     91.287    14.9765    35.6654  1026.8979     1.8395     3.7656     66.377   -0.00505    5.67298    5.66846      8.498    -0.0464   10.32912   4.366112 5.1209e-13    26.4934    26.4903 1.0000e-12     92.000          1       4639    1508.90 1.9528e+02  54606.883    193.261 1603832950       0.19      0.850   39.45604  -72.04064 0.0000e+00
     92.268    14.9643    35.6716  1026.9098     1.8378     3.7803     66.626   -0.00039    5.67393    5.66943      8.509    -0.0452   10.33069   4.365780 5.1230e-13    26.5010    26.4979 1.0000e-12     93.000          1       4692    1508.88 1.9520e+02  54617.354    195.478 1603832952      -0.25      0.421   39.45604  -72.04064 0.0000e+00
     93.267    14.9639    35.6713  1026.9142     1.8367     3.7834     66.561   -0.00075    5.68405    5.67965      8.483    -0.0370   10.34758   4.365759 5.1300e-13    26.5009    26.4977 1.0000e-12     94.000          1       4736    1508.90 1.9494e+02  54617.560    197.310 1603832954       0.14      0.595   39.45604  -72.04065 0.0000e+00
