CalculateIndicators/WaterTemperature/Data/CTD_NYOS/20200205_C05.cnv
* Sea-Bird SBE 9 Data File:
* FileName = C:\Seabird 9 CTD\Data\2020\202002_offshore\20200205_C05.hex
* Software Version Seasave V 7.23.2
* Temperature SN = 4590
* Conductivity SN = 3228
* Number of Bytes Per Scan = 44
* Number of Voltage Words = 5
* Number of Scans Averaged by the Deck Unit = 1
* NMEA Latitude = 39 42.84 N
* NMEA Longitude = 073 30.23 W
* NMEA UTC (Time) = Feb 05 2020  08:09:35
* NMEA baud rate = 4800
** Ship: rv seawolf
** Station: 7.3
** Operator: sjw
# nquan = 35
# nvalues = 74                          
# units = specified
# name 0 = depSM: Depth [salt water, m]
# name 1 = t090C: Temperature [ITS-90, deg C]
# name 2 = sal00: Salinity, Practical [PSU]
# name 3 = density00: Density [density, kg/m^3]
# name 4 = sbeox0V: Oxygen raw, SBE 43 [V]
# name 5 = sbeox0ML/L: Oxygen, SBE 43 [ml/l]
# name 6 = sbeox0PS: Oxygen, SBE 43 [% saturation]
# name 7 = sbox0dV/dT: Oxygen, SBE 43 [dov/dt]
# name 8 = oxsolML/L: Oxygen Saturation, Garcia & Gordon [ml/l]
# name 9 = oxsatML/L: Oxygen Saturation, Weiss [ml/l]
# name 10 = ph: pH
# name 11 = flECO-AFL: Fluorescence, WET Labs ECO-AFL/FL [mg/m^3]
# name 12 = n2satML/L: Nitrogen Saturation [ml/l]
# name 13 = c0S/m: Conductivity [S/m]
# name 14 = cpar: CPAR/Corrected Irradiance [%]
# name 15 = sigma-é00: Density [sigma-theta, kg/m^3]
# name 16 = sigma-t00: Density [sigma-t, kg/m^3 ]
# name 17 = par: PAR/Irradiance, Biospherical/Licor
# name 18 = prDM: Pressure, Digiquartz [db]
# name 19 = pumps: Pump Status
# name 20 = scan: Scan Count
# name 21 = svCM: Sound Velocity [Chen-Millero, m/s]
# name 22 = spar: SPAR, Biospherical/Licor
# name 23 = specc: Specific Conductance [uS/cm]
# name 24 = timeS: Time, Elapsed [seconds]
# name 25 = timeY: Time, System [seconds]
# name 26 = accM: Acceleration [m/s^2]
# name 27 = dz/dtM: Descent Rate [m/s]
# name 28 = latitude: Latitude [deg]
# name 29 = longitude: Longitude [deg]
# name 30 = gsw_saA0: Absolute Salinity [g/kg]
# name 31 = gsw_densityA0: density, TEOS-10 [density, kg/m^3]
# name 32 = gsw_sigma0A0: density, TEOS-10 [sigma-0, kg/m^3 ]
# name 33 = gsw_ptA0: potential temperature [ITS-90, deg C]
# name 34 = flag: flag
# span 0 =      1.000,     38.000       
# span 1 =     8.2536,     8.3485       
# span 2 =    33.5746,    33.6206       
# span 3 =  1026.1077,  1026.3227       
# span 4 =     2.4912,     2.5609       
# span 5 =     6.6052,     6.8061       
# span 6 =     99.818,    102.969       
# span 7 =   -0.00283,    0.00280       
# span 8 =    6.60940,    6.62229       
# span 9 =    6.61571,    6.62883       
# span 10 =      8.299,      8.318      
# span 11 =     0.5553,     1.0413      
# span 12 =   11.90212,   11.92305      
# span 13 =   3.514990,   3.521751      
# span 14 = -6.934e+04, 1.0602e+05      
# span 15 =    26.1027,    26.1489      
# span 16 =    26.1026,    26.1484      
# span 17 = -1.126e-03, 1.1268e-01      
# span 18 =      1.020,     38.281      
# span 19 =          1,          1      
# span 20 =        491,      12516      
# span 21 =    1482.04,    1482.47      
# span 22 = -2.178e-01, 6.6880e+00      
# span 23 =  52768.583,  52871.786      
# span 24 =     20.402,    521.468      
# span 25 = 1580890197, 1580890698      
# span 26 =      -0.41,       0.42      
# span 27 =     -0.711,      0.688      
# span 28 =   39.71404,   39.71420      
# span 29 =  -73.50388,  -73.50319      
# span 30 =    33.7338,    33.7803      
# span 31 =  1026.1105,  1026.3254      
# span 32 =    26.1054,    26.1518      
# span 33 =     8.2514,     8.3482      
# span 34 = 0.0000e+00, 0.0000e+00      
# interval = meters: 1                  
# start_time = Feb 05 2020 08:09:37 [System UTC, first data scan.]
# bad_flag = -9.990e-29
*END*
      2.000     8.3454    33.5749  1026.1125     2.5565     6.7924    102.769    0.00009    6.60945    6.61576      8.313     0.9357   11.90221   3.519449 9.0204e+03    26.1033    26.1032 7.6054e-02      2.017          1        491    1482.04 3.5522e+00  52769.472     20.402 1580890197       0.09      0.082   39.71404  -73.50388    33.7341  1026.1152    26.1060     8.3452 0.0000e+00
      3.000     8.3485    33.5749  1026.1166 -9.990e-29     6.7929    102.776   -0.00003    6.60940    6.61571      8.313     0.8724   11.90213   3.519781 -1.335e+02    26.1028    26.1028 -1.126e-03      3.024          1        581    1482.07 3.9554e+00  52769.378     24.180 1580890201       0.09      0.382   39.71404  -73.50388    33.7342  1026.1194    26.1056     8.3482 0.0000e+00
      4.000     8.3482    33.5746  1026.1210     2.5560     6.7901    102.725   -0.00024    6.60994    6.61626      8.313     0.8950   11.90301   3.519768 2.5320e-11    26.1027    26.1026 1.0000e-12      4.030          1        639    1482.09 3.9495e+00  52769.777     26.597 1580890203      -0.06      0.397   39.71404  -73.50388    33.7338  1026.1238    26.1054     8.3478 0.0000e+00
      5.000     8.3443    33.5749  1026.1264     2.5558     6.7912    102.742   -0.00009    6.60999    6.61632      8.313     0.8581   11.90310   3.519480 3.5688e+04    26.1035    26.1034 1.0000e-12      5.040          1        724    1482.09 2.5179e+00  52771.717     30.142 1580890207      -0.01      0.259   39.71404  -73.50387    33.7340  1026.1291    26.1061     8.3438 0.0000e+00
      6.000     8.3441    33.5752  1026.1313 -9.990e-29     6.7929    102.768    0.00001    6.60998    6.61630      8.313     0.9326   11.90308   3.519537 1.0111e+05    26.1037    26.1037 1.0000e-12      6.048          1        790    1482.11 -3.643e-02  52772.817     32.879 1580890209       0.25      0.416   39.71404  -73.50386    33.7343  1026.1339    26.1064     8.3435 0.0000e+00
      7.000     8.3443    33.5751  1026.1358     2.5568     6.7992    102.862    0.00032    6.61008    6.61641      8.313     0.9024   11.90325   3.519584 9.8870e+03    26.1036    26.1035 1.0000e-12      7.053          1        852    1482.12 3.4861e+00  52773.305     35.443 1580890212      -0.08      0.351   39.71404  -73.50386    33.7342  1026.1384    26.1063     8.3436 0.0000e+00
      8.000     8.3441    33.5751  1026.1404     2.5559     6.7905    102.718   -0.00063    6.61085    6.61719      8.313     0.8454   11.90449   3.519617 2.5320e-11    26.1037    26.1036 1.0000e-12      8.063          1        934    1482.14 3.9499e+00  52774.062     38.890 1580890215       0.16      0.348   39.71404  -73.50386    33.7342  1026.1431    26.1064     8.3433 0.0000e+00
      9.000     8.3388    33.5772  1026.1475     2.5564     6.8009    102.871    0.00023    6.61112    6.61747      8.313     0.8968   11.90493   3.519367 2.5320e-11    26.1062    26.1060 1.0000e-12      9.068          1        991    1482.14 3.9495e+00  52778.933     41.241 1580890218      -0.04      0.419   39.71405  -73.50384    33.7361  1026.1500    26.1087     8.3379 0.0000e+00
     10.000     8.3352    33.5784  1026.1536     2.5560     6.7972    102.801   -0.00031    6.61201    6.61837      8.313     0.9349   11.90637   3.519204 4.2681e+04    26.1077    26.1076 1.0000e-12     10.082          1       1073    1482.14 2.2314e+00  52782.208     44.658 1580890221       0.03      0.248   39.71406  -73.50384    33.7374  1026.1562    26.1103     8.3342 0.0000e+00
     11.000     8.3313    33.5794  1026.1595     2.5556     6.7980    102.812   -0.00013    6.61203    6.61839      8.313     0.8790   11.90642   3.518969 9.8434e+04    26.1091    26.1089 1.0000e-12     11.082          1       1115    1482.15 6.1099e-02  52785.128     46.423 1580890223       0.16      0.562   39.71406  -73.50384    33.7382  1026.1619    26.1114     8.3302 0.0000e+00
     12.000     8.3291    33.5802  1026.1651     2.5543     6.7927    102.738   -0.00032    6.61169    6.61804      8.313     0.9648   11.90582   3.518909 7.9556e+04    26.1100    26.1098 1.0000e-12     12.092          1       1193    1482.15 7.6253e-01  52787.445     49.649 1580890226      -0.04      0.293   39.71406  -73.50384    33.7392  1026.1676    26.1126     8.3279 0.0000e+00
     13.000     8.3309    33.5822  1026.1709     2.5545     6.7958    102.808    0.00003    6.61016    6.61650 -9.990e-29     1.0413   11.90321   3.519332 -5.459e+03    26.1113    26.1111 1.0000e-12     13.102          1       1276    1482.18 4.1680e+00  52790.450     53.124 1580890230       0.05      0.320   39.71406  -73.50384    33.7415  1026.1738    26.1141     8.3296 0.0000e+00
     14.000     8.3391    33.5887  1026.1795     2.5523     6.7823    102.613   -0.00067    6.60957    6.61591      8.312     0.9216   11.90212   3.520767 2.5320e-11    26.1152    26.1150 1.0000e-12     14.109          1       1353    1482.24 3.9495e+00  52798.504     56.322 1580890233      -0.05      0.282   39.71406  -73.50384    33.7484  1026.1825    26.1183     8.3377 0.0000e+00
     15.000     8.3399    33.5981  1026.1914     2.5466     6.7529    102.158   -0.00198    6.61029    6.61664      8.310     0.9022   11.90327   3.521751 4.1135e+04    26.1225    26.1223 1.0000e-12     15.114          1       1423    1482.27 2.3029e+00  52812.350     59.236 1580890236      -0.04      0.367   39.71406  -73.50384    33.7576  1026.1942    26.1254     8.3384 0.0000e+00
     16.000     8.3312    33.6029  1026.2010     2.5396     6.7319    101.793   -0.00224    6.61328    6.61968 -9.990e-29     0.8978   11.90814   3.521398 7.9427e+04    26.1276    26.1273 1.0000e-12     16.123          1       1508    1482.26 6.8462e-01  52821.757     62.803 1580890239       0.01      0.291   39.71406  -73.50383    33.7618  1026.2034    26.1300     8.3296 0.0000e+00
     17.000     8.3118    33.6077  1026.2123     2.5304     6.6991    101.273   -0.00283    6.61491    6.62135 -9.990e-29     0.7617   11.91082   3.520092 -6.461e+03    26.1343    26.1341 1.0000e-12     17.137          1       1587    1482.21 4.2155e+00  52833.801     66.092 1580890243       0.17      0.284   39.71406  -73.50382    33.7660  1026.2142    26.1361     8.3101 0.0000e+00
     18.000     8.3018    33.6093  1026.2196     2.5249     6.6880    101.089   -0.00225    6.61593    6.62238      8.305     0.7715   11.91251   3.519387 2.5320e-11    26.1370    26.1368 1.0000e-12     18.138          1       1651    1482.19 3.9495e+00  52838.933     68.747 1580890245       0.04      0.382   39.71407  -73.50382    33.7676  1026.2215    26.1389     8.3000 0.0000e+00
     19.000     8.2872    33.6088  1026.2260     2.5198     6.6792    100.932   -0.00172    6.61755    6.62403      8.304     0.6942   11.91521   3.518065 2.5320e-11    26.1389    26.1386 1.0000e-12     19.150          1       1734    1482.15 3.9495e+00  52842.373     72.220 1580890249       0.41      0.459   39.71408  -73.50382    33.7670  1026.2279    26.1407     8.2853 0.0000e+00
     20.000     8.2835    33.6080  1026.2306     2.5171     6.6713    100.808   -0.00163    6.61787    6.62435      8.304     0.6671   11.91573   3.517706 1.0721e+04    26.1388    26.1385 1.0000e-12     20.149          1       1778    1482.15 3.5261e+00  52842.809     74.041 1580890251       0.00      0.609   39.71408  -73.50380    33.7663  1026.2324    26.1407     8.2815 0.0000e+00
     21.000     8.2805    33.6075  1026.2353     2.5116     6.6636    100.662   -0.00095    6.61973    6.62624      8.304     0.6409   11.91882   3.517483 1.0334e+05    26.1389    26.1386 1.0000e-12     21.167          1       1891    1482.16 -1.321e-01  52843.511     78.770 1580890255       0.42      0.363   39.71408  -73.50380    33.7663  1026.2376    26.1412     8.2784 0.0000e+00
     22.000     8.2721    33.6068  1026.2406     2.5106     6.6602    100.615   -0.00091    6.61955    6.62605      8.304     0.6161   11.91852   3.516667 -9.990e-29    26.1396    26.1393 1.0000e-12     22.165          1       1923    1482.14 2.3694e+00  52845.168     80.082 1580890257       0.01      0.688   39.71408  -73.50380    33.7652  1026.2425    26.1416     8.2699 0.0000e+00
     23.000     8.2643    33.6060  1026.2457     2.5082     6.6603    100.588   -0.00044    6.62139    6.62791      8.304     0.6979   11.92156   3.515955 2.5320e-11    26.1402    26.1399 1.0000e-12     23.180          1       2039    1482.12 4.1149e+00  52846.557     84.931 1580890261       0.07      0.156   39.71408  -73.50380    33.7646  1026.2479    26.1423     8.2620 0.0000e+00
     24.000     8.2587    33.6064  1026.2515     2.5068     6.6541    100.496   -0.00066    6.62129    6.62781 -9.990e-29     0.6961   11.92139   3.515558 2.5320e-11    26.1414    26.1410 1.0000e-12     24.186          1       2099    1482.12 3.9495e+00  52849.119     87.431 1580890264       0.11      0.456   39.71408  -73.50380    33.7654  1026.2539    26.1438     8.2563 0.0000e+00
     25.000     8.2591    33.6061  1026.2558     2.5050     6.6493    100.432   -0.00055    6.62070    6.62722      8.303     0.6868   11.92038   3.515624 7.2439e+04    26.1411    26.1407 1.0000e-12     25.193          1       2168    1482.14 1.0713e+00  52849.258     90.274 1580890267      -0.07      0.329   39.71408  -73.50380    33.7652  1026.2583    26.1436     8.2566 0.0000e+00
     26.000     8.2621    33.6106  1026.2635     2.5037     6.6460    100.402   -0.00041    6.61940    6.62591      8.302     0.6880   11.91817   3.516437 2.9442e+04    26.1442    26.1438 1.0000e-12     26.204          1       2259    1482.17 2.7505e+00  52855.593     94.085 1580890271       0.15      0.291   39.71408  -73.50380    33.7705  1026.2666    26.1473     8.2595 0.0000e+00
     27.000     8.2689    33.6143  1026.2700     2.5002     6.6290    100.148   -0.00104    6.61917    6.62568      8.300     0.6813   11.91779   3.517408 2.9455e+03    26.1461    26.1457 1.0000e-12     27.209          1       2324    1482.22 3.8299e+00  52859.901     96.810 1580890273      -0.06      0.314   39.71408  -73.50378    33.7739  1026.2728    26.1489     8.2662 0.0000e+00
     28.000     8.2706    33.6151  1026.2749     2.4988     6.6334    100.224   -0.00011    6.61856    6.62506 -9.990e-29     0.7098   11.91676   3.517679 2.5320e-11    26.1464    26.1460 1.0000e-12     28.218          1       2411    1482.24 3.9495e+00  52861.198    100.409 1580890277       0.09      0.324   39.71409  -73.50378    33.7747  1026.2778    26.1493     8.2678 0.0000e+00
     29.000     8.2732    33.6162  1026.2800     2.4986     6.6324    100.217   -0.00013    6.61801    6.62450 -9.990e-29     0.6866   11.91583   3.518062 2.5320e-11    26.1470    26.1465 1.0000e-12     29.225          1       2466    1482.27 3.9495e+00  52862.949    102.701 1580890279       0.08      0.447   39.71410  -73.50378    33.7758  1026.2829    26.1498     8.2702 0.0000e+00
     30.000     8.2764    33.6174  1026.2851     2.4974     6.6282    100.151   -0.00026    6.61814    6.62463      8.299     0.7411   11.91605   3.518508 8.2611e+04    26.1474    26.1470 1.0000e-12     30.232          1       2534    1482.30 1.1037e+00  52864.491    105.552 1580890282      -0.07      0.338   39.71410  -73.50378    33.7770  1026.2879    26.1503     8.2734 0.0000e+00
     31.000     8.2768    33.6178  1026.2899     2.4963     6.6210    100.062   -0.00064    6.61687    6.62335      8.299     0.6736   11.91392   3.518657 2.1154e+04    26.1477    26.1472 1.0000e-12     31.246          1       2624    1482.32 3.0174e+00  52865.639    109.303 1580890286       0.10      0.253   39.71410  -73.50376    33.7778  1026.2931    26.1508     8.2737 0.0000e+00
     32.000     8.2826    33.6202  1026.2955     2.4939     6.6106     99.904   -0.00094    6.61703    6.62351      8.299     0.6716   11.91418   3.519431 3.6768e+03    26.1487    26.1482 1.0000e-12     32.245          1       2669    1482.36 3.8003e+00  52868.300    111.165 1580890288      -0.04      0.480   39.71410  -73.50376    33.7800  1026.2985    26.1517     8.2794 0.0000e+00
     33.000     8.2836    33.6205  1026.3002     2.4926     6.6193    100.035    0.00009    6.61701    6.62349      8.299     0.6466   11.91415   3.519585 7.0436e+04    26.1488    26.1483 1.0000e-12     33.260          1       2763    1482.38 1.1455e+00  52869.253    115.100 1580890292      -0.01      0.191   39.71410  -73.50376    33.7802  1026.3031    26.1517     8.2803 0.0000e+00
     34.000     8.2837    33.6206  1026.3049     2.4924     6.6176    100.011   -0.00009    6.61689    6.62336      8.299     0.6932   11.91394   3.519647 3.6186e+04    26.1489    26.1484 1.0000e-12     34.267          1       2822    1482.40 1.6507e+00  52870.066    117.523 1580890294       0.37      0.434   39.71410  -73.50376    33.7803  1026.3078    26.1518     8.2802 0.0000e+00
     35.000     8.2840    33.6204  1026.3093     2.4926     6.6146     99.965   -0.00030    6.61692    6.62340 -9.990e-29     0.7246   11.91401   3.519692 3.1415e+04    26.1487    26.1482 1.0000e-12     35.270          1       2872    1482.41 2.4500e+00  52870.354    119.628 1580890296      -0.11      0.453   39.71410  -73.50376    33.7800  1026.3121    26.1516     8.2805 0.0000e+00
     36.000     8.2841    33.6205  1026.3139     2.4925     6.6180    100.016   -0.00005    6.61694    6.62342      8.299     0.6453   11.91403   3.519750 1.0602e+05    26.1488    26.1483 1.0000e-12     36.281          1       2986    1482.43 -2.178e-01  52871.116    124.388 1580890301       0.17      0.196   39.71410  -73.50374    33.7800  1026.3167    26.1516     8.2805 0.0000e+00
     37.000     8.2839    33.6205  1026.3185     2.4922     6.6144     99.961   -0.00022    6.61695    6.62342      8.299     0.6281   11.91405   3.519775 6.9305e+04    26.1488    26.1483 1.0000e-12     37.285          1       3183    1482.45 1.2123e+00  52871.786    132.571 1580890309       0.01      0.371   39.71411  -73.50373    33.7800  1026.3213    26.1516     8.2801 0.0000e+00
     38.000     8.2835    33.6199  1026.3227 -9.990e-29     6.6052     99.818   -0.00036    6.61717    6.62365      8.299     0.5553   11.91442   3.519708 -6.934e+04    26.1484    26.1478 1.0000e-12     38.281          1       4161    1482.47 6.6880e+00  52871.762    173.339 1580890350      -0.21      0.061   39.71413  -73.50367    33.7793  1026.3254    26.1511     8.2796 0.0000e+00
     37.000     8.2838    33.6201  1026.3182     2.4919     6.6159     99.983    0.00017    6.61705    6.62353      8.299     0.6779   11.91422   3.519714 2.5320e-11    26.1485    26.1479 1.0000e-12     37.289          1       3712    1482.45 3.9495e+00  52871.220    154.643 1580890331      -0.25     -0.237   39.71412  -73.50370    33.7795  1026.3210    26.1512     8.2800 0.0000e+00
     36.000     8.2831    33.6200  1026.3137     2.4912     6.6137     99.944    0.00010    6.61736    6.62384      8.299     0.6940   11.91474   3.519602 2.5320e-11    26.1486    26.1480 1.0000e-12     36.281          1       4737    1482.43 3.9495e+00  52870.633    197.325 1580890374       0.02     -0.360   39.71414  -73.50364    33.7794  1026.3164    26.1512     8.2795 0.0000e+00
     35.000     8.2815    33.6193  1026.3088     2.4922     6.6196    100.030    0.00039    6.61761    6.62409      8.299     0.6769   11.91516   3.519351 2.5320e-11    26.1483    26.1477 1.0000e-12     35.273          1       4864    1482.40 3.9495e+00  52869.415    202.613 1580890379      -0.03     -0.271   39.71414  -73.50364    33.7787  1026.3115    26.1509     8.2780 0.0000e+00
     34.000     8.2790    33.6183  1026.3038     2.4930     6.6186    100.015    0.00015    6.61760    6.62408      8.299     0.7058   11.91514   3.518961 2.5320e-11    26.1478    26.1473 1.0000e-12     34.261          1       4968    1482.38 3.9495e+00  52867.836    206.952 1580890383      -0.16     -0.298   39.71414  -73.50364    33.7775  1026.3063    26.1504     8.2755 0.0000e+00
