CalculateIndicators/WaterTemperature/Data/CTD_NYOS/20201019_C04.cnv
* Sea-Bird SBE 9 Data File:
* FileName = C:\Seabird 9 CTD\Data\2020\202010_offshore\20201019_C04.hex
* Software Version Seasave V 7.23.2
* Temperature SN = 4590
* Conductivity SN = 3228
* Number of Bytes Per Scan = 44
* Number of Voltage Words = 5
* Number of Scans Averaged by the Deck Unit = 1
* NMEA Latitude = 40 06.31 N
* NMEA Longitude = 073 39.02 W
* NMEA UTC (Time) = Oct 20 2020  00:32:34
* NMEA baud rate = 4800
** Ship: seawolf
** Station: 7.2
** Operator: EIH
# nquan = 31
# nvalues = 70                          
# units = specified
# name 0 = depSM: Depth [salt water, m]
# name 1 = t090C: Temperature [ITS-90, deg C]
# name 2 = sal00: Salinity, Practical [PSU]
# name 3 = density00: Density [density, kg/m^3]
# name 4 = sbeox0V: Oxygen raw, SBE 43 [V]
# name 5 = sbeox0ML/L: Oxygen, SBE 43 [ml/l]
# name 6 = sbeox0PS: Oxygen, SBE 43 [% saturation]
# name 7 = sbox0dV/dT: Oxygen, SBE 43 [dov/dt]
# name 8 = oxsolML/L: Oxygen Saturation, Garcia & Gordon [ml/l]
# name 9 = oxsatML/L: Oxygen Saturation, Weiss [ml/l]
# name 10 = ph: pH
# name 11 = flECO-AFL: Fluorescence, WET Labs ECO-AFL/FL [mg/m^3]
# name 12 = n2satML/L: Nitrogen Saturation [ml/l]
# name 13 = c0S/m: Conductivity [S/m]
# name 14 = cpar: CPAR/Corrected Irradiance [%]
# name 15 = sigma-é00: Density [sigma-theta, kg/m^3]
# name 16 = sigma-t00: Density [sigma-t, kg/m^3 ]
# name 17 = par: PAR/Irradiance, Biospherical/Licor
# name 18 = prDM: Pressure, Digiquartz [db]
# name 19 = pumps: Pump Status
# name 20 = scan: Scan Count
# name 21 = svCM: Sound Velocity [Chen-Millero, m/s]
# name 22 = spar: SPAR, Biospherical/Licor
# name 23 = specc: Specific Conductance [uS/cm]
# name 24 = timeS: Time, Elapsed [seconds]
# name 25 = timeY: Time, System [seconds]
# name 26 = accM: Acceleration [m/s^2]
# name 27 = dz/dtM: Descent Rate [m/s]
# name 28 = latitude: Latitude [deg]
# name 29 = longitude: Longitude [deg]
# name 30 = flag: flag
# span 0 =      1.980,     36.737       
# span 1 =    16.5344,    17.7361       
# span 2 =    32.2535,    32.8449       
# span 3 =  1023.3294,  1024.1277       
# span 4 =     1.9773,     2.5002       
# span 5 =     4.0724,     5.3962       
# span 6 =     72.803,     97.864       
# span 7 =   -0.06511,    0.04780       
# span 8 =    5.46958,    5.59373       
# span 9 =    5.46147,    5.58680       
# span 10 =      8.279,      8.387      
# span 11 =     0.1222,     0.9465      
# span 12 =   10.02202,   10.22788      
# span 13 =   4.198767,   4.308592      
# span 14 = -5.317e+04, 1.0071e+05      
# span 15 =    23.3099,    23.9664      
# span 16 =    23.3096,    23.9650      
# span 17 = -5.334e-04, 1.8432e-01      
# span 18 =      2.000,     37.000      
# span 19 =          1,          1      
# span 20 =         34,      10946      
# span 21 =    1509.56,    1513.05      
# span 22 = 3.6096e-02, 6.0494e+00      
# span 23 =  49649.833,  50546.058      
# span 24 =      1.379,    456.027      
# span 25 = 1603153958, 1603154413      
# span 26 =      -0.79,       0.40      
# span 27 =     -0.582,      0.724      
# span 28 =   40.10522,   40.10566      
# span 29 =  -73.65200,  -73.65045      
# span 30 = 0.0000e+00, 0.0000e+00      
# interval = decibars: 1                
# start_time = Oct 20 2020 00:32:37 [System UTC, first data scan.]
# bad_flag = -9.990e-29
*END*
      1.980    17.4667    32.2881  1023.3329     2.4880     5.3548     97.094   -0.00159    5.51505    5.50712      8.375     0.6805   10.10306   4.220928 -1.419e+04    23.3242    23.3241 1.8432e-01      2.000          1         34    1511.16 4.4603e+00  49691.879      1.379 1603153958       0.24     -0.058   40.10522  -73.65045 0.0000e+00
      2.977    17.4677    32.2880  1023.3371     2.4885     5.3637     97.254    0.00044    5.51514    5.50721      8.375     0.7707   10.10322   4.221053 6.2721e+04    23.3239    23.3238 4.7307e-02      3.000          1        199    1511.18 1.3963e+00  49692.190      8.238 1603153965       0.04      0.233   40.10522  -73.65048 0.0000e+00
      3.967    17.4679    32.2878  1023.3412     2.4890     5.3643     97.259   -0.00024    5.51543    5.50750      8.375     0.7779   10.10371   4.221064 -6.989e+02    23.3237    23.3236 -5.334e-04      4.000          1        319    1511.20 3.9780e+00  49692.315     13.264 1603153970       0.40      0.359   40.10522  -73.65050 0.0000e+00
      4.966    17.4669    32.2876  1023.3458     2.4880     5.3606     97.195   -0.00051    5.51527    5.50733      8.375     0.7451   10.10343   4.221001 2.5320e-11    23.3239    23.3237 1.0000e-12      5.000          1        368    1511.21 3.9495e+00  49692.673     15.280 1603153972      -0.04      0.546   40.10522  -73.65050 0.0000e+00
      5.955    17.4663    32.2877  1023.3504     2.4881     5.3660     97.287    0.00057    5.51566    5.50773      8.375     0.7232   10.10409   4.220991 2.5320e-11    23.3241    23.3239 1.0000e-12      6.000          1        496    1511.23 3.9495e+00  49693.301     20.637 1603153977       0.15      0.442   40.10524  -73.65052 0.0000e+00
      6.946    17.4645    32.2877  1023.3552     2.4878     5.3627     97.230   -0.00028    5.51548    5.50755      8.375     0.7284   10.10379   4.220844 2.5320e-11    23.3246    23.3243 1.0000e-12      7.000          1        550    1511.24 3.9495e+00  49693.892     22.864 1603153979      -0.02      0.464   40.10524  -73.65053 0.0000e+00
      7.941    17.4633    32.2871  1023.3595     2.4891     5.3693     97.354    0.00064    5.51521    5.50727      8.375     0.7451   10.10333   4.220746 2.5320e-11    23.3245    23.3242 1.0000e-12      8.000          1        634    1511.25 3.9495e+00  49693.735     26.378 1603153983       0.15      0.376   40.10524  -73.65055 0.0000e+00
      8.932    17.4644    32.2868  1023.3634     2.4899     5.3711     97.397    0.00031    5.51467    5.50673      8.375     0.7169   10.10244   4.220832 2.5320e-11    23.3240    23.3236 1.0000e-12      9.000          1        725    1511.27 3.9495e+00  49693.669     30.167 1603153987       0.07      0.558   40.10524  -73.65056 0.0000e+00
      9.926    17.4690    32.2875  1023.3673     2.4896     5.3690     97.355   -0.00013    5.51486    5.50692      8.375     0.7800   10.10275   4.221432 2.5320e-11    23.3235    23.3231 1.0000e-12     10.000          1        772    1511.30 3.9495e+00  49694.832     32.106 1603153989      -0.03      0.535   40.10524  -73.65056 0.0000e+00
     10.913    17.4702    32.2875  1023.3714     2.4832     5.3395     96.920   -0.00247    5.50915    5.50119      8.371     0.7426   10.09241   4.221585 2.6887e+02    23.3233    23.3228 1.0000e-12     11.000          1        887    1511.32 3.9244e+00  49695.240     36.934 1603153993       0.20      0.244   40.10524  -73.65058 0.0000e+00
     11.908    17.4927    32.3529  1023.4206     2.4504     5.2093     94.593   -0.01518    5.50703    5.49907      8.366     0.6560   10.08849   4.231897 2.8100e+00    23.3681    23.3676 1.0000e-12     12.000          1        950    1511.48 3.9492e+00  49784.266     39.545 1603153996      -0.08      0.464   40.10524  -73.65058 0.0000e+00
     12.903    17.5069    32.3996  1023.4574     2.4286     5.1740     93.947   -0.00828    5.50732    5.49937 -9.990e-29     0.6606   10.08898   4.238321 2.5320e-11    23.4005    23.4000 1.0000e-12     13.000          1       1014    1511.59 3.9495e+00  49848.077     42.190 1603153999       0.10      0.401   40.10524  -73.65060 0.0000e+00
     13.888    17.5026    32.4087  1023.4698     2.4187     5.1734     93.938   -0.00061    5.50728    5.49934 -9.990e-29     0.6258   10.08863   4.238923 2.5320e-11    23.4085    23.4079 1.0000e-12     14.000          1       1126    1511.60 3.9495e+00  49861.397     46.870 1603154003       0.21      0.288   40.10526  -73.65062 0.0000e+00
     14.886    17.4964    32.4226  1023.4863     2.4203     5.1790     94.083    0.00045    5.50471    5.49675 -9.990e-29     0.6147   10.08416   4.240084 2.5320e-11    23.4207    23.4201 1.0000e-12     15.000          1       1172    1511.62 3.9495e+00  49881.512     48.778 1603154005      -0.05      0.464   40.10526  -73.65062 0.0000e+00
     15.876    17.5155    32.4520  1023.5087     2.4176     5.1648     93.870   -0.00110    5.50208    5.49411 -9.990e-29     0.6374   10.07960   4.245413 3.5529e+04    23.4387    23.4380 1.0000e-12     16.000          1       1248    1511.73 2.5221e+00  49921.087     51.977 1603154009      -0.01      0.286   40.10526  -73.65063 0.0000e+00
     16.869    17.5347    32.4707  1023.5228     2.4148     5.1573     93.765   -0.00081    5.50025    5.49226 -9.990e-29     0.7011   10.07642   4.249439 1.0071e+05    23.4484    23.4477 1.0000e-12     17.000          1       1322    1511.82 2.2223e+00  49945.878     55.033 1603154012       0.05      0.347   40.10526  -73.65065 0.0000e+00
     17.861    17.5455    32.4797  1023.5316     2.4161     5.1641     93.912    0.00055    5.49890    5.49091 -9.990e-29     0.6974   10.07412   4.251557 2.6357e+02    23.4528    23.4521 1.0000e-12     18.000          1       1386    1511.88 3.9450e+00  49958.056     57.701 1603154014      -0.01      0.372   40.10526  -73.65066 0.0000e+00
     18.850    17.5595    32.4879  1023.5389     2.4188     5.1674     94.065    0.00073    5.49344    5.48541      8.365     0.6098   10.06465   4.253808 2.5320e-11    23.4558    23.4550 1.0000e-12     19.000          1       1475    1511.95 3.9495e+00  49968.756     61.408 1603154018       0.05      0.215   40.10526  -73.65066 0.0000e+00
     19.850    17.5788    32.5072  1023.5535     2.4228     5.1778     94.350    0.00220    5.48783    5.47977      8.365     0.6975   10.05486   4.258632 -9.990e-29    23.4660    23.4652 1.0000e-12     20.000          1       1530    1512.04 3.9495e+00  49994.399     63.715 1603154020       0.36      0.568   40.10526  -73.65068 0.0000e+00
     20.840    17.6376    32.5684  1023.5907     2.4244     5.1777     94.363    0.00088    5.48701    5.47895      8.369     0.5943   10.05338   4.270838 3.8889e+04    23.4989    23.4980 1.0000e-12     21.000          1       1611    1512.30 2.6254e+00  50074.989     67.078 1603154024      -0.04      0.312   40.10526  -73.65068 0.0000e+00
     21.821    17.6487    32.5831  1023.6036     2.4235     5.1724     94.192   -0.00172    5.49131    5.48329      8.371     0.5474   10.06052   4.273588 -5.678e+03    23.5075    23.5066 1.0000e-12     22.000          1       1706    1512.37 4.1500e+00  50094.895     71.030 1603154028       0.17      0.249   40.10528  -73.65070 0.0000e+00
     22.828    17.6217    32.5827  1023.6143     2.4254     5.1852     94.441    0.00102    5.49041    5.48238      8.372     0.5449   10.05902   4.270684 2.5320e-11    23.5137    23.5127 1.0000e-12     23.000          1       1736    1512.31 3.9495e+00  50096.747     72.291 1603154029       0.04      0.642   40.10528  -73.65072 0.0000e+00
     23.815    17.5889    32.5772  1023.6223     2.4256     5.1809     94.372   -0.00046    5.48985    5.48181      8.372     0.5607   10.05800   4.267083 4.8328e+04    23.5173    23.5164 1.0000e-12     24.000          1       2135    1512.22 1.9989e+00  50091.979     88.913 1603154045       0.07      0.254   40.10529  -73.65077 0.0000e+00
     24.811    17.5932    32.5840  1023.6309     2.4242     5.1780     94.326   -0.00031    5.48954    5.48151      8.375     0.5722   10.05739   4.268657 9.3688e+02    23.5216    23.5206 1.0000e-12     25.000          1       2355    1512.26 3.9117e+00  50101.538     98.104 1603154055       0.18      0.724   40.10530  -73.65080 0.0000e+00
     25.805    17.6221    32.6140  1023.6513     2.4165     5.1473     93.802   -0.00300    5.48744    5.47940      8.374     0.4737   10.05355   4.274827 2.5320e-11    23.5376    23.5366 1.0000e-12     26.000          1       2717    1512.39 3.9495e+00  50141.212    113.165 1603154070       0.06      0.419   40.10531  -73.65085 0.0000e+00
     26.785    17.6362    32.6540  1023.6829     2.4089     5.1316     93.581   -0.00080    5.48360    5.47556      8.374     0.4023   10.04667   4.280957 -9.990e-29    23.5649    23.5639 1.0000e-12     27.000          1       3010    1512.50 3.2081e+00  50195.741    125.365 1603154082       0.03      0.271   40.10534  -73.65090 0.0000e+00
     27.788    17.6400    32.6782  1023.7050     2.4107     5.1351     93.720    0.00005    5.47922    5.47115      8.375     0.3707   10.03895   4.284122 9.9999e+04    23.5826    23.5815 1.0000e-12     28.000          1       3049    1512.57 1.3009e-01  50229.221    127.012 1603154084       0.15      0.399   40.10534  -73.65090 0.0000e+00
     28.772    17.6534    32.7240  1023.7413     2.4088     5.1175     93.536   -0.00169    5.47110    5.46299      8.379     0.3280   10.02471   4.291253 7.5919e+04    23.6145    23.6134 1.0000e-12     29.000          1       3146    1512.66 8.2136e-01  50291.815    131.056 1603154088       0.07      0.399   40.10534  -73.65092 0.0000e+00
     29.772    17.7200    32.7884  1023.7790     2.4058     5.1095     93.395   -0.00173    5.47089    5.46278      8.378     0.3507   10.02432   4.304947 3.3575e+03    23.6478    23.6466 1.0000e-12     30.000          1       3205    1512.95 3.8117e+00  50376.055    133.512 1603154090       0.14      0.442   40.10534  -73.65093 0.0000e+00
     30.758    17.7308    32.8023  1023.7914     2.4063     5.1157     93.530   -0.00012    5.46958    5.46147      8.379     0.3568   10.02202   4.307521 2.5320e-11    23.6560    23.6547 1.0000e-12     31.000          1       3298    1513.01 3.9495e+00  50394.964    137.356 1603154094       0.28      0.464   40.10534  -73.65094 0.0000e+00
     31.754    17.7361    32.8080  1023.7989     2.4048     5.1290     93.461   -0.00053    5.48793    5.47998      8.379     0.3605   10.05244   4.308592 2.5320e-11    23.6590    23.6578 1.0000e-12     32.000          1       3344    1513.05 3.9495e+00  50402.798    139.293 1603154096      -0.09      0.490   40.10536  -73.65094 0.0000e+00
     32.742    17.4985    32.8183  1023.8681     2.2849     4.7192     84.466   -0.05371    5.58629    5.57930      8.337     0.2747   10.21551   4.285196 2.5320e-11    23.7238    23.7225 1.0000e-12     33.000          1       3436    1512.37 3.9495e+00  50435.091    143.117 1603154100       0.16      0.187   40.10536  -73.65095 0.0000e+00
     33.735    16.7635    32.8444  1024.0658     2.0986     4.1764     74.674   -0.06511    5.59286    5.58593      8.289     0.1901   10.22646   4.217611 3.4469e+04    23.9167    23.9154 1.0000e-12     34.000          1       3496    1510.21 2.7801e+00  50528.953    145.618 1603154102      -0.06      0.359   40.10536  -73.65096 0.0000e+00
     34.729    16.6070    32.8449  1024.1070     2.0228     4.0724     72.803   -0.03576    5.59373    5.58680      8.281     0.1475   10.22788   4.203874 9.9147e+04    23.9534    23.9521 1.0000e-12     35.000          1       3546    1509.75 3.6096e-02  50543.204    147.722 1603154104       0.36      0.505   40.10536  -73.65097 0.0000e+00
     35.732    16.5437    32.8427  1024.1244     1.9977     4.0890     73.104   -0.01116    5.59333    5.58640      8.286     0.1488   10.22725   4.198767 5.3219e+04    23.9664    23.9650 1.0000e-12     36.000          1       3654    1509.57 1.8476e+00  50546.058    152.199 1603154109       0.05      0.672   40.10537  -73.65099 0.0000e+00
     36.737    16.5344    32.8383  1024.1277     1.9773     4.0974     73.262    0.00747    5.59279    5.58584      8.279     0.1222   10.22644   4.198956 -5.317e+04    23.9651    23.9638 1.0000e-12     37.000          1       3869    1509.56 6.0494e+00  50540.772    161.156 1603154117      -0.79      0.526   40.10539  -73.65101 0.0000e+00
     35.724    16.5489    32.8405  1024.1215     1.9896     4.1085     73.457    0.00092    5.59301    5.58608      8.284     0.1357   10.22677   4.199948 2.5320e-11    23.9634    23.9621 1.0000e-12     36.000          1       3793    1509.58 3.9495e+00  50542.537    158.001 1603154115      -0.58     -0.164   40.10538  -73.65100 0.0000e+00
     34.721    16.5695    32.8381  1024.1105     1.9907     4.1125     73.543    0.00140    5.59200    5.58506      8.284     0.1390   10.22513   4.201910 2.5320e-11    23.9569    23.9556 1.0000e-12     35.000          1       4697    1509.63 3.9495e+00  50537.020    195.686 1603154152      -0.03     -0.450   40.10542  -73.65112 0.0000e+00
     33.737    16.6453    32.8333  1024.0848     2.0318     4.2351     76.281    0.01446    5.55233    5.54499      8.304     0.1877   10.15942   4.208929 2.5320e-11    23.9356    23.9344 1.0000e-12     34.000          1       6005    1509.84 3.9495e+00  50523.484    250.155 1603154207      -0.01     -0.243   40.10548  -73.65131 0.0000e+00
     32.744    16.9885    32.8152  1023.9864     2.1646     4.6672     84.645    0.04708    5.51431    5.50661      8.339     0.2986   10.09623   4.241148 2.5320e-11    23.8418    23.8405 1.0000e-12     33.000          1       6023    1510.84 3.9495e+00  50470.060    250.898 1603154207      -0.05     -0.301   40.10548  -73.65130 0.0000e+00
     31.751    17.6001    32.7958  1023.8222     2.3426     5.1023     93.237    0.04780    5.47250    5.46440      8.375     0.3226   10.02704   4.297120 2.5320e-11    23.6823    23.6810 1.0000e-12     32.000          1       6128    1512.63 3.9495e+00  50395.813    255.275 1603154212      -0.34     -0.407   40.10548  -73.65132 0.0000e+00
     30.758    17.6996    32.7948  1023.7931     2.3855     5.1083     93.369    0.01474    5.47104    5.46293      8.381     0.3413   10.02459   4.305039 2.5320e-11    23.6577    23.6564 1.0000e-12     31.000          1       6203    1512.91 3.9495e+00  50386.775    258.417 1603154215       0.03     -0.334   40.10548  -73.65133 0.0000e+00
     29.774    17.7202    32.7933  1023.7827     2.4047     5.1173     93.416   -0.00010    5.47796    5.46989      8.381     0.3507   10.03663   4.305701 2.5320e-11    23.6516    23.6504 1.0000e-12     30.000          1       6331    1512.96 3.9495e+00  50382.793    263.753 1603154220      -0.23     -0.301   40.10550  -73.65136 0.0000e+00
     28.773    17.6951    32.7656  1023.7631     2.4042     5.1217     93.440    0.00067    5.48119    5.47314 -9.990e-29     0.3447   10.04223   4.299699 5.0678e+04    23.6363    23.6352 1.0000e-12     29.000          1       6373    1512.83 1.8479e+00  50346.019    265.500 1603154222       0.05     -0.437   40.10550  -73.65136 0.0000e+00
     27.785    17.6365    32.7014  1023.7237     2.4086     5.1376     93.682    0.00129    5.48412    5.47608      8.377     0.3624   10.04759   4.286325 1.8096e+04    23.6012    23.6001 1.0000e-12     28.000          1       6496    1512.57 3.0597e+00  50261.404    270.611 1603154227      -0.43     -0.168   40.10550  -73.65137 0.0000e+00
     26.786    17.6415    32.6772  1023.6995     2.4074     5.1300     93.516   -0.00033    5.48575    5.47770 -9.990e-29     0.3830   10.05066   4.283890 3.2156e+03    23.5815    23.5804 1.0000e-12     27.000          1       6555    1512.54 3.8013e+00  50227.369    273.076 1603154230       0.05     -0.557   40.10550  -73.65138 0.0000e+00
