CalculateIndicators/WaterTemperature/Data/CTD_NYOS/20200210_C013.cnv
* Sea-Bird SBE 9 Data File:
* FileName = C:\Seabird 9 CTD\Data\2020\202002_offshore\20200210_C013.hex
* Software Version Seasave V 7.23.2
* Temperature SN = 4590
* Conductivity SN = 3228
* Number of Bytes Per Scan = 44
* Number of Voltage Words = 5
* Number of Scans Averaged by the Deck Unit = 1
* NMEA Latitude = 40 10.24 N
* NMEA Longitude = 073 19.51 W
* NMEA UTC (Time) = Feb 10 2020  10:12:49
* NMEA baud rate = 4800
** Ship: rv seawolf
** Station: 6.2
** Operator: sjw
# nquan = 35
# nvalues = 67                          
# units = specified
# name 0 = depSM: Depth [salt water, m]
# name 1 = t090C: Temperature [ITS-90, deg C]
# name 2 = sal00: Salinity, Practical [PSU]
# name 3 = density00: Density [density, kg/m^3]
# name 4 = sbeox0V: Oxygen raw, SBE 43 [V]
# name 5 = sbeox0ML/L: Oxygen, SBE 43 [ml/l]
# name 6 = sbeox0PS: Oxygen, SBE 43 [% saturation]
# name 7 = sbox0dV/dT: Oxygen, SBE 43 [dov/dt]
# name 8 = oxsolML/L: Oxygen Saturation, Garcia & Gordon [ml/l]
# name 9 = oxsatML/L: Oxygen Saturation, Weiss [ml/l]
# name 10 = ph: pH
# name 11 = flECO-AFL: Fluorescence, WET Labs ECO-AFL/FL [mg/m^3]
# name 12 = n2satML/L: Nitrogen Saturation [ml/l]
# name 13 = c0S/m: Conductivity [S/m]
# name 14 = cpar: CPAR/Corrected Irradiance [%]
# name 15 = sigma-é00: Density [sigma-theta, kg/m^3]
# name 16 = sigma-t00: Density [sigma-t, kg/m^3 ]
# name 17 = par: PAR/Irradiance, Biospherical/Licor
# name 18 = prDM: Pressure, Digiquartz [db]
# name 19 = pumps: Pump Status
# name 20 = scan: Scan Count
# name 21 = svCM: Sound Velocity [Chen-Millero, m/s]
# name 22 = spar: SPAR, Biospherical/Licor
# name 23 = specc: Specific Conductance [uS/cm]
# name 24 = timeS: Time, Elapsed [seconds]
# name 25 = timeY: Time, System [seconds]
# name 26 = accM: Acceleration [m/s^2]
# name 27 = dz/dtM: Descent Rate [m/s]
# name 28 = latitude: Latitude [deg]
# name 29 = longitude: Longitude [deg]
# name 30 = gsw_saA0: Absolute Salinity [g/kg]
# name 31 = gsw_densityA0: density, TEOS-10 [density, kg/m^3]
# name 32 = gsw_sigma0A0: density, TEOS-10 [sigma-0, kg/m^3 ]
# name 33 = gsw_ptA0: potential temperature [ITS-90, deg C]
# name 34 = flag: flag
# span 0 =      2.000,     36.000       
# span 1 =     6.4156,     7.1587       
# span 2 =    32.8156,    33.0952       
# span 3 =  1025.7847,  1026.0637       
# span 4 =     2.4854,     2.5708       
# span 5 =     6.7986,     7.2247       
# span 6 =     99.770,    104.096       
# span 7 =   -0.00512,    0.00274       
# span 8 =    6.81422,    6.94178       
# span 9 =    6.82308,    6.95229       
# span 10 =      8.272,      8.293      
# span 11 =     0.5398,     0.9609      
# span 12 =   12.24645,   12.46053      
# span 13 =   3.278872,   3.370716      
# span 14 = -3.461e+04, 1.0457e+05      
# span 15 =    25.7747,    25.8974      
# span 16 =    25.7747,    25.8970      
# span 17 = 1.0000e-12, 1.0000e-12      
# span 18 =      2.034,     36.259      
# span 19 =          1,          1      
# span 20 =        -25,      10990      
# span 21 =    1473.72,    1477.48      
# span 22 = -1.312e-01, 5.3164e+00      
# span 23 =  52181.737,  52403.898      
# span 24 =     -1.100,    457.894      
# span 25 = 1581329571, 1581330030      
# span 26 =      -0.70,       0.82      
# span 27 =     -1.202,      0.935      
# span 28 =   40.17070,   40.17233      
# span 29 =  -73.32523,  -73.32416      
# span 30 =    32.9709,    33.2529      
# span 31 =  1025.7867,  1026.0664      
# span 32 =    25.7754,    25.9002      
# span 33 =     6.4152,     7.1553      
# span 34 = 0.0000e+00, 0.0000e+00      
# interval = meters: 1                  
# start_time = Feb 10 2020 10:12:52 [System UTC, first data scan.]
# bad_flag = -9.990e-29
*END*
      4.000     6.4241    32.8189  1025.7949     2.5684     7.2125    103.900    0.00006    6.94178    6.95229      8.288     0.8418   12.46053   3.279886 -3.461e+04    25.7764    25.7763 1.0000e-12      4.040          1        -25    1473.74 5.3164e+00  52184.969     -1.100 1581329571       0.03     -0.090   40.17070  -73.32523    32.9744  1025.7969    25.7783     6.4237 0.0000e+00
      5.000     6.4156    32.8156  1025.7980     2.5694     7.2182    103.984    0.00022    6.94167    6.95218      8.289     0.8853   12.46036   3.278872 8.9943e+04    25.7748    25.7748 1.0000e-12      5.029          1        171    1473.72 3.9718e-01  52183.252      7.084 1581329579       0.43      0.379   40.17073  -73.32521    32.9709  1025.7997    25.7766     6.4152 0.0000e+00
      6.000     6.4161    32.8161  1025.8030     2.5679     7.2065    103.815   -0.00049    6.94166    6.95217      8.289     0.8438   12.46034   3.279034 1.9676e+03    25.7752    25.7751 1.0000e-12      6.039          1        276    1473.74 3.8718e+00  52184.603     11.461 1581329583       0.20      0.880   40.17075  -73.32519    32.9717  1025.8049    25.7771     6.4156 0.0000e+00
      7.000     6.4209    32.8176  1025.8082     2.5693     7.2203    104.019    0.00030    6.94140    6.95190      8.289     0.8872   12.45989   3.279660 2.5320e-11    25.7757    25.7757 1.0000e-12      7.051          1        356    1473.77 3.9495e+00  52186.037     14.792 1581329587       0.14      0.529   40.17077  -73.32518    32.9735  1025.8104    25.7780     6.4203 0.0000e+00
      8.000     6.4225    32.8176  1025.8127     2.5690     7.2112    103.890   -0.00054    6.94118    6.95168      8.289     0.9171   12.45953   3.279791 2.5320e-11    25.7756    25.7755 1.0000e-12      8.045          1        416    1473.80 3.9495e+00  52186.329     17.292 1581329589       0.33      0.935   40.17078  -73.32518    32.9730  1025.8144    25.7774     6.4218 0.0000e+00
      9.000     6.4202    32.8170  1025.8171     2.5683     7.2172    103.972   -0.00011    6.94144    6.95194      8.289     0.8651   12.45997   3.279607 2.5320e-11    25.7754    25.7753 1.0000e-12      9.073          1        511    1473.80 3.9495e+00  52186.773     21.242 1581329593       0.05      0.242   40.17078  -73.32517    32.9726  1025.8191    25.7773     6.4195 0.0000e+00
     10.000     6.4192    32.8167  1025.8217     2.5687     7.2173    103.971   -0.00013    6.94167    6.95218 -9.990e-29     0.8936   12.46035   3.279510 1.6896e+04    25.7753    25.7752 1.0000e-12     10.080          1        560    1473.81 3.1988e+00  52187.339     23.299 1581329595       0.50      0.446   40.17078  -73.32516    32.9720  1025.8234    25.7770     6.4184 0.0000e+00
     11.000     6.4198    32.8172  1025.8267     2.5686     7.2217    104.047    0.00037    6.94078    6.95127 -9.990e-29     0.8831   12.45886   3.279762 6.8362e+04    25.7756    25.7755 1.0000e-12     11.076          1        613    1473.83 1.2508e+00  52188.631     25.481 1581329597       0.30      0.647   40.17080  -73.32516    32.9738  1025.8293    25.7783     6.4189 0.0000e+00
     12.000     6.4339    32.8212  1025.8326     2.5689     7.2221    104.055    0.00022    6.94061    6.95110 -9.990e-29     0.9021   12.45858   3.281310 3.3734e+03    25.7769    25.7768 1.0000e-12     12.085          1        685    1473.91 3.8163e+00  52191.056     28.506 1581329600       0.52      0.712   40.17080  -73.32514    32.9769  1025.8346    25.7790     6.4329 0.0000e+00
     13.000     6.4250    32.8180  1025.8359     2.5674     7.2123    103.916   -0.00032    6.94056    6.95105 -9.990e-29     0.8625   12.45849   3.280295 2.5320e-11    25.7756    25.7754 1.0000e-12     13.099          1        759    1473.89 3.9495e+00  52189.635     31.580 1581329604       0.19      0.422   40.17081  -73.32514    32.9737  1025.8379    25.7776     6.4239 0.0000e+00
     14.000     6.4234    32.8173  1025.8402     2.5681     7.2247    104.090    0.00046    6.94090    6.95140 -9.990e-29     0.8512   12.45907   3.280120 2.5320e-11    25.7753    25.7751 1.0000e-12     14.108          1        832    1473.90 3.9495e+00  52189.870     34.610 1581329607       0.04      0.386   40.17082  -73.32514    32.9728  1025.8421    25.7771     6.4222 0.0000e+00
     15.000     6.4217    32.8168  1025.8448     2.5679     7.2147    103.942   -0.00046    6.94110    6.95160 -9.990e-29     0.9609   12.45941   3.279987 9.6826e+04    25.7752    25.7750 1.0000e-12     15.114          1        889    1473.91 2.8945e+00  52190.408     37.007 1581329609       0.42      0.498   40.17084  -73.32514    32.9725  1025.8467    25.7771     6.4204 0.0000e+00
     16.000     6.4226    32.8174  1025.8497     2.5677     7.2146    103.961   -0.00034    6.93974    6.95022 -9.990e-29     0.9090   12.45712   3.280236 6.2466e+04    25.7755    25.7753 1.0000e-12     16.124          1        957    1473.93 1.1220e+00  52191.657     39.836 1581329612       0.04      0.487   40.17085  -73.32513    32.9739  1025.8524    25.7781     6.4212 0.0000e+00
     17.000     6.4397    32.8233  1025.8568     2.5677     7.2117    103.943   -0.00052    6.93813    6.94859      8.289     0.8447   12.45443   3.282264 1.3584e+03    25.7779    25.7777 1.0000e-12     17.125          1       1022    1474.02 3.8959e+00  52195.963     42.521 1581329614       0.82      0.712   40.17086  -73.32512    32.9794  1025.8591    25.7803     6.4383 0.0000e+00
     18.000     6.4404    32.8235  1025.8615     2.5670     7.2098    103.939   -0.00042    6.93659    6.94703      8.289     0.8708   12.45184   3.282375 2.5320e-11    25.7780    25.7778 1.0000e-12     18.127          1       1082    1474.04 3.9495e+00  52196.751     45.026 1581329617       0.21      0.822   40.17087  -73.32512    32.9795  1025.8637    25.7803     6.4389 0.0000e+00
     19.000     6.4444    32.8252  1025.8670     2.5664     7.2064    103.923   -0.00040    6.93437    6.94479      8.288     0.8473   12.44811   3.282937 -9.990e-29    25.7789    25.7787 1.0000e-12     19.139          1       1161    1474.07 3.9495e+00  52198.728     48.334 1581329620       0.13      0.794   40.17088  -73.32512    32.9814  1025.8694    25.7813     6.4428 0.0000e+00
     20.000     6.4590    32.8314  1025.8747     2.5642     7.1912    103.789   -0.00057    6.92865    6.93899      8.288     0.9044   12.43851   3.285014 9.8393e+04    25.7819    25.7816 1.0000e-12     20.159          1       1247    1474.16 2.8121e-01  52204.207     51.909 1581329624      -0.02      0.272   40.17089  -73.32511    32.9899  1025.8789    25.7861     6.4573 0.0000e+00
     21.000     6.5096    32.8527  1025.8896     2.5627     7.1708    103.633   -0.00109    6.91938    6.92960      8.288     0.8064   12.42295   3.291586 2.0415e+03    25.7923    25.7920 1.0000e-12     21.158          1       1311    1474.40 3.8630e+00  52221.664     54.563 1581329627       0.63      0.721   40.17090  -73.32510    33.0137  1025.8956    25.7983     6.5078 0.0000e+00
     22.000     6.5390    32.8627  1025.8984     2.5573     7.1438    103.358   -0.00116    6.91176    6.92187      8.288     0.8222   12.41015   3.294910 2.8600e+01    25.7964    25.7961 1.0000e-12     22.167          1       1393    1474.54 3.9478e+00  52228.466     57.991 1581329630       0.11      0.517   40.17091  -73.32510    33.0217  1025.9028    25.8008     6.5371 0.0000e+00
     23.000     6.5597    32.8715  1025.9072     2.5536     7.1300    103.249   -0.00071    6.90562    6.91566      8.287     0.7991   12.39983   3.297596 2.5320e-11    25.8006    25.8004 1.0000e-12     23.180          1       1466    1474.65 3.9495e+00  52235.948     61.052 1581329633       0.20      0.477   40.17092  -73.32508    33.0310  1025.9121    25.8054     6.5577 0.0000e+00
     24.000     6.6325    32.8995  1025.9245     2.5491     7.0851    102.851   -0.00171    6.88878    6.89861      8.283     0.7492   12.37160   3.306970 2.5320e-11    25.8133    25.8130 1.0000e-12     24.188          1       1531    1474.99 3.9495e+00  52256.826     63.769 1581329636       0.03      0.322   40.17094  -73.32508    33.0642  1025.9333    25.8221     6.6304 0.0000e+00
     25.000     6.7318    32.9372  1025.9458     2.5392     7.0166    102.042   -0.00374    6.87624    6.88590      8.283     0.6216   12.35054   3.319394 6.3459e+04    25.8300    25.8297 1.0000e-12     25.189          1       1608    1475.44 1.4432e+00  52284.068     66.973 1581329639       0.50      0.429   40.17095  -73.32508    33.1054  1025.9572    25.8415     6.7296 0.0000e+00
     26.000     6.8450    32.9828  1025.9712     2.5316     6.9516    101.433   -0.00512    6.85338    6.86274 -9.990e-29     0.6594   12.31219   3.334161 9.8055e+04    25.8510    25.8507 1.0000e-12     26.192          1       1671    1475.96 7.6771e-02  52319.882     69.567 1581329642       0.64      0.795   40.17096  -73.32508    33.1586  1025.9886    25.8683     6.8427 0.0000e+00
     27.000     6.9290    33.0070  1025.9838     2.5204     6.9230    101.070   -0.00382    6.84976    6.85908      8.278     0.5398   12.30613   3.342554 2.5522e+04    25.8589    25.8586 1.0000e-12     27.209          1       1750    1476.33 2.9415e+00  52332.215     72.894 1581329645       0.01      0.649   40.17097  -73.32507    33.1696  1025.9906    25.8658     6.9265 0.0000e+00
     28.000     6.9400    33.0125  1025.9912     2.5142     6.9208    101.051   -0.00195    6.84877    6.85808      8.278     0.5611   12.30446   3.344079 1.1480e+03    25.8617    25.8614 1.0000e-12     28.210          1       1818    1476.40 3.9042e+00  52337.866     75.699 1581329648       0.54      0.772   40.17098  -73.32506    33.1752  1025.9982    25.8687     6.9375 0.0000e+00
     29.000     6.9753    33.0238  1026.0000     2.5095     6.8980    100.901   -0.00140    6.83639    6.84554      8.277     0.5980   12.28373   3.348303 2.5320e-11    25.8659    25.8656 1.0000e-12     29.218          1       1908    1476.57 3.9495e+00  52345.463     79.462 1581329651       0.14      0.743   40.17099  -73.32506    33.1872  1026.0075    25.8734     6.9727 0.0000e+00
     30.000     7.0199    33.0383  1026.0100     2.5044     6.8633    100.454   -0.00268    6.83232    6.84141 -9.990e-29     0.6388   12.27691   3.353471 9.2402e+04    25.8713    25.8710 1.0000e-12     30.230          1       1969    1476.78 3.0004e-01  52354.926     81.999 1581329654       0.07      0.641   40.17100  -73.32506    33.2005  1026.0165    25.8779     7.0172 0.0000e+00
     31.000     7.0563    33.0500  1026.0189     2.4970     6.8426    100.259   -0.00160    6.82492    6.83391 -9.990e-29     0.6595   12.26447   3.357614 1.0333e+04    25.8757    25.8753 1.0000e-12     31.240          1       2077    1476.95 3.5414e+00  52362.743     86.507 1581329658       0.17      0.446   40.17102  -73.32505    33.2104  1026.0240    25.8808     7.0534 0.0000e+00
     32.000     7.0728    33.0571  1026.0269     2.4948     6.8399    100.247   -0.00097    6.82307    6.83204      8.273     0.7192   12.26136   3.359758 1.4914e+03    25.8790    25.8786 1.0000e-12     32.246          1       2131    1477.04 3.8906e+00  52369.151     88.767 1581329661       0.05      0.496   40.17102  -73.32504    33.2175  1026.0319    25.8841     7.0699 0.0000e+00
     33.000     7.0963    33.0667  1026.0359     2.4921     6.8346    100.216   -0.00032    6.81985    6.82878      8.273     0.6793   12.25595   3.362621 2.0606e+04    25.8834    25.8830 1.0000e-12     33.257          1       2220    1477.16 3.1357e+00  52377.443     92.440 1581329664       0.16      0.287   40.17104  -73.32504    33.2258  1026.0399    25.8874     7.0933 0.0000e+00
     34.000     7.1136    33.0749  1026.0446     2.4916     6.8352    100.269    0.00010    6.81683    6.82573      8.273     0.7564   12.25087   3.365042 1.0139e+05    25.8875    25.8871 1.0000e-12     34.268          1       2300    1477.25 -5.513e-02  52385.244     95.802 1581329668       0.35      0.312   40.17104  -73.32502    33.2352  1026.0495    25.8924     7.1105 0.0000e+00
     35.000     7.1291    33.0814  1026.0522     2.4908     6.8242    100.135   -0.00046    6.81501    6.82389      8.272     0.6894   12.24782   3.366905 4.4329e+04    25.8905    25.8901 1.0000e-12     35.267          1       2356    1477.34 2.1300e+00  52391.137     98.135 1581329670       0.02      0.545   40.17106  -73.32502    33.2401  1026.0559    25.8942     7.1259 0.0000e+00
     36.000     7.1587    33.0952  1026.0637     2.4854     6.7986     99.770   -0.00102    6.81422    6.82308      8.274     0.7246   12.24645   3.370716 -1.474e+04    25.8974    25.8970 1.0000e-12     36.259          1       2934    1477.48 4.5559e+00  52403.898    122.199 1581329694      -0.40      0.626   40.17116  -73.32498    33.2529  1026.0664    25.9002     7.1553 0.0000e+00
     35.000     7.1486    33.0906  1026.0567     2.4868     6.8202    100.080    0.00052    6.81473    6.82360 -9.990e-29     0.7053   12.24733   3.369235 2.5320e-11    25.8951    25.8946 1.0000e-12     35.272          1       2953    1477.43 3.9495e+00  52399.126    123.003 1581329695      -0.55     -0.468   40.17116  -73.32498    33.2468  1026.0585    25.8968     7.1454 0.0000e+00
     34.000     7.1389    33.0870  1026.0507     2.4873     6.8174    100.040    0.00017    6.81471    6.82358      8.276     0.7162   12.24729   3.367979 2.5320e-11    25.8936    25.8932 1.0000e-12     34.282          1       3273    1477.37 3.9495e+00  52395.952    136.341 1581329708      -0.28     -0.851   40.17120  -73.32495    33.2429  1026.0522    25.8951     7.1358 0.0000e+00
     33.000     7.1354    33.0854  1026.0453     2.4872     6.8116     99.955   -0.00004    6.81469    6.82356      8.276     0.6876   12.24726   3.367494 2.5320e-11    25.8928    25.8924 1.0000e-12     33.283          1       3932    1477.33 3.9495e+00  52393.839    163.787 1581329736      -0.30     -1.202   40.17129  -73.32489    33.2415  1026.0470    25.8944     7.1324 0.0000e+00
     32.000     7.1335    33.0842  1026.0399     2.4878     6.8153     99.939   -0.00054    6.81947    6.82839      8.276     0.6845   12.25528   3.367141 -9.990e-29    25.8921    25.8917 1.0000e-12     32.259          1       4132    1477.31 3.9495e+00  52391.947    172.110 1581329744      -0.54     -0.973   40.17132  -73.32486    33.2399  1026.0413    25.8934     7.1306 0.0000e+00
     31.000     7.0967    33.0689  1026.0283     2.4899     6.8382    100.199    0.00054    6.82460    6.83360 -9.990e-29     0.7012   12.26392   3.362257 9.9999e+04    25.8850    25.8847 1.0000e-12     31.254          1       4224    1477.13 1.6482e+00  52379.050    175.953 1581329748      -0.24     -0.630   40.17133  -73.32485    33.2223  1026.0279    25.8846     7.0939 0.0000e+00
     30.000     7.0716    33.0584  1026.0188     2.4931     6.8592    100.421    0.00102    6.83050    6.83957      8.276     0.6843   12.27381   3.359122 9.9999e+04    25.8802    25.8798 1.0000e-12     30.237          1       4321    1477.00 3.6048e-02  52369.930    179.993 1581329752      -0.70     -0.561   40.17134  -73.32484    33.2127  1026.0191    25.8804     7.0689 0.0000e+00
     29.000     7.0404    33.0482  1026.0104     2.4946     6.8688    100.490    0.00099    6.83534    6.84447      8.277     0.6890   12.28193   3.355356 2.2515e+04    25.8764    25.8760 1.0000e-12     29.234          1       4391    1476.85 2.9797e+00  52363.001    182.911 1581329755      -0.10     -0.677   40.17135  -73.32483    33.2019  1026.0102    25.8762     7.0378 0.0000e+00
     28.000     6.9868    33.0310  1025.9995     2.4982     6.8973    100.748    0.00155    6.84605    6.85533      8.281     0.5810   12.29988   3.348944 -9.498e+02    25.8700    25.8697 1.0000e-12     28.212          1       4502    1476.61 3.9912e+00  52351.885    187.525 1581329760      -0.20     -0.548   40.17136  -73.32482    33.1836  1025.9984    25.8690     6.9843 0.0000e+00
