CalculateIndicators/WaterTemperature/Data/CTD_NYOS/20201029_C36.cnv
* Sea-Bird SBE 9 Data File:
* FileName = C:\Seabird 9 CTD\Data\2020\202010_offshore\20201029_C36.hex
* Software Version Seasave V 7.23.2
* Temperature SN = 4590
* Conductivity SN = 3228
* Number of Bytes Per Scan = 44
* Number of Voltage Words = 5
* Number of Scans Averaged by the Deck Unit = 1
* NMEA Latitude = 39 41.49 N
* NMEA Longitude = 071 45.81 W
* NMEA UTC (Time) = Oct 29 2020  01:11:55
* NMEA baud rate = 4800
** Ship: seawolf
** Station: 2.5
** Operator: EIH
# nquan = 31
# nvalues = 603                         
# units = specified
# name 0 = depSM: Depth [salt water, m]
# name 1 = t090C: Temperature [ITS-90, deg C]
# name 2 = sal00: Salinity, Practical [PSU]
# name 3 = density00: Density [density, kg/m^3]
# name 4 = sbeox0V: Oxygen raw, SBE 43 [V]
# name 5 = sbeox0ML/L: Oxygen, SBE 43 [ml/l]
# name 6 = sbeox0PS: Oxygen, SBE 43 [% saturation]
# name 7 = sbox0dV/dT: Oxygen, SBE 43 [dov/dt]
# name 8 = oxsolML/L: Oxygen Saturation, Garcia & Gordon [ml/l]
# name 9 = oxsatML/L: Oxygen Saturation, Weiss [ml/l]
# name 10 = ph: pH
# name 11 = flECO-AFL: Fluorescence, WET Labs ECO-AFL/FL [mg/m^3]
# name 12 = n2satML/L: Nitrogen Saturation [ml/l]
# name 13 = c0S/m: Conductivity [S/m]
# name 14 = cpar: CPAR/Corrected Irradiance [%]
# name 15 = sigma-é00: Density [sigma-theta, kg/m^3]
# name 16 = sigma-t00: Density [sigma-t, kg/m^3 ]
# name 17 = par: PAR/Irradiance, Biospherical/Licor
# name 18 = prDM: Pressure, Digiquartz [db]
# name 19 = pumps: Pump Status
# name 20 = scan: Scan Count
# name 21 = svCM: Sound Velocity [Chen-Millero, m/s]
# name 22 = spar: SPAR, Biospherical/Licor
# name 23 = specc: Specific Conductance [uS/cm]
# name 24 = timeS: Time, Elapsed [seconds]
# name 25 = timeY: Time, System [seconds]
# name 26 = accM: Acceleration [m/s^2]
# name 27 = dz/dtM: Descent Rate [m/s]
# name 28 = latitude: Latitude [deg]
# name 29 = longitude: Longitude [deg]
# name 30 = flag: flag
# span 0 =      0.989,    300.470       
# span 1 =     9.9741,    19.7604       
# span 2 =    34.4898,    35.7826       
# span 3 =  1024.5950,  1028.5530       
# span 4 =     1.4060,     2.4428       
# span 5 =     2.9188,     4.9592       
# span 6 =     46.763,     94.869       
# span 7 =   -0.02532,    0.02740       
# span 8 =    5.20719,    6.30599       
# span 9 =    5.19761,    6.30956       
# span 10 =      8.301,      8.542      
# span 11 =    -0.0786,     0.3870      
# span 12 =    9.56680,   11.38041      
# span 13 =   3.848973,   4.732326      
# span 14 = -1.143e+04, 1.1147e+05      
# span 15 =    24.5861,    27.1928      
# span 16 =    24.5835,    27.1867      
# span 17 = 1.0000e-12, 3.7686e-01      
# span 18 =      1.000,    303.000      
# span 19 =          1,          1      
# span 20 =        240,      43483      
# span 21 =    1495.09,    1521.38      
# span 22 = -1.128e-01, 4.3947e+00      
# span 23 =  52652.013,  55022.340      
# span 24 =      9.950,   1811.731      
# span 25 = 1603933926, 1603935727      
# span 26 =      -0.82,       1.12      
# span 27 =     -1.082,      1.352      
# span 28 =   39.68860,   39.69159      
# span 29 =  -71.76360,  -71.76046      
# span 30 = 0.0000e+00, 0.0000e+00      
# interval = decibars: 1                
# start_time = Oct 29 2020 01:11:56 [System UTC, first data scan.]
# bad_flag = -9.990e-29
*END*
[from data line 141]
    142.860    14.4053    35.7503  1027.3194     1.7457     3.5826     62.441   -0.00174    5.73759    5.73390      8.477    -0.0531   10.43514   4.320484 -1.583e+02    26.6852    26.6806 1.0000e-12    144.000          1       8126    1508.05 3.8686e+00  54821.727    338.534 1603934254       0.16      0.700   39.69122  -71.76288 0.0000e+00
    143.837    14.3545    35.7528  1027.3368     1.7365     3.5476     61.790   -0.00470    5.74133    5.73768      8.482    -0.0705   10.44121   4.315723 2.7834e-11    26.6980    26.6934 1.0000e-12    145.000          1       8193    1507.90 3.7534e+00  54832.087    341.343 1603934257       0.12      0.630   39.69120  -71.76288 0.0000e+00
    144.842    14.3380    35.7653  1027.3545     1.7301     3.5250     61.398   -0.00570    5.74113    5.73749      8.479    -0.0582   10.44090   4.315641 3.8939e-11    26.7113    26.7067 1.0000e-12    146.000          1       8221    1507.88 2.8873e+00  54851.991    342.495 1603934258       0.14      0.791   39.69120  -71.76288 0.0000e+00
    145.826    14.3373    35.7761  1027.3674     1.7202     3.5062     61.074   -0.00359    5.74085    5.73721      8.468    -0.0682   10.44031   4.316964 3.4327e-11    26.7198    26.7152 1.0000e-12    147.000          1       8300    1507.91 3.2470e+00  54867.401    345.786 1603934261       0.50      0.377   39.69120  -71.76288 0.0000e+00
    146.828    14.3358    35.7789  1027.3743     1.7159     3.4989     60.923   -0.00286    5.74308    5.73947      8.442    -0.0493   10.44400   4.317082 3.1412e-11    26.7223    26.7176 1.0000e-12    148.000          1       8337    1507.92 3.4743e+00  54871.947    347.345 1603934263       0.10      0.813   39.69120  -71.76288 0.0000e+00
    147.800    14.3241    35.7824  1027.3839     1.7099     3.4852     60.671   -0.00229    5.74445    5.74085      8.419    -0.0720   10.44627   4.316296 3.5253e-11    26.7276    26.7228 1.0000e-12    149.000          1       8399    1507.91 3.1748e+00  54878.809    349.926 1603934266      -0.14      0.264   39.69120  -71.76287 0.0000e+00
    148.806    14.3028    35.7815  1027.3923     1.7074     3.4833     60.620   -0.00135    5.74607    5.74249      8.422    -0.0462   10.44897   4.314075 3.3224e-11    26.7315    26.7267 1.0000e-12    150.000          1       8451    1507.85 3.3331e+00  54880.921    352.088 1603934268       0.36      0.494   39.69120  -71.76286 0.0000e+00
    149.796    14.2919    35.7794  1027.3975     1.7024     3.4698     60.338   -0.00206    5.75070    5.74717      8.422    -0.0432   10.45664   4.312731 2.8349e-11    26.7322    26.7275 1.0000e-12    151.000          1       8515    1507.83 3.7132e+00  54879.959    354.769 1603934271       1.12      0.615   39.69120  -71.76286 0.0000e+00
    150.796    14.2625    35.7785  1027.4077     1.7000     3.4638     60.222   -0.00212    5.75173    5.74822      8.422    -0.0468   10.45836   4.309768 3.0567e-11    26.7378    26.7330 1.0000e-12    152.000          1       8547    1507.75 3.5403e+00  54883.102    356.091 1603934272       0.13      0.880   39.69120  -71.76286 0.0000e+00
    151.780    14.2433    35.7783  1027.4161     1.6956     3.4555     60.044   -0.00170    5.75490    5.75142      8.428    -0.0617   10.46360   4.307962 3.0811e-11    26.7419    26.7371 1.0000e-12    153.000          1       8612    1507.71 3.5212e+00  54885.910    358.774 1603934275       0.07      0.475   39.69119  -71.76284 0.0000e+00
    152.760    14.2220    35.7779  1027.4248     1.6891     3.4367     59.671   -0.00260    5.75945    5.75603      8.473    -0.0682   10.47117   4.305736 3.3970e-11    26.7461    26.7413 1.0000e-12    154.000          1       8682    1507.65 3.2749e+00  54888.649    361.717 1603934278       0.16      0.274   39.69118  -71.76284 0.0000e+00
    153.761    14.1942    35.7776  1027.4350     1.6856     3.4311     59.511   -0.00255    5.76548    5.76213      8.472    -0.0721   10.48117   4.303037 2.9272e-11    26.7518    26.7470 1.0000e-12    155.000          1       8715    1507.58 3.6413e+00  54892.393    363.099 1603934279       0.13      0.660   39.69118  -71.76284 0.0000e+00
    154.751    14.1628    35.7753  1027.4444     1.6799     3.4134     59.195   -0.00307    5.76629    5.76295      8.473    -0.0645   10.48252   4.299485 3.2117e-11    26.7568    26.7519 1.0000e-12    156.000          1       8759    1507.49 3.4194e+00  54893.873    364.913 1603934281      -0.12      0.565   39.69118  -71.76284 0.0000e+00
    155.740    14.1134    35.7726  1027.4574     1.6720     3.3998     58.845   -0.00278    5.77749    5.77429      8.470    -0.0533   10.50116   4.294497 3.3041e-11    26.7652    26.7604 1.0000e-12    157.000          1       8826    1507.35 3.3473e+00  54897.240    367.726 1603934283      -0.04      0.304   39.69118  -71.76284 0.0000e+00
    156.731    14.0575    35.7666  1027.4693     1.6659     3.3825     58.512   -0.00324    5.78077    5.77760 -9.990e-29    -0.0563   10.50659   4.287815 2.9275e-11    26.7725    26.7676 1.0000e-12    158.000          1       8872    1507.18 3.6411e+00  54896.909    369.637 1603934285       0.34      0.548   39.69118  -71.76284 0.0000e+00
    157.730    14.0141    35.7642  1027.4812     1.6617     3.3741     58.349   -0.00271    5.78253    5.77938      8.467    -0.0559   10.50952   4.283550 3.2709e-11    26.7799    26.7750 1.0000e-12    159.000          1       8913    1507.05 3.3732e+00  54899.928    371.350 1603934287      -0.04      0.636   39.69118  -71.76284 0.0000e+00
    158.697    13.9604    35.7591  1027.4931     1.6514     3.3475     57.798   -0.00355    5.79175    5.78872      8.464    -0.0624   10.52484   4.277478 2.8605e-11    26.7873    26.7824 1.0000e-12    160.000          1       9007    1506.89 3.6933e+00  54900.637    375.242 1603934291       0.66      0.213   39.69118  -71.76282 0.0000e+00
    159.719    13.9267    35.7579  1027.5039     1.6500     3.3447     57.755   -0.00316    5.79129    5.78825      8.463    -0.0578   10.52407   4.274255 2.9114e-11    26.7935    26.7886 1.0000e-12    161.000          1       9021    1506.79 3.6536e+00  54904.062    375.837 1603934292       0.73      0.890   39.69118  -71.76282 0.0000e+00
    160.706    13.9095    35.7571  1027.5114     1.6471     3.3444     57.729   -0.00168    5.79319    5.79017      8.466    -0.0624   10.52724   4.272704 3.0847e-11    26.7966    26.7916 1.0000e-12    162.000          1       9070    1506.75 3.5184e+00  54905.876    377.862 1603934294      -0.01      0.604   39.69118  -71.76282 0.0000e+00
    161.694    13.8933    35.7555  1027.5181     1.6443     3.3412     57.651   -0.00103    5.79550    5.79251      8.459    -0.0591   10.53108   4.271011 3.4589e-11    26.7988    26.7938 1.0000e-12    163.000          1       9132    1506.71 3.2266e+00  54906.527    380.477 1603934296       0.02      0.482   39.69118  -71.76282 0.0000e+00
    162.673    13.8794    35.7538  1027.5242     1.6426     3.3381     57.589   -0.00079    5.79646    5.79347      8.457    -0.0770   10.53268   4.269534 2.8673e-11    26.8004    26.7954 1.0000e-12    164.000          1       9185    1506.69 3.6880e+00  54906.614    382.682 1603934298       0.25      0.392   39.69118  -71.76282 0.0000e+00
    163.681    13.8693    35.7526  1027.5299     1.6416     3.3366     57.550   -0.00070    5.79772    5.79476      8.458    -0.0685   10.53479   4.268501 3.1983e-11    26.8017    26.7966 1.0000e-12    165.000          1       9219    1506.67 3.4298e+00  54906.948    384.069 1603934300       0.01      0.664   39.69118  -71.76282 0.0000e+00
    164.655    13.8623    35.7514  1027.5348     1.6380     3.3310     57.348   -0.00137    5.80839    5.80555 -9.990e-29    -0.0593   10.55254   4.267738 3.6889e-11    26.8022    26.7971 1.0000e-12    166.000          1       9298    1506.66 3.0472e+00  54906.756    387.368 1603934303       0.29      0.130   39.69116  -71.76280 0.0000e+00
    165.663    13.8102    35.7450  1027.5455     1.6344     3.3148     57.062   -0.00284    5.80918    5.80635      8.456    -0.0603   10.55387   4.261511 2.8045e-11    26.8083    26.8032 1.0000e-12    167.000          1       9323    1506.50 3.7370e+00  54905.617    388.404 1603934304       0.26      0.728   39.69116  -71.76280 0.0000e+00
    166.652    13.7690    35.7415  1027.5560     1.6292     3.3050     56.846   -0.00239    5.81391    5.81114      8.455    -0.0669   10.56170   4.257307 3.3736e-11    26.8142    26.8091 1.0000e-12    168.000          1       9376    1506.38 3.2931e+00  54907.045    390.634 1603934306      -0.16      0.457   39.69116  -71.76280 0.0000e+00
    167.636    13.7154    35.7387  1027.5696     1.6182     3.2711     56.168   -0.00439    5.82363    5.82097      8.432    -0.0513   10.57779   4.251817 3.3827e-11    26.8233    26.8182 1.0000e-12    169.000          1       9446    1506.22 3.2860e+00  54911.128    393.538 1603934309       0.12      0.357   39.69115  -71.76280 0.0000e+00
    168.632    13.7068    35.7425  1027.5788     1.6094     3.2428     55.635   -0.00571    5.82864    5.82605      8.431    -0.0565   10.58612   4.251244 3.5052e-11    26.8280    26.8229 1.0000e-12    170.000          1       9480    1506.21 3.1905e+00  54918.036    394.972 1603934311       0.23      0.629   39.69114  -71.76280 0.0000e+00
    169.627    13.6310    35.7377  1027.5955     1.5975     3.2089     55.022   -0.00606    5.83211    5.82956      8.442    -0.0617   10.59190   4.243133 7.7014e+04    26.8401    26.8350 1.0000e-12    171.000          1       9527    1505.97 1.3067e+00  54922.494    396.901 1603934313      -0.11      0.525   39.69114  -71.76280 0.0000e+00
    170.616    13.5681    35.7324  1027.6091     1.5872     3.1981     54.780   -0.00264    5.83811    5.83563      8.440    -0.0709   10.60189   4.236513 4.3393e+04    26.8491    26.8440 1.0000e-12    172.000          1       9600    1505.78 1.8066e+00  54924.582    399.961 1603934316       0.04      0.358   39.69114  -71.76279 0.0000e+00
    171.598    13.5349    35.7287  1027.6177     1.5811     3.1837     54.501   -0.00247    5.84151    5.83907      8.439    -0.0520   10.60755   4.232907 -2.860e+03    26.8531    26.8480 1.0000e-12    173.000          1       9658    1505.68 3.3752e+00  54924.724    402.374 1603934318       0.29      0.353   39.69114  -71.76278 0.0000e+00
    172.602    13.5048    35.7253  1027.6259     1.5770     3.1734     54.308   -0.00238    5.84339    5.84098      8.436    -0.0594   10.61069   4.229647 3.3425e-11    26.8568    26.8517 1.0000e-12    174.000          1       9698    1505.59 3.3174e+00  54924.936    404.052 1603934320      -0.08      0.518   39.69114  -71.76278 0.0000e+00
    173.586    13.4765    35.7217  1027.6334     1.5724     3.1673     54.176   -0.00122    5.84634    5.84396      8.433    -0.0569   10.61559   4.226557 3.3409e-11    26.8598    26.8547 1.0000e-12    175.000          1       9771    1505.51 3.3186e+00  54924.492    407.066 1603934323       0.26      0.270   39.69114  -71.76278 0.0000e+00
    174.580    13.4597    35.7199  1027.6400     1.5690     3.1590     53.990   -0.00157    5.85105    5.84872      8.435    -0.0634   10.62343   4.224846 3.2736e-11    26.8620    26.8568 1.0000e-12    176.000          1       9821    1505.47 3.3711e+00  54925.058    409.167 1603934325      -0.10      0.456   39.69114  -71.76278 0.0000e+00
    175.578    13.4329    35.7168  1027.6477     1.5639     3.1483     53.680   -0.00254    5.86487    5.86271      8.434    -0.0607   10.64643   4.221831 3.7658e-11    26.8651    26.8600 1.0000e-12    177.000          1       9868    1505.40 2.9872e+00  54925.205    411.110 1603934327      -0.01      0.540   39.69112  -71.76278 0.0000e+00
    176.558    13.3388    35.7060  1027.6634     1.5521     3.1068     52.897   -0.00522    5.87328    5.87122      8.438    -0.0654   10.66041   4.210712 2.7523e-11    26.8761    26.8710 1.0000e-12    178.000          1       9931    1505.09 3.7777e+00  54924.330    413.735 1603934330       0.13      0.278   39.69112  -71.76278 0.0000e+00
    177.556    13.2433    35.6980  1027.6815     1.5442     3.0918     52.619   -0.00381    5.87588    5.87386 -9.990e-29    -0.0596   10.66476   4.200954 3.4537e-11    26.8895    26.8843 1.0000e-12    179.000          1       9980    1504.79 3.2306e+00  54927.725    415.774 1603934332      -0.10      0.458   39.69112  -71.76278 0.0000e+00
    178.553    13.2226    35.6946  1027.6877     1.5400     3.0923     52.544   -0.00223    5.88510    5.88319      8.434    -0.0596   10.68013   4.198672 3.0538e-11    26.8911    26.8860 1.0000e-12    180.000          1      10029    1504.73 3.5425e+00  54926.673    417.846 1603934334       0.07      0.521   39.69112  -71.76278 0.0000e+00
    179.519    13.1893    35.6884  1027.6942     1.5317     3.0696     52.032   -0.00372    5.89943    5.89769      8.426    -0.0513   10.70397   4.194443 3.2742e-11    26.8931    26.8880 1.0000e-12    181.000          1      10097    1504.63 3.3706e+00  54923.615    420.664 1603934337       0.23      0.163   39.69112  -71.76276 0.0000e+00
    180.540    13.1005    35.6773  1027.7085     1.5316     3.0749     52.129   -0.00241    5.89856    5.89682      8.411    -0.0559   10.70255   4.184044 3.5575e-11    26.9026    26.8974 1.0000e-12    182.000          1      10115    1504.34 3.1497e+00  54921.986    421.403 1603934337       0.63      0.807   39.69110  -71.76276 0.0000e+00
    181.528    13.0205    35.6685  1027.7227     1.5317     3.0904     52.331   -0.00002    5.90557    5.90391      8.425    -0.0663   10.71423   4.176023 3.4807e-11    26.9121    26.9069 1.0000e-12    183.000          1      10180    1504.08 3.2096e+00  54922.408    424.135 1603934340       0.22      0.610   39.69110  -71.76276 0.0000e+00
    182.523    12.9849    35.6622  1027.7295     1.5325     3.0990     52.415    0.00032    5.91246    5.91088      8.446    -0.0530   10.72572   4.171747 3.0532e-11    26.9143    26.9092 1.0000e-12    184.000          1      10235    1503.97 3.5430e+00  54919.563    426.424 1603934342       0.33      0.788   39.69110  -71.76274 0.0000e+00
    183.503    12.9362    35.6563  1027.7393     1.5302     3.0932     52.204   -0.00112    5.92525    5.92383      8.449    -0.0578   10.74700   4.166565 3.6411e-11    26.9196    26.9145 1.0000e-12    185.000          1      10287    1503.82 3.0845e+00  54919.358    428.576 1603934344      -0.25      0.476   39.69108  -71.76274 0.0000e+00
    184.501    12.8642    35.6476  1027.7518     1.5241     3.0675     51.746   -0.00315    5.92804    5.92665      8.447    -0.0589   10.75165   4.158293 3.6560e-11    26.9274    26.9222 1.0000e-12    186.000          1      10332    1503.58 3.0729e+00  54918.947    430.453 1603934346       0.10      0.564   39.69108  -71.76274 0.0000e+00
    185.486    12.8037    35.6412  1027.7636     1.5198     3.0648     51.656   -0.00166    5.93296    5.93163      8.449    -0.0606   10.75984   4.152063 3.4430e-11    26.9345    26.9294 1.0000e-12    187.000          1      10390    1503.39 3.2390e+00  54919.884    432.875 1603934349      -0.07      0.384   39.69106  -71.76274 0.0000e+00
    186.478    12.7776    35.6367  1027.7699     1.5165     3.0634     51.529   -0.00142    5.94502    5.94384      8.439    -0.0668   10.77993   4.149114 3.2987e-11    26.9363    26.9311 1.0000e-12    188.000          1      10442    1503.32 3.3515e+00  54918.295    435.041 1603934351      -0.00      0.476   39.69106  -71.76274 0.0000e+00
    187.468    12.7288    35.6294  1027.7786     1.5129     3.0483     51.270   -0.00241    5.94564    5.94447      8.420 -9.990e-29   10.78096   4.143109 3.5537e-11    26.9404    26.9353 1.0000e-12    189.000          1      10482    1503.16 3.1526e+00  54916.294    436.707 1603934352       0.25      0.555   39.69106  -71.76272 0.0000e+00
