CalculateIndicators/WaterTemperature/Data/CTD_NYOS/20201019_C06.cnv
* Sea-Bird SBE 9 Data File:
* FileName = C:\Seabird 9 CTD\Data\2020\202010_offshore\20201019_C06.hex
* Software Version Seasave V 7.23.2
* Temperature SN = 4590
* Conductivity SN = 3228
* Number of Bytes Per Scan = 44
* Number of Voltage Words = 5
* Number of Scans Averaged by the Deck Unit = 1
* NMEA Latitude = 39 19.03 N
* NMEA Longitude = 073 22.06 W
* NMEA UTC (Time) = Oct 20 2020  07:49:10
* NMEA baud rate = 4800
** Ship: seawolf
** Station: 7.4
** Operator: SJW
# nquan = 31
# nvalues = 87                          
# units = specified
# name 0 = depSM: Depth [salt water, m]
# name 1 = t090C: Temperature [ITS-90, deg C]
# name 2 = sal00: Salinity, Practical [PSU]
# name 3 = density00: Density [density, kg/m^3]
# name 4 = sbeox0V: Oxygen raw, SBE 43 [V]
# name 5 = sbeox0ML/L: Oxygen, SBE 43 [ml/l]
# name 6 = sbeox0PS: Oxygen, SBE 43 [% saturation]
# name 7 = sbox0dV/dT: Oxygen, SBE 43 [dov/dt]
# name 8 = oxsolML/L: Oxygen Saturation, Garcia & Gordon [ml/l]
# name 9 = oxsatML/L: Oxygen Saturation, Weiss [ml/l]
# name 10 = ph: pH
# name 11 = flECO-AFL: Fluorescence, WET Labs ECO-AFL/FL [mg/m^3]
# name 12 = n2satML/L: Nitrogen Saturation [ml/l]
# name 13 = c0S/m: Conductivity [S/m]
# name 14 = cpar: CPAR/Corrected Irradiance [%]
# name 15 = sigma-é00: Density [sigma-theta, kg/m^3]
# name 16 = sigma-t00: Density [sigma-t, kg/m^3 ]
# name 17 = par: PAR/Irradiance, Biospherical/Licor
# name 18 = prDM: Pressure, Digiquartz [db]
# name 19 = pumps: Pump Status
# name 20 = scan: Scan Count
# name 21 = svCM: Sound Velocity [Chen-Millero, m/s]
# name 22 = spar: SPAR, Biospherical/Licor
# name 23 = specc: Specific Conductance [uS/cm]
# name 24 = timeS: Time, Elapsed [seconds]
# name 25 = timeY: Time, System [seconds]
# name 26 = accM: Acceleration [m/s^2]
# name 27 = dz/dtM: Descent Rate [m/s]
# name 28 = latitude: Latitude [deg]
# name 29 = longitude: Longitude [deg]
# name 30 = flag: flag
# span 0 =      1.977,     44.663       
# span 1 =    15.8367,    17.9256       
# span 2 =    33.0806,    33.6396       
# span 3 =  1023.8296,  1024.6758       
# span 4 =     2.0729,     2.4642       
# span 5 =     4.3878,     5.2269       
# span 6 =     77.586,     96.063       
# span 7 =   -0.02775,    0.03208       
# span 8 =    5.42373,    5.65765       
# span 9 =    5.41556,    5.65160       
# span 10 =      8.352,      8.419      
# span 11 =     0.1853,     0.4823      
# span 12 =    9.93718,   10.32929      
# span 13 =   4.184969,   4.423182      
# span 14 = -6.711e+03, 1.1176e+05      
# span 15 =    23.8208,    24.4778      
# span 16 =    23.8207,    24.4763      
# span 17 = 1.0000e-12, 1.6915e-02      
# span 18 =      2.000,     45.000      
# span 19 =          1,          1      
# span 20 =        761,      10773      
# span 21 =    1508.05,    1514.51      
# span 22 = -3.672e+00, 4.6364e+00      
# span 23 =  50749.281,  51533.141      
# span 24 =     31.663,    448.826      
# span 25 = 1603180184, 1603180601      
# span 26 =      -0.65,       0.51      
# span 27 =     -0.830,      1.189      
# span 28 =   39.31652,   39.31718      
# span 29 =  -73.37062,  -73.36793      
# span 30 = 0.0000e+00, 0.0000e+00      
# interval = decibars: 1                
# start_time = Oct 20 2020 07:49:13 [System UTC, first data scan.]
# bad_flag = -9.990e-29
*END*
      1.977    17.9251    33.0807  1023.8296     2.4641     5.2141     95.831   -0.00246    5.44093    5.43267      8.400     0.3394    9.97157   4.357270 9.9999e+04    23.8210    23.8209 1.0000e-12      2.000          1        761    1513.42 -3.672e+00  50749.281     31.663 1603180184       0.46     -0.532   39.31718  -73.36793 0.0000e+00
      2.975    17.9256    33.0806  1023.8339     2.4642     5.2241     96.011    0.00027    5.44117    5.43292      8.400     0.3156    9.97197   4.357352 -9.990e-29    23.8208    23.8207 1.0000e-12      3.000          1        860    1513.44 4.6364e+00  50749.557     35.797 1603180189       0.11      0.260   39.31718  -73.36796 0.0000e+00
      3.969    17.9244    33.0811  1023.8389     2.4639     5.2211     95.956   -0.00059    5.44111    5.43286      8.400     0.3464    9.97184   4.357328 2.5320e-11    23.8215    23.8213 1.0000e-12      4.000          1        943    1513.45 3.9445e+00  50750.742     39.236 1603180192       0.05      0.289   39.31717  -73.36797 0.0000e+00
      4.961    17.9222    33.0838  1023.8459     2.4621     5.2165     95.870   -0.00098    5.44115    5.43290      8.400     0.3487    9.97186   4.357484 2.5320e-11    23.8241    23.8239 1.0000e-12      5.000          1       1037    1513.47 3.9495e+00  50755.138     43.178 1603180196       0.51      0.405   39.31716  -73.36800 0.0000e+00
      5.955    17.9221    33.0869  1023.8528     2.4634     5.2255     96.037    0.00071    5.44112    5.43286      8.400     0.3470    9.97180   4.357889 4.6603e+04    23.8266    23.8263 1.0000e-12      6.000          1       1077    1513.49 2.0721e+00  50759.929     44.813 1603180198      -0.14      0.621   39.31716  -73.36802 0.0000e+00
      6.952    17.9222    33.0879  1023.8579     2.4620     5.2169     95.879   -0.00079    5.44113    5.43287      8.400     0.3393    9.97182   4.358042 8.2057e+04    23.8273    23.8271 1.0000e-12      7.000          1       1136    1513.50 6.8675e-01  50761.747     47.298 1603180200       0.15      0.484   39.31716  -73.36803 0.0000e+00
      7.938    17.9218    33.0927  1023.8661 -9.990e-29     5.2195     95.930    0.00003    5.44092    5.43267 -9.990e-29     0.3577    9.97138   4.358644 -1.113e+03    23.8312    23.8308 1.0000e-12      8.000          1       1252    1513.52 3.9937e+00  50768.856     52.145 1603180205       0.27      0.540   39.31716  -73.36806 0.0000e+00
      8.933    17.9214    33.0958  1023.8730 -9.990e-29     5.2209     95.956    0.00016    5.44095    5.43270 -9.990e-29     0.3509    9.97146   4.358997 3.2250e+03    23.8337    23.8333 1.0000e-12      9.000          1       1295    1513.54 3.8221e+00  50773.678     53.907 1603180207      -0.12      0.562   39.31716  -73.36808 0.0000e+00
      9.924    17.9217    33.0948  1023.8765     2.4622     5.2223     95.982    0.00010    5.44089    5.43264 -9.990e-29     0.3271    9.97133   4.358937 1.0444e+05    23.8329    23.8325 1.0000e-12     10.000          1       1377    1513.56 9.1175e-01  50772.760     57.331 1603180210       0.15      0.297   39.31715  -73.36809 0.0000e+00
     10.916    17.9218    33.0953  1023.8813     2.4617     5.2200     95.945   -0.00053    5.44064    5.43240 -9.990e-29     0.3484    9.97082   4.359072 -9.990e-29    23.8333    23.8328 1.0000e-12     11.000          1       1466    1513.58 3.9376e+00  50773.998     61.047 1603180214       0.50      0.570   39.31714  -73.36812 0.0000e+00
     11.912    17.9214    33.1014  1023.8905     2.4607     5.2177     95.905   -0.00048    5.44050    5.43226      8.401     0.3492    9.97056   4.359806 2.5320e-11    23.8381    23.8376 1.0000e-12     12.000          1       1515    1513.59 3.9495e+00  50782.776     63.083 1603180216      -0.08      0.533   39.31714  -73.36814 0.0000e+00
     12.896    17.9215    33.1121  1023.9030     2.4580     5.2095     95.763   -0.00084    5.44002    5.43178      8.401     0.3572    9.96966   4.361106 2.5320e-11    23.8463    23.8457 1.0000e-12     13.000          1       1618    1513.63 3.9495e+00  50797.930     67.362 1603180220       0.28      0.229   39.31714  -73.36816 0.0000e+00
     13.893    17.9227    33.1179  1023.9116     2.4588     5.2158     95.881    0.00025    5.43985    5.43161      8.401     0.3518    9.96921   4.361945 6.5946e+04    23.8505    23.8499 1.0000e-12     14.000          1       1680    1513.66 1.3194e+00  50806.367     69.941 1603180223      -0.03      0.329   39.31714  -73.36819 0.0000e+00
     14.887    17.9230    33.1266  1023.9226     2.4549     5.1990     95.568   -0.00211    5.44010    5.43187      8.401     0.3684    9.96932   4.363119 9.9674e+04    23.8571    23.8565 1.0000e-12     15.000          1       1745    1513.68 1.2603e-02  50818.780     72.661 1603180225       0.26      0.473   39.31714  -73.36820 0.0000e+00
     15.880    17.9115    33.1562  1023.9524     2.4478     5.1795     95.189   -0.00290    5.44127    5.43307      8.401     0.4108    9.97088   4.365472 2.3835e+04    23.8826    23.8819 1.0000e-12     16.000          1       1801    1513.70 2.8992e+00  50860.621     74.997 1603180228      -0.10      0.412   39.31713  -73.36822 0.0000e+00
     16.866    17.8766    33.2094  1024.0060     2.4348     5.1480     94.540   -0.00368    5.44526    5.43716      8.406     0.4026    9.97585   4.368619 -2.339e+03    23.9318    23.9311 1.0000e-12     17.000          1       1891    1513.67 4.0584e+00  50936.629     78.767 1603180231       0.11      0.232   39.31712  -73.36824 0.0000e+00
     17.864    17.8543    33.3220  1024.1020     2.4248     5.1211     93.956   -0.00561    5.45053    5.44248      8.406     0.3967    9.98468   4.379360 2.5320e-11    24.0234    24.0227 1.0000e-12     18.000          1       1933    1513.75 3.9495e+00  51092.967     80.509 1603180233       0.11      0.556   39.31712  -73.36826 0.0000e+00
     18.855    17.7541    33.3521  1024.1538     2.4128     5.0916     93.399   -0.00534    5.45144    5.44340      8.404     0.3913    9.98619   4.373080 2.5320e-11    24.0708    24.0700 1.0000e-12     19.000          1       1987    1513.51 3.9495e+00  51142.190     82.742 1603180235      -0.09      0.442   39.31712  -73.36828 0.0000e+00
     19.844    17.7362    33.3523  1024.1626     2.4054     5.0869     93.264   -0.00179    5.45433    5.44631      8.402     0.3830    9.99101   4.371586 3.3424e+04    24.0753    24.0745 1.0000e-12     20.000          1       2072    1513.47 2.8178e+00  51144.206     86.275 1603180239       0.04      0.227   39.31712  -73.36829 0.0000e+00
     20.842    17.7255    33.3522  1024.1696     2.3989     5.0658     92.821   -0.00429    5.45757    5.44959      8.401     0.4194    9.99638   4.370527 -9.990e-29    24.0779    24.0770 1.0000e-12     21.000          1       2130    1513.46 3.9350e+00  51145.372     88.693 1603180241       0.43      0.533   39.31712  -73.36831 0.0000e+00
     21.834    17.6914    33.3501  1024.1807     2.3945     5.0606     92.706   -0.00264    5.45876    5.45079      8.401     0.4312    9.99838   4.367053 2.5320e-11    24.0846    24.0837 1.0000e-12     22.000          1       2173    1513.37 3.9495e+00  51145.560     90.487 1603180243      -0.15      0.583   39.31712  -73.36833 0.0000e+00
     22.822    17.6131    33.3404  1024.1964     2.3614     4.9454     90.348   -0.01588    5.47377    5.46596      8.390     0.4823   10.02293   4.357270 2.5320e-11    24.0960    24.0950 1.0000e-12     23.000          1       2268    1513.14 3.9495e+00  51138.670     94.454 1603180247       0.43      0.223   39.31712  -73.36836 0.0000e+00
     23.823    17.3635    33.3079  1024.2358     2.3374     4.8693     89.039   -0.01848    5.46877    5.46093      8.392     0.4702   10.01406   4.329418 2.5320e-11    24.1308    24.1298 1.0000e-12     24.000          1       2312    1512.38 3.9495e+00  51112.865     96.278 1603180249       0.29      0.777   39.31712  -73.36838 0.0000e+00
     24.811    17.4451    33.3974  1024.2893     2.3518     4.9910     91.214    0.00643    5.47172    5.46390      8.398     0.4040   10.01905   4.350017 2.5320e-11    24.1800    24.1790 1.0000e-12     25.000          1       2357    1512.74 3.9495e+00  51230.445     98.179 1603180251      -0.19      0.575   39.31711  -73.36838 0.0000e+00
     25.804    17.6354    33.4824  1024.3130     2.3905     5.0851     93.568    0.01471    5.43472    5.42663      8.414     0.3922    9.95609   4.378695 7.3275e+04    24.1995    24.1984 1.0000e-12     26.000          1       2474    1513.42 1.2725e+00  51332.985    103.035 1603180256       0.40      0.433   39.31710  -73.36842 0.0000e+00
     26.786    17.7720    33.5360  1024.3255     2.4181     5.1606     95.113    0.01821    5.42575    5.41759      8.418     0.4139    9.94081   4.398862 -2.884e+03    24.2077    24.2066 1.0000e-12     27.000          1       2518    1513.90 4.0548e+00  51397.043    104.883 1603180258       0.04      0.726   39.31710  -73.36844 0.0000e+00
     27.791    17.8631    33.5828  1024.3436     2.4287     5.1754     95.354    0.01362    5.42749    5.41934      8.418     0.3798    9.94382   4.412860 2.5320e-11    24.2214    24.2202 1.0000e-12     28.000          1       2543    1514.24 3.9495e+00  51454.858    105.896 1603180259       0.20      0.861   39.31710  -73.36844 0.0000e+00
     28.786    17.9029    33.6136  1024.3618     2.4358     5.1660     95.174    0.00435    5.42797    5.41983      8.419     0.4092    9.94454   4.419648 2.5320e-11    24.2354    24.2341 1.0000e-12     29.000          1       2626    1514.41 3.9495e+00  51494.570    109.368 1603180262       0.07      0.815   39.31710  -73.36846 0.0000e+00
     29.770    17.9123    33.6256  1024.3731     2.4373     5.1564     95.038    0.00023    5.42565    5.41751      8.418     0.3895    9.94035   4.421922 2.5320e-11    24.2423    24.2410 1.0000e-12     30.000          1       2717    1514.47 3.9495e+00  51510.924    113.159 1603180266       0.42      0.989   39.31710  -73.36850 0.0000e+00
     30.770    17.9168    33.6339  1024.3828     2.4365     5.1483     94.922   -0.00093    5.42373    5.41556      8.418     0.3780    9.93718   4.423182 2.5320e-11    24.2476    24.2463 1.0000e-12     31.000          1       2738    1514.51 3.9495e+00  51522.395    114.041 1603180267       0.06      1.186   39.31710  -73.36850 0.0000e+00
     31.764    17.9042    33.6396  1024.3947     2.4302     5.1351     94.475   -0.00360    5.43559    5.42753      8.415     0.3814    9.95705   4.422135 6.5259e+04    24.2551    24.2538 1.0000e-12     32.000          1       2802    1514.49 1.3721e+00  51531.609    116.728 1603180269      -0.16      0.936   39.31709  -73.36851 0.0000e+00
     32.741    17.8245    33.6359  1024.4156     2.3999     5.0402     92.285   -0.01672    5.46154    5.45370      8.403     0.3460   10.00033   4.413545 -1.927e+03    24.2717    24.2703 1.0000e-12     33.000          1       2924    1514.27 4.0256e+00  51533.141    121.778 1603180274       0.32      0.991   39.31708  -73.36854 0.0000e+00
     33.749    17.7446    33.6258  1024.4317     2.3839     4.9733     91.252   -0.02078    5.45009    5.44216      8.405     0.3286    9.98117   4.403516 2.5478e-11    24.2833    24.2819 1.0000e-12     34.000          1       2940    1514.04 3.9372e+00  51525.708    122.439 1603180275       0.18      1.189   39.31708  -73.36854 0.0000e+00
     34.744    17.5307    33.5903  1024.4606     2.3559     4.9115     89.844   -0.02172    5.46717    5.45939      8.398     0.3261   10.00983   4.378003 5.6516e+04    24.3077    24.3063 1.0000e-12     35.000          1       3024    1513.38 1.6613e+00  51492.724    125.938 1603180279      -0.02      0.988   39.31707  -73.36858 0.0000e+00
     35.732    17.3349    33.5581  1024.4872     2.3149     4.8142     87.527   -0.02775    5.50034    5.49284      8.388     0.2999   10.06543   4.355564 1.7735e+03    24.3298    24.3284 1.0000e-12     36.000          1       3120    1512.78 3.8777e+00  51464.783    129.938 1603180283       0.18      0.996   39.31706  -73.36860 0.0000e+00
     36.717    17.1522    33.5281  1024.5122     2.2748     4.7684     86.218   -0.01750    5.53099    5.52378      8.382     0.2853   10.11677   4.334835 2.5320e-11    24.3503    24.3489 1.0000e-12     37.000          1       3228    1512.22 3.9495e+00  51438.728    134.440 1603180287       0.02      0.529   39.31706  -73.36862 0.0000e+00
     37.718    16.8955    33.4863  1024.5450     2.2338     4.6575     83.929   -0.02255    5.54942    5.54237      8.378     0.2860   10.14769   4.304505 2.5320e-11    24.3786    24.3771 1.0000e-12     38.000          1       3307    1511.41 3.9495e+00  51402.792    137.733 1603180290       0.16      0.704   39.31706  -73.36865 0.0000e+00
     38.698    16.3571    33.3981  1024.6069     2.1512     4.4964     79.913   -0.02316    5.62649    5.62015      8.354     0.2585   10.27696   4.242323 1.0343e+05    24.4357    24.4343 1.0000e-12     39.000          1       3433    1509.69 -1.357e-01  51328.478    142.993 1603180296       0.20      0.301   39.31705  -73.36867 0.0000e+00
     39.696    16.1724    33.3619  1024.6259     2.1296     4.4752     79.572   -0.01187    5.62408    5.61772      8.355     0.2426   10.27293   4.222026 9.9999e+04    24.4502    24.4488 1.0000e-12     40.000          1       3479    1509.10 0.0000e+00  51295.955    144.904 1603180298       0.01      0.495   39.31704  -73.36869 0.0000e+00
     40.687    16.0645    33.3312  1024.6313     2.1058     4.4414     78.736   -0.00729    5.64091    5.63470      8.355     0.2578   10.30121   4.208801 2.6961e+03    24.4511    24.4497 1.0000e-12     41.000          1       3613    1508.75 3.8430e+00  51264.096    150.496 1603180303       0.30      0.605   39.31704  -73.36872 0.0000e+00
     41.680    15.9889    33.3175  1024.6423     2.0993     4.4389     78.671   -0.00336    5.64245    5.63626      8.352     0.2436   10.30379   4.200924 2.6436e-11    24.4576    24.4562 1.0000e-12     42.000          1       3673    1508.51 3.8624e+00  51252.622    152.998 1603180306      -0.11      0.505   39.31704  -73.36874 0.0000e+00
     42.668    15.9378    33.3041  1024.6480     2.0840     4.4021     77.818   -0.00551    5.65690    5.65085      8.352     0.2227   10.32798   4.194539 2.5318e-11    24.4589    24.4574 1.0000e-12     43.000          1       3818    1508.35 3.9497e+00  51239.598    159.052 1603180312       0.37      0.538   39.31702  -73.36877 0.0000e+00
     43.669    15.8566    33.2949  1024.6637     2.0770     4.3878     77.586   -0.00368    5.65548    5.64942      8.354     0.1853   10.32564   4.186405 1.3011e+04    24.4701    24.4686 1.0000e-12     44.000          1       3995    1508.11 3.4071e+00  51235.080    166.421 1603180319       0.02      0.566   39.31701  -73.36882 0.0000e+00
     44.663    15.8367    33.2990  1024.6758     2.0729     4.3973     77.724    0.00146    5.65765    5.65160      8.354     0.1955   10.32929   4.185803 -6.711e+03    24.4778    24.4763 1.0000e-12     45.000          1       5323    1508.07 4.2293e+00  51243.194    221.733 1603180374      -0.45      0.370   39.31694  -73.36917 0.0000e+00
     43.662    15.8414    33.2899  1024.6633     2.0751     4.3985     77.768    0.00061    5.65599    5.64993      8.356     0.2205   10.32653   4.184969 8.9311e+04    24.4697    24.4682 1.0000e-12     44.000          1       4961    1508.05 3.8204e-01  51229.668    206.668 1603180359      -0.15     -0.407   39.31696  -73.36907 0.0000e+00
     42.665    15.8978    33.2957  1024.6506     2.0822     4.4196     78.266    0.00320    5.64693    5.64078      8.354     0.2194   10.31136   4.191306 4.3774e+04    24.4615    24.4600 1.0000e-12     43.000          1       5132    1508.22 2.7753e+00  51231.791    213.791 1603180366       0.14     -0.447   39.31694  -73.36911 0.0000e+00
