CalculateIndicators/WaterTemperature/Data/CTD_NYOS/20201022_C20.cnv
* Sea-Bird SBE 9 Data File:
* FileName = C:\Seabird 9 CTD\Data\2020\202010_offshore\20201022_C20.hex
* Software Version Seasave V 7.23.2
* Temperature SN = 4590
* Conductivity SN = 3228
* Number of Bytes Per Scan = 44
* Number of Voltage Words = 5
* Number of Scans Averaged by the Deck Unit = 1
* NMEA Latitude = 39 01.16 N
* NMEA Longitude = 072 33.19 W
* NMEA UTC (Time) = Oct 22 2020  06:37:04
* NMEA baud rate = 4800
** Ship: seawolf
** Station: 5.6
** Operator: EIH
# nquan = 31
# nvalues = 605                         
# units = specified
# name 0 = depSM: Depth [salt water, m]
# name 1 = t090C: Temperature [ITS-90, deg C]
# name 2 = sal00: Salinity, Practical [PSU]
# name 3 = density00: Density [density, kg/m^3]
# name 4 = sbeox0V: Oxygen raw, SBE 43 [V]
# name 5 = sbeox0ML/L: Oxygen, SBE 43 [ml/l]
# name 6 = sbeox0PS: Oxygen, SBE 43 [% saturation]
# name 7 = sbox0dV/dT: Oxygen, SBE 43 [dov/dt]
# name 8 = oxsolML/L: Oxygen Saturation, Garcia & Gordon [ml/l]
# name 9 = oxsatML/L: Oxygen Saturation, Weiss [ml/l]
# name 10 = ph: pH
# name 11 = flECO-AFL: Fluorescence, WET Labs ECO-AFL/FL [mg/m^3]
# name 12 = n2satML/L: Nitrogen Saturation [ml/l]
# name 13 = c0S/m: Conductivity [S/m]
# name 14 = cpar: CPAR/Corrected Irradiance [%]
# name 15 = sigma-é00: Density [sigma-theta, kg/m^3]
# name 16 = sigma-t00: Density [sigma-t, kg/m^3 ]
# name 17 = par: PAR/Irradiance, Biospherical/Licor
# name 18 = prDM: Pressure, Digiquartz [db]
# name 19 = pumps: Pump Status
# name 20 = scan: Scan Count
# name 21 = svCM: Sound Velocity [Chen-Millero, m/s]
# name 22 = spar: SPAR, Biospherical/Licor
# name 23 = specc: Specific Conductance [uS/cm]
# name 24 = timeS: Time, Elapsed [seconds]
# name 25 = timeY: Time, System [seconds]
# name 26 = accM: Acceleration [m/s^2]
# name 27 = dz/dtM: Descent Rate [m/s]
# name 28 = latitude: Latitude [deg]
# name 29 = longitude: Longitude [deg]
# name 30 = flag: flag
# span 0 =      0.950,    301.489       
# span 1 =     9.5968,    21.4702       
# span 2 =    34.6635,    35.9020       
# span 3 =  1024.4679,  1028.5808       
# span 4 =     1.3888,     2.4780       
# span 5 =     2.8937,     5.1381       
# span 6 =     46.076,     96.263       
# span 7 =   -0.02903,    0.04470       
# span 8 =    5.03378,    6.36010       
# span 9 =    5.02316,    6.36443       
# span 10 =      8.282,      8.723      
# span 11 =    -0.0883,     0.5421      
# span 12 =    9.27385,   11.47043      
# span 13 =   3.807793,   4.967865      
# span 14 = -1.007e+04, 1.0823e+05      
# span 15 =    24.4550,    27.2144      
# span 16 =    24.4548,    27.2086      
# span 17 = -1.127e-04, 5.2218e-01      
# span 18 =      1.000,    304.000      
# span 19 =          1,          1      
# span 20 =        181,      42960      
# span 21 =    1493.65,    1525.90      
# span 22 = -2.305e-01, 4.0559e+00      
# span 23 =  53079.339,  55028.382      
# span 24 =      7.479,   1789.967      
# span 25 = 1603348632, 1603350414      
# span 26 =      -0.50,       0.62      
# span 27 =     -1.082,      1.107      
# span 28 =   39.01940,   39.01946      
# span 29 =  -72.55330,  -72.55318      
# span 30 = 0.0000e+00, 0.0000e+00      
# interval = decibars: 1                
# start_time = Oct 22 2020 06:37:04 [System UTC, first data scan.]
# bad_flag = -9.990e-29
*END*
[from data line 562]
     42.668    20.8659    35.1352  1024.8205     2.4469     4.8495     95.283    0.00060    5.08958    5.07930      8.409     0.1978    9.36707   4.898753 9.6457e+04    24.6355    24.6332 1.0000e-12     43.000          1      34936    1524.71 9.0741e-02  53396.231   1455.608 1603350080       0.03     -0.402   39.01942  -72.55329 0.0000e+00
     41.681    20.8684    35.1359  1024.8161     2.4470     4.8440     95.211   -0.00048    5.08761    5.07732      8.394     0.2056    9.36376   4.898978 9.9999e+04    24.6353    24.6331 1.0000e-12     42.000          1      35033    1524.70 0.0000e+00  53396.643   1459.648 1603350084      -0.12     -0.252   39.01942  -72.55330 0.0000e+00
     40.681    20.8788    35.1384  1024.8108     2.4472     4.8463     95.257    0.00019    5.08758    5.07729      8.397     0.1559    9.36369   4.900437 9.9999e+04    24.6344    24.6322 1.0000e-12     41.000          1      35075    1524.72 0.0000e+00  53399.106   1461.403 1603350086      -0.15     -0.546   39.01942  -72.55328 0.0000e+00
     39.690    20.9070    35.1438  1024.8028     2.4481     4.8454     95.275   -0.00007    5.08572    5.07542      8.405     0.1617    9.36059   4.903908 1.7630e+04    24.6307    24.6287 1.0000e-12     40.000          1      35654    1524.78 2.1611e+00  53404.530   1485.545 1603350110       0.03     -0.297   39.01942  -72.55328 0.0000e+00
     38.706    20.9250    35.1463  1024.7955     2.4500     4.8466     95.366    0.00054    5.08217    5.07185      8.433     0.1514    9.35467   4.905938 -1.167e+03    24.6277    24.6257 1.0000e-12     39.000          1      36654    1524.82 2.3995e+00  53406.549   1527.229 1603350152      -0.24     -0.296   39.01942  -72.55328 0.0000e+00
     37.706    20.9340    35.1465  1024.7888     2.4509     4.8490     95.416    0.00068    5.08199    5.07166      8.431     0.1361    9.35436   4.906917 4.3503e-11    24.6253    24.6234 1.0000e-12     38.000          1      36629    1524.82 2.5313e+00  53405.937   1526.165 1603350151      -0.11     -0.633   39.01942  -72.55328 0.0000e+00
     36.717    20.9497    35.1466  1024.7803     2.4506     4.8452     95.357    0.00009    5.08111    5.07078      8.431     0.1638    9.35291   4.908513 4.4488e-11    24.6211    24.6192 1.0000e-12     37.000          1      36705    1524.85 2.6864e+00  53404.890   1529.351 1603350154       0.04     -0.274   39.01942  -72.55328 0.0000e+00
     35.724    20.9539    35.1457  1024.7741     2.4539     4.8496     95.559    0.00150    5.07495    5.06458      8.413     0.1639    9.34264   4.908712 4.5798e-11    24.6192    24.6174 1.0000e-12     36.000          1      36775    1524.84 1.9822e+00  53402.954   1532.258 1603350157      -0.02     -0.430   39.01942  -72.55328 0.0000e+00
     34.731    21.0096    35.1479  1024.7563     2.4518     4.8375     95.311   -0.00136    5.07544    5.06507      8.409     0.1748    9.34345   4.915121 3.9005e-11    24.6057    24.6039 1.0000e-12     35.000          1      36829    1524.98 2.8788e+00  53402.950   1534.481 1603350159      -0.06     -0.455   39.01942  -72.55328 0.0000e+00
     33.741    21.0278    35.1522  1024.7502     2.4519     4.8381     95.368    0.00002    5.07312    5.06273      8.415     0.1719    9.33956   4.917162 4.0016e-11    24.6040    24.6022 1.0000e-12     34.000          1      36912    1525.02 2.8033e+00  53407.415   1537.942 1603350162       0.02     -0.233   39.01942  -72.55328 0.0000e+00
     32.747    21.0418    35.1532  1024.7428     2.4511     4.8340     95.307   -0.00012    5.07205    5.06166      8.391     0.1711    9.33778   4.918642 3.8282e-11    24.6009    24.5991 1.0000e-12     33.000          1      36974    1525.04 2.9664e+00  53407.626   1540.553 1603350165      -0.01     -0.445   39.01942  -72.55328 0.0000e+00
     31.754    21.0495    35.1544  1024.7373     2.4528     4.8390     95.429    0.00087    5.07082    5.06042      8.393     0.1546    9.33571   4.919608 -9.990e-29    24.5997    24.5980 1.0000e-12     32.000          1      37033    1525.04 2.6637e+00  53408.461   1542.994 1603350167      -0.01     -0.410   39.01942  -72.55328 0.0000e+00
     30.764    21.0682    35.1573  1024.7300     2.4532     4.8361     95.402    0.00021    5.06922    5.05881      8.411     0.1332    9.33304   4.921835 9.9999e+04    24.5967    24.5951 1.0000e-12     31.000          1      37103    1525.08 1.0055e+00  53411.005   1545.908 1603350170       0.03     -0.320   39.01942  -72.55328 0.0000e+00
     29.769    21.0815    35.1587  1024.7231     2.4539     4.8329     95.402   -0.00017    5.06581    5.05538      8.416     0.1481    9.32735   4.923277 3.8043e+04    24.5941    24.5925 1.0000e-12     30.000          1      37166    1525.10 1.4657e+00  53411.825   1548.541 1603350173       0.02     -0.395   39.01942  -72.55328 0.0000e+00
     28.780    21.1248    35.1608  1024.7085     2.4542     4.8322     95.422    0.00025    5.06399    5.05355      8.410     0.1198    9.32429   4.928080 -1.554e+03    24.5838    24.5823 1.0000e-12     29.000          1      37237    1525.20 2.8449e+00  53412.353   1551.518 1603350176      -0.06     -0.323   39.01942  -72.55328 0.0000e+00
     27.785    21.1379    35.1648  1024.7036     2.4553     4.8331     95.477    0.00050    5.06205    5.05160      8.406     0.1067    9.32105   4.929894 4.3818e-11    24.5832    24.5818 1.0000e-12     28.000          1      37301    1525.23 2.5068e+00  53416.621   1554.174 1603350179       0.05     -0.359   39.01942  -72.55327 0.0000e+00
     26.797    21.1618    35.1675  1024.6948     2.4540     4.8246     95.338   -0.00055    5.06056    5.05009      8.463     0.0896    9.31856   4.932443 4.5555e-11    24.5787    24.5773 1.0000e-12     27.000          1      37379    1525.28 2.3713e+00  53418.739   1557.404 1603350182      -0.07     -0.307   39.01942  -72.55326 0.0000e+00
     25.802    21.1643    35.1671  1024.6895     2.4547     4.8249     95.386   -0.00008    5.05825    5.04777      8.470     0.0867    9.31468   4.932658 4.4794e-11    24.5777    24.5763 1.0000e-12     26.000          1      37422    1525.27 2.4307e+00  53417.626   1559.219 1603350184      -0.11     -0.545   39.01942  -72.55326 0.0000e+00
     24.808    21.2008    35.1728  1024.6794     2.4584     4.8357     95.628    0.00134    5.05680    5.04632      8.467     0.0782    9.31226   4.937312 3.6534e-11    24.5720    24.5707 1.0000e-12     25.000          1      37491    1525.36 3.0749e+00  53423.245   1562.068 1603350187      -0.02     -0.336   39.01942  -72.55327 0.0000e+00
     23.815    21.2096    35.1751  1024.6744     2.4586     4.8298     95.530   -0.00044    5.05572    5.04523      8.465     0.0734    9.31045   4.938199 3.7072e-11    24.5712    24.5700 1.0000e-12     24.000          1      37566    1525.36 3.0329e+00  53425.417   1565.193 1603350190      -0.03     -0.430   39.01942  -72.55328 0.0000e+00
     22.828    21.2218    35.1761  1024.6675     2.4607     4.8366     95.694    0.00115    5.05426    5.04376      8.466     0.0601    9.30800   4.939654 3.6978e-11    24.5687    24.5674 1.0000e-12     23.000          1      37629    1525.38 3.0403e+00  53425.821   1567.831 1603350192      -0.12     -0.357   39.01942  -72.55328 0.0000e+00
     21.830    21.2366    35.1778  1024.6603     2.4593     4.8280     95.531   -0.00063    5.05392    5.04342      8.467     0.0639    9.30744   4.941250 3.8918e-11    24.5658    24.5646 1.0000e-12     22.000          1      37678    1525.41 2.9818e+00  53426.874   1569.879 1603350194       0.08     -0.462   39.01942  -72.55328 0.0000e+00
     20.843    21.2477    35.1782  1024.6533     2.4601     4.8332     95.628    0.00079    5.05415    5.04365      8.464     0.0457    9.30783   4.942361 -9.990e-29    24.5630    24.5619 1.0000e-12     21.000          1      37754    1525.42 3.0059e+00  53426.499   1573.023 1603350197      -0.09     -0.284   39.01942  -72.55328 0.0000e+00
     19.847    21.2439    35.1784  1024.6501     2.4601     4.8298     95.566   -0.00019    5.05392    5.04341      8.480     0.0643    9.30744   4.941918 6.8333e+04    24.5642    24.5631 1.0000e-12     20.000          1      37815    1525.39 8.0167e-01  53426.537   1575.597 1603350200       0.06     -0.358   39.01942  -72.55327 0.0000e+00
     18.859    21.2472    35.1781  1024.6447     2.4608     4.8329     95.633    0.00077    5.05358    5.04307      8.504     0.0428    9.30689   4.942163 -3.452e+03    24.5630    24.5620 1.0000e-12     19.000          1      37882    1525.39 2.9501e+00  53425.512   1578.377 1603350203      -0.21     -0.378   39.01942  -72.55326 0.0000e+00
     17.859    21.2469    35.1776  1024.6400     2.4627     4.8364     95.732    0.00103    5.05205    5.04153      8.507     0.0293    9.30437   4.942013 4.0352e-11    24.5626    24.5617 1.0000e-12     18.000          1      37923    1525.37 2.7771e+00  53424.343   1580.069 1603350205       0.03     -0.570   39.01942  -72.55326 0.0000e+00
     16.873    21.2719    35.1739  1024.6259     2.4622     4.8288     95.628   -0.00019    5.04951    5.03898      8.498     0.0200    9.30013   4.944200 3.9507e-11    24.5529    24.5520 1.0000e-12     17.000          1      38005    1525.41 3.1486e+00  53417.718   1583.486 1603350208       0.02     -0.209   39.01942  -72.55326 0.0000e+00
     15.877    21.2871    35.1764  1024.6193     2.4640     4.8234     95.726    0.00061    5.03873    5.02814      8.493     0.0320    9.28215   4.945931 -9.990e-29    24.5505    24.5497 1.0000e-12     16.000          1      38064    1525.44 2.5689e+00  53419.909   1585.940 1603350210       0.00     -0.435   39.01942  -72.55326 0.0000e+00
     14.888    21.3939    35.1839  1024.5913     2.4682     4.8312     95.975    0.00186    5.03378    5.02316      8.473     0.0112    9.27385   4.958764 9.9999e+04    24.5268    24.5260 1.0000e-12     15.000          1      38126    1525.72 -1.030e-01  53425.067   1588.534 1603350213      -0.05     -0.375   39.01942  -72.55326 0.0000e+00
     13.892    21.4490    35.1940  1024.5794     2.4671     4.8266     95.804   -0.00047    5.03801    5.02740      8.454    -0.0086    9.28110   4.965123 2.4498e+04    24.5193    24.5185 1.0000e-12     14.000          1      38177    1525.86 2.5008e+00  53435.855   1590.654 1603350215       0.01     -0.472   39.01942  -72.55326 0.0000e+00
     12.903    21.4272    35.1700  1024.5628     2.4681     4.8333     95.890    0.00052    5.04052    5.02992      8.457    -0.0206    9.28539   4.959218 1.0823e+05    24.5070    24.5063 1.0000e-12     13.000          1      38255    1525.76 -2.305e-01  53403.846   1593.935 1603350218       0.04     -0.249   39.01942  -72.55326 0.0000e+00
     11.908    21.4052    35.1599  1024.5569     2.4675     4.8335     95.819   -0.00021    5.04441    5.03383      8.479    -0.0052    9.29202   4.955813 9.9999e+04    24.5054    24.5047 1.0000e-12     12.000          1      38323    1525.67 3.6366e-03  53390.743   1596.733 1603350221       0.05     -0.360   39.01942  -72.55326 0.0000e+00
     10.915    21.3622    35.1399  1024.5492     2.4682     4.8420     95.872    0.00019    5.05049    5.03995      8.454    -0.0072    9.30245   4.948383 9.9999e+04    24.5019    24.5013 1.0000e-12     11.000          1      38399    1525.52 0.0000e+00  53365.049   1599.898 1603350224      -0.09     -0.345   39.01942  -72.55326 0.0000e+00
      9.921    21.2679    35.0799  1024.5251     2.4730     4.8572     96.094    0.00007    5.05465    5.04412      8.458    -0.0160    9.30961   4.931405 -1.516e+03    24.4821    24.4816 1.0000e-12     10.000          1      39030    1525.18 3.2398e+00  53287.586   1626.210 1603350251      -0.09     -0.167   39.01942  -72.55326 0.0000e+00
      8.934    21.2475    35.0646  1024.5147     2.4733     4.8598     96.077   -0.00019    5.05823    5.04772      8.433    -0.0182    9.31578   4.927431 -4.139e+02    24.4760    24.4756 1.0000e-12      9.000          1      39731    1525.09 3.1959e+00  53267.309   1655.412 1603350280      -0.03     -0.376   39.01942  -72.55326 0.0000e+00
      7.940    21.2406    35.0602  1024.5089     2.4739     4.8618     96.116    0.00021    5.05821    5.04769      8.434    -0.0120    9.31574   4.926130 3.4206e-11    24.4745    24.4740 1.0000e-12      8.000          1      39754    1525.05 3.2595e+00  53261.140   1656.355 1603350281       0.04     -0.434   39.01942  -72.55326 0.0000e+00
      6.945    21.2385    35.0579  1024.5034     2.4750     4.8645     96.170    0.00049    5.05821    5.04770      8.434    -0.0227    9.31576   4.925616 3.6156e-11    24.4733    24.4729 1.0000e-12      7.000          1      39808    1525.03 3.1043e+00  53257.680   1658.614 1603350283      -0.01     -0.458   39.01942  -72.55326 0.0000e+00
      5.957    21.2387    35.0568  1024.4981     2.4760     4.8660     96.200    0.00037    5.05826    5.04775 -9.990e-29    -0.0146    9.31588   4.925460 3.4801e-11    24.4722    24.4719 1.0000e-12      6.000          1      39877    1525.01 3.2100e+00  53255.593   1661.493 1603350286      -0.01     -0.312   39.01942  -72.55326 0.0000e+00
      4.961    21.2389    35.0548  1024.4921     2.4764     4.8658     96.194    0.00012    5.05836    5.04784 -9.990e-29    -0.0188    9.31609   4.925176 8.5897e+04    24.4706    24.4704 1.0000e-12      5.000          1      39930    1524.99 4.3916e-01  53252.438   1663.711 1603350288       0.00     -0.457   39.01942  -72.55326 0.0000e+00
      3.969    21.2400    35.0485  1024.4827     2.4757     4.8630     96.138   -0.00020    5.05832    5.04781      8.434    -0.0202    9.31603   4.924489 5.8651e+03    24.4655    24.4653 1.0000e-12      4.000          1      39997    1524.97 2.8299e+00  53243.464   1666.489 1603350291       0.05     -0.343   39.01942  -72.55326 0.0000e+00
      2.978    21.2402    35.0483  1024.4781     2.4772     4.8685     96.246    0.00077    5.05838    5.04786      8.437    -0.0118    9.31613   4.924440 -4.455e+01    24.4653    24.4651 6.0413e-02      3.000          1      40074    1524.95 3.0824e+00  53242.687   1669.725 1603350294      -0.05     -0.322   39.01942  -72.55326 0.0000e+00
      1.980    21.2387    35.0463  1024.4727     2.4780     4.8695     96.263    0.00026    5.05852    5.04801      8.445    -0.0232    9.31639   4.923982 4.0618e+00    24.4641    24.4640 1.1088e-01      2.000          1      40427    1524.93 3.2323e+00  53239.627   1684.424 1603350309      -0.04     -0.307   39.01942  -72.55326 0.0000e+00
      0.950    21.2277    35.0439  1024.4694 -9.990e-29 -9.990e-29 -9.990e-29 -9.990e-29 -9.990e-29 -9.990e-29 -9.990e-29 -9.990e-29 -9.990e-29   4.922469 2.3319e+01    24.4653    24.4652 5.2218e-01      1.000          1      42960    1524.89 1.9545e+00  53236.282   1789.967 1603350414      -0.40     -0.404   39.01946  -72.55330 0.0000e+00
