CalculateIndicators/WaterTemperature/Data/CTD_NYOS/20201022_C20.cnv
* Sea-Bird SBE 9 Data File:
* FileName = C:\Seabird 9 CTD\Data\2020\202010_offshore\20201022_C20.hex
* Software Version Seasave V 7.23.2
* Temperature SN = 4590
* Conductivity SN = 3228
* Number of Bytes Per Scan = 44
* Number of Voltage Words = 5
* Number of Scans Averaged by the Deck Unit = 1
* NMEA Latitude = 39 01.16 N
* NMEA Longitude = 072 33.19 W
* NMEA UTC (Time) = Oct 22 2020  06:37:04
* NMEA baud rate = 4800
** Ship: seawolf
** Station: 5.6
** Operator: EIH
# nquan = 31
# nvalues = 605                         
# units = specified
# name 0 = depSM: Depth [salt water, m]
# name 1 = t090C: Temperature [ITS-90, deg C]
# name 2 = sal00: Salinity, Practical [PSU]
# name 3 = density00: Density [density, kg/m^3]
# name 4 = sbeox0V: Oxygen raw, SBE 43 [V]
# name 5 = sbeox0ML/L: Oxygen, SBE 43 [ml/l]
# name 6 = sbeox0PS: Oxygen, SBE 43 [% saturation]
# name 7 = sbox0dV/dT: Oxygen, SBE 43 [dov/dt]
# name 8 = oxsolML/L: Oxygen Saturation, Garcia & Gordon [ml/l]
# name 9 = oxsatML/L: Oxygen Saturation, Weiss [ml/l]
# name 10 = ph: pH
# name 11 = flECO-AFL: Fluorescence, WET Labs ECO-AFL/FL [mg/m^3]
# name 12 = n2satML/L: Nitrogen Saturation [ml/l]
# name 13 = c0S/m: Conductivity [S/m]
# name 14 = cpar: CPAR/Corrected Irradiance [%]
# name 15 = sigma-é00: Density [sigma-theta, kg/m^3]
# name 16 = sigma-t00: Density [sigma-t, kg/m^3 ]
# name 17 = par: PAR/Irradiance, Biospherical/Licor
# name 18 = prDM: Pressure, Digiquartz [db]
# name 19 = pumps: Pump Status
# name 20 = scan: Scan Count
# name 21 = svCM: Sound Velocity [Chen-Millero, m/s]
# name 22 = spar: SPAR, Biospherical/Licor
# name 23 = specc: Specific Conductance [uS/cm]
# name 24 = timeS: Time, Elapsed [seconds]
# name 25 = timeY: Time, System [seconds]
# name 26 = accM: Acceleration [m/s^2]
# name 27 = dz/dtM: Descent Rate [m/s]
# name 28 = latitude: Latitude [deg]
# name 29 = longitude: Longitude [deg]
# name 30 = flag: flag
# span 0 =      0.950,    301.489       
# span 1 =     9.5968,    21.4702       
# span 2 =    34.6635,    35.9020       
# span 3 =  1024.4679,  1028.5808       
# span 4 =     1.3888,     2.4780       
# span 5 =     2.8937,     5.1381       
# span 6 =     46.076,     96.263       
# span 7 =   -0.02903,    0.04470       
# span 8 =    5.03378,    6.36010       
# span 9 =    5.02316,    6.36443       
# span 10 =      8.282,      8.723      
# span 11 =    -0.0883,     0.5421      
# span 12 =    9.27385,   11.47043      
# span 13 =   3.807793,   4.967865      
# span 14 = -1.007e+04, 1.0823e+05      
# span 15 =    24.4550,    27.2144      
# span 16 =    24.4548,    27.2086      
# span 17 = -1.127e-04, 5.2218e-01      
# span 18 =      1.000,    304.000      
# span 19 =          1,          1      
# span 20 =        181,      42960      
# span 21 =    1493.65,    1525.90      
# span 22 = -2.305e-01, 4.0559e+00      
# span 23 =  53079.339,  55028.382      
# span 24 =      7.479,   1789.967      
# span 25 = 1603348632, 1603350414      
# span 26 =      -0.50,       0.62      
# span 27 =     -1.082,      1.107      
# span 28 =   39.01940,   39.01946      
# span 29 =  -72.55330,  -72.55318      
# span 30 = 0.0000e+00, 0.0000e+00      
# interval = decibars: 1                
# start_time = Oct 22 2020 06:37:04 [System UTC, first data scan.]
# bad_flag = -9.990e-29
*END*
[from data line 94]
     96.245    14.5688    35.3855  1026.7940     1.9638     4.1804     73.007    0.00108    5.72601    5.72195      8.596     0.0431   10.41978   4.295551 2.6020e-11    26.3666    26.3635 1.0000e-12     97.000          1       5690    1507.36 3.9495e+00  54275.044    237.042 1603348861      -0.07      0.621   39.01946  -72.55320 0.0000e+00
     97.235    14.5579    35.3920  1026.8058     1.9633     4.1582     72.882   -0.00025    5.70534    5.70110      8.592     0.0434   10.38443   4.295406 2.6279e-11    26.3740    26.3709 1.0000e-12     98.000          1       5741    1507.35 3.9495e+00  54285.859    239.147 1603348864      -0.04      0.468   39.01946  -72.55320 0.0000e+00
     98.227    14.6687    35.4675  1026.8442     1.9492     4.0887     71.716   -0.00709    5.70119    5.69692      8.602     0.0243   10.37730   4.315826 2.5830e-11    26.4083    26.4051 1.0000e-12     99.000          1       5791    1507.81 3.9495e+00  54376.505    241.254 1603348866       0.02      0.478   39.01946  -72.55320 0.0000e+00
     99.220    14.7524    35.5324  1026.8804     1.9340     4.0501     71.046   -0.00607    5.70066    5.69639      8.608     0.0142   10.37638   4.330389 3.5141e-11    26.4403    26.4370 1.0000e-12    100.000          1       5848    1508.17 3.1851e+00  54455.885    243.612 1603348868      -0.05      0.418   39.01946  -72.55320 0.0000e+00
    100.206    14.7596    35.5390  1026.8883     1.9281     4.0503     71.132   -0.00084    5.69398    5.68964      8.699    -0.0056   10.36499   4.331660 6.5020e+04    26.4438    26.4405 1.0000e-12    101.000          1       5918    1508.22 5.6884e-01  54464.590    246.536 1603348871       0.05      0.316   39.01946  -72.55320 0.0000e+00
    101.199    14.7725    35.5474  1026.8964     1.9259     4.0398     70.984   -0.00148    5.69117    5.68681      8.680    -0.0161   10.36016   4.334154 -1.016e+03    26.4475    26.4442 1.0000e-12    102.000          1       5954    1508.28 3.7884e+00  54475.151    248.051 1603348873       0.28      0.606   39.01946  -72.55320 0.0000e+00
    102.198    14.8028    35.5650  1026.9077     1.9208     4.0181     70.583   -0.00366    5.69268    5.68834      8.667     0.0168   10.36265   4.339304 2.5383e-11    26.4545    26.4511 1.0000e-12    103.000          1       5981    1508.42 3.9446e+00  54496.254    249.160 1603348874       0.13      0.852   39.01946  -72.55320 0.0000e+00
    103.189    14.8220    35.5829  1026.9217     1.9185     4.0229     70.627   -0.00153    5.69593    5.69163      8.659     0.0132   10.36804   4.342778 2.6582e-11    26.4641    26.4607 1.0000e-12    104.000          1       6027    1508.51 3.9495e+00  54518.963    251.102 1603348876      -0.19      0.553   39.01946  -72.55320 0.0000e+00
    104.177    14.7818    35.5870  1026.9381     1.9205     4.0461     70.906    0.00076    5.70633    5.70215      8.656     0.0043   10.38536   4.338946 2.7076e-11    26.4761    26.4727 1.0000e-12    105.000          1       6110    1508.41 3.9495e+00  54529.925    254.527 1603348879       0.06      0.261   39.01946  -72.55320 0.0000e+00
    105.169    14.7267    35.5806  1026.9498     1.9205     4.0570     70.888    0.00000    5.72307    5.71908      8.660    -0.0365   10.41314   4.332391 2.6295e-11    26.4832    26.4798 1.0000e-12    106.000          1       6167    1508.24 3.9495e+00  54528.271    256.934 1603348881       0.04      0.442   39.01946  -72.55320 0.0000e+00
    106.150    14.6307    35.5703  1026.9673     1.9180     4.0521     70.710   -0.00106    5.73050    5.72660      8.698    -0.0223   10.42547   4.321472 2.6255e-11    26.4962    26.4927 1.0000e-12    107.000          1       6210    1507.94 3.9495e+00  54526.417    258.695 1603348883       0.22      0.514   39.01946  -72.55320 0.0000e+00
    107.156    14.5698    35.5729  1026.9871     1.9172     4.0447     70.589   -0.00222    5.72991    5.72599      8.705    -0.0242   10.42448   4.315588 3.0904e-11    26.5114    26.5079 1.0000e-12    108.000          1       6231    1507.77 3.9495e+00  54537.788    259.583 1603348884       0.43      0.870   39.01946  -72.55320 0.0000e+00
    108.156    14.5181    35.5711  1027.0014     1.9191     4.0618     70.882    0.00062    5.73038    5.72648      8.723    -0.0073   10.42528   4.310402 2.9528e-11    26.5212    26.5177 1.0000e-12    109.000          1       6258    1507.62 3.9495e+00  54542.286    260.702 1603348885      -0.13      0.992   39.01946  -72.55320 0.0000e+00
    109.128    14.4772    35.5679  1027.0123     1.9197     4.0780     70.907    0.00007    5.75125    5.74759      8.692    -0.0112   10.46006   4.306436 2.7699e-11    26.5277    26.5242 1.0000e-12    110.000          1       6362    1507.50 3.9495e+00  54543.584    265.032 1603348889       0.07      0.133   39.01946  -72.55320 0.0000e+00
    110.128    14.4371    35.5636  1027.0222     1.9189     4.0837     70.824   -0.00100    5.76592    5.76242      8.639 -9.990e-29   10.48448   4.301276 3.0026e-11    26.5330    26.5295 1.0000e-12    111.000          1       6414    1507.38 3.9495e+00  54543.334    267.200 1603348892       0.62      0.748   39.01946  -72.55320 0.0000e+00
    111.129    14.2922    35.5418  1027.0411     1.9222     4.1070     71.214    0.00214    5.76716    5.76368      8.634    -0.0345   10.48657   4.283784 2.9325e-11    26.5473    26.5437 1.0000e-12    112.000          1       6436    1506.91 3.9495e+00  54531.917    268.109 1603348893       0.17      1.107   39.01946  -72.55320 0.0000e+00
    112.119    14.2054    35.5363  1027.0601     1.9261     4.1220     71.477    0.00301    5.76697    5.76348      8.618    -0.0292   10.48621   4.275523 2.6789e-11    26.5616    26.5581 1.0000e-12    113.000          1       6470    1506.64 3.9495e+00  54536.164    269.525 1603348894      -0.29      0.832   39.01946  -72.55320 0.0000e+00
    113.103    14.1803    35.5347  1027.0686     1.9271     4.1045     71.307   -0.00006    5.75614    5.75254      8.600    -0.0389   10.46790   4.273506 2.8662e-11    26.5658    26.5622 1.0000e-12    114.000          1       6534    1506.57 3.9495e+00  54537.720    272.218 1603348897      -0.02      0.308   39.01946  -72.55320 0.0000e+00
    114.098    14.2595    35.5688  1027.0823     1.9161     4.0605     70.377   -0.00568    5.76964    5.76619      8.620    -0.0427   10.49052   4.285555 2.8137e-11    26.5753    26.5716 1.0000e-12    115.000          1       6587    1506.88 3.9495e+00  54574.917    274.396 1603348899       0.09      0.487   39.01946  -72.55320 0.0000e+00
    115.089    14.1934    35.5546  1027.0901     1.9161     4.0942     70.832    0.00035    5.78010    5.77677      8.643    -0.0345   10.50795   4.276768 2.6709e-11    26.5784    26.5748 1.0000e-12    116.000          1       6645    1506.67 3.9495e+00  54564.524    276.841 1603348901      -0.08      0.393   39.01946  -72.55320 0.0000e+00
    116.075    14.0746    35.5344  1027.1044     1.9246     4.1359     71.516    0.00371    5.78320    5.77991      8.700    -0.0516   10.51306   4.262873 2.5256e-11    26.5881    26.5845 1.0000e-12    117.000          1       6706    1506.28 3.9495e+00  54552.632    279.382 1603348904       0.25      0.388   39.01946  -72.55320 0.0000e+00
    117.074    14.0509    35.5356  1027.1149     1.9271     4.1385     71.553    0.00245    5.78380    5.78052      8.715    -0.0652   10.51402   4.260865 2.7749e-11    26.5941    26.5904 1.0000e-12    118.000          1       6737    1506.22 3.9495e+00  54558.009    280.654 1603348905       0.15      0.723   39.01946  -72.55320 0.0000e+00
    118.066    14.0455    35.5376  1027.1220     1.9269     4.1295     71.398    0.00036    5.78369    5.78041      8.718    -0.0567   10.51382   4.260740 2.7397e-11    26.5967    26.5931 1.0000e-12    119.000          1       6770    1506.22 3.9495e+00  54561.936    282.029 1603348906      -0.05      0.747   39.01946  -72.55320 0.0000e+00
    119.059    14.0391    35.5417  1027.1309     1.9249     4.1183     71.219   -0.00083    5.78253    5.77924      8.696    -0.0564   10.51183   4.260683 2.7328e-11    26.6013    26.5976 1.0000e-12    120.000          1       6819    1506.22 3.9495e+00  54568.981    284.063 1603348908      -0.15      0.511   39.01946  -72.55320 0.0000e+00
    120.045    14.0451    35.5487  1027.1395     1.9185     4.0862     70.798   -0.00236    5.77161    5.76821      8.621    -0.0636   10.49332   4.262307 2.4224e+02    26.6055    26.6018 1.0000e-12    121.000          1       6894    1506.27 3.8328e+00  54578.452    287.225 1603348912       0.10      0.284   39.01946  -72.55320 0.0000e+00
    121.037    14.0790    35.5672  1027.1510     1.9067     4.0340     69.950   -0.00612    5.76700    5.76356      8.599    -0.0598   10.48555   4.268317 9.9582e+04    26.6126    26.6089 1.0000e-12    122.000          1       6938    1506.42 1.9526e-02  54599.933    289.038 1603348914       0.16      0.535   39.01946  -72.55320 0.0000e+00
    122.036    14.1392    35.5923  1027.1619     1.8928     3.9788     68.983   -0.01005    5.76785    5.76441      8.562    -0.0622   10.48695   4.276795 4.6757e+04    26.6193    26.6155 1.0000e-12    123.000          1       6971    1506.66 1.7099e+00  54627.152    290.421 1603348915       0.03      0.711   39.01946  -72.55320 0.0000e+00
    123.024    14.1601    35.6017  1027.1691     1.8806     3.9653     68.704   -0.00569    5.77152    5.76813      8.559    -0.0607   10.49309   4.279751 3.9952e+02    26.6221    26.6183 1.0000e-12    124.000          1       7023    1506.75 3.9259e+00  54637.886    292.565 1603348917      -0.12      0.465   39.01946  -72.55320 0.0000e+00
    124.014    14.1342    35.5985  1027.1766     1.8772     3.9763     68.907   -0.00065    5.77054    5.76715      8.599    -0.0588   10.49128   4.276618 2.7240e-11    26.6252    26.6213 1.0000e-12    125.000          1       7086    1506.68 3.9496e+00  54637.387    295.192 1603348920       0.03      0.376   39.01946  -72.55320 0.0000e+00
    125.007    14.0984    35.5963  1027.1871     1.8743     3.9597     68.741   -0.00100    5.76032    5.75683      8.698    -0.0630   10.47396   4.273165 2.7983e-11    26.6312    26.6273 1.0000e-12    126.000          1       7131    1506.58 3.9495e+00  54639.675    297.099 1603348922       0.13      0.527   39.01946  -72.55320 0.0000e+00
    125.997    14.1571    35.6261  1027.2019     1.8574     3.8772     67.284   -0.00980    5.76244    5.75898      8.695    -0.0666   10.47749   4.282623 2.5942e-11    26.6418    26.6378 1.0000e-12    127.000          1       7170    1506.82 3.9495e+00  54673.500    298.716 1603348923      -0.00      0.619   39.01946  -72.55320 0.0000e+00
    126.995    14.2047    35.6504  1027.2148     1.8417     3.8276     66.416   -0.01108    5.76305    5.75959      8.696    -0.0674   10.47844   4.289701 2.8081e-11    26.6504    26.6464 1.0000e-12    128.000          1       7206    1507.02 3.9495e+00  54701.276    300.217 1603348925       0.01      0.669   39.01946  -72.55320 0.0000e+00
    127.981    14.1787    35.6501  1027.2246     1.8295     3.8110     66.316   -0.00410    5.74664    5.74301      8.640    -0.0609   10.45070   4.287132 2.5621e-11    26.6558    26.6517 1.0000e-12    129.000          1       7267    1506.95 3.9495e+00  54704.687    302.763 1603348927      -0.10      0.348   39.01946  -72.55320 0.0000e+00
    128.976    14.2792    35.6955  1027.2425     1.8027     3.6912     64.323   -0.01348    5.73851    5.73481      8.621    -0.0612   10.43700   4.302544 2.6410e-11    26.6695    26.6654 1.0000e-12    130.000          1       7318    1507.34 3.9495e+00  54754.744    304.895 1603348929       0.08      0.506   39.01946  -72.55320 0.0000e+00
    129.966    14.3356    35.7166  1027.2509     1.7819     3.6379     63.562   -0.00974    5.72341    5.71955      8.601    -0.0766   10.41148   4.310432 2.6882e-11    26.6737    26.6695 1.0000e-12    131.000          1       7368    1507.57 3.9495e+00  54776.962    306.968 1603348931      -0.03      0.477   39.01946  -72.55320 0.0000e+00
    130.957    14.4163    35.7486  1027.2625     1.7551     3.5386     61.931   -0.01408    5.71380    5.70985      8.589    -0.0637   10.39526   4.322503 2.5914e-11    26.6811    26.6769 1.0000e-12    132.000          1       7413    1507.88 3.9495e+00  54811.149    308.839 1603348933       0.05      0.533   39.01946  -72.55320 0.0000e+00
    131.952    14.5138    35.7874  1027.2756     1.7291     3.4479     60.457   -0.01671    5.70305    5.69900      8.581    -0.0702   10.37698   4.336355 2.5411e-11    26.6901    26.6858 1.0000e-12    133.000          1       7451    1508.25 3.9495e+00  54852.654    310.433 1603348935       0.05      0.620   39.01946  -72.55320 0.0000e+00
    132.942    14.5905    35.8222  1027.2900     1.6968     3.3567     58.918   -0.01595    5.69719    5.69309      8.571    -0.0605   10.36697   4.348035 2.7750e-11    26.7003    26.6960 1.0000e-12    134.000          1       7501    1508.55 3.9495e+00  54891.352    312.495 1603348937      -0.11      0.483   39.01946  -72.55320 0.0000e+00
    133.935    14.6820    35.8760  1027.3158     1.6552     3.2335     56.759   -0.01744    5.69687    5.69276      8.573    -0.0552   10.36638   4.362504 2.6733e-11    26.7220    26.7176 1.0000e-12    135.000          1       7556    1508.93 3.9495e+00  54954.251    314.810 1603348939       0.01      0.449   39.01946  -72.55320 0.0000e+00
    134.920    14.6864    35.8824  1027.3242     1.6378     3.2331     56.721   -0.00591    5.69991    5.69585      8.572    -0.0682   10.37130   4.363509 2.5923e-11    26.7260    26.7216 1.0000e-12    136.000          1       7610    1508.96 3.9495e+00  54963.055    317.047 1603348942       0.10      0.419   39.01946  -72.55320 0.0000e+00
    135.919    14.6874    35.8869  1027.3319     1.6266     3.1978     56.073   -0.00734    5.70288    5.69885      8.567    -0.0585   10.37618   4.364037 2.7464e-11    26.7293    26.7248 1.0000e-12    137.000          1       7643    1508.99 3.9495e+00  54969.655    318.431 1603348943       0.12      0.681   39.01946  -72.55320 0.0000e+00
    136.912    14.6535    35.8955  1027.3504     1.6124     3.1526     55.274   -0.00875    5.70366    5.69965      8.570    -0.0662   10.37746   4.361273 2.7934e-11    26.7434    26.7389 1.0000e-12    138.000          1       7683    1508.91 3.9495e+00  54986.134    320.102 1603348945      -0.10      0.622   39.01946  -72.55320 0.0000e+00
    137.900    14.6228    35.9007  1027.3656     1.6053     3.1637     55.431   -0.00168    5.70750    5.70353      8.568    -0.0566   10.38381   4.358784 2.6666e-11    26.7541    26.7495 1.0000e-12    139.000          1       7748    1508.83 3.9495e+00  54997.493    322.812 1603348947      -0.04      0.331   39.01946  -72.55320 0.0000e+00
    138.891    14.5997    35.9020  1027.3761     1.6006     3.1520     55.172   -0.00227    5.71308    5.70917      8.568    -0.0661   10.39309   4.356405 2.6306e-11    26.7601    26.7556 1.0000e-12    140.000          1       7808    1508.78 3.9102e+00  55002.703    325.291 1603348950       0.05      0.430   39.01946  -72.55320 0.0000e+00
    139.881    14.5600    35.8987  1027.3867     1.5945     3.1334     54.807   -0.00333    5.71721    5.71335      8.568    -0.0530   10.39998   4.352050 5.8191e+04    26.7663    26.7617 1.0000e-12    141.000          1       7851    1508.66 1.4796e+00  55003.775    327.075 1603348952       0.12      0.546   39.01946  -72.55320 0.0000e+00
    140.879    14.5392    35.8964  1027.3940     1.5895     3.1190     54.529   -0.00376    5.71987    5.71604      8.567    -0.0607   10.40440   4.349772 9.8710e+04    26.7690    26.7644 1.0000e-12    142.000          1       7884    1508.61 4.5810e-02  55003.778    328.456 1603348953       0.06      0.709   39.01946  -72.55320 0.0000e+00
