CalculateIndicators/WaterTemperature/Data/CTD_NYOS/20201028_C35.cnv
* Sea-Bird SBE 9 Data File:
* FileName = C:\Seabird 9 CTD\Data\2020\202010_offshore\20201028_C35.hex
* Software Version Seasave V 7.23.2
* Temperature SN = 4590
* Conductivity SN = 3228
* Number of Bytes Per Scan = 44
* Number of Voltage Words = 5
* Number of Scans Averaged by the Deck Unit = 1
* NMEA Latitude = 39 59.09 N
* NMEA Longitude = 071 52.10 W
* NMEA UTC (Time) = Oct 28 2020  22:11:04
* NMEA baud rate = 4800
** Ship: seawolf
** Station: 2.4
** Operator: sjw
# nquan = 31
# nvalues = 176                         
# units = specified
# name 0 = depSM: Depth [salt water, m]
# name 1 = t090C: Temperature [ITS-90, deg C]
# name 2 = sal00: Salinity, Practical [PSU]
# name 3 = density00: Density [density, kg/m^3]
# name 4 = sbeox0V: Oxygen raw, SBE 43 [V]
# name 5 = sbeox0ML/L: Oxygen, SBE 43 [ml/l]
# name 6 = sbeox0PS: Oxygen, SBE 43 [% saturation]
# name 7 = sbox0dV/dT: Oxygen, SBE 43 [dov/dt]
# name 8 = oxsolML/L: Oxygen Saturation, Garcia & Gordon [ml/l]
# name 9 = oxsatML/L: Oxygen Saturation, Weiss [ml/l]
# name 10 = ph: pH
# name 11 = flECO-AFL: Fluorescence, WET Labs ECO-AFL/FL [mg/m^3]
# name 12 = n2satML/L: Nitrogen Saturation [ml/l]
# name 13 = c0S/m: Conductivity [S/m]
# name 14 = cpar: CPAR/Corrected Irradiance [%]
# name 15 = sigma-é00: Density [sigma-theta, kg/m^3]
# name 16 = sigma-t00: Density [sigma-t, kg/m^3 ]
# name 17 = par: PAR/Irradiance, Biospherical/Licor
# name 18 = prDM: Pressure, Digiquartz [db]
# name 19 = pumps: Pump Status
# name 20 = scan: Scan Count
# name 21 = svCM: Sound Velocity [Chen-Millero, m/s]
# name 22 = spar: SPAR, Biospherical/Licor
# name 23 = specc: Specific Conductance [uS/cm]
# name 24 = timeS: Time, Elapsed [seconds]
# name 25 = timeY: Time, System [seconds]
# name 26 = accM: Acceleration [m/s^2]
# name 27 = dz/dtM: Descent Rate [m/s]
# name 28 = latitude: Latitude [deg]
# name 29 = longitude: Longitude [deg]
# name 30 = flag: flag
# span 0 =      1.954,     89.306       
# span 1 =    14.2910,    19.4656       
# span 2 =    34.3004,    34.9494       
# span 3 =  1024.5705,  1026.4260       
# span 4 =     1.8943,     2.4547       
# span 5 =     3.9949,     5.0507       
# span 6 =     69.332,     95.471       
# span 7 =   -0.02624,    0.01968       
# span 8 =    5.23717,    5.77990       
# span 9 =    5.22780,    5.77609       
# span 10 =      8.304,      8.528      
# span 11 =    -0.0346,     0.4992      
# span 12 =    9.61754,   10.51579      
# span 13 =   4.201007,   4.690278      
# span 14 = -2.161e+04, 1.0960e+05      
# span 15 =    24.5553,    26.0291      
# span 16 =    24.5548,    26.0262      
# span 17 = -2.269e-04, 1.5235e-02      
# span 18 =      2.000,     90.000      
# span 19 =          1,          1      
# span 20 =        168,      17549      
# span 21 =    1505.63,    1520.54      
# span 22 = -3.652e-01, 4.6223e+00      
# span 23 =  52445.401,  53670.066      
# span 24 =      6.950,    731.157      
# span 25 = 1603923072, 1603923796      
# span 26 =      -1.43,       1.11      
# span 27 =     -1.298,      1.605      
# span 28 =   39.98473,   39.98486      
# span 29 =  -71.86828,  -71.86385      
# span 30 = 0.0000e+00, 0.0000e+00      
# interval = decibars: 1                
# start_time = Oct 28 2020 22:11:05 [System UTC, first data scan.]
# bad_flag = -9.990e-29
*END*
      2.980    18.9232    34.3699  1024.5723     2.4424     5.0233     94.800   -0.00021    5.29886    5.28990 -9.990e-29     0.4645    9.72228   4.607620 9.5555e+04    24.5592    24.5591 1.5235e-02      3.000          1        168    1517.79 1.7551e-01  52445.401      6.950 1603923072       0.40      0.056   39.98482  -71.86828 0.0000e+00
      3.966    18.9227    34.3696  1024.5765     2.4427     5.0256     94.845    0.00003    5.29877    5.28981 -9.990e-29     0.4606    9.72214   4.607537 -1.079e+04    24.5592    24.5590 1.9412e-03      4.000          1        387    1517.80 4.3758e+00  52445.457     16.095 1603923081      -0.03      0.410   39.98482  -71.86823 0.0000e+00
      4.961    18.9222    34.3697  1024.5811     2.4423     5.0257     94.845    0.00006    5.29882    5.28986 -9.990e-29     0.4597    9.72222   4.607579 -5.746e-03    24.5594    24.5592 -2.269e-04      5.000          1        438    1517.82 3.9495e+00  52446.159     18.196 1603923083       0.28      0.311   39.98482  -71.86821 0.0000e+00
      5.960    18.9220    34.3695  1024.5855     2.4441     5.0355     95.029    0.00168    5.29890    5.28995 -9.990e-29     0.4505    9.72235   4.607580 2.5320e-11    24.5594    24.5592 1.0000e-12      6.000          1        486    1517.84 3.9495e+00  52446.459     20.223 1603923085       0.62      0.603   39.98482  -71.86820 0.0000e+00
      6.947    18.9213    34.3696  1024.5901     2.4440     5.0261     94.944    0.00006    5.29373    5.28474      8.490     0.4581    9.71362   4.607571 2.5320e-11    24.5597    24.5594 1.0000e-12      7.000          1        542    1517.85 3.9495e+00  52447.101     22.551 1603923088      -0.14      0.447   39.98482  -71.86819 0.0000e+00
      7.940    18.9394    34.3762  1024.5949     2.4442     5.0238     94.976    0.00021    5.28958    5.28055      8.490     0.4306    9.70661   4.610744 2.5320e-11    24.5602    24.5599 1.0000e-12      8.000          1        603    1517.93 3.9495e+00  52455.485     25.081 1603923090       0.05      0.482   39.98482  -71.86818 0.0000e+00
      8.923    19.0294    34.4000  1024.5945     2.4419     5.0104     94.748   -0.00190    5.28813    5.27910      8.490     0.4596    9.70417   4.621959 2.5320e-11    24.5555    24.5551 1.0000e-12      9.000          1        651    1518.23 3.9495e+00  52482.581     27.075 1603923092       0.15      0.451   39.98482  -71.86816 0.0000e+00
      9.931    19.0156    34.3998  1024.6024     2.4425     5.0174     94.893    0.00007    5.28746    5.27842      8.490     0.4607    9.70302   4.621534 2.6072e+04    24.5590    24.5585 1.0000e-12     10.000          1        697    1518.20 2.9198e+00  52483.753     29.015 1603923094       0.18      0.571   39.98482  -71.86814 0.0000e+00
     10.914    19.0607    34.4100  1024.6030     2.4409     5.0166     94.794   -0.00084    5.29214    5.28313      8.490     0.4627    9.71094   4.625894 1.0039e+05    24.5553    24.5548 1.0000e-12     11.000          1        778    1518.36 -1.527e-02  52495.077     32.371 1603923097       0.37      0.485   39.98482  -71.86812 0.0000e+00
     11.911    18.9916    34.3899  1024.6097     2.4410     5.0154     94.843   -0.00002    5.28817    5.27914      8.489     0.4585    9.70422   4.617120 9.9999e+04    24.5576    24.5571 1.0000e-12     12.000          1        812    1518.16 0.0000e+00  52472.933     33.800 1603923099       0.01      0.696   39.98482  -71.86812 0.0000e+00
     12.895    19.0070    34.3950  1024.6139     2.4432     5.0148     95.001    0.00080    5.27864    5.26954      8.488     0.4483    9.68811   4.619324 4.3115e+04    24.5576    24.5570 1.0000e-12     13.000          1        881    1518.22 2.2467e+00  52479.168     36.687 1603923102      -0.05      0.284   39.98482  -71.86811 0.0000e+00
     13.898    19.0322    34.4067  1024.6209     2.4408     4.9963     94.763   -0.00140    5.27240    5.26325      8.490     0.4455    9.67755   4.624580 1.1804e+03    24.5602    24.5596 1.0000e-12     14.000          1        928    1518.33 3.9029e+00  52494.272     38.632 1603923104       0.56      0.595   39.98482  -71.86809 0.0000e+00
     14.886    19.1694    34.4487  1024.6223     2.4422     5.0075     94.893   -0.00072    5.27702    5.26790      8.489     0.4612    9.68535   4.642540 2.5376e-11    24.5573    24.5566 1.0000e-12     15.000          1       1003    1518.78 3.9451e+00  52543.119     41.743 1603923107       0.09      0.390   39.98482  -71.86807 0.0000e+00
     15.867    19.1029    34.4255  1024.6260     2.4441     5.0203     95.106    0.00119    5.27865    5.26955      8.489     0.4664    9.68812   4.632073 9.7199e+04    24.5566    24.5559 1.0000e-12     16.000          1       1063    1518.58 4.6847e-02  52516.296     44.261 1603923109       0.29      0.511   39.98482  -71.86806 0.0000e+00
     16.878    19.0922    34.4245  1024.6324     2.4434     5.0164     95.023    0.00029    5.27908    5.26998      8.489     0.4584    9.68884   4.631674 4.6468e+04    24.5586    24.5579 1.0000e-12     17.000          1       1086    1518.57 1.7361e+00  52515.963     45.194 1603923110       0.31      0.871   39.98482  -71.86806 0.0000e+00
     17.860    19.1164    34.4318  1024.6361     2.4458     5.0205     95.175    0.00062    5.27505    5.26593      8.489     0.4429    9.68203   4.635064 -3.556e+03    24.5581    24.5573 1.0000e-12     18.000          1       1185    1518.66 4.1219e+00  52525.110     49.353 1603923114       0.04      0.273   39.98480  -71.86803 0.0000e+00
     18.845    19.1065    34.4274  1024.6397     2.4431     5.0099     94.954   -0.00130    5.27619    5.26707      8.488     0.4658    9.68396   4.633447 2.5320e-11    24.5573    24.5564 1.0000e-12     19.000          1       1238    1518.64 3.9495e+00  52519.181     51.529 1603923117       0.51      0.529   39.98480  -71.86802 0.0000e+00
     19.854    19.1828    34.4562  1024.6466     2.4410     4.9944     94.725   -0.00344    5.27255    5.26341      8.488     0.4622    9.67783   4.645341 2.1103e+03    24.5598    24.5589 1.0000e-12     20.000          1       1258    1518.91 3.7411e+00  52555.517     52.389 1603923117       0.37      0.975   39.98480  -71.86802 0.0000e+00
     20.845    19.1660    34.4461  1024.6475     2.4426     5.0053     94.978   -0.00053    5.26996    5.26080      8.486     0.4433    9.67343   4.641432 5.6658e+04    24.5565    24.5555 1.0000e-12     21.000          1       1318    1518.87 1.6894e+00  52542.953     54.867 1603923120       0.09      0.650   39.98480  -71.86801 0.0000e+00
     21.833    19.1922    34.4563  1024.6530     2.4413     5.0085     94.924   -0.00093    5.27636    5.26725      8.486     0.4499    9.68425   4.645676 1.2986e+03    24.5577    24.5566 1.0000e-12     22.000          1       1384    1518.97 3.8976e+00  52555.629     57.619 1603923123       0.29      0.683   39.98480  -71.86799 0.0000e+00
     22.823    19.1725    34.4494  1024.6571     2.4398     5.0011     94.839   -0.00124    5.27328    5.26414      8.486     0.4708    9.67903   4.642697 2.5320e-11    24.5574    24.5563 1.0000e-12     23.000          1       1420    1518.92 3.9495e+00  52547.848     59.133 1603923124      -0.09      0.700   39.98480  -71.86798 0.0000e+00
     23.816    19.1311    34.4372  1024.6628     2.4427     5.0156     95.139    0.00156    5.27185    5.26270      8.485     0.4714    9.67662   4.637175 2.5320e-11    24.5587    24.5576 1.0000e-12     24.000          1       1457    1518.81 3.9495e+00  52534.403     60.662 1603923126       0.01      0.652   39.98481  -71.86798 0.0000e+00
     24.808    19.1754    34.4512  1024.6666     2.4436     5.0087     95.125    0.00046    5.26536    5.25617      8.485     0.4692    9.66564   4.643508 1.4122e+04    24.5582    24.5570 1.0000e-12     25.000          1       1513    1518.97 3.3917e+00  52551.260     62.979 1603923128      -0.12      0.437   39.98480  -71.86796 0.0000e+00
     25.774    19.2485    34.4746  1024.6699     2.4417     4.9973     94.920   -0.00214    5.26479    5.25560      8.484     0.4312    9.66469   4.653859 1.0696e+05    24.5574    24.5562 1.0000e-12     26.000          1       1594    1519.21 -2.747e-01  52579.030     66.370 1603923131       0.58      0.195   39.98480  -71.86794 0.0000e+00
     26.799    19.2456    34.4739  1024.6746     2.4415     4.9991     94.966   -0.00101    5.26413    5.25492      8.484     0.4705    9.66356   4.653456 9.9999e+04    24.5576    24.5564 1.0000e-12     27.000          1       1607    1519.22 0.0000e+00  52578.702     66.919 1603923132       0.92      0.847   39.98480  -71.86793 0.0000e+00
     27.800    19.2476    34.4740  1024.6787     2.4418     5.0033     95.029   -0.00013    5.26501    5.25581      8.484     0.4432    9.66505   4.653584 4.7526e+04    24.5572    24.5560 1.0000e-12     28.000          1       1628    1519.25 1.7486e+00  52579.311     67.779 1603923133       0.10      1.261   39.98480  -71.86792 0.0000e+00
     28.774    19.2290    34.4690  1024.6839     2.4429     5.0134     95.188    0.00135    5.26681    5.25762      8.359     0.4653    9.66808   4.651160 -5.774e+03    24.5582    24.5569 1.0000e-12     29.000          1       1719    1519.20 4.2251e+00  52574.101     71.600 1603923137       0.32      0.399   39.98480  -71.86791 0.0000e+00
     29.779    19.2236    34.4669  1024.6881     2.4423     5.0072     95.066   -0.00064    5.26708    5.25790      8.304     0.4707    9.66855   4.650326 2.5320e-11    24.5581    24.5567 1.0000e-12     30.000          1       1756    1519.20 3.9495e+00  52572.126     73.127 1603923138       0.17      0.853   39.98480  -71.86790 0.0000e+00
     30.752    19.2130    34.4634  1024.6925     2.4408     5.0029     94.985   -0.00087    5.26700    5.25782      8.313     0.4992    9.66842   4.648881 2.5320e-11    24.5581    24.5567 1.0000e-12     31.000          1       1809    1519.19 3.9495e+00  52568.442     75.321 1603923140      -0.25      0.411   39.98480  -71.86788 0.0000e+00
     31.756    19.2136    34.4638  1024.6970     2.4410     5.0075     95.060    0.00006    5.26772    5.25854      8.333     0.4451    9.66964   4.649072 2.5320e-11    24.5583    24.5569 1.0000e-12     32.000          1       1865    1519.20 3.9495e+00  52569.498     77.656 1603923143       0.31      0.469   39.98480  -71.86787 0.0000e+00
     32.741    19.2061    34.4614  1024.7015     2.4419     5.0131     95.157    0.00076    5.26824    5.25907      8.356     0.4580    9.67053   4.648117 2.5320e-11    24.5585    24.5570 1.0000e-12     33.000          1       1929    1519.20 3.9495e+00  52567.100     80.342 1603923145       0.84      0.589   39.98480  -71.86786 0.0000e+00
     33.749    19.2125    34.4634  1024.7058     2.4408     5.0081     95.081    0.00047    5.26721    5.25802      8.358     0.4584    9.66877   4.648965 2.5320e-11    24.5584    24.5568 1.0000e-12     34.000          1       1949    1519.24 3.9495e+00  52569.867     81.165 1603923146       0.36      1.111   39.98480  -71.86786 0.0000e+00
     34.740    19.2094    34.4626  1024.7103     2.4399     5.0045     95.021   -0.00014    5.26672    5.25753      8.379     0.4553    9.66794   4.648687 2.5320e-11    24.5586    24.5570 1.0000e-12     35.000          1       2055    1519.24 3.9495e+00  52569.467     85.566 1603923151      -0.04      0.731   39.98480  -71.86783 0.0000e+00
     35.717    19.2232    34.4663  1024.7140 -9.990e-29     5.0084     95.058    0.00035    5.26881    5.25964      8.399     0.4799    9.67148   4.650452 7.2492e+04    24.5579    24.5563 1.0000e-12     36.000          1       2191    1519.30 5.2967e-01  52574.155     91.243 1603923156       0.21      0.168   39.98480  -71.86780 0.0000e+00
     36.716    19.2035    34.4602  1024.7188     2.4398     5.0025     95.030   -0.00018    5.26415    5.25495      8.408     0.4631    9.66359   4.647821 9.9639e+04    24.5584    24.5567 1.0000e-12     37.000          1       2240    1519.26 9.2410e-03  52567.707     93.283 1603923158       0.21      0.404   39.98479  -71.86777 0.0000e+00
     37.703    19.2378    34.4729  1024.7240     2.4398     4.9960     95.003   -0.00101    5.25875    5.24951      8.428     0.4644    9.65446   4.653190 9.9999e+04    24.5593    24.5576 1.0000e-12     38.000          1       2303    1519.38 0.0000e+00  52583.177     95.918 1603923161       0.63      0.486   39.98480  -71.86776 0.0000e+00
     38.704    19.2712    34.4839  1024.7282     2.4370     4.9894     94.895   -0.00070    5.25782    5.24857      8.429     0.4225    9.65288   4.658004 9.9999e+04    24.5592    24.5574 1.0000e-12     39.000          1       2355    1519.51 0.0000e+00  52596.711     98.069 1603923163       0.10      0.630   39.98478  -71.86775 0.0000e+00
     39.679    19.3232    34.5012  1024.7323     2.4329     4.9732     94.637   -0.00223    5.25506    5.24580      8.431     0.3896    9.64822   4.665211 9.9999e+04    24.5591    24.5572 1.0000e-12     40.000          1       2441    1519.69 0.0000e+00  52617.431    101.650 1603923167       0.52      0.459   39.98478  -71.86772 0.0000e+00
     40.684    19.3302    34.5033  1024.7366     2.4322     4.9716     94.613   -0.00194    5.25458    5.24531      8.435     0.4171    9.64741   4.666131 9.9999e+04    24.5590    24.5571 1.0000e-12     41.000          1       2459    1519.73 0.0000e+00  52620.520    102.411 1603923167       0.43      0.931   39.98478  -71.86772 0.0000e+00
     41.686    19.3268    34.5016  1024.7406     2.4319     4.9740     94.659   -0.00079    5.25459    5.24532      8.434     0.3968    9.64742   4.665453 9.9999e+04    24.5586    24.5567 1.0000e-12     42.000          1       2489    1519.73 0.0000e+00  52618.902    103.667 1603923169      -0.08      0.995   39.98478  -71.86771 0.0000e+00
     42.662    19.3356    34.5062  1024.7462     2.4320     4.9746     94.670   -0.00121    5.25471    5.24544      8.436     0.4044    9.64761   4.667111 9.9999e+04    24.5599    24.5579 1.0000e-12     43.000          1       2590    1519.78 0.0000e+00  52625.034    107.895 1603923173       1.11      0.526   39.98478  -71.86769 0.0000e+00
     43.676    19.3311    34.5030  1024.7493     2.4317     4.9774     94.717   -0.00011    5.25499    5.24572      8.438     0.4050    9.64809   4.665932 9.9999e+04    24.5586    24.5566 1.0000e-12     44.000          1       2607    1519.78 0.0000e+00  52621.529    108.598 1603923174       0.52      1.184   39.98478  -71.86768 0.0000e+00
     44.656    19.3275    34.5022  1024.7540     2.4327     4.9807     94.789   -0.00001    5.25447    5.24520      8.429     0.4049    9.64721   4.665733 2.5918e+04    24.5591    24.5570 1.0000e-12     45.000          1       2689    1519.79 2.9259e+00  52621.171    112.010 1603923177       0.11      0.561   39.98478  -71.86767 0.0000e+00
     45.642    19.3312    34.5035  1024.7583     2.4318     4.9769     94.743   -0.00036    5.25304    5.24376      8.424     0.4231    9.64478   4.666239 -1.041e+02    24.5591    24.5570 1.0000e-12     46.000          1       2749    1519.81 3.9536e+00  52623.113    114.489 1603923179       0.05      0.550   39.98478  -71.86764 0.0000e+00
     46.636    19.3335    34.5041  1024.7626     2.4316     4.9763     94.745   -0.00015    5.25227    5.24299      8.428     0.3856    9.64349   4.666623 2.5320e-11    24.5590    24.5568 1.0000e-12     47.000          1       2793    1519.84 3.9495e+00  52624.367    116.321 1603923181      -0.07      0.551   39.98478  -71.86763 0.0000e+00
     47.624    19.3531    34.5118  1024.7678     2.4302     4.9738     94.670   -0.00072    5.25379    5.24451      8.433     0.3906    9.64606   4.669570 2.5320e-11    24.5599    24.5577 1.0000e-12     48.000          1       2871    1519.92 3.9495e+00  52634.051    119.576 1603923185       0.07      0.231   39.98478  -71.86762 0.0000e+00
