CalculateIndicators/WaterTemperature/Data/CTD_NYOS/20201029_C40.cnv
* Sea-Bird SBE 9 Data File:
* FileName = C:\Seabird 9 CTD\Data\2020\202010_offshore\20201029_C40.hex
* Software Version Seasave V 7.23.2
* Temperature SN = 4590
* Conductivity SN = 3228
* Number of Bytes Per Scan = 44
* Number of Voltage Words = 5
* Number of Scans Averaged by the Deck Unit = 1
* NMEA Latitude = 40 42.02 N
* NMEA Longitude = 071 47.54 W
* NMEA UTC (Time) = Oct 29 2020  13:31:40
* NMEA baud rate = 4800
** Ship: seawolf
** Station: 1.2
** Operator: sjw
# nquan = 31
# nvalues = 99                          
# units = specified
# name 0 = depSM: Depth [salt water, m]
# name 1 = t090C: Temperature [ITS-90, deg C]
# name 2 = sal00: Salinity, Practical [PSU]
# name 3 = density00: Density [density, kg/m^3]
# name 4 = sbeox0V: Oxygen raw, SBE 43 [V]
# name 5 = sbeox0ML/L: Oxygen, SBE 43 [ml/l]
# name 6 = sbeox0PS: Oxygen, SBE 43 [% saturation]
# name 7 = sbox0dV/dT: Oxygen, SBE 43 [dov/dt]
# name 8 = oxsolML/L: Oxygen Saturation, Garcia & Gordon [ml/l]
# name 9 = oxsatML/L: Oxygen Saturation, Weiss [ml/l]
# name 10 = ph: pH
# name 11 = flECO-AFL: Fluorescence, WET Labs ECO-AFL/FL [mg/m^3]
# name 12 = n2satML/L: Nitrogen Saturation [ml/l]
# name 13 = c0S/m: Conductivity [S/m]
# name 14 = cpar: CPAR/Corrected Irradiance [%]
# name 15 = sigma-é00: Density [sigma-theta, kg/m^3]
# name 16 = sigma-t00: Density [sigma-t, kg/m^3 ]
# name 17 = par: PAR/Irradiance, Biospherical/Licor
# name 18 = prDM: Pressure, Digiquartz [db]
# name 19 = pumps: Pump Status
# name 20 = scan: Scan Count
# name 21 = svCM: Sound Velocity [Chen-Millero, m/s]
# name 22 = spar: SPAR, Biospherical/Licor
# name 23 = specc: Specific Conductance [uS/cm]
# name 24 = timeS: Time, Elapsed [seconds]
# name 25 = timeY: Time, System [seconds]
# name 26 = accM: Acceleration [m/s^2]
# name 27 = dz/dtM: Descent Rate [m/s]
# name 28 = latitude: Latitude [deg]
# name 29 = longitude: Longitude [deg]
# name 30 = flag: flag
# span 0 =      1.980,     50.610       
# span 1 =    16.9505,    19.7769       
# span 2 =    33.0868,    34.6581       
# span 3 =  1024.0650,  1025.0371       
# span 4 =     2.1116,     2.4496       
# span 5 =     4.3146,     5.2888       
# span 6 =     79.281,     95.435       
# span 7 =   -0.03552,    0.03499       
# span 8 =    5.20709,    5.54331       
# span 9 =    5.19750,    5.53601       
# span 10 =      8.394,      8.553      
# span 11 =     0.0022,     0.4791      
# span 12 =    9.56696,   10.14156      
# span 13 =   4.265763,   4.730441      
# span 14 = 1.5404e-01, 3.2255e+01      
# span 15 =    24.0562,    24.8141      
# span 16 =    24.0560,    24.8121      
# span 17 = 2.1782e-01, 4.2107e+01      
# span 18 =      2.000,     51.000      
# span 19 =          1,          1      
# span 20 =        250,      10978      
# span 21 =    1510.55,    1521.17      
# span 22 = 1.1651e+02, 1.4131e+02      
# span 23 =  50830.456,  52805.427      
# span 24 =     10.386,    457.373      
# span 25 = 1603978311, 1603978758      
# span 26 =      -0.48,       0.57      
# span 27 =     -0.742,      0.792      
# span 28 =   40.70047,   40.70134      
# span 29 =  -71.79346,  -71.79236      
# span 30 = 0.0000e+00, 0.0000e+00      
# interval = decibars: 1                
# start_time = Oct 29 2020 13:31:40 [System UTC, first data scan.]
# bad_flag = -9.990e-29
*END*
      1.988    16.9583    33.0913  1024.0684     2.4465     5.2762     95.195   -0.00065    5.54252    5.53522 -9.990e-29     0.4429   10.14024   4.266448 3.2255e+01    24.0596    24.0596 4.2107e+01      2.000          1        250    1510.55 1.3065e+02  50836.609     10.386 1603978311       0.51     -0.013   40.70047  -71.79236 0.0000e+00
      2.980    16.9570    33.0904  1024.0724     2.4469     5.2813     95.284    0.00008    5.54274    5.53543      8.397     0.4611   10.14060   4.266246 2.6380e+01    24.0592    24.0591 3.5618e+01      3.000          1        406    1510.56 1.3498e+02  50835.924     16.894 1603978317       0.28      0.326   40.70048  -71.79237 0.0000e+00
      3.968    16.9555    33.0903  1024.0771     2.4469     5.2816     95.284   -0.00016    5.54296    5.53566      8.394     0.4566   10.14098   4.266142 1.9890e+01    24.0596    24.0594 2.6559e+01      4.000          1        470    1510.57 1.3352e+02  50836.399     19.560 1603978320       0.00      0.417   40.70048  -71.79238 0.0000e+00
      4.962    16.9550    33.0902  1024.0816     2.4461     5.2795     95.243   -0.00034    5.54315    5.53585      8.398     0.4557   10.14129   4.266122 1.6806e+01    24.0597    24.0595 2.2568e+01      5.000          1        524    1510.59 1.3429e+02  50836.894     21.790 1603978322      -0.03      0.443   40.70048  -71.79238 0.0000e+00
      5.952    16.9527    33.0902  1024.0865     2.4471     5.2861     95.360    0.00056    5.54331    5.53601      8.394     0.4614   10.14156   4.265947 1.4220e+01    24.0603    24.0600 1.9113e+01      6.000          1        585    1510.60 1.3454e+02  50837.588     24.336 1603978325      -0.02      0.385   40.70048  -71.79238 0.0000e+00
      6.947    16.9505    33.0901  1024.0914     2.4462     5.2809     95.270   -0.00041    5.54313    5.53583      8.403     0.4728   10.14125   4.265763 1.2008e+01    24.0607    24.0604 1.6087e+01      7.000          1        639    1510.61 1.3396e+02  50838.074     26.578 1603978327       0.02      0.463   40.70048  -71.79238 0.0000e+00
      7.937    16.9516    33.0900  1024.0954     2.4458     5.2812     95.278   -0.00012    5.54299    5.53569      8.413     0.4791   10.14103   4.265917 9.9266e+00    24.0604    24.0601 1.3101e+01      8.000          1        692    1510.63 1.3196e+02  50838.323     28.797 1603978329       0.06      0.439   40.70048  -71.79238 0.0000e+00
      8.931    16.9538    33.0900  1024.0993     2.4451     5.2798     95.254   -0.00017    5.54281    5.53550      8.418     0.4635   10.14072   4.266160 8.5780e+00    24.0599    24.0596 1.1356e+01      9.000          1        748    1510.65 1.3231e+02  50838.637     31.143 1603978332      -0.07      0.413   40.70050  -71.79238 0.0000e+00
      9.918    16.9551    33.0903  1024.1037     2.4443     5.2761     95.204   -0.00067    5.54193    5.53462      8.424     0.4600   10.13924   4.266385 7.8189e+00    24.0599    24.0595 1.0344e+01     10.000          1        825    1510.67 1.3231e+02  50839.446     34.318 1603978335       0.02      0.282   40.70050  -71.79238 0.0000e+00
     10.920    16.9578    33.0904  1024.1076     2.4452     5.2831     95.353    0.00100    5.54062    5.53331      8.450     0.4424   10.13703   4.266675 6.8904e+00    24.0594    24.0590 9.1166e+00     11.000          1        863    1510.70 1.3231e+02  50839.974     35.921 1603978336       0.27      0.615   40.70050  -71.79238 0.0000e+00
     11.906    16.9695    33.0946  1024.1125     2.4438     5.2753     95.188   -0.00076    5.54198    5.53467      8.460     0.4222   10.13932   4.268428 6.3782e+00    24.0599    24.0595 8.4590e+00     12.000          1        915    1510.76 1.3261e+02  50845.336     38.096 1603978338      -0.18      0.455   40.70050  -71.79238 0.0000e+00
     12.896    16.9657    33.0931  1024.1167     2.4446     5.2820     95.313    0.00034    5.54168    5.53437      8.462     0.4467   10.13882   4.267832 5.7410e+00    24.0597    24.0592 7.5694e+00     13.000          1        984    1510.76 1.3186e+02  50844.059     40.949 1603978341       0.05      0.298   40.70051  -71.79238 0.0000e+00
     13.896    16.9656    33.0932  1024.1212     2.4439     5.2786     95.245   -0.00038    5.54215    5.53484      8.464     0.4654   10.13962   4.267860 5.0879e+00    24.0598    24.0593 6.8321e+00     14.000          1       1028    1510.77 1.3434e+02  50844.739     42.782 1603978343       0.26      0.612   40.70052  -71.79239 0.0000e+00
     14.884    16.9630    33.0920  1024.1253     2.4427     5.2751     95.177   -0.00065    5.54243    5.53512      8.464     0.4399   10.14009   4.267512 4.6177e+00    24.0595    24.0590 6.3092e+00     15.000          1       1078    1510.78 1.3665e+02  50843.749     44.860 1603978345      -0.12      0.494   40.70052  -71.79240 0.0000e+00
     15.875    16.9585    33.0907  1024.1298     2.4445     5.2830     95.380    0.00108    5.53888    5.53155      8.466     0.4426   10.13406   4.267002 4.1571e+00    24.0597    24.0591 5.6877e+00     16.000          1       1145    1510.78 1.3682e+02  50842.896     47.656 1603978348      -0.01      0.345   40.70052  -71.79240 0.0000e+00
     16.864    16.9733    33.0975  1024.1359     2.4440     5.2720     95.255   -0.00077    5.53459    5.52723      8.467     0.4387   10.12678   4.269417 3.8009e+00    24.0614    24.0608 5.1780e+00     17.000          1       1201    1510.85 1.3624e+02  50851.469     50.017 1603978351       0.15      0.428   40.70052  -71.79240 0.0000e+00
     17.861    17.0128    33.1142  1024.1439     2.4438     5.2725     95.291   -0.00014    5.53307    5.52569      8.467     0.4179   10.12418   4.275234 3.4191e+00    24.0651    24.0644 4.6909e+00     18.000          1       1254    1511.01 1.3721e+02  50871.834     52.198 1603978353      -0.11      0.423   40.70052  -71.79241 0.0000e+00
     18.854    17.0341    33.1237  1024.1506     2.4436     5.2692     95.286   -0.00019    5.52985    5.52244      8.441     0.3998   10.11870   4.278278 3.0577e+00    24.0673    24.0666 4.2252e+00     19.000          1       1317    1511.10 1.3818e+02  50883.676     54.830 1603978355       0.08      0.429   40.70052  -71.79242 0.0000e+00
     19.842    17.0589    33.1360  1024.1586     2.4425     5.2636     95.233   -0.00036    5.52708    5.51965      8.410     0.4154   10.11398   4.282221 2.8158e+00    24.0710    24.0702 3.8415e+00     20.000          1       1387    1511.20 1.3644e+02  50899.070     57.737 1603978358      -0.06      0.302   40.70052  -71.79242 0.0000e+00
     20.839    17.0775    33.1451  1024.1656     2.4413     5.2573     95.175   -0.00049    5.52380    5.51635      8.421     0.4207   10.10837   4.285063 2.5904e+00    24.0736    24.0728 3.4507e+00     21.000          1       1441    1511.29 1.3321e+02  50910.666     59.989 1603978360       0.47      0.465   40.70053  -71.79242 0.0000e+00
     21.827    17.0967    33.1548  1024.1729     2.4398     5.2446     95.069   -0.00102    5.51661    5.50910      8.478     0.3689   10.09610   4.288140 2.3800e+00    24.0766    24.0757 3.1558e+00     22.000          1       1494    1511.37 1.3261e+02  50922.877     62.193 1603978363      -0.17      0.453   40.70054  -71.79242 0.0000e+00
     22.824    17.1590    33.1906  1024.1901     2.4377     5.2334     95.005   -0.00049    5.50852    5.50096      8.418     0.3489   10.08228   4.298575 2.1720e+00    24.0894    24.0885 2.8266e+00     23.000          1       1554    1511.62 1.3015e+02  50967.597     64.715 1603978365       0.25      0.384   40.70054  -71.79243 0.0000e+00
     23.820    17.2202    33.2256  1024.2068     2.4359     5.2167     94.854   -0.00158    5.49971    5.49208      8.412     0.3544   10.06722   4.308679 1.9652e+00    24.1018    24.1009 2.5400e+00     24.000          1       1611    1511.86 1.2929e+02  51011.531     67.093 1603978367       0.45      0.555   40.70054  -71.79244 0.0000e+00
     24.801    17.2868    33.2619  1024.2232     2.4332     5.1990     94.757   -0.00101    5.48665    5.47892      8.411     0.2979   10.04491   4.319189 1.7418e+00    24.1138    24.1129 2.3310e+00     25.000          1       1669    1512.12 1.3383e+02  51056.520     69.485 1603978370      -0.25      0.412   40.70054  -71.79244 0.0000e+00
     25.799    17.3733    33.3107  1024.2444     2.4287     5.1764     94.490   -0.00189    5.47830    5.47051      8.411     0.2831   10.03063   4.333438 1.5452e+00    24.1307    24.1297 2.0963e+00     26.000          1       1720    1512.45 1.3570e+02  51117.459     71.629 1603978372      -0.07      0.468   40.70055  -71.79246 0.0000e+00
     26.791    17.4707    33.3665  1024.2683     2.4265     5.1694     94.457   -0.00079    5.47274    5.46492      8.408     0.2760   10.02108   4.349290 1.3779e+00    24.1503    24.1492 1.8879e+00     27.000          1       1782    1512.82 1.3708e+02  51187.014     74.189 1603978375       0.13      0.401   40.70056  -71.79246 0.0000e+00
     27.775    17.4942    33.3800  1024.2773     2.4256     5.1454     94.432   -0.00023    5.44876    5.44077      8.464     0.2408    9.98003   4.352631 1.2414e+00    24.1550    24.1539 1.7186e+00     28.000          1       1842    1512.92 1.3840e+02  51204.165     76.698 1603978377      -0.05      0.371   40.70056  -71.79246 0.0000e+00
     28.781    17.6147    33.4617  1024.3154     2.4215     5.1250     94.124   -0.00213    5.44498    5.43696      8.472     0.2265    9.97353   4.375453 1.1200e+00    24.1887    24.1875 1.5481e+00     29.000          1       1882    1513.39 1.3823e+02  51307.654     78.355 1603978379       0.14      0.580   40.70056  -71.79246 0.0000e+00
     29.767    17.7684    33.5526  1024.3522     2.4178     5.1014     93.988   -0.00133    5.42765    5.41952      8.485     0.1915    9.94388   4.400467 1.0112e+00    24.2213    24.2201 1.3979e+00     30.000          1       1961    1513.96 1.3823e+02  51421.602     81.649 1603978382       0.52      0.341   40.70056  -71.79247 0.0000e+00
     30.759    17.8463    33.5964  1024.3712     2.4209     5.0702     94.277    0.00169    5.37797    5.36948      8.484     0.1886    9.85898   4.412785 9.3287e-01    24.2360    24.2347 1.2678e+00     31.000          1       2012    1514.26 1.3591e+02  51476.187     83.779 1603978384      -0.14      0.479   40.70056  -71.79248 0.0000e+00
     31.750    18.1858    33.7935  1024.4432     2.4254     5.0566     94.478    0.00161    5.35210    5.34343      8.461 -9.990e-29    9.81485   4.471855 8.5654e-01    24.3039    24.3025 1.1547e+00     32.000          1       2070    1515.49 1.3481e+02  51722.228     86.193 1603978387       0.04      0.434   40.70057  -71.79248 0.0000e+00
     32.742    18.4716    33.9402  1024.4890     2.4220     5.0304     94.136   -0.00164    5.34375    5.33503      8.476 -9.990e-29    9.80051   4.515608 7.7568e-01    24.3455    24.3440 1.0536e+00     33.000          1       2122    1516.51 1.3584e+02  51903.490     88.380 1603978389      -0.02      0.456   40.70058  -71.79248 0.0000e+00
     33.736    18.5639    33.9965  1024.5134 -9.990e-29     5.0281     94.243   -0.00002    5.33524    5.32648      8.512 -9.990e-29    9.78584   4.530789 7.0764e-01    24.3655    24.3641 9.5972e-01     34.000          1       2177    1516.85 1.3563e+02  51974.844     90.669 1603978391      -0.04      0.435   40.70058  -71.79250 0.0000e+00
     34.725    18.6206    34.0446  1024.5403     2.4206     5.0053     94.152   -0.00050    5.31620    5.30731      8.515     0.1536    9.75327   4.542060 6.4526e-01    24.3882    24.3867 8.7249e-01     35.000          1       2237    1517.09 1.3525e+02  52037.200     93.164 1603978394       0.12      0.398   40.70058  -71.79250 0.0000e+00
     35.717    18.7254    34.1065  1024.5657     2.4219     4.9790     94.201    0.00014    5.28552    5.27642      8.479     0.1440    9.70099   4.559807 5.8106e-01    24.4093    24.4077 7.9686e-01     36.000          1       2282    1517.48 1.3717e+02  52115.484     95.038 1603978396      -0.00      0.534   40.70058  -71.79250 0.0000e+00
     36.712    18.9023    34.1987  1024.5957     2.4223     4.9622     94.226    0.00041    5.26629    5.25707      8.475     0.1328    9.66817   4.589737 5.2635e-01    24.4351    24.4335 7.3608e-01     37.000          1       2323    1518.10 1.3985e+02  52229.924     96.745 1603978397       0.01      0.588   40.70058  -71.79252 0.0000e+00
     37.707    19.1416    34.3163  1024.6291     2.4170     4.9294     93.795   -0.00270    5.25553    5.24624      8.468     0.1308    9.64974   4.627560 4.8815e-01    24.4643    24.4626 6.7689e-01     38.000          1       2368    1518.93 1.3868e+02  52376.163     98.631 1603978399      -0.00      0.540   40.70060  -71.79252 0.0000e+00
     38.685    19.3947    34.4583  1024.6768     2.4159     4.9006     93.841   -0.00066    5.22222    5.21272      8.449     0.0852    9.59289   4.670232 4.3444e-01    24.5079    24.5061 6.0858e-01     39.000          1       2453    1519.83 1.4028e+02  52554.883    102.169 1603978403       0.57      0.185   40.70060  -71.79252 0.0000e+00
     39.694    19.5238    34.5162  1024.6920     2.4141     4.8861     93.696   -0.00175    5.21486    5.20531      8.452     0.0908    9.58028   4.689243 3.9360e-01    24.5188    24.5170 5.5095e-01     40.000          1       2478    1520.27 1.4021e+02  52626.240    103.225 1603978404       0.20      0.792   40.70060  -71.79252 0.0000e+00
     40.678    19.6332    34.5771  1024.7144     2.4129     4.8815     93.696   -0.00067    5.20996    5.20038      8.454     0.0963    9.57191   4.707515 3.7768e-01    24.5370    24.5351 5.1839e-01     41.000          1       2524    1520.66 1.3723e+02  52703.055    105.108 1603978406      -0.17      0.536   40.70060  -71.79254 0.0000e+00
     41.670    19.7449    34.6382  1024.7362     2.4114     4.8765     93.636   -0.00073    5.20793    5.19834      8.463     0.0606    9.56838   4.725421 3.4897e-01    24.5546    24.5526 4.7837e-01     42.000          1       2585    1521.06 1.3706e+02  52780.204    107.679 1603978408      -0.07      0.353   40.70060  -71.79254 0.0000e+00
     42.667    19.7678    34.6549  1024.7473     2.4094     4.8754     93.547   -0.00082    5.21166    5.20210      8.460     0.0499    9.57465   4.729292 3.2223e-01    24.5614    24.5593 4.3918e-01     43.000          1       2635    1521.16 -9.990e-29  52802.014    109.760 1603978410       0.21      0.538   40.70060  -71.79254 0.0000e+00
     43.651    19.7470    34.6530  1024.7557     2.4051     4.8714     93.297   -0.00205    5.22139    5.21191      8.553     0.0319    9.59103   4.726440 2.9981e-01    24.5655    24.5634 4.0864e-01     44.000          1       2688    1521.12 1.3626e+02  52801.186    111.978 1603978412      -0.12      0.435   40.70061  -71.79255 0.0000e+00
     44.651    19.6966    34.6418  1024.7647     2.3980     4.8584     92.873   -0.00383    5.23118    5.22176      8.546     0.0365    9.60747   4.719656 2.7150e-01    24.5701    24.5679 3.7308e-01     45.000          1       2729    1520.98 1.3744e+02  52789.217    113.655 1603978414       0.05      0.603   40.70062  -71.79256 0.0000e+00
     45.640    19.5765    34.6157  1024.7805     2.3890     4.8400     92.417   -0.00446    5.23719    5.22782      8.527     0.0275    9.61763   4.703736 2.4641e-01    24.5815    24.5793 3.4063e-01     46.000          1       2778    1520.63 1.3824e+02  52761.270    115.729 1603978416      -0.02      0.470   40.70062  -71.79256 0.0000e+00
     46.626    19.5124    34.6019  1024.7909     2.3736     4.8179     91.585   -0.00667    5.26063    5.25142      8.515     0.0044    9.65709   4.695902 2.3041e-01    24.5876    24.5853 3.1833e-01     47.000          1       2839    1520.45 1.3823e+02  52746.604    118.264 1603978419      -0.06      0.358   40.70062  -71.79257 0.0000e+00
