CalculateIndicators/WaterTemperature/Data/CTD_NYOS/20201022_C19.cnv
* Sea-Bird SBE 9 Data File:
* FileName = C:\Seabird 9 CTD\Data\2020\202010_offshore\20201022_C19.hex
* Software Version Seasave V 7.23.2
* Temperature SN = 4590
* Conductivity SN = 3228
* Number of Bytes Per Scan = 44
* Number of Voltage Words = 5
* Number of Scans Averaged by the Deck Unit = 1
* NMEA Latitude = 39 19.82 N
* NMEA Longitude = 072 40.14 W
* NMEA UTC (Time) = Oct 22 2020  03:35:49
* NMEA baud rate = 4800
** Ship: seawolf
** Station: 5.5
** Operator: EIH
# nquan = 31
# nvalues = 217                         
# units = specified
# name 0 = depSM: Depth [salt water, m]
# name 1 = t090C: Temperature [ITS-90, deg C]
# name 2 = sal00: Salinity, Practical [PSU]
# name 3 = density00: Density [density, kg/m^3]
# name 4 = sbeox0V: Oxygen raw, SBE 43 [V]
# name 5 = sbeox0ML/L: Oxygen, SBE 43 [ml/l]
# name 6 = sbeox0PS: Oxygen, SBE 43 [% saturation]
# name 7 = sbox0dV/dT: Oxygen, SBE 43 [dov/dt]
# name 8 = oxsolML/L: Oxygen Saturation, Garcia & Gordon [ml/l]
# name 9 = oxsatML/L: Oxygen Saturation, Weiss [ml/l]
# name 10 = ph: pH
# name 11 = flECO-AFL: Fluorescence, WET Labs ECO-AFL/FL [mg/m^3]
# name 12 = n2satML/L: Nitrogen Saturation [ml/l]
# name 13 = c0S/m: Conductivity [S/m]
# name 14 = cpar: CPAR/Corrected Irradiance [%]
# name 15 = sigma-é00: Density [sigma-theta, kg/m^3]
# name 16 = sigma-t00: Density [sigma-t, kg/m^3 ]
# name 17 = par: PAR/Irradiance, Biospherical/Licor
# name 18 = prDM: Pressure, Digiquartz [db]
# name 19 = pumps: Pump Status
# name 20 = scan: Scan Count
# name 21 = svCM: Sound Velocity [Chen-Millero, m/s]
# name 22 = spar: SPAR, Biospherical/Licor
# name 23 = specc: Specific Conductance [uS/cm]
# name 24 = timeS: Time, Elapsed [seconds]
# name 25 = timeY: Time, System [seconds]
# name 26 = accM: Acceleration [m/s^2]
# name 27 = dz/dtM: Descent Rate [m/s]
# name 28 = latitude: Latitude [deg]
# name 29 = longitude: Longitude [deg]
# name 30 = flag: flag
# span 0 =      1.976,    109.141       
# span 1 =    13.8144,    20.2139       
# span 2 =    33.9049,    35.3314       
# span 3 =  1024.2370,  1026.9718       
# span 4 =     1.7727,     2.5122       
# span 5 =     3.7013,     5.2308       
# span 6 =     63.625,     98.297       
# span 7 =   -0.03130,    0.01580       
# span 8 =    5.15792,    5.83448       
# span 9 =    5.14804,    5.83111       
# span 10 =      8.323,      8.684      
# span 11 =    -0.0540,     0.6683      
# span 12 =    9.48311,   10.60974      
# span 13 =   4.118915,   4.799479      
# span 14 = -8.665e+03, 1.0007e+05      
# span 15 =    24.2283,    26.4856      
# span 16 =    24.2282,    26.4823      
# span 17 = 1.0000e-12, 1.8000e-01      
# span 18 =      2.000,    110.000      
# span 19 =          1,          1      
# span 20 =         69,      21864      
# span 21 =    1503.78,    1522.36      
# span 22 = -3.960e-03, 4.3226e+00      
# span 23 =  51817.065,  54304.142      
# span 24 =      2.849,    910.938      
# span 25 = 1603337753, 1603338661      
# span 26 =      -0.50,       0.60      
# span 27 =     -0.814,      1.129      
# span 28 =   39.33005,   39.33036      
# span 29 =  -72.66934,  -72.66910      
# span 30 = 0.0000e+00, 0.0000e+00      
# interval = decibars: 1                
# start_time = Oct 22 2020 03:35:50 [System UTC, first data scan.]
# bad_flag = -9.990e-29
*END*
[from data line 47]
     48.624    14.2358    34.1166  1025.6731     2.0628     4.4933     77.269   -0.00167    5.81515    5.81134      8.366     0.2328   10.58132   4.121304 2.6480e-11    25.4564    25.4549 1.0000e-12     49.000          1       2949    1504.01 3.9495e+00  52544.243    122.846 1603337873      -0.24      0.584   39.33032  -72.66914 0.0000e+00
     49.611    14.1974    34.1386  1025.7027     2.0582     4.4802     77.089   -0.00126    5.81168    5.80785      8.384     0.1604   10.57516   4.120842 2.6200e-11    25.4815    25.4800 1.0000e-12     50.000          1       3032    1503.93 3.9495e+00  52579.736    126.303 1603337876       0.01      0.227   39.33032  -72.66914 0.0000e+00
     50.602    14.2011    34.1560  1025.7198     2.0537     4.4604     76.819   -0.00206    5.80633    5.80246      8.390     0.1210   10.56595   4.124016 2.9010e-11    25.4942    25.4927 1.0000e-12     51.000          1       3083    1503.98 3.9495e+00  52603.901    128.417 1603337878       0.39      0.517   39.33032  -72.66914 0.0000e+00
     51.604    14.2319    34.1853  1025.7403     2.0519     4.4530     76.712   -0.00240    5.80484    5.80096      8.506     0.1214   10.56338   4.130088 2.5469e-11    25.5103    25.5088 1.0000e-12     52.000          1       3111    1504.13 3.9495e+00  52641.045    129.573 1603337880       0.08      0.828   39.33032  -72.66914 0.0000e+00
     52.593    14.2554    34.2051  1025.7551     2.0541     4.4714     77.052    0.00091    5.80311    5.79922      8.567     0.1346   10.56034   4.134793 2.5320e-11    25.5207    25.5191 1.0000e-12     53.000          1       3158    1504.25 3.9495e+00  52666.086    131.541 1603337882      -0.16      0.539   39.33032  -72.66914 0.0000e+00
     53.580    14.2771    34.2312  1025.7751     2.0595     4.4916     77.385    0.00162    5.80419    5.80032      8.569     0.0948   10.56193   4.139920 2.8068e-11    25.5363    25.5347 1.0000e-12     54.000          1       3234    1504.36 3.9495e+00  52700.032    134.719 1603337885       0.03      0.273   39.33032  -72.66914 0.0000e+00
     54.571    14.2692    34.2412  1025.7889     2.0651     4.5195     77.778    0.00301    5.81073    5.80696      8.508     0.0990   10.57241   4.140259 2.6024e-11    25.5457    25.5440 1.0000e-12     55.000          1       3282    1504.36 3.9495e+00  52715.243    136.695 1603337887       0.20      0.513   39.33032  -72.66914 0.0000e+00
     55.570    14.2573    34.2509  1025.8034     2.0749     4.5550     78.435    0.00553    5.80739    5.80359      8.485     0.1186   10.56667   4.140202 2.7387e-11    25.5558    25.5541 1.0000e-12     56.000          1       3314    1504.35 3.9495e+00  52730.607    138.059 1603337888       0.04      0.719   39.33032  -72.66914 0.0000e+00
     56.560    14.2089    34.2844  1025.8440     2.0948     4.6378     79.725    0.00958    5.81726    5.81359      8.408     0.1339   10.58272   4.139311 2.6184e-11    25.5919    25.5902 1.0000e-12     57.000          1       3363    1504.25 3.9495e+00  52783.262    140.071 1603337890      -0.13      0.509   39.33032  -72.66914 0.0000e+00
     57.549    14.1705    34.3145  1025.8798     2.0915     4.5819     78.654   -0.00358    5.82535    5.82180      8.398     0.0855   10.59567   4.138301 2.5860e-11    25.6233    25.6215 1.0000e-12     58.000          1       3422    1504.18 3.9495e+00  52829.976    142.527 1603337893       0.11      0.392   39.33032  -72.66914 0.0000e+00
     58.543    14.0534    34.3541  1025.9395     2.0772     4.5233     77.688   -0.00746    5.82233    5.81876      8.406     0.0606   10.59039   4.131651 2.6905e-11    25.6785    25.6767 1.0000e-12     59.000          1       3467    1503.86 3.9495e+00  52899.509    144.401 1603337894      -0.02      0.532   39.33032  -72.66914 0.0000e+00
     59.535    14.0558    34.3784  1025.9622     2.0671     4.5014     77.350   -0.00534    5.81956    5.81598      8.567     0.0603   10.58560   4.134872 1.1364e+04    25.6968    25.6950 1.0000e-12     60.000          1       3513    1503.92 3.3211e+00  52933.300    146.313 1603337896       0.03      0.523   39.33032  -72.66914 0.0000e+00
     60.529    14.0683    34.4008  1025.9814     2.0610     4.4900     77.212   -0.00308    5.81522    5.81161      8.599     0.0681   10.57807   4.138616 9.8341e+04    25.7115    25.7097 1.0000e-12     61.000          1       3560    1504.00 6.2109e-02  52963.209    148.275 1603337898      -0.03      0.512   39.33032  -72.66914 0.0000e+00
     61.518    14.0984    34.4349  1026.0058     2.0489     4.4472     76.485   -0.00516    5.81450    5.81088      8.576     0.0430   10.57660   4.145485 9.9999e+04    25.7316    25.7297 1.0000e-12     62.000          1       3621    1504.16 2.7122e+00  53006.998    150.841 1603337901      -0.03      0.365   39.33032  -72.66914 0.0000e+00
     62.509    14.1337    34.4679  1026.0282     2.0389     4.4367     76.043   -0.00494    5.83448    5.83111      8.562     0.0314   10.60974   4.152444 -9.990e-29    25.7497    25.7478 1.0000e-12     63.000          1       3669    1504.33 3.9757e+00  53048.613    152.831 1603337903       0.14      0.516   39.33032  -72.66914 0.0000e+00
     63.504    14.0881    34.4650  1026.0402     2.0393     4.4498     76.331   -0.00120    5.82963    5.82622      8.559     0.0150   10.60139   4.146935 2.6586e-11    25.7571    25.7552 1.0000e-12     64.000          1       3702    1504.19 3.9495e+00  53050.973    154.216 1603337904       0.11      0.690   39.33032  -72.66914 0.0000e+00
     64.500    13.9565    34.4662  1026.0733     2.0440     4.4807     76.862    0.00297    5.82957    5.82617      8.558     0.0339   10.60102   4.134598 2.5939e-11    25.7856    25.7837 1.0000e-12     65.000          1       3738    1503.78 3.9495e+00  53069.604    155.712 1603337906      -0.09      0.696   39.33032  -72.66914 0.0000e+00
     65.486    13.9659    34.5125  1026.1115     2.0392     4.4440     76.242   -0.00260    5.82885    5.82548      8.557     0.0021   10.59923   4.140941 2.5657e-11    25.8194    25.8175 1.0000e-12     66.000          1       3802    1503.88 3.9495e+00  53132.711    158.387 1603337908      -0.07      0.323   39.33031  -72.66914 0.0000e+00
     66.477    13.9584    34.5619  1026.1556     2.0288     4.4063     75.583   -0.00491    5.82969    5.82634      8.556    -0.0187   10.60042   4.145646 2.5744e-11    25.8592    25.8572 1.0000e-12     67.000          1       3855    1503.93 3.9495e+00  53202.226    160.587 1603337911       0.17      0.489   39.33031  -72.66914 0.0000e+00
     67.474    13.9443    34.5776  1026.1752     2.0234     4.3934     75.395   -0.00392    5.82722    5.82385      8.559    -0.0122   10.59615   4.145852 2.6924e-11    25.8744    25.8723 1.0000e-12     68.000          1       3891    1503.92 3.9495e+00  53226.345    162.063 1603337912       0.04      0.662   39.33031  -72.66914 0.0000e+00
     68.463    13.9421    34.5931  1026.1921     2.0180     4.3810     75.210   -0.00293    5.82504    5.82166      8.556     0.0043   10.59233   4.147555 2.4877e+04    25.8868    25.8847 1.0000e-12     69.000          1       3933    1503.95 2.8776e+00  53248.461    163.822 1603337914      -0.09      0.577   39.33030  -72.66914 0.0000e+00
     69.456    13.9575    34.6122  1026.2081     2.0107     4.3535     74.741   -0.00449    5.82480    5.82142      8.553    -0.0020   10.59192   4.151217 1.0007e+05    25.8984    25.8963 1.0000e-12     70.000          1       3973    1504.04 -2.533e-03  53273.368    165.481 1603337916       0.11      0.588   39.33030  -72.66914 0.0000e+00
     70.448    13.9678    34.6222  1026.2181     2.0051     4.3458     74.630   -0.00228    5.82322    5.81982      8.555     0.0131   10.58922   4.153275 9.9999e+04    25.9040    25.9019 1.0000e-12     71.000          1       4033    1504.10 2.5670e+00  53286.381    167.999 1603337918      -0.04      0.384   39.33030  -72.66914 0.0000e+00
     71.442    13.9765    34.6368  1026.2320     1.9971     4.3142     74.124   -0.00407    5.82021    5.81679 -9.990e-29    -0.0012   10.58397   4.155894 1.7003e+03    25.9135    25.9113 1.0000e-12     72.000          1       4098    1504.16 3.9271e+00  53306.189    170.725 1603337921       0.36      0.480   39.33030  -72.66914 0.0000e+00
     72.432    13.9927    34.6528  1026.2454     1.9894     4.2893     73.701   -0.00486    5.81982    5.81640 -9.990e-29    -0.0042   10.58329   4.159189 2.6328e-11    25.9225    25.9203 1.0000e-12     73.000          1       4138    1504.25 3.9495e+00  53326.537    172.391 1603337922      -0.09      0.627   39.33030  -72.66915 0.0000e+00
     73.422    13.9989    34.6595  1026.2537     1.9852     4.2852     73.632   -0.00296    5.81976    5.81633 -9.990e-29     0.0014   10.58318   4.160501 2.6369e-11    25.9264    25.9242 1.0000e-12     74.000          1       4176    1504.29 3.9495e+00  53335.586    173.948 1603337924       0.11      0.617   39.33030  -72.66916 0.0000e+00
     74.423    14.0005    34.6612  1026.2591     1.9822     4.2799     73.527   -0.00232    5.82087    5.81745      8.557    -0.0062   10.58517   4.160844 2.7205e-11    25.9274    25.9252 1.0000e-12     75.000          1       4208    1504.32 3.9495e+00  53338.271    175.312 1603337925      -0.00      0.736   39.33030  -72.66915 0.0000e+00
     75.405    14.0053    34.6654  1026.2658     1.9751     4.2412     73.046   -0.00441    5.80617    5.80265      8.550    -0.0042   10.55965   4.162316 2.5099e-11    25.9297    25.9274 1.0000e-12     76.000          1       4318    1504.36 3.9495e+00  53343.982    179.877 1603337930       0.33      0.379   39.33030  -72.66914 0.0000e+00
     76.400    14.0493    34.7164  1026.3003     1.9586     4.1591     71.684   -0.01225    5.80208    5.79853      8.546 -9.990e-29   10.55253   4.172262 2.5320e-11    25.9599    25.9575 1.0000e-12     77.000          1       4354    1504.58 3.9495e+00  53409.125    181.374 1603337931       0.25      0.786   39.33030  -72.66914 0.0000e+00
     77.395    14.0873    34.7486  1026.3216     1.9433     4.1083     70.812   -0.01394    5.80165    5.79810      8.541 -9.990e-29   10.55180   4.179340 2.6188e-11    25.9768    25.9744 1.0000e-12     78.000          1       4381    1504.75 3.9495e+00  53449.217    182.494 1603337933      -0.00      0.908   39.33030  -72.66916 0.0000e+00
     78.390    14.1087    34.7808  1026.3463     1.9288     4.0829     70.391   -0.00990    5.80037    5.79680      8.536     0.0181   10.54954   4.184683 2.7170e-11    25.9972    25.9948 1.0000e-12     79.000          1       4421    1504.88 3.8148e+00  53491.430    184.148 1603337934      -0.20      0.672   39.33030  -72.66916 0.0000e+00
     79.373    14.1256    34.8068  1026.3673     1.9086     4.0446     69.756   -0.00504    5.79819    5.79467      8.524    -0.0075   10.54471   4.189120 9.2201e+04    26.0138    26.0113 1.0000e-12     80.000          1       4507    1504.98 2.7161e-01  53525.657    187.761 1603337938       0.04      0.186   39.33030  -72.66914 0.0000e+00
     80.365    14.1243    34.8728  1026.4230     1.8851     3.9533     68.164   -0.01137    5.79968    5.79622      8.518    -0.0241   10.54654   4.196327 7.9923e+04    26.0651    26.0626 1.0000e-12     81.000          1       4559    1505.07 5.0425e-01  53617.093    189.901 1603337940       0.21      0.476   39.33030  -72.66914 0.0000e+00
     81.364    14.0909    34.9463  1026.4913     1.8717     3.9220     67.623   -0.00980    5.79984    5.79639      8.514    -0.0087   10.54670   4.200646 3.3014e+03    26.1290    26.1265 1.0000e-12     82.000          1       4595    1505.06 3.7644e+00  53723.102    191.411 1603337941      -0.03      0.657   39.33030  -72.66914 0.0000e+00
     82.351    14.0748    34.9763  1026.5223     1.8607     3.9133     67.455   -0.00469    5.80137    5.79795      8.507    -0.0034   10.54893   4.202223 2.5776e-11    26.1556    26.1530 1.0000e-12     83.000          1       4648    1505.06 3.9511e+00  53766.859    193.616 1603337944      -0.06      0.432   39.33030  -72.66916 0.0000e+00
     83.345    14.0662    34.9902  1026.5393     1.8543     3.9022     67.248   -0.00332    5.80278    5.79940      8.501    -0.0223   10.55090   4.202909 2.5936e-11    26.1682    26.1656 1.0000e-12     84.000          1       4693    1505.07 3.9495e+00  53787.621    195.519 1603337946       0.09      0.530   39.33030  -72.66916 0.0000e+00
     84.338    14.0404    35.0240  1026.5754     1.8467     3.8796     66.838   -0.00395    5.80454    5.80120      8.497    -0.0071   10.55359   4.204028 2.5818e-11    26.1998    26.1972 1.0000e-12     85.000          1       4739    1505.04 3.9495e+00  53837.925    197.427 1603337947      -0.06      0.529   39.33030  -72.66916 0.0000e+00
     85.328    14.0101    35.0613  1026.6150     1.8325     3.8350     66.048   -0.00537    5.80633    5.80304      8.491    -0.0271   10.55596   4.205058 2.5918e-11    26.2350    26.2324 1.0000e-12     86.000          1       4805    1505.00 3.9495e+00  53893.660    200.152 1603337950      -0.07      0.343   39.33030  -72.66915 0.0000e+00
     86.316    13.9765    35.1197  1026.6717     1.8186     3.7990     65.418   -0.00481    5.80718    5.80392      8.487    -0.0357   10.55716   4.208039 2.6492e-11    26.2872    26.2846 1.0000e-12     87.000          1       4870    1504.98 3.9495e+00  53978.795    202.876 1603337953       0.30      0.387   39.33030  -72.66914 0.0000e+00
     87.315    13.9663    35.1317  1026.6876     1.8151     3.7983     65.396   -0.00281    5.80819    5.80494      8.487    -0.0241   10.55876   4.208369 2.6120e-11    26.2987    26.2960 1.0000e-12     88.000          1       4906    1504.98 3.9495e+00  53997.149    204.374 1603337954      -0.02      0.648   39.33030  -72.66916 0.0000e+00
     88.300    13.9602    35.1380  1026.6981     1.8113     3.7914     65.276   -0.00199    5.80821    5.80497      8.488    -0.0209   10.55872   4.208459 2.6759e-11    26.3048    26.3021 1.0000e-12     89.000          1       4950    1504.98 3.9495e+00  54007.169    206.192 1603337956       0.03      0.518   39.33030  -72.66916 0.0000e+00
     89.302    13.9509    35.1433  1026.7087     1.8089     3.7861     65.175   -0.00177    5.80909    5.80586 -9.990e-29    -0.0207   10.56012   4.208196 2.5930e-11    26.3109    26.3082 1.0000e-12     90.000          1       4986    1504.97 3.9495e+00  54016.237    207.692 1603337958      -0.03      0.660   39.33030  -72.66916 0.0000e+00
     90.284    13.9408    35.1557  1026.7249     1.8049     3.7782     65.024   -0.00132    5.81037    5.80717      8.489    -0.0222   10.56203   4.208583 4.6233e+04    26.3227    26.3199 1.0000e-12     91.000          1       5063    1504.97 1.4607e+00  54035.184    210.904 1603337961      -0.05      0.211   39.33030  -72.66916 0.0000e+00
     91.284    13.9273    35.1690  1026.7425     1.8023     3.7729     64.931   -0.00097    5.81061    5.80742      8.494    -0.0237   10.56236   4.208760 4.2460e+03    26.3359    26.3331 1.0000e-12     92.000          1       5113    1504.96 2.2077e+00  54055.811    213.002 1603337963       0.04      0.510   39.33030  -72.66914 0.0000e+00
     92.260    13.9242    35.1768  1026.7535     1.7997     3.7656     64.802   -0.00113    5.81100    5.80783      8.500    -0.0211   10.56284   4.209337 -9.990e-29    26.3425    26.3397 1.0000e-12     93.000          1       5172    1504.98 4.1268e+00  54067.463    215.471 1603337966       0.01      0.332   39.33030  -72.66916 0.0000e+00
     93.269    13.9165    35.1834  1026.7648     1.7992     3.7663     64.815   -0.00064    5.81088    5.80770      8.495    -0.0215   10.56268   4.209367 2.5320e-11    26.3493    26.3465 1.0000e-12     94.000          1       5198    1504.97 3.9487e+00  54078.156    216.551 1603337967       0.39      0.733   39.33030  -72.66916 0.0000e+00
