CalculateIndicators/WaterTemperature/Data/CTD_NYOS/20201029_C36.cnv
* Sea-Bird SBE 9 Data File:
* FileName = C:\Seabird 9 CTD\Data\2020\202010_offshore\20201029_C36.hex
* Software Version Seasave V 7.23.2
* Temperature SN = 4590
* Conductivity SN = 3228
* Number of Bytes Per Scan = 44
* Number of Voltage Words = 5
* Number of Scans Averaged by the Deck Unit = 1
* NMEA Latitude = 39 41.49 N
* NMEA Longitude = 071 45.81 W
* NMEA UTC (Time) = Oct 29 2020  01:11:55
* NMEA baud rate = 4800
** Ship: seawolf
** Station: 2.5
** Operator: EIH
# nquan = 31
# nvalues = 603                         
# units = specified
# name 0 = depSM: Depth [salt water, m]
# name 1 = t090C: Temperature [ITS-90, deg C]
# name 2 = sal00: Salinity, Practical [PSU]
# name 3 = density00: Density [density, kg/m^3]
# name 4 = sbeox0V: Oxygen raw, SBE 43 [V]
# name 5 = sbeox0ML/L: Oxygen, SBE 43 [ml/l]
# name 6 = sbeox0PS: Oxygen, SBE 43 [% saturation]
# name 7 = sbox0dV/dT: Oxygen, SBE 43 [dov/dt]
# name 8 = oxsolML/L: Oxygen Saturation, Garcia & Gordon [ml/l]
# name 9 = oxsatML/L: Oxygen Saturation, Weiss [ml/l]
# name 10 = ph: pH
# name 11 = flECO-AFL: Fluorescence, WET Labs ECO-AFL/FL [mg/m^3]
# name 12 = n2satML/L: Nitrogen Saturation [ml/l]
# name 13 = c0S/m: Conductivity [S/m]
# name 14 = cpar: CPAR/Corrected Irradiance [%]
# name 15 = sigma-é00: Density [sigma-theta, kg/m^3]
# name 16 = sigma-t00: Density [sigma-t, kg/m^3 ]
# name 17 = par: PAR/Irradiance, Biospherical/Licor
# name 18 = prDM: Pressure, Digiquartz [db]
# name 19 = pumps: Pump Status
# name 20 = scan: Scan Count
# name 21 = svCM: Sound Velocity [Chen-Millero, m/s]
# name 22 = spar: SPAR, Biospherical/Licor
# name 23 = specc: Specific Conductance [uS/cm]
# name 24 = timeS: Time, Elapsed [seconds]
# name 25 = timeY: Time, System [seconds]
# name 26 = accM: Acceleration [m/s^2]
# name 27 = dz/dtM: Descent Rate [m/s]
# name 28 = latitude: Latitude [deg]
# name 29 = longitude: Longitude [deg]
# name 30 = flag: flag
# span 0 =      0.989,    300.470       
# span 1 =     9.9741,    19.7604       
# span 2 =    34.4898,    35.7826       
# span 3 =  1024.5950,  1028.5530       
# span 4 =     1.4060,     2.4428       
# span 5 =     2.9188,     4.9592       
# span 6 =     46.763,     94.869       
# span 7 =   -0.02532,    0.02740       
# span 8 =    5.20719,    6.30599       
# span 9 =    5.19761,    6.30956       
# span 10 =      8.301,      8.542      
# span 11 =    -0.0786,     0.3870      
# span 12 =    9.56680,   11.38041      
# span 13 =   3.848973,   4.732326      
# span 14 = -1.143e+04, 1.1147e+05      
# span 15 =    24.5861,    27.1928      
# span 16 =    24.5835,    27.1867      
# span 17 = 1.0000e-12, 3.7686e-01      
# span 18 =      1.000,    303.000      
# span 19 =          1,          1      
# span 20 =        240,      43483      
# span 21 =    1495.09,    1521.38      
# span 22 = -1.128e-01, 4.3947e+00      
# span 23 =  52652.013,  55022.340      
# span 24 =      9.950,   1811.731      
# span 25 = 1603933926, 1603935727      
# span 26 =      -0.82,       1.12      
# span 27 =     -1.082,      1.352      
# span 28 =   39.68860,   39.69159      
# span 29 =  -71.76360,  -71.76046      
# span 30 = 0.0000e+00, 0.0000e+00      
# interval = decibars: 1                
# start_time = Oct 29 2020 01:11:56 [System UTC, first data scan.]
# bad_flag = -9.990e-29
*END*
      2.974    19.7432    34.6892  1024.6051     2.4371     4.9167     94.387   -0.00149    5.20904    5.19948 -9.990e-29     0.3579    9.56991   4.728113 1.1104e+05    24.5921    24.5919 1.0000e-12      3.000          1        240    1520.46 0.0000e+00  52830.545      9.950 1603933926       0.42     -0.026   39.69159  -71.76360 0.0000e+00
      3.968    19.7418    34.6878  1024.6088     2.4382     4.9268     94.579    0.00073    5.20919    5.19963 -9.990e-29     0.3460    9.57017   4.727818 6.1622e+03    24.5914    24.5913 1.0000e-12      4.000          1        315    1520.47 0.0000e+00  52829.261     13.080 1603933929       0.45      0.305   39.69158  -71.76359 0.0000e+00
      4.966    19.7406    34.6862  1024.6123     2.4391     4.9289     94.623    0.00069    5.20897    5.19940 -9.990e-29     0.3712    9.56980   4.727580 4.6879e+02    24.5906    24.5904 1.0000e-12      5.000          1        353    1520.49 -9.990e-29  52827.721     14.660 1603933930      -0.02      0.625   39.69158  -71.76358 0.0000e+00
      5.953    19.7424    34.6865  1024.6164     2.4364     4.9179     94.408   -0.00121    5.20917    5.19961 -9.990e-29     0.3209    9.57015   4.727849 2.8789e-11    24.5904    24.5901 1.0000e-12      6.000          1        412    1520.51 3.9495e+00  52828.398     17.136 1603933933      -0.01      0.375   39.69158  -71.76358 0.0000e+00
      6.943    19.7419    34.6862  1024.6206     2.4375     4.9264     94.568    0.00062    5.20936    5.19980 -9.990e-29     0.3490    9.57046   4.727778 2.5419e-11    24.5904    24.5900 1.0000e-12      7.000          1        475    1520.52 3.9495e+00  52828.535     19.740 1603933935      -0.01      0.359   39.69157  -71.76358 0.0000e+00
      7.941    19.7401    34.6857  1024.6251     2.4398     4.9335     94.708    0.00097    5.20922    5.19966      8.485     0.3589    9.57023   4.727591 2.5738e-11    24.5905    24.5901 1.0000e-12      8.000          1        521    1520.53 3.9495e+00  52828.402     21.685 1603933937      -0.05      0.500   39.69156  -71.76358 0.0000e+00
      8.928    19.7398    34.6859  1024.6297     2.4399     4.9314     94.669   -0.00009    5.20912    5.19955      8.484     0.3613    9.57006   4.727643 2.7688e-11    24.5908    24.5904 1.0000e-12      9.000          1        579    1520.55 3.9495e+00  52829.230     24.098 1603933940       0.12      0.395   39.69156  -71.76358 0.0000e+00
      9.926    19.7417    34.6858  1024.6336     2.4389     4.9281     94.607   -0.00049    5.20904    5.19947      8.482     0.3685    9.56992   4.727861 2.7181e-11    24.5903    24.5898 1.0000e-12     10.000          1        625    1520.57 3.9495e+00  52829.528     25.995 1603933942      -0.05      0.520   39.69156  -71.76358 0.0000e+00
     10.909    19.7426    34.6861  1024.6378     2.4382     4.9291     94.631    0.00016    5.20880    5.19924      8.481     0.3494    9.56952   4.728039 1.7964e+04    24.5903    24.5898 1.0000e-12     11.000          1        700    1520.59 3.2045e+00  52830.332     29.142 1603933945      -0.00      0.227   39.69156  -71.76356 0.0000e+00
     11.913    19.7441    34.6868  1024.6424     2.4382     4.9262     94.580   -0.00071    5.20849    5.19892      8.481     0.3375    9.56900   4.728339 9.3851e+04    24.5905    24.5899 1.0000e-12     12.000          1        734    1520.61 1.6117e-01  52831.635     30.536 1603933946       0.44      0.645   39.69154  -71.76355 0.0000e+00
     12.900    19.7468    34.6875  1024.6466     2.4373     4.9246     94.550   -0.00071    5.20849    5.19893      8.481     0.3439    9.56900   4.728712 -8.941e+03    24.5904    24.5897 1.0000e-12     13.000          1        806    1520.64 3.7551e+00  52832.940     33.527 1603933949       0.15      0.550   39.69153  -71.76354 0.0000e+00
     13.901    19.7475    34.6876  1024.6509     2.4370     4.9269     94.590   -0.00000    5.20873    5.19917      8.481     0.3436    9.56941   4.728859 3.9808e+01    24.5903    24.5897 1.0000e-12     14.000          1        870    1520.66 3.8892e+00  52833.606     36.199 1603933952       0.05      0.697   39.69152  -71.76354 0.0000e+00
     14.885    19.7462    34.6869  1024.6550     2.4365     4.9258     94.570   -0.00021    5.20867    5.19911      8.481     0.3631    9.56931   4.728658 2.7267e-11    24.5902    24.5894 1.0000e-12     15.000          1        933    1520.67 3.9495e+00  52833.156     38.851 1603933955      -0.04      0.376   39.69152  -71.76353 0.0000e+00
     15.871    19.7445    34.6865  1024.6595     2.4349     4.9206     94.471   -0.00075    5.20856    5.19899 -9.990e-29     0.3553    9.56912   4.728518 2.6624e-11    24.5904    24.5896 1.0000e-12     16.000          1        989    1520.68 3.9495e+00  52833.255     41.187 1603933957       0.11      0.407   39.69152  -71.76352 0.0000e+00
     16.873    19.7473    34.6874  1024.6639     2.4361     4.9259     94.576   -0.00006    5.20845    5.19888 -9.990e-29     0.3566    9.56892   4.728941 2.7528e-11    24.5904    24.5895 1.0000e-12     17.000          1       1042    1520.71 3.9495e+00  52834.752     43.386 1603933959       0.20      0.440   39.69151  -71.76352 0.0000e+00
     17.870    19.7485    34.6877  1024.6682     2.4375     4.9314     94.682    0.00038    5.20844    5.19887 -9.990e-29     0.3767    9.56891   4.729144 2.8710e-11    24.5903    24.5895 1.0000e-12     18.000          1       1101    1520.73 3.9495e+00  52835.591     45.844 1603933962       0.48      0.598   39.69150  -71.76352 0.0000e+00
     18.853    19.7486    34.6875  1024.6723     2.4375     4.9319     94.690    0.00027    5.20844    5.19887      8.484     0.3631    9.56892   4.729151 2.9111e-11    24.5902    24.5893 1.0000e-12     19.000          1       1162    1520.74 3.9495e+00  52835.757     48.384 1603933964      -0.20      0.401   39.69150  -71.76350 0.0000e+00
     19.844    19.7486    34.6876  1024.6768     2.4352     4.9199     94.461   -0.00196    5.20846    5.19890      8.486     0.3541    9.56896   4.729218 2.6602e-11    24.5903    24.5894 1.0000e-12     20.000          1       1215    1520.76 3.9495e+00  52836.466     50.584 1603933966       0.16      0.483   39.69149  -71.76350 0.0000e+00
     20.846    19.7480    34.6871  1024.6810     2.4357     4.9275     94.606   -0.00008    5.20840    5.19883      8.486     0.3389    9.56885   4.729131 2.6613e-11    24.5901    24.5891 1.0000e-12     21.000          1       1286    1520.77 3.9495e+00  52836.219     53.546 1603933969       0.41      0.476   39.69148  -71.76349 0.0000e+00
     21.833    19.7481    34.6872  1024.6853     2.4356     4.9294     94.646    0.00048    5.20828    5.19871 -9.990e-29     0.3694    9.56864   4.729195 2.6895e-11    24.5902    24.5891 1.0000e-12     22.000          1       1346    1520.79 3.9495e+00  52836.771     56.027 1603933972       0.18      0.781   39.69148  -71.76348 0.0000e+00
     22.825    19.7485    34.6875  1024.6899     2.4356     4.9284     94.625    0.00012    5.20838    5.19881 -9.990e-29     0.3636    9.56881   4.729332 2.7949e-11    24.5904    24.5893 1.0000e-12     23.000          1       1378    1520.81 3.9495e+00  52837.696     57.377 1603933973      -0.02      0.760   39.69148  -71.76348 0.0000e+00
     23.819    19.7493    34.6879  1024.6943     2.4322     4.9153     94.371   -0.00179    5.20847    5.19890 -9.990e-29     0.3459    9.56896   4.729495 2.6764e-11    24.5905    24.5894 1.0000e-12     24.000          1       1450    1520.83 3.9495e+00  52838.699     60.362 1603933976       0.39      0.601   39.69147  -71.76348 0.0000e+00
     24.822    19.7478    34.6871  1024.6986     2.4327     4.9198     94.458   -0.00090    5.20841    5.19885 -9.990e-29     0.3495    9.56888   4.729293 2.5340e-11    24.5904    24.5892 1.0000e-12     25.000          1       1511    1520.84 3.9495e+00  52838.245     62.899 1603933979       0.98      0.995   39.69146  -71.76347 0.0000e+00
     25.815    19.7486    34.6873  1024.7029     2.4329     4.9240     94.539    0.00030    5.20841    5.19884      8.463     0.3437    9.56886   4.729438 2.5415e-11    24.5903    24.5891 1.0000e-12     26.000          1       1549    1520.86 3.9495e+00  52838.920     64.492 1603933980       0.10      1.054   39.69146  -71.76346 0.0000e+00
     26.794    19.7492    34.6874  1024.7071     2.4316     4.9157     94.379   -0.00197    5.20845    5.19888      8.397     0.3495    9.56893   4.729542 2.7045e-11    24.5903    24.5890 1.0000e-12     27.000          1       1627    1520.88 3.9495e+00  52839.472     67.750 1603933984       0.50      0.594   39.69146  -71.76346 0.0000e+00
     27.789    19.7484    34.6870  1024.7113     2.4330     4.9266     94.588    0.00059    5.20843    5.19886      8.396     0.3378    9.56891   4.729456 2.7085e-11    24.5903    24.5889 1.0000e-12     28.000          1       1662    1520.89 3.9495e+00  52839.419     69.204 1603933985      -0.10      0.736   39.69146  -71.76346 0.0000e+00
     28.775    19.7487    34.6870  1024.7157     2.4355     4.9338     94.730    0.00066    5.20827    5.19871      8.401     0.3685    9.56864   4.729543 2.6545e-11    24.5903    24.5889 1.0000e-12     29.000          1       1731    1520.91 3.9495e+00  52839.965     72.064 1603933988      -0.07      0.284   39.69144  -71.76346 0.0000e+00
     29.766    19.7496    34.6873  1024.7200     2.4333     4.9250     94.563   -0.00083    5.20823    5.19866      8.407     0.3500    9.56857   4.729726 3.0774e-11    24.5903    24.5889 1.0000e-12     30.000          1       1786    1520.93 3.8948e+00  52840.820     74.387 1603933990       0.18      0.484   39.69144  -71.76344 0.0000e+00
     30.763    19.7504    34.6876  1024.7244     2.4335     4.9267     94.595   -0.00050    5.20820    5.19863      8.412     0.3553    9.56851   4.729876 7.1905e+04    24.5903    24.5888 1.0000e-12     31.000          1       1820    1520.95 1.0533e+00  52841.579     75.785 1603933992       0.08      0.687   39.69144  -71.76344 0.0000e+00
     31.758    19.7506    34.6875  1024.7286     2.4342     4.9311     94.679    0.00053    5.20823    5.19866      8.416     0.3629    9.56856   4.729919 4.5807e+04    24.5903    24.5887 1.0000e-12     32.000          1       1858    1520.97 1.7738e+00  52841.925     77.371 1603933993      -0.06      0.649   39.69144  -71.76344 0.0000e+00
     32.734    19.7517    34.6880  1024.7330     2.4349     4.9334     94.728    0.00023    5.20793    5.19836      8.432     0.3286    9.56806   4.730136 -8.717e+03    24.5904    24.5888 1.0000e-12     33.000          1       1955    1520.98 4.1554e+00  52843.013     81.426 1603933997       0.73      0.335   39.69142  -71.76343 0.0000e+00
     33.748    19.7524    34.6884  1024.7377     2.4331     4.9263     94.592   -0.00066    5.20793    5.19836      8.435     0.3434    9.56806   4.730330 2.6491e-11    24.5906    24.5890 1.0000e-12     34.000          1       1979    1521.00 -9.990e-29  52844.068     82.411 1603933998       0.88      0.993   39.69142  -71.76342 0.0000e+00
     34.742    19.7541    34.6888  1024.7419     2.4329     4.9264     94.596   -0.00061    5.20784    5.19827      8.438     0.3548    9.56791   4.730590 2.3708e+04    24.5905    24.5889 1.0000e-12     35.000          1       2038    1521.03 2.5137e+00  52845.066     84.890 1603934001       0.08      0.872   39.69142  -71.76342 0.0000e+00
     35.715    19.7554    34.6892  1024.7461     2.4332     4.9298     94.662   -0.00003    5.20779    5.19821      8.446     0.3675    9.56781   4.730788 -2.724e+03    24.5905    24.5887 1.0000e-12     36.000          1       2146    1521.05 3.3852e+00  52845.893     89.369 1603934005       0.13      0.306   39.69142  -71.76342 0.0000e+00
     36.719    19.7549    34.6889  1024.7505     2.4315     4.9233     94.537   -0.00078    5.20782    5.19825      8.445     0.3432    9.56787   4.730745 7.5085e+04    24.5905    24.5887 1.0000e-12     37.000          1       2184    1521.06 8.8065e-01  52846.079     90.968 1603934007      -0.01      0.566   39.69142  -71.76342 0.0000e+00
     37.709    19.7540    34.6888  1024.7550     2.4312     4.9220     94.517   -0.00127    5.20753    5.19796      8.450     0.3526    9.56739   4.730703 1.0969e+03    24.5906    24.5889 1.0000e-12     38.000          1       2300    1521.08 3.7106e+00  52846.442     95.791 1603934012       0.98      0.575   39.69142  -71.76341 0.0000e+00
     38.709    19.7566    34.6896  1024.7593     2.4317     4.9248     94.571   -0.00090    5.20752    5.19794      8.439     0.3494    9.56736   4.731104 2.7306e-11    24.5907    24.5888 1.0000e-12     39.000          1       2356    1521.10 -9.990e-29  52847.937     98.115 1603934014       0.26      0.657   39.69141  -71.76340 0.0000e+00
     39.682    19.7573    34.6897  1024.7635     2.4322     4.9295     94.662   -0.00010    5.20748    5.19791      8.430     0.3558    9.56730   4.731215 2.6499e-11    24.5906    24.5887 1.0000e-12     40.000          1       2444    1521.12 -9.990e-29  52848.502    101.779 1603934018       0.15      0.382   39.69140  -71.76339 0.0000e+00
     40.687    19.7576    34.6899  1024.7680     2.4311     4.9245     94.565   -0.00085    5.20754    5.19797      8.436     0.3461    9.56740   4.731315 3.4525e-11    24.5907    24.5888 1.0000e-12     41.000          1       2470    1521.14 -9.990e-29  52849.232    102.882 1603934019       0.25      0.719   39.69140  -71.76338 0.0000e+00
     41.678    19.7574    34.6899  1024.7724     2.4314     4.9299     94.667    0.00049    5.20764    5.19806      8.444     0.3610    9.56755   4.731330 2.8222e-11    24.5908    24.5888 1.0000e-12     42.000          1       2537    1521.15 3.9495e+00  52849.688    105.684 1603934021       0.08      0.494   39.69140  -71.76338 0.0000e+00
     42.674    19.7567    34.6901  1024.7771     2.4317     4.9314     94.695    0.00045    5.20769    5.19811      8.472     0.3765    9.56764   4.731329 2.5770e-11    24.5912    24.5891 1.0000e-12     43.000          1       2603    1521.17 3.9495e+00  52850.466    108.415 1603934024       0.29      0.709   39.69140  -71.76338 0.0000e+00
     43.661    19.7556    34.6897  1024.7814     2.4299     4.9234     94.544   -0.00082    5.20759    5.19802      8.460     0.3604    9.56748   4.731211 3.0223e-11    24.5912    24.5891 1.0000e-12     44.000          1       2658    1521.18 -9.990e-29  52850.444    110.712 1603934026      -0.15      0.465   39.69140  -71.76337 0.0000e+00
     44.648    19.7566    34.6898  1024.7856     2.4305     4.9300     94.668    0.00054    5.20763    5.19806      8.427     0.3524    9.56754   4.731373 2.7133e-11    24.5911    24.5890 1.0000e-12     45.000          1       2744    1521.20 3.9495e+00  52851.103    114.272 1603934030       0.03      0.234   39.69140  -71.76336 0.0000e+00
     45.646    19.7560    34.6899  1024.7902     2.4301     4.9270     94.612   -0.00028    5.20761    5.19803      8.439     0.3639    9.56750   4.731365 3.0433e-11    24.5914    24.5892 1.0000e-12     46.000          1       2788    1521.22 3.9495e+00  52851.724    116.123 1603934032       0.31      0.551   39.69140  -71.76336 0.0000e+00
     46.635    19.7562    34.6904  1024.7949     2.4296     4.9261     94.595   -0.00031    5.20750    5.19792      8.459     0.3618    9.56732   4.731496 2.9281e-11    24.5917    24.5895 1.0000e-12     47.000          1       2848    1521.23 -9.990e-29  52852.886    118.642 1603934034      -0.09      0.398   39.69140  -71.76336 0.0000e+00
     47.630    19.7572    34.6909  1024.7994     2.4286     4.9240     94.557   -0.00029    5.20746    5.19788      8.481     0.3554    9.56725   4.731704 2.7800e-11    24.5919    24.5896 1.0000e-12     48.000          1       2910    1521.26 -9.990e-29  52854.010    121.199 1603934037       0.41      0.500   39.69138  -71.76334 0.0000e+00
