CalculateIndicators/WaterTemperature/Data/CTD_NYOS/20201028_C35.cnv
* Sea-Bird SBE 9 Data File:
* FileName = C:\Seabird 9 CTD\Data\2020\202010_offshore\20201028_C35.hex
* Software Version Seasave V 7.23.2
* Temperature SN = 4590
* Conductivity SN = 3228
* Number of Bytes Per Scan = 44
* Number of Voltage Words = 5
* Number of Scans Averaged by the Deck Unit = 1
* NMEA Latitude = 39 59.09 N
* NMEA Longitude = 071 52.10 W
* NMEA UTC (Time) = Oct 28 2020  22:11:04
* NMEA baud rate = 4800
** Ship: seawolf
** Station: 2.4
** Operator: sjw
# nquan = 31
# nvalues = 176                         
# units = specified
# name 0 = depSM: Depth [salt water, m]
# name 1 = t090C: Temperature [ITS-90, deg C]
# name 2 = sal00: Salinity, Practical [PSU]
# name 3 = density00: Density [density, kg/m^3]
# name 4 = sbeox0V: Oxygen raw, SBE 43 [V]
# name 5 = sbeox0ML/L: Oxygen, SBE 43 [ml/l]
# name 6 = sbeox0PS: Oxygen, SBE 43 [% saturation]
# name 7 = sbox0dV/dT: Oxygen, SBE 43 [dov/dt]
# name 8 = oxsolML/L: Oxygen Saturation, Garcia & Gordon [ml/l]
# name 9 = oxsatML/L: Oxygen Saturation, Weiss [ml/l]
# name 10 = ph: pH
# name 11 = flECO-AFL: Fluorescence, WET Labs ECO-AFL/FL [mg/m^3]
# name 12 = n2satML/L: Nitrogen Saturation [ml/l]
# name 13 = c0S/m: Conductivity [S/m]
# name 14 = cpar: CPAR/Corrected Irradiance [%]
# name 15 = sigma-é00: Density [sigma-theta, kg/m^3]
# name 16 = sigma-t00: Density [sigma-t, kg/m^3 ]
# name 17 = par: PAR/Irradiance, Biospherical/Licor
# name 18 = prDM: Pressure, Digiquartz [db]
# name 19 = pumps: Pump Status
# name 20 = scan: Scan Count
# name 21 = svCM: Sound Velocity [Chen-Millero, m/s]
# name 22 = spar: SPAR, Biospherical/Licor
# name 23 = specc: Specific Conductance [uS/cm]
# name 24 = timeS: Time, Elapsed [seconds]
# name 25 = timeY: Time, System [seconds]
# name 26 = accM: Acceleration [m/s^2]
# name 27 = dz/dtM: Descent Rate [m/s]
# name 28 = latitude: Latitude [deg]
# name 29 = longitude: Longitude [deg]
# name 30 = flag: flag
# span 0 =      1.954,     89.306       
# span 1 =    14.2910,    19.4656       
# span 2 =    34.3004,    34.9494       
# span 3 =  1024.5705,  1026.4260       
# span 4 =     1.8943,     2.4547       
# span 5 =     3.9949,     5.0507       
# span 6 =     69.332,     95.471       
# span 7 =   -0.02624,    0.01968       
# span 8 =    5.23717,    5.77990       
# span 9 =    5.22780,    5.77609       
# span 10 =      8.304,      8.528      
# span 11 =    -0.0346,     0.4992      
# span 12 =    9.61754,   10.51579      
# span 13 =   4.201007,   4.690278      
# span 14 = -2.161e+04, 1.0960e+05      
# span 15 =    24.5553,    26.0291      
# span 16 =    24.5548,    26.0262      
# span 17 = -2.269e-04, 1.5235e-02      
# span 18 =      2.000,     90.000      
# span 19 =          1,          1      
# span 20 =        168,      17549      
# span 21 =    1505.63,    1520.54      
# span 22 = -3.652e-01, 4.6223e+00      
# span 23 =  52445.401,  53670.066      
# span 24 =      6.950,    731.157      
# span 25 = 1603923072, 1603923796      
# span 26 =      -1.43,       1.11      
# span 27 =     -1.298,      1.605      
# span 28 =   39.98473,   39.98486      
# span 29 =  -71.86828,  -71.86385      
# span 30 = 0.0000e+00, 0.0000e+00      
# interval = decibars: 1                
# start_time = Oct 28 2020 22:11:05 [System UTC, first data scan.]
# bad_flag = -9.990e-29
*END*
[from data line 141]
     35.722    19.3546    34.5086  1024.7124     2.4406     4.9916     95.050    0.00013    5.25154    5.24225 -9.990e-29     0.4227    9.64227   4.668882 3.2178e-11    24.5565    24.5548 1.0000e-12     36.000          1      12646    1519.72 3.5874e+00  52623.745    526.888 1603923592      -0.23     -0.337   39.98484  -71.86514 0.0000e+00
     34.725    19.3537    34.5085  1024.7082     2.4405     4.9919     95.034    0.00019    5.25270    5.24342 -9.990e-29     0.4408    9.64424   4.668598 5.4434e+04    24.5566    24.5550 1.0000e-12     35.000          1      12717    1519.70 1.6999e+00  52623.264    529.813 1603923595      -0.05     -0.389   39.98484  -71.86511 0.0000e+00
     33.745    19.3454    34.5065  1024.7045     2.4419     4.9978     95.145    0.00119    5.25280    5.24352      8.452     0.4148    9.64440   4.667494 -7.616e+03    24.5572    24.5556 1.0000e-12     34.000          1      12811    1519.66 3.6918e+00  52620.450    533.762 1603923599      -0.19     -0.277   39.98484  -71.86510 0.0000e+00
     32.735    19.3474    34.5071  1024.7000     2.4419     4.9965     95.116    0.00055    5.25308    5.24380      8.450     0.4197    9.64487   4.667693 3.3776e-11    24.5571    24.5556 1.0000e-12     33.000          1      12839    1519.65 3.2900e+00  52620.686    534.907 1603923600      -0.29     -0.672   39.98485  -71.86509 0.0000e+00
     31.742    19.3439    34.5061  1024.6957     2.4438     5.0012     95.216    0.00116    5.25249    5.24320      8.480     0.4195    9.64388   4.667160 3.1589e-11    24.5572    24.5557 1.0000e-12     32.000          1      12926    1519.62 3.4606e+00  52619.097    538.555 1603923604      -1.43     -0.618   39.98486  -71.86506 0.0000e+00
     30.732    19.3443    34.5064  1024.6914     2.4446     5.0033     95.249    0.00103    5.25284    5.24355      8.483     0.4174    9.64446   4.667195 3.3094e+03    24.5572    24.5558 1.0000e-12     31.000          1      12953    1519.61 3.2192e+00  52618.904    539.673 1603923605      -0.51     -1.298   39.98486  -71.86506 0.0000e+00
     29.766    19.3471    34.5073  1024.6871     2.4437     5.0035     95.246    0.00218    5.25327    5.24399      8.484     0.4177    9.64520   4.667578 1.0044e+05    24.5572    24.5558 1.0000e-12     30.000          1      13076    1519.60 -1.463e-02  52619.500    544.773 1603923610      -1.08     -0.783   39.98486  -71.86502 0.0000e+00
     28.753    19.3494    34.5080  1024.6826     2.4426     4.9965     95.102    0.00051    5.25378    5.24450      8.484     0.4246    9.64605   4.667834 9.6957e+04    24.5570    24.5557 1.0000e-12     29.000          1      13097    1519.59 1.2016e-01  52619.772    545.678 1603923611      -0.27     -1.260   39.98486  -71.86502 0.0000e+00
     27.781    19.3550    34.5089  1024.6775     2.4414     4.9909     95.011    0.00036    5.25294    5.24366      8.482     0.4410    9.64463   4.668323 3.0172e+04    24.5562    24.5550 1.0000e-12     28.000          1      13216    1519.59 2.5957e+00  52620.246    550.615 1603923616      -0.56     -0.672   39.98486  -71.86499 0.0000e+00
     26.783    19.3467    34.5073  1024.6741     2.4414     4.9881     94.986    0.00004    5.25140    5.24211      8.485     0.4323    9.64203   4.667522 1.0276e+05    24.5571    24.5559 1.0000e-12     27.000          1      13284    1519.55 -1.027e-01  52618.071    553.454 1603923619      -0.14     -0.720   39.98486  -71.86497 0.0000e+00
     25.784    19.3608    34.5116  1024.6693     2.4408     4.9876     94.979    0.00044    5.25128    5.24199      8.488     0.4064    9.64183   4.669302 9.9999e+04    24.5568    24.5556 1.0000e-12     26.000          1      13376    1519.57 0.0000e+00  52622.598    557.275 1603923622      -0.37     -0.811   39.98486  -71.86494 0.0000e+00
     24.806    19.1758    34.4522  1024.6671     2.4449     5.0256     95.098   -0.00105    5.28466    5.27560      8.494     0.4697    9.69823   4.643935 -6.775e+03    24.5587    24.5576 1.0000e-12     25.000          1      14661    1518.97 3.7871e+00  52552.459    610.820 1603923676      -0.32     -0.405   39.98486  -71.86459 0.0000e+00
     23.812    19.0628    34.4193  1024.6665     2.4461     5.0359     95.238    0.00058    5.28768    5.27864      8.494     0.4653    9.70336   4.627667 1.1877e+02    24.5624    24.5614 1.0000e-12     24.000          1      14802    1518.59 3.9266e+00  52514.266    616.697 1603923682       0.10     -0.597   39.98486  -71.86456 0.0000e+00
     22.821    19.0190    34.4036  1024.6613     2.4482     5.0395     95.345    0.00090    5.28556    5.27651 -9.990e-29     0.4551    9.69978   4.621838 2.6728e-11    24.5616    24.5605 1.0000e-12     23.000          1      14874    1518.44 3.9495e+00  52495.103    619.711 1603923685       0.06     -0.377   39.98486  -71.86454 0.0000e+00
     21.833    19.0418    34.4095  1024.6557     2.4487     5.0337     95.287   -0.00021    5.28271    5.27363      8.498     0.4624    9.69497   4.625061 2.7153e-11    24.5602    24.5592 1.0000e-12     22.000          1      14949    1518.49 3.9495e+00  52501.195    622.837 1603923688      -0.10     -0.317   39.98486  -71.86452 0.0000e+00
     20.841    19.0739    34.4189  1024.6503     2.4498     5.0385     95.375    0.00055    5.28278    5.27371      8.498     0.4659    9.69509   4.629482 2.6139e-11    24.5592    24.5583 1.0000e-12     21.000          1      14990    1518.58 3.9495e+00  52511.609    624.549 1603923690      -0.18     -0.555   39.98486  -71.86450 0.0000e+00
     19.842    19.0687    34.4177  1024.6463     2.4490     5.0343     95.313    0.00027    5.28185    5.27277      8.502     0.4512    9.69351   4.628442 9.3251e+04    24.5595    24.5586 1.0000e-12     20.000          1      15046    1518.54 2.6650e-01  52509.607    626.860 1603923692      -0.06     -0.434   39.98485  -71.86449 0.0000e+00
     18.857    19.0811    34.4215  1024.6417     2.4509     5.0362     95.404    0.00075    5.27882    5.26972      8.511     0.4484    9.68840   4.630277 1.8076e+04    24.5593    24.5584 1.0000e-12     19.000          1      15127    1518.57 1.6178e+00  52513.699    630.253 1603923695      -0.12     -0.370   39.98484  -71.86448 0.0000e+00
     17.858    19.0883    34.4236  1024.6370     2.4512     5.0381     95.411    0.00060    5.28047    5.27138      8.514     0.4666    9.69122   4.631281 8.4400e+04    24.5590    24.5582 1.0000e-12     18.000          1      15164    1518.57 3.0803e-01  52515.477    631.801 1603923697      -0.23     -0.594   39.98484  -71.86447 0.0000e+00
     16.869    19.0946    34.4244  1024.6317     2.4495     5.0256     95.274    0.00005    5.27490    5.26577      8.503     0.4419    9.68178   4.631884 8.2022e+04    24.5579    24.5572 1.0000e-12     17.000          1      15241    1518.57 3.5499e-01  52515.796    635.007 1603923700      -0.09     -0.300   39.98484  -71.86444 0.0000e+00
     15.879    19.1450    34.4386  1024.6253     2.4509     5.0210     95.342    0.00050    5.26626    5.25707      8.497     0.4431    9.66718   4.638741 1.0041e+05    24.5559    24.5552 1.0000e-12     16.000          1      15296    1518.72 -8.176e-03  52531.493    637.286 1603923702      -0.15     -0.540   39.98484  -71.86444 0.0000e+00
     14.882    19.1640    34.4472  1024.6226     2.4480     5.0270     95.139   -0.00099    5.28379    5.27473      8.497     0.4512    9.69678   4.642186 9.9999e+04    24.5576    24.5569 1.0000e-12     15.000          1      15329    1518.76 0.0000e+00  52541.626    638.676 1603923704      -0.07     -0.694   39.98484  -71.86442 0.0000e+00
     13.894    19.1151    34.4336  1024.6203     2.4467     5.0297     95.107   -0.00026    5.28840    5.27937      8.499     0.4471    9.70459   4.634762 8.6231e+04    24.5596    24.5589 1.0000e-12     14.000          1      15398    1518.59 2.7187e-01  52525.447    641.550 1603923707      -0.10     -0.291   39.98484  -71.86441 0.0000e+00
     12.899    19.0285    34.4058  1024.6168     2.4519     5.0486     95.422    0.00110    5.29076    5.28175      8.499     0.4477    9.70858   4.622312 6.3512e+04    24.5604    24.5598 1.0000e-12     13.000          1      15463    1518.30 7.2051e-01  52492.705    644.253 1603923709      -0.29     -0.369   39.98484  -71.86439 0.0000e+00
     11.901    18.9985    34.3958  1024.6124     2.4532     5.0507     95.463    0.00079    5.29070    5.28168      8.499     0.4566    9.70847   4.618356 6.0128e+04    24.5604    24.5598 1.0000e-12     12.000          1      15512    1518.18 7.8733e-01  52480.431    646.304 1603923711      -0.68     -0.552   39.98482  -71.86438 0.0000e+00
     10.908    18.9956    34.3951  1024.6082     2.4527     5.0477     95.407    0.00030    5.29065    5.28164      8.499     0.4358    9.70839   4.618065 1.0456e+05    24.5605    24.5600 1.0000e-12     11.000          1      15611    1518.16 -9.004e-02  52479.012    650.416 1603923715      -0.38     -0.584   39.98482  -71.86435 0.0000e+00
      9.907    19.0076    34.3997  1024.6042     2.4512     5.0429     95.312    0.00011    5.29092    5.28191      8.499     0.4513    9.70884   4.619817 4.7523e+04    24.5609    24.5604 1.0000e-12     10.000          1      15961    1518.18 2.0726e+00  52484.009    664.984 1603923730      -0.32     -0.696   39.98481  -71.86426 0.0000e+00
      8.924    19.0539    34.4160  1024.6005     2.4505     5.0433     95.345    0.00180    5.28950    5.28048      8.499     0.4621    9.70644   4.625666 1.4942e+03    24.5615    24.5611 1.0000e-12      9.000          1      17002    1518.32 3.8905e+00  52502.863    708.367 1603923773      -0.35     -0.924   39.98476  -71.86400 0.0000e+00
      7.935    19.0140    34.4027  1024.5961     2.4514     5.0433     95.343    0.00116    5.28965    5.28063      8.501     0.4557    9.70669   4.620541 2.7093e-11    24.5614    24.5611 1.0000e-12      8.000          1      17079    1518.17 3.9495e+00  52486.720    711.571 1603923777       0.17     -0.671   39.98476  -71.86398 0.0000e+00
      6.956    19.0081    34.3997  1024.5910     2.4499     5.0332     95.125   -0.00114    5.29111    5.28209      8.500     0.4634    9.70914   4.619674 2.9801e-11    24.5606    24.5603 1.0000e-12      7.000          1      17150    1518.13 -9.990e-29  52482.580    714.521 1603923779      -0.80     -0.343   39.98476  -71.86396 0.0000e+00
      5.942    19.0051    34.3991  1024.5869     2.4500     5.0312     95.140   -0.00079    5.28820    5.27917      8.501     0.4420    9.70422   4.619197 3.2048e-11    24.5609    24.5606 1.0000e-12      6.000          1      17173    1518.11 -9.990e-29  52481.410    715.510 1603923780      -0.12     -0.886   39.98476  -71.86395 0.0000e+00
      4.969    19.0068    34.4016  1024.5841     2.4509     5.0377     95.244    0.00048    5.28919    5.28017      8.501     0.4713    9.70589   4.619878 2.6420e-11    24.5623    24.5621 1.0000e-12      5.000          1      17237    1518.10 3.9495e+00  52484.288    718.164 1603923783       0.06     -0.205   39.98476  -71.86393 0.0000e+00
      3.972    19.0147    34.4047  1024.5800     2.4547     5.0488     95.471    0.00155    5.28827    5.27925      8.501     0.4655    9.70435   4.620826 2.8084e-11    24.5627    24.5625 1.0000e-12      4.000          1      17295    1518.11 3.9495e+00  52487.574    720.584 1603923786       0.08     -0.387   39.98476  -71.86392 0.0000e+00
      2.976    19.0126    34.4036  1024.5753     2.4521     5.0353     95.219   -0.00079    5.28813    5.27910      8.503     0.4577    9.70410   4.620579 3.1689e-11    24.5623    24.5621 1.0000e-12      3.000          1      17336    1518.08 3.9495e+00  52485.581    722.292 1603923787      -0.44     -0.582   39.98476  -71.86390 0.0000e+00
      1.954    19.0175    34.4048  1024.5705     2.4527     5.0344     95.203   -0.00159    5.28808    5.27905      8.503     0.4534    9.70402   4.621120 2.3678e-11    24.5619    24.5618 1.0000e-12      2.000          1      17549    1518.08 3.9495e+00  52486.549    731.157 1603923796      -0.13     -0.474   39.98473  -71.86385 0.0000e+00
