CalculateIndicators/WaterTemperature/Data/CTD_NYOS/20200205_C07.cnv
* Sea-Bird SBE 9 Data File:
* FileName = C:\Seabird 9 CTD\Data\2020\202002_offshore\20200205_C07.hex
* Software Version Seasave V 7.23.2
* Temperature SN = 4590
* Conductivity SN = 3228
* Number of Bytes Per Scan = 44
* Number of Voltage Words = 5
* Number of Scans Averaged by the Deck Unit = 1
* NMEA Latitude = 38 55.42 N
* NMEA Longitude = 073 13.35 W
* NMEA UTC (Time) = Feb 05 2020  15:50:53
* NMEA baud rate = 4800
** Ship: rv seawolf
** Station: 7.5
** Operator: eih
# nquan = 35
# nvalues = 137                         
# units = specified
# name 0 = depSM: Depth [salt water, m]
# name 1 = t090C: Temperature [ITS-90, deg C]
# name 2 = sal00: Salinity, Practical [PSU]
# name 3 = density00: Density [density, kg/m^3]
# name 4 = sbeox0V: Oxygen raw, SBE 43 [V]
# name 5 = sbeox0ML/L: Oxygen, SBE 43 [ml/l]
# name 6 = sbeox0PS: Oxygen, SBE 43 [% saturation]
# name 7 = sbox0dV/dT: Oxygen, SBE 43 [dov/dt]
# name 8 = oxsolML/L: Oxygen Saturation, Garcia & Gordon [ml/l]
# name 9 = oxsatML/L: Oxygen Saturation, Weiss [ml/l]
# name 10 = ph: pH
# name 11 = flECO-AFL: Fluorescence, WET Labs ECO-AFL/FL [mg/m^3]
# name 12 = n2satML/L: Nitrogen Saturation [ml/l]
# name 13 = c0S/m: Conductivity [S/m]
# name 14 = cpar: CPAR/Corrected Irradiance [%]
# name 15 = sigma-é00: Density [sigma-theta, kg/m^3]
# name 16 = sigma-t00: Density [sigma-t, kg/m^3 ]
# name 17 = par: PAR/Irradiance, Biospherical/Licor
# name 18 = prDM: Pressure, Digiquartz [db]
# name 19 = pumps: Pump Status
# name 20 = scan: Scan Count
# name 21 = svCM: Sound Velocity [Chen-Millero, m/s]
# name 22 = spar: SPAR, Biospherical/Licor
# name 23 = specc: Specific Conductance [uS/cm]
# name 24 = timeS: Time, Elapsed [seconds]
# name 25 = timeY: Time, System [seconds]
# name 26 = accM: Acceleration [m/s^2]
# name 27 = dz/dtM: Descent Rate [m/s]
# name 28 = latitude: Latitude [deg]
# name 29 = longitude: Longitude [deg]
# name 30 = gsw_saA0: Absolute Salinity [g/kg]
# name 31 = gsw_densityA0: density, TEOS-10 [density, kg/m^3]
# name 32 = gsw_sigma0A0: density, TEOS-10 [sigma-0, kg/m^3 ]
# name 33 = gsw_ptA0: potential temperature [ITS-90, deg C]
# name 34 = flag: flag
# span 0 =      1.000,     71.000       
# span 1 =     8.9951,     9.4645       
# span 2 =    33.3900,    33.5961       
# span 3 =  1025.8638,  1026.2709       
# span 4 =     2.3856,     2.5194       
# span 5 =     6.1076,     6.5790       
# span 6 =     94.681,    100.869       
# span 7 =   -0.00799,    0.00381       
# span 8 =    6.44652,    6.52257       
# span 9 =    6.45047,    6.52742       
# span 10 =      8.275,      8.291      
# span 11 =     0.1658,     0.6553      
# span 12 =   11.63271,   11.76083      
# span 13 =   3.560651,   3.624957      
# span 14 = -3.285e-08, 4.9485e+01      
# span 15 =    25.8584,    25.9472      
# span 16 =    25.8580,    25.9459      
# span 17 = -1.375e-07, 2.2411e+02      
# span 18 =      1.057,     71.521      
# span 19 =          1,          1      
# span 20 =         81,      19184      
# span 21 =    1484.29,    1487.29      
# span 22 = 3.2623e+02, 5.0414e+02      
# span 23 =  52365.476,  52600.540      
# span 24 =      3.336,    799.305      
# span 25 = 1580917857, 1580918653      
# span 26 =      -1.24,       0.99      
# span 27 =     -1.435,      1.250      
# span 28 =   38.92010,   38.92380      
# span 29 =  -73.22656,  -73.22267      
# span 30 =    33.5443,    33.7555      
# span 31 =  1025.8671,  1026.2743      
# span 32 =    25.8565,    25.9507      
# span 33 =     8.9934,     9.4600      
# span 34 = 0.0000e+00, 0.0000e+00      
# interval = meters: 1                  
# start_time = Feb 05 2020 15:50:53 [System UTC, first data scan.]
# bad_flag = -9.990e-29
*END*
      5.000     9.0051    33.3946  1025.8833     2.5133     6.5480    100.407   -0.00048    6.52142    6.52625 -9.990e-29     0.5313   11.75887   3.561853 1.7544e+01    25.8604    25.8603 6.0036e+01      5.039          1         81    1484.33 3.4273e+02  52369.349      3.336 1580917857       0.24      0.106   38.92380  -73.22267    33.5526  1025.8860    25.8632     9.0045 0.0000e+00
      6.000     9.0141    33.3966  1025.8880     2.5125     6.5496    100.444   -0.00010    6.52064    6.52546 -9.990e-29     0.5149   11.75757   3.562978 1.3266e+01    25.8606    25.8605 5.1484e+01      6.045          1        364    1484.38 3.8943e+02  52370.937     15.114 1580917869       0.11      0.252   38.92375  -73.22274    33.5554  1025.8914    25.8640     9.0135 0.0000e+00
      7.000     9.0276    33.3976  1025.8912     2.5121     6.5451    100.371   -0.00059    6.52091    6.52573 -9.990e-29     0.5767   11.75802   3.564000 1.1656e+01    25.8592    25.8591 4.5926e+01      7.068          1        474    1484.45 3.9404e+02  52369.924     19.717 1580917873       0.62      0.302   38.92372  -73.22277    33.5529  1025.8920    25.8599     9.0268 0.0000e+00
      8.000     9.0072    33.3945  1025.8966     2.5119     6.5481    100.428   -0.00011    6.52021    6.52502 -9.990e-29     0.5603   11.75685   3.562058 9.7869e+00    25.8600    25.8599 3.8701e+01      8.046          1        495    1484.39 3.9550e+02  52370.706     20.599 1580917874       0.35      0.867   38.92372  -73.22278    33.5513  1025.8984    25.8619     9.0064 0.0000e+00
      9.000     9.0052    33.3944  1025.9015 -9.990e-29     6.5479    100.429   -0.00010    6.51992    6.52474 -9.990e-29     0.5473   11.75638   3.562036 8.6518e+00    25.8603    25.8602 3.3953e+01      9.054          1        581    1484.40 3.9239e+02  52371.782     24.166 1580917878       0.43      0.717   38.92371  -73.22279    33.5526  1025.9043    25.8632     9.0042 0.0000e+00
     10.000     9.0155    33.3962  1025.9059     2.5114     6.5494    100.460   -0.00003    6.51944    6.52424 -9.990e-29     0.5377   11.75557   3.563220 9.7868e+00    25.8601    25.8599 3.1642e+01     10.091          1        685    1484.45 3.2623e+02  52372.675     28.495 1580917882      -0.31      0.097   38.92369  -73.22282    33.5548  1025.9091    25.8633     9.0144 0.0000e+00
     11.000     9.0150    33.3967  1025.9108     2.5105     6.5395    100.305   -0.00076    6.51956    6.52437 -9.990e-29     0.5527   11.75577   3.563238 6.7072e+00    25.8605    25.8603 2.6340e+01     11.079          1        714    1484.47 3.9315e+02  52374.080     29.697 1580917883       0.52      0.699   38.92368  -73.22282    33.5549  1025.9138    25.8635     9.0139 0.0000e+00
     12.000     9.0140    33.3963  1025.9153     2.5102     6.5368    100.266   -0.00104    6.51948    6.52429 -9.990e-29     0.5685   11.75563   3.563179 5.9563e+00    25.8605    25.8603 2.3558e+01     12.077          1        783    1484.48 3.9548e+02  52374.502     32.598 1580917886       0.32      0.777   38.92367  -73.22283    33.5548  1025.9184    25.8636     9.0127 0.0000e+00
     13.000     9.0148    33.3964  1025.9199     2.5104     6.5483    100.446    0.00011    6.51925    6.52405 -9.990e-29     0.5613   11.75525   3.563280 6.4499e+00    25.8604    25.8602 2.1725e+01     13.092          1        859    1484.50 3.4247e+02  52375.088     35.741 1580917889      -0.13      0.743   38.92366  -73.22286    33.5547  1025.9228    25.8634     9.0134 0.0000e+00
     14.000     9.0149    33.3965  1025.9245     2.5102     6.5463    100.436   -0.00006    6.51790    6.52268      8.291     0.5404   11.75300   3.563371 5.5437e+00    25.8605    25.8602 1.9951e+01     14.115          1        975    1484.52 3.6532e+02  52375.817     40.601 1580917894       0.36      0.095   38.92364  -73.22289    33.5550  1025.9277    25.8636     9.0135 0.0000e+00
     15.000     9.0176    33.3972  1025.9292     2.5098     6.5447    100.430    0.00008    6.51668    6.52146      8.291     0.5379   11.75097   3.563703 4.4541e+00    25.8606    25.8604 1.7585e+01     15.107          1       1009    1484.54 3.9544e+02  52376.897     41.989 1580917895       0.37      0.768   38.92364  -73.22290    33.5555  1025.9322    25.8636     9.0160 0.0000e+00
     16.000     9.0314    33.4006  1025.9343     2.5083     6.5367    100.299   -0.00051    6.51726    6.52204      8.291     0.5331   11.75195   3.565544 3.9251e+00    25.8612    25.8609 1.5561e+01     16.117          1       1094    1484.61 3.9697e+02  52379.540     45.546 1580917899       0.33      0.683   38.92362  -73.22291    33.5612  1025.9391    25.8659     9.0297 0.0000e+00
     17.000     9.0238    33.3972  1025.9375     2.5079     6.5430    100.351   -0.00009    6.52008    6.52489      8.291     0.5321   11.75665   3.564211 3.4613e+00    25.8597    25.8594 1.3728e+01     17.117          1       1149    1484.60 3.9692e+02  52376.931     47.822 1580917901       0.34      1.058   38.92361  -73.22293    33.5540  1025.9392    25.8615     9.0220 0.0000e+00
     18.000     9.0146    33.3956  1025.9422     2.5092     6.5484    100.436   -0.00011    6.51999    6.52481      8.291     0.5721   11.75651   3.563431 3.2025e+00    25.8599    25.8596 1.2753e+01     18.139          1       1248    1484.58 3.9820e+02  52377.217     51.965 1580917905      -0.01      0.331   38.92359  -73.22296    33.5540  1025.9453    25.8630     9.0127 0.0000e+00
     19.000     9.0117    33.3949  1025.9467     2.5099     6.5564    100.534    0.00027    6.52154    6.52637      8.291     0.5720   11.75909   3.563079 2.8560e+00    25.8598    25.8595 1.1248e+01     19.143          1       1304    1484.59 3.9378e+02  52377.544     54.296 1580917908       0.23      0.573   38.92358  -73.22296    33.5527  1025.9493    25.8624     9.0096 0.0000e+00
     20.000     9.0060    33.3935  1025.9511     2.5108     6.5619    100.612    0.00043    6.52202    6.52686      8.291     0.5559   11.75990   3.562478 2.7358e+00    25.8597    25.8593 1.0349e+01     20.153          1       1368    1484.58 3.7914e+02  52377.475     56.977 1580917910      -0.12      0.349   38.92357  -73.22298    33.5512  1025.9537    25.8622     9.0039 0.0000e+00
     21.000     8.9983    33.3914  1025.9552     2.5126     6.5571    100.736    0.00068    6.50919    6.51387      8.291     0.6553   11.73842   3.561621 2.3763e+00    25.8592    25.8588 9.1521e+00     21.162          1       1451    1484.56 3.8651e+02  52376.699     60.399 1580917914       0.01      0.324   38.92356  -73.22300    33.5490  1025.9578    25.8617     8.9961 0.0000e+00
     22.000     9.0657    33.4110  1025.9645     2.5048     6.5023     99.772   -0.00370    6.51721    6.52199      8.291     0.5257   11.75185   3.570182 2.0740e+00    25.8639    25.8635 8.2243e+00     22.165          1       1509    1484.85 3.9691e+02  52390.616     62.851 1580917916       0.05      0.437   38.92354  -73.22301    33.5746  1025.9716    25.8710     9.0633 0.0000e+00
     23.000     9.0079    33.3925  1025.9638     2.5031     6.5632    100.639    0.00317    6.52152    6.52635 -9.990e-29     0.5780   11.75905   3.562119 1.8022e+00    25.8586    25.8582 7.2598e+00     23.183          1       1597    1484.63 4.0277e+02  52377.562     66.513 1580917920       0.22      0.191   38.92354  -73.22304    33.5443  1025.9618    25.8565     9.0055 0.0000e+00
     24.000     9.0059    33.3947  1025.9704     2.5095     6.5485    100.768    0.00190    6.49858    6.50312      8.290     0.4819   11.72067   3.563102 1.6449e+00    25.8607    25.8603 6.5718e+00     24.186          1       1659    1484.65 3.9956e+02  52381.995     69.090 1580917923      -0.08      0.349   38.92352  -73.22305    33.5561  1025.9758    25.8661     9.0034 0.0000e+00
     25.000     9.1120    33.4194  1025.9775     2.5028     6.4713     99.622   -0.00414    6.49589    6.50040      8.289     0.4256   11.71618   3.575303 1.4773e+00    25.8631    25.8627 5.8604e+00     25.192          1       1706    1485.08 3.9665e+02  52393.895     71.062 1580917925       0.38      0.572   38.92352  -73.22306    33.5831  1025.9846    25.8704     9.1093 0.0000e+00
     26.000     9.1671    33.4360  1025.9863     2.4934     6.4355     99.070   -0.00479    6.49598    6.50049      8.288     0.5142   11.71632   3.581934 1.2732e+00    25.8675    25.8670 5.0827e+00     26.191          1       1756    1485.32 3.9921e+02  52406.817     73.133 1580917927       0.15      0.714   38.92350  -73.22307    33.5999  1025.9935    25.8748     9.1643 0.0000e+00
     27.000     9.1703    33.4393  1025.9930     2.4862     6.4372     99.119   -0.00192    6.49445    6.49894      8.285     0.4019   11.71374   3.582621 1.0941e+00    25.8696    25.8692 4.3220e+00     27.198          1       1841    1485.36 3.9502e+02  52411.626     76.657 1580917930       0.99      0.944   38.92349  -73.22310    33.6036  1026.0005    25.8772     9.1674 0.0000e+00
     28.000     9.1855    33.4414  1025.9967     2.4841     6.4342     99.090   -0.00139    6.49327    6.49774      8.285     0.4078   11.71176   3.583903 1.0068e+00    25.8688    25.8684 4.0339e+00     28.201          1       1884    1485.43 4.0074e+02  52411.926     78.447 1580917932       0.08      1.011   38.92348  -73.22311    33.6022  1026.0015    25.8737     9.1825 0.0000e+00
     29.000     9.1937    33.4445  1026.0024     2.4820     6.4343     99.129   -0.00039    6.49083    6.49528 -9.990e-29     0.4514   11.70769   3.584983 8.9249e-01    25.8699    25.8694 3.5907e+00     29.216          1       1971    1485.48 4.0235e+02  52415.129     82.091 1580917935       0.27      0.727   38.92346  -73.22312    33.6052  1026.0072    25.8748     9.1906 0.0000e+00
     30.000     9.2079    33.4482  1026.0077     2.4791     6.4186     98.914   -0.00094    6.48912    6.49355 -9.990e-29     0.3823   11.70482   3.586508 8.8695e-01    25.8706    25.8701 3.2413e+00     30.229          1       2049    1485.56 3.7157e+02  52418.095     85.330 1580917939       0.02      0.441   38.92345  -73.22315    33.6073  1026.0112    25.8741     9.2047 0.0000e+00
     31.000     9.2079    33.4514  1026.0148     2.4760     6.4024     98.657   -0.00183    6.48957    6.49400 -9.990e-29     0.3883   11.70556   3.587188 7.3331e-01    25.8731    25.8726 2.7625e+00     31.222          1       2121    1485.58 3.8120e+02  52423.285     88.337 1580917942       0.63      0.930   38.92344  -73.22316    33.6140  1026.0209    25.8794     9.2045 0.0000e+00
     32.000     9.2261    33.4540  1026.0184     2.4760     6.4146     98.875   -0.00032    6.48766    6.49206      8.285     0.3722   11.70235   3.588791 6.4014e-01    25.8723    25.8717 2.5907e+00     32.242          1       2235    1485.66 4.0442e+02  52423.679     93.069 1580917947       0.03      0.543   38.92342  -73.22320    33.6130  1026.0219    25.8757     9.2227 0.0000e+00
     33.000     9.2334    33.4570  1026.0241     2.4745     6.4020     98.773   -0.00056    6.48155    6.48589      8.285     0.3701   11.69204   3.589884 5.6767e-01    25.8735    25.8729 2.2975e+00     33.254          1       2351    1485.71 4.0473e+02  52426.972     97.913 1580917951       0.16      0.325   38.92341  -73.22323    33.6171  1026.0284    25.8777     9.2299 0.0000e+00
     34.000     9.2599    33.4717  1026.0360     2.4691     6.3691     98.296   -0.00218    6.47948    6.48380      8.285     0.3388   11.68854   3.593804 5.0158e-01    25.8808    25.8802 2.0452e+00     34.258          1       2422    1485.84 4.0783e+02  52442.839    100.872 1580917954      -0.00      0.459   38.92340  -73.22324    33.6325  1026.0408    25.8856     9.2562 0.0000e+00
     35.000     9.2785    33.4833  1026.0466     2.4626     6.3587     98.170   -0.00082    6.47722    6.48152      8.285     0.3181   11.68470   3.596567 4.4970e-01    25.8868    25.8862 1.8290e+00     35.274          1       2542    1485.94 4.0677e+02  52455.857    105.867 1580917959       0.08      0.133   38.92338  -73.22327    33.6432  1026.0507    25.8909     9.2747 0.0000e+00
     36.000     9.2812    33.4853  1026.0523     2.4592     6.3447     97.976   -0.00105    6.47575    6.48003      8.285     0.3098   11.68220   3.597003 3.9824e-01    25.8880    25.8873 1.6292e+00     36.278          1       2612    1485.97 4.0913e+02  52458.716    108.778 1580917962       0.07      0.315   38.92336  -73.22329    33.6447  1026.0560    25.8917     9.2773 0.0000e+00
     37.000     9.2950    33.4949  1026.0622     2.4544     6.3209     97.635   -0.00183    6.47401    6.47827      8.285     0.2723   11.67923   3.599370 3.5372e-01    25.8933    25.8927 1.4372e+00     37.280          1       2687    1486.05 4.0630e+02  52470.125    111.913 1580917965       0.27      0.426   38.92336  -73.22330    33.6559  1026.0671    25.8982     9.2910 0.0000e+00
     38.000     9.3034    33.5002  1026.0696     2.4503     6.3182     97.600   -0.00075    6.47362    6.47788      8.285     0.2635   11.67858   3.600538 3.0826e-01    25.8962    25.8955 1.2605e+00     38.291          1       2801    1486.10 4.0894e+02  52476.473    116.679 1580917970       0.17      0.501   38.92334  -73.22334    33.6597  1026.0733    25.8998     9.2992 0.0000e+00
     39.000     9.3040    33.5007  1026.0745     2.4499     6.3223     97.666   -0.00015    6.47335    6.47760      8.285     0.3038   11.67811   3.600670 2.7875e-01    25.8965    25.8958 1.1465e+00     39.300          1       2863    1486.12 4.1136e+02  52477.723    119.238 1580917973      -0.08      0.393   38.92333  -73.22336    33.6601  1026.0781    25.9000     9.2997 0.0000e+00
     40.000     9.3053    33.5014  1026.0794     2.4480     6.3140     97.579   -0.00022    6.47064    6.47486      8.285     0.2433   11.67353   3.600861 2.5802e-01    25.8968    25.8961 9.9909e-01     40.315          1       2996    1486.14 3.9110e+02  52478.996    124.780 1580917978       0.27      0.224   38.92330  -73.22337    33.6604  1026.0827    25.9001     9.3009 0.0000e+00
     41.000     9.3120    33.5060  1026.0865     2.4462     6.2972     97.326   -0.00145    6.47020    6.47442      8.285     0.1947   11.67280   3.602195 2.1407e-01    25.8993    25.8986 8.8310e-01     41.315          1       3038    1486.19 4.1258e+02  52484.746    126.562 1580917980       0.46      0.699   38.92330  -73.22339    33.6674  1026.0916    25.9045     9.3075 0.0000e+00
     42.000     9.3308    33.5144  1026.0946     2.4421     6.2781     97.047   -0.00205    6.46909    6.47329      8.283     0.2500   11.67091   3.604636 1.8918e-01    25.9029    25.9022 7.8025e-01     42.313          1       3107    1486.29 4.1243e+02  52493.284    129.397 1580917983       0.14      0.778   38.92329  -73.22341    33.6746  1026.0987    25.9071     9.3262 0.0000e+00
     43.000     9.3396    33.5200  1026.1021     2.4378     6.2679     96.918   -0.00156    6.46718    6.47137      8.283     0.2518   11.66767   3.606014 1.6630e-01    25.9059    25.9051 6.8709e-01     43.326          1       3204    1486.34 4.1318e+02  52499.954    133.438 1580917987       0.26      0.757   38.92328  -73.22343    33.6802  1026.1062    25.9100     9.3349 0.0000e+00
     44.000     9.3429    33.5226  1026.1082     2.4346     6.2625     96.893   -0.00062    6.46332    6.46746      8.282     0.2293   11.66111   3.606536 1.4715e-01    25.9074    25.9066 6.1155e-01     44.340          1       3299    1486.37 4.1560e+02  52503.612    137.424 1580917991       0.00      0.222   38.92327  -73.22345    33.6820  1026.1118    25.9110     9.3381 0.0000e+00
     45.000     9.3555    33.5328  1026.1187     2.4278     6.2075     96.211   -0.00326    6.45191    6.45593 -9.990e-29     0.1905   11.64172   3.609421 1.2671e-01    25.9133    25.9125 5.2752e-01     45.355          1       3394    1486.45 4.1630e+02  52515.859    141.392 1580917995       0.52      0.513   38.92326  -73.22348    33.6996  1026.1280    25.9226     9.3506 0.0000e+00
