CalculateIndicators/WaterTemperature/Data/CTD_NYOS/20201028_C28.cnv
* Sea-Bird SBE 9 Data File:
* FileName = C:\Seabird 9 CTD\Data\2020\202010_offshore\20201028_C28.hex
* Software Version Seasave V 7.23.2
* Temperature SN = 4590
* Conductivity SN = 3228
* Number of Bytes Per Scan = 44
* Number of Voltage Words = 5
* Number of Scans Averaged by the Deck Unit = 1
* NMEA Latitude = 39 47.19 N
* NMEA Longitude = 072 08.86 W
* NMEA UTC (Time) = Oct 28 2020  00:28:39
* NMEA baud rate = 4800
** Ship: seawolf
** Station: 3.4
** Operator: EIH
# nquan = 31
# nvalues = 185                         
# units = specified
# name 0 = depSM: Depth [salt water, m]
# name 1 = t090C: Temperature [ITS-90, deg C]
# name 2 = sal00: Salinity, Practical [PSU]
# name 3 = density00: Density [density, kg/m^3]
# name 4 = sbeox0V: Oxygen raw, SBE 43 [V]
# name 5 = sbeox0ML/L: Oxygen, SBE 43 [ml/l]
# name 6 = sbeox0PS: Oxygen, SBE 43 [% saturation]
# name 7 = sbox0dV/dT: Oxygen, SBE 43 [dov/dt]
# name 8 = oxsolML/L: Oxygen Saturation, Garcia & Gordon [ml/l]
# name 9 = oxsatML/L: Oxygen Saturation, Weiss [ml/l]
# name 10 = ph: pH
# name 11 = flECO-AFL: Fluorescence, WET Labs ECO-AFL/FL [mg/m^3]
# name 12 = n2satML/L: Nitrogen Saturation [ml/l]
# name 13 = c0S/m: Conductivity [S/m]
# name 14 = cpar: CPAR/Corrected Irradiance [%]
# name 15 = sigma-é00: Density [sigma-theta, kg/m^3]
# name 16 = sigma-t00: Density [sigma-t, kg/m^3 ]
# name 17 = par: PAR/Irradiance, Biospherical/Licor
# name 18 = prDM: Pressure, Digiquartz [db]
# name 19 = pumps: Pump Status
# name 20 = scan: Scan Count
# name 21 = svCM: Sound Velocity [Chen-Millero, m/s]
# name 22 = spar: SPAR, Biospherical/Licor
# name 23 = specc: Specific Conductance [uS/cm]
# name 24 = timeS: Time, Elapsed [seconds]
# name 25 = timeY: Time, System [seconds]
# name 26 = accM: Acceleration [m/s^2]
# name 27 = dz/dtM: Descent Rate [m/s]
# name 28 = latitude: Latitude [deg]
# name 29 = longitude: Longitude [deg]
# name 30 = flag: flag
# span 0 =      1.971,     93.279       
# span 1 =    14.8891,    19.4238       
# span 2 =    34.2460,    35.3781       
# span 3 =  1024.5769,  1026.6564       
# span 4 =     1.8415,     2.4584       
# span 5 =     3.8005,     5.0481       
# span 6 =     66.746,     95.750       
# span 7 =   -0.02982,    0.02804       
# span 8 =    5.24075,    5.69394       
# span 9 =    5.23143,    5.68946       
# span 10 =      8.403,      8.554      
# span 11 =    -0.0392,     0.5270      
# span 12 =    9.62292,   10.36766      
# span 13 =   4.262898,   4.694215      
# span 14 = -4.561e+04, 1.0469e+05      
# span 15 =    24.5682,    26.2473      
# span 16 =    24.5674,    26.2443      
# span 17 = 1.0000e-12, 1.1772e-01      
# span 18 =      2.000,     94.000      
# span 19 =          1,          1      
# span 20 =        -44,      16572      
# span 21 =    1507.83,    1520.37      
# span 22 = -1.835e-01, 5.7532e+00      
# span 23 =  52440.296,  54167.621      
# span 24 =     -1.857,    690.439      
# span 25 = 1603844918, 1603845610      
# span 26 =      -0.53,       0.77      
# span 27 =     -0.948,      1.034      
# span 28 =   39.78615,   39.78662      
# span 29 =  -72.14881,  -72.14768      
# span 30 = 0.0000e+00, 0.0000e+00      
# interval = decibars: 1                
# start_time = Oct 28 2020 00:28:40 [System UTC, first data scan.]
# bad_flag = -9.990e-29
*END*
      1.971    19.1174    34.4464  1024.5769     2.4573     5.0398     95.506    0.00025    5.27696    5.26785 -9.990e-29     0.4708    9.68513   4.636061 2.9805e+00    24.5683    24.5682 1.1772e-01      2.000          1        -44    1518.41 3.9495e+00  52536.901     -1.857 1603844918       0.13     -0.035   39.78654  -72.14768 0.0000e+00
      2.980    19.1220    34.4490  1024.5822     2.4567     5.0343     95.424   -0.00102    5.27578    5.26666      8.444     0.4664    9.68312   4.636950 3.6626e-01    24.5691    24.5690 1.4465e-02      3.000          1        242    1518.45 3.9495e+00  52540.775     10.049 1603844930       0.36      0.357   39.78662  -72.14775 0.0000e+00
      3.978    19.1262    34.4504  1024.5866     2.4562     5.0341     95.459   -0.00016    5.27352    5.26439      8.444     0.4953    9.67929   4.637579 4.2611e-02    24.5692    24.5690 1.6829e-03      4.000          1        408    1518.47 3.9495e+00  52542.729     16.938 1603844937       0.22      0.709   39.78660  -72.14776 0.0000e+00
      4.961    19.1475    34.4585  1024.5916     2.4555     5.0335     95.448   -0.00008    5.27355    5.26442      8.444     0.4995    9.67933   4.640748 2.5320e-11    24.5699    24.5697 1.0000e-12      5.000          1        493    1518.56 3.9495e+00  52552.971     20.487 1603844940      -0.14      0.286   39.78660  -72.14778 0.0000e+00
      5.952    19.1486    34.4614  1024.5979     2.4544     5.0288     95.365   -0.00083    5.27316    5.26402 -9.990e-29     0.4745    9.67870   4.641179 2.5320e-11    24.5719    24.5716 1.0000e-12      6.000          1        562    1518.59 3.9495e+00  52557.287     23.395 1603844943       0.15      0.415   39.78660  -72.14778 0.0000e+00
      6.949    19.1542    34.4614  1024.6009     2.4563     5.0407     95.565    0.00092    5.27468    5.26556      8.445     0.5074    9.68127   4.641773 2.5320e-11    24.5705    24.5702 1.0000e-12      7.000          1        608    1518.62 3.9495e+00  52557.487     25.291 1603844945      -0.03      0.522   39.78660  -72.14778 0.0000e+00
      7.940    19.1394    34.4545  1024.6038     2.4574     5.0414     95.579    0.00005    5.27463    5.26550      8.445     0.4949    9.68118   4.639466 2.5320e-11    24.5691    24.5687 1.0000e-12      8.000          1        674    1518.58 3.9495e+00  52549.498     28.056 1603844948      -0.01      0.352   39.78660  -72.14779 0.0000e+00
      8.922    19.1403    34.4547  1024.6081     2.4572     5.0428     95.608    0.00043    5.27443    5.26530      8.447     0.4830    9.68084   4.639674 2.5320e-11    24.5691    24.5687 1.0000e-12      9.000          1        759    1518.60 3.9495e+00  52550.306     31.587 1603844951       0.10      0.201   39.78660  -72.14780 0.0000e+00
      9.928    19.1413    34.4551  1024.6125     2.4578     5.0435     95.629    0.00018    5.27406    5.26493      8.446     0.5117    9.68021   4.639850 2.5320e-11    24.5692    24.5687 1.0000e-12     10.000          1        792    1518.62 3.9495e+00  52551.228     32.959 1603844953      -0.03      0.595   39.78658  -72.14780 0.0000e+00
     10.917    19.1447    34.4561  1024.6168     2.4552     5.0343     95.454   -0.00095    5.27409    5.26496      8.447     0.5124    9.68027   4.640374 2.5320e-11    24.5691    24.5686 1.0000e-12     11.000          1        856    1518.65 3.9495e+00  52552.850     35.628 1603844955      -0.02      0.364   39.78658  -72.14782 0.0000e+00
     11.903    19.1456    34.4563  1024.6211     2.4564     5.0433     95.622    0.00075    5.27417    5.26504      8.448     0.5108    9.68041   4.640495 2.5320e-11    24.5691    24.5685 1.0000e-12     12.000          1        925    1518.67 3.9495e+00  52553.591     38.515 1603844958       0.10      0.315   39.78658  -72.14782 0.0000e+00
     12.902    19.1446    34.4555  1024.6251     2.4584     5.0481     95.750    0.00123    5.27219    5.26305      8.447     0.5098    9.67706   4.640344 2.5320e-11    24.5687    24.5681 1.0000e-12     13.000          1        967    1518.68 3.9495e+00  52552.996     40.232 1603844960      -0.01      0.562   39.78658  -72.14782 0.0000e+00
     13.894    19.1546    34.4591  1024.6297     2.4557     5.0342     95.494   -0.00129    5.27175    5.26261      8.447     0.4863    9.67633   4.641948 2.5320e-11    24.5690    24.5684 1.0000e-12     14.000          1       1020    1518.73 3.9495e+00  52557.822     42.476 1603844962      -0.02      0.442   39.78658  -72.14782 0.0000e+00
     14.882    19.1664    34.4622  1024.6334     2.4545     5.0342     95.512   -0.00016    5.27076    5.26160      8.447     0.4857    9.67464   4.643487 2.5320e-11    24.5684    24.5677 1.0000e-12     15.000          1       1087    1518.79 3.9495e+00  52561.709     45.242 1603844965       0.00      0.334   39.78658  -72.14783 0.0000e+00
     15.877    19.1803    34.4668  1024.6378     2.4536     5.0319     95.459   -0.00054    5.27125    5.26210      8.447     0.4933    9.67547   4.645485 2.5320e-11    24.5684    24.5677 1.0000e-12     16.000          1       1134    1518.85 3.9495e+00  52567.776     47.223 1603844967       0.06      0.519   39.78658  -72.14784 0.0000e+00
     16.872    19.1679    34.4631  1024.6425     2.4540     5.0343     95.528    0.00020    5.27001    5.26085      8.447     0.5064    9.67338   4.643788 2.5320e-11    24.5688    24.5680 1.0000e-12     17.000          1       1183    1518.82 3.9495e+00  52563.861     49.247 1603844969      -0.05      0.496   39.78656  -72.14784 0.0000e+00
     17.858    19.1884    34.4692  1024.6462     2.4517     5.0249     95.358   -0.00113    5.26950    5.26034      8.447     0.4797    9.67251   4.646620 2.5802e-11    24.5682    24.5674 1.0000e-12     18.000          1       1249    1518.91 3.9495e+00  52571.368     52.020 1603844972       0.02      0.319   39.78656  -72.14784 0.0000e+00
     18.857    19.1801    34.4666  1024.6508     2.4525     5.0309     95.485    0.00032    5.26881    5.25964 -9.990e-29     0.4479    9.67135   4.645600 2.5345e-11    24.5684    24.5675 1.0000e-12     19.000          1       1294    1518.90 3.9495e+00  52568.843     53.854 1603844973       0.03      0.547   39.78656  -72.14785 0.0000e+00
     19.846    19.1951    34.4720  1024.6555     2.4523     5.0287     95.455   -0.00022    5.26818    5.25901 -9.990e-29     0.4961    9.67027   4.647743 2.5320e-11    24.5687    24.5678 1.0000e-12     20.000          1       1348    1518.96 3.9495e+00  52575.794     56.105 1603844976      -0.00      0.429   39.78656  -72.14786 0.0000e+00
     20.837    19.1972    34.4727  1024.6598     2.4507     5.0236     95.367   -0.00065    5.26770    5.25853 -9.990e-29     0.4555    9.66946   4.648097 2.5320e-11    24.5688    24.5678 1.0000e-12     21.000          1       1407    1518.99 3.9495e+00  52577.075     58.563 1603844978      -0.03      0.393   39.78656  -72.14786 0.0000e+00
     21.831    19.2033    34.4752  1024.6645     2.4478     5.0145     95.202   -0.00135    5.26727    5.25809 -9.990e-29     0.4550    9.66873   4.649010 2.5320e-11    24.5692    24.5682 1.0000e-12     22.000          1       1457    1519.02 3.9495e+00  52580.620     60.678 1603844980       0.03      0.492   39.78656  -72.14786 0.0000e+00
     22.822    19.2074    34.4769  1024.6692     2.4480     5.0192     95.289   -0.00002    5.26729    5.25811 -9.990e-29     0.4803    9.66877   4.649713 2.5320e-11    24.5695    24.5684 1.0000e-12     23.000          1       1502    1519.05 3.9495e+00  52583.165     62.549 1603844982       0.10      0.520   39.78656  -72.14786 0.0000e+00
     23.812    19.2081    34.4768  1024.6733     2.4477     5.0199     95.293   -0.00007    5.26792    5.25874      8.441     0.4448    9.66982   4.649742 6.6050e+04    24.5693    24.5682 1.0000e-12     24.000          1       1567    1519.07 1.3408e+00  52583.517     65.259 1603844985       0.01      0.314   39.78654  -72.14787 0.0000e+00
     24.808    19.1998    34.4745  1024.6780     2.4470     5.0164     95.238   -0.00071    5.26729    5.25811      8.409     0.4636    9.66876   4.648597 9.9554e+04    24.5697    24.5685 1.0000e-12     25.000          1       1613    1519.06 1.7559e-02  52581.278     67.163 1603844987       0.42      0.596   39.78654  -72.14788 0.0000e+00
     25.802    19.2004    34.4753  1024.6829     2.4464     5.0160     95.231   -0.00030    5.26714    5.25796      8.403     0.4982    9.66851   4.648911 8.0894e+03    24.5702    24.5690 1.0000e-12     26.000          1       1646    1519.08 3.3779e+00  52582.929     68.521 1603844988      -0.07      0.774   39.78654  -72.14788 0.0000e+00
     26.793    19.2075    34.4778  1024.6873     2.4447     5.0101     95.135   -0.00079    5.26637    5.25719      8.407     0.4802    9.66719   4.649938 5.4222e+02    24.5703    24.5691 1.0000e-12     27.000          1       1698    1519.12 3.9013e+00  52586.328     70.693 1603844990      -0.15      0.473   39.78654  -72.14788 0.0000e+00
     27.780    19.2130    34.4811  1024.6928     2.4433     5.0068     95.115   -0.00025    5.26391    5.25472      8.414     0.4293    9.66301   4.650958 2.5320e-11    24.5715    24.5702 1.0000e-12     28.000          1       1767    1519.15 3.9495e+00  52591.059     73.574 1603844993       0.21      0.329   39.78654  -72.14788 0.0000e+00
     28.779    19.2255    34.4877  1024.6990     2.4443     5.0120     95.215    0.00069    5.26389    5.25469      8.417     0.4572    9.66297   4.653228 2.5320e-11    24.5733    24.5720 1.0000e-12     29.000          1       1802    1519.22 3.9495e+00  52599.656     75.038 1603844995       0.13      0.637   39.78654  -72.14789 0.0000e+00
     29.769    19.2377    34.4923  1024.7038     2.4430     5.0056     95.101   -0.00052    5.26347    5.25427      8.423     0.4375    9.66225   4.654885 2.5320e-11    24.5738    24.5725 1.0000e-12     30.000          1       1858    1519.27 3.9495e+00  52605.759     77.378 1603844997      -0.13      0.412   39.78654  -72.14790 0.0000e+00
     30.757    19.2421    34.4943  1024.7086     2.4410     5.0003     94.998   -0.00090    5.26355    5.25435      8.446     0.4095    9.66239   4.655597 2.5320e-11    24.5743    24.5729 1.0000e-12     31.000          1       1921    1519.30 3.9495e+00  52608.723     80.005 1603845000       0.08      0.410   39.78654  -72.14790 0.0000e+00
     31.754    19.2404    34.4937  1024.7130     2.4401     4.9992     94.980   -0.00051    5.26345    5.25425      8.448     0.4338    9.66223   4.655349 2.5320e-11    24.5743    24.5728 1.0000e-12     32.000          1       1958    1519.31 3.9495e+00  52608.533     81.540 1603845001       0.19      0.614   39.78654  -72.14791 0.0000e+00
     32.746    19.2418    34.4942  1024.7173     2.4400     5.0001     94.999   -0.00033    5.26330    5.25410      8.507     0.4182    9.66196   4.655628 2.5320e-11    24.5743    24.5728 1.0000e-12     33.000          1       2024    1519.34 3.9495e+00  52609.482     84.283 1603845004       0.04      0.370   39.78653  -72.14792 0.0000e+00
     33.735    19.2448    34.4950  1024.7216     2.4398     5.0000     95.005   -0.00042    5.26286    5.25365      8.554     0.3995    9.66121   4.656036 2.5320e-11    24.5742    24.5727 1.0000e-12     34.000          1       2089    1519.36 3.9495e+00  52610.934     86.988 1603845007       0.26      0.511   39.78652  -72.14792 0.0000e+00
     34.731    19.2434    34.4944  1024.7259     2.4395     4.9999     95.006   -0.00017    5.26274    5.25353      8.548     0.4223    9.66101   4.655868 2.5320e-11    24.5742    24.5726 1.0000e-12     35.000          1       2120    1519.37 3.9495e+00  52610.725     88.282 1603845008       0.10      0.725   39.78652  -72.14792 0.0000e+00
     35.726    19.2466    34.4960  1024.7306     2.4397     5.0005     95.021   -0.00017    5.26251    5.25330      8.544     0.4099    9.66062   4.656434 5.7678e+03    24.5746    24.5730 1.0000e-12     36.000          1       2165    1519.40 3.6932e+00  52613.117     90.184 1603845010      -0.13      0.573   39.78653  -72.14792 0.0000e+00
     36.708    19.2507    34.4981  1024.7355     2.4375     4.9922     94.889   -0.00109    5.26106    5.25184      8.538     0.4041    9.65815   4.657173 1.0469e+05    24.5752    24.5735 1.0000e-12     37.000          1       2256    1519.43 -1.835e-01  52616.352     93.961 1603845014       0.47      0.257   39.78652  -72.14792 0.0000e+00
     37.710    19.2569    34.5007  1024.7403     2.4366     4.9899     94.868   -0.00081    5.25981    5.25059      8.532     0.4013    9.65601   4.658157 1.3980e+04    24.5756    24.5739 1.0000e-12     38.000          1       2288    1519.47 3.2667e+00  52619.847     95.293 1603845015       0.02      0.681   39.78652  -72.14792 0.0000e+00
     38.696    19.2650    34.5054  1024.7462     2.4356     4.9906     94.856   -0.00036    5.26119    5.25197      8.496     0.3937    9.65836   4.659609 -3.779e+02    24.5772    24.5754 1.0000e-12     39.000          1       2336    1519.51 3.9700e+00  52626.271     97.304 1603845017      -0.04      0.472   39.78652  -72.14792 0.0000e+00
     39.694    19.2714    34.5081  1024.7510     2.4343     4.9809     94.763   -0.00082    5.25609    5.24684      8.511     0.4153    9.64966   4.660497 2.5320e-11    24.5777    24.5759 1.0000e-12     40.000          1       2378    1519.55 3.9495e+00  52630.159     99.040 1603845019       0.01      0.579   39.78652  -72.14794 0.0000e+00
     40.675    19.2956    34.5217  1024.7594     2.4329     4.9786     94.750   -0.00023    5.25441    5.24515      8.498     0.3160    9.64679   4.665066 2.5320e-11    24.5819    24.5800 1.0000e-12     41.000          1       2453    1519.65 3.9495e+00  52647.536    102.158 1603845022      -0.05      0.195   39.78652  -72.14794 0.0000e+00
     41.681    19.3168    34.5330  1024.7671     2.4304     4.9664     94.561   -0.00152    5.25200    5.24273      8.497     0.3758    9.64264   4.668278 2.5320e-11    24.5851    24.5832 1.0000e-12     42.000          1       2486    1519.74 3.9495e+00  52662.171    103.521 1603845023       0.17      0.672   39.78652  -72.14794 0.0000e+00
     42.664    19.3277    34.5409  1024.7746     2.4273     4.9560     94.424   -0.00149    5.24863    5.23934      8.487     0.2590    9.63677   4.670561 2.5320e-11    24.5884    24.5864 1.0000e-12     43.000          1       2543    1519.80 3.9495e+00  52672.727    105.900 1603845025      -0.15      0.390   39.78652  -72.14794 0.0000e+00
     43.659    19.3602    34.5654  1024.7893     2.4195     4.9281     93.903   -0.00430    5.24806    5.23877      8.483     0.2361    9.63578   4.676760 2.5320e-11    24.5988    24.5968 1.0000e-12     44.000          1       2587    1519.93 3.9495e+00  52704.618    107.746 1603845027       0.17      0.552   39.78652  -72.14794 0.0000e+00
     44.656    19.3686    34.5789  1024.8019     2.4170     4.9287     93.917   -0.00192    5.24796    5.23867      8.477     0.2806    9.63560   4.679189 6.6165e+04    24.6070    24.6049 1.0000e-12     45.000          1       2628    1519.99 1.3363e+00  52722.917    109.447 1603845029      -0.08      0.597   39.78650  -72.14794 0.0000e+00
     45.636    19.3731    34.5824  1024.8077     2.4134     4.9237     93.808   -0.00107    5.24871    5.23943      8.476     0.1892    9.63679   4.680012 4.9900e+04    24.6086    24.6064 1.0000e-12     46.000          1       2703    1520.02 1.8253e+00  52727.952    112.585 1603845032       0.02      0.198   39.78650  -72.14795 0.0000e+00
     46.639    19.3690    34.5861  1024.8161     2.4106     4.9143     93.616   -0.00219    5.24941    5.24013      8.413     0.2427    9.63794   4.680042 1.0148e+03    24.6125    24.6104 1.0000e-12     47.000          1       2739    1520.03 3.9071e+00  52733.730    114.065 1603845034       0.18      0.635   39.78650  -72.14796 0.0000e+00
