CalculateIndicators/WaterTemperature/Data/CTD_NYOS/20201027_C24.cnv
* Sea-Bird SBE 9 Data File:
* FileName = C:\Seabird 9 CTD\Data\2020\202010_offshore\20201027_C24.hex
* Software Version Seasave V 7.23.2
* Temperature SN = 4590
* Conductivity SN = 3228
* Number of Bytes Per Scan = 44
* Number of Voltage Words = 5
* Number of Scans Averaged by the Deck Unit = 1
* NMEA Latitude = 39 48.16 N
* NMEA Longitude = 072 29.90 W
* NMEA UTC (Time) = Oct 27 2020  11:42:48
* NMEA baud rate = 4800
** Ship: seawolf
** Station: 4.4
** Operator: sjw
# nquan = 31
# nvalues = 121                         
# units = specified
# name 0 = depSM: Depth [salt water, m]
# name 1 = t090C: Temperature [ITS-90, deg C]
# name 2 = sal00: Salinity, Practical [PSU]
# name 3 = density00: Density [density, kg/m^3]
# name 4 = sbeox0V: Oxygen raw, SBE 43 [V]
# name 5 = sbeox0ML/L: Oxygen, SBE 43 [ml/l]
# name 6 = sbeox0PS: Oxygen, SBE 43 [% saturation]
# name 7 = sbox0dV/dT: Oxygen, SBE 43 [dov/dt]
# name 8 = oxsolML/L: Oxygen Saturation, Garcia & Gordon [ml/l]
# name 9 = oxsatML/L: Oxygen Saturation, Weiss [ml/l]
# name 10 = ph: pH
# name 11 = flECO-AFL: Fluorescence, WET Labs ECO-AFL/FL [mg/m^3]
# name 12 = n2satML/L: Nitrogen Saturation [ml/l]
# name 13 = c0S/m: Conductivity [S/m]
# name 14 = cpar: CPAR/Corrected Irradiance [%]
# name 15 = sigma-é00: Density [sigma-theta, kg/m^3]
# name 16 = sigma-t00: Density [sigma-t, kg/m^3 ]
# name 17 = par: PAR/Irradiance, Biospherical/Licor
# name 18 = prDM: Pressure, Digiquartz [db]
# name 19 = pumps: Pump Status
# name 20 = scan: Scan Count
# name 21 = svCM: Sound Velocity [Chen-Millero, m/s]
# name 22 = spar: SPAR, Biospherical/Licor
# name 23 = specc: Specific Conductance [uS/cm]
# name 24 = timeS: Time, Elapsed [seconds]
# name 25 = timeY: Time, System [seconds]
# name 26 = accM: Acceleration [m/s^2]
# name 27 = dz/dtM: Descent Rate [m/s]
# name 28 = latitude: Latitude [deg]
# name 29 = longitude: Longitude [deg]
# name 30 = flag: flag
# span 0 =      1.957,     61.521       
# span 1 =    13.2432,    18.1229       
# span 2 =    33.7137,    34.1742       
# span 3 =  1024.4194,  1025.6995       
# span 4 =     1.8817,     2.4385       
# span 5 =     4.0187,     5.1112       
# span 6 =     67.861,     94.763       
# span 7 =   -0.03238,    0.02587       
# span 8 =    5.39362,    5.97580       
# span 9 =    5.38531,    5.97360       
# span 10 =      8.356,      8.580      
# span 11 =     0.0104,     0.4964      
# span 12 =    9.88433,   10.85236      
# span 13 =   3.984913,   4.476927      
# span 14 = 1.5829e-12, 2.7793e+01      
# span 15 =    24.4108,    25.4240      
# span 16 =    24.4106,    25.4223      
# span 17 = 1.0000e-12, 2.5355e+01      
# span 18 =      2.000,     62.000      
# span 19 =          1,          1      
# span 20 =       -141,      13696      
# span 21 =    1500.30,    1515.23      
# span 22 = 1.9747e+01, 9.1428e+01      
# span 23 =  51870.790,  52269.014      
# span 24 =     -5.905,    570.608      
# span 25 = 1603798964, 1603799540      
# span 26 =      -0.38,       0.67      
# span 27 =     -0.660,      1.120      
# span 28 =   39.80105,   39.80283      
# span 29 =  -72.49834,  -72.49697      
# span 30 = 0.0000e+00, 0.0000e+00      
# interval = decibars: 1                
# start_time = Oct 27 2020 11:42:50 [System UTC, first data scan.]
# bad_flag = -9.990e-29
*END*
[from data line 47]
     48.630    13.4869    33.7676  1025.5592     2.0282     4.4089     74.225   -0.02169    5.93995    5.93736      8.419     0.0517   10.79239   4.007944 2.4114e-12    25.3416    25.3402 1.0000e-12     49.000          1       2675    1501.16 4.1469e+01  52156.088    111.428 1603799081       0.14      1.120   39.80242  -72.49804 0.0000e+00
     49.618    13.2464    33.7381  1025.5897     1.9845     4.2650     71.706   -0.02682    5.94786    5.94535      8.408     0.0475   10.80571   3.984913 3.4496e-12    25.3675    25.3661 1.0000e-12     50.000          1       2712    1500.34 3.1620e+01  52147.697    112.946 1603799082      -0.25      0.771   39.80242  -72.49804 0.0000e+00
     50.604    13.3391    33.7696  1025.5999     1.9163     4.0724     68.759   -0.02145    5.92268    5.91991      8.372     0.0210   10.76330   4.000310 3.4630e-12    25.3733    25.3719 1.0000e-12     51.000          1       2819    1500.70 2.9043e+01  52178.975    117.406 1603799087       0.51      0.430   39.80239  -72.49802 0.0000e+00
     51.598    13.4050    33.7908  1025.6073     1.8923     4.0187     67.861   -0.01766    5.92196    5.91918 -9.990e-29     0.0187   10.76210   4.008587 3.3813e-12    25.3764    25.3749 1.0000e-12     52.000          1       2856    1500.96 2.9656e+01  52200.636    118.969 1603799088      -0.05      0.670   39.80238  -72.49803 0.0000e+00
     52.588    13.4066    33.7933  1025.6134     1.8817     4.0599     68.518   -0.00166    5.92530    5.92257      8.375     0.0170   10.76764   4.009469 2.7494e-12    25.3780    25.3765 1.0000e-12     53.000          1       2947    1500.99 3.8096e+01  52204.462    122.731 1603799092       0.10      0.278   39.80238  -72.49801 0.0000e+00
     53.579    13.3923    33.7940  1025.6213     1.8873     4.1017     69.185    0.00354    5.92858    5.92588      8.388     0.0330   10.77306   4.008438 2.2996e-12    25.3815    25.3800 1.0000e-12     54.000          1       3012    1500.96 4.3470e+01  52207.852    125.471 1603799095       0.18      0.517   39.80236  -72.49800 0.0000e+00
     54.575    13.3649    33.7941  1025.6314     1.8976     4.1367     69.767    0.00453    5.92930    5.92662      8.390     0.0283   10.77427   4.005995 2.3018e-12    25.3871    25.3856 1.0000e-12     55.000          1       3063    1500.88 4.3444e+01  52212.210    127.603 1603799097      -0.09      0.468   39.80236  -72.49800 0.0000e+00
     55.556    13.3449    33.7931  1025.6391     1.9087     4.1633     70.087    0.00097    5.94023    5.93769      8.406     0.0292   10.79223   4.004293 3.5443e-12    25.3903    25.3888 1.0000e-12     56.000          1       3181    1500.84 2.8839e+01  52213.958    132.480 1603799102       0.20      0.129   39.80234  -72.49800 0.0000e+00
     56.558    13.2987    33.8001  1025.6584     1.9210     4.2302     71.231    0.00846    5.93872    5.93615      8.428     0.0429   10.78975   4.000385 3.1377e-12    25.4052    25.4036 1.0000e-12     57.000          1       3206    1500.71 3.2376e+01  52230.494    133.536 1603799103       0.39      0.630   39.80234  -72.49800 0.0000e+00
     57.554    13.2659    33.8056  1025.6738     1.9330     4.2531     71.626    0.00567    5.93785    5.93527      8.447     0.0349   10.78824   3.998283 2.1539e-12    25.4161    25.4145 1.0000e-12     58.000          1       3274    1500.62 4.6057e+01  52243.103    136.389 1603799106       0.17      0.608   39.80233  -72.49799 0.0000e+00
     58.541    13.2728    33.8082  1025.6789     1.9421     4.2704     71.931    0.00359    5.93685    5.93427      8.469     0.0329   10.78654   3.999480 2.2018e-12    25.4167    25.4151 1.0000e-12     59.000          1       3345    1500.66 4.5417e+01  52246.304    139.319 1603799109       0.47      0.741   39.80232  -72.49798 0.0000e+00
     59.546    13.2806    33.8165  1025.6882     1.9488     4.2953     72.345    0.00469    5.93730    5.93473      8.468     0.0288   10.78729   4.001132 2.4461e-12    25.4216    25.4199 1.0000e-12     60.000          1       3390    1500.72 4.1717e+01  52257.315    141.225 1603799111       0.09      0.843   39.80232  -72.49798 0.0000e+00
     60.537    13.2801    33.8176  1025.6936     1.9555     4.3034     72.464    0.00169    5.93868    5.93612      8.461     0.0478   10.78956   4.001260 2.9190e-12    25.4225    25.4209 1.0000e-12     61.000          1       3486    1500.73 3.4538e+01  52259.450    145.223 1603799115       0.14      0.787   39.80230  -72.49796 0.0000e+00
     61.521    13.2616    33.8146  1025.6995     1.9581     4.3045     72.473   -0.00003    5.93947    5.93692      8.453     0.0364   10.79088   3.999272 2.3780e-12    25.4240    25.4223 1.0000e-12     62.000          1       3956    1500.68 4.3351e+01  52258.322    164.780 1603799134      -0.05      0.104   39.80225  -72.49792 0.0000e+00
     60.524    13.2809    33.8149  1025.6913     1.9585     4.3036     72.483    0.00008    5.93739    5.93481      8.406     0.0560   10.78746   4.001124 1.8903e-12    25.4203    25.4186 1.0000e-12     61.000          1       5100    1500.73 3.0938e+01  52255.638    212.462 1603799182      -0.05     -0.572   39.80212  -72.49778 0.0000e+00
     59.532    13.2801    33.8135  1025.6860     1.9569     4.2941     72.322   -0.00090    5.93745    5.93488      8.401     0.0553   10.78759   4.000853 1.6930e-12    25.4194    25.4177 1.0000e-12     60.000          1       5185    1500.71 5.8655e+01  52253.254    216.003 1603799185       0.07     -0.565   39.80212  -72.49778 0.0000e+00
     58.542    13.2790    33.8101  1025.6790     1.9520     4.2761     72.007   -0.00174    5.93840    5.93584      8.398     0.0351   10.78923   4.000315 1.6646e-12    25.4169    25.4153 1.0000e-12     59.000          1       5252    1500.69 6.0089e+01  52248.016    218.798 1603799188       0.04     -0.317   39.80210  -72.49778 0.0000e+00
     57.544    13.2719    33.8048  1025.6719     1.9469     4.2551     71.689   -0.00250    5.93553    5.93292      8.395     0.0104   10.78457   3.998981 1.6352e-12    25.4142    25.4126 1.0000e-12     58.000          1       5310    1500.64 6.1156e+01  52241.165    221.197 1603799191      -0.29     -0.494   39.80210  -72.49776 0.0000e+00
     56.559    13.2830    33.7986  1025.6605     1.9375     4.2173     71.092   -0.00420    5.93207    5.92941      8.389     0.0371   10.77891   3.999522 1.6335e-12    25.4072    25.4056 1.0000e-12     57.000          1       5367    1500.65 6.1217e+01  52230.535    223.583 1603799193       0.13     -0.412   39.80209  -72.49776 0.0000e+00
     55.563    13.3160    33.7898  1025.6424     1.9253     4.1714     70.376   -0.00566    5.92723    5.92451      8.386     0.0207   10.77092   4.001700 1.6335e-12    25.3936    25.3921 1.0000e-12     56.000          1       5417    1500.73 6.1217e+01  52213.234    225.658 1603799195      -0.03     -0.504   39.80208  -72.49776 0.0000e+00
     54.573    13.3667    33.7862  1025.6250     1.9031     4.0999     69.190   -0.00683    5.92557    5.92283      8.365     0.0225   10.76815   4.006144 1.6176e-12    25.3806    25.3791 1.0000e-12     55.000          1       5492    1500.88 6.3354e+01  52201.010    228.775 1603799198       0.05     -0.266   39.80208  -72.49774 0.0000e+00
     53.580    13.3834    33.7864  1025.6172     1.8932     4.0845     68.934   -0.00351    5.92528    5.92254      8.356     0.0221   10.76773   4.007636 1.5829e-12    25.3774    25.3759 1.0000e-12     54.000          1       5556    1500.92 6.3192e+01  52198.553    231.466 1603799201      -0.03     -0.436   39.80206  -72.49774 0.0000e+00
     52.586    13.3890    33.7852  1025.6107     1.8881     4.0750     68.756   -0.00248    5.92679    5.92405      8.360     0.0337   10.77035   4.007933 6.1424e-03    25.3753    25.3738 3.8814e-03     53.000          1       5606    1500.92 6.3192e+01  52195.515    233.556 1603799203      -0.06     -0.490   39.80206  -72.49774 0.0000e+00
     51.596    13.3754    33.7718  1025.5987     1.8855     4.0841     68.764   -0.00062    5.93928    5.93668      8.371     0.0337   10.79135   4.004978 4.2584e-02    25.3677    25.3662 2.0717e-02     52.000          1       5680    1500.84 5.2839e+01  52178.258    236.642 1603799206       0.08     -0.293   39.80206  -72.49773 0.0000e+00
     50.603    13.2709    33.7428  1025.5928     1.9196     4.2535     71.655    0.01630    5.93619    5.93354      8.394     0.0646   10.78648   3.991353 7.2740e-02    25.3662    25.3648 3.5129e-02     51.000          1       5756    1500.45 4.8428e+01  52151.316    239.812 1603799209      -0.11     -0.375   39.80205  -72.49772 0.0000e+00
     49.616    13.2432    33.7137  1025.5715     1.9784     4.4431     75.194    0.02587    5.90873    5.90577      8.411     0.0810   10.74058   3.986801 8.0179e-02    25.3492    25.3479 5.0804e-02     50.000          1       5815    1500.30 5.7620e+01  52114.302    242.245 1603799212      -0.02     -0.396   39.80204  -72.49772 0.0000e+00
     48.616    13.4958    33.7442  1025.5393     2.0162     4.4733     76.012    0.01212    5.88502    5.88179      8.422     0.0918   10.70122   4.013947 1.0402e-01    25.3218    25.3204 6.7772e-02     49.000          1       5890    1501.16 6.5107e+01  52122.456    245.377 1603799215      -0.18     -0.328   39.80204  -72.49772 0.0000e+00
     47.633    13.6080    33.7567  1025.5217     2.0534     4.4811     77.649    0.01189    5.77089    5.76639      8.422     0.1071   10.51098   4.025855 1.2818e-01    25.3086    25.3073 8.5863e-02     48.000          1       5970    1501.53 6.7009e+01  52124.806    248.727 1603799218      -0.01     -0.389   39.80202  -72.49771 0.0000e+00
     46.633    14.2843    33.8171  1025.4220     2.0892     4.5850     79.693    0.01657    5.75348    5.74880      8.422     0.1092   10.48181   4.100241 1.5966e-01    25.2141    25.2126 1.0714e-01     47.000          1       6015    1503.78 6.7096e+01  52125.333    250.593 1603799220       0.08     -0.473   39.80202  -72.49770 0.0000e+00
     45.647    14.8991    33.8983  1025.3492     2.1197     4.5784     80.284    0.00440    5.70284    5.69761      8.434     0.1245   10.39764   4.165727 2.0710e-01    25.1462    25.1447 1.3419e-01     46.000          1       6104    1505.83 6.5423e+01  52165.228    254.295 1603799224      -0.09     -0.200   39.80201  -72.49770 0.0000e+00
     44.649    15.1468    33.8993  1025.2910     2.1249     4.5696     80.403    0.00276    5.68345    5.67803      8.425     0.1219   10.36521   4.190545 3.1050e-01    25.0926    25.0911 1.5822e-01     45.000          1       6157    1506.60 5.1823e+01  52139.601    256.481 1603799226       0.04     -0.424   39.80200  -72.49768 0.0000e+00
     43.664    15.4503    33.9338  1025.2462     2.1205     4.5215     79.774   -0.00308    5.66787    5.66230      8.413     0.1220   10.33919   4.221998 2.7719e-01    25.0525    25.0510 1.8519e-01     44.000          1       6234    1507.58 6.6951e+01  52154.484    259.693 1603799229      -0.16     -0.242   39.80200  -72.49769 0.0000e+00
     42.666    15.5184    33.9417  1025.2326     2.1074     4.4759     78.963   -0.00565    5.66831    5.66273      8.404     0.1308   10.33990   4.229192 3.8260e-01    25.0434    25.0419 2.2243e-01     43.000          1       6284    1507.79 5.9955e+01  52158.066    261.794 1603799231       0.07     -0.432   39.80199  -72.49768 0.0000e+00
     41.676    15.5429    33.9468  1025.2266     2.0962     4.4461     78.582   -0.00279    5.65799    5.65230      8.387     0.1336   10.32289   4.231191 5.2289e-01    25.0418    25.0403 2.6142e-01     42.000          1       6361    1507.85 4.9777e+01  52161.926    265.019 1603799235      -0.02     -0.283   39.80198  -72.49768 0.0000e+00
     40.680    15.6441    33.9401  1025.1943     2.0692     4.3549     77.056   -0.00581    5.65155    5.64579      8.374     0.1499   10.31217   4.240385 5.1072e-01    25.0140    25.0125 2.9812e-01     41.000          1       6455    1508.14 5.9053e+01  52141.986    268.904 1603799238      -0.05     -0.231   39.80197  -72.49767 0.0000e+00
     39.689    16.1618    33.9763  1025.1003     2.0973     4.4314     79.129    0.00607    5.60074    5.59447      8.356     0.1797   10.22734   4.294603 5.0959e-01    24.9247    24.9233 3.9868e-01     40.000          1       7484    1509.77 7.7993e+01  52141.186    311.782 1603799281      -0.06     -0.379   39.80183  -72.49757 0.0000e+00
     38.697    16.3478    34.0033  1025.0739     2.1264     4.4804     80.435    0.00501    5.57014    5.56357      8.365     0.2146   10.17633   4.314473 5.7735e-01    24.9029    24.9014 4.6502e-01     39.000          1       7814    1510.36 8.0565e+01  52160.478    325.550 1603799295      -0.19     -0.263   39.80179  -72.49753 0.0000e+00
     37.706    16.4056    34.0120  1025.0628     2.1352     4.4889     80.703    0.00279    5.56230    5.55566      8.372     0.2095   10.16324   4.321045 6.3411e-01    24.8962    24.8948 5.1355e-01     38.000          1       7872    1510.53 8.0990e+01  52166.725    327.946 1603799297       0.01     -0.410   39.80178  -72.49752 0.0000e+00
     36.712    16.4706    34.0199  1025.0494     2.1435     4.5066     81.114    0.00310    5.55595    5.54925      8.374     0.2482   10.15260   4.328216 7.1040e-01    24.8872    24.8858 5.7517e-01     37.000          1       7932    1510.72 8.0964e+01  52171.102    330.459 1603799300       0.03     -0.391   39.80177  -72.49752 0.0000e+00
     35.722    16.5522    34.0324  1025.0356     2.1557     4.5251     81.713    0.00368    5.53778    5.53090      8.380     0.2289   10.12230   4.337453 8.4262e-01    24.8779    24.8765 6.6330e-01     36.000          1       8021    1510.96 7.9198e+01  52180.350    334.177 1603799304      -0.01     -0.235   39.80176  -72.49751 0.0000e+00
     34.730    16.6930    34.0442  1025.0074     2.1880     4.5959     83.801    0.01353    5.48448    5.47709      8.402     0.2453   10.03347   4.353287 1.1857e+00    24.8541    24.8528 7.2181e-01     35.000          1       8092    1511.39 6.0858e+01  52183.679    337.115 1603799307      -0.07     -0.407   39.80174  -72.49750 0.0000e+00
     33.736    16.9870    34.0609  1024.9466     2.2393     4.7506     86.982    0.02545    5.46146    5.45387      8.412     0.2947    9.99485   4.385055 1.0925e+00    24.7978    24.7965 7.8739e-01     34.000          1       8141    1512.28 7.2788e+01  52180.874    339.173 1603799309      -0.05     -0.488   39.80174  -72.49750 0.0000e+00
     32.747    17.4884    34.1281  1024.8741     2.2859     4.8172     88.484    0.01316    5.44426    5.43651      8.417     0.3032    9.96601   4.442883 1.0991e+00    24.7300    24.7287 8.9915e-01     33.000          1       8239    1513.84 8.1789e+01  52231.933    343.232 1603799313      -0.13     -0.287   39.80173  -72.49749 0.0000e+00
     31.746    17.6666    34.1516  1024.8444     2.2991     4.8147     88.706    0.00663    5.42771    5.41982      8.414     0.3068    9.93842   4.461304 1.1902e+00    24.7049    24.7036 9.8445e-01     32.000          1       8300    1514.37 8.2698e+01  52249.675    345.807 1603799315      -0.04     -0.585   39.80172  -72.49748 0.0000e+00
     30.769    17.7421    34.1574  1024.8262     2.3095     4.8159     88.866    0.00134    5.41922    5.41123      8.423     0.2828    9.92469   4.468093 1.3472e+00    24.6910    24.6897 1.0717e+00     31.000          1       8407    1514.59 8.0227e+01  52251.381    350.257 1603799320      -0.30     -0.173   39.80171  -72.49748 0.0000e+00
     29.762    17.7750    34.1362  1024.7975     2.3131     4.8292     89.114    0.00248    5.41920    5.41121      8.423     0.2810    9.92460   4.468953 2.0200e+00    24.6667    24.6655 1.1936e+00     30.000          1       8435    1514.64 5.9485e+01  52219.480    351.437 1603799321      -0.23     -0.660   39.80170  -72.49746 0.0000e+00
