CalculateIndicators/WaterTemperature/Data/CTD_NYOS/20201027_C25.cnv
* Sea-Bird SBE 9 Data File:
* FileName = C:\Seabird 9 CTD\Data\2020\202010_offshore\20201027_C25.hex
* Software Version Seasave V 7.23.2
* Temperature SN = 4590
* Conductivity SN = 3228
* Number of Bytes Per Scan = 44
* Number of Voltage Words = 5
* Number of Scans Averaged by the Deck Unit = 1
* NMEA Latitude = 39 31.41 N
* NMEA Longitude = 072 23.58 W
* NMEA UTC (Time) = Oct 27 2020  14:30:11
* NMEA baud rate = 4800
** Ship: seawolf
** Station: 4.5
** Operator: EIH
# nquan = 31
# nvalues = 604                         
# units = specified
# name 0 = depSM: Depth [salt water, m]
# name 1 = t090C: Temperature [ITS-90, deg C]
# name 2 = sal00: Salinity, Practical [PSU]
# name 3 = density00: Density [density, kg/m^3]
# name 4 = sbeox0V: Oxygen raw, SBE 43 [V]
# name 5 = sbeox0ML/L: Oxygen, SBE 43 [ml/l]
# name 6 = sbeox0PS: Oxygen, SBE 43 [% saturation]
# name 7 = sbox0dV/dT: Oxygen, SBE 43 [dov/dt]
# name 8 = oxsolML/L: Oxygen Saturation, Garcia & Gordon [ml/l]
# name 9 = oxsatML/L: Oxygen Saturation, Weiss [ml/l]
# name 10 = ph: pH
# name 11 = flECO-AFL: Fluorescence, WET Labs ECO-AFL/FL [mg/m^3]
# name 12 = n2satML/L: Nitrogen Saturation [ml/l]
# name 13 = c0S/m: Conductivity [S/m]
# name 14 = cpar: CPAR/Corrected Irradiance [%]
# name 15 = sigma-é00: Density [sigma-theta, kg/m^3]
# name 16 = sigma-t00: Density [sigma-t, kg/m^3 ]
# name 17 = par: PAR/Irradiance, Biospherical/Licor
# name 18 = prDM: Pressure, Digiquartz [db]
# name 19 = pumps: Pump Status
# name 20 = scan: Scan Count
# name 21 = svCM: Sound Velocity [Chen-Millero, m/s]
# name 22 = spar: SPAR, Biospherical/Licor
# name 23 = specc: Specific Conductance [uS/cm]
# name 24 = timeS: Time, Elapsed [seconds]
# name 25 = timeY: Time, System [seconds]
# name 26 = accM: Acceleration [m/s^2]
# name 27 = dz/dtM: Descent Rate [m/s]
# name 28 = latitude: Latitude [deg]
# name 29 = longitude: Longitude [deg]
# name 30 = flag: flag
# span 0 =      0.945,    300.475       
# span 1 =    10.2110,    19.7295       
# span 2 =    34.5304,    35.7620       
# span 3 =  1024.7005,  1028.5421       
# span 4 =     1.4229,     2.4548       
# span 5 =     2.9599,     4.9720       
# span 6 =     47.749,     95.395       
# span 7 =   -0.02506,    0.02743       
# span 8 =    5.20546,    6.27174       
# span 9 =    5.19593,    6.27485       
# span 10 =      8.318,      8.514      
# span 11 =    -0.0785,     0.2075      
# span 12 =    9.56242,   11.32335      
# span 13 =   3.875494,   4.746959      
# span 14 = 1.6988e-13, 4.5163e+01      
# span 15 =    24.6953,    27.1835      
# span 16 =    24.6949,    27.1772      
# span 17 = 1.0000e-12, 2.4794e+02      
# span 18 =      1.000,    303.000      
# span 19 =          1,          1      
# span 20 =        760,      41937      
# span 21 =    1495.98,    1521.29      
# span 22 = 1.7954e+02, 6.0704e+02      
# span 23 =  52885.528,  55029.325      
# span 24 =     31.632,   1747.331      
# span 25 = 1603809044, 1603810760      
# span 26 =      -1.32,       1.11      
# span 27 =     -1.488,      1.143      
# span 28 =   39.51562,   39.52348      
# span 29 =  -72.39302,  -72.39106      
# span 30 = 0.0000e+00, 0.0000e+00      
# interval = decibars: 1                
# start_time = Oct 27 2020 14:30:12 [System UTC, first data scan.]
# bad_flag = -9.990e-29
*END*
[from data line 375]
    227.131    11.4559    35.4689  1028.0835     1.4559     2.9852     48.980    0.00032    6.09472    6.09544      8.323    -0.0482   11.02914   4.005743 2.3873e-13    27.0621    27.0567 1.0000e-12    229.000          1      25215    1499.30 4.1888e+02  54930.243   1050.588 1603810063      -0.04     -0.240   39.51886  -72.39142 0.0000e+00
    226.138    11.5095    35.4755  1028.0738     1.4575     2.9891     49.075    0.00063    6.09082    6.09149      8.325    -0.0624   11.02265   4.011595 2.3986e-13    27.0572    27.0517 1.0000e-12    228.000          1      25276    1499.48 4.1691e+02  54929.196   1053.135 1603810066       0.01     -0.402   39.51886  -72.39142 0.0000e+00
    225.153    11.5408    35.4797  1028.0667     1.4589     2.9904     49.131    0.00060    6.08661    6.08722      8.327    -0.0488   11.01563   4.014961 2.4346e-13    27.0546    27.0492 1.0000e-12    227.000          1      25333    1499.57 4.1074e+02  54928.942   1055.497 1603810068      -0.08     -0.413   39.51884  -72.39142 0.0000e+00
    224.155    11.5525    35.4817  1028.0615     1.4601     2.9958     49.212    0.00079    6.08746    6.08809      8.322    -0.0454   11.01704   4.016260 2.4069e-13    27.0539    27.0485 1.0000e-12    226.000          1      25364    1499.60 4.1549e+02  54929.039   1056.783 1603810069      -0.24     -0.689   39.51883  -72.39141 0.0000e+00
    223.158    11.5765    35.4849  1028.0549     1.4608     2.9965     49.229    0.00067    6.08687    6.08749      8.322    -0.0572   11.01607   4.018834 2.3807e-13    27.0519    27.0465 1.0000e-12    225.000          1      25422    1499.67 4.2003e+02  54928.559   1059.204 1603810072      -0.15     -0.612   39.51882  -72.39141 0.0000e+00
    222.169    11.5809    35.4854  1028.0499     1.4627     3.0021     49.325    0.00090    6.08627    6.08687      8.323    -0.0536   11.01509   4.019093 2.4089e-13    27.0515    27.0461 1.0000e-12    224.000          1      25496    1499.67 4.1513e+02  54927.922   1062.285 1603810075      -0.61     -0.743   39.51882  -72.39142 0.0000e+00
    221.177    11.5814    35.4840  1028.0443     1.4664     3.0218     49.649    0.00252    6.08639    6.08700      8.324    -0.0676   11.01531   4.018940 2.4158e-13    27.0502    27.0449 1.0000e-12    223.000          1      25525    1499.65 4.1393e+02  54925.236   1063.484 1603810076       0.14     -0.925   39.51880  -72.39142 0.0000e+00
    220.186    11.5818    35.4823  1028.0384     1.4720     3.0419     49.983    0.00316    6.08589    6.08649 -9.990e-29    -0.0626   11.01447   4.018702 2.4240e-13    27.0488    27.0434 1.0000e-12    222.000          1      25572    1499.64 4.1276e+02  54922.118   1065.445 1603810078       0.00     -0.562   39.51880  -72.39142 0.0000e+00
    219.199    11.5793    35.4812  1028.0336     1.4772     3.0443     50.066    0.00131    6.08051    6.08104 -9.990e-29    -0.0465   11.00551   4.018262 2.3588e-13    27.0484    27.0430 1.0000e-12    221.000          1      25655    1499.61 4.2395e+02  54920.473   1068.914 1603810081      -1.07     -0.525   39.51878  -72.39142 0.0000e+00
    218.193    11.5903    35.4822  1028.0277     1.4779     3.0435     50.088    0.00123    6.07641    6.07689 -9.990e-29    -0.0462   10.99868   4.019554 2.3690e-13    27.0471    27.0418 1.0000e-12    220.000          1      25677    1499.63 4.2211e+02  54919.308   1069.854 1603810082      -0.19     -1.089   39.51878  -72.39142 0.0000e+00
    217.223    11.6236    35.4878  1028.0213     1.4763     3.0264     49.830   -0.00089    6.07344    6.07389      8.324    -0.0659   10.99374   4.023441 2.3641e-13    27.0452    27.0399 1.0000e-12    219.000          1      25724    1499.74 4.2300e+02  54920.705   1071.773 1603810084       0.29     -0.480   39.51876  -72.39142 0.0000e+00
    216.220    11.6750    35.4953  1028.0127     1.4742     3.0198     49.740   -0.00060    6.07112    6.07154      8.324    -0.0496   10.98988   4.029100 2.3457e-13    27.0413    27.0360 1.0000e-12    218.000          1      25789    1499.91 4.2607e+02  54921.468   1074.497 1603810087      -0.19     -0.337   39.51875  -72.39142 0.0000e+00
    215.242    11.6981    35.4989  1028.0066     1.4745     3.0214     49.831    0.00057    6.06316    6.06347      8.337    -0.0601   10.97668   4.031569 2.3435e-13    27.0397    27.0344 1.0000e-12    217.000          1      25872    1499.97 -9.990e-29  54921.745   1077.963 1603810090       0.01     -0.352   39.51874  -72.39142 0.0000e+00
    214.241    11.7081    35.5007  1028.0016     1.4757     3.0232     49.881    0.00052    6.06087    6.06115      8.352    -0.0524   10.97288   4.032882 2.3444e-13    27.0392    27.0339 1.0000e-12    216.000          1      25899    1499.99 4.2654e+02  54921.927   1079.084 1603810091      -0.59     -0.640   39.51872  -72.39142 0.0000e+00
    213.246    11.7489    35.5008  1027.9892     1.4811     3.0481     50.335    0.00284    6.05557    6.05577      8.340    -0.0578   10.96409   4.036784 2.3363e-13    27.0315    27.0262 1.0000e-12    215.000          1      25934    1500.12 4.2803e+02  54914.349   1080.551 1603810093       0.17     -0.730   39.51872  -72.39140 0.0000e+00
    212.258    11.8009    35.5032  1027.9765     1.4910     3.0813     50.919    0.00400    6.05131    6.05145      8.328    -0.0584   10.95707   4.042178 2.3247e-13    27.0235    27.0182 1.0000e-12    214.000          1      25994    1500.28 4.3016e+02  54908.179   1083.025 1603810095      -0.07     -0.395   39.51871  -72.39140 0.0000e+00
    211.277    11.8542    35.5035  1027.9620     1.5033     3.1209     51.598    0.00485    6.04863    6.04874      8.338    -0.0600   10.95266   4.047131 2.3577e-13    27.0136    27.0083 1.0000e-12    213.000          1      26057    1500.45 4.2430e+02  54898.848   1085.656 1603810098       0.01     -0.342   39.51870  -72.39142 0.0000e+00
    210.274    11.8614    35.5003  1027.9536     1.5121     3.1441     52.050    0.00512    6.04060    6.04060      8.330    -0.0658   10.93931   4.047456 2.4437e-13    27.0097    27.0044 1.0000e-12    212.000          1      26097    1500.45 4.0950e+02  54892.561   1087.327 1603810100       0.09     -0.536   39.51869  -72.39142 0.0000e+00
    209.291    11.8948    35.5025  1027.9444     1.5203     3.1529     52.264    0.00289    6.03259    6.03249      8.329    -0.0672   10.92602   4.051164 2.3140e-13    27.0050    26.9998 1.0000e-12    211.000          1      26154    1500.55 4.3204e+02  54889.429   1089.716 1603810102      -0.33     -0.317   39.51868  -72.39142 0.0000e+00
    208.293    11.9747    35.5087  1027.9290     1.5224     3.1496     52.243    0.00144    6.02871    6.02856      8.329    -0.0498   10.91961   4.059534 2.3252e-13    26.9945    26.9892 1.0000e-12    210.000          1      26202    1500.82 4.3007e+02  54883.782   1091.701 1603810104       0.11     -0.456   39.51866  -72.39142 0.0000e+00
    207.305    12.0155    35.5106  1027.9181     1.5277     3.1676     52.584    0.00253    6.02386    6.02364 -9.990e-29    -0.0528   10.91158   4.063581 2.3337e-13    26.9881    26.9828 1.0000e-12    209.000          1      26261    1500.94 4.2850e+02  54878.946   1094.162 1603810107      -0.31     -0.423   39.51866  -72.39142 0.0000e+00
    206.309    12.0442    35.5107  1027.9081     1.5312     3.1763     52.738    0.00236    6.02278    6.02255 -9.990e-29    -0.0508   10.90979   4.066322 2.3328e-13    26.9828    26.9775 1.0000e-12    208.000          1      26297    1501.02 4.2866e+02  54873.812   1095.657 1603810108      -0.00     -0.664   39.51865  -72.39142 0.0000e+00
    205.321    12.0667    35.5112  1027.8995     1.5345     3.1812     52.847    0.00175    6.01975    6.01948 -9.990e-29    -0.0462   10.90477   4.068407 2.3263e-13    26.9787    26.9734 1.0000e-12    207.000          1      26343    1501.08 4.2987e+02  54870.034   1097.581 1603810110       0.09     -0.517   39.51864  -72.39142 0.0000e+00
    204.324    12.0835    35.5119  1027.8923     1.5377     3.1894     53.004    0.00180    6.01724    6.01693 -9.990e-29    -0.0491   10.90060   4.070088 2.3394e-13    26.9760    26.9708 1.0000e-12    206.000          1      26387    1501.12 4.2747e+02  54867.684   1099.397 1603810112      -0.02     -0.564   39.51863  -72.39142 0.0000e+00
    203.339    12.1169    35.5130  1027.8821     1.5418     3.1936     53.137    0.00112    6.01026    6.00986      8.330    -0.0626   10.88907   4.073338 2.3474e-13    26.9704    26.9652 1.0000e-12    205.000          1      26461    1501.22 4.2599e+02  54863.047   1102.508 1603810115       0.04     -0.271   39.51862  -72.39142 0.0000e+00
    202.356    12.1499    35.5134  1027.8715     1.5465     3.2090     53.450    0.00226    6.00372    6.00323      8.334    -0.0517   10.87827   4.076762 2.3590e-13    26.9643    26.9591 1.0000e-12    204.000          1      26517    1501.32 4.2390e+02  54857.479   1104.848 1603810117      -0.10     -0.429   39.51861  -72.39142 0.0000e+00
    201.347    12.1917    35.5124  1027.8580     1.5502     3.2238     53.707    0.00317    6.00257    6.00207      8.336    -0.0527   10.87636   4.080686 2.3685e-13    26.9554    26.9502 1.0000e-12    203.000          1      26543    1501.44 4.2220e+02  54848.772   1105.918 1603810118      -0.31     -0.763   39.51860  -72.39142 0.0000e+00
    200.359    12.2215    35.5115  1027.8469     1.5547     3.2319     53.859    0.00239    6.00075    6.00022      8.339    -0.0577   10.87334   4.083341 2.4340e-13    26.9489    26.9437 1.0000e-12    202.000          1      26590    1501.53 4.1118e+02  54842.025   1107.893 1603810120       0.17     -0.559   39.51859  -72.39142 0.0000e+00
    199.382    12.2482    35.5117  1027.8374     1.5600     3.2392     54.016    0.00126    5.99663    5.99605      8.348    -0.0575   10.86657   4.085851 2.3847e-13    26.9439    26.9387 1.0000e-12    201.000          1      26670    1501.60 4.1929e+02  54837.338   1111.210 1603810124      -0.32     -0.201   39.51858  -72.39142 0.0000e+00
    198.379    12.2700    35.5098  1027.8271     1.5620     3.2480     54.164    0.00184    5.99670    5.99611      8.354    -0.0541   10.86668   4.087784 2.4000e-13    26.9381    26.9330 1.0000e-12    200.000          1      26696    1501.66 4.1666e+02  54830.534   1112.297 1603810125      -0.24     -0.742   39.51858  -72.39142 0.0000e+00
    197.388    12.2795    35.5088  1027.8200     1.5646     3.2520     54.248    0.00138    5.99467    5.99406      8.347    -0.0538   10.86335   4.088441 2.4103e-13    26.9355    26.9303 1.0000e-12    199.000          1      26742    1501.67 4.1489e+02  54827.056   1114.223 1603810127       0.13     -0.539   39.51856  -72.39142 0.0000e+00
    196.403    12.2853    35.5078  1027.8135     1.5681     3.2594     54.411    0.00138    5.99030    5.98962      8.345    -0.0596   10.85613   4.088785 2.4256e-13    26.9335    26.9284 1.0000e-12    198.000          1      26802    1501.67 4.1226e+02  54824.048   1116.710 1603810129      -0.55     -0.351   39.51855  -72.39142 0.0000e+00
    195.400    12.3103    35.5059  1027.8026     1.5716     3.2724     54.639    0.00209    5.98923    5.98855      8.340    -0.0488   10.85436   4.091130 2.4348e-13    26.9271    26.9220 1.0000e-12    197.000          1      26837    1501.74 4.1072e+02  54816.780   1118.185 1603810131      -0.03     -0.650   39.51854  -72.39142 0.0000e+00
    194.430    12.3415    35.5056  1027.7918     1.5765     3.2755     54.797    0.00125    5.97762    5.97679      8.333    -0.0503   10.83503   4.093973 2.4667e-13    26.9209    26.9157 1.0000e-12    196.000          1      26922    1501.83 4.0540e+02  54810.835   1121.725 1603810134      -0.44     -0.132   39.51854  -72.39142 0.0000e+00
    193.416    12.3504    35.5059  1027.7857     1.5775     3.2751     54.841    0.00132    5.97209    5.97119      8.339    -0.0457   10.82581   4.094942 2.4817e-13    26.9193    26.9142 1.0000e-12    195.000          1      26941    1501.84 4.0295e+02  54809.156   1122.493 1603810135      -0.47     -0.794   39.51854  -72.39142 0.0000e+00
    192.432    12.4329    35.5171  1027.7735     1.5794     3.2730     54.900    0.00098    5.96183    5.96081      8.340    -0.0482   10.80877   4.104583 2.5611e-13    26.9118    26.9067 1.0000e-12    194.000          1      26991    1502.12 3.9065e+02  54810.868   1124.578 1603810137       0.22     -0.492   39.51851  -72.39142 0.0000e+00
    191.441    12.5455    35.5294  1027.7560     1.5821     3.2753     55.014    0.00101    5.95363    5.95250      8.338    -0.0552   10.79515   4.116762 2.5421e-13    26.8992    26.8941 1.0000e-12    193.000          1      27053    1502.49 3.9357e+02  54809.384   1127.184 1603810140       0.04     -0.401   39.51850  -72.39142 0.0000e+00
    190.460    12.5951    35.5333  1027.7447     1.5845     3.2832     55.159    0.00134    5.95216    5.95101      8.342    -0.0429   10.79270   4.122031 2.4960e-13    26.8924    26.8873 1.0000e-12    192.000          1      27099    1502.65 4.0063e+02  54806.464   1129.086 1603810141      -0.58     -0.433   39.51850  -72.39142 0.0000e+00
    189.442    12.6172    35.5341  1027.7363     1.5853     3.2849     55.192    0.00128    5.95180    5.95064      8.342    -0.0391   10.79209   4.124099 2.5109e-13    26.8887    26.8835 1.0000e-12    191.000          1      27118    1502.70 3.9827e+02  54803.456   1129.887 1603810142      -0.47     -0.983   39.51850  -72.39142 0.0000e+00
    188.454    12.6644    35.5398  1027.7267     1.5897     3.2890     55.432    0.00189    5.93354    5.93214      8.333    -0.0527   10.76190   4.129495 2.5053e-13    26.8837    26.8786 1.0000e-12    190.000          1      27198    1502.85 3.9916e+02  54803.468   1133.205 1603810146      -0.44     -0.609   39.51848  -72.39142 0.0000e+00
    187.479    12.8035    35.5439  1027.6972     1.5965     3.3115     55.854    0.00314    5.92880    5.92734      8.333    -0.0493   10.75412   4.143550 2.5070e-13    26.8591    26.8539 1.0000e-12    189.000          1      27258    1503.31 3.9888e+02  54786.970   1135.718 1603810148       0.21     -0.518   39.51846  -72.39142 0.0000e+00
    186.484    12.8164    35.5311  1027.6802     1.6015     3.3263     56.103    0.00321    5.92888    5.92742      8.337    -0.0651   10.75425   4.143026 2.5161e-13    26.8466    26.8415 1.0000e-12    188.000          1      27294    1503.32 3.9744e+02  54766.810   1137.208 1603810150      -0.37     -0.598   39.51846  -72.39142 0.0000e+00
    185.487    12.8235    35.5303  1027.6737     1.6038     3.3264     56.115    0.00190    5.92779    5.92632      8.335    -0.0582   10.75245   4.143527 2.5768e-13    26.8445    26.8394 1.0000e-12    187.000          1      27336    1503.32 3.8825e+02  54763.989   1138.949 1603810151       0.09     -0.600   39.51845  -72.39142 0.0000e+00
    184.504    12.8401    35.5317  1027.6670     1.6062     3.3232     56.083    0.00017    5.92549    5.92399      8.327    -0.0596   10.74863   4.145143 2.5428e-13    26.8423    26.8371 1.0000e-12    186.000          1      27432    1503.37 3.9341e+02  54762.836   1142.952 1603810155      -0.16     -0.173   39.51844  -72.39142 0.0000e+00
    183.507    12.8492    35.5321  1027.6610     1.6076     3.3308     56.208    0.00085    5.92583    5.92434      8.333    -0.0489   10.74920   4.145971 2.5132e-13    26.8408    26.8357 1.0000e-12    185.000          1      27479    1503.38 3.9791e+02  54761.520   1144.932 1603810157      -0.04     -0.489   39.51842  -72.39142 0.0000e+00
    182.516    12.8525    35.5317  1027.6555     1.6082     3.3277     56.162   -0.00002    5.92513    5.92362      8.329    -0.0456   10.74805   4.146068 2.5620e-13    26.8397    26.8347 1.0000e-12    184.000          1      27563    1503.37 3.9053e+02  54759.761   1148.401 1603810161      -0.25     -0.309   39.51841  -72.39142 0.0000e+00
