CalculateIndicators/WaterTemperature/Data/CTD_NYOS/20201028_C28.cnv
* Sea-Bird SBE 9 Data File:
* FileName = C:\Seabird 9 CTD\Data\2020\202010_offshore\20201028_C28.hex
* Software Version Seasave V 7.23.2
* Temperature SN = 4590
* Conductivity SN = 3228
* Number of Bytes Per Scan = 44
* Number of Voltage Words = 5
* Number of Scans Averaged by the Deck Unit = 1
* NMEA Latitude = 39 47.19 N
* NMEA Longitude = 072 08.86 W
* NMEA UTC (Time) = Oct 28 2020  00:28:39
* NMEA baud rate = 4800
** Ship: seawolf
** Station: 3.4
** Operator: EIH
# nquan = 31
# nvalues = 185                         
# units = specified
# name 0 = depSM: Depth [salt water, m]
# name 1 = t090C: Temperature [ITS-90, deg C]
# name 2 = sal00: Salinity, Practical [PSU]
# name 3 = density00: Density [density, kg/m^3]
# name 4 = sbeox0V: Oxygen raw, SBE 43 [V]
# name 5 = sbeox0ML/L: Oxygen, SBE 43 [ml/l]
# name 6 = sbeox0PS: Oxygen, SBE 43 [% saturation]
# name 7 = sbox0dV/dT: Oxygen, SBE 43 [dov/dt]
# name 8 = oxsolML/L: Oxygen Saturation, Garcia & Gordon [ml/l]
# name 9 = oxsatML/L: Oxygen Saturation, Weiss [ml/l]
# name 10 = ph: pH
# name 11 = flECO-AFL: Fluorescence, WET Labs ECO-AFL/FL [mg/m^3]
# name 12 = n2satML/L: Nitrogen Saturation [ml/l]
# name 13 = c0S/m: Conductivity [S/m]
# name 14 = cpar: CPAR/Corrected Irradiance [%]
# name 15 = sigma-é00: Density [sigma-theta, kg/m^3]
# name 16 = sigma-t00: Density [sigma-t, kg/m^3 ]
# name 17 = par: PAR/Irradiance, Biospherical/Licor
# name 18 = prDM: Pressure, Digiquartz [db]
# name 19 = pumps: Pump Status
# name 20 = scan: Scan Count
# name 21 = svCM: Sound Velocity [Chen-Millero, m/s]
# name 22 = spar: SPAR, Biospherical/Licor
# name 23 = specc: Specific Conductance [uS/cm]
# name 24 = timeS: Time, Elapsed [seconds]
# name 25 = timeY: Time, System [seconds]
# name 26 = accM: Acceleration [m/s^2]
# name 27 = dz/dtM: Descent Rate [m/s]
# name 28 = latitude: Latitude [deg]
# name 29 = longitude: Longitude [deg]
# name 30 = flag: flag
# span 0 =      1.971,     93.279       
# span 1 =    14.8891,    19.4238       
# span 2 =    34.2460,    35.3781       
# span 3 =  1024.5769,  1026.6564       
# span 4 =     1.8415,     2.4584       
# span 5 =     3.8005,     5.0481       
# span 6 =     66.746,     95.750       
# span 7 =   -0.02982,    0.02804       
# span 8 =    5.24075,    5.69394       
# span 9 =    5.23143,    5.68946       
# span 10 =      8.403,      8.554      
# span 11 =    -0.0392,     0.5270      
# span 12 =    9.62292,   10.36766      
# span 13 =   4.262898,   4.694215      
# span 14 = -4.561e+04, 1.0469e+05      
# span 15 =    24.5682,    26.2473      
# span 16 =    24.5674,    26.2443      
# span 17 = 1.0000e-12, 1.1772e-01      
# span 18 =      2.000,     94.000      
# span 19 =          1,          1      
# span 20 =        -44,      16572      
# span 21 =    1507.83,    1520.37      
# span 22 = -1.835e-01, 5.7532e+00      
# span 23 =  52440.296,  54167.621      
# span 24 =     -1.857,    690.439      
# span 25 = 1603844918, 1603845610      
# span 26 =      -0.53,       0.77      
# span 27 =     -0.948,      1.034      
# span 28 =   39.78615,   39.78662      
# span 29 =  -72.14881,  -72.14768      
# span 30 = 0.0000e+00, 0.0000e+00      
# interval = decibars: 1                
# start_time = Oct 28 2020 00:28:40 [System UTC, first data scan.]
# bad_flag = -9.990e-29
*END*
[from data line 94]
     91.278    14.8955    35.3193  1026.6490     1.8432     3.8074     66.886   -0.00001    5.69237    5.68787      8.455    -0.0239   10.36503   4.320485 -7.640e+02    26.2442    26.2412 1.0000e-12     92.000          1       6478    1508.24 3.9793e+00  54142.710    269.857 1603845189      -0.01     -0.226   39.78638  -72.14820 0.0000e+00
     90.289    14.8961    35.3181  1026.6436     1.8438     3.8090     66.932    0.00040    5.69095    5.68642      8.446    -0.0276   10.36270   4.320407 2.5320e-11    26.2431    26.2401 1.0000e-12     91.000          1       6514    1508.22 3.9495e+00  54140.504    271.391 1603845191      -0.44     -0.494   39.78638  -72.14820 0.0000e+00
     89.287    14.9067    35.3187  1026.6373     1.8449     3.8089     66.987    0.00058    5.68601    5.68143      8.431    -0.0256   10.35453   4.321536 2.5320e-11    26.2413    26.2383 1.0000e-12     90.000          1       6543    1508.24 3.9495e+00  54139.567    272.584 1603845192      -0.02     -0.818   39.78638  -72.14820 0.0000e+00
     88.300    14.9446    35.3172  1026.6233     1.8522     3.8265     67.469    0.00264    5.67147    5.66673      8.436    -0.0239   10.33025   4.325280 2.6620e-11    26.2318    26.2288 1.0000e-12     89.000          1       6604    1508.34 3.9495e+00  54132.585    275.109 1603845195       0.13     -0.407   39.78638  -72.14820 0.0000e+00
     87.315    15.0498    35.3251  1026.6017     1.8667     3.8416     68.305    0.00531    5.62427    5.61902      8.451    -0.0226   10.25153   4.337171 2.5979e-11    26.2147    26.2117 1.0000e-12     88.000          1       6683    1508.67 3.9495e+00  54130.769    278.403 1603845198      -0.35     -0.306   39.78638  -72.14822 0.0000e+00
     86.316    15.3319    35.3622  1026.5626     1.8867     3.9097     69.515    0.00891    5.62430    5.61903      8.453    -0.0260   10.25198   4.370172 2.5374e-11    26.1805    26.1775 1.0000e-12     87.000          1       6731    1509.58 3.9495e+00  54149.605    280.422 1603845200       0.06     -0.430   39.78637  -72.14822 0.0000e+00
     85.323    15.4920    35.3472  1026.5107     1.9080     3.9578     70.449    0.00744    5.61801    5.61266      8.454    -0.0392   10.24177   4.383387 2.5320e-11    26.1332    26.1302 1.0000e-12     86.000          1       6795    1510.05 3.9495e+00  54110.880    283.091 1603845203      -0.24     -0.421   39.78636  -72.14822 0.0000e+00
     84.335    15.5562    35.3225  1026.4727     1.9257     3.9988     71.187    0.00564    5.61728    5.61190      8.453    -0.0240   10.24094   4.387122 2.8872e-11    26.0997    26.0967 1.0000e-12     85.000          1       6865    1510.20 3.9495e+00  54069.653    285.984 1603845206       0.11     -0.316   39.78636  -72.14822 0.0000e+00
     83.340    15.5809    35.2978  1026.4437     1.9365     4.0225     71.654    0.00494    5.61378    5.60835      8.455 -9.990e-29   10.23550   4.386294 2.6397e-11    26.0750    26.0721 1.0000e-12     84.000          1       6921    1510.23 3.9495e+00  54032.680    288.314 1603845208      -0.04     -0.483   39.78636  -72.14822 0.0000e+00
     82.351    15.5877    35.2633  1026.4111     1.9475     4.0518     72.206    0.00531    5.61141    5.60593      8.474 -9.990e-29   10.23178   4.383145 2.5302e-11    26.0469    26.0440 1.0000e-12     83.000          1       6970    1510.20 3.9495e+00  53984.230    290.389 1603845210      -0.07     -0.467   39.78636  -72.14822 0.0000e+00
     81.355    15.6553    35.2495  1026.3807     1.9564     4.0779     72.615    0.00493    5.61580    5.61035      8.495    -0.0248   10.23940   4.388351 2.5320e-11    26.0210    26.0181 1.0000e-12     82.000          1       7014    1510.38 3.9495e+00  53957.740    292.223 1603845212       0.06     -0.546   39.78636  -72.14822 0.0000e+00
     80.373    15.6031    35.2059  1026.3547     1.9698     4.1056     73.259    0.00516    5.60415    5.59857      8.508    -0.0181   10.22036   4.377580 7.2095e+04    25.9991    25.9963 1.0000e-12     81.000          1       7077    1510.15 1.0102e+00  53903.058    294.847 1603845214      -0.03     -0.315   39.78636  -72.14822 0.0000e+00
     79.373    15.6555    35.1911  1026.3269     1.9796     4.1379     73.871    0.00730    5.60147    5.59584      8.502    -0.0109   10.21612   4.381953 1.0045e+05    25.9759    25.9730 1.0000e-12     80.000          1       7107    1510.28 1.4303e-01  53876.750    296.102 1603845216      -0.39     -0.660   39.78636  -72.14822 0.0000e+00
     78.379    15.7322    35.1764  1026.2937     1.9912     4.1717     74.393    0.00664    5.60768    5.60208      8.494    -0.0210   10.22732   4.387659 -9.990e-29    25.9472    25.9444 1.0000e-12     79.000          1       7151    1510.48 3.6814e+00  53848.187    297.912 1603845218       0.20     -0.573   39.78636  -72.14822 0.0000e+00
     77.386    15.7553    35.1029  1026.2275     2.0085     4.2351     75.327    0.00783    5.62232    5.61683      8.495    -0.0150   10.25253   4.381051 2.7008e-11    25.8853    25.8826 1.0000e-12     78.000          1       7206    1510.45 3.9470e+00  53744.612    300.195 1603845220      -0.24     -0.472   39.78636  -72.14824 0.0000e+00
     76.407    15.6410    34.9836  1026.1573     2.0256     4.2899     76.000    0.00533    5.64454    5.63923      8.497     0.0048   10.29055   4.355685 2.6139e-11    25.8192    25.8165 1.0000e-12     77.000          1       7277    1509.94 3.9495e+00  53592.833    303.182 1603845223       0.04     -0.251   39.78634  -72.14824 0.0000e+00
     75.404    15.5699    34.9495  1026.1427     2.0307     4.3122     76.240    0.00506    5.65607    5.65084      8.498 -9.990e-29   10.31037   4.344795 2.7513e-11    25.8090    25.8063 1.0000e-12     76.000          1       7306    1509.66 3.9495e+00  53553.225    304.362 1603845224      -0.53     -0.708   39.78634  -72.14824 0.0000e+00
     74.406    15.4958    34.8940  1026.1122     2.0378     4.3420     76.593    0.00504    5.66891    5.66379      8.502    -0.0160   10.33238   4.330846 2.5564e-11    25.7828    25.7802 1.0000e-12     75.000          1       7337    1509.35 3.9495e+00  53484.326    305.672 1603845225       0.14     -0.830   39.78634  -72.14824 0.0000e+00
     73.428    15.3546    34.7862  1026.0566     2.0497     4.3890     77.174    0.00492    5.68711    5.68213      8.501    -0.0082   10.36391   4.305095 2.5915e-11    25.7313    25.7287 1.0000e-12     74.000          1       7393    1508.77 3.9495e+00  53351.178    307.998 1603845228      -0.03     -0.328   39.78635  -72.14824 0.0000e+00
     72.426    15.2105    34.6664  1025.9920     2.0623     4.4312     77.963    0.00758    5.68369    5.67867      8.500    -0.0092   10.35821   4.277142 2.5859e-11    25.6708    25.6684 1.0000e-12     73.000          1       7432    1508.16 3.9495e+00  53201.893    309.628 1603845229      -0.01     -0.596   39.78634  -72.14824 0.0000e+00
     71.441    15.1787    34.6159  1025.9557     2.0771     4.4132     78.465    0.00556    5.62445    5.61876      8.502    -0.0041   10.26027   4.269672 1.7957e+04    25.6389    25.6365 1.0000e-12     72.000          1       7491    1507.98 3.0827e+00  53135.521    312.082 1603845232       0.04     -0.360   39.78634  -72.14824 0.0000e+00
     70.447    15.4417    34.5983  1025.8790     2.1025     4.4334     80.045    0.01266    5.53888    5.53230      8.508     0.0132   10.11797   4.296040 1.0080e+05    25.5668    25.5644 1.0000e-12     71.000          1       7538    1508.77 -3.011e-02  53082.829    314.041 1603845234      -0.01     -0.518   39.78634  -72.14824 0.0000e+00
     69.453    15.8854    34.5925  1025.7698     2.1319     4.4837     81.763    0.01855    5.48380    5.47669      8.515     0.0334   10.02608   4.340169 4.7444e+04    25.4626    25.4602 1.0000e-12     70.000          1       7576    1510.13 1.5873e+00  53028.941    315.628 1603845235      -0.17     -0.601   39.78634  -72.14824 0.0000e+00
     68.460    16.5768    34.6306  1025.6345     2.1518     4.5089     82.463    0.01456    5.46784    5.46058      8.517     0.0286    9.99950   4.415159 2.6893e+02    25.3326    25.3300 1.0000e-12     69.000          1       7613    1512.27 3.9360e+00  53014.024    317.158 1603845237       0.08     -0.676   39.78634  -72.14824 0.0000e+00
     67.467    17.0330    34.6788  1025.5594     2.1611     4.5019     82.382    0.00599    5.46466    5.45736      8.514     0.0385    9.99438   4.463819 2.5320e-11    25.2625    25.2598 1.0000e-12     68.000          1       7654    1513.69 3.9495e+00  53040.142    318.896 1603845238       0.03     -0.586   39.78634  -72.14824 0.0000e+00
     66.478    17.2007    34.6840  1025.5190     2.1604     4.5168     81.937   -0.00107    5.51253    5.50555      8.511     0.0181   10.07721   4.479222 2.5320e-11    25.2265    25.2239 1.0000e-12     67.000          1       7711    1514.18 3.9180e+00  53032.073    321.258 1603845241       0.07     -0.409   39.78634  -72.14824 0.0000e+00
     65.494    16.9203    34.4677  1025.4155     2.1644     4.4714     82.201    0.00174    5.43977    5.43203      8.503     0.0058    9.95729   4.420808 -9.990e-29    25.1269    25.1244 1.0000e-12     66.000          1       7764    1513.07 3.8306e+00  52759.652    323.444 1603845243      -0.17     -0.440   39.78634  -72.14824 0.0000e+00
     64.493    16.7822    34.3145  1025.3263     2.1927     4.5671     84.500    0.01781    5.40479    5.39677      8.505     0.0148    9.89841   4.393669 9.9999e+04    25.0419    25.0395 1.0000e-12     65.000          1       7789    1512.46 1.1130e+00  52561.953    324.501 1603845244      -0.35     -0.774   39.78634  -72.14824 0.0000e+00
     63.492    17.1041    34.2460  1025.1927     2.2232     4.7011     86.634    0.02804    5.42627    5.41843      8.515     0.0399    9.93437   4.421878 9.9999e+04    24.9131    24.9106 1.0000e-12     64.000          1       7815    1513.34 6.1328e-02  52440.296    325.603 1603845245       0.03     -0.948   39.78634  -72.14824 0.0000e+00
     62.506    18.1053    34.3816  1025.0498     2.2806     4.7276     88.842    0.02131    5.32221    5.31353      8.523     0.0396    9.75957   4.536974 9.9999e+04    24.7757    24.7730 1.0000e-12     63.000          1       7912    1516.44 2.7490e+00  52546.144    329.621 1603845249      -0.23     -0.504   39.78634  -72.14826 0.0000e+00
     61.509    18.6237    34.4807  1024.9910     2.3163     4.7860     90.522    0.02118    5.28720    5.27823 -9.990e-29     0.0346    9.70073   4.600957 -9.990e-29    24.7218    24.7191 1.0000e-12     62.000          1       7962    1518.04 3.8672e+00  52645.108    331.729 1603845251      -0.03     -0.798   39.78634  -72.14826 0.0000e+00
     60.525    19.0304    34.5982  1024.9736     2.3348     4.7707     90.335    0.00196    5.28116    5.27215      8.502     0.0398    9.69052   4.650598 9.9999e+04    24.7092    24.7064 1.0000e-12     61.000          1       8099    1519.32 2.5194e-01  52777.991    337.419 1603845257      -0.07     -0.344   39.78634  -72.14826 0.0000e+00
     59.529    19.0462    34.6135  1024.9768     2.3421     4.7810     90.599    0.00064    5.27715    5.26811      8.469     0.0492    9.68377   4.652041 2.0791e+04    24.7167    24.7140 1.0000e-12     60.000          1       8933    1519.36 2.9806e+00  52797.269    372.186 1603845292      -0.18     -0.343   39.78634  -72.14829 0.0000e+00
     58.539    19.0837    34.6227  1024.9698     2.3483     4.7947     91.011    0.00322    5.26831    5.25919      8.427     0.0619    9.66908   4.656838 3.5695e+02    24.7141    24.7114 1.0000e-12     59.000          1       9426    1519.46 3.9346e+00  52806.976    392.703 1603845312      -0.51     -0.646   39.78634  -72.14831 0.0000e+00
     57.542    19.1176    34.6189  1024.9538     2.3543     4.8089     91.330    0.00399    5.26537    5.25623      8.422     0.0840    9.66416   4.659514 2.7202e-11    24.7025    24.6999 1.0000e-12     58.000          1       9466    1519.54 3.9495e+00  52799.078    394.370 1603845314       0.14     -0.769   39.78634  -72.14832 0.0000e+00
     56.558    19.1720    34.6146  1024.9322     2.3608     4.8155     91.541    0.00236    5.26044    5.25127      8.427     0.0755    9.65593   4.664605 2.6273e-11    24.6853    24.6827 1.0000e-12     57.000          1       9524    1519.67 3.9495e+00  52789.342    396.773 1603845316      -0.06     -0.363   39.78634  -72.14832 0.0000e+00
     55.565    19.2173    34.6198  1024.9202     2.3656     4.8185     91.741    0.00220    5.25225    5.24302      8.435     0.1084    9.64222   4.669692 2.5672e-11    24.6776    24.6751 1.0000e-12     56.000          1       9580    1519.79 3.9495e+00  52793.222    399.113 1603845319       0.05     -0.418   39.78634  -72.14832 0.0000e+00
     54.574    19.2810    34.6274  1024.9052     2.3730     4.8321     92.147    0.00352    5.24387    5.23457      8.434     0.1143    9.62816   4.677181 2.7968e-11    24.6670    24.6645 1.0000e-12     55.000          1       9629    1519.96 3.9495e+00  52799.110    401.175 1603845321      -0.12     -0.496   39.78634  -72.14832 0.0000e+00
     53.584    19.3281    34.6378  1024.8967     2.3805     4.8537     92.577    0.00488    5.24284    5.23353      8.435     0.1040    9.62646   4.683211 2.5226e-11    24.6628    24.6603 1.0000e-12     54.000          1       9666    1520.09 3.9495e+00  52809.723    402.721 1603845322      -0.08     -0.628   39.78634  -72.14833 0.0000e+00
     52.582    19.3913    34.6465  1024.8825     2.3852     4.8653     92.764    0.00410    5.24481    5.23551      8.458     0.1079    9.62988   4.690580 2.5320e-11    24.6531    24.6507 1.0000e-12     53.000          1       9697    1520.26 3.9495e+00  52817.503    404.008 1603845324      -0.06     -0.759   39.78634  -72.14834 0.0000e+00
     51.600    19.3970    34.6378  1024.8701     2.3931     4.8846     93.064    0.00282    5.24868    5.23941      8.426     0.1383    9.63653   4.689471 2.6975e-11    24.6450    24.6426 1.0000e-12     52.000          1       9758    1520.25 3.9495e+00  52804.687    406.541 1603845326       0.17     -0.333   39.78634  -72.14834 0.0000e+00
     50.602    19.3732    34.6223  1024.8600     2.3984     4.8999     93.335    0.00320    5.24975    5.24048 -9.990e-29     0.1489    9.63840   4.684931 4.4086e+02    24.6392    24.6368 1.0000e-12     51.000          1       9800    1520.15 3.8021e+00  52784.659    408.286 1603845328      -0.33     -0.603   39.78634  -72.14834 0.0000e+00
     49.612    19.3517    34.6039  1024.8472     2.4001     4.8970     93.283    0.00105    5.24958    5.24031 -9.990e-29     0.1594    9.63814   4.680571 7.2809e+04    24.6307    24.6284 1.0000e-12     50.000          1       9846    1520.05 8.8029e-01  52760.343    410.189 1603845330       0.18     -0.544   39.78635  -72.14834 0.0000e+00
     48.620    19.3461    34.5993  1024.8407     2.4024     4.9031     93.407    0.00142    5.24921    5.23993 -9.990e-29     0.2101    9.63753   4.679424 3.4861e+02    24.6286    24.6263 1.0000e-12     49.000          1       9894    1520.02 3.9348e+00  52754.037    412.199 1603845332      -0.25     -0.497   39.78636  -72.14834 0.0000e+00
     47.624    19.3536    34.5974  1024.8330     2.4031     4.9024     93.391    0.00070    5.24934    5.24006      8.430     0.2033    9.63779   4.679947 2.5816e-11    24.6252    24.6230 1.0000e-12     48.000          1       9933    1520.02 3.9495e+00  52750.559    413.834 1603845333       0.06     -0.622   39.78636  -72.14834 0.0000e+00
     46.641    19.3563    34.5953  1024.8263     2.4055     4.9091     93.515    0.00112    5.24957    5.24029      8.433     0.2202    9.63821   4.679867 2.5269e-11    24.6228    24.6206 1.0000e-12     47.000          1       9986    1520.01 3.9495e+00  52746.976    416.062 1603845336       0.00     -0.400   39.78636  -72.14834 0.0000e+00
