CalculateIndicators/WaterTemperature/Data/CTD_NYOS/20200210_C012.cnv
* Sea-Bird SBE 9 Data File:
* FileName = C:\Seabird 9 CTD\Data\2020\202002_offshore\20200210_C012.hex
* Software Version Seasave V 7.23.2
* Temperature SN = 4590
* Conductivity SN = 3228
* Number of Bytes Per Scan = 44
* Number of Voltage Words = 5
* Number of Scans Averaged by the Deck Unit = 1
* NMEA Latitude = 39 49.48 N
* NMEA Longitude = 073 11.85 W
* NMEA UTC (Time) = Feb 10 2020  06:37:10
* NMEA baud rate = 4800
** Ship: rv seawolf
** Station: 6.3
** Operator: sjw
# nquan = 35
# nvalues = 75                          
# units = specified
# name 0 = depSM: Depth [salt water, m]
# name 1 = t090C: Temperature [ITS-90, deg C]
# name 2 = sal00: Salinity, Practical [PSU]
# name 3 = density00: Density [density, kg/m^3]
# name 4 = sbeox0V: Oxygen raw, SBE 43 [V]
# name 5 = sbeox0ML/L: Oxygen, SBE 43 [ml/l]
# name 6 = sbeox0PS: Oxygen, SBE 43 [% saturation]
# name 7 = sbox0dV/dT: Oxygen, SBE 43 [dov/dt]
# name 8 = oxsolML/L: Oxygen Saturation, Garcia & Gordon [ml/l]
# name 9 = oxsatML/L: Oxygen Saturation, Weiss [ml/l]
# name 10 = ph: pH
# name 11 = flECO-AFL: Fluorescence, WET Labs ECO-AFL/FL [mg/m^3]
# name 12 = n2satML/L: Nitrogen Saturation [ml/l]
# name 13 = c0S/m: Conductivity [S/m]
# name 14 = cpar: CPAR/Corrected Irradiance [%]
# name 15 = sigma-é00: Density [sigma-theta, kg/m^3]
# name 16 = sigma-t00: Density [sigma-t, kg/m^3 ]
# name 17 = par: PAR/Irradiance, Biospherical/Licor
# name 18 = prDM: Pressure, Digiquartz [db]
# name 19 = pumps: Pump Status
# name 20 = scan: Scan Count
# name 21 = svCM: Sound Velocity [Chen-Millero, m/s]
# name 22 = spar: SPAR, Biospherical/Licor
# name 23 = specc: Specific Conductance [uS/cm]
# name 24 = timeS: Time, Elapsed [seconds]
# name 25 = timeY: Time, System [seconds]
# name 26 = accM: Acceleration [m/s^2]
# name 27 = dz/dtM: Descent Rate [m/s]
# name 28 = latitude: Latitude [deg]
# name 29 = longitude: Longitude [deg]
# name 30 = gsw_saA0: Absolute Salinity [g/kg]
# name 31 = gsw_densityA0: density, TEOS-10 [density, kg/m^3]
# name 32 = gsw_sigma0A0: density, TEOS-10 [sigma-0, kg/m^3 ]
# name 33 = gsw_ptA0: potential temperature [ITS-90, deg C]
# name 34 = flag: flag
# span 0 =      2.000,     39.000       
# span 1 =     8.3048,     8.6407       
# span 2 =    33.3635,    33.4385       
# span 3 =  1025.9235,  1026.1801       
# span 4 =     2.4559,     2.5013       
# span 5 =     6.4298,     6.5979       
# span 6 =     97.770,    100.019       
# span 7 =   -0.00340,    0.00306       
# span 8 =    6.57282,    6.62132       
# span 9 =    6.57843,    6.62766       
# span 10 =      8.269,      8.285      
# span 11 =     0.3181,     0.4440      
# span 12 =   11.84349,   11.92350      
# span 13 =   3.504359,   3.532865      
# span 14 = -5.142e+03, 1.0206e+05      
# span 15 =    25.9140,    26.0011      
# span 16 =    25.9139,    26.0005      
# span 17 = 1.0000e-12, 1.3397e-02      
# span 18 =      2.027,     39.295      
# span 19 =          1,          1      
# span 20 =        366,      12440      
# span 21 =    1482.31,    1483.33      
# span 22 = -1.290e-01, 4.1590e+00      
# span 23 =  52435.430,  52607.386      
# span 24 =     15.194,    518.298      
# span 25 = 1581316648, 1581317152      
# span 26 =      -0.70,       0.77      
# span 27 =     -0.777,      0.766      
# span 28 =   39.82470,   39.82545      
# span 29 =  -73.19748,  -73.19714      
# span 30 =    33.5216,    33.5997      
# span 31 =  1025.9263,  1026.1827      
# span 32 =    25.9167,    26.0038      
# span 33 =     8.3009,     8.6382      
# span 34 = 0.0000e+00, 0.0000e+00      
# interval = meters: 1                  
# start_time = Feb 10 2020 06:37:13 [System UTC, first data scan.]
# bad_flag = -9.990e-29
*END*
[from data line 42]
     34.000     8.3669    33.4356  1026.1472     2.4764     6.5566     99.151   -0.00003    6.61276    6.61897      8.282     0.4308   11.90935   3.509716 2.5320e-11    25.9913    25.9907 1.0000e-12     34.267          1       5544    1482.48 3.9495e+00  52588.799    230.948 1581316864      -0.02     -0.328   39.82501  -73.19732    33.5948  1026.1505    25.9945     8.3635 0.0000e+00
     33.000     8.3728    33.4359  1026.1420     2.4761     6.5499     99.119    0.00005    6.60814    6.61428      8.281     0.4172   11.90172   3.510227 2.5320e-11    25.9906    25.9901 1.0000e-12     33.261          1       5639    1482.49 3.9495e+00  52587.159    234.907 1581316868      -0.17     -0.410   39.82502  -73.19732    33.5950  1026.1452    25.9938     8.3695 0.0000e+00
     32.000     8.3949    33.4352  1026.1335     2.4744     6.5350     98.909   -0.00074    6.60702    6.61315      8.280     0.4129   11.89986   3.512258 2.5320e-11    25.9867    25.9862 1.0000e-12     32.246          1       5720    1482.56 3.9495e+00  52580.470    238.293 1581316872       0.03     -0.273   39.82502  -73.19732    33.5960  1026.1380    25.9912     8.3917 0.0000e+00
     31.000     8.4156    33.4362  1026.1265     2.4732     6.5307     98.879   -0.00039    6.60476    6.61086      8.279     0.3921   11.89613   3.514017 9.6799e+04    25.9843    25.9839 1.0000e-12     31.240          1       5823    1482.61 1.2637e-01  52576.392    242.565 1581316876      -0.06     -0.211   39.82503  -73.19732    33.5954  1026.1298    25.9876     8.4124 0.0000e+00
     30.000     8.4146    33.4367  1026.1224     2.4728     6.5289     98.864   -0.00029    6.60389    6.60997 -9.990e-29     0.4144   11.89468   3.513988 9.9134e+04    25.9848    25.9844 1.0000e-12     30.238          1       5883    1482.60 3.4154e-02  52576.617    245.102 1581316878      -0.11     -0.521   39.82504  -73.19732    33.5965  1026.1263    25.9886     8.4116 0.0000e+00
     29.000     8.4584    33.4366  1026.1111     2.4704     6.4968     98.651   -0.00066    6.58560    6.59141      8.274     0.4275   11.86447   3.517964 5.8677e+04    25.9782    25.9777 1.0000e-12     29.223          1       5988    1482.74 1.5902e+00  52565.939    249.466 1581316883       0.06     -0.135   39.82504  -73.19732    33.5974  1026.1157    25.9827     8.4554 0.0000e+00
     28.000     8.5422    33.4369  1026.0939     2.4642     6.4666     98.270   -0.00100    6.58046    6.58619      8.274     0.4159   11.85597   3.525664 1.0025e+05    25.9656    25.9652 1.0000e-12     28.218          1       6073    1483.04 -9.503e-03  52546.477    253.007 1581316886      -0.33     -0.460   39.82504  -73.19732    33.5997  1026.1001    25.9717     8.5394 0.0000e+00
     27.000     8.5799    33.4354  1026.0824     2.4614     6.4542     98.089   -0.00126    6.57989    6.58562      8.274     0.4053   11.85505   3.528796 7.0637e+04    25.9587    25.9583 1.0000e-12     27.213          1       6151    1483.16 1.1597e+00  52535.161    256.232 1581316890      -0.00     -0.480   39.82505  -73.19732    33.5974  1026.0880    25.9642     8.5771 0.0000e+00
     26.000     8.6034    33.4307  1026.0706     2.4592     6.4484     98.051   -0.00060    6.57657    6.58224      8.274     0.3787   11.84965   3.530273 3.3985e+04    25.9514    25.9510 1.0000e-12     26.204          1       6286    1483.23 2.6072e+00  52522.590    261.872 1581316895       0.01     -0.383   39.82506  -73.19732    33.5912  1026.0749    25.9558     8.6007 0.0000e+00
     25.000     8.6172    33.4277  1026.0615     2.4592     6.4439     98.000   -0.00017    6.57546    6.58112      8.272     0.3430   11.84784   3.531069 1.0336e+04    25.9469    25.9465 1.0000e-12     25.199          1       7575    1483.26 3.5413e+00  52514.567    315.567 1581316949       0.03     -0.329   39.82514  -73.19730    33.5869  1026.0649    25.9504     8.6146 0.0000e+00
     24.000     8.6296    33.4232  1026.0514     2.4561     6.4366     97.903   -0.00030    6.57446    6.58009      8.269     0.3181   11.84625   3.531691 2.7346e+02    25.9414    25.9410 1.0000e-12     24.186          1       8063    1483.29 3.9387e+00  52504.686    335.902 1581316969      -0.03     -0.225   39.82518  -73.19728    33.5822  1026.0547    25.9447     8.6271 0.0000e+00
     23.000     8.6305    33.4196  1026.0438     2.4559     6.4409     97.947    0.00019    6.57589    6.58153      8.269     0.3224   11.84877   3.531325 2.5320e-11    25.9385    25.9381 1.0000e-12     23.175          1       8169    1483.27 3.9495e+00  52498.723    340.313 1581316974      -0.08     -0.294   39.82518  -73.19728    33.5779  1026.0465    25.9412     8.6282 0.0000e+00
     22.000     8.6237    33.4088  1026.0319     2.4593     6.4673     98.282    0.00137    6.58030    6.58599      8.270     0.3368   11.85619   3.529558 2.5320e-11    25.9311    25.9307 1.0000e-12     22.177          1       8221    1483.21 3.9495e+00  52484.420    342.510 1581316976      -0.28     -0.456   39.82518  -73.19728    33.5661  1026.0339    25.9330     8.6215 0.0000e+00
     21.000     8.5781    33.3909  1026.0202     2.4686     6.5216     98.969    0.00302    6.58952    6.59533      8.273     0.3686   11.87166   3.523530 2.4942e+04    25.9240    25.9236 1.0000e-12     21.170          1       8316    1483.00 2.9644e+00  52468.701    346.468 1581316980      -0.45     -0.393   39.82520  -73.19728    33.5461  1026.0207    25.9244     8.5760 0.0000e+00
     20.000     8.5385    33.3768  1026.0107     2.4802     6.5620     99.548    0.00306    6.59182    6.59765      8.274     0.3905   11.87551   3.518657 8.9236e+04    25.9190    25.9187 1.0000e-12     20.162          1       8396    1482.82 4.2510e-01  52457.125    349.782 1581316983      -0.19     -0.507   39.82520  -73.19728    33.5327  1026.0117    25.9200     8.5364 0.0000e+00
     19.000     8.5233    33.3715  1026.0042     2.4882     6.5723     99.699    0.00136    6.59217    6.59801      8.274     0.4083   11.87610   3.516902 -1.075e+03    25.9171    25.9168 1.0000e-12     19.147          1       8507    1482.74 3.9920e+00  52452.305    354.421 1581316988      -0.64     -0.304   39.82520  -73.19726    33.5290  1026.0064    25.9193     8.5214 0.0000e+00
     18.000     8.5250    33.3715  1025.9993     2.4899     6.5703     99.710    0.00092    6.58948    6.59528      8.275     0.3605   11.87159   3.517057 2.5320e-11    25.9168    25.9165 1.0000e-12     18.151          1       8581    1482.73 3.9495e+00  52451.187    357.482 1581316991      -0.58     -0.500   39.82520  -73.19726    33.5295  1026.0020    25.9194     8.5232 0.0000e+00
     17.000     8.5405    33.3763  1025.9962     2.4863     6.5490     99.375   -0.00006    6.59015    6.59596      8.274     0.3742   11.87271   3.518873 2.5320e-11    25.9182    25.9180 1.0000e-12     17.137          1       8692    1482.78 3.9495e+00  52453.900    362.118 1581316995      -0.13     -0.472   39.82522  -73.19726    33.5345  1025.9990    25.9210     8.5387 0.0000e+00
     16.000     8.5332    33.3746  1025.9913     2.4870     6.5580     99.478    0.00047    6.59238    6.59822      8.275     0.4050   11.87645   3.517977 3.0896e+04    25.9180    25.9177 1.0000e-12     16.125          1       8794    1482.73 2.8231e+00  52452.457    366.388 1581317000      -0.01     -0.267   39.82522  -73.19726    33.5324  1025.9938    25.9205     8.5316 0.0000e+00
     15.000     8.5234    33.3703  1025.9849     2.4908     6.5736     99.672    0.00066    6.59519    6.60107      8.277     0.3593   11.88117   3.516659 4.4151e+04    25.9161    25.9159 1.0000e-12     15.112          1       8920    1482.67 2.1658e+00  52447.987    371.636 1581317005      -0.10     -0.238   39.82522  -73.19726    33.5282  1025.9874    25.9186     8.5219 0.0000e+00
     14.000     8.5161    33.3684  1025.9799     2.4926     6.5839     99.844    0.00120    6.59425    6.60011 -9.990e-29     0.3646   11.87959   3.515655 8.2790e+02    25.9157    25.9155 1.0000e-12     14.112          1       8953    1482.63 3.9164e+00  52446.247    373.002 1581317006      -0.35     -0.605   39.82522  -73.19725    33.5250  1025.9814    25.9172     8.5147 0.0000e+00
     13.000     8.5024    33.3646  1025.9744     2.4963     6.5939     99.996    0.00116    6.59423    6.60010 -9.990e-29     0.3950   11.87956   3.514104 2.5320e-11    25.9148    25.9146 1.0000e-12     13.104          1       9075    1482.56 3.9495e+00  52443.326    378.074 1581317011       0.05     -0.514   39.82524  -73.19724    33.5220  1025.9766    25.9170     8.5011 0.0000e+00
     12.000     8.5088    33.3661  1025.9700     2.4962     6.5877     99.911    0.00064    6.59357    6.59943      8.278     0.4011   11.87846   3.514853 4.5400e+04    25.9150    25.9148 1.0000e-12     12.097          1       9171    1482.56 2.8680e+00  52443.314    382.066 1581317015      -0.11     -0.402   39.82525  -73.19724    33.5244  1025.9729    25.9178     8.5076 0.0000e+00
     11.000     8.5148    33.3678  1025.9658     2.4929     6.5721     99.651    0.00003    6.59516    6.60103      8.278     0.4009   11.88112   3.515369 4.3197e+03    25.9157    25.9155 1.0000e-12     11.085          1       9301    1482.57 3.8466e+00  52444.256    387.504 1581317021      -0.06     -0.284   39.82526  -73.19723    33.5246  1025.9676    25.9171     8.5136 0.0000e+00
     10.000     8.5034    33.3639  1025.9599     2.4978     6.5961    100.008    0.00087    6.59553    6.60141 -9.990e-29     0.3888   11.88174   3.514054 4.1576e+04    25.9140    25.9139 1.0000e-12     10.083          1       9722    1482.51 2.3074e+00  52440.058    405.055 1581317038      -0.18     -0.302   39.82527  -73.19721    33.5220  1025.9626    25.9167     8.5024 0.0000e+00
      9.000     8.5087    33.3656  1025.9558     2.4972     6.5850     99.855    0.00015    6.59457    6.60044 -9.990e-29     0.3844   11.88015   3.514651 1.2944e+03    25.9145    25.9144 1.0000e-12      9.073          1      11020    1482.51 3.8984e+00  52440.620    459.144 1581317092      -0.14     -0.416   39.82534  -73.19718    33.5237  1025.9586    25.9173     8.5078 0.0000e+00
      8.000     8.5098    33.3658  1025.9512     2.4967     6.5799     99.778   -0.00016    6.59447    6.60034 -9.990e-29     0.3819   11.87998   3.514729 2.5320e-11    25.9145    25.9144 1.0000e-12      8.068          1      11154    1482.50 3.9495e+00  52440.024    464.724 1581317098      -0.57     -0.357   39.82535  -73.19718    33.5240  1025.9541    25.9174     8.5090 0.0000e+00
      7.000     8.5081    33.3655  1025.9466     2.4971     6.5883     99.895    0.00064    6.59527    6.60116      8.279     0.4213   11.88132   3.514475 2.5320e-11    25.9145    25.9144 1.0000e-12      7.068          1      11223    1482.48 3.9495e+00  52439.306    467.564 1581317101      -0.41     -0.777   39.82536  -73.19718    33.5234  1025.9493    25.9171     8.5073 0.0000e+00
      6.000     8.5044    33.3647  1025.9420     2.4994     6.5967    100.018    0.00082    6.59553    6.60141      8.279     0.4201   11.88175   3.514051 2.5320e-11    25.9144    25.9144 1.0000e-12      6.049          1      11333    1482.45 3.9495e+00  52438.356    472.179 1581317106      -0.23     -0.315   39.82536  -73.19716    33.5229  1025.9448    25.9173     8.5037 0.0000e+00
      5.000     8.5032    33.3642  1025.9372     2.4992     6.5854     99.837   -0.00031    6.59613    6.60202      8.279     0.3839   11.88273   3.513823 2.5320e-11    25.9142    25.9142 1.0000e-12      5.039          1      11424    1482.42 3.9495e+00  52437.306    475.959 1581317109      -0.70     -0.431   39.82536  -73.19716    33.5221  1025.9397    25.9168     8.5027 0.0000e+00
      4.000     8.5003    33.3638  1025.9327     2.4998     6.5937     99.964    0.00045    6.59602    6.60191      8.279     0.3649   11.88256   3.513502 2.5320e-11    25.9144    25.9143 1.0000e-12      4.041          1      11494    1482.40 3.9495e+00  52436.736    478.877 1581317112      -0.36     -0.436   39.82537  -73.19716    33.5219  1025.9354    25.9171     8.4999 0.0000e+00
      3.000     8.5008    33.3636  1025.9278     2.4999     6.5892     99.899    0.00002    6.59585    6.60173      8.279     0.3904   11.88227   3.513480 2.5320e-11    25.9141    25.9140 1.0000e-12      3.029          1      11618    1482.38 3.9495e+00  52435.645    484.023 1581317117      -0.38     -0.288   39.82538  -73.19716    33.5217  1025.9306    25.9168     8.5005 0.0000e+00
      2.000     8.5006    33.3639  1025.9235     2.5013     6.5964    100.007    0.00029    6.59597    6.60186      8.279     0.3876   11.88248   3.513454 3.3922e-01    25.9143    25.9143 1.3397e-02      2.027          1      12440    1482.36 3.9495e+00  52435.430    518.298 1581317152      -0.09     -0.329   39.82545  -73.19714    33.5220  1025.9263    25.9171     8.5004 0.0000e+00
