CalculateIndicators/WaterTemperature/Data/CTD_NYOS/20200205_C07.cnv
* Sea-Bird SBE 9 Data File:
* FileName = C:\Seabird 9 CTD\Data\2020\202002_offshore\20200205_C07.hex
* Software Version Seasave V 7.23.2
* Temperature SN = 4590
* Conductivity SN = 3228
* Number of Bytes Per Scan = 44
* Number of Voltage Words = 5
* Number of Scans Averaged by the Deck Unit = 1
* NMEA Latitude = 38 55.42 N
* NMEA Longitude = 073 13.35 W
* NMEA UTC (Time) = Feb 05 2020  15:50:53
* NMEA baud rate = 4800
** Ship: rv seawolf
** Station: 7.5
** Operator: eih
# nquan = 35
# nvalues = 137                         
# units = specified
# name 0 = depSM: Depth [salt water, m]
# name 1 = t090C: Temperature [ITS-90, deg C]
# name 2 = sal00: Salinity, Practical [PSU]
# name 3 = density00: Density [density, kg/m^3]
# name 4 = sbeox0V: Oxygen raw, SBE 43 [V]
# name 5 = sbeox0ML/L: Oxygen, SBE 43 [ml/l]
# name 6 = sbeox0PS: Oxygen, SBE 43 [% saturation]
# name 7 = sbox0dV/dT: Oxygen, SBE 43 [dov/dt]
# name 8 = oxsolML/L: Oxygen Saturation, Garcia & Gordon [ml/l]
# name 9 = oxsatML/L: Oxygen Saturation, Weiss [ml/l]
# name 10 = ph: pH
# name 11 = flECO-AFL: Fluorescence, WET Labs ECO-AFL/FL [mg/m^3]
# name 12 = n2satML/L: Nitrogen Saturation [ml/l]
# name 13 = c0S/m: Conductivity [S/m]
# name 14 = cpar: CPAR/Corrected Irradiance [%]
# name 15 = sigma-é00: Density [sigma-theta, kg/m^3]
# name 16 = sigma-t00: Density [sigma-t, kg/m^3 ]
# name 17 = par: PAR/Irradiance, Biospherical/Licor
# name 18 = prDM: Pressure, Digiquartz [db]
# name 19 = pumps: Pump Status
# name 20 = scan: Scan Count
# name 21 = svCM: Sound Velocity [Chen-Millero, m/s]
# name 22 = spar: SPAR, Biospherical/Licor
# name 23 = specc: Specific Conductance [uS/cm]
# name 24 = timeS: Time, Elapsed [seconds]
# name 25 = timeY: Time, System [seconds]
# name 26 = accM: Acceleration [m/s^2]
# name 27 = dz/dtM: Descent Rate [m/s]
# name 28 = latitude: Latitude [deg]
# name 29 = longitude: Longitude [deg]
# name 30 = gsw_saA0: Absolute Salinity [g/kg]
# name 31 = gsw_densityA0: density, TEOS-10 [density, kg/m^3]
# name 32 = gsw_sigma0A0: density, TEOS-10 [sigma-0, kg/m^3 ]
# name 33 = gsw_ptA0: potential temperature [ITS-90, deg C]
# name 34 = flag: flag
# span 0 =      1.000,     71.000       
# span 1 =     8.9951,     9.4645       
# span 2 =    33.3900,    33.5961       
# span 3 =  1025.8638,  1026.2709       
# span 4 =     2.3856,     2.5194       
# span 5 =     6.1076,     6.5790       
# span 6 =     94.681,    100.869       
# span 7 =   -0.00799,    0.00381       
# span 8 =    6.44652,    6.52257       
# span 9 =    6.45047,    6.52742       
# span 10 =      8.275,      8.291      
# span 11 =     0.1658,     0.6553      
# span 12 =   11.63271,   11.76083      
# span 13 =   3.560651,   3.624957      
# span 14 = -3.285e-08, 4.9485e+01      
# span 15 =    25.8584,    25.9472      
# span 16 =    25.8580,    25.9459      
# span 17 = -1.375e-07, 2.2411e+02      
# span 18 =      1.057,     71.521      
# span 19 =          1,          1      
# span 20 =         81,      19184      
# span 21 =    1484.29,    1487.29      
# span 22 = 3.2623e+02, 5.0414e+02      
# span 23 =  52365.476,  52600.540      
# span 24 =      3.336,    799.305      
# span 25 = 1580917857, 1580918653      
# span 26 =      -1.24,       0.99      
# span 27 =     -1.435,      1.250      
# span 28 =   38.92010,   38.92380      
# span 29 =  -73.22656,  -73.22267      
# span 30 =    33.5443,    33.7555      
# span 31 =  1025.8671,  1026.2743      
# span 32 =    25.8565,    25.9507      
# span 33 =     8.9934,     9.4600      
# span 34 = 0.0000e+00, 0.0000e+00      
# interval = meters: 1                  
# start_time = Feb 05 2020 15:50:53 [System UTC, first data scan.]
# bad_flag = -9.990e-29
*END*
[from data line 83]
     54.000     9.4368    33.5882  1026.1900     2.3922     6.1324     95.060    0.00081    6.45105    6.45507      8.275     0.2148   11.64023   3.621817 2.5641e-02    25.9437    25.9427 1.0744e-01     54.429          1       8969    1486.96 4.1911e+02  52582.875    373.660 1580918227      -0.28     -0.677   38.92215  -73.22458    33.7475  1026.1932    25.9469     9.4309 0.0000e+00
     53.000     9.4388    33.5878  1026.1848     2.3918     6.1250     94.952    0.00032    6.45061    6.45462      8.275     0.1961   11.63949   3.621917 3.4607e-02    25.9430    25.9421 1.4225e-01     53.407          1       9075    1486.96 4.1102e+02  52581.306    378.099 1580918232      -0.39     -0.529   38.92212  -73.22460    33.7471  1026.1880    25.9463     9.4330 0.0000e+00
     52.000     9.4398    33.5881  1026.1802     2.3929     6.1308     95.049    0.00066    6.45021    6.45422      8.275     0.1981   11.63882   3.621999 4.2656e-02    25.9431    25.9421 1.7496e-01     52.410          1       9120    1486.94 4.1018e+02  52580.784    379.973 1580918233      -0.10     -0.705   38.92212  -73.22461    33.7475  1026.1836    25.9464     9.4341 0.0000e+00
     51.000     9.4414    33.5882  1026.1755     2.3941     6.1351     95.122    0.00093    6.44979    6.45379      8.275     0.1665   11.63812   3.622086 4.8543e-02    25.9429    25.9420 1.9935e-01     51.387          1       9222    1486.93 4.1067e+02  52580.026    384.190 1580918238      -1.24     -0.706   38.92210  -73.22464    33.7473  1026.1786    25.9461     9.4358 0.0000e+00
     50.000     9.4418    33.5884  1026.1710     2.3944     6.1364     95.144    0.00098    6.44963    6.45363      8.275     0.2213   11.63786   3.622136 5.8618e-02    25.9430    25.9421 2.3957e-01     50.408          1       9234    1486.91 4.0872e+02  52579.568    384.698 1580918238      -0.98     -1.343   38.92210  -73.22464    33.7479  1026.1745    25.9464     9.4363 0.0000e+00
     49.000     9.4436    33.5884  1026.1662     2.3947     6.1351     95.121    0.00080    6.44981    6.45381      8.275     0.2194   11.63816   3.622201 7.4051e-02    25.9427    25.9418 2.8420e-01     49.397          1       9303    1486.91 3.8722e+02  52578.618    387.584 1580918241      -0.27     -1.168   38.92208  -73.22466    33.7474  1026.1692    25.9457     9.4382 0.0000e+00
     48.000     9.4431    33.5886  1026.1618     2.3954     6.1406     95.196    0.00120    6.45045    6.45446      8.275     0.2084   11.63922   3.622186 7.9628e-02    25.9429    25.9421 3.2589e-01     48.374          1       9398    1486.89 4.0932e+02  52578.327    391.553 1580918245      -1.19     -0.886   38.92206  -73.22468    33.7481  1026.1652    25.9463     9.4379 0.0000e+00
     47.000     9.4482    33.5892  1026.1568     2.3948     6.1316     95.065    0.00047    6.44993    6.45393      8.275     0.2181   11.63836   3.622684 9.3715e-02    25.9425    25.9416 3.8127e-01     47.395          1       9416    1486.89 4.0695e+02  52577.371    392.274 1580918246      -0.50     -1.435   38.92206  -73.22468    33.7489  1026.1606    25.9461     9.4431 0.0000e+00
     46.000     9.4480    33.5891  1026.1522     2.3941     6.1228     94.939    0.00012    6.44921    6.45320      8.275     0.1901   11.63716   3.622581 1.0904e-01    25.9424    25.9416 4.4675e-01     46.351          1       9577    1486.87 4.0976e+02  52576.713    399.006 1580918252      -0.21     -0.216   38.92202  -73.22470    33.7486  1026.1556    25.9459     9.4429 0.0000e+00
     45.000     9.4468    33.5891  1026.1478     2.3950     6.1273     95.005    0.00028    6.44947    6.45346      8.275     0.2978   11.63759   3.622411 1.2452e-01    25.9426    25.9418 4.9190e-01     45.342          1       9610    1486.85 3.9611e+02  52576.303    400.383 1580918254      -0.50     -0.666   38.92202  -73.22470    33.7484  1026.1511    25.9459     9.4418 0.0000e+00
     44.000     9.4477    33.5893  1026.1432     2.3990     6.1620     95.543    0.00276    6.44944    6.45344      8.275     0.2111   11.63754   3.622465 1.5253e-01    25.9426    25.9418 5.6544e-01     44.351          1       9632    1486.84 3.7099e+02  52575.708    401.287 1580918255      -0.20     -0.998   38.92200  -73.22472    33.7485  1026.1465    25.9458     9.4429 0.0000e+00
     43.000     9.4552    33.5899  1026.1379     2.3969     6.1352     95.158    0.00082    6.44737    6.45134      8.275     0.2288   11.63411   3.623209 1.6717e-01    25.9418    25.9410 6.5988e-01     43.343          1       9739    1486.85 3.9531e+02  52574.322    405.732 1580918259      -0.02     -0.928   38.92199  -73.22473    33.7497  1026.1416    25.9455     9.4504 0.0000e+00
     42.000     9.4628    33.5894  1026.1317     2.3978     6.1343     95.126    0.00030    6.44858    6.45256      8.275     0.1988   11.63616   3.623781 1.8534e-01    25.9402    25.9394 7.4948e-01     42.334          1       9825    1486.86 4.0440e+02  52571.433    409.318 1580918263       0.03     -0.803   38.92197  -73.22474    33.7489  1026.1352    25.9436     9.4582 0.0000e+00
     41.000     9.4645    33.5875  1026.1254     2.3985     6.1382     95.204    0.00071    6.44739    6.45136 -9.990e-29     0.1969   11.63418   3.623682 2.0826e-01    25.9384    25.9377 8.4350e-01     41.320          1       9933    1486.85 4.0504e+02  52567.838    413.839 1580918267      -0.34     -1.008   38.92194  -73.22476    33.7467  1026.1286    25.9416     9.4600 0.0000e+00
     40.000     9.4462    33.5743  1026.1135     2.4036     6.1748     95.786    0.00314    6.44652    6.45047 -9.990e-29     0.2066   11.63271   3.620198 2.4420e-01    25.9311    25.9303 9.4962e-01     40.329          1      10028    1486.75 3.9007e+02  52552.279    417.806 1580918271       0.09     -1.075   38.92193  -73.22477    33.7283  1026.1128    25.9303     9.4418 0.0000e+00
     39.000     9.3993    33.5507  1026.0981     2.4169     6.2290     96.525    0.00376    6.45317    6.45720      8.278     0.2121   11.64395   3.613804 2.6053e-01    25.9201    25.9195 1.0572e+00     39.329          1      10577    1486.53 4.0579e+02  52528.239    440.686 1580918294       0.03     -1.118   38.92181  -73.22488    33.7066  1026.0990    25.9209     9.3950 0.0000e+00
     38.000     9.2959    33.5001  1026.0707     2.4449     6.3232     97.637    0.00175    6.47622    6.48051      8.284     0.2844   11.68294   3.599636 2.8819e-01    25.8973    25.8966 1.1810e+00     38.286          1      11308    1486.08 4.0987e+02  52477.831    471.134 1580918325      -0.14     -0.480   38.92165  -73.22499    33.6574  1026.0727    25.8992     9.2918 0.0000e+00
     37.000     9.2981    33.5010  1026.0665     2.4450     6.3192     97.607    0.00142    6.47413    6.47839      8.284     0.2777   11.67940   3.599886 3.3853e-01    25.8976    25.8969 1.3676e+00     37.291          1      11301    1486.07 4.0405e+02  52477.996    470.851 1580918324      -0.22     -0.751   38.92165  -73.22499    33.6583  1026.0685    25.8996     9.2941 0.0000e+00
     36.000     9.2978    33.5004  1026.0615     2.4455     6.3137     97.521    0.00073    6.47418    6.47844      8.284     0.2863   11.67949   3.599768 3.7400e-01    25.8972    25.8965 1.5280e+00     36.290          1      11404    1486.05 4.0860e+02  52476.615    475.133 1580918329      -0.33     -0.939   38.92162  -73.22500    33.6578  1026.0636    25.8992     9.2939 0.0000e+00
     35.000     9.2967    33.5000  1026.0568     2.4463     6.3166     97.571    0.00082    6.47391    6.47816      8.285     0.2657   11.67903   3.599589 4.2368e-01    25.8970    25.8964 1.7255e+00     35.285          1      11469    1486.03 4.0730e+02  52475.634    477.817 1580918331       0.07     -1.003   38.92162  -73.22502    33.6575  1026.0589    25.8991     9.2929 0.0000e+00
     34.000     9.2876    33.4959  1026.0504     2.4477     6.3245     97.633    0.00090    6.47776    6.48206      8.285     0.2641   11.68556   3.598154 4.7831e-01    25.8952    25.8946 1.9587e+00     34.269          1      11635    1485.97 4.0950e+02  52471.055    484.749 1580918338       0.04     -0.701   38.92158  -73.22504    33.6516  1026.0512    25.8960     9.2839 0.0000e+00
     33.000     9.2708    33.4849  1026.0400     2.4546     6.3677     98.239    0.00292    6.48184    6.48618      8.285     0.2942   11.69254   3.595716 5.3363e-01    25.8893    25.8887 2.1960e+00     33.263          1      11754    1485.88 4.1158e+02  52458.492    489.706 1580918343      -0.21     -0.660   38.92156  -73.22506    33.6425  1026.0423    25.8916     9.2673 0.0000e+00
     32.000     9.2179    33.4564  1026.0216     2.4703     6.4170     98.861    0.00174    6.49092    6.49537      8.285     0.3598   11.70780   3.588063 6.0683e-01    25.8755    25.8749 2.5041e+00     32.251          1      11924    1485.64 4.1267e+02  52428.793    496.788 1580918350      -0.02     -0.410   38.92153  -73.22510    33.6132  1026.0233    25.8772     9.2144 0.0000e+00
     31.000     9.1780    33.4412  1026.0115     2.4789     6.4466     99.260    0.00159    6.49470    6.49920      8.287     0.3644   11.71416   3.582959 6.8342e-01    25.8699    25.8694 2.8306e+00     31.239          1      12066    1485.45 4.1417e+02  52415.157    502.716 1580918356      -0.45     -0.277   38.92150  -73.22513    33.5981  1026.0133    25.8717     9.1746 0.0000e+00
     30.000     9.1738    33.4400  1026.0067     2.4814     6.4528     99.296    0.00094    6.49851    6.50306      8.288     0.3841   11.72054   3.582544 7.6511e-01    25.8697    25.8691 3.1002e+00     30.238          1      12147    1485.42 4.0516e+02  52413.730    506.089 1580918360      -0.61     -0.412   38.92148  -73.22516    33.5982  1026.0095    25.8725     9.1705 0.0000e+00
     29.000     9.1440    33.4308  1025.9996     2.4859     6.4853     99.617    0.00161    6.51023    6.51492      8.289     0.4616   11.74017   3.578599 8.7118e-01    25.8671    25.8666 3.4832e+00     29.233          1      12230    1485.28 4.0017e+02  52406.356    509.549 1580918363      -0.55     -0.655   38.92147  -73.22517    33.5855  1025.9998    25.8673     9.1409 0.0000e+00
     28.000     9.0695    33.4106  1025.9911     2.4937     6.5332    100.302    0.00381    6.51354    6.51828 -9.990e-29     0.4922   11.74572   3.569716 9.7133e-01    25.8631    25.8627 3.8859e+00     28.234          1      12297    1484.97 4.0004e+02  52393.141    512.346 1580918366      -0.34     -0.931   38.92146  -73.22518    33.5634  1025.9899    25.8619     9.0665 0.0000e+00
     27.000     9.0486    33.4039  1025.9847     2.5015     6.5275    100.330    0.00131    6.50601    6.51065      8.290     0.4676   11.73308   3.567513 1.0399e+00    25.8612    25.8608 4.2878e+00     27.213          1      12429    1484.87 4.1235e+02  52387.571    517.840 1580918371      -0.17     -0.859   38.92143  -73.22522    33.5605  1025.9864    25.8629     9.0457 0.0000e+00
     26.000     9.0568    33.4060  1025.9803     2.5012     6.5316    100.350    0.00158    6.50882    6.51349      8.290     0.4651   11.73783   3.568532 1.2160e+00    25.8615    25.8610 4.8734e+00     26.220          1      12524    1484.88 4.0102e+02  52387.962    521.799 1580918375      -0.16     -1.066   38.92141  -73.22524    33.5640  1025.9832    25.8643     9.0540 0.0000e+00
     25.000     9.0598    33.4064  1025.9756     2.5008     6.5353    100.338    0.00163    6.51335    6.51807      8.288     0.4810   11.74540   3.568773 1.3472e+00    25.8613    25.8609 5.4399e+00     25.223          1      13151    1484.88 4.0396e+02  52387.387    547.899 1580918401       0.13     -1.302   38.92128  -73.22539    33.5641  1025.9783    25.8639     9.0571 0.0000e+00
     24.000     9.0242    33.3968  1025.9692     2.5051     6.5573    100.551    0.00184    6.52134    6.52617      8.289     0.5405   11.75876   3.564337 1.4915e+00    25.8595    25.8591 6.2918e+00     24.199          1      14228    1484.72 4.2165e+02  52380.850    592.777 1580918446       0.10     -1.048   38.92105  -73.22566    33.5517  1025.9695    25.8597     9.0217 0.0000e+00
     23.000     8.9972    33.3900  1025.9635     2.5135     6.5749    100.802    0.00085    6.52257    6.52742 -9.990e-29     0.5652   11.76083   3.561441 1.6900e+00    25.8584    25.8580 7.2109e+00     23.169          1      14436    1484.59 4.2669e+02  52376.363    601.466 1580918455      -0.51     -0.521   38.92102  -73.22572    33.5473  1025.9658    25.8606     8.9947 0.0000e+00
     22.000     8.9974    33.3902  1025.9591     2.5136     6.5728    100.771    0.00054    6.52245    6.52730 -9.990e-29     0.5733   11.76063   3.561428 1.8525e+00    25.8585    25.8581 7.9348e+00     22.174          1      14455    1484.58 4.2832e+02  52375.977    602.259 1580918456      -0.28     -0.942   38.92100  -73.22572    33.5474  1025.9612    25.8606     8.9951 0.0000e+00
     21.000     8.9973    33.3902  1025.9544     2.5140     6.5740    100.797    0.00064    6.52207    6.52691 -9.990e-29     0.5546   11.76000   3.561375 2.1005e+00    25.8584    25.8580 8.9697e+00     21.165          1      14504    1484.56 4.2712e+02  52375.187    604.274 1580918458       0.06     -0.718   38.92100  -73.22574    33.5474  1025.9567    25.8606     8.9951 0.0000e+00
     20.000     9.0000    33.3907  1025.9499     2.5143     6.5742    100.808    0.00075    6.52145    6.52629 -9.990e-29     0.5686   11.75897   3.561687 2.3319e+00    25.8584    25.8581 1.0079e+01     20.144          1      14578    1484.56 4.3219e+02  52374.792    607.379 1580918461      -1.13     -0.550   38.92100  -73.22576    33.5486  1025.9525    25.8611     8.9979 0.0000e+00
     19.000     9.0011    33.3910  1025.9453     2.5144     6.5710    100.760    0.00035    6.52146    6.52629 -9.990e-29     0.5687   11.75898   3.561787 2.7010e+00    25.8584    25.8581 1.1680e+01     19.171          1      14592    1484.54 4.3245e+02  52374.250    607.966 1580918461      -0.85     -1.217   38.92098  -73.22576    33.5490  1025.9483    25.8613     8.9991 0.0000e+00
     18.000     9.0011    33.3909  1025.9407     2.5151     6.5723    100.767    0.00043    6.52230    6.52714 -9.990e-29     0.5728   11.76037   3.561714 2.9772e+00    25.8584    25.8581 1.2958e+01     18.145          1      14677    1484.52 4.3529e+02  52373.590    611.515 1580918465      -0.34     -0.977   38.92097  -73.22576    33.5488  1025.9434    25.8611     8.9992 0.0000e+00
     17.000     8.9974    33.3903  1025.9362     2.5157     6.5790    100.869    0.00101    6.52231    6.52716 -9.990e-29     0.5785   11.76040   3.561209 3.2809e+00    25.8584    25.8581 1.4290e+01     17.129          1      14720    1484.49 4.3560e+02  52372.729    613.302 1580918467      -0.37     -1.105   38.92096  -73.22578    33.5474  1025.9383    25.8606     8.9956 0.0000e+00
     16.000     8.9951    33.3903  1025.9320     2.5152     6.5717    100.753    0.00027    6.52255    6.52740 -9.990e-29     0.5672   11.76079   3.561023 3.7483e+00    25.8588    25.8586 1.6266e+01     16.139          1      14739    1484.47 4.3398e+02  52372.715    614.077 1580918468      -0.14     -1.294   38.92096  -73.22578    33.5482  1025.9348    25.8615     8.9934 0.0000e+00
     15.000     9.0055    33.3925  1025.9275     2.5134     6.5527    100.489   -0.00080    6.52084    6.52567 -9.990e-29     0.5507   11.75794   3.562238 4.1416e+00    25.8589    25.8586 1.8153e+01     15.129          1      14831    1484.49 4.3836e+02  52372.932    617.924 1580918471      -0.27     -1.020   38.92095  -73.22580    33.5516  1025.9311    25.8625     9.0039 0.0000e+00
     14.000     9.0198    33.3957  1025.9231     2.5108     6.5323    100.188   -0.00197    6.52002    6.52483 -9.990e-29     0.5486   11.75656   3.563852 4.5685e+00    25.8591    25.8589 2.0075e+01     14.121          1      14884    1484.53 4.3944e+02  52373.707    620.136 1580918474      -0.20     -1.257   38.92092  -73.22582    33.5554  1025.9273    25.8632     9.0184 0.0000e+00
