CalculateIndicators/WaterTemperature/Data/CTD_NYOS/20201029_C38.cnv
* Sea-Bird SBE 9 Data File:
* FileName = C:\Seabird 9 CTD\Data\2020\202010_offshore\20201029_C38.hex
* Software Version Seasave V 7.23.2
* Temperature SN = 4590
* Conductivity SN = 3228
* Number of Bytes Per Scan = 44
* Number of Voltage Words = 5
* Number of Scans Averaged by the Deck Unit = 1
* NMEA Latitude = 40 05.88 N
* NMEA Longitude = 071 34.02 W
* NMEA UTC (Time) = Oct 29 2020  07:48:29
* NMEA baud rate = 4800
** Ship: seawolf
** Station: 1.4
** Operator: sjw
# nquan = 31
# nvalues = 160                         
# units = specified
# name 0 = depSM: Depth [salt water, m]
# name 1 = t090C: Temperature [ITS-90, deg C]
# name 2 = sal00: Salinity, Practical [PSU]
# name 3 = density00: Density [density, kg/m^3]
# name 4 = sbeox0V: Oxygen raw, SBE 43 [V]
# name 5 = sbeox0ML/L: Oxygen, SBE 43 [ml/l]
# name 6 = sbeox0PS: Oxygen, SBE 43 [% saturation]
# name 7 = sbox0dV/dT: Oxygen, SBE 43 [dov/dt]
# name 8 = oxsolML/L: Oxygen Saturation, Garcia & Gordon [ml/l]
# name 9 = oxsatML/L: Oxygen Saturation, Weiss [ml/l]
# name 10 = ph: pH
# name 11 = flECO-AFL: Fluorescence, WET Labs ECO-AFL/FL [mg/m^3]
# name 12 = n2satML/L: Nitrogen Saturation [ml/l]
# name 13 = c0S/m: Conductivity [S/m]
# name 14 = cpar: CPAR/Corrected Irradiance [%]
# name 15 = sigma-é00: Density [sigma-theta, kg/m^3]
# name 16 = sigma-t00: Density [sigma-t, kg/m^3 ]
# name 17 = par: PAR/Irradiance, Biospherical/Licor
# name 18 = prDM: Pressure, Digiquartz [db]
# name 19 = pumps: Pump Status
# name 20 = scan: Scan Count
# name 21 = svCM: Sound Velocity [Chen-Millero, m/s]
# name 22 = spar: SPAR, Biospherical/Licor
# name 23 = specc: Specific Conductance [uS/cm]
# name 24 = timeS: Time, Elapsed [seconds]
# name 25 = timeY: Time, System [seconds]
# name 26 = accM: Acceleration [m/s^2]
# name 27 = dz/dtM: Descent Rate [m/s]
# name 28 = latitude: Latitude [deg]
# name 29 = longitude: Longitude [deg]
# name 30 = flag: flag
# span 0 =      1.967,     81.356       
# span 1 =    12.4486,    19.3802       
# span 2 =    33.6031,    34.7429       
# span 3 =  1024.3750,  1026.3218       
# span 4 =     1.8652,     2.4408       
# span 5 =     4.0308,     5.1248       
# span 6 =     68.029,     94.871       
# span 7 =   -0.04343,    0.03334       
# span 8 =    5.24992,    6.04574       
# span 9 =    5.24066,    6.04440       
# span 10 =      8.362,      8.556      
# span 11 =    -0.0172,     0.5284      
# span 12 =    9.63831,   10.96853      
# span 13 =   3.908646,   4.689024      
# span 14 = -3.068e+03, 1.0511e+05      
# span 15 =    24.3658,    25.9612      
# span 16 =    24.3657,    25.9587      
# span 17 = -1.719e-02, 2.2596e-02      
# span 18 =      2.000,     82.000      
# span 19 =          1,          1      
# span 20 =        370,      17259      
# span 21 =    1497.95,    1519.90      
# span 22 = -2.021e-01, 4.0007e+00      
# span 23 =  51775.248,  53436.395      
# span 24 =     15.376,    719.084      
# span 25 = 1603957725, 1603958429      
# span 26 =      -0.59,       0.43      
# span 27 =     -0.679,      0.733      
# span 28 =   40.09816,   40.09887      
# span 29 =  -71.56706,  -71.56660      
# span 30 = 0.0000e+00, 0.0000e+00      
# interval = decibars: 1                
# start_time = Oct 29 2020 07:48:30 [System UTC, first data scan.]
# bad_flag = -9.990e-29
*END*
      2.974    18.0630    33.8365  1024.3789     2.4408     5.1248     94.858    0.00032    5.40264    5.39437      8.458     0.5194    9.90011   4.459639 5.9421e+04    24.3658    24.3657 1.0000e-12      3.000          1        370    1514.70 1.6026e+00  51775.248     15.376 1603957725       0.27      0.048   40.09817  -71.56706 0.0000e+00
      3.969    18.0585    33.8366  1024.3845     2.4393     5.1197     94.751   -0.00065    5.40337    5.39511      8.459     0.4607    9.90133   4.459226 1.9428e+03    24.3671    24.3669 1.0000e-12      4.000          1        459    1514.70 3.8728e+00  51776.211     19.098 1603957729       0.04      0.317   40.09817  -71.56706 0.0000e+00
      4.964    18.0529    33.8365  1024.3902     2.4390     5.1227     94.805    0.00040    5.40336    5.39510      8.461     0.4512    9.90132   4.458771 2.7794e-11    24.3684    24.3682 1.0000e-12      5.000          1        519    1514.70 -9.990e-29  51776.982     21.597 1603957732       0.35      0.446   40.09816  -71.56705 0.0000e+00
      5.952    18.0520    33.8363  1024.3946     2.4376     5.1153     94.681   -0.00080    5.40268    5.39441      8.459     0.4863    9.90018   4.458628 3.1052e-11    24.3685    24.3683 1.0000e-12      6.000          1        581    1514.72 3.9495e+00  51777.235     24.174 1603957734      -0.17      0.365   40.09818  -71.56704 0.0000e+00
      6.946    18.0570    33.8362  1024.3978     2.4379     5.1189     94.738   -0.00026    5.40329    5.39502      8.452     0.4712    9.90120   4.459199 2.8513e-11    24.3673    24.3670 1.0000e-12      7.000          1        651    1514.75 3.9495e+00  51777.282     27.080 1603957737       0.04      0.314   40.09818  -71.56704 0.0000e+00
      7.943    18.0536    33.8356  1024.4025     2.4369     5.1177     94.714   -0.00002    5.40332    5.39506      8.451     0.4768    9.90125   4.458823 2.9637e-11    24.3676    24.3673 1.0000e-12      8.000          1        707    1514.76 3.9495e+00  51777.154     29.408 1603957739       0.14      0.521   40.09818  -71.56704 0.0000e+00
      8.928    18.0530    33.8355  1024.4069     2.4381     5.1236     94.822    0.00059    5.40332    5.39506      8.451     0.4704    9.90125   4.458791 2.5612e-11    24.3677    24.3673 1.0000e-12      9.000          1        776    1514.77 3.9495e+00  51777.524     32.295 1603957742      -0.06      0.298   40.09818  -71.56704 0.0000e+00
      9.922    18.0528    33.8362  1024.4119     2.4382     5.1181     94.786   -0.00030    5.39967    5.39138      8.452     0.4504    9.89510   4.458966 1.6814e+04    24.3683    24.3679 1.0000e-12     10.000          1        841    1514.79 2.9534e+00  51778.962     35.004 1603957745      -0.05      0.352   40.09818  -71.56704 0.0000e+00
     10.918    18.0806    33.8438  1024.4154     2.4384     5.1204     94.842    0.00041    5.39882    5.39052      8.452     0.5284    9.89365   4.462719 9.6265e+04    24.3674    24.3670 1.0000e-12     11.000          1        896    1514.89 1.3319e-01  51788.003     37.304 1603957747       0.10      0.488   40.09818  -71.56704 0.0000e+00
     11.904    18.0941    33.8487  1024.4201     2.4375     5.1135     94.767   -0.00038    5.39579    5.38747      8.452     0.4661    9.88848   4.464605 5.3790e+04    24.3679    24.3674 1.0000e-12     12.000          1        969    1514.95 1.0037e+00  51794.134     40.353 1603957750      -0.08      0.263   40.09818  -71.56704 0.0000e+00
     12.902    18.1134    33.8592  1024.4278     2.4370     5.1112     94.746   -0.00041    5.39464    5.38631      8.452     0.4682    9.88652   4.467844 5.0648e+03    24.3712    24.3707 1.0000e-12     13.000          1       1023    1515.04 3.5603e+00  51807.674     42.591 1603957753      -0.03      0.469   40.09818  -71.56704 0.0000e+00
     13.894    18.1259    33.8646  1024.4334     2.4368     5.1114     94.786    0.00026    5.39257    5.38423      8.450     0.4980    9.88300   4.469730 2.8998e-11    24.3723    24.3718 1.0000e-12     14.000          1       1087    1515.10 3.9382e+00  51814.681     45.267 1603957755       0.02      0.383   40.09818  -71.56704 0.0000e+00
     14.880    18.1407    33.8724  1024.4401     2.4347     5.0981     94.598   -0.00139    5.38922    5.38085      8.439     0.4604    9.87727   4.472217 2.8053e-11    24.3747    24.3741 1.0000e-12     15.000          1       1156    1515.17 3.9495e+00  51824.827     48.125 1603957758       0.07      0.319   40.09818  -71.56704 0.0000e+00
     15.880    18.1657    33.8852  1024.4481     2.4339     5.0988     94.620   -0.00042    5.38866    5.38029      8.440     0.5086    9.87632   4.476176 2.7157e-11    24.3784    24.3777 1.0000e-12     16.000          1       1202    1515.27 3.9495e+00  51841.054     50.029 1603957760      -0.03      0.507   40.09818  -71.56703 0.0000e+00
     16.865    18.1804    33.8930  1024.4548     2.4324     5.0930     94.580   -0.00012    5.38491    5.37651      8.439     0.4425    9.86991   4.478531 2.7752e-11    24.3808    24.3801 1.0000e-12     17.000          1       1285    1515.34 3.9495e+00  51851.172     53.495 1603957764       0.02      0.210   40.09819  -71.56702 0.0000e+00
     17.862    18.2006    33.9039  1024.4626     2.4333     5.0952     94.640    0.00004    5.38378    5.37538      8.439     0.4552    9.86799   4.481950 2.6506e-11    24.3842    24.3834 1.0000e-12     18.000          1       1333    1515.43 3.9495e+00  51865.137     55.483 1603957765       0.08      0.512   40.09820  -71.56702 0.0000e+00
     18.855    18.2178    33.9134  1024.4700     2.4325     5.0903     94.584   -0.00038    5.38177    5.37335 -9.990e-29     0.4721    9.86453   4.484704 2.7857e-11    24.3872    24.3864 1.0000e-12     19.000          1       1393    1515.51 3.8760e+00  51877.376     57.992 1603957768      -0.08      0.384   40.09820  -71.56702 0.0000e+00
     19.842    18.2358    33.9252  1024.4789     2.4308     5.0786     94.508   -0.00047    5.37375    5.36527 -9.990e-29     0.4093    9.85080   4.487982 1.0439e+05    24.3919    24.3910 1.0000e-12     20.000          1       1470    1515.59 -2.021e-01  51892.787     61.224 1603957771       0.06      0.304   40.09820  -71.56702 0.0000e+00
     20.841    18.2786    33.9504  1024.4921     2.4310     5.0720     94.533   -0.00017    5.36535    5.35682      8.438     0.4061    9.83644   4.495466 9.9643e+04    24.4007    24.3998 1.0000e-12     21.000          1       1519    1515.76 1.1728e-02  51924.804     63.259 1603957773      -0.02      0.478   40.09820  -71.56702 0.0000e+00
     21.826    18.3617    33.9988  1024.5128     2.4285     5.0445     94.366   -0.00096    5.34564    5.33698      8.438     0.3104    9.80264   4.509714 7.3713e+04    24.4171    24.4162 1.0000e-12     22.000          1       1589    1516.07 1.0382e+00  51985.648     66.171 1603957776       0.04      0.292   40.09820  -71.56702 0.0000e+00
     22.825    18.4717    34.0657  1024.5410     2.4233     5.0066     94.018   -0.00239    5.32517    5.31638      8.437     0.2805    9.76755   4.528881 3.2081e+03    24.4410    24.4400 1.0000e-12     23.000          1       1636    1516.48 3.8228e+00  52069.869     68.111 1603957778      -0.00      0.511   40.09820  -71.56702 0.0000e+00
     23.811    18.6667    34.1940  1024.5946     2.4147     4.9754     93.527   -0.00383    5.31978    5.31096 -9.990e-29     0.2182    9.75833   4.564045 2.8275e-11    24.4904    24.4893 1.0000e-12     24.000          1       1695    1517.21 3.9495e+00  52232.776     70.565 1603957781       0.02      0.379   40.09821  -71.56701 0.0000e+00
     24.809    18.7373    34.2344  1024.6122     2.4110     4.9723     93.478   -0.00167    5.31920    5.31037      8.472     0.2342    9.75733   4.574953 2.7173e-11    24.5036    24.5025 1.0000e-12     25.000          1       1744    1517.47 3.9495e+00  52283.537     72.640 1603957783      -0.06      0.470   40.09822  -71.56700 0.0000e+00
     25.796    18.7537    34.2447  1024.6203     2.4097     4.9710     93.494   -0.00047    5.31690    5.30806      8.529     0.1949    9.75341   4.577507 2.6529e-11    24.5074    24.5063 1.0000e-12     26.000          1       1812    1517.55 3.9495e+00  52297.065     75.442 1603957785       0.12      0.320   40.09822  -71.56700 0.0000e+00
     26.791    18.7663    34.2514  1024.6266     2.4096     4.9679     93.532    0.00018    5.31144    5.30256      8.556     0.1923    9.74409   4.579527 2.6190e-11    24.5093    24.5082 1.0000e-12     27.000          1       1863    1517.61 3.9495e+00  52305.785     77.581 1603957788      -0.04      0.459   40.09822  -71.56700 0.0000e+00
     27.785    18.8079    34.2728  1024.6369     2.4116     4.9518     93.648    0.00078    5.28766    5.27862      8.526     0.1679    9.70335   4.586436 2.5741e-11    24.5153    24.5141 1.0000e-12     28.000          1       1919    1517.77 3.9495e+00  52332.822     79.931 1603957790      -0.04      0.431   40.09822  -71.56700 0.0000e+00
     28.771    19.0105    34.3950  1024.6832     2.4231     4.9774     94.455    0.00541    5.26958    5.26044      8.433     0.1417    9.67231   4.622768 2.5290e-11    24.5574    24.5561 1.0000e-12     29.000          1       1988    1518.50 3.9495e+00  52486.799     82.799 1603957793       0.14      0.306   40.09822  -71.56700 0.0000e+00
     29.767    19.1456    34.4788  1024.7171     2.4224     4.9549     94.113   -0.00029    5.26482    5.25565      8.408     0.1417    9.66407   4.645358 2.7023e-11    24.5871    24.5857 1.0000e-12     30.000          1       2038    1518.99 3.9495e+00  52592.991     84.874 1603957795      -0.07      0.464   40.09822  -71.56700 0.0000e+00
     30.760    19.2033    34.5274  1024.7438     2.4139     4.9174     93.571   -0.00270    5.25532    5.24609      8.413     0.1503    9.64773   4.656699 2.7665e-11    24.6095    24.6080 1.0000e-12     31.000          1       2100    1519.23 3.9495e+00  52656.030     87.442 1603957797      -0.03      0.372   40.09824  -71.56700 0.0000e+00
     31.754    19.2784    34.5816  1024.7703     2.4057     4.8903     93.151   -0.00325    5.24992    5.24066      8.491     0.1159    9.63831   4.671558 2.8782e-11    24.6317    24.6302 1.0000e-12     32.000          1       2167    1519.52 3.9495e+00  52725.677     90.251 1603957800       0.30      0.377   40.09824  -71.56700 0.0000e+00
     32.743    19.3802    34.6517  1024.8020     2.3772     4.8038     91.209   -0.01391    5.26674    5.25761      8.471     0.1015    9.66661   4.689024 7.4340e+04    24.6591    24.6576 1.0000e-12     33.000          1       2218    1519.90 1.4240e+00  52815.567     92.391 1603957802      -0.09      0.472   40.09824  -71.56700 0.0000e+00
     33.736    19.2108    34.6074  1024.8162     2.3470     4.7475     89.908   -0.01136    5.28046    5.27143      8.396     0.0950    9.68976   4.665723 9.9367e+04    24.6688    24.6673 1.0000e-12     34.000          1       2277    1519.39 3.3448e-02  52765.906     94.839 1603957805      -0.07      0.396   40.09824  -71.56700 0.0000e+00
     34.728    19.1543    34.5949  1024.8255     2.3282     4.7293     89.181   -0.00849    5.30305    5.29418      8.416     0.0650    9.72788   4.658332 9.9999e+04    24.6738    24.6722 1.0000e-12     35.000          1       2331    1519.23 0.0000e+00  52754.004     97.084 1603957807       0.31      0.452   40.09824  -71.56699 0.0000e+00
     35.722    18.9170    34.5281  1024.8394     2.2964     4.7275     87.323   -0.01543    5.41465    5.40668      8.423     0.0703    9.91582   4.625723 9.9999e+04    24.6832    24.6816 1.0000e-12     36.000          1       2379    1518.50 0.0000e+00  52677.084     99.084 1603957809      -0.12      0.494   40.09824  -71.56698 0.0000e+00
     36.713    18.1742    34.3259  1024.8746     2.2040     4.5193     81.260   -0.04217    5.56215    5.55548      8.382     0.0627   10.16344   4.521264 9.9999e+04    24.7136    24.7121 1.0000e-12     37.000          1       2437    1516.14 0.0000e+00  52453.333    101.512 1603957811       0.10      0.427   40.09824  -71.56698 0.0000e+00
     37.705    16.8988    34.0439  1024.9715     2.1102     4.2864     76.612   -0.04343    5.59480    5.58847      8.374     0.0359   10.21759   4.362749 1.0409e+04    24.8052    24.8038 1.0000e-12     38.000          1       2489    1512.06 3.0030e+00  52167.730    103.679 1603957814      -0.04      0.458   40.09826  -71.56698 0.0000e+00
     38.694    16.1400    33.9543  1025.0842     2.0665     4.2781     76.559   -0.01084    5.58782    5.58148      8.384     0.0252   10.20466   4.283312 -9.135e+02    24.9131    24.9117 1.0000e-12     39.000          1       2553    1509.66 -9.990e-29  52111.878    106.331 1603957816      -0.04      0.347   40.09824  -71.56698 0.0000e+00
     39.693    16.3326    34.0948  1025.1522     2.1028     4.4950     80.347    0.02084    5.59444    5.58815      8.411     0.0282   10.21591   4.320170 2.8962e-11    24.9767    24.9753 1.0000e-12     40.000          1       2593    1510.43 3.4100e+00  52288.523    107.985 1603957818       0.43      0.577   40.09826  -71.56698 0.0000e+00
     40.683    16.0669    34.0692  1025.1978     2.1064     4.4967     79.358    0.00122    5.66669    5.66114      8.415     0.0173   10.33655   4.288777 6.0446e+04    25.0178    25.0163 1.0000e-12     41.000          1       2654    1509.60 1.5377e+00  52278.208    110.531 1603957821      -0.06      0.394   40.09826  -71.56698 0.0000e+00
     41.674    15.5100    34.0073  1025.2805     2.0829     4.4184     77.608   -0.00852    5.69326    5.68798      8.415     0.0306   10.38074   4.229127 9.9737e+04    25.0957    25.0942 1.0000e-12     42.000          1       2719    1507.82 1.0170e-02  52248.522    113.253 1603957823       0.10      0.456   40.09826  -71.56698 0.0000e+00
     42.665    15.3379    33.9984  1025.3163     2.0662     4.4031     76.936   -0.00686    5.72301    5.71805      8.443     0.0243   10.43035   4.212572 9.9999e+04    25.1270    25.1255 1.0000e-12     43.000          1       2779    1507.29 2.1598e-01  52254.458    115.730 1603957826      -0.09      0.380   40.09826  -71.56698 0.0000e+00
     43.661    15.0862    33.9774  1025.3601     2.0500     4.3692     76.131   -0.00730    5.73911    5.73431      8.407     0.0284   10.45729   4.185807 -9.990e-29    25.1661    25.1647 1.0000e-12     44.000          1       2834    1506.48 3.8264e+00  52252.882    118.060 1603957828       0.30      0.453   40.09826  -71.56698 0.0000e+00
     44.647    14.8617    33.9447  1025.3883     2.0252     4.3425     74.877   -0.00876    5.79948    5.79532      8.384     0.0214   10.55814   4.161060 2.7373e-11    25.1898    25.1883 1.0000e-12     45.000          1       2910    1505.75 3.8752e+00  52232.974    121.197 1603957831       0.06      0.270   40.09826  -71.56696 0.0000e+00
     45.642    14.5642    33.9025  1025.4245     2.0030     4.2880     73.707   -0.01023    5.81760    5.81364      8.391     0.0285   10.58848   4.128019 2.7855e-11    25.2213    25.2198 1.0000e-12     46.000          1       2961    1504.77 3.9499e+00  52208.743    123.327 1603957833      -0.00      0.519   40.09826  -71.56696 0.0000e+00
     46.633    14.2575    33.8501  1025.4539     1.9772     4.2771     72.507   -0.01025    5.89910    5.89603      8.400     0.0071   10.72455   4.093132 3.0690e-11    25.2459    25.2445 1.0000e-12     47.000          1       3027    1503.74 3.9495e+00  52172.795    126.064 1603957836      -0.04      0.319   40.09828  -71.56696 0.0000e+00
     47.632    13.7088    33.7700  1025.5106     1.9452     4.1968     70.622   -0.01508    5.94279    5.94022      8.401     0.0118   10.79742   4.029323 2.5625e-11    25.2977    25.2963 1.0000e-12     48.000          1       3081    1501.87 3.9495e+00  52130.981    128.316 1603957838       0.25      0.524   40.09828  -71.56696 0.0000e+00
