CalculateIndicators/WaterTemperature/Data/CTD_NYOS/20201028_C30.cnv
* Sea-Bird SBE 9 Data File:
* FileName = C:\Seabird 9 CTD\Data\2020\202010_offshore\20201028_C30.hex
* Software Version Seasave V 7.23.2
* Temperature SN = 4590
* Conductivity SN = 3228
* Number of Bytes Per Scan = 44
* Number of Voltage Words = 5
* Number of Scans Averaged by the Deck Unit = 1
* NMEA Latitude = 40 26.07 N
* NMEA Longitude = 072 22.99 W
* NMEA UTC (Time) = Oct 28 2020  06:32:24
* NMEA baud rate = 4800
** Ship: seawolf
** Station: 3.2
** Operator: sjw
# nquan = 31
# nvalues = 93                          
# units = specified
# name 0 = depSM: Depth [salt water, m]
# name 1 = t090C: Temperature [ITS-90, deg C]
# name 2 = sal00: Salinity, Practical [PSU]
# name 3 = density00: Density [density, kg/m^3]
# name 4 = sbeox0V: Oxygen raw, SBE 43 [V]
# name 5 = sbeox0ML/L: Oxygen, SBE 43 [ml/l]
# name 6 = sbeox0PS: Oxygen, SBE 43 [% saturation]
# name 7 = sbox0dV/dT: Oxygen, SBE 43 [dov/dt]
# name 8 = oxsolML/L: Oxygen Saturation, Garcia & Gordon [ml/l]
# name 9 = oxsatML/L: Oxygen Saturation, Weiss [ml/l]
# name 10 = ph: pH
# name 11 = flECO-AFL: Fluorescence, WET Labs ECO-AFL/FL [mg/m^3]
# name 12 = n2satML/L: Nitrogen Saturation [ml/l]
# name 13 = c0S/m: Conductivity [S/m]
# name 14 = cpar: CPAR/Corrected Irradiance [%]
# name 15 = sigma-é00: Density [sigma-theta, kg/m^3]
# name 16 = sigma-t00: Density [sigma-t, kg/m^3 ]
# name 17 = par: PAR/Irradiance, Biospherical/Licor
# name 18 = prDM: Pressure, Digiquartz [db]
# name 19 = pumps: Pump Status
# name 20 = scan: Scan Count
# name 21 = svCM: Sound Velocity [Chen-Millero, m/s]
# name 22 = spar: SPAR, Biospherical/Licor
# name 23 = specc: Specific Conductance [uS/cm]
# name 24 = timeS: Time, Elapsed [seconds]
# name 25 = timeY: Time, System [seconds]
# name 26 = accM: Acceleration [m/s^2]
# name 27 = dz/dtM: Descent Rate [m/s]
# name 28 = latitude: Latitude [deg]
# name 29 = longitude: Longitude [deg]
# name 30 = flag: flag
# span 0 =      1.964,     47.635       
# span 1 =    17.5690,    19.1999       
# span 2 =    33.4473,    34.5373       
# span 3 =  1024.1941,  1024.8614       
# span 4 =     2.3495,     2.4494       
# span 5 =     4.7842,     5.1992       
# span 6 =     90.420,     95.394       
# span 7 =   -0.00692,    0.00617       
# span 8 =    5.26735,    5.46619       
# span 9 =    5.25819,    5.45833       
# span 10 =      8.367,      8.703      
# span 11 =     0.0905,     0.5076      
# span 12 =    9.66831,   10.00972      
# span 13 =   4.365904,   4.656617      
# span 14 = -7.627e+03, 1.1286e+05      
# span 15 =    24.1854,    24.6532      
# span 16 =    24.1853,    24.6510      
# span 17 = -5.981e-03, 9.4849e-02      
# span 18 =      2.000,     48.000      
# span 19 =          1,          1      
# span 20 =        217,      10293      
# span 21 =    1512.82,    1519.45      
# span 22 = -4.171e-01, 4.2649e+00      
# span 23 =  51277.850,  52676.952      
# span 24 =      9.013,    428.844      
# span 25 = 1603866752, 1603867172      
# span 26 =      -0.52,       0.48      
# span 27 =     -0.769,      0.785      
# span 28 =   40.43454,   40.43561      
# span 29 =  -72.38322,  -72.38318      
# span 30 = 0.0000e+00, 0.0000e+00      
# interval = decibars: 1                
# start_time = Oct 28 2020 06:32:23 [System UTC, first data scan.]
# bad_flag = -9.990e-29
*END*
[from data line 47]
     46.630    19.0952    34.5121  1024.8298     2.3599     4.8205     91.357    0.00137    5.27658    5.26749      8.422     0.0998    9.68379   4.644036 -1.009e+03    24.6261    24.6240 1.0000e-12     47.000          1       3622    1519.17 3.9950e+00  52649.693    150.856 1603866894      -0.08     -0.373   40.43494  -72.38320 0.0000e+00
     45.639    19.1334    34.5229  1024.8240     2.3649     4.8242     91.568    0.00125    5.26840    5.25925      8.414     0.0920    9.67004   4.649049 2.5320e-11    24.6246    24.6225 1.0000e-12     46.000          1       4504    1519.28 3.9495e+00  52661.639    187.621 1603866931       0.03     -0.451   40.43503  -72.38320 0.0000e+00
     44.650    19.1830    34.5335  1024.8150     2.3670     4.8261     91.603    0.00039    5.26843    5.25928      8.406     0.0905    9.67030   4.655257 2.5320e-11    24.6200    24.6179 1.0000e-12     45.000          1       4636    1519.41 3.9495e+00  52672.539    193.133 1603866936       0.03     -0.270   40.43504  -72.38320 0.0000e+00
     43.658    19.1999    34.5287  1024.8026     2.3687     4.8403     91.735    0.00133    5.27642    5.26731      8.418     0.1008    9.68407   4.655896 2.5320e-11    24.6119    24.6099 1.0000e-12     44.000          1       4695    1519.44 3.9495e+00  52664.473    195.598 1603866939      -0.38     -0.453   40.43505  -72.38320 0.0000e+00
     42.663    19.1489    34.4826  1024.7761     2.3691     4.8409     91.693    0.00031    5.27947    5.27039      8.396     0.1216    9.68926   4.645054 2.5320e-11    24.5897    24.5878 1.0000e-12     43.000          1       4745    1519.23 3.9495e+00  52604.387    197.665 1603866941       0.12     -0.456   40.43506  -72.38320 0.0000e+00
     41.671    19.0993    34.4546  1024.7630     2.3666     4.8427     91.491   -0.00117    5.29307    5.28407      8.420     0.1362    9.71242   4.636571 3.1201e-11    24.5809    24.5790 1.0000e-12     42.000          1       4814    1519.04 3.9495e+00  52568.825    200.556 1603866944      -0.07     -0.390   40.43506  -72.38321 0.0000e+00
     40.683    18.9859    34.3993  1024.7453     2.3666     4.8673     91.589    0.00043    5.31433    5.30547      8.409     0.1640    9.74884   4.618142 1.0878e+05    24.5675    24.5656 1.0000e-12     41.000          1       4884    1518.63 2.6964e+00  52500.159    203.449 1603866946      -0.02     -0.321   40.43507  -72.38322 0.0000e+00
     39.688    18.8555    34.3280  1024.7196     2.3709     4.8901     91.876    0.00194    5.32250    5.31368      8.414     0.2173    9.76301   4.595738 4.8489e+04    24.5460    24.5442 1.0000e-12     40.000          1       4934    1518.17 1.8448e+00  52410.851    205.522 1603866948      -0.02     -0.490   40.43508  -72.38320 0.0000e+00
     38.695    18.7453    34.2467  1024.6809     2.3831     4.9427     92.707    0.00617    5.33154    5.32278      8.421     0.2620    9.77845   4.575989 1.2998e+03    24.5116    24.5099 1.0000e-12     39.000          1       4980    1517.74 3.8538e+00  52306.628    207.467 1603866950      -0.02     -0.517   40.43508  -72.38320 0.0000e+00
     37.703    18.6750    34.1951  1024.6548     2.3935     4.9725     93.107    0.00430    5.34061    5.33191      8.420     0.2818    9.79401   4.562499 2.5661e-11    24.4897    24.4881 1.0000e-12     38.000          1       5040    1517.46 3.9470e+00  52240.474    209.965 1603866953       0.08     -0.390   40.43509  -72.38320 0.0000e+00
     36.715    18.5888    34.1431  1024.6324     2.4026     5.0065     93.469    0.00283    5.35630    5.34771      8.433     0.3281    9.82096   4.547676 2.6625e-11    24.4716    24.4700 1.0000e-12     37.000          1       5109    1517.14 3.9495e+00  52174.753    212.817 1603866956      -0.15     -0.346   40.43510  -72.38320 0.0000e+00
     35.721    18.5013    34.0895  1024.6089     2.4082     5.0294     93.754    0.00306    5.36441    5.35587      8.439     0.3574    9.83489   4.532631 -9.990e-29    24.4524    24.4508 1.0000e-12     36.000          1       5152    1516.81 3.9495e+00  52106.892    214.629 1603866958      -0.00     -0.547   40.43510  -72.38320 0.0000e+00
     34.727    18.4081    34.0223  1024.5764     2.4138     5.0496     93.992    0.00248    5.37234    5.36385      8.437     0.3561    9.84844   4.515580 9.9999e+04    24.4241    24.4226 1.0000e-12     35.000          1       5208    1516.45 1.0882e+00  52021.074    216.948 1603866960       0.10     -0.408   40.43510  -72.38320 0.0000e+00
     33.733    18.3226    33.9696  1024.5529     2.4207     5.0754     94.326    0.00252    5.38068    5.37225      8.434     0.3947    9.86277   4.500863 9.9999e+04    24.4050    24.4035 1.0000e-12     34.000          1       5274    1516.12 6.4155e-02  51954.376    219.716 1603866963      -0.06     -0.403   40.43512  -72.38320 0.0000e+00
     32.749    18.2592    33.9307  1024.5345     2.4272     5.1054     94.633    0.00243    5.39493    5.38660      8.431     0.4279    9.88717   4.490430 8.0550e+04    24.3909    24.3895 1.0000e-12     33.000          1       5336    1515.88 4.8009e-01  51905.185    222.287 1603866965      -0.07     -0.355   40.43512  -72.38320 0.0000e+00
     31.750    18.2090    33.8999  1024.5190     2.4332     5.1296     95.017    0.00402    5.39859    5.39028      8.444     0.4422    9.89348   4.481145 6.6864e+02    24.3796    24.3783 1.0000e-12     32.000          1       5370    1515.68 3.9210e+00  51866.138    223.716 1603866967      -0.13     -0.658   40.43512  -72.38320 0.0000e+00
     30.757    18.1204    33.8407  1024.4911     2.4355     5.1302     94.979    0.00160    5.40141    5.39312      8.434     0.4609    9.89837   4.465893 4.8332e+04    24.3561    24.3548 1.0000e-12     31.000          1       5429    1515.34 2.0141e+00  51790.822    226.171 1603866969       0.03     -0.411   40.43512  -72.38320 0.0000e+00
     29.772    18.0774    33.8060  1024.4708     2.4356     5.1268     94.873    0.00005    5.40390    5.39562      8.443     0.4200    9.90271   4.458012 1.0279e+05    24.3400    24.3388 1.0000e-12     30.000          1       5510    1515.16 -1.084e-01  51745.939    229.550 1603866973      -0.22     -0.375   40.43514  -72.38320 0.0000e+00
     28.778    18.0710    33.7947  1024.4593     2.4364     5.1302     94.934    0.00053    5.40390    5.39561      8.449     0.4198    9.90269   4.456055 9.9999e+04    24.3330    24.3317 1.0000e-12     29.000          1       5541    1515.11 0.0000e+00  51730.488    230.834 1603866974      -0.28     -0.652   40.43514  -72.38320 0.0000e+00
     27.775    18.0644    33.7894  1024.4525     2.4353     5.1255     94.832   -0.00032    5.40489    5.39661      8.446     0.4544    9.90440   4.454887 9.9999e+04    24.3305    24.3293 1.0000e-12     28.000          1       5573    1515.07 0.0000e+00  51723.212    232.162 1603866975       0.11     -0.769   40.43514  -72.38320 0.0000e+00
     26.797    18.0534    33.7820  1024.4451     2.4344     5.1228     94.779   -0.00012    5.40498    5.39670      8.447     0.4308    9.90457   4.453018 9.9999e+04    24.3274    24.3263 1.0000e-12     27.000          1       5663    1515.01 0.0000e+00  51713.309    235.933 1603866979      -0.03     -0.069   40.43515  -72.38320 0.0000e+00
     25.794    18.0545    33.7813  1024.4399     2.4362     5.1312     94.927    0.00104    5.40535    5.39708      8.449     0.4221    9.90520   4.453100 9.9999e+04    24.3266    24.3255 1.0000e-12     26.000          1       5706    1515.00 0.0000e+00  51711.831    237.724 1603866981      -0.19     -0.557   40.43516  -72.38320 0.0000e+00
     24.804    18.0494    33.7783  1024.4344     2.4349     5.1242     94.794   -0.00012    5.40562    5.39735      8.527     0.4273    9.90567   4.452365 5.3894e+04    24.3255    24.3245 1.0000e-12     25.000          1       6687    1514.96 1.8821e+00  51707.565    278.603 1603867022       0.11     -0.367   40.43526  -72.38320 0.0000e+00
     23.816    18.0481    33.7771  1024.4295     2.4343     5.1200     94.715   -0.00069    5.40569    5.39742      8.569     0.4087    9.90579   4.452089 -9.990e-29    24.3249    24.3239 1.0000e-12     24.000          1       7253    1514.94 3.9101e+00  51705.522    302.182 1603867045      -0.35     -0.465   40.43532  -72.38320 0.0000e+00
     22.822    18.0481    33.7772  1024.4251     2.4351     5.1245     94.795    0.00033    5.40585    5.39758      8.559     0.4127    9.90606   4.452064 2.9294e-11    24.3249    24.3239 1.0000e-12     23.000          1       7300    1514.92 3.9519e+00  51705.159    304.107 1603867047       0.02     -0.409   40.43532  -72.38320 0.0000e+00
     21.826    18.0473    33.7768  1024.4206     2.4365     5.1286     94.861    0.00051    5.40642    5.39816 -9.990e-29 -9.990e-29    9.90704   4.451887 2.7530e-11    24.3247    24.3238 1.0000e-12     22.000          1       7354    1514.90 3.9495e+00  51704.154    306.374 1603867049      -0.03     -0.519   40.43532  -72.38320 0.0000e+00
     20.846    18.0454    33.7759  1024.4160     2.4348     5.1192     94.662   -0.00131    5.40788    5.39962 -9.990e-29 -9.990e-29    9.90953   4.451533 2.6479e-11    24.3244    24.3236 1.0000e-12     21.000          1       7410    1514.88 3.8870e+00  51702.547    308.706 1603867052      -0.19     -0.337   40.43534  -72.38320 0.0000e+00
     19.842    18.0377    33.7712  1024.4099     2.4334     5.1176     94.615   -0.00086    5.40890    5.40066      8.563     0.4177    9.91129   4.450120 3.1727e+04    24.3227    24.3219 1.0000e-12     20.000          1       7448    1514.84 2.4758e+00  51696.123    310.304 1603867053       0.10     -0.570   40.43534  -72.38320 0.0000e+00
     18.851    18.0245    33.7630  1024.4024     2.4362     5.1335     94.861    0.00128    5.41164    5.40342      8.563     0.4310    9.91599   4.447791 7.8219e+04    24.3196    24.3188 1.0000e-12     19.000          1       7510    1514.77 2.1869e+00  51685.358    312.864 1603867056      -0.02     -0.404   40.43534  -72.38321 0.0000e+00
     17.868    18.0021    33.7491  1024.3929     2.4377     5.1351     94.856    0.00011    5.41351    5.40529      8.563     0.4355    9.91921   4.443793 -9.990e-29    24.3144    24.3137 1.0000e-12     18.000          1       7578    1514.67 4.0824e+00  51667.488    315.693 1603867059      -0.11     -0.284   40.43535  -72.38320 0.0000e+00
     16.865    17.9912    33.7399  1024.3841     2.4385     5.1397     94.912    0.00044    5.41520    5.40700      8.563     0.4549    9.92212   4.441707 2.5320e-11    24.3100    24.3093 1.0000e-12     17.000          1       7616    1514.61 3.9398e+00  51655.183    317.309 1603867060       0.07     -0.552   40.43536  -72.38320 0.0000e+00
     15.876    17.9725    33.7272  1024.3746     2.4411     5.1473     95.049    0.00087    5.41548    5.40727      8.563     0.4357    9.92260   4.438358 2.6296e-11    24.3048    24.3042 1.0000e-12     16.000          1       7685    1514.53 3.9495e+00  51638.637    320.176 1603867063       0.01     -0.334   40.43536  -72.38322 0.0000e+00
     14.886    17.9694    33.7241  1024.3686     2.4402     5.1395     94.901   -0.00062    5.41562    5.40741      8.563     0.4497    9.92284   4.437759 2.7481e-11    24.3032    24.3026 1.0000e-12     15.000          1       7759    1514.50 3.9495e+00  51634.133    323.236 1603867066      -0.06     -0.317   40.43536  -72.38322 0.0000e+00
     13.891    17.9694    33.7239  1024.3640     2.4414     5.1482     95.025    0.00065    5.41775    5.40956      8.563     0.4445    9.92651   4.437684 2.5388e-11    24.3030    24.3024 1.0000e-12     14.000          1       7811    1514.48 3.9495e+00  51633.405    325.402 1603867068      -0.01     -0.463   40.43538  -72.38322 0.0000e+00
     12.899    17.9582    33.7149  1024.3555     2.4419     5.1498     95.014    0.00008    5.42002    5.41184      8.548     0.4690    9.93048   4.435382 2.5671e-11    24.2988    24.2982 1.0000e-12     13.000          1       7876    1514.42 3.9495e+00  51621.389    328.109 1603867071       0.00     -0.342   40.43538  -72.38322 0.0000e+00
     11.909    17.9310    33.6878  1024.3370     2.4433     5.1586     95.080    0.00042    5.42554    5.41739      8.523     0.4663    9.94022   4.429401 2.6455e-11    24.2846    24.2841 1.0000e-12     12.000          1       7961    1514.29 3.9495e+00  51585.623    331.667 1603867075      -0.26     -0.338   40.43538  -72.38321 0.0000e+00
     10.917    17.9115    33.6602  1024.3162     2.4463     5.1743     95.322    0.00214    5.42819    5.42005      8.530     0.4543    9.94492   4.424027 2.5303e-11    24.2682    24.2677 1.0000e-12     11.000          1       8001    1514.19 3.9495e+00  51548.894    333.316 1603867076      -0.09     -0.584   40.43540  -72.38320 0.0000e+00
      9.918    17.8954    33.6286  1024.2915     2.4471     5.1712     95.276    0.00057    5.42759    5.41945      8.533     0.4495    9.94386   4.418830 1.5160e+04    24.2479    24.2475 1.0000e-12     10.000          1       8061    1514.09 3.4522e+00  51506.234    335.838 1603867079       0.09     -0.570   40.43540  -72.38321 0.0000e+00
      8.925    17.8737    33.6022  1024.2722     2.4446     5.1715     95.051   -0.00119    5.44072    5.43268      8.507     0.4450    9.96618   4.413656 -4.879e+02    24.2329    24.2326 1.0000e-12      9.000          1       8908    1513.98 3.9292e+00  51471.143    371.128 1603867114      -0.13     -0.444   40.43548  -72.38321 0.0000e+00
      7.941    17.7988    33.5557  1024.2504     2.4425     5.1828     94.954   -0.00094    5.45819    5.45026      8.462     0.4590    9.99618   4.399781 2.5295e-11    24.2154    24.2151 1.0000e-12      8.000          1       9868    1513.69 3.9511e+00  51412.492    411.105 1603867154       0.03     -0.503   40.43556  -72.38322 0.0000e+00
      6.944    17.6398    33.4780  1024.2249     2.4438     5.1930     95.092    0.00036    5.46101    5.45310      8.489     0.4581   10.00094   4.376024 2.5662e-11    24.1943    24.1940 1.0000e-12      7.000          1       9891    1513.11 3.9495e+00  51317.152    412.097 1603867155      -0.02     -0.351   40.43557  -72.38322 0.0000e+00
      5.956    17.6143    33.4623  1024.2146     2.4444     5.1992     95.116    0.00058    5.46619    5.45833      8.611     0.4775   10.00972   4.372083 2.5302e-11    24.1884    24.1881 1.0000e-12      6.000          1       9974    1513.00 3.9495e+00  51296.995    415.527 1603867158      -0.14     -0.360   40.43558  -72.38322 0.0000e+00
      4.959    17.5891    33.4531  1024.2092     2.4420     5.1855     94.866   -0.00161    5.46608    5.45822      8.634     0.4846   10.00953   4.368222 2.5320e-11    24.1873    24.1871 1.0000e-12      5.000          1      10012    1512.90 3.9495e+00  51285.817    417.144 1603867160      -0.16     -0.583   40.43558  -72.38322 0.0000e+00
      3.967    17.5690    33.4473  1024.2052     2.4412     5.1861     94.886   -0.00051    5.46559    5.45772      8.652     0.4765   10.00871   4.365904 2.5962e-11    24.1877    24.1876 1.0000e-12      4.000          1      10069    1512.82 3.9495e+00  51278.865    419.489 1603867162       0.07     -0.454   40.43558  -72.38322 0.0000e+00
      2.978    17.5782    33.4476  1024.1988     2.4433     5.1970     95.096    0.00164    5.46497    5.45709      8.697     0.4850   10.00767   4.366956 2.1255e+00    24.1857    24.1856 8.2596e-02      3.000          1      10164    1512.83 3.9495e+00  51278.045    423.442 1603867166      -0.52     -0.456   40.43560  -72.38322 0.0000e+00
      1.975    17.5802    33.4479  1024.1941     2.4431     5.1911     94.998    0.00005    5.46449    5.45661      8.703     0.4858   10.00686   4.367167 2.4011e+00    24.1854    24.1853 9.4849e-02      2.000          1      10293    1512.82 3.9495e+00  51277.850    428.844 1603867172       0.17     -0.568   40.43561  -72.38322 0.0000e+00
