CalculateIndicators/WaterTemperature/Data/CTD_NYOS/20201028_C35.cnv
* Sea-Bird SBE 9 Data File:
* FileName = C:\Seabird 9 CTD\Data\2020\202010_offshore\20201028_C35.hex
* Software Version Seasave V 7.23.2
* Temperature SN = 4590
* Conductivity SN = 3228
* Number of Bytes Per Scan = 44
* Number of Voltage Words = 5
* Number of Scans Averaged by the Deck Unit = 1
* NMEA Latitude = 39 59.09 N
* NMEA Longitude = 071 52.10 W
* NMEA UTC (Time) = Oct 28 2020  22:11:04
* NMEA baud rate = 4800
** Ship: seawolf
** Station: 2.4
** Operator: sjw
# nquan = 31
# nvalues = 176                         
# units = specified
# name 0 = depSM: Depth [salt water, m]
# name 1 = t090C: Temperature [ITS-90, deg C]
# name 2 = sal00: Salinity, Practical [PSU]
# name 3 = density00: Density [density, kg/m^3]
# name 4 = sbeox0V: Oxygen raw, SBE 43 [V]
# name 5 = sbeox0ML/L: Oxygen, SBE 43 [ml/l]
# name 6 = sbeox0PS: Oxygen, SBE 43 [% saturation]
# name 7 = sbox0dV/dT: Oxygen, SBE 43 [dov/dt]
# name 8 = oxsolML/L: Oxygen Saturation, Garcia & Gordon [ml/l]
# name 9 = oxsatML/L: Oxygen Saturation, Weiss [ml/l]
# name 10 = ph: pH
# name 11 = flECO-AFL: Fluorescence, WET Labs ECO-AFL/FL [mg/m^3]
# name 12 = n2satML/L: Nitrogen Saturation [ml/l]
# name 13 = c0S/m: Conductivity [S/m]
# name 14 = cpar: CPAR/Corrected Irradiance [%]
# name 15 = sigma-é00: Density [sigma-theta, kg/m^3]
# name 16 = sigma-t00: Density [sigma-t, kg/m^3 ]
# name 17 = par: PAR/Irradiance, Biospherical/Licor
# name 18 = prDM: Pressure, Digiquartz [db]
# name 19 = pumps: Pump Status
# name 20 = scan: Scan Count
# name 21 = svCM: Sound Velocity [Chen-Millero, m/s]
# name 22 = spar: SPAR, Biospherical/Licor
# name 23 = specc: Specific Conductance [uS/cm]
# name 24 = timeS: Time, Elapsed [seconds]
# name 25 = timeY: Time, System [seconds]
# name 26 = accM: Acceleration [m/s^2]
# name 27 = dz/dtM: Descent Rate [m/s]
# name 28 = latitude: Latitude [deg]
# name 29 = longitude: Longitude [deg]
# name 30 = flag: flag
# span 0 =      1.954,     89.306       
# span 1 =    14.2910,    19.4656       
# span 2 =    34.3004,    34.9494       
# span 3 =  1024.5705,  1026.4260       
# span 4 =     1.8943,     2.4547       
# span 5 =     3.9949,     5.0507       
# span 6 =     69.332,     95.471       
# span 7 =   -0.02624,    0.01968       
# span 8 =    5.23717,    5.77990       
# span 9 =    5.22780,    5.77609       
# span 10 =      8.304,      8.528      
# span 11 =    -0.0346,     0.4992      
# span 12 =    9.61754,   10.51579      
# span 13 =   4.201007,   4.690278      
# span 14 = -2.161e+04, 1.0960e+05      
# span 15 =    24.5553,    26.0291      
# span 16 =    24.5548,    26.0262      
# span 17 = -2.269e-04, 1.5235e-02      
# span 18 =      2.000,     90.000      
# span 19 =          1,          1      
# span 20 =        168,      17549      
# span 21 =    1505.63,    1520.54      
# span 22 = -3.652e-01, 4.6223e+00      
# span 23 =  52445.401,  53670.066      
# span 24 =      6.950,    731.157      
# span 25 = 1603923072, 1603923796      
# span 26 =      -1.43,       1.11      
# span 27 =     -1.298,      1.605      
# span 28 =   39.98473,   39.98486      
# span 29 =  -71.86828,  -71.86385      
# span 30 = 0.0000e+00, 0.0000e+00      
# interval = decibars: 1                
# start_time = Oct 28 2020 22:11:05 [System UTC, first data scan.]
# bad_flag = -9.990e-29
*END*
[from data line 47]
     49.616    19.3376    34.5053  1024.7756     2.4306     4.9776     94.747    0.00009    5.25359    5.24432      8.441     0.4258    9.64574   4.667229 2.1812e+04    24.5591    24.5567 1.0000e-12     50.000          1       2953    1519.90 2.9803e+00  52627.205    122.983 1603923188      -0.01      0.828   39.98478  -71.86760 0.0000e+00
     50.606    19.3567    34.5137  1024.7814     2.4310     4.9752     94.763   -0.00021    5.25017    5.24087      8.464     0.3795    9.63991   4.670396 1.0960e+05    24.5605    24.5582 1.0000e-12     51.000          1       3033    1519.98 -3.652e-01  52637.861    126.331 1603923191       0.27      0.396   39.98478  -71.86757 0.0000e+00
     51.598    19.3774    34.5211  1024.7861     2.4290     4.9667     94.611   -0.00144    5.24957    5.24027      8.454     0.3852    9.63890   4.673275 5.8454e+04    24.5609    24.5585 1.0000e-12     52.000          1       3087    1520.06 1.4515e+00  52647.254    128.600 1603923194       0.19      0.769   39.98478  -71.86756 0.0000e+00
     52.591    19.3768    34.5211  1024.7906     2.4272     4.9635     94.548   -0.00108    5.24967    5.24037      8.451     0.3893    9.63907   4.673243 6.6217e+03    24.5611    24.5587 1.0000e-12     53.000          1       3131    1520.08 3.6662e+00  52647.743    130.397 1603923195      -0.16      0.595   39.98478  -71.86755 0.0000e+00
     53.569    19.3747    34.5202  1024.7948     2.4275     4.9705     94.695    0.00085    5.24903    5.23972      8.457     0.3502    9.63795   4.672924 2.5234e-11    24.5611    24.5586 1.0000e-12     54.000          1       3224    1520.09 3.9495e+00  52647.210    134.301 1603923199       0.15      0.074   39.98478  -71.86753 0.0000e+00
     54.567    19.3746    34.5203  1024.7994     2.4265     4.9622     94.535   -0.00124    5.24909    5.23979      8.444     0.3503    9.63807   4.673016 2.6692e-11    24.5612    24.5587 1.0000e-12     55.000          1       3259    1520.11 3.9495e+00  52647.831    135.769 1603923201       0.80      0.601   39.98478  -71.86752 0.0000e+00
     55.579    19.3795    34.5259  1024.8068     2.4239     4.9516     94.349   -0.00224    5.24820    5.23888      8.456     0.3411    9.63653   4.674278 2.5419e-11    24.5642    24.5616 1.0000e-12     56.000          1       3280    1520.14 3.9495e+00  52655.600    136.634 1603923202       0.22      1.081   39.98478  -71.86751 0.0000e+00
     56.552    19.3773    34.5224  1024.8090     2.4231     4.9549     94.383   -0.00145    5.24976    5.24046      8.469     0.3611    9.63923   4.673600 2.5320e-11    24.5622    24.5596 1.0000e-12     57.000          1       3383    1520.15 3.9495e+00  52651.498    140.926 1603923206       0.39      0.586   39.98478  -71.86748 0.0000e+00
     57.553    19.3763    34.5212  1024.8128     2.4253     4.9661     94.601    0.00045    5.24954    5.24024      8.467     0.3913    9.63886   4.673381 2.6580e-11    24.5616    24.5589 1.0000e-12     58.000          1       3416    1520.16 3.9495e+00  52650.320    142.303 1603923207       0.42      1.018   39.98478  -71.86748 0.0000e+00
     58.549    19.3822    34.5237  1024.8175     2.4252     4.9644     94.619    0.00077    5.24671    5.23739      8.472     0.3379    9.63394   4.674359 2.5423e-11    24.5620    24.5592 1.0000e-12     59.000          1       3464    1520.20 3.9495e+00  52653.862    144.291 1603923209      -0.05      0.839   39.98478  -71.86746 0.0000e+00
     59.519    19.3956    34.5319  1024.8246     2.4139     4.9135     93.811   -0.00430    5.23770    5.22834      8.476     0.1135    9.61837   4.677275 -9.990e-29    24.5649    24.5621 1.0000e-12     60.000          1       3564    1520.26 3.9495e+00  52664.893    148.456 1603923213       0.38      0.422   39.98478  -71.86744 0.0000e+00
     60.523    19.4656    34.5667  1024.8375     2.3992     4.8486     92.580   -0.01349    5.23717    5.22780      8.476     0.0961    9.61754   4.688436 -9.990e-29    24.5734    24.5706 1.0000e-12     61.000          1       3582    1520.52 2.2831e+00  52708.360    149.210 1603923214       0.45      0.847   39.98478  -71.86742 0.0000e+00
     61.535    19.4593    34.5925  1024.8632     2.3844     4.8189     91.865   -0.01364    5.24577    5.23646      8.480     0.0988    9.63185   4.690278 9.9999e+04    24.5948    24.5919 1.0000e-12     62.000          1       3619    1520.54 4.6711e-02  52744.645    150.766 1603923216       0.24      1.036   39.98478  -71.86742 0.0000e+00
     62.517    19.2311    34.5882  1024.9232     2.3449     4.7514     89.848   -0.01629    5.28834    5.27939      8.478     0.0514    9.70260   4.664761 -9.990e-29    24.6503    24.6474 1.0000e-12     63.000          1       3710    1519.91 3.7995e+00  52752.634    154.560 1603923220       0.56      1.092   39.98478  -71.86739 0.0000e+00
     63.511    19.0197    34.5869  1024.9808     2.3320     4.7376     89.501   -0.01146    5.29332    5.28441      8.456     0.0398    9.71094   4.643828 2.5320e-11    24.7033    24.7004 1.0000e-12     64.000          1       3747    1519.33 3.9495e+00  52764.515    156.095 1603923221      -0.16      0.961   39.98478  -71.86738 0.0000e+00
     64.496    18.8618    34.5809  1025.0208     2.3074     4.7332     88.415   -0.01074    5.35344    5.34502      8.375     0.0262    9.81149   4.627689 2.5320e-11    24.7388    24.7359 1.0000e-12     65.000          1       3841    1518.89 3.9495e+00  52767.384    160.015 1603923225       0.40      0.540   39.98478  -71.86736 0.0000e+00
     65.480    18.5737    34.5454  1025.0709     2.2914     4.7058     87.687   -0.01009    5.36663    5.35832      8.380     0.0298    9.83357   4.593197 2.5320e-11    24.7843    24.7814 1.0000e-12     66.000          1       3883    1518.03 3.9495e+00  52738.634    161.745 1603923227      -0.09      0.624   39.98478  -71.86734 0.0000e+00
     66.480    18.2819    34.5005  1025.1140     2.2805     4.7029     87.386   -0.00647    5.38189    5.37370      8.386     0.0280    9.85918   4.559253 2.5320e-11    24.8227    24.8198 1.0000e-12     67.000          1       3933    1517.16 3.9495e+00  52698.267    163.831 1603923229       0.06      0.528   39.98478  -71.86734 0.0000e+00
     67.464    18.0323    34.4526  1025.1436     2.2580     4.7034     86.221   -0.00907    5.45500    5.44746      8.393     0.0110    9.98155   4.527895 2.5320e-11    24.8477    24.8448 1.0000e-12     68.000          1       4014    1516.39 3.9495e+00  52651.298    167.212 1603923232       0.64      0.428   39.98480  -71.86732 0.0000e+00
     68.464    17.8321    34.4285  1025.1789     2.2434     4.6448     85.312   -0.01207    5.44440    5.43676      8.394     0.0003    9.96380   4.506109 2.5320e-11    24.8784    24.8755 1.0000e-12     69.000          1       4039    1515.79 3.9495e+00  52634.200    168.238 1603923233       0.18      0.901   39.98480  -71.86730 0.0000e+00
     69.456    17.5110    34.3777  1025.2225     2.2211     4.5916     84.099   -0.01425    5.46051    5.45306      8.437     0.0047    9.99000   4.466512 1.7753e+04    24.9171    24.9143 1.0000e-12     70.000          1       4094    1514.80 2.8476e+00  52589.934    170.532 1603923236      -0.04      0.658   39.98480  -71.86729 0.0000e+00
     70.431    16.8706    34.3004  1025.3209     2.1691     4.4883     81.018   -0.02416    5.53973    5.53313      8.522    -0.0005   10.12019   4.390839 -4.811e+02    25.0105    25.0078 1.0000e-12     71.000          1       4182    1512.82 3.9794e+00  52538.071    174.203 1603923239       0.82      0.581   39.98480  -71.86728 0.0000e+00
     71.452    16.4870    34.3547  1025.4572     2.1558     4.4663     80.506   -0.02194    5.54786    5.54131      8.449    -0.0045   10.13428   4.365880 2.5320e-11    25.1419    25.1392 1.0000e-12     72.000          1       4196    1511.73 3.9495e+00  52646.236    174.794 1603923240       0.71      1.147   39.98480  -71.86727 0.0000e+00
     72.441    16.5538    34.6075  1025.6402     2.1318     4.4179     79.867   -0.01355    5.53159    5.52495      8.435    -0.0114   10.10569   4.402278 2.5320e-11    25.3206    25.3179 1.0000e-12     73.000          1       4264    1512.24 3.9495e+00  52987.786    177.635 1603923243       0.09      0.898   39.98480  -71.86725 0.0000e+00
     73.421    16.5895    34.7067  1025.7123     2.1141     4.3890     79.426   -0.00697    5.52593    5.51928      8.414     0.0013   10.09533   4.417873 2.5320e-11    25.3886    25.3858 1.0000e-12     74.000          1       4337    1512.48 3.9495e+00  53120.009    180.679 1603923246       0.08      0.684   39.98480  -71.86723 0.0000e+00
     74.412    16.5911    34.7355  1025.7385     2.1057     4.3926     79.278   -0.00323    5.54075    5.53427      8.431    -0.0210   10.11965   4.421301 2.5320e-11    25.4104    25.4076 1.0000e-12     75.000          1       4401    1512.54 3.6335e+00  53159.805    183.317 1603923248      -0.12      0.354   39.98480  -71.86722 0.0000e+00
     75.391    16.5272    34.7337  1025.7564     2.0914     4.3501     78.366   -0.00698    5.55100    5.54465      8.431    -0.0258   10.13589   4.414072 -9.990e-29    25.4239    25.4210 1.0000e-12     76.000          1       4468    1512.36 3.2579e+00  53163.716    186.135 1603923251       0.41      0.403   39.98480  -71.86720 0.0000e+00
     76.401    16.3364    34.7676  1025.8315     2.0864     4.3373     78.125   -0.00687    5.55179    5.54545      8.528    -0.0312   10.13740   4.399734 -9.990e-29    25.4943    25.4915 1.0000e-12     77.000          1       4488    1511.83 3.1036e+00  53228.076    186.956 1603923252       0.47      0.867   39.98480  -71.86719 0.0000e+00
     77.399    16.3386    34.8296  1025.8831     2.0806     4.3291     78.029   -0.00395    5.54807    5.54170      8.506    -0.0242   10.13094   4.407640 6.8188e+04    25.5415    25.5386 1.0000e-12     78.000          1       4543    1511.93 1.1868e+00  53313.523    189.233 1603923254       0.14      0.841   39.98480  -71.86717 0.0000e+00
     78.387    16.3809    34.8632  1025.9034     2.0765     4.3203     77.972   -0.00191    5.54083    5.53442      8.501    -0.0253   10.11826   4.416661 2.3427e+03    25.5575    25.5546 1.0000e-12     79.000          1       4621    1512.11 3.8567e+00  53355.891    192.486 1603923257       0.53      0.853   39.98480  -71.86715 0.0000e+00
     79.375    16.4058    34.8998  1025.9301     2.0720     4.3159     77.755   -0.00206    5.55065    5.54435      8.436    -0.0173   10.13448   4.422661 4.6994e+04    25.5799    25.5770 1.0000e-12     80.000          1       4680    1512.25 2.0285e+00  53404.031    194.973 1603923260      -0.12      0.512   39.98480  -71.86714 0.0000e+00
     80.354    16.3024    34.9230  1025.9764     2.0550     4.2788     76.646   -0.00707    5.58248    5.57652      8.432    -0.0119   10.18723   4.414314 1.0174e+05    25.6218    25.6188 1.0000e-12     81.000          1       4778    1511.97 -6.604e-02  53446.183    199.029 1603923264       0.59      0.319   39.98480  -71.86712 0.0000e+00
     81.364    16.1915    34.9316  1026.0132     2.0488     4.2408     76.251   -0.00814    5.56167    5.55550      8.431    -0.0160   10.15252   4.403384 9.9999e+04    25.6540    25.6510 1.0000e-12     82.000          1       4799    1511.66 7.9723e-01  53469.151    199.930 1603923265       0.34      0.877   39.98480  -71.86712 0.0000e+00
     82.359    15.9631    34.8916  1026.0396     2.0258     4.2191     74.757   -0.01402    5.64703    5.64175      8.465    -0.0227   10.29517   4.374103 -2.161e+04    25.6756    25.6727 1.0000e-12     83.000          1       4869    1510.93 4.6223e+00  53437.125    202.840 1603923268       0.27      0.912   39.98480  -71.86709 0.0000e+00
     83.351    15.3310    34.7168  1026.0518     1.9836     4.1515     71.964   -0.02624    5.76895    5.76494      8.467    -0.0346   10.49873   4.276118 2.5320e-11    25.6824    25.6795 1.0000e-12     84.000          1       4934    1508.77 3.9495e+00  53264.353    205.538 1603923271       0.91      1.437   39.98480  -71.86708 0.0000e+00
     84.355    14.5364    34.6919  1026.2123     1.9736     4.1545     72.005   -0.01861    5.76972    5.76572      8.454    -0.0300   10.50009   4.209366 2.5320e-11    25.8372    25.8345 1.0000e-12     85.000          1       4953    1506.24 3.9495e+00  53321.189    206.335 1603923271      -0.15      1.605   39.98480  -71.86706 0.0000e+00
     85.325    14.3674    34.7212  1026.2762     1.9483     4.1352     71.552   -0.00777    5.77922    5.77540      8.454    -0.0252   10.51475   4.201007 9.3612e+04    25.8965    25.8938 1.0000e-12     86.000          1       5049    1505.76 2.5226e-01  53382.160    210.327 1603923275       0.74      0.546   39.98482  -71.86704 0.0000e+00
     86.328    14.3684    34.7663  1026.3153     1.9353     4.0843     70.663   -0.01133    5.77990    5.77609      8.454 -9.990e-29   10.51579   4.205950 9.8755e+04    25.9312    25.9285 1.0000e-12     87.000          1       5077    1505.83 4.9148e-02  53443.961    211.489 1603923276       0.06      0.991   39.98482  -71.86703 0.0000e+00
     87.297    14.2910    34.7948  1026.3582     1.9144     4.0452     70.178   -0.00366    5.76418    5.76024      8.453    -0.0216   10.48878   4.202502 9.9999e+04    25.9697    25.9670 1.0000e-12     88.000          1       5162    1505.63 0.0000e+00  53493.137    215.037 1603923280       0.08      0.073   39.98482  -71.86702 0.0000e+00
     88.306    14.3962    34.8620  1026.3919     1.9059     4.0250     69.776   -0.00341    5.76848    5.76458      8.455    -0.0183   10.49614   4.221434 4.9420e+04    25.9992    25.9964 1.0000e-12     89.000          1       5252    1506.06 1.7759e+00  53573.213    218.774 1603923284       0.11      0.454   39.98482  -71.86698 0.0000e+00
     89.306    14.5619    34.9467  1026.4260     1.8943     3.9949     69.332   -0.00151    5.76197    5.75800      8.448    -0.0200   10.48509   4.247358 -8.877e+03    26.0291    26.0262 1.0000e-12     90.000          1       6120    1506.71 4.3504e+00  53670.066    254.962 1603923320      -0.22      0.380   39.98482  -71.86677 0.0000e+00
     88.286    14.4735    34.8992  1026.4039     1.8967     4.0046     69.623    0.00103    5.75176    5.74769      8.443    -0.0106   10.46775   4.231775 2.9928e-11    26.0114    26.0085 1.0000e-12     89.000          1       6368    1506.35 3.5951e+00  53614.990    265.296 1603923330      -0.37     -0.547   39.98482  -71.86672 0.0000e+00
     87.306    14.3055    34.8015  1026.3604     1.9076     4.0707     70.528    0.00632    5.77174    5.76781      8.440    -0.0089   10.50255   4.205056 3.0676e-11    25.9719    25.9691 1.0000e-12     88.000          1       6660    1505.69 3.5318e+00  53500.498    277.477 1603923342      -0.21     -0.593   39.98482  -71.86664 0.0000e+00
     86.310    14.3637    34.7629  1026.3136     1.9228     4.1194     71.371    0.00780    5.77180    5.76785      8.444     0.0021   10.50299   4.207330 2.6137e-11    25.9296    25.9268 1.0000e-12     87.000          1       6710    1505.81 3.9236e+00  53439.833    279.549 1603923345      -0.03     -0.581   39.98482  -71.86664 0.0000e+00
     85.323    14.3704    34.7063  1026.2640     1.9415     4.1573     72.122    0.00581    5.76428    5.76019      8.444    -0.0065   10.49158   4.201619 2.5318e-11    25.8844    25.8817 1.0000e-12     86.000          1       6806    1505.75 3.9495e+00  53360.633    283.556 1603923349      -0.29     -0.452   39.98482  -71.86661 0.0000e+00
     84.328    14.4298    34.6558  1026.2078     1.9611     4.1922     73.281    0.00941    5.72099    5.71643      8.445    -0.0075   10.41928   4.202696 2.5320e-11    25.8327    25.8300 1.0000e-12     85.000          1       6854    1505.86 3.9495e+00  53283.513    285.541 1603923351       0.08     -0.487   39.98482  -71.86660 0.0000e+00
