CalculateIndicators/WaterTemperature/Data/CTD_NYOS/20201019_C09.cnv
* Sea-Bird SBE 9 Data File:
* FileName = C:\Seabird 9 CTD\Data\2020\202010_offshore\20201019_C09.hex
* Software Version Seasave V 7.23.2
* Temperature SN = 4590
* Conductivity SN = 3228
* Number of Bytes Per Scan = 44
* Number of Voltage Words = 5
* Number of Scans Averaged by the Deck Unit = 1
* NMEA Latitude = 38 47.06 N
* NMEA Longitude = 072 49.32 W
* NMEA UTC (Time) = Oct 20 2020  18:38:53
* NMEA baud rate = 4800
** Ship: seawolf
** Station: 6.6
** Operator: SJW
# nquan = 31
# nvalues = 600                         
# units = specified
# name 0 = depSM: Depth [salt water, m]
# name 1 = t090C: Temperature [ITS-90, deg C]
# name 2 = sal00: Salinity, Practical [PSU]
# name 3 = density00: Density [density, kg/m^3]
# name 4 = sbeox0V: Oxygen raw, SBE 43 [V]
# name 5 = sbeox0ML/L: Oxygen, SBE 43 [ml/l]
# name 6 = sbeox0PS: Oxygen, SBE 43 [% saturation]
# name 7 = sbox0dV/dT: Oxygen, SBE 43 [dov/dt]
# name 8 = oxsolML/L: Oxygen Saturation, Garcia & Gordon [ml/l]
# name 9 = oxsatML/L: Oxygen Saturation, Weiss [ml/l]
# name 10 = ph: pH
# name 11 = flECO-AFL: Fluorescence, WET Labs ECO-AFL/FL [mg/m^3]
# name 12 = n2satML/L: Nitrogen Saturation [ml/l]
# name 13 = c0S/m: Conductivity [S/m]
# name 14 = cpar: CPAR/Corrected Irradiance [%]
# name 15 = sigma-é00: Density [sigma-theta, kg/m^3]
# name 16 = sigma-t00: Density [sigma-t, kg/m^3 ]
# name 17 = par: PAR/Irradiance, Biospherical/Licor
# name 18 = prDM: Pressure, Digiquartz [db]
# name 19 = pumps: Pump Status
# name 20 = scan: Scan Count
# name 21 = svCM: Sound Velocity [Chen-Millero, m/s]
# name 22 = spar: SPAR, Biospherical/Licor
# name 23 = specc: Specific Conductance [uS/cm]
# name 24 = timeS: Time, Elapsed [seconds]
# name 25 = timeY: Time, System [seconds]
# name 26 = accM: Acceleration [m/s^2]
# name 27 = dz/dtM: Descent Rate [m/s]
# name 28 = latitude: Latitude [deg]
# name 29 = longitude: Longitude [deg]
# name 30 = flag: flag
# span 0 =      1.983,    299.518       
# span 1 =     9.6311,    21.0951       
# span 2 =    34.8541,    35.7948       
# span 3 =  1024.3658,  1028.5733       
# span 4 =     1.4023,     2.4917       
# span 5 =     2.9638,     4.9355       
# span 6 =     46.846,     96.989       
# span 7 =   -0.01912,    0.02133       
# span 8 =    5.07745,    6.35276       
# span 9 =    5.06700,    6.35698       
# span 10 =      8.267,      8.559      
# span 11 =    -0.0800,     0.5659      
# span 12 =    9.34970,   11.45817      
# span 13 =   3.811891,   4.885362      
# span 14 = 3.5845e-14, 3.9036e+01      
# span 15 =    24.3572,    27.2152      
# span 16 =    24.3571,    27.2094      
# span 17 = 1.0000e-12, 5.0523e+02      
# span 18 =      2.000,    302.000      
# span 19 =          1,          1      
# span 20 =        966,      51549      
# span 21 =    1493.78,    1524.36      
# span 22 = 6.5297e+02, 2.7898e+03      
# span 23 =  52986.025,  55031.702      
# span 24 =     40.192,   2147.831      
# span 25 = 1603219175, 1603221283      
# span 26 =      -0.73,       0.68      
# span 27 =     -1.010,      0.830      
# span 28 =   38.77805,   38.78429      
# span 29 =  -72.82393,  -72.82180      
# span 30 = 0.0000e+00, 0.0000e+00      
# interval = decibars: 1                
# start_time = Oct 20 2020 18:38:55 [System UTC, first data scan.]
# bad_flag = -9.990e-29
*END*
[from data line 141]
    141.870    13.8277    35.7834  1027.4648     1.5507     3.0662     52.842   -0.00133    5.80247    5.79959      8.384    -0.0525   10.54231   4.266740 9.9882e-14    26.8335    26.8292 1.0000e-12    143.000          1      10355    1506.20 1.0013e+03  54941.897    431.422 1603219566      -0.02      0.250   38.78330  -72.82183 0.0000e+00
    142.859    13.8063    35.7818  1027.4726     1.5434     3.0445     52.397   -0.00259    5.81052    5.80772      8.375    -0.0627   10.55566   4.264315 9.7970e-14    26.8368    26.8324 1.0000e-12    144.000          1      10441    1506.15 1.0207e+03  54943.240    434.989 1603219570       0.10      0.269   38.78328  -72.82183 0.0000e+00
    143.855    13.7449    35.7781  1027.4872     1.5359     3.0258     52.068   -0.00211    5.81134    5.80856      8.354    -0.0559   10.55705   4.257939 9.9108e-14    26.8468    26.8425 1.0000e-12    145.000          1      10509    1505.96 1.0091e+03  54947.107    437.846 1603219573      -0.05      0.299   38.78328  -72.82183 0.0000e+00
    144.846    13.7235    35.7752  1027.4939     1.5315     3.0206     51.919   -0.00129    5.81795    5.81525      8.348    -0.0489   10.56805   4.255509 9.8870e-14    26.8491    26.8447 1.0000e-12    146.000          1      10602    1505.91 1.0115e+03  54946.595    441.703 1603219577       0.00      0.271   38.78326  -72.82182 0.0000e+00
    145.838    13.6724    35.7697  1027.5050     1.5274     3.0123     51.750   -0.00097    5.82087    5.81820      8.344    -0.0581   10.57292   4.249937 9.8385e-14    26.8555    26.8512 1.0000e-12    147.000          1      10688    1505.75 1.0167e+03  54946.753    445.299 1603219580      -0.03      0.276   38.78326  -72.82183 0.0000e+00
    146.827    13.6454    35.7665  1027.5126     1.5252     3.0115     51.696   -0.00034    5.82537    5.82276      8.342    -0.0513   10.58041   4.246998 9.7635e-14    26.8587    26.8543 1.0000e-12    148.000          1      10782    1505.67 1.0243e+03  54946.605    449.215 1603219584       0.10      0.282   38.78325  -72.82182 0.0000e+00
    147.825    13.6221    35.7636  1027.5198     1.5242     3.0078     51.635   -0.00055    5.82512    5.82250      8.344    -0.0649   10.57999   4.244374 9.6869e-14    26.8614    26.8569 1.0000e-12    149.000          1      10830    1505.61 1.0323e+03  54946.488    451.215 1603219586       0.13      0.504   38.78324  -72.82182 0.0000e+00
    148.812    13.6063    35.7613  1027.5257     1.5222     3.0120     51.586   -0.00016    5.83868    5.83622      8.340    -0.0579   10.60258   4.242674 9.8810e-14    26.8629    26.8584 1.0000e-12    150.000          1      10969    1505.57 1.0121e+03  54946.049    457.011 1603219592       0.11      0.253   38.78324  -72.82182 0.0000e+00
    149.804    13.5593    35.7547  1027.5349     1.5181     2.9978     51.242   -0.00219    5.85028    5.84797      8.344    -0.0460   10.62187   4.236863 9.6884e-14    26.8675    26.8631 1.0000e-12    151.000          1      11023    1505.43 1.0322e+03  54944.200    459.268 1603219594       0.04      0.469   38.78322  -72.82182 0.0000e+00
    150.797    13.4240    35.7423  1027.5582     1.5160     2.9993     51.249   -0.00076    5.85252    5.85023      8.343    -0.0508   10.62558   4.222340 9.5482e-14    26.8859    26.8815 1.0000e-12    152.000          1      11090    1504.99 1.0474e+03  54946.756    462.048 1603219597      -0.04      0.355   38.78322  -72.82183 0.0000e+00
    151.787    13.3704    35.7331  1027.5667     1.5158     3.0128     51.336    0.00015    5.86883    5.86675      8.346    -0.0525   10.65267   4.215672 9.4898e-14    26.8899    26.8854 1.0000e-12    153.000          1      11197    1504.82 1.0538e+03  54942.343    466.516 1603219601       0.52      0.418   38.78322  -72.82182 0.0000e+00
    152.785    13.2825    35.7287  1027.5861     1.5367     3.1214     53.171    0.01062    5.87060    5.86853      8.348    -0.0609   10.65561   4.206874 9.4456e-14    26.9045    26.9001 1.0000e-12    154.000          1      11235    1504.54 1.0587e+03  54949.549    468.089 1603219603      -0.07      0.639   38.78321  -72.82182 0.0000e+00
    153.770    13.2353    35.7293  1027.6007     1.5837     3.2528     55.360    0.00850    5.87573    5.87372      8.353    -0.0627   10.66417   4.202544 9.4277e-14    26.9147    26.9102 1.0000e-12    155.000          1      11335    1504.40 1.0607e+03  54957.775    472.231 1603219607      -0.01      0.142   38.78320  -72.82182 0.0000e+00
    154.761    13.2039    35.7230  1027.6068     1.5854     3.2251     54.846    0.00046    5.88033    5.87838 -9.990e-29    -0.0610   10.67186   4.198893 9.3900e-14    26.9162    26.9118 1.0000e-12    156.000          1      11407    1504.30 1.0650e+03  54954.260    475.268 1603219610       0.11      0.410   38.78320  -72.82182 0.0000e+00
    155.759    13.1831    35.7196  1027.6130     1.5852     3.2219     54.800   -0.00001    5.87944    5.87748 -9.990e-29    -0.0605   10.67036   4.196502 9.3182e-14    26.9179    26.9135 1.0000e-12    157.000          1      11453    1504.25 1.0732e+03  54953.322    477.146 1603219612      -0.01      0.525   38.78320  -72.82182 0.0000e+00
    156.746    13.1546    35.7145  1027.6194     1.5812     3.2056     54.474   -0.00195    5.88461    5.88271      8.355    -0.0643   10.67901   4.193303 9.3265e-14    26.9198    26.9153 1.0000e-12    158.000          1      11573    1504.16 1.0722e+03  54951.030    482.181 1603219617       0.20      0.315   38.78318  -72.82182 0.0000e+00
    157.738    13.1432    35.7124  1027.6245     1.5775     3.1954     54.300   -0.00184    5.88477    5.88287      8.359    -0.0607   10.67927   4.192052 9.2031e-14    26.9205    26.9160 1.0000e-12    159.000          1      11622    1504.14 1.0866e+03  54950.378    484.226 1603219619       0.06      0.509   38.78318  -72.82182 0.0000e+00
    158.730    13.1323    35.7104  1027.6296     1.5747     3.1921     54.230   -0.00101    5.88620    5.88432      8.356    -0.0578   10.68167   4.190884 9.1721e-14    26.9211    26.9166 1.0000e-12    160.000          1      11692    1504.12 1.0903e+03  54949.782    487.137 1603219622      -0.00      0.320   38.78317  -72.82182 0.0000e+00
    159.720    13.1115    35.7063  1027.6353     1.5699     3.1795     53.973   -0.00141    5.89079    5.88897      8.379    -0.0537   10.68933   4.188432 9.1288e-14    26.9223    26.9178 1.0000e-12    161.000          1      11790    1504.06 1.0954e+03  54947.900    491.223 1603219626       0.20      0.274   38.78316  -72.82182 0.0000e+00
    160.715    13.0817    35.7013  1027.6420     1.5648     3.1606     53.642   -0.00250    5.89201    5.89019      8.390    -0.0658   10.69135   4.184843 9.1070e-14    26.9245    26.9199 1.0000e-12    162.000          1      11854    1503.97 1.0981e+03  54945.983    493.861 1603219629       0.59      0.518   38.78316  -72.82182 0.0000e+00
    161.710    13.0647    35.6990  1027.6481     1.5621     3.1592     53.591   -0.00148    5.89491    5.89314      8.373    -0.0615   10.69620   4.183116 9.1221e-14    26.9261    26.9215 1.0000e-12    163.000          1      11917    1503.93 1.0963e+03  54945.883    496.504 1603219631       0.09      0.517   38.78314  -72.82182 0.0000e+00
    162.698    13.0355    35.6934  1027.6543     1.5574     3.1481     53.367   -0.00153    5.89903    5.89730      8.352    -0.0656   10.70308   4.179652 9.0295e-14    26.9278    26.9232 1.0000e-12    164.000          1      12016    1503.84 1.1075e+03  54943.170    500.612 1603219635       0.07      0.307   38.78313  -72.82182 0.0000e+00
    163.688    13.0189    35.6914  1027.6606     1.5548     3.1463     53.319   -0.00061    5.90093    5.89922      8.353 -9.990e-29   10.70624   4.177965 9.0477e-14    26.9296    26.9250 1.0000e-12    165.000          1      12096    1503.80 1.1053e+03  54943.456    503.941 1603219639       0.08      0.376   38.78312  -72.82182 0.0000e+00
    164.684    13.0103    35.6899  1027.6656     1.5538     3.1441     53.281   -0.00046    5.90096    5.89925      8.351    -0.0596   10.70629   4.177000 8.9994e-14    26.9302    26.9255 1.0000e-12    166.000          1      12148    1503.79 1.1112e+03  54943.245    506.116 1603219641       0.05      0.470   38.78312  -72.82182 0.0000e+00
    165.674    12.9965    35.6876  1027.6711     1.5538     3.1489     53.333    0.00008    5.90420    5.90253      8.351    -0.0575   10.71169   4.175428 8.9503e-14    26.9312    26.9265 1.0000e-12    167.000          1      12247    1503.76 1.1173e+03  54942.688    510.244 1603219645       0.17      0.326   38.78310  -72.82182 0.0000e+00
    166.659    12.9768    35.6850  1027.6775     1.5538     3.1520     53.342   -0.00004    5.90909    5.90749      8.352    -0.0611   10.71986   4.173237 8.9897e-14    26.9332    26.9285 1.0000e-12    168.000          1      12338    1503.71 1.1124e+03  54942.630    514.054 1603219649       0.18      0.223   38.78310  -72.82182 0.0000e+00
    167.656    12.9502    35.6810  1027.6844     1.5547     3.1568     53.421    0.00038    5.90924    5.90763      8.350    -0.0552   10.72010   4.170246 8.8943e-14    26.9355    26.9308 1.0000e-12    169.000          1      12388    1503.63 1.1243e+03  54941.812    516.104 1603219651      -0.05      0.454   38.78308  -72.82182 0.0000e+00
    168.647    12.9334    35.6783  1027.6902     1.5538     3.1548     53.343   -0.00017    5.91418    5.91264      8.346    -0.0628   10.72833   4.168345 8.9164e-14    26.9368    26.9321 1.0000e-12    170.000          1      12494    1503.59 1.1215e+03  54941.187    520.530 1603219655       0.21      0.247   38.78307  -72.82182 0.0000e+00
    169.640    12.9036    35.6742  1027.6976     1.5522     3.1507     53.244   -0.00054    5.91757    5.91607      8.348    -0.0659   10.73398   4.164955 8.9025e-14    26.9397    26.9349 1.0000e-12    171.000          1      12559    1503.50 1.1233e+03  54940.687    523.237 1603219658      -0.00      0.517   38.78306  -72.82182 0.0000e+00
    170.630    12.8759    35.6714  1027.7055     1.5543     3.1646     53.474    0.00101    5.91797    5.91648      8.348    -0.0576   10.73465   4.162072 8.8716e-14    26.9431    26.9383 1.0000e-12    172.000          1      12625    1503.42 1.1273e+03  54941.560    525.990 1603219661      -0.04      0.347   38.78304  -72.82181 0.0000e+00
    171.620    12.8694    35.6705  1027.7106     1.5573     3.1733     53.600    0.00053    5.92034    5.91888      8.352    -0.0636   10.73858   4.161479 8.9020e-14    26.9437    26.9389 1.0000e-12    173.000          1      12737    1503.41 1.1234e+03  54941.931    530.687 1603219666       0.10      0.190   38.78304  -72.82182 0.0000e+00
    172.609    12.8551    35.6693  1027.7170     1.5623     3.1981     54.005    0.00243    5.92177    5.92032      8.356    -0.0520   10.74093   4.159887 8.8618e-14    26.9457    26.9409 1.0000e-12    174.000          1      12800    1503.38 1.1284e+03  54942.996    533.302 1603219668       0.13      0.488   38.78302  -72.82180 0.0000e+00
    173.610    12.8471    35.6698  1027.7235     1.5710     3.2374     54.676    0.00546    5.92101    5.91955      8.349    -0.0589   10.73968   4.159253 8.8464e-14    26.9477    26.9429 1.0000e-12    175.000          1      12832    1503.37 1.1304e+03  54945.499    534.635 1603219670       0.13      0.694   38.78302  -72.82181 0.0000e+00
    174.601    12.8316    35.6686  1027.7302     1.5784     3.2538     54.913    0.00360    5.92533    5.92392      8.353    -0.0581   10.74688   4.157601 8.7904e-14    26.9499    26.9451 1.0000e-12    176.000          1      12949    1503.33 1.1376e+03  54946.835    539.504 1603219674       0.22      0.540   38.78301  -72.82181 0.0000e+00
    175.593    12.8154    35.6658  1027.7358     1.5768     3.2342     54.560   -0.00006    5.92785    5.92647      8.354    -0.0631   10.75108   4.155736 8.7933e-14    26.9510    26.9461 1.0000e-12    177.000          1      13011    1503.29 1.1372e+03  54946.048    542.092 1603219677      -0.03      0.754   38.78300  -72.82182 0.0000e+00
    176.582    12.7958    35.6620  1027.7413     1.5701     3.2012     53.999   -0.00296    5.92817    5.92680      8.354    -0.0699   10.75162   4.153484 8.7908e-14    26.9520    26.9471 1.0000e-12    178.000          1      13075    1503.24 1.1375e+03  54944.424    544.748 1603219680      -0.02      0.421   38.78298  -72.82182 0.0000e+00
    177.576    12.7651    35.6560  1027.7474     1.5589     3.1659     53.356   -0.00427    5.93366    5.93235      8.350    -0.0642   10.76078   4.149792 8.7822e-14    26.9535    26.9486 1.0000e-12    179.000          1      13179    1503.15 1.1387e+03  54941.454    549.065 1603219684       0.11      0.547   38.78297  -72.82182 0.0000e+00
    178.557    12.7433    35.6530  1027.7539     1.5540     3.1673     53.372   -0.00098    5.93427    5.93297      8.385    -0.0599   10.76179   4.147527 8.7415e-14    26.9556    26.9506 1.0000e-12    180.000          1      13248    1503.09 1.1440e+03  54941.282    551.966 1603219687      -0.02      0.311   38.78296  -72.82182 0.0000e+00
    179.556    12.7438    35.6536  1027.7587     1.5584     3.1918     53.781    0.00137    5.93472    5.93343      8.374    -0.0683   10.76254   4.147712 8.7437e-14    26.9559    26.9510 1.0000e-12    181.000          1      13308    1503.11 1.1434e+03  54942.612    554.458 1603219689      -0.05      0.355   38.78296  -72.82182 0.0000e+00
    180.542    12.7379    35.6536  1027.7643     1.5657     3.2175     54.206    0.00195    5.93585    5.93458      8.346    -0.0719   10.76442   4.147191 8.7557e-14    26.9571    26.9522 1.0000e-12    182.000          1      13410    1503.10 1.1422e+03  54944.097    558.689 1603219694       0.14      0.190   38.78294  -72.82182 0.0000e+00
    181.542    12.7326    35.6537  1027.7700     1.5695     3.2299     54.412    0.00211    5.93598    5.93471      8.348    -0.0552   10.76463   4.146742 8.6822e-14    26.9583    26.9533 1.0000e-12    183.000          1      13455    1503.10 1.1518e+03  54945.627    560.581 1603219695       0.16      0.590   38.78294  -72.82182 0.0000e+00
    182.529    12.7302    35.6537  1027.7749     1.5744     3.2418     54.613    0.00150    5.93607    5.93479      8.349    -0.0566   10.76477   4.146572 8.7075e-14    26.9588    26.9538 1.0000e-12    184.000          1      13527    1503.11 1.1484e+03  54946.607    563.589 1603219698      -0.09      0.314   38.78293  -72.82183 0.0000e+00
    183.516    12.7294    35.6536  1027.7794     1.5764     3.2424     54.622    0.00022    5.93613    5.93485      8.350    -0.0728   10.76487   4.146553 8.6938e-14    26.9589    26.9539 1.0000e-12    185.000          1      13616    1503.12 1.1503e+03  54947.207    567.300 1603219702       0.41      0.300   38.78292  -72.82182 0.0000e+00
    184.514    12.7288    35.6536  1027.7840     1.5774     3.2463     54.685    0.00030    5.93636    5.93509      8.350    -0.0581   10.76526   4.146543 8.6697e-14    26.9590    26.9540 1.0000e-12    186.000          1      13679    1503.14 1.1534e+03  54947.830    569.933 1603219705       0.11      0.358   38.78291  -72.82184 0.0000e+00
    185.506    12.7269    35.6533  1027.7886     1.5782     3.2505     54.755    0.00044    5.93652    5.93526      8.352    -0.0545   10.76553   4.146371 8.6510e-14    26.9592    26.9541 1.0000e-12    187.000          1      13748    1503.15 1.1559e+03  54948.372    572.797 1603219708       0.01      0.446   38.78290  -72.82184 0.0000e+00
    186.494    12.7255    35.6532  1027.7932 -9.990e-29     3.2497     54.740   -0.00000    5.93668    5.93541 -9.990e-29    -0.0605   10.76579   4.146282 8.6367e-14    26.9594    26.9543 1.0000e-12    188.000          1      13816    1503.16 1.1578e+03  54948.996    575.613 1603219710       0.07      0.340   38.78290  -72.82184 0.0000e+00
