CalculateIndicators/WaterTemperature/Data/CTD_NYOS/20200210_C011.cnv
* Sea-Bird SBE 9 Data File:
* FileName = C:\Seabird 9 CTD\Data\2020\202002_offshore\20200210_C011.hex
* Software Version Seasave V 7.23.2
* Temperature SN = 4590
* Conductivity SN = 3228
* Number of Bytes Per Scan = 44
* Number of Voltage Words = 5
* Number of Scans Averaged by the Deck Unit = 1
* NMEA Latitude = 39 28.76 N
* NMEA Longitude = 073 04.00 W
* NMEA UTC (Time) = Feb 10 2020  03:11:54
* NMEA baud rate = 4800
** Ship: rv seawolf
** Station: 6.4
** Operator: sjw
# nquan = 35
# nvalues = 117                         
# units = specified
# name 0 = depSM: Depth [salt water, m]
# name 1 = t090C: Temperature [ITS-90, deg C]
# name 2 = sal00: Salinity, Practical [PSU]
# name 3 = density00: Density [density, kg/m^3]
# name 4 = sbeox0V: Oxygen raw, SBE 43 [V]
# name 5 = sbeox0ML/L: Oxygen, SBE 43 [ml/l]
# name 6 = sbeox0PS: Oxygen, SBE 43 [% saturation]
# name 7 = sbox0dV/dT: Oxygen, SBE 43 [dov/dt]
# name 8 = oxsolML/L: Oxygen Saturation, Garcia & Gordon [ml/l]
# name 9 = oxsatML/L: Oxygen Saturation, Weiss [ml/l]
# name 10 = ph: pH
# name 11 = flECO-AFL: Fluorescence, WET Labs ECO-AFL/FL [mg/m^3]
# name 12 = n2satML/L: Nitrogen Saturation [ml/l]
# name 13 = c0S/m: Conductivity [S/m]
# name 14 = cpar: CPAR/Corrected Irradiance [%]
# name 15 = sigma-é00: Density [sigma-theta, kg/m^3]
# name 16 = sigma-t00: Density [sigma-t, kg/m^3 ]
# name 17 = par: PAR/Irradiance, Biospherical/Licor
# name 18 = prDM: Pressure, Digiquartz [db]
# name 19 = pumps: Pump Status
# name 20 = scan: Scan Count
# name 21 = svCM: Sound Velocity [Chen-Millero, m/s]
# name 22 = spar: SPAR, Biospherical/Licor
# name 23 = specc: Specific Conductance [uS/cm]
# name 24 = timeS: Time, Elapsed [seconds]
# name 25 = timeY: Time, System [seconds]
# name 26 = accM: Acceleration [m/s^2]
# name 27 = dz/dtM: Descent Rate [m/s]
# name 28 = latitude: Latitude [deg]
# name 29 = longitude: Longitude [deg]
# name 30 = gsw_saA0: Absolute Salinity [g/kg]
# name 31 = gsw_densityA0: density, TEOS-10 [density, kg/m^3]
# name 32 = gsw_sigma0A0: density, TEOS-10 [sigma-0, kg/m^3 ]
# name 33 = gsw_ptA0: potential temperature [ITS-90, deg C]
# name 34 = flag: flag
# span 0 =      2.000,     60.000       
# span 1 =     8.5595,     8.6055       
# span 2 =    13.3016,    33.5411       
# span 3 =  1010.2337,  1026.3153       
# span 4 =     2.2250,     4.7988       
# span 5 =     5.6381,    14.4296       
# span 6 =     85.711,    219.297       
# span 7 =   -0.24110,    0.06891       
# span 8 =    6.57302,    7.39728       
# span 9 =    6.57876,    7.39543       
# span 10 =      8.298,      8.312      
# span 11 =     0.3783,     0.7016      
# span 12 =   11.84245,   13.44664      
# span 13 =   1.526038,   3.540012      
# span 14 = -1.866e+04, 1.0997e+05      
# span 15 =    10.2297,    26.0439      
# span 16 =    10.2297,    26.0434      
# span 17 = 1.0000e-12, 1.5101e-04      
# span 18 =      2.014,     60.466      
# span 19 =          0,          1      
# span 20 =        109,      16205      
# span 21 =    1458.11,    1483.79      
# span 22 = -5.148e-01, 6.0419e+00      
# span 23 =  22727.344,  52702.952      
# span 24 =      4.497,    675.168      
# span 25 = 1581304322, 1581304992      
# span 26 =      -0.63,       0.41      
# span 27 =     -0.642,      0.605      
# span 28 =   39.47950,   39.48026      
# span 29 =  -73.06678,  -73.06354      
# span 30 =    13.3724,    33.6996      
# span 31 =  1010.2370,  1026.3182      
# span 32 =    10.2275,    26.0463      
# span 33 =     8.5569,     8.6047      
# span 34 = 0.0000e+00, 0.0000e+00      
# interval = meters: 1                  
# start_time = Feb 10 2020 03:11:57 [System UTC, first data scan.]
# bad_flag = -9.990e-29
*END*
      2.000     8.5945    13.3016  1010.2337     2.8973     8.9587    121.141    0.01104    7.39728    7.39543      8.309     0.4468   13.44664   1.526038 9.4374e+04    10.2297    10.2297 1.0000e-12      2.014          0        109    1458.11 2.9299e-01  22727.344      4.497 1581304322       0.41      0.068   39.47950  -73.06678    13.3724  1010.2370    10.2275     8.5944 0.0000e+00
      3.000     8.5945    25.5154  1019.7759     3.0524     9.0250    135.444    0.05893    6.66595    6.67081      8.310     0.4422   12.02210   2.809972 7.0983e+03    19.7625    19.7624 1.0000e-12      3.022          0        278    1473.09 4.4038e+00  40988.157     11.521 1581304329       0.07      0.508   39.47951  -73.06674    26.1967  1020.2125    20.1986     8.5943 0.0000e+00
      4.000     8.5941    31.1428  1024.1794     3.2167     9.4830    143.240    0.05610    6.62065    6.62594      8.310     0.4632   11.93415   3.316928 3.8641e+02    24.1610    24.1609 1.0000e-12      4.030          0        349    1480.01 5.3061e+00  49238.831     14.497 1581304332      -0.08      0.340   39.47952  -73.06674    31.3764  1024.2489    24.2305     8.5937 0.0000e+00
      5.000     8.5943    32.5955  1025.3210     3.4240    10.1746    154.179    0.06046    6.59930    6.60479      8.311     0.4481   11.89305   3.450283 1.9213e-11    25.2981    25.2980 1.0000e-12      5.040          0        437    1481.82 5.3784e+00  51328.473     18.169 1581304335       0.12      0.299   39.47952  -73.06672    32.7648  1025.3353    25.3123     8.5938 0.0000e+00
      6.000     8.5982    32.8719  1025.5415     3.5822    10.7586    163.189    0.06876    6.59274    6.59828 -9.990e-29     0.4337   11.88047   3.476251 1.9483e-11    25.5140    25.5139 1.0000e-12      6.044          0        492    1482.19 5.3152e+00  51719.676     20.461 1581304338       0.01      0.436   39.47952  -73.06672    33.0346  1025.5497    25.5221     8.5976 0.0000e+00
      7.000     8.6032    33.1220  1025.7413     3.8132    11.3336    172.031    0.04913    6.58815    6.59374      8.312     0.4732   11.87157   3.499954 1.8757e-11    25.7092    25.7091 1.0000e-12      7.056          0        603    1482.53 5.4851e+00  52073.363     25.081 1581304342       0.08      0.179   39.47952  -73.06669    33.2797  1025.7447    25.7126     8.6025 0.0000e+00
      8.000     8.6020    33.1835  1025.7943     3.9766    12.0458    182.889    0.06891    6.58641    6.59201      8.311     0.4827   11.86829   3.505975 2.1886e+04    25.7576    25.7575 1.0000e-12      8.060          0        660    1482.62 4.0317e+00  52161.454     27.461 1581304345       0.01      0.438   39.47954  -73.06668    33.3440  1025.7996    25.7629     8.6012 0.0000e+00
      9.000     8.6042    33.2472  1025.8485     4.1860    12.5899    191.128    0.05283    6.58716    6.59276      8.311     0.5002   11.86972   3.511964 1.0619e+05    25.8072    25.8071 1.0000e-12      9.071          1        752    1482.72 -3.185e-01  52251.772     31.274 1581304348      -0.01      0.207   39.47954  -73.06667    33.4047  1025.8512    25.8100     8.6033 0.0000e+00
     10.000     8.6039    33.2053  1025.8203     4.3715    13.2671    201.393    0.06014    6.58764    6.59324      8.311     0.6290   11.87063   3.507959 7.0731e+04    25.7744    25.7743 1.0000e-12     10.076          1        828    1482.69 1.3272e+00  52193.102     34.439 1581304352      -0.04      0.359   39.47954  -73.06666    33.3622  1025.8227    25.7769     8.6028 0.0000e+00
     11.000     8.6032    33.2093  1025.8281     4.5655    13.9109    211.232    0.06129    6.58563    6.59125      8.310     0.5020   11.86669   3.508277 9.8420e+04    25.7777    25.7775 1.0000e-12     11.083          1        905    1482.71 7.1596e-02  52199.686     37.675 1581304355       0.12      0.332   39.47954  -73.06664    33.3658  1025.8302    25.7798     8.6021 0.0000e+00
     12.000     8.6017    33.2990  1025.9032     4.7581    14.4296    219.297    0.04996    6.57993    6.58562      8.309     0.7016   11.85563   3.517227 2.0480e+03    25.8482    25.8480 1.0000e-12     12.093          1        996    1482.83 4.9372e+00  52327.347     41.447 1581304359       0.05      0.255   39.47954  -73.06662    33.4613  1025.9095    25.8545     8.6005 0.0000e+00
     13.000     8.6017    33.4002  1025.9871     4.7988    14.0916    214.221   -0.00199    6.57804    6.58374      8.309     0.5211   11.85206   3.526478 -2.218e+01    25.9276    25.9274 1.0000e-12     13.101          1       1080    1482.97 5.4264e+00  52471.313     44.950 1581304362       0.01      0.286   39.47956  -73.06661    33.5587  1025.9901    25.9305     8.6003 0.0000e+00
     14.000     8.6031    33.4284  1026.0136     4.1957     9.9546    151.347   -0.24110    6.57723    6.58293      8.308     0.4712   11.85046   3.529403 9.6698e+04    25.9494    25.9492 1.0000e-12     14.107          1       1151    1483.03 4.9562e+00  52511.346     47.931 1581304365       0.02      0.330   39.47956  -73.06660    33.5878  1026.0171    25.9530     8.6017 0.0000e+00
     15.000     8.6033    33.4545  1026.0386     3.4297     8.2306    125.161   -0.15416    6.57602    6.58173      8.309     0.4985   11.84816   3.531969 9.9999e+04    25.9699    25.9696 1.0000e-12     15.117          1       1247    1483.08 8.4742e-02  52548.840     51.932 1581304369       0.09      0.243   39.47956  -73.06658    33.6142  1026.0423    25.9736     8.6018 0.0000e+00
     16.000     8.6038    33.4740  1026.0584     3.1125     7.6515    116.361   -0.10333    6.57565    6.58136      8.309     0.4803   11.84748   3.533832 2.4351e+04    25.9851    25.9848 1.0000e-12     16.122          1       1316    1483.12 3.8269e+00  52577.044     54.799 1581304372       0.03      0.362   39.47956  -73.06656    33.6331  1026.0615    25.9882     8.6021 0.0000e+00
     17.000     8.6049    33.4815  1026.0687     2.8527     7.1123    108.161   -0.06891    6.57568    6.58140      8.309     0.5053   11.84752   3.534649 -2.267e+03    25.9908    25.9906 1.0000e-12     17.132          1       1397    1483.15 5.4596e+00  52588.090     58.180 1581304375      -0.00      0.277   39.47957  -73.06655    33.6402  1026.0715    25.9936     8.6031 0.0000e+00
     18.000     8.6024    33.4878  1026.0786     2.6388     6.6412    100.980   -0.04375    6.57668    6.58244      8.309     0.4008   11.84888   3.535124 2.0406e-11    25.9961    25.9959 1.0000e-12     18.142          1       1494    1483.16 5.0993e+00  52598.046     62.192 1581304379       0.19      0.209   39.47958  -73.06654    33.6471  1026.0819    25.9994     8.6005 0.0000e+00
     19.000     8.5903    33.5042  1026.0980     2.5713     6.5862    100.136   -0.02554    6.57724    6.58301      8.307     0.4456   11.84975   3.535555 1.9831e-11    26.0109    26.0106 1.0000e-12     19.146          1       1557    1483.16 5.2337e+00  52624.722     64.844 1581304382      -0.02      0.368   39.47958  -73.06652    33.6627  1026.1005    26.0135     8.5883 0.0000e+00
     20.000     8.5851    33.5099  1026.1078     2.4910     6.3043     95.846   -0.02772    6.57754    6.58332      8.307     0.4124   11.85020   3.535662 8.7315e+04    26.0162    26.0158 1.0000e-12     20.154          1       1631    1483.16 7.1546e-01  52634.630     67.903 1581304385       0.00      0.340   39.47958  -73.06652    33.6684  1026.1103    26.0187     8.5830 0.0000e+00
     21.000     8.5815    33.5161  1026.1178     2.3888     5.9721     90.797   -0.02751    6.57746    6.58324 -9.990e-29     0.4611   11.85005   3.535964 9.9128e+04    26.0216    26.0212 1.0000e-12     21.162          1       1714    1483.17 -1.805e-02  52644.866     71.390 1581304389       0.30      0.253   39.47958  -73.06650    33.6745  1026.1202    26.0240     8.5793 0.0000e+00
     22.000     8.5809    33.5187  1026.1245     2.3383     5.8617     89.114   -0.02151    6.57777    6.58356 -9.990e-29     0.4438   11.85056   3.536248 7.6638e+03    26.0237    26.0234 1.0000e-12     22.165          1       1768    1483.19 4.5201e+00  52649.321     73.625 1581304391       0.07      0.577   39.47958  -73.06648    33.6776  1026.1273    26.0265     8.5787 0.0000e+00
     23.000     8.5803    33.5159  1026.1270     2.2933     5.7750     87.784   -0.01495    6.57862    6.58441      8.306     0.4108   11.85194   3.535936 3.9540e+00    26.0216    26.0213 1.0000e-12     23.178          1       1837    1483.20 5.1693e+00  52646.151     76.485 1581304394      -0.02      0.322   39.47960  -73.06647    33.6744  1026.1296    26.0242     8.5779 0.0000e+00
     24.000     8.5737    33.5168  1026.1334     2.2553     5.7159     86.893   -0.00780    6.57811    6.58390      8.306     0.3911   11.85102   3.535490 1.9617e-11    26.0234    26.0230 1.0000e-12     24.184          1       1921    1483.19 5.2839e+00  52649.624     79.998 1581304397       0.17      0.384   39.47960  -73.06646    33.6756  1026.1361    26.0261     8.5712 0.0000e+00
     25.000     8.5745    33.5241  1026.1435     2.2607     5.8539     88.989    0.00537    6.57821    6.58400      8.304     0.3876   11.85127   3.536323 2.1862e-11    26.0290    26.0286 1.0000e-12     25.195          1       1974    1483.22 4.7586e+00  52660.431     82.190 1581304399       0.11      0.453   39.47960  -73.06644    33.6831  1026.1464    26.0319     8.5720 0.0000e+00
     26.000     8.5758    33.5231  1026.1472     2.2456     5.7062     86.751   -0.00546    6.57767    6.58345      8.305     0.4095   11.85035   3.536360 8.5208e+04    26.0281    26.0277 1.0000e-12     26.198          1       2050    1483.24 8.2453e-01  52659.410     85.369 1581304402       0.17      0.332   39.47960  -73.06643    33.6818  1026.1498    26.0307     8.5731 0.0000e+00
     27.000     8.5841    33.5138  1026.1432     2.2250     5.6381     85.711   -0.00570    6.57809    6.58389      8.305     0.4007   11.85092   3.536338 1.0195e+05    26.0195    26.0191 1.0000e-12     27.213          1       2126    1483.28 3.2891e+00  52645.022     88.542 1581304406      -0.02      0.366   39.47961  -73.06641    33.6732  1026.1464    26.0227     8.5813 0.0000e+00
     28.000     8.5746    33.5267  1026.1594     2.2297     5.7189     86.936    0.00143    6.57832    6.58413      8.305     0.4114   11.85127   3.536679 -9.990e-29    26.0311    26.0307 1.0000e-12     28.215          1       2168    1483.27 5.1582e+00  52666.119     90.271 1581304407       0.05      0.565   39.47962  -73.06640    33.6855  1026.1620    26.0338     8.5717 0.0000e+00
     29.000     8.5727    33.5315  1026.1680     2.2413     5.7707     87.724    0.00288    6.57824    6.58405      8.304     0.4171   11.85110   3.537030 2.1688e-11    26.0351    26.0347 1.0000e-12     29.225          1       2235    1483.29 4.8461e+00  52673.989     93.102 1581304410      -0.06      0.321   39.47962  -73.06639    33.6905  1026.1709    26.0380     8.5697 0.0000e+00
     30.000     8.5710    33.5365  1026.1768     2.2371     5.7149     86.866   -0.00193    6.57896    6.58478      8.303     0.4150   11.85227   3.537389 6.2735e+04    26.0393    26.0388 1.0000e-12     30.231          1       2307    1483.30 2.1564e+00  52681.999     96.091 1581304413       0.09      0.429   39.47962  -73.06638    33.6954  1026.1795    26.0421     8.5680 0.0000e+00
     31.000     8.5649    33.5411  1026.1859     2.2915     6.1872     94.043    0.03023    6.57913    6.58495 -9.990e-29     0.4323   11.85258   3.537280 1.0210e+05    26.0439    26.0434 1.0000e-12     31.245          1       2363    1483.30 -1.265e-01  52690.608     98.398 1581304416       0.11      0.408   39.47962  -73.06636    33.6996  1026.1884    26.0463     8.5617 0.0000e+00
     32.000     8.5651    33.5357  1026.1862     2.3615     6.4197     97.576    0.03045    6.57918    6.58501 -9.990e-29     0.3976   11.85267   3.536856 2.6989e+04    26.0396    26.0391 1.0000e-12     32.246          1       2416    1483.31 3.6416e+00  52683.577    100.645 1581304418      -0.08      0.410   39.47962  -73.06636    33.6945  1026.1889    26.0423     8.5618 0.0000e+00
     33.000     8.5647    33.5344  1026.1899     2.4515     6.5796    100.004    0.01534    6.57931    6.58513 -9.990e-29     0.4704   11.85289   3.536753 -2.438e+03    26.0387    26.0382 1.0000e-12     33.261          1       2520    1483.33 4.8878e+00  52682.477    104.943 1581304422       0.05      0.181   39.47962  -73.06634    33.6933  1026.1927    26.0415     8.5613 0.0000e+00
     34.000     8.5646    33.5343  1026.1945     2.4623     6.5668     99.810    0.01003    6.57933    6.58516 -9.990e-29     0.5618   11.85293   3.536777 9.8466e+04    26.0387    26.0381 1.0000e-12     34.261          1       2557    1483.34 7.3624e-02  52683.095    106.504 1581304424       0.31      0.605   39.47964  -73.06633    33.6933  1026.1972    26.0415     8.5611 0.0000e+00
     35.000     8.5641    33.5342  1026.1990     2.4759     6.5697     99.854    0.00537    6.57934    6.58516 -9.990e-29     0.4193   11.85293   3.536769 6.2234e+04    26.0386    26.0381 1.0000e-12     35.268          1       2625    1483.35 1.9573e+00  52683.621    109.322 1581304426       0.01      0.463   39.47964  -73.06631    33.6931  1026.2018    26.0414     8.5605 0.0000e+00
     36.000     8.5637    33.5342  1026.2037     2.4831     6.5582     99.678    0.00134    6.57940    6.58522 -9.990e-29     0.4451   11.85303   3.536774 5.2607e+02    26.0387    26.0382 1.0000e-12     36.280          1       2713    1483.37 5.0392e+00  52684.410    112.990 1581304430       0.15      0.487   39.47964  -73.06630    33.6931  1026.2064    26.0415     8.5600 0.0000e+00
     37.000     8.5633    33.5341  1026.2083     2.4864     6.5734     99.910    0.00182    6.57937    6.58519 -9.990e-29     0.4203   11.85298   3.536793 2.0850e-11    26.0388    26.0382 1.0000e-12     37.287          1       2755    1483.39 4.9953e+00  52685.139    114.742 1581304432       0.04      0.574   39.47964  -73.06630    33.6932  1026.2112    26.0416     8.5595 0.0000e+00
     38.000     8.5636    33.5346  1026.2132     2.4911     6.5868    100.114    0.00149    6.57929    6.58512      8.303     0.4077   11.85285   3.536905 1.9801e-11    26.0391    26.0385 1.0000e-12     38.292          1       2834    1483.41 5.2408e+00  52686.284    118.027 1581304435       0.13      0.330   39.47964  -73.06628    33.6936  1026.2160    26.0419     8.5597 0.0000e+00
     39.000     8.5642    33.5348  1026.2179     2.4943     6.5930    100.209    0.00087    6.57924    6.58506      8.304     0.4279   11.85276   3.537029 2.0875e-11    26.0392    26.0386 1.0000e-12     39.306          1       2914    1483.43 4.9895e+00  52687.186    121.359 1581304438      -0.01      0.431   39.47964  -73.06626    33.6939  1026.2208    26.0421     8.5602 0.0000e+00
     40.000     8.5643    33.5351  1026.2227     2.4952     6.5932    100.213    0.00052    6.57922    6.58505 -9.990e-29     0.4889   11.85273   3.537110 6.4321e+04    26.0395    26.0388 1.0000e-12     40.306          1       2954    1483.44 1.9633e+00  52688.328    123.049 1581304440       0.13      0.580   39.47964  -73.06626    33.6942  1026.2256    26.0424     8.5601 0.0000e+00
     41.000     8.5644    33.5350  1026.2272     2.4984     6.6068    100.418    0.00077    6.57925    6.58508 -9.990e-29     0.4335   11.85278   3.537156 6.6991e+04    26.0394    26.0387 1.0000e-12     41.319          1       3032    1483.46 1.5908e+00  52688.797    126.287 1581304443      -0.09      0.288   39.47966  -73.06625    33.6941  1026.2301    26.0423     8.5602 0.0000e+00
     42.000     8.5640    33.5352  1026.2320     2.4976     6.5921    100.196   -0.00069    6.57915    6.58497      8.305     0.4688   11.85261   3.537175 -4.886e+03    26.0396    26.0389 1.0000e-12     42.332          1       3115    1483.47 5.3667e+00  52689.835    129.752 1581304447       0.25      0.335   39.47966  -73.06624    33.6943  1026.2349    26.0425     8.5596 0.0000e+00
