CalculateIndicators/WaterTemperature/Data/CTD_NYOS/20201022_C18.cnv
* Sea-Bird SBE 9 Data File:
* FileName = C:\Seabird 9 CTD\Data\2020\202010_offshore\20201022_C18.hex
* Software Version Seasave V 7.23.2
* Temperature SN = 4590
* Conductivity SN = 3228
* Number of Bytes Per Scan = 44
* Number of Voltage Words = 5
* Number of Scans Averaged by the Deck Unit = 1
* NMEA Latitude = 39 38.51 N
* NMEA Longitude = 072 47.12 W
* NMEA UTC (Time) = Oct 22 2020  00:40:30
* NMEA baud rate = 4800
** Ship: seawolf
** Station: 5.4
** Operator: EIH
# nquan = 31
# nvalues = 119                         
# units = specified
# name 0 = depSM: Depth [salt water, m]
# name 1 = t090C: Temperature [ITS-90, deg C]
# name 2 = sal00: Salinity, Practical [PSU]
# name 3 = density00: Density [density, kg/m^3]
# name 4 = sbeox0V: Oxygen raw, SBE 43 [V]
# name 5 = sbeox0ML/L: Oxygen, SBE 43 [ml/l]
# name 6 = sbeox0PS: Oxygen, SBE 43 [% saturation]
# name 7 = sbox0dV/dT: Oxygen, SBE 43 [dov/dt]
# name 8 = oxsolML/L: Oxygen Saturation, Garcia & Gordon [ml/l]
# name 9 = oxsatML/L: Oxygen Saturation, Weiss [ml/l]
# name 10 = ph: pH
# name 11 = flECO-AFL: Fluorescence, WET Labs ECO-AFL/FL [mg/m^3]
# name 12 = n2satML/L: Nitrogen Saturation [ml/l]
# name 13 = c0S/m: Conductivity [S/m]
# name 14 = cpar: CPAR/Corrected Irradiance [%]
# name 15 = sigma-é00: Density [sigma-theta, kg/m^3]
# name 16 = sigma-t00: Density [sigma-t, kg/m^3 ]
# name 17 = par: PAR/Irradiance, Biospherical/Licor
# name 18 = prDM: Pressure, Digiquartz [db]
# name 19 = pumps: Pump Status
# name 20 = scan: Scan Count
# name 21 = svCM: Sound Velocity [Chen-Millero, m/s]
# name 22 = spar: SPAR, Biospherical/Licor
# name 23 = specc: Specific Conductance [uS/cm]
# name 24 = timeS: Time, Elapsed [seconds]
# name 25 = timeY: Time, System [seconds]
# name 26 = accM: Acceleration [m/s^2]
# name 27 = dz/dtM: Descent Rate [m/s]
# name 28 = latitude: Latitude [deg]
# name 29 = longitude: Longitude [deg]
# name 30 = flag: flag
# span 0 =      1.981,     60.530       
# span 1 =    14.1417,    18.5224       
# span 2 =    33.3266,    34.1520       
# span 3 =  1023.8914,  1025.5448       
# span 4 =     1.8311,     2.5108       
# span 5 =     3.8541,     5.2907       
# span 6 =     66.100,     98.133       
# span 7 =   -0.05940,    0.03010       
# span 8 =    5.34776,    5.83133       
# span 9 =    5.33914,    5.82753       
# span 10 =      8.256,      8.444      
# span 11 =     0.1616,     0.5068      
# span 12 =    9.80574,   10.61122      
# span 13 =   4.086733,   4.543581      
# span 14 = -6.768e+03, 1.1287e+05      
# span 15 =    23.8827,    25.2748      
# span 16 =    23.8826,    25.2729      
# span 17 = -9.552e-03, 1.1984e-01      
# span 18 =      2.000,     61.000      
# span 19 =          1,          1      
# span 20 =         29,      13534      
# span 21 =    1503.60,    1517.08      
# span 22 = -2.542e-01, 4.3424e+00      
# span 23 =  51052.447,  52201.814      
# span 24 =      1.153,    563.885      
# span 25 = 1603327233, 1603327795      
# span 26 =      -0.40,       0.44      
# span 27 =     -0.832,      0.848      
# span 28 =   39.64168,   39.64190      
# span 29 =  -72.78630,  -72.78543      
# span 30 = 0.0000e+00, 0.0000e+00      
# interval = decibars: 1                
# start_time = Oct 22 2020 00:40:31 [System UTC, first data scan.]
# bad_flag = -9.990e-29
*END*
[from data line 94]
     25.800    18.1843    33.7443  1024.3796     2.4506     5.1543     95.575    0.00033    5.39298    5.38458      8.399     0.4500    9.88504   4.461675 3.1164e-11    24.2664    24.2653 1.0000e-12     26.000          1       8559    1515.33 3.5744e+00  51652.010    356.584 1603327588      -0.03     -0.227   39.64176  -72.78602 0.0000e+00
     24.804    18.1888    33.7279  1024.3616     2.4530     5.1591     95.670    0.00008    5.39258    5.38417      8.398     0.3992    9.88459   4.460056 3.3010e-11    24.2528    24.2517 1.0000e-12     25.000          1       9199    1515.31 3.3682e+00  51628.888    383.258 1603327615       0.04     -0.312   39.64175  -72.78605 0.0000e+00
     23.821    18.1969    33.7148  1024.3452     2.4560     5.1672     95.808    0.00051    5.39324    5.38482      8.400     0.3686    9.88589   4.459246 2.5845e-11    24.2406    24.2396 1.0000e-12     24.000          1      10088    1515.30 4.0235e+00  51609.851    420.296 1603327652      -0.07     -0.299   39.64174  -72.78611 0.0000e+00
     22.821    18.1977    33.7088  1024.3360     2.4579     5.1745     95.942    0.00121    5.39339    5.38498      8.403     0.3711    9.88614   4.458452 2.6805e-11    24.2358    24.2349 1.0000e-12     23.000          1      10030    1515.28 3.9495e+00  51601.140    417.884 1603327649      -0.19     -0.614   39.64174  -72.78611 0.0000e+00
     21.829    18.1929    33.7020  1024.3276     2.4580     5.1679     95.815   -0.00080    5.39359    5.38518      8.426     0.3744    9.88656   4.457224 2.7479e-11    24.2317    24.2308 1.0000e-12     22.000          1      10127    1515.24 3.9495e+00  51591.631    421.917 1603327653      -0.09     -0.393   39.64174  -72.78612 0.0000e+00
     20.842    18.1924    33.6979  1024.3202     2.4600     5.1773     95.983    0.00074    5.39400    5.38558      8.425     0.3506    9.88733   4.456619 2.5998e-11    24.2287    24.2278 1.0000e-12     21.000          1      10197    1515.22 3.9495e+00  51585.613    424.846 1603327656      -0.17     -0.508   39.64174  -72.78612 0.0000e+00
     19.843    18.1934    33.6900  1024.3095     2.4625     5.1865     96.150    0.00155    5.39425    5.38584      8.409     0.3573    9.88778   4.455745 2.6379e-11    24.2224    24.2215 1.0000e-12     20.000          1      10234    1515.20 3.9495e+00  51574.154    426.367 1603327658       0.05     -0.644   39.64174  -72.78612 0.0000e+00
     18.855    18.1915    33.6825  1024.2998     2.4650     5.1928     96.262    0.00165    5.39448    5.38607      8.424     0.3797    9.88818   4.454602 2.8750e-11    24.2170    24.2162 1.0000e-12     19.000          1      10327    1515.17 3.9495e+00  51563.569    430.261 1603327662      -0.10     -0.223   39.64174  -72.78612 0.0000e+00
     17.862    18.1894    33.6802  1024.2942     2.4670     5.1978     96.334    0.00161    5.39558    5.38717      8.441     0.3631    9.89012   4.454126 2.8132e-11    24.2158    24.2150 1.0000e-12     18.000          1      10396    1515.14 3.9495e+00  51560.076    433.134 1603327664      -0.11     -0.560   39.64174  -72.78612 0.0000e+00
     16.871    18.1849    33.6732  1024.2856     2.4669     5.1920     96.224   -0.00010    5.39578    5.38738      8.444     0.3226    9.89051   4.452732 -9.990e-29    24.2115    24.2108 1.0000e-12     17.000          1      10434    1515.11 3.5360e+00  51550.367    434.726 1603327666      -0.07     -0.608   39.64174  -72.78612 0.0000e+00
     15.873    18.1818    33.6671  1024.2772     2.4684     5.1976     96.328    0.00052    5.39577    5.38737      8.442     0.3309    9.89049   4.451728 9.9999e+04    24.2076    24.2069 1.0000e-12     16.000          1      10480    1515.07 2.2995e+00  51541.728    436.631 1603327668       0.12     -0.539   39.64174  -72.78613 0.0000e+00
     14.893    18.1809    33.6643  1024.2710     2.4707     5.2012     96.410    0.00043    5.39490    5.38648      8.396     0.3221    9.88906   4.451311 1.1877e+04    24.2056    24.2049 1.0000e-12     15.000          1      10588    1515.05 2.5626e+00  51537.456    441.107 1603327672      -0.25     -0.128   39.64173  -72.78614 0.0000e+00
     13.889    18.1830    33.6629  1024.2649     2.4718     5.2019     96.488    0.00093    5.39127    5.38282      8.408     0.2643    9.88304   4.451304 7.6060e+02    24.2040    24.2034 1.0000e-12     14.000          1      10615    1515.04 3.7088e+00  51534.902    442.257 1603327674      -0.17     -0.647   39.64172  -72.78614 0.0000e+00
     12.900    18.2132    33.6611  1024.2517     2.4723     5.1981     96.461    0.00023    5.38877    5.38030      8.412     0.2711    9.87889   4.454186 9.8267e+04    24.1951    24.1946 1.0000e-12     13.000          1      10678    1515.11 5.5243e-02  51529.893    444.894 1603327676       0.13     -0.346   39.64172  -72.78614 0.0000e+00
     11.908    18.2536    33.6606  1024.2370     2.4728     5.1976     96.436   -0.00034    5.38963    5.38117      8.438     0.2572    9.88034   4.457873 1.7653e+03    24.1847    24.1842 1.0000e-12     12.000          1      10796    1515.21 3.5909e+00  51525.980    449.778 1603327681      -0.17     -0.223   39.64172  -72.78614 0.0000e+00
     10.914    18.2355    33.6606  1024.2370     2.4733     5.2001     96.493    0.00044    5.38902    5.38055      8.398     0.2713    9.87939   4.456027 8.9728e+04    24.1891    24.1887 1.0000e-12     11.000          1      10867    1515.14 3.8696e-01  51526.666    452.735 1603327684       0.01     -0.417   39.64172  -72.78614 0.0000e+00
      9.926    18.2552    33.6502  1024.2198     2.4746     5.2007     96.520    0.00009    5.38821    5.37972      8.399     0.2164    9.87812   4.456699 8.1725e+04    24.1763    24.1758 1.0000e-12     10.000          1      10976    1515.17 3.0864e+00  51510.542    457.287 1603327689      -0.05     -0.150   39.64172  -72.78615 0.0000e+00
      8.925    18.2568    33.6461  1024.2119     2.4755     5.2055     96.587    0.00050    5.38939    5.38091      8.400     0.1948    9.88013   4.456316 3.6011e+04    24.1727    24.1724 1.0000e-12      9.000          1      11062    1515.15 2.2011e+00  51504.377    460.891 1603327692      -0.11     -0.483   39.64172  -72.78616 0.0000e+00
      7.939    18.1785    33.6016  1024.1928     2.4780     5.2226     96.658   -0.00051    5.40317    5.39479      8.412     0.1744    9.90371   4.443214 -6.768e+03    24.1579    24.1576 1.0000e-12      8.000          1      12339    1514.85 4.3424e+00  51448.385    514.063 1603327745      -0.14     -0.276   39.64171  -72.78623 0.0000e+00
      6.940    18.1658    33.5958  1024.1870     2.4790     5.2338     96.727    0.00007    5.41083    5.40249      8.409     0.1895    9.91703   4.441208 2.7935e-11    24.1565    24.1562 1.0000e-12      7.000          1      12379    1514.79 3.9495e+00  51440.748    515.733 1603327747      -0.15     -0.669   39.64170  -72.78624 0.0000e+00
      5.954    18.0768    33.5096  1024.1385     2.4881     5.2671     97.298    0.00260    5.41341    5.40509      8.442     0.2140    9.92147   4.421957 2.5862e-11    24.1123    24.1121 1.0000e-12      6.000          1      12473    1514.42 3.9495e+00  51328.485    519.659 1603327751      -0.00     -0.256   39.64170  -72.78624 0.0000e+00
      4.963    18.0641    33.5142  1024.1407     2.4909     5.2583     97.300    0.00087    5.40419    5.39573      8.415     0.2005    9.90743   4.421624 2.6071e-11    24.1189    24.1187 1.0000e-12      5.000          1      12546    1514.37 3.9495e+00  51335.226    522.696 1603327754      -0.01     -0.372   39.64170  -72.78624 0.0000e+00
      3.971    18.1326    33.4270  1024.0529     2.4998     5.2882     97.917    0.00434    5.40070    5.39220      8.382     0.1944    9.90201   4.418010 2.6558e-11    24.0354    24.0353 1.0000e-12      4.000          1      12599    1514.46 3.9495e+00  51210.535    524.902 1603327756      -0.08     -0.457   39.64170  -72.78624 0.0000e+00
      2.974    18.2350    33.3477  1023.9626     2.5023     5.2828     97.839    0.00100    5.39946    5.39095      8.385     0.2046    9.89997   4.418895 3.3101e-01    23.9496    23.9494 1.3073e-02      3.000          1      12677    1514.65 3.9495e+00  51094.468    528.171 1603327759      -0.05     -0.265   39.64170  -72.78624 0.0000e+00
      1.981    18.2635    33.3266  1023.9350     2.5065     5.2813     97.998    0.00047    5.38921    5.38060      8.385     0.1948    9.88310   4.418832 2.2975e+00    23.9264    23.9263 8.3166e-02      2.000          1      13534    1514.69 3.8706e+00  51063.121    563.885 1603327795      -0.10     -0.036   39.64168  -72.78630 0.0000e+00
