CalculateIndicators/WaterTemperature/Data/CTD_NYOS/20200210_C011.cnv
* Sea-Bird SBE 9 Data File:
* FileName = C:\Seabird 9 CTD\Data\2020\202002_offshore\20200210_C011.hex
* Software Version Seasave V 7.23.2
* Temperature SN = 4590
* Conductivity SN = 3228
* Number of Bytes Per Scan = 44
* Number of Voltage Words = 5
* Number of Scans Averaged by the Deck Unit = 1
* NMEA Latitude = 39 28.76 N
* NMEA Longitude = 073 04.00 W
* NMEA UTC (Time) = Feb 10 2020  03:11:54
* NMEA baud rate = 4800
** Ship: rv seawolf
** Station: 6.4
** Operator: sjw
# nquan = 35
# nvalues = 117                         
# units = specified
# name 0 = depSM: Depth [salt water, m]
# name 1 = t090C: Temperature [ITS-90, deg C]
# name 2 = sal00: Salinity, Practical [PSU]
# name 3 = density00: Density [density, kg/m^3]
# name 4 = sbeox0V: Oxygen raw, SBE 43 [V]
# name 5 = sbeox0ML/L: Oxygen, SBE 43 [ml/l]
# name 6 = sbeox0PS: Oxygen, SBE 43 [% saturation]
# name 7 = sbox0dV/dT: Oxygen, SBE 43 [dov/dt]
# name 8 = oxsolML/L: Oxygen Saturation, Garcia & Gordon [ml/l]
# name 9 = oxsatML/L: Oxygen Saturation, Weiss [ml/l]
# name 10 = ph: pH
# name 11 = flECO-AFL: Fluorescence, WET Labs ECO-AFL/FL [mg/m^3]
# name 12 = n2satML/L: Nitrogen Saturation [ml/l]
# name 13 = c0S/m: Conductivity [S/m]
# name 14 = cpar: CPAR/Corrected Irradiance [%]
# name 15 = sigma-é00: Density [sigma-theta, kg/m^3]
# name 16 = sigma-t00: Density [sigma-t, kg/m^3 ]
# name 17 = par: PAR/Irradiance, Biospherical/Licor
# name 18 = prDM: Pressure, Digiquartz [db]
# name 19 = pumps: Pump Status
# name 20 = scan: Scan Count
# name 21 = svCM: Sound Velocity [Chen-Millero, m/s]
# name 22 = spar: SPAR, Biospherical/Licor
# name 23 = specc: Specific Conductance [uS/cm]
# name 24 = timeS: Time, Elapsed [seconds]
# name 25 = timeY: Time, System [seconds]
# name 26 = accM: Acceleration [m/s^2]
# name 27 = dz/dtM: Descent Rate [m/s]
# name 28 = latitude: Latitude [deg]
# name 29 = longitude: Longitude [deg]
# name 30 = gsw_saA0: Absolute Salinity [g/kg]
# name 31 = gsw_densityA0: density, TEOS-10 [density, kg/m^3]
# name 32 = gsw_sigma0A0: density, TEOS-10 [sigma-0, kg/m^3 ]
# name 33 = gsw_ptA0: potential temperature [ITS-90, deg C]
# name 34 = flag: flag
# span 0 =      2.000,     60.000       
# span 1 =     8.5595,     8.6055       
# span 2 =    13.3016,    33.5411       
# span 3 =  1010.2337,  1026.3153       
# span 4 =     2.2250,     4.7988       
# span 5 =     5.6381,    14.4296       
# span 6 =     85.711,    219.297       
# span 7 =   -0.24110,    0.06891       
# span 8 =    6.57302,    7.39728       
# span 9 =    6.57876,    7.39543       
# span 10 =      8.298,      8.312      
# span 11 =     0.3783,     0.7016      
# span 12 =   11.84245,   13.44664      
# span 13 =   1.526038,   3.540012      
# span 14 = -1.866e+04, 1.0997e+05      
# span 15 =    10.2297,    26.0439      
# span 16 =    10.2297,    26.0434      
# span 17 = 1.0000e-12, 1.5101e-04      
# span 18 =      2.014,     60.466      
# span 19 =          0,          1      
# span 20 =        109,      16205      
# span 21 =    1458.11,    1483.79      
# span 22 = -5.148e-01, 6.0419e+00      
# span 23 =  22727.344,  52702.952      
# span 24 =      4.497,    675.168      
# span 25 = 1581304322, 1581304992      
# span 26 =      -0.63,       0.41      
# span 27 =     -0.642,      0.605      
# span 28 =   39.47950,   39.48026      
# span 29 =  -73.06678,  -73.06354      
# span 30 =    13.3724,    33.6996      
# span 31 =  1010.2370,  1026.3182      
# span 32 =    10.2275,    26.0463      
# span 33 =     8.5569,     8.6047      
# span 34 = 0.0000e+00, 0.0000e+00      
# interval = meters: 1                  
# start_time = Feb 10 2020 03:11:57 [System UTC, first data scan.]
# bad_flag = -9.990e-29
*END*
[from data line 83]
     35.000     8.5628    33.5335  1026.1987     2.5097     6.6389    100.901    0.00089    6.57964    6.58547      8.299     0.4340   11.85344   3.536596 9.9102e+04    26.0383    26.0378 1.0000e-12     35.274          1      10241    1483.35 4.6644e-02  52683.057    426.651 1581304744      -0.55     -0.513   39.47998  -73.06483    33.6925  1026.2015    26.0412     8.5592 0.0000e+00
     34.000     8.5620    33.5333  1026.1940     2.5103     6.6339    100.824    0.00022    6.57969    6.58552      8.298     0.4022   11.85354   3.536446 9.9999e+04    26.0382    26.0377 1.0000e-12     34.268          1      10334    1483.33 3.3920e+00  52682.185    430.559 1581304748      -0.09     -0.425   39.47998  -73.06481    33.6922  1026.1968    26.0410     8.5585 0.0000e+00
     33.000     8.5615    33.5330  1026.1893     2.5084     6.6137    100.518   -0.00117    6.57964    6.58547      8.298     0.3783   11.85346   3.536330 -3.637e+03    26.0381    26.0376 1.0000e-12     33.253          1      10424    1483.31 5.2937e+00  52681.214    434.307 1581304751      -0.18     -0.339   39.47998  -73.06478    33.6919  1026.1921    26.0409     8.5581 0.0000e+00
     32.000     8.5620    33.5329  1026.1845     2.5077     6.6172    100.591   -0.00035    6.57832    6.58413      8.298     0.4366   11.85126   3.536335 7.5928e+03    26.0379    26.0374 1.0000e-12     32.248          1      10497    1483.30 4.3942e+00  52680.338    437.336 1581304754       0.00     -0.338   39.48000  -73.06477    33.6919  1026.1874    26.0408     8.5587 0.0000e+00
     31.000     8.5749    33.5340  1026.1788     2.5120     6.6418    101.019    0.00136    6.57478    6.58054      8.299     0.4405   11.84537   3.537640 8.9879e+04    26.0368    26.0363 1.0000e-12     31.242          1      10586    1483.33 4.8292e-01  52678.356    441.026 1581304758      -0.03     -0.402   39.48000  -73.06476    33.6939  1026.1823    26.0403     8.5717 0.0000e+00
     30.000     8.5936    33.5372  1026.1738     2.5197     6.6802    101.611    0.00295    6.57424    6.58000 -9.990e-29     0.4388   11.84447   3.539637 9.9999e+04    26.0364    26.0359 1.0000e-12     30.235          1      10655    1483.39 5.5449e-01  52677.901    443.928 1581304761      -0.16     -0.365   39.48000  -73.06474    33.6977  1026.1778    26.0404     8.5905 0.0000e+00
     29.000     8.5889    33.5378  1026.1704     2.5223     6.6595    101.277   -0.00027    6.57555    6.58132 -9.990e-29     0.4585   11.84665   3.539081 -9.990e-29    26.0376    26.0371 1.0000e-12     29.224          1      10749    1483.36 4.1216e+00  52679.164    447.820 1581304765      -0.06     -0.272   39.48000  -73.06472    33.6967  1026.1732    26.0404     8.5859 0.0000e+00
     28.000     8.5842    33.5363  1026.1654     2.5212     6.6556    101.237   -0.00008    6.57429    6.58004 -9.990e-29     0.4182   11.84455   3.538468 9.9999e+04    26.0371    26.0366 1.0000e-12     28.215          1      10815    1483.32 -2.253e-02  52677.328    450.574 1581304768      -0.35     -0.376   39.48000  -73.06471    33.6952  1026.1682    26.0399     8.5813 0.0000e+00
     27.000     8.5962    33.5373  1026.1597     2.5237     6.6710    101.487    0.00090    6.57320    6.57894      8.302     0.4452   11.84274   3.539671 7.3340e+04    26.0360    26.0356 1.0000e-12     27.210          1      10876    1483.35 1.2959e+00  52675.451    453.133 1581304770       0.09     -0.358   39.48001  -73.06469    33.6969  1026.1631    26.0394     8.5934 0.0000e+00
     26.000     8.6012    33.5382  1026.1551     2.5266     6.6747    101.450   -0.00039    6.57933    6.58516      8.302     0.4744   11.85293   3.540012 6.1814e+04    26.0360    26.0356 1.0000e-12     26.200          1      10989    1483.35 1.8316e+00  52675.036    457.845 1581304775      -0.20     -0.182   39.48002  -73.06468    33.6963  1026.1572    26.0381     8.5985 0.0000e+00
     25.000     8.5595    33.5331  1026.1529     2.5105     6.6129    100.505   -0.00099    6.57967    6.58549      8.299     0.4104   11.85349   3.535772 1.2381e+04    26.0383    26.0380 1.0000e-12     25.196          1      11552    1483.18 4.8218e+00  52676.533    481.279 1581304798      -0.10     -0.215   39.48005  -73.06455    33.6916  1026.1554    26.0408     8.5569 0.0000e+00
     24.000     8.5608    33.5327  1026.1478     2.5111     6.6266    100.711    0.00012    6.57979    6.58562      8.298     0.4199   11.85369   3.535843 1.7973e+03    26.0378    26.0375 1.0000e-12     24.194          1      12646    1483.16 5.1103e+00  52675.055    526.894 1581304844      -0.26     -0.551   39.48009  -73.06433    33.6916  1026.1506    26.0406     8.5583 0.0000e+00
     23.000     8.5608    33.5327  1026.1431     2.5094     6.6126    100.499   -0.00076    6.57983    6.58566      8.298     0.4053   11.85376   3.535804 1.9196e-11    26.0378    26.0374 1.0000e-12     23.175          1      12842    1483.15 5.3824e+00  52674.276    535.023 1581304852       0.11     -0.331   39.48010  -73.06429    33.6916  1026.1459    26.0405     8.5585 0.0000e+00
     22.000     8.5610    33.5326  1026.1385     2.5088     6.6150    100.543   -0.00013    6.57925    6.58507      8.298     0.4304   11.85281   3.535771 1.9678e-11    26.0377    26.0373 1.0000e-12     22.171          1      12902    1483.13 5.2696e+00  52673.511    537.531 1581304855       0.03     -0.402   39.48010  -73.06428    33.6915  1026.1413    26.0405     8.5588 0.0000e+00
     21.000     8.5649    33.5331  1026.1337     2.5096     6.6192    100.627    0.00031    6.57795    6.58375      8.298     0.4349   11.85065   3.536162 3.7956e+04    26.0375    26.0371 1.0000e-12     21.163          1      12970    1483.13 3.0378e+00  52672.648    540.369 1581304857       0.04     -0.355   39.48012  -73.06425    33.6924  1026.1368    26.0405     8.5628 0.0000e+00
     20.000     8.5734    33.5329  1026.1276     2.5109     6.6185    100.652    0.00020    6.57563    6.58140      8.298     0.4297   11.84680   3.536812 1.0504e+05    26.0360    26.0357 1.0000e-12     20.148          1      13050    1483.14 -2.445e-01  52669.827    543.726 1581304861      -0.23     -0.244   39.48012  -73.06424    33.6916  1026.1302    26.0386     8.5714 0.0000e+00
     19.000     8.5784    33.5340  1026.1231     2.5138     6.6406    100.978    0.00154    6.57625    6.58203      8.298     0.4494   11.84783   3.537432 3.0293e+04    26.0361    26.0358 1.0000e-12     19.150          1      13089    1483.15 3.3884e+00  52669.530    545.338 1581304862       0.03     -0.565   39.48012  -73.06423    33.6940  1026.1267    26.0397     8.5764 0.0000e+00
     18.000     8.5870    33.5349  1026.1179     2.5185     6.6558    101.213    0.00162    6.57598    6.58175      8.298     0.4356   11.84737   3.538170 6.1327e+02    26.0354    26.0351 1.0000e-12     18.139          1      13158    1483.16 5.0978e+00  52668.186    548.195 1581304865       0.01     -0.318   39.48012  -73.06421    33.6940  1026.1208    26.0383     8.5852 0.0000e+00
     17.000     8.5855    33.5355  1026.1140     2.5205     6.6498    101.141    0.00056    6.57477    6.58053      8.298     0.4481   11.84534   3.538022 2.1127e-11    26.0361    26.0358 1.0000e-12     17.134          1      13238    1483.14 4.9305e+00  52668.694    551.541 1581304869      -0.33     -0.404   39.48014  -73.06420    33.6944  1026.1167    26.0388     8.5837 0.0000e+00
     16.000     8.5892    33.5368  1026.1099     2.5239     6.6702    101.452    0.00168    6.57472    6.58049      8.299     0.4624   11.84525   3.538525 1.9745e-11    26.0366    26.0363 1.0000e-12     16.117          1      13287    1483.14 5.2680e+00  52669.044    553.581 1581304871       0.09     -0.522   39.48014  -73.06419    33.6967  1026.1133    26.0401     8.5875 0.0000e+00
     15.000     8.5938    33.5382  1026.1057     2.5274     6.6804    101.605    0.00154    6.57484    6.58061      8.301     0.4389   11.84545   3.538982 5.9898e+04    26.0370    26.0367 1.0000e-12     15.120          1      13341    1483.14 1.7804e+00  52669.406    555.854 1581304873      -0.08     -0.446   39.48014  -73.06418    33.6975  1026.1088    26.0400     8.5923 0.0000e+00
     14.000     8.5933    33.5386  1026.1015     2.5319     6.6830    101.641    0.00038    6.57506    6.58082      8.302     0.4416   11.84580   3.538910 1.0664e+05    26.0373    26.0371 1.0000e-12     14.101          1      13451    1483.12 5.8085e+00  52669.399    560.432 1581304878      -0.08     -0.219   39.48014  -73.06415    33.6977  1026.1043    26.0402     8.5919 0.0000e+00
     13.000     8.5916    33.5390  1026.0974     2.5323     6.6843    101.661    0.00037    6.57505    6.58082      8.302     0.4560   11.84579   3.538726 -9.990e-29    26.0378    26.0376 1.0000e-12     13.105          1      13479    1483.10 4.8439e+00  52669.566    561.574 1581304879      -0.46     -0.642   39.48014  -73.06414    33.6979  1026.1002    26.0406     8.5902 0.0000e+00
     12.000     8.5921    33.5391  1026.0928     2.5341     6.6914    101.770    0.00062    6.57506    6.58082      8.302     0.4682   11.84580   3.538747 6.3235e+04    26.0378    26.0376 1.0000e-12     12.094          1      13569    1483.09 2.1022e+00  52668.949    565.341 1581304882      -0.08     -0.277   39.48016  -73.06413    33.6981  1026.0956    26.0407     8.5909 0.0000e+00
     11.000     8.5914    33.5387  1026.0880     2.5345     6.6863    101.688 -4.490e-07    6.57531    6.58108      8.302     0.4719   11.84624   3.538597 9.4957e+04    26.0376    26.0375 1.0000e-12     11.087          1      13648    1483.07 1.3174e+00  52667.949    568.604 1581304886      -0.04     -0.425   39.48016  -73.06410    33.6976  1026.0908    26.0404     8.5903 0.0000e+00
     10.000     8.5885    33.5374  1026.0828     2.5306     6.6629    101.329   -0.00123    6.57553    6.58130      8.302     0.4314   11.84661   3.538142 8.5810e+04    26.0370    26.0369 1.0000e-12     10.081          1      13769    1483.04 8.3366e-01  52666.075    573.683 1581304891      -0.14     -0.346   39.48016  -73.06408    33.6961  1026.0855    26.0396     8.5875 0.0000e+00
      9.000     8.6052    33.5378  1026.0760     2.5307     6.6794    101.618    0.00029    6.57302    6.57876      8.299     0.4341   11.84245   3.539688 -1.866e+04    26.0348    26.0346 1.0000e-12      9.066          1      15833    1483.08 6.0419e+00  52662.183    659.669 1581304977       0.04     -0.327   39.48025  -73.06362    33.6970  1026.0790    26.0378     8.6042 0.0000e+00
      8.000     8.6055    33.5383  1026.0718     2.5337     6.6783    101.594   -0.00007    6.57359    6.57934 -9.990e-29     0.4577   11.84339   3.539703 1.9914e-11    26.0351    26.0350 1.0000e-12      8.062          1      15706    1483.07 5.2143e+00  52662.204    654.396 1581304972       0.06     -0.403   39.48024  -73.06365    33.6973  1026.0746    26.0380     8.6047 0.0000e+00
      7.000     8.6018    33.5383  1026.0677     2.5329     6.6739    101.513   -0.00031    6.57438    6.58013 -9.990e-29     0.4760   11.84469   3.539308 2.0079e-11    26.0356    26.0355 1.0000e-12      7.053          1      15779    1483.04 5.1758e+00  52662.319    657.412 1581304975       0.00     -0.341   39.48024  -73.06363    33.6971  1026.0704    26.0383     8.6011 0.0000e+00
      6.000     8.5972    33.5384  1026.0639     2.5324     6.6744    101.515   -0.00004    6.57488    6.58064 -9.990e-29     0.4418   11.84552   3.538870 2.0794e-11    26.0364    26.0363 1.0000e-12      6.046          1      15848    1483.01 5.0085e+00  52662.872    660.294 1581304977      -0.19     -0.295   39.48025  -73.06362    33.6974  1026.0667    26.0392     8.5966 0.0000e+00
      5.000     8.5939    33.5382  1026.0597     2.5329     6.6774    101.566    0.00024    6.57447    6.58023 -9.990e-29     0.4448   11.84484   3.538496 2.0644e-11    26.0368    26.0367 1.0000e-12      5.042          1      15910    1482.98 5.0436e+00  52662.709    662.868 1581304980      -0.13     -0.410   39.48026  -73.06361    33.6970  1026.0624    26.0394     8.5934 0.0000e+00
      4.000     8.5955    33.5381  1026.0547     2.5350     6.6877    101.722    0.00071    6.57452    6.58028      8.307     0.4718   11.84493   3.538586 2.1362e-11    26.0364    26.0363 1.0000e-12      4.031          1      15983    1482.97 4.8756e+00  52661.469    665.937 1581304983      -0.17     -0.260   39.48026  -73.06360    33.6969  1026.0574    26.0391     8.5951 0.0000e+00
      3.000     8.5949    33.5385  1026.0506     2.5357     6.6831    101.649    0.00001    6.57476    6.58052      8.304     0.4894   11.84531   3.538527 1.9701e-11    26.0368    26.0368 1.0000e-12      3.025          1      16064    1482.95 5.2642e+00  52661.568    669.298 1581304986      -0.07     -0.311   39.48026  -73.06357    33.6974  1026.0533    26.0395     8.5946 0.0000e+00
      2.000     8.5934    33.5387  1026.0464     2.5357     6.6814    101.622   -0.00014    6.57481    6.58057      8.302     0.4739   11.84540   3.538373 6.2968e+03    26.0372    26.0372 1.5101e-04      2.019          1      16205    1482.93 4.6929e+00  52661.528    675.168 1581304992      -0.07     -0.173   39.48026  -73.06354    33.6976  1026.0491    26.0399     8.5932 0.0000e+00
