CalculateIndicators/WaterTemperature/Data/CTD_NYOS/20201027_C26.cnv
* Sea-Bird SBE 9 Data File:
* FileName = C:\Seabird 9 CTD\Data\2020\202010_offshore\20201027_C26.hex
* Software Version Seasave V 7.23.2
* Temperature SN = 4590
* Conductivity SN = 3228
* Number of Bytes Per Scan = 44
* Number of Voltage Words = 5
* Number of Scans Averaged by the Deck Unit = 1
* NMEA Latitude = 39 14.65 N
* NMEA Longitude = 072 17.72 W
* NMEA UTC (Time) = Oct 27 2020  17:27:30
* NMEA baud rate = 4800
** Ship: seawolf
** Station: 4.6
** Operator: EIH
# nquan = 31
# nvalues = 603                         
# units = specified
# name 0 = depSM: Depth [salt water, m]
# name 1 = t090C: Temperature [ITS-90, deg C]
# name 2 = sal00: Salinity, Practical [PSU]
# name 3 = density00: Density [density, kg/m^3]
# name 4 = sbeox0V: Oxygen raw, SBE 43 [V]
# name 5 = sbeox0ML/L: Oxygen, SBE 43 [ml/l]
# name 6 = sbeox0PS: Oxygen, SBE 43 [% saturation]
# name 7 = sbox0dV/dT: Oxygen, SBE 43 [dov/dt]
# name 8 = oxsolML/L: Oxygen Saturation, Garcia & Gordon [ml/l]
# name 9 = oxsatML/L: Oxygen Saturation, Weiss [ml/l]
# name 10 = ph: pH
# name 11 = flECO-AFL: Fluorescence, WET Labs ECO-AFL/FL [mg/m^3]
# name 12 = n2satML/L: Nitrogen Saturation [ml/l]
# name 13 = c0S/m: Conductivity [S/m]
# name 14 = cpar: CPAR/Corrected Irradiance [%]
# name 15 = sigma-é00: Density [sigma-theta, kg/m^3]
# name 16 = sigma-t00: Density [sigma-t, kg/m^3 ]
# name 17 = par: PAR/Irradiance, Biospherical/Licor
# name 18 = prDM: Pressure, Digiquartz [db]
# name 19 = pumps: Pump Status
# name 20 = scan: Scan Count
# name 21 = svCM: Sound Velocity [Chen-Millero, m/s]
# name 22 = spar: SPAR, Biospherical/Licor
# name 23 = specc: Specific Conductance [uS/cm]
# name 24 = timeS: Time, Elapsed [seconds]
# name 25 = timeY: Time, System [seconds]
# name 26 = accM: Acceleration [m/s^2]
# name 27 = dz/dtM: Descent Rate [m/s]
# name 28 = latitude: Latitude [deg]
# name 29 = longitude: Longitude [deg]
# name 30 = flag: flag
# span 0 =      1.961,    300.489       
# span 1 =     9.1237,    20.0007       
# span 2 =    34.8217,    35.8599       
# span 3 =  1024.6710,  1028.6398       
# span 4 =     1.3927,     2.4575       
# span 5 =     2.8977,     4.9494       
# span 6 =     46.079,     95.496       
# span 7 =   -0.03915,    0.03139       
# span 8 =    5.17872,    6.42748       
# span 9 =    5.16899,    6.43279       
# span 10 =      8.312,      8.529      
# span 11 =    -0.0949,     0.3011      
# span 12 =    9.51774,   11.58201      
# span 13 =   3.760697,   4.776121      
# span 14 = -6.746e-08, 1.7609e+01      
# span 15 =    24.6619,    27.2737      
# span 16 =    24.6616,    27.2683      
# span 17 = -1.443e-06, 2.1300e+02      
# span 18 =      2.000,    303.000      
# span 19 =          1,          1      
# span 20 =        285,      40923      
# span 21 =    1491.89,    1521.94      
# span 22 = 1.2094e+03, 3.0969e+03      
# span 23 =  53060.390,  55101.664      
# span 24 =     11.841,   1705.084      
# span 25 = 1603819663, 1603821356      
# span 26 =      -0.98,       1.25      
# span 27 =     -1.311,      1.218      
# span 28 =   39.23785,   39.24425      
# span 29 =  -72.29971,  -72.29542      
# span 30 = 0.0000e+00, 0.0000e+00      
# interval = decibars: 1                
# start_time = Oct 27 2020 17:27:31 [System UTC, first data scan.]
# bad_flag = -9.990e-29
*END*
[from data line 234]
    234.073    10.6381    35.3697  1028.1907     1.4125     2.9142     46.878   -0.00033    6.21655    6.21888      8.438    -0.0517   11.23178   3.916364 4.1508e-14    27.1340    27.1288 1.0000e-12    236.000          1      10931    1496.44 2.4093e+03  54949.427    455.416 1603820106      -0.27      0.494   39.24255  -72.29656 0.0000e+00
    235.071    10.6239    35.3672  1028.1959     1.4119     2.9149     46.868   -0.00023    6.21942    6.22180      8.437    -0.0589   11.23656   3.914905 3.9882e-14    27.1346    27.1295 1.0000e-12    237.000          1      10976    1496.41 2.5079e+03  54949.463    457.303 1603820108       0.27      0.582   39.24254  -72.29656 0.0000e+00
    236.051    10.6064    35.3643  1028.2013     1.4107     2.9132     46.795   -0.00057    6.22547    6.22793      8.436    -0.0498   11.24663   3.913013 3.8859e-14    27.1355    27.1304 1.0000e-12    238.000          1      11038    1496.35 2.5733e+03  54949.487    459.871 1603820111      -0.20      0.350   39.24254  -72.29656 0.0000e+00
    237.049    10.5830    35.3612  1028.2077     1.4089     2.9045     46.645   -0.00120    6.22677    6.22924 -9.990e-29    -0.0658   11.24878   3.910430 3.9227e-14    27.1372    27.1321 1.0000e-12    239.000          1      11075    1496.29 2.5493e+03  54950.410    461.411 1603820112       0.44      0.626   39.24252  -72.29656 0.0000e+00
    238.043    10.5545    35.3578  1028.2147     1.4083     2.9073     46.679   -0.00056    6.22820    6.23070      8.434    -0.0563   11.25118   3.907471 4.0907e-14    27.1396    27.1345 1.0000e-12    240.000          1      11119    1496.20 2.4491e+03  54951.812    463.247 1603820114      -0.11      0.568   39.24252  -72.29657 0.0000e+00
    239.013    10.5431    35.3562  1028.2199     1.4067     2.9045     46.603   -0.00066    6.23243    6.23498      8.424    -0.0652   11.25820   3.906424 4.6347e-14    27.1404    27.1353 1.0000e-12    241.000          1      11191    1496.17 2.1539e+03  54952.443    466.252 1603820117       0.43      0.215   39.24252  -72.29658 0.0000e+00
    240.034    10.5271    35.3536  1028.2254     1.4065     2.9060     46.614   -0.00044    6.23410    6.23667      8.417    -0.0638   11.26098   3.904453 4.6927e-14    27.1413    27.1361 1.0000e-12    242.000          1      11210    1496.13 2.1312e+03  54952.707    467.051 1603820118       0.43      0.821   39.24250  -72.29658 0.0000e+00
    241.002    10.5005    35.3512  1028.2328     1.4054     2.9047     46.563   -0.00058    6.23808    6.24071      8.415    -0.0545   11.26759   3.901902 4.8245e-14    27.1441    27.1389 1.0000e-12    243.000          1      11266    1496.05 2.0726e+03  54955.235    469.373 1603820120      -0.28      0.365   39.24250  -72.29660 0.0000e+00
    242.013    10.4827    35.3489  1028.2388     1.4049     2.9041     46.554   -0.00039    6.23824    6.24087      8.415    -0.0655   11.26786   3.899896 4.6226e-14    27.1454    27.1402 1.0000e-12    244.000          1      11295    1496.00 2.1638e+03  54956.104    470.588 1603820121       0.51      0.729   39.24249  -72.29660 0.0000e+00
    242.993    10.4623    35.3463  1028.2449     1.4047     2.9064     46.577   -0.00013    6.23990    6.24256      8.414    -0.0567   11.27064   3.897868 4.7287e-14    27.1470    27.1418 1.0000e-12    245.000          1      11360    1495.94 2.1166e+03  54957.177    473.276 1603820124      -0.10      0.354   39.24248  -72.29660 0.0000e+00
    243.989    10.4557    35.3452  1028.2497     1.4039     2.9039     46.523   -0.00038    6.24183    6.24451 -9.990e-29    -0.0407   11.27384   3.897174 5.0680e-14    27.1474    27.1421 1.0000e-12    246.000          1      11406    1495.93 1.9733e+03  54957.603    475.191 1603820126       0.37      0.606   39.24248  -72.29660 0.0000e+00
    244.978    10.4449    35.3437  1028.2550     1.4028     2.9010     46.451   -0.00064    6.24525    6.24798 -9.990e-29    -0.0614   11.27953   3.896049 5.0748e-14    27.1481    27.1429 1.0000e-12    247.000          1      11451    1495.91 1.9706e+03  54958.369    477.087 1603820128      -0.20      0.547   39.24247  -72.29661 0.0000e+00
    245.967    10.4302    35.3417  1028.2606     1.4021     2.9028     46.458   -0.00027    6.24817    6.25094 -9.990e-29    -0.0451   11.28438   3.894477 5.0981e-14    27.1492    27.1440 1.0000e-12    248.000          1      11497    1495.87 1.9615e+03  54959.168    478.990 1603820130       0.34      0.506   39.24246  -72.29662 0.0000e+00
    246.965    10.4067    35.3390  1028.2673     1.4016     2.9008     46.423   -0.00040    6.24847    6.25124 -9.990e-29    -0.0586   11.28488   3.891907 5.1364e-14    27.1512    27.1460 1.0000e-12    249.000          1      11530    1495.80 1.9469e+03  54960.712    480.366 1603820131      -0.03      0.733   39.24246  -72.29662 0.0000e+00
    247.951    10.3895    35.3373  1028.2735     1.4010     2.9014     46.423   -0.00016    6.24978    6.25257 -9.990e-29    -0.0530   11.28706   3.890275 4.9794e-14    27.1529    27.1477 1.0000e-12    250.000          1      11586    1495.75 2.0087e+03  54962.380    482.727 1603820133      -0.07      0.389   39.24244  -72.29662 0.0000e+00
    248.937    10.3833    35.3361  1028.2782     1.4011     2.9042     46.459    0.00005    6.25114    6.25395      8.411    -0.0650   11.28932   3.889602 4.9117e-14    27.1531    27.1478 1.0000e-12    251.000          1      11646    1495.74 2.0359e+03  54962.551    485.190 1603820136       0.01      0.400   39.24244  -72.29664 0.0000e+00
    249.934    10.3735    35.3351  1028.2837     1.4012     2.9035     46.449   -0.00009    6.25099    6.25380      8.411    -0.0562   11.28907   3.888629 4.8655e-14    27.1541    27.1488 1.0000e-12    252.000          1      11678    1495.72 2.0553e+03  54963.816    486.522 1603820137       0.38      0.649   39.24244  -72.29664 0.0000e+00
    250.928    10.3711    35.3347  1028.2883     1.4012     2.9048     46.462   -0.00000    6.25198    6.25479      8.410    -0.0580   11.29071   3.888455 5.0287e-14    27.1542    27.1489 1.0000e-12    253.000          1      11720    1495.73 1.9901e+03  54964.330    488.283 1603820139      -0.11      0.599   39.24243  -72.29664 0.0000e+00
    251.914    10.3680    35.3340  1028.2928     1.4005     2.9045     46.428   -0.00017    6.25588    6.25875 -9.990e-29 -9.990e-29   11.29720   3.888127 5.3632e-14    27.1542    27.1489 1.0000e-12    254.000          1      11785    1495.74 1.8646e+03  54964.717    490.990 1603820142       0.31      0.353   39.24242  -72.29664 0.0000e+00
    252.907    10.3532    35.3322  1028.2986     1.3998     2.9020     46.373   -0.00044    6.25803    6.26093      8.409    -0.0658   11.30077   3.886525 5.5585e-14    27.1555    27.1501 1.0000e-12    255.000          1      11824    1495.70 1.7993e+03  54965.848    492.623 1603820143      -0.01      0.613   39.24241  -72.29665 0.0000e+00
    253.902    10.3333    35.3301  1028.3051     1.3992     2.9017     46.356   -0.00037    6.25972    6.26265      8.409    -0.0658   11.30359   3.884426 5.6449e-14    27.1573    27.1520 1.0000e-12    256.000          1      11863    1495.64 1.7718e+03  54967.583    494.236 1603820145       0.01      0.625   39.24240  -72.29666 0.0000e+00
    254.884    10.3139    35.3278  1028.3112     1.3988     2.9030     46.356   -0.00020    6.26242    6.26538      8.407    -0.0511   11.30807   3.882402 5.3777e-14    27.1589    27.1536 1.0000e-12    257.000          1      11916    1495.59 1.8592e+03  54968.925    496.472 1603820147      -0.08      0.408   39.24240  -72.29666 0.0000e+00
    255.888    10.3005    35.3260  1028.3168     1.3985     2.9034     46.348   -0.00022    6.26437    6.26736      8.406    -0.0645   11.31131   3.880984 5.3567e-14    27.1599    27.1545 1.0000e-12    258.000          1      11953    1495.55 1.8669e+03  54969.775    497.990 1603820149       0.12      0.646   39.24239  -72.29666 0.0000e+00
    256.860    10.2843    35.3241  1028.3226     1.3986     2.9073     46.399    0.00018    6.26603    6.26904      8.406    -0.0418   11.31406   3.879270 5.4177e-14    27.1613    27.1559 1.0000e-12    259.000          1      12005    1495.51 1.8458e+03  54971.029    500.185 1603820151      -0.15      0.399   39.24238  -72.29666 0.0000e+00
    257.875    10.2716    35.3228  1028.3285     1.3978     2.9015     46.306   -0.00038    6.26593    6.26894      8.406    -0.0591   11.31390   3.877981 5.4202e-14    27.1625    27.1571 1.0000e-12    260.000          1      12034    1495.48 1.8449e+03  54972.455    501.364 1603820152       0.22      0.744   39.24238  -72.29666 0.0000e+00
    258.841    10.2543    35.3203  1028.3340     1.3968     2.9093     46.262   -0.00071    6.28870    6.29203      8.406    -0.0514   11.35173   3.876126 5.3269e-14    27.1636    27.1582 1.0000e-12    261.000          1      12134    1495.43 1.8773e+03  54973.119    505.531 1603820156       0.50      0.265   39.24236  -72.29668 0.0000e+00
    259.844    10.2350    35.3176  1028.3400     1.3962     2.9066     46.225   -0.00077    6.28804    6.29136      8.406    -0.0524   11.35063   3.873818 5.2781e-14    27.1648    27.1594 1.0000e-12    262.000          1      12153    1495.38 1.8947e+03  54973.887    506.340 1603820157       0.62      0.857   39.24236  -72.29668 0.0000e+00
    260.845    10.1840    35.3112  1028.3486     1.3958     2.9069     46.225   -0.00058    6.28847    6.29179      8.406    -0.0524   11.35135   3.867817 5.2014e-14    27.1687    27.1633 1.0000e-12    263.000          1      12172    1495.20 1.9226e+03  54976.066    507.138 1603820158       0.23      1.194   39.24236  -72.29668 0.0000e+00
    261.837    10.1096    35.3053  1028.3618     1.3956     2.9097     46.249   -0.00028    6.29142    6.29479      8.406    -0.0524   11.35626   3.860594 5.2631e-14    27.1770    27.1716 1.0000e-12    264.000          1      12213    1494.95 1.9003e+03  54983.869    508.854 1603820160      -0.10      0.815   39.24236  -72.29668 0.0000e+00
    262.824    10.0807    35.3013  1028.3683     1.3949     2.9128     46.210   -0.00050    6.30348    6.30701 -9.990e-29    -0.0524   11.37631   3.857626 5.3090e-14    27.1788    27.1734 1.0000e-12    265.000          1      12285    1494.85 1.8837e+03  54984.790    511.824 1603820163       0.16      0.555   39.24234  -72.29669 0.0000e+00
    263.803    10.0488    35.2977  1028.3756     1.3935     2.9182     46.159   -0.00053    6.32202    6.32581 -9.990e-29    -0.0524   11.40705   3.854215 5.0887e-14    27.1815    27.1762 1.0000e-12    266.000          1      12336    1494.75 1.9652e+03  54987.135    513.967 1603820165       0.06      0.438   39.24234  -72.29670 0.0000e+00
    264.806     9.9851    35.2898  1028.3853     1.3927     2.9133     46.079   -0.00095    6.32232    6.32612 -9.990e-29    -0.0366   11.40757   3.846853 4.9986e-14    27.1863    27.1809 1.0000e-12    267.000          1      12366    1494.53 2.0006e+03  54990.034    515.195 1603820166       0.17      0.746   39.24234  -72.29670 0.0000e+00
    265.790     9.8640    35.2804  1028.4038     1.3944     2.9299     46.339    0.00084    6.32270    6.32650      8.408    -0.0631   11.40820   3.834769 4.9451e-14    27.1996    27.1943 1.0000e-12    268.000          1      12416    1494.10 2.0222e+03  55003.089    517.294 1603820168      -0.23      0.468   39.24233  -72.29670 0.0000e+00
    266.789     9.8604    35.2793  1028.4081     1.3956     2.9339     46.403    0.00079    6.32266    6.32646      8.408    -0.0581   11.40815   3.834619 4.9298e-14    27.1994    27.1941 1.0000e-12    269.000          1      12456    1494.10 2.0286e+03  55003.079    518.976 1603820170       0.35      0.592   39.24232  -72.29670 0.0000e+00
    267.768     9.8601    35.2782  1028.4117     1.3957     2.9299     46.339   -0.00006    6.32280    6.32660      8.408    -0.0559   11.40838   3.834693 4.7514e-14    27.1986    27.1932 1.0000e-12    270.000          1      12524    1494.12 2.1047e+03  55002.147    521.807 1603820173       0.00      0.273   39.24232  -72.29672 0.0000e+00
    268.772     9.8592    35.2780  1028.4163     1.3960     2.9323     46.376    0.00016    6.32276    6.32656 -9.990e-29    -0.0526   11.40832   3.834698 4.6607e-14    27.1986    27.1933 1.0000e-12    271.000          1      12559    1494.13 2.1457e+03  55002.737    523.250 1603820174       0.33      0.697   39.24232  -72.29672 0.0000e+00
    269.752     9.8595    35.2775  1028.4204     1.3960     2.9314     46.365   -0.00003    6.32247    6.32627      8.407    -0.0639   11.40784   3.834803 4.5820e-14    27.1982    27.1929 1.0000e-12    272.000          1      12612    1494.14 2.1826e+03  55002.667    525.475 1603820176      -0.26      0.439   39.24230  -72.29672 0.0000e+00
    270.749     9.8603    35.2778  1028.4249 -9.990e-29     2.9345     46.414    0.00028    6.32240    6.32620      8.408    -0.0563   11.40773   3.835002 4.5052e-14    27.1983    27.1929 1.0000e-12    273.000          1      12651    1494.17 2.2197e+03  55003.487    527.063 1603820178       0.50      0.586   39.24230  -72.29672 0.0000e+00
    271.745     9.8616    35.2776  1028.4291 -9.990e-29     2.9363     46.440    0.00031    6.32285    6.32665      8.420    -0.0645   11.40847   3.835177 4.3306e-14    27.1980    27.1925 1.0000e-12    274.000          1      12704    1494.19 2.3124e+03  55003.611    529.304 1603820180       0.25      0.546   39.24230  -72.29673 0.0000e+00
    272.740     9.8592    35.2774  1028.4338 -9.990e-29     2.9362     46.423    0.00003    6.32494    6.32877      8.420    -0.0588   11.41194   3.834991 4.1018e-14    27.1982    27.1928 1.0000e-12    275.000          1      12760    1494.20 2.4393e+03  55004.443    531.628 1603820182       0.20      0.684   39.24228  -72.29674 0.0000e+00
    273.708     9.8548    35.2767  1028.4385     1.3964     2.9392     46.425   -0.00002    6.33104    6.33496      8.428    -0.0591   11.42204   3.834535 3.9832e-14    27.1984    27.1930 1.0000e-12    276.000          1      12823    1494.20 2.5104e+03  55005.014    534.264 1603820185      -0.15      0.274   39.24228  -72.29674 0.0000e+00
    274.717     9.8320    35.2747  1028.4455     1.3970     2.9412     46.460    0.00009    6.33066    6.33458      8.426    -0.0656   11.42142   3.831979 4.0049e-14    27.2007    27.1953 1.0000e-12    277.000          1      12850    1494.13 2.4969e+03  55007.724    535.357 1603820186       0.39      0.728   39.24226  -72.29674 0.0000e+00
    275.704     9.8048    35.2737  1028.4540     1.3988     2.9529     46.613    0.00061    6.33487    6.33885      8.411    -0.0556   11.42840   3.829497 3.9819e-14    27.2046    27.1991 1.0000e-12    278.000          1      12907    1494.04 2.5121e+03  55012.821    537.739 1603820189      -0.01      0.477   39.24226  -72.29675 0.0000e+00
    276.698     9.7798    35.2715  1028.4612     1.4004     2.9614     46.720    0.00078    6.33856    6.34258 -9.990e-29    -0.0628   11.43451   3.826780 3.9177e-14    27.2072    27.2017 1.0000e-12    279.000          1      12962    1493.97 2.5525e+03  55015.810    540.053 1603820191       0.48      0.576   39.24226  -72.29676 0.0000e+00
    277.687     9.7518    35.2699  1028.4693     1.4017     2.9667     46.794    0.00079    6.33997    6.34402 -9.990e-29    -0.0620   11.43685   3.824091 3.8787e-14    27.2106    27.2052 1.0000e-12    280.000          1      13006    1493.88 2.5783e+03  55020.172    541.891 1603820193      -0.17      0.575   39.24224  -72.29676 0.0000e+00
    278.671     9.7433    35.2692  1028.4747     1.4026     2.9680     46.788    0.00018    6.34347    6.34756 -9.990e-29    -0.0516   11.44267   3.823338 3.9113e-14    27.2116    27.2061 1.0000e-12    281.000          1      13058    1493.86 2.5567e+03  55021.736    544.062 1603820195       0.30      0.408   39.24224  -72.29676 0.0000e+00
