CalculateIndicators/WaterTemperature/Data/CTD_NYOS/20201027_C27.cnv
* Sea-Bird SBE 9 Data File:
* FileName = C:\Seabird 9 CTD\Data\2020\202010_offshore\20201027_C27.hex
* Software Version Seasave V 7.23.2
* Temperature SN = 4590
* Conductivity SN = 3228
* Number of Bytes Per Scan = 44
* Number of Voltage Words = 5
* Number of Scans Averaged by the Deck Unit = 1
* NMEA Latitude = 39 27.39 N
* NMEA Longitude = 072 02.37 W
* NMEA UTC (Time) = Oct 27 2020  21:05:56
* NMEA baud rate = 4800
** Ship: seawolf
** Station: 3.5
** Operator: EIH
# nquan = 31
# nvalues = 603                         
# units = specified
# name 0 = depSM: Depth [salt water, m]
# name 1 = t090C: Temperature [ITS-90, deg C]
# name 2 = sal00: Salinity, Practical [PSU]
# name 3 = density00: Density [density, kg/m^3]
# name 4 = sbeox0V: Oxygen raw, SBE 43 [V]
# name 5 = sbeox0ML/L: Oxygen, SBE 43 [ml/l]
# name 6 = sbeox0PS: Oxygen, SBE 43 [% saturation]
# name 7 = sbox0dV/dT: Oxygen, SBE 43 [dov/dt]
# name 8 = oxsolML/L: Oxygen Saturation, Garcia & Gordon [ml/l]
# name 9 = oxsatML/L: Oxygen Saturation, Weiss [ml/l]
# name 10 = ph: pH
# name 11 = flECO-AFL: Fluorescence, WET Labs ECO-AFL/FL [mg/m^3]
# name 12 = n2satML/L: Nitrogen Saturation [ml/l]
# name 13 = c0S/m: Conductivity [S/m]
# name 14 = cpar: CPAR/Corrected Irradiance [%]
# name 15 = sigma-é00: Density [sigma-theta, kg/m^3]
# name 16 = sigma-t00: Density [sigma-t, kg/m^3 ]
# name 17 = par: PAR/Irradiance, Biospherical/Licor
# name 18 = prDM: Pressure, Digiquartz [db]
# name 19 = pumps: Pump Status
# name 20 = scan: Scan Count
# name 21 = svCM: Sound Velocity [Chen-Millero, m/s]
# name 22 = spar: SPAR, Biospherical/Licor
# name 23 = specc: Specific Conductance [uS/cm]
# name 24 = timeS: Time, Elapsed [seconds]
# name 25 = timeY: Time, System [seconds]
# name 26 = accM: Acceleration [m/s^2]
# name 27 = dz/dtM: Descent Rate [m/s]
# name 28 = latitude: Latitude [deg]
# name 29 = longitude: Longitude [deg]
# name 30 = flag: flag
# span 0 =      1.971,    300.479       
# span 1 =     9.7545,    19.1678       
# span 2 =    34.2950,    35.7993       
# span 3 =  1024.6762,  1028.5692       
# span 4 =     1.3963,     2.4673       
# span 5 =     2.8969,     5.1386       
# span 6 =     46.502,     96.280       
# span 7 =   -0.03144,    0.01927       
# span 8 =    5.26430,    6.33645       
# span 9 =    5.25518,    6.34045       
# span 10 =      8.297,      8.577      
# span 11 =    -0.0775,     0.4057      
# span 12 =    9.66166,   11.43107      
# span 13 =   3.825205,   4.671599      
# span 14 = -1.644e-04, 3.0483e+01      
# span 15 =    24.6675,    27.2075      
# span 16 =    24.6674,    27.2015      
# span 17 = -3.206e-04, 6.3638e+01      
# span 18 =      2.000,    303.000      
# span 19 =          1,          1      
# span 20 =         68,      36920      
# span 21 =    1494.26,    1519.37      
# span 22 = 1.1829e+02, 2.1132e+02      
# span 23 =  52428.487,  55028.775      
# span 24 =      2.781,   1538.297      
# span 25 = 1603832759, 1603834295      
# span 26 =      -0.95,       0.94      
# span 27 =     -1.014,      1.192      
# span 28 =   39.45365,   39.45648      
# span 29 =  -72.04604,  -72.03966      
# span 30 = 0.0000e+00, 0.0000e+00      
# interval = decibars: 1                
# start_time = Oct 27 2020 21:05:57 [System UTC, first data scan.]
# bad_flag = -9.990e-29
*END*
[from data line 422]
    180.530    13.0573    35.6618  1027.7054     1.5509     3.1431     53.348    0.00104    5.89161    5.88977      8.317    -0.0608   10.69108   4.180010 7.6512e-13    26.8993    26.8942 1.0000e-12    182.000          1      21734    1504.18 1.3198e+02  54907.074    905.551 1603833662      -0.21     -0.502   39.45474  -72.04340 0.0000e+00
    179.531    13.1231    35.6695  1027.6932     1.5547     3.1529     53.517    0.00082    5.89144    5.88959      8.312    -0.0588   10.69076   4.187083 7.3358e-13    26.8919    26.8868 1.0000e-12    181.000          1      22575    1504.39 1.3640e+02  54907.240    940.574 1603833697      -0.12     -0.500   39.45468  -72.04355 0.0000e+00
    178.553    13.1325    35.6723  1027.6891     1.5561     3.1506     53.552    0.00070    5.88317    5.88123      8.308    -0.0598   10.67704   4.188204 6.7885e-13    26.8922    26.8871 1.0000e-12    180.000          1      23462    1504.41 1.4729e+02  54909.228    977.549 1603833734       0.12     -0.423   39.45461  -72.04369 0.0000e+00
    177.560    13.1433    35.6733  1027.6832     1.5584     3.1577     53.700    0.00128    5.88021    5.87823      8.308    -0.0612   10.67212   4.189348 6.8430e-13    26.8907    26.8856 1.0000e-12    179.000          1      23493    1504.43 1.4613e+02  54908.352    978.822 1603833735      -0.24     -0.513   39.45460  -72.04370 0.0000e+00
    176.565    13.1711    35.6735  1027.6732     1.5613     3.1663     53.867    0.00162    5.87793    5.87592      8.308    -0.0602   10.66832   4.192103 6.8150e-13    26.8852    26.8802 1.0000e-12    178.000          1      23534    1504.50 1.4674e+02  54904.045    980.556 1603833737       0.07     -0.587   39.45460  -72.04370 0.0000e+00
    175.587    13.1953    35.6771  1027.6666     1.5664     3.1764     54.103    0.00159    5.87103    5.86894 -9.990e-29    -0.0647   10.65683   4.194863 6.7297e-13    26.8831    26.8780 1.0000e-12    177.000          1      23608    1504.57 1.4860e+02  54904.903    983.609 1603833740      -0.03     -0.199   39.45460  -72.04370 0.0000e+00
    174.578    13.2345    35.6798  1027.6560     1.5688     3.1841     54.245    0.00201    5.86992    5.86782      8.309    -0.0711   10.65499   4.199085 6.7884e-13    26.8771    26.8721 1.0000e-12    176.000          1      23636    1504.69 1.4732e+02  54902.248    984.792 1603833741      -0.27     -0.705   39.45460  -72.04370 0.0000e+00
    173.599    13.2500    35.6839  1027.6516     1.5715     3.1890     54.336    0.00144    5.86904    5.86692      8.312    -0.0451   10.65350   4.200887 6.6600e-13    26.8771    26.8721 1.0000e-12    175.000          1      23682    1504.72 1.5015e+02  54905.089    986.688 1603833743       0.21     -0.541   39.45458  -72.04372 0.0000e+00
    172.598    13.2701    35.6863  1027.6447     1.5734     3.1907     54.376    0.00083    5.86792    5.86579      8.313    -0.0533   10.65164   4.203018 6.7247e-13    26.8748    26.8698 1.0000e-12    174.000          1      23742    1504.78 1.4872e+02  54904.827    989.198 1603833746      -0.21     -0.441   39.45458  -72.04373 0.0000e+00
    171.606    13.2823    35.6880  1027.6391     1.5770     3.2018     54.589    0.00147    5.86532    5.86316      8.312    -0.0589   10.64733   4.204328 6.6205e-13    26.8736    26.8687 1.0000e-12    173.000          1      23815    1504.80 1.5105e+02  54904.907    992.270 1603833749      -0.30     -0.581   39.45458  -72.04374 0.0000e+00
    170.622    13.2966    35.6886  1027.6321     1.5793     3.2056     54.667    0.00112    5.86390    5.86172      8.312    -0.0648   10.64496   4.205749 6.6656e-13    26.8711    26.8661 1.0000e-12    172.000          1      23866    1504.83 1.5002e+02  54902.945    994.385 1603833751       0.13     -0.493   39.45456  -72.04375 0.0000e+00
    169.628    13.3100    35.6900  1027.6260     1.5810     3.2079     54.722    0.00080    5.86213    5.85993      8.312    -0.0566   10.64203   4.207158 6.6116e-13    26.8694    26.8645 1.0000e-12    171.000          1      23916    1504.86 1.5155e+02  54902.417    996.478 1603833753       0.05     -0.482   39.45456  -72.04376 0.0000e+00
    168.643    13.3173    35.6911  1027.6209     1.5839     3.2182     54.922    0.00163    5.85965    5.85742 -9.990e-29    -0.0640   10.63792   4.207925 6.5751e-13    26.8688    26.8639 1.0000e-12    170.000          1      23962    1504.87 1.5207e+02  54902.271    998.391 1603833755      -0.25     -0.476   39.45456  -72.04376 0.0000e+00
    167.637    13.3332    35.6912  1027.6131     1.5886     3.2330     55.194    0.00216    5.85764    5.85539      8.317    -0.0479   10.63458   4.209548 6.5766e-13    26.8655    26.8606 1.0000e-12    169.000          1      24008    1504.91 1.5205e+02  54899.521   1000.281 1603833757      -0.18     -0.616   39.45456  -72.04376 0.0000e+00
    166.654    13.3684    35.6913  1027.6015     1.5972     3.2532     55.613    0.00236    5.84962    5.84727      8.317    -0.0485   10.62124   4.213042 6.5518e-13    26.8584    26.8535 1.0000e-12    168.000          1      24092    1505.01 1.5254e+02  54894.037   1003.793 1603833760      -0.44     -0.503   39.45456  -72.04379 0.0000e+00
    165.659    13.3970    35.6945  1027.5936     1.6009     3.2646     55.833    0.00289    5.84706    5.84468      8.316    -0.0674   10.61697   4.216240 6.4545e-13    26.8550    26.8501 1.0000e-12    167.000          1      24122    1505.09 1.5493e+02  54893.802   1005.055 1603833762      -0.04     -0.770   39.45455  -72.04380 0.0000e+00
    164.670    13.4398    35.7011  1027.5853     1.6076     3.2787     56.132    0.00257    5.84103    5.83857      8.317    -0.0604   10.60694   4.221118 6.5380e-13    26.8512    26.8464 1.0000e-12    166.000          1      24183    1505.22 1.5298e+02  54896.219   1007.588 1603833764       0.14     -0.381   39.45454  -72.04380 0.0000e+00
    163.679    13.4968    35.7056  1027.5723     1.6122     3.2799     56.241    0.00125    5.83178    5.82921      8.318    -0.0559   10.59156   4.227433 6.4902e-13    26.8429    26.8380 1.0000e-12    165.000          1      24252    1505.40 1.5408e+02  54893.676   1010.442 1603833767      -0.34     -0.421   39.45454  -72.04382 0.0000e+00
    162.688    13.5420    35.7094  1027.5614     1.6147     3.2848     56.368    0.00140    5.82745    5.82483      8.319    -0.0539   10.58436   4.232175 6.4403e-13    26.8365    26.8317 1.0000e-12    164.000          1      24292    1505.53 1.5528e+02  54892.087   1012.112 1603833769       0.10     -0.609   39.45454  -72.04382 0.0000e+00
    161.690    13.5865    35.7130  1027.5503     1.6185     3.2992     56.621    0.00227    5.82685    5.82422      8.318    -0.0621   10.58334   4.236996 8.0473e-13    26.8300    26.8252 1.0000e-12    163.000          1      24330    1505.67 1.2579e+02  54890.201   1013.704 1603833770      -0.13     -0.619   39.45454  -72.04383 0.0000e+00
    160.709    13.6222    35.7192  1027.5431     1.6224     3.3019     56.694    0.00087    5.82403    5.82136      8.321    -0.0581   10.57863   4.240864 6.9360e-13    26.8273    26.8225 1.0000e-12    162.000          1      24403    1505.77 1.4577e+02  54893.036   1016.750 1603833773       0.16     -0.236   39.45452  -72.04384 0.0000e+00
    159.706    13.6273    35.7200  1027.5382     1.6244     3.3075     56.823    0.00131    5.82078    5.81808      8.320    -0.0644   10.57325   4.241420 6.5669e-13    26.8269    26.8221 1.0000e-12    161.000          1      24448    1505.77 1.5268e+02  54892.891   1018.640 1603833775      -0.13     -0.540   39.45452  -72.04385 0.0000e+00
    158.729    13.6729    35.7237  1027.5271     1.6289     3.3174     57.019    0.00114    5.81800    5.81526      8.320    -0.0696   10.56863   4.246260 6.3367e-13    26.8202    26.8155 1.0000e-12    160.000          1      24527    1505.91 1.5781e+02  54891.124   1021.933 1603833779      -0.40     -0.208   39.45452  -72.04386 0.0000e+00
    157.728    13.6798    35.7240  1027.5214     1.6312     3.3243     57.137    0.00131    5.81819    5.81546      8.320    -0.0655   10.56899   4.246903 6.4302e-13    26.8190    26.8142 1.0000e-12    159.000          1      24567    1505.92 1.5552e+02  54889.952   1023.586 1603833780       0.10     -0.549   39.45452  -72.04386 0.0000e+00
    156.743    13.6900    35.7238  1027.5146     1.6343     3.3342     57.326    0.00181    5.81618    5.81342      8.320    -0.0639   10.56566   4.247760 6.3790e-13    26.8166    26.8119 1.0000e-12    158.000          1      24611    1505.93 1.5601e+02  54887.723   1025.431 1603833782      -0.44     -0.446   39.45450  -72.04386 0.0000e+00
    155.740    13.6976    35.7209  1027.5062     1.6384     3.3432     57.522    0.00184    5.81212    5.80931      8.338    -0.0509   10.55890   4.248164 6.4087e-13    26.8128    26.8081 1.0000e-12    157.000          1      24661    1505.94 1.5600e+02  54882.058   1027.487 1603833784      -0.20     -0.475   39.45450  -72.04387 0.0000e+00
    154.752    13.7458    35.7252  1027.4950     1.6429     3.3502     57.692    0.00136    5.80708    5.80421      8.385    -0.0621   10.55051   4.253532 6.3872e-13    26.8060    26.8014 1.0000e-12    156.000          1      24734    1506.08 1.5657e+02  54880.812   1030.556 1603833787      -0.02     -0.386   39.45450  -72.04390 0.0000e+00
    153.766    13.7682    35.7276  1027.4876     1.6474     3.3622     57.958    0.00208    5.80117    5.79823      8.386    -0.0602   10.54066   4.255846 6.3622e-13    26.8032    26.7985 1.0000e-12    155.000          1      24795    1506.14 1.5718e+02  54880.437   1033.063 1603833790      -0.24     -0.407   39.45450  -72.04390 0.0000e+00
    152.770    13.8102    35.7326  1027.4781     1.6526     3.3770     58.227    0.00224    5.79968    5.79673      8.381    -0.0639   10.53818   4.260652 6.3971e-13    26.7982    26.7935 1.0000e-12    154.000          1      24849    1506.27 1.5632e+02  54880.973   1035.349 1603833792       0.01     -0.415   39.45449  -72.04391 0.0000e+00
    151.777    13.8493    35.7383  1027.4698     1.6588     3.3906     58.497    0.00194    5.79609    5.79310      8.370    -0.0689   10.53224   4.265059 6.4119e-13    26.7944    26.7898 1.0000e-12    153.000          1      24929    1506.39 1.5596e+02  54883.029   1038.678 1603833795      -0.29     -0.371   39.45448  -72.04392 0.0000e+00
    150.795    13.8766    35.7370  1027.4586     1.6621     3.3932     58.576    0.00092    5.79279    5.78975      8.320    -0.0526   10.52680   4.267497 7.6154e-13    26.7876    26.7830 1.0000e-12    152.000          1      25010    1506.46 1.3426e+02  54876.904   1042.046 1603833799      -0.35     -0.220   39.45448  -72.04393 0.0000e+00
    149.790    13.8890    35.7354  1027.4502     1.6645     3.4013     58.724    0.00140    5.79192    5.78887      8.322    -0.0667   10.52537   4.268472 6.9266e-13    26.7837    26.7791 1.0000e-12    151.000          1      25047    1506.48 1.4660e+02  54872.485   1043.571 1603833800      -0.05     -0.600   39.45448  -72.04394 0.0000e+00
    148.813    13.9085    35.7344  1027.4409     1.6682     3.4086     58.873    0.00106    5.78965    5.78657      8.323    -0.0532   10.52165   4.270238 6.3165e-13    26.7789    26.7743 1.0000e-12    150.000          1      25122    1506.52 1.5802e+02  54868.004   1046.714 1603833803      -0.36     -0.175   39.45447  -72.04394 0.0000e+00
    147.810    13.9240    35.7318  1027.4311     1.6718     3.4182     59.071    0.00146    5.78650    5.78339      8.323    -0.0532   10.51639   4.271467 6.4240e-13    26.7735    26.7690 1.0000e-12    149.000          1      25177    1506.56 1.5569e+02  54861.677   1048.979 1603833806      -0.24     -0.435   39.45446  -72.04395 0.0000e+00
    146.819    13.9454    35.7336  1027.4235     1.6747     3.4211     59.153    0.00077    5.78338    5.78023      8.323    -0.0710   10.51119   4.273815 6.4087e-13    26.7704    26.7659 1.0000e-12    148.000          1      25235    1506.61 1.5603e+02  54860.797   1051.420 1603833808      -0.58     -0.578   39.45446  -72.04396 0.0000e+00
    145.827    13.9717    35.7374  1027.4163     1.6755     3.4214     59.175    0.00066    5.78184    5.77867 -9.990e-29    -0.0565   10.50861   4.276774 6.3454e-13    26.7677    26.7632 1.0000e-12    147.000          1      25275    1506.68 1.5760e+02  54861.856   1053.077 1603833810       0.20     -0.649   39.45446  -72.04396 0.0000e+00
    144.838    13.9851    35.7393  1027.4105     1.6765     3.4217     59.198    0.00043    5.78009    5.77690      8.324    -0.0549   10.50568   4.278244 6.4174e-13    26.7664    26.7619 1.0000e-12    146.000          1      25323    1506.71 1.5582e+02  54862.205   1055.068 1603833812      -0.30     -0.461   39.45446  -72.04397 0.0000e+00
    143.844    14.0022    35.7422  1027.4047     1.6776     3.4234     59.248    0.00049    5.77803    5.77481      8.325    -0.0693   10.50224   4.280184 6.3594e-13    26.7650    26.7605 1.0000e-12    145.000          1      25377    1506.75 1.5725e+02  54863.306   1057.336 1603833814       0.12     -0.428   39.45446  -72.04399 0.0000e+00
    142.857    14.0237    35.7451  1027.3979     1.6795     3.4284     59.357    0.00089    5.77596    5.77273      8.325    -0.0709   10.49881   4.282575 6.3659e-13    26.7626    26.7582 1.0000e-12    144.000          1      25442    1506.81 1.5709e+02  54863.840   1060.052 1603833817      -0.14     -0.401   39.45445  -72.04400 0.0000e+00
    141.862    14.0318    35.7467  1027.3929     1.6802     3.4273     59.353    0.00047    5.77452    5.77126      8.324    -0.0698   10.49640   4.283488 6.3466e-13    26.7621    26.7577 1.0000e-12    143.000          1      25479    1506.82 1.5757e+02  54864.378   1061.598 1603833818      -0.11     -0.620   39.45444  -72.04400 0.0000e+00
    140.868    14.0423    35.7476  1027.3869     1.6806     3.4270     59.354    0.00029    5.77377    5.77050      8.325    -0.0614   10.49514   4.284596 6.3715e-13    26.7605    26.7561 1.0000e-12    142.000          1      25516    1506.84 1.5696e+02  54863.615   1063.110 1603833820       0.03     -0.673   39.45444  -72.04400 0.0000e+00
    139.882    14.0557    35.7492  1027.3809     1.6820     3.4326     59.454    0.00076    5.77354    5.77028      8.326    -0.0705   10.49476   4.286023 6.3032e-13    26.7589    26.7545 1.0000e-12    141.000          1      25560    1506.87 1.5865e+02  54863.520   1064.965 1603833822       0.05     -0.528   39.45444  -72.04400 0.0000e+00
    138.887    14.0606    35.7512  1027.3769     1.6820     3.4296     59.404    0.00015    5.77341    5.77014      8.327    -0.0573   10.49454   4.286614 6.4019e-13    26.7593    26.7550 1.0000e-12    140.000          1      25617    1506.87 1.5623e+02  54864.986   1067.336 1603833824      -0.16     -0.384   39.45444  -72.04402 0.0000e+00
    137.890    14.0603    35.7513  1027.3726     1.6824     3.4290     59.408    0.00010    5.77193    5.76865      8.327    -0.0606   10.49211   4.286514 6.3837e-13    26.7595    26.7552 1.0000e-12    139.000          1      25671    1506.85 1.5665e+02  54864.594   1069.602 1603833826      -0.67     -0.546   39.45444  -72.04402 0.0000e+00
    136.907    14.0692    35.7506  1027.3658     1.6854     3.4402     59.642    0.00148    5.76808    5.76474      8.327    -0.0642   10.48571   4.287334 6.3944e-13    26.7571    26.7528 1.0000e-12    138.000          1      25728    1506.87 1.5639e+02  54861.999   1071.957 1603833828       0.12     -0.397   39.45443  -72.04402 0.0000e+00
