CalculateIndicators/WaterTemperature/Data/CTD_NYOS/20201022_C19.cnv
* Sea-Bird SBE 9 Data File:
* FileName = C:\Seabird 9 CTD\Data\2020\202010_offshore\20201022_C19.hex
* Software Version Seasave V 7.23.2
* Temperature SN = 4590
* Conductivity SN = 3228
* Number of Bytes Per Scan = 44
* Number of Voltage Words = 5
* Number of Scans Averaged by the Deck Unit = 1
* NMEA Latitude = 39 19.82 N
* NMEA Longitude = 072 40.14 W
* NMEA UTC (Time) = Oct 22 2020  03:35:49
* NMEA baud rate = 4800
** Ship: seawolf
** Station: 5.5
** Operator: EIH
# nquan = 31
# nvalues = 217                         
# units = specified
# name 0 = depSM: Depth [salt water, m]
# name 1 = t090C: Temperature [ITS-90, deg C]
# name 2 = sal00: Salinity, Practical [PSU]
# name 3 = density00: Density [density, kg/m^3]
# name 4 = sbeox0V: Oxygen raw, SBE 43 [V]
# name 5 = sbeox0ML/L: Oxygen, SBE 43 [ml/l]
# name 6 = sbeox0PS: Oxygen, SBE 43 [% saturation]
# name 7 = sbox0dV/dT: Oxygen, SBE 43 [dov/dt]
# name 8 = oxsolML/L: Oxygen Saturation, Garcia & Gordon [ml/l]
# name 9 = oxsatML/L: Oxygen Saturation, Weiss [ml/l]
# name 10 = ph: pH
# name 11 = flECO-AFL: Fluorescence, WET Labs ECO-AFL/FL [mg/m^3]
# name 12 = n2satML/L: Nitrogen Saturation [ml/l]
# name 13 = c0S/m: Conductivity [S/m]
# name 14 = cpar: CPAR/Corrected Irradiance [%]
# name 15 = sigma-é00: Density [sigma-theta, kg/m^3]
# name 16 = sigma-t00: Density [sigma-t, kg/m^3 ]
# name 17 = par: PAR/Irradiance, Biospherical/Licor
# name 18 = prDM: Pressure, Digiquartz [db]
# name 19 = pumps: Pump Status
# name 20 = scan: Scan Count
# name 21 = svCM: Sound Velocity [Chen-Millero, m/s]
# name 22 = spar: SPAR, Biospherical/Licor
# name 23 = specc: Specific Conductance [uS/cm]
# name 24 = timeS: Time, Elapsed [seconds]
# name 25 = timeY: Time, System [seconds]
# name 26 = accM: Acceleration [m/s^2]
# name 27 = dz/dtM: Descent Rate [m/s]
# name 28 = latitude: Latitude [deg]
# name 29 = longitude: Longitude [deg]
# name 30 = flag: flag
# span 0 =      1.976,    109.141       
# span 1 =    13.8144,    20.2139       
# span 2 =    33.9049,    35.3314       
# span 3 =  1024.2370,  1026.9718       
# span 4 =     1.7727,     2.5122       
# span 5 =     3.7013,     5.2308       
# span 6 =     63.625,     98.297       
# span 7 =   -0.03130,    0.01580       
# span 8 =    5.15792,    5.83448       
# span 9 =    5.14804,    5.83111       
# span 10 =      8.323,      8.684      
# span 11 =    -0.0540,     0.6683      
# span 12 =    9.48311,   10.60974      
# span 13 =   4.118915,   4.799479      
# span 14 = -8.665e+03, 1.0007e+05      
# span 15 =    24.2283,    26.4856      
# span 16 =    24.2282,    26.4823      
# span 17 = 1.0000e-12, 1.8000e-01      
# span 18 =      2.000,    110.000      
# span 19 =          1,          1      
# span 20 =         69,      21864      
# span 21 =    1503.78,    1522.36      
# span 22 = -3.960e-03, 4.3226e+00      
# span 23 =  51817.065,  54304.142      
# span 24 =      2.849,    910.938      
# span 25 = 1603337753, 1603338661      
# span 26 =      -0.50,       0.60      
# span 27 =     -0.814,      1.129      
# span 28 =   39.33005,   39.33036      
# span 29 =  -72.66934,  -72.66910      
# span 30 = 0.0000e+00, 0.0000e+00      
# interval = decibars: 1                
# start_time = Oct 22 2020 03:35:50 [System UTC, first data scan.]
# bad_flag = -9.990e-29
*END*
      1.979    18.8621    33.9264  1024.2444     2.5106     5.2122     98.007   -0.00179    5.31820    5.30923      8.488     0.1380    9.75882   4.549240 9.3312e+04    24.2357    24.2357 1.8000e-01      2.000          1         69    1517.10 2.6415e-01  51844.166      2.849 1603337753       0.28     -0.068   39.33036  -72.66910 0.0000e+00
      2.977    18.8857    33.9705  1024.2766     2.5122     5.2167     98.202    0.00001    5.31227    5.30327      8.480     0.1268    9.74847   4.556362 2.2216e+04    24.2635    24.2634 4.5424e-02      3.000          1        283    1517.23 3.0721e+00  51903.401     11.746 1603337762       0.17      0.337   39.33034  -72.66910 0.0000e+00
      3.972    18.9206    34.0142  1024.3055     2.5111     5.2086     98.098   -0.00098    5.30960    5.30059      8.477     0.1270    9.74387   4.564997 7.9968e+02    24.2881    24.2879 1.6041e-03      4.000          1        349    1517.40 3.9179e+00  51961.334     14.502 1603337765       0.12      0.593   39.33036  -72.66910 0.0000e+00
      4.962    18.9151    33.9940  1024.2958     2.5107     5.1949     98.140    0.00016    5.29342    5.28433      8.476     0.1370    9.71566   4.562055 6.2750e-03    24.2741    24.2739 2.4783e-04      5.000          1        437    1517.38 3.9495e+00  51934.573     18.173 1603337768      -0.02      0.282   39.33034  -72.66910 0.0000e+00
      5.954    19.0289    34.1275  1024.3733     2.5113     5.1679     98.123   -0.00060    5.26675    5.25751      8.476     0.1163    9.66940   4.592142 3.3819e-05    24.3473    24.3470 1.3357e-06      6.000          1        522    1517.87 3.9495e+00  52109.946     21.688 1603337772       0.15      0.476   39.33034  -72.66910 0.0000e+00
      6.949    19.2239    34.2991  1024.4591     2.5056     5.1434     97.723   -0.00286    5.26328    5.25402 -9.990e-29     0.1313    9.66345   4.630472 2.5343e-11    24.4287    24.4284 1.0000e-12      7.000          1        568    1518.63 3.9495e+00  52332.365     23.629 1603337774      -0.04      0.520   39.33034  -72.66912 0.0000e+00
      7.938    19.3034    34.3534  1024.4846     2.5019     5.1349     97.659   -0.00095    5.25793    5.24864      8.474     0.1073    9.65419   4.644351 2.5560e-11    24.4499    24.4495 1.0000e-12      8.000          1        668    1518.93 3.9495e+00  52402.013     27.802 1603337778      -0.03      0.179   39.33034  -72.66912 0.0000e+00
      8.927    19.3387    34.3806  1024.5007     2.4988     5.1255     97.561   -0.00029    5.25361    5.24430      8.474     0.1099    9.64656   4.651196 2.7998e-11    24.4617    24.4613 1.0000e-12      9.000          1        744    1519.08 3.9495e+00  52437.473     30.949 1603337781       0.18      0.432   39.33034  -72.66912 0.0000e+00
      9.928    19.3601    34.4085  1024.5209     2.4974     5.1194     97.461   -0.00087    5.25276    5.24345 -9.990e-29     0.1345    9.64510   4.656679 2.5439e-11    24.4775    24.4770 1.0000e-12     10.000          1        776    1519.19 3.9495e+00  52474.667     32.304 1603337782       0.11      0.684   39.33034  -72.66912 0.0000e+00
     10.913    19.3821    34.4403  1024.5438     2.4964     5.1071     97.450   -0.00026    5.24078    5.23140      8.473     0.1117    9.62461   4.662582 2.6159e-11    24.4961    24.4956 1.0000e-12     11.000          1        878    1519.30 3.9495e+00  52517.044     36.521 1603337787       0.01      0.261   39.33034  -72.66912 0.0000e+00
     11.905    19.4486    34.4810  1024.5620     2.4975     5.1018     97.497   -0.00053    5.23277    5.22333      8.473     0.1091    9.61091   4.675260 2.8415e-11    24.5101    24.5095 1.0000e-12     12.000          1        939    1519.55 3.9495e+00  52568.989     39.072 1603337789       0.44      0.582   39.33034  -72.66912 0.0000e+00
     12.909    19.5151    34.5127  1024.5735     2.4938     5.0847     97.217   -0.00239    5.23028    5.22083 -9.990e-29     0.1029    9.60666   4.685022 2.5812e-11    24.5171    24.5165 1.0000e-12     13.000          1        968    1519.79 3.9495e+00  52608.611     40.278 1603337790      -0.04      0.819   39.33034  -72.66912 0.0000e+00
     13.893    19.5682    34.5410  1024.5857     2.4921     5.0794     97.263   -0.00011    5.22227    5.21277      8.473     0.1152    9.59298   4.693705 2.5673e-11    24.5251    24.5244 1.0000e-12     14.000          1       1049    1519.99 3.9495e+00  52644.571     43.653 1603337794      -0.10      0.261   39.33034  -72.66912 0.0000e+00
     14.882    19.6607    34.5909  1024.6041     2.4920     5.0547     97.229   -0.00067    5.19876    5.18912      8.477     0.1007    9.55276   4.709361 2.7023e-11    24.5392    24.5385 1.0000e-12     15.000          1       1135    1520.32 3.9495e+00  52707.775     47.239 1603337797       0.20      0.348   39.33034  -72.66912 0.0000e+00
     15.877    19.7162    34.6219  1024.6176     2.4912     5.0502     97.216   -0.00016    5.19479    5.18512 -9.990e-29     0.1000    9.54602   4.719204 2.5326e-11    24.5484    24.5477 1.0000e-12     16.000          1       1170    1520.53 3.9495e+00  52746.985     48.723 1603337799       0.15      0.622   39.33034  -72.66912 0.0000e+00
     16.874    19.8427    34.6899  1024.6408     2.4886     5.0404     97.042   -0.00111    5.19400    5.18433      8.481     0.0953    9.54466   4.740030 2.5320e-11    24.5673    24.5665 1.0000e-12     17.000          1       1214    1520.98 3.9495e+00  52832.739     50.543 1603337801      -0.13      0.557   39.33034  -72.66912 0.0000e+00
     17.859    19.8985    34.7193  1024.6529     2.4863     5.0260     96.979   -0.00034    5.18257    5.17283      8.487     0.0963    9.52516   4.748711 2.7221e-11    24.5752    24.5743 1.0000e-12     18.000          1       1311    1521.18 3.9495e+00  52870.151     54.586 1603337805       0.06      0.166   39.33034  -72.66912 0.0000e+00
     18.851    19.9900    34.7654  1024.6684     2.4815     5.0031     96.629   -0.00281    5.17760    5.16783      8.493     0.1092    9.51671   4.764189 2.5992e-11    24.5863    24.5854 1.0000e-12     19.000          1       1366    1521.50 3.9495e+00  52928.210     56.894 1603337807       0.20      0.459   39.33034  -72.66912 0.0000e+00
     19.851    20.0138    34.7760  1024.6746     2.4811     5.0079     96.714   -0.00077    5.17806    5.16830      8.492     0.1110    9.51747   4.767625 2.5337e-11    24.5882    24.5873 1.0000e-12     20.000          1       1400    1521.60 3.9495e+00  52941.751     58.276 1603337808       0.08      0.692   39.33034  -72.66912 0.0000e+00
     20.836    20.0438    34.7899  1024.6817     2.4815     5.0020     96.790    0.00007    5.16790    5.15807      8.502     0.1084    9.50016   4.772119 2.5844e+04    24.5909    24.5899 1.0000e-12     21.000          1       1475    1521.71 2.1632e+00  52959.453     61.436 1603337812       0.03      0.254   39.33034  -72.66912 0.0000e+00
     21.837    20.1158    34.8257  1024.6943     2.4806     4.9935     96.703   -0.00079    5.16370    5.15385      8.517     0.1260    9.49302   4.784282 1.2427e+03    24.5993    24.5983 1.0000e-12     22.000          1       1526    1521.97 3.8636e+00  53004.740     63.527 1603337814       0.15      0.600   39.33034  -72.66912 0.0000e+00
     22.824    20.1643    34.8462  1024.7014     2.4782     4.9862     96.590   -0.00092    5.16221    5.15235      8.512     0.1406    9.49047   4.791243 2.5313e-11    24.6021    24.6010 1.0000e-12     23.000          1       1583    1522.14 3.9495e+00  53030.372     65.913 1603337816      -0.10      0.413   39.33034  -72.66912 0.0000e+00
     23.813    20.1818    34.8551  1024.7079     2.4782     4.9873     96.665    0.00011    5.15934    5.14946      8.500     0.1321    9.48555   4.793973 2.6054e-11    24.6043    24.6032 1.0000e-12     24.000          1       1660    1522.22 3.9495e+00  53041.990     69.109 1603337819      -0.01      0.276   39.33034  -72.66912 0.0000e+00
     24.808    20.1934    34.8614  1024.7141     2.4775     4.9834     96.617   -0.00029    5.15792    5.14804      8.492     0.1450    9.48311   4.796064 2.8680e-11    24.6061    24.6049 1.0000e-12     25.000          1       1705    1522.27 3.9495e+00  53050.440     71.008 1603337821       0.32      0.552   39.33034  -72.66912 0.0000e+00
     25.804    20.2139    34.8727  1024.7216     2.4768     4.9852     96.591   -0.00037    5.16110    5.15124      8.489     0.1673    9.48845   4.799479 2.5469e-11    24.6094    24.6081 1.0000e-12     26.000          1       1744    1522.36 3.9495e+00  53065.188     72.634 1603337823      -0.12      0.640   39.33034  -72.66912 0.0000e+00
     26.794    20.1915    34.8731  1024.7322     2.4729     4.9826     96.368   -0.00130    5.17034    5.16055      8.422     0.1980    9.50401   4.796946 2.6496e-11    24.6157    24.6143 1.0000e-12     27.000          1       1810    1522.31 3.9495e+00  53067.368     75.393 1603337825      -0.09      0.354   39.33034  -72.66912 0.0000e+00
     27.779    20.0908    34.8490  1024.7449     2.4691     4.9928     96.246   -0.00103    5.18750    5.17781      8.326     0.2403    9.53287   4.782787 2.8196e-11    24.6240    24.6226 1.0000e-12     28.000          1       1896    1522.02 3.9495e+00  53040.550     78.953 1603337829       0.25      0.282   39.33034  -72.66912 0.0000e+00
     28.777    19.9826    34.8260  1024.7602     2.4687     4.9979     96.269   -0.00043    5.19159    5.18193      8.349     0.2560    9.53970   4.769226 2.7069e-11    24.6350    24.6336 1.0000e-12     29.000          1       1927    1521.72 3.9495e+00  53015.625     80.241 1603337830       0.18      0.668   39.33034  -72.66912 0.0000e+00
     29.774    19.9457    34.8177  1024.7680     2.4698     5.0060     96.369    0.00026    5.19460    5.18497      8.361     0.3244    9.54474   4.764662 2.7474e-11    24.6384    24.6369 1.0000e-12     30.000          1       1959    1521.62 3.9495e+00  53006.878     81.573 1603337832      -0.01      0.760   39.33034  -72.66913 0.0000e+00
     30.763    19.8711    34.8070  1024.7839     2.4728     5.0219     96.577    0.00118    5.19991    5.19031      8.379     0.2995    9.55365   4.755814 2.5695e-11    24.6499    24.6484 1.0000e-12     31.000          1       2015    1521.42 3.9495e+00  52997.007     83.915 1603337834      -0.14      0.422   39.33034  -72.66913 0.0000e+00
     31.753    19.7943    34.7949  1024.7991     2.4722     5.0261     96.474   -0.00074    5.20978    5.20026      8.592     0.3068    9.57017   4.746708 2.6441e-11    24.6608    24.6593 1.0000e-12     32.000          1       2096    1521.21 3.9495e+00  52985.327     87.297 1603337837       0.04      0.288   39.33034  -72.66912 0.0000e+00
     32.747    19.7308    34.7888  1024.8155     2.4651     5.0261     96.049   -0.00307    5.23284    5.22348      8.548     0.3786    9.60887   4.739565 2.7003e-11    24.6728    24.6712 1.0000e-12     33.000          1       2149    1521.04 3.9495e+00  52981.086     89.480 1603337840       0.10      0.487   39.33034  -72.66912 0.0000e+00
     33.735    19.6530    34.7746  1024.8293     2.4547     4.9981     95.393   -0.00617    5.23952    5.23021      8.537     0.4577    9.62007   4.728855 2.5921e-11    24.6823    24.6807 1.0000e-12     34.000          1       2193    1520.82 3.9495e+00  52967.025     91.331 1603337841       0.03      0.531   39.33032  -72.66914 0.0000e+00
     34.735    19.4399    34.7369  1024.8603     2.4527     5.0233     95.551   -0.00189    5.25717    5.24799      8.539     0.5067    9.64981   4.703339 2.5837e-11    24.7088    24.7072 1.0000e-12     35.000          1       2232    1520.20 3.9495e+00  52928.524     92.964 1603337843      -0.05      0.614   39.33032  -72.66914 0.0000e+00
     35.723    19.3037    34.7030  1024.8739     2.4160     4.9796     93.045   -0.01644    5.35219    5.34376      8.525     0.5284    9.80929   4.684247 2.5686e-11    24.7180    24.7163 1.0000e-12     36.000          1       2296    1519.79 3.9495e+00  52891.337     95.605 1603337846      -0.03      0.355   39.33032  -72.66914 0.0000e+00
     36.713    18.4175    34.5349  1024.9748     2.3498     4.8320     89.380   -0.02501    5.40598    5.39799      8.507     0.5973    9.89968   4.572276 2.5805e-11    24.8140    24.8124 1.0000e-12     37.000          1       2360    1517.09 3.9495e+00  52720.635     98.299 1603337848       0.05      0.365   39.33032  -72.66914 0.0000e+00
     37.708    17.9854    34.4439  1025.0167     2.3081     4.8375     87.714   -0.02000    5.51552    5.50852      8.507     0.5775   10.08321   4.520234 2.5326e-11    24.8513    24.8497 1.0000e-12     38.000          1       2412    1515.75 3.9495e+00  52627.813    100.470 1603337851      -0.05      0.452   39.33032  -72.66914 0.0000e+00
     38.700    17.2371    34.3064  1025.0970     2.2532     4.7576     84.746   -0.02569    5.61411    5.60805      8.505     0.5753   10.24812   4.426164 2.5920e-11    24.9266    24.9251 1.0000e-12     39.000          1       2464    1513.39 3.9495e+00  52499.352    102.636 1603337853       0.12      0.468   39.33032  -72.66914 0.0000e+00
     39.687    16.5085    34.1989  1025.1913     2.2087     4.6835     82.595   -0.02578    5.67037    5.66488      8.504     0.4740   10.34202   4.343802 8.6595e+03    25.0161    25.0146 1.0000e-12     40.000          1       2505    1511.09 3.0945e+00  52414.427    104.334 1603337854       0.04      0.578   39.33032  -72.66914 0.0000e+00
     40.688    15.9912    34.1237  1025.2568     2.1812     4.5187     81.276   -0.02464    5.55953    5.55295      8.496     0.4855   10.15698   4.283499 6.9576e+04    25.0768    25.0753 1.0000e-12     41.000          1       2535    1509.43 6.4420e-01  52360.493    105.600 1603337856       0.15      0.743   39.33032  -72.66914 0.0000e+00
     41.676    15.9586    34.1240  1025.2675     2.1879     4.6528     82.516   -0.01060    5.64091    5.63519      8.506     0.5778   10.29225   4.281793 5.0328e+04    25.0831    25.0816 1.0000e-12     42.000          1       2610    1509.33 1.8540e+00  52365.855    108.704 1603337859      -0.02      0.438   39.33032  -72.66914 0.0000e+00
     42.660    15.5122    34.0962  1025.3529     2.1451     4.5916     79.192   -0.03130    5.79783    5.79375      8.500     0.3366   10.55372   4.237162 -1.718e+03    25.1637    25.1623 1.0000e-12     43.000          1       2684    1507.95 4.0218e+00  52372.736    111.771 1603337862       0.60      0.555   39.33032  -72.66914 0.0000e+00
     43.665    15.1802    34.0732  1025.4132     2.1213     4.5224     78.079   -0.03048    5.79204    5.78790      8.500     0.3003   10.54406   4.200530 2.5316e-11    25.2193    25.2178 1.0000e-12     44.000          1       2702    1506.89 3.9495e+00  52374.572    112.524 1603337863       0.43      1.026   39.33032  -72.66914 0.0000e+00
     44.663    14.6920    34.0433  1025.5010     2.1000     4.4518     77.337   -0.02591    5.75626    5.75172      8.500     0.3368   10.48473   4.151001 2.5320e-11    25.3023    25.3009 1.0000e-12     45.000          1       2725    1505.32 3.9495e+00  52388.117    113.509 1603337864      -0.12      1.129   39.33032  -72.66914 0.0000e+00
     45.644    14.4506    34.0371  1025.5527     2.0853     4.4684     77.676   -0.01048    5.75308    5.74854      8.503     0.2811   10.47885   4.130224 2.6327e-11    25.3494    25.3480 1.0000e-12     46.000          1       2804    1504.56 3.9495e+00  52407.114    116.792 1603337867      -0.09      0.404   39.33032  -72.66914 0.0000e+00
     46.634    14.2755    34.0698  1025.6197     2.0678     4.4639     76.797   -0.01177    5.81266    5.80880      8.384     0.2005   10.57741   4.118915 2.5315e-11    25.4118    25.4104 1.0000e-12     47.000          1       2880    1504.05 3.9495e+00  52474.097    119.978 1603337870       0.50      0.654   39.33032  -72.66914 0.0000e+00
