CalculateIndicators/WaterTemperature/Data/CTD_NYOS/20201029_C40.cnv
* Sea-Bird SBE 9 Data File:
* FileName = C:\Seabird 9 CTD\Data\2020\202010_offshore\20201029_C40.hex
* Software Version Seasave V 7.23.2
* Temperature SN = 4590
* Conductivity SN = 3228
* Number of Bytes Per Scan = 44
* Number of Voltage Words = 5
* Number of Scans Averaged by the Deck Unit = 1
* NMEA Latitude = 40 42.02 N
* NMEA Longitude = 071 47.54 W
* NMEA UTC (Time) = Oct 29 2020  13:31:40
* NMEA baud rate = 4800
** Ship: seawolf
** Station: 1.2
** Operator: sjw
# nquan = 31
# nvalues = 99                          
# units = specified
# name 0 = depSM: Depth [salt water, m]
# name 1 = t090C: Temperature [ITS-90, deg C]
# name 2 = sal00: Salinity, Practical [PSU]
# name 3 = density00: Density [density, kg/m^3]
# name 4 = sbeox0V: Oxygen raw, SBE 43 [V]
# name 5 = sbeox0ML/L: Oxygen, SBE 43 [ml/l]
# name 6 = sbeox0PS: Oxygen, SBE 43 [% saturation]
# name 7 = sbox0dV/dT: Oxygen, SBE 43 [dov/dt]
# name 8 = oxsolML/L: Oxygen Saturation, Garcia & Gordon [ml/l]
# name 9 = oxsatML/L: Oxygen Saturation, Weiss [ml/l]
# name 10 = ph: pH
# name 11 = flECO-AFL: Fluorescence, WET Labs ECO-AFL/FL [mg/m^3]
# name 12 = n2satML/L: Nitrogen Saturation [ml/l]
# name 13 = c0S/m: Conductivity [S/m]
# name 14 = cpar: CPAR/Corrected Irradiance [%]
# name 15 = sigma-é00: Density [sigma-theta, kg/m^3]
# name 16 = sigma-t00: Density [sigma-t, kg/m^3 ]
# name 17 = par: PAR/Irradiance, Biospherical/Licor
# name 18 = prDM: Pressure, Digiquartz [db]
# name 19 = pumps: Pump Status
# name 20 = scan: Scan Count
# name 21 = svCM: Sound Velocity [Chen-Millero, m/s]
# name 22 = spar: SPAR, Biospherical/Licor
# name 23 = specc: Specific Conductance [uS/cm]
# name 24 = timeS: Time, Elapsed [seconds]
# name 25 = timeY: Time, System [seconds]
# name 26 = accM: Acceleration [m/s^2]
# name 27 = dz/dtM: Descent Rate [m/s]
# name 28 = latitude: Latitude [deg]
# name 29 = longitude: Longitude [deg]
# name 30 = flag: flag
# span 0 =      1.980,     50.610       
# span 1 =    16.9505,    19.7769       
# span 2 =    33.0868,    34.6581       
# span 3 =  1024.0650,  1025.0371       
# span 4 =     2.1116,     2.4496       
# span 5 =     4.3146,     5.2888       
# span 6 =     79.281,     95.435       
# span 7 =   -0.03552,    0.03499       
# span 8 =    5.20709,    5.54331       
# span 9 =    5.19750,    5.53601       
# span 10 =      8.394,      8.553      
# span 11 =     0.0022,     0.4791      
# span 12 =    9.56696,   10.14156      
# span 13 =   4.265763,   4.730441      
# span 14 = 1.5404e-01, 3.2255e+01      
# span 15 =    24.0562,    24.8141      
# span 16 =    24.0560,    24.8121      
# span 17 = 2.1782e-01, 4.2107e+01      
# span 18 =      2.000,     51.000      
# span 19 =          1,          1      
# span 20 =        250,      10978      
# span 21 =    1510.55,    1521.17      
# span 22 = 1.1651e+02, 1.4131e+02      
# span 23 =  50830.456,  52805.427      
# span 24 =     10.386,    457.373      
# span 25 = 1603978311, 1603978758      
# span 26 =      -0.48,       0.57      
# span 27 =     -0.742,      0.792      
# span 28 =   40.70047,   40.70134      
# span 29 =  -71.79346,  -71.79236      
# span 30 = 0.0000e+00, 0.0000e+00      
# interval = decibars: 1                
# start_time = Oct 29 2020 13:31:40 [System UTC, first data scan.]
# bad_flag = -9.990e-29
*END*
[from data line 47]
     48.615    18.8214    34.4568  1024.8655     2.2796     4.6203     85.870   -0.02838    5.38124    5.37300      8.447     0.0238    9.85957   4.604774 1.9356e-01    24.6529    24.6507 2.6793e-01     49.000          1       2947    1518.36 1.3823e+02  52593.561    122.743 1603978423       0.08      0.289   40.70064  -71.79258 0.0000e+00
     49.609    18.0526    34.3045  1024.9460     2.1830     4.4124     80.766   -0.03552    5.46334    5.45579      8.428     0.0338    9.99739   4.509236 1.7605e-01    24.7283    24.7262 2.4366e-01     50.000          1       3024    1515.98 1.3840e+02  52439.048    125.967 1603978426       0.39      0.330   40.70064  -71.79260 0.0000e+00
     50.610    17.0321    34.0936  1025.0371     2.1116     4.3146     79.281   -0.00195    5.44227    5.43453      8.410     0.0335    9.96220   4.389922 1.5404e-01    24.8141    24.8121 2.1782e-01     51.000          1       3649    1512.74 1.4131e+02  52229.657    151.997 1603978452      -0.38      0.340   40.70069  -71.79266 0.0000e+00
     49.602    17.8678    34.2552  1024.9537     2.1831     4.5008     83.785    0.01719    5.37331    5.36500      8.439     0.0247    9.84640   4.494249 1.8187e-01    24.7359    24.7339 2.3412e-01     50.000          1       4508    1515.38 1.2923e+02  52385.250    187.775 1603978488      -0.09     -0.294   40.70077  -71.79275 0.0000e+00
     48.617    18.4282    34.3704  1024.8989     2.2808     4.6999     89.351    0.03499    5.25997    5.25075      8.459     0.0039    9.65612   4.565850 1.9048e-01    24.6859    24.6838 2.4748e-01     49.000          1       4852    1517.13 1.3003e+02  52501.503    202.145 1603978503      -0.20     -0.384   40.70080  -71.79278 0.0000e+00
     47.625    19.2522    34.5195  1024.7998     2.3462     4.8040     91.710    0.02088    5.23827    5.22890      8.469     0.0129    9.61956   4.664847 1.9688e-01    24.5918    24.5896 2.6662e-01     48.000          1       4915    1519.64 1.3545e+02  52650.632    204.759 1603978505      -0.01     -0.303   40.70080  -71.79279 0.0000e+00
     46.631    19.4524    34.5703  1024.7824     2.3723     4.8334     92.377    0.01017    5.23223    5.22281      8.470     0.0213    9.60930   4.689854 2.3360e-01    24.5789    24.5767 2.9405e-01     47.000          1       4976    1520.25 1.2617e+02  52707.232    207.308 1603978508       0.02     -0.432   40.70082  -71.79280 0.0000e+00
     45.642    19.5313    34.5989  1024.7794     2.3835     4.8255     92.507    0.00325    5.21636    5.20684      8.465     0.0217    9.58260   4.699867 2.5596e-01    24.5803    24.5782 3.1928e-01     46.000          1       5040    1520.49 1.2475e+02  52741.030    209.942 1603978510      -0.00     -0.374   40.70082  -71.79280 0.0000e+00
     44.646    19.5684    34.6104  1024.7741     2.3954     4.8611     93.302    0.00751    5.21009    5.20052      8.441     0.0022    9.57203   4.705360 2.7451e-01    24.5794    24.5773 3.4711e-01     45.000          1       5080    1520.59 1.2645e+02  52753.917    211.625 1603978512      -0.36     -0.559   40.70082  -71.79280 0.0000e+00
     43.658    19.7241    34.6440  1024.7549     2.4033     4.8678     93.484    0.00413    5.20709    5.19750      8.444     0.0364    9.56696   4.724570 2.7683e-01    24.5646    24.5625 3.7285e-01     44.000          1       5129    1521.04 1.3469e+02  52790.274    213.669 1603978514       0.23     -0.496   40.70083  -71.79281 0.0000e+00
     42.657    19.7507    34.6536  1024.7508     2.4074     4.8736     93.591    0.00249    5.20733    5.19774      8.447     0.0420    9.56741   4.727833 3.0203e-01    24.5649    24.5629 4.0070e-01     43.000          1       5170    1521.11 1.3269e+02  52801.262    215.359 1603978516      -0.43     -0.594   40.70084  -71.79282 0.0000e+00
     41.672    19.7769    34.6581  1024.7430     2.4082     4.8761     93.509    0.00028    5.21456    5.20501      8.448     0.0626    9.57975   4.730441 3.2913e-01    24.5614    24.5594 4.3865e-01     42.000          1       5224    1521.17 1.3326e+02  52805.427    217.618 1603978518       0.21     -0.454   40.70084  -71.79282 0.0000e+00
     40.681    19.7129    34.6236  1024.7291     2.4064     4.8865     93.366   -0.00087    5.23374    5.22431      8.448     0.0868    9.61253   4.718958 3.6445e-01    24.5518    24.5498 4.8298e-01     41.000          1       5291    1520.94 1.3247e+02  52761.648    220.398 1603978521       0.05     -0.359   40.70084  -71.79283 0.0000e+00
     39.685    19.6115    34.5663  1024.7074     2.4066     4.9091     93.480    0.00098    5.25158    5.24226      8.454     0.0960    9.64299   4.700514 3.9488e-01    24.5344    24.5325 5.2246e-01     40.000          1       5339    1520.57 1.3231e+02  52689.235    222.424 1603978523      -0.46     -0.492   40.70086  -71.79284 0.0000e+00
     38.697    19.4701    34.4953  1024.6856     2.4045     4.9290     93.289   -0.00102    5.28362    5.27451      8.458     0.1093    9.69759   4.677779 4.2034e-01    24.5167    24.5149 5.5614e-01     39.000          1       5385    1520.08 1.3231e+02  52600.336    224.318 1603978525       0.21     -0.557   40.70086  -71.79284 0.0000e+00
     37.697    19.2775    34.3963  1024.6552     2.4059     4.9485     93.460    0.00064    5.29475    5.28571      8.455     0.1248    9.71663   4.644654 4.5695e-01    24.4906    24.4889 6.0459e-01     38.000          1       5425    1519.41 1.3231e+02  52476.613    226.000 1603978526      -0.29     -0.599   40.70086  -71.79284 0.0000e+00
     36.713    18.9819    34.2481  1024.6134     2.4070     4.9768     93.475   -0.00027    5.32425    5.31541      8.456     0.2774    9.76688   4.598301 5.3869e-01    24.4528    24.4512 6.7506e-01     37.000          1       5495    1518.39 1.2561e+02  52292.562    228.910 1603978529       0.02     -0.295   40.70086  -71.79284 0.0000e+00
     35.716    18.7934    34.1569  1024.5870     2.4097     4.9931     93.688    0.00121    5.32946    5.32065      8.470     0.1645    9.77582   4.568682 6.1128e-01    24.4307    24.4291 7.4662e-01     36.000          1       5552    1517.73 1.2224e+02  52179.674    231.290 1603978532       0.06     -0.437   40.70086  -71.79286 0.0000e+00
     34.726    18.6810    34.0925  1024.5618     2.4155     5.0194     93.985    0.00147    5.34059    5.33186      8.477     0.1679    9.79492   4.550699 6.5881e-01    24.4097    24.4082 8.0771e-01     35.000          1       5645    1517.32 1.2259e+02  52098.687    235.186 1603978536       0.01     -0.242   40.70088  -71.79286 0.0000e+00
     33.735    18.5738    34.0221  1024.5305     2.4195     5.0401     94.139    0.00077    5.35394    5.34529      8.471     0.1701    9.81786   4.531801 7.2570e-01    24.3827    24.3812 8.9901e-01     34.000          1       5747    1516.91 1.2388e+02  52009.111    239.403 1603978540      -0.00     -0.244   40.70088  -71.79287 0.0000e+00
     32.746    18.5036    33.9715  1024.5050     2.4192     5.0430     94.057   -0.00050    5.36163    5.35304 -9.990e-29     0.1713    9.83104   4.518864 7.8117e-01    24.3615    24.3600 9.6353e-01     33.000          1       5821    1516.64 1.2340e+02  51944.301    242.511 1603978543      -0.19     -0.323   40.70090  -71.79288 0.0000e+00
     31.746    18.3662    33.8948  1024.4761     2.4146     5.0702     93.686   -0.00358    5.41204    5.40380      8.481     0.1975    9.91708   4.496325 8.4356e-01    24.3369    24.3355 1.0478e+00     32.000          1       7030    1516.13 1.2407e+02  51848.266    292.889 1603978593      -0.21     -0.329   40.70100  -71.79301 0.0000e+00
     30.756    18.0068    33.7051  1024.4151     2.4125     5.1010     93.804   -0.00005    5.43794    5.42988      8.474     0.1829    9.96138   4.437344 9.1963e-01    24.2800    24.2787 1.1673e+00     31.000          1       7277    1514.85 1.2691e+02  51613.525    303.150 1603978604       0.06     -0.382   40.70102  -71.79304 0.0000e+00
     29.768    17.7818    33.5742  1024.3656     2.4142     5.1197     93.901    0.00022    5.45226    5.44430      8.493 -9.990e-29    9.98594   4.400769 1.0041e+00    24.2347    24.2334 1.2893e+00     30.000          1       7376    1514.02 1.2840e+02  51450.054    307.286 1603978608      -0.18     -0.336   40.70102  -71.79304 0.0000e+00
     28.768    17.6972    33.5173  1024.3381     2.4177     5.1339     94.135    0.00128    5.45373    5.44577      8.492     0.2841    9.98850   4.386647 1.1284e+00    24.2115    24.2103 1.4253e+00     29.000          1       7584    1513.69 1.2642e+02  51377.839    315.954 1603978616      -0.08     -0.386   40.70105  -71.79307 0.0000e+00
     27.784    17.5829    33.4408  1024.3027     2.4198     5.1582     94.219    0.00091    5.47473    5.46692      8.430     0.2453   10.02446   4.367246 1.3075e+00    24.1803    24.1792 1.5908e+00     28.000          1       7978    1513.25 1.2157e+02  51280.859    332.368 1603978633      -0.03     -0.210   40.70109  -71.79312 0.0000e+00
     26.792    17.4881    33.3913  1024.2831     2.4220     5.1824     94.347    0.00131    5.49291    5.48524      8.438     0.2684   10.05559   4.351867 1.4627e+00    24.1651    24.1640 1.7503e+00     27.000          1       8022    1512.90 1.1973e+02  51219.731    334.228 1603978635      -0.09     -0.486   40.70110  -71.79312 0.0000e+00
     25.794    17.4261    33.3472  1024.2598     2.4238     5.1893     94.426    0.00119    5.49565    5.48799      8.440     0.3052   10.06025   4.340631 1.5835e+00    24.1462    24.1451 1.9071e+00     26.000          1       8057    1512.65 1.2044e+02  51163.584    335.676 1603978636      -0.18     -0.634   40.70110  -71.79312 0.0000e+00
     24.807    17.3292    33.2882  1024.2333     2.4294     5.2134     94.712    0.00147    5.50447    5.49687      8.445     0.3023   10.07533   4.324847 1.7808e+00    24.1239    24.1229 2.1330e+00     25.000          1       8144    1512.27 1.1983e+02  51089.383    339.285 1603978640       0.10     -0.228   40.70110  -71.79314 0.0000e+00
     23.814    17.2931    33.2641  1024.2190     2.4313     5.2278     94.735    0.00039    5.51834    5.51085      8.449     0.3354   10.09901   4.318481 1.9384e+00    24.1140    24.1131 2.3611e+00     24.000          1       8209    1512.12 1.2180e+02  51058.680    342.011 1603978642      -0.48     -0.521   40.70110  -71.79314 0.0000e+00
     22.817    17.2254    33.2314  1024.2056     2.4321     5.2348     94.770    0.00033    5.52362    5.51617      8.449     0.3588   10.10804   4.307884 2.1508e+00    24.1049    24.1040 2.5997e+00     23.000          1       8242    1511.86 1.2089e+02  51018.509    343.391 1603978644       0.10     -0.742   40.70110  -71.79315 0.0000e+00
     21.828    17.1281    33.1765  1024.1821     2.4355     5.2493     95.003    0.00167    5.52547    5.51803      8.454     0.3728   10.11123   4.292360 2.3878e+00    24.0858    24.0850 2.8791e+00     22.000          1       8301    1511.49 1.2058e+02  50950.241    345.828 1603978646       0.07     -0.391   40.70111  -71.79316 0.0000e+00
     20.842    17.0997    33.1573  1024.1697     2.4378     5.2523     95.005    0.00003    5.52844    5.52102      8.504     0.3863   10.11629   4.287829 2.6321e+00    24.0777    24.0769 3.2107e+00     21.000          1       8363    1511.37 1.2199e+02  50925.590    348.418 1603978649      -0.12     -0.386   40.70112  -71.79316 0.0000e+00
     19.841    17.0842    33.1495  1024.1629     2.4402     5.2673     95.196    0.00141    5.53305    5.52567      8.506     0.4003   10.12417   4.285368 2.9629e+00    24.0754    24.0746 3.5819e+00     20.000          1       8401    1511.30 1.2092e+02  50915.613    349.999 1603978650       0.03     -0.602   40.70112  -71.79316 0.0000e+00
     18.859    17.0677    33.1400  1024.1552     2.4419     5.2692     95.215    0.00043    5.53392    5.52655      8.515     0.4146   10.12566   4.282452 3.2586e+00    24.0719    24.0712 3.9245e+00     19.000          1       8452    1511.22 1.2043e+02  50903.366    352.141 1603978653      -0.09     -0.388   40.70112  -71.79317 0.0000e+00
     17.859    17.0274    33.1180  1024.1433     2.4433     5.2792     95.292    0.00065    5.54002    5.53270      8.536     0.4265   10.13601   4.276379 3.6650e+00    24.0645    24.0638 4.4148e+00     18.000          1       8499    1511.06 1.2046e+02  50875.773    354.065 1603978655       0.11     -0.488   40.70112  -71.79318 0.0000e+00
     16.865    16.9888    33.1016  1024.1354     2.4437     5.2796     95.275    0.00029    5.54139    5.53407      8.498 -9.990e-29   10.13834   4.270527 4.0741e+00    24.0610    24.0603 4.9076e+00     17.000          1       8556    1510.90 1.2046e+02  50855.922    356.444 1603978657      -0.08     -0.461   40.70114  -71.79319 0.0000e+00
     15.882    16.9665    33.0918  1024.1287     2.4455     5.2864     95.397    0.00100    5.54145    5.53414      8.491 -9.990e-29   10.13845   4.267584 4.4723e+00    24.0586    24.0580 5.3873e+00     16.000          1       8610    1510.81 1.2046e+02  50843.722    358.690 1603978659      -0.09     -0.396   40.70114  -71.79320 0.0000e+00
     14.882    16.9673    33.0917  1024.1240     2.4455     5.2834     95.329   -0.00001    5.54228    5.53498      8.495     0.4476   10.13985   4.267643 5.0755e+00    24.0583    24.0577 6.0434e+00     15.000          1       8661    1510.79 1.1909e+02  50842.952    360.827 1603978661       0.07     -0.422   40.70114  -71.79320 0.0000e+00
     13.890    16.9602    33.0897  1024.1197     2.4452     5.2818     95.302   -0.00003    5.54225    5.53495      8.496     0.4548   10.13980   4.266792 5.5944e+00    24.0584    24.0578 6.5931e+00     14.000          1       8749    1510.76 1.1844e+02  50840.250    364.521 1603978665      -0.36     -0.215   40.70114  -71.79320 0.0000e+00
     12.898    16.9601    33.0897  1024.1154     2.4458     5.2833     95.325    0.00005    5.54240    5.53509      8.503     0.4564   10.14005   4.266803 6.2577e+00    24.0584    24.0579 7.3387e+00     13.000          1       8817    1510.74 1.1731e+02  50839.851    367.318 1603978668       0.04     -0.410   40.70114  -71.79321 0.0000e+00
     11.905    16.9594    33.0893  1024.1108     2.4469     5.2854     95.389    0.00044    5.54090    5.53358      8.514     0.4543   10.13753   4.266687 6.8778e+00    24.0582    24.0577 8.0660e+00     12.000          1       8920    1510.72 1.1731e+02  50838.780    371.606 1603978672      -0.13     -0.243   40.70116  -71.79322 0.0000e+00
     10.910    16.9740    33.0924  1024.1053     2.4468     5.2832     95.357    0.00012    5.54048    5.53316      8.516     0.4496   10.13682   4.268483 7.5515e+00    24.0571    24.0567 8.8898e+00     11.000          1       9224    1510.75 1.1776e+02  50841.329    384.301 1603978685      -0.14     -0.231   40.70118  -71.79327 0.0000e+00
      9.920    16.9821    33.0944  1024.1005     2.4469     5.2807     95.338    0.00015    5.53896    5.53163      8.452     0.4313   10.13427   4.269462 8.2061e+00    24.0567    24.0563 9.5620e+00     10.000          1      10544    1510.76 -9.990e-29  50842.935    439.288 1603978740      -0.37     -0.528   40.70130  -71.79340 0.0000e+00
      8.931    16.9870    33.0956  1024.0959     2.4482     5.2847     95.416    0.00058    5.53852    5.53118      8.445     0.4492   10.13352   4.269988 9.2056e+00    24.0564    24.0561 1.0725e+01      9.000          1      10605    1510.76 1.1651e+02  50843.664    441.849 1603978742       0.16     -0.530   40.70130  -71.79342 0.0000e+00
      7.936    16.9923    33.0973  1024.0916     2.4468     5.2766     95.271   -0.00051    5.53851    5.53117      8.447     0.4460   10.13351   4.270665 1.0438e+01    24.0565    24.0562 1.2161e+01      8.000          1      10659    1510.76 1.1651e+02  50845.211    444.074 1603978745       0.04     -0.465   40.70132  -71.79342 0.0000e+00
