CalculateIndicators/WaterTemperature/Data/CTD_NYOS/20201021_C12.cnv
* Sea-Bird SBE 9 Data File:
* FileName = C:\Seabird 9 CTD\Data\2020\202010_offshore\20201021_C12.hex
* Software Version Seasave V 7.23.2
* Temperature SN = 4590
* Conductivity SN = 3228
* Number of Bytes Per Scan = 44
* Number of Voltage Words = 5
* Number of Scans Averaged by the Deck Unit = 1
* NMEA Latitude = 39 49.31 N
* NMEA Longitude = 073 11.92 W
* NMEA UTC (Time) = Oct 21 2020  06:03:13
* NMEA baud rate = 4800
** Ship: seawolf
** Station: 6.3
** Operator: EIH
# nquan = 31
# nvalues = 80                          
# units = specified
# name 0 = depSM: Depth [salt water, m]
# name 1 = t090C: Temperature [ITS-90, deg C]
# name 2 = sal00: Salinity, Practical [PSU]
# name 3 = density00: Density [density, kg/m^3]
# name 4 = sbeox0V: Oxygen raw, SBE 43 [V]
# name 5 = sbeox0ML/L: Oxygen, SBE 43 [ml/l]
# name 6 = sbeox0PS: Oxygen, SBE 43 [% saturation]
# name 7 = sbox0dV/dT: Oxygen, SBE 43 [dov/dt]
# name 8 = oxsolML/L: Oxygen Saturation, Garcia & Gordon [ml/l]
# name 9 = oxsatML/L: Oxygen Saturation, Weiss [ml/l]
# name 10 = ph: pH
# name 11 = flECO-AFL: Fluorescence, WET Labs ECO-AFL/FL [mg/m^3]
# name 12 = n2satML/L: Nitrogen Saturation [ml/l]
# name 13 = c0S/m: Conductivity [S/m]
# name 14 = cpar: CPAR/Corrected Irradiance [%]
# name 15 = sigma-é00: Density [sigma-theta, kg/m^3]
# name 16 = sigma-t00: Density [sigma-t, kg/m^3 ]
# name 17 = par: PAR/Irradiance, Biospherical/Licor
# name 18 = prDM: Pressure, Digiquartz [db]
# name 19 = pumps: Pump Status
# name 20 = scan: Scan Count
# name 21 = svCM: Sound Velocity [Chen-Millero, m/s]
# name 22 = spar: SPAR, Biospherical/Licor
# name 23 = specc: Specific Conductance [uS/cm]
# name 24 = timeS: Time, Elapsed [seconds]
# name 25 = timeY: Time, System [seconds]
# name 26 = accM: Acceleration [m/s^2]
# name 27 = dz/dtM: Descent Rate [m/s]
# name 28 = latitude: Latitude [deg]
# name 29 = longitude: Longitude [deg]
# name 30 = flag: flag
# span 0 =      0.988,     40.698       
# span 1 =    12.3675,    18.0888       
# span 2 =    32.8262,    33.6716       
# span 3 =  1023.6467,  1025.0347       
# span 4 =     1.5969,     2.4874       
# span 5 =     3.3312,     5.2776       
# span 6 =     54.999,     97.141       
# span 7 =   -0.12655,    0.08244       
# span 8 =    5.41852,    6.06062       
# span 9 =    5.41020,    6.05885       
# span 10 =      8.301,      8.615      
# span 11 =     0.0809,     0.5412      
# span 12 =    9.93079,   11.00264      
# span 13 =   3.816432,   4.446833      
# span 14 = -6.786e+04, 1.1322e+05      
# span 15 =    23.6380,    24.8514      
# span 16 =    23.6379,    24.8504      
# span 17 = -1.176e-03, 4.5613e-01      
# span 18 =      1.000,     41.000      
# span 19 =          1,          1      
# span 20 =          1,      10933      
# span 21 =    1496.19,    1515.06      
# span 22 = -3.870e-01, 6.3226e+00      
# span 23 =  50463.245,  51566.663      
# span 24 =     -0.007,    455.496      
# span 25 = 1603260195, 1603260650      
# span 26 =      -0.51,       0.26      
# span 27 =     -0.959,      0.686      
# span 28 =   39.82135,   39.82199      
# span 29 =  -73.19942,  -73.19877      
# span 30 = 0.0000e+00, 0.0000e+00      
# interval = decibars: 1                
# start_time = Oct 21 2020 06:03:15 [System UTC, first data scan.]
# bad_flag = -9.990e-29
*END*
      1.979    18.0404    32.8782  1023.6467     2.4874     5.2776     97.093    0.00024    5.43566    5.42727      8.358     0.3678    9.96495   4.344484 1.1322e+05    23.6380    23.6379 3.1618e-01      2.000          1          1    1513.53 -3.870e-01  50463.245     -0.007 1603260195       0.22     -0.239   39.82199  -73.19877 0.0000e+00
      2.979    18.0295    32.8989  1023.6696     2.4859     5.2723     96.982   -0.00081    5.43640    5.42802      8.358     0.2124    9.96584   4.345778 7.7945e+04    23.6565    23.6564 5.1803e-02      3.000          1        352    1513.54 6.4539e-01  50492.926     14.628 1603260209       0.10      0.294   39.82196  -73.19880 0.0000e+00
      3.971    18.0219    32.9120  1023.6859     2.4844     5.2705     96.941   -0.00050    5.43680    5.42843 -9.990e-29     0.2099    9.96641   4.346666 7.9337e+03    23.6684    23.6682 1.2977e-02      4.000          1        452    1513.55 3.5973e+00  50511.924     18.803 1603260214      -0.03      0.304   39.82196  -73.19880 0.0000e+00
      4.954    18.0200    32.9213  1023.6978     2.4861     5.2687     97.141    0.00137    5.42377    5.41534      8.363     0.2594    9.94357   4.348000 -2.992e-02    23.6760    23.6758 -1.176e-03      5.000          1        595    1513.57 3.9533e+00  50525.069     24.730 1603260220       0.24      0.143   39.82196  -73.19880 0.0000e+00
      5.959    18.0888    33.0063  1023.7506     2.4848     5.2618     96.976   -0.00059    5.42594    5.41752      8.363     0.2698    9.94726   4.364809 2.5847e-11    23.7243    23.7241 1.0000e-12      6.000          1        624    1513.88 3.9495e+00  50638.028     25.946 1603260221       0.06      0.592   39.82196  -73.19880 0.0000e+00
      6.945    18.0830    33.0259  1023.7713     2.4825     5.2632     96.868   -0.00086    5.43342    5.42508      8.364     0.2688    9.95942   4.366050 2.5256e-11    23.7408    23.7405 1.0000e-12      7.000          1        723    1513.91 3.9495e+00  50665.553     30.077 1603260225      -0.07      0.166   39.82195  -73.19882 0.0000e+00
      7.938    17.9861    33.0470  1023.8154     2.4783     5.2589     96.683   -0.00098    5.43930    5.43104      8.368     0.2959    9.96874   4.359086 2.5320e-11    23.7805    23.7802 1.0000e-12      8.000          1        801    1513.66 3.9495e+00  50701.576     33.317 1603260228       0.14      0.406   39.82194  -73.19882 0.0000e+00
      8.932    17.9434    33.0878  1023.8615     2.4781     5.2622     96.732   -0.00011    5.43994    5.43169      8.368     0.2815    9.96973   4.359916 2.5320e-11    23.8222    23.8218 1.0000e-12      9.000          1        857    1513.60 3.9495e+00  50761.141     35.650 1603260230      -0.06      0.414   39.82194  -73.19882 0.0000e+00
      9.923    17.9282    33.1008  1023.8795     2.4774     5.2605     96.702   -0.00031    5.43993    5.43168      8.367     0.2872    9.96938   4.360092 3.3613e+04    23.8359    23.8355 1.0000e-12     10.000          1        942    1513.59 2.6018e+00  50780.506     39.225 1603260234      -0.02      0.243   39.82194  -73.19882 0.0000e+00
     10.916    17.9195    33.1332  1023.9108     2.4730     5.2415     96.417   -0.00175    5.43623    5.42799      8.369     0.2967    9.96259   4.363334 6.5283e+04    23.8628    23.8624 1.0000e-12     11.000          1       1018    1513.61 1.1567e+00  50826.038     42.358 1603260237       0.07      0.397   39.82194  -73.19884 0.0000e+00
     11.906    17.9242    33.1790  1023.9491     2.4707     5.2342     96.357   -0.00097    5.43214    5.42387 -9.990e-29     0.3117    9.95540   4.369358 -2.123e+03    23.8968    23.8963 1.0000e-12     12.000          1       1074    1513.70 4.0403e+00  50889.050     44.698 1603260240       0.01      0.424   39.82194  -73.19884 0.0000e+00
     12.902    17.9577    33.2221  1023.9784     2.4694     5.2253     96.332   -0.00040    5.42426    5.41595      8.368     0.2977    9.94150   4.377716 2.5320e-11    23.9217    23.9211 1.0000e-12     13.000          1       1130    1513.86 3.9495e+00  50946.272     47.061 1603260242      -0.07      0.404   39.82194  -73.19884 0.0000e+00
     13.888    18.0040    33.2933  1024.0260     2.4626     5.1927     95.832   -0.00359    5.41852    5.41020      8.365     0.3158    9.93109   4.391330 2.5320e-11    23.9649    23.9643 1.0000e-12     14.000          1       1201    1514.09 3.9495e+00  51041.106     49.993 1603260245       0.13      0.335   39.82194  -73.19886 0.0000e+00
     14.889    18.0502    33.3731  1024.0802     2.4594     5.1932     95.785   -0.00190    5.42173    5.41344      8.368     0.3032    9.93636   4.404637 2.5320e-11    24.0147    24.0141 1.0000e-12     15.000          1       1241    1514.34 3.9495e+00  51147.818     51.682 1603260247       0.02      0.568   39.82193  -73.19886 0.0000e+00
     15.873    18.0189    33.3940  1024.1082     2.4625     5.2190     96.177    0.00182    5.42645    5.41823      8.373     0.2878    9.94356   4.403789 2.5320e-11    24.0385    24.0378 1.0000e-12     16.000          1       1308    1514.29 3.9495e+00  51179.141     54.447 1603260249      -0.04      0.295   39.82192  -73.19886 0.0000e+00
     16.872    17.9691    33.4400  1024.1600     2.4441     5.1432     94.665   -0.00907    5.43308    5.42492      8.368     0.4780    9.95461   4.404360 2.5320e-11    24.0859    24.0852 1.0000e-12     17.000          1       1356    1514.21 3.9495e+00  51246.205     56.457 1603260251      -0.02      0.498   39.82192  -73.19886 0.0000e+00
     17.860    17.8846    33.4595  1024.1999     2.4273     5.1131     94.226   -0.00273    5.42652    5.41832      8.363     0.5021    9.94320   4.398223 2.5714e-11    24.1214    24.1207 1.0000e-12     18.000          1       1429    1514.00 3.9495e+00  51279.502     59.489 1603260254       0.01      0.286   39.82192  -73.19886 0.0000e+00
     18.852    17.8994    33.4886  1024.2229     2.4515     5.2234     96.260    0.01182    5.42632    5.41813      8.370     0.3233    9.94263   4.403995 2.5308e-11    24.1401    24.1393 1.0000e-12     19.000          1       1482    1514.09 3.9495e+00  51318.674     61.723 1603260257       0.09      0.462   39.82192  -73.19886 0.0000e+00
     19.849    17.9559    33.5232  1024.2401     2.4587     5.2228     96.210    0.00477    5.42852    5.42036      8.372     0.3141    9.94619   4.413122 9.5320e+04    24.1529    24.1521 1.0000e-12     20.000          1       1524    1514.31 6.1616e-01  51362.571     63.473 1603260258      -0.02      0.569   39.82192  -73.19888 0.0000e+00
     20.838    17.9003    33.5350  1024.2671     2.4593     5.2069     95.974    0.00004    5.42533    5.41714      8.370     0.3083    9.94066   4.409036 7.6176e+04    24.1755    24.1746 1.0000e-12     21.000          1       1583    1514.18 8.9788e-01  51383.195     65.934 1603260261      -0.04      0.384   39.82192  -73.19888 0.0000e+00
     21.828    17.9245    33.5593  1024.2842     2.4564     5.1958     95.766   -0.00146    5.42548    5.41730      8.372     0.3143    9.94075   4.414527 -5.486e+03    24.1883    24.1874 1.0000e-12     22.000          1       1651    1514.30 4.1687e+00  51415.309     68.754 1603260264      -0.00      0.344   39.82192  -73.19888 0.0000e+00
     22.823    17.9215    33.5650  1024.2936     2.4534     5.1874     95.637   -0.00133    5.42409    5.41590 -9.990e-29     0.3835    9.93828   4.414684 2.6107e-11    24.1933    24.1924 1.0000e-12     23.000          1       1694    1514.31 3.9495e+00  51423.709     70.551 1603260265       0.26      0.554   39.82190  -73.19889 0.0000e+00
     23.820    17.9220    33.5823  1024.3112     2.4496     5.1747     95.408   -0.00212    5.42381    5.41562      8.374     0.3850    9.93780   4.417051 2.5805e-11    24.2065    24.2056 1.0000e-12     24.000          1       1734    1514.35 3.9495e+00  51447.956     72.219 1603260267      -0.10      0.613   39.82190  -73.19890 0.0000e+00
     24.802    17.9321    33.5945  1024.3224     2.4446     5.1657     95.257   -0.00091    5.42288    5.41469      8.388     0.3649    9.93619   4.419398 2.5214e-11    24.2134    24.2124 1.0000e-12     25.000          1       1820    1514.41 3.9495e+00  51464.332     75.793 1603260271       0.05      0.148   39.82190  -73.19890 0.0000e+00
     25.802    17.9357    33.5965  1024.3275     2.4447     5.1654     95.305   -0.00030    5.41987    5.41167      8.408     0.3770    9.93079   4.420069 2.5320e-11    24.2142    24.2131 1.0000e-12     26.000          1       1864    1514.44 3.9495e+00  51467.372     77.619 1603260272       0.03      0.542   39.82190  -73.19890 0.0000e+00
     26.789    17.9426    33.6164  1024.3455     2.4314     5.1115     94.305   -0.00661    5.42015    5.41196      8.378     0.4520    9.93111   4.423435 2.6956e-11    24.2277    24.2266 1.0000e-12     27.000          1       1918    1514.50 3.9495e+00  51494.714     79.862 1603260275       0.00      0.423   39.82190  -73.19890 0.0000e+00
     27.786    17.9556    33.6506  1024.3729     2.4122     5.0527     93.196   -0.00981    5.42156    5.41338      8.378     0.4455    9.93349   4.428396 2.5863e-11    24.2508    24.2496 1.0000e-12     28.000          1       1963    1514.59 3.9495e+00  51540.907     81.742 1603260277      -0.02      0.535   39.82190  -73.19890 0.0000e+00
     28.775    17.9372    33.6489  1024.3805     2.3986     5.0310     92.785   -0.00570    5.42224    5.41407      8.374     0.4265    9.93464   4.426392 3.9851e+04    24.2540    24.2528 1.0000e-12     29.000          1       2016    1514.55 2.2927e+00  51540.478     83.974 1603260279       0.03      0.432   39.82190  -73.19891 0.0000e+00
     29.768    17.9299    33.6469  1024.3852     2.3944     5.0341     92.837   -0.00156    5.42246    5.41428      8.371     0.4152    9.93501   4.425526 1.0132e+05    24.2544    24.2531 1.0000e-12     30.000          1       2074    1514.54 -5.030e-02  51538.861     86.364 1603260281      -0.07      0.401   39.82190  -73.19892 0.0000e+00
     30.761    17.9290    33.6469  1024.3898     2.3909     5.0307     92.670   -0.00183    5.42860    5.42048      8.369     0.4282    9.94532   4.425508 -9.990e-29    24.2546    24.2533 1.0000e-12     31.000          1       2125    1514.56 2.3650e+00  51539.366     88.486 1603260283       0.17      0.497   39.82190  -73.19892 0.0000e+00
     31.752    17.9219    33.6440  1024.3937     2.3791     4.9825     91.860   -0.00601    5.42402    5.41587      8.364     0.3847    9.93745   4.424318 -9.990e-29    24.2541    24.2528 1.0000e-12     32.000          1       2165    1514.55 3.9627e+00  51536.376     90.181 1603260285      -0.02      0.594   39.82190  -73.19892 0.0000e+00
     32.748    17.8702    33.6409  1024.4083     2.3697     4.9569     91.412   -0.00593    5.42253    5.41437      8.367     0.3793    9.93492   4.419149 2.5320e-11    24.2644    24.2630 1.0000e-12     33.000          1       2208    1514.41 3.9495e+00  51536.432     91.946 1603260287      -0.05      0.576   39.82190  -73.19892 0.0000e+00
     33.738    17.9189    33.6652  1024.4194     2.3678     5.0388     91.701   -0.00080    5.49511    5.48757      8.366     0.3607   10.05707   4.426853 2.5320e-11    24.2712    24.2698 1.0000e-12     34.000          1       2269    1514.60 3.9495e+00  51566.663     94.500 1603260289      -0.06      0.385   39.82189  -73.19892 0.0000e+00
     34.722    17.8189    33.6222  1024.4151     2.2339     4.7362     81.065   -0.06613    5.84037    5.83616      8.317     0.2392   10.63491   4.407800 2.5320e-11    24.2625    24.2611 1.0000e-12     35.000          1       2336    1514.27 3.9495e+00  51516.095     97.273 1603260292       0.16      0.330   39.82188  -73.19892 0.0000e+00
     35.725    16.2713    33.2962  1024.5327     2.0487     3.9824     67.666   -0.12655    5.88734    5.88365      8.330     0.1956   10.71347   4.208500 1.9052e+04    24.3746    24.3733 1.0000e-12     36.000          1       2367    1509.24 3.1433e+00  51195.670     98.591 1603260293       0.13      0.686   39.82188  -73.19894 0.0000e+00
     36.715    14.3649    33.0756  1024.7880     1.8760     3.6857     61.874   -0.08760    5.95726    5.95433      8.481     0.1670   10.83026   4.010706 7.3763e+04    24.6241    24.6230 1.0000e-12     37.000          1       2416    1503.00 8.5379e-01  51085.785    100.620 1603260295      -0.13      0.506   39.82188  -73.19894 0.0000e+00
     37.705    13.3292    32.9147  1024.8827     1.7315     3.5368     59.018   -0.02942    5.99274    5.99019      8.514     0.1577   10.88966   3.901313 6.7093e+04    24.7136    24.7126 1.0000e-12     38.000          1       2506    1499.45 1.2826e+00  50987.544    104.372 1603260299       0.05      0.208   39.82188  -73.19896 0.0000e+00
     38.699    12.9640    32.8601  1024.9173     1.6624     3.4330     56.766   -0.01424    6.04772    6.04581      8.414     0.1061   10.98103   3.864103 4.1431e+04    24.7435    24.7425 1.0000e-12     39.000          1       2612    1498.18 2.3133e+00  50960.319    108.812 1603260304       0.11      0.233   39.82188  -73.19896 0.0000e+00
     39.693    12.6439    32.8519  1024.9782     1.6311     3.3705     55.616   -0.00925    6.06027    6.05851      8.615     0.1045   11.00185   3.835295 8.5961e+04    24.7997    24.7986 1.0000e-12     40.000          1       2686    1497.11 4.0760e-01  50993.379    111.872 1603260307       0.10      0.440   39.82188  -73.19896 0.0000e+00
     40.698    12.3675    32.8499  1025.0347     1.5969     3.3312     54.999    0.00496    6.05697    6.05514      8.592     0.0809   10.99682   3.816432 -6.786e+04    24.8514    24.8504 1.0000e-12     41.000          1       4152    1496.19 6.3226e+00  51030.220    172.974 1603260368      -0.36      0.175   39.82181  -73.19906 0.0000e+00
     39.687    12.5705    32.8370  1024.9809     1.6142     3.3683     55.577    0.00131    6.06062    6.05885      8.547     0.0939   11.00264   3.831543 2.8642e+04    24.8023    24.8013 1.0000e-12     40.000          1       3694    1496.85 2.7902e+00  50982.794    153.873 1603260349      -0.19     -0.239   39.82183  -73.19904 0.0000e+00
     38.699    12.7287    32.8262  1024.9373     1.6351     3.4120     57.113    0.00942    5.97397    5.97119      8.370     0.1100   10.85877   3.845814 -7.517e+02    24.7633    24.7623 1.0000e-12     39.000          1       4108    1497.35 3.9793e+00  50945.176    171.105 1603260366       0.00     -0.491   39.82182  -73.19908 0.0000e+00
     37.704    13.1866    32.8490  1024.8602     1.6863     3.5442     59.955    0.01495    5.91218    5.90872      8.333     0.1311   10.75549   3.891458 2.6778e-11    24.6910    24.6900 1.0000e-12     38.000          1       4192    1498.89 3.9495e+00  50914.650    174.618 1603260369      -0.15     -0.375   39.82181  -73.19908 0.0000e+00
     36.708    13.6803    32.9109  1024.8033     1.7591     3.7691     64.579    0.03187    5.83736    5.83312      8.301     0.1608   10.63021   3.945992 2.5878e-11    24.6389    24.6379 1.0000e-12     37.000          1       4273    1500.58 3.9495e+00  50938.279    178.006 1603260373      -0.02     -0.540   39.82180  -73.19908 0.0000e+00
     35.726    15.2254    33.1473  1024.6530     2.0099     4.3317     79.206    0.08244    5.46517    5.45731      8.353     0.2714   10.00733   4.123153 2.5285e-11    24.4942    24.4930 1.0000e-12     36.000          1       4388    1505.81 3.9495e+00  51092.445    182.807 1603260378      -0.31     -0.202   39.82180  -73.19910 0.0000e+00
     34.727    17.2091    33.4605  1024.4364     2.2432     4.8844     89.971    0.07462    5.42920    5.42107      8.374     0.3660    9.94660   4.345773 2.5320e-11    24.2833    24.2819 1.0000e-12     35.000          1       4455    1512.26 3.9495e+00  51341.896    185.602 1603260380       0.00     -0.310   39.82180  -73.19910 0.0000e+00
