CalculateIndicators/WaterTemperature/Data/CTD_NYOS/20201028_C34.cnv
* Sea-Bird SBE 9 Data File:
* FileName = C:\Seabird 9 CTD\Data\2020\202010_offshore\20201028_C34.hex
* Software Version Seasave V 7.23.2
* Temperature SN = 4590
* Conductivity SN = 3228
* Number of Bytes Per Scan = 44
* Number of Voltage Words = 5
* Number of Scans Averaged by the Deck Unit = 1
* NMEA Latitude = 40 17.09 N
* NMEA Longitude = 071 58.53 W
* NMEA UTC (Time) = Oct 28 2020  18:18:31
* NMEA baud rate = 4800
** Ship: seawolf
** Station: 2.3
** Operator: EIH
# nquan = 31
# nvalues = 115                         
# units = specified
# name 0 = depSM: Depth [salt water, m]
# name 1 = t090C: Temperature [ITS-90, deg C]
# name 2 = sal00: Salinity, Practical [PSU]
# name 3 = density00: Density [density, kg/m^3]
# name 4 = sbeox0V: Oxygen raw, SBE 43 [V]
# name 5 = sbeox0ML/L: Oxygen, SBE 43 [ml/l]
# name 6 = sbeox0PS: Oxygen, SBE 43 [% saturation]
# name 7 = sbox0dV/dT: Oxygen, SBE 43 [dov/dt]
# name 8 = oxsolML/L: Oxygen Saturation, Garcia & Gordon [ml/l]
# name 9 = oxsatML/L: Oxygen Saturation, Weiss [ml/l]
# name 10 = ph: pH
# name 11 = flECO-AFL: Fluorescence, WET Labs ECO-AFL/FL [mg/m^3]
# name 12 = n2satML/L: Nitrogen Saturation [ml/l]
# name 13 = c0S/m: Conductivity [S/m]
# name 14 = cpar: CPAR/Corrected Irradiance [%]
# name 15 = sigma-é00: Density [sigma-theta, kg/m^3]
# name 16 = sigma-t00: Density [sigma-t, kg/m^3 ]
# name 17 = par: PAR/Irradiance, Biospherical/Licor
# name 18 = prDM: Pressure, Digiquartz [db]
# name 19 = pumps: Pump Status
# name 20 = scan: Scan Count
# name 21 = svCM: Sound Velocity [Chen-Millero, m/s]
# name 22 = spar: SPAR, Biospherical/Licor
# name 23 = specc: Specific Conductance [uS/cm]
# name 24 = timeS: Time, Elapsed [seconds]
# name 25 = timeY: Time, System [seconds]
# name 26 = accM: Acceleration [m/s^2]
# name 27 = dz/dtM: Descent Rate [m/s]
# name 28 = latitude: Latitude [deg]
# name 29 = longitude: Longitude [deg]
# name 30 = flag: flag
# span 0 =      1.960,     58.568       
# span 1 =    16.7007,    17.3159       
# span 2 =    33.0123,    34.1987       
# span 3 =  1023.9553,  1025.0941       
# span 4 =     1.9721,     2.4021       
# span 5 =     3.9795,     5.1424       
# span 6 =     71.588,     93.138       
# span 7 =   -0.06302,    0.05004       
# span 8 =    5.47276,    5.55875       
# span 9 =    5.46531,    5.55174       
# span 10 =      8.332,      8.687      
# span 11 =     0.0267,     0.3309      
# span 12 =   10.01281,   10.16419      
# span 13 =   4.272801,   4.427280      
# span 14 = 3.8413e-13, 3.1706e+01      
# span 15 =    23.9467,    24.8363      
# span 16 =    23.9466,    24.8340      
# span 17 = 1.0000e-12, 5.7532e+01      
# span 18 =      2.000,     59.000      
# span 19 =          1,          1      
# span 20 =        177,      13011      
# span 21 =    1510.78,    1513.72      
# span 22 = 1.5566e+02, 2.7483e+02      
# span 23 =  50710.373,  52358.632      
# span 24 =      7.315,    542.100      
# span 25 = 1603909119, 1603909654      
# span 26 =      -1.02,       1.36      
# span 27 =     -1.013,      1.303      
# span 28 =   40.28488,   40.28534      
# span 29 =  -71.97544,  -71.97283      
# span 30 = 0.0000e+00, 0.0000e+00      
# interval = decibars: 1                
# start_time = Oct 28 2020 18:18:32 [System UTC, first data scan.]
# bad_flag = -9.990e-29
*END*
[from data line 94]
     21.828    17.1782    33.0171  1024.0481     2.3913     5.1158     92.650   -0.00166    5.52160    5.51407      8.467     0.2879   10.10627   4.279550 2.3150e+00    23.9518    23.9509 4.5716e+00     22.000          1       9940    1511.46 1.9747e+02  50727.200    414.134 1603909526      -1.01     -0.684   40.28518  -71.97344 0.0000e+00
     20.823    17.1774    33.0167  1024.0436     2.3928     5.1223     92.767   -0.00081    5.52166    5.51412      8.461     0.2907   10.10636   4.279390 2.5955e+00    23.9517    23.9509 5.1354e+00     21.000          1       9984    1511.44 1.9785e+02  50726.215    415.966 1603909528      -0.28     -0.905   40.28518  -71.97342 0.0000e+00
     19.843    17.1779    33.0177  1024.0398     2.3944     5.1293     92.892    0.00020    5.52174    5.51420      8.445     0.2619   10.10650   4.279537 2.8757e+00    23.9523    23.9515 5.6903e+00     20.000          1      10069    1511.43 1.9789e+02  50727.087    419.493 1603909531      -0.42     -0.589   40.28518  -71.97341 0.0000e+00
     18.850    17.1769    33.0166  1024.0348     2.3940     5.1280     92.869    0.00036    5.52179    5.51425      8.456     0.3149   10.10660   4.279247 3.1699e+00    23.9516    23.9509 6.2895e+00     19.000          1      10132    1511.41 1.9843e+02  50725.075    422.118 1603909534      -0.18     -0.476   40.28518  -71.97339 0.0000e+00
     17.851    17.1764    33.0162  1024.0302     2.3943     5.1289     92.882    0.00051    5.52191    5.51438      8.466     0.2965   10.10681   4.279142 3.4530e+00    23.9514    23.9507 6.8814e+00     18.000          1      10188    1511.39 1.9928e+02  50724.116    424.451 1603909536      -0.15     -0.672   40.28518  -71.97338 0.0000e+00
     16.875    17.1744    33.0149  1024.0253     2.3952     5.1278     92.861   -0.00019    5.52201    5.51448      8.465     0.2874   10.10698   4.278729 3.9158e+00    23.9508    23.9501 7.7547e+00     17.000          1      10278    1511.36 1.9799e+02  50721.940    428.195 1603909540      -0.08     -0.170   40.28520  -71.97337 0.0000e+00
     15.879    17.1744    33.0144  1024.0204     2.3940     5.1229     92.771   -0.00057    5.52205    5.51451      8.463     0.2836   10.10705   4.278642 4.2198e+00    23.9504    23.9497 8.4168e+00     16.000          1      10318    1511.35 1.9947e+02  50720.707    429.878 1603909542      -0.23     -0.541   40.28520  -71.97336 0.0000e+00
     14.881    17.1740    33.0140  1024.0158     2.3957     5.1307     92.913    0.00049    5.52204    5.51450      8.460     0.2956   10.10703   4.278522 4.8316e+00    23.9501    23.9496 9.2502e+00     15.000          1      10364    1511.33 1.9172e+02  50719.755    431.794 1603909544       0.11     -0.504   40.28520  -71.97335 0.0000e+00
     13.914    17.1741    33.0137  1024.0112     2.3962     5.1294     92.890    0.00017    5.52200    5.51446      8.458     0.2949   10.10695   4.278453 5.0269e+00    23.9499    23.9493 1.0015e+01     14.000          1      10477    1511.31 1.9925e+02  50718.847    436.503 1603909548      -0.33     -0.025   40.28520  -71.97334 0.0000e+00
     12.895    17.1741    33.0139  1024.0069     2.3976     5.1385     93.055    0.00163    5.52203    5.51449      8.458     0.2959   10.10701   4.278438 5.5625e+00    23.9500    23.9495 1.0984e+01     13.000          1      10485    1511.30 1.9746e+02  50718.590    436.853 1603909549      -0.80     -0.760   40.28520  -71.97333 0.0000e+00
     11.887    17.1743    33.0145  1024.0028     2.3974     5.1338     92.969    0.00036    5.52202    5.51448      8.450     0.3057   10.10699   4.278489 6.4295e+00    23.9503    23.9499 1.2643e+01     12.000          1      10542    1511.28 1.9668e+02  50718.913    439.221 1603909551      -0.27     -0.973   40.28521  -71.97331 0.0000e+00
     10.897    17.1746    33.0148  1023.9986     2.3968     5.1297     92.896   -0.00023    5.52198    5.51444      8.440     0.3038   10.10693   4.278495 7.0047e+00    23.9505    23.9501 1.3712e+01     11.000          1      10838    1511.26 1.9579e+02  50718.843    451.558 1603909563      -0.07     -0.865   40.28523  -71.97326 0.0000e+00
      9.915    17.1738    33.0137  1023.9935     2.3985     5.1316     92.932   -0.00057    5.52192    5.51438      8.440     0.3067   10.10682   4.278263 6.7494e+00    23.9498    23.9494 1.2219e+01     10.000          1      12115    1511.24 1.8053e+02  50716.812    504.760 1603909617      -0.34     -0.456   40.28529  -71.97299 0.0000e+00
      8.932    17.1745    33.0149  1023.9899     2.3985     5.1341     92.975    0.00038    5.52203    5.51450      8.440     0.3285   10.10701   4.278438 7.3955e+00    23.9505    23.9501 1.2781e+01      9.000          1      12437    1511.23 1.7286e+02  50717.956    518.163 1603909630       0.01     -0.264   40.28531  -71.97293 0.0000e+00
      7.942    17.1744    33.0150  1023.9856     2.3975     5.1261     92.832   -0.00089    5.52195    5.51441      8.440     0.3258   10.10686   4.278381 8.0308e+00    23.9505    23.9502 1.3617e+01      8.000          1      12513    1511.21 1.6948e+02  50717.572    521.342 1603909633      -0.19     -0.237   40.28532  -71.97291 0.0000e+00
      6.941    17.1743    33.0151  1023.9812     2.3976     5.1302     92.906    0.00034    5.52193    5.51439      8.440     0.3155   10.10683   4.278351 9.6305e+00    23.9506    23.9503 1.5979e+01      7.000          1      12565    1511.20 1.6606e+02  50717.229    523.487 1603909635      -0.01     -0.578   40.28532  -71.97290 0.0000e+00
      5.957    17.1746    33.0154  1023.9770     2.3997     5.1364     93.018    0.00085    5.52194    5.51441      8.440     0.3185   10.10685   4.278370 1.0733e+01    23.9507    23.9505 1.7563e+01      6.000          1      12655    1511.18 1.6360e+02  50717.096    527.242 1603909639       0.00     -0.157   40.28532  -71.97289 0.0000e+00
      4.961    17.1746    33.0154  1023.9726     2.4007     5.1361     93.013    0.00008    5.52192    5.51438      8.440     0.3250   10.10681   4.278319 1.3024e+01    23.9507    23.9505 2.0738e+01      5.000          1      12710    1511.17 1.5950e+02  50716.570    529.522 1603909641      -0.05     -0.490   40.28532  -71.97288 0.0000e+00
      3.968    17.1745    33.0151  1023.9680     2.3988     5.1269     92.849   -0.00091    5.52179    5.51425      8.439     0.3028   10.10660   4.278237 1.5509e+01    23.9504    23.9503 2.4441e+01      4.000          1      12768    1511.15 1.5760e+02  50715.706    531.955 1603909644       0.06     -0.400   40.28534  -71.97288 0.0000e+00
      2.975    17.1758    33.0152  1023.9633     2.3999     5.1347     92.991    0.00064    5.52174    5.51420      8.438     0.3151   10.10651   4.278335 1.9020e+01    23.9502    23.9501 2.9587e+01      3.000          1      12841    1511.14 1.5566e+02  50715.233    534.985 1603909647       0.01     -0.323   40.28534  -71.97286 0.0000e+00
      1.978    17.1764    33.0155  1023.9589     2.4001     5.1311     92.924   -0.00069    5.52175    5.51422      8.441     0.3306   10.10654   4.278376 2.5277e+01    23.9502    23.9501 3.9483e+01      2.000          1      13011    1511.12 1.5635e+02  50715.040    542.100 1603909654      -0.26     -0.182   40.28534  -71.97283 0.0000e+00
