CalculateIndicators/WaterTemperature/Data/CTD_NYOS/20201028_C29.cnv
* Sea-Bird SBE 9 Data File:
* FileName = C:\Seabird 9 CTD\Data\2020\202010_offshore\20201028_C29.hex
* Software Version Seasave V 7.23.2
* Temperature SN = 4590
* Conductivity SN = 3228
* Number of Bytes Per Scan = 44
* Number of Voltage Words = 5
* Number of Scans Averaged by the Deck Unit = 1
* NMEA Latitude = 40 06.39 N
* NMEA Longitude = 072 15.75 W
* NMEA UTC (Time) = Oct 28 2020  03:30:07
* NMEA baud rate = 4800
** Ship: seawolf
** Station: 3.3
** Operator: EIH
# nquan = 31
# nvalues = 127                         
# units = specified
# name 0 = depSM: Depth [salt water, m]
# name 1 = t090C: Temperature [ITS-90, deg C]
# name 2 = sal00: Salinity, Practical [PSU]
# name 3 = density00: Density [density, kg/m^3]
# name 4 = sbeox0V: Oxygen raw, SBE 43 [V]
# name 5 = sbeox0ML/L: Oxygen, SBE 43 [ml/l]
# name 6 = sbeox0PS: Oxygen, SBE 43 [% saturation]
# name 7 = sbox0dV/dT: Oxygen, SBE 43 [dov/dt]
# name 8 = oxsolML/L: Oxygen Saturation, Garcia & Gordon [ml/l]
# name 9 = oxsatML/L: Oxygen Saturation, Weiss [ml/l]
# name 10 = ph: pH
# name 11 = flECO-AFL: Fluorescence, WET Labs ECO-AFL/FL [mg/m^3]
# name 12 = n2satML/L: Nitrogen Saturation [ml/l]
# name 13 = c0S/m: Conductivity [S/m]
# name 14 = cpar: CPAR/Corrected Irradiance [%]
# name 15 = sigma-é00: Density [sigma-theta, kg/m^3]
# name 16 = sigma-t00: Density [sigma-t, kg/m^3 ]
# name 17 = par: PAR/Irradiance, Biospherical/Licor
# name 18 = prDM: Pressure, Digiquartz [db]
# name 19 = pumps: Pump Status
# name 20 = scan: Scan Count
# name 21 = svCM: Sound Velocity [Chen-Millero, m/s]
# name 22 = spar: SPAR, Biospherical/Licor
# name 23 = specc: Specific Conductance [uS/cm]
# name 24 = timeS: Time, Elapsed [seconds]
# name 25 = timeY: Time, System [seconds]
# name 26 = accM: Acceleration [m/s^2]
# name 27 = dz/dtM: Descent Rate [m/s]
# name 28 = latitude: Latitude [deg]
# name 29 = longitude: Longitude [deg]
# name 30 = flag: flag
# span 0 =      1.974,     64.505       
# span 1 =    13.7115,    18.9915       
# span 2 =    33.3908,    34.4889       
# span 3 =  1024.1669,  1025.5582       
# span 4 =     1.6728,     2.4439       
# span 5 =     3.4379,     5.1941       
# span 6 =     58.391,     95.286       
# span 7 =   -0.07467,    0.08160       
# span 8 =    5.28855,    5.88775       
# span 9 =    5.27956,    5.88453       
# span 10 =      8.284,      8.793      
# span 11 =     0.0329,     0.5418      
# span 12 =    9.70396,   10.70612      
# span 13 =   4.030811,   4.630638      
# span 14 = -2.471e+04, 1.0576e+05      
# span 15 =    24.1582,    25.2698      
# span 16 =    24.1581,    25.2679      
# span 17 = -1.643e-03, 5.0889e-03      
# span 18 =      2.000,     65.000      
# span 19 =          1,          1      
# span 20 =        -75,      14462      
# span 21 =    1501.91,    1518.60      
# span 22 = -3.732e-01, 5.2007e+00      
# span 23 =  51205.675,  52617.382      
# span 24 =     -3.147,    602.550      
# span 25 = 1603855804, 1603856410      
# span 26 =      -0.51,       0.57      
# span 27 =     -1.296,      0.853      
# span 28 =   40.10575,   40.10653      
# span 29 =  -72.26260,  -72.26128      
# span 30 = 0.0000e+00, 0.0000e+00      
# interval = decibars: 1                
# start_time = Oct 28 2020 03:30:08 [System UTC, first data scan.]
# bad_flag = -9.990e-29
*END*
[from data line 94]
     33.733    17.1606    34.1247  1024.9537     2.2366     4.6793     86.908    0.02875    5.38519    5.37697      8.462     0.1357    9.86630   4.413732 2.5320e-11    24.8051    24.8038 1.0000e-12     34.000          1       8811    1512.87 3.9495e+00  52255.575    367.065 1603856175       0.07     -0.600   40.10604  -72.26184 0.0000e+00
     32.750    17.7924    34.2464  1024.8909     2.2978     4.7803     89.810    0.02969    5.32262    5.31388      8.463     0.1346    9.76148   4.492170 2.5320e-11    24.7470    24.7456 1.0000e-12     33.000          1       8864    1514.87 3.9495e+00  52369.678    369.272 1603856177      -0.28     -0.502   40.10604  -72.26184 0.0000e+00
     31.749    18.3444    34.3438  1024.8245     2.3315     4.8286     90.916    0.02056    5.31106    5.30223      8.467     0.1290    9.74200   4.555680 2.5320e-11    24.6853    24.6839 1.0000e-12     32.000          1       8907    1516.57 3.9495e+00  52462.992    371.071 1603856179       0.11     -0.525   40.10604  -72.26184 0.0000e+00
     30.763    18.8747    34.4403  1024.7614     2.3608     4.8323     91.259    0.00193    5.29518    5.28623      8.461     0.1193    9.71524   4.616575 2.5320e-11    24.6268    24.6254 1.0000e-12     31.000          1       9013    1518.20 3.9495e+00  52557.976    375.483 1603856183      -0.44     -0.130   40.10604  -72.26184 0.0000e+00
     29.761    18.8954    34.4592  1024.7659     2.3668     4.8478     91.629    0.00361    5.29067    5.28168      8.458     0.1221    9.70767   4.620111 8.2754e+04    24.6357    24.6344 1.0000e-12     30.000          1       9055    1518.26 6.8111e-01  52582.090    377.231 1603856185      -0.14     -0.684   40.10603  -72.26183 0.0000e+00
     28.774    18.9608    34.4666  1024.7506     2.3719     4.8593     91.777    0.00189    5.29466    5.28569      8.455     0.1251    9.71467   4.626409 7.9722e+04    24.6247    24.6234 1.0000e-12     29.000          1       9114    1518.44 2.6809e+00  52587.489    379.698 1603856187       0.11     -0.434   40.10602  -72.26182 0.0000e+00
     27.786    18.9371    34.4303  1024.7245     2.3788     4.8821     92.151    0.00278    5.29784    5.28889      8.456     0.1934    9.72044   4.618154 3.6501e+03    24.6030    24.6018 1.0000e-12     28.000          1       9192    1518.31 3.9153e+00  52539.088    382.946 1603856191      -0.20     -0.272   40.10602  -72.26182 0.0000e+00
     26.793    18.9208    34.3819  1024.6873     2.3982     4.9674     93.348    0.00711    5.32145    5.31262      8.460     0.1675    9.76133   4.610460 1.0485e+05    24.5701    24.5689 1.0000e-12     27.000          1       9260    1518.20 -3.732e-01  52473.740    385.801 1603856193       0.08     -0.322   40.10602  -72.26182 0.0000e+00
     25.796    18.7432    34.2215  1024.6051     2.4103     5.0004     93.723    0.00318    5.33529    5.32654      8.456     0.1803    9.78530   4.572633 5.2172e+04    24.4922    24.4911 1.0000e-12     26.000          1       9342    1517.49 1.8506e+00  52266.040    389.226 1603856197      -0.05     -0.265   40.10602  -72.26180 0.0000e+00
     24.799    18.3156    33.8886  1024.4532     2.4105     5.0358     93.716    0.00216    5.37351    5.36501      8.447     0.2518    9.85109   4.490166 -3.697e+03    24.3444    24.3434 1.0000e-12     25.000          1      10030    1515.86 4.0977e+00  51839.992    417.866 1603856226      -0.06     -0.336   40.10599  -72.26172 0.0000e+00
     23.805    18.1541    33.7771  1024.4034     2.4150     5.0723     94.030    0.00371    5.39429    5.38592      8.450     0.2643    9.88673   4.461181 2.5320e-11    24.2989    24.2979 1.0000e-12     24.000          1      10777    1515.25 3.9495e+00  51697.387    449.004 1603856257      -0.22     -0.780   40.10596  -72.26165 0.0000e+00
     22.812    18.0744    33.7362  1024.3873     2.4221     5.1085     94.324    0.00299    5.41584    5.40762      8.448     0.3659    9.92355   4.448811 2.5320e-11    24.2871    24.2861 1.0000e-12     23.000          1      10937    1514.95 3.9495e+00  51647.614    455.682 1603856263      -0.51     -0.633   40.10596  -72.26164 0.0000e+00
     21.830    18.0270    33.7157  1024.3788     2.4258     5.1172     94.441    0.00206    5.41838    5.41018 -9.990e-29     0.4214    9.92788   4.441982 2.5320e-11    24.2829    24.2820 1.0000e-12     22.000          1      10986    1514.77 3.9495e+00  51622.003    457.695 1603856265       0.20     -0.749   40.10595  -72.26162 0.0000e+00
     20.832    17.9751    33.6898  1024.3673     2.4305     5.1317     94.702    0.00265    5.41874    5.41055      8.460     0.4289    9.92848   4.433754 2.5320e-11    24.2757    24.2748 1.0000e-12     21.000          1      11029    1514.58 3.9495e+00  51589.739    459.480 1603856267       0.03     -0.594   40.10594  -72.26162 0.0000e+00
     19.849    17.9555    33.6791  1024.3595     2.4342     5.1458     94.720    0.00008    5.43269    5.42459      8.456     0.4542    9.95253   4.431095 2.5320e-11    24.2723    24.2715 1.0000e-12     20.000          1      11131    1514.49 3.9495e+00  51575.945    463.765 1603856271      -0.28     -0.258   40.10594  -72.26162 0.0000e+00
     18.855    17.9070    33.6512  1024.3456     2.4352     5.1542     94.772    0.00019    5.43857    5.43050      8.455     0.4828    9.96268   4.422295 2.5320e-11    24.2627    24.2619 1.0000e-12     19.000          1      11172    1514.30 3.9495e+00  51540.697    465.447 1603856273      -0.07     -0.568   40.10594  -72.26161 0.0000e+00
     17.858    17.8307    33.5850  1024.3091     2.4391     5.1831     95.103    0.00244    5.45001    5.44202      8.456     0.5039    9.98239   4.407234 2.5320e-11    24.2306    24.2299 1.0000e-12     18.000          1      11211    1513.98 3.9495e+00  51455.471    467.085 1603856275       0.05     -0.618   40.10594  -72.26160 0.0000e+00
     16.870    17.7165    33.4971  1024.2651     2.4390     5.1773     94.953    0.00020    5.45249    5.44451      8.453     0.4947    9.98660   4.385862 2.5320e-11    24.1908    24.1901 1.0000e-12     17.000          1      11294    1513.53 3.9495e+00  51342.590    470.532 1603856278       0.05     -0.223   40.10594  -72.26160 0.0000e+00
     15.878    17.7145    33.4990  1024.2626     2.4395     5.1782     94.889   -0.00106    5.45715    5.44921      8.451     0.5277    9.99461   4.386334 -9.990e-29    24.1928    24.1921 1.0000e-12     16.000          1      11363    1513.51 3.9495e+00  51345.016    473.415 1603856281      -0.22     -0.473   40.10594  -72.26159 0.0000e+00
     14.883    17.6698    33.4679  1024.2452     2.4388     5.1803     94.894   -0.00042    5.45900    5.45107      8.451     0.5117    9.99779   4.378043 9.9999e+04    24.1796    24.1790 1.0000e-12     15.000          1      11398    1513.32 1.4555e+00  51305.015    474.894 1603856283      -0.06     -0.660   40.10594  -72.26158 0.0000e+00
     13.892    17.6460    33.4514  1024.2339     2.4399     5.1837     94.964    0.00012    5.45857    5.45064      8.451     0.5297    9.99707   4.374165 4.1852e+04    24.1727    24.1722 1.0000e-12     14.000          1      11464    1513.22 2.1640e+00  51283.757    477.640 1603856285      -0.01     -0.363   40.10594  -72.26158 0.0000e+00
     12.896    17.6451    33.4482  1024.2272     2.4411     5.1875     95.020    0.00024    5.45934    5.45142 -9.990e-29     0.5418    9.99837   4.373816 1.9556e+04    24.1704    24.1699 1.0000e-12     13.000          1      11531    1513.20 3.1278e+00  51278.882    480.434 1603856288      -0.16     -0.508   40.10594  -72.26158 0.0000e+00
     11.907    17.6366    33.4447  1024.2222     2.4391     5.1783     94.856   -0.00072    5.45913    5.45120      8.451     0.5236    9.99801   4.372570 9.8485e+04    24.1698    24.1693 1.0000e-12     12.000          1      11601    1513.15 1.4527e+00  51274.226    483.324 1603856291       0.08     -0.330   40.10592  -72.26158 0.0000e+00
     10.915    17.6344    33.4438  1024.2176     2.4386     5.1799     94.882    0.00031    5.45932    5.45140      8.450     0.5302    9.99834   4.372282 9.9999e+04    24.1696    24.1691 1.0000e-12     11.000          1      11709    1513.12 2.1266e+00  51272.691    487.853 1603856295      -0.03     -0.200   40.10592  -72.26156 0.0000e+00
      9.921    17.6301    33.4409  1024.2120     2.4401     5.1854     94.952    0.00028    5.46110    5.45319      8.449     0.5226   10.00137   4.371560 6.6296e+04    24.1683    24.1679 1.0000e-12     10.000          1      11883    1513.09 1.3403e+00  51268.485    495.079 1603856303      -0.06     -0.290   40.10592  -72.26155 0.0000e+00
      8.932    17.5598    33.4095  1024.2005     2.4378     5.1830     94.777   -0.00049    5.46865    5.46079      8.452     0.5221   10.01420   4.361139 -9.369e+03    24.1611    24.1608 1.0000e-12      9.000          1      13539    1512.83 4.3033e+00  51230.173    564.067 1603856372      -0.09     -0.227   40.10583  -72.26138 0.0000e+00
      7.940    17.5616    33.4101  1024.1961     2.4384     5.1854     94.842    0.00038    5.46737    5.45951      8.452     0.4808   10.01204   4.361283 2.5314e-11    24.1612    24.1608 1.0000e-12      8.000          1      13451    1512.82 3.9500e+00  51230.402    560.428 1603856368       0.02     -0.440   40.10582  -72.26138 0.0000e+00
      6.946    17.5638    33.4111  1024.1919     2.4392     5.1895     94.877    0.00050    5.46969    5.46184      8.452     0.5106   10.01595   4.361643 2.5320e-11    24.1613    24.1611 1.0000e-12      7.000          1      13495    1512.81 3.9495e+00  51231.123    562.233 1603856370      -0.22     -0.534   40.10582  -72.26138 0.0000e+00
      5.953    17.5660    33.4124  1024.1880     2.4379     5.1855     94.738   -0.00068    5.47356    5.46575      8.452     0.5061   10.02253   4.361830 2.5320e-11    24.1617    24.1615 1.0000e-12      6.000          1      13536    1512.80 3.9495e+00  51232.164    563.953 1603856372       0.10     -0.596   40.10582  -72.26137 0.0000e+00
      4.959    17.5341    33.4011  1024.1826     2.4375     5.1863     94.749   -0.00009    5.47376    5.46594      8.452     0.5397   10.02284   4.357243 8.5562e+04    24.1607    24.1605 1.0000e-12      5.000          1      13581    1512.68 5.2451e-01  51218.666    565.841 1603856373      -0.07     -0.528   40.10582  -72.26136 0.0000e+00
      3.970    17.5078    33.3908  1024.1766     2.4390     5.1908     94.848    0.00065    5.47272    5.46490      8.448     0.4860   10.02111   4.353653 1.0130e+05    24.1591    24.1589 1.0000e-12      4.000          1      13647    1512.57 -4.631e-02  51205.917    568.600 1603856376       0.08     -0.329   40.10582  -72.26136 0.0000e+00
      2.979    17.5221    33.3950  1024.1720     2.4405     5.1941     94.897    0.00037    5.47340    5.46558      8.449     0.4996   10.02225   4.355515 9.9999e+04    24.1589    24.1588 1.0000e-12      3.000          1      13711    1512.60 0.0000e+00  51210.206    571.255 1603856379      -0.01     -0.397   40.10581  -72.26136 0.0000e+00
      1.974    17.5140    33.3917  1024.1669     2.4379     5.1846     94.720   -0.00062    5.47362    5.46580      8.455     0.4936   10.02263   4.354325 1.9334e+04    24.1582    24.1581 1.0000e-12      2.000          1      14462    1512.56 3.1859e+00  51205.675    602.550 1603856410      -0.03     -0.322   40.10575  -72.26128 0.0000e+00
