CalculateIndicators/WaterTemperature/Data/CTD_NYOS/20201028_C33.cnv
* Sea-Bird SBE 9 Data File:
* FileName = C:\Seabird 9 CTD\Data\2020\202010_offshore\20201028_C33.hex
* Software Version Seasave V 7.23.2
* Temperature SN = 4590
* Conductivity SN = 3228
* Number of Bytes Per Scan = 44
* Number of Voltage Words = 5
* Number of Scans Averaged by the Deck Unit = 1
* NMEA Latitude = 40 34.73 N
* NMEA Longitude = 072 05.48 W
* NMEA UTC (Time) = Oct 28 2020  15:15:36
* NMEA baud rate = 4800
** Ship: seawolf
** Station: 2.2
** Operator: EIH
# nquan = 31
# nvalues = 95                          
# units = specified
# name 0 = depSM: Depth [salt water, m]
# name 1 = t090C: Temperature [ITS-90, deg C]
# name 2 = sal00: Salinity, Practical [PSU]
# name 3 = density00: Density [density, kg/m^3]
# name 4 = sbeox0V: Oxygen raw, SBE 43 [V]
# name 5 = sbeox0ML/L: Oxygen, SBE 43 [ml/l]
# name 6 = sbeox0PS: Oxygen, SBE 43 [% saturation]
# name 7 = sbox0dV/dT: Oxygen, SBE 43 [dov/dt]
# name 8 = oxsolML/L: Oxygen Saturation, Garcia & Gordon [ml/l]
# name 9 = oxsatML/L: Oxygen Saturation, Weiss [ml/l]
# name 10 = ph: pH
# name 11 = flECO-AFL: Fluorescence, WET Labs ECO-AFL/FL [mg/m^3]
# name 12 = n2satML/L: Nitrogen Saturation [ml/l]
# name 13 = c0S/m: Conductivity [S/m]
# name 14 = cpar: CPAR/Corrected Irradiance [%]
# name 15 = sigma-é00: Density [sigma-theta, kg/m^3]
# name 16 = sigma-t00: Density [sigma-t, kg/m^3 ]
# name 17 = par: PAR/Irradiance, Biospherical/Licor
# name 18 = prDM: Pressure, Digiquartz [db]
# name 19 = pumps: Pump Status
# name 20 = scan: Scan Count
# name 21 = svCM: Sound Velocity [Chen-Millero, m/s]
# name 22 = spar: SPAR, Biospherical/Licor
# name 23 = specc: Specific Conductance [uS/cm]
# name 24 = timeS: Time, Elapsed [seconds]
# name 25 = timeY: Time, System [seconds]
# name 26 = accM: Acceleration [m/s^2]
# name 27 = dz/dtM: Descent Rate [m/s]
# name 28 = latitude: Latitude [deg]
# name 29 = longitude: Longitude [deg]
# name 30 = flag: flag
# span 0 =      1.942,     48.618       
# span 1 =    15.5326,    17.3193       
# span 2 =    32.8040,    33.4763       
# span 3 =  1023.8585,  1024.8979       
# span 4 =     1.5588,     2.3653       
# span 5 =     2.9908,     5.0491       
# span 6 =     52.635,     91.725       
# span 7 =   -0.12521,    0.09037       
# span 8 =    5.50457,    5.68209       
# span 9 =    5.49691,    5.67640       
# span 10 =      8.270,      8.559      
# span 11 =     0.0111,     0.2175      
# span 12 =   10.07714,   10.36793      
# span 13 =   4.176375,   4.302704      
# span 14 = 2.7749e-02, 2.6986e+01      
# span 15 =    23.8500,    24.6822      
# span 16 =    23.8499,    24.6805      
# span 17 = 3.6924e-02, 4.6256e+01      
# span 18 =      2.000,     49.000      
# span 19 =          1,          1      
# span 20 =        278,       9603      
# span 21 =    1507.39,    1512.24      
# span 22 = 1.3304e+02, 1.8346e+02      
# span 23 =  50445.049,  51519.203      
# span 24 =     11.545,    400.082      
# span 25 = 1603898149, 1603898538      
# span 26 =      -0.49,       0.56      
# span 27 =     -0.754,      0.747      
# span 28 =   40.57894,   40.57992      
# span 29 =  -72.09140,  -72.09128      
# span 30 = 0.0000e+00, 0.0000e+00      
# interval = decibars: 1                
# start_time = Oct 28 2020 15:15:38 [System UTC, first data scan.]
# bad_flag = -9.990e-29
*END*
      1.982    16.9288    32.8117  1023.8609     2.3529     5.0409     90.744    0.00072    5.55510    5.54779      8.419     0.1908   10.16410   4.231394 2.6986e+01    23.8521    23.8520 4.6256e+01      2.000          1        278    1510.14 1.7157e+02  50454.276     11.545 1603898149       0.50     -0.286   40.57894  -72.09140 0.0000e+00
      2.980    16.9270    32.8116  1023.8656     2.3520     5.0350     90.629   -0.00074    5.55556    5.54825      8.419     0.2006   10.16486   4.231246 2.1055e+01    23.8525    23.8523 3.5928e+01      3.000          1        371    1510.15 1.7060e+02  50454.788     15.426 1603898153       0.22      0.278   40.57894  -72.09140 0.0000e+00
      3.966    16.9239    32.8111  1023.8704     2.3514     5.0361     90.646   -0.00027    5.55582    5.54851      8.419     0.2144   10.16530   4.230918 1.7871e+01    23.8529    23.8527 2.9974e+01      4.000          1        450 -9.990e-29 1.6773e+02  50454.882     18.695 1603898157       0.10      0.292   40.57894  -72.09140 0.0000e+00
      4.959    16.9227    32.8109  1023.8749     2.3521     5.0416     90.744    0.00052    5.55588    5.54858      8.419     0.2151   10.16537   4.230835 1.4348e+01    23.8530    23.8528 2.3775e+01      5.000          1        506    1510.18 1.6575e+02  50455.136     21.031 1603898159      -0.03      0.419   40.57896  -72.09140 0.0000e+00
      5.955    16.9189    32.8126  1023.8815     2.3511     5.0358     90.643   -0.00050    5.55564    5.54833      8.419     0.1953   10.16495   4.230734 1.0858e+01    23.8552    23.8550 1.7951e+01      6.000          1        549    1510.18 1.6529e+02  50458.292     22.847 1603898161       0.06      0.561   40.57896  -72.09140 0.0000e+00
      6.945    16.9214    32.8140  1023.8864     2.3500     5.0329     90.589   -0.00067    5.55575    5.54844 -9.990e-29     0.2175   10.16514   4.231185 9.0673e+00    23.8557    23.8555 1.4857e+01      7.000          1        594    1510.21 1.6386e+02  50460.546     24.698 1603898163      -0.00      0.533   40.57896  -72.09140 0.0000e+00
      7.940    16.9211    32.8146  1023.8914     2.3502     5.0360     90.654    0.00004    5.55522    5.54791      8.419     0.1896   10.16423   4.231223 7.8209e+00    23.8563    23.8560 1.2713e+01      8.000          1        640    1510.22 1.6251e+02  50461.884     26.640 1603898165      -0.08      0.516   40.57896  -72.09140 0.0000e+00
      8.926    16.9237    32.8162  1023.8964     2.3482     5.0187     90.491   -0.00106    5.54602    5.53863      8.419     0.1854   10.14855   4.231738 6.7045e+00    23.8570    23.8566 1.0775e+01      9.000          1        698    1510.25 1.6070e+02  50464.355     29.024 1603898167       0.13      0.384   40.57898  -72.09140 0.0000e+00
      9.923    16.9499    32.8302  1023.9055     2.3458     5.0061     90.364   -0.00131    5.53985    5.53242      8.423     0.1500   10.13803   4.236262 5.9361e+00    23.8616    23.8613 9.4521e+00     10.000          1        740    1510.36 1.5921e+02  50482.109     30.808 1603898169      -0.06      0.551   40.57898  -72.09140 0.0000e+00
     10.916    17.0148    32.8613  1023.9185     2.3421     4.9910     90.123   -0.00242    5.53796    5.53051      8.423 -9.990e-29   10.13478   4.246225 5.4115e+00    23.8703    23.8699 8.3924e+00     11.000          1        783    1510.61 1.5512e+02  50520.241     32.575 1603898170       0.23      0.530   40.57898  -72.09140 0.0000e+00
     11.906    17.0627    32.8888  1023.9328     2.3423     5.0008     90.302    0.00014    5.53791    5.53047      8.423     0.1185   10.13470   4.253737 4.7275e+00    23.8802    23.8798 7.4642e+00     12.000          1        835    1510.80 1.5786e+02  50554.715     34.732 1603898173      -0.17      0.460   40.57898  -72.09140 0.0000e+00
     12.899    17.0638    32.8901  1023.9379     2.3412     4.9966     90.226   -0.00049    5.53789    5.53045      8.423     0.1077   10.13466   4.253857 4.2852e+00    23.8810    23.8805 6.6871e+00     13.000          1        890    1510.82 1.5604e+02  50556.935     37.037 1603898175      -0.01      0.464   40.57898  -72.09140 0.0000e+00
     13.889    17.0637    32.8911  1023.9432     2.3418     5.0006     90.299    0.00012    5.53778    5.53033      8.423     0.1334   10.13445   4.253964 3.8748e+00    23.8818    23.8813 6.0448e+00     14.000          1        937    1510.84 1.5600e+02  50558.862     38.982 1603898177       0.30      0.472   40.57900  -72.09140 0.0000e+00
     14.886    17.0636    32.8916  1023.9480     2.3431     5.0063     90.416    0.00090    5.53698    5.52953      8.422     0.1346   10.13307   4.254023 3.5157e+00    23.8823    23.8817 5.4472e+00     15.000          1        975    1510.86 1.5492e+02  50560.107     40.598 1603898178      -0.12      0.629   40.57900  -72.09140 0.0000e+00
     15.878    17.0672    32.8960  1023.9550     2.3440     5.0044     90.442    0.00040    5.53327    5.52580      8.422     0.1233   10.12664   4.254926 3.1507e+00    23.8848    23.8842 4.8544e+00     16.000          1       1029    1510.89 1.5406e+02  50566.327     42.833 1603898181      -0.01      0.459   40.57900  -72.09140 0.0000e+00
     16.862    17.0893    32.9182  1023.9712     2.3474     5.0171     90.699    0.00166    5.53162    5.52414 -9.990e-29     0.1308   10.12377   4.259871 2.8823e+00    23.8967    23.8961 4.3852e+00     17.000          1       1090    1511.00 1.5214e+02  50595.634     45.382 1603898183       0.07      0.346   40.57900  -72.09140 0.0000e+00
     17.862    17.1058    32.9327  1023.9829     2.3468     5.0105     90.578    0.00005    5.53170    5.52422 -9.990e-29     0.1223   10.12391   4.262959 2.5857e+00    23.9040    23.9033 3.9318e+00     18.000          1       1126    1511.08 1.5205e+02  50614.789     46.890 1603898185       0.08      0.634   40.57901  -72.09140 0.0000e+00
     18.853    17.1079    32.9348  1023.9884     2.3468     5.0105     90.580   -0.00007    5.53160    5.52412 -9.990e-29 -9.990e-29   10.12374   4.263375 2.3416e+00    23.9052    23.9045 3.5606e+00     19.000          1       1170    1511.11 1.5205e+02  50618.070     48.703 1603898187      -0.07      0.558   40.57902  -72.09140 0.0000e+00
     19.847    17.1084    32.9354  1023.9931     2.3456     5.0061     90.504   -0.00052    5.53132    5.52383 -9.990e-29     0.1222   10.12322   4.263502 2.1011e+00    23.9055    23.9047 3.1614e+00     20.000          1       1221    1511.12 1.5042e+02  50619.260     50.847 1603898189      -0.08      0.470   40.57902  -72.09140 0.0000e+00
     20.832    17.1088    32.9371  1023.9987     2.3442     5.0018     90.455   -0.00052    5.52959    5.52210 -9.990e-29     0.1151   10.12015   4.263779 1.9263e+00    23.9068    23.9060 2.8333e+00     21.000          1       1287    1511.14 1.4718e+02  50622.100     53.594 1603898191       0.14      0.320   40.57903  -72.09140 0.0000e+00
     21.828    17.1136    32.9463  1024.0091     2.3415     4.9908     90.266   -0.00159    5.52899    5.52150      8.428     0.0993   10.11911   4.265424 1.7065e+00    23.9127    23.9119 2.5611e+00     22.000          1       1323    1511.19 1.5008e+02  50634.853     55.082 1603898193       0.13      0.631   40.57904  -72.09140 0.0000e+00
     22.826    17.1201    32.9583  1024.0212     2.3392     4.9847     90.166   -0.00148    5.52842    5.52092      8.544     0.1011   10.11810   4.267442 1.5366e+00    23.9204    23.9196 2.3062e+00     23.000          1       1361    1511.24 1.5008e+02  50651.409     56.676 1603898195      -0.11      0.645   40.57904  -72.09140 0.0000e+00
     23.813    17.1271    32.9675  1024.0310     2.3390     4.9885     90.273    0.00031    5.52603    5.51852      8.548     0.0954   10.11398   4.269179 1.3653e+00    23.9259    23.9250 2.0490e+00     24.000          1       1423    1511.28 1.5008e+02  50664.052     59.241 1603898197       0.05      0.355   40.57904  -72.09140 0.0000e+00
     24.795    17.1437    32.9810  1024.0418     2.3452     5.0128     90.735    0.00254    5.52470    5.51718      8.522     0.0816   10.11164   4.272505 1.2271e+00    23.9324    23.9314 1.8192e+00     25.000          1       1493    1511.37 1.4830e+02  50681.770     62.152 1603898200      -0.06      0.288   40.57906  -72.09140 0.0000e+00
     25.806    17.1498    32.9901  1024.0518     2.3447     5.0027     90.569    0.00024    5.52363    5.51610      8.513     0.1033   10.10982   4.274033 1.0961e+00    23.9380    23.9370 1.6235e+00     26.000          1       1517    1511.41 1.4812e+02  50694.360     63.150 1603898201       0.56      0.725   40.57906  -72.09140 0.0000e+00
     26.791    17.1555    32.9957  1024.0592     2.3474     5.0121     90.764    0.00119    5.52209    5.51455      8.509     0.0886   10.10718   4.275321 9.9860e-01    23.9410    23.9399 1.4889e+00     27.000          1       1562    1511.45 1.4912e+02  50702.086     65.059 1603898203      -0.25      0.576   40.57906  -72.09140 0.0000e+00
     27.784    17.1715    33.0051  1024.0670     2.3500     5.0157     90.893    0.00103    5.51819    5.51062      8.507     0.0784   10.10050   4.277988 8.9167e-01    23.9444    23.9433 1.3227e+00     28.000          1       1619    1511.53 1.4851e+02  50714.300     67.402 1603898205       0.05      0.466   40.57906  -72.09140 0.0000e+00
     28.771    17.1940    33.0185  1024.0764     2.3548     5.0282     91.207    0.00226    5.51293    5.50532      8.510     0.0676   10.09147   4.281883 7.8342e-01    23.9494    23.9483 1.1602e+00     29.000          1       1677    1511.63 1.4808e+02  50731.399     69.840 1603898208      -0.01      0.391   40.57906  -72.09138 0.0000e+00
     29.767    17.2303    33.0434  1024.0913     2.3539     5.0149     90.998   -0.00074    5.51102    5.50340      8.518     0.0448   10.08821   4.288326 7.0891e-01    23.9600    23.9588 1.0498e+00     30.000          1       1720    1511.78 1.4809e+02  50763.395     71.636 1603898209       0.09      0.561   40.57908  -72.09140 0.0000e+00
     30.757    17.2503    33.0565  1024.1010     2.3568     5.0321     91.314    0.00214    5.51071    5.50309      8.530     0.0693   10.08768   4.291729 6.6947e-01    23.9653    23.9641 9.5220e-01     31.000          1       1759    1511.87 1.4223e+02  50780.268     73.236 1603898211       0.05      0.611   40.57908  -72.09140 0.0000e+00
     31.752    17.2627    33.0627  1024.1071     2.3582     5.0313     91.309    0.00072    5.51021    5.50259      8.529     0.0561   10.08683   4.293535 5.8662e-01    23.9671    23.9659 8.5020e-01     32.000          1       1808    1511.93 1.4509e+02  50788.226     75.306 1603898213      -0.14      0.468   40.57908  -72.09139 0.0000e+00
     32.741    17.2668    33.0651  1024.1124     2.3567     5.0213     91.156   -0.00095    5.50844    5.50080      8.523     0.0380   10.08382   4.294182 5.1236e-01    23.9680    23.9668 7.4933e-01     33.000          1       1875    1511.96 1.4624e+02  50791.759     78.070 1603898216       0.21      0.382   40.57908  -72.09138 0.0000e+00
     33.734    17.2752    33.0693  1024.1181     2.3583     5.0310     91.340    0.00075    5.50794    5.50029      8.509     0.0524   10.08296   4.295590 4.6165e-01    23.9694    23.9680 6.7460e-01     34.000          1       1912    1512.01 1.4613e+02  50797.458     79.639 1603898218       0.13      0.604   40.57909  -72.09140 0.0000e+00
     34.730    17.2838    33.0728  1024.1232     2.3616     5.0438     91.588    0.00210    5.50708    5.49943      8.504     0.0508   10.08150   4.296798 4.1356e-01    23.9700    23.9687 6.0433e-01     35.000          1       1949    1512.06 1.4613e+02  50802.030     81.147 1603898219      -0.08      0.681   40.57910  -72.09140 0.0000e+00
     35.718    17.2922    33.0768  1024.1286     2.3634     5.0425     91.603    0.00075    5.50474    5.49707      8.520     0.0448   10.07749   4.298106 3.6343e-01    23.9711    23.9697 5.3035e-01     36.000          1       2007    1512.10 1.4592e+02  50807.441     83.597 1603898221      -0.10      0.391   40.57910  -72.09140 0.0000e+00
     36.707    17.3055    33.0844  1024.1357     2.3653     5.0491     91.725    0.00088    5.50457    5.49691      8.515     0.0486   10.07714   4.300380 3.2661e-01    23.9738    23.9724 4.7070e-01     37.000          1       2061    1512.17 1.4412e+02  50817.284     85.835 1603898224       0.38      0.420   40.57910  -72.09140 0.0000e+00
     37.707    17.3193    33.0933  1024.1437     2.3624     5.0385     91.488   -0.00084    5.50722    5.49958      8.507     0.0474   10.08157   4.302704 2.8806e-01    23.9774    23.9759 4.1525e-01     38.000          1       2093    1512.24 1.4416e+02  50828.950     87.160 1603898225      -0.01      0.747   40.57910  -72.09140 0.0000e+00
     38.696    17.3110    33.0965  1024.1525     2.3460     4.9673     90.165   -0.00971    5.50908    5.50145      8.502     0.0452   10.08467   4.302107 2.5550e-01    23.9819    23.9804 3.6278e-01     39.000          1       2133    1512.23 1.4194e+02  50834.601     88.841 1603898227       0.01      0.579   40.57911  -72.09140 0.0000e+00
     39.685    17.2784    33.0925  1024.1615     2.3277     4.9247     89.376   -0.00827    5.51013    5.50252      8.538     0.0349   10.08635   4.298507 2.2986e-01    23.9866    23.9850 3.1820e-01     40.000          1       2186    1512.15 1.3856e+02  50832.013     91.048 1603898229      -0.12      0.435   40.57912  -72.09140 0.0000e+00
     40.683    17.2653    33.0935  1024.1699     2.3132     4.8874     88.673   -0.00838    5.51171    5.50412      8.519     0.0435   10.08879   4.297493 1.9218e-01    23.9905    23.9889 2.7291e-01     41.000          1       2229    1512.12 1.4204e+02  50834.864     92.834 1603898231       0.19      0.585   40.57912  -72.09140 0.0000e+00
     41.671    17.2555    33.1023  1024.1834     2.3016     4.8691     88.266   -0.00607    5.51637    5.50884      8.515     0.0419   10.09628   4.297594 1.6645e-01    23.9996    23.9980 2.3666e-01     42.000          1       2275    1512.12 1.4218e+02  50848.286     94.731 1603898233      -0.10      0.535   40.57912  -72.09140 0.0000e+00
     42.662    17.2296    33.1259  1024.2120     2.2878     4.8413     87.556   -0.00705    5.52937    5.52198      8.559     0.0330   10.11760   4.297888 1.4240e-01    24.0238    24.0222 2.0038e-01     43.000          1       2318    1512.09 1.4044e+02  50883.267     96.521 1603898234       0.08      0.554   40.57913  -72.09140 0.0000e+00
     43.660    17.1615    33.1459  1024.2479     2.2528     4.7123     85.075   -0.01992    5.53902    5.53172      8.535     0.0435   10.13348   4.293171 1.2044e-01    24.0553    24.0536 1.6891e-01     44.000          1       2355    1511.92 1.4023e+02  50916.630     98.072 1603898236      -0.00      0.646   40.57914  -72.09140 0.0000e+00
     44.646    16.9752    33.1787  1024.3214     2.1530     4.4178     78.967   -0.04016    5.59548    5.58881      8.435     0.0254   10.22595   4.278987 9.2609e-02    24.1243    24.1226 1.2855e-01     45.000          1       2421    1511.42 1.3877e+02  50977.124    100.828 1603898239      -0.07      0.305   40.57914  -72.09140 0.0000e+00
     45.637    16.7708    33.2194  1024.4049     1.9880     3.8783     68.383   -0.07903    5.67144    5.66563      8.342     0.0128   10.35035   4.263010 7.5785e-02    24.2033    24.2016 1.0174e-01     46.000          1       2470    1510.86 1.3426e+02  51050.387    102.893 1603898241       0.14      0.513   40.57914  -72.09140 0.0000e+00
     46.632    16.1656    33.3547  1024.6528     1.8155     3.2329     56.921   -0.12521    5.67976    5.67404      8.315     0.0329   10.36396   4.218121 5.9282e-02    24.4463    24.4447 7.9605e-02     47.000          1       2503    1509.18 1.3428e+02  51290.634    104.232 1603898242       0.13      0.704   40.57914  -72.09140 0.0000e+00
