CalculateIndicators/WaterTemperature/Data/CTD_NYOS/20201022_C19.cnv
* Sea-Bird SBE 9 Data File:
* FileName = C:\Seabird 9 CTD\Data\2020\202010_offshore\20201022_C19.hex
* Software Version Seasave V 7.23.2
* Temperature SN = 4590
* Conductivity SN = 3228
* Number of Bytes Per Scan = 44
* Number of Voltage Words = 5
* Number of Scans Averaged by the Deck Unit = 1
* NMEA Latitude = 39 19.82 N
* NMEA Longitude = 072 40.14 W
* NMEA UTC (Time) = Oct 22 2020  03:35:49
* NMEA baud rate = 4800
** Ship: seawolf
** Station: 5.5
** Operator: EIH
# nquan = 31
# nvalues = 217                         
# units = specified
# name 0 = depSM: Depth [salt water, m]
# name 1 = t090C: Temperature [ITS-90, deg C]
# name 2 = sal00: Salinity, Practical [PSU]
# name 3 = density00: Density [density, kg/m^3]
# name 4 = sbeox0V: Oxygen raw, SBE 43 [V]
# name 5 = sbeox0ML/L: Oxygen, SBE 43 [ml/l]
# name 6 = sbeox0PS: Oxygen, SBE 43 [% saturation]
# name 7 = sbox0dV/dT: Oxygen, SBE 43 [dov/dt]
# name 8 = oxsolML/L: Oxygen Saturation, Garcia & Gordon [ml/l]
# name 9 = oxsatML/L: Oxygen Saturation, Weiss [ml/l]
# name 10 = ph: pH
# name 11 = flECO-AFL: Fluorescence, WET Labs ECO-AFL/FL [mg/m^3]
# name 12 = n2satML/L: Nitrogen Saturation [ml/l]
# name 13 = c0S/m: Conductivity [S/m]
# name 14 = cpar: CPAR/Corrected Irradiance [%]
# name 15 = sigma-é00: Density [sigma-theta, kg/m^3]
# name 16 = sigma-t00: Density [sigma-t, kg/m^3 ]
# name 17 = par: PAR/Irradiance, Biospherical/Licor
# name 18 = prDM: Pressure, Digiquartz [db]
# name 19 = pumps: Pump Status
# name 20 = scan: Scan Count
# name 21 = svCM: Sound Velocity [Chen-Millero, m/s]
# name 22 = spar: SPAR, Biospherical/Licor
# name 23 = specc: Specific Conductance [uS/cm]
# name 24 = timeS: Time, Elapsed [seconds]
# name 25 = timeY: Time, System [seconds]
# name 26 = accM: Acceleration [m/s^2]
# name 27 = dz/dtM: Descent Rate [m/s]
# name 28 = latitude: Latitude [deg]
# name 29 = longitude: Longitude [deg]
# name 30 = flag: flag
# span 0 =      1.976,    109.141       
# span 1 =    13.8144,    20.2139       
# span 2 =    33.9049,    35.3314       
# span 3 =  1024.2370,  1026.9718       
# span 4 =     1.7727,     2.5122       
# span 5 =     3.7013,     5.2308       
# span 6 =     63.625,     98.297       
# span 7 =   -0.03130,    0.01580       
# span 8 =    5.15792,    5.83448       
# span 9 =    5.14804,    5.83111       
# span 10 =      8.323,      8.684      
# span 11 =    -0.0540,     0.6683      
# span 12 =    9.48311,   10.60974      
# span 13 =   4.118915,   4.799479      
# span 14 = -8.665e+03, 1.0007e+05      
# span 15 =    24.2283,    26.4856      
# span 16 =    24.2282,    26.4823      
# span 17 = 1.0000e-12, 1.8000e-01      
# span 18 =      2.000,    110.000      
# span 19 =          1,          1      
# span 20 =         69,      21864      
# span 21 =    1503.78,    1522.36      
# span 22 = -3.960e-03, 4.3226e+00      
# span 23 =  51817.065,  54304.142      
# span 24 =      2.849,    910.938      
# span 25 = 1603337753, 1603338661      
# span 26 =      -0.50,       0.60      
# span 27 =     -0.814,      1.129      
# span 28 =   39.33005,   39.33036      
# span 29 =  -72.66934,  -72.66910      
# span 30 = 0.0000e+00, 0.0000e+00      
# interval = decibars: 1                
# start_time = Oct 22 2020 03:35:50 [System UTC, first data scan.]
# bad_flag = -9.990e-29
*END*
[from data line 188]
     29.770    19.4301    34.7268  1024.8332     2.4512     4.9853     95.583    0.00249    5.21569    5.20621      8.470     0.4233    9.58023   4.703544 2.7180e-11    24.7034    24.7020 1.0000e-12     30.000          1      18394    1520.08 3.9495e+00  52912.881    766.386 1603338516       0.03     -0.291   39.33014  -72.66928 0.0000e+00
     28.778    19.6780    34.7637  1024.7926     2.4668     5.0078     96.399    0.00432    5.19480    5.18517      8.472     0.3348    9.54523   4.733657 2.7374e-11    24.6672    24.6658 1.0000e-12     29.000          1      18473    1520.80 3.9495e+00  52948.181    769.672 1603338520      -0.00     -0.309   39.33014  -72.66928 0.0000e+00
     27.783    19.8337    34.7842  1024.7632     2.4696     4.9956     96.359    0.00151    5.18432    5.17462      8.427     0.2902    9.52755   4.751832 2.7113e-11    24.6421    24.6408 1.0000e-12     28.000          1      18532    1521.24 3.9495e+00  52966.743    772.137 1603338522      -0.03     -0.443   39.33014  -72.66928 0.0000e+00
     26.801    19.9137    34.8128  1024.7597     2.4738     4.9845     96.540    0.00185    5.16311    5.15326      8.375     0.2201    9.49187   4.762946 2.8340e-11    24.6430    24.6417 1.0000e-12     27.000          1      18601    1521.48 3.8205e+00  53000.670    774.998 1603338525      -0.04     -0.286   39.33014  -72.66928 0.0000e+00
     25.796    20.1017    34.8477  1024.7322     2.4733     4.9789     96.403   -0.00033    5.16471    5.15487      8.392     0.2147    9.49459   4.786734 8.3234e+03    24.6200    24.6187 1.0000e-12     26.000          1      18634    1522.02 3.1719e+00  53037.195    776.365 1603338526      -0.18     -0.660   39.33012  -72.66928 0.0000e+00
     24.809    20.1552    34.8565  1024.7205     2.4733     4.9787     96.412    0.00021    5.16396    5.15411      8.410     0.1904    9.49336   4.792122 5.2827e+04    24.6125    24.6113 1.0000e-12     25.000          1      18717    1522.16 1.6307e+00  53045.709    779.848 1603338530       0.02     -0.261   39.33013  -72.66928 0.0000e+00
     23.818    20.1420    34.8533  1024.7171     2.4750     4.9833     96.504    0.00078    5.16383    5.15399      8.443     0.1644    9.49317   4.789790 -8.937e+02    24.6135    24.6123 1.0000e-12     24.000          1      18784    1522.10 3.5872e+00  53041.717    782.636 1603338533      -0.10     -0.461   39.33012  -72.66928 0.0000e+00
     22.824    20.1605    34.8553  1024.7093     2.4740     4.9772     96.389   -0.00046    5.16369    5.15384      8.398     0.1305    9.49295   4.791991 3.1429e-11    24.6100    24.6089 1.0000e-12     23.000          1      18826    1522.14 3.4730e+00  53042.874    784.395 1603338534      -0.03     -0.561   39.33012  -72.66928 0.0000e+00
     21.829    20.1633    34.8520  1024.7018     2.4754     4.9839     96.497    0.00047    5.16486    5.15502      8.403     0.1289    9.49495   4.791593 3.3725e-11    24.6068    24.6057 1.0000e-12     22.000          1      18880    1522.13 3.2499e+00  53037.907    786.608 1603338537       0.01     -0.470   39.33012  -72.66928 0.0000e+00
     20.842    20.1503    34.8458  1024.6961     2.4769     4.9947     96.534    0.00012    5.17402    5.16424      8.412     0.1033    9.51050   4.789062 3.0336e-11    24.6054    24.6044 1.0000e-12     21.000          1      18973    1522.07 -9.990e-29  53029.625    790.495 1603338541      -0.38     -0.330   39.33012  -72.66928 0.0000e+00
     19.847    20.1043    34.8301  1024.6920     2.4773     4.9978     96.564    0.00038    5.17566    5.16588      8.417     0.1246    9.51339   4.782274 3.0452e-11    24.6056    24.6046 1.0000e-12     20.000          1      19007    1521.91 3.9495e+00  53010.256    791.932 1603338542      -0.03     -0.664   39.33012  -72.66928 0.0000e+00
     18.851    20.0705    34.8088  1024.6803     2.4791     5.0057     96.669    0.00076    5.17819    5.16842      8.418     0.1154    9.51768   4.776139 2.9144e-11    24.5982    24.5973 1.0000e-12     19.000          1      19056    1521.77 3.9495e+00  52982.685    793.956 1603338544       0.11     -0.505   39.33012  -72.66928 0.0000e+00
     17.866    20.0435    34.7913  1024.6697     2.4787     5.0299     96.586   -0.00068    5.20768    5.19810      8.417     0.1203    9.56791   4.770756 2.7263e-11    24.5920    24.5911 1.0000e-12     18.000          1      19148    1521.66 3.9495e+00  52959.423    797.788 1603338548      -0.18     -0.211   39.33012  -72.66930 0.0000e+00
     16.870    19.8379    34.7016  1024.6510     2.4828     5.0534     96.942    0.00232    5.21284    5.20328 -9.990e-29     0.1000    9.57680   4.738214 2.7793e-11    24.5775    24.5767 1.0000e-12     17.000          1      19190    1520.97 3.9010e+00  52849.614    799.558 1603338550      -0.08     -0.535   39.33012  -72.66930 0.0000e+00
     15.876    19.7501    34.6476  1024.6284     2.4871     5.0611     97.133    0.00220    5.21051    5.20094      8.422     0.1073    9.57285   4.723359 6.8679e+04    24.5592    24.5585 1.0000e-12     16.000          1      19242    1520.65 1.1308e+00  52780.016    801.688 1603338552       0.11     -0.460   39.33012  -72.66930 0.0000e+00
     14.884    19.7460    34.6399  1024.6192     2.4872     5.0581     96.996   -0.00030    5.21480    5.20525      8.430     0.1172    9.58016   4.722317 9.7686e+04    24.5543    24.5536 1.0000e-12     15.000          1      19309    1520.62 1.9813e+00  52769.415    804.507 1603338555      -0.01     -0.374   39.33012  -72.66930 0.0000e+00
     13.896    19.6959    34.6146  1024.6086     2.4880     5.0698     97.064    0.00041    5.22313    5.21364      8.423     0.1026    9.59440   4.714354 -5.859e+03    24.5481    24.5474 1.0000e-12     14.000          1      19394    1520.43 3.8816e+00  52737.291    808.051 1603338558      -0.02     -0.245   39.33012  -72.66930 0.0000e+00
     12.900    19.6733    34.6005  1024.5993     2.4864     5.0814     96.920   -0.00110    5.24292    5.23355      8.421     0.0938    9.62819   4.709588 9.9954e+04    24.5431    24.5425 1.0000e-12     13.000          1      19446    1520.34 -3.960e-03  52718.997    810.215 1603338560      -0.09     -0.474   39.33012  -72.66930 0.0000e+00
     11.908    19.4810    34.5058  1024.5726     2.4921     5.1045     97.358    0.00206    5.24302    5.23365      8.438     0.0953    9.62839   4.679196 3.4411e+04    24.5206    24.5201 1.0000e-12     12.000          1      19540    1519.67 2.5225e+00  52600.700    814.145 1603338564      -0.06     -0.262   39.33012  -72.66930 0.0000e+00
     10.915    19.4730    34.4933  1024.5608     2.4926     5.1038     97.235   -0.00054    5.24895    5.23961      8.434     0.1138    9.63852   4.677027 8.1646e+04    24.5132    24.5127 1.0000e-12     11.000          1      19621    1519.62 8.9621e-01  52583.813    817.489 1603338568      -0.00     -0.398   39.33010  -72.66930 0.0000e+00
      9.923    19.3829    34.4436  1024.5417     2.4946     5.1175     97.370    0.00015    5.25571    5.24641      8.457     0.1193    9.65011   4.662278 2.4250e+04    24.4984    24.4979 1.0000e-12     10.000          1      20106    1519.29 3.0855e+00  52521.091    837.722 1603338588      -0.13     -0.123   39.33009  -72.66932 0.0000e+00
      8.926    19.3498    34.4225  1024.5298     2.4952     5.1300     97.451    0.00157    5.26418    5.25494      8.540     0.1188    9.66473   4.656235 -9.990e-29    24.4908    24.4904 1.0000e-12      9.000          1      21049    1519.16 3.7935e+00  52493.702    877.020 1603338627      -0.36     -0.814   39.33007  -72.66934 0.0000e+00
      7.939    19.3294    34.4053  1024.5175     2.4963     5.1282     97.442    0.00056    5.26285    5.25360      8.452     0.1083    9.66244   4.651855 2.5320e-11    24.4828    24.4824 1.0000e-12      8.000          1      21095    1519.07 3.7228e+00  52471.217    878.932 1603338629       0.17     -0.801   39.33006  -72.66934 0.0000e+00
      6.943    19.2827    34.3701  1024.4982     2.4970     5.1445     97.484    0.00064    5.27733    5.26817      8.525     0.0970    9.68715   4.643231 2.5827e-11    24.4679    24.4676 1.0000e-12      7.000          1      21134    1518.88 3.9363e+00  52425.462    880.525 1603338631       0.09     -0.656   39.33007  -72.66934 0.0000e+00
      5.962    19.2404    34.3496  1024.4890     2.4962     5.1719     97.406   -0.00032    5.30958    5.30064      8.533     0.0971    9.74202   4.635604 2.7957e-11    24.4630    24.4627 1.0000e-12      6.000          1      21184    1518.72 3.9495e+00  52399.582    882.616 1603338633      -0.01     -0.428   39.33007  -72.66934 0.0000e+00
      4.960    19.1451    34.3027  1024.4732     2.4958     5.1764     97.324   -0.00146    5.31873    5.30983      8.511     0.1097    9.75809   4.620495 2.7199e-11    24.4516    24.4513 1.0000e-12      5.000          1      21214    1518.38 3.8041e+00  52341.350    883.867 1603338634      -0.28     -0.706   39.33006  -72.66934 0.0000e+00
      3.968    18.9238    34.1984  1024.4454     2.4993     5.1943     97.684    0.00219    5.31737    5.30842      8.487     0.1219    9.75685   4.584722 2.1336e-01    24.4280    24.4279 4.2134e-03      4.000          1      21245    1517.61 2.1675e+00  52212.141    885.165 1603338635       0.08     -0.812   39.33006  -72.66934 0.0000e+00
      2.974    18.8447    34.1120  1024.3950     2.5057     5.2205     98.067    0.00347    5.32344    5.31451      8.422     0.1152    9.76787   4.567306 3.8904e+00    24.3820    24.3819 7.6825e-02      3.000          1      21286    1517.27 1.9881e+00  52098.872    886.891 1603338637       0.13     -0.612   39.33006  -72.66934 0.0000e+00
      1.976    18.8263    33.9049  1024.2370     2.5120     5.2308     98.297    0.00215    5.32141    5.31246      8.415     0.1423    9.76435   4.541404 1.3648e+00    24.2283    24.2282 3.7460e-02      2.000          1      21864    1516.97 3.3777e+00  51817.065    910.938 1603338661      -0.03     -0.244   39.33005  -72.66934 0.0000e+00
