CalculateIndicators/WaterTemperature/Data/CTD_NYOS/20201029_C37.cnv
* Sea-Bird SBE 9 Data File:
* FileName = C:\Seabird 9 CTD\Data\2020\202010_offshore\20201029_C37.hex
* Software Version Seasave V 7.23.2
* Temperature SN = 4590
* Conductivity SN = 3228
* Number of Bytes Per Scan = 44
* Number of Voltage Words = 5
* Number of Scans Averaged by the Deck Unit = 1
* NMEA Latitude = 39 47.58 N
* NMEA Longitude = 071 27.45 W
* NMEA UTC (Time) = Oct 29 2020  04:20:42
* NMEA baud rate = 4800
** Ship: seawolf
** Station: 1.5
** Operator: EIH
# nquan = 31
# nvalues = 606                         
# units = specified
# name 0 = depSM: Depth [salt water, m]
# name 1 = t090C: Temperature [ITS-90, deg C]
# name 2 = sal00: Salinity, Practical [PSU]
# name 3 = density00: Density [density, kg/m^3]
# name 4 = sbeox0V: Oxygen raw, SBE 43 [V]
# name 5 = sbeox0ML/L: Oxygen, SBE 43 [ml/l]
# name 6 = sbeox0PS: Oxygen, SBE 43 [% saturation]
# name 7 = sbox0dV/dT: Oxygen, SBE 43 [dov/dt]
# name 8 = oxsolML/L: Oxygen Saturation, Garcia & Gordon [ml/l]
# name 9 = oxsatML/L: Oxygen Saturation, Weiss [ml/l]
# name 10 = ph: pH
# name 11 = flECO-AFL: Fluorescence, WET Labs ECO-AFL/FL [mg/m^3]
# name 12 = n2satML/L: Nitrogen Saturation [ml/l]
# name 13 = c0S/m: Conductivity [S/m]
# name 14 = cpar: CPAR/Corrected Irradiance [%]
# name 15 = sigma-é00: Density [sigma-theta, kg/m^3]
# name 16 = sigma-t00: Density [sigma-t, kg/m^3 ]
# name 17 = par: PAR/Irradiance, Biospherical/Licor
# name 18 = prDM: Pressure, Digiquartz [db]
# name 19 = pumps: Pump Status
# name 20 = scan: Scan Count
# name 21 = svCM: Sound Velocity [Chen-Millero, m/s]
# name 22 = spar: SPAR, Biospherical/Licor
# name 23 = specc: Specific Conductance [uS/cm]
# name 24 = timeS: Time, Elapsed [seconds]
# name 25 = timeY: Time, System [seconds]
# name 26 = accM: Acceleration [m/s^2]
# name 27 = dz/dtM: Descent Rate [m/s]
# name 28 = latitude: Latitude [deg]
# name 29 = longitude: Longitude [deg]
# name 30 = flag: flag
# span 0 =      0.986,    301.499       
# span 1 =     9.8969,    19.4576       
# span 2 =    34.1139,    35.7366       
# span 3 =  1024.5339,  1028.5676       
# span 4 =     1.4087,     2.4466       
# span 5 =     2.9329,     5.0624       
# span 6 =     46.969,     95.208       
# span 7 =   -0.01844,    0.01345       
# span 8 =    5.24420,    6.31166       
# span 9 =    5.23489,    6.31531       
# span 10 =      8.313,      8.562      
# span 11 =    -0.0808,     0.3555      
# span 12 =    9.62905,   11.38981      
# span 13 =   3.841375,   4.696251      
# span 14 = -2.201e+04, 1.1148e+05      
# span 15 =    24.5295,    27.2022      
# span 16 =    24.5288,    27.1962      
# span 17 = 1.0000e-12, 1.6879e-01      
# span 18 =      1.000,    304.000      
# span 19 =          1,          1      
# span 20 =        -26,      39949      
# span 21 =    1494.82,    1520.35      
# span 22 = -2.696e-01, 4.6152e+00      
# span 23 =  52331.182,  55032.755      
# span 24 =     -1.113,   1664.503      
# span 25 = 1603945242, 1603946908      
# span 26 =      -1.14,       1.06      
# span 27 =     -1.410,      1.210      
# span 28 =   39.78868,   39.79308      
# span 29 =  -71.45766,  -71.45736      
# span 30 = 0.0000e+00, 0.0000e+00      
# interval = decibars: 1                
# start_time = Oct 29 2020 04:20:43 [System UTC, first data scan.]
# bad_flag = -9.990e-29
*END*
[from data line 375]
    229.108    11.4869    35.4668  1028.0848     1.4501     2.9684     48.685    0.00015    6.09721    6.09795 -9.990e-29    -0.0660   11.03334   4.008498 4.5312e-11    27.0547    27.0492 1.0000e-12    231.000          1      19401    1499.44 2.3902e+00  54922.948    808.344 1603946051       0.15     -0.340   39.79097  -71.45756 0.0000e+00
    228.114    11.4917    35.4677  1028.0801     1.4509     2.9701     48.742    0.00047    6.09353    6.09423 -9.990e-29    -0.0533   11.02723   4.008967 4.0757e-11    27.0545    27.0490 1.0000e-12    230.000          1      19449    1499.44 2.7456e+00  54922.782    810.350 1603946053      -0.27     -0.559   39.79096  -71.45756 0.0000e+00
    227.122    11.5084    35.4698  1028.0741     1.4513     2.9693     48.739    0.00025    6.09219    6.09287 -9.990e-29    -0.0541   11.02498   4.010814 4.2535e-11    27.0530    27.0475 1.0000e-12    229.000          1      19489    1499.48 2.6068e+00  54922.089    812.015 1603946055       0.11     -0.620   39.79096  -71.45756 0.0000e+00
    226.133    11.5351    35.4728  1028.0669     1.4512     2.9664     48.694   -0.00008    6.09183    6.09251      8.320    -0.0609   11.02438   4.013616 3.8544e-11    27.0503    27.0449 1.0000e-12    228.000          1      19547    1499.56 2.9181e+00  54920.984    814.421 1603946058       0.09     -0.405   39.79095  -71.45756 0.0000e+00
    225.152    11.5385    35.4739  1028.0626     1.4512     2.9659     48.700    0.00003    6.09013    6.09079      8.316    -0.0660   11.02157   4.013924 4.7126e-11    27.0505    27.0451 1.0000e-12    227.000          1      19602    1499.56 2.2488e+00  54921.250    816.711 1603946060      -0.37     -0.389   39.79094  -71.45756 0.0000e+00
    224.142    11.5423    35.4751  1028.0583     1.4516     2.9668     48.725    0.00018    6.08879    6.08943      8.316    -0.0606   11.01933   4.014409 4.2368e-11    27.0507    27.0453 1.0000e-12    226.000          1      19633    1499.56 2.6199e+00  54921.683    817.994 1603946061      -0.08     -0.696   39.79094  -71.45756 0.0000e+00
    223.167    11.5626    35.4763  1028.0509     1.4526     2.9710     48.805    0.00063    6.08753    6.08815      8.316    -0.0628   11.01722   4.016455 3.7437e-11    27.0478    27.0423 1.0000e-12    225.000          1      19698    1499.61 3.0044e+00  54919.037    820.722 1603946064      -0.36     -0.209   39.79094  -71.45757 0.0000e+00
    222.165    11.5713    35.4782  1028.0462     1.4520     2.9645     48.703   -0.00017    6.08676    6.08737      8.330    -0.0485   11.01595   4.017410 4.2488e-11    27.0476    27.0422 1.0000e-12    224.000          1      19739    1499.63 2.6105e+00  54919.527    822.417 1603946066       0.09     -0.538   39.79094  -71.45758 0.0000e+00
    221.178    11.5744    35.4788  1028.0416     1.4522     2.9645     48.727    0.00012    6.08386    6.08443      8.331    -0.0485   11.01113   4.017707 3.8883e-11    27.0475    27.0421 1.0000e-12    223.000          1      19794    1499.62 2.8917e+00  54919.226    824.713 1603946068      -0.19     -0.417   39.79092  -71.45757 0.0000e+00
    220.183    11.5870    35.4798  1028.0355     1.4531     2.9647     48.793    0.00048    6.07609    6.07656      8.331    -0.0600   10.99820   4.019056 4.5881e-11    27.0459    27.0405 1.0000e-12    222.000          1      19838    1499.65 2.3459e+00  54917.794    826.550 1603946070       0.06     -0.544   39.79092  -71.45757 0.0000e+00
    219.198    11.6158    35.4831  1028.0281     1.4547     2.9652     48.886    0.00079    6.06563    6.06597      8.334    -0.0642   10.98081   4.022263 3.4493e-11    27.0430    27.0377 1.0000e-12    221.000          1      19887    1499.74 3.2340e+00  54916.753    828.578 1603946072      -0.10     -0.463   39.79092  -71.45758 0.0000e+00
    218.202    11.7033    35.4937  1028.0149     1.4565     2.9690     48.966    0.00082    6.06325    6.06356      8.339    -0.0581   10.97684   4.032067 4.0116e-11    27.0347    27.0294 1.0000e-12    220.000          1      19936    1500.03 2.7955e+00  54915.497    830.631 1603946074       0.11     -0.451   39.79091  -71.45758 0.0000e+00
    217.211    11.7460    35.4979  1028.0054     1.4580     2.9725     49.039    0.00085    6.06145    6.06174 -9.990e-29    -0.0610   10.97383   4.036469 3.5728e-11    27.0299    27.0245 1.0000e-12    219.000          1      19990    1500.17 3.1378e+00  54913.317    832.871 1603946076      -0.41     -0.449   39.79090  -71.45758 0.0000e+00
    216.219    11.7671    35.5023  1028.0003     1.4584     2.9703     49.007    0.00027    6.06100    6.06128      8.336    -0.0588   10.97308   4.038811 4.1021e-11    27.0293    27.0239 1.0000e-12    218.000          1      20033    1500.23 2.7249e+00  54915.097    834.681 1603946078       0.14     -0.567   39.79090  -71.45758 0.0000e+00
    215.226    11.7714    35.5039  1027.9962     1.4588     2.9700     49.011    0.00017    6.05978    6.06005      8.328 -9.990e-29   10.97104   4.039242 4.4358e-11    27.0297    27.0244 1.0000e-12    217.000          1      20084    1500.23 2.4647e+00  54916.008    836.801 1603946080      -0.02     -0.497   39.79089  -71.45758 0.0000e+00
    214.242    11.7783    35.5048  1027.9912     1.4587     2.9622     48.968   -0.00013    6.04930    6.04942      8.313 -9.990e-29   10.95363   4.039923 3.7563e-11    27.0291    27.0238 1.0000e-12    216.000          1      20140    1500.24 2.9946e+00  54915.530    839.132 1603946082      -0.05     -0.392   39.79088  -71.45758 0.0000e+00
    213.244    11.8027    35.5074  1027.9839     1.4616     2.9726     49.225    0.00141    6.03880    6.03879      8.314 -9.990e-29   10.93616   4.042789 4.1947e-11    27.0265    27.0211 1.0000e-12    215.000          1      20183    1500.31 2.6527e+00  54914.342    840.926 1603946084       0.04     -0.550   39.79088  -71.45758 0.0000e+00
    212.256    11.9180    35.5174  1027.9648     1.4661     2.9890     49.524    0.00239    6.03540    6.03535      8.314 -9.990e-29   10.93049   4.055313 2.9454e-11    27.0122    27.0069 1.0000e-12    214.000          1      20232    1500.70 3.6271e+00  54907.785    842.942 1603946086      -0.10     -0.477   39.79087  -71.45758 0.0000e+00
    211.263    11.9605    35.5246  1027.9575     1.4693     2.9920     49.583    0.00127    6.03439    6.03433      8.319    -0.0655   10.92878   4.059822 4.1603e-11    27.0097    27.0043 1.0000e-12    213.000          1      20290    1500.84 2.6795e+00  54909.981    845.356 1603946088       0.11     -0.384   39.79086  -71.45758 0.0000e+00
    210.291    11.9695    35.5285  1027.9545     1.4708     2.9904     49.568    0.00032    6.03294    6.03286      8.338    -0.0519   10.92638   4.060860 5.9266e+04    27.0110    27.0057 1.0000e-12    212.000          1      20351    1500.85 1.0117e+00  54913.409    847.897 1603946091      -0.48     -0.358   39.79086  -71.45758 0.0000e+00
    209.277    11.9728    35.5292  1027.9498     1.4715     2.9947     49.644    0.00078    6.03237    6.03229      8.335    -0.0649   10.92543   4.061254 9.9844e+04    27.0108    27.0055 1.0000e-12    211.000          1      20366    1500.85 3.8891e-03  54913.009    848.560 1603946092      -0.69     -0.888   39.79086  -71.45758 0.0000e+00
    208.274    11.9870    35.5307  1027.9437     1.4718     2.9930     49.633    0.00057    6.03026    6.03015      8.336    -0.0589   10.92191   4.062720 9.9999e+04    27.0093    27.0040 1.0000e-12    210.000          1      20409    1500.88 5.2208e-01  54912.191    850.342 1603946093      -0.17     -0.992   39.79086  -71.45758 0.0000e+00
    207.309    11.9964    35.5323  1027.9387     1.4727     2.9913     49.662    0.00058    6.02345    6.02325      8.341    -0.0634   10.91056   4.063641 -2.770e+03    27.0087    27.0034 1.0000e-12    209.000          1      20499    1500.90 2.1592e+00  54912.266    854.099 1603946097      -0.58     -0.617   39.79084  -71.45758 0.0000e+00
    206.300    12.0049    35.5330  1027.9331     1.4738     2.9951     49.735    0.00079    6.02208    6.02187      8.341    -0.0398   10.90831   4.064584 3.8071e-11    27.0076    27.0023 1.0000e-12    208.000          1      20516    1500.92 2.9462e+00  54911.150    854.784 1603946098      -0.50     -1.057   39.79084  -71.45758 0.0000e+00
    205.299    12.0401    35.5379  1027.9254     1.4769     3.0016     49.932    0.00146    6.01146    6.01111      8.332    -0.0389   10.89064   4.068668 3.7790e-11    27.0046    26.9994 1.0000e-12    207.000          1      20559    1501.02 2.9769e+00  54911.479    856.595 1603946100      -0.14     -0.937   39.79084  -71.45758 0.0000e+00
    204.315    12.1302    35.5477  1027.9109     1.4844     3.0186     50.415    0.00321    5.98748    5.98682      8.321    -0.0648   10.85076   4.078599 3.5719e-11    26.9949    26.9896 1.0000e-12    206.000          1      20632    1501.33 3.1384e+00  54909.422    859.628 1603946103      -0.55     -0.731   39.79083  -71.45758 0.0000e+00
    203.333    12.2492    35.5548  1027.8884     1.4911     3.0407     50.835    0.00435    5.98154    5.98081      8.324    -0.0581   10.84084   4.091599 4.5278e-11    26.9772    26.9719 1.0000e-12    205.000          1      20670    1501.72 2.3929e+00  54899.084    861.209 1603946104       0.24     -0.739   39.79082  -71.45758 0.0000e+00
    202.339    12.3536    35.5717  1027.8762     1.4979     3.0529     51.088    0.00341    5.97574    5.97494      8.333    -0.0590   10.83119   4.103074 3.9758e-11    26.9700    26.9646 1.0000e-12    204.000          1      20719    1502.08 2.8235e+00  54904.855    863.249 1603946106       0.13     -0.498   39.79082  -71.45758 0.0000e+00
    201.353    12.4334    35.5830  1027.8646     1.5040     3.0612     51.255    0.00182    5.97254    5.97170      8.324    -0.0550   10.82585   4.111779 3.7903e-11    26.9631    26.9578 1.0000e-12    203.000          1      20788    1502.34 2.9681e+00  54907.075    866.130 1603946109      -0.11     -0.327   39.79082  -71.45758 0.0000e+00
    200.359    12.4404    35.5850  1027.8603     1.5062     3.0654     51.332    0.00143    5.97163    5.97077      8.339    -0.0573   10.82432   4.112456 6.4180e+04    26.9633    26.9579 1.0000e-12    202.000          1      20826    1502.35 1.0366e+00  54908.055    867.710 1603946111      -0.24     -0.584   39.79080  -71.45758 0.0000e+00
    199.363    12.4543    35.5869  1027.8545     1.5071     3.0638     51.314    0.00073    5.97079    5.96993      8.330    -0.0588   10.82293   4.113902 9.6241e+04    26.9620    26.9566 1.0000e-12    201.000          1      20865    1502.39 1.0883e-01  54907.855    869.352 1603946112       0.13     -0.622   39.79080  -71.45758 0.0000e+00
    198.382    12.4661    35.5892  1027.8495     1.5094     3.0644     51.412    0.00080    5.96046    5.95946      8.331    -0.0584   10.80572   4.115107 9.9999e+04    26.9614    26.9561 1.0000e-12    200.000          1      20939    1502.41 2.4126e+00  54908.553    872.398 1603946115      -0.05     -0.233   39.79080  -71.45758 0.0000e+00
    197.389    12.4779    35.5909  1027.8439     1.5128     3.0722     51.663    0.00193    5.94672    5.94556      8.325 -9.990e-29   10.78288   4.116487 -9.990e-29    26.9604    26.9551 1.0000e-12    199.000          1      20973    1502.44 2.7772e+00  54908.390    873.841 1603946117      -0.45     -0.581   39.79079  -71.45758 0.0000e+00
    196.388    12.5608    35.6002  1027.8300     1.5177     3.0888     51.967    0.00281    5.94381    5.94261      8.330 -9.990e-29   10.77804   4.125832 3.5176e-11    26.9512    26.9459 1.0000e-12    198.000          1      21014    1502.71 2.9159e+00  54907.663    875.551 1603946119      -0.01     -0.584   39.79078  -71.45758 0.0000e+00
    195.406    12.6759    35.6124  1027.8118     1.5241     3.1011     52.218    0.00212    5.93878    5.93752      8.352 -9.990e-29   10.76965   4.138242 4.0753e-11    26.9379    26.9326 1.0000e-12    197.000          1      21075    1503.09 2.7571e+00  54905.791    878.103 1603946121      -0.44     -0.356   39.79078  -71.45758 0.0000e+00
    194.404    12.6916    35.6148  1027.8060     1.5261     3.1046     52.283    0.00167    5.93796    5.93668      8.353    -0.0658   10.76827   4.139972 3.8657e-11    26.9366    26.9313 1.0000e-12    196.000          1      21108    1503.13 2.9093e+00  54906.086    879.452 1603946123      -0.00     -0.701   39.79078  -71.45758 0.0000e+00
    193.424    12.7300    35.6208  1027.7985     1.5311     3.1119     52.492    0.00145    5.92824    5.92684      8.355    -0.0513   10.75210   4.144179 4.0576e-11    26.9336    26.9283 1.0000e-12    195.000          1      21187    1503.25 2.7418e+00  54907.862    882.737 1603946126       0.01     -0.157   39.79077  -71.45758 0.0000e+00
    192.426    12.7637    35.6245  1027.7900     1.5342     3.1202     52.681    0.00199    5.92287    5.92141      8.356    -0.0667   10.74316   4.147985 -9.990e-29    26.9297    26.9244 1.0000e-12    194.000          1      21224    1503.35 2.1025e+00  54907.198    884.299 1603946127      -0.26     -0.634   39.79076  -71.45758 0.0000e+00
    191.434    12.8030    35.6281  1027.7804     1.5378     3.1325     52.898    0.00244    5.92177    5.92030      8.354    -0.0602   10.74132   4.152138 -9.990e-29    26.9247    26.9194 1.0000e-12    193.000          1      21259    1503.47 1.9272e+00  54905.519    885.730 1603946129       0.07     -0.723   39.79076  -71.45758 0.0000e+00
    190.447    12.8493    35.6356  1027.7722     1.5436     3.1462     53.155    0.00226    5.91894    5.91743      8.337    -0.0624   10.73662   4.157417 9.9999e+04    26.9211    26.9159 1.0000e-12    192.000          1      21321    1503.62 1.2017e+00  54908.171    888.343 1603946132      -0.22     -0.373   39.79076  -71.45758 0.0000e+00
    189.455    12.8774    35.6383  1027.7641     1.5474     3.1556     53.321    0.00198    5.91807    5.91655      8.330    -0.0657   10.73521   4.160450 9.2929e+04    26.9176    26.9123 1.0000e-12    191.000          1      21370    1503.70 1.4278e-01  54906.910    890.390 1603946133      -1.02     -0.635   39.79076  -71.45758 0.0000e+00
    188.441    12.8882    35.6376  1027.7569     1.5493     3.1623     53.435    0.00227    5.91804    5.91652      8.330    -0.0545   10.73517   4.161137 5.9647e+03    26.9149    26.9096 1.0000e-12    190.000          1      21388    1503.72 2.3561e+00  54903.838    891.122 1603946134      -0.52     -1.222   39.79074  -71.45758 0.0000e+00
    187.466    12.8821    35.6347  1027.7515     1.5517     3.1640     53.445    0.00103    5.92004    5.91854      8.328    -0.0506   10.73853   4.159949 -8.400e+01    26.9138    26.9086 1.0000e-12    189.000          1      21471    1503.68 2.6387e+00  54900.150    894.570 1603946138      -0.31     -0.703   39.79074  -71.45758 0.0000e+00
    186.474    12.8754    35.6326  1027.7468     1.5531     3.1660     53.471    0.00047    5.92110    5.91961      8.328    -0.0667   10.74031   4.158914 4.1488e-11    26.9135    26.9083 1.0000e-12    188.000          1      21514    1503.64 2.6885e+00  54897.744    896.385 1603946139      -0.49     -0.975   39.79074  -71.45758 0.0000e+00
    185.474    12.8654    35.6289  1027.7415     1.5542     3.1707     53.556    0.00085    5.92035    5.91886      8.328    -0.0599   10.73906   4.157503 2.4556e+04    26.9126    26.9075 1.0000e-12    187.000          1      21543    1503.58 2.2995e+00  54893.512    897.588 1603946141       0.13     -1.010   39.79072  -71.45758 0.0000e+00
    184.498    12.8651    35.6258  1027.7347     1.5599     3.1841     53.926    0.00236    5.90465    5.90296 -9.990e-29    -0.0678   10.71300   4.157328 5.5280e+04    26.9102    26.9051 1.0000e-12    186.000          1      21658    1503.56 8.7469e-01  54888.654    902.359 1603946145      -0.88     -0.638   39.79072  -71.45758 0.0000e+00
