CalculateIndicators/WaterTemperature/Data/CTD_NYOS/20201021_C17.cnv
* Sea-Bird SBE 9 Data File:
* FileName = C:\Seabird 9 CTD\Data\2020\202010_offshore\20201021_C17.hex
* Software Version Seasave V 7.23.2
* Temperature SN = 4590
* Conductivity SN = 3228
* Number of Bytes Per Scan = 44
* Number of Voltage Words = 5
* Number of Scans Averaged by the Deck Unit = 1
* NMEA Latitude = 40 00.08 N
* NMEA Longitude = 072 54.11 W
* NMEA UTC (Time) = Oct 21 2020  21:29:19
* NMEA baud rate = 4800
** Ship: seawolf
** Station: 5.3
** Operator: SJW
# nquan = 31
# nvalues = 91                          
# units = specified
# name 0 = depSM: Depth [salt water, m]
# name 1 = t090C: Temperature [ITS-90, deg C]
# name 2 = sal00: Salinity, Practical [PSU]
# name 3 = density00: Density [density, kg/m^3]
# name 4 = sbeox0V: Oxygen raw, SBE 43 [V]
# name 5 = sbeox0ML/L: Oxygen, SBE 43 [ml/l]
# name 6 = sbeox0PS: Oxygen, SBE 43 [% saturation]
# name 7 = sbox0dV/dT: Oxygen, SBE 43 [dov/dt]
# name 8 = oxsolML/L: Oxygen Saturation, Garcia & Gordon [ml/l]
# name 9 = oxsatML/L: Oxygen Saturation, Weiss [ml/l]
# name 10 = ph: pH
# name 11 = flECO-AFL: Fluorescence, WET Labs ECO-AFL/FL [mg/m^3]
# name 12 = n2satML/L: Nitrogen Saturation [ml/l]
# name 13 = c0S/m: Conductivity [S/m]
# name 14 = cpar: CPAR/Corrected Irradiance [%]
# name 15 = sigma-é00: Density [sigma-theta, kg/m^3]
# name 16 = sigma-t00: Density [sigma-t, kg/m^3 ]
# name 17 = par: PAR/Irradiance, Biospherical/Licor
# name 18 = prDM: Pressure, Digiquartz [db]
# name 19 = pumps: Pump Status
# name 20 = scan: Scan Count
# name 21 = svCM: Sound Velocity [Chen-Millero, m/s]
# name 22 = spar: SPAR, Biospherical/Licor
# name 23 = specc: Specific Conductance [uS/cm]
# name 24 = timeS: Time, Elapsed [seconds]
# name 25 = timeY: Time, System [seconds]
# name 26 = accM: Acceleration [m/s^2]
# name 27 = dz/dtM: Descent Rate [m/s]
# name 28 = latitude: Latitude [deg]
# name 29 = longitude: Longitude [deg]
# name 30 = flag: flag
# span 0 =      1.981,     46.637       
# span 1 =    13.9223,    18.5104       
# span 2 =    33.1272,    33.6463       
# span 3 =  1023.8314,  1025.0063       
# span 4 =     1.6110,     2.5108       
# span 5 =     3.0907,     5.2811       
# span 6 =     52.316,     98.189       
# span 7 =   -0.12487,    0.07747       
# span 8 =    5.37429,    5.89808       
# span 9 =    5.36553,    5.89459       
# span 10 =      8.156,      8.428      
# span 11 =     0.1279,     0.5294      
# span 12 =    9.85887,   10.72969      
# span 13 =   3.984827,   4.441045      
# span 14 = 1.2083e-02, 1.5194e+01      
# span 15 =    23.8227,    24.7979      
# span 16 =    23.8226,    24.7965      
# span 17 = 7.4623e-02, 8.3344e+01      
# span 18 =      2.000,     47.000      
# span 19 =          1,          1      
# span 20 =        423,      11860      
# span 21 =    1501.68,    1515.35      
# span 22 = 4.0492e+02, 6.9846e+02      
# span 23 =  50970.417,  51527.204      
# span 24 =     17.577,    494.104      
# span 25 = 1603315778, 1603316254      
# span 26 =      -0.28,       0.33      
# span 27 =     -0.651,      0.670      
# span 28 =   40.00136,   40.00154      
# span 29 =  -72.90237,  -72.90190      
# span 30 = 0.0000e+00, 0.0000e+00      
# interval = decibars: 1                
# start_time = Oct 21 2020 21:29:20 [System UTC, first data scan.]
# bad_flag = -9.990e-29
*END*
      1.981    18.4975    33.2702  1023.8341     2.5108     5.2792     98.189    0.00041    5.37662    5.36787 -9.990e-29     0.1730    9.86272   4.434628 1.3306e+01    23.8254    23.8254 8.3344e+01      2.000          1        423    1515.31 6.2606e+02  50970.458     17.577 1603315778       0.26      0.142   40.00136  -72.90190 0.0000e+00
      2.977    18.4951    33.2710  1023.8397     2.5099     5.2751     98.107   -0.00052    5.37686    5.36812 -9.990e-29     0.1753    9.86312   4.434523 1.0077e+01    23.8266    23.8265 6.4138e+01      3.000          1        548    1515.31 6.3555e+02  50972.077     22.787 1603315783       0.04      0.226   40.00136  -72.90191 0.0000e+00
      3.970    18.4920    33.2714  1023.8452     2.5086     5.2796     98.078   -0.00034    5.38312    5.37444      8.392     0.2021    9.87341   4.434293 7.5442e+00    23.8278    23.8276 4.9447e+01      4.000          1        648    1515.33 6.6069e+02  50973.423     26.974 1603315787       0.07      0.400   40.00136  -72.90192 0.0000e+00
      4.963    18.4499    33.2784  1023.8653     2.5033     5.2746     97.724   -0.00255    5.39745    5.38890      8.393     0.2065    9.89700   4.430738 6.5433e+00    23.8435    23.8433 4.5133e+01      5.000          1        709    1515.23 6.8985e+02  50986.057     29.502 1603315790      -0.02      0.403   40.00136  -72.90192 0.0000e+00
      5.953    18.2694    33.3051  1023.9348     2.4991     5.2811     97.646   -0.00083    5.40840    5.39995      8.395     0.1823    9.91504   4.416285 5.2053e+00    23.9086    23.9084 3.3606e+01      6.000          1        786    1514.75 6.4813e+02  51035.250     32.726 1603315793      -0.01      0.295   40.00136  -72.90192 0.0000e+00
      6.944    18.1870    33.3152  1023.9671     2.4935     5.2710     97.292   -0.00274    5.41775    5.40939      8.399     0.1669    9.93035   4.409464 5.0968e+00    23.9366    23.9363 3.1485e+01      7.000          1        852    1514.54 6.1932e+02  51055.209     35.460 1603315796       0.12      0.375   40.00136  -72.90192 0.0000e+00
      7.939    18.0861    33.3344  1024.0110     2.4930     5.2796     97.425   -0.00024    5.41915    5.41082      8.400     0.1870    9.93249   4.402114 3.9521e+00    23.9761    23.9758 2.7573e+01      8.000          1        906    1514.28 6.9846e+02  51088.760     37.715 1603315798      -0.07      0.426   40.00136  -72.90192 0.0000e+00
      8.932    18.0528    33.3550  1024.0393     2.4907     5.2711     97.263   -0.00124    5.41940    5.41107      8.400     0.1680    9.93286   4.401625 3.4858e+00    24.0001    23.9997 2.3526e+01      9.000          1        962    1514.22 6.7452e+02  51119.926     40.023 1603315800       0.15      0.449   40.00136  -72.90193 0.0000e+00
      9.921    18.0413    33.3730  1024.0602     2.4864     5.2609     97.084   -0.00118    5.41894    5.41065      8.402     0.2233    9.93108   4.402982 3.1084e+00    24.0166    24.0162 2.1043e+01     10.000          1       1049    1514.23 6.7658e+02  51145.758     43.670 1603315804       0.13      0.239   40.00136  -72.90194 0.0000e+00
     10.916    18.0295    33.4252  1024.1075     2.4804     5.2409     96.703   -0.00298    5.41965    5.41139      8.400     0.2682    9.93175   4.408220 2.9419e+00    24.0596    24.0591 1.9951e+01     11.000          1       1096    1514.27 6.7807e+02  51218.667     45.609 1603315806       0.19      0.615   40.00136  -72.90194 0.0000e+00
     11.911    18.0130    33.4833  1024.1604     2.4739     5.2198     96.306   -0.00442    5.41998    5.41172      8.400     0.2721    9.93227   4.413473 2.2456e+00    24.1081    24.1076 1.5159e+01     12.000          1       1133    1514.30 6.7508e+02  51299.973     47.154 1603315807      -0.05      0.664   40.00136  -72.90194 0.0000e+00
     12.899    17.9917    33.5140  1024.1935     2.4659     5.2083     96.076   -0.00200    5.42104    5.41279 -9.990e-29     0.3236    9.93401   4.414932 2.0645e+00    24.1369    24.1363 1.4105e+01     13.000          1       1218    1514.29 6.8311e+02  51344.000     50.696 1603315811       0.02      0.232   40.00136  -72.90194 0.0000e+00
     13.891    17.9848    33.5141  1024.1996     2.4622     5.2041     95.991   -0.00073    5.42148    5.41324 -9.990e-29     0.3745    9.93467   4.414361 2.0567e+00    24.1386    24.1380 1.2632e+01     14.000          1       1281    1514.29 6.1388e+02  51345.014     53.349 1603315813       0.17      0.520   40.00136  -72.90194 0.0000e+00
     14.886    17.9752    33.5157  1024.2076     2.4610     5.2004     95.925   -0.00092    5.42131    5.41307 -9.990e-29     0.3961    9.93437   4.413686 1.5901e+00    24.1422    24.1416 1.0362e+01     15.000          1       1319    1514.28 6.5245e+02  51348.370     54.899 1603315815       0.02      0.639   40.00136  -72.90194 0.0000e+00
     15.877    17.9760    33.5218  1024.2165     2.4589     5.1964     95.840   -0.00081    5.42193    5.41370 -9.990e-29     0.4144    9.93541   4.414612 1.4353e+00    24.1468    24.1461 9.5341e+00     16.000          1       1384    1514.30 6.6443e+02  51357.263     57.642 1603315818      -0.08      0.345   40.00136  -72.90194 0.0000e+00
     16.869    17.9707    33.5224  1024.2227     2.4553     5.1884     95.661   -0.00116    5.42377    5.41556 -9.990e-29     0.4670    9.93850   4.414192 1.3868e+00    24.1485    24.1478 9.0565e+00     17.000          1       1459    1514.31 6.5316e+02  51358.918     60.730 1603315821       0.17      0.419   40.00136  -72.90194 0.0000e+00
     17.861    17.9600    33.5205  1024.2282     2.4476     5.1609     95.156   -0.00365    5.42361    5.41539      8.399     0.4940    9.93814   4.412941 1.2668e+00    24.1497    24.1490 7.5792e+00     18.000          1       1510    1514.29 6.0656e+02  51357.597     62.893 1603315823      -0.05      0.462   40.00136  -72.90194 0.0000e+00
     18.855    17.9508    33.5248  1024.2382     2.4388     5.1384     94.744   -0.00357    5.42348    5.41526      8.399     0.5292    9.93784   4.412723 1.0623e+00    24.1553    24.1546 6.5312e+00     19.000          1       1567    1514.28 6.2314e+02  51364.682     65.264 1603315825      -0.01      0.425   40.00136  -72.90195 0.0000e+00
     19.844    17.9549    33.5352  1024.2495     2.4344     5.1345     94.666   -0.00146    5.42374    5.41553      8.399     0.5294    9.93820   4.414349 9.2095e-01    24.1623    24.1615 5.7260e+00     20.000          1       1631    1514.33 6.2174e+02  51379.117     67.897 1603315828       0.03      0.367   40.00136  -72.90196 0.0000e+00
     20.838    17.9459    33.5410  1024.2606     2.4309     5.1257     94.513   -0.00137    5.42328    5.41507 -9.990e-29     0.4865    9.93738   4.414230 9.2140e-01    24.1690    24.1681 5.3658e+00     21.000          1       1685    1514.32 5.9145e+02  51388.155     70.151 1603315830      -0.03      0.441   40.00136  -72.90196 0.0000e+00
     21.830    17.9516    33.5465  1024.2678     2.4280     5.1185     94.380   -0.00136    5.42335    5.41515      8.399     0.4918    9.93745   4.415488 7.5844e-01    24.1718    24.1709 4.7133e+00     22.000          1       1738    1514.36 6.2976e+02  51395.789     72.389 1603315832       0.06      0.452   40.00136  -72.90196 0.0000e+00
     22.822    17.9468    33.5523  1024.2778     2.4259     5.1135     94.344   -0.00044    5.42009    5.41186      8.400     0.4603    9.93189   4.415793 6.1507e-01    24.1775    24.1765 3.8911e+00     23.000          1       1803    1514.37 6.3277e+02  51404.587     75.093 1603315835      -0.07      0.339   40.00137  -72.90197 0.0000e+00
     23.816    17.9703    33.5644  1024.2857     2.4336     5.1418     94.947    0.00337    5.41545    5.40719      8.402     0.3938    9.92402   4.419655 5.5042e-01    24.1811    24.1801 3.5914e+00     24.000          1       1865    1514.47 6.5270e+02  51419.935     77.649 1603315838       0.05      0.441   40.00136  -72.90198 0.0000e+00
     24.802    18.0062    33.5792  1024.2927     2.4448     5.1762     95.599    0.00503    5.41452    5.40625      8.404     0.3912    9.92235   4.425129 6.5521e-01    24.1837    24.1826 3.3873e+00     25.000          1       1921    1514.61 5.2672e+02  51438.181     79.999 1603315840       0.06      0.402   40.00136  -72.90198 0.0000e+00
     25.803    18.0187    33.5879  1024.3007     2.4454     5.1648     95.406    0.00114    5.41352    5.40525 -9.990e-29     0.3946    9.92062   4.427219 5.2093e-01    24.1873    24.1862 2.8898e+00     26.000          1       1958    1514.67 5.6483e+02  51449.668     81.534 1603315842       0.05      0.632   40.00137  -72.90198 0.0000e+00
     26.790    18.0296    33.6021  1024.3133     2.4498     5.1766     95.658    0.00154    5.41157    5.40328 -9.990e-29     0.3671    9.91721   4.430001 4.4425e-01    24.1956    24.1945 2.4943e+00     27.000          1       2035    1514.74 5.7164e+02  51468.859     84.770 1603315845      -0.10      0.249   40.00138  -72.90198 0.0000e+00
     27.782    18.0417    33.6163  1024.3256     2.4499     5.1658     95.542   -0.00073    5.40687    5.39855 -9.990e-29     0.3635    9.90914   4.432819 4.3407e-01    24.2035    24.2024 2.3856e+00     28.000          1       2100    1514.80 5.6004e+02  51488.009     87.469 1603315848       0.33      0.471   40.00136  -72.90198 0.0000e+00
     28.779    18.0425    33.6234  1024.3352     2.4468     5.1517     95.309   -0.00227    5.40523    5.39690 -9.990e-29     0.3089    9.90637   4.433932 4.3891e-01    24.2088    24.2076 2.0993e+00     29.000          1       2137    1514.83 4.7892e+02  51497.978     88.980 1603315849      -0.05      0.670   40.00136  -72.90198 0.0000e+00
     29.769    18.0882    33.6457  1024.3455     2.4473     5.1614     95.479    0.00013    5.40579    5.39746 -9.990e-29     0.2834    9.90731   4.441045 3.4899e-01    24.2147    24.2135 1.7926e+00     30.000          1       2191    1515.01 5.2071e+02  51525.953     91.254 1603315851      -0.07      0.437   40.00138  -72.90198 0.0000e+00
     30.758    18.0885    33.6463  1024.3502     2.4434     5.1478     95.202   -0.00174    5.40727    5.39895 -9.990e-29     0.3033    9.90979   4.440947 2.6957e-01    24.2152    24.2139 1.6226e+00     31.000          1       2270    1515.02 6.0037e+02  51527.204     94.529 1603315855       0.00      0.264   40.00138  -72.90198 0.0000e+00
     31.752    18.0754    33.6443  1024.3563     2.4391     5.1357     94.981   -0.00202    5.40706    5.39874      8.403     0.3104    9.90945   4.439486 3.2107e-01    24.2169    24.2155 1.4969e+00     32.000          1       2320    1515.00 4.6776e+02  51525.851     96.611 1603315857       0.19      0.515   40.00137  -72.90198 0.0000e+00
     32.748    18.0752    33.6444  1024.3609     2.4366     5.1365     94.960   -0.00053    5.40911    5.40081      8.400     0.3170    9.91288   4.439473 2.7698e-01    24.2170    24.2157 1.3309e+00     33.000          1       2494    1515.02 4.9308e+02  51526.522    103.877 1603315864      -0.11      0.369   40.00138  -72.90199 0.0000e+00
     33.739    18.0548    33.6406  1024.3673     2.4294     5.1130     94.497   -0.00271    5.41078    5.40249      8.397     0.3602    9.91567   4.436986 2.2264e-01    24.2191    24.2177 1.2092e+00     34.000          1       2608    1514.97 5.6496e+02  51523.246    108.612 1603315869       0.12      0.419   40.00138  -72.90200 0.0000e+00
     34.727    18.0393    33.6389  1024.3742     2.4195     5.1163     94.060   -0.00276    5.43950    5.43146      8.390     0.2980    9.96388   4.435369 2.0653e-01    24.2217    24.2202 1.0357e+00     35.000          1       2698    1514.94 5.0395e+02  51522.529    112.372 1603315872      -0.06      0.215   40.00138  -72.90200 0.0000e+00
     35.719    17.9285    33.6068  1024.3811     2.3537     4.8973     89.027   -0.03432    5.50109    5.49359      8.368     0.3487   10.06694   4.418660 1.7105e-01    24.2241    24.2226 9.5119e-01     36.000          1       2754    1514.59 5.6333e+02  51486.950    114.723 1603315875       0.21      0.500   40.00138  -72.90200 0.0000e+00
     36.716    17.3610    33.5290  1024.4625     2.1784     4.4303     77.733   -0.07466    5.71401    5.70861      8.318     0.2785   10.42266   4.352919 1.3599e-01    24.3008    24.2993 8.5042e-01     37.000          1       2808    1512.84 6.2970e+02  51423.845    116.965 1603315877      -0.09      0.416   40.00138  -72.90200 0.0000e+00
     37.702    14.3771    33.1872  1024.8786     1.7325     3.0907     52.316   -0.12487    5.89808    5.89459      8.172     0.1413   10.72969   4.019228 1.7393e-01    24.7104    24.7093 7.4570e-01     38.000          1       2903    1503.21 4.3622e+02  51236.522    120.921 1603315881       0.16      0.232   40.00138  -72.90201 0.0000e+00
     38.698    13.9567    33.1670  1024.9538     1.6613     3.2214     54.752   -0.04116    5.88358    5.87993      8.178     0.1357   10.70563   3.986945 1.0149e-01    24.7809    24.7797 6.4413e-01     39.000          1       2952    1501.83 6.3758e+02  51259.977    122.947 1603315883      -0.02      0.465   40.00138  -72.90202 0.0000e+00
     39.688    13.9260    33.1509  1024.9523     1.6302     3.2677     55.541   -0.00856    5.88343    5.87978      8.181     0.1409   10.70541   3.984827 9.0407e-02    24.7749    24.7737 5.2849e-01     40.000          1       3019    1501.72 5.9243e+02  51241.818    125.735 1603315886      -0.05      0.330   40.00138  -72.90202 0.0000e+00
     40.684    13.9258    33.1481  1024.9546     1.6229     3.2706     55.590   -0.00285    5.88352    5.87987      8.186     0.1471   10.70557   3.985937 7.8327e-02    24.7728    24.7716 4.4166e-01     41.000          1       3072    1501.74 5.6845e+02  51238.464    127.964 1603315888       0.28      0.486   40.00140  -72.90202 0.0000e+00
     41.673    13.9263    33.1446  1024.9563     1.6177     3.2608     55.447   -0.00135    5.88105    5.87737      8.190     0.1279   10.70142   3.986986 6.9122e-02    24.7700    24.7688 3.5584e-01     42.000          1       3162    1501.75 5.2351e+02  51234.161    131.697 1603315892       0.16      0.336   40.00139  -72.90202 0.0000e+00
     42.670    13.9307    33.1470  1024.9617     1.6168     3.2612     55.480   -0.00029    5.87818    5.87447      8.194     0.1466   10.69659   3.988381 4.9787e-02    24.7710    24.7697 2.8561e-01     43.000          1       3214    1501.78 5.7956e+02  51237.418    133.884 1603315894       0.13      0.634   40.00140  -72.90203 0.0000e+00
     43.657    13.9703    33.1589  1024.9672     1.6184     3.2664     55.629    0.00060    5.87176    5.86799      8.198     0.1451   10.68569   3.994180 3.5866e-02    24.7721    24.7708 2.2225e-01     44.000          1       3314    1501.94 6.1739e+02  51249.733    138.060 1603315898       0.05      0.230   40.00140  -72.90204 0.0000e+00
     44.653    14.0104    33.1779  1024.9780     1.6237     3.2877     56.018    0.00246    5.86904    5.86525 -9.990e-29     0.1545   10.68109   4.000429 2.8793e-02    24.7784    24.7771 1.7278e-01     45.000          1       3377    1502.11 6.0190e+02  51271.877    140.676 1603315901       0.05      0.499   40.00140  -72.90204 0.0000e+00
     45.645    14.0208    33.1876  1024.9877     1.6261     3.2857     55.957   -0.00021    5.87188    5.86813      8.198     0.1671   10.68572   4.002334 1.9851e-02    24.7838    24.7824 1.1878e-01     46.000          1       3506    1502.17 5.9838e+02  51284.343    146.062 1603315906       0.17      0.440   40.00140  -72.90204 0.0000e+00
     46.637    14.0063    33.2020  1025.0063     1.6251     3.2839     55.925   -0.00000    5.87201    5.86826      8.188     0.1542   10.68589   4.002936 1.2083e-02    24.7979    24.7965 7.4623e-02     47.000          1       4271    1502.16 6.1667e+02  51306.746    177.915 1603315938      -0.13      0.084   40.00141  -72.90206 0.0000e+00
