CalculateIndicators/WaterTemperature/Data/CTD_NYOS/20201028_C34.cnv
* Sea-Bird SBE 9 Data File:
* FileName = C:\Seabird 9 CTD\Data\2020\202010_offshore\20201028_C34.hex
* Software Version Seasave V 7.23.2
* Temperature SN = 4590
* Conductivity SN = 3228
* Number of Bytes Per Scan = 44
* Number of Voltage Words = 5
* Number of Scans Averaged by the Deck Unit = 1
* NMEA Latitude = 40 17.09 N
* NMEA Longitude = 071 58.53 W
* NMEA UTC (Time) = Oct 28 2020  18:18:31
* NMEA baud rate = 4800
** Ship: seawolf
** Station: 2.3
** Operator: EIH
# nquan = 31
# nvalues = 115                         
# units = specified
# name 0 = depSM: Depth [salt water, m]
# name 1 = t090C: Temperature [ITS-90, deg C]
# name 2 = sal00: Salinity, Practical [PSU]
# name 3 = density00: Density [density, kg/m^3]
# name 4 = sbeox0V: Oxygen raw, SBE 43 [V]
# name 5 = sbeox0ML/L: Oxygen, SBE 43 [ml/l]
# name 6 = sbeox0PS: Oxygen, SBE 43 [% saturation]
# name 7 = sbox0dV/dT: Oxygen, SBE 43 [dov/dt]
# name 8 = oxsolML/L: Oxygen Saturation, Garcia & Gordon [ml/l]
# name 9 = oxsatML/L: Oxygen Saturation, Weiss [ml/l]
# name 10 = ph: pH
# name 11 = flECO-AFL: Fluorescence, WET Labs ECO-AFL/FL [mg/m^3]
# name 12 = n2satML/L: Nitrogen Saturation [ml/l]
# name 13 = c0S/m: Conductivity [S/m]
# name 14 = cpar: CPAR/Corrected Irradiance [%]
# name 15 = sigma-é00: Density [sigma-theta, kg/m^3]
# name 16 = sigma-t00: Density [sigma-t, kg/m^3 ]
# name 17 = par: PAR/Irradiance, Biospherical/Licor
# name 18 = prDM: Pressure, Digiquartz [db]
# name 19 = pumps: Pump Status
# name 20 = scan: Scan Count
# name 21 = svCM: Sound Velocity [Chen-Millero, m/s]
# name 22 = spar: SPAR, Biospherical/Licor
# name 23 = specc: Specific Conductance [uS/cm]
# name 24 = timeS: Time, Elapsed [seconds]
# name 25 = timeY: Time, System [seconds]
# name 26 = accM: Acceleration [m/s^2]
# name 27 = dz/dtM: Descent Rate [m/s]
# name 28 = latitude: Latitude [deg]
# name 29 = longitude: Longitude [deg]
# name 30 = flag: flag
# span 0 =      1.960,     58.568       
# span 1 =    16.7007,    17.3159       
# span 2 =    33.0123,    34.1987       
# span 3 =  1023.9553,  1025.0941       
# span 4 =     1.9721,     2.4021       
# span 5 =     3.9795,     5.1424       
# span 6 =     71.588,     93.138       
# span 7 =   -0.06302,    0.05004       
# span 8 =    5.47276,    5.55875       
# span 9 =    5.46531,    5.55174       
# span 10 =      8.332,      8.687      
# span 11 =     0.0267,     0.3309      
# span 12 =   10.01281,   10.16419      
# span 13 =   4.272801,   4.427280      
# span 14 = 3.8413e-13, 3.1706e+01      
# span 15 =    23.9467,    24.8363      
# span 16 =    23.9466,    24.8340      
# span 17 = 1.0000e-12, 5.7532e+01      
# span 18 =      2.000,     59.000      
# span 19 =          1,          1      
# span 20 =        177,      13011      
# span 21 =    1510.78,    1513.72      
# span 22 = 1.5566e+02, 2.7483e+02      
# span 23 =  50710.373,  52358.632      
# span 24 =      7.315,    542.100      
# span 25 = 1603909119, 1603909654      
# span 26 =      -1.02,       1.36      
# span 27 =     -1.013,      1.303      
# span 28 =   40.28488,   40.28534      
# span 29 =  -71.97544,  -71.97283      
# span 30 = 0.0000e+00, 0.0000e+00      
# interval = decibars: 1                
# start_time = Oct 28 2020 18:18:32 [System UTC, first data scan.]
# bad_flag = -9.990e-29
*END*
      1.960    17.1812    33.0123  1023.9553     2.4001     5.1300     92.906   -0.00095    5.52167    5.51412      8.426     0.3309   10.10642   4.278439 3.1706e+01    23.9467    23.9466 5.7532e+01      2.000          1        177    1511.13 1.8091e+02  50710.373      7.315 1603909119       0.32     -0.294   40.28488  -71.97544 0.0000e+00
      2.988    17.1768    33.0126  1023.9611     2.4001     5.1324     92.951   -0.00027    5.52166    5.51412      8.426     0.3011   10.10641   4.278099 2.2912e+01    23.9479    23.9478 4.3378e+01      3.000          1        266    1511.14 1.8949e+02  50711.535     11.032 1603909123       0.41      0.451   40.28488  -71.97543 0.0000e+00
      3.968    17.1741    33.0130  1023.9665     2.4007     5.1372     93.030    0.00010    5.52208    5.51454 -9.990e-29     0.3125   10.10711   4.277938 1.8813e+01    23.9490    23.9488 3.5989e+01      4.000          1        398    1511.14 1.9134e+02  50712.911     16.559 1603909128      -0.14      0.508   40.28488  -71.97542 0.0000e+00
      4.958    17.1741    33.0127  1023.9706     2.4011     5.1394     93.071    0.00026    5.52201    5.51447 -9.990e-29     0.2972   10.10699   4.277955 1.6263e+01    23.9487    23.9485 3.1002e+01      5.000          1        453    1511.16 1.9065e+02  50712.882     18.839 1603909131      -0.04      0.400   40.28488  -71.97542 0.0000e+00
      5.963    17.1744    33.0127  1023.9750     2.4013     5.1387     93.059   -0.00014    5.52198    5.51444 -9.990e-29     0.3168   10.10694   4.278025 1.5122e+01    23.9487    23.9485 2.8682e+01      6.000          1        494    1511.18 1.8966e+02  50713.423     20.531 1603909132       0.27      0.591   40.28490  -71.97540 0.0000e+00
      6.927    17.1749    33.0130  1023.9794     2.4021     5.1424     93.125   -0.00024    5.52200    5.51447      8.426     0.3007   10.10698   4.278158 1.1879e+01    23.9489    23.9486 2.2284e+01      7.000          1        577    1511.20 1.8762e+02  50714.267     24.006 1603909136       0.52      0.185   40.28490  -71.97538 0.0000e+00
      7.936    17.1750    33.0129  1023.9838     2.4003     5.1330     92.957   -0.00150    5.52196    5.51442      8.426     0.3100   10.10690   4.278182 1.0324e+01    23.9488    23.9485 1.9366e+01      8.000          1        594    1511.21 1.8759e+02  50714.631     24.714 1603909137       0.92      0.837   40.28490  -71.97538 0.0000e+00
      8.951    17.1747    33.0126  1023.9881     2.4005     5.1345     92.982   -0.00126    5.52197    5.51443      8.426     0.2943   10.10693   4.278176 8.5848e+00    23.9486    23.9483 1.6205e+01      9.000          1        612    1511.23 1.8881e+02  50714.688     25.452 1603909137       0.31      1.303   40.28490  -71.97538 0.0000e+00
      9.927    17.1750    33.0131  1023.9928     2.3997     5.1367     93.024   -0.00036    5.52191    5.51437      8.426     0.2998   10.10681   4.278314 7.6342e+00    23.9490    23.9487 1.4298e+01     10.000          1        689    1511.25 1.8730e+02  50715.943     28.652 1603909140       0.54      0.578   40.28490  -71.97536 0.0000e+00
     10.929    17.1757    33.0134  1023.9974     2.3982     5.1300     92.907   -0.00120    5.52169    5.51415      8.426     0.2970   10.10643   4.278458 6.5536e+00    23.9492    23.9487 1.2294e+01     11.000          1        725    1511.27 1.8759e+02  50716.852     30.159 1603909142       0.16      0.982   40.28490  -71.97534 0.0000e+00
     11.904    17.1764    33.0148  1024.0026     2.3999     5.1424     93.138    0.00088    5.52122    5.51368      8.426     0.2801   10.10560   4.278738 5.7154e+00    23.9501    23.9496 1.0649e+01     12.000          1        790    1511.29 1.8632e+02  50719.200     32.865 1603909145      -0.20      0.312   40.28492  -71.97534 0.0000e+00
     12.886    17.1782    33.0176  1024.0087     2.3974     5.1285     92.887   -0.00144    5.52122    5.51368      8.426     0.2693   10.10561   4.279309 5.1993e+00    23.9518    23.9513 9.6482e+00     13.000          1        837    1511.31 1.8558e+02  50723.309     34.841 1603909147       0.27      0.483   40.28492  -71.97533 0.0000e+00
     13.902    17.1810    33.0213  1024.0154     2.3964     5.1236     92.802   -0.00198    5.52106    5.51352      8.426     0.2700   10.10533   4.280014 4.3617e+00    23.9541    23.9535 8.0964e+00     14.000          1        858    1511.34 1.8563e+02  50728.838     35.690 1603909148       0.46      0.880   40.28492  -71.97532 0.0000e+00
     14.890    17.1811    33.0211  1024.0196     2.3964     5.1310     92.945    0.00004    5.52055    5.51300      8.426     0.2610   10.10443   4.280000 4.2312e+00    23.9539    23.9533 7.5580e+00     15.000          1        918    1511.36 1.7885e+02  50728.888     38.212 1603909150       0.29      0.601   40.28492  -71.97532 0.0000e+00
     15.884    17.1827    33.0231  1024.0252     2.3964     5.1331     92.983    0.00048    5.52048    5.51293      8.426     0.2376   10.10431   4.280482 3.9341e+00    23.9551    23.9545 6.7723e+00     16.000          1        967    1511.38 1.7214e+02  50732.067     40.252 1603909152       0.59      0.828   40.28492  -71.97530 0.0000e+00
     16.875    17.1857    33.0261  1024.0312     2.3967     5.1336     92.992    0.00025    5.52049    5.51294      8.426     0.2543   10.10433   4.281161 3.4234e+00    23.9568    23.9561 6.2196e+00     17.000          1       1004    1511.41 1.8123e+02  50736.537     41.791 1603909154      -0.18      0.753   40.28492  -71.97530 0.0000e+00
     17.848    17.1846    33.0248  1024.0348     2.3959     5.1300     92.925   -0.00057    5.52058    5.51303      8.426     0.2711   10.10450   4.280924 3.1536e+00    23.9560    23.9553 5.7959e+00     18.000          1       1074    1511.42 -9.990e-29  50735.248     44.695 1603909157       0.11      0.163   40.28492  -71.97529 0.0000e+00
     18.861    17.1850    33.0248  1024.0392     2.3963     5.1333     92.985    0.00008    5.52058    5.51304      8.426     0.2786   10.10450   4.280976 2.7303e+00    23.9560    23.9552 4.9837e+00     19.000          1       1099    1511.44 1.8168e+02  50735.712     45.753 1603909158       0.31      0.724   40.28492  -71.97528 0.0000e+00
     19.843    17.1847    33.0239  1024.0429     2.3967     5.1353     93.039    0.00034    5.51953    5.51198      8.426     0.2596   10.10267   4.280906 2.5761e+00    23.9554    23.9546 4.6771e+00     20.000          1       1159    1511.45 1.8168e+02  50735.019     48.234 1603909160      -0.21      0.387   40.28493  -71.97528 0.0000e+00
     20.832    17.1857    33.0260  1024.0487     2.3930     5.1177     92.724   -0.00194    5.51924    5.51169 -9.990e-29     0.2572   10.10218   4.281394 2.3374e+00    23.9568    23.9560 4.2466e+00     21.000          1       1207    1511.47 1.8168e+02  50738.281     50.247 1603909162       0.37      0.508   40.28494  -71.97526 0.0000e+00
     21.840    17.1936    33.0335  1024.0570     2.3920     5.1148     92.667   -0.00216    5.51955    5.51199      8.426     0.2454   10.10270   4.283036 2.0388e+00    23.9607    23.9598 3.7253e+00     22.000          1       1250    1511.53 1.8275e+02  50748.483     52.025 1603909164       0.15      0.687   40.28494  -71.97526 0.0000e+00
     22.820    17.1940    33.0338  1024.0616     2.3917     5.1170     92.714   -0.00143    5.51915    5.51160      8.426     0.2360   10.10202   4.283102 1.8766e+00    23.9609    23.9600 3.4090e+00     23.000          1       1339    1511.54 1.8166e+02  50749.405     55.760 1603909168       0.50      0.541   40.28494  -71.97525 0.0000e+00
     23.823    17.1947    33.0343  1024.0663     2.3924     5.1241     92.843    0.00011    5.51913    5.51157      8.439     0.2429   10.10197   4.283259 1.6478e+00    23.9612    23.9603 3.0157e+00     24.000          1       1374    1511.56 1.8305e+02  50750.613     57.219 1603909169       0.09      0.747   40.28494  -71.97524 0.0000e+00
     24.802    17.1957    33.0355  1024.0713     2.3890     5.1033     92.473   -0.00360    5.51864    5.51108      8.614     0.2396   10.10112   4.283507 1.4416e+00    23.9619    23.9609 2.6474e+00     25.000          1       1456    1511.58 1.8364e+02  50752.626     60.619 1603909173       1.36      0.550   40.28494  -71.97522 0.0000e+00
     25.824    17.1964    33.0360  1024.0761     2.3902     5.1113     92.617   -0.00221    5.51873    5.51118      8.592     0.2318   10.10130   4.283740 1.2380e+00    23.9622    23.9612 2.2735e+00     26.000          1       1474    1511.60 1.8364e+02  50753.826     61.361 1603909173       0.63      1.266   40.28494  -71.97522 0.0000e+00
     26.790    17.2061    33.0451  1024.0850     2.3892     5.1100     92.649   -0.00124    5.51547    5.50789      8.486     0.2160   10.09566   4.285806 1.2359e+00    23.9669    23.9658 2.2439e+00     27.000          1       1559    1511.66 1.8179e+02  50766.012     64.931 1603909177       0.38      0.651   40.28496  -71.97520 0.0000e+00
     27.802    17.2162    33.0527  1024.0930     2.3885     5.1076     92.618   -0.00131    5.51470    5.50712      8.427     0.2134   10.09434   4.287748 1.0426e+00    23.9704    23.9693 1.9362e+00     28.000          1       1594    1511.72 1.8530e+02  50776.185     66.360 1603909178       0.33      1.080   40.28496  -71.97520 0.0000e+00
     28.773    17.2297    33.0628  1024.1018     2.3862     5.1027     92.552   -0.00074    5.51331    5.50572      8.538     0.2112   10.09194   4.290155 9.6397e-01    23.9749    23.9738 1.8098e+00     29.000          1       1659    1511.78 -9.990e-29  50789.506     69.068 1603909181      -0.07      0.322   40.28496  -71.97519 0.0000e+00
     29.760    17.2335    33.0662  1024.1079     2.3870     5.1061     92.679    0.00048    5.50938    5.50176      8.681     0.1622   10.08520   4.291000 8.6585e-01    23.9767    23.9755 1.6243e+00     30.000          1       1726    1511.81 1.8760e+02  50794.376     71.868 1603909184      -0.06      0.331   40.28497  -71.97518 0.0000e+00
     30.767    17.2556    33.0815  1024.1189     2.3835     5.0889     92.380   -0.00173    5.50864    5.50102      8.630     0.1830   10.08393   4.295071 7.6045e-01    23.9832    23.9820 1.4306e+00     31.000          1       1758    1511.92 1.8815e+02  50814.261     73.205 1603909185       0.12      0.684   40.28498  -71.97517 0.0000e+00
     31.744    17.2737    33.0930  1024.1278     2.3746     5.0595     91.861   -0.00346    5.50778    5.50015      8.687     0.0937   10.08242   4.298025 7.2065e-01    23.9878    23.9865 1.3686e+00     32.000          1       1830    1512.00 1.8989e+02  50829.030     76.205 1603909188      -0.12      0.205   40.28498  -71.97516 0.0000e+00
     32.745    17.2800    33.0997  1024.1359     2.3685     5.0433     91.564   -0.00347    5.50794    5.50031      8.687     0.1178   10.08269   4.299443 6.4626e-01    23.9915    23.9902 1.2305e+00     33.000          1       1867    1512.04 1.9044e+02  50838.350     77.752 1603909190       0.18      0.624   40.28498  -71.97516 0.0000e+00
     33.736    17.2796    33.1011  1024.1414     2.3654     5.0417     91.536   -0.00162    5.50791    5.50028      8.646     0.1042   10.08264   4.299547 5.8507e-01    23.9927    23.9914 1.1211e+00     34.000          1       1929    1512.06 1.9161e+02  50840.752     80.324 1603909192       0.01      0.441   40.28498  -71.97515 0.0000e+00
     34.729    17.2795    33.1015  1024.1462     2.3631     5.0339     91.396   -0.00225    5.50787    5.50024      8.622     0.1033   10.08256   4.299610 5.2991e-01    23.9930    23.9917 1.0159e+00     35.000          1       1995    1512.08 1.9173e+02  50841.873     83.091 1603909195       0.69      0.578   40.28498  -71.97512 0.0000e+00
     35.727    17.2798    33.1016  1024.1506     2.3633     5.0417     91.540   -0.00020    5.50761    5.49998      8.588     0.0904   10.08211   4.299679 4.8906e-01    23.9931    23.9917 9.3282e-01     36.000          1       2041    1512.09 1.9087e+02  50842.447     85.012 1603909197       0.20      0.671   40.28499  -71.97512 0.0000e+00
     36.716    17.2806    33.1027  1024.1556     2.3608     5.0316     91.370   -0.00122    5.50687    5.49923      8.514     0.0817   10.08083   4.299933 4.6857e-01    23.9938    23.9923 8.6132e-01     37.000          1       2104    1512.11 1.8381e+02  50844.372     87.642 1603909200       0.73      0.564   40.28500  -71.97511 0.0000e+00
     37.709    17.2897    33.1123  1024.1653     2.3539     5.0022     90.904   -0.00350    5.50273    5.49507      8.503     0.0558   10.07355   4.302248 4.0912e-01    23.9990    23.9975 8.0026e-01     38.000          1       2157    1512.17 1.9564e+02  50857.328     89.822 1603909202       0.18      0.561   40.28500  -71.97509 0.0000e+00
     38.707    17.3159    33.1537  1024.1952     2.3270     4.8990     88.988   -0.01369    5.50538    5.49777      8.489     0.0491   10.07758   4.309689 3.6339e-01    24.0246    24.0230 7.1977e-01     39.000          1       2217    1512.31 1.9732e+02  50912.814     92.351 1603909204       0.43      0.597   40.28500  -71.97508 0.0000e+00
     39.681    17.2316    33.2141  1024.2658     2.2101     4.4418     80.357   -0.06253    5.52749    5.52012      8.360     0.0267   10.11347   4.307215 3.3551e-01    24.0908    24.0893 6.6931e-01     40.000          1       2302    1512.15 1.9952e+02  51002.773     95.866 1603909208       0.97      0.405   40.28500  -71.97506 0.0000e+00
     40.698    17.1036    33.2482  1024.3268     2.1716     4.3352     78.447   -0.06302    5.52634    5.51897      8.364     0.0276   10.11162   4.299042 3.0253e-01    24.1473    24.1457 6.0448e-01     41.000          1       2319    1511.82 1.9982e+02  51060.301     96.604 1603909209       0.45      1.063   40.28500  -71.97506 0.0000e+00
     41.674    16.9037    33.2892  1024.4097     2.0680     4.1338     74.499   -0.04491    5.54892    5.54181      8.352     0.0342   10.14792   4.283380 2.7191e-01    24.2257    24.2241 5.5472e-01     42.000          1       2398    1511.28 2.0399e+02  51133.462     99.872 1603909212       0.64      0.533   40.28502  -71.97504 0.0000e+00
     42.688    16.8068    33.4114  1024.5306     2.0498     4.1650     74.957   -0.02320    5.55657    5.54954      8.348     0.0407   10.16064   4.290745 2.3298e-01    24.3421    24.3405 4.7719e-01     43.000          1       2429    1511.14 2.0487e+02  51309.947    101.169 1603909213       0.47      1.089   40.28502  -71.97504 0.0000e+00
     43.664    16.8646    33.5070  1024.5947     2.0483     4.3184     78.121    0.02933    5.52782    5.52069      8.389     0.0576   10.10916   4.309076 2.0272e-01    24.4020    24.4003 4.2030e-01     44.000          1       2528    1511.44 2.0735e+02  51436.412    105.306 1603909217       1.14      0.806   40.28502  -71.97502 0.0000e+00
     44.671    16.8726    33.7069  1024.7507     2.0545     4.2912     77.576    0.01533    5.53172    5.52464      8.398     0.0552   10.11516   4.331530 1.7702e-01    24.5536    24.5519 3.7189e-01     45.000          1       2561    1511.71 2.1011e+02  51711.326    106.677 1603909219       0.28      1.176   40.28502  -71.97502 0.0000e+00
     45.648    16.7620    33.8099  1024.8600     2.0363     4.1483     74.841   -0.01502    5.54275    5.53582      8.423     0.0691   10.13250   4.331617 1.5740e-01    24.6585    24.6568 3.3520e-01     46.000          1       2645    1511.51 2.1299e+02  51862.134    110.172 1603909222       0.72      0.683   40.28502  -71.97500 0.0000e+00
     46.637    16.7128    33.8606  1024.9148     2.0243     4.1336     74.701   -0.00790    5.53355    5.52656      8.408     0.0688   10.11669   4.333010 1.3391e-01    24.7090    24.7072 2.8830e-01     47.000          1       2701    1511.44 2.1534e+02  51936.524    112.504 1603909224      -0.01      0.618   40.28504  -71.97499 0.0000e+00
