CalculateIndicators/WaterTemperature/Data/CTD_NYOS/20201021_C13.cnv
* Sea-Bird SBE 9 Data File:
* FileName = C:\Seabird 9 CTD\Data\2020\202010_offshore\20201021_C13.hex
* Software Version Seasave V 7.23.2
* Temperature SN = 4590
* Conductivity SN = 3228
* Number of Bytes Per Scan = 44
* Number of Voltage Words = 5
* Number of Scans Averaged by the Deck Unit = 1
* NMEA Latitude = 40 10.09 N
* NMEA Longitude = 073 19.52 W
* NMEA UTC (Time) = Oct 21 2020  09:35:01
* NMEA baud rate = 4800
** Ship: seawolf
** Station: 6.2
** Operator: SJW
# nquan = 31
# nvalues = 69                          
# units = specified
# name 0 = depSM: Depth [salt water, m]
# name 1 = t090C: Temperature [ITS-90, deg C]
# name 2 = sal00: Salinity, Practical [PSU]
# name 3 = density00: Density [density, kg/m^3]
# name 4 = sbeox0V: Oxygen raw, SBE 43 [V]
# name 5 = sbeox0ML/L: Oxygen, SBE 43 [ml/l]
# name 6 = sbeox0PS: Oxygen, SBE 43 [% saturation]
# name 7 = sbox0dV/dT: Oxygen, SBE 43 [dov/dt]
# name 8 = oxsolML/L: Oxygen Saturation, Garcia & Gordon [ml/l]
# name 9 = oxsatML/L: Oxygen Saturation, Weiss [ml/l]
# name 10 = ph: pH
# name 11 = flECO-AFL: Fluorescence, WET Labs ECO-AFL/FL [mg/m^3]
# name 12 = n2satML/L: Nitrogen Saturation [ml/l]
# name 13 = c0S/m: Conductivity [S/m]
# name 14 = cpar: CPAR/Corrected Irradiance [%]
# name 15 = sigma-é00: Density [sigma-theta, kg/m^3]
# name 16 = sigma-t00: Density [sigma-t, kg/m^3 ]
# name 17 = par: PAR/Irradiance, Biospherical/Licor
# name 18 = prDM: Pressure, Digiquartz [db]
# name 19 = pumps: Pump Status
# name 20 = scan: Scan Count
# name 21 = svCM: Sound Velocity [Chen-Millero, m/s]
# name 22 = spar: SPAR, Biospherical/Licor
# name 23 = specc: Specific Conductance [uS/cm]
# name 24 = timeS: Time, Elapsed [seconds]
# name 25 = timeY: Time, System [seconds]
# name 26 = accM: Acceleration [m/s^2]
# name 27 = dz/dtM: Descent Rate [m/s]
# name 28 = latitude: Latitude [deg]
# name 29 = longitude: Longitude [deg]
# name 30 = flag: flag
# span 0 =      1.976,     35.737       
# span 1 =    16.2232,    17.7905       
# span 2 =    32.6575,    33.0946       
# span 3 =  1023.5508,  1024.3146       
# span 4 =     1.9487,     2.4965       
# span 5 =     3.9626,     5.3428       
# span 6 =     70.628,     97.584       
# span 7 =   -0.02600,    0.02728       
# span 8 =    5.45856,    5.61055       
# span 9 =    5.45045,    5.60387       
# span 10 =      8.262,      8.409      
# span 11 =     0.1322,     0.6409      
# span 12 =   10.00134,   10.25418      
# span 13 =   4.187160,   4.345389      
# span 14 = -1.099e+04, 1.1781e+05      
# span 15 =    23.5421,    24.1564      
# span 16 =    23.5420,    24.1551      
# span 17 = -1.734e-06, 1.2325e-01      
# span 18 =      2.000,     36.000      
# span 19 =          1,          1      
# span 20 =        186,      10242      
# span 21 =    1508.76,    1513.35      
# span 22 = -6.849e-01, 4.3836e+00      
# span 23 =  50181.057,  50820.204      
# span 24 =      7.693,    426.690      
# span 25 = 1603272910, 1603273329      
# span 26 =      -0.60,       0.46      
# span 27 =     -0.690,      0.639      
# span 28 =   40.16822,   40.16830      
# span 29 =  -73.32571,  -73.32540      
# span 30 = 0.0000e+00, 0.0000e+00      
# interval = decibars: 1                
# start_time = Oct 21 2020 09:35:02 [System UTC, first data scan.]
# bad_flag = -9.990e-29
*END*
[from data line 47]
     22.816    17.4216    33.0801  1024.0430     2.1528     4.4490     81.161    0.00070    5.48176    5.47387      8.302     0.1814   10.03967   4.310228 2.5341e-11    23.9424    23.9415 1.0000e-12     23.000          1       6787    1512.28 3.9495e+00  50795.582    282.759 1603273185      -0.18     -0.535   40.16828  -73.32556 0.0000e+00
     21.835    17.5389    33.0571  1023.9930     2.1612     4.4789     81.704    0.00316    5.48187    5.47398      8.307     0.1986   10.03975   4.319012 2.5380e-11    23.8968    23.8959 1.0000e-12     22.000          1       6870    1512.58 3.9495e+00  50754.596    286.189 1603273189       0.08     -0.265   40.16828  -73.32556 0.0000e+00
     20.836    17.5390    33.0640  1023.9938     2.1671     4.4786     81.914    0.00226    5.46745    5.45943      8.315     0.2423   10.01573   4.319524 2.5623e-11    23.9020    23.9012 1.0000e-12     21.000          1       6927    1512.58 3.9495e+00  50763.707    288.584 1603273191       0.08     -0.406   40.16828  -73.32556 0.0000e+00
     19.845    17.7020    33.0677  1023.9530     2.2211     4.6632     85.383    0.01704    5.46154    5.45346      8.330     0.3064   10.00610   4.336105 2.5878e-11    23.8656    23.8648 1.0000e-12     20.000          1       7011    1513.05 3.9495e+00  50756.268    292.074 1603273194      -0.00     -0.280   40.16828  -73.32556 0.0000e+00
     18.854    17.7331    33.0531  1023.9299     2.2338     4.6417     84.944   -0.00077    5.46444    5.45637      8.331     0.3208   10.01124   4.336739 2.5742e-11    23.8469    23.8461 1.0000e-12     19.000          1       7088    1513.11 3.9495e+00  50733.398    295.273 1603273198      -0.14     -0.362   40.16828  -73.32556 0.0000e+00
     17.861    17.7237    33.0474  1023.9234     2.2326     4.6409     84.898   -0.00053    5.46647    5.45840      8.334     0.3558   10.01507   4.334893 2.6418e-11    23.8448    23.8440 1.0000e-12     18.000          1       7138    1513.06 3.9495e+00  50725.924    297.360 1603273200      -0.01     -0.480   40.16828  -73.32556 0.0000e+00
     16.869    17.7128    32.9843  1023.8734     2.2406     4.6731     85.484    0.00309    5.46665    5.45857      8.369     0.3651   10.01557   4.326407 2.6505e-11    23.7991    23.7984 1.0000e-12     17.000          1       7214    1512.93 3.9495e+00  50639.340    300.532 1603273203       0.05     -0.285   40.16828  -73.32556 0.0000e+00
     15.879    17.7176    32.9513  1023.8425     2.2790     4.8210     88.177    0.01761    5.46735    5.45926      8.386     0.4950   10.01717   4.322893 2.5276e-11    23.7725    23.7719 1.0000e-12     16.000          1       7298    1512.89 3.9495e+00  50593.087    304.037 1603273207      -0.28     -0.386   40.16828  -73.32558 0.0000e+00
     14.883    17.7251    32.9262  1023.8171     2.3203     4.9620     90.745    0.02728    5.46806    5.45997      8.391     0.4901   10.01854   4.320571 3.4542e+04    23.7515    23.7510 1.0000e-12     15.000          1       7334    1512.87 2.5365e+00  50557.724    305.541 1603273208      -0.02     -0.638   40.16827  -73.32558 0.0000e+00
     13.891    17.7224    32.9071  1023.7987     2.3549     5.0083     91.584    0.01300    5.46850    5.46041      8.384     0.5106   10.01936   4.318051 3.8309e+04    23.7376    23.7370 1.0000e-12     14.000          1       7397    1512.83 2.3002e+00  50531.226    308.171 1603273211       0.08     -0.364   40.16826  -73.32558 0.0000e+00
     12.899    17.7193    32.8928  1023.7841     2.3726     5.0184     91.771    0.00179    5.46833    5.46024      8.390     0.4884   10.01915   4.316080 5.8974e+02    23.7273    23.7268 1.0000e-12     13.000          1       7475    1512.78 3.9240e+00  50511.281    311.432 1603273214      -0.16     -0.383   40.16828  -73.32558 0.0000e+00
     11.908    17.7241    32.8855  1023.7730     2.3976     5.1133     93.522    0.01126    5.46751    5.45940      8.399     0.5067   10.01801   4.315599 2.5367e-11    23.7205    23.7200 1.0000e-12     12.000          1       7535    1512.77 3.9495e+00  50500.433    313.935 1603273216       0.06     -0.388   40.16827  -73.32558 0.0000e+00
     10.918    17.7330    32.8716  1023.7558     2.4339     5.2190     95.468    0.01452    5.46678    5.45866 -9.990e-29     0.6098   10.01690   4.314797 5.3004e+03    23.7077    23.7073 1.0000e-12     11.000          1       7594    1512.77 3.7402e+00  50480.178    316.369 1603273219      -0.20     -0.409   40.16828  -73.32560 0.0000e+00
      9.921    17.7620    32.8377  1023.7184     2.4631     5.2635     96.306    0.00483    5.46536    5.45721      8.409     0.5404   10.01473   4.313495 3.1989e+04    23.6747    23.6743 1.0000e-12     10.000          1       8381    1512.80 2.6861e+00  50430.965    349.179 1603273252      -0.04     -0.334   40.16825  -73.32563 0.0000e+00
      8.938    17.7789    32.8203  1023.6967     2.4750     5.2758     96.530   -0.00085    5.46548    5.45732      8.406     0.5148   10.01541   4.313023 -2.080e+03    23.6573    23.6569 1.0000e-12      9.000          1       9011    1512.81 4.0316e+00  50405.429    375.421 1603273278      -0.30     -0.358   40.16824  -73.32566 0.0000e+00
      7.933    17.7876    32.8136  1023.6849     2.4768     5.2858     96.710    0.00073    5.46561    5.45745      8.400     0.5422   10.01562   4.312854 2.5811e-11    23.6500    23.6497 1.0000e-12      8.000          1       9037    1512.81 3.9495e+00  50395.223    376.489 1603273279      -0.07     -0.538   40.16824  -73.32566 0.0000e+00
      6.950    17.7745    32.7842  1023.6612     2.4833     5.3127     97.095    0.00224    5.47164    5.46351      8.394     0.6002   10.02638   4.307928 2.6669e-11    23.6306    23.6303 1.0000e-12      7.000          1       9171    1512.72 3.9495e+00  50355.013    382.076 1603273284      -0.10     -0.288   40.16824  -73.32566 0.0000e+00
      5.952    17.7518    32.7358  1023.6252     2.4892     5.3270     97.365    0.00206    5.47119    5.46305      8.392     0.5771   10.02560   4.300242 2.6068e-11    23.5990    23.5988 1.0000e-12      6.000          1       9229    1512.58 3.9495e+00  50289.741    384.509 1603273287      -0.02     -0.340   40.16824  -73.32566 0.0000e+00
      4.963    17.7503    32.7182  1023.6077     2.4914     5.3230     97.291   -0.00079    5.47125    5.46310      8.390     0.6054   10.02585   4.298098 2.5588e-11    23.5858    23.5856 1.0000e-12      5.000          1       9345    1512.54 3.9495e+00  50265.069    389.324 1603273292      -0.09     -0.207   40.16824  -73.32566 0.0000e+00
      3.969    17.7497    32.6992  1023.5888     2.4910     5.3275     97.339    0.00049    5.47317    5.46503      8.390     0.6376   10.02939   4.295681 2.5831e-11    23.5714    23.5712 1.0000e-12      4.000          1       9422    1512.50 3.9495e+00  50238.491    392.521 1603273295       0.04     -0.274   40.16824  -73.32566 0.0000e+00
      2.974    17.7443    32.6738  1023.5663     2.4948     5.3392     97.540    0.00090    5.47387    5.46572      8.396     0.5919   10.03066   4.292168 2.5320e-11    23.5532    23.5531 1.0000e-12      3.000          1       9522    1512.44 3.9495e+00  50203.469    396.714 1603273299      -0.21     -0.253   40.16824  -73.32567 0.0000e+00
      1.976    17.7384    32.6575  1023.5508     2.4965     5.3428     97.584    0.00034    5.47508    5.46695      8.396     0.5826   10.03277   4.289686 2.6092e+02    23.5421    23.5420 1.0000e-12      2.000          1      10242    1512.39 3.9251e+00  50181.057    426.690 1603273329      -0.10     -0.300   40.16822  -73.32571 0.0000e+00
