CalculateIndicators/WaterTemperature/Data/CTD_NYOS/20201021_C16.cnv
* Sea-Bird SBE 9 Data File:
* FileName = C:\Seabird 9 CTD\Data\2020\202010_offshore\20201021_C16.hex
* Software Version Seasave V 7.23.2
* Temperature SN = 4590
* Conductivity SN = 3228
* Number of Bytes Per Scan = 44
* Number of Voltage Words = 5
* Number of Scans Averaged by the Deck Unit = 1
* NMEA Latitude = 40 15.99 N
* NMEA Longitude = 073 00.98 W
* NMEA UTC (Time) = Oct 21 2020  18:51:23
* NMEA baud rate = 4800
** Ship: seawolf
** Station: 5.2
** Operator: SJW
# nquan = 31
# nvalues = 73                          
# units = specified
# name 0 = depSM: Depth [salt water, m]
# name 1 = t090C: Temperature [ITS-90, deg C]
# name 2 = sal00: Salinity, Practical [PSU]
# name 3 = density00: Density [density, kg/m^3]
# name 4 = sbeox0V: Oxygen raw, SBE 43 [V]
# name 5 = sbeox0ML/L: Oxygen, SBE 43 [ml/l]
# name 6 = sbeox0PS: Oxygen, SBE 43 [% saturation]
# name 7 = sbox0dV/dT: Oxygen, SBE 43 [dov/dt]
# name 8 = oxsolML/L: Oxygen Saturation, Garcia & Gordon [ml/l]
# name 9 = oxsatML/L: Oxygen Saturation, Weiss [ml/l]
# name 10 = ph: pH
# name 11 = flECO-AFL: Fluorescence, WET Labs ECO-AFL/FL [mg/m^3]
# name 12 = n2satML/L: Nitrogen Saturation [ml/l]
# name 13 = c0S/m: Conductivity [S/m]
# name 14 = cpar: CPAR/Corrected Irradiance [%]
# name 15 = sigma-é00: Density [sigma-theta, kg/m^3]
# name 16 = sigma-t00: Density [sigma-t, kg/m^3 ]
# name 17 = par: PAR/Irradiance, Biospherical/Licor
# name 18 = prDM: Pressure, Digiquartz [db]
# name 19 = pumps: Pump Status
# name 20 = scan: Scan Count
# name 21 = svCM: Sound Velocity [Chen-Millero, m/s]
# name 22 = spar: SPAR, Biospherical/Licor
# name 23 = specc: Specific Conductance [uS/cm]
# name 24 = timeS: Time, Elapsed [seconds]
# name 25 = timeY: Time, System [seconds]
# name 26 = accM: Acceleration [m/s^2]
# name 27 = dz/dtM: Descent Rate [m/s]
# name 28 = latitude: Latitude [deg]
# name 29 = longitude: Longitude [deg]
# name 30 = flag: flag
# span 0 =      1.968,     37.714       
# span 1 =    16.1758,    18.1439       
# span 2 =    32.9769,    33.3381       
# span 3 =  1023.7161,  1024.4226       
# span 4 =     1.7605,     2.5672       
# span 5 =     3.5647,     5.4722       
# span 6 =     63.426,    101.070       
# span 7 =   -0.08267,    0.06611       
# span 8 =    5.41412,    5.62279       
# span 9 =    5.40560,    5.61631       
# span 10 =      8.244,      8.593      
# span 11 =     0.2628,     1.0892      
# span 12 =    9.92781,   10.27309      
# span 13 =   4.198152,   4.386747      
# span 14 = 1.3804e-01, 2.0081e+01      
# span 15 =    23.7074,    24.2556      
# span 16 =    23.7074,    24.2542      
# span 17 = 1.8197e+00, 3.3213e+02      
# span 18 =      2.000,     38.000      
# span 19 =          1,          1      
# span 20 =        676,      10124      
# span 21 =    1508.78,    1514.13      
# span 22 = 1.2253e+03, 1.6678e+03      
# span 23 =  50611.721,  51119.503      
# span 24 =     28.113,    421.778      
# span 25 = 1603306313, 1603306706      
# span 26 =      -0.32,       0.49      
# span 27 =     -0.610,      0.970      
# span 28 =   40.26653,   40.26681      
# span 29 =  -73.01638,  -73.01630      
# span 30 = 0.0000e+00, 0.0000e+00      
# interval = decibars: 1                
# start_time = Oct 21 2020 18:51:24 [System UTC, first data scan.]
# bad_flag = -9.990e-29
*END*
      1.982    18.1439    33.0021  1023.7161     2.5672     5.4722    101.070    0.00250    5.41412    5.40560      8.394     0.5950    9.92781   4.369071 1.6135e+01    23.7074    23.7074 2.2330e+02      2.000          1        676    1513.98 1.3877e+03  50626.176     28.113 1603306313       0.25     -0.106   40.26653  -73.01638 0.0000e+00
      2.979    18.1056    32.9992  1023.7278     2.5503     5.4336     99.863   -0.00529    5.44110    5.43281      8.393     0.6062    9.97278   4.364507 1.3352e+01    23.7147    23.7145 1.7531e+02      3.000          1        977    1513.88 1.3130e+03  50625.548     40.679 1603306325       0.08      0.345   40.26655  -73.01638 0.0000e+00
      3.965    17.9307    32.9883  1023.7664     2.5330     5.4065     98.942   -0.00750    5.46432    5.45623 -9.990e-29     0.5972   10.01145   4.346116 1.0142e+01    23.7489    23.7488 1.3106e+02      4.000          1       1058    1513.37 1.2925e+03  50622.788     44.057 1603306329       0.08      0.482   40.26656  -73.01638 0.0000e+00
      4.964    17.8719    32.9853  1023.7828     2.5182     5.3669     98.117   -0.00955    5.46993    5.46190 -9.990e-29     0.6402   10.02081   4.339791 7.7388e+00    23.7609    23.7607 9.9311e+01      5.000          1       1090    1513.21 1.2830e+03  50623.513     45.378 1603306330       0.08      0.673   40.26656  -73.01638 0.0000e+00
      5.955    17.7217    32.9817  1023.8207     2.5036     5.3370     97.534   -0.00764    5.47191    5.46389      8.392     0.6062   10.02406   4.325265 6.6235e+00    23.7945    23.7943 8.5216e+01      6.000          1       1137    1512.77 1.2867e+03  50629.784     47.352 1603306332      -0.12      0.517   40.26656  -73.01637 0.0000e+00
      6.938    17.6620    32.9832  1023.8406     2.4898     5.3097     97.000   -0.00577    5.47392    5.46593      8.394     0.6574   10.02737   4.320253 5.5969e+00    23.8101    23.8098 7.1961e+01      7.000          1       1194    1512.62 1.2855e+03  50636.658     49.710 1603306334       0.12      0.394   40.26656  -73.01636 0.0000e+00
      7.936    17.6528    32.9836  1023.8476     2.4842     5.2976     96.770   -0.00518    5.47443    5.46644      8.393     0.6460   10.02821   4.319422 4.8360e+00    23.8126    23.8123 6.1333e+01      8.000          1       1222    1512.61 1.2681e+03  50638.394     50.863 1603306335       0.36      0.707   40.26656  -73.01636 0.0000e+00
      8.939    17.6429    32.9858  1023.8560     2.4795     5.2870     96.575   -0.00467    5.47456    5.46657 -9.990e-29     0.6306   10.02840   4.318920 4.2629e+00    23.8166    23.8163 5.3746e+01      9.000          1       1246    1512.59 1.2607e+03  50642.518     51.880 1603306336       0.09      0.970   40.26656  -73.01636 0.0000e+00
      9.922    17.6338    32.9886  1023.8647     2.4694     5.2607     96.104   -0.00461    5.47394    5.46594      8.393     0.6362   10.02724   4.318597 4.3061e+00    23.8210    23.8206 5.4569e+01     10.000          1       1298    1512.59 1.2672e+03  50647.500     54.053 1603306338      -0.24      0.459   40.26656  -73.01637 0.0000e+00
     10.917    17.6363    33.0001  1023.8774     2.4659     5.2627     96.118   -0.00166    5.47519    5.46721      8.393     0.7715   10.02933   4.320343 4.1260e+00    23.8293    23.8289 5.2251e+01     11.000          1       1347    1512.63 1.2665e+03  50663.703     56.091 1603306341       0.23      0.533   40.26656  -73.01636 0.0000e+00
     11.908    17.6288    33.0015  1023.8847     2.4728     5.3013     96.779    0.00362    5.47775    5.46979      8.394     0.9421   10.03361   4.319835 3.5427e+00    23.8322    23.8317 4.4876e+01     12.000          1       1394    1512.62 1.2667e+03  50666.637     58.023 1603306342      -0.12      0.529   40.26656  -73.01636 0.0000e+00
     12.900    17.6167    33.0006  1023.8913     2.4692     5.2771     96.279   -0.00222    5.48102    5.47309      8.393     0.5535   10.03908   4.318633 3.2963e+00    23.8345    23.8340 4.1398e+01     13.000          1       1443    1512.60 1.2559e+03  50666.853     60.075 1603306345       0.07      0.492   40.26656  -73.01636 0.0000e+00
     13.893    17.5785    32.9959  1023.9013     2.4645     5.2640     96.032   -0.00270    5.48155    5.47363 -9.990e-29     0.7274   10.03997   4.314382 2.8526e+00    23.8401    23.8395 3.6184e+01     14.000          1       1488    1512.50 1.2686e+03  50663.641     61.960 1603306346      -0.01      0.532   40.26656  -73.01636 0.0000e+00
     14.881    17.5650    32.9948  1023.9081     2.4649     5.2769     96.257    0.00052    5.48212    5.47420      8.393     0.5879   10.04092   4.313166 2.5731e+00    23.8425    23.8419 3.2371e+01     15.000          1       1539    1512.47 1.2579e+03  50663.592     64.067 1603306349      -0.02      0.462   40.26656  -73.01636 0.0000e+00
     15.881    17.5615    32.9945  1023.9131     2.4647     5.2756     96.220   -0.00004    5.48291    5.47500      8.393     0.5213   10.04224   4.312878 2.2327e+00    23.8431    23.8425 2.8036e+01     16.000          1       1579    1512.48 1.2558e+03  50663.906     65.744 1603306350       0.06      0.597   40.26656  -73.01636 0.0000e+00
     16.867    17.5537    32.9932  1023.9184     2.4592     5.2513     95.814   -0.00265    5.48071    5.47278      8.388     0.4615   10.03844   4.312053 1.9885e+00    23.8441    23.8434 2.5152e+01     17.000          1       1637    1512.47 1.2649e+03  50663.253     68.166 1603306353      -0.07      0.381   40.26656  -73.01636 0.0000e+00
     17.860    17.5530    32.9986  1023.9271     2.4421     5.1734     94.700   -0.00740    5.46292    5.45486      8.379     0.4242   10.00816   4.312901 1.7190e+00    23.8484    23.8477 2.1891e+01     18.000          1       1691    1512.49 1.2735e+03  50671.269     70.422 1603306355       0.00      0.452   40.26656  -73.01635 0.0000e+00
     18.854    17.6214    33.0340  1023.9422     2.3947     4.9813     91.251   -0.02712    5.45884    5.45076      8.373     0.5866   10.00119   4.324571 1.4425e+00    23.8591    23.8584 1.8351e+01     19.000          1       1735    1512.75 1.2721e+03  50715.121     72.243 1603306357       0.12      0.546   40.26656  -73.01636 0.0000e+00
     19.845    17.7523    33.0894  1023.9575     2.3641     4.9327     90.352   -0.01726    5.45941    5.45133      8.432     0.4925   10.00209   4.343161 1.2825e+00    23.8701    23.8693 1.6284e+01     20.000          1       1779    1513.22 1.2698e+03  50782.365     74.085 1603306359      -0.09      0.550   40.26656  -73.01636 0.0000e+00
     20.841    17.7440    33.0957  1023.9687     2.3523     4.9298     90.348   -0.00754    5.45648    5.44838      8.491     0.5667    9.99701   4.342832 1.1645e+00    23.8770    23.8761 1.4808e+01     21.000          1       1822    1513.22 1.2717e+03  50792.101     75.862 1603306360       0.08      0.567   40.26656  -73.01636 0.0000e+00
     21.826    17.7577    33.1134  1023.9833     2.3510     4.9435     90.784    0.00082    5.44529    5.43711      8.545     1.0892    9.97784   4.346540 1.0217e+00    23.8873    23.8864 1.2984e+01     22.000          1       1889    1513.30 1.2708e+03  50815.831     78.686 1603306363      -0.10      0.291   40.26656  -73.01636 0.0000e+00
     22.822    17.8223    33.1534  1024.0028     2.3370     4.8739     89.605   -0.00789    5.43928    5.43107      8.568     0.4534    9.96747   4.357530 8.6375e-01    23.9023    23.9014 1.0867e+01     23.000          1       1932    1513.55 1.2579e+03  50866.668     80.479 1603306365       0.24      0.591   40.26656  -73.01636 0.0000e+00
     23.817    17.8584    33.1766  1024.0162     2.3224     4.8247     88.805   -0.00943    5.43283    5.42457      8.537     0.6580    9.95634   4.363780 7.6130e-01    23.9114    23.9104 9.5550e+00     24.000          1       1969    1513.70 1.2551e+03  50896.283     81.991 1603306366      -0.06      0.678   40.26656  -73.01636 0.0000e+00
     24.806    17.9342    33.2363  1024.0478     2.3007     4.7770     87.777   -0.00938    5.44221    5.43405      8.559     0.2709    9.97183   4.378267 6.9792e-01    23.9387    23.9377 8.7999e+00     25.000          1       2025    1514.01 1.2609e+03  50973.385     84.336 1603306369      -0.08      0.407   40.26656  -73.01636 0.0000e+00
     25.797    17.8893    33.2567  1024.0788     2.3304     4.9417     90.749    0.01654    5.44547    5.43734      8.593     0.2772    9.97716   4.375460 6.0965e-01    23.9653    23.9643 7.6515e+00     26.000          1       2078    1513.91 1.2549e+03  51005.041     86.555 1603306371       0.12      0.464   40.26656  -73.01636 0.0000e+00
     26.793    17.8324    33.2625  1024.1015     2.3804     5.1195     94.037    0.03118    5.44420    5.43605      8.578     0.3338    9.97499   4.370744 5.3834e-01    23.9836    23.9825 6.6658e+00     27.000          1       2116    1513.77 1.2381e+03  51017.647     88.145 1603306373       0.05      0.619   40.26657  -73.01636 0.0000e+00
     27.781    17.8318    33.2731  1024.1140     2.4152     5.1415     94.557    0.01089    5.43751    5.42932      8.552     0.3346    9.96357   4.372278 4.8066e-01    23.9918    23.9907 6.0041e+00     28.000          1       2180    1513.80 1.2491e+03  51032.584     90.783 1603306375      -0.12      0.329   40.26658  -73.01636 0.0000e+00
     28.776    17.8821    33.2982  1024.1255     2.4131     5.1017     93.785   -0.00091    5.43975    5.43159      8.527     0.3012    9.96724   4.380288 4.3428e-01    23.9990    23.9978 5.3919e+00     29.000          1       2230    1513.99 1.2415e+03  51063.989     92.863 1603306377       0.28      0.550   40.26658  -73.01636 0.0000e+00
     29.767    17.8896    33.3038  1024.1324     2.3955     5.0260     92.393   -0.01015    5.43976    5.43160      8.506     0.3172    9.96723   4.381336 3.8748e-01    24.0015    24.0002 4.7903e+00     30.000          1       2267    1514.04 1.2362e+03  51071.629     94.421 1603306379      -0.07      0.663   40.26658  -73.01636 0.0000e+00
     30.763    17.8668    33.3098  1024.1469     2.3825     5.0013     91.918   -0.00754    5.44110    5.43295      8.496     0.3015    9.96943   4.379930 3.5074e-01    24.0116    24.0104 4.2979e+00     31.000          1       2315    1513.99 1.2253e+03  51081.951     96.408 1603306381      -0.03      0.545   40.26658  -73.01636 0.0000e+00
     31.743    17.8906    33.3381  1024.1671     2.3654     4.9823     91.239   -0.00576    5.46076    5.45278      8.463     0.2884   10.00229   4.386037 3.1023e-01    24.0275    24.0262 3.8480e+00     32.000          1       2420    1514.11 1.2402e+03  51119.503    100.799 1603306385       0.49      0.298   40.26658  -73.01636 0.0000e+00
     32.749    17.8784    33.3322  1024.1701     2.3378     4.8717     89.145   -0.01851    5.46494    5.45700      8.447     0.3074   10.00934   4.382944 2.7704e-01    24.0260    24.0247 3.4166e+00     33.000          1       2444    1514.09 1.2332e+03  51112.896    101.796 1603306386       0.23      0.797   40.26658  -73.01636 0.0000e+00
     33.739    17.6725    33.2916  1024.1932     2.2885     4.7490     86.551   -0.02212    5.48713    5.47938      8.429     0.3507   10.04653   4.358261 2.5223e-01    24.0447    24.0434 3.1118e+00     34.000          1       2497    1513.45 1.2338e+03  51072.650    103.983 1603306388      -0.17      0.477   40.26658  -73.01636 0.0000e+00
     34.727    17.3783    33.2451  1024.2325     2.1434     4.3287     77.755   -0.05071    5.56833    5.56132      8.353     0.2858   10.18232   4.323620 2.2264e-01    24.0795    24.0781 2.7520e+00     35.000          1       2580    1512.54 1.2361e+03  51031.536    107.475 1603306392       0.03      0.284   40.26658  -73.01636 0.0000e+00
     35.718    16.8759    33.1777  1024.3039     1.9471     3.7199     66.153   -0.08267    5.62279    5.61631      8.288     0.6861   10.27309   4.264830 1.9711e-01    24.1462    24.1448 2.4377e+00     36.000          1       2642    1510.96 1.2367e+03  50979.519    110.035 1603306394       0.07      0.414   40.26658  -73.01636 0.0000e+00
     36.717    16.3094    33.1366  1024.4080     1.8404     3.5647     63.426   -0.04350    5.62030    5.61379      8.281     0.4314   10.26899   4.208676 1.7457e-01    24.2455    24.2442 2.1737e+00     37.000          1       2876    1509.21 1.2458e+03  50971.999    119.800 1603306404      -0.01      0.430   40.26658  -73.01636 0.0000e+00
     37.714    16.1758    33.1097  1024.4226     1.7605     3.5990     64.076    0.02859    5.61676    5.61021      8.244     0.4845   10.26325   4.198152 1.3804e-01    24.2556    24.2542 1.8197e+00     38.000          1       5462    1508.78 1.3107e+03  50947.329    227.557 1603306512      -0.26      0.097   40.26665  -73.01633 0.0000e+00
     36.713    16.2485    33.1237  1024.4122     1.8015     3.6131     64.455    0.00315    5.60578    5.59913      8.271     0.3752   10.24484   4.204612 1.6564e-01    24.2497    24.2484 2.1569e+00     37.000          1       4401    1509.01 1.3017e+03  50959.437    183.352 1603306468      -0.09     -0.132   40.26662  -73.01633 0.0000e+00
     35.725    16.4896    33.1420  1024.3665     1.8815     3.8579     69.851    0.02927    5.52281    5.51537      8.370     0.2839   10.10620   4.231103 1.9208e-01    24.2085    24.2072 2.5408e+00     36.000          1       4554    1509.75 1.3227e+03  50962.718    189.697 1603306474      -0.23     -0.241   40.26664  -73.01634 0.0000e+00
     34.725    16.8714    33.1762  1024.2996     1.9659     4.1486     75.163    0.04927    5.51960    5.51214      8.412     0.2802   10.10085   4.272459 2.1675e-01    24.1462    24.1449 2.8904e+00     35.000          1       4585    1510.93 1.3334e+03  50977.463    191.019 1603306475      -0.07     -0.588   40.26664  -73.01634 0.0000e+00
     33.738    17.3270    33.2340  1024.2317     2.1561     4.6381     85.221    0.06611    5.44239    5.43425      8.374     0.3711    9.97171   4.323888 2.4177e-01    24.0830    24.0817 3.2454e+00     34.000          1       4671    1512.35 1.3423e+03  51019.655    194.576 1603306479      -0.05     -0.224   40.26664  -73.01632 0.0000e+00
     32.741    17.7507    33.2910  1024.1693     2.3001     4.9644     91.303    0.05059    5.43734    5.42916      8.403     0.3348    9.96308   4.369927 2.6895e-01    24.0252    24.0239 3.6387e+00     33.000          1       4734    1513.66 1.3527e+03  51065.661    197.211 1603306482       0.03     -0.436   40.26664  -73.01632 0.0000e+00
     31.754    17.9023    33.3266  1024.1556     2.3644     4.9906     91.720    0.00428    5.44107    5.43291      8.425     0.2806    9.96950   4.386747 3.0297e-01    24.0159    24.0146 4.1180e+00     32.000          1       4827    1514.13 1.3591e+03  51102.934    201.090 1603306486      -0.02     -0.191   40.26664  -73.01634 0.0000e+00
     30.758    17.8606    33.3041  1024.1440     2.3692     4.9986     91.899    0.00355    5.43919    5.43101      8.427     0.2672    9.96640   4.379681 3.4278e-01    24.0088    24.0075 4.6658e+00     31.000          1       4891    1513.97 1.3611e+03  51074.577    203.753 1603306488      -0.00     -0.372   40.26664  -73.01632 0.0000e+00
     29.771    17.8767    33.2998  1024.1325     2.3896     5.0673     93.173    0.00868    5.43858    5.43039      8.430     0.2628    9.96545   4.380387 3.7127e-01    24.0015    24.0003 5.1001e+00     30.000          1       4969    1513.99 1.3736e+03  51067.049    207.020 1603306492      -0.32     -0.307   40.26664  -73.01632 0.0000e+00
     28.774    17.8842    33.2947  1024.1223     2.4049     5.1010     93.728    0.00552    5.44228    5.43412      8.411     0.3468    9.97175   4.380151 4.2294e-01    23.9958    23.9946 5.8434e+00     29.000          1       5038    1513.99 1.3814e+03  51059.057    209.879 1603306494      -0.04     -0.321   40.26664  -73.01632 0.0000e+00
