CalculateIndicators/WaterTemperature/Data/CTD_NYOS/20201019_C07.cnv
* Sea-Bird SBE 9 Data File:
* FileName = C:\Seabird 9 CTD\Data\2020\202010_offshore\20201019_C07.hex
* Software Version Seasave V 7.23.2
* Temperature SN = 4590
* Conductivity SN = 3228
* Number of Bytes Per Scan = 44
* Number of Voltage Words = 5
* Number of Scans Averaged by the Deck Unit = 1
* NMEA Latitude = 38 56.13 N
* NMEA Longitude = 073 13.00 W
* NMEA UTC (Time) = Oct 20 2020  11:26:34
* NMEA baud rate = 4800
** Ship: seawolf
** Station: 7.5
** Operator: SJW
# nquan = 31
# nvalues = 131                         
# units = specified
# name 0 = depSM: Depth [salt water, m]
# name 1 = t090C: Temperature [ITS-90, deg C]
# name 2 = sal00: Salinity, Practical [PSU]
# name 3 = density00: Density [density, kg/m^3]
# name 4 = sbeox0V: Oxygen raw, SBE 43 [V]
# name 5 = sbeox0ML/L: Oxygen, SBE 43 [ml/l]
# name 6 = sbeox0PS: Oxygen, SBE 43 [% saturation]
# name 7 = sbox0dV/dT: Oxygen, SBE 43 [dov/dt]
# name 8 = oxsolML/L: Oxygen Saturation, Garcia & Gordon [ml/l]
# name 9 = oxsatML/L: Oxygen Saturation, Weiss [ml/l]
# name 10 = ph: pH
# name 11 = flECO-AFL: Fluorescence, WET Labs ECO-AFL/FL [mg/m^3]
# name 12 = n2satML/L: Nitrogen Saturation [ml/l]
# name 13 = c0S/m: Conductivity [S/m]
# name 14 = cpar: CPAR/Corrected Irradiance [%]
# name 15 = sigma-é00: Density [sigma-theta, kg/m^3]
# name 16 = sigma-t00: Density [sigma-t, kg/m^3 ]
# name 17 = par: PAR/Irradiance, Biospherical/Licor
# name 18 = prDM: Pressure, Digiquartz [db]
# name 19 = pumps: Pump Status
# name 20 = scan: Scan Count
# name 21 = svCM: Sound Velocity [Chen-Millero, m/s]
# name 22 = spar: SPAR, Biospherical/Licor
# name 23 = specc: Specific Conductance [uS/cm]
# name 24 = timeS: Time, Elapsed [seconds]
# name 25 = timeY: Time, System [seconds]
# name 26 = accM: Acceleration [m/s^2]
# name 27 = dz/dtM: Descent Rate [m/s]
# name 28 = latitude: Latitude [deg]
# name 29 = longitude: Longitude [deg]
# name 30 = flag: flag
# span 0 =      1.980,     66.501       
# span 1 =    12.4689,    18.7499       
# span 2 =    33.4101,    34.2958       
# span 3 =  1024.4439,  1025.8915       
# span 4 =     1.7753,     2.4762       
# span 5 =     3.7797,     5.1483       
# span 6 =     62.926,     96.544       
# span 7 =   -0.04821,    0.05119       
# span 8 =    5.31836,    6.03465       
# span 9 =    5.30954,    6.03314       
# span 10 =      8.307,      8.464      
# span 11 =     0.0541,     0.2342      
# span 12 =    9.75543,   10.95064      
# span 13 =   3.902278,   4.583034      
# span 14 = 1.7623e-12, 3.0717e+01      
# span 15 =    24.4352,    25.5979      
# span 16 =    24.4351,    25.5962      
# span 17 = 1.0000e-12, 2.7407e+01      
# span 18 =      2.000,     67.000      
# span 19 =          1,          1      
# span 20 =          8,      14341      
# span 21 =    1497.56,    1517.77      
# span 22 = 2.0876e+01, 8.9049e+01      
# span 23 =  51632.076,  52529.635      
# span 24 =      0.312,    597.485      
# span 25 = 1603193197, 1603193794      
# span 26 =      -0.82,       0.68      
# span 27 =     -1.402,      0.931      
# span 28 =   38.93556,   38.93671      
# span 29 =  -73.21945,  -73.21667      
# span 30 = 0.0000e+00, 0.0000e+00      
# interval = decibars: 1                
# start_time = Oct 20 2020 11:26:36 [System UTC, first data scan.]
# bad_flag = -9.990e-29
*END*
[from data line 47]
     48.624    12.7723    33.7545  1025.6925     1.8249     3.9661     66.176    0.00398    5.99323    5.99133      8.354     0.1071   10.88020   3.945642 5.5579e-02    25.4742    25.4729 1.9743e-02     49.000          1       3243    1498.76 -9.990e-29  52235.310    135.100 1603193332      -0.08      0.447   38.93578  -73.21718 0.0000e+00
     49.609    12.9029    33.8125  1025.7161     1.8123     3.9018     64.729   -0.00774    6.02756    6.02606      8.349     0.0608   10.93738   3.962770 2.9072e-02    25.4936    25.4922 9.8082e-03     50.000          1       3315    1499.29 3.2725e+01  52297.776    138.079 1603193335      -0.01      0.274   38.93580  -73.21720 0.0000e+00
     50.607    12.6053    33.7523  1025.7326     1.7910     3.7863     63.160   -0.01441    5.99478    5.99293      8.352     0.0720   10.88217   3.928124 2.2511e-03    25.5053    25.5040 7.1250e-04     51.000          1       3346    1498.23 3.2081e+01  52257.930    139.372 1603193336       0.45      0.671   38.93580  -73.21720 0.0000e+00
     51.603    12.5534    33.7491  1025.7448     1.7904     3.8195     63.776   -0.00579    5.98894    5.98703      8.356     0.1152   10.87227   3.924790 6.0438e-05    25.5129    25.5116 1.9096e-05     52.000          1       3372    1498.07 3.4070e+01  52260.893    140.449 1603193337       0.05      0.931   38.93580  -73.21720 0.0000e+00
     52.598    12.7448    33.8240  1025.7698     1.7971     3.8741     64.798    0.00350    5.97889    5.97688      8.360     0.0974   10.85525   3.951524 2.8216e-12    25.5337    25.5323 1.0000e-12     53.000          1       3404    1498.82 3.5446e+01  52337.780    141.797 1603193338      -0.15      0.806   38.93580  -73.21722 0.0000e+00
     53.579    12.8757    33.8795  1025.7913     1.8087     3.9013     65.482    0.00511    5.95791    5.95569      8.368     0.0699   10.81969   3.969717 2.8037e-12    25.5510    25.5495 1.0000e-12     54.000          1       3460    1499.34 -9.990e-29  52396.882    144.123 1603193341      -0.09      0.352   38.93580  -73.21722 0.0000e+00
     54.581    12.9831    33.9328  1025.8156     1.8167     3.9261     65.893    0.00530    5.95834    5.95613      8.371     0.0690   10.82040   3.986184 2.8129e-12    25.5710    25.5695 1.0000e-12     55.000          1       3497    1499.78 3.5545e+01  52456.311    145.680 1603193342       0.12      0.634   38.93581  -73.21723 0.0000e+00
     55.562    13.0624    33.9698  1025.8328     1.8222     3.9250     65.921    0.00187    5.95402    5.95177      8.373     0.0678   10.81303   3.996861 3.1111e-12    25.5839    25.5823 1.0000e-12     56.000          1       3554    1500.11 3.2250e+01  52496.935    148.050 1603193344      -0.15      0.375   38.93582  -73.21724 0.0000e+00
     56.555    13.0753    33.9817  1025.8440     1.8233     3.9252     65.929    0.00119    5.95377    5.95152 -9.990e-29     0.0823   10.81258   3.999532 3.1659e-12    25.5906    25.5890 1.0000e-12     57.000          1       3587    1500.18 3.1586e+01  52512.252    149.411 1603193346       0.52      0.608   38.93582  -73.21724 0.0000e+00
     57.560    13.0829    33.9877  1025.8515     1.8238     3.9243     65.910    0.00051    5.95403    5.95178 -9.990e-29     0.0687   10.81302   4.000921 2.8652e-12    25.5937    25.5921 1.0000e-12     58.000          1       3619    1500.23 3.5105e+01  52520.078    150.748 1603193347      -0.05      0.769   38.93582  -73.21726 0.0000e+00
     58.534    13.0883    33.9922  1025.8584     1.8245     3.9268     65.951    0.00044    5.95404    5.95179 -9.990e-29     0.0715   10.81304   4.001733 2.6520e-12    25.5961    25.5946 1.0000e-12     59.000          1       3678    1500.27 3.7681e+01  52526.216    153.202 1603193350       0.36      0.213   38.93582  -73.21726 0.0000e+00
     59.542    13.0875    33.9905  1025.8618     1.8244     3.9244     65.913    0.00000    5.95384    5.95159 -9.990e-29     0.0690   10.81270   4.001525 2.6821e-12    25.5950    25.5934 1.0000e-12     60.000          1       3712    1500.28 3.7294e+01  52524.515    154.630 1603193351      -0.05      0.598   38.93582  -73.21727 0.0000e+00
     60.523    13.0892    33.9925  1025.8674     1.8243     3.9260     65.922   -0.00007    5.95550    5.95327 -9.990e-29     0.0549   10.81546   4.001897 2.8664e-12    25.5963    25.5946 1.0000e-12     61.000          1       3801    1500.30 3.4908e+01  52527.652    158.317 1603193355       0.06      0.113   38.93584  -73.21729 0.0000e+00
     61.519    13.0858    33.9932  1025.8731     1.8237     3.9241     65.881   -0.00036    5.95631    5.95409 -9.990e-29     0.0606   10.81682   4.001603 2.6632e-12    25.5975    25.5958 1.0000e-12     62.000          1       3839    1500.31 3.7546e+01  52529.635    159.901 1603193356       0.38      0.583   38.93584  -73.21730 0.0000e+00
     62.520    13.0768    33.9912  1025.8779     1.8229     3.9204     65.829   -0.00058    5.95540    5.95317 -9.990e-29 -9.990e-29   10.81530   4.000549 2.6658e-12    25.5978    25.5960 1.0000e-12     63.000          1       3866    1500.29 3.7512e+01  52528.656    161.030 1603193357       0.08      0.859   38.93584  -73.21730 0.0000e+00
     63.508    13.0704    33.9898  1025.8825     1.8228     3.9213     65.856   -0.00012    5.95439    5.95214 -9.990e-29     0.0612   10.81361   3.999891 2.8081e-12    25.5979    25.5962 1.0000e-12     64.000          1       3913    1500.29 3.5615e+01  52528.168    162.987 1603193359      -0.19      0.536   38.93584  -73.21731 0.0000e+00
     64.496    13.0798    33.9912  1025.8862     1.8211     3.9137     65.727   -0.00091    5.95442    5.95218      8.373     0.0653   10.81366   4.000968 2.8136e-12    25.5972    25.5954 1.0000e-12     65.000          1       4020    1500.34 3.5541e+01  52529.365    167.448 1603193364       0.62      0.298   38.93586  -73.21734 0.0000e+00
     65.502    13.0758    33.9897  1025.8904     1.8208     3.9165     65.766   -0.00013    5.95528    5.95304      8.373     0.0705   10.81511   4.000489 2.7234e-12    25.5969    25.5951 1.0000e-12     66.000          1       4310    1500.34 3.6834e+01  52528.494    179.546 1603193376       0.16      0.641   38.93589  -73.21739 0.0000e+00
     66.501    13.0763    33.9854  1025.8915     1.8202     3.9128     65.708   -0.00055    5.95484    5.95260 -9.990e-29     0.0616   10.81442   4.000156 1.7623e-12    25.5935    25.5917 1.0000e-12     67.000          1       7377    1500.35 5.1911e+01  52523.277    307.339 1603193504      -0.54      0.134   38.93619  -73.21796 0.0000e+00
     65.493    13.0779    33.9876  1025.8883     1.8212     3.9175     65.788   -0.00008    5.95470    5.95245 -9.990e-29     0.0585   10.81416   4.000435 2.2750e-12    25.5949    25.5931 1.0000e-12     66.000          1       5701    1500.34 4.4009e+01  52525.364    237.493 1603193434      -0.26     -0.029   38.93604  -73.21764 0.0000e+00
     64.498    13.0832    33.9883  1025.8833     1.8225     3.9209     65.846    0.00001    5.95465    5.95240 -9.990e-29     0.0555   10.81410   4.000986 2.1948e-12    25.5943    25.5925 1.0000e-12     65.000          1       5824    1500.35 4.5553e+01  52524.943    242.612 1603193439      -0.06     -0.242   38.93604  -73.21766 0.0000e+00
     63.506    13.0837    33.9875  1025.8781     1.8221     3.9186     65.806   -0.00007    5.95481    5.95257 -9.990e-29     0.0735   10.81437   4.000884 2.1183e-12    25.5936    25.5918 1.0000e-12     64.000          1       5887    1500.33 4.7216e+01  52523.225    245.265 1603193442       0.01     -0.382   38.93605  -73.21768 0.0000e+00
     62.522    13.0822    33.9866  1025.8732     1.8230     3.9233     65.885    0.00062    5.95485    5.95261      8.340     0.0564   10.81443   4.000603 2.1095e-12    25.5931    25.5914 1.0000e-12     63.000          1       5944    1500.31 4.7406e+01  52521.587    247.625 1603193444      -0.16     -0.416   38.93606  -73.21768 0.0000e+00
     61.523    13.0830    33.9877  1025.8694     1.8226     3.9184     65.801   -0.00030    5.95487    5.95263      8.339     0.0541   10.81446   4.000758 2.1100e-12    25.5938    25.5921 1.0000e-12     62.000          1       5969    1500.29 4.7394e+01  52522.490    248.674 1603193445      -0.40     -0.742   38.93606  -73.21769 0.0000e+00
     60.523    13.0820    33.9868  1025.8645     1.8224     3.9184     65.800   -0.00014    5.95502    5.95278      8.338     0.0636   10.81472   4.000514 2.1038e-12    25.5933    25.5916 1.0000e-12     61.000          1       6018    1500.27 4.7394e+01  52520.786    250.711 1603193447      -0.03     -0.640   38.93606  -73.21770 0.0000e+00
     59.542    13.0797    33.9852  1025.8592     1.8225     3.9198     65.812    0.00011    5.95603    5.95380      8.337     0.0684   10.81646   4.000085 2.1398e-12    25.5924    25.5908 1.0000e-12     60.000          1       6132    1500.25 4.6349e+01  52518.192    255.462 1603193452      -0.09     -0.204   38.93607  -73.21772 0.0000e+00
     58.553    13.0813    33.9851  1025.8543 -9.990e-29     3.9208     65.819    0.00021    5.95695    5.95473      8.336     0.0606   10.81803   4.000175 2.0392e-12    25.5920    25.5904 1.0000e-12     59.000          1       6173    1500.23 4.9059e+01  52517.305    257.161 1603193454      -0.40     -0.513   38.93608  -73.21774 0.0000e+00
     57.549    13.0752    33.9812  1025.8480 -9.990e-29     3.9209     65.822    0.00008    5.95686    5.95464      8.336     0.0573   10.81789   3.998995 2.0261e-12    25.5902    25.5886 1.0000e-12     58.000          1       6196    1500.19 4.9357e+01  52512.107    258.116 1603193455      -0.29     -0.906   38.93608  -73.21774 0.0000e+00
     56.556    13.0692    33.9766  1025.8412     1.8219     3.9197     65.769   -0.00012    5.95978    5.95758      8.334     0.0658   10.82284   3.998054 2.0154e-12    25.5878    25.5863 1.0000e-12     57.000          1       6248    1500.15 5.1091e+01  52506.044    260.289 1603193457       0.11     -0.631   38.93608  -73.21775 0.0000e+00
     55.590    13.0706    33.9715  1025.8326     1.8176     3.9345     65.393   -0.00216    6.01669    6.01507      8.325     0.0805   10.91906   3.997456 1.9425e-12    25.5835    25.5820 1.0000e-12     56.000          1       6388    1500.14 5.1343e+01  52498.276    266.106 1603193462      -0.66     -0.252   38.93610  -73.21778 0.0000e+00
     54.582    13.0388    33.9532  1025.8203     1.8110     3.9021     64.839   -0.00527    6.01810    6.01651      8.325     0.0747   10.92132   3.991469 6.9458e-03    25.5757    25.5742 3.4291e-03     55.000          1       6397    1499.99 4.9611e+01  52476.654    266.509 1603193463      -0.82     -0.868   38.93610  -73.21778 0.0000e+00
     53.574    12.9350    33.9142  1025.8063     1.8044     3.8779     64.295   -0.00828    6.03141    6.02993      8.323     0.0675   10.94407   3.976306 4.6565e-02    25.5661    25.5646 2.2989e-02     54.000          1       6413    1499.58 4.9371e+01  52436.657    267.159 1603193464      -0.54     -1.327   38.93610  -73.21778 0.0000e+00
     52.580    12.8058    33.8492  1025.7771     1.7932     3.8330     63.520   -0.01127    6.03433    6.03289      8.317     0.0676   10.94890   3.957168 9.2786e-02    25.5412    25.5398 4.6651e-02     53.000          1       6433    1499.05 5.0160e+01  52363.946    268.015 1603193464       0.21     -1.400   38.93610  -73.21778 0.0000e+00
     51.597    12.5540    33.7604  1025.7534     1.7753     3.7797     62.926   -0.00709    6.00669    6.00494      8.313     0.0857   10.90267   3.925991 1.2929e-01    25.5216    25.5202 6.7786e-02     52.000          1       6522    1498.09 5.2366e+01  52276.121    271.704 1603193468       0.20     -0.792   38.93611  -73.21780 0.0000e+00
     50.616    12.5389    33.7284  1025.7271     1.7822     3.8579     64.297    0.00700    6.00016    5.99830      8.320     0.0854   10.89218   3.922191 1.7901e-01    25.4996    25.4983 9.5458e-02     51.000          1       6612    1497.98 5.3329e+01  52233.372    275.455 1603193472      -0.24     -1.004   38.93612  -73.21782 0.0000e+00
     49.617    12.6939    33.7631  1025.7191     1.7932     3.9071     65.261    0.01280    5.98696    5.98497      8.320     0.0837   10.86987   3.942438 2.3237e-01    25.4963    25.4951 1.2188e-01     50.000          1       6628    1498.53 5.2526e+01  52259.432    276.127 1603193473      -0.34     -1.202   38.93612  -73.21782 0.0000e+00
     48.607    12.8631    33.7876  1025.7001     1.8021     3.9355     65.823    0.01454    5.97896    5.97689      8.320     0.1041   10.85642   3.959462 2.9346e-01    25.4820    25.4807 1.5076e-01     49.000          1       6645    1499.11 5.1382e+01  52268.076    276.830 1603193473      -0.17     -1.402   38.93612  -73.21782 0.0000e+00
     47.631    12.7181    33.7150  1025.6681     1.8101     3.9043     64.713   -0.00586    6.03328    6.03177      8.308     0.0854   10.94806   3.935684 3.5457e-01    25.4542    25.4530 2.0187e-01     48.000          1       7266    1498.52 5.6997e+01  52187.752    302.702 1603193499       0.03     -0.311   38.93620  -73.21796 0.0000e+00
     46.636    12.5702    33.6635  1025.6527     1.8005     3.8835     64.353   -0.00427    6.03465    6.03314      8.307     0.0931   10.95064   3.916789 4.2267e-01    25.4431    25.4419 2.4682e-01     47.000          1       7336    1497.94 5.8346e+01  52136.727    305.628 1603193502       0.06     -0.496   38.93621  -73.21798 0.0000e+00
     45.648    12.5244    33.6328  1025.6334     1.8063     3.9084     65.175    0.00356    5.99667    5.99461      8.315     0.1129   10.88900   3.909811 4.8960e-01    25.4282    25.4270 2.9005e-01     46.000          1       7409    1497.73 5.9242e+01  52100.187    308.646 1603193505      -0.07     -0.357   38.93622  -73.21799 0.0000e+00
     44.656    12.7926    33.6181  1025.5648     1.8519     4.0198     68.591    0.02251    5.86122    5.85748      8.338     0.1875   10.66567   3.935375 5.5574e-01    25.3644    25.3632 3.2923e-01     45.000          1       7459    1498.60 5.9242e+01  52041.797    310.743 1603193507      -0.10     -0.474   38.93624  -73.21800 0.0000e+00
     43.659    13.3445    33.4300  1025.3032     1.9526     4.3567     75.275    0.04981    5.78924    5.78473      8.366     0.1984   10.54538   3.970278 6.4856e-01    25.1076    25.1064 3.8422e-01     44.000          1       7505    1500.19 5.9242e+01  51706.560    312.651 1603193509       0.07     -0.522   38.93624  -73.21802 0.0000e+00
     42.672    14.7366    33.5001  1025.0643     2.0821     4.5311     80.328    0.03522    5.64077    5.63479      8.382     0.1921   10.29651   4.110617 7.3074e-01    24.8743    24.8729 4.4073e-01     43.000          1       7582    1504.80 6.0305e+01  51632.076    315.856 1603193512      -0.03     -0.267   38.93625  -73.21803 0.0000e+00
     41.682    15.5905    33.6804  1025.0112     2.1703     4.6143     84.323    0.03577    5.47179    5.46421      8.400     0.1894   10.01365   4.212354 8.0975e-01    24.8263    24.8249 4.9584e-01     42.000          1       7641    1507.69 6.1244e+01  51790.272    318.345 1603193515      -0.03     -0.402   38.93626  -73.21804 0.0000e+00
     40.681    16.5640    33.8506  1024.9143     2.2501     4.9263     89.260    0.05119    5.51886    5.51172      8.409     0.1740   10.09237   4.331380 9.3952e-01    24.7346    24.7331 5.5299e-01     41.000          1       7679    1510.86 5.8897e+01  51933.845    319.925 1603193516      -0.12     -0.610   38.93626  -73.21804 0.0000e+00
     39.685    17.4838    34.0051  1024.8118     2.3240     4.9365     91.035    0.02425    5.42334    5.41538      8.380     0.2342    9.93188   4.428547 1.0115e+00    24.6372    24.6356 6.7809e-01     40.000          1       8796    1513.80 6.8758e+01  52067.103    366.454 1603193563      -0.22     -0.630   38.93639  -73.21830 0.0000e+00
