CalculateIndicators/WaterTemperature/Data/CTD_NYOS/20201028_C32.cnv
* Sea-Bird SBE 9 Data File:
* FileName = C:\Seabird 9 CTD\Data\2020\202010_offshore\20201028_C32.hex
* Software Version Seasave V 7.23.2
* Temperature SN = 4590
* Conductivity SN = 3228
* Number of Bytes Per Scan = 44
* Number of Voltage Words = 5
* Number of Scans Averaged by the Deck Unit = 1
* NMEA Latitude = 40 51.57 N
* NMEA Longitude = 072 12.41 W
* NMEA UTC (Time) = Oct 28 2020  12:40:21
* NMEA baud rate = 4800
** Ship: seawolf
** Station: 2.1
** Operator: sjw
# nquan = 31
# nvalues = 51                          
# units = specified
# name 0 = depSM: Depth [salt water, m]
# name 1 = t090C: Temperature [ITS-90, deg C]
# name 2 = sal00: Salinity, Practical [PSU]
# name 3 = density00: Density [density, kg/m^3]
# name 4 = sbeox0V: Oxygen raw, SBE 43 [V]
# name 5 = sbeox0ML/L: Oxygen, SBE 43 [ml/l]
# name 6 = sbeox0PS: Oxygen, SBE 43 [% saturation]
# name 7 = sbox0dV/dT: Oxygen, SBE 43 [dov/dt]
# name 8 = oxsolML/L: Oxygen Saturation, Garcia & Gordon [ml/l]
# name 9 = oxsatML/L: Oxygen Saturation, Weiss [ml/l]
# name 10 = ph: pH
# name 11 = flECO-AFL: Fluorescence, WET Labs ECO-AFL/FL [mg/m^3]
# name 12 = n2satML/L: Nitrogen Saturation [ml/l]
# name 13 = c0S/m: Conductivity [S/m]
# name 14 = cpar: CPAR/Corrected Irradiance [%]
# name 15 = sigma-é00: Density [sigma-theta, kg/m^3]
# name 16 = sigma-t00: Density [sigma-t, kg/m^3 ]
# name 17 = par: PAR/Irradiance, Biospherical/Licor
# name 18 = prDM: Pressure, Digiquartz [db]
# name 19 = pumps: Pump Status
# name 20 = scan: Scan Count
# name 21 = svCM: Sound Velocity [Chen-Millero, m/s]
# name 22 = spar: SPAR, Biospherical/Licor
# name 23 = specc: Specific Conductance [uS/cm]
# name 24 = timeS: Time, Elapsed [seconds]
# name 25 = timeY: Time, System [seconds]
# name 26 = accM: Acceleration [m/s^2]
# name 27 = dz/dtM: Descent Rate [m/s]
# name 28 = latitude: Latitude [deg]
# name 29 = longitude: Longitude [deg]
# name 30 = flag: flag
# span 0 =      1.973,     26.794       
# span 1 =    16.8055,    16.8243       
# span 2 =    32.6072,    32.6090       
# span 3 =  1023.7324,  1023.8402       
# span 4 =     2.3343,     2.3456       
# span 5 =     5.0170,     5.0423       
# span 6 =     90.018,     90.442       
# span 7 =   -0.00139,    0.00112       
# span 8 =    5.57312,    5.57531       
# span 9 =    5.56588,    5.56809       
# span 10 =      8.396,      8.559      
# span 11 =     0.4193,     0.5669      
# span 12 =   10.19617,   10.19984      
# span 13 =   4.196303,   4.199210      
# span 14 = 8.9158e-02, 3.0966e+01      
# span 15 =    23.7215,    23.7251      
# span 16 =    23.7207,    23.7248      
# span 17 = 9.3693e-02, 3.4358e+01      
# span 18 =      2.000,     27.000      
# span 19 =          1,          1      
# span 20 =        -42,       5881      
# span 21 =    1509.54,    1510.01      
# span 22 = 5.6118e+01, 1.1166e+02      
# span 23 =  50182.720,  50195.784      
# span 24 =     -1.804,    245.012      
# span 25 = 1603888817, 1603889064      
# span 26 =      -0.35,       0.33      
# span 27 =     -0.799,      0.684      
# span 28 =   40.85957,   40.85980      
# span 29 =  -72.20713,  -72.20687      
# span 30 = 0.0000e+00, 0.0000e+00      
# interval = decibars: 1                
# start_time = Oct 28 2020 12:40:19 [System UTC, first data scan.]
# bad_flag = -9.990e-29
*END*
      1.981    16.8078    32.6081  1023.7328     2.3447     5.0345     90.309   -0.00012    5.57474    5.56751      8.396     0.4703   10.19887   4.196581 2.8963e+01    23.7241    23.7240 2.9671e+01      2.000          1        -42    1509.54 1.0246e+02  50183.558     -1.804 1603888817       0.17      0.091   40.85957  -72.20687 0.0000e+00
      2.978    16.8115    32.6079  1023.7363     2.3442     5.0358     90.331    0.00028    5.57478    5.56756      8.400     0.4599   10.19895   4.196914 2.1207e+01    23.7231    23.7230 2.1802e+01      3.000          1        307    1509.57 1.0273e+02  50183.485     12.733 1603888832       0.05      0.188   40.85962  -72.20692 0.0000e+00
      3.968    16.8096    32.6079  1023.7412     2.3456     5.0423     90.442    0.00078    5.57515    5.56793      8.401     0.4539   10.19956   4.196737 1.5101e+01    23.7236    23.7235 1.5707e+01      4.000          1        451    1509.58 1.0405e+02  50184.179     18.760 1603888838       0.08      0.312   40.85962  -72.20692 0.0000e+00
      4.962    16.8055    32.6081  1023.7466     2.3439     5.0326     90.273   -0.00074    5.57489    5.56766      8.401     0.5216   10.19912   4.196436 1.4145e+01    23.7247    23.7245 1.2213e+01      5.000          1        512    1509.59 9.1722e+01  50185.211     21.276 1603888840      -0.02      0.384   40.85964  -72.20692 0.0000e+00
      5.951    16.8085    32.6082  1023.7504     2.3444     5.0365     90.364    0.00009    5.57359    5.56635      8.401     0.5382   10.19696   4.196813 1.4936e+01    23.7241    23.7239 9.9313e+00      6.000          1        589    1509.61 7.3492e+01  50185.636     24.510 1603888844       0.01      0.289   40.85964  -72.20692 0.0000e+00
      6.945    16.8191    32.6086  1023.7527     2.3422     5.0286     90.210   -0.00085    5.57428    5.56705      8.401     0.5122   10.19810   4.197893 7.2655e+00    23.7220    23.7218 7.5668e+00      7.000          1        643    1509.66 1.0446e+02  50185.851     26.754 1603888846       0.11      0.471   40.85964  -72.20693 0.0000e+00
      7.939    16.8179    32.6086  1023.7574     2.3415     5.0291     90.219   -0.00032    5.57434    5.56711 -9.990e-29     0.5139   10.19820   4.197793 6.0000e+00    23.7223    23.7220 6.2796e+00      8.000          1        686    1509.67 1.0466e+02  50186.440     28.550 1603888848       0.01      0.557   40.85964  -72.20694 0.0000e+00
      8.932    16.8132    32.6087  1023.7631     2.3417     5.0318     90.273    0.00024    5.57404    5.56681 -9.990e-29     0.4922   10.19771   4.197402 5.0859e+00    23.7236    23.7232 5.2813e+00      9.000          1        739    1509.68 1.0400e+02  50187.497     30.738 1603888850      -0.08      0.456   40.85964  -72.20694 0.0000e+00
      9.920    16.8148    32.6088  1023.7671     2.3403     5.0238     90.141   -0.00104    5.57331    5.56607 -9.990e-29     0.5245   10.19650   4.197634 7.4454e+00    23.7233    23.7229 4.2435e+00     10.000          1        809    1509.70 5.6118e+01  50187.946     33.682 1603888853       0.04      0.314   40.85966  -72.20694 0.0000e+00
     10.913    16.8220    32.6086  1023.7698     2.3393     5.0248     90.158   -0.00020    5.57330    5.56606 -9.990e-29     0.4933   10.19647   4.198326 5.7261e+00    23.7215    23.7211 3.4956e+00     11.000          1        864    1509.74 6.1073e+01  50187.646     35.974 1603888855      -0.01      0.440   40.85966  -72.20694 0.0000e+00
     11.908    16.8225    32.6089  1023.7743     2.3385     5.0219     90.106   -0.00047    5.57328    5.56604 -9.990e-29     0.4899   10.19645   4.198440 3.5430e+00    23.7217    23.7212 3.0184e+00     12.000          1        907    1509.75 9.1074e+01  50188.469     37.766 1603888857       0.19      0.548   40.85966  -72.20694 0.0000e+00
     12.900    16.8227    32.6088  1023.7786     2.3399     5.0299     90.251    0.00061    5.57325    5.56601 -9.990e-29     0.4684   10.19640   4.198489 2.3236e+00    23.7216    23.7211 2.4742e+00     13.000          1        966    1509.77 1.0657e+02  50188.849     40.196 1603888859      -0.12      0.393   40.85966  -72.20694 0.0000e+00
     13.888    16.8231    32.6088  1023.7830     2.3394     5.0255     90.171   -0.00062    5.57325    5.56601 -9.990e-29     0.5048   10.19639   4.198564 1.9125e+00    23.7216    23.7210 2.0358e+00     14.000          1       1039    1509.79 1.0646e+02  50189.387     43.261 1603888862       0.06      0.355   40.85966  -72.20694 0.0000e+00
     14.885    16.8231    32.6089  1023.7874     2.3401     5.0306     90.263    0.00026    5.57323    5.56599 -9.990e-29     0.4590   10.19636   4.198609 2.3042e+00    23.7216    23.7210 1.7498e+00     15.000          1       1082    1509.81 8.0679e+01  50189.913     45.025 1603888864       0.19      0.556   40.85967  -72.20694 0.0000e+00
     15.877    16.8232    32.6088  1023.7918     2.3387     5.0243     90.151   -0.00066    5.57319    5.56596      8.489     0.5177   10.19630   4.198649 2.4383e+00    23.7216    23.7210 1.4438e+00     16.000          1       1131    1509.82 5.9752e+01  50190.343     47.077 1603888866      -0.11      0.492   40.85968  -72.20694 0.0000e+00
     16.864    16.8235    32.6089  1023.7962     2.3375     5.0240     90.146    0.00001    5.57318    5.56594      8.551     0.5669   10.19628   4.198738 1.4307e+00    23.7216    23.7210 1.1900e+00     17.000          1       1194    1509.84 8.9336e+01  50190.921     49.690 1603888869       0.14      0.357   40.85968  -72.20694 0.0000e+00
     17.860    16.8236    32.6090  1023.8006     2.3370     5.0228     90.124   -0.00018    5.57318    5.56594      8.514     0.4515   10.19628   4.198793 9.2246e-01    23.7217    23.7210 9.8430e-01     18.000          1       1245    1509.86 1.0667e+02  50191.491     51.837 1603888871      -0.09      0.444   40.85968  -72.20694 0.0000e+00
     18.851    16.8236    32.6090  1023.8051     2.3371     5.0238     90.143   -0.00018    5.57315    5.56591      8.512     0.4352   10.19623   4.198838 7.5783e-01    23.7217    23.7210 8.0812e-01     19.000          1       1295    1509.87 1.0664e+02  50192.066     53.933 1603888873       0.24      0.491   40.85968  -72.20694 0.0000e+00
     19.843    16.8236    32.6089  1023.8095     2.3389     5.0335     90.317    0.00112    5.57318    5.56594      8.497     0.4891   10.19628   4.198875 7.8038e-01    23.7217    23.7210 6.4964e-01     20.000          1       1330    1509.89 8.7610e+01  50192.517     55.379 1603888875       0.04      0.684   40.85968  -72.20694 0.0000e+00
     20.841    16.8238    32.6089  1023.8138     2.3375     5.0246     90.158   -0.00051    5.57316    5.56592      8.473     0.4720   10.19624   4.198931 8.5748e-01    23.7217    23.7209 5.2823e-01     21.000          1       1368    1509.91 6.2051e+01  50192.923     56.939 1603888876      -0.09      0.664   40.85968  -72.20694 0.0000e+00
     21.827    16.8238    32.6088  1023.8181     2.3370     5.0258     90.179    0.00003    5.57317    5.56593      8.482     0.5010   10.19627   4.198959 7.1383e-01    23.7216    23.7208 4.3245e-01     22.000          1       1425    1509.92 6.0800e+01  50193.258     59.349 1603888878      -0.01      0.380   40.85968  -72.20694 0.0000e+00
     22.816    16.8239    32.6087  1023.8225     2.3356     5.0196     90.067   -0.00094    5.57315    5.56591      8.496     0.5087   10.19623   4.198999 5.3758e-01    23.7216    23.7208 3.2794e-01     23.000          1       1480    1509.94 6.0916e+01  50193.698     61.646 1603888881      -0.01      0.432   40.85968  -72.20694 0.0000e+00
     23.811    16.8237    32.6089  1023.8271     2.3355     5.0216     90.104   -0.00029    5.57313    5.56589      8.499     0.4322   10.19620   4.199042 4.3369e-01    23.7218    23.7209 2.5538e-01     24.000          1       1516    1509.96 5.8938e+01  50194.447     63.104 1603888882       0.33      0.612   40.85970  -72.20694 0.0000e+00
     24.809    16.8241    32.6087  1023.8313     2.3353     5.0218     90.107   -0.00013    5.57314    5.56589      8.503     0.4712   10.19621   4.199094 3.2547e-01    23.7216    23.7207 1.9351e-01     25.000          1       1558    1509.97 5.9516e+01  50194.622     64.858 1603888884      -0.14      0.572   40.85969  -72.20696 0.0000e+00
     25.798    16.8242    32.6088  1023.8358     2.3343     5.0201     90.077   -0.00004    5.57312    5.56588      8.503     0.4841   10.19617   4.199152 2.3004e-01    23.7217    23.7207 1.3642e-01     26.000          1       1682    1509.99 5.9434e+01  50195.251     70.034 1603888889       0.32      0.219   40.85970  -72.20696 0.0000e+00
     26.794    16.8243    32.6088  1023.8402     2.3355     5.0242     90.150    0.00022    5.57314    5.56590      8.529     0.4744   10.19621   4.199210 8.9158e-02    23.7217    23.7207 9.3693e-02     27.000          1       2321    1510.01 9.4066e+01  50195.784     96.651 1603888916      -0.21      0.157   40.85972  -72.20698 0.0000e+00
     25.795    16.8236    32.6090  1023.8360     2.3356     5.0222     90.114   -0.00039    5.57320    5.56596      8.554     0.5462   10.19631   4.199124 1.3306e-01    23.7220    23.7210 1.3245e-01     26.000          1       2981    1509.99 9.6344e+01  50195.540    124.176 1603888943       0.02     -0.467   40.85975  -72.20701 0.0000e+00
     24.799    16.8236    32.6089  1023.8316     2.3361     5.0259     90.179    0.00069    5.57322    5.56598      8.559     0.4817   10.19634   4.199071 1.9037e-01    23.7219    23.7210 1.8392e-01     25.000          1       3026    1509.97 9.7977e+01  50194.973    126.041 1603888945      -0.03     -0.695   40.85976  -72.20702 0.0000e+00
     23.815    16.8234    32.6089  1023.8272     2.3376     5.0288     90.231    0.00051    5.57325    5.56601      8.521     0.4298   10.19640   4.199004 2.2828e-01    23.7219    23.7210 2.5477e-01     24.000          1       3091    1509.96 1.1166e+02  50194.495    128.769 1603888948       0.09     -0.366   40.85976  -72.20702 0.0000e+00
     22.822    16.8231    32.6088  1023.8227     2.3371     5.0244     90.151   -0.00007    5.57330    5.56606      8.471     0.4585   10.19648   4.198931 3.0441e-01    23.7219    23.7210 3.3663e-01     23.000          1       3145    1509.94 1.1059e+02  50193.860    131.005 1603888950      -0.01     -0.465   40.85976  -72.20702 0.0000e+00
     21.833    16.8229    32.6087  1023.8183     2.3362     5.0199     90.070   -0.00048    5.57334    5.56610      8.426     0.5215   10.19654   4.198849 3.8117e-01    23.7218    23.7210 4.2152e-01     22.000          1       3186    1509.92 1.1059e+02  50193.213    132.722 1603888952      -0.19     -0.556   40.85976  -72.20702 0.0000e+00
     20.835    16.8227    32.6087  1023.8139     2.3356     5.0170     90.018   -0.00079    5.57337    5.56613      8.428     0.5390   10.19660   4.198793 4.6912e-01    23.7218    23.7210 5.1878e-01     21.000          1       3215    1509.90 1.1059e+02  50192.783    133.918 1603888953      -0.14     -0.786   40.85976  -72.20702 0.0000e+00
     19.841    16.8223    32.6086  1023.8095     2.3367     5.0240     90.142    0.00047    5.57347    5.56623      8.431     0.4482   10.19676   4.198694 8.9176e-01    23.7217    23.7210 6.5712e-01     20.000          1       3259    1509.89 7.7640e+01  50192.057    135.755 1603888955       0.18     -0.577   40.85976  -72.20702 0.0000e+00
     18.852    16.8213    32.6083  1023.8051     2.3375     5.0242     90.140    0.00009    5.57374    5.56650      8.440     0.4840   10.19721   4.198531 1.2220e+00    23.7217    23.7210 8.2376e-01     19.000          1       3328    1509.87 6.7512e+01  50191.311    138.607 1603888958      -0.05     -0.359   40.85976  -72.20702 0.0000e+00
     17.872    16.8187    32.6087  1023.8016     2.3375     5.0235     90.129    0.00020    5.57361    5.56637      8.442     0.5413   10.19699   4.198265 1.1386e+00    23.7226    23.7219 9.7724e-01     18.000          1       3383    1509.84 8.8687e+01  50191.507    140.918 1603888960      -0.15     -0.391   40.85976  -72.20702 0.0000e+00
     16.860    16.8183    32.6085  1023.7971     2.3377     5.0219     90.102   -0.00036    5.57355    5.56631      8.439     0.4499   10.19689   4.198200 1.0801e+00    23.7225    23.7219 1.1835e+00     17.000          1       3407    1509.82 1.0973e+02  50190.876    141.914 1603888961      -0.35     -0.799   40.85976  -72.20702 0.0000e+00
     15.874    16.8197    32.6084  1023.7923     2.3394     5.0305     90.257    0.00100    5.57356    5.56632      8.434     0.5543   10.19691   4.198268 1.4455e+00    23.7221    23.7215 1.4364e+00     16.000          1       3448    1509.81 1.0274e+02  50190.081    143.621 1603888963       0.24     -0.644   40.85976  -72.20702 0.0000e+00
     14.881    16.8203    32.6085  1023.7877     2.3395     5.0277     90.208    0.00022    5.57350    5.56627      8.426     0.5341   10.19681   4.198293 2.6237e+00    23.7219    23.7214 1.7448e+00     15.000          1       3507    1509.80 6.7884e+01  50189.556    146.064 1603888965       0.07     -0.415   40.85976  -72.20704 0.0000e+00
     13.896    16.8209    32.6085  1023.7832     2.3415     5.0334     90.309    0.00066    5.57350    5.56627      8.425     0.4830   10.19682   4.198317 3.1219e+00    23.7218    23.7213 2.1045e+00     14.000          1       3583    1509.78 6.7432e+01  50189.131    149.259 1603888968      -0.08     -0.288   40.85976  -72.20704 0.0000e+00
     12.902    16.8208    32.6085  1023.7788     2.3395     5.0205     90.079   -0.00139    5.57344    5.56620      8.424     0.4500   10.19671   4.198259 3.6247e+00    23.7218    23.7213 2.4267e+00     13.000          1       3621    1509.76 6.6976e+01  50188.574    150.819 1603888970      -0.28     -0.579   40.85976  -72.20704 0.0000e+00
     11.903    16.8209    32.6086  1023.7744     2.3394     5.0236     90.136   -0.00035    5.57338    5.56614 -9.990e-29     0.4679   10.19662   4.198238 4.3067e+00    23.7218    23.7213 2.9842e+00     12.000          1       3660    1509.75 6.9253e+01  50188.177    152.456 1603888972       0.13     -0.607   40.85976  -72.20704 0.0000e+00
     10.917    16.8221    32.6087  1023.7698     2.3409     5.0289     90.230    0.00021    5.57341    5.56618      8.413     0.4247   10.19667   4.198318 5.4021e+00    23.7215    23.7211 3.5316e+00     11.000          1       3758    1509.73 6.5406e+01  50187.736    156.525 1603888976      -0.12     -0.141   40.85976  -72.20704 0.0000e+00
      9.919    16.8213    32.6087  1023.7656     2.3414     5.0310     90.266    0.00046    5.57350    5.56627      8.410     0.4737   10.19682   4.198193 6.1017e+00    23.7217    23.7213 4.1821e+00     10.000          1       3829    1509.72 6.9913e+01  50187.301    159.500 1603888979      -0.16     -0.475   40.85976  -72.20704 0.0000e+00
      8.928    16.8146    32.6089  1023.7629     2.3417     5.0301     90.229   -0.00011    5.57483    5.56760      8.424     0.4746   10.19902   4.197532 4.5478e+00    23.7234    23.7230 5.0735e+00      9.000          1       5061    1509.68 1.1070e+02  50187.638    210.846 1603889030       0.01     -0.371   40.85978  -72.20709 0.0000e+00
      7.939    16.8066    32.6088  1023.7602     2.3426     5.0333     90.281    0.00024    5.57510    5.56788      8.424     0.4582   10.19948   4.196710 5.5053e+00    23.7251    23.7248 6.0904e+00      8.000          1       5364    1509.64 1.1064e+02  50187.580    223.453 1603889043      -0.10     -0.426   40.85978  -72.20710 0.0000e+00
      6.946    16.8057    32.6084  1023.7557     2.3422     5.0298     90.220   -0.00022    5.57504    5.56782      8.428     0.4502   10.19938   4.196563 7.3162e+00    23.7250    23.7247 8.0906e+00      7.000          1       5424    1509.62 1.1059e+02  50186.654    225.954 1603889045       0.03     -0.313   40.85980  -72.20710 0.0000e+00
