CalculateIndicators/WaterTemperature/Data/CTD_NYOS/20201021_C12.cnv
* Sea-Bird SBE 9 Data File:
* FileName = C:\Seabird 9 CTD\Data\2020\202010_offshore\20201021_C12.hex
* Software Version Seasave V 7.23.2
* Temperature SN = 4590
* Conductivity SN = 3228
* Number of Bytes Per Scan = 44
* Number of Voltage Words = 5
* Number of Scans Averaged by the Deck Unit = 1
* NMEA Latitude = 39 49.31 N
* NMEA Longitude = 073 11.92 W
* NMEA UTC (Time) = Oct 21 2020  06:03:13
* NMEA baud rate = 4800
** Ship: seawolf
** Station: 6.3
** Operator: EIH
# nquan = 31
# nvalues = 80                          
# units = specified
# name 0 = depSM: Depth [salt water, m]
# name 1 = t090C: Temperature [ITS-90, deg C]
# name 2 = sal00: Salinity, Practical [PSU]
# name 3 = density00: Density [density, kg/m^3]
# name 4 = sbeox0V: Oxygen raw, SBE 43 [V]
# name 5 = sbeox0ML/L: Oxygen, SBE 43 [ml/l]
# name 6 = sbeox0PS: Oxygen, SBE 43 [% saturation]
# name 7 = sbox0dV/dT: Oxygen, SBE 43 [dov/dt]
# name 8 = oxsolML/L: Oxygen Saturation, Garcia & Gordon [ml/l]
# name 9 = oxsatML/L: Oxygen Saturation, Weiss [ml/l]
# name 10 = ph: pH
# name 11 = flECO-AFL: Fluorescence, WET Labs ECO-AFL/FL [mg/m^3]
# name 12 = n2satML/L: Nitrogen Saturation [ml/l]
# name 13 = c0S/m: Conductivity [S/m]
# name 14 = cpar: CPAR/Corrected Irradiance [%]
# name 15 = sigma-é00: Density [sigma-theta, kg/m^3]
# name 16 = sigma-t00: Density [sigma-t, kg/m^3 ]
# name 17 = par: PAR/Irradiance, Biospherical/Licor
# name 18 = prDM: Pressure, Digiquartz [db]
# name 19 = pumps: Pump Status
# name 20 = scan: Scan Count
# name 21 = svCM: Sound Velocity [Chen-Millero, m/s]
# name 22 = spar: SPAR, Biospherical/Licor
# name 23 = specc: Specific Conductance [uS/cm]
# name 24 = timeS: Time, Elapsed [seconds]
# name 25 = timeY: Time, System [seconds]
# name 26 = accM: Acceleration [m/s^2]
# name 27 = dz/dtM: Descent Rate [m/s]
# name 28 = latitude: Latitude [deg]
# name 29 = longitude: Longitude [deg]
# name 30 = flag: flag
# span 0 =      0.988,     40.698       
# span 1 =    12.3675,    18.0888       
# span 2 =    32.8262,    33.6716       
# span 3 =  1023.6467,  1025.0347       
# span 4 =     1.5969,     2.4874       
# span 5 =     3.3312,     5.2776       
# span 6 =     54.999,     97.141       
# span 7 =   -0.12655,    0.08244       
# span 8 =    5.41852,    6.06062       
# span 9 =    5.41020,    6.05885       
# span 10 =      8.301,      8.615      
# span 11 =     0.0809,     0.5412      
# span 12 =    9.93079,   11.00264      
# span 13 =   3.816432,   4.446833      
# span 14 = -6.786e+04, 1.1322e+05      
# span 15 =    23.6380,    24.8514      
# span 16 =    23.6379,    24.8504      
# span 17 = -1.176e-03, 4.5613e-01      
# span 18 =      1.000,     41.000      
# span 19 =          1,          1      
# span 20 =          1,      10933      
# span 21 =    1496.19,    1515.06      
# span 22 = -3.870e-01, 6.3226e+00      
# span 23 =  50463.245,  51566.663      
# span 24 =     -0.007,    455.496      
# span 25 = 1603260195, 1603260650      
# span 26 =      -0.51,       0.26      
# span 27 =     -0.959,      0.686      
# span 28 =   39.82135,   39.82199      
# span 29 =  -73.19942,  -73.19877      
# span 30 = 0.0000e+00, 0.0000e+00      
# interval = decibars: 1                
# start_time = Oct 21 2020 06:03:15 [System UTC, first data scan.]
# bad_flag = -9.990e-29
*END*
[from data line 47]
     32.742    17.8619    33.6264  1024.3992     2.3489     4.9244     90.658   -0.00131    5.43188    5.42378      8.393     0.3656    9.95098   4.420284 3.0190e+04    24.2553    24.2539 1.0000e-12     33.000          1       4612    1514.37 2.7312e+00  51517.061    192.136 1603260387       0.05     -0.438   39.82178  -73.19912 0.0000e+00
     31.757    17.8542    33.6142  1024.3874     2.3575     4.9617     91.449    0.00557    5.42569    5.41754      8.394     0.3985    9.94059   4.416343 9.7989e+04    24.2478    24.2464 1.0000e-12     32.000          1       4735    1514.32 -3.603e-02  51500.474    197.237 1603260392      -0.10     -0.107   39.82178  -73.19912 0.0000e+00
     30.758    17.8877    33.6236  1024.3820     2.3718     4.9968     92.098    0.00489    5.42555    5.41739      8.392     0.3889    9.94033   4.420294 8.2287e+03    24.2468    24.2455 1.0000e-12     31.000          1       4784    1514.41 3.5735e+00  51510.471    199.292 1603260394      -0.01     -0.458   39.82178  -73.19912 0.0000e+00
     29.768    17.9035    33.6280  1024.3771     2.3780     5.0011     92.190    0.00141    5.42470    5.41654      8.387     0.4069    9.93887   4.421729 2.7702e-11    24.2463    24.2450 1.0000e-12     30.000          1       4862    1514.45 3.9392e+00  51514.765    202.543 1603260397      -0.01     -0.286   39.82177  -73.19912 0.0000e+00
     28.783    17.9075    33.6330  1024.3756     2.3819     5.0092     92.359    0.00149    5.42357    5.41540      8.387     0.3842    9.93694   4.422179 9.7135e+04    24.2491    24.2479 1.0000e-12     29.000          1       4969    1514.45 6.1940e-02  51520.868    207.018 1603260402      -0.35     -0.244   39.82176  -73.19914 0.0000e+00
     27.779    17.9102    33.6351  1024.3721     2.3846     5.0173     92.515    0.00197    5.42314    5.41496      8.404     0.3974    9.93621   4.422644 9.9514e+04    24.2500    24.2489 1.0000e-12     28.000          1       5001    1514.44 1.6759e-02  51523.079    208.332 1603260403      -0.06     -0.647   39.82176  -73.19914 0.0000e+00
     26.793    17.9339    33.6330  1024.3603     2.4037     5.0837     93.756    0.00760    5.42220    5.41401      8.394     0.4015    9.93492   4.424390 4.0337e+04    24.2425    24.2414 1.0000e-12     27.000          1       5120    1514.49 2.2284e+00  51517.946    213.302 1603260408       0.01     -0.159   39.82175  -73.19915 0.0000e+00
     25.798    17.9389    33.5995  1024.3290     2.4362     5.1685     95.314    0.00732    5.42257    5.41437      8.383     0.3575    9.93571   4.420817 4.3098e+04    24.2157    24.2146 1.0000e-12     26.000          1       5212    1514.45 2.1287e+00  51471.267    217.113 1603260412       0.02     -0.358   39.82174  -73.19916 0.0000e+00
     24.800    17.9403    33.5936  1024.3197     2.4491     5.1760     95.439   -0.00121    5.42338    5.41519      8.376     0.3871    9.93711   4.420013 -8.611e+03    24.2107    24.2097 1.0000e-12     25.000          1       6330    1514.43 3.9390e+00  51462.521    263.693 1603260459      -0.10     -0.558   39.82165  -73.19921 0.0000e+00
     23.817    17.9275    33.5873  1024.3137     2.4487     5.1768     95.421   -0.00066    5.42525    5.41706      8.399     0.3204    9.94040   4.417973 3.0545e-11    24.2090    24.2080 1.0000e-12     24.000          1       6527    1514.37 3.6018e+00  51454.395    271.931 1603260467       0.04     -0.364   39.82164  -73.19922 0.0000e+00
     22.836    17.9163    33.5776  1024.3046     2.4519     5.1949     95.696    0.00161    5.42854    5.42038      8.384     0.3229    9.94622   4.415572 2.9452e-11    24.2042    24.2033 1.0000e-12     23.000          1       6604    1514.31 3.9667e+00  51441.322    275.105 1603260470      -0.51     -0.483   39.82164  -73.19922 0.0000e+00
     21.819    17.9198    33.5675  1024.2916     2.4533     5.2027     95.830    0.00276    5.42904    5.42088      8.382     0.2997    9.94707   4.414871 3.3284e-11    24.1957    24.1948 1.0000e-12     22.000          1       6621    1514.29 -9.990e-29  51426.830    275.840 1603260471      -0.44     -0.959   39.82164  -73.19922 0.0000e+00
     20.837    17.9156    33.5481  1024.2734     2.4595     5.2151     96.054    0.00167    5.42940    5.42123      8.376     0.3302    9.94790   4.412181 3.0854e-11    24.1818    24.1809 1.0000e-12     21.000          1       6686    1514.24 -9.990e-29  51400.112    278.558 1603260473       0.13     -0.523   39.82163  -73.19923 0.0000e+00
     19.846    17.9590    33.5266  1024.2420     2.4570     5.1992     95.672   -0.00264    5.43447    5.42632      8.372     0.4571    9.95675   4.413720 2.7851e-11    24.1547    24.1539 1.0000e-12     20.000          1       6758    1514.33 -9.990e-29  51367.012    281.522 1603260476      -0.40     -0.520   39.82162  -73.19924 0.0000e+00
     18.850    17.9057    33.4947  1024.2261     2.4444     5.1482     94.770   -0.00742    5.43234    5.42417      8.370     0.5412    9.95333   4.404379 2.9284e-11    24.1432    24.1424 1.0000e-12     19.000          1       6795    1514.12 3.9495e+00  51326.638    283.092 1603260478       0.10     -0.657   39.82162  -73.19924 0.0000e+00
     17.861    17.8579    33.4627  1024.2088     2.4285     5.0987     93.999   -0.00712    5.42426    5.41601      8.369     0.5392    9.94014   4.396384 2.6745e-11    24.1303    24.1295 1.0000e-12     18.000          1       6849    1513.92 3.9495e+00  51285.647    285.339 1603260480       0.00     -0.433   39.82162  -73.19924 0.0000e+00
     16.871    17.9717    33.4497  1024.1668     2.4477     5.1973     95.884    0.00983    5.42044    5.41214      8.379     0.2884    9.93435   4.406006 2.7372e-11    24.0927    24.0920 1.0000e-12     17.000          1       6912    1514.23 3.8067e+00  51259.382    287.940 1603260483       0.03     -0.366   39.82161  -73.19924 0.0000e+00
     15.878    18.0046    33.3991  1024.1157     2.4584     5.2097     96.064    0.00411    5.42311    5.41479      8.377     0.3292    9.93953   4.403264 -9.990e-29    24.0458    24.0452 1.0000e-12     16.000          1       6962    1514.25 3.8194e+00  51187.138    290.028 1603260485      -0.11     -0.498   39.82160  -73.19924 0.0000e+00
     14.883    18.0424    33.3656  1024.0763     2.4581     5.1983     95.800   -0.00013    5.42618    5.41788      8.373     0.3435    9.94492   4.402590 9.9999e+04    24.0109    24.0103 1.0000e-12     15.000          1       7003    1514.31 2.5137e-01  51138.072    291.740 1603260487      -0.01     -0.584   39.82160  -73.19924 0.0000e+00
     13.892    17.9999    33.2805  1024.0172     2.4639     5.2257     96.198    0.00199    5.43225    5.42398      8.376     0.3079    9.95558   4.388338 2.5218e+04    23.9561    23.9555 1.0000e-12     14.000          1       7079    1514.07 2.7330e+00  51023.908    294.915 1603260490       0.08     -0.279   39.82160  -73.19924 0.0000e+00
     12.901    17.9672    33.2389  1023.9890     2.4673     5.2358     96.266    0.00045    5.43885    5.43062      8.372     0.2835    9.96723   4.380186 7.1391e+04    23.9322    23.9317 1.0000e-12     13.000          1       7151    1513.91 8.6624e-01  50968.841    297.936 1603260493      -0.16     -0.400   39.82158  -73.19924 0.0000e+00
     11.908    17.9227    33.1699  1023.9426     2.4704     5.2461     96.447    0.00118    5.43937    5.43112      8.364     0.3171    9.96827   4.367616 8.1373e+04    23.8902    23.8897 1.0000e-12     12.000          1       7222    1513.68 6.7861e-01  50876.636    300.895 1603260496       0.07     -0.297   39.82158  -73.19925 0.0000e+00
     10.915    17.9218    33.1341  1023.9110     2.4735     5.2540     96.578    0.00099    5.44014    5.43189      8.366     0.3028    9.96999   4.363504 6.8275e+04    23.8630    23.8625 1.0000e-12     11.000          1       7316    1513.62 1.4494e+00  50827.139    304.771 1603260500      -0.05     -0.279   39.82158  -73.19927 0.0000e+00
      9.921    17.9237    33.1061  1023.8847     2.4750     5.2564     96.627    0.00064    5.43990    5.43165      8.369     0.2941    9.96952   4.360430 6.1972e+04    23.8410    23.8406 1.0000e-12     10.000          1       7411    1513.58 1.2939e+00  50788.170    308.733 1603260504      -0.05     -0.386   39.82157  -73.19928 0.0000e+00
      8.926    17.9399    33.0847  1023.8600     2.4787     5.2576     96.724   -0.00027    5.43569    5.42738      8.385     0.2971    9.96318   4.359492 -1.028e+04    23.8207    23.8204 1.0000e-12      9.000          1       8453    1513.59 4.3603e+00  50757.132    352.176 1603260547      -0.21     -0.452   39.82149  -73.19931 0.0000e+00
      7.938    17.9732    33.0589  1023.8277     2.4824     5.2664     97.003    0.00182    5.42914    5.42076      8.388     0.2887    9.95254   4.359665 2.6361e-11    23.7928    23.7925 1.0000e-12      8.000          1       8872    1513.64 3.9489e+00  50718.967    369.633 1603260564       0.10     -0.588   39.82146  -73.19932 0.0000e+00
      6.944    18.0520    33.0262  1023.7791     2.4828     5.2615     96.912    0.00008    5.42913    5.42073      8.386     0.2682    9.95275   4.363431 2.6010e-11    23.7486    23.7483 1.0000e-12      7.000          1       8963    1513.82 3.8967e+00  50668.009    373.414 1603260568      -0.08     -0.346   39.82146  -73.19933 0.0000e+00
      5.961    18.0545    33.0164  1023.7666     2.4823     5.2606     96.830   -0.00048    5.43278    5.42440 -9.990e-29     0.2400    9.95935   4.362040 -9.990e-29    23.7404    23.7402 1.0000e-12      6.000          1       9066    1513.79 3.8516e+00  50653.948    377.688 1603260573      -0.15     -0.358   39.82146  -73.19934 0.0000e+00
      4.959    18.0468    32.9816  1023.7374     2.4829     5.2654     96.908    0.00040    5.43342    5.42504 -9.990e-29     0.2409    9.96051   4.357314 9.9999e+04    23.7156    23.7154 1.0000e-12      5.000          1       9092    1513.72 1.1479e+00  50606.241    378.797 1603260574      -0.23     -0.698   39.82146  -73.19934 0.0000e+00
      3.965    18.0452    32.9543  1023.7125     2.4824     5.2608     96.815   -0.00077    5.43387    5.42549 -9.990e-29     0.2295    9.96132   4.353796 9.9999e+04    23.6951    23.6949 1.0000e-12      4.000          1       9167    1513.66 -3.575e-02  50568.354    381.912 1603260577       0.01     -0.543   39.82145  -73.19934 0.0000e+00
      2.967    18.0392    32.9390  1023.6978     2.4850     5.2708     96.984    0.00005    5.43470    5.42633      8.393     0.2142    9.96282   4.351467 5.8158e+04    23.6848    23.6847 1.0000e-12      3.000          1       9554    1513.61 1.6525e+00  50547.301    398.022 1603260593      -0.08     -0.547   39.82143  -73.19935 0.0000e+00
      1.989    18.0337    32.9188  1023.6794     2.4859     5.2688     96.949   -0.00073    5.43462    5.42625      8.395     0.2495    9.96270   4.348551 -8.498e+03    23.6706    23.6705 1.0000e-12      2.000          1      10933    1513.56 4.2851e+00  50519.444    455.496 1603260650       0.08     -0.313   39.82135  -73.19942 0.0000e+00
      0.988    18.0360    32.9264  1023.6802 -9.990e-29 -9.990e-29 -9.990e-29 -9.990e-29 -9.990e-29 -9.990e-29 -9.990e-29 -9.990e-29 -9.990e-29   4.349585 1.2002e+01    23.6759    23.6758 4.5613e-01      1.000          1      10813    1513.56 3.9495e+00  50529.284    450.493 1603260645       0.07     -0.427   39.82136  -73.19942 0.0000e+00
