CalculateIndicators/WaterTemperature/Data/CTD_NYOS/20201028_C28.cnv
* Sea-Bird SBE 9 Data File:
* FileName = C:\Seabird 9 CTD\Data\2020\202010_offshore\20201028_C28.hex
* Software Version Seasave V 7.23.2
* Temperature SN = 4590
* Conductivity SN = 3228
* Number of Bytes Per Scan = 44
* Number of Voltage Words = 5
* Number of Scans Averaged by the Deck Unit = 1
* NMEA Latitude = 39 47.19 N
* NMEA Longitude = 072 08.86 W
* NMEA UTC (Time) = Oct 28 2020  00:28:39
* NMEA baud rate = 4800
** Ship: seawolf
** Station: 3.4
** Operator: EIH
# nquan = 31
# nvalues = 185                         
# units = specified
# name 0 = depSM: Depth [salt water, m]
# name 1 = t090C: Temperature [ITS-90, deg C]
# name 2 = sal00: Salinity, Practical [PSU]
# name 3 = density00: Density [density, kg/m^3]
# name 4 = sbeox0V: Oxygen raw, SBE 43 [V]
# name 5 = sbeox0ML/L: Oxygen, SBE 43 [ml/l]
# name 6 = sbeox0PS: Oxygen, SBE 43 [% saturation]
# name 7 = sbox0dV/dT: Oxygen, SBE 43 [dov/dt]
# name 8 = oxsolML/L: Oxygen Saturation, Garcia & Gordon [ml/l]
# name 9 = oxsatML/L: Oxygen Saturation, Weiss [ml/l]
# name 10 = ph: pH
# name 11 = flECO-AFL: Fluorescence, WET Labs ECO-AFL/FL [mg/m^3]
# name 12 = n2satML/L: Nitrogen Saturation [ml/l]
# name 13 = c0S/m: Conductivity [S/m]
# name 14 = cpar: CPAR/Corrected Irradiance [%]
# name 15 = sigma-é00: Density [sigma-theta, kg/m^3]
# name 16 = sigma-t00: Density [sigma-t, kg/m^3 ]
# name 17 = par: PAR/Irradiance, Biospherical/Licor
# name 18 = prDM: Pressure, Digiquartz [db]
# name 19 = pumps: Pump Status
# name 20 = scan: Scan Count
# name 21 = svCM: Sound Velocity [Chen-Millero, m/s]
# name 22 = spar: SPAR, Biospherical/Licor
# name 23 = specc: Specific Conductance [uS/cm]
# name 24 = timeS: Time, Elapsed [seconds]
# name 25 = timeY: Time, System [seconds]
# name 26 = accM: Acceleration [m/s^2]
# name 27 = dz/dtM: Descent Rate [m/s]
# name 28 = latitude: Latitude [deg]
# name 29 = longitude: Longitude [deg]
# name 30 = flag: flag
# span 0 =      1.971,     93.279       
# span 1 =    14.8891,    19.4238       
# span 2 =    34.2460,    35.3781       
# span 3 =  1024.5769,  1026.6564       
# span 4 =     1.8415,     2.4584       
# span 5 =     3.8005,     5.0481       
# span 6 =     66.746,     95.750       
# span 7 =   -0.02982,    0.02804       
# span 8 =    5.24075,    5.69394       
# span 9 =    5.23143,    5.68946       
# span 10 =      8.403,      8.554      
# span 11 =    -0.0392,     0.5270      
# span 12 =    9.62292,   10.36766      
# span 13 =   4.262898,   4.694215      
# span 14 = -4.561e+04, 1.0469e+05      
# span 15 =    24.5682,    26.2473      
# span 16 =    24.5674,    26.2443      
# span 17 = 1.0000e-12, 1.1772e-01      
# span 18 =      2.000,     94.000      
# span 19 =          1,          1      
# span 20 =        -44,      16572      
# span 21 =    1507.83,    1520.37      
# span 22 = -1.835e-01, 5.7532e+00      
# span 23 =  52440.296,  54167.621      
# span 24 =     -1.857,    690.439      
# span 25 = 1603844918, 1603845610      
# span 26 =      -0.53,       0.77      
# span 27 =     -0.948,      1.034      
# span 28 =   39.78615,   39.78662      
# span 29 =  -72.14881,  -72.14768      
# span 30 = 0.0000e+00, 0.0000e+00      
# interval = decibars: 1                
# start_time = Oct 28 2020 00:28:40 [System UTC, first data scan.]
# bad_flag = -9.990e-29
*END*
[from data line 47]
     48.620    19.3617    34.6016  1024.8385     2.4043     4.8929     93.312   -0.00261    5.24360    5.23429      8.421     0.1663    9.62782   4.681391 2.5320e-11    24.6263    24.6240 1.0000e-12     49.000          1       2848    1520.06 3.9495e+00  52756.282    118.636 1603845038       0.19      0.456   39.78650  -72.14796 0.0000e+00
     49.610    19.3849    34.6250  1024.8548     2.3993     4.8773     93.053   -0.00299    5.24143    5.23211      8.436     0.1495    9.62409   4.686688 2.5930e-11    24.6383    24.6360 1.0000e-12     50.000          1       2892    1520.17 3.9495e+00  52787.172    120.438 1603845040      -0.04      0.559   39.78650  -72.14798 0.0000e+00
     50.608    19.4048    34.6392  1024.8648     2.3970     4.8753     93.026   -0.00150    5.24075    5.23143      8.473     0.1718    9.62292   4.690422 2.6593e-11    24.6440    24.6416 1.0000e-12     51.000          1       2930    1520.26 3.8519e+00  52805.638    122.022 1603845042       0.07      0.626   39.78650  -72.14798 0.0000e+00
     51.595    19.4238    34.6527  1024.8746     2.3924     4.8672     92.825   -0.00147    5.24347    5.23417      8.499     0.1211    9.62744   4.693889 6.5850e+04    24.6495    24.6471 1.0000e-12     52.000          1       2998    1520.34 1.2123e+00  52823.431    124.871 1603845045      -0.11      0.315   39.78650  -72.14798 0.0000e+00
     52.581    19.4233    34.6572  1024.8825     2.3846     4.8486     92.336   -0.00400    5.25107    5.24182      8.427     0.0897    9.64018   4.694215 -3.676e+03    24.6531    24.6506 1.0000e-12     53.000          1       3059    1520.37 4.1026e+00  52830.106    127.420 1603845047       0.24      0.438   39.78650  -72.14798 0.0000e+00
     53.584    19.3729    34.6475  1024.8925     2.3818     4.8437     92.245   -0.00310    5.25090    5.24166      8.444     0.1082    9.63991   4.687511 2.5320e-11    24.6587    24.6562 1.0000e-12     54.000          1       3087    1520.23 3.9495e+00  52820.326    128.578 1603845048       0.20      0.758   39.78650  -72.14798 0.0000e+00
     54.573    19.3263    34.6405  1024.9035     2.3773     4.8422     92.120   -0.00176    5.25645    5.24725      8.440     0.0945    9.64920   4.682383 2.5320e-11    24.6654    24.6628 1.0000e-12     55.000          1       3141    1520.10 3.9495e+00  52814.129    130.844 1603845050      -0.18      0.438   39.78650  -72.14800 0.0000e+00
     55.564    19.2772    34.6329  1024.9148     2.3711     4.8325     91.792   -0.00277    5.26463    5.25549      8.454     0.0683    9.66287   4.676291 2.5320e-11    24.6722    24.6696 1.0000e-12     56.000          1       3205    1519.98 3.9495e+00  52807.243    133.516 1603845053       0.17      0.437   39.78648  -72.14800 0.0000e+00
     56.553    19.2298    34.6269  1024.9268     2.3639     4.8116     91.347   -0.00457    5.26734    5.25822      8.439     0.0844    9.66742   4.670730 -9.990e-29    24.6799    24.6773 1.0000e-12     57.000          1       3246    1519.85 3.9495e+00  52802.542    135.194 1603845055       0.08      0.577   39.78648  -72.14800 0.0000e+00
     57.552    19.1829    34.6212  1024.9389     2.3605     4.8126     91.310   -0.00249    5.27059    5.26150      8.437     0.0765    9.67282   4.665479 9.9999e+04    24.6876    24.6849 1.0000e-12     58.000          1       3290    1519.73 2.3102e+00  52798.167    137.042 1603845057      -0.13      0.529   39.78648  -72.14801 0.0000e+00
     58.535    19.1217    34.6140  1024.9535     2.3527     4.8000     90.951   -0.00256    5.27753    5.26850      8.454     0.0505    9.68430   4.658772 2.7658e+04    24.6978    24.6951 1.0000e-12     59.000          1       3367    1519.56 2.4263e+00  52792.798    140.246 1603845060       0.17      0.244   39.78648  -72.14802 0.0000e+00
     59.535    19.0956    34.6247  1024.9727     2.3460     4.7810     90.546   -0.00418    5.28020    5.27119      8.449     0.0373    9.68880   4.657116 6.0958e+02    24.7127    24.7099 1.0000e-12     60.000          1       3404    1519.52 3.9229e+00  52809.377    141.780 1603845061       0.12      0.603   39.78648  -72.14802 0.0000e+00
     60.524    19.0535    34.6215  1024.9854     2.3422     4.7848     90.495   -0.00206    5.28736    5.27840      8.441     0.0531    9.70083   4.652752 -9.990e-29    24.7210    24.7182 1.0000e-12     61.000          1       3449    1519.41 3.9495e+00  52808.179    143.651 1603845063      -0.09      0.540   39.78648  -72.14802 0.0000e+00
     61.520    18.9999    34.6096  1024.9944     2.3333     4.7909     89.985   -0.00420    5.32426    5.31559      8.457     0.0543    9.76284   4.645709 9.9999e+04    24.7256    24.7228 1.0000e-12     62.000          1       3498    1519.26 1.9171e+00  52795.812    145.695 1603845065      -0.05      0.499   39.78648  -72.14802 0.0000e+00
     62.508    18.7222    34.5480  1025.0221     2.2949     4.7533     87.506   -0.01633    5.43231    5.42454      8.428     0.0290    9.94426   4.608063 9.9999e+04    24.7487    24.7459 1.0000e-12     63.000          1       3562    1518.41 -3.047e-02  52730.621    148.355 1603845068       0.04      0.356   39.78648  -72.14803 0.0000e+00
     63.496    18.0300    34.4000  1025.0862     2.2303     4.6217     83.594   -0.02982    5.52835    5.52150      8.407     0.0193   10.10380   4.518327 9.9999e+04    24.8077    24.8050 1.0000e-12     64.000          1       3618    1516.26 0.0000e+00  52577.980    150.714 1603845070       0.01      0.415   39.78648  -72.14804 0.0000e+00
     64.495    17.0913    34.2670  1025.2164     2.1973     4.5474     82.268   -0.02518    5.52752    5.52067      8.406     0.0072   10.10233   4.410429 9.0175e+04    24.9324    24.9298 1.0000e-12     65.000          1       3652    1513.34 1.9399e-01  52470.974    152.117 1603845072       0.24      0.656   39.78648  -72.14804 0.0000e+00
     65.487    16.7839    34.3276  1025.3403     2.1807     4.5574     82.437   -0.00966    5.52817    5.52141      8.410     0.0199   10.10185   4.390413 6.4474e+03    25.0516    25.0491 1.0000e-12     66.000          1       3705    1512.50 3.5905e+00  52579.864    154.322 1603845074      -0.07      0.506   39.78646  -72.14804 0.0000e+00
     66.468    17.1095    34.6493  1025.5141     2.1541     4.5513     81.069   -0.01207    5.61425    5.60847      8.409     0.0286   10.24284   4.466463 2.6205e-11    25.2215    25.2189 1.0000e-12     67.000          1       3788    1513.87 3.9549e+00  52992.785    157.776 1603845077       0.51      0.337   39.78646  -72.14805 0.0000e+00
     67.475    17.0133    34.7041  1025.5835     2.1287     4.4587     79.008   -0.02480    5.64346    5.63800      8.418     0.0394   10.29138   4.454361 4.0030e+04    25.2865    25.2838 1.0000e-12     68.000          1       3811    1513.66 2.2966e+00  53075.778    158.730 1603845078       0.28      0.842   39.78646  -72.14806 0.0000e+00
     68.465    15.9403    34.6416  1025.7895     2.1027     4.4497     78.393   -0.01522    5.67621    5.67111      8.418     0.0088   10.34567   4.340754 6.6816e+04    25.4868    25.4843 1.0000e-12     69.000          1       3857    1510.33 1.2229e+00  53091.472    160.684 1603845080      -0.17      0.566   39.78646  -72.14806 0.0000e+00
     69.445    15.1340    34.6282  1025.9666     2.0793     4.4393     78.076   -0.00329    5.68581    5.68084      8.417    -0.0179   10.36113   4.262898 -9.990e-29    25.6585    25.6561 1.0000e-12     70.000          1       3940    1507.83 4.4005e+00  53155.742    164.140 1603845084       0.18      0.209   39.78646  -72.14806 0.0000e+00
     70.443    15.1564    34.6363  1025.9720     2.0778     4.4299     78.044   -0.00259    5.67612    5.67107      8.414     0.0013   10.34446   4.266940 -9.990e-29    25.6595    25.6571 1.0000e-12     71.000          1       3970    1507.92 3.9495e+00  53165.463    165.356 1603845085       0.33      0.652   39.78646  -72.14806 0.0000e+00
     71.442    15.1900    34.6828  1026.0048     2.0726     4.4017     77.775   -0.00266    5.65949    5.65430      8.425    -0.0071   10.31609   4.276560 9.9999e+04    25.6879    25.6855 1.0000e-12     72.000          1       4014    1508.10 1.0427e+00  53226.087    167.196 1603845087      -0.08      0.569   39.78646  -72.14808 0.0000e+00
     72.424    15.3468    34.7926  1026.0588     2.0620     4.3497     77.221   -0.00316    5.63280    5.62740      8.430    -0.0195   10.27039   4.306077 9.9999e+04    25.7379    25.7354 1.0000e-12     73.000          1       4094    1508.73 -4.809e-02  53360.203    170.530 1603845090       0.24      0.265   39.78646  -72.14808 0.0000e+00
     73.416    15.5105    34.9051  1026.1131     2.0516     4.3032     76.454   -0.00714    5.62852    5.62308      8.426    -0.0257   10.26314   4.335190 9.9999e+04    25.7880    25.7855 1.0000e-12     74.000          1       4127    1509.39 0.0000e+00  53497.492    171.924 1603845092       0.19      0.632   39.78646  -72.14808 0.0000e+00
     74.418    15.5213    34.9189  1026.1257     2.0451     4.2871     76.175   -0.00649    5.62806    5.62261      8.432    -0.0249   10.26237   4.337281 9.9999e+04    25.7963    25.7937 1.0000e-12     75.000          1       4153    1509.46 0.0000e+00  53515.382    173.017 1603845093       0.16      0.849   39.78646  -72.14808 0.0000e+00
     75.408    15.5823    34.9542  1026.1436     2.0382     4.2742     76.024   -0.00369    5.62207    5.61659      8.430    -0.0078   10.25181   4.347597 7.3552e+04    25.8098    25.8072 1.0000e-12     76.000          1       4209    1509.71 1.0010e+00  53558.463    175.333 1603845095      -0.06      0.588   39.78646  -72.14808 0.0000e+00
     76.395    15.6866    35.0270  1026.1803     2.0245     4.2107     75.110   -0.00754    5.60601    5.60045      8.429    -0.0121   10.22337   4.368452 -7.641e+02    25.8424    25.8396 1.0000e-12     77.000          1       4288    1510.13 3.9801e+00  53647.235    178.639 1603845098       0.77      0.581   39.78644  -72.14809 0.0000e+00
     77.400    15.7577    35.1427  1026.2576     2.0110     4.1537     74.081   -0.01320    5.60694    5.60139      8.429    -0.0055   10.22493   4.386886 2.6146e-11    25.9154    25.9126 1.0000e-12     78.000          1       4311    1510.50 3.8851e+00  53799.001    179.570 1603845099       0.16      1.034   39.78645  -72.14810 0.0000e+00
     78.383    15.7185    35.1804  1026.3000     1.9955     4.1395     73.731   -0.00718    5.61439    5.60892      8.441    -0.0141   10.23716   4.386302 5.9150e+04    25.9534    25.9506 1.0000e-12     79.000          1       4366    1510.44 1.3454e+00  53855.104    181.878 1603845101      -0.21      0.470   39.78645  -72.14810 0.0000e+00
     79.370    15.6455    35.1897  1026.3281     1.9813     4.1078     73.207   -0.00475    5.61124    5.60578      8.466    -0.0187   10.23138   4.379605 -3.155e+03    25.9771    25.9743 1.0000e-12     80.000          1       4437    1510.24 4.0882e+00  53875.917    184.845 1603845104       0.19      0.360   39.78644  -72.14810 0.0000e+00
     80.368    15.6000    35.2152  1026.3625     1.9737     4.0892     72.853   -0.00458    5.61289    5.60745      8.466    -0.0050   10.23393   4.378638 2.5926e-11    26.0070    26.0042 1.0000e-12     81.000          1       4477    1510.15 3.9495e+00  53916.133    186.512 1603845106       0.02      0.582   39.78644  -72.14810 0.0000e+00
     81.352    15.6707    35.2603  1026.3856     1.9609     4.0535     72.166   -0.00576    5.61699    5.61162      8.471    -0.0318   10.24032   4.390411 7.8083e+04    26.0258    26.0229 1.0000e-12     82.000          1       4532    1510.44 8.2275e-01  53970.908    188.796 1603845108      -0.05      0.400   39.78644  -72.14810 0.0000e+00
     82.352    15.5966    35.2739  1026.4173     1.9514     4.0240     71.656   -0.00644    5.61574    5.61036      8.478    -0.0276   10.23797   4.384498 3.4330e+04    26.0531    26.0502 1.0000e-12     83.000          1       4568    1510.24 2.2645e+00  53997.863    190.286 1603845110       0.20      0.644   39.78644  -72.14810 0.0000e+00
     83.343    15.5865    35.3080  1026.4502     1.9420     4.0043     71.282   -0.00523    5.61747    5.61212      8.472    -0.0290   10.24073   4.387461 1.1586e+03    26.0816    26.0787 1.0000e-12     84.000          1       4611    1510.26 3.8018e+00  54046.028    192.103 1603845112      -0.13      0.574   39.78644  -72.14810 0.0000e+00
     84.332    15.5604    35.3380  1026.4836     1.9285     3.9826     70.705   -0.00428    5.63270    5.62754      8.440    -0.0301   10.26569   4.387936 2.5244e-11    26.1106    26.1076 1.0000e-12     85.000          1       4685    1510.23 3.9541e+00  54090.344    195.160 1603845115      -0.03      0.284   39.78644  -72.14810 0.0000e+00
     85.319    15.5177    35.3578  1026.5130     1.9060     3.9331     69.254   -0.01017    5.67920    5.67455      8.449    -0.0146   10.34305   4.386352 2.5320e-11    26.1356    26.1326 1.0000e-12     86.000          1       4743    1510.14 3.9495e+00  54122.548    197.595 1603845117       0.22      0.448   39.78644  -72.14812 0.0000e+00
     86.317    15.3652    35.3781  1026.5674     1.8839     3.8440     67.650   -0.01776    5.68218    5.67756      8.457    -0.0225   10.34806   4.370416 2.5320e-11    26.1854    26.1824 1.0000e-12     87.000          1       4772    1509.70 3.9495e+00  54167.621    198.797 1603845118       0.20      0.741   39.78644  -72.14812 0.0000e+00
     87.313    15.0818    35.3417  1026.6072     1.8697     3.8365     67.457   -0.01046    5.68738    5.68282      8.475    -0.0278   10.35672   4.339243 5.8737e+04    26.2203    26.2173 1.0000e-12     88.000          1       4814    1508.79 1.6014e+00  54149.908    200.551 1603845120      -0.13      0.609   39.78644  -72.14812 0.0000e+00
     88.296    14.9285    35.3211  1026.6299     1.8533     3.8206     67.106   -0.00417    5.69332    5.68882      8.477    -0.0289   10.36655   4.322586 2.3309e+04    26.2383    26.2354 1.0000e-12     89.000          1       4894    1508.30 2.7840e+00  54139.773    203.891 1603845123       0.20      0.242   39.78644  -72.14812 0.0000e+00
     89.287    14.9071    35.3245  1026.6416     1.8480     3.8069     66.869   -0.00385    5.69307    5.68857      8.466    -0.0275   10.36613   4.321110 -6.624e+02    26.2456    26.2427 1.0000e-12     90.000          1       4929    1508.25 3.8314e+00  54147.419    205.332 1603845125       0.28      0.596   39.78642  -72.14812 0.0000e+00
     90.295    14.8965    35.3237  1026.6478     1.8459     3.8059     66.852   -0.00259    5.69304    5.68854      8.470    -0.0251   10.36609   4.320198 4.8910e+04    26.2473    26.2443 1.0000e-12     91.000          1       4956    1508.23 1.9525e+00  54148.061    206.455 1603845126       0.06      0.862   39.78642  -72.14814 0.0000e+00
     91.280    14.8977    35.3239  1026.6522     1.8436     3.8062     66.862   -0.00092    5.69255    5.68805      8.471    -0.0231   10.36527   4.320790 9.9067e+04    26.2473    26.2443 1.0000e-12     92.000          1       5058    1508.25 5.5647e-01  54148.821    210.705 1603845130       0.22      0.408   39.78642  -72.14814 0.0000e+00
     92.273    14.8992    35.3232  1026.6558     1.8426     3.8052     66.845   -0.00042    5.69255    5.68805      8.463    -0.0211   10.36528   4.321120 5.6839e+04    26.2465    26.2434 1.0000e-12     93.000          1       5249    1508.27 1.7156e+00  54148.309    218.671 1603845138      -0.01      0.352   39.78642  -72.14815 0.0000e+00
     93.279    14.8891    35.3154  1026.6564     1.8415     3.8005     66.746   -0.00113    5.69394    5.68946      8.469    -0.0325   10.36766   4.319659 -4.561e+04    26.2426    26.2395 1.0000e-12     94.000          1       6632    1508.25 5.7532e+00  54139.230    276.282 1603845196      -0.23      0.353   39.78638  -72.14824 0.0000e+00
