CalculateIndicators/WaterTemperature/Data/CTD_NYOS/20201027_C21.cnv
* Sea-Bird SBE 9 Data File:
* FileName = C:\Seabird 9 CTD\Data\2020\202010_offshore\20201027_C21.hex
* Software Version Seasave V 7.23.2
* Temperature SN = 4590
* Conductivity SN = 3228
* Number of Bytes Per Scan = 44
* Number of Voltage Words = 5
* Number of Scans Averaged by the Deck Unit = 1
* NMEA Latitude = 40 40.38 N
* NMEA Longitude = 072 49.32 W
* NMEA UTC (Time) = Oct 27 2020  02:54:45
* NMEA baud rate = 4800
** Ship: seawolf
** Station: 4.1
** Operator: EIH
# nquan = 31
# nvalues = 44                          
# units = specified
# name 0 = depSM: Depth [salt water, m]
# name 1 = t090C: Temperature [ITS-90, deg C]
# name 2 = sal00: Salinity, Practical [PSU]
# name 3 = density00: Density [density, kg/m^3]
# name 4 = sbeox0V: Oxygen raw, SBE 43 [V]
# name 5 = sbeox0ML/L: Oxygen, SBE 43 [ml/l]
# name 6 = sbeox0PS: Oxygen, SBE 43 [% saturation]
# name 7 = sbox0dV/dT: Oxygen, SBE 43 [dov/dt]
# name 8 = oxsolML/L: Oxygen Saturation, Garcia & Gordon [ml/l]
# name 9 = oxsatML/L: Oxygen Saturation, Weiss [ml/l]
# name 10 = ph: pH
# name 11 = flECO-AFL: Fluorescence, WET Labs ECO-AFL/FL [mg/m^3]
# name 12 = n2satML/L: Nitrogen Saturation [ml/l]
# name 13 = c0S/m: Conductivity [S/m]
# name 14 = cpar: CPAR/Corrected Irradiance [%]
# name 15 = sigma-é00: Density [sigma-theta, kg/m^3]
# name 16 = sigma-t00: Density [sigma-t, kg/m^3 ]
# name 17 = par: PAR/Irradiance, Biospherical/Licor
# name 18 = prDM: Pressure, Digiquartz [db]
# name 19 = pumps: Pump Status
# name 20 = scan: Scan Count
# name 21 = svCM: Sound Velocity [Chen-Millero, m/s]
# name 22 = spar: SPAR, Biospherical/Licor
# name 23 = specc: Specific Conductance [uS/cm]
# name 24 = timeS: Time, Elapsed [seconds]
# name 25 = timeY: Time, System [seconds]
# name 26 = accM: Acceleration [m/s^2]
# name 27 = dz/dtM: Descent Rate [m/s]
# name 28 = latitude: Latitude [deg]
# name 29 = longitude: Longitude [deg]
# name 30 = flag: flag
# span 0 =      0.971,     22.834       
# span 1 =    16.9077,    16.9302       
# span 2 =    32.5010,    32.5415       
# span 3 =  1023.6235,  1023.7509       
# span 4 =     2.2759,     2.3053       
# span 5 =     4.8437,     4.9254       
# span 6 =     87.034,     88.476       
# span 7 =   -0.00443,    0.00350       
# span 8 =    5.56475,    5.56746       
# span 9 =    5.55738,    5.56012       
# span 10 =      8.347,      8.492      
# span 11 =     1.0087,     1.1890      
# span 12 =   10.18322,   10.18793      
# span 13 =   4.193781,   4.199154      
# span 14 = -1.899e+04, 1.1305e+05      
# span 15 =    23.6181,    23.6505      
# span 16 =    23.6180,    23.6497      
# span 17 = -5.377e-04, 9.6871e-02      
# span 18 =      1.000,     23.000      
# span 19 =          1,          1      
# span 20 =        182,       7515      
# span 21 =    1509.73,    1510.12      
# span 22 = -4.536e-01, 4.4365e+00      
# span 23 =  50027.790,  50093.760      
# span 24 =      7.535,    313.101      
# span 25 = 1603767294, 1603767600      
# span 26 =      -0.58,       0.61      
# span 27 =     -0.917,      0.661      
# span 28 =   40.67302,   40.67325      
# span 29 =  -72.82301,  -72.82212      
# span 30 = 0.0000e+00, 0.0000e+00      
# interval = decibars: 1                
# start_time = Oct 27 2020 02:54:46 [System UTC, first data scan.]
# bad_flag = -9.990e-29
*END*
      1.961    16.9104    32.5011  1023.6268     2.3053     4.9224     88.414    0.00023    5.56746    5.56012      8.430     1.1021   10.18793   4.193781 1.1305e+05    23.6182    23.6181 3.1485e-02      2.000          1        182    1509.73 -4.536e-01  50027.790      7.535 1603767294       0.61     -0.300   40.67302  -72.82212 0.0000e+00
      2.977    16.9105    32.5010  1023.6313     2.3052     4.9214     88.396   -0.00007    5.56740    5.56006      8.438     1.1011   10.18782   4.193825 4.4539e+04    23.6181    23.6180 6.0918e-03      3.000          1        233    1509.75 1.9268e+00  50028.237      9.649 1603767296       0.11      0.288   40.67302  -72.82213 0.0000e+00
      3.959    16.9109    32.5021  1023.6364     2.3053     4.9242     88.449    0.00032    5.56734    5.56000      8.448     1.0350   10.18771   4.194041 -1.072e+04    23.6189    23.6187 -5.377e-04      4.000          1        338    1509.77 4.4365e+00  50030.173     14.041 1603767301       0.16      0.105   40.67302  -72.82214 0.0000e+00
      4.969    16.9109    32.5021  1023.6409     2.3047     4.9204     88.381   -0.00028    5.56731    5.55997      8.444     1.0643   10.18766   4.194071 2.8329e+02    23.6190    23.6188 1.0000e-12      5.000          1        365    1509.78 3.8937e+00  50030.690     15.171 1603767302       0.14      0.614   40.67302  -72.82215 0.0000e+00
      5.957    16.9123    32.5030  1023.6457     2.3033     4.9154     88.299   -0.00087    5.56674    5.55939      8.439     1.0786   10.18669   4.194367 8.8323e+04    23.6193    23.6191 1.0000e-12      6.000          1        453    1509.81 4.2425e-01  50032.280     18.832 1603767305       0.19      0.402   40.67302  -72.82216 0.0000e+00
      6.938    16.9165    32.5053  1023.6508     2.3016     4.9118     88.236   -0.00062    5.56670    5.55935      8.419     1.0561   10.18662   4.195066 1.0019e+05    23.6202    23.6199 1.0000e-12      7.000          1        513    1509.84 1.7024e+00  50035.632     21.329 1603767308       0.09      0.372   40.67302  -72.82216 0.0000e+00
      7.941    16.9159    32.5051  1023.6553     2.3005     4.9101     88.202   -0.00047    5.56686    5.55951      8.391     1.0528   10.18688   4.195016 -4.139e+03    23.6202    23.6199 1.0000e-12      8.000          1        567    1509.85 3.8428e+00  50035.916     23.602 1603767310       0.26      0.439   40.67303  -72.82217 0.0000e+00
      8.941    16.9147    32.5050  1023.6600     2.3018     4.9204     88.387    0.00145    5.56687    5.55952      8.357     1.0204   10.18690   4.194924 2.5610e-11    23.6205    23.6201 1.0000e-12      9.000          1        623    1509.86 3.9150e+00  50036.435     25.909 1603767312       0.52      0.640   40.67304  -72.82218 0.0000e+00
      9.921    16.9154    32.5049  1023.6641     2.3008     4.9124     88.244   -0.00044    5.56683    5.55947      8.365     1.0422   10.18682   4.195020 8.9286e+04    23.6202    23.6198 1.0000e-12     10.000          1        711    1509.88 3.7510e-01  50036.603     29.601 1603767316       0.13      0.298   40.67304  -72.82218 0.0000e+00
     10.916    16.9150    32.5050  1023.6683     2.3005     4.9134     88.261   -0.00010    5.56691    5.55956      8.357     1.1076   10.18696   4.195015 5.8489e+04    23.6203    23.6199 1.0000e-12     11.000          1        762    1509.90 1.3295e+00  50037.223     31.714 1603767318      -0.00      0.531   40.67304  -72.82219 0.0000e+00
     11.907    16.9146    32.5049  1023.6731     2.3010     4.9162     88.312    0.00018    5.56679    5.55944      8.355     1.1151   10.18677   4.195029 3.1446e+03    23.6205    23.6200 1.0000e-12     12.000          1        818    1509.91 3.6950e+00  50037.760     34.056 1603767321      -0.06      0.429   40.67304  -72.82220 0.0000e+00
     12.899    16.9147    32.5049  1023.6775     2.3005     4.9137     88.276   -0.00015    5.56635    5.55900      8.356     1.0635   10.18602   4.195086 2.9026e-11    23.6205    23.6200 1.0000e-12     13.000          1        875    1509.93 3.9493e+00  50038.209     36.412 1603767323       0.18      0.409   40.67304  -72.82220 0.0000e+00
     13.887    16.9186    32.5060  1023.6818     2.2958     4.8943     87.950   -0.00200    5.56495    5.55759      8.355     1.0903   10.18358   4.195658 3.2132e-11    23.6204    23.6199 1.0000e-12     14.000          1        943    1509.96 3.3719e+00  50039.876     39.251 1603767326       0.00      0.295   40.67304  -72.82222 0.0000e+00
     14.887    16.9261    32.5147  1023.6912     2.2862     4.8610     87.348   -0.00443    5.56511    5.55775      8.358     1.0761   10.18381   4.197432 3.5484e+04    23.6254    23.6249 1.0000e-12     15.000          1        990    1510.01 2.1780e+00  50051.849     41.203 1603767328      -0.05      0.522   40.67304  -72.82222 0.0000e+00
     15.871    16.9276    32.5183  1023.6981     2.2799     4.8533     87.199   -0.00207    5.56582    5.55847      8.355     1.0919   10.18488   4.198007 4.1589e+04    23.6279    23.6273 1.0000e-12     16.000          1       1050    1510.04 1.3076e+00  50057.216     43.709 1603767330       0.19      0.340   40.67304  -72.82222 0.0000e+00
     16.871    16.9220    32.5257  1023.7095     2.2794     4.8575     87.269   -0.00054    5.56616    5.55882      8.359     1.1890   10.18541   4.198345 2.9738e+03    23.6349    23.6343 1.0000e-12     17.000          1       1094    1510.04 3.5011e+00  50068.330     45.537 1603767332      -0.07      0.523   40.67305  -72.82223 0.0000e+00
     17.855    16.9099    32.5363  1023.7248     2.2846     4.8814     87.695    0.00196    5.56629    5.55895      8.369     1.0770   10.18557   4.198454 2.8942e-11    23.6459    23.6452 1.0000e-12     18.000          1       1179    1510.03 4.0002e+00  50084.462     49.079 1603767336       0.02      0.182   40.67306  -72.82224 0.0000e+00
     18.852    16.9098    32.5380  1023.7306     2.2864     4.8847     87.755    0.00133    5.56629    5.55896      8.371     1.1564   10.18557   4.198703 2.8141e-11    23.6473    23.6466 1.0000e-12     19.000          1       1219    1510.05 3.7319e+00  50087.338     50.732 1603767337       0.40      0.598   40.67306  -72.82225 0.0000e+00
     19.849    16.9095    32.5390  1023.7358     2.2888     4.8909     87.867    0.00127    5.56630    5.55897      8.371     1.1674   10.18559   4.198814 3.8879e+04    23.6481    23.6473 1.0000e-12     20.000          1       1261    1510.07 2.3115e+00  50089.117     52.520 1603767339      -0.12      0.563   40.67306  -72.82226 0.0000e+00
     20.828    16.9087    32.5402  1023.7413     2.2904     4.8902     87.853   -0.00062    5.56640    5.55906      8.413     1.1204   10.18572   4.198925 3.2941e+03    23.6492    23.6484 1.0000e-12     21.000          1       1385    1510.09 3.4585e+00  50091.305     57.681 1603767344       0.29      0.048   40.67306  -72.82226 0.0000e+00
     21.833    16.9077    32.5415  1023.7470     2.2933     4.9065     88.146    0.00200    5.56635    5.55902      8.411     1.1531   10.18565   4.199031 3.1431e+02    23.6505    23.6497 1.0000e-12     22.000          1       1410    1510.10 3.6196e+00  50093.760     58.697 1603767345       0.17      0.661   40.67306  -72.82227 0.0000e+00
     22.834    16.9090    32.5412  1023.7509     2.2894     4.8882     87.818   -0.00026    5.56631    5.55897      8.363     1.0983   10.18559   4.199154 1.3320e+03    23.6500    23.6492 1.0000e-12     23.000          1       1998    1510.12 3.8448e+00  50093.683     83.214 1603767370      -0.28      0.334   40.67309  -72.82235 0.0000e+00
     21.819    16.9092    32.5402  1023.7456     2.2883     4.8879     87.813    0.00046    5.56625    5.55891      8.347     1.1332   10.18549   4.199024 1.6647e+04    23.6492    23.6484 1.0000e-12     22.000          1       2367    1510.10 3.1982e+00  50091.866     98.567 1603767385      -0.22     -0.540   40.67310  -72.82238 0.0000e+00
     20.833    16.9098    32.5391  1023.7402     2.2889     4.8873     87.803    0.00017    5.56623    5.55889      8.385     1.1378   10.18549   4.198903 7.7778e+02    23.6481    23.6473 1.0000e-12     21.000          1       2908    1510.09 3.3843e+00  50089.714    121.141 1603767408       0.16     -0.475   40.67310  -72.82245 0.0000e+00
     19.847    16.9104    32.5375  1023.7345     2.2878     4.8812     87.693   -0.00042    5.56620    5.55886      8.384     1.0815   10.18545   4.198747 3.4401e-11    23.6468    23.6460 1.0000e-12     20.000          1       3023    1510.07 3.2412e+00  50087.092    125.926 1603767412      -0.05     -0.245   40.67310  -72.82248 0.0000e+00
     18.859    16.9111    32.5367  1023.7293     2.2872     4.8799     87.671   -0.00013    5.56612    5.55878 -9.990e-29     1.1078   10.18534   4.198668 2.7250e-11    23.6460    23.6452 1.0000e-12     19.000          1       3079    1510.06 3.7989e+00  50085.330    128.251 1603767415      -0.14     -0.409   40.67310  -72.82248 0.0000e+00
     17.857    16.9113    32.5359  1023.7242     2.2840     4.8658     87.425   -0.00151    5.56570    5.55836      8.382     1.0835   10.18469   4.198553 3.2587e-11    23.6452    23.6446 1.0000e-12     18.000          1       3120    1510.04 3.3827e+00  50083.739    129.953 1603767416       0.09     -0.539   40.67311  -72.82248 0.0000e+00
     16.869    16.9178    32.5299  1023.7137     2.2772     4.8437     87.034   -0.00227    5.56531    5.55796      8.378     1.1045   10.18408   4.198452 3.4698e-11    23.6391    23.6385 1.0000e-12     17.000          1       3190    1510.04 3.2181e+00  50074.509    132.879 1603767419      -0.09     -0.310   40.67312  -72.82248 0.0000e+00
     15.882    16.9213    32.5272  1023.7064     2.2759     4.8451     87.068   -0.00034    5.56475    5.55738      8.378     1.0290   10.18322   4.198420 3.0013e-11    23.6362    23.6356 1.0000e-12     16.000          1       3250    1510.03 3.5834e+00  50069.925    135.373 1603767422       0.01     -0.390   40.67312  -72.82248 0.0000e+00
     14.876    16.9255    32.5239  1023.6984     2.2765     4.8488     87.133    0.00018    5.56477    5.55740      8.378     1.0754   10.18324   4.198386 6.6174e+04    23.6326    23.6321 1.0000e-12     15.000          1       3284    1510.02 1.1630e+00  50064.553    136.812 1603767423      -0.16     -0.655   40.67312  -72.82250 0.0000e+00
     13.897    16.9302    32.5198  1023.6898     2.2790     4.8559     87.253    0.00059    5.56533    5.55797      8.378     1.0843   10.18429   4.198309 4.5866e+04    23.6284    23.6279 1.0000e-12     14.000          1       3380    1510.01 1.4727e+00  50058.077    140.790 1603767427      -0.35     -0.268   40.67312  -72.82250 0.0000e+00
     12.897    16.9264    32.5138  1023.6816     2.2841     4.8799     87.676    0.00350    5.56583    5.55847 -9.990e-29     1.0448   10.18513   4.197141 4.3852e+03    23.6246    23.6241 1.0000e-12     13.000          1       3413    1509.98 3.0287e+00  50049.624    142.147 1603767429      -0.22     -0.759   40.67312  -72.82250 0.0000e+00
     11.902    16.9263    32.5102  1023.6744     2.2883     4.8887     87.833    0.00275    5.56590    5.55855      8.355     1.0485   10.18526   4.196727 9.2611e+04    23.6218    23.6213 1.0000e-12     12.000          1       3455    1509.96 2.2480e-01  50044.087    143.910 1603767430       0.09     -0.669   40.67312  -72.82251 0.0000e+00
     10.923    16.9232    32.5077  1023.6689     2.2961     4.9024     88.070    0.00069    5.56652    5.55917      8.350     1.0357   10.18631   4.196138 -5.381e+02    23.6206    23.6202 1.0000e-12     11.000          1       3562    1509.93 2.7536e+00  50040.456    148.379 1603767435      -0.58     -0.410   40.67312  -72.82254 0.0000e+00
      9.912    16.9227    32.5076  1023.6644     2.2965     4.9021     88.074    0.00034    5.56586    5.55850      8.375     1.0676   10.18519   4.195961 6.0498e+04    23.6206    23.6202 1.0000e-12     10.000          1       3585    1509.91 1.0994e+00  50039.784    149.328 1603767436      -0.24     -0.884   40.67312  -72.82254 0.0000e+00
      8.923    16.9194    32.5067  1023.6601     2.2981     4.9097     88.206    0.00161    5.56618    5.55883      8.399     1.0232   10.18573   4.195536 7.1120e+03    23.6206    23.6203 1.0000e-12      9.000          1       4805    1509.88 2.7429e+00  50038.292    200.178 1603767487       0.21     -0.652   40.67317  -72.82268 0.0000e+00
      7.937    16.9192    32.5065  1023.6556     2.2988     4.9062     88.143    0.00032    5.56625    5.55889      8.420     1.0244   10.18585   4.195469 4.6881e+02    23.6205    23.6202 1.0000e-12      8.000          1       5045    1509.86 3.3869e+00  50037.583    210.174 1603767497       0.02     -0.354   40.67318  -72.82270 0.0000e+00
      6.954    16.9204    32.5071  1023.6514     2.2983     4.9013     88.050   -0.00047    5.56653    5.55918      8.417     1.0413   10.18634   4.195621 3.7140e-11    23.6206    23.6204 1.0000e-12      7.000          1       5132    1509.85 3.0276e+00  50037.789    213.792 1603767500      -0.19     -0.309   40.67318  -72.82272 0.0000e+00
      5.955    16.9194    32.5063  1023.6466     2.2998     4.9090     88.189    0.00074    5.56643    5.55907      8.424     1.0677   10.18616   4.195351 3.5428e-11    23.6203    23.6200 1.0000e-12      6.000          1       5160    1509.83 3.1611e+00  50036.319    214.941 1603767501      -0.33     -0.699   40.67318  -72.82272 0.0000e+00
      4.953    16.9183    32.5051  1023.6414     2.3009     4.9130     88.259    0.00095    5.56655    5.55919      8.431     1.0287   10.18636   4.195093 7.5298e+04    23.6195    23.6194 1.0000e-12      5.000          1       5192    1509.81 7.7811e-01  50034.252    216.293 1603767503       0.11     -0.783   40.67318  -72.82272 0.0000e+00
      3.982    16.9172    32.5051  1023.6373     2.3020     4.9116     88.226    0.00005    5.56702    5.55967      8.458     1.0626   10.18715   4.194947 1.0312e+05    23.6197    23.6196 1.0000e-12      4.000          1       5290    1509.79 -9.802e-02  50033.793    220.362 1603767507      -0.31     -0.027   40.67318  -72.82274 0.0000e+00
      2.976    16.9156    32.5052  1023.6333     2.3048     4.9254     88.476    0.00175    5.56696    5.55961      8.492     1.0087   10.18706   4.194746 9.9999e+04    23.6202    23.6201 1.0000e-12      3.000          1       5310    1509.77 0.0000e+00  50033.594    221.209 1603767508      -0.34     -0.722   40.67318  -72.82274 0.0000e+00
      1.968    16.9153    32.5045  1023.6283     2.3043     4.9211     88.398    0.00082    5.56698    5.55963      8.487     1.0282   10.18709   4.194630 4.4829e+04    23.6196    23.6196 6.9613e-05      2.000          1       6094    1509.75 1.5434e+00  50032.114    253.893 1603767540      -0.17     -0.721   40.67321  -72.82284 0.0000e+00
      0.971    16.9179    32.5047  1023.6235 -9.990e-29 -9.990e-29 -9.990e-29 -9.990e-29 -9.990e-29 -9.990e-29 -9.990e-29 -9.990e-29 -9.990e-29   4.194852 -1.899e+04    23.6191    23.6192 9.6871e-02      1.000          1       7515    1509.74 3.4753e+00  50031.710    313.101 1603767600       0.18     -0.917   40.67325  -72.82301 0.0000e+00
