CalculateIndicators/WaterTemperature/Data/CTD_NYOS/20200205_C08.cnv
* Sea-Bird SBE 9 Data File:
* FileName = C:\Seabird 9 CTD\Data\2020\202002_offshore\20200205_C08.hex
* Software Version Seasave V 7.23.2
* Temperature SN = 4590
* Conductivity SN = 3228
* Number of Bytes Per Scan = 44
* Number of Voltage Words = 5
* Number of Scans Averaged by the Deck Unit = 1
* NMEA Latitude = 38 31.86 N
* NMEA Longitude = 073 04.51 W
* NMEA UTC (Time) = Feb 09 2020  11:23:35
* NMEA baud rate = 4800
** Ship: rv seawolf
** Station: 7.6
** Operator: eih
# nquan = 35
# nvalues = 601                         
# units = specified
# name 0 = depSM: Depth [salt water, m]
# name 1 = t090C: Temperature [ITS-90, deg C]
# name 2 = sal00: Salinity, Practical [PSU]
# name 3 = density00: Density [density, kg/m^3]
# name 4 = sbeox0V: Oxygen raw, SBE 43 [V]
# name 5 = sbeox0ML/L: Oxygen, SBE 43 [ml/l]
# name 6 = sbeox0PS: Oxygen, SBE 43 [% saturation]
# name 7 = sbox0dV/dT: Oxygen, SBE 43 [dov/dt]
# name 8 = oxsolML/L: Oxygen Saturation, Garcia & Gordon [ml/l]
# name 9 = oxsatML/L: Oxygen Saturation, Weiss [ml/l]
# name 10 = ph: pH
# name 11 = flECO-AFL: Fluorescence, WET Labs ECO-AFL/FL [mg/m^3]
# name 12 = n2satML/L: Nitrogen Saturation [ml/l]
# name 13 = c0S/m: Conductivity [S/m]
# name 14 = cpar: CPAR/Corrected Irradiance [%]
# name 15 = sigma-é00: Density [sigma-theta, kg/m^3]
# name 16 = sigma-t00: Density [sigma-t, kg/m^3 ]
# name 17 = par: PAR/Irradiance, Biospherical/Licor
# name 18 = prDM: Pressure, Digiquartz [db]
# name 19 = pumps: Pump Status
# name 20 = scan: Scan Count
# name 21 = svCM: Sound Velocity [Chen-Millero, m/s]
# name 22 = spar: SPAR, Biospherical/Licor
# name 23 = specc: Specific Conductance [uS/cm]
# name 24 = timeS: Time, Elapsed [seconds]
# name 25 = timeY: Time, System [seconds]
# name 26 = accM: Acceleration [m/s^2]
# name 27 = dz/dtM: Descent Rate [m/s]
# name 28 = latitude: Latitude [deg]
# name 29 = longitude: Longitude [deg]
# name 30 = gsw_saA0: Absolute Salinity [g/kg]
# name 31 = gsw_densityA0: density, TEOS-10 [density, kg/m^3]
# name 32 = gsw_sigma0A0: density, TEOS-10 [sigma-0, kg/m^3 ]
# name 33 = gsw_ptA0: potential temperature [ITS-90, deg C]
# name 34 = flag: flag
# span 0 =      1.000,    301.000       
# span 1 =     9.0274,    14.4827       
# span 2 =    33.5266,    35.7669       
# span 3 =  1025.9248,  1028.6410       
# span 4 =     1.4417,     2.4992       
# span 5 =     3.0575,     6.4659       
# span 6 =     48.791,     99.841       
# span 7 =   -0.02842,    0.02390       
# span 8 =    5.72902,    6.47762       
# span 9 =    5.72513,    6.48196       
# span 10 =      8.081,      8.327      
# span 11 =    -0.0543,     0.5659      
# span 12 =   10.42234,   11.68481      
# span 13 =   3.597847,   4.315574      
# span 14 = -1.932e+04, 1.0885e+05      
# span 15 =    25.9203,    27.2721      
# span 16 =    25.9203,    27.2667      
# span 17 = -4.331e-04, 2.2089e+01      
# span 18 =      1.011,    303.487      
# span 19 =          1,          1      
# span 20 =        343,      57609      
# span 21 =    1485.37,    1507.94      
# span 22 = -4.897e-01, 1.3180e+02      
# span 23 =  52494.514,  55093.409      
# span 24 =     14.263,   2400.320      
# span 25 = 1581247432, 1581249819      
# span 26 =      -0.69,       0.77      
# span 27 =     -0.922,      1.047      
# span 28 =   38.52446,   38.53104      
# span 29 =  -73.08414,  -73.07528      
# span 30 =    33.6851,    35.9347      
# span 31 =  1025.9278,  1028.6449      
# span 32 =    25.9231,    27.2760      
# span 33 =     8.9939,    14.4672      
# span 34 = 0.0000e+00, 0.0000e+00      
# interval = meters: 1                  
# start_time = Feb 09 2020 11:23:39 [System UTC, first data scan.]
# bad_flag = -9.990e-29
*END*
[from data line 208]
    209.000    13.0514    35.6400  1027.8173     1.6228     3.3665     57.060   -0.00144    5.89994    5.89819 -9.990e-29    -0.0413   10.70518   4.177819 1.6880e-11    26.8844    26.8785 1.0000e-12    210.698          1      13056    1504.61 5.9242e+00  54894.823    543.972 1581247963       0.11      0.513   38.52936  -73.07726    35.8078  1027.8207    26.8878    13.0222 0.0000e+00
    210.000    13.0386    35.6388  1027.8235     1.6210     3.3623     56.983   -0.00135    5.90057    5.89882 -9.990e-29    -0.0425   10.70622   4.176456 1.6880e-11    26.8861    26.8801 1.0000e-12    211.694          1      13089    1504.58 5.9242e+00  54895.710    545.317 1581247964       0.09      0.697   38.52936  -73.07728    35.8064  1027.8267    26.8893    13.0093 0.0000e+00
    211.000    13.0179    35.6361  1027.8302     1.6155     3.3510     56.716   -0.00144    5.90834    5.90668      8.180    -0.0282   10.71913   4.174115 1.6880e-11    26.8882    26.8823 1.0000e-12    212.716          1      13192    1504.52 5.9242e+00  54895.738    549.627 1581247968       0.25      0.210   38.52934  -73.07728    35.8031  1027.8329    26.8910    12.9884 0.0000e+00
    212.000    12.9782    35.6333  1027.8407     1.6128     3.3408     56.532   -0.00186    5.90962    5.90798      8.180    -0.0368   10.72127   4.169894 6.2121e+04    26.8941    26.8881 1.0000e-12    213.716          1      13226    1504.40 2.1373e+00  54898.350    551.048 1581247970       0.13      0.656   38.52934  -73.07728    35.7997  1027.8429    26.8964    12.9486 0.0000e+00
    213.000    12.9574    35.6312  1027.8478     1.6091     3.3355     56.391   -0.00157    5.91492    5.91336      8.178    -0.0363   10.73009   4.167751 9.9995e+04    26.8967    26.8907 1.0000e-12    214.728          1      13282    1504.35 1.9830e-04  54899.229    553.396 1581247972      -0.14      0.417   38.52933  -73.07730    35.7984  1027.8507    26.8996    12.9277 0.0000e+00
    214.000    12.9192    35.6270  1027.8569     1.6049     3.3219     56.145   -0.00190    5.91663    5.91509      8.176    -0.0391   10.73293   4.163405 2.2510e+04    26.9011    26.8951 1.0000e-12    215.737          1      13339    1504.23 4.3866e+00  54899.774    555.767 1581247974       0.20      0.462   38.52932  -73.07730    35.7922  1027.8582    26.9025    12.8895 0.0000e+00
    215.000    12.8930    35.6247  1027.8650     1.6009     3.3156     55.982   -0.00167    5.92269    5.92122      8.175    -0.0283   10.74302   4.160791 -1.314e+03    26.9047    26.8987 1.0000e-12    216.743          1      13406    1504.16 6.0136e+00  54901.321    558.543 1581247977       0.15      0.369   38.52931  -73.07731    35.7914  1027.8675    26.9072    12.8632 0.0000e+00
    216.000    12.8389    35.6193  1027.8764     1.5951     3.2954     55.580   -0.00272    5.92904    5.92765      8.173    -0.0356   10.75357   4.154678 7.7482e+04    26.9113    26.9053 1.0000e-12    217.749          1      13467    1503.99 1.2861e+00  54902.605    561.091 1581247980       0.20      0.609   38.52930  -73.07733    35.7833  1027.8768    26.9118    12.8090 0.0000e+00
    217.000    12.8073    35.6174  1027.8858     1.5895     3.2804     55.278   -0.00292    5.93440    5.93307      8.172    -0.0347   10.76248   4.151635 1.0034e+05    26.9162    26.9102 1.0000e-12    218.763          1      13515    1503.90 2.4545e+00  54905.424    563.097 1581247982      -0.08      0.518   38.52930  -73.07734    35.7835  1027.8879    26.9183    12.7773 0.0000e+00
    218.000    12.7742    35.6132  1027.8938     1.5850     3.2740     55.151   -0.00215    5.93637    5.93507      8.172    -0.0282   10.76576   4.147892 7.8087e+03    26.9196    26.9136 1.0000e-12    219.768          1      13566    1503.80 4.8975e+00  54905.323    565.217 1581247984      -0.03      0.479   38.52929  -73.07734    35.7784  1027.8952    26.9210    12.7441 0.0000e+00
    219.000    12.7321    35.6074  1027.9023     1.5792     3.2668     54.934   -0.00167    5.94680    5.94563      8.171 -9.990e-29   10.78312   4.143032 1.7013e-11    26.9235    26.9174 1.0000e-12    220.784          1      13656    1503.67 -9.990e-29  54904.353    568.942 1581247988       0.46      0.247   38.52928  -73.07736    35.7709  1027.9024    26.9236    12.7020 0.0000e+00
    220.000    12.6732    35.6023  1027.9149     1.5763     3.2616     54.785   -0.00175    5.95356    5.95247      8.168 -9.990e-29   10.79436   4.136942 1.6879e-11    26.9313    26.9253 1.0000e-12    221.787          1      13697    1503.48 5.9242e+00  54907.202    570.675 1581247989      -0.10      0.560   38.52926  -73.07736    35.7675  1027.9163    26.9327    12.6430 0.0000e+00
    221.000    12.6271    35.5969  1027.9246     1.5714     3.2470     54.488   -0.00225    5.95906    5.95804      8.168    -0.0324   10.80351   4.131769 1.6880e-11    26.9363    26.9303 1.0000e-12    222.795          1      13750    1503.34 5.9242e+00  54907.536    572.865 1581247992      -0.02      0.478   38.52926  -73.07736    35.7608  1027.9248    26.9366    12.5968 0.0000e+00
    222.000    12.5661    35.5905  1027.9364     1.5661     3.2327     54.237   -0.00215    5.96031    5.95931      8.163    -0.0366   10.80560   4.125179 1.6880e-11    26.9434    26.9374 1.0000e-12    223.810          1      13809    1503.14 5.9242e+00  54908.798    575.330 1581247994       0.13      0.368   38.52924  -73.07736    35.7544  1027.9368    26.9438    12.5358 0.0000e+00
    223.000    12.5480    35.5881  1027.9427     1.5635     3.2360     54.272   -0.00087    5.96259    5.96161      8.164    -0.0292   10.80939   4.123418 3.9369e+03    26.9451    26.9391 1.0000e-12    224.815          1      13874    1503.10 -4.897e-01  54909.036    578.039 1581247997       0.07      0.314   38.52924  -73.07738    35.7541  1027.9447    26.9472    12.5175 0.0000e+00
    224.000    12.5376    35.5869  1027.9484     1.5613     3.2318     54.148   -0.00105    5.96837    5.96746      8.163    -0.0321   10.81900   4.122359 9.2924e+04    26.9463    26.9402 1.0000e-12    225.819          1      13926    1503.08 0.0000e+00  54909.571    580.226 1581247999       0.08      0.557   38.52924  -73.07739    35.7533  1027.9506    26.9486    12.5070 0.0000e+00
    225.000    12.5133    35.5837  1027.9553     1.5565     3.2138     53.781   -0.00218    5.97567    5.97486      8.164    -0.0294   10.83115   4.119559 9.9999e+04    26.9486    26.9425 1.0000e-12    226.835          1      13983    1503.01 0.0000e+00  54909.611    582.588 1581248001      -0.00      0.399   38.52923  -73.07740    35.7488  1027.9566    26.9499    12.4827 0.0000e+00
    226.000    12.4566    35.5782  1027.9669     1.5511     3.1910     53.397   -0.00314    5.97597    5.97516      8.162    -0.0387   10.83164   4.113376 9.9999e+04    26.9555    26.9494 1.0000e-12    227.838          1      14023    1502.83 0.0000e+00  54911.609    584.263 1581248003       0.09      0.589   38.52922  -73.07740    35.7422  1027.9673    26.9559    12.4259 0.0000e+00
    227.000    12.4289    35.5754  1027.9748     1.5467     3.1889     53.355   -0.00168    5.97665    5.97585 -9.990e-29    -0.0367   10.83278   4.110667 7.0533e+04    26.9588    26.9528 1.0000e-12    228.848          1      14085    1502.75 1.5939e+00  54912.905    586.833 1581248006      -0.10      0.366   38.52922  -73.07742    35.7418  1027.9771    26.9611    12.3981 0.0000e+00
    228.000    12.4221    35.5738  1027.9794     1.5433     3.1910     53.339   -0.00058    5.98240    5.98168 -9.990e-29    -0.0332   10.84236   4.109952 -1.185e+04    26.9589    26.9528 1.0000e-12    229.865          1      14175    1502.74 6.6511e+00  54912.288    590.580 1581248009       0.11      0.218   38.52920  -73.07743    35.7408  1027.9822    26.9617    12.3912 0.0000e+00
    229.000    12.4048    35.5715  1027.9856     1.5422     3.1866     53.249   -0.00090    5.98435    5.98365 -9.990e-29    -0.0216   10.84560   4.107924 1.6880e-11    26.9606    26.9545 1.0000e-12    230.867          1      14208    1502.69 5.9242e+00  54912.583    591.969 1581248011       0.62      0.640   38.52920  -73.07744    35.7372  1027.9873    26.9623    12.3738 0.0000e+00
    230.000    12.3791    35.5693  1027.9936     1.5405     3.1792     53.128   -0.00119    5.98411    5.98340      8.158    -0.0295   10.84520   4.105291 1.6880e-11    26.9639    26.9578 1.0000e-12    231.868          1      14240    1502.62 5.9242e+00  54914.285    593.273 1581248012      -0.12      0.817   38.52920  -73.07744    35.7355  1027.9957    26.9661    12.3481 0.0000e+00
    231.000    12.3556    35.5663  1028.0004     1.5377     3.1773     53.047   -0.00081    5.98947    5.98883      8.157    -0.0353   10.85412   4.102800 1.6880e-11    26.9662    26.9600 1.0000e-12    232.889          1      14330    1502.56 5.9242e+00  54914.458    597.055 1581248016       0.12      0.095   38.52918  -73.07745    35.7333  1028.0031    26.9689    12.3244 0.0000e+00
    232.000    12.3420    35.5648  1028.0065     1.5352     3.1708     52.860   -0.00141    5.99842    5.99789 -9.990e-29    -0.0320   10.86899   4.101386 1.6880e-11    26.9677    26.9616 1.0000e-12    233.889          1      14385    1502.52 5.9242e+00  54915.234    599.332 1581248018       0.22      0.608   38.52917  -73.07746    35.7320  1028.0094    26.9707    12.3107 0.0000e+00
    233.000    12.3065    35.5601  1028.0144     1.5317     3.1545     52.599   -0.00210    5.99726    5.99672      8.155    -0.0478   10.86707   4.097097 1.6880e-11    26.9710    26.9648 1.0000e-12    234.903          1      14426    1502.42 5.9242e+00  54915.058    601.042 1581248020      -0.06      0.611   38.52916  -73.07746    35.7236  1028.0145    26.9711    12.2751 0.0000e+00
    234.000    12.2485    35.5550  1028.0265     1.5278     3.1497     52.454   -0.00175    6.00468    6.00424      8.154    -0.0333   10.87943   4.091141 1.6880e-11    26.9783    26.9722 1.0000e-12    235.909          1      14486    1502.23 5.9242e+00  54918.059    603.540 1581248022       0.06      0.407   38.52916  -73.07748    35.7203  1028.0280    26.9799    12.2171 0.0000e+00
    235.000    12.2088    35.5491  1028.0343     1.5234     3.1395     52.208   -0.00207    6.01346    6.01313 -9.990e-29    -0.0400   10.89403   4.086394 1.6880e-11    26.9815    26.9754 1.0000e-12    236.916          1      14553    1502.11 5.9242e+00  54917.087    606.329 1581248025       0.38      0.521   38.52916  -73.07750    35.7114  1028.0334    26.9807    12.1773 0.0000e+00
    236.000    12.1454    35.5437  1028.0472     1.5201     3.1343     52.105   -0.00161    6.01537    6.01506      8.151    -0.0289   10.89720   4.079950 1.6880e-11    26.9896    26.9835 1.0000e-12    237.928          1      14602    1501.90 5.9242e+00  54920.670    608.355 1581248027      -0.15      0.518   38.52915  -73.07750    35.7085  1028.0483    26.9907    12.1138 0.0000e+00
    237.000    12.1284    35.5411  1028.0530     1.5182     3.1339     52.084   -0.00103    6.01696    6.01667      8.151    -0.0251   10.89987   4.078163 1.6880e-11    26.9909    26.9847 1.0000e-12    238.932          1      14648    1501.86 5.9242e+00  54920.465    610.307 1581248029       0.11      0.540   38.52914  -73.07750    35.7068  1028.0548    26.9927    12.0968 0.0000e+00
    238.000    12.1002    35.5363  1028.0594     1.5143     3.1308     51.886   -0.00122    6.03390    6.03383      8.149    -0.0330   10.92806   4.074890 1.6880e-11    26.9927    26.9865 1.0000e-12    239.949          1      14731    1501.77 5.9242e+00  54919.238    613.765 1581248032      -0.11      0.228   38.52913  -73.07752    35.7012  1028.0606    26.9938    12.0685 0.0000e+00
    239.000    12.0048    35.5247  1028.0738     1.5108     3.1173     51.660   -0.00166    6.03420    6.03413 -9.990e-29    -0.0455   10.92858   4.064087 1.6643e-11    27.0020    26.9959 1.0000e-12    240.961          1      14785    1501.45 -9.990e-29  54919.774    615.988 1581248035       0.45      0.494   38.52912  -73.07752    35.6860  1028.0722    27.0005    11.9731 0.0000e+00
    240.000    11.9653    35.5197  1028.0821     1.5095     3.1220     51.666   -0.00116    6.04266    6.04270      8.147    -0.0453   10.94265   4.059872 1.6799e-11    27.0057    26.9996 1.0000e-12    241.956          1      14819    1501.33 -9.990e-29  54920.068    617.405 1581248036       0.03      0.676   38.52912  -73.07753    35.6819  1028.0812    27.0048    11.9336 0.0000e+00
    241.000    11.8994    35.5112  1028.0930     1.5051     3.1158     51.436   -0.00137    6.05751    6.05774      8.144    -0.0287   10.96735   4.052552 1.6749e-11    27.0117    27.0056 1.0000e-12    242.971          1      14895    1501.11 -9.990e-29  54920.135    620.573 1581248039       0.11      0.333   38.52910  -73.07754    35.6726  1028.0914    27.0102    11.8677 0.0000e+00
    242.000    11.8340    35.5037  1028.1044     1.5011     3.1075     51.191   -0.00182    6.07040    6.07079      8.143    -0.0313   10.98878   4.045491 1.6889e-11    27.0183    27.0123 1.0000e-12    243.986          1      14951    1500.89 -9.990e-29  54921.502    622.926 1581248042       0.16      0.410   38.52910  -73.07754    35.6653  1028.1031    27.0171    11.8022 0.0000e+00
    243.000    11.7641    35.4952  1028.1159     1.4988     3.1014     51.104   -0.00161    6.06870    6.06907 -9.990e-29    -0.0453   10.98600   4.037715 1.6880e-11    27.0250    27.0190 1.0000e-12    244.986          1      14987    1500.66 -9.990e-29  54922.355    624.428 1581248043      -0.03      0.642   38.52909  -73.07756    35.6551  1028.1133    27.0224    11.7323 0.0000e+00
    244.000    11.6929    35.4866  1028.1276     1.4951     3.1013     50.977   -0.00128    6.08374    6.08431      8.139    -0.0329   11.01100   4.030216 1.5943e-11    27.0318    27.0258 1.0000e-12    246.002          1      15065    1500.42 5.9242e+00  54923.448    627.664 1581248046       0.07      0.226   38.52908  -73.07756    35.6490  1028.1268    27.0311    11.6611 0.0000e+00
    245.000    11.6199    35.4751  1028.1373     1.4912     3.0895     50.700   -0.00199    6.09365    6.09435      8.139    -0.0403   11.02748   4.021309 1.6352e-11    27.0366    27.0306 1.0000e-12    247.006          1      15119    1500.17 5.9242e+00  54920.832    629.921 1581248049       0.57      0.577   38.52908  -73.07756    35.6305  1028.1312    27.0306    11.5881 0.0000e+00
    246.000    11.5470    35.4695  1028.1515     1.4891     3.0920     50.680   -0.00142    6.10101    6.10180      8.139    -0.0283   11.03973   4.014302 1.6824e-11    27.0460    27.0400 1.0000e-12    248.011          1      15158    1499.93 5.9242e+00  54926.605    631.536 1581248050      -0.14      0.646   38.52908  -73.07758    35.6307  1028.1498    27.0444    11.5152 0.0000e+00
    247.000    11.4759    35.4591  1028.1616     1.4846     3.0839     50.464   -0.00144    6.11109    6.11201      8.136    -0.0354   11.05650   4.006330 1.5293e-11    27.0512    27.0452 1.0000e-12    249.026          1      15231    1499.69 6.6670e+00  54925.377    634.588 1581248053       0.05      0.279   38.52906  -73.07760    35.6194  1028.1592    27.0489    11.4441 0.0000e+00
    248.000    11.4114    35.4518  1028.1728     1.4830     3.0875     50.481   -0.00074    6.11629    6.11728      8.133    -0.0380   11.06518   3.999582 1.5775e-11    27.0576    27.0517 1.0000e-12    250.031          1      15289    1499.47 6.5969e+00  54927.489    636.988 1581248056      -0.02      0.420   38.52906  -73.07760    35.6140  1028.1719    27.0567    11.3796 0.0000e+00
