CalculateIndicators/WaterTemperature/Data/CTD_NYOS/20201028_C28.cnv
* Sea-Bird SBE 9 Data File:
* FileName = C:\Seabird 9 CTD\Data\2020\202010_offshore\20201028_C28.hex
* Software Version Seasave V 7.23.2
* Temperature SN = 4590
* Conductivity SN = 3228
* Number of Bytes Per Scan = 44
* Number of Voltage Words = 5
* Number of Scans Averaged by the Deck Unit = 1
* NMEA Latitude = 39 47.19 N
* NMEA Longitude = 072 08.86 W
* NMEA UTC (Time) = Oct 28 2020  00:28:39
* NMEA baud rate = 4800
** Ship: seawolf
** Station: 3.4
** Operator: EIH
# nquan = 31
# nvalues = 185                         
# units = specified
# name 0 = depSM: Depth [salt water, m]
# name 1 = t090C: Temperature [ITS-90, deg C]
# name 2 = sal00: Salinity, Practical [PSU]
# name 3 = density00: Density [density, kg/m^3]
# name 4 = sbeox0V: Oxygen raw, SBE 43 [V]
# name 5 = sbeox0ML/L: Oxygen, SBE 43 [ml/l]
# name 6 = sbeox0PS: Oxygen, SBE 43 [% saturation]
# name 7 = sbox0dV/dT: Oxygen, SBE 43 [dov/dt]
# name 8 = oxsolML/L: Oxygen Saturation, Garcia & Gordon [ml/l]
# name 9 = oxsatML/L: Oxygen Saturation, Weiss [ml/l]
# name 10 = ph: pH
# name 11 = flECO-AFL: Fluorescence, WET Labs ECO-AFL/FL [mg/m^3]
# name 12 = n2satML/L: Nitrogen Saturation [ml/l]
# name 13 = c0S/m: Conductivity [S/m]
# name 14 = cpar: CPAR/Corrected Irradiance [%]
# name 15 = sigma-é00: Density [sigma-theta, kg/m^3]
# name 16 = sigma-t00: Density [sigma-t, kg/m^3 ]
# name 17 = par: PAR/Irradiance, Biospherical/Licor
# name 18 = prDM: Pressure, Digiquartz [db]
# name 19 = pumps: Pump Status
# name 20 = scan: Scan Count
# name 21 = svCM: Sound Velocity [Chen-Millero, m/s]
# name 22 = spar: SPAR, Biospherical/Licor
# name 23 = specc: Specific Conductance [uS/cm]
# name 24 = timeS: Time, Elapsed [seconds]
# name 25 = timeY: Time, System [seconds]
# name 26 = accM: Acceleration [m/s^2]
# name 27 = dz/dtM: Descent Rate [m/s]
# name 28 = latitude: Latitude [deg]
# name 29 = longitude: Longitude [deg]
# name 30 = flag: flag
# span 0 =      1.971,     93.279       
# span 1 =    14.8891,    19.4238       
# span 2 =    34.2460,    35.3781       
# span 3 =  1024.5769,  1026.6564       
# span 4 =     1.8415,     2.4584       
# span 5 =     3.8005,     5.0481       
# span 6 =     66.746,     95.750       
# span 7 =   -0.02982,    0.02804       
# span 8 =    5.24075,    5.69394       
# span 9 =    5.23143,    5.68946       
# span 10 =      8.403,      8.554      
# span 11 =    -0.0392,     0.5270      
# span 12 =    9.62292,   10.36766      
# span 13 =   4.262898,   4.694215      
# span 14 = -4.561e+04, 1.0469e+05      
# span 15 =    24.5682,    26.2473      
# span 16 =    24.5674,    26.2443      
# span 17 = 1.0000e-12, 1.1772e-01      
# span 18 =      2.000,     94.000      
# span 19 =          1,          1      
# span 20 =        -44,      16572      
# span 21 =    1507.83,    1520.37      
# span 22 = -1.835e-01, 5.7532e+00      
# span 23 =  52440.296,  54167.621      
# span 24 =     -1.857,    690.439      
# span 25 = 1603844918, 1603845610      
# span 26 =      -0.53,       0.77      
# span 27 =     -0.948,      1.034      
# span 28 =   39.78615,   39.78662      
# span 29 =  -72.14881,  -72.14768      
# span 30 = 0.0000e+00, 0.0000e+00      
# interval = decibars: 1                
# start_time = Oct 28 2020 00:28:40 [System UTC, first data scan.]
# bad_flag = -9.990e-29
*END*
[from data line 141]
     44.653    19.3559    34.5872  1024.8115     2.4126     4.9316     93.942    0.00306    5.24960    5.24032      8.438     0.2145    9.63847   4.678741 8.8935e+04    24.6166    24.6145 1.0000e-12     45.000          1      10068    1519.96 3.9547e-01  52735.011    419.454 1603845339       0.11     -0.525   39.78636  -72.14836 0.0000e+00
     43.659    19.3651    34.5781  1024.7978     2.4155     4.9349     93.990    0.00152    5.25046    5.24118      8.438     0.2326    9.63995   4.678484 1.0476e+04    24.6073    24.6052 1.0000e-12     44.000          1      10108    1519.96 3.1362e+00  52721.646    421.105 1603845341      -0.14     -0.592   39.78636  -72.14836 0.0000e+00
     42.665    19.3587    34.5663  1024.7861     2.4184     4.9449     94.142    0.00191    5.25259    5.24332      8.439     0.2618    9.64364   4.676327 6.2137e+04    24.5998    24.5979 1.0000e-12     43.000          1      10147    1519.91 1.3606e+00  52705.459    422.737 1603845342       0.08     -0.629   39.78636  -72.14836 0.0000e+00
     41.675    19.3476    34.5588  1024.7789     2.4219     4.9537     94.309    0.00187    5.25259    5.24332      8.439     0.2725    9.64364   4.674138 1.0062e+05    24.5970    24.5950 1.0000e-12     42.000          1      10192    1519.86 -2.228e-02  52695.446    424.635 1603845344      -0.07     -0.504   39.78634  -72.14836 0.0000e+00
     40.683    19.3323    34.5458  1024.7684     2.4250     4.9581     94.371    0.00055    5.25381    5.24454      8.425     0.3004    9.64573   4.671083 9.9999e+04    24.5909    24.5890 1.0000e-12     41.000          1      10268    1519.78 0.0000e+00  52678.202    427.806 1603845347      -0.24     -0.267   39.78635  -72.14836 0.0000e+00
     39.685    19.3292    34.5434  1024.7631     2.4261     4.9612     94.431    0.00065    5.25385    5.24459      8.428     0.2798    9.64582   4.670451 8.3385e+04    24.5898    24.5880 1.0000e-12     40.000          1      10315    1519.76 4.3744e-01  52674.680    429.761 1603845349      -0.05     -0.601   39.78634  -72.14836 0.0000e+00
     38.697    19.3182    34.5336  1024.7541     2.4282     4.9666     94.519    0.00069    5.25464    5.24538      8.446     0.3448    9.64718   4.668207 -5.110e+02    24.5851    24.5833 1.0000e-12     39.000          1      11538    1519.70 3.5006e+00  52661.504    480.714 1603845400      -0.01     -0.354   39.78632  -72.14843 0.0000e+00
     37.708    19.3179    34.5335  1024.7496     2.4303     4.9703     94.594    0.00062    5.25438    5.24512      8.448     0.3352    9.64673   4.668143 2.5268e-11    24.5850    24.5833 1.0000e-12     38.000          1      11744    1519.68 3.9764e+00  52660.808    489.296 1603845409      -0.06     -0.335   39.78632  -72.14845 0.0000e+00
     36.713    19.3213    34.5354  1024.7458     2.4304     4.9690     94.568    0.00016    5.25447    5.24521      8.448     0.3626    9.64688   4.668660 2.5540e-11    24.5856    24.5838 1.0000e-12     37.000          1      11783    1519.67 3.9495e+00  52662.664    490.910 1603845411      -0.07     -0.519   39.78632  -72.14846 0.0000e+00
     35.722    19.3212    34.5356  1024.7417     2.4293     4.9633     94.457   -0.00065    5.25454    5.24528      8.451     0.3357    9.64700   4.668625 2.5320e-11    24.5858    24.5841 1.0000e-12     36.000          1      11831    1519.66 3.9495e+00  52662.578    492.936 1603845413       0.07     -0.494   39.78630  -72.14846 0.0000e+00
     34.729    19.3202    34.5352  1024.7372     2.4298     4.9672     94.519    0.00026    5.25519    5.24593      8.468     0.3396    9.64811   4.668419 2.6157e-11    24.5856    24.5840 1.0000e-12     35.000          1      11893    1519.64 3.9495e+00  52661.556    495.509 1603845415       0.07     -0.378   39.78630  -72.14846 0.0000e+00
     33.748    19.3152    34.5327  1024.7323     2.4317     4.9748     94.630    0.00084    5.25707    5.24783      8.461     0.3689    9.65132   4.667529 2.7020e-11    24.5849    24.5834 1.0000e-12     34.000          1      11965    1519.60 3.9495e+00  52657.943    498.513 1603845418      -0.36     -0.278   39.78630  -72.14846 0.0000e+00
     32.741    19.3079    34.5290  1024.7269     2.4328     4.9791     94.674    0.00070    5.25918    5.24995      8.469     0.3504    9.65493   4.666279 2.5887e-11    24.5840    24.5825 1.0000e-12     33.000          1      11999    1519.56 3.9495e+00  52652.921    499.924 1603845420       0.04     -0.599   39.78630  -72.14846 0.0000e+00
     31.759    19.2785    34.5130  1024.7179     2.4369     4.9943     94.915    0.00170    5.26182    5.25260      8.465     0.3948    9.65943   4.661117 2.6373e-11    24.5792    24.5777 1.0000e-12     32.000          1      12079    1519.44 3.9495e+00  52632.355    503.251 1603845423      -0.17     -0.168   39.78630  -72.14848 0.0000e+00
     30.760    19.2599    34.5035  1024.7110     2.4411     5.0057     95.129    0.00212    5.26197    5.25276      8.462     0.4117    9.65970   4.658265 2.2904e+02    24.5767    24.5753 1.0000e-12     31.000          1      12126    1519.36 3.7424e+00  52620.056    505.209 1603845425       0.04     -0.475   39.78630  -72.14848 0.0000e+00
     29.769    19.2573    34.5015  1024.7058     2.4411     4.9996     94.996   -0.00012    5.26292    5.25371 -9.990e-29     0.4306    9.66134   4.657729 9.6960e+04    24.5758    24.5744 1.0000e-12     30.000          1      12184    1519.34 3.6687e-01  52617.064    507.630 1603845427      -0.00     -0.413   39.78630  -72.14848 0.0000e+00
     28.775    19.2492    34.4946  1024.6982     2.4418     5.0025     95.040    0.00020    5.26361    5.25441      8.459     0.4572    9.66252   4.656072 -9.990e-29    24.5725    24.5712 1.0000e-12     29.000          1      12237    1519.29 3.8019e+00  52607.629    509.828 1603845429      -0.04     -0.465   39.78630  -72.14849 0.0000e+00
     27.784    19.2429    34.4918  1024.6933     2.4450     5.0140     95.255    0.00143    5.26370    5.25450      8.457     0.4301    9.66268   4.655059 2.5320e-11    24.5720    24.5707 1.0000e-12     28.000          1      12291    1519.25 3.8012e+00  52603.702    512.104 1603845432       0.01     -0.432   39.78629  -72.14850 0.0000e+00
     26.794    19.2398    34.4901  1024.6885     2.4469     5.0163     95.281    0.00056    5.26470    5.25550      8.462     0.4204    9.66435   4.654558 8.6093e+04    24.5715    24.5702 1.0000e-12     27.000          1      12367    1519.23 3.6711e-01  52601.183    515.246 1603845435       0.03     -0.267   39.78628  -72.14850 0.0000e+00
     25.795    19.2326    34.4879  1024.6842     2.4478     5.0176     95.310    0.00027    5.26446    5.25527      8.458     0.4530    9.66396   4.653503 2.2935e+04    24.5716    24.5704 1.0000e-12     26.000          1      12432    1519.19 2.9060e+00  52598.075    517.973 1603845438      -0.03     -0.406   39.78628  -72.14850 0.0000e+00
     24.807    19.2150    34.4832  1024.6808     2.4472     5.0170     95.253   -0.00018    5.26701    5.25783      8.478     0.4440    9.66826   4.651184 -3.625e+03    24.5724    24.5713 1.0000e-12     25.000          1      13228    1519.11 3.7674e+00  52592.263    551.120 1603845471      -0.18     -0.270   39.78626  -72.14856 0.0000e+00
     23.813    19.1760    34.4689  1024.6755     2.4495     5.0234     95.318   -0.00058    5.27013    5.26097      8.475     0.4765    9.67355   4.645488 2.6591e-11    24.5715    24.5704 1.0000e-12     24.000          1      13991    1518.97 3.9442e+00  52574.693    582.903 1603845503      -0.32     -0.792   39.78624  -72.14862 0.0000e+00
     22.816    19.1773    34.4692  1024.6710     2.4511     5.0315     95.463    0.00080    5.27059    5.26144      8.474     0.4819    9.67433   4.645677 2.5939e-11    24.5713    24.5703 1.0000e-12     23.000          1      14039    1518.96 3.9495e+00  52574.600    584.906 1603845505       0.16     -0.826   39.78624  -72.14862 0.0000e+00
     21.838    19.1785    34.4695  1024.6666     2.4513     5.0275     95.383   -0.00038    5.27092    5.26178      8.473     0.4812    9.67490   4.645745 2.5712e-11    24.5712    24.5702 1.0000e-12     22.000          1      14108    1518.94 3.9495e+00  52574.435    587.812 1603845507      -0.02     -0.188   39.78624  -72.14862 0.0000e+00
     20.836    19.1724    34.4679  1024.6625     2.4518     5.0307     95.446    0.00045    5.27073    5.26158      8.475     0.4996    9.67457   4.644889 2.5327e-11    24.5714    24.5705 1.0000e-12     21.000          1      14143    1518.91 3.9495e+00  52572.059    589.240 1603845509      -0.28     -0.640   39.78624  -72.14862 0.0000e+00
     19.844    19.1755    34.4680  1024.6575     2.4537     5.0372     95.567    0.00110    5.27086    5.26171 -9.990e-29     0.4975    9.67478   4.645232 2.6363e-11    24.5707    24.5698 1.0000e-12     20.000          1      14181    1518.90 3.9495e+00  52571.632    590.824 1603845510       0.13     -0.667   39.78622  -72.14862 0.0000e+00
     18.856    19.1749    34.4681  1024.6533     2.4544     5.0358     95.541    0.00026    5.27088    5.26173      8.475     0.4836    9.67483   4.645118 2.7904e-11    24.5709    24.5700 1.0000e-12     19.000          1      14232    1518.88 3.9495e+00  52571.222    592.968 1603845513       0.02     -0.447   39.78622  -72.14863 0.0000e+00
     17.860    19.1747    34.4675  1024.6485     2.4532     5.0293     95.424   -0.00062    5.27044    5.26128      8.480     0.4782    9.67408   4.644986 2.5330e-11    24.5705    24.5697 1.0000e-12     18.000          1      14272    1518.87 3.9495e+00  52570.009    594.639 1603845514      -0.17     -0.579   39.78622  -72.14864 0.0000e+00
     16.869    19.1756    34.4676  1024.6439     2.4529     5.0286     95.418   -0.00025    5.27011    5.26095      8.484     0.4798    9.67352   4.645080 2.5764e-11    24.5702    24.5695 1.0000e-12     17.000          1      14319    1518.85 3.9148e+00  52569.543    596.597 1603845516       0.13     -0.518   39.78622  -72.14864 0.0000e+00
     15.876    19.1805    34.4691  1024.6394     2.4529     5.0290     95.429    0.00017    5.26988    5.26072      8.494     0.4702    9.67313   4.645708 7.9340e+04    24.5701    24.5693 1.0000e-12     16.000          1      14375    1518.85 7.8131e-01  52570.743    598.918 1603845519      -0.00     -0.443   39.78622  -72.14864 0.0000e+00
     14.888    19.1827    34.4700  1024.6352     2.4546     5.0330     95.515    0.00058    5.26934    5.26017      8.508     0.4641    9.67222   4.645992 7.4669e+04    24.5702    24.5695 1.0000e-12     15.000          1      14432    1518.84 7.1368e-01  52571.426    601.273 1603845521      -0.04     -0.415   39.78622  -72.14866 0.0000e+00
     13.893    19.1877    34.4716  1024.6307     2.4553     5.0345     95.544    0.00061    5.26927    5.26011 -9.990e-29     0.5183    9.67211   4.646670 2.5866e+02    24.5700    24.5694 1.0000e-12     14.000          1      14470    1518.84 3.9306e+00  52572.734    602.890 1603845522      -0.14     -0.598   39.78622  -72.14866 0.0000e+00
     12.897    19.1879    34.4720  1024.6266     2.4544     5.0293     95.432   -0.00053    5.27000    5.26084      8.510     0.4957    9.67332   4.646677 8.4974e+04    24.5702    24.5697 1.0000e-12     13.000          1      14511    1518.83 5.5647e-01  52572.770    604.564 1603845524       0.09     -0.613   39.78622  -72.14866 0.0000e+00
     11.909    19.1832    34.4720  1024.6235     2.4562     5.0365     95.572    0.00059    5.26992    5.26076      8.496     0.4754    9.67318   4.646142 6.0144e+04    24.5715    24.5709 1.0000e-12     12.000          1      14585    1518.79 1.7494e+00  52572.683    607.671 1603845527       0.06     -0.280   39.78622  -72.14866 0.0000e+00
     10.914    19.1839    34.4713  1024.6184     2.4555     5.0321     95.473   -0.00034    5.27075    5.26160      8.473     0.4836    9.67459   4.646063 3.9400e+03    24.5707    24.5702 1.0000e-12     11.000          1      14660    1518.78 3.8056e+00  52571.144    610.783 1603845530      -0.04     -0.378   39.78622  -72.14866 0.0000e+00
      9.920    19.1769    34.4700  1024.6148     2.4562     5.0357     95.537    0.00021    5.27093    5.26178      8.472     0.4892    9.67488   4.645128 5.4959e+04    24.5714    24.5710 1.0000e-12     10.000          1      14859    1518.74 1.7031e+00  52569.302    619.085 1603845539      -0.07     -0.306   39.78621  -72.14869 0.0000e+00
      8.929    19.1778    34.4705  1024.6105     2.4565     5.0347     95.525    0.00025    5.27053    5.26138      8.475     0.4900    9.67422   4.645278 1.3595e+03    24.5715    24.5711 1.0000e-12      9.000          1      15943    1518.73 3.8618e+00  52569.431    664.229 1603845584      -0.35     -0.641   39.78616  -72.14878 0.0000e+00
      7.937    19.1767    34.4705  1024.6064     2.4561     5.0331     95.467   -0.00024    5.27204    5.26290      8.475     0.4888    9.67676   4.645138 2.5350e-11    24.5718    24.5714 1.0000e-12      8.000          1      16012    1518.71 3.9471e+00  52569.032    667.110 1603845587       0.16     -0.566   39.78616  -72.14878 0.0000e+00
      6.951    19.1699    34.4676  1024.6017     2.4560     5.0341     95.475    0.00015    5.27268    5.26354      8.496     0.4669    9.67784   4.643978 2.5320e-11    24.5713    24.5710 1.0000e-12      7.000          1      16066    1518.67 3.9495e+00  52565.053    669.391 1603845589      -0.24     -0.401   39.78616  -72.14878 0.0000e+00
      5.951    19.1571    34.4651  1024.5985     2.4574     5.0387     95.557    0.00065    5.27290    5.26376      8.501     0.4961    9.67821   4.642340 2.6190e-11    24.5725    24.5723 1.0000e-12      6.000          1      16106    1518.61 3.9495e+00  52561.826    671.051 1603845591       0.07     -0.588   39.78616  -72.14878 0.0000e+00
      4.965    19.1588    34.4654  1024.5940     2.4584     5.0407     95.586    0.00052    5.27340    5.26427      8.491     0.5270    9.67905   4.642556 2.5749e-11    24.5723    24.5721 1.0000e-12      5.000          1      16163    1518.60 3.9495e+00  52561.658    673.437 1603845593      -0.06     -0.377   39.78616  -72.14878 0.0000e+00
      3.968    19.1504    34.4640  1024.5907     2.4558     5.0275     95.347   -0.00155    5.27282    5.26368      8.480     0.4801    9.67809   4.641487 2.7401e-11    24.5733    24.5732 1.0000e-12      4.000          1      16203    1518.56 3.7943e+00  52559.795    675.096 1603845595      -0.09     -0.592   39.78616  -72.14879 0.0000e+00
      2.974    19.1535    34.4632  1024.5849     2.4562     5.0331     95.451    0.00015    5.27296    5.26383      8.480     0.4754    9.67832   4.641716 4.9918e+04    24.5719    24.5718 1.0000e-12      3.000          1      16286    1518.55 1.7994e+00  52558.095    678.552 1603845598       0.00     -0.274   39.78616  -72.14880 0.0000e+00
      1.972    19.1560    34.4631  1024.5798     2.4555     5.0304     95.405   -0.00006    5.27266    5.26353      8.480     0.5036    9.67783   4.641936 -2.611e+04    24.5712    24.5711 1.0000e-12      2.000          1      16572    1518.55 4.9286e+00  52557.341    690.439 1603845610      -0.19     -0.338   39.78615  -72.14881 0.0000e+00
