CalculateIndicators/WaterTemperature/Data/CTD_NYOS/20201019_C10.cnv
* Sea-Bird SBE 9 Data File:
* FileName = C:\Seabird 9 CTD\Data\2020\202010_offshore\20201019_C10.hex
* Software Version Seasave V 7.23.2
* Temperature SN = 4590
* Conductivity SN = 3228
* Number of Bytes Per Scan = 44
* Number of Voltage Words = 5
* Number of Scans Averaged by the Deck Unit = 1
* NMEA Latitude = 39 08.05 N
* NMEA Longitude = 072 56.94 W
* NMEA UTC (Time) = Oct 20 2020  22:59:24
* NMEA baud rate = 4800
** Ship: seawolf
** Station: 6.5
** Operator: EIH
# nquan = 31
# nvalues = 147                         
# units = specified
# name 0 = depSM: Depth [salt water, m]
# name 1 = t090C: Temperature [ITS-90, deg C]
# name 2 = sal00: Salinity, Practical [PSU]
# name 3 = density00: Density [density, kg/m^3]
# name 4 = sbeox0V: Oxygen raw, SBE 43 [V]
# name 5 = sbeox0ML/L: Oxygen, SBE 43 [ml/l]
# name 6 = sbeox0PS: Oxygen, SBE 43 [% saturation]
# name 7 = sbox0dV/dT: Oxygen, SBE 43 [dov/dt]
# name 8 = oxsolML/L: Oxygen Saturation, Garcia & Gordon [ml/l]
# name 9 = oxsatML/L: Oxygen Saturation, Weiss [ml/l]
# name 10 = ph: pH
# name 11 = flECO-AFL: Fluorescence, WET Labs ECO-AFL/FL [mg/m^3]
# name 12 = n2satML/L: Nitrogen Saturation [ml/l]
# name 13 = c0S/m: Conductivity [S/m]
# name 14 = cpar: CPAR/Corrected Irradiance [%]
# name 15 = sigma-é00: Density [sigma-theta, kg/m^3]
# name 16 = sigma-t00: Density [sigma-t, kg/m^3 ]
# name 17 = par: PAR/Irradiance, Biospherical/Licor
# name 18 = prDM: Pressure, Digiquartz [db]
# name 19 = pumps: Pump Status
# name 20 = scan: Scan Count
# name 21 = svCM: Sound Velocity [Chen-Millero, m/s]
# name 22 = spar: SPAR, Biospherical/Licor
# name 23 = specc: Specific Conductance [uS/cm]
# name 24 = timeS: Time, Elapsed [seconds]
# name 25 = timeY: Time, System [seconds]
# name 26 = accM: Acceleration [m/s^2]
# name 27 = dz/dtM: Descent Rate [m/s]
# name 28 = latitude: Latitude [deg]
# name 29 = longitude: Longitude [deg]
# name 30 = flag: flag
# span 0 =      1.980,     74.423       
# span 1 =    14.0909,    18.4974       
# span 2 =    33.8832,    34.6331       
# span 3 =  1024.3285,  1026.2145       
# span 4 =     1.8678,     2.4916       
# span 5 =     3.9512,     5.2324       
# span 6 =     67.999,     97.373       
# span 7 =   -0.02806,    0.02437       
# span 8 =    5.35528,    5.81505       
# span 9 =    5.34662,    5.81120       
# span 10 =      8.366,      8.738      
# span 11 =     0.0183,     0.5637      
# span 12 =    9.82062,   10.58173      
# span 13 =   4.116255,   4.520945      
# span 14 = -2.168e+04, 1.0743e+05      
# span 15 =    24.3186,    25.8829      
# span 16 =    24.3184,    25.8806      
# span 17 = 1.0000e-12, 1.6563e-01      
# span 18 =      2.000,     75.000      
# span 19 =          1,          1      
# span 20 =        130,      17233      
# span 21 =    1503.94,    1516.19      
# span 22 = -4.509e-01, 4.3430e+00      
# span 23 =  51826.609,  53285.958      
# span 24 =      5.371,    718.003      
# span 25 = 1603234772, 1603235484      
# span 26 =      -0.50,       0.43      
# span 27 =     -0.806,      0.837      
# span 28 =   39.13325,   39.13430      
# span 29 =  -72.95074,  -72.94912      
# span 30 = 0.0000e+00, 0.0000e+00      
# interval = decibars: 1                
# start_time = Oct 20 2020 22:59:26 [System UTC, first data scan.]
# bad_flag = -9.990e-29
*END*
      1.981    18.4726    33.9110  1024.3302     2.4916     5.2107     97.245    0.00014    5.35833    5.34969      8.407     0.1661    9.82574   4.508426 1.0685e+05    24.3216    24.3215 1.6563e-01      2.000          1        130    1515.96 -2.528e-01  51848.317      5.371 1603234772       0.43     -0.013   39.13430  -72.94912 0.0000e+00
      2.978    18.4722    33.9109  1024.3347     2.4906     5.2088     97.210    0.00011    5.35829    5.34965      8.408     0.1650    9.82568   4.508423 5.2931e+04    24.3216    24.3215 1.1235e-01      3.000          1        304    1515.97 1.7367e+00  51848.761     12.615 1603234779       0.03      0.215   39.13428  -72.94913 0.0000e+00
      3.970    18.4720    33.9109  1024.3392     2.4911     5.2092     97.214   -0.00060    5.35853    5.34990      8.410     0.1700    9.82609   4.508447 -9.975e+02    24.3218    24.3216 2.8041e-03      4.000          1        408    1515.99 3.9907e+00  51849.336     16.940 1603234783       0.05      0.441   39.13428  -72.94914 0.0000e+00
      4.963    18.4707    33.9099  1024.3431     2.4905     5.2091     97.209   -0.00024    5.35865    5.35002      8.410     0.1596    9.82630   4.508229 9.7249e-03    24.3214    24.3212 3.8408e-04      5.000          1        476    1516.00 3.9495e+00  51848.555     19.803 1603234786      -0.04      0.334   39.13427  -72.94914 0.0000e+00
      5.952    18.4706    33.9102  1024.3477     2.4891     5.2062     97.129   -0.00085    5.36007    5.35145      8.411     0.1563    9.82869   4.508325 2.5320e-11    24.3216    24.3214 1.0000e-12      6.000          1        580    1516.02 3.9495e+00  51849.410     24.118 1603234790       0.26      0.309   39.13426  -72.94916 0.0000e+00
      6.947    18.4638    33.9080  1024.3521     2.4915     5.2188     97.373    0.00123    5.35964    5.35101      8.411     0.1671    9.82796   4.507339 2.5320e-11    24.3217    24.3214 1.0000e-12      7.000          1        626    1516.01 3.9495e+00  51847.377     26.059 1603234792      -0.06      0.498   39.13426  -72.94916 0.0000e+00
      7.940    18.4618    33.9077  1024.3568     2.4915     5.2198     97.310   -0.00008    5.36414    5.35556 -9.990e-29     0.1726    9.83552   4.507162 2.5320e-11    24.3220    24.3216 1.0000e-12      8.000          1        681    1516.03 3.9495e+00  51847.494     28.337 1603234795      -0.04      0.438   39.13426  -72.94916 0.0000e+00
      8.930    18.4207    33.8986  1024.3645     2.4889     5.2179     97.164   -0.00091    5.37015    5.36161      8.424     0.1814    9.84559   4.501857 2.5320e-11    24.3253    24.3249 1.0000e-12      9.000          1        772    1515.91 3.9495e+00  51838.434     32.108 1603234798       0.12      0.210   39.13425  -72.94916 0.0000e+00
      9.920    18.3819    33.8939  1024.3749     2.4852     5.2111     96.939   -0.00210    5.37566    5.36717      8.444     0.2206    9.85480   4.497670 2.5320e-11    24.3314    24.3309 1.0000e-12     10.000          1        834    1515.81 3.9495e+00  51835.104     34.708 1603234801       0.37      0.536   39.13424  -72.94916 0.0000e+00
     10.923    18.3302    33.8848  1024.3852     2.4872     5.2232     97.185    0.00063    5.37453    5.36603      8.442     0.2083    9.85292   4.491030 2.5320e-11    24.3373    24.3368 1.0000e-12     11.000          1        861    1515.67 3.9495e+00  51826.609     35.847 1603234802       0.09      0.822   39.13424  -72.94917 0.0000e+00
     11.911    18.3015    33.8832  1024.3954     2.4857     5.2208     97.084   -0.00034    5.37761    5.36914      8.548     0.2029    9.85780   4.488485 2.6272e-11    24.3432    24.3427 1.0000e-12     12.000          1        957    1515.60 3.9495e+00  51826.927     39.843 1603234806       0.13      0.361   39.13424  -72.94918 0.0000e+00
     12.899    18.2710    33.8884  1024.4114     2.4846     5.2172     97.079    0.00023    5.37421    5.36574      8.570     0.2124    9.85151   4.486378 2.5899e-11    24.3548    24.3542 1.0000e-12     13.000          1       1020    1515.53 3.9495e+00  51836.626     42.467 1603234809       0.04      0.511   39.13424  -72.94918 0.0000e+00
     13.897    18.2760    33.9326  1024.4483     2.4834     5.2084     96.973   -0.00067    5.37100    5.36252      8.569     0.2479    9.84589   4.492428 2.5356e-11    24.3873    24.3867 1.0000e-12     14.000          1       1060    1515.61 3.9495e+00  51897.074     44.134 1603234810      -0.01      0.593   39.13424  -72.94918 0.0000e+00
     14.884    18.3147    33.9931  1024.4894     2.4823     5.2048     96.945   -0.00039    5.36884    5.36035      8.566     0.1975    9.84204   4.503412 2.5320e-11    24.4241    24.4234 1.0000e-12     15.000          1       1123    1515.81 3.9495e+00  51977.609     46.737 1603234813      -0.05      0.347   39.13424  -72.94918 0.0000e+00
     15.878    18.3286    34.0182  1024.5095     2.4809     5.1981     96.876   -0.00063    5.36576    5.35725      8.570 -9.990e-29    9.83666   4.507733 2.5320e-11    24.4399    24.4392 1.0000e-12     16.000          1       1181    1515.90 3.9495e+00  52011.388     49.168 1603234815       0.02      0.425   39.13423  -72.94918 0.0000e+00
     16.870    18.3458    34.0402  1024.5265     2.4781     5.1870     96.702   -0.00142    5.36390    5.35538      8.572     0.2281    9.83345   4.512204 2.5320e-11    24.4525    24.4518 1.0000e-12     17.000          1       1229    1515.99 3.9495e+00  52040.830     51.169 1603234817       0.09      0.500   39.13422  -72.94919 0.0000e+00
     17.863    18.3630    34.0575  1024.5399     2.4742     5.1744     96.506   -0.00179    5.36174    5.35321      8.578     0.2465    9.82971   4.515955 2.5320e-11    24.4615    24.4608 1.0000e-12     18.000          1       1283    1516.07 3.9495e+00  52063.733     53.437 1603234820      -0.11      0.424   39.13422  -72.94920 0.0000e+00
     18.850    18.3906    34.0765  1024.5519     2.4707     5.1671     96.366   -0.00146    5.36200    5.35347      8.585     0.2581    9.83014   4.520945 2.5320e-11    24.4692    24.4684 1.0000e-12     19.000          1       1338    1516.19 3.9495e+00  52088.239     55.688 1603234822       0.33      0.433   39.13422  -72.94920 0.0000e+00
     19.850    18.3838    34.0768  1024.5583     2.4691     5.1654     96.314   -0.00116    5.36311    5.35459      8.585     0.2835    9.83199   4.520245 2.5320e-11    24.4712    24.4704 1.0000e-12     20.000          1       1380    1516.19 3.9495e+00  52089.686     57.441 1603234824      -0.10      0.530   39.13422  -72.94921 0.0000e+00
     20.834    18.3790    34.0783  1024.5649     2.4674     5.1684     96.312   -0.00019    5.36627    5.35778      8.606     0.2901    9.83726   4.519916 2.5924e-11    24.4736    24.4727 1.0000e-12     21.000          1       1449    1516.19 3.9495e+00  52092.526     60.345 1603234827       0.23      0.278   39.13422  -72.94922 0.0000e+00
     21.834    18.3506    34.0726  1024.5721     2.4675     5.1703     96.340    0.00016    5.36672    5.35823      8.637     0.2966    9.83801   4.516305 2.5340e-11    24.4764    24.4754 1.0000e-12     22.000          1       1487    1516.12 3.9495e+00  52087.210     61.914 1603234828       0.04      0.605   39.13422  -72.94922 0.0000e+00
     22.823    18.3395    34.0741  1024.5804     2.4660     5.1679     96.238   -0.00076    5.36999    5.36153      8.648     0.3027    9.84347   4.515528 2.5320e-11    24.4803    24.4793 1.0000e-12     23.000          1       1550    1516.11 3.9495e+00  52090.501     64.545 1603234831      -0.10      0.339   39.13422  -72.94922 0.0000e+00
     23.815    18.3165    34.0692  1024.5867     2.4614     5.1545     95.942   -0.00228    5.37249    5.36405      8.669     0.3736    9.84762   4.512470 2.5320e-11    24.4823    24.4812 1.0000e-12     24.000          1       1602    1516.05 3.9495e+00  52085.854     66.713 1603234833       0.31      0.501   39.13420  -72.94922 0.0000e+00
     24.812    18.2968    34.0722  1024.5983     2.4564     5.1403     95.642   -0.00341    5.37455    5.36612      8.690     0.4092    9.85109   4.511188 2.5953e-11    24.4895    24.4884 1.0000e-12     25.000          1       1636    1516.02 3.9495e+00  52091.877     68.129 1603234834      -0.02      0.710   39.13420  -72.94922 0.0000e+00
     25.802    18.2618    34.0660  1024.6066     2.4491     5.1322     95.349   -0.00267    5.38253    5.37418      8.701     0.4628    9.86452   4.506779 2.5344e-11    24.4934    24.4923 1.0000e-12     26.000          1       1699    1515.92 3.9495e+00  52086.292     70.753 1603234837      -0.11      0.368   39.13420  -72.94922 0.0000e+00
     26.787    18.1865    34.0482  1024.6160     2.4408     5.1138     94.937   -0.00321    5.38656    5.37824      8.710     0.5046    9.87121   4.497171 2.5971e-11    24.4984    24.4973 1.0000e-12     27.000          1       1773    1515.70 3.9495e+00  52067.693     73.825 1603234840       0.20      0.345   39.13420  -72.94924 0.0000e+00
     27.791    18.1569    34.0459  1024.6260     2.4404     5.1198     95.067   -0.00068    5.38550    5.37717      8.719     0.5362    9.86940   4.494192 2.5345e-11    24.5040    24.5028 1.0000e-12     28.000          1       1806    1515.63 3.9495e+00  52067.186     75.201 1603234841       0.09      0.662   39.13420  -72.94924 0.0000e+00
     28.775    18.1543    34.0519  1024.6356     2.4378     5.1091     94.933   -0.00102    5.38177    5.37341      8.729     0.4876    9.86303   4.494907 2.5752e-11    24.5093    24.5081 1.0000e-12     29.000          1       1865    1515.64 3.9495e+00  52076.104     77.649 1603234844      -0.12      0.368   39.13420  -72.94924 0.0000e+00
     29.771    18.1797    34.0649  1024.6437     2.4356     5.1017     94.827   -0.00115    5.38008    5.37171      8.733     0.5051    9.86017   4.499173 2.5334e-11    24.5131    24.5118 1.0000e-12     30.000          1       1916    1515.75 3.9495e+00  52092.607     79.788 1603234846       0.00      0.497   39.13420  -72.94924 0.0000e+00
     30.762    18.2029    34.0760  1024.6508     2.4359     5.1015     94.929    0.00024    5.37401    5.36560      8.736     0.4960    9.84977   4.502845 2.5357e-11    24.5158    24.5145 1.0000e-12     31.000          1       1986    1515.85 3.9495e+00  52106.528     82.698 1603234849      -0.07      0.305   39.13419  -72.94924 0.0000e+00
     31.749    18.2758    34.1129  1024.6654     2.4328     5.0871     94.675   -0.00175    5.37323    5.36482      8.738     0.5207    9.84837   4.515071 2.6103e-11    24.5261    24.5248 1.0000e-12     32.000          1       2049    1516.12 3.9495e+00  52152.377     85.343 1603234852       0.42      0.410   39.13418  -72.94924 0.0000e+00
     32.754    18.2631    34.1161  1024.6754     2.4280     5.0699     94.355   -0.00334    5.37322    5.36481      8.738     0.5395    9.84834   4.513621 2.6303e-11    24.5318    24.5303 1.0000e-12     33.000          1       2082    1516.10 3.9495e+00  52158.100     86.703 1603234853      -0.03      0.693   39.13418  -72.94926 0.0000e+00
     33.733    18.2558    34.1202  1024.6847     2.4154     5.0582     93.678   -0.00536    5.39959    5.39141      8.736     0.5423    9.89217   4.513264 8.9353e+04    24.5367    24.5353 1.0000e-12     34.000          1       2179    1516.10 2.7343e-01  52164.783     90.752 1603234857       0.17      0.119   39.13418  -72.94926 0.0000e+00
     34.731    18.1017    34.1153  1024.7235     2.3879     4.9944     91.853   -0.01436    5.43735    5.42949      8.732     0.5012    9.95547   4.496705 -1.274e+03    24.5710    24.5696 1.0000e-12     35.000          1       2218    1515.66 4.0019e+00  52169.345     92.388 1603234859       0.10      0.558   39.13418  -72.94926 0.0000e+00
     35.728    17.9168    34.0939  1024.7568     2.3584     4.9244     90.232   -0.01778    5.45755    5.44988      8.733     0.5163    9.98918   4.474326 2.5320e-11    24.5999    24.5984 1.0000e-12     36.000          1       2258    1515.11 3.9495e+00  52154.110     94.024 1603234860      -0.04      0.617   39.13418  -72.94927 0.0000e+00
     36.714    17.4916    34.0405  1024.8237     2.3173     4.8503     88.482   -0.01416    5.48169    5.47427      8.728     0.4512   10.02876   4.427137 2.5320e-11    24.6622    24.6607 1.0000e-12     37.000          1       2324    1513.81 3.9495e+00  52113.731     96.794 1603234863      -0.04      0.309   39.13418  -72.94928 0.0000e+00
     37.708    17.2758    34.0813  1024.9112     2.2945     4.8336     87.671   -0.00989    5.51331    5.50619      8.727     0.4183   10.08166   4.410697 2.5320e-11    24.7452    24.7437 1.0000e-12     38.000          1       2377    1513.23 3.9495e+00  52187.341     98.997 1603234865       0.05      0.478   39.13417  -72.94928 0.0000e+00
     38.699    17.1281    34.0723  1024.9439     2.2750     4.7859     86.646   -0.01129    5.52353    5.51651      8.723     0.4914   10.09863   4.394626 2.5320e-11    24.7735    24.7720 1.0000e-12     39.000          1       2419    1512.80 3.9495e+00  52187.311    100.769 1603234867       0.08      0.554   39.13416  -72.94928 0.0000e+00
     39.695    16.8942    34.0490  1024.9858     2.2612     4.7733     86.234   -0.00740    5.53526    5.52835      8.723     0.4764   10.11819   4.369870 3.9044e+03    24.8108    24.8093 1.0000e-12     40.000          1       2467    1512.09 3.7696e+00  52175.567    102.733 1603234869      -0.12      0.504   39.13416  -72.94928 0.0000e+00
     40.679    16.7764    34.0403  1025.0113     2.2448     4.7537     85.547   -0.00613    5.55684    5.55014      8.720     0.4260   10.15411   4.357608 1.0743e+05    24.8318    24.8303 1.0000e-12     41.000          1       2532    1511.74 -2.914e-01  52174.122    105.451 1603234872       0.21      0.315   39.13416  -72.94928 0.0000e+00
     41.680    16.6279    34.0315  1025.0438     2.2335     4.7368     84.960   -0.00707    5.57538    5.56886      8.729     0.4311   10.18498   4.342158 6.9892e+04    24.8598    24.8582 1.0000e-12     42.000          1       2569    1511.29 9.6614e-01  52175.663    107.019 1603234873      -0.02      0.600   39.13416  -72.94930 0.0000e+00
     42.668    16.4725    34.0245  1025.0790     2.2094     4.7352     83.635   -0.01077    5.66190    5.65633      8.724     0.4061   10.32786   4.326394 -8.682e+02    24.8905    24.8889 1.0000e-12     43.000          1       2622    1510.83 3.9869e+00  52180.470    109.214 1603234876       0.02      0.428   39.13416  -72.94930 0.0000e+00
     43.662    16.0132    34.0263  1025.1901     2.1573     4.5438     79.969   -0.02806    5.68197    5.67663      8.704     0.4067   10.36094   4.278775 2.5320e-11    24.9969    24.9953 1.0000e-12     44.000          1       2668    1509.43 3.9495e+00  52226.464    111.106 1603234877       0.02      0.528   39.13416  -72.94930 0.0000e+00
     44.655    15.4337    34.0959  1025.3790     2.1215     4.4991     78.880   -0.01846    5.70378    5.69866      8.698     0.4000   10.39725   4.232477 2.5320e-11    25.1809    25.1794 1.0000e-12     45.000          1       2715    1507.73 3.9495e+00  52379.788    113.063 1603234879      -0.04      0.514   39.13416  -72.94930 0.0000e+00
     45.643    15.3001    34.0865  1025.4059     2.0955     4.4651     78.067   -0.01189    5.71953    5.71459      8.683     0.3662   10.42338   4.218634 2.5320e-11    25.2034    25.2018 1.0000e-12     46.000          1       2765    1507.32 3.9495e+00  52381.330    115.184 1603234882       0.05      0.455   39.13416  -72.94932 0.0000e+00
     46.640    15.1182    34.0862  1025.4503     2.0793     4.4418     77.367   -0.01084    5.74125    5.73655      8.692     0.4195   10.45946   4.201880 2.5320e-11    25.2431    25.2416 1.0000e-12     47.000          1       2802    1506.76 3.9495e+00  52400.691    116.708 1603234883       0.10      0.636   39.13414  -72.94932 0.0000e+00
