CalculateIndicators/WaterTemperature/Data/CTD_NYOS/20201027_C23.cnv
* Sea-Bird SBE 9 Data File:
* FileName = C:\Seabird 9 CTD\Data\2020\202010_offshore\20201027_C23.hex
* Software Version Seasave V 7.23.2
* Temperature SN = 4590
* Conductivity SN = 3228
* Number of Bytes Per Scan = 44
* Number of Voltage Words = 5
* Number of Scans Averaged by the Deck Unit = 1
* NMEA Latitude = 40 05.93 N
* NMEA Longitude = 072 36.35 W
* NMEA UTC (Time) = Oct 27 2020  08:47:34
* NMEA baud rate = 4800
** Ship: seawolf
** Station: 4.3
** Operator: sjw
# nquan = 31
# nvalues = 101                         
# units = specified
# name 0 = depSM: Depth [salt water, m]
# name 1 = t090C: Temperature [ITS-90, deg C]
# name 2 = sal00: Salinity, Practical [PSU]
# name 3 = density00: Density [density, kg/m^3]
# name 4 = sbeox0V: Oxygen raw, SBE 43 [V]
# name 5 = sbeox0ML/L: Oxygen, SBE 43 [ml/l]
# name 6 = sbeox0PS: Oxygen, SBE 43 [% saturation]
# name 7 = sbox0dV/dT: Oxygen, SBE 43 [dov/dt]
# name 8 = oxsolML/L: Oxygen Saturation, Garcia & Gordon [ml/l]
# name 9 = oxsatML/L: Oxygen Saturation, Weiss [ml/l]
# name 10 = ph: pH
# name 11 = flECO-AFL: Fluorescence, WET Labs ECO-AFL/FL [mg/m^3]
# name 12 = n2satML/L: Nitrogen Saturation [ml/l]
# name 13 = c0S/m: Conductivity [S/m]
# name 14 = cpar: CPAR/Corrected Irradiance [%]
# name 15 = sigma-é00: Density [sigma-theta, kg/m^3]
# name 16 = sigma-t00: Density [sigma-t, kg/m^3 ]
# name 17 = par: PAR/Irradiance, Biospherical/Licor
# name 18 = prDM: Pressure, Digiquartz [db]
# name 19 = pumps: Pump Status
# name 20 = scan: Scan Count
# name 21 = svCM: Sound Velocity [Chen-Millero, m/s]
# name 22 = spar: SPAR, Biospherical/Licor
# name 23 = specc: Specific Conductance [uS/cm]
# name 24 = timeS: Time, Elapsed [seconds]
# name 25 = timeY: Time, System [seconds]
# name 26 = accM: Acceleration [m/s^2]
# name 27 = dz/dtM: Descent Rate [m/s]
# name 28 = latitude: Latitude [deg]
# name 29 = longitude: Longitude [deg]
# name 30 = flag: flag
# span 0 =      1.974,     51.609       
# span 1 =    14.2495,    17.7823       
# span 2 =    33.3654,    33.5458       
# span 3 =  1024.2130,  1025.2427       
# span 4 =     1.5319,     2.4344       
# span 5 =     2.7483,     5.1482       
# span 6 =     47.979,     94.587       
# span 7 =   -0.15648,    0.07659       
# span 8 =    5.44066,    5.82914       
# span 9 =    5.43261,    5.82512       
# span 10 =      8.185,      8.501      
# span 11 =     0.0699,     0.3999      
# span 12 =    9.96628,   10.61103      
# span 13 =   4.062949,   4.399036      
# span 14 = -8.685e+03, 1.0323e+05      
# span 15 =    24.2042,    25.0125      
# span 16 =    24.2040,    25.0109      
# span 17 = 1.0000e-12, 1.1932e-02      
# span 18 =      2.000,     52.000      
# span 19 =          1,          1      
# span 20 =         87,      10055      
# span 21 =    1503.44,    1513.96      
# span 22 = -1.197e-01, 3.9953e+00      
# span 23 =  51304.899,  51755.703      
# span 24 =      3.601,    418.917      
# span 25 = 1603788458, 1603788874      
# span 26 =      -0.56,       0.71      
# span 27 =     -1.006,      1.102      
# span 28 =   40.09854,   40.09889      
# span 29 =  -72.60582,  -72.60525      
# span 30 = 0.0000e+00, 0.0000e+00      
# interval = decibars: 1                
# start_time = Oct 27 2020 08:47:35 [System UTC, first data scan.]
# bad_flag = -9.990e-29
*END*
[from data line 94]
      7.935    17.7732    33.5384  1024.2433     2.4246     5.1227     94.121    0.00002    5.44268    5.43464      8.501     0.3646    9.96976   4.396724 4.1748e-11    24.2084    24.2081 1.0000e-12      8.000          1       9809    1513.59 2.6682e+00  51390.645    408.657 1603788864      -0.10     -0.793   40.09856  -72.60528 0.0000e+00
      6.945    17.7722    33.5377  1024.2386     2.4272     5.1325     94.294    0.00101    5.44310    5.43506      8.499     0.3284    9.97047   4.396455 3.6960e-11    24.2081    24.2078 1.0000e-12      7.000          1       9847    1513.57 3.0417e+00  51389.216    410.250 1603788865       0.13     -0.657   40.09856  -72.60526 0.0000e+00
      5.957    17.7651    33.5326  1024.2321     2.4310     5.1461     94.544    0.00236    5.44306    5.43503      8.491     0.3552    9.97042   4.395113 4.4976e-11    24.2059    24.2056 1.0000e-12      6.000          1       9889    1513.53 2.4165e+00  51382.305    412.011 1603788867      -0.03     -0.554   40.09856  -72.60526 0.0000e+00
      4.957    17.7628    33.5316  1024.2274     2.4310     5.1393     94.423    0.00037    5.44288    5.43484      8.491     0.3793    9.97012   4.394755 3.8049e-11    24.2056    24.2054 1.0000e-12      5.000          1       9924    1513.51 2.9567e+00  51380.503    413.470 1603788868      -0.04     -0.676   40.09856  -72.60525 0.0000e+00
      3.971    17.7643    33.5308  1024.2221     2.4330     5.1458     94.540    0.00101    5.44304    5.43501      8.492     0.3514    9.97039   4.394790 4.2384e-11    24.2046    24.2044 1.0000e-12      4.000          1       9976    1513.49 2.6186e+00  51378.842    415.633 1603788870       0.11     -0.451   40.09856  -72.60526 0.0000e+00
      2.982    17.7652    33.5306  1024.2173     2.4319     5.1378     94.392   -0.00055    5.44309    5.43505      8.497     0.3507    9.97046   4.394800 4.4868e-01    24.2042    24.2041 1.0181e-02      3.000          1      10021    1513.48 2.7347e+00  51378.019    417.493 1603788872      -0.21     -0.519   40.09856  -72.60526 0.0000e+00
      1.974    17.7632    33.5307  1024.2133     2.4301     5.1300     94.251   -0.00160    5.44295    5.43492      8.491     0.3612    9.97024   4.394575 4.4910e-01    24.2046    24.2046 1.1932e-02      2.000          1      10055    1513.46 2.8152e+00  51377.728    418.917 1603788874       0.08     -0.729   40.09854  -72.60526 0.0000e+00
