CalculateIndicators/WaterTemperature/Data/CTD_NYOS/20201019_C04.cnv
* Sea-Bird SBE 9 Data File:
* FileName = C:\Seabird 9 CTD\Data\2020\202010_offshore\20201019_C04.hex
* Software Version Seasave V 7.23.2
* Temperature SN = 4590
* Conductivity SN = 3228
* Number of Bytes Per Scan = 44
* Number of Voltage Words = 5
* Number of Scans Averaged by the Deck Unit = 1
* NMEA Latitude = 40 06.31 N
* NMEA Longitude = 073 39.02 W
* NMEA UTC (Time) = Oct 20 2020  00:32:34
* NMEA baud rate = 4800
** Ship: seawolf
** Station: 7.2
** Operator: EIH
# nquan = 31
# nvalues = 70                          
# units = specified
# name 0 = depSM: Depth [salt water, m]
# name 1 = t090C: Temperature [ITS-90, deg C]
# name 2 = sal00: Salinity, Practical [PSU]
# name 3 = density00: Density [density, kg/m^3]
# name 4 = sbeox0V: Oxygen raw, SBE 43 [V]
# name 5 = sbeox0ML/L: Oxygen, SBE 43 [ml/l]
# name 6 = sbeox0PS: Oxygen, SBE 43 [% saturation]
# name 7 = sbox0dV/dT: Oxygen, SBE 43 [dov/dt]
# name 8 = oxsolML/L: Oxygen Saturation, Garcia & Gordon [ml/l]
# name 9 = oxsatML/L: Oxygen Saturation, Weiss [ml/l]
# name 10 = ph: pH
# name 11 = flECO-AFL: Fluorescence, WET Labs ECO-AFL/FL [mg/m^3]
# name 12 = n2satML/L: Nitrogen Saturation [ml/l]
# name 13 = c0S/m: Conductivity [S/m]
# name 14 = cpar: CPAR/Corrected Irradiance [%]
# name 15 = sigma-é00: Density [sigma-theta, kg/m^3]
# name 16 = sigma-t00: Density [sigma-t, kg/m^3 ]
# name 17 = par: PAR/Irradiance, Biospherical/Licor
# name 18 = prDM: Pressure, Digiquartz [db]
# name 19 = pumps: Pump Status
# name 20 = scan: Scan Count
# name 21 = svCM: Sound Velocity [Chen-Millero, m/s]
# name 22 = spar: SPAR, Biospherical/Licor
# name 23 = specc: Specific Conductance [uS/cm]
# name 24 = timeS: Time, Elapsed [seconds]
# name 25 = timeY: Time, System [seconds]
# name 26 = accM: Acceleration [m/s^2]
# name 27 = dz/dtM: Descent Rate [m/s]
# name 28 = latitude: Latitude [deg]
# name 29 = longitude: Longitude [deg]
# name 30 = flag: flag
# span 0 =      1.980,     36.737       
# span 1 =    16.5344,    17.7361       
# span 2 =    32.2535,    32.8449       
# span 3 =  1023.3294,  1024.1277       
# span 4 =     1.9773,     2.5002       
# span 5 =     4.0724,     5.3962       
# span 6 =     72.803,     97.864       
# span 7 =   -0.06511,    0.04780       
# span 8 =    5.46958,    5.59373       
# span 9 =    5.46147,    5.58680       
# span 10 =      8.279,      8.387      
# span 11 =     0.1222,     0.9465      
# span 12 =   10.02202,   10.22788      
# span 13 =   4.198767,   4.308592      
# span 14 = -5.317e+04, 1.0071e+05      
# span 15 =    23.3099,    23.9664      
# span 16 =    23.3096,    23.9650      
# span 17 = -5.334e-04, 1.8432e-01      
# span 18 =      2.000,     37.000      
# span 19 =          1,          1      
# span 20 =         34,      10946      
# span 21 =    1509.56,    1513.05      
# span 22 = 3.6096e-02, 6.0494e+00      
# span 23 =  49649.833,  50546.058      
# span 24 =      1.379,    456.027      
# span 25 = 1603153958, 1603154413      
# span 26 =      -0.79,       0.40      
# span 27 =     -0.582,      0.724      
# span 28 =   40.10522,   40.10566      
# span 29 =  -73.65200,  -73.65045      
# span 30 = 0.0000e+00, 0.0000e+00      
# interval = decibars: 1                
# start_time = Oct 20 2020 00:32:37 [System UTC, first data scan.]
# bad_flag = -9.990e-29
*END*
[from data line 47]
     24.802    17.6197    32.6065  1023.6417     2.4189     5.1704     94.194    0.00193    5.48902    5.48099      8.371     0.5032   10.05651   4.273310 8.5731e+04    23.5324    23.5314 1.0000e-12     25.000          1       6772    1512.36 1.0480e+00  50130.599    282.131 1603154239      -0.06     -0.527   40.10551  -73.65141 0.0000e+00
     23.813    17.5873    32.5755  1023.6214     2.4272     5.1909     94.532    0.00109    5.49112    5.48310      8.375     0.5447   10.06025   4.266728 6.1931e+03    23.5164    23.5155 1.0000e-12     24.000          1       8111    1512.21 3.7406e+00  50089.784    337.908 1603154294       0.03     -0.319   40.10557  -73.65161 0.0000e+00
     22.823    17.6054    32.5755  1023.6126     2.4301     5.1927     94.628    0.00076    5.48754    5.47948      8.374     0.5451   10.05430   4.268534 2.5320e-11    23.5120    23.5111 1.0000e-12     23.000          1       8311    1512.25 3.9495e+00  50087.989    346.263 1603154303      -0.08     -0.313   40.10558  -73.65164 0.0000e+00
     21.831    17.6334    32.5789  1023.6041     2.4281     5.1888     94.420   -0.00106    5.49543    5.48742      8.375     0.5932   10.06811   4.271619 2.5320e-11    23.5079    23.5070 1.0000e-12     22.000          1       8366    1512.32 3.9495e+00  50090.131    348.558 1603154305      -0.05     -0.438   40.10559  -73.65164 0.0000e+00
     20.836    17.6042    32.5352  1023.5732     2.4212     5.1680     93.999   -0.00247    5.49800    5.49000      8.372     0.5890   10.07256   4.263202 2.5320e-11    23.4814    23.4805 1.0000e-12     21.000          1       8426    1512.17 3.9495e+00  50031.692    351.036 1603154308       0.04     -0.374   40.10560  -73.65165 0.0000e+00
     19.848    17.5603    32.4892  1023.5441     2.4187     5.1692     94.003    0.00002    5.49897    5.49098 -9.990e-29     0.6398   10.07424   4.253892 2.5320e-11    23.4566    23.4558 1.0000e-12     20.000          1       8512    1511.97 3.9495e+00  49970.970    354.636 1603154311      -0.16     -0.301   40.10560  -73.65166 0.0000e+00
     18.853    17.5605    32.4889  1023.5395     2.4185     5.1685     93.975   -0.00020    5.49986    5.49187 -9.990e-29     0.6721   10.07576   4.253816 2.5320e-11    23.4563    23.4556 1.0000e-12     19.000          1       8557    1511.95 3.9495e+00  49970.133    356.515 1603154313      -0.06     -0.521   40.10560  -73.65168 0.0000e+00
     17.859    17.5530    32.4847  1023.5336     2.4179     5.1670     93.924   -0.00036    5.50131    5.49334 -9.990e-29     0.6272   10.07827   4.252561 2.5320e-11    23.4548    23.4541 1.0000e-12     18.000          1       8612    1511.91 3.9495e+00  49964.295    358.806 1603154315       0.09     -0.432   40.10560  -73.65168 0.0000e+00
     16.871    17.5364    32.4726  1023.5239 -9.990e-29     5.1677     93.922    0.00007    5.50208    5.49410      8.369     0.6178   10.07959   4.249527 2.5320e-11    23.4495    23.4489 1.0000e-12     17.000          1       8697    1511.83 3.9495e+00  49948.450    362.333 1603154319      -0.08     -0.253   40.10560  -73.65168 0.0000e+00
     15.877    17.5338    32.4696  1023.5178     2.4171     5.1683     93.876   -0.00020    5.50545    5.49750      8.370     0.7023   10.08543   4.248965 2.5320e-11    23.4478    23.4472 1.0000e-12     16.000          1       8754    1511.80 3.9495e+00  49943.971    364.691 1603154321      -0.02     -0.431   40.10560  -73.65170 0.0000e+00
     14.888    17.5273    32.4639  1023.5105     2.4177     5.1740     93.922    0.00015    5.50880    5.50087      8.371     0.6556   10.09125   4.247488 2.5320e-11    23.4449    23.4443 1.0000e-12     15.000          1       8802    1511.76 3.9495e+00  49936.067    366.721 1603154323      -0.13     -0.475   40.10560  -73.65170 0.0000e+00
     13.888    17.4946    32.4327  1023.4901     2.4216     5.1876     94.164    0.00128    5.50908    5.50114      8.371     0.6373   10.09186   4.240606 2.5320e-11    23.4288    23.4282 1.0000e-12     14.000          1       8871    1511.61 3.9495e+00  49895.113    369.576 1603154326      -0.21     -0.417   40.10560  -73.65171 0.0000e+00
     12.899    17.4855    32.4099  1023.4703     2.4225     5.1831     94.095   -0.00030    5.50835    5.50040      8.371     0.6604   10.09085   4.237226 2.5320e-11    23.4134    23.4129 1.0000e-12     13.000          1       8944    1511.54 3.9495e+00  49863.725    372.620 1603154329      -0.14     -0.532   40.10560  -73.65172 0.0000e+00
     11.906    17.4910    32.3952  1023.4534     2.4271     5.2036     94.467    0.00233    5.50834    5.50038      8.371     0.6610   10.09099   4.236089 2.5320e-11    23.4008    23.4004 1.0000e-12     12.000          1       8989    1511.52 3.9495e+00  49842.657    374.505 1603154331       0.07     -0.536   40.10562  -73.65172 0.0000e+00
     10.914    17.5002    32.3733  1023.4300     2.4382     5.2408     95.099    0.00402    5.51093    5.50298      8.373     0.7464   10.09574   4.234277 2.5320e-11    23.3818    23.3814 1.0000e-12     11.000          1       9059    1511.51 3.9495e+00  49811.277    377.421 1603154334       0.07     -0.336   40.10562  -73.65173 0.0000e+00
      9.931    17.4868    32.3223  1023.3897     2.4692     5.3464     96.997    0.01098    5.51192    5.50396      8.381     0.7915   10.09783   4.226952 -9.990e-29    23.3459    23.3455 1.0000e-12     10.000          1       9152    1511.39 2.6391e+00  49741.412    381.287 1603154338      -0.22     -0.218   40.10562  -73.65174 0.0000e+00
      8.923    17.4934    32.2995  1023.3662     2.4935     5.3945     97.864    0.00555    5.51221    5.50425      8.387     0.8119   10.09830   4.224926 2.5320e-11    23.3268    23.3265 1.0000e-12      9.000          1       9440    1511.37 3.4997e+00  49709.099    393.289 1603154350      -0.05     -0.422   40.10563  -73.65178 0.0000e+00
      7.934    17.4652    32.2755  1023.3501     2.5002     5.3915     97.764   -0.00134    5.51486    5.50691      8.384     0.8750   10.10282   4.219164 2.5320e-11    23.3151    23.3148 1.0000e-12      8.000          1      10508    1511.24 3.9672e+00  49677.723    437.786 1603154394      -0.08     -0.463   40.10566  -73.65194 0.0000e+00
      6.946    17.4221    32.2554  1023.3406     2.4989     5.3947     97.750   -0.00020    5.51891    5.51100      8.384     0.8533   10.10972   4.213027 2.5320e-11    23.3099    23.3096 1.0000e-12      7.000          1      10605    1511.07 3.9495e+00  49652.461    441.839 1603154398      -0.35     -0.582   40.10566  -73.65195 0.0000e+00
      5.951    17.4324    32.2627  1023.3393     2.4966     5.3908     97.605   -0.00075    5.52311    5.51523      8.385     0.8108   10.11684   4.214756 2.5320e-11    23.3130    23.3128 1.0000e-12      6.000          1      10659    1511.10 3.9495e+00  49661.345    444.085 1603154401       0.13     -0.432   40.10566  -73.65197 0.0000e+00
      4.962    17.4095    32.2535  1023.3333     2.4957     5.3882     97.596    0.00019    5.52087    5.51297      8.384     0.9465   10.11305   4.211653 2.5320e-11    23.3113    23.3112 1.0000e-12      5.000          1      10767    1511.00 3.9495e+00  49649.833    448.581 1603154405      -0.10     -0.203   40.10566  -73.65198 0.0000e+00
      3.970    17.4196    32.2574  1023.3294     2.4961     5.3828     97.586   -0.00002    5.51598    5.50805      8.384     0.8667   10.10470   4.213026 6.2326e+04    23.3119    23.3118 1.0000e-12      4.000          1      10840    1511.02 1.4555e+00  49653.961    451.642 1603154408      -0.00     -0.357   40.10566  -73.65198 0.0000e+00
      2.973    17.4515    32.2739  1023.3301     2.4993     5.3962     97.821    0.00129    5.51640    5.50847      8.386     0.8375   10.10541   4.218090 7.3599e+04    23.3169    23.3168 1.0000e-12      3.000          1      10946    1511.12 1.0410e+00  49673.899    456.027 1603154413      -0.02     -0.310   40.10566  -73.65200 0.0000e+00
