CalculateIndicators/WaterTemperature/Data/CTD_NYOS/20200209_C09.cnv
* Sea-Bird SBE 9 Data File:
* FileName = C:\Seabird 9 CTD\Data\2020\202002_offshore\20200209_C09.hex
* Software Version Seasave V 7.23.2
* Temperature SN = 4590
* Conductivity SN = 3228
* Number of Bytes Per Scan = 44
* Number of Voltage Words = 5
* Number of Scans Averaged by the Deck Unit = 1
* NMEA Latitude = 38 47.13 N
* NMEA Longitude = 072 49.02 W
* NMEA UTC (Time) = Feb 09 2020  16:16:17
* NMEA baud rate = 4800
** Ship: rv seawolf
** Station: 6.6
** Operator: eih
# nquan = 35
# nvalues = 601                         
# units = specified
# name 0 = depSM: Depth [salt water, m]
# name 1 = t090C: Temperature [ITS-90, deg C]
# name 2 = sal00: Salinity, Practical [PSU]
# name 3 = density00: Density [density, kg/m^3]
# name 4 = sbeox0V: Oxygen raw, SBE 43 [V]
# name 5 = sbeox0ML/L: Oxygen, SBE 43 [ml/l]
# name 6 = sbeox0PS: Oxygen, SBE 43 [% saturation]
# name 7 = sbox0dV/dT: Oxygen, SBE 43 [dov/dt]
# name 8 = oxsolML/L: Oxygen Saturation, Garcia & Gordon [ml/l]
# name 9 = oxsatML/L: Oxygen Saturation, Weiss [ml/l]
# name 10 = ph: pH
# name 11 = flECO-AFL: Fluorescence, WET Labs ECO-AFL/FL [mg/m^3]
# name 12 = n2satML/L: Nitrogen Saturation [ml/l]
# name 13 = c0S/m: Conductivity [S/m]
# name 14 = cpar: CPAR/Corrected Irradiance [%]
# name 15 = sigma-é00: Density [sigma-theta, kg/m^3]
# name 16 = sigma-t00: Density [sigma-t, kg/m^3 ]
# name 17 = par: PAR/Irradiance, Biospherical/Licor
# name 18 = prDM: Pressure, Digiquartz [db]
# name 19 = pumps: Pump Status
# name 20 = scan: Scan Count
# name 21 = svCM: Sound Velocity [Chen-Millero, m/s]
# name 22 = spar: SPAR, Biospherical/Licor
# name 23 = specc: Specific Conductance [uS/cm]
# name 24 = timeS: Time, Elapsed [seconds]
# name 25 = timeY: Time, System [seconds]
# name 26 = accM: Acceleration [m/s^2]
# name 27 = dz/dtM: Descent Rate [m/s]
# name 28 = latitude: Latitude [deg]
# name 29 = longitude: Longitude [deg]
# name 30 = gsw_saA0: Absolute Salinity [g/kg]
# name 31 = gsw_densityA0: density, TEOS-10 [density, kg/m^3]
# name 32 = gsw_sigma0A0: density, TEOS-10 [sigma-0, kg/m^3 ]
# name 33 = gsw_ptA0: potential temperature [ITS-90, deg C]
# name 34 = flag: flag
# span 0 =      1.000,    301.000       
# span 1 =     9.2333,    14.8509       
# span 2 =    34.2748,    35.7553       
# span 3 =  1026.2056,  1028.6247       
# span 4 =     1.4578,     2.4808       
# span 5 =     3.0655,     6.1036       
# span 6 =     49.454,     98.407       
# span 7 =   -0.01981,    0.01470       
# span 8 =    5.68308,    6.41254       
# span 9 =    5.67873,    6.41763       
# span 10 =      8.076,      8.307      
# span 11 =    -0.0607,     0.3998      
# span 12 =   10.34496,   11.55731      
# span 13 =   3.771277,   4.365002      
# span 14 = -1.799e-07, 2.7465e+01      
# span 15 =    26.2011,    27.2571      
# span 16 =    26.2010,    27.2516      
# span 17 = -3.663e-06, 5.6345e+02      
# span 18 =      1.007,    303.505      
# span 19 =          1,          1      
# span 20 =        381,      50947      
# span 21 =    1492.32,    1509.19      
# span 22 = 1.6786e+03, 2.0756e+03      
# span 23 =  53202.975,  55078.864      
# span 24 =     15.851,   2122.741      
# span 25 = 1581264996, 1581267103      
# span 26 =      -0.61,       0.58      
# span 27 =     -0.999,      1.118      
# span 28 =   38.78209,   38.78562      
# span 29 =  -72.81746,  -72.81712      
# span 30 =    34.4357,    35.9246      
# span 31 =  1026.2093,  1028.6283      
# span 32 =    26.2048,    27.2608      
# span 33 =     9.1995,    14.8320      
# span 34 = 0.0000e+00, 0.0000e+00      
# interval = meters: 1                  
# start_time = Feb 09 2020 16:16:21 [System UTC, first data scan.]
# bad_flag = -9.990e-29
*END*
[from data line 374]
    227.000    11.2736    35.4266  1028.0846     1.4777     3.0722     50.203    0.00036    6.11951    6.12054      8.102    -0.0416   11.07060   3.983575 4.8697e-14    27.0629    27.0576 1.0000e-12    228.853          1      25466    1498.62 2.0534e+03  54904.256   1061.038 1581266042       0.01     -0.284   38.78394  -72.81738    35.5966  1028.0899    27.0683    11.2447 0.0000e+00
    226.000    11.3062    35.4313  1028.0776     1.4788     3.0703     50.267    0.00055    6.10794    6.10882      8.102    -0.0400   11.05136   3.987719 4.8663e-14    27.0606    27.0552 1.0000e-12    227.843          1      25526    1498.72 2.0550e+03  54904.197   1063.546 1581266044      -0.12     -0.425   38.78394  -72.81738    35.6070  1028.0872    27.0703    11.2774 0.0000e+00
    225.000    11.3938    35.4413  1028.0642     1.4799     3.0689     50.308    0.00056    6.10035    6.10112 -9.990e-29    -0.0408   11.03874   3.996945 4.9001e-14    27.0521    27.0467 1.0000e-12    226.838          1      25570    1499.02 2.0408e+03  54901.748   1065.363 1581266046       0.03     -0.550   38.78394  -72.81738    35.6149  1028.0722    27.0602    11.3650 0.0000e+00
    224.000    11.4698    35.4458  1028.0487     1.4806     3.0666     50.304    0.00030    6.09603    6.09675      8.103    -0.0475   11.03151   4.005025 4.9192e-14    27.0415    27.0361 1.0000e-12    225.829          1      25622    1499.27 2.0328e+03  54893.876   1067.553 1581266048       0.00     -0.457   38.78394  -72.81738    35.6225  1028.0591    27.0520    11.4410 0.0000e+00
    223.000    11.4997    35.4583  1028.0481     1.4817     3.0708     50.367    0.00038    6.09673    6.09747      8.105    -0.0437   11.03269   4.008752 4.8768e-14    27.0456    27.0402 1.0000e-12    224.820          1      25693    1499.37 2.0506e+03  54905.143   1070.509 1581266051       0.06     -0.318   38.78394  -72.81738    35.6313  1028.0556    27.0531    11.4709 0.0000e+00
    222.000    11.5130    35.4571  1028.0402     1.4841     3.0655     50.524    0.00094    6.06748    6.06783      8.106    -0.0397   10.98408   4.009772 4.8781e-14    27.0421    27.0367 1.0000e-12    223.808          1      25776    1499.40 2.0500e+03  54900.376   1073.954 1581266054      -0.09     -0.311   38.78392  -72.81738    35.6290  1028.0468    27.0488    11.4844 0.0000e+00
    221.000    11.6340    35.4683  1028.0211     1.4878     3.0796     50.827    0.00192    6.05908    6.05932      8.106    -0.0453   10.97005   4.023948 4.9177e-14    27.0281    27.0227 1.0000e-12    222.801          1      25820    1499.81 2.0335e+03  54894.439   1075.773 1581266056      -0.13     -0.540   38.78392  -72.81738    35.6536  1028.0381    27.0452    11.6053 0.0000e+00
    220.000    11.7477    35.4840  1028.0068     1.4908     3.0897     50.917    0.00140    6.06819    6.06855      8.109    -0.0451   10.98518   4.035774 4.8956e-14    27.0189    27.0134 1.0000e-12    221.796          1      25872    1500.20 2.0427e+03  54895.623   1077.971 1581266059       0.10     -0.439   38.78392  -72.81738    35.6618  1028.0180    27.0301    11.7190 0.0000e+00
    219.000    11.6820    35.4813  1028.0129     1.4927     3.0792     50.830    0.00009    6.05793    6.05816      8.110    -0.0432   10.96813   4.028208 4.8699e-14    27.0292    27.0238 1.0000e-12    220.779          1      25996    1499.96 2.0534e+03  54902.699   1083.130 1581266064      -0.12     -0.087   38.78391  -72.81738    35.6506  1028.0175    27.0338    11.6535 0.0000e+00
    218.000    11.7761    35.4895  1027.9966     1.4952     3.0901     51.081    0.00118    6.04950    6.04963      8.114    -0.0492   10.95408   4.038800 4.8992e-14    27.0177    27.0123 1.0000e-12    219.777          1      26032    1500.27 2.0412e+03  54896.802   1084.604 1581266065      -0.29     -0.601   38.78390  -72.81738    35.6654  1028.0062    27.0275    11.7476 0.0000e+00
    217.000    11.8267    35.4968  1027.9878     1.4972     3.0957     51.165    0.00106    6.05037    6.05051      8.114    -0.0416   10.95553   4.044351 4.9138e-14    27.0137    27.0083 1.0000e-12    218.771          1      26075    1500.44 2.0351e+03  54897.822   1086.407 1581266067       0.12     -0.583   38.78390  -72.81738    35.6720  1027.9971    27.0230    11.7982 0.0000e+00
    216.000    11.8618    35.5031  1027.9814     1.4997     3.0972     51.220    0.00061    6.04688    6.04697      8.114    -0.0529   10.94973   4.048001 4.9600e-14    27.0119    27.0065 1.0000e-12    217.752          1      26191    1500.55 2.0166e+03  54899.900   1091.270 1581266072      -0.21     -0.079   38.78390  -72.81738    35.6748  1027.9879    27.0185    11.8334 0.0000e+00
    215.000    11.8634    35.5032  1027.9767     1.5006     3.0948     51.247    0.00055    6.03900    6.03899      8.114    -0.0479   10.93666   4.048069 5.0403e-14    27.0117    27.0063 1.0000e-12    216.753          1      26229    1500.54 1.9842e+03  54899.157   1092.814 1581266073      -0.12     -0.624   38.78389  -72.81738    35.6743  1027.9827    27.0178    11.8352 0.0000e+00
    214.000    11.9306    35.5069  1027.9619     1.5022     3.0961     51.339    0.00074    6.03073    6.03061      8.115    -0.0429   10.92284   4.055200 4.9157e-14    27.0017    26.9963 1.0000e-12    215.741          1      26289    1500.76 2.0342e+03  54892.158   1095.332 1581266076       0.11     -0.382   38.78388  -72.81738    35.6807  1027.9700    27.0099    11.9023 0.0000e+00
    213.000    12.0044    35.5186  1027.9521     1.5054     3.0960     51.524    0.00112    6.00891    6.00851      8.118    -0.0507   10.88656   4.063805 4.8680e-14    26.9967    26.9913 1.0000e-12    214.733          1      26358    1501.01 2.0543e+03  54895.542   1098.188 1581266079      -0.00     -0.370   38.78388  -72.81738    35.6950  1027.9621    27.0068    11.9762 0.0000e+00
    212.000    12.1849    35.5377  1027.9268     1.5107     3.1106     51.854    0.00174    5.99881    5.99828      8.118    -0.0445   10.86978   4.083535 4.8889e-14    26.9767    26.9712 1.0000e-12    213.722          1      26435    1501.63 2.0455e+03  54891.249   1101.407 1581266082      -0.01     -0.293   38.78388  -72.81738    35.7163  1027.9386    26.9885    12.1565 0.0000e+00
    211.000    12.2117    35.5388  1027.9178     1.5156     3.1180     52.136    0.00222    5.98043    5.97967      8.117    -0.0513   10.83912   4.086072 4.9019e-14    26.9723    26.9668 1.0000e-12    212.716          1      26490    1501.70 2.0400e+03  54887.691   1103.729 1581266084      -0.07     -0.468   38.78388  -72.81738    35.7160  1027.9285    26.9830    12.1835 0.0000e+00
    210.000    12.3661    35.5627  1027.9012     1.5209     3.1317     52.364    0.00191    5.98057    5.97981      8.119    -0.0497   10.83932   4.103734 4.8859e-14    26.9608    26.9553 1.0000e-12    211.708          1      26555    1502.24 2.0467e+03  54895.241   1106.414 1581266087       0.07     -0.353   38.78386  -72.81738    35.7415  1027.9130    26.9727    12.3377 0.0000e+00
    209.000    12.4044    35.5689  1027.8938     1.5252     3.1348     52.438    0.00085    5.97817    5.97739      8.123    -0.0412   10.83539   4.107638 4.8721e-14    26.9581    26.9525 1.0000e-12    210.695          1      26643    1502.36 2.0525e+03  54896.862   1110.071 1581266091      -0.07     -0.272   38.78386  -72.81738    35.7434  1027.9023    26.9667    12.3762 0.0000e+00
    208.000    12.4026    35.5690  1027.8898     1.5268     3.1351     52.515    0.00088    5.96988    5.96900      8.124    -0.0427   10.82152   4.107422 4.8961e-14    26.9585    26.9530 1.0000e-12    209.691          1      26690    1502.33 2.0425e+03  54896.731   1112.027 1581266093      -0.08     -0.519   38.78386  -72.81738    35.7435  1027.8983    26.9671    12.3745 0.0000e+00
    207.000    12.4665    35.5765  1027.8783     1.5318     3.1493     52.839    0.00161    5.96020    5.95919      8.126    -0.0360   10.80541   4.114678 4.8849e-14    26.9518    26.9463 1.0000e-12    208.679          1      26775    1502.54 2.0471e+03  54896.532   1115.571 1581266096       0.01     -0.235   38.78386  -72.81738    35.7537  1027.8889    26.9624    12.4383 0.0000e+00
    206.000    12.5631    35.5908  1027.8654     1.5363     3.1525     53.027    0.00144    5.94504    5.94384      8.126    -0.0419   10.78023   4.125277 4.8721e-14    26.9438    26.9383 1.0000e-12    207.673          1      26839    1502.87 2.0525e+03  54900.322   1118.266 1581266099      -0.20     -0.516   38.78384  -72.81738    35.7652  1027.8738    26.9522    12.5350 0.0000e+00
    205.000    12.6242    35.5937  1027.8508     1.5396     3.1626     53.219    0.00171    5.94270    5.94148 -9.990e-29    -0.0416   10.77624   4.131940 4.8901e-14    26.9338    26.9283 1.0000e-12    206.666          1      26885    1503.06 2.0450e+03  54893.688   1120.163 1581266101       0.07     -0.539   38.78384  -72.81738    35.7720  1027.8623    26.9454    12.5962 0.0000e+00
    204.000    12.6915    35.6097  1027.8451     1.5442     3.1677     53.319    0.00071    5.94099    5.93975      8.132    -0.0396   10.77340   4.139613 4.8844e-14    26.9330    26.9274 1.0000e-12    205.654          1      26982    1503.29 2.0474e+03  54904.935   1124.219 1581266105      -0.02     -0.199   38.78384  -72.81738    35.7829  1027.8525    26.9404    12.6635 0.0000e+00
    203.000    12.6819    35.6079  1027.8412     1.5460     3.1682     53.405    0.00080    5.93246    5.93111      8.134    -0.0444   10.75917   4.138496 4.8776e-14    26.9335    26.9279 1.0000e-12    204.643          1      27052    1503.24 2.0502e+03  54903.320   1127.111 1581266108      -0.13     -0.428   38.78384  -72.81738    35.7816  1027.8490    26.9414    12.6540 0.0000e+00
    202.000    12.7421    35.6159  1027.8306     1.5485     3.1789     53.587    0.00125    5.93223    5.93089      8.134    -0.0447   10.75879   4.145225 5.0558e-14    26.9276    26.9221 1.0000e-12    203.641          1      27097    1503.43 1.9784e+03  54904.383   1129.017 1581266110       0.09     -0.479   38.78384  -72.81738    35.7899  1027.8387    26.9358    12.7143 0.0000e+00
    201.000    12.7786    35.6222  1027.8236     1.5530     3.1858     53.721    0.00062    5.93029    5.92892 -9.990e-29    -0.0406   10.75555   4.149188 4.8202e-14    26.9252    26.9197 1.0000e-12    202.624          1      27214    1503.54 2.0734e+03  54906.856   1133.893 1581266114      -0.11     -0.071   38.78382  -72.81738    35.7941  1027.8300    26.9317    12.7508 0.0000e+00
    200.000    12.7730    35.6221  1027.8202     1.5539     3.1869     53.767    0.00066    5.92719    5.92578 -9.990e-29    -0.0386   10.75039   4.148519 4.8782e-14    26.9262    26.9207 1.0000e-12    201.623          1      27256    1503.51 2.0500e+03  54907.056   1135.641 1581266116      -0.18     -0.556   38.78382  -72.81738    35.7933  1027.8261    26.9321    12.7455 0.0000e+00
    199.000    12.8051    35.6264  1027.8125     1.5550     3.1872     53.782    0.00037    5.92617    5.92475      8.139    -0.0316   10.74869   4.152148 4.8993e-14    26.9231    26.9176 1.0000e-12    200.613          1      27322    1503.60 2.0411e+03  54907.349   1138.359 1581266119       0.09     -0.365   38.78382  -72.81738    35.7983  1027.8190    26.9297    12.7776 0.0000e+00
    198.000    12.8212    35.6278  1027.8058     1.5559     3.1878     53.800    0.00020    5.92527    5.92384      8.139    -0.0342   10.74721   4.153675 4.8590e-14    26.9210    26.9155 1.0000e-12    199.600          1      27418    1503.64 2.0580e+03  54906.225   1142.357 1581266123      -0.16     -0.262   38.78380  -72.81738    35.7982  1027.8111    26.9263    12.7938 0.0000e+00
    197.000    12.8219    35.6274  1027.8008     1.5567     3.1892     53.843    0.00031    5.92306    5.92160      8.140    -0.0319   10.74350   4.153694 4.8932e-14    26.9205    26.9150 1.0000e-12    198.595          1      27477    1503.63 2.0437e+03  54904.932   1144.826 1581266125       0.07     -0.362   38.78380  -72.81738    35.7981  1027.8064    26.9261    12.7947 0.0000e+00
    196.000    12.8473    35.6305  1027.7936     1.5586     3.1981     54.000    0.00087    5.92246    5.92099      8.142    -0.0351   10.74248   4.156527 4.8968e-14    26.9178    26.9123 1.0000e-12    197.587          1      27543    1503.70 2.0422e+03  54904.785   1147.601 1581266128      -0.16     -0.398   38.78380  -72.81738    35.8018  1027.7996    26.9238    12.8201 0.0000e+00
    195.000    12.8479    35.6334  1027.7912     1.5598     3.1956     53.983    0.00031    5.91976    5.91826      8.143    -0.0334   10.73800   4.156787 4.8611e-14    26.9199    26.9145 1.0000e-12    196.577          1      27619    1503.69 2.0571e+03  54908.147   1150.741 1581266131       0.07     -0.287   38.78379  -72.81738    35.8042  1027.7968    26.9255    12.8209 0.0000e+00
    194.000    12.8687    35.6345  1027.7833     1.5613     3.2008     54.082    0.00054    5.91835    5.91683      8.143    -0.0433   10.73565   4.158894 4.8971e-14    26.9165    26.9111 1.0000e-12    195.569          1      27693    1503.74 2.0421e+03  54905.828   1153.819 1581266134       0.03     -0.339   38.78378  -72.81737    35.8052  1027.7888    26.9221    12.8418 0.0000e+00
    193.000    12.8801    35.6360  1027.7777     1.5629     3.2014     54.138    0.00047    5.91341    5.91183      8.143    -0.0380   10.72744   4.160083 4.8865e-14    26.9154    26.9101 1.0000e-12    194.561          1      27761    1503.76 2.0465e+03  54905.626   1156.663 1581266137      -0.02     -0.383   38.78378  -72.81736    35.8063  1027.7829    26.9207    12.8533 0.0000e+00
    192.000    12.9137    35.6392  1027.7688     1.5658     3.2088     54.359    0.00120    5.90299    5.90128      8.143    -0.0371   10.71008   4.163990 4.8625e-14    26.9111    26.9057 1.0000e-12    193.550          1      27832    1503.86 2.0566e+03  54904.333   1159.633 1581266140      -0.02     -0.327   38.78378  -72.81736    35.8125  1027.7763    26.9187    12.8870 0.0000e+00
    191.000    12.9960    35.6492  1027.7552     1.5713     3.2255     54.676    0.00165    5.89924    5.89749      8.145    -0.0355   10.70385   4.173109 4.9296e-14    26.9023    26.8969 1.0000e-12    192.544          1      27904    1504.13 2.0288e+03  54905.152   1162.644 1581266143       0.05     -0.296   38.78378  -72.81737    35.8227  1027.7628    26.9099    12.9694 0.0000e+00
    190.000    13.0304    35.6534  1027.7468     1.5758     3.2276     54.835    0.00121    5.88592    5.88400      8.147    -0.0416   10.68169   4.176787 4.8669e-14    26.8985    26.8931 1.0000e-12    191.534          1      27988    1504.24 2.0547e+03  54905.070   1166.127 1581266147      -0.15     -0.349   38.78377  -72.81738    35.8259  1027.7537    26.9054    13.0039 0.0000e+00
    189.000    13.1053    35.6606  1027.7324     1.5821     3.2480     55.306    0.00271    5.87283    5.87075      8.147    -0.0368   10.65994   4.185362 4.8837e-14    26.8889    26.8835 1.0000e-12    190.528          1      28043    1504.47 2.0476e+03  54903.345   1168.413 1581266149       0.05     -0.427   38.78376  -72.81736    35.8378  1027.7429    26.8994    13.0788 0.0000e+00
    188.000    13.2621    35.6745  1027.7063     1.5946     3.2839     56.015    0.00354    5.86249    5.86029      8.151    -0.0387   10.64268   4.202199 4.8908e-14    26.8678    26.8623 1.0000e-12    189.517          1      28128    1504.99 2.0447e+03  54898.992   1171.952 1581266153       0.04     -0.254   38.78376  -72.81738    35.8513  1027.7164    26.8780    13.2355 0.0000e+00
