CalculateIndicators/WaterTemperature/Data/CTD_NYOS/20201029_C37.cnv
* Sea-Bird SBE 9 Data File:
* FileName = C:\Seabird 9 CTD\Data\2020\202010_offshore\20201029_C37.hex
* Software Version Seasave V 7.23.2
* Temperature SN = 4590
* Conductivity SN = 3228
* Number of Bytes Per Scan = 44
* Number of Voltage Words = 5
* Number of Scans Averaged by the Deck Unit = 1
* NMEA Latitude = 39 47.58 N
* NMEA Longitude = 071 27.45 W
* NMEA UTC (Time) = Oct 29 2020  04:20:42
* NMEA baud rate = 4800
** Ship: seawolf
** Station: 1.5
** Operator: EIH
# nquan = 31
# nvalues = 606                         
# units = specified
# name 0 = depSM: Depth [salt water, m]
# name 1 = t090C: Temperature [ITS-90, deg C]
# name 2 = sal00: Salinity, Practical [PSU]
# name 3 = density00: Density [density, kg/m^3]
# name 4 = sbeox0V: Oxygen raw, SBE 43 [V]
# name 5 = sbeox0ML/L: Oxygen, SBE 43 [ml/l]
# name 6 = sbeox0PS: Oxygen, SBE 43 [% saturation]
# name 7 = sbox0dV/dT: Oxygen, SBE 43 [dov/dt]
# name 8 = oxsolML/L: Oxygen Saturation, Garcia & Gordon [ml/l]
# name 9 = oxsatML/L: Oxygen Saturation, Weiss [ml/l]
# name 10 = ph: pH
# name 11 = flECO-AFL: Fluorescence, WET Labs ECO-AFL/FL [mg/m^3]
# name 12 = n2satML/L: Nitrogen Saturation [ml/l]
# name 13 = c0S/m: Conductivity [S/m]
# name 14 = cpar: CPAR/Corrected Irradiance [%]
# name 15 = sigma-é00: Density [sigma-theta, kg/m^3]
# name 16 = sigma-t00: Density [sigma-t, kg/m^3 ]
# name 17 = par: PAR/Irradiance, Biospherical/Licor
# name 18 = prDM: Pressure, Digiquartz [db]
# name 19 = pumps: Pump Status
# name 20 = scan: Scan Count
# name 21 = svCM: Sound Velocity [Chen-Millero, m/s]
# name 22 = spar: SPAR, Biospherical/Licor
# name 23 = specc: Specific Conductance [uS/cm]
# name 24 = timeS: Time, Elapsed [seconds]
# name 25 = timeY: Time, System [seconds]
# name 26 = accM: Acceleration [m/s^2]
# name 27 = dz/dtM: Descent Rate [m/s]
# name 28 = latitude: Latitude [deg]
# name 29 = longitude: Longitude [deg]
# name 30 = flag: flag
# span 0 =      0.986,    301.499       
# span 1 =     9.8969,    19.4576       
# span 2 =    34.1139,    35.7366       
# span 3 =  1024.5339,  1028.5676       
# span 4 =     1.4087,     2.4466       
# span 5 =     2.9329,     5.0624       
# span 6 =     46.969,     95.208       
# span 7 =   -0.01844,    0.01345       
# span 8 =    5.24420,    6.31166       
# span 9 =    5.23489,    6.31531       
# span 10 =      8.313,      8.562      
# span 11 =    -0.0808,     0.3555      
# span 12 =    9.62905,   11.38981      
# span 13 =   3.841375,   4.696251      
# span 14 = -2.201e+04, 1.1148e+05      
# span 15 =    24.5295,    27.2022      
# span 16 =    24.5288,    27.1962      
# span 17 = 1.0000e-12, 1.6879e-01      
# span 18 =      1.000,    304.000      
# span 19 =          1,          1      
# span 20 =        -26,      39949      
# span 21 =    1494.82,    1520.35      
# span 22 = -2.696e-01, 4.6152e+00      
# span 23 =  52331.182,  55032.755      
# span 24 =     -1.113,   1664.503      
# span 25 = 1603945242, 1603946908      
# span 26 =      -1.14,       1.06      
# span 27 =     -1.410,      1.210      
# span 28 =   39.78868,   39.79308      
# span 29 =  -71.45766,  -71.45736      
# span 30 = 0.0000e+00, 0.0000e+00      
# interval = decibars: 1                
# start_time = Oct 29 2020 04:20:43 [System UTC, first data scan.]
# bad_flag = -9.990e-29
*END*
[from data line 94]
     95.248    13.6839    34.7580  1026.4938     1.9088     4.1043     70.080   -0.00330    5.85659    5.85371      8.463    -0.0451   10.64253   4.141607 2.9819e-11    26.0688    26.0660 1.0000e-12     96.000          1       4828    1503.75 -9.990e-29  53524.553    201.143 1603945444       0.22      0.712   39.79242  -71.45746 0.0000e+00
     96.234    13.6634    34.7855  1026.5238     1.8973     4.0622     69.331   -0.00598    5.85919    5.85639      8.450    -0.0366   10.64611   4.142335 3.0072e-11    26.0944    26.0915 1.0000e-12     97.000          1       4875    1503.73 2.5652e+00  53565.728    203.094 1603945446      -0.23      0.525   39.79241  -71.45746 0.0000e+00
     97.230    13.6180    34.8452  1026.5838     1.8820     4.0047     68.352   -0.00910    5.85885    5.85606      8.499    -0.0298   10.64542   4.144439 3.4094e-11    26.1499    26.1470 1.0000e-12     98.000          1       4916    1503.67 3.2505e+00  53654.622    204.786 1603945448       0.39      0.562   39.79240  -71.45746 0.0000e+00
     98.222    13.6025    34.8799  1026.6184     1.8715     3.9860     68.042   -0.00640    5.85817    5.85539      8.494    -0.0335   10.64390   4.146530 2.8490e-11    26.1800    26.1771 1.0000e-12     99.000          1       4959    1503.68 3.7023e+00  53705.061    206.579 1603945450      -0.17      0.581   39.79240  -71.45746 0.0000e+00
     99.213    13.5981    34.9122  1026.6487     1.8622     3.9686     67.765   -0.00400    5.85634    5.85356      8.487    -0.0348   10.64042   4.149675 3.0799e-11    26.2059    26.2030 1.0000e-12    100.000          1       5014    1503.72 3.5222e+00  53750.722    208.857 1603945452       0.07      0.456   39.79239  -71.45746 0.0000e+00
    100.196    13.5939    34.9533  1026.6858     1.8517     3.9355     67.262   -0.00402    5.85104    5.84827      8.459    -0.0467   10.63059   4.153791 3.9142e+04    26.2387    26.2357 1.0000e-12    101.000          1       5075    1503.77 1.9545e+00  53808.455    211.411 1603945455      -0.06      0.354   39.79238  -71.45746 0.0000e+00
    101.194    13.6058    34.9973  1026.7217     1.8436     3.9042     66.724   -0.00586    5.85126    5.84848      8.449    -0.0283   10.63096   4.160001 1.0067e+05    26.2702    26.2672 1.0000e-12    102.000          1       5105    1503.87 -2.188e-02  53867.895    212.683 1603945456       0.49      0.642   39.79238  -71.45746 0.0000e+00
    102.194    13.6114    35.0461  1026.7628     1.8378     3.8890     66.523   -0.00476    5.84609    5.84328      8.486    -0.0324   10.62210   4.165499 7.8022e+04    26.3069    26.3039 1.0000e-12    103.000          1       5142    1503.97 7.0556e-01  53935.064    214.197 1603945457      -0.06      0.704   39.79237  -71.45746 0.0000e+00
    103.169    13.6121    35.0700  1026.7855     1.8326     3.8906     66.596   -0.00051    5.84208    5.83927      8.489    -0.0529   10.61444   4.168041 -6.585e+03    26.3253    26.3222 1.0000e-12    104.000          1       5214    1504.01 3.9641e+00  53968.384    217.203 1603945460       0.36      0.223   39.79236  -71.45746 0.0000e+00
    104.169    13.6311    35.0958  1026.8060     1.8262     3.8594     66.056   -0.00353    5.84263    5.83982      8.490    -0.0378   10.61543   4.174920 3.4107e-11    26.3414    26.3383 1.0000e-12    105.000          1       5239    1504.12 3.2642e+00  54002.331    218.262 1603945461       0.33      0.738   39.79236  -71.45746 0.0000e+00
    105.173    13.6852    35.1664  1026.8537     1.8181     3.8228     65.442   -0.00647    5.84157    5.83876      8.468    -0.0358   10.61355   4.185139 3.1199e-11    26.3847    26.3816 1.0000e-12    106.000          1       5272    1504.40 3.4910e+00  54092.121    219.611 1603945463       0.04      0.850   39.79235  -71.45746 0.0000e+00
    106.143    13.6503    35.1954  1026.8878     1.8043     3.7871     64.955   -0.00404    5.83035    5.82747      8.501    -0.0279   10.59386   4.186088 3.2637e-11    26.4145    26.4113 1.0000e-12    107.000          1       5358    1504.34 3.3788e+00  54137.072    223.227 1603945466       1.06      0.367   39.79234  -71.45744 0.0000e+00
    107.163    13.7207    35.2570  1026.9252     1.7980     3.7547     64.391   -0.00747    5.83113    5.82827      8.497    -0.0467   10.59512   4.199754 2.9509e-11    26.4475    26.4443 1.0000e-12    108.000          1       5373    1504.66 3.6228e+00  54213.534    223.843 1603945467       0.68      1.091   39.79234  -71.45744 0.0000e+00
    108.139    13.7139    35.2882  1026.9552     1.7809     3.7031     63.495   -0.00833    5.83222    5.82939      8.490    -0.0420   10.59664   4.201560 3.4150e-11    26.4731    26.4699 1.0000e-12    109.000          1       5425    1504.69 3.2608e+00  54257.703    226.014 1603945469      -0.18      0.540   39.79233  -71.45745 0.0000e+00
    109.130    13.6993    35.3152  1026.9836     1.7573     3.6321     62.254   -0.00956    5.83433    5.83153      8.481    -0.0494   10.60008   4.202976 3.1550e-11    26.4971    26.4939 1.0000e-12    110.000          1       5487    1504.69 3.4636e+00  54297.362    228.572 1603945472      -0.01      0.452   39.79232  -71.45744 0.0000e+00
    110.111    13.6832    35.3218  1026.9964     1.7428     3.6003     61.705   -0.00729    5.83473    5.83193      8.478    -0.0341   10.60073   4.202019 4.0239e-11    26.5056    26.5023 1.0000e-12    111.000          1       5533    1504.66 2.7859e+00  54309.250    230.497 1603945474       0.42      0.428   39.79232  -71.45744 0.0000e+00
    111.128    13.6744    35.3221  1027.0031     1.7380     3.5924     61.568   -0.00591    5.83494    5.83214      8.479    -0.0354   10.60108   4.201207 3.2825e-11    26.5077    26.5044 1.0000e-12    112.000          1       5557    1504.65 3.3642e+00  54311.345    231.494 1603945475       0.20      0.893   39.79232  -71.45744 0.0000e+00
    112.089    13.6655    35.3226  1027.0096     1.7284     3.5824     61.401   -0.00203    5.83449    5.83170      8.459    -0.0432   10.60018   4.200409 3.6482e-11    26.5099    26.5066 1.0000e-12    113.000          1       5649    1504.63 3.0790e+00  54313.742    235.335 1603945478       0.90      0.246   39.79230  -71.45744 0.0000e+00
    113.108    13.6603    35.3272  1027.0188     1.7272     3.5750     61.281   -0.00281    5.83380    5.83100      8.431    -0.0272   10.59901   4.200590 2.8769e-11    26.5146    26.5112 1.0000e-12    114.000          1       5663    1504.64 3.6805e+00  54321.380    235.925 1603945479       0.78      0.978   39.79230  -71.45744 0.0000e+00
    114.094    13.6703    35.3360  1027.0280     1.7256     3.5775     61.332   -0.00120    5.83294    5.83013      8.435    -0.0401   10.59754   4.202510 3.3120e-11    26.5194    26.5160 1.0000e-12    115.000          1       5709    1504.70 3.3411e+00  54332.741    237.828 1603945481      -0.06      0.648   39.79229  -71.45744 0.0000e+00
    115.079    13.6759    35.3402  1027.0345     1.7249     3.5795     61.381   -0.00021    5.83156    5.82874      8.511    -0.0388   10.59519   4.203584 2.9586e-11    26.5215    26.5180 1.0000e-12    116.000          1       5771    1504.74 3.6168e+00  54338.294    240.421 1603945484       0.33      0.424   39.79228  -71.45744 0.0000e+00
    116.077    13.6858    35.3471  1027.0422     1.7247     3.5792     61.379   -0.00015    5.83127    5.82845      8.511    -0.0372   10.59469   4.205365 3.3044e-11    26.5248    26.5213 1.0000e-12    117.000          1       5805    1504.80 3.3470e+00  54346.999    241.845 1603945485       0.04      0.685   39.79228  -71.45744 0.0000e+00
    117.060    13.6911    35.3501  1027.0478     1.7245     3.5788     61.382   -0.00013    5.83039    5.82756      8.483    -0.0483   10.59319   4.206213 3.5238e-11    26.5261    26.5225 1.0000e-12    118.000          1       5859    1504.84 3.1759e+00  54351.028    244.092 1603945487      -0.14      0.410   39.79227  -71.45742 0.0000e+00
    118.058    13.6949    35.3528  1027.0535     1.7235     3.5735     61.292   -0.00068    5.83023    5.82740 -9.990e-29    -0.0394   10.59292   4.206964 2.8390e-11    26.5274    26.5238 1.0000e-12    119.000          1       5896    1504.87 3.7100e+00  54354.807    245.639 1603945489       0.36      0.609   39.79226  -71.45742 0.0000e+00
    119.047    13.6992    35.3552  1027.0589     1.7237     3.5777     61.369    0.00007    5.82991    5.82707      8.483    -0.0425   10.59237   4.207641 3.4734e-11    26.5284    26.5248 1.0000e-12    120.000          1       5950    1504.90 3.2153e+00  54358.124    247.862 1603945491      -0.05      0.447   39.79226  -71.45742 0.0000e+00
    120.041    13.7008    35.3566  1027.0641 -9.990e-29     3.5768     61.355   -0.00025    5.82976    5.82692      8.485    -0.0368   10.59211   4.207998 2.5246e-11    26.5291    26.5255 1.0000e-12    121.000          1       5998    1504.92 3.9552e+00  54360.358    249.892 1603945493       0.59      0.539   39.79226  -71.45742 0.0000e+00
    121.034    13.7027    35.3579  1027.0692     1.7237     3.5786     61.381 2.1040e-07    5.83018    5.82735      8.479    -0.0457   10.59280   4.208337 4.3140e+04    26.5298    26.5262 1.0000e-12    122.000          1       6040    1504.95 1.9333e+00  54362.463    251.628 1603945495      -0.17      0.593   39.79225  -71.45742 0.0000e+00
    122.022    13.7013    35.3586  1027.0745     1.7245     3.5835     61.461    0.00045    5.83062    5.82780      8.472    -0.0340   10.59345   4.208294 1.6358e+04    26.5307    26.5270 1.0000e-12    123.000          1       6094    1504.96 2.4403e+00  54364.233    253.876 1603945497       0.29      0.426   39.79224  -71.45742 0.0000e+00
    123.017    13.6959    35.3606  1027.0816     1.7256     3.5792     61.522    0.00054    5.81768    5.81474      8.468    -0.0288   10.57141   4.208012 4.0149e+02    26.5333    26.5296 1.0000e-12    124.000          1       6136    1504.96 3.3272e+00  54368.217    255.623 1603945499      -0.09      0.579   39.79224  -71.45742 0.0000e+00
    124.003    13.6946    35.3749  1027.0974     1.7298     3.5939     61.885    0.00268    5.80742    5.80437      8.470    -0.0328   10.55409   4.209662 3.5890e-11    26.5448    26.5411 1.0000e-12    125.000          1       6182    1504.99 3.1251e+00  54388.736    257.554 1603945501       0.14      0.487   39.79224  -71.45742 0.0000e+00
    125.004    13.8224    35.4390  1027.1243     1.7286     3.5782     61.615   -0.00024    5.80731    5.80426      8.466    -0.0475   10.55389   4.230093 2.7817e-11    26.5676    26.5638 1.0000e-12    126.000          1       6217    1505.50 3.7548e+00  54460.058    258.999 1603945502       0.00      0.682   39.79223  -71.45742 0.0000e+00
    125.987    13.8665    35.4543  1027.1313     1.7347     3.5653     62.121    0.00318    5.73944    5.73570      8.472    -0.0578   10.43937   4.235455 3.5264e-11    26.5703    26.5665 1.0000e-12    127.000          1       6284    1505.68 3.1739e+00  54475.540    261.784 1603945505      -0.09      0.294   39.79222  -71.45742 0.0000e+00
    126.978    14.2261    35.6080  1027.1774     1.7582     3.6647     63.984    0.01310    5.72756    5.72369      8.481    -0.0462   10.41945   4.291849 2.6465e-11    26.6130    26.6090 1.0000e-12    128.000          1       6330    1507.04 3.9645e+00  54641.279    263.712 1603945507       0.29      0.537   39.79222  -71.45742 0.0000e+00
    127.979    14.4163    35.6560  1027.1778     1.7679     3.6788     64.243    0.01002    5.72648    5.72259      8.478    -0.0518   10.41760   4.313523 2.7410e-11    26.6095    26.6053 1.0000e-12    129.000          1       6358    1507.72 3.9495e+00  54682.680    264.865 1603945508       0.13      0.815   39.79222  -71.45742 0.0000e+00
    128.963    14.4912    35.6806  1027.1848     1.7784     3.6898     64.355    0.00391    5.73345    5.72965      8.459    -0.0615   10.42910   4.322664 2.9930e-11    26.6123    26.6082 1.0000e-12    130.000          1       6424    1508.01 3.7074e+00  54707.574    267.645 1603945511      -0.08      0.337   39.79220  -71.45742 0.0000e+00
    129.950    14.5162    35.6925  1027.1930     1.7794     3.6841     64.142   -0.00004    5.74376    5.74009      8.459    -0.0591   10.44624   4.326004 2.6380e-11    26.6162    26.6120 1.0000e-12    131.000          1       6475    1508.12 3.8653e+00  54721.381    269.736 1603945513       0.53      0.550   39.79220  -71.45742 0.0000e+00
    130.957    14.4476    35.6869  1027.2081     1.7773     3.6697     63.888   -0.00213    5.74392    5.74025      8.454    -0.0594   10.44651   4.317523 3.2436e-11    26.6267    26.6225 1.0000e-12    132.000          1       6496    1507.91 3.3945e+00  54722.764    270.646 1603945514       0.30      0.969   39.79220  -71.45742 0.0000e+00
    131.944    14.3528    35.6796  1027.2275     1.7746     3.6703     63.822   -0.00142    5.75087    5.74728      8.454    -0.0529   10.45813   4.307604 3.4694e-11    26.6414    26.6372 1.0000e-12    133.000          1       6551    1507.61 3.2184e+00  54725.188    272.930 1603945516      -0.08      0.589   39.79219  -71.45741 0.0000e+00
    132.922    14.3341    35.6780  1027.2347     1.7710     3.6734     63.710   -0.00090    5.76581    5.76239      8.453    -0.0574   10.48303   4.305653 3.2589e-11    26.6443    26.6400 1.0000e-12    134.000          1       6622    1507.57 3.3826e+00  54725.940    275.886 1603945519       0.58      0.439   39.79218  -71.45742 0.0000e+00
    133.929    14.3262    35.6758  1027.2392     1.7693     3.6632     63.533   -0.00216    5.76573    5.76231      8.455    -0.0629   10.48290   4.304443 2.7740e-11    26.6443    26.6400 1.0000e-12    135.000          1       6641    1507.55 3.7608e+00  54724.563    276.665 1603945520       0.43      0.943   39.79218  -71.45741 0.0000e+00
    134.922    14.2055    35.6571  1027.2553     1.7662     3.6592     63.405   -0.00197    5.77109    5.76773      8.452    -0.0561   10.49181   4.289773 3.1476e-11    26.6557    26.6514 1.0000e-12    136.000          1       6680    1507.16 3.4694e+00  54714.922    278.284 1603945521      -0.15      0.786   39.79218  -71.45740 0.0000e+00
    135.895    14.0850    35.6442  1027.2757     1.7577     3.6369     62.929   -0.00303    5.77937    5.77611      8.447    -0.0710   10.50549   4.276687 2.8792e-11    26.6714    26.6671 1.0000e-12    137.000          1       6762    1506.77 3.6787e+00  54713.523    281.708 1603945525       0.55      0.218   39.79216  -71.45740 0.0000e+00
    136.906    14.0708    35.6519  1027.2892     1.7550     3.6305     62.809   -0.00289    5.78029    5.77703      8.451    -0.0492   10.50703   4.276322 3.1219e-11    26.6804    26.6761 1.0000e-12    138.000          1       6781    1506.75 3.4894e+00  54726.428    282.521 1603945526       0.42      0.842   39.79216  -71.45740 0.0000e+00
    137.895    14.0493    35.6513  1027.2978     1.7523     3.6287     62.760   -0.00180    5.78194    5.77871      8.446    -0.0604   10.50978   4.274166 3.2938e-11    26.6845    26.6802 1.0000e-12    139.000          1       6825    1506.70 3.3554e+00  54728.990    284.349 1603945527      -0.21      0.605   39.79216  -71.45740 0.0000e+00
    138.878    14.0181    35.6474  1027.3058     1.7496     3.6280     62.733   -0.00062    5.78323    5.78002      8.446    -0.0546   10.51180   4.270818 3.4512e-11    26.6881    26.6838 1.0000e-12    140.000          1       6900    1506.61 3.2326e+00  54728.337    287.456 1603945531       0.13      0.273   39.79215  -71.45740 0.0000e+00
    139.871    14.0130    35.6494  1027.3129     1.7476     3.6181     62.585   -0.00131    5.78112    5.77790      8.442    -0.0575   10.50820   4.270565 3.2132e-11    26.6907    26.6864 1.0000e-12    141.000          1       6934    1506.62 3.4182e+00  54732.201    288.878 1603945532       0.32      0.617   39.79214  -71.45740 0.0000e+00
