CalculateIndicators/WaterTemperature/Data/CTD_NYOS/20200205_C07.cnv
* Sea-Bird SBE 9 Data File:
* FileName = C:\Seabird 9 CTD\Data\2020\202002_offshore\20200205_C07.hex
* Software Version Seasave V 7.23.2
* Temperature SN = 4590
* Conductivity SN = 3228
* Number of Bytes Per Scan = 44
* Number of Voltage Words = 5
* Number of Scans Averaged by the Deck Unit = 1
* NMEA Latitude = 38 55.42 N
* NMEA Longitude = 073 13.35 W
* NMEA UTC (Time) = Feb 05 2020  15:50:53
* NMEA baud rate = 4800
** Ship: rv seawolf
** Station: 7.5
** Operator: eih
# nquan = 35
# nvalues = 137                         
# units = specified
# name 0 = depSM: Depth [salt water, m]
# name 1 = t090C: Temperature [ITS-90, deg C]
# name 2 = sal00: Salinity, Practical [PSU]
# name 3 = density00: Density [density, kg/m^3]
# name 4 = sbeox0V: Oxygen raw, SBE 43 [V]
# name 5 = sbeox0ML/L: Oxygen, SBE 43 [ml/l]
# name 6 = sbeox0PS: Oxygen, SBE 43 [% saturation]
# name 7 = sbox0dV/dT: Oxygen, SBE 43 [dov/dt]
# name 8 = oxsolML/L: Oxygen Saturation, Garcia & Gordon [ml/l]
# name 9 = oxsatML/L: Oxygen Saturation, Weiss [ml/l]
# name 10 = ph: pH
# name 11 = flECO-AFL: Fluorescence, WET Labs ECO-AFL/FL [mg/m^3]
# name 12 = n2satML/L: Nitrogen Saturation [ml/l]
# name 13 = c0S/m: Conductivity [S/m]
# name 14 = cpar: CPAR/Corrected Irradiance [%]
# name 15 = sigma-é00: Density [sigma-theta, kg/m^3]
# name 16 = sigma-t00: Density [sigma-t, kg/m^3 ]
# name 17 = par: PAR/Irradiance, Biospherical/Licor
# name 18 = prDM: Pressure, Digiquartz [db]
# name 19 = pumps: Pump Status
# name 20 = scan: Scan Count
# name 21 = svCM: Sound Velocity [Chen-Millero, m/s]
# name 22 = spar: SPAR, Biospherical/Licor
# name 23 = specc: Specific Conductance [uS/cm]
# name 24 = timeS: Time, Elapsed [seconds]
# name 25 = timeY: Time, System [seconds]
# name 26 = accM: Acceleration [m/s^2]
# name 27 = dz/dtM: Descent Rate [m/s]
# name 28 = latitude: Latitude [deg]
# name 29 = longitude: Longitude [deg]
# name 30 = gsw_saA0: Absolute Salinity [g/kg]
# name 31 = gsw_densityA0: density, TEOS-10 [density, kg/m^3]
# name 32 = gsw_sigma0A0: density, TEOS-10 [sigma-0, kg/m^3 ]
# name 33 = gsw_ptA0: potential temperature [ITS-90, deg C]
# name 34 = flag: flag
# span 0 =      1.000,     71.000       
# span 1 =     8.9951,     9.4645       
# span 2 =    33.3900,    33.5961       
# span 3 =  1025.8638,  1026.2709       
# span 4 =     2.3856,     2.5194       
# span 5 =     6.1076,     6.5790       
# span 6 =     94.681,    100.869       
# span 7 =   -0.00799,    0.00381       
# span 8 =    6.44652,    6.52257       
# span 9 =    6.45047,    6.52742       
# span 10 =      8.275,      8.291      
# span 11 =     0.1658,     0.6553      
# span 12 =   11.63271,   11.76083      
# span 13 =   3.560651,   3.624957      
# span 14 = -3.285e-08, 4.9485e+01      
# span 15 =    25.8584,    25.9472      
# span 16 =    25.8580,    25.9459      
# span 17 = -1.375e-07, 2.2411e+02      
# span 18 =      1.057,     71.521      
# span 19 =          1,          1      
# span 20 =         81,      19184      
# span 21 =    1484.29,    1487.29      
# span 22 = 3.2623e+02, 5.0414e+02      
# span 23 =  52365.476,  52600.540      
# span 24 =      3.336,    799.305      
# span 25 = 1580917857, 1580918653      
# span 26 =      -1.24,       0.99      
# span 27 =     -1.435,      1.250      
# span 28 =   38.92010,   38.92380      
# span 29 =  -73.22656,  -73.22267      
# span 30 =    33.5443,    33.7555      
# span 31 =  1025.8671,  1026.2743      
# span 32 =    25.8565,    25.9507      
# span 33 =     8.9934,     9.4600      
# span 34 = 0.0000e+00, 0.0000e+00      
# interval = meters: 1                  
# start_time = Feb 05 2020 15:50:53 [System UTC, first data scan.]
# bad_flag = -9.990e-29
*END*
[from data line 42]
     47.000     9.4337    33.5805  1026.1524     2.4093     6.1288     94.950   -0.00582    6.45482    6.45888      8.276     0.2253   11.64668   3.620682 9.6890e-02    25.9380    25.9372 4.0286e-01     47.349          1       3488    1486.83 4.1580e+02  52568.127    145.294 1580917999       0.06      0.998   38.92323  -73.22350    33.7419  1026.1572    25.9430     9.4286 0.0000e+00
     48.000     9.4337    33.5837  1026.1595     2.4032     6.1317     95.037   -0.00300    6.45191    6.45594      8.276     0.2231   11.64168   3.620942 8.2697e-02    25.9406    25.9397 3.4604e-01     48.363          1       3571    1486.85 4.1847e+02  52573.290    148.733 1580918002      -0.12      1.011   38.92322  -73.22352    33.7441  1026.1636    25.9447     9.4285 0.0000e+00
     49.000     9.4335    33.5867  1026.1665     2.3976     6.1261     94.956   -0.00162    6.45152    6.45555      8.277     0.1793   11.64101   3.621230 7.0413e-02    25.9430    25.9421 2.9354e-01     49.372          1       3670    1486.87 4.1680e+02  52578.292    152.886 1580918006       0.10      0.605   38.92321  -73.22353    33.7468  1026.1703    25.9469     9.4281 0.0000e+00
     50.000     9.4345    33.5872  1026.1712     2.3968     6.1404     95.176    0.00016    6.45162    6.45564 -9.990e-29     0.2061   11.64117   3.621372 5.8783e-02    25.9432    25.9423 2.4667e-01     50.384          1       3748    1486.89 4.1967e+02  52579.371    156.120 1580918010      -0.08      0.793   38.92319  -73.22354    33.7469  1026.1748    25.9468     9.4290 0.0000e+00
     51.000     9.4348    33.5871  1026.1757     2.3966     6.1371     95.127   -0.00008    6.45147    6.45549 -9.990e-29     0.1757   11.64092   3.621417 5.1088e-02    25.9431    25.9422 2.1431e-01     51.391          1       3796    1486.91 4.1944e+02  52579.877    158.144 1580918012      -0.04      0.562   38.92318  -73.22354    33.7467  1026.1792    25.9466     9.4292 0.0000e+00
     52.000     9.4338    33.5873  1026.1806 -9.990e-29     6.1367     95.120 -6.929e-07    6.45153    6.45555 -9.990e-29     0.2003   11.64102   3.621376 4.0194e-02    25.9434    25.9425 1.6842e-01     52.400          1       3908    1486.92 4.1904e+02  52580.978    162.799 1580918016       0.67      0.623   38.92316  -73.22357    33.7467  1026.1839    25.9468     9.4281 0.0000e+00
     53.000     9.4335    33.5873  1026.1852 -9.990e-29     6.1372     95.123    0.00000    6.45178    6.45581 -9.990e-29     0.2119   11.64144   3.621396 3.3435e-02    25.9435    25.9426 1.4055e-01     53.404          1       3961    1486.93 4.2036e+02  52581.683    164.987 1580918018       0.13      0.614   38.92315  -73.22358    33.7467  1026.1885    25.9468     9.4277 0.0000e+00
     54.000     9.4321    33.5874  1026.1901     2.3952     6.1360     95.107   -0.00005    6.45173    6.45575      8.275     0.1970   11.64135   3.621315 2.7790e-02    25.9439    25.9429 1.1666e-01     54.413          1       4026    1486.95 4.1972e+02  52582.770    167.724 1580918021       0.38      0.658   38.92314  -73.22359    33.7467  1026.1933    25.9471     9.4262 0.0000e+00
     55.000     9.4329    33.5875  1026.1946     2.3931     6.1196     94.853   -0.00116    6.45165    6.45568      8.275     0.2243   11.64123   3.621449 2.0349e-02    25.9438    25.9428 8.4820e-02     55.423          1       4111    1486.96 4.1702e+02  52583.308    171.243 1580918025       0.47      0.656   38.92311  -73.22360    33.7469  1026.1979    25.9471     9.4269 0.0000e+00
     56.000     9.4327    33.5873  1026.1991     2.3928     6.1212     94.878   -0.00086    6.45167    6.45570 -9.990e-29     0.1929   11.64126   3.621434 1.6094e-02    25.9437    25.9427 5.5083e-02     56.406          1       4156    1486.98 3.3977e+02  52583.803    173.134 1580918027       0.61      1.218   38.92310  -73.22362    33.7465  1026.2021    25.9469     9.4265 0.0000e+00
     57.000     9.4310    33.5874  1026.2040     2.3922     6.1229     94.899   -0.00062    6.45203    6.45606 -9.990e-29     0.1929   11.64185   3.621316 1.1790e-02    25.9440    25.9430 4.5961e-02     57.428          1       4281    1486.99 4.0229e+02  52584.924    178.331 1580918032       0.18      1.250   38.92307  -73.22363    33.7464  1026.2070    25.9471     9.4247 0.0000e+00
     58.000     9.4274    33.5873  1026.2091     2.3924     6.1258     94.942   -0.00044    6.45219    6.45623 -9.990e-29     0.1845   11.64212   3.621035 5.6450e-03    25.9446    25.9436 2.4258e-02     58.427          1       4371    1486.99 4.2339e+02  52586.121    182.088 1580918035       0.13      1.225   38.92305  -73.22365    33.7464  1026.2121    25.9477     9.4210 0.0000e+00
     59.000     9.4279    33.5870  1026.2133     2.3927     6.1287     94.986   -0.00029    6.45224    6.45628 -9.990e-29     0.1755   11.64220   3.621090 2.4023e-03    25.9443    25.9432 1.0118e-02     59.435          1       4481    1487.01 4.2193e+02  52586.228    186.686 1580918040       0.10      1.167   38.92303  -73.22367    33.7461  1026.2164    25.9474     9.4214 0.0000e+00
     60.000     9.4298    33.5873  1026.2179     2.3906     6.1271     94.975   -0.00024    6.45126    6.45528 -9.990e-29     0.2969   11.64055   3.621357 7.7938e-04    25.9443    25.9432 3.2641e-03     60.477          1       4630    1487.04 4.1970e+02  52586.991    192.856 1580918046      -0.04      0.163   38.92300  -73.22368    33.7466  1026.2211    25.9475     9.4232 0.0000e+00
     61.000     9.4315    33.5883  1026.2230     2.3908     6.1225     94.903   -0.00054    6.45135    6.45537 -9.990e-29     0.1954   11.64070   3.621681 6.1230e-05    25.9448    25.9437 2.5694e-04     61.465          1       4653    1487.06 3.9507e+02  52588.727    193.832 1580918047       0.40      0.685   38.92300  -73.22369    33.7479  1026.2264    25.9483     9.4248 0.0000e+00
     62.000     9.4369    33.5904  1026.2283     2.3910     6.1277     94.981   -0.00017    6.45143    6.45545 -9.990e-29     0.2023   11.64083   3.622451 -3.285e-08    25.9456    25.9445 -1.375e-07     62.478          1       4754    1487.10 4.0629e+02  52591.161    198.039 1580918051       0.34      0.612   38.92298  -73.22370    33.7503  1026.2320    25.9493     9.4300 0.0000e+00
     63.000     9.4366    33.5901  1026.2326     2.3909     6.1264     94.966   -0.00026    6.45118    6.45520      8.275     0.1853   11.64041   3.622373 2.3699e-13    25.9454    25.9442 1.0000e-12     63.482          1       4812    1487.11 4.2223e+02  52591.378    200.440 1580918054       0.03      0.676   38.92297  -73.22372    33.7493  1026.2358    25.9486     9.4296 0.0000e+00
     64.000     9.4371    33.5900  1026.2371     2.3906     6.1273     94.976   -0.00015    6.45139    6.45542      8.275     0.2071   11.64077   3.622445 2.3554e-13    25.9452    25.9441 1.0000e-12     64.497          1       4911    1487.13 4.2456e+02  52591.789    204.565 1580918058       0.18      0.403   38.92295  -73.22374    33.7491  1026.2402    25.9484     9.4300 0.0000e+00
     65.000     9.4347    33.5893  1026.2415     2.3906     6.1307     95.036    0.00012    6.45102    6.45504      8.275     0.2078   11.64013   3.622221 2.3524e-13    25.9450    25.9439 1.0000e-12     65.505          1       4980    1487.14 4.2521e+02  52591.903    207.441 1580918061      -0.06      0.328   38.92294  -73.22374    33.7486  1026.2447    25.9483     9.4276 0.0000e+00
     66.000     9.4371    33.5904  1026.2466     2.3908     6.1294     95.026   -0.00011    6.45026    6.45427      8.275     0.1791   11.63887   3.622596 2.5355e-13    25.9456    25.9444 1.0000e-12     66.515          1       5062    1487.17 3.9621e+02  52593.698    210.863 1580918064       0.13      0.317   38.92292  -73.22376    33.7498  1026.2499    25.9489     9.4298 0.0000e+00
     67.000     9.4419    33.5922  1026.2517     2.3884     6.1168     94.836   -0.00073    6.44991    6.45392      8.275     0.2215   11.63828   3.623295 2.4541e-13    25.9462    25.9450 1.0000e-12     67.526          1       5139    1487.20 4.0861e+02  52595.816    214.067 1580918067       0.10      0.249   38.92292  -73.22378    33.7521  1026.2554    25.9499     9.4345 0.0000e+00
     68.000     9.4510    33.5949  1026.2570     2.3878     6.1160     94.837   -0.00052    6.44895    6.45295      8.275     0.2107   11.63667   3.624430 2.3523e-13    25.9469    25.9457 1.0000e-12     68.522          1       5214    1487.25 4.2526e+02  52598.433    217.195 1580918071       0.28      0.430   38.92289  -73.22379    33.7547  1026.2605    25.9505     9.4435 0.0000e+00
     69.000     9.4555    33.5961  1026.2617     2.3866     6.1120     94.781   -0.00049    6.44854    6.45253      8.275     0.1960   11.63598   3.624957 2.3587e-13    25.9471    25.9459 1.0000e-12     69.541          1       5333    1487.29 4.2438e+02  52599.815    222.168 1580918076       0.03      0.254   38.92287  -73.22381    33.7555  1026.2650    25.9504     9.4479 0.0000e+00
     70.000     9.4511    33.5952  1026.2663     2.3859     6.1152     94.817   -0.00015    6.44942    6.45342      8.275     0.1890   11.63745   3.624509 2.5982e-13    25.9472    25.9459 1.0000e-12     70.535          1       5462    1487.29 3.8641e+02  52600.153    227.544 1580918081       0.31      0.507   38.92285  -73.22383    33.7546  1026.2695    25.9504     9.4434 0.0000e+00
     71.000     9.4476    33.5945  1026.2709     2.3856     6.1076     94.681   -0.00091    6.45073    6.45474      8.275     0.2091   11.63964   3.624196 2.1527e-13    25.9472    25.9459 1.0000e-12     71.521          1       6812    1487.29 4.5837e+02  52600.540    283.809 1580918137      -0.71      1.074   38.92256  -73.22414    33.7542  1026.2743    25.9507     9.4397 0.0000e+00
     70.000     9.4481    33.5944  1026.2662     2.3869     6.1260     94.970    0.00071    6.45042    6.45443      8.275     0.1852   11.63912   3.624109 2.2937e-13    25.9470    25.9458 1.0000e-12     70.549          1       6570    1487.28 4.3599e+02  52599.624    273.711 1580918127      -0.93     -0.277   38.92262  -73.22409    33.7532  1026.2690    25.9499     9.4404 0.0000e+00
     69.000     9.4402    33.5924  1026.2613     2.3868     6.1206     94.885    0.00007    6.45055    6.45457      8.275     0.1965   11.63933   3.623175 2.3153e-13    25.9467    25.9455 1.0000e-12     69.548          1       6669    1487.23 4.3198e+02  52597.783    277.813 1580918131       0.15     -0.883   38.92261  -73.22411    33.7515  1026.2644    25.9497     9.4326 0.0000e+00
     68.000     9.4400    33.5921  1026.2566     2.3873     6.1232     94.929    0.00028    6.45030    6.45431      8.275     0.2135   11.63891   3.623069 2.3736e-13    25.9465    25.9453 1.0000e-12     68.547          1       6838    1487.21 4.2134e+02  52596.800    284.861 1580918138       0.15     -1.193   38.92257  -73.22415    33.7510  1026.2596    25.9495     9.4325 0.0000e+00
     67.000     9.4393    33.5919  1026.2519     2.3864     6.1166     94.826    0.00008    6.45025    6.45427      8.275     0.1947   11.63885   3.622966 2.3646e-13    25.9464    25.9452 1.0000e-12     67.527          1       6972    1487.19 4.2291e+02  52595.887    290.454 1580918144       0.21     -0.717   38.92254  -73.22417    33.7510  1026.2551    25.9495     9.4320 0.0000e+00
     66.000     9.4468    33.5942  1026.2479     2.3870     6.1151     94.796   -0.00018    6.45083    6.45485      8.275     0.2124   11.63982   3.623860 2.3257e-13    25.9470    25.9458 1.0000e-12     66.514          1       7063    1487.21 4.2999e+02  52596.991    294.233 1580918148      -0.41     -0.462   38.92252  -73.22418    33.7537  1026.2513    25.9504     9.4396 0.0000e+00
     65.000     9.4415    33.5923  1026.2427     2.3876     6.1212     94.889    0.00034    6.45093    6.45495      8.275     0.1758   11.63999   3.623073 2.3099e-13    25.9463    25.9452 1.0000e-12     65.505          1       7099    1487.17 4.3292e+02  52594.778    295.756 1580918149       0.04     -0.685   38.92252  -73.22420    33.7510  1026.2455    25.9492     9.4343 0.0000e+00
     64.000     9.4378    33.5913  1026.2380     2.3885     6.1251     94.950    0.00048    6.45092    6.45494      8.275     0.1880   11.63997   3.622628 2.3777e-13    25.9461    25.9450 1.0000e-12     64.501          1       7149    1487.14 4.2099e+02  52593.469    297.818 1580918151       0.04     -0.537   38.92251  -73.22420    33.7503  1026.2410    25.9492     9.4308 0.0000e+00
     63.000     9.4361    33.5903  1026.2329     2.3887     6.1204     94.875    0.00017    6.45101    6.45503      8.275     0.1658   11.64013   3.622332 2.3218e-13    25.9456    25.9445 1.0000e-12     63.473          1       7242    1487.11 4.3067e+02  52591.805    301.718 1580918155      -0.93     -0.374   38.92248  -73.22422    33.7493  1026.2358    25.9487     9.4292 0.0000e+00
     62.000     9.4365    33.5905  1026.2284     2.3889     6.1180     94.839   -0.00025    6.45097    6.45499      8.275     0.1763   11.64004   3.622360 2.4273e-13    25.9457    25.9446 1.0000e-12     62.485          1       7255    1487.10 4.1236e+02  52591.356    302.270 1580918156      -0.91     -1.025   38.92248  -73.22422    33.7498  1026.2317    25.9489     9.4296 0.0000e+00
     61.000     9.4373    33.5907  1026.2239     2.3892     6.1228     94.913    0.00012    6.45094    6.45496      8.275     0.2129   11.64001   3.622406 2.5006e-13    25.9457    25.9446 1.0000e-12     61.494          1       7273    1487.08 3.9997e+02  52590.870    302.988 1580918156      -0.23     -1.426   38.92248  -73.22422    33.7499  1026.2271    25.9489     9.4306 0.0000e+00
     60.000     9.4368    33.5908  1026.2195     2.3887     6.1229     94.913    0.00044    6.45103    6.45505      8.275     0.2496   11.64016   3.622330 1.4932e-04    25.9458    25.9448 6.2805e-04     60.476          1       8120    1487.07 4.2151e+02  52590.428    338.300 1580918192       0.19     -0.762   38.92232  -73.22440    33.7500  1026.2227    25.9490     9.4302 0.0000e+00
     59.000     9.4355    33.5902  1026.2146     2.3895     6.1184     94.840    0.00010    6.45126    6.45529      8.275     0.2346   11.64056   3.622097 3.2038e-03    25.9455    25.9445 1.3422e-02     59.458          1       8606    1487.04 4.1861e+02  52589.140    358.545 1580918212       0.09     -0.331   38.92222  -73.22450    33.7493  1026.2177    25.9487     9.4290 0.0000e+00
     58.000     9.4357    33.5887  1026.2089     2.3904     6.1285     94.998    0.00067    6.45122    6.45524      8.275     0.2080   11.64049   3.621933 7.9767e-03    25.9443    25.9433 3.3500e-02     58.447          1       8691    1487.03 4.1994e+02  52586.414    362.099 1580918216      -0.23     -0.232   38.92221  -73.22452    33.7479  1026.2120    25.9476     9.4293 0.0000e+00
     57.000     9.4360    33.5886  1026.2041 -9.990e-29     6.1283     94.994    0.00055    6.45130    6.45532      8.275     0.2042   11.64063   3.621903 1.2077e-02    25.9442    25.9432 5.0735e-02     57.444          1       8743    1487.01 4.2015e+02  52585.595    364.269 1580918218      -0.67     -0.604   38.92220  -73.22454    33.7478  1026.2073    25.9474     9.4297 0.0000e+00
     56.000     9.4359    33.5884  1026.1994     2.3904     6.1214     94.888   -0.00004    6.45121    6.45524      8.275     0.2115   11.64048   3.621836 1.7062e-02    25.9440    25.9430 7.1282e-02     56.446          1       8825    1487.00 4.1794e+02  52584.581    367.678 1580918221      -0.17     -0.658   38.92218  -73.22455    33.7476  1026.2026    25.9472     9.4298 0.0000e+00
