CalculateIndicators/WaterTemperature/Data/CTD_NYOS/20200205_C04.cnv
* Sea-Bird SBE 9 Data File:
* FileName = C:\Seabird 9 CTD\Data\2020\202002_offshore\20200205_C04.hex
* Software Version Seasave V 7.23.2
* Temperature SN = 4590
* Conductivity SN = 3228
* Number of Bytes Per Scan = 44
* Number of Voltage Words = 5
* Number of Scans Averaged by the Deck Unit = 1
* NMEA Latitude = 40 06.35 N
* NMEA Longitude = 073 38.75 W
* NMEA UTC (Time) = Feb 05 2020  04:36:08
* NMEA baud rate = 4800
** Ship: rv seawolf
** Station: 7.2
** Operator: sjw
# nquan = 35
# nvalues = 72                          
# units = specified
# name 0 = depSM: Depth [salt water, m]
# name 1 = t090C: Temperature [ITS-90, deg C]
# name 2 = sal00: Salinity, Practical [PSU]
# name 3 = density00: Density [density, kg/m^3]
# name 4 = sbeox0V: Oxygen raw, SBE 43 [V]
# name 5 = sbeox0ML/L: Oxygen, SBE 43 [ml/l]
# name 6 = sbeox0PS: Oxygen, SBE 43 [% saturation]
# name 7 = sbox0dV/dT: Oxygen, SBE 43 [dov/dt]
# name 8 = oxsolML/L: Oxygen Saturation, Garcia & Gordon [ml/l]
# name 9 = oxsatML/L: Oxygen Saturation, Weiss [ml/l]
# name 10 = ph: pH
# name 11 = flECO-AFL: Fluorescence, WET Labs ECO-AFL/FL [mg/m^3]
# name 12 = n2satML/L: Nitrogen Saturation [ml/l]
# name 13 = c0S/m: Conductivity [S/m]
# name 14 = cpar: CPAR/Corrected Irradiance [%]
# name 15 = sigma-é00: Density [sigma-theta, kg/m^3]
# name 16 = sigma-t00: Density [sigma-t, kg/m^3 ]
# name 17 = par: PAR/Irradiance, Biospherical/Licor
# name 18 = prDM: Pressure, Digiquartz [db]
# name 19 = pumps: Pump Status
# name 20 = scan: Scan Count
# name 21 = svCM: Sound Velocity [Chen-Millero, m/s]
# name 22 = spar: SPAR, Biospherical/Licor
# name 23 = specc: Specific Conductance [uS/cm]
# name 24 = timeS: Time, Elapsed [seconds]
# name 25 = timeY: Time, System [seconds]
# name 26 = accM: Acceleration [m/s^2]
# name 27 = dz/dtM: Descent Rate [m/s]
# name 28 = latitude: Latitude [deg]
# name 29 = longitude: Longitude [deg]
# name 30 = gsw_saA0: Absolute Salinity [g/kg]
# name 31 = gsw_densityA0: density, TEOS-10 [density, kg/m^3]
# name 32 = gsw_sigma0A0: density, TEOS-10 [sigma-0, kg/m^3 ]
# name 33 = gsw_ptA0: potential temperature [ITS-90, deg C]
# name 34 = flag: flag
# span 0 =      1.000,     37.000       
# span 1 =     6.5391,     8.4758       
# span 2 =    32.1477,    33.5047       
# span 3 =  1025.2315,  1026.1998       
# span 4 =     2.4492,     2.6018       
# span 5 =     6.4901,     7.3308       
# span 6 =     97.505,    105.541       
# span 7 =   -0.00712,    0.00536       
# span 8 =    6.65338,    6.94616       
# span 9 =    6.66019,    6.95588       
# span 10 =      8.262,      8.309      
# span 11 =     0.2464,     1.0360      
# span 12 =   11.97668,   12.47621      
# span 13 =   3.232678,   3.526050      
# span 14 = -5.362e+04, 1.1355e+05      
# span 15 =    25.2269,    26.0302      
# span 16 =    25.2269,    26.0296      
# span 17 = 1.0000e-12, 1.1478e-01      
# span 18 =      1.023,     37.277      
# span 19 =          1,          1      
# span 20 =        278,      11082      
# span 21 =    1473.45,    1483.03      
# span 22 = -3.817e-01, 6.3759e+00      
# span 23 =  51175.726,  52661.393      
# span 24 =     11.526,    461.691      
# span 25 = 1580877381, 1580877831      
# span 26 =      -0.48,       0.65      
# span 27 =     -0.595,      0.666      
# span 28 =   40.10592,   40.10628      
# span 29 =  -73.64588,  -73.64504      
# span 30 =    32.3002,    33.6648      
# span 31 =  1025.2337,  1026.2035      
# span 32 =    25.2290,    26.0339      
# span 33 =     6.5388,     8.4719      
# span 34 = 0.0000e+00, 0.0000e+00      
# interval = meters: 1                  
# start_time = Feb 05 2020 04:36:09 [System UTC, first data scan.]
# bad_flag = -9.990e-29
*END*
      2.000     6.5653    32.1758  1025.2605 -9.990e-29     7.3012    105.119   -0.00010    6.94564    6.95551      8.300     0.7621   12.47380   3.233863 3.7092e+04    25.2512    25.2512 1.0000e-12      2.018          1        278    1473.45 2.1929e+00  51221.364     11.526 1580877381       0.48      0.072   40.10592  -73.64588    32.3290  1025.2630    25.2537     6.5652 0.0000e+00
      3.000     6.5510    32.2549  1025.3293     2.5947     7.3050    105.195    0.00017    6.94419    6.95414      8.298     0.7895   12.47032   3.239883 1.1355e+05    25.3154    25.3154 1.0000e-12      3.026          1        346    1473.51 4.1824e+00  51339.698     14.356 1580877383      -0.16      0.389   40.10592  -73.64588    32.4088  1025.3321    25.3181     6.5508 0.0000e+00
      4.000     6.5391    32.3280  1025.3931     2.5966     7.3034    105.354    0.00060    6.93226    6.94217      8.295     0.8159   12.44923   3.245631 -1.791e+03    25.3745    25.3745 1.0000e-12      4.032          1        424    1473.58 3.9516e+00  51448.428     17.617 1580877387       0.11      0.316   40.10592  -73.64588    32.4833  1025.3967    25.3782     6.5388 0.0000e+00
      5.000     6.5778    32.4764  1025.5098     2.5962     7.2732    105.155   -0.00061    6.91669    6.92653      8.292     0.8332   12.42185   3.263624 2.5320e-11    25.4867    25.4866 1.0000e-12      5.034          1        491    1473.93 3.9495e+00  51651.930     20.425 1580877389       0.32      0.530   40.10594  -73.64587    32.6454  1025.5235    25.5004     6.5774 0.0000e+00
      6.000     6.6234    32.5853  1025.5944     2.5938     7.2559    104.941   -0.00122    6.91422    6.92405      8.292     0.8743   12.41750   3.276428 2.7504e+02    25.5666    25.5665 1.0000e-12      6.050          1        544    1474.26 3.9386e+00  51796.271     22.641 1580877392      -0.17      0.466   40.10594  -73.64586    32.7433  1025.5992    25.5713     6.6229 0.0000e+00
      7.000     6.6461    32.6263  1025.6284     2.5921     7.2475    104.967   -0.00054    6.90460    6.91437      8.292     0.8652   12.40066   3.282219 9.7455e+04    25.5959    25.5958 1.0000e-12      7.049          1        623    1474.42 2.1053e+00  51849.501     25.929 1580877395       0.33      0.392   40.10594  -73.64586    32.7851  1025.6337    25.6012     6.6455 0.0000e+00
      8.000     6.6630    32.6845  1025.6767     2.5915     7.2362    104.985   -0.00022    6.89255    6.90224      8.290     0.9708   12.37978   3.289161 1.4736e+03    25.6397    25.6396 1.0000e-12      8.060          1        690    1474.58 3.9216e+00  51929.308     28.725 1580877398       0.14      0.617   40.10594  -73.64586    32.8453  1025.6833    25.6462     6.6623 0.0000e+00
      9.000     6.7217    32.7573  1025.7310     2.5885     7.1981    104.672   -0.00121    6.87679    6.88631      8.288     0.9008   12.35302   3.300982 2.5320e-11    25.6893    25.6892 1.0000e-12      9.067          1        744    1474.91 3.9495e+00  52018.271     30.953 1580877400      -0.11      0.453   40.10594  -73.64585    32.9192  1025.7383    25.6966     6.7209 0.0000e+00
     10.000     6.8519    32.8543  1025.7949     2.5794     7.1196    103.993   -0.00256    6.84626    6.85544      8.284     0.9204   12.30118   3.321367 2.5320e-11    25.7486    25.7485 1.0000e-12     10.080          1        841    1475.56 3.9064e+00  52122.721     34.989 1580877404       0.05      0.189   40.10594  -73.64584    33.0186  1025.8038    25.7575     6.8510 0.0000e+00
     11.000     6.9408    32.9199  1025.8393     2.5758     7.0830    103.898   -0.00176    6.81724    6.82608      8.281     1.0070   12.25210   3.335498 9.6804e+04    25.7884    25.7883 1.0000e-12     11.082          1        891    1476.01 2.0630e+00  52193.417     37.098 1580877406       0.09      0.517   40.10594  -73.64584    33.0882  1025.8511    25.8002     6.9398 0.0000e+00
     12.000     7.1227    33.0251  1025.9022     2.5665     6.9972    103.092   -0.00387    6.78729    6.79578      8.279     1.0360   12.20160   3.361600 4.3037e+04    25.8468    25.8466 1.0000e-12     12.092          1        958    1476.86 2.1700e+00  52296.805     39.895 1580877409      -0.06      0.345   40.10594  -73.64582    33.1991  1025.9181    25.8626     7.1216 0.0000e+00
     13.000     7.3362    33.1334  1025.9627     2.5450     6.8877    101.556   -0.00712    6.78218    6.79061      8.274     0.7775   12.19289   3.389831 -7.236e+03    25.9027    25.9026 1.0000e-12     13.107          1       1038    1477.84 4.2432e+00  52396.382     43.227 1580877412       0.07      0.283   40.10594  -73.64582    33.3019  1025.9740    25.9140     7.3350 0.0000e+00
     14.000     7.3271    33.1355  1025.9702     2.5364     6.8843    101.543   -0.00430    6.77971    6.78812      8.275     0.7917   12.18865   3.388939 2.5320e-11    25.9056    25.9054 1.0000e-12     14.106          1       1092    1477.82 3.9495e+00  52402.491     45.457 1580877415       0.16      0.448   40.10594  -73.64582    33.3003  1025.9786    25.9140     7.3258 0.0000e+00
     15.000     7.3239    33.1418  1025.9803     2.5296     6.8776    101.581   -0.00176    6.77056    6.77888      8.273     0.7127   12.17299   3.389087 -9.990e-29    25.9111    25.9109 1.0000e-12     15.117          1       1164    1477.83 3.9495e+00  52412.999     48.464 1580877418       0.60      0.496   40.10594  -73.64582    33.3045  1025.9870    25.9177     7.3225 0.0000e+00
     16.000     7.3778    33.1865  1026.0126     2.5225     6.8453    101.125   -0.00248    6.76919    6.77750      8.272     0.6284   12.17064   3.398145 8.0356e+04    25.9388    25.9386 1.0000e-12     16.120          1       1219    1478.11 1.4327e+00  52463.678     50.746 1580877420       0.05      0.432   40.10596  -73.64580    33.3509  1026.0204    25.9466     7.3763 0.0000e+00
     17.000     7.4024    33.2086  1026.0311     2.5142     6.8257    100.865   -0.00156    6.76718    6.77548      8.270     0.4907   12.16712   3.402013 -1.409e+04    25.9527    25.9525 1.0000e-12     17.137          1       1321    1478.25 4.4621e+00  52489.488     54.996 1580877424       0.12      0.217   40.10596  -73.64580    33.3688  1026.0356    25.9572     7.4008 0.0000e+00
     18.000     7.4039    33.2158  1026.0412     2.5114     6.8163    100.705   -0.00175    6.76856    6.77688      8.270     0.6444   12.16937   3.402889 2.5320e-11    25.9581    25.9579 1.0000e-12     18.138          1       1361    1478.28 3.9495e+00  52500.004     56.665 1580877426       0.04      0.536   40.10596  -73.64580    33.3764  1026.0459    25.9629     7.4023 0.0000e+00
     19.000     7.4010    33.2228  1026.0517     2.5052     6.7898    100.315   -0.00235    6.76850    6.77682      8.270     0.5087   12.16926   3.403157 2.5320e-11    25.9641    25.9638 1.0000e-12     19.147          1       1424    1478.30 3.9495e+00  52511.421     59.285 1580877428      -0.01      0.378   40.10596  -73.64580    33.3817  1026.0551    25.9675     7.3992 0.0000e+00
     20.000     7.4032    33.2286  1026.0606     2.4956     6.7602     99.895   -0.00209    6.76731    6.77562      8.268     0.4861   12.16722   3.403977 2.5320e-11    25.9683    25.9681 1.0000e-12     20.161          1       1520    1478.33 3.9495e+00  52519.742     63.312 1580877432       0.65      0.374   40.10596  -73.64578    33.3879  1026.0643    25.9721     7.4014 0.0000e+00
     21.000     7.4043    33.2299  1026.0661     2.4927     6.7512     99.773   -0.00193    6.76656    6.77486      8.268     0.4846   12.16596   3.404160 5.0889e+04    25.9693    25.9690 1.0000e-12     21.156          1       1561    1478.35 1.9002e+00  52522.124     65.017 1580877434       0.16      0.665   40.10596  -73.64578    33.3884  1026.0691    25.9723     7.4024 0.0000e+00
     22.000     7.4103    33.2337  1026.0728     2.4890     6.7427     99.701   -0.00125    6.76296    6.77122 -9.990e-29     0.4565   12.15994   3.405156 -9.990e-29    25.9714    25.9711 1.0000e-12     22.169          1       1649    1478.40 3.9002e+00  52526.579     68.652 1580877438       0.44      0.471   40.10597  -73.64577    33.3931  1026.0766    25.9751     7.4082 0.0000e+00
     23.000     7.4276    33.2392  1026.0794     2.4860     6.7333     99.589   -0.00105    6.76110    6.76933 -9.990e-29     0.4396   12.15680   3.407198 2.5320e-11    25.9734    25.9731 1.0000e-12     23.178          1       1726    1478.49 3.9495e+00  52530.768     71.858 1580877441      -0.01      0.415   40.10598  -73.64576    33.3981  1026.0828    25.9767     7.4254 0.0000e+00
     24.000     7.4410    33.2450  1026.0867     2.4833     6.7246     99.504   -0.00080    6.75811    6.76630      8.265     0.3860   12.15178   3.409013 2.5320e-11    25.9760    25.9757 1.0000e-12     24.188          1       1812    1478.56 3.9495e+00  52536.278     75.474 1580877445       0.31      0.509   40.10598  -73.64576    33.4044  1026.0904    25.9798     7.4388 0.0000e+00
     25.000     7.4562    33.2507  1026.0937     2.4827     6.7232     99.541   -0.00035    6.75427    6.76241      8.265     0.3751   12.14533   3.410923 4.4351e+04    25.9784    25.9781 1.0000e-12     25.192          1       1876    1478.64 2.1978e+00  52541.167     78.142 1580877447       0.07      0.437   40.10598  -73.64576    33.4101  1026.0974    25.9821     7.4539 0.0000e+00
     26.000     7.4934    33.2623  1026.1022     2.4795     6.6988     99.270   -0.00116    6.74811    6.75618      8.265     0.3611   12.13503   3.415400 9.4771e+03    25.9823    25.9820 1.0000e-12     26.201          1       1967    1478.82 3.5311e+00  52549.022     81.916 1580877451      -0.02      0.359   40.10598  -73.64574    33.4225  1026.1064    25.9866     7.4909 0.0000e+00
     27.000     7.5199    33.2704  1026.1094     2.4772     6.6952     99.258   -0.00051    6.74520    6.75323      8.265     0.3409   12.13016   3.418549 1.1152e+02    25.9849    25.9846 1.0000e-12     27.210          1       2044    1478.95 3.9440e+00  52554.427     85.145 1580877454       0.12      0.347   40.10598  -73.64574    33.4307  1026.1137    25.9893     7.5173 0.0000e+00
     28.000     7.5387    33.2765  1026.1162     2.4730     6.6669     98.933   -0.00132    6.73883    6.74677      8.264     0.3368   12.11948   3.420785 2.5320e-11    25.9871    25.9868 1.0000e-12     28.221          1       2133    1479.04 3.9495e+00  52559.155     88.815 1580877458       0.02      0.229   40.10598  -73.64573    33.4364  1026.1202    25.9911     7.5361 0.0000e+00
     29.000     7.5676    33.2860  1026.1241     2.4696     6.6424     98.654   -0.00208    6.73304    6.74090      8.263     0.3105   12.10981   3.424502 9.5940e+04    25.9905    25.9901 1.0000e-12     29.222          1       2194    1479.18 1.3070e+00  52566.075     91.395 1580877460       0.23      0.580   40.10598  -73.64572    33.4484  1026.1301    25.9965     7.5648 0.0000e+00
     30.000     7.6121    33.2975  1026.1314     2.4622     6.6046     98.104   -0.00283    6.73228    6.74013      8.262     0.2859   12.10852   3.429367 9.9999e+04    25.9933    25.9929 1.0000e-12     30.235          1       2280    1479.38 1.4787e+00  52571.874     94.956 1580877464       0.00      0.354   40.10598  -73.64572    33.4578  1026.1357    25.9975     7.6093 0.0000e+00
     31.000     7.6141    33.2986  1026.1366 -9.990e-29     6.6098     98.201   -0.00090    6.73086    6.73870 -9.990e-29     0.2586   12.10615   3.429605 -9.990e-29    25.9938    25.9934 1.0000e-12     31.239          1       2355    1479.41 3.8917e+00  52573.592     98.084 1580877467       0.37      0.666   40.10600  -73.64572    33.4580  1026.1402    25.9974     7.6111 0.0000e+00
     32.000     7.6185    33.2998  1026.1416     2.4587     6.6213     98.386    0.00014    6.72993    6.73776      8.262     0.2804   12.10460   3.430148 1.4893e+04    25.9942    25.9938 1.0000e-12     32.247          1       2417    1479.44 3.5763e+00  52574.965    100.662 1580877470      -0.10      0.478   40.10600  -73.64572    33.4591  1026.1451    25.9977     7.6154 0.0000e+00
     33.000     7.6279    33.3024  1026.1468     2.4575     6.6167     98.385   -0.00009    6.72532    6.73308      8.262     0.7729   12.09690   3.431216 -4.451e+02    25.9949    25.9944 1.0000e-12     33.262          1       2526    1479.50 3.9613e+00  52576.899    105.190 1580877474       0.29      0.408   40.10600  -73.64570    33.4612  1026.1500    25.9980     7.6247 0.0000e+00
     34.000     7.6430    33.3057  1026.1519     2.4565     6.6096     98.290   -0.00040    6.72465    6.73240      8.262     0.3496   12.09578   3.432982 3.4052e+04    25.9953    25.9949 1.0000e-12     34.263          1       2580    1479.58 2.6046e+00  52578.551    107.446 1580877477       0.01      0.403   40.10600  -73.64570    33.4653  1026.1557    25.9991     7.6397 0.0000e+00
     35.000     7.6636    33.3111  1026.1579     2.4568     6.5896     98.456    0.00081    6.69301    6.70034      8.263     0.3328   12.04298   3.435417 2.0809e+04    25.9967    25.9962 1.0000e-12     35.280          1       2704    1479.68 1.1892e+00  52581.793    112.611 1580877482       0.16      0.122   40.10600  -73.64570    33.4713  1026.1621    26.0009     7.6603 0.0000e+00
     36.000     7.8102    33.3448  1026.1677     2.4568     6.5719     98.254   -0.00050    6.68864    6.69589      8.263     0.3121   12.03575   3.452608 6.6586e+04    26.0020    26.0015 1.0000e-12     36.277          1       2751    1480.30 8.1876e-01  52594.246    114.564 1580877484      -0.04      0.479   40.10600  -73.64569    33.5154  1026.1799    26.0143     7.8067 0.0000e+00
     37.000     8.4758    33.5047  1026.1998     2.4493     6.4901     97.505   -0.00273    6.65631    6.66317      8.271     0.2637   11.98140   3.526050 -5.362e+04    26.0302    26.0296 1.0000e-12     37.277          1       4394    1483.03 6.3759e+00  52661.393    183.044 1580877552      -0.08      0.016   40.10604  -73.64555    33.6648  1026.2035    26.0339     8.4719 0.0000e+00
     36.000     8.1407    33.4276  1026.1841     2.4543     6.5257     98.081   -0.00043    6.65338    6.66019      8.270     0.2894   11.97668   3.488357 2.5320e-11    26.0188    26.0183 1.0000e-12     36.283          1       4399    1481.65 3.9495e+00  52631.901    183.240 1580877552      -0.11     -0.200   40.10604  -73.64555    33.5824  1026.1839    26.0185     8.1370 0.0000e+00
     35.000     8.0351    33.4158  1026.1857     2.4492     6.5625     97.792   -0.00115    6.71067    6.71826      8.272     0.3210   12.07213   3.476822 2.5320e-11    26.0249    26.0244 1.0000e-12     35.273          1       4925    1481.22 3.9495e+00  52639.920    205.178 1580877574      -0.07     -0.178   40.10606  -73.64550    33.5602  1026.1774    26.0166     8.0317 0.0000e+00
     34.000     7.6919    33.3424  1026.1738     2.4541     6.6386     98.665    0.00313    6.72841    6.73622      8.272     0.3283   12.10196   3.439667 2.5320e-11    26.0173    26.0168 1.0000e-12     34.263          1       4990    1479.81 3.9495e+00  52618.626    207.875 1580877577      -0.07     -0.401   40.10606  -73.64550    33.4906  1026.1685    26.0119     7.6887 0.0000e+00
     33.000     7.6649    33.3190  1026.1546     2.4554     6.6191     98.367    0.00064    6.72898    6.73680      8.270     0.3234   12.10293   3.434916 2.5320e-11    26.0027    26.0022 1.0000e-12     33.264          1       5045    1479.66 3.9495e+00  52591.330    210.179 1580877579      -0.13     -0.495   40.10606  -73.64549    33.4656  1026.1482    25.9962     7.6618 0.0000e+00
     32.000     7.6308    33.3074  1026.1458     2.4567     6.6208     98.360    0.00031    6.73123    6.73908      8.269     0.2478   12.10673   3.431371 2.5320e-11    25.9984    25.9980 1.0000e-12     32.249          1       5161    1479.50 3.9495e+00  52582.661    215.011 1580877584      -0.09     -0.499   40.10608  -73.64548    33.4605  1026.1444    25.9970     7.6278 0.0000e+00
