CalculateIndicators/WaterTemperature/Data/CTD_NYOS/20200209_C010.cnv
* Sea-Bird SBE 9 Data File:
* FileName = C:\Seabird 9 CTD\Data\2020\202002_offshore\20200209_C010.hex
* Software Version Seasave V 7.23.2
* Temperature SN = 4590
* Conductivity SN = 3228
* Number of Bytes Per Scan = 44
* Number of Voltage Words = 5
* Number of Scans Averaged by the Deck Unit = 1
* NMEA Latitude = 39 08.09 N
* NMEA Longitude = 072 56.67 W
* NMEA UTC (Time) = Feb 09 2020  22:37:49
* NMEA baud rate = 4800
** Ship: rv seawolf
** Station: 6.5
** Operator: eih
# nquan = 35
# nvalues = 150                         
# units = specified
# name 0 = depSM: Depth [salt water, m]
# name 1 = t090C: Temperature [ITS-90, deg C]
# name 2 = sal00: Salinity, Practical [PSU]
# name 3 = density00: Density [density, kg/m^3]
# name 4 = sbeox0V: Oxygen raw, SBE 43 [V]
# name 5 = sbeox0ML/L: Oxygen, SBE 43 [ml/l]
# name 6 = sbeox0PS: Oxygen, SBE 43 [% saturation]
# name 7 = sbox0dV/dT: Oxygen, SBE 43 [dov/dt]
# name 8 = oxsolML/L: Oxygen Saturation, Garcia & Gordon [ml/l]
# name 9 = oxsatML/L: Oxygen Saturation, Weiss [ml/l]
# name 10 = ph: pH
# name 11 = flECO-AFL: Fluorescence, WET Labs ECO-AFL/FL [mg/m^3]
# name 12 = n2satML/L: Nitrogen Saturation [ml/l]
# name 13 = c0S/m: Conductivity [S/m]
# name 14 = cpar: CPAR/Corrected Irradiance [%]
# name 15 = sigma-é00: Density [sigma-theta, kg/m^3]
# name 16 = sigma-t00: Density [sigma-t, kg/m^3 ]
# name 17 = par: PAR/Irradiance, Biospherical/Licor
# name 18 = prDM: Pressure, Digiquartz [db]
# name 19 = pumps: Pump Status
# name 20 = scan: Scan Count
# name 21 = svCM: Sound Velocity [Chen-Millero, m/s]
# name 22 = spar: SPAR, Biospherical/Licor
# name 23 = specc: Specific Conductance [uS/cm]
# name 24 = timeS: Time, Elapsed [seconds]
# name 25 = timeY: Time, System [seconds]
# name 26 = accM: Acceleration [m/s^2]
# name 27 = dz/dtM: Descent Rate [m/s]
# name 28 = latitude: Latitude [deg]
# name 29 = longitude: Longitude [deg]
# name 30 = gsw_saA0: Absolute Salinity [g/kg]
# name 31 = gsw_densityA0: density, TEOS-10 [density, kg/m^3]
# name 32 = gsw_sigma0A0: density, TEOS-10 [sigma-0, kg/m^3 ]
# name 33 = gsw_ptA0: potential temperature [ITS-90, deg C]
# name 34 = flag: flag
# span 0 =      1.000,     76.000       
# span 1 =     9.3605,    13.2119       
# span 2 =    33.4391,    35.0441       
# span 3 =  1025.8416,  1026.7261       
# span 4 =     2.2279,     2.5326       
# span 5 =     5.0757,     6.5534       
# span 6 =     86.083,    101.326       
# span 7 =   -0.01315,    0.01309       
# span 8 =    5.89627,    6.46820       
# span 9 =    5.89405,    6.47232       
# span 10 =      8.233,      8.276      
# span 11 =     0.0420,     0.5256      
# span 12 =   10.70562,   11.67035      
# span 13 =   3.598145,   4.125497      
# span 14 = -1.119e+04, 1.0422e+05      
# span 15 =    25.8383,    26.3864      
# span 16 =    25.8382,    26.3843      
# span 17 = -6.950e-05, 7.2775e-01      
# span 18 =      1.018,     76.589      
# span 19 =          1,          1      
# span 20 =        559,      20734      
# span 21 =    1485.64,    1502.21      
# span 22 = -1.381e-01, 6.3200e+00      
# span 23 =  52355.264,  53972.178      
# span 24 =     23.241,    863.895      
# span 25 = 1581287896, 1581288737      
# span 26 =      -0.31,       0.27      
# span 27 =     -0.640,      0.743      
# span 28 =   39.13498,   39.13732      
# span 29 =  -72.94452,  -72.94378      
# span 30 =    33.5976,    35.2142      
# span 31 =  1025.8461,  1026.7336      
# span 32 =    25.8415,    26.3939      
# span 33 =     9.3603,    13.2013      
# span 34 = 0.0000e+00, 0.0000e+00      
# interval = meters: 1                  
# start_time = Feb 09 2020 22:37:53 [System UTC, first data scan.]
# bad_flag = -9.990e-29
*END*
[from data line 125]
     25.000     9.3772    33.4823  1025.9841     2.4832     6.4074     99.125   -0.00015    6.46397    6.46807      8.247     0.5000   11.66283   3.604862 3.9604e+03    25.8700    25.8696 1.0000e-12     25.195          1      14760    1486.13 3.1942e+00  52427.505    614.946 1581288488       0.01     -0.228   39.13664  -72.94395    33.6410  1025.9873    25.8732     9.3745 0.0000e+00
     24.000     9.3806    33.4819  1025.9787     2.4840     6.4116     99.223    0.00050    6.46182    6.46588      8.247     0.4637   11.65927   3.605093 1.0818e+02    25.8692    25.8687 1.0000e-12     24.186          1      15632    1486.13 3.9310e+00  52425.605    651.287 1581288524      -0.03     -0.417   39.13674  -72.94392    33.6407  1025.9820    25.8724     9.3779 0.0000e+00
     23.000     9.3917    33.4822  1025.9725     2.4857     6.4151     99.309    0.00063    6.45975    6.46379      8.247     0.4649   11.65584   3.606154 2.5004e-11    25.8676    25.8672 1.0000e-12     23.176          1      15730    1486.16 3.9495e+00  52423.040    655.383 1581288528       0.02     -0.300   39.13676  -72.94392    33.6417  1025.9763    25.8714     9.3892 0.0000e+00
     22.000     9.4056    33.4836  1025.9667     2.4882     6.4238     99.455    0.00091    6.45902    6.46305      8.247     0.4959   11.65465   3.607500 2.4645e-11    25.8664    25.8660 1.0000e-12     22.170          1      15796    1486.19 3.9495e+00  52421.403    658.137 1581288531      -0.02     -0.391   39.13677  -72.94392    33.6430  1025.9705    25.8701     9.4032 0.0000e+00
     21.000     9.4125    33.4829  1025.9606     2.4893     6.4222     99.421    0.00034    6.45956    6.46359      8.247     0.4890   11.65559   3.607972 2.5229e-11    25.8647    25.8644 1.0000e-12     21.161          1      15867    1486.20 3.9495e+00  52418.484    661.084 1581288534       0.00     -0.327   39.13678  -72.94390    33.6419  1025.9639    25.8681     9.4102 0.0000e+00
     20.000     9.4091    33.4771  1025.9520     2.4952     6.4539     99.901    0.00185    6.46022    6.46426      8.247     0.4588   11.65675   3.607028 2.5167e-11    25.8607    25.8603 1.0000e-12     20.154          1      15943    1486.16 3.9495e+00  52410.287    664.237 1581288537       0.05     -0.293   39.13678  -72.94390    33.6358  1025.9551    25.8639     9.4069 0.0000e+00
     19.000     9.4067    33.4755  1025.9465     2.5011     6.4718    100.169    0.00174    6.46090    6.46494      8.249     0.5028   11.65795   3.606629 2.5298e-11    25.8598    25.8595 1.0000e-12     19.142          1      16023    1486.14 3.9495e+00  52407.857    667.580 1581288540      -0.27     -0.338   39.13680  -72.94390    33.6343  1025.9498    25.8631     9.4047 0.0000e+00
     18.000     9.4034    33.4681  1025.9367     2.5047     6.4833    100.338    0.00172    6.46144    6.46549      8.251     0.4933   11.65888   3.605542 2.5219e-11    25.8546    25.8543 1.0000e-12     18.140          1      16076    1486.10 3.9495e+00  52397.568    669.788 1581288542       0.05     -0.419   39.13680  -72.94390    33.6266  1025.9398    25.8576     9.4015 0.0000e+00
     17.000     9.4000    33.4628  1025.9285     2.5147     6.5173    100.848    0.00201    6.46247    6.46653      8.251     0.4658   11.66066   3.604639 2.5326e-11    25.8509    25.8506 1.0000e-12     17.127          1      16175    1486.06 3.9495e+00  52390.129    673.927 1581288546      -0.22     -0.269   39.13680  -72.94390    33.6209  1025.9313    25.8538     9.3981 0.0000e+00
     16.000     9.3974    33.4600  1025.9222     2.5161     6.5120    100.763    0.00086    6.46273    6.46678      8.251     0.4723   11.66111   3.604093 2.5320e-11    25.8492    25.8489 1.0000e-12     16.125          1      16219    1486.03 3.9495e+00  52386.097    675.761 1581288548      -0.01     -0.518   39.13682  -72.94390    33.6182  1025.9250    25.8520     9.3957 0.0000e+00
     15.000     9.3939    33.4546  1025.9139     2.5201     6.5258    100.975    0.00104    6.46277    6.46683      8.251     0.5018   11.66120   3.603221 3.3080e-11    25.8455    25.8452 1.0000e-12     15.115          1      16302    1486.00 3.3442e+00  52378.538    679.220 1581288552       0.05     -0.237   39.13682  -72.94390    33.6128  1025.9169    25.8484     9.3923 0.0000e+00
     14.000     9.3942    33.4535  1025.9084     2.5223     6.5299    101.037    0.00083    6.46287    6.46692      8.251     0.4672   11.66137   3.603106 6.8014e+03    25.8445    25.8443 1.0000e-12     14.108          1      16377    1485.98 3.6394e+00  52376.230    682.349 1581288555      -0.05     -0.397   39.13683  -72.94390    33.6118  1025.9115    25.8476     9.3927 0.0000e+00
     13.000     9.3940    33.4524  1025.9031     2.5235     6.5307    101.047    0.00048    6.46304    6.46709      8.251     0.4883   11.66170   3.602937 9.8870e+04    25.8437    25.8435 1.0000e-12     13.101          1      16437    1485.96 4.4194e-02  52374.206    684.845 1581288557      -0.01     -0.406   39.13684  -72.94390    33.6108  1025.9061    25.8468     9.3926 0.0000e+00
     12.000     9.3938    33.4499  1025.8965     2.5241     6.5274    100.996    0.00001    6.46306    6.46711      8.251     0.4741   11.66172   3.602631 -6.864e+03    25.8418    25.8415 1.0000e-12     12.091          1      16551    1485.94 4.2021e+00  52369.976    689.601 1581288562       0.02     -0.158   39.13686  -72.94390    33.6083  1025.8996    25.8448     9.3924 0.0000e+00
     11.000     9.3932    33.4500  1025.8921     2.5252     6.5307    101.042    0.00024    6.46336    6.46741      8.251     0.4765   11.66226   3.602534 1.1495e+02    25.8419    25.8417 1.0000e-12     11.086          1      16623    1485.92 3.9446e+00  52369.646    692.595 1581288565      -0.14     -0.445   39.13686  -72.94390    33.6083  1025.8951    25.8449     9.3919 0.0000e+00
     10.000     9.3915    33.4461  1025.8848     2.5278     6.5406    101.193    0.00021    6.46349    6.46755      8.252     0.4825   11.66247   3.601963 2.5245e-11    25.8391    25.8390 1.0000e-12     10.081          1      16997    1485.90 3.9495e+00  52363.864    708.166 1581288581       0.00     -0.310   39.13690  -72.94388    33.6044  1025.8878    25.8422     9.3904 0.0000e+00
      9.000     9.3858    33.4455  1025.8807     2.5292     6.5477    101.282    0.00053    6.46479    6.46886      8.254     0.5093   11.66465   3.601334 2.5205e-11    25.8396    25.8394 1.0000e-12      9.071          1      18212    1485.86 3.9495e+00  52363.557    758.799 1581288631       0.11     -0.464   39.13703  -72.94386    33.6037  1025.8836    25.8425     9.3848 0.0000e+00
      8.000     9.3825    33.4438  1025.8753     2.5302     6.5479    101.283    0.00026    6.46491    6.46899      8.253     0.4684   11.66485   3.600838 2.5317e-11    25.8387    25.8386 1.0000e-12      8.061          1      18377    1485.83 3.9495e+00  52361.150    765.665 1581288638       0.00     -0.237   39.13705  -72.94385    33.6021  1025.8783    25.8418     9.3816 0.0000e+00
      7.000     9.3822    33.4437  1025.8706     2.5302     6.5436    101.211   -0.00020    6.46534    6.46942      8.253     0.4668   11.66557   3.600751 2.5320e-11    25.8387    25.8385 1.0000e-12      7.053          1      18458    1485.81 3.9495e+00  52360.396    769.039 1581288642      -0.14     -0.390   39.13706  -72.94385    33.6020  1025.8737    25.8417     9.3814 0.0000e+00
      6.000     9.3794    33.4434  1025.8663     2.5309     6.5463    101.247   -0.00003    6.46565    6.46973      8.253     0.4588   11.66607   3.600430 4.3021e+04    25.8389    25.8388 1.0000e-12      6.047          1      18524    1485.78 2.1984e+00  52359.982    771.804 1581288644       0.06     -0.334   39.13707  -72.94386    33.6017  1025.8693    25.8419     9.3788 0.0000e+00
      5.000     9.3763    33.4436  1025.8624     2.5299     6.5430    101.193   -0.00005    6.46584    6.46993      8.253     0.5085   11.66639   3.600132 -1.965e+03    25.8396    25.8395 1.0000e-12      5.038          1      18638    1485.75 4.0295e+00  52360.276    776.543 1581288649      -0.03     -0.206   39.13708  -72.94385    33.6020  1025.8654    25.8426     9.3758 0.0000e+00
      4.000     9.3748    33.4436  1025.8580     2.5316     6.5507    101.309    0.00025    6.46604    6.47013 -9.990e-29     0.4704   11.66671   3.599949 1.6164e+04    25.8398    25.8397 1.0000e-12      4.031          1      18772    1485.73 3.0777e+00  52359.895    782.141 1581288655      -0.03     -0.166   39.13710  -72.94384    33.6019  1025.8611    25.8428     9.3744 0.0000e+00
      3.000     9.3742    33.4436  1025.8535     2.5308     6.5405    101.150   -0.00057    6.46608    6.47017 -9.990e-29     0.4637   11.66679   3.599851 1.0815e+04    25.8398    25.8398 1.0000e-12      3.023          1      18933    1485.71 3.5299e+00  52359.349    788.848 1581288661      -0.02     -0.206   39.13712  -72.94384    33.6020  1025.8566    25.8429     9.3738 0.0000e+00
      2.000     9.3708    33.4435  1025.8495     2.5313     6.5472    101.250   -0.00013    6.46643    6.47052      8.256     0.4437   11.66740   3.599476 1.1742e+04    25.8403    25.8403 1.2764e-01      2.012          1      20573    1485.68 3.4859e+00  52359.342    857.171 1581288730      -0.02     -0.240   39.13729  -72.94379    33.6017  1025.8524    25.8433     9.3706 0.0000e+00
      1.000     9.3712    33.4428  1025.8416 -9.990e-29 -9.990e-29 -9.990e-29 -9.990e-29 -9.990e-29 -9.990e-29 -9.990e-29 -9.990e-29 -9.990e-29   3.599264 5.3210e+02    25.8393    25.8393 7.2775e-01      1.018          1      20734    1485.66 3.9292e+00  52356.901    863.895 1581288737      -0.25     -0.581   39.13732  -72.94378    33.5996  1025.8461    25.8415     9.3711 0.0000e+00
