CalculateIndicators/WaterTemperature/Data/CTD_NYOS/20210324_C23.cnv
* Sea-Bird SBE 9 Data File:
* FileName = C:\Seabird 9 CTD\Data\2021\202103_offshore\20210324_C23.hex
* Software Version Seasave V 7.23.2
* Temperature SN = 4590
* Conductivity SN = 3228
* Number of Bytes Per Scan = 44
* Number of Voltage Words = 5
* Number of Scans Averaged by the Deck Unit = 1
* NMEA Latitude = 39 14.27 N
* NMEA Longitude = 072 17.73 W
* NMEA UTC (Time) = Mar 24 2021  07:34:23
* NMEA baud rate = 4800
** Ship: RV Seawolf
** Station: 4.6
** Operator: TDK
# nquan = 31
# nvalues = 601                         
# units = specified
# name 0 = depSM: Depth [salt water, m]
# name 1 = t090C: Temperature [ITS-90, deg C]
# name 2 = sal00: Salinity, Practical [PSU]
# name 3 = density00: Density [density, kg/m^3]
# name 4 = sbeox0V: Oxygen raw, SBE 43 [V]
# name 5 = sbeox0ML/L: Oxygen, SBE 43 [ml/l]
# name 6 = sbeox0PS: Oxygen, SBE 43 [% saturation]
# name 7 = sbox0dV/dT: Oxygen, SBE 43 [dov/dt]
# name 8 = oxsolML/L: Oxygen Saturation, Garcia & Gordon [ml/l]
# name 9 = oxsatML/L: Oxygen Saturation, Weiss [ml/l]
# name 10 = ph: pH
# name 11 = flECO-AFL: Fluorescence, WET Labs ECO-AFL/FL [mg/m^3]
# name 12 = n2satML/L: Nitrogen Saturation [ml/l]
# name 13 = c0S/m: Conductivity [S/m]
# name 14 = cpar: CPAR/Corrected Irradiance [%]
# name 15 = sigma-é00: Density [sigma-theta, kg/m^3]
# name 16 = sigma-t00: Density [sigma-t, kg/m^3 ]
# name 17 = par: PAR/Irradiance, Biospherical/Licor
# name 18 = prDM: Pressure, Digiquartz [db]
# name 19 = pumps: Pump Status
# name 20 = scan: Scan Count
# name 21 = svCM: Sound Velocity [Chen-Millero, m/s]
# name 22 = spar: SPAR, Biospherical/Licor
# name 23 = specc: Specific Conductance [uS/cm]
# name 24 = timeS: Time, Elapsed [seconds]
# name 25 = timeY: Time, System [seconds]
# name 26 = accM: Acceleration [m/s^2]
# name 27 = dz/dtM: Descent Rate [m/s]
# name 28 = latitude: Latitude [deg]
# name 29 = longitude: Longitude [deg]
# name 30 = flag: flag
# span 0 =      2.939,    300.494       
# span 1 =    10.4038,    14.2772       
# span 2 =    35.3588,    35.7264       
# span 3 =  1026.6164,  1028.5256       
# span 4 =     1.4079,     2.6170       
# span 5 =     2.8811,     5.9814       
# span 6 =     46.803,    104.017       
# span 7 =   -0.03306,    0.02114       
# span 8 =    5.75336,    6.24580       
# span 9 =    5.74976,    6.24855       
# span 10 =      8.334,      8.630      
# span 11 =    -0.0765,     2.5135      
# span 12 =   10.46285,   11.28020      
# span 13 =   3.896255,   4.287611      
# span 14 = -1.513e+04, 1.0299e+05      
# span 15 =    26.6025,    27.1684      
# span 16 =    26.6022,    27.1620      
# span 17 = 1.0000e-12, 1.0000e-12      
# span 18 =      3.000,    303.000      
# span 19 =          1,          1      
# span 20 =        160,      65838      
# span 21 =    1496.66,    1505.93      
# span 22 = -5.907e-02, 2.2736e+00      
# span 23 =  54570.078,  55023.201      
# span 24 =      6.630,   2743.212      
# span 25 = 1616571270, 1616574007      
# span 26 =      -1.05,       1.06      
# span 27 =     -1.822,      1.713      
# span 28 =   39.23516,   39.23796      
# span 29 =  -72.31403,  -72.29565      
# span 30 = 0.0000e+00, 0.0000e+00      
# interval = decibars: 1                
# start_time = Mar 24 2021 07:34:24 [System UTC, first data scan.]
# bad_flag = -9.990e-29
*END*
[from data line 562]
     40.680    13.6802    35.6772  1026.9605     2.3149     5.2252     89.713   -0.00003    5.82012    5.81738      8.544     0.2481   10.57268   4.236411 5.0640e-11    26.7792    26.7780 1.0000e-12     41.000          1      59865    1503.92 1.9747e+00  54756.759   2494.353 1616573758      -0.00     -0.439   39.23531  -72.31231 0.0000e+00
     39.696    13.6936    35.6734  1026.9504     2.3183     5.2327     89.888    0.00045    5.81954    5.81679      8.546     0.2672   10.57179   4.237288 5.0640e-11    26.7734    26.7722 1.0000e-12     40.000          1      59996    1503.93 1.9747e+00  54749.180   2499.781 1616573764      -0.21     -0.140   39.23530  -72.31234 0.0000e+00
     38.701    13.6929    35.6695  1026.9429     2.3196     5.2362     89.964    0.00070    5.81996    5.81721 -9.990e-29     0.2406   10.57248   4.236725 5.0640e-11    26.7704    26.7693 1.0000e-12     39.000          1      60052    1503.91 1.9747e+00  54743.225   2502.144 1616573766       0.06     -0.386   39.23530  -72.31236 0.0000e+00
     37.703    13.6911    35.6683  1026.9380     2.3197     5.2331     89.912   -0.00011    5.81996    5.81721 -9.990e-29     0.2379   10.57249   4.236364 5.0640e-11    26.7699    26.7688 1.0000e-12     38.000          1      60115    1503.89 1.9747e+00  54741.304   2504.767 1616573769      -0.19     -0.449   39.23530  -72.31238 0.0000e+00
     36.709    13.6908    35.6677  1026.9331     2.3207     5.2381     89.998    0.00069    5.81903    5.81627      8.546     0.2650   10.57097   4.236225 5.0640e-11    26.7695    26.7684 1.0000e-12     37.000          1      60220    1503.87 1.9747e+00  54739.883   2509.115 1616573773      -0.06     -0.613   39.23530  -72.31240 0.0000e+00
     35.726    13.6996    35.6667  1026.9261     2.3238     5.2511     90.164    0.00110    5.81722    5.81444      8.546     0.2728   10.56799   4.236997 5.0640e-11    26.7668    26.7657 1.0000e-12     36.000          1      60308    1503.88 1.9747e+00  54736.741   2512.789 1616573777       0.02     -0.212   39.23528  -72.31244 0.0000e+00
     34.732    13.7152    35.6661  1026.9179     2.3296     5.2681     90.495    0.00191    5.81504    5.81223 -9.990e-29     0.3500   10.56437   4.238490 5.0640e-11    26.7631    26.7621 1.0000e-12     35.000          1      60398    1503.91 1.9747e+00  54733.303   2516.532 1616573780      -0.07     -0.320   39.23528  -72.31245 0.0000e+00
     33.742    13.7398    35.6648  1026.9073     2.3383     5.3080     91.038    0.00408    5.80786    5.80496 -9.990e-29     0.4050   10.55251   4.240867 5.0640e-11    26.7569    26.7559 1.0000e-12     34.000          1      60494    1503.97 1.9747e+00  54727.527   2520.547 1616573784      -0.76     -0.624   39.23528  -72.31248 0.0000e+00
     32.734    13.7595    35.6644  1026.8983     2.3431     5.3169     91.348    0.00507    5.80837    5.80548      8.553     0.4139   10.55337   4.242768 5.0640e-11    26.7524    26.7514 1.0000e-12     33.000          1      60516    1504.02 1.9747e+00  54723.751   2521.466 1616573785      -0.15     -1.057   39.23528  -72.31249 0.0000e+00
     31.752    13.7951    35.6628  1026.8852     2.3517     5.3319     91.655    0.00350    5.80568    5.80275      8.555     0.4764   10.54892   4.246124 5.0640e-11    26.7437    26.7428 1.0000e-12     32.000          1      60604    1504.12 1.9747e+00  54716.312   2525.127 1616573789       0.18     -0.643   39.23528  -72.31252 0.0000e+00
     30.748    13.8190    35.6603  1026.8737     2.3621     5.3925     92.340    0.00648    5.79751    5.79448      8.563     0.6883   10.53544   4.248241 5.0640e-11    26.7367    26.7358 1.0000e-12     31.000          1      60691    1504.18 1.9747e+00  54709.050   2528.757 1616573793      -0.11     -1.245   39.23528  -72.31254 0.0000e+00
     29.766    13.9074    35.6568  1026.8480     2.3895     5.4258     93.616    0.00589    5.79132    5.78821      8.568     0.7834   10.52524   4.256726 5.0640e-11    26.7154    26.7145 1.0000e-12     30.000          1      60823    1504.44 1.9747e+00  54692.070   2534.245 1616573798      -0.12     -0.371   39.23527  -72.31258 0.0000e+00
     28.768    13.9434    35.6539  1026.8337     2.4029     5.4628     94.202    0.00515    5.78817    5.78502      8.571     0.8570   10.52005   4.259784 5.0640e-11    26.7055    26.7047 1.0000e-12     29.000          1      60902    1504.54 1.9747e+00  54682.736   2537.525 1616573801      -0.20     -0.644   39.23526  -72.31260 0.0000e+00
     27.786    13.9759    35.6515  1026.8205     2.4169     5.4930     94.703    0.00289    5.78342    5.78021      8.575     0.9430   10.51223   4.262607 5.0640e-11    26.6968    26.6959 1.0000e-12     28.000          1      61008    1504.63 1.9747e+00  54674.595   2541.954 1616573806      -0.16     -0.280   39.23526  -72.31262 0.0000e+00
     26.790    14.0046    35.6483  1026.8075     2.4286     5.5255     95.371    0.00435    5.78156    5.77833      8.578     1.0616   10.50917   4.265098 5.0640e-11    26.6882    26.6874 1.0000e-12     27.000          1      61079    1504.70 1.9747e+00  54665.895   2544.907 1616573809      -0.14     -0.371   39.23526  -72.31265 0.0000e+00
     25.800    14.0621    35.6410  1026.7852     2.4543     5.6413     97.042    0.01092    5.76946    5.76606      8.590     1.2276   10.48928   4.270163 5.0640e-11    26.6704    26.6696 1.0000e-12     26.000          1      61181    1504.86 1.9747e+00  54647.891   2549.181 1616573813      -0.06     -0.504   39.23526  -72.31268 0.0000e+00
     24.803    14.1115    35.6353  1026.7658     2.4768     5.6797     98.251    0.01242    5.76948    5.76609      8.594     1.3729   10.48931   4.274396 5.0640e-11    26.6554    26.6546 1.0000e-12     25.000          1      61226    1505.00 1.9747e+00  54633.161   2551.056 1616573815      -0.16     -0.541   39.23526  -72.31268 0.0000e+00
     23.824    14.1625    35.6297  1026.7462     2.5153     5.8008     99.731    0.00745    5.75930    5.75577      8.610     1.7291   10.47260   4.278648 5.0640e-11    26.6402    26.6394 1.0000e-12     24.000          1      61389    1505.14 1.9747e+00  54618.304   2557.818 1616573822      -0.04     -0.237   39.23526  -72.31273 0.0000e+00
     22.819    14.1917    35.6243  1026.7312     2.5329     5.8439    101.066    0.01413    5.76055    5.75704      8.612     1.9070   10.47464   4.281042 5.0640e-11    26.6297    26.6290 1.0000e-12     23.000          1      61406    1505.21 1.9747e+00  54606.711   2558.526 1616573822      -0.38     -0.682   39.23526  -72.31274 0.0000e+00
     21.821    14.2152    35.6219  1026.7199     2.5525     5.8499    101.477    0.00632    5.75990    5.75638      8.611     1.8958   10.47358   4.282864 5.0640e-11    26.6228    26.6222 1.0000e-12     22.000          1      61546    1505.27 1.9747e+00  54599.770   2564.370 1616573828      -0.13     -0.672   39.23525  -72.31278 0.0000e+00
     20.827    14.2264    35.6210  1026.7124     2.5669     5.8714    101.914    0.00268    5.75859    5.75506      8.617     2.0796   10.47143   4.283713 5.0640e-11    26.6197    26.6191 1.0000e-12     21.000          1      62013    1505.28 1.9747e+00  54596.608   2583.844 1616573848      -0.03     -0.574   39.23524  -72.31291 0.0000e+00
     19.851    14.2542    35.6162  1026.6983     2.5918     5.9673    103.353    0.00664    5.75398    5.75038      8.628     2.2642   10.46387   4.285938 5.0640e-11    26.6100    26.6094 1.0000e-12     20.000          1      63594    1505.35 1.9747e+00  54585.907   2649.708 1616573914      -0.04     -0.208   39.23522  -72.31336 0.0000e+00
     18.868    14.2698    35.6135  1026.6885     2.6018     5.9807    103.848    0.00700    5.75353    5.74993      8.630     2.3968   10.46313   4.287189 5.0640e-11    26.6046    26.6040 1.0000e-12     19.000          1      63626    1505.38 1.9747e+00  54579.675   2651.050 1616573915      -0.53     -0.527   39.23522  -72.31337 0.0000e+00
     17.859    14.2747    35.6130  1026.6825     2.6050     5.9806    103.925    0.00580    5.75355    5.74995      8.630     2.3594   10.46316   4.287533 5.0640e-11    26.6031    26.6025 1.0000e-12     18.000          1      63640    1505.38 1.9747e+00  54577.840   2651.610 1616573915      -0.55     -0.990   39.23522  -72.31338 0.0000e+00
     16.855    14.2758    35.6130  1026.6778     2.6083     5.9803    103.951    0.00383    5.75352    5.74992      8.630     2.2714   10.46311   4.287573 5.0640e-11    26.6029    26.6024 1.0000e-12     17.000          1      63671    1505.37 1.9747e+00  54577.157   2652.924 1616573917       0.10     -1.118   39.23522  -72.31339 0.0000e+00
     15.876    14.2770    35.6131  1026.6733     2.6130     5.9785    103.923    0.00078    5.75336    5.74976      8.630     2.3006   10.46285   4.287611 5.0640e-11    26.6027    26.6022 1.0000e-12     16.000          1      63835    1505.35 1.9747e+00  54576.597   2659.767 1616573924      -0.40     -0.941   39.23522  -72.31344 0.0000e+00
     14.884    14.2768    35.6132  1026.6689     2.6130     5.9789    103.907    0.00045    5.75343    5.74983 -9.990e-29     2.3138   10.46296   4.287551 5.0640e-11    26.6027    26.6022 1.0000e-12     15.000          1      63858    1505.34 1.9747e+00  54576.070   2660.701 1616573925      -0.01     -1.100   39.23522  -72.31345 0.0000e+00
     13.880    14.2771    35.6132  1026.6644     2.6134     5.9780    103.928    0.00025    5.75347    5.74987      8.630     2.3212   10.46302   4.287530 5.0640e-11    26.6026    26.6022 1.0000e-12     14.000          1      63888    1505.32 1.9747e+00  54575.493   2661.959 1616573926       0.13     -1.012   39.23522  -72.31346 0.0000e+00
     12.890    14.2772    35.6132  1026.6599     2.6136     5.9740    103.900    0.00018    5.75365    5.75005      8.630     2.3716   10.46331   4.287484 5.0640e-11    26.6026    26.6022 1.0000e-12     13.000          1      64045    1505.31 1.9747e+00  54574.907   2668.504 1616573932      -0.22     -1.283   39.23522  -72.31350 0.0000e+00
     11.892    14.2755    35.6134  1026.6560     2.6128     5.9732    103.801   -0.00060    5.75377    5.75018      8.630     2.2421   10.46353   4.287281 5.0640e-11    26.6031    26.6027 1.0000e-12     12.000          1      64140    1505.28 1.9747e+00  54574.835   2672.472 1616573936       0.09     -1.039   39.23522  -72.31353 0.0000e+00
     10.913    14.2732    35.6135  1026.6521     2.6128     5.9746    103.822   -0.00005    5.75386    5.75026 -9.990e-29     2.4144   10.46366   4.287009 5.0640e-11    26.6036    26.6033 1.0000e-12     11.000          1      64294    1505.26 1.9747e+00  54574.660   2678.876 1616573943       0.11     -0.425   39.23522  -72.31358 0.0000e+00
      9.920    14.2734    35.6135  1026.6476     2.6129     5.9806    103.829    0.00029    5.75394    5.75034      8.630     2.2436   10.46380   4.286992 5.0640e-11    26.6035    26.6032 1.0000e-12     10.000          1      64434    1505.24 1.9747e+00  54574.048   2684.704 1616573949      -0.01     -0.613   39.23522  -72.31362 0.0000e+00
      8.924    14.2730    35.6135  1026.6433     2.6145     5.9754    103.954    0.00093    5.75390    5.75031      8.630     2.3532   10.46375   4.286903 5.0640e-11    26.6036    26.6033 1.0000e-12      9.000          1      64508    1505.23 1.9747e+00  54573.525   2687.781 1616573952      -0.16     -0.500   39.23522  -72.31364 0.0000e+00
      7.934    14.2759    35.6134  1026.6381     2.6152     5.9814    103.905    0.00010    5.75350    5.74990 -9.990e-29     2.3302   10.46308   4.287139 5.0640e-11    26.6028    26.6026 1.0000e-12      8.000          1      64717    1505.22 1.9747e+00  54572.413   2696.506 1616573960      -0.09     -0.455   39.23520  -72.31370 0.0000e+00
      6.942    14.2771    35.6133  1026.6334     2.6170     5.9805    104.017    0.00051    5.75341    5.74981      8.630     2.3308   10.46294   4.287204 5.0640e-11    26.6025    26.6023 1.0000e-12      7.000          1      64854    1505.21 1.9747e+00  54571.672   2702.197 1616573966      -0.08     -0.445   39.23520  -72.31374 0.0000e+00
      5.953    14.2757    35.6135  1026.6294     2.6157     5.9762    103.894   -0.00012    5.75376    5.75016 -9.990e-29     2.3379   10.46351   4.287032 3.4125e+04    26.6029    26.6027 1.0000e-12      6.000          1      65052    1505.19 1.3008e+00  54571.506   2710.478 1616573974      -0.04     -0.223   39.23520  -72.31380 0.0000e+00
      4.960    14.2752    35.6134  1026.6250     2.6158     5.9806    103.911    0.00033    5.75382    5.75023      8.629     2.3494   10.46361   4.286937 -2.454e+03    26.6029    26.6028 1.0000e-12      5.000          1      65276    1505.17 2.0232e+00  54570.831   2719.808 1616573984      -0.23     -0.200   39.23518  -72.31386 0.0000e+00
      3.965    14.2732    35.6136  1026.6211     2.6151     5.9698    103.807   -0.00061    5.75382    5.75023      8.628     2.3668   10.46361   4.286701 5.0640e-11    26.6035    26.6034 1.0000e-12      4.000          1      65423    1505.14 1.9747e+00  54570.833   2725.912 1616573990       0.01     -0.408   39.23518  -72.31391 0.0000e+00
      2.964    14.2741    35.6136  1026.6164     2.6143     5.9756    103.760   -0.00073    5.75347    5.74987      8.630     2.4601   10.46302   4.286763 5.0640e-11    26.6033    26.6032 1.0000e-12      3.000          1      65838    1505.13 1.9747e+00  54570.078   2743.212 1616574007       0.07     -0.459   39.23516  -72.31403 0.0000e+00
