CalculateIndicators/WaterTemperature/Data/CTD_NYOS/20210521_C03.cnv
* Sea-Bird SBE 9 Data File:
* FileName = C:\Seabird 9 CTD\Data\2021\202105_offshore\20210521_C03.hex
* Software Version Seasave V 7.23.2
* Temperature SN = 4590
* Conductivity SN = 3228
* Number of Bytes Per Scan = 44
* Number of Voltage Words = 5
* Number of Scans Averaged by the Deck Unit = 1
* NMEA Latitude = 39 42.77 N
* NMEA Longitude = 073 29.90 W
* NMEA UTC (Time) = May 21 2021  11:08:30
* NMEA baud rate = 4800
** Ship: seawolf
** Station: 7.3
** Operator: eih
# nquan = 31
# nvalues = 150                         
# units = specified
# name 0 = depSM: Depth [salt water, m]
# name 1 = t090C: Temperature [ITS-90, deg C]
# name 2 = sal00: Salinity, Practical [PSU]
# name 3 = density00: Density [density, kg/m^3]
# name 4 = sbeox0V: Oxygen raw, SBE 43 [V]
# name 5 = sbeox0ML/L: Oxygen, SBE 43 [ml/l]
# name 6 = sbeox0PS: Oxygen, SBE 43 [% saturation]
# name 7 = sbox0dV/dT: Oxygen, SBE 43 [dov/dt]
# name 8 = oxsolML/L: Oxygen Saturation, Garcia & Gordon [ml/l]
# name 9 = oxsatML/L: Oxygen Saturation, Weiss [ml/l]
# name 10 = ph: pH
# name 11 = flECO-AFL: Fluorescence, WET Labs ECO-AFL/FL [mg/m^3]
# name 12 = n2satML/L: Nitrogen Saturation [ml/l]
# name 13 = c0S/m: Conductivity [S/m]
# name 14 = cpar: CPAR/Corrected Irradiance [%]
# name 15 = sigma-é00: Density [sigma-theta, kg/m^3]
# name 16 = sigma-t00: Density [sigma-t, kg/m^3 ]
# name 17 = par: PAR/Irradiance, Biospherical/Licor
# name 18 = prDM: Pressure, Digiquartz [db]
# name 19 = pumps: Pump Status
# name 20 = scan: Scan Count
# name 21 = svCM: Sound Velocity [Chen-Millero, m/s]
# name 22 = spar: SPAR, Biospherical/Licor
# name 23 = specc: Specific Conductance [uS/cm]
# name 24 = timeS: Time, Elapsed [seconds]
# name 25 = timeY: Time, System [seconds]
# name 26 = accM: Acceleration [m/s^2]
# name 27 = dz/dtM: Descent Rate [m/s]
# name 28 = latitude: Latitude [deg]
# name 29 = longitude: Longitude [deg]
# name 30 = flag: flag
# span 0 =      1.487,     38.719       
# span 1 =     8.8937,    14.2735       
# span 2 =    32.2436,    32.9879       
# span 3 =  1024.0485,  1025.7368       
# span 4 =     2.2961,     2.5983       
# span 5 =     5.8695,     6.4403       
# span 6 =     89.574,    103.597       
# span 7 =   -0.04224,    0.01967       
# span 8 =    5.87330,    6.55390       
# span 9 =    5.86900,    6.55879       
# span 10 =      7.952,      8.042      
# span 11 =     0.0659,     0.8647      
# span 12 =   10.69808,   11.81745      
# span 13 =   3.514314,   3.927144      
# span 14 = 9.5264e-02, 5.9269e+01      
# span 15 =    24.0329,    25.5595      
# span 16 =    24.0328,    25.5589      
# span 17 = 1.3730e+00, 4.5603e+02      
# span 18 =      1.500,     39.000      
# span 19 =          1,          1      
# span 20 =        262,      12531      
# span 21 =    1483.97,    1501.26      
# span 22 = 5.7837e+02, 1.4841e+03      
# span 23 =  49969.965,  51839.981      
# span 24 =     10.888,    522.091      
# span 25 = 1621595322, 1621595833      
# span 26 =      -0.91,       0.67      
# span 27 =     -0.909,      0.823      
# span 28 =   39.71284,   39.71306      
# span 29 =  -73.49854,  -73.49814      
# span 30 = 0.0000e+00, 0.0000e+00      
# interval = decibars: 0.5              
# start_time = May 21 2021 11:08:31 [System UTC, first data scan.]
# bad_flag = -9.990e-29
*END*
      1.984    14.2735    32.2931  1024.0485     2.5745     5.9816    101.844 -9.437e-07    5.87330    5.86900      8.013     0.0751   10.69808   3.926939 5.6901e+00    24.0396    24.0395 7.7731e+01      2.000          1        262    1501.22 1.3654e+03  49990.438     10.888 1621595322       0.34     -0.112   39.71286  -73.49836 0.0000e+00
      2.481    14.2726    32.2932  1024.0509     2.5734     5.9802    101.816    0.00019    5.87349    5.86920      8.013     0.0875   10.69838   3.926896 5.1769e+00    24.0399    24.0398 7.1599e+01      2.500          1        517    1501.23 1.3833e+03  49990.991     21.517 1621595333       0.01      0.142   39.71286  -73.49836 0.0000e+00
      2.977    14.2723    32.2935  1024.0534     2.5733     5.9796    101.801   -0.00014    5.87382    5.86953      8.013     0.0889   10.69890   3.926912 4.7456e+00    24.0401    24.0400 6.5740e+01      3.000          1        623    1501.23 1.3853e+03  49991.620     25.917 1621595337       0.16      0.202   39.71286  -73.49838 0.0000e+00
      3.472    14.2694    32.2949  1024.0574     2.5725     5.9770    101.754   -0.00037    5.87398    5.86969      8.013     0.0914   10.69917   3.926815 3.9022e+00    24.0418    24.0417 5.4304e+01      3.500          1        662    1501.23 1.3917e+03  49994.185     27.542 1621595339      -0.03      0.314   39.71286  -73.49838 0.0000e+00
      3.970    14.2684    32.2959  1024.0606     2.5729     5.9802    101.805    0.00004    5.87417    5.86988      8.013     0.1097   10.69947   3.926851 3.6915e+00    24.0428    24.0427 5.1555e+01      4.000          1        700    1501.24 1.3966e+03  49995.937     29.107 1621595340       0.04      0.314   39.71286  -73.49838 0.0000e+00
      4.467    14.2666    32.2961  1024.0634     2.5728     5.9799    101.799   -0.00001    5.87417    5.86988      8.014     0.1089   10.69947   3.926729 3.5699e+00    24.0434    24.0433 4.9846e+01      4.500          1        745 -9.990e-29 1.3962e+03  49996.760     31.018 1621595342      -0.06      0.270   39.71286  -73.49838 0.0000e+00
      4.956    14.2654    32.2963  1024.0660     2.5733     5.9842    101.867    0.00039    5.87454    5.87026      8.015     0.1000   10.70008   3.926674 3.2635e+00    24.0438    24.0437 4.5444e+01      5.000          1        816    1501.25 1.3922e+03  49997.433     33.942 1621595345       0.16      0.124   39.71286  -73.49838 0.0000e+00
      5.460    14.2645    32.2969  1024.0689     2.5730     5.9821    101.824   -0.00012    5.87486    5.87059      8.015     0.0980   10.70061   3.926677 2.9792e+00    24.0445    24.0443 4.1570e+01      5.500          1        840    1501.25 1.3956e+03  49998.642     34.946 1621595346       0.15      0.389   39.71286  -73.49838 0.0000e+00
      5.954    14.2644    32.2967  1024.0710     2.5730     5.9818    101.821   -0.00018    5.87483    5.87055      8.014     0.0941   10.70054   3.926648 2.6606e+00    24.0444    24.0442 3.7919e+01      6.000          1        870    1501.26 1.4253e+03  49998.682     36.225 1621595347      -0.06      0.413   39.71286  -73.49838 0.0000e+00
      6.453    14.2590    32.2984  1024.0757     2.5739     5.9876    101.919    0.00063    5.87492    5.87065      8.015     0.1232   10.70071   3.926360 2.6087e+00    24.0468    24.0466 3.6895e+01      6.500          1        900    1501.25 1.4144e+03  50001.911     37.469 1621595349       0.03      0.393   39.71288  -73.49840 0.0000e+00
      6.943    14.2476    32.2986  1024.0804     2.5700     5.9908    101.648   -0.00121    5.89374    5.88968      8.014     0.1223   10.73188   3.925046 2.7256e+00    24.0493    24.0491 3.8058e+01      7.000          1        971    1501.23 1.3968e+03  50003.421     40.437 1621595352       0.24      0.192   39.71288  -73.49839 0.0000e+00
      7.438    14.1977    32.3025  1024.0960     2.5682     5.9900    101.483   -0.00250    5.90237    5.89840      8.013     0.1305   10.74616   3.920627 2.4200e+00    24.0627    24.0625 3.4387e+01      7.500          1       1008    1501.08 1.4208e+03  50015.145     41.953 1621595353       0.56      0.399   39.71288  -73.49839 0.0000e+00
      7.945    14.1410    32.3016  1024.1094     2.5712     6.0088    101.797   -0.00011    5.90275    5.89879      8.014     0.1308   10.74687   3.914976 2.1224e+00    24.0738    24.0736 2.9960e+01      8.000          1       1021    1500.90 1.4115e+03  50020.475     42.493 1621595354       0.39      0.685   39.71288  -73.49840 0.0000e+00
      8.445    14.0016    32.2995  1024.1387     2.5711     6.0344    101.918    0.00135    5.92108    5.91733      8.015     0.1582   10.77718   3.901512 2.0503e+00    24.1009    24.1007 2.8829e+01      8.500          1       1055    1500.45 1.4052e+03  50033.919     43.927 1621595355       0.04      0.677   39.71288  -73.49840 0.0000e+00
      8.926    13.6836    32.2954  1024.2025     2.5577     6.0870    100.988   -0.00487    6.02747    6.02496      8.022     0.1890   10.95344   3.868368 2.2341e+00    24.1625    24.1623 3.1972e+01      9.000          1       1141    1499.41 1.4311e+03  50065.037     47.492 1621595359       0.59      0.397   39.71288  -73.49840 0.0000e+00
      9.434    13.4650    32.3139  1024.2632     2.5591     6.1049    101.322   -0.00121    6.02524    6.02270      8.022     0.1789   10.94978   3.853108 2.1420e+00    24.2209    24.2206 3.0472e+01      9.500          1       1154    1498.72 1.4225e+03  50119.521     48.053 1621595359       0.45      0.690   39.71288  -73.49840 0.0000e+00
      9.935    13.2727    32.3172  1024.3063     2.5647     6.1472    101.926    0.00317    6.03102    6.02854      8.022     0.1670   10.95939   3.835446 1.9710e+00    24.2617    24.2614 2.7717e+01     10.000          1       1172    1498.09 1.4059e+03  50147.832     48.800 1621595360      -0.03      0.806   39.71288  -73.49840 0.0000e+00
     10.418    12.9303    32.3252  1024.3822     2.5695     6.2071    101.951   -0.00095    6.08840    6.08662      8.027     0.1621   11.05431   3.805217 2.2581e+00    24.3354    24.3351 3.1244e+01     10.500          1       1247    1496.96 1.3841e+03  50203.049     51.903 1621595363       0.10      0.117   39.71288  -73.49840 0.0000e+00
     10.916    12.5939    32.3380  1024.4596     2.5713     6.2561    102.254    0.00115    6.11822    6.11681      8.029     0.1746   11.10349   3.776663 2.1141e+00    24.4104    24.4101 2.9808e+01     11.000          1       1295    1495.85 1.4100e+03  50266.956     53.920 1621595365      -0.04      0.263   39.71288  -73.49840 0.0000e+00
     11.402    12.4342    32.3468  1024.4991     2.5708     6.2726    102.132   -0.00066    6.14159    6.14047      8.030     0.1961   11.14208   3.763227 1.9985e+00    24.4477    24.4474 2.8860e+01     11.500          1       1337    1495.33 1.4445e+03  50301.886     55.658 1621595367       0.19      0.231   39.71288  -73.49840 0.0000e+00
     11.911    12.3353    32.3579  1024.5288     2.5712     6.2864    102.224    0.00006    6.14967    6.14866      8.031     0.1901   11.15539   3.755522 1.8358e+00    24.4751    24.4748 2.6959e+01     12.000          1       1354    1495.02 1.4686e+03  50330.942     56.369 1621595368       0.34      0.469   39.71288  -73.49840 0.0000e+00
     12.410    12.2000    32.3683  1024.5646     2.5715     6.3096    102.287    0.00028    6.16858    6.16781      8.033     0.1914   11.18659   3.744419 1.8405e+00    24.5087    24.5084 2.6084e+01     12.500          1       1382    1494.57 1.4180e+03  50365.591     57.542 1621595369      -0.08      0.509   39.71288  -73.49840 0.0000e+00
     12.894    11.9733    32.3885  1024.6251     2.5628     6.3422    101.608   -0.00443    6.24177    6.24194      8.037     0.2278   11.30737   3.726643 2.0048e+00    24.5668    24.5665 2.7702e+01     13.000          1       1439    1493.83 1.3814e+03  50427.263     59.929 1621595371       0.11      0.104   39.71288  -73.49840 0.0000e+00
     13.400    11.7898    32.3973  1024.6680     2.5599     6.3309    101.434   -0.00488    6.24144    6.24162      8.037     0.1935   11.30681   3.709394 1.8529e+00    24.6075    24.6072 2.5862e+01     13.500          1       1465    1493.21 1.3958e+03  50467.634     61.008 1621595372       0.12      0.384   39.71288  -73.49840 0.0000e+00
     13.891    11.3309    32.4349  1024.7831     2.5674     6.4220    102.547    0.00396    6.26255    6.26301      8.038     0.1959   11.34158   3.673040 1.8386e+00    24.7201    24.7198 2.5901e+01     14.000          1       1514    1491.67 1.4089e+03  50591.911     63.055 1621595374      -0.11      0.245   39.71288  -73.49842 0.0000e+00
     14.388    11.2787    32.4449  1024.8024     2.5656     6.4209    102.128   -0.00073    6.28709    6.28788      8.041     0.1901   11.38208   3.670196 1.6893e+00    24.7372    24.7369 2.4289e+01     14.500          1       1556    1491.51 1.4378e+03  50614.739     64.784 1621595376       0.14      0.282   39.71288  -73.49842 0.0000e+00
     14.887    11.1121    32.4560  1024.8430     2.5630     6.4170    101.906   -0.00215    6.29700    6.29793      8.042     0.1914   11.39833   3.655712 1.5888e+00    24.7755    24.7752 2.2724e+01     15.000          1       1590    1490.95 1.4303e+03  50657.774     66.200 1621595377      -0.03      0.361   39.71288  -73.49842 0.0000e+00
     15.375    10.9317    32.4695  1024.8877     2.5627     6.4276    102.072   -0.00009    6.29713    6.29807      8.042     0.2017   11.39842   3.641720 1.6790e+00    24.8179    24.8176 2.3566e+01     15.500          1       1635    1490.33 1.4034e+03  50706.973     68.084 1621595379       0.01      0.229   39.71288  -73.49842 0.0000e+00
     15.874    10.8633    32.4803  1024.9103     2.5640     6.4382    102.237    0.00111    6.29732    6.29826      8.040     0.2199   11.39876   3.637014 1.5871e+00    24.8383    24.8380 2.2085e+01     16.000          1       1658    1490.11 1.3915e+03  50733.884     69.041 1621595380       0.24      0.387   39.71288  -73.49842 0.0000e+00
     16.379    10.8656    32.4899  1024.9197     2.5648     6.4403    102.269    0.00105    6.29741    6.29835      8.040     0.1984   11.39891   3.638658 1.5433e+00    24.8454    24.8451 2.1399e+01     16.500          1       1677    1490.14 1.3866e+03  50747.392     69.852 1621595381       0.15      0.565   39.71288  -73.49842 0.0000e+00
     16.870    10.8732    32.4908  1024.9213     2.5633     6.4402    102.104   -0.00039    6.30751    6.30858      8.040     0.2119   11.41561   3.639837 1.4701e+00    24.8448    24.8444 2.0643e+01     17.000          1       1732    1490.18 1.4043e+03  50747.661     72.122 1621595383      -0.07      0.351   39.71288  -73.49842 0.0000e+00
     17.359    10.8723    32.4901  1024.9232     2.5553     6.4119    101.331   -0.00561    6.32767    6.32901      8.040     0.2224   11.44877   3.640225 1.3953e+00    24.8444    24.8440 1.9987e+01     17.500          1       1810    1490.18 1.4325e+03  50747.046     75.374 1621595387       0.37      0.213   39.71288  -73.49842 0.0000e+00
     17.863    10.8213    32.4835  1024.9292     2.5534     6.4064    101.270   -0.00525    6.32605    6.32739      8.040     0.2195   11.44595   3.633583 1.3531e+00    24.8481    24.8478 1.9266e+01     18.000          1       1827    1490.00 1.4238e+03  50746.760     76.066 1621595387       0.31      0.507   39.71288  -73.49842 0.0000e+00
     18.360    10.6745    32.4836  1024.9571     2.5527     6.4201    101.477   -0.00231    6.32664    6.32798      8.040     0.2371   11.44687   3.621185 1.3132e+00    24.8736    24.8733 1.8409e+01     18.500          1       1846    1489.49 1.4017e+03  50772.378     76.883 1621595388       0.03      0.635   39.71288  -73.49842 0.0000e+00
     18.858    10.6463    32.5034  1024.9796     2.5508     6.4196    101.460   -0.00140    6.32725    6.32861      8.040     0.2455   11.44788   3.621307 1.2558e+00    24.8940    24.8936 1.7465e+01     19.000          1       1871    1489.42 1.3907e+03  50805.386     77.904 1621595389      -0.11      0.558   39.71288  -73.49843 0.0000e+00
     19.347    10.6431    32.5275  1025.0012     2.5479     6.4062    101.351   -0.00104    6.32083    6.32213      8.036     0.2414   11.43683   3.623615 1.1857e+00    24.9133    24.9129 1.6822e+01     19.500          1       1933    1489.45 1.4188e+03  50840.097     80.482 1621595392      -0.08      0.212   39.71288  -73.49844 0.0000e+00
     19.832    10.6117    32.5287  1025.0098     2.5472     6.3967    101.545    0.00188    6.29935    6.30046      8.034     0.2596   11.40008   3.621194 1.1819e+00    24.9197    24.9193 1.6665e+01     20.000          1       2005    1489.35 1.4100e+03  50847.460     83.503 1621595395       0.53      0.204   39.71288  -73.49844 0.0000e+00
     20.341    10.6303    32.5799  1025.0488     2.5463     6.3834    101.337   -0.00015    6.29916    6.30027      8.033     0.2765   11.39971   3.631385 1.0828e+00    24.9564    24.9560 1.5270e+01     20.500          1       2015    1489.48 1.4103e+03  50916.488     83.911 1621595395       0.67      0.524   39.71288  -73.49844 0.0000e+00
     20.853    10.7321    32.6330  1025.0748     2.5451     6.3700    101.137   -0.00186    6.29840    6.29950      8.034     0.2784   11.39844   3.642898 9.9055e-01    24.9801    24.9797 1.3977e+01     21.000          1       2027    1489.92 1.4111e+03  50974.060     84.399 1621595396       0.51      0.823   39.71288  -73.49844 0.0000e+00
     21.342    10.7716    32.6531  1025.0858     2.5424     6.3536    101.029   -0.00146    6.28889    6.28989      8.031     0.2861   11.38237   3.648702 9.6826e-01    24.9889    24.9884 1.3655e+01     21.500          1       2075    1490.09 1.4102e+03  50995.583     86.419 1621595398      -0.01      0.495   39.71288  -73.49844 0.0000e+00
     21.820    10.8171    32.6735  1025.0959     2.5441     6.3499    101.443    0.00286    6.25957    6.26026      8.030     0.2983   11.33282   3.655220 9.3745e-01    24.9969    24.9964 1.3200e+01     22.000          1       2163    1490.28 1.4081e+03  51016.165     90.091 1621595401       0.23      0.091   39.71286  -73.49844 0.0000e+00
     22.330    10.9151    32.7233  1025.1198     2.5457     6.3589    101.500    0.00251    6.26499    6.26576      8.030     0.2952   11.34175   3.670209 8.8382e-01    25.0185    25.0180 1.2512e+01     22.500          1       2178    1490.70 1.4157e+03  51070.716     90.699 1621595402       0.36      0.419   39.71287  -73.49845 0.0000e+00
     22.828    11.0044    32.7506  1025.1275     2.5437     6.3468    101.212   -0.00007    6.27086    6.27171      8.029     0.3004   11.35130   3.680587 8.6454e-01    25.0240    25.0235 1.2188e+01     23.000          1       2203    1491.05 1.4097e+03  51093.624     91.761 1621595403      -0.06      0.536   39.71288  -73.49846 0.0000e+00
     23.315    11.0413    32.7880  1025.1522     2.5387     6.3159    100.711   -0.00326    6.27130    6.27217      8.029     0.3300   11.35184   3.686998 8.1359e-01    25.0466    25.0461 1.1670e+01     23.500          1       2242    1491.24 1.4350e+03  51140.218     93.387 1621595405      -0.07      0.292   39.71288  -73.49846 0.0000e+00
     23.818    10.9770    32.7997  1025.1750     2.5368     6.3155    100.707   -0.00218    6.27116    6.27203      8.029     0.3422   11.35161   3.682137 7.3015e-01    25.0670    25.0665 1.0716e+01     24.000          1       2271    1491.03 1.4677e+03  51167.599     94.597 1621595406       0.10      0.377   39.71288  -73.49846 0.0000e+00
     24.308    10.9599    32.8193  1025.1955     2.5016     6.3002     97.935   -0.01689    6.43531    6.43847      8.020     0.5356   11.62240   3.682353 7.3697e-01    25.0853    25.0848 1.0346e+01     24.500          1       2334    1491.00 1.4045e+03  51198.441     97.229 1621595409       0.01      0.169   39.71286  -73.49846 0.0000e+00
