CalculateIndicators/WaterTemperature/Data/CTD_NYOS/20210523_C20.cnv
* Sea-Bird SBE 9 Data File:
* FileName = C:\Seabird 9 CTD\Data\2021\202105_offshore\20210523_C20.hex
* Software Version Seasave V 7.23.2
* Temperature SN = 4590
* Conductivity SN = 3228
* Number of Bytes Per Scan = 44
* Number of Voltage Words = 5
* Number of Scans Averaged by the Deck Unit = 1
* NMEA Latitude = 39 31.55 N
* NMEA Longitude = 072 23.39 W
* NMEA UTC (Time) = May 23 2021  22:29:25
* NMEA baud rate = 4800
** Ship: seawolf
** Station: 4.5
** Operator: EIH
# nquan = 31
# nvalues = 1206                        
# units = specified
# name 0 = depSM: Depth [salt water, m]
# name 1 = t090C: Temperature [ITS-90, deg C]
# name 2 = sal00: Salinity, Practical [PSU]
# name 3 = density00: Density [density, kg/m^3]
# name 4 = sbeox0V: Oxygen raw, SBE 43 [V]
# name 5 = sbeox0ML/L: Oxygen, SBE 43 [ml/l]
# name 6 = sbeox0PS: Oxygen, SBE 43 [% saturation]
# name 7 = sbox0dV/dT: Oxygen, SBE 43 [dov/dt]
# name 8 = oxsolML/L: Oxygen Saturation, Garcia & Gordon [ml/l]
# name 9 = oxsatML/L: Oxygen Saturation, Weiss [ml/l]
# name 10 = ph: pH
# name 11 = flECO-AFL: Fluorescence, WET Labs ECO-AFL/FL [mg/m^3]
# name 12 = n2satML/L: Nitrogen Saturation [ml/l]
# name 13 = c0S/m: Conductivity [S/m]
# name 14 = cpar: CPAR/Corrected Irradiance [%]
# name 15 = sigma-é00: Density [sigma-theta, kg/m^3]
# name 16 = sigma-t00: Density [sigma-t, kg/m^3 ]
# name 17 = par: PAR/Irradiance, Biospherical/Licor
# name 18 = prDM: Pressure, Digiquartz [db]
# name 19 = pumps: Pump Status
# name 20 = scan: Scan Count
# name 21 = svCM: Sound Velocity [Chen-Millero, m/s]
# name 22 = spar: SPAR, Biospherical/Licor
# name 23 = specc: Specific Conductance [uS/cm]
# name 24 = timeS: Time, Elapsed [seconds]
# name 25 = timeY: Time, System [seconds]
# name 26 = accM: Acceleration [m/s^2]
# name 27 = dz/dtM: Descent Rate [m/s]
# name 28 = latitude: Latitude [deg]
# name 29 = longitude: Longitude [deg]
# name 30 = flag: flag
# span 0 =      1.954,    300.978       
# span 1 =    10.1322,    14.4340       
# span 2 =    32.1153,    35.7293       
# span 3 =  1023.8938,  1028.5780       
# span 4 =     1.4779,     3.2466       
# span 5 =     3.0876,     8.1956       
# span 6 =     50.188,    140.335       
# span 7 =   -0.19953,    0.08916       
# span 8 =    5.81680,    6.33869       
# span 9 =    5.81403,    6.34092       
# span 10 =      7.857,      8.136      
# span 11 =    -0.0967,     0.9345      
# span 12 =   10.56691,   11.45727      
# span 13 =   3.661857,   4.246085      
# span 14 = -4.553e-05, 2.2720e+01      
# span 15 =    23.8828,    27.2167      
# span 16 =    23.8827,    27.2105      
# span 17 = -5.901e-04, 2.1327e+02      
# span 18 =      2.000,    303.500      
# span 19 =          1,          1      
# span 20 =        108,      41207      
# span 21 =    1489.26,    1505.86      
# span 22 = 3.9749e+02, 1.4158e+03      
# span 23 =  49730.957,  55080.874      
# span 24 =      4.460,   1716.931      
# span 25 = 1621808968, 1621810681      
# span 26 =      -0.72,       0.61      
# span 27 =     -1.121,      1.128      
# span 28 =   39.52521,   39.52594      
# span 29 =  -72.38984,  -72.38290      
# span 30 = 0.0000e+00, 0.0000e+00      
# interval = decibars: 0.5              
# start_time = May 23 2021 22:29:23 [System UTC, first data scan.]
# bad_flag = -9.990e-29
*END*
[from data line 188]
     95.748    13.6322    35.5796  1027.1420     2.0571     4.5116     77.404   -0.00339    5.82868    5.82598 -9.990e-29    -0.0615   10.58785   4.223987 7.8133e-14    26.7153    26.7124 1.0000e-12     96.500          1       5164    1504.56 1.2799e+03  54661.790    215.140 1621809178       0.28      0.699   39.52582  -72.38900 0.0000e+00
     96.241    13.6343    35.5802  1027.1443     2.0553     4.5099     77.377   -0.00257    5.82848    5.82578 -9.990e-29    -0.0789   10.58751   4.224272 7.7456e-14    26.7153    26.7125 1.0000e-12     97.000          1       5183    1504.57 1.2911e+03  54662.678    215.905 1621809179      -0.08      0.756   39.52582  -72.38900 0.0000e+00
     96.730    13.6379    35.5814  1027.1466     2.0545     4.5105     77.388   -0.00190    5.82841    5.82571 -9.990e-29    -0.0792   10.58739   4.224778 7.5984e-14    26.7155    26.7126 1.0000e-12     97.500          1       5203    1504.59 1.3161e+03  54664.066    216.761 1621809180      -0.14      0.629   39.52582  -72.38900 0.0000e+00
     97.229    13.6408    35.5827  1027.1493     2.0546     4.5150     77.468   -0.00092    5.82825    5.82555      8.010    -0.0691   10.58712   4.225201 7.4661e-14    26.7159    26.7130 1.0000e-12     98.000          1       5221    1504.62 1.3394e+03  54665.795    217.486 1621809181       0.07      0.608   39.52582  -72.38900 0.0000e+00
     97.731    13.6428    35.5842  1027.1523     2.0545     4.5188     77.534    0.00003    5.82811    5.82541      8.010    -0.0658   10.58688   4.225582 7.4050e-14    26.7166    26.7137 1.0000e-12     98.500          1       5237    1504.63 1.3504e+03  54667.839    218.184 1621809181       0.10      0.685   39.52582  -72.38900 0.0000e+00
     98.227    13.6443    35.5849  1027.1547     2.0549     4.5203     77.563    0.00017    5.82792    5.82521      8.012    -0.0530   10.58655   4.225776 7.4349e-14    26.7169    26.7140 1.0000e-12     99.000          1       5263    1504.64 1.3450e+03  54668.882    219.261 1621809183      -0.18      0.589   39.52582  -72.38900 0.0000e+00
     98.718    13.6470    35.5862  1027.1573     2.0557     4.5231     77.625    0.00038    5.82696    5.82424      8.014    -0.0582   10.58492   4.226184 7.6694e-14    26.7174    26.7144 1.0000e-12     99.500          1       5310    1504.66 1.3040e+03  54670.566    221.203 1621809185      -0.05      0.254   39.52582  -72.38899 0.0000e+00
     99.209    13.6502    35.5883  1027.1605     2.0573     4.5298     77.751    0.00080    5.82606    5.82334 -9.990e-29    -0.0613   10.58338   4.226759 7.7884e-14    26.7184    26.7154 1.0000e-12    100.000          1       5361    1504.68 1.2839e+03  54673.365    223.319 1621809187       0.00      0.222   39.52582  -72.38896 0.0000e+00
     99.703    13.6545    35.5909  1027.1638     2.0587     4.5378     77.868    0.00135    5.82754    5.82484 -9.990e-29    -0.0522   10.58586   4.227518 7.7294e-14    26.7194    26.7165 1.0000e-12    100.500          1       5385    1504.71 1.2938e+03  54676.550    224.317 1621809188       0.27      0.357   39.52582  -72.38896 0.0000e+00
    100.203    13.6603    35.5943  1027.1675     2.0585     4.5375     77.843    0.00103    5.82902    5.82634 -9.990e-29    -0.0524   10.58832   4.228512 7.6806e-14    26.7209    26.7179 1.0000e-12    101.000          1       5401    1504.74 1.3020e+03  54680.761    224.979 1621809188       0.31      0.559   39.52582  -72.38896 0.0000e+00
    100.704    13.6635    35.5958  1027.1702     2.0578     4.5316     77.730   -0.00004    5.82993    5.82725 -9.990e-29    -0.0640   10.58984   4.228902 7.6403e-14    26.7214    26.7184 1.0000e-12    101.500          1       5415    1504.76 1.3089e+03  54682.642    225.584 1621809189       0.22      0.721   39.52582  -72.38896 0.0000e+00
    101.201    13.6600    35.5953  1027.1728     2.0577     4.5294     77.677   -0.00071    5.83110    5.82844      8.015    -0.0624   10.59178   4.228433 7.5864e-14    26.7218    26.7187 1.0000e-12    102.000          1       5431    1504.76 1.3182e+03  54682.730    226.230 1621809190       0.04      0.803   39.52582  -72.38896 0.0000e+00
    101.695    13.6541    35.5947  1027.1758     2.0563     4.5243     77.587   -0.00100    5.83130    5.82864      8.015    -0.0522   10.59212   4.227766 7.5325e-14    26.7225    26.7195 1.0000e-12    102.500          1       5448    1504.75 1.3276e+03  54683.048    226.948 1621809190      -0.10      0.768   39.52582  -72.38896 0.0000e+00
    102.197    13.6411    35.5925  1027.1791     2.0550     4.5185     77.487   -0.00150    5.83123    5.82857      8.013    -0.0524   10.59201   4.226212 7.6751e-14    26.7236    26.7205 1.0000e-12    103.000          1       5468    1504.71 1.3031e+03  54682.129    227.775 1621809191      -0.11      0.681   39.52582  -72.38896 0.0000e+00
    102.681    13.6199    35.5896  1027.1835     2.0488     4.4997     77.116   -0.00267    5.83502    5.83240      8.010    -0.0579   10.59833   4.223863 7.8735e-14    26.7258    26.7227 1.0000e-12    103.500          1       5523    1504.65 1.2701e+03  54681.375    230.075 1621809193      -0.07      0.184   39.52582  -72.38895 0.0000e+00
    103.179    13.6142    35.5885  1027.1860     2.0433     4.4806     76.769   -0.00378    5.83649    5.83389 -9.990e-29    -0.0509   10.60077   4.222929 7.7232e-14    26.7261    26.7230 1.0000e-12    104.000          1       5555    1504.63 1.2949e+03  54680.811    231.433 1621809195       0.39      0.308   39.52582  -72.38894 0.0000e+00
    103.680    13.5915    35.5868  1027.1917     2.0402     4.4691     76.570   -0.00449    5.83666    5.83407 -9.990e-29    -0.0635   10.60105   4.220734 7.6736e-14    26.7295    26.7264 1.0000e-12    104.500          1       5574    1504.56 1.3032e+03  54681.972    232.195 1621809196       0.23      0.565   39.52582  -72.38894 0.0000e+00
    104.174    13.5875    35.5862  1027.1943     2.0373     4.4639     76.479   -0.00384    5.83677    5.83417 -9.990e-29    -0.0526   10.60119   4.220282 7.6884e-14    26.7299    26.7268 1.0000e-12    105.000          1       5594    1504.56 1.3007e+03  54682.001    233.049 1621809196      -0.04      0.629   39.52582  -72.38894 0.0000e+00
    104.668    13.5801    35.5846  1027.1968     2.0348     4.4594     76.396   -0.00328    5.83722    5.83463 -9.990e-29    -0.0664   10.60190   4.219380 7.7332e-14    26.7302    26.7271 1.0000e-12    105.500          1       5615    1504.54 1.2931e+03  54681.063    233.932 1621809197      -0.04      0.573   39.52582  -72.38894 0.0000e+00
    105.165    13.5761    35.5844  1027.1997     2.0327     4.4558     76.332   -0.00276    5.83735    5.83476 -9.990e-29    -0.0658   10.60212   4.219048 7.7538e-14    26.7309    26.7278 1.0000e-12    106.000          1       5634    1504.54 1.2897e+03  54681.675    234.717 1621809198       0.06      0.586   39.52582  -72.38893 0.0000e+00
    105.668    13.5741    35.5867  1027.2042     2.0291     4.4436     76.122   -0.00323    5.83744    5.83486 -9.990e-29    -0.0581   10.60226   4.219145 7.7127e-14    26.7331    26.7299 1.0000e-12    106.500          1       5655    1504.54 1.2966e+03  54685.366    235.582 1621809199      -0.02      0.622   39.52582  -72.38892 0.0000e+00
    106.150    13.5676    35.5910  1027.2111     2.0218     4.4237     75.783   -0.00307    5.83729    5.83470      8.006    -0.0525   10.60197   4.218970 7.5696e-14    26.7378    26.7347 1.0000e-12    107.000          1       5708    1504.53 1.3211e+03  54692.510    237.773 1621809201      -0.11      0.192   39.52582  -72.38892 0.0000e+00
    106.652    13.5662    35.5929  1027.2150     2.0196     4.4220     75.753   -0.00208    5.83734    5.83476      8.006    -0.0660   10.60206   4.219103 7.5527e-14    26.7395    26.7364 1.0000e-12    107.500          1       5737    1504.54 1.3240e+03  54695.497    238.998 1621809202       0.43      0.304   39.52582  -72.38890 0.0000e+00
    107.156    13.5658    35.5942  1027.2184     2.0190     4.4232     75.772   -0.00154    5.83752    5.83494      8.006    -0.0556   10.60234   4.219216 7.5875e-14    26.7407    26.7375 1.0000e-12    108.000          1       5757    1504.55 1.3180e+03  54697.707    239.840 1621809203       0.14      0.568   39.52582  -72.38890 0.0000e+00
    107.640    13.5670    35.5948  1027.2208     2.0174     4.4222     75.750   -0.00085    5.83785    5.83527      8.004    -0.0522   10.60288   4.219437 7.7506e-14    26.7410    26.7378 1.0000e-12    108.500          1       5792    1504.56 1.2903e+03  54698.752    241.298 1621809205      -0.21      0.388   39.52582  -72.38890 0.0000e+00
    108.135    13.5656    35.5954  1027.2237     2.0151     4.4107     75.555   -0.00199    5.83781    5.83523      8.003    -0.0524   10.60280   4.219369 7.8757e-14    26.7417    26.7385 1.0000e-12    109.000          1       5818    1504.56 1.2697e+03  54699.948    242.362 1621809206       0.21      0.359   39.52582  -72.38890 0.0000e+00
    108.637    13.5640    35.5964  1027.2271     2.0127     4.4012     75.393   -0.00262    5.83769    5.83511      8.004    -0.0524   10.60259   4.219347 7.8995e-14    26.7428    26.7396 1.0000e-12    109.500          1       5834    1504.57 1.2659e+03  54701.844    243.046 1621809206       0.30      0.555   39.52582  -72.38890 0.0000e+00
    109.139    13.5627    35.5963  1027.2296     2.0112     4.3962     75.308   -0.00280    5.83767    5.83510      8.003    -0.0524   10.60255   4.219214 7.8739e-14    26.7430    26.7398 1.0000e-12    110.000          1       5851    1504.57 1.2700e+03  54702.172    243.740 1621809207       0.12      0.704   39.52582  -72.38889 0.0000e+00
    109.633    13.5610    35.5972  1027.2328     2.0100     4.3971     75.327   -0.00183    5.83742    5.83484      8.002    -0.0524   10.60211   4.219205 7.7550e-14    26.7441    26.7408 1.0000e-12    110.500          1       5874    1504.58 1.2896e+03  54703.988    244.716 1621809208      -0.18      0.635   39.52582  -72.38888 0.0000e+00
    110.120    13.5619    35.5991  1027.2363     2.0084     4.3957     75.302   -0.00111    5.83738    5.83481      8.002    -0.0640   10.60205   4.219533 7.5787e-14    26.7454    26.7421 1.0000e-12    111.000          1       5906    1504.59 1.3195e+03  54706.804    246.042 1621809209      -0.10      0.377   39.52582  -72.38888 0.0000e+00
    110.624    13.5625    35.6008  1027.2398     2.0075     4.3934     75.260   -0.00112    5.83759    5.83502      8.002    -0.0539   10.60240   4.219809 7.4965e-14    26.7466    26.7433 1.0000e-12    111.500          1       5930    1504.60 1.3340e+03  54709.277    247.022 1621809210       0.13      0.443   39.52582  -72.38888 0.0000e+00
    111.117    13.5636    35.6022  1027.2428     2.0072     4.3963     75.308   -0.00034    5.83771    5.83515 -9.990e-29    -0.0652   10.60251   4.220071 7.5784e-14    26.7475    26.7442 1.0000e-12    112.000          1       5968    1504.62 1.3197e+03  54711.383    248.633 1621809212      -0.15      0.350   39.52582  -72.38888 0.0000e+00
    111.613    13.5609    35.6038  1027.2469     2.0037     4.3780     75.030   -0.00191    5.83496    5.83237      8.000    -0.0567   10.59777   4.219992 7.8191e-14    26.7493    26.7460 1.0000e-12    112.500          1       6010    1504.62 1.2790e+03  54714.266    250.362 1621809214       0.12      0.284   39.52582  -72.38888 0.0000e+00
    112.099    13.5540    35.6074  1027.2532     1.9991     4.3581     74.719   -0.00311    5.83265    5.83004      7.999    -0.0665   10.59383   4.219770 7.9273e-14    26.7535    26.7502 1.0000e-12    113.000          1       6041    1504.61 1.2615e+03  54720.358    251.648 1621809215       0.03      0.367   39.52582  -72.38886 0.0000e+00
    112.600    13.5637    35.6166  1027.2606     1.9963     4.3452     74.517   -0.00402    5.83111    5.82848      7.999    -0.0658   10.59123   4.221858 7.9112e-14    26.7587    26.7553 1.0000e-12    113.500          1       6058    1504.66 1.2640e+03  54732.037    252.361 1621809216       0.27      0.474   39.52582  -72.38886 0.0000e+00
    113.101    13.5717    35.6234  1027.2664     1.9942     4.3393     74.415   -0.00407    5.83120    5.82857      7.997    -0.0776   10.59137   4.223505 7.8738e-14    26.7623    26.7589 1.0000e-12    114.000          1       6072    1504.70 1.2700e+03  54740.553    252.952 1621809216       0.32      0.665   39.52582  -72.38886 0.0000e+00
    113.600    13.5789    35.6287  1027.2712     1.9914     4.3325     74.295   -0.00382    5.83148    5.82885      7.997    -0.0758   10.59183   4.224663 7.8171e-14    26.7648    26.7615 1.0000e-12    114.500          1       6087    1504.74 1.2793e+03  54747.030    253.563 1621809217       0.13      0.803   39.52582  -72.38886 0.0000e+00
    114.096    13.5865    35.6347  1027.2765     1.9883     4.3220     74.115   -0.00420    5.83155    5.82893      7.997    -0.0659   10.59195   4.226170 7.7458e-14    26.7679    26.7645 1.0000e-12    115.000          1       6103    1504.78 1.2910e+03  54754.533    254.261 1621809218      -0.08      0.804   39.52582  -72.38886 0.0000e+00
    114.592    13.6008    35.6415  1027.2810     1.9862     4.3183     74.052   -0.00364    5.83139    5.82877      7.997    -0.0648   10.59168   4.228271 7.6778e-14    26.7703    26.7669 1.0000e-12    115.500          1       6125    1504.84 1.3025e+03  54762.298    255.172 1621809218      -0.19      0.664   39.52582  -72.38884 0.0000e+00
    115.084    13.6016    35.6431  1027.2843     1.9837     4.3180     74.054   -0.00198    5.83093    5.82830      7.996    -0.0500   10.59089   4.228415 7.6330e-14    26.7714    26.7679 1.0000e-12    116.000          1       6156    1504.85 1.3101e+03  54764.601    256.452 1621809220      -0.14      0.435   39.52582  -72.38884 0.0000e+00
    115.580    13.6020    35.6443  1027.2873     1.9820     4.3164     74.047   -0.00100    5.82928    5.82664      7.996    -0.0632   10.58813   4.228635 7.7162e-14    26.7722    26.7687 1.0000e-12    116.500          1       6203    1504.87 1.2960e+03  54766.454    258.407 1621809222      -0.09      0.263   39.52582  -72.38884 0.0000e+00
    116.070    13.6105    35.6467  1027.2896     1.9806     4.3116     73.995   -0.00090    5.82688    5.82421 -9.990e-29    -0.0525   10.58408   4.229768 7.8008e-14    26.7724    26.7689 1.0000e-12    117.000          1       6251    1504.90 1.2819e+03  54768.907    260.420 1621809224       0.20      0.209   39.52582  -72.38882 0.0000e+00
    116.572    13.6146    35.6481  1027.2921     1.9803     4.3135     74.025   -0.00037    5.82705    5.82438 -9.990e-29    -0.0657   10.58436   4.230396 7.8426e-14    26.7726    26.7691 1.0000e-12    117.500          1       6272    1504.93 1.2751e+03  54770.582    261.288 1621809225       0.23      0.449   39.52582  -72.38882 0.0000e+00
    117.064    13.6248    35.6512  1027.2945     1.9800     4.3129     74.017   -0.00033    5.82691    5.82424 -9.990e-29    -0.0658   10.58413   4.231810 7.8721e-14    26.7729    26.7694 1.0000e-12    118.000          1       6293    1504.97 1.2703e+03  54773.716    262.171 1621809225       0.04      0.561   39.52582  -72.38882 0.0000e+00
    117.558    13.6338    35.6552  1027.2979     1.9787     4.3079     73.932   -0.00071    5.82675    5.82408 -9.990e-29    -0.0741   10.58386   4.233134 7.8686e-14    26.7741    26.7706 1.0000e-12    118.500          1       6311    1505.02 1.2709e+03  54778.269    262.931 1621809226       0.07      0.584   39.52582  -72.38882 0.0000e+00
