CalculateIndicators/WaterTemperature/Data/CTD_NYOS/20210524_C26.cnv
* Sea-Bird SBE 9 Data File:
* FileName = C:\Seabird 9 CTD\Data\2021\202105_offshore\20210524_C26.hex
* Software Version Seasave V 7.23.2
* Temperature SN = 4590
* Conductivity SN = 3228
* Number of Bytes Per Scan = 44
* Number of Voltage Words = 5
* Number of Scans Averaged by the Deck Unit = 1
* NMEA Latitude = 40 25.86 N
* NMEA Longitude = 072 23.21 W
* NMEA UTC (Time) = May 24 2021  16:24:42
* NMEA baud rate = 4800
** Ship: seawolf
** Station: 3.2
** Operator: eih
# nquan = 31
# nvalues = 192                         
# units = specified
# name 0 = depSM: Depth [salt water, m]
# name 1 = t090C: Temperature [ITS-90, deg C]
# name 2 = sal00: Salinity, Practical [PSU]
# name 3 = density00: Density [density, kg/m^3]
# name 4 = sbeox0V: Oxygen raw, SBE 43 [V]
# name 5 = sbeox0ML/L: Oxygen, SBE 43 [ml/l]
# name 6 = sbeox0PS: Oxygen, SBE 43 [% saturation]
# name 7 = sbox0dV/dT: Oxygen, SBE 43 [dov/dt]
# name 8 = oxsolML/L: Oxygen Saturation, Garcia & Gordon [ml/l]
# name 9 = oxsatML/L: Oxygen Saturation, Weiss [ml/l]
# name 10 = ph: pH
# name 11 = flECO-AFL: Fluorescence, WET Labs ECO-AFL/FL [mg/m^3]
# name 12 = n2satML/L: Nitrogen Saturation [ml/l]
# name 13 = c0S/m: Conductivity [S/m]
# name 14 = cpar: CPAR/Corrected Irradiance [%]
# name 15 = sigma-é00: Density [sigma-theta, kg/m^3]
# name 16 = sigma-t00: Density [sigma-t, kg/m^3 ]
# name 17 = par: PAR/Irradiance, Biospherical/Licor
# name 18 = prDM: Pressure, Digiquartz [db]
# name 19 = pumps: Pump Status
# name 20 = scan: Scan Count
# name 21 = svCM: Sound Velocity [Chen-Millero, m/s]
# name 22 = spar: SPAR, Biospherical/Licor
# name 23 = specc: Specific Conductance [uS/cm]
# name 24 = timeS: Time, Elapsed [seconds]
# name 25 = timeY: Time, System [seconds]
# name 26 = accM: Acceleration [m/s^2]
# name 27 = dz/dtM: Descent Rate [m/s]
# name 28 = latitude: Latitude [deg]
# name 29 = longitude: Longitude [deg]
# name 30 = flag: flag
# span 0 =      1.463,     49.143       
# span 1 =     6.9062,    14.7948       
# span 2 =    31.1149,    33.0248       
# span 3 =  1023.0749,  1026.0989       
# span 4 =     2.0572,     2.8907       
# span 5 =     4.9627,     7.0460       
# span 6 =     78.063,    120.366       
# span 7 =   -0.09745,    0.09566       
# span 8 =    5.83422,    6.85645       
# span 9 =    5.82913,    6.86581       
# span 10 =      7.869,      8.051      
# span 11 =     0.0289,     1.0608      
# span 12 =   10.64014,   12.31781      
# span 13 =   3.336596,   3.906444      
# span 14 = 3.0010e-02, 5.7505e+01      
# span 15 =    23.0661,    25.8723      
# span 16 =    23.0661,    25.8717      
# span 17 = 4.8520e-01, 1.0197e+03      
# span 18 =      1.500,     49.500      
# span 19 =          1,          1      
# span 20 =        417,      17170      
# span 21 =    1476.30,    1502.20      
# span 22 = 1.5709e+03, 1.9195e+03      
# span 23 =  48317.851,  52370.159      
# span 24 =     17.332,    715.366      
# span 25 = 1621873497, 1621874195      
# span 26 =      -1.00,       1.04      
# span 27 =     -1.141,      1.184      
# span 28 =   40.43106,   40.43118      
# span 29 =  -72.38764,  -72.38688      
# span 30 = 0.0000e+00, 0.0000e+00      
# interval = decibars: 0.5              
# start_time = May 24 2021 16:24:40 [System UTC, first data scan.]
# bad_flag = -9.990e-29
*END*
      1.957    14.5860    31.1149  1023.0749     2.8580     6.8814    117.640    0.03063    5.84950    5.84441      8.038     0.0544   10.66863   3.824880 4.1727e+01    23.0661    23.0661 7.0179e+02      2.000          1        417    1500.86 1.6823e+03  48317.851     17.332 1621873497       0.31     -0.515   40.43114  -72.38688 0.0000e+00
      2.474    14.7334    31.2230  1023.1296     2.8869     7.0460    120.366    0.05023    5.85383    5.84875      8.038     0.0688   10.67641   3.857233 4.4763e+01    23.1185    23.1184 7.6736e+02      2.500          1        435    1501.47 1.7140e+03  48449.969     18.064 1621873498       0.93     -0.009   40.43114  -72.38688 0.0000e+00
      2.995    14.7549    31.4922  1023.3348     2.8907     7.0038    119.636    0.03656    5.85423    5.84917 -9.990e-29     0.0473   10.67685   3.883847 3.5762e+01    23.3214    23.3213 6.0123e+02      3.000          1        450    1501.86 1.6798e+03  48826.138     18.693 1621873498       0.64      0.525   40.43114  -72.38689 0.0000e+00
      3.485    14.7631    31.6017  1023.4196     2.5562     5.5129     94.352   -0.09745    5.84279    5.83772      8.041     0.0793   10.65557   3.895560 3.4155e+01    23.4040    23.4039 5.8640e+02      3.500          1        717    1502.02 1.7174e+03  48977.893     29.828 1621873510       0.08      0.555   40.43114  -72.38690 0.0000e+00
      3.966    14.7642    31.6340  1023.4463     2.4385     5.6185     96.230    0.01560    5.83861    5.83354 -9.990e-29     0.0809   10.64781   3.899304 3.8507e+01    23.4287    23.4285 6.4705e+02      4.000          1        811    1502.07 1.6804e+03  49022.734     33.735 1621873513       0.69      0.378   40.43114  -72.38690 0.0000e+00
      4.475    14.7649    31.6474  1023.4588     2.4260     5.5337     94.776    0.00298    5.83876    5.83370 -9.990e-29     0.0810   10.64810   3.900751 2.8980e+01    23.4388    23.4387 4.9010e+02      4.500          1        826    1502.09 1.6915e+03  49041.273     34.355 1621873514       0.41      0.707   40.43114  -72.38690 0.0000e+00
      4.969    14.7689    31.6420  1023.4561     2.3873     5.3287     91.259   -0.02137    5.83912    5.83407 -9.990e-29     0.0925   10.64854   3.900412 2.7453e+01    23.4339    23.4337 4.5223e+02      5.000          1        854    1502.11 1.6462e+03  49033.856     35.532 1621873515      -0.14      0.616   40.43114  -72.38692 0.0000e+00
      5.451    14.7690    31.6329  1023.4512     2.3280     5.2368     89.558   -0.00413    5.84732    5.84241      8.043     0.1096   10.66115   3.899570 2.2939e+01    23.4268    23.4267 3.8736e+02      5.500          1        936    1502.11 1.6889e+03  49021.320     38.952 1621873519       0.19      0.023   40.43114  -72.38692 0.0000e+00
      5.948    14.7645    31.6558  1023.4720     2.3593     5.4278     92.812    0.02156    5.84813    5.84322      8.043     0.1578   10.66264   3.901667 2.1386e+01    23.4454    23.4452 3.6158e+02      6.000          1        956    1502.13 1.6907e+03  49053.967     39.792 1621873519       0.26      0.358   40.43114  -72.38692 0.0000e+00
      6.458    14.7218    31.6926  1023.5117     2.3494     5.3423     91.392    0.00770    5.84549    5.84054      8.043     0.1368   10.65855   3.901657 1.9382e+01    23.4828    23.4826 3.2568e+02      6.500          1        974    1502.04 1.6802e+03  49109.977     40.560 1621873520       0.20      0.556   40.43114  -72.38692 0.0000e+00
      6.944    14.6848    31.7021  1023.5290     2.2955     5.0938     86.988   -0.01898    5.85571    5.85090      8.044     0.1357   10.67493   3.899277 1.7798e+01    23.4979    23.4977 2.9846e+02      7.000          1       1034    1501.94 1.6767e+03  49126.715     43.060 1621873523       0.09      0.222   40.43114  -72.38692 0.0000e+00
      7.445    14.6461    31.7173  1023.5511     2.2910     5.1770     88.323    0.00377    5.86147    5.85673      8.045 -9.990e-29   10.68416   3.897452 1.6066e+01    23.5179    23.5176 2.6498e+02      7.500          1       1070    1501.84 1.6494e+03  49152.704     44.532 1621873524       0.40      0.378   40.43114  -72.38692 0.0000e+00
      7.942    14.6049    31.7363  1023.5766     2.2821     5.1325     87.524   -0.00169    5.86407    5.85936      8.046 -9.990e-29   10.68844   3.895766 1.4925e+01    23.5411    23.5409 2.5024e+02      8.000          1       1099    1501.74 1.6771e+03  49183.524     45.750 1621873525      -0.07      0.469   40.43114  -72.38694 0.0000e+00
      8.434    14.5289    31.7747  1023.6244     2.2528     5.0155     85.251   -0.01446    5.88326    5.87883      8.049     0.2190   10.71904   3.893064 1.3835e+01    23.5867    23.5864 2.3139e+02      8.500          1       1148    1501.55 1.6722e+03  49245.307     47.781 1621873528      -0.02      0.237   40.43114  -72.38694 0.0000e+00
      8.927    14.4598    31.8022  1023.6622     2.2245     4.9627     83.826   -0.01574    5.92025    5.91637      8.051     0.2397   10.77784   3.889718 1.3631e+01    23.6223    23.6221 2.2674e+02      9.000          1       1195    1501.37 1.6636e+03  49291.211     49.751 1621873530       0.02      0.244   40.43114  -72.38694 0.0000e+00
      9.426    14.3025    31.8970  1023.7704     2.2263     5.0440     84.900   -0.00210    5.94100    5.93741      8.049     0.2613   10.81127   3.885456 1.2686e+01    23.7283    23.7280 2.1224e+02      9.500          1       1224    1500.98 1.6730e+03  49439.819     50.949 1621873531       0.13      0.370   40.43114  -72.38694 0.0000e+00
      9.922    14.0866    32.0306  1023.9203     2.2310     5.0805     85.496    0.00315    5.94245    5.93881      8.048     0.2649   10.81486   3.880098 1.1506e+01    23.8759    23.8756 1.9157e+02     10.000          1       1250    1500.44 1.6650e+03  49651.368     52.021 1621873532       0.04      0.450   40.43114  -72.38694 0.0000e+00
     10.424    13.8669    32.1625  1024.0694     2.2365     5.1022     85.893    0.00510    5.94018    5.93646      8.049     0.2640   10.81213   3.873950 1.0999e+01    24.0227    24.0224 1.7997e+02     10.500          1       1275    1499.88 1.6380e+03  49860.272     53.101 1621873533      -0.01      0.477   40.43114  -72.38694 0.0000e+00
     10.900    13.6505    32.0195  1024.0050     2.3670     6.0081     97.666    0.07086    6.14665    6.14526      8.043     0.2740   11.15596   3.838245 1.0321e+01    23.9562    23.9559 1.7315e+02     11.000          1       1360    1499.01 1.6765e+03  49683.901     56.632 1621873537       0.39      0.157   40.43114  -72.38694 0.0000e+00
     11.398    13.1882    32.2357  1024.2666     2.4256     6.3089    102.402    0.09566    6.16136    6.16017      8.044     0.2829   11.17971   3.814668 1.0047e+01    24.2154    24.2151 1.6835e+02     11.500          1       1382    1497.74 1.6756e+03  50046.494     57.557 1621873537       0.83      0.419   40.43114  -72.38694 0.0000e+00
     11.910    12.4742    32.4919  1024.6059     2.4402     6.3039    102.179    0.08283    6.16946    6.16846      8.044     0.2798   11.19177   3.770317 9.0477e+00    24.5523    24.5520 1.5051e+02     12.000          1       1390    1495.65 1.6632e+03  50498.950     57.883 1621873538       0.87      0.741   40.43114  -72.38694 0.0000e+00
     12.421    11.6058    32.6267  1024.8752     2.4566     6.2755    101.646    0.06534    6.17388    6.17288      8.044     0.2728   11.19994   3.700742 8.3865e+00    24.8190    24.8187 1.3684e+02     12.500          1       1399    1492.83 1.6323e+03  50823.004     58.262 1621873538       0.69      1.041   40.43114  -72.38694 0.0000e+00
     12.927    11.1273    32.3950  1024.7838     2.4836     6.2716    101.513    0.04645    6.17814    6.17721      8.045     0.2653   11.20682   3.642774 7.6249e+00    24.7252    24.7250 1.2863e+02     13.000          1       1418    1490.89 1.6874e+03  50564.752     59.034 1621873539       0.08      1.184   40.43114  -72.38694 0.0000e+00
     13.405    11.3208    32.1554  1024.5651     2.5472     6.3837    101.146   -0.00178    6.31137    6.31223      8.043     0.2465   11.42568   3.639008 7.8308e+00    24.5044    24.5041 1.3248e+02     13.500          1       1516    1491.29 1.6919e+03  50192.100     63.116 1621873543       0.93      0.858   40.43114  -72.38696 0.0000e+00
     13.907    10.9755    32.2115  1024.6725     2.5496     6.3969    101.370   -0.00044    6.31044    6.31128      8.043     0.2380   11.42422   3.615901 7.2550e+00    24.6094    24.6092 1.2288e+02     14.000          1       1527    1490.16 1.6937e+03  50335.599     63.572 1621873543       0.46      1.142   40.43114  -72.38696 0.0000e+00
     14.403    10.9255    32.1921  1024.6684     2.5527     6.4168    101.789    0.00297    6.30399    6.30473      8.043     0.2653   11.41373   3.610500 6.8097e+00    24.6030    24.6027 1.1384e+02     14.500          1       1542    1489.96 1.6728e+03  50317.288     64.229 1621873544      -0.26      1.124   40.43114  -72.38696 0.0000e+00
     14.880    10.8484    32.1736  1024.6697     2.5573     6.4570    101.810   -0.00034    6.34235    6.34363      8.042     0.2561   11.47667   3.603404 6.0853e+00    24.6021    24.6018 1.0361e+02     15.000          1       1620    1489.68 1.7012e+03  50304.705     67.454 1621873547      -0.07      0.296   40.43114  -72.38696 0.0000e+00
     15.383    10.7634    32.1859  1024.6963     2.5531     6.4562    101.173   -0.00657    6.38143    6.38325      8.041     0.2215   11.54083   3.596675 5.7875e+00    24.6265    24.6261 9.7253e+01     15.500          1       1672    1489.40 1.6804e+03  50336.079     69.638 1621873549       0.61      0.539   40.43114  -72.38696 0.0000e+00
     15.889    10.5261    32.2309  1024.7745     2.5495     6.4544    101.031   -0.00627    6.38857    6.39050      8.041     0.2302   11.55256   3.579913 5.4077e+00    24.7023    24.7020 9.0843e+01     16.000          1       1688    1488.62 1.6799e+03  50441.529     70.272 1621873550       0.23      0.798   40.43114  -72.38696 0.0000e+00
     16.370    10.3722    32.2457  1024.8145     2.5458     6.4658    101.127   -0.00314    6.39374    6.39574      8.041     0.2088   11.56105   3.569153 5.0881e+00    24.7400    24.7397 8.5663e+01     16.500          1       1726    1488.09 1.6846e+03  50489.262     71.855 1621873552      -0.38      0.412   40.43114  -72.38697 0.0000e+00
     16.874    10.2774    32.2611  1024.8448     2.5463     6.4894    101.435    0.00010    6.39758    6.39964 -9.990e-29     0.2162   11.56741   3.562480 4.7258e+00    24.7680    24.7677 8.0649e+01     17.000          1       1760    1487.78 1.7067e+03  50528.483     73.286 1621873553       0.15      0.346   40.43114  -72.38696 0.0000e+00
     17.358    10.2202    32.2658  1024.8603     2.5446     6.4799    101.261   -0.00101    6.39918    6.40125      8.040     0.2318   11.57009   3.558708 4.8138e+00    24.7813    24.7809 8.0068e+01     17.500          1       1814    1487.58 1.6638e+03  50545.543     75.528 1621873555      -0.13      0.198   40.43114  -72.38696 0.0000e+00
     17.867    10.2016    32.2662  1024.8661     2.5424     6.4742    101.142   -0.00121    6.40110    6.40319      8.040     0.2223   11.57326   3.557385 4.4423e+00    24.7847    24.7844 7.5259e+01     18.000          1       1845    1487.53 1.6943e+03  50549.733     76.830 1621873557       0.22      0.346   40.43114  -72.38696 0.0000e+00
     18.333    10.1810    32.2632  1024.8693     2.5359     6.4604    100.686   -0.00339    6.41637    6.41868      8.037     0.2097   11.59833   3.555510 4.5633e+00    24.7858    24.7855 7.5096e+01     18.500          1       1924    1487.46 1.6460e+03  50549.314     80.139 1621873560       0.79      0.101   40.43112  -72.38698 0.0000e+00
     18.846    10.1359    32.2761  1024.8893     2.5368     6.4713    100.777   -0.00288    6.42146    6.42386      8.037     0.2147   11.60655   3.552505 4.1854e+00    24.8034    24.8031 7.0534e+01     19.000          1       1931    1487.32 1.6850e+03  50576.256     80.410 1621873560       1.04      0.470   40.43112  -72.38698 0.0000e+00
     19.365    10.0751    32.2916  1024.9140     2.5380     6.4857    100.964   -0.00143    6.42377    6.42620      8.037     0.2195   11.61043   3.548179 3.9270e+00    24.8257    24.8253 6.6204e+01     19.500          1       1939    1487.13 1.6863e+03  50609.350     80.755 1621873560       1.02      0.833   40.43112  -72.38698 0.0000e+00
     19.872    10.0002    32.3021  1024.9369     2.5393     6.5039    101.217    0.00075    6.42567    6.42812      8.037     0.2231   11.61358   3.542932 3.6155e+00    24.8463    24.8459 6.1844e+01     20.000          1       1950    1486.88 1.7108e+03  50638.989     81.199 1621873561       0.52      1.163   40.43112  -72.38698 0.0000e+00
     20.350     9.9211    32.3034  1024.9532     2.5314     6.5028    100.599   -0.00278    6.46420    6.46719      8.038     0.2428   11.67699   3.536413 3.5256e+00    24.8603    24.8600 5.8562e+01     20.500          1       2026    1486.60 1.6621e+03  50655.428     84.379 1621873564       0.04      0.707   40.43112  -72.38698 0.0000e+00
     20.840     9.7266    32.3201  1025.0003     2.5236     6.4959    100.167   -0.00382    6.48505    6.48834      8.036     0.2530   11.71127   3.520676 3.3679e+00    24.9052    24.9048 5.5455e+01     21.000          1       2087    1485.92 1.6490e+03  50716.360     86.908 1621873567      -0.06      0.413   40.43112  -72.38698 0.0000e+00
     21.332     9.5649    32.3437  1025.0473     2.5199     6.5038    100.214   -0.00137    6.48996    6.49333      8.035     0.2509   11.71936   3.509264 3.0247e+00    24.9498    24.9495 5.2307e+01     21.500          1       2141    1485.37 1.7295e+03  50781.252     89.150 1621873569       0.28      0.172   40.43112  -72.38698 0.0000e+00
     21.828     9.5349    32.3471  1025.0570     2.5181     6.5337    100.213   -0.00099    6.51985    6.52365      8.036     0.3498   11.76860   3.507301 2.9025e+00    24.9573    24.9569 5.0744e+01     22.000          1       2190    1485.27 1.7482e+03  50792.141     91.206 1621873571       0.07      0.225   40.43112  -72.38698 0.0000e+00
     22.325     9.4845    32.3526  1025.0717     2.5125     6.5121     99.665   -0.00437    6.53395    6.53794      8.035     0.3624   11.79184   3.502689 2.8695e+00    24.9696    24.9692 4.9864e+01     22.500          1       2228    1485.10 1.7376e+03  50810.106     92.805 1621873573       0.45      0.270   40.43112  -72.38698 0.0000e+00
     22.828     9.3194    32.3631  1025.1086     2.5077     6.5005     99.419   -0.00457    6.53854    6.54260      8.035     0.3713   11.79939   3.489139 2.6609e+00    25.0042    25.0038 4.5926e+01     23.000          1       2254    1484.52 1.7264e+03  50858.388     93.880 1621873574       0.11      0.489   40.43112  -72.38698 0.0000e+00
     23.311     9.1824    32.3760  1025.1426     2.4938     6.4967     98.820   -0.00436    6.57429    6.57889      8.030     0.4245   11.85794   3.479149 2.4621e+00    25.0359    25.0355 4.2872e+01     23.500          1       2335    1484.04 1.7411e+03  50904.370     97.229 1621873577       0.19      0.068   40.43112  -72.38698 0.0000e+00
     23.820     9.0873    32.3984  1025.1774     2.4863     6.4822     98.287   -0.00659    6.59522    6.60015      8.025     0.3892   11.89219   3.472301 2.3265e+00    25.0683    25.0679 4.0550e+01     24.000          1       2358    1483.72 1.7431e+03  50956.250     98.208 1621873578       0.16      0.378   40.43112  -72.38698 0.0000e+00
     24.301     8.8771    32.4334  1025.2396     2.4629     6.4080     96.831   -0.01038    6.61771    6.62300      8.013     0.3669   11.92884   3.457202 2.1767e+00    25.1283    25.1279 3.8729e+01     24.500          1       2417    1482.99 1.7790e+03  51049.901    100.648 1621873580      -0.05      0.130   40.43112  -72.38699 0.0000e+00
