CalculateIndicators/WaterTemperature/Data/CTD_NYOS/20210323_C14.cnv
* Sea-Bird SBE 9 Data File:
* FileName = C:\Seabird 9 CTD\Data\2021\202103_offshore\20210323_C14.hex
* Software Version Seasave V 7.23.2
* Temperature SN = 4590
* Conductivity SN = 3228
* Number of Bytes Per Scan = 44
* Number of Voltage Words = 5
* Number of Scans Averaged by the Deck Unit = 1
* NMEA Latitude = 40 30.88 N
* NMEA Longitude = 073 27.26 W
* NMEA UTC (Time) = Mar 23 2021  00:44:58
* NMEA baud rate = 4800
** Ship: RV Seawolf
** Station: 6.1
** Operator: EIH
# nquan = 31
# nvalues = 33                          
# units = specified
# name 0 = depSM: Depth [salt water, m]
# name 1 = t090C: Temperature [ITS-90, deg C]
# name 2 = sal00: Salinity, Practical [PSU]
# name 3 = density00: Density [density, kg/m^3]
# name 4 = sbeox0V: Oxygen raw, SBE 43 [V]
# name 5 = sbeox0ML/L: Oxygen, SBE 43 [ml/l]
# name 6 = sbeox0PS: Oxygen, SBE 43 [% saturation]
# name 7 = sbox0dV/dT: Oxygen, SBE 43 [dov/dt]
# name 8 = oxsolML/L: Oxygen Saturation, Garcia & Gordon [ml/l]
# name 9 = oxsatML/L: Oxygen Saturation, Weiss [ml/l]
# name 10 = ph: pH
# name 11 = flECO-AFL: Fluorescence, WET Labs ECO-AFL/FL [mg/m^3]
# name 12 = n2satML/L: Nitrogen Saturation [ml/l]
# name 13 = c0S/m: Conductivity [S/m]
# name 14 = cpar: CPAR/Corrected Irradiance [%]
# name 15 = sigma-é00: Density [sigma-theta, kg/m^3]
# name 16 = sigma-t00: Density [sigma-t, kg/m^3 ]
# name 17 = par: PAR/Irradiance, Biospherical/Licor
# name 18 = prDM: Pressure, Digiquartz [db]
# name 19 = pumps: Pump Status
# name 20 = scan: Scan Count
# name 21 = svCM: Sound Velocity [Chen-Millero, m/s]
# name 22 = spar: SPAR, Biospherical/Licor
# name 23 = specc: Specific Conductance [uS/cm]
# name 24 = timeS: Time, Elapsed [seconds]
# name 25 = timeY: Time, System [seconds]
# name 26 = accM: Acceleration [m/s^2]
# name 27 = dz/dtM: Descent Rate [m/s]
# name 28 = latitude: Latitude [deg]
# name 29 = longitude: Longitude [deg]
# name 30 = flag: flag
# span 0 =      0.970,     16.888       
# span 1 =     5.0502,     6.1357       
# span 2 =    32.3052,    32.4654       
# span 3 =  1025.4509,  1025.7398       
# span 4 =     2.4227,     2.5796       
# span 5 =     6.9438,     7.3668       
# span 6 =     96.526,    104.312       
# span 7 =   -0.01217,    0.01117       
# span 8 =    7.00927,    7.18507       
# span 9 =    7.02023,    7.19900       
# span 10 =      8.485,      8.515      
# span 11 =     1.1829,     1.4120      
# span 12 =   12.57786,   12.86668      
# span 13 =   3.130403,   3.213006      
# span 14 = -7.062e+03, 1.8274e+05      
# span 15 =    25.4287,    25.6608      
# span 16 =    25.4287,    25.6607      
# span 17 = -2.325e-03, 1.6254e-01      
# span 18 =      1.000,     17.000      
# span 19 =          1,          1      
# span 20 =         58,       7170      
# span 21 =    1467.96,    1472.04      
# span 22 = -1.634e+00, 2.1142e+00      
# span 23 =  51581.032,  52096.893      
# span 24 =      2.369,    298.688      
# span 25 = 1616460298, 1616460594      
# span 26 =      -0.51,       0.37      
# span 27 =     -0.613,      0.614      
# span 28 =   40.51478,   40.51503      
# span 29 =  -73.45513,  -73.45440      
# span 30 = 0.0000e+00, 0.0000e+00      
# interval = decibars: 1                
# start_time = Mar 23 2021 00:44:56 [System UTC, first data scan.]
# bad_flag = -9.990e-29
*END*
      0.970     6.0947    32.3537  1025.4549     2.5698     7.2525    103.459    0.00030    7.01557    7.02664      8.498     1.1829   12.58821   3.209568 1.1420e+05    25.4504    25.4504 1.6254e-01      1.000          1         58    1471.79 -2.804e-01  51607.228      2.369 1616460298       0.37     -0.485   40.51478  -73.45440 0.0000e+00
      1.985     6.0950    32.3538  1025.4597     2.5696     7.2561    103.422    0.00001    7.01548    7.02654      8.498     1.2504   12.58805   3.209657 8.0254e+04    25.4505    25.4504 3.8647e-02      2.000          1        228    1471.81 3.8992e-01  51608.007      9.455 1616460305       0.12      0.157   40.51478  -73.45440 0.0000e+00
      2.976     6.0963    32.3536  1025.4640     2.5702     7.2568    103.463   -0.00012    7.01393    7.02497      8.498     1.2728   12.58551   3.209801 -7.062e+03    25.4502    25.4501 -2.325e-03      3.000          1        549    1471.84 2.1142e+00  51608.090     22.844 1616460319       0.07      0.217   40.51480  -73.45444 0.0000e+00
      3.971     6.1035    32.3535  1025.4677     2.5704     7.2599    103.499    0.00012    7.01388    7.02492      8.498     1.2467   12.58543   3.210492 6.8253e-04    25.4492    25.4492 1.3478e-05      4.000          1        596    1471.88 1.9747e+00  51606.620     24.806 1616460321       0.05      0.426   40.51480  -73.45444 0.0000e+00
      4.963     6.1098    32.3531  1025.4712     2.5700     7.2582    103.501    0.00013    7.01204    7.02305      8.498     1.2533   12.58238   3.211014 4.3659e+04    25.4482    25.4481 1.0000e-12      5.000          1        726    1471.92 1.1126e+00  51604.932     30.212 1616460326       0.20      0.413   40.51480  -73.45446 0.0000e+00
      5.957     6.1165    32.3531  1025.4751     2.5703     7.2628    103.536    0.00027    7.01213    7.02314      8.498     1.2925   12.58254   3.211659 1.1051e+03    25.4473    25.4473 1.0000e-12      6.000          1        777    1471.97 1.9529e+00  51603.736     32.327 1616460328       0.03      0.583   40.51482  -73.45446 0.0000e+00
      6.946     6.1191    32.3532  1025.4795     2.5707     7.2604    103.537   -0.00007    7.01207    7.02308      8.498     1.2637   12.58242   3.211912 5.0640e-11    25.4471    25.4471 1.0000e-12      7.000          1        886    1471.99 1.9747e+00  51603.872     36.856 1616460333       0.25      0.403   40.51482  -73.45447 0.0000e+00
      7.944     6.1208    32.3536  1025.4842     2.5697     7.2558    103.473   -0.00034    7.01225    7.02327      8.498     1.2902   12.58273   3.212118 5.0640e-11    25.4472    25.4471 1.0000e-12      8.000          1        951    1472.02 1.9747e+00  51604.568     39.581 1616460335      -0.10      0.614   40.51482  -73.45448 0.0000e+00
      8.930     6.0156    32.3443  1025.4943     2.5549     7.2755    102.308   -0.00598    7.09938    7.11179      8.506     1.3158   12.72656   3.201359 5.0640e-11    25.4527    25.4526 1.0000e-12      9.000          1       1070    1471.60 1.9747e+00  51622.527     44.539 1616460340       0.17      0.144   40.51482  -73.45449 0.0000e+00
      9.922     5.3209    32.3427  1025.5795     2.5333     7.2747    101.424   -0.00560    7.17162    7.18520      8.513     1.3994   12.84566   3.139760 3.0309e+04    25.5332    25.5331 1.0000e-12     10.000          1       1153    1468.82 1.3762e+00  51828.415     47.984 1616460344       0.06      0.472   40.51482  -73.45450 0.0000e+00
     10.919     5.1630    32.3712  1025.6246     2.5194     7.2044    100.864   -0.00455    7.17628    7.19000      8.498     1.3473   12.85286   3.130696 4.8976e+04    25.5736    25.5735 1.0000e-12     11.000          1       1241    1468.23 1.0076e+00  51919.873     51.655 1616460347       0.08      0.394   40.51482  -73.45451 0.0000e+00
     11.903     5.0825    32.4378  1025.6911     2.4842     7.0063     98.325   -0.01217    7.18378    7.19771      8.489     1.2899   12.86451   3.130510 -4.547e+03    25.6354    25.6353 1.0000e-12     12.000          1       1354    1468.00 2.0645e+00  52042.881     56.377 1616460352       0.04      0.325   40.51484  -73.45452 0.0000e+00
     12.903     5.0662    32.4594  1025.7146     2.4562     6.9940     97.455   -0.00731    7.18355    7.19746      8.486     1.2921   12.86419   3.131265 5.0640e-11    25.6543    25.6542 1.0000e-12     13.000          1       1449    1467.98 1.9747e+00  52080.040     60.350 1616460356       0.04      0.337   40.51484  -73.45453 0.0000e+00
     13.891     5.0611    32.4615  1025.7215     2.4381     6.9912     97.347   -0.00009    7.18417    7.19809 -9.990e-29     1.2924   12.86521   3.131483 5.0640e-11    25.6565    25.6564 1.0000e-12     14.000          1       1693    1467.98 1.9747e+00  52085.484     70.497 1616460366       0.11      0.151   40.51484  -73.45456 0.0000e+00
     14.886     5.0578    32.4618  1025.7267     2.4351     6.9767     97.165   -0.00048    7.18467    7.19860      8.485     1.3119   12.86603   3.131368 3.1887e+04    25.6571    25.6570 1.0000e-12     15.000          1       1947    1467.98 1.3450e+00  52087.688     81.064 1616460377       0.00      0.302   40.51484  -73.45458 0.0000e+00
     15.883     5.0535    32.4635  1025.7333     2.4293     6.9546     96.846   -0.00084    7.18507    7.19900      8.485     1.2718   12.86668   3.131227 2.0271e+04    25.6590    25.6588 1.0000e-12     16.000          1       2676    1467.98 1.5744e+00  52092.280    111.447 1616460407       0.08      0.381   40.51488  -73.45467 0.0000e+00
     16.888     5.0502    32.4654  1025.7398     2.4227     6.9438     96.526   -0.00061    7.18479    7.19871 -9.990e-29     1.2021   12.86625   3.131163 1.8274e+05    25.6608    25.6607 1.0000e-12     17.000          1       4176    1467.98 -1.634e+00  52096.893    173.953 1616460470      -0.37      0.300   40.51492  -73.45481 0.0000e+00
     15.879     5.0528    32.4636  1025.7334     2.4258     6.9636     96.747   -0.00011    7.18478    7.19871 -9.990e-29     1.2905   12.86624   3.131178 4.4139e+04    25.6591    25.6590 1.0000e-12     16.000          1       3477    1467.98 1.1031e+00  52092.564    144.827 1616460441      -0.51     -0.226   40.51490  -73.45474 0.0000e+00
     14.878     5.0557    32.4612  1025.7264     2.4288     6.9777     97.042    0.00127    7.18480    7.19873      8.485     1.2735   12.86627   3.131182 -2.235e+03    25.6569    25.6567 1.0000e-12     15.000          1       3588    1467.97 2.0188e+00  52087.439    149.440 1616460445      -0.01     -0.613   40.51490  -73.45475 0.0000e+00
     13.885     5.0588    32.4596  1025.7202     2.4326     6.9872     97.172    0.00089    7.18426    7.19818      8.485     1.2567   12.86540   3.131272 5.0640e-11    25.6552    25.6551 1.0000e-12     14.000          1       3782    1467.96 1.9747e+00  52083.415    157.557 1616460453      -0.05     -0.539   40.51491  -73.45477 0.0000e+00
     12.896     5.0622    32.4577  1025.7137     2.4368     6.9977     97.333    0.00058    7.18360    7.19751      8.485     1.2779   12.86435   3.131344 5.0640e-11    25.6534    25.6533 1.0000e-12     13.000          1       3946    1467.96 1.9747e+00  52078.873    164.372 1616460460      -0.01     -0.359   40.51492  -73.45480 0.0000e+00
     11.912     5.0675    32.4546  1025.7060     2.4432     7.0356     97.666    0.00101    7.17997    7.19374      8.493     1.3342   12.85906   3.131488 1.1479e+05    25.6503    25.6502 1.0000e-12     12.000          1       4137    1467.96 -2.922e-01  52072.008    172.329 1616460468      -0.17     -0.187   40.51492  -73.45482 0.0000e+00
     10.909     5.1036    32.4070  1025.6596     2.4648     7.1944     99.384    0.00702    7.17790    7.19162      8.500     1.4120   12.85577   3.130403 3.1127e+03    25.6086    25.6085 1.0000e-12     11.000          1       4272    1468.03 1.9132e+00  51990.703    177.974 1616460474       0.03     -0.483   40.51492  -73.45483 0.0000e+00
      9.918     5.1842    32.3419  1025.5944     2.5241     7.3180    101.832    0.00350    7.12635    7.13915      8.515     1.3225   12.77146   3.131580 4.4545e+04    25.5480    25.5480 1.0000e-12     10.000          1       5473    1468.26 1.0951e+00  51870.070    227.985 1616460524      -0.09     -0.381   40.51496  -73.45497 0.0000e+00
      8.927     5.4604    32.3081  1025.5312     2.5507     7.3668    103.918    0.01117    7.10911    7.12161      8.514     1.3019   12.74315   3.154067 2.6291e+03    25.4895    25.4894 1.0000e-12      9.000          1       6080    1469.32 1.9228e+00  51735.899    253.304 1616460549       0.07     -0.460   40.51498  -73.45502 0.0000e+00
      7.940     5.9596    32.3052  1025.4657     2.5796     7.2834    104.312    0.00329    7.01116    7.02214      8.503     1.2689   12.58109   3.196123 5.0640e-11    25.4287    25.4287 1.0000e-12      8.000          1       6302    1471.31 1.9747e+00  51581.032    262.544 1616460558      -0.14     -0.327   40.51500  -73.45504 0.0000e+00
      6.946     6.1357    32.3410  1025.4677     2.5728     7.2617    103.558   -0.00064    7.00927    7.02023      8.502     1.2766   12.57790   3.213006 5.0640e-11    25.4354    25.4354 1.0000e-12      7.000          1       6445    1472.04 1.9747e+00  51581.249    268.505 1616460564      -0.13     -0.267   40.51500  -73.45506 0.0000e+00
      5.953     6.1344    32.3467  1025.4678     2.5717     7.2578    103.543   -0.00007    7.00927    7.02023      8.501     1.2875   12.57786   3.212955 5.0640e-11    25.4401    25.4400 1.0000e-12      6.000          1       6590    1472.03 1.9747e+00  51589.371    274.525 1616460570      -0.07     -0.224   40.51501  -73.45507 0.0000e+00
      4.961     6.1331    32.3492  1025.4653     2.5716     7.2578    103.549    0.00009    7.01014    7.02111      8.500     1.2698   12.57927   3.212787 5.0640e-11    25.4423    25.4422 1.0000e-12      5.000          1       6723    1472.01 1.9747e+00  51592.763    280.078 1616460576      -0.04     -0.333   40.51502  -73.45508 0.0000e+00
      3.970     6.1266    32.3509  1025.4628     2.5715     7.2578    103.531    0.00013    7.01139    7.02239      8.499     1.3034   12.58134   3.212246 5.0640e-11    25.4444    25.4443 1.0000e-12      4.000          1       6852    1471.97 1.9747e+00  51596.327    285.474 1616460581      -0.17     -0.195   40.51502  -73.45510 0.0000e+00
      2.973     6.1230    32.3508  1025.4586     2.5716     7.2599    103.513   -0.00002    7.01198    7.02299 -9.990e-29     1.2562   12.58231   3.211837 5.0640e-11    25.4447    25.4447 1.0000e-12      3.000          1       6930    1471.94 1.9747e+00  51596.520    288.720 1616460585      -0.01     -0.478   40.51502  -73.45510 0.0000e+00
      1.988     6.1184    32.3513  1025.4549     2.5727     7.2653    103.600    0.00038    7.01218    7.02319      8.500     1.2280   12.58263   3.211429 6.1105e+00    25.4456    25.4456 1.1995e-01      2.000          1       7106    1471.91 1.9747e+00  51597.771    296.046 1616460592      -0.10     -0.113   40.51502  -73.45512 0.0000e+00
      0.970     6.1151    32.3517  1025.4509     2.5735     7.2667    103.587   -0.00024    7.01227    7.02329      8.502     1.2649   12.58278   3.211171 7.3621e+00    25.4464    25.4464 1.4568e-01      1.000          1       7170    1471.88 1.9747e+00  51598.649    298.688 1616460594      -0.24     -0.551   40.51503  -73.45513 0.0000e+00
