CalculateIndicators/WaterTemperature/Data/CTD_NYOS/20210323_C20.cnv
* Sea-Bird SBE 9 Data File:
* FileName = C:\Seabird 9 CTD\Data\2021\202103_offshore\20210323_C20.hex
* Software Version Seasave V 7.23.2
* Temperature SN = 4590
* Conductivity SN = 3228
* Number of Bytes Per Scan = 44
* Number of Voltage Words = 5
* Number of Scans Averaged by the Deck Unit = 1
* NMEA Latitude = 39 38.84 N
* NMEA Longitude = 072 47.57 W
* NMEA UTC (Time) = Mar 23 2021  18:46:04
* NMEA baud rate = 4800
** Ship: RV Seawolf
** Station: 5.4
** Operator: EIH
# nquan = 31
# nvalues = 122                         
# units = specified
# name 0 = depSM: Depth [salt water, m]
# name 1 = t090C: Temperature [ITS-90, deg C]
# name 2 = sal00: Salinity, Practical [PSU]
# name 3 = density00: Density [density, kg/m^3]
# name 4 = sbeox0V: Oxygen raw, SBE 43 [V]
# name 5 = sbeox0ML/L: Oxygen, SBE 43 [ml/l]
# name 6 = sbeox0PS: Oxygen, SBE 43 [% saturation]
# name 7 = sbox0dV/dT: Oxygen, SBE 43 [dov/dt]
# name 8 = oxsolML/L: Oxygen Saturation, Garcia & Gordon [ml/l]
# name 9 = oxsatML/L: Oxygen Saturation, Weiss [ml/l]
# name 10 = ph: pH
# name 11 = flECO-AFL: Fluorescence, WET Labs ECO-AFL/FL [mg/m^3]
# name 12 = n2satML/L: Nitrogen Saturation [ml/l]
# name 13 = c0S/m: Conductivity [S/m]
# name 14 = cpar: CPAR/Corrected Irradiance [%]
# name 15 = sigma-é00: Density [sigma-theta, kg/m^3]
# name 16 = sigma-t00: Density [sigma-t, kg/m^3 ]
# name 17 = par: PAR/Irradiance, Biospherical/Licor
# name 18 = prDM: Pressure, Digiquartz [db]
# name 19 = pumps: Pump Status
# name 20 = scan: Scan Count
# name 21 = svCM: Sound Velocity [Chen-Millero, m/s]
# name 22 = spar: SPAR, Biospherical/Licor
# name 23 = specc: Specific Conductance [uS/cm]
# name 24 = timeS: Time, Elapsed [seconds]
# name 25 = timeY: Time, System [seconds]
# name 26 = accM: Acceleration [m/s^2]
# name 27 = dz/dtM: Descent Rate [m/s]
# name 28 = latitude: Latitude [deg]
# name 29 = longitude: Longitude [deg]
# name 30 = flag: flag
# span 0 =      0.967,     61.528       
# span 1 =     8.5770,     9.5278       
# span 2 =    33.8661,    34.0929       
# span 3 =  1026.2414,  1026.6600       
# span 4 =     2.4317,     2.6462       
# span 5 =     6.2508,     6.8588       
# span 6 =     96.329,    106.395       
# span 7 =   -0.02603,    0.01328       
# span 8 =    6.42175,    6.56294       
# span 9 =    6.42573,    6.56888       
# span 10 =      8.527,      8.579      
# span 11 =     0.1275,     1.4238      
# span 12 =   11.58712,   11.82174      
# span 13 =   3.568886,   3.665997      
# span 14 = 1.6105e-02, 8.5497e+01      
# span 15 =    26.2344,    26.3793      
# span 16 =    26.2343,    26.3782      
# span 17 = 3.3110e-01, 1.8289e+03      
# span 18 =      1.000,     62.000      
# span 19 =          1,          1      
# span 20 =        123,      14615      
# span 21 =    1483.54,    1486.96      
# span 22 = 1.4094e+03, 2.1430e+03      
# span 23 =  53082.461,  53351.028      
# span 24 =      5.097,    608.925      
# span 25 = 1616525170, 1616525774      
# span 26 =      -1.14,       0.70      
# span 27 =     -1.243,      1.203      
# span 28 =   39.64641,   39.64740      
# span 29 =  -72.79569,  -72.79301      
# span 30 = 0.0000e+00, 0.0000e+00      
# interval = decibars: 1                
# start_time = Mar 23 2021 18:46:05 [System UTC, first data scan.]
# bad_flag = -9.990e-29
*END*
      0.967     9.5061    33.9797  1026.2414     2.6447     6.8317    106.169   -0.00040    6.42515    6.42918      8.564     0.6473   11.59274   3.663632 8.5497e+01    26.2375    26.2375 1.8289e+03      1.000          1        123    1486.82 2.1381e+03  53084.707      5.097 1616525170       0.26     -0.533   39.64740  -72.79301 0.0000e+00
      1.989     9.5073    33.9815  1026.2478     2.6450     6.8245    106.261    0.00028    6.42448    6.42850      8.564     0.6906   11.59162   3.664060 1.2172e+01    26.2387    26.2387 2.6046e+02      2.000          1        266    1486.84 2.1398e+03  53087.354     11.022 1616525176       0.41      0.151   39.64738  -72.79304 0.0000e+00
      2.982     9.5128    33.9815  1026.2515     2.6441     6.8187    106.205   -0.00010    6.42465    6.42867      8.564     0.7909   11.59191   3.664617 5.1030e+00    26.2379    26.2378 1.0935e+02      3.000          1        383    1486.88 2.1430e+03  53086.895     15.925 1616525181       0.38      0.511   39.64738  -72.79306 0.0000e+00
      3.967     9.5091    33.9814  1026.2565     2.6432     6.8213    106.153   -0.00032    6.42404    6.42806      8.564     0.8116   11.59090   3.664261 3.8012e+00    26.2384    26.2383 8.0730e+01      4.000          1        449    1486.88 2.1241e+03  53088.057     18.658 1616525183      -0.17      0.354   39.64737  -72.79308 0.0000e+00
      4.959     9.5123    33.9816  1026.2607     2.6432     6.8209    106.189   -0.00005    6.42230    6.42629      8.564     0.7230   11.58803   3.664671 3.3230e+00    26.2381    26.2380 7.0713e+01      5.000          1        513    1486.91 2.1279e+03  53088.368     21.320 1616525186      -0.05      0.377   39.64737  -72.79310 0.0000e+00
      5.961     9.5209    33.9815  1026.2638     2.6428     6.8246    106.185   -0.00013    6.42716    6.43122      8.564     0.7491   11.59605   3.665538 2.8518e+00    26.2366    26.2365 6.0133e+01      6.000          1        559    1486.96 2.1080e+03  53087.126     23.240 1616525188       0.13      0.572   39.64736  -72.79312 0.0000e+00
      6.942     9.5058    33.9818  1026.2710     2.6427     6.8356    106.196   -0.00009    6.42906    6.43315      8.564     0.9783   11.59920   3.664008 2.2753e+00    26.2394    26.2392 4.7760e+01      7.000          1        625    1486.92 2.0991e+03  53091.398     25.999 1616525191      -0.04      0.293   39.64736  -72.79312 0.0000e+00
      7.940     9.4687    33.9823  1026.2820     2.6444     6.8363    106.364    0.00062    6.43195    6.43608      8.565     1.1313   11.60395   3.660622 2.2153e+00    26.2458    26.2457 4.6420e+01      8.000          1        702    1486.80 2.0954e+03  53100.411     29.205 1616525194       0.29      0.286   39.64736  -72.79314 0.0000e+00
      8.931     9.4666    33.9827  1026.2872     2.6439     6.8408    106.280   -0.00027    6.43408    6.43824      8.567     1.2457   11.60747   3.660618 1.9244e+00    26.2464    26.2463 4.0026e+01      9.000          1        753    1486.81 2.0796e+03  53101.924     31.341 1616525196      -0.01      0.553   39.64736  -72.79316 0.0000e+00
      9.922     9.4517    33.9829  1026.2944     2.6437     6.8415    106.290   -0.00009    6.43377    6.43793      8.568     1.3213   11.60697   3.659306 1.7170e+00    26.2491    26.2489 3.5384e+01     10.000          1        798    1486.77 2.0609e+03  53106.084     33.225 1616525198       0.02      0.532   39.64736  -72.79316 0.0000e+00
     10.921     9.4381    33.9829  1026.3011     2.6446     6.8498    106.386    0.00029    6.43622    6.44042      8.567     1.3341   11.61103   3.658015 1.5300e+00    26.2513    26.2511 3.1485e+01     11.000          1        864    1486.74 2.0585e+03  53109.543     35.958 1616525201       0.17      0.422   39.64736  -72.79317 0.0000e+00
     11.902     9.4379    33.9830  1026.3058     2.6421     6.8346    106.201   -0.00104    6.44766    6.45202      8.570     1.4194   11.62990   3.658268 1.4973e+00    26.2515    26.2513 2.9392e+01     12.000          1        953    1486.75 1.9834e+03  53110.464     39.662 1616525204       0.16      0.488   39.64734  -72.79320 0.0000e+00
     12.902     9.4286    33.9823  1026.3113     2.6396     6.8328    105.978   -0.00219    6.44750    6.45186      8.570     1.4235   11.62964   3.656863 1.2557e+00    26.2524    26.2522 2.5885e+01     13.000          1        980    1486.73 2.0614e+03  53111.793     40.790 1616525205       0.24      0.721   39.64734  -72.79320 0.0000e+00
     13.896     9.3623    33.9850  1026.3287     2.6386     6.8450    106.052   -0.00085    6.44938    6.45377      8.570     1.4238   11.63276   3.651281 1.1886e+00    26.2653    26.2651 2.4256e+01     14.000          1       1025    1486.51 2.0442e+03  53130.258     42.651 1616525207      -0.15      0.562   39.64734  -72.79321 0.0000e+00
     14.879     9.3273    33.9841  1026.3383     2.6298     6.8137    105.498   -0.00361    6.50646    6.51163      8.559     1.1122   11.72770   3.648021 1.1135e+00    26.2704    26.2701 2.2667e+01     15.000          1       1117    1486.40 2.0416e+03  53137.117     46.485 1616525211       0.13      0.179   39.64734  -72.79323 0.0000e+00
     15.869     9.2424    33.9761  1026.3503     2.5990     6.5669    102.798   -0.01747    6.54254    6.54820      8.541     0.6592   11.78774   3.638576 1.0593e+00    26.2778    26.2776 2.1840e+01     16.000          1       1153    1486.10 2.0618e+03  53144.609     48.001 1616525213       0.36      0.566   39.64734  -72.79324 0.0000e+00
     16.874     9.0455    33.9430  1026.3605     2.5723     6.4950    100.698   -0.02603    6.53276    6.53829      8.540     0.6773   11.77148   3.614735 9.5169e-01    26.2834    26.2831 1.9486e+01     17.000          1       1175    1485.35 2.0473e+03  53140.937     48.912 1616525214       0.34      0.922   39.64734  -72.79325 0.0000e+00
     17.867     8.8066    33.9116  1026.3782     2.5425     6.5220     99.784   -0.02007    6.54438    6.55006      8.538     0.6433   11.79087   3.592125 8.9983e-01    26.2965    26.2962 1.8371e+01     18.000          1       1215    1484.44 2.0433e+03  53150.290     50.598 1616525215      -0.18      0.682   39.64734  -72.79326 0.0000e+00
     18.854     8.6917    33.8898  1026.3837     2.5073     6.4748     98.987   -0.01008    6.56149    6.56741      8.532     0.4945   11.81933   3.579652 9.2280e-01    26.2974    26.2971 1.8773e+01     19.000          1       1290    1484.01 2.0446e+03  53146.172     53.721 1616525218       0.19      0.300   39.64734  -72.79326 0.0000e+00
     19.840     8.5814    33.8753  1026.3940     2.4879     6.4517     98.354   -0.00683    6.56294    6.56888      8.530     0.4693   11.82174   3.569055 8.6557e-01    26.3031    26.3028 1.7405e+01     20.000          1       1353    1483.59 2.0223e+03  53151.219     56.321 1616525221      -0.07      0.368   39.64733  -72.79328 0.0000e+00
     20.835     8.5783    33.8747  1026.3986     2.4836     6.4561     98.371   -0.00437    6.56229    6.56822      8.530     0.4561   11.82066   3.568886 8.0855e-01    26.3031    26.3028 1.6704e+01     21.000          1       1384    1483.60 2.0657e+03  53151.823     57.629 1616525222       0.42      0.659   39.64732  -72.79328 0.0000e+00
     21.838     8.5770    33.8749  1026.4036     2.4808     6.4495     98.371   -0.00283    6.56224    6.56818      8.530     0.4607   11.82060   3.569000 7.6731e-01    26.3036    26.3032 1.5786e+01     22.000          1       1409    1483.61 2.0573e+03  53153.145     58.653 1616525223       0.11      0.948   39.64732  -72.79328 0.0000e+00
     22.823     8.5825    33.8755  1026.4077     2.4760     6.4442     98.256   -0.00169    6.56078    6.56670      8.531     0.4426   11.81812   3.569817 7.4374e-01    26.3032    26.3028 1.5419e+01     23.000          1       1476    1483.65 2.0739e+03  53153.306     61.444 1616525226      -0.12      0.366   39.64732  -72.79330 0.0000e+00
     23.813     8.5868    33.8781  1026.4136     2.4733     6.4344     98.209   -0.00087    6.55676    6.56262      8.531     0.4204   11.81136   3.570662 7.0783e-01    26.3046    26.3042 1.4766e+01     24.000          1       1539    1483.68 2.0862e+03  53156.625     64.085 1616525229       0.33      0.477   39.64732  -72.79332 0.0000e+00
     24.811     8.5978    33.8825  1026.4200     2.4711     6.4184     98.065   -0.00127    6.55399    6.55982      8.530     0.3861   11.80673   3.572294 6.5106e-01    26.3064    26.3060 1.3162e+01     25.000          1       1578    1483.75 2.0296e+03  53161.112     65.722 1616525230      -0.10      0.607   39.64732  -72.79332 0.0000e+00
     25.794     8.6276    33.8914  1026.4268     2.4676     6.4041     97.913   -0.00123    6.54611    6.55185      8.528     0.3485   11.79349   3.576025 6.0014e-01    26.3087    26.3083 1.2230e+01     26.000          1       1643    1483.88 2.0406e+03  53167.423     68.409 1616525233       0.05      0.301   39.64732  -72.79333 0.0000e+00
     26.788     8.6520    33.9012  1026.4353     2.4648     6.3903     97.722   -0.00184    6.54839    6.55415      8.527     0.3282   11.79733   3.579509 6.3071e-01    26.3127    26.3122 1.1476e+01     27.000          1       1675    1484.00 1.8562e+03  53176.402     69.762 1616525234       0.39      0.628   39.64732  -72.79335 0.0000e+00
     27.795     8.6739    33.9093  1026.4428     2.4623     6.3793     97.559   -0.00230    6.54942    6.55519      8.528     0.3253   11.79906   3.582148 5.3790e-01    26.3156    26.3152 1.0623e+01     28.000          1       1700    1484.11 1.9860e+03  53183.506     70.781 1616525235       0.13      0.939   39.64732  -72.79336 0.0000e+00
     28.780     8.6768    33.9106  1026.4479     2.4592     6.3863     97.517   -0.00124    6.54551    6.55123      8.530     0.3350   11.79247   3.582585 6.4705e-01    26.3162    26.3157 9.0929e+00     29.000          1       1785    1484.14 1.4094e+03  53185.274     74.348 1616525239       0.34      0.423   39.64730  -72.79336 0.0000e+00
     29.770     8.6856    33.9137  1026.4535     2.4590     6.3872     97.589   -0.00056    6.54100    6.54667      8.531     0.3168   11.78488   3.583651 4.1444e-01    26.3173    26.3168 8.3352e+00     30.000          1       1838    1484.19 2.0249e+03  53188.301     76.545 1616525241      -0.11      0.610   39.64730  -72.79338 0.0000e+00
     30.743     8.6876    33.9147  1026.4585     2.4593     6.3824     97.707    0.00048    6.54335    6.54905 -9.990e-29     0.2755   11.78884   3.584002 3.8760e-01    26.3178    26.3173 8.0167e+00     31.000          1       1882    1484.22 2.0681e+03  53189.941     78.376 1616525243       0.34      0.424   39.64730  -72.79338 0.0000e+00
     31.757     8.6976    33.9202  1026.4659     2.4582     6.3728     97.571   -0.00038    6.54390    6.54961 -9.990e-29     0.2868   11.78977   3.585772 3.5945e-01    26.3206    26.3201 7.4046e+00     32.000          1       1899    1484.28 2.0599e+03  53196.132     79.089 1616525244       0.70      0.906   39.64730  -72.79338 0.0000e+00
     32.760     8.7269    33.9307  1026.4741     2.4570     6.3755     97.471   -0.00089    6.53720    6.54282      8.531     0.2858   11.77852   3.589380 3.2829e-01    26.3242    26.3237 6.4657e+00     33.000          1       1961    1484.42 1.9751e+03  53204.953     81.662 1616525246       0.16      0.950   39.64730  -72.79340 0.0000e+00
     33.728     8.7455    33.9359  1026.4797     2.4581     6.3740     97.658    0.00040    6.52760    6.53310      8.531     0.3031   11.76241   3.591619 2.7325e-01    26.3254    26.3249 5.6313e+00     34.000          1       2059    1484.51 2.0600e+03  53208.762     85.755 1616525250       0.18      0.592   39.64730  -72.79342 0.0000e+00
     34.739     8.7703    33.9438  1026.4867     2.4581     6.3632     97.664    0.00051    6.52603    6.53152      8.531     0.2577   11.75978   3.594901 2.5834e-01    26.3278    26.3272 5.2981e+00     35.000          1       2079    1484.63 2.0508e+03  53215.011     86.583 1616525251       0.29      0.904   39.64730  -72.79342 0.0000e+00
     35.724     8.8035    33.9551  1026.4948     2.4578     6.3728     97.616    0.00006    6.52517    6.53064      8.531     0.2683   11.75833   3.598844 2.4194e-01    26.3314    26.3309 5.0321e+00     36.000          1       2134    1484.78 2.0800e+03  53224.081     88.865 1616525254      -0.17      0.452   39.64729  -72.79342 0.0000e+00
     36.709     8.8246    33.9640  1026.5030     2.4593     6.3834     97.799    0.00106    6.51762    6.52300      8.531     0.2584   11.74564   3.601619 2.0730e-01    26.3351    26.3345 4.2940e+00     37.000          1       2256    1484.88 2.0710e+03  53232.528     93.972 1616525259       0.52      0.372   39.64728  -72.79345 0.0000e+00
     37.707     8.8389    33.9718  1026.5114     2.4615     6.3921     98.034    0.00230    6.51600    6.52136 -9.990e-29     0.2410   11.74290   3.603889 1.9451e-01    26.3390    26.3384 3.9882e+00     38.000          1       2293    1484.96 2.0503e+03  53240.999     95.501 1616525260       0.59      0.890   39.64728  -72.79346 0.0000e+00
     38.706     8.8581    33.9785  1026.5182     2.4624     6.3781     98.056    0.00203    6.52012    6.52553 -9.990e-29     0.2721   11.74980   3.606226 1.7892e-01    26.3413    26.3406 3.6481e+00     39.000          1       2313    1485.06 2.0389e+03  53246.819     96.327 1616525261       0.15      1.203   39.64728  -72.79346 0.0000e+00
     39.704     8.8741    33.9833  1026.5240     2.4615     6.3709     97.824    0.00002    6.51482    6.52016      8.534     0.2677   11.74093   3.608184 1.6517e-01    26.3425    26.3419 3.3212e+00     40.000          1       2364    1485.14 2.0118e+03  53250.663     98.449 1616525263      -0.17      0.996   39.64728  -72.79346 0.0000e+00
     40.682     8.8951    33.9889  1026.5296     2.4616     6.3546     97.855    0.00015    6.49851    6.50364      8.531     0.2560   11.71364   3.610653 1.4168e-01    26.3437    26.3430 2.9195e+00     41.000          1       2486    1485.24 2.0605e+03  53254.584    103.544 1616525268      -0.07      0.889   39.64726  -72.79350 0.0000e+00
     41.675     8.9228    33.9961  1026.5354     2.4583     6.3087     97.581   -0.00121    6.50806    6.51332      8.530     0.2730   11.72960   3.614248 1.3439e-01    26.3449    26.3442 2.7155e+00     42.000          1       2514    1485.37 2.0204e+03  53259.193    104.698 1616525269       0.09      0.796   39.64726  -72.79350 0.0000e+00
     42.676     8.9744    34.0140  1026.5458     2.4574     6.3355     97.613   -0.00022    6.49415    6.49924      8.532     0.2505   11.70624   3.620558 1.3540e-01    26.3508    26.3501 2.4383e+00     43.000          1       2588    1485.60 1.8403e+03  53273.706    107.787 1616525272       0.08      0.554   39.64725  -72.79351 0.0000e+00
     43.647     9.0128    34.0349  1026.5605     2.4582     6.2630     97.582   -0.00116    6.47822    6.48310      8.531     0.1301   11.67947   3.626396 9.5040e-02    26.3611    26.3604 2.0553e+00     44.000          1       2706    1485.78 2.1191e+03  53295.266    112.713 1616525277       0.05      0.179   39.64724  -72.79352 0.0000e+00
     44.654     9.0935    34.0563  1026.5689     2.4475     6.2709     96.525   -0.00712    6.48189    6.48683      8.534     0.1444   11.68563   3.635626 9.6272e-02    26.3650    26.3643 1.9502e+00     45.000          1       2723    1486.12 2.0256e+03  53308.374    113.427 1616525278       0.36      0.714   39.64724  -72.79354 0.0000e+00
     45.649     9.0873    34.0574  1026.5753     2.4455     6.2890     96.829   -0.00263    6.48202    6.48696      8.534     0.1600   11.68583   3.635042 9.0099e-02    26.3669    26.3661 1.8205e+00     46.000          1       2758    1486.12 2.0206e+03  53311.876    114.858 1616525280      -0.14      0.755   39.64724  -72.79354 0.0000e+00
