CalculateIndicators/WaterTemperature/Data/CTD_NYOS/20210525_C30.cnv
* Sea-Bird SBE 9 Data File:
* FileName = C:\Seabird 9 CTD\Data\2021\202105_offshore\20210525_C30.hex
* Software Version Seasave V 7.23.2
* Temperature SN = 4590
* Conductivity SN = 3228
* Number of Bytes Per Scan = 44
* Number of Voltage Words = 5
* Number of Scans Averaged by the Deck Unit = 1
* NMEA Latitude = 39 41.76 N
* NMEA Longitude = 071 46.17 W
* NMEA UTC (Time) = May 25 2021  06:00:42
* NMEA baud rate = 4800
** Ship: seawolf
** Station: 2.5
** Operator: sjw
# nquan = 31
# nvalues = 1207                        
# units = specified
# name 0 = depSM: Depth [salt water, m]
# name 1 = t090C: Temperature [ITS-90, deg C]
# name 2 = sal00: Salinity, Practical [PSU]
# name 3 = density00: Density [density, kg/m^3]
# name 4 = sbeox0V: Oxygen raw, SBE 43 [V]
# name 5 = sbeox0ML/L: Oxygen, SBE 43 [ml/l]
# name 6 = sbeox0PS: Oxygen, SBE 43 [% saturation]
# name 7 = sbox0dV/dT: Oxygen, SBE 43 [dov/dt]
# name 8 = oxsolML/L: Oxygen Saturation, Garcia & Gordon [ml/l]
# name 9 = oxsatML/L: Oxygen Saturation, Weiss [ml/l]
# name 10 = ph: pH
# name 11 = flECO-AFL: Fluorescence, WET Labs ECO-AFL/FL [mg/m^3]
# name 12 = n2satML/L: Nitrogen Saturation [ml/l]
# name 13 = c0S/m: Conductivity [S/m]
# name 14 = cpar: CPAR/Corrected Irradiance [%]
# name 15 = sigma-é00: Density [sigma-theta, kg/m^3]
# name 16 = sigma-t00: Density [sigma-t, kg/m^3 ]
# name 17 = par: PAR/Irradiance, Biospherical/Licor
# name 18 = prDM: Pressure, Digiquartz [db]
# name 19 = pumps: Pump Status
# name 20 = scan: Scan Count
# name 21 = svCM: Sound Velocity [Chen-Millero, m/s]
# name 22 = spar: SPAR, Biospherical/Licor
# name 23 = specc: Specific Conductance [uS/cm]
# name 24 = timeS: Time, Elapsed [seconds]
# name 25 = timeY: Time, System [seconds]
# name 26 = accM: Acceleration [m/s^2]
# name 27 = dz/dtM: Descent Rate [m/s]
# name 28 = latitude: Latitude [deg]
# name 29 = longitude: Longitude [deg]
# name 30 = flag: flag
# span 0 =      1.959,    300.980       
# span 1 =     8.5060,    13.9072       
# span 2 =    32.7854,    35.7411       
# span 3 =  1024.9006,  1028.5226       
# span 4 =     1.4033,     2.7448       
# span 5 =     2.8941,     7.0813       
# span 6 =     46.716,    112.634       
# span 7 =   -0.03773,    0.11324       
# span 8 =    5.79709,    6.59806       
# span 9 =    5.79403,    6.60381       
# span 10 =      7.868,      8.142      
# span 11 =    -0.0994,     2.8493      
# span 12 =   10.53525,   11.88809      
# span 13 =   3.495823,   4.263468      
# span 14 = -1.515e+04, 1.2000e+05      
# span 15 =    24.8906,    27.1631      
# span 16 =    24.8905,    27.1568      
# span 17 = 1.0000e-12, 9.1246e-03      
# span 18 =      2.000,    303.500      
# span 19 =          1,          1      
# span 20 =         89,      41963      
# span 21 =    1482.75,    1506.18      
# span 22 = -3.950e-01, 2.2738e+00      
# span 23 =  51003.499,  55010.982      
# span 24 =      3.685,   1748.432      
# span 25 = 1621922443, 1621924187      
# span 26 =      -1.28,       1.13      
# span 27 =     -1.898,      1.771      
# span 28 =   39.69601,   39.69812      
# span 29 =  -71.77736,  -71.76954      
# span 30 = 0.0000e+00, 0.0000e+00      
# interval = decibars: 0.5              
# start_time = May 25 2021 06:00:39 [System UTC, first data scan.]
# bad_flag = -9.990e-29
*END*
[from data line 609]
    297.986    10.3920    35.3467  1028.5071     1.4070     2.9362     46.998   -0.00030    6.24734    6.25011      7.870    -0.0617   11.28291   3.893899 5.0640e-11    27.1609    27.1546 1.0000e-12    300.500          1      17997    1496.60 1.9747e+00  55007.044    749.849 1621923189       0.06     -0.315   39.69700  -71.77286 0.0000e+00
    297.512    10.3932    35.3465  1028.5046     1.4069     2.9378     47.029    0.00022    6.24677    6.24952      7.870    -0.0363   11.28195   3.893972 5.0640e-11    27.1605    27.1542 1.0000e-12    300.000          1      18067    1496.60 1.9747e+00  55006.218    752.748 1621923192      -0.16     -0.133   39.69700  -71.77286 0.0000e+00
    297.011    10.3945    35.3465  1028.5020     1.4073     2.9399     47.062    0.00030    6.24694    6.24970      7.870    -0.0525   11.28225   3.894085 5.0640e-11    27.1603    27.1539 1.0000e-12    299.500          1      18077    1496.60 1.9747e+00  55005.606    753.162 1621923192      -0.52     -0.375   39.69700  -71.77288 0.0000e+00
    296.503    10.3953    35.3463  1028.4995     1.4069     2.9381     47.032    0.00020    6.24695    6.24971      7.869    -0.0524   11.28226   3.894130 5.0640e-11    27.1600    27.1537 1.0000e-12    299.000          1      18088    1496.59 1.9747e+00  55004.856    753.606 1621923193      -0.65     -0.648   39.69700  -71.77288 0.0000e+00
    295.994    10.3965    35.3464  1028.4970     1.4071     2.9376     47.025    0.00000    6.24699    6.24975      7.869    -0.0524   11.28233   3.894221 5.0640e-11    27.1598    27.1535 1.0000e-12    298.500          1      18098    1496.59 1.9747e+00  55004.415    754.056 1621923193      -0.50     -0.913   39.69700  -71.77288 0.0000e+00
    295.494    10.3975    35.3466  1028.4948     1.4069     2.9363     47.009   -0.00001    6.24613    6.24887      7.869    -0.0527   11.28089   3.894323 5.0640e-11    27.1598    27.1535 1.0000e-12    298.000          1      18125    1496.58 1.9747e+00  55004.193    755.165 1621923194      -0.07     -0.895   39.69700  -71.77288 0.0000e+00
    295.031    10.3994    35.3468  1028.4925     1.4069     2.9332     46.997    0.00008    6.24134    6.24402      7.869    -0.0655   11.27296   3.894511 5.0640e-11    27.1596    27.1533 1.0000e-12    297.500          1      18198    1496.58 1.9747e+00  55003.793    758.194 1621923197      -1.06     -0.324   39.69700  -71.77290 0.0000e+00
    294.522    10.4010    35.3467  1028.4898     1.4079     2.9374     47.060    0.00021    6.24171    6.24439      7.869    -0.0658   11.27356   3.894675 5.0640e-11    27.1593    27.1530 1.0000e-12    297.000          1      18204    1496.58 1.9747e+00  55003.011    758.450 1621923197      -1.01     -0.725   39.69700  -71.77290 0.0000e+00
    294.019    10.4042    35.3469  1028.4871     1.4066     2.9345     47.012    0.00039    6.24183    6.24452      7.868    -0.0628   11.27376   3.894966 5.0640e-11    27.1589    27.1526 1.0000e-12    296.500          1      18212    1496.58 1.9747e+00  55002.396    758.795 1621923198      -0.81     -1.039   39.69700  -71.77290 0.0000e+00
    293.515    10.4067    35.3475  1028.4848     1.4067     2.9316     46.966   -0.00017    6.24195    6.24464      7.869    -0.0529   11.27397   3.895362 5.0640e-11    27.1589    27.1526 1.0000e-12    296.000          1      18221    1496.58 1.9747e+00  55002.354    759.169 1621923198      -0.47     -1.272   39.69700  -71.77290 0.0000e+00
    293.015    10.4169    35.3482  1028.4812     1.4064     2.9296     46.931   -0.00041    6.24239    6.24508      7.868    -0.0488   11.27468   3.896321 5.0640e-11    27.1576    27.1513 1.0000e-12    295.500          1      18233    1496.61 1.9747e+00  55000.809    759.651 1621923199       0.07     -1.345   39.69700  -71.77290 0.0000e+00
    292.535    10.4289    35.3494  1028.4778     1.4061     2.9239     46.921   -0.00018    6.23149    6.23404      7.868    -0.0275   11.25660   3.897647 5.0640e-11    27.1564    27.1502 1.0000e-12    295.000          1      18297    1496.65 1.9747e+00  54999.952    762.334 1621923201       0.22     -0.711   39.69701  -71.77291 0.0000e+00
    292.051    10.4391    35.3504  1028.4745     1.4065     2.9208     46.985    0.00056    6.21638    6.21872 -9.990e-29    -0.0661   11.23150   3.898675 5.0640e-11    27.1554    27.1492 1.0000e-12    294.500          1      18369    1496.68 1.9747e+00  54999.013    765.335 1621923204      -0.50     -0.468   39.69702  -71.77292 0.0000e+00
    291.547    10.4582    35.3523  1028.4702     1.4077     2.9244     47.044    0.00058    6.21628    6.21861 -9.990e-29    -0.0658   11.23132   3.901295 5.0640e-11    27.1535    27.1472 1.0000e-12    294.000          1      18380    1496.74 1.9747e+00  54997.335    765.800 1621923205      -0.50     -0.719   39.69702  -71.77292 0.0000e+00
    291.044    10.5016    35.3548  1028.4620     1.4072     2.9242     47.043    0.00082    6.21618    6.21851 -9.990e-29    -0.0658   11.23114   3.905441 5.0640e-11    27.1478    27.1415 1.0000e-12    293.500          1      18392    1496.89 1.9747e+00  54991.726    766.290 1621923205      -0.31     -0.920   39.69702  -71.77292 0.0000e+00
    290.545    10.5491    35.3601  1028.4552     1.4067     2.9195     46.964    0.00024    6.21651    6.21885 -9.990e-29    -0.0595   11.23168   3.910781 5.0640e-11    27.1436    27.1373 1.0000e-12    293.000          1      18407    1497.05 1.9747e+00  54989.753    766.936 1621923206       0.09     -0.967   39.69702  -71.77293 0.0000e+00
    290.064    10.6127    35.3673  1028.4469     1.4068     2.9166     46.918   -0.00026    6.21641    6.21875      7.872    -0.0547   11.23152   3.917288 5.0640e-11    27.1378    27.1315 1.0000e-12    292.500          1      18459    1497.28 1.9747e+00  54986.656    769.088 1621923208       0.21     -0.322   39.69702  -71.77295 0.0000e+00
    289.582    10.6176    35.3687  1028.4450     1.4065     2.9179     46.942    0.00023    6.21599    6.21832      7.872    -0.0523   11.23082   3.917591 5.0640e-11    27.1381    27.1317 1.0000e-12    292.000          1      18505    1497.29 1.9747e+00  54987.414    771.003 1621923210      -0.38     -0.214   39.69702  -71.77296 0.0000e+00
    289.076    10.6175    35.3693  1028.4432     1.4068     2.9181     46.944    0.00004    6.21599    6.21832      7.872    -0.0524   11.23081   3.917647 5.0640e-11    27.1386    27.1322 1.0000e-12    291.500          1      18517    1497.28 1.9747e+00  54987.999    771.502 1621923210      -0.57     -0.485   39.69702  -71.77296 0.0000e+00
    288.565    10.6179    35.3699  1028.4412     1.4073     2.9199     46.974    0.00016    6.21598    6.21831      7.872    -0.0579   11.23080   3.917699 5.0640e-11    27.1389    27.1326 1.0000e-12    291.000          1      18528    1497.28 1.9747e+00  54988.390    771.971 1621923211      -0.55     -0.756   39.69702  -71.77296 0.0000e+00
    288.064    10.6196    35.3701  1028.4388     1.4069     2.9181     46.952    0.00014    6.21518    6.21750      7.872    -0.0631   11.22947   3.917818 5.0640e-11    27.1388    27.1325 1.0000e-12    290.500          1      18554    1497.27 1.9747e+00  54988.032    773.057 1621923212      -0.16     -0.783   39.69702  -71.77296 0.0000e+00
    287.595    10.6214    35.3704  1028.4366     1.4074     2.9155     46.939   -0.00009    6.21114    6.21341      7.871    -0.0527   11.22275   3.917893 5.0640e-11    27.1387    27.1324 1.0000e-12    290.000          1      18620    1497.27 1.9747e+00  54987.818    775.787 1621923215      -0.75     -0.249   39.69702  -71.77298 0.0000e+00
    287.088    10.6207    35.3705  1028.4345     1.4080     2.9187     46.994    0.00019    6.21082    6.21308      7.871    -0.0643   11.22222   3.917840 5.0640e-11    27.1389    27.1326 1.0000e-12    289.500          1      18631    1497.26 1.9747e+00  54987.772    776.270 1621923215      -0.76     -0.599   39.69702  -71.77298 0.0000e+00
    286.583    10.6245    35.3709  1028.4318     1.4076     2.9195     47.007    0.00058    6.21078    6.21304      7.871    -0.0658   11.22216   3.918294 5.0640e-11    27.1385    27.1322 1.0000e-12    289.000          1      18643    1497.27 1.9747e+00  54987.201    776.740 1621923216      -0.49     -0.893   39.69702  -71.77298 0.0000e+00
    286.086    10.6361    35.3705  1028.4271     1.4070     2.9145     46.927 4.5071e-07    6.21081    6.21307      7.871    -0.0553   11.22221   3.919434 5.0640e-11    27.1361    27.1299 1.0000e-12    288.500          1      18658    1497.30 1.9747e+00  54984.084    777.371 1621923216       0.06     -0.998   39.69702  -71.77298 0.0000e+00
    285.599    10.6552    35.3732  1028.4235     1.4069     2.9124     46.897   -0.00023    6.21025    6.21251      7.871    -0.0548   11.22128   3.921438 5.0640e-11    27.1348    27.1286 1.0000e-12    288.000          1      18697    1497.36 1.9747e+00  54983.818    778.980 1621923218       0.30     -0.490   39.69702  -71.77298 0.0000e+00
    285.124    10.6605    35.3743  1028.4212     1.4068     2.9110     46.910    0.00018    6.20543    6.20762 -9.990e-29    -0.0546   11.21329   3.921924 5.0640e-11    27.1347    27.1285 1.0000e-12    287.500          1      18775    1497.37 1.9747e+00  54984.002    782.249 1621923221      -0.27     -0.049   39.69702  -71.77300 0.0000e+00
    284.624    10.6616    35.3747  1028.4191     1.4071     2.9117     46.937    0.00033    6.20347    6.20563 -9.990e-29    -0.0660   11.21005   3.922076 5.0640e-11    27.1348    27.1286 1.0000e-12    287.000          1      18784    1497.37 1.9747e+00  54983.984    782.617 1621923222      -0.55     -0.373   39.69702  -71.77300 0.0000e+00
    284.118    10.6662    35.3754  1028.4165     1.4065     2.9074     46.883    0.00012    6.20141    6.20355 -9.990e-29    -0.0631   11.20660   3.922630 5.0640e-11    27.1345    27.1283 1.0000e-12    286.500          1      18795    1497.38 1.9747e+00  54983.787    783.072 1621923222      -0.63     -0.650   39.69704  -71.77300 0.0000e+00
    283.612    10.6735    35.3763  1028.4136     1.4071     2.9088     46.910    0.00004    6.20086    6.20299 -9.990e-29    -0.0522   11.20567   3.923475 5.0640e-11    27.1339    27.1277 1.0000e-12    286.000          1      18805    1497.40 1.9747e+00  54983.272    783.510 1621923222      -0.51     -0.903   39.69704  -71.77300 0.0000e+00
    283.114    10.6840    35.3773  1028.4101     1.4070     2.9079     46.895   -0.00005    6.20087    6.20300 -9.990e-29    -0.0524   11.20568   3.924548 5.0640e-11    27.1328    27.1266 1.0000e-12    285.500          1      18818    1497.43 1.9747e+00  54982.259    784.022 1621923223      -0.14     -1.061   39.69704  -71.77300 0.0000e+00
    282.621    10.6937    35.3766  1028.4056     1.4072     2.9098     46.926    0.00016    6.20084    6.20297      7.873    -0.0524   11.20563   3.925326 5.0640e-11    27.1305    27.1243 1.0000e-12    285.000          1      18835    1497.45 1.9747e+00  54979.035    784.760 1621923224       0.31     -0.947   39.69704  -71.77301 0.0000e+00
    282.136    10.7291    35.3807  1028.4000     1.4085     2.9135     47.004    0.00039    6.19830    6.20039      7.873    -0.0528   11.20141   3.929319 5.0640e-11    27.1274    27.1211 1.0000e-12    284.500          1      18890    1497.57 1.9747e+00  54977.610    787.059 1621923226       0.11     -0.265   39.69704  -71.77302 0.0000e+00
    281.647    10.7484    35.3844  1028.3971     1.4094     2.9149     47.038    0.00034    6.19702    6.19910      7.874    -0.0383   11.19928   3.931284 5.0640e-11    27.1268    27.1205 1.0000e-12    284.000          1      18938    1497.64 1.9747e+00  54978.627    789.025 1621923228      -0.48     -0.256   39.69704  -71.77304 0.0000e+00
    281.141    10.7487    35.3849  1028.3952     1.4091     2.9141     47.025    0.00039    6.19684    6.19892      7.875    -0.0389   11.19898   3.931330 5.0640e-11    27.1271    27.1209 1.0000e-12    283.500          1      18951    1497.63 1.9747e+00  54979.001    789.571 1621923228      -0.46     -0.567   39.69704  -71.77304 0.0000e+00
    280.642    10.7510    35.3849  1028.3925     1.4093     2.9125     47.000    0.00003    6.19673    6.19881      7.875    -0.0444   11.19881   3.931531 5.0640e-11    27.1267    27.1205 1.0000e-12    283.000          1      18966    1497.63 1.9747e+00  54978.259    790.198 1621923229      -0.19     -0.770   39.69704  -71.77304 0.0000e+00
    280.152    10.7531    35.3851  1028.3901     1.4095     2.9136     47.019    0.00014    6.19661    6.19868      7.874    -0.0523   11.19859   3.931738 5.0640e-11    27.1265    27.1203 1.0000e-12    282.500          1      18984    1497.63 1.9747e+00  54977.858    790.952 1621923230       0.12     -0.770   39.69704  -71.77304 0.0000e+00
    279.657    10.7581    35.3859  1028.3875     1.4096     2.9144     47.031    0.00022    6.19669    6.19876      7.875    -0.0524   11.19872   3.932279 5.0640e-11    27.1262    27.1200 1.0000e-12    282.000          1      19002    1497.63 1.9747e+00  54977.581    791.721 1621923231       0.09     -0.667   39.69704  -71.77304 0.0000e+00
    279.155    10.7610    35.3861  1028.3848     1.4095     2.9132     47.013    0.00006    6.19658    6.19866      7.875    -0.0327   11.19855   3.932520 5.0640e-11    27.1258    27.1196 1.0000e-12    281.500          1      19020 -9.990e-29 1.9747e+00  54976.984    792.467 1621923231      -0.02     -0.659   39.69704  -71.77304 0.0000e+00
    278.665    10.7627    35.3867  1028.3828     1.4100     2.9141     47.032    0.00008    6.19609    6.19816      7.876    -0.0344   11.19773   3.932677 5.0640e-11    27.1260    27.1198 1.0000e-12    281.000          1      19066    1497.64 1.9747e+00  54977.244    794.373 1621923233       0.03     -0.355   39.69704  -71.77305 0.0000e+00
    278.180    10.7630    35.3872  1028.3809     1.4105     2.9151     47.081    0.00048    6.19157    6.19357 -9.990e-29    -0.0313   11.19023   3.932699 5.0640e-11    27.1263    27.1201 1.0000e-12    280.500          1      19115    1497.64 1.9747e+00  54977.506    796.430 1621923235      -0.49     -0.222   39.69704  -71.77306 0.0000e+00
    277.676    10.7634    35.3873  1028.3787     1.4100     2.9108     47.019    0.00009    6.19057    6.19256      7.876    -0.0255   11.18856   3.932721 5.0640e-11    27.1263    27.1201 1.0000e-12    280.000          1      19129    1497.63 1.9747e+00  54977.241    796.980 1621923236      -0.54     -0.534   39.69704  -71.77306 0.0000e+00
    277.173    10.7640    35.3876  1028.3765     1.4106     2.9107     47.028   -0.00011    6.18942    6.19140      7.875    -0.0454   11.18666   3.932807 5.0640e-11    27.1264    27.1203 1.0000e-12    279.500          1      19141    1497.62 1.9747e+00  54977.361    797.513 1621923236      -0.37     -0.779   39.69704  -71.77306 0.0000e+00
    276.671    10.7666    35.3877  1028.3738     1.4107     2.9116     47.056    0.00016    6.18755    6.18950      7.876    -0.0562   11.18354   3.933047 5.0640e-11    27.1260    27.1198 1.0000e-12    279.000          1      19157    1497.62 1.9747e+00  54976.560    798.174 1621923237       0.01     -0.877   39.69706  -71.77308 0.0000e+00
    276.190    10.8150    35.3920  1028.3660     1.4104     2.9069     47.011   -0.00002    6.18341    6.18530      7.875    -0.0584   11.17666   3.938396 1.0207e+05    27.1206    27.1144 1.0000e-12    278.500          1      19213    1497.79 -4.096e-02  54972.878    800.520 1621923239       0.11     -0.218   39.69706  -71.77308 0.0000e+00
