CalculateIndicators/WaterTemperature/Data/CTD_NYOS/20210321_C07.cnv
* Sea-Bird SBE 9 Data File:
* FileName = C:\Seabird 9 CTD\Data\2021\202103_offshore\20210321_C07.hex
* Software Version Seasave V 7.23.2
* Temperature SN = 4590
* Conductivity SN = 3228
* Number of Bytes Per Scan = 44
* Number of Voltage Words = 5
* Number of Scans Averaged by the Deck Unit = 1
* NMEA Latitude = 38 55.65 N
* NMEA Longitude = 073 13.03 W
* NMEA UTC (Time) = Mar 21 2021  22:26:36
* NMEA baud rate = 4800
** Ship: RV Seawolf
** Station: 7.5
** Operator: EIH
# nquan = 31
# nvalues = 143                         
# units = specified
# name 0 = depSM: Depth [salt water, m]
# name 1 = t090C: Temperature [ITS-90, deg C]
# name 2 = sal00: Salinity, Practical [PSU]
# name 3 = density00: Density [density, kg/m^3]
# name 4 = sbeox0V: Oxygen raw, SBE 43 [V]
# name 5 = sbeox0ML/L: Oxygen, SBE 43 [ml/l]
# name 6 = sbeox0PS: Oxygen, SBE 43 [% saturation]
# name 7 = sbox0dV/dT: Oxygen, SBE 43 [dov/dt]
# name 8 = oxsolML/L: Oxygen Saturation, Garcia & Gordon [ml/l]
# name 9 = oxsatML/L: Oxygen Saturation, Weiss [ml/l]
# name 10 = ph: pH
# name 11 = flECO-AFL: Fluorescence, WET Labs ECO-AFL/FL [mg/m^3]
# name 12 = n2satML/L: Nitrogen Saturation [ml/l]
# name 13 = c0S/m: Conductivity [S/m]
# name 14 = cpar: CPAR/Corrected Irradiance [%]
# name 15 = sigma-é00: Density [sigma-theta, kg/m^3]
# name 16 = sigma-t00: Density [sigma-t, kg/m^3 ]
# name 17 = par: PAR/Irradiance, Biospherical/Licor
# name 18 = prDM: Pressure, Digiquartz [db]
# name 19 = pumps: Pump Status
# name 20 = scan: Scan Count
# name 21 = svCM: Sound Velocity [Chen-Millero, m/s]
# name 22 = spar: SPAR, Biospherical/Licor
# name 23 = specc: Specific Conductance [uS/cm]
# name 24 = timeS: Time, Elapsed [seconds]
# name 25 = timeY: Time, System [seconds]
# name 26 = accM: Acceleration [m/s^2]
# name 27 = dz/dtM: Descent Rate [m/s]
# name 28 = latitude: Latitude [deg]
# name 29 = longitude: Longitude [deg]
# name 30 = flag: flag
# span 0 =      0.935,     71.449       
# span 1 =     9.9650,    10.5223       
# span 2 =    34.3733,    34.4358       
# span 3 =  1026.3911,  1026.8154       
# span 4 =     2.4173,     2.6606       
# span 5 =     6.0473,     6.7649       
# span 6 =     95.686,    107.167       
# span 7 =   -0.01288,    0.01262       
# span 8 =    6.26655,    6.34514       
# span 9 =    6.26872,    6.34841       
# span 10 =      8.565,      8.615      
# span 11 =     0.4501,     1.5018      
# span 12 =   11.32571,   11.45579      
# span 13 =   3.745547,   3.798416      
# span 14 = -1.431e-05, 2.6699e+01      
# span 15 =    26.3865,    26.4911      
# span 16 =    26.3864,    26.4897      
# span 17 = -9.035e-05, 1.8886e+02      
# span 18 =      1.000,     72.000      
# span 19 =          1,          1      
# span 20 =        484,      20913      
# span 21 =    1489.19,    1491.02      
# span 22 = 1.6738e+02, 7.3497e+02      
# span 23 =  53460.607,  53643.392      
# span 24 =     20.121,    871.320      
# span 25 = 1616365617, 1616366469      
# span 26 =      -0.62,       0.97      
# span 27 =     -0.981,      1.222      
# span 28 =   38.92689,   38.92756      
# span 29 =  -73.21945,  -73.21736      
# span 30 = 0.0000e+00, 0.0000e+00      
# interval = decibars: 1                
# start_time = Mar 21 2021 22:26:38 [System UTC, first data scan.]
# bad_flag = -9.990e-29
*END*
      0.935    10.5192    34.3913  1026.3911     2.6533     6.6738    106.433    0.00007    6.26655    6.26872      8.591     0.8095   11.32571   3.798020 2.6699e+01    26.3869    26.3870 1.8886e+02      1.000          1        484    1490.96 7.3497e+02  53460.607     20.121 1616365617      -0.26     -0.951   38.92756  -73.21736 0.0000e+00
      1.974    10.5223    34.3914  1026.3954     2.6520     6.6578    106.333   -0.00058    6.27027    6.27249      8.590     0.7484   11.33185   3.798416 4.8526e+00    26.3865    26.3864 3.8658e+01      2.000          1        516    1490.99 7.1474e+02  53460.966     21.462 1616365619       0.97      0.021   38.92756  -73.21736 0.0000e+00
      2.988    10.5210    34.3914  1026.4003     2.6506     6.6585    106.218   -0.00112    6.26887    6.27107      8.590     0.7635   11.32954   3.798330 4.1712e+00    26.3868    26.3867 2.8909e+01      3.000          1        538    1491.00 6.8740e+02  53461.943     22.390 1616365620       0.58      0.842   38.92756  -73.21736 0.0000e+00
      3.971    10.5208    34.3912  1026.4047     2.6504     6.6679    106.226   -0.00087    6.26967    6.27188 -9.990e-29     0.8181   11.33088   3.798170 3.9641e+00    26.3867    26.3866 1.9926e+01      4.000          1        567    1491.02 5.0788e+02  53462.265     23.579 1616365621      -0.19      0.939   38.92756  -73.21736 0.0000e+00
      4.969    10.4837    34.3930  1026.4171     2.6503     6.6866    106.379    0.00034    6.29344    6.29598      8.594     0.7751   11.37021   3.794822 3.1357e+00    26.3946    26.3945 1.7371e+01      5.000          1        648    1490.90 5.8697e+02  53472.543     26.972 1616365624       0.09      0.562   38.92756  -73.21737 0.0000e+00
      5.941    10.4729    34.3912  1026.4220     2.6394     6.6406    105.448   -0.00546    6.33149    6.33456      8.597     0.6866   11.43330   3.793919 2.2346e+00    26.3951    26.3950 1.5887e+01      6.000          1        741    1490.88 7.0186e+02  53472.443     30.822 1616365628       0.03      0.484   38.92756  -73.21738 0.0000e+00
      6.951    10.3730    34.3856  1026.4397     2.6351     6.6997    105.061   -0.00745    6.32435    6.32732      8.596     0.6934   11.42148   3.781535 2.1383e+00    26.4082    26.4081 1.3529e+01      7.000          1        760    1490.53 6.3438e+02  53483.617     31.609 1616365629       0.48      0.777   38.92756  -73.21738 0.0000e+00
      7.944    10.1000    34.3815  1026.4881     2.6337     6.6894    105.475   -0.00201    6.33644    6.33959      8.594     0.6853   11.44141   3.756567 2.0769e+00    26.4520    26.4518 1.2105e+01      8.000          1        813    1489.57 6.0216e+02  53532.160     33.847 1616365631      -0.03      0.510   38.92756  -73.21738 0.0000e+00
      8.925    10.0054    34.3794  1026.5071     2.6280     6.6410    105.264   -0.00162    6.34072    6.34392      8.589     0.9527   11.44849   3.748613 1.4732e+00    26.4666    26.4664 1.0669e+01      9.000          1        922    1489.24 7.2002e+02  53548.314     38.375 1616365636       0.50      0.217   38.92756  -73.21740 0.0000e+00
      9.927    10.0007    34.3790  1026.5122     2.6189     6.5836    104.495   -0.00549    6.34025    6.34345      8.587     0.6760   11.44772   3.748206 1.4170e+00    26.4671    26.4669 9.7105e+00     10.000          1        951    1489.24 6.8546e+02  53549.283     39.593 1616365637       0.05      0.715   38.92756  -73.21740 0.0000e+00
     10.918     9.9957    34.3782  1026.5169     2.6044     6.5421    103.486   -0.00900    6.34007    6.34326      8.585     0.6362   11.44741   3.747861 1.5171e+00    26.4674    26.4671 8.9858e+00     11.000          1        990    1489.24 5.9241e+02  53549.892     41.194 1616365639       0.03      0.605   38.92754  -73.21740 0.0000e+00
     11.907     9.9980    34.3789  1026.5216     2.5804     6.4740    102.627   -0.00553    6.34278    6.34601      8.579     0.7095   11.45188   3.748373 1.1845e+00    26.4675    26.4673 8.3079e+00     12.000          1       1093    1489.27 7.0172e+02  53551.041     45.490 1616365643       0.07      0.184   38.92754  -73.21741 0.0000e+00
     12.896     9.9855    34.3793  1026.5285     2.5573     6.3537    100.973   -0.01179    6.34348    6.34672 -9.990e-29     0.5554   11.45304   3.747213 1.0538e+00    26.4699    26.4697 7.3610e+00     13.000          1       1147    1489.24 6.9818e+02  53554.692     47.732 1616365645       0.44      0.540   38.92754  -73.21742 0.0000e+00
     13.903     9.9739    34.3791  1026.5350     2.5443     6.3576    100.245   -0.01288    6.34348    6.34672 -9.990e-29     0.5376   11.45303   3.746275 1.0192e+00    26.4718    26.4715 6.4080e+00     14.000          1       1173    1489.21 6.3053e+02  53557.384     48.839 1616365646       0.06      0.861   38.92754  -73.21742 0.0000e+00
     14.878     9.9748    34.3800  1026.5400     2.5240     6.3265    100.107   -0.00295    6.34137    6.34459      8.568     0.5958   11.44949   3.746612 9.3537e-01    26.4724    26.4721 6.1650e+00     15.000          1       1275    1489.23 6.6685e+02  53559.126     53.084 1616365651      -0.13      0.103   38.92754  -73.21743 0.0000e+00
     15.878     9.9815    34.3837  1026.5463     2.5125     6.2716     99.223   -0.00682    6.34033    6.34354      8.566     0.6955   11.44776   3.747685 7.1694e-01    26.4742    26.4739 5.0366e+00     16.000          1       1326    1489.28 7.0221e+02  53563.639     55.204 1616365653       0.46      0.619   38.92754  -73.21744 0.0000e+00
     16.879     9.9928    34.3865  1026.5512     2.5052     6.2724     98.932   -0.00605    6.34041    6.34362      8.569     0.7252   11.44788   3.749132 6.8313e-01    26.4745    26.4741 4.4983e+00     17.000          1       1359    1489.34 6.5908e+02  53565.958     56.593 1616365654      -0.04      0.780   38.92754  -73.21744 0.0000e+00
     17.859     9.9969    34.3873  1026.5555     2.4979     6.2757     99.053   -0.00074    6.33960    6.34279      8.569     0.8012   11.44652   3.749611 5.5701e-01    26.4744    26.4740 3.9677e+00     18.000          1       1472    1489.37 7.1177e+02  53566.822     61.311 1616365659       0.34      0.308   38.92754  -73.21744 0.0000e+00
     18.855     9.9987    34.3876  1026.5600     2.4962     6.2662     98.939   -0.00114    6.33949    6.34268      8.568     0.8935   11.44635   3.749858 4.6400e-01    26.4744    26.4740 3.2296e+00     19.000          1       1506    1489.39 6.9592e+02  53567.597     62.714 1616365660       0.08      0.643   38.92752  -73.21746 0.0000e+00
     19.852     9.9995    34.3881  1026.5648     2.4933     6.2602     98.787   -0.00130    6.33945    6.34265      8.569     0.7811   11.44628   3.750027 4.6654e-01    26.4746    26.4742 3.0456e+00     20.000          1       1564    1489.41 6.5547e+02  53568.710     65.106 1616365663       0.08      0.476   38.92752  -73.21746 0.0000e+00
     20.841    10.0012    34.3884  1026.5692     2.4908     6.2581     98.739   -0.00064    6.33921    6.34240      8.569     1.0138   11.44587   3.750272 3.6801e-01    26.4746    26.4742 2.6002e+00     21.000          1       1642    1489.44 7.0677e+02  53569.450     68.378 1616365666       0.30      0.512   38.92752  -73.21746 0.0000e+00
     21.834    10.0034    34.3887  1026.5736     2.4889     6.2491     98.645   -0.00071    6.33934    6.34253 -9.990e-29     0.8122   11.44610   3.750537 3.2088e-01    26.4744    26.4740 2.2168e+00     22.000          1       1703    1489.46 6.9077e+02  53570.048     70.921 1616365668      -0.03      0.429   38.92752  -73.21746 0.0000e+00
     22.825     9.9983    34.3879  1026.5784     2.4855     6.2379     98.445   -0.00140    6.33974    6.34294 -9.990e-29     0.7634   11.44676   3.749994 2.7593e-01    26.4747    26.4743 1.9206e+00     23.000          1       1788    1489.46 6.9612e+02  53570.637     74.444 1616365672       0.41      0.451   38.92752  -73.21747 0.0000e+00
     23.818    10.0000    34.3881  1026.5828     2.4839     6.2306     98.404   -0.00101    6.33787    6.34104      8.571     0.8135   11.44364   3.750230 2.3018e-01    26.4746    26.4741 1.5872e+00     24.000          1       1825    1489.48 6.8939e+02  53571.176     76.012 1616365673      -0.06      0.663   38.92752  -73.21748 0.0000e+00
     24.810    10.0068    34.3898  1026.5875     2.4790     6.2179     98.144   -0.00132    6.33786    6.34103      8.570     0.7627   11.44361   3.751124 2.1368e-01    26.4748    26.4743 1.4455e+00     25.000          1       1903    1489.52 6.7658e+02  53572.907     79.268 1616365677      -0.09      0.284   38.92752  -73.21748 0.0000e+00
     25.796    10.0104    34.3909  1026.5922     2.4755     6.1973     98.022   -0.00100    6.33622    6.33937      8.566     0.9496   11.44086   3.751589 1.7291e-01    26.4750    26.4745 1.1959e+00     26.000          1       1998    1489.55 6.9170e+02  53574.287     83.208 1616365681       0.37      0.358   38.92751  -73.21749 0.0000e+00
     26.797    10.0173    34.3929  1026.5972     2.4711     6.1678     97.678   -0.00258    6.33649    6.33965      8.566     0.8615   11.44132   3.752576 1.4759e-01    26.4755    26.4749 1.0041e+00     27.000          1       2026    1489.60 6.8010e+02  53576.379     84.392 1616365682       0.15      0.742   38.92750  -73.21750 0.0000e+00
     27.790    10.0216    34.3940  1026.6018     2.4644     6.1618     97.273   -0.00351    6.33653    6.33969      8.566     0.6828   11.44138   3.753046 1.3661e-01    26.4756    26.4750 8.6875e-01     28.000          1       2072    1489.63 6.3636e+02  53577.697     86.300 1616365684      -0.16      0.547   38.92750  -73.21750 0.0000e+00
     28.773    10.0199    34.3939  1026.6066     2.4587     6.1676     97.280   -0.00047    6.33786    6.34103      8.566     0.8022   11.44360   3.752914 1.0562e-01    26.4759    26.4753 7.4000e-01     29.000          1       2173    1489.64 6.9814e+02  53578.586     90.480 1616365688       0.22      0.137   38.92750  -73.21750 0.0000e+00
     29.770    10.0186    34.3939  1026.6113     2.4590     6.1685     97.327   -0.00016    6.33804    6.34122      8.566     0.7742   11.44391   3.752760 8.8939e-02    26.4760    26.4755 6.0880e-01     30.000          1       2208    1489.65 6.8424e+02  53579.392     91.964 1616365689       0.17      0.641   38.92750  -73.21751 0.0000e+00
     30.769    10.0105    34.3925  1026.6162     2.4585     6.1674     97.299   -0.00022    6.33825    6.34143      8.566     0.7150   11.44425   3.751949 7.8774e-02    26.4764    26.4758 5.0683e-01     31.000          1       2243    1489.64 6.4286e+02  53579.778     93.417 1616365691      -0.04      0.704   38.92750  -73.21752 0.0000e+00
     31.750    10.0082    34.3920  1026.6206     2.4585     6.1677     97.342   -0.00005    6.33920    6.34240      8.567     0.6292   11.44584   3.751736 6.4088e-02    26.4764    26.4757 4.2868e-01     32.000          1       2344    1489.65 6.7134e+02  53580.071     97.614 1616365695       0.12      0.156   38.92750  -73.21752 0.0000e+00
     32.746    10.0044    34.3912  1026.6252     2.4579     6.1723     97.272   -0.00063    6.33918    6.34237      8.568     0.5819   11.44580   3.751296 4.9092e-02    26.4764    26.4758 3.3423e-01     33.000          1       2383    1489.65 6.8059e+02  53580.457     99.247 1616365697       0.34      0.607   38.92750  -73.21752 0.0000e+00
     33.746    10.0020    34.3908  1026.6299     2.4583     6.1713     97.360    0.00014    6.33906    6.34226      8.569     0.6826   11.44561   3.751117 4.2914e-02    26.4766    26.4759 2.7373e-01     34.000          1       2418    1489.65 6.3737e+02  53580.985    100.710 1616365698      -0.12      0.702   38.92750  -73.21752 0.0000e+00
     34.729    10.0027    34.3908  1026.6342     2.4576     6.1713     97.305   -0.00033    6.34029    6.34350      8.571     0.6910   11.44765   3.751239 3.5637e-02    26.4764    26.4758 2.3099e-01     35.000          1       2513    1489.68 6.5041e+02  53581.456    104.658 1616365702       0.02      0.110   38.92750  -73.21753 0.0000e+00
     35.723     9.9956    34.3894  1026.6389     2.4578     6.1764     97.385    0.00024    6.34098    6.34420 -9.990e-29     0.6484   11.44882   3.750416 2.6662e-02    26.4766    26.4759 1.7612e-01     36.000          1       2568    1489.66 6.6010e+02  53581.515    106.948 1616365704       0.19      0.498   38.92748  -73.21754 0.0000e+00
     36.718     9.9917    34.3888  1026.6436     2.4586     6.1802     97.442    0.00043    6.34120    6.34442 -9.990e-29     0.5283   11.44917   3.750076 2.0841e-02    26.4768    26.4760 1.3235e-01     37.000          1       2604    1489.67 6.3421e+02  53582.084    108.459 1616365706       0.02      0.652   38.92748  -73.21754 0.0000e+00
     37.710     9.9888    34.3880  1026.6480     2.4584     6.1750     97.407   -0.00001    6.34132    6.34454      8.571     0.6100   11.44938   3.749775 1.6366e-02    26.4767    26.4759 1.0120e-01     38.000          1       2669    1489.67 6.2202e+02  53582.199    111.150 1616365709      -0.07      0.327   38.92748  -73.21755 0.0000e+00
     38.699     9.9873    34.3876  1026.6524     2.4575     6.1781     97.366   -0.00024    6.34278    6.34602      8.571     0.5768   11.45181   3.749654 1.0581e-02    26.4766    26.4759 7.0498e-02     39.000          1       2751    1489.68 6.6379e+02  53582.561    114.576 1616365712       0.01      0.304   38.92748  -73.21756 0.0000e+00
     39.696     9.9814    34.3863  1026.6570     2.4576     6.1790     97.403   -0.00001    6.34320    6.34645      8.571     0.6278   11.45252   3.748958 6.9965e-03    26.4767    26.4759 4.5261e-02     40.000          1       2798    1489.68 6.4585e+02  53582.660    116.547 1616365714       0.19      0.554   38.92748  -73.21756 0.0000e+00
     40.685     9.9745    34.3850  1026.6617     2.4581     6.1841     97.451    0.00018    6.34350    6.34675      8.571     0.8003   11.45302   3.748290 3.7085e-03    26.4768    26.4760 2.3025e-02     41.000          1       2847    1489.66 6.2032e+02  53582.837    118.589 1616365716      -0.10      0.494   38.92748  -73.21756 0.0000e+00
     41.679     9.9735    34.3848  1026.6662     2.4591     6.1869     97.536    0.00049    6.34347    6.34672      8.571     0.5770   11.45297   3.748210 5.8260e-04    26.4768    26.4760 3.6501e-03     42.000          1       2908    1489.68 6.3601e+02  53583.358    121.126 1616365719      -0.01      0.397   38.92748  -73.21756 0.0000e+00
     42.664     9.9702    34.3844  1026.6709     2.4585     6.1841     97.444   -0.00049    6.34232    6.34556 -9.990e-29     0.5498   11.45105   3.747914 -1.431e-05    26.4771    26.4763 -9.035e-05     43.000          1       3003    1489.68 6.4189e+02  53584.050    125.074 1616365723       0.46      0.287   38.92747  -73.21757 0.0000e+00
     43.664     9.9750    34.3853  1026.6754     2.4586     6.1770     97.493   -0.00007    6.34175    6.34498 -9.990e-29     0.5871   11.45010   3.748569 1.6157e-13    26.4770    26.4762 1.0000e-12     44.000          1       3042    1489.72 6.1930e+02  53585.058    126.698 1616365724      -0.09      0.550   38.92746  -73.21758 0.0000e+00
     44.655     9.9837    34.3872  1026.6799     2.4563     6.1724     97.284   -0.00130    6.34119    6.34441 -9.990e-29     0.4501   11.44915   3.749615 1.6535e-13    26.4770    26.4762 1.0000e-12     45.000          1       3096    1489.77 6.0481e+02  53586.566    128.939 1616365726       0.21      0.425   38.92746  -73.21758 0.0000e+00
     45.649     9.9872    34.3879  1026.6844     2.4556     6.1688     97.330   -0.00042    6.34011    6.34332 -9.990e-29     0.5686   11.44736   3.750033 1.6225e-13    26.4770    26.4761 1.0000e-12     46.000          1       3154    1489.80 6.1639e+02  53587.455    131.359 1616365729      -0.08      0.396   38.92746  -73.21759 0.0000e+00
