CalculateIndicators/WaterTemperature/Data/CTD_NYOS/20210522_C10.cnv
* Sea-Bird SBE 9 Data File:
* FileName = C:\Seabird 9 CTD\Data\2021\202105_offshore\20210522_C10.hex
* Software Version Seasave V 7.23.2
* Temperature SN = 4590
* Conductivity SN = 3228
* Number of Bytes Per Scan = 44
* Number of Voltage Words = 5
* Number of Scans Averaged by the Deck Unit = 1
* NMEA Latitude = 39 49.34 N
* NMEA Longitude = 073 11.51 W
* NMEA UTC (Time) = May 22 2021  13:42:54
* NMEA baud rate = 4800
** Ship: seawolf
** Station: 6.3
** Operator: sjw
# nquan = 31
# nvalues = 159                         
# units = specified
# name 0 = depSM: Depth [salt water, m]
# name 1 = t090C: Temperature [ITS-90, deg C]
# name 2 = sal00: Salinity, Practical [PSU]
# name 3 = density00: Density [density, kg/m^3]
# name 4 = sbeox0V: Oxygen raw, SBE 43 [V]
# name 5 = sbeox0ML/L: Oxygen, SBE 43 [ml/l]
# name 6 = sbeox0PS: Oxygen, SBE 43 [% saturation]
# name 7 = sbox0dV/dT: Oxygen, SBE 43 [dov/dt]
# name 8 = oxsolML/L: Oxygen Saturation, Garcia & Gordon [ml/l]
# name 9 = oxsatML/L: Oxygen Saturation, Weiss [ml/l]
# name 10 = ph: pH
# name 11 = flECO-AFL: Fluorescence, WET Labs ECO-AFL/FL [mg/m^3]
# name 12 = n2satML/L: Nitrogen Saturation [ml/l]
# name 13 = c0S/m: Conductivity [S/m]
# name 14 = cpar: CPAR/Corrected Irradiance [%]
# name 15 = sigma-é00: Density [sigma-theta, kg/m^3]
# name 16 = sigma-t00: Density [sigma-t, kg/m^3 ]
# name 17 = par: PAR/Irradiance, Biospherical/Licor
# name 18 = prDM: Pressure, Digiquartz [db]
# name 19 = pumps: Pump Status
# name 20 = scan: Scan Count
# name 21 = svCM: Sound Velocity [Chen-Millero, m/s]
# name 22 = spar: SPAR, Biospherical/Licor
# name 23 = specc: Specific Conductance [uS/cm]
# name 24 = timeS: Time, Elapsed [seconds]
# name 25 = timeY: Time, System [seconds]
# name 26 = accM: Acceleration [m/s^2]
# name 27 = dz/dtM: Descent Rate [m/s]
# name 28 = latitude: Latitude [deg]
# name 29 = longitude: Longitude [deg]
# name 30 = flag: flag
# span 0 =      1.441,     40.692       
# span 1 =     8.1385,    14.3810       
# span 2 =    31.3726,    33.1633       
# span 3 =  1023.3269,  1025.9987       
# span 4 =     2.1154,     2.6891       
# span 5 =     4.5879,     6.5869       
# span 6 =     78.232,    108.132       
# span 7 =   -0.08742,    0.08109       
# span 8 =    5.85846,    6.65114       
# span 9 =    5.85404,    6.65761       
# span 10 =      7.944,      8.081      
# span 11 =     0.0555,     1.4690      
# span 12 =   10.67260,   11.97632      
# span 13 =   3.463501,   3.944760      
# span 14 = 3.5845e-01, 2.9531e+01      
# span 15 =    23.3204,    25.8118      
# span 16 =    23.3204,    25.8112      
# span 17 = 5.0185e+00, 4.1980e+02      
# span 18 =      1.500,     41.000      
# span 19 =          1,          1      
# span 20 =         93,      10542      
# span 21 =    1481.39,    1501.69      
# span 22 = 1.3788e+03, 2.0594e+03      
# span 23 =  48702.561,  52260.885      
# span 24 =      3.845,    439.188      
# span 25 = 1621690978, 1621691413      
# span 26 =      -0.86,       0.76      
# span 27 =     -1.011,      0.697      
# span 28 =   39.82246,   39.82270      
# span 29 =  -73.19185,  -73.19002      
# span 30 = 0.0000e+00, 0.0000e+00      
# interval = decibars: 0.5              
# start_time = May 22 2021 13:42:54 [System UTC, first data scan.]
# bad_flag = -9.990e-29
*END*
[from data line 141]
      9.918    12.9366    32.4987  1024.5127     2.6392     6.3722    105.394    0.00045    6.04614    6.04399      8.036     0.2818   10.98208   3.830994 8.8201e+00    24.4681    24.4679 1.2650e+02     10.000          1       9040    1497.18 1.4343e+03  50444.676    376.641 1621691351      -0.08     -0.284   39.82264  -73.19024 0.0000e+00
      9.417    13.6147    32.4719  1024.3551     2.6464     6.2014    105.743    0.00466    5.86460    5.86024      8.031     0.1794   10.68291   3.888924 9.1126e+00    24.3129    24.3126 1.2874e+02      9.500          1      10016    1499.40 1.4127e+03  50319.783    417.312 1621691392      -0.80     -0.583   39.82268  -73.19010 0.0000e+00
      8.917    14.0792    32.3835  1024.1895     2.6313     6.0992    103.981   -0.01022    5.86570    5.86136      8.030     0.1635   10.68468   3.924105 9.7492e+00    24.1496    24.1494 1.3753e+02      9.000          1      10036    1500.81 1.4107e+03  50141.940    418.144 1621691392      -0.11     -0.875   39.82268  -73.19008 0.0000e+00
      8.436    14.3315    32.3544  1024.1127     2.6061     5.9960    102.226   -0.01783    5.86540    5.86105      8.029     0.1353   10.68418   3.941264 9.9947e+00    24.0750    24.0747 1.4131e+02      8.500          1      10074    1501.59 1.4139e+03  50072.602    419.698 1621691394       0.32     -0.408   39.82268  -73.19008 0.0000e+00
      7.939    14.3133    32.3632  1024.1210     2.5972     6.0118    102.535   -0.00682    5.86316    5.85879      8.028     0.1433   10.68048   3.939917 1.0057e+01    24.0855    24.0853 1.4240e+02      8.000          1      10110    1501.53 1.4159e+03  50086.663    421.226 1621691395      -0.16     -0.299   39.82268  -73.19008 0.0000e+00
      7.441    14.3205    32.3623  1024.1166     2.5932     6.0118    102.585   -0.00303    5.86025    5.85586      8.028     0.1132   10.67563   3.940443 1.0985e+01    24.0834    24.0831 1.5553e+02      7.500          1      10145    1501.54 1.4159e+03  50084.313    422.657 1621691397       0.07     -0.370   39.82268  -73.19008 0.0000e+00
      6.952    14.3370    32.3613  1024.1102     2.5886     5.9958    102.338   -0.00329    5.85882    5.85441      8.029     0.0972   10.67325   3.941615 1.1374e+01    24.0791    24.0789 1.6092e+02      7.000          1      10182    1501.59 1.4148e+03  50080.814    424.220 1621691398      -0.09     -0.273   39.82268  -73.19008 0.0000e+00
      6.451    14.3607    32.3637  1024.1048     2.5875     5.9981    102.376   -0.00197    5.85884    5.85443      8.029     0.0966   10.67328   3.943925 1.2362e+01    24.0760    24.0758 1.7478e+02      6.500          1      10203    1501.66 1.4139e+03  50081.261    425.084 1621691399      -0.23     -0.451   39.82268  -73.19006 0.0000e+00
      5.948    14.3646    32.3642  1024.1021     2.5872     6.0012    102.425   -0.00099    5.85916    5.85476      8.029     0.0851   10.67381   3.944122 1.3487e+01    24.0756    24.0754 1.9065e+02      6.000          1      10230    1501.67 1.4139e+03  50081.174    426.224 1621691400       0.00     -0.490   39.82268  -73.19006 0.0000e+00
      5.468    14.3725    32.3656  1024.0994     2.5848     5.9934    102.298   -0.00094    5.85869    5.85427 -9.990e-29     0.0986   10.67301   3.944619 1.3471e+01    24.0750    24.0748 1.9056e+02      5.500          1      10299    1501.69 1.4139e+03  50082.048    429.087 1621691403      -0.23     -0.041   39.82268  -73.19004 0.0000e+00
      4.958    14.3664    32.3657  1024.0985     2.5848     5.9944    102.313   -0.00071    5.85885    5.85443      8.031     0.1098   10.67326   3.943990 1.4944e+01    24.0763    24.0762 2.1129e+02      5.000          1      10316    1501.66 1.4139e+03  50082.628    429.812 1621691404      -0.31     -0.409   39.82268  -73.19004 0.0000e+00
      4.465    14.3712    32.3663  1024.0957     2.5842     5.9933    102.296   -0.00037    5.85879    5.85438      8.031     0.0970   10.67316   3.944433 1.6336e+01    24.0757    24.0756 2.3107e+02      4.500          1      10352    1501.66 1.4139e+03  50082.569    431.303 1621691405       0.15     -0.390   39.82268  -73.19004 0.0000e+00
      3.975    14.3724    32.3675  1024.0942     2.5825     5.9852    102.157   -0.00106    5.85885    5.85444      8.031     0.0941   10.67326   3.944523 1.8116e+01    24.0764    24.0763 2.5615e+02      4.000          1      10394    1501.66 1.4139e+03  50083.868    433.021 1621691407      -0.23     -0.215   39.82268  -73.19004 0.0000e+00
      3.468    14.3731    32.3676  1024.0918     2.5812     5.9801    102.076   -0.00128    5.85846    5.85404      8.031     0.0825   10.67260   3.944552 1.7922e+01    24.0763    24.0762 2.5340e+02      3.500          1      10414    1501.66 1.4139e+03  50083.661    433.881 1621691408      -0.22     -0.479   39.82269  -73.19004 0.0000e+00
      2.974    14.3727    32.3685  1024.0904     2.5818     5.9865    102.180   -0.00007    5.85876    5.85435      8.031     0.0799   10.67310   3.944530 2.2474e+01    24.0771    24.0770 3.1754e+02      3.000          1      10448    1501.65 1.4129e+03  50084.627    435.309 1621691409       0.14     -0.409   39.82270  -73.19002 0.0000e+00
      2.497    14.3754    32.3691  1024.0882     2.5811     5.9834    102.129   -0.00037    5.85866    5.85425      8.035     0.0565   10.67292   3.944760 2.6591e+01    24.0770    24.0769 3.7617e+02      2.500          1      10508    1501.65 1.4150e+03  50084.959    437.811 1621691412      -0.02     -0.112   39.82270  -73.19002 0.0000e+00
      1.974    14.3715    32.3696  1024.0870     2.5817     5.9863    102.178   -0.00010    5.85876    5.85435      8.035     0.0555   10.67309   3.944366 2.8987e+01    24.0782    24.0781 4.1041e+02      2.000          1      10522    1501.63 1.4159e+03  50085.868    438.387 1621691413      -0.52     -0.342   39.82270  -73.19002 0.0000e+00
      1.441    14.3696    32.3690  1024.0845     2.5824     5.9917    102.269    0.00068    5.85878    5.85436      8.035     0.0927   10.67311   3.944242 2.9531e+01    24.0781    24.0781 4.1813e+02      1.500          1      10542    1501.61 1.4159e+03  50084.947    439.188 1621691413      -0.40     -0.778   39.82270  -73.19002 0.0000e+00
