CalculateIndicators/WaterTemperature/Data/CTD_NYOS/20210523_C17.cnv
* Sea-Bird SBE 9 Data File:
* FileName = C:\Seabird 9 CTD\Data\2021\202105_offshore\20210523_C17.hex
* Software Version Seasave V 7.23.2
* Temperature SN = 4590
* Conductivity SN = 3228
* Number of Bytes Per Scan = 44
* Number of Voltage Words = 5
* Number of Scans Averaged by the Deck Unit = 1
* NMEA Latitude = 39 19.51 N
* NMEA Longitude = 072 39.85 W
* NMEA UTC (Time) = May 23 2021  10:50:28
* NMEA baud rate = 4800
** Ship: seawolf
** Station: 5.5
** Operator: sjw
# nquan = 31
# nvalues = 449                         
# units = specified
# name 0 = depSM: Depth [salt water, m]
# name 1 = t090C: Temperature [ITS-90, deg C]
# name 2 = sal00: Salinity, Practical [PSU]
# name 3 = density00: Density [density, kg/m^3]
# name 4 = sbeox0V: Oxygen raw, SBE 43 [V]
# name 5 = sbeox0ML/L: Oxygen, SBE 43 [ml/l]
# name 6 = sbeox0PS: Oxygen, SBE 43 [% saturation]
# name 7 = sbox0dV/dT: Oxygen, SBE 43 [dov/dt]
# name 8 = oxsolML/L: Oxygen Saturation, Garcia & Gordon [ml/l]
# name 9 = oxsatML/L: Oxygen Saturation, Weiss [ml/l]
# name 10 = ph: pH
# name 11 = flECO-AFL: Fluorescence, WET Labs ECO-AFL/FL [mg/m^3]
# name 12 = n2satML/L: Nitrogen Saturation [ml/l]
# name 13 = c0S/m: Conductivity [S/m]
# name 14 = cpar: CPAR/Corrected Irradiance [%]
# name 15 = sigma-é00: Density [sigma-theta, kg/m^3]
# name 16 = sigma-t00: Density [sigma-t, kg/m^3 ]
# name 17 = par: PAR/Irradiance, Biospherical/Licor
# name 18 = prDM: Pressure, Digiquartz [db]
# name 19 = pumps: Pump Status
# name 20 = scan: Scan Count
# name 21 = svCM: Sound Velocity [Chen-Millero, m/s]
# name 22 = spar: SPAR, Biospherical/Licor
# name 23 = specc: Specific Conductance [uS/cm]
# name 24 = timeS: Time, Elapsed [seconds]
# name 25 = timeY: Time, System [seconds]
# name 26 = accM: Acceleration [m/s^2]
# name 27 = dz/dtM: Descent Rate [m/s]
# name 28 = latitude: Latitude [deg]
# name 29 = longitude: Longitude [deg]
# name 30 = flag: flag
# span 0 =      0.966,    112.616       
# span 1 =     9.3845,    13.9633       
# span 2 =    29.7775,    35.5489       
# span 3 =  1022.2008,  1027.2387       
# span 4 =     1.9500,     3.8252       
# span 5 =     4.2540,    10.1739       
# span 6 =     72.486,    169.129       
# span 7 =   -0.28803,    0.12953       
# span 8 =    5.79555,    6.46722       
# span 9 =    5.79236,    6.47131       
# span 10 =      7.997,      8.131      
# span 11 =    -0.0875,     0.7242      
# span 12 =   10.53440,   11.66879      
# span 13 =   3.598733,   4.242333      
# span 14 = 7.9137e-14, 1.5980e+01      
# span 15 =    22.1919,    26.7361      
# span 16 =    22.1918,    26.7328      
# span 17 = 1.0000e-12, 1.9779e+02      
# span 18 =      1.000,    113.500      
# span 19 =          1,          1      
# span 20 =        586,      25160      
# span 21 =    1486.29,    1504.90      
# span 22 = 1.0593e+03, 1.4038e+03      
# span 23 =  46523.667,  54644.497      
# span 24 =     24.366,   1048.281      
# span 25 = 1621767051, 1621768075      
# span 26 =      -0.79,       0.62      
# span 27 =     -1.283,      1.115      
# span 28 =   39.32144,   39.32518      
# span 29 =  -72.66426,  -72.66180      
# span 30 = 0.0000e+00, 0.0000e+00      
# interval = decibars: 0.5              
# start_time = May 23 2021 10:50:27 [System UTC, first data scan.]
# bad_flag = -9.990e-29
*END*
[from data line 281]
     83.836    13.2018    35.4109  1027.0473     2.0264     4.4789     76.064    0.00019    5.88828    5.88621      8.016    -0.0521   10.68843   4.163003 8.3280e-14    26.6728    26.6704 1.0000e-12     84.500          1      12132    1502.75 1.2009e+03  54483.181    505.474 1621767532      -0.17     -0.587   39.32342  -72.66306 0.0000e+00
     83.342    13.1994    35.4097  1027.0447     2.0279     4.4859     76.179    0.00081    5.88861    5.88655      8.016    -0.0477   10.68899   4.162609 1.1629e-05    26.6724    26.6700 1.4548e-04     84.000          1      12161    1502.73 1.2385e+03  54481.589    506.687 1621767534       0.18     -0.510   39.32340  -72.66306 0.0000e+00
     82.851    13.1976    35.4085  1027.0420     2.0295     4.4922     76.283    0.00119    5.88885    5.88679      8.016    -0.0477   10.68940   4.162298 8.4215e-07    26.6718    26.6695 1.0547e-05     83.500          1      12197    1502.71 1.2469e+03  54479.919    508.184 1621767535      -0.07     -0.285   39.32340  -72.66304 0.0000e+00
     82.350    13.1948    35.4067  1027.0389     2.0303     4.4911     76.261    0.00045    5.88912    5.88706      8.016    -0.0452   10.68985   4.161807 5.9820e-05    26.6710    26.6686 7.3082e-04     83.000          1      12248    1502.69 1.2073e+03  54477.531    510.277 1621767537      -0.11     -0.236   39.32339  -72.66304 0.0000e+00
     81.857    13.1916    35.4047  1027.0357     2.0319     4.4965     76.350    0.00070    5.88934    5.88728      8.016    -0.0524   10.69023   4.161273 3.2898e-04    26.6700    26.6677 3.9198e-03     82.500          1      12309    1502.67 1.1897e+03  54474.818    512.845 1621767540      -0.16     -0.255   39.32338  -72.66304 0.0000e+00
     81.363    13.1908    35.4041  1027.0332     2.0318     4.4945     76.313    0.00032    5.88966    5.88760      8.016    -0.0524   10.69076   4.161114 9.3656e-04    26.6697    26.6674 1.1326e-02     82.000          1      12340    1502.66 1.2090e+03  54473.931    514.141 1621767541      -0.06     -0.359   39.32338  -72.66304 0.0000e+00
     80.865    13.1904    35.4038  1027.0308     2.0319     4.4930     76.284   -0.00017    5.88979    5.88774      8.016 -9.990e-29   10.69100   4.161027 1.1577e-03    26.6696    26.6673 1.4141e-02     81.500          1      12365    1502.65 1.2213e+03  54473.296    515.153 1621767542      -0.10     -0.449   39.32338  -72.66304 0.0000e+00
     80.363    13.1892    35.4032  1027.0284     2.0321     4.4950     76.317    0.00016    5.88986    5.88781      8.016    -0.0255   10.69111   4.160811 1.7357e-03    26.6694    26.6671 2.1257e-02     81.000          1      12394    1502.64 1.2241e+03  54472.345    516.389 1621767543       0.03     -0.451   39.32338  -72.66304 0.0000e+00
     79.877    13.1856    35.4015  1027.0256     2.0334     4.4997     76.390    0.00049    5.89045    5.88840      8.016    -0.0472   10.69211   4.160241 1.8567e-03    26.6687    26.6664 2.2662e-02     80.500          1      12478    1502.61 1.2206e+03  54470.096    519.879 1621767547      -0.22     -0.097   39.32336  -72.66304 0.0000e+00
     79.379    13.1825    35.4002  1027.0229     2.0346     4.5047     76.480    0.00096    5.89008    5.88803      8.016    -0.0481   10.69149   4.159818 1.9382e-03    26.6683    26.6660 2.3455e-02     80.000          1      12505    1502.60 1.2101e+03  54468.470    520.996 1621767548      -0.13     -0.367   39.32336  -72.66303 0.0000e+00
     78.879    13.1833    35.4003  1027.0206     2.0348     4.5042     76.470    0.00073    5.89005    5.88799      8.016    -0.0591   10.69143   4.159857 2.3038e-03    26.6682    26.6660 2.7487e-02     79.500          1      12527    1502.59 1.1933e+03  54468.215    521.936 1621767549      -0.11     -0.474   39.32336  -72.66302 0.0000e+00
     78.380    13.1828    35.3997  1027.0181     2.0361     4.5083     76.538    0.00077    5.89029    5.88824 -9.990e-29    -0.0524   10.69184   4.159761 2.7239e-03    26.6679    26.6656 3.2126e-02     79.000          1      12555    1502.58 1.1798e+03  54467.226    523.070 1621767550       0.07     -0.490   39.32336  -72.66302 0.0000e+00
     77.889    13.1850    35.4004  1027.0159     2.0379     4.5131     76.622    0.00075    5.89012    5.88806 -9.990e-29    -0.0462   10.69155   4.160032 3.3317e-03    26.6679    26.6657 4.1487e-02     78.500          1      12635    1502.58 1.2451e+03  54467.528    526.423 1621767553       0.02     -0.146   39.32335  -72.66302 0.0000e+00
     77.392    13.1842    35.4002  1027.0137     2.0385     4.5099     76.599    0.00017    5.88764    5.88556      8.018    -0.0525   10.68742   4.159917 3.6765e-03    26.6679    26.6657 4.4286e-02     78.000          1      12721    1502.57 1.2046e+03  54467.095    530.006 1621767557       0.00     -0.155   39.32334  -72.66301 0.0000e+00
     76.902    13.1884    35.4013  1027.0115     2.0423     4.5140     76.850    0.00138    5.87375    5.87151      8.024    -0.0610   10.66425   4.160399 3.9387e-03    26.6679    26.6657 4.6061e-02     77.500          1      12784    1502.57 1.1690e+03  54467.678    532.625 1621767560      -0.09     -0.203   39.32332  -72.66300 0.0000e+00
     76.399    13.2012    35.4038  1027.0085     2.0511     4.5554     77.597    0.00570    5.87065    5.86837      8.027    -0.0542   10.65901   4.162485 3.9408e-03    26.6672    26.6650 4.7469e-02     77.000          1      12808    1502.61 1.2048e+03  54469.056    533.605 1621767561      -0.22     -0.379   39.32332  -72.66300 0.0000e+00
     75.901    13.2742    35.4143  1026.9994     2.0629     4.6080     78.486    0.00988    5.87114    5.86887      8.030    -0.0533   10.65982   4.170799 4.2428e-03    26.6605    26.6583 5.2488e-02     76.500          1      12834    1502.86 1.2363e+03  54472.733    534.692 1621767562       0.02     -0.488   39.32332  -72.66300 0.0000e+00
     75.403    13.3407    35.4265  1026.9930     2.0835     4.6577     79.407    0.00876    5.86564    5.86330      8.033    -0.0588   10.65065   4.178522 4.8721e-03    26.6563    26.6542 5.9611e-02     76.000          1      12915    1503.08 1.2244e+03  54479.967    538.096 1621767565      -0.01     -0.367   39.32331  -72.66300 0.0000e+00
     74.917    13.4262    35.4407  1026.9841     2.1145     4.7339     80.996    0.01026    5.84454    5.84195      8.043    -0.0443   10.61553   4.188440 5.3444e-03    26.6498    26.6476 6.2958e-02     75.500          1      13035    1503.37 1.1773e+03  54487.125    543.077 1621767570       0.13     -0.241   39.32330  -72.66300 0.0000e+00
     74.418    13.4620    35.4462  1026.9787     2.1292     4.7820     81.874    0.01250    5.84076    5.83813      8.047    -0.0662   10.60923   4.192440 5.2937e-03    26.6466    26.6444 6.4848e-02     75.000          1      13054    1503.49 1.2245e+03  54489.479    543.887 1621767571      -0.29     -0.332   39.32329  -72.66299 0.0000e+00
     73.916    13.4886    35.4498  1026.9737     2.1403     4.8145     82.433    0.01264    5.84044    5.83781      8.047    -0.0318   10.60867   4.195745 5.6131e-03    26.6439    26.6417 7.0100e-02     74.500          1      13076    1503.57 1.2489e+03  54490.548    544.777 1621767572      -0.11     -0.528   39.32328  -72.66298 0.0000e+00
     73.422    13.5641    35.4564  1026.9609     2.1581     4.8426     82.921    0.00735    5.84011    5.83748      8.050    -0.0424   10.60811   4.203556 6.2431e-03    26.6334    26.6312 7.7118e-02     74.000          1      13202    1503.82 1.2363e+03  54488.798    550.027 1621767577       0.08     -0.289   39.32327  -72.66297 0.0000e+00
     72.925    13.5943    35.4622  1026.9568     2.1720     4.8598     83.208    0.00185    5.84057    5.83794      8.057    -0.0511   10.60886   4.206678 6.8607e-03    26.6316    26.6294 8.5642e-02     73.500          1      13767    1503.92 1.2479e+03  54492.359    573.569 1621767600      -0.05     -0.195   39.32319  -72.66294 0.0000e+00
     72.433    13.5890    35.4603  1026.9542     2.1716     4.8557     83.205    0.00244    5.83582    5.83313      8.057    -0.0253   10.60098   4.205957 8.0099e-03    26.6312    26.6291 1.0126e-01     73.000          1      14861    1503.89 1.2643e+03  54490.143    619.161 1621767646      -0.13     -0.338   39.32303  -72.66284 0.0000e+00
     71.935    13.5986    35.4606  1026.9502     2.1746     4.8641     83.351    0.00246    5.83560    5.83291      8.057    -0.0308   10.60061   4.206927 8.9350e-03    26.6294    26.6273 1.1109e-01     72.500          1      14882    1503.91 1.2436e+03  54488.936    620.040 1621767647      -0.00     -0.414   39.32302  -72.66284 0.0000e+00
     71.441    13.6171    35.4637  1026.9465     2.1797     4.8747     83.576    0.00218    5.83264    5.82992      8.056    -0.0496   10.59567   4.209069 9.5173e-03    26.6280    26.6258 1.1766e-01     72.000          1      14935    1503.97 1.2363e+03  54490.354    622.257 1621767649       0.05     -0.226   39.32301  -72.66284 0.0000e+00
     70.945    13.6316    35.4670  1026.9438     2.1849     4.8876     83.841    0.00244    5.82961    5.82685      8.058    -0.0456   10.59061   4.210948 9.4939e-03    26.6275    26.6254 1.2063e-01     71.500          1      14991    1504.01 1.2705e+03  54492.679    624.576 1621767652      -0.26     -0.230   39.32300  -72.66284 0.0000e+00
     70.446    13.6622    35.4710  1026.9383     2.1888     4.8918     83.976    0.00184    5.82523    5.82241      8.062    -0.0415   10.58330   4.214297 1.0091e-02    26.6242    26.6221 1.2722e-01     71.000          1      15044    1504.11 1.2608e+03  54493.647    626.781 1621767654       0.00     -0.219   39.32299  -72.66283 0.0000e+00
     69.964    13.6859    35.4750  1026.9343     2.2004     4.9310     84.730    0.00469    5.81965    5.81677      8.070    -0.0437   10.57412   4.217140 1.0660e-02    26.6224    26.6203 1.3059e-01     70.500          1      15124    1504.18 1.2250e+03  54495.722    630.126 1621767657      -0.08     -0.121   39.32298  -72.66282 0.0000e+00
     69.462    13.7330    35.4805  1026.9264     2.2072     4.9639     85.277    0.00758    5.82090    5.81803      8.070    -0.0441   10.57618   4.222731 1.1227e-02    26.6168    26.6147 1.3677e-01     70.000          1      15137    1504.33 1.2182e+03  54496.559    630.651 1621767658      -0.41     -0.357   39.32298  -72.66282 0.0000e+00
     68.955    13.7456    35.4809  1026.9218     2.2114     4.9764     85.497    0.00780    5.82052    5.81765 -9.990e-29    -0.0459   10.57554   4.223515 1.2174e-02    26.6145    26.6124 1.4839e-01     69.500          1      15151    1504.36 1.2189e+03  54495.435    631.245 1621767658      -0.40     -0.621   39.32298  -72.66282 0.0000e+00
     68.454    13.7453    35.4757  1026.9155     2.2163     4.9809     85.570    0.00541    5.82082    5.81795      8.072    -0.0536   10.57607   4.222811 1.2710e-02    26.6105    26.6084 1.5775e-01     69.000          1      15193    1504.35 1.2409e+03  54487.765    632.994 1621767660      -0.03     -0.632   39.32296  -72.66282 0.0000e+00
     67.965    13.7367    35.4698  1026.9106     2.2232     4.9837     85.610    0.00150    5.82141    5.81854      8.075    -0.0597   10.57722   4.221173 1.3386e-02    26.6077    26.6056 1.6755e-01     68.500          1      15306    1504.31 1.2519e+03  54480.535    637.715 1621767665      -0.03     -0.349   39.32294  -72.66282 0.0000e+00
     67.480    13.7299    35.4576  1026.9005     2.2271     4.9910     85.803    0.00180    5.81685    5.81391      8.074    -0.0647   10.56970   4.219186 1.4178e-02    26.5997    26.5976 1.6913e-01     68.000          1      15360    1504.26 1.1926e+03  54464.436    639.959 1621767667       0.04     -0.220   39.32294  -72.66282 0.0000e+00
     66.979    13.7420    35.4550  1026.8937     2.2295     4.9958     85.937    0.00215    5.81328    5.81030      8.074    -0.0478   10.56381   4.220214 1.4570e-02    26.5951    26.5931 1.7558e-01     67.500          1      15382    1504.29 1.2050e+03  54459.021    640.867 1621767668      -0.30     -0.372   39.32294  -72.66282 0.0000e+00
     66.475    13.7501    35.4544  1026.8892     2.2321     5.0048     86.116    0.00289    5.81167    5.80867      8.074    -0.0492   10.56113   4.220974 1.5406e-02    26.5929    26.5909 1.8912e-01     67.000          1      15400    1504.31 1.2275e+03  54456.690    641.634 1621767669      -0.19     -0.583   39.32293  -72.66282 0.0000e+00
     65.984    13.7745    35.4530  1026.8808     2.2345     5.0119     86.238    0.00293    5.81172    5.80872      8.078    -0.0586   10.56121   4.223342 1.6139e-02    26.5867    26.5847 2.0296e-01     66.500          1      15423    1504.38 1.2574e+03  54451.236    642.569 1621767670       0.10     -0.604   39.32292  -72.66281 0.0000e+00
     65.482    13.8070    35.4519  1026.8708     2.2362     5.0160     86.269    0.00214    5.81439    5.81143 -9.990e-29    -0.0739   10.56562   4.226458 1.6706e-02    26.5791    26.5771 2.1562e-01     66.000          1      15450    1504.47 1.2903e+03  54445.134    643.691 1621767671       0.09     -0.496   39.32292  -72.66280 0.0000e+00
     64.987    13.8189    35.4538  1026.8676     2.2410     5.0178     86.470    0.00207    5.80291    5.79981      8.081    -0.0780   10.54657   4.227697 1.8414e-02    26.5780    26.5760 2.2507e-01     65.500          1      15575    1504.51 1.2229e+03  54445.779    648.896 1621767676      -0.53     -0.443   39.32290  -72.66280 0.0000e+00
     64.487    13.8493    35.4541  1026.8591     2.2438     5.0256     86.652    0.00280    5.79977    5.79663      8.083    -0.0402   10.54135   4.230984 1.9361e-02    26.5718    26.5699 2.3528e-01     65.000          1      15603    1504.60 1.2153e+03  54441.933    650.076 1621767677      -0.02     -0.680   39.32290  -72.66280 0.0000e+00
     64.002    13.9095    35.4567  1026.8463     2.2512     5.0500     87.097    0.00409    5.79813    5.79498      8.083    -0.0642   10.53862   4.237054 1.9404e-02    26.5612    26.5592 2.4257e-01     64.500          1      15647    1504.79 1.2502e+03  54437.264    651.918 1621767679       0.19     -0.285   39.32290  -72.66280 0.0000e+00
     63.505    13.9323    35.4601  1026.8419     2.2565     5.0628     87.328    0.00374    5.79749    5.79433      8.083    -0.0696   10.53755   4.239601 1.9582e-02    26.5591    26.5571 2.5349e-01     64.000          1      15684    1504.85 1.2944e+03  54438.770    653.444 1621767680      -0.10     -0.313   39.32288  -72.66278 0.0000e+00
     63.005    13.9382    35.4616  1026.8396     2.2581     5.0592     87.272    0.00192    5.79705    5.79388      8.083    -0.0812   10.53681   4.240250 1.9921e-02    26.5590    26.5570 2.5974e-01     63.500          1      15713    1504.87 1.3039e+03  54439.749    654.666 1621767682      -0.04     -0.398   39.32288  -72.66278 0.0000e+00
     62.511    13.9473    35.4634  1026.8368     2.2611     5.0646     87.357    0.00099    5.79751    5.79435      8.083    -0.0753   10.53757   4.241234 2.2989e-02    26.5584    26.5565 2.8346e-01     63.000          1      15784    1504.89 1.2336e+03  54440.672    657.614 1621767685      -0.02     -0.162   39.32288  -72.66278 0.0000e+00
     62.012    13.9469    35.4642  1026.8353     2.2638     5.0710     87.483    0.00120    5.79660    5.79343      8.088    -0.0875   10.53609   4.241209 2.2153e-02    26.5591    26.5572 2.8391e-01     62.500          1      15898    1504.88 1.2816e+03  54441.602    662.356 1621767689      -0.79     -0.537   39.32286  -72.66278 0.0000e+00
     61.505    13.9501    35.4640  1026.8321     2.2646     5.0737     87.530    0.00132    5.79652    5.79334      8.087    -0.0700   10.53594   4.241419 2.2905e-02    26.5582    26.5563 2.9172e-01     62.000          1      15912    1504.88 1.2737e+03  54440.536    662.971 1621767690      -0.39     -0.852   39.32286  -72.66278 0.0000e+00
