CalculateIndicators/WaterTemperature/Data/CTD_NYOS/20210525_C35.cnv
* Sea-Bird SBE 9 Data File:
* FileName = C:\Seabird 9 CTD\Data\2021\202105_offshore\20210525_C35.hex
* Software Version Seasave V 7.23.2
* Temperature SN = 4590
* Conductivity SN = 3228
* Number of Bytes Per Scan = 44
* Number of Voltage Words = 5
* Number of Scans Averaged by the Deck Unit = 1
* NMEA Latitude = 40 59.84 N
* NMEA Longitude = 071 54.14 W
* NMEA UTC (Time) = May 25 2021  20:45:41
* NMEA baud rate = 4800
** Ship: seawolf
** Station: 1.1
** Operator: eih
# nquan = 31
# nvalues = 61                          
# units = specified
# name 0 = depSM: Depth [salt water, m]
# name 1 = t090C: Temperature [ITS-90, deg C]
# name 2 = sal00: Salinity, Practical [PSU]
# name 3 = density00: Density [density, kg/m^3]
# name 4 = sbeox0V: Oxygen raw, SBE 43 [V]
# name 5 = sbeox0ML/L: Oxygen, SBE 43 [ml/l]
# name 6 = sbeox0PS: Oxygen, SBE 43 [% saturation]
# name 7 = sbox0dV/dT: Oxygen, SBE 43 [dov/dt]
# name 8 = oxsolML/L: Oxygen Saturation, Garcia & Gordon [ml/l]
# name 9 = oxsatML/L: Oxygen Saturation, Weiss [ml/l]
# name 10 = ph: pH
# name 11 = flECO-AFL: Fluorescence, WET Labs ECO-AFL/FL [mg/m^3]
# name 12 = n2satML/L: Nitrogen Saturation [ml/l]
# name 13 = c0S/m: Conductivity [S/m]
# name 14 = cpar: CPAR/Corrected Irradiance [%]
# name 15 = sigma-é00: Density [sigma-theta, kg/m^3]
# name 16 = sigma-t00: Density [sigma-t, kg/m^3 ]
# name 17 = par: PAR/Irradiance, Biospherical/Licor
# name 18 = prDM: Pressure, Digiquartz [db]
# name 19 = pumps: Pump Status
# name 20 = scan: Scan Count
# name 21 = svCM: Sound Velocity [Chen-Millero, m/s]
# name 22 = spar: SPAR, Biospherical/Licor
# name 23 = specc: Specific Conductance [uS/cm]
# name 24 = timeS: Time, Elapsed [seconds]
# name 25 = timeY: Time, System [seconds]
# name 26 = accM: Acceleration [m/s^2]
# name 27 = dz/dtM: Descent Rate [m/s]
# name 28 = latitude: Latitude [deg]
# name 29 = longitude: Longitude [deg]
# name 30 = flag: flag
# span 0 =      1.957,     16.882       
# span 1 =    10.6259,    12.8210       
# span 2 =    30.7607,    31.2703       
# span 3 =  1023.1576,  1024.0142       
# span 4 =     2.5375,     2.6366       
# span 5 =     6.3958,     6.5614       
# span 6 =    100.895,    105.295       
# span 7 =   -0.00925,    0.00843       
# span 8 =    6.10908,    6.37929       
# span 9 =    6.10644,    6.38024       
# span 10 =      8.004,      8.028      
# span 11 =     0.1919,     0.9356      
# span 12 =   11.10663,   11.54890      
# span 13 =   3.496620,   3.633217      
# span 14 = 1.1524e+00, 8.0546e+01      
# span 15 =    23.1486,    23.9373      
# span 16 =    23.1485,    23.9370      
# span 17 = 2.0816e+01, 7.6463e+02      
# span 18 =      2.000,     17.000      
# span 19 =          1,          1      
# span 20 =        882,       8119      
# span 21 =    1487.83,    1494.63      
# span 22 = 4.7771e+02, 1.8496e+03      
# span 23 =  48026.843,  49069.598      
# span 24 =     36.726,    338.242      
# span 25 = 1621975574, 1621975875      
# span 26 =      -0.65,       1.08      
# span 27 =     -0.803,      0.819      
# span 28 =   40.99756,   40.99857      
# span 29 =  -71.90214,  -71.90061      
# span 30 = 0.0000e+00, 0.0000e+00      
# interval = decibars: 0.5              
# start_time = May 25 2021 20:45:38 [System UTC, first data scan.]
# bad_flag = -9.990e-29
*END*
      1.957    12.8202    30.7648  1023.1576     2.6332     6.4147    105.003    0.00058    6.10908    6.10644      8.020     0.2138   11.10663   3.633217 3.4160e+01    23.1488    23.1487 6.0729e+02      2.000          1        882    1494.61 1.7842e+03  48028.373     36.726 1621975574       0.50     -0.432   40.99756  -71.90214 0.0000e+00
      2.492    12.8210    30.7647  1023.1598     2.6337     6.4179    105.046    0.00085    6.10964    6.10701      8.020     0.1919   11.10757   3.633204 2.0076e+01    23.1486    23.1485 3.6558e+02      2.500          1        897    1494.62 1.8217e+03  48028.429     37.318 1621975575       1.08      0.065   40.99756  -71.90214 0.0000e+00
      3.000    12.8140    30.7650  1023.1637     2.6326     6.4102    104.920   -0.00026    6.10961    6.10698      8.021     0.2159   11.10751   3.632666 7.9708e+01    23.1501    23.1500 5.5820e+02      3.000          1       1193    1494.60 1.1067e+03  48029.972     49.676 1621975587       0.55      0.598   40.99761  -71.90206 0.0000e+00
      3.470    12.8130    30.7651  1023.1660     2.6328     6.4132    104.959   -0.00015    6.11017    6.10754 -9.990e-29     0.2464   11.10844   3.632603 4.8254e+01    23.1504    23.1503 7.6463e+02      3.500          1       1498    1494.61 1.6467e+03  48030.438     62.356 1621975600       0.52      0.256   40.99764  -71.90200 0.0000e+00
      3.974    12.8087    30.7656  1023.1695     2.6327     6.4147    104.983    0.00021    6.11026    6.10764 -9.990e-29     0.2494   11.10859   3.632358 8.0546e+01    23.1516    23.1515 4.8979e+02      4.000          1       1519    1494.60 6.3432e+02  48032.015     63.269 1621975601       0.20      0.547   40.99764  -71.90200 0.0000e+00
      4.465    12.8119    30.7651  1023.1708     2.6334     6.4183    105.034    0.00031    6.11069    6.10807 -9.990e-29 -9.990e-29   11.10930   3.632581 4.1854e+01    23.1507    23.1506 3.8550e+02      4.500          1       1576    1494.62 1.3328e+03  48031.157     65.620 1621975603       0.11      0.248   40.99766  -71.90198 0.0000e+00
      4.970    12.8078    30.7654  1023.1741     2.6330     6.4168    105.018    0.00033    6.11013    6.10750      8.022     0.2431   11.10836   3.632269 2.0019e+01    23.1517    23.1516 3.4064e+02      5.000          1       1613    1494.61 1.8137e+03  48032.489     67.185 1621975605       0.40      0.407   40.99766  -71.90198 0.0000e+00
      5.452    12.8104    30.7651  1023.1756     2.6286     6.3971    104.626   -0.00236    6.11429    6.11172      8.023     0.3525   11.11527   3.632509 1.5509e+01    23.1510    23.1509 2.8102e+02      5.500          1       1678    1494.63 1.8093e+03  48032.029     69.879 1621975608       0.18      0.172   40.99766  -71.90194 0.0000e+00
      5.958    12.8080    30.7647  1023.1780     2.6284     6.3958    104.562   -0.00309    6.11671    6.11416      8.023     0.3781   11.11928   3.632086 1.4770e+01    23.1511    23.1510 2.6963e+02      6.000          1       1703    1494.63 1.8270e+03  48031.885     70.921 1621975608       0.56      0.405   40.99766  -71.90194 0.0000e+00
      6.457    12.7334    30.7674  1023.1966     2.6303     6.4265    104.915    0.00016    6.12549    6.12304      8.023     0.4351   11.13378   3.624669 1.2245e+01    23.1675    23.1673 2.0747e+02      6.500          1       1744    1494.39 1.7381e+03  48044.963     72.620 1621975610       0.18      0.457   40.99767  -71.90193 0.0000e+00
      6.948    12.6424    30.7767  1023.2233     2.6298     6.4333    104.946    0.00064    6.13013    6.12773      8.023     0.5299   11.14144   3.618425 1.1301e+01    23.1919    23.1918 2.0232e+02      7.000          1       1804    1494.10 1.7940e+03  48070.969     75.123 1621975613       0.48      0.322   40.99768  -71.90192 0.0000e+00
      7.444    12.6013    30.7807  1023.2364     2.6248     6.4562    104.590   -0.00175    6.17307    6.17120      8.025     0.5405   11.21220   3.615269 9.2465e+00    23.2028    23.2026 1.6158e+02      7.500          1       1846    1493.97 1.7730e+03  48081.573     76.885 1621975614       0.08      0.351   40.99769  -71.90190 0.0000e+00
      7.933    12.4005    30.8026  1023.2933     2.6130     6.4225    103.707   -0.00629    6.19290    6.19127      8.025     0.6382   11.24490   3.598795 2.6033e+01    23.2575    23.2573 1.4329e+02      8.000          1       1902    1493.32 5.4361e+02  48139.314     79.222 1621975617       0.41      0.213   40.99770  -71.90190 0.0000e+00
      8.441    12.1388    30.8457  1023.3776     2.6179     6.4691    104.471    0.00066    6.19220    6.19056      8.025     0.6489   11.24376   3.580513 1.3671e+01    23.3394    23.3392 1.2307e+02      8.500          1       1921    1492.48 1.2228e+03  48236.151     79.997 1621975618       0.24      0.519   40.99770  -71.90190 0.0000e+00
      8.928    12.0161    30.8630  1023.4158     2.6109     6.4858    103.846   -0.00410    6.24595    6.24500      8.027     0.6683   11.33204   3.573004 1.5196e+01    23.3754    23.3752 1.1425e+02      9.000          1       1985    1492.09 1.1525e+03  48277.817     82.679 1621975620       0.20      0.278   40.99770  -71.90188 0.0000e+00
      9.431    11.9426    30.8695  1023.4365     2.6026     6.4277    103.034   -0.00925    6.23842    6.23737      8.027     0.7231   11.31979   3.565706 1.0113e+01    23.3938    23.3936 1.0060e+02      9.500          1       2022    1491.85 1.2039e+03  48296.548     84.196 1621975622       0.69      0.443   40.99772  -71.90188 0.0000e+00
      9.939    11.5595    30.9391  1023.5620     2.6080     6.5250    104.043   -0.00045    6.27143    6.27080      8.028     0.6811   11.37395   3.538529 4.7839e+00    23.5169    23.5167 8.4422e+01     10.000          1       2046    1490.61 1.7910e+03  48451.210     85.197 1621975623       0.28      0.699   40.99772  -71.90186 0.0000e+00
     10.425    11.3754    30.9751  1023.6250     2.5994     6.5099    103.354   -0.00448    6.29867    6.29841      8.028     0.7245   11.41853   3.528114 4.5946e+00    23.5777    23.5775 8.1970e+01     10.500          1       2123    1490.02 1.7857e+03  48530.264     88.399 1621975626       1.04      0.374   40.99772  -71.90184 0.0000e+00
     10.937    11.3099    30.9957  1023.6549     2.6001     6.5300    103.646   -0.00134    6.30027    6.30004      8.028     0.7534   11.42115   3.525093 4.0565e+00    23.6053    23.6051 7.3778e+01     11.000          1       2136    1489.82 1.8195e+03  48568.964     88.960 1621975627       0.49      0.819   40.99772  -71.90184 0.0000e+00
     11.409    11.2606    31.0038  1023.6721     2.5959     6.5258    103.370   -0.00266    6.31311    6.31305      8.026     0.7656   11.44214   3.522448 3.2341e+00    23.6203    23.6201 5.8475e+01     11.500          1       2228    1489.67 1.8081e+03  48587.942     92.807 1621975630       0.65      0.338   40.99774  -71.90182 0.0000e+00
     11.917    11.2170    31.0154  1023.6911     2.5954     6.5266    103.385   -0.00211    6.31291    6.31284      8.027     0.7966   11.44182   3.519937 2.8895e+00    23.6370    23.6367 5.2402e+01     12.000          1       2243    1489.53 1.8137e+03  48611.636     93.421 1621975631       0.31      0.672   40.99774  -71.90182 0.0000e+00
     12.407    11.1829    31.0214  1023.7039     2.5916     6.5275    103.230   -0.00213    6.32324    6.32332      8.025     0.7688   11.45868   3.518085 2.7710e+00    23.6476    23.6473 5.0276e+01     12.500          1       2312    1489.43 1.8147e+03  48625.471     96.312 1621975634       0.19      0.368   40.99775  -71.90180 0.0000e+00
     12.901    11.1496    31.0283  1023.7174     2.5884     6.5238    103.066   -0.00245    6.32971    6.32988      8.024     0.8000   11.46923   3.516006 2.4950e+00    23.6588    23.6585 4.4440e+01     13.000          1       2356    1489.33 1.7816e+03  48640.778     98.137 1621975636       0.22      0.460   40.99776  -71.90178 0.0000e+00
     13.395    11.0805    31.0491  1023.7479     2.5809     6.5214    102.642   -0.00366    6.35359    6.35410      8.022     0.7833   11.50804   3.512252 3.0972e+00    23.6870    23.6867 4.0285e+01     13.500          1       2403    1489.12 1.3407e+03  48681.222    100.095 1621975638      -0.08      0.278   40.99776  -71.90178 0.0000e+00
     13.890    10.9858    31.0770  1023.7883     2.5694     6.4814    101.839   -0.00685    6.36434    6.36501      8.020     0.7785   11.52554   3.506391 2.7745e+00    23.7251    23.7248 3.6183e+01     14.000          1       2449    1488.82 1.3523e+03  48735.548    101.985 1621975640       0.29      0.243   40.99777  -71.90177 0.0000e+00
     14.390    10.8042    31.1412  1023.8718     2.5622     6.4721    101.637   -0.00519    6.36787    6.36864      8.020     0.8566   11.53064   3.497496 1.7794e+00    23.8063    23.8060 3.2173e+01     14.500          1       2490    1488.27 1.8036e+03  48856.316    103.714 1621975641       0.11      0.321   40.99778  -71.90175 0.0000e+00
     14.884    10.7326    31.2072  1023.9377     2.5538     6.4588    101.401   -0.00318    6.36950    6.37033 -9.990e-29     0.9356   11.53284   3.498468 1.6290e+00    23.8699    23.8696 2.9433e+01     15.000          1       2549    1488.10 1.8068e+03  48961.327    106.159 1621975644       0.45      0.241   40.99778  -71.90174 0.0000e+00
     15.383    10.7128    31.2392  1023.9683     2.5504     6.4546    101.278   -0.00280    6.37320    6.37408 -9.990e-29     0.9188   11.53893   3.500084 1.4868e+00    23.8982    23.8979 2.7006e+01     15.500          1       2581    1488.08 1.8167e+03  49010.191    107.497 1621975645      -0.04      0.381   40.99779  -71.90173 0.0000e+00
     15.870    10.6962    31.2596  1023.9892     2.5448     6.4481    101.081   -0.00200    6.37917    6.38013 -9.990e-29     0.8915   11.54867   3.500779 1.3460e+00    23.9170    23.9166 2.4604e+01     16.000          1       2642    1488.05 1.8278e+03  49042.029    110.049 1621975648       0.08      0.112   40.99780  -71.90172 0.0000e+00
     16.376    10.6582    31.2637  1024.0012     2.5417     6.4344    100.895   -0.00235    6.37733    6.37826      8.012     0.8913   11.54570   3.497890 1.2066e+00    23.9266    23.9263 2.1982e+01     16.500          1       2678    1487.93 1.8218e+03  49054.323    111.543 1621975649       0.08      0.340   40.99780  -71.90172 0.0000e+00
     16.882    10.6259    31.2703  1024.0142     2.5375     6.4408    101.006    0.00152    6.37663    6.37755      8.011     0.8899   11.54461   3.496620 1.1524e+00    23.9373    23.9370 2.0816e+01     17.000          1       3299    1487.83 1.8065e+03  49069.598    137.396 1621975675      -0.04      0.187   40.99788  -71.90157 0.0000e+00
     16.366    10.6542    31.2594  1023.9985     2.5386     6.4419    100.982    0.00051    6.37929    6.38024 -9.990e-29     0.9020   11.54890   3.497971 1.2409e+00    23.9240    23.9236 2.2308e+01     16.500          1       3443    1487.91 1.7981e+03  49048.997    143.410 1621975681      -0.42     -0.160   40.99790  -71.90155 0.0000e+00
     15.871    10.6782    31.2573  1023.9905     2.5403     6.4370    101.029    0.00045    6.37137    6.37218      8.004     0.8982   11.53640   3.499849 4.1934e+00    23.9182    23.9179 2.4565e+01     16.000          1       5086    1487.98 7.2640e+02  49041.731    211.863 1621975749      -0.04     -0.307   40.99813  -71.90120 0.0000e+00
     15.387    10.6977    31.2499  1023.9792     2.5445     6.4531    101.347    0.00205    6.36728    6.36801      8.004     0.8941   11.53019   3.500587 3.9665e+00    23.9091    23.9088 2.6937e+01     15.500          1       5344    1488.03 7.2298e+02  49027.816    222.622 1621975760      -0.11     -0.197   40.99816  -71.90116 0.0000e+00
     14.880    10.7041    31.2260  1023.9572     2.5471     6.4676    101.565    0.00306    6.36794    6.36868      8.006     0.8479   11.53113   3.498736 1.8880e+00    23.8894    23.8892 2.9480e+01     15.000          1       5356    1488.02 1.6025e+03  48992.651    223.138 1621975761      -0.27     -0.433   40.99816  -71.90114 0.0000e+00
     14.384    10.7433    31.1740  1023.9077     2.5542     6.4748    101.937    0.00391    6.35180    6.35229      8.007     0.8738   11.50523   3.496842 3.2219e+00    23.8423    23.8420 3.2572e+01     14.500          1       5407    1488.09 1.2774e+03  48912.399    225.231 1621975763      -0.13     -0.344   40.99817  -71.90114 0.0000e+00
     13.891    10.7743    31.1421  1023.8754     2.5663     6.5042    102.784    0.00768    6.32799    6.32813 -9.990e-29     0.8935   11.46658   3.496892 2.7260e+00    23.8121    23.8119 3.6550e+01     14.000          1       5458    1488.15 1.3828e+03  48862.010    227.384 1621975765      -0.60     -0.337   40.99818  -71.90114 0.0000e+00
     13.384    10.9149    31.0901  1023.8084     2.5721     6.5236    103.122    0.00843    6.32610    6.32621 -9.990e-29     0.8095   11.46349   3.504234 2.4406e+00    23.7475    23.7472 4.1281e+01     13.500          1       5476    1488.58 1.6983e+03  48765.530    228.121 1621975766      -0.22     -0.646   40.99818  -71.90114 0.0000e+00
     12.902    11.0816    31.0382  1023.7370     2.5817     6.5269    103.225    0.00405    6.32300    6.32307      8.011     0.7542   11.45845   3.512972 6.4680e+00    23.6783    23.6780 4.4575e+01     13.000          1       5533    1489.10 8.8899e+02  48665.193    230.484 1621975768       0.13     -0.198   40.99818  -71.90111 0.0000e+00
     12.403    11.1029    31.0319  1023.7261     2.5846     6.5195    103.159    0.00160    6.31983    6.31985      8.012     0.7935   11.45324   3.513971 9.5525e+00    23.6697    23.6694 4.9100e+01     12.500          1       5572    1489.16 5.1696e+02  48652.815    232.130 1621975770      -0.15     -0.318   40.99820  -71.90110 0.0000e+00
     11.905    11.1132    31.0294  1023.7201     2.5868     6.5253    103.269    0.00169    6.31875    6.31876      8.013     0.7779   11.45147   3.514514 8.9817e+00    23.6660    23.6657 5.3932e+01     12.000          1       5603    1489.19 6.1422e+02  48647.475    233.412 1621975771      -0.01     -0.392   40.99820  -71.90110 0.0000e+00
     11.415    11.1429    31.0236  1023.7081     2.5908     6.5245    103.453    0.00193    6.30669    6.30653      8.012     0.7731   11.43172   3.516329 1.1850e+01    23.6562    23.6560 5.7263e+01     11.500          1       5668    1489.27 4.7771e+02  48634.285    236.128 1621975774      -0.07     -0.128   40.99820  -71.90109 0.0000e+00
     10.913    11.1770    31.0151  1023.6933     2.5947     6.5376    103.707    0.00274    6.30393    6.30374 -9.990e-29     0.7517   11.42719   3.518675 1.2782e+01    23.6437    23.6435 6.3735e+01     11.000          1       5700    1489.38 4.9860e+02  48616.717    237.476 1621975775      -0.40     -0.338   40.99820  -71.90108 0.0000e+00
     10.412    11.2539    30.9978  1023.6641     2.5999     6.5498    104.006    0.00354    6.29752    6.29724      8.016     0.6900   11.41670   3.523468 1.4485e+01    23.6168    23.6166 7.2246e+01     10.500          1       5744    1489.62 4.9885e+02  48580.144    239.280 1621975777      -0.15     -0.345   40.99821  -71.90107 0.0000e+00
      9.914    11.4347    30.9539  1023.5956     2.6044     6.5614    104.102    0.00177    6.30289    6.30269      8.018     0.6769   11.42542   3.535840 1.2361e+01    23.5507    23.5504 7.5976e+01     10.000          1       5837    1490.19 6.3875e+02  48490.726    243.180 1621975781      -0.33     -0.297   40.99823  -71.90105 0.0000e+00
      9.412    12.0364    30.8272  1023.3866     2.6165     6.4982    104.020   -0.00549    6.24763    6.24671      8.019     0.6417   11.33476   3.575327 8.1386e+00    23.3440    23.3438 9.3023e+01      9.500          1       6695    1492.13 1.4000e+03  48224.263    278.911 1621975816      -0.30     -0.432   40.99835  -71.90089 0.0000e+00
