CalculateIndicators/WaterTemperature/Data/CTD_NYOS/20210522_C09B.cnv
* Sea-Bird SBE 9 Data File:
* FileName = C:\Seabird 9 CTD\Data\2021\202105_offshore\20210522_C09B.hex
* Software Version Seasave V 7.23.2
* Temperature SN = 4590
* Conductivity SN = 3228
* Number of Bytes Per Scan = 44
* Number of Voltage Words = 5
* Number of Scans Averaged by the Deck Unit = 1
* NMEA Latitude = 39 29.06 N
* NMEA Longitude = 073 03.36 W
* NMEA UTC (Time) = May 22 2021  10:16:47
* NMEA baud rate = 4800
** Ship: seawolf
** Station: 6.4
** Operator: EIH
# nquan = 31
# nvalues = 238                         
# units = specified
# name 0 = depSM: Depth [salt water, m]
# name 1 = t090C: Temperature [ITS-90, deg C]
# name 2 = sal00: Salinity, Practical [PSU]
# name 3 = density00: Density [density, kg/m^3]
# name 4 = sbeox0V: Oxygen raw, SBE 43 [V]
# name 5 = sbeox0ML/L: Oxygen, SBE 43 [ml/l]
# name 6 = sbeox0PS: Oxygen, SBE 43 [% saturation]
# name 7 = sbox0dV/dT: Oxygen, SBE 43 [dov/dt]
# name 8 = oxsolML/L: Oxygen Saturation, Garcia & Gordon [ml/l]
# name 9 = oxsatML/L: Oxygen Saturation, Weiss [ml/l]
# name 10 = ph: pH
# name 11 = flECO-AFL: Fluorescence, WET Labs ECO-AFL/FL [mg/m^3]
# name 12 = n2satML/L: Nitrogen Saturation [ml/l]
# name 13 = c0S/m: Conductivity [S/m]
# name 14 = cpar: CPAR/Corrected Irradiance [%]
# name 15 = sigma-é00: Density [sigma-theta, kg/m^3]
# name 16 = sigma-t00: Density [sigma-t, kg/m^3 ]
# name 17 = par: PAR/Irradiance, Biospherical/Licor
# name 18 = prDM: Pressure, Digiquartz [db]
# name 19 = pumps: Pump Status
# name 20 = scan: Scan Count
# name 21 = svCM: Sound Velocity [Chen-Millero, m/s]
# name 22 = spar: SPAR, Biospherical/Licor
# name 23 = specc: Specific Conductance [uS/cm]
# name 24 = timeS: Time, Elapsed [seconds]
# name 25 = timeY: Time, System [seconds]
# name 26 = accM: Acceleration [m/s^2]
# name 27 = dz/dtM: Descent Rate [m/s]
# name 28 = latitude: Latitude [deg]
# name 29 = longitude: Longitude [deg]
# name 30 = flag: flag
# span 0 =      1.950,     64.502       
# span 1 =     8.0107,    14.5707       
# span 2 =    32.4785,    33.6107       
# span 3 =  1024.1927,  1026.3393       
# span 4 =     1.9272,     2.6526       
# span 5 =     4.1728,     6.4990       
# span 6 =     71.517,    106.471       
# span 7 =   -0.01983,    0.07467       
# span 8 =    5.82884,    6.66861       
# span 9 =    5.82422,    6.67558       
# span 10 =      7.908,      8.085      
# span 11 =     0.0796,     0.9242      
# span 12 =   10.62133,   12.00246      
# span 13 =   3.471800,   3.983598      
# span 14 = 4.6029e-13, 3.1104e+01      
# span 15 =    24.1792,    26.0431      
# span 16 =    24.1791,    26.0422      
# span 17 = -2.132e-04, 7.7628e+01      
# span 18 =      2.000,     65.000      
# span 19 =          1,          1      
# span 20 =         79,      13738      
# span 21 =    1481.21,    1502.56      
# span 22 = 1.9773e+02, 2.5052e+02      
# span 23 =  50307.493,  52694.447      
# span 24 =      3.241,    572.365      
# span 25 = 1621678610, 1621679179      
# span 26 =      -0.79,       0.50      
# span 27 =     -0.797,      0.725      
# span 28 =   39.48437,   39.48602      
# span 29 =  -73.05609,  -73.05271      
# span 30 = 0.0000e+00, 0.0000e+00      
# interval = decibars: 0.5              
# start_time = May 22 2021 10:16:47 [System UTC, first data scan.]
# bad_flag = -9.990e-29
*END*
[from data line 141]
     49.606     8.0747    33.4197  1026.2504     2.0456     5.1591     77.494   -0.00003    6.65738    6.66424      7.908     0.1442   11.98331   3.482644 4.8690e-02    26.0225    26.0218 1.0542e-01     50.000          1       7031    1481.62 2.1671e+02  52645.448    292.920 1621678900      -0.07     -0.291   39.48521  -73.05442 0.0000e+00
     49.129     8.0757    33.4204  1026.2486     2.0456     5.1624     77.499    0.00024    6.66124    6.66814 -9.990e-29     0.1353   11.98983   3.482784 5.7626e-02    26.0229    26.0222 1.2076e-01     49.500          1       7732    1481.61 2.0946e+02  52645.885    322.109 1621678929       0.19     -0.406   39.48529  -73.05425 0.0000e+00
     48.626     8.0743    33.4199  1026.2461     2.0462     5.1653     77.545    0.00039    6.66106    6.66796 -9.990e-29     0.1465   11.98954   3.482586 6.2514e-02    26.0227    26.0220 1.3103e-01     49.000          1       7674    1481.60 2.0958e+02  52645.204    319.708 1621678927      -0.29     -0.414   39.48528  -73.05426 0.0000e+00
     48.118     8.0715    33.4189  1026.2434     2.0469     5.1689     77.597    0.00058    6.66119    6.66809 -9.990e-29     0.1557   11.98976   3.482143 6.9674e-02    26.0224    26.0217 1.4818e-01     48.500          1       7688    1481.58 2.1264e+02  52644.155    320.295 1621678927      -0.40     -0.640   39.48528  -73.05426 0.0000e+00
     47.622     8.0577    33.4103  1026.2364     2.0504     5.1909     77.918    0.00221    6.66194    6.66885 -9.990e-29     0.1633   11.99108   3.480029 7.8509e-02    26.0177    26.0170 1.7276e-01     48.000          1       7712    1481.51 2.1991e+02  52634.933    321.312 1621678928       0.13     -0.646   39.48528  -73.05426 0.0000e+00
     47.138     8.0499    33.4037  1026.2302     2.0570     5.2207     78.325    0.00310    6.66534    6.67228 -9.990e-29     0.1834   11.99693   3.478760 9.0140e-02    26.0136    26.0129 1.9937e-01     47.500          1       7762    1481.46 2.2118e+02  52627.066    323.393 1621678930      -0.08     -0.137   39.48530  -73.05424 0.0000e+00
     46.636     8.0467    33.3984  1026.2242     2.0607     5.2361     78.542    0.00347    6.66660    6.67355 -9.990e-29     0.2381   11.99903   3.477871 9.5156e-02    26.0099    26.0093 2.0992e-01     47.000          1       7788    1481.44 2.2099e+02  52620.020    324.457 1621678932      -0.17     -0.404   39.48530  -73.05424 0.0000e+00
     46.138     8.0365    33.3861  1026.2137     2.0659     5.2572     78.849    0.00404    6.66740    6.67437 -9.990e-29     0.2442   12.00040   3.475765 1.0533e-01    26.0018    26.0011 2.3030e-01     46.500          1       7816    1481.38 2.1870e+02  52604.648    325.646 1621678933       0.04     -0.442   39.48530  -73.05422 0.0000e+00
     45.650     8.0232    33.3774  1026.2067     2.0711     5.2721     79.058    0.00358    6.66861    6.67558 -9.990e-29     0.2493   12.00246   3.473792 1.1617e-01    25.9969    25.9962 2.5282e-01     46.000          1       7854    1481.31 2.1760e+02  52595.240    327.228 1621678934       0.06     -0.311   39.48530  -73.05422 0.0000e+00
     45.152     8.0186    33.3758  1026.2038     2.0728     5.2689     79.011    0.00221    6.66855    6.67552 -9.990e-29     0.2428   12.00236   3.473237 1.2352e-01    25.9963    25.9956 2.7249e-01     45.500          1       7878    1481.28 2.2060e+02  52593.711    328.221 1621678935      -0.22     -0.381   39.48530  -73.05422 0.0000e+00
     44.643     8.0159    33.3732  1026.1998     2.0732     5.2642     78.944    0.00135    6.66825    6.67522 -9.990e-29     0.2525   12.00188   3.472676 1.3569e-01    25.9946    25.9940 3.0002e-01     45.000          1       7898    1481.26 2.2110e+02  52590.309    329.022 1621678936      -0.15     -0.567   39.48530  -73.05422 0.0000e+00
     44.176     8.0107    33.3679  1026.1943     2.0757     5.2709     79.045    0.00117    6.66819    6.67515      7.915     0.2727   12.00180   3.471800 1.5247e-01    25.9913    25.9906 3.3698e-01     44.500          1       7951    1481.22 2.2101e+02  52583.742    331.238 1621678938       0.15     -0.107   39.48532  -73.05420 0.0000e+00
     43.666     8.0132    33.3677  1026.1914     2.0766     5.2752     79.110    0.00136    6.66818    6.67515      7.916     0.2968   12.00178   3.471967 1.6154e-01    25.9907    25.9901 3.5496e-01     44.000          1       7964    1481.22 2.1975e+02  52582.547    331.772 1621678939      -0.62     -0.319   39.48532  -73.05419 0.0000e+00
     43.147     8.0148    33.3672  1026.1883     2.0777     5.2796     79.175    0.00149    6.66820    6.67517      7.915     0.2837   12.00182   3.472068 1.7400e-01    25.9900    25.9894 3.8171e-01     43.500          1       7976    1481.22 2.1937e+02  52581.046    332.291 1621678939      -0.62     -0.670   39.48532  -73.05418 0.0000e+00
     42.662     8.0155    33.3662  1026.1852     2.0814     5.2919     79.370    0.00178    6.66742    6.67437      7.916     0.2823   12.00053   3.472033 1.8585e-01    25.9892    25.9886 4.0937e-01     43.000          1       8028    1481.21 2.2030e+02  52579.143    334.459 1621678942      -0.40     -0.451   39.48533  -73.05417 0.0000e+00
     42.167     8.0174    33.3659  1026.1824     2.0834     5.2947     79.434    0.00150    6.66552    6.67243      7.917     0.2961   11.99744   3.472162 1.9893e-01    25.9887    25.9881 4.3850e-01     42.500          1       8065    1481.21 2.2041e+02  52577.967    335.998 1621678943      -0.79     -0.484   39.48534  -73.05416 0.0000e+00
     41.662     8.0185    33.3650  1026.1793     2.0844     5.2896     79.447    0.00130    6.65802    6.66480      7.917     0.2967   11.98531   3.472139 2.1374e-01    25.9878    25.9872 4.7316e-01     42.000          1       8081    1481.21 2.2135e+02  52576.101    336.648 1621678944      -0.24     -0.797   39.48534  -73.05416 0.0000e+00
     41.187     8.0230    33.3640  1026.1756     2.0923     5.3277     80.079    0.00399    6.65307    6.65976      7.922     0.4524   11.97728   3.472513 2.3708e-01    25.9863    25.9857 5.2438e-01     41.500          1       8123    1481.21 2.2118e+02  52573.246    338.426 1621678945       0.39     -0.307   39.48534  -73.05416 0.0000e+00
     40.680     8.0832    33.3424  1026.1474     2.1055     5.4046     81.229    0.00927    6.65355    6.66025 -9.990e-29     0.5248   11.97807   3.476247 2.5440e-01    25.9605    25.9599 5.6267e-01     41.000          1       8150    1481.41 2.2117e+02  52527.825    339.544 1621678947      -0.30     -0.359   39.48534  -73.05414 0.0000e+00
     40.187     8.1194    33.3295  1026.1296     2.1209     5.4542     82.025    0.00978    6.64952    6.65615 -9.990e-29     0.5679   11.97156   3.478022 2.9870e-01    25.9450    25.9445 6.1138e-01     40.500          1       8190    1481.52 2.0504e+02  52500.628    341.209 1621678948       0.11     -0.336   39.48535  -73.05414 0.0000e+00
     39.702     8.1239    33.3270  1026.1248     2.1312     5.4428     81.941    0.00366    6.64244    6.64894      7.934     0.6679   11.96004   3.478092 2.9641e-01    25.9424    25.9418 6.5011e-01     40.000          1       8239    1481.53 2.1930e+02  52495.725    343.230 1621678950      -0.20     -0.179   39.48536  -73.05412 0.0000e+00
     39.195     8.1253    33.3251  1026.1207     2.1366     5.4685     82.331    0.00503    6.64210    6.64860      7.936     0.7799   11.95951   3.478028 3.1453e-01    25.9407    25.9401 6.9573e-01     39.500          1       8255    1481.52 2.2119e+02  52492.360    343.902 1621678951      -0.39     -0.439   39.48536  -73.05412 0.0000e+00
     38.690     8.1752    33.3069  1026.0967     2.1469     5.5270     83.217    0.00914    6.64163    6.64812      7.936     0.8151   11.95875   3.481075 3.4317e-01    25.9190    25.9184 7.6369e-01     39.000          1       8275    1481.68 2.2252e+02  52454.363    344.729 1621678952      -0.07     -0.632   39.48536  -73.05412 0.0000e+00
     38.213     8.2071    33.2997  1026.0841     2.1642     5.5977     84.290    0.01147    6.64109    6.64757      7.938     0.8466   11.95788   3.482992 3.7550e-01    25.9086    25.9080 8.3821e-01     38.500          1       8314    1481.78 2.2324e+02  52436.340    346.391 1621678954       0.28     -0.300   39.48536  -73.05410 0.0000e+00
     37.706     8.2102    33.2975  1026.0796     2.1691     5.5895     84.167    0.00761    6.64100    6.64748      7.938     0.8693   11.95773   3.483041 4.0744e-01    25.9064    25.9059 9.0919e-01     38.000          1       8336    1481.78 2.2315e+02  52432.193    347.285 1621678954      -0.31     -0.376   39.48536  -73.05410 0.0000e+00
     37.210     8.2147    33.2957  1026.0752     2.1741     5.5824     84.089    0.00429    6.63859    6.64500      7.941     0.8776   11.95420   3.483217 4.7141e-01    25.9044    25.9038 9.8551e-01     37.500          1       8372    1481.79 2.0951e+02  52428.311    348.811 1621678956       0.05     -0.360   39.48537  -73.05409 0.0000e+00
     36.721     8.2177    33.2943  1026.0714     2.1807     5.5938     84.290    0.00308    6.63632    6.64264      7.947     0.9242   11.95105   3.483280 5.1103e-01    25.9028    25.9022 1.0556e+00     37.000          1       8413    1481.79 2.0655e+02  52425.241    350.498 1621678958      -0.38     -0.197   39.48538  -73.05408 0.0000e+00
     36.211     8.2386    33.2793  1026.0541     2.1904     5.6457     85.137    0.00715    6.63129    6.63751      7.952     0.8977   11.94293   3.483640 5.4011e-01    25.8879    25.8873 1.1373e+00     36.500          1       8431    1481.84 2.1060e+02  52398.701    351.247 1621678958      -0.33     -0.522   39.48538  -73.05408 0.0000e+00
     35.723     8.2542    33.2305  1026.0113     2.2103     5.7488     86.784    0.01442    6.62431    6.63042      7.959     0.7509   11.93153   3.480435 5.5076e-01    25.8473    25.8468 1.2247e+00     36.000          1       8462    1481.83 2.2236e+02  52325.666    352.555 1621678960       0.22     -0.476   39.48538  -73.05406 0.0000e+00
     35.227     8.2941    33.1979  1025.9775     2.2314     5.8237     87.898    0.01513    6.62552    6.63165      7.964     0.7084   11.93352   3.481258 6.1834e-01    25.8158    25.8152 1.3176e+00     35.500          1       8496    1481.93 2.1340e+02  52269.764    353.952 1621678961      -0.09     -0.326   39.48538  -73.05406 0.0000e+00
     34.712     8.4103    33.1707  1025.9362     2.2781     5.9216     89.391    0.00631    6.62439    6.63050      7.966     0.6362   11.93168   3.488977 6.4826e-01    25.7770    25.7764 1.4344e+00     35.000          1       8872    1482.33 2.2130e+02  52204.085    369.642 1621678977      -0.29     -0.388   39.48543  -73.05397 0.0000e+00
     34.228     8.5033    33.1387  1025.8948     2.3219     6.0217     91.235    0.00351    6.60019    6.60590      7.982     0.5099   11.89221   3.493993 6.9799e-01    25.7378    25.7373 1.5600e+00     34.500          1       9781    1482.63 2.2352e+02  52137.363    407.485 1621679015      -0.40     -0.425   39.48556  -73.05375 0.0000e+00
     33.735     8.5228    33.1363  1025.8877     2.3251     6.0202     91.290    0.00261    6.59459    6.60021      7.981     0.4920   11.88299   3.495491 7.2827e-01    25.7330    25.7325 1.6602e+00     34.000          1       9837    1482.69 2.2795e+02  52129.283    409.818 1621679017       0.10     -0.495   39.48556  -73.05374 0.0000e+00
     33.250     8.5436    33.1340  1025.8805     2.3298     6.0029     91.461    0.00259    6.56333    6.56846      7.985     0.4700   11.83177   3.497063 7.6596e-01    25.7281    25.7276 1.7550e+00     33.500          1       9880    1482.76 2.2912e+02  52121.050    411.624 1621679019      -0.06     -0.234   39.48556  -73.05372 0.0000e+00
     32.751     8.5504    33.1333  1025.8766     2.3350     6.0109     91.833    0.00422    6.54544    6.55029      7.993     0.4370   11.80254   3.497621 8.1273e-01    25.7265    25.7260 1.8617e+00     33.000          1       9898    1482.78 2.2907e+02  52118.201    412.375 1621679019      -0.34     -0.438   39.48556  -73.05372 0.0000e+00
     32.241     8.5694    33.1320  1025.8704     2.3429     6.0346     92.469    0.00740    6.52607    6.53060      8.000     0.3868   11.77088   3.499429 8.6882e-01    25.7226    25.7221 1.9902e+00     32.500          1       9914    1482.84 2.2907e+02  52111.745    413.043 1621679020      -0.23     -0.646   39.48556  -73.05372 0.0000e+00
     31.755     8.7474    33.1041  1025.8189     2.3689     6.1527     94.542    0.01678    6.50791    6.51215      8.009     0.2963   11.74133   3.513660 9.3633e-01    25.6734    25.6729 2.1449e+00     32.000          1       9946    1483.46 2.2907e+02  52032.647    414.366 1621679021       0.27     -0.497   39.48558  -73.05370 0.0000e+00
     31.268     8.9937    33.0507  1025.7365     2.3983     6.2797     96.563    0.02341    6.50316    6.50731      8.014     0.2870   11.73371   3.531505 9.9425e-01    25.5934    25.5929 2.2775e+00     31.500          1       9976    1484.30 2.2907e+02  51903.511    415.632 1621679023      -0.20     -0.282   39.48558  -73.05369 0.0000e+00
     30.757     9.1099    33.0254  1025.6960     2.4112     6.3107     97.126    0.02282    6.49737    6.50143      8.016     0.2789   11.72436   3.538799 1.0504e+00    25.5554    25.5549 2.4061e+00     31.000          1       9991    1484.69 2.2907e+02  51842.584    416.253 1621679023      -0.42     -0.520   39.48558  -73.05368 0.0000e+00
     30.263     9.2128    32.9922  1025.6515     2.4312     6.3357     97.716    0.01874    6.48377    6.48762      8.016     0.2558   11.70211   3.544499 1.1226e+00    25.5131    25.5126 2.5714e+00     30.500          1      10020    1485.02 2.2907e+02  51773.966    417.454 1621679024       0.19     -0.537   39.48558  -73.05368 0.0000e+00
     29.779     9.2675    32.9662  1025.6202     2.4499     6.3497     98.131    0.01327    6.47068    6.47433      8.019     0.2429   11.68052   3.546824 1.1749e+00    25.4841    25.4836 2.6913e+00     30.000          1      10054    1485.18 2.2907e+02  51725.645    418.889 1621679026      -0.20     -0.224   39.48559  -73.05368 0.0000e+00
     29.270     9.3211    32.9483  1025.5953     2.4560     6.3448     98.246    0.01143    6.45812    6.46161      8.020     0.2422   11.65970   3.549905 1.2425e+00    25.4616    25.4611 2.8461e+00     29.500          1      10070    1485.35 2.2907e+02  51688.993    419.531 1621679027      -0.46     -0.494   39.48560  -73.05368 0.0000e+00
     28.772     9.4139    32.9326  1025.5658     2.4684     6.3207     98.689    0.01078    6.40481    6.40756      8.020     0.2366   11.57145   3.556877 1.3279e+00    25.4344    25.4339 3.0427e+00     29.000          1      10098    1485.66 2.2907e+02  51647.648    420.698 1621679028       0.04     -0.527   39.48560  -73.05366 0.0000e+00
     28.295     9.6228    32.9344  1025.5311     2.4973     6.4131    100.534    0.01646    6.37897    6.38133      8.023     0.2222   11.52935   3.578146 1.4054e+00    25.4020    25.4015 3.2215e+00     28.500          1      10146    1486.42 2.2907e+02  51608.273    422.720 1621679030      -0.22     -0.098   39.48560  -73.05365 0.0000e+00
     27.781     9.9181    32.9450  1025.4883     2.5016     6.4227    100.491    0.01325    6.39129    6.39378      8.023     0.2216   11.55018   3.605453 1.4730e+00    25.3617    25.3612 3.3742e+00     28.000          1      10160    1487.49 2.2907e+02  51565.276    423.311 1621679030      -0.51     -0.426   39.48560  -73.05364 0.0000e+00
     27.283    10.1130    32.9269  1025.4392     2.5045     6.4203    100.108    0.00673    6.41338    6.41611      8.023     0.2089   11.58754   3.620090 1.5559e+00    25.3150    25.3145 3.5640e+00     27.500          1      10184    1488.17 2.2907e+02  51502.430    424.296 1621679031       0.05     -0.595   39.48560  -73.05363 0.0000e+00
