CalculateIndicators/WaterTemperature/Data/CTD_NYOS/20210524_C27.cnv
* Sea-Bird SBE 9 Data File:
* FileName = C:\Seabird 9 CTD\Data\2021\202105_offshore\20210524_C27.hex
* Software Version Seasave V 7.23.2
* Temperature SN = 4590
* Conductivity SN = 3228
* Number of Bytes Per Scan = 44
* Number of Voltage Words = 5
* Number of Scans Averaged by the Deck Unit = 1
* NMEA Latitude = 40 06.58 N
* NMEA Longitude = 072 16.25 W
* NMEA UTC (Time) = May 24 2021  19:41:01
* NMEA baud rate = 4800
** Ship: seawolf
** Station: 3.3
** Operator: eih
# nquan = 31
# nvalues = 257                         
# units = specified
# name 0 = depSM: Depth [salt water, m]
# name 1 = t090C: Temperature [ITS-90, deg C]
# name 2 = sal00: Salinity, Practical [PSU]
# name 3 = density00: Density [density, kg/m^3]
# name 4 = sbeox0V: Oxygen raw, SBE 43 [V]
# name 5 = sbeox0ML/L: Oxygen, SBE 43 [ml/l]
# name 6 = sbeox0PS: Oxygen, SBE 43 [% saturation]
# name 7 = sbox0dV/dT: Oxygen, SBE 43 [dov/dt]
# name 8 = oxsolML/L: Oxygen Saturation, Garcia & Gordon [ml/l]
# name 9 = oxsatML/L: Oxygen Saturation, Weiss [ml/l]
# name 10 = ph: pH
# name 11 = flECO-AFL: Fluorescence, WET Labs ECO-AFL/FL [mg/m^3]
# name 12 = n2satML/L: Nitrogen Saturation [ml/l]
# name 13 = c0S/m: Conductivity [S/m]
# name 14 = cpar: CPAR/Corrected Irradiance [%]
# name 15 = sigma-é00: Density [sigma-theta, kg/m^3]
# name 16 = sigma-t00: Density [sigma-t, kg/m^3 ]
# name 17 = par: PAR/Irradiance, Biospherical/Licor
# name 18 = prDM: Pressure, Digiquartz [db]
# name 19 = pumps: Pump Status
# name 20 = scan: Scan Count
# name 21 = svCM: Sound Velocity [Chen-Millero, m/s]
# name 22 = spar: SPAR, Biospherical/Licor
# name 23 = specc: Specific Conductance [uS/cm]
# name 24 = timeS: Time, Elapsed [seconds]
# name 25 = timeY: Time, System [seconds]
# name 26 = accM: Acceleration [m/s^2]
# name 27 = dz/dtM: Descent Rate [m/s]
# name 28 = latitude: Latitude [deg]
# name 29 = longitude: Longitude [deg]
# name 30 = flag: flag
# span 0 =      1.454,     65.008       
# span 1 =     7.7000,    14.2348       
# span 2 =    31.9310,    33.6725       
# span 3 =  1023.7789,  1026.4476       
# span 4 =     2.0806,     2.6673       
# span 5 =     4.7387,     6.9457       
# span 6 =     79.272,    108.202       
# span 7 =   -0.03904,    0.09296       
# span 8 =    5.87831,    6.72208       
# span 9 =    5.87408,    6.72966       
# span 10 =      7.902,      8.102      
# span 11 =     0.0078,     0.7548      
# span 12 =   10.70602,   12.09296      
# span 13 =   3.427178,   3.926764      
# span 14 = 4.1522e-02, 3.6099e+01      
# span 15 =    23.7723,    26.1499      
# span 16 =    23.7723,    26.1489      
# span 17 = 8.0423e-01, 4.8585e+02      
# span 18 =      1.500,     65.500      
# span 19 =          1,          1      
# span 20 =        465,      19465      
# span 21 =    1479.88,    1501.15      
# span 22 = 1.1283e+03, 2.3348e+03      
# span 23 =  49497.083,  52902.521      
# span 24 =     19.323,    810.980      
# span 25 = 1621885278, 1621886069      
# span 26 =      -1.04,       1.48      
# span 27 =     -1.282,      1.376      
# span 28 =   40.10972,   40.10990      
# span 29 =  -72.27371,  -72.27098      
# span 30 = 0.0000e+00, 0.0000e+00      
# interval = decibars: 0.5              
# start_time = May 24 2021 19:40:59 [System UTC, first data scan.]
# bad_flag = -9.990e-29
*END*
      1.469    14.2150    31.9310  1023.7789     2.4468     5.7244     97.383    0.02521    5.87831    5.87408      8.036     0.0573   10.70602   3.885938 3.6099e+01    23.7723    23.7723 4.8585e+02      1.500          1        465    1500.60 1.3450e+03  49497.083     19.323 1621885278       0.74     -0.578   40.10972  -72.27098 0.0000e+00
      1.990    14.2348    32.2039  1023.9877     2.4436     5.6474     96.052    0.00806    5.87954    5.87534      8.036     0.0655   10.70785   3.915472 1.6985e+01    23.9788    23.9788 2.2777e+02      2.000          1        481    1500.99 1.3407e+03  49872.165     20.001 1621885279       1.12      0.150   40.10972  -72.27098 0.0000e+00
      2.483    14.2302    32.2922  1024.0590     2.4331     5.5602     94.575   -0.00600    5.87920    5.87500      8.036     0.0643   10.70740   3.923161 9.5937e+00    24.0479    24.0478 1.2833e+02      2.500          1        501    1501.09 1.3375e+03  49994.548     20.837 1621885279       0.14      0.665   40.10972  -72.27099 0.0000e+00
      2.978    14.2224    32.3223  1024.0861     2.4148     5.4709     93.040   -0.01535    5.88014    5.87595      8.036     0.0592   10.70893   3.925602 7.1526e+00    24.0728    24.0727 9.5004e+01      3.000          1        522    1501.11 1.3282e+03  50037.304     21.709 1621885280      -0.09      0.576   40.10972  -72.27100 0.0000e+00
      3.476    14.2120    32.3367  1024.1016     2.3783     5.3150     90.392   -0.02794    5.87989    5.87569      8.036     0.0633   10.70854   3.926170 8.7763e+00    24.0861    24.0860 1.1589e+02      3.500          1        547    1501.10 1.3206e+03  50058.789     22.731 1621885281      -0.08      0.553   40.10972  -72.27100 0.0000e+00
      3.973    14.2089    32.3350  1024.1032     2.3094     5.0719     86.267   -0.03904    5.87930    5.87509      8.036     0.0572   10.70764   3.925644 9.7751e+00    24.0854    24.0853 1.2945e+02      4.000          1        589    1501.09 1.3241e+03  50057.026     24.520 1621885283      -0.05      0.350   40.10972  -72.27100 0.0000e+00
      4.463    14.2279    32.3240  1024.0929     2.3165     5.4095     91.994    0.03857    5.88024    5.87604 -9.990e-29     0.0687   10.70926   3.926361 9.4773e+00    24.0729    24.0728 1.2722e+02      4.500          1        704    1501.15 1.3422e+03  50039.790     29.311 1621885288       0.30      0.447   40.10974  -72.27102 0.0000e+00
      4.958    14.2131    32.3407  1024.1111     2.3368     5.4595     92.840    0.03649    5.88056    5.87636 -9.990e-29     0.0457   10.70972   3.926764 7.9868e+00    24.0890    24.0888 1.0667e+02      5.000          1        721    1501.13 1.3355e+03  50064.652     29.981 1621885289       0.12      0.595   40.10974  -72.27104 0.0000e+00
      5.460    14.1847    32.3601  1024.1342     2.3354     5.3990     91.801    0.02236    5.88123    5.87705 -9.990e-29     0.0559   10.71077   3.926055 7.1813e+00    24.1098    24.1096 9.5352e+01      5.500          1        736    1501.07 1.3277e+03  50096.045     30.638 1621885289       0.13      0.673   40.10974  -72.27104 0.0000e+00
      5.963    14.2055    32.3267  1024.1064     2.3124     5.2183     88.741   -0.00565    5.88034    5.87614 -9.990e-29     0.0715   10.70934   3.924470 6.9310e+00    24.0797    24.0796 9.1561e+01      6.000          1        756    1501.11 1.3210e+03  50046.874     31.439 1621885290      -0.05      0.712   40.10974  -72.27104 0.0000e+00
      6.452    14.1916    32.3336  1024.1168     2.2296     5.0898     86.511    0.02024    5.88342    5.87926 -9.990e-29     0.0838   10.71429   3.923993 6.5663e+00    24.0880    24.0878 8.9337e+01      6.500          1        865    1501.08 1.3601e+03  50058.273     36.002 1621885295       0.35      0.387   40.10974  -72.27106 0.0000e+00
      6.952    14.1806    32.3379  1024.1247     2.2350     5.1964     88.313    0.04238    5.88413    5.87998 -9.990e-29     0.0789   10.71546   3.923484 5.8126e+00    24.0936    24.0934 8.0668e+01      7.000          1        904    1501.05 1.3880e+03  50065.849     37.639 1621885296       0.41      0.668   40.10974  -72.27106 0.0000e+00
      7.450    14.1657    32.3482  1024.1380     2.2337     5.0933     86.546    0.01773    5.88501    5.88088 -9.990e-29     0.0863   10.71687   3.923232 5.1193e+00    24.1047    24.1044 7.1957e+01      7.500          1        927    1501.02 1.4061e+03  50082.196     38.602 1621885297      -0.14      0.683   40.10974  -72.27106 0.0000e+00
      7.935    14.1585    32.3499  1024.1429     2.1704     4.7387     80.432   -0.02617    5.89161    5.88755 -9.990e-29     0.0939   10.72777   3.922785 5.0706e+00    24.1074    24.1072 7.4470e+01      8.000          1       1001    1501.01 1.4688e+03  50085.513     41.657 1621885300       0.07      0.082   40.10974  -72.27107 0.0000e+00
      8.435    14.1110    32.3687  1024.1695     2.2634     5.2801     89.692    0.04199    5.88699    5.88286 -9.990e-29     0.0938   10.72050   3.920298 4.7306e+00    24.1318    24.1315 7.0428e+01      8.500          1       1047    1500.89 1.4890e+03  50117.582     43.590 1621885302      -0.03      0.248   40.10975  -72.27108 0.0000e+00
      8.924    14.1269    32.3134  1024.1257     2.4356     5.9840    101.632    0.09296    5.88795    5.88383 -9.990e-29     0.1084   10.72198   3.916086 4.4181e+00    24.0858    24.0855 6.6218e+01      9.000          1       1097    1500.88 1.4988e+03  50038.701     45.646 1621885304       0.16      0.199   40.10976  -72.27108 0.0000e+00
      9.432    14.1583    32.3169  1024.1243     2.4843     6.0562    102.743    0.07438    5.89454    5.89051      8.037     0.1076   10.73286   3.919500 4.3002e+00    24.0821    24.0818 6.4579e+01      9.500          1       1118    1501.00 1.5018e+03  50040.409     46.556 1621885305       0.19      0.435   40.10976  -72.27108 0.0000e+00
      9.919    14.0627    32.3212  1024.1495     2.5396     6.0029    101.565    0.01799    5.91039    5.90652      8.039     0.1042   10.75928   3.910949 4.4564e+00    24.1051    24.1048 6.5312e+01     10.000          1       1196    1500.70 1.4669e+03  50057.428     49.786 1621885308       0.05      0.227   40.10976  -72.27109 0.0000e+00
     10.421    14.0048    32.3159  1024.1597     2.5575     6.0232    101.797    0.00846    5.91682    5.91303      8.040     0.1136   10.77002   3.904975 4.5932e+00    24.1130    24.1127 6.5188e+01     10.500          1       1244    1500.51 1.4193e+03  50057.287     51.772 1621885310       0.43      0.356   40.10976  -72.27111 0.0000e+00
     10.920    13.9936    32.3158  1024.1641     2.5617     6.0315    101.842    0.00600    5.92238    5.91865      8.041     0.1094   10.77935   3.903802 4.5702e+00    24.1152    24.1149 6.4243e+01     11.000          1       1268    1500.48 1.4057e+03  50058.688     52.784 1621885311       0.00      0.552   40.10976  -72.27112 0.0000e+00
     11.401    13.9404    32.3166  1024.1778     2.5657     6.0245    101.813    0.00300    5.91716    5.91336      8.040     0.1191   10.77075   3.898854 4.3827e+00    24.1268    24.1264 6.1360e+01     11.500          1       1300    1500.32 1.4001e+03  50066.256     54.112 1621885313      -0.11      0.358   40.10976  -72.27112 0.0000e+00
     11.916    13.8944    32.3175  1024.1902     2.5693     6.0352    102.014    0.00344    5.91601    5.91220      8.040     0.1224   10.76878   3.894377 4.2809e+00    24.1369    24.1365 6.0051e+01     12.000          1       1318    1500.18 1.4028e+03  50073.422     54.870 1621885313       0.26      0.473   40.10976  -72.27112 0.0000e+00
     12.411    13.8465    32.3066  1024.1938     2.5765     6.0830    102.355    0.00243    5.94306    5.93956      8.042     0.1233   10.81369   3.889323 4.2899e+00    24.1383    24.1379 6.0066e+01     12.500          1       1408    1500.02 1.4002e+03  50063.927     58.616 1621885317       0.18      0.533   40.10977  -72.27113 0.0000e+00
     12.900    13.8056    32.3035  1024.2020     2.5783     6.1150    102.374    0.00070    5.97316    5.97000      8.043     0.1324   10.86350   3.885224 4.3162e+00    24.1442    24.1439 5.9724e+01     13.000          1       1461    1499.89 1.3838e+03  50064.823     60.821 1621885319      -0.05      0.536   40.10978  -72.27114 0.0000e+00
     13.399    13.7426    32.3022  1024.2160     2.5773     6.1387    102.280   -0.00056    6.00188    5.99906      8.044     0.1442   10.91098   3.878886 4.5472e+00    24.1560    24.1556 6.1849e+01     13.500          1       1487    1499.69 1.3603e+03  50070.646     61.915 1621885320      -0.04      0.478   40.10978  -72.27114 0.0000e+00
     13.892    13.5269    32.3084  1024.2666     2.5764     6.1151    102.174   -0.00102    5.98499    5.98196      8.045     0.1476   10.88326   3.858994 4.5445e+00    24.2043    24.2039 6.0877e+01     14.000          1       1522    1498.99 1.3395e+03  50106.114     63.359 1621885322      -0.09      0.370   40.10978  -72.27114 0.0000e+00
     14.392    13.1677    32.3326  1024.3593     2.5868     6.1888    102.951    0.00212    6.01151    6.00881      8.047     0.1550   10.92693   3.828007 4.4400e+00    24.2946    24.2943 6.0505e+01     14.500          1       1583    1497.83 1.3628e+03  50184.671     65.923 1621885324       0.25      0.243   40.10978  -72.27115 0.0000e+00
     14.895    13.0000    32.3434  1024.4029     2.5887     6.2360    102.965   -0.00008    6.05637    6.05421      8.050     0.1868   11.00108   3.814121 4.4112e+00    24.3360    24.3356 6.2319e+01     15.000          1       1644    1497.29 1.4127e+03  50222.301     68.444 1621885327       0.56      0.505   40.10978  -72.27116 0.0000e+00
     15.382    12.7288    32.3549  1024.4668     2.5940     6.2956    103.452    0.00227    6.08556    6.08375      8.051     0.1705   11.04948   3.790775 4.6239e+00    24.3976    24.3972 6.8721e+01     15.500          1       1705    1496.40 1.4857e+03  50274.347     71.021 1621885330       0.16      0.281   40.10980  -72.27118 0.0000e+00
     15.878    12.5443    32.3555  1024.5051     2.5976     6.3165    103.738    0.00359    6.08882    6.08704      8.051     0.1391   11.05492   3.775190 4.3732e+00    24.4336    24.4332 6.7062e+01     16.000          1       1746    1495.79 1.5337e+03  50301.145     72.690 1621885331       0.26      0.386   40.10980  -72.27118 0.0000e+00
     16.374    12.5209    32.3516  1024.5088     2.5996     6.3230    103.735    0.00202    6.09537    6.09367      8.052     0.1731   11.06577   3.773158 4.1927e+00    24.4350    24.4346 6.5757e+01     16.500          1       1785    1495.71 1.5683e+03  50299.101     74.346 1621885333      -0.07      0.338   40.10980  -72.27118 0.0000e+00
     16.872    12.4623    32.3497  1024.5208     2.6025     6.3425    103.853    0.00142    6.10720    6.10566      8.052     0.1852   11.08533   3.767908 4.5758e+00    24.4448    24.4443 7.1005e+01     17.000          1       1843    1495.52 1.5522e+03  50304.911     76.738 1621885335       0.11      0.225   40.10980  -72.27120 0.0000e+00
     17.361    12.3745    32.3555  1024.5442     2.6014     6.3547    103.679   -0.00074    6.12922    6.12794      8.052     0.2020   11.12172   3.760521 4.8206e+00    24.4659    24.4655 7.0192e+01     17.500          1       1914    1495.24 1.4560e+03  50325.570     79.718 1621885338       0.11      0.115   40.10980  -72.27120 0.0000e+00
     17.861    12.2607    32.3598  1024.5714     2.5988     6.4003    103.586   -0.00142    6.17878    6.17815      8.057     0.2123   11.20327   3.750929 4.7211e+00    24.4908    24.4904 6.6726e+01     18.000          1       1955    1494.86 1.4131e+03  50348.070     81.407 1621885340      -0.05      0.276   40.10980  -72.27120 0.0000e+00
     18.352    12.0875    32.3745  1024.6176     2.5926     6.3877    103.110   -0.00401    6.19507    6.19466      8.059     0.2096   11.23011   3.735616 4.5247e+00    24.5347    24.5343 6.3716e+01     18.500          1       1997    1494.29 1.4082e+03  50394.172     83.176 1621885342       0.19      0.232   40.10980  -72.27120 0.0000e+00
     18.855    11.8747    32.4016  1024.6805     2.5937     6.3518    103.237   -0.00215    6.15261    6.15163      8.058     0.2221   11.16033   3.719226 4.4303e+00    24.5953    24.5949 6.2665e+01     19.000          1       2018    1493.60 1.4145e+03  50463.886     84.048 1621885343       0.21      0.463   40.10980  -72.27122 0.0000e+00
     19.356    11.6356    32.4342  1024.7521     2.6080     6.4624    104.631    0.00635    6.17680    6.17616      8.061     0.2297   11.19996   3.699739 4.2811e+00    24.6645    24.6641 6.1797e+01     19.500          1       2055    1492.82 1.4434e+03  50546.464     85.563 1621885344       0.03      0.465   40.10980  -72.27122 0.0000e+00
     19.849    11.4793    32.4624  1024.8046     2.5911     6.4103    102.663   -0.00977    6.24417    6.24446      8.083     0.2335   11.31021   3.688042 4.4045e+00    24.7148    24.7144 6.4219e+01     20.000          1       2134    1492.32 1.4580e+03  50609.159     88.892 1621885347       0.85      0.402   40.10980  -72.27124 0.0000e+00
     20.352    11.0525    32.6338  1025.0167     2.6001     6.4410    104.032    0.00289    6.19136    6.19093      8.078     0.2327   11.22359   3.666593 4.0308e+00    24.9244    24.9240 5.8591e+01     20.500          1       2150    1491.04 1.4535e+03  50922.031     89.529 1621885348       0.44      0.774   40.10980  -72.27124 0.0000e+00
     20.846    10.8359    32.6676  1025.0835     2.6301     6.6431    106.960    0.02098    6.21098    6.21082      8.073     0.2324   11.25565   3.652057 3.7761e+00    24.9889    24.9884 5.4523e+01     21.000          1       2175    1490.33 1.4440e+03  51003.798     90.596 1621885349      -0.22      0.692   40.10982  -72.27124 0.0000e+00
     21.331    11.5029    32.5035  1024.8391     2.5915     6.4885    101.592   -0.02530    6.38672    6.38903 -9.990e-29     0.2401   11.54416   3.697601 3.6670e+00    24.7425    24.7421 5.2160e+01     21.500          1       2273    1492.48 1.4225e+03  50666.379     94.657 1621885353       0.67      0.278   40.10981  -72.27125 0.0000e+00
     21.837    10.7301    32.6367  1025.0819     2.5980     6.5964    103.257   -0.00942    6.38840    6.39073 -9.990e-29     0.2440   11.54692   3.633454 3.5578e+00    24.9827    24.9823 5.0825e+01     22.000          1       2287    1489.93 1.4286e+03  50981.168     95.269 1621885354       0.40      0.633   40.10982  -72.27126 0.0000e+00
     22.331    10.2698    32.7010  1025.2138     2.6108     6.7232    105.369    0.00836    6.38068    6.38290      8.088     0.2272   11.53432   3.603939 3.6037e+00    25.1122    25.1118 5.2233e+01     22.500          1       2313    1488.37 1.4493e+03  51152.844     96.324 1621885355      -0.19      0.617   40.10982  -72.27126 0.0000e+00
     22.822    10.1989    32.7002  1025.2275     2.6293     6.7950    106.108    0.00571    6.40391    6.40647      8.090     0.2573   11.57245   3.599300 3.6655e+00    25.1236    25.1232 5.5567e+01     23.000          1       2377    1488.13 1.5165e+03  51164.748     98.983 1621885358      -0.05      0.156   40.10982  -72.27126 0.0000e+00
     23.318    10.0338    32.7348  1025.2846     2.6278     6.8368    105.570   -0.00142    6.47615    6.47976      8.098     0.2597   11.69113   3.588260 3.3924e+00    25.1784    25.1779 5.3093e+01     23.500          1       2446    1487.58 1.5651e+03  51244.570    101.875 1621885360       0.04      0.216   40.10982  -72.27127 0.0000e+00
     23.807     9.8234    32.7501  1025.3337     2.6218     6.8403    105.096   -0.00421    6.50863    6.51271      8.102     0.2634   11.74459   3.570346 3.2710e+00    25.2252    25.2247 5.1677e+01     24.000          1       2486    1486.85 1.5798e+03  51306.091    103.552 1621885362       0.18      0.249   40.10982  -72.27128 0.0000e+00
