CalculateIndicators/WaterTemperature/Data/CTD_NYOS/20210324_C25.cnv
* Sea-Bird SBE 9 Data File:
* FileName = C:\Seabird 9 CTD\Data\2021\202103_offshore\20210324_C25.hex
* Software Version Seasave V 7.23.2
* Temperature SN = 4590
* Conductivity SN = 3228
* Number of Bytes Per Scan = 44
* Number of Voltage Words = 5
* Number of Scans Averaged by the Deck Unit = 1
* NMEA Latitude = 39 48.68 N
* NMEA Longitude = 072 30.36 W
* NMEA UTC (Time) = Mar 24 2021  15:51:07
* NMEA baud rate = 4800
** Ship: RV Seawolf
** Station: 4.4
** Operator: EIH
# nquan = 31
# nvalues = 121                         
# units = specified
# name 0 = depSM: Depth [salt water, m]
# name 1 = t090C: Temperature [ITS-90, deg C]
# name 2 = sal00: Salinity, Practical [PSU]
# name 3 = density00: Density [density, kg/m^3]
# name 4 = sbeox0V: Oxygen raw, SBE 43 [V]
# name 5 = sbeox0ML/L: Oxygen, SBE 43 [ml/l]
# name 6 = sbeox0PS: Oxygen, SBE 43 [% saturation]
# name 7 = sbox0dV/dT: Oxygen, SBE 43 [dov/dt]
# name 8 = oxsolML/L: Oxygen Saturation, Garcia & Gordon [ml/l]
# name 9 = oxsatML/L: Oxygen Saturation, Weiss [ml/l]
# name 10 = ph: pH
# name 11 = flECO-AFL: Fluorescence, WET Labs ECO-AFL/FL [mg/m^3]
# name 12 = n2satML/L: Nitrogen Saturation [ml/l]
# name 13 = c0S/m: Conductivity [S/m]
# name 14 = cpar: CPAR/Corrected Irradiance [%]
# name 15 = sigma-é00: Density [sigma-theta, kg/m^3]
# name 16 = sigma-t00: Density [sigma-t, kg/m^3 ]
# name 17 = par: PAR/Irradiance, Biospherical/Licor
# name 18 = prDM: Pressure, Digiquartz [db]
# name 19 = pumps: Pump Status
# name 20 = scan: Scan Count
# name 21 = svCM: Sound Velocity [Chen-Millero, m/s]
# name 22 = spar: SPAR, Biospherical/Licor
# name 23 = specc: Specific Conductance [uS/cm]
# name 24 = timeS: Time, Elapsed [seconds]
# name 25 = timeY: Time, System [seconds]
# name 26 = accM: Acceleration [m/s^2]
# name 27 = dz/dtM: Descent Rate [m/s]
# name 28 = latitude: Latitude [deg]
# name 29 = longitude: Longitude [deg]
# name 30 = flag: flag
# span 0 =      1.971,     61.528       
# span 1 =     7.0423,     9.4688       
# span 2 =    33.3374,    34.2734       
# span 3 =  1026.0249,  1026.7546       
# span 4 =     1.9543,     2.6087       
# span 5 =     4.6348,     6.9854       
# span 6 =     71.768,    104.822       
# span 7 =   -0.03454,    0.03450       
# span 8 =    6.43402,    6.81885       
# span 9 =    6.43842,    6.82811       
# span 10 =      8.396,      8.553      
# span 11 =     0.1221,     0.6075      
# span 12 =   11.60443,   12.25081      
# span 13 =   3.382401,   3.692321      
# span 14 = 2.6064e-02, 5.3507e+01      
# span 15 =    26.0151,    26.4744      
# span 16 =    26.0150,    26.4733      
# span 17 = 6.1323e-01, 1.1127e+03      
# span 18 =      2.000,     62.000      
# span 19 =          1,          1      
# span 20 =         59,      15465      
# span 21 =    1477.03,    1488.04      
# span 22 = 1.4060e+03, 2.3702e+03      
# span 23 =  52602.922,  53543.896      
# span 24 =      2.429,    644.328      
# span 25 = 1616601070, 1616601712      
# span 26 =      -0.50,       0.72      
# span 27 =     -0.917,      1.153      
# span 28 =   39.81142,   39.81168      
# span 29 =  -72.50884,  -72.50601      
# span 30 = 0.0000e+00, 0.0000e+00      
# interval = decibars: 1                
# start_time = Mar 24 2021 15:51:08 [System UTC, first data scan.]
# bad_flag = -9.990e-29
*END*
[from data line 47]
     48.618     7.9553    33.6030  1026.4074     2.4428     6.4121     96.977   -0.00248    6.64813    6.65510      8.516     0.2352   11.96534   3.489458 1.2338e-01    26.1840    26.1833 2.9244e+00     49.000          1       3375    1481.38 2.3702e+03  52933.527    140.582 1616601208      -0.11      0.406   39.81152  -72.50664 0.0000e+00
     49.612     8.0549    33.6353  1026.4225     2.4275     6.2789     95.870   -0.00585    6.61055    6.61704      8.502     0.1475   11.90225   3.502016 1.1515e-01    26.1947    26.1940 2.7184e+00     50.000          1       3438    1481.81 2.3606e+03  52955.761    143.217 1616601211      -0.06      0.373   39.81152  -72.50665 0.0000e+00
     50.607     8.2528    33.7029  1026.4504     2.3964     6.0738     93.483   -0.01473    6.59417    6.60046      8.494     0.1882   11.87468   3.527009 1.0447e-01    26.2183    26.2175 2.4542e+00     51.000          1       3496    1482.66 2.3493e+03  53004.968    145.610 1616601213       0.23      0.459   39.81152  -72.50666 0.0000e+00
     51.591     8.4355    33.7896  1026.4952     2.3410     6.0207     91.192   -0.00985    6.57312    6.57917      8.493     0.2581   11.83907   3.551136 9.1588e-02    26.2588    26.2580 2.1419e+00     52.000          1       3596    1483.47 2.3386e+03  53085.146    149.772 1616601217       0.12      0.221   39.81152  -72.50668 0.0000e+00
     52.592     8.4824    33.8156  1026.5130     2.3422     6.0705     92.122   -0.00042    6.56795    6.57394      8.495     0.4055   11.83037   3.557939 8.2235e-02    26.2720    26.2712 1.9237e+00     53.000          1       3636    1483.69 2.3393e+03  53111.709    151.465 1616601219       0.24      0.646   39.81152  -72.50669 0.0000e+00
     53.583     8.5362    33.8394  1026.5279     2.3455     6.0704     92.465    0.00150    6.56629    6.57225 -9.990e-29     0.3365   11.82757   3.564851 7.3457e-02    26.2825    26.2817 1.7109e+00     54.000          1       3687    1483.94 2.3289e+03  53133.670    153.598 1616601221      -0.12      0.493   39.81152  -72.50670 0.0000e+00
     54.569     8.5674    33.8535  1026.5386     2.3454     6.0403     92.271   -0.00066    6.55723    6.56309 -9.990e-29     0.3839   11.81228   3.568657 6.5037e-02    26.2888    26.2879 1.4993e+00     55.000          1       3794    1484.09 2.3053e+03  53147.031    158.021 1616601225       0.11      0.183   39.81152  -72.50672 0.0000e+00
     55.561     8.5782    33.8593  1026.5460     2.3432     5.9703     92.146   -0.00071    6.54122    6.54689      8.489     0.4575   11.78535   3.570309 5.7188e-02    26.2917    26.2908 1.3214e+00     56.000          1       3841    1484.15 2.3106e+03  53153.294    160.008 1616601228       0.14      0.499   39.81152  -72.50672 0.0000e+00
     56.564     8.6515    33.8938  1026.5663     2.3222     5.8343     90.165   -0.01101    6.55290    6.55870      8.488     0.4071   11.80497   3.581068 5.0413e-02    26.3074    26.3065 1.1574e+00     57.000          1       3878    1484.48 2.2955e+03  53185.970    161.541 1616601229       0.04      0.671   39.81152  -72.50672 0.0000e+00
     57.553     8.8773    34.0023  1026.6202     2.2464     5.3072     84.247   -0.03454    6.49915    6.50431      8.448     0.4191   11.71442   3.612748 4.4735e-02    26.3572    26.3562 1.0327e+00     58.000          1       4007    1485.47 2.3089e+03  53288.549    166.908 1616601234       0.25      0.708   39.81152  -72.50676 0.0000e+00
     58.546     9.0145    34.0643  1026.6515     2.1593     5.1188     80.101   -0.03252    6.47418    6.47905      8.430     0.3578   11.67231   3.630535 3.9399e-02    26.3841    26.3831 9.1960e-01     59.000          1       4113    1486.07 2.3338e+03  53346.082    171.329 1616601239      -0.00      0.619   39.81154  -72.50678 0.0000e+00
     59.536     9.1656    34.1369  1026.6884     2.0880     4.7984     76.611   -0.03213    6.45524    6.45989      8.411     0.3449   11.64027   3.652476 3.5477e-02    26.4168    26.4157 8.3650e-01     60.000          1       4219    1486.73 2.3580e+03  53415.557    175.752 1616601243       0.12      0.807   39.81154  -72.50680 0.0000e+00
     60.531     9.3720    34.2292  1026.7315     2.0186     4.6806     73.150   -0.03240    6.43967    6.44414      8.402     0.3498   11.61397   3.679907 3.0464e-02    26.4557    26.4546 7.1595e-01     61.000          1       4342    1487.62 2.3502e+03  53501.866    180.866 1616601248      -0.03      0.741   39.81154  -72.50682 0.0000e+00
     61.528     9.4688    34.2734  1026.7546     1.9679     4.6348     71.768   -0.01969    6.43402    6.43842      8.396     0.3508   11.60443   3.692321 2.6064e-02    26.4744    26.4733 6.1323e-01     62.000          1       4460    1488.04 2.3530e+03  53543.896    185.790 1616601253      -0.35      0.487   39.81154  -72.50684 0.0000e+00
     60.519     9.4443    34.2664  1026.7486     1.9543     4.7776     72.613   -0.00265    6.44208    6.44658      8.404     0.3927   11.61803   3.688489 2.8446e-02    26.4730    26.4719 6.6898e-01     61.000          1       4525    1487.93 2.3520e+03  53538.606    188.483 1616601256      -0.29     -0.716   39.81152  -72.50685 0.0000e+00
     59.525     9.2778    34.2040  1026.7226     1.9805     4.9551     75.661    0.01691    6.44956    6.45416      8.417     0.3985   11.63064   3.665593 3.3405e-02    26.4512    26.4501 7.5224e-01     60.000          1       5934    1487.23 2.2565e+03  53485.831    247.221 1616601315       0.15     -0.557   39.81154  -72.50710 0.0000e+00
     58.541     9.0815    34.1073  1026.6743     2.0581     5.2179     79.220    0.01319    6.50241    6.50762      8.451     0.3805   11.71973   3.638618 4.0639e-02    26.4071    26.4061 8.9481e-01     59.000          1       7292    1486.37 2.2007e+03  53391.766    303.791 1616601371      -0.24     -0.314   39.81156  -72.50734 0.0000e+00
     57.549     9.0226    34.0808  1026.6585     2.0908     5.4356     81.164    0.01659    6.51015    6.51546      8.473     0.3931   11.73276   3.630477 4.5511e-02    26.3957    26.3948 1.0039e+00     58.000          1       7253    1486.11 2.2059e+03  53366.910    302.184 1616601370      -0.06     -0.575   39.81156  -72.50734 0.0000e+00
     56.549     8.8440    33.9956  1026.6157     2.1803     5.8290     86.454    0.02550    6.54267    6.54837      8.493     0.4329   11.78764   3.605025 5.1848e-02    26.3572    26.3562 1.1460e+00     57.000          1       7346    1485.33 2.2103e+03  53286.442    306.052 1616601374      -0.30     -0.590   39.81156  -72.50735 0.0000e+00
     55.555     8.6707    33.9141  1026.5745     2.2501     6.0707     90.785    0.03450    6.56409    6.57004      8.510     0.3363   11.82375   3.581683 5.8418e-02    26.3203    26.3194 1.2931e+00     56.000          1       7409    1484.56 2.2134e+03  53209.473    308.648 1616601376       0.01     -0.781   39.81156  -72.50736 0.0000e+00
     54.573     8.5543    33.8555  1026.5423     2.3444     6.1000     92.888    0.00677    6.57052    6.57655 -9.990e-29     0.3003   11.83458   3.566607 6.5688e-02    26.2924    26.2915 1.4621e+00     55.000          1       7550    1484.04 2.2258e+03  53152.850    314.562 1616601382      -0.22     -0.448   39.81156  -72.50740 0.0000e+00
     53.577     8.5444    33.8526  1026.5369     2.3493     6.0963     92.780    0.00294    6.57239    6.57844 -9.990e-29     0.3874   11.83773   3.565476 7.2720e-02    26.2916    26.2907 1.6248e+00     54.000          1       7595    1483.98 2.2342e+03  53150.355    316.424 1616601384       0.05     -0.563   39.81156  -72.50740 0.0000e+00
     52.589     8.5180    33.8413  1026.5276     2.3520     6.0859     92.623   -0.00014    6.57788    6.58399      8.512     0.2841   11.84697   3.562183 8.3601e-02    26.2867    26.2859 1.8638e+00     53.000          1       7709    1483.86 2.2295e+03  53139.738    321.155 1616601389      -0.03     -0.151   39.81156  -72.50742 0.0000e+00
     51.596     8.4855    33.8285  1026.5180     2.3435     6.0327     91.870   -0.00370    6.58936    6.59561      8.506     0.3119   11.86638   3.557831 9.4079e-02    26.2816    26.2808 2.0968e+00     52.000          1       7782    1483.70 2.2288e+03  53128.495    324.226 1616601392      -0.03     -0.411   39.81156  -72.50744 0.0000e+00
     50.606     8.4177    33.7930  1026.4960     2.3287     6.0761     91.122   -0.00413    6.61647    6.62305      8.511     0.2382   11.91206   3.548158 1.0432e-01    26.2641    26.2633 2.3133e+00     51.000          1       7863    1483.39 2.2177e+03  53093.567    327.579 1616601395      -0.05     -0.249   39.81156  -72.50745 0.0000e+00
     49.609     8.2650    33.7179  1026.4557     2.3434     6.3044     93.228    0.01017    6.64463    6.65156      8.524     0.1939   11.95938   3.525728 1.1538e-01    26.2282    26.2275 2.5430e+00     50.000          1       7928    1482.71 2.2042e+03  53022.393    330.294 1616601398      -0.44     -0.514   39.81156  -72.50746 0.0000e+00
     48.616     8.0867    33.6496  1026.4245     2.3898     6.3910     95.433    0.00909    6.66303    6.67020      8.529     0.1601   11.99024   3.504405 1.2774e-01    26.2013    26.2005 2.8032e+00     49.000          1       8029    1481.93 2.1945e+03  52967.759    334.504 1616601402      -0.10     -0.565   39.81156  -72.50747 0.0000e+00
     47.631     8.0249    33.6288  1026.4128     2.4090     6.4639     96.066    0.00555    6.67381    6.68112      8.535     0.1465   12.00830   3.496560 1.3837e-01    26.1940    26.1933 3.0240e+00     48.000          1       8092    1481.66 2.1854e+03  52952.637    337.122 1616601405      -0.22     -0.644   39.81156  -72.50748 0.0000e+00
     46.625     7.9445    33.6043  1026.4008     2.4274     6.5103     97.103    0.00691    6.67415    6.68146      8.535     0.1484   12.00889   3.487243 1.5401e-01    26.1866    26.1859 3.3248e+00     47.000          1       8157    1481.31 2.1596e+03  52936.566    339.819 1616601407      -0.11     -0.748   39.81157  -72.50750 0.0000e+00
     45.640     7.8943    33.5904  1026.3928     2.4457     6.5243     97.582    0.00252    6.68094    6.68834 -9.990e-29     0.1663   12.02026   3.481781 1.6810e-01    26.1830    26.1823 3.5416e+00     46.000          1       8266    1481.08 2.1072e+03  52928.583    344.392 1616601412      -0.01     -0.662   39.81157  -72.50752 0.0000e+00
     44.647     7.8726    33.5835  1026.3859     2.4499     6.5363     97.704    0.00159    6.68331    6.69074      8.538     0.1221   12.02422   3.479269 1.8666e-01    26.1807    26.1801 3.8564e+00     45.000          1       8332    1480.97 2.0675e+03  52923.383    347.113 1616601415      -0.02     -0.477   39.81158  -72.50753 0.0000e+00
     43.658     7.8337    33.5707  1026.3770     2.4556     6.5689     98.018    0.00196    6.69699    6.70459      8.539     0.1456   12.04712   3.474479 2.1040e-01    26.1763    26.1757 4.2480e+00     44.000          1       8452    1480.79 2.0193e+03  52914.117    352.142 1616601420      -0.03     -0.444   39.81158  -72.50755 0.0000e+00
     42.664     7.7843    33.5569  1026.3688     2.4580     6.5725     98.041    0.00091    6.69961    6.70725      8.537     0.1413   12.05156   3.468715 2.2819e-01    26.1726    26.1720 4.6541e+00     43.000          1       8510    1480.57 2.0401e+03  52906.104    354.560 1616601422      -0.01     -0.438   39.81158  -72.50756 0.0000e+00
     41.676     7.7491    33.5399  1026.3560     2.4604     6.5828     98.097    0.00047    6.70411    6.71181 -9.990e-29     0.1536   12.05911   3.464212 2.6004e-01    26.1643    26.1637 5.3320e+00     42.000          1       8645    1480.40 2.0502e+03  52890.077    360.147 1616601428      -0.31     -0.379   39.81158  -72.50758 0.0000e+00
     40.680     7.7378    33.5366  1026.3505     2.4615     6.5819     98.155    0.00048    6.70464    6.71234 -9.990e-29     0.1891   12.06000   3.462803 2.8284e-01    26.1633    26.1627 5.7922e+00     41.000          1       8696    1480.34 2.0483e+03  52887.443    362.298 1616601430       0.01     -0.454   39.81158  -72.50760 0.0000e+00
     39.691     7.7202    33.5301  1026.3434     2.4620     6.5776     98.103   -0.00019    6.70724    6.71498      8.537     0.1661   12.06436   3.460688 3.1336e-01    26.1607    26.1602 6.2011e+00     40.000          1       8828    1480.24 1.9784e+03  52881.975    367.803 1616601435      -0.32     -0.130   39.81158  -72.50762 0.0000e+00
     38.699     7.7097    33.5267  1026.3377     2.4595     6.5624     97.901   -0.00084    6.70994    6.71772      8.533     0.1945   12.06889   3.459406 3.4227e-01    26.1596    26.1590 6.8671e+00     39.000          1       8905    1480.19 2.0064e+03  52879.147    370.994 1616601439      -0.12     -0.310   39.81158  -72.50763 0.0000e+00
     37.699     7.6982    33.5230  1026.3318     2.4569     6.5546     97.750   -0.00103    6.71116    6.71894 -9.990e-29     0.1988   12.07092   3.457941 3.6752e-01    26.1583    26.1578 7.3690e+00     38.000          1       8960    1480.12 2.0051e+03  52876.048    373.297 1616601441      -0.15     -0.552   39.81158  -72.50764 0.0000e+00
     36.721     7.6823    33.5182  1026.3258     2.4523     6.5513     97.579   -0.00025    6.71409    6.72192      8.532     0.1798   12.07584   3.456142 4.5972e-01    26.1568    26.1563 8.2351e+00     37.000          1       9112    1480.04 1.8131e+03  52872.595    379.643 1616601447      -0.03     -0.013   39.81158  -72.50768 0.0000e+00
     35.725     7.6810    33.5174  1026.3208     2.4511     6.5394     97.441   -0.00098    6.71847    6.72636 -9.990e-29     0.2024   12.08317   3.455837 4.5667e-01    26.1563    26.1558 8.6805e+00     36.000          1       9156    1480.01 1.9007e+03  52871.061    381.465 1616601449      -0.30     -0.596   39.81158  -72.50768 0.0000e+00
     34.721     7.6662    33.5132  1026.3150     2.4502     6.5535     97.389   -0.00113    6.71719    6.72506 -9.990e-29     0.2013   12.08103   3.453951 4.9297e-01    26.1552    26.1547 9.3000e+00     35.000          1       9185    1479.94 1.8867e+03  52868.191    382.676 1616601450      -0.04     -0.813   39.81158  -72.50768 0.0000e+00
     33.744     7.6400    33.5046  1026.3075     2.4527     6.5622     97.675    0.00082    6.72038    6.72829      8.531     0.1707   12.08637   3.450867 5.6588e-01    26.1521    26.1516 1.0148e+01     34.000          1       9325    1479.81 1.7939e+03  52861.727    388.510 1616601456      -0.16     -0.525   39.81158  -72.50772 0.0000e+00
     32.739     7.6375    33.5035  1026.3023     2.4525     6.5603     97.629    0.00043    6.72122    6.72914      8.530     0.1724   12.08778   3.450504 5.9495e-01    26.1515    26.1511 1.0650e+01     33.000          1       9366    1479.78 1.7902e+03  52860.077    390.218 1616601458      -0.50     -0.917   39.81158  -72.50772 0.0000e+00
     31.743     7.6244    33.4999  1026.2968     2.4524     6.5579     97.535   -0.00048    6.72286    6.73080      8.529     0.1707   12.09053   3.448924 6.5941e-01    26.1506    26.1501 1.1809e+01     32.000          1       9472    1479.71 1.7907e+03  52857.656    394.645 1616601462      -0.01     -0.793   39.81158  -72.50774 0.0000e+00
     30.750     7.6023    33.4934  1026.2903     2.4508     6.5527     97.429   -0.00071    6.72381    6.73176      8.528     0.1798   12.09212   3.446357 7.2238e-01    26.1487    26.1483 1.2446e+01     31.000          1       9754    1479.60 1.7244e+03  52853.353    406.359 1616601474       0.01     -0.617   39.81158  -72.50779 0.0000e+00
     29.759     7.5763    33.4844  1026.2823     2.4508     6.5653     97.469   -0.00012    6.73063    6.73867      8.523     0.1970   12.10355   3.443136 8.5671e-01    26.1452    26.1448 1.2709e+01     30.000          1      11082    1479.48 1.4955e+03  52846.372    461.719 1616601529      -0.01     -0.687   39.81160  -72.50803 0.0000e+00
