CalculateIndicators/WaterTemperature/Data/CTD_NYOS/20210321_C03.cnv
* Sea-Bird SBE 9 Data File:
* FileName = C:\Seabird 9 CTD\Data\2021\202103_offshore\20210321_C03.hex
* Software Version Seasave V 7.23.2
* Temperature SN = 4590
* Conductivity SN = 3228
* Number of Bytes Per Scan = 44
* Number of Voltage Words = 5
* Number of Scans Averaged by the Deck Unit = 1
* NMEA Latitude = 40 29.89 N
* NMEA Longitude = 073 47.37 W
* NMEA UTC (Time) = Mar 21 2021  08:38:43
* NMEA baud rate = 4800
** Ship: RV Seawolf
** Station: 7.1
** Operator: TDK
# nquan = 31
# nvalues = 34                          
# units = specified
# name 0 = depSM: Depth [salt water, m]
# name 1 = t090C: Temperature [ITS-90, deg C]
# name 2 = sal00: Salinity, Practical [PSU]
# name 3 = density00: Density [density, kg/m^3]
# name 4 = sbeox0V: Oxygen raw, SBE 43 [V]
# name 5 = sbeox0ML/L: Oxygen, SBE 43 [ml/l]
# name 6 = sbeox0PS: Oxygen, SBE 43 [% saturation]
# name 7 = sbox0dV/dT: Oxygen, SBE 43 [dov/dt]
# name 8 = oxsolML/L: Oxygen Saturation, Garcia & Gordon [ml/l]
# name 9 = oxsatML/L: Oxygen Saturation, Weiss [ml/l]
# name 10 = ph: pH
# name 11 = flECO-AFL: Fluorescence, WET Labs ECO-AFL/FL [mg/m^3]
# name 12 = n2satML/L: Nitrogen Saturation [ml/l]
# name 13 = c0S/m: Conductivity [S/m]
# name 14 = cpar: CPAR/Corrected Irradiance [%]
# name 15 = sigma-é00: Density [sigma-theta, kg/m^3]
# name 16 = sigma-t00: Density [sigma-t, kg/m^3 ]
# name 17 = par: PAR/Irradiance, Biospherical/Licor
# name 18 = prDM: Pressure, Digiquartz [db]
# name 19 = pumps: Pump Status
# name 20 = scan: Scan Count
# name 21 = svCM: Sound Velocity [Chen-Millero, m/s]
# name 22 = spar: SPAR, Biospherical/Licor
# name 23 = specc: Specific Conductance [uS/cm]
# name 24 = timeS: Time, Elapsed [seconds]
# name 25 = timeY: Time, System [seconds]
# name 26 = accM: Acceleration [m/s^2]
# name 27 = dz/dtM: Descent Rate [m/s]
# name 28 = latitude: Latitude [deg]
# name 29 = longitude: Longitude [deg]
# name 30 = flag: flag
# span 0 =      0.988,     17.884       
# span 1 =     5.8993,     6.1039       
# span 2 =    28.2402,    32.7498       
# span 3 =  1022.2249,  1025.8704       
# span 4 =     2.4039,     2.4712       
# span 5 =     6.7258,     7.4308       
# span 6 =     95.608,     98.659       
# span 7 =   -0.00403,    0.00345       
# span 8 =    6.99585,    7.81614       
# span 9 =    7.00713,    7.81851       
# span 10 =      8.447,      8.479      
# span 11 =     0.3333,     1.8468      
# span 12 =   12.55066,   14.12615      
# span 13 =   2.767225,   3.245709      
# span 14 = -2.016e+04, 1.0254e+05      
# span 15 =    22.2203,    25.7873      
# span 16 =    22.2203,    25.7871      
# span 17 = 1.0000e-12, 3.2876e-01      
# span 18 =      1.000,     18.000      
# span 19 =          1,          1      
# span 20 =        247,       8080      
# span 21 =    1466.18,    1472.40      
# span 22 = -5.022e-02, 2.3727e+00      
# span 23 =  45455.950,  52246.490      
# span 24 =     10.259,    336.646      
# span 25 = 1616315935, 1616316261      
# span 26 =      -0.52,       0.42      
# span 27 =     -0.577,      0.419      
# span 28 =   40.49798,   40.49830      
# span 29 =  -73.78954,  -73.78875      
# span 30 = 0.0000e+00, 0.0000e+00      
# interval = decibars: 1                
# start_time = Mar 21 2021 08:38:44 [System UTC, first data scan.]
# bad_flag = -9.990e-29
*END*
      1.985     5.9871    31.5338  1024.8255     2.4630     6.9346     98.125   -0.00031    7.06742    7.07827      8.463     1.8468   12.68355   3.127349 7.5531e+03    24.8163    24.8162 1.0000e-12      2.000          1        247    1470.35 1.8255e+00  50456.014     10.259 1616315935       0.42      0.009   40.49830  -73.78954 0.0000e+00
      2.977     6.0793    32.4157  1025.5151     2.4639     6.8642     98.168   -0.00033    6.99988    7.01118 -9.990e-29     1.1559   12.55772   3.215907 -2.930e+02    25.5013    25.5013 1.0000e-12      3.000          1        503    1471.85 1.9805e+00  51702.105     20.919 1616315945      -0.01      0.296   40.49828  -73.78952 0.0000e+00
      3.970     6.0790    32.6908  1025.7370     2.4603     6.8568     97.960   -0.00081    7.00268    7.01402      8.471     1.1627   12.56236   3.238600 5.0640e-11    25.7186    25.7185 1.0000e-12      4.000          1        582    1472.21 1.9747e+00  52099.026     24.221 1616315949      -0.00      0.285   40.49828  -73.78951 0.0000e+00
      4.960     6.0777    32.7282  1025.7713     2.4601     6.8762     98.097    0.00057    6.99585    7.00713      8.474     1.2897   12.55066   3.242060 1.0254e+05    25.7483    25.7482 1.0000e-12      5.000          1        680    1472.27 -5.022e-02  52154.138     28.291 1616315953       0.14      0.258   40.49828  -73.78950 0.0000e+00
      5.955     6.1007    32.7480  1025.7887     2.4648     6.8881     98.449    0.00166    6.99674    7.00803      8.476     1.3818   12.55214   3.245709 1.8777e+04    25.7611    25.7610 1.0000e-12      6.000          1        745    1472.40 1.6039e+00  52176.501     30.992 1616315955      -0.03      0.359   40.49827  -73.78949 0.0000e+00
      6.944     6.0959    32.7490  1025.7947     2.4677     6.8983     98.511    0.00060    7.00002    7.01136      8.479     1.4451   12.55757   3.245359 5.0419e+04    25.7625    25.7624 1.0000e-12      7.000          1        849    1472.40 9.7906e-01  52180.023     35.337 1616315960       0.11      0.219   40.49826  -73.78948 0.0000e+00
      7.938     6.0763    32.7474  1025.8005     2.4677     6.8919     98.438   -0.00028    7.00468    7.01609      8.479     1.4744   12.56529   3.243443 7.1193e+03    25.7636    25.7636 1.0000e-12      8.000          1        924    1472.34 1.8341e+00  52184.119     38.456 1616315963      -0.02      0.311   40.49826  -73.78948 0.0000e+00
      8.930     6.0491    32.7445  1025.8062     2.4646     6.8790     98.242   -0.00084    7.00737    7.01882      8.476     1.4610   12.56976   3.240853 3.0289e+02    25.7647    25.7646 1.0000e-12      9.000          1       1012    1472.24 1.9687e+00  52188.484     42.125 1616315967      -0.02      0.245   40.49826  -73.78946 0.0000e+00
      9.921     6.0286    32.7419  1025.8113     2.4594     6.8677     97.943   -0.00146    7.01083    7.02233 -9.990e-29     1.4086   12.57551   3.238872 1.9301e+04    25.7652    25.7651 1.0000e-12     10.000          1       1104    1472.17 1.5936e+00  52191.482     45.944 1616315970       0.29      0.346   40.49826  -73.78946 0.0000e+00
     10.916     6.0080    32.7395  1025.8166     2.4563     6.8610     97.838   -0.00110    7.01412    7.02567      8.472     1.3210   12.58096   3.236933 4.0403e+04    25.7658    25.7657 1.0000e-12     11.000          1       1181    1472.10 1.1769e+00  52194.770     49.149 1616315974       0.00      0.292   40.49825  -73.78945 0.0000e+00
     11.907     5.9934    32.7382  1025.8220     2.4524     6.8507     97.675   -0.00095    7.01604    7.02762      8.473     1.2891   12.58414   3.235622 2.5808e+03    25.7666    25.7665 1.0000e-12     12.000          1       1272    1472.06 1.9237e+00  52197.892     52.942 1616315977      -0.03      0.279   40.49824  -73.78944 0.0000e+00
     12.901     5.9815    32.7377  1025.8277     2.4496     6.8457     97.568   -0.00080    7.01802    7.02963      8.473     1.3373   12.58742   3.234595 5.0640e-11    25.7677    25.7676 1.0000e-12     13.000          1       1351    1472.03 1.9747e+00  52201.378     56.270 1616315981       0.09      0.371   40.49824  -73.78943 0.0000e+00
     13.891     5.9691    32.7367  1025.8330     2.4473     6.8458     97.493   -0.00058    7.02053    7.03218      8.473     1.2564   12.59157   3.233494 5.0640e-11    25.7684    25.7683 1.0000e-12     14.000          1       1445    1471.99 1.9747e+00  52204.224     60.147 1616315985      -0.04      0.222   40.49824  -73.78942 0.0000e+00
     14.884     5.9529    32.7363  1025.8393     2.4442     6.8193     97.315   -0.00109    7.02683    7.03859      8.471     1.1218   12.60190   3.232054 5.5103e+04    25.7701    25.7699 1.0000e-12     15.000          1       1530    1471.94 8.8657e-01  52209.106     63.691 1616315988       0.04      0.320   40.49824  -73.78942 0.0000e+00
     15.877     5.9137    32.7426  1025.8537     2.4312     6.7623     96.370   -0.00403    7.02814    7.03992      8.466     1.0127   12.60402   3.229266 4.8890e+03    25.7798    25.7797 1.0000e-12     16.000          1       1615    1471.81 1.8782e+00  52230.465     67.264 1616315992       0.02      0.271   40.49822  -73.78940 0.0000e+00
     16.875     5.9034    32.7475  1025.8635     2.4166     6.7355     95.886   -0.00174    7.02876    7.04056      8.461     0.9778   12.60501   3.228947 1.5799e+04    25.7849    25.7848 1.0000e-12     17.000          1       1884    1471.79 1.6627e+00  52241.208     78.451 1616316003       0.15      0.349   40.49822  -73.78938 0.0000e+00
     17.884     5.8993    32.7498  1025.8704     2.4039     6.7258     95.608    0.00169    7.02899    7.04080      8.461     0.8520   12.60542   3.228975 -2.016e+04    25.7873    25.7871 1.0000e-12     18.000          1       2908    1471.79 2.3727e+00  52246.490    121.138 1616316046      -0.52      0.419   40.49818  -73.78925 0.0000e+00
     16.868     5.9020    32.7480  1025.8640     2.4106     6.7359     95.780    0.00009    7.02889    7.04069      8.461     0.9590   12.60524   3.228932 5.0640e-11    25.7855    25.7854 1.0000e-12     17.000          1       2481    1471.79 1.9747e+00  52242.412    103.314 1616316028      -0.27     -0.160   40.49820  -73.78931 0.0000e+00
     15.876     5.9107    32.7428  1025.8542     2.4191     6.7793     96.339    0.00167    7.02493    7.03666      8.464     1.0620   12.59882   3.229200 5.0640e-11    25.7803    25.7802 1.0000e-12     16.000          1       3453    1471.80 1.9747e+00  52231.566    143.849 1616316068      -0.03     -0.183   40.49817  -73.78922 0.0000e+00
     14.883     5.9376    32.7365  1025.8413     2.4311     6.8274     97.101    0.00345    7.01998    7.03163 -9.990e-29     1.1273   12.59070   3.231009 3.7674e+04    25.7720    25.7719 1.0000e-12     15.000          1       3480    1471.88 1.2307e+00  52213.825    144.968 1616316069       0.02     -0.292   40.49816  -73.78921 0.0000e+00
     13.892     5.9661    32.7334  1025.8308     2.4439     6.8470     97.542    0.00174    7.01867    7.03029      8.471     1.2111   12.58852   3.233122 -2.015e+03    25.7661    25.7660 1.0000e-12     14.000          1       3606    1471.98 2.0145e+00  52200.320    150.225 1616316075       0.01     -0.159   40.49816  -73.78920 0.0000e+00
     12.899     5.9699    32.7350  1025.8270     2.4473     6.8474     97.575    0.00056    7.01607    7.02765      8.471     1.2717   12.58423   3.233533 5.0640e-11    25.7670    25.7668 1.0000e-12     13.000          1       3717    1471.98 1.9747e+00  52200.831    154.835 1616316079      -0.03     -0.238   40.49816  -73.78919 0.0000e+00
     11.907     5.9908    32.7358  1025.8204     2.4503     6.8538     97.706    0.00055    7.01406    7.02561      8.472     1.2790   12.58090   3.235374 3.0146e+04    25.7650    25.7649 1.0000e-12     12.000          1       3844    1472.05 1.3794e+00  52195.172    160.120 1616316085      -0.01     -0.187   40.49816  -73.78918 0.0000e+00
     10.916     6.0005    32.7365  1025.8151     2.4522     6.8550     97.767    0.00036    7.01211    7.02363      8.473     1.2989   12.57766   3.236193 3.1324e+04    25.7644    25.7642 1.0000e-12     11.000          1       3973    1472.07 1.3561e+00  52192.598    165.497 1616316090      -0.06     -0.170   40.49814  -73.78916 0.0000e+00
      9.920     6.0136    32.7392  1025.8110     2.4559     6.8648     97.934    0.00030    7.01033    7.02182      8.475     1.4044   12.57469   3.237492 3.7011e+03    25.7649    25.7648 1.0000e-12     10.000          1       4606    1472.11 1.9016e+00  52191.992    191.884 1616316116      -0.05     -0.224   40.49812  -73.78910 0.0000e+00
      8.929     6.0297    32.7395  1025.8047     2.4597     6.8795     98.159    0.00092    7.00594    7.01736      8.476     1.4178   12.56742   3.238911 9.1408e+01    25.7631    25.7631 1.0000e-12      9.000          1       5360    1472.16 1.9729e+00  52187.016    223.289 1616316148      -0.03     -0.211   40.49809  -73.78902 0.0000e+00
      7.940     6.0491    32.7420  1025.7997     2.4642     6.8926     98.367    0.00100    7.00239    7.01377 -9.990e-29     1.4634   12.56151   3.240810 5.0640e-11    25.7628    25.7627 1.0000e-12      8.000          1       5474    1472.22 1.9747e+00  52184.303    228.057 1616316152      -0.07     -0.280   40.49808  -73.78900 0.0000e+00
      6.945     6.0723    32.7451  1025.7946     2.4682     6.8992     98.549    0.00098    6.99933    7.01066      8.479     1.4597   12.55643   3.243034 5.0640e-11    25.7623    25.7622 1.0000e-12      7.000          1       5572    1472.30 1.9747e+00  52181.210    232.129 1616316157      -0.07     -0.289   40.49808  -73.78900 0.0000e+00
      5.952     6.0926    32.7476  1025.7894     2.4712     6.9035     98.659    0.00075    6.99641    7.00769      8.479     1.3931   12.55158   3.244982 5.0640e-11    25.7618    25.7617 1.0000e-12      6.000          1       5666    1472.37 1.9747e+00  52178.323    236.031 1616316160      -0.11     -0.487   40.49808  -73.78898 0.0000e+00
      4.962     6.0968    32.7443  1025.7817     2.4700     6.8837     98.405   -0.00102    7.00032    7.01163      8.476     1.2764   12.55833   3.244894 1.7151e+04    25.7586    25.7586 1.0000e-12      5.000          1       5802    1472.36 1.6360e+00  52171.629    241.727 1616316166      -0.05     -0.332   40.49808  -73.78898 0.0000e+00
      3.963     6.0834    32.7317  1025.7688     2.4655     6.8607     98.077   -0.00203    7.00246    7.01378      8.472     1.2235   12.56214   3.242406 7.7240e+02    25.7503    25.7503 1.0000e-12      4.000          1       5875    1472.28 1.9594e+00  52156.656    244.747 1616316169      -0.14     -0.577   40.49808  -73.78897 0.0000e+00
      2.975     6.1039    32.6414  1025.6903     2.4622     6.9155     98.114    0.00010    7.03390    7.04490      8.470     1.3616   12.62179   3.236051 1.7598e+04    25.6764    25.6764 1.0000e-12      3.000          1       6040    1472.23 1.6272e+00  52020.317    251.622 1616316176      -0.23     -0.422   40.49808  -73.78895 0.0000e+00
      1.986     6.0875    32.3143  1025.4294     2.4615     7.3037     98.025   -0.00059    7.43017    7.43663      8.467     1.6227   13.38718   3.204153 3.6229e+04    25.4202    25.4202 1.5073e-02      2.000          1       6738    1471.73 1.2593e+00  51554.806    280.711 1616316205       0.09     -0.351   40.49805  -73.78888 0.0000e+00
      0.988     5.9860    28.2402  1022.2249     2.4257     7.4308     96.262   -0.00079    7.81614    7.81851      8.447     0.3333   14.12615   2.767225 2.7624e+03    22.2203    22.2203 3.2876e-01      1.000          1       8080    1466.18 1.9205e+00  45455.950    336.646 1616316261      -0.10     -0.358   40.49798  -73.78875 0.0000e+00
