CalculateIndicators/WaterTemperature/Data/CTD_NYOS/20210523_C15.cnv
* Sea-Bird SBE 9 Data File:
* FileName = C:\Seabird 9 CTD\Data\2021\202105_offshore\20210523_C15.hex
* Software Version Seasave V 7.23.2
* Temperature SN = 4590
* Conductivity SN = 3228
* Number of Bytes Per Scan = 44
* Number of Voltage Words = 5
* Number of Scans Averaged by the Deck Unit = 1
* NMEA Latitude = 39 57.39 N
* NMEA Longitude = 072 53.80 W
* NMEA UTC (Time) = May 23 2021  04:55:34
* NMEA baud rate = 4800
** Ship: seawolf
** Station: 5.3
** Operator: TDK
# nquan = 31
# nvalues = 186                         
# units = specified
# name 0 = depSM: Depth [salt water, m]
# name 1 = t090C: Temperature [ITS-90, deg C]
# name 2 = sal00: Salinity, Practical [PSU]
# name 3 = density00: Density [density, kg/m^3]
# name 4 = sbeox0V: Oxygen raw, SBE 43 [V]
# name 5 = sbeox0ML/L: Oxygen, SBE 43 [ml/l]
# name 6 = sbeox0PS: Oxygen, SBE 43 [% saturation]
# name 7 = sbox0dV/dT: Oxygen, SBE 43 [dov/dt]
# name 8 = oxsolML/L: Oxygen Saturation, Garcia & Gordon [ml/l]
# name 9 = oxsatML/L: Oxygen Saturation, Weiss [ml/l]
# name 10 = ph: pH
# name 11 = flECO-AFL: Fluorescence, WET Labs ECO-AFL/FL [mg/m^3]
# name 12 = n2satML/L: Nitrogen Saturation [ml/l]
# name 13 = c0S/m: Conductivity [S/m]
# name 14 = cpar: CPAR/Corrected Irradiance [%]
# name 15 = sigma-é00: Density [sigma-theta, kg/m^3]
# name 16 = sigma-t00: Density [sigma-t, kg/m^3 ]
# name 17 = par: PAR/Irradiance, Biospherical/Licor
# name 18 = prDM: Pressure, Digiquartz [db]
# name 19 = pumps: Pump Status
# name 20 = scan: Scan Count
# name 21 = svCM: Sound Velocity [Chen-Millero, m/s]
# name 22 = spar: SPAR, Biospherical/Licor
# name 23 = specc: Specific Conductance [uS/cm]
# name 24 = timeS: Time, Elapsed [seconds]
# name 25 = timeY: Time, System [seconds]
# name 26 = accM: Acceleration [m/s^2]
# name 27 = dz/dtM: Descent Rate [m/s]
# name 28 = latitude: Latitude [deg]
# name 29 = longitude: Longitude [deg]
# name 30 = flag: flag
# span 0 =      1.977,     48.127       
# span 1 =     7.6727,    15.0223       
# span 2 =    31.3882,    33.8494       
# span 3 =  1023.1981,  1026.2365       
# span 4 =     2.0883,     2.8526       
# span 5 =     4.8332,     6.7887       
# span 6 =     79.566,    117.235       
# span 7 =   -0.12279,    0.07157       
# span 8 =    5.78775,    6.72167       
# span 9 =    5.78250,    6.72939       
# span 10 =      7.897,      8.066      
# span 11 =     0.0777,     2.0712      
# span 12 =   10.55658,   12.09063      
# span 13 =   3.431049,   3.990085      
# span 14 = -3.589e+03, 1.0023e+05      
# span 15 =    23.1871,    26.0192      
# span 16 =    23.1870,    26.0187      
# span 17 = -2.874e-05, 3.7343e-04      
# span 18 =      2.000,     48.500      
# span 19 =          1,          1      
# span 20 =        209,      11016      
# span 21 =    1479.70,    1503.56      
# span 22 = -4.568e-03, 2.0456e+00      
# span 23 =  48653.161,  52625.863      
# span 24 =      8.670,    458.979      
# span 25 = 1621745742, 1621746192      
# span 26 =      -0.33,       0.53      
# span 27 =     -0.813,      1.024      
# span 28 =   39.95652,   39.95684      
# span 29 =  -72.89678,  -72.89573      
# span 30 = 0.0000e+00, 0.0000e+00      
# interval = decibars: 0.5              
# start_time = May 23 2021 04:55:33 [System UTC, first data scan.]
# bad_flag = -9.990e-29
*END*
[from data line 47]
     25.806     9.6585    32.7379  1025.3604     2.5366     6.4933    100.212   -0.01166    6.47957    6.48322      8.054     0.2996   11.69692   3.554903 5.0640e-11    25.2427    25.2422 1.0000e-12     26.000          1       1430    1486.27 1.9747e+00  51322.237     59.522 1621745792      -0.06      0.599   39.95654  -72.89668 0.0000e+00
     26.292     9.6273    32.7859  1025.4052     2.5229     6.5238     99.976   -0.00743    6.52536    6.52964      8.054     0.2920   11.77279   3.557653 5.0640e-11    25.2853    25.2848 1.0000e-12     26.500          1       1472    1486.22 1.9747e+00  51396.530     61.297 1621745794      -0.15      0.279   39.95654  -72.89668 0.0000e+00
     26.791     9.4585    32.7870  1025.4357     2.5128     6.5086     99.477   -0.00780    6.54282    6.54734      8.050     0.3510   11.80158   3.541433 5.0640e-11    25.3134    25.3129 1.0000e-12     27.000          1       1503    1485.61 1.9747e+00  51431.907     62.590 1621745796       0.18      0.335   39.95654  -72.89667 0.0000e+00
     27.289     9.2554    32.7814  1025.4662     2.5032     6.4795     98.956   -0.00850    6.54783    6.55244      8.049     0.3723   11.80966   3.522702 5.0640e-11    25.3414    25.3410 1.0000e-12     27.500          1       1528    1484.87 1.9747e+00  51465.583     63.637 1621745797       0.05      0.473   39.95654  -72.89666 0.0000e+00
     27.781     9.1003    32.7741  1025.4874     2.4970     6.4719     98.747   -0.00760    6.55397    6.55868 -9.990e-29     0.3408   11.81969   3.508663 5.0640e-11    25.3603    25.3598 1.0000e-12     28.000          1       1555    1484.30 1.9747e+00  51487.670     64.756 1621745798      -0.03      0.449   39.95654  -72.89666 0.0000e+00
     28.279     9.0259    32.7853  1025.5101     2.4967     6.5075     99.195   -0.00262    6.56031    6.56511 -9.990e-29     0.2951   11.83014   3.503826 5.0640e-11    25.3807    25.3802 1.0000e-12     28.500          1       1578    1484.04 1.9747e+00  51519.395     65.697 1621745799       0.09      0.482   39.95654  -72.89666 0.0000e+00
     28.779     8.9938    32.8004  1025.5292     2.4978     6.5328     99.521    0.00030    6.56419    6.56905 -9.990e-29     0.2819   11.83650   3.502618 5.0640e-11    25.3975    25.3970 1.0000e-12     29.000          1       1600    1483.95 1.9747e+00  51547.822     66.623 1621745800       0.02      0.543   39.95654  -72.89666 0.0000e+00
     29.272     8.9485    32.8112  1025.5470     2.5006     6.5565     99.808    0.00173    6.56917    6.57413      8.046     0.3086   11.84450   3.499717 -9.990e-29    25.4130    25.4125 1.0000e-12     29.500          1       1626    1483.81 -9.990e-29  51573.000     67.729 1621745801      -0.08      0.489   39.95654  -72.89666 0.0000e+00
     29.768     8.8973    32.8151  1025.5604     2.5055     6.5966    100.283    0.00402    6.57795    6.58304      8.045     0.3130   11.85887   3.495839 -9.990e-29    25.4240    25.4236 1.0000e-12     30.000          1       1655    1483.63 -9.990e-29  51589.916     68.904 1621745802      -0.02      0.432   39.95654  -72.89666 0.0000e+00
     30.259     8.8642    32.8201  1025.5717     2.5057     6.5918    100.125    0.00201    6.58363    6.58881      8.042     0.3311   11.86816   3.493640 -9.990e-29    25.4331    25.4326 1.0000e-12     30.500          1       1681    1483.52 -9.990e-29  51604.276     69.983 1621745803       0.04      0.429   39.95654  -72.89666 0.0000e+00
     30.760     8.8376    32.8410  1025.5945     2.5036     6.5878     99.786   -0.00098    6.60193    6.60742      8.041     0.3503   11.89796   3.493287 9.9999e+04    25.4536    25.4531 1.0000e-12     31.000          1       1699    1483.46 0.0000e+00  51640.034     70.764 1621745804       0.18      0.523   39.95654  -72.89666 0.0000e+00
     31.260     8.7807    32.8503  1025.6128     2.4973     6.5622     99.223   -0.00405    6.61361    6.61930      8.033     0.3505   11.91689   3.489107 9.9999e+04    25.4696    25.4691 1.0000e-12     31.500          1       1718    1483.26 0.0000e+00  51665.683     71.523 1621745805       0.09      0.640   39.95654  -72.89666 0.0000e+00
     31.754     8.7610    32.8534  1025.6206     2.4782     6.4671     97.511   -0.01274    6.63220    6.63820      8.024     0.4351   11.94702   3.487886 5.6334e+04    25.4751    25.4746 1.0000e-12     32.000          1       1741    1483.20 8.6226e-01  51674.636     72.483 1621745806      -0.12      0.602   39.95654  -72.89666 0.0000e+00
     32.245     8.6348    32.8856  1025.6674     2.4463     6.3003     94.734   -0.02596    6.65058    6.65689      8.016     0.5197   11.97700   3.478988 -6.365e+02    25.5195    25.5190 1.0000e-12     32.500          1       1766    1482.78 1.9873e+00  51748.268     73.554 1621745807      -0.05      0.471   39.95654  -72.89665 0.0000e+00
     32.743     8.5178    32.9243  1025.7179     2.4209     6.1973     93.039   -0.03076    6.66090    6.66740      8.016     0.5673   11.99370   3.472693 5.0640e-11    25.5676    25.5671 1.0000e-12     33.000          1       1787    1482.39 1.9747e+00  51829.774     74.402 1621745807       0.12      0.506   39.95654  -72.89664 0.0000e+00
     33.245     8.4129    32.9654  1025.7683     2.4028     6.1649     92.446   -0.02763    6.66874    6.67540      8.013     0.5792   12.00613   3.466800 5.0640e-11    25.6157    25.6152 1.0000e-12     33.500          1       1806    1482.06 1.9747e+00  51911.696     75.207 1621745808       0.07      0.605   39.95654  -72.89664 0.0000e+00
     33.738     8.2654    33.0034  1025.8224     2.3853     6.1735     92.369   -0.01943    6.68358    6.69049      8.007     0.6239   12.03023   3.457452 5.0640e-11    25.6675    25.6670 1.0000e-12     34.000          1       1831    1481.56 1.9747e+00  51999.679     76.257 1621745809      -0.13      0.549   39.95654  -72.89664 0.0000e+00
     34.234     8.1584    33.0453  1025.8735     2.3628     6.1158     91.428   -0.01768    6.68928    6.69630      8.002     0.5884   12.03944   3.452306 5.0640e-11    25.7162    25.7157 1.0000e-12     34.500          1       1860    1481.22 1.9747e+00  52084.267     77.447 1621745810      -0.03      0.425   39.95654  -72.89662 0.0000e+00
     34.729     8.0021    33.1131  1025.9520     2.3300     6.0256     89.824   -0.01779    6.70826    6.71566      7.984     0.5153   12.06989   3.444627 5.0640e-11    25.7923    25.7918 1.0000e-12     35.000          1       1905    1480.72 1.9747e+00  52217.818     79.322 1621745812      -0.09      0.282   39.95654  -72.89662 0.0000e+00
     35.212     7.8798    33.1662  1026.0138     2.2922     5.9161     88.014   -0.01753    6.72167    6.72939      7.956     1.0613   12.09063   3.439238 5.0640e-11    25.8518    25.8513 1.0000e-12     35.500          1       1955    1480.33 1.9747e+00  52322.643     81.415 1621745814       0.31      0.168   39.95656  -72.89662 0.0000e+00
     35.715     7.8275    33.2011  1026.0511     2.2774     5.8390     86.917   -0.02133    6.71789    6.72557      7.946     1.5463   12.08422   3.437622 5.0640e-11    25.8868    25.8863 1.0000e-12     36.000          1       1968    1480.18 1.9747e+00  52385.950     81.969 1621745815       0.50      0.454   39.95656  -72.89662 0.0000e+00
     36.214     7.7661    33.2265  1026.0822     2.2650     5.7816     86.074   -0.02376    6.71707    6.72474      7.941     1.9985   12.08282   3.434436 5.0640e-11    25.9155    25.9150 1.0000e-12     36.500          1       1980    1479.99 1.9747e+00  52437.116     82.474 1621745815       0.46      0.704   39.95656  -72.89662 0.0000e+00
     36.714     7.7300    33.2459  1026.1050     2.2506     5.7223     85.196   -0.02546    6.71667    6.72435      7.937     2.0712   12.08214   3.433245 5.0640e-11    25.9359    25.9354 1.0000e-12     37.000          1       1992    1479.88 1.9747e+00  52473.812     82.950 1621745816       0.33      0.891   39.95656  -72.89662 0.0000e+00
     37.214     7.6923    33.2589  1026.1229     2.2332     5.6482     84.095   -0.02798    6.71647    6.72415      7.937     0.9185   12.08180   3.431049 5.0640e-11    25.9516    25.9511 1.0000e-12     37.500          1       2003    1479.76 1.9747e+00  52501.764     83.437 1621745816       0.14      1.001   39.95656  -72.89662 0.0000e+00
     37.714     7.6727    33.2981  1026.1588     2.2124     5.5478     82.599   -0.03283    6.71650    6.72417      7.934     0.5796   12.08184   3.434125 5.0640e-11    25.9852    25.9847 1.0000e-12     38.000          1       2016    1479.75 1.9747e+00  52563.020     83.973 1621745817      -0.03      1.024   39.95656  -72.89662 0.0000e+00
     38.209     7.6886    33.3340  1026.1870     2.1866     5.4355     80.928   -0.03692    6.71649    6.72417      7.933     0.5021   12.08184   3.438565 5.0640e-11    26.0111    26.0106 1.0000e-12     38.500          1       2033    1479.86 1.9747e+00  52610.325     84.684 1621745818      -0.24      0.911   39.95656  -72.89662 0.0000e+00
     38.702     7.6989    33.3458  1026.1971     2.1534     5.3628     79.846   -0.03107    6.71652    6.72419      7.931     0.5818   12.08189   3.440650 5.0640e-11    26.0189    26.0184 1.0000e-12     39.000          1       2063    1479.92 1.9747e+00  52624.833     85.904 1621745819      -0.27      0.546   39.95656  -72.89662 0.0000e+00
     39.190     7.7013    33.3466  1026.1996     2.1139     5.3801     80.103   -0.00804    6.71649    6.72416      7.928     0.3001   12.08186   3.441331 5.0640e-11    26.0192    26.0187 1.0000e-12     39.500          1       2140    1479.94 1.9747e+00  52625.663     89.118 1621745822       0.06      0.086   39.95656  -72.89660 0.0000e+00
     39.685     7.7016    33.3460  1026.2014     2.1089     5.3852     80.180   -0.00472    6.71644    6.72411      7.927     0.2329   12.08177   3.441464 5.0640e-11    26.0188    26.0182 1.0000e-12     40.000          1       2173    1479.95 1.9747e+00  52625.165     90.510 1621745824       0.24      0.312   39.95656  -72.89660 0.0000e+00
     40.182     7.7017    33.3459  1026.2036     2.1072     5.3885     80.229   -0.00339    6.71644    6.72411      7.925     0.2329   12.08177   3.441535 5.0640e-11    26.0187    26.0181 1.0000e-12     40.500          1       2192    1479.95 1.9747e+00  52625.293     91.282 1621745824       0.24      0.505   39.95656  -72.89660 0.0000e+00
     40.683     7.7014    33.3457  1026.2058     2.1057     5.3910     80.265   -0.00228    6.71644    6.72411      7.923     0.2431   12.08178   3.441574 6.6626e+03    26.0186    26.0180 1.0000e-12     41.000          1       2208    1479.96 1.8431e+00  52625.465     91.958 1621745825       0.17      0.648   39.95656  -72.89660 0.0000e+00
     41.183     7.7016    33.3458  1026.2082     2.1037     5.3842     80.165   -0.00231    6.71646    6.72413      7.924     0.2652   12.08182   3.441672 8.8579e+04    26.0186    26.0180 1.0000e-12     41.500          1       2226    1479.97 2.2551e-01  52625.863     92.689 1621745826       0.01      0.718   39.95656  -72.89660 0.0000e+00
     41.676     7.7020    33.3456  1026.2103     2.1021     5.3793     80.092   -0.00230    6.71647    6.72414 -9.990e-29     0.2415   12.08183   3.441759 7.4664e+04    26.0184    26.0178 1.0000e-12     42.000          1       2248    1479.98 5.0029e-01  52625.818     93.618 1621745827      -0.15      0.629   39.95656  -72.89660 0.0000e+00
     42.169     7.7021    33.3451  1026.2121     2.1003     5.3774     80.063   -0.00169    6.71647    6.72414 -9.990e-29     0.2191   12.08184   3.441790 1.0145e+04    26.0179    26.0174 1.0000e-12     42.500          1       2274    1479.99 1.7744e+00  52625.325     94.725 1621745828      -0.09      0.480   39.95656  -72.89660 0.0000e+00
     42.664     7.7021    33.3447  1026.2141     2.0991     5.3756     80.036   -0.00139    6.71649    6.72416 -9.990e-29     0.2361   12.08188   3.441824 -2.089e+02    26.0177    26.0171 1.0000e-12     43.000          1       2299    1480.00 1.9788e+00  52625.201     95.748 1621745829       0.04      0.459   39.95656  -72.89660 0.0000e+00
     43.166     7.7021    33.3444  1026.2162     2.0980     5.3737     80.008   -0.00116    6.71650    6.72416 -9.990e-29     0.2320   12.08189   3.441859 5.0640e-11    26.0175    26.0169 1.0000e-12     43.500          1       2321    1480.00 1.9747e+00  52625.147     96.672 1621745830       0.05      0.520   39.95656  -72.89660 0.0000e+00
     43.660     7.7022    33.3440  1026.2181     2.0967     5.3700     79.953   -0.00107    6.71650    6.72417 -9.990e-29     0.2455   12.08191   3.441885 5.0640e-11    26.0171    26.0165 1.0000e-12     44.000          1       2354    1480.01 1.9747e+00  52624.821     98.032 1621745831      -0.14      0.424   39.95656  -72.89660 0.0000e+00
     44.152     7.7022    33.3435  1026.2200     2.0952     5.3667     79.904   -0.00088    6.71651    6.72418 -9.990e-29     0.2756   12.08193   3.441905 5.0640e-11    26.0167    26.0161 1.0000e-12     44.500          1       2393    1480.02 1.9747e+00  52624.402     99.651 1621745833       0.05      0.283   39.95657  -72.89658 0.0000e+00
     44.653     7.7022    33.3432  1026.2220     2.0951     5.3702     79.955   -0.00036    6.71649    6.72416 -9.990e-29     0.2578   12.08189   3.441926 5.0640e-11    26.0165    26.0159 1.0000e-12     45.000          1       2423    1480.03 1.9747e+00  52624.292    100.905 1621745834       0.03      0.388   39.95657  -72.89658 0.0000e+00
     45.141     7.7023    33.3428  1026.2240     2.0949     5.3720     79.983   -0.00006    6.71650    6.72416 -9.990e-29     0.2347   12.08191   3.441946 5.0640e-11    26.0162    26.0155 1.0000e-12     45.500          1       2459    1480.03 1.9747e+00  52624.038    102.430 1621745835      -0.05      0.323   39.95656  -72.89656 0.0000e+00
     45.637     7.7024    33.3426  1026.2261     2.0940     5.3659     79.891   -0.00058    6.71650    6.72417 -9.990e-29     0.2463   12.08192   3.441975 8.0266e+04    26.0160    26.0154 1.0000e-12     46.000          1       2482    1480.04 3.8967e-01  52624.137    103.392 1621745836       0.20      0.400   39.95656  -72.89656 0.0000e+00
     46.143     7.7025    33.3426  1026.2284     2.0944     5.3682     79.925   -0.00041    6.71650    6.72417 -9.990e-29     0.2290   12.08192   3.442017 9.9558e+04    26.0160    26.0154 1.0000e-12     46.500          1       2500    1480.05 8.7065e-03  52624.421    104.109 1621745837       0.23      0.573   39.95656  -72.89656 0.0000e+00
     46.640     7.7026    33.3421  1026.2303     2.0941     5.3694     79.944   -0.00011    6.71648    6.72415      7.916     0.2417   12.08189   3.442016 4.1154e+04    26.0156    26.0150 1.0000e-12     47.000          1       2535    1480.06 1.1620e+00  52624.099    105.588 1621745839      -0.16      0.456   39.95656  -72.89656 0.0000e+00
     47.125     7.7028    33.3416  1026.2321     2.0931     5.3652     79.882   -0.00040    6.71639    6.72405      7.914     0.2469   12.08173   3.442040 8.2927e+04    26.0152    26.0145 1.0000e-12     47.500          1       2630    1480.07 3.3712e-01  52623.569    109.544 1621745843       0.15      0.059   39.95658  -72.89656 0.0000e+00
     47.628     7.7031    33.3416  1026.2344     2.0926     5.3633     79.853   -0.00040    6.71644    6.72410 -9.990e-29     0.2640   12.08182   3.442103 3.7869e+04    26.0152    26.0145 1.0000e-12     48.000          1       2651    1480.08 1.2269e+00  52623.933    110.408 1621745843       0.21      0.355   39.95658  -72.89654 0.0000e+00
     48.127     7.7033    33.3413  1026.2365     2.0918     5.3603     79.808   -0.00039    6.71650    6.72416      7.913     0.2526   12.08192   3.442112 -5.616e+01    26.0149    26.0143 1.0000e-12     48.500          1       2707    1480.09 1.9758e+00  52623.811    112.758 1621745846      -0.20      0.206   39.95658  -72.89654 0.0000e+00
