CalculateIndicators/WaterTemperature/Data/CTD_NYOS/20210525_C31.cnv
* Sea-Bird SBE 9 Data File:
* FileName = C:\Seabird 9 CTD\Data\2021\202105_offshore\20210525_C31.hex
* Software Version Seasave V 7.23.2
* Temperature SN = 4590
* Conductivity SN = 3228
* Number of Bytes Per Scan = 44
* Number of Voltage Words = 5
* Number of Scans Averaged by the Deck Unit = 1
* NMEA Latitude = 39 59.20 N
* NMEA Longitude = 071 52.47 W
* NMEA UTC (Time) = May 25 2021  09:18:03
* NMEA baud rate = 4800
** Ship: seawolf
** Station: 2.4
** Operator: eih
# nquan = 31
# nvalues = 366                         
# units = specified
# name 0 = depSM: Depth [salt water, m]
# name 1 = t090C: Temperature [ITS-90, deg C]
# name 2 = sal00: Salinity, Practical [PSU]
# name 3 = density00: Density [density, kg/m^3]
# name 4 = sbeox0V: Oxygen raw, SBE 43 [V]
# name 5 = sbeox0ML/L: Oxygen, SBE 43 [ml/l]
# name 6 = sbeox0PS: Oxygen, SBE 43 [% saturation]
# name 7 = sbox0dV/dT: Oxygen, SBE 43 [dov/dt]
# name 8 = oxsolML/L: Oxygen Saturation, Garcia & Gordon [ml/l]
# name 9 = oxsatML/L: Oxygen Saturation, Weiss [ml/l]
# name 10 = ph: pH
# name 11 = flECO-AFL: Fluorescence, WET Labs ECO-AFL/FL [mg/m^3]
# name 12 = n2satML/L: Nitrogen Saturation [ml/l]
# name 13 = c0S/m: Conductivity [S/m]
# name 14 = cpar: CPAR/Corrected Irradiance [%]
# name 15 = sigma-é00: Density [sigma-theta, kg/m^3]
# name 16 = sigma-t00: Density [sigma-t, kg/m^3 ]
# name 17 = par: PAR/Irradiance, Biospherical/Licor
# name 18 = prDM: Pressure, Digiquartz [db]
# name 19 = pumps: Pump Status
# name 20 = scan: Scan Count
# name 21 = svCM: Sound Velocity [Chen-Millero, m/s]
# name 22 = spar: SPAR, Biospherical/Licor
# name 23 = specc: Specific Conductance [uS/cm]
# name 24 = timeS: Time, Elapsed [seconds]
# name 25 = timeY: Time, System [seconds]
# name 26 = accM: Acceleration [m/s^2]
# name 27 = dz/dtM: Descent Rate [m/s]
# name 28 = latitude: Latitude [deg]
# name 29 = longitude: Longitude [deg]
# name 30 = flag: flag
# span 0 =      1.970,     92.803       
# span 1 =     7.5698,    12.8496       
# span 2 =    32.7569,    34.4940       
# span 3 =  1024.7172,  1026.8559       
# span 4 =     2.0074,     2.9057       
# span 5 =     4.7128,     7.7838       
# span 6 =     75.489,    119.832       
# span 7 =   -0.03643,    0.02181       
# span 8 =    6.02953,    6.74370       
# span 9 =    6.02735,    6.75160       
# span 10 =      7.911,      8.178      
# span 11 =    -0.0631,     0.7028      
# span 12 =   10.95167,   12.12875      
# span 13 =   3.414901,   3.849966      
# span 14 = 2.6630e-12, 1.3028e+01      
# span 15 =    24.7084,    26.4360      
# span 16 =    24.7083,    26.4340      
# span 17 = 1.0000e-12, 8.5470e+00      
# span 18 =      2.000,     93.500      
# span 19 =          1,          1      
# span 20 =        243,      20781      
# span 21 =    1479.44,    1497.13      
# span 22 = 1.3811e+01, 7.3787e+01      
# span 23 =  50852.866,  53627.298      
# span 24 =     10.100,    865.827      
# span 25 = 1621934290, 1621935146      
# span 26 =      -1.03,       0.76      
# span 27 =     -1.140,      1.056      
# span 28 =   39.98674,   39.98686      
# span 29 =  -71.87500,  -71.87464      
# span 30 = 0.0000e+00, 0.0000e+00      
# interval = decibars: 0.5              
# start_time = May 25 2021 09:18:00 [System UTC, first data scan.]
# bad_flag = -9.990e-29
*END*
[from data line 328]
     20.334     9.2495    32.8268  1025.4707     2.8908     7.7403    119.521    0.01081    6.47612    6.47973      8.142     0.3495   11.69100   3.530509 2.2808e+00    25.3777    25.3774 9.6449e-01     20.500          1      16746    1484.79 4.2336e+01  51526.391    697.708 1621934977      -0.17     -0.611   39.98684  -71.87490 0.0000e+00
     19.846     9.3722    32.8102  1025.4359     2.9032     7.7248    119.832    0.00822    6.44635    6.44955      8.142     0.3287   11.64173   3.540221 2.3061e+00    25.3452    25.3449 1.0437e+00     20.000          1      16785    1485.21 4.5321e+01  51477.689    699.319 1621934979       0.23     -0.374   39.98684  -71.87490 0.0000e+00
     19.356     9.5119    32.8067  1025.4084     2.9057     7.6671    119.393    0.00239    6.42177    6.42464      8.141     0.3203   11.60109   3.553593 2.2895e+00    25.3200    25.3197 1.0825e+00     19.500          1      16822    1485.71 4.7292e+01  51444.274    700.883 1621934980      -0.23     -0.258   39.98684  -71.87490 0.0000e+00
     18.851     9.6364    32.8060  1025.3854     2.9033     7.6408    118.925   -0.00177    6.42491    6.42783      8.141     0.3146   11.60608   3.563723 2.5084e+00    25.2993    25.2990 1.1427e+00     19.000          1      16841    1486.15 4.5567e+01  51416.883    701.651 1621934981      -0.27     -0.493   39.98684  -71.87490 0.0000e+00
     18.353     9.7288    32.8042  1025.3666     2.8971     7.5991    118.384   -0.00432    6.41903    6.42187      8.141     0.3220   11.59632   3.572313 2.7085e+00    25.2828    25.2825 1.2304e+00     18.500          1      16864    1486.48 4.5426e+01  51398.109    702.645 1621934982       0.07     -0.572   39.98684  -71.87490 0.0000e+00
     17.867     9.8763    32.8038  1025.3397     2.8893     7.5548    117.827   -0.00609    6.41181    6.41455      8.140     0.3233   11.58443   3.584707 2.8982e+00    25.2583    25.2580 1.3163e+00     18.000          1      16900    1487.01 4.5419e+01  51367.817    704.109 1621934984       0.12     -0.336   39.98684  -71.87490 0.0000e+00
     17.363     9.8665    32.8267  1025.3569     2.8850     7.5379    117.708   -0.00478    6.40386    6.40649      8.140     0.3326   11.57131   3.586223 3.0699e+00    25.2777    25.2774 1.3943e+00     17.500          1      16923    1486.99 4.5419e+01  51402.275    705.097 1621934985      -0.17     -0.418   39.98684  -71.87490 0.0000e+00
     16.867     9.9108    32.8213  1025.3431     2.8829     7.5268    117.743   -0.00280    6.39261    6.39509      8.140     0.3424   11.55274   3.589427 3.3045e+00    25.2662    25.2659 1.5009e+00     17.000          1      16952    1487.14 4.5419e+01  51385.600    706.285 1621934986       0.07     -0.466   39.98684  -71.87490 0.0000e+00
     16.375     9.9612    32.8151  1025.3276     2.8857     7.5329    118.185    0.00132    6.37386    6.37607      8.140     0.3042   11.52189   3.593510 3.3389e+00    25.2530    25.2527 1.5605e+00     16.500          1      16985    1487.30 4.6746e+01  51366.515    707.659 1621934987       0.00     -0.351   39.98684  -71.87490 0.0000e+00
     15.878    10.0637    32.8139  1025.3073     2.8895     7.5219    118.470    0.00314    6.34919    6.35106      8.140     0.3105   11.48125   3.602336 3.4387e+00    25.2350    25.2347 1.6301e+00     16.000          1      17011    1487.66 4.7404e+01  51345.407    708.745 1621934988      -0.09     -0.421   39.98684  -71.87490 0.0000e+00
     15.380    10.1074    32.8096  1025.2943     2.8933     7.5283    118.708    0.00398    6.34185    6.34363      8.141     0.3261   11.46902   3.606077 4.2293e+00    25.2242    25.2239 1.7129e+00     15.500          1      17034    1487.81 4.1752e+01  51331.257    709.697 1621934989      -0.06     -0.497   39.98684  -71.87490 0.0000e+00
     14.882    10.2347    32.7940  1025.2584     2.8922     7.4866    118.394    0.00138    6.32343    6.32496      8.139     0.2979   11.43858   3.616594 5.3675e+00    25.1906    25.1904 1.7971e+00     15.000          1      17059    1488.24 3.3730e+01  51285.051    710.734 1621934990       0.04     -0.510   39.98684  -71.87490 0.0000e+00
     14.389    10.4313    32.7747  1025.2077     2.8891     7.4625    117.956   -0.00205    6.32647    6.32805      8.138     0.2897   11.44343   3.631947 3.9627e+00    25.1422    25.1420 1.8721e+00     14.500          1      17090    1488.91 4.7220e+01  51221.379    712.032 1621934992       0.08     -0.407   39.98684  -71.87490 0.0000e+00
     13.893    10.5243    32.7949  1025.2051     2.8823     7.3988    117.295   -0.00562    6.30787    6.30922      8.138     0.2629   11.41254   3.643039 4.1537e+00    25.1420    25.1417 1.9007e+00     14.000          1      17119    1489.26 4.5775e+01  51234.773    713.268 1621934993      -0.04     -0.390   39.98684  -71.87490 0.0000e+00
     13.398    10.5370    32.7827  1025.1911     2.8800     7.4447    117.569   -0.00135    6.33221    6.33390      8.138     0.2805   11.45254   3.640706 5.4487e+00    25.1302    25.1300 2.0926e+00     13.500          1      17147    1489.28 3.8948e+01  51213.339    714.400 1621934994      -0.03     -0.430   39.98684  -71.87490 0.0000e+00
     12.898    10.6899    32.8006  1025.1763     2.8680     7.3275    116.303   -0.00885    6.30023    6.30147      8.139     0.2825   11.39992   3.659359 6.0961e+00    25.1177    25.1174 2.2131e+00     13.000          1      17171    1489.84 3.6343e+01  51210.236    715.416 1621934995      -0.05     -0.470   39.98684  -71.87490 0.0000e+00
     12.403    10.5886    32.8215  1025.2079     2.8747     7.3498    117.345    0.00080    6.26343    6.26419      8.137     0.2567   11.33906   3.649053 5.1682e+00    25.1515    25.1513 2.1964e+00     12.500          1      17205    1489.49 4.3186e+01  51258.802    716.840 1621934996       0.13     -0.395   39.98684  -71.87490 0.0000e+00
     11.914    10.7123    32.8004  1025.1677     2.8750     7.3590    117.495    0.00255    6.26328    6.26403      8.137     0.2530   11.33875   3.661381 4.2385e+00    25.1136    25.1134 2.1528e+00     12.000          1      17241    1489.90 5.0705e+01  51206.341    718.353 1621934998      -0.14     -0.263   39.98684  -71.87490 0.0000e+00
     11.405    10.9906    32.7962  1025.1134     2.8669     7.3021    116.446   -0.00566    6.27077    6.27164      8.137     0.2463   11.35091   3.684065 4.5991e+00    25.0616    25.0614 2.3349e+00     11.500          1      17262    1490.87 5.0805e+01  51153.972    719.198 1621934999      -0.20     -0.484   39.98684  -71.87490 0.0000e+00
     10.918    11.0166    32.8110  1025.1180     2.8641     7.2128    116.512   -0.00127    6.19053    6.19032      8.135     0.2078   11.21882   3.687824 6.8333e+00    25.0685    25.0683 2.4131e+00     11.000          1      17310    1490.97 3.5203e+01  51169.080    721.213 1621935001       0.19     -0.263   39.98684  -71.87490 0.0000e+00
     10.422    11.0978    32.7936  1025.0878     2.8530     7.2000    116.108    0.00035    6.20094    6.20087      8.129     0.1396   11.23576   3.695531 5.8556e+00    25.0406    25.0404 2.2798e+00     10.500          1      17347    1491.23 3.8970e+01  51129.340    722.740 1621935002      -0.29     -0.292   39.98684  -71.87490 0.0000e+00
      9.921    11.7073    32.7846  1024.9680     2.8319     6.9408    112.997   -0.02527    6.14241    6.14161      8.124     0.1099   11.13874   3.751105 7.2964e+00    24.9232    24.9230 2.4460e+00     10.000          1      17368    1493.33 3.3645e+01  51020.394    723.613 1621935003      -0.16     -0.512   39.98684  -71.87490 0.0000e+00
      9.423    11.5375    32.7569  1024.9755     2.8368     7.0104    114.652   -0.00643    6.11447    6.11332      8.125     0.1401   11.09258   3.728761 7.1812e+00    24.9329    24.9326 2.4642e+00      9.500          1      17395    1492.70 3.5751e+01  51008.297    724.770 1621935004       0.11     -0.497   39.98684  -71.87490 0.0000e+00
      8.925    12.1964    32.7838  1024.8713     2.7702     6.8189    111.389   -0.00672    6.12094    6.11990      8.125     0.1307   11.10303   3.793860 4.9337e+00    24.8311    24.8308 2.7361e+00      9.000          1      17911    1494.99 5.5222e+01  50945.897    746.246 1621935026       0.08     -0.312   39.98684  -71.87491 0.0000e+00
      8.431    12.5834    32.7924  1024.8023     2.7297     6.6254    109.703   -0.00069    6.03937    6.03731      8.129     0.1096   10.96802   3.826859 5.6754e+00    24.7643    24.7641 3.0907e+00      8.500          1      18941    1496.32 5.4514e+01  50901.035    789.187 1621935069       0.02     -0.502   39.98686  -71.87494 0.0000e+00
      7.940    12.6787    32.7866  1024.7773     2.7220     6.5860    109.125   -0.00329    6.03525    6.03314      8.130     0.1002   10.96117   3.835298 5.0783e+00    24.7415    24.7413 3.1730e+00      8.000          1      19012    1496.62 6.2568e+01  50879.163    792.108 1621935072       0.09     -0.377   39.98686  -71.87494 0.0000e+00
      7.442    12.7786    32.7830  1024.7528     2.7147     6.5527    108.565   -0.00605    6.03574    6.03364      8.130     0.0963   10.96199   3.843978 5.3500e+00    24.7193    24.7191 3.4238e+00      7.500          1      19042    1496.95 6.4095e+01  50860.062    793.378 1621935073      -0.05     -0.375   39.98686  -71.87494 0.0000e+00
      6.946    12.7947    32.7842  1024.7484     2.7102     6.5529    108.576   -0.00273    6.03536    6.03325      8.132     0.1005   10.96135   3.845134 6.6472e+00    24.7171    24.7170 3.5730e+00      7.000          1      19092    1496.99 5.3920e+01  50859.322    795.451 1621935075       0.05     -0.256   39.98686  -71.87494 0.0000e+00
      6.456    12.7785    32.7857  1024.7505     2.7068     6.5461    108.530   -0.00079    6.03160    6.02945      8.132     0.1045   10.95512   3.843820 8.1498e+00    24.7214    24.7213 3.7453e+00      6.500          1      19149    1496.93 4.5995e+01  50863.364    797.847 1621935077      -0.27     -0.191   39.98686  -71.87494 0.0000e+00
      5.954    12.7984    32.7844  1024.7433     2.7056     6.5387    108.408   -0.00162    6.03156    6.02941      8.133     0.0955   10.95505   3.845371 8.6173e+00    24.7166    24.7164 4.0811e+00      6.000          1      19169    1496.99 4.7388e+01  50858.634    798.652 1621935078      -0.28     -0.456   39.98686  -71.87494 0.0000e+00
      5.455    12.8137    32.7841  1024.7378     2.7040     6.5325    108.317   -0.00173    6.03086    6.02870      8.132     0.0955   10.95390   3.846857 8.3450e+00    24.7133    24.7131 4.4557e+00      5.500          1      19188    1497.03 5.3424e+01  50855.668    799.478 1621935079      -0.07     -0.599   39.98686  -71.87494 0.0000e+00
      4.959    12.8255    32.7844  1024.7336     2.7034     6.5331    108.330   -0.00110    6.03082    6.02865      8.133     0.1062   10.95382   3.847779 8.1267e+00    24.7113    24.7111 4.5969e+00      5.000          1      19214    1497.07 5.6588e+01  50854.333    800.533 1621935080       0.12     -0.543   39.98686  -71.87494 0.0000e+00
      4.467    12.8279    32.7851  1024.7314     2.7011     6.5254    108.199   -0.00128    6.03092    6.02876      8.131     0.0952   10.95398   3.848061 9.2648e+00    24.7113    24.7112 5.0492e+00      4.500          1      19245    1497.07 5.4538e+01  50854.682    801.831 1621935081       0.06     -0.394   39.98686  -71.87494 0.0000e+00
      3.967    12.8323    32.7850  1024.7282     2.6987     6.5139    108.011   -0.00220    6.03081    6.02865      8.132     0.1026   10.95380   3.848350 1.0559e+01    24.7104    24.7103 5.6564e+00      4.000          1      19274    1497.07 5.3675e+01  50853.671    803.038 1621935083      -0.02     -0.411   39.98686  -71.87494 0.0000e+00
      3.473    12.8321    32.7854  1024.7263     2.6981     6.5208    108.117   -0.00031    6.03124    6.02909      8.134     0.0978   10.95452   3.848289 1.1621e+01    24.7106    24.7106 6.0500e+00      3.500          1      19326    1497.06 5.2083e+01  50853.859    805.214 1621935085       0.09     -0.236   39.98686  -71.87494 0.0000e+00
      2.977    12.8289    32.7858  1024.7250     2.6977     6.5195    108.088   -0.00035    6.03160    6.02945      8.134     0.0938   10.95511   3.847949 1.3028e+01    24.7116    24.7115 7.0370e+00      3.000          1      19392    1497.04 5.4007e+01  50854.629    807.967 1621935088      -0.02     -0.192   39.98686  -71.87494 0.0000e+00
      2.478    12.8255    32.7862  1024.7237     2.6963     6.5171    108.046   -0.00005    6.03178    6.02963      8.134     0.0876   10.95541   3.847613 1.2745e+01    24.7125    24.7125 7.8790e+00      2.500          1      19638    1497.03 6.1984e+01  50855.328    818.189 1621935098      -0.02     -0.239   39.98686  -71.87495 0.0000e+00
      1.970    12.8496    32.7869  1024.7172     2.6988     6.5279    108.248    0.00099    6.03051    6.02834 -9.990e-29     0.1003   10.95328   3.849966 1.1486e+01    24.7084    24.7083 8.5470e+00      2.000          1      20781    1497.10 7.3787e+01  50852.866    865.827 1621935146       0.14     -0.560   39.98686  -71.87500 0.0000e+00
