CalculateIndicators/WaterTemperature/Data/CTD_NYOS/20210525_C36.cnv
* Sea-Bird SBE 9 Data File:
* FileName = C:\Seabird 9 CTD\Data\2021\202105_offshore\20210525_C36.hex
* Software Version Seasave V 7.23.2
* Temperature SN = 4590
* Conductivity SN = 3228
* Number of Bytes Per Scan = 44
* Number of Voltage Words = 5
* Number of Scans Averaged by the Deck Unit = 1
* NMEA Latitude = 40 42.03 N
* NMEA Longitude = 071 47.25 W
* NMEA UTC (Time) = May 25 2021  23:56:25
* NMEA baud rate = 4800
** Ship: seawolf
** Station: 1.2
** Operator: eih
# nquan = 31
# nvalues = 205                         
# units = specified
# name 0 = depSM: Depth [salt water, m]
# name 1 = t090C: Temperature [ITS-90, deg C]
# name 2 = sal00: Salinity, Practical [PSU]
# name 3 = density00: Density [density, kg/m^3]
# name 4 = sbeox0V: Oxygen raw, SBE 43 [V]
# name 5 = sbeox0ML/L: Oxygen, SBE 43 [ml/l]
# name 6 = sbeox0PS: Oxygen, SBE 43 [% saturation]
# name 7 = sbox0dV/dT: Oxygen, SBE 43 [dov/dt]
# name 8 = oxsolML/L: Oxygen Saturation, Garcia & Gordon [ml/l]
# name 9 = oxsatML/L: Oxygen Saturation, Weiss [ml/l]
# name 10 = ph: pH
# name 11 = flECO-AFL: Fluorescence, WET Labs ECO-AFL/FL [mg/m^3]
# name 12 = n2satML/L: Nitrogen Saturation [ml/l]
# name 13 = c0S/m: Conductivity [S/m]
# name 14 = cpar: CPAR/Corrected Irradiance [%]
# name 15 = sigma-é00: Density [sigma-theta, kg/m^3]
# name 16 = sigma-t00: Density [sigma-t, kg/m^3 ]
# name 17 = par: PAR/Irradiance, Biospherical/Licor
# name 18 = prDM: Pressure, Digiquartz [db]
# name 19 = pumps: Pump Status
# name 20 = scan: Scan Count
# name 21 = svCM: Sound Velocity [Chen-Millero, m/s]
# name 22 = spar: SPAR, Biospherical/Licor
# name 23 = specc: Specific Conductance [uS/cm]
# name 24 = timeS: Time, Elapsed [seconds]
# name 25 = timeY: Time, System [seconds]
# name 26 = accM: Acceleration [m/s^2]
# name 27 = dz/dtM: Descent Rate [m/s]
# name 28 = latitude: Latitude [deg]
# name 29 = longitude: Longitude [deg]
# name 30 = flag: flag
# span 0 =      1.950,     52.600       
# span 1 =     7.0213,    14.9042       
# span 2 =    31.5689,    33.1136       
# span 3 =  1023.3664,  1026.1734       
# span 4 =     2.0252,     2.7007       
# span 5 =     5.2383,     6.7702       
# span 6 =     76.672,    110.529       
# span 7 =   -0.05294,    0.04319       
# span 8 =    5.82480,    6.83214       
# span 9 =    5.81957,    6.84130       
# span 10 =      7.869,      8.061      
# span 11 =     0.1044,     0.4298      
# span 12 =   10.62545,   12.27578      
# span 13 =   3.354900,   3.905663      
# span 14 = -1.244e-03, 3.2581e+01      
# span 15 =    23.3531,    25.9305      
# span 16 =    23.3529,    25.9299      
# span 17 = -4.015e-04, 1.2163e+01      
# span 18 =      2.000,     53.000      
# span 19 =          1,          1      
# span 20 =         11,      13633      
# span 21 =    1477.18,    1502.53      
# span 22 = 1.5779e+01, 3.9653e+01      
# span 23 =  48922.181,  52476.966      
# span 24 =      0.435,    567.987      
# span 25 = 1621986981, 1621987549      
# span 26 =      -0.64,       1.02      
# span 27 =     -0.766,      0.842      
# span 28 =   40.70064,   40.70344      
# span 29 =  -71.78763,  -71.78338      
# span 30 = 0.0000e+00, 0.0000e+00      
# interval = decibars: 0.5              
# start_time = May 25 2021 23:56:21 [System UTC, first data scan.]
# bad_flag = -9.990e-29
*END*
[from data line 47]
     25.297     8.6691    32.6467  1025.4431     2.5211     6.6480     99.466   -0.01416    6.68359    6.68993      8.045     0.2441   12.03662   3.460586 7.6362e-01    25.3271    25.3267 2.5635e-01     25.500          1       2331    1482.50 3.3571e+01  51397.731     97.077 1621987078      -0.15      0.336   40.70116  -71.78690 0.0000e+00
     25.786     8.4629    32.6237  1025.4586     2.5033     6.5473     98.182   -0.01829    6.66854    6.67466      8.044     0.2265   12.01175   3.437219 6.8684e-01    25.3402    25.3398 2.3058e-01     26.000          1       2357    1481.71 3.3571e+01  51411.016     98.150 1621987079       0.28      0.308   40.70116  -71.78688 0.0000e+00
     26.300     8.2611    32.6088  1025.4794     2.4999     6.5653     98.381   -0.01440    6.67334    6.67954      8.044     0.2290   12.01972   3.418973 6.2649e-01    25.3585    25.3581 2.1032e-01     26.500          1       2370    1480.94 3.3571e+01  51435.413     98.695 1621987080       0.48      0.560   40.70117  -71.78688 0.0000e+00
     26.797     8.1834    32.5966  1025.4836     2.4988     6.5995     99.124   -0.00564    6.65795    6.66396      8.046     0.2414   11.99386   3.412026 5.7133e-01    25.3604    25.3600 1.9180e-01     27.000          1       2403    1480.63 3.3571e+01  51435.939    100.066 1621987081       0.11      0.544   40.70118  -71.78687 0.0000e+00
     27.274     8.1971    32.6043  1025.4899     2.5049     6.6513    100.427    0.00561    6.62305    6.62861      8.052     0.2587   11.93547   3.415850 5.3275e-01    25.3644    25.3640 1.7885e-01     27.500          1       2463    1480.70 3.3571e+01  51444.979    102.603 1621987084       0.44      0.143   40.70118  -71.78686 0.0000e+00
     27.777     8.2447    32.6147  1025.4933     2.5087     6.6796    100.776    0.00731    6.62812    6.63375      8.052     0.2694   11.94394   3.421236 4.7361e-01    25.3656    25.3652 1.5899e-01     28.000          1       2477    1480.90 3.3571e+01  51447.645    103.154 1621987084       0.57      0.471   40.70120  -71.78686 0.0000e+00
     28.289     8.4558    32.6787  1025.5142     2.5103     6.6708    100.748    0.00622    6.62122    6.62677      8.052     0.2678   11.93229   3.448694 4.1624e-01    25.3843    25.3839 1.3974e-01     28.500          1       2490    1481.79 3.3571e+01  51492.796    103.693 1621987085       0.41      0.744   40.70120  -71.78685 0.0000e+00
     28.783     8.5497    32.6967  1025.5165     2.5099     6.6587    100.339    0.00152    6.63622    6.64199      8.053     0.2526   11.95704   3.455931 3.6187e-01    25.3844    25.3840 1.2148e-01     29.000          1       2525    1482.17 3.3571e+01  51496.930    105.147 1621987086       0.08      0.556   40.70120  -71.78683 0.0000e+00
     29.267     8.4598    32.7027  1025.5370     2.5057     6.6235     99.707   -0.00323    6.64293    6.64880      8.053     0.2542   11.96820   3.447325 3.2949e-01    25.4027    25.4022 1.0946e-01     29.500          1       2572    1481.85 3.3237e+01  51525.995    107.107 1621987088       0.71      0.247   40.70122  -71.78682 0.0000e+00
     29.780     8.3986    32.7010  1025.5472     2.5048     6.6350     99.754   -0.00242    6.65138    6.65736      8.052     0.2658   11.98214   3.442112 2.9915e-01    25.4105    25.4100 9.1592e-02     30.000          1       2587    1481.63 3.0597e+01  51537.610    107.731 1621987089       0.47      0.643   40.70122  -71.78682 0.0000e+00
     30.256     8.3750    32.6974  1025.5501     2.4975     6.6220     99.324   -0.00358    6.66709    6.67330      8.049     0.2712   12.00812   3.439830 2.4327e-01    25.4111    25.4107 7.5281e-02     30.500          1       2638    1481.54 3.1306e+01  51538.006    109.861 1621987091      -0.17      0.225   40.70122  -71.78679 0.0000e+00
     30.755     8.2896    32.6975  1025.5653     2.4929     6.6135     99.097   -0.00373    6.67380    6.68010      8.049     0.2966   12.01928   3.431902 2.0415e-01    25.4240    25.4235 6.8687e-02     31.000          1       2666    1481.22 3.3625e+01  51557.957    111.053 1621987092       0.43      0.316   40.70124  -71.78678 0.0000e+00
     31.262     8.2539    32.6989  1025.5740     2.4911     6.6144     99.072   -0.00315    6.67639    6.68273      8.049     0.2730   12.02358   3.429249 1.6095e-01    25.4303    25.4298 5.4030e-02     31.500          1       2685    1481.10 3.3571e+01  51568.339    111.829 1621987093       0.19      0.581   40.70124  -71.78678 0.0000e+00
     31.750     8.2092    32.6950  1025.5798     2.4891     6.6176     99.098   -0.00186    6.67782    6.68418      8.049     0.2684   12.02598   3.424869 1.2033e-01    25.4339    25.4334 4.0375e-02     32.000          1       2718    1480.94 3.3552e+01  51573.479    113.194 1621987094      -0.22      0.444   40.70124  -71.78676 0.0000e+00
     32.247     8.1586    32.6904  1025.5860     2.4854     6.6349     98.964   -0.00190    6.70439    6.71112      8.040     0.3005   12.07011   3.420193 9.9563e-02    25.4377    25.4372 3.1570e-02     32.500          1       2758    1480.75 3.1698e+01  51578.929    114.858 1621987096      -0.02      0.307   40.70125  -71.78676 0.0000e+00
     32.733     8.1489    32.6878  1025.5875     2.4770     6.5886     98.222   -0.00545    6.70787    6.71465      8.031     0.3686   12.07590   3.419017 7.1911e-02    25.4370    25.4366 2.2717e-02     33.000          1       2794    1480.71 3.1592e+01  51577.795    116.378 1621987098       0.09      0.282   40.70126  -71.78674 0.0000e+00
     33.240     8.0471    32.6742  1025.5941     2.4720     6.5630     97.891   -0.00633    6.70438    6.71111      8.031     0.3774   12.06997   3.407253 3.8587e-02    25.4412    25.4407 1.2294e-02     33.500          1       2812    1480.32 3.1596e+01  51582.214    117.128 1621987098       0.30      0.460   40.70126  -71.78674 0.0000e+00
     33.740     7.9699    32.6699  1025.6043     2.4678     6.5399     97.781   -0.00518    6.68836    6.69490      8.034     0.3126   12.04310   3.401295 1.2923e-02    25.4490    25.4486 4.1464e-03     34.000          1       2838    1480.03 3.1596e+01  51594.747    118.213 1621987099      -0.08      0.527   40.70126  -71.78673 0.0000e+00
     34.220     7.9742    32.6787  1025.6129     2.4701     6.6005     98.610    0.00228    6.69354    6.70017      8.041     0.2720   12.05151   3.403704 -1.244e-03    25.4554    25.4549 -4.015e-04     34.500          1       2886    1480.07 3.1596e+01  51606.710    120.219 1621987102       0.01      0.129   40.70128  -71.78672 0.0000e+00
     34.730     8.0675    32.7117  1025.6275     2.4701     6.6131     98.604    0.00190    6.70675    6.71357      8.040     0.2952   12.07341   3.415505 3.0822e-12    25.4677    25.4672 1.0000e-12     35.000          1       2905    1480.47 3.2474e+01  51631.906    121.008 1621987102       0.33      0.404   40.70128  -71.78670 0.0000e+00
     35.225     8.1073    32.7254  1025.6347     2.4666     6.5913     98.113   -0.00167    6.71812    6.72510      8.040     0.2963   12.09224   3.419308 3.0233e-12    25.4727    25.4722 1.0000e-12     35.500          1       2930    1480.65 3.3099e+01  51642.447    122.043 1621987103      -0.05      0.539   40.70128  -71.78669 0.0000e+00
     35.719     8.0057    32.7222  1025.6493     2.4606     6.5634     97.563   -0.00455    6.72730    6.73442      8.036     0.2991   12.10743   3.409529 3.1669e-12    25.4850    25.4845 1.0000e-12     36.000          1       2961    1480.26 3.1576e+01  51662.142    123.329 1621987105      -0.06      0.399   40.70128  -71.78668 0.0000e+00
     36.215     7.8911    32.7167  1025.6640     2.4544     6.5489     97.285   -0.00442    6.73173    6.73891      8.034     0.3099   12.11474   3.398945 3.1650e-12    25.4972    25.4967 1.0000e-12     36.500          1       2995    1479.83 3.1596e+01  51681.772    124.747 1621987106      -0.05      0.368   40.70130  -71.78667 0.0000e+00
     36.707     7.8210    32.7153  1025.6752     2.4494     6.5431     97.115   -0.00376    6.73755    6.74481      8.031     0.3213   12.12436   3.392733 3.1650e-12    25.5061    25.5056 1.0000e-12     37.000          1       3028    1479.57 3.1596e+01  51696.817    126.110 1621987107       0.08      0.322   40.70130  -71.78666 0.0000e+00
     37.210     7.7924    32.7158  1025.6820     2.4456     6.5414     96.974   -0.00343    6.74554    6.75293      8.029     0.3336   12.13758   3.390488 3.1650e-12    25.5106    25.5101 1.0000e-12     37.500          1       3055    1479.47 3.1596e+01  51704.677    127.256 1621987108      -0.02      0.436   40.70130  -71.78666 0.0000e+00
     37.693     7.7577    32.7159  1025.6894     2.4383     6.5059     96.535   -0.00422    6.73944    6.74677      8.025     0.3598   12.12703   3.387441 3.1650e-12    25.5157    25.5152 1.0000e-12     38.000          1       3094    1479.35 3.1596e+01  51713.780    128.886 1621987110      -0.04      0.247   40.70132  -71.78663 0.0000e+00
     38.204     7.7073    32.7135  1025.6970     2.4342     6.4790     96.244   -0.00515    6.73184    6.73910      8.022     0.3619   12.11411   3.382551 3.1650e-12    25.5209    25.5204 1.0000e-12     38.500          1       3113    1479.16 3.1596e+01  51722.648    129.684 1621987111       0.29      0.435   40.70132  -71.78662 0.0000e+00
     38.693     7.6947    32.7275  1025.7121     2.4276     6.4493     95.963   -0.00457    6.72060    6.72772      8.020     0.3613   12.09518   3.383704 3.1650e-12    25.5338    25.5332 1.0000e-12     39.000          1       3149    1479.13 3.1596e+01  51746.085    131.147 1621987112      -0.20      0.413   40.70132  -71.78662 0.0000e+00
     39.187     7.7509    32.7760  1025.7444     2.4199     6.4179     95.496   -0.00547    6.72055    6.72767      8.021     0.3631   12.09510   3.393265 3.1650e-12    25.5639    25.5633 1.0000e-12     39.500          1       3179    1479.42 3.1596e+01  51801.822    132.423 1621987114       0.27      0.278   40.70134  -71.78660 0.0000e+00
     39.697     7.8007    32.7987  1025.7574     2.4141     6.3902     95.083   -0.00682    6.72067    6.72780      8.021     0.3522   12.09527   3.400272 3.1650e-12    25.5746    25.5740 1.0000e-12     40.000          1       3198    1479.64 3.1596e+01  51822.539    133.211 1621987114       0.23      0.543   40.70134  -71.78660 0.0000e+00
     40.171     7.8348    32.8156  1025.7680     2.4014     6.3749     94.770   -0.00379    6.72673    6.73395      8.017     0.3325   12.10522   3.404229 3.3169e-12    25.5830    25.5824 1.0000e-12     40.500          1       3270    1479.80 3.0174e+01  51838.547    136.224 1621987117       0.06      0.059   40.70134  -71.78658 0.0000e+00
     40.672     7.8175    32.8160  1025.7731     2.4006     6.3759     94.802   -0.00293    6.72545    6.73265      8.017     0.3118   12.10311   3.402846 3.1630e-12    25.5858    25.5852 1.0000e-12     41.000          1       3288    1479.75 3.1615e+01  51843.639    136.958 1621987118       0.49      0.351   40.70136  -71.78656 0.0000e+00
     41.184     7.8119    32.8175  1025.7774     2.4002     6.3841     94.885   -0.00194    6.72821    6.73545      8.017     0.2972   12.10770   3.402452 3.1650e-12    25.5878    25.5872 1.0000e-12     41.500          1       3301    1479.73 3.1596e+01  51847.526    137.506 1621987119       0.47      0.634   40.70136  -71.78656 0.0000e+00
     41.679     7.7875    32.8168  1025.7827     2.3994     6.4022     94.960   -0.00108    6.74198    6.74942      8.017     0.3097   12.13050   3.400025 3.1650e-12    25.5907    25.5902 1.0000e-12     42.000          1       3335    1479.65 3.1596e+01  51852.649    138.929 1621987120       0.13      0.553   40.70136  -71.78655 0.0000e+00
     42.162     7.7429    32.8136  1025.7888     2.3955     6.3902     94.644   -0.00259    6.75187    6.75947      8.016     0.2946   12.14686   3.395353 3.1650e-12    25.5946    25.5940 1.0000e-12     42.500          1       3383    1479.48 3.1596e+01  51859.469    140.937 1621987122       0.84      0.215   40.70136  -71.78654 0.0000e+00
     42.674     7.6915    32.8121  1025.7973     2.3945     6.3908     94.645   -0.00210    6.75245    6.76004      8.014     0.2838   12.14779   3.390511 3.1650e-12    25.6007    25.6001 1.0000e-12     43.000          1       3395    1479.29 3.1596e+01  51869.703    141.419 1621987123       0.84      0.619   40.70136  -71.78654 0.0000e+00
     43.174     7.6368    32.8134  1025.8084     2.3931     6.3850     94.628   -0.00156    6.74752    6.75507      8.013     0.3019   12.13941   3.386282 3.1650e-12    25.6094    25.6089 1.0000e-12     43.500          1       3421    1479.09 3.1596e+01  51885.708    142.480 1621987124       0.19      0.730   40.70138  -71.78652 0.0000e+00
     43.654     7.6413    32.8245  1025.8188     2.3906     6.4080     94.617   -0.00092    6.77262    6.78057      8.010     0.2955   12.18063   3.388953 3.1975e-12    25.6176    25.6170 1.0000e-12     44.000          1       3482    1479.13 3.1596e+01  51900.658    145.042 1621987126       0.52      0.183   40.70138  -71.78650 0.0000e+00
     44.157     7.7071    32.8473  1025.8296     2.3799     6.3752     93.648   -0.00605    6.80765    6.81618      7.987     0.3150   12.23789   3.396501 3.1662e-12    25.6262    25.6256 1.0000e-12     44.500          1       3503    1479.42 3.1596e+01  51917.404    145.922 1621987127       0.14      0.521   40.70139  -71.78650 0.0000e+00
     44.645     7.6003    32.8544  1025.8526     2.3257     6.0489     88.648   -0.02980    6.82350    6.83237      7.934     0.3993   12.26317   3.385822 3.1650e-12    25.6468    25.6462 1.0000e-12     45.000          1       3541    1479.03 3.1596e+01  51954.123    147.517 1621987129      -0.18      0.345   40.70140  -71.78648 0.0000e+00
     45.139     7.2570    32.8841  1025.9264     2.2573     5.6633     82.989   -0.05268    6.82408    6.83297      7.923     0.3697   12.26399   3.358658 3.7669e-12    25.7179    25.7173 1.0000e-12     45.500          1       3571    1477.75 2.6759e+01  52083.070    148.756 1621987130       0.21      0.324   40.70140  -71.78648 0.0000e+00
     45.642     7.1531    32.9510  1025.9956     2.2207     5.5380     81.147   -0.05294    6.82471    6.83362      7.920     0.3265   12.26500   3.355810 4.2033e-12    25.7848    25.7842 1.0000e-12     46.000          1       3590    1477.44 2.3805e+01  52206.690    149.547 1621987131       0.21      0.525   40.70140  -71.78648 0.0000e+00
     46.139     7.1182    32.9776  1026.0236     2.1823     5.5327     81.059   -0.03450    6.82559    6.83454      7.919     0.3324   12.26612   3.355571 3.5677e-12    25.8104    25.8099 1.0000e-12     46.500          1       3624    1477.35 2.8377e+01  52253.540    150.948 1621987132      -0.15      0.429   40.70141  -71.78646 0.0000e+00
     46.627     7.0978    33.0003  1026.0465     2.1423     5.5560     81.343   -0.01168    6.83037    6.83949      7.909     0.3000   12.27310   3.356279 3.1259e-12    25.8311    25.8305 1.0000e-12     47.000          1       3685    1477.31 3.1918e+01  52291.522    153.491 1621987135       0.09      0.136   40.70142  -71.78644 0.0000e+00
     47.127     7.0804    33.0368  1026.0800     2.1259     5.4884     80.344   -0.01358    6.83107    6.84021      7.901     0.2916   12.27417   3.358254 3.1743e-12    25.8622    25.8616 1.0000e-12     47.500          1       3712    1477.29 3.1596e+01  52348.730    154.640 1621987136       0.19      0.346   40.70143  -71.78644 0.0000e+00
     47.627     7.0509    33.0745  1026.1160     2.1049     5.3981     79.020   -0.01644    6.83137    6.84052      7.893     0.2041   12.27462   3.359125 3.2010e-12    25.8959    25.8953 1.0000e-12     48.000          1       3741    1477.23 3.1596e+01  52410.692    155.852 1621987137      -0.05      0.433   40.70144  -71.78643 0.0000e+00
