CalculateIndicators/WaterTemperature/Data/CTD_NYOS/20210523_C18B.cnv
* Sea-Bird SBE 9 Data File:
* FileName = C:\Seabird 9 CTD\Data\2021\202105_offshore\20210523_C18B.hex
* Software Version Seasave V 7.23.2
* Temperature SN = 4590
* Conductivity SN = 3228
* Number of Bytes Per Scan = 44
* Number of Voltage Words = 5
* Number of Scans Averaged by the Deck Unit = 1
* NMEA Latitude = 39 01.18 N
* NMEA Longitude = 072 33.21 W
* NMEA UTC (Time) = May 23 2021  15:34:04
* NMEA baud rate = 4800
** Ship: seawolf
** Station: 5.6B
** Operator: sjw
# nquan = 31
# nvalues = 1188                        
# units = specified
# name 0 = depSM: Depth [salt water, m]
# name 1 = t090C: Temperature [ITS-90, deg C]
# name 2 = sal00: Salinity, Practical [PSU]
# name 3 = density00: Density [density, kg/m^3]
# name 4 = sbeox0V: Oxygen raw, SBE 43 [V]
# name 5 = sbeox0ML/L: Oxygen, SBE 43 [ml/l]
# name 6 = sbeox0PS: Oxygen, SBE 43 [% saturation]
# name 7 = sbox0dV/dT: Oxygen, SBE 43 [dov/dt]
# name 8 = oxsolML/L: Oxygen Saturation, Garcia & Gordon [ml/l]
# name 9 = oxsatML/L: Oxygen Saturation, Weiss [ml/l]
# name 10 = ph: pH
# name 11 = flECO-AFL: Fluorescence, WET Labs ECO-AFL/FL [mg/m^3]
# name 12 = n2satML/L: Nitrogen Saturation [ml/l]
# name 13 = c0S/m: Conductivity [S/m]
# name 14 = cpar: CPAR/Corrected Irradiance [%]
# name 15 = sigma-é00: Density [sigma-theta, kg/m^3]
# name 16 = sigma-t00: Density [sigma-t, kg/m^3 ]
# name 17 = par: PAR/Irradiance, Biospherical/Licor
# name 18 = prDM: Pressure, Digiquartz [db]
# name 19 = pumps: Pump Status
# name 20 = scan: Scan Count
# name 21 = svCM: Sound Velocity [Chen-Millero, m/s]
# name 22 = spar: SPAR, Biospherical/Licor
# name 23 = specc: Specific Conductance [uS/cm]
# name 24 = timeS: Time, Elapsed [seconds]
# name 25 = timeY: Time, System [seconds]
# name 26 = accM: Acceleration [m/s^2]
# name 27 = dz/dtM: Descent Rate [m/s]
# name 28 = latitude: Latitude [deg]
# name 29 = longitude: Longitude [deg]
# name 30 = flag: flag
# span 0 =      1.979,    300.490       
# span 1 =     8.1007,    15.0282       
# span 2 =    33.4665,    35.7075       
# span 3 =  1024.7935,  1028.7657       
# span 4 =     1.4804,     2.8585       
# span 5 =     3.1847,     6.8145       
# span 6 =     50.325,    118.637       
# span 7 =   -0.11807,    0.07559       
# span 8 =    5.74281,    6.57760       
# span 9 =    5.73777,    6.58519       
# span 10 =      7.828,      8.150      
# span 11 =    -0.0925,     0.8799      
# span 12 =   10.46859,   11.83050      
# span 13 =   3.659635,   4.213727      
# span 14 = 4.3841e-14, 2.2204e+02      
# span 15 =    24.7847,    27.3926      
# span 16 =    24.7846,    27.3879      
# span 17 = 1.0000e-12, 5.0281e+03      
# span 18 =      2.000,    303.000      
# span 19 =          1,          1      
# span 20 =        142,      54150      
# span 21 =    1488.03,    1505.10      
# span 22 = 2.1726e+03, 2.2810e+03      
# span 23 =  51532.837,  55276.974      
# span 24 =      5.879,   2256.226      
# span 25 = 1621784048, 1621786299      
# span 26 =      -0.65,       0.63      
# span 27 =     -0.981,      0.899      
# span 28 =   39.01761,   39.01980      
# span 29 =  -72.55511,  -72.55349      
# span 30 = 0.0000e+00, 0.0000e+00      
# interval = decibars: 0.5              
# start_time = May 23 2021 15:34:03 [System UTC, first data scan.]
# bad_flag = -9.990e-29
*END*
[from data line 889]
    158.229    13.3836    35.6219  1027.5068     1.9854     4.3777     74.684   -0.00029    5.86170    5.85943      8.019    -0.0574   10.64226   4.206505 4.3900e-14    26.8012    26.7966 1.0000e-12    159.500          1      40239    1504.84 2.2779e+03  54791.463   1676.588 1621785719       0.00     -0.437   39.01814  -72.55468 0.0000e+00
    157.741    13.3749    35.6165  1027.5023     1.9855     4.3784     74.684   -0.00021    5.86254    5.86028      8.019    -0.0768   10.64372   4.205016 4.3891e-14    26.7989    26.7943 1.0000e-12    159.000          1      40273    1504.79 2.2783e+03  54785.103   1678.012 1621785721       0.06     -0.348   39.01814  -72.55468 0.0000e+00
    157.245    13.3691    35.6119  1027.4977     1.9863     4.3832     74.765    0.00042    5.86259    5.86033      8.019    -0.0658   10.64380   4.203718 4.3846e-14    26.7964    26.7919 1.0000e-12    158.500          1      40294    1504.76 2.2807e+03  54779.270   1678.887 1621785721      -0.22     -0.416   39.01814  -72.55469 0.0000e+00
    156.742    13.3574    35.6044  1027.4921     1.9864     4.3853     74.795    0.00074    5.86304    5.86079      8.019    -0.0736   10.64458   4.201857 4.3866e-14    26.7930    26.7885 1.0000e-12    158.000          1      40310    1504.70 2.2796e+03  54770.217   1679.523 1621785722      -0.30     -0.601   39.01814  -72.55470 0.0000e+00
    156.243    13.3557    35.6016  1027.4881     1.9858     4.3806     74.712    0.00003    5.86340    5.86115      8.020    -0.0775   10.64518   4.201454 4.3903e-14    26.7912    26.7867 1.0000e-12    157.500          1      40325    1504.69 2.2777e+03  54766.463   1680.186 1621785723      -0.12     -0.746   39.01814  -72.55468 0.0000e+00
    155.745    13.3535    35.5988  1027.4841     1.9862     4.3813     74.713   -0.00016    5.86415    5.86190 -9.990e-29    -0.0669   10.64644   4.200955 4.3940e-14    26.7894    26.7849 1.0000e-12    157.000          1      40345    1504.67 2.2759e+03  54762.496   1681.006 1621785724       0.13     -0.718   39.01814  -72.55468 0.0000e+00
    155.256    13.3497    35.5965  1027.4810     1.9863     4.3832     74.734    0.00012    5.86513    5.86289 -9.990e-29    -0.0718   10.64814   4.200243 4.3918e-14    26.7885    26.7840 1.0000e-12    156.500          1      40384    1504.64 2.2770e+03  54759.708   1682.625 1621785725       0.20     -0.363   39.01814  -72.55468 0.0000e+00
    154.765    13.3410    35.5920  1027.4771     1.9871     4.3870     74.787    0.00041    5.86595    5.86372 -9.990e-29    -0.0655   10.64953   4.198927 4.3841e-14    26.7867    26.7822 1.0000e-12    156.000          1      40424    1504.60 2.2810e+03  54754.412   1684.298 1621785727      -0.16     -0.261   39.01814  -72.55468 0.0000e+00
    154.265    13.3399    35.5894  1027.4731     1.9875     4.3895     74.827    0.00068    5.86619    5.86397 -9.990e-29    -0.0666   10.64995   4.198474 4.3871e-14    26.7849    26.7804 1.0000e-12    155.500          1      40446    1504.58 2.2794e+03  54750.719   1685.193 1621785728      -0.20     -0.450   39.01814  -72.55470 0.0000e+00
    153.766    13.3318    35.5844  1027.4686     1.9884     4.3916     74.861    0.00063    5.86628    5.86405 -9.990e-29    -0.0791   10.65011   4.197137 4.3887e-14    26.7827    26.7783 1.0000e-12    155.000          1      40466    1504.55 2.2785e+03  54744.669   1686.060 1621785729      -0.06     -0.567   39.01814  -72.55470 0.0000e+00
    153.271    13.3298    35.5839  1027.4664     1.9890     4.3942     74.899    0.00080    5.86684    5.86462 -9.990e-29    -0.0666   10.65106   4.196905 4.3882e-14    26.7827    26.7783 1.0000e-12    154.500          1      40493    1504.53 2.2788e+03  54744.015   1687.182 1621785730       0.12     -0.508   39.01814  -72.55470 0.0000e+00
    152.783    13.3281    35.5820  1027.4632     1.9887     4.3897     74.818   -0.00004    5.86714    5.86492      8.021    -0.0622   10.65158   4.196539 4.3874e-14    26.7816    26.7772 1.0000e-12    154.000          1      40523    1504.51 2.2792e+03  54741.396   1688.416 1621785731       0.01     -0.381   39.01814  -72.55470 0.0000e+00
    152.284    13.3276    35.5802  1027.4596     1.9891     4.3910     74.828   -0.00013    5.86812    5.86592      8.019    -0.0524   10.65323   4.196256 4.3914e-14    26.7803    26.7758 1.0000e-12    153.500          1      40542    1504.50 2.2772e+03  54738.652   1689.214 1621785732      -0.21     -0.479   39.01812  -72.55470 0.0000e+00
    151.780    13.3250    35.5792  1027.4571     1.9896     4.3949     74.889    0.00034    5.86854    5.86634      8.020    -0.0647   10.65393   4.195841 4.3944e-14    26.7800    26.7756 1.0000e-12    153.000          1      40559    1504.48 2.2756e+03  54737.345   1689.906 1621785733      -0.19     -0.635   39.01812  -72.55470 0.0000e+00
    151.283    13.3220    35.5776  1027.4543     1.9900     4.3971     74.926    0.00060    5.86854    5.86633      8.020    -0.0660   10.65393   4.195378 4.3926e-14    26.7794    26.7750 1.0000e-12    152.500          1      40585    1504.46 2.2766e+03  54735.261   1690.989 1621785734       0.17     -0.582   39.01812  -72.55470 0.0000e+00
    150.796    13.3112    35.5732  1027.4509     1.9897     4.3923     74.841   -0.00020    5.86886    5.86666      8.021    -0.0754   10.65448   4.193841 4.3899e-14    26.7782    26.7738 1.0000e-12    152.000          1      40637    1504.41 2.2779e+03  54730.547   1693.146 1621785736       0.04     -0.196   39.01812  -72.55470 0.0000e+00
    150.301    13.3124    35.5727  1027.4480     1.9891     4.3927     74.794   -0.00044    5.87307    5.87091      8.020    -0.0722   10.66159   4.193924 4.3976e-14    26.7775    26.7731 1.0000e-12    151.500          1      40675    1504.41 2.2740e+03  54729.267   1694.757 1621785737      -0.10     -0.292   39.01812  -72.55470 0.0000e+00
    149.802    13.3133    35.5724  1027.4454     1.9891     4.3946     74.813   -0.00015    5.87412    5.87198      8.020    -0.0658   10.66335   4.193966 4.3965e-14    26.7771    26.7728 1.0000e-12    151.000          1      40700    1504.40 2.2745e+03  54728.537   1695.788 1621785738      -0.13     -0.425   39.01812  -72.55470 0.0000e+00
    149.304    13.2987    35.5660  1027.4413     1.9889     4.3951     74.802   -0.00011    5.87566    5.87354      8.019    -0.0658   10.66596   4.191432 4.3883e-14    26.7751    26.7708 1.0000e-12    150.500          1      40724    1504.34 2.2787e+03  54721.590   1696.804 1621785739      -0.01     -0.498   39.01812  -72.55470 0.0000e+00
    148.807    13.2761    35.5583  1027.4378     1.9884     4.3927     74.764   -0.00030    5.87546    5.87333      8.017    -0.0658   10.66561   4.188591 4.3910e-14    26.7738    26.7695 1.0000e-12    150.000          1      40757    1504.25 2.2774e+03  54713.849   1698.186 1621785741       0.11     -0.406   39.01812  -72.55470 0.0000e+00
    148.314    13.2599    35.5530  1027.4348     1.9883     4.3934     74.764   -0.00009    5.87634    5.87422      8.017    -0.0656   10.66712   4.186499 4.3966e-14    26.7729    26.7686 1.0000e-12    149.500          1      40813    1504.18 2.2745e+03  54708.532   1700.491 1621785743       0.04     -0.209   39.01812  -72.55472 0.0000e+00
    147.822    13.2579    35.5491  1027.4300     1.9886     4.3968     74.796    0.00021    5.87837    5.87627 -9.990e-29    -0.0661   10.67056   4.185885 4.3881e-14    26.7703    26.7661 1.0000e-12    149.000          1      40867    1504.16 2.2789e+03  54703.227   1702.770 1621785745      -0.08     -0.211   39.01812  -72.55472 0.0000e+00
    147.325    13.2511    35.5465  1027.4272     1.9882     4.3949     74.744   -0.00006    5.88000    5.87792 -9.990e-29    -0.0570   10.67336   4.184875 4.3882e-14    26.7697    26.7654 1.0000e-12    148.500          1      40896    1504.13 2.2788e+03  54700.381   1703.953 1621785747      -0.14     -0.361   39.01812  -72.55472 0.0000e+00
    146.831    13.2477    35.5438  1027.4235     1.9881     4.3934     74.710   -0.00039    5.88065    5.87857 -9.990e-29    -0.0602   10.67447   4.184267 4.3882e-14    26.7682    26.7640 1.0000e-12    148.000          1      40917    1504.10 2.2788e+03  54696.696   1704.843 1621785747      -0.14     -0.483   39.01812  -72.55472 0.0000e+00
    146.335    13.2426    35.5420  1027.4210     1.9875     4.3920     74.683   -0.00032    5.88083    5.87875 -9.990e-29    -0.0659   10.67480   4.183395 4.3877e-14    26.7679    26.7637 1.0000e-12    147.500          1      40934    1504.08 2.2791e+03  54694.896   1705.554 1621785748      -0.17     -0.590   39.01812  -72.55472 0.0000e+00
    145.835    13.2327    35.5376  1027.4174     1.9876     4.3921     74.680   -0.00045    5.88128    5.87920 -9.990e-29    -0.0658   10.67557   4.181983 4.3844e-14    26.7665    26.7623 1.0000e-12    147.000          1      40949    1504.03 2.2808e+03  54689.864   1706.163 1621785749      -0.18     -0.699   39.01812  -72.55472 0.0000e+00
    145.334    13.2285    35.5326  1027.4121     1.9879     4.3947     74.721   -0.00010    5.88145    5.87937 -9.990e-29    -0.0658   10.67586   4.181124 4.3844e-14    26.7634    26.7593 1.0000e-12    146.500          1      40964    1504.00 2.2808e+03  54683.238   1706.775 1621785749      -0.10     -0.792   39.01812  -72.55472 0.0000e+00
    144.835    13.2259    35.5292  1027.4078     1.9885     4.3995     74.803    0.00054    5.88150    5.87943 -9.990e-29    -0.0699   10.67595   4.180440 4.3873e-14    26.7613    26.7572 1.0000e-12    146.000          1      40983    1503.98 2.2793e+03  54678.686   1707.583 1621785750       0.15     -0.761   39.01812  -72.55472 0.0000e+00
    144.348    13.2205    35.5223  1027.4014     1.9902     4.4027     74.855    0.00027    5.88158    5.87951      8.018    -0.0647   10.67610   4.179230 4.3920e-14    26.7571    26.7529 1.0000e-12    145.500          1      41052    1503.95 2.2769e+03  54669.677   1710.462 1621785753       0.08     -0.192   39.01810  -72.55472 0.0000e+00
    143.855    13.2189    35.5211  1027.3986     1.9911     4.4030     74.876    0.00017    5.88040    5.87831      8.019    -0.0519   10.67417   4.178979 4.3878e-14    26.7565    26.7523 1.0000e-12    145.000          1      41111    1503.93 2.2789e+03  54668.029   1712.927 1621785756      -0.18     -0.283   39.01810  -72.55472 0.0000e+00
    143.361    13.2187    35.5206  1027.3960     1.9920     4.4073     74.960    0.00081    5.87954    5.87744      8.017    -0.0524   10.67273   4.178879 4.3882e-14    26.7561    26.7520 1.0000e-12    144.500          1      41133    1503.92 2.2788e+03  54667.025   1713.814 1621785756      -0.18     -0.431   39.01810  -72.55472 0.0000e+00
    142.860    13.2175    35.5200  1027.3936     1.9932     4.4121     75.040    0.00110    5.87970    5.87760 -9.990e-29 -9.990e-29   10.67300   4.178665 4.3882e-14    26.7559    26.7518 1.0000e-12    144.000          1      41149    1503.91 2.2788e+03  54666.096   1714.489 1621785757      -0.25     -0.581   39.01810  -72.55472 0.0000e+00
    142.360    13.2209    35.5184  1027.3894     1.9937     4.4129     75.088    0.00140    5.87706    5.87492 -9.990e-29 -9.990e-29   10.66863   4.178897 4.3882e-14    26.7539    26.7498 1.0000e-12    143.500          1      41165    1503.91 2.2788e+03  54663.136   1715.162 1621785758      -0.13     -0.717   39.01810  -72.55472 0.0000e+00
    141.865    13.2307    35.5178  1027.3847     1.9945     4.4117     75.098    0.00107    5.87463    5.87247 -9.990e-29 -9.990e-29   10.66459   4.179856 4.3880e-14    26.7515    26.7474 1.0000e-12    143.000          1      41184    1503.93 2.2788e+03  54660.589   1715.954 1621785759       0.09     -0.716   39.01810  -72.55472 0.0000e+00
    141.368    13.2357    35.5192  1027.3825     1.9965     4.4185     75.211    0.00134    5.87480    5.87264 -9.990e-29 -9.990e-29   10.66486   4.180374 4.3872e-14    26.7515    26.7474 1.0000e-12    142.500          1      41208    1503.95 2.2791e+03  54661.484   1716.944 1621785760       0.14     -0.580   39.01810  -72.55472 0.0000e+00
    140.877    13.2658    35.5193  1027.3741     1.9988     4.4260     75.341    0.00162    5.87467    5.87251      8.021    -0.0780   10.66461   4.183565 4.3959e-14    26.7454    26.7413 1.0000e-12    142.000          1      41248    1504.04 2.2749e+03  54656.869   1718.624 1621785761       0.14     -0.320   39.01810  -72.55472 0.0000e+00
    140.385    13.2742    35.5231  1027.3731     2.0001     4.4254     75.335    0.00070    5.87423    5.87207      8.021    -0.0711   10.66387   4.184699 4.3962e-14    26.7467    26.7426 1.0000e-12    141.500          1      41284    1504.06 2.2747e+03  54660.781   1720.120 1621785763      -0.17     -0.286   39.01810  -72.55472 0.0000e+00
    139.880    13.2788    35.5244  1027.3709     2.0011     4.4294     75.411    0.00111    5.87363    5.87146      8.021    -0.0590   10.66291   4.185170 4.3913e-14    26.7466    26.7426 1.0000e-12    141.000          1      41305    1504.07 2.2773e+03  54661.525   1720.981 1621785764      -0.19     -0.481   39.01810  -72.55472 0.0000e+00
    139.389    13.2793    35.5245  1027.3687     2.0025     4.4319     75.461    0.00102    5.87307    5.87089      8.021    -0.0612   10.66195   4.185172 4.3927e-14    26.7466    26.7426 1.0000e-12    140.500          1      41352    1504.06 2.2765e+03  54661.298   1722.975 1621785766       0.10     -0.275   39.01810  -72.55473 0.0000e+00
    138.897    13.2853    35.5258  1027.3662     2.0045     4.4373     75.555    0.00106    5.87290    5.87072      8.021    -0.0553   10.66167   4.185993 4.3913e-14    26.7464    26.7424 1.0000e-12    140.000          1      41396    1504.08 2.2773e+03  54661.976   1724.805 1621785767      -0.29     -0.255   39.01810  -72.55474 0.0000e+00
    138.398    13.2881    35.5262  1027.3637     2.0043     4.4337     75.495    0.00046    5.87288    5.87070      8.021    -0.0658   10.66164   4.186205 4.3925e-14    26.7461    26.7421 1.0000e-12    139.500          1      41416    1504.08 2.2766e+03  54661.889   1725.629 1621785768      -0.23     -0.490   39.01810  -72.55474 0.0000e+00
    137.901    13.2885    35.5261  1027.3613     2.0040     4.4338     75.464    0.00001    5.87541    5.87325      8.021    -0.0658   10.66590   4.186226 4.3957e-14    26.7460    26.7420 1.0000e-12    139.000          1      41435    1504.07 2.2749e+03  54661.295   1726.402 1621785769      -0.09     -0.609   39.01810  -72.55474 0.0000e+00
    137.400    13.2890    35.5267  1027.3594     2.0037     4.4364     75.442   -0.00014    5.88052    5.87842 -9.990e-29    -0.0577   10.67442   4.186294 4.3972e-14    26.7463    26.7423 1.0000e-12    138.500          1      41454    1504.06 2.2741e+03  54661.733   1727.193 1621785770      -0.01     -0.645   39.01810  -72.55472 0.0000e+00
    136.906    13.2888    35.5267  1027.3573     2.0037     4.4367     75.407   -0.00035    5.88374    5.88168 -9.990e-29    -0.0614   10.67985   4.186209 4.3948e-14    26.7463    26.7424 1.0000e-12    138.000          1      41482    1504.05 2.2754e+03  54661.495   1728.377 1621785771       0.18     -0.514   39.01809  -72.55472 0.0000e+00
    136.416    13.2342    35.5141  1027.3566     2.0037     4.4390     75.414   -0.00008    5.88623    5.88420 -9.990e-29    -0.0586   10.68415   4.178986 4.3896e-14    26.7477    26.7437 1.0000e-12    137.500          1      41525    1503.85 2.2781e+03  54651.659   1730.158 1621785773       0.03     -0.264   39.01808  -72.55472 0.0000e+00
    135.921    13.2071    35.5004  1027.3494     2.0033     4.4384     75.399   -0.00003    5.88658    5.88454 -9.990e-29    -0.0659   10.68474   4.174935 4.3920e-14    26.7426    26.7387 1.0000e-12    137.000          1      41556    1503.74 2.2769e+03  54636.260   1731.452 1621785774      -0.13     -0.340   39.01808  -72.55472 0.0000e+00
