CalculateIndicators/WaterTemperature/Data/CTD_NYOS/20210525_C32.cnv
* Sea-Bird SBE 9 Data File:
* FileName = C:\Seabird 9 CTD\Data\2021\202105_offshore\20210525_C32.hex
* Software Version Seasave V 7.23.2
* Temperature SN = 4590
* Conductivity SN = 3228
* Number of Bytes Per Scan = 44
* Number of Voltage Words = 5
* Number of Scans Averaged by the Deck Unit = 1
* NMEA Latitude = 40 16.50 N
* NMEA Longitude = 071 58.34 W
* NMEA UTC (Time) = May 25 2021  12:22:50
* NMEA baud rate = 4800
** Ship: seawolf
** Station: 2.3
** Operator: eih
# nquan = 31
# nvalues = 239                         
# units = specified
# name 0 = depSM: Depth [salt water, m]
# name 1 = t090C: Temperature [ITS-90, deg C]
# name 2 = sal00: Salinity, Practical [PSU]
# name 3 = density00: Density [density, kg/m^3]
# name 4 = sbeox0V: Oxygen raw, SBE 43 [V]
# name 5 = sbeox0ML/L: Oxygen, SBE 43 [ml/l]
# name 6 = sbeox0PS: Oxygen, SBE 43 [% saturation]
# name 7 = sbox0dV/dT: Oxygen, SBE 43 [dov/dt]
# name 8 = oxsolML/L: Oxygen Saturation, Garcia & Gordon [ml/l]
# name 9 = oxsatML/L: Oxygen Saturation, Weiss [ml/l]
# name 10 = ph: pH
# name 11 = flECO-AFL: Fluorescence, WET Labs ECO-AFL/FL [mg/m^3]
# name 12 = n2satML/L: Nitrogen Saturation [ml/l]
# name 13 = c0S/m: Conductivity [S/m]
# name 14 = cpar: CPAR/Corrected Irradiance [%]
# name 15 = sigma-é00: Density [sigma-theta, kg/m^3]
# name 16 = sigma-t00: Density [sigma-t, kg/m^3 ]
# name 17 = par: PAR/Irradiance, Biospherical/Licor
# name 18 = prDM: Pressure, Digiquartz [db]
# name 19 = pumps: Pump Status
# name 20 = scan: Scan Count
# name 21 = svCM: Sound Velocity [Chen-Millero, m/s]
# name 22 = spar: SPAR, Biospherical/Licor
# name 23 = specc: Specific Conductance [uS/cm]
# name 24 = timeS: Time, Elapsed [seconds]
# name 25 = timeY: Time, System [seconds]
# name 26 = accM: Acceleration [m/s^2]
# name 27 = dz/dtM: Descent Rate [m/s]
# name 28 = latitude: Latitude [deg]
# name 29 = longitude: Longitude [deg]
# name 30 = flag: flag
# span 0 =      1.967,     61.037       
# span 1 =     7.6877,    13.9529       
# span 2 =    32.5272,    33.4879       
# span 3 =  1024.3093,  1026.3909       
# span 4 =     1.9527,     2.6479       
# span 5 =     4.8830,     6.8491       
# span 6 =     72.984,    106.382       
# span 7 =   -0.03863,    0.03134       
# span 8 =    5.90232,    6.72116       
# span 9 =    5.89851,    6.72880       
# span 10 =      7.865,      8.111      
# span 11 =    -0.0192,     0.7947      
# span 12 =   10.74340,   12.09060      
# span 13 =   3.412667,   3.925344      
# span 14 = 3.1395e-02, 1.2142e+02      
# span 15 =    24.3005,    26.1105      
# span 16 =    24.3004,    26.1096      
# span 17 = 6.3987e-01, 7.8223e+02      
# span 18 =      2.000,     61.500      
# span 19 =          1,          1      
# span 20 =         31,      17658      
# span 21 =    1479.88,    1500.51      
# span 22 = 4.7779e+02, 2.2618e+03      
# span 23 =  50369.634,  52806.392      
# span 24 =      1.229,    735.705      
# span 25 = 1621945368, 1621946102      
# span 26 =      -0.73,       0.78      
# span 27 =     -1.095,      0.980      
# span 28 =   40.27456,   40.27506      
# span 29 =  -71.97243,  -71.97002      
# span 30 = 0.0000e+00, 0.0000e+00      
# interval = decibars: 0.5              
# start_time = May 25 2021 12:22:46 [System UTC, first data scan.]
# bad_flag = -9.990e-29
*END*
[from data line 188]
     26.788     8.9709    32.8192  1025.5384     2.5880     6.7971    103.962    0.00122    6.53813    6.54262      8.064     0.2638   11.79339   3.505544 3.0365e+00    25.4157    25.4153 4.7279e+01     27.000          1      12190    1483.86 1.7708e+03  51578.019    507.868 1621945874      -0.04     -0.258   40.27473  -71.97080 0.0000e+00
     26.305     9.0425    32.8140  1025.5209     2.5915     6.7865    104.125    0.00158    6.51762    6.52182      8.068     0.2634   11.75952   3.511176 7.6122e+00    25.4005    25.4001 4.9926e+01     26.500          1      12251    1484.11 6.0023e+02  51555.273    510.422 1621945877      -0.02     -0.136   40.27474  -71.97078 0.0000e+00
     25.799     9.0637    32.8202  1025.5201     2.5942     6.8157    104.336    0.00212    6.53245    6.53687      8.069     0.2430   11.78396   3.513727 1.0677e+01    25.4020    25.4016 5.3892e+01     26.000          1      12269    1484.18 5.0395e+02  51559.446    511.152 1621945877      -0.36     -0.383   40.27474  -71.97078 0.0000e+00
     25.291     9.1310    32.8191  1025.5063     2.5958     6.8149    104.378    0.00175    6.52908    6.53345      8.069     0.2368   11.77837   3.519721 9.9753e+00    25.3906    25.3901 5.6230e+01     25.500          1      12352    1484.42 6.5618e+02  51543.394    514.617 1621945881      -0.04     -0.553   40.27473  -71.97077 0.0000e+00
     24.801     9.2332    32.8192  1025.4880     2.6031     6.8015    104.652    0.00168    6.49919    6.50313      8.074     0.2099   11.72912   3.528041 3.7870e+00    25.3745    25.3741 6.0869e+01     25.000          1      13801    1484.79 1.7935e+03  51521.840    574.983 1621945941      -0.10     -0.459   40.27468  -71.97058 0.0000e+00
     24.310     9.2786    32.8133  1025.4738     2.6052     6.7939    104.697    0.00132    6.48911    6.49290      8.075     0.2163   11.71249   3.531627 3.2989e+00    25.3626    25.3622 6.3406e+01     24.500          1      13973    1484.94 1.9698e+03  51504.003    582.167 1621945948       0.09     -0.438   40.27468  -71.97056 0.0000e+00
     23.813     9.3319    32.8089  1025.4595     2.6074     6.7968    104.821    0.00156    6.48418    6.48790      8.077     0.2173   11.70431   3.536061 1.2470e+01    25.3507    25.3503 6.8267e+01     24.000          1      14002    1485.13 5.7965e+02  51486.297    583.395 1621945950       0.00     -0.382   40.27468  -71.97056 0.0000e+00
     23.320     9.4113    32.8040  1025.4408     2.6142     6.8087    105.226    0.00282    6.47052    6.47406      8.078     0.1918   11.68175   3.542699 3.3432e+00    25.3342    25.3338 7.3570e+01     23.500          1      14056    1485.40 2.0497e+03  51463.228    585.641 1621945952       0.07     -0.214   40.27468  -71.97056 0.0000e+00
     22.830     9.4650    32.8082  1025.4332     2.6190     6.8099    105.406    0.00246    6.46068    6.46407      8.081     0.1827   11.66550   3.547989 1.2373e+01    25.3289    25.3285 7.7951e+01     23.000          1      14102    1485.60 7.1176e+02  51458.010    587.521 1621945954      -0.34     -0.223   40.27468  -71.97056 0.0000e+00
     22.320     9.5133    32.8000  1025.4166     2.6202     6.8064    105.451    0.00245    6.45453    6.45784      8.080     0.1847   11.65534   3.551752 1.5376e+01    25.3147    25.3143 7.8698e+01     22.500          1      14117    1485.75 5.1443e+02  51436.416    588.175 1621945954      -0.36     -0.514   40.27468  -71.97054 0.0000e+00
     21.826     9.5694    32.8019  1025.4067     2.6222     6.7875    105.438    0.00165    6.43736    6.44043      8.080     0.1800   11.62703   3.556712 6.5553e+00    25.3071    25.3067 8.2407e+01     22.000          1      14145    1485.95 1.6476e+03  51427.643    589.318 1621945956       0.15     -0.540   40.27468  -71.97054 0.0000e+00
     21.340     9.6169    32.7994  1025.3948     2.6285     6.7964    105.931    0.00426    6.41591    6.41869      8.080     0.1770   11.59149   3.560880 8.1253e+00    25.2974    25.2970 8.9338e+01     21.500          1      14182    1486.12 1.4683e+03  51414.504    590.893 1621945957      -0.04     -0.256   40.27468  -71.97054 0.0000e+00
     20.836     9.7201    32.7954  1025.3725     2.6324     6.8048    106.108    0.00415    6.41310    6.41584      8.080     0.1876   11.58681   3.570097 1.8380e+01    25.2774    25.2770 9.5463e+01     21.000          1      14204    1486.48 5.3008e+02  51388.549    591.777 1621945958      -0.23     -0.441   40.27468  -71.97053 0.0000e+00
     20.339     9.8456    32.7925  1025.3473     2.6341     6.7898    105.999    0.00217    6.40551    6.40814      8.080     0.1620   11.57431   3.580926 7.6093e+00    25.2545    25.2542 9.8299e+01     20.500          1      14245    1486.92 1.6676e+03  51359.168    593.486 1621945960       0.01     -0.355   40.27468  -71.97052 0.0000e+00
     19.849     9.9627    32.7957  1025.3281     2.6350     6.7440    105.822    0.00043    6.37301    6.37519      8.079     0.1462   11.52078   3.591270 1.3390e+01    25.2377    25.2373 1.0349e+02     20.000          1      14309    1487.34 1.0871e+03  51341.464    596.158 1621945962      -0.27     -0.180   40.27468  -71.97052 0.0000e+00
     19.352     9.9739    32.7930  1025.3219     2.6386     6.7443    106.139    0.00249    6.35426    6.35618      8.078     0.1491   11.48981   3.592110 2.2239e+01    25.2337    25.2333 1.1382e+02     19.500          1      14331    1487.37 5.1107e+02  51335.378    597.085 1621945963      -0.18     -0.431   40.27468  -71.97052 0.0000e+00
     18.853    10.0467    32.7868  1025.3026     2.6411     6.7393    106.324    0.00357    6.33844    6.34016      8.077     0.1805   11.46357   3.598630 1.1230e+01    25.2167    25.2163 1.1688e+02     19.000          1      14351    1487.62 1.3195e+03  51312.438    597.898 1621945964      -0.12     -0.551   40.27468  -71.97052 0.0000e+00
     18.351    10.1647    32.7798  1025.2750     2.6435     6.7320    106.382    0.00310    6.32815    6.32972      8.076     0.1897   11.44667   3.608739 6.1478e+00    25.1914    25.1911 1.2118e+02     18.500          1      14370    1488.03 2.0065e+03  51280.893    598.723 1621945965      -0.03     -0.616   40.27467  -71.97052 0.0000e+00
     17.860    10.4394    32.7626  1025.2126     2.6455     6.7030    106.289    0.00130    6.30637    6.30765      8.074     0.1627   11.41055   3.631978 6.6831e+00    25.1314    25.1311 1.3697e+02     18.000          1      14415    1488.98 2.0494e+03  51205.424    600.589 1621945967       0.17     -0.307   40.27466  -71.97050 0.0000e+00
     17.365    10.6689    32.7660  1025.1734     2.6471     6.6734    106.269    0.00075    6.27971    6.28064      8.071 -9.990e-29   11.36649   3.652863 1.0862e+01    25.0945    25.0942 1.4144e+02     17.500          1      14472    1489.80 1.6823e+03  51169.496    602.963 1621945969      -0.05     -0.225   40.27466  -71.97050 0.0000e+00
     16.872    10.8050    32.7576  1025.1409     2.6479     6.6568    106.247    0.00035    6.26536    6.26611      8.071 -9.990e-29   11.34278   3.663880 2.9015e+01    25.0643    25.0640 1.4883e+02     17.000          1      14510    1490.26 4.7779e+02  51133.773    604.544 1621945971      -0.10     -0.289   40.27466  -71.97049 0.0000e+00
     16.369    10.9110    32.7568  1025.1194     2.6468     6.6307    106.109   -0.00033    6.24895    6.24946      8.070     0.1480   11.31584   3.673623 1.2019e+01    25.0451    25.0448 1.6437e+02     16.500          1      14540    1490.63 1.6733e+03  51114.232    605.806 1621945972       0.02     -0.391   40.27466  -71.97048 0.0000e+00
     15.878    11.0718    32.7465  1025.0807     2.6462     6.6024    106.035   -0.00021    6.22663    6.22684      8.066     0.1366   11.27919   3.686949 7.6766e+00    25.0087    25.0084 1.5762e+02     16.000          1      14595    1491.17 2.0377e+03  51072.551    608.089 1621945974       0.01     -0.184   40.27466  -71.97048 0.0000e+00
     15.385    11.2686    32.7130  1025.0172     2.6417     6.5601    105.599   -0.00269    6.21228    6.21230      8.061     0.1411   11.25542   3.701113 2.8247e+01    24.9475    24.9472 1.7988e+02     15.500          1      14635    1491.81 7.9146e+02  50992.752    609.758 1621945976      -0.06     -0.289   40.27466  -71.97048 0.0000e+00
     14.880    11.3304    32.7020  1024.9953     2.6394     6.5519    105.489   -0.00262    6.21103    6.21104      8.060     0.1296   11.25327   3.705849 3.3744e+01    24.9279    24.9275 1.7960e+02     15.000          1      14659    1492.01 5.6863e+02  50966.741    610.759 1621945977      -0.17     -0.415   40.27466  -71.97048 0.0000e+00
     14.385    11.4939    32.7009  1024.9625     2.6370     6.5049    105.510    0.00028    6.16528    6.16466      8.057     0.1267   11.17826   3.719772 1.4818e+01    24.8974    24.8971 1.9168e+02     14.500          1      14751    1492.57 1.6113e+03  50939.764    614.601 1621945981      -0.13     -0.268   40.27466  -71.97046 0.0000e+00
     13.894    11.7086    32.6526  1024.8835     2.6377     6.4064    105.451    0.00106    6.07523    6.07341      8.051     0.1551   11.03056   3.735052 1.0749e+01    24.8207    24.8204 2.0144e+02     14.000          1      14805    1493.25 1.9421e+03  50837.158    616.816 1621945983      -0.05     -0.310   40.27466  -71.97046 0.0000e+00
     13.394    11.8688    32.6342  1024.8373     2.6465     6.4132    106.095    0.00456    6.04480    6.04265      8.045     0.1488   10.97947   3.747623 4.0498e+01    24.7768    24.7765 2.1822e+02     13.500          1      14832    1493.77 5.7068e+02  50786.924    617.972 1621945984      -0.05     -0.403   40.27466  -71.97046 0.0000e+00
     12.900    12.5092    32.5481  1024.6471     2.6318     6.3206    104.695   -0.00447    6.03679    6.03453      8.039     0.1328   10.96645   3.798161 1.7902e+01    24.5890    24.5887 2.2373e+02     13.000          1      14888    1495.84 1.6834e+03  50573.834    620.293 1621945987       0.07     -0.224   40.27466  -71.97044 0.0000e+00
     12.403    12.7898    32.5552  1024.5961     2.6194     6.2363    104.310   -0.00021    5.97853    5.97558      8.035     0.1185   10.86986   3.823240 1.5523e+01    24.5403    24.5400 2.4287e+02     12.500          1      14963    1496.79 1.7187e+03  50545.657    623.403 1621945990      -0.05     -0.183   40.27466  -71.97043 0.0000e+00
     11.912    13.3190    32.5470  1024.4840     2.6015     6.1147    102.798   -0.00830    5.94826    5.94496      8.034     0.1161   10.81970   3.870611 3.5081e+01    24.4305    24.4302 2.5297e+02     12.000          1      15033    1498.55 9.7666e+02  50463.115    626.313 1621945993      -0.18     -0.156   40.27466  -71.97042 0.0000e+00
     11.411    13.5064    32.5280  1024.4293     2.5916     6.0521    102.232   -0.00902    5.91997    5.91633      8.033     0.0976   10.77293   3.886445 3.4012e+01    24.3781    24.3778 2.6702e+02     11.500          1      15059    1499.14 1.0795e+03  50411.484    627.404 1621945994      -0.13     -0.389   40.27464  -71.97042 0.0000e+00
     10.912    13.5787    32.5355  1024.4183     2.5855     6.0500    102.225   -0.00481    5.91833    5.91469      8.033     0.0919   10.77019   3.893266 1.6991e+01    24.3694    24.3691 2.9770e+02     11.000          1      15098    1499.38 1.9339e+03  50414.374    629.026 1621945995       0.05     -0.351   40.27464  -71.97042 0.0000e+00
     10.422    13.8449    32.5272  1024.3556     2.5615     5.9834    101.045   -0.00490    5.92151    5.91791 -9.990e-29     0.0739   10.77540   3.915151 3.8951e+01    24.3089    24.3086 2.9847e+02     10.500          1      15195    1500.24 1.0006e+03  50369.634    633.102 1621945999      -0.17     -0.098   40.27464  -71.97040 0.0000e+00
      9.922    13.8202    32.5315  1024.3617     2.5632     5.9966    101.379   -0.00118    5.91502    5.91134      8.036     0.0616   10.76462   3.913034 4.0134e+01    24.3173    24.3170 3.2124e+02     10.000          1      15261    1500.15 1.1868e+03  50378.542    635.827 1621946002      -0.06     -0.148   40.27464  -71.97040 0.0000e+00
      9.420    13.8694    32.5406  1024.3564     2.5646     6.0019    101.522   -0.00009    5.91192    5.90821      8.040     0.0596   10.75939   3.917284 5.1734e+01    24.3142    24.3140 2.9208e+02      9.500          1      15817    1500.32 7.6030e+02  50385.011    658.999 1621946025      -0.05     -0.369   40.27462  -71.97031 0.0000e+00
      8.928    13.8708    32.5445  1024.3569     2.5692     6.0116    101.687   -0.00055    5.91188    5.90817 -9.990e-29     0.0799   10.75930   3.917748 5.7675e+00    24.3169    24.3167 8.4860e+01      9.000          1      16831    1500.32 2.0205e+03  50389.954    701.261 1621946067       0.02     -0.460   40.27458  -71.97011 0.0000e+00
      8.439    13.8728    32.5446  1024.3544     2.5678     6.0056    101.588   -0.00092    5.91170    5.90799 -9.990e-29     0.0768   10.75901   3.917918 3.2656e+00    24.3166    24.3163 6.7797e+01      8.500          1      16914    1500.32 2.0761e+03  50389.611    704.722 1621946071       0.03     -0.352   40.27458  -71.97010 0.0000e+00
      7.936    13.8747    32.5444  1024.3515     2.5666     6.0000    101.495   -0.00134    5.91158    5.90787 -9.990e-29     0.0745   10.75880   3.918041 3.3049e+00    24.3160    24.3158 6.8196e+01      8.000          1      16937    1500.32 2.0636e+03  50388.704    705.674 1621946072      -0.15     -0.446   40.27458  -71.97010 0.0000e+00
      7.439    13.8753    32.5440  1024.3489     2.5663     6.0015    101.521   -0.00066    5.91156    5.90784 -9.990e-29     0.0660   10.75877   3.918042 3.3974e+00    24.3156    24.3154 6.9912e+01      7.500          1      16967    1500.31 2.0579e+03  50387.949    706.924 1621946073       0.10     -0.453   40.27458  -71.97010 0.0000e+00
      6.949    13.8774    32.5436  1024.3460     2.5658     5.9998    101.520   -0.00013    5.90996    5.90622      8.060     0.0824   10.75612   3.918177 3.1704e+00    24.3148    24.3146 6.5343e+01      7.000          1      17011    1500.31 2.0611e+03  50386.853    708.749 1621946075       0.01     -0.253   40.27458  -71.97010 0.0000e+00
      6.455    13.8775    32.5439  1024.3439     2.5648     5.9921    101.414   -0.00075    5.90853    5.90478      8.060     0.0777   10.75374   3.918170 3.0370e+00    24.3150    24.3149 6.2786e+01      6.500          1      17041    1500.30 2.0674e+03  50386.970    710.005 1621946076      -0.13     -0.350   40.27458  -71.97010 0.0000e+00
      5.955    13.8797    32.5431  1024.3406     2.5638     5.9875    101.344   -0.00106    5.90805    5.90430      8.061     0.0699   10.75296   3.918392 3.1645e+00    24.3139    24.3137 6.5434e+01      6.000          1      17061    1500.30 2.0678e+03  50385.253    710.847 1621946077      -0.18     -0.487   40.27458  -71.97009 0.0000e+00
      5.454    13.8927    32.5423  1024.3351     2.5633     5.9865    101.332   -0.00087    5.90782    5.90406      8.061     0.0464   10.75257   3.919394 3.1852e+00    24.3107    24.3105 6.5986e+01      5.500          1      17081    1500.33 2.0716e+03  50382.419    711.652 1621946078      -0.08     -0.602   40.27458  -71.97008 0.0000e+00
      4.958    13.9003    32.5432  1024.3320     2.5617     5.9794    101.228   -0.00114    5.90693    5.90316      8.062     0.0411   10.75109   3.920259 3.1613e+00    24.3098    24.3096 6.5624e+01      5.000          1      17109    1500.35 2.0759e+03  50382.446    712.821 1621946079       0.16     -0.513   40.27458  -71.97008 0.0000e+00
