CalculateIndicators/WaterTemperature/Data/CTD_NYOS/20210523_C16.cnv
* Sea-Bird SBE 9 Data File:
* FileName = C:\Seabird 9 CTD\Data\2021\202105_offshore\20210523_C16.hex
* Software Version Seasave V 7.23.2
* Temperature SN = 4590
* Conductivity SN = 3228
* Number of Bytes Per Scan = 44
* Number of Voltage Words = 5
* Number of Scans Averaged by the Deck Unit = 1
* NMEA Latitude = 39 38.50 N
* NMEA Longitude = 072 46.67 W
* NMEA UTC (Time) = May 23 2021  07:52:25
* NMEA baud rate = 4800
** Ship: seawolf
** Station: 5.4
** Operator: TDK
# nquan = 31
# nvalues = 259                         
# units = specified
# name 0 = depSM: Depth [salt water, m]
# name 1 = t090C: Temperature [ITS-90, deg C]
# name 2 = sal00: Salinity, Practical [PSU]
# name 3 = density00: Density [density, kg/m^3]
# name 4 = sbeox0V: Oxygen raw, SBE 43 [V]
# name 5 = sbeox0ML/L: Oxygen, SBE 43 [ml/l]
# name 6 = sbeox0PS: Oxygen, SBE 43 [% saturation]
# name 7 = sbox0dV/dT: Oxygen, SBE 43 [dov/dt]
# name 8 = oxsolML/L: Oxygen Saturation, Garcia & Gordon [ml/l]
# name 9 = oxsatML/L: Oxygen Saturation, Weiss [ml/l]
# name 10 = ph: pH
# name 11 = flECO-AFL: Fluorescence, WET Labs ECO-AFL/FL [mg/m^3]
# name 12 = n2satML/L: Nitrogen Saturation [ml/l]
# name 13 = c0S/m: Conductivity [S/m]
# name 14 = cpar: CPAR/Corrected Irradiance [%]
# name 15 = sigma-é00: Density [sigma-theta, kg/m^3]
# name 16 = sigma-t00: Density [sigma-t, kg/m^3 ]
# name 17 = par: PAR/Irradiance, Biospherical/Licor
# name 18 = prDM: Pressure, Digiquartz [db]
# name 19 = pumps: Pump Status
# name 20 = scan: Scan Count
# name 21 = svCM: Sound Velocity [Chen-Millero, m/s]
# name 22 = spar: SPAR, Biospherical/Licor
# name 23 = specc: Specific Conductance [uS/cm]
# name 24 = timeS: Time, Elapsed [seconds]
# name 25 = timeY: Time, System [seconds]
# name 26 = accM: Acceleration [m/s^2]
# name 27 = dz/dtM: Descent Rate [m/s]
# name 28 = latitude: Latitude [deg]
# name 29 = longitude: Longitude [deg]
# name 30 = flag: flag
# span 0 =      1.980,     65.989       
# span 1 =     7.7365,    14.8377       
# span 2 =    31.2583,    33.9787       
# span 3 =  1023.1485,  1026.5845       
# span 4 =     1.8989,     2.9455       
# span 5 =     4.5338,     7.1582       
# span 6 =     70.121,    123.068       
# span 7 =   -0.13423,    0.07510       
# span 8 =    5.80545,    6.71543       
# span 9 =    5.80047,    6.72303       
# span 10 =      7.870,      8.056      
# span 11 =     0.0178,     1.4872      
# span 12 =   10.58445,   12.08071      
# span 13 =   3.421633,   3.988502      
# span 14 = -1.649e+04, 1.0357e+05      
# span 15 =    23.1396,    26.2842      
# span 16 =    23.1397,    26.2830      
# span 17 = -2.139e-02, 2.0121e-02      
# span 18 =      2.000,     66.500      
# span 19 =          1,          1      
# span 20 =        134,      14683      
# span 21 =    1479.77,    1503.15      
# span 22 = -7.048e-02, 2.3004e+00      
# span 23 =  48506.673,  53185.122      
# span 24 =      5.557,    611.748      
# span 25 = 1621756349, 1621756955      
# span 26 =      -0.56,       0.62      
# span 27 =     -1.091,      0.957      
# span 28 =   39.64101,   39.64168      
# span 29 =  -72.77792,  -72.77540      
# span 30 = 0.0000e+00, 0.0000e+00      
# interval = decibars: 0.5              
# start_time = May 23 2021 07:52:24 [System UTC, first data scan.]
# bad_flag = -9.990e-29
*END*
[from data line 234]
     13.884    11.1987    32.5448  1024.8921     2.6194     6.5375    104.982    0.00341    6.22726    6.22733      8.018     0.1384   11.28217   3.677310 5.0640e-11    24.8292    24.8289 1.0000e-12     14.000          1      12908    1491.34 1.9747e+00  50767.382    537.772 1621756882       0.25     -0.728   39.64108  -72.77566 0.0000e+00
     13.405    11.3900    32.5374  1024.8499     2.6215     6.4474    104.689    0.00012    6.15861    6.15777      8.016     0.1243   11.16924   3.693031 5.0640e-11    24.7892    24.7889 1.0000e-12     13.500          1      12974    1491.99 1.9747e+00  50725.904    540.561 1621756885      -0.02     -0.054   39.64108  -72.77566 0.0000e+00
     12.906    11.4009    32.5383  1024.8463     2.6269     6.3415    104.959    0.00274    6.04194    6.03963      8.009     0.1298   10.97677   3.694059 5.0640e-11    24.7879    24.7876 1.0000e-12     13.000          1      12999    1492.02 1.9747e+00  50725.189    541.600 1621756885      -0.36     -0.340   39.64108  -72.77566 0.0000e+00
     12.408    11.4413    32.5345  1024.8338     2.6394     6.3823    105.948    0.00830    6.02402    6.02151      8.005     0.1362   10.94689   3.697924 -9.990e-29    24.7776    24.7773 1.0000e-12     12.500          1      13015    1492.15 -9.990e-29  50713.153    542.258 1621756886      -0.31     -0.572   39.64108  -72.77566 0.0000e+00
     11.908    11.5757    32.5159  1024.7926     2.6534     6.4364    107.192    0.01655    6.00458    6.00182      8.003     0.1237   10.91499   3.709379 -9.990e-29    24.7387    24.7385 1.0000e-12     12.000          1      13029    1492.59 -9.990e-29  50666.252    542.852 1621756887      -0.21     -0.723   39.64108  -72.77566 0.0000e+00
     11.407    11.8257    32.4788  1024.7156     2.6588     6.4303    107.591    0.01927    5.97663    5.97355      8.002     0.1188   10.86872   3.730997 -9.990e-29    24.6641    24.6638 1.0000e-12     11.500          1      13044    1493.40 -9.990e-29  50576.849    543.441 1621756887      -0.11     -0.815   39.64108  -72.77566 0.0000e+00
     10.908    12.5906    32.3956  1024.5044     2.6563     6.3348    106.636    0.00857    5.94046    5.93695      8.000     0.1094   10.80888   3.794022 -9.990e-29    24.4552    24.4550 1.0000e-12     11.000          1      13062    1495.91 -9.990e-29  50346.905    544.204 1621756888       0.13     -0.799   39.64106  -72.77564 0.0000e+00
     10.423    13.0562    32.3918  1024.4091     2.6506     6.2243    105.371   -0.00461    5.90705    5.90317      7.996     0.0965   10.75342   3.832748 9.9999e+04    24.3623    24.3620 1.0000e-12     10.500          1      13091    1497.47 0.0000e+00  50280.254    545.421 1621756889       0.26     -0.489   39.64106  -72.77564 0.0000e+00
      9.924    13.4057    32.3607  1024.3134     2.6433     6.1911    104.933   -0.00558    5.90005    5.89609      7.995     0.0649   10.74174   3.862622 9.9999e+04    24.2689    24.2686 1.0000e-12     10.000          1      13116    1498.58 0.0000e+00  50191.172    546.457 1621756890      -0.11     -0.417   39.64106  -72.77564 0.0000e+00
      9.427    13.7741    32.3466  1024.2260     2.6311     6.1163    104.019   -0.00972    5.87996    5.87577      7.993     0.0516   10.70853   3.894542 8.8901e+03    24.1838    24.1835 1.0000e-12      9.500          1      13139    1499.78 1.7991e+00  50125.994    547.415 1621756891      -0.04     -0.520   39.64106  -72.77564 0.0000e+00
      8.934    13.9711    32.3511  1024.1870     2.6194     6.0351    103.174   -0.01306    5.84942    5.84489      7.989     0.0482   10.65790   3.911583 -2.168e+02    24.1470    24.1467 1.0000e-12      9.000          1      13162    1500.42 1.9790e+00  50110.080    548.378 1621756892       0.01     -0.512   39.64106  -72.77564 0.0000e+00
      8.436    14.0017    32.3603  1024.1856     2.6150     6.0044    103.147   -0.00988    5.82121    5.81637      7.988     0.0723   10.61101   3.914587 5.0640e-11    24.1478    24.1476 1.0000e-12      8.500          1      13182    1500.52 1.9747e+00  50118.001    549.192 1621756893      -0.09     -0.549   39.64106  -72.77562 0.0000e+00
      7.939    14.0955    32.3548  1024.1597     2.6120     6.0101    103.281   -0.00560    5.81920    5.81433      7.988     0.0567   10.60782   3.922795 5.0640e-11    24.1242    24.1240 1.0000e-12      8.000          1      13199    1500.81 1.9747e+00  50099.383    549.934 1621756894      -0.10     -0.625   39.64106  -72.77562 0.0000e+00
      7.438    14.3057    32.3396  1024.1021     2.6088     6.0087    103.234   -0.00396    5.82051    5.81566      7.987     0.0572   10.60983   3.942112 5.0640e-11    24.0688    24.0686 1.0000e-12      7.500          1      13217    1501.47 1.9747e+00  50053.022    550.681 1621756895      -0.03     -0.671   39.64106  -72.77562 0.0000e+00
      6.944    14.5842    32.3446  1024.0452     2.5965     5.9562    102.368   -0.00782    5.81845    5.81359      7.988     0.0763   10.60644   3.966509 5.0640e-11    24.0142    24.0140 1.0000e-12      7.000          1      13248    1502.37 1.9747e+00  50031.329    551.942 1621756896       0.21     -0.503   39.64106  -72.77562 0.0000e+00
      6.458    14.7156    32.3388  1024.0109     2.5843     5.9147    101.757   -0.00777    5.81259    5.80766      7.988     0.0929   10.59671   3.976486 5.0640e-11    23.9821    23.9819 1.0000e-12      6.500          1      13288    1502.77 1.9747e+00  50007.645    553.620 1621756898      -0.11     -0.218   39.64106  -72.77561 0.0000e+00
      5.954    14.6896    32.3542  1024.0260     2.5806     5.9137    101.738   -0.00527    5.81270    5.80777      7.986     0.0858   10.59686   3.975231 5.0640e-11    23.9995    23.9993 1.0000e-12      6.000          1      13307    1502.70 1.9747e+00  50032.492    554.405 1621756898      -0.31     -0.443   39.64106  -72.77560 0.0000e+00
      5.455    14.7386    32.3425  1024.0043     2.5760     5.8983    101.509   -0.00524    5.81067    5.80572      7.986     0.0987   10.59346   3.978348 5.6446e+04    23.9800    23.9798 1.0000e-12      5.500          1      13326    1502.84 8.6005e-01  50009.950    555.198 1621756899      -0.10     -0.615   39.64106  -72.77560 0.0000e+00
      4.963    14.7623    32.3452  1023.9992     2.5716     5.8820    101.255   -0.00566    5.80910    5.80414      7.988     0.0976   10.59080   3.980439 1.0059e+05    23.9770    23.9769 1.0000e-12      5.000          1      13347    1502.91 -1.158e-02  50011.249    556.095 1621756900       0.08     -0.601   39.64106  -72.77560 0.0000e+00
      4.466    14.7701    32.3493  1023.9984     2.5701     5.8860    101.301   -0.00389    5.81042    5.80547      7.987     0.1090   10.59301   3.981127 4.4978e+04    23.9785    23.9784 1.0000e-12      4.500          1      13368    1502.93 1.0865e+00  50015.986    556.938 1621756901      -0.01     -0.567   39.64106  -72.77560 0.0000e+00
      3.967    14.7742    32.3514  1023.9970     2.5689     5.8913    101.401   -0.00144    5.80989    5.80494      7.988     0.0918   10.59219   3.981589 8.5171e+02    23.9793    23.9792 1.0000e-12      4.000          1      13387    1502.94 1.9579e+00  50018.572    557.755 1621756902      -0.04     -0.601   39.64106  -72.77559 0.0000e+00
      3.471    14.7997    32.3539  1023.9912     2.5632     5.8637    100.975   -0.00355    5.80709    5.80211      7.985     0.0803   10.58752   3.983935 5.0640e-11    23.9757    23.9756 1.0000e-12      3.500          1      13410    1503.01 1.9747e+00  50018.617    558.688 1621756903       0.07     -0.585   39.64106  -72.77558 0.0000e+00
      2.978    14.7884    32.3566  1023.9935     2.5558     5.8302    100.403   -0.00676    5.80675    5.80177      7.983     0.0824   10.58692   3.982680 5.0640e-11    23.9802    23.9801 1.0000e-12      3.000          1      13436    1502.97 1.9747e+00  50023.313    559.807 1621756904       0.09     -0.479   39.64106  -72.77558 0.0000e+00
      2.475    14.8022    32.3626  1023.9929     2.5581     5.8586    100.898   -0.00107    5.80645    5.80147      8.001     0.0912   10.58632   3.983661 1.0189e+00    23.9818    23.9818 2.0121e-02      2.500          1      13735    1503.01 1.9747e+00  50030.008    572.237 1621756916      -0.02     -0.274   39.64104  -72.77553 0.0000e+00
      1.980    14.8377    32.3877  1024.0024     2.6015     5.9929    103.228    0.00212    5.80545    5.80047      8.013     0.0300   10.58445   3.988502 -1.083e+00    23.9936    23.9935 -2.139e-02      2.000          1      14683    1503.15 1.9747e+00  50060.553    611.748 1621756955       0.12     -0.298   39.64101  -72.77540 0.0000e+00
