CalculateIndicators/WaterTemperature/Data/CTD_NYOS/20210323_C18.cnv
* Sea-Bird SBE 9 Data File:
* FileName = C:\Seabird 9 CTD\Data\2021\202103_offshore\20210323_C18.hex
* Software Version Seasave V 7.23.2
* Temperature SN = 4590
* Conductivity SN = 3228
* Number of Bytes Per Scan = 44
* Number of Voltage Words = 5
* Number of Scans Averaged by the Deck Unit = 1
* NMEA Latitude = 40 15.80 N
* NMEA Longitude = 073 01.07 W
* NMEA UTC (Time) = Mar 23 2021  11:47:57
* NMEA baud rate = 4800
** Ship: RV Seawolf
** Station: 5.2
** Operator: TCM
# nquan = 31
# nvalues = 80                          
# units = specified
# name 0 = depSM: Depth [salt water, m]
# name 1 = t090C: Temperature [ITS-90, deg C]
# name 2 = sal00: Salinity, Practical [PSU]
# name 3 = density00: Density [density, kg/m^3]
# name 4 = sbeox0V: Oxygen raw, SBE 43 [V]
# name 5 = sbeox0ML/L: Oxygen, SBE 43 [ml/l]
# name 6 = sbeox0PS: Oxygen, SBE 43 [% saturation]
# name 7 = sbox0dV/dT: Oxygen, SBE 43 [dov/dt]
# name 8 = oxsolML/L: Oxygen Saturation, Garcia & Gordon [ml/l]
# name 9 = oxsatML/L: Oxygen Saturation, Weiss [ml/l]
# name 10 = ph: pH
# name 11 = flECO-AFL: Fluorescence, WET Labs ECO-AFL/FL [mg/m^3]
# name 12 = n2satML/L: Nitrogen Saturation [ml/l]
# name 13 = c0S/m: Conductivity [S/m]
# name 14 = cpar: CPAR/Corrected Irradiance [%]
# name 15 = sigma-é00: Density [sigma-theta, kg/m^3]
# name 16 = sigma-t00: Density [sigma-t, kg/m^3 ]
# name 17 = par: PAR/Irradiance, Biospherical/Licor
# name 18 = prDM: Pressure, Digiquartz [db]
# name 19 = pumps: Pump Status
# name 20 = scan: Scan Count
# name 21 = svCM: Sound Velocity [Chen-Millero, m/s]
# name 22 = spar: SPAR, Biospherical/Licor
# name 23 = specc: Specific Conductance [uS/cm]
# name 24 = timeS: Time, Elapsed [seconds]
# name 25 = timeY: Time, System [seconds]
# name 26 = accM: Acceleration [m/s^2]
# name 27 = dz/dtM: Descent Rate [m/s]
# name 28 = latitude: Latitude [deg]
# name 29 = longitude: Longitude [deg]
# name 30 = flag: flag
# span 0 =      0.913,     40.705       
# span 1 =     5.5464,     6.2286       
# span 2 =    32.9059,    32.9398       
# span 3 =  1025.9009,  1026.1575       
# span 4 =     2.4199,     2.5086       
# span 5 =     6.8289,     7.0523       
# span 6 =     96.500,    100.566       
# span 7 =   -0.00528,    0.00574       
# span 8 =    6.96647,    7.08025       
# span 9 =    6.97753,    7.09312       
# span 10 =      8.482,      8.505      
# span 11 =     0.7218,     1.0811      
# span 12 =   12.49978,   12.68794      
# span 13 =   3.213369,   3.274015      
# span 14 = 4.5366e-03, 5.0371e+01      
# span 15 =    25.8945,    25.9679      
# span 16 =    25.8943,    25.9675      
# span 17 = 9.4302e-03, 1.1597e+02      
# span 18 =      1.000,     41.000      
# span 19 =          1,          1      
# span 20 =        198,      11197      
# span 21 =    1470.74,    1473.20      
# span 22 = 1.8342e+02, 2.1741e+02      
# span 23 =  52412.248,  52616.394      
# span 24 =      8.222,    466.520      
# span 25 = 1616500087, 1616500545      
# span 26 =      -1.42,       0.48      
# span 27 =     -1.043,      0.812      
# span 28 =   40.26275,   40.26337      
# span 29 =  -73.01935,  -73.01798      
# span 30 = 0.0000e+00, 0.0000e+00      
# interval = decibars: 1                
# start_time = Mar 23 2021 11:47:59 [System UTC, first data scan.]
# bad_flag = -9.990e-29
*END*
[from data line 47]
     32.748     5.5657    32.9193  1026.1139     2.4199     6.8367     96.538    0.00024    7.07817    7.09100      8.484     1.0161   12.68444   3.215728 1.7439e-01    25.9613    25.9610 3.6032e-01     33.000          1       4495    1470.92 2.0537e+02  52602.253    187.262 1616500266      -0.14     -0.386   40.26312  -73.01849 0.0000e+00
     31.748     5.5620    32.9182  1026.1088     2.4206     6.8344     96.585    0.00039    7.07831    7.09115      8.484     1.0161   12.68469   3.215264 2.1452e-01    25.9609    25.9606 4.4064e-01     32.000          1       4531    1470.88 2.0537e+02  52601.138    188.730 1616500267      -0.07     -0.627   40.26311  -73.01850 0.0000e+00
     30.764     5.5566    32.9168  1026.1037     2.4218     6.8453     96.611    0.00018    7.07944    7.09229      8.484     1.0207   12.68657   3.214645 2.6126e-01    25.9604    25.9601 5.3393e-01     31.000          1       4617    1470.84 2.0440e+02  52600.010    192.337 1616500271      -0.00     -0.246   40.26310  -73.01850 0.0000e+00
     29.764     5.5504    32.9152  1026.0986     2.4231     6.8544     96.699    0.00048    7.08021    7.09307 -9.990e-29     0.9763   12.68786   3.213883 3.1492e-01    25.9599    25.9596 6.4667e-01     30.000          1       4676    1470.80 2.0534e+02  52598.943    194.806 1616500273      -0.46     -0.595   40.26310  -73.01850 0.0000e+00
     28.774     5.5464    32.9140  1026.0935     2.4255     6.8577     96.868    0.00109    7.08025    7.09312 -9.990e-29     0.9611   12.68794   3.213434 3.7772e-01    25.9594    25.9591 7.7574e-01     29.000          1       4727    1470.76 2.0537e+02  52597.730    196.909 1616500276       0.20     -0.495   40.26310  -73.01851 0.0000e+00
     27.783     5.5464    32.9135  1026.0885     2.4264     6.8523     96.799    0.00015    7.08001    7.09287 -9.990e-29     0.9608   12.68755   3.213369 4.4812e-01    25.9590    25.9587 9.2032e-01     28.000          1       4798    1470.75 2.0537e+02  52596.332    199.872 1616500279       0.01     -0.342   40.26310  -73.01852 0.0000e+00
     26.794     5.5481    32.9130  1026.0833     2.4266     6.8566     96.773 -2.964e-07    7.07875    7.09159 -9.990e-29     0.9155   12.68545   3.213454 5.3749e-01    25.9584    25.9581 1.1046e+00     27.000          1       4873    1470.74 2.0537e+02  52594.377    203.014 1616500282      -0.09     -0.269   40.26309  -73.01854 0.0000e+00
     25.794     5.5524    32.9132  1026.0782     2.4287     6.8814     97.009    0.00134    7.07797    7.09080      8.492     0.9030   12.68418   3.213817 6.2372e-01    25.9580    25.9577 1.2810e+00     26.000          1       4921    1470.74 2.0537e+02  52592.497    205.004 1616500284      -0.62     -0.519   40.26308  -73.01854 0.0000e+00
     24.803     5.5576    32.9132  1026.0729     2.4340     6.9068     97.410    0.00272    7.07575    7.08854      8.493     0.8891   12.68051   3.214223 7.3709e-01    25.9574    25.9571 1.4988e+00     25.000          1       4965    1470.74 2.0340e+02  52590.179    206.814 1616500286       0.15     -0.592   40.26308  -73.01854 0.0000e+00
     23.819     5.5779    32.9134  1026.0661     2.4495     6.9749     98.352    0.00470    7.06814    7.08081      8.499     0.8402   12.66797   3.216045 8.5565e-01    25.9551    25.9549 1.7682e+00     24.000          1       5054    1470.81 2.0668e+02  52583.516    210.557 1616500289      -0.09     -0.158   40.26308  -73.01854 0.0000e+00
     22.816     5.6059    32.9123  1026.0572     2.4595     7.0084     98.948    0.00574    7.06763    7.08029      8.501     0.8180   12.66712   3.218402 1.0076e+00    25.9509    25.9507 2.0879e+00     23.000          1       5094    1470.90 2.0720e+02  52572.551    212.213 1616500291      -0.13     -0.606   40.26308  -73.01856 0.0000e+00
     21.837     5.6230    32.9118  1026.0502     2.4698     7.0185     99.323    0.00453    7.06620    7.07883      8.501     0.7701   12.66478   3.219706 1.1573e+00    25.9485    25.9483 2.3876e+00     22.000          1       5147    1470.96 2.0629e+02  52565.883    214.437 1616500293       0.11     -0.410   40.26306  -73.01856 0.0000e+00
     20.833     5.6281    32.9108  1026.0441     2.4755     7.0233     99.371    0.00230    7.06632    7.07896      8.503     0.7792   12.66498   3.220001 1.3458e+00    25.9471    25.9469 2.7809e+00     21.000          1       5223    1470.96 2.0668e+02  52562.178    217.581 1616500296      -0.01     -0.353   40.26306  -73.01857 0.0000e+00
     19.836     5.6310    32.9101  1026.0386     2.4823     7.0319     99.513    0.00049    7.06625    7.07888      8.504     0.7917   12.66486   3.220061 1.5295e+00    25.9462    25.9460 3.2299e+00     20.000          1       6274    1470.95 2.1441e+02  52559.600    261.396 1616500340      -0.21     -0.441   40.26297  -73.01869 0.0000e+00
     18.851     5.6302    32.9104  1026.0343     2.4821     7.0328     99.535    0.00109    7.06622    7.07885      8.504     0.7796   12.66483   3.219975 1.7523e+00    25.9465    25.9464 3.7202e+00     19.000          1       6792    1470.93 2.1212e+02  52559.533    282.948 1616500362      -0.42     -0.337   40.26294  -73.01876 0.0000e+00
     17.855     5.6317    32.9094  1026.0288     2.4837     7.0333     99.549    0.00057    7.06531    7.07792 -9.990e-29     0.7864   12.66333   3.219969 2.0147e+00    25.9456    25.9454 4.2787e+00     18.000          1       6809    1470.92 2.1157e+02  52556.985    283.678 1616500362      -0.26     -0.472   40.26294  -73.01876 0.0000e+00
     16.864     5.6387    32.9077  1026.0220     2.4864     7.0407     99.710    0.00104    7.05860    7.07111      8.505     0.7976   12.65227   3.220416 2.3148e+00    25.9434    25.9432 4.9362e+00     17.000          1       6889    1470.93 2.1320e+02  52551.669    286.998 1616500366      -0.39     -0.313   40.26294  -73.01876 0.0000e+00
     15.872     5.6717    32.9059  1026.0119     2.4935     7.0509    100.218    0.00309    7.03391    7.04602      8.504     0.8274   12.61146   3.223462 2.7149e+00    25.9380    25.9378 5.7537e+00     16.000          1       6964    1471.05 2.1199e+02  52538.224    290.116 1616500369      -0.21     -0.471   40.26294  -73.01878 0.0000e+00
     14.886     5.8612    32.9154  1025.9920     2.5029     7.0207    100.566    0.00293    6.98795    6.99934      8.502     0.7832   12.53537   3.241009 3.1327e+00    25.9227    25.9225 6.6767e+00     15.000          1       7053    1471.80 2.1124e+02  52493.973    293.824 1616500373       0.07     -0.210   40.26293  -73.01880 0.0000e+00
     13.893     6.1575    32.9282  1025.9609     2.5060     6.9951    100.314   -0.00069    6.97767    6.98890      8.498     0.7686   12.51835   3.268256 3.5209e+00    25.8963    25.8962 7.5546e+00     14.000          1       7136    1472.98 2.1472e+02  52424.636    297.290 1616500376       0.00     -0.312   40.26292  -73.01881 0.0000e+00
     12.898     6.1646    32.9307  1025.9573     2.5057     6.9971    100.361    0.00006    6.97270    6.98386      8.498     0.7795   12.51012   3.268493 4.0455e+00    25.8974    25.8973 8.6300e+00     13.000          1       7208    1473.00 2.1333e+02  52425.418    300.300 1616500379       0.01     -0.326   40.26292  -73.01882 0.0000e+00
     11.912     6.2016    32.9367  1025.9529     2.5067     6.9942    100.405    0.00031    6.96670    6.97776      8.497     0.7935   12.50017   3.271892 4.5907e+00    25.8975    25.8974 9.7788e+00     12.000          1       7314    1473.14 2.1303e+02  52422.931    304.721 1616500383      -0.19     -0.182   40.26292  -73.01884 0.0000e+00
     10.915     6.2224    32.9362  1025.9452     2.5069     6.9905    100.386    0.00006    6.96647    6.97753      8.497     0.7843   12.49978   3.273607 5.2440e+00    25.8945    25.8943 1.1110e+01     11.000          1       7369    1473.20 2.1186e+02  52415.250    307.015 1616500386       0.07     -0.403   40.26292  -73.01884 0.0000e+00
      9.909     6.2204    32.9383  1025.9424     2.5065     6.9902    100.368    0.00004    6.96856    6.97966      8.498     0.7817   12.50323   3.273319 6.1306e+00    25.8964    25.8963 1.3125e+01     10.000          1       7846    1473.18 2.1389e+02  52418.157    326.855 1616500406      -0.26     -0.436   40.26290  -73.01891 0.0000e+00
      8.942     6.2286    32.9398  1025.9381     2.5075     6.9928    100.394    0.00018    6.96886    6.97996      8.500     0.7797   12.50371   3.274015 6.4821e+00    25.8965    25.8965 1.3822e+01      9.000          1       9003    1473.20 -9.990e-29  52417.312    375.069 1616500454      -0.64     -0.222   40.26286  -73.01909 0.0000e+00
      7.929     6.2253    32.9397  1025.9337     2.5071     6.9879    100.338   -0.00007    6.96847    6.97956      8.499     0.7687   12.50306   3.273659 7.8727e+00    25.8969    25.8968 1.6820e+01      8.000          1       8999    1473.17 2.1327e+02  52417.443    374.932 1616500454      -0.30     -0.652   40.26286  -73.01908 0.0000e+00
      6.946     6.2182    32.9393  1025.9297     2.5069     6.9978    100.329    0.00011    6.96763    6.97871      8.498     0.7798   12.50169   3.272934 9.5596e+00    25.8974    25.8974 2.0387e+01      7.000          1       9061    1473.12 2.1327e+02  52418.189    377.505 1616500456      -0.58     -0.349   40.26286  -73.01908 0.0000e+00
      5.954     6.2175    32.9394  1025.9252     2.5084     6.9972    100.455    0.00075    6.96745    6.97853      8.498     0.7736   12.50138   3.272867 1.1340e+01    25.8976    25.8975 2.4186e+01      6.000          1       9104    1473.11 2.1327e+02  52417.724    379.309 1616500458       0.18     -0.580   40.26286  -73.01909 0.0000e+00
      4.957     6.2225    32.9392  1025.9199     2.5085     6.9921    100.384    0.00011    6.96736    6.97844      8.497     0.7606   12.50124   3.273239 1.3450e+01    25.8968    25.8968 2.8460e+01      5.000          1       9146    1473.11 2.1176e+02  52415.416    381.036 1616500460      -0.24     -0.587   40.26286  -73.01910 0.0000e+00
      3.974     6.2236    32.9394  1025.9153     2.5085     6.9929    100.345   -0.00009    6.96733    6.97840 -9.990e-29     0.7649   12.50118   3.273309 1.7327e+01    25.8968    25.8968 3.6522e+01      4.000          1       9199    1473.10 2.1024e+02  52414.666    383.250 1616500462       0.19     -0.441   40.26286  -73.01910 0.0000e+00
      2.970     6.2237    32.9394  1025.9106     2.5086     6.9893    100.376    0.00016    6.96729    6.97836 -9.990e-29     0.7565   12.50112   3.273277 2.1288e+01    25.8968    25.8968 4.5373e+01      3.000          1       9236    1473.08 -9.990e-29  52413.922    384.783 1616500463      -0.22     -0.652   40.26286  -73.01911 0.0000e+00
      1.979     6.2241    32.9395  1025.9060     2.5081     6.9880    100.319   -0.00014    6.96731    6.97838      8.499     0.7560   12.50114   3.273269 3.0531e+01    25.8968    25.8968 6.6121e+01      2.000          1       9481    1473.06 2.1741e+02  52413.244    394.995 1616500474      -0.04     -0.295   40.26284  -73.01914 0.0000e+00
      0.913     6.2247    32.9395  1025.9009     2.5077     6.9846    100.316    0.00008    6.96737    6.97844      8.497     0.7218   12.50130   3.273262 5.0371e+01    25.8967    25.8967 1.1597e+02      1.000          1      11197    1473.05 -9.990e-29  52412.248    466.520 1616500545      -1.42     -0.732   40.26275  -73.01935 0.0000e+00
