CalculateIndicators/WaterTemperature/Data/CTD_NYOS/20210322_C11.cnv
* Sea-Bird SBE 9 Data File:
* FileName = C:\Seabird 9 CTD\Data\2021\202103_offshore\20210322_C11.hex
* Software Version Seasave V 7.23.2
* Temperature SN = 4590
* Conductivity SN = 3228
* Number of Bytes Per Scan = 44
* Number of Voltage Words = 5
* Number of Scans Averaged by the Deck Unit = 1
* NMEA Latitude = 39 28.66 N
* NMEA Longitude = 073 04.46 W
* NMEA UTC (Time) = Mar 22 2021  15:04:11
* NMEA baud rate = 4800
** Ship: RV Seawolf
** Station: 6.4
** Operator: TCM
# nquan = 31
# nvalues = 125                         
# units = specified
# name 0 = depSM: Depth [salt water, m]
# name 1 = t090C: Temperature [ITS-90, deg C]
# name 2 = sal00: Salinity, Practical [PSU]
# name 3 = density00: Density [density, kg/m^3]
# name 4 = sbeox0V: Oxygen raw, SBE 43 [V]
# name 5 = sbeox0ML/L: Oxygen, SBE 43 [ml/l]
# name 6 = sbeox0PS: Oxygen, SBE 43 [% saturation]
# name 7 = sbox0dV/dT: Oxygen, SBE 43 [dov/dt]
# name 8 = oxsolML/L: Oxygen Saturation, Garcia & Gordon [ml/l]
# name 9 = oxsatML/L: Oxygen Saturation, Weiss [ml/l]
# name 10 = ph: pH
# name 11 = flECO-AFL: Fluorescence, WET Labs ECO-AFL/FL [mg/m^3]
# name 12 = n2satML/L: Nitrogen Saturation [ml/l]
# name 13 = c0S/m: Conductivity [S/m]
# name 14 = cpar: CPAR/Corrected Irradiance [%]
# name 15 = sigma-é00: Density [sigma-theta, kg/m^3]
# name 16 = sigma-t00: Density [sigma-t, kg/m^3 ]
# name 17 = par: PAR/Irradiance, Biospherical/Licor
# name 18 = prDM: Pressure, Digiquartz [db]
# name 19 = pumps: Pump Status
# name 20 = scan: Scan Count
# name 21 = svCM: Sound Velocity [Chen-Millero, m/s]
# name 22 = spar: SPAR, Biospherical/Licor
# name 23 = specc: Specific Conductance [uS/cm]
# name 24 = timeS: Time, Elapsed [seconds]
# name 25 = timeY: Time, System [seconds]
# name 26 = accM: Acceleration [m/s^2]
# name 27 = dz/dtM: Descent Rate [m/s]
# name 28 = latitude: Latitude [deg]
# name 29 = longitude: Longitude [deg]
# name 30 = flag: flag
# span 0 =      1.981,     63.512       
# span 1 =     8.1693,     8.5336       
# span 2 =    33.6405,    33.7802       
# span 3 =  1026.1357,  1026.5606       
# span 4 =     2.4380,     2.6494       
# span 5 =     6.4239,     7.0450       
# span 6 =     97.416,    106.847       
# span 7 =   -0.00811,    0.00795       
# span 8 =    6.57906,    6.63003       
# span 9 =    6.58499,    6.63680       
# span 10 =      8.534,      8.584      
# span 11 =     0.4994,     2.3075      
# span 12 =   11.85118,   11.93465      
# span 13 =   3.513354,   3.542865      
# span 14 = -4.941e-05, 5.6691e+01      
# span 15 =    26.1266,    26.2694      
# span 16 =    26.1265,    26.2685      
# span 17 = -2.352e-05, 1.1842e+03      
# span 18 =      2.000,     64.000      
# span 19 =          1,          1      
# span 20 =        153,      13284      
# span 21 =    1481.71,    1483.21      
# span 22 = 7.8472e+02, 2.6242e+03      
# span 23 =  52819.736,  53107.500      
# span 24 =      6.335,    553.445      
# span 25 = 1616425459, 1616426006      
# span 26 =      -0.56,       0.70      
# span 27 =     -0.952,      0.982      
# span 28 =   39.47780,   39.47810      
# span 29 =  -73.07669,  -73.07451      
# span 30 = 0.0000e+00, 0.0000e+00      
# interval = decibars: 1                
# start_time = Mar 22 2021 15:04:13 [System UTC, first data scan.]
# bad_flag = -9.990e-29
*END*
[from data line 94]
     31.747     8.1709    33.7144  1026.3850     2.4745     6.5541     98.664    0.00145    6.62981    6.63659      8.546     0.7360   11.93418   3.518130 1.5214e-01    26.2393    26.2388 3.0761e+00     32.000          1       8705    1482.05 2.0273e+03  53027.814    362.667 1616425815       0.02     -0.675   39.47798  -73.07589 0.0000e+00
     30.766     8.1693    33.7129  1026.3796     2.4824     6.5854     99.113    0.00250    6.62956    6.63633      8.548     0.8069   11.93378   3.517827 3.6300e-01    26.2384    26.2379 3.5158e+00     31.000          1       8815    1482.03 1.2737e+03  53025.512    367.243 1616425820      -0.43     -0.493   39.47798  -73.07592 0.0000e+00
     29.769     8.1703    33.7120  1026.3741     2.4861     6.6014     99.365    0.00324    6.62922    6.63598      8.548     0.8736   11.93322   3.517793 2.5125e-01    26.2375    26.2370 3.8737e+00     30.000          1       8841    1482.01 1.7505e+03  53023.258    368.317 1616425821      -0.14     -0.841   39.47798  -73.07592 0.0000e+00
     28.767     8.1718    33.7120  1026.3693     2.4904     6.6172     99.618    0.00358    6.62899    6.63575 -9.990e-29     0.9086   11.93285   3.517908 2.4232e-01    26.2373    26.2369 4.5991e+00     29.000          1       8869    1482.00 1.9244e+03  53022.305    369.518 1616425822       0.04     -0.864   39.47798  -73.07592 0.0000e+00
     27.787     8.1808    33.7113  1026.3629     2.5131     6.6694    100.482    0.00112    6.62817    6.63492      8.555     1.0058   11.93149   3.518608 3.8114e-01    26.2354    26.2349 5.4639e+00     28.000          1      10106    1482.02 1.5476e+03  53018.452    421.023 1616425874      -0.09     -0.414   39.47800  -73.07613 0.0000e+00
     26.795     8.1827    33.7116  1026.3583     2.5173     6.6751    100.658    0.00101    6.62601    6.63273      8.554     1.0532   11.92792   3.518768 5.3678e-01    26.2353    26.2349 6.5912e+00     27.000          1      10237    1482.01 1.4360e+03  53017.804    426.511 1616425879       0.02     -0.276   39.47800  -73.07614 0.0000e+00
     25.806     8.1879    33.7115  1026.3529     2.5207     6.6997    100.902    0.00207    6.62360    6.63028 -9.990e-29     1.1183   11.92393   3.519285 4.1086e-01    26.2344    26.2340 7.3274e+00     26.000          1      10285    1482.01 1.8232e+03  53015.721    428.483 1616425881      -0.56     -0.531   39.47800  -73.07616 0.0000e+00
     24.799     8.2028    33.7118  1026.3462     2.5240     6.7077    101.135    0.00284    6.62386    6.63055 -9.990e-29     1.0916   11.92437   3.520592 4.6494e-01    26.2324    26.2320 8.6644e+00     25.000          1      10308    1482.05 1.8877e+03  53011.839    429.461 1616425882      -0.20     -0.952   39.47800  -73.07616 0.0000e+00
     23.815     8.2141    33.7124  1026.3405     2.5306     6.7168    101.388    0.00226    6.62250    6.62916      8.560     1.1014   11.92211   3.521617 6.4632e-01    26.2312    26.2309 1.0617e+01     24.000          1      10377    1482.08 1.8344e+03  53009.510    432.317 1616425885       0.17     -0.346   39.47800  -73.07617 0.0000e+00
     22.829     8.2193    33.7122  1026.3350     2.5351     6.7290    101.483    0.00111    6.62270    6.62935      8.561     1.1513   11.92249   3.521974 8.6331e-01    26.2303    26.2299 1.1940e+01     23.000          1      10452    1482.09 1.6635e+03  53007.310    435.474 1616425888      -0.26     -0.405   39.47800  -73.07618 0.0000e+00
     21.825     8.2211    33.7103  1026.3286     2.5374     6.7371    101.643    0.00168    6.62266    6.62932      8.561     1.1913   11.92242   3.521905 1.2893e+00    26.2285    26.2282 1.4319e+01     22.000          1      10482    1482.07 1.4646e+03  53003.495    436.704 1616425889      -0.17     -0.719   39.47801  -73.07618 0.0000e+00
     20.840     8.2200    33.7081  1026.3225     2.5401     6.7351    101.702    0.00101    6.62346    6.63013      8.561     1.1844   11.92377   3.521556 9.1729e-01    26.2269    26.2266 1.7416e+01     21.000          1      10540    1482.05 1.8809e+03  52999.927    439.123 1616425892       0.18     -0.390   39.47802  -73.07620 0.0000e+00
     19.845     8.2172    33.7073  1026.3177     2.5418     6.7475    101.765    0.00090    6.62383    6.63050 -9.990e-29     1.2560   11.92439   3.521140 1.7675e+00    26.2267    26.2264 1.9653e+01     20.000          1      10593    1482.02 1.3670e+03  52998.812    441.346 1616425894      -0.07     -0.509   39.47802  -73.07622 0.0000e+00
     18.855     8.2129    33.7053  1026.3123     2.5450     6.7537    101.937    0.00124    6.62438    6.63105      8.567     1.2493   11.92535   3.520540 1.7264e+00    26.2257    26.2255 2.3863e+01     19.000          1      10655    1481.99 1.5706e+03  52996.359    443.896 1616425897       0.07     -0.376   39.47802  -73.07622 0.0000e+00
     17.867     8.2132    33.7051  1026.3075     2.5470     6.7984    101.970    0.00063    6.62614    6.63283      8.572     1.4810   11.92841   3.520480 1.5619e+00    26.2255    26.2252 2.9285e+01     18.000          1      10708    1481.97 1.9004e+03  52995.289    446.108 1616425899      -0.23     -0.446   39.47802  -73.07622 0.0000e+00
     16.867     8.2070    33.6952  1026.2961     2.5641     6.8849    103.445    0.00753    6.62602    6.63271      8.572     1.4879   11.92820   3.518914 1.8183e+00    26.2186    26.2184 3.5163e+01     17.000          1      10751    1481.92 1.9542e+03  52982.086    447.937 1616425901       0.10     -0.510   39.47802  -73.07624 0.0000e+00
     15.883     8.2038    33.6900  1026.2880     2.5846     6.9090    104.135    0.00413    6.62779    6.63450      8.576     1.5210   11.93125   3.518116 3.5086e+00    26.2151    26.2148 4.1553e+01     16.000          1      10830    1481.88 1.2407e+03  52974.897    451.214 1616425904      -0.19     -0.228   39.47802  -73.07624 0.0000e+00
     14.881     8.1943    33.6811  1026.2778     2.5976     6.9365    104.618    0.00245    6.62819    6.63490      8.576     1.5837   11.93192   3.516364 2.7304e+00    26.2095    26.2092 5.0620e+01     15.000          1      11265    1481.82 1.9070e+03  52963.833    469.313 1616425922       0.06     -0.289   39.47803  -73.07633 0.0000e+00
     13.891     8.1870    33.6759  1026.2702     2.6081     6.9548    104.905    0.00012    6.62891    6.63563      8.576     1.6889   11.93314   3.515200 2.8863e+00    26.2064    26.2062 5.9763e+01     14.000          1      12432    1481.77 2.0721e+03  52957.477    517.977 1616425971      -0.12     -0.265   39.47808  -73.07654 0.0000e+00
     12.901     8.1876    33.6759  1026.2655     2.6087     6.9606    104.916    0.00017    6.62858    6.63529      8.581     1.5435   11.93261   3.515217 3.5129e+00    26.2063    26.2061 7.3489e+01     13.000          1      12518    1481.75 2.0917e+03  52956.723    521.542 1616425974      -0.01     -0.361   39.47808  -73.07655 0.0000e+00
     11.908     8.1899    33.6746  1026.2596     2.6113     6.9644    105.092    0.00085    6.62530    6.63195      8.580     1.6308   11.92725   3.515263 4.5054e+00    26.2050    26.2048 9.4513e+01     12.000          1      12588    1481.75 2.0976e+03  52953.691    524.470 1616425977       0.05     -0.319   39.47808  -73.07656 0.0000e+00
     10.919     8.2182    33.6682  1026.2459     2.6224     7.0270    105.917    0.00449    6.60569    6.61203      8.584     1.9472   11.89515   3.517374 5.4649e+00    26.1957    26.1956 1.1472e+02     11.000          1      12677    1481.83 2.0997e+03  52937.305    528.163 1616425981      -0.10     -0.277   39.47808  -73.07658 0.0000e+00
      9.921     8.3147    33.6521  1026.2141     2.6345     7.0403    106.548    0.00490    6.60703    6.61339      8.584     2.1447   11.89728   3.524756 7.2027e+00    26.1686    26.1684 1.5073e+02     10.000          1      12730    1482.15 2.0932e+03  52891.209    530.384 1616425983       0.03     -0.405   39.47808  -73.07659 0.0000e+00
      8.933     8.3403    33.6532  1026.2065     2.6435     7.0385    106.666    0.00183    6.59347    6.59962      8.583     1.9812   11.87500   3.526959 9.0052e+00    26.1656    26.1654 1.8890e+02      9.000          1      12815    1482.24 2.0975e+03  52886.131    533.936 1616425987      -0.08     -0.265   39.47808  -73.07661 0.0000e+00
      7.937     8.4266    33.6425  1026.1805     2.6478     7.0354    106.847    0.00160    6.59269    6.59883 -9.990e-29     1.9242   11.87367   3.534000 1.1812e+01    26.1441    26.1440 2.4820e+02      8.000          1      12876    1482.53 2.1013e+03  52850.168    536.441 1616425989      -0.06     -0.413   39.47808  -73.07662 0.0000e+00
      6.950     8.4533    33.6435  1026.1727     2.6490     7.0241    106.752    0.00033    6.58156    6.58753      8.580     1.2615   11.85534   3.536198 1.3678e+01    26.1408    26.1407 2.8656e+02      7.000          1      12970    1482.62 2.0952e+03  52844.882    540.363 1616425993      -0.14     -0.202   39.47808  -73.07663 0.0000e+00
      5.952     8.4992    33.6411  1026.1592     2.6492     7.0187    106.733    0.00007    6.58058    6.58654      8.579     1.1904   11.85369   3.540196 1.8636e+01    26.1319    26.1318 3.8770e+02      6.000          1      13018    1482.77 2.0857e+03  52830.269    542.371 1616425995       0.02     -0.488   39.47808  -73.07664 0.0000e+00
      4.966     8.5274    33.6405  1026.1498     2.6476     7.0153    106.596   -0.00029    6.58055    6.58651 -9.990e-29     1.0966   11.85365   3.542353 2.3480e+01    26.1271    26.1270 4.9261e+02      5.000          1      13113    1482.86 2.0977e+03  52822.232    546.350 1616425999      -0.10     -0.169   39.47810  -73.07666 0.0000e+00
      3.966     8.5231    33.6414  1026.1467     2.6489     7.0227    106.715    0.00045    6.57941    6.58535 -9.990e-29     1.0020   11.85177   3.542028 3.5779e+01    26.1285    26.1284 7.4441e+02      4.000          1      13164    1482.82 2.0851e+03  52823.845    548.465 1616426001      -0.00     -0.470   39.47810  -73.07667 0.0000e+00
      2.980     8.5336    33.6411  1026.1402     2.6494     7.0143    106.675   -0.00009    6.57929    6.58523      8.574     0.9498   11.85157   3.542865 4.4541e+01    26.1266    26.1265 9.3485e+02      3.000          1      13237    1482.85 2.0988e+03  52820.286    551.485 1616426004      -0.25     -0.288   39.47810  -73.07668 0.0000e+00
      1.981     8.5330    33.6410  1026.1357     2.6480     7.0095    106.549   -0.00076    6.57906    6.58499      8.578     0.9037   11.85118   3.542715 5.6691e+01    26.1266    26.1266 1.1842e+03      2.000          1      13284    1482.83 2.0903e+03  52819.736    553.445 1616426006       0.06     -0.505   39.47810  -73.07669 0.0000e+00
