CalculateIndicators/WaterTemperature/Data/CTD_NYOS/20210525_C34.cnv
* Sea-Bird SBE 9 Data File:
* FileName = C:\Seabird 9 CTD\Data\2021\202105_offshore\20210525_C34.hex
* Software Version Seasave V 7.23.2
* Temperature SN = 4590
* Conductivity SN = 3228
* Number of Bytes Per Scan = 44
* Number of Voltage Words = 5
* Number of Scans Averaged by the Deck Unit = 1
* NMEA Latitude = 40 51.67 N
* NMEA Longitude = 072 11.62 W
* NMEA UTC (Time) = May 25 2021  18:27:00
* NMEA baud rate = 4800
** Ship: seawolf
** Station: 2.1
** Operator: tdk
# nquan = 31
# nvalues = 108                         
# units = specified
# name 0 = depSM: Depth [salt water, m]
# name 1 = t090C: Temperature [ITS-90, deg C]
# name 2 = sal00: Salinity, Practical [PSU]
# name 3 = density00: Density [density, kg/m^3]
# name 4 = sbeox0V: Oxygen raw, SBE 43 [V]
# name 5 = sbeox0ML/L: Oxygen, SBE 43 [ml/l]
# name 6 = sbeox0PS: Oxygen, SBE 43 [% saturation]
# name 7 = sbox0dV/dT: Oxygen, SBE 43 [dov/dt]
# name 8 = oxsolML/L: Oxygen Saturation, Garcia & Gordon [ml/l]
# name 9 = oxsatML/L: Oxygen Saturation, Weiss [ml/l]
# name 10 = ph: pH
# name 11 = flECO-AFL: Fluorescence, WET Labs ECO-AFL/FL [mg/m^3]
# name 12 = n2satML/L: Nitrogen Saturation [ml/l]
# name 13 = c0S/m: Conductivity [S/m]
# name 14 = cpar: CPAR/Corrected Irradiance [%]
# name 15 = sigma-é00: Density [sigma-theta, kg/m^3]
# name 16 = sigma-t00: Density [sigma-t, kg/m^3 ]
# name 17 = par: PAR/Irradiance, Biospherical/Licor
# name 18 = prDM: Pressure, Digiquartz [db]
# name 19 = pumps: Pump Status
# name 20 = scan: Scan Count
# name 21 = svCM: Sound Velocity [Chen-Millero, m/s]
# name 22 = spar: SPAR, Biospherical/Licor
# name 23 = specc: Specific Conductance [uS/cm]
# name 24 = timeS: Time, Elapsed [seconds]
# name 25 = timeY: Time, System [seconds]
# name 26 = accM: Acceleration [m/s^2]
# name 27 = dz/dtM: Descent Rate [m/s]
# name 28 = latitude: Latitude [deg]
# name 29 = longitude: Longitude [deg]
# name 30 = flag: flag
# span 0 =      1.962,     28.784       
# span 1 =     8.3032,    13.3413       
# span 2 =    30.6659,    32.4278       
# span 3 =  1023.0032,  1025.3427       
# span 4 =     2.2044,     2.6924       
# span 5 =     5.6587,     6.7281       
# span 6 =     84.915,    110.406       
# span 7 =   -0.03017,    0.03609       
# span 8 =    6.04615,    6.66522       
# span 9 =    6.04276,    6.67111       
# span 10 =      7.924,      8.043      
# span 11 =     0.0411,     1.4615      
# span 12 =   11.00292,   12.00828      
# span 13 =   3.408367,   3.671976      
# span 14 = 3.8709e-01, 9.4705e+01      
# span 15 =    22.9877,    25.2104      
# span 16 =    22.9876,    25.2100      
# span 17 = 8.0977e+00, 1.5951e+03      
# span 18 =      2.000,     29.000      
# span 19 =          1,          1      
# span 20 =        393,       7957      
# span 21 =    1480.91,    1496.32      
# span 22 = 1.4541e+03, 2.2460e+03      
# span 23 =  47856.598,  51170.350      
# span 24 =     16.345,    331.493      
# span 25 = 1621967232, 1621967547      
# span 26 =      -1.50,       0.76      
# span 27 =     -1.256,      0.670      
# span 28 =   40.86120,   40.86170      
# span 29 =  -72.19380,  -72.19318      
# span 30 = 0.0000e+00, 0.0000e+00      
# interval = decibars: 0.5              
# start_time = May 25 2021 18:26:56 [System UTC, first data scan.]
# bad_flag = -9.990e-29
*END*
[from data line 94]
      8.430    13.1486    30.6748  1023.0541     2.6593     6.4249    106.056   -0.00222    6.05801    6.05474      8.017     0.1983   11.02277   3.656460 1.5415e+01    23.0161    23.0159 3.0428e+02      8.500          1       7102    1495.71 1.9807e+03  47864.832    295.860 1621967512       0.09     -0.749   40.86166  -72.19328 0.0000e+00
      7.939    13.2209    30.6806  1023.0423     2.6554     6.3989    105.756   -0.00345    6.05066    6.04732      8.018     0.1674   11.01053   3.662611 1.5992e+01    23.0066    23.0064 3.5051e+02      8.000          1       7129    1495.95 2.1929e+03  47863.826    297.005 1621967513       0.24     -0.546   40.86166  -72.19327 0.0000e+00
      7.457    13.2446    30.6784  1023.0338     2.6550     6.4003    105.850   -0.00166    6.04652    6.04313      8.016     0.1622   11.00365   3.663715 1.5255e+01    23.0002    23.0000 3.4138e+02      7.500          1       7154    1496.02 2.2377e+03  47857.975    298.046 1621967514      -0.08     -0.366   40.86166  -72.19326 0.0000e+00
      6.952    13.2413    30.6844  1023.0368     2.6549     6.4051    105.933   -0.00045    6.04634    6.04295      8.017     0.1583   11.00335   3.664032 2.1277e+01    23.0055    23.0053 4.7623e+02      7.000          1       7166    1496.01 2.2382e+03  47866.346    298.557 1621967514      -0.48     -0.527   40.86166  -72.19326 0.0000e+00
      6.444    13.2528    30.6833  1023.0314     2.6536     6.4016    105.869   -0.00038    6.04673    6.04335      8.017     0.1507   11.00400   3.664719 2.4473e+01    23.0024    23.0022 5.1662e+02      6.500          1       7177    1496.04 2.1129e+03  47862.967    299.007 1621967515      -0.55     -0.774   40.86166  -72.19326 0.0000e+00
      5.939    13.2781    30.6865  1023.0267     2.6523     6.3937    105.734   -0.00131    6.04693    6.04354      8.017     0.1282   11.00431   3.667529 3.1037e+01    22.9999    22.9998 4.9860e+02      6.000          1       7190    1496.12 1.6150e+03  47864.443    299.529 1621967515      -0.24     -0.982   40.86166  -72.19326 0.0000e+00
      5.454    13.3265    30.6870  1023.0154     2.6502     6.3829    105.550   -0.00232    6.04732    6.04394      8.018     0.0871   11.00496   3.671228 3.1429e+01    22.9908    22.9907 5.8335e+02      5.500          1       7212    1496.27 1.8658e+03  47858.995    300.461 1621967516       0.37     -0.808   40.86167  -72.19326 0.0000e+00
      4.970    13.3413    30.6868  1023.0101     2.6487     6.3792    105.502   -0.00178    6.04646    6.04307      8.016     0.0539   11.00352   3.671976 2.5050e+01    22.9877    22.9876 5.5395e+02      5.000          1       7240    1496.32 2.2047e+03  47856.598    301.645 1621967518       0.10     -0.396   40.86168  -72.19326 0.0000e+00
      4.468    13.3368    30.6886  1023.0101     2.6488     6.3837    105.579   -0.00074    6.04634    6.04296      8.017     0.0411   11.00332   3.671558 3.3742e+01    22.9900    22.9899 7.5126e+02      4.500          1       7258    1496.29 2.2236e+03  47859.452    302.378 1621967518      -0.26     -0.488   40.86168  -72.19326 0.0000e+00
      3.970    13.3311    30.6894  1023.0095     2.6499     6.3919    105.716    0.00037    6.04628    6.04289      8.018     0.0697   11.00321   3.671021 3.9799e+01    22.9917    22.9916 8.9282e+02      4.000          1       7273    1496.27 2.2434e+03  47860.908    302.997 1621967519      -0.26     -0.663   40.86168  -72.19326 0.0000e+00
      3.469    13.3335    30.6888  1023.0064     2.6500     6.3958    105.764    0.00099    6.04721    6.04383      8.019     0.0645   11.00477   3.670950 3.9405e+01    22.9908    22.9907 8.7930e+02      3.500          1       7287    1496.27 2.2317e+03  47859.549    303.595 1621967520      -0.14     -0.784   40.86168  -72.19326 0.0000e+00
      2.970    13.3376    30.6901  1023.0043     2.6487     6.3878    105.629    0.00004    6.04732    6.04395      8.021     0.0556   11.00493   3.671374 5.7731e+01    22.9910    22.9909 1.2970e+03      3.000          1       7304    1496.27 2.2460e+03  47860.620    304.292 1621967520       0.05     -0.805   40.86168  -72.19326 0.0000e+00
      2.471    13.3363    30.6913  1023.0032     2.6480     6.3839    105.564   -0.00041    6.04741    6.04403      8.021     0.0583   11.00507   3.671021 5.4914e+01    22.9921    22.9921 1.2116e+03      2.500          1       7359    1496.26 2.2300e+03  47862.193    306.581 1621967523      -0.11     -0.379   40.86168  -72.19325 0.0000e+00
      1.962    13.3341    30.6971  1023.0059     2.6492     6.3861    105.622   -0.00071    6.04615    6.04276 -9.990e-29     0.0425   11.00292   3.670447 9.4705e+01    22.9970    22.9970 1.5951e+03      2.000          1       7957    1496.25 1.6489e+03  47870.364    331.493 1621967547      -0.46     -0.318   40.86170  -72.19318 0.0000e+00
