CalculateIndicators/WaterTemperature/Data/CTD_NYOS/20210521_C05.cnv
* Sea-Bird SBE 9 Data File:
* FileName = C:\Seabird 9 CTD\Data\2021\202105_offshore\20210521_C05.hex
* Software Version Seasave V 7.23.2
* Temperature SN = 4590
* Conductivity SN = 3228
* Number of Bytes Per Scan = 44
* Number of Voltage Words = 5
* Number of Scans Averaged by the Deck Unit = 1
* NMEA Latitude = 38 55.86 N
* NMEA Longitude = 073 13.04 W
* NMEA UTC (Time) = May 21 2021  19:06:21
* NMEA baud rate = 4800
** Ship: seawolf
** Station: 7.5
** Operator: TDK
# nquan = 31
# nvalues = 280                         
# units = specified
# name 0 = depSM: Depth [salt water, m]
# name 1 = t090C: Temperature [ITS-90, deg C]
# name 2 = sal00: Salinity, Practical [PSU]
# name 3 = density00: Density [density, kg/m^3]
# name 4 = sbeox0V: Oxygen raw, SBE 43 [V]
# name 5 = sbeox0ML/L: Oxygen, SBE 43 [ml/l]
# name 6 = sbeox0PS: Oxygen, SBE 43 [% saturation]
# name 7 = sbox0dV/dT: Oxygen, SBE 43 [dov/dt]
# name 8 = oxsolML/L: Oxygen Saturation, Garcia & Gordon [ml/l]
# name 9 = oxsatML/L: Oxygen Saturation, Weiss [ml/l]
# name 10 = ph: pH
# name 11 = flECO-AFL: Fluorescence, WET Labs ECO-AFL/FL [mg/m^3]
# name 12 = n2satML/L: Nitrogen Saturation [ml/l]
# name 13 = c0S/m: Conductivity [S/m]
# name 14 = cpar: CPAR/Corrected Irradiance [%]
# name 15 = sigma-é00: Density [sigma-theta, kg/m^3]
# name 16 = sigma-t00: Density [sigma-t, kg/m^3 ]
# name 17 = par: PAR/Irradiance, Biospherical/Licor
# name 18 = prDM: Pressure, Digiquartz [db]
# name 19 = pumps: Pump Status
# name 20 = scan: Scan Count
# name 21 = svCM: Sound Velocity [Chen-Millero, m/s]
# name 22 = spar: SPAR, Biospherical/Licor
# name 23 = specc: Specific Conductance [uS/cm]
# name 24 = timeS: Time, Elapsed [seconds]
# name 25 = timeY: Time, System [seconds]
# name 26 = accM: Acceleration [m/s^2]
# name 27 = dz/dtM: Descent Rate [m/s]
# name 28 = latitude: Latitude [deg]
# name 29 = longitude: Longitude [deg]
# name 30 = flag: flag
# span 0 =      1.979,     71.454       
# span 1 =     8.2568,    13.7549       
# span 2 =    32.5366,    34.6959       
# span 3 =  1024.3431,  1026.8030       
# span 4 =     1.9628,     2.7975       
# span 5 =     4.4940,     7.2703       
# span 6 =     73.028,    114.522       
# span 7 =   -0.06415,    0.05791       
# span 8 =    5.92242,    6.64233       
# span 9 =    5.91894,    6.64865       
# span 10 =      7.931,      8.127      
# span 11 =     0.0349,     0.9157      
# span 12 =   10.77490,   11.96183      
# span 13 =   3.470019,   3.924190      
# span 14 = 2.3087e-02, 3.9819e+01      
# span 15 =    24.3343,    26.4807      
# span 16 =    24.3342,    26.4790      
# span 17 = 2.6986e-01, 4.8180e+02      
# span 18 =      2.000,     72.000      
# span 19 =          1,          1      
# span 20 =        410,      18511      
# span 21 =    1481.78,    1499.91      
# span 22 = 1.1607e+03, 1.2519e+03      
# span 23 =  50388.903,  53783.390      
# span 24 =     17.040,    771.260      
# span 25 = 1621623998, 1621624753      
# span 26 =      -0.60,       0.58      
# span 27 =     -0.817,      0.832      
# span 28 =   38.93110,   38.93228      
# span 29 =  -73.21853,  -73.21740      
# span 30 = 0.0000e+00, 0.0000e+00      
# interval = decibars: 0.5              
# start_time = May 21 2021 19:06:21 [System UTC, first data scan.]
# bad_flag = -9.990e-29
*END*
[from data line 47]
     25.295     9.8617    32.9433  1025.4850     2.7460     7.1496    111.324   -0.00164    6.42232    6.42533      8.112     0.4920   11.60023   3.596299 3.1550e+00    25.3697    25.3692 3.7636e+01     25.500          1       2423    1487.25 1.1928e+03  51571.986    100.930 1621624082       0.36      0.128   38.93124  -73.21756 0.0000e+00
     25.804     9.8623    32.9473  1025.4904     2.7417     7.1316    110.948   -0.00367    6.42792    6.43100      8.109     0.4742   11.60952   3.596564 2.9805e+00    25.3728    25.3723 3.5550e+01     26.000          1       2438    1487.26 1.1927e+03  51577.761    101.528 1621624083       0.47      0.461   38.93124  -73.21756 0.0000e+00
     26.305     9.8143    32.9490  1025.5019     2.7356     7.0955    110.504   -0.00528    6.42100    6.42401      8.107     0.4950   11.59786   3.592240 2.8453e+00    25.3820    25.3815 3.3783e+01     26.500          1       2465    1487.10 1.1873e+03  51589.914    102.674 1621624084       0.04      0.549   38.93124  -73.21756 0.0000e+00
     26.784     9.8279    32.9680  1025.5167     2.7251     7.0657    110.136   -0.00370    6.41550    6.41844      8.103     0.5061   11.58860   3.596061 2.8171e+00    25.3946    25.3942 3.3128e+01     27.000          1       2532    1487.18 1.1760e+03  51614.320    105.447 1621624087       0.38      0.085   38.93124  -73.21756 0.0000e+00
     27.291     9.8701    32.9788  1025.5204     2.7233     7.0642    110.041   -0.00384    6.41961    6.42260      8.103     0.4998   11.59548   3.600943 2.6607e+00    25.3961    25.3956 3.1458e+01     27.500          1       2547    1487.35 1.1824e+03  51621.668    106.076 1621624087       0.45      0.453   38.93124  -73.21756 0.0000e+00
     27.793     9.8819    32.9826  1025.5238     2.7204     7.0901    109.988   -0.00334    6.44625    6.44959      8.103     0.4913   11.63982   3.601963 2.5056e+00    25.3971    25.3966 2.9764e+01     28.000          1       2565    1487.41 1.1879e+03  51625.020    106.837 1621624088       0.11      0.664   38.93124  -73.21756 0.0000e+00
     28.285     9.8656    32.9807  1025.5272     2.7120     7.0557    109.380   -0.00569    6.45063    6.45402      8.100     0.5217   11.64723   3.600091 2.3331e+00    25.3983    25.3978 2.7774e+01     28.500          1       2594    1487.36 1.1905e+03  51625.712    108.051 1621624089      -0.21      0.510   38.93124  -73.21757 0.0000e+00
     28.779     9.6912    32.9519  1025.5358     2.7040     7.0567    109.194   -0.00356    6.46249    6.46602      8.098     0.5193   11.66703   3.580986 2.1745e+00    25.4045    25.4040 2.5826e+01     29.000          1       2648    1486.70 1.1876e+03  51619.646    110.293 1621624092      -0.09      0.235   38.93124  -73.21758 0.0000e+00
     29.271     9.6424    32.9380  1025.5352     2.6943     7.0542    108.685   -0.00465    6.49048    6.49439      8.089     0.5300   11.71365   3.575033 2.1027e+00    25.4017    25.4012 2.4701e+01     29.500          1       2712    1486.51 1.1747e+03  51609.824    112.974 1621624094       0.16      0.173   38.93126  -73.21758 0.0000e+00
     29.768     9.4542    32.9040  1025.5415     2.6897     7.0386    108.470   -0.00458    6.48898    6.49288      8.085     0.5088   11.71098   3.553870 2.0152e+00    25.4056    25.4051 2.3629e+01     30.000          1       2737    1485.79 1.1726e+03  51599.711    114.007 1621624095       0.18      0.390   38.93126  -73.21758 0.0000e+00
     30.263     9.3960    32.8959  1025.5468     2.6842     7.0184    108.171   -0.00492    6.48824    6.49213      8.082     0.5087   11.70972   3.548794 1.9094e+00    25.4086    25.4081 2.2496e+01     30.500          1       2757    1485.58 1.1782e+03  51600.798    114.839 1621624096       0.14      0.517   38.93126  -73.21758 0.0000e+00
     30.764     9.3760    32.8957  1025.5523     2.6782     6.9882    107.717   -0.00669    6.48753    6.49141      8.081     0.5100   11.70851   3.547335 1.8018e+00    25.4117    25.4112 2.1319e+01     31.000          1       2774    1485.51 1.1832e+03  51604.105    115.539 1621624097       0.15      0.622   38.93126  -73.21758 0.0000e+00
     31.267     9.3676    32.9047  1025.5629     2.6676     6.9346    106.899   -0.01002    6.48705    6.49092      8.080     0.4989   11.70768   3.547592 1.6927e+00    25.4200    25.4195 2.0082e+01     31.500          1       2793    1485.50 1.1864e+03  51619.154    116.322 1621624098      -0.00      0.685   38.93126  -73.21758 0.0000e+00
     31.755     9.3768    32.9189  1025.5747     2.6296     6.8033    104.555   -0.01574    6.50704    6.51120      8.064     0.4729   11.74078   3.550029 1.5744e+00    25.4297    25.4291 1.8666e+01     32.000          1       2849    1485.56 1.1856e+03  51637.630    118.647 1621624100      -0.11      0.247   38.93126  -73.21760 0.0000e+00
     32.253     9.3668    32.9265  1025.5846     2.5905     6.7627    102.571   -0.01760    6.59328    6.59864      8.049     0.4218   11.88358   3.549695 1.4800e+00    25.4372    25.4367 1.7495e+01     32.500          1       2900    1485.54 1.1820e+03  51650.805    120.799 1621624102       0.16      0.268   38.93126  -73.21760 0.0000e+00
     32.744     9.1063    32.9130  1025.6176     2.5463     6.5818     99.729   -0.02498    6.59960    6.60508      8.024     0.3188   11.89379   3.522683 1.4106e+00    25.4679    25.4673 1.6581e+01     33.000          1       2944    1484.57 1.1755e+03  51686.456    122.618 1621624104      -0.10      0.288   38.93126  -73.21760 0.0000e+00
     33.238     8.6036    32.8963  1025.6851     2.5256     6.5346     99.204   -0.01944    6.58708    6.59241      8.019     0.3602   11.87269   3.475900 1.3452e+00    25.5326    25.5321 1.5828e+01     33.500          1       2971    1482.69 1.1766e+03  51770.235    123.766 1621624105       0.28      0.316   38.93126  -73.21760 0.0000e+00
     33.746     8.5842    32.9122  1025.7029     2.5160     6.4951     98.925   -0.01707    6.56569    6.57077      8.018     0.3479   11.83666   3.477414 1.2669e+00    25.5481    25.5476 1.4959e+01     34.000          1       2988    1482.65 1.1808e+03  51798.154    124.457 1621624106       0.32      0.557   38.93126  -73.21760 0.0000e+00
     34.238     8.6249    32.9309  1025.7135     2.5079     6.5117     99.254   -0.00901    6.56063    6.56565      8.021     0.3633   11.82816   3.483909 1.1963e+00    25.5565    25.5560 1.4163e+01     34.500          1       3021    1482.83 1.1839e+03  51815.791    125.814 1621624107      -0.19      0.468   38.93126  -73.21760 0.0000e+00
     34.723     8.8184    33.0164  1025.7529     2.5000     6.5143     99.295   -0.00426    6.56057    6.56559      8.023     0.3693   11.82806   3.510695 1.1384e+00    25.5939    25.5934 1.3475e+01     35.000          1       3062    1483.66 1.1837e+03  51895.193    127.552 1621624109       0.20      0.190   38.93128  -73.21760 0.0000e+00
     35.233     8.8456    33.0223  1025.7556     2.4977     6.5075     99.190   -0.00415    6.56067    6.56569      8.023     0.3896   11.82822   3.512671 1.0757e+00    25.5943    25.5937 1.2745e+01     35.500          1       3079    1483.78 1.1848e+03  51897.610    128.270 1621624110       0.35      0.463   38.93128  -73.21762 0.0000e+00
     35.730     8.8395    33.0234  1025.7598     2.4944     6.5084     99.288   -0.00136    6.55504    6.56002      8.023     0.4217   11.81845   3.512424 1.0304e+00    25.5962    25.5956 1.2149e+01     36.000          1       3132    1483.77 1.1791e+03  51900.954    130.453 1621624112       0.21      0.382   38.93128  -73.21762 0.0000e+00
     36.218     8.8790    33.0393  1025.7683     2.4914     6.5000     99.258   -0.00011    6.54863    6.55357      8.021     0.4731   11.80731   3.519032 9.9180e-01    25.6025    25.6019 1.1669e+01     36.500          1       3185    1483.94 1.1766e+03  51915.262    132.657 1621624114       0.58      0.375   38.93128  -73.21762 0.0000e+00
     36.723     8.9191    33.0651  1025.7845     2.4884     6.4919     98.919   -0.00252    6.56291    6.56806      8.022     0.4823   11.83081   3.524915 9.3501e-01    25.6165    25.6159 1.1032e+01     37.000          1       3199    1484.13 1.1799e+03  51943.415    133.241 1621624115       0.32      0.676   38.93128  -73.21762 0.0000e+00
     37.220     8.9498    33.0973  1025.8071     2.4819     6.4693     98.361   -0.00535    6.57713    6.58250      8.019     0.4671   11.85412   3.529452 8.8123e-01    25.6368    25.6362 1.0417e+01     37.500          1       3220    1484.29 1.1822e+03  51982.253    134.139 1621624115      -0.14      0.691   38.93128  -73.21762 0.0000e+00
     37.708     8.8144    33.1180  1025.8468     2.4590     6.4165     96.764   -0.01134    6.63115    6.63730      8.013     0.6592   11.94343   3.518993 8.3595e-01    25.6741    25.6735 9.8733e+00     38.000          1       3269    1483.82 1.1811e+03  52041.609    136.163 1621624117      -0.14      0.240   38.93128  -73.21762 0.0000e+00
     38.202     8.5024    33.1324  1025.9083     2.4360     6.3477     95.564   -0.01223    6.64233    6.64865      8.001     0.8550   11.96183   3.490497 7.9322e-01    25.7331    25.7325 9.3698e+00     38.500          1       3316    1482.69 1.1812e+03  52131.030    138.107 1621624119       0.08      0.262   38.93128  -73.21762 0.0000e+00
     38.702     8.3088    33.1319  1025.9395     2.4299     6.3408     95.715   -0.00718    6.62464    6.63077      8.000     0.9001   11.93190   3.474194 7.5787e-01    25.7618    25.7613 8.9208e+00     39.000          1       3344    1481.97 1.1771e+03  52175.398    139.288 1621624121       0.12      0.373   38.93128  -73.21762 0.0000e+00
     39.200     8.2568    33.1314  1025.9492     2.4296     6.3677     96.217   -0.00159    6.61812    6.62419      7.998     0.9118   11.92075   3.470019 7.2050e-01    25.7692    25.7687 8.4434e+00     39.500          1       3374    1481.78 1.1718e+03  52186.869    140.552 1621624122      -0.05      0.420   38.93130  -73.21762 0.0000e+00
     39.690     8.3445    33.1902  1025.9844     2.4280     6.3145     96.136   -0.00096    6.56824    6.57368      7.995     0.8748   11.83706   3.484858 6.7726e-01    25.8023    25.8017 7.9641e+00     40.000          1       3415    1482.19 1.1760e+03  52250.136    142.258 1621624124      -0.04      0.279   38.93130  -73.21762 0.0000e+00
     40.187     8.3680    33.2155  1026.0029     2.4298     6.2885     96.331    0.00082    6.52801    6.53294      7.998     0.7499   11.76984   3.488791 6.3651e-01    25.8186    25.8179 7.5112e+00     40.500          1       3442    1482.32 1.1801e+03  52280.785    143.373 1621624125       0.18      0.371   38.93130  -73.21762 0.0000e+00
     40.686     8.4608    33.2589  1026.0252     2.4299     6.2719     96.335    0.00104    6.51053    6.51525      7.998     0.6446   11.74033   3.503599 5.9921e-01    25.8386    25.8380 7.0779e+00     41.000          1       3463    1482.73 1.1812e+03  52321.134    144.239 1621624126       0.13      0.519   38.93130  -73.21764 0.0000e+00
     41.187     8.6795    33.3217  1026.0431     2.4290     6.2439     96.163   -0.00012    6.49312    6.49763      7.998     0.6452   11.71116   3.529274 5.6295e-01    25.8545    25.8538 6.6584e+00     41.500          1       3484    1483.63 1.1828e+03  52361.683    145.119 1621624126       0.01      0.579   38.93130  -73.21764 0.0000e+00
     41.678     9.0225    33.4192  1026.0679     2.4250     6.1960     95.768   -0.00207    6.46974    6.47398      8.002     0.5874   11.67166   3.569910 5.3012e-01    25.8774    25.8767 6.2435e+00     42.000          1       3528    1485.03 1.1777e+03  52424.472    146.940 1621624128      -0.16      0.311   38.93130  -73.21764 0.0000e+00
     42.175     9.2336    33.5005  1026.1002     2.4153     6.0974     94.991   -0.00488    6.41888    6.42254      8.002     0.7294   11.58589   3.596387 5.0137e-01    25.9077    25.9069 5.8656e+00     42.500          1       3577    1485.91 1.1699e+03  52494.186    148.986 1621624130       0.11      0.253   38.93130  -73.21764 0.0000e+00
     42.666     9.3953    33.5776  1026.1366     2.4179     5.9697     95.318   -0.00049    6.26256    6.26444      7.999     0.7330   11.32217   3.618959 4.6774e-01    25.9420    25.9412 5.5068e+00     43.000          1       3619    1486.61 1.1773e+03  52569.418    150.768 1621624132      -0.05      0.287   38.93130  -73.21764 0.0000e+00
     43.156     9.5306    33.6286  1026.1566     2.4190     6.1246     96.504    0.01136    6.34653    6.34951      7.993     0.5043   11.46180   3.637053 4.4270e-01    25.9598    25.9590 5.2285e+00     43.500          1       3646    1487.18 1.1811e+03  52613.634    151.877 1621624133       0.23      0.335   38.93130  -73.21765 0.0000e+00
     43.661     9.8215    33.7784  1026.2273     2.3814     5.8531     92.541   -0.01303    6.32481    6.32751      7.990     0.4310   11.42566   3.689126 4.1864e-01    26.0286    26.0278 4.9437e+00     44.000          1       3661    1488.42 1.1809e+03  52765.503    152.482 1621624134       0.38      0.541   38.93130  -73.21766 0.0000e+00
     44.164    10.6966    34.1022  1026.3310     2.3405     5.5459     87.631   -0.04710    6.32878    6.33155      7.987     0.4565   11.43216   3.801624 3.9431e-01    26.1309    26.1300 4.6564e+00     44.500          1       3674    1491.95 1.1809e+03  53052.395    153.055 1621624134       0.29      0.744   38.93132  -73.21766 0.0000e+00
     44.663    10.5885    34.0911  1026.3438     2.2998     5.3386     84.170   -0.06415    6.34269    6.34564      7.986     0.5049   11.45537   3.775071 3.7129e-01    26.1414    26.1404 4.3825e+00     45.000          1       3691    1491.56 1.1803e+03  53057.263    153.749 1621624135      -0.03      0.826   38.93132  -73.21766 0.0000e+00
     45.151     9.9993    34.0582  1026.4228     2.2209     5.2647     82.732   -0.03559    6.36355    6.36677      7.973     0.4148   11.49005   3.718849 3.4872e-01    26.2176    26.2167 4.1026e+00     45.500          1       3755    1489.43 1.1765e+03  53123.295    156.396 1621624138      -0.06      0.345   38.93132  -73.21766 0.0000e+00
     45.641     9.8886    34.0469  1026.4350     2.1782     5.2643     82.633   -0.01237    6.37076    6.37408      7.958     0.2561   11.50196   3.707795 3.2854e-01    26.2274    26.2265 3.8744e+00     46.000          1       3814    1489.03 1.1793e+03  53129.820    158.859 1621624140       0.40      0.302   38.93132  -73.21766 0.0000e+00
     46.140     9.8656    34.0442  1026.4390     2.1739     5.2654     82.648   -0.00978    6.37093    6.37426      7.958     0.2367   11.50225   3.705426 3.1100e-01    26.2291    26.2282 3.6690e+00     46.500          1       3829    1488.95 1.1797e+03  53130.902    159.495 1621624141       0.34      0.562   38.93132  -73.21766 0.0000e+00
     46.644     9.8519    34.0421  1026.4419     2.1701     5.2638     82.622   -0.00785    6.37091    6.37424 -9.990e-29     0.2580   11.50223   3.703916 2.9508e-01    26.2298    26.2289 3.4788e+00     47.000          1       3844    1488.90 1.1789e+03  53130.886    160.106 1621624141       0.20      0.729   38.93132  -73.21766 0.0000e+00
     47.142     9.8592    34.0500  1026.4491     2.1656     5.2561     82.517   -0.00649    6.36971    6.37302 -9.990e-29     0.2802   11.50019   3.705800 2.8121e-01    26.2348    26.2339 3.3152e+00     47.500          1       3861    1488.95 1.1789e+03  53141.110    160.844 1621624142      -0.05      0.772   38.93132  -73.21767 0.0000e+00
     47.632     9.8797    34.0578  1026.4541     2.1592     5.2512     82.479   -0.00340    6.36673    6.37002 -9.990e-29     0.2832   11.49511   3.708225 2.7424e-01    26.2374    26.2365 3.2069e+00     48.000          1       3917    1489.04 1.1694e+03  53148.209    163.186 1621624144      -0.06      0.284   38.93132  -73.21767 0.0000e+00
