CalculateIndicators/WaterTemperature/Data/CTD_NYOS/20210521_C02.cnv
* Sea-Bird SBE 9 Data File:
* FileName = C:\Seabird 9 CTD\Data\2021\202105_offshore\20210521_C02.hex
* Software Version Seasave V 7.23.2
* Temperature SN = 4590
* Conductivity SN = 3228
* Number of Bytes Per Scan = 44
* Number of Voltage Words = 5
* Number of Scans Averaged by the Deck Unit = 1
* NMEA Latitude = 40 06.37 N
* NMEA Longitude = 073 38.84 W
* NMEA UTC (Time) = May 21 2021  07:21:23
* NMEA baud rate = 4800
** Ship: seawolf
** Station: 7.2
** Operator: sjw
# nquan = 31
# nvalues = 140                         
# units = specified
# name 0 = depSM: Depth [salt water, m]
# name 1 = t090C: Temperature [ITS-90, deg C]
# name 2 = sal00: Salinity, Practical [PSU]
# name 3 = density00: Density [density, kg/m^3]
# name 4 = sbeox0V: Oxygen raw, SBE 43 [V]
# name 5 = sbeox0ML/L: Oxygen, SBE 43 [ml/l]
# name 6 = sbeox0PS: Oxygen, SBE 43 [% saturation]
# name 7 = sbox0dV/dT: Oxygen, SBE 43 [dov/dt]
# name 8 = oxsolML/L: Oxygen Saturation, Garcia & Gordon [ml/l]
# name 9 = oxsatML/L: Oxygen Saturation, Weiss [ml/l]
# name 10 = ph: pH
# name 11 = flECO-AFL: Fluorescence, WET Labs ECO-AFL/FL [mg/m^3]
# name 12 = n2satML/L: Nitrogen Saturation [ml/l]
# name 13 = c0S/m: Conductivity [S/m]
# name 14 = cpar: CPAR/Corrected Irradiance [%]
# name 15 = sigma-é00: Density [sigma-theta, kg/m^3]
# name 16 = sigma-t00: Density [sigma-t, kg/m^3 ]
# name 17 = par: PAR/Irradiance, Biospherical/Licor
# name 18 = prDM: Pressure, Digiquartz [db]
# name 19 = pumps: Pump Status
# name 20 = scan: Scan Count
# name 21 = svCM: Sound Velocity [Chen-Millero, m/s]
# name 22 = spar: SPAR, Biospherical/Licor
# name 23 = specc: Specific Conductance [uS/cm]
# name 24 = timeS: Time, Elapsed [seconds]
# name 25 = timeY: Time, System [seconds]
# name 26 = accM: Acceleration [m/s^2]
# name 27 = dz/dtM: Descent Rate [m/s]
# name 28 = latitude: Latitude [deg]
# name 29 = longitude: Longitude [deg]
# name 30 = flag: flag
# span 0 =      1.972,     36.725       
# span 1 =     7.9634,    14.8188       
# span 2 =    31.1470,    33.1491       
# span 3 =  1023.0670,  1025.9950       
# span 4 =     2.0167,     2.9187       
# span 5 =     5.0639,     7.3715       
# span 6 =     75.784,    121.078       
# span 7 =   -0.05187,    0.04589       
# span 8 =    5.84933,    6.68414       
# span 9 =    5.84411,    6.69110       
# span 10 =      7.866,      8.173      
# span 11 =     0.1845,     1.2205      
# span 12 =   10.67071,   12.03086      
# span 13 =   3.446219,   3.852361      
# span 14 = -3.411e+04, 1.0227e+05      
# span 15 =    23.0537,    25.8261      
# span 16 =    23.0536,    25.8256      
# span 17 = 1.0000e-12, 1.0000e-12      
# span 18 =      2.000,     37.000      
# span 19 =          1,          1      
# span 20 =        119,       8567      
# span 21 =    1480.64,    1501.71      
# span 22 = -4.486e-02, 2.6483e+00      
# span 23 =  48348.911,  52279.258      
# span 24 =      4.922,    356.925      
# span 25 = 1621581690, 1621582041      
# span 26 =      -0.66,       0.74      
# span 27 =     -0.972,      0.829      
# span 28 =   40.10620,   40.10630      
# span 29 =  -73.64758,  -73.64740      
# span 30 = 0.0000e+00, 0.0000e+00      
# interval = decibars: 0.5              
# start_time = May 21 2021 07:21:24 [System UTC, first data scan.]
# bad_flag = -9.990e-29
*END*
[from data line 47]
     25.304     8.7583    32.7487  1025.5093     2.2667     5.5122     83.507   -0.05032    6.60081    6.60615      7.925     1.0409   11.89752   3.473399 5.0640e-11    25.3933    25.3929 1.0000e-12     25.500          1       1606    1482.96 1.9747e+00  51522.811     66.866 1621581751       0.08      0.548   40.10624  -73.64744 0.0000e+00
     25.800     8.5422    32.7587  1025.5525     2.2259     5.3605     81.354   -0.05187    6.58914    6.59434      7.921     1.0238   11.87805   3.457498 5.0640e-11    25.4341    25.4337 1.0000e-12     26.000          1       1627    1482.17 1.9747e+00  51584.933     67.760 1621581752      -0.01      0.571   40.10624  -73.64744 0.0000e+00
     26.300     8.5988    32.7780  1025.5613     2.2016     5.3717     81.703   -0.03474    6.57469    6.57972      7.926     1.0377   11.85362   3.465246 5.0640e-11    25.4406    25.4402 1.0000e-12     26.500          1       1652    1482.41 1.9747e+00  51599.912     68.800 1621581753      -0.08      0.530   40.10624  -73.64744 0.0000e+00
     26.785     8.7102    32.7987  1025.5627     2.2149     5.7001     86.481    0.01043    6.59112    6.59640      7.959     0.8452   11.88056   3.478532 5.0640e-11    25.4399    25.4395 1.0000e-12     27.000          1       1703    1482.86 1.9747e+00  51605.181     70.922 1621581755      -0.13      0.194   40.10624  -73.64744 0.0000e+00
     27.284     8.8325    32.8502  1025.5864     2.2432     5.8820     89.106    0.02358    6.60121    6.60664      7.954     0.9967   11.89721   3.494089 -9.990e-29    25.4614    25.4610 1.0000e-12     27.500          1       1731    1483.39 -9.990e-29  51651.402     72.072 1621581756       0.33      0.321   40.10624  -73.64744 0.0000e+00
     27.790     8.7453    32.8529  1025.6044     2.2455     5.8321     88.316    0.01355    6.60367    6.60915      7.950     0.9826   11.90115   3.485769 -9.990e-29    25.4770    25.4766 1.0000e-12     28.000          1       1750    1483.08 -9.990e-29  51675.015     72.890 1621581757       0.17      0.557   40.10624  -73.64744 0.0000e+00
     28.272     8.6629    32.8564  1025.6220     2.2398     5.7138     86.511   -0.00326    6.60467    6.61017      7.944     0.9719   11.90275   3.479287 -9.990e-29    25.4924    25.4919 1.0000e-12     28.500          1       1783    1482.78 -9.990e-29  51698.049     74.259 1621581758      -0.25      0.429   40.10624  -73.64744 0.0000e+00
     28.766     8.6068    32.8619  1025.6371     2.2343     5.6783     86.006   -0.00576    6.60213    6.60759      7.944     0.9857   11.89860   3.475057 9.9999e+04    25.5052    25.5047 1.0000e-12     29.000          1       1804    1482.59 0.0000e+00  51718.523     75.124 1621581759       0.25      0.375   40.10624  -73.64744 0.0000e+00
     29.276     8.5936    32.8696  1025.6475     2.2301     5.6605     85.738   -0.00642    6.60212    6.60758      7.944     1.0457   11.89864   3.474656 9.9999e+04    25.5132    25.5128 1.0000e-12     29.500          1       1817    1482.56 0.0000e+00  51732.970     75.672 1621581760       0.45      0.602   40.10624  -73.64744 0.0000e+00
     29.779     8.5875    32.8739  1025.6542     2.2260     5.6467     85.503   -0.00684    6.60418    6.60967      7.944     1.0331   11.90195   3.474780 9.9999e+04    25.5176    25.5171 1.0000e-12     30.000          1       1833    1482.55 0.0000e+00  51740.630     76.329 1621581760       0.14      0.805   40.10624  -73.64744 0.0000e+00
     30.264     8.5898    32.8731  1025.6554     2.2154     5.6442     85.230   -0.00447    6.62241    6.62819      7.938     0.8875   11.93183   3.475210 8.0810e+04    25.5165    25.5161 1.0000e-12     30.500          1       1893    1482.56 3.7893e-01  51739.086     78.846 1621581763      -0.06      0.227   40.10624  -73.64744 0.0000e+00
     30.756     8.5332    32.8907  1025.6801     2.1970     5.5699     83.867   -0.00980    6.64132    6.64740      7.923     0.5911   11.96275   3.471724 -2.833e+03    25.5390    25.5385 1.0000e-12     31.000          1       1942    1482.38 2.0306e+00  51777.395     80.862 1621581765       0.15      0.277   40.10624  -73.64746 0.0000e+00
     31.249     8.5063    32.8924  1025.6877     2.1806     5.4833     82.588   -0.01485    6.63934    6.64539      7.917     0.5475   11.95946   3.469026 5.0640e-11    25.5444    25.5439 1.0000e-12     31.500          1       1965    1482.29 1.9747e+00  51785.511     81.822 1621581766       0.16      0.423   40.10624  -73.64746 0.0000e+00
     31.748     8.3707    32.9068  1025.7218     2.1676     5.4221     81.709   -0.01739    6.63582    6.64181      7.916     0.5888   11.95376   3.458309 2.0331e+04    25.5760    25.5756 1.0000e-12     32.000          1       1981    1481.81 1.5732e+00  51837.576     82.512 1621581766       0.23      0.559   40.10624  -73.64746 0.0000e+00
     32.251     8.3290    32.9218  1025.7421     2.1595     5.3930     81.297   -0.01746    6.63370    6.63966      7.916     0.6244   11.95028   3.456513 9.9719e+04    25.5940    25.5935 1.0000e-12     32.500          1       1995    1481.68 5.5293e-03  51868.451     83.102 1621581767       0.24      0.703   40.10624  -73.64746 0.0000e+00
     32.754     8.3265    32.9237  1025.7463     2.1531     5.3938     81.286   -0.01414    6.63559    6.64158      7.916     0.6838   11.95336   3.456739 9.9999e+04    25.5959    25.5954 1.0000e-12     33.000          1       2012    1481.68 0.0000e+00  51871.924     83.782 1621581768       0.03      0.798   40.10624  -73.64746 0.0000e+00
     33.244     8.3399    32.9257  1025.7481     2.1308     5.3600     80.517   -0.01092    6.65731    6.66373      7.904     0.4794   11.98808   3.458492 9.9999e+04    25.5954    25.5949 1.0000e-12     33.500          1       2073    1481.74 0.0000e+00  51872.021     86.347 1621581770       0.10      0.431   40.10624  -73.64746 0.0000e+00
     33.737     8.2093    32.9900  1025.8202     2.0999     5.2184     78.163   -0.02003    6.67623    6.68303      7.889     0.3032   12.01818   3.451214 9.9999e+04    25.6652    25.6647 1.0000e-12     34.000          1       2126    1481.33 0.0000e+00  51992.986     88.540 1621581772       0.74      0.514   40.10624  -73.64746 0.0000e+00
     34.245     8.0212    33.1201  1025.9525     2.0875     5.1490     77.137   -0.02443    6.67521    6.68199      7.889     0.4021   12.01663   3.447729 9.9999e+04    25.7950    25.7945 1.0000e-12     34.500          1       2138    1480.79 0.0000e+00  52223.568     89.029 1621581773       0.41      0.829   40.10624  -73.64746 0.0000e+00
     34.735     8.0203    33.1172  1025.9526     2.0650     5.1272     76.748   -0.01683    6.68063    6.68751      7.887     0.3365   12.02527   3.447716 9.9999e+04    25.7929    25.7924 1.0000e-12     35.000          1       2180    1480.79 0.0000e+00  52219.207     90.805 1621581775      -0.03      0.500   40.10624  -73.64746 0.0000e+00
     35.225     8.0107    33.1202  1025.9586     2.0442     5.1283     76.724   -0.00626    6.68414    6.69110      7.884     0.2453   12.03086   3.447529 9.9999e+04    25.7966    25.7961 1.0000e-12     35.500          1       2245    1480.77 0.0000e+00  52226.073     93.511 1621581777       0.08      0.259   40.10624  -73.64746 0.0000e+00
     35.717     7.9934    33.1314  1025.9722     2.0347     5.0958     76.274   -0.00593    6.68094    6.68784 -9.990e-29     0.2310   12.02571   3.447093 9.9999e+04    25.8080    25.8075 1.0000e-12     36.000          1       2283    1480.72 0.0000e+00  52246.577     95.079 1621581779       0.10      0.285   40.10624  -73.64746 0.0000e+00
     36.231     7.9634    33.1482  1025.9921     2.0269     5.0763     75.981   -0.00495    6.68106    6.68795      7.875     0.2407   12.02595   3.446219 5.7513e+04    25.8255    25.8250 1.0000e-12     36.500          1       2360    1480.64 8.3898e-01  52277.959     98.286 1621581782       0.19      0.520   40.10624  -73.64746 0.0000e+00
     36.725     7.9646    33.1491  1025.9950     2.0167     5.0639     75.784   -0.00165    6.68203    6.68894      7.875     0.1845   12.02753   3.446832 -3.411e+04    25.8261    25.8256 1.0000e-12     37.000          1       2517    1480.65 2.6483e+00  52279.258    104.850 1621581789      -0.66      0.496   40.10624  -73.64746 0.0000e+00
     36.220     7.9711    33.1441  1025.9878     2.0203     5.0785     76.022   -0.00097    6.68034    6.68721      7.875     0.2237   12.02488   3.446789 5.0640e-11    25.8212    25.8207 1.0000e-12     36.500          1       2487    1480.66 1.9747e+00  52270.217    103.574 1621581787      -0.54     -0.088   40.10624  -73.64746 0.0000e+00
     35.717     7.9854    33.1354  1025.9766     2.0229     5.1006     76.354    0.00115    6.68020    6.68707      7.875     0.2388   12.02468   3.447315 5.0640e-11    25.8123    25.8118 1.0000e-12     36.000          1       2518    1480.70 1.9747e+00  52254.204    104.862 1621581789      -0.03     -0.354   40.10624  -73.64746 0.0000e+00
     35.218     8.0133    33.1123  1025.9520     2.0311     5.1350     76.843    0.00195    6.68247    6.68938      7.872     0.2267   12.02829   3.447729 5.0640e-11    25.7901    25.7896 1.0000e-12     35.500          1       2824    1480.76 1.9747e+00  52214.336    117.607 1621581801      -0.06     -0.301   40.10624  -73.64746 0.0000e+00
     34.737     8.0145    33.1107  1025.9483     2.0337     5.1115     76.854    0.00156    6.65093    6.65720      7.866     0.3123   11.97811   3.447705 5.0640e-11    25.7886    25.7881 1.0000e-12     35.000          1       3791    1480.76 1.9747e+00  52211.391    157.920 1621581842      -0.41     -0.409   40.10626  -73.64746 0.0000e+00
     34.235     8.0154    33.1101  1025.9455     2.0357     5.1365     77.038    0.00221    6.66752    6.67412      7.870     0.2943   12.00462   3.447696 5.0640e-11    25.7881    25.7875 1.0000e-12     34.500          1       3780    1480.76 1.9747e+00  52210.085    157.450 1621581841      -0.43     -0.636   40.10626  -73.64746 0.0000e+00
     33.730     8.0164    33.1094  1025.9424     2.0407     5.1600     77.470    0.00426    6.66060    6.66707      7.873     0.2698   11.99349   3.447711 5.0640e-11    25.7873    25.7869 1.0000e-12     34.000          1       3792    1480.75 1.9747e+00  52208.560    157.962 1621581842      -0.32     -0.835   40.10626  -73.64746 0.0000e+00
     33.230     8.0572    33.0793  1025.9104     2.0463     5.1814     77.974    0.00702    6.64510    6.65124      7.878     0.2597   11.96897   3.448726 5.0640e-11    25.7577    25.7572 1.0000e-12     33.500          1       3807    1480.86 1.9747e+00  52156.180    158.587 1621581842       0.00     -0.922   40.10626  -73.64746 0.0000e+00
     32.741     8.1930    32.9932  1025.8206     2.0813     5.3227     80.237    0.01317    6.63391    6.63986      7.883     0.4377   11.95080   3.452908 1.0227e+05    25.6701    25.6696 1.0000e-12     33.000          1       3864    1481.26 -4.486e-02  52001.344    160.961 1621581845       0.02     -0.393   40.10626  -73.64747 0.0000e+00
     32.254     8.3050    32.9167  1025.7417     2.1128     5.4052     81.765    0.01346    6.61069    6.61626      7.887     0.7079   11.91283   3.455563 9.9999e+04    25.5936    25.5931 1.0000e-12     32.500          1       3918    1481.58 0.0000e+00  51866.744    163.219 1621581847      -0.38     -0.318   40.10626  -73.64748 0.0000e+00
     31.758     8.3092    32.9133  1025.7361     2.1214     5.4288     82.106    0.01254    6.61194    6.61754      7.891     0.8385   11.91486   3.455671 9.9999e+04    25.5902    25.5897 1.0000e-12     32.000          1       3934    1481.58 0.0000e+00  51860.409    163.864 1621581848      -0.27     -0.549   40.10626  -73.64748 0.0000e+00
     31.259     8.3333    32.9079  1025.7260     2.1314     5.4637     82.703    0.01381    6.60641    6.61192      7.895     0.8308   11.90582   3.457678 9.9999e+04    25.5824    25.5820 1.0000e-12     31.500          1       3947    1481.66 0.0000e+00  51847.143    164.434 1621581848      -0.26     -0.706   40.10626  -73.64748 0.0000e+00
     30.757     8.4287    32.8837  1025.6904     2.1418     5.5101     83.422    0.01608    6.60511    6.61060      7.897     0.7642   11.90370   3.464371 9.9999e+04    25.5492    25.5487 1.0000e-12     31.000          1       3960    1481.98 0.0000e+00  51790.301    164.972 1621581849      -0.19     -0.829   40.10626  -73.64748 0.0000e+00
     30.258     8.4607    32.8796  1025.6800     2.1540     5.5663     84.273    0.01881    6.60509    6.61058      7.901     0.8149   11.90368   3.466506 9.9999e+04    25.5412    25.5407 1.0000e-12     30.500          1       3974    1482.09 0.0000e+00  51777.092    165.548 1621581849      -0.06     -0.898   40.10626  -73.64748 0.0000e+00
     29.757     8.5335    32.8667  1025.6566     2.1691     5.6222     85.115    0.01985    6.60550    6.61099      7.904     0.9065   11.90437   3.471442 9.9999e+04    25.5201    25.5196 1.0000e-12     30.000          1       3993    1482.33 0.0000e+00  51742.480    166.351 1621581850       0.20     -0.809   40.10626  -73.64748 0.0000e+00
     29.276     8.5834    32.8568  1025.6390     2.2020     5.6599     85.756    0.00932    6.59997    6.60537      7.908     0.9918   11.89536   3.474596 2.3953e+04    25.5047    25.5043 1.0000e-12     29.500          1       4064    1482.50 1.5017e+00  51717.020    169.279 1621581853      -0.04     -0.083   40.10626  -73.64748 0.0000e+00
     28.781     8.5860    32.8538  1025.6340     2.2107     5.6599     85.889    0.00636    6.58985    6.59510      7.910     1.0686   11.87877   3.474383 -1.808e+03    25.5020    25.5015 1.0000e-12     29.000          1       4097    1482.50 2.0104e+00  51711.653    170.674 1621581855      -0.20     -0.325   40.10626  -73.64748 0.0000e+00
     28.281     8.5853    32.8509  1025.6296     2.2153     5.6629     86.084    0.00625    6.57830    6.58336      7.910     1.0682   11.85982   3.473994 5.0640e-11    25.4999    25.4994 1.0000e-12     28.500          1       4116    1482.49 1.9747e+00  51707.771    171.454 1621581855      -0.22     -0.490   40.10626  -73.64748 0.0000e+00
     27.778     8.6211    32.8453  1025.6174     2.2222     5.6870     86.488    0.00706    6.57545    6.58048      7.912     0.9567   11.85507   3.476998 2.4553e+03    25.4900    25.4896 1.0000e-12     28.000          1       4134    1482.60 1.9262e+00  51691.318    172.215 1621581856      -0.12     -0.627   40.10626  -73.64748 0.0000e+00
     27.286     8.6843    32.8351  1025.5975     2.2361     5.7789     87.532    0.01064    6.60208    6.60744      7.915     0.8902   11.89958   3.481583 9.7155e+04    25.4724    25.4720 1.0000e-12     27.500          1       4162    1482.82 5.6166e-02  51662.761    173.358 1621581857       0.19     -0.537   40.10626  -73.64748 0.0000e+00
     26.800     8.7919    32.8199  1025.5667     2.2470     5.8263     88.145    0.01139    6.60993    6.61540      7.908     0.8952   11.91278   3.489991 1.0010e+05    25.4439    25.4435 1.0000e-12     27.000          1       4193    1483.20 -2.082e-03  51617.141    174.650 1621581859      -0.02     -0.339   40.10626  -73.64748 0.0000e+00
     26.300     8.7954    32.8235  1025.5668     2.2351     5.7093     86.589    0.00095    6.59352    6.59877      7.897     0.9551   11.88519   3.489179 9.9999e+04    25.4462    25.4458 1.0000e-12     26.500          1       4209    1483.20 0.0000e+00  51621.518    175.336 1621581859      -0.30     -0.477   40.10626  -73.64748 0.0000e+00
     25.797     8.6764    32.8028  1025.5665     2.2205     5.5829     84.651   -0.01249    6.59519    6.60047      7.892     0.8774   11.88806   3.476066 9.9999e+04    25.4482    25.4478 1.0000e-12     26.000          1       4223    1482.72 0.0000e+00  51617.137    175.909 1621581860      -0.34     -0.675   40.10626  -73.64748 0.0000e+00
