CalculateIndicators/WaterTemperature/Data/CTD_NYOS/20210525_C37.cnv
* Sea-Bird SBE 9 Data File:
* FileName = C:\Seabird 9 CTD\Data\2021\202105_offshore\20210525_C37.hex
* Software Version Seasave V 7.23.2
* Temperature SN = 4590
* Conductivity SN = 3228
* Number of Bytes Per Scan = 44
* Number of Voltage Words = 5
* Number of Scans Averaged by the Deck Unit = 1
* NMEA Latitude = 40 23.91 N
* NMEA Longitude = 071 40.43 W
* NMEA UTC (Time) = May 26 2021  03:11:29
* NMEA baud rate = 4800
** Ship: seawolf
** Station: 1.3
** Operator: sjw
# nquan = 31
# nvalues = 296                         
# units = specified
# name 0 = depSM: Depth [salt water, m]
# name 1 = t090C: Temperature [ITS-90, deg C]
# name 2 = sal00: Salinity, Practical [PSU]
# name 3 = density00: Density [density, kg/m^3]
# name 4 = sbeox0V: Oxygen raw, SBE 43 [V]
# name 5 = sbeox0ML/L: Oxygen, SBE 43 [ml/l]
# name 6 = sbeox0PS: Oxygen, SBE 43 [% saturation]
# name 7 = sbox0dV/dT: Oxygen, SBE 43 [dov/dt]
# name 8 = oxsolML/L: Oxygen Saturation, Garcia & Gordon [ml/l]
# name 9 = oxsatML/L: Oxygen Saturation, Weiss [ml/l]
# name 10 = ph: pH
# name 11 = flECO-AFL: Fluorescence, WET Labs ECO-AFL/FL [mg/m^3]
# name 12 = n2satML/L: Nitrogen Saturation [ml/l]
# name 13 = c0S/m: Conductivity [S/m]
# name 14 = cpar: CPAR/Corrected Irradiance [%]
# name 15 = sigma-é00: Density [sigma-theta, kg/m^3]
# name 16 = sigma-t00: Density [sigma-t, kg/m^3 ]
# name 17 = par: PAR/Irradiance, Biospherical/Licor
# name 18 = prDM: Pressure, Digiquartz [db]
# name 19 = pumps: Pump Status
# name 20 = scan: Scan Count
# name 21 = svCM: Sound Velocity [Chen-Millero, m/s]
# name 22 = spar: SPAR, Biospherical/Licor
# name 23 = specc: Specific Conductance [uS/cm]
# name 24 = timeS: Time, Elapsed [seconds]
# name 25 = timeY: Time, System [seconds]
# name 26 = accM: Acceleration [m/s^2]
# name 27 = dz/dtM: Descent Rate [m/s]
# name 28 = latitude: Latitude [deg]
# name 29 = longitude: Longitude [deg]
# name 30 = flag: flag
# span 0 =      1.967,     75.410       
# span 1 =     7.2261,    14.2012       
# span 2 =    32.1576,    33.2872       
# span 3 =  1024.0086,  1026.3451       
# span 4 =     2.0994,     2.6387       
# span 5 =     5.4326,     6.8593       
# span 6 =     80.528,    106.429       
# span 7 =   -0.01720,    0.01827       
# span 8 =    5.88480,    6.79820       
# span 9 =    5.88059,    6.80688       
# span 10 =      7.906,      8.104      
# span 11 =    -0.0271,     0.5928      
# span 12 =   10.71793,   12.21930      
# span 13 =   3.379303,   3.912727      
# span 14 = -3.282e+04, 1.0819e+05      
# span 15 =    23.9780,    25.9979      
# span 16 =    23.9777,    25.9969      
# span 17 = 1.0000e-12, 1.0000e-12      
# span 18 =      2.000,     76.000      
# span 19 =          1,          1      
# span 20 =        447,      16338      
# span 21 =    1478.17,    1501.00      
# span 22 = -1.618e-01, 2.6228e+00      
# span 23 =  49847.701,  52609.372      
# span 24 =     18.583,    680.725      
# span 25 = 1621998704, 1621999366      
# span 26 =      -0.72,       0.71      
# span 27 =     -0.735,      0.718      
# span 28 =   40.39854,   40.39966      
# span 29 =  -71.67377,  -71.66892      
# span 30 = 0.0000e+00, 0.0000e+00      
# interval = decibars: 0.5              
# start_time = May 26 2021 03:11:25 [System UTC, first data scan.]
# bad_flag = -9.990e-29
*END*
[from data line 94]
     48.620     8.3566    32.9780  1025.8574     2.3977     6.2990     94.602   -0.00367    6.65837    6.66475      8.031     0.4991   11.99036   3.466170 5.0640e-11    25.6342    25.6334 1.0000e-12     49.000          1       3780    1482.12 1.9747e+00  51952.479    157.443 1621998843      -0.19      0.484   40.39878  -71.67271 0.0000e+00
     49.109     8.3031    32.9760  1025.8661     2.3894     6.2910     94.118   -0.00493    6.68421    6.69097      8.029     0.4539   12.03314   3.460754 4.1067e+03    25.6406    25.6399 1.0000e-12     49.500          1       3821    1481.92 1.8936e+00  51962.209    159.162 1621998844       0.11      0.240   40.39878  -71.67270 0.0000e+00
     49.608     8.2214    32.9724  1025.8778     2.3846     6.2845     93.886   -0.00508    6.69380    6.70070      8.026     0.4331   12.04888   3.452824 9.9257e+04    25.6499    25.6492 1.0000e-12     50.000          1       3844    1481.62 1.4646e-02  51976.308    160.144 1621998845       0.17      0.425   40.39878  -71.67270 0.0000e+00
     50.105     8.1384    32.9700  1025.8906     2.3799     6.2690     93.667   -0.00497    6.69281    6.69972      8.022     0.4578   12.04702   3.445078 9.9989e+04    25.6603    25.6596 1.0000e-12     50.500          1       3867    1481.31 1.8762e-04  51992.762    161.069 1621998846       0.05      0.528   40.39878  -71.67268 0.0000e+00
     50.603     8.0326    32.9666  1025.9058     2.3762     6.2670     93.547   -0.00446    6.69935    6.70636      8.019     0.4704   12.05778   3.435110 6.0421e+04    25.6731    25.6724 1.0000e-12     51.000          1       3891    1480.91 7.8156e-01  52013.089    162.073 1621998847      -0.04      0.521   40.39878  -71.67268 0.0000e+00
     51.097     7.9582    32.9748  1025.9255     2.3713     6.2971     93.437   -0.00370    6.73937    6.74696      8.016     0.4580   12.12412   3.429947 -4.417e+02    25.6904    25.6897 1.0000e-12     51.500          1       3917    1480.65 1.9834e+00  52042.800    163.154 1621998848      -0.03      0.475   40.39878  -71.67268 0.0000e+00
     51.595     7.9600    32.9960  1025.9441     2.3589     6.2592     92.418   -0.00841    6.77276    6.78086      8.013     0.4741   12.17932   3.432247 5.0640e-11    25.7068    25.7060 1.0000e-12     52.000          1       3944    1480.69 1.9747e+00  52072.784    164.271 1621998849      -0.01      0.455   40.39878  -71.67266 0.0000e+00
     52.090     7.7997    32.9887  1025.9639     2.3451     6.2032     91.464   -0.01134    6.78204    6.79030      8.005     0.4850   12.19444   3.415462 5.0640e-11    25.7241    25.7234 1.0000e-12     52.500          1       3976    1480.08 1.9747e+00  52101.567    165.605 1621998851      -0.07      0.398   40.39880  -71.67266 0.0000e+00
     52.584     7.4806    32.9768  1026.0024     2.3400     6.2253     91.863   -0.00473    6.77672    6.78494      8.000     0.3462   12.18513   3.386302 5.0640e-11    25.7599    25.7593 1.0000e-12     53.000          1       4009    1478.85 1.9747e+00  52163.761    166.990 1621998852       0.02      0.349   40.39880  -71.67265 0.0000e+00
     53.080     7.3770    32.9899  1026.0296     2.3384     6.2427     92.083   -0.00175    6.77941    6.78771      7.996     0.2307   12.18928   3.379303 5.0640e-11    25.7847    25.7840 1.0000e-12     53.500          1       4036    1478.48 1.9747e+00  52209.057    168.141 1621998853       0.06      0.410   40.39880  -71.67264 0.0000e+00
     53.575     7.3789    33.0071  1026.0451     2.3348     6.2315     91.859   -0.00235    6.78374    6.79212      7.993     0.2162   12.19633   3.381707 5.0640e-11    25.7979    25.7973 1.0000e-12     54.000          1       4061    1478.52 1.9747e+00  52233.296    169.149 1621998854       0.05      0.467   40.39880  -71.67264 0.0000e+00
     54.074     7.4006    33.0398  1026.0701     2.3295     6.2030     91.389   -0.00457    6.78747    6.79590      7.990     0.2288   12.20242   3.386706 5.0640e-11    25.8207    25.8200 1.0000e-12     54.500          1       4082    1478.65 1.9747e+00  52274.759    170.029 1621998855       0.07      0.527   40.39880  -71.67262 0.0000e+00
     54.572     7.3800    33.0588  1026.0902     2.3238     6.1755     90.951   -0.00621    6.78991    6.79839      7.987     0.2087   12.20639   3.386439 5.0640e-11    25.8385    25.8378 1.0000e-12     55.000          1       4104    1478.60 1.9747e+00  52307.533    170.940 1621998856      -0.00      0.567   40.39880  -71.67262 0.0000e+00
     55.066     7.3453    33.0701  1026.1063     2.3169     6.1550     90.628   -0.00611    6.79150    6.80002      7.986     0.2138   12.20897   3.384497 5.0640e-11    25.8522    25.8515 1.0000e-12     55.500          1       4131    1478.49 1.9747e+00  52332.817    172.065 1621998857      -0.10      0.486   40.39880  -71.67260 0.0000e+00
     55.562     7.3113    33.0777  1026.1192     2.3107     6.1430     90.405   -0.00534    6.79498    6.80355      7.982     0.2053   12.21457   3.382332 5.0640e-11    25.8629    25.8621 1.0000e-12     56.000          1       4160    1478.38 1.9747e+00  52352.640    173.308 1621998858      -0.03      0.414   40.39880  -71.67260 0.0000e+00
     56.057     7.2925    33.0839  1026.1291     2.3032     6.1220     90.071   -0.00510    6.79688    6.80553      7.976     0.1420   12.21736   3.381456 5.0640e-11    25.8704    25.8697 1.0000e-12     56.500          1       4194    1478.32 1.9747e+00  52366.813    174.719 1621998860      -0.04      0.363   40.39880  -71.67259 0.0000e+00
     56.548     7.2717    33.0930  1026.1414     2.2937     6.0787     89.435   -0.00683    6.79683    6.80550      7.968     0.1217   12.21708   3.380506 5.0640e-11    25.8804    25.8797 1.0000e-12     57.000          1       4225    1478.26 1.9747e+00  52385.440    175.989 1621998861       0.06      0.364   40.39880  -71.67258 0.0000e+00
     57.050     7.2492    33.1055  1026.1566     2.2857     6.0408     88.885   -0.00838    6.79621    6.80487      7.965     0.1133   12.21593   3.379863 5.0640e-11    25.8933    25.8926 1.0000e-12     57.500          1       4245    1478.19 1.9747e+00  52409.373    176.854 1621998862       0.18      0.473   40.39880  -71.67257 0.0000e+00
     57.550     7.2433    33.1269  1026.1766     2.2760     5.9963     88.244   -0.01001    6.79510    6.80376      7.962     0.0889   12.21401   3.381434 5.0640e-11    25.9110    25.9103 1.0000e-12     58.000          1       4267    1478.21 1.9747e+00  52441.843    177.744 1621998863       0.03      0.581   40.39881  -71.67256 0.0000e+00
     58.038     7.2382    33.1415  1026.1911     2.2649     5.9553     87.665   -0.01034    6.79324    6.80188      7.959     0.0840   12.21079   3.382394 5.0640e-11    25.9232    25.9224 1.0000e-12     58.500          1       4294    1478.22 1.9747e+00  52464.279    178.872 1621998864      -0.13      0.479   40.39882  -71.67256 0.0000e+00
     58.542     7.2401    33.1519  1026.2013     2.2559     5.9246     87.323   -0.00923    6.78465    6.79318      7.955     0.0796   12.19629   3.383676 5.0640e-11    25.9311    25.9304 1.0000e-12     59.000          1       4318    1478.24 1.9747e+00  52478.986    179.886 1621998865       0.05      0.472   40.39882  -71.67256 0.0000e+00
     59.029     7.2482    33.1654  1026.2130     2.2440     5.8832     86.861   -0.00783    6.77312    6.78150      7.946     0.0497   12.17698   3.385789 3.6191e+04    25.9406    25.9399 1.0000e-12     59.500          1       4355    1478.30 1.2600e+00  52496.394    181.410 1621998867      -0.15      0.360   40.39882  -71.67254 0.0000e+00
     59.523     7.2694    33.1835  1026.2266     2.2315     5.8229     86.039   -0.00981    6.76768    6.77601      7.943     0.0392   12.16779   3.389873 1.0079e+05    25.9520    25.9512 1.0000e-12     60.000          1       4380    1478.41 -1.562e-02  52517.319    182.451 1621998868       0.25      0.340   40.39882  -71.67254 0.0000e+00
     60.038     7.3236    33.2037  1026.2373     2.2200     5.7552     85.125   -0.01331    6.76082    6.76906      7.937     0.0289   12.15624   3.396772 9.9999e+04    25.9604    25.9596 1.0000e-12     60.500          1       4397    1478.65 0.0000e+00  52532.184    183.175 1621998868       0.25      0.579   40.39882  -71.67254 0.0000e+00
     60.508     7.3919    33.2293  1026.2500     2.1871     5.6218     83.242   -0.01580    6.75356    6.76170      7.927     0.0083   12.14403   3.405006 -3.970e+03    25.9710    25.9702 1.0000e-12     61.000          1       4448    1478.96 2.0531e+00  52551.564    185.286 1621998870      -0.22      0.158   40.39882  -71.67252 0.0000e+00
     61.023     7.4312    33.2491  1026.2624     2.1723     5.5636     82.372   -0.01720    6.75427    6.76243      7.924     0.0110   12.14523   3.410852 4.2583e+02    25.9811    25.9803 1.0000e-12     61.500          1       4467    1479.14 1.9663e+00  52569.901    186.066 1621998871       0.42      0.380   40.39882  -71.67250 0.0000e+00
     61.511     7.4775    33.2671  1026.2723     2.1479     5.4972     81.392   -0.01492    6.75390    6.76205      7.924    -0.0060   12.14461   3.416046 5.0640e-11    25.9888    25.9880 1.0000e-12     62.000          1       4508    1479.35 1.9747e+00  52584.112    187.801 1621998873      -0.15      0.333   40.39882  -71.67250 0.0000e+00
     62.005     7.4777    33.2675  1026.2748     2.1365     5.5017     81.461   -0.00845    6.75375    6.76190      7.922     0.0110   12.14436   3.416097 5.0640e-11    25.9890    25.9882 1.0000e-12     62.500          1       4541    1479.36 1.9747e+00  52584.879    189.182 1621998874       0.38      0.263   40.39884  -71.67248 0.0000e+00
     62.507     7.4789    33.2678  1026.2772     2.1338     5.5079     81.553   -0.00611    6.75379    6.76194      7.921     0.0340   12.14441   3.416231 5.0640e-11    25.9892    25.9884 1.0000e-12     63.000          1       4558    1479.37 1.9747e+00  52585.488    189.889 1621998875       0.34      0.553   40.39884  -71.67248 0.0000e+00
     63.004     7.4795    33.2682  1026.2798     2.1311     5.5118     81.610   -0.00417    6.75376    6.76190      7.921     0.0408   12.14436   3.416316 5.0640e-11    25.9894    25.9886 1.0000e-12     63.500          1       4577    1479.38 1.9747e+00  52586.238    190.686 1621998876      -0.00      0.672   40.39884  -71.67248 0.0000e+00
     63.502     7.4802    33.2684  1026.2822     2.1289     5.5148     81.656   -0.00259    6.75372    6.76187      7.920    -0.0017   12.14431   3.416391 5.0640e-11    25.9895    25.9886 1.0000e-12     64.000          1       4606    1479.40 1.9747e+00  52586.715    191.862 1621998877      -0.17      0.523   40.39884  -71.67247 0.0000e+00
     63.992     7.4804    33.2686  1026.2845     2.1259     5.5137     81.644   -0.00130    6.75332    6.76147      7.919    -0.0060   12.14364   3.416409 5.0640e-11    25.9896    25.9887 1.0000e-12     64.500          1       4659    1479.40 1.9747e+00  52587.157    194.078 1621998879      -0.02      0.198   40.39884  -71.67245 0.0000e+00
     64.482     7.4810    33.2689  1026.2869     2.1243     5.5113     81.613   -0.00088    6.75300    6.76114 -9.990e-29    -0.0026   12.14310   3.416501 5.0640e-11    25.9897    25.9889 1.0000e-12     65.000          1       4701    1479.42 1.9747e+00  52587.799    195.846 1621998881       0.05      0.268   40.39884  -71.67244 0.0000e+00
     64.988     7.4826    33.2693  1026.2893     2.1246     5.5171     81.698   -0.00020    6.75295    6.76109      7.919    -0.0106   12.14301   3.416696 4.8808e+04    25.9898    25.9890 1.0000e-12     65.500          1       4722    1479.43 1.0109e+00  52588.332    196.705 1621998882       0.25      0.419   40.39884  -71.67244 0.0000e+00
     65.485     7.4838    33.2698  1026.2918     2.1240     5.5152     81.673   -0.00024    6.75281    6.76095      7.919     0.0053   12.14278   3.416860 9.6711e+04    25.9900    25.9892 1.0000e-12     66.000          1       4748    1479.44 6.4921e-02  52588.964    197.780 1621998883      -0.06      0.522   40.39884  -71.67243 0.0000e+00
     65.971     7.4851    33.2701  1026.2941     2.1228     5.5080     81.566   -0.00071    6.75284    6.76098      7.919     0.0062   12.14283   3.416997 9.9999e+04    25.9901    25.9893 1.0000e-12     66.500          1       4782    1479.46 0.0000e+00  52589.461    199.224 1621998884      -0.05      0.318   40.39884  -71.67242 0.0000e+00
     66.478     7.4856    33.2704  1026.2967     2.1219     5.5027     81.489   -0.00110    6.75265    6.76078      7.919     0.0000   12.14251   3.417094 3.2623e+04    25.9903    25.9894 1.0000e-12     67.000          1       4804    1479.47 1.3305e+00  52590.158    200.136 1621998885       0.17      0.450   40.39886  -71.67240 0.0000e+00
     66.965     7.4860    33.2705  1026.2989     2.1210     5.5040     81.510   -0.00047    6.75252    6.76065      7.919     0.0014   12.14229   3.417147 -3.554e+03    25.9903    25.9894 1.0000e-12     67.500          1       4846    1479.48 2.0449e+00  52590.495    201.896 1621998887      -0.21      0.311   40.39886  -71.67240 0.0000e+00
     67.468     7.4869    33.2707  1026.3013     2.1207     5.5039     81.510   -0.00030    6.75242    6.76055 -9.990e-29    -0.0068   12.14212   3.417277 5.0640e-11    25.9904    25.9895 1.0000e-12     68.000          1       4874    1479.49 1.9747e+00  52590.977    203.033 1621998888       0.35      0.323   40.39886  -71.67238 0.0000e+00
     67.963     7.4879    33.2711  1026.3037     2.1205     5.5023     81.514   -0.00025    6.75014    6.75824      7.916    -0.0152   12.13829   3.417405 5.0640e-11    25.9905    25.9896 1.0000e-12     68.500          1       4917    1479.50 1.9747e+00  52591.546    204.821 1621998890       0.11      0.314   40.39886  -71.67237 0.0000e+00
     68.456     7.4892    33.2717  1026.3063     2.1191     5.4951     81.432   -0.00043    6.74802    6.75610      7.915    -0.0257   12.13473   3.417655 -9.990e-29    25.9909    25.9899 1.0000e-12     69.000          1       4959    1479.52 -9.990e-29  52592.413    206.572 1621998892       0.53      0.241   40.39886  -71.67236 0.0000e+00
     68.962     7.5002    33.2767  1026.3110     2.1165     5.4764     81.172   -0.00180    6.74659    6.75465      7.914    -0.0073   12.13232   3.419283 -9.990e-29    25.9933    25.9923 1.0000e-12     69.500          1       4977    1479.57 -9.990e-29  52597.130    207.331 1621998892       0.26      0.589   40.39886  -71.67236 0.0000e+00
     69.448     7.5149    33.2825  1026.3157     2.1118     5.4505     80.794   -0.00331    6.74614    6.75419      7.913     0.0129   12.13155   3.420963 9.9999e+04    25.9958    25.9948 1.0000e-12     70.000          1       5012    1479.65 0.0000e+00  52601.978    208.800 1621998894      -0.24      0.412   40.39887  -71.67234 0.0000e+00
     69.943     7.5215    33.2854  1026.3193     2.1082     5.4422     80.672   -0.00273    6.74604    6.75409      7.911    -0.0271   12.13139   3.421910 9.9999e+04    25.9971    25.9961 1.0000e-12     70.500          1       5046    1479.68 0.0000e+00  52604.730    210.205 1621998895       0.14      0.312   40.39888  -71.67234 0.0000e+00
     70.445     7.5243    33.2863  1026.3219     2.1057     5.4379     80.604   -0.00219    6.74646    6.75452      7.911    -0.0193   12.13210   3.422200 9.9999e+04    25.9974    25.9965 1.0000e-12     71.000          1       5076    1479.70 0.0000e+00  52605.639    211.476 1621998897      -0.05      0.401   40.39888  -71.67233 0.0000e+00
     70.935     7.5236    33.2862  1026.3242     2.1036     5.4429     80.684   -0.00035    6.74602    6.75407      7.911     0.0212   12.13136   3.422102 -9.990e-29    25.9974    25.9965 1.0000e-12     71.500          1       5142    1479.71 -9.990e-29  52605.992    214.224 1621998899      -0.01      0.129   40.39888  -71.67231 0.0000e+00
