CalculateIndicators/WaterTemperature/Data/CTD_NYOS/20210523_C15.cnv
* Sea-Bird SBE 9 Data File:
* FileName = C:\Seabird 9 CTD\Data\2021\202105_offshore\20210523_C15.hex
* Software Version Seasave V 7.23.2
* Temperature SN = 4590
* Conductivity SN = 3228
* Number of Bytes Per Scan = 44
* Number of Voltage Words = 5
* Number of Scans Averaged by the Deck Unit = 1
* NMEA Latitude = 39 57.39 N
* NMEA Longitude = 072 53.80 W
* NMEA UTC (Time) = May 23 2021  04:55:34
* NMEA baud rate = 4800
** Ship: seawolf
** Station: 5.3
** Operator: TDK
# nquan = 31
# nvalues = 186                         
# units = specified
# name 0 = depSM: Depth [salt water, m]
# name 1 = t090C: Temperature [ITS-90, deg C]
# name 2 = sal00: Salinity, Practical [PSU]
# name 3 = density00: Density [density, kg/m^3]
# name 4 = sbeox0V: Oxygen raw, SBE 43 [V]
# name 5 = sbeox0ML/L: Oxygen, SBE 43 [ml/l]
# name 6 = sbeox0PS: Oxygen, SBE 43 [% saturation]
# name 7 = sbox0dV/dT: Oxygen, SBE 43 [dov/dt]
# name 8 = oxsolML/L: Oxygen Saturation, Garcia & Gordon [ml/l]
# name 9 = oxsatML/L: Oxygen Saturation, Weiss [ml/l]
# name 10 = ph: pH
# name 11 = flECO-AFL: Fluorescence, WET Labs ECO-AFL/FL [mg/m^3]
# name 12 = n2satML/L: Nitrogen Saturation [ml/l]
# name 13 = c0S/m: Conductivity [S/m]
# name 14 = cpar: CPAR/Corrected Irradiance [%]
# name 15 = sigma-é00: Density [sigma-theta, kg/m^3]
# name 16 = sigma-t00: Density [sigma-t, kg/m^3 ]
# name 17 = par: PAR/Irradiance, Biospherical/Licor
# name 18 = prDM: Pressure, Digiquartz [db]
# name 19 = pumps: Pump Status
# name 20 = scan: Scan Count
# name 21 = svCM: Sound Velocity [Chen-Millero, m/s]
# name 22 = spar: SPAR, Biospherical/Licor
# name 23 = specc: Specific Conductance [uS/cm]
# name 24 = timeS: Time, Elapsed [seconds]
# name 25 = timeY: Time, System [seconds]
# name 26 = accM: Acceleration [m/s^2]
# name 27 = dz/dtM: Descent Rate [m/s]
# name 28 = latitude: Latitude [deg]
# name 29 = longitude: Longitude [deg]
# name 30 = flag: flag
# span 0 =      1.977,     48.127       
# span 1 =     7.6727,    15.0223       
# span 2 =    31.3882,    33.8494       
# span 3 =  1023.1981,  1026.2365       
# span 4 =     2.0883,     2.8526       
# span 5 =     4.8332,     6.7887       
# span 6 =     79.566,    117.235       
# span 7 =   -0.12279,    0.07157       
# span 8 =    5.78775,    6.72167       
# span 9 =    5.78250,    6.72939       
# span 10 =      7.897,      8.066      
# span 11 =     0.0777,     2.0712      
# span 12 =   10.55658,   12.09063      
# span 13 =   3.431049,   3.990085      
# span 14 = -3.589e+03, 1.0023e+05      
# span 15 =    23.1871,    26.0192      
# span 16 =    23.1870,    26.0187      
# span 17 = -2.874e-05, 3.7343e-04      
# span 18 =      2.000,     48.500      
# span 19 =          1,          1      
# span 20 =        209,      11016      
# span 21 =    1479.70,    1503.56      
# span 22 = -4.568e-03, 2.0456e+00      
# span 23 =  48653.161,  52625.863      
# span 24 =      8.670,    458.979      
# span 25 = 1621745742, 1621746192      
# span 26 =      -0.33,       0.53      
# span 27 =     -0.813,      1.024      
# span 28 =   39.95652,   39.95684      
# span 29 =  -72.89678,  -72.89573      
# span 30 = 0.0000e+00, 0.0000e+00      
# interval = decibars: 0.5              
# start_time = May 23 2021 04:55:33 [System UTC, first data scan.]
# bad_flag = -9.990e-29
*END*
      2.475    15.0102    31.3882  1023.1981     2.8526     6.7887    117.235    0.02937    5.79067    5.78540      8.019     0.0958   10.56225   3.899234 5.2916e+04    23.1871    23.1870 1.0000e-12      2.500          1        209    1502.55 9.2976e-01  48653.161      8.670 1621745742       0.30     -0.127   39.95652  -72.89678 0.0000e+00
      2.976    15.0223    32.0338  1023.6948     2.8410     6.7073    115.839    0.01661    5.79019    5.78494      8.020     0.0915   10.56106   3.967804 3.7147e+04    23.6815    23.6814 1.0000e-12      3.000          1        244    1503.34 1.2412e+00  49552.145     10.137 1621745743       0.17      0.305   39.95652  -72.89678 0.0000e+00
      3.461    15.0214    32.1521  1023.7883     2.7071     5.9099    102.069   -0.09273    5.79007    5.78481      8.022     0.0821   10.56102   3.980230 -2.182e+03    23.7729    23.7728 1.0000e-12      3.500          1        270    1503.48 2.0178e+00  49715.911     11.229 1621745744       0.09      0.394   39.95652  -72.89678 0.0000e+00
      3.970    15.0124    32.1760  1023.8109     2.6355     5.5930     96.589   -0.12279    5.79056    5.78530      8.019     0.0838   10.56195   3.981858 5.0640e-11    23.7932    23.7931 1.0000e-12      4.000          1        286    1503.49 1.9747e+00  49750.364     11.859 1621745745       0.32      0.533   39.95652  -72.89678 0.0000e+00
      4.475    15.0075    32.1990  1023.8319     2.5601     5.4054     93.356   -0.11620    5.79003    5.78477      8.020     0.0967   10.56098   3.983868 5.0640e-11    23.8119    23.8118 1.0000e-12      4.500          1        302    1503.51 1.9747e+00  49782.834     12.535 1621745746       0.18      0.719   39.95652  -72.89678 0.0000e+00
      4.962    15.0143    32.2034  1023.8360     2.3774     5.0585     87.137   -0.07602    5.80545    5.80044      8.022     0.1226   10.58491   3.984941 5.0640e-11    23.8139    23.8137 1.0000e-12      5.000          1        359    1503.55 1.9747e+00  49788.683     14.934 1621745748      -0.09      0.305   39.95652  -72.89678 0.0000e+00
      5.452    14.9982    32.2335  1023.8649     2.3258     5.2415     89.737   -0.00029    5.84100    5.83645      8.026     0.1644   10.64243   3.986801 5.0640e-11    23.8406    23.8404 1.0000e-12      5.500          1        416    1503.54 1.9747e+00  49832.114     17.271 1621745750       0.28      0.239   39.95652  -72.89676 0.0000e+00
      5.953    14.9374    32.2865  1023.9210     2.3536     5.4270     92.858    0.02550    5.84438    5.83983      8.026     0.1629   10.64877   3.986769 5.0640e-11    23.8945    23.8943 1.0000e-12      6.000          1        434    1503.42 1.9747e+00  49912.485     18.056 1621745751       0.23      0.478   39.95652  -72.89676 0.0000e+00
      6.449    14.7956    32.3811  1024.0264     2.3767     5.5086     94.236    0.02913    5.84556    5.84102 -9.990e-29     0.1881   10.65071   3.983616 5.0640e-11    23.9976    23.9974 1.0000e-12      6.500          1        453    1503.08 1.9747e+00  50057.217     18.832 1621745752       0.10      0.604   39.95652  -72.89676 0.0000e+00
      6.945    14.5510    32.5303  1024.1956     2.3861     5.5219     94.462    0.02565    5.84566    5.84113 -9.990e-29     0.1825   10.65077   3.976226 5.0640e-11    24.1646    24.1644 1.0000e-12      7.000          1        470    1502.48 1.9747e+00  50293.530     19.536 1621745753       0.07      0.656   39.95652  -72.89676 0.0000e+00
      7.447    14.5037    32.4628  1024.1557     2.3770     5.4364     92.988    0.01051    5.84630    5.84179 -9.990e-29     0.1723   10.65182   3.964506 5.0640e-11    24.1225    24.1222 1.0000e-12      7.500          1        486    1502.25 1.9747e+00  50203.303     20.220 1621745753       0.06      0.709   39.95652  -72.89676 0.0000e+00
      7.945    14.4809    32.4182  1024.1284     2.3319     5.1712     88.412   -0.02436    5.84906    5.84457      8.029     0.1628   10.65648   3.958458 5.0640e-11    24.0929    24.0927 1.0000e-12      8.000          1        511    1502.14 1.9747e+00  50144.396     21.253 1621745754      -0.18      0.615   39.95652  -72.89676 0.0000e+00
      8.428    14.4565    32.4229  1024.1393     2.2342     4.8332     82.320   -0.04413    5.87088    5.86668      8.030     0.2040   10.69168   3.957235 5.0640e-11    24.1017    24.1014 1.0000e-12      8.500          1        570    1502.07 1.9747e+00  50154.028     23.715 1621745757      -0.03      0.081   39.95652  -72.89676 0.0000e+00
      8.928    14.4245    32.4139  1024.1414     2.2547     5.1271     86.492    0.00051    5.92772    5.92449      8.037     0.3257   10.78042   3.953144 5.0640e-11    24.1015    24.1012 1.0000e-12      9.000          1        596    1501.97 1.9747e+00  50145.112     24.784 1621745758       0.25      0.347   39.95652  -72.89676 0.0000e+00
      9.427    14.3890    32.4120  1024.1496     2.2637     5.2854     87.874    0.01132    6.01467    6.01298      8.047     0.3981   10.91650   3.949716 5.0640e-11    24.1075    24.1072 1.0000e-12      9.500          1        616    1501.86 1.9747e+00  50146.983     25.627 1621745759       0.15      0.528   39.95652  -72.89676 0.0000e+00
      9.925    14.2667    32.4799  1024.2297     2.2694     5.3330     88.086    0.00944    6.05437    6.05324      8.052     0.3684   10.98117   3.945668 5.0640e-11    24.1853    24.1851 1.0000e-12     10.000          1        636    1501.55 1.9747e+00  50254.585     26.474 1621745759       0.02      0.591   39.95652  -72.89676 0.0000e+00
     10.420    13.8250    32.8292  1024.5928     2.2732     5.3407     87.974    0.00525    6.07075    6.06969      8.055     0.2776   11.01054   3.941815 5.0640e-11    24.5461    24.5458 1.0000e-12     10.500          1        660    1500.53 1.9747e+00  50791.627     27.448 1621745760      -0.07      0.560   39.95652  -72.89676 0.0000e+00
     10.910    12.8305    33.6128  1025.4008     2.2752     5.3458     87.957    0.00363    6.07778    6.07672      8.054     0.2684   11.02346   3.929473 5.0640e-11    25.3519    25.3516 1.0000e-12     11.000          1        685    1498.16 1.9747e+00  52009.469     28.484 1621745762      -0.04      0.477   39.95652  -72.89676 0.0000e+00
     11.414    12.3689    33.8494  1025.6766     2.2672     5.3036     87.124   -0.00218    6.08743    6.08633      8.056     0.2836   11.04177   3.909395 5.0640e-11    25.6253    25.6250 1.0000e-12     11.500          1        704    1496.90 1.9747e+00  52405.041     29.275 1621745762       0.14      0.533   39.95652  -72.89674 0.0000e+00
     11.913    12.2743    33.6570  1025.5479     2.2520     5.2296     85.645   -0.01199    6.10623    6.10506      8.056     0.2651   11.07761   3.881678 5.0640e-11    25.4943    25.4940 1.0000e-12     12.000          1        727    1496.35 1.9747e+00  52151.293     30.262 1621745763      -0.07      0.576   39.95652  -72.89674 0.0000e+00
     12.401    12.2340    33.4008  1025.3591     2.2695     5.3878     87.773    0.00413    6.13798    6.13700      8.057     0.2613   11.13341   3.851718 5.0640e-11    25.3032    25.3029 1.0000e-12     12.500          1        767    1495.92 1.9747e+00  51801.053     31.935 1621745765      -0.12      0.293   39.95652  -72.89674 0.0000e+00
     12.898    12.2056    32.8850  1024.9666     2.3578     5.9503     96.318    0.05748    6.17751    6.17699      8.059     0.2198   11.19936   3.795429 5.0640e-11    24.9085    24.9081 1.0000e-12     13.000          1        799    1495.22 1.9747e+00  51085.824     33.250 1621745766       0.10      0.351   39.95652  -72.89674 0.0000e+00
     13.392    12.1570    32.6350  1024.7841     2.4307     6.2751    101.092    0.07157    6.20734    6.20717      8.060     0.2444   11.24902   3.767264 5.0640e-11    24.7237    24.7234 1.0000e-12     13.500          1        824    1494.76 1.9747e+00  50744.648     34.290 1621745767       0.08      0.437   39.95652  -72.89674 0.0000e+00
     13.889    12.0066    32.6280  1024.8092     2.4807     6.4230    103.321    0.06831    6.21655    6.21649      8.060     0.2682   11.26441   3.751989 5.0640e-11    24.7465    24.7461 1.0000e-12     14.000          1        843    1494.24 1.9747e+00  50758.564     35.070 1621745768       0.16      0.532   39.95654  -72.89674 0.0000e+00
     14.389    11.8768    32.5710  1024.7913     2.5121     6.4944    104.305    0.06086    6.22637    6.22644      8.061     0.2740   11.28075   3.735019 5.0640e-11    24.7263    24.7260 1.0000e-12     14.500          1        859    1493.74 1.9747e+00  50697.069     35.739 1621745769       0.17      0.647   39.95654  -72.89674 0.0000e+00
     14.889    11.6970    32.5793  1024.8332     2.5344     6.5054    104.355    0.04734    6.23390    6.23406      8.062     0.2783   11.29315   3.718642 5.0640e-11    24.7659    24.7655 1.0000e-12     15.000          1        875    1493.14 1.9747e+00  50737.690     36.416 1621745769       0.07      0.731   39.95654  -72.89674 0.0000e+00
     15.385    11.5344    32.5511  1024.8433     2.5599     6.5173    104.491    0.03319    6.23721    6.23742      8.062     0.2679   11.29853   3.702348 5.0640e-11    24.7737    24.7733 1.0000e-12     15.500          1        896    1492.55 1.9747e+00  50723.149     37.312 1621745770      -0.16      0.677   39.95654  -72.89674 0.0000e+00
     15.878    11.4038    32.5364  1024.8578     2.5821     6.5308    104.643    0.02116    6.24100    6.24128      8.064     0.2690   11.30454   3.689532 5.0640e-11    24.7859    24.7856 1.0000e-12     16.000          1        927    1492.08 1.9747e+00  50723.903     38.600 1621745772      -0.14      0.433   39.95654  -72.89672 0.0000e+00
     16.371    11.3009    32.5463  1024.8863     2.5922     6.4956    104.011    0.00680    6.24512    6.24546      8.064     0.2546   11.31126   3.682356 5.0640e-11    24.8122    24.8118 1.0000e-12     16.500          1        967    1491.74 1.9747e+00  50754.494     40.241 1621745773      -0.05      0.307   39.95654  -72.89672 0.0000e+00
     16.866    11.2690    32.5711  1024.9135     2.5952     6.4910    103.859    0.00284    6.24985    6.25025      8.064     0.2633   11.31901   3.682372 5.0640e-11    24.8371    24.8368 1.0000e-12     17.000          1        997    1491.67 1.9747e+00  50794.659     41.492 1621745774       0.16      0.341   39.95654  -72.89672 0.0000e+00
     17.365    11.2514    32.5772  1024.9237     2.5973     6.4999    103.932    0.00230    6.25401    6.25447      8.065     0.2742   11.32591   3.681657 5.0640e-11    24.8450    24.8446 1.0000e-12     17.500          1       1018    1491.62 1.9747e+00  50806.298     42.377 1621745775       0.14      0.496   39.95654  -72.89672 0.0000e+00
     17.864    11.2331    32.5807  1024.9320     2.5985     6.5079    103.985    0.00204    6.25852    6.25904      8.063     0.2637   11.33336   3.680552 5.0640e-11    24.8511    24.8507 1.0000e-12     18.000          1       1039    1491.57 1.9747e+00  50814.656     43.267 1621745776       0.02      0.566   39.95654  -72.89672 0.0000e+00
     18.357    11.2034    32.5869  1024.9443     2.5978     6.5057    103.841    0.00052    6.26509    6.26569      8.062     0.2465   11.34416   3.678637 5.0640e-11    24.8612    24.8608 1.0000e-12     18.500          1       1063    1491.48 1.9747e+00  50828.395     44.245 1621745777      -0.05      0.535   39.95654  -72.89672 0.0000e+00
     18.855    11.1709    32.5865  1024.9521     2.5964     6.5223    103.672   -0.00133    6.29128    6.29223      8.062     0.2611   11.38742   3.675797 5.0640e-11    24.8667    24.8663 1.0000e-12     19.000          1       1086    1491.38 1.9747e+00  50833.451     45.215 1621745778       0.00      0.513   39.95654  -72.89672 0.0000e+00
     19.348    11.1315    32.5882  1024.9627     2.5926     6.5238    103.441   -0.00227    6.30676    6.30792      8.062     0.2983   11.41302   3.672611 5.0640e-11    24.8750    24.8746 1.0000e-12     19.500          1       1111    1491.25 1.9747e+00  50842.513     46.241 1621745779      -0.03      0.501   39.95654  -72.89672 0.0000e+00
     19.840    11.0985    32.5929  1024.9745     2.5871     6.5048    102.963   -0.00503    6.31758    6.31888      8.062     0.3175   11.43093   3.669874 5.0640e-11    24.8846    24.8842 1.0000e-12     20.000          1       1132    1491.15 1.9747e+00  50854.385     47.140 1621745780       0.06      0.501   39.95654  -72.89672 0.0000e+00
     20.342    10.9616    32.6017  1025.0079     2.5829     6.4899    102.689   -0.00597    6.31996    6.32128      8.061     0.3110   11.43487   3.657343 5.0640e-11    24.9156    24.9152 1.0000e-12     20.500          1       1149    1490.68 1.9747e+00  50891.085     47.845 1621745781       0.17      0.592   39.95654  -72.89671 0.0000e+00
     20.844    10.8231    32.6062  1025.0380     2.5794     6.4835    102.551   -0.00562    6.32225    6.32360      8.059     0.3031   11.43868   3.645945 8.2408e+04    24.9434    24.9430 1.0000e-12     21.000          1       1167    1490.21 3.4737e-01  50920.817     48.568 1621745782       0.08      0.692   39.95654  -72.89670 0.0000e+00
     21.338    10.7256    32.6083  1025.0588     2.5764     6.4906    102.572   -0.00365    6.32779    6.32922      8.058     0.2855   11.44790   3.637734 8.8140e+04    24.9619    24.9615 1.0000e-12     21.500          1       1195    1489.87 2.3418e-01  50940.516     49.739 1621745783      -0.20      0.545   39.95654  -72.89670 0.0000e+00
     21.830    10.6374    32.6044  1025.0734     2.5709     6.5135    102.459   -0.00249    6.35722    6.35907      8.062     0.3034   11.49629   3.629890 -9.990e-29    24.9742    24.9738 1.0000e-12     22.000          1       1250    1489.56 -9.990e-29  50950.725     52.034 1621745785      -0.08      0.216   39.95654  -72.89670 0.0000e+00
     22.311    10.5134    32.5971  1025.0914     2.5681     6.5463    102.434   -0.00198    6.39070    6.39303      8.066     0.2650   11.55108   3.618380 5.0640e-11    24.9899    24.9895 1.0000e-12     22.500          1       1302    1489.12 1.9747e+00  50962.239     54.201 1621745787       0.23      0.164   39.95654  -72.89670 0.0000e+00
     22.819    10.4562    32.6220  1025.1229     2.5728     6.5974    103.035    0.00208    6.40307    6.40558      8.065     0.2750   11.57149   3.615021 5.0640e-11    25.0191    25.0187 1.0000e-12     23.000          1       1314    1488.95 1.9747e+00  51008.379     54.704 1621745788       0.53      0.427   39.95654  -72.89670 0.0000e+00
     23.324    10.3697    32.6404  1025.1543     2.5759     6.6508    103.494    0.00513    6.42624    6.42907      8.064     0.2487   11.60968   3.608840 5.0640e-11    25.0482    25.0477 1.0000e-12     23.500          1       1327    1488.68 1.9747e+00  51049.604     55.235 1621745788       0.47      0.705   39.95654  -72.89670 0.0000e+00
     23.823    10.2606    32.6590  1025.1896     2.5769     6.6724    103.586    0.00528    6.44139    6.44444      8.062     0.2591   11.63450   3.601184 5.0640e-11    25.0812    25.0808 1.0000e-12     24.000          1       1342    1488.31 1.9747e+00  51096.350     55.866 1621745789       0.08      0.873   39.95654  -72.89670 0.0000e+00
     24.312    10.1761    32.6738  1025.2176     2.5701     6.6343    102.714   -0.00137    6.45907    6.46239      8.058     0.2871   11.66351   3.595303 5.0640e-11    25.1070    25.1065 1.0000e-12     24.500          1       1364    1488.04 1.9747e+00  51132.430     56.791 1621745790      -0.29      0.712   39.95654  -72.89670 0.0000e+00
     24.802    10.0051    32.6914  1025.2623     2.5554     6.5300    101.142   -0.01120    6.45625    6.45956      8.057     0.3050   11.65843   3.580281 5.0640e-11    25.1493    25.1488 1.0000e-12     25.000          1       1388    1487.45 1.9747e+00  51190.028     57.809 1621745791      -0.07      0.481   39.95654  -72.89669 0.0000e+00
