CalculateIndicators/WaterTemperature/Data/CTD_NYOS/20210321_C04.cnv
* Sea-Bird SBE 9 Data File:
* FileName = C:\Seabird 9 CTD\Data\2021\202103_offshore\20210321_C04.hex
* Software Version Seasave V 7.23.2
* Temperature SN = 4590
* Conductivity SN = 3228
* Number of Bytes Per Scan = 44
* Number of Voltage Words = 5
* Number of Scans Averaged by the Deck Unit = 1
* NMEA Latitude = 40 06.38 N
* NMEA Longitude = 073 38.81 W
* NMEA UTC (Time) = Mar 21 2021  11:57:49
* NMEA baud rate = 4800
** Ship: RV Seawolf
** Station: 7.2
** Operator: TCM
# nquan = 31
# nvalues = 73                          
# units = specified
# name 0 = depSM: Depth [salt water, m]
# name 1 = t090C: Temperature [ITS-90, deg C]
# name 2 = sal00: Salinity, Practical [PSU]
# name 3 = density00: Density [density, kg/m^3]
# name 4 = sbeox0V: Oxygen raw, SBE 43 [V]
# name 5 = sbeox0ML/L: Oxygen, SBE 43 [ml/l]
# name 6 = sbeox0PS: Oxygen, SBE 43 [% saturation]
# name 7 = sbox0dV/dT: Oxygen, SBE 43 [dov/dt]
# name 8 = oxsolML/L: Oxygen Saturation, Garcia & Gordon [ml/l]
# name 9 = oxsatML/L: Oxygen Saturation, Weiss [ml/l]
# name 10 = ph: pH
# name 11 = flECO-AFL: Fluorescence, WET Labs ECO-AFL/FL [mg/m^3]
# name 12 = n2satML/L: Nitrogen Saturation [ml/l]
# name 13 = c0S/m: Conductivity [S/m]
# name 14 = cpar: CPAR/Corrected Irradiance [%]
# name 15 = sigma-é00: Density [sigma-theta, kg/m^3]
# name 16 = sigma-t00: Density [sigma-t, kg/m^3 ]
# name 17 = par: PAR/Irradiance, Biospherical/Licor
# name 18 = prDM: Pressure, Digiquartz [db]
# name 19 = pumps: Pump Status
# name 20 = scan: Scan Count
# name 21 = svCM: Sound Velocity [Chen-Millero, m/s]
# name 22 = spar: SPAR, Biospherical/Licor
# name 23 = specc: Specific Conductance [uS/cm]
# name 24 = timeS: Time, Elapsed [seconds]
# name 25 = timeY: Time, System [seconds]
# name 26 = accM: Acceleration [m/s^2]
# name 27 = dz/dtM: Descent Rate [m/s]
# name 28 = latitude: Latitude [deg]
# name 29 = longitude: Longitude [deg]
# name 30 = flag: flag
# span 0 =      1.980,     37.713       
# span 1 =     5.9522,     6.3656       
# span 2 =    32.8082,    33.0444       
# span 3 =  1025.8361,  1026.1371       
# span 4 =     2.4285,     2.4659       
# span 5 =     6.7251,     6.9043       
# span 6 =     96.763,     98.537       
# span 7 =   -0.00159,    0.00215       
# span 8 =    6.94394,    7.01760       
# span 9 =    6.95477,    7.02931       
# span 10 =      8.455,      8.480      
# span 11 =     0.5547,     1.0522      
# span 12 =   12.46132,   12.58583      
# span 13 =   3.237974,   3.296141      
# span 14 = 2.4687e-03, 5.8713e+00      
# span 15 =    25.8268,    25.9621      
# span 16 =    25.8268,    25.9617      
# span 17 = 3.1035e-02, 7.7702e+01      
# span 18 =      2.000,     38.000      
# span 19 =          1,          1      
# span 20 =        310,       9966      
# span 21 =    1471.82,    1474.35      
# span 22 = 1.1925e+03, 1.3352e+03      
# span 23 =  52303.578,  52548.752      
# span 24 =     12.881,    415.209      
# span 25 = 1616327884, 1616328286      
# span 26 =      -0.33,       0.21      
# span 27 =     -0.519,      0.485      
# span 28 =   40.10594,   40.10637      
# span 29 =  -73.64690,  -73.64686      
# span 30 = 0.0000e+00, 0.0000e+00      
# interval = decibars: 1                
# start_time = Mar 21 2021 11:57:51 [System UTC, first data scan.]
# bad_flag = -9.990e-29
*END*
      1.985     5.9522    32.8082  1025.8361     2.4648     6.8912     98.269    0.00004    7.01760    7.02931      8.480     0.8390   12.58583   3.237974 5.8713e+00    25.8268    25.8268 7.0100e+01      2.000          1        310    1471.82 1.1946e+03  52303.578     12.881 1616327884       0.08     -0.049   40.10637  -73.64686 0.0000e+00
      2.975     5.9555    32.8094  1025.8412     2.4640     6.8948     98.217   -0.00030    7.01741    7.02911      8.480     1.0478   12.58551   3.238408 4.5363e+00    25.8273    25.8273 5.4452e+01      3.000          1        615    1471.85 1.1996e+03  52304.935     25.593 1616327897       0.11      0.288   40.10636  -73.64686 0.0000e+00
      3.970     5.9546    32.8091  1025.8457     2.4641     6.8945     98.260   -0.00001    7.01740    7.02910      8.480     1.0449   12.58549   3.238349 3.4746e+00    25.8272    25.8272 4.1445e+01      4.000          1        657    1471.86 1.1925e+03  52305.528     27.313 1616327898      -0.05      0.376   40.10635  -73.64686 0.0000e+00
      4.962     5.9550    32.8093  1025.8504     2.4636     6.8942     98.239   -0.00014    7.01685    7.02855      8.480     1.0068   12.58457   3.238448 2.8106e+00    25.8273    25.8273 3.4110e+01      5.000          1        739    1471.88 1.2136e+03  52306.354     30.741 1616327902       0.01      0.290   40.10634  -73.64686 0.0000e+00
      5.953     5.9574    32.8102  1025.8555     2.4637     6.8959     98.277    0.00006    7.01725    7.02896      8.480     0.9957   12.58521   3.238789 2.1513e+00    25.8278    25.8277 2.5710e+01      6.000          1        812    1471.91 1.1952e+03  52307.704     33.795 1616327905       0.08      0.343   40.10634  -73.64686 0.0000e+00
      6.947     5.9565    32.8118  1025.8615     2.4634     6.8930     98.250   -0.00015    7.01692    7.02862      8.480     0.9564   12.58466   3.238893 1.8458e+00    25.8292    25.8292 2.2132e+01      7.000          1        877    1471.92 1.1991e+03  52311.074     36.497 1616327908      -0.05      0.353   40.10634  -73.64686 0.0000e+00
      7.938     5.9566    32.8128  1025.8669     2.4628     6.8919     98.231   -0.00016    7.01584    7.02753      8.480     0.9340   12.58284   3.239022 1.5651e+00    25.8300    25.8299 1.9103e+01      8.000          1        962    1471.94 1.2201e+03  52313.093     40.024 1616327911       0.02      0.280   40.10634  -73.64686 0.0000e+00
      8.930     5.9626    32.8153  1025.8728     2.4621     6.8896     98.209   -0.00020    7.01554    7.02723      8.480     0.9579   12.58231   3.239845 1.2387e+00    25.8312    25.8311 1.4854e+01      9.000          1       1033    1471.98 1.1995e+03  52315.699     42.996 1616327914       0.04      0.347   40.10633  -73.64686 0.0000e+00
      9.924     5.9633    32.8177  1025.8792     2.4618     6.8893     98.205   -0.00017    7.01549    7.02717      8.479     0.9632   12.58220   3.240145 1.0634e+00    25.8331    25.8330 1.2755e+01     10.000          1       1099    1472.01 1.1994e+03  52319.704     45.766 1616327917      -0.06      0.334   40.10632  -73.64686 0.0000e+00
     10.912     5.9636    32.8194  1025.8851     2.4608     6.8845     98.170   -0.00025    7.01443    7.02611 -9.990e-29     0.9738   12.58036   3.240372 9.0311e-01    25.8344    25.8343 1.1046e+01     11.000          1       1198    1472.03 1.2230e+03  52322.731     49.865 1616327921       0.12      0.226   40.10632  -73.64686 0.0000e+00
     11.909     5.9667    32.8257  1025.8943     2.4602     6.8806     98.132   -0.00035    7.01393    7.02561 -9.990e-29     0.9605   12.57952   3.241251 7.3693e-01    25.8389    25.8388 8.9268e+00     12.000          1       1248    1472.06 1.2110e+03  52331.516     51.963 1616327923      -0.00      0.456   40.10632  -73.64688 0.0000e+00
     12.899     5.9702    32.8291  1025.9012     2.4590     6.8766     98.087   -0.00028    7.01179    7.02343      8.475     0.9368   12.57591   3.241891 6.2026e-01    25.8412    25.8411 7.4716e+00     13.000          1       1333    1472.10 1.2046e+03  52336.082     55.497 1616327927      -0.04      0.242   40.10632  -73.64688 0.0000e+00
     13.891     5.9820    32.8344  1025.9086     2.4597     6.8796     98.203    0.00044    7.00378    7.01532      8.475     0.9550   12.56249   3.243573 5.2121e-01    25.8440    25.8439 6.3562e+00     14.000          1       1415    1472.17 1.2195e+03  52341.069     58.932 1616327930       0.06      0.349   40.10631  -73.64688 0.0000e+00
     14.886     6.0216    32.8481  1025.9192     2.4603     6.8764     98.210    0.00016    7.00224    7.01376      8.475     0.9551   12.55992   3.248279 4.4951e-01    25.8499    25.8498 5.4447e+00     15.000          1       1478    1472.36 1.2109e+03  52349.776     61.536 1616327933      -0.03      0.377   40.10630  -73.64688 0.0000e+00
     15.876     6.0417    32.8557  1025.9273     2.4610     6.8720     98.258    0.00023    6.99528    7.00670      8.475     0.9639   12.54821   3.250747 3.7280e-01    25.8535    25.8533 4.5048e+00     16.000          1       1573    1472.46 1.2086e+03  52355.538     65.515 1616327937       0.00      0.213   40.10630  -73.64688 0.0000e+00
     16.869     6.0732    32.8693  1025.9388     2.4609     6.8656     98.218   -0.00017    6.99249    7.00389      8.475     0.9638   12.54350   3.254771 3.1879e-01    25.8604    25.8602 3.9009e+00     17.000          1       1644    1472.62 1.2237e+03  52366.662     68.441 1616327940       0.05      0.391   40.10630  -73.64688 0.0000e+00
     17.862     6.0872    32.8781  1025.9486     2.4605     6.8630     98.212   -0.00010    6.98974    7.00110      8.475     0.9532   12.53885   3.256748 2.6543e-01    25.8655    25.8654 3.2110e+00     18.000          1       1722    1472.71 1.2097e+03  52375.830     71.712 1616327943      -0.04      0.277   40.10629  -73.64688 0.0000e+00
     18.854     6.1056    32.8887  1025.9592     2.4600     6.8571     98.180   -0.00019    6.98370    6.99498      8.474     1.0113   12.52867   3.259375 2.1977e-01    25.8716    25.8714 2.6820e+00     19.000          1       1809    1472.81 1.2203e+03  52386.439     75.340 1616327946       0.05      0.314   40.10628  -73.64688 0.0000e+00
     19.844     6.1344    32.9025  1025.9712     2.4607     6.8593     98.287    0.00039    6.98102    6.99228      8.474     0.9864   12.52414   3.263180 1.9045e-01    25.8790    25.8788 2.3080e+00     20.000          1       1882    1472.96 1.2123e+03  52398.703     78.372 1616327950       0.01      0.321   40.10628  -73.64688 0.0000e+00
     20.838     6.1486    32.9121  1025.9816     2.4609     6.8582     98.274    0.00013    6.97807    6.98929      8.474     1.0100   12.51912   3.265259 1.5776e-01    25.8848    25.8846 1.9201e+00     21.000          1       1958    1473.04 1.2173e+03  52409.076     81.558 1616327953      -0.04      0.287   40.10628  -73.64688 0.0000e+00
     21.829     6.1655    32.9246  1025.9940     2.4613     6.8559     98.295   -0.00004    6.97577    6.98698      8.474     1.0116   12.51514   3.267871 1.3279e-01    25.8926    25.8923 1.6166e+00     22.000          1       2042    1473.14 1.2171e+03  52422.785     85.059 1616327956       0.04      0.321   40.10628  -73.64688 0.0000e+00
     22.824     6.1728    32.9363  1026.0070     2.4607     6.8577     98.257   -0.00020    6.97850    6.98977      8.474     1.0167   12.51954   3.269543 1.1144e-01    25.9010    25.9007 1.3568e+00     23.000          1       2104    1473.20 1.2178e+03  52438.258     87.637 1616327959      -0.00      0.395   40.10628  -73.64688 0.0000e+00
     23.811     6.1473    32.9521  1026.0272     2.4594     6.8514     98.197   -0.00037    6.97716    6.98845 -9.990e-29     0.9612   12.51692   3.268719 9.4115e-02    25.9166    25.9164 1.1562e+00     24.000          1       2201    1473.14 1.2286e+03  52469.008     91.684 1616327963       0.03      0.177   40.10628  -73.64688 0.0000e+00
     24.808     6.1527    32.9736  1026.0481     2.4619     6.8743     98.476    0.00111    6.97558    6.98684 -9.990e-29     0.9977   12.51429   3.271189 7.7484e-02    25.9329    25.9326 9.4786e-01     25.000          1       2259    1473.20 1.2225e+03  52499.031     94.083 1616327965      -0.04      0.415   40.10627  -73.64688 0.0000e+00
     25.799     6.1617    32.9808  1026.0572     2.4636     6.8645     98.474    0.00018    6.97512    6.98637 -9.990e-29     0.9342   12.51351   3.272628 6.5505e-02    25.9374    25.9372 7.9464e-01     26.000          1       2346    1473.26 1.2137e+03  52507.380     97.698 1616327969      -0.03      0.247   40.10626  -73.64688 0.0000e+00
     26.791     6.1650    32.9822  1026.0626     2.4605     6.8433     98.174   -0.00140    6.97508    6.98634      8.475     0.9232   12.51344   3.273082 5.3742e-02    25.9381    25.9379 6.6958e-01     27.000          1       2428    1473.29 1.2455e+03  52509.144    101.130 1616327972       0.11      0.348   40.10626  -73.64688 0.0000e+00
     27.783     6.1643    32.9827  1026.0677     2.4573     6.8403     98.057   -0.00109    6.97508    6.98634      8.476     0.9282   12.51343   3.273091 4.4442e-02    25.9387    25.9384 5.3893e-01     28.000          1       2494    1473.31 1.2129e+03  52510.879    103.864 1616327975      -0.03      0.351   40.10626  -73.64688 0.0000e+00
     28.776     6.1659    32.9841  1026.0732     2.4551     6.8281     97.988   -0.00080    6.97405    6.98529      8.476     0.9188   12.51169   3.273422 3.6420e-02    25.9396    25.9393 4.4791e-01     29.000          1       2581    1473.33 1.2304e+03  52513.130    107.499 1616327979      -0.04      0.249   40.10626  -73.64688 0.0000e+00
     29.764     6.1679    32.9853  1026.0785     2.4514     6.8239     97.816   -0.00083    6.97218    6.98339 -9.990e-29     0.8841   12.50856   3.273733 2.9905e-02    25.9403    25.9400 3.6820e-01     30.000          1       2669    1473.36 1.2310e+03  52515.004    111.172 1616327982       0.21      0.332   40.10626  -73.64688 0.0000e+00
     30.761     6.1760    32.9878  1026.0841     2.4501     6.8156     97.777   -0.00062    6.97196    6.98317 -9.990e-29     0.9078   12.50820   3.274733 2.3841e-02    25.9413    25.9410 2.9034e-01     31.000          1       2725    1473.41 1.2168e+03  52516.921    113.518 1616327985      -0.06      0.360   40.10625  -73.64688 0.0000e+00
     31.751     6.1834    32.9904  1026.0899     2.4477     6.8061     97.680   -0.00058    6.97097    6.98217 -9.990e-29     0.8569   12.50652   3.275675 1.8072e-02    25.9424    25.9421 2.2390e-01     32.000          1       2830    1473.46 1.2388e+03  52519.225    117.864 1616327989       0.07      0.227   40.10624  -73.64688 0.0000e+00
     32.742     6.1860    32.9926  1026.0959     2.4460     6.8084     97.609   -0.00058    6.97026    6.98145 -9.990e-29     0.8739   12.50532   3.276091 1.5093e-02    25.9438    25.9435 1.8454e-01     33.000          1       2894    1473.49 1.2229e+03  52522.350    120.531 1616327992       0.10      0.388   40.10624  -73.64688 0.0000e+00
     33.739     6.1865    32.9932  1026.1009     2.4462     6.8043     97.697    0.00013    6.97099    6.98219      8.474     0.8391   12.50654   3.276270 1.0617e-02    25.9442    25.9439 1.3069e-01     34.000          1       2964    1473.51 1.2314e+03  52523.739    123.462 1616327995       0.06      0.393   40.10624  -73.64688 0.0000e+00
     34.730     6.1903    32.9963  1026.1075     2.4460     6.7986     97.663   -0.00014    6.96085    6.97191      8.474     0.7709   12.48963   3.276947 7.7692e-03    25.9462    25.9459 9.6988e-02     35.000          1       3060    1473.54 1.2479e+03  52527.796    127.477 1616327999       0.20      0.485   40.10624  -73.64688 0.0000e+00
     35.722     6.2227    33.0031  1026.1134     2.4442     6.7749     97.541   -0.00046    6.95703    6.96804      8.474     0.7664   12.48322   3.280419 4.5853e-03    25.9475    25.9472 5.6062e-02     36.000          1       3132    1473.70 1.2199e+03  52528.933    130.467 1616328002      -0.06      0.330   40.10623  -73.64688 0.0000e+00
     36.714     6.3229    33.0338  1026.1294     2.4361     6.7251     97.008   -0.00159    6.94394    6.95477      8.473     0.5547   12.46132   3.292346 2.7716e-03    25.9591    25.9587 3.4213e-02     37.000          1       3475    1474.15 1.2329e+03  52544.937    144.758 1616328016       0.05      0.217   40.10621  -73.64688 0.0000e+00
     37.713     6.3656    33.0444  1026.1371     2.4285     6.7569     96.763   -0.00048    6.96650    6.97764      8.475     0.6201   12.49912   3.296141 2.4687e-03    25.9621    25.9617 3.1035e-02     38.000          1       6067    1474.35 1.2584e+03  52548.752    252.730 1616328124      -0.33      0.225   40.10608  -73.64688 0.0000e+00
     36.714     6.3045    33.0240  1026.1241     2.4307     6.7686     96.884   -0.00038    6.96650    6.97764      8.474     0.6575   12.49902   3.289044 2.8731e-03    25.9537    25.9533 3.5959e-02     37.000          1       4872    1474.06 1.2506e+03  52536.218    202.968 1616328074      -0.23     -0.296   40.10614  -73.64688 0.0000e+00
     35.721     6.2131    33.0025  1026.1141     2.4391     6.8028     97.558    0.00215    6.96924    6.98043      8.474     0.7619   12.50360   3.279145 6.0662e-03    25.9483    25.9479 7.6304e-02     36.000          1       4962    1473.66 1.2579e+03  52530.773    206.711 1616328078       0.05     -0.226   40.10614  -73.64688 0.0000e+00
     34.731     6.1959    32.9983  1026.1084     2.4443     6.8072     97.610    0.00032    6.97027    6.98146      8.474     0.8617   12.50534   3.277395 7.9870e-03    25.9471    25.9467 9.9258e-02     35.000          1       5059    1473.57 1.2434e+03  52529.057    210.769 1616328082      -0.16     -0.366   40.10613  -73.64688 0.0000e+00
     33.735     6.1912    32.9947  1026.1015     2.4457     6.8104     97.698    0.00053    6.97053    6.98173 -9.990e-29     0.8789   12.50580   3.276635 1.2498e-02    25.9449    25.9445 1.5687e-01     34.000          1       5134    1473.53 1.2544e+03  52524.542    213.882 1616328085       0.02     -0.299   40.10612  -73.64688 0.0000e+00
     32.746     6.1890    32.9924  1026.0953     2.4471     6.8137     97.724    0.00028    6.97176    6.98298 -9.990e-29     0.8586   12.50788   3.276253 1.5969e-02    25.9433    25.9429 1.9935e-01     33.000          1       5234    1473.50 1.2487e+03  52521.082    218.022 1616328089      -0.15     -0.347   40.10612  -73.64688 0.0000e+00
     31.752     6.1807    32.9894  1026.0894     2.4480     6.8208     97.765    0.00032    6.97363    6.98487      8.476     0.9060   12.51098   3.275216 2.2076e-02    25.9420    25.9416 2.7726e-01     32.000          1       5304    1473.45 1.2552e+03  52518.573    220.959 1616328092       0.06     -0.297   40.10612  -73.64688 0.0000e+00
     30.758     6.1686    32.9870  1026.0844     2.4503     6.8297     97.921    0.00082    6.97424    6.98549      8.476     0.9369   12.51201   3.273911 2.7679e-02    25.9415    25.9412 3.4768e-01     31.000          1       5393    1473.38 1.2563e+03  52517.834    224.676 1616328096      -0.12     -0.363   40.10612  -73.64688 0.0000e+00
     29.768     6.1683    32.9856  1026.0787     2.4521     6.8333     97.966    0.00048    6.97436    6.98560      8.477     0.9230   12.51223   3.273737 3.5080e-02    25.9405    25.9402 4.3661e-01     30.000          1       5485    1473.36 1.2444e+03  52515.297    228.497 1616328100       0.04     -0.221   40.10610  -73.64688 0.0000e+00
     28.775     6.1682    32.9836  1026.0725     2.4542     6.8500     98.076    0.00067    6.97499    6.98625      8.478     0.9639   12.51330   3.273507 4.3875e-02    25.9389    25.9386 5.6049e-01     29.000          1       5564    1473.34 1.2774e+03  52511.669    231.804 1616328103       0.02     -0.321   40.10610  -73.64688 0.0000e+00
