CalculateIndicators/WaterTemperature/Data/CTD_NYOS/20210324_C22.cnv
* Sea-Bird SBE 9 Data File:
* FileName = C:\Seabird 9 CTD\Data\2021\202103_offshore\20210324_C22.hex
* Software Version Seasave V 7.23.2
* Temperature SN = 4590
* Conductivity SN = 3228
* Number of Bytes Per Scan = 44
* Number of Voltage Words = 5
* Number of Scans Averaged by the Deck Unit = 1
* NMEA Latitude = 39 01.23 N
* NMEA Longitude = 072 33.71 W
* NMEA UTC (Time) = Mar 24 2021  02:30:29
* NMEA baud rate = 4800
** Ship: RV Seawolf
** Station: 5.6
** Operator: TCM
# nquan = 31
# nvalues = 606                         
# units = specified
# name 0 = depSM: Depth [salt water, m]
# name 1 = t090C: Temperature [ITS-90, deg C]
# name 2 = sal00: Salinity, Practical [PSU]
# name 3 = density00: Density [density, kg/m^3]
# name 4 = sbeox0V: Oxygen raw, SBE 43 [V]
# name 5 = sbeox0ML/L: Oxygen, SBE 43 [ml/l]
# name 6 = sbeox0PS: Oxygen, SBE 43 [% saturation]
# name 7 = sbox0dV/dT: Oxygen, SBE 43 [dov/dt]
# name 8 = oxsolML/L: Oxygen Saturation, Garcia & Gordon [ml/l]
# name 9 = oxsatML/L: Oxygen Saturation, Weiss [ml/l]
# name 10 = ph: pH
# name 11 = flECO-AFL: Fluorescence, WET Labs ECO-AFL/FL [mg/m^3]
# name 12 = n2satML/L: Nitrogen Saturation [ml/l]
# name 13 = c0S/m: Conductivity [S/m]
# name 14 = cpar: CPAR/Corrected Irradiance [%]
# name 15 = sigma-é00: Density [sigma-theta, kg/m^3]
# name 16 = sigma-t00: Density [sigma-t, kg/m^3 ]
# name 17 = par: PAR/Irradiance, Biospherical/Licor
# name 18 = prDM: Pressure, Digiquartz [db]
# name 19 = pumps: Pump Status
# name 20 = scan: Scan Count
# name 21 = svCM: Sound Velocity [Chen-Millero, m/s]
# name 22 = spar: SPAR, Biospherical/Licor
# name 23 = specc: Specific Conductance [uS/cm]
# name 24 = timeS: Time, Elapsed [seconds]
# name 25 = timeY: Time, System [seconds]
# name 26 = accM: Acceleration [m/s^2]
# name 27 = dz/dtM: Descent Rate [m/s]
# name 28 = latitude: Latitude [deg]
# name 29 = longitude: Longitude [deg]
# name 30 = flag: flag
# span 0 =      1.949,    302.491       
# span 1 =    10.7355,    14.3172       
# span 2 =    35.3822,    35.8858       
# span 3 =  1026.7915,  1028.4873       
# span 4 =     1.4053,     2.3445       
# span 5 =     2.8907,     5.2131       
# span 6 =     46.905,     90.717       
# span 7 =   -0.08561,    0.12026       
# span 8 =    5.73918,    6.20084       
# span 9 =    5.73558,    6.20297       
# span 10 =      8.338,      8.545      
# span 11 =    -0.0790,     0.4563      
# span 12 =   10.43641,   11.20564      
# span 13 =   3.929968,   4.328666      
# span 14 = -1.017e+04, 9.9999e+04      
# span 15 =    26.7798,    27.1279      
# span 16 =    26.7792,    27.1212      
# span 17 = 1.0000e-12, 1.0000e-12      
# span 18 =      2.000,    305.000      
# span 19 =          1,          1      
# span 20 =         -2,      66744      
# span 21 =    1497.90,    1509.35      
# span 22 = 0.0000e+00, 2.1756e+00      
# span 23 =  54816.008,  55060.825      
# span 24 =     -0.116,   2780.961      
# span 25 = 1616553030, 1616555811      
# span 26 =      -1.30,       1.16      
# span 27 =     -2.337,      1.764      
# span 28 =   39.01756,   39.02052      
# span 29 =  -72.57728,  -72.56178      
# span 30 = 0.0000e+00, 0.0000e+00      
# interval = decibars: 1                
# start_time = Mar 24 2021 02:30:30 [System UTC, first data scan.]
# bad_flag = -9.990e-29
*END*
[from data line 375]
    230.108    14.2546    35.8686  1027.8330     2.2080     4.9707     86.510    0.00084    5.74676    5.74324      8.532     0.0108   10.44915   4.322572 5.0640e-11    26.8117    26.8044 1.0000e-12    232.000          1      39668    1509.16 1.9747e+00  55053.350   1652.782 1616554683      -0.30     -0.452   39.01880  -72.57100 0.0000e+00
    229.118    14.2566    35.8687  1027.8282 -9.990e-29     4.9724     86.493    0.00010    5.74659    5.74308 -9.990e-29     0.0033   10.44887   4.322739 5.0640e-11    26.8114    26.8041 1.0000e-12    231.000          1      39783    1509.15 1.9747e+00  55052.717   1657.578 1616554687      -0.22     -0.624   39.01879  -72.57103 0.0000e+00
    228.127    14.2574    35.8689  1027.8237     2.2108     4.9773     86.584    0.00050    5.74653    5.74301      8.534     0.0163   10.44877   4.322802 5.0640e-11    26.8113    26.8040 1.0000e-12    230.000          1      39842    1509.13 1.9747e+00  55052.209   1660.059 1616554690       0.03     -0.557   39.01878  -72.57105 0.0000e+00
    227.142    14.2601    35.8693  1027.8191     2.2136     4.9863     86.767    0.00121    5.74630    5.74278      8.534     0.0273   10.44839   4.323067 5.0640e-11    26.8110    26.8037 1.0000e-12    229.000          1      39979    1509.13 1.9747e+00  55051.926   1665.769 1616554696      -0.68     -0.985   39.01878  -72.57108 0.0000e+00
    226.127    14.2602    35.8692  1027.8145     2.2140     4.9886     86.768    0.00087    5.74630    5.74278      8.534     0.0118   10.44839   4.323008 5.0640e-11    26.8109    26.8036 1.0000e-12    228.000          1      39993    1509.11 1.9747e+00  55051.092   1666.349 1616554696      -0.28     -1.337   39.01878  -72.57108 0.0000e+00
    225.137    14.2602    35.8692  1027.8101     2.2163     4.9892     86.833    0.00035    5.74630    5.74278      8.534     0.0108   10.44838   4.322968 5.0640e-11    26.8108    26.8037 1.0000e-12    227.000          1      40122    1509.09 1.9747e+00  55050.657   1671.711 1616554702      -0.08     -1.415   39.01878  -72.57112 0.0000e+00
    224.154    14.2602    35.8691  1027.8056     2.2168     4.9903     86.824   -0.00001    5.74630    5.74278      8.534     0.0196   10.44839   4.322920 5.0640e-11    26.8107    26.8036 1.0000e-12    226.000          1      40220    1509.08 1.9747e+00  55049.919   1675.812 1616554706       0.32     -1.072   39.01878  -72.57114 0.0000e+00
    223.172    14.2602    35.8691  1027.8013     2.2169     4.9878     86.828    0.00029    5.74632    5.74280      8.534     0.0241   10.44841   4.322865 5.0640e-11    26.8107    26.8036 1.0000e-12    225.000          1      40402    1509.06 1.9747e+00  55049.382   1683.362 1616554713      -0.89     -0.536   39.01876  -72.57120 0.0000e+00
    222.170    14.2600    35.8691  1027.7968     2.2168     4.9895     86.805    0.00007    5.74628    5.74276      8.534     0.0236   10.44834   4.322810 5.0640e-11    26.8107    26.8036 1.0000e-12    224.000          1      40454    1509.04 1.9747e+00  55048.784   1685.523 1616554715      -0.12     -0.885   39.01876  -72.57120 0.0000e+00
    221.180    14.2605    35.8693  1027.7924     2.2168     4.9887     86.788    0.00010    5.74616    5.74264      8.534     0.0202   10.44815   4.322840 5.0640e-11    26.8107    26.8037 1.0000e-12    223.000          1      40569    1509.03 1.9747e+00  55048.409   1690.345 1616554720      -0.20     -0.852   39.01876  -72.57123 0.0000e+00
    220.195    14.2615    35.8694  1027.7879     2.2179     4.9918     86.866    0.00046    5.74591    5.74239      8.534     0.0147   10.44773   4.322894 5.0640e-11    26.8105    26.8035 1.0000e-12    222.000          1      40654    1509.01 1.9747e+00  55047.802   1693.884 1616554724       0.05     -0.505   39.01875  -72.57126 0.0000e+00
    219.211    14.2661    35.8705  1027.7833     2.2197     4.9932     86.924    0.00045    5.74539    5.74186      8.534     0.0173   10.44686   4.323462 5.0640e-11    26.8103    26.8034 1.0000e-12    221.000          1      40779    1509.02 1.9747e+00  55048.133   1699.089 1616554729       0.17     -0.502   39.01874  -72.57128 0.0000e+00
    218.213    14.2670    35.8706  1027.7788     2.2195     4.9931     86.876   -0.00013    5.74542    5.74189      8.534     0.0208   10.44691   4.323509 5.0640e-11    26.8102    26.8033 1.0000e-12    220.000          1      40814    1509.00 1.9747e+00  55047.681   1700.555 1616554730      -0.24     -0.602   39.01874  -72.57129 0.0000e+00
    217.223    14.2674    35.8708  1027.7744     2.2203     4.9942     86.941    0.00035    5.74539    5.74186 -9.990e-29     0.0239   10.44686   4.323504 5.0640e-11    26.8103    26.8033 1.0000e-12    219.000          1      40916    1508.98 1.9747e+00  55047.244   1704.796 1616554735      -0.06     -0.617   39.01874  -72.57131 0.0000e+00
    216.227    14.2678    35.8709  1027.7700     2.2206     4.9955     86.944    0.00037    5.74535    5.74182 -9.990e-29     0.0113   10.44679   4.323515 5.0640e-11    26.8103    26.8034 1.0000e-12    218.000          1      40989    1508.97 1.9747e+00  55046.864   1707.816 1616554738      -0.23     -0.921   39.01874  -72.57133 0.0000e+00
    215.241    14.2679    35.8711  1027.7657     2.2209     4.9943     86.928    0.00007    5.74526    5.74173      8.534     0.0181   10.44664   4.323504 5.0640e-11    26.8103    26.8035 1.0000e-12    217.000          1      41057    1508.95 1.9747e+00  55046.498   1710.674 1616554741       0.16     -0.408   39.01874  -72.57135 0.0000e+00
    214.256    14.2695    35.8715  1027.7613     2.2209     4.9923     86.915    0.00023    5.74502    5.74148      8.534     0.0136   10.44623   4.323656 5.0640e-11    26.8103    26.8034 1.0000e-12    216.000          1      41191    1508.94 1.9747e+00  55046.257   1716.262 1616554746      -0.23     -0.155   39.01874  -72.57138 0.0000e+00
    213.265    14.2696    35.8715  1027.7568     2.2210     4.9878     86.914    0.00026    5.74494    5.74141 -9.990e-29     0.0113   10.44611   4.323621 5.0640e-11    26.8102    26.8034 1.0000e-12    215.000          1      41236    1508.93 1.9747e+00  55045.619   1718.140 1616554748      -0.42     -0.612   39.01874  -72.57140 0.0000e+00
    212.259    14.2700    35.8717  1027.7524     2.2201     4.9872     86.818   -0.00050    5.74498    5.74144 -9.990e-29     0.0099   10.44616   4.323651 5.0640e-11    26.8103    26.8035 1.0000e-12    214.000          1      41261    1508.91 1.9747e+00  55045.310   1719.160 1616554749      -0.13     -0.915   39.01874  -72.57140 0.0000e+00
    211.275    14.2711    35.8720  1027.7480     2.2215     4.9916     86.897    0.00009    5.74494    5.74141 -9.990e-29     0.0156   10.44610   4.323740 5.0640e-11    26.8102    26.8035 1.0000e-12    213.000          1      41396    1508.90 1.9747e+00  55045.007   1724.784 1616554755       0.06     -0.512   39.01872  -72.57143 0.0000e+00
    210.312    14.2712    35.8721  1027.7438     2.2216     4.9896     86.881   -0.00011    5.74495    5.74142 -9.990e-29     0.0068   10.44611   4.323714 5.0640e-11    26.8103    26.8036 1.0000e-12    212.000          1      41466    1508.88 1.9747e+00  55044.638   1727.710 1616554758      -0.45     -0.325   39.01872  -72.57144 0.0000e+00
    209.293    14.2712    35.8720  1027.7391     2.2212     4.9913     86.854   -0.00034    5.74494    5.74141 -9.990e-29    -0.0034   10.44610   4.323646 5.0640e-11    26.8101    26.8035 1.0000e-12    211.000          1      41478    1508.87 1.9747e+00  55043.900   1728.227 1616554758      -0.92     -0.895   39.01872  -72.57144 0.0000e+00
    208.276    14.2710    35.8721  1027.7347     2.2215     4.9926     86.873   -0.00024    5.74495    5.74141 -9.990e-29     0.0067   10.44611   4.323595 5.0640e-11    26.8102    26.8036 1.0000e-12    210.000          1      41515    1508.85 1.9747e+00  55043.392   1729.732 1616554760      -0.30     -1.298   39.01872  -72.57146 0.0000e+00
    207.306    14.2710    35.8723  1027.7305     2.2213     4.9880     86.829   -0.00019    5.74499    5.74146 -9.990e-29     0.0249   10.44619   4.323571 5.0640e-11    26.8103    26.8037 1.0000e-12    209.000          1      41670    1508.83 1.9747e+00  55043.121   1736.203 1616554766      -0.42     -1.060   39.01872  -72.57148 0.0000e+00
    206.310    14.2708    35.8722  1027.7261     2.2214     4.9937     86.842   -0.00024    5.74501    5.74148 -9.990e-29     0.0148   10.44622   4.323499 5.0640e-11    26.8103    26.8037 1.0000e-12    208.000          1      41698    1508.82 1.9747e+00  55042.518   1737.392 1616554767       0.18     -1.110   39.01872  -72.57150 0.0000e+00
    205.319    14.2703    35.8721  1027.7216     2.2234     4.9982     87.000    0.00078    5.74497    5.74144      8.534     0.0186   10.44615   4.323383 5.0640e-11    26.8103    26.8037 1.0000e-12    207.000          1      41819    1508.80 1.9747e+00  55041.809   1742.417 1616554772       0.09     -1.069   39.01872  -72.57153 0.0000e+00
    204.329    14.2700    35.8720  1027.7172     2.2243     4.9937     86.996    0.00037    5.74499    5.74145      8.535     0.0122   10.44618   4.323307 5.0640e-11    26.8102    26.8037 1.0000e-12    206.000          1      41892    1508.78 1.9747e+00  55041.149   1745.472 1616554775       0.29     -1.397   39.01872  -72.57154 0.0000e+00
    203.335    14.2703    35.8721  1027.7128     2.2235     4.9958     86.922   -0.00032    5.74508    5.74154      8.536     0.0177   10.44633   4.323307 5.0640e-11    26.8102    26.8037 1.0000e-12    205.000          1      41933    1508.76 1.9747e+00  55040.637   1747.168 1616554777       0.30     -0.980   39.01872  -72.57155 0.0000e+00
    202.333    14.2712    35.8721  1027.7082     2.2238     4.9952     86.907   -0.00022    5.74498    5.74145      8.535    -0.0145   10.44617   4.323346 5.0640e-11    26.8100    26.8036 1.0000e-12    204.000          1      42082    1508.75 1.9747e+00  55040.041   1753.360 1616554783      -0.93     -2.069   39.01872  -72.57158 0.0000e+00
    201.327    14.2710    35.8722  1027.7037     2.2241     4.9942     86.936   -0.00016    5.74499    5.74145      8.536    -0.0062   10.44617   4.323290 5.0640e-11    26.8101    26.8037 1.0000e-12    203.000          1      42096    1508.73 1.9747e+00  55039.525   1753.966 1616554784       0.16     -2.219   39.01872  -72.57159 0.0000e+00
    200.354    14.2702    35.8722  1027.6996     2.2249     4.9965     86.952   -0.00019    5.74503    5.74150      8.536     0.0314   10.44626   4.323173 1.9938e+04    26.8102    26.8038 1.0000e-12    202.000          1      42254    1508.71 1.5810e+00  55039.149   1760.557 1616554790       0.26     -1.159   39.01872  -72.57164 0.0000e+00
    199.378    14.2702    35.8722  1027.6952     2.2263     5.0017     87.017    0.00004    5.74511    5.74157      8.536     0.0218   10.44637   4.323123 8.4882e+04    26.8102    26.8038 1.0000e-12    201.000          1      42389    1508.70 2.9851e-01  55038.539   1766.176 1616554796      -0.04     -0.320   39.01872  -72.57166 0.0000e+00
    198.403    14.2698    35.8720  1027.6909     2.2289     5.0089     87.167    0.00065    5.74513    5.74160      8.537     0.0104   10.44642   4.323017 -6.587e+03    26.8101    26.8038 1.0000e-12    200.000          1      42504    1508.68 2.1048e+00  55037.814   1770.972 1616554801      -0.49     -0.342   39.01872  -72.57168 0.0000e+00
    197.400    14.2697    35.8721  1027.6864     2.2293     5.0044     87.186    0.00042    5.74514    5.74161      8.536     0.0141   10.44643   4.322965 5.0640e-11    26.8101    26.8038 1.0000e-12    199.000          1      42521    1508.66 1.9747e+00  55037.249   1771.664 1616554802      -0.52     -0.826   39.01872  -72.57169 0.0000e+00
    196.385    14.2696    35.8721  1027.6819     2.2286     5.0022     87.133    0.00018    5.74515    5.74162      8.536     0.0143   10.44645   4.322911 5.0640e-11    26.8101    26.8038 1.0000e-12    198.000          1      42565    1508.65 1.9747e+00  55036.660   1773.490 1616554803      -0.16     -1.126   39.01872  -72.57170 0.0000e+00
    195.407    14.2690    35.8719  1027.6776     2.2290     5.0064     87.166    0.00064    5.74535    5.74182      8.536     0.0175   10.44678   4.322789 5.0640e-11    26.8101    26.8038 1.0000e-12    197.000          1      42696    1508.63 1.9747e+00  55035.993   1778.954 1616554809      -0.07     -1.149   39.01872  -72.57172 0.0000e+00
    194.406    14.2682    35.8718  1027.6731     2.2295     5.0050     87.154    0.00021    5.74541    5.74188      8.537     0.0197   10.44688   4.322644 5.0640e-11    26.8101    26.8039 1.0000e-12    196.000          1      42798    1508.61 1.9747e+00  55035.347   1783.220 1616554813       0.11     -0.999   39.01872  -72.57175 0.0000e+00
    193.426    14.2662    35.8712  1027.6688     2.2303     5.0059     87.183    0.00031    5.74536    5.74182      8.537     0.0305   10.44679   4.322341 5.0640e-11    26.8101    26.8039 1.0000e-12    195.000          1      42976    1508.58 1.9747e+00  55034.255   1790.621 1616554820      -0.26     -0.320   39.01872  -72.57179 0.0000e+00
    192.427    14.2674    35.8716  1027.6643     2.2307     5.0089     87.220    0.00066    5.74574    5.74222      8.537     0.0281   10.44744   4.322439 5.0640e-11    26.8101    26.8039 1.0000e-12    194.000          1      43081    1508.57 1.9747e+00  55034.011   1795.002 1616554825      -0.59     -0.930   39.01872  -72.57180 0.0000e+00
    191.433    14.2647    35.8708  1027.6599     2.2312     5.0073     87.207    0.00031    5.74549    5.74196      8.537     0.0224   10.44702   4.322039 5.0640e-11    26.8100    26.8039 1.0000e-12    193.000          1      43170    1508.55 1.9747e+00  55032.801   1798.720 1616554829      -0.32     -0.850   39.01871  -72.57183 0.0000e+00
    190.447    14.2649    35.8710  1027.6556     2.2318     5.0083     87.235    0.00047    5.74541    5.74188      8.537     0.0191   10.44688   4.322046 5.0640e-11    26.8101    26.8040 1.0000e-12    192.000          1      43299    1508.53 1.9747e+00  55032.473   1804.063 1616554834      -0.10     -0.771   39.01870  -72.57185 0.0000e+00
    189.460    14.2665    35.8714  1027.6511     2.2324     5.0087     87.247    0.00040    5.74551    5.74198      8.537     0.0184   10.44705   4.322210 5.0640e-11    26.8100    26.8040 1.0000e-12    191.000          1      43420    1508.52 1.9747e+00  55032.177   1809.138 1616554839      -0.36     -0.458   39.01870  -72.57187 0.0000e+00
    188.463    14.2659    35.8714  1027.6468     2.2318     5.0087     87.167   -0.00018    5.74568    5.74215      8.537     0.0268   10.44733   4.322108 5.0640e-11    26.8101    26.8041 1.0000e-12    190.000          1      43513    1508.50 1.9747e+00  55031.684   1812.994 1616554843      -0.22     -0.697   39.01870  -72.57189 0.0000e+00
    187.476    14.2643    35.8710  1027.6424     2.2316     5.0064     87.132   -0.00034    5.74545    5.74192      8.537     0.0437   10.44694   4.321856 5.0640e-11    26.8101    26.8041 1.0000e-12    189.000          1      43619    1508.48 1.9747e+00  55030.734   1817.404 1616554847       0.01     -0.636   39.01870  -72.57192 0.0000e+00
    186.498    14.2672    35.8717  1027.6381     2.2321     5.0115     87.234    0.00115    5.74543    5.74190      8.537     0.0385   10.44692   4.322185 5.0640e-11    26.8101    26.8041 1.0000e-12    188.000          1      43780    1508.47 1.9747e+00  55030.865   1824.111 1616554854      -0.49     -0.495   39.01868  -72.57195 0.0000e+00
    185.497    14.2669    35.8718  1027.6336     2.2325     5.0058     87.220    0.00058    5.74573    5.74220 -9.990e-29     0.0391   10.44741   4.322120 5.0640e-11    26.8101    26.8042 1.0000e-12    187.000          1      43799    1508.45 1.9747e+00  55030.391   1824.915 1616554855      -0.29     -0.900   39.01868  -72.57196 0.0000e+00
