CalculateIndicators/WaterTemperature/Data/CTD_NYOS/20210323_C20.cnv
* Sea-Bird SBE 9 Data File:
* FileName = C:\Seabird 9 CTD\Data\2021\202103_offshore\20210323_C20.hex
* Software Version Seasave V 7.23.2
* Temperature SN = 4590
* Conductivity SN = 3228
* Number of Bytes Per Scan = 44
* Number of Voltage Words = 5
* Number of Scans Averaged by the Deck Unit = 1
* NMEA Latitude = 39 38.84 N
* NMEA Longitude = 072 47.57 W
* NMEA UTC (Time) = Mar 23 2021  18:46:04
* NMEA baud rate = 4800
** Ship: RV Seawolf
** Station: 5.4
** Operator: EIH
# nquan = 31
# nvalues = 122                         
# units = specified
# name 0 = depSM: Depth [salt water, m]
# name 1 = t090C: Temperature [ITS-90, deg C]
# name 2 = sal00: Salinity, Practical [PSU]
# name 3 = density00: Density [density, kg/m^3]
# name 4 = sbeox0V: Oxygen raw, SBE 43 [V]
# name 5 = sbeox0ML/L: Oxygen, SBE 43 [ml/l]
# name 6 = sbeox0PS: Oxygen, SBE 43 [% saturation]
# name 7 = sbox0dV/dT: Oxygen, SBE 43 [dov/dt]
# name 8 = oxsolML/L: Oxygen Saturation, Garcia & Gordon [ml/l]
# name 9 = oxsatML/L: Oxygen Saturation, Weiss [ml/l]
# name 10 = ph: pH
# name 11 = flECO-AFL: Fluorescence, WET Labs ECO-AFL/FL [mg/m^3]
# name 12 = n2satML/L: Nitrogen Saturation [ml/l]
# name 13 = c0S/m: Conductivity [S/m]
# name 14 = cpar: CPAR/Corrected Irradiance [%]
# name 15 = sigma-é00: Density [sigma-theta, kg/m^3]
# name 16 = sigma-t00: Density [sigma-t, kg/m^3 ]
# name 17 = par: PAR/Irradiance, Biospherical/Licor
# name 18 = prDM: Pressure, Digiquartz [db]
# name 19 = pumps: Pump Status
# name 20 = scan: Scan Count
# name 21 = svCM: Sound Velocity [Chen-Millero, m/s]
# name 22 = spar: SPAR, Biospherical/Licor
# name 23 = specc: Specific Conductance [uS/cm]
# name 24 = timeS: Time, Elapsed [seconds]
# name 25 = timeY: Time, System [seconds]
# name 26 = accM: Acceleration [m/s^2]
# name 27 = dz/dtM: Descent Rate [m/s]
# name 28 = latitude: Latitude [deg]
# name 29 = longitude: Longitude [deg]
# name 30 = flag: flag
# span 0 =      0.967,     61.528       
# span 1 =     8.5770,     9.5278       
# span 2 =    33.8661,    34.0929       
# span 3 =  1026.2414,  1026.6600       
# span 4 =     2.4317,     2.6462       
# span 5 =     6.2508,     6.8588       
# span 6 =     96.329,    106.395       
# span 7 =   -0.02603,    0.01328       
# span 8 =    6.42175,    6.56294       
# span 9 =    6.42573,    6.56888       
# span 10 =      8.527,      8.579      
# span 11 =     0.1275,     1.4238      
# span 12 =   11.58712,   11.82174      
# span 13 =   3.568886,   3.665997      
# span 14 = 1.6105e-02, 8.5497e+01      
# span 15 =    26.2344,    26.3793      
# span 16 =    26.2343,    26.3782      
# span 17 = 3.3110e-01, 1.8289e+03      
# span 18 =      1.000,     62.000      
# span 19 =          1,          1      
# span 20 =        123,      14615      
# span 21 =    1483.54,    1486.96      
# span 22 = 1.4094e+03, 2.1430e+03      
# span 23 =  53082.461,  53351.028      
# span 24 =      5.097,    608.925      
# span 25 = 1616525170, 1616525774      
# span 26 =      -1.14,       0.70      
# span 27 =     -1.243,      1.203      
# span 28 =   39.64641,   39.64740      
# span 29 =  -72.79569,  -72.79301      
# span 30 = 0.0000e+00, 0.0000e+00      
# interval = decibars: 1                
# start_time = Mar 23 2021 18:46:05 [System UTC, first data scan.]
# bad_flag = -9.990e-29
*END*
[from data line 94]
     28.773     8.6735    33.9097  1026.4477     2.4556     6.3863     97.523    0.00096    6.54782    6.55357      8.536     0.3358   11.79635   3.581961 4.4481e-01    26.3160    26.3155 9.2830e+00     29.000          1       9825    1484.13 2.0872e+03  53184.776    409.347 1616525574       0.02     -0.518   39.64670  -72.79476 0.0000e+00
     27.787     8.6702    33.9080  1026.4424     2.4592     6.3930     97.637    0.00054    6.54947    6.55524      8.536     0.3533   11.79913   3.581515 4.9989e-01    26.3152    26.3147 1.0364e+01     28.000          1       9926    1484.10 2.0732e+03  53182.482    413.550 1616525578      -0.19     -0.232   39.64670  -72.79478 0.0000e+00
     26.798     8.6687    33.9068  1026.4371     2.4593     6.3965     97.602    0.00021    6.55087    6.55666      8.536     0.3622   11.80148   3.581207 5.3485e-01    26.3145    26.3140 1.1165e+01     27.000          1       9979    1484.07 2.0874e+03  53180.533    415.733 1616525580      -0.67     -0.474   39.64670  -72.79478 0.0000e+00
     25.787     8.6644    33.9053  1026.4319     2.4599     6.4057     97.649    0.00043    6.55096    6.55675      8.536     0.3569   11.80163   3.580588 5.9482e-01    26.3139    26.3135 1.2423e+01     26.000          1      10002    1484.04 2.0886e+03  53178.651    416.706 1616525581      -0.22     -0.958   39.64670  -72.79479 0.0000e+00
     24.813     8.6418    33.8967  1026.4242     2.4619     6.4110     97.748    0.00040    6.55755    6.56342      8.536     0.3951   11.81271   3.577644 6.4109e-01    26.3106    26.3102 1.3294e+01     25.000          1      10084    1483.93 2.0736e+03  53170.964    420.132 1616525585       0.25     -0.105   39.64668  -72.79481 0.0000e+00
     23.819     8.6189    33.8871  1026.4157     2.4652     6.4324     97.913    0.00066    6.56111    6.56702 -9.990e-29     0.4459   11.81873   3.574298 6.9749e-01    26.3067    26.3063 1.4463e+01     24.000          1      10161    1483.81 2.0734e+03  53162.119    423.341 1616525588      -1.14     -0.629   39.64668  -72.79482 0.0000e+00
     22.801     8.6009    33.8789  1026.4074     2.4664     6.4356     98.011    0.00106    6.56088    6.56680 -9.990e-29     0.4634   11.81835   3.572023 7.8636e-01    26.3030    26.3027 1.6419e+01     23.000          1      10179    1483.72 2.0877e+03  53153.866    424.081 1616525589      -0.41     -1.243   39.64668  -72.79482 0.0000e+00
     21.826     8.5895    33.8728  1026.3999     2.4700     6.4454     98.151    0.00091    6.56212    6.56804 -9.990e-29     0.4684   11.82044   3.570464 8.4799e-01    26.3000    26.2997 1.7493e+01     22.000          1      10273    1483.65 2.0631e+03  53147.311    427.987 1616525593      -0.09     -0.521   39.64668  -72.79485 0.0000e+00
     20.841     8.5821    33.8696  1026.3940     2.4729     6.4548     98.305    0.00109    6.56261    6.56854      8.537     0.4793   11.82129   3.569496 8.4509e-01    26.2986    26.2982 1.7461e+01     21.000          1      10339    1483.61 2.0661e+03  53143.763    430.753 1616525595      -0.11     -0.390   39.64668  -72.79486 0.0000e+00
     19.849     8.5817    33.8679  1026.3882     2.4759     6.4634     98.423    0.00097    6.56282    6.56876      8.538     0.4973   11.82165   3.569275 9.5609e-01    26.2973    26.2970 2.0042e+01     20.000          1      10409    1483.58 2.0966e+03  53140.829    433.665 1616525598      -0.10     -0.280   39.64666  -72.79487 0.0000e+00
     18.851     8.5805    33.8668  1026.3829     2.4780     6.4634     98.512    0.00095    6.56264    6.56857      8.538     0.5412   11.82135   3.569015 1.0241e+00    26.2966    26.2963 2.1367e+01     19.000          1      10463    1483.56 2.0865e+03  53138.830    435.909 1616525601      -0.04     -0.475   39.64666  -72.79488 0.0000e+00
     17.870     8.5799    33.8661  1026.3780     2.4784     6.4649     98.400   -0.00037    6.56235    6.56827      8.541     0.5652   11.82088   3.568897 1.0017e+00    26.2962    26.2959 2.0770e+01     18.000          1      10529    1483.54 2.0736e+03  53137.423    438.674 1616525603      -0.38     -0.288   39.64666  -72.79490 0.0000e+00
     16.859     8.5866    33.8665  1026.3726     2.4810     6.4777     98.649    0.00096    6.56130    6.56721      8.541     0.5372   11.81914   3.569551 1.0839e+00    26.2954    26.2951 2.2393e+01     17.000          1      10593    1483.55 2.0663e+03  53135.656    441.322 1616525606      -0.30     -0.648   39.64666  -72.79490 0.0000e+00
     15.862     8.6075    33.8687  1026.3665     2.4866     6.4918     98.961    0.00139    6.55964    6.56553      8.541     0.5468   11.81638   3.571663 1.1812e+00    26.2938    26.2936 2.4390e+01     16.000          1      10865    1483.62 2.0649e+03  53133.299    452.664 1616525617      -0.31     -0.769   39.64663  -72.79495 0.0000e+00
     14.873     8.6392    33.8739  1026.3611     2.4936     6.5093     99.376    0.00245    6.55460    6.56041      8.541     0.5679   11.80798   3.575301 1.2339e+00    26.2930    26.2928 2.5736e+01     15.000          1      11529    1483.72 2.0860e+03  53132.765    480.317 1616525645      -0.11     -0.760   39.64660  -72.79506 0.0000e+00
     13.888     8.7714    33.8937  1026.3516     2.5239     6.6336    101.246    0.00766    6.51415    6.51941      8.556     0.8296   11.74065   3.589493 1.2666e+00    26.2880    26.2878 2.5856e+01     14.000          1      12391    1484.22 2.0401e+03  53130.059    516.258 1616525681      -0.12     -0.627   39.64654  -72.79525 0.0000e+00
     12.895     8.9817    33.9278  1026.3405     2.5628     6.7390    103.579    0.01328    6.47949    6.48428      8.570     1.0780   11.68291   3.613088 1.2972e+00    26.2816    26.2814 2.6146e+01     13.000          1      12922    1485.03 2.0155e+03  53131.445    538.390 1616525703      -0.18     -0.478   39.64650  -72.79537 0.0000e+00
     11.907     9.1459    33.9513  1026.3282     2.5948     6.7735    104.689    0.00860    6.45854    6.46304      8.574     1.2001   11.64815   3.629402 1.3552e+00    26.2738    26.2736 2.7179e+01     12.000          1      13050    1485.64 2.0056e+03  53127.596    543.695 1616525708      -0.11     -0.320   39.64650  -72.79540 0.0000e+00
     10.928     9.2471    33.9612  1026.3152     2.6202     6.8588    105.900    0.00887    6.43439    6.43855      8.578     1.2740   11.60807   3.640431 1.4362e+00    26.2653    26.2651 2.8702e+01     11.000          1      13122    1486.01 1.9983e+03  53119.687    546.721 1616525711      -0.50     -0.306   39.64650  -72.79541 0.0000e+00
      9.911     9.3454    33.9697  1026.3013     2.6283     6.8422    106.386    0.00974    6.44074    6.44499      8.579     1.2989   11.61861   3.649638 1.6544e+00    26.2561    26.2559 3.3192e+01     10.000          1      13144    1486.37 2.0060e+03  53109.719    547.641 1616525712      -0.36     -0.859   39.64650  -72.79542 0.0000e+00
      8.925     9.4484    33.9762  1026.2851     2.6414     6.8314    106.359    0.00254    6.42751    6.43157      8.577     1.0704   11.59667   3.659416 1.9092e+00    26.2444    26.2442 3.7823e+01      9.000          1      13242    1486.73 1.9811e+03  53096.676    551.698 1616525716      -0.35     -0.511   39.64650  -72.79544 0.0000e+00
      7.940     9.4988    33.9788  1026.2743     2.6443     6.8331    106.292    0.00039    6.42626    6.43031      8.576     0.9233   11.59460   3.663835 2.2134e+00    26.2381    26.2380 4.4137e+01      8.000          1      13313    1486.91 1.9940e+03  53089.207    554.668 1616525719       0.15     -0.367   39.64648  -72.79544 0.0000e+00
      6.943     9.4971    33.9786  1026.2699     2.6458     6.8373    106.395    0.00080    6.42600    6.43004      8.575     0.8814   11.59417   3.663490 2.5189e+00    26.2383    26.2381 5.0496e+01      7.000          1      13367    1486.88 2.0046e+03  53088.626    556.933 1616525722      -0.06     -0.496   39.64648  -72.79546 0.0000e+00
      5.958     9.5000    33.9798  1026.2659     2.6462     6.8257    106.301   -0.00027    6.42293    6.42693      8.574     0.8095   11.58909   3.663640 2.8223e+00    26.2387    26.2386 5.6297e+01      6.000          1      13448    1486.88 1.9945e+03  53089.088    560.311 1616525725      -0.10     -0.224   39.64648  -72.79547 0.0000e+00
      4.963     9.5162    33.9800  1026.2588     2.6455     6.8240    106.263   -0.00016    6.42208    6.42607 -9.990e-29     0.7598   11.58768   3.665116 3.4444e+00    26.2362    26.2361 6.8963e+01      5.000          1      13513    1486.92 2.0020e+03  53085.287    562.986 1616525728       0.04     -0.352   39.64648  -72.79548 0.0000e+00
      3.973     9.5263    33.9799  1026.2525     2.6453     6.8212    106.255    0.00003    6.42176    6.42575 -9.990e-29     0.7825   11.58715   3.665916 3.9770e+00    26.2344    26.2343 7.9989e+01      4.000          1      13578    1486.94 2.0109e+03  53082.461    565.728 1616525730      -0.55     -0.416   39.64647  -72.79549 0.0000e+00
      2.962     9.5278    33.9806  1026.2482     2.6453     6.8246    106.243   -0.00016    6.42175    6.42573      8.574     0.7982   11.58712   3.665997 4.9466e+00    26.2347    26.2347 1.0040e+02      3.000          1      13742    1486.93 2.0295e+03  53082.470    572.529 1616525737      -0.16     -0.731   39.64645  -72.79552 0.0000e+00
      1.948     9.5254    33.9825  1026.2449     2.6458     6.8201    106.304    0.00020    6.42219    6.42618      8.576     0.7291   11.58783   3.665407 4.6115e+00    26.2366    26.2366 9.5008e+01      2.000          1      14615    1486.90 2.0596e+03  53085.103    608.925 1616525774      -0.23     -1.107   39.64641  -72.79569 0.0000e+00
