CalculateIndicators/WaterTemperature/Data/CTD_NYOS/20210521_C02.cnv
* Sea-Bird SBE 9 Data File:
* FileName = C:\Seabird 9 CTD\Data\2021\202105_offshore\20210521_C02.hex
* Software Version Seasave V 7.23.2
* Temperature SN = 4590
* Conductivity SN = 3228
* Number of Bytes Per Scan = 44
* Number of Voltage Words = 5
* Number of Scans Averaged by the Deck Unit = 1
* NMEA Latitude = 40 06.37 N
* NMEA Longitude = 073 38.84 W
* NMEA UTC (Time) = May 21 2021  07:21:23
* NMEA baud rate = 4800
** Ship: seawolf
** Station: 7.2
** Operator: sjw
# nquan = 31
# nvalues = 140                         
# units = specified
# name 0 = depSM: Depth [salt water, m]
# name 1 = t090C: Temperature [ITS-90, deg C]
# name 2 = sal00: Salinity, Practical [PSU]
# name 3 = density00: Density [density, kg/m^3]
# name 4 = sbeox0V: Oxygen raw, SBE 43 [V]
# name 5 = sbeox0ML/L: Oxygen, SBE 43 [ml/l]
# name 6 = sbeox0PS: Oxygen, SBE 43 [% saturation]
# name 7 = sbox0dV/dT: Oxygen, SBE 43 [dov/dt]
# name 8 = oxsolML/L: Oxygen Saturation, Garcia & Gordon [ml/l]
# name 9 = oxsatML/L: Oxygen Saturation, Weiss [ml/l]
# name 10 = ph: pH
# name 11 = flECO-AFL: Fluorescence, WET Labs ECO-AFL/FL [mg/m^3]
# name 12 = n2satML/L: Nitrogen Saturation [ml/l]
# name 13 = c0S/m: Conductivity [S/m]
# name 14 = cpar: CPAR/Corrected Irradiance [%]
# name 15 = sigma-é00: Density [sigma-theta, kg/m^3]
# name 16 = sigma-t00: Density [sigma-t, kg/m^3 ]
# name 17 = par: PAR/Irradiance, Biospherical/Licor
# name 18 = prDM: Pressure, Digiquartz [db]
# name 19 = pumps: Pump Status
# name 20 = scan: Scan Count
# name 21 = svCM: Sound Velocity [Chen-Millero, m/s]
# name 22 = spar: SPAR, Biospherical/Licor
# name 23 = specc: Specific Conductance [uS/cm]
# name 24 = timeS: Time, Elapsed [seconds]
# name 25 = timeY: Time, System [seconds]
# name 26 = accM: Acceleration [m/s^2]
# name 27 = dz/dtM: Descent Rate [m/s]
# name 28 = latitude: Latitude [deg]
# name 29 = longitude: Longitude [deg]
# name 30 = flag: flag
# span 0 =      1.972,     36.725       
# span 1 =     7.9634,    14.8188       
# span 2 =    31.1470,    33.1491       
# span 3 =  1023.0670,  1025.9950       
# span 4 =     2.0167,     2.9187       
# span 5 =     5.0639,     7.3715       
# span 6 =     75.784,    121.078       
# span 7 =   -0.05187,    0.04589       
# span 8 =    5.84933,    6.68414       
# span 9 =    5.84411,    6.69110       
# span 10 =      7.866,      8.173      
# span 11 =     0.1845,     1.2205      
# span 12 =   10.67071,   12.03086      
# span 13 =   3.446219,   3.852361      
# span 14 = -3.411e+04, 1.0227e+05      
# span 15 =    23.0537,    25.8261      
# span 16 =    23.0536,    25.8256      
# span 17 = 1.0000e-12, 1.0000e-12      
# span 18 =      2.000,     37.000      
# span 19 =          1,          1      
# span 20 =        119,       8567      
# span 21 =    1480.64,    1501.71      
# span 22 = -4.486e-02, 2.6483e+00      
# span 23 =  48348.911,  52279.258      
# span 24 =      4.922,    356.925      
# span 25 = 1621581690, 1621582041      
# span 26 =      -0.66,       0.74      
# span 27 =     -0.972,      0.829      
# span 28 =   40.10620,   40.10630      
# span 29 =  -73.64758,  -73.64740      
# span 30 = 0.0000e+00, 0.0000e+00      
# interval = decibars: 0.5              
# start_time = May 21 2021 07:21:24 [System UTC, first data scan.]
# bad_flag = -9.990e-29
*END*
[from data line 94]
     24.793     8.6518    32.7433  1025.5191     2.1789     5.6056     84.760    0.01102    6.61342    6.61891      7.892     1.0168   11.91882   3.470190 1.6549e+04    25.4054    25.4050 1.0000e-12     25.000          1       4521    1482.54 1.6479e+00  51537.786    188.328 1621581872      -0.08     -0.589   40.10626  -73.64749 0.0000e+00
     24.303     8.8902    32.7324  1025.4715     2.2388     5.8782     89.886    0.03720    6.54116    6.54561      7.913     0.9739   11.79954   3.491206 2.7954e+04    25.3601    25.3597 1.0000e-12     24.500          1       5681    1483.41 1.4227e+00  51471.484    236.657 1621581921       0.14     -0.509   40.10628  -73.64752 0.0000e+00
     23.815     9.4179    32.6945  1025.3564     2.3233     6.0771     93.840    0.03658    6.47598    6.47951      7.937     0.7197   11.69178   3.534637 -8.340e+02    25.2476    25.2472 1.0000e-12     24.000          1       5929    1485.30 1.9912e+00  51306.764    247.013 1621581931      -0.05     -0.204   40.10628  -73.64752 0.0000e+00
     23.320     9.3580    32.7100  1025.3758     2.3518     6.0264     93.562    0.01826    6.44110    6.44412      7.945     0.6636   11.63445   3.529096 5.0640e-11    25.2692    25.2688 1.0000e-12     23.500          1       5967    1485.09 1.9747e+00  51341.077    248.576 1621581932      -0.02     -0.304   40.10628  -73.64752 0.0000e+00
     22.826     9.4931    32.7218  1025.3610     2.3777     6.0764     94.800    0.01877    6.40971    6.41223      7.950     0.6731   11.58343   3.544254 5.0640e-11    25.2568    25.2564 1.0000e-12     23.000          1       5997    1485.59 1.9747e+00  51330.597    249.844 1621581934      -0.10     -0.356   40.10628  -73.64752 0.0000e+00
     22.329     9.6273    32.7277  1025.3416     2.3999     6.1523     96.227    0.02320    6.39354    6.39585      7.954     0.6285   11.55656   3.556097 5.0640e-11    25.2397    25.2393 1.0000e-12     22.500          1       6019    1486.08 1.9747e+00  51312.845    250.735 1621581935      -0.16     -0.475   40.10628  -73.64752 0.0000e+00
     21.832     9.7640    32.6880  1025.2860     2.4184     6.2055     97.230    0.02464    6.38238    6.38453      7.957     0.5653   11.53827   3.564364 5.0640e-11    25.1864    25.1860 1.0000e-12     22.000          1       6037    1486.52 1.9747e+00  51229.047    251.484 1621581935      -0.14     -0.588   40.10628  -73.64752 0.0000e+00
     21.335     9.8884    32.6447  1025.2294     2.4339     6.2434     97.966    0.02456    6.37303    6.37505      7.961     0.6185   11.52300   3.571794 5.0640e-11    25.1322    25.1318 1.0000e-12     21.500          1       6053    1486.91 1.9747e+00  51143.587    252.155 1621581936      -0.11     -0.672   40.10628  -73.64752 0.0000e+00
     20.836    10.0065    32.6128  1025.1826     2.4474     6.2849     98.525    0.02323    6.37896    6.38103      7.963     0.6013   11.53300   3.579297 5.0640e-11    25.0877    25.0873 1.0000e-12     21.000          1       6068    1487.30 1.9747e+00  51076.424    252.791 1621581937      -0.09     -0.738   40.10628  -73.64752 0.0000e+00
     20.334    10.1050    32.6148  1025.1654     2.4591     6.2995     98.834    0.02023    6.37385    6.37584      7.966     0.5799   11.52476   3.588163 5.0640e-11    25.0728    25.0724 1.0000e-12     20.500          1       6085    1487.64 1.9747e+00  51060.092    253.509 1621581937       0.03     -0.761   40.10628  -73.64752 0.0000e+00
     19.844    10.2387    32.5893  1025.1207     2.4756     6.2995     99.018    0.01306    6.36201    6.36383      7.967     0.5485   11.50546   3.596795 5.1061e+04    25.0304    25.0300 1.0000e-12     20.000          1       6121    1488.09 9.6638e-01  50999.404    254.984 1621581939       0.24     -0.439   40.10628  -73.64753 0.0000e+00
     19.349    10.3451    32.5404  1025.0623     2.4899     6.2572     99.121    0.00705    6.31267    6.31382      7.969     0.4632   11.42397   3.601416 9.8608e+04    24.9743    24.9739 1.0000e-12     19.500          1       6168    1488.40 2.7473e-02  50910.939    256.942 1621581941      -0.06     -0.255   40.10628  -73.64753 0.0000e+00
     18.862    10.3929    32.5206  1025.0366     2.5125     6.2847    100.513    0.01206    6.25267    6.25307      7.968     0.3982   11.32430   3.602705 9.9999e+04    24.9508    24.9504 1.0000e-12     19.000          1       6207    1488.54 0.0000e+00  50874.282    258.601 1621581943      -0.01     -0.291   40.10628  -73.64752 0.0000e+00
     18.369    10.4313    32.5159  1025.0241     2.5245     6.3304    101.502    0.01751    6.23663    6.23681      7.967     0.3878   11.29792   3.608130 9.9999e+04    24.9406    24.9402 1.0000e-12     18.500          1       6227    1488.66 0.0000e+00  50860.568    259.404 1621581943      -0.30     -0.394   40.10628  -73.64752 0.0000e+00
     17.865    10.7255    32.5000  1024.9587     2.5293     6.3275    101.512    0.01474    6.23327    6.23340      7.968     0.3650   11.29240   3.636663 9.9999e+04    24.8775    24.8771 1.0000e-12     18.000          1       6239    1489.68 0.0000e+00  50787.188    259.921 1621581944      -0.47     -0.600   40.10628  -73.64752 0.0000e+00
     17.359    11.0199    32.5060  1024.9095     2.5328     6.3186    101.392    0.01115    6.23189    6.23199      7.969     0.3494   11.29035   3.660117 9.9999e+04    24.8308    24.8304 1.0000e-12     17.500          1       6250    1490.72 0.0000e+00  50743.119    260.392 1621581944      -0.44     -0.821   40.10628  -73.64752 0.0000e+00
     16.854    11.1097    32.5204  1024.9025     2.5356     6.3298    101.317    0.00816    6.24756    6.24784      7.970     0.3796   11.31660   3.669024 6.6752e+04    24.8261    24.8257 1.0000e-12     17.000          1       6264    1491.05 6.5653e-01  50749.622    260.965 1621581945      -0.10     -0.972   40.10628  -73.64752 0.0000e+00
     16.371    11.2855    32.5179  1024.8670     2.5325     6.3039    100.526   -0.00013    6.27099    6.27154      7.973     0.3704   11.35584   3.684121 -9.969e+01    24.7928    24.7925 1.0000e-12     16.500          1       6301    1491.65 1.9767e+00  50717.425    262.481 1621581946       0.35     -0.477   40.10628  -73.64754 0.0000e+00
     15.877    11.2009    32.4591  1024.8342     2.5278     6.3245    100.161   -0.00234    6.31435    6.31537      7.978     0.4104   11.42895   3.667926 5.0640e-11    24.7622    24.7619 1.0000e-12     16.000          1       6345    1491.28 1.9747e+00  50648.079    264.344 1621581948      -0.10     -0.268   40.10628  -73.64754 0.0000e+00
     15.385    11.0738    32.4356  1024.8362     2.5225     6.3346     99.870   -0.00308    6.34283    6.34415      7.979     0.4881   11.47694   3.653931 5.0640e-11    24.7665    24.7661 1.0000e-12     15.500          1       6377    1490.79 1.9747e+00  50636.095    265.660 1621581950      -0.06     -0.354   40.10628  -73.64754 0.0000e+00
     14.883    10.9605    32.3898  1024.8183     2.5177     6.3068     99.452   -0.00519    6.34151    6.34278      7.980     0.4317   11.47525   3.638331 5.0640e-11    24.7508    24.7505 1.0000e-12     15.000          1       6398    1490.33 1.9747e+00  50589.756    266.539 1621581950      -0.18     -0.469   40.10628  -73.64754 0.0000e+00
     14.386    10.7399    32.2972  1024.7825     2.5144     6.2807     99.304   -0.00454    6.32474    6.32578      7.981     0.4082   11.44768   3.607595 5.0640e-11    24.7171    24.7168 1.0000e-12     14.500          1       6423    1489.43 1.9747e+00  50496.457    267.590 1621581951       0.07     -0.532   40.10628  -73.64754 0.0000e+00
     13.899    10.6075    32.2475  1024.7644     2.5175     6.2928     99.860    0.00085    6.30162    6.30237      7.981     0.3741   11.40928   3.592892 5.0640e-11    24.7013    24.7010 1.0000e-12     14.000          1       6453    1488.89 1.9747e+00  50449.365    268.824 1621581953       0.05     -0.384   40.10628  -73.64754 0.0000e+00
     13.399    10.6290    32.2032  1024.7239     2.5224     6.3128    100.363    0.00439    6.28997    6.29057      7.982     0.3750   11.39008   3.590727 5.0640e-11    24.6630    24.6628 1.0000e-12     13.500          1       6472    1488.91 1.9747e+00  50382.553    269.609 1621581953      -0.23     -0.478   40.10628  -73.64754 0.0000e+00
     12.899    10.7345    32.1875  1024.6912     2.5278     6.3338    100.772    0.00623    6.28534    6.28587      7.982     0.3625   11.38239   3.598915 5.0640e-11    24.6326    24.6323 1.0000e-12     13.000          1       6488    1489.25 1.9747e+00  50342.295    270.279 1621581954      -0.21     -0.638   40.10628  -73.64754 0.0000e+00
     12.394    10.8204    32.1919  1024.6774     2.5347     6.3581    101.250    0.00813    6.27956    6.28003      7.982     0.3651   11.37284   3.607550 5.0640e-11    24.6211    24.6209 1.0000e-12     12.500          1       6506    1489.56 1.9747e+00  50333.091    271.025 1621581955      -0.01     -0.718   40.10628  -73.64754 0.0000e+00
     11.913    11.0326    32.1928  1024.6388     2.5541     6.3577    102.175    0.00931    6.22238    6.22211      7.981     0.3413   11.27830   3.626425 5.0640e-11    24.5848    24.5845 1.0000e-12     12.000          1       6558    1490.30 1.9747e+00  50299.813    273.204 1621581957       0.12     -0.225   40.10628  -73.64754 0.0000e+00
     11.414    11.1554    32.2045  1024.6239     2.5693     6.3816    103.009    0.01120    6.19521    6.19456      7.982     0.3571   11.23388   3.639344 5.0640e-11    24.5722    24.5719 1.0000e-12     11.500          1       6591    1490.74 1.9747e+00  50295.197    274.574 1621581958      -0.40     -0.301   40.10628  -73.64754 0.0000e+00
     10.910    11.3023    32.2079  1024.5981     2.5764     6.3825    103.310    0.01114    6.17799    6.17709      7.984     0.3135   11.20587   3.653388 5.0640e-11    24.5487    24.5484 1.0000e-12     11.000          1       6609    1491.25 1.9747e+00  50276.934    275.313 1621581959      -0.26     -0.571   40.10628  -73.64754 0.0000e+00
     10.418    11.5781    32.1724  1024.5186     2.5855     6.3459    103.506    0.00923    6.13097    6.12940      7.991     0.3334   11.12953   3.674437 5.0640e-11    24.4714    24.4712 1.0000e-12     10.500          1       6632    1492.16 1.9747e+00  50182.796    276.294 1621581960       0.13     -0.602   40.10628  -73.64754 0.0000e+00
      9.930    11.7261    32.1314  1024.4576     2.6049     6.3860    104.707    0.01344    6.09891    6.09687      8.012     0.3332   11.07773   3.682542 5.0640e-11    24.4127    24.4125 1.0000e-12     10.000          1       6657    1492.62 1.9747e+00  50101.727    277.323 1621581961       0.04     -0.462   40.10628  -73.64754 0.0000e+00
      9.431    11.8215    32.1023  1024.4152     2.6247     6.4906    106.323    0.02176    6.10462    6.10270      8.023     0.3321   11.08648   3.688513 7.5557e+04    24.3726    24.3724 1.0000e-12      9.500          1       6674    1492.90 4.8267e-01  50047.705    278.026 1621581962      -0.21     -0.541   40.10628  -73.64754 0.0000e+00
      8.928    11.9996    32.0400  1024.3317     2.6409     6.5845    107.522    0.02643    6.12387    6.12227      8.028     0.3416   11.11694   3.699653 9.9841e+04    24.2914    24.2911 1.0000e-12      9.000          1       6688    1493.44 3.1292e-03  49934.148    278.642 1621581963      -0.23     -0.688   40.10628  -73.64754 0.0000e+00
      8.417    12.4435    31.8569  1024.1039     2.6805     6.6864    109.195    0.02291    6.12344    6.12183      8.032     0.3493   11.11621   3.718886 2.0013e+04    24.0660    24.0658 1.0000e-12      8.500          1       6844    1494.73 1.5795e+00  49613.781    285.137 1621581969      -0.08     -0.676   40.10628  -73.64755 0.0000e+00
      7.940    12.8301    31.6463  1023.8650     2.7965     6.8608    114.612    0.02495    5.98849    5.98503      8.088     0.3740   10.89804   3.728321 -1.627e+03    23.8292    23.8290 1.0000e-12      8.000          1       7759    1495.78 2.0068e+00  49267.566    323.252 1621582007      -0.05     -0.355   40.10629  -73.64757 0.0000e+00
      7.448    12.9567    31.5613  1023.7725     2.8689     7.0324    119.182    0.04318    5.90032    5.89563      8.128     0.3775   10.75550   3.732234 5.0640e-11    23.7390    23.7388 1.0000e-12      7.500          1       8132    1496.10 1.9747e+00  49131.687    338.797 1621582023      -0.24     -0.408   40.10630  -73.64758 0.0000e+00
      6.946    13.3545    31.4076  1023.5734     2.8885     7.0919    120.305    0.04589    5.89495    5.89021      8.136     0.3946   10.74653   3.751762 5.0640e-11    23.5422    23.5420 1.0000e-12      7.000          1       8137    1497.24 1.9747e+00  48864.328    339.005 1621582023      -0.30     -0.596   40.10630  -73.64756 0.0000e+00
      6.442    13.7581    31.3155  1023.4192     2.8851     6.9801    118.821    0.02736    5.87448    5.86952      8.140     0.3968   10.71271   3.780937 5.0640e-11    23.3903    23.3902 1.0000e-12      6.500          1       8153    1498.46 1.9747e+00  48687.551    339.669 1621582024      -0.12     -0.737   40.10630  -73.64756 0.0000e+00
      5.956    14.3748    31.1821  1023.1883     2.8713     6.7852    115.812   -0.00663    5.85879    5.85367      8.141     0.3417   10.68664   3.820796 5.0640e-11    23.1617    23.1615 1.0000e-12      6.000          1       8195    1500.31 1.9747e+00  48436.439    341.435 1621582025       0.18     -0.349   40.10630  -73.64757 0.0000e+00
      5.465    14.6260    31.1583  1023.1157     2.8492     6.6699    113.980   -0.01776    5.85185    5.84665      8.142     0.3111   10.67506   3.838533 5.0640e-11    23.0912    23.0911 1.0000e-12      5.500          1       8232    1501.09 1.9747e+00  48375.721    342.951 1621582027      -0.41     -0.240   40.10630  -73.64758 0.0000e+00
      4.956    14.6702    31.1470  1023.0954     2.8397     6.6511    113.644   -0.01585    5.85263    5.84745      8.143     0.2977   10.67641   3.840344 5.0640e-11    23.0732    23.0731 1.0000e-12      5.000          1       8247    1501.22 1.9747e+00  48354.154    343.586 1621582027      -0.42     -0.546   40.10630  -73.64758 0.0000e+00
      4.463    14.7507    31.1550  1023.0825     2.8240     6.6295    113.179   -0.01127    5.85753    5.85240      8.144     0.3330   10.68446   3.848040 5.0640e-11    23.0626    23.0624 1.0000e-12      4.500          1       8285    1501.47 1.9747e+00  48357.114    345.159 1621582029       0.05     -0.412   40.10630  -73.64758 0.0000e+00
      3.972    14.7796    31.1515  1023.0715     2.8129     6.6183    113.078   -0.00450    5.85288    5.84770      8.144     0.3372   10.67673   3.848996 5.0640e-11    23.0537    23.0536 1.0000e-12      4.000          1       8333    1501.56 1.9747e+00  48348.911    347.170 1621582031      -0.36     -0.193   40.10630  -73.64758 0.0000e+00
      3.471    14.7489    31.1627  1023.0844     2.8144     6.6378    113.382   -0.00098    5.85440    5.84923      8.143     0.3444   10.67918   3.847082 5.0640e-11    23.0688    23.0687 1.0000e-12      3.500          1       8356    1501.46 1.9747e+00  48367.651    348.112 1621582032      -0.13     -0.485   40.10630  -73.64758 0.0000e+00
      2.979    14.7258    31.1635  1023.0876     2.8152     6.6447    113.552    0.00091    5.85166    5.84646      8.144     0.3421   10.67466   3.845279 5.0640e-11    23.0743    23.0742 1.0000e-12      3.000          1       8381    1501.38 1.9747e+00  48370.262    349.153 1621582033       0.04     -0.486   40.10630  -73.64758 0.0000e+00
      2.469    14.7899    31.1623  1023.0709     2.8144     6.6413    113.486    0.00048    5.85212    5.84693      8.149     0.3269   10.67540   3.850012 5.0640e-11    23.0599    23.0598 1.0000e-12      2.500          1       8567    1501.58 1.9747e+00  48362.189    356.925 1621582041      -0.02     -0.429   40.10630  -73.64757 0.0000e+00
