CalculateIndicators/WaterTemperature/Data/CTD_NYOS/20210521_C04.cnv
* Sea-Bird SBE 9 Data File:
* FileName = C:\Seabird 9 CTD\Data\2021\202105_offshore\20210521_C04.hex
* Software Version Seasave V 7.23.2
* Temperature SN = 4590
* Conductivity SN = 3228
* Number of Bytes Per Scan = 44
* Number of Voltage Words = 5
* Number of Scans Averaged by the Deck Unit = 1
* NMEA Latitude = 39 19.48 N
* NMEA Longitude = 073 21.79 W
* NMEA UTC (Time) = May 21 2021  15:06:55
* NMEA baud rate = 4800
** Ship: seawolf
** Station: 7.4
** Operator: SJW
# nquan = 31
# nvalues = 174                         
# units = specified
# name 0 = depSM: Depth [salt water, m]
# name 1 = t090C: Temperature [ITS-90, deg C]
# name 2 = sal00: Salinity, Practical [PSU]
# name 3 = density00: Density [density, kg/m^3]
# name 4 = sbeox0V: Oxygen raw, SBE 43 [V]
# name 5 = sbeox0ML/L: Oxygen, SBE 43 [ml/l]
# name 6 = sbeox0PS: Oxygen, SBE 43 [% saturation]
# name 7 = sbox0dV/dT: Oxygen, SBE 43 [dov/dt]
# name 8 = oxsolML/L: Oxygen Saturation, Garcia & Gordon [ml/l]
# name 9 = oxsatML/L: Oxygen Saturation, Weiss [ml/l]
# name 10 = ph: pH
# name 11 = flECO-AFL: Fluorescence, WET Labs ECO-AFL/FL [mg/m^3]
# name 12 = n2satML/L: Nitrogen Saturation [ml/l]
# name 13 = c0S/m: Conductivity [S/m]
# name 14 = cpar: CPAR/Corrected Irradiance [%]
# name 15 = sigma-é00: Density [sigma-theta, kg/m^3]
# name 16 = sigma-t00: Density [sigma-t, kg/m^3 ]
# name 17 = par: PAR/Irradiance, Biospherical/Licor
# name 18 = prDM: Pressure, Digiquartz [db]
# name 19 = pumps: Pump Status
# name 20 = scan: Scan Count
# name 21 = svCM: Sound Velocity [Chen-Millero, m/s]
# name 22 = spar: SPAR, Biospherical/Licor
# name 23 = specc: Specific Conductance [uS/cm]
# name 24 = timeS: Time, Elapsed [seconds]
# name 25 = timeY: Time, System [seconds]
# name 26 = accM: Acceleration [m/s^2]
# name 27 = dz/dtM: Descent Rate [m/s]
# name 28 = latitude: Latitude [deg]
# name 29 = longitude: Longitude [deg]
# name 30 = flag: flag
# span 0 =      1.971,     45.164       
# span 1 =     8.5681,    14.3953       
# span 2 =    32.3493,    33.3166       
# span 3 =  1024.0974,  1026.0360       
# span 4 =     1.9093,     2.6511       
# span 5 =     3.9938,     6.5695       
# span 6 =     68.038,    106.150       
# span 7 =   -0.02611,    0.07845       
# span 8 =    5.84682,    6.57863       
# span 9 =    5.84240,    6.58411       
# span 10 =      7.936,      8.062      
# span 11 =    -0.0317,     1.6962      
# span 12 =   10.65099,   11.85563      
# span 13 =   3.512113,   3.969256      
# span 14 = 2.5578e-01, 6.0926e+01      
# span 15 =    24.0863,    25.8290      
# span 16 =    24.0863,    25.8283      
# span 17 = 5.7911e+00, 1.3469e+03      
# span 18 =      2.000,     45.500      
# span 19 =          1,          1      
# span 20 =         72,      15191      
# span 21 =    1483.21,    1501.94      
# span 22 = 1.4901e+03, 2.2985e+03      
# span 23 =  50070.030,  52312.159      
# span 24 =      2.960,    632.906      
# span 25 = 1621609619, 1621610248      
# span 26 =      -0.61,       0.58      
# span 27 =     -0.744,      0.922      
# span 28 =   39.32469,   39.32606      
# span 29 =  -73.36466,  -73.36319      
# span 30 = 0.0000e+00, 0.0000e+00      
# interval = decibars: 0.5              
# start_time = May 21 2021 15:06:56 [System UTC, first data scan.]
# bad_flag = -9.990e-29
*END*
      2.471    14.2573    32.3493  1024.0974     1.9093     3.9938     68.038   -0.02049    5.86982    5.86558      8.025     0.0312   10.69050   3.932492 2.1733e+00    24.0863    24.0863 4.8149e+01      2.500          1         72    1501.24 2.2343e+03  50070.030      2.960 1621609619       0.14     -0.218   39.32469  -73.36319 0.0000e+00
      2.979    14.3067    32.4775  1024.1883     1.9583     4.2696     72.770    0.01360    5.86730    5.86304      8.024     0.0144   10.68632   3.950545 2.1728e+01    24.1750    24.1749 4.8646e+02      3.000          1        491    1501.56 2.2373e+03  50243.836     20.430 1621609636       0.14      0.167   39.32472  -73.36322 0.0000e+00
      3.476    14.3546    32.5388  1024.2278     2.1770     5.0989     86.675    0.05998    5.88291    5.87904      8.028     0.0192   10.70835   3.961470 1.7284e+01    24.2123    24.2122 3.8691e+02      3.500          1        919    1501.80 2.2408e+03  50323.213     38.269 1621609654       0.05      0.240   39.32476  -73.36326 0.0000e+00
      3.969    14.1482    32.7420  1024.4298     2.2574     5.2530     87.976    0.01916    5.97036    5.96777      8.038     0.0684   10.84895   3.963752 7.7434e+00    24.4120    24.4119 1.7387e+02      4.000          1       1032    1501.37 2.2456e+03  50628.789     42.955 1621609659       0.09      0.183   39.32476  -73.36327 0.0000e+00
      4.461    13.5813    33.1483  1024.8624     2.3240     5.5982     92.853    0.03952    6.02925    6.02743      8.046 -9.990e-29   10.94538   3.952745 5.2575e+00    24.8424    24.8423 1.1830e+02      4.500          1       1075    1500.00 2.2500e+03  51261.650     44.752 1621609660       0.04      0.270   39.32476  -73.36328 0.0000e+00
      4.960    13.3369    33.1203  1024.8922     2.3406     5.5990     92.839    0.02824    6.03085    6.02907      8.046 -9.990e-29   10.94777   3.925845 4.6060e+00    24.8699    24.8698 1.0362e+02      5.000          1       1099    1499.17 2.2496e+03  51252.006     45.748 1621609661       0.19      0.399   39.32477  -73.36328 0.0000e+00
      5.462    12.8810    33.3166  1025.1370     2.3307     5.4671     90.684    0.00581    6.02874    6.02696      8.046     0.0540   10.94391   3.903792 4.1550e+00    25.1125    25.1124 9.3128e+01      5.500          1       1120    1497.89 2.2412e+03  51589.053     46.626 1621609662       0.10      0.541   39.32478  -73.36328 0.0000e+00
      5.956    12.7028    33.3129  1025.1713     2.2391     5.0710     83.849   -0.02611    6.04855    6.04693      8.049     0.0715   10.97801   3.888290 4.1116e+00    25.1446    25.1444 9.2098e+01      6.000          1       1178    1497.30 2.2397e+03  51607.070     49.038 1621609665      -0.06      0.291   39.32478  -73.36328 0.0000e+00
      6.446    12.6116    33.1867  1025.0935     2.1902     5.1235     84.155    0.00912    6.08813    6.08693 -9.990e-29     0.0955   11.04467   3.867046 4.0178e+00    25.0646    25.0644 9.0269e+01      6.500          1       1256    1496.85 2.2468e+03  51444.207     52.273 1621609668       0.18      0.187   39.32478  -73.36328 0.0000e+00
      6.947    12.4751    33.1233  1025.0730     2.2198     5.2783     86.657    0.02283    6.09098    6.08988 -9.990e-29     0.0840   11.04841   3.847591 3.6858e+00    25.0418    25.0416 8.2876e+01      7.000          1       1279    1496.32 2.2485e+03  51376.364     53.257 1621609669       0.15      0.399   39.32478  -73.36328 0.0000e+00
      7.445    12.3376    33.1338  1025.1097     2.2222     5.2285     85.892    0.01124    6.08729    6.08620 -9.990e-29     0.0930   11.04147   3.836977 3.3283e+00    25.0762    25.0760 7.4713e+01      7.500          1       1307    1495.87 2.2448e+03  51410.439     54.403 1621609670      -0.03      0.457   39.32478  -73.36330 0.0000e+00
      7.939    12.2343    33.2448  1025.2177     2.1451     4.8809     79.869   -0.01859    6.11176    6.11084      8.054     0.0979   11.08410   3.839580 3.3831e+00    25.1820    25.1818 7.5985e+01      8.000          1       1383    1495.66 2.2459e+03  51581.131     57.574 1621609673       0.03      0.188   39.32479  -73.36330 0.0000e+00
      8.435    12.1319    33.2295  1025.2276     2.1471     5.0867     82.732    0.01687    6.14841    6.14773 -9.990e-29     0.0900   11.14812   3.827946 3.1926e+00    25.1896    25.1894 7.1920e+01      8.500          1       1449    1495.30 2.2528e+03  51574.217     60.320 1621609676       0.17      0.285   39.32480  -73.36330 0.0000e+00
      8.933    11.9998    33.0634  1025.1258     2.2395     5.5800     90.720    0.06172    6.15079    6.15007 -9.990e-29     0.1219   11.15311   3.797867 3.0146e+00    25.0855    25.0853 6.7778e+01      9.000          1       1481    1494.66 2.2483e+03  51364.148     61.666 1621609677      -0.01      0.377   39.32480  -73.36332 0.0000e+00
      9.430    11.9012    32.8368  1024.9706     2.3855     6.1011     99.166    0.07845    6.15214    6.15142      8.057     0.1072   11.15552   3.766714 3.0291e+00    24.9280    24.9278 6.8071e+01      9.500          1       1525    1494.06 2.2472e+03  51063.236     63.503 1621609679      -0.05      0.287   39.32480  -73.36332 0.0000e+00
      9.919    11.8565    32.7089  1024.8819     2.5701     6.4536    104.012    0.02234    6.20500    6.20492      8.060     0.1164   11.24349   3.750263 2.7821e+00    24.8371    24.8368 6.2381e+01     10.000          1       1625    1493.76 2.2423e+03  50891.056     67.679 1621609683       0.10      0.071   39.32481  -73.36332 0.0000e+00
     10.417    11.7211    32.7107  1024.9105     2.5720     6.4201    103.594    0.01622    6.19736    6.19716      8.060     0.1330   11.23111   3.737583 2.7191e+00    24.8635    24.8632 6.1038e+01     10.500          1       1650    1493.30 2.2448e+03  50914.755     68.729 1621609684       0.20      0.329   39.32482  -73.36333 0.0000e+00
     10.920    11.5961    32.7079  1024.9336     2.5829     6.4154    103.832    0.01285    6.17869    6.17825      8.059     0.1148   11.20025   3.725713 2.6406e+00    24.8842    24.8839 5.9459e+01     11.000          1       1673    1492.87 2.2517e+03  50930.762     69.657 1621609685       0.12      0.491   39.32482  -73.36334 0.0000e+00
     11.413    11.4944    32.6896  1024.9401     2.5987     6.4856    103.819    0.00131    6.24708    6.24754      8.061     0.1140   11.31320   3.714977 2.8976e+00    24.8885    24.8883 5.9774e+01     11.500          1       1757    1492.51 2.1055e+03  50921.960     73.177 1621609689       0.07      0.258   39.32482  -73.36334 0.0000e+00
     11.904    11.2641    32.6958  1024.9888     2.6000     6.5059    103.649   -0.00236    6.27687    6.27771      8.062     0.1431   11.36252   3.693603 2.5207e+00    24.9349    24.9346 5.6933e+01     12.000          1       1811    1491.72 2.2561e+03  50967.410     75.405 1621609691       0.18      0.324   39.32482  -73.36336 0.0000e+00
     12.410    11.0928    32.6961  1025.0219     2.5992     6.5090    103.739   -0.00069    6.27437    6.27517      8.062     0.1294   11.35850   3.679125 2.6282e+00    24.9657    24.9654 5.6079e+01     12.500          1       1831    1491.13 2.1600e+03  50996.286     76.244 1621609692       0.14      0.499   39.32484  -73.36336 0.0000e+00
     12.900    10.9816    32.6856  1025.0357     2.6023     6.5378    104.025    0.00060    6.28481    6.28574 -9.990e-29     0.1136   11.37584   3.668907 2.6663e+00    24.9772    24.9770 5.9106e+01     13.000          1       1913    1490.73 2.2211e+03  51000.341     79.677 1621609695       0.03      0.155   39.32484  -73.36336 0.0000e+00
     13.393    10.9504    32.6818  1025.0405     2.6026     6.5419    104.014    0.00003    6.28943    6.29042 -9.990e-29     0.1197   11.38353   3.666111 2.8766e+00    24.9798    24.9795 5.8064e+01     13.500          1       1964    1490.62 2.0552e+03  51000.540     81.774 1621609697       0.19      0.284   39.32484  -73.36336 0.0000e+00
     13.893    10.9129    32.6788  1025.0470     2.6042     6.5473    104.124    0.00049    6.28796    6.28893 -9.990e-29     0.1187   11.38110   3.662142 2.4912e+00    24.9840    24.9837 5.5947e+01     14.000          1       1985    1490.50 2.2450e+03  51002.947     82.657 1621609698       0.17      0.458   39.32484  -73.36337 0.0000e+00
     14.396    10.8858    32.6770  1025.0527     2.6069     6.5640    104.391    0.00224    6.28787    6.28884 -9.990e-29     0.1059   11.38099   3.659984 2.3886e+00    24.9874    24.9871 5.3516e+01     14.500          1       2007    1490.41 2.2404e+03  51005.393     83.577 1621609699       0.03      0.554   39.32485  -73.36338 0.0000e+00
     14.885    10.8416    32.6756  1025.0617     2.5977     6.5387    103.441   -0.00480    6.32130    6.32272      8.057     0.1103   11.43601   3.655696 2.4467e+00    24.9941    24.9938 5.5056e+01     15.000          1       2102    1490.26 2.2500e+03  51011.246     87.556 1621609703       0.26      0.393   39.32486  -73.36338 0.0000e+00
     15.381    10.7344    32.6835  1025.0887     2.5878     6.4971    102.613   -0.00921    6.33168    6.33325 -9.990e-29     0.1083   11.45310   3.646063 2.4671e+00    25.0189    25.0186 5.5490e+01     15.500          1       2139    1489.90 2.2492e+03  51040.945     89.097 1621609705       0.33      0.604   39.32486  -73.36338 0.0000e+00
     15.882    10.6438    32.6965  1025.1169     2.5821     6.4765    102.299   -0.00957    6.33087    6.33242 -9.990e-29     0.1173   11.45180   3.639463 2.3632e+00    25.0448    25.0445 5.2977e+01     16.000          1       2154    1489.60 2.2417e+03  51075.455     89.729 1621609705       0.15      0.753   39.32486  -73.36338 0.0000e+00
     16.384    10.5625    32.7058  1025.1405     2.5760     6.4679    102.138   -0.00793    6.33246    6.33403      8.051     0.1270   11.45449   3.633737 2.3730e+00    25.0660    25.0657 5.1929e+01     16.500          1       2181    1489.33 2.1888e+03  51102.909     90.814 1621609706      -0.12      0.696   39.32486  -73.36338 0.0000e+00
     16.868    10.5138    32.7066  1025.1517     2.5642     6.4840    102.077   -0.00226    6.35204    6.35388      8.051     0.1331   11.48684   3.629646 2.9280e+00    25.0750    25.0747 6.2390e+01     17.000          1       2298    1489.16 2.1633e+03  51113.020     95.692 1621609711       0.19      0.290   39.32488  -73.36340 0.0000e+00
     17.369    10.4574    32.7067  1025.1638     2.5626     6.4874    102.054   -0.00169    6.35686    6.35877      8.050     0.1550   11.49483   3.624794 2.8860e+00    25.0848    25.0845 6.0388e+01     17.500          1       2323    1488.97 2.1338e+03  51123.556     96.765 1621609712       0.04      0.418   39.32488  -73.36341 0.0000e+00
     17.862    10.4002    32.7053  1025.1747     2.5591     6.4940    101.916   -0.00169    6.37196    6.37407      8.050     0.1346   11.51979   3.619583 2.5343e+00    25.0935    25.0931 5.7450e+01     18.000          1       2372    1488.77 2.2634e+03  51132.144     98.809 1621609714      -0.10      0.243   39.32488  -73.36342 0.0000e+00
     18.357    10.3353    32.7054  1025.1881     2.5541     6.4808    101.592   -0.00285    6.37926    6.38147      8.051     0.1538   11.53187   3.613551 2.8145e+00    25.1046    25.1043 5.8737e+01     18.500          1       2417    1488.55 2.1143e+03  51144.296    100.679 1621609716       0.12      0.270   39.32488  -73.36342 0.0000e+00
     18.855    10.2448    32.7081  1025.2078     2.5524     6.4806    101.600   -0.00176    6.37858    6.38077      8.050     0.1458   11.53076   3.605767 2.7599e+00    25.1220    25.1217 6.2160e+01     19.000          1       2446    1488.24 2.2521e+03  51164.875    101.881 1621609717       0.08      0.385   39.32489  -73.36342 0.0000e+00
     19.353    10.2108    32.7079  1025.2157     2.5521     6.4908    101.688   -0.00069    6.38309    6.38534      8.050     0.1599   11.53821   3.602969 2.7987e+00    25.1277    25.1273 6.3031e+01     19.500          1       2499    1488.12 2.2520e+03  51171.199    104.104 1621609720       0.06      0.287   39.32490  -73.36342 0.0000e+00
     19.849    10.1666    32.7068  1025.2245     2.5502     6.4877    101.534   -0.00162    6.38974    6.39208 -9.990e-29     0.1752   11.54923   3.599062 3.2053e+00    25.1342    25.1338 7.2298e+01     20.000          1       2565    1487.97 2.2556e+03  51178.083    106.822 1621609722       0.37      0.307   39.32490  -73.36343 0.0000e+00
     20.344    10.1416    32.7062  1025.2306     2.5471     6.4905    101.420   -0.00145    6.39969    6.40218      8.046     0.1614   11.56560   3.596893 2.9377e+00    25.1379    25.1375 6.5012e+01     20.500          1       2613    1487.89 2.2203e+03  51182.080    108.846 1621609724      -0.02      0.270   39.32490  -73.36344 0.0000e+00
     20.834    10.1016    32.7102  1025.2427     2.5402     6.4669    100.942   -0.00335    6.40652    6.40910      8.043     0.1610   11.57683   3.593726 3.6948e+00    25.1478    25.1474 8.3313e+01     21.000          1       2665    1487.76 2.2550e+03  51195.562    110.984 1621609727       0.28      0.233   39.32490  -73.36344 0.0000e+00
     21.332    10.0777    32.7141  1025.2520     2.5367     6.4465    100.636   -0.00489    6.40577    6.40834      8.042     0.1679   11.57560   3.591948 4.0019e+00    25.1549    25.1545 9.0265e+01     21.500          1       2685    1487.68 2.2556e+03  51205.827    111.816 1621609727       0.22      0.469   39.32491  -73.36344 0.0000e+00
     21.838    10.0287    32.7195  1025.2667     2.5363     6.4523    100.754   -0.00318    6.40396    6.40650      8.042     0.1715   11.57264   3.587810 3.2675e+00    25.1672    25.1668 7.3822e+01     22.000          1       2702    1487.52 2.2593e+03  51222.829    112.549 1621609728       0.15      0.606   39.32492  -73.36344 0.0000e+00
     22.335    10.0010    32.7202  1025.2742     2.5355     6.4719    100.969   -0.00046    6.40978    6.41241      8.042     0.1854   11.58223   3.585925 3.3720e+00    25.1725    25.1720 7.1262e+01     22.500          1       2773    1487.43 2.1308e+03  51229.443    115.498 1621609731       0.10      0.535   39.32492  -73.36346 0.0000e+00
     22.822     9.9880    32.7193  1025.2779     2.5341     6.4733    100.911   -0.00062    6.41490    6.41759      8.042     0.1986   11.59066   3.584700 3.4875e+00    25.1739    25.1735 7.8671e+01     23.000          1       2842    1487.39 2.2559e+03  51230.886    118.381 1621609734       0.22      0.563   39.32492  -73.36346 0.0000e+00
     23.324     9.9789    32.7193  1025.2817     2.5335     6.4701    100.876   -0.00061    6.41400    6.41668      8.042     0.1897   11.58920   3.583908 3.2082e+00    25.1754    25.1750 7.2359e+01     23.500          1       2859    1487.36 2.2555e+03  51232.814    119.101 1621609735       0.11      0.677   39.32492  -73.36348 0.0000e+00
     23.824     9.9539    32.7219  1025.2901     2.5311     6.4644    100.681   -0.00165    6.42076    6.42354      8.041     0.1935   11.60031   3.581868 3.2243e+00    25.1816    25.1811 7.1593e+01     24.000          1       2896    1487.28 2.2233e+03  51241.413    120.624 1621609736      -0.05      0.593   39.32493  -73.36348 0.0000e+00
     24.313     9.8084    32.7407  1025.3312     2.5146     6.4248     99.436   -0.00764    6.46122    6.46460      8.036     0.2059   11.66674   3.569669 2.8352e+00    25.2203    25.2199 6.3893e+01     24.500          1       2997    1486.79 2.2537e+03  51296.315    124.846 1621609740       0.31      0.387   39.32494  -73.36348 0.0000e+00
     24.811     9.6543    32.7663  1025.3788     2.5107     6.4245     99.425   -0.00554    6.46168    6.46506      8.034     0.2165   11.66747   3.558662 3.1049e+00    25.2655    25.2651 6.9974e+01     25.000          1       3020    1486.27 2.2537e+03  51362.773    125.805 1621609741       0.04      0.536   39.32494  -73.36348 0.0000e+00
