CalculateIndicators/WaterTemperature/Data/CTD_NYOS/20210324_C26.cnv
* Sea-Bird SBE 9 Data File:
* FileName = C:\Seabird 9 CTD\Data\2021\202103_offshore\20210324_C26.hex
* Software Version Seasave V 7.23.2
* Temperature SN = 4590
* Conductivity SN = 3228
* Number of Bytes Per Scan = 44
* Number of Voltage Words = 5
* Number of Scans Averaged by the Deck Unit = 1
* NMEA Latitude = 40 05.98 N
* NMEA Longitude = 072 36.65 W
* NMEA UTC (Time) = Mar 24 2021  18:57:50
* NMEA baud rate = 4800
** Ship: RV Seawolf
** Station: 4.3
** Operator: EIH
# nquan = 31
# nvalues = 105                         
# units = specified
# name 0 = depSM: Depth [salt water, m]
# name 1 = t090C: Temperature [ITS-90, deg C]
# name 2 = sal00: Salinity, Practical [PSU]
# name 3 = density00: Density [density, kg/m^3]
# name 4 = sbeox0V: Oxygen raw, SBE 43 [V]
# name 5 = sbeox0ML/L: Oxygen, SBE 43 [ml/l]
# name 6 = sbeox0PS: Oxygen, SBE 43 [% saturation]
# name 7 = sbox0dV/dT: Oxygen, SBE 43 [dov/dt]
# name 8 = oxsolML/L: Oxygen Saturation, Garcia & Gordon [ml/l]
# name 9 = oxsatML/L: Oxygen Saturation, Weiss [ml/l]
# name 10 = ph: pH
# name 11 = flECO-AFL: Fluorescence, WET Labs ECO-AFL/FL [mg/m^3]
# name 12 = n2satML/L: Nitrogen Saturation [ml/l]
# name 13 = c0S/m: Conductivity [S/m]
# name 14 = cpar: CPAR/Corrected Irradiance [%]
# name 15 = sigma-é00: Density [sigma-theta, kg/m^3]
# name 16 = sigma-t00: Density [sigma-t, kg/m^3 ]
# name 17 = par: PAR/Irradiance, Biospherical/Licor
# name 18 = prDM: Pressure, Digiquartz [db]
# name 19 = pumps: Pump Status
# name 20 = scan: Scan Count
# name 21 = svCM: Sound Velocity [Chen-Millero, m/s]
# name 22 = spar: SPAR, Biospherical/Licor
# name 23 = specc: Specific Conductance [uS/cm]
# name 24 = timeS: Time, Elapsed [seconds]
# name 25 = timeY: Time, System [seconds]
# name 26 = accM: Acceleration [m/s^2]
# name 27 = dz/dtM: Descent Rate [m/s]
# name 28 = latitude: Latitude [deg]
# name 29 = longitude: Longitude [deg]
# name 30 = flag: flag
# span 0 =      1.966,     53.592       
# span 1 =     6.6550,     7.7659       
# span 2 =    33.2514,    33.3295       
# span 3 =  1026.0050,  1026.3442       
# span 4 =     2.4234,     2.6589       
# span 5 =     6.6384,     7.2584       
# span 6 =     96.605,    107.567       
# span 7 =   -0.01540,    0.01549       
# span 8 =    6.70755,    6.88342       
# span 9 =    6.71507,    6.89357       
# span 10 =      8.504,      8.574      
# span 11 =     0.3958,     1.7366      
# span 12 =   12.06729,   12.35873      
# span 13 =   3.339823,   3.444569      
# span 14 = 2.8506e-03, 3.4254e+01      
# span 15 =    25.9915,    26.0967      
# span 16 =    25.9914,    26.0963      
# span 17 = 2.8422e-02, 3.4740e+02      
# span 18 =      2.000,     54.000      
# span 19 =          1,          1      
# span 20 =        103,      12990      
# span 21 =    1475.44,    1479.61      
# span 22 = 9.7780e+02, 1.0265e+03      
# span 23 =  52555.108,  52787.228      
# span 24 =      4.269,    541.213      
# span 25 = 1616612274, 1616612811      
# span 26 =      -0.56,       0.57      
# span 27 =     -0.927,      0.896      
# span 28 =   40.09973,   40.10073      
# span 29 =  -72.61310,  -72.61091      
# span 30 = 0.0000e+00, 0.0000e+00      
# interval = decibars: 1                
# start_time = Mar 24 2021 18:57:50 [System UTC, first data scan.]
# bad_flag = -9.990e-29
*END*
[from data line 47]
     48.617     6.7207    33.2729  1026.3213     2.4264     6.6436     96.715   -0.00025    6.87227    6.88227      8.504     0.5318   12.34006   3.348869 1.5457e-02    26.0963    26.0957 1.5645e-01     49.000          1       2956    1476.21 1.0122e+03  52784.026    123.138 1616612393       0.13      0.281   40.09992  -72.61141 0.0000e+00
     49.608     6.7204    33.2731  1026.3260     2.4251     6.6429     96.686   -0.00010    6.87231    6.88231      8.504     0.4066   12.34013   3.348902 1.2299e-02    26.0965    26.0959 1.2397e-01     50.000          1       3043    1476.23 1.0078e+03  52785.098    126.735 1616612396       0.37      0.588   40.09993  -72.61143 0.0000e+00
     50.611     6.7207    33.2729  1026.3305     2.4251     6.6453     96.676   -0.00019    6.87229    6.88228      8.504     0.4285   12.34009   3.348952 1.0067e-02    26.0963    26.0957 1.0125e-01     51.000          1       3087    1476.24 1.0058e+03  52785.370    128.585 1616612398      -0.01      0.720   40.09994  -72.61144 0.0000e+00
     51.597     6.7209    33.2728  1026.3350     2.4255     6.6448     96.744 3.1699e-07    6.87226    6.88226      8.504     0.4460   12.34004   3.349007 6.4623e-03    26.0962    26.0956 6.4955e-02     52.000          1       3238    1476.26 1.0051e+03  52785.890    134.892 1616612405       0.23      0.501   40.09994  -72.61146 0.0000e+00
     52.582     6.7208    33.2730  1026.3397     2.4249     6.6445     96.676   -0.00036    6.87222    6.88221      8.504     0.4037   12.33997   3.349059 5.1424e-03    26.0964    26.0958 5.1516e-02     53.000          1       3286    1476.28 1.0018e+03  52786.896    136.885 1616612407      -0.04      0.535   40.09994  -72.61146 0.0000e+00
     53.592     6.7210    33.2728  1026.3442     2.4250     6.6450     96.695   -0.00011    6.87223    6.88223      8.504     0.4354   12.33999   3.349102 2.8506e-03    26.0962    26.0956 2.8422e-02     54.000          1       3462    1476.29 9.9582e+02  52787.228    144.199 1616612414      -0.32      0.436   40.09995  -72.61150 0.0000e+00
     52.583     6.7212    33.2728  1026.3395     2.4252     6.6481     96.735    0.00012    6.87224    6.88224      8.504     0.4347   12.34001   3.349072 4.4122e-03    26.0962    26.0956 4.3639e-02     53.000          1       3568    1476.28 9.8880e+02  52786.473    148.610 1616612418      -0.14     -0.532   40.09996  -72.61152 0.0000e+00
     51.594     6.7215    33.2725  1026.3346     2.4234     6.6391     96.605   -0.00013    6.87218    6.88217      8.504     0.4053   12.33990   3.349026 5.5787e-03    26.0959    26.0953 5.5758e-02     52.000          1       5202    1476.26 9.9970e+02  52785.288    216.704 1616612486       0.01     -0.465   40.10011  -72.61177 0.0000e+00
     50.599     6.7215    33.2726  1026.3301     2.4237     6.6413     96.623    0.00016    6.87226    6.88225      8.504     0.4177   12.34004   3.348991 9.5518e-03    26.0960    26.0954 9.5071e-02     51.000          1       5543    1476.25 9.9524e+02  52784.848    230.930 1616612501      -0.33     -0.515   40.10014  -72.61184 0.0000e+00
     49.604     6.7213    33.2726  1026.3255     2.4241     6.6414     96.643    0.00029    6.87236    6.88236      8.505     0.4343   12.34022   3.348922 1.1864e-02    26.0959    26.0954 1.1845e-01     50.000          1       5561    1476.23 9.9840e+02  52784.073    231.663 1616612501      -0.22     -0.843   40.10014  -72.61184 0.0000e+00
     48.616     6.7206    33.2725  1026.3210     2.4247     6.6435     96.666    0.00024    6.87232    6.88232      8.505     0.4064   12.34014   3.348816 1.4337e-02    26.0960    26.0954 1.4266e-01     49.000          1       5609    1476.21 9.9506e+02  52783.507    233.687 1616612503       0.22     -0.538   40.10014  -72.61184 0.0000e+00
     47.622     6.7208    33.2726  1026.3164     2.4249     6.6469     96.633   -0.00006    6.87232    6.88231      8.506     0.4278   12.34013   3.348794 1.9020e-02    26.0961    26.0955 1.8980e-01     48.000          1       5733    1476.19 9.9812e+02  52782.902    238.814 1616612508      -0.27     -0.646   40.10014  -72.61186 0.0000e+00
     46.623     6.7205    33.2726  1026.3118     2.4259     6.6487     96.748    0.00061    6.87234    6.88234      8.507     0.4472   12.34018   3.348719 2.2857e-02    26.0961    26.0955 2.2627e-01     47.000          1       5797    1476.18 9.9023e+02  52782.237    241.492 1616612511       0.10     -0.876   40.10016  -72.61187 0.0000e+00
     45.643     6.7205    33.2725  1026.3072     2.4259     6.6410     96.730    0.00076    6.87234    6.88234      8.505     0.3958   12.34019   3.348676 2.8315e-02    26.0960    26.0955 2.8190e-01     46.000          1       5968    1476.16 9.9567e+02  52781.500    248.605 1616612518      -0.39     -0.864   40.10016  -72.61190 0.0000e+00
     44.638     6.7205    33.2725  1026.3025     2.4254     6.6384     96.639    0.00008    6.87233    6.88233      8.505     0.4336   12.34017   3.348627 3.4180e-02    26.0960    26.0954 3.3782e-01     45.000          1       6011    1476.14 9.8855e+02  52780.699    250.418 1616612520       0.01     -0.927   40.10016  -72.61190 0.0000e+00
     43.656     6.7204    33.2725  1026.2980     2.4266     6.6487     96.724    0.00060    6.87239    6.88239      8.506     0.4172   12.34026   3.348579 4.1906e-02    26.0960    26.0955 4.1676e-01     44.000          1       6174    1476.13 9.9449e+02  52780.092    257.226 1616612527      -0.11     -0.446   40.10018  -72.61194 0.0000e+00
     42.665     6.7202    33.2726  1026.2935     2.4276     6.6475     96.751    0.00040    6.87237    6.88237      8.506     0.4454   12.34022   3.348523 4.7416e-02    26.0961    26.0956 4.7098e-01     43.000          1       6232    1476.11 9.9327e+02  52779.553    259.625 1616612529      -0.06     -0.449   40.10018  -72.61196 0.0000e+00
     41.679     6.7202    33.2728  1026.2891     2.4287     6.6512     96.766    0.00032    6.87227    6.88226      8.508     0.4266   12.34005   3.348497 5.7345e-02    26.0962    26.0957 5.7064e-01     42.000          1       6374    1476.09 9.9508e+02  52779.193    265.527 1616612535      -0.14     -0.169   40.10020  -72.61198 0.0000e+00
     40.680     6.7206    33.2728  1026.2844     2.4294     6.6517     96.806    0.00039    6.87228    6.88227      8.509     0.4460   12.34006   3.348489 6.5239e-02    26.0961    26.0957 6.4962e-01     41.000          1       6412    1476.08 9.9580e+02  52778.287    267.109 1616612537      -0.44     -0.666   40.10020  -72.61200 0.0000e+00
     39.683     6.7209    33.2728  1026.2797     2.4294     6.6496     96.775    0.00010    6.87215    6.88214      8.509     0.4798   12.33985   3.348478 7.5153e-02    26.0961    26.0956 7.4136e-01     40.000          1       6457    1476.06 9.8666e+02  52777.569    268.995 1616612539       0.07     -0.713   40.10020  -72.61200 0.0000e+00
     38.701     6.7219    33.2729  1026.2752     2.4307     6.6584     96.831    0.00029    6.87225    6.88225 -9.990e-29     0.4560   12.34002   3.348528 8.4632e-02    26.0960    26.0956 8.3685e-01     39.000          1       6574    1476.05 9.8875e+02  52776.765    273.888 1616612544      -0.56     -0.545   40.10020  -72.61202 0.0000e+00
     37.695     6.7213    33.2729  1026.2705     2.4310     6.6512     96.862    0.00044    6.87224    6.88224 -9.990e-29     0.4453   12.34001   3.348425 9.8015e-02    26.0961    26.0957 9.7266e-01     38.000          1       6609    1476.03 9.9235e+02  52776.192    275.320 1616612545      -0.07     -0.825   40.10020  -72.61202 0.0000e+00
     36.727     6.7205    33.2728  1026.2661     2.4318     6.6524     96.853    0.00031    6.87214    6.88214 -9.990e-29     0.4715   12.33985   3.348308 1.1137e-01    26.0961    26.0957 1.1024e+00     37.000          1       6751    1476.01 9.8976e+02  52775.568    281.251 1616612551      -0.53     -0.340   40.10022  -72.61204 0.0000e+00
     35.711     6.7207    33.2730  1026.2615     2.4315     6.6521     96.804   -0.00011    6.87212    6.88212 -9.990e-29     0.4191   12.33981   3.348294 1.2296e-01    26.0962    26.0958 1.2232e+00     36.000          1       6765    1476.00 9.9475e+02  52775.110    281.848 1616612552      -0.49     -0.924   40.10022  -72.61204 0.0000e+00
     34.715     6.7213    33.2729  1026.2567     2.4314     6.6531     96.799   -0.00005    6.87219    6.88219 -9.990e-29     0.4332   12.33993   3.348294 1.4658e-01    26.0961    26.0957 1.4483e+00     35.000          1       6834    1475.98 9.8808e+02  52774.139    284.720 1616612554       0.06     -0.872   40.10023  -72.61206 0.0000e+00
     33.736     6.7214    33.2729  1026.2521     2.4315     6.6543     96.810    0.00029    6.87262    6.88262 -9.990e-29     0.4512   12.34064   3.348259 1.6864e-01    26.0960    26.0956 1.6693e+00     34.000          1       6953    1475.97 9.8984e+02  52773.327    289.674 1616612559       0.21     -0.539   40.10024  -72.61208 0.0000e+00
     32.741     6.7196    33.2720  1026.2471     2.4323     6.6554     96.842    0.00027    6.87263    6.88263 -9.990e-29     0.4582   12.34066   3.347966 1.9148e-01    26.0956    26.0952 1.8902e+00     33.000          1       7027    1475.94 9.8712e+02  52771.909    292.762 1616612562      -0.15     -0.416   40.10024  -72.61210 0.0000e+00
     31.753     6.7193    33.2718  1026.2424     2.4327     6.6583     96.830    0.00014    6.87293    6.88293 -9.990e-29     0.4658   12.34116   3.347878 2.2276e-01    26.0954    26.0950 2.1999e+00     32.000          1       7159    1475.93 9.8759e+02  52770.943    298.257 1616612568      -0.40     -0.424   40.10024  -72.61212 0.0000e+00
     30.757     6.7182    33.2713  1026.2375     2.4335     6.6626     96.900    0.00046    6.87304    6.88305 -9.990e-29     0.4439   12.34136   3.347688 2.4936e-01    26.0952    26.0948 2.4566e+00     31.000          1       7203    1475.90 9.8516e+02  52769.885    300.075 1616612570       0.08     -0.563   40.10024  -72.61213 0.0000e+00
     29.772     6.7161    33.2698  1026.2320     2.4368     6.6760     97.070    0.00078    6.87077    6.88074      8.509     0.4488   12.33763   3.347318 2.9241e-01    26.0942    26.0939 2.8684e+00     30.000          1       7329    1475.88 9.8100e+02  52767.553    305.336 1616612575      -0.09     -0.091   40.10026  -72.61216 0.0000e+00
     28.771     6.7164    33.2686  1026.2264     2.4418     6.7241     97.483    0.00258    6.86765    6.87758      8.514     0.5429   12.33245   3.347271 3.2597e-01    26.0933    26.0929 3.2220e+00     29.000          1       7378    1475.86 9.8842e+02  52765.130    307.392 1616612577      -0.24     -0.576   40.10026  -72.61216 0.0000e+00
     27.782     6.7483    33.2708  1026.2193     2.4547     6.7754     98.413    0.00556    6.86747    6.87739      8.515     0.6205   12.33215   3.350302 3.6508e-01    26.0908    26.0904 3.5957e+00     28.000          1       7434    1475.97 9.8486e+02  52758.835    309.709 1616612579       0.12     -0.442   40.10026  -72.61218 0.0000e+00
     26.794     6.7402    33.2696  1026.2148     2.4657     6.7432     98.402    0.00007    6.87735    6.88741      8.513     0.6070   12.34858   3.349198 4.3058e-01    26.0908    26.0905 4.2534e+00     27.000          1       7548    1475.92 9.8788e+02  52758.575    314.478 1616612584      -0.08     -0.167   40.10027  -72.61220 0.0000e+00
     25.808     6.6933    33.2619  1026.2104     2.4555     6.6791     97.340   -0.00543    6.88112    6.89123      8.509     0.5516   12.35487   3.344253 4.8447e-01    26.0910    26.0907 4.7460e+00     26.000          1       7606    1475.71 9.7966e+02  52759.828    316.855 1616612587      -0.33     -0.493   40.10028  -72.61220 0.0000e+00
     24.798     6.6817    33.2594  1026.2053     2.4504     6.6737     97.102   -0.00529    6.88080    6.89091      8.509     0.5192   12.35433   3.342941 5.4362e-01    26.0905    26.0903 5.3262e+00     25.000          1       7629    1475.65 9.7969e+02  52758.737    317.833 1616612588      -0.23     -0.866   40.10028  -72.61220 0.0000e+00
     23.816     6.6733    33.2564  1026.1995     2.4437     6.6874     97.199   -0.00076    6.88084    6.89095      8.509     0.5411   12.35442   3.341991 6.2097e-01    26.0893    26.0890 6.0888e+00     24.000          1       7739    1475.60 9.8061e+02  52756.129    322.437 1616612592      -0.01     -0.250   40.10028  -72.61223 0.0000e+00
     22.820     6.6681    33.2552  1026.1946     2.4427     6.6880     97.168   -0.00047    6.88035    6.89046 -9.990e-29     0.5511   12.35362   3.341408 7.0453e-01    26.0889    26.0887 6.9480e+00     23.000          1       7804    1475.56 9.8609e+02  52755.025    325.113 1616612595      -0.53     -0.517   40.10028  -72.61224 0.0000e+00
     21.830     6.6739    33.2556  1026.1896     2.4434     6.6957     97.270    0.00031    6.88175    6.89187 -9.990e-29     0.5377   12.35594   3.341958 7.9462e-01    26.0885    26.0883 7.7998e+00     22.000          1       7860    1475.56 9.8161e+02  52753.365    327.440 1616612597       0.06     -0.429   40.10029  -72.61225 0.0000e+00
     20.832     6.6696    33.2548  1026.1849     2.4433     6.6862     97.213   -0.00022    6.88342    6.89357 -9.990e-29     0.6041   12.35873   3.341401 8.7424e-01    26.0884    26.0882 8.5684e+00     21.000          1       7912    1475.53 9.8005e+02  52752.742    329.614 1616612599      -0.26     -0.564   40.10030  -72.61226 0.0000e+00
     19.843     6.6550    33.2518  1026.1798     2.4424     6.6875     97.170    0.00008    6.88148    6.89159      8.508     0.5966   12.35552   3.339823 1.0303e+00    26.0880    26.0877 1.0165e+01     20.000          1       8013    1475.45 9.8655e+02  52751.748    333.852 1616612604      -0.17     -0.365   40.10030  -72.61228 0.0000e+00
     18.856     6.6558    33.2514  1026.1748     2.4455     6.7244     97.429    0.00149    6.87041    6.88036      8.510     1.1413   12.33718   3.339877 1.1749e+00    26.0875    26.0873 1.1488e+01     19.000          1       8076    1475.44 9.7780e+02  52750.246    336.461 1616612606      -0.05     -0.417   40.10030  -72.61228 0.0000e+00
     17.863     6.6941    33.2534  1026.1667     2.4596     6.8495     98.701    0.00726    6.86862    6.87854      8.522     1.7086   12.33419   3.343669 1.3117e+00    26.0840    26.0838 1.2830e+01     18.000          1       8120    1475.58 9.7810e+02  52741.835    338.294 1616612608       0.03     -0.543   40.10030  -72.61228 0.0000e+00
     16.860     6.7297    33.2569  1026.1601     2.4731     6.8709     99.596    0.00949    6.87117    6.88113      8.521     1.6805   12.33844   3.347286 1.5404e+00    26.0821    26.0819 1.5171e+01     17.000          1       8966    1475.70 9.8469e+02  52736.346    373.531 1616612643      -0.06     -0.512   40.10037  -72.61242 0.0000e+00
     15.875     6.8305    33.2603  1026.1448     2.5118     7.0327    102.017    0.01540    6.84096    6.85046      8.539     1.7021   12.28839   3.356692 1.8199e+00    26.0714    26.0712 1.7967e+01     16.000          1       9928    1476.08 9.8733e+02  52712.933    413.608 1616612683      -0.05     -0.394   40.10045  -72.61258 0.0000e+00
     14.875     6.9605    33.2676  1026.1285     2.5571     7.1348    104.109    0.01549    6.78123    6.78983      8.547     1.5748   12.18947   3.369639 2.1538e+00    26.0597    26.0595 2.1399e+01     15.000          1       9966    1476.58 9.9338e+02  52687.723    415.198 1616612685      -0.44     -0.752   40.10046  -72.61258 0.0000e+00
     13.889     7.2118    33.2838  1026.1023     2.5953     7.2043    105.962    0.01531    6.77129    6.77974      8.563     1.5947   12.17297   3.393169 2.5146e+00    26.0382    26.0380 2.4854e+01     14.000          1      10029    1477.56 9.8841e+02  52643.778    417.831 1616612687       0.10     -0.492   40.10046  -72.61260 0.0000e+00
