CalculateIndicators/WaterTemperature/Data/CTD_NYOS/20210322_C11.cnv
* Sea-Bird SBE 9 Data File:
* FileName = C:\Seabird 9 CTD\Data\2021\202103_offshore\20210322_C11.hex
* Software Version Seasave V 7.23.2
* Temperature SN = 4590
* Conductivity SN = 3228
* Number of Bytes Per Scan = 44
* Number of Voltage Words = 5
* Number of Scans Averaged by the Deck Unit = 1
* NMEA Latitude = 39 28.66 N
* NMEA Longitude = 073 04.46 W
* NMEA UTC (Time) = Mar 22 2021  15:04:11
* NMEA baud rate = 4800
** Ship: RV Seawolf
** Station: 6.4
** Operator: TCM
# nquan = 31
# nvalues = 125                         
# units = specified
# name 0 = depSM: Depth [salt water, m]
# name 1 = t090C: Temperature [ITS-90, deg C]
# name 2 = sal00: Salinity, Practical [PSU]
# name 3 = density00: Density [density, kg/m^3]
# name 4 = sbeox0V: Oxygen raw, SBE 43 [V]
# name 5 = sbeox0ML/L: Oxygen, SBE 43 [ml/l]
# name 6 = sbeox0PS: Oxygen, SBE 43 [% saturation]
# name 7 = sbox0dV/dT: Oxygen, SBE 43 [dov/dt]
# name 8 = oxsolML/L: Oxygen Saturation, Garcia & Gordon [ml/l]
# name 9 = oxsatML/L: Oxygen Saturation, Weiss [ml/l]
# name 10 = ph: pH
# name 11 = flECO-AFL: Fluorescence, WET Labs ECO-AFL/FL [mg/m^3]
# name 12 = n2satML/L: Nitrogen Saturation [ml/l]
# name 13 = c0S/m: Conductivity [S/m]
# name 14 = cpar: CPAR/Corrected Irradiance [%]
# name 15 = sigma-é00: Density [sigma-theta, kg/m^3]
# name 16 = sigma-t00: Density [sigma-t, kg/m^3 ]
# name 17 = par: PAR/Irradiance, Biospherical/Licor
# name 18 = prDM: Pressure, Digiquartz [db]
# name 19 = pumps: Pump Status
# name 20 = scan: Scan Count
# name 21 = svCM: Sound Velocity [Chen-Millero, m/s]
# name 22 = spar: SPAR, Biospherical/Licor
# name 23 = specc: Specific Conductance [uS/cm]
# name 24 = timeS: Time, Elapsed [seconds]
# name 25 = timeY: Time, System [seconds]
# name 26 = accM: Acceleration [m/s^2]
# name 27 = dz/dtM: Descent Rate [m/s]
# name 28 = latitude: Latitude [deg]
# name 29 = longitude: Longitude [deg]
# name 30 = flag: flag
# span 0 =      1.981,     63.512       
# span 1 =     8.1693,     8.5336       
# span 2 =    33.6405,    33.7802       
# span 3 =  1026.1357,  1026.5606       
# span 4 =     2.4380,     2.6494       
# span 5 =     6.4239,     7.0450       
# span 6 =     97.416,    106.847       
# span 7 =   -0.00811,    0.00795       
# span 8 =    6.57906,    6.63003       
# span 9 =    6.58499,    6.63680       
# span 10 =      8.534,      8.584      
# span 11 =     0.4994,     2.3075      
# span 12 =   11.85118,   11.93465      
# span 13 =   3.513354,   3.542865      
# span 14 = -4.941e-05, 5.6691e+01      
# span 15 =    26.1266,    26.2694      
# span 16 =    26.1265,    26.2685      
# span 17 = -2.352e-05, 1.1842e+03      
# span 18 =      2.000,     64.000      
# span 19 =          1,          1      
# span 20 =        153,      13284      
# span 21 =    1481.71,    1483.21      
# span 22 = 7.8472e+02, 2.6242e+03      
# span 23 =  52819.736,  53107.500      
# span 24 =      6.335,    553.445      
# span 25 = 1616425459, 1616426006      
# span 26 =      -0.56,       0.70      
# span 27 =     -0.952,      0.982      
# span 28 =   39.47780,   39.47810      
# span 29 =  -73.07669,  -73.07451      
# span 30 = 0.0000e+00, 0.0000e+00      
# interval = decibars: 1                
# start_time = Mar 22 2021 15:04:13 [System UTC, first data scan.]
# bad_flag = -9.990e-29
*END*
[from data line 47]
     48.624     8.2008    33.7261  1026.4674     2.4563     6.4800     97.824   -0.00025    6.62464    6.63135      8.536     0.5346   11.92548   3.522748 1.1234e-02    26.2443    26.2436 2.3424e-01     49.000          1       2961    1482.46 2.0843e+03  53048.731    123.347 1616425576       0.02      0.504   39.47790  -73.07496 0.0000e+00
     49.613     8.2018    33.7264  1026.4720     2.4556     6.4788     97.802   -0.00037    6.62369    6.63039      8.536     0.5444   11.92388   3.522909 9.6501e-03    26.2444    26.2436 1.9855e-01     50.000          1       3043    1482.48 2.0594e+03  53049.500    126.736 1616425579       0.31      0.431   39.47790  -73.07498 0.0000e+00
     50.603     8.2038    33.7272  1026.4770     2.4560     6.4870     97.886    0.00019    6.62252    6.62921      8.537     0.5903   11.92194   3.523221 8.2090e-03    26.2448    26.2440 1.7216e-01     51.000          1       3083    1482.50 2.0970e+03  53050.953    128.402 1616425581      -0.01      0.612   39.47790  -73.07498 0.0000e+00
     51.598     8.2074    33.7282  1026.4817     2.4566     6.4916     97.944    0.00048    6.62350    6.63019      8.538     0.6058   11.92356   3.523712 6.3503e-03    26.2450    26.2442 1.3298e-01     52.000          1       3116    1482.53 2.0939e+03  53052.069    129.781 1616425582       0.10      0.699   39.47790  -73.07498 0.0000e+00
     52.593     8.2141    33.7297  1026.4865     2.4595     6.5168     98.171    0.00125    6.62046    6.62711      8.540     0.6237   11.91849   3.524537 4.3486e-03    26.2452    26.2444 9.0775e-02     53.000          1       3192    1482.58 2.0868e+03  53053.307    132.962 1616425586       0.05      0.438   39.47790  -73.07499 0.0000e+00
     53.575     8.2410    33.7359  1026.4918     2.4697     6.5768     99.108    0.00561    6.61638    6.62298      8.544     0.5824   11.91168   3.527700 3.0455e-03    26.2461    26.2453 6.3863e-02     54.000          1       3274    1482.70 2.0970e+03  53056.384    136.380 1616425589       0.28      0.459   39.47790  -73.07502 0.0000e+00
     54.576     8.2430    33.7363  1026.4964     2.4756     6.5819     99.389    0.00550    6.61682    6.62343      8.545     0.5685   11.91242   3.527887 2.9103e-03    26.2461    26.2452 4.2885e-02     55.000          1       3300    1482.73 1.6581e+03  53057.068    137.461 1616425590       0.19      0.792   39.47790  -73.07502 0.0000e+00
     55.572     8.2503    33.7385  1026.5016     2.4805     6.5805     99.476    0.00375    6.61552    6.62211      8.547     0.6109   11.91024   3.528779 1.6319e-03    26.2468    26.2459 1.7012e-02     56.000          1       3337    1482.78 1.2113e+03  53059.219    139.005 1616425592      -0.16      0.703   39.47790  -73.07502 0.0000e+00
     56.555     8.2602    33.7417  1026.5071     2.4865     6.5806     99.549    0.00123    6.61419    6.62077      8.548     0.5672   11.90799   3.530028 -4.941e-05    26.2478    26.2469 1.1579e-04     57.000          1       3425    1482.83 2.1481e+03  53061.990    142.653 1616425595       0.01      0.191   39.47790  -73.07503 0.0000e+00
     57.548     8.2650    33.7453  1026.5138     2.4853     6.5603     99.283   -0.00117    6.60972    6.61623      8.547     0.5358   11.90048   3.530790 -1.128e-06    26.2499    26.2490 -2.352e-05     58.000          1       3487    1482.87 1.7556e+03  53066.628    145.238 1616425598       0.17      0.420   39.47790  -73.07506 0.0000e+00
     58.540     8.2683    33.7469  1026.5191     2.4850     6.5910     99.345   -0.00046    6.60845    6.61495      8.551     0.5469   11.89832   3.531350 1.1423e-13    26.2507    26.2498 1.0000e-12     59.000          1       3523    1482.90 9.1675e+02  53068.760    146.739 1616425599       0.10      0.638   39.47790  -73.07506 0.0000e+00
     59.538     8.2915    33.7542  1026.5259     2.4894     6.6021     99.857    0.00263    6.60785    6.61435      8.548     0.5618   11.89724   3.534351 1.3958e-13    26.2529    26.2520 1.0000e-12     60.000          1       3554    1483.02 7.8472e+02  53074.264    148.035 1616425601       0.06      0.756   39.47790  -73.07506 0.0000e+00
     60.530     8.3011    33.7628  1026.5358     2.4860     6.5363     99.317   -0.00137    6.60851    6.61502      8.546     0.5813   11.89838   3.535937 8.2097e-14    26.2582    26.2573 1.0000e-12     61.000          1       3605    1483.08 1.5446e+03  53084.848    150.184 1616425603      -0.14      0.492   39.47790  -73.07507 0.0000e+00
     61.516     8.3070    33.7739  1026.5481     2.4683     6.4370     98.041   -0.00581    6.60644    6.61293      8.538     0.5215   11.89482   3.537580 4.7501e-14    26.2660    26.2651 1.0000e-12     62.000          1       3723    1483.13 2.0986e+03  53099.839    155.079 1616425608       0.55      0.373   39.47790  -73.07508 0.0000e+00
     62.517     8.3129    33.7773  1026.5545     2.4562     6.4437     97.504   -0.00511    6.60676    6.61325      8.539     0.5209   11.89536   3.538383 1.2506e-13    26.2679    26.2669 1.0000e-12     63.000          1       3941    1483.17 1.1112e+03  53103.965    164.172 1616425617       0.01      0.563   39.47790  -73.07513 0.0000e+00
     63.512     8.3179    33.7802  1026.5606     2.4380     6.4239     97.416    0.00373    6.60506    6.61154 -9.990e-29     0.5282   11.89247   3.539038 -2.393e-14    26.2694    26.2685 1.0000e-12     64.000          1       6624    1483.21 2.6242e+03  53107.500    275.943 1616425729      -0.29      0.020   39.47795  -73.07556 0.0000e+00
     62.512     8.3160    33.7791  1026.5554     2.4458     6.4493     97.441   -0.00018    6.60587    6.61235 -9.990e-29     0.5249   11.89385   3.538745 9.7268e-14    26.2688    26.2678 1.0000e-12     63.000          1       5537    1483.19 1.1913e+03  53105.656    230.676 1616425683      -0.37     -0.316   39.47794  -73.07538 0.0000e+00
     61.512     8.3112    33.7764  1026.5494     2.4518     6.5022     97.997    0.00263    6.60663    6.61312      8.547     0.6097   11.89518   3.537946 1.2998e-13    26.2674    26.2665 1.0000e-12     62.000          1       6273    1483.15 1.1538e+03  53102.407    261.329 1616425714       0.02     -0.656   39.47795  -73.07550 0.0000e+00
     60.528     8.3036    33.7650  1026.5371     2.4761     6.6072     99.674    0.00795    6.60977    6.61628      8.548     0.5158   11.90055   3.536165 5.1062e-14    26.2596    26.2586 1.0000e-12     61.000          1       6999    1483.09 1.9403e+03  53087.320    291.589 1616425744       0.08     -0.348   39.47796  -73.07561 0.0000e+00
     59.534     8.3060    33.7595  1026.5278     2.4882     6.5873     99.934    0.00439    6.61056    6.61708      8.552     0.7389   11.90186   3.535748 6.4901e-14    26.2549    26.2540 1.0000e-12     60.000          1       7028    1483.08 1.5798e+03  53078.283    292.808 1616425745      -0.30     -0.528   39.47796  -73.07562 0.0000e+00
     58.540     8.2838    33.7526  1026.5212     2.4881     6.5782     99.514    0.00004    6.61228    6.61883      8.551     0.5706   11.90477   3.532908 7.8725e-14    26.2528    26.2519 1.0000e-12     59.000          1       7096    1482.97 1.4079e+03  53073.123    295.610 1616425748      -0.07     -0.405   39.47796  -73.07564 0.0000e+00
     57.552     8.2739    33.7497  1026.5159     2.4862     6.5701     99.277   -0.00127    6.61460    6.62118      8.551     0.5646   11.90869   3.531867 5.8148e-14    26.2520    26.2511 1.0000e-12     58.000          1       7169    1482.91 1.7260e+03  53070.726    298.667 1616425751      -0.23     -0.511   39.47796  -73.07564 0.0000e+00
     56.554     8.2666    33.7457  1026.5093     2.4866     6.5835     99.418    0.00003    6.61423    6.62081      8.551     0.5633   11.90806   3.530766 3.0286e-04    26.2500    26.2491 6.1461e-03     57.000          1       7208    1482.86 1.8344e+03  53066.206    300.280 1616425753       0.04     -0.619   39.47796  -73.07565 0.0000e+00
     55.569     8.2653    33.7445  1026.5040     2.4887     6.5833     99.558    0.00057    6.61581    6.62241      8.551     0.6034   11.91071   3.530560 1.4330e-03    26.2491    26.2483 2.6939e-02     56.000          1       7298    1482.84 1.9501e+03  53064.026    304.041 1616425757       0.05     -0.160   39.47796  -73.07566 0.0000e+00
     54.576     8.2606    33.7426  1026.4987     2.4881     6.5714     99.433   -0.00033    6.61694    6.62354      8.550     0.5814   11.91260   3.529852 1.9902e-03    26.2484    26.2476 4.0480e-02     55.000          1       7356    1482.80 2.0333e+03  53061.871    306.467 1616425759      -0.28     -0.520   39.47796  -73.07568 0.0000e+00
     53.580     8.2505    33.7395  1026.4932     2.4864     6.5677     99.309   -0.00066    6.61751    6.62412      8.549     0.6106   11.91355   3.528597 3.4747e-03    26.2474    26.2466 6.5307e-02     54.000          1       7408    1482.74 1.9145e+03  53059.126    308.618 1616425761       0.04     -0.487   39.47797  -73.07568 0.0000e+00
     52.597     8.2478    33.7383  1026.4881     2.4834     6.5441     99.083   -0.00134    6.62168    6.62835      8.548     0.7021   11.92052   3.528244 5.8514e-03    26.2469    26.2461 9.1661e-02     53.000          1       7494    1482.72 1.5839e+03  53057.495    312.198 1616425765      -0.46     -0.295   39.47798  -73.07570 0.0000e+00
     51.594     8.2355    33.7353  1026.4831     2.4784     6.5190     98.680   -0.00289    6.62164    6.62831      8.547     0.6356   11.92046   3.526694 8.0759e-03    26.2464    26.2456 1.1748e-01     52.000          1       7528    1482.65 1.4993e+03  53055.515    313.635 1616425766       0.07     -0.629   39.47798  -73.07570 0.0000e+00
     50.603     8.2217    33.7321  1026.4781     2.4711     6.5098     98.310   -0.00291    6.62174    6.62841      8.544     0.6555   11.92064   3.525203 1.2544e-02    26.2460    26.2452 1.5661e-01     51.000          1       7587    1482.58 1.3070e+03  53053.643    316.069 1616425769       0.01     -0.413   39.47798  -73.07570 0.0000e+00
     49.615     8.2192    33.7312  1026.4731     2.4666     6.4994     98.270   -0.00080    6.62405    6.63076      8.543     0.5831   11.92449   3.524838 1.3864e-02    26.2455    26.2448 2.0012e-01     50.000          1       7671    1482.55 1.5869e+03  53052.134    319.570 1616425772      -0.01     -0.245   39.47798  -73.07572 0.0000e+00
     48.624     8.2061    33.7282  1026.4683     2.4608     6.4758     97.793   -0.00262    6.62451    6.63122      8.542     0.5110   11.92526   3.523297 1.3498e-02    26.2452    26.2444 2.2511e-01     49.000          1       7731    1482.48 1.7414e+03  53050.405    322.085 1616425775      -0.03     -0.419   39.47798  -73.07572 0.0000e+00
     47.628     8.2038    33.7272  1026.4632     2.4585     6.4763     97.768   -0.00168    6.62453    6.63124      8.542     0.5399   11.92530   3.522998 2.2370e-02    26.2447    26.2440 2.7179e-01     48.000          1       7768    1482.45 1.2529e+03  53048.862    323.616 1616425776      -0.28     -0.597   39.47798  -73.07572 0.0000e+00
     46.634     8.2035    33.7268  1026.4584     2.4576     6.4821     97.836   -0.00026    6.62486    6.63157      8.542     0.5523   11.92584   3.522880 1.6271e-02    26.2444    26.2437 3.4164e-01     47.000          1       7847    1482.44 2.0833e+03  53047.702    326.924 1616425780      -0.19     -0.443   39.47798  -73.07575 0.0000e+00
     45.642     8.2008    33.7260  1026.4536     2.4578     6.4814     97.877    0.00020    6.62533    6.63205      8.542     0.5652   11.92663   3.522538 2.2326e-02    26.2442    26.2435 4.0343e-01     46.000          1       7909    1482.41 1.8600e+03  53046.567    329.492 1616425782      -0.20     -0.620   39.47798  -73.07576 0.0000e+00
     44.653     8.1979    33.7252  1026.4488     2.4578     6.4841     97.847    0.00000    6.62558    6.63230      8.541     0.5398   11.92705   3.522166 2.3179e-02    26.2440    26.2433 4.6027e-01     45.000          1       7961    1482.38 2.0144e+03  53045.417    331.666 1616425784       0.15     -0.464   39.47798  -73.07576 0.0000e+00
     43.659     8.1975    33.7250  1026.4442     2.4579     6.4803     97.847    0.00003    6.62611    6.63284      8.542     0.5545   11.92795   3.522071 4.0401e-02    26.2439    26.2432 5.3835e-01     44.000          1       8013    1482.36 1.3592e+03  53044.608    333.828 1616425787      -0.21     -0.484   39.47798  -73.07578 0.0000e+00
     42.671     8.1933    33.7234  1026.4390     2.4582     6.4868     97.849    0.00016    6.62645    6.63318      8.542     0.5245   11.92851   3.521488 7.1334e-02    26.2432    26.2426 6.5398e-01     43.000          1       8093    1482.33 1.2732e+03  53042.655    337.185 1616425790      -0.05     -0.255   39.47798  -73.07580 0.0000e+00
     41.678     8.1921    33.7228  1026.4342     2.4592     6.4880     97.910    0.00051    6.62686    6.63360      8.542     0.5635   11.92921   3.521291 3.4165e-02    26.2429    26.2423 6.9863e-01     42.000          1       8141    1482.30 2.0301e+03  53041.442    339.150 1616425792      -0.32     -0.602   39.47798  -73.07580 0.0000e+00
     40.679     8.1904    33.7224  1026.4295 -9.990e-29     6.4864     97.899    0.00025    6.62676    6.63350 -9.990e-29     0.5736   11.92904   3.521058 4.8677e-02    26.2429    26.2423 8.1307e-01     41.000          1       8170    1482.28 1.7360e+03  53040.664    340.376 1616425793      -0.02     -0.814   39.47798  -73.07580 0.0000e+00
     39.692     8.1880    33.7212  1026.4244     2.4611     6.4929     97.907    0.00002    6.62720    6.63394 -9.990e-29     0.5804   11.92978   3.520689 5.1115e-02    26.2423    26.2417 1.0200e+00     40.000          1       8248    1482.26 2.0152e+03  53038.821    343.637 1616425796      -0.01     -0.360   39.47798  -73.07581 0.0000e+00
     38.703     8.1880    33.7208  1026.4195     2.4619     6.4988     98.012    0.00043    6.62779    6.63453 -9.990e-29     0.6741   11.93077   3.520606 5.4223e-02    26.2419    26.2413 1.1044e+00     39.000          1       8319    1482.24 2.0361e+03  53037.534    346.598 1616425799      -0.46     -0.600   39.47798  -73.07582 0.0000e+00
     37.701     8.1856    33.7199  1026.4145     2.4623     6.4982     98.044    0.00060    6.62773    6.63448 -9.990e-29     0.6572   11.93067   3.520241 7.4523e-02    26.2415    26.2410 1.2464e+00     38.000          1       8344    1482.21 1.7286e+03  53036.145    347.621 1616425800      -0.12     -0.901   39.47798  -73.07582 0.0000e+00
     36.713     8.1830    33.7191  1026.4098     2.4636     6.5007     98.078    0.00041    6.62819    6.63494 -9.990e-29     0.6393   11.93145   3.519896 7.8923e-02    26.2413    26.2407 1.5492e+00     37.000          1       8409    1482.19 1.9768e+03  53034.960    350.325 1616425803       0.13     -0.386   39.47798  -73.07584 0.0000e+00
     35.724     8.1799    33.7179  1026.4047     2.4647     6.5094     98.107    0.00030    6.62909    6.63585 -9.990e-29     0.6454   11.93295   3.519453 9.2691e-02    26.2408    26.2403 1.8171e+00     36.000          1       8492    1482.16 1.9613e+03  53033.349    353.792 1616425806      -0.07     -0.354   39.47798  -73.07586 0.0000e+00
     34.729     8.1755    33.7164  1026.3996     2.4669     6.5178     98.275    0.00099    6.62917    6.63593 -9.990e-29     0.7216   11.93309   3.518878 1.4618e-01    26.2403    26.2397 2.0968e+00     35.000          1       8548    1482.12 1.4869e+03  53031.638    356.119 1616425809       0.01     -0.430   39.47798  -73.07586 0.0000e+00
     33.743     8.1741    33.7157  1026.3948     2.4699     6.5252     98.398    0.00100    6.62969    6.63646      8.544     0.7144   11.93396   3.518661 1.4517e-01    26.2400    26.2394 2.2735e+00     34.000          1       8620    1482.10 1.6274e+03  53030.385    359.139 1616425812       0.01     -0.280   39.47798  -73.07588 0.0000e+00
