CalculateIndicators/WaterTemperature/Data/CTD_NYOS/20210322_C078.cnv
* Sea-Bird SBE 9 Data File:
* FileName = C:\Seabird 9 CTD\Data\2021\202103_offshore\20210322_C078.hex
* Software Version Seasave V 7.23.2
* Temperature SN = 4590
* Conductivity SN = 3228
* Number of Bytes Per Scan = 44
* Number of Voltage Words = 5
* Number of Scans Averaged by the Deck Unit = 1
* NMEA Latitude = 38 32.01 N
* NMEA Longitude = 073 04.38 W
* NMEA UTC (Time) = Mar 22 2021  02:12:45
* NMEA baud rate = 4800
** Ship: RV Seawolf
** Station: 7.6
** Operator: TCM
# nquan = 31
# nvalues = 605                         
# units = specified
# name 0 = depSM: Depth [salt water, m]
# name 1 = t090C: Temperature [ITS-90, deg C]
# name 2 = sal00: Salinity, Practical [PSU]
# name 3 = density00: Density [density, kg/m^3]
# name 4 = sbeox0V: Oxygen raw, SBE 43 [V]
# name 5 = sbeox0ML/L: Oxygen, SBE 43 [ml/l]
# name 6 = sbeox0PS: Oxygen, SBE 43 [% saturation]
# name 7 = sbox0dV/dT: Oxygen, SBE 43 [dov/dt]
# name 8 = oxsolML/L: Oxygen Saturation, Garcia & Gordon [ml/l]
# name 9 = oxsatML/L: Oxygen Saturation, Weiss [ml/l]
# name 10 = ph: pH
# name 11 = flECO-AFL: Fluorescence, WET Labs ECO-AFL/FL [mg/m^3]
# name 12 = n2satML/L: Nitrogen Saturation [ml/l]
# name 13 = c0S/m: Conductivity [S/m]
# name 14 = cpar: CPAR/Corrected Irradiance [%]
# name 15 = sigma-é00: Density [sigma-theta, kg/m^3]
# name 16 = sigma-t00: Density [sigma-t, kg/m^3 ]
# name 17 = par: PAR/Irradiance, Biospherical/Licor
# name 18 = prDM: Pressure, Digiquartz [db]
# name 19 = pumps: Pump Status
# name 20 = scan: Scan Count
# name 21 = svCM: Sound Velocity [Chen-Millero, m/s]
# name 22 = spar: SPAR, Biospherical/Licor
# name 23 = specc: Specific Conductance [uS/cm]
# name 24 = timeS: Time, Elapsed [seconds]
# name 25 = timeY: Time, System [seconds]
# name 26 = accM: Acceleration [m/s^2]
# name 27 = dz/dtM: Descent Rate [m/s]
# name 28 = latitude: Latitude [deg]
# name 29 = longitude: Longitude [deg]
# name 30 = flag: flag
# span 0 =      0.956,    300.516       
# span 1 =    10.5143,    13.4582       
# span 2 =    35.3636,    35.6706       
# span 3 =  1026.7574,  1028.5092       
# span 4 =     1.4172,     2.4106       
# span 5 =     2.9147,     5.5581       
# span 6 =     47.413,     94.108       
# span 7 =   -0.01815,    0.01996       
# span 8 =    5.84736,    6.23248       
# span 9 =    5.84496,    6.23504       
# span 10 =      8.340,      8.556      
# span 11 =    -0.0675,     0.9567      
# span 12 =   10.61781,   11.25816      
# span 13 =   3.907413,   4.219607      
# span 14 = -1.546e+04, 1.3775e+05      
# span 15 =    26.7520,    27.1526      
# span 16 =    26.7517,    27.1461      
# span 17 = -2.977e-02, 3.8100e-02      
# span 18 =      1.000,    303.000      
# span 19 =          1,          1      
# span 20 =        275,      64757      
# span 21 =    1497.10,    1505.35      
# span 22 = -7.455e-01, 2.2800e+00      
# span 23 =  54541.079,  55007.621      
# span 24 =     11.430,   2698.153      
# span 25 = 1616379177, 1616381864      
# span 26 =      -0.93,       0.88      
# span 27 =     -1.236,      1.346      
# span 28 =   38.53147,   38.53362      
# span 29 =  -73.09139,  -73.07317      
# span 30 = 0.0000e+00, 0.0000e+00      
# interval = decibars: 1                
# start_time = Mar 22 2021 02:12:46 [System UTC, first data scan.]
# bad_flag = -9.990e-29
*END*
      0.956    13.0194    35.4699  1026.7574     2.4106     5.5493     94.096    0.00053    5.90724    5.90546 -9.990e-29     0.6677   10.71909   4.147591 5.0640e-11    26.7532    26.7532 1.0000e-12      1.000          1        275    1500.83 1.9747e+00  54541.079     11.430 1616379177       0.28     -0.901   38.53362  -73.07317 0.0000e+00
      1.987    13.0221    35.4700  1026.7616     2.4099     5.5516     94.011   -0.00011    5.90728    5.90549      8.540     0.6491   10.71922   4.147893 5.0640e-11    26.7527    26.7527 1.0000e-12      2.000          1        362    1500.86 1.9747e+00  54541.286     15.036 1616379181       0.27      0.135   38.53362  -73.07320 0.0000e+00
      2.988    13.0224    35.4701  1026.7661     2.4092     5.5561     93.989   -0.00020    5.90714    5.90536      8.540     0.6828   10.71895   4.147981 5.0640e-11    26.7528    26.7527 1.0000e-12      3.000          1        514    1500.87 1.9747e+00  54541.997     21.370 1616379187       0.42      0.524   38.53362  -73.07323 0.0000e+00
      3.967    13.0228    35.4702  1026.7706     2.4086     5.5454     93.961   -0.00041    5.90674    5.90495 -9.990e-29     0.5872   10.71826   4.148090 5.0640e-11    26.7528    26.7527 1.0000e-12      4.000          1        605    1500.89 1.9747e+00  54542.715     25.174 1616379191       0.22      0.372   38.53360  -73.07327 0.0000e+00
      4.966    13.0250    35.4713  1026.7755     2.4068     5.5441     93.850   -0.00083    5.90645    5.90466 -9.990e-29     0.5800   10.71780   4.148467 5.0640e-11    26.7533    26.7531 1.0000e-12      5.000          1        658    1500.92 1.9747e+00  54544.521     27.393 1616379193      -0.02      0.493   38.53360  -73.07328 0.0000e+00
      5.955    13.0279    35.4714  1026.7794     2.4064     5.5492     93.923    0.00017    5.90664    5.90486      8.540     0.5879   10.71812   4.148804 5.0640e-11    26.7528    26.7526 1.0000e-12      6.000          1        735    1500.94 1.9747e+00  54544.828     30.566 1616379197       0.16      0.343   38.53360  -73.07331 0.0000e+00
      6.946    13.0272    35.4711  1026.7838     2.4064     5.5437     93.913   -0.00009    5.90665    5.90486      8.540     0.7199   10.71813   4.148737 5.0640e-11    26.7528    26.7526 1.0000e-12      7.000          1        797    1500.96 1.9747e+00  54545.170     33.148 1616379199      -0.03      0.377   38.53360  -73.07332 0.0000e+00
      7.940    13.0258    35.4710  1026.7885     2.4055     5.5469     93.869   -0.00031    5.90643    5.90463      8.540     0.6714   10.71776   4.148644 5.0640e-11    26.7530    26.7528 1.0000e-12      8.000          1        852    1500.97 1.9747e+00  54545.820     35.458 1616379201      -0.02      0.440   38.53360  -73.07334 0.0000e+00
      8.930    13.0278    35.4709  1026.7924     2.4060     5.5483     93.932    0.00024    5.90645    5.90466 -9.990e-29     0.4885   10.71780   4.148883 5.0640e-11    26.7525    26.7522 1.0000e-12      9.000          1        906    1500.99 1.9747e+00  54545.960     37.696 1616379204       0.15      0.423   38.53360  -73.07335 0.0000e+00
      9.930    13.0291    35.4710  1026.7967     2.4065     5.5487     93.974    0.00019    5.90637    5.90458 -9.990e-29     0.7164   10.71767   4.149064 5.0640e-11    26.7523    26.7520 1.0000e-12     10.000          1        988    1501.01 1.9747e+00  54546.469     41.131 1616379207       0.46      0.428   38.53360  -73.07337 0.0000e+00
     10.920    13.0293    35.4706  1026.8008     2.4061     5.5498     93.926   -0.00038    5.90656    5.90477      8.542     0.9567   10.71798   4.149065 5.0640e-11    26.7520    26.7517 1.0000e-12     11.000          1       1039    1501.03 1.9747e+00  54546.465     43.270 1616379209       0.06      0.741   38.53360  -73.07340 0.0000e+00
     11.912    13.0284    35.4706  1026.8055     2.4063     5.5487     93.970    0.00002    5.90681    5.90503      8.544     0.6626   10.71840   4.149027 5.0640e-11    26.7522    26.7519 1.0000e-12     12.000          1       1084    1501.05 1.9747e+00  54547.258     45.105 1616379211      -0.12      0.574   38.53360  -73.07340 0.0000e+00
     12.897    13.0254    35.4705  1026.8105     2.4061     5.5557     93.996    0.00014    5.90666    5.90487      8.543     0.5876   10.71814   4.148766 5.0640e-11    26.7528    26.7524 1.0000e-12     13.000          1       1173    1501.05 1.9747e+00  54548.119     48.836 1616379215       0.01      0.152   38.53360  -73.07342 0.0000e+00
     13.890    13.0262    35.4705  1026.8148     2.4073     5.5562     94.075    0.00032    5.90673    5.90494      8.545     0.5923   10.71827   4.148875 5.0640e-11    26.7527    26.7523 1.0000e-12     14.000          1       1216    1501.07 1.9747e+00  54548.641     50.621 1616379217       0.49      0.580   38.53360  -73.07344 0.0000e+00
     14.897    13.0257    35.4701  1026.8191     2.4071     5.5555     94.056    0.00015    5.90674    5.90496      8.545     0.7133   10.71829   4.148840 5.0640e-11    26.7525    26.7520 1.0000e-12     15.000          1       1241    1501.08 1.9747e+00  54548.714     51.682 1616379218       0.08      0.915   38.53360  -73.07344 0.0000e+00
     15.878    13.0257    35.4699  1026.8233     2.4078     5.5568     94.106    0.00009    5.90691    5.90512      8.545     0.6090   10.71857   4.148870 5.0640e-11    26.7523    26.7519 1.0000e-12     16.000          1       1327    1501.10 1.9747e+00  54549.007     55.253 1616379221      -0.04      0.239   38.53360  -73.07347 0.0000e+00
     16.863    13.0254    35.4698  1026.8278     2.4061     5.5524     93.967   -0.00099    5.90736    5.90558 -9.990e-29     0.5283   10.71931   4.148873 5.0640e-11    26.7523    26.7519 1.0000e-12     17.000          1       1394    1501.12 1.9747e+00  54549.550     58.060 1616379224       0.15      0.395   38.53360  -73.07349 0.0000e+00
     17.865    13.0235    35.4700  1026.8328     2.4060     5.5539     94.011   -0.00030    5.90734    5.90555      8.545     0.5947   10.71928   4.148737 5.0640e-11    26.7529    26.7524 1.0000e-12     18.000          1       1420    1501.13 1.9747e+00  54550.661     59.142 1616379225       0.33      0.734   38.53360  -73.07350 0.0000e+00
     18.860    13.0216    35.4699  1026.8376     2.4062     5.5568     94.048   -0.00001    5.90721    5.90543      8.546     0.6713   10.71907   4.148591 5.0640e-11    26.7533    26.7527 1.0000e-12     19.000          1       1462    1501.14 1.9747e+00  54551.454     60.888 1616379227      -0.14      0.639   38.53360  -73.07350 0.0000e+00
     19.845    13.0231    35.4698  1026.8416     2.4057     5.5546     94.023   -0.00037    5.90709    5.90531      8.548     0.6235   10.71887   4.148788 5.0640e-11    26.7529    26.7523 1.0000e-12     20.000          1       1555    1501.16 1.9747e+00  54551.599     64.743 1616379231       0.23      0.239   38.53358  -73.07354 0.0000e+00
     20.833    13.0233    35.4700  1026.8462 -9.990e-29     5.5555     94.049   -0.00007    5.90709    5.90531      8.548     0.6441   10.71887   4.148878 5.0640e-11    26.7531    26.7525 1.0000e-12     21.000          1       1593    1501.17 1.9747e+00  54552.566     66.325 1616379232       0.16      0.571   38.53358  -73.07354 0.0000e+00
     21.835    13.0228    35.4702  1026.8510     2.4054     5.5546     94.048   -0.00002    5.90710    5.90531      8.548     0.7150   10.71888   4.148889 5.0640e-11    26.7533    26.7527 1.0000e-12     22.000          1       1618    1501.19 1.9747e+00  54553.415     67.358 1616379233       0.29      0.829   38.53358  -73.07356 0.0000e+00
     22.837    13.0229    35.4702  1026.8554     2.4053     5.5565     94.037   -0.00012    5.90701    5.90522      8.546     0.6665   10.71873   4.148946 5.0640e-11    26.7533    26.7527 1.0000e-12     23.000          1       1660    1501.21 1.9747e+00  54554.061     69.110 1616379235       0.03      0.824   38.53358  -73.07356 0.0000e+00
     23.825    13.0231    35.4702  1026.8598     2.4060     5.5581     94.108   -0.00010    5.90579    5.90399 -9.990e-29     0.6302   10.71669   4.149013 5.0640e-11    26.7533    26.7526 1.0000e-12     24.000          1       1751    1501.23 1.9747e+00  54554.567     72.928 1616379239       0.52      0.766   38.53358  -73.07359 0.0000e+00
     24.807    13.0245    35.4700  1026.8638     2.4049     5.5343     94.045   -0.00025    5.90510    5.90329 -9.990e-29     0.6011   10.71554   4.149191 5.0640e-11    26.7529    26.7522 1.0000e-12     25.000          1       1787    1501.24 1.9747e+00  54554.694     74.421 1616379240      -0.25      0.785   38.53358  -73.07361 0.0000e+00
     25.804    13.0287    35.4718  1026.8688     2.4004     5.5196     93.633   -0.00285    5.90487    5.90306 -9.990e-29     0.5139   10.71515   4.149944 4.4094e+04    26.7534    26.7527 1.0000e-12     26.000          1       1817    1501.28 1.1040e+00  54557.199     75.669 1616379242       0.22      0.718   38.53358  -73.07362 0.0000e+00
     26.802    13.0374    35.4735  1026.8729     2.3954     5.5211     93.500   -0.00157    5.90511    5.90330      8.549     0.5958   10.71555   4.150908 4.1653e+04    26.7531    26.7523 1.0000e-12     27.000          1       1895    1501.32 1.1522e+00  54558.868     78.907 1616379245       0.17      0.572   38.53358  -73.07364 0.0000e+00
     27.784    13.0359    35.4730  1026.8773     2.3931     5.5168     93.522   -0.00007    5.90505    5.90324      8.548     0.5725   10.71538   4.150764 -1.654e+03    26.7530    26.7523 1.0000e-12     28.000          1       1969    1501.33 2.0074e+00  54559.036     81.994 1616379248       0.08      0.548   38.53358  -73.07366 0.0000e+00
     28.780    13.0387    35.4735  1026.8816     2.3900     5.4694     93.290   -0.00131    5.90505    5.90325      8.545     0.5258   10.71538   4.151116 5.0640e-11    26.7529    26.7521 1.0000e-12     29.000          1       2001    1501.36 1.9747e+00  54559.862     83.319 1616379249       0.11      0.696   38.53358  -73.07366 0.0000e+00
     29.773    13.0368    35.4789  1026.8905     2.3800     5.4422     92.406   -0.00663    5.90489    5.90308      8.545     0.4937   10.71510   4.151587 5.0640e-11    26.7574    26.7566 1.0000e-12     30.000          1       2033    1501.38 1.9747e+00  54568.113     84.680 1616379251      -0.02      0.743   38.53358  -73.07368 0.0000e+00
     30.769    13.0375    35.4804  1026.8961     2.3696     5.4280     92.173   -0.00304    5.90445    5.90264      8.544     0.4800   10.71435   4.151808 2.2553e+04    26.7585    26.7576 1.0000e-12     31.000          1       2112    1501.40 1.5293e+00  54570.653     87.939 1616379254       0.11      0.442   38.53358  -73.07370 0.0000e+00
     31.754    13.0398    35.4845  1026.9032     2.3578     5.3923     91.533   -0.00407    5.90442    5.90262      8.541     0.4850   10.71426   4.152553 -7.014e+02    26.7613    26.7604 1.0000e-12     32.000          1       2199    1501.43 1.9886e+00  54576.628     91.588 1616379258       0.07      0.492   38.53358  -73.07373 0.0000e+00
     32.752    13.0399    35.4863  1026.9091     2.3493     5.3871     91.215   -0.00281    5.90445    5.90265      8.542     0.4373   10.71432   4.152768 5.0640e-11    26.7627    26.7618 1.0000e-12     33.000          1       2272    1501.45 1.9747e+00  54579.735     94.628 1616379261       0.09      0.354   38.53358  -73.07375 0.0000e+00
     33.739    13.0398    35.4862  1026.9135     2.3462     5.3809     91.331    0.00057    5.90478    5.90297 -9.990e-29     0.4566   10.71482   4.152782 5.0640e-11    26.7626    26.7617 1.0000e-12     34.000          1       2379    1501.46 1.9747e+00  54580.194     99.102 1616379265       0.07      0.291   38.53358  -73.07377 0.0000e+00
     34.733    13.0371    35.4881  1026.9200     2.3411     5.3607     90.838   -0.00275    5.90446    5.90266      8.540     0.4032   10.71429   4.152740 5.0640e-11    26.7647    26.7637 1.0000e-12     35.000          1       2431    1501.47 1.9747e+00  54583.717    101.238 1616379267       0.13      0.460   38.53358  -73.07378 0.0000e+00
     35.722    13.0339    35.4899  1026.9265     2.3358     5.3553     90.771   -0.00044    5.90510    5.90331      8.540     0.4502   10.71536   4.152684 5.0640e-11    26.7667    26.7657 1.0000e-12     36.000          1       2551    1501.48 1.9747e+00  54587.265    106.258 1616379272       0.07      0.243   38.53356  -73.07382 0.0000e+00
     36.712    13.0337    35.4899  1026.9309     2.3341     5.3540     90.671   -0.00078    5.90499    5.90320 -9.990e-29     0.6571   10.71518   4.152683 5.0640e-11    26.7668    26.7657 1.0000e-12     37.000          1       2622    1501.50 1.9747e+00  54587.868    109.198 1616379275       0.59      0.584   38.53356  -73.07384 0.0000e+00
     37.721    13.0333    35.4895  1026.9353     2.3337     5.3550     90.666   -0.00053    5.90510    5.90330 -9.990e-29     0.3890   10.71536   4.152680 5.0640e-11    26.7666    26.7656 1.0000e-12     38.000          1       2643    1501.51 1.9747e+00  54588.033    110.084 1616379276       0.31      1.005   38.53356  -73.07386 0.0000e+00
     38.710    13.0369    35.4909  1026.9400     2.3330     5.3565     90.671   -0.00024    5.90413    5.90232 -9.990e-29     0.4747   10.71372   4.153242 5.0640e-11    26.7670    26.7659 1.0000e-12     39.000          1       2764    1501.54 1.9747e+00  54589.970    115.143 1616379281       0.05      0.803   38.53356  -73.07389 0.0000e+00
     39.707    13.0403    35.4919  1026.9446     2.3332     5.3556     90.712    0.00012    5.90396    5.90215      8.541     0.4177   10.71344   4.153714 5.0640e-11    26.7671    26.7660 1.0000e-12     40.000          1       2829    1501.57 1.9747e+00  54591.515    117.852 1616379284      -0.03      0.862   38.53356  -73.07390 0.0000e+00
     40.689    13.0405    35.4921  1026.9492     2.3327     5.3546     90.704   -0.00010    5.90323    5.90141      8.541     0.3852   10.71222   4.153804 5.0640e-11    26.7672    26.7661 1.0000e-12     41.000          1       2997    1501.59 1.9747e+00  54592.321    124.822 1616379291       0.60      0.794   38.53356  -73.07396 0.0000e+00
     41.688    13.0439    35.4930  1026.9537     2.3326     5.3529     90.697   -0.00003    5.90364    5.90182      8.542     0.3781   10.71290   4.154296 5.0640e-11    26.7673    26.7661 1.0000e-12     42.000          1       3021    1501.62 1.9747e+00  54593.695    125.829 1616379292      -0.05      1.018   38.53356  -73.07396 0.0000e+00
     42.670    13.0517    35.4953  1026.9583     2.3306     5.3470     90.578   -0.00058    5.90268    5.90086      8.542     0.3687   10.71129   4.155355 5.0640e-11    26.7675    26.7663 1.0000e-12     43.000          1       3166    1501.66 1.9747e+00  54596.328    131.893 1616379298      -0.10      0.431   38.53356  -73.07400 0.0000e+00
     43.667    13.0555    35.4968  1026.9632     2.3297     5.3413     90.555   -0.00034    5.90198    5.90015      8.542     0.3416   10.71012   4.155918 5.0640e-11    26.7680    26.7667 1.0000e-12     44.000          1       3231    1501.69 1.9747e+00  54598.449    134.578 1616379301       0.26      0.655   38.53356  -73.07402 0.0000e+00
     44.659    13.0640    35.5001  1026.9685     2.3271     5.3280     90.384   -0.00109    5.90038    5.89853      8.543     0.3526   10.70741   4.157151 5.0640e-11    26.7688    26.7676 1.0000e-12     45.000          1       3332    1501.74 1.9747e+00  54602.424    138.793 1616379305       0.13      0.528   38.53356  -73.07405 0.0000e+00
     45.654    13.0714    35.5030  1026.9736     2.3233     5.3132     90.151   -0.00185    5.89819    5.89632      8.540     0.4041   10.70373   4.158342 5.0640e-11    26.7696    26.7683 1.0000e-12     46.000          1       3426    1501.79 1.9747e+00  54605.851    142.705 1616379309       0.66      0.787   38.53356  -73.07408 0.0000e+00
