CalculateIndicators/WaterTemperature/Data/CTD_NYOS/20210322_C09.cnv
* Sea-Bird SBE 9 Data File:
* FileName = C:\Seabird 9 CTD\Data\2021\202103_offshore\20210322_C09.hex
* Software Version Seasave V 7.23.2
* Temperature SN = 4590
* Conductivity SN = 3228
* Number of Bytes Per Scan = 44
* Number of Voltage Words = 5
* Number of Scans Averaged by the Deck Unit = 1
* NMEA Latitude = 38 47.17 N
* NMEA Longitude = 072 49.10 W
* NMEA UTC (Time) = Mar 22 2021  06:55:05
* NMEA baud rate = 4800
** Ship: RV Seawolf
** Station: 6.6
** Operator: TDK
# nquan = 31
# nvalues = 604                         
# units = specified
# name 0 = depSM: Depth [salt water, m]
# name 1 = t090C: Temperature [ITS-90, deg C]
# name 2 = sal00: Salinity, Practical [PSU]
# name 3 = density00: Density [density, kg/m^3]
# name 4 = sbeox0V: Oxygen raw, SBE 43 [V]
# name 5 = sbeox0ML/L: Oxygen, SBE 43 [ml/l]
# name 6 = sbeox0PS: Oxygen, SBE 43 [% saturation]
# name 7 = sbox0dV/dT: Oxygen, SBE 43 [dov/dt]
# name 8 = oxsolML/L: Oxygen Saturation, Garcia & Gordon [ml/l]
# name 9 = oxsatML/L: Oxygen Saturation, Weiss [ml/l]
# name 10 = ph: pH
# name 11 = flECO-AFL: Fluorescence, WET Labs ECO-AFL/FL [mg/m^3]
# name 12 = n2satML/L: Nitrogen Saturation [ml/l]
# name 13 = c0S/m: Conductivity [S/m]
# name 14 = cpar: CPAR/Corrected Irradiance [%]
# name 15 = sigma-é00: Density [sigma-theta, kg/m^3]
# name 16 = sigma-t00: Density [sigma-t, kg/m^3 ]
# name 17 = par: PAR/Irradiance, Biospherical/Licor
# name 18 = prDM: Pressure, Digiquartz [db]
# name 19 = pumps: Pump Status
# name 20 = scan: Scan Count
# name 21 = svCM: Sound Velocity [Chen-Millero, m/s]
# name 22 = spar: SPAR, Biospherical/Licor
# name 23 = specc: Specific Conductance [uS/cm]
# name 24 = timeS: Time, Elapsed [seconds]
# name 25 = timeY: Time, System [seconds]
# name 26 = accM: Acceleration [m/s^2]
# name 27 = dz/dtM: Descent Rate [m/s]
# name 28 = latitude: Latitude [deg]
# name 29 = longitude: Longitude [deg]
# name 30 = flag: flag
# span 0 =      1.948,    301.504       
# span 1 =    10.1439,    14.1642       
# span 2 =    34.4266,    35.8326       
# span 3 =  1026.4943,  1028.5011       
# span 4 =     1.4253,     2.5340       
# span 5 =     2.9604,     6.3080       
# span 6 =     47.916,    100.647       
# span 7 =   -0.07019,    0.05083       
# span 8 =    5.75870,    6.31861       
# span 9 =    5.75531,    6.32155       
# span 10 =      8.334,      8.572      
# span 11 =    -0.0783,     1.0595      
# span 12 =   10.46931,   11.41138      
# span 13 =   3.766668,   4.306741      
# span 14 = -6.692e+03, 6.4421e+04      
# span 15 =    26.4795,    27.1410      
# span 16 =    26.4793,    27.1344      
# span 17 = 1.0000e-12, 1.0000e-12      
# span 18 =      2.000,    304.000      
# span 19 =          1,          1      
# span 20 =         49,      77212      
# span 21 =    1489.72,    1508.30      
# span 22 = 7.0257e-01, 2.1069e+00      
# span 23 =  53585.793,  55005.667      
# span 24 =      2.006,   3217.117      
# span 25 = 1616396108, 1616399323      
# span 26 =      -0.86,       0.87      
# span 27 =     -1.188,      1.588      
# span 28 =   38.77833,   38.78629      
# span 29 =  -72.83273,  -72.81845      
# span 30 = 0.0000e+00, 0.0000e+00      
# interval = decibars: 1                
# start_time = Mar 22 2021 06:55:06 [System UTC, first data scan.]
# bad_flag = -9.990e-29
*END*
[from data line 328]
    275.711    11.5861    35.4918  1028.2952     1.4596     3.0076     49.440   -0.00002    6.08383    6.08441      8.353    -0.0538   11.01094   4.022618 2.3084e+04    27.0568    27.0500 1.0000e-12    278.000          1      40576    1500.59 1.5189e+00  54969.012   1690.632 1616397796      -0.10     -0.334   38.78196  -72.82608 0.0000e+00
    274.720    11.6007    35.4929  1028.2888     1.4591     3.0011     49.395   -0.00017    6.08158    6.08214 -9.990e-29    -0.0671   11.00721   4.024116 5.2913e+01    27.0549    27.0481 1.0000e-12    277.000          1      40679    1500.62 1.9737e+00  54967.288   1694.929 1616397801      -0.26     -0.315   38.78194  -72.82610 0.0000e+00
    273.731    11.6558    35.4931  1028.2738     1.4584     2.9859     49.311   -0.00048    6.06555    6.06589      8.353    -0.0497   10.98058   4.029737 5.0640e-11    27.0446    27.0379 1.0000e-12    276.000          1      40803    1500.80 1.9747e+00  54957.347   1700.100 1616397806       0.01     -0.491   38.78193  -72.82612 0.0000e+00
    272.737    11.7555    35.5056  1028.2597     1.4579     2.9847     49.324    0.00013    6.05341    6.05360      8.356    -0.0563   10.96042   4.040834 5.0640e-11    27.0355    27.0287 1.0000e-12    275.000          1      40903    1501.14 1.9747e+00  54956.564   1704.236 1616397810      -0.11     -0.339   38.78192  -72.82614 0.0000e+00
    271.752    11.8758    35.5171  1028.2406     1.4607     2.9940     49.509    0.00088    6.03903    6.03903      8.356    -0.0605   10.93653   4.053655 5.0640e-11    27.0216    27.0148 1.0000e-12    274.000          1      41011    1501.55 1.9747e+00  54951.197   1708.737 1616397815      -0.01     -0.248   38.78190  -72.82616 0.0000e+00
    270.758    11.9365    35.5238  1028.2294     1.4636     2.9969     49.647    0.00083    6.03660    6.03657      8.356    -0.0783   10.93239   4.060104 5.0640e-11    27.0152    27.0083 1.0000e-12    273.000          1      41087    1501.74 1.9747e+00  54949.433   1711.918 1616397818       0.00     -0.310   38.78190  -72.82618 0.0000e+00
    269.775    11.9743    35.5365  1028.2274     1.4665     3.0010     49.748    0.00057    6.02856    6.02843      8.360    -0.0717   10.91899   4.064769 5.0640e-11    27.0178    27.0109 1.0000e-12    272.000          1      41245    1501.87 1.9747e+00  54960.016   1718.493 1616397824      -0.20     -0.260   38.78188  -72.82620 0.0000e+00
    268.773    11.9784    35.5374  1028.2228     1.4673     3.0011     49.809    0.00073    6.02790    6.02776 -9.990e-29 -9.990e-29   10.91790   4.065309 5.0640e-11    27.0176    27.0108 1.0000e-12    271.000          1      41268    1501.87 1.9747e+00  54959.898   1719.456 1616397825      -0.23     -0.659   38.78188  -72.82621 0.0000e+00
    267.778    12.0389    35.5452  1028.2124     1.4682     2.9973     49.814    0.00044    6.01870    6.01845      8.361    -0.0496   10.90259   4.072001 5.0640e-11    27.0121    27.0052 1.0000e-12    270.000          1      41383    1502.07 1.9747e+00  54959.889   1724.240 1616397830      -0.22     -0.444   38.78187  -72.82623 0.0000e+00
    266.797    12.0908    35.5507  1028.2020     1.4717     3.0126     50.028    0.00132    5.99141    5.99081      8.364    -0.0664   10.85724   4.077682 5.0640e-11    27.0063    26.9995 1.0000e-12    269.000          1      41502    1502.24 1.9747e+00  54958.144   1729.227 1616397835      -0.51     -0.637   38.78184  -72.82624 0.0000e+00
    265.792    12.1505    35.5580  1028.1913     1.4749     3.0229     50.272    0.00226    5.99646    5.99592      8.365    -0.0580   10.86559   4.084856 5.0640e-11    27.0005    26.9936 1.0000e-12    268.000          1      41534    1502.43 1.9747e+00  54957.742   1730.529 1616397836      -0.00     -0.869   38.78184  -72.82625 0.0000e+00
    264.808    12.4286    35.5819  1028.1497     1.5166     3.3129     53.662    0.01906    5.93493    5.93362      8.389    -0.0429   10.76320   4.115353 5.0640e-11    26.9648    26.9578 1.0000e-12    267.000          1      41702    1503.38 1.9747e+00  54944.965   1737.550 1616397843      -0.22     -0.563   38.78182  -72.82628 0.0000e+00
    263.822    12.6887    35.5978  1028.1050     1.5736     3.4671     57.507    0.03109    5.92981    5.92843      8.400    -0.0365   10.75471   4.142470 5.0640e-11    26.9260    26.9187 1.0000e-12    266.000          1      41755    1504.26 1.9747e+00  54924.576   1739.730 1616397846       0.06     -0.529   38.78182  -72.82629 0.0000e+00
    262.823    12.8158    35.6346  1028.1030     1.6309     3.5049     58.894    0.01261    5.92145    5.91997      8.405    -0.0287   10.74079   4.157745 5.0640e-11    26.9291    26.9218 1.0000e-12    265.000          1      41879    1504.71 1.9747e+00  54955.557   1744.910 1616397851      -0.09     -0.584   38.78182  -72.82631 0.0000e+00
    261.835    12.8757    35.6365  1028.0877     1.6551     3.5325     59.599    0.00629    5.91739    5.91587      8.407    -0.0275   10.73401   4.163399 5.0640e-11    26.9186    26.9113 1.0000e-12    264.000          1      41976    1504.90 1.9747e+00  54948.061   1748.957 1616397855       0.02     -0.377   38.78181  -72.82633 0.0000e+00
    260.856    12.8911    35.6435  1028.0856     1.6720     3.5689     59.992    0.00085    5.91053    5.90892      8.413    -0.0298   10.72259   4.165176 5.0640e-11    26.9209    26.9136 1.0000e-12    263.000          1      42141    1504.94 1.9747e+00  54954.779   1755.852 1616397862      -0.08     -0.212   38.78180  -72.82636 0.0000e+00
    259.850    12.9093    35.6440  1028.0777     1.6778     3.6003     60.634    0.00518    5.91118    5.90958      8.413    -0.0120   10.72367   4.167163 5.0640e-11    26.9176    26.9103 1.0000e-12    262.000          1      42152    1504.99 1.9747e+00  54952.123   1756.312 1616397862      -0.33     -0.695   38.78180  -72.82636 0.0000e+00
    258.858    12.9389    35.6474  1028.0698     1.6890     3.6112     61.043    0.00332    5.90904    5.90741      8.416    -0.0174   10.72011   4.170204 5.0640e-11    26.9143    26.9070 1.0000e-12    261.000          1      42264    1505.07 1.9747e+00  54951.726   1760.951 1616397867      -0.04     -0.725   38.78179  -72.82639 0.0000e+00
    257.869    12.9555    35.6481  1028.0626     1.6961     3.6293     61.311    0.00236    5.90748    5.90583      8.418    -0.0358   10.71753   4.171848 5.0640e-11    26.9115    26.9042 1.0000e-12    260.000          1      42358    1505.11 1.9747e+00  54949.587   1764.861 1616397871       0.07     -0.617   38.78178  -72.82640 0.0000e+00
    256.884    12.9718    35.6495  1028.0558     1.7037     3.6431     61.677    0.00234    5.90672    5.90505      8.420    -0.0367   10.71633   4.173544 5.0640e-11    26.9092    26.9020 1.0000e-12    259.000          1      42503    1505.15 1.9747e+00  54948.384   1770.926 1616397877      -0.69     -0.595   38.78177  -72.82643 0.0000e+00
    255.881    12.9782    35.6472  1028.0482     1.7040     3.6294     61.590    0.00103    5.90438    5.90269      8.420    -0.0375   10.71242   4.173744 5.0640e-11    26.9061    26.8989 1.0000e-12    258.000          1      42535    1505.15 1.9747e+00  54943.675   1772.230 1616397878       0.01     -0.877   38.78176  -72.82644 0.0000e+00
    254.896    12.9705    35.6431  1028.0422     1.7081     3.7893     61.643   -0.00024    5.86383    5.86163      8.435    -0.0370   10.64512   4.172380 5.0640e-11    26.9044    26.8973 1.0000e-12    257.000          1      42690    1505.11 1.9747e+00  54938.599   1778.726 1616397885      -0.18     -0.930   38.78174  -72.82646 0.0000e+00
    253.900    13.0677    35.6426  1028.0173     1.7543     4.0471     66.000    0.02501    5.89583    5.89403      8.440    -0.0235   10.69827   4.183502 5.0640e-11    26.8844    26.8772 1.0000e-12    256.000          1      42748    1505.41 1.9747e+00  54922.533   1781.111 1616397887       0.12     -0.805   38.78174  -72.82647 0.0000e+00
    252.910    13.4328    35.6884  1027.9718     1.9126     4.5551     75.884    0.05083    5.84856    5.84619      8.476     0.0102   10.61952   4.224724 5.0640e-11    26.8452    26.8378 1.0000e-12    255.000          1      43009    1506.65 1.9747e+00  54932.197   1792.006 1616397898       0.12     -0.608   38.78171  -72.82653 0.0000e+00
    251.923    13.7481    35.7408  1027.9411     2.1067     4.8487     83.105    0.01892    5.80871    5.80587      8.502     0.0418   10.55302   4.260282 5.0640e-11    26.8206    26.8129 1.0000e-12    254.000          1      43331    1507.73 1.9747e+00  54958.944   1805.426 1616397911      -0.03     -0.335   38.78169  -72.82658 0.0000e+00
    250.935    13.8673    35.7633  1027.9285     2.1920     4.9983     86.196    0.00362    5.79548    5.79249      8.512     0.0551   10.53091   4.273937 1.6450e+03    26.8130    26.8053 1.0000e-12    253.000          1      43573    1508.13 1.9422e+00  54972.578   1815.517 1616397921      -0.23     -0.145   38.78167  -72.82663 0.0000e+00
    249.929    13.8702    35.7679  1027.9270     2.1978     4.9975     86.268    0.00069    5.79550    5.79252      8.516     0.0594   10.53093   4.274437 2.6157e+04    26.8159    26.8083 1.0000e-12    252.000          1      44295    1508.13 1.4582e+00  54978.010   1845.578 1616397951      -0.41     -0.486   38.78159  -72.82677 0.0000e+00
    248.942    13.8773    35.7698  1027.9225     2.2008     5.0088     86.439    0.00128    5.79378    5.79078      8.519     0.0593   10.52805   4.275293 -3.729e+02    26.8159    26.8083 1.0000e-12    251.000          1      45320    1508.14 1.9821e+00  54979.133   1888.277 1616397994      -0.36     -0.642   38.78149  -72.82697 0.0000e+00
    247.949    13.8815    35.7708  1027.9179     2.2028     5.0142     86.439    0.00014    5.79345    5.79045      8.520     0.0457   10.52750   4.275746 5.0640e-11    26.8157    26.8081 1.0000e-12    250.000          1      45416    1508.14 1.9747e+00  54979.225   1892.282 1616397998      -0.29     -0.813   38.78148  -72.82698 0.0000e+00
    246.973    13.8843    35.7712  1027.9133     2.2067     5.0273     86.717    0.00132    5.79344    5.79044 -9.990e-29     0.0598   10.52748   4.276022 5.0640e-11    26.8154    26.8078 1.0000e-12    249.000          1      45539    1508.13 1.9747e+00  54978.856   1897.400 1616398003       0.28     -0.425   38.78147  -72.82701 0.0000e+00
    245.972    13.8848    35.7711  1027.9086     2.2083     5.0314     86.756    0.00094    5.79305    5.79004      8.522     0.0570   10.52683   4.276009 5.0640e-11    26.8152    26.8076 1.0000e-12    248.000          1      45619    1508.11 1.9747e+00  54978.094   1900.762 1616398007      -0.02     -0.787   38.78146  -72.82702 0.0000e+00
    244.981    13.8875    35.7713  1027.9038     2.2123     5.0347     86.933    0.00082    5.79302    5.79001      8.522     0.0614   10.52678   4.276255 5.0640e-11    26.8148    26.8072 1.0000e-12    247.000          1      45757    1508.11 1.9747e+00  54977.434   1906.503 1616398012      -0.07     -0.686   38.78144  -72.82706 0.0000e+00
    243.995    13.8877    35.7712  1027.8993     2.2130     5.0348     86.906    0.00007    5.79305    5.79004      8.522     0.0526   10.52683   4.276207 5.0640e-11    26.8147    26.8072 1.0000e-12    246.000          1      45833    1508.09 1.9747e+00  54976.794   1909.680 1616398016       0.14     -0.659   38.78142  -72.82707 0.0000e+00
    243.001    13.8884    35.7713  1027.8948     2.2136     5.0354     86.947    0.00030    5.79299    5.78997      8.522     0.0371   10.52672   4.276242 5.0640e-11    26.8145    26.8071 1.0000e-12    245.000          1      45947    1508.08 1.9747e+00  54976.147   1914.414 1616398020      -0.29     -0.534   38.78142  -72.82709 0.0000e+00
    241.997    13.8885    35.7716  1027.8904     2.2143     5.0366     86.946   -0.00001    5.79295    5.78994      8.522     0.0658   10.52666   4.276227 5.0640e-11    26.8147    26.8072 1.0000e-12    244.000          1      46025    1508.06 1.9747e+00  54975.927   1917.667 1616398024      -0.30     -1.024   38.78141  -72.82710 0.0000e+00
    241.028    13.8891    35.7716  1027.8860     2.2143     5.0366     86.907   -0.00023    5.79279    5.78978      8.522     0.0580   10.52639   4.276252 5.0640e-11    26.8146    26.8071 1.0000e-12    243.000          1      46220    1508.05 1.9747e+00  54975.350   1925.771 1616398032      -0.10     -0.476   38.78140  -72.82714 0.0000e+00
    240.021    13.8897    35.7718  1027.8815     2.2149     5.0400     86.975    0.00026    5.79277    5.78976      8.522     0.0692   10.52636   4.276287 5.0640e-11    26.8146    26.8072 1.0000e-12    242.000          1      46256    1508.03 1.9747e+00  54974.938   1927.280 1616398033      -0.11     -0.766   38.78138  -72.82715 0.0000e+00
    239.037    13.8897    35.7718  1027.8771     2.2156     5.0332     86.952   -0.00025    5.79287    5.78985      8.522     0.0528   10.52652   4.276237 5.0640e-11    26.8145    26.8071 1.0000e-12    241.000          1      46425    1508.01 1.9747e+00  54974.363   1934.327 1616398040      -0.35     -0.520   38.78138  -72.82718 0.0000e+00
    238.052    13.8892    35.7719  1027.8729     2.2156     5.0396     86.940   -0.00026    5.79288    5.78987 -9.990e-29     0.0557   10.52654   4.276155 5.0640e-11    26.8147    26.8073 1.0000e-12    240.000          1      46524    1508.00 1.9747e+00  54973.996   1938.468 1616398044       0.06     -0.317   38.78136  -72.82720 0.0000e+00
    237.049    13.8893    35.7719  1027.8684     2.2162     5.0393     86.999    0.00024    5.79287    5.78985 -9.990e-29     0.0543   10.52652   4.276116 5.0640e-11    26.8146    26.8073 1.0000e-12    239.000          1      46621    1507.98 1.9747e+00  54973.387   1942.509 1616398048      -0.34     -0.409   38.78135  -72.82722 0.0000e+00
    236.065    13.8893    35.7718  1027.8639     2.2167     5.0392     87.005    0.00025    5.79289    5.78987 -9.990e-29     0.0602   10.52655   4.276069 5.0640e-11    26.8145    26.8072 1.0000e-12    238.000          1      46723    1507.96 1.9747e+00  54972.674   1946.737 1616398053       0.00     -0.364   38.78134  -72.82724 0.0000e+00
    235.078    13.8891    35.7718  1027.8596     2.2172     5.0406     86.994    0.00005    5.79299    5.78998 -9.990e-29     0.0617   10.52672   4.276003 5.0640e-11    26.8145    26.8073 1.0000e-12    237.000          1      46823    1507.95 1.9747e+00  54972.150   1950.898 1616398057       0.01     -0.178   38.78133  -72.82726 0.0000e+00
    234.079    13.8882    35.7714  1027.8550     2.2180     5.0452     87.075    0.00043    5.79304    5.79002      8.523     0.0619   10.52681   4.275815 5.0640e-11    26.8143    26.8071 1.0000e-12    236.000          1      46903    1507.93 1.9747e+00  54971.114   1954.267 1616398060      -0.22     -0.419   38.78132  -72.82728 0.0000e+00
    233.088    13.8868    35.7707  1027.8504     2.2186     5.0419     87.046   -0.00015    5.79331    5.79030      8.523     0.0696   10.52727   4.275555 5.0640e-11    26.8141    26.8070 1.0000e-12    235.000          1      47015    1507.90 1.9747e+00  54969.863   1958.905 1616398065      -0.12     -0.511   38.78132  -72.82730 0.0000e+00
    232.104    13.8859    35.7704  1027.8459     2.2187     5.0441     87.059    0.00008    5.79338    5.79037      8.523     0.0666   10.52739   4.275397 5.0640e-11    26.8140    26.8069 1.0000e-12    234.000          1      47131    1507.88 1.9747e+00  54968.939   1963.740 1616398070       0.02     -0.206   38.78130  -72.82732 0.0000e+00
    231.107    13.8852    35.7702  1027.8415     2.2195     5.0456     87.107    0.00037    5.79352    5.79051      8.524     0.0645   10.52762   4.275257 5.0640e-11    26.8140    26.8069 1.0000e-12    233.000          1      47226    1507.87 1.9747e+00  54968.201   1967.709 1616398073      -0.24     -0.481   38.78130  -72.82734 0.0000e+00
