CalculateIndicators/WaterTemperature/Data/CTD_NYOS/20210525_C32.cnv
* Sea-Bird SBE 9 Data File:
* FileName = C:\Seabird 9 CTD\Data\2021\202105_offshore\20210525_C32.hex
* Software Version Seasave V 7.23.2
* Temperature SN = 4590
* Conductivity SN = 3228
* Number of Bytes Per Scan = 44
* Number of Voltage Words = 5
* Number of Scans Averaged by the Deck Unit = 1
* NMEA Latitude = 40 16.50 N
* NMEA Longitude = 071 58.34 W
* NMEA UTC (Time) = May 25 2021  12:22:50
* NMEA baud rate = 4800
** Ship: seawolf
** Station: 2.3
** Operator: eih
# nquan = 31
# nvalues = 239                         
# units = specified
# name 0 = depSM: Depth [salt water, m]
# name 1 = t090C: Temperature [ITS-90, deg C]
# name 2 = sal00: Salinity, Practical [PSU]
# name 3 = density00: Density [density, kg/m^3]
# name 4 = sbeox0V: Oxygen raw, SBE 43 [V]
# name 5 = sbeox0ML/L: Oxygen, SBE 43 [ml/l]
# name 6 = sbeox0PS: Oxygen, SBE 43 [% saturation]
# name 7 = sbox0dV/dT: Oxygen, SBE 43 [dov/dt]
# name 8 = oxsolML/L: Oxygen Saturation, Garcia & Gordon [ml/l]
# name 9 = oxsatML/L: Oxygen Saturation, Weiss [ml/l]
# name 10 = ph: pH
# name 11 = flECO-AFL: Fluorescence, WET Labs ECO-AFL/FL [mg/m^3]
# name 12 = n2satML/L: Nitrogen Saturation [ml/l]
# name 13 = c0S/m: Conductivity [S/m]
# name 14 = cpar: CPAR/Corrected Irradiance [%]
# name 15 = sigma-é00: Density [sigma-theta, kg/m^3]
# name 16 = sigma-t00: Density [sigma-t, kg/m^3 ]
# name 17 = par: PAR/Irradiance, Biospherical/Licor
# name 18 = prDM: Pressure, Digiquartz [db]
# name 19 = pumps: Pump Status
# name 20 = scan: Scan Count
# name 21 = svCM: Sound Velocity [Chen-Millero, m/s]
# name 22 = spar: SPAR, Biospherical/Licor
# name 23 = specc: Specific Conductance [uS/cm]
# name 24 = timeS: Time, Elapsed [seconds]
# name 25 = timeY: Time, System [seconds]
# name 26 = accM: Acceleration [m/s^2]
# name 27 = dz/dtM: Descent Rate [m/s]
# name 28 = latitude: Latitude [deg]
# name 29 = longitude: Longitude [deg]
# name 30 = flag: flag
# span 0 =      1.967,     61.037       
# span 1 =     7.6877,    13.9529       
# span 2 =    32.5272,    33.4879       
# span 3 =  1024.3093,  1026.3909       
# span 4 =     1.9527,     2.6479       
# span 5 =     4.8830,     6.8491       
# span 6 =     72.984,    106.382       
# span 7 =   -0.03863,    0.03134       
# span 8 =    5.90232,    6.72116       
# span 9 =    5.89851,    6.72880       
# span 10 =      7.865,      8.111      
# span 11 =    -0.0192,     0.7947      
# span 12 =   10.74340,   12.09060      
# span 13 =   3.412667,   3.925344      
# span 14 = 3.1395e-02, 1.2142e+02      
# span 15 =    24.3005,    26.1105      
# span 16 =    24.3004,    26.1096      
# span 17 = 6.3987e-01, 7.8223e+02      
# span 18 =      2.000,     61.500      
# span 19 =          1,          1      
# span 20 =         31,      17658      
# span 21 =    1479.88,    1500.51      
# span 22 = 4.7779e+02, 2.2618e+03      
# span 23 =  50369.634,  52806.392      
# span 24 =      1.229,    735.705      
# span 25 = 1621945368, 1621946102      
# span 26 =      -0.73,       0.78      
# span 27 =     -1.095,      0.980      
# span 28 =   40.27456,   40.27506      
# span 29 =  -71.97243,  -71.97002      
# span 30 = 0.0000e+00, 0.0000e+00      
# interval = decibars: 0.5              
# start_time = May 25 2021 12:22:46 [System UTC, first data scan.]
# bad_flag = -9.990e-29
*END*
[from data line 141]
     50.112     7.7323    33.4245  1026.3068     2.0285     5.1931     77.381    0.00701    6.71104    6.71868      7.896     0.2669   12.07228   3.452401 1.4625e-01    26.0762    26.0755 2.9418e+00     50.500          1       8163    1480.33 2.0113e+03  52736.196    340.067 1621945706      -0.13     -0.134   40.27488  -71.97136 0.0000e+00
     49.613     7.7329    33.4176  1026.2990     2.0379     5.2346     78.012    0.00868    6.71003    6.71766      7.900     0.2981   12.07050   3.451851 1.5211e-01    26.0706    26.0700 3.0816e+00     50.000          1       8184    1480.32 2.0259e+03  52725.769    340.954 1621945707      -0.27     -0.359   40.27487  -71.97135 0.0000e+00
     49.105     7.7316    33.4110  1026.2916     2.0510     5.2986     78.976    0.01197    6.70919    6.71682      7.904     0.3398   12.06903   3.450955 1.6215e-01    26.0657    26.0650 3.2879e+00     49.500          1       8204    1480.30 2.0277e+03  52716.561    341.787 1621945708      -0.14     -0.555   40.27486  -71.97134 0.0000e+00
     48.611     7.7275    33.3836  1026.2684     2.1009     5.4966     82.011    0.01816    6.70229    6.70974      7.930     0.4127   12.05852   3.448067 1.6896e-01    26.0447    26.0440 3.4190e+00     49.000          1       8297    1480.24 2.0235e+03  52678.309    345.660 1621945712      -0.44     -0.417   40.27486  -71.97132 0.0000e+00
     48.117     7.7854    33.3377  1026.2217     2.1414     5.7141     85.270    0.03134    6.70119    6.70860      7.941     0.3299   12.05686   3.449307 1.7662e-01    26.0003    25.9996 3.5828e+00     48.500          1       8333    1480.40 2.0285e+03  52598.210    347.155 1621945713       0.08     -0.561   40.27486  -71.97132 0.0000e+00
     47.633     7.8134    33.3234  1026.2041     2.1805     5.8146     86.779    0.02684    6.70048    6.70788      7.946     0.2974   12.05571   3.450392 1.8311e-01    25.9850    25.9843 3.7284e+00     48.000          1       8371    1480.47 2.0362e+03  52570.775    348.745 1621945715       0.04     -0.272   40.27486  -71.97132 0.0000e+00
     47.121     7.8112    33.3223  1026.2013     2.1938     5.8023     86.587    0.01785    6.70106    6.70847      7.946     0.2988   12.05669   3.450033 1.9437e-01    25.9844    25.9838 3.9452e+00     47.500          1       8397    1480.46 2.0298e+03  52569.424    349.814 1621945716      -0.16     -0.435   40.27486  -71.97132 0.0000e+00
     46.632     7.8093    33.3198  1026.1973     2.2129     5.7735     85.948    0.00117    6.71745    6.72505      7.941     0.3121   12.08434   3.449502 2.0311e-01    25.9828    25.9821 4.1366e+00     47.000          1       8496    1480.44 2.0366e+03  52566.005    353.942 1621945720      -0.53     -0.377   40.27486  -71.97130 0.0000e+00
     46.129     7.7668    33.3023  1026.1874     2.2116     5.7622     85.732   -0.00045    6.72116    6.72880      7.938     0.2949   12.09060   3.443397 2.1280e-01    25.9751    25.9744 4.3380e+00     46.500          1       8517    1480.25 2.0385e+03  52551.205    354.843 1621945721      -0.06     -0.594   40.27486  -71.97130 0.0000e+00
     45.649     7.6877    33.2569  1026.1610     2.2109     5.7501     85.761    0.00063    6.70481    6.71217      7.944     0.3360   12.06397   3.432470 2.2791e-01    25.9508    25.9502 4.6339e+00     46.000          1       8594    1479.88 2.0332e+03  52506.009    358.044 1621945724      -0.18     -0.051   40.27486  -71.97130 0.0000e+00
     45.144     7.6972    33.2444  1026.1474     2.2183     5.8099     86.545    0.00478    6.71307    6.72056      7.950     0.3585   12.07757   3.432428 2.4089e-01    25.9396    25.9390 4.8681e+00     45.500          1       8616    1479.89 2.0210e+03  52485.418    358.943 1621945725      -0.28     -0.399   40.27486  -71.97129 0.0000e+00
     44.642     7.7753    33.2314  1026.1237     2.2297     5.8714     87.445    0.00830    6.71445    6.72196      7.952     0.3822   12.07984   3.438704 2.5669e-01    25.9182    25.9176 5.1782e+00     45.000          1       8650    1480.17 2.0172e+03  52447.417    360.356 1621945727      -0.04     -0.485   40.27485  -71.97128 0.0000e+00
     44.150     7.8201    33.2345  1026.1173     2.2504     5.9055     88.348    0.00772    6.68431    6.69136 -9.990e-29     0.4191   12.03021   3.443213 2.6930e-01    25.9142    25.9136 5.4033e+00     44.500          1       8741    1480.33 2.0065e+03  52440.672    364.151 1621945730      -0.73     -0.439   40.27484  -71.97126 0.0000e+00
     43.645     7.8842    33.2299  1026.1021     2.2581     5.9472     88.968    0.01020    6.68471    6.69175 -9.990e-29     0.4275   12.03085   3.448354 2.8414e-01    25.9013    25.9007 5.7207e+00     44.000          1       8757    1480.56 2.0133e+03  52418.042    364.833 1621945731      -0.16     -0.736   40.27484  -71.97126 0.0000e+00
     43.160     7.9502    33.2182  1026.0810     2.2788     5.9728     89.395    0.00403    6.68135    6.68833      7.969     0.4789   12.02552   3.452741 3.0253e-01    25.8825    25.8819 6.1485e+00     43.500          1       8852    1480.79 2.0323e+03  52385.084    368.799 1621945735       0.01     -0.182   40.27484  -71.97125 0.0000e+00
     42.666     7.9709    33.2072  1026.0670     2.2889     5.9965     89.803    0.00323    6.67740    6.68428      7.974     0.5634   12.01949   3.453459 3.2117e-01    25.8708    25.8702 6.5440e+00     43.000          1       8927    1480.85 2.0376e+03  52364.160    371.911 1621945738      -0.07     -0.184   40.27484  -71.97124 0.0000e+00
     42.166     7.9986    33.1821  1026.0410     2.2977     6.0378     90.419    0.00514    6.67753    6.68441 -9.990e-29     0.6072   12.01970   3.453511 3.4619e-01    25.8471    25.8465 7.0024e+00     42.500          1       8967    1480.91 2.0229e+03  52321.595    373.566 1621945740      -0.03     -0.291   40.27484  -71.97124 0.0000e+00
     41.672     8.0135    33.1556  1026.0157     2.3121     6.0723     90.955    0.00335    6.67621    6.68304      7.976     0.6965   12.01791   3.452239 3.6789e-01    25.8242    25.8236 7.4287e+00     42.000          1       9067    1480.93 2.0191e+03  52280.138    377.761 1621945744      -0.10     -0.119   40.27483  -71.97122 0.0000e+00
     41.179     8.0513    33.1100  1025.9721     2.3408     6.1750     92.629    0.00631    6.66637    6.67301      7.988     0.6433   12.00210   3.451453 3.9435e-01    25.7828    25.7822 7.9466e+00     41.500          1       9204    1481.01 2.0151e+03  52206.045    383.456 1621945750      -0.11     -0.068   40.27482  -71.97121 0.0000e+00
     40.679     8.1145    33.1048  1025.9563     2.3561     6.2202     93.424    0.00694    6.65805    6.66456      7.996     0.6202   11.98847   3.456695 4.1723e-01    25.7694    25.7688 8.3796e+00     41.000          1       9261    1481.23 2.0084e+03  52183.324    385.841 1621945752      -0.25     -0.322   40.27482  -71.97120 0.0000e+00
     40.176     8.1662    33.0744  1025.9225     2.3718     6.2670     94.111    0.00589    6.65918    6.66571      7.998     0.6331   11.99024   3.458209 4.4527e-01    25.7379    25.7373 8.9729e+00     40.500          1       9570    1481.38 2.0153e+03  52127.655    398.715 1621945765       0.03     -0.467   40.27481  -71.97115 0.0000e+00
     39.695     8.2056    33.0287  1025.8786     2.4038     6.3454     95.234    0.00124    6.66297    6.66944      8.014     0.6730   11.99781   3.457131 4.9886e-01    25.6962    25.6957 1.0187e+01     40.000          1      11283    1481.47 2.0422e+03  52053.321    470.100 1621945836      -0.06     -0.089   40.27475  -71.97093 0.0000e+00
     39.191     8.1941    33.0164  1025.8684     2.4055     6.3699     95.487    0.00306    6.67099    6.67755      8.016     0.7233   12.01128   3.454664 5.1376e-01    25.6883    25.6877 1.0505e+01     39.500          1      11108    1481.40 2.0447e+03  52038.223    462.778 1621945829      -0.02     -0.321   40.27475  -71.97095 0.0000e+00
     38.709     8.1370    32.9869  1025.8514     2.4115     6.4314     95.913    0.00400    6.70547    6.71245      8.019     0.7366   12.06924   3.446702 7.2362e-01    25.6735    25.6730 1.0785e+01     39.000          1      11145    1481.14 1.7181e+03  52009.340    464.350 1621945831      -0.07     -0.253   40.27474  -71.97094 0.0000e+00
     38.207     8.1386    32.9825  1025.8455     2.4108     6.4217     95.749    0.00262    6.70680    6.71378      8.019     0.7308   12.07162   3.446508 2.1686e+00    25.6699    25.6693 1.1447e+01     38.500          1      11160    1481.13 5.3910e+02  52002.582    464.951 1621945831      -0.41     -0.451   40.27474  -71.97094 0.0000e+00
     37.702     8.1318    32.9784  1025.8409     2.4104     6.4097     95.564    0.00084    6.70721    6.71419      8.020     0.7122   12.07235   3.445465 2.4353e+00    25.6677    25.6671 1.2263e+01     38.000          1      11173    1481.09 5.0353e+02  51997.847    465.480 1621945832      -0.44     -0.686   40.27474  -71.97094 0.0000e+00
     37.197     8.1181    32.9663  1025.8312     2.4131     6.4158     95.660    0.00042    6.70681    6.71379      8.020     0.7239   12.07166   3.442148 2.3125e+00    25.6602    25.6596 1.3222e+01     37.500          1      11186    1481.02 6.3356e+02  51983.586    466.053 1621945832      -0.19     -0.869   40.27474  -71.97094 0.0000e+00
     36.708     7.9527    32.9017  1025.8024     2.4264     6.4798     96.699    0.00462    6.70105    6.70794      8.022     0.6918   12.06221   3.421123 6.4382e-01    25.6335    25.6330 1.4433e+01     37.000          1      11236    1480.30 2.0547e+03  51930.530    468.136 1621945834       0.15     -0.611   40.27474  -71.97094 0.0000e+00
     36.230     7.8970    32.8613  1025.7766     2.4479     6.5245     97.629    0.00387    6.68300    6.68960      8.032     0.5948   12.03265   3.413620 1.7860e+00    25.6099    25.6094 1.4943e+01     36.500          1      11338    1480.03 1.0187e+03  51886.078    472.368 1621945839      -0.67     -0.292   40.27474  -71.97092 0.0000e+00
     35.723     7.9059    32.8593  1025.7714     2.4520     6.5498     98.001    0.00563    6.68338    6.68999      8.035     0.6202   12.03326   3.414361 3.0774e+00    25.6070    25.6065 1.5576e+01     36.000          1      11345    1480.05 4.9006e+02  51880.593    472.667 1621945839      -0.73     -0.626   40.27474  -71.97092 0.0000e+00
     35.218     7.9162    32.8549  1025.7642     2.4572     6.5819     98.481    0.00801    6.68335    6.68996      8.037     0.6022   12.03321   3.414842 3.2500e+00    25.6021    25.6016 1.6374e+01     35.500          1      11355    1480.08 5.0383e+02  51871.773    473.081 1621945839      -0.59     -0.901   40.27474  -71.97092 0.0000e+00
     34.715     7.9292    32.8507  1025.7566     2.4620     6.6106     98.910    0.01006    6.68336    6.68997      8.039     0.5665   12.03322   3.415772 3.4422e+00    25.5969    25.5964 1.7368e+01     35.000          1      11366    1480.11 5.0454e+02  51862.316    473.548 1621945840      -0.26     -1.095   40.27474  -71.97092 0.0000e+00
     34.221     7.9921    32.8442  1025.7401     2.4729     6.6455     99.444    0.00999    6.68260    6.68921      8.040     0.5386   12.03197   3.421089 1.9135e+00    25.5827    25.5822 1.9150e+01     34.500          1      11394    1480.34 1.4115e+03  51837.763    474.722 1621945841       0.25     -0.850   40.27474  -71.97090 0.0000e+00
     33.739     8.0766    32.8450  1025.7262     2.4984     6.6658     99.967    0.00264    6.66802    6.67441      8.044     0.5293   12.00784   3.428329 1.0117e+00    25.5710    25.5706 2.1661e+01     34.000          1      11505    1480.65 2.0744e+03  51818.743    479.318 1621945846      -0.13     -0.089   40.27474  -71.97090 0.0000e+00
     33.248     8.1009    32.8460  1025.7211     2.5021     6.6623    100.150    0.00307    6.65232    6.65846      8.045     0.4877   11.98201   3.430816 1.0701e+00    25.5682    25.5677 2.1840e+01     33.500          1      11538    1480.74 2.0411e+03  51814.078    480.716 1621945847      -0.12     -0.293   40.27474  -71.97089 0.0000e+00
     32.751     8.1285    32.8484  1025.7166     2.5055     6.6740    100.358    0.00354    6.65019    6.65631      8.048     0.5149   11.97848   3.433471 1.3392e+00    25.5661    25.5656 2.3104e+01     33.000          1      11555    1480.84 1.8027e+03  51810.844    481.431 1621945848      -0.30     -0.450   40.27474  -71.97088 0.0000e+00
     32.246     8.1522    32.8467  1025.7095     2.5094     6.6901    100.647    0.00469    6.64709    6.65315      8.048     0.5238   11.97338   3.435537 3.3405e+00    25.5613    25.5608 2.4763e+01     32.500          1      11569    1480.92 7.6486e+02  51802.165    481.998 1621945848      -0.36     -0.651   40.27474  -71.97088 0.0000e+00
     31.742     8.1937    32.8431  1025.6982     2.5135     6.7068    100.962    0.00596    6.64284    6.64884      8.050     0.5240   11.96636   3.438964 1.7016e+00    25.5523    25.5519 2.6646e+01     32.000          1      11584    1481.06 1.6929e+03  51787.228    482.624 1621945849      -0.14     -0.812   40.27474  -71.97088 0.0000e+00
     31.251     8.2678    32.8370  1025.6802     2.5237     6.7508    101.640    0.00785    6.64191    6.64790      8.053     0.5027   11.96480   3.444922 1.4616e+00    25.5366    25.5361 2.8198e+01     31.500          1      11613    1481.32 1.9603e+03  51761.529    483.829 1621945850       0.28     -0.578   40.27474  -71.97088 0.0000e+00
     30.758     8.3444    32.8344  1025.6644     2.5373     6.7668    101.955    0.00417    6.63710    6.64302      8.055     0.4307   11.95690   3.451315 3.4398e+00    25.5231    25.5227 3.0362e+01     31.000          1      11692    1481.60 1.1652e+03  51739.688    487.146 1621945853      -0.13     -0.136   40.27474  -71.97087 0.0000e+00
     30.265     8.3660    32.8356  1025.6598     2.5445     6.7597    102.119    0.00263    6.61949    6.62514      8.057     0.3262   11.92792   3.453144 1.8691e+00    25.5208    25.5204 3.2302e+01     30.500          1      11762    1481.68 1.7834e+03  51736.255    490.034 1621945856      -0.16     -0.348   40.27473  -71.97086 0.0000e+00
     29.769     8.3908    32.8312  1025.6504     2.5541     6.8148    102.993    0.00703    6.61681    6.62243      8.060     0.3837   11.92342   3.454873 1.6470e+00    25.5137    25.5133 3.3700e+01     30.000          1      11786    1481.75 2.0439e+03  51724.167    491.062 1621945857      -0.07     -0.434   40.27472  -71.97086 0.0000e+00
     29.265     8.4300    32.8235  1025.6361     2.5609     6.8491    103.441    0.00811    6.62123    6.62692      8.062     0.3814   11.93073   3.457962 2.1737e+00    25.5018    25.5014 3.5503e+01     29.500          1      11811    1481.88 1.7465e+03  51703.990    492.067 1621945858      -0.02     -0.502   40.27472  -71.97085 0.0000e+00
     28.774     8.5550    32.8231  1025.6147     2.5740     6.8242    103.607    0.00377    6.58660    6.59178      8.061     0.3074   11.87350   3.469159 2.2101e+00    25.4827    25.4822 3.8905e+01     29.000          1      11938    1482.35 1.8491e+03  51675.146    497.393 1621945864      -0.15     -0.320   40.27472  -71.97082 0.0000e+00
     28.278     8.6290    32.8220  1025.6003     2.5784     6.8264    103.790    0.00362    6.57716    6.58221      8.062     0.3081   11.85785   3.475505 1.9661e+00    25.4706    25.4701 4.0076e+01     28.500          1      11983    1482.61 2.0399e+03  51657.015    499.243 1621945866      -0.06     -0.461   40.27472  -71.97082 0.0000e+00
     27.780     8.7243    32.8229  1025.5840     2.5777     6.8068    103.491    0.00064    6.57718    6.58224      8.064     0.3005   11.85782   3.484313 6.4825e+00    25.4567    25.4563 4.1640e+01     28.000          1      12011    1482.96 8.3154e+02  51636.873    500.406 1621945867       0.04     -0.457   40.27472  -71.97082 0.0000e+00
