CalculateIndicators/WaterTemperature/Data/CTD_NYOS/20210324_C23.cnv
* Sea-Bird SBE 9 Data File:
* FileName = C:\Seabird 9 CTD\Data\2021\202103_offshore\20210324_C23.hex
* Software Version Seasave V 7.23.2
* Temperature SN = 4590
* Conductivity SN = 3228
* Number of Bytes Per Scan = 44
* Number of Voltage Words = 5
* Number of Scans Averaged by the Deck Unit = 1
* NMEA Latitude = 39 14.27 N
* NMEA Longitude = 072 17.73 W
* NMEA UTC (Time) = Mar 24 2021  07:34:23
* NMEA baud rate = 4800
** Ship: RV Seawolf
** Station: 4.6
** Operator: TDK
# nquan = 31
# nvalues = 601                         
# units = specified
# name 0 = depSM: Depth [salt water, m]
# name 1 = t090C: Temperature [ITS-90, deg C]
# name 2 = sal00: Salinity, Practical [PSU]
# name 3 = density00: Density [density, kg/m^3]
# name 4 = sbeox0V: Oxygen raw, SBE 43 [V]
# name 5 = sbeox0ML/L: Oxygen, SBE 43 [ml/l]
# name 6 = sbeox0PS: Oxygen, SBE 43 [% saturation]
# name 7 = sbox0dV/dT: Oxygen, SBE 43 [dov/dt]
# name 8 = oxsolML/L: Oxygen Saturation, Garcia & Gordon [ml/l]
# name 9 = oxsatML/L: Oxygen Saturation, Weiss [ml/l]
# name 10 = ph: pH
# name 11 = flECO-AFL: Fluorescence, WET Labs ECO-AFL/FL [mg/m^3]
# name 12 = n2satML/L: Nitrogen Saturation [ml/l]
# name 13 = c0S/m: Conductivity [S/m]
# name 14 = cpar: CPAR/Corrected Irradiance [%]
# name 15 = sigma-é00: Density [sigma-theta, kg/m^3]
# name 16 = sigma-t00: Density [sigma-t, kg/m^3 ]
# name 17 = par: PAR/Irradiance, Biospherical/Licor
# name 18 = prDM: Pressure, Digiquartz [db]
# name 19 = pumps: Pump Status
# name 20 = scan: Scan Count
# name 21 = svCM: Sound Velocity [Chen-Millero, m/s]
# name 22 = spar: SPAR, Biospherical/Licor
# name 23 = specc: Specific Conductance [uS/cm]
# name 24 = timeS: Time, Elapsed [seconds]
# name 25 = timeY: Time, System [seconds]
# name 26 = accM: Acceleration [m/s^2]
# name 27 = dz/dtM: Descent Rate [m/s]
# name 28 = latitude: Latitude [deg]
# name 29 = longitude: Longitude [deg]
# name 30 = flag: flag
# span 0 =      2.939,    300.494       
# span 1 =    10.4038,    14.2772       
# span 2 =    35.3588,    35.7264       
# span 3 =  1026.6164,  1028.5256       
# span 4 =     1.4079,     2.6170       
# span 5 =     2.8811,     5.9814       
# span 6 =     46.803,    104.017       
# span 7 =   -0.03306,    0.02114       
# span 8 =    5.75336,    6.24580       
# span 9 =    5.74976,    6.24855       
# span 10 =      8.334,      8.630      
# span 11 =    -0.0765,     2.5135      
# span 12 =   10.46285,   11.28020      
# span 13 =   3.896255,   4.287611      
# span 14 = -1.513e+04, 1.0299e+05      
# span 15 =    26.6025,    27.1684      
# span 16 =    26.6022,    27.1620      
# span 17 = 1.0000e-12, 1.0000e-12      
# span 18 =      3.000,    303.000      
# span 19 =          1,          1      
# span 20 =        160,      65838      
# span 21 =    1496.66,    1505.93      
# span 22 = -5.907e-02, 2.2736e+00      
# span 23 =  54570.078,  55023.201      
# span 24 =      6.630,   2743.212      
# span 25 = 1616571270, 1616574007      
# span 26 =      -1.05,       1.06      
# span 27 =     -1.822,      1.713      
# span 28 =   39.23516,   39.23796      
# span 29 =  -72.31403,  -72.29565      
# span 30 = 0.0000e+00, 0.0000e+00      
# interval = decibars: 1                
# start_time = Mar 24 2021 07:34:24 [System UTC, first data scan.]
# bad_flag = -9.990e-29
*END*
[from data line 375]
    226.139    12.3892    35.5940  1027.9934     1.5048     3.0736     51.376    0.00063    5.97697    5.97619      8.378    -0.0581   10.83306   4.109249 -5.377e+03    26.9810    26.9750 1.0000e-12    228.000          1      38060    1502.62 2.0809e+00  54944.410   1585.779 1616572850      -0.48     -0.339   39.23624  -72.30622 0.0000e+00
    225.145    12.4264    35.5968  1027.9836     1.5074     3.0828     51.553    0.00123    5.97618    5.97539      8.382    -0.0586   10.83174   4.113142 3.3018e+04    26.9759    26.9699 1.0000e-12    227.000          1      38190    1502.73 1.3227e+00  54941.675   1591.210 1616572855       0.03     -0.655   39.23624  -72.30625 0.0000e+00
    224.154    12.4908    35.6059  1027.9733     1.5147     3.0983     51.930    0.00148    5.96793    5.96704      8.383    -0.0647   10.81800   4.120312 3.1078e+04    26.9703    26.9642 1.0000e-12    226.000          1      38979    1502.95 1.3610e+00  54943.410   1624.087 1616572888       0.15     -0.548   39.23621  -72.30646 0.0000e+00
    223.168    12.5895    35.6215  1027.9610     1.5258     3.1185     52.395    0.00069    5.95267    5.95159      8.390    -0.0577   10.79257   4.131479 6.0060e+02    26.9628    26.9568 1.0000e-12    225.000          1      40386    1503.28 1.9628e+00  54948.620   1682.718 1616572947      -0.37     -0.386   39.23618  -72.30683 0.0000e+00
    222.185    12.6087    35.6239  1027.9546     1.5292     3.1350     52.556    0.00080    5.94429    5.94310      8.392    -0.0519   10.77860   4.133575 5.0640e-11    26.9609    26.9548 1.0000e-12    224.000          1      40515    1503.33 1.9747e+00  54948.298   1688.075 1616572952      -0.05     -0.293   39.23616  -72.30685 0.0000e+00
    221.187    12.6330    35.6273  1027.9478     1.5334     3.1598     52.896    0.00243    5.94087    5.93964 -9.990e-29    -0.0530   10.77290   4.136568 5.0640e-11    26.9587    26.9527 1.0000e-12    223.000          1      40567    1503.40 1.9747e+00  54948.578   1690.266 1616572954      -0.60     -0.656   39.23616  -72.30688 0.0000e+00
    220.189    12.6926    35.6361  1027.9381     1.5427     3.1808     53.399    0.00309    5.93235    5.93102      8.402    -0.0526   10.75871   4.143238 5.0640e-11    26.9537    26.9477 1.0000e-12    222.000          1      40657    1503.59 1.9747e+00  54950.924   1694.011 1616572958      -0.07     -0.601   39.23615  -72.30690 0.0000e+00
    219.205    12.7538    35.6452  1027.9282     1.5568     3.2591     54.252    0.00521    5.91873    5.91723      8.405 -9.990e-29   10.73598   4.150161 5.0640e-11    26.9485    26.9425 1.0000e-12    221.000          1      40758    1503.79 1.9747e+00  54953.322   1698.210 1616572962      -0.23     -0.513   39.23614  -72.30694 0.0000e+00
    218.212    12.8373    35.6576  1027.9163     1.5835     3.3264     55.758    0.00739    5.91502    5.91349      8.409    -0.0542   10.72979   4.159908 5.0640e-11    26.9414    26.9354 1.0000e-12    220.000          1      40847    1504.07 1.9747e+00  54956.980   1701.926 1616572966      -0.03     -0.375   39.23614  -72.30695 0.0000e+00
    217.218    12.9090    35.6705  1027.9071     1.6070     3.3771     56.846    0.00655    5.90535    5.90369      8.414    -0.0533   10.71367   4.168120 5.0640e-11    26.9370    26.9309 1.0000e-12    219.000          1      40956    1504.31 1.9747e+00  54963.200   1706.461 1616572970      -0.04     -0.472   39.23613  -72.30698 0.0000e+00
    216.236    12.9685    35.6788  1027.8969     1.6247     3.4199     57.673    0.00587    5.89967    5.89794      8.418    -0.0440   10.70419   4.174694 5.0640e-11    26.9314    26.9253 1.0000e-12    218.000          1      41028    1504.50 1.9747e+00  54965.005   1709.478 1616572973      -0.20     -0.289   39.23612  -72.30700 0.0000e+00
    215.237    13.0102    35.6848  1027.8886     1.6369     3.4283     58.001    0.00239    5.89757    5.89582      8.419    -0.0514   10.70070   4.179276 5.0640e-11    26.9277    26.9216 1.0000e-12    217.000          1      41141    1504.63 1.9747e+00  54966.484   1714.158 1616572978      -0.05     -0.314   39.23612  -72.30703 0.0000e+00
    214.248    13.0377    35.6883  1027.8812     1.6449     3.4516     58.416    0.00271    5.89213    5.89032 -9.990e-29    -0.0348   10.69165   4.182248 5.0640e-11    26.9248    26.9188 1.0000e-12    216.000          1      41230    1504.70 1.9747e+00  54966.593   1717.855 1616572982      -0.14     -0.432   39.23611  -72.30706 0.0000e+00
    213.256    13.0675    35.6916  1027.8731     1.6529     3.4732     58.832    0.00302    5.89076    5.88892      8.425    -0.0427   10.68934   4.185494 5.0640e-11    26.9213    26.9152 1.0000e-12    215.000          1      41290    1504.79 1.9747e+00  54966.054   1720.376 1616572984       0.05     -0.361   39.23610  -72.30707 0.0000e+00
    212.264    13.0912    35.6967  1027.8677     1.6608     3.4877     59.127    0.00180    5.88909    5.88724      8.426    -0.0418   10.68656   4.188253 5.0640e-11    26.9204    26.9144 1.0000e-12    214.000          1      41380    1504.86 1.9747e+00  54968.910   1724.109 1616572988      -0.14     -0.316   39.23610  -72.30710 0.0000e+00
    211.283    13.1059    35.6998  1027.8627     1.6691     3.5362     59.624    0.00311    5.88126    5.87932      8.429    -0.0448   10.67352   4.190029 5.0640e-11    26.9199    26.9138 1.0000e-12    213.000          1      41489    1504.90 1.9747e+00  54970.488   1728.652 1616572992      -0.78     -0.547   39.23610  -72.30712 0.0000e+00
    210.268    13.1344    35.7027  1027.8544     1.6735     3.5430     60.019    0.00526    5.88169    5.87975      8.429    -0.0670   10.67422   4.193247 5.0640e-11    26.9162    26.9102 1.0000e-12    212.000          1      41505    1504.98 1.9747e+00  54969.591   1729.324 1616572993      -0.45     -1.070   39.23610  -72.30712 0.0000e+00
    209.277    13.1633    35.7072  1027.8475     1.6890     3.6047     60.790    0.00537    5.87692    5.87493      8.433    -0.0576   10.66629   4.196519 5.0640e-11    26.9138    26.9078 1.0000e-12    211.000          1      41595    1505.06 1.9747e+00  54970.963   1733.098 1616572997      -0.25     -0.894   39.23609  -72.30715 0.0000e+00
    208.292    13.2205    35.7127  1027.8354     1.7139     3.6650     62.127    0.00678    5.87095    5.86889      8.441    -0.0353   10.65636   4.202650 5.0640e-11    26.9064    26.9004 1.0000e-12    210.000          1      41710    1505.24 1.9747e+00  54969.504   1737.881 1616573002      -0.09     -0.732   39.23608  -72.30718 0.0000e+00
    207.314    13.2490    35.7159  1027.8276     1.7305     3.7078     62.820    0.00516    5.86812    5.86601      8.442    -0.0271   10.65164   4.205688 5.0640e-11    26.9031    26.8971 1.0000e-12    209.000          1      41792    1505.32 1.9747e+00  54969.269   1741.311 1616573005      -0.28     -0.627   39.23608  -72.30720 0.0000e+00
    206.300    13.2646    35.7172  1027.8208     1.7386     3.7194     63.226    0.00514    5.86767    5.86556      8.442    -0.0282   10.65089   4.207255 5.0640e-11    26.9009    26.8949 1.0000e-12    208.000          1      41847    1505.36 1.9747e+00  54968.083   1743.573 1616573007      -0.23     -0.877   39.23606  -72.30723 0.0000e+00
    205.320    13.2932    35.7197  1027.8124     1.7562     3.7695     64.071    0.00490    5.86350    5.86134      8.449    -0.0318   10.64397   4.210294 5.0640e-11    26.8969    26.8910 1.0000e-12    207.000          1      41981    1505.44 1.9747e+00  54966.832   1749.156 1616573013       0.11     -0.462   39.23605  -72.30727 0.0000e+00
    204.337    13.3185    35.7219  1027.8044     1.7756     3.8457     65.015    0.00492    5.85658    5.85433      8.451    -0.0409   10.63248   4.212932 5.0640e-11    26.8934    26.8875 1.0000e-12    206.000          1      42115    1505.51 1.9747e+00  54965.609   1754.763 1616573019      -0.45     -0.437   39.23604  -72.30730 0.0000e+00
    203.336    13.3468    35.7224  1027.7944     1.7896     3.8745     65.902    0.00730    5.85772    5.85549      8.452    -0.0411   10.63437   4.215842 5.0640e-11    26.8880    26.8820 1.0000e-12    205.000          1      42163    1505.59 1.9747e+00  54961.624   1756.764 1616573021       0.00     -0.605   39.23604  -72.30731 0.0000e+00
    202.348    13.3642    35.7249  1027.7883     1.8034     3.8812     66.215    0.00252    5.85601    5.85376      8.455    -0.0519   10.63153   4.217627 5.0640e-11    26.8863    26.8804 1.0000e-12    204.000          1      42290    1505.63 1.9747e+00  54961.963   1762.050 1616573026       0.00     -0.424   39.23602  -72.30735 0.0000e+00
    201.368    13.3729    35.7260  1027.7829     1.8117     3.9028     66.613    0.00250    5.85511    5.85285 -9.990e-29    -0.0340   10.63003   4.218526 5.0640e-11    26.8854    26.8795 1.0000e-12    203.000          1      42395    1505.64 1.9747e+00  54961.702   1766.408 1616573030      -0.40     -0.199   39.23602  -72.30738 0.0000e+00
    200.363    13.3752    35.7258  1027.7778     1.8156     3.9079     66.717    0.00140    5.85481    5.85254      8.455    -0.0381   10.62954   4.218635 4.5671e+04    26.8847    26.8788 1.0000e-12    202.000          1      42472    1505.63 1.0728e+00  54960.439   1769.638 1616573033      -0.23     -0.381   39.23602  -72.30740 0.0000e+00
    199.376    13.3777    35.7251  1027.7723     1.8201     3.9276     66.934    0.00146    5.85366    5.85137      8.456    -0.0278   10.62763   4.218783 -9.990e-29    26.8836    26.8778 1.0000e-12    201.000          1      42553    1505.62 -9.990e-29  54958.545   1773.021 1616573037       0.00     -0.401   39.23600  -72.30742 0.0000e+00
    198.387    13.3876    35.7258  1027.7663     1.8260     3.9462     67.322    0.00272    5.85258    5.85028      8.459    -0.0332   10.62584   4.219789 5.0640e-11    26.8821    26.8763 1.0000e-12    200.000          1      42610    1505.64 1.9747e+00  54957.490   1775.380 1616573039      -0.11     -0.425   39.23600  -72.30744 0.0000e+00
    197.390    13.3961    35.7263  1027.7605     1.8342     3.9651     67.655    0.00184    5.85239    5.85009      8.460    -0.0412   10.62553   4.220644 5.0640e-11    26.8807    26.8749 1.0000e-12    199.000          1      42699    1505.65 1.9747e+00  54956.452   1779.102 1616573043      -0.10     -0.359   39.23600  -72.30746 0.0000e+00
    196.408    13.4013    35.7264  1027.7551     1.8397     3.9797     67.843    0.00082    5.85363    5.85134      8.460    -0.0289   10.62761   4.221090 5.0640e-11    26.8797    26.8739 1.0000e-12    198.000          1      42796    1505.65 1.9747e+00  54955.211   1783.136 1616573047      -0.03     -0.347   39.23600  -72.30748 0.0000e+00
    195.404    13.3961    35.7245  1027.7502     1.8450     4.0040     68.191    0.00196    5.85346    5.85117      8.462    -0.0423   10.62734   4.220268 5.0640e-11    26.8792    26.8735 1.0000e-12    197.000          1      42850    1505.62 1.9747e+00  54952.728   1785.363 1616573049      -0.23     -0.488   39.23599  -72.30749 0.0000e+00
    194.417    13.3936    35.7213  1027.7438     1.8569     4.0469     68.829    0.00265    5.85483    5.85255      8.466    -0.0272   10.62968   4.219656 5.0640e-11    26.8772    26.8715 1.0000e-12    196.000          1      42962    1505.59 1.9747e+00  54948.032   1790.054 1616573054      -0.23     -0.316   39.23598  -72.30753 0.0000e+00
    193.426    13.3776    35.7123  1027.7358     1.8792     4.1427     70.207    0.00619    5.85858    5.85634      8.470    -0.0312   10.63608   4.216966 5.0640e-11    26.8735    26.8679 1.0000e-12    195.000          1      43055    1505.51 1.9747e+00  54937.469   1793.927 1616573058      -0.11     -0.291   39.23597  -72.30755 0.0000e+00
    192.435    13.3525    35.6968  1027.7246     1.9181     4.3564     72.738    0.01406    5.85758    5.85531      8.482    -0.0195   10.63461   4.212760 5.0640e-11    26.8667    26.8610 1.0000e-12    194.000          1      43136    1505.39 1.9747e+00  54919.188   1797.307 1616573061      -0.04     -0.384   39.23596  -72.30757 0.0000e+00
    191.445    13.3702    35.6789  1027.7026     1.9860     4.5032     76.668    0.02114    5.85593    5.85364      8.489    -0.0102   10.63190   4.212819 5.0640e-11    26.8491    26.8435 1.0000e-12    193.000          1      43218    1505.41 1.9747e+00  54891.411   1800.720 1616573065      -0.10     -0.277   39.23596  -72.30759 0.0000e+00
    190.453    13.3910    35.6798  1027.6945     2.0214     4.5629     77.311    0.00668    5.85083    5.84847      8.492     0.0012   10.62342   4.214982 5.0640e-11    26.8455    26.8399 1.0000e-12    192.000          1      43319    1505.47 1.9747e+00  54889.091   1804.914 1616573069      -0.56     -0.460   39.23595  -72.30760 0.0000e+00
    189.458    13.4190    35.6820  1027.6858     2.0417     4.5917     78.286    0.00627    5.84990    5.84754 -9.990e-29     0.0013   10.62189   4.217977 5.0640e-11    26.8414    26.8358 1.0000e-12    191.000          1      43393    1505.54 1.9747e+00  54887.445   1808.014 1616573072      -0.14     -0.498   39.23594  -72.30763 0.0000e+00
    188.467    13.4327    35.6823  1027.6788     2.0554     4.6232     78.787    0.00398    5.84904    5.84666 -9.990e-29     0.0058   10.62046   4.219257 5.0640e-11    26.8388    26.8332 1.0000e-12    190.000          1      43472    1505.57 1.9747e+00  54885.342   1811.299 1616573075       0.02     -0.496   39.23594  -72.30765 0.0000e+00
    187.479    13.4429    35.6822  1027.6722     2.0713     4.6568     79.561    0.00382    5.84820    5.84582      8.499    -0.0210   10.61908   4.220167 5.0640e-11    26.8366    26.8311 1.0000e-12    189.000          1      43578    1505.59 1.9747e+00  54883.241   1815.697 1616573080      -0.24     -0.243   39.23593  -72.30768 0.0000e+00
    186.480    13.4477    35.6822  1027.6667     2.0784     4.6804     79.808    0.00267    5.84632    5.84392 -9.990e-29    -0.0128   10.61597   4.220613 5.0640e-11    26.8356    26.8301 1.0000e-12    188.000          1      43655    1505.59 1.9747e+00  54882.016   1818.902 1616573083      -0.09     -0.729   39.23592  -72.30770 0.0000e+00
    185.496    13.4635    35.6826  1027.6593     2.0904     4.7158     80.531    0.00434    5.84564    5.84322      8.504     0.0105   10.61483   4.222194 5.0640e-11    26.8326    26.8272 1.0000e-12    187.000          1      43726    1505.62 1.9747e+00  54879.701   1821.881 1616573086       0.10     -0.306   39.23592  -72.30772 0.0000e+00
    184.503    13.4799    35.6824  1027.6513     2.1067     4.7582     81.294    0.00404    5.83990    5.83742      8.504     0.0133   10.60529   4.223776 5.0640e-11    26.8291    26.8236 1.0000e-12    186.000          1      43866    1505.66 1.9747e+00  54876.562   1827.709 1616573092      -0.08     -0.395   39.23592  -72.30776 0.0000e+00
    183.513    13.5041    35.6848  1027.6435     2.1163     4.7802     81.768    0.00417    5.83682    5.83430      8.508     0.0007   10.60014   4.226491 5.0640e-11    26.8258    26.8204 1.0000e-12    185.000          1      43924    1505.73 1.9747e+00  54875.774   1830.126 1616573094      -0.13     -0.472   39.23590  -72.30777 0.0000e+00
    182.520    13.5384    35.6903  1027.6361     2.1244     4.7931     82.032    0.00237    5.83620    5.83368      8.509     0.0084   10.59912   4.230360 5.0640e-11    26.8230    26.8176 1.0000e-12    184.000          1      44011    1505.83 1.9747e+00  54877.905   1833.746 1616573098       0.01     -0.338   39.23590  -72.30780 0.0000e+00
    181.531    13.5472    35.6919  1027.6311     2.1327     4.8304     82.445    0.00261    5.83375    5.83120      8.510     0.0062   10.59503   4.231298 5.0640e-11    26.8224    26.8170 1.0000e-12    183.000          1      44123    1505.84 1.9747e+00  54878.379   1838.398 1616573102      -0.11     -0.445   39.23590  -72.30784 0.0000e+00
