CalculateIndicators/WaterTemperature/Data/CTD_NYOS/20210322_C10.cnv
* Sea-Bird SBE 9 Data File:
* FileName = C:\Seabird 9 CTD\Data\2021\202103_offshore\20210322_C10.hex
* Software Version Seasave V 7.23.2
* Temperature SN = 4590
* Conductivity SN = 3228
* Number of Bytes Per Scan = 44
* Number of Voltage Words = 5
* Number of Scans Averaged by the Deck Unit = 1
* NMEA Latitude = 39 08.04 N
* NMEA Longitude = 072 56.51 W
* NMEA UTC (Time) = Mar 22 2021  11:40:45
* NMEA baud rate = 4800
** Ship: RV Seawolf
** Station: 6.5
** Operator: TCM
# nquan = 31
# nvalues = 151                         
# units = specified
# name 0 = depSM: Depth [salt water, m]
# name 1 = t090C: Temperature [ITS-90, deg C]
# name 2 = sal00: Salinity, Practical [PSU]
# name 3 = density00: Density [density, kg/m^3]
# name 4 = sbeox0V: Oxygen raw, SBE 43 [V]
# name 5 = sbeox0ML/L: Oxygen, SBE 43 [ml/l]
# name 6 = sbeox0PS: Oxygen, SBE 43 [% saturation]
# name 7 = sbox0dV/dT: Oxygen, SBE 43 [dov/dt]
# name 8 = oxsolML/L: Oxygen Saturation, Garcia & Gordon [ml/l]
# name 9 = oxsatML/L: Oxygen Saturation, Weiss [ml/l]
# name 10 = ph: pH
# name 11 = flECO-AFL: Fluorescence, WET Labs ECO-AFL/FL [mg/m^3]
# name 12 = n2satML/L: Nitrogen Saturation [ml/l]
# name 13 = c0S/m: Conductivity [S/m]
# name 14 = cpar: CPAR/Corrected Irradiance [%]
# name 15 = sigma-é00: Density [sigma-theta, kg/m^3]
# name 16 = sigma-t00: Density [sigma-t, kg/m^3 ]
# name 17 = par: PAR/Irradiance, Biospherical/Licor
# name 18 = prDM: Pressure, Digiquartz [db]
# name 19 = pumps: Pump Status
# name 20 = scan: Scan Count
# name 21 = svCM: Sound Velocity [Chen-Millero, m/s]
# name 22 = spar: SPAR, Biospherical/Licor
# name 23 = specc: Specific Conductance [uS/cm]
# name 24 = timeS: Time, Elapsed [seconds]
# name 25 = timeY: Time, System [seconds]
# name 26 = accM: Acceleration [m/s^2]
# name 27 = dz/dtM: Descent Rate [m/s]
# name 28 = latitude: Latitude [deg]
# name 29 = longitude: Longitude [deg]
# name 30 = flag: flag
# span 0 =      1.974,     76.411       
# span 1 =     9.6498,    10.1641       
# span 2 =    34.2218,    34.4475       
# span 3 =  1026.4077,  1026.8394       
# span 4 =     2.4400,     2.5603       
# span 5 =     6.1194,     6.5184       
# span 6 =     96.879,    102.230       
# span 7 =   -0.00828,    0.00900       
# span 8 =    6.31134,    6.39291       
# span 9 =    6.31420,    6.39677       
# span 10 =      8.540,      8.568      
# span 11 =     0.2934,     2.0978      
# span 12 =   11.39903,   11.53601      
# span 13 =   3.702587,   3.774249      
# span 14 = -1.936e-05, 1.7162e+01      
# span 15 =    26.3987,    26.4940      
# span 16 =    26.3987,    26.4925      
# span 17 = -1.769e-04, 1.5733e+02      
# span 18 =      2.000,     77.000      
# span 19 =          1,          1      
# span 20 =        185,      16031      
# span 21 =    1487.74,    1491.00      
# span 22 = 8.2382e+02, 1.0559e+03      
# span 23 =  53390.802,  53655.014      
# span 24 =      7.675,    667.912      
# span 25 = 1616413254, 1616413914      
# span 26 =      -0.58,       0.69      
# span 27 =     -0.863,      1.023      
# span 28 =   39.13388,   39.13400      
# span 29 =  -72.94375,  -72.94192      
# span 30 = 0.0000e+00, 0.0000e+00      
# interval = decibars: 1                
# start_time = Mar 22 2021 11:40:46 [System UTC, first data scan.]
# bad_flag = -9.990e-29
*END*
[from data line 141]
     10.916     9.6721    34.2228  1026.4500     2.5507     6.5014    101.669    0.00007    6.39210    6.39589 -9.990e-29     0.6865   11.53527   3.702990 1.5780e+00    26.4003    26.4001 1.6144e+01     11.000          1      13511    1487.88 1.0235e+03  53397.645    562.916 1616413809       0.06     -0.450   39.13388  -72.94344 0.0000e+00
      9.918     9.6709    34.2218  1026.4448     2.5525     6.5019    101.757    0.00004    6.39209    6.39588      8.568     0.6869   11.53524   3.702793 1.8424e+00    26.3997    26.3995 1.8540e+01     10.000          1      14124    1487.86 1.0067e+03  53395.777    588.454 1616413835       0.00     -0.320   39.13388  -72.94351 0.0000e+00
      8.932     9.6690    34.2220  1026.4409     2.5530     6.5049    101.774    0.00022    6.39222    6.39601 -9.990e-29     0.6593   11.53546   3.702605 2.0503e+00    26.4002    26.4000 2.1068e+01      9.000          1      15197    1487.84 1.0273e+03  53395.905    633.177 1616413880       0.10     -0.344   39.13388  -72.94364 0.0000e+00
      7.937     9.6697    34.2221  1026.4362     2.5536     6.5027    101.745   -0.00024    6.39210    6.39589 -9.990e-29     0.6722   11.53526   3.702634 2.3875e+00    26.4001    26.4000 2.4907e+01      8.000          1      15237    1487.82 1.0431e+03  53395.172    634.836 1616413881      -0.03     -0.396   39.13388  -72.94364 0.0000e+00
      6.946     9.6702    34.2221  1026.4316     2.5532     6.5035    101.721   -0.00015    6.39197    6.39576 -9.990e-29     0.6851   11.53506   3.702637 2.6263e+00    26.4000    26.3999 2.7386e+01      7.000          1      15343    1487.81 1.0429e+03  53394.459    639.260 1616413886      -0.28     -0.217   39.13388  -72.94367 0.0000e+00
      5.952     9.6702    34.2220  1026.4270     2.5541     6.5048    101.791    0.00028    6.39162    6.39540 -9.990e-29     0.6642   11.53446   3.702587 3.3477e+00    26.3999    26.3998 3.5030e+01      6.000          1      15431    1487.79 1.0465e+03  53393.612    642.927 1616413889      -0.09     -0.469   39.13388  -72.94368 0.0000e+00
      4.960     9.6736    34.2230  1026.4227     2.5550     6.5091    101.823    0.00029    6.39158    6.39536      8.567     0.6489   11.53439   3.702970 3.9228e+00    26.4001    26.4000 4.1456e+01      5.000          1      15528    1487.79 1.0559e+03  53393.721    646.946 1616413893      -0.15     -0.258   39.13388  -72.94370 0.0000e+00
      3.978     9.6737    34.2231  1026.4183     2.5562     6.5101    101.850    0.00019    6.39161    6.39539      8.567     0.6710   11.53445   3.702929 4.3826e+00    26.4001    26.4001 4.5924e+01      4.000          1      15620    1487.77 1.0482e+03  53393.153    650.811 1616413897      -0.50     -0.221   39.13388  -72.94370 0.0000e+00
      2.974     9.6735    34.2230  1026.4136     2.5566     6.5092    101.870    0.00020    6.39159    6.39537      8.567     0.6405   11.53441   3.702851 6.2733e+00    26.4001    26.4000 6.5616e+01      3.000          1      15675    1487.76 1.0451e+03  53392.439    653.077 1616413899      -0.15     -0.365   39.13388  -72.94372 0.0000e+00
      1.974     9.6743    34.2227  1026.4087     2.5567     6.5099    101.855   -0.00001    6.39146    6.39524      8.566     0.5986   11.53419   3.702850 1.5436e+01    26.3997    26.3997 1.5733e+02      2.000          1      16031    1487.74 1.0109e+03  53391.191    667.912 1616413914      -0.15     -0.261   39.13388  -72.94375 0.0000e+00
