CalculateIndicators/WaterTemperature/Data/CTD_NYOS/20210322_C10.cnv
* Sea-Bird SBE 9 Data File:
* FileName = C:\Seabird 9 CTD\Data\2021\202103_offshore\20210322_C10.hex
* Software Version Seasave V 7.23.2
* Temperature SN = 4590
* Conductivity SN = 3228
* Number of Bytes Per Scan = 44
* Number of Voltage Words = 5
* Number of Scans Averaged by the Deck Unit = 1
* NMEA Latitude = 39 08.04 N
* NMEA Longitude = 072 56.51 W
* NMEA UTC (Time) = Mar 22 2021  11:40:45
* NMEA baud rate = 4800
** Ship: RV Seawolf
** Station: 6.5
** Operator: TCM
# nquan = 31
# nvalues = 151                         
# units = specified
# name 0 = depSM: Depth [salt water, m]
# name 1 = t090C: Temperature [ITS-90, deg C]
# name 2 = sal00: Salinity, Practical [PSU]
# name 3 = density00: Density [density, kg/m^3]
# name 4 = sbeox0V: Oxygen raw, SBE 43 [V]
# name 5 = sbeox0ML/L: Oxygen, SBE 43 [ml/l]
# name 6 = sbeox0PS: Oxygen, SBE 43 [% saturation]
# name 7 = sbox0dV/dT: Oxygen, SBE 43 [dov/dt]
# name 8 = oxsolML/L: Oxygen Saturation, Garcia & Gordon [ml/l]
# name 9 = oxsatML/L: Oxygen Saturation, Weiss [ml/l]
# name 10 = ph: pH
# name 11 = flECO-AFL: Fluorescence, WET Labs ECO-AFL/FL [mg/m^3]
# name 12 = n2satML/L: Nitrogen Saturation [ml/l]
# name 13 = c0S/m: Conductivity [S/m]
# name 14 = cpar: CPAR/Corrected Irradiance [%]
# name 15 = sigma-é00: Density [sigma-theta, kg/m^3]
# name 16 = sigma-t00: Density [sigma-t, kg/m^3 ]
# name 17 = par: PAR/Irradiance, Biospherical/Licor
# name 18 = prDM: Pressure, Digiquartz [db]
# name 19 = pumps: Pump Status
# name 20 = scan: Scan Count
# name 21 = svCM: Sound Velocity [Chen-Millero, m/s]
# name 22 = spar: SPAR, Biospherical/Licor
# name 23 = specc: Specific Conductance [uS/cm]
# name 24 = timeS: Time, Elapsed [seconds]
# name 25 = timeY: Time, System [seconds]
# name 26 = accM: Acceleration [m/s^2]
# name 27 = dz/dtM: Descent Rate [m/s]
# name 28 = latitude: Latitude [deg]
# name 29 = longitude: Longitude [deg]
# name 30 = flag: flag
# span 0 =      1.974,     76.411       
# span 1 =     9.6498,    10.1641       
# span 2 =    34.2218,    34.4475       
# span 3 =  1026.4077,  1026.8394       
# span 4 =     2.4400,     2.5603       
# span 5 =     6.1194,     6.5184       
# span 6 =     96.879,    102.230       
# span 7 =   -0.00828,    0.00900       
# span 8 =    6.31134,    6.39291       
# span 9 =    6.31420,    6.39677       
# span 10 =      8.540,      8.568      
# span 11 =     0.2934,     2.0978      
# span 12 =   11.39903,   11.53601      
# span 13 =   3.702587,   3.774249      
# span 14 = -1.936e-05, 1.7162e+01      
# span 15 =    26.3987,    26.4940      
# span 16 =    26.3987,    26.4925      
# span 17 = -1.769e-04, 1.5733e+02      
# span 18 =      2.000,     77.000      
# span 19 =          1,          1      
# span 20 =        185,      16031      
# span 21 =    1487.74,    1491.00      
# span 22 = 8.2382e+02, 1.0559e+03      
# span 23 =  53390.802,  53655.014      
# span 24 =      7.675,    667.912      
# span 25 = 1616413254, 1616413914      
# span 26 =      -0.58,       0.69      
# span 27 =     -0.863,      1.023      
# span 28 =   39.13388,   39.13400      
# span 29 =  -72.94375,  -72.94192      
# span 30 = 0.0000e+00, 0.0000e+00      
# interval = decibars: 1                
# start_time = Mar 22 2021 11:40:46 [System UTC, first data scan.]
# bad_flag = -9.990e-29
*END*
[from data line 94]
     57.552     9.7307    34.3000  1026.7136     2.4775     6.2988     98.697    0.00070    6.38217    6.38589 -9.990e-29     0.4485   11.51795   3.718026 1.0386e-13    26.4518    26.4507 1.0000e-12     58.000          1       7706    1488.96 9.6285e+02  53524.095    321.059 1616413567      -0.01     -0.370   39.13396  -72.94278 0.0000e+00
     56.564     9.7195    34.2975  1026.7089     2.4781     6.2941     98.651    0.00008    6.38332    6.38705 -9.990e-29     0.3930   11.51989   3.716700 1.0570e-13    26.4517    26.4506 1.0000e-12     57.000          1       7774    1488.90 9.4604e+02  53522.196    323.889 1616413570       0.01     -0.341   39.13396  -72.94278 0.0000e+00
     55.568     9.7151    34.2957  1026.7038     2.4769     6.2866     98.531   -0.00065    6.38368    6.38742 -9.990e-29     0.4195   11.52051   3.716064 1.0542e-13    26.4510    26.4499 1.0000e-12     56.000          1       7814    1488.87 9.4863e+02  53519.948    325.552 1616413572      -0.32     -0.581   39.13396  -72.94278 0.0000e+00
     54.570     9.7113    34.2940  1026.6985     2.4755     6.2860     98.454   -0.00061    6.38395    6.38769      8.554     0.4175   11.52096   3.715518 1.0457e-13    26.4503    26.4492 1.0000e-12     55.000          1       7872    1488.83 9.5647e+02  53517.716    327.959 1616413574      -0.13     -0.560   39.13396  -72.94279 0.0000e+00
     53.578     9.7077    34.2929  1026.6937     2.4744     6.2838     98.421   -0.00016    6.38485    6.38861      8.554     0.4521   11.52247   3.715050 1.1188e-04    26.4500    26.4490 1.0862e-03     54.000          1       7946    1488.80 9.7181e+02  53516.223    331.043 1616413577      -0.45     -0.661   39.13396  -72.94280 0.0000e+00
     52.588     9.7039    34.2920  1026.6892     2.4739     6.2790     98.376   -0.00028    6.38496    6.38871      8.554     0.4279   11.52265   3.714561 1.1753e-03    26.4499    26.4489 1.1049e-02     53.000          1       7999    1488.77 9.4722e+02  53515.169    333.254 1616413580       0.12     -0.492   39.13396  -72.94281 0.0000e+00
     51.604     9.7005    34.2907  1026.6842     2.4727     6.2797     98.325   -0.00000    6.38505    6.38880      8.554     0.4342   11.52280   3.714118 2.5532e-03    26.4494    26.4485 2.4930e-02     52.000          1       8109    1488.74 9.7557e+02  53513.422    337.841 1616413584      -0.12     -0.104   39.13396  -72.94282 0.0000e+00
     50.600     9.7004    34.2905  1026.6795     2.4721     6.2744     98.270   -0.00036    6.38523    6.38898      8.554     0.3879   11.52310   3.714038 4.7471e-03    26.4493    26.4483 4.5038e-02     51.000          1       8239    1488.73 9.5214e+02  53512.516    343.241 1616413590      -0.04     -0.425   39.13396  -72.94283 0.0000e+00
     49.604     9.6993    34.2901  1026.6748     2.4724     6.2733     98.330    0.00053    6.38539    6.38915      8.554     0.3584   11.52338   3.713861 6.3832e-03    26.4491    26.4482 6.2934e-02     50.000          1       9643    1488.70 9.8750e+02  53511.492    401.763 1616413648      -0.57     -0.709   39.13394  -72.94302 0.0000e+00
     48.619     9.6987    34.2900  1026.6703     2.4720     6.2677     98.224   -0.00033    6.38535    6.38911 -9.990e-29     0.3807   11.52331   3.713748 8.7435e-03    26.4491    26.4482 8.5473e-02     49.000          1       9673    1488.69 9.7832e+02  53510.835    402.989 1616413649       0.23     -0.813   39.13394  -72.94302 0.0000e+00
     47.629     9.6982    34.2900  1026.6659     2.4700     6.2627     98.096   -0.00057    6.38534    6.38910      8.553     0.3514   11.52329   3.713669 1.1716e-02    26.4492    26.4483 1.1496e-01     48.000          1       9747    1488.67 9.8071e+02  53510.320    406.099 1616413653       0.03     -0.319   39.13394  -72.94303 0.0000e+00
     46.648     9.6989    34.2900  1026.6613     2.4690     6.2607     98.054   -0.00012    6.38550    6.38927      8.553     0.4210   11.52357   3.713695 1.4260e-02    26.4491    26.4482 1.4416e-01     47.000          1       9831    1488.65 1.0118e+03  53509.536    409.581 1616413656      -0.20     -0.344   39.13394  -72.94304 0.0000e+00
     45.644     9.6986    34.2901  1026.6568     2.4688     6.2599     98.047   -0.00014    6.38595    6.38972      8.553     0.3963   11.52431   3.713625 1.8502e-02    26.4492    26.4483 1.8215e-01     46.000          1       9855    1488.64 9.8510e+02  53509.047    410.591 1616413657      -0.34     -0.737   39.13394  -72.94304 0.0000e+00
     44.649     9.6973    34.2898  1026.6523     2.4681     6.2570     97.988   -0.00035    6.38596    6.38972      8.552     0.3674   11.52432   3.713420 2.2963e-02    26.4492    26.4483 2.1898e-01     45.000          1       9901    1488.61 9.5496e+02  53508.295    412.506 1616413659       0.08     -0.645   39.13394  -72.94304 0.0000e+00
     43.662     9.6948    34.2892  1026.6477     2.4680     6.2645     98.004    0.00021    6.38588    6.38965      8.553     0.3352   11.52421   3.713089 2.5974e-02    26.4490    26.4482 2.6422e-01     44.000          1       9991    1488.59 1.0171e+03  53507.265    416.248 1616413663      -0.39     -0.432   39.13394  -72.94306 0.0000e+00
     42.670     9.6947    34.2889  1026.6430     2.4691     6.2612     98.104    0.00077    6.38583    6.38960      8.552     0.3804   11.52412   3.713013 3.0739e-02    26.4489    26.4481 3.0803e-01     43.000          1      10028    1488.57 1.0027e+03  53506.321    417.808 1616413664       0.03     -0.656   39.13394  -72.94306 0.0000e+00
     41.676     9.6952    34.2889  1026.6384     2.4693     6.2631     98.061    0.00026    6.38578    6.38954      8.552     0.3711   11.52403   3.713021 3.7198e-02    26.4487    26.4479 3.5901e-01     42.000          1      10085    1488.55 9.6603e+02  53505.531    420.162 1616413667       0.12     -0.408   39.13394  -72.94306 0.0000e+00
     40.690     9.6959    34.2889  1026.6337     2.4707     6.2634     98.121    0.00044    6.38579    6.38956      8.552     0.3424   11.52405   3.713036 4.1959e-02    26.4486    26.4478 4.1868e-01     41.000          1      10162    1488.54 9.9769e+02  53504.737    423.367 1616413670      -0.23     -0.339   39.13394  -72.94306 0.0000e+00
     39.688     9.6958    34.2889  1026.6292     2.4701     6.2605     98.035   -0.00018    6.38576    6.38952      8.552     0.3344   11.52400   3.712983 4.8087e-02    26.4486    26.4479 4.8186e-01     40.000          1      10198    1488.53 1.0022e+03  53504.122    424.870 1616413671      -0.03     -0.614   39.13394  -72.94306 0.0000e+00
     38.705     9.6959    34.2888  1026.6246     2.4706     6.2608     98.070    0.00016    6.38563    6.38939      8.552     0.3287   11.52378   3.712933 5.6315e-02    26.4485    26.4478 5.5083e-01     39.000          1      10272    1488.51 9.7773e+02  53503.311    427.948 1616413674       0.09     -0.249   39.13394  -72.94308 0.0000e+00
     37.705     9.6957    34.2887  1026.6200     2.4703     6.2605     98.019   -0.00017    6.38527    6.38903      8.552     0.3501   11.52320   3.712872 6.4732e-02    26.4484    26.4477 6.3547e-01     38.000          1      10320    1488.49 9.8170e+02  53502.544    429.948 1616413676      -0.31     -0.529   39.13394  -72.94308 0.0000e+00
     36.717     9.6989    34.2891  1026.6152     2.4713     6.2664     98.107    0.00048    6.38528    6.38903      8.553     0.3389   11.52320   3.713164 7.2222e-02    26.4481    26.4474 7.1501e-01     37.000          1      10380    1488.49 9.8996e+02  53501.773    432.439 1616413679       0.16     -0.399   39.13394  -72.94310 0.0000e+00
     35.724     9.6997    34.2888  1026.6103     2.4722     6.2657     98.136    0.00038    6.38550    6.38926      8.553     0.4490   11.52358   3.713154 8.4562e-02    26.4478    26.4471 8.3909e-01     36.000          1      10438    1488.47 9.9236e+02  53500.571    434.881 1616413681      -0.03     -0.450   39.13394  -72.94310 0.0000e+00
     34.732     9.6981    34.2883  1026.6057     2.4726     6.2661     98.109    0.00005    6.38582    6.38958      8.553     0.3401   11.52411   3.712915 9.5342e-02    26.4477    26.4470 9.4101e-01     35.000          1      10507    1488.45 9.8701e+02  53499.619    437.760 1616413684       0.05     -0.308   39.13394  -72.94311 0.0000e+00
     33.747     9.6969    34.2879  1026.6011     2.4735     6.2728     98.177    0.00057    6.38642    6.39019 -9.990e-29     0.3290   11.52512   3.712709 1.0323e-01    26.4475    26.4468 1.0284e+00     34.000          1      10574    1488.43 9.9631e+02  53498.595    440.560 1616413687      -0.44     -0.392   39.13394  -72.94312 0.0000e+00
     32.744     9.6948    34.2868  1026.5960     2.4740     6.2715     98.216    0.00066    6.38679    6.39057 -9.990e-29     0.3247   11.52575   3.712339 1.1907e-01    26.4470    26.4464 1.1732e+00     33.000          1      10599    1488.40 9.8545e+02  53496.881    441.564 1616413688      -0.27     -0.834   39.13394  -72.94312 0.0000e+00
     31.753     9.6910    34.2854  1026.5910     2.4748     6.2701     98.208    0.00028    6.38799    6.39178      8.551     0.3137   11.52776   3.711817 1.3621e-01    26.4465    26.4459 1.3568e+00     32.000          1      10678    1488.37 9.9582e+02  53494.986    444.888 1616413691       0.01     -0.368   39.13394  -72.94313 0.0000e+00
     30.769     9.6846    34.2835  1026.5861     2.4727     6.2419     97.940   -0.00136    6.39054    6.39436      8.548     0.3594   11.53201   3.710934 1.4977e-01    26.4460    26.4455 1.5116e+00     31.000          1      10762    1488.33 1.0095e+03  53492.979    448.368 1616413695      -0.38     -0.402   39.13394  -72.94314 0.0000e+00
     29.769     9.6749    34.2822  1026.5821     2.4685     6.2211     97.599   -0.00288    6.39240    6.39624      8.546     0.3319   11.53514   3.709835 1.6971e-01    26.4467    26.4461 1.6672e+00     30.000          1      10788    1488.28 9.8272e+02  53492.618    449.453 1616413696      -0.22     -0.792   39.13394  -72.94314 0.0000e+00
     28.772     9.6680    34.2802  1026.5771     2.4632     6.2005     97.242   -0.00397    6.39291    6.39677      8.545     0.3568   11.53601   3.708941 1.9897e-01    26.4462    26.4456 1.8950e+00     29.000          1      10819    1488.23 9.5310e+02  53490.405    450.753 1616413697       0.12     -0.822   39.13392  -72.94314 0.0000e+00
     27.788     9.6498    34.2730  1026.5700     2.4531     6.2005     96.914   -0.00173    6.39196    6.39579      8.545     0.3257   11.53442   3.706545 2.1681e-01    26.4435    26.4430 2.1864e+00     28.000          1      10913    1488.16 1.0090e+03  53483.486    454.656 1616413701      -0.06     -0.188   39.13392  -72.94314 0.0000e+00
     26.798     9.6546    34.2731  1026.5648     2.4538     6.2121     97.137    0.00063    6.39122    6.39505 -9.990e-29     0.3285   11.53320   3.707034 2.4103e-01    26.4429    26.4424 2.4238e+00     27.000          1      10973 -9.990e-29 1.0058e+03  53482.063    457.170 1616413704      -0.12     -0.536   39.13392  -72.94315 0.0000e+00
     25.794     9.6587    34.2738  1026.5601     2.4549     6.2119     97.207    0.00083    6.39089    6.39471 -9.990e-29     0.2945   11.53265   3.707447 2.8242e-01    26.4427    26.4422 2.7643e+00     26.000          1      11003    1488.14 9.7950e+02  53481.545    458.419 1616413705      -0.17     -0.719   39.13392  -72.94316 0.0000e+00
     24.801     9.6658    34.2750  1026.5553     2.4575     6.2186     97.276    0.00012    6.39048    6.39429      8.547     0.4382   11.53196   3.708189 3.2032e-01    26.4424    26.4420 3.1219e+00     25.000          1      11283    1488.15 9.7455e+02  53481.059    470.080 1616413717       0.04     -0.376   39.13392  -72.94318 0.0000e+00
     23.818     9.6718    34.2760  1026.5506     2.4617     6.2284     97.511    0.00086    6.38855    6.39234      8.545     0.3882   11.52874   3.708811 3.5873e-01    26.4422    26.4418 3.6288e+00     24.000          1      12947    1488.16 1.0122e+03  53480.658    539.418 1616413786      -0.48     -0.308   39.13390  -72.94338 0.0000e+00
     22.819     9.6729    34.2762  1026.5460     2.4625     6.2356     97.506    0.00049    6.38792    6.39171 -9.990e-29     0.3785   11.52770   3.708893 4.0608e-01    26.4421    26.4417 4.0498e+00     23.000          1      12777    1488.15 9.9742e+02  53479.962    532.321 1616413779      -0.38     -0.838   39.13390  -72.94336 0.0000e+00
     21.830     9.6816    34.2779  1026.5413     2.4666     6.2498     97.780    0.00142    6.38726    6.39104 -9.990e-29     0.5250   11.52659   3.709838 4.5386e-01    26.4420    26.4416 4.5092e+00     22.000          1      12839    1488.17 9.9353e+02  53479.925    534.899 1616413781       0.14     -0.434   39.13390  -72.94336 0.0000e+00
     20.841     9.6880    34.2787  1026.5364     2.4722     6.2678     98.027    0.00135    6.38427    6.38801      8.553     0.4054   11.52164   3.710446 4.9606e-01    26.4415    26.4412 5.1273e+00     21.000          1      12932    1488.17 1.0338e+03  53479.127    538.771 1616413785      -0.30     -0.343   39.13390  -72.94336 0.0000e+00
     19.847     9.6993    34.2799  1026.5309     2.4775     6.2861     98.385    0.00264    6.38177    6.38547      8.553     0.4344   11.51747   3.711646 5.6885e-01    26.4406    26.4402 5.6815e+00     20.000          1      12979    1488.20 9.9938e+02  53477.879    540.745 1616413787       0.08     -0.499   39.13390  -72.94337 0.0000e+00
     18.854     9.7228    34.2821  1026.5242     2.4871     6.3231     98.894    0.00328    6.37745    6.38109      8.556     0.4591   11.51028   3.714030 6.4820e-01    26.4384    26.4381 6.4502e+00     19.000          1      13046    1488.27 9.9534e+02  53475.526    543.561 1616413790       0.02     -0.340   39.13390  -72.94338 0.0000e+00
     17.870     9.7570    34.2872  1026.5179     2.5048     6.4134     99.902    0.00540    6.36472    6.36819      8.564     0.4634   11.48918   3.717845 7.1485e-01    26.4366    26.4363 7.3995e+00     18.000          1      13135    1488.38 1.0357e+03  53475.129    547.237 1616413794      -0.39     -0.296   39.13390  -72.94340 0.0000e+00
     16.864     9.7936    34.2897  1026.5091     2.5168     6.4619    100.815    0.00900    6.37532    6.37891      8.567     0.4432   11.50700   3.721448 8.2694e-01    26.4324    26.4321 8.3218e+00     17.000          1      13162    1488.50 1.0068e+03  53470.384    548.384 1616413795      -0.14     -0.729   39.13390  -72.94340 0.0000e+00
     15.880     9.8033    34.2755  1026.4919     2.5386     6.5071    101.782    0.00775    6.38662    6.39035      8.568     0.5491   11.52601   3.720457 8.9866e-01    26.4197    26.4194 8.8810e+00     16.000          1      13227    1488.50 9.8787e+02  53448.007    551.104 1616413798       0.16     -0.308   39.13389  -72.94340 0.0000e+00
     14.885     9.7131    34.2424  1026.4766     2.5468     6.5000    101.758    0.00285    6.38988    6.39365      8.568     0.6250   11.53149   3.708689 1.0039e+00    26.4089    26.4086 1.0306e+01     15.000          1      13288    1488.12 1.0264e+03  53419.217    553.611 1616413800      -0.01     -0.447   39.13390  -72.94342 0.0000e+00
     13.894     9.6861    34.2331  1026.4694     2.5486     6.4947    101.629    0.00046    6.39115    6.39493      8.568     0.6384   11.53367   3.705270 1.1597e+00    26.4061    26.4059 1.1792e+01     14.000          1      13347    1487.99 1.0170e+03  53411.164    556.063 1616413802       0.00     -0.402   39.13388  -72.94342 0.0000e+00
     12.899     9.6788    34.2264  1026.4608     2.5490     6.4978    101.620    0.00023    6.39148    6.39526 -9.990e-29     0.6504   11.53422   3.703954 1.2793e+00    26.4021    26.4018 1.2883e+01     13.000          1      13398    1487.94 1.0074e+03  53402.614    558.219 1616413805      -0.00     -0.476   39.13388  -72.94342 0.0000e+00
