CalculateIndicators/WaterTemperature/Data/CTD_NYOS/20210525_C33.cnv
* Sea-Bird SBE 9 Data File:
* FileName = C:\Seabird 9 CTD\Data\2021\202105_offshore\20210525_C33.hex
* Software Version Seasave V 7.23.2
* Temperature SN = 4590
* Conductivity SN = 3228
* Number of Bytes Per Scan = 44
* Number of Voltage Words = 5
* Number of Scans Averaged by the Deck Unit = 1
* NMEA Latitude = 40 34.05 N
* NMEA Longitude = 072 05.15 W
* NMEA UTC (Time) = May 25 2021  15:28:11
* NMEA baud rate = 4800
** Ship: seawolf
** Station: 2.2
** Operator: sjw
# nquan = 31
# nvalues = 196                         
# units = specified
# name 0 = depSM: Depth [salt water, m]
# name 1 = t090C: Temperature [ITS-90, deg C]
# name 2 = sal00: Salinity, Practical [PSU]
# name 3 = density00: Density [density, kg/m^3]
# name 4 = sbeox0V: Oxygen raw, SBE 43 [V]
# name 5 = sbeox0ML/L: Oxygen, SBE 43 [ml/l]
# name 6 = sbeox0PS: Oxygen, SBE 43 [% saturation]
# name 7 = sbox0dV/dT: Oxygen, SBE 43 [dov/dt]
# name 8 = oxsolML/L: Oxygen Saturation, Garcia & Gordon [ml/l]
# name 9 = oxsatML/L: Oxygen Saturation, Weiss [ml/l]
# name 10 = ph: pH
# name 11 = flECO-AFL: Fluorescence, WET Labs ECO-AFL/FL [mg/m^3]
# name 12 = n2satML/L: Nitrogen Saturation [ml/l]
# name 13 = c0S/m: Conductivity [S/m]
# name 14 = cpar: CPAR/Corrected Irradiance [%]
# name 15 = sigma-é00: Density [sigma-theta, kg/m^3]
# name 16 = sigma-t00: Density [sigma-t, kg/m^3 ]
# name 17 = par: PAR/Irradiance, Biospherical/Licor
# name 18 = prDM: Pressure, Digiquartz [db]
# name 19 = pumps: Pump Status
# name 20 = scan: Scan Count
# name 21 = svCM: Sound Velocity [Chen-Millero, m/s]
# name 22 = spar: SPAR, Biospherical/Licor
# name 23 = specc: Specific Conductance [uS/cm]
# name 24 = timeS: Time, Elapsed [seconds]
# name 25 = timeY: Time, System [seconds]
# name 26 = accM: Acceleration [m/s^2]
# name 27 = dz/dtM: Descent Rate [m/s]
# name 28 = latitude: Latitude [deg]
# name 29 = longitude: Longitude [deg]
# name 30 = flag: flag
# span 0 =      1.485,     50.118       
# span 1 =     7.0854,    14.5746       
# span 2 =    31.5717,    33.1717       
# span 3 =  1023.4361,  1026.1897       
# span 4 =     1.9912,     2.6359       
# span 5 =     5.1034,     6.6097       
# span 6 =     74.946,    105.408       
# span 7 =   -0.03204,    0.06199       
# span 8 =    5.86319,    6.83039       
# span 9 =    5.85836,    6.83928       
# span 10 =      7.859,      8.062      
# span 11 =    -0.2738,     0.6293      
# span 12 =   10.68915,   12.27554      
# span 13 =   3.345469,   3.876355      
# span 14 = 1.1804e-01, 9.7983e+01      
# span 15 =    23.4273,    25.9583      
# span 16 =    23.4273,    25.9577      
# span 17 = 2.4999e+00, 2.2116e+03      
# span 18 =      1.500,     50.500      
# span 19 =          1,          1      
# span 20 =        404,      13579      
# span 21 =    1476.96,    1501.37      
# span 22 = 1.6402e+03, 2.2879e+03      
# span 23 =  48957.962,  52523.731      
# span 24 =     16.787,    565.761      
# span 25 = 1621956504, 1621957053      
# span 26 =      -0.53,       0.42      
# span 27 =     -0.666,      0.702      
# span 28 =   40.56732,   40.56758      
# span 29 =  -72.08586,  -72.08463      
# span 30 = 0.0000e+00, 0.0000e+00      
# interval = decibars: 0.5              
# start_time = May 25 2021 15:28:07 [System UTC, first data scan.]
# bad_flag = -9.990e-29
*END*
[from data line 188]
      4.964    14.5502    31.5855  1023.4585     2.5782     5.9767    101.891   -0.00161    5.86581    5.86101 -9.990e-29     0.0022   10.69347   3.874728 3.1933e+01    23.4363    23.4362 7.2351e+02      5.000          1      13399    1501.34 2.2658e+03  48977.871    558.243 1621957045       0.05     -0.449   40.56732  -72.08466 0.0000e+00
      4.462    14.5498    31.5867  1023.4573     2.5769     5.9714    101.799   -0.00195    5.86586    5.86106 -9.990e-29    -0.0111   10.69354   3.874671 3.4326e+01    23.4373    23.4372 7.7817e+02      4.500          1      13423    1501.33 2.2670e+03  48979.360    559.247 1621957046      -0.06     -0.466   40.56732  -72.08466 0.0000e+00
      3.970    14.5504    31.5865  1023.4548     2.5762     5.9735    101.848   -0.00063    5.86510    5.86030 -9.990e-29     0.0188   10.69232   3.874716 4.0068e+01    23.4370    23.4369 9.0502e+02      4.000          1      13453    1501.32 2.2588e+03  48978.717    560.502 1621957048       0.10     -0.441   40.56732  -72.08466 0.0000e+00
      3.475    14.5525    31.5863  1023.4519     2.5740     5.9629    101.683   -0.00130    5.86426    5.85944 -9.990e-29    -0.0426   10.69092   3.874814 4.2843e+01    23.4364    23.4363 9.2819e+02      3.500          1      13482    1501.32 2.1576e+03  48977.849    561.693 1621957049      -0.07     -0.380   40.56732  -72.08466 0.0000e+00
      2.974    14.5538    31.5860  1023.4491     2.5732     5.9586    101.620   -0.00160    5.86367    5.85885 -9.990e-29    -0.0306   10.68995   3.874899 4.9522e+01    23.4358    23.4357 1.1180e+03      3.000          1      13506    1501.32 2.2567e+03  48977.032    562.691 1621957050      -0.06     -0.485   40.56732  -72.08466 0.0000e+00
      2.487    14.5613    31.5840  1023.4439     2.5720     5.9591    101.636   -0.00061    5.86319    5.85836      8.039    -0.0949   10.68915   3.875322 4.8031e+01    23.4327    23.4327 1.0844e+03      2.500          1      13534    1501.33 2.2578e+03  48973.254    563.868 1621957051       0.09     -0.446   40.56732  -72.08466 0.0000e+00
      1.974    14.5669    31.5833  1023.4398     2.5733     5.9642    101.719   -0.00031    5.86342    5.85859      8.039    -0.2738   10.68953   3.875813 5.1894e+01    23.4310    23.4309 1.1713e+03      2.000          1      13553    1501.34 2.2571e+03  48971.407    564.668 1621957052      -0.19     -0.484   40.56732  -72.08465 0.0000e+00
      1.485    14.5746    31.5834  1023.4361     2.5751     5.9801    101.981    0.00233    5.86393    5.85911      8.039     0.6198   10.69036   3.876355 9.7983e+01    23.4294    23.4294 2.2116e+03      1.500          1      13579    1501.36 2.2571e+03  48970.438    565.761 1621957053       0.12     -0.666   40.56732  -72.08463 0.0000e+00
