CalculateIndicators/WaterTemperature/Data/CTD_NYOS/20210523_C18B.cnv
* Sea-Bird SBE 9 Data File:
* FileName = C:\Seabird 9 CTD\Data\2021\202105_offshore\20210523_C18B.hex
* Software Version Seasave V 7.23.2
* Temperature SN = 4590
* Conductivity SN = 3228
* Number of Bytes Per Scan = 44
* Number of Voltage Words = 5
* Number of Scans Averaged by the Deck Unit = 1
* NMEA Latitude = 39 01.18 N
* NMEA Longitude = 072 33.21 W
* NMEA UTC (Time) = May 23 2021  15:34:04
* NMEA baud rate = 4800
** Ship: seawolf
** Station: 5.6B
** Operator: sjw
# nquan = 31
# nvalues = 1188                        
# units = specified
# name 0 = depSM: Depth [salt water, m]
# name 1 = t090C: Temperature [ITS-90, deg C]
# name 2 = sal00: Salinity, Practical [PSU]
# name 3 = density00: Density [density, kg/m^3]
# name 4 = sbeox0V: Oxygen raw, SBE 43 [V]
# name 5 = sbeox0ML/L: Oxygen, SBE 43 [ml/l]
# name 6 = sbeox0PS: Oxygen, SBE 43 [% saturation]
# name 7 = sbox0dV/dT: Oxygen, SBE 43 [dov/dt]
# name 8 = oxsolML/L: Oxygen Saturation, Garcia & Gordon [ml/l]
# name 9 = oxsatML/L: Oxygen Saturation, Weiss [ml/l]
# name 10 = ph: pH
# name 11 = flECO-AFL: Fluorescence, WET Labs ECO-AFL/FL [mg/m^3]
# name 12 = n2satML/L: Nitrogen Saturation [ml/l]
# name 13 = c0S/m: Conductivity [S/m]
# name 14 = cpar: CPAR/Corrected Irradiance [%]
# name 15 = sigma-é00: Density [sigma-theta, kg/m^3]
# name 16 = sigma-t00: Density [sigma-t, kg/m^3 ]
# name 17 = par: PAR/Irradiance, Biospherical/Licor
# name 18 = prDM: Pressure, Digiquartz [db]
# name 19 = pumps: Pump Status
# name 20 = scan: Scan Count
# name 21 = svCM: Sound Velocity [Chen-Millero, m/s]
# name 22 = spar: SPAR, Biospherical/Licor
# name 23 = specc: Specific Conductance [uS/cm]
# name 24 = timeS: Time, Elapsed [seconds]
# name 25 = timeY: Time, System [seconds]
# name 26 = accM: Acceleration [m/s^2]
# name 27 = dz/dtM: Descent Rate [m/s]
# name 28 = latitude: Latitude [deg]
# name 29 = longitude: Longitude [deg]
# name 30 = flag: flag
# span 0 =      1.979,    300.490       
# span 1 =     8.1007,    15.0282       
# span 2 =    33.4665,    35.7075       
# span 3 =  1024.7935,  1028.7657       
# span 4 =     1.4804,     2.8585       
# span 5 =     3.1847,     6.8145       
# span 6 =     50.325,    118.637       
# span 7 =   -0.11807,    0.07559       
# span 8 =    5.74281,    6.57760       
# span 9 =    5.73777,    6.58519       
# span 10 =      7.828,      8.150      
# span 11 =    -0.0925,     0.8799      
# span 12 =   10.46859,   11.83050      
# span 13 =   3.659635,   4.213727      
# span 14 = 4.3841e-14, 2.2204e+02      
# span 15 =    24.7847,    27.3926      
# span 16 =    24.7846,    27.3879      
# span 17 = 1.0000e-12, 5.0281e+03      
# span 18 =      2.000,    303.000      
# span 19 =          1,          1      
# span 20 =        142,      54150      
# span 21 =    1488.03,    1505.10      
# span 22 = 2.1726e+03, 2.2810e+03      
# span 23 =  51532.837,  55276.974      
# span 24 =      5.879,   2256.226      
# span 25 = 1621784048, 1621786299      
# span 26 =      -0.65,       0.63      
# span 27 =     -0.981,      0.899      
# span 28 =   39.01761,   39.01980      
# span 29 =  -72.55511,  -72.55349      
# span 30 = 0.0000e+00, 0.0000e+00      
# interval = decibars: 0.5              
# start_time = May 23 2021 15:34:03 [System UTC, first data scan.]
# bad_flag = -9.990e-29
*END*
[from data line 47]
     25.304    13.3341    34.3080  1025.9035     2.6660     6.3101    106.532   -0.00384    5.92322    5.92082      8.149     0.7256   10.75841   4.055302 3.5735e+00    25.7902    25.7895 8.0630e+01     25.500          1       2438    1500.90 2.2563e+03  52910.051    101.554 1621784144       0.37      0.410   39.01972  -72.55360 0.0000e+00
     25.809    13.2724    34.3139  1025.9228     2.6656     6.3210    106.671   -0.00170    5.92571    5.92335      8.148     0.7015   10.76253   4.050202 3.3565e+00    25.8073    25.8065 7.5604e+01     26.000          1       2455    1500.71 2.2524e+03  52926.797    102.235 1621784145       0.27      0.652   39.01972  -72.55360 0.0000e+00
     26.300    13.2222    34.3150  1025.9361     2.6634     6.3257    106.635   -0.00100    5.93213    5.92985      8.147     0.7493   10.77300   4.045836 3.2239e+00    25.8183    25.8176 7.2411e+01     26.500          1       2503    1500.56 2.2461e+03  52935.620    104.256 1621784147      -0.07      0.353   39.01972  -72.55360 0.0000e+00
     26.792    13.1479    34.3143  1025.9527     2.6603     6.3131    106.448   -0.00166    5.93069    5.92842      8.147     0.8050   10.77015   4.038920 3.1603e+00    25.8328    25.8320 7.0665e+01     27.000          1       2565    1500.32 2.2360e+03  52944.946    106.853 1621784149       0.16      0.229   39.01972  -72.55360 0.0000e+00
     27.289    13.1414    34.3308  1025.9690     2.6590     6.3137    106.458   -0.00068    5.93067    5.92840      8.150     0.8079   10.77013   4.040527 2.9527e+00    25.8468    25.8461 6.5911e+01     27.500          1       2597    1500.33 2.2322e+03  52968.902    108.157 1621784151       0.06      0.363   39.01972  -72.55360 0.0000e+00
     27.789    13.1588    34.3655  1025.9947     2.6582     6.3097    106.392   -0.00107    5.93059    5.92832      8.150     0.8106   10.77000   4.046003 2.7453e+00    25.8702    25.8695 6.1185e+01     28.000          1       2624    1500.43 2.2287e+03  53014.947    109.276 1621784152       0.04      0.433   39.01972  -72.55360 0.0000e+00
     28.283    13.1637    34.3687  1025.9984     2.6578     6.3108    106.435   -0.00030    5.92929    5.92701      8.148     0.8156   10.76776   4.046752 2.5720e+00    25.8718    25.8710 5.7164e+01     28.500          1       2668    1500.46 2.2225e+03  53018.901    111.134 1621784154      -0.10      0.292   39.01972  -72.55361 0.0000e+00
     28.778    13.1714    34.3742  1026.0033     2.6581     6.3085    106.487    0.00018    5.92422    5.92190      8.148     0.8081   10.75896   4.048284 2.5044e+00    25.8744    25.8736 5.5602e+01     29.000          1       2731    1500.50 2.2202e+03  53025.663    113.764 1621784156       0.03      0.185   39.01972  -72.55362 0.0000e+00
     29.271    13.1884    34.3904  1026.0146     2.6573     6.3052    106.440   -0.00018    5.92371    5.92142      8.149     0.7849   10.75766   4.051956 2.4007e+00    25.8836    25.8827 5.3309e+01     29.500          1       2782    1500.58 2.2206e+03  53045.893    115.872 1621784159       0.03      0.233   39.01972  -72.55362 0.0000e+00
     29.768    13.2129    34.4201  1026.0349     2.6538     6.2799    106.074   -0.00279    5.92024    5.91791      8.146     0.8300   10.75180   4.057493 2.2810e+00    25.9016    25.9008 5.0752e+01     30.000          1       2809    1500.71 2.2250e+03  53084.012    117.005 1621784160       0.19      0.357   39.01972  -72.55362 0.0000e+00
     30.269    13.1835    34.4284  1026.0495     2.6495     6.2657    105.822   -0.00344    5.92102    5.91869      8.146     0.8469   10.75316   4.055159 2.1157e+00    25.9140    25.9132 4.7112e+01     30.500          1       2830    1500.63 2.2268e+03  53099.539    117.886 1621784160       0.13      0.514   39.01971  -72.55362 0.0000e+00
     30.768    13.2104    34.4585  1026.0696     2.6438     6.2437    105.428   -0.00500    5.92226    5.91994      8.146     0.8230   10.75537   4.061377 1.9602e+00    25.9319    25.9310 4.3657e+01     31.000          1       2858    1500.76 2.2273e+03  53137.959    119.036 1621784162      -0.10      0.496   39.01970  -72.55362 0.0000e+00
     31.255    13.2143    34.4465  1026.0618     2.6416     6.2599    105.746    0.00068    5.91981    5.91747      8.146     0.8413   10.75101   4.060570 1.8328e+00    25.9219    25.9210 4.0853e+01     31.500          1       2944    1500.77 2.2289e+03  53121.055    122.607 1621784165       0.14      0.052   39.01970  -72.55362 0.0000e+00
     31.756    13.2345    34.4679  1026.0765     2.6345     6.2382    105.097   -0.00385    5.93570    5.93354      8.142     0.8544   10.77763   4.064517 1.7460e+00    25.9344    25.9335 3.8951e+01     32.000          1       2980    1500.87 2.2309e+03  53148.127    124.141 1621784167      -0.01      0.302   39.01970  -72.55362 0.0000e+00
     32.246    13.2033    34.4626  1026.0809     2.6211     6.1994    104.207   -0.00739    5.94909    5.94708      8.138     0.8574   10.80005   4.060212 1.6865e+00    25.9365    25.9356 3.7694e+01     32.500          1       3026    1500.77 2.2351e+03  53145.403    126.043 1621784169       0.06      0.232   39.01970  -72.55362 0.0000e+00
     32.748    13.0956    34.4427  1026.0895     2.6130     6.1745    103.757   -0.00820    5.95087    5.94888      8.138     0.8629   10.80305   4.047888 1.5857e+00    25.9428    25.9419 3.5449e+01     33.000          1       3051    1500.40 2.2355e+03  53133.058    127.082 1621784170       0.17      0.401   39.01970  -72.55362 0.0000e+00
     33.247    13.0309    34.4285  1026.0937     2.6076     6.1718    103.662   -0.00600    5.95379    5.95184      8.137     0.8698   10.80794   4.040040 1.4661e+00    25.9448    25.9439 3.2801e+01     33.500          1       3077    1500.17 2.2374e+03  53122.864    128.187 1621784171      -0.02      0.476   39.01970  -72.55362 0.0000e+00
     33.739    12.9857    34.4173  1026.0964     2.6024     6.1904    103.657   -0.00300    5.97206    5.97032      8.135     0.8690   10.83849   4.034836 1.3628e+00    25.9452    25.9443 3.0511e+01     34.000          1       3120    1500.02 2.2389e+03  53114.125    129.949 1621784173      -0.10      0.293   39.01970  -72.55363 0.0000e+00
     34.236    12.9162    34.4031  1026.1015     2.5912     6.1879    102.968   -0.00563    6.00960    6.00830      8.131     0.8737   10.90121   4.026207 1.2803e+00    25.9481    25.9471 2.8650e+01     34.500          1       3165    1499.78 2.2378e+03  53104.617    131.834 1621784174      -0.01      0.271   39.01970  -72.55363 0.0000e+00
     34.731    12.7231    34.3674  1026.1144     2.5708     6.1182    101.542   -0.01154    6.02528    6.02416      8.124     0.8717   10.92742   4.002947 1.2175e+00    25.9586    25.9577 2.7231e+01     35.000          1       3209    1499.09 2.2365e+03  53083.416    133.668 1621784176       0.05      0.260   39.01970  -72.55362 0.0000e+00
     35.229    12.5018    34.3284  1026.1299     2.5533     6.0881    100.754   -0.01093    6.04258    6.04166      8.120     0.8799   10.95632   3.978423 1.1241e+00    25.9717    25.9708 2.5109e+01     35.500          1       3248    1498.31 2.2337e+03  53062.289    135.306 1621784178      -0.03      0.309   39.01970  -72.55362 0.0000e+00
     35.723    12.3539    34.3008  1026.1396     2.5352     6.0723    100.093   -0.00847    6.06668    6.06605      8.116     0.8667   10.99655   3.961201 1.0379e+00    25.9791    25.9782 2.3142e+01     36.000          1       3298    1497.79 2.2297e+03  53046.503    137.389 1621784180       0.02      0.227   39.01970  -72.55364 0.0000e+00
     36.219    12.2365    34.2792  1026.1478     2.5211     6.0542     99.439   -0.00840    6.08836    6.08799      8.109     0.8398   11.03265   3.948087 9.8342e-01    25.9849    25.9840 2.1925e+01     36.500          1       3338    1497.37 2.2295e+03  53034.776    139.028 1621784182       0.03      0.299   39.01970  -72.55364 0.0000e+00
     36.713    12.1096    34.2602  1026.1597     2.5079     6.0089     98.644   -0.01040    6.09156    6.09123      8.105     0.8256   11.03799   3.933520 9.4706e-01    25.9945    25.9936 2.1106e+01     37.000          1       3368    1496.93 2.2285e+03  53028.391    140.278 1621784183       0.10      0.358   39.01970  -72.55364 0.0000e+00
     37.216    11.9990    34.2469  1026.1728     2.4993     6.0153     98.291   -0.01001    6.11994    6.11997      8.105     0.8390   11.08525   3.921857 8.9857e-01    26.0052    26.0043 1.9998e+01     37.500          1       3390    1496.54 2.2256e+03  53027.622    141.216 1621784184       0.12      0.483   39.01970  -72.55364 0.0000e+00
     37.710    11.9293    34.2384  1026.1817     2.4854     6.0119     97.651   -0.01001    6.15649    6.15698      8.098     0.8472   11.14604   3.915158 8.4006e-01    26.0119    26.0109 1.8703e+01     38.000          1       3420    1496.30 2.2264e+03  53027.143    142.442 1621784185      -0.10      0.459   39.01970  -72.55364 0.0000e+00
     38.203    11.7949    34.2211  1026.1958     2.4553     5.8739     95.447   -0.01909    6.15400    6.15446      8.089     0.8128   11.14199   3.898917 7.8267e-01    26.0237    26.0228 1.7448e+01     38.500          1       3455    1495.83 2.2294e+03  53025.154    143.914 1621784187      -0.01      0.328   39.01970  -72.55364 0.0000e+00
     38.703    11.4749    34.1898  1026.2336     2.4282     5.7070     93.722   -0.02342    6.08928    6.08891      8.082     0.8275   11.03444   3.865586 7.2129e-01    26.0589    26.0580 1.6065e+01     39.000          1       3484    1494.69 2.2272e+03  53034.493    145.122 1621784188       0.06      0.395   39.01970  -72.55364 0.0000e+00
     39.198    11.6088    34.2116  1026.2276     2.4252     5.7822     94.180   -0.01648    6.13962    6.13994      8.067     0.7142   11.11738   3.884423 6.5772e-01    26.0509    26.0500 1.4683e+01     39.500          1       3579    1495.19 2.2325e+03  53043.474    149.100 1621784192       0.06      0.285   39.01969  -72.55365 0.0000e+00
     39.683    11.4136    34.1646  1026.2293     2.3913     5.6416     91.451   -0.03028    6.16896    6.16968      8.057     0.5404   11.16585   3.851296 6.3610e-01    26.0502    26.0493 1.4219e+01     40.000          1       3636    1494.46 2.2353e+03  53010.001    151.451 1621784194       0.15      0.341   39.01968  -72.55366 0.0000e+00
     40.182    11.2115    34.1736  1026.2762     2.3685     5.5490     89.983   -0.03459    6.16676    6.16745      8.057     0.5382   11.16220   3.842732 6.1400e-01    26.0946    26.0937 1.3715e+01     40.500          1       3650    1493.79 2.2337e+03  53056.748    152.025 1621784195       0.34      0.505   39.01968  -72.55366 0.0000e+00
     40.688    11.2815    34.2418  1026.3187     2.3537     5.5056     89.275   -0.03435    6.16704    6.16773      8.057     0.5531   11.16269   3.855438 5.8511e-01    26.1349    26.1340 1.3077e+01     41.000          1       3662    1494.12 2.2350e+03  53141.472    152.544 1621784195       0.39      0.707   39.01968  -72.55366 0.0000e+00
     41.189    11.2987    34.2473  1026.3221     2.3411     5.4834     88.960   -0.03052    6.16385    6.16449      8.057     0.5670   11.15762   3.857311 5.5356e-01    26.1361    26.1351 1.2380e+01     41.500          1       3675    1494.19 2.2365e+03  53145.734    153.097 1621784196       0.20      0.876   39.01968  -72.55366 0.0000e+00
     41.686    11.3118    34.2524  1026.3260     2.3306     5.4899     89.091   -0.02241    6.16207    6.16267      8.061     0.6321   11.15477   3.859324 5.2113e-01    26.1377    26.1368 1.1666e+01     42.000          1       3693    1494.25 2.2387e+03  53151.015    153.827 1621784196      -0.16      0.862   39.01968  -72.55366 0.0000e+00
     42.176    11.3672    34.2380  1026.3067     2.3294     5.5831     90.613   -0.00271    6.16146    6.16206      8.063     0.6653   11.15370   3.863436 4.6255e-01    26.1163    26.1154 1.0359e+01     42.500          1       3777    1494.44 2.2394e+03  53121.728    157.350 1621784200      -0.05      0.262   39.01968  -72.55366 0.0000e+00
     42.659    11.3792    34.2258  1026.2972     2.3276     5.5850     90.627   -0.00180    6.16258    6.16323 -9.990e-29     0.5113   11.15505   3.863680 4.2602e-01    26.1046    26.1037 9.5128e+00     43.000          1       3888    1494.47 2.2330e+03  53102.842    161.968 1621784205       0.12      0.067   39.01968  -72.55366 0.0000e+00
     43.164    11.3445    34.2562  1026.3296     2.3193     5.5304     89.766   -0.00747    6.16093    6.16155 -9.990e-29     0.5046   11.15232   3.863519 4.1274e-01    26.1347    26.1337 9.2298e+00     43.500          1       3901    1494.39 2.2362e+03  53151.819    162.498 1621784205       0.40      0.366   39.01968  -72.55366 0.0000e+00
     43.664    11.3443    34.2640  1026.3379     2.3140     5.5119     89.477   -0.00787    6.16014    6.16076 -9.990e-29     0.5049   11.15099   3.864410 3.9531e-01    26.1408    26.1398 8.8505e+00     44.000          1       3918    1494.41 2.2389e+03  53162.708    163.219 1621784206       0.23      0.605   39.01968  -72.55366 0.0000e+00
     44.158    11.3526    34.2692  1026.3427     2.3103     5.5065     89.394   -0.00665    6.15981    6.16042 -9.990e-29     0.4874   11.15043   3.865800 3.7840e-01    26.1434    26.1424 8.4748e+00     44.500          1       3937    1494.45 2.2397e+03  53168.986    163.981 1621784207       0.00      0.678   39.01968  -72.55366 0.0000e+00
     44.654    11.3586    34.2726  1026.3464     2.3076     5.5072     89.399   -0.00491    6.16019    6.16081 -9.990e-29     0.4989   11.15111   3.866707 3.6163e-01    26.1449    26.1438 8.0959e+00     45.000          1       3955    1494.49 2.2387e+03  53172.798    164.735 1621784207      -0.02      0.659   39.01968  -72.55366 0.0000e+00
     45.155    11.3657    34.2766  1026.3506     2.3059     5.5107     89.454   -0.00316    6.16035    6.16097 -9.990e-29     0.5120   11.15140   3.867878 3.4413e-01    26.1468    26.1457 7.6991e+00     45.500          1       3973    1494.53 2.2373e+03  53177.623    165.492 1621784208       0.01      0.666   39.01968  -72.55366 0.0000e+00
     45.650    11.3711    34.2734  1026.3493     2.3052     5.5147     89.572   -0.00131    6.15673    6.15730      8.052     0.5140   11.14528   3.868094 3.1681e-01    26.1433    26.1422 7.0905e+00     46.000          1       4040    1494.55 2.2382e+03  53172.550    168.294 1621784211      -0.04      0.390   39.01967  -72.55367 0.0000e+00
     46.141    11.3709    34.2648  1026.3449     2.3083     5.5175     89.872    0.00065    6.13930    6.13969      8.051     0.4740   11.11574   3.867213 2.8761e-01    26.1366    26.1355 6.4398e+00     46.500          1       4128    1494.55 2.2391e+03  53160.905    171.958 1621784215       0.16      0.278   39.01966  -72.55366 0.0000e+00
     46.640    11.3882    34.2796  1026.3554     2.3075     5.5096     89.806    0.00032    6.13491    6.13526      8.052     0.4254   11.10830   3.870846 2.7488e-01    26.1449    26.1439 6.1524e+00     47.000          1       4154    1494.63 2.2383e+03  53178.783    173.057 1621784216       0.05      0.419   39.01966  -72.55366 0.0000e+00
     47.133    11.4753    34.3291  1026.3800     2.3037     5.4757     89.383   -0.00258    6.12614    6.12640      8.051     0.4153   11.09340   3.884809 2.6636e-01    26.1674    26.1663 5.9594e+00     47.500          1       4187    1495.00 2.2374e+03  53233.239    174.403 1621784217      -0.05      0.381   39.01966  -72.55368 0.0000e+00
     47.634    11.5275    34.3542  1026.3921     2.2992     5.4572     89.114   -0.00325    6.12383    6.12407      8.050     0.3776   11.08949   3.891780 2.5679e-01    26.1773    26.1762 5.7390e+00     48.000          1       4216    1495.22 2.2349e+03  53259.634    175.610 1621784218       0.04      0.404   39.01966  -72.55368 0.0000e+00
