CalculateIndicators/WaterTemperature/Data/CTD_NYOS/20210524_C27.cnv
* Sea-Bird SBE 9 Data File:
* FileName = C:\Seabird 9 CTD\Data\2021\202105_offshore\20210524_C27.hex
* Software Version Seasave V 7.23.2
* Temperature SN = 4590
* Conductivity SN = 3228
* Number of Bytes Per Scan = 44
* Number of Voltage Words = 5
* Number of Scans Averaged by the Deck Unit = 1
* NMEA Latitude = 40 06.58 N
* NMEA Longitude = 072 16.25 W
* NMEA UTC (Time) = May 24 2021  19:41:01
* NMEA baud rate = 4800
** Ship: seawolf
** Station: 3.3
** Operator: eih
# nquan = 31
# nvalues = 257                         
# units = specified
# name 0 = depSM: Depth [salt water, m]
# name 1 = t090C: Temperature [ITS-90, deg C]
# name 2 = sal00: Salinity, Practical [PSU]
# name 3 = density00: Density [density, kg/m^3]
# name 4 = sbeox0V: Oxygen raw, SBE 43 [V]
# name 5 = sbeox0ML/L: Oxygen, SBE 43 [ml/l]
# name 6 = sbeox0PS: Oxygen, SBE 43 [% saturation]
# name 7 = sbox0dV/dT: Oxygen, SBE 43 [dov/dt]
# name 8 = oxsolML/L: Oxygen Saturation, Garcia & Gordon [ml/l]
# name 9 = oxsatML/L: Oxygen Saturation, Weiss [ml/l]
# name 10 = ph: pH
# name 11 = flECO-AFL: Fluorescence, WET Labs ECO-AFL/FL [mg/m^3]
# name 12 = n2satML/L: Nitrogen Saturation [ml/l]
# name 13 = c0S/m: Conductivity [S/m]
# name 14 = cpar: CPAR/Corrected Irradiance [%]
# name 15 = sigma-é00: Density [sigma-theta, kg/m^3]
# name 16 = sigma-t00: Density [sigma-t, kg/m^3 ]
# name 17 = par: PAR/Irradiance, Biospherical/Licor
# name 18 = prDM: Pressure, Digiquartz [db]
# name 19 = pumps: Pump Status
# name 20 = scan: Scan Count
# name 21 = svCM: Sound Velocity [Chen-Millero, m/s]
# name 22 = spar: SPAR, Biospherical/Licor
# name 23 = specc: Specific Conductance [uS/cm]
# name 24 = timeS: Time, Elapsed [seconds]
# name 25 = timeY: Time, System [seconds]
# name 26 = accM: Acceleration [m/s^2]
# name 27 = dz/dtM: Descent Rate [m/s]
# name 28 = latitude: Latitude [deg]
# name 29 = longitude: Longitude [deg]
# name 30 = flag: flag
# span 0 =      1.454,     65.008       
# span 1 =     7.7000,    14.2348       
# span 2 =    31.9310,    33.6725       
# span 3 =  1023.7789,  1026.4476       
# span 4 =     2.0806,     2.6673       
# span 5 =     4.7387,     6.9457       
# span 6 =     79.272,    108.202       
# span 7 =   -0.03904,    0.09296       
# span 8 =    5.87831,    6.72208       
# span 9 =    5.87408,    6.72966       
# span 10 =      7.902,      8.102      
# span 11 =     0.0078,     0.7548      
# span 12 =   10.70602,   12.09296      
# span 13 =   3.427178,   3.926764      
# span 14 = 4.1522e-02, 3.6099e+01      
# span 15 =    23.7723,    26.1499      
# span 16 =    23.7723,    26.1489      
# span 17 = 8.0423e-01, 4.8585e+02      
# span 18 =      1.500,     65.500      
# span 19 =          1,          1      
# span 20 =        465,      19465      
# span 21 =    1479.88,    1501.15      
# span 22 = 1.1283e+03, 2.3348e+03      
# span 23 =  49497.083,  52902.521      
# span 24 =     19.323,    810.980      
# span 25 = 1621885278, 1621886069      
# span 26 =      -1.04,       1.48      
# span 27 =     -1.282,      1.376      
# span 28 =   40.10972,   40.10990      
# span 29 =  -72.27371,  -72.27098      
# span 30 = 0.0000e+00, 0.0000e+00      
# interval = decibars: 0.5              
# start_time = May 24 2021 19:40:59 [System UTC, first data scan.]
# bad_flag = -9.990e-29
*END*
[from data line 234]
     12.393    13.7733    32.2712  1024.1813     2.6088     6.1358    103.561   -0.00237    5.92479    5.92106      8.006     0.1071   10.78360   3.883146 4.1379e+00    24.1258    24.1254 9.4043e+01     12.500          1      15666    1499.73 2.2728e+03  50023.912    652.725 1621885911      -0.07     -0.557   40.10988  -72.27315 0.0000e+00
     11.895    13.8783    32.2831  1024.1669     2.6062     6.1147    103.635    0.00131    5.90018    5.89618 -9.990e-29     0.0899   10.74265   3.892319 3.9780e+00    24.1136    24.1132 9.0449e+01     12.000          1      15756    1500.08 2.2739e+03  50027.400    656.448 1621885915      -0.20     -0.735   40.10988  -72.27316 0.0000e+00
     11.414    13.9934    32.2908  1024.1471     2.6047     6.1066    103.453   -0.00036    5.90275    5.89879 -9.990e-29     0.0818   10.74691   3.903634 3.3251e+00    24.0960    24.0956 7.5690e+01     11.500          1      15798    1500.46 2.2762e+03  50024.273    658.209 1621885917       0.35     -0.396   40.10988  -72.27317 0.0000e+00
     10.907    14.0522    32.2944  1024.1355     2.5990     6.0826    103.027   -0.00250    5.90386    5.89990      8.009     0.0854   10.74869   3.908922 3.3356e+00    24.0866    24.0863 7.5712e+01     11.000          1      15856    1500.65 2.2700e+03  50022.223    660.606 1621885919      -0.25     -0.337   40.10988  -72.27319 0.0000e+00
     10.411    14.0954    32.2995  1024.1283     2.5997     6.0780    103.194   -0.00018    5.88989    5.88579      8.009     0.0778   10.72545   3.912881 3.4386e+00    24.0817    24.0814 7.8060e+01     10.500          1      15968    1500.79 2.2702e+03  50024.031    665.299 1621885924      -0.05     -0.499   40.10988  -72.27320 0.0000e+00
      9.911    14.1366    32.3130  1024.1279     2.5979     6.0692    103.076   -0.00056    5.88812    5.88400      8.015     0.0608   10.72244   3.917599 3.3838e+00    24.0836    24.0833 7.7014e+01     10.000          1      16315    1500.93 2.2758e+03  50037.991    679.749 1621885938      -0.00     -0.545   40.10988  -72.27325 0.0000e+00
      9.430    14.1213    32.3115  1024.1277     2.5992     6.0757    103.213    0.00102    5.88657    5.88242      8.031     0.0846   10.71985   3.915483 3.0855e+00    24.0855    24.0853 6.9762e+01      9.500          1      17451    1500.87 2.2610e+03  50037.229    727.086 1621885985      -0.30     -0.718   40.10990  -72.27342 0.0000e+00
      8.921    14.1310    32.3117  1024.1236     2.5985     6.0719    103.156    0.00071    5.88613    5.88199      8.031     0.0756   10.71913   3.916478 3.0390e+00    24.0837    24.0834 6.8670e+01      9.000          1      17457    1500.90 2.2596e+03  50036.255    727.327 1621885986      -0.10     -0.834   40.10990  -72.27342 0.0000e+00
      8.429    14.1653    32.3146  1024.1165     2.5984     6.0656    103.080   -0.00023    5.88442    5.88026      8.031     0.0578   10.71627   3.919966 2.8611e+00    24.0788    24.0786 6.4465e+01      8.500          1      17481    1501.00 2.2531e+03  50036.057    728.341 1621885987       0.27     -0.679   40.10990  -72.27342 0.0000e+00
      7.943    14.1589    32.3147  1024.1158     2.5996     6.0708    103.193    0.00076    5.88295    5.87877      8.031     0.0556   10.71382   3.919133 2.8021e+00    24.0802    24.0800 6.3229e+01      8.000          1      17518    1500.97 2.2565e+03  50036.724    729.886 1621885988       0.05     -0.299   40.10990  -72.27344 0.0000e+00
      7.442    14.1694    32.3153  1024.1118     2.5999     6.0690    103.183    0.00056    5.88171    5.87753 -9.990e-29     0.0413   10.71175   3.920277 2.7950e+00    24.0785    24.0783 6.2899e+01      7.500          1      17545    1501.00 2.2505e+03  50035.958    730.992 1621885990      -0.12     -0.402   40.10990  -72.27344 0.0000e+00
      6.947    14.1831    32.3160  1024.1072     2.5995     6.0633    103.095   -0.00027    5.88126    5.87707 -9.990e-29     0.0542   10.71098   3.921569 2.8269e+00    24.0762    24.0759 6.3355e+01      7.000          1      17572    1501.04 2.2412e+03  50035.210    732.113 1621885991       0.02     -0.459   40.10990  -72.27344 0.0000e+00
      6.458    14.1845    32.3171  1024.1055     2.5983     6.0578    103.001   -0.00059    5.88133    5.87714 -9.990e-29     0.0412   10.71109   3.921782 2.7893e+00    24.0767    24.0765 6.2388e+01      6.500          1      17596    1501.03 2.2367e+03  50036.247    733.135 1621885992      -0.04     -0.448   40.10990  -72.27344 0.0000e+00
      5.959    14.1938    32.3187  1024.1027     2.5986     6.0572    102.993   -0.00085    5.88121    5.87702 -9.990e-29     0.0416   10.71090   3.922867 2.8747e+00    24.0760    24.0758 6.4486e+01      6.000          1      17613    1501.06 2.2433e+03  50037.059    733.817 1621885992      -0.23     -0.542   40.10990  -72.27344 0.0000e+00
      5.458    14.1977    32.3201  1024.1006     2.5987     6.0598    103.035   -0.00029    5.88127    5.87707 -9.990e-29     0.0416   10.71098   3.923255 2.9895e+00    24.0762    24.0761 6.7231e+01      5.500          1      17626    1501.06 2.2489e+03  50038.394    734.381 1621885993      -0.29     -0.698   40.10990  -72.27344 0.0000e+00
      4.960    14.1979    32.3201  1024.0984     2.5993     6.0646    103.117    0.00051    5.88133    5.87714 -9.990e-29     0.0445   10.71109   3.923248 2.9750e+00    24.0762    24.0760 6.7051e+01      5.000          1      17640    1501.06 2.2538e+03  50038.062    734.938 1621885993      -0.18     -0.835   40.10990  -72.27344 0.0000e+00
      4.461    14.1992    32.3201  1024.0959     2.5991     6.0639    103.103    0.00050    5.88136    5.87717 -9.990e-29     0.0426   10.71114   3.923305 3.0174e+00    24.0759    24.0758 6.8051e+01      4.500          1      17653    1501.05 2.2553e+03  50037.720    735.520 1621885994      -0.02     -0.889   40.10990  -72.27344 0.0000e+00
      3.961    14.1977    32.3204  1024.0942     2.5980     6.0573    102.989   -0.00030    5.88144    5.87725 -9.990e-29     0.0410   10.71126   3.923202 3.2754e+00    24.0764    24.0763 7.3798e+01      4.000          1      17670    1501.04 2.2531e+03  50038.030    736.193 1621885995       0.11     -0.849   40.10990  -72.27346 0.0000e+00
      3.471    14.1981    32.3209  1024.0923     2.5983     6.0583    103.003   -0.00026    5.88167    5.87748 -9.990e-29     0.0499   10.71163   3.923234 3.2419e+00    24.0768    24.0766 7.2897e+01      3.500          1      17699    1501.03 2.2485e+03  50038.399    737.422 1621885996       0.28     -0.551   40.10990  -72.27346 0.0000e+00
      2.984    14.1970    32.3212  1024.0905     2.5973     6.0548    102.944   -0.00044    5.88157    5.87738      8.036     0.0443   10.71148   3.923118 3.6475e+00    24.0772    24.0771 8.1810e+01      3.000          1      17737    1501.02 2.2429e+03  50038.627    738.999 1621885998      -0.08     -0.254   40.10990  -72.27346 0.0000e+00
      2.473    14.1950    32.3216  1024.0890     2.5976     6.0546    102.944   -0.00056    5.88149    5.87730      8.036     0.0501   10.71134   3.922950 3.8356e+00    24.0779    24.0778 8.5932e+01      2.500          1      17768    1501.01 2.2398e+03  50039.206    740.279 1621885999      -0.25     -0.376   40.10990  -72.27346 0.0000e+00
      1.980    14.1963    32.3213  1024.0862     2.5971     6.0538    102.927   -0.00047    5.88161    5.87742      8.036     0.0420   10.71154   3.923010 4.8993e+00    24.0773    24.0773 1.1036e+02      2.000          1      17841    1501.00 2.2524e+03  50038.282    743.318 1621886002      -0.28     -0.286   40.10990  -72.27348 0.0000e+00
      1.454    14.1993    32.3219  1024.0837     2.5959     6.0534    102.927    0.00012    5.88124    5.87704      8.052     0.0411   10.71101   3.923279 5.4233e+00    24.0772    24.0772 1.2103e+02      1.500          1      19465    1501.01 2.2306e+03  50038.505    810.980 1621886069       0.23     -0.563   40.10990  -72.27371 0.0000e+00
