CalculateIndicators/WaterTemperature/Data/CTD_NYOS/20210521_C01.cnv
* Sea-Bird SBE 9 Data File:
* FileName = C:\Seabird 9 CTD\Data\2021\202105_offshore\20210521_C01.hex
* Software Version Seasave V 7.23.2
* Temperature SN = 4590
* Conductivity SN = 3228
* Number of Bytes Per Scan = 44
* Number of Voltage Words = 5
* Number of Scans Averaged by the Deck Unit = 1
* NMEA Latitude = 40 29.83 N
* NMEA Longitude = 073 47.32 W
* NMEA UTC (Time) = May 21 2021  03:50:24
* NMEA baud rate = 4800
** Ship: seawolf
** Station: 7.1
** Operator: sjw
# nquan = 31
# nvalues = 65                          
# units = specified
# name 0 = depSM: Depth [salt water, m]
# name 1 = t090C: Temperature [ITS-90, deg C]
# name 2 = sal00: Salinity, Practical [PSU]
# name 3 = density00: Density [density, kg/m^3]
# name 4 = sbeox0V: Oxygen raw, SBE 43 [V]
# name 5 = sbeox0ML/L: Oxygen, SBE 43 [ml/l]
# name 6 = sbeox0PS: Oxygen, SBE 43 [% saturation]
# name 7 = sbox0dV/dT: Oxygen, SBE 43 [dov/dt]
# name 8 = oxsolML/L: Oxygen Saturation, Garcia & Gordon [ml/l]
# name 9 = oxsatML/L: Oxygen Saturation, Weiss [ml/l]
# name 10 = ph: pH
# name 11 = flECO-AFL: Fluorescence, WET Labs ECO-AFL/FL [mg/m^3]
# name 12 = n2satML/L: Nitrogen Saturation [ml/l]
# name 13 = c0S/m: Conductivity [S/m]
# name 14 = cpar: CPAR/Corrected Irradiance [%]
# name 15 = sigma-é00: Density [sigma-theta, kg/m^3]
# name 16 = sigma-t00: Density [sigma-t, kg/m^3 ]
# name 17 = par: PAR/Irradiance, Biospherical/Licor
# name 18 = prDM: Pressure, Digiquartz [db]
# name 19 = pumps: Pump Status
# name 20 = scan: Scan Count
# name 21 = svCM: Sound Velocity [Chen-Millero, m/s]
# name 22 = spar: SPAR, Biospherical/Licor
# name 23 = specc: Specific Conductance [uS/cm]
# name 24 = timeS: Time, Elapsed [seconds]
# name 25 = timeY: Time, System [seconds]
# name 26 = accM: Acceleration [m/s^2]
# name 27 = dz/dtM: Descent Rate [m/s]
# name 28 = latitude: Latitude [deg]
# name 29 = longitude: Longitude [deg]
# name 30 = flag: flag
# span 0 =      1.980,     17.867       
# span 1 =     8.6112,    15.0469       
# span 2 =    27.6102,    32.6238       
# span 3 =  1020.2826,  1025.3889       
# span 4 =     2.0641,     3.7583       
# span 5 =     5.1194,     9.4901       
# span 6 =     77.592,    159.457       
# span 7 =   -0.17471,    0.17175       
# span 8 =    5.94636,    6.61497       
# span 9 =    5.94082,    6.62033       
# span 10 =      7.812,      8.440      
# span 11 =     0.9053,     3.3639      
# span 12 =   10.85841,   11.92408      
# span 13 =   3.447381,   3.670422      
# span 14 = -6.307e+04, 1.0474e+05      
# span 15 =    20.2737,    25.3070      
# span 16 =    20.2736,    25.3067      
# span 17 = 1.0000e-12, 2.8279e-02      
# span 18 =      2.000,     18.000      
# span 19 =          1,          1      
# span 20 =         44,       5502      
# span 21 =    1482.03,    1498.60      
# span 22 = -9.370e-02, 3.2202e+00      
# span 23 =  43346.399,  51358.412      
# span 24 =      1.792,    229.210      
# span 25 = 1621569027, 1621569254      
# span 26 =      -0.20,       0.19      
# span 27 =     -0.604,      0.628      
# span 28 =   40.49722,   40.49728      
# span 29 =  -73.78871,  -73.78847      
# span 30 = 0.0000e+00, 0.0000e+00      
# interval = decibars: 0.5              
# start_time = May 21 2021 03:50:25 [System UTC, first data scan.]
# bad_flag = -9.990e-29
*END*
[from data line 47]
     10.421     9.8978    32.2659  1024.8823     2.3027     5.8027     91.744    0.03062    6.32490    6.32594      7.928     1.1231   11.44785   3.534539 -9.990e-29    24.8348    24.8346 1.0000e-12     10.500          1       3537    1486.31 -9.990e-29  50598.500    147.322 1621569173      -0.12     -0.409   40.49724  -73.78858 0.0000e+00
      9.921     9.9886    32.2554  1024.8568     2.3421     5.9303     94.186    0.03780    6.29647    6.29714      7.942     1.1675   11.40092   3.541947 -9.990e-29    24.8116    24.8114 1.0000e-12     10.000          1       3559    1486.61 -9.990e-29  50571.850    148.230 1621569173      -0.09     -0.508   40.49724  -73.78856 0.0000e+00
      9.424    10.3393    32.2175  1024.7662     2.3962     6.0793     97.464    0.04766    6.23781    6.23771      7.952     1.0754   11.30420   3.571236 9.9999e+04    24.7233    24.7231 1.0000e-12      9.500          1       3583    1487.82 0.0000e+00  50450.836    149.268 1621569174       0.06     -0.523   40.49724  -73.78856 0.0000e+00
      8.929    10.8373    32.1949  1024.6609     2.4803     6.3555    102.237    0.05667    6.21650    6.21612      7.964     1.0706   11.26908   3.612771 9.9999e+04    24.6204    24.6202 1.0000e-12      9.000          1       3619    1489.56 0.0000e+00  50333.551    150.735 1621569176       0.10     -0.368   40.49724  -73.78856 0.0000e+00
      8.431    11.6135    32.0968  1024.4444     2.6121     6.5182    104.982    0.00955    6.20889    6.20841      7.989     1.2827   11.25670   3.668482 3.1820e+03    24.4063    24.4061 1.0000e-12      8.500          1       4076    1492.16 1.9119e+00  50069.954    169.772 1621569195      -0.05     -0.150   40.49726  -73.78855 0.0000e+00
      7.937    11.6897    32.0317  1024.3778     2.6513     6.5914    106.627    0.00737    6.18169    6.18052      8.056     1.4978   11.21687   3.666850 -3.603e+01    24.3419    24.3417 1.0000e-12      8.000          1       5104    1492.34 1.9754e+00  49967.095    212.621 1621569238      -0.11     -0.402   40.49728  -73.78850 0.0000e+00
      7.444    11.7358    31.9897  1024.3345     2.6785     6.7176    108.708    0.01743    6.17950    6.17825      8.132     1.6124   11.21428   3.666758 5.0640e-11    24.3008    24.3006 1.0000e-12      7.500          1       5127    1492.44 1.9747e+00  49901.735    213.602 1621569239       0.02     -0.422   40.49728  -73.78850 0.0000e+00
      6.949    11.8976    31.8263  1024.1757     2.7186     6.8329    111.561    0.03240    6.12489    6.12217      8.222     1.6413   11.13750   3.663579 5.0640e-11    24.1443    24.1441 1.0000e-12      7.000          1       5153    1492.80 1.9747e+00  49647.561    214.673 1621569240      -0.06     -0.431   40.49728  -73.78850 0.0000e+00
      6.451    11.9966    31.6272  1024.0008     2.7621     6.9285    114.150    0.04185    6.06966    6.06577      8.264     2.2265   11.05575   3.653002 5.0640e-11    23.9716    23.9715 1.0000e-12      6.500          1       5173    1492.89 1.9747e+00  49350.610    215.502 1621569241      -0.14     -0.521   40.49728  -73.78850 0.0000e+00
      5.947    12.0030    31.6311  1024.0003     2.8695     7.4381    122.024    0.07673    6.09567    6.09232      8.294     2.4494   11.09429   3.653285 5.0640e-11    23.9734    23.9733 1.0000e-12      6.000          1       5193    1492.91 1.9747e+00  49358.013    216.345 1621569242      -0.03     -0.604   40.49728  -73.78848 0.0000e+00
      5.458    12.9156    30.2647  1022.7678     3.1294     8.5846    141.375    0.17175    6.07233    6.06858      8.320     2.3433   11.05813   3.586354 5.0640e-11    22.7431    22.7430 1.0000e-12      5.500          1       5228    1494.39 1.9747e+00  47316.641    217.777 1621569243       0.18     -0.414   40.49728  -73.78848 0.0000e+00
      4.963    13.2306    29.8481  1022.3835     3.2814     8.7774    144.661    0.11434    6.06747    6.06366      8.337     2.4029   11.05017   3.574245 5.0640e-11    22.3612    22.3610 1.0000e-12      5.000          1       5263    1494.96 1.9747e+00  46691.563    219.259 1621569244      -0.10     -0.302   40.49728  -73.78848 0.0000e+00
      4.465    13.4367    29.6644  1022.1994     3.3310     8.5890    142.806    0.05831    6.01444    6.00972      8.347     2.4055   10.96884   3.570941 5.0640e-11    22.1793    22.1792 1.0000e-12      4.500          1       5290    1495.42 1.9747e+00  46406.804    220.366 1621569246      -0.07     -0.432   40.49728  -73.78848 0.0000e+00
      3.970    13.4165    29.7070  1022.2340     3.3890     8.6420    144.569    0.04604    5.97781    5.97230      8.359     2.4863   10.91657   3.573878 5.0640e-11    22.2161    22.2160 1.0000e-12      4.000          1       5316    1495.40 1.9747e+00  46469.106    221.462 1621569247      -0.00     -0.452   40.49728  -73.78848 0.0000e+00
      3.474    13.5648    29.5836  1022.1074     3.4729     8.9490    150.100    0.06915    5.96196    5.95611      8.361     2.6045   10.89434   3.571782 5.0640e-11    22.0918    22.0917 1.0000e-12      3.500          1       5340    1495.74 1.9747e+00  46280.550    222.453 1621569248      -0.05     -0.477   40.49728  -73.78848 0.0000e+00
      2.975    14.1136    29.0302  1021.5697     3.5593     9.2773    155.629    0.08919    5.96118    5.95530      8.367     2.7786   10.89352   3.557195 5.0640e-11    21.5563    21.5562 1.0000e-12      3.000          1       5363    1496.90 1.9747e+00  45441.541    223.409 1621569249      -0.02     -0.520   40.49728  -73.78848 0.0000e+00
      2.482    14.6346    28.2715  1020.8778     3.6313     9.4364    158.414    0.07902    5.95684    5.95083      8.382     2.9683   10.88809   3.513910 2.0515e-02    20.8667    20.8666 4.0512e-04      2.500          1       5389    1497.71 1.9747e+00  44318.736    224.483 1621569250       0.06     -0.493   40.49728  -73.78848 0.0000e+00
      1.980    14.8743    27.8930  1020.5355     3.6875     9.4358    158.463    0.03878    5.95458    5.94851      8.400     3.2125   10.88516   3.493601 1.4320e+00    20.5266    20.5266 2.8279e-02      2.000          1       5502    1498.04 1.9747e+00  43760.543    229.210 1621569254       0.07     -0.377   40.49728  -73.78847 0.0000e+00
