CalculateIndicators/WaterTemperature/Data/CTD_NYOS/20210523_C14.cnv
* Sea-Bird SBE 9 Data File:
* FileName = C:\Seabird 9 CTD\Data\2021\202105_offshore\20210523_C14.hex
* Software Version Seasave V 7.23.2
* Temperature SN = 4590
* Conductivity SN = 3228
* Number of Bytes Per Scan = 44
* Number of Voltage Words = 5
* Number of Scans Averaged by the Deck Unit = 1
* NMEA Latitude = 40 16.08 N
* NMEA Longitude = 073 00.52 W
* NMEA UTC (Time) = May 23 2021  01:42:11
* NMEA baud rate = 4800
** Ship: seawolf
** Station: 5.2
** Operator: SJW
# nquan = 31
# nvalues = 149                         
# units = specified
# name 0 = depSM: Depth [salt water, m]
# name 1 = t090C: Temperature [ITS-90, deg C]
# name 2 = sal00: Salinity, Practical [PSU]
# name 3 = density00: Density [density, kg/m^3]
# name 4 = sbeox0V: Oxygen raw, SBE 43 [V]
# name 5 = sbeox0ML/L: Oxygen, SBE 43 [ml/l]
# name 6 = sbeox0PS: Oxygen, SBE 43 [% saturation]
# name 7 = sbox0dV/dT: Oxygen, SBE 43 [dov/dt]
# name 8 = oxsolML/L: Oxygen Saturation, Garcia & Gordon [ml/l]
# name 9 = oxsatML/L: Oxygen Saturation, Weiss [ml/l]
# name 10 = ph: pH
# name 11 = flECO-AFL: Fluorescence, WET Labs ECO-AFL/FL [mg/m^3]
# name 12 = n2satML/L: Nitrogen Saturation [ml/l]
# name 13 = c0S/m: Conductivity [S/m]
# name 14 = cpar: CPAR/Corrected Irradiance [%]
# name 15 = sigma-é00: Density [sigma-theta, kg/m^3]
# name 16 = sigma-t00: Density [sigma-t, kg/m^3 ]
# name 17 = par: PAR/Irradiance, Biospherical/Licor
# name 18 = prDM: Pressure, Digiquartz [db]
# name 19 = pumps: Pump Status
# name 20 = scan: Scan Count
# name 21 = svCM: Sound Velocity [Chen-Millero, m/s]
# name 22 = spar: SPAR, Biospherical/Licor
# name 23 = specc: Specific Conductance [uS/cm]
# name 24 = timeS: Time, Elapsed [seconds]
# name 25 = timeY: Time, System [seconds]
# name 26 = accM: Acceleration [m/s^2]
# name 27 = dz/dtM: Descent Rate [m/s]
# name 28 = latitude: Latitude [deg]
# name 29 = longitude: Longitude [deg]
# name 30 = flag: flag
# span 0 =      1.464,     38.711       
# span 1 =     6.9816,    15.2371       
# span 2 =    31.4542,    33.1057       
# span 3 =  1023.2032,  1026.0744       
# span 4 =     2.0657,     2.8202       
# span 5 =     5.0387,     6.6873       
# span 6 =     77.295,    115.464       
# span 7 =   -0.10025,    0.08411       
# span 8 =    5.76881,    6.84051       
# span 9 =    5.76331,    6.84974       
# span 10 =      7.871,      8.055      
# span 11 =    12.6627,    15.5674      
# span 12 =   10.52614,   12.29026      
# span 13 =   3.352043,   3.995273      
# span 14 = -9.807e+03, 1.0629e+05      
# span 15 =    23.1921,    25.9225      
# span 16 =    23.1920,    25.9221      
# span 17 = -4.622e-05, 8.9791e-03      
# span 18 =      1.500,     39.000      
# span 19 =          1,          1      
# span 20 =         54,       9593      
# span 21 =    1476.77,    1504.12      
# span 22 = -1.243e-01, 2.1684e+00      
# span 23 =  48726.083,  52447.831      
# span 24 =      2.193,    399.685      
# span 25 = 1621734132, 1621734531      
# span 26 =      -0.46,       0.51      
# span 27 =     -0.892,      1.110      
# span 28 =   40.26802,   40.26810      
# span 29 =  -73.00866,  -73.00744      
# span 30 = 0.0000e+00, 0.0000e+00      
# interval = decibars: 0.5              
# start_time = May 23 2021 01:42:10 [System UTC, first data scan.]
# bad_flag = -9.990e-29
*END*
[from data line 47]
     25.800     8.6869    32.6710  1025.4617     2.5008     6.5763     99.351   -0.00373    6.61924    6.62480      8.047    14.6154   11.92858   3.462801 5.0640e-11    25.3434    25.3430 1.0000e-12     26.000          1       1283    1482.60 1.9747e+00  51428.564     53.405 1621734184      -0.15      0.549   40.26806  -73.00850 0.0000e+00
     26.288     8.6240    32.6865  1025.4857     2.4940     6.5484     98.867   -0.00548    6.62342    6.62906      8.048    14.6437   11.93530   3.458896 5.0640e-11    25.3651    25.3647 1.0000e-12     26.500          1       1312    1482.39 1.9747e+00  51464.697     54.628 1621734185      -0.02      0.386   40.26805  -73.00849 0.0000e+00
     26.790     8.5606    32.7098  1025.5159     2.4903     6.5364     98.701   -0.00528    6.62249    6.62810      8.047    14.6310   11.93382   3.455665 5.0640e-11    25.3930    25.3926 1.0000e-12     27.000          1       1331    1482.19 1.9747e+00  51511.778     55.427 1621734186       0.22      0.481   40.26804  -73.00848 0.0000e+00
     27.292     8.5335    32.7276  1025.5363     2.4866     6.5278     98.564   -0.00476    6.62291    6.62853      8.046    14.5543   11.93453   3.455214 5.0640e-11    25.4110    25.4106 1.0000e-12     27.500          1       1349    1482.12 1.9747e+00  51543.585     56.186 1621734187       0.12      0.628   40.26804  -73.00848 0.0000e+00
     27.783     8.4951    32.7458  1025.5586     2.4689     6.5553     97.533   -0.00817    6.72195    6.72925      8.025    14.6173   12.09599   3.453835 5.0640e-11    25.4310    25.4306 1.0000e-12     28.000          1       1398    1482.01 1.9747e+00  51578.170     58.199 1621734189      -0.02      0.332   40.26804  -73.00847 0.0000e+00
     28.271     8.4043    32.7709  1025.5942     2.4327     6.4800     94.842   -0.01921    6.83235    6.84150      7.960    14.8252   12.27624   3.447389 5.0640e-11    25.4644    25.4640 1.0000e-12     28.500          1       1445    1481.71 1.9747e+00  51634.147     60.186 1621734190       0.48      0.256   40.26804  -73.00846 0.0000e+00
     28.773     8.1719    32.8221  1025.6712     2.4041     6.3066     92.290   -0.03074    6.83347    6.84264      7.938    14.9022   12.27816   3.429701 3.8314e+04    25.5390    25.5386 1.0000e-12     29.000          1       1460    1480.90 1.2181e+00  51760.620     60.789 1621734191       0.47      0.553   40.26805  -73.00846 0.0000e+00
     29.275     7.8642    32.8854  1025.7682     2.3628     6.0618     88.701   -0.04642    6.83402    6.84320      7.928    15.0158   12.27912   3.407145 9.9249e+04    25.6334    25.6330 1.0000e-12     29.500          1       1473    1479.82 1.4805e-02  51922.906     61.347 1621734192       0.30      0.768   40.26806  -73.00846 0.0000e+00
     29.773     7.2838    33.0491  1025.9811     2.3062     5.7256     83.778   -0.06787    6.83422    6.84339      7.922    15.0522   12.27948   3.369835 9.9999e+04    25.8436    25.8433 1.0000e-12     30.000          1       1488    1477.81 0.0000e+00  52303.223     61.976 1621734192       0.02      0.858   40.26806  -73.00846 0.0000e+00
     30.264     7.0340    33.1057  1026.0624     2.2413     5.3940     78.925   -0.08442    6.83434    6.84352      7.921    15.0907   12.27972   3.355992 9.9999e+04    25.9225    25.9221 1.0000e-12     30.500          1       1508    1476.92 0.0000e+00  52447.831     62.778 1621734193      -0.21      0.762   40.26806  -73.00846 0.0000e+00
     30.753     7.0186    33.0976  1026.0604     2.1900     5.2829     77.295   -0.07510    6.83471    6.84388      7.921    15.1487   12.28035   3.354561 9.9999e+04    25.9182    25.9178 1.0000e-12     31.000          1       1528    1476.86 0.0000e+00  52440.559     63.620 1621734194      -0.10      0.604   40.26806  -73.00846 0.0000e+00
     31.258     7.0146    33.0931  1026.0597     2.1618     5.3043     77.606   -0.05780    6.83495    6.84412      7.920    15.3455   12.28077   3.354220 9.9999e+04    25.9152    25.9148 1.0000e-12     31.500          1       1544    1476.84 0.0000e+00  52435.445     64.300 1621734195       0.12      0.626   40.26806  -73.00846 0.0000e+00
     31.759     7.0144    33.0896  1026.0593     2.1389     5.3394     78.122   -0.04104    6.83466    6.84383      7.917    15.3586   12.28031   3.354276 4.8180e+04    25.9125    25.9121 1.0000e-12     32.000          1       1563    1476.85 1.0233e+00  52430.913     65.065 1621734195       0.02      0.699   40.26804  -73.00846 0.0000e+00
     32.243     7.0126    33.0832  1026.0568     2.1074     5.4025     79.035   -0.01606    6.83555    6.84473      7.915    15.3528   12.28183   3.354307 6.1439e+04    25.9077    25.9073 1.0000e-12     32.500          1       1611    1476.84 7.6146e-01  52422.665     67.101 1621734197      -0.15      0.250   40.26804  -73.00844 0.0000e+00
     32.743     7.0138    33.0800  1026.0564     2.0967     5.4198     79.277   -0.00834    6.83651    6.84570 -9.990e-29    15.4044   12.28343   3.354500 9.9962e+04    25.9050    25.9046 1.0000e-12     33.000          1       1644    1476.85 7.2706e-04  52417.973     68.478 1621734199       0.43      0.285   40.26804  -73.00844 0.0000e+00
     33.245     7.0095    33.0788  1026.0584     2.0923     5.4194     79.266   -0.00629    6.83689    6.84609 -9.990e-29    15.3378   12.28408   3.354259 9.9999e+04    25.9047    25.9043 1.0000e-12     33.500          1       1665    1476.84 0.0000e+00  52417.785     69.313 1621734200       0.18      0.564   40.26806  -73.00844 0.0000e+00
     33.730     7.0094    33.0770  1026.0592     2.0886     5.4225     79.312   -0.00400    6.83692    6.84611 -9.990e-29    15.3011   12.28414   3.354358 9.9999e+04    25.9033    25.9028 1.0000e-12     34.000          1       1693    1476.84 0.0000e+00  52415.526     70.482 1621734201      -0.19      0.491   40.26804  -73.00844 0.0000e+00
     34.230     7.0050    33.0760  1026.0614     2.0860     5.4204     79.275   -0.00311    6.83742    6.84662 -9.990e-29    15.3975   12.28498   3.353999 9.9999e+04    25.9031    25.9027 1.0000e-12     34.500          1       1713    1476.83 0.0000e+00  52415.727     71.326 1621734202       0.16      0.450   40.26804  -73.00842 0.0000e+00
     34.733     7.0013    33.0752  1026.0635     2.0845     5.4193     79.245   -0.00273    6.83864    6.84786      7.907    15.4116   12.28700   3.353790 9.9999e+04    25.9029    25.9025 1.0000e-12     35.000          1       1730    1476.83 0.0000e+00  52415.825     72.041 1621734202       0.21      0.619   40.26804  -73.00842 0.0000e+00
     35.227     7.0014    33.0740  1026.0648     2.0825     5.4171     79.205   -0.00216    6.83937    6.84860      7.907    15.4246   12.28821   3.353873 9.9999e+04    25.9020    25.9016 1.0000e-12     35.500          1       1755    1476.84 0.0000e+00  52414.453     73.078 1621734203      -0.16      0.592   40.26804  -73.00842 0.0000e+00
     35.718     6.9981    33.0725  1026.0664     2.0804     5.4149     79.168   -0.00152    6.83977    6.84900      7.907    15.4305   12.28889   3.353574 9.9999e+04    25.9013    25.9008 1.0000e-12     36.000          1       1786    1476.83 0.0000e+00  52413.484     74.377 1621734205      -0.05      0.373   40.26804  -73.00842 0.0000e+00
     36.219     6.9886    33.0713  1026.0691     2.0781     5.4062     79.039   -0.00173    6.83995    6.84918      7.907    15.4311   12.28919   3.352784 9.9999e+04    25.9016    25.9012 1.0000e-12     36.500          1       1817    1476.80 0.0000e+00  52414.711     75.686 1621734206      -0.06      0.397   40.26804  -73.00840 0.0000e+00
     36.711     6.9827    33.0700  1026.0711     2.0745     5.3941     78.862   -0.00173    6.83995    6.84918 -9.990e-29    15.4521   12.28920   3.352364 9.9999e+04    25.9014    25.9009 1.0000e-12     37.000          1       1868    1476.78 0.0000e+00  52414.716     77.800 1621734208      -0.00      0.213   40.26804  -73.00840 0.0000e+00
     37.208     6.9854    33.0686  1026.0719     2.0729     5.3955     78.879   -0.00080    6.84031    6.84956      7.901    15.4305   12.28982   3.352630 9.9999e+04    25.8999    25.8995 1.0000e-12     37.500          1       1918    1476.80 0.0000e+00  52412.367     79.869 1621734210      -0.04      0.240   40.26804  -73.00838 0.0000e+00
     37.702     6.9816    33.0682  1026.0744     2.0716     5.3913     78.816   -0.00077    6.84039    6.84963      7.898    15.3570   12.28995   3.352384 9.9999e+04    25.9001    25.8997 1.0000e-12     38.000          1       1963    1476.79 0.0000e+00  52413.129     81.730 1621734212       0.17      0.230   40.26804  -73.00837 0.0000e+00
     38.206     6.9845    33.0649  1026.0738     2.0696     5.3893     78.791   -0.00005    6.84000    6.84923      7.893    15.4156   12.28934   3.352522 1.9599e+04    25.8971    25.8967 1.0000e-12     38.500          1       2226    1476.81 1.5877e+00  52407.959     92.709 1621734223       0.09      0.218   40.26804  -73.00834 0.0000e+00
     38.711     6.9833    33.0579  1026.0708     2.0657     5.3755     78.584   -0.00018    6.84051    6.84974 -9.990e-29    15.5542   12.29026   3.352043 -9.807e+03    25.8918    25.8913 1.0000e-12     39.000          1       3721    1476.80 2.1684e+00  52398.753    155.009 1621734285      -0.33      0.449   40.26804  -73.00813 0.0000e+00
     38.201     6.9843    33.0608  1026.0706     2.0666     5.3766     78.602   -0.00039    6.84024    6.84947 -9.990e-29    15.5061   12.28978   3.352270 4.2889e+04    25.8940    25.8935 1.0000e-12     38.500          1       3126    1476.80 1.1278e+00  52402.282    130.225 1621734261      -0.20     -0.017   40.26803  -73.00821 0.0000e+00
     37.707     6.9845    33.0606  1026.0681     2.0666     5.3807     78.665    0.00031    6.84001    6.84924 -9.990e-29    15.4718   12.28941   3.352261 4.3362e+04    25.8938    25.8933 1.0000e-12     38.000          1       3295    1476.79 1.1184e+00  52401.555    137.261 1621734268      -0.09     -0.095   40.26803  -73.00818 0.0000e+00
     37.207     6.9850    33.0607  1026.0658     2.0669     5.3790     78.641   -0.00000    6.83995    6.84918      7.873    15.5092   12.28931   3.352282 1.5704e+03    25.8937    25.8933 1.0000e-12     37.500          1       3322    1476.79 1.9437e+00  52401.133    138.387 1621734269      -0.10     -0.327   40.26804  -73.00818 0.0000e+00
     36.716     6.9857    33.0605  1026.0632     2.0668     5.3790     78.641    0.00012    6.83990    6.84912      7.872    15.4684   12.28922   3.352305 5.0640e-11    25.8935    25.8930 1.0000e-12     37.000          1       3363    1476.78 1.9747e+00  52400.315    140.064 1621734270       0.03     -0.295   40.26804  -73.00818 0.0000e+00
     36.214     6.9858    33.0607  1026.0611     2.0664     5.3732     78.565   -0.00040    6.83920    6.84842      7.871    15.4417   12.28807   3.352312 5.0640e-11    25.8937    25.8932 1.0000e-12     36.500          1       3392    1476.77 1.9747e+00  52400.314    141.304 1621734272      -0.09     -0.373   40.26804  -73.00818 0.0000e+00
     35.722     6.9864    33.0605  1026.0585     2.0665     5.3744     78.597    0.00002    6.83798    6.84718      7.871    15.3462   12.28606   3.352321 5.0640e-11    25.8934    25.8930 1.0000e-12     36.000          1       3428    1476.77 1.9747e+00  52399.482    142.800 1621734273       0.08     -0.356   40.26804  -73.00818 0.0000e+00
     35.236     6.9886    33.0602  1026.0557     2.0670     5.3781     78.657    0.00046    6.83737    6.84656      7.871    15.3483   12.28505   3.352510 5.0640e-11    25.8928    25.8924 1.0000e-12     35.500          1       3458    1476.77 1.9747e+00  52398.082    144.028 1621734274      -0.14     -0.338   40.26804  -73.00816 0.0000e+00
     34.728     6.9935    33.0601  1026.0527     2.0677     5.3815     78.708    0.00063    6.83729    6.84647      7.871    15.3395   12.28492   3.352900 5.0640e-11    25.8921    25.8917 1.0000e-12     35.000          1       3473    1476.78 1.9747e+00  52396.335    144.682 1621734275      -0.33     -0.508   40.26804  -73.00816 0.0000e+00
     34.229     6.9961    33.0599  1026.0499     2.0677     5.3805     78.695    0.00053    6.83722    6.84640      7.871    15.3694   12.28481   3.353117 5.0640e-11    25.8916    25.8912 1.0000e-12     34.500          1       3488    1476.78 1.9747e+00  52395.054    145.273 1621734276      -0.30     -0.700   40.26804  -73.00816 0.0000e+00
     33.731     6.9998    33.0599  1026.0470     2.0678     5.3789     78.678    0.00036    6.83665    6.84582      7.872    15.3961   12.28387   3.353391 5.0640e-11    25.8911    25.8907 1.0000e-12     34.000          1       3503    1476.79 1.9747e+00  52393.684    145.911 1621734276      -0.07     -0.818   40.26804  -73.00815 0.0000e+00
     33.236     7.0017    33.0596  1026.0443     2.0681     5.3787     78.681    0.00026    6.83603    6.84519      7.872    15.4550   12.28284   3.353533 5.0640e-11    25.8906    25.8902 1.0000e-12     33.500          1       3522    1476.79 1.9747e+00  52392.446    146.699 1621734277       0.16     -0.754   40.26804  -73.00814 0.0000e+00
     32.743     7.0033    33.0596  1026.0417     2.0685     5.3797     78.700    0.00034    6.83568    6.84484      7.871    15.4778   12.28227   3.353621 5.0640e-11    25.8904    25.8900 1.0000e-12     33.000          1       3546    1476.78 1.9747e+00  52391.664    147.705 1621734278       0.16     -0.570   40.26804  -73.00814 0.0000e+00
     32.247     7.0068    33.0595  1026.0389     2.0691     5.3821     78.736    0.00046    6.83559    6.84475      7.871    15.3742   12.28213   3.353934 3.0955e+04    25.8898    25.8894 1.0000e-12     32.500          1       3573    1476.79 1.3634e+00  52390.191    148.830 1621734279       0.05     -0.463   40.26804  -73.00814 0.0000e+00
     31.755     7.0123    33.0592  1026.0356     2.0692     5.3799     78.707    0.00017    6.83529    6.84445      7.871    15.4146   12.28163   3.354367 1.0241e+05    25.8888    25.8885 1.0000e-12     32.000          1       3600    1476.80 -4.769e-02  52388.033    149.976 1621734280       0.00     -0.426   40.26804  -73.00814 0.0000e+00
     31.254     7.0135    33.0597  1026.0335     2.0699     5.3822     78.765    0.00048    6.83322    6.84234      7.871    15.4660   12.27824   3.354476 9.9999e+04    25.8890    25.8887 1.0000e-12     31.500          1       3623    1476.80 0.0000e+00  52388.028    150.898 1621734281      -0.10     -0.485   40.26804  -73.00814 0.0000e+00
     30.758     7.0141    33.0594  1026.0310     2.0705     5.3600     78.766    0.00067    6.80489    6.81350      7.871    15.4137   12.23217   3.354471 9.9999e+04    25.8888    25.8884 1.0000e-12     31.000          1       3647    1476.79 0.0000e+00  52387.217    151.918 1621734282       0.04     -0.528   40.26804  -73.00814 0.0000e+00
     30.264     7.0167    33.0596  1026.0284     2.0741     5.2976     78.892    0.00161    6.71499    6.72202      7.876    15.5674   12.08597   3.354716 9.9999e+04    25.8885    25.8881 1.0000e-12     30.500          1       3676    1476.79 0.0000e+00  52386.317    153.144 1621734283       0.06     -0.419   40.26804  -73.00814 0.0000e+00
     29.769     7.0569    33.0506  1026.0136     2.0987     5.3990     81.018    0.01231    6.66411    6.67033      7.904    15.3875   12.00271   3.358055 9.9999e+04    25.8760    25.8757 1.0000e-12     30.000          1       3704    1476.93 0.0000e+00  52362.675    154.291 1621734285      -0.03     -0.425   40.26804  -73.00814 0.0000e+00
     29.277     7.3789    32.9467  1025.8852     2.1610     5.7641     86.844    0.04271    6.63737    6.64315      7.925    15.1551   11.95902   3.379658 9.9999e+04    25.7501    25.7497 1.0000e-12     29.500          1       3727    1478.04 0.0000e+00  52132.077    155.254 1621734286      -0.08     -0.464   40.26804  -73.00812 0.0000e+00
