CalculateIndicators/WaterTemperature/Data/CTD_NYOS/20210324_C24.cnv
* Sea-Bird SBE 9 Data File:
* FileName = C:\Seabird 9 CTD\Data\2021\202103_offshore\20210324_C24.hex
* Software Version Seasave V 7.23.2
* Temperature SN = 4590
* Conductivity SN = 3228
* Number of Bytes Per Scan = 44
* Number of Voltage Words = 5
* Number of Scans Averaged by the Deck Unit = 1
* NMEA Latitude = 39 31.57 N
* NMEA Longitude = 072 23.63 W
* NMEA UTC (Time) = Mar 24 2021  11:46:31
* NMEA baud rate = 4800
** Ship: RV Seawolf
** Station: 4.5
** Operator: tcm
# nquan = 31
# nvalues = 607                         
# units = specified
# name 0 = depSM: Depth [salt water, m]
# name 1 = t090C: Temperature [ITS-90, deg C]
# name 2 = sal00: Salinity, Practical [PSU]
# name 3 = density00: Density [density, kg/m^3]
# name 4 = sbeox0V: Oxygen raw, SBE 43 [V]
# name 5 = sbeox0ML/L: Oxygen, SBE 43 [ml/l]
# name 6 = sbeox0PS: Oxygen, SBE 43 [% saturation]
# name 7 = sbox0dV/dT: Oxygen, SBE 43 [dov/dt]
# name 8 = oxsolML/L: Oxygen Saturation, Garcia & Gordon [ml/l]
# name 9 = oxsatML/L: Oxygen Saturation, Weiss [ml/l]
# name 10 = ph: pH
# name 11 = flECO-AFL: Fluorescence, WET Labs ECO-AFL/FL [mg/m^3]
# name 12 = n2satML/L: Nitrogen Saturation [ml/l]
# name 13 = c0S/m: Conductivity [S/m]
# name 14 = cpar: CPAR/Corrected Irradiance [%]
# name 15 = sigma-é00: Density [sigma-theta, kg/m^3]
# name 16 = sigma-t00: Density [sigma-t, kg/m^3 ]
# name 17 = par: PAR/Irradiance, Biospherical/Licor
# name 18 = prDM: Pressure, Digiquartz [db]
# name 19 = pumps: Pump Status
# name 20 = scan: Scan Count
# name 21 = svCM: Sound Velocity [Chen-Millero, m/s]
# name 22 = spar: SPAR, Biospherical/Licor
# name 23 = specc: Specific Conductance [uS/cm]
# name 24 = timeS: Time, Elapsed [seconds]
# name 25 = timeY: Time, System [seconds]
# name 26 = accM: Acceleration [m/s^2]
# name 27 = dz/dtM: Descent Rate [m/s]
# name 28 = latitude: Latitude [deg]
# name 29 = longitude: Longitude [deg]
# name 30 = flag: flag
# span 0 =      1.982,    302.481       
# span 1 =     8.9613,    13.9628       
# span 2 =    33.7895,    35.7708       
# span 3 =  1026.1709,  1028.3774       
# span 4 =     1.5426,     2.5914       
# span 5 =     3.2489,     6.7311       
# span 6 =     53.644,    104.113       
# span 7 =   -0.02084,    0.02879       
# span 8 =    5.78495,    6.51018       
# span 9 =    5.78183,    6.51530       
# span 10 =      8.381,      8.570      
# span 11 =    -0.0738,     0.7278      
# span 12 =   10.51343,   11.73508      
# span 13 =   3.597236,   4.280630      
# span 14 = -1.808e-04, 2.4632e+01      
# span 15 =    26.1616,    27.0207      
# span 16 =    26.1616,    27.0130      
# span 17 = -7.006e-04, 1.6345e+02      
# span 18 =      2.000,    305.000      
# span 19 =          1,          1      
# span 20 =         34,      46098      
# span 21 =    1484.93,    1507.22      
# span 22 = 3.6762e+02, 8.0312e+02      
# span 23 =  52913.791,  54965.440      
# span 24 =      1.388,   1920.718      
# span 25 = 1616586393, 1616588312      
# span 26 =      -1.24,       1.31      
# span 27 =     -1.596,      1.605      
# span 28 =   39.52604,   39.52626      
# span 29 =  -72.39756,  -72.39388      
# span 30 = 0.0000e+00, 0.0000e+00      
# interval = decibars: 1                
# start_time = Mar 24 2021 11:46:32 [System UTC, first data scan.]
# bad_flag = -9.990e-29
*END*
[from data line 94]
     95.260    10.8748    34.6584  1026.9647     2.2868     5.4327     88.606   -0.00988    6.20628    6.20784      8.498     0.0333   11.22298   3.864738 2.5563e-13    26.5341    26.5320 1.0000e-12     96.000          1       5924    1494.10 3.9120e+02  53826.933    246.800 1616586638       0.19      1.544   39.52612  -72.39436 0.0000e+00
     96.255    11.0010    34.7009  1026.9793     2.2762     5.4779     87.854   -0.01245    6.19324    6.19465      8.498     0.0534   11.20106   3.880195 2.5652e-13    26.5446    26.5424 1.0000e-12     97.000          1       5962    1494.61 3.8986e+02  53863.758    248.369 1616586640      -0.32      1.304   39.52612  -72.39436 0.0000e+00
     97.227    11.1441    34.7524  1026.9976     2.2558     5.3510     87.214   -0.00793    6.15334    6.15430      8.490     0.0560   11.13381   3.898760 2.5948e-13    26.5587    26.5565 1.0000e-12     98.000          1       6112    1495.19 3.8540e+02  53910.192    254.614 1616586646       0.55      0.847   39.52612  -72.39438 0.0000e+00
     98.229    11.1813    34.7641  1027.0043     2.2507     5.3401     87.015   -0.00733    6.15366    6.15462      8.489     0.0750   11.13433   3.903200 2.5663e-13    26.5611    26.5588 1.0000e-12     99.000          1       6130    1495.35 3.8967e+02  53920.594    255.363 1616586647       0.18      1.150   39.52612  -72.39438 0.0000e+00
     99.222    11.2214    34.7811  1027.0146     2.2438     5.3241     86.760   -0.00627    6.15140    6.15234 -9.990e-29     0.0545   11.13056   3.908993 2.5583e-13    26.5670    26.5647 1.0000e-12    100.000          1       6157    1495.53 3.9089e+02  53937.636    256.508 1616586648      -0.26      1.028   39.52612  -72.39438 0.0000e+00
    100.207    11.2731    34.7993  1027.0237     2.2350     5.3112     86.562   -0.00335    6.14426    6.14511      8.489     0.0851   11.11853   3.915283 2.6227e-13    26.5717    26.5694 1.0000e-12    101.000          1       6222    1495.75 3.8144e+02  53954.361    259.189 1616586651      -0.08      0.393   39.52612  -72.39438 0.0000e+00
    101.195    11.3354    34.8233  1027.0353     2.2288     5.2403     86.405   -0.00126    6.11014    6.11060      8.487     0.0818   11.06113   3.924089 2.6663e-13    26.5790    26.5767 1.0000e-12    102.000          1       6317    1496.01 3.7510e+02  53977.480    263.173 1616586655       0.36      0.390   39.52612  -72.39438 0.0000e+00
    102.190    11.4747    34.8717  1027.0513     2.2184     5.1850     85.516   -0.00589    6.09850    6.09882      8.484 -9.990e-29   11.04154   3.942672 2.5797e-13    26.5909    26.5884 1.0000e-12    103.000          1       6356    1496.57 3.8765e+02  54021.093    264.787 1616586656      -0.06      0.611   39.52612  -72.39438 0.0000e+00
    103.181    11.5870    34.9109  1027.0651     2.2074     5.1510     84.917   -0.00653    6.08833    6.08854      8.482 -9.990e-29   11.02444   3.957222 2.5722e-13    26.6005    26.5981 1.0000e-12    104.000          1       6397    1497.02 3.8876e+02  54056.873    266.495 1616586658       0.11      0.564   39.52612  -72.39438 0.0000e+00
    104.174    11.6661    34.9401  1027.0773     2.1968     5.1187     84.390   -0.00661    6.08743    6.08763      8.482     0.1679   11.02293   3.967891 2.5924e-13    26.6084    26.6059 1.0000e-12    105.000          1       6434    1497.34 3.8574e+02  54084.530    268.060 1616586660      -0.04      0.650   39.52612  -72.39439 0.0000e+00
    105.167    11.7289    34.9621  1027.0869     2.1866     5.1164     84.067   -0.00435    6.08527    6.08544 -9.990e-29     0.0569   11.01928   3.975605 2.6132e-13    26.6137    26.6112 1.0000e-12    106.000          1       6498    1497.60 3.8268e+02  54105.006    270.710 1616586662       0.10      0.419   39.52612  -72.39440 0.0000e+00
    106.157    11.7485    34.9704  1027.0941     2.1822     5.0973     84.116   -0.00128    6.07929    6.07939 -9.990e-29     0.0444   11.00922   3.978283 2.5924e-13    26.6166    26.6140 1.0000e-12    107.000          1       6576    1497.70 3.8574e+02  54113.893    273.955 1616586666       0.65      0.584   39.52612  -72.39440 0.0000e+00
    107.158    11.7694    34.9767  1027.0996     2.1802     5.0914     83.972   -0.00173    6.06981    6.06981 -9.990e-29     0.0697   10.99329   3.980863 2.5752e-13    26.6175    26.6149 1.0000e-12    108.000          1       6603    1497.79 3.8832e+02  54119.787    275.096 1616586667      -0.00      0.909   39.52612  -72.39440 0.0000e+00
    108.137    11.8168    34.9928  1027.1074     2.1757     5.0557     83.729   -0.00197    6.06244    6.06235      8.482     0.0811   10.98090   3.987324 2.5787e-13    26.6211    26.6184 1.0000e-12    109.000          1       6660    1497.99 3.8780e+02  54134.684    277.462 1616586669      -0.15      0.355   39.52612  -72.39440 0.0000e+00
    109.132    11.9016    35.0199  1027.1166     2.1663     5.0363     83.193   -0.00297    6.05805    6.05791      8.481     0.0530   10.97351   3.998046 2.6077e-13    26.6261    26.6234 1.0000e-12    110.000          1       6728    1498.33 3.8349e+02  54158.758    280.273 1616586672      -0.05      0.326   39.52612  -72.39442 0.0000e+00
    110.113    11.9427    35.0344  1027.1244     2.1612     5.0190     83.030   -0.00196    6.05765    6.05750 -9.990e-29     0.0385   10.97283   4.003499 2.5917e-13    26.6295    26.6268 1.0000e-12    111.000          1       6786    1498.50 3.8585e+02  54172.794    282.707 1616586674       0.50      0.437   39.52612  -72.39442 0.0000e+00
    111.131    11.9446    35.0348  1027.1290     2.1592     5.0217     82.898   -0.00238    6.05740    6.05726      8.481     0.0539   10.97242   4.003569 2.5965e-13    26.6295    26.6268 1.0000e-12    112.000          1       6811    1498.53 3.8513e+02  54173.606    283.742 1616586675       0.23      0.864   39.52612  -72.39442 0.0000e+00
    112.102    11.9457    35.0365  1027.1344     2.1575     5.0056     83.058    0.00040    6.05730    6.05716      8.481     0.0396   10.97221   4.003822 2.6059e-13    26.6306    26.6278 1.0000e-12    113.000          1       6905    1498.55 3.8374e+02  54176.273    287.656 1616586679       0.90      0.388   39.52612  -72.39444 0.0000e+00
    113.114    11.9673    35.0432  1027.1401     2.1549     5.0039     82.777   -0.00148    6.04998    6.04976      8.481     0.0647   10.95994   4.006865 2.5932e-13    26.6318    26.6290 1.0000e-12    114.000          1       6926    1498.65 3.8562e+02  54182.760    288.556 1616586680       0.25      0.978   39.52612  -72.39444 0.0000e+00
    114.087    11.9981    35.0547  1027.1474     2.1541     4.9827     82.824   -0.00039    6.03752    6.03714 -9.990e-29     0.0624   10.93903   4.011158 2.5843e-13    26.6348    26.6320 1.0000e-12    115.000          1       7000    1498.78 3.8700e+02  54194.165    291.644 1616586683       0.17      0.209   39.52612  -72.39444 0.0000e+00
    115.085    12.0715    35.0748  1027.1533     2.1472     4.9665     82.333   -0.00232    6.03578    6.03539      8.480     0.0753   10.93610   4.020121 2.5849e-13    26.6365    26.6335 1.0000e-12    116.000          1       7061    1499.07 3.8688e+02  54210.665    294.185 1616586686      -0.08      0.355   39.52612  -72.39444 0.0000e+00
    116.068    12.1001    35.0845  1027.1597     2.1447     4.9556     82.402    0.00006    6.02441    6.02389      8.480     0.0541   10.91697   4.023850 2.5979e-13    26.6385    26.6356 1.0000e-12    117.000          1       7138    1499.20 3.8493e+02  54220.057    297.366 1616586689       0.24      0.347   39.52612  -72.39446 0.0000e+00
    117.073    12.1110    35.0888  1027.1654     2.1432     4.9337     82.251   -0.00087    6.01820    6.01761 -9.990e-29     0.0559   10.90652   4.025564 2.5900e-13    26.6397    26.6368 1.0000e-12    118.000          1       7166    1499.26 3.8611e+02  54224.769    298.562 1616586690       0.21      0.712   39.52612  -72.39446 0.0000e+00
    118.059    12.1978    35.1197  1027.1769     2.1365     4.9071     81.752   -0.00307    6.01434    6.01370      8.480     0.0946   10.90003   4.037328 2.5699e-13    26.6470    26.6440 1.0000e-12    119.000          1       7220    1499.61 3.8911e+02  54254.137    300.778 1616586692      -0.18      0.446   39.52612  -72.39446 0.0000e+00
    119.051    12.2522    35.1364  1027.1837     2.1291     4.8927     81.445   -0.00244    6.01117    6.01050      8.480     0.0778   10.89468   4.044056 2.5901e-13    26.6496    26.6465 1.0000e-12    120.000          1       7288    1499.83 3.8609e+02  54269.235    303.634 1616586695      -0.03      0.349   39.52612  -72.39447 0.0000e+00
    120.041    12.2677    35.1435  1027.1906     2.1260     4.8875     81.417   -0.00096    6.00694    6.00622      8.479     0.0739   10.88755   4.046356 2.6086e-13    26.6520    26.6489 1.0000e-12    121.000          1       7346    1499.90 3.8335e+02  54277.136    306.059 1616586698       0.20      0.446   39.52612  -72.39448 0.0000e+00
    121.035    12.2898    35.1521  1027.1975     2.1245     4.8814     81.350   -0.00092    6.00574    6.00501 -9.990e-29     0.1263   10.88552   4.049352 2.5814e-13    26.6545    26.6514 1.0000e-12    122.000          1       7386    1500.01 3.8739e+02  54286.192    307.705 1616586699      -0.01      0.606   39.52612  -72.39448 0.0000e+00
    122.031    12.3096    35.1601  1027.2042     2.1224     4.8737     81.227   -0.00117    6.00500    6.00426      8.479     0.0771   10.88428   4.052128 2.5594e-13    26.6569    26.6537 1.0000e-12    123.000          1       7428    1500.10 3.9073e+02  54294.640    309.473 1616586701      -0.02      0.576   39.52612  -72.39448 0.0000e+00
    123.010    12.3252    35.1671  1027.2110     2.1202     4.8377     81.194   -0.00034    5.98956    5.98865      8.476     0.1195   10.85818   4.054388 2.6428e-13    26.6593    26.6561 1.0000e-12    124.000          1       7521    1500.18 3.7837e+02  54302.452    313.333 1616586705       0.41      0.172   39.52612  -72.39448 0.0000e+00
    124.013    12.3816    35.1920  1027.2237     2.1142     4.8112     80.630   -0.00375    5.98766    5.98674      8.476     0.1022   10.85501   4.062970 2.6025e-13    26.6677    26.6644 1.0000e-12    125.000          1       7548    1500.41 3.8426e+02  54328.566    314.454 1616586706       0.20      0.748   39.52612  -72.39450 0.0000e+00
    125.007    12.4212    35.2084  1027.2331     2.1093     4.8049     80.414   -0.00343    5.98423    5.98327      8.477     0.1022   10.84921   4.068176 2.5627e-13    26.6727    26.6694 1.0000e-12    126.000          1       7586    1500.58 3.9023e+02  54345.609    316.027 1616586708      -0.12      0.678   39.52612  -72.39450 0.0000e+00
    125.985    12.4812    35.2329  1027.2446     2.1008     4.7440     80.135   -0.00149    5.95399    5.95270      8.473     0.1063   10.79813   4.076679 2.6111e-13    26.6800    26.6767 1.0000e-12    127.000          1       7679    1500.83 3.8298e+02  54370.627    319.937 1616586711       0.17      0.117   39.52610  -72.39450 0.0000e+00
    126.987    12.5766    35.2769  1027.2642     2.0930     4.7009     79.468   -0.00506    5.94373    5.94233      8.472     0.1448   10.78085   4.091569 2.6015e-13    26.6954    26.6920 1.0000e-12    128.000          1       7712    1501.22 3.8439e+02  54417.228    321.297 1616586713       0.21      0.661   39.52610  -72.39450 0.0000e+00
    127.979    12.6848    35.3200  1027.2804     2.0861     4.7064     79.112   -0.00527    5.94035    5.93891      8.472     0.1953   10.77517   4.106122 2.5748e-13    26.7075    26.7040 1.0000e-12    129.000          1       7748    1501.65 3.8838e+02  54460.749    322.779 1616586714      -0.07      0.697   39.52611  -72.39450 0.0000e+00
    128.971    12.7700    35.3513  1027.2919     2.0857     4.7252     79.474   -0.00034    5.93861    5.93715      8.476     0.1364   10.77222   4.117597 2.5756e-13    26.7148    26.7113 1.0000e-12    130.000          1       7803    1501.99 3.8826e+02  54491.544    325.102 1616586717      -0.11      0.426   39.52612  -72.39450 0.0000e+00
    129.950    12.8035    35.3637  1027.2992     2.0882     4.7293     79.698    0.00064    5.93614    5.93466      8.477     0.1654   10.76806   4.121668 2.6241e-13    26.7178    26.7143 1.0000e-12    131.000          1       7906    1502.13 3.8106e+02  54504.207    329.373 1616586721       0.20      0.137   39.52612  -72.39451 0.0000e+00
    130.952    12.8077    35.3657  1027.3044     2.0879     4.7289     79.657    0.00020    5.93595    5.93447      8.477     0.1396   10.76775   4.122374 2.6097e-13    26.7186    26.7150 1.0000e-12    132.000          1       7929    1502.17 3.8319e+02  54506.951    330.347 1616586722       0.50      0.710   39.52612  -72.39452 0.0000e+00
    131.950    12.8121    35.3673  1027.3092     2.0882     4.7288     79.665    0.00012    5.93579    5.93430 -9.990e-29     0.1822   10.76748   4.122936 2.5820e-13    26.7189    26.7153 1.0000e-12    133.000          1       7954    1502.20 3.8731e+02  54509.039    331.377 1616586723       0.05      0.980   39.52612  -72.39452 0.0000e+00
    132.941    12.8161    35.3687  1027.3140     2.0887     4.7329     79.704    0.00030    5.93539    5.93390      8.481     0.1501   10.76679   4.123433 2.5593e-13    26.7193    26.7156 1.0000e-12    134.000          1       7999    1502.23 3.9079e+02  54511.014    333.262 1616586725      -0.18      0.663   39.52612  -72.39453 0.0000e+00
    133.922    12.8203    35.3710  1027.3193     2.0903     4.7416     79.842    0.00075    5.92552    5.92392      8.481     0.1442   10.75017   4.124020 2.6326e-13    26.7202    26.7165 1.0000e-12    135.000          1       8113    1502.26 3.7986e+02  54514.055    338.009 1616586730       0.75      0.576   39.52612  -72.39454 0.0000e+00
    134.928    12.8298    35.3744  1027.3245     2.0923     4.7449     80.009    0.00167    5.92500    5.92339      8.481     0.1223   10.74928   4.125469 2.5821e-13    26.7210    26.7173 1.0000e-12    136.000          1       8132    1502.32 3.8729e+02  54517.858    338.772 1616586730       0.30      1.053   39.52612  -72.39454 0.0000e+00
    135.916    12.8740    35.3906  1027.3326     2.0943     4.7461     80.112    0.00168    5.92424    5.92262      8.481     0.1307   10.74801   4.131687 2.5518e-13    26.7247    26.7210 1.0000e-12    137.000          1       8165    1502.50 3.9188e+02  54534.283    340.180 1616586732      -0.29      0.840   39.52612  -72.39454 0.0000e+00
    136.900    12.9056    35.4025  1027.3398     2.0955     4.7385     80.048   -0.00004    5.92069    5.91903      8.481     0.1232   10.74202   4.135838 2.6025e-13    26.7277    26.7239 1.0000e-12    138.000          1       8250    1502.64 3.8434e+02  54546.515    343.692 1616586735       0.16      0.206   39.52612  -72.39455 0.0000e+00
    137.895    12.9135    35.4053  1027.3448     2.0939     4.7234     79.928   -0.00076    5.91626    5.91456      8.481     0.1291   10.73458   4.136909 2.6187e-13    26.7283    26.7244 1.0000e-12    139.000          1       8315    1502.68 3.8189e+02  54549.715    346.431 1616586738       0.52      0.636   39.52612  -72.39456 0.0000e+00
    138.891    12.9379    35.4145  1027.3515     2.0930     4.7273     79.860   -0.00108    5.91614    5.91443      8.481     0.1397   10.73436   4.140595 2.5736e-13    26.7306    26.7267 1.0000e-12    140.000          1       8344    1502.79 3.8857e+02  54559.490    347.617 1616586739      -0.05      0.879   39.52612  -72.39456 0.0000e+00
    139.879    12.9616    35.4219  1027.3568     2.0935     4.7369     79.992    0.00022    5.91394    5.91222      8.483     0.1132   10.73068   4.143448 2.5630e-13    26.7315    26.7276 1.0000e-12    141.000          1       8396    1502.90 3.9019e+02  54566.675    349.807 1616586741      -0.17      0.463   39.52612  -72.39456 0.0000e+00
