CalculateIndicators/WaterTemperature/Data/CTD_NYOS/20210525_C31.cnv
* Sea-Bird SBE 9 Data File:
* FileName = C:\Seabird 9 CTD\Data\2021\202105_offshore\20210525_C31.hex
* Software Version Seasave V 7.23.2
* Temperature SN = 4590
* Conductivity SN = 3228
* Number of Bytes Per Scan = 44
* Number of Voltage Words = 5
* Number of Scans Averaged by the Deck Unit = 1
* NMEA Latitude = 39 59.20 N
* NMEA Longitude = 071 52.47 W
* NMEA UTC (Time) = May 25 2021  09:18:03
* NMEA baud rate = 4800
** Ship: seawolf
** Station: 2.4
** Operator: eih
# nquan = 31
# nvalues = 366                         
# units = specified
# name 0 = depSM: Depth [salt water, m]
# name 1 = t090C: Temperature [ITS-90, deg C]
# name 2 = sal00: Salinity, Practical [PSU]
# name 3 = density00: Density [density, kg/m^3]
# name 4 = sbeox0V: Oxygen raw, SBE 43 [V]
# name 5 = sbeox0ML/L: Oxygen, SBE 43 [ml/l]
# name 6 = sbeox0PS: Oxygen, SBE 43 [% saturation]
# name 7 = sbox0dV/dT: Oxygen, SBE 43 [dov/dt]
# name 8 = oxsolML/L: Oxygen Saturation, Garcia & Gordon [ml/l]
# name 9 = oxsatML/L: Oxygen Saturation, Weiss [ml/l]
# name 10 = ph: pH
# name 11 = flECO-AFL: Fluorescence, WET Labs ECO-AFL/FL [mg/m^3]
# name 12 = n2satML/L: Nitrogen Saturation [ml/l]
# name 13 = c0S/m: Conductivity [S/m]
# name 14 = cpar: CPAR/Corrected Irradiance [%]
# name 15 = sigma-é00: Density [sigma-theta, kg/m^3]
# name 16 = sigma-t00: Density [sigma-t, kg/m^3 ]
# name 17 = par: PAR/Irradiance, Biospherical/Licor
# name 18 = prDM: Pressure, Digiquartz [db]
# name 19 = pumps: Pump Status
# name 20 = scan: Scan Count
# name 21 = svCM: Sound Velocity [Chen-Millero, m/s]
# name 22 = spar: SPAR, Biospherical/Licor
# name 23 = specc: Specific Conductance [uS/cm]
# name 24 = timeS: Time, Elapsed [seconds]
# name 25 = timeY: Time, System [seconds]
# name 26 = accM: Acceleration [m/s^2]
# name 27 = dz/dtM: Descent Rate [m/s]
# name 28 = latitude: Latitude [deg]
# name 29 = longitude: Longitude [deg]
# name 30 = flag: flag
# span 0 =      1.970,     92.803       
# span 1 =     7.5698,    12.8496       
# span 2 =    32.7569,    34.4940       
# span 3 =  1024.7172,  1026.8559       
# span 4 =     2.0074,     2.9057       
# span 5 =     4.7128,     7.7838       
# span 6 =     75.489,    119.832       
# span 7 =   -0.03643,    0.02181       
# span 8 =    6.02953,    6.74370       
# span 9 =    6.02735,    6.75160       
# span 10 =      7.911,      8.178      
# span 11 =    -0.0631,     0.7028      
# span 12 =   10.95167,   12.12875      
# span 13 =   3.414901,   3.849966      
# span 14 = 2.6630e-12, 1.3028e+01      
# span 15 =    24.7084,    26.4360      
# span 16 =    24.7083,    26.4340      
# span 17 = 1.0000e-12, 8.5470e+00      
# span 18 =      2.000,     93.500      
# span 19 =          1,          1      
# span 20 =        243,      20781      
# span 21 =    1479.44,    1497.13      
# span 22 = 1.3811e+01, 7.3787e+01      
# span 23 =  50852.866,  53627.298      
# span 24 =     10.100,    865.827      
# span 25 = 1621934290, 1621935146      
# span 26 =      -1.03,       0.76      
# span 27 =     -1.140,      1.056      
# span 28 =   39.98674,   39.98686      
# span 29 =  -71.87500,  -71.87464      
# span 30 = 0.0000e+00, 0.0000e+00      
# interval = decibars: 0.5              
# start_time = May 25 2021 09:18:00 [System UTC, first data scan.]
# bad_flag = -9.990e-29
*END*
[from data line 234]
     66.982     7.9459    33.4314  1026.3588     2.0954     5.3716     80.304    0.00137    6.68907    6.69638 -9.990e-29     0.3662   12.03590   3.472419 4.2205e-12    26.0509    26.0500 1.0000e-12     67.500          1       8658    1481.43 2.3694e+01  52704.921    360.719 1621934640      -0.38     -0.259   39.98674  -71.87482 0.0000e+00
     66.478     7.9297    33.4256  1026.3542     2.0981     5.3887     80.567    0.00277    6.68842    6.69573 -9.990e-29     0.3695   12.03484   3.469969 4.2200e-12    26.0487    26.0478 1.0000e-12     67.000          1       8672    1481.36 2.3697e+01  52700.222    361.290 1621934641      -0.49     -0.537   39.98674  -71.87482 0.0000e+00
     65.974     7.9084    33.4190  1026.3499     2.1011     5.4070     80.839    0.00404    6.68861    6.69592 -9.990e-29     0.5340   12.03514   3.467458 4.2200e-12    26.0467    26.0457 1.0000e-12     66.500          1       8685    1481.26 2.3697e+01  52696.230    361.843 1621934641      -0.33     -0.770   39.98674  -71.87482 0.0000e+00
     65.474     7.8869    33.4065  1026.3409     2.1052     5.4273     81.154    0.00521    6.68763    6.69493 -9.990e-29     0.4991   12.03354   3.464576 4.2200e-12    26.0399    26.0390 1.0000e-12     66.000          1       8703    1481.15 2.3697e+01  52682.642    362.572 1621934642       0.08     -0.835   39.98674  -71.87482 0.0000e+00
     64.990     7.8691    33.3992  1026.3356     2.1164     5.4492     81.506    0.00322    6.68558    6.69283 -9.990e-29     0.3845   12.03021   3.462667 4.0319e-12    26.0368    26.0359 1.0000e-12     65.500          1       8794    1481.07 2.4841e+01  52676.623    366.383 1621934646       0.10     -0.215   39.98674  -71.87483 0.0000e+00
     64.495     7.8907    33.3989  1026.3299     2.1230     5.4621     81.725    0.00210    6.68355    6.69077 -9.990e-29     0.3676   12.02692   3.465078 3.8929e-12    26.0333    26.0324 1.0000e-12     65.000          1       8866    1481.14 2.5687e+01  52670.454    369.387 1621934649      -0.28     -0.288   39.98674  -71.87484 0.0000e+00
     63.991     7.9161    33.3941  1026.3200     2.1270     5.4836     82.051    0.00345    6.68319    6.69041 -9.990e-29     0.3392   12.02631   3.466560 3.8954e-12    26.0259    26.0249 1.0000e-12     64.500          1       8888    1481.22 2.5672e+01  52657.050    370.287 1621934650      -0.13     -0.489   39.98674  -71.87482 0.0000e+00
     63.495     7.9016    33.3852  1026.3129     2.1354     5.5142     82.403    0.00275    6.69181    6.69913      7.937     0.3479   12.04083   3.464343 4.0461e-12    26.0210    26.0201 1.0000e-12     64.000          1       8968    1481.15 2.4807e+01  52647.748    373.641 1621934653      -0.16     -0.385   39.98674  -71.87483 0.0000e+00
     63.000     7.8863    33.3747  1026.3046     2.1394     5.5244     82.494    0.00159    6.69667    6.70404      7.937     0.4574   12.04903   3.461736 3.8988e-12    26.0150    26.0141 1.0000e-12     63.500          1       9023    1481.07 2.5652e+01  52636.042    375.910 1621934656      -0.09     -0.498   39.98674  -71.87484 0.0000e+00
     62.504     7.8319    33.3555  1026.2953     2.1439     5.5420     82.775    0.00216    6.69530    6.70266      7.935     0.5220   12.04673   3.455161 3.8954e-12    26.0078    26.0069 1.0000e-12     63.000          1       9092    1480.83 2.5672e+01  52622.087    378.799 1621934658       0.12     -0.378   39.98674  -71.87484 0.0000e+00
     62.004     7.7984    33.3400  1026.2857     2.1492     5.5564     82.928    0.00099    6.70026    6.70768      7.929     0.4223   12.05509   3.450779 3.6368e-12    26.0005    25.9996 1.0000e-12     62.500          1       9564    1480.68 2.7200e+01  52607.835    398.457 1621934678      -0.00     -0.476   39.98674  -71.87484 0.0000e+00
     61.523     7.7478    33.3175  1026.2732     2.1571     5.6200     83.541    0.00326    6.72724    6.73499 -9.990e-29     0.1756   12.10048   3.444136 3.3684e-12    25.9900    25.9892 1.0000e-12     62.000          1      10571    1480.45 -9.990e-29  52588.147    440.426 1621934720      -0.12     -0.435   39.98674  -71.87484 0.0000e+00
     61.026     7.7239    33.3078  1026.2667     2.1605     5.6403     83.860    0.00477    6.72578    6.73352 -9.990e-29     0.1482   12.09801   3.440795 3.3760e-12    25.9858    25.9850 1.0000e-12     61.500          1      10559    1480.34 -9.990e-29  52579.514    439.913 1621934720      -0.27     -0.563   39.98674  -71.87484 0.0000e+00
     60.522     7.7034    33.2994  1026.2607     2.1641     5.6556     84.096    0.00533    6.72516    6.73288 -9.990e-29     0.1512   12.09696   3.438297 3.3760e-12    25.9821    25.9813 1.0000e-12     61.000          1      10572    1480.24 -9.990e-29  52572.887    440.459 1621934720      -0.29     -0.723   39.98674  -71.87484 0.0000e+00
     60.014     7.6852    33.2900  1026.2536     2.1681     5.6744     84.375    0.00619    6.72517    6.73289 -9.990e-29     0.1502   12.09700   3.435792 3.3828e-12    25.9773    25.9765 1.0000e-12     60.500          1      10586    1480.15 -9.990e-29  52563.426    441.054 1621934721      -0.12     -0.852   39.98674  -71.87484 0.0000e+00
     59.525     7.6564    33.2763  1026.2447     2.1784     5.6984     84.683    0.00416    6.72912    6.73688 -9.990e-29     0.1460   12.10374   3.431903 3.5194e-12    25.9707    25.9699 1.0000e-12     60.000          1      10650    1480.01 2.8757e+01  52550.663    443.716 1621934723      -0.31     -0.545   39.98674  -71.87485 0.0000e+00
     59.030     7.6514    33.2717  1026.2396     2.1841     5.7092     84.810    0.00263    6.73176    6.73955 -9.990e-29     0.1647   12.10828   3.431253 3.3753e-12    25.9678    25.9670 1.0000e-12     59.500          1      10694    1479.98 2.9626e+01  52545.204    445.555 1621934725      -0.65     -0.681   39.98674  -71.87486 0.0000e+00
     58.528     7.6445    33.2634  1026.2317     2.1868     5.7258     85.057    0.00382    6.73174    6.73953 -9.990e-29     0.1634   12.10825   3.429738 3.3760e-12    25.9622    25.9614 1.0000e-12     59.000          1      10708    1479.94 2.9621e+01  52534.596    446.144 1621934726      -0.15     -0.903   39.98674  -71.87486 0.0000e+00
     58.041     7.6319    33.2514  1026.2218     2.1906     5.7356     85.203    0.00341    6.73169    6.73948 -9.990e-29     0.1965   12.10818   3.427622 3.3587e-12    25.9546    25.9538 1.0000e-12     58.500          1      10740    1479.86 -9.990e-29  52520.457    447.448 1621934727       0.33     -0.556   39.98674  -71.87484 0.0000e+00
     57.547     7.6304    33.2471  1026.2165     2.1933     5.7317     85.141    0.00144    6.73203    6.73982      7.936     0.2329   12.10877   3.427174 3.5683e-12    25.9514    25.9507 1.0000e-12     58.000          1      10790    1479.85 2.5672e+01  52514.442    449.531 1621934729       0.03     -0.246   39.98674  -71.87484 0.0000e+00
     57.067     7.6316    33.2461  1026.2132     2.1950     5.7298     85.111    0.00047    6.73211    6.73989      7.936     0.2419   12.10899   3.427216 3.7978e-12    25.9504    25.9497 1.0000e-12     57.500          1      10850    1479.84 2.6613e+01  52512.349    452.030 1621934732      -0.20     -0.109   39.98674  -71.87484 0.0000e+00
     56.563     7.6308    33.2443  1026.2097     2.1964     5.7376     85.228    0.00099    6.73201    6.73979      7.935     0.2140   12.10883   3.426900 3.5545e-12    25.9492    25.9484 1.0000e-12     57.000          1      10862    1479.83 2.8153e+01  52509.649    452.523 1621934732      -0.54     -0.390   39.98674  -71.87484 0.0000e+00
     56.056     7.6272    33.2434  1026.2071     2.1978     5.7476     85.376    0.00181    6.73208    6.73986      7.934     0.3157   12.10893   3.426467 3.3750e-12    25.9490    25.9482 1.0000e-12     56.500          1      10874    1479.80 2.9629e+01  52509.039    453.024 1621934733      -0.54     -0.677   39.98674  -71.87484 0.0000e+00
     55.554     7.6218    33.2397  1026.2027     2.1980     5.7497     85.409    0.00204    6.73204    6.73982      7.933     0.3050   12.10887   3.425608 3.3760e-12    25.9468    25.9461 1.0000e-12     56.000          1      10887    1479.77 2.9621e+01  52504.669    453.581 1621934733      -0.23     -0.892   39.98674  -71.87484 0.0000e+00
     55.061     7.6277    33.2379  1026.1981     2.1955     5.7258     85.053   -0.00037    6.73198    6.73976      7.930     0.3314   12.10878   3.426072 3.3760e-12    25.9445    25.9438 1.0000e-12     55.500          1      10909    1479.78 2.9621e+01  52500.263    454.494 1621934734       0.28     -0.771   39.98674  -71.87484 0.0000e+00
     54.570     7.6310    33.2369  1026.1946     2.1886     5.6861     84.430   -0.00321    6.73474    6.74255      7.928     0.4027   12.11342   3.426249 3.3760e-12    25.9433    25.9425 1.0000e-12     55.000          1      10959    1479.79 2.9621e+01  52497.697    456.578 1621934736       0.14     -0.287   39.98674  -71.87484 0.0000e+00
     54.084     7.6273    33.2347  1026.1911     2.1802     5.6646     84.023   -0.00299    6.74168    6.74957      7.928     0.3010   12.12512   3.425633 3.3760e-12    25.9420    25.9413 1.0000e-12     54.500          1      11023    1479.76 2.9621e+01  52495.157    459.254 1621934739      -0.12     -0.139   39.98674  -71.87484 0.0000e+00
     53.581     7.6137    33.2279  1026.1854     2.1809     5.6778     84.218   -0.00132    6.74173    6.74962      7.926     0.4776   12.12522   3.423519 3.4448e-12    25.9386    25.9379 1.0000e-12     54.000          1      11041    1479.69 2.9058e+01  52488.491    460.007 1621934740      -0.33     -0.391   39.98674  -71.87484 0.0000e+00
     53.081     7.5959    33.2191  1026.1787     2.1809     5.6863     84.334   -0.00009    6.74259    6.75050      7.925     0.4800   12.12667   3.421190 3.6157e-12    25.9342    25.9335 1.0000e-12     53.500          1      11059    1479.61 2.7658e+01  52480.105    460.744 1621934740      -0.20     -0.596   39.98674  -71.87484 0.0000e+00
     52.584     7.5834    33.2147  1026.1748     2.1822     5.6953     84.468    0.00067    6.74251    6.75041      7.926     0.4500   12.12658   3.419700 3.6171e-12    25.9325    25.9318 1.0000e-12     53.000          1      11079    1479.54 2.7646e+01  52476.669    461.577 1621934741       0.04     -0.649   39.98674  -71.87484 0.0000e+00
     52.090     7.5768    33.2101  1026.1698     2.1829     5.6974     84.526    0.00095    6.74038    6.74825      7.926     0.4134   12.12309   3.418732 3.5350e-12    25.9299    25.9292 1.0000e-12     52.500          1      11105    1479.50 2.8318e+01  52471.537    462.653 1621934742       0.14     -0.530   39.98674  -71.87484 0.0000e+00
     51.595     7.5698    33.2059  1026.1653     2.1848     5.7030     84.636    0.00124    6.73823    6.74606      7.926     0.2996   12.11956   3.417699 3.3739e-12    25.9276    25.9269 1.0000e-12     52.000          1      11135    1479.47 2.9641e+01  52466.960    463.935 1621934744       0.05     -0.406   39.98674  -71.87484 0.0000e+00
     51.100     7.5823    33.2026  1026.1586     2.1876     5.7170     84.855    0.00208    6.73739    6.74521 -9.990e-29     0.3613   12.11821   3.418629 3.1803e-12    25.9232    25.9225 1.0000e-12     51.500          1      11167    1479.50 3.1453e+01  52458.735    465.238 1621934745      -0.01     -0.378   39.98674  -71.87484 0.0000e+00
     50.600     7.5971    33.2000  1026.1521     2.1896     5.7216     84.914    0.00170    6.73809    6.74590 -9.990e-29     0.2548   12.11956   3.419733 3.1671e-12    25.9190    25.9184 1.0000e-12     51.000          1      11198    1479.54 3.1577e+01  52451.028    466.546 1621934746       0.03     -0.394   39.98674  -71.87484 0.0000e+00
     50.111     7.6085    33.1929  1026.1427     2.1965     5.7514     85.384    0.00320    6.73590    6.74366 -9.990e-29     0.2235   12.11606   3.419931 3.4002e-12    25.9118    25.9112 1.0000e-12     50.500          1      11252    1479.57 2.9394e+01  52437.783    468.782 1621934748       0.06     -0.183   39.98674  -71.87484 0.0000e+00
     49.613     7.6083    33.1747  1026.1261     2.2023     5.7790     85.813    0.00472    6.73444    6.74218 -9.990e-29     0.2279   12.11364   3.418335 3.4722e-12    25.8975    25.8968 1.0000e-12     50.000          1      11281    1479.54 2.8832e+01  52411.416    469.986 1621934750      -0.22     -0.341   39.98674  -71.87484 0.0000e+00
     49.112     7.6173    33.1729  1026.1211     2.2053     5.7837     85.879    0.00390    6.73476    6.74251 -9.990e-29     0.2280   12.11418   3.418970 3.6148e-12    25.8949    25.8942 1.0000e-12     49.500          1      11304    1479.56 2.7665e+01  52406.387    470.943 1621934751      -0.08     -0.498   39.98674  -71.87484 0.0000e+00
     48.618     7.6295    33.1713  1026.1158     2.2082     5.7819     85.872    0.00247    6.73318    6.74090 -9.990e-29     0.2534   12.11158   3.419910 3.4376e-12    25.8918    25.8912 1.0000e-12     49.000          1      11334    1479.60 2.9116e+01  52400.702    472.220 1621934752       0.11     -0.437   39.98674  -71.87484 0.0000e+00
     48.129     7.6336    33.1708  1026.1126     2.2097     5.7770     85.837    0.00141    6.73022    6.73790 -9.990e-29     0.3001   12.10669   3.420143 3.2283e-12    25.8909    25.8902 1.0000e-12     48.500          1      11366    1479.61 3.1001e+01  52398.711    473.523 1621934753      -0.05     -0.348   39.98674  -71.87486 0.0000e+00
     47.628     7.6321    33.1703  1026.1101     2.2107     5.7776     85.849    0.00104    6.72993    6.73761 -9.990e-29     0.3242   12.10621   3.419978 3.1652e-12    25.8907    25.8900 1.0000e-12     48.000          1      11385    1479.59 3.1594e+01  52397.951    474.351 1621934754      -0.21     -0.473   39.98674  -71.87486 0.0000e+00
     47.124     7.6416    33.1704  1026.1064     2.2106     5.7753     85.815    0.00073    6.72990    6.73757 -9.990e-29     0.4052   12.10616   3.420897 3.1650e-12    25.8894    25.8888 1.0000e-12     47.500          1      11404    1479.62 3.1596e+01  52395.462    475.133 1621934755      -0.11     -0.613   39.98674  -71.87484 0.0000e+00
     46.633     7.6612    33.1699  1026.1010     2.2118     5.7741     85.839    0.00054    6.72660    6.73422      7.933     0.3286   12.10072   3.422543 3.4024e-12    25.8862    25.8856 1.0000e-12     47.000          1      11457    1479.69 2.9519e+01  52389.564    477.318 1621934757       0.10     -0.294   39.98674  -71.87484 0.0000e+00
     46.144     7.6722    33.1705  1026.0976     2.2139     5.7739     85.942    0.00076    6.71836    6.72585      7.932     0.3695   12.08716   3.423546 3.6287e-12    25.8851    25.8845 1.0000e-12     46.500          1      11518    1479.72 2.7544e+01  52387.240    479.861 1621934760      -0.19     -0.209   39.98674  -71.87486 0.0000e+00
     45.643     7.6827    33.1702  1026.0936     2.2146     5.7758     85.998    0.00107    6.71617    6.72363      7.932     0.4589   12.08352   3.424529 3.5939e-12    25.8833    25.8827 1.0000e-12     46.000          1      11540    1479.75 2.7836e+01  52383.887    480.804 1621934760      -0.18     -0.416   39.98674  -71.87486 0.0000e+00
     45.144     7.7139    33.1663  1026.0837     2.2147     5.7706     85.935    0.00041    6.71509    6.72254 -9.990e-29     0.4053   12.08175   3.427006 3.2307e-12    25.8759    25.8752 1.0000e-12     45.500          1      11562    1479.86 3.0984e+01  52370.329    481.719 1621934761      -0.06     -0.534   39.98674  -71.87486 0.0000e+00
     44.650     7.7404    33.1651  1026.0767     2.2139     5.7622     85.818   -0.00034    6.71445    6.72189 -9.990e-29     0.4295   12.08068   3.429238 3.1652e-12    25.8711    25.8705 1.0000e-12     45.000          1      11589    1479.95 3.1594e+01  52361.811    482.830 1621934762       0.09     -0.492   39.98674  -71.87485 0.0000e+00
