CalculateIndicators/WaterTemperature/Data/CTD_NYOS/20210523_C16.cnv
* Sea-Bird SBE 9 Data File:
* FileName = C:\Seabird 9 CTD\Data\2021\202105_offshore\20210523_C16.hex
* Software Version Seasave V 7.23.2
* Temperature SN = 4590
* Conductivity SN = 3228
* Number of Bytes Per Scan = 44
* Number of Voltage Words = 5
* Number of Scans Averaged by the Deck Unit = 1
* NMEA Latitude = 39 38.50 N
* NMEA Longitude = 072 46.67 W
* NMEA UTC (Time) = May 23 2021  07:52:25
* NMEA baud rate = 4800
** Ship: seawolf
** Station: 5.4
** Operator: TDK
# nquan = 31
# nvalues = 259                         
# units = specified
# name 0 = depSM: Depth [salt water, m]
# name 1 = t090C: Temperature [ITS-90, deg C]
# name 2 = sal00: Salinity, Practical [PSU]
# name 3 = density00: Density [density, kg/m^3]
# name 4 = sbeox0V: Oxygen raw, SBE 43 [V]
# name 5 = sbeox0ML/L: Oxygen, SBE 43 [ml/l]
# name 6 = sbeox0PS: Oxygen, SBE 43 [% saturation]
# name 7 = sbox0dV/dT: Oxygen, SBE 43 [dov/dt]
# name 8 = oxsolML/L: Oxygen Saturation, Garcia & Gordon [ml/l]
# name 9 = oxsatML/L: Oxygen Saturation, Weiss [ml/l]
# name 10 = ph: pH
# name 11 = flECO-AFL: Fluorescence, WET Labs ECO-AFL/FL [mg/m^3]
# name 12 = n2satML/L: Nitrogen Saturation [ml/l]
# name 13 = c0S/m: Conductivity [S/m]
# name 14 = cpar: CPAR/Corrected Irradiance [%]
# name 15 = sigma-é00: Density [sigma-theta, kg/m^3]
# name 16 = sigma-t00: Density [sigma-t, kg/m^3 ]
# name 17 = par: PAR/Irradiance, Biospherical/Licor
# name 18 = prDM: Pressure, Digiquartz [db]
# name 19 = pumps: Pump Status
# name 20 = scan: Scan Count
# name 21 = svCM: Sound Velocity [Chen-Millero, m/s]
# name 22 = spar: SPAR, Biospherical/Licor
# name 23 = specc: Specific Conductance [uS/cm]
# name 24 = timeS: Time, Elapsed [seconds]
# name 25 = timeY: Time, System [seconds]
# name 26 = accM: Acceleration [m/s^2]
# name 27 = dz/dtM: Descent Rate [m/s]
# name 28 = latitude: Latitude [deg]
# name 29 = longitude: Longitude [deg]
# name 30 = flag: flag
# span 0 =      1.980,     65.989       
# span 1 =     7.7365,    14.8377       
# span 2 =    31.2583,    33.9787       
# span 3 =  1023.1485,  1026.5845       
# span 4 =     1.8989,     2.9455       
# span 5 =     4.5338,     7.1582       
# span 6 =     70.121,    123.068       
# span 7 =   -0.13423,    0.07510       
# span 8 =    5.80545,    6.71543       
# span 9 =    5.80047,    6.72303       
# span 10 =      7.870,      8.056      
# span 11 =     0.0178,     1.4872      
# span 12 =   10.58445,   12.08071      
# span 13 =   3.421633,   3.988502      
# span 14 = -1.649e+04, 1.0357e+05      
# span 15 =    23.1396,    26.2842      
# span 16 =    23.1397,    26.2830      
# span 17 = -2.139e-02, 2.0121e-02      
# span 18 =      2.000,     66.500      
# span 19 =          1,          1      
# span 20 =        134,      14683      
# span 21 =    1479.77,    1503.15      
# span 22 = -7.048e-02, 2.3004e+00      
# span 23 =  48506.673,  53185.122      
# span 24 =      5.557,    611.748      
# span 25 = 1621756349, 1621756955      
# span 26 =      -0.56,       0.62      
# span 27 =     -1.091,      0.957      
# span 28 =   39.64101,   39.64168      
# span 29 =  -72.77792,  -72.77540      
# span 30 = 0.0000e+00, 0.0000e+00      
# interval = decibars: 0.5              
# start_time = May 23 2021 07:52:24 [System UTC, first data scan.]
# bad_flag = -9.990e-29
*END*
[from data line 141]
     60.021     9.2274    33.9780  1026.5564     1.9055     4.5607     70.548    0.00128    6.46476    6.46936 -9.990e-29     0.0568   11.65829   3.640596 3.4315e+04    26.2825    26.2815 1.0000e-12     60.500          1       5647    1486.77 1.2971e+00  53179.344    235.232 1621756579       0.02     -0.860   39.64134  -72.77692 0.0000e+00
     59.529     9.2267    33.9760  1026.5527     1.9066     4.5614     70.559    0.00081    6.46467    6.46927 -9.990e-29     0.0271   11.65813   3.640329 9.2519e+04    26.2811    26.2800 1.0000e-12     60.000          1       5689    1486.76 1.4770e-01  53176.333    236.993 1621756581       0.18     -0.464   39.64134  -72.77691 0.0000e+00
     59.047     9.2268    33.9756  1026.5501     1.9078     4.5609     70.555    0.00026    6.46441    6.46900 -9.990e-29     0.0303   11.65769   3.640274 -9.990e-29    26.2807    26.2797 1.0000e-12     59.500          1       5762    1486.75 -9.990e-29  53175.406    240.050 1621756584      -0.20     -0.103   39.64134  -72.77690 0.0000e+00
     58.544     9.2267    33.9754  1026.5477     1.9079     4.5620     70.568    0.00039    6.46464    6.46924 -9.990e-29     0.0364   11.65809   3.640239 -9.990e-29    26.2806    26.2796 1.0000e-12     59.000          1       5779    1486.74 -9.990e-29  53174.909    240.730 1621756585      -0.33     -0.395   39.64134  -72.77690 0.0000e+00
     58.043     9.2287    33.9761  1026.5456     1.9079     4.5598     70.534    0.00005    6.46467    6.46927 -9.990e-29     0.0408   11.65813   3.640509 5.0640e-11    26.2808    26.2798 1.0000e-12     58.500          1       5796    1486.74 1.9747e+00  53175.012    241.461 1621756585      -0.21     -0.604   39.64134  -72.77690 0.0000e+00
     57.547     9.2301    33.9763  1026.5433     1.9078     4.5593     70.525    0.00002    6.46483    6.46943 -9.990e-29     0.0191   11.65840   3.640584 5.0640e-11    26.2807    26.2797 1.0000e-12     58.000          1       5816    1486.74 1.9747e+00  53174.764    242.305 1621756586       0.06     -0.654   39.64134  -72.77690 0.0000e+00
     57.054     9.2288    33.9758  1026.5409     1.9085     4.5627     70.579    0.00031    6.46463    6.46924 -9.990e-29     0.0431   11.65807   3.640385 5.0640e-11    26.2806    26.2796 1.0000e-12     57.500          1       5840    1486.73 1.9747e+00  53174.006    243.276 1621756587       0.10     -0.552   39.64134  -72.77690 0.0000e+00
     56.556     9.2279    33.9755  1026.5385     1.9089     4.5642     70.605    0.00045    6.46443    6.46903 -9.990e-29     0.0554   11.65773   3.640267 5.0640e-11    26.2805    26.2795 1.0000e-12     57.000          1       5863    1486.72 1.9747e+00  53173.512    244.243 1621756588       0.00     -0.515   39.64134  -72.77688 0.0000e+00
     56.061     9.2270    33.9755  1026.5363     1.9091     4.5656     70.617    0.00047    6.46529    6.46989 -9.990e-29     0.0301   11.65917   3.640163 5.0640e-11    26.2805    26.2796 1.0000e-12     56.500          1       5888    1486.70 1.9747e+00  53173.245    245.310 1621756589       0.05     -0.495   39.64134  -72.77688 0.0000e+00
     55.565     9.2281    33.9760  1026.5343     1.9087     4.5603     70.533   -0.00020    6.46541    6.47002 -9.990e-29     0.0178   11.65938   3.640275 5.0640e-11    26.2807    26.2798 1.0000e-12     56.000          1       5914    1486.70 1.9747e+00  53173.360    246.385 1621756590      -0.00     -0.456   39.64134  -72.77688 0.0000e+00
     55.070     9.2286    33.9764  1026.5322     1.9083     4.5572     70.483   -0.00048    6.46570    6.47032 -9.990e-29     0.0297   11.65987   3.640329 5.0640e-11    26.2810    26.2800 1.0000e-12     55.500          1       5941    1486.69 1.9747e+00  53173.520    247.501 1621756591       0.02     -0.464   39.64134  -72.77686 0.0000e+00
     54.573     9.2232    33.9741  1026.5291     1.9086     4.5615     70.542    0.00005    6.46640    6.47102 -9.990e-29     0.0366   11.66103   3.639584 5.0640e-11    26.2801    26.2791 1.0000e-12     55.000          1       5967    1486.67 1.9747e+00  53171.184    248.567 1621756593      -0.03     -0.447   39.64134  -72.77686 0.0000e+00
     54.075     9.2221    33.9738  1026.5267     1.9095     4.5671     70.627    0.00061    6.46640    6.47102 -9.990e-29     0.0475   11.66103   3.639427 5.0640e-11    26.2800    26.2791 1.0000e-12     54.500          1       5993    1486.65 1.9747e+00  53170.665    249.673 1621756594       0.03     -0.474   39.64134  -72.77686 0.0000e+00
     53.585     9.2213    33.9735  1026.5244     1.9098     4.5678     70.623    0.00043    6.46794    6.47258 -9.990e-29     0.0281   11.66361   3.639303 5.0640e-11    26.2799    26.2789 1.0000e-12     54.000          1       6023    1486.64 1.9747e+00  53170.137    250.902 1621756595       0.03     -0.402   39.64134  -72.77686 0.0000e+00
     53.086     9.2163    33.9721  1026.5218     1.9103     4.5699     70.644    0.00042    6.46892    6.47357 -9.990e-29     0.0351   11.66526   3.638716 5.0640e-11    26.2796    26.2787 1.0000e-12     53.500          1       6045    1486.61 1.9747e+00  53168.930    251.838 1621756596      -0.13     -0.461   39.64134  -72.77686 0.0000e+00
     52.587     9.2166    33.9718  1026.5192     1.9105     4.5693     70.636    0.00024    6.46871    6.47336 -9.990e-29     0.0451   11.66491   3.638608 5.0640e-11    26.2793    26.2784 1.0000e-12     53.000          1       6066    1486.60 1.9747e+00  53168.038    252.702 1621756597      -0.07     -0.559   39.64133  -72.77685 0.0000e+00
     52.091     9.2097    33.9699  1026.5166     1.9109     4.5718     70.679    0.00049    6.46847    6.47311 -9.990e-29     0.0393   11.66450   3.637718 5.0640e-11    26.2789    26.2780 1.0000e-12     52.500          1       6088    1486.57 1.9747e+00  53166.543    253.644 1621756598       0.04     -0.560   39.64132  -72.77684 0.0000e+00
     51.594     9.2026    33.9676  1026.5137     1.9115     4.5731     70.692    0.00038    6.46911    6.47377      7.872     0.0308   11.66559   3.636915 5.0640e-11    26.2783    26.2774 1.0000e-12     52.000          1       6124    1486.53 1.9747e+00  53164.551    255.104 1621756599       0.15     -0.403   39.64132  -72.77684 0.0000e+00
     51.111     9.2025    33.9677  1026.5116     1.9125     4.5783     70.750    0.00064    6.47111    6.47579      7.872     0.0437   11.66894   3.636885 5.0640e-11    26.2783    26.2775 1.0000e-12     51.500          1       6175    1486.52 1.9747e+00  53164.387    257.267 1621756601      -0.12     -0.140   39.64132  -72.77682 0.0000e+00
     50.607     9.2010    33.9670  1026.5089     1.9121     4.5740     70.664   -0.00010    6.47288    6.47758      7.874     0.0476   11.67191   3.636666 5.0640e-11    26.2780    26.2771 1.0000e-12     51.000          1       6193    1486.51 1.9747e+00  53163.293    257.990 1621756602      -0.38     -0.403   39.64132  -72.77682 0.0000e+00
     50.109     9.1984    33.9659  1026.5062     1.9126     4.5782     70.701    0.00007    6.47541    6.48014      7.873     0.0423   11.67615   3.636240 8.3149e+04    26.2775    26.2767 1.0000e-12     50.500          1       6209    1486.49 3.3274e-01  53162.015    258.661 1621756603      -0.26     -0.629   39.64132  -72.77682 0.0000e+00
     49.615     9.1941    33.9644  1026.5035     1.9135     4.5851     70.788    0.00052    6.47719    6.48195      7.873     0.0443   11.67914   3.635686 1.0046e+05    26.2770    26.2762 1.0000e-12     50.000          1       6224    1486.46 -9.046e-03  53160.510    259.307 1621756603      -0.09     -0.734   39.64132  -72.77682 0.0000e+00
     49.116     9.1897    33.9629  1026.5007     1.9136     4.5880     70.834    0.00097    6.47716    6.48192      7.872     0.0484   11.67910   3.635086 9.9999e+04    26.2766    26.2757 1.0000e-12     49.500          1       6239    1486.44 0.0000e+00  53158.966    259.905 1621756604      -0.07     -0.776   39.64132  -72.77682 0.0000e+00
     48.615     9.1828    33.9604  1026.4976     1.9143     4.5906     70.859    0.00086    6.47859    6.48336      7.872     0.0562   11.68150   3.634108 9.2959e+04    26.2757    26.2749 1.0000e-12     49.000          1       6253    1486.40 1.3901e-01  53156.754    260.517 1621756604      -0.05     -0.818   39.64132  -72.77682 0.0000e+00
     48.116     9.1674    33.9553  1026.4938     1.9158     4.5964     70.960    0.00119    6.47738    6.48214      7.873     0.0569   11.67947   3.632097 7.2067e+03    26.2742    26.2734 1.0000e-12     48.500          1       6273    1486.33 1.8324e+00  53152.552    261.332 1621756605       0.16     -0.760   39.64132  -72.77680 0.0000e+00
     47.630     9.1451    33.9473  1026.4890     1.9190     4.6107     71.117    0.00121    6.48322    6.48805      7.876     0.0485   11.68930   3.629343 4.4889e+04    26.2715    26.2707 1.0000e-12     48.000          1       6335    1486.23 1.0883e+00  53145.821    263.905 1621756608       0.18     -0.214   39.64132  -72.77680 0.0000e+00
     47.142     9.1235    33.9390  1026.4837     1.9218     4.6338     71.242    0.00102    6.50428    6.50937      7.877     0.0567   11.72468   3.626371 -2.125e+03    26.2684    26.2676 1.0000e-12     47.500          1       6398    1486.13 2.0167e+00  53138.441    266.534 1621756610      -0.33     -0.196   39.64132  -72.77680 0.0000e+00
     46.641     9.1125    33.9345  1026.4796     1.9229     4.6429     71.365    0.00170    6.50586    6.51097      7.879     0.0648   11.72732   3.624991 5.0640e-11    26.2667    26.2659 1.0000e-12     47.000          1       6412    1486.08 1.9747e+00  53134.098    267.104 1621756611      -0.44     -0.478   39.64132  -72.77678 0.0000e+00
     46.139     9.0992    33.9294  1026.4755     1.9250     4.6518     71.525    0.00232    6.50365    6.50872      7.881     0.0685   11.72363   3.623096 5.0640e-11    26.2649    26.2641 1.0000e-12     46.500          1       6425    1486.01 1.9747e+00  53129.687    267.660 1621756612      -0.35     -0.703   39.64132  -72.77678 0.0000e+00
     45.637     9.0784    33.9221  1026.4708     1.9283     4.6640     71.769    0.00327    6.49852    6.50354      7.881     0.0599   11.71501   3.620369 3.2199e+03    26.2624    26.2616 1.0000e-12     46.000          1       6439    1485.92 1.9111e+00  53123.348    268.230 1621756612      -0.16     -0.848   39.64132  -72.77678 0.0000e+00
     45.136     9.0185    33.9007  1026.4613     1.9362     4.7043     72.431    0.00633    6.49492    6.49989      7.881     0.0560   11.70898   3.612264 8.5917e+04    26.2552    26.2544 1.0000e-12     45.500          1       6519    1485.66 2.7808e-01  53106.137    271.573 1621756615       0.15     -0.806   39.64132  -72.77677 0.0000e+00
     44.650     9.0108    33.8929  1026.4542     1.9474     4.7454     72.698    0.00291    6.52757    6.53294      7.888     0.0631   11.76393   3.611276 1.8531e+03    26.2503    26.2495 1.0000e-12     45.000          1       8197    1485.62 1.9381e+00  53096.452    341.500 1621756686      -0.09     -0.613   39.64128  -72.77649 0.0000e+00
     44.148     8.9349    33.8612  1026.4392     1.9618     4.8426     73.948    0.00857    6.54842    6.55403      7.896     0.0951   11.79911   3.600645 5.0640e-11    26.2374    26.2367 1.0000e-12     44.500          1       8256    1485.29 1.9747e+00  53068.258    343.978 1621756688       0.05     -0.559   39.64128  -72.77647 0.0000e+00
     43.669     8.7205    33.7684  1026.3981     2.0163     5.1565     77.942    0.02169    6.61606    6.62247      7.914     0.1421   11.91317   3.571588 5.0640e-11    26.1983    26.1976 1.0000e-12     44.000          1       8330    1484.37 1.9747e+00  52984.747    347.024 1621756691      -0.27     -0.051   39.64128  -72.77646 0.0000e+00
     43.163     8.6190    33.7196  1026.3733     2.0374     5.2753     79.485    0.02665    6.63685    6.64352      7.921     0.1532   11.94811   3.557815 5.0640e-11    26.1757    26.1750 1.0000e-12     43.500          1       8347    1483.93 1.9747e+00  52938.539    347.749 1621756692      -0.32     -0.413   39.64128  -72.77646 0.0000e+00
     42.664     8.5062    33.6664  1026.3467     2.0672     5.4053     81.191    0.02869    6.65748    6.66441      7.922     0.2156   11.98275   3.541865 5.0640e-11    26.1513    26.1506 1.0000e-12     43.000          1       8369    1483.43 1.9747e+00  52888.922    348.674 1621756693      -0.03     -0.564   39.64128  -72.77645 0.0000e+00
     42.171     8.3181    33.5794  1026.3049     2.1018     5.5408     83.108    0.03066    6.66700    6.67406      7.915     0.1816   11.99870   3.516373 5.0640e-11    26.1115    26.1108 1.0000e-12     42.500          1       8398    1482.61 1.9747e+00  52809.104    349.896 1621756694       0.11     -0.446   39.64128  -72.77644 0.0000e+00
     41.674     8.0724    33.4856  1026.2659     2.1122     5.4340     81.566    0.00898    6.66208    6.66904      7.912     0.1850   11.99064   3.485804 5.0640e-11    26.0745    26.0739 1.0000e-12     42.000          1       8440    1481.56 1.9747e+00  52734.087    351.642 1621756696       0.09     -0.300   39.64128  -72.77644 0.0000e+00
     41.181     8.0119    33.4602  1026.2527     2.1087     5.3647     80.358   -0.00207    6.67607    6.68318      7.913     0.2187   12.01446   3.479462 5.0640e-11    26.0635    26.0629 1.0000e-12     41.500          1       8487    1481.29 1.9747e+00  52712.372    353.568 1621756698      -0.09     -0.251   39.64126  -72.77644 0.0000e+00
     40.683     8.0506    33.4556  1026.2411     2.1090     5.3740     80.457   -0.00123    6.67934    6.68648      7.918     0.2321   12.02019   3.481722 2.7422e+04    26.0542    26.0536 1.0000e-12     41.000          1       8518    1481.43 1.4332e+00  52696.254    354.867 1621756699      -0.06     -0.366   39.64126  -72.77643 0.0000e+00
     40.184     7.9636    33.4046  1026.2116     2.1221     5.4759     81.891    0.00707    6.68682    6.69403      7.921     0.3367   12.03293   3.469549 9.4450e+04    26.0268    26.0263 1.0000e-12     40.500          1       8552    1481.02 1.0958e-01  52644.509    356.299 1621756700       0.05     -0.368   39.64126  -72.77642 0.0000e+00
     39.697     7.9061    33.3514  1026.1760     2.1514     5.5871     83.882    0.01338    6.66058    6.66735      7.926     1.1107   11.99008   3.459190 9.9999e+04    25.9935    25.9929 1.0000e-12     40.000          1       8608    1480.73 0.0000e+00  52582.407    358.611 1621756703       0.02     -0.164   39.64126  -72.77640 0.0000e+00
     39.195     7.8920    33.3293  1026.1584     2.1710     5.6919     85.259    0.01749    6.67598    6.68292      7.934     1.0133   12.01621   3.457415 1.8318e+04    25.9782    25.9776 1.0000e-12     39.500          1       8632    1480.64 1.6130e+00  52554.330    359.644 1621756704      -0.26     -0.360   39.64126  -72.77640 0.0000e+00
     38.696     8.0450    33.3312  1026.1351     2.1889     5.7553     86.165    0.01768    6.67934    6.68631      7.941     0.9625   12.02196   3.471899 3.9212e+02    25.9573    25.9567 1.0000e-12     39.000          1       8656    1481.22 1.9670e+00  52519.958    360.624 1621756705      -0.04     -0.516   39.64126  -72.77640 0.0000e+00
     38.201     8.0235    33.2622  1026.0819     2.2173     5.8603     87.751    0.01954    6.67839    6.68535      7.948     0.8964   12.02035   3.461799 1.9224e+04    25.9063    25.9058 1.0000e-12     38.500          1       8691    1481.04 1.5951e+00  52426.709    362.068 1621756706       0.12     -0.391   39.64126  -72.77640 0.0000e+00
     37.704     7.9644    33.2121  1026.0489     2.2561     5.9412     89.004    0.01249    6.67522    6.68214      7.950     0.5793   12.01497   3.452453 4.7294e+04    25.8756    25.8750 1.0000e-12     38.000          1       8946    1480.75 1.0408e+00  52369.354    372.698 1621756717      -0.00     -0.244   39.64124  -72.77635 0.0000e+00
