CalculateIndicators/WaterTemperature/Data/CTD_NYOS/20210526_C38.cnv
* Sea-Bird SBE 9 Data File:
* FileName = C:\Seabird 9 CTD\Data\2021\202105_offshore\20210526_C38.hex
* Software Version Seasave V 7.23.2
* Temperature SN = 4590
* Conductivity SN = 3228
* Number of Bytes Per Scan = 44
* Number of Voltage Words = 5
* Number of Scans Averaged by the Deck Unit = 1
* NMEA Latitude = 40 05.78 N
* NMEA Longitude = 071 33.97 W
* NMEA UTC (Time) = May 26 2021  06:18:09
* NMEA baud rate = 4800
** Ship: seawolf
** Station: 1.4
** Operator: tdk
# nquan = 31
# nvalues = 338                         
# units = specified
# name 0 = depSM: Depth [salt water, m]
# name 1 = t090C: Temperature [ITS-90, deg C]
# name 2 = sal00: Salinity, Practical [PSU]
# name 3 = density00: Density [density, kg/m^3]
# name 4 = sbeox0V: Oxygen raw, SBE 43 [V]
# name 5 = sbeox0ML/L: Oxygen, SBE 43 [ml/l]
# name 6 = sbeox0PS: Oxygen, SBE 43 [% saturation]
# name 7 = sbox0dV/dT: Oxygen, SBE 43 [dov/dt]
# name 8 = oxsolML/L: Oxygen Saturation, Garcia & Gordon [ml/l]
# name 9 = oxsatML/L: Oxygen Saturation, Weiss [ml/l]
# name 10 = ph: pH
# name 11 = flECO-AFL: Fluorescence, WET Labs ECO-AFL/FL [mg/m^3]
# name 12 = n2satML/L: Nitrogen Saturation [ml/l]
# name 13 = c0S/m: Conductivity [S/m]
# name 14 = cpar: CPAR/Corrected Irradiance [%]
# name 15 = sigma-é00: Density [sigma-theta, kg/m^3]
# name 16 = sigma-t00: Density [sigma-t, kg/m^3 ]
# name 17 = par: PAR/Irradiance, Biospherical/Licor
# name 18 = prDM: Pressure, Digiquartz [db]
# name 19 = pumps: Pump Status
# name 20 = scan: Scan Count
# name 21 = svCM: Sound Velocity [Chen-Millero, m/s]
# name 22 = spar: SPAR, Biospherical/Licor
# name 23 = specc: Specific Conductance [uS/cm]
# name 24 = timeS: Time, Elapsed [seconds]
# name 25 = timeY: Time, System [seconds]
# name 26 = accM: Acceleration [m/s^2]
# name 27 = dz/dtM: Descent Rate [m/s]
# name 28 = latitude: Latitude [deg]
# name 29 = longitude: Longitude [deg]
# name 30 = flag: flag
# span 0 =      1.964,     85.824       
# span 1 =     6.9400,    13.6256       
# span 2 =    32.7543,    33.7689       
# span 3 =  1024.5472,  1026.5599       
# span 4 =     2.0519,     2.8596       
# span 5 =     5.0806,     7.4835       
# span 6 =     77.964,    118.667       
# span 7 =   -0.01920,    0.02619       
# span 8 =    5.93389,    6.85136       
# span 9 =    5.93058,    6.86065       
# span 10 =      7.913,      8.173      
# span 11 =    -0.0233,     0.5227      
# span 12 =   10.79332,   12.30930      
# span 13 =   3.340093,   3.935204      
# span 14 = -5.845e+03, 1.0332e+05      
# span 15 =    24.5318,    26.1677      
# span 16 =    24.5316,    26.1662      
# span 17 = -1.012e-02, 1.2600e-02      
# span 18 =      2.000,     86.500      
# span 19 =          1,          1      
# span 20 =        -59,      18144      
# span 21 =    1476.71,    1499.74      
# span 22 = -6.549e-02, 2.0901e+00      
# span 23 =  50710.731,  52968.069      
# span 24 =     -2.486,    755.956      
# span 25 = 1622009882, 1622010640      
# span 26 =      -0.56,       0.44      
# span 27 =     -0.791,      0.808      
# span 28 =   40.09611,   40.09647      
# span 29 =  -71.56620,  -71.56386      
# span 30 = 0.0000e+00, 0.0000e+00      
# interval = decibars: 0.5              
# start_time = May 26 2021 06:18:04 [System UTC, first data scan.]
# bad_flag = -9.990e-29
*END*
[from data line 234]
     53.582     7.1000    33.0324  1026.1037     2.2221     5.9012     86.423   -0.00093    6.82825    6.83724      7.936     0.0443   12.27047   3.360390 1.9745e+04    25.8562    25.8555 1.0000e-12     54.000          1      10405    1477.47 1.5848e+00  52341.676    433.504 1622010318       0.00     -0.173   40.09626  -71.56482 0.0000e+00
     53.085     7.0914    33.0272  1026.0985     2.2172     5.8743     85.960   -0.00314    6.83374    6.84281      7.931     0.1168   12.27965   3.359056 1.2697e+04    25.8532    25.8526 1.0000e-12     53.500          1      10438    1477.42 1.7240e+00  52336.204    434.878 1622010319      -0.07     -0.345   40.09626  -71.56482 0.0000e+00
     52.588     7.0837    33.0241  1026.0948     2.2127     5.8619     85.670   -0.00386    6.84241    6.85160      7.929     0.1392   12.29419   3.358021 7.8382e+04    25.8518    25.8512 1.0000e-12     53.000          1      10464    1477.38 4.2688e-01  52333.421    435.960 1622010320      -0.10     -0.406   40.09626  -71.56482 0.0000e+00
     52.090     7.0610    33.0169  1026.0899     2.2089     5.8505     85.431   -0.00437    6.84820    6.85745      7.926     0.1440   12.30393   3.355257 2.2888e+04    25.8492    25.8486 1.0000e-12     52.500          1      10487    1477.27 1.5227e+00  52328.737    436.897 1622010321      -0.07     -0.510   40.09626  -71.56482 0.0000e+00
     51.594     7.0410    33.0120  1026.0865     2.2055     5.8424     85.306   -0.00393    6.84879    6.85805      7.926     0.1514   12.30496   3.352864 3.3018e+04    25.8481    25.8474 1.0000e-12     52.000          1      10510    1477.18 1.3227e+00  52326.738    437.860 1622010322       0.01     -0.527   40.09626  -71.56481 0.0000e+00
     51.094     6.9892    32.9948  1026.0777     2.2057     5.8607     85.566   -0.00141    6.84931    6.85858      7.925     0.2143   12.30584   3.346535 2.0725e+04    25.8415    25.8409 1.0000e-12     51.500          1      10536    1476.95 1.5654e+00  52315.626    438.949 1622010323       0.06     -0.495   40.09626  -71.56480 0.0000e+00
     50.603     6.9468    32.9699  1026.0615     2.2094     5.8894     85.976    0.00085    6.85011    6.85938      7.921     0.0957   12.30725   3.341010 5.1618e+03    25.8276    25.8269 1.0000e-12     51.000          1      10640    1476.75 1.8728e+00  52290.835    443.308 1622010328      -0.04     -0.091   40.09626  -71.56479 0.0000e+00
     50.100     6.9518    32.9653  1026.0549     2.2089     5.8789     85.839   -0.00026    6.84867    6.85792      7.920     0.0911   12.30479   3.341182 -6.884e+02    25.8232    25.8226 1.0000e-12     50.500          1      11038    1476.75 1.9883e+00  52282.600    459.877 1622010344      -0.02     -0.340   40.09625  -71.56473 0.0000e+00
     49.605     6.9495    32.9670  1026.0543     2.2102     5.8780     85.907    0.00013    6.84223    6.85136      7.921     0.0691   12.29436   3.341119 5.0640e-11    25.8249    25.8243 1.0000e-12     50.000          1      11997    1476.74 1.9747e+00  52285.373    499.831 1622010384      -0.56     -0.604   40.09622  -71.56460 0.0000e+00
     49.111     6.9534    32.9619  1026.0474     2.2126     5.8868     86.106    0.00108    6.83670    6.84575      7.924     0.1082   12.28523   3.340964 5.0640e-11    25.8203    25.8198 1.0000e-12     49.500          1      12023    1476.74 1.9747e+00  52276.662    500.900 1622010385       0.11     -0.728   40.09622  -71.56460 0.0000e+00
     48.616     6.9755    32.9564  1026.0379     2.2180     5.9144     86.621    0.00376    6.82785    6.83677      7.931     0.1278   12.27063   3.342630 5.0640e-11    25.8131    25.8125 1.0000e-12     49.000          1      12050    1476.81 1.9747e+00  52262.580    502.058 1622010386       0.18     -0.512   40.09622  -71.56460 0.0000e+00
     48.125     7.0220    32.9563  1026.0292     2.2283     5.9653     87.407    0.00661    6.82468    6.83353      7.937     0.0523   12.26546   3.346907 5.0640e-11    25.8067    25.8061 1.0000e-12     48.500          1      12087    1476.98 1.9747e+00  52249.803    503.599 1622010388       0.05     -0.319   40.09622  -71.56460 0.0000e+00
     47.628     7.0799    32.9560  1026.0188     2.2361     5.9895     87.822    0.00699    6.82006    6.82884      7.939     0.0574   12.25780   3.352104 5.0640e-11    25.7987    25.7981 1.0000e-12     48.000          1      12114    1477.20 1.9747e+00  52233.712    504.715 1622010389      -0.14     -0.382   40.09622  -71.56460 0.0000e+00
     47.129     7.1104    32.9517  1026.0089     2.2464     5.9985     88.300    0.00722    6.79340    6.80179      7.942     0.0686   12.21367   3.354106 5.0640e-11    25.7912    25.7906 1.0000e-12     47.500          1      12148    1477.30 1.9747e+00  52219.360    506.111 1622010391       0.08     -0.377   40.09622  -71.56459 0.0000e+00
     46.647     7.1638    32.9511  1025.9989     2.2639     6.0332     89.269    0.00898    6.75835    6.76623      7.947     0.0631   12.15556   3.359248 5.0640e-11    25.7834    25.7828 1.0000e-12     47.000          1      12195    1477.50 1.9747e+00  52204.096    508.068 1622010392      -0.18     -0.181   40.09622  -71.56458 0.0000e+00
     46.127     7.2645    32.9569  1025.9871     2.2705     6.0537     89.646    0.00959    6.75284    6.76064      7.947     0.0681   12.14642   3.369555 5.0640e-11    25.7742    25.7736 1.0000e-12     46.500          1      12213    1477.89 1.9747e+00  52186.406    508.817 1622010393      -0.28     -0.433   40.09622  -71.56458 0.0000e+00
     45.642     7.4258    32.9625  1025.9668     2.2781     6.0654     89.873    0.00815    6.74884    6.75657      7.950     0.1159   12.13977   3.383780 5.0640e-11    25.7563    25.7557 1.0000e-12     46.000          1      12237    1478.51 1.9747e+00  52152.061    509.829 1622010394       0.02     -0.573   40.09622  -71.56458 0.0000e+00
     45.143     7.5276    32.9739  1025.9592     2.2844     6.0716     89.967    0.00598    6.74873    6.75646      7.952     0.1159   12.13966   3.394031 5.0640e-11    25.7511    25.7505 1.0000e-12     45.500          1      12266    1478.91 1.9747e+00  52142.890    511.057 1622010395       0.09     -0.441   40.09622  -71.56457 0.0000e+00
     44.655     7.5940    32.9804  1025.9526     2.2901     6.0702     89.994    0.00345    6.74511    6.75278      7.954     0.0815   12.13378   3.399814 5.0640e-11    25.7468    25.7462 1.0000e-12     45.000          1      12306    1479.16 1.9747e+00  52135.150    512.710 1622010397       0.06     -0.294   40.09622  -71.56456 0.0000e+00
     44.154     7.5946    32.9756  1025.9464     2.2935     6.0782     90.130    0.00323    6.74375    6.75139      7.956     0.0791   12.13155   3.399061 5.0640e-11    25.7429    25.7423 1.0000e-12     44.500          1      12332    1479.15 1.9747e+00  52127.787    513.793 1622010398      -0.18     -0.375   40.09622  -71.56456 0.0000e+00
     43.656     7.6110    32.9712  1025.9383     2.2965     6.0857     90.246    0.00297    6.74347    6.75110      7.962     0.0512   12.13118   3.400265 5.0640e-11    25.7371    25.7365 1.0000e-12     44.000          1      12356    1479.20 1.9747e+00  52117.094    514.792 1622010399      -0.03     -0.509   40.09622  -71.56456 0.0000e+00
     43.166     7.6214    32.9673  1025.9315     2.3028     6.1133     90.670    0.00422    6.74238    6.74999      7.966     0.0779   12.12945   3.400646 5.0640e-11    25.7326    25.7320 1.0000e-12     43.500          1      12382    1479.22 1.9747e+00  52108.731    515.884 1622010400       0.05     -0.458   40.09622  -71.56456 0.0000e+00
     42.667     7.6329    32.9656  1025.9262     2.3102     6.1559     91.332    0.00733    6.74012    6.74769      7.966     0.0425   12.12572   3.401353 5.0640e-11    25.7296    25.7290 1.0000e-12     43.000          1      12402    1479.26 1.9747e+00  52103.026    516.702 1622010401      -0.15     -0.507   40.09622  -71.56456 0.0000e+00
     42.165     7.6356    32.9592  1025.9185     2.3166     6.1825     91.761    0.00859    6.73766    6.74521      7.969     0.0758   12.12165   3.400926 5.0640e-11    25.7243    25.7237 1.0000e-12     42.500          1      12420    1479.25 1.9747e+00  52092.970    517.477 1622010402      -0.10     -0.620   40.09622  -71.56456 0.0000e+00
     41.671     7.6431    32.9529  1025.9102     2.3252     6.2050     92.124    0.00798    6.73548    6.74299      7.973     0.0817   12.11805   3.400984 5.0640e-11    25.7182    25.7176 1.0000e-12     42.000          1      12447    1479.27 1.9747e+00  52081.817    518.601 1622010403       0.17     -0.538   40.09622  -71.56454 0.0000e+00
     41.178     7.6708    32.9516  1025.9030     2.3377     6.2404     92.709    0.00778    6.73118    6.73862      7.977     0.0642   12.11097   3.403310 5.0640e-11    25.7132    25.7127 1.0000e-12     41.500          1      12486    1479.36 1.9747e+00  52072.787    520.212 1622010405       0.05     -0.310   40.09622  -71.56454 0.0000e+00
     40.683     7.6914    32.9517  1025.8978     2.3465     6.2505     92.988    0.00640    6.72180    6.72908      7.982     0.0623   12.09558   3.405017 3.6017e+04    25.7104    25.7099 1.0000e-12     41.000          1      12521    1479.43 1.2635e+00  52067.570    521.647 1622010406      -0.06     -0.332   40.09622  -71.56453 0.0000e+00
     40.188     7.7092    32.9508  1025.8923     2.3561     6.2710     93.488    0.00702    6.70788    6.71494      7.986     0.0575   12.07283   3.406532 1.0108e+05    25.7071    25.7066 1.0000e-12     40.500          1      12550    1479.49 -2.129e-02  52061.573    522.863 1622010407      -0.04     -0.398   40.09622  -71.56452 0.0000e+00
     39.691     7.7405    32.9461  1025.8818     2.3658     6.3077     94.128    0.00889    6.70124    6.70818      7.993     0.0815   12.06196   3.408884 4.4967e+03    25.6990    25.6985 1.0000e-12     40.000          1      12574    1479.60 1.8859e+00  52046.863    523.861 1622010408      -0.09     -0.450   40.09622  -71.56452 0.0000e+00
     39.195     7.7876    32.9398  1025.8678     2.3756     6.3466     94.755    0.01048    6.69787    6.70477      7.994     0.0819   12.05646   3.412793 2.3596e+01    25.6873    25.6868 1.0000e-12     39.500          1      12594    1479.76 1.9742e+00  52026.430    524.704 1622010409      -0.11     -0.539   40.09622  -71.56452 0.0000e+00
     38.691     7.8496    32.9271  1025.8465     2.3856     6.3824     95.354    0.01174    6.69347    6.70029      7.998     0.1328   12.04924   3.417145 5.0640e-11    25.6684    25.6679 1.0000e-12     39.000          1      12614    1479.97 1.9747e+00  51992.625    525.528 1622010410      -0.04     -0.602   40.09622  -71.56452 0.0000e+00
     38.201     7.9315    32.9093  1025.8184     2.4008     6.4260     96.022    0.01095    6.69223    6.69903      8.002     0.2131   12.04721   3.422459 5.0640e-11    25.6426    25.6421 1.0000e-12     38.500          1      12648    1480.25 1.9747e+00  51947.331    526.970 1622010411       0.19     -0.417   40.09622  -71.56452 0.0000e+00
     37.710     7.9828    32.9005  1025.8017     2.4147     6.4546     96.509    0.00897    6.68810    6.69483      8.006     0.2625   12.04052   3.426077 5.0640e-11    25.6283    25.6277 1.0000e-12     38.000          1      12687    1480.43 1.9747e+00  51922.219    528.573 1622010413      -0.11     -0.279   40.09620  -71.56450 0.0000e+00
     37.210     7.9868    32.8997  1025.7982     2.4220     6.4688     96.760    0.00787    6.68542    6.69211      8.009     0.2770   12.03608   3.426146 5.0640e-11    25.6271    25.6265 1.0000e-12     37.500          1      12710    1480.44 1.9747e+00  51919.906    529.522 1622010414      -0.18     -0.433   40.09620  -71.56450 0.0000e+00
     36.707     7.9945    32.8986  1025.7939     2.4293     6.4866     97.090    0.00768    6.68103    6.68765      8.012     0.2906   12.02885   3.426746 5.0640e-11    25.6251    25.6245 1.0000e-12     37.000          1      12732    1480.46 1.9747e+00  51916.207    530.441 1622010415      -0.04     -0.546   40.09620  -71.56450 0.0000e+00
     36.223     8.0446    32.8867  1025.7750     2.4461     6.5360     97.907    0.00780    6.67565    6.68219      8.019     0.3768   12.02001   3.430052 5.0640e-11    25.6084    25.6079 1.0000e-12     36.500          1      12783    1480.62 1.9747e+00  51887.007    532.589 1622010417       0.16     -0.202   40.09620  -71.56450 0.0000e+00
     35.727     8.0751    32.8856  1025.7674     2.4547     6.5579     98.277    0.00730    6.67286    6.67935      8.021     0.4420   12.01540   3.432567 5.0640e-11    25.6031    25.6026 1.0000e-12     36.000          1      12811    1480.73 1.9747e+00  51878.111    533.756 1622010418      -0.40     -0.306   40.09620  -71.56449 0.0000e+00
     35.223     8.0821    32.8852  1025.7637     2.4592     6.5732     98.512    0.00744    6.67249    6.67898      8.021     0.4561   12.01479   3.433053 5.0640e-11    25.6018    25.6013 1.0000e-12     35.500          1      12827    1480.75 1.9747e+00  51875.503    534.399 1622010419      -0.37     -0.578   40.09620  -71.56448 0.0000e+00
     34.724     8.0943    32.8833  1025.7581     2.4643     6.5888     98.753    0.00737    6.67201    6.67850      8.023     0.4744   12.01400   3.434006 5.0640e-11    25.5985    25.5980 1.0000e-12     35.000          1      12843    1480.78 1.9747e+00  51869.546    535.096 1622010419      -0.09     -0.731   40.09620  -71.56448 0.0000e+00
     34.225     8.1144    32.8821  1025.7519     2.4708     6.6066     99.032    0.00694    6.67119    6.67766      8.025     0.5153   12.01263   3.435579 5.0640e-11    25.5946    25.5941 1.0000e-12     34.500          1      12867    1480.85 1.9747e+00  51862.830    536.093 1622010420       0.18     -0.629   40.09620  -71.56448 0.0000e+00
     33.741     8.1343    32.8824  1025.7470     2.4845     6.6262     99.446    0.00446    6.66308    6.66942      8.032     0.5227   11.99935   3.437173 5.0640e-11    25.5919    25.5914 1.0000e-12     34.000          1      12934    1480.92 1.9747e+00  51858.331    538.892 1622010423       0.06     -0.102   40.09620  -71.56446 0.0000e+00
     33.250     8.1489    32.8798  1025.7406     2.4952     6.6471    100.065    0.00595    6.64273    6.64876      8.043     0.4474   11.96588   3.438153 5.0640e-11    25.5877    25.5872 1.0000e-12     33.500          1      12973    1480.96 1.9747e+00  51850.895    540.511 1622010425      -0.25     -0.260   40.09620  -71.56446 0.0000e+00
     32.747     8.1513    32.8788  1025.7372     2.5056     6.7001    100.927    0.00986    6.63851    6.64448      8.049     0.4385   11.95894   3.438251 5.0640e-11    25.5866    25.5861 1.0000e-12     33.000          1      12989    1480.96 1.9747e+00  51848.652    541.153 1622010426      -0.40     -0.491   40.09620  -71.56446 0.0000e+00
     32.244     8.1687    32.8751  1025.7293     2.5178     6.7670    101.978    0.01480    6.63575    6.64168      8.055     0.4664   11.95442   3.439689 5.0640e-11    25.5811    25.5806 1.0000e-12     32.500          1      13003    1481.02 1.9747e+00  51838.968    541.749 1622010426      -0.30     -0.707   40.09620  -71.56446 0.0000e+00
     31.743     8.2331    32.8659  1025.7102     2.5335     6.8463    103.197    0.01966    6.63419    6.64009      8.059     0.4284   11.95184   3.444946 5.0640e-11    25.5644    25.5639 1.0000e-12     32.000          1      13020    1481.24 1.9747e+00  51810.681    542.466 1622010427       0.02     -0.791   40.09620  -71.56446 0.0000e+00
     31.258     8.3520    32.8562  1025.6827     2.5622     6.9350    104.619    0.01994    6.62879    6.63461      8.066     0.3603   11.94295   3.454354 5.0640e-11    25.5391    25.5386 1.0000e-12     31.500          1      13056    1481.66 1.9747e+00  51769.287    543.966 1622010428       0.29     -0.415   40.09620  -71.56445 0.0000e+00
