CalculateIndicators/WaterTemperature/Data/CTD_NYOS/20210524_C21.cnv
* Sea-Bird SBE 9 Data File:
* FileName = C:\Seabird 9 CTD\Data\2021\202105_offshore\20210524_C21.hex
* Software Version Seasave V 7.23.2
* Temperature SN = 4590
* Conductivity SN = 3228
* Number of Bytes Per Scan = 44
* Number of Voltage Words = 5
* Number of Scans Averaged by the Deck Unit = 1
* NMEA Latitude = 39 48.38 N
* NMEA Longitude = 072 29.58 W
* NMEA UTC (Time) = May 24 2021  01:42:59
* NMEA baud rate = 4800
** Ship: seawolf
** Station: 4.4
** Operator: TDK
# nquan = 31
# nvalues = 261                         
# units = specified
# name 0 = depSM: Depth [salt water, m]
# name 1 = t090C: Temperature [ITS-90, deg C]
# name 2 = sal00: Salinity, Practical [PSU]
# name 3 = density00: Density [density, kg/m^3]
# name 4 = sbeox0V: Oxygen raw, SBE 43 [V]
# name 5 = sbeox0ML/L: Oxygen, SBE 43 [ml/l]
# name 6 = sbeox0PS: Oxygen, SBE 43 [% saturation]
# name 7 = sbox0dV/dT: Oxygen, SBE 43 [dov/dt]
# name 8 = oxsolML/L: Oxygen Saturation, Garcia & Gordon [ml/l]
# name 9 = oxsatML/L: Oxygen Saturation, Weiss [ml/l]
# name 10 = ph: pH
# name 11 = flECO-AFL: Fluorescence, WET Labs ECO-AFL/FL [mg/m^3]
# name 12 = n2satML/L: Nitrogen Saturation [ml/l]
# name 13 = c0S/m: Conductivity [S/m]
# name 14 = cpar: CPAR/Corrected Irradiance [%]
# name 15 = sigma-é00: Density [sigma-theta, kg/m^3]
# name 16 = sigma-t00: Density [sigma-t, kg/m^3 ]
# name 17 = par: PAR/Irradiance, Biospherical/Licor
# name 18 = prDM: Pressure, Digiquartz [db]
# name 19 = pumps: Pump Status
# name 20 = scan: Scan Count
# name 21 = svCM: Sound Velocity [Chen-Millero, m/s]
# name 22 = spar: SPAR, Biospherical/Licor
# name 23 = specc: Specific Conductance [uS/cm]
# name 24 = timeS: Time, Elapsed [seconds]
# name 25 = timeY: Time, System [seconds]
# name 26 = accM: Acceleration [m/s^2]
# name 27 = dz/dtM: Descent Rate [m/s]
# name 28 = latitude: Latitude [deg]
# name 29 = longitude: Longitude [deg]
# name 30 = flag: flag
# span 0 =      1.979,     66.486       
# span 1 =     7.9998,    15.5735       
# span 2 =    32.0796,    34.0502       
# span 3 =  1023.6116,  1026.5272       
# span 4 =     1.9335,     2.7233       
# span 5 =     4.6806,     6.7221       
# span 6 =     71.912,    110.532       
# span 7 =   -0.06355,    0.07885       
# span 8 =    5.71685,    6.67905       
# span 9 =    5.71097,    6.68592       
# span 10 =      7.863,      8.086      
# span 11 =     0.0537,     0.6129      
# span 12 =   10.43656,   12.02259      
# span 13 =   3.449147,   4.064539      
# span 14 = -1.055e+04, 1.0222e+05      
# span 15 =    23.6027,    26.2235      
# span 16 =    23.6027,    26.2224      
# span 17 = 1.0000e-12, 4.9581e-03      
# span 18 =      2.000,     67.000      
# span 19 =          1,          1      
# span 20 =        255,      13334      
# span 21 =    1481.05,    1505.60      
# span 22 = -4.390e-02, 2.1830e+00      
# span 23 =  49562.357,  53058.990      
# span 24 =     10.582,    555.544      
# span 25 = 1621820587, 1621821132      
# span 26 =      -0.43,       0.35      
# span 27 =     -0.808,      0.754      
# span 28 =   39.80382,   39.80640      
# span 29 =  -72.49308,  -72.49021      
# span 30 = 0.0000e+00, 0.0000e+00      
# interval = decibars: 0.5              
# start_time = May 24 2021 01:42:57 [System UTC, first data scan.]
# bad_flag = -9.990e-29
*END*
[from data line 188]
     37.718     9.2215    32.8423  1025.5671     2.5550     6.6667    102.594    0.00351    6.49810    6.50205      8.029     0.2773   11.72691   3.530364 5.0640e-11    25.3947    25.3940 1.0000e-12     38.000          1       8715    1484.99 1.9747e+00  51565.244    363.068 1621820940      -0.06     -0.184   39.80470  -72.49116 0.0000e+00
     37.215     9.2553    32.8431  1025.5600     2.5570     6.6724    102.688    0.00349    6.49766    6.50161      8.030     0.2876   11.72617   3.533450 -9.990e-29    25.3899    25.3893 1.0000e-12     37.500          1       8731    1485.11 -9.990e-29  51559.208    363.735 1621820941      -0.43     -0.416   39.80470  -72.49115 0.0000e+00
     36.710     9.2793    32.8430  1025.5537     2.5587     6.6749    102.730    0.00310    6.49749    6.50144 -9.990e-29     0.2936   11.72591   3.535460 -9.990e-29    25.3860    25.3853 1.0000e-12     37.000          1       8744    1485.19 -9.990e-29  51553.481    364.308 1621820941      -0.39     -0.663   39.80470  -72.49114 0.0000e+00
     36.211     9.3037    32.8427  1025.5474     2.5602     6.6761    102.765    0.00277    6.49651    6.50044 -9.990e-29     0.2783   11.72428   3.537571 -9.990e-29    25.3819    25.3813 1.0000e-12     36.500          1       8760    1485.27 -9.990e-29  51547.888    364.973 1621820942      -0.07     -0.808   39.80468  -72.49114 0.0000e+00
     35.725     9.3214    32.8419  1025.5416     2.5622     6.6799    102.832    0.00242    6.49596    6.49988 -9.990e-29     0.2854   11.72337   3.538904 -9.990e-29    25.3784    25.3778 1.0000e-12     36.000          1       8781    1485.33 -9.990e-29  51542.779    365.829 1621820943       0.22     -0.705   39.80468  -72.49114 0.0000e+00
     35.230     9.3275    32.8423  1025.5387     2.5638     6.6841    102.896    0.00228    6.49593    6.49985 -9.990e-29     0.2910   11.72331   3.539406 9.9999e+04    25.3777    25.3771 1.0000e-12     35.500          1       8799    1485.34 0.0000e+00  51541.807    366.603 1621820944       0.01     -0.594   39.80468  -72.49114 0.0000e+00
     34.726     9.3298    32.8422  1025.5360     2.5645     6.6834    102.885    0.00182    6.49595    6.49987 -9.990e-29     0.2940   11.72334   3.539517 9.9999e+04    25.3773    25.3767 1.0000e-12     35.000          1       8815    1485.34 0.0000e+00  51540.926    367.265 1621820944      -0.15     -0.659   39.80468  -72.49112 0.0000e+00
     34.225     9.3374    32.8419  1025.5322     2.5644     6.6769    102.783    0.00077    6.49609    6.50001 -9.990e-29     0.2790   11.72357   3.540126 6.9208e+04    25.3759    25.3753 1.0000e-12     34.500          1       8835    1485.36 6.0804e-01  51538.630    368.098 1621820945       0.07     -0.696   39.80468  -72.49112 0.0000e+00
     33.744     9.3409    32.8424  1025.5299     2.5645     6.6711    102.702   -0.00003    6.49555    6.49946 -9.990e-29     0.3045   11.72268   3.540340 -8.692e+03    25.3757    25.3751 1.0000e-12     34.000          1       8875    1485.37 2.1463e+00  51538.359    369.744 1621820947       0.23     -0.313   39.80467  -72.49112 0.0000e+00
     33.246     9.3397    32.8427  1025.5280     2.5635     6.6625    102.604   -0.00050    6.49337    6.49726 -9.990e-29     0.3096   11.71910   3.540171 5.0640e-11    25.3761    25.3755 1.0000e-12     33.500          1       8900    1485.35 1.9747e+00  51538.616    370.780 1621820948      -0.29     -0.340   39.80466  -72.49112 0.0000e+00
     32.741     9.3393    32.8428  1025.5259     2.5636     6.6582    102.588   -0.00065    6.49020    6.49405      8.030     0.3141   11.71386   3.540116 5.0640e-11    25.3762    25.3757 1.0000e-12     33.000          1       8916    1485.34 1.9747e+00  51538.592    371.467 1621820948      -0.29     -0.574   39.80466  -72.49112 0.0000e+00
     32.244     9.3413    32.8426  1025.5230     2.5648     6.6608    102.721    0.00042    6.48433    6.48809      8.030     0.2996   11.70419   3.540237 5.0640e-11    25.3757    25.3751 1.0000e-12     32.500          1       8938    1485.34 1.9747e+00  51537.486    372.361 1621820949       0.07     -0.651   39.80466  -72.49112 0.0000e+00
     31.756     9.3564    32.8416  1025.5177     2.5683     6.6722    103.034    0.00229    6.47579    6.47943      8.030     0.2740   11.69010   3.541600 5.0640e-11    25.3725    25.3720 1.0000e-12     32.000          1       8968    1485.39 1.9747e+00  51532.785    373.635 1621820951       0.16     -0.423   39.80465  -72.49110 0.0000e+00
     31.261     9.3880    32.8407  1025.5095     2.5721     6.6809    103.308    0.00356    6.46700    6.47051      8.030     0.2645   11.67560   3.544409 5.0640e-11    25.3667    25.3662 1.0000e-12     31.500          1       8993    1485.49 1.9747e+00  51524.747    374.651 1621820952      -0.13     -0.419   39.80464  -72.49110 0.0000e+00
     30.763     9.4252    32.8375  1025.4988     2.5744     6.6813    103.402    0.00349    6.46154    6.46498      8.031     0.2492   11.66658   3.547621 5.0640e-11    25.3583    25.3578 1.0000e-12     31.000          1       9011    1485.62 1.9747e+00  51512.411    375.409 1621820952      -0.19     -0.546   39.80464  -72.49110 0.0000e+00
     30.262     9.4539    32.8362  1025.4908     2.5769     6.6815    103.489    0.00325    6.45620    6.45956      8.033     0.2384   11.65774   3.549912 4.9438e+04    25.3526    25.3521 1.0000e-12     30.500          1       9027    1485.71 9.9843e-01  51504.368    376.096 1621820953      -0.14     -0.662   39.80464  -72.49108 0.0000e+00
     29.766     9.5013    32.8333  1025.4787     2.5791     6.6821    103.581    0.00324    6.45101    6.45430 -9.990e-29     0.2554   11.64914   3.554093 9.8727e+04    25.3427    25.3422 1.0000e-12     30.000          1       9046    1485.88 2.5116e-02  51490.497    376.876 1621820954       0.04     -0.699   39.80464  -72.49108 0.0000e+00
     29.271     9.5576    32.8300  1025.4647     2.5815     6.6837    103.647    0.00272    6.44851    6.45177 -9.990e-29     0.2468   11.64499   3.558816 1.9964e+04    25.3311    25.3306 1.0000e-12     29.500          1       9069    1486.07 1.5805e+00  51474.347    377.845 1621820955       0.14     -0.591   39.80464  -72.49108 0.0000e+00
     28.777     9.6124    32.8299  1025.4534     2.5837     6.6858    103.694    0.00215    6.44760    6.45084 -9.990e-29     0.2255   11.64347   3.563776 -8.263e+01    25.3220    25.3215 1.0000e-12     29.000          1       9095    1486.26 1.9763e+00  51462.973    378.921 1621820956       0.05     -0.473   39.80463  -72.49108 0.0000e+00
     28.279     9.6618    32.8310  1025.4439     2.5867     6.6964    103.871    0.00256    6.44682    6.45006      8.034     0.2344   11.64218   3.568111 5.0640e-11    25.3149    25.3144 1.0000e-12     28.500          1       9120    1486.43 1.9747e+00  51454.553    379.959 1621820957      -0.01     -0.479   39.80462  -72.49108 0.0000e+00
     27.786     9.6785    32.8325  1025.4401     2.5873     6.6923    103.831    0.00185    6.44534    6.44855      8.034     0.2239   11.63970   3.569515 5.2583e+02    25.3133    25.3128 1.0000e-12     28.000          1       9147    1486.49 1.9643e+00  51453.023    381.085 1621820958       0.04     -0.457   39.80462  -72.49108 0.0000e+00
     27.290     9.6839    32.8336  1025.4378     2.5872     6.6773    103.632   -0.00033    6.44331    6.44649      8.034     0.2454   11.63634   3.570028 9.6335e+04    25.3133    25.3128 1.0000e-12     27.500          1       9170    1486.50 7.2346e-02  51453.212    382.060 1621820959      -0.07     -0.464   39.80462  -72.49106 0.0000e+00
     26.791     9.6873    32.8346  1025.4357     2.5886     6.6829    103.774    0.00066    6.43991    6.44305      8.034     0.2663   11.63072   3.570366 1.0003e+05    25.3135    25.3130 1.0000e-12     27.000          1       9191    1486.51 -6.001e-04  51453.596    382.901 1621820960      -0.10     -0.549   39.80462  -72.49106 0.0000e+00
     26.291     9.6962    32.8353  1025.4326     2.5894     6.6808    103.832    0.00104    6.43419    6.43725      8.034     0.2661   11.62126   3.571193 9.9999e+04    25.3126    25.3122 1.0000e-12     26.500          1       9214    1486.53 0.0000e+00  51452.668    383.857 1621820961       0.05     -0.572   39.80461  -72.49106 0.0000e+00
     25.800     9.7235    32.8354  1025.4259     2.5914     6.6833    103.946    0.00127    6.42962    6.43262      8.037     0.2526   11.61370   3.573719 9.9999e+04    25.3082    25.3078 1.0000e-12     26.000          1       9251    1486.62 0.0000e+00  51447.138    385.422 1621820962       0.13     -0.349   39.80460  -72.49106 0.0000e+00
     25.301     9.8124    32.8371  1025.4103     2.5971     6.6996    104.218    0.00119    6.42844    6.43143      8.040     0.2376   11.61173   3.581693 8.3458e+03    25.2949    25.2945 1.0000e-12     25.500          1       9391    1486.94 1.8099e+00  51431.940    391.242 1621820968      -0.03     -0.142   39.80457  -72.49104 0.0000e+00
     24.803     9.8531    32.8384  1025.4023     2.6078     6.7201    104.738    0.00157    6.41609    6.41890      8.042     0.2257   11.59130   3.585071 -7.809e+02    25.2893    25.2888 1.0000e-12     25.000          1      10482    1487.08 1.9901e+00  51425.638    436.726 1621821014      -0.13     -0.373   39.80435  -72.49081 0.0000e+00
     24.314     9.8960    32.8370  1025.3919     2.6106     6.7112    104.807    0.00125    6.40335    6.40599      8.042     0.2132   11.57027   3.588919 5.0640e-11    25.2810    25.2806 1.0000e-12     24.500          1      10781    1487.23 1.9747e+00  51415.054    449.151 1621821026      -0.07     -0.437   39.80430  -72.49076 0.0000e+00
     23.815     9.9100    32.8378  1025.3878     2.6116     6.7089    104.856    0.00134    6.39825    6.40082      8.042     0.2256   11.56182   3.590411 5.0640e-11    25.2793    25.2789 1.0000e-12     24.000          1      10794    1487.27 1.9747e+00  51413.230    449.719 1621821027      -0.11     -0.510   39.80429  -72.49075 0.0000e+00
     23.315     9.9457    32.8340  1025.3767     2.6118     6.7013    104.803    0.00079    6.39419    6.39671      8.042     0.2168   11.55510   3.593138 5.0640e-11    25.2704    25.2700 1.0000e-12     23.500          1      10815    1487.39 1.9747e+00  51400.720    450.576 1621821027      -0.03     -0.587   39.80428  -72.49074 0.0000e+00
     22.822     9.9951    32.8319  1025.3645     2.6128     6.6961    104.818    0.00061    6.38835    6.39079      8.044     0.1885   11.54545   3.597513 5.0640e-11    25.2605    25.2601 1.0000e-12     23.000          1      10844    1487.55 1.9747e+00  51388.045    451.799 1621821029       0.15     -0.478   39.80428  -72.49074 0.0000e+00
     22.334    10.0535    32.8322  1025.3527     2.6146     6.6964    104.950    0.00134    6.38053    6.38286      8.045     0.1850   11.53255   3.602826 5.0640e-11    25.2510    25.2506 1.0000e-12     22.500          1      10876    1487.76 1.9747e+00  51377.123    453.142 1621821030      -0.04     -0.332   39.80428  -72.49074 0.0000e+00
     21.833    10.0703    32.8340  1025.3490     2.6169     6.7038    105.088    0.00176    6.37928    6.38159      8.045     0.2007   11.53048   3.604359 5.0640e-11    25.2496    25.2492 1.0000e-12     22.000          1      10895    1487.81 1.9747e+00  51376.283    453.915 1621821031      -0.25     -0.470   39.80428  -72.49073 0.0000e+00
     21.329    10.0944    32.8343  1025.3430     2.6188     6.7106    105.243    0.00262    6.37626    6.37853      8.046     0.2014   11.52547   3.606754 5.0640e-11    25.2458    25.2454 1.0000e-12     21.500          1      10912    1487.89 1.9747e+00  51371.937    454.611 1621821032      -0.19     -0.641   39.80427  -72.49072 0.0000e+00
     20.836    10.1442    32.8282  1025.3275     2.6209     6.7082    105.323    0.00258    6.36918    6.37136      8.045     0.1865   11.51379   3.610561 4.6438e+02    25.2327    25.2323 1.0000e-12     21.000          1      10935    1488.05 1.9655e+00  51353.549    455.576 1621821033       0.15     -0.633   39.80426  -72.49072 0.0000e+00
     20.347    10.1704    32.8289  1025.3215     2.6233     6.7050    105.378    0.00202    6.36285    6.36494      8.046     0.1754   11.50331   3.612823 1.0024e+05    25.2289    25.2285 1.0000e-12     20.500          1      10962    1488.14 -4.767e-03  51349.590    456.725 1621821034       0.08     -0.429   39.80426  -72.49071 0.0000e+00
     19.845    10.1930    32.8282  1025.3148     2.6246     6.7066    105.437    0.00200    6.36082    6.36287      8.045     0.1593   11.49995   3.614893 8.4421e+04    25.2245    25.2241 1.0000e-12     20.000          1      10983    1488.21 3.0762e-01  51343.996    457.565 1621821034      -0.15     -0.496   39.80426  -72.49070 0.0000e+00
     19.345    10.2415    32.8266  1025.3030     2.6251     6.6995    105.374    0.00110    6.35780    6.35982      8.045     0.1882   11.49497   3.619258 4.5385e+03    25.2150    25.2146 1.0000e-12     19.500          1      11005    1488.38 1.8851e+00  51332.450    458.490 1621821035       0.01     -0.578   39.80426  -72.49070 0.0000e+00
     18.854    10.2972    32.8255  1025.2905     2.6259     6.6851    105.336    0.00052    6.34645    6.34832      8.045     0.1721   11.47620   3.623913 5.0640e-11    25.2047    25.2044 1.0000e-12     19.000          1      11043    1488.57 1.9747e+00  51320.413    460.069 1621821037       0.14     -0.356   39.80425  -72.49070 0.0000e+00
     18.364    10.3365    32.8245  1025.2808     2.6296     6.6811    105.593    0.00203    6.32719    6.32880      8.045     0.1423   11.44434   3.627363 5.0640e-11    25.1973    25.1969 1.0000e-12     18.500          1      11083    1488.70 1.9747e+00  51311.592    461.767 1621821039      -0.07     -0.264   39.80424  -72.49069 0.0000e+00
     17.865    10.3691    32.8251  1025.2734     2.6315     6.6793    105.707    0.00250    6.31875    6.32024      8.044     0.1293   11.43038   3.630538 5.0640e-11    25.1921    25.1918 1.0000e-12     18.000          1      11104    1488.81 1.9747e+00  51306.064    462.637 1621821040      -0.25     -0.418   39.80424  -72.49068 0.0000e+00
     17.364    10.4385    32.8225  1025.2572     2.6338     6.6792    105.810    0.00261    6.31242    6.31383      8.044     0.1514   11.41997   3.637012 -9.990e-29    25.1783    25.1780 1.0000e-12     17.500          1      11122    1489.04 -9.990e-29  51289.625    463.362 1621821040      -0.19     -0.594   39.80424  -72.49068 0.0000e+00
     16.870    10.5009    32.8238  1025.2452     2.6347     6.6707    105.817    0.00240    6.30398    6.30527      8.044     0.1522   11.40603   3.642460 -9.990e-29    25.1686    25.1682 1.0000e-12     17.000          1      11140    1489.26 -9.990e-29  51280.252    464.110 1621821041      -0.03     -0.675   39.80422  -72.49066 0.0000e+00
     16.376    10.5579    32.8207  1025.2308     2.6356     6.6642    105.776    0.00146    6.30030    6.30155 -9.990e-29     0.1506   11.39989   3.647433 -9.990e-29    25.1564    25.1560 1.0000e-12     16.500          1      11157    1489.45 -9.990e-29  51264.900    464.837 1621821042       0.00     -0.673   39.80422  -72.49066 0.0000e+00
     15.877    10.6039    32.8210  1025.2207     2.6364     6.6634    105.792    0.00120    6.29859    6.29982 -9.990e-29     0.1509   11.39711   3.651579 -9.990e-29    25.1486    25.1483 1.0000e-12     16.000          1      11173    1489.61 -9.990e-29  51257.360    465.494 1621821042      -0.07     -0.698   39.80422  -72.49066 0.0000e+00
