CalculateIndicators/WaterTemperature/Data/CTD_NYOS/20210522_C09B.cnv
* Sea-Bird SBE 9 Data File:
* FileName = C:\Seabird 9 CTD\Data\2021\202105_offshore\20210522_C09B.hex
* Software Version Seasave V 7.23.2
* Temperature SN = 4590
* Conductivity SN = 3228
* Number of Bytes Per Scan = 44
* Number of Voltage Words = 5
* Number of Scans Averaged by the Deck Unit = 1
* NMEA Latitude = 39 29.06 N
* NMEA Longitude = 073 03.36 W
* NMEA UTC (Time) = May 22 2021  10:16:47
* NMEA baud rate = 4800
** Ship: seawolf
** Station: 6.4
** Operator: EIH
# nquan = 31
# nvalues = 238                         
# units = specified
# name 0 = depSM: Depth [salt water, m]
# name 1 = t090C: Temperature [ITS-90, deg C]
# name 2 = sal00: Salinity, Practical [PSU]
# name 3 = density00: Density [density, kg/m^3]
# name 4 = sbeox0V: Oxygen raw, SBE 43 [V]
# name 5 = sbeox0ML/L: Oxygen, SBE 43 [ml/l]
# name 6 = sbeox0PS: Oxygen, SBE 43 [% saturation]
# name 7 = sbox0dV/dT: Oxygen, SBE 43 [dov/dt]
# name 8 = oxsolML/L: Oxygen Saturation, Garcia & Gordon [ml/l]
# name 9 = oxsatML/L: Oxygen Saturation, Weiss [ml/l]
# name 10 = ph: pH
# name 11 = flECO-AFL: Fluorescence, WET Labs ECO-AFL/FL [mg/m^3]
# name 12 = n2satML/L: Nitrogen Saturation [ml/l]
# name 13 = c0S/m: Conductivity [S/m]
# name 14 = cpar: CPAR/Corrected Irradiance [%]
# name 15 = sigma-é00: Density [sigma-theta, kg/m^3]
# name 16 = sigma-t00: Density [sigma-t, kg/m^3 ]
# name 17 = par: PAR/Irradiance, Biospherical/Licor
# name 18 = prDM: Pressure, Digiquartz [db]
# name 19 = pumps: Pump Status
# name 20 = scan: Scan Count
# name 21 = svCM: Sound Velocity [Chen-Millero, m/s]
# name 22 = spar: SPAR, Biospherical/Licor
# name 23 = specc: Specific Conductance [uS/cm]
# name 24 = timeS: Time, Elapsed [seconds]
# name 25 = timeY: Time, System [seconds]
# name 26 = accM: Acceleration [m/s^2]
# name 27 = dz/dtM: Descent Rate [m/s]
# name 28 = latitude: Latitude [deg]
# name 29 = longitude: Longitude [deg]
# name 30 = flag: flag
# span 0 =      1.950,     64.502       
# span 1 =     8.0107,    14.5707       
# span 2 =    32.4785,    33.6107       
# span 3 =  1024.1927,  1026.3393       
# span 4 =     1.9272,     2.6526       
# span 5 =     4.1728,     6.4990       
# span 6 =     71.517,    106.471       
# span 7 =   -0.01983,    0.07467       
# span 8 =    5.82884,    6.66861       
# span 9 =    5.82422,    6.67558       
# span 10 =      7.908,      8.085      
# span 11 =     0.0796,     0.9242      
# span 12 =   10.62133,   12.00246      
# span 13 =   3.471800,   3.983598      
# span 14 = 4.6029e-13, 3.1104e+01      
# span 15 =    24.1792,    26.0431      
# span 16 =    24.1791,    26.0422      
# span 17 = -2.132e-04, 7.7628e+01      
# span 18 =      2.000,     65.000      
# span 19 =          1,          1      
# span 20 =         79,      13738      
# span 21 =    1481.21,    1502.56      
# span 22 = 1.9773e+02, 2.5052e+02      
# span 23 =  50307.493,  52694.447      
# span 24 =      3.241,    572.365      
# span 25 = 1621678610, 1621679179      
# span 26 =      -0.79,       0.50      
# span 27 =     -0.797,      0.725      
# span 28 =   39.48437,   39.48602      
# span 29 =  -73.05609,  -73.05271      
# span 30 = 0.0000e+00, 0.0000e+00      
# interval = decibars: 0.5              
# start_time = May 22 2021 10:16:47 [System UTC, first data scan.]
# bad_flag = -9.990e-29
*END*
[from data line 47]
     32.754     9.1917    33.0339  1025.6988     2.4352     6.2511     95.126   -0.01487    6.57143    6.57671      8.049     0.3263   11.84477   3.543055 8.8371e-01    25.5491    25.5486 1.8484e+00     33.000          1       2532    1485.03 2.0917e+02  51838.875    105.463 1621678713       0.23      0.714   39.48468  -73.05550 0.0000e+00
     33.244     8.9260    33.0929  1025.7892     2.4083     6.1634     93.495   -0.01857    6.59222    6.59782      8.035     0.4122   11.87884   3.524226 8.3133e-01    25.6370    25.6365 1.7303e+00     33.500          1       2565    1484.13 2.0812e+02  51979.039    106.848 1621678714      -0.23      0.488   39.48470  -73.05548 0.0000e+00
     33.729     8.7033    33.1330  1025.8575     2.3721     6.0438     91.602   -0.01983    6.59788    6.60357      8.025     0.5098   11.88820   3.507967 7.8474e-01    25.7030    25.7024 1.6267e+00     34.000          1       2609    1483.36 2.0730e+02  52084.467    108.677 1621678716       0.21      0.173   39.48470  -73.05548 0.0000e+00
     34.233     8.5863    33.1540  1025.8942     2.3613     6.0169     91.177   -0.01868    6.59913    6.60484      8.024     0.4934   11.89029   3.499894 7.2610e-01    25.7372    25.7367 1.5056e+00     34.500          1       2626    1482.96 2.0735e+02  52140.344    109.387 1621678716       0.37      0.452   39.48470  -73.05548 0.0000e+00
     34.738     8.5610    33.1542  1025.9005     2.3520     6.0094     91.055   -0.01505    6.59977    6.60549      8.024     0.4905   11.89135   3.498254 6.8311e-01    25.7413    25.7408 1.4167e+00     35.000          1       2645    1482.87 2.0739e+02  52146.752    110.157 1621678717       0.11      0.643   39.48470  -73.05548 0.0000e+00
     35.224     8.5494    33.1507  1025.9018     2.3412     6.0180     91.128   -0.00861    6.60387    6.60965      8.021     0.5207   11.89805   3.497268 6.4331e-01    25.7403    25.7398 1.3472e+00     35.500          1       2679    1482.83 2.0941e+02  52144.707    111.603 1621678719      -0.26      0.423   39.48470  -73.05546 0.0000e+00
     35.717     8.5418    33.1486  1025.9036     2.3354     6.0212     91.153   -0.00525    6.60551    6.61132      8.019     0.5266   11.90070   3.496693 6.0827e-01    25.7398    25.7393 1.2733e+00     36.000          1       2708    1482.81 2.0932e+02  52143.670    112.797 1621678720       0.24      0.297   39.48470  -73.05546 0.0000e+00
     36.224     8.5306    33.1504  1025.9090     2.3325     6.0191     91.064   -0.00479    6.60975    6.61565      8.019     0.5333   11.90745   3.495883 5.6550e-01    25.7429    25.7423 1.1837e+00     36.500          1       2724    1482.78 2.0932e+02  52149.031    113.471 1621678721       0.35      0.549   39.48470  -73.05546 0.0000e+00
     36.721     8.5096    33.1543  1025.9176     2.3289     6.0231     91.000   -0.00376    6.61882    6.62487      8.015     0.5390   11.92216   3.494638 5.3075e-01    25.7492    25.7486 1.1110e+00     37.000          1       2749    1482.72 2.0932e+02  52159.727    114.508 1621678722      -0.12      0.589   39.48471  -73.05545 0.0000e+00
     37.205     8.4619    33.1793  1025.9467     2.3121     5.9571     89.782   -0.00825    6.63506    6.64137      8.000     0.6742   11.94879   3.492832 4.9423e-01    25.7760    25.7755 1.0262e+00     37.500          1       2798    1482.57 2.0801e+02  52206.298    116.524 1621678724      -0.07      0.184   39.48472  -73.05544 0.0000e+00
     37.708     8.3822    33.2096  1025.9848     2.2910     5.8447     88.043   -0.01587    6.63851    6.64492      7.991     0.6988   11.95392   3.488454 4.6221e-01    25.8118    25.8113 9.5138e-01     38.000          1       2825    1482.32 2.0585e+02  52267.880    117.657 1621678725       0.21      0.358   39.48472  -73.05543 0.0000e+00
     38.203     8.3141    33.2147  1026.0014     2.2704     5.7609     86.785   -0.01845    6.63818    6.64461      7.984     0.8496   11.95308   3.482839 4.2892e-01    25.8260    25.8254 8.9102e-01     38.500          1       2852    1482.08 2.0775e+02  52290.949    118.776 1621678726      -0.02      0.469   39.48472  -73.05542 0.0000e+00
     38.694     8.2671    33.2300  1026.0226     2.2505     5.6999     85.835   -0.01815    6.64053    6.64701      7.979     0.9173   11.95688   3.480367 4.0143e-01    25.8450    25.8444 8.4055e-01     39.000          1       2878    1481.93 2.0938e+02  52323.715    119.876 1621678727       0.02      0.420   39.48472  -73.05542 0.0000e+00
     39.198     8.2400    33.2711  1026.0613     2.2354     5.6490     85.056   -0.01849    6.64155    6.64805      7.978     0.8643   11.95849   3.482353 3.6857e-01    25.8813    25.8807 7.7150e-01     39.500          1       2897    1481.89 2.0932e+02  52388.921    120.659 1621678728       0.18      0.523   39.48472  -73.05542 0.0000e+00
     39.697     8.2346    33.2918  1026.0806     2.2176     5.5962     84.246   -0.01780    6.64276    6.64928      7.974     0.8816   11.96046   3.483629 3.4498e-01    25.8984    25.8978 7.2212e-01     40.000          1       2923    1481.90 2.0932e+02  52419.770    121.731 1621678729      -0.10      0.544   39.48473  -73.05542 0.0000e+00
     40.175     8.2073    33.3077  1026.0994     2.1927     5.5567     83.614   -0.01148    6.64562    6.65219      7.971     0.8399   11.96506   3.482826 3.2244e-01    25.9149    25.9143 6.7484e-01     40.500          1       2972    1481.83 2.0929e+02  52448.959    123.777 1621678731      -0.08      0.146   39.48474  -73.05540 0.0000e+00
     40.679     8.2044    33.3089  1026.1031     2.1888     5.5608     83.671   -0.00887    6.64603    6.65262      7.970     0.8451   11.96573   3.482753 2.9984e-01    25.9163    25.9157 6.1137e-01     41.000          1       2988    1481.83 2.0387e+02  52451.690    124.469 1621678732       0.42      0.362   39.48474  -73.05540 0.0000e+00
     41.191     8.1965    33.3117  1026.1088     2.1850     5.5604     83.643   -0.00719    6.64775    6.65437      7.969     0.8067   11.96852   3.482369 2.7167e-01    25.9197    25.9191 5.4798e-01     41.500          1       3004    1481.81 2.0169e+02  52457.885    125.115 1621678732       0.34      0.638   39.48474  -73.05538 0.0000e+00
     41.676     8.1797    33.3193  1026.1195     2.1763     5.5475     83.407   -0.00523    6.65120    6.65787      7.965     0.7591   11.97415   3.481697 2.4308e-01    25.9281    25.9275 4.9910e-01     42.000          1       3045    1481.76 2.0544e+02  52472.923    126.815 1621678734      -0.23      0.375   39.48474  -73.05538 0.0000e+00
     42.167     8.1562    33.3277  1026.1319     2.1663     5.5151     82.887   -0.00562    6.65374    6.66046      7.959     0.6595   11.97829   3.480429 2.2228e-01    25.9382    25.9376 4.6565e-01     42.500          1       3085    1481.69 2.0947e+02  52490.714    128.498 1621678736       0.30      0.246   39.48474  -73.05538 0.0000e+00
     42.669     8.1472    33.3292  1026.1367     2.1603     5.4869     82.449   -0.00715    6.65490    6.66164      7.959     0.6944   11.98015   3.479832 2.0333e-01    25.9408    25.9401 4.2562e-01     43.000          1       3104    1481.67 2.0932e+02  52495.293    129.296 1621678736       0.24      0.497   39.48474  -73.05538 0.0000e+00
     43.169     8.1320    33.3322  1026.1436     2.1531     5.4615     82.053   -0.00764    6.65616    6.66293      7.958     0.6833   11.98213   3.478793 1.8641e-01    25.9453    25.9447 3.9035e-01     43.500          1       3126    1481.62 2.0932e+02  52503.518    130.204 1621678737      -0.01      0.588   39.48476  -73.05536 0.0000e+00
     43.659     8.1203    33.3362  1026.1507     2.1451     5.4416     81.741   -0.00682    6.65717    6.66396      7.955     0.6508   11.98375   3.478211 1.7092e-01    25.9502    25.9496 3.5777e-01     44.000          1       3156    1481.59 2.0932e+02  52512.173    131.464 1621678739      -0.14      0.442   39.48476  -73.05536 0.0000e+00
     44.158     8.1043    33.3454  1026.1626     2.1372     5.4231     81.403   -0.00637    6.66199    6.66887      7.953     0.5082   11.99150   3.477719 1.5618e-01    25.9598    25.9592 3.2692e-01     44.500          1       3186    1481.55 2.0932e+02  52529.443    132.709 1621678740       0.03      0.390   39.48476  -73.05536 0.0000e+00
     44.649     8.0964    33.3516  1026.1709     2.1283     5.3949     80.961   -0.00647    6.66365    6.67056      7.947     0.3764   11.99416   3.477642 1.4229e-01    25.9658    25.9652 2.9784e-01     45.000          1       3219    1481.53 2.0932e+02  52540.322    134.068 1621678741      -0.05      0.381   39.48476  -73.05535 0.0000e+00
     45.146     8.0756    33.3605  1026.1833     2.1196     5.3617     80.454   -0.00728    6.66427    6.67119      7.946     0.3610   11.99517   3.476528 1.2998e-01    25.9759    25.9752 2.7208e-01     45.500          1       3243    1481.48 2.0932e+02  52558.281    135.104 1621678742       0.14      0.399   39.48476  -73.05534 0.0000e+00
     45.651     8.0490    33.3742  1026.2003     2.1110     5.3218     79.853   -0.00918    6.66456    6.67149      7.944     0.3414   11.99566   3.475535 1.1861e-01    25.9906    25.9899 2.4827e-01     46.000          1       3265    1481.40 2.0932e+02  52584.520    135.987 1621678743       0.09      0.543   39.48476  -73.05534 0.0000e+00
     46.136     8.0391    33.3779  1026.2070     2.0983     5.2890     79.381   -0.00761    6.66279    6.66969      7.941     0.2428   11.99268   3.475086 1.1048e-01    25.9950    25.9943 2.3149e-01     46.500          1       3307    1481.37 2.0953e+02  52592.468    137.730 1621678745      -0.23      0.304   39.48477  -73.05532 0.0000e+00
     46.633     8.0347    33.3784  1026.2103     2.0938     5.2895     79.401   -0.00505    6.66181    6.66870      7.941     0.3114   11.99101   3.474842 9.9955e-02    25.9960    25.9953 2.1045e-01     47.000          1       3334    1481.37 2.1055e+02  52594.519    138.858 1621678746       0.30      0.324   39.48478  -73.05532 0.0000e+00
     47.141     8.0383    33.3796  1026.2130     2.0909     5.2872     79.372   -0.00390    6.66125    6.66814      7.939     0.3155   11.98998   3.475360 9.1166e-02    25.9964    25.9957 1.9206e-01     47.500          1       3352    1481.39 2.1069e+02  52595.658    139.640 1621678747       0.20      0.561   39.48478  -73.05532 0.0000e+00
     47.626     8.0488    33.3826  1026.2160     2.0852     5.2678     79.106   -0.00376    6.65924    6.66611      7.936     0.2016   11.98656   3.476690 8.3946e-02    25.9972    25.9965 1.7653e-01     48.000          1       3387    1481.44 2.1028e+02  52597.688    141.084 1621678748      -0.25      0.421   39.48478  -73.05531 0.0000e+00
     48.121     8.0493    33.3914  1026.2252     2.0791     5.2401     78.688   -0.00501    6.65935    6.66622      7.936     0.2129   11.98673   3.477632 7.5036e-02    26.0041    26.0034 1.5706e-01     48.500          1       3415    1481.46 2.0931e+02  52610.502    142.244 1621678749       0.22      0.332   39.48478  -73.05530 0.0000e+00
     48.623     8.0578    33.3976  1026.2311     2.0753     5.2268     78.491   -0.00512    6.65907    6.66594      7.935     0.2146   11.98624   3.479074 6.8420e-02    26.0077    26.0070 1.4322e-01     49.000          1       3433    1481.51 2.0932e+02  52617.559    143.008 1621678750       0.24      0.544   39.48478  -73.05530 0.0000e+00
     49.124     8.0624    33.4028  1026.2368     2.0710     5.2142     78.313   -0.00478    6.65815    6.66502      7.933     0.1986   11.98464   3.479912 6.0568e-02    26.0111    26.0104 1.2678e-01     49.500          1       3457    1481.54 2.0932e+02  52624.099    144.005 1621678751      -0.08      0.581   39.48478  -73.05530 0.0000e+00
     49.602     8.0643    33.4062  1026.2414     2.0635     5.1998     78.100   -0.00317    6.65778    6.66465      7.931     0.1449   11.98396   3.480482 5.6671e-02    26.0135    26.0128 1.1695e-01     50.000          1       3509    1481.56 2.0621e+02  52628.816    146.183 1621678753      -0.05      0.125   39.48478  -73.05528 0.0000e+00
     50.110     8.0682    33.4140  1026.2493     2.0602     5.1868     77.906   -0.00357    6.65777    6.66464      7.931     0.1588   11.98394   3.481630 4.7529e-02    26.0191    26.0183 9.6692e-02     50.500          1       3528    1481.60 2.0343e+02  52639.358    146.968 1621678754       0.37      0.382   39.48480  -73.05528 0.0000e+00
     50.610     8.0684    33.4173  1026.2541     2.0576     5.1788     77.792   -0.00347    6.65725    6.66411      7.930     0.1610   11.98307   3.481905 4.1768e-02    26.0216    26.0209 8.5037e-02     51.000          1       3550    1481.61 2.0362e+02  52644.303    147.891 1621678755       0.04      0.570   39.48480  -73.05527 0.0000e+00
     51.096     8.0690    33.4185  1026.2572     2.0538     5.1720     77.693   -0.00257    6.65702    6.66388      7.928     0.1417   11.98268   3.482095 3.3805e-02    26.0225    26.0218 7.1337e-02     51.500          1       3587    1481.62 2.1094e+02  52646.212    149.414 1621678757      -0.19      0.354   39.48480  -73.05526 0.0000e+00
     51.594     8.0704    33.4195  1026.2600     2.0521     5.1707     77.675   -0.00187    6.65681    6.66366      7.927     0.1732   11.98232   3.482366 2.9064e-02    26.0230    26.0223 6.0891e-02     52.000          1       3612    1481.63 2.0950e+02  52647.501    150.458 1621678758       0.24      0.351   39.48480  -73.05526 0.0000e+00
     52.102     8.0729    33.4205  1026.2629     2.0509     5.1684     77.644   -0.00166    6.65662    6.66347      7.927     0.1638   11.98201   3.482711 2.4852e-02    26.0235    26.0228 5.2392e-02     52.500          1       3631    1481.66 2.1086e+02  52648.808    151.234 1621678758       0.20      0.568   39.48480  -73.05524 0.0000e+00
     52.583     8.0738    33.4207  1026.2651     2.0489     5.1647     77.588   -0.00124    6.65659    6.66344      7.927     0.1381   11.98196   3.482822 1.9772e-02    26.0235    26.0227 4.1793e-02     53.000          1       3672    1481.67 2.1136e+02  52649.117    152.966 1621678760      -0.30      0.326   39.48481  -73.05524 0.0000e+00
     53.084     8.0757    33.4217  1026.2679     2.0484     5.1665     77.616   -0.00071    6.65649    6.66334      7.927     0.1461   11.98178   3.483119 1.5083e-02    26.0241    26.0233 3.1870e-02     53.500          1       3697    1481.68 2.1130e+02  52650.486    153.998 1621678761       0.38      0.316   39.48482  -73.05522 0.0000e+00
     53.590     8.0760    33.4218  1026.2703     2.0476     5.1646     77.587   -0.00063    6.65647    6.66332      7.927     0.1475   11.98176   3.483175 1.1089e-02    26.0241    26.0233 2.3432e-02     54.000          1       3714    1481.69 2.1130e+02  52650.914    154.692 1621678762       0.34      0.596   39.48482  -73.05522 0.0000e+00
     54.080     8.0759    33.4217  1026.2724     2.0474     5.1648     77.590   -0.00050    6.65648    6.66333      7.927     0.1585   11.98177   3.483172 7.0725e-03    26.0240    26.0232 1.4944e-02     54.500          1       3743    1481.70 2.1130e+02  52650.987    155.914 1621678763      -0.22      0.532   39.48482  -73.05522 0.0000e+00
     54.575     8.0766    33.4219  1026.2748     2.0457     5.1572     77.477   -0.00091    6.65643    6.66328 -9.990e-29     0.1486   11.98168   3.483277 1.3133e-03    26.0241    26.0233 2.7369e-03     55.000          1       3783    1481.71 2.0785e+02  52651.492    157.566 1621678765       0.02      0.299   39.48482  -73.05521 0.0000e+00
     55.065     8.0766    33.4219  1026.2770     2.0436     5.1488     77.353   -0.00123    6.65619    6.66304      7.924     0.1346   11.98128   3.483304 -9.990e-29    26.0241    26.0233 -2.132e-04     55.500          1       3824    1481.72 2.0302e+02  52651.891    159.280 1621678766      -0.03      0.291   39.48482  -73.05520 0.0000e+00
