CalculateIndicators/WaterTemperature/Data/CTD_NYOS/20210526_C39.cnv
* Sea-Bird SBE 9 Data File:
* FileName = C:\Seabird 9 CTD\Data\2021\202105_offshore\20210526_C39.hex
* Software Version Seasave V 7.23.2
* Temperature SN = 4590
* Conductivity SN = 3228
* Number of Bytes Per Scan = 44
* Number of Voltage Words = 5
* Number of Scans Averaged by the Deck Unit = 1
* NMEA Latitude = 39 47.84 N
* NMEA Longitude = 071 27.66 W
* NMEA UTC (Time) = May 26 2021  09:11:10
* NMEA baud rate = 4800
** Ship: seawolf
** Station: 1.5
** Operator: sjw
# nquan = 31
# nvalues = 1205                        
# units = specified
# name 0 = depSM: Depth [salt water, m]
# name 1 = t090C: Temperature [ITS-90, deg C]
# name 2 = sal00: Salinity, Practical [PSU]
# name 3 = density00: Density [density, kg/m^3]
# name 4 = sbeox0V: Oxygen raw, SBE 43 [V]
# name 5 = sbeox0ML/L: Oxygen, SBE 43 [ml/l]
# name 6 = sbeox0PS: Oxygen, SBE 43 [% saturation]
# name 7 = sbox0dV/dT: Oxygen, SBE 43 [dov/dt]
# name 8 = oxsolML/L: Oxygen Saturation, Garcia & Gordon [ml/l]
# name 9 = oxsatML/L: Oxygen Saturation, Weiss [ml/l]
# name 10 = ph: pH
# name 11 = flECO-AFL: Fluorescence, WET Labs ECO-AFL/FL [mg/m^3]
# name 12 = n2satML/L: Nitrogen Saturation [ml/l]
# name 13 = c0S/m: Conductivity [S/m]
# name 14 = cpar: CPAR/Corrected Irradiance [%]
# name 15 = sigma-é00: Density [sigma-theta, kg/m^3]
# name 16 = sigma-t00: Density [sigma-t, kg/m^3 ]
# name 17 = par: PAR/Irradiance, Biospherical/Licor
# name 18 = prDM: Pressure, Digiquartz [db]
# name 19 = pumps: Pump Status
# name 20 = scan: Scan Count
# name 21 = svCM: Sound Velocity [Chen-Millero, m/s]
# name 22 = spar: SPAR, Biospherical/Licor
# name 23 = specc: Specific Conductance [uS/cm]
# name 24 = timeS: Time, Elapsed [seconds]
# name 25 = timeY: Time, System [seconds]
# name 26 = accM: Acceleration [m/s^2]
# name 27 = dz/dtM: Descent Rate [m/s]
# name 28 = latitude: Latitude [deg]
# name 29 = longitude: Longitude [deg]
# name 30 = flag: flag
# span 0 =      2.973,    301.458       
# span 1 =     9.0306,    15.4394       
# span 2 =    33.9138,    35.9436       
# span 3 =  1025.2986,  1028.6505       
# span 4 =     1.3782,     2.6978       
# span 5 =     2.8772,     6.3180       
# span 6 =     45.347,    108.195       
# span 7 =   -0.04347,    0.05561       
# span 8 =    5.62928,    6.44157       
# span 9 =    5.62442,    6.44708       
# span 10 =      7.854,      8.193      
# span 11 =    -0.0804,     0.9670      
# span 12 =   10.25378,   11.60541      
# span 13 =   3.750845,   4.424809      
# span 14 = -8.754e+03, 1.0386e+05      
# span 15 =    25.2719,    27.2793      
# span 16 =    25.2716,    27.2739      
# span 17 = -1.732e-07, 6.8523e+00      
# span 18 =      3.000,    304.000      
# span 19 =          1,          1      
# span 20 =        252,      47550      
# span 21 =    1491.54,    1509.67      
# span 22 = -2.883e-01, 2.5867e+01      
# span 23 =  52245.594,  55106.808      
# span 24 =     10.438,   1981.194      
# span 25 = 1622020276, 1622022247      
# span 26 =      -0.53,       0.51      
# span 27 =     -0.805,      0.723      
# span 28 =   39.79736,   39.79914      
# span 29 =  -71.46401,  -71.46108      
# span 30 = 0.0000e+00, 0.0000e+00      
# interval = decibars: 0.5              
# start_time = May 26 2021 09:11:06 [System UTC, first data scan.]
# bad_flag = -9.990e-29
*END*
[from data line 328]
    165.654    13.0628    35.6770  1027.6493     1.6994     3.5659     60.478   -0.00136    5.89614    5.89436 -9.990e-29    -0.0379   10.69846   4.180836 2.5320e-11    26.9096    26.9049 1.0000e-12    167.000          1      10681    1503.96 3.9495e+00  54918.245    445.008 1622020711      -0.10      0.415   39.79762  -71.46178 0.0000e+00
    166.150    13.0578    35.6765  1027.6522     1.6960     3.5521     60.225   -0.00256    5.89800    5.89624 -9.990e-29    -0.0265   10.70154   4.180356 2.5320e-11    26.9102    26.9055 1.0000e-12    167.500          1      10708    1503.95 3.9495e+00  54918.656    446.141 1622020712       0.10      0.390   39.79762  -71.46178 0.0000e+00
    166.650    13.0562    35.6767  1027.6549     1.6931     3.5417     60.048   -0.00296    5.89806    5.89631      7.984    -0.0404   10.70165   4.180292 2.5320e-11    26.9107    26.9060 1.0000e-12    168.000          1      10732    1503.96 3.9495e+00  54919.500    447.104 1622020713       0.07      0.498   39.79762  -71.46178 0.0000e+00
    167.146    13.0475    35.6766  1027.6588     1.6890     3.5270     59.797   -0.00361    5.89815    5.89640      7.984    -0.0416   10.70179   4.179294 2.5320e-11    26.9124    26.9077 1.0000e-12    168.500          1      10757    1503.94 3.9495e+00  54920.830    448.184 1622020714      -0.05      0.489   39.79762  -71.46178 0.0000e+00
    167.640    13.0352    35.6761  1027.6631     1.6852     3.5194     59.669   -0.00291    5.89817    5.89642      7.981    -0.0332   10.70178   4.178169 2.5320e-11    26.9145    26.9098 1.0000e-12    169.000          1      10792    1503.90 3.9495e+00  54922.288    449.622 1622020715      -0.10      0.379   39.79762  -71.46179 0.0000e+00
    168.133    13.0342    35.6761  1027.6656     1.6822     3.5148     59.594   -0.00200    5.89785    5.89610      7.981    -0.0437   10.70124   4.178118 2.5320e-11    26.9147    26.9100 1.0000e-12    169.500          1      10827    1503.91 3.9495e+00  54922.714    451.100 1622020717       0.08      0.303   39.79762  -71.46180 0.0000e+00
    168.631    13.0320    35.6801  1027.6713     1.6818     3.5173     59.635   -0.00122    5.89804    5.89630 -9.990e-29    -0.0284   10.70156   4.178372 2.5320e-11    26.9183    26.9135 1.0000e-12    170.000          1      10853    1503.92 3.9495e+00  54928.859    452.149 1622020718       0.10      0.440   39.79762  -71.46180 0.0000e+00
    169.126    13.0333    35.6809  1027.6739     1.6812     3.5191     59.663   -0.00049    5.89836    5.89662 -9.990e-29    -0.0407   10.70209   4.178631 2.5320e-11    26.9187    26.9139 1.0000e-12    170.500          1      10878    1503.93 3.9495e+00  54930.088    453.197 1622020719       0.00      0.473   39.79762  -71.46180 0.0000e+00
    169.626    13.0347    35.6814  1027.6763     1.6810     3.5197     59.672   -0.00030    5.89838    5.89663 -9.990e-29    -0.0181   10.70211   4.178829 2.5320e-11    26.9188    26.9140 1.0000e-12    171.000          1      10901    1503.94 3.9495e+00  54930.889    454.185 1622020720       0.03      0.498   39.79762  -71.46180 0.0000e+00
    170.117    13.0319    35.6810  1027.6788     1.6807     3.5194     59.668   -0.00021    5.89831    5.89656      7.981    -0.0440   10.70199   4.178533 2.5320e-11    26.9191    26.9143 1.0000e-12    171.500          1      10938    1503.94 3.9495e+00  54931.077    455.719 1622020721      -0.15      0.363   39.79762  -71.46180 0.0000e+00
    170.610    13.0303    35.6812  1027.6814     1.6805     3.5188     59.657   -0.00029    5.89831    5.89657      7.981    -0.0470   10.70199   4.178446 2.5320e-11    26.9196    26.9147 1.0000e-12    172.000          1      10970    1503.94 3.9495e+00  54931.824    457.050 1622020723       0.18      0.310   39.79762  -71.46180 0.0000e+00
    171.117    13.0310    35.6819  1027.6841     1.6818     3.5280     59.801    0.00071    5.89951    5.89778      7.981    -0.0455   10.70400   4.178615 2.5320e-11    26.9200    26.9151 1.0000e-12    172.500          1      10991    1503.96 3.9495e+00  54932.970    457.936 1622020723       0.15      0.502   39.79762  -71.46180 0.0000e+00
    171.600    13.0300    35.6816  1027.6863     1.6818     3.5265     59.758    0.00002    5.90138    5.89968      7.981    -0.0324   10.70708   4.178464 2.5320e-11    26.9200    26.9151 1.0000e-12    173.000          1      11041    1503.96 3.9495e+00  54933.007    459.993 1622020725      -0.18      0.228   39.79762  -71.46180 0.0000e+00
    172.098    13.0183    35.6803  1027.6899     1.6829     3.5344     59.865    0.00065    5.90385    5.90218      7.982    -0.0397   10.71116   4.177157 2.5320e-11    26.9213    26.9165 1.0000e-12    173.500          1      11069    1503.93 3.9495e+00  54933.293    461.148 1622020727       0.39      0.313   39.79762  -71.46180 0.0000e+00
    172.602    13.0154    35.6806  1027.6930     1.6839     3.5410     59.965    0.00118    5.90511    5.90346      7.982    -0.0500   10.71325   4.176978 2.5320e-11    26.9222    26.9173 1.0000e-12    174.000          1      11086    1503.93 3.9495e+00  54934.450    461.873 1622020727       0.27      0.580   39.79762  -71.46180 0.0000e+00
    173.097    13.0076    35.6815  1027.6975     1.6861     3.5515     60.130    0.00188    5.90640    5.90476      7.982    -0.0409   10.71539   4.176248 2.5320e-11    26.9245    26.9196 1.0000e-12    174.500          1      11109    1503.91 3.9495e+00  54937.146    462.836 1622020728      -0.11      0.610   39.79762  -71.46180 0.0000e+00
    173.586    12.9854    35.6815  1027.7043     1.6876     3.5553     60.184    0.00156    5.90727    5.90563      7.982    -0.0372   10.71683   4.173971 2.5320e-11    26.9290    26.9241 1.0000e-12    175.000          1      11141    1503.84 3.9495e+00  54940.766    464.146 1622020730      -0.11      0.402   39.79762  -71.46180 0.0000e+00
    174.088    12.9691    35.6814  1027.7098     1.6876     3.5515     60.092    0.00031    5.91008    5.90848 -9.990e-29    -0.0528   10.72153   4.172435 2.5320e-11    26.9322    26.9273 1.0000e-12    175.500          1      11171    1503.80 3.9495e+00  54943.342    465.416 1622020731      -0.01      0.399   39.79762  -71.46180 0.0000e+00
    174.574    12.9554    35.6792  1027.7130     1.6862     3.5443     59.952   -0.00070    5.91195    5.91038      7.980    -0.0551   10.72466   4.170827 2.5320e-11    26.9332    26.9283 1.0000e-12    176.000          1      11216    1503.76 3.9495e+00  54942.608    467.310 1622020733      -0.07      0.240   39.79762  -71.46180 0.0000e+00
    175.080    12.9339    35.6753  1027.7167     1.6835     3.5327     59.736   -0.00180    5.91384    5.91229      7.980    -0.0560   10.72782   4.168307 2.8522e-11    26.9346    26.9297 1.0000e-12    176.500          1      11246    1503.69 3.6998e+00  54940.855    468.547 1622020734       0.07      0.373   39.79762  -71.46180 0.0000e+00
    175.567    12.9194    35.6727  1027.7199     1.6798     3.5223     59.543   -0.00195    5.91562    5.91409      7.979    -0.0470   10.73079   4.166667 5.3506e-11    26.9355    26.9306 1.0000e-12    177.000          1      11293    1503.65 1.7512e+00  54939.781    470.503 1622020736      -0.10      0.236   39.79762  -71.46180 0.0000e+00
    176.071    12.9033    35.6699  1027.7232     1.6779     3.5238     59.496   -0.00148    5.92280    5.92136      7.978    -0.0612   10.74274   4.164809 2.8359e-11    26.9365    26.9316 1.0000e-12    177.500          1      11326    1503.60 3.8016e+00  54938.549    471.872 1622020737       0.04      0.348   39.79762  -71.46182 0.0000e+00
    176.559    12.8868    35.6669  1027.7265     1.6717     3.5029     59.070   -0.00310    5.93018    5.92883      7.976    -0.0617   10.75501   4.162752 2.5193e-11    26.9375    26.9326 1.0000e-12    178.000          1      11374    1503.55 3.9495e+00  54937.203    473.861 1622020739      -0.04      0.225   39.79762  -71.46182 0.0000e+00
    177.058    12.8263    35.6596  1027.7354     1.6654     3.4773     58.615   -0.00501    5.93256    5.93124      7.976    -0.0479   10.75898   4.155673 2.5320e-11    26.9440    26.9391 1.0000e-12    178.500          1      11402    1503.35 3.9495e+00  54936.663    475.029 1622020741       0.16      0.365   39.79764  -71.46182 0.0000e+00
    177.557    12.7902    35.6570  1027.7430     1.6608     3.4684     58.418   -0.00460    5.93728    5.93602      7.975    -0.0461   10.76686   4.152163 2.5320e-11    26.9493    26.9443 1.0000e-12    179.000          1      11429    1503.23 3.9495e+00  54938.985    476.150 1622020742       0.00      0.457   39.79764  -71.46182 0.0000e+00
    178.051    12.7659    35.6533  1027.7473     1.6536     3.4489     58.063   -0.00460    5.93993    5.93870      7.972    -0.0429   10.77128   4.149357 2.5320e-11    26.9513    26.9464 1.0000e-12    179.500          1      11465    1503.16 3.9495e+00  54937.891    477.658 1622020743      -0.08      0.353   39.79764  -71.46182 0.0000e+00
    178.545    12.7182    35.6463  1027.7537     1.6441     3.4156     57.499   -0.00584    5.94030    5.93907      7.969    -0.0464   10.77191   4.143862 2.5320e-11    26.9553    26.9504 1.0000e-12    180.000          1      11503    1502.99 3.9495e+00  54935.832    479.267 1622020745       0.04      0.298   39.79764  -71.46182 0.0000e+00
    179.044    12.7020    35.6429  1027.7567     1.6390     3.4101     57.388   -0.00408    5.94212    5.94091      7.967    -0.0502   10.77494   4.142178 2.5320e-11    26.9560    26.9511 1.0000e-12    180.500          1      11539    1502.95 3.9495e+00  54934.022    480.744 1622020746      -0.03      0.343   39.79764  -71.46182 0.0000e+00
    179.533    12.6964    35.6413  1027.7588     1.6348     3.4081     57.342   -0.00205    5.94353    5.94235      7.967 -9.990e-29   10.77731   4.141500 2.5320e-11    26.9559    26.9510 1.0000e-12    181.000          1      11581    1502.93 3.9495e+00  54933.004    482.507 1622020748       0.04      0.250   39.79764  -71.46182 0.0000e+00
    180.036    12.6837    35.6392  1027.7620     1.6324     3.4020     57.203   -0.00236    5.94718    5.94604      7.967 -9.990e-29   10.78339   4.140099 2.5320e-11    26.9568    26.9518 1.0000e-12    181.500          1      11608    1502.90 3.9495e+00  54932.332    483.606 1622020749       0.11      0.405   39.79764  -71.46182 0.0000e+00
    180.528    12.6782    35.6380  1027.7643     1.6282     3.3898     56.973   -0.00265    5.94972    5.94861      7.967    -0.0477   10.78762   4.139476 2.5320e-11    26.9569    26.9520 1.0000e-12    182.000          1      11642    1502.89 3.9495e+00  54931.791    485.045 1622020751      -0.09      0.367   39.79764  -71.46182 0.0000e+00
    181.027    12.6552    35.6339  1027.7681     1.6224     3.3673     56.555   -0.00435    5.95396    5.95290      7.965    -0.0451   10.79468   4.136616 2.5320e-11    26.9583    26.9534 1.0000e-12    182.500          1      11671    1502.81 3.9495e+00  54930.063    486.262 1622020752       0.07      0.390   39.79764  -71.46182 0.0000e+00
    181.519    12.6210    35.6295  1027.7738     1.6131     3.3436     56.077   -0.00468    5.96254    5.96159      7.961    -0.0590   10.80896   4.132900 2.5320e-11    26.9617    26.9568 1.0000e-12    183.000          1      11718    1502.70 3.9495e+00  54929.616    488.225 1622020754      -0.12      0.257   39.79764  -71.46182 0.0000e+00
    182.017    12.5664    35.6230  1027.7820     1.6033     3.3090     55.450   -0.00654    5.96754    5.96665      7.959    -0.0537   10.81729   4.126624 2.5320e-11    26.9675    26.9625 1.0000e-12    183.500          1      11754    1502.52 3.9495e+00  54929.453    489.722 1622020755       0.22      0.301   39.79764  -71.46182 0.0000e+00
    182.512    12.5329    35.6185  1027.7874     1.5948     3.2837     54.997   -0.00698    5.97079    5.96994      7.956    -0.0628   10.82270   4.123059 2.5320e-11    26.9706    26.9657 1.0000e-12    184.000          1      11783    1502.41 3.9495e+00  54928.770    490.935 1622020756      -0.02      0.438   39.79764  -71.46182 0.0000e+00
    183.001    12.5088    35.6148  1027.7916     1.5875     3.2639     54.670   -0.00650    5.97010    5.96924      7.954    -0.0519   10.82155   4.120261 2.5320e-11    26.9725    26.9676 1.0000e-12    184.500          1      11811    1502.33 3.9495e+00  54927.901    492.095 1622020758       0.05      0.382   39.79764  -71.46182 0.0000e+00
    183.506    12.4813    35.6114  1027.7968     1.5843     3.2584     54.572   -0.00575    5.97085    5.97000      7.955    -0.0524   10.82281   4.117096 2.5320e-11    26.9753    26.9704 1.0000e-12    185.000          1      11829    1502.24 3.9495e+00  54927.841    492.828 1622020758       0.25      0.516   39.79764  -71.46182 0.0000e+00
    184.006    12.4642    35.6100  1027.8014     1.5807     3.2553     54.512   -0.00423    5.97170    5.97086 -9.990e-29    -0.0419   10.82421   4.115568 2.5320e-11    26.9776    26.9727 1.0000e-12    185.500          1      11854    1502.19 3.9495e+00  54928.963    493.876 1622020759      -0.09      0.561   39.79764  -71.46182 0.0000e+00
    184.486    12.4611    35.6087  1027.8032     1.5764     3.2559     54.518   -0.00155    5.97210    5.97127 -9.990e-29    -0.0533   10.82488   4.115241 2.5320e-11    26.9772    26.9723 1.0000e-12    186.000          1      11907    1502.19 3.9495e+00  54927.953    496.066 1622020762       0.02      0.107   39.79764  -71.46183 0.0000e+00
    184.994    12.4530    35.6094  1027.8076     1.5753     3.2586     54.501   -0.00117    5.97899    5.97825      7.954    -0.0523   10.83635   4.114643 2.5320e-11    26.9793    26.9744 1.0000e-12    186.500          1      11935    1502.17 3.9495e+00  54930.405    497.268 1622020763      -0.00      0.354   39.79764  -71.46184 0.0000e+00
    185.481    12.4466    35.6083  1027.8102     1.5714     3.2511     54.266   -0.00185    5.99116    5.99056      7.951    -0.0481   10.85659   4.113823 2.5320e-11    26.9798    26.9748 1.0000e-12    187.000          1      11982    1502.15 3.9495e+00  54930.253    499.223 1622020765       0.04      0.187   39.79764  -71.46184 0.0000e+00
    185.984    12.3982    35.6031  1027.8181     1.5643     3.2159     53.672   -0.00489    5.99170    5.99112      7.948    -0.0518   10.85750   4.108214 2.5320e-11    26.9852    26.9803 1.0000e-12    187.500          1      12008    1501.99 3.9495e+00  54931.062    500.302 1622020766       0.13      0.403   39.79766  -71.46184 0.0000e+00
    186.473    12.3300    35.5949  1027.8275     1.5562     3.1816     53.105   -0.00688    5.99108    5.99049      7.947    -0.0588   10.85648   4.100615 2.5320e-11    26.9922    26.9873 1.0000e-12    188.000          1      12037    1501.76 3.9495e+00  54931.010    501.486 1622020767      -0.03      0.422   39.79766  -71.46184 0.0000e+00
    186.977    12.3026    35.5911  1027.8323     1.5513     3.1683     52.893   -0.00649    5.99016    5.98956 -9.990e-29    -0.0524   10.85495   4.097842 2.5320e-11    26.9947    26.9897 1.0000e-12    188.500          1      12058    1501.67 3.9495e+00  54930.585    502.392 1622020768       0.12      0.480   39.79766  -71.46184 0.0000e+00
    187.471    12.3041    35.5908  1027.8340     1.5473     3.1760     53.003   -0.00269    5.99207    5.99149 -9.990e-29    -0.0496   10.85814   4.098166 2.5320e-11    26.9941    26.9892 1.0000e-12    189.000          1      12106    1501.68 3.9495e+00  54930.164    504.387 1622020770      -0.05      0.291   39.79766  -71.46184 0.0000e+00
    187.965    12.2934    35.5877  1027.8359     1.5446     3.1770     53.016   -0.00094    5.99267    5.99209 -9.990e-29    -0.0524   10.85912   4.096839 2.5320e-11    26.9938    26.9888 1.0000e-12    189.500          1      12167    1501.65 3.9495e+00  54927.808    506.905 1622020772       0.14      0.218   39.79766  -71.46184 0.0000e+00
