CalculateIndicators/WaterTemperature/Data/CTD_NYOS/20210524_C28.cnv
* Sea-Bird SBE 9 Data File:
* FileName = C:\Seabird 9 CTD\Data\2021\202105_offshore\20210524_C28.hex
* Software Version Seasave V 7.23.2
* Temperature SN = 4590
* Conductivity SN = 3228
* Number of Bytes Per Scan = 44
* Number of Voltage Words = 5
* Number of Scans Averaged by the Deck Unit = 1
* NMEA Latitude = 39 47.09 N
* NMEA Longitude = 072 08.78 W
* NMEA UTC (Time) = May 24 2021  23:20:28
* NMEA baud rate = 4800
** Ship: seawolf
** Station: 3.4
** Operator: eih
# nquan = 31
# nvalues = 388                         
# units = specified
# name 0 = depSM: Depth [salt water, m]
# name 1 = t090C: Temperature [ITS-90, deg C]
# name 2 = sal00: Salinity, Practical [PSU]
# name 3 = density00: Density [density, kg/m^3]
# name 4 = sbeox0V: Oxygen raw, SBE 43 [V]
# name 5 = sbeox0ML/L: Oxygen, SBE 43 [ml/l]
# name 6 = sbeox0PS: Oxygen, SBE 43 [% saturation]
# name 7 = sbox0dV/dT: Oxygen, SBE 43 [dov/dt]
# name 8 = oxsolML/L: Oxygen Saturation, Garcia & Gordon [ml/l]
# name 9 = oxsatML/L: Oxygen Saturation, Weiss [ml/l]
# name 10 = ph: pH
# name 11 = flECO-AFL: Fluorescence, WET Labs ECO-AFL/FL [mg/m^3]
# name 12 = n2satML/L: Nitrogen Saturation [ml/l]
# name 13 = c0S/m: Conductivity [S/m]
# name 14 = cpar: CPAR/Corrected Irradiance [%]
# name 15 = sigma-é00: Density [sigma-theta, kg/m^3]
# name 16 = sigma-t00: Density [sigma-t, kg/m^3 ]
# name 17 = par: PAR/Irradiance, Biospherical/Licor
# name 18 = prDM: Pressure, Digiquartz [db]
# name 19 = pumps: Pump Status
# name 20 = scan: Scan Count
# name 21 = svCM: Sound Velocity [Chen-Millero, m/s]
# name 22 = spar: SPAR, Biospherical/Licor
# name 23 = specc: Specific Conductance [uS/cm]
# name 24 = timeS: Time, Elapsed [seconds]
# name 25 = timeY: Time, System [seconds]
# name 26 = accM: Acceleration [m/s^2]
# name 27 = dz/dtM: Descent Rate [m/s]
# name 28 = latitude: Latitude [deg]
# name 29 = longitude: Longitude [deg]
# name 30 = flag: flag
# span 0 =      2.464,     98.736       
# span 1 =     6.8561,    13.1606       
# span 2 =    32.2837,    34.5108       
# span 3 =  1024.2844,  1026.8617       
# span 4 =     2.0058,     2.8245       
# span 5 =     4.6917,     7.0956       
# span 6 =     75.490,    115.650       
# span 7 =   -0.08139,    0.08270       
# span 8 =    5.99031,    6.86186       
# span 9 =    5.98764,    6.87137       
# span 10 =      7.901,      8.122      
# span 11 =    -0.0529,     1.0515      
# span 12 =   10.88724,   12.32602      
# span 13 =   3.337066,   3.873029      
# span 14 = -4.320e-05, 8.4181e+00      
# span 15 =    24.2711,    26.4153      
# span 16 =    24.2710,    26.4132      
# span 17 = -2.252e-04, 3.1260e+01      
# span 18 =      2.500,     99.500      
# span 19 =          1,          1      
# span 20 =        131,      18205      
# span 21 =    1476.39,    1498.12      
# span 22 = 2.8095e+02, 8.4052e+02      
# span 23 =  50119.844,  53619.470      
# span 24 =      5.409,    758.512      
# span 25 = 1621898430, 1621899183      
# span 26 =      -1.59,       1.21      
# span 27 =     -2.058,      1.794      
# span 28 =   39.78316,   39.78486      
# span 29 =  -72.14966,  -72.14650      
# span 30 = 0.0000e+00, 0.0000e+00      
# interval = decibars: 0.5              
# start_time = May 24 2021 23:20:25 [System UTC, first data scan.]
# bad_flag = -9.990e-29
*END*
[from data line 234]
     78.361    10.8763    34.4671  1026.7388     2.0781     4.9223     79.188    0.00350    6.21597    6.21751      7.984     0.0011   11.24119   3.842826 1.4323e-13    26.3845    26.3827 1.0000e-12     79.000          1       7705    1493.60 6.9818e+02  53549.563    321.007 1621898746       0.03     -1.373   39.78412  -72.14776 0.0000e+00
     77.865    10.8701    34.4608  1026.7328     2.0869     4.9764     79.805    0.00547    6.23569    6.23746      7.983    -0.0247   11.27435   3.840784 1.4958e-13    26.3806    26.3790 1.0000e-12     78.500          1       7750    1493.56 6.7319e+02  53541.478    322.881 1621898748       0.09     -1.102   39.78412  -72.14777 0.0000e+00
     77.383    10.8043    34.4245  1026.7142     2.0923     5.0371     79.930    0.00308    6.30193    6.30448      7.980    -0.0388   11.38575   3.828712 1.5671e-13    26.3641    26.3624 1.0000e-12     78.000          1       7854    1493.27 6.3880e+02  53502.459    327.216 1621898752      -1.15     -0.992   39.78410  -72.14780 0.0000e+00
     76.873    10.7418    34.4012  1026.7049     2.0941     5.0485     80.076    0.00368    6.30469    6.30727      7.980    -0.0378   11.39036   3.822089 1.4920e-13    26.3570    26.3554 1.0000e-12     77.500          1       7863    1493.02 6.7022e+02  53481.320    327.567 1621898752      -0.85     -1.306   39.78410  -72.14780 0.0000e+00
     76.373    10.7059    34.3911  1026.7012     2.0965     5.0602     80.245    0.00428    6.30597    6.30857      7.980    -0.0131   11.39247   3.818445 1.4732e-13    26.3554    26.3538 1.0000e-12     77.000          1       7872    1492.87 6.7879e+02  53473.943    327.974 1621898753      -0.22     -1.503   39.78410  -72.14780 0.0000e+00
     75.892    10.4527    34.3058  1026.6773     2.1034     5.0865     80.703    0.00566    6.30267    6.30523      7.979    -0.0162   11.38695   3.784178 1.4593e-13    26.3333    26.3317 1.0000e-12     76.500          1       7899    1491.86 6.8529e+02  53401.709    329.075 1621898754       0.53     -0.907   39.78410  -72.14781 0.0000e+00
     75.409    10.2583    34.2430  1026.6603     2.1127     5.0988     80.742    0.00062    6.31489    6.31760      7.977    -0.0274   11.40751   3.761358 1.9010e-13    26.3182    26.3167 1.0000e-12     76.000          1       7993    1491.09 5.4184e+02  53350.499    333.015 1621898758      -0.53      0.042   39.78410  -72.14782 0.0000e+00
     74.902    10.2386    34.2337  1026.6541     2.1131     5.0942     80.653   -0.00062    6.31614    6.31886      7.976    -0.0255   11.40961   3.757408 1.8651e-13    26.3143    26.3128 1.0000e-12     75.500          1       8026    1491.00 5.3721e+02  53341.220    334.370 1621898759      -0.72     -0.481   39.78410  -72.14782 0.0000e+00
     74.396    10.1492    34.2028  1026.6432     2.1166     5.1218     80.987    0.00111    6.32430    6.32712      7.976     0.0041   11.42332   3.746534 1.5808e-13    26.3055    26.3040 1.0000e-12     75.000          1       8086    1490.63 6.3608e+02  53315.093    336.890 1621898762      -0.22     -0.671   39.78409  -72.14784 0.0000e+00
     73.911    10.0910    34.1837  1026.6362     2.1190     5.1434     81.191    0.00205    6.33491    6.33785      7.976    -0.0224   11.44116   3.740452 1.4844e-13    26.3005    26.2991 1.0000e-12     74.500          1       9081    1490.39 6.7368e+02  53299.552    378.325 1621898803       0.22     -0.547   39.78401  -72.14801 0.0000e+00
     73.426    10.0734    34.1721  1026.6279     2.1251     5.1690     81.700    0.00456    6.32680    6.32964      7.972    -0.0257   11.42756   3.737164 1.4990e-13    26.2944    26.2930 1.0000e-12     74.000          1       9554    1490.30 6.6712e+02  53286.258    398.029 1621898823      -0.01     -0.282   39.78396  -72.14810 0.0000e+00
     72.909    10.0477    34.1625  1026.6225     2.1205     5.2104     81.069   -0.00092    6.42770    6.43176      7.970    -0.0255   11.59710   3.733536 1.9837e-13    26.2913    26.2899 1.0000e-12     73.500          1       9609    1490.19 5.1898e+02  53277.232    400.318 1621898825      -1.04     -0.763   39.78396  -72.14810 0.0000e+00
     72.424     9.9898    34.1479  1026.6188     2.1180     5.2392     80.868   -0.00243    6.47880    6.48349      7.970 -9.990e-29   11.68287   3.724497 1.8630e-13    26.2897    26.2883 1.0000e-12     73.000          1       9640    1489.96 5.3859e+02  53269.261    401.612 1621898826      -1.00     -1.213   39.78396  -72.14810 0.0000e+00
     71.926     9.9254    34.1245  1026.6092     2.1197     5.2613     81.134   -0.00052    6.48479    6.48956      7.970 -9.990e-29   11.69289   3.717386 1.6375e-13    26.2822    26.2809 1.0000e-12     72.500          1       9648    1489.69 6.1114e+02  53249.086    401.964 1621898827      -0.63     -1.466   39.78396  -72.14810 0.0000e+00
     71.427     9.8424    34.1187  1026.6165     2.1187     5.2648     81.223    0.00109    6.48186    6.48659      7.970 -9.990e-29   11.68797   3.708541 1.5433e-13    26.2917    26.2903 1.0000e-12     72.000          1       9656    1489.38 6.4817e+02  53257.790    402.295 1621898827      -0.25     -1.596   39.78396  -72.14810 0.0000e+00
     70.930     9.6831    34.0405  1026.5799     2.1185     5.2629     81.279    0.00190    6.47508    6.47973      7.970 -9.990e-29   11.67658   3.683564 1.5144e-13    26.2571    26.2558 1.0000e-12     71.500          1       9665    1488.69 6.6035e+02  53178.446    402.660 1621898827       0.10     -1.612   39.78396  -72.14810 0.0000e+00
     70.430     9.6314    34.0220  1026.5719     2.1204     5.2562     81.345    0.00172    6.46157    6.46605      7.970 -9.990e-29   11.65388   3.681110 1.5019e-13    26.2512    26.2499 1.0000e-12     71.000          1       9675    1488.48 6.6582e+02  53163.869    403.091 1621898828       0.33     -1.506   39.78396  -72.14810 0.0000e+00
     69.935     9.4972    33.9787  1026.5579     2.1321     5.3188     82.349    0.00655    6.45888    6.46333      7.968 -9.990e-29   11.64938   3.661483 1.4936e-13    26.2392    26.2380 1.0000e-12     70.500          1       9693    1487.92 6.6953e+02  53129.794    403.831 1621898829       0.56     -1.140   39.78396  -72.14811 0.0000e+00
     69.468     9.0562    33.8167  1026.5012     2.1662     5.5055     83.892    0.00383    6.56283    6.56856      7.965    -0.0123   11.82401   3.608371 2.5998e-13    26.1840    26.1828 1.0000e-12     70.000          1       9848    1486.10 3.7634e+02  52995.354    410.280 1621898835      -0.22     -0.099   39.78394  -72.14814 0.0000e+00
     68.970     9.0736    33.8220  1026.5001     2.1614     5.4942     83.505    0.00204    6.57954    6.58547      7.963     0.0147   11.85209   3.610280 1.7374e-13    26.1852    26.1840 1.0000e-12     69.500          1       9850    1486.17 5.7571e+02  52998.729    410.355 1621898835      -0.39     -0.403   39.78394  -72.14814 0.0000e+00
     68.470     9.0445    33.8108  1026.4938     2.1602     5.4919     83.248   -0.00033    6.59705    6.60323      7.963     0.0000   11.88126   3.606204 1.5596e-13    26.1811    26.1799 1.0000e-12     69.000          1       9861    1486.04 6.4121e+02  52989.400    410.817 1621898836      -0.54     -0.627   39.78394  -72.14814 0.0000e+00
     67.969     9.0084    33.8019  1026.4903     2.1599     5.4906     83.130   -0.00156    6.60489    6.61116      7.962    -0.0023   11.89450   3.601953 1.5309e-13    26.1798    26.1786 1.0000e-12     68.500          1       9870    1485.88 6.5320e+02  52983.707    411.217 1621898836      -0.57     -0.853   39.78394  -72.14814 0.0000e+00
     67.469     8.9732    33.7906  1026.4848     2.1600     5.4911     83.103   -0.00191    6.60764    6.61395      7.960    -0.0065   11.89904   3.597088 1.5208e-13    26.1765    26.1754 1.0000e-12     68.000          1       9879    1485.73 6.5756e+02  52976.060    411.597 1621898836      -0.47     -1.051   39.78394  -72.14814 0.0000e+00
     66.969     8.8743    33.7546  1026.4700     2.1599     5.4951     83.165   -0.00121    6.60739    6.61369      7.959    -0.0156   11.89863   3.582052 1.5149e-13    26.1638    26.1627 1.0000e-12     67.500          1       9888    1485.31 6.6012e+02  52947.289    411.979 1621898837      -0.31     -1.197   39.78394  -72.14816 0.0000e+00
     66.471     8.7221    33.7038  1026.4519     2.1622     5.5078     83.398    0.00008    6.60431    6.61057      7.959    -0.0171   11.89347   3.564613 1.5117e-13    26.1478    26.1467 1.0000e-12     67.000          1       9898    1484.68 6.6151e+02  52907.733    412.386 1621898837      -0.10     -1.276   39.78394  -72.14816 0.0000e+00
     65.973     8.6584    33.6721  1026.4347     2.1651     5.5292     83.750    0.00228    6.60205    6.60828      7.958     0.0156   11.88970   3.556219 1.5116e-13    26.1328    26.1317 1.0000e-12     66.500          1       9909    1484.39 6.6154e+02  52876.861    412.838 1621898838       0.09     -1.268   39.78394  -72.14816 0.0000e+00
     65.470     8.5120    33.6351  1026.4261     2.1705     5.5653     84.314    0.00545    6.60072    6.60693      7.958     0.0260   11.88747   3.538950 1.5116e-13    26.1261    26.1251 1.0000e-12     66.000          1       9923    1483.79 6.6154e+02  52859.363    413.411 1621898838       0.28     -1.148   39.78394  -72.14816 0.0000e+00
     64.988     8.3698    33.5843  1026.4059     2.1831     5.6214     84.892    0.00490    6.62186    6.62833      7.957     0.0350   11.92301   3.522830 1.6867e-13    26.1080    26.1070 1.0000e-12     65.500          1      10004    1483.19 6.0029e+02  52817.854    416.788 1621898842      -0.11     -0.710   39.78393  -72.14818 0.0000e+00
     64.502     8.3643    33.5809  1026.4018     2.1880     5.6334     84.698    0.00006    6.65118    6.65802      7.955     0.0415   11.97220   3.522905 1.6272e-13    26.1061    26.1051 1.0000e-12     65.000          1      10072    1483.15 6.1529e+02  52815.421    419.637 1621898844      -0.90     -0.819   39.78392  -72.14818 0.0000e+00
     63.991     8.3464    33.5754  1026.3979     2.1881     5.6352     84.701    0.00003    6.65301    6.65988      7.955     0.0503   11.97527   3.520464 1.5497e-13    26.1045    26.1035 1.0000e-12     64.500          1      10080    1483.07 6.4537e+02  52811.536    419.952 1621898845      -0.93     -1.083   39.78392  -72.14818 0.0000e+00
     63.500     8.3187    33.5656  1026.3922     2.1881     5.6360     84.703    0.00005    6.65383    6.66071      7.955     0.0520   11.97663   3.516554 1.5301e-13    26.1009    26.1000 1.0000e-12     64.000          1      10087    1482.95 6.5356e+02  52804.297    420.248 1621898845      -0.75     -1.332   39.78392  -72.14818 0.0000e+00
     62.988     8.2740    33.5503  1026.3846     2.1881     5.6360     84.701    0.00003    6.65402    6.66090      7.955     0.0534   11.97693   3.511009 1.5231e-13    26.0957    26.0947 1.0000e-12     63.500          1      10094    1482.76 6.5657e+02  52792.054    420.560 1621898845      -0.51     -1.525   39.78392  -72.14818 0.0000e+00
     62.490     8.2407    33.5459  1026.3839     2.1883     5.6374     84.711    0.00002    6.65485    6.66174      7.955     0.0551   11.97832   3.508574 1.5172e-13    26.0971    26.0962 1.0000e-12     63.000          1      10103    1482.62 6.5914e+02  52792.649    420.929 1621898846      -0.08     -1.623   39.78392  -72.14818 0.0000e+00
     61.998     8.1986    33.5362  1026.3803     2.1904     5.6495     84.894    0.00082    6.65479    6.66169      7.955     0.0552   11.97823   3.502701 1.5001e-13    26.0958    26.0949 1.0000e-12     62.500          1      10115    1482.44 6.6664e+02  52789.436    421.431 1621898846       0.43     -1.498   39.78392  -72.14818 0.0000e+00
     61.508     8.1124    33.4980  1026.3610     2.1936     5.6707     85.242    0.00284    6.65242    6.65928      7.955     0.0895   11.97427   3.492045 1.4987e-13    26.0786    26.0777 1.0000e-12     62.000          1      10136    1482.06 6.6724e+02  52755.598    422.305 1621898847       0.61     -0.960   39.78392  -72.14820 0.0000e+00
     61.026     8.0734    33.4801  1026.3506     2.2008     5.7007     85.440    0.00122    6.67225    6.67935      7.950     0.1076   12.00760   3.487966 1.7929e-13    26.0703    26.0695 1.0000e-12     61.500          1      10259    1481.88 5.6392e+02  52738.889    427.429 1621898852      -0.53     -0.572   39.78390  -72.14822 0.0000e+00
     60.533     8.0730    33.4798  1026.3482     2.2004     5.7077     85.368    0.00058    6.68601    6.69329      7.951     0.1117   12.03073   3.487834 1.5968e-13    26.0702    26.0693 1.0000e-12     61.000          1      10290    1481.87 6.2683e+02  52738.418    428.688 1621898853      -0.71     -0.919   39.78390  -72.14822 0.0000e+00
     60.028     8.0639    33.4770  1026.3450     2.2005     5.7094     85.337    0.00019    6.69037    6.69771      7.951     0.2105   12.03801   3.486540 1.5448e-13    26.0693    26.0684 1.0000e-12     60.500          1      10298    1481.82 6.4736e+02  52736.466    429.035 1621898854      -0.64     -1.130   39.78390  -72.14822 0.0000e+00
     59.520     8.0545    33.4733  1026.3411     2.1996     5.7107     85.269   -0.00018    6.69734    6.70477      7.951     0.2315   12.04967   3.485607 1.5278e-13    26.0677    26.0669 1.0000e-12     60.000          1      10305    1481.77 6.5455e+02  52732.875    429.352 1621898854      -0.58     -1.326   39.78390  -72.14822 0.0000e+00
     59.017     8.0456    33.4690  1026.3368     2.1989     5.7120     85.154   -0.00115    6.70792    6.71548      7.948     0.2410   12.06743   3.484231 1.5143e-13    26.0657    26.0649 1.0000e-12     59.500          1      10314    1481.73 6.6037e+02  52728.624    429.716 1621898854      -0.26     -1.471   39.78390  -72.14822 0.0000e+00
     58.523     8.0296    33.4646  1026.3334     2.1992     5.7213     85.178   -0.00117    6.71691    6.72460      7.946     0.3887   12.08246   3.482177 1.5002e-13    26.0646    26.0637 1.0000e-12     59.000          1      10327    1481.65 6.6657e+02  52726.167    430.230 1621898855       0.28     -1.434   39.78390  -72.14822 0.0000e+00
     58.043     7.9270    33.4254  1026.3156     2.1989     5.7239     85.242   -0.00033    6.71490    6.72256      7.943     0.4096   12.07907   3.468663 1.5026e-13    26.0488    26.0480 1.0000e-12     58.500          1      10353    1481.21 6.6551e+02  52694.888    431.337 1621898856       0.62     -0.761   39.78390  -72.14824 0.0000e+00
     57.544     7.7641    33.3735  1026.2964     2.2011     5.7141     85.420    0.00071    6.68937    6.69670      7.942     0.4164   12.03633   3.448807 1.5438e-13    26.0316    26.0308 1.0000e-12     58.000          1      10385    1480.51 6.4793e+02  52660.896    432.675 1621898857      -0.01     -0.376   39.78389  -72.14824 0.0000e+00
     57.054     7.6986    33.3476  1026.2833     2.2010     5.7613     85.112   -0.00310    6.76922    6.77759      7.935     0.3575   12.17012   3.441086 2.0157e-13    26.0207    26.0199 1.0000e-12     57.500          1      10487    1480.22 5.0102e+02  52639.699    436.909 1621898862      -0.82     -0.521   39.78388  -72.14826 0.0000e+00
     56.556     7.6655    33.3365  1026.2770     2.1982     5.7554     84.838   -0.00463    6.78389    6.79245      7.934     0.3396   12.19467   3.436821 1.6322e-13    26.0166    26.0159 1.0000e-12     57.000          1      10504    1480.07 6.1323e+02  52631.951    437.615 1621898862      -0.65     -0.856   39.78388  -72.14826 0.0000e+00
     56.060     7.6016    33.3099  1026.2630     2.1975     5.7565     84.826   -0.00445    6.78623    6.79482      7.933     0.3291   12.19855   3.427644 1.5554e-13    26.0049    26.0041 1.0000e-12     56.500          1      10514    1479.79 6.4292e+02  52610.216    438.027 1621898863      -0.37     -1.062   39.78388  -72.14826 0.0000e+00
