CalculateIndicators/WaterTemperature/Data/CTD_NYOS/20210523_C19.cnv
* Sea-Bird SBE 9 Data File:
* FileName = C:\Seabird 9 CTD\Data\2021\202105_offshore\20210523_C19.hex
* Software Version Seasave V 7.23.2
* Temperature SN = 4590
* Conductivity SN = 3228
* Number of Bytes Per Scan = 44
* Number of Voltage Words = 5
* Number of Scans Averaged by the Deck Unit = 1
* NMEA Latitude = 39 14.51 N
* NMEA Longitude = 072 17.34 W
* NMEA UTC (Time) = May 23 2021  18:52:54
* NMEA baud rate = 4800
** Ship: seawolf
** Station: 4.6
** Operator: EIH
# nquan = 31
# nvalues = 1205                        
# units = specified
# name 0 = depSM: Depth [salt water, m]
# name 1 = t090C: Temperature [ITS-90, deg C]
# name 2 = sal00: Salinity, Practical [PSU]
# name 3 = density00: Density [density, kg/m^3]
# name 4 = sbeox0V: Oxygen raw, SBE 43 [V]
# name 5 = sbeox0ML/L: Oxygen, SBE 43 [ml/l]
# name 6 = sbeox0PS: Oxygen, SBE 43 [% saturation]
# name 7 = sbox0dV/dT: Oxygen, SBE 43 [dov/dt]
# name 8 = oxsolML/L: Oxygen Saturation, Garcia & Gordon [ml/l]
# name 9 = oxsatML/L: Oxygen Saturation, Weiss [ml/l]
# name 10 = ph: pH
# name 11 = flECO-AFL: Fluorescence, WET Labs ECO-AFL/FL [mg/m^3]
# name 12 = n2satML/L: Nitrogen Saturation [ml/l]
# name 13 = c0S/m: Conductivity [S/m]
# name 14 = cpar: CPAR/Corrected Irradiance [%]
# name 15 = sigma-é00: Density [sigma-theta, kg/m^3]
# name 16 = sigma-t00: Density [sigma-t, kg/m^3 ]
# name 17 = par: PAR/Irradiance, Biospherical/Licor
# name 18 = prDM: Pressure, Digiquartz [db]
# name 19 = pumps: Pump Status
# name 20 = scan: Scan Count
# name 21 = svCM: Sound Velocity [Chen-Millero, m/s]
# name 22 = spar: SPAR, Biospherical/Licor
# name 23 = specc: Specific Conductance [uS/cm]
# name 24 = timeS: Time, Elapsed [seconds]
# name 25 = timeY: Time, System [seconds]
# name 26 = accM: Acceleration [m/s^2]
# name 27 = dz/dtM: Descent Rate [m/s]
# name 28 = latitude: Latitude [deg]
# name 29 = longitude: Longitude [deg]
# name 30 = flag: flag
# span 0 =      1.484,    300.487       
# span 1 =     9.3777,    16.0096       
# span 2 =    32.9142,    35.9494       
# span 3 =  1024.2260,  1028.6161       
# span 4 =     1.4011,     3.0790       
# span 5 =     2.9140,     7.3953       
# span 6 =     46.508,    130.717       
# span 7 =   -0.19151,    0.08423       
# span 8 =    5.60318,    6.39096       
# span 9 =    5.59707,    6.39575       
# span 10 =      7.822,      8.180      
# span 11 =    -0.1015,     2.2027      
# span 12 =   10.22875,   11.52137      
# span 13 =   3.787168,   4.359132      
# span 14 = -4.297e-06, 2.5891e+02      
# span 15 =    24.2150,    27.2518      
# span 16 =    24.2149,    27.2462      
# span 17 = -9.625e-05, 1.5829e+03      
# span 18 =      1.500,    303.000      
# span 19 =          1,          1      
# span 20 =        267,      50373      
# span 21 =    1492.87,    1509.26      
# span 22 = 4.1739e+02, 2.4694e+03      
# span 23 =  50703.673,  55089.149      
# span 24 =     11.096,   2098.839      
# span 25 = 1621795983, 1621798071      
# span 26 =      -0.81,       0.62      
# span 27 =     -1.261,      1.045      
# span 28 =   39.24194,   39.24526      
# span 29 =  -72.28906,  -72.28508      
# span 30 = 0.0000e+00, 0.0000e+00      
# interval = decibars: 0.5              
# start_time = May 23 2021 18:52:52 [System UTC, first data scan.]
# bad_flag = -9.990e-29
*END*
[from data line 1077]
     64.496    14.3065    35.7669  1027.0034     2.2101     4.8761     84.769    0.00037    5.75222    5.74868      8.068    -0.0444   10.45959   4.308947 1.5939e-02    26.7167    26.7147 3.5231e-01     65.000          1      42351    1506.44 2.2101e+03  54811.678   1764.578 1621797737      -0.31     -0.685   39.24466  -72.28574 0.0000e+00
     63.997    14.2958    35.7596  1026.9978     2.2107     4.8807     84.840    0.00097    5.75290    5.74937      8.068    -0.0423   10.46076   4.307000 1.6027e-02    26.7133    26.7113 3.6573e-01     64.500          1      42365    1506.39 2.2819e+03  54802.568   1765.176 1621797737      -0.12     -0.806   39.24466  -72.28572 0.0000e+00
     63.500    14.2880    35.7563  1026.9946     2.2107     4.8809     84.844    0.00103    5.75278    5.74925      8.068    -0.0529   10.46056   4.305902 1.6654e-02    26.7124    26.7104 3.8062e-01     64.000          1      42381    1506.35 2.2854e+03  54798.855   1765.836 1621797738       0.04     -0.824   39.24466  -72.28572 0.0000e+00
     63.001    14.2706    35.7468  1026.9889     2.2104     4.8765     84.765    0.00009    5.75293    5.74940      8.068    -0.0477   10.46082   4.303021 1.7706e-02    26.7088    26.7068 3.9053e-01     63.500          1      42401    1506.28 2.2134e+03  54787.744   1766.664 1621797739       0.16     -0.724   39.24466  -72.28572 0.0000e+00
     62.515    14.2437    35.7361  1026.9842     2.2102     4.8759     84.728   -0.00009    5.75481    5.75130      8.068    -0.0555   10.46401   4.299329 2.9078e-02    26.7063    26.7043 4.0848e-01     63.000          1      42477    1506.17 1.5333e+03  54776.225   1769.853 1621797742      -0.09     -0.209   39.24466  -72.28572 0.0000e+00
     62.025    14.2452    35.7341  1026.9801     2.2108     4.8810     84.775    0.00034    5.75760    5.75412 -9.990e-29    -0.0536   10.46877   4.299385 1.9892e-02    26.7044    26.7024 4.3473e-01     62.500          1      42519    1506.17 2.1789e+03  54772.992   1771.568 1621797744      -0.39     -0.356   39.24466  -72.28572 0.0000e+00
     61.520    14.2425    35.7335  1026.9780     2.2112     4.8821     84.799    0.00039    5.75723    5.75374      8.073    -0.0557   10.46817   4.298955 1.9812e-02    26.7045    26.7025 4.5334e-01     62.000          1      42531    1506.15 2.2882e+03  54772.246   1772.104 1621797744      -0.40     -0.597   39.24466  -72.28572 0.0000e+00
     61.018    14.2363    35.7307  1026.9750     2.2121     4.8850     84.856    0.00062    5.75686    5.75337      8.073    -0.0564   10.46757   4.297965 2.0906e-02    26.7037    26.7018 4.7814e-01     61.500          1      42545    1506.11 2.2870e+03  54768.953   1772.682 1621797745      -0.24     -0.790   39.24466  -72.28571 0.0000e+00
     60.521    14.2298    35.7265  1026.9708     2.2164     4.9054     85.204    0.00263    5.75721    5.75371      8.074    -0.0603   10.46817   4.296771 2.2795e-02    26.7018    26.6998 4.8834e-01     61.000          1      42563    1506.08 2.1505e+03  54763.642   1773.410 1621797746       0.11     -0.823   39.24466  -72.28570 0.0000e+00
     60.029    14.2130    35.7158  1026.9640     2.2237     4.9406     85.800    0.00604    5.75821    5.75472      8.076    -0.0663   10.46991   4.294016 4.3628e-02    26.6971    26.6952 4.9266e-01     60.500          1      42589    1506.00 1.1800e+03  54750.909   1774.509 1621797747       0.24     -0.572   39.24466  -72.28570 0.0000e+00
     59.536    14.2160    35.7109  1026.9574     2.2313     4.9595     86.124    0.00543    5.75859    5.75511      8.077    -0.0660   10.47058   4.293858 4.8030e-02    26.6927    26.6908 4.9446e-01     60.000          1      42625    1506.00 1.0292e+03  54743.623   1776.008 1621797748       0.06     -0.343   39.24466  -72.28570 0.0000e+00
     59.039    14.2090    35.7026  1026.9502     2.2362     4.9673     86.245    0.00382    5.75948    5.75600      8.077    -0.0361   10.47218   4.292182 4.8822e-02    26.6877    26.6858 5.0381e-01     59.500          1      42659    1505.96 1.0319e+03  54732.731   1777.414 1621797750      -0.04     -0.346   39.24466  -72.28570 0.0000e+00
     58.546    14.2064    35.6981  1026.9451     2.2407     4.9765     86.392    0.00286    5.76039    5.75692      8.078    -0.0491   10.47380   4.291532 3.0459e-02    26.6848    26.6829 5.3130e-01     59.000          1      42694    1505.94 1.8665e+03  54726.595   1778.861 1621797751       0.03     -0.351   39.24466  -72.28570 0.0000e+00
     58.051    14.2059    35.6928  1026.9389     2.2468     5.0037     86.829    0.00481    5.76268    5.75922      8.081    -0.0461   10.47774   4.290767 2.4773e-02    26.6807    26.6789 5.6057e-01     58.500          1      42721    1505.92 2.2626e+03  54719.138   1779.980 1621797752      -0.12     -0.386   39.24466  -72.28570 0.0000e+00
     57.548    14.1989    35.6808  1026.9289     2.2501     5.0136     86.995    0.00491    5.76301    5.75956      8.082    -0.0352   10.47830   4.288720 2.6453e-02    26.6730    26.6712 5.9740e-01     58.000          1      42741    1505.88 2.2584e+03  54703.369   1780.854 1621797753      -0.13     -0.517   39.24467  -72.28570 0.0000e+00
     57.054    14.1897    35.6705  1026.9207     2.2556     5.0210     87.119    0.00297    5.76338    5.75992 -9.990e-29    -0.0377   10.47905   4.286845 4.4013e-02    26.6670    26.6652 6.3194e-01     57.500          1      42786    1505.83 1.6479e+03  54690.148   1782.690 1621797755       0.08     -0.322   39.24468  -72.28570 0.0000e+00
     56.567    14.1770    35.6566  1026.9105     2.2614     5.0349     87.358    0.00256    5.76347    5.76000      8.082    -0.0177   10.47952   4.284016 6.4587e-02    26.6589    26.6571 6.6081e-01     57.000          1      42837    1505.76 1.0089e+03  54672.470   1784.837 1621797757      -0.28     -0.201   39.24468  -72.28570 0.0000e+00
     56.068    14.1822    35.6489  1026.9012     2.2638     5.0430     87.504    0.00303    5.76316    5.75968      8.084    -0.0016   10.47906   4.283730 6.6170e-02    26.6518    26.6501 6.8452e-01     56.500          1      42854    1505.76 1.0345e+03  54660.845   1785.553 1621797758      -0.34     -0.458   39.24468  -72.28570 0.0000e+00
     55.569    14.1831    35.6448  1026.8956     2.2669     5.0540     87.698    0.00369    5.76298    5.75949      8.083     0.0231   10.47881   4.283369 6.7965e-02    26.6485    26.6467 7.0147e-01     56.000          1      42869    1505.75 1.0321e+03  54654.950   1786.171 1621797758      -0.28     -0.654   39.24468  -72.28570 0.0000e+00
     55.069    14.1835    35.6391  1026.8888     2.2689     5.0606     87.819    0.00404    5.76256    5.75906      8.083     0.0247   10.47820   4.282629 7.0167e-02    26.6439    26.6422 7.2252e-01     55.500          1      42883    1505.74 1.0297e+03  54646.756   1786.766 1621797759      -0.15     -0.780   39.24468  -72.28570 0.0000e+00
     54.568    14.1867    35.6235  1026.8739     2.2713     5.0661     87.919    0.00385    5.76227    5.75877      8.084     0.0251   10.47776   4.281340 6.8689e-02    26.6312    26.6295 7.4305e-01     55.000          1      42899    1505.72 1.0904e+03  54624.610   1787.430 1621797760       0.02     -0.818   39.24468  -72.28570 0.0000e+00
     54.073    14.1919    35.6157  1026.8645     2.2744     5.0727     88.039    0.00340    5.76192    5.75841      8.084     0.0375   10.47719   4.281095 3.9728e-02    26.6240    26.6223 7.6381e-01     54.500          1      42923    1505.72 1.9869e+03  54613.036   1788.429 1621797761       0.23     -0.651   39.24468  -72.28570 0.0000e+00
     53.582    14.2048    35.5999  1026.8474     2.2784     5.0778     88.135    0.00197    5.76136    5.75784 -9.990e-29     0.0589   10.47627   4.280715 3.7068e-02    26.6091    26.6074 8.0659e-01     54.000          1      42973    1505.73 2.1853e+03  54589.427   1790.483 1621797763       0.10     -0.257   39.24468  -72.28569 0.0000e+00
     53.089    14.2206    35.5940  1026.8372     2.2826     5.0802     88.236    0.00072    5.75758    5.75401      8.087     0.1414   10.47009   4.281692 8.8462e-02    26.6011    26.5994 8.9117e-01     53.500          1      43081    1505.77 9.5640e+02  54579.067   1795.017 1621797767      -0.10     -0.076   39.24468  -72.28568 0.0000e+00
     52.588    14.2305    35.5916  1026.8310     2.2840     5.0828     88.307    0.00088    5.75578    5.75219      8.086     0.2151   10.46713   4.282448 8.4037e-02    26.5972    26.5955 9.1206e-01     53.000          1      43116    1505.79 1.0982e+03  54574.329   1796.475 1621797769      -0.10     -0.308   39.24470  -72.28568 0.0000e+00
     52.095    14.2578    35.5879  1026.8201     2.2855     5.0852     88.367    0.00071    5.75467    5.75107 -9.990e-29     0.2577   10.46530   4.284790 4.4340e-02    26.5884    26.5868 9.3979e-01     52.500          1      43169    1505.87 2.0869e+03  54565.435   1798.649 1621797771       0.06     -0.229   39.24470  -72.28566 0.0000e+00
     51.600    14.2796    35.5854  1026.8112     2.2868     5.0844     88.367   -0.00006    5.75376    5.75014      8.089     0.3502   10.46387   4.286602 8.7924e-02    26.5818    26.5802 9.9383e-01     52.000          1      43271    1505.93 1.2024e+03  54558.970   1802.936 1621797775      -0.04     -0.098   39.24470  -72.28566 0.0000e+00
     51.101    14.2863    35.5774  1026.8014     2.2891     5.0953     88.535    0.00077    5.75514    5.75153      8.090     0.4269   10.46630   4.286326 7.1358e-02    26.5742    26.5726 1.0567e+00     51.500          1      43353    1505.93 1.5463e+03  54546.939   1806.335 1621797778      -0.21     -0.163   39.24470  -72.28566 0.0000e+00
     50.607    14.2866    35.5720  1026.7949     2.2882     5.0838     88.343   -0.00133    5.75464    5.75102      8.089     0.4999   10.46545   4.285715 6.1400e-02    26.5699    26.5683 1.1154e+00     51.000          1      43415    1505.92 1.8262e+03  54539.156   1808.929 1621797781      -0.26     -0.315   39.24470  -72.28565 0.0000e+00
     50.104    14.2760    35.5641  1026.7888     2.2894     5.0913     88.480   -0.00021    5.75419    5.75056      8.088     0.5565   10.46471   4.283639 7.5277e-02    26.5660    26.5644 1.1336e+00     50.500          1      43612    1505.86 1.6263e+03  54529.358   1817.112 1621797789      -0.06     -0.342   39.24471  -72.28563 0.0000e+00
     49.612    14.2627    35.5550  1026.7825     2.2905     5.0986     88.608    0.00115    5.75404    5.75041      8.089     0.5907   10.46457   4.281330 6.2792e-02    26.5619    26.5603 1.0242e+00     50.000          1      45188    1505.80 1.6407e+03  54518.346   1882.788 1621797855      -0.05     -0.372   39.24481  -72.28551 0.0000e+00
     49.121    14.2610    35.5534  1026.7794     2.2911     5.0961     88.560    0.00034    5.75437    5.75074      8.087     0.7665   10.46521   4.281022 6.3964e-02    26.5610    26.5594 1.0371e+00     49.500          1      45759    1505.79 1.6248e+03  54515.985   1906.591 1621797879      -0.04     -0.401   39.24484  -72.28546 0.0000e+00
     48.627    14.2666    35.5514  1026.7745     2.2913     5.0974     88.578    0.00047    5.75465    5.75102 -9.990e-29     0.7301   10.46570   4.281520 6.3737e-02    26.5582    26.5567 1.1106e+00     49.000          1      45762    1505.79 1.7423e+03  54512.317   1906.724 1621797879      -0.16     -0.485   39.24485  -72.28546 0.0000e+00
     48.123    14.2822    35.5507  1026.7683     2.2910     5.0952     88.530    0.00001    5.75539    5.75177 -9.990e-29     0.7360   10.46698   4.283017 6.7346e-02    26.5544    26.5528 1.1749e+00     48.500          1      45779    1505.83 1.7445e+03  54509.266   1907.402 1621797880      -0.20     -0.616   39.24486  -72.28546 0.0000e+00
     47.626    14.2904    35.5500  1026.7638     2.2903     5.0915     88.450   -0.00060    5.75634    5.75272 -9.990e-29     0.7697   10.46861   4.283605 7.4933e-02    26.5520    26.5505 1.2522e+00     48.000          1      45797    1505.85 1.6764e+03  54506.770   1908.176 1621797880      -0.00     -0.697   39.24486  -72.28546 0.0000e+00
     47.131    14.2877    35.5487  1026.7612     2.2881     5.0825     88.285   -0.00137    5.75687    5.75326 -9.990e-29     0.8907   10.46952   4.283109 1.0611e-01    26.5516    26.5501 1.3368e+00     47.500          1      45824    1505.83 1.3209e+03  54505.141   1909.276 1621797881       0.18     -0.554   39.24486  -72.28546 0.0000e+00
     46.640    14.2787    35.5396  1026.7538     2.2860     5.0768     88.160   -0.00161    5.75858    5.75498 -9.990e-29     1.0992   10.47245   4.281110 1.3463e-01    26.5464    26.5449 1.4047e+00     47.000          1      45861    1505.79 1.0396e+03  54493.451   1910.827 1621797883       0.05     -0.315   39.24486  -72.28546 0.0000e+00
     46.145    14.2732    35.5339  1026.7484     2.2856     5.0804     88.210   -0.00051    5.75949    5.75590 -9.990e-29     1.2700   10.47401   4.280061 1.4226e-01    26.5432    26.5417 1.4942e+00     46.500          1      45890    1505.75 1.0503e+03  54486.050   1912.024 1621797884      -0.12     -0.371   39.24486  -72.28546 0.0000e+00
     45.646    14.2680    35.5296  1026.7440     2.2856     5.0810     88.224   -0.00021    5.75919    5.75559 -9.990e-29     1.2790   10.47349   4.278873 1.1595e-01    26.5410    26.5396 1.6021e+00     46.000          1      45911    1505.72 1.4204e+03  54480.697   1912.924 1621797885      -0.13     -0.489   39.24486  -72.28546 0.0000e+00
     45.150    14.2589    35.5247  1026.7399     2.2865     5.0883     88.314    0.00040    5.76164    5.75807      8.087     1.2234   10.47769   4.277548 1.0405e-01    26.5392    26.5377 1.7198e+00     45.500          1      45932    1505.68 1.6539e+03  54474.632   1913.772 1621797886      -0.06     -0.569   39.24486  -72.28546 0.0000e+00
     44.652    14.2574    35.5207  1026.7349     2.2864     5.0908     88.329    0.00066    5.76346    5.75991      8.087     1.2395   10.48081   4.276828 1.1113e-01    26.5364    26.5350 1.8638e+00     45.000          1      45952    1505.66 1.6777e+03  54469.147   1914.628 1621797887      -0.00     -0.590   39.24486  -72.28545 0.0000e+00
     44.152    14.2520    35.5180  1026.7318     2.2859     5.0857     88.232   -0.00029    5.76402    5.76047      8.087     1.3221   10.48177   4.275959 1.2401e-01    26.5354    26.5340 2.0508e+00     44.500          1      45981    1505.63 1.6553e+03  54465.850   1915.825 1621797888       0.14     -0.495   39.24486  -72.28544 0.0000e+00
     43.665    14.2199    35.4944  1026.7182     2.2873     5.0940     88.364    0.00076    5.76485    5.76130      8.087     1.7218   10.48328   4.270256 1.8830e-01    26.5240    26.5226 2.2768e+00     44.000          1      46046    1505.49 1.2508e+03  54437.203   1918.558 1621797891      -0.01     -0.103   39.24487  -72.28544 0.0000e+00
     43.170    14.2188    35.4902  1026.7130     2.2895     5.0998     88.484    0.00117    5.76355    5.75998      8.087     1.8057   10.48123   4.269708 2.3853e-01    26.5209    26.5196 2.4872e+00     43.500          1      46083    1505.48 1.0376e+03  54431.285   1920.067 1621797892      -0.11     -0.309   39.24488  -72.28544 0.0000e+00
     42.676    14.2196    35.4862  1026.7075     2.2919     5.1091     88.674    0.00233    5.76165    5.75806      8.088     2.0112   10.47809   4.269312 2.5499e-01    26.5177    26.5164 2.6945e+00     43.000          1      46104    1505.47 1.0566e+03  54425.543   1920.965 1621797893      -0.19     -0.427   39.24488  -72.28544 0.0000e+00
