CalculateIndicators/WaterTemperature/Data/CTD_NYOS/20210523_C16.cnv
* Sea-Bird SBE 9 Data File:
* FileName = C:\Seabird 9 CTD\Data\2021\202105_offshore\20210523_C16.hex
* Software Version Seasave V 7.23.2
* Temperature SN = 4590
* Conductivity SN = 3228
* Number of Bytes Per Scan = 44
* Number of Voltage Words = 5
* Number of Scans Averaged by the Deck Unit = 1
* NMEA Latitude = 39 38.50 N
* NMEA Longitude = 072 46.67 W
* NMEA UTC (Time) = May 23 2021  07:52:25
* NMEA baud rate = 4800
** Ship: seawolf
** Station: 5.4
** Operator: TDK
# nquan = 31
# nvalues = 259                         
# units = specified
# name 0 = depSM: Depth [salt water, m]
# name 1 = t090C: Temperature [ITS-90, deg C]
# name 2 = sal00: Salinity, Practical [PSU]
# name 3 = density00: Density [density, kg/m^3]
# name 4 = sbeox0V: Oxygen raw, SBE 43 [V]
# name 5 = sbeox0ML/L: Oxygen, SBE 43 [ml/l]
# name 6 = sbeox0PS: Oxygen, SBE 43 [% saturation]
# name 7 = sbox0dV/dT: Oxygen, SBE 43 [dov/dt]
# name 8 = oxsolML/L: Oxygen Saturation, Garcia & Gordon [ml/l]
# name 9 = oxsatML/L: Oxygen Saturation, Weiss [ml/l]
# name 10 = ph: pH
# name 11 = flECO-AFL: Fluorescence, WET Labs ECO-AFL/FL [mg/m^3]
# name 12 = n2satML/L: Nitrogen Saturation [ml/l]
# name 13 = c0S/m: Conductivity [S/m]
# name 14 = cpar: CPAR/Corrected Irradiance [%]
# name 15 = sigma-é00: Density [sigma-theta, kg/m^3]
# name 16 = sigma-t00: Density [sigma-t, kg/m^3 ]
# name 17 = par: PAR/Irradiance, Biospherical/Licor
# name 18 = prDM: Pressure, Digiquartz [db]
# name 19 = pumps: Pump Status
# name 20 = scan: Scan Count
# name 21 = svCM: Sound Velocity [Chen-Millero, m/s]
# name 22 = spar: SPAR, Biospherical/Licor
# name 23 = specc: Specific Conductance [uS/cm]
# name 24 = timeS: Time, Elapsed [seconds]
# name 25 = timeY: Time, System [seconds]
# name 26 = accM: Acceleration [m/s^2]
# name 27 = dz/dtM: Descent Rate [m/s]
# name 28 = latitude: Latitude [deg]
# name 29 = longitude: Longitude [deg]
# name 30 = flag: flag
# span 0 =      1.980,     65.989       
# span 1 =     7.7365,    14.8377       
# span 2 =    31.2583,    33.9787       
# span 3 =  1023.1485,  1026.5845       
# span 4 =     1.8989,     2.9455       
# span 5 =     4.5338,     7.1582       
# span 6 =     70.121,    123.068       
# span 7 =   -0.13423,    0.07510       
# span 8 =    5.80545,    6.71543       
# span 9 =    5.80047,    6.72303       
# span 10 =      7.870,      8.056      
# span 11 =     0.0178,     1.4872      
# span 12 =   10.58445,   12.08071      
# span 13 =   3.421633,   3.988502      
# span 14 = -1.649e+04, 1.0357e+05      
# span 15 =    23.1396,    26.2842      
# span 16 =    23.1397,    26.2830      
# span 17 = -2.139e-02, 2.0121e-02      
# span 18 =      2.000,     66.500      
# span 19 =          1,          1      
# span 20 =        134,      14683      
# span 21 =    1479.77,    1503.15      
# span 22 = -7.048e-02, 2.3004e+00      
# span 23 =  48506.673,  53185.122      
# span 24 =      5.557,    611.748      
# span 25 = 1621756349, 1621756955      
# span 26 =      -0.56,       0.62      
# span 27 =     -1.091,      0.957      
# span 28 =   39.64101,   39.64168      
# span 29 =  -72.77792,  -72.77540      
# span 30 = 0.0000e+00, 0.0000e+00      
# interval = decibars: 0.5              
# start_time = May 23 2021 07:52:24 [System UTC, first data scan.]
# bad_flag = -9.990e-29
*END*
[from data line 188]
     36.710     7.7530    33.0828  1025.9735     2.3105     6.1892     92.268    0.01823    6.70780    6.71500      7.960     0.3638   12.07116   3.421633 5.0640e-11    25.8045    25.8040 1.0000e-12     37.000          1      10262    1479.77 1.9747e+00  52236.259    427.552 1621756771      -0.28     -0.747   39.64118  -72.77612 0.0000e+00
     36.208     7.8317    33.0585  1025.9408     2.3245     6.2545     93.233    0.02109    6.70842    6.71563      7.964     0.3841   12.07217   3.426501 5.0640e-11    25.7741    25.7736 1.0000e-12     36.500          1      10280    1480.03 1.9747e+00  52182.044    428.280 1621756772       0.06     -0.810   39.64118  -72.77612 0.0000e+00
     35.721     7.8550    33.0431  1025.9231     2.3529     6.2216     93.261    0.00740    6.67115    6.67775      7.973     0.3357   12.01126   3.427265 5.0640e-11    25.7587    25.7582 1.0000e-12     36.000          1      10370    1480.09 1.9747e+00  52154.345    432.040 1621756776      -0.13     -0.305   39.64118  -72.77610 0.0000e+00
     35.227     7.8638    33.0135  1025.8963     2.3692     6.2402     94.016    0.00772    6.63736    6.64340      7.981     0.3416   11.95605   3.424596 5.0640e-11    25.7342    25.7337 1.0000e-12     35.500          1      10416    1480.08 1.9747e+00  52109.745    433.950 1621756778      -0.22     -0.469   39.64118  -72.77609 0.0000e+00
     34.730     7.8597    32.9839  1025.8714     2.3858     6.3396     95.547    0.01546    6.63507    6.64106      7.985     0.3650   11.95241   3.422617 5.0640e-11    25.7115    25.7111 1.0000e-12     35.000          1      10436    1480.02 1.9747e+00  52068.510    434.779 1621756779      -0.05     -0.567   39.64118  -72.77608 0.0000e+00
     34.231     8.0670    32.9803  1025.8360     2.4033     6.4214     96.809    0.01987    6.63304    6.63897      7.988     0.4137   11.94940   3.442415 5.0640e-11    25.6786    25.6781 1.0000e-12     34.500          1      10456    1480.79 1.9747e+00  52013.582    435.631 1621756780      -0.01     -0.592   39.64118  -72.77608 0.0000e+00
     33.734     8.3088    32.9461  1025.7710     2.4197     6.4557     97.397    0.01761    6.62824    6.63408      7.990     0.3582   11.94180   3.459894 5.0640e-11    25.6160    25.6155 1.0000e-12     34.000          1      10483    1481.65 1.9747e+00  51908.317    436.741 1621756781       0.12     -0.520   39.64118  -72.77608 0.0000e+00
     33.243     8.3809    32.9038  1025.7248     2.4303     6.4119     96.881    0.00662    6.61833    6.62399      7.991     0.3907   11.92573   3.461488 5.0640e-11    25.5722    25.5717 1.0000e-12     33.500          1      10524    1481.86 1.9747e+00  51831.754    438.454 1621756782       0.07     -0.294   39.64118  -72.77608 0.0000e+00
     32.745     8.4544    32.8570  1025.6747     2.4390     6.4188     97.121    0.00473    6.60912    6.61464      7.994     0.3968   11.91064   3.463702 5.0640e-11    25.5244    25.5239 1.0000e-12     33.000          1      10570    1482.08 1.9747e+00  51748.205    440.368 1621756784       0.03     -0.264   39.64118  -72.77606 0.0000e+00
     32.253     8.5636    32.8328  1025.6370     2.4535     6.4257     97.753    0.00481    6.57341    6.57835      8.000     0.3777   11.85243   3.471006 5.0640e-11    25.4890    25.4885 1.0000e-12     32.500          1      10640    1482.45 1.9747e+00  51689.260    443.297 1621756787       0.01     -0.137   39.64118  -72.77605 0.0000e+00
     31.765     8.6242    32.8190  1025.6147     2.4650     6.4368     98.458    0.00727    6.53763    6.54201      8.006     0.4027   11.79394   3.475112 5.0640e-11    25.4690    25.4685 1.0000e-12     32.000          1      10674    1482.65 1.9747e+00  51655.888    444.701 1621756789      -0.32     -0.277   39.64118  -72.77604 0.0000e+00
     31.265     8.6622    32.8083  1025.5982     2.4725     6.4717     99.042    0.00976    6.53425    6.53858      8.008     0.4262   11.78841   3.477654 5.0640e-11    25.4548    25.4543 1.0000e-12     31.500          1      10687    1482.77 1.9747e+00  51632.249    445.259 1621756789      -0.46     -0.512   39.64118  -72.77604 0.0000e+00
     30.763     8.7208    32.7916  1025.5738     2.4805     6.5091     99.671    0.01251    6.53061    6.53488      8.009     0.4699   11.78247   3.481506 5.0640e-11    25.4327    25.4323 1.0000e-12     31.000          1      10699    1482.96 1.9747e+00  51595.328    445.734 1621756790      -0.47     -0.738   39.64118  -72.77604 0.0000e+00
     30.258     8.8212    32.7652  1025.5354     2.4895     6.5403    100.302    0.01482    6.52070    6.52482      8.008     0.4598   11.76603   3.488713 5.0640e-11    25.3967    25.3962 1.0000e-12     30.500          1      10710    1483.29 1.9747e+00  51535.916    446.207 1621756790      -0.33     -0.930   39.64118  -72.77604 0.0000e+00
     29.759     8.9729    32.7214  1025.4752     2.5008     6.5848    101.094    0.01772    6.51354    6.51756      8.007     0.4316   11.75425   3.497814 6.3265e+04    25.3389    25.3384 1.0000e-12     30.000          1      10723    1483.79 7.2540e-01  51440.495    446.763 1621756791      -0.02     -1.018   39.64118  -72.77604 0.0000e+00
     29.266     9.0715    32.7064  1025.4458     2.5165     6.6445    102.055    0.01991    6.51069    6.51466      8.007     0.4294   11.74972   3.504870 9.8410e+04    25.3118    25.3113 1.0000e-12     29.500          1      10742    1484.13 3.1368e-02  51399.185    447.546 1621756791       0.31     -0.864   39.64118  -72.77604 0.0000e+00
     28.777     9.1581    32.6965  1025.4221     2.5315     6.6681    102.424    0.01568    6.51027    6.51424 -9.990e-29     0.4497   11.74900   3.511626 5.1157e+04    25.2904    25.2899 1.0000e-12     29.000          1      10771    1484.43 9.6449e-01  51366.542    448.759 1621756793       0.23     -0.492   39.64118  -72.77603 0.0000e+00
     28.279     9.2835    32.6823  1025.3889     2.5393     6.6172    101.857    0.00528    6.49652    6.50029      8.006     0.4546   11.72638   3.520708 -1.782e+03    25.2596    25.2591 1.0000e-12     28.500          1      10823    1484.87 2.0099e+00  51320.394    450.930 1621756795      -0.06     -0.277   39.64116  -72.77602 0.0000e+00
     27.799     9.3551    32.6640  1025.3609     2.5489     6.5787    102.112    0.00433    6.44257    6.44555      8.005     0.4242   11.63767   3.525390 5.0640e-11    25.2338    25.2333 1.0000e-12     28.000          1      10900    1485.10 1.9747e+00  51279.557    454.117 1621756798      -0.50     -0.253   39.64116  -72.77602 0.0000e+00
     27.296     9.4053    32.6629  1025.3497     2.5516     6.5807    102.253    0.00451    6.43568    6.43856      8.006     0.4359   11.62634   3.529890 5.0640e-11    25.2249    25.2244 1.0000e-12     27.500          1      10909    1485.27 1.9747e+00  51268.317    454.513 1621756798      -0.56     -0.548   39.64116  -72.77602 0.0000e+00
     26.792     9.4939    32.6446  1025.3188     2.5554     6.5912    102.512    0.00551    6.42973    6.43253      8.007     0.4383   11.61651   3.536531 5.0640e-11    25.1964    25.1960 1.0000e-12     27.000          1      10920    1485.57 1.9747e+00  51222.577    454.950 1621756799      -0.53     -0.790   39.64116  -72.77600 0.0000e+00
     26.287     9.5731    32.6405  1025.3004     2.5578     6.6004    102.694    0.00634    6.42722    6.42999      8.007     0.4285   11.61235   3.543041 5.0640e-11    25.1804    25.1799 1.0000e-12     26.500          1      10930    1485.85 1.9747e+00  51202.723    455.387 1621756799      -0.39     -0.990   39.64116  -72.77600 0.0000e+00
     25.790     9.6218    32.6313  1025.2830     2.5607     6.6065    102.858    0.00668    6.42295    6.42565      8.009     0.4047   11.60530   3.546099 5.0640e-11    25.1653    25.1649 1.0000e-12     26.000          1      10943    1486.00 1.9747e+00  51178.959    455.909 1621756800      -0.04     -1.091   39.64116  -72.77600 0.0000e+00
     25.297     9.7208    32.6263  1025.2608     2.5651     6.6103    102.988    0.00578    6.41852    6.42116      8.009     0.4415   11.59797   3.554773 1.9568e+04    25.1453    25.1449 1.0000e-12     25.500          1      10961    1486.35 1.5883e+00  51152.580    456.681 1621756801       0.35     -0.922   39.64116  -72.77600 0.0000e+00
     24.806     9.8703    32.6143  1025.2245     2.5732     6.6301    103.374    0.00580    6.41364    6.41622      8.009     0.4545   11.58992   3.566588 9.7086e+04    25.1114    25.1110 1.0000e-12     25.000          1      10995    1486.87 5.7516e-02  51106.456    458.074 1621756802       0.24     -0.450   39.64116  -72.77599 0.0000e+00
     24.315     9.9864    32.6114  1025.2008     2.5822     6.6117    103.506    0.00286    6.38777    6.38998      8.012     0.3912   11.54728   3.576013 -9.990e-29    25.0900    25.0895 1.0000e-12     24.500          1      11060    1487.28 -9.990e-29  51080.082    460.774 1621756805       0.00     -0.122   39.64116  -72.77598 0.0000e+00
     23.818    10.0418    32.6064  1025.1854     2.5887     6.6257    103.937    0.00446    6.37470    6.37674      8.013     0.4081   11.52565   3.580586 5.0640e-11    25.0769    25.0764 1.0000e-12     24.000          1      11093    1487.46 1.9747e+00  51062.516    462.160 1621756806      -0.30     -0.307   39.64116  -72.77598 0.0000e+00
     23.317    10.1084    32.6009  1025.1677     2.5935     6.6449    104.259    0.00554    6.37346    6.37548      8.013     0.4077   11.52361   3.586203 5.0640e-11    25.0615    25.0610 1.0000e-12     23.500          1      11112    1487.69 1.9747e+00  51041.750    462.966 1621756807      -0.20     -0.528   39.64116  -72.77598 0.0000e+00
     22.818    10.2174    32.5930  1025.1409     2.5959     6.6313    104.191    0.00361    6.36458    6.36648      8.012     0.3357   11.50900   3.595037 5.0640e-11    25.0370    25.0366 1.0000e-12     23.000          1      11140    1488.06 1.9747e+00  51010.489    464.112 1621756808       0.11     -0.512   39.64116  -72.77598 0.0000e+00
     22.335    10.2967    32.5933  1025.1255     2.5974     6.5969    103.949    0.00039    6.34629    6.34794      8.009     0.3371   11.47880   3.601620 5.0640e-11    25.0238    25.0234 1.0000e-12     22.500          1      11190    1488.34 1.9747e+00  50996.016    466.192 1621756810       0.03     -0.167   39.64116  -72.77597 0.0000e+00
     21.835    10.3449    32.5879  1025.1108     2.5959     6.5837    103.760   -0.00097    6.34511    6.34675      8.009     0.3251   11.47682   3.605642 5.0640e-11    25.0115    25.0110 1.0000e-12     22.000          1      11211    1488.50 1.9747e+00  50979.490    467.100 1621756811      -0.32     -0.366   39.64116  -72.77596 0.0000e+00
     21.330    10.4000    32.5823  1025.0947     2.5955     6.5770    103.723   -0.00100    6.34095    6.34254      8.010     0.3050   11.46995   3.610022 5.0640e-11    24.9977    24.9973 1.0000e-12     21.500          1      11229    1488.68 1.9747e+00  50961.185    467.818 1621756812      -0.24     -0.583   39.64116  -72.77595 0.0000e+00
     20.834    10.4641    32.5805  1025.0801     2.5961     6.5763    103.808   -0.00016    6.33504    6.33654      8.011     0.2639   11.46019   3.615336 1.6792e+04    24.9854    24.9850 1.0000e-12     21.000          1      11253    1488.90 1.6431e+00  50947.143    468.834 1621756813       0.13     -0.594   39.64116  -72.77594 0.0000e+00
     20.345    10.5049    32.5815  1025.0717     2.5989     6.5832    104.090    0.00187    6.32449    6.32585      8.010     0.2779   11.44276   3.618890 1.0357e+05    24.9792    24.9788 1.0000e-12     20.500          1      11290    1489.04 -7.048e-02  50940.927    470.373 1621756814       0.08     -0.318   39.64116  -72.77594 0.0000e+00
     19.847    10.5589    32.5784  1025.0577     2.5976     6.5605    103.860    0.00006    6.31672    6.31798      8.007     0.2520   11.42987   3.623391 -9.990e-29    24.9674    24.9670 1.0000e-12     20.000          1      11320    1489.22 -9.990e-29  50926.651    471.632 1621756816      -0.08     -0.370   39.64116  -72.77594 0.0000e+00
     19.350    10.6101    32.5768  1025.0453     2.5959     6.5402    103.615   -0.00172    6.31207    6.31327      8.007     0.2365   11.42216   3.627818 -9.990e-29    24.9574    24.9570 1.0000e-12     19.500          1      11347    1489.39 -9.990e-29  50915.249    472.734 1621756817      -0.04     -0.438   39.64116  -72.77594 0.0000e+00
     18.853    10.6722    32.5746  1025.0306     2.5935     6.5224    103.476   -0.00173    6.30334    6.30442      8.006     0.2347   11.40772   3.633134 -9.990e-29    24.9450    24.9446 1.0000e-12     19.000          1      11374    1489.60 -9.990e-29  50900.927    473.873 1621756818       0.02     -0.451   39.64116  -72.77593 0.0000e+00
     18.359    10.7177    32.5774  1025.0226     2.5917     6.5174    103.370   -0.00196    6.30494    6.30604      8.006     0.2113   11.41058   3.637275 5.0640e-11    24.9392    24.9389 1.0000e-12     18.500          1      11404    1489.76 1.9747e+00  50896.677    475.131 1621756819       0.03     -0.406   39.64116  -72.77592 0.0000e+00
     17.860    10.7722    32.5779  1025.0113     2.5928     6.5245    103.587    0.00030    6.29854    6.29954      8.006     0.1894   11.40004   3.642350 5.0640e-11    24.9302    24.9298 1.0000e-12     18.000          1      11434    1489.94 1.9747e+00  50887.841    476.371 1621756820      -0.00     -0.404   39.64116  -72.77592 0.0000e+00
     17.368    10.8028    32.5620  1024.9913     2.5942     6.5179    103.668    0.00084    6.28730    6.28816 -9.990e-29     0.1349   11.38143   3.642806 1.0014e+05    24.9125    24.9121 1.0000e-12     17.500          1      11474    1490.02 -2.757e-03  50859.878    478.037 1621756822       0.09     -0.313   39.64114  -72.77592 0.0000e+00
     16.878    10.8376    32.5520  1024.9752     2.5956     6.5177    103.748    0.00109    6.28224    6.28303 -9.990e-29     0.1365   11.37304   3.645441 6.1720e+04    24.8986    24.8982 1.0000e-12     17.000          1      11504    1490.13 7.5590e-01  50839.557    479.308 1621756823      -0.21     -0.303   39.64114  -72.77592 0.0000e+00
     16.368    10.8816    32.5536  1024.9664     2.5969     6.5217    103.831    0.00134    6.28111    6.28189      8.006     0.1294   11.37116   3.649465 9.0048e+02    24.8921    24.8918 1.0000e-12     16.500          1      11521    1490.28 1.9569e+00  50834.003    480.010 1621756824      -0.31     -0.528   39.64114  -72.77590 0.0000e+00
     15.872    10.9313    32.5536  1024.9554     2.5973     6.5224    103.820    0.00088    6.28238    6.28318      8.007     0.1309   11.37324   3.653757 3.7602e+04    24.8834    24.8830 1.0000e-12     16.000          1      11551    1490.44 1.2322e+00  50825.326    481.261 1621756825       0.13     -0.489   39.64114  -72.77590 0.0000e+00
     15.375    10.9910    32.5569  1024.9452     2.6010     6.5282    103.944    0.00028    6.28046    6.28124      8.010     0.1408   11.37001   3.659010 5.5001e+03    24.8754    24.8751 1.0000e-12     15.500          1      11767    1490.65 1.8661e+00  50819.619    490.266 1621756834      -0.06     -0.344   39.64113  -72.77587 0.0000e+00
     14.881    10.9949    32.5636  1024.9474     2.6137     6.5281    104.637    0.00225    6.23887    6.23910      8.017     0.1321   11.30130   3.659866 -1.712e+02    24.8800    24.8796 1.0000e-12     15.000          1      12787    1490.66 1.9781e+00  50828.020    532.751 1621756877      -0.21     -0.679   39.64108  -72.77569 0.0000e+00
