CalculateIndicators/WaterTemperature/Data/CTD_NYOS/20210322_C10.cnv
* Sea-Bird SBE 9 Data File:
* FileName = C:\Seabird 9 CTD\Data\2021\202103_offshore\20210322_C10.hex
* Software Version Seasave V 7.23.2
* Temperature SN = 4590
* Conductivity SN = 3228
* Number of Bytes Per Scan = 44
* Number of Voltage Words = 5
* Number of Scans Averaged by the Deck Unit = 1
* NMEA Latitude = 39 08.04 N
* NMEA Longitude = 072 56.51 W
* NMEA UTC (Time) = Mar 22 2021  11:40:45
* NMEA baud rate = 4800
** Ship: RV Seawolf
** Station: 6.5
** Operator: TCM
# nquan = 31
# nvalues = 151                         
# units = specified
# name 0 = depSM: Depth [salt water, m]
# name 1 = t090C: Temperature [ITS-90, deg C]
# name 2 = sal00: Salinity, Practical [PSU]
# name 3 = density00: Density [density, kg/m^3]
# name 4 = sbeox0V: Oxygen raw, SBE 43 [V]
# name 5 = sbeox0ML/L: Oxygen, SBE 43 [ml/l]
# name 6 = sbeox0PS: Oxygen, SBE 43 [% saturation]
# name 7 = sbox0dV/dT: Oxygen, SBE 43 [dov/dt]
# name 8 = oxsolML/L: Oxygen Saturation, Garcia & Gordon [ml/l]
# name 9 = oxsatML/L: Oxygen Saturation, Weiss [ml/l]
# name 10 = ph: pH
# name 11 = flECO-AFL: Fluorescence, WET Labs ECO-AFL/FL [mg/m^3]
# name 12 = n2satML/L: Nitrogen Saturation [ml/l]
# name 13 = c0S/m: Conductivity [S/m]
# name 14 = cpar: CPAR/Corrected Irradiance [%]
# name 15 = sigma-é00: Density [sigma-theta, kg/m^3]
# name 16 = sigma-t00: Density [sigma-t, kg/m^3 ]
# name 17 = par: PAR/Irradiance, Biospherical/Licor
# name 18 = prDM: Pressure, Digiquartz [db]
# name 19 = pumps: Pump Status
# name 20 = scan: Scan Count
# name 21 = svCM: Sound Velocity [Chen-Millero, m/s]
# name 22 = spar: SPAR, Biospherical/Licor
# name 23 = specc: Specific Conductance [uS/cm]
# name 24 = timeS: Time, Elapsed [seconds]
# name 25 = timeY: Time, System [seconds]
# name 26 = accM: Acceleration [m/s^2]
# name 27 = dz/dtM: Descent Rate [m/s]
# name 28 = latitude: Latitude [deg]
# name 29 = longitude: Longitude [deg]
# name 30 = flag: flag
# span 0 =      1.974,     76.411       
# span 1 =     9.6498,    10.1641       
# span 2 =    34.2218,    34.4475       
# span 3 =  1026.4077,  1026.8394       
# span 4 =     2.4400,     2.5603       
# span 5 =     6.1194,     6.5184       
# span 6 =     96.879,    102.230       
# span 7 =   -0.00828,    0.00900       
# span 8 =    6.31134,    6.39291       
# span 9 =    6.31420,    6.39677       
# span 10 =      8.540,      8.568      
# span 11 =     0.2934,     2.0978      
# span 12 =   11.39903,   11.53601      
# span 13 =   3.702587,   3.774249      
# span 14 = -1.936e-05, 1.7162e+01      
# span 15 =    26.3987,    26.4940      
# span 16 =    26.3987,    26.4925      
# span 17 = -1.769e-04, 1.5733e+02      
# span 18 =      2.000,     77.000      
# span 19 =          1,          1      
# span 20 =        185,      16031      
# span 21 =    1487.74,    1491.00      
# span 22 = 8.2382e+02, 1.0559e+03      
# span 23 =  53390.802,  53655.014      
# span 24 =      7.675,    667.912      
# span 25 = 1616413254, 1616413914      
# span 26 =      -0.58,       0.69      
# span 27 =     -0.863,      1.023      
# span 28 =   39.13388,   39.13400      
# span 29 =  -72.94375,  -72.94192      
# span 30 = 0.0000e+00, 0.0000e+00      
# interval = decibars: 1                
# start_time = Mar 22 2021 11:40:46 [System UTC, first data scan.]
# bad_flag = -9.990e-29
*END*
[from data line 47]
     48.626     9.7015    34.2908  1026.6705     2.4729     6.2847     98.362    0.00049    6.38480    6.38855      8.549     0.3803   11.52239   3.714105 6.4304e-03    26.4493    26.4484 5.7565e-02     49.000          1       3312    1488.70 8.9425e+02  53511.412    137.976 1616413384       0.09      0.449   39.13396  -72.94226 0.0000e+00
     49.619     9.7014    34.2909  1026.6752     2.4749     6.2848     98.513    0.00088    6.38459    6.38834      8.549     0.3732   11.52204   3.714160 5.0137e-03    26.4494    26.4485 4.3397e-02     50.000          1       3389    1488.71 8.6472e+02  53512.260    141.152 1616413388       0.35      0.684   39.13396  -72.94228 0.0000e+00
     50.608     9.7033    34.2911  1026.6795     2.4742     6.2793     98.385   -0.00030    6.38453    6.38828      8.549     0.3677   11.52193   3.714392 2.7384e-03    26.4493    26.4483 2.4191e-02     51.000          1       3437    1488.74 8.8776e+02  53512.743    143.186 1616413390      -0.19      0.528   39.13396  -72.94229 0.0000e+00
     51.599     9.7040    34.2914  1026.6841     2.4741     6.2860     98.422    0.00002    6.38436    6.38811      8.549     0.3941   11.52165   3.714536 6.2546e-04    26.4494    26.4484 5.6730e-03     52.000          1       3513    1488.76 8.9609e+02  53513.641    146.337 1616413393       0.01      0.294   39.13396  -72.94230 0.0000e+00
     52.588     9.7049    34.2918  1026.6888     2.4748     6.2854     98.500    0.00031    6.38383    6.38757      8.549     0.7551   11.52076   3.714706 -1.936e-05    26.4495    26.4486 -1.769e-04     53.000          1       3593    1488.78 8.6972e+02  53514.631    149.679 1616413396       0.31      0.372   39.13396  -72.94230 0.0000e+00
     53.588     9.7069    34.2923  1026.6934     2.4746     6.2863     98.464   -0.00006    6.38374    6.38748      8.549     0.7743   11.52061   3.714986 1.1126e-13    26.4496    26.4486 1.0000e-12     54.000          1       3631    1488.80 8.9896e+02  53515.540    151.239 1616413398      -0.03      0.605   39.13396  -72.94231 0.0000e+00
     54.571     9.7098    34.2928  1026.6979     2.4751     6.2915     98.530    0.00016    6.38314    6.38687      8.549     0.3365   11.51960   3.715356 1.1160e-13    26.4496    26.4486 1.0000e-12     55.000          1       3719    1488.83 8.9621e+02  53516.397    154.897 1616413401      -0.01      0.142   39.13396  -72.94232 0.0000e+00
     55.567     9.7118    34.2939  1026.7030     2.4759     6.2959     98.610    0.00056    6.38299    6.38672 -9.990e-29     2.0978   11.51936   3.715709 1.1297e-13    26.4502    26.4491 1.0000e-12     56.000          1       3763    1488.85 8.8519e+02  53518.198    156.768 1616413403       0.23      0.567   39.13396  -72.94232 0.0000e+00
     56.564     9.7145    34.2948  1026.7077     2.4767     6.2943     98.644    0.00044    6.38242    6.38615      8.550     0.3684   11.51840   3.716095 1.1184e-13    26.4504    26.4493 1.0000e-12     57.000          1       3822    1488.88 8.9424e+02  53519.414    159.201 1616413406       0.06      0.534   39.13396  -72.94233 0.0000e+00
     57.555     9.7235    34.2973  1026.7127     2.4765     6.2874     98.643    0.00023    6.38115    6.38486      8.549     0.3586   11.51626   3.717270 1.1295e-13    26.4509    26.4498 1.0000e-12     58.000          1       3910    1488.93 8.8537e+02  53521.796    162.860 1616413409       0.47      0.608   39.13396  -72.94234 0.0000e+00
     58.546     9.7290    34.2993  1026.7178     2.4747     6.2662     98.441   -0.00110    6.38137    6.38508      8.549     0.3644   11.51663   3.717978 1.1018e-13    26.4515    26.4504 1.0000e-12     59.000          1       3946    1488.97 9.0764e+02  53524.113    164.363 1616413411      -0.15      0.728   39.13396  -72.94235 0.0000e+00
     59.542     9.7257    34.2990  1026.7227     2.4699     6.2562     98.066   -0.00265    6.38116    6.38487      8.553     0.3570   11.51628   3.717640 1.1010e-13    26.4518    26.4507 1.0000e-12     60.000          1       3989    1488.98 9.0832e+02  53524.931    166.178 1616413413       0.02      0.585   39.13396  -72.94236 0.0000e+00
     60.524     9.7329    34.3020  1026.7283     2.4721     6.3180     98.663    0.00261    6.37490    6.37852      8.553     0.3830   11.50580   3.718909 1.1421e-13    26.4530    26.4519 1.0000e-12     61.000          1       4113    1489.02 8.7559e+02  53528.368    171.339 1616413418       0.69      0.595   39.13396  -72.94236 0.0000e+00
     61.528     9.7548    34.3064  1026.7326     2.4767     6.3235     99.071    0.00467    6.37489    6.37852      8.553     0.4032   11.50579   3.721311 1.1101e-13    26.4528    26.4516 1.0000e-12     62.000          1       4134    1489.12 9.0093e+02  53530.628    172.216 1616413419       0.20      1.023   39.13396  -72.94238 0.0000e+00
     62.518     9.7652    34.3095  1026.7378     2.4804     6.3061     99.078    0.00265    6.37415    6.37777      8.552     0.4060   11.50453   3.722575 1.1076e-13    26.4535    26.4523 1.0000e-12     63.000          1       4185    1489.18 9.0508e+02  53533.497    174.339 1616413421      -0.21      0.693   39.13396  -72.94238 0.0000e+00
     63.500     9.7577    34.3103  1026.7442     2.4747     6.2418     98.222   -0.00425    6.36946    6.37303      8.548     0.4137   11.49661   3.721835 1.1704e-13    26.4554    26.4542 1.0000e-12     64.000          1       4304    1489.17 8.5491e+02  53536.801    179.273 1616413426       0.54      0.495   39.13396  -72.94240 0.0000e+00
     64.503     9.7642    34.3142  1026.7507     2.4705     6.2303     98.011   -0.00434    6.36973    6.37329      8.548     0.4680   11.49706   3.723105 1.1081e-13    26.4574    26.4562 1.0000e-12     65.000          1       4327    1489.22 9.0267e+02  53541.567    180.232 1616413427       0.16      0.903   39.13396  -72.94240 0.0000e+00
     65.489     9.7934    34.3234  1026.7575     2.4629     6.2231     97.807   -0.00239    6.36937    6.37294      8.548     0.3938   11.49646   3.726695 1.1042e-13    26.4597    26.4584 1.0000e-12     66.000          1       4396    1489.35 9.0685e+02  53549.115    183.141 1616413430      -0.15      0.384   39.13396  -72.94240 0.0000e+00
     66.481     9.8120    34.3315  1026.7652     2.4583     6.1995     97.639   -0.00191    6.36455    6.36806      8.545     0.3062   11.48835   3.729551 1.1488e-13    26.4629    26.4617 1.0000e-12     67.000          1       4488    1489.44 8.7072e+02  53557.288    186.973 1616413433       0.46      0.417   39.13396  -72.94241 0.0000e+00
     67.475     9.8323    34.3382  1026.7715     2.4543     6.1948     97.377   -0.00275    6.36454    6.36805      8.545     0.3280   11.48834   3.731860 1.1007e-13    26.4648    26.4635 1.0000e-12     68.000          1       4526    1489.54 9.0868e+02  53563.335    188.526 1616413435      -0.08      0.664   39.13396  -72.94242 0.0000e+00
     68.468     9.8335    34.3389  1026.7764     2.4524     6.1940     97.429   -0.00103    6.35763    6.36105      8.544     0.3159   11.47674   3.732044 1.0886e-13    26.4652    26.4639 1.0000e-12     69.000          1       4576    1489.56 9.1863e+02  53564.711    190.620 1616413437      -0.08      0.489   39.13396  -72.94242 0.0000e+00
     69.454     9.8931    34.3575  1026.7853     2.4515     6.1765     97.467   -0.00006    6.34508    6.34835      8.543     0.4441   11.45567   3.739778 1.1208e-13    26.4697    26.4684 1.0000e-12     70.000          1       4667    1489.82 8.9270e+02  53579.287    194.414 1616413441       0.00      0.180   39.13396  -72.94242 0.0000e+00
     70.450     9.9518    34.3777  1026.7955     2.4498     6.1635     97.326   -0.00077    6.33502    6.33816      8.542     0.5724   11.43879   3.747350 1.1328e-13    26.4755    26.4741 1.0000e-12     71.000          1       4727    1490.07 8.8336e+02  53596.289    196.905 1616413443       0.02      0.449   39.13396  -72.94244 0.0000e+00
     71.438     9.9962    34.3925  1026.8041     2.4480     6.1441     97.257   -0.00062    6.33547    6.33862      8.544     0.8307   11.43953   3.753187 1.0724e-13    26.4796    26.4782 1.0000e-12     72.000          1       4773    1490.26 9.3250e+02  53608.810    198.829 1616413445       0.28      0.471   39.13396  -72.94244 0.0000e+00
     72.435    10.0361    34.4047  1026.8112     2.4447     6.1411     97.060   -0.00104    6.32895    6.33202      8.543     0.6013   11.42859   3.757776 1.1015e-13    26.4823    26.4809 1.0000e-12     73.000          1       4841    1490.44 9.0857e+02  53618.496    201.657 1616413448       0.07      0.358   39.13396  -72.94246 0.0000e+00
     73.423    10.0541    34.4125  1026.8188     2.4429     6.1257     97.012   -0.00062    6.32265    6.32565      8.542     0.6503   11.41802   3.760466 1.1470e-13    26.4854    26.4840 1.0000e-12     74.000          1       4912    1490.53 8.7195e+02  53626.549    204.624 1616413451       0.23      0.453   39.13396  -72.94246 0.0000e+00
     74.419    10.1005    34.4269  1026.8265     2.4423     6.1252     97.014   -0.00027    6.31514    6.31804      8.542     0.6727   11.40541   3.766153 1.0900e-13    26.4888    26.4873 1.0000e-12     75.000          1       4963    1490.73 9.1781e+02  53638.087    206.752 1616413453      -0.10      0.442   39.13396  -72.94247 0.0000e+00
     75.409    10.1641    34.4475  1026.8361     2.4416     6.1194     96.973   -0.00036    6.31134    6.31420      8.542     0.8593   11.39903   3.774249 1.0888e-13    26.4940    26.4925 1.0000e-12     76.000          1       5036    1491.00 9.1855e+02  53655.014    209.804 1616413456       0.09      0.337   39.13396  -72.94248 0.0000e+00
     76.411    10.1393    34.4404  1026.8394     2.4407     6.1275     96.953   -0.00012    6.32256    6.32556      8.546     0.5737   11.41784   3.770772 1.0759e-13    26.4926    26.4911 1.0000e-12     77.000          1       5638    1490.92 9.2995e+02  53650.434    234.883 1616413481      -0.17      0.267   39.13396  -72.94255 0.0000e+00
     75.406    10.1021    34.4290  1026.8324     2.4400     6.1397     96.879   -0.00072    6.32322    6.32622 -9.990e-29     0.6479   11.41896   3.765926 1.0813e-13    26.4901    26.4886 1.0000e-12     76.000          1       5979    1490.75 9.2496e+02  53641.327    249.092 1616413495      -0.34     -0.603   39.13396  -72.94258 0.0000e+00
     74.409    10.0485    34.4133  1026.8248     2.4408     6.1477     97.001    0.00030    6.33279    6.33591      8.547     0.5928   11.43505   3.759236 1.0929e-13    26.4870    26.4855 1.0000e-12     75.000          1       6465    1490.52 9.1521e+02  53629.392    269.338 1616413516      -0.07     -0.542   39.13396  -72.94263 0.0000e+00
     73.429     9.9905    34.3931  1026.8145     2.4419     6.1570     97.033    0.00020    6.34386    6.34712      8.547     0.5602   11.45360   3.751732 1.0536e-13    26.4810    26.4796 1.0000e-12     74.000          1       6735    1490.28 9.4911e+02  53611.944    280.578 1616413527      -0.24     -0.127   39.13396  -72.94268 0.0000e+00
     72.429     9.9846    34.3899  1026.8085     2.4427     6.1626     97.057    0.00006    6.34453    6.34779      8.548     0.6575   11.45473   3.751031 1.0822e-13    26.4795    26.4781 1.0000e-12     73.000          1       6782    1490.23 9.2415e+02  53608.120    282.550 1616413529      -0.53     -0.565   39.13396  -72.94268 0.0000e+00
     71.438     9.9641    34.3832  1026.8022     2.4443     6.1706     97.162    0.00044    6.34840    6.35171      8.548     0.5396   11.46121   3.748324 1.0746e-13    26.4777    26.4763 1.0000e-12     72.000          1       6863    1490.14 9.3127e+02  53602.144    285.926 1616413532      -0.06     -0.485   39.13396  -72.94268 0.0000e+00
     70.448     9.9448    34.3778  1026.7969     2.4456     6.1789     97.196    0.00024    6.35347    6.35684      8.548     0.5211   11.46970   3.745969 1.0526e-13    26.4769    26.4755 1.0000e-12     71.000          1       6943    1490.04 9.5013e+02  53597.912    289.236 1616413536       0.01     -0.523   39.13396  -72.94269 0.0000e+00
     69.458     9.9120    34.3692  1026.7912     2.4468     6.1877     97.284    0.00060    6.35849    6.36192      8.548     0.4272   11.47811   3.742008 1.0841e-13    26.4757    26.4743 1.0000e-12     70.000          1       6998    1489.90 9.2242e+02  53591.869    291.540 1616413538      -0.06     -0.436   39.13396  -72.94270 0.0000e+00
     68.467     9.8735    34.3572  1026.7839     2.4485     6.2014     97.362    0.00061    6.36494    6.36846      8.551     0.3645   11.48899   3.737035 1.0526e-13    26.4727    26.4714 1.0000e-12     69.000          1       7071    1489.73 9.5008e+02  53582.122    294.584 1616413541      -0.02     -0.269   39.13396  -72.94271 0.0000e+00
     67.474     9.8375    34.3429  1026.7743     2.4501     6.2158     97.425    0.00056    6.36987    6.37345      8.553     0.4311   11.49726   3.732388 1.0624e-13    26.4676    26.4663 1.0000e-12     68.000          1       7127    1489.57 9.4132e+02  53568.834    296.925 1616413543      -0.11     -0.530   39.13396  -72.94272 0.0000e+00
     66.481     9.8238    34.3373  1026.7677     2.4521     6.2280     97.584    0.00125    6.37516    6.37880      8.553     0.4483   11.50613   3.730385 1.0708e-13    26.4655    26.4642 1.0000e-12     67.000          1       7163    1489.49 9.3384e+02  53563.065    298.423 1616413545      -0.16     -0.625   39.13396  -72.94272 0.0000e+00
     65.484     9.7918    34.3277  1026.7611     2.4552     6.2391     97.764    0.00154    6.37505    6.37868      8.553     0.4340   11.50597   3.726414 1.0643e-13    26.4633    26.4621 1.0000e-12     66.000          1       7208    1489.35 9.3964e+02  53555.450    300.273 1616413547       0.09     -0.596   39.13396  -72.94272 0.0000e+00
     64.507     9.7601    34.3133  1026.7507     2.4625     6.2659     98.004    0.00051    6.37599    6.37964 -9.990e-29     0.4518   11.50760   3.722252 1.0430e-13    26.4574    26.4561 1.0000e-12     65.000          1       7320    1489.20 9.5873e+02  53541.132    304.952 1616413551      -0.58     -0.323   39.13396  -72.94274 0.0000e+00
     63.499     9.7601    34.3124  1026.7454     2.4651     6.2913     98.258    0.00197    6.37725    6.38091 -9.990e-29     0.4151   11.50972   3.722169 1.0609e-13    26.4567    26.4555 1.0000e-12     64.000          1       7340    1489.18 9.4263e+02  53539.299    305.808 1616413552      -0.34     -0.863   39.13396  -72.94274 0.0000e+00
     62.509     9.7578    34.3096  1026.7392     2.4733     6.3115     98.818    0.00381    6.37807    6.38174      8.558     0.4150   11.51108   3.721610 1.0788e-13    26.4549    26.4537 1.0000e-12     63.000          1       7387    1489.15 9.2714e+02  53535.247    307.760 1616413554       0.18     -0.568   39.13396  -72.94274 0.0000e+00
     61.523     9.7455    34.3054  1026.7334     2.4798     6.2891     98.864    0.00078    6.38046    6.38416      8.554     0.3615   11.51509   3.720047 1.0297e-13    26.4536    26.4524 1.0000e-12     62.000          1       7469    1489.09 9.7101e+02  53531.107    311.167 1616413558      -0.12     -0.257   39.13396  -72.94274 0.0000e+00
     60.531     9.7306    34.3023  1026.7290     2.4727     6.2648     98.188   -0.00276    6.37963    6.38332      8.553     0.3292   11.51372   3.718341 1.0568e-13    26.4536    26.4525 1.0000e-12     61.000          1       7536    1489.01 9.4628e+02  53529.252    313.955 1616413560       0.05     -0.334   39.13396  -72.94276 0.0000e+00
     59.533     9.7357    34.3017  1026.7231     2.4716     6.2819     98.297   -0.00080    6.37993    6.38362      8.556     0.3927   11.51421   3.718758 1.0647e-13    26.4523    26.4512 1.0000e-12     60.000          1       7579    1489.01 9.3925e+02  53526.727    315.739 1616413562      -0.24     -0.595   39.13396  -72.94276 0.0000e+00
