CalculateIndicators/WaterTemperature/Data/CTD_NYOS/20210323_C21.cnv
* Sea-Bird SBE 9 Data File:
* FileName = C:\Seabird 9 CTD\Data\2021\202103_offshore\20210323_C21.hex
* Software Version Seasave V 7.23.2
* Temperature SN = 4590
* Conductivity SN = 3228
* Number of Bytes Per Scan = 44
* Number of Voltage Words = 5
* Number of Scans Averaged by the Deck Unit = 1
* NMEA Latitude = 39 19.78 N
* NMEA Longitude = 072 40.48 W
* NMEA UTC (Time) = Mar 23 2021  22:32:47
* NMEA baud rate = 4800
** Ship: RV Seawolf
** Station: 5.5
** Operator: TDK
# nquan = 31
# nvalues = 216                         
# units = specified
# name 0 = depSM: Depth [salt water, m]
# name 1 = t090C: Temperature [ITS-90, deg C]
# name 2 = sal00: Salinity, Practical [PSU]
# name 3 = density00: Density [density, kg/m^3]
# name 4 = sbeox0V: Oxygen raw, SBE 43 [V]
# name 5 = sbeox0ML/L: Oxygen, SBE 43 [ml/l]
# name 6 = sbeox0PS: Oxygen, SBE 43 [% saturation]
# name 7 = sbox0dV/dT: Oxygen, SBE 43 [dov/dt]
# name 8 = oxsolML/L: Oxygen Saturation, Garcia & Gordon [ml/l]
# name 9 = oxsatML/L: Oxygen Saturation, Weiss [ml/l]
# name 10 = ph: pH
# name 11 = flECO-AFL: Fluorescence, WET Labs ECO-AFL/FL [mg/m^3]
# name 12 = n2satML/L: Nitrogen Saturation [ml/l]
# name 13 = c0S/m: Conductivity [S/m]
# name 14 = cpar: CPAR/Corrected Irradiance [%]
# name 15 = sigma-é00: Density [sigma-theta, kg/m^3]
# name 16 = sigma-t00: Density [sigma-t, kg/m^3 ]
# name 17 = par: PAR/Irradiance, Biospherical/Licor
# name 18 = prDM: Pressure, Digiquartz [db]
# name 19 = pumps: Pump Status
# name 20 = scan: Scan Count
# name 21 = svCM: Sound Velocity [Chen-Millero, m/s]
# name 22 = spar: SPAR, Biospherical/Licor
# name 23 = specc: Specific Conductance [uS/cm]
# name 24 = timeS: Time, Elapsed [seconds]
# name 25 = timeY: Time, System [seconds]
# name 26 = accM: Acceleration [m/s^2]
# name 27 = dz/dtM: Descent Rate [m/s]
# name 28 = latitude: Latitude [deg]
# name 29 = longitude: Longitude [deg]
# name 30 = flag: flag
# span 0 =      1.944,    109.147       
# span 1 =     9.5425,    12.3257       
# span 2 =    34.0849,    35.1426       
# span 3 =  1026.3227,  1027.1294       
# span 4 =     2.1502,     2.6082       
# span 5 =     4.9577,     6.7152       
# span 6 =     82.479,    104.924       
# span 7 =   -0.01883,    0.01171       
# span 8 =    6.00539,    6.41557       
# span 9 =    6.00463,    6.41957       
# span 10 =      8.495,      8.588      
# span 11 =     0.0937,     0.8888      
# span 12 =   10.88517,   11.57569      
# span 13 =   3.677306,   4.050993      
# span 14 = 3.4041e-13, 1.0543e+01      
# span 15 =    26.3133,    26.6398      
# span 16 =    26.3131,    26.6370      
# span 17 = 1.0000e-12, 3.6506e+01      
# span 18 =      2.000,    110.000      
# span 19 =          1,          1      
# span 20 =        135,      25948      
# span 21 =    1487.10,    1499.92      
# span 22 = 9.9775e+01, 4.1538e+02      
# span 23 =  53225.172,  54260.136      
# span 24 =      5.593,   1081.122      
# span 25 = 1616538773, 1616539849      
# span 26 =      -1.05,       0.97      
# span 27 =     -1.738,      1.421      
# span 28 =   39.32827,   39.32980      
# span 29 =  -72.67951,  -72.67479      
# span 30 = 0.0000e+00, 0.0000e+00      
# interval = decibars: 1                
# start_time = Mar 23 2021 22:32:48 [System UTC, first data scan.]
# bad_flag = -9.990e-29
*END*
      1.944     9.5425    34.0849  1026.3227     2.5515     6.5188    101.528   -0.00116    6.41557    6.41957      8.538     0.5832   11.57569   3.677306 8.8287e+00    26.3138    26.3138 3.6506e+01      2.000          1        135    1487.10 4.1538e+02  53225.172      5.593 1616538773       0.32     -0.552   39.32980  -72.67479 0.0000e+00
      2.993     9.5428    34.0850  1026.3275     2.5517     6.5211    101.644    0.00001    6.41541    6.41940      8.540     0.4830   11.57540   3.677384 7.4542e+00    26.3139    26.3138 2.7100e+01      3.000          1        297    1487.11 3.6385e+02  53225.925     12.349 1616538780       0.67      0.308   39.32979  -72.67483 0.0000e+00
      3.971     9.5436    34.0851  1026.3319     2.5519     6.5228    101.693    0.00010    6.41547    6.41947 -9.990e-29     0.6173   11.57552   3.677521 5.9459e+00    26.3138    26.3138 2.1539e+01      4.000          1        602    1487.13 3.6504e+02  53226.537     25.048 1616538793       0.04      0.425   39.32976  -72.67491 0.0000e+00
      4.962     9.5436    34.0852  1026.3365     2.5516     6.5194    101.670   -0.00008    6.41541    6.41940 -9.990e-29     0.5609   11.57542   3.677565 5.5259e+00    26.3139    26.3139 1.8164e+01      5.000          1        665    1487.15 3.2892e+02  53227.348     27.651 1616538795       0.46      0.472   39.32976  -72.67492 0.0000e+00
      5.958     9.5435    34.0850  1026.3409     2.5503     6.5197    101.604   -0.00023    6.41535    6.41934 -9.990e-29     0.5696   11.57532   3.677584 4.7652e+00    26.3138    26.3137 1.7651e+01      6.000          1        759    1487.17 3.7122e+02  53227.629     31.569 1616538799       0.09      0.406   39.32976  -72.67494 0.0000e+00
      6.937     9.5447    34.0851  1026.3453     2.5501     6.5226    101.657    0.00021    6.41527    6.41927 -9.990e-29     0.6053   11.57519   3.677765 4.6470e+00    26.3137    26.3136 1.7057e+01      7.000          1        862    1487.18 3.6711e+02  53228.291     35.888 1616538804       0.51      0.319   39.32976  -72.67497 0.0000e+00
      7.949     9.5449    34.0851  1026.3499     2.5504     6.5222    101.667    0.00020    6.41527    6.41926 -9.990e-29     0.5180   11.57518   3.677818 4.4119e+00    26.3137    26.3135 1.5394e+01      8.000          1        886    1487.20 3.4872e+02  53228.851     36.889 1616538804       0.10      0.788   39.32976  -72.67498 0.0000e+00
      8.926     9.5453    34.0852  1026.3544     2.5494     6.5225    101.603   -0.00027    6.41507    6.41906      8.541     0.6320   11.57486   3.677901 3.4626e+00    26.3137    26.3135 1.2330e+01      9.000          1       1035    1487.23 3.6046e+02  53229.471     43.075 1616538811       0.38      0.330   39.32974  -72.67501 0.0000e+00
      9.927     9.5461    34.0852  1026.3588     2.5497     6.5191    101.702    0.00062    6.41506    6.41905      8.541     0.6669   11.57484   3.678023 3.1081e+00    26.3136    26.3134 1.0700e+01     10.000          1       1070    1487.24 3.4402e+02  53229.945     44.539 1616538812       0.14      0.915   39.32974  -72.67502 0.0000e+00
     10.923     9.5464    34.0849  1026.3631     2.5491     6.5167    101.619   -0.00009    6.41496    6.41895      8.541     0.5665   11.57465   3.678075 2.9940e+00    26.3133    26.3131 9.6001e+00     11.000          1       1134    1487.26 3.2761e+02  53230.141     47.201 1616538815      -0.05      0.698   39.32975  -72.67503 0.0000e+00
     11.910     9.5478    34.0872  1026.3692     2.5492     6.5230    101.644   -0.00018    6.41467    6.41866      8.542     0.6170   11.57415   3.678483 2.5165e+00    26.3149    26.3147 9.1775e+00     12.000          1       1237    1487.28 3.6639e+02  53233.724     51.483 1616538819       0.08      0.549   39.32974  -72.67506 0.0000e+00
     12.894     9.5482    34.0880  1026.3742     2.5499     6.5292    101.733    0.00047    6.41457    6.41856      8.542     0.6075   11.57397   3.678618 2.8283e+00    26.3155    26.3152 8.8221e+00     13.000          1       1284    1487.30 3.1134e+02  53235.361     53.462 1616538821      -0.01      0.516   39.32974  -72.67507 0.0000e+00
     13.906     9.5482    34.0906  1026.3809     2.5518     6.5325    101.863    0.00084    6.41459    6.41858      8.543     0.5946   11.57400   3.678913 2.3201e+00    26.3176    26.3173 7.4967e+00     14.000          1       1348    1487.32 3.2806e+02  53239.695     56.129 1616538824       0.35      0.688   39.32974  -72.67509 0.0000e+00
     14.890     9.5486    34.0938  1026.3878     2.5531     6.5287    101.891    0.00016    6.41483    6.41882 -9.990e-29     0.4808   11.57445   3.679335 1.7646e+00    26.3200    26.3197 6.4251e+00     15.000          1       1436    1487.34 3.6478e+02  53244.758     59.807 1616538827       0.20      0.950   39.32974  -72.67510 0.0000e+00
     15.888     9.5486    34.0928  1026.3916     2.5528     6.5372    101.896    0.00025    6.41448    6.41847 -9.990e-29     0.6210   11.57378   3.679248 1.8936e+00    26.3192    26.3189 6.2884e+00     16.000          1       1504    1487.36 3.3609e+02  53244.027     62.605 1616538830       0.10      0.630   39.32974  -72.67511 0.0000e+00
     16.868     9.5488    34.0959  1026.3985     2.5561     6.5525    102.153    0.00108    6.41237    6.41634 -9.990e-29     0.5995   11.57011   3.679628 1.5518e+00    26.3217    26.3214 5.6465e+00     17.000          1       1619    1487.38 3.6389e+02  53249.040     67.405 1616538835      -0.05      0.263   39.32972  -72.67514 0.0000e+00
     17.857     9.5505    34.1003  1026.4062     2.5600     6.5980    102.405    0.00166    6.40965    6.41360 -9.990e-29     0.6034   11.56546   3.680373 1.9269e+00    26.3248    26.3245 5.1629e+00     18.000          1       1673    1487.41 2.6738e+02  53255.482     69.646 1616538837       0.21      0.474   39.32972  -72.67514 0.0000e+00
     18.860     9.5678    34.1166  1026.4206     2.5686     6.6168    103.053    0.00425    6.40980    6.41375 -9.990e-29     0.6808   11.56571   3.683597 1.4370e+00    26.3347    26.3343 4.3675e+00     19.000          1       1717    1487.50 3.0793e+02  53275.272     71.514 1616538839       0.02      0.612   39.32972  -72.67516 0.0000e+00
     19.847     9.5709    34.1193  1026.4267     2.5770     6.6140    103.149    0.00033    6.40686    6.41078      8.558     0.8213   11.56067   3.684137 1.0994e+00    26.3363    26.3360 3.9533e+00     20.000          1       1833    1487.54 3.5935e+02  53279.140     76.346 1616538844       0.55      0.374   39.32972  -72.67518 0.0000e+00
     20.840     9.5839    34.1312  1026.4384     2.5825     6.6487    103.607    0.00248    6.40239    6.40627      8.561     0.7492   11.55301   3.686587 1.1185e+00    26.3435    26.3431 3.3763e+00     21.000          1       1884    1487.61 3.0275e+02  53293.775     78.440 1616538846      -0.11      0.457   39.32972  -72.67518 0.0000e+00
     21.833     9.6161    34.1621  1026.4618     2.5922     6.6452    104.116    0.00271    6.39883    6.40269      8.564     0.6755   11.54676   3.692810 9.0478e-01    26.3623    26.3619 2.9808e+00     22.000          1       1964    1487.79 3.3120e+02  53331.094     81.786 1616538849       0.22      0.282   39.32972  -72.67520 0.0000e+00
     22.825     9.6332    34.1950  1026.4892     2.5842     6.5394    103.022   -0.00558    6.39769    6.40156      8.562     0.6463   11.54451   3.697562 7.7528e-01    26.3853    26.3849 2.6607e+00     23.000          1       2036    1487.91 3.4318e+02  53374.499     84.780 1616538852       0.36      0.481   39.32972  -72.67522 0.0000e+00
     23.818     9.6341    34.2154  1026.5096     2.5594     6.4439    101.347   -0.01081    6.39774    6.40161      8.541     0.5891   11.54460   3.699521 7.2818e-01    26.4011    26.4007 2.2801e+00     24.000          1       2095    1487.95 3.1392e+02  53403.492     87.245 1616538855      -0.05      0.477   39.32972  -72.67522 0.0000e+00
     24.803     9.6138    34.2317  1026.5302     2.5123     6.2588     98.364   -0.01883    6.40082    6.40475      8.540     0.4019   11.54956   3.699035 5.5466e-01    26.4172    26.4168 1.9245e+00     25.000          1       2208    1487.91 3.4670e+02  53431.194     91.950 1616538860       0.56      0.425   39.32972  -72.67524 0.0000e+00
     25.809     9.6039    34.2312  1026.5360     2.4972     6.2677     97.914   -0.01549    6.40065    6.40458      8.540     0.3472   11.54929   3.698189 5.2363e-01    26.4185    26.4180 1.7253e+00     26.000          1       2235    1487.89 3.2959e+02  53433.102     93.084 1616538861       0.04      0.813   39.32971  -72.67525 0.0000e+00
     26.792     9.6059    34.2320  1026.5408     2.4803     6.2805     98.066   -0.00414    6.40049    6.40442      8.540     0.3887   11.54902   3.698532 5.1726e-01    26.4188    26.4183 1.5748e+00     27.000          1       2316    1487.92 3.0647e+02  53434.482     96.455 1616538864      -0.04      0.257   39.32970  -72.67527 0.0000e+00
     27.790     9.6086    34.2331  1026.5457     2.4755     6.2763     98.112   -0.00112    6.40044    6.40436      8.540     0.3761   11.54892   3.698960 4.0452e-01    26.4192    26.4187 1.3553e+00     28.000          1       2406    1487.95 3.3581e+02  53436.093    100.188 1616538868       0.11      0.556   39.32970  -72.67528 0.0000e+00
     28.776     9.6083    34.2332  1026.5504     2.4721     6.2662     97.959   -0.00118    6.40133    6.40526      8.540     0.3719   11.55039   3.698961 3.9510e-01    26.4194    26.4189 1.2106e+00     29.000          1       2470    1487.96 3.0645e+02  53437.012    102.855 1616538870      -0.07      0.382   39.32970  -72.67528 0.0000e+00
     29.775     9.6023    34.2329  1026.5557     2.4695     6.2613     97.816   -0.00125    6.40117    6.40511      8.540     0.3753   11.55014   3.698386 3.4619e-01    26.4201    26.4196 1.0665e+00     30.000          1       2521    1487.95 3.0816e+02  53438.424    104.979 1616538873       0.15      0.482   39.32970  -72.67530 0.0000e+00
     30.766     9.5928    34.2318  1026.5610     2.4652     6.2451     97.616   -0.00153    6.40265    6.40660      8.540     0.3699   11.55257   3.697357 2.8172e-01    26.4209    26.4203 9.4591e-01     31.000          1       2634    1487.93 3.3575e+02  53439.472    109.700 1616538877       0.97      0.758   39.32968  -72.67532 0.0000e+00
     31.768     9.5899    34.2328  1026.5668     2.4637     6.2388     97.533   -0.00162    6.40265    6.40661      8.540     0.3725   11.55258   3.697339 2.5607e-01    26.4221    26.4215 8.2013e-01     32.000          1       2657    1487.94 3.2030e+02  53442.117    110.673 1616538878       0.01      1.128   39.32968  -72.67533 0.0000e+00
     32.741     9.5917    34.2336  1026.5715     2.4601     6.2364     97.427   -0.00114    6.40403    6.40800      8.540     0.3314   11.55486   3.697643 2.3773e-01    26.4225    26.4219 7.1139e-01     33.000          1       2779    1487.97 3.0415e+02  53443.486    115.757 1616538883       0.21      0.392   39.32968  -72.67536 0.0000e+00
     33.744     9.5896    34.2336  1026.5765     2.4590     6.2343     97.333   -0.00163    6.40446    6.40844      8.540     0.2559   11.55557   3.697422 1.9169e-01    26.4229    26.4222 6.2611e-01     34.000          1       2833    1487.97 3.2679e+02  53444.630    118.016 1616538886       0.50      0.928   39.32968  -72.67536 0.0000e+00
     34.744     9.5794    34.2327  1026.5820     2.4583     6.2386     97.375   -0.00075    6.40431    6.40829      8.540     0.2998   11.55533   3.696434 1.8293e-01    26.4238    26.4232 5.4494e-01     35.000          1       2877    1487.95 2.9904e+02  53446.066    119.828 1616538887      -0.04      0.930   39.32968  -72.67536 0.0000e+00
     35.732     9.5747    34.2323  1026.5870     2.4584     6.2469     97.490    0.00022    6.40486    6.40885 -9.990e-29     0.3242   11.55624   3.696053 1.5192e-01    26.4244    26.4237 4.7193e-01     36.000          1       2998    1487.95 3.1165e+02  53447.187    124.856 1616538893       0.18      0.593   39.32966  -72.67538 0.0000e+00
     36.711     9.5761    34.2326  1026.5915     2.4600     6.2445     97.616    0.00051    6.40477    6.40875 -9.990e-29     0.3730   11.55607   3.696285 1.4519e-01    26.4244    26.4237 4.1389e-01     37.000          1       3091    1487.97 2.8519e+02  53447.989    128.747 1616538896       0.24      0.344   39.32966  -72.67540 0.0000e+00
     37.715     9.5759    34.2331  1026.5966     2.4583     6.2304     97.408   -0.00085    6.40455    6.40853      8.540     0.3693   11.55571   3.696354 1.2010e-01    26.4249    26.4242 3.5782e-01     38.000          1       3123    1487.99 2.9817e+02  53449.429    130.092 1616538898       0.19      0.652   39.32966  -72.67540 0.0000e+00
     38.713     9.5742    34.2331  1026.6014     2.4534     6.2175     97.121   -0.00153    6.40521    6.40920      8.540     0.3007   11.55680   3.696224 9.6820e-02    26.4251    26.4244 3.0185e-01     39.000          1       3223    1488.00 3.1195e+02  53450.404    134.252 1616538902       0.55      0.552   39.32964  -72.67542 0.0000e+00
     39.682     9.5705    34.2328  1026.6062     2.4491     6.2026     96.977   -0.00105    6.40549    6.40949 -9.990e-29     0.2111   11.55727   3.695875 8.3834e-02    26.4255    26.4247 2.5454e-01     40.000          1       3319    1488.00 3.0357e+02  53451.287    138.264 1616538906       0.97      0.453   39.32964  -72.67544 0.0000e+00
     40.700     9.5701    34.2329  1026.6110     2.4480     6.2040     96.866   -0.00163    6.40541    6.40940 -9.990e-29     0.2177   11.55714   3.695933 7.4381e-02    26.4257    26.4249 2.1505e-01     41.000          1       3335    1488.02 2.8883e+02  53452.263    138.923 1616538907       0.58      1.093   39.32964  -72.67544 0.0000e+00
     41.684     9.5821    34.2354  1026.6155     2.4475     6.2109     97.004   -0.00002    6.40192    6.40587 -9.990e-29     0.2728   11.55130   3.697408 5.9637e-02    26.4257    26.4249 1.7363e-01     42.000          1       3447    1488.08 2.9288e+02  53453.945    143.593 1616538911      -0.07      0.630   39.32964  -72.67547 0.0000e+00
     42.654     9.5968    34.2390  1026.6202     2.4475     6.1970     97.027    0.00009    6.39963    6.40355 -9.990e-29     0.2641   11.54748   3.699199 5.5707e-02    26.4261    26.4253 1.4075e-01     43.000          1       3538    1488.15 2.5244e+02  53456.474    147.387 1616538915       0.33      0.275   39.32964  -72.67548 0.0000e+00
     43.674     9.6052    34.2412  1026.6252     2.4457     6.1914     96.814   -0.00123    6.40034    6.40427 -9.990e-29     0.2919   11.54866   3.700258 4.5671e-02    26.4264    26.4256 1.1664e-01     44.000          1       3560    1488.20 2.5558e+02  53458.542    148.273 1616538916       0.28      0.803   39.32964  -72.67548 0.0000e+00
     44.665     9.6216    34.2453  1026.6302     2.4418     6.1771     96.654   -0.00107    6.39667    6.40055 -9.990e-29     0.3049   11.54251   3.702221 3.0170e-02    26.4269    26.4261 8.8451e-02     45.000          1       3676    1488.29 2.9476e+02  53461.540    153.108 1616538921       0.37      0.666   39.32962  -72.67550 0.0000e+00
     45.638     9.6364    34.2492  1026.6353     2.4396     6.1732     96.608   -0.00052    6.39300    6.39684 -9.990e-29     0.3313   11.53640   3.704088 2.4321e-02    26.4276    26.4267 6.7281e-02     46.000          1       3765    1488.36 2.7683e+02  53464.611    156.825 1616538924       0.83      0.384   39.32961  -72.67552 0.0000e+00
     46.649     9.6451    34.2511  1026.6400     2.4392     6.1790     96.560   -0.00082    6.39364    6.39749 -9.990e-29     0.3170   11.53747   3.705098 1.7529e-02    26.4276    26.4268 4.8492e-02     47.000          1       3786    1488.41 2.7644e+02  53466.142    157.698 1616538925       0.33      0.973   39.32960  -72.67552 0.0000e+00
