CalculateIndicators/WaterTemperature/Data/CTD_NYOS/20210324_C22.cnv
* Sea-Bird SBE 9 Data File:
* FileName = C:\Seabird 9 CTD\Data\2021\202103_offshore\20210324_C22.hex
* Software Version Seasave V 7.23.2
* Temperature SN = 4590
* Conductivity SN = 3228
* Number of Bytes Per Scan = 44
* Number of Voltage Words = 5
* Number of Scans Averaged by the Deck Unit = 1
* NMEA Latitude = 39 01.23 N
* NMEA Longitude = 072 33.71 W
* NMEA UTC (Time) = Mar 24 2021  02:30:29
* NMEA baud rate = 4800
** Ship: RV Seawolf
** Station: 5.6
** Operator: TCM
# nquan = 31
# nvalues = 606                         
# units = specified
# name 0 = depSM: Depth [salt water, m]
# name 1 = t090C: Temperature [ITS-90, deg C]
# name 2 = sal00: Salinity, Practical [PSU]
# name 3 = density00: Density [density, kg/m^3]
# name 4 = sbeox0V: Oxygen raw, SBE 43 [V]
# name 5 = sbeox0ML/L: Oxygen, SBE 43 [ml/l]
# name 6 = sbeox0PS: Oxygen, SBE 43 [% saturation]
# name 7 = sbox0dV/dT: Oxygen, SBE 43 [dov/dt]
# name 8 = oxsolML/L: Oxygen Saturation, Garcia & Gordon [ml/l]
# name 9 = oxsatML/L: Oxygen Saturation, Weiss [ml/l]
# name 10 = ph: pH
# name 11 = flECO-AFL: Fluorescence, WET Labs ECO-AFL/FL [mg/m^3]
# name 12 = n2satML/L: Nitrogen Saturation [ml/l]
# name 13 = c0S/m: Conductivity [S/m]
# name 14 = cpar: CPAR/Corrected Irradiance [%]
# name 15 = sigma-é00: Density [sigma-theta, kg/m^3]
# name 16 = sigma-t00: Density [sigma-t, kg/m^3 ]
# name 17 = par: PAR/Irradiance, Biospherical/Licor
# name 18 = prDM: Pressure, Digiquartz [db]
# name 19 = pumps: Pump Status
# name 20 = scan: Scan Count
# name 21 = svCM: Sound Velocity [Chen-Millero, m/s]
# name 22 = spar: SPAR, Biospherical/Licor
# name 23 = specc: Specific Conductance [uS/cm]
# name 24 = timeS: Time, Elapsed [seconds]
# name 25 = timeY: Time, System [seconds]
# name 26 = accM: Acceleration [m/s^2]
# name 27 = dz/dtM: Descent Rate [m/s]
# name 28 = latitude: Latitude [deg]
# name 29 = longitude: Longitude [deg]
# name 30 = flag: flag
# span 0 =      1.949,    302.491       
# span 1 =    10.7355,    14.3172       
# span 2 =    35.3822,    35.8858       
# span 3 =  1026.7915,  1028.4873       
# span 4 =     1.4053,     2.3445       
# span 5 =     2.8907,     5.2131       
# span 6 =     46.905,     90.717       
# span 7 =   -0.08561,    0.12026       
# span 8 =    5.73918,    6.20084       
# span 9 =    5.73558,    6.20297       
# span 10 =      8.338,      8.545      
# span 11 =    -0.0790,     0.4563      
# span 12 =   10.43641,   11.20564      
# span 13 =   3.929968,   4.328666      
# span 14 = -1.017e+04, 9.9999e+04      
# span 15 =    26.7798,    27.1279      
# span 16 =    26.7792,    27.1212      
# span 17 = 1.0000e-12, 1.0000e-12      
# span 18 =      2.000,    305.000      
# span 19 =          1,          1      
# span 20 =         -2,      66744      
# span 21 =    1497.90,    1509.35      
# span 22 = 0.0000e+00, 2.1756e+00      
# span 23 =  54816.008,  55060.825      
# span 24 =     -0.116,   2780.961      
# span 25 = 1616553030, 1616555811      
# span 26 =      -1.30,       1.16      
# span 27 =     -2.337,      1.764      
# span 28 =   39.01756,   39.02052      
# span 29 =  -72.57728,  -72.56178      
# span 30 = 0.0000e+00, 0.0000e+00      
# interval = decibars: 1                
# start_time = Mar 24 2021 02:30:30 [System UTC, first data scan.]
# bad_flag = -9.990e-29
*END*
[from data line 281]
    281.659    11.1708    35.4377  1028.3595     1.4121     2.8954     47.098   -0.00023    6.14261    6.14396      8.353    -0.0550   11.10877   3.976499 5.0640e-11    27.0918    27.0852 1.0000e-12    284.000          1      27815    1499.18 1.9747e+00  54972.747   1158.899 1616554189      -0.09      0.519   39.01934  -72.56830 0.0000e+00
    282.634    11.1290    35.4291  1028.3651     1.4110     2.8982     47.032   -0.00059    6.15492    6.15643      8.351    -0.0616   11.12926   3.971397 5.0640e-11    27.0928    27.0862 1.0000e-12    285.000          1      27992    1499.04 1.9747e+00  54969.127   1166.295 1616554196       0.45      0.493   39.01934  -72.56834 0.0000e+00
    283.649    11.0760    35.4258  1028.3771     1.4113     2.9027     47.090   -0.00005    6.15402    6.15552      8.351    -0.0575   11.12776   3.966341 5.0640e-11    27.0999    27.0934 1.0000e-12    286.000          1      28006    1498.87 1.9747e+00  54975.108   1166.888 1616554197       0.44      0.940   39.01934  -72.56834 0.0000e+00
    284.636    11.0679    35.4236  1028.3814     1.4120     2.9031     47.113    0.00009    6.15541    6.15693      8.351    -0.0519   11.13008   3.965679 5.0640e-11    27.0997    27.0932 1.0000e-12    287.000          1      28139    1498.86 1.9747e+00  54974.265   1172.423 1616554202       0.40      0.609   39.01933  -72.56836 0.0000e+00
    285.634    11.0607    35.4221  1028.3861     1.4116     2.9020     47.132    0.00019    6.15608    6.15760      8.351    -0.0449   11.13120   3.964937 5.0640e-11    27.0999    27.0933 1.0000e-12    288.000          1      28241    1498.84 1.9747e+00  54974.154   1176.687 1616554207       0.26      0.773   39.01932  -72.56840 0.0000e+00
    286.602    11.0567    35.4209  1028.3903     1.4125     2.9036     47.208    0.00034    6.15672    6.15826      8.350    -0.0443   11.13227   3.964570 5.0640e-11    27.0998    27.0931 1.0000e-12    289.000          1      28403    1498.84 1.9747e+00  54973.859   1183.425 1616554213       0.50      0.182   39.01932  -72.56842 0.0000e+00
    287.610    11.0491    35.4198  1028.3954     1.4116     2.9024     47.121   -0.00015    6.15876    6.16032      8.348    -0.0564   11.13566   3.963725 5.0640e-11    27.1003    27.0936 1.0000e-12    290.000          1      28492    1498.83 1.9747e+00  54974.344   1187.106 1616554217       0.15      0.555   39.01931  -72.56845 0.0000e+00
    288.594    11.0367    35.4184  1028.4011 -9.990e-29     2.9017     47.119   -0.00000    6.15971    6.16129 -9.990e-29    -0.0526   11.13725   3.962471 5.0640e-11    27.1015    27.0948 1.0000e-12    291.000          1      28566    1498.81 1.9747e+00  54975.356   1190.219 1616554220       0.10      0.475   39.01930  -72.56848 0.0000e+00
    289.584    11.0313    35.4174  1028.4058     1.4108     2.9021     47.109   -0.00012    6.16108    6.16268 -9.990e-29    -0.0707   11.13953   3.961921 5.0640e-11    27.1016    27.0950 1.0000e-12    292.000          1      28724    1498.80 1.9747e+00  54975.500   1196.810 1616554227      -0.02      0.351   39.01930  -72.56851 0.0000e+00
    290.576    11.0237    35.4165  1028.4110     1.4101     2.8990     47.057   -0.00028    6.16161    6.16321 -9.990e-29    -0.0601   11.14041   3.961128 5.0640e-11    27.1023    27.0957 1.0000e-12    293.000          1      28795    1498.79 1.9747e+00  54976.343   1199.767 1616554230       0.05      0.313   39.01930  -72.56852 0.0000e+00
    291.567    11.0165    35.4154  1028.4160     1.4094     2.9017     47.065    0.00005    6.16314    6.16476      8.346    -0.0649   11.14295   3.960395 5.0640e-11    27.1029    27.0962 1.0000e-12    294.000          1      28935    1498.78 1.9747e+00  54976.886   1205.592 1616554235       0.06      0.351   39.01928  -72.56855 0.0000e+00
    292.558    11.0110    35.4148  1028.4210     1.4097     2.9018     47.088    0.00014    6.16378    6.16541      8.345    -0.0790   11.14402   3.959828 5.0640e-11    27.1034    27.0967 1.0000e-12    295.000          1      29004    1498.78 1.9747e+00  54977.634   1208.471 1616554238       0.36      0.499   39.01928  -72.56858 0.0000e+00
    293.553    11.0010    35.4135  1028.4264     1.4094     2.9017     47.062    0.00002    6.16407    6.16570      8.345    -0.0630   11.14450   3.958695 5.0640e-11    27.1042    27.0975 1.0000e-12    296.000          1      29072    1498.76 1.9747e+00  54978.384   1211.308 1616554241       0.02      0.619   39.01928  -72.56859 0.0000e+00
    294.548    10.9811    35.4111  1028.4328     1.4085     2.8989     46.986   -0.00044    6.16783    6.16951      8.343    -0.0653   11.15075   3.956483 5.0640e-11    27.1060    27.0993 1.0000e-12    297.000          1      29202    1498.70 1.9747e+00  54979.421   1216.712 1616554247       0.84      0.777   39.01928  -72.56862 0.0000e+00
    295.544    10.9587    35.4082  1028.4392     1.4083     2.8983     46.934   -0.00045    6.17208    6.17382      8.343    -0.0560   11.15782   3.953998 5.0640e-11    27.1078    27.1011 1.0000e-12    298.000          1      29294    1498.64 1.9747e+00  54980.246   1220.540 1616554250       0.05      0.932   39.01927  -72.56864 0.0000e+00
    296.524    10.8968    35.4018  1028.4502     1.4053     2.9030     46.905   -0.00023    6.18148    6.18335      8.343    -0.0534   11.17345   3.947249 5.0640e-11    27.1141    27.1073 1.0000e-12    299.000          1      29435    1498.43 1.9747e+00  54983.716   1226.431 1616554256       0.06      0.470   39.01926  -72.56867 0.0000e+00
    297.518    10.8264    35.3940  1028.4618     1.4058     2.9061     46.932    0.00011    6.18732    6.18926      8.342    -0.0647   11.18316   3.939773 5.0640e-11    27.1207    27.1140 1.0000e-12    300.000          1      29527    1498.19 1.9747e+00  54987.067   1230.269 1616554260       0.04      0.586   39.01926  -72.56870 0.0000e+00
    298.511    10.7845    35.3875  1028.4691     1.4060     2.9133     46.933   -0.00014    6.19337    6.19540      8.342    -0.0507   11.19321   3.934884 5.0640e-11    27.1232    27.1165 1.0000e-12    301.000          1      29652    1498.05 1.9747e+00  54986.719   1235.468 1616554266       0.94      0.729   39.01924  -72.56874 0.0000e+00
    299.519    10.7509    35.3855  1028.4782     1.4062     2.9143     46.980    0.00022    6.19690    6.19897      8.340    -0.0604   11.19908   3.931793 5.0640e-11    27.1276    27.1209 1.0000e-12    302.000          1      29698    1497.95 1.9747e+00  54990.977   1237.390 1616554267       0.32      1.271   39.01924  -72.56874 0.0000e+00
    300.500    10.7355    35.3823  1028.4831     1.4061     2.9144     46.986    0.00019    6.20084    6.20297 -9.990e-29    -0.0605   11.20564   3.929968 5.0640e-11    27.1279    27.1212 1.0000e-12    303.000          1      29845    1497.90 1.9747e+00  54990.246   1243.492 1616554273       0.96      1.127   39.01924  -72.56878 0.0000e+00
    301.498    10.7364    35.3822  1028.4873     1.4065     2.9152     47.004    0.00028    6.19553    6.19759      8.339    -0.0612   11.19683   3.930248 5.0640e-11    27.1276    27.1210 1.0000e-12    304.000          1      30456    1497.92 1.9747e+00  54990.456   1268.951 1616554299       0.06      1.095   39.01921  -72.56892 0.0000e+00
    302.491    10.8142    35.3909  1028.4842     1.4075     2.9015     47.044    0.00037    6.18353    6.18542 -9.990e-29    -0.0470   11.17688   3.939268 5.0640e-11    27.1206    27.1138 1.0000e-12    305.000          1      32195    1498.23 1.9747e+00  54988.238   1341.401 1616554371      -0.62      0.206   39.01915  -72.56934 0.0000e+00
    301.501    10.7794    35.3865  1028.4827     1.4070     2.9076     47.011    0.00019    6.18685    6.18878 -9.990e-29    -0.0685   11.18240   3.935205 5.0640e-11    27.1234    27.1166 1.0000e-12    304.000          1      31376    1498.08 1.9747e+00  54988.207   1307.286 1616554337      -1.05     -0.040   39.01918  -72.56914 0.0000e+00
    300.484    10.7898    35.3877  1028.4771     1.4067     2.9097     46.985    0.00002    6.18775    6.18970 -9.990e-29    -0.0658   11.18389   3.936418 5.0640e-11    27.1224    27.1157 1.0000e-12    303.000          1      31390    1498.10 1.9747e+00  54987.104   1307.896 1616554338      -1.10     -0.777   39.01918  -72.56914 0.0000e+00
    299.471    10.8073    35.3889  1028.4703     1.4069     2.9090     46.991   -0.00007    6.19102    6.19301 -9.990e-29    -0.0578   11.18932   3.938184 5.0640e-11    27.1202    27.1135 1.0000e-12    302.000          1      31408    1498.15 1.9747e+00  54984.917   1308.644 1616554339      -0.36     -1.314   39.01918  -72.56914 0.0000e+00
    298.489    10.8404    35.3930  1028.4628     1.4083     2.9096     47.108    0.00060    6.18003    6.18188      8.338    -0.0719   11.17109   3.942138 5.0640e-11    27.1174    27.1107 1.0000e-12    301.000          1      31595    1498.25 1.9747e+00  54983.432   1316.415 1616554346       0.20     -1.186   39.01916  -72.56919 0.0000e+00
    297.513    10.9608    35.4067  1028.4465     1.4085     2.8975     47.076    0.00026    6.17736    6.17917      8.339    -0.0587   11.16661   3.955320 5.0640e-11    27.1063    27.0995 1.0000e-12    300.000          1      31746    1498.68 1.9747e+00  54979.061   1322.702 1616554353       0.38     -0.799   39.01916  -72.56922 0.0000e+00
    296.523    10.9717    35.4069  1028.4402     1.4089     2.9018     47.086    0.00041    6.16308    6.16470 -9.990e-29    -0.0674   11.14289   3.956130 5.0640e-11    27.1045    27.0977 1.0000e-12    299.000          1      31831    1498.70 1.9747e+00  54976.515   1326.243 1616554356      -0.25     -1.050   39.01916  -72.56924 0.0000e+00
    295.514    10.9909    35.4085  1028.4333     1.4091     2.9026     47.084    0.00019    6.16425    6.16588 -9.990e-29    -0.0560   11.14483   3.957923 5.0640e-11    27.1022    27.0955 1.0000e-12    298.000          1      31850    1498.75 1.9747e+00  54974.642   1327.021 1616554357      -0.18     -1.270   39.01916  -72.56926 0.0000e+00
    294.525    11.0059    35.4114  1028.4282     1.4093     2.8980     47.068    0.00006    6.16223    6.16384      8.339    -0.0533   11.14146   3.959430 5.0640e-11    27.1017    27.0949 1.0000e-12    297.000          1      31977    1498.79 1.9747e+00  54975.046   1332.316 1616554362       0.42     -1.157   39.01915  -72.56929 0.0000e+00
    293.548    11.0230    35.4132  1028.4220     1.4092     2.9002     47.045   -0.00004    6.16029    6.16187      8.339    -0.0543   11.13823   3.961149 5.0640e-11    27.1000    27.0933 1.0000e-12    296.000          1      32067    1498.84 1.9747e+00  54973.831   1336.074 1616554366       0.23     -0.695   39.01914  -72.56931 0.0000e+00
    292.548    11.0300    35.4154  1028.4179     1.4099     2.9009     47.105    0.00024    6.16021    6.16179      8.341    -0.0666   11.13809   3.961920 5.0640e-11    27.1004    27.0937 1.0000e-12    295.000          1      32138    1498.84 1.9747e+00  54974.856   1339.043 1616554369      -0.27     -0.669   39.01914  -72.56933 0.0000e+00
    291.558    11.0328    35.4160  1028.4133     1.4107     2.8999     47.123    0.00017    6.15786    6.15941      8.339    -0.0511   11.13420   3.962217 5.0640e-11    27.1003    27.0936 1.0000e-12    294.000          1      32232    1498.84 1.9747e+00  54974.536   1342.950 1616554373      -0.41     -1.323   39.01914  -72.56934 0.0000e+00
    290.559    11.0398    35.4167  1028.4081     1.4104     2.8992     47.092    0.00001    6.15760    6.15914      8.339    -0.0519   11.13375   3.962862 5.0640e-11    27.0996    27.0929 1.0000e-12    293.000          1      32271    1498.85 1.9747e+00  54973.679   1344.603 1616554374       0.17     -1.186   39.01913  -72.56936 0.0000e+00
    289.576    11.0525    35.4186  1028.4027     1.4102     2.8971     47.054   -0.00022    6.15563    6.15715      8.340    -0.0492   11.13048   3.964239 5.0640e-11    27.0987    27.0921 1.0000e-12    292.000          1      32399    1498.88 1.9747e+00  54973.182   1349.936 1616554380      -0.99     -0.737   39.01912  -72.56938 0.0000e+00
    288.577    11.0612    35.4197  1028.3974     1.4108     2.8978     47.114    0.00022    6.15450    6.15600      8.340    -0.0499   11.12859   3.965136 5.0640e-11    27.0980    27.0913 1.0000e-12    291.000          1      32477    1498.89 1.9747e+00  54972.475   1353.173 1616554383      -0.27     -0.820   39.01912  -72.56940 0.0000e+00
    287.598    11.0760    35.4214  1028.3915     1.4106     2.8945     47.071   -0.00004    6.15129    6.15275 -9.990e-29    -0.0548   11.12327   3.966705 5.0640e-11    27.0966    27.0899 1.0000e-12    290.000          1      32588    1498.93 1.9747e+00  54971.473   1357.803 1616554388      -0.01     -0.346   39.01912  -72.56943 0.0000e+00
    286.615    11.1119    35.4250  1028.3831     1.4110     2.8969     47.103    0.00025    6.14678    6.14818 -9.990e-29    -0.0664   11.11577   3.970556 5.0640e-11    27.0928    27.0862 1.0000e-12    289.000          1      32702    1499.04 1.9747e+00  54969.169   1362.550 1616554392      -0.24     -0.253   39.01912  -72.56946 0.0000e+00
    285.620    11.1190    35.4259  1028.3780     1.4115     2.8945     47.134    0.00030    6.14579    6.14718      8.342    -0.0586   11.11411   3.971268 5.0640e-11    27.0922    27.0856 1.0000e-12    288.000          1      32743    1499.05 1.9747e+00  54968.514   1364.238 1616554394      -0.02     -0.554   39.01912  -72.56948 0.0000e+00
    284.622    11.1351    35.4280  1028.3720     1.4119     2.8963     47.125    0.00001    6.14356    6.14492      8.342    -0.0578   11.11040   3.973027 5.0640e-11    27.0908    27.0842 1.0000e-12    287.000          1      32818    1499.09 1.9747e+00  54967.709   1367.383 1616554397      -0.29     -0.555   39.01912  -72.56949 0.0000e+00
    283.624    11.1610    35.4318  1028.3656     1.4130     2.8944     47.184    0.00025    6.13678    6.13805      8.341    -0.0571   11.09913   3.976144 5.0640e-11    27.0891    27.0825 1.0000e-12    286.000          1      32907    1499.17 1.9747e+00  54967.625   1371.084 1616554401      -0.68     -1.023   39.01912  -72.56952 0.0000e+00
    282.638    11.1992    35.4361  1028.3573     1.4134     2.8914     47.191    0.00012    6.13574    6.13700      8.341    -0.0470   11.09740   3.980025 5.0640e-11    27.0854    27.0788 1.0000e-12    285.000          1      32967    1499.30 1.9747e+00  54965.910   1373.572 1616554403      -0.16     -0.583   39.01910  -72.56953 0.0000e+00
    281.652    11.2596    35.4432  1028.3469     1.4152     2.8939     47.338    0.00104    6.11800    6.11902      8.345    -0.0540   11.06789   3.987189 5.0640e-11    27.0798    27.0731 1.0000e-12    284.000          1      33092    1499.50 1.9747e+00  54964.127   1378.794 1616554409      -0.35     -0.610   39.01910  -72.56955 0.0000e+00
    280.661    11.3541    35.4490  1028.3289     1.4169     2.8995     47.409    0.00095    6.11016    6.11108      8.345    -0.0669   11.05486   3.996904 5.0640e-11    27.0668    27.0601 1.0000e-12    283.000          1      33144    1499.82 1.9747e+00  54954.202   1380.952 1616554411      -0.31     -0.932   39.01910  -72.56956 0.0000e+00
    279.659    11.3953    35.4579  1028.3234     1.4182     2.8986     47.455    0.00079    6.10669    6.10757      8.345    -0.0644   11.04909   4.001341 5.0640e-11    27.0661    27.0594 1.0000e-12    282.000          1      33205    1499.95 1.9747e+00  54958.555   1383.480 1616554413       0.03     -1.013   39.01910  -72.56958 0.0000e+00
    278.680    11.4273    35.4635  1028.3172     1.4207     2.9134     47.603    0.00121    6.09757    6.09833      8.348    -0.0658   11.03392   4.004850 5.0640e-11    27.0645    27.0578 1.0000e-12    281.000          1      33321    1500.05 1.9747e+00  54959.899   1388.350 1616554418       0.08     -0.897   39.01910  -72.56960 0.0000e+00
