CalculateIndicators/WaterTemperature/Data/CTD_NYOS/20210522_C13.cnv
* Sea-Bird SBE 9 Data File:
* FileName = C:\Seabird 9 CTD\Data\2021\202105_offshore\20210522_C13.hex
* Software Version Seasave V 7.23.2
* Temperature SN = 4590
* Conductivity SN = 3228
* Number of Bytes Per Scan = 44
* Number of Voltage Words = 5
* Number of Scans Averaged by the Deck Unit = 1
* NMEA Latitude = 40 34.88 N
* NMEA Longitude = 073 07.45 W
* NMEA UTC (Time) = May 22 2021  22:44:52
* NMEA baud rate = 4800
** Ship: seawolf
** Station: 5.1
** Operator: TDK
# nquan = 31
# nvalues = 81                          
# units = specified
# name 0 = depSM: Depth [salt water, m]
# name 1 = t090C: Temperature [ITS-90, deg C]
# name 2 = sal00: Salinity, Practical [PSU]
# name 3 = density00: Density [density, kg/m^3]
# name 4 = sbeox0V: Oxygen raw, SBE 43 [V]
# name 5 = sbeox0ML/L: Oxygen, SBE 43 [ml/l]
# name 6 = sbeox0PS: Oxygen, SBE 43 [% saturation]
# name 7 = sbox0dV/dT: Oxygen, SBE 43 [dov/dt]
# name 8 = oxsolML/L: Oxygen Saturation, Garcia & Gordon [ml/l]
# name 9 = oxsatML/L: Oxygen Saturation, Weiss [ml/l]
# name 10 = ph: pH
# name 11 = flECO-AFL: Fluorescence, WET Labs ECO-AFL/FL [mg/m^3]
# name 12 = n2satML/L: Nitrogen Saturation [ml/l]
# name 13 = c0S/m: Conductivity [S/m]
# name 14 = cpar: CPAR/Corrected Irradiance [%]
# name 15 = sigma-é00: Density [sigma-theta, kg/m^3]
# name 16 = sigma-t00: Density [sigma-t, kg/m^3 ]
# name 17 = par: PAR/Irradiance, Biospherical/Licor
# name 18 = prDM: Pressure, Digiquartz [db]
# name 19 = pumps: Pump Status
# name 20 = scan: Scan Count
# name 21 = svCM: Sound Velocity [Chen-Millero, m/s]
# name 22 = spar: SPAR, Biospherical/Licor
# name 23 = specc: Specific Conductance [uS/cm]
# name 24 = timeS: Time, Elapsed [seconds]
# name 25 = timeY: Time, System [seconds]
# name 26 = accM: Acceleration [m/s^2]
# name 27 = dz/dtM: Descent Rate [m/s]
# name 28 = latitude: Latitude [deg]
# name 29 = longitude: Longitude [deg]
# name 30 = flag: flag
# span 0 =      1.466,     21.833       
# span 1 =     8.6997,    15.2370       
# span 2 =    31.2967,    33.0328       
# span 3 =  1023.1010,  1025.2312       
# span 4 =     2.1539,     2.9319       
# span 5 =     5.4465,     7.0696       
# span 6 =     82.466,    121.027       
# span 7 =   -0.04821,    0.08278       
# span 8 =    5.77790,    6.60784       
# span 9 =    5.77237,    6.61289       
# span 10 =      7.857,      8.116      
# span 11 =     0.6335,     1.6618      
# span 12 =   10.54359,   11.91380      
# span 13 =   3.439158,   3.962477      
# span 14 = 1.9455e-01, 3.6381e+01      
# span 15 =    23.0899,    25.1863      
# span 16 =    23.0898,    25.1861      
# span 17 = 5.0153e-01, 8.8800e+01      
# span 18 =      1.500,     22.000      
# span 19 =          1,          1      
# span 20 =        346,       6193      
# span 21 =    1482.24,    1503.70      
# span 22 = 2.4393e+02, 2.6231e+02      
# span 23 =  48515.793,  51432.273      
# span 24 =     14.372,    258.011      
# span 25 = 1621723506, 1621723750      
# span 26 =      -0.33,       0.31      
# span 27 =     -0.764,      0.615      
# span 28 =   40.58145,   40.58199      
# span 29 =  -73.12418,  -73.12324      
# span 30 = 0.0000e+00, 0.0000e+00      
# interval = decibars: 0.5              
# start_time = May 22 2021 22:44:52 [System UTC, first data scan.]
# bad_flag = -9.990e-29
*END*
[from data line 47]
     17.868     9.0221    32.3530  1025.1247     2.2045     5.5848     85.655    0.01015    6.52007    6.52379      7.885     1.1611   11.76983   3.464619 6.3503e-01    25.0429    25.0426 1.6177e+00     18.000          1       3024    1483.33 2.5474e+02  50901.638    125.952 1621723618      -0.13     -0.137   40.58170  -73.12375 0.0000e+00
     17.362     9.0915    32.3444  1025.1048     2.2262     5.6790     87.274    0.01679    6.50714    6.51068      7.911     1.1484   11.74864   3.470052 7.1015e-01    25.0253    25.0250 1.8032e+00     17.500          1       3045    1483.56 2.5395e+02  50874.590    126.831 1621723619      -0.25     -0.404   40.58170  -73.12374 0.0000e+00
     16.868     9.2118    32.3180  1025.0630     2.2695     5.8780     90.669    0.03207    6.48311    6.48629      7.941     1.1418   11.70927   3.478479 8.0587e-01    24.9858    24.9855 2.0371e+00     17.000          1       3072    1483.97 2.5278e+02  50812.461    127.948 1621723620       0.07     -0.498   40.58170  -73.12374 0.0000e+00
     16.381     9.3460    32.2909  1025.0183     2.3228     6.0981     94.401    0.04569    6.45981    6.46265      7.956     1.2298   11.67084   3.487778 8.7563e-01    24.9434    24.9431 2.2133e+00     16.500          1       3099    1484.42 2.5277e+02  50746.621    129.065 1621723621      -0.02     -0.398   40.58170  -73.12374 0.0000e+00
     15.877     9.4159    32.2797  1024.9961     2.3539     6.2036     96.076    0.04747    6.45693    6.45974      7.958     1.2740   11.66598   3.492798 9.6705e-01    24.9235    24.9233 2.4352e+00     16.000          1       3115    1484.66 2.5185e+02  50716.553    129.745 1621723622      -0.28     -0.523   40.58171  -73.12374 0.0000e+00
     15.372     9.5077    32.2613  1024.9648     2.3816     6.2778     97.254    0.04539    6.45501    6.45780      7.958     1.3806   11.66280   3.499503 1.0926e+00    24.8946    24.8943 2.7376e+00     15.500          1       3131    1484.96 2.5057e+02  50672.574    130.411 1621723622      -0.19     -0.697   40.58172  -73.12374 0.0000e+00
     14.880     9.7140    32.2364  1024.9097     2.4147     6.2780     97.544    0.03030    6.43600    6.43852      7.952     1.6103   11.63157   3.515293 1.2863e+00    24.8418    24.8415 3.1964e+00     15.000          1       3164    1485.68 2.4849e+02  50596.691    131.799 1621723624       0.22     -0.481   40.58172  -73.12372 0.0000e+00
     14.393     9.8269    32.2388  1024.8910     2.4279     6.1122     95.684    0.00201    6.38798    6.38981      7.945     1.6061   11.55270   3.524922 1.4128e+00    24.8253    24.8250 3.5761e+00     14.500          1       3216    1486.08 2.5316e+02  50578.469    133.951 1621723626      -0.12     -0.177   40.58172  -73.12372 0.0000e+00
     13.893     9.9608    32.2127  1024.8463     2.4316     6.0876     95.775    0.00162    6.35614    6.35753      7.950     1.4530   11.50044   3.534982 1.5818e+00    24.7829    24.7827 3.9983e+00     14.000          1       3241    1486.53 -9.990e-29  50515.972    134.989 1621723627      -0.19     -0.389   40.58172  -73.12372 0.0000e+00
     13.398    10.1292    32.1989  1024.8053     2.4453     6.1458     97.028    0.00915    6.33405    6.33514      7.958     1.3703   11.46400   3.548923 1.7803e+00    24.7442    24.7439 4.5001e+00     13.500          1       3262    1487.11 -9.990e-29  50465.094    135.885 1621723628      -0.09     -0.513   40.58172  -73.12372 0.0000e+00
     12.904    10.2537    32.1868  1024.7727     2.4636     6.2303     98.575    0.01747    6.32036    6.32127      7.964     1.3713   11.44137   3.557678 1.9895e+00    24.7140    24.7137 5.0288e+00     13.000          1       3281    1487.54 -9.990e-29  50425.453    136.658 1621723629      -0.09     -0.579   40.58172  -73.12372 0.0000e+00
     12.405    10.3670    32.1349  1024.7109     2.4801     6.3015     99.819    0.02303    6.31295    6.31377      7.970     1.1806   11.42914   3.564329 2.2596e+00    24.6544    24.6542 5.6989e+00     12.500          1       3296    1487.87 2.5079e+02  50331.781    137.291 1621723629      -0.17     -0.661   40.58172  -73.12372 0.0000e+00
     11.901    10.5263    32.1278  1024.6760     2.4957     6.3569    100.778    0.02559    6.30786    6.30861      7.973     1.1093   11.42073   3.577377 2.5730e+00    24.6219    24.6217 6.4298e+00     12.000          1       3311    1488.43 2.4990e+02  50294.131    137.898 1621723630      -0.14     -0.764   40.58173  -73.12372 0.0000e+00
     11.404    10.6825    32.1160  1024.6378     2.5183     6.4225    101.928    0.02631    6.30105    6.30171      7.978     1.0089   11.40954   3.589846 2.9555e+00    24.5859    24.5857 7.3315e+00     11.500          1       3330    1488.96 2.4810e+02  50249.564    138.715 1621723631       0.14     -0.756   40.58174  -73.12371 0.0000e+00
     10.913    10.8532    32.1073  1024.5991     2.5562     6.5215    103.728    0.02602    6.28717    6.28763      7.985     0.8884   11.38682   3.603479 3.2855e+00    24.5495    24.5493 8.1494e+00     11.000          1       3366    1489.55 2.4803e+02  50208.231    140.208 1621723632       0.19     -0.415   40.58174  -73.12370 0.0000e+00
     10.418    11.0708    32.0778  1024.5358     2.6188     6.6619    106.146    0.01819    6.27611    6.27644      8.011     0.8339   11.36846   3.619139 3.4138e+00    24.4885    24.4883 8.5755e+00     10.500          1       3445    1490.27 2.5120e+02  50130.550    143.520 1621723635       0.03     -0.134   40.58174  -73.12368 0.0000e+00
      9.912    11.2825    32.0634  1024.4849     2.6910     6.8365    109.386    0.01533    6.25045    6.25046      8.039     0.7787   11.32596   3.636006 3.6920e+00    24.4399    24.4397 9.2265e+00     10.000          1       4091    1490.99 2.4972e+02  50075.889    170.434 1621723662      -0.20     -0.358   40.58180  -73.12359 0.0000e+00
      9.424    11.6803    32.0126  1024.3712     2.7474     6.9843    113.693    0.03872    6.14327    6.14189      8.065     0.7224   11.14922   3.668704 3.9839e+00    24.3286    24.3284 9.9137e+00      9.500          1       4576    1492.31 2.4885e+02  49943.232    190.606 1621723682      -0.20     -0.515   40.58184  -73.12352 0.0000e+00
      8.930    12.1101    31.9839  1024.2676     2.7854     7.0622    115.360    0.03708    6.12186    6.12021      8.074     0.7165   11.11403   3.702968 4.2849e+00    24.2272    24.2270 1.0662e+01      9.000          1       4617    1493.75 2.4882e+02  49837.676    192.350 1621723684       0.12     -0.504   40.58186  -73.12350 0.0000e+00
      8.437    12.1919    31.9981  1024.2612     2.8106     7.0696    115.685    0.02546    6.11112    6.10934      8.078     0.7526   11.09630   3.710141 4.7143e+00    24.2230    24.2228 1.1726e+01      8.500          1       4645    1494.04 2.4882e+02  49847.267    193.510 1621723685      -0.02     -0.409   40.58186  -73.12350 0.0000e+00
      7.936    12.2344    31.9878  1024.2429     2.8242     7.0636    115.743    0.01778    6.10279    6.10089      8.079     0.7240   11.08276   3.713563 5.3752e+00    24.2071    24.2069 1.3374e+01      8.000          1       4668    1494.16 2.4882e+02  49825.409    194.447 1621723686      -0.09     -0.488   40.58186  -73.12350 0.0000e+00
      7.442    12.3875    31.9671  1024.1957     2.8394     7.0513    116.092    0.01342    6.07384    6.07157      8.083     0.6335   11.03518   3.724861 6.0565e+00    24.1622    24.1620 1.5070e+01      7.500          1       4696    1494.65 2.4882e+02  49774.927    195.635 1621723688       0.10     -0.471   40.58186  -73.12350 0.0000e+00
      6.951    12.4622    31.9585  1024.1727     2.8553     7.0496    116.735    0.01263    6.03900    6.03631      8.084     0.6571   10.97773   3.730226 6.5984e+00    24.1414    24.1412 1.6418e+01      7.000          1       4724    1494.89 2.4882e+02  49752.294    196.804 1621723689      -0.05     -0.384   40.58186  -73.12350 0.0000e+00
      6.446    12.5474    31.9320  1024.1337     2.8723     7.0248    117.682    0.01641    5.96943    5.96589      8.084     0.7084   10.86329   3.735591 7.4958e+00    24.1046    24.1044 1.8644e+01      6.500          1       4745    1495.14 2.4873e+02  49703.338    197.658 1621723690      -0.15     -0.508   40.58186  -73.12349 0.0000e+00
      5.953    12.8039    31.8981  1024.0559     2.9006     6.9521    119.149    0.02185    5.83494    5.82994      8.080     0.6888   10.63985   3.755740 8.8509e+00    24.0291    24.0289 2.1924e+01      6.000          1       4773    1495.96 2.4773e+02  49621.171    198.829 1621723691       0.13     -0.497   40.58186  -73.12348 0.0000e+00
      5.463    13.1438    31.8551  1023.9543     2.9319     7.0352    121.027    0.02791    5.81287    5.80766      8.072     0.6723   10.60273   3.783013 9.9981e+00    23.9297    23.9296 2.4628e+01      5.500          1       4803    1497.04 2.4637e+02  49517.152    200.090 1621723692      -0.03     -0.354   40.58186  -73.12348 0.0000e+00
      4.960    14.0061    31.7525  1023.6991     2.9101     6.9232    118.539    0.00581    5.84039    5.83547      8.066     0.6676   10.64821   3.858350 1.1326e+01    23.6769    23.6767 2.7735e+01      5.000          1       4823    1499.76 2.4487e+02  49269.530    200.935 1621723693      -0.19     -0.490   40.58186  -73.12348 0.0000e+00
      4.462    14.7768    31.8066  1023.5787     2.8604     6.5931    113.281   -0.03605    5.81987    5.81471      8.052     0.6656   10.61473   3.927823 1.2964e+01    23.5588    23.5586 3.1793e+01      4.500          1       4847    1502.32 2.4519e+02  49262.905    201.912 1621723694       0.04     -0.557   40.58186  -73.12347 0.0000e+00
      3.973    14.8535    31.8664  1023.6064     2.8013     6.3452    109.569   -0.04821    5.79108    5.78563      8.036     0.6642   10.56666   3.936640 1.4361e+01    23.5887    23.5885 3.5757e+01      4.000          1       4880    1502.62 2.4901e+02  49340.398    203.276 1621723695       0.13     -0.390   40.58186  -73.12346 0.0000e+00
      3.477    14.6838    31.8189  1023.6036     2.7844     6.3700    110.098   -0.02766    5.78579    5.78029      8.033     0.6806   10.55785   3.917029 1.6811e+01    23.5880    23.5879 4.1810e+01      3.500          1       4904    1502.02 2.4882e+02  49280.167    204.291 1621723696      -0.17     -0.394   40.58188  -73.12346 0.0000e+00
      2.973    14.9393    31.7973  1023.5305     2.7746     6.3896    110.455   -0.01502    5.78487    5.77936      8.032     0.6800   10.55621   3.939798 1.9751e+01    23.5172    23.5171 4.8791e+01      3.000          1       4922    1502.80 -9.990e-29  49233.797    205.043 1621723697      -0.20     -0.561   40.58188  -73.12346 0.0000e+00
      2.478    15.0847    31.8236  1023.5174     2.7510     6.3128    109.116   -0.01790    5.78543    5.77993      8.032     0.6613   10.55706   3.954208 2.5434e+01    23.5063    23.5063 6.2783e+01      2.500          1       4945    1503.29 -9.990e-29  49252.566    206.002 1621723698       0.09     -0.599   40.58188  -73.12346 0.0000e+00
      1.978    15.1513    31.8704  1023.5368     2.7035     6.1915    107.040   -0.01435    5.78431    5.77882      8.039     0.6720   10.55479   3.962477 3.0591e+01    23.5280    23.5279 7.5496e+01      2.000          1       5151    1503.55 2.4682e+02  49311.472    214.603 1621723707       0.02     -0.280   40.58190  -73.12342 0.0000e+00
      1.466    15.0540    31.9395  1023.6086     2.7986     6.5554    113.454    0.01291    5.77790    5.77237      8.050     0.6735   10.54359   3.957985 3.6381e+01    23.6020    23.6020 8.8800e+01      1.500          1       6193    1503.31 2.4393e+02  49415.843    258.011 1621723750      -0.33     -0.529   40.58199  -73.12324 0.0000e+00
