CalculateIndicators/WaterTemperature/Data/CTD_NYOS/20210526_C39.cnv
* Sea-Bird SBE 9 Data File:
* FileName = C:\Seabird 9 CTD\Data\2021\202105_offshore\20210526_C39.hex
* Software Version Seasave V 7.23.2
* Temperature SN = 4590
* Conductivity SN = 3228
* Number of Bytes Per Scan = 44
* Number of Voltage Words = 5
* Number of Scans Averaged by the Deck Unit = 1
* NMEA Latitude = 39 47.84 N
* NMEA Longitude = 071 27.66 W
* NMEA UTC (Time) = May 26 2021  09:11:10
* NMEA baud rate = 4800
** Ship: seawolf
** Station: 1.5
** Operator: sjw
# nquan = 31
# nvalues = 1205                        
# units = specified
# name 0 = depSM: Depth [salt water, m]
# name 1 = t090C: Temperature [ITS-90, deg C]
# name 2 = sal00: Salinity, Practical [PSU]
# name 3 = density00: Density [density, kg/m^3]
# name 4 = sbeox0V: Oxygen raw, SBE 43 [V]
# name 5 = sbeox0ML/L: Oxygen, SBE 43 [ml/l]
# name 6 = sbeox0PS: Oxygen, SBE 43 [% saturation]
# name 7 = sbox0dV/dT: Oxygen, SBE 43 [dov/dt]
# name 8 = oxsolML/L: Oxygen Saturation, Garcia & Gordon [ml/l]
# name 9 = oxsatML/L: Oxygen Saturation, Weiss [ml/l]
# name 10 = ph: pH
# name 11 = flECO-AFL: Fluorescence, WET Labs ECO-AFL/FL [mg/m^3]
# name 12 = n2satML/L: Nitrogen Saturation [ml/l]
# name 13 = c0S/m: Conductivity [S/m]
# name 14 = cpar: CPAR/Corrected Irradiance [%]
# name 15 = sigma-é00: Density [sigma-theta, kg/m^3]
# name 16 = sigma-t00: Density [sigma-t, kg/m^3 ]
# name 17 = par: PAR/Irradiance, Biospherical/Licor
# name 18 = prDM: Pressure, Digiquartz [db]
# name 19 = pumps: Pump Status
# name 20 = scan: Scan Count
# name 21 = svCM: Sound Velocity [Chen-Millero, m/s]
# name 22 = spar: SPAR, Biospherical/Licor
# name 23 = specc: Specific Conductance [uS/cm]
# name 24 = timeS: Time, Elapsed [seconds]
# name 25 = timeY: Time, System [seconds]
# name 26 = accM: Acceleration [m/s^2]
# name 27 = dz/dtM: Descent Rate [m/s]
# name 28 = latitude: Latitude [deg]
# name 29 = longitude: Longitude [deg]
# name 30 = flag: flag
# span 0 =      2.973,    301.458       
# span 1 =     9.0306,    15.4394       
# span 2 =    33.9138,    35.9436       
# span 3 =  1025.2986,  1028.6505       
# span 4 =     1.3782,     2.6978       
# span 5 =     2.8772,     6.3180       
# span 6 =     45.347,    108.195       
# span 7 =   -0.04347,    0.05561       
# span 8 =    5.62928,    6.44157       
# span 9 =    5.62442,    6.44708       
# span 10 =      7.854,      8.193      
# span 11 =    -0.0804,     0.9670      
# span 12 =   10.25378,   11.60541      
# span 13 =   3.750845,   4.424809      
# span 14 = -8.754e+03, 1.0386e+05      
# span 15 =    25.2719,    27.2793      
# span 16 =    25.2716,    27.2739      
# span 17 = -1.732e-07, 6.8523e+00      
# span 18 =      3.000,    304.000      
# span 19 =          1,          1      
# span 20 =        252,      47550      
# span 21 =    1491.54,    1509.67      
# span 22 = -2.883e-01, 2.5867e+01      
# span 23 =  52245.594,  55106.808      
# span 24 =     10.438,   1981.194      
# span 25 = 1622020276, 1622022247      
# span 26 =      -0.53,       0.51      
# span 27 =     -0.805,      0.723      
# span 28 =   39.79736,   39.79914      
# span 29 =  -71.46401,  -71.46108      
# span 30 = 0.0000e+00, 0.0000e+00      
# interval = decibars: 0.5              
# start_time = May 26 2021 09:11:06 [System UTC, first data scan.]
# bad_flag = -9.990e-29
*END*
[from data line 141]
     72.924    14.3528    35.7759  1027.0380     2.0422     4.4828     78.034    0.02038    5.74473    5.74112      8.074    -0.0140   10.44689   4.314404 2.6648e-11    26.7140    26.7117 1.0000e-12     73.500          1       4774    1506.74 3.9495e+00  54822.993    198.891 1622020464       0.13      0.513   39.79748  -71.46138 0.0000e+00
     73.425    14.3144    35.7696  1027.0437     2.0567     4.5261     78.781    0.02081    5.74514    5.74154      8.075    -0.0046   10.44759   4.310092 2.6528e-11    26.7174    26.7150 1.0000e-12     74.000          1       4794    1506.62 3.9495e+00  54819.473    199.691 1622020465       0.07      0.603   39.79748  -71.46138 0.0000e+00
     73.920    14.3064    35.7680  1027.0463     2.0698     4.5372     78.974    0.01437    5.74519    5.74159      8.077    -0.0083   10.44767   4.309343 2.6561e-11    26.7178    26.7155 1.0000e-12     74.500          1       4822    1506.60 3.9495e+00  54818.512    200.854 1622020466      -0.16      0.517   39.79748  -71.46138 0.0000e+00
     74.412    14.3031    35.7666  1027.0482     2.0805     4.5375     78.969    0.00673    5.74595    5.74236      8.077    -0.0207   10.44894   4.308980 2.7543e-11    26.7175    26.7151 1.0000e-12     75.000          1       4861    1506.60 3.9495e+00  54817.328    202.510 1622020468      -0.02      0.287   39.79748  -71.46138 0.0000e+00
     74.908    14.3011    35.7657  1027.0502     2.0868     4.5440     79.075    0.00365    5.74641    5.74282      8.077    -0.0126   10.44970   4.308787 2.7029e-11    26.7173    26.7149 1.0000e-12     75.500          1       4902    1506.60 3.9495e+00  54816.722    204.207 1622020470      -0.03      0.299   39.79748  -71.46138 0.0000e+00
     75.404    14.2944    35.7643  1027.0528     2.0959     4.5799     79.698    0.00610    5.74662    5.74304      8.077    -0.0178   10.45004   4.307988 2.6910e-11    26.7177    26.7153 1.0000e-12     76.000          1       4936    1506.58 3.9495e+00  54815.933    205.614 1622020471       0.14      0.316   39.79748  -71.46139 0.0000e+00
     75.901    14.2916    35.7647  1027.0559     2.1006     4.5914     79.899    0.00556    5.74649    5.74291      8.077    -0.0254   10.44980   4.307858 2.9272e-11    26.7185    26.7161 1.0000e-12     76.500          1       4962    1506.58 3.9495e+00  54817.049    206.701 1622020472       0.05      0.447   39.79748  -71.46140 0.0000e+00
     76.393    14.2915    35.7645  1027.0579     2.1033     4.5900     79.877    0.00333    5.74636    5.74277      8.077    -0.0196   10.44957   4.307880 2.6619e-11    26.7184    26.7160 1.0000e-12     77.000          1       4987    1506.59 3.9495e+00  54817.083    207.735 1622020473       0.02      0.460   39.79748  -71.46140 0.0000e+00
     76.895    14.2891    35.7655  1027.0615     2.1048     4.5904     79.883    0.00230    5.74637    5.74278      8.077    -0.0161   10.44958   4.307783 2.5319e-11    26.7197    26.7173 1.0000e-12     77.500          1       5007    1506.59 3.9495e+00  54819.049    208.563 1622020474       0.12      0.531   39.79749  -71.46140 0.0000e+00
     77.393    14.2898    35.7673  1027.0650     2.1073     4.5969     79.995    0.00207    5.74641    5.74282      8.077    -0.0183   10.44964   4.308111 2.7061e-11    26.7210    26.7186 1.0000e-12     78.000          1       5034    1506.60 3.9495e+00  54821.735    209.708 1622020475      -0.13      0.513   39.79750  -71.46140 0.0000e+00
     77.880    14.2907    35.7692  1027.0684     2.1097     4.6021     80.091    0.00167    5.74613    5.74254      8.077    -0.0005   10.44918   4.308447 2.8570e-11    26.7223    26.7199 1.0000e-12     78.500          1       5073    1506.61 3.9495e+00  54824.566    211.337 1622020477      -0.00      0.262   39.79750  -71.46140 0.0000e+00
     78.384    14.2902    35.7694  1027.0709     2.1105     4.6012     80.071    0.00081    5.74633    5.74275      8.077    -0.0224   10.44951   4.308449 3.2139e-11    26.7226    26.7201 1.0000e-12     79.000          1       5098    1506.62 3.9495e+00  54825.137    212.389 1622020478       0.13      0.417   39.79750  -71.46140 0.0000e+00
     78.875    14.2906    35.7699  1027.0734     2.1111     4.6025     80.092    0.00062    5.74649    5.74291      8.077    -0.0118   10.44979   4.308614 2.6923e-11    26.7229    26.7204 1.0000e-12     79.500          1       5128    1506.63 3.9495e+00  54826.026    213.616 1622020479      -0.07      0.433   39.79750  -71.46140 0.0000e+00
     79.374    14.2921    35.7700  1027.0754     2.1110     4.6006     80.058    0.00016    5.74656    5.74298      8.077    -0.0121   10.44989   4.308761 2.7859e-11    26.7227    26.7201 1.0000e-12     80.000          1       5154    1506.65 3.9495e+00  54826.272    214.719 1622020480       0.06      0.422   39.79749  -71.46140 0.0000e+00
     79.871    14.2897    35.7698  1027.0780     2.1116     4.6032     80.102    0.00023    5.74667    5.74308      8.077    -0.0121   10.45007   4.308548 2.9944e-11    26.7230    26.7205 1.0000e-12     80.500          1       5181    1506.65 3.9495e+00  54826.565    215.844 1622020481      -0.02      0.461   39.79748  -71.46141 0.0000e+00
     80.365    14.2889    35.7695  1027.0802     2.1114     4.6026     80.088    0.00011    5.74685    5.74327      8.077    -0.0089   10.45039   4.308464 2.7567e-11    26.7230    26.7205 1.0000e-12     81.000          1       5215    1506.65 3.9495e+00  54826.631    217.269 1622020483      -0.08      0.373   39.79748  -71.46142 0.0000e+00
     80.861    14.2878    35.7694  1027.0825     2.1113     4.6007     80.064   -0.00020    5.74626    5.74267      8.077     0.0050   10.44938   4.308381 2.9946e-11    26.7232    26.7206 1.0000e-12     81.500          1       5250    1506.65 3.9495e+00  54826.886    218.723 1622020484       0.04      0.328   39.79750  -71.46142 0.0000e+00
     81.357    14.2861    35.7689  1027.0848     2.1118     4.5999     80.125    0.00030    5.74097    5.73732      8.077    -0.0210   10.44046   4.308191 2.7657e-11    26.7232    26.7206 1.0000e-12     82.000          1       5284    1506.66 3.9495e+00  54826.752    220.123 1622020486      -0.02      0.366   39.79750  -71.46142 0.0000e+00
     81.852    14.2900    35.7697  1027.0867     2.1118     4.5957     80.119    0.00010    5.73616    5.73247      8.077    -0.0282   10.43231   4.308724 3.0795e-11    26.7230    26.7203 1.0000e-12     82.500          1       5318    1506.68 3.9495e+00  54827.568    221.526 1622020487       0.02      0.348   39.79749  -71.46142 0.0000e+00
     82.344    14.3185    35.7808  1027.0913     2.1120     4.5919     80.107   -0.00015    5.73225    5.72852 -9.990e-29    -0.0369   10.42574   4.313336 2.7250e-11    26.7255    26.7228 1.0000e-12     83.000          1       5345    1506.79 -9.990e-29  54839.464    222.667 1622020488       0.08      0.398   39.79748  -71.46142 0.0000e+00
     82.843    14.3390    35.7885  1027.0951     2.1169     4.6150     80.510    0.00207    5.73224    5.72851 -9.990e-29    -0.0256   10.42572   4.315937 3.1295e-11    26.7270    26.7244 1.0000e-12     83.500          1       5364    1506.88 -9.990e-29  54847.775    223.473 1622020489       0.18      0.506   39.79748  -71.46142 0.0000e+00
     83.346    14.3520    35.7973  1027.1013     2.1249     4.6572     81.247    0.00697    5.73219    5.72846 -9.990e-29    -0.0153   10.42563   4.318654 2.7929e-11    26.7310    26.7284 1.0000e-12     84.000          1       5382    1506.94 -9.990e-29  54858.354    224.223 1622020490       0.12      0.628   39.79748  -71.46142 0.0000e+00
     83.840    14.3940    35.8105  1027.1046     2.1346     4.6913     81.847    0.00869    5.73184    5.72811      8.081    -0.0027   10.42505   4.323922 3.0301e-11    26.7322    26.7295 1.0000e-12     84.500          1       5412    1507.10 3.5040e+00  54871.565    225.466 1622020491      -0.19      0.505   39.79748  -71.46142 0.0000e+00
     84.333    14.4002    35.8129  1027.1073     2.1380     4.6720     81.532    0.00169    5.73031    5.72657      8.083    -0.0357   10.42246   4.324693 3.0499e-11    26.7328    26.7301 1.0000e-12     85.000          1       5458    1507.13 3.5453e+00  54874.316    227.386 1622020493       0.00      0.250   39.79748  -71.46142 0.0000e+00
     84.822    14.4047    35.8149  1027.1101     2.1452     4.6950     81.939    0.00232    5.72985    5.72610      8.088    -0.0345   10.42167   4.325429 3.0634e-11    26.7334    26.7306 1.0000e-12     85.500          1       5497    1507.15 3.5545e+00  54876.777    229.003 1622020495       0.05      0.288   39.79749  -71.46142 0.0000e+00
     85.325    14.4131    35.8184  1027.1132     2.1581     4.7678     83.212    0.01142    5.72972    5.72596      8.088    -0.0256   10.42144   4.326623 2.9505e-11    26.7342    26.7315 1.0000e-12     86.000          1       5518    1507.19 -9.990e-29  54880.712    229.868 1622020495       0.24      0.430   39.79749  -71.46142 0.0000e+00
     85.826    14.4156    35.8195  1027.1158     2.1667     4.7958     83.700    0.01229    5.72972    5.72597      8.089    -0.0260   10.42145   4.326979 2.8385e-11    26.7346    26.7318 1.0000e-12     86.500          1       5539    1507.21 -9.990e-29  54882.290    230.738 1622020496       0.07      0.579   39.79748  -71.46142 0.0000e+00
     86.318    14.4181    35.8211  1027.1186     2.1721     4.7844     83.514    0.00573    5.72891    5.72516      8.088    -0.0356   10.42008   4.327397 2.9486e-11    26.7353    26.7325 1.0000e-12     87.000          1       5572    1507.22 -9.990e-29  54884.359    232.125 1622020498      -0.16      0.423   39.79748  -71.46142 0.0000e+00
     86.808    14.4190    35.8221  1027.1213     2.1728     4.7646     83.183    0.00046    5.72790    5.72413      8.086    -0.0420   10.41835   4.327589 3.0775e-11    26.7358    26.7330 1.0000e-12     87.500          1       5614    1507.24 3.5395e+00  54885.859    233.863 1622020499       0.03      0.263   39.79748  -71.46143 0.0000e+00
     87.308    14.4224    35.8244  1027.1246     2.1652     4.7256     82.503   -0.00398    5.72780    5.72403      8.082    -0.0364   10.41818   4.328274 3.0188e-11    26.7369    26.7341 1.0000e-12     88.000          1       5639    1507.26 3.5698e+00  54888.866    234.901 1622020500       0.18      0.390   39.79748  -71.46142 0.0000e+00
     87.807    14.4296    35.8282  1027.1283     2.1561     4.6809     81.724   -0.00877    5.72772    5.72395      8.082    -0.0309   10.41804   4.329403 2.7960e-11    26.7383    26.7355 1.0000e-12     88.500          1       5662    1507.30 3.7436e+00  54893.584    235.863 1622020501       0.05      0.518   39.79748  -71.46143 0.0000e+00
     88.303    14.4322    35.8297  1027.1311     2.1526     4.6851     81.796   -0.00531    5.72772    5.72395      8.082    -0.0400   10.41803   4.329793 4.0859e-11    26.7389    26.7361 1.0000e-12     89.000          1       5691    1507.31 2.7375e+00  54895.527    237.064 1622020503      -0.08      0.455   39.79748  -71.46144 0.0000e+00
     88.794    14.4336    35.8307  1027.1337     2.1495     4.6932     81.934   -0.00130    5.72804    5.72428      8.081    -0.0428   10.41857   4.330043 4.3068e-11    26.7394    26.7365 1.0000e-12     89.500          1       5734    1507.33 2.5653e+00  54896.974    238.865 1622020504      -0.09      0.274   39.79748  -71.46144 0.0000e+00
     89.290    14.4333    35.8317  1027.1368     2.1462     4.6793     81.692   -0.00249    5.72801    5.72424      8.081 -9.990e-29   10.41851   4.330100 3.1469e-11    26.7403    26.7374 1.0000e-12     90.000          1       5764    1507.34 3.4699e+00  54898.751    240.140 1622020506       0.21      0.323   39.79748  -71.46144 0.0000e+00
     89.793    14.4314    35.8315  1027.1393     2.1448     4.6790     81.678   -0.00181    5.72862    5.72486      8.083 -9.990e-29   10.41952   4.329901 3.3672e-11    26.7405    26.7376 1.0000e-12     90.500          1       5790    1507.34 3.2981e+00  54898.944    241.199 1622020507       0.01      0.476   39.79748  -71.46144 0.0000e+00
     90.276    14.4304    35.8314  1027.1416     2.1472     4.6960     81.949    0.00023    5.73037    5.72663      8.086    -0.0407   10.42244   4.329827 3.0488e-11    26.7407    26.7378 1.0000e-12     91.000          1       5830    1507.34 3.5464e+00  54899.247    242.861 1622020509      -0.11      0.275   39.79749  -71.46144 0.0000e+00
     90.778    14.4306    35.8320  1027.1443     2.1565     4.7512     82.922    0.00756    5.72979    5.72604      8.086    -0.0412   10.42148   4.329903 2.9511e-11    26.7412    26.7382 1.0000e-12     91.500          1       5851    1507.35 3.6226e+00  54900.310    243.752 1622020509       0.28      0.393   39.79750  -71.46144 0.0000e+00
     91.282    14.4225    35.8313  1027.1477     2.1597     4.7609     83.081    0.00753    5.73037    5.72663      8.086    -0.0415   10.42244   4.328899 3.1306e-11    26.7423    26.7394 1.0000e-12     92.000          1       5870    1507.33 3.4826e+00  54900.620    244.523 1622020510       0.17      0.589   39.79750  -71.46144 0.0000e+00
     91.773    14.4137    35.8299  1027.1507     2.1634     4.7519     82.925    0.00263    5.73028    5.72654      8.086    -0.0458   10.42228   4.327981 3.1157e-11    26.7432    26.7402 1.0000e-12     92.500          1       5909    1507.31 3.4942e+00  54900.096    246.167 1622020512      -0.20      0.368   39.79750  -71.46144 0.0000e+00
     92.264    14.4086    35.8293  1027.1536     2.1680     4.7630     83.123    0.00214    5.73006    5.72631 -9.990e-29    -0.0386   10.42191   4.327421 2.8109e-11    26.7439    26.7409 1.0000e-12     93.000          1       5952    1507.30 3.7319e+00  54900.253    247.938 1622020513       0.25      0.232   39.79750  -71.46144 0.0000e+00
     92.767    14.4107    35.8305  1027.1563     2.1713     4.7808     83.435    0.00424    5.73000    5.72626 -9.990e-29    -0.0258   10.42182   4.327839 3.2547e-11    26.7443    26.7413 1.0000e-12     93.500          1       5972    1507.32 3.3859e+00  54901.846    248.790 1622020514       0.22      0.476   39.79750  -71.46145 0.0000e+00
     93.264    14.4128    35.8308  1027.1583     2.1741     4.7832     83.473    0.00275    5.73025    5.72651 -9.990e-29    -0.0402   10.42223   4.328081 3.0874e-11    26.7441    26.7411 1.0000e-12     94.000          1       6003    1507.34 3.5163e+00  54902.279    250.080 1622020516      -0.12      0.451   39.79750  -71.46146 0.0000e+00
     93.754    14.4138    35.8310  1027.1604     2.1758     4.7842     83.432    0.00077    5.73423    5.73054 -9.990e-29    -0.0309   10.42890   4.328230 3.3429e-11    26.7441    26.7411 1.0000e-12     94.500          1       6053    1507.35 3.3170e+00  54902.774    252.159 1622020518       0.03      0.201   39.79750  -71.46146 0.0000e+00
     94.250    14.4080    35.8293  1027.1626     2.1719     4.7630     83.049   -0.00209    5.73512    5.73143 -9.990e-29    -0.0316   10.43037   4.327331 2.8524e-11    26.7441    26.7410 1.0000e-12     95.000          1       6090    1507.33 3.7922e+00  54901.492    253.698 1622020519       0.03      0.318   39.79750  -71.46146 0.0000e+00
     94.745    14.3792    35.8246  1027.1674     2.1689     4.7503     82.830   -0.00313    5.73499    5.73131 -9.990e-29    -0.0546   10.43015   4.323933 3.0004e-11    26.7466    26.7436 1.0000e-12     95.500          1       6117    1507.25 3.9525e+00  54898.924    254.854 1622020520       0.13      0.369   39.79750  -71.46146 0.0000e+00
     95.247    14.3754    35.8240  1027.1700     2.1679     4.7529     82.876   -0.00177    5.73495    5.73126 -9.990e-29    -0.0279   10.43009   4.323542 2.8113e-11    26.7470    26.7440 1.0000e-12     96.000          1       6139    1507.24 3.9495e+00  54898.874    255.730 1622020521       0.13      0.515   39.79750  -71.46146 0.0000e+00
