CalculateIndicators/WaterTemperature/Data/CTD_NYOS/20210324_C26.cnv
* Sea-Bird SBE 9 Data File:
* FileName = C:\Seabird 9 CTD\Data\2021\202103_offshore\20210324_C26.hex
* Software Version Seasave V 7.23.2
* Temperature SN = 4590
* Conductivity SN = 3228
* Number of Bytes Per Scan = 44
* Number of Voltage Words = 5
* Number of Scans Averaged by the Deck Unit = 1
* NMEA Latitude = 40 05.98 N
* NMEA Longitude = 072 36.65 W
* NMEA UTC (Time) = Mar 24 2021  18:57:50
* NMEA baud rate = 4800
** Ship: RV Seawolf
** Station: 4.3
** Operator: EIH
# nquan = 31
# nvalues = 105                         
# units = specified
# name 0 = depSM: Depth [salt water, m]
# name 1 = t090C: Temperature [ITS-90, deg C]
# name 2 = sal00: Salinity, Practical [PSU]
# name 3 = density00: Density [density, kg/m^3]
# name 4 = sbeox0V: Oxygen raw, SBE 43 [V]
# name 5 = sbeox0ML/L: Oxygen, SBE 43 [ml/l]
# name 6 = sbeox0PS: Oxygen, SBE 43 [% saturation]
# name 7 = sbox0dV/dT: Oxygen, SBE 43 [dov/dt]
# name 8 = oxsolML/L: Oxygen Saturation, Garcia & Gordon [ml/l]
# name 9 = oxsatML/L: Oxygen Saturation, Weiss [ml/l]
# name 10 = ph: pH
# name 11 = flECO-AFL: Fluorescence, WET Labs ECO-AFL/FL [mg/m^3]
# name 12 = n2satML/L: Nitrogen Saturation [ml/l]
# name 13 = c0S/m: Conductivity [S/m]
# name 14 = cpar: CPAR/Corrected Irradiance [%]
# name 15 = sigma-é00: Density [sigma-theta, kg/m^3]
# name 16 = sigma-t00: Density [sigma-t, kg/m^3 ]
# name 17 = par: PAR/Irradiance, Biospherical/Licor
# name 18 = prDM: Pressure, Digiquartz [db]
# name 19 = pumps: Pump Status
# name 20 = scan: Scan Count
# name 21 = svCM: Sound Velocity [Chen-Millero, m/s]
# name 22 = spar: SPAR, Biospherical/Licor
# name 23 = specc: Specific Conductance [uS/cm]
# name 24 = timeS: Time, Elapsed [seconds]
# name 25 = timeY: Time, System [seconds]
# name 26 = accM: Acceleration [m/s^2]
# name 27 = dz/dtM: Descent Rate [m/s]
# name 28 = latitude: Latitude [deg]
# name 29 = longitude: Longitude [deg]
# name 30 = flag: flag
# span 0 =      1.966,     53.592       
# span 1 =     6.6550,     7.7659       
# span 2 =    33.2514,    33.3295       
# span 3 =  1026.0050,  1026.3442       
# span 4 =     2.4234,     2.6589       
# span 5 =     6.6384,     7.2584       
# span 6 =     96.605,    107.567       
# span 7 =   -0.01540,    0.01549       
# span 8 =    6.70755,    6.88342       
# span 9 =    6.71507,    6.89357       
# span 10 =      8.504,      8.574      
# span 11 =     0.3958,     1.7366      
# span 12 =   12.06729,   12.35873      
# span 13 =   3.339823,   3.444569      
# span 14 = 2.8506e-03, 3.4254e+01      
# span 15 =    25.9915,    26.0967      
# span 16 =    25.9914,    26.0963      
# span 17 = 2.8422e-02, 3.4740e+02      
# span 18 =      2.000,     54.000      
# span 19 =          1,          1      
# span 20 =        103,      12990      
# span 21 =    1475.44,    1479.61      
# span 22 = 9.7780e+02, 1.0265e+03      
# span 23 =  52555.108,  52787.228      
# span 24 =      4.269,    541.213      
# span 25 = 1616612274, 1616612811      
# span 26 =      -0.56,       0.57      
# span 27 =     -0.927,      0.896      
# span 28 =   40.09973,   40.10073      
# span 29 =  -72.61310,  -72.61091      
# span 30 = 0.0000e+00, 0.0000e+00      
# interval = decibars: 1                
# start_time = Mar 24 2021 18:57:50 [System UTC, first data scan.]
# bad_flag = -9.990e-29
*END*
[from data line 94]
     11.910     7.5192    33.3087  1026.0699     2.6501     7.2381    107.567    0.00485    6.73891    6.74688 -9.990e-29     1.5542   12.11928   3.422145 3.4589e+00    26.0150    26.0148 3.3938e+01     12.000          1      10206    1478.74 9.8103e+02  52598.866    425.209 1616612695      -0.10     -0.463   40.10048  -72.61264 0.0000e+00
     10.910     7.5929    33.3133  1026.0584     2.6549     7.2282    107.508    0.00202    6.73041    6.73826      8.572     1.5046   12.10521   3.429042 4.0012e+00    26.0082    26.0080 3.9355e+01     11.000          1      10290    1479.01 9.8357e+02  52586.204    428.699 1616612698      -0.15     -0.353   40.10049  -72.61265 0.0000e+00
      9.923     7.6446    33.3181  1026.0502     2.6589     7.2286    107.546    0.00052    6.72393    6.73168      8.572     1.5221   12.09446   3.433560 4.6888e+00    26.0045    26.0044 4.6107e+01     10.000          1      10385    1479.20 9.8346e+02  52579.305    432.649 1616612702      -0.03     -0.307   40.10050  -72.61267 0.0000e+00
      8.919     7.7001    33.3218  1026.0406     2.6588     7.2151    107.471   -0.00008    6.71875    6.72643      8.571     1.4981   12.08585   3.438538 5.3985e+00    25.9995    25.9994 5.3730e+01      9.000          1      11051    1479.40 9.9538e+02  52570.066    460.407 1616612730      -0.06     -0.532   40.10055  -72.61277 0.0000e+00
      7.940     7.6984    33.3245  1026.0384     2.6587     7.2058    107.437   -0.00016    6.71178    6.71936      8.574     1.3844   12.07433   3.438397 6.5286e+00    26.0018    26.0017 6.5464e+01      8.000          1      12080    1479.38 1.0028e+03  52573.656    503.274 1616612773      -0.08     -0.169   40.10065  -72.61293 0.0000e+00
      6.949     7.7618    33.3229  1026.0234     2.6583     7.1996    107.328   -0.00052    6.70853    6.71606 -9.990e-29     1.1869   12.06894   3.444036 7.8768e+00    25.9915    25.9914 7.9110e+01      7.000          1      12059    1479.61 1.0043e+03  52555.108    502.434 1616612772      -0.02     -0.424   40.10064  -72.61294 0.0000e+00
      5.951     7.7580    33.3255  1026.0214     2.6575     7.1993    107.302   -0.00040    6.70913    6.71666 -9.990e-29     1.1491   12.06992   3.443817 9.1914e+00    25.9940    25.9939 9.2021e+01      6.000          1      12102    1479.58 1.0014e+03  52559.032    504.189 1616612774       0.00     -0.551   40.10064  -72.61294 0.0000e+00
      4.966     7.7560    33.3269  1026.0183     2.6574     7.2004    107.319    0.00006    6.70991    6.71746      8.571     0.9920   12.07121   3.443617 1.1420e+01    25.9954    25.9953 1.1478e+02      5.000          1      12195    1479.56 1.0051e+03  52560.860    508.077 1616612778      -0.17     -0.215   40.10066  -72.61295 0.0000e+00
      3.964     7.7530    33.3269  1026.0141     2.6575     7.1964    107.318    0.00015    6.71060    6.71816      8.572     0.9484   12.07235   3.443268 1.4655e+01    25.9958    25.9958 1.4878e+02      4.000          1      12247    1479.53 1.0152e+03  52560.937    510.248 1616612780      -0.37     -0.711   40.10066  -72.61296 0.0000e+00
      2.972     7.7462    33.3270  1026.0105     2.6570     7.1993    107.260   -0.00023    6.71052    6.71808      8.573     0.9246   12.07222   3.442625 1.9630e+01    25.9969    25.9968 1.9669e+02      3.000          1      12292    1479.49 1.0022e+03  52562.041    512.124 1616612782       0.18     -0.587   40.10066  -72.61297 0.0000e+00
      1.966     7.7529    33.3271  1026.0050     2.6573     7.2013    107.275   -0.00023    6.70909    6.71663      8.572     0.8678   12.06984   3.443159 3.0513e+01    25.9960    25.9959 3.1102e+02      2.000          1      12990    1479.50 1.0208e+03  52559.865    541.213 1616612811      -0.16     -0.423   40.10073  -72.61310 0.0000e+00
