CalculateIndicators/WaterTemperature/Data/CTD_NYOS/20210521_C05.cnv
* Sea-Bird SBE 9 Data File:
* FileName = C:\Seabird 9 CTD\Data\2021\202105_offshore\20210521_C05.hex
* Software Version Seasave V 7.23.2
* Temperature SN = 4590
* Conductivity SN = 3228
* Number of Bytes Per Scan = 44
* Number of Voltage Words = 5
* Number of Scans Averaged by the Deck Unit = 1
* NMEA Latitude = 38 55.86 N
* NMEA Longitude = 073 13.04 W
* NMEA UTC (Time) = May 21 2021  19:06:21
* NMEA baud rate = 4800
** Ship: seawolf
** Station: 7.5
** Operator: TDK
# nquan = 31
# nvalues = 280                         
# units = specified
# name 0 = depSM: Depth [salt water, m]
# name 1 = t090C: Temperature [ITS-90, deg C]
# name 2 = sal00: Salinity, Practical [PSU]
# name 3 = density00: Density [density, kg/m^3]
# name 4 = sbeox0V: Oxygen raw, SBE 43 [V]
# name 5 = sbeox0ML/L: Oxygen, SBE 43 [ml/l]
# name 6 = sbeox0PS: Oxygen, SBE 43 [% saturation]
# name 7 = sbox0dV/dT: Oxygen, SBE 43 [dov/dt]
# name 8 = oxsolML/L: Oxygen Saturation, Garcia & Gordon [ml/l]
# name 9 = oxsatML/L: Oxygen Saturation, Weiss [ml/l]
# name 10 = ph: pH
# name 11 = flECO-AFL: Fluorescence, WET Labs ECO-AFL/FL [mg/m^3]
# name 12 = n2satML/L: Nitrogen Saturation [ml/l]
# name 13 = c0S/m: Conductivity [S/m]
# name 14 = cpar: CPAR/Corrected Irradiance [%]
# name 15 = sigma-é00: Density [sigma-theta, kg/m^3]
# name 16 = sigma-t00: Density [sigma-t, kg/m^3 ]
# name 17 = par: PAR/Irradiance, Biospherical/Licor
# name 18 = prDM: Pressure, Digiquartz [db]
# name 19 = pumps: Pump Status
# name 20 = scan: Scan Count
# name 21 = svCM: Sound Velocity [Chen-Millero, m/s]
# name 22 = spar: SPAR, Biospherical/Licor
# name 23 = specc: Specific Conductance [uS/cm]
# name 24 = timeS: Time, Elapsed [seconds]
# name 25 = timeY: Time, System [seconds]
# name 26 = accM: Acceleration [m/s^2]
# name 27 = dz/dtM: Descent Rate [m/s]
# name 28 = latitude: Latitude [deg]
# name 29 = longitude: Longitude [deg]
# name 30 = flag: flag
# span 0 =      1.979,     71.454       
# span 1 =     8.2568,    13.7549       
# span 2 =    32.5366,    34.6959       
# span 3 =  1024.3431,  1026.8030       
# span 4 =     1.9628,     2.7975       
# span 5 =     4.4940,     7.2703       
# span 6 =     73.028,    114.522       
# span 7 =   -0.06415,    0.05791       
# span 8 =    5.92242,    6.64233       
# span 9 =    5.91894,    6.64865       
# span 10 =      7.931,      8.127      
# span 11 =     0.0349,     0.9157      
# span 12 =   10.77490,   11.96183      
# span 13 =   3.470019,   3.924190      
# span 14 = 2.3087e-02, 3.9819e+01      
# span 15 =    24.3343,    26.4807      
# span 16 =    24.3342,    26.4790      
# span 17 = 2.6986e-01, 4.8180e+02      
# span 18 =      2.000,     72.000      
# span 19 =          1,          1      
# span 20 =        410,      18511      
# span 21 =    1481.78,    1499.91      
# span 22 = 1.1607e+03, 1.2519e+03      
# span 23 =  50388.903,  53783.390      
# span 24 =     17.040,    771.260      
# span 25 = 1621623998, 1621624753      
# span 26 =      -0.60,       0.58      
# span 27 =     -0.817,      0.832      
# span 28 =   38.93110,   38.93228      
# span 29 =  -73.21853,  -73.21740      
# span 30 = 0.0000e+00, 0.0000e+00      
# interval = decibars: 0.5              
# start_time = May 21 2021 19:06:21 [System UTC, first data scan.]
# bad_flag = -9.990e-29
*END*
[from data line 94]
     48.622     9.9017    34.0732  1026.4668     2.1503     5.2196     82.053   -0.00333    6.36121    6.36443 -9.990e-29     0.2127   11.48567   3.711735 2.4860e-01    26.2457    26.2448 2.9269e+00     49.000          1       3993    1489.16 1.1773e+03  53165.859    166.344 1621624148       0.11      0.467   38.93132  -73.21766 0.0000e+00
     49.121     9.9043    34.0750  1026.4701     2.1484     5.2186     82.030   -0.00248    6.36177    6.36501 -9.990e-29     0.2137   11.48662   3.712088 2.3520e-01    26.2467    26.2458 2.7728e+00     49.500          1       4014    1489.17 1.1789e+03  53168.186    167.208 1621624148       0.07      0.538   38.93132  -73.21768 0.0000e+00
     49.621     9.9211    34.0860  1026.4781     2.1428     5.1950     81.628   -0.00399    6.36427    6.36755      7.953     0.2378   11.49070   3.715003 2.2317e-01    26.2525    26.2515 2.6310e+00     50.000          1       4037    1489.26 1.1789e+03  53180.606    168.171 1621624149      -0.04      0.562   38.93132  -73.21768 0.0000e+00
     50.111     9.9188    34.0980  1026.4901     2.1292     5.1313     80.779   -0.00607    6.35229    6.35541      7.949     0.1831   11.47061   3.715716 2.1448e-01    26.2623    26.2613 2.5182e+00     50.500          1       4091    1489.27 1.1741e+03  53198.200    170.419 1621624152      -0.12      0.216   38.93134  -73.21768 0.0000e+00
     50.604     9.9639    34.1152  1026.4982     2.1235     5.1245     80.782   -0.00273    6.34352    6.34655      7.948     0.1967   11.45584   3.721903 2.1092e-01    26.2682    26.2672 2.4515e+00     51.000          1       4138    1489.46 1.1623e+03  53213.831    172.383 1621624154       0.22      0.250   38.93134  -73.21768 0.0000e+00
     51.104     9.9782    34.1175  1026.4997     2.1235     5.1322     80.965   -0.00058    6.33881    6.34179 -9.990e-29     0.1963   11.44784   3.723237 2.0252e-01    26.2675    26.2665 2.3540e+00     51.500          1       4159    1489.53 1.1623e+03  53214.244    173.253 1621624155       0.20      0.461   38.93134  -73.21768 0.0000e+00
     51.605    10.0056    34.1313  1026.5082     2.1214     5.1155     80.801   -0.00121    6.33103    6.33391 -9.990e-29     0.1915   11.43475   3.727508 1.9054e-01    26.2737    26.2727 2.2281e+00     52.000          1       4183    1489.65 1.1694e+03  53228.665    174.253 1621624156      -0.03      0.539   38.93134  -73.21768 0.0000e+00
     52.093    10.0579    34.1563  1026.5209     2.1167     5.0886     80.430   -0.00284    6.32677    6.32961 -9.990e-29     0.1674   11.42760   3.734911 1.7906e-01    26.2843    26.2833 2.1070e+00     52.500          1       4222    1489.88 1.1767e+03  53253.543    175.888 1621624157      -0.13      0.310   38.93134  -73.21768 0.0000e+00
     52.592    10.1164    34.1813  1026.5327     2.1105     5.0604     79.981   -0.00455    6.32698    6.32982 -9.990e-29     0.1784   11.42793   3.743033 1.6998e-01    26.2939    26.2928 2.0007e+00     53.000          1       4251    1490.13 1.1770e+03  53277.502    177.099 1621624158       0.16      0.355   38.93134  -73.21768 0.0000e+00
     53.092    10.1451    34.1913  1026.5378     2.1065     5.0506     79.836   -0.00394    6.32618    6.32901 -9.990e-29     0.1727   11.42659   3.746275 1.6164e-01    26.2968    26.2957 1.9039e+00     53.500          1       4281    1490.25 1.1779e+03  53286.133    178.347 1621624160      -0.05      0.423   38.93134  -73.21769 0.0000e+00
     53.580    10.1507    34.1948  1026.5418     2.1029     5.0545     79.947   -0.00062    6.32225    6.32504      7.948     0.1528   11.41990   3.747019 1.5804e-01    26.2986    26.2975 1.8342e+00     54.000          1       4347    1490.28 1.1607e+03  53290.255    181.082 1621624162      -0.01      0.098   38.93134  -73.21769 0.0000e+00
     54.078    10.1625    34.1990  1026.5453     2.1011     5.0403     79.832   -0.00097    6.31356    6.31625      7.945     0.1651   11.40523   3.748565 1.5065e-01    26.2998    26.2987 1.7524e+00     54.500          1       4378    1490.34 1.1633e+03  53294.072    182.357 1621624164       0.18      0.335   38.93134  -73.21768 0.0000e+00
     54.575    10.1721    34.2086  1026.5535     2.0985     5.0193     79.579   -0.00239    6.30734    6.30996      7.943     0.1447   11.39476   3.750415 1.4251e-01    26.3057    26.3046 1.6714e+00     55.000          1       4400    1490.39 1.1728e+03  53306.058    183.301 1621624165       0.11      0.470   38.93134  -73.21768 0.0000e+00
     55.073    10.1778    34.2111  1026.5567     2.0959     5.0070     79.413   -0.00280    6.30506    6.30765      7.943     0.1456   11.39090   3.751205 1.3590e-01    26.3067    26.3056 1.5993e+00     55.500          1       4420    1490.42 1.1768e+03  53308.764    184.119 1621624165       0.10      0.559   38.93134  -73.21768 0.0000e+00
     55.572    10.2130    34.2286  1026.5665     2.0913     4.9820     79.079   -0.00406    6.30001    6.30254      7.943     0.1536   11.38233   3.756771 1.2973e-01    26.3143    26.3132 1.5267e+00     56.000          1       4440    1490.58 1.1768e+03  53326.731    184.961 1621624166       0.01      0.608   38.93134  -73.21769 0.0000e+00
     56.068    10.2688    34.2519  1026.5773     2.0830     4.9421     78.528   -0.00567    6.29339    6.29585      7.941     0.1413   11.37120   3.764052 1.2300e-01    26.3229    26.3217 1.4475e+00     56.500          1       4473    1490.81 1.1768e+03  53348.744    186.339 1621624168      -0.17      0.440   38.93135  -73.21770 0.0000e+00
     56.561    10.3488    34.2904  1026.5956     2.0679     4.8884     77.753   -0.00603    6.28718    6.28957      7.939     0.1229   11.36069   3.775487 1.1801e-01    26.3391    26.3380 1.3786e+00     57.000          1       4533    1491.15 1.1682e+03  53387.566    188.816 1621624170      -0.03      0.195   38.93136  -73.21770 0.0000e+00
     57.044    10.3926    34.3110  1026.6062     2.0578     4.8685     77.561   -0.00246    6.27704    6.27931      7.937     0.1026   11.34358   3.781350 1.1155e-01    26.3476    26.3464 1.3075e+00     57.500          1       4601    1491.34 1.1722e+03  53408.229    191.668 1621624173       0.18      0.112   38.93136  -73.21770 0.0000e+00
     57.547    10.4142    34.3231  1026.6142     2.0549     4.8555     77.340   -0.00341    6.27816    6.28045      7.937     0.0989   11.34547   3.785085 1.0605e-01    26.3534    26.3522 1.2461e+00     58.000          1       4614    1491.44 1.1750e+03  53421.490    192.214 1621624173       0.46      0.392   38.93136  -73.21770 0.0000e+00
     58.049    10.4397    34.3324  1026.6192     2.0525     4.8454     77.146   -0.00428    6.28076    6.28308      7.937     0.1084   11.34987   3.788033 1.0111e-01    26.3561    26.3549 1.1880e+00     58.500          1       4628    1491.55 1.1750e+03  53429.945    192.771 1621624174       0.43      0.650   38.93136  -73.21771 0.0000e+00
     58.555    10.4529    34.3378  1026.6235     2.0493     4.8336     76.944   -0.00485    6.28194    6.28427      7.938     0.1062   11.35185   3.789780 9.6575e-02    26.3581    26.3569 1.1347e+00     59.000          1       4641    1491.62 1.1750e+03  53435.130    193.348 1621624175       0.20      0.832   38.93136  -73.21772 0.0000e+00
     59.048    10.4616    34.3419  1026.6274     2.0473     4.8330     76.982   -0.00322    6.27813    6.28042      7.938     0.1036   11.34538   3.790889 9.1741e-02    26.3598    26.3585 1.0774e+00     59.500          1       4675    1491.66 1.1737e+03  53439.653    194.735 1621624176      -0.18      0.652   38.93136  -73.21772 0.0000e+00
     59.525    10.4596    34.3461  1026.6332     2.0444     4.8241     77.055   -0.00063    6.26060    6.26269 -9.990e-29     0.0812   11.31585   3.791841 8.8995e-02    26.3634    26.3621 1.0390e+00     60.000          1       4761    1491.67 1.1675e+03  53446.068    198.333 1621624180       0.50      0.197   38.93136  -73.21772 0.0000e+00
     60.033    10.5208    34.3700  1026.6433     2.0409     4.8079     76.692   -0.00296    6.26908    6.27127 -9.990e-29     0.0819   11.33016   3.799562 8.5179e-02    26.3713    26.3700 9.9593e-01     60.500          1       4772    1491.92 1.1692e+03  53467.989    198.812 1621624180       0.56      0.526   38.93136  -73.21772 0.0000e+00
     60.539    10.5503    34.3830  1026.6506     2.0362     4.7777     76.248   -0.00552    6.26596    6.26811 -9.990e-29     0.0921   11.32491   3.803705 8.0892e-02    26.3763    26.3751 9.4719e-01     61.000          1       4786    1492.05 1.1709e+03  53481.441    199.361 1621624181       0.36      0.781   38.93136  -73.21772 0.0000e+00
     61.035    10.5745    34.3930  1026.6563     2.0321     4.7599     76.005   -0.00598    6.26261    6.26472      7.933     0.1001   11.31920   3.806777 7.6649e-02    26.3799    26.3786 8.9680e-01     61.500          1       4810    1492.15 1.1700e+03  53491.043    200.396 1621624182      -0.11      0.732   38.93136  -73.21772 0.0000e+00
     61.516    10.5674    34.3952  1026.6614     2.0265     4.7472     76.073   -0.00169    6.24032    6.24218      7.933     0.0764   11.28157   3.806783 7.1398e-02    26.3828    26.3815 8.4059e-01     62.000          1       4891    1492.14 1.1773e+03  53495.590    203.761 1621624185       0.36      0.105   38.93138  -73.21772 0.0000e+00
     62.023    10.6627    34.4360  1026.6786     2.0188     4.6996     75.329   -0.00607    6.23875    6.24059      7.932     0.0677   11.27892   3.819541 6.7801e-02    26.3978    26.3965 7.9570e-01     62.500          1       4915    1492.54 1.1735e+03  53535.093    204.740 1621624186       0.08      0.413   38.93138  -73.21773 0.0000e+00
     62.510    10.7121    34.4571  1026.6885     2.0065     4.6648     74.820   -0.00497    6.23473    6.23653      7.932     0.0467   11.27213   3.826028 6.5648e-02    26.4056    26.4042 7.6242e-01     63.000          1       4971    1492.74 1.1614e+03  53555.641    207.079 1621624188      -0.08      0.163   38.93138  -73.21774 0.0000e+00
     63.009    10.7336    34.4676  1026.6951     2.0010     4.6521     74.648   -0.00377    6.23212    6.23388      7.932     0.0489   11.26773   3.829056 6.3009e-02    26.4099    26.4086 7.3411e-01     63.500          1       5009    1492.84 1.1651e+03  53566.639    208.656 1621624190       0.07      0.310   38.93138  -73.21774 0.0000e+00
     63.505    10.7477    34.4736  1026.6994     1.9983     4.6532     74.635   -0.00234    6.23455    6.23635      7.932     0.0539   11.27180   3.830965 5.9742e-02    26.4121    26.4107 7.0115e-01     64.000          1       5040    1492.91 1.1736e+03  53572.699    209.949 1621624191       0.06      0.362   38.93138  -73.21774 0.0000e+00
     64.006    10.7600    34.4788  1026.7036     1.9959     4.6485     74.558   -0.00186    6.23475    6.23655      7.931     0.0691   11.27213   3.832631 5.6370e-02    26.4140    26.4126 6.6183e-01     64.500          1       5078    1492.96 1.1741e+03  53578.048    211.544 1621624193      -0.02      0.386   38.93138  -73.21774 0.0000e+00
     64.496    10.7738    34.4871  1026.7098     1.9952     4.6284     74.662    0.00006    6.19917    6.20056      7.931     0.0513   11.21220   3.834950 5.3078e-02    26.4180    26.4167 6.1796e-01     65.000          1       5208    1493.03 1.1643e+03  53587.436    216.973 1621624198       0.27      0.269   38.93138  -73.21774 0.0000e+00
     64.996    10.8352    34.5098  1026.7187     1.9929     4.5955     74.371   -0.00192    6.17906    6.18021      7.933     0.0463   11.17843   3.843408 5.0355e-02    26.4248    26.4233 5.8803e-01     65.500          1       5232    1493.28 1.1678e+03  53607.989    217.942 1621624199       0.05      0.454   38.93139  -73.21775 0.0000e+00
     65.488    10.9165    34.5403  1026.7301     1.9900     4.5917     74.258   -0.00163    6.18343    6.18463      7.935     0.0437   11.18577   3.854378 4.7649e-02    26.4340    26.4326 5.5761e-01     66.000          1       5263    1493.61 1.1702e+03  53636.166    219.242 1621624201      -0.06      0.396   38.93140  -73.21776 0.0000e+00
     65.988    11.0663    34.5979  1026.7500     1.9827     4.5685     73.631   -0.00508    6.20460    6.20606      7.936     0.0552   11.22136   3.875198 4.5788e-02    26.4519    26.4504 5.3636e-01     66.500          1       5289    1494.22 1.1714e+03  53689.842    220.347 1621624202       0.08      0.420   38.93140  -73.21776 0.0000e+00
     66.488    11.1497    34.6251  1026.7581     1.9760     4.5330     73.280   -0.00518    6.18594    6.18718      7.937     0.0439   11.18999   3.884923 4.2513e-02    26.4579    26.4564 4.9834e-01     67.000          1       5363    1494.55 1.1722e+03  53713.035    223.399 1621624205       0.10      0.404   38.93140  -73.21776 0.0000e+00
     66.983    11.1804    34.6367  1026.7637     1.9741     4.5200     73.333   -0.00323    6.16370    6.16468      7.939     0.0383   11.15255   3.888812 4.0450e-02    26.4613    26.4598 4.7316e-01     67.500          1       5445    1494.68 1.1697e+03  53724.051    226.825 1621624208      -0.03      0.468   38.93140  -73.21776 0.0000e+00
     67.471    11.2401    34.6577  1026.7713     1.9694     4.5047     73.157   -0.00259    6.15758    6.15849      7.939     0.0357   11.14224   3.896292 3.8889e-02    26.4668    26.4652 4.5428e-01     68.000          1       5497    1494.92 1.1686e+03  53742.952    228.981 1621624210      -0.07      0.227   38.93140  -73.21776 0.0000e+00
     67.974    11.2499    34.6635  1026.7762     1.9678     4.5098     73.183   -0.00136    6.16233    6.16330      7.940     0.0449   11.15021   3.898021 3.6846e-02    26.4695    26.4679 4.3068e-01     68.500          1       5529    1494.97 1.1690e+03  53749.659    230.316 1621624212       0.10      0.348   38.93140  -73.21776 0.0000e+00
     68.463    11.2582    34.6695  1026.7816     1.9666     4.5080     73.236    0.00007    6.15549    6.15638      7.941     0.0462   11.13870   3.899198 3.4315e-02    26.4727    26.4711 4.0175e-01     69.000          1       5603    1495.01 1.1707e+03  53756.830    233.423 1621624215       0.06      0.116   38.93142  -73.21776 0.0000e+00
     68.967    11.3003    34.6823  1026.7861     1.9645     4.4963     73.031   -0.00122    6.15674    6.15764      7.941     0.0421   11.14078   3.904294 3.1735e-02    26.4750    26.4734 3.7169e-01     69.500          1       5658    1495.18 1.1712e+03  53767.668    235.698 1621624217       0.16      0.275   38.93142  -73.21777 0.0000e+00
     69.463    11.2979    34.6825  1026.7890     1.9648     4.4993     73.124   -0.00030    6.15300    6.15386 -9.990e-29     0.0420   11.13452   3.903980 2.9695e-02    26.4756    26.4740 3.4680e-01     70.000          1       5741    1495.18 1.1679e+03  53768.687    239.163 1621624220       0.14      0.326   38.93142  -73.21778 0.0000e+00
     69.954    11.3065    34.6868  1026.7929     1.9651     4.5025     73.172    0.00012    6.15323    6.15410      7.944     0.0458   11.13489   3.905216 2.8200e-02    26.4774    26.4757 3.3013e-01     70.500          1       5837    1495.23 1.1706e+03  53773.488    243.163 1621624224       0.06      0.082   38.93142  -73.21778 0.0000e+00
     70.457    11.3100    34.6880  1026.7955     1.9652     4.5021     73.174    0.00004    6.15258    6.15344      7.944     0.0426   11.13380   3.905513 2.6033e-02    26.4777    26.4761 3.0447e-01     71.000          1       5954    1495.25 1.1696e+03  53774.848    248.056 1621624229       0.37      0.265   38.93142  -73.21778 0.0000e+00
     70.954    11.3175    34.6918  1026.7994     1.9643     4.4961     73.080   -0.00065    6.15229    6.15314      7.944     0.0433   11.13331   3.906747 2.4474e-02    26.4793    26.4776 2.8675e-01     71.500          1       6033    1495.29 1.1716e+03  53779.182    251.334 1621624233       0.23      0.532   38.93142  -73.21780 0.0000e+00
