CalculateIndicators/WaterTemperature/Data/CTD_NYOS/20210525_C33.cnv
* Sea-Bird SBE 9 Data File:
* FileName = C:\Seabird 9 CTD\Data\2021\202105_offshore\20210525_C33.hex
* Software Version Seasave V 7.23.2
* Temperature SN = 4590
* Conductivity SN = 3228
* Number of Bytes Per Scan = 44
* Number of Voltage Words = 5
* Number of Scans Averaged by the Deck Unit = 1
* NMEA Latitude = 40 34.05 N
* NMEA Longitude = 072 05.15 W
* NMEA UTC (Time) = May 25 2021  15:28:11
* NMEA baud rate = 4800
** Ship: seawolf
** Station: 2.2
** Operator: sjw
# nquan = 31
# nvalues = 196                         
# units = specified
# name 0 = depSM: Depth [salt water, m]
# name 1 = t090C: Temperature [ITS-90, deg C]
# name 2 = sal00: Salinity, Practical [PSU]
# name 3 = density00: Density [density, kg/m^3]
# name 4 = sbeox0V: Oxygen raw, SBE 43 [V]
# name 5 = sbeox0ML/L: Oxygen, SBE 43 [ml/l]
# name 6 = sbeox0PS: Oxygen, SBE 43 [% saturation]
# name 7 = sbox0dV/dT: Oxygen, SBE 43 [dov/dt]
# name 8 = oxsolML/L: Oxygen Saturation, Garcia & Gordon [ml/l]
# name 9 = oxsatML/L: Oxygen Saturation, Weiss [ml/l]
# name 10 = ph: pH
# name 11 = flECO-AFL: Fluorescence, WET Labs ECO-AFL/FL [mg/m^3]
# name 12 = n2satML/L: Nitrogen Saturation [ml/l]
# name 13 = c0S/m: Conductivity [S/m]
# name 14 = cpar: CPAR/Corrected Irradiance [%]
# name 15 = sigma-é00: Density [sigma-theta, kg/m^3]
# name 16 = sigma-t00: Density [sigma-t, kg/m^3 ]
# name 17 = par: PAR/Irradiance, Biospherical/Licor
# name 18 = prDM: Pressure, Digiquartz [db]
# name 19 = pumps: Pump Status
# name 20 = scan: Scan Count
# name 21 = svCM: Sound Velocity [Chen-Millero, m/s]
# name 22 = spar: SPAR, Biospherical/Licor
# name 23 = specc: Specific Conductance [uS/cm]
# name 24 = timeS: Time, Elapsed [seconds]
# name 25 = timeY: Time, System [seconds]
# name 26 = accM: Acceleration [m/s^2]
# name 27 = dz/dtM: Descent Rate [m/s]
# name 28 = latitude: Latitude [deg]
# name 29 = longitude: Longitude [deg]
# name 30 = flag: flag
# span 0 =      1.485,     50.118       
# span 1 =     7.0854,    14.5746       
# span 2 =    31.5717,    33.1717       
# span 3 =  1023.4361,  1026.1897       
# span 4 =     1.9912,     2.6359       
# span 5 =     5.1034,     6.6097       
# span 6 =     74.946,    105.408       
# span 7 =   -0.03204,    0.06199       
# span 8 =    5.86319,    6.83039       
# span 9 =    5.85836,    6.83928       
# span 10 =      7.859,      8.062      
# span 11 =    -0.2738,     0.6293      
# span 12 =   10.68915,   12.27554      
# span 13 =   3.345469,   3.876355      
# span 14 = 1.1804e-01, 9.7983e+01      
# span 15 =    23.4273,    25.9583      
# span 16 =    23.4273,    25.9577      
# span 17 = 2.4999e+00, 2.2116e+03      
# span 18 =      1.500,     50.500      
# span 19 =          1,          1      
# span 20 =        404,      13579      
# span 21 =    1476.96,    1501.37      
# span 22 = 1.6402e+03, 2.2879e+03      
# span 23 =  48957.962,  52523.731      
# span 24 =     16.787,    565.761      
# span 25 = 1621956504, 1621957053      
# span 26 =      -0.53,       0.42      
# span 27 =     -0.666,      0.702      
# span 28 =   40.56732,   40.56758      
# span 29 =  -72.08586,  -72.08463      
# span 30 = 0.0000e+00, 0.0000e+00      
# interval = decibars: 0.5              
# start_time = May 25 2021 15:28:07 [System UTC, first data scan.]
# bad_flag = -9.990e-29
*END*
[from data line 141]
     28.281     8.1519    32.4113  1025.3498     2.4417     6.5336     97.902    0.01160    6.67361    6.67956      7.990     0.3627   12.02290   3.394878 1.9749e+00    25.2197    25.2193 4.4876e+01     28.500          1      10235    1480.31 2.2723e+03  51180.970    426.427 1621956914       0.04     -0.264   40.56736  -72.08491 0.0000e+00
     27.784     8.2249    32.3929  1025.3224     2.4525     6.5536     98.240    0.00956    6.67103    6.67693      7.995     0.3496   12.01881   3.399424 2.1427e+00    25.1946    25.1941 4.8798e+01     28.000          1      10266    1480.56 2.2774e+03  51137.717    427.704 1621956915      -0.17     -0.333   40.56736  -72.08490 0.0000e+00
     27.282     8.2611    32.3761  1025.3015     2.4589     6.5476     98.261    0.00659    6.66354    6.66932      7.995     0.3460   12.00650   3.400563 2.2605e+00    25.1760    25.1756 5.1530e+01     27.500          1      10293    1480.66 2.2795e+03  51105.177    428.830 1621956916       0.01     -0.451   40.56736  -72.08490 0.0000e+00
     26.794     8.2891    32.3549  1025.2785     2.4693     6.5466     98.593    0.00522    6.64000    6.64540      7.996     0.3636   11.96818   3.401172 2.4146e+00    25.1553    25.1549 5.5132e+01     27.000          1      10340    1480.73 2.2833e+03  51068.576    430.795 1621956918       0.06     -0.213   40.56736  -72.08490 0.0000e+00
     26.293     8.3518    32.3446  1025.2588     2.4784     6.5622     99.100    0.00624    6.62177    6.62692      7.995     0.3435   11.93799   3.405567 2.5688e+00    25.1380    25.1376 5.8756e+01     26.500          1      10371    1480.95 2.2872e+03  51039.438    432.101 1621956919      -0.08     -0.355   40.56736  -72.08490 0.0000e+00
     25.796     8.5068    32.3034  1025.2011     2.4896     6.5814     99.699    0.00721    6.60127    6.60613      7.996     0.3483   11.90405   3.415889 2.6960e+00    25.0826    25.0822 6.1681e+01     26.000          1      10410    1481.47 2.2879e+03  50946.249    433.689 1621956921       0.05     -0.330   40.56736  -72.08490 0.0000e+00
     25.305     8.7020    32.3018  1025.1681     2.5059     6.5898    100.389    0.00683    6.56425    6.56860      7.998     0.3060   11.84275   3.432825 2.9320e+00    25.0520    25.0516 6.6963e+01     25.500          1      10466    1482.20 2.2838e+03  50901.198    436.055 1621956923       0.02     -0.180   40.56736  -72.08490 0.0000e+00
     24.807     8.8696    32.3068  1025.1441     2.5143     6.5800    100.677    0.00604    6.53572    6.53968      8.002     0.3147   11.79554   3.448384 3.1229e+00    25.0303    25.0299 7.1241e+01     25.000          1      10500    1482.82 2.2812e+03  50872.397    437.468 1621956925      -0.12     -0.329   40.56736  -72.08488 0.0000e+00
     24.314     8.9708    32.3072  1025.1265     2.5226     6.5894    101.114    0.00677    6.51680    6.52049      8.004     0.3265   11.76434   3.457034 3.2897e+00    25.0150    25.0146 7.4902e+01     24.500          1      10526    1483.19 2.2769e+03  50851.298    438.554 1621956926      -0.08     -0.416   40.56736  -72.08488 0.0000e+00
     23.806     9.0560    32.3070  1025.1107     2.5283     6.5953    101.430    0.00753    6.50238    6.50584      8.005     0.3392   11.74078   3.464836 3.5005e+00    25.0016    25.0012 7.9507e+01     24.000          1      10547    1483.49 2.2713e+03  50832.850    439.415 1621956926      -0.12     -0.523   40.56736  -72.08488 0.0000e+00
     23.320     9.3478    32.2973  1025.0549     2.5382     6.5935    101.642    0.00473    6.48700    6.49025      8.006     0.2997   11.71540   3.489824 3.6086e+00    24.9482    24.9478 8.1908e+01     23.500          1      10598    1484.55 2.2697e+03  50759.923    441.522 1621956928       0.11     -0.225   40.56736  -72.08486 0.0000e+00
     22.822     9.5394    32.2687  1024.9997     2.5444     6.5858    101.737    0.00274    6.47340    6.47640      8.006     0.2830   11.69371   3.503326 4.0282e+00    24.8954    24.8950 9.1566e+01     23.000          1      10652    1485.21 2.2732e+03  50681.068    443.774 1621956931      -0.06     -0.193   40.56736  -72.08487 0.0000e+00
     22.329     9.6143    32.2434  1024.9655     2.5521     6.5939    102.174    0.00398    6.45359    6.45627      8.007     0.2658   11.66171   3.506781 4.0800e+00    24.8635    24.8631 9.2363e+01     22.500          1      10696    1485.44 2.2638e+03  50630.615    445.643 1621956933      -0.35     -0.226   40.56736  -72.08486 0.0000e+00
     21.824     9.6643    32.2101  1024.9291     2.5574     6.5916    102.530    0.00562    6.42894    6.43128      8.008     0.2837   11.62106   3.508360 4.4866e+00    24.8294    24.8291 1.0156e+02     22.000          1      10717    1485.58 2.2636e+03  50573.025    446.497 1621956934      -0.20     -0.505   40.56736  -72.08486 0.0000e+00
     21.333     9.7727    32.1605  1024.8705     2.5691     6.5862    103.203    0.00786    6.38180    6.38350      8.007     0.2722   11.54314   3.512739 4.7330e+00    24.7731    24.7728 1.0713e+02     21.500          1      10750    1485.90 2.2635e+03  50482.556    447.865 1621956935       0.17     -0.429   40.56736  -72.08486 0.0000e+00
     20.836    10.0144    32.1220  1024.7984     2.5796     6.5793    103.597    0.00711    6.35085    6.35217      8.007     0.2812   11.49169   3.531731 4.8412e+00    24.7034    24.7030 1.0929e+02     21.000          1      10787    1486.73 2.2575e+03  50382.530    449.434 1621956936      -0.03     -0.318   40.56736  -72.08486 0.0000e+00
     20.342    10.4011    32.1065  1024.7193     2.5838     6.5516    103.459    0.00333    6.33253    6.33361      8.006     0.2752   11.46138   3.564772 5.4034e+00    24.6267    24.6263 1.2209e+02     20.500          1      10825    1488.09 2.2594e+03  50290.629    451.001 1621956938       0.01     -0.316   40.56736  -72.08486 0.0000e+00
     19.845    10.6648    32.1194  1024.6820     2.5840     6.4999    103.130   -0.00005    6.30262    6.30333      8.004     0.2335   11.41170   3.588258 5.6981e+00    24.5917    24.5913 1.2879e+02     20.000          1      10877    1489.04 2.2603e+03  50262.218    453.162 1621956940       0.05     -0.219   40.56736  -72.08486 0.0000e+00
     19.352    10.7843    32.1391  1024.6744     2.5860     6.4604    103.243    0.00116    6.25749    6.25760      8.000     0.2575   11.33737   3.600734 5.9512e+00    24.5865    24.5861 1.3395e+02     19.500          1      10923    1489.48 2.2507e+03  50270.037    455.091 1621956942      -0.25     -0.249   40.56736  -72.08484 0.0000e+00
     18.852    10.9081    32.1327  1024.6456     2.5877     6.4144    103.290    0.00170    6.21013    6.20958      7.999     0.2455   11.25988   3.611392 6.5855e+00    24.5600    24.5596 1.4896e+02     19.000          1      10946    1489.90 2.2619e+03  50239.483    456.051 1621956943      -0.13     -0.464   40.56736  -72.08484 0.0000e+00
     18.354    11.0856    32.1288  1024.6091     2.5969     6.4338    103.994    0.00546    6.18671    6.18584      7.998     0.2619   11.22160   3.626940 6.2827e+00    24.5258    24.5254 1.4230e+02     18.500          1      10972    1490.52 2.2650e+03  50204.673    457.107 1621956944       0.03     -0.493   40.56736  -72.08484 0.0000e+00
     17.859    11.5123    32.0455  1024.4656     2.6072     6.4434    104.583    0.00720    6.16105    6.15986      8.000     0.2978   11.17924   3.657346 6.9943e+00    24.3847    24.3843 1.5864e+02     18.000          1      11009    1491.90 2.2680e+03  50020.155    458.673 1621956946       0.12     -0.354   40.56736  -72.08484 0.0000e+00
     17.365    11.9188    31.9608  1024.3236     2.6143     6.3911    104.546    0.00332    6.11321    6.11140      8.000     0.2986   11.10049   3.684058 7.3724e+00    24.2451    24.2447 1.6741e+02     17.500          1      11056    1493.20 2.2708e+03  49838.530    460.627 1621956948      -0.06     -0.243   40.56736  -72.08484 0.0000e+00
     16.869    12.1362    31.9407  1024.2653     2.6198     6.3733    104.779    0.00362    6.08264    6.08045      8.001     0.2951   11.05012   3.701611 8.3799e+00    24.1891    24.1887 1.9028e+02     17.000          1      11092    1493.92 2.2707e+03  49779.015    462.145 1621956949      -0.03     -0.323   40.56736  -72.08484 0.0000e+00
     16.371    12.4593    31.9049  1024.1743     2.6220     6.3126    104.659    0.00170    6.03162    6.02882      8.002     0.2874   10.96583   3.727002 8.4805e+00    24.1005    24.1001 1.9257e+02     16.500          1      11131    1494.97 2.2707e+03  49683.038    463.747 1621956951       0.05     -0.321   40.56735  -72.08483 0.0000e+00
     15.882    12.7963    31.8565  1024.0702     2.6304     6.2679    105.177    0.00489    5.95934    5.95566      8.001     0.3040   10.84704   3.752268 9.2519e+00    23.9987    23.9983 2.0996e+02     16.000          1      11177    1496.05 2.2694e+03  49570.118    465.661 1621956953      -0.08     -0.217   40.56734  -72.08482 0.0000e+00
     15.377    13.0754    31.8483  1024.0072     2.6352     6.2590    105.408    0.00543    5.93790    5.93397      8.001     0.2927   10.81170   3.776501 9.5103e+00    23.9381    23.9377 2.1526e+02     15.500          1      11201    1496.97 2.2634e+03  49520.109    466.655 1621956954      -0.17     -0.414   40.56734  -72.08482 0.0000e+00
     14.883    13.5166    31.7759  1023.8616     2.6359     6.2282    105.152    0.00169    5.92305    5.91894      8.003     0.2805   10.78728   3.808817 1.0223e+01    23.7948    23.7944 2.3121e+02     15.000          1      11232    1498.34 2.2617e+03  49365.765    467.968 1621956955       0.10     -0.422   40.56734  -72.08482 0.0000e+00
     14.387    13.9109    31.7204  1023.7369     2.6284     6.1679    104.381   -0.00374    5.90903    5.90476      8.004     0.2200   10.76403   3.837461 1.0729e+01    23.6724    23.6720 2.4202e+02     14.500          1      11276    1499.57 2.2561e+03  49241.867    469.774 1621956957       0.06     -0.291   40.56734  -72.08482 0.0000e+00
     13.899    14.0570    31.6902  1023.6817     2.6196     6.1305    103.937   -0.00374    5.89833    5.89394      8.004     0.2069   10.74633   3.846096 1.6266e+01    23.6195    23.6191 2.6703e+02     14.000          1      11323    1500.01 1.6402e+03  49181.371    471.754 1621956959      -0.10     -0.202   40.56734  -72.08481 0.0000e+00
     13.391    14.1664    31.6924  1023.6586     2.6122     6.0966    103.473   -0.00499    5.89192    5.88746      8.004     0.1824   10.73580   3.855739 1.3150e+01    23.5987    23.5983 2.6926e+02     13.500          1      11355    1500.36 2.0918e+03  49172.884    473.095 1621956960      -0.09     -0.332   40.56734  -72.08480 0.0000e+00
     12.905    14.2786    31.6805  1023.6241     2.6020     6.0566    103.106   -0.00253    5.87411    5.86944      8.005     0.1389   10.70644   3.863784 1.2081e+01    23.5663    23.5659 2.7574e+02     13.000          1      11420    1500.70 2.2806e+03  49143.353    475.800 1621956963      -0.30     -0.119   40.56734  -72.08480 0.0000e+00
     12.401    14.3359    31.6810  1023.6103     2.5990     6.0432    102.876   -0.00374    5.87427    5.86960      8.006     0.1361   10.70679   3.868656 1.5687e+01    23.5548    23.5544 3.1220e+02     12.500          1      11442    1500.88 2.0202e+03  49137.773    476.712 1621956964      -0.22     -0.440   40.56734  -72.08480 0.0000e+00
     11.906    14.4124    31.6664  1023.5809     2.5936     6.0266    102.588   -0.00402    5.87451    5.86984 -9.990e-29     0.1436   10.70719   3.873870 1.4040e+01    23.5277    23.5273 3.1243e+02     12.000          1      11469    1501.10 2.2309e+03  49108.832    477.819 1621956965       0.06     -0.484   40.56734  -72.08480 0.0000e+00
     11.409    14.4547    31.6554  1023.5613     2.5866     6.0050    102.228   -0.00426    5.87418    5.86950 -9.990e-29     0.1237   10.70679   3.875736 1.4937e+01    23.5103    23.5100 3.3998e+02     11.500          1      11508    1501.22 2.2763e+03  49088.723    479.469 1621956967       0.11     -0.335   40.56734  -72.08480 0.0000e+00
     10.917    14.4644    31.6427  1023.5473     2.5801     5.9937    102.036   -0.00228    5.87408    5.86939 -9.990e-29     0.1245   10.70674   3.874599 1.6164e+01    23.4985    23.4982 3.6860e+02     11.000          1      11569    1501.23 2.2803e+03  49069.755    481.993 1621956969      -0.07     -0.167   40.56734  -72.08480 0.0000e+00
     10.416    14.4700    31.6301  1023.5342     2.5790     5.9966    102.088   -0.00078    5.87396    5.86927      8.011     0.0971   10.70650   3.873236 1.6474e+01    23.4876    23.4873 3.7634e+02     10.500          1      11696    1501.22 2.2846e+03  49051.308    487.280 1621956974      -0.00     -0.157   40.56734  -72.08478 0.0000e+00
      9.921    14.4747    31.6335  1023.5336     2.5874     6.0260    102.603    0.00099    5.87314    5.86844      8.043     0.0832   10.70529   3.873113 1.6481e+01    23.4892    23.4890 3.7508e+02     10.000          1      13037    1501.23 2.2757e+03  49055.330    543.154 1621957030      -0.34     -0.206   40.56732  -72.08469 0.0000e+00
      9.420    14.4754    31.6290  1023.5277     2.5869     6.0186    102.484   -0.00014    5.87269    5.86797      8.039     0.0589   10.70470   3.872741 1.8388e+01    23.4856    23.4853 4.1818e+02      9.500          1      13153    1501.22 2.2741e+03  49048.761    547.987 1621957035      -0.23     -0.438   40.56732  -72.08468 0.0000e+00
      8.937    14.4809    31.6151  1023.5137     2.5844     6.0037    102.247   -0.00163    5.87177    5.86704      8.039     0.0484   10.70324   3.871691 1.9522e+01    23.4737    23.4734 4.4267e+02      9.000          1      13203    1501.22 2.2677e+03  49028.394    550.083 1621957037       0.20     -0.347   40.56732  -72.08468 0.0000e+00
      8.439    14.4870    31.6049  1023.5023     2.5822     5.9945    102.112   -0.00197    5.87047    5.86573      8.039     0.0555   10.70114   3.871151 1.8835e+01    23.4646    23.4643 4.2709e+02      8.500          1      13227    1501.22 2.2674e+03  49013.404    551.087 1621957038      -0.28     -0.351   40.56732  -72.08468 0.0000e+00
      7.934    14.4918    31.6010  1023.4961     2.5819     5.9938    102.112   -0.00164    5.86984    5.86508 -9.990e-29     0.0407   10.70010   3.871152 2.2810e+01    23.4606    23.4604 5.1755e+02      8.000          1      13244    1501.22 2.2689e+03  49007.242    551.787 1621957039      -0.29     -0.581   40.56732  -72.08468 0.0000e+00
      7.438    14.4969    31.5981  1023.4905     2.5820     5.9982    102.198   -0.00038    5.86912    5.86436 -9.990e-29     0.0347   10.69893   3.871291 2.4018e+01    23.4573    23.4570 5.4489e+02      7.500          1      13265    1501.22 2.2687e+03  49002.375    552.685 1621957040       0.08     -0.648   40.56732  -72.08468 0.0000e+00
      6.947    14.5073    31.5942  1023.4831     2.5814     5.9938    102.152   -0.00048    5.86758    5.86280 -9.990e-29     0.0412   10.69640   3.871845 2.5894e+01    23.4520    23.4518 5.8701e+02      7.000          1      13293    1501.24 2.2669e+03  48995.588    553.847 1621957041       0.13     -0.465   40.56732  -72.08467 0.0000e+00
      6.450    14.5180    31.5912  1023.4763     2.5812     5.9935    102.164   -0.00007    5.86657    5.86177 -9.990e-29     0.0323   10.69473   3.872404 2.6422e+01    23.4475    23.4473 5.9897e+02      6.500          1      13321    1501.27 2.2669e+03  48989.903    554.985 1621957042      -0.02     -0.432   40.56732  -72.08466 0.0000e+00
      5.955    14.5291    31.5883  1023.4696     2.5812     5.9918    102.146   -0.00022    5.86594    5.86114 -9.990e-29     0.0074   10.69368   3.873169 2.9696e+01    23.4429    23.4428 6.7301e+02      6.000          1      13347    1501.29 2.2662e+03  48984.564    556.066 1621957043      -0.02     -0.449   40.56732  -72.08466 0.0000e+00
