CalculateIndicators/WaterTemperature/Data/CTD_NYOS/20210323_C17.cnv
* Sea-Bird SBE 9 Data File:
* FileName = C:\Seabird 9 CTD\Data\2021\202103_offshore\20210323_C17.hex
* Software Version Seasave V 7.23.2
* Temperature SN = 4590
* Conductivity SN = 3228
* Number of Bytes Per Scan = 44
* Number of Voltage Words = 5
* Number of Scans Averaged by the Deck Unit = 1
* NMEA Latitude = 40 23.17 N
* NMEA Longitude = 072 42.97 W
* NMEA UTC (Time) = Mar 23 2021  09:01:04
* NMEA baud rate = 4800
** Ship: RV Seawolf
** Station: 4.2
** Operator: TCM
# nquan = 31
# nvalues = 85                          
# units = specified
# name 0 = depSM: Depth [salt water, m]
# name 1 = t090C: Temperature [ITS-90, deg C]
# name 2 = sal00: Salinity, Practical [PSU]
# name 3 = density00: Density [density, kg/m^3]
# name 4 = sbeox0V: Oxygen raw, SBE 43 [V]
# name 5 = sbeox0ML/L: Oxygen, SBE 43 [ml/l]
# name 6 = sbeox0PS: Oxygen, SBE 43 [% saturation]
# name 7 = sbox0dV/dT: Oxygen, SBE 43 [dov/dt]
# name 8 = oxsolML/L: Oxygen Saturation, Garcia & Gordon [ml/l]
# name 9 = oxsatML/L: Oxygen Saturation, Weiss [ml/l]
# name 10 = ph: pH
# name 11 = flECO-AFL: Fluorescence, WET Labs ECO-AFL/FL [mg/m^3]
# name 12 = n2satML/L: Nitrogen Saturation [ml/l]
# name 13 = c0S/m: Conductivity [S/m]
# name 14 = cpar: CPAR/Corrected Irradiance [%]
# name 15 = sigma-é00: Density [sigma-theta, kg/m^3]
# name 16 = sigma-t00: Density [sigma-t, kg/m^3 ]
# name 17 = par: PAR/Irradiance, Biospherical/Licor
# name 18 = prDM: Pressure, Digiquartz [db]
# name 19 = pumps: Pump Status
# name 20 = scan: Scan Count
# name 21 = svCM: Sound Velocity [Chen-Millero, m/s]
# name 22 = spar: SPAR, Biospherical/Licor
# name 23 = specc: Specific Conductance [uS/cm]
# name 24 = timeS: Time, Elapsed [seconds]
# name 25 = timeY: Time, System [seconds]
# name 26 = accM: Acceleration [m/s^2]
# name 27 = dz/dtM: Descent Rate [m/s]
# name 28 = latitude: Latitude [deg]
# name 29 = longitude: Longitude [deg]
# name 30 = flag: flag
# span 0 =      1.980,     43.667       
# span 1 =     5.3720,     6.4668       
# span 2 =    32.8275,    32.9441       
# span 3 =  1025.8712,  1026.1656       
# span 4 =     2.4290,     2.5273       
# span 5 =     6.8401,     7.0735       
# span 6 =     97.018,    101.219       
# span 7 =   -0.00361,    0.00457       
# span 8 =    6.92822,    7.11289       
# span 9 =    6.93867,    7.12617       
# span 10 =      8.477,      8.497      
# span 11 =     0.7109,     1.0363      
# span 12 =   12.43660,   12.74288      
# span 13 =   3.190302,   3.294334      
# span 14 = -6.171e+03, 9.1572e+04      
# span 15 =    25.8577,    25.9623      
# span 16 =    25.8575,    25.9619      
# span 17 = 1.0000e-12, 3.7851e-02      
# span 18 =      2.000,     44.000      
# span 19 =          1,          1      
# span 20 =        165,      14706      
# span 21 =    1469.77,    1474.04      
# span 22 = 1.6641e-01, 2.0966e+00      
# span 23 =  52340.490,  52597.600      
# span 24 =      6.818,    612.728      
# span 25 = 1616490072, 1616490678      
# span 26 =      -0.26,       0.42      
# span 27 =     -0.672,      0.570      
# span 28 =   40.38560,   40.38630      
# span 29 =  -72.71737,  -72.71619      
# span 30 = 0.0000e+00, 0.0000e+00      
# interval = decibars: 1                
# start_time = Mar 23 2021 09:01:05 [System UTC, first data scan.]
# bad_flag = -9.990e-29
*END*
      1.985     6.4668    32.9389  1025.8747     2.5273     7.0122    101.207   -0.00007    6.92822    6.93867      8.487     0.7901   12.43660   3.294334 9.1572e+04    25.8655    25.8655 3.7851e-02      2.000          1        165    1474.02 1.6641e-01  52343.590      6.818 1616490072       0.20      0.093   40.38630  -72.71619 0.0000e+00
      2.980     6.4660    32.9386  1025.8792     2.5270     7.0141    101.211   -0.00006    6.92862    6.93907      8.487     0.7841   12.43727   3.294287 7.8104e+03    25.8654    25.8653 2.2406e-02      3.000          1        394    1474.04 1.8205e+00  52344.080     16.367 1616490082       0.04      0.422   40.38630  -72.71622 0.0000e+00
      3.968     6.4638    32.9380  1025.8836     2.5262     7.0101    101.151   -0.00049    6.93122    6.94172      8.487     0.8162   12.44161   3.294046 1.8330e-03    25.8652    25.8652 3.6196e-05      4.000          1        549    1474.04 1.9747e+00  52344.622     22.844 1616490088       0.27      0.335   40.38628  -72.71623 0.0000e+00
      4.962     6.4451    32.9340  1025.8875     2.5254     7.0137    101.153   -0.00020    6.93275    6.94327      8.487     0.7929   12.44417   3.292091 4.9524e+04    25.8644    25.8644 1.0000e-12      5.000          1        652    1473.98 9.9674e-01  52344.757     27.112 1616490092      -0.06      0.200   40.38628  -72.71624 0.0000e+00
      5.955     6.4374    32.9323  1025.8917     2.5253     7.0170    101.189    0.00004    6.93365    6.94418      8.487     0.8200   12.44567   3.291301 5.5315e+03    25.8641    25.8640 1.0000e-12      6.000          1        762    1473.97 1.8655e+00  52345.123     31.715 1616490097      -0.02      0.273   40.38628  -72.71624 0.0000e+00
      6.945     6.4301    32.9310  1025.8963     2.5247     7.0140    101.149   -0.00025    6.93525    6.94580      8.487     0.7992   12.44832   3.290604 -3.106e+01    25.8641    25.8640 1.0000e-12      7.000          1        885    1473.95 1.9753e+00  52346.123     36.833 1616490102       0.05      0.191   40.38626  -72.71625 0.0000e+00
      7.939     6.4271    32.9306  1025.9009     2.5246     7.0167    101.181    0.00005    6.93403    6.94457      8.487     0.8068   12.44629   3.290383 5.0640e-11    25.8641    25.8640 1.0000e-12      8.000          1        996    1473.96 1.9747e+00  52347.018     41.442 1616490107       0.04      0.223   40.38626  -72.71626 0.0000e+00
      8.930     6.4355    32.9318  1025.9054     2.5251     7.0260    101.219    0.00002    6.93498    6.94554      8.487     0.8308   12.44785   3.291304 5.0640e-11    25.8640    25.8639 1.0000e-12      9.000          1       1106    1474.01 1.9747e+00  52347.100     46.045 1616490111      -0.02      0.226   40.38626  -72.71628 0.0000e+00
      9.921     6.3046    32.9230  1025.9196     2.5139     7.0378    100.418   -0.00361    7.00120    7.01277      8.490     0.8078   12.55761   3.278396 5.0640e-11    25.8736    25.8735 1.0000e-12     10.000          1       1232    1473.49 1.9747e+00  52372.523     51.290 1616490116       0.08      0.167   40.38626  -72.71628 0.0000e+00
     10.917     5.9133    32.8887  1025.9459     2.5046     7.0732    100.270   -0.00138    7.04411    7.05634      8.494     0.7646   12.62868   3.240532 2.5218e+04    25.8952    25.8950 1.0000e-12     11.000          1       1338    1471.91 1.4767e+00  52437.341     55.705 1616490121       0.09      0.251   40.38626  -72.71629 0.0000e+00
     11.907     5.7141    32.8779  1025.9662     2.5014     7.0735    100.264   -0.00029    7.05770    7.07015      8.496     0.7670   12.65120   3.223141 -1.617e+03    25.9108    25.9107 1.0000e-12     12.000          1       1453    1471.12 2.0066e+00  52482.093     60.514 1616490126       0.01      0.203   40.38625  -72.71630 0.0000e+00
     12.901     5.6800    32.8733  1025.9713     2.4983     7.0676    100.085   -0.00073    7.06236    7.07487      8.495     0.8242   12.65893   3.220157 5.0640e-11    25.9112    25.9111 1.0000e-12     13.000          1       1572    1470.99 1.9747e+00  52486.551     65.442 1616490131       0.04      0.237   40.38624  -72.71630 0.0000e+00
     13.891     5.6641    32.8712  1025.9762     2.4960     7.0660    100.000   -0.00058    7.06441    7.07696      8.493     0.8098   12.66233   3.218911 5.0640e-11    25.9115    25.9113 1.0000e-12     14.000          1       1677    1470.94 1.9747e+00  52489.114     69.844 1616490135       0.04      0.234   40.38624  -72.71632 0.0000e+00
     14.888     5.6125    32.8663  1025.9831     2.4901     7.0523     99.600   -0.00197    7.07958    7.09236      8.493     0.9098   12.68744   3.213773 5.0640e-11    25.9137    25.9136 1.0000e-12     15.000          1       1785    1470.74 1.9747e+00  52498.580     74.333 1616490139       0.22      0.394   40.38624  -72.71632 0.0000e+00
     15.876     5.5639    32.8660  1025.9933     2.4867     7.0496     99.606   -0.00044    7.07852    7.09129 -9.990e-29     0.9440   12.68565   3.210029 5.0640e-11    25.9193    25.9191 1.0000e-12     16.000          1       1912    1470.56 1.9747e+00  52513.777     79.622 1616490145       0.07      0.174   40.38623  -72.71634 0.0000e+00
     16.868     5.5689    32.8683  1025.9991     2.4849     7.0437     99.536   -0.00035    7.07857    7.09135 -9.990e-29     0.9797   12.68572   3.210767 5.0640e-11    25.9205    25.9203 1.0000e-12     17.000          1       2024    1470.60 1.9747e+00  52516.229     84.294 1616490149      -0.01      0.190   40.38622  -72.71634 0.0000e+00
     17.861     5.5706    32.8706  1026.0053     2.4821     7.0306     99.366   -0.00074    7.07742    7.09018 -9.990e-29     1.0054   12.68376   3.211228 5.0640e-11    25.9221    25.9219 1.0000e-12     18.000          1       2130    1470.63 1.9747e+00  52519.698     88.719 1616490154       0.02      0.255   40.38622  -72.71634 0.0000e+00
     18.851     5.5758    32.8743  1026.0122     2.4790     7.0196     99.256   -0.00046    7.07656    7.08932      8.490     1.0191   12.68231   3.212066 5.0640e-11    25.9244    25.9242 1.0000e-12     19.000          1       2263    1470.67 1.9747e+00  52524.135     94.267 1616490159       0.04      0.146   40.38621  -72.71635 0.0000e+00
     19.847     5.5794    32.8777  1026.0192     2.4746     6.9970     98.983   -0.00107    7.07574    7.08848      8.489     1.0191   12.68091   3.212766 5.0640e-11    25.9267    25.9265 1.0000e-12     20.000          1       2357    1470.71 1.9747e+00  52528.811     98.161 1616490163       0.06      0.324   40.38620  -72.71636 0.0000e+00
     20.839     5.5838    32.8811  1026.0260     2.4691     6.9805     98.744   -0.00086    7.07485    7.08758 -9.990e-29     1.0181   12.67941   3.213469 5.0640e-11    25.9288    25.9287 1.0000e-12     21.000          1       2489    1470.74 1.9747e+00  52532.942    103.657 1616490169       0.18      0.366   40.38620  -72.71636 0.0000e+00
     21.829     5.5877    32.8834  1026.0319     2.4639     6.9638     98.468   -0.00110    7.07470    7.08743 -9.990e-29     1.0060   12.67915   3.214060 5.0640e-11    25.9302    25.9300 1.0000e-12     22.000          1       2597    1470.78 1.9747e+00  52535.796    108.152 1616490173      -0.04      0.193   40.38619  -72.71637 0.0000e+00
     22.819     5.5876    32.8842  1026.0372     2.4604     6.9581     98.401   -0.00032    7.07497    7.08771 -9.990e-29     0.9915   12.67959   3.214151 5.0640e-11    25.9309    25.9307 1.0000e-12     23.000          1       2735    1470.80 1.9747e+00  52537.693    113.935 1616490179       0.34      0.322   40.38618  -72.71638 0.0000e+00
     23.816     5.5864    32.8844  1026.0421     2.4590     6.9523     98.314   -0.00053    7.07471    7.08744      8.484     0.9664   12.67912   3.214102 5.0640e-11    25.9312    25.9309 1.0000e-12     24.000          1       2830    1470.81 1.9747e+00  52539.023    117.894 1616490183       0.00      0.404   40.38618  -72.71640 0.0000e+00
     24.809     5.5871    32.8852  1026.0474     2.4577     6.9524     98.253   -0.00057    7.07446    7.08719      8.485     0.9491   12.67873   3.214294 5.0640e-11    25.9318    25.9315 1.0000e-12     25.000          1       2935    1470.83 1.9747e+00  52540.802    122.251 1616490187       0.12      0.419   40.38618  -72.71640 0.0000e+00
     25.798     5.5905    32.8863  1026.0525     2.4583     6.9629     98.367    0.00008    7.07323    7.08594      8.483     0.9781   12.67666   3.214737 5.0640e-11    25.9322    25.9320 1.0000e-12     26.000          1       3069    1470.86 1.9747e+00  52542.039    127.816 1616490193       0.16      0.286   40.38618  -72.71642 0.0000e+00
     26.790     5.6057    32.8914  1026.0593     2.4652     6.9956     98.916    0.00199    7.06886    7.08152      8.491     0.9667   12.66935   3.216622 5.0640e-11    25.9345    25.9342 1.0000e-12     27.000          1       3184    1470.94 1.9747e+00  52545.367    132.626 1616490198       0.04      0.218   40.38616  -72.71643 0.0000e+00
     27.785     5.6233    32.8983  1026.0673     2.4652     6.9636     98.693   -0.00019    7.06733    7.07996      8.487     0.9137   12.66676   3.218771 5.0640e-11    25.9378    25.9376 1.0000e-12     28.000          1       3280    1471.04 1.9747e+00  52550.615    136.627 1616490202       0.09      0.318   40.38616  -72.71644 0.0000e+00
     28.774     5.6325    32.9020  1026.0738     2.4615     6.9544     98.572    0.00027    7.06360    7.07619      8.486     0.9246   12.66050   3.219938 5.0640e-11    25.9397    25.9395 1.0000e-12     29.000          1       3407    1471.10 1.9747e+00  52553.958    141.914 1616490207       0.04      0.305   40.38616  -72.71644 0.0000e+00
     29.769     5.6465    32.9094  1026.0826     2.4571     6.9288     98.210   -0.00113    7.06307    7.07565      8.485     0.8512   12.65961   3.221874 5.0640e-11    25.9439    25.9437 1.0000e-12     30.000          1       3499    1471.18 1.9747e+00  52561.105    145.731 1616490211       0.09      0.347   40.38614  -72.71645 0.0000e+00
     30.757     5.6520    32.9124  1026.0889     2.4525     6.9249     98.065   -0.00052    7.06244    7.07502      8.484     0.8992   12.65855   3.222598 5.0640e-11    25.9457    25.9454 1.0000e-12     31.000          1       3627    1471.22 1.9747e+00  52564.383    151.099 1616490216       0.20      0.451   40.38614  -72.71646 0.0000e+00
     31.756     5.6532    32.9131  1026.0940     2.4515     6.9227     98.026   -0.00042    7.06214    7.07471      8.483     0.8711   12.65803   3.222787 5.0640e-11    25.9460    25.9457 1.0000e-12     32.000          1       3708    1471.24 1.9747e+00  52565.743    154.472 1616490220       0.07      0.523   40.38613  -72.71646 0.0000e+00
     32.749     5.6550    32.9141  1026.0992     2.4495     6.9106     97.914   -0.00067    7.06149    7.07405 -9.990e-29     0.8600   12.65694   3.223083 5.0640e-11    25.9467    25.9464 1.0000e-12     33.000          1       3822    1471.27 1.9747e+00  52567.412    159.202 1616490224      -0.05      0.570   40.38612  -72.71646 0.0000e+00
     33.733     5.6635    32.9170  1026.1050     2.4446     6.8799     97.692   -0.00054    7.05622    7.06871      8.481     0.8181   12.64809   3.224123 5.0640e-11    25.9479    25.9476 1.0000e-12     34.000          1       3988    1471.32 1.9747e+00  52569.586    166.109 1616490231       0.15      0.116   40.38610  -72.71647 0.0000e+00
     34.729     5.6971    32.9313  1026.1169     2.4374     6.8474     97.159   -0.00224    7.05302    7.06547 -9.990e-29     0.8079   12.64272   3.228462 1.9722e+04    25.9552    25.9549 1.0000e-12     35.000          1       4070    1471.49 1.5852e+00  52580.675    169.541 1616490235      -0.01      0.298   40.38610  -72.71648 0.0000e+00
     35.719     5.7071    32.9364  1026.1244     2.4318     6.8517     97.113   -0.00017    7.05235    7.06479      8.477     0.7920   12.64157   3.229697 4.6711e+04    25.9581    25.9577 1.0000e-12     36.000          1       4213    1471.56 1.0523e+00  52585.710    175.506 1616490241       0.25      0.167   40.38609  -72.71648 0.0000e+00
     36.713     5.7073    32.9371  1026.1295     2.4325     6.8551     97.192    0.00021    7.05212    7.06456      8.478     0.7709   12.64120   3.229823 -1.443e+03    25.9586    25.9582 1.0000e-12     37.000          1       4291    1471.57 2.0032e+00  52587.367    178.755 1616490244      -0.04      0.386   40.38608  -72.71650 0.0000e+00
     37.710     5.7092    32.9384  1026.1350     2.4327     6.8547     97.209    0.00009    7.05137    7.06380      8.480     0.7496   12.63992   3.230149 5.0640e-11    25.9595    25.9591 1.0000e-12     38.000          1       4408    1471.60 1.9747e+00  52589.467    183.643 1616490249       0.42      0.455   40.38608  -72.71650 0.0000e+00
     38.699     5.7127    32.9399  1026.1404     2.4325     6.8507     97.188   -0.00008    7.05098    7.06340      8.480     0.8076   12.63927   3.230613 5.0640e-11    25.9602    25.9598 1.0000e-12     39.000          1       4487    1471.63 1.9747e+00  52591.235    186.909 1616490252      -0.07      0.347   40.38608  -72.71650 0.0000e+00
     39.681     5.7153    32.9411  1026.1456     2.4315     6.8509     97.175    0.00002    7.05046    7.06288      8.480     0.7630   12.63840   3.230975 5.0640e-11    25.9608    25.9604 1.0000e-12     40.000          1       4613    1471.66 1.9747e+00  52592.819    192.168 1616490257       0.23      0.168   40.38607  -72.71652 0.0000e+00
     40.685     5.7163    32.9415  1026.1505     2.4314     6.8474     97.163   -0.00005    7.05047    7.06288      8.479     0.7594   12.63841   3.231149 5.0640e-11    25.9611    25.9607 1.0000e-12     41.000          1       4679    1471.68 1.9747e+00  52593.928    194.899 1616490260       0.06      0.482   40.38606  -72.71653 0.0000e+00
     41.674     5.7170    32.9419  1026.1553     2.4309     6.8492     97.131   -0.00022    7.05041    7.06283      8.480     0.7290   12.63833   3.231271 5.0640e-11    25.9613    25.9609 1.0000e-12     42.000          1       4808    1471.70 1.9747e+00  52594.910    200.279 1616490265       0.06      0.439   40.38606  -72.71654 0.0000e+00
     42.670     5.7176    32.9421  1026.1600     2.4304     6.8480     97.136   -0.00002    7.05034    7.06275 -9.990e-29     0.7585   12.63819   3.231386 1.2556e+04    25.9614    25.9610 1.0000e-12     43.000          1       4976    1471.72 1.7267e+00  52595.750    207.286 1616490272      -0.03      0.402   40.38606  -72.71656 0.0000e+00
     43.667     5.7233    32.9441  1026.1656     2.4290     6.8401     97.018   -0.00047    7.05003    7.06244      8.481     0.7109   12.63767   3.232096 -4.761e+03    25.9623    25.9619 1.0000e-12     44.000          1       5921    1471.76 2.0687e+00  52597.600    246.672 1616490312      -0.26      0.289   40.38601  -72.71662 0.0000e+00
     42.660     5.7201    32.9430  1026.1604     2.4296     6.8470     97.102    0.00005    7.04980    7.06221      8.481     0.7566   12.63729   3.231658 2.3536e+04    25.9618    25.9614 1.0000e-12     43.000          1       6099    1471.73 1.5099e+00  52596.265    254.089 1616490319      -0.12     -0.329   40.38599  -72.71664 0.0000e+00
     41.673     5.7208    32.9431  1026.1558     2.4302     6.8471     97.102   -0.00001    7.04993    7.06235      8.481     0.7587   12.63752   3.231692 -1.726e+03    25.9618    25.9614 1.0000e-12     42.000          1       6717    1471.71 2.0088e+00  52595.557    279.843 1616490345      -0.08     -0.166   40.38598  -72.71670 0.0000e+00
     40.678     5.7195    32.9427  1026.1510     2.4310     6.8506     97.163    0.00026    7.05013    7.06255      8.481     0.7897   12.63785   3.231499 5.0640e-11    25.9616    25.9613 1.0000e-12     41.000          1       6784    1471.69 1.9747e+00  52594.660    282.643 1616490348      -0.02     -0.346   40.38597  -72.71671 0.0000e+00
