CalculateIndicators/WaterTemperature/Data/CTD_NYOS/20210322_C078.cnv
* Sea-Bird SBE 9 Data File:
* FileName = C:\Seabird 9 CTD\Data\2021\202103_offshore\20210322_C078.hex
* Software Version Seasave V 7.23.2
* Temperature SN = 4590
* Conductivity SN = 3228
* Number of Bytes Per Scan = 44
* Number of Voltage Words = 5
* Number of Scans Averaged by the Deck Unit = 1
* NMEA Latitude = 38 32.01 N
* NMEA Longitude = 073 04.38 W
* NMEA UTC (Time) = Mar 22 2021  02:12:45
* NMEA baud rate = 4800
** Ship: RV Seawolf
** Station: 7.6
** Operator: TCM
# nquan = 31
# nvalues = 605                         
# units = specified
# name 0 = depSM: Depth [salt water, m]
# name 1 = t090C: Temperature [ITS-90, deg C]
# name 2 = sal00: Salinity, Practical [PSU]
# name 3 = density00: Density [density, kg/m^3]
# name 4 = sbeox0V: Oxygen raw, SBE 43 [V]
# name 5 = sbeox0ML/L: Oxygen, SBE 43 [ml/l]
# name 6 = sbeox0PS: Oxygen, SBE 43 [% saturation]
# name 7 = sbox0dV/dT: Oxygen, SBE 43 [dov/dt]
# name 8 = oxsolML/L: Oxygen Saturation, Garcia & Gordon [ml/l]
# name 9 = oxsatML/L: Oxygen Saturation, Weiss [ml/l]
# name 10 = ph: pH
# name 11 = flECO-AFL: Fluorescence, WET Labs ECO-AFL/FL [mg/m^3]
# name 12 = n2satML/L: Nitrogen Saturation [ml/l]
# name 13 = c0S/m: Conductivity [S/m]
# name 14 = cpar: CPAR/Corrected Irradiance [%]
# name 15 = sigma-é00: Density [sigma-theta, kg/m^3]
# name 16 = sigma-t00: Density [sigma-t, kg/m^3 ]
# name 17 = par: PAR/Irradiance, Biospherical/Licor
# name 18 = prDM: Pressure, Digiquartz [db]
# name 19 = pumps: Pump Status
# name 20 = scan: Scan Count
# name 21 = svCM: Sound Velocity [Chen-Millero, m/s]
# name 22 = spar: SPAR, Biospherical/Licor
# name 23 = specc: Specific Conductance [uS/cm]
# name 24 = timeS: Time, Elapsed [seconds]
# name 25 = timeY: Time, System [seconds]
# name 26 = accM: Acceleration [m/s^2]
# name 27 = dz/dtM: Descent Rate [m/s]
# name 28 = latitude: Latitude [deg]
# name 29 = longitude: Longitude [deg]
# name 30 = flag: flag
# span 0 =      0.956,    300.516       
# span 1 =    10.5143,    13.4582       
# span 2 =    35.3636,    35.6706       
# span 3 =  1026.7574,  1028.5092       
# span 4 =     1.4172,     2.4106       
# span 5 =     2.9147,     5.5581       
# span 6 =     47.413,     94.108       
# span 7 =   -0.01815,    0.01996       
# span 8 =    5.84736,    6.23248       
# span 9 =    5.84496,    6.23504       
# span 10 =      8.340,      8.556      
# span 11 =    -0.0675,     0.9567      
# span 12 =   10.61781,   11.25816      
# span 13 =   3.907413,   4.219607      
# span 14 = -1.546e+04, 1.3775e+05      
# span 15 =    26.7520,    27.1526      
# span 16 =    26.7517,    27.1461      
# span 17 = -2.977e-02, 3.8100e-02      
# span 18 =      1.000,    303.000      
# span 19 =          1,          1      
# span 20 =        275,      64757      
# span 21 =    1497.10,    1505.35      
# span 22 = -7.455e-01, 2.2800e+00      
# span 23 =  54541.079,  55007.621      
# span 24 =     11.430,   2698.153      
# span 25 = 1616379177, 1616381864      
# span 26 =      -0.93,       0.88      
# span 27 =     -1.236,      1.346      
# span 28 =   38.53147,   38.53362      
# span 29 =  -73.09139,  -73.07317      
# span 30 = 0.0000e+00, 0.0000e+00      
# interval = decibars: 1                
# start_time = Mar 22 2021 02:12:46 [System UTC, first data scan.]
# bad_flag = -9.990e-29
*END*
[from data line 468]
    135.915    13.3680    35.6430  1027.4263     2.2504     5.1345     87.636   -0.00023    5.85957    5.85730      8.534     0.0784   10.63833   4.206187 5.0640e-11    26.8201    26.8162 1.0000e-12    137.000          1      48581    1504.44 1.9747e+00  54809.515   2024.160 1616381190      -0.20     -0.614   38.53192  -73.08693 0.0000e+00
    134.924    13.3642    35.6413  1027.4214     2.2495     5.1271     87.573   -0.00023    5.86077    5.85851      8.534     0.0707   10.64036   4.205581 5.0640e-11    26.8196    26.8157 1.0000e-12    136.000          1      48679    1504.41 1.9747e+00  54807.159   2028.253 1616381194       0.00     -0.666   38.53192  -73.08696 0.0000e+00
    133.941    13.3580    35.6383  1027.4159     2.2463     5.1132     87.322   -0.00145    5.86094    5.85868      8.534     0.1109   10.64065   4.204605 5.0640e-11    26.8185    26.8146 1.0000e-12    135.000          1      48746    1504.37 1.9747e+00  54803.329   2031.056 1616381197      -0.08     -0.344   38.53192  -73.08699 0.0000e+00
    132.948    13.3501    35.6342  1027.4100     2.2423     5.0971     87.098   -0.00154    5.86233    5.86009      8.534     0.0942   10.64305   4.203280 5.0640e-11    26.8169    26.8131 1.0000e-12    134.000          1      48899    1504.32 1.9747e+00  54798.239   2037.428 1616381203       0.04     -0.498   38.53190  -73.08702 0.0000e+00
    131.950    13.3457    35.6297  1027.4029     2.2374     5.0817     86.755   -0.00295    5.86253    5.86029 -9.990e-29     0.1277   10.64337   4.202374 5.0640e-11    26.8143    26.8104 1.0000e-12    133.000          1      48951    1504.28 1.9747e+00  54792.040   2039.579 1616381205      -0.14     -0.631   38.53190  -73.08704 0.0000e+00
    130.955    13.3438    35.6270  1027.3968     2.2324     5.0747     86.572   -0.00187    5.86269    5.86045 -9.990e-29     0.1406   10.64365   4.201890 3.5555e+03    26.8126    26.8088 1.0000e-12    132.000          1      49129    1504.25 1.9045e+00  54788.086   2046.984 1616381213       0.01     -0.661   38.53190  -73.08708 0.0000e+00
    129.960    13.3434    35.6268  1027.3922     2.2313     5.0739     86.572   -0.00107    5.86278    5.86054      8.532     0.1179   10.64381   4.201794 -4.439e+02    26.8125    26.8087 1.0000e-12    131.000          1      49922    1504.24 1.9835e+00  54787.211   2080.043 1616381246      -0.08     -0.510   38.53186  -73.08732 0.0000e+00
    128.980    13.3409    35.6247  1027.3867     2.2244     5.0422     86.107   -0.00242    5.86342    5.86119      8.529     0.1040   10.64491   4.201269 5.0640e-11    26.8113    26.8076 1.0000e-12    130.000          1      50704    1504.21 1.9747e+00  54784.069   2112.645 1616381279      -0.01     -0.271   38.53184  -73.08753 0.0000e+00
    127.988    13.3396    35.6235  1027.3816     2.2209     5.0410     86.101    0.00012    5.86491    5.86269      8.529     0.1086   10.64744   4.200983 5.0640e-11    26.8106    26.8069 1.0000e-12    129.000          1      50770    1504.19 1.9747e+00  54782.019   2115.384 1616381281      -0.08     -0.435   38.53184  -73.08755 0.0000e+00
    127.007    13.3375    35.6222  1027.3766     2.2170     5.0158     85.736   -0.00225    5.86492    5.86270      8.529     0.1495   10.64745   4.200532 5.0640e-11    26.8101    26.8064 1.0000e-12    128.000          1      50819    1504.16 1.9747e+00  54780.054   2117.401 1616381283      -0.29     -0.447   38.53184  -73.08756 0.0000e+00
    125.991    13.3303    35.6185  1027.3707     2.2131     5.0107     85.519   -0.00261    5.86538    5.86316      8.529     0.1086   10.64823   4.199276 5.0640e-11    26.8086    26.8049 1.0000e-12    127.000          1      50868    1504.12 1.9747e+00  54775.302   2119.449 1616381285      -0.29     -0.844   38.53184  -73.08758 0.0000e+00
    125.012    13.3131    35.6097  1027.3631     2.2067     4.9878     85.222   -0.00206    5.87024    5.86808      8.526     0.1504   10.65647   4.196434 5.0640e-11    26.8053    26.8017 1.0000e-12    126.000          1      50993    1504.03 1.9747e+00  54765.095   2124.662 1616381291      -0.40     -0.981   38.53184  -73.08761 0.0000e+00
    124.007    13.2903    35.6004  1027.3561     2.2015     4.9848     84.962   -0.00199    5.87270    5.87056      8.527     0.1647   10.66061   4.193314 5.0640e-11    26.8027    26.7991 1.0000e-12    125.000          1      51069    1503.93 1.9747e+00  54754.902   2127.843 1616381294      -0.11     -0.881   38.53184  -73.08764 0.0000e+00
    123.029    13.2585    35.5855  1027.3468     2.1984     5.0229     84.996    0.00067    5.87851    5.87643      8.530     0.1584   10.67045   4.188535 5.0640e-11    26.7977    26.7941 1.0000e-12    124.000          1      51211    1503.79 1.9747e+00  54738.521   2133.740 1616381300      -0.22     -0.515   38.53184  -73.08768 0.0000e+00
    122.033    13.2335    35.5745  1027.3389     2.2116     5.0727     85.899    0.00405    5.87921    5.87714      8.530     0.1826   10.67163   4.184887 5.0640e-11    26.7942    26.7907 1.0000e-12    123.000          1      51294    1503.68 1.9747e+00  54726.292   2137.221 1616381303       0.02     -0.487   38.53183  -73.08771 0.0000e+00
    121.046    13.2139    35.5656  1027.3316     2.2304     5.1378     86.983    0.00624    5.88356    5.88153 -9.990e-29     0.2761   10.67896   4.182030 5.0640e-11    26.7913    26.7878 1.0000e-12    122.000          1      51413    1503.59 1.9747e+00  54716.301   2142.158 1616381308      -0.06     -0.465   38.53182  -73.08774 0.0000e+00
    120.052    13.1977    35.5595  1027.3258     2.2447     5.1694     87.687    0.00623    5.88399    5.88197 -9.990e-29     0.4268   10.67971   4.179726 5.0640e-11    26.7898    26.7864 1.0000e-12    121.000          1      51467    1503.51 1.9747e+00  54709.667   2144.402 1616381310       0.08     -0.425   38.53182  -73.08775 0.0000e+00
    119.062    13.1831    35.5520  1027.3185     2.2607     5.1972     88.168    0.00233    5.88520    5.88319 -9.990e-29     0.2464   10.68175   4.177544 5.0640e-11    26.7869    26.7835 1.0000e-12    120.000          1      51604    1503.44 1.9747e+00  54700.842   2150.119 1616381316      -0.16     -0.329   38.53182  -73.08779 0.0000e+00
    118.077    13.1794    35.5500  1027.3134     2.2677     5.2261     88.563    0.00308    5.88586    5.88386 -9.990e-29     0.3010   10.68287   4.176914 5.0640e-11    26.7861    26.7828 1.0000e-12    119.000          1      51672    1503.41 1.9747e+00  54698.093   2152.953 1616381319      -0.21     -0.607   38.53182  -73.08780 0.0000e+00
    117.065    13.1765    35.5487  1027.3084     2.2709     5.2252     88.761    0.00347    5.88597    5.88397 -9.990e-29     0.3233   10.68305   4.176487 5.0640e-11    26.7857    26.7824 1.0000e-12    118.000          1      51697    1503.38 1.9747e+00  54696.148   2153.984 1616381320      -0.11     -0.861   38.53182  -73.08781 0.0000e+00
    116.075    13.1760    35.5482  1027.3037     2.2762     5.2303     88.812    0.00105    5.88525    5.88324      8.540     0.2728   10.68185   4.176406 5.0640e-11    26.7854    26.7821 1.0000e-12    117.000          1      51823    1503.36 1.9747e+00  54694.931   2159.257 1616381325      -0.14     -0.927   38.53182  -73.08786 0.0000e+00
    115.093    13.1800    35.5491  1027.2992     2.2773     5.2222     88.803    0.00031    5.88453    5.88252      8.540     0.2759   10.68066   4.176862 5.0640e-11    26.7853    26.7820 1.0000e-12    116.000          1      51889    1503.36 1.9747e+00  54695.054   2161.995 1616381328       0.17     -0.437   38.53182  -73.08787 0.0000e+00
    114.112    13.1902    35.5506  1027.2938     2.2786     5.2213     88.844    0.00031    5.88197    5.87993      8.541     0.2441   10.67638   4.178036 5.0640e-11    26.7843    26.7810 1.0000e-12    115.000          1      52005    1503.38 1.9747e+00  54694.922   2166.825 1616381333      -0.53     -0.249   38.53182  -73.08790 0.0000e+00
    113.103    13.2017    35.5526  1027.2884     2.2787     5.2183     88.780   -0.00051    5.88131    5.87925      8.540     0.2687   10.67528   4.179451 5.0640e-11    26.7835    26.7802 1.0000e-12    114.000          1      52035    1503.40 1.9747e+00  54695.543   2168.070 1616381334      -0.72     -0.891   38.53182  -73.08792 0.0000e+00
    112.108    13.2097    35.5538  1027.2833     2.2781     5.2206     88.733   -0.00061    5.88115    5.87909      8.541     0.3185   10.67501   4.180186 5.0640e-11    26.7828    26.7795 1.0000e-12    113.000          1      52102    1503.41 1.9747e+00  54695.392   2170.879 1616381337      -0.07     -0.855   38.53182  -73.08793 0.0000e+00
    111.119    13.2137    35.5547  1027.2787     2.2780     5.2215     88.729   -0.00035    5.88174    5.87969 -9.990e-29     0.2494   10.67600   4.180604 5.0640e-11    26.7826    26.7794 1.0000e-12    112.000          1      52215    1503.41 1.9747e+00  54695.439   2175.576 1616381342      -0.46     -0.747   38.53182  -73.08796 0.0000e+00
    110.132    13.2111    35.5542  1027.2744     2.2783     5.2195     88.764   -0.00003    5.88141    5.87935      8.540     0.3097   10.67544   4.180220 5.0640e-11    26.7827    26.7795 1.0000e-12    111.000          1      52287    1503.38 1.9747e+00  54694.565   2178.583 1616381345       0.13     -0.479   38.53182  -73.08798 0.0000e+00
    109.140    13.2130    35.5540  1027.2694     2.2785     5.2185     88.751   -0.00013    5.88066    5.87860      8.540     0.2701   10.67420   4.180372 5.0640e-11    26.7821    26.7790 1.0000e-12    110.000          1      52390    1503.37 1.9747e+00  54693.396   2182.858 1616381349       0.02     -0.449   38.53182  -73.08802 0.0000e+00
    108.153    13.2172    35.5544  1027.2644     2.2778     5.2148     88.691   -0.00036    5.88030    5.87823 -9.990e-29     0.2435   10.67359   4.180785 5.0640e-11    26.7815    26.7785 1.0000e-12    109.000          1      52489    1503.37 1.9747e+00  54692.763   2186.981 1616381353      -0.20     -0.155   38.53181  -73.08805 0.0000e+00
    107.150    13.2205    35.5554  1027.2600     2.2776     5.2113     88.669   -0.00038    5.88001    5.87794      8.540     0.2281   10.67310   4.181186 5.0640e-11    26.7816    26.7786 1.0000e-12    108.000          1      52568    1503.37 1.9747e+00  54693.103   2190.281 1616381356      -0.40     -0.468   38.53180  -73.08806 0.0000e+00
    106.164    13.2213    35.5558  1027.2558     2.2774     5.2198     88.694    0.00022    5.88053    5.87846      8.540     0.2765   10.67398   4.181216 5.0640e-11    26.7818    26.7787 1.0000e-12    107.000          1      52661    1503.35 1.9747e+00  54692.976   2194.180 1616381360      -0.10     -0.395   38.53180  -73.08809 0.0000e+00
    105.175    13.2171    35.5543  1027.2510     2.2788     5.2173     88.756    0.00027    5.88041    5.87834      8.540     0.3052   10.67378   4.180595 5.0640e-11    26.7814    26.7784 1.0000e-12    106.000          1      52768    1503.32 1.9747e+00  54690.842   2198.639 1616381365       0.02     -0.189   38.53180  -73.08813 0.0000e+00
    104.182    13.2183    35.5546  1027.2465     2.2786     5.2157     88.705   -0.00011    5.88050    5.87844      8.540     0.2743   10.67393   4.180688 5.0640e-11    26.7814    26.7784 1.0000e-12    105.000          1      52870    1503.31 1.9747e+00  54690.538   2202.861 1616381369      -0.20     -0.263   38.53180  -73.08816 0.0000e+00
    103.188    13.2162    35.5536  1027.2417     2.2804     5.2257     88.832    0.00053    5.88101    5.87895      8.542     0.3334   10.67480   4.180324 5.0640e-11    26.7810    26.7780 1.0000e-12    104.000          1      52957    1503.28 1.9747e+00  54688.876   2206.506 1616381373      -0.07     -0.377   38.53180  -73.08818 0.0000e+00
    102.200    13.2136    35.5526  1027.2370     2.2827     5.2300     88.928    0.00054    5.88094    5.87888      8.541     0.2759   10.67467   4.179925 5.0640e-11    26.7807    26.7778 1.0000e-12    103.000          1      53098    1503.26 1.9747e+00  54687.244   2212.374 1616381378      -0.17     -0.212   38.53180  -73.08822 0.0000e+00
    101.211    13.2141    35.5530  1027.2328     2.2832     5.2285     88.922    0.00022    5.88097    5.87891      8.542     0.3021   10.67473   4.179983 -9.990e-29    26.7809    26.7780 1.0000e-12    102.000          1      53163    1503.24 -9.990e-29  54687.150   2215.092 1616381381      -0.30     -0.500   38.53180  -73.08824 0.0000e+00
    100.210    13.2098    35.5518  1027.2282     2.2851     5.2396     89.050    0.00076    5.88235    5.88031      8.543     0.2537   10.67705   4.179378 2.6666e+04    26.7808    26.7779 1.0000e-12    101.000          1      53254    1503.21 1.4481e+00  54685.514   2218.874 1616381385      -0.04     -0.556   38.53180  -73.08826 0.0000e+00
     99.219    13.1933    35.5465  1027.2231     2.2915     5.2642     89.449    0.00193    5.88352    5.88149      8.544     0.3338   10.67902   4.177109 2.5766e+03    26.7801    26.7772 1.0000e-12    100.000          1      53386    1503.13 1.9238e+00  54680.091   2224.395 1616381390      -0.02     -0.441   38.53180  -73.08831 0.0000e+00
     98.244    13.1975    35.5470  1027.2183     2.2934     5.2568     89.355   -0.00015    5.88314    5.88110      8.544     0.3229   10.67838   4.177632 5.0640e-11    26.7796    26.7767 1.0000e-12     99.000          1      53533    1503.13 1.9747e+00  54679.552   2230.500 1616381396      -0.56     -0.294   38.53180  -73.08834 0.0000e+00
     97.230    13.1975    35.5474  1027.2140     2.2928     5.2522     89.343    0.00014    5.88379    5.88177 -9.990e-29     0.2682   10.67948   4.177595 5.0640e-11    26.7799    26.7771 1.0000e-12     98.000          1      53553    1503.12 1.9747e+00  54679.482   2231.319 1616381397      -0.54     -0.909   38.53180  -73.08834 0.0000e+00
     96.243    13.1963    35.5469  1027.2095     2.2932     5.2593     89.364    0.00019    5.88298    5.88094 -9.990e-29     0.3043   10.67811   4.177354 5.0640e-11    26.7797    26.7769 1.0000e-12     97.000          1      53594    1503.10 1.9747e+00  54678.409   2233.039 1616381399       0.25     -0.677   38.53180  -73.08836 0.0000e+00
     95.255    13.2033    35.5489  1027.2052     2.2911     5.2408     89.176   -0.00072    5.88195    5.87990 -9.990e-29     0.2949   10.67638   4.178237 5.0640e-11    26.7798    26.7771 1.0000e-12     96.000          1      53707    1503.10 1.9747e+00  54679.613   2237.743 1616381404      -0.13     -0.156   38.53180  -73.08839 0.0000e+00
     94.262    13.2072    35.5503  1027.2009     2.2888     5.2395     89.084   -0.00027    5.88193    5.87988 -9.990e-29     0.2768   10.67635   4.178723 5.0640e-11    26.7800    26.7773 1.0000e-12     95.000          1      53790    1503.10 1.9747e+00  54680.298   2241.195 1616381407      -0.12     -0.388   38.53180  -73.08841 0.0000e+00
     93.268    13.2057    35.5498  1027.1964     2.2891     5.2459     89.129    0.00011    5.88276    5.88072      8.544     0.2646   10.67774   4.178463 5.0640e-11    26.7799    26.7772 1.0000e-12     94.000          1      53861    1503.08 1.9747e+00  54679.189   2244.154 1616381410      -0.21     -0.362   38.53180  -73.08843 0.0000e+00
     92.273    13.1976    35.5471  1027.1915     2.2936     5.2585     89.384    0.00074    5.88355    5.88152      8.544     0.3056   10.67908   4.177312 5.0640e-11    26.7794    26.7768 1.0000e-12     93.000          1      53970    1503.03 1.9747e+00  54676.103   2248.715 1616381415      -0.28     -0.388   38.53180  -73.08846 0.0000e+00
     91.289    13.1802    35.5420  1027.1867     2.3004     5.3004     89.877    0.00302    5.88918    5.88721      8.547     0.3300   10.68854   4.174952 5.0640e-11    26.7790    26.7764 1.0000e-12     92.000          1      54084    1502.95 1.9747e+00  54671.066   2253.460 1616381419      -0.39     -0.219   38.53180  -73.08849 0.0000e+00
