CalculateIndicators/WaterTemperature/Data/CTD_NYOS/20210322_C11.cnv
* Sea-Bird SBE 9 Data File:
* FileName = C:\Seabird 9 CTD\Data\2021\202103_offshore\20210322_C11.hex
* Software Version Seasave V 7.23.2
* Temperature SN = 4590
* Conductivity SN = 3228
* Number of Bytes Per Scan = 44
* Number of Voltage Words = 5
* Number of Scans Averaged by the Deck Unit = 1
* NMEA Latitude = 39 28.66 N
* NMEA Longitude = 073 04.46 W
* NMEA UTC (Time) = Mar 22 2021  15:04:11
* NMEA baud rate = 4800
** Ship: RV Seawolf
** Station: 6.4
** Operator: TCM
# nquan = 31
# nvalues = 125                         
# units = specified
# name 0 = depSM: Depth [salt water, m]
# name 1 = t090C: Temperature [ITS-90, deg C]
# name 2 = sal00: Salinity, Practical [PSU]
# name 3 = density00: Density [density, kg/m^3]
# name 4 = sbeox0V: Oxygen raw, SBE 43 [V]
# name 5 = sbeox0ML/L: Oxygen, SBE 43 [ml/l]
# name 6 = sbeox0PS: Oxygen, SBE 43 [% saturation]
# name 7 = sbox0dV/dT: Oxygen, SBE 43 [dov/dt]
# name 8 = oxsolML/L: Oxygen Saturation, Garcia & Gordon [ml/l]
# name 9 = oxsatML/L: Oxygen Saturation, Weiss [ml/l]
# name 10 = ph: pH
# name 11 = flECO-AFL: Fluorescence, WET Labs ECO-AFL/FL [mg/m^3]
# name 12 = n2satML/L: Nitrogen Saturation [ml/l]
# name 13 = c0S/m: Conductivity [S/m]
# name 14 = cpar: CPAR/Corrected Irradiance [%]
# name 15 = sigma-é00: Density [sigma-theta, kg/m^3]
# name 16 = sigma-t00: Density [sigma-t, kg/m^3 ]
# name 17 = par: PAR/Irradiance, Biospherical/Licor
# name 18 = prDM: Pressure, Digiquartz [db]
# name 19 = pumps: Pump Status
# name 20 = scan: Scan Count
# name 21 = svCM: Sound Velocity [Chen-Millero, m/s]
# name 22 = spar: SPAR, Biospherical/Licor
# name 23 = specc: Specific Conductance [uS/cm]
# name 24 = timeS: Time, Elapsed [seconds]
# name 25 = timeY: Time, System [seconds]
# name 26 = accM: Acceleration [m/s^2]
# name 27 = dz/dtM: Descent Rate [m/s]
# name 28 = latitude: Latitude [deg]
# name 29 = longitude: Longitude [deg]
# name 30 = flag: flag
# span 0 =      1.981,     63.512       
# span 1 =     8.1693,     8.5336       
# span 2 =    33.6405,    33.7802       
# span 3 =  1026.1357,  1026.5606       
# span 4 =     2.4380,     2.6494       
# span 5 =     6.4239,     7.0450       
# span 6 =     97.416,    106.847       
# span 7 =   -0.00811,    0.00795       
# span 8 =    6.57906,    6.63003       
# span 9 =    6.58499,    6.63680       
# span 10 =      8.534,      8.584      
# span 11 =     0.4994,     2.3075      
# span 12 =   11.85118,   11.93465      
# span 13 =   3.513354,   3.542865      
# span 14 = -4.941e-05, 5.6691e+01      
# span 15 =    26.1266,    26.2694      
# span 16 =    26.1265,    26.2685      
# span 17 = -2.352e-05, 1.1842e+03      
# span 18 =      2.000,     64.000      
# span 19 =          1,          1      
# span 20 =        153,      13284      
# span 21 =    1481.71,    1483.21      
# span 22 = 7.8472e+02, 2.6242e+03      
# span 23 =  52819.736,  53107.500      
# span 24 =      6.335,    553.445      
# span 25 = 1616425459, 1616426006      
# span 26 =      -0.56,       0.70      
# span 27 =     -0.952,      0.982      
# span 28 =   39.47780,   39.47810      
# span 29 =  -73.07669,  -73.07451      
# span 30 = 0.0000e+00, 0.0000e+00      
# interval = decibars: 1                
# start_time = Mar 22 2021 15:04:13 [System UTC, first data scan.]
# bad_flag = -9.990e-29
*END*
      1.981     8.5282    33.6406  1026.1361     2.6450     7.0050    106.458   -0.00019    6.58017    6.58612      8.569     0.9138   11.85303   3.542133 5.1702e+01    26.1270    26.1270 1.0468e+03      2.000          1        153    1482.81 2.0406e+03  52820.196      6.335 1616425459       0.26     -0.051   39.47780  -73.07451 0.0000e+00
      2.987     8.5173    33.6410  1026.1427     2.6447     7.0073    106.482   -0.00001    6.58400    6.59001      8.570     0.9910   11.85934   3.541164 4.4341e+01    26.1290    26.1290 8.8990e+02      3.000          1        309    1482.79 2.0042e+03  52823.955     12.851 1616425466       0.24      0.594   39.47781  -73.07454 0.0000e+00
      3.971     8.4987    33.6421  1026.1509     2.6447     7.0199    106.490   -0.00013    6.58603    6.59207      8.570     1.0917   11.86270   3.539555 3.1803e+01    26.1327    26.1327 6.6360e+02      4.000          1        399    1482.73 2.0894e+03  52830.375     16.581 1616425469      -0.13      0.576   39.47782  -73.07456 0.0000e+00
      4.960     8.4817    33.6424  1026.1583     2.6464     7.0267    106.665    0.00057    6.58869    6.59477      8.570     1.2465   11.86708   3.538178 2.3137e+01    26.1356    26.1355 4.7898e+02      5.000          1        487    1482.69 2.0723e+03  52835.351     20.268 1616425473       0.03      0.186   39.47782  -73.07456 0.0000e+00
      5.952     8.4784    33.6424  1026.1634     2.6444     7.0208    106.438   -0.00117    6.59451    6.60068      8.572     1.7366   11.87667   3.537948 1.9886e+01    26.1361    26.1360 4.1577e+02      6.000          1        547    1482.69 2.0923e+03  52836.843     22.757 1616425475       0.02      0.475   39.47782  -73.07458 0.0000e+00
      6.950     8.4462    33.6438  1026.1740     2.6452     7.0413    106.617    0.00031    6.59448    6.60065      8.573     1.9606   11.87663   3.534973 1.5527e+01    26.1422    26.1420 3.1437e+02      7.000          1        585    1482.59 2.0361e+03  52846.931     24.340 1616425477       0.19      0.603   39.47782  -73.07458 0.0000e+00
      7.940     8.4315    33.6445  1026.1814     2.6473     7.0450    106.774    0.00071    6.59703    6.60324      8.573     2.0481   11.88084   3.533889 1.1668e+01    26.1450    26.1448 2.4091e+02      8.000          1        646    1482.55 2.0680e+03  52851.972     26.886 1616425480      -0.11      0.392   39.47782  -73.07459 0.0000e+00
      8.927     8.4052    33.6459  1026.1909     2.6455     7.0435    106.571   -0.00105    6.60910    6.61549      8.575     2.3075   11.90068   3.531646 9.0253e+00    26.1500    26.1499 1.8955e+02      9.000          1        737    1482.47 2.1000e+03  52860.618     30.646 1616425483       0.23      0.289   39.47782  -73.07460 0.0000e+00
      9.922     8.3746    33.6484  1026.2021     2.6421     7.0291    106.358   -0.00195    6.62136    6.62795      8.573     2.1380   11.92083   3.528985 8.1841e+00    26.1566    26.1565 1.6230e+02     10.000          1        773    1482.37 1.9986e+03  52871.918     32.160 1616425485       0.11      0.608   39.47782  -73.07462 0.0000e+00
     10.919     8.3257    33.6536  1026.2182     2.6373     7.0033    106.004   -0.00309    6.61601    6.62251      8.571     1.9225   11.91204   3.524981 6.0985e+00    26.1681    26.1679 1.2742e+02     11.000          1        807    1482.22 2.0910e+03  52891.327     33.601 1616425486      -0.00      0.697   39.47782  -73.07462 0.0000e+00
     11.909     8.2484    33.6616  1026.2407     2.6352     7.0272    106.025   -0.00186    6.61515    6.62165      8.569     1.8634   11.91060   3.518523 4.4773e+00    26.1860    26.1859 9.3069e+01     12.000          1        878    1481.95 2.0778e+03  52921.524     36.562 1616425489       0.07      0.394   39.47782  -73.07463 0.0000e+00
     12.899     8.2064    33.6747  1026.2618     2.6235     6.9279    105.082   -0.00642    6.62986    6.63659      8.563     1.6705   11.93465   3.516191 3.8242e+00    26.2026    26.2024 8.0373e+01     13.000          1        956    1481.82 2.1019e+03  52950.662     39.808 1616425492       0.52      0.609   39.47782  -73.07464 0.0000e+00
     13.896     8.1709    33.6766  1026.2732     2.6148     6.9153    104.499   -0.00811    6.62884    6.63556      8.563     1.7788   11.93297   3.513354 3.1875e+00    26.2094    26.2092 6.3687e+01     14.000          1        982    1481.71 2.0108e+03  52962.346     40.873 1616425494       0.06      0.913   39.47782  -73.07465 0.0000e+00
     14.889     8.1802    33.6796  1026.2787     2.6072     6.9270    104.459   -0.00451    6.62854    6.63526      8.565     1.6957   11.93246   3.514723 2.5224e+00    26.2103    26.2101 5.1856e+01     15.000          1       1032    1481.77 2.0638e+03  52964.986     42.956 1616425496      -0.18      0.550   39.47784  -73.07466 0.0000e+00
     15.872     8.1911    33.6818  1026.2833     2.6016     6.9200    104.583   -0.00052    6.62697    6.63368      8.563     1.5569   11.92973   3.516127 2.0251e+00    26.2105    26.2103 4.2474e+01     16.000          1       1137    1481.82 2.0965e+03  52966.211     47.353 1616425500       0.22      0.193   39.47784  -73.07466 0.0000e+00
     16.864     8.1952    33.6871  1026.2915     2.5974     6.8772    104.234   -0.00217    6.62867    6.63540      8.561     1.4189   11.93254   3.517109 1.8030e+00    26.2141    26.2138 3.6933e+01     17.000          1       1172    1481.86 2.0507e+03  52973.450     48.784 1616425501       0.18      0.593   39.47784  -73.07468 0.0000e+00
     17.870     8.1966    33.6922  1026.2998     2.5910     6.8531    103.676   -0.00476    6.62823    6.63496      8.560     1.4250   11.93183   3.517669 1.4540e+00    26.2178    26.2176 3.0257e+01     18.000          1       1200    1481.89 2.0837e+03  52980.938     49.945 1616425503       0.12      0.807   39.47784  -73.07468 0.0000e+00
     18.853     8.1850    33.6946  1026.3080     2.5767     6.7977    103.005   -0.00451    6.62584    6.63254      8.556     1.3510   11.92775   3.516992 1.1761e+00    26.2215    26.2212 2.4681e+01     19.000          1       1279    1481.87 2.0982e+03  52987.831     53.237 1616425506      -0.10      0.276   39.47784  -73.07469 0.0000e+00
     19.845     8.2095    33.7042  1026.3164     2.5569     6.7302    101.756   -0.00769    6.62419    6.63087      8.550     1.1636   11.92497   3.520189 9.7793e-01    26.2254    26.2251 2.0526e+01     20.000          1       1352    1481.99 2.0991e+03  52996.212     56.306 1616425509       0.02      0.428   39.47784  -73.07470 0.0000e+00
     20.839     8.2085    33.7055  1026.3222     2.5484     6.7345    101.575   -0.00520    6.62380    6.63047      8.549     1.0978   11.92431   3.520288 9.2898e-01    26.2266    26.2263 1.8127e+01     21.000          1       1393    1482.00 1.9752e+03  52999.073     58.007 1616425511       0.25      0.558   39.47784  -73.07471 0.0000e+00
     21.835     8.2107    33.7067  1026.3274     2.5450     6.7362    101.676   -0.00233    6.62348    6.63014      8.550     1.1247   11.92378   3.520616 7.4408e-01    26.2272    26.2269 1.5503e+01     22.000          1       1435    1482.03 2.0856e+03  53000.800     59.744 1616425512      -0.12      0.594   39.47784  -73.07472 0.0000e+00
     22.820     8.2160    33.7079  1026.3321     2.5422     6.7312    101.737   -0.00043    6.62334    6.63002      8.550     1.1054   11.92352   3.521274 6.0171e-01    26.2274    26.2270 1.2263e+01     23.000          1       1530    1482.07 2.0536e+03  53001.994     63.697 1616425516      -0.02      0.161   39.47785  -73.07473 0.0000e+00
     23.801     8.2228    33.7110  1026.3380     2.5376     6.6910    101.385   -0.00201    6.62439    6.63107      8.548     1.0660   11.92522   3.522278 5.5977e-01    26.2288    26.2284 1.1820e+01     24.000          1       1593    1482.11 2.1104e+03  53005.417     66.341 1616425519       0.66      0.381   39.47786  -73.07474 0.0000e+00
     24.818     8.2204    33.7128  1026.3445     2.5350     6.6843    101.100   -0.00362    6.62267    6.62933      8.548     1.0447   11.92240   3.522113 4.8593e-01    26.2306    26.2302 1.0086e+01     25.000          1       1609    1482.12 2.0760e+03  53009.151     66.996 1616425520       0.70      0.982   39.47786  -73.07474 0.0000e+00
     25.809     8.2087    33.7129  1026.3509     2.5315     6.6896    101.032   -0.00266    6.62502    6.63172      8.548     1.0250   11.92627   3.521099 3.8484e-01    26.2324    26.2320 8.0723e+00     26.000          1       1670    1482.09 2.0978e+03  53012.759     69.540 1616425522       0.01      0.731   39.47786  -73.07476 0.0000e+00
     26.789     8.1896    33.7131  1026.3584     2.5242     6.6541    100.588   -0.00390    6.62849    6.63524      8.545     0.9873   11.93201   3.519376 3.1989e-01    26.2354    26.2350 6.6864e+00     27.000          1       1764    1482.04 2.0903e+03  53018.258     73.473 1616425526       0.16      0.411   39.47786  -73.07477 0.0000e+00
     27.786     8.1834    33.7128  1026.3637     2.5194     6.6571    100.407   -0.00340    6.62870    6.63545      8.545     0.9498   11.93235   3.518892 2.9030e-01    26.2361    26.2357 6.0043e+00     28.000          1       1799    1482.03 2.0712e+03  53019.940     74.930 1616425528       0.07      0.637   39.47786  -73.07478 0.0000e+00
     28.778     8.1804    33.7123  1026.3683     2.5159     6.6458    100.368   -0.00205    6.62872    6.63547      8.543     0.9465   11.93239   3.518629 2.5563e-01    26.2362    26.2358 5.3832e+00     29.000          1       1839    1482.04 2.1060e+03  53020.622     76.589 1616425529      -0.05      0.613   39.47786  -73.07478 0.0000e+00
     29.772     8.1784    33.7122  1026.3731     2.5113     6.6291    100.156   -0.00195    6.62832    6.63507      8.540     0.9263   11.93173   3.518511 2.0836e-01    26.2365    26.2361 4.3798e+00     30.000          1       1902    1482.04 2.1018e+03  53021.728     79.218 1616425532       0.03      0.433   39.47786  -73.07479 0.0000e+00
     30.754     8.1760    33.7127  1026.3784     2.5031     6.5737     99.643   -0.00346    6.63003    6.63680      8.539     0.7588   11.93453   3.518363 1.8789e-01    26.2372    26.2368 3.8897e+00     31.000          1       2002    1482.05 2.0709e+03  53023.587     83.382 1616425536       0.47      0.463   39.47786  -73.07480 0.0000e+00
     31.758     8.1705    33.7130  1026.3840     2.4973     6.5547     99.165   -0.00557    6.62991    6.63668      8.539     0.7912   11.93433   3.517954 1.6833e-01    26.2383    26.2378 3.4862e+00     32.000          1       2023    1482.05 2.0736e+03  53026.013     84.266 1616425537       0.29      0.874   39.47786  -73.07482 0.0000e+00
     32.752     8.1697    33.7136  1026.3892     2.4905     6.5495     98.865   -0.00517    6.62980    6.63657 -9.990e-29     0.7695   11.93415   3.518001 1.4030e-01    26.2389    26.2384 2.9402e+00     33.000          1       2057    1482.06 2.0964e+03  53027.662     85.658 1616425538      -0.20      0.807   39.47786  -73.07482 0.0000e+00
     33.736     8.1708    33.7145  1026.3943     2.4809     6.5369     98.702   -0.00202    6.62911    6.63587      8.535     0.7430   11.93298   3.518254 1.1200e-01    26.2394    26.2389 2.3446e+00     34.000          1       2147    1482.08 2.0933e+03  53029.362     89.413 1616425542       0.13      0.155   39.47786  -73.07483 0.0000e+00
     34.729     8.1756    33.7163  1026.3996     2.4755     6.5152     98.434   -0.00227    6.62796    6.63471      8.534     0.6401   11.93106   3.518924 1.0152e-01    26.2402    26.2397 2.1116e+00     35.000          1       2215    1482.12 2.0800e+03  53031.475     92.235 1616425545       0.18      0.569   39.47786  -73.07484 0.0000e+00
     35.721     8.1777    33.7171  1026.4044     2.4725     6.5114     98.283   -0.00243    6.62747    6.63421      8.535     0.6480   11.93023   3.519247 9.0513e-02    26.2405    26.2399 1.8980e+00     36.000          1       2247    1482.15 2.0970e+03  53032.721     93.565 1616425546       0.13      0.695   39.47787  -73.07485 0.0000e+00
     36.717     8.1808    33.7181  1026.4094     2.4705     6.5093     98.238   -0.00179    6.62808    6.63484      8.535     0.6350   11.93127   3.519678 8.0117e-02    26.2408    26.2403 1.6723e+00     37.000          1       2277    1482.18 2.0875e+03  53034.157     94.823 1616425548      -0.02      0.810   39.47788  -73.07486 0.0000e+00
     37.715     8.1833    33.7190  1026.4142     2.4692     6.5162     98.238   -0.00111    6.62804    6.63479      8.536     0.6119   11.93119   3.520050 6.7151e-02    26.2411    26.2406 1.4103e+00     38.000          1       2329    1482.20 2.1000e+03  53035.432     97.018 1616425550       0.04      0.646   39.47788  -73.07486 0.0000e+00
     38.701     8.1868    33.7201  1026.4192     2.4679     6.4978     98.190   -0.00134    6.62617    6.63289      8.535     0.5742   11.92805   3.520506 5.7255e-02    26.2416    26.2410 1.1834e+00     39.000          1       2435    1482.23 2.0695e+03  53036.929    101.421 1616425554       0.17      0.682   39.47788  -73.07488 0.0000e+00
     39.688     8.1904    33.7213  1026.4241     2.4655     6.4950     98.037   -0.00177    6.62622    6.63295      8.536     0.5737   11.92814   3.520990 5.0630e-02    26.2420    26.2414 1.0643e+00     40.000          1       2471    1482.27 2.1018e+03  53038.437    102.930 1616425556      -0.03      0.673   39.47788  -73.07488 0.0000e+00
     40.692     8.1924    33.7222  1026.4291     2.4643     6.5012     98.034   -0.00115    6.62654    6.63327      8.536     0.6009   11.92868   3.521282 4.4111e-02    26.2424    26.2418 9.2679e-01     41.000          1       2504    1482.29 2.1011e+03  53039.841    104.273 1616425557       0.01      0.746   39.47788  -73.07490 0.0000e+00
     41.669     8.1923    33.7225  1026.4339     2.4634     6.4916     98.099   -0.00031    6.62591    6.63264      8.535     0.5198   11.92761   3.521331 3.6892e-02    26.2427    26.2420 7.4480e-01     42.000          1       2622    1482.31 2.0311e+03  53040.950    109.219 1616425562       0.25      0.226   39.47788  -73.07490 0.0000e+00
     42.670     8.1930    33.7230  1026.4388     2.4612     6.4796     97.889   -0.00146    6.62591    6.63263 -9.990e-29     0.5352   11.92761   3.521491 3.2514e-02    26.2430    26.2424 6.6727e-01     43.000          1       2651    1482.33 2.0578e+03  53042.237    110.423 1616425563       0.27      0.682   39.47788  -73.07492 0.0000e+00
     43.663     8.1937    33.7233  1026.4435     2.4588     6.4800     97.791   -0.00134    6.62570    6.63242 -9.990e-29     0.5664   11.92726   3.521620 2.7434e-02    26.2431    26.2424 5.5913e-01     44.000          1       2695    1482.35 2.0418e+03  53043.123    112.229 1616425565      -0.18      0.582   39.47788  -73.07492 0.0000e+00
     44.654     8.1950    33.7237  1026.4481     2.4576     6.4839     97.855   -0.00029    6.62546    6.63218 -9.990e-29     0.5272   11.92685   3.521820 2.2659e-02    26.2432    26.2426 4.7481e-01     45.000          1       2755    1482.37 2.0965e+03  53044.032    114.759 1616425567      -0.02      0.411   39.47788  -73.07492 0.0000e+00
     45.643     8.1965    33.7243  1026.4529     2.4572     6.4851     97.864   -0.00014    6.62504    6.63175      8.535     0.5155   11.92614   3.522056 1.9849e-02    26.2435    26.2428 4.0786e-01     46.000          1       2823    1482.39 2.0564e+03  53045.208    117.567 1616425570       0.07      0.342   39.47790  -73.07494 0.0000e+00
     46.635     8.1983    33.7250  1026.4578     2.4575     6.4815     97.894   -0.00001    6.62474    6.63145      8.535     0.4994   11.92565   3.522337 1.6728e-02    26.2438    26.2431 3.5131e-01     47.000          1       2871    1482.41 2.0998e+03  53046.481    119.581 1616425572       0.03      0.498   39.47790  -73.07496 0.0000e+00
