CalculateIndicators/WaterTemperature/Data/CTD_NYOS/20210323_C17.cnv
* Sea-Bird SBE 9 Data File:
* FileName = C:\Seabird 9 CTD\Data\2021\202103_offshore\20210323_C17.hex
* Software Version Seasave V 7.23.2
* Temperature SN = 4590
* Conductivity SN = 3228
* Number of Bytes Per Scan = 44
* Number of Voltage Words = 5
* Number of Scans Averaged by the Deck Unit = 1
* NMEA Latitude = 40 23.17 N
* NMEA Longitude = 072 42.97 W
* NMEA UTC (Time) = Mar 23 2021  09:01:04
* NMEA baud rate = 4800
** Ship: RV Seawolf
** Station: 4.2
** Operator: TCM
# nquan = 31
# nvalues = 85                          
# units = specified
# name 0 = depSM: Depth [salt water, m]
# name 1 = t090C: Temperature [ITS-90, deg C]
# name 2 = sal00: Salinity, Practical [PSU]
# name 3 = density00: Density [density, kg/m^3]
# name 4 = sbeox0V: Oxygen raw, SBE 43 [V]
# name 5 = sbeox0ML/L: Oxygen, SBE 43 [ml/l]
# name 6 = sbeox0PS: Oxygen, SBE 43 [% saturation]
# name 7 = sbox0dV/dT: Oxygen, SBE 43 [dov/dt]
# name 8 = oxsolML/L: Oxygen Saturation, Garcia & Gordon [ml/l]
# name 9 = oxsatML/L: Oxygen Saturation, Weiss [ml/l]
# name 10 = ph: pH
# name 11 = flECO-AFL: Fluorescence, WET Labs ECO-AFL/FL [mg/m^3]
# name 12 = n2satML/L: Nitrogen Saturation [ml/l]
# name 13 = c0S/m: Conductivity [S/m]
# name 14 = cpar: CPAR/Corrected Irradiance [%]
# name 15 = sigma-é00: Density [sigma-theta, kg/m^3]
# name 16 = sigma-t00: Density [sigma-t, kg/m^3 ]
# name 17 = par: PAR/Irradiance, Biospherical/Licor
# name 18 = prDM: Pressure, Digiquartz [db]
# name 19 = pumps: Pump Status
# name 20 = scan: Scan Count
# name 21 = svCM: Sound Velocity [Chen-Millero, m/s]
# name 22 = spar: SPAR, Biospherical/Licor
# name 23 = specc: Specific Conductance [uS/cm]
# name 24 = timeS: Time, Elapsed [seconds]
# name 25 = timeY: Time, System [seconds]
# name 26 = accM: Acceleration [m/s^2]
# name 27 = dz/dtM: Descent Rate [m/s]
# name 28 = latitude: Latitude [deg]
# name 29 = longitude: Longitude [deg]
# name 30 = flag: flag
# span 0 =      1.980,     43.667       
# span 1 =     5.3720,     6.4668       
# span 2 =    32.8275,    32.9441       
# span 3 =  1025.8712,  1026.1656       
# span 4 =     2.4290,     2.5273       
# span 5 =     6.8401,     7.0735       
# span 6 =     97.018,    101.219       
# span 7 =   -0.00361,    0.00457       
# span 8 =    6.92822,    7.11289       
# span 9 =    6.93867,    7.12617       
# span 10 =      8.477,      8.497      
# span 11 =     0.7109,     1.0363      
# span 12 =   12.43660,   12.74288      
# span 13 =   3.190302,   3.294334      
# span 14 = -6.171e+03, 9.1572e+04      
# span 15 =    25.8577,    25.9623      
# span 16 =    25.8575,    25.9619      
# span 17 = 1.0000e-12, 3.7851e-02      
# span 18 =      2.000,     44.000      
# span 19 =          1,          1      
# span 20 =        165,      14706      
# span 21 =    1469.77,    1474.04      
# span 22 = 1.6641e-01, 2.0966e+00      
# span 23 =  52340.490,  52597.600      
# span 24 =      6.818,    612.728      
# span 25 = 1616490072, 1616490678      
# span 26 =      -0.26,       0.42      
# span 27 =     -0.672,      0.570      
# span 28 =   40.38560,   40.38630      
# span 29 =  -72.71737,  -72.71619      
# span 30 = 0.0000e+00, 0.0000e+00      
# interval = decibars: 1                
# start_time = Mar 23 2021 09:01:05 [System UTC, first data scan.]
# bad_flag = -9.990e-29
*END*
[from data line 47]
     38.694     5.7145    32.9410  1026.1411     2.4332     6.8581     97.217   -0.00008    7.05140    7.06383      8.481     0.7716   12.63998   3.230807 5.1493e+04    25.9609    25.9605 1.0000e-12     39.000          1       7078    1471.64 9.5785e-01  52592.340    294.876 1616490360      -0.15     -0.308   40.38596  -72.71674 0.0000e+00
     37.701     5.7091    32.9383  1026.1349     2.4339     6.8564     97.264    0.00016    7.05231    7.06476      8.481     0.7779   12.64152   3.230054 3.3048e+03    25.9594    25.9590 1.0000e-12     38.000          1       7235    1471.60 1.9094e+00  52589.287    301.402 1616490367      -0.16     -0.294   40.38596  -72.71676 0.0000e+00
     36.711     5.7064    32.9366  1026.1293     2.4330     6.8543     97.174   -0.00013    7.05257    7.06501      8.481     0.7491   12.64195   3.229644 5.0640e-11    25.9583    25.9580 1.0000e-12     37.000          1       7373    1471.57 1.9747e+00  52586.948    307.147 1616490372      -0.03     -0.275   40.38595  -72.71677 0.0000e+00
     35.719     5.7063    32.9361  1026.1243     2.4328     6.8522     97.159   -0.00005    7.05267    7.06512      8.481     0.7882   12.64212   3.229552 5.0640e-11    25.9580    25.9576 1.0000e-12     36.000          1       7537    1471.55 1.9747e+00  52585.599    313.987 1616490379      -0.12     -0.356   40.38594  -72.71678 0.0000e+00
     34.726     5.7055    32.9354  1026.1190     2.4322     6.8550     97.086   -0.00041    7.05665    7.06914      8.482     0.8343   12.64881   3.229349 5.0640e-11    25.9575    25.9572 1.0000e-12     35.000          1       7678    1471.53 1.9747e+00  52583.793    319.862 1616490385      -0.16     -0.336   40.38594  -72.71680 0.0000e+00
     33.735     5.6762    32.9223  1026.1077     2.4389     6.8948     97.534    0.00076    7.05984    7.07238      8.484     0.8134   12.65418   3.225513 5.0640e-11    25.9506    25.9503 1.0000e-12     34.000          1       7847    1471.38 1.9747e+00  52573.470    326.912 1616490392      -0.07     -0.272   40.38593  -72.71682 0.0000e+00
     32.737     5.6659    32.9185  1026.1012     2.4429     6.9044     97.721    0.00066    7.06050    7.07304      8.486     0.8161   12.65527   3.224306 5.0640e-11    25.9488    25.9485 1.0000e-12     33.000          1       7952    1471.32 1.9747e+00  52570.299    331.299 1616490396      -0.16     -0.504   40.38592  -72.71682 0.0000e+00
     31.749     5.6596    32.9157  1026.0953     2.4466     6.9128     97.857    0.00034    7.06205    7.07461      8.486     0.8630   12.65786   3.223496 5.0640e-11    25.9474    25.9471 1.0000e-12     32.000          1       8172    1471.27 1.9747e+00  52567.600    340.474 1616490406      -0.08     -0.346   40.38591  -72.71685 0.0000e+00
     30.756     5.6358    32.9103  1026.0891     2.4481     6.9240     97.878   -0.00010    7.06694    7.07957      8.487     0.8508   12.66608   3.220799 5.0640e-11    25.9459    25.9456 1.0000e-12     31.000          1       8357    1471.15 1.9747e+00  52566.262    348.184 1616490413      -0.06     -0.303   40.38590  -72.71687 0.0000e+00
     29.768     5.6200    32.8984  1026.0770     2.4595     6.9899     98.674    0.00212    7.07023    7.08290      8.495     0.9403   12.67163   3.218486 5.0640e-11    25.9383    25.9381 1.0000e-12     30.000          1       8543    1471.06 1.9747e+00  52553.259    355.925 1616490421      -0.10     -0.159   40.38590  -72.71689 0.0000e+00
     28.772     5.6028    32.8902  1026.0680     2.4672     6.9834     98.841    0.00010    7.07372    7.08644      8.492     0.9778   12.67749   3.216111 5.0640e-11    25.9339    25.9336 1.0000e-12     29.000          1       8694    1470.96 1.9747e+00  52546.032    362.191 1616490427      -0.14     -0.232   40.38589  -72.71691 0.0000e+00
     27.781     5.5942    32.8861  1026.0611     2.4647     6.9776     98.688   -0.00003    7.07459    7.08732      8.491     1.0363   12.67896   3.215058 5.0640e-11    25.9317    25.9314 1.0000e-12     28.000          1       8876    1470.91 1.9747e+00  52542.045    369.794 1616490435      -0.09     -0.286   40.38588  -72.71692 0.0000e+00
     26.791     5.5814    32.8783  1026.0518     2.4640     6.9914     98.707    0.00056    7.07657    7.08932      8.491     1.0192   12.68232   3.213206 5.0640e-11    25.9270    25.9267 1.0000e-12     27.000          1       9061    1470.83 1.9747e+00  52533.924    377.487 1616490443      -0.15     -0.192   40.38588  -72.71695 0.0000e+00
     25.793     5.5738    32.8751  1026.0455     2.4669     6.9945     98.821    0.00033    7.07737    7.09013      8.493     1.0056   12.68365   3.212222 5.0640e-11    25.9253    25.9251 1.0000e-12     26.000          1       9188    1470.78 1.9747e+00  52530.949    382.812 1616490448      -0.03     -0.456   40.38588  -72.71696 0.0000e+00
     24.799     5.5658    32.8721  1026.0395     2.4686     6.9984     98.871    0.00009    7.07869    7.09147      8.493     0.9755   12.68587   3.211259 5.0640e-11    25.9239    25.9237 1.0000e-12     25.000          1      10105    1470.72 1.9747e+00  52528.380    421.006 1616490486       0.03     -0.487   40.38582  -72.71703 0.0000e+00
     23.818     5.5592    32.8685  1026.0328     2.4724     7.0206     99.081    0.00053    7.08165    7.09447      8.494     0.9783   12.69087   3.210356 5.0640e-11    25.9218    25.9216 1.0000e-12     24.000          1      11097    1470.68 1.9747e+00  52524.500    462.342 1616490527      -0.14     -0.089   40.38575  -72.71709 0.0000e+00
     22.819     5.5411    32.8624  1026.0255     2.4745     7.0348     99.179    0.00044    7.08557    7.09845      8.496     0.9723   12.69740   3.208022 5.0640e-11    25.9191    25.9189 1.0000e-12     23.000          1      11077    1470.58 1.9747e+00  52520.651    461.487 1616490527      -0.02     -0.299   40.38576  -72.71709 0.0000e+00
     21.828     5.4705    32.8475  1026.0174     2.4708     7.0129     98.865   -0.00084    7.09694    7.10998      8.493     0.9113   12.71635   3.200583 5.0640e-11    25.9156    25.9154 1.0000e-12     22.000          1      11227    1470.26 1.9747e+00  52520.247    467.764 1616490533      -0.08     -0.304   40.38575  -72.71710 0.0000e+00
     20.836     5.4606    32.8434  1026.0107     2.4676     7.0087     98.737   -0.00047    7.09951    7.11259      8.492     0.8840   12.72064   3.199410 1.3829e+04    25.9135    25.9133 1.0000e-12     21.000          1      11373    1470.20 1.7016e+00  52516.707    473.845 1616490539      -0.03     -0.225   40.38574  -72.71710 0.0000e+00
     19.845     5.4269    32.8383  1026.0060     2.4614     6.9798     98.303   -0.00166    7.10886    7.12208      8.488     0.8587   12.73617   3.195954 1.1126e+04    25.9134    25.9132 1.0000e-12     20.000          1      11519    1470.04 1.7550e+00  52519.161    479.928 1616490545      -0.04     -0.179   40.38574  -72.71712 0.0000e+00
     18.853     5.3875    32.8314  1026.0004     2.4533     6.9692     97.977   -0.00088    7.11289    7.12617      8.488     0.8453   12.74288   3.191935 -7.349e+02    25.9125    25.9123 1.0000e-12     19.000          1      11655    1469.85 1.9892e+00  52520.758    485.600 1616490551      -0.06     -0.178   40.38573  -72.71714 0.0000e+00
     17.861     5.3720    32.8275  1025.9945     2.4521     6.9703     97.971   -0.00006    7.11161    7.12487      8.488     0.8214   12.74078   3.190302 5.0640e-11    25.9112    25.9110 1.0000e-12     18.000          1      11794    1469.77 1.9747e+00  52519.262    491.379 1616490556      -0.08     -0.213   40.38572  -72.71714 0.0000e+00
     16.868     5.3934    32.8279  1025.9877     2.4549     6.9840     98.213    0.00086    7.11061    7.12385 -9.990e-29     0.8471   12.73912   3.192276 5.0640e-11    25.9090    25.9089 1.0000e-12     17.000          1      11933    1469.84 1.9747e+00  52512.446    497.179 1616490562      -0.12     -0.222   40.38572  -72.71714 0.0000e+00
     15.876     5.3983    32.8290  1025.9834     2.4575     6.9831     98.285    0.00058    7.10249    7.11560      8.488     0.8501   12.72568   3.192705 8.2049e+03    25.9093    25.9091 1.0000e-12     16.000          1      12068    1469.85 1.8127e+00  52511.749    502.795 1616490568      -0.01     -0.180   40.38571  -72.71716 0.0000e+00
     14.884     5.5000    32.8356  1025.9720     2.4728     7.0327     99.393    0.00457    7.06818    7.08075      8.492     0.8256   12.66895   3.202543 8.6239e+03    25.9026    25.9025 1.0000e-12     15.000          1      12206    1470.25 1.8044e+00  52488.896    508.540 1616490574      -0.01     -0.192   40.38570  -72.71717 0.0000e+00
     13.890     5.7052    32.8426  1025.9487     2.4893     7.0357     99.930    0.00246    7.04234    7.05450      8.494     0.8450   12.62615   3.220879 3.8952e+02    25.8840    25.8838 1.0000e-12     14.000          1      12345    1471.07 1.9670e+00  52435.491    514.321 1616490579      -0.07     -0.257   40.38570  -72.71718 0.0000e+00
     12.899     5.9058    32.8533  1025.9282     2.5034     7.0467    100.595    0.00319    6.99046    7.00182      8.494     0.8187   12.54013   3.239428 5.0640e-11    25.8682    25.8681 1.0000e-12     13.000          1      12497    1471.87 1.9747e+00  52390.041    520.657 1616490586      -0.12     -0.234   40.38569  -72.71718 0.0000e+00
     11.908     6.1670    32.8807  1025.9130     2.5124     7.0301    100.847    0.00174    6.97140    6.98247      8.493     0.8131   12.50850   3.264610 5.0640e-11    25.8577    25.8575 1.0000e-12     12.000          1      12656    1472.93 1.9747e+00  52352.423    527.302 1616490592      -0.02     -0.234   40.38568  -72.71719 0.0000e+00
     10.913     6.2150    32.8908  1025.9103     2.5140     7.0174    100.842    0.00105    6.96680    6.97781      8.492     0.7993   12.50084   3.269043 5.0640e-11    25.8596    25.8595 1.0000e-12     11.000          1      12789    1473.12 1.9747e+00  52352.370    532.833 1616490598      -0.05     -0.364   40.38567  -72.71720 0.0000e+00
      9.918     6.2560    32.9000  1025.9077     2.5164     7.0192    100.902    0.00061    6.95551    6.96636      8.492     0.7918   12.48209   3.273225 3.5735e+04    25.8617    25.8616 1.0000e-12     10.000          1      13000    1473.27 1.2690e+00  52353.001    541.634 1616490607      -0.09     -0.382   40.38566  -72.71721 0.0000e+00
      8.925     6.2605    32.9010  1025.9034     2.5165     7.0207    100.846    0.00025    6.96414    6.97511      8.497     0.7816   12.49641   3.273215 -6.171e+03    25.8619    25.8618 1.0000e-12      9.000          1      14261    1473.27 2.0966e+00  52352.525    594.178 1616490659      -0.11     -0.567   40.38562  -72.71733 0.0000e+00
      7.936     6.2667    32.9013  1025.8982     2.5173     7.0178    100.849    0.00014    6.95960    6.97051      8.497     0.7504   12.48889   3.273836 5.0640e-11    25.8613    25.8612 1.0000e-12      8.000          1      14374    1473.28 1.9747e+00  52350.367    598.877 1616490664       0.13     -0.470   40.38562  -72.71734 0.0000e+00
      6.950     6.2759    32.9019  1025.8930     2.5188     7.0151    100.948    0.00071    6.95135    6.96213      8.497     0.7639   12.47516   3.274739 5.0640e-11    25.8607    25.8606 1.0000e-12      7.000          1      14459    1473.31 1.9747e+00  52347.999    602.419 1616490667      -0.12     -0.315   40.38562  -72.71736 0.0000e+00
      5.953     6.3131    32.9062  1025.8869     2.5200     7.0191    100.985    0.00064    6.94847    6.95921 -9.990e-29     0.7653   12.47039   3.278445 5.0640e-11    25.8593    25.8592 1.0000e-12      6.000          1      14501    1473.44 1.9747e+00  52342.796    604.180 1616490669      -0.05     -0.554   40.38561  -72.71736 0.0000e+00
      4.963     6.3411    32.9112  1025.8827     2.5214     7.0152    101.024    0.00061    6.94541    6.95611      8.496     0.7519   12.46527   3.281253 7.9979e+04    25.8597    25.8597 1.0000e-12      5.000          1      14551    1473.54 3.9533e-01  52341.306    606.251 1616490671       0.07     -0.478   40.38560  -72.71736 0.0000e+00
      3.970     6.3531    32.9134  1025.8784     2.5218     7.0184    100.996    0.00025    6.94540    6.95610      8.494     0.7437   12.46525   3.282470 9.3476e+02    25.8600    25.8599 1.0000e-12      4.000          1      14594    1473.58 1.9562e+00  52340.490    608.053 1616490673      -0.16     -0.542   40.38560  -72.71736 0.0000e+00
      2.975     6.3669    32.9180  1025.8756     2.5223     7.0122    101.030    0.00038    6.94501    6.95570      8.492     0.7563   12.46458   3.283984 2.1965e+01    25.8618    25.8617 1.0000e-12      3.000          1      14630    1473.62 1.9743e+00  52342.314    609.560 1616490675       0.02     -0.672   40.38560  -72.71736 0.0000e+00
      1.980     6.3656    32.9181  1025.8712     2.5221     7.0098    100.979   -0.00003    6.94452    6.95520      8.492     0.7672   12.46376   3.283747 9.7830e-01    25.8620    25.8620 1.9319e-02      2.000          1      14706    1473.60 1.9747e+00  52342.203    612.728 1616490678       0.07     -0.391   40.38560  -72.71737 0.0000e+00
