CalculateIndicators/WaterTemperature/Data/CTD_NYOS/20210323_C21.cnv
* Sea-Bird SBE 9 Data File:
* FileName = C:\Seabird 9 CTD\Data\2021\202103_offshore\20210323_C21.hex
* Software Version Seasave V 7.23.2
* Temperature SN = 4590
* Conductivity SN = 3228
* Number of Bytes Per Scan = 44
* Number of Voltage Words = 5
* Number of Scans Averaged by the Deck Unit = 1
* NMEA Latitude = 39 19.78 N
* NMEA Longitude = 072 40.48 W
* NMEA UTC (Time) = Mar 23 2021  22:32:47
* NMEA baud rate = 4800
** Ship: RV Seawolf
** Station: 5.5
** Operator: TDK
# nquan = 31
# nvalues = 216                         
# units = specified
# name 0 = depSM: Depth [salt water, m]
# name 1 = t090C: Temperature [ITS-90, deg C]
# name 2 = sal00: Salinity, Practical [PSU]
# name 3 = density00: Density [density, kg/m^3]
# name 4 = sbeox0V: Oxygen raw, SBE 43 [V]
# name 5 = sbeox0ML/L: Oxygen, SBE 43 [ml/l]
# name 6 = sbeox0PS: Oxygen, SBE 43 [% saturation]
# name 7 = sbox0dV/dT: Oxygen, SBE 43 [dov/dt]
# name 8 = oxsolML/L: Oxygen Saturation, Garcia & Gordon [ml/l]
# name 9 = oxsatML/L: Oxygen Saturation, Weiss [ml/l]
# name 10 = ph: pH
# name 11 = flECO-AFL: Fluorescence, WET Labs ECO-AFL/FL [mg/m^3]
# name 12 = n2satML/L: Nitrogen Saturation [ml/l]
# name 13 = c0S/m: Conductivity [S/m]
# name 14 = cpar: CPAR/Corrected Irradiance [%]
# name 15 = sigma-é00: Density [sigma-theta, kg/m^3]
# name 16 = sigma-t00: Density [sigma-t, kg/m^3 ]
# name 17 = par: PAR/Irradiance, Biospherical/Licor
# name 18 = prDM: Pressure, Digiquartz [db]
# name 19 = pumps: Pump Status
# name 20 = scan: Scan Count
# name 21 = svCM: Sound Velocity [Chen-Millero, m/s]
# name 22 = spar: SPAR, Biospherical/Licor
# name 23 = specc: Specific Conductance [uS/cm]
# name 24 = timeS: Time, Elapsed [seconds]
# name 25 = timeY: Time, System [seconds]
# name 26 = accM: Acceleration [m/s^2]
# name 27 = dz/dtM: Descent Rate [m/s]
# name 28 = latitude: Latitude [deg]
# name 29 = longitude: Longitude [deg]
# name 30 = flag: flag
# span 0 =      1.944,    109.147       
# span 1 =     9.5425,    12.3257       
# span 2 =    34.0849,    35.1426       
# span 3 =  1026.3227,  1027.1294       
# span 4 =     2.1502,     2.6082       
# span 5 =     4.9577,     6.7152       
# span 6 =     82.479,    104.924       
# span 7 =   -0.01883,    0.01171       
# span 8 =    6.00539,    6.41557       
# span 9 =    6.00463,    6.41957       
# span 10 =      8.495,      8.588      
# span 11 =     0.0937,     0.8888      
# span 12 =   10.88517,   11.57569      
# span 13 =   3.677306,   4.050993      
# span 14 = 3.4041e-13, 1.0543e+01      
# span 15 =    26.3133,    26.6398      
# span 16 =    26.3131,    26.6370      
# span 17 = 1.0000e-12, 3.6506e+01      
# span 18 =      2.000,    110.000      
# span 19 =          1,          1      
# span 20 =        135,      25948      
# span 21 =    1487.10,    1499.92      
# span 22 = 9.9775e+01, 4.1538e+02      
# span 23 =  53225.172,  54260.136      
# span 24 =      5.593,   1081.122      
# span 25 = 1616538773, 1616539849      
# span 26 =      -1.05,       0.97      
# span 27 =     -1.738,      1.421      
# span 28 =   39.32827,   39.32980      
# span 29 =  -72.67951,  -72.67479      
# span 30 = 0.0000e+00, 0.0000e+00      
# interval = decibars: 1                
# start_time = Mar 23 2021 22:32:48 [System UTC, first data scan.]
# bad_flag = -9.990e-29
*END*
[from data line 47]
     48.627     9.6725    34.2576  1026.6495     2.4375     6.1363     96.472   -0.00119    6.38709    6.39085      8.536     0.3065   11.52648   3.708439 1.2460e-03    26.4282    26.4273 3.2824e-03     49.000          1       3964    1488.55 2.5431e+02  53470.690    165.105 1616538933       0.58      1.051   39.32960  -72.67556 0.0000e+00
     49.629     9.6929    34.2647  1026.6561     2.4334     6.1321     96.117   -0.00296    6.38711    6.39087      8.537     0.2371   11.52652   3.711041 9.3254e-05    26.4303    26.4294 2.4415e-04     50.000          1       4011    1488.65 2.4324e+02  53477.224    167.070 1616538935      -0.05      1.078   39.32958  -72.67556 0.0000e+00
     50.601     9.6992    34.2683  1026.6623     2.4285     6.1254     96.050   -0.00116    6.38088    6.38456      8.535     0.2488   11.51607   3.711887 3.9724e-13    26.4321    26.4312 1.0000e-12     51.000          1       4162    1488.69 2.5215e+02  53481.620    173.368 1616538941       0.41      0.552   39.32956  -72.67558 0.0000e+00
     51.603     9.7230    34.2746  1026.6679     2.4267     6.1164     95.994   -0.00075    6.37727    6.38090      8.535     0.2169   11.51003   3.714843 3.9139e-13    26.4331    26.4321 1.0000e-12     52.000          1       4215    1488.80 2.5820e+02  53486.238    175.588 1616538943       0.09      0.477   39.32956  -72.67560 0.0000e+00
     52.579     9.7896    34.2913  1026.6741     2.4232     6.0775     95.853   -0.00040    6.35501    6.35836      8.534     0.1567   11.47276   3.722892 3.4041e-13    26.4350    26.4340 1.0000e-12     53.000          1       4355    1489.08 2.9144e+02  53496.609    181.429 1616538949       0.13      0.055   39.32956  -72.67562 0.0000e+00
     53.588     9.8471    34.3080  1026.6821     2.4191     6.0548     95.455   -0.00268    6.35911    6.36252      8.534     0.1912   11.47964   3.730398 3.8267e-13    26.4384    26.4374 1.0000e-12     54.000          1       4369    1489.33 2.6143e+02  53509.003    181.993 1616538950       0.41      0.669   39.32956  -72.67562 0.0000e+00
     54.580     9.8817    34.3153  1026.6865     2.4141     6.0620     95.198   -0.00286    6.36023    6.36366      8.534     0.1483   11.48149   3.733781 3.8645e-13    26.4384    26.4373 1.0000e-12     55.000          1       4428    1489.48 2.5956e+02  53512.871    184.440 1616538952      -0.00      0.637   39.32955  -72.67563 0.0000e+00
     55.572     9.8619    34.3127  1026.6923     2.4126     6.0798     95.446    0.00048    6.36384    6.36731      8.534     0.1461   11.48747   3.731257 3.5633e-13    26.4397    26.4386 1.0000e-12     56.000          1       4519    1489.42 2.8075e+02  53513.955    188.242 1616538956       0.54      0.686   39.32954  -72.67564 0.0000e+00
     56.563     9.8430    34.3128  1026.7001     2.4131     6.0758     95.498    0.00075    6.36394    6.36741      8.534     0.1693   11.48763   3.729822 3.9669e-13    26.4429    26.4419 1.0000e-12     57.000          1       4556    1489.37 2.5282e+02  53518.458    189.777 1616538957      -0.18      0.762   39.32954  -72.67564 0.0000e+00
     57.554     9.8455    34.3140  1026.7051     2.4141     6.0790     95.514    0.00014    6.36417    6.36765      8.534     0.1522   11.48801   3.730169 3.7974e-13    26.4435    26.4424 1.0000e-12     58.000          1       4648    1489.39 2.6449e+02  53520.254    193.636 1616538961       0.08      0.300   39.32953  -72.67565 0.0000e+00
     58.533     9.8436    34.3141  1026.7100     2.4140     6.0751     95.486   -0.00030    6.36389    6.36736 -9.990e-29     0.1643   11.48754   3.730023 3.7311e-13    26.4439    26.4428 1.0000e-12     59.000          1       4733    1489.40 2.6806e+02  53521.409    197.153 1616538965       0.16      0.383   39.32952  -72.67566 0.0000e+00
     59.542     9.8418    34.3142  1026.7150     2.4134     6.0724     95.457   -0.00033    6.36371    6.36719 -9.990e-29     0.1888   11.48723   3.729921 4.0019e-13    26.4443    26.4432 1.0000e-12     60.000          1       4756    1489.41 2.4994e+02  53522.643    198.117 1616538966       0.35      0.760   39.32952  -72.67568 0.0000e+00
     60.536     9.8504    34.3171  1026.7203     2.4132     6.0712     95.473   -0.00008    6.36162    6.36506 -9.990e-29     0.1622   11.48372   3.731113 3.8175e-13    26.4452    26.4440 1.0000e-12     61.000          1       4827    1489.46 2.6222e+02  53525.587    201.072 1616538969       0.25      0.447   39.32951  -72.67568 0.0000e+00
     61.519     9.8647    34.3211  1026.7255     2.4117     6.0679     95.386   -0.00049    6.36010    6.36353 -9.990e-29     0.1171   11.48119   3.732868 3.7966e-13    26.4459    26.4447 1.0000e-12     62.000          1       4929    1489.54 2.6354e+02  53528.928    205.316 1616538973       0.26      0.261   39.32950  -72.67570 0.0000e+00
     62.508     9.8672    34.3219  1026.7302     2.4117     6.0659     95.446    0.00010    6.35862    6.36203 -9.990e-29     0.1868   11.47871   3.733200 3.9199e-13    26.4461    26.4449 1.0000e-12     63.000          1       4980    1489.56 2.5512e+02  53530.175    207.448 1616538975      -0.05      0.483   39.32950  -72.67572 0.0000e+00
     63.507     9.8751    34.3242  1026.7352     2.4109     6.0614     95.358   -0.00049    6.35881    6.36222 -9.990e-29     0.1906   11.47902   3.734245 3.8526e-13    26.4466    26.4453 1.0000e-12     64.000          1       5019    1489.61 2.5958e+02  53532.403    209.077 1616538977       0.08      0.610   39.32950  -72.67572 0.0000e+00
     64.498     9.8800    34.3256  1026.7400     2.4098     6.0559     95.337   -0.00020    6.35748    6.36087 -9.990e-29     0.1622   11.47679   3.734849 3.8546e-13    26.4468    26.4456 1.0000e-12     65.000          1       5114    1489.65 2.5949e+02  53533.971    213.035 1616538981       0.13      0.380   39.32949  -72.67573 0.0000e+00
     65.489     9.8835    34.3272  1026.7452     2.4084     6.0525     95.251   -0.00071    6.35550    6.35887 -9.990e-29     0.1875   11.47347   3.735410 3.8324e-13    26.4476    26.4463 1.0000e-12     66.000          1       5190    1489.68 2.6096e+02  53536.261    216.196 1616538984      -0.02      0.570   39.32948  -72.67575 0.0000e+00
     66.477     9.8941    34.3301  1026.7501     2.4086     6.0549     95.323    0.00005    6.35113    6.35445 -9.990e-29     0.1425   11.46617   3.736653 4.1334e-13    26.4480    26.4468 1.0000e-12     67.000          1       5233    1489.74 2.4207e+02  53538.756    217.984 1616538986       0.13      0.535   39.32948  -72.67576 0.0000e+00
     67.476     9.9127    34.3348  1026.7552     2.4074     6.0431     95.215   -0.00051    6.35259    6.35592      8.532     0.1326   11.46860   3.739075 4.0782e-13    26.4486    26.4473 1.0000e-12     68.000          1       5277    1489.83 2.4567e+02  53542.254    219.829 1616538987      -0.11      0.555   39.32948  -72.67576 0.0000e+00
     68.457     9.9587    34.3488  1026.7627     2.4070     5.9829     95.283    0.00058    6.31760    6.32050      8.532     0.1615   11.41007   3.745258 4.0221e-13    26.4518    26.4504 1.0000e-12     69.000          1       5422    1490.02 2.4863e+02  53553.242    225.889 1616538993       0.92      0.628   39.32948  -72.67579 0.0000e+00
     69.467    10.0162    34.3656  1026.7707     2.4035     5.9598     94.880   -0.00213    6.31711    6.31999      8.529     0.1509   11.40924   3.753111 3.9639e-13    26.4552    26.4538 1.0000e-12     70.000          1       5438    1490.27 2.5228e+02  53565.980    226.542 1616538994       0.54      1.177   39.32948  -72.67580 0.0000e+00
     70.458    10.1097    34.3853  1026.7744     2.3976     5.9473     94.342   -0.00497    6.31882    6.32173      8.529     0.1399   11.41209   3.763214 4.0896e-13    26.4546    26.4532 1.0000e-12     71.000          1       5463    1490.65 2.4472e+02  53575.484    227.598 1616538995      -0.30      1.162   39.32948  -72.67581 0.0000e+00
     71.441    10.1661    34.3994  1026.7801     2.3890     5.9376     94.043   -0.00353    6.31796    6.32086      8.529     0.1386   11.41061   3.769652 4.2969e-13    26.4560    26.4545 1.0000e-12     72.000          1       5552    1490.88 2.3351e+02  53584.756    231.276 1616538999       0.04      0.531   39.32946  -72.67583 0.0000e+00
     72.435    10.2029    34.4151  1026.7906     2.3873     5.9234     94.107   -0.00193    6.30568    6.30843 -9.990e-29     0.1462   11.39003   3.775104 3.9954e-13    26.4619    26.4605 1.0000e-12     73.000          1       5651    1491.05 2.5037e+02  53600.186    235.422 1616539003       0.69      1.099   39.32946  -72.67584 0.0000e+00
     73.445    10.2340    34.4231  1026.7960     2.3856     5.9242     93.982   -0.00236    6.30555    6.30829 -9.990e-29     0.1515   11.38980   3.778321 4.2588e-13    26.4629    26.4614 1.0000e-12     74.000          1       5671    1491.19 2.3506e+02  53605.909    236.253 1616539004       0.18      1.421   39.32946  -72.67584 0.0000e+00
     74.420    10.2411    34.4265  1026.8018     2.3828     5.9327     94.035   -0.00042    6.30441    6.30715 -9.990e-29     0.2058   11.38786   3.779023 4.0415e-13    26.4643    26.4628 1.0000e-12     75.000          1       5810    1491.23 2.4808e+02  53609.825    242.026 1616539010      -0.08      0.524   39.32944  -72.67586 0.0000e+00
     75.409    10.2434    34.4294  1026.8082     2.3840     5.9425     94.195    0.00060    6.30328    6.30601 -9.990e-29     0.1529   11.38593   3.779527 4.2832e-13    26.4662    26.4647 1.0000e-12     76.000          1       5885    1491.26 2.3360e+02  53614.174    245.176 1616539013      -0.02      0.409   39.32944  -72.67588 0.0000e+00
     76.396    10.2500    34.4350  1026.8160     2.3872     5.9529     94.436    0.00154    6.30264    6.30536 -9.990e-29     0.1241   11.38483   3.780687 4.2136e-13    26.4695    26.4679 1.0000e-12     77.000          1       5944    1491.31 2.3733e+02  53621.329    247.606 1616539015       0.13      0.402   39.32944  -72.67588 0.0000e+00
     77.394    10.2562    34.4403  1026.8236     2.3888     5.9504     94.440    0.00051    6.30194    6.30466      8.532     0.1325   11.38362   3.781805 4.0718e-13    26.4725    26.4710 1.0000e-12     78.000          1       6035    1491.35 2.4563e+02  53628.155    251.432 1616539019       0.06      0.258   39.32942  -72.67590 0.0000e+00
     78.384    10.2589    34.4452  1026.8314     2.3895     5.9559     94.464    0.00018    6.30095    6.30365      8.532     0.1507   11.38190   3.782566 4.2864e-13    26.4759    26.4743 1.0000e-12     79.000          1       6129    1491.38 2.3340e+02  53635.097    255.332 1616539023       0.07      0.342   39.32942  -72.67592 0.0000e+00
     79.379    10.2612    34.4487  1026.8383     2.3910     5.9599     94.589    0.00072    6.29966    6.30235 -9.990e-29     0.1704   11.37972   3.783172 4.1747e-13    26.4783    26.4767 1.0000e-12     80.000          1       6181    1491.41 2.3968e+02  53640.251    257.507 1616539025       0.19      0.465   39.32942  -72.67593 0.0000e+00
     80.370    10.2784    34.4584  1026.8473     2.3916     5.9529     94.546   -0.00019    6.29674    6.29940      8.533     0.1865   11.37478   3.785869 4.1968e-13    26.4828    26.4812 1.0000e-12     81.000          1       6280    1491.50 2.3854e+02  53650.959    261.624 1616539029       0.20      0.211   39.32940  -72.67594 0.0000e+00
     81.363    10.2975    34.4670  1026.8552     2.3912     5.9456     94.538   -0.00018    6.29177    6.29437      8.534     0.2062   11.36641   3.788545 4.1733e-13    26.4863    26.4846 1.0000e-12     82.000          1       6374    1491.60 2.3967e+02  53659.900    265.544 1616539033       0.14      0.395   39.32940  -72.67596 0.0000e+00
     82.340    10.3172    34.4752  1026.8626     2.3899     5.9193     94.456   -0.00040    6.29140    6.29400      8.536     0.2444   11.36579   3.791250 4.1573e-13    26.4894    26.4877 1.0000e-12     83.000          1       6446    1491.69 2.4054e+02  53668.243    268.558 1616539036       0.44      0.237   39.32940  -72.67598 0.0000e+00
     83.361    10.3479    34.4875  1026.8715     2.3863     5.9138     94.130   -0.00214    6.28819    6.29075      8.536     0.2098   11.36040   3.795766 4.2163e-13    26.4936    26.4919 1.0000e-12     84.000          1       6492    1491.83 2.3724e+02  53680.111    270.447 1616539038       0.45      0.785   39.32939  -72.67598 0.0000e+00
     84.348    10.4049    34.5061  1026.8805     2.3861     5.9042     94.205   -0.00119    6.27526    6.27766      8.536     0.1608   11.33869   3.803344 4.2401e-13    26.4983    26.4965 1.0000e-12     85.000          1       6585    1492.08 2.3587e+02  53695.773    274.317 1616539042       0.27      0.987   39.32938  -72.67600 0.0000e+00
     85.331    10.5015    34.5367  1026.8917     2.3835     5.8272     94.028   -0.00136    6.23605    6.23797      8.531     0.2152   11.27293   3.815555 4.3466e-13    26.5052    26.5034 1.0000e-12     86.000          1       6697    1492.47 2.3032e+02  53720.645    279.016 1616539047       0.18      0.594   39.32938  -72.67602 0.0000e+00
     86.326    10.6149    34.5756  1026.9064     2.3740     5.7330     93.181   -0.00576    6.22264    6.22440      8.529     0.3840   11.25041   3.831630 4.4862e-13    26.5156    26.5138 1.0000e-12     87.000          1       6758    1492.94 2.2293e+02  53754.301    281.544 1616539049       0.41      0.908   39.32938  -72.67604 0.0000e+00
     87.320    10.8436    34.6396  1026.9197     2.3575     5.6508     92.234   -0.00687    6.18982    6.19119      8.523     0.2336   11.19529   3.858683 4.3309e-13    26.5249    26.5230 1.0000e-12     88.000          1       6837    1493.84 2.3094e+02  53801.420    284.845 1616539052      -0.06      0.767   39.32937  -72.67605 0.0000e+00
     88.307    11.0846    34.7225  1026.9447     2.3328     5.4114     90.762   -0.00950    6.12993    6.13060 -9.990e-29     0.2377   11.09476   3.892142 4.6870e-13    26.5460    26.5440 1.0000e-12     89.000          1       6947    1494.80 2.1346e+02  53873.769    289.418 1616539057       0.27      0.667   39.32936  -72.67608 0.0000e+00
     89.301    11.4157    34.8219  1026.9653     2.2840     5.3326     87.606   -0.01860    6.12600    6.12662      8.503     0.4058   11.08810   3.932143 4.5139e-13    26.5628    26.5607 1.0000e-12     90.000          1       7015    1496.09 2.2203e+02  53954.208    292.250 1616539060      -0.00      0.552   39.32935  -72.67609 0.0000e+00
     90.291    11.5068    34.8535  1026.9773     2.2512     5.3261     87.050   -0.00547    6.11958    6.12013      8.504     0.4748   11.07729   3.942899 4.4928e-13    26.5705    26.5684 1.0000e-12     91.000          1       7113    1496.46 2.2300e+02  53982.996    296.336 1616539064       0.13      0.532   39.32934  -72.67610 0.0000e+00
     91.274    11.5199    34.8615  1026.9855     2.2450     5.3091     87.138   -0.00074    6.11021    6.11065      8.503     0.5945   11.06152   3.944688 4.5370e-13    26.5743    26.5722 1.0000e-12     92.000          1       7216    1496.53 2.2126e+02  53992.401    300.635 1616539068       0.09      0.252   39.32934  -72.67612 0.0000e+00
     92.273    11.5808    34.8836  1026.9957     2.2404     5.2819     86.685   -0.00349    6.10646    6.10685 -9.990e-29     0.5549   11.05520   3.953013 4.3186e-13    26.5802    26.5780 1.0000e-12     93.000          1       7266    1496.79 2.3158e+02  54013.297    302.700 1616539070       0.53      0.675   39.32934  -72.67614 0.0000e+00
     93.276    11.6052    34.8909  1027.0013     2.2359     5.2811     86.522   -0.00279    6.10562    6.10601 -9.990e-29     0.6512   11.05380   3.955638 4.3992e-13    26.5813    26.5791 1.0000e-12     94.000          1       7322    1496.89 2.2733e+02  54019.881    305.055 1616539073       0.03      0.865   39.32934  -72.67615 0.0000e+00
