CalculateIndicators/WaterTemperature/Data/CTD_NYOS/20210521_C06.cnv
* Sea-Bird SBE 9 Data File:
* FileName = C:\Seabird 9 CTD\Data\2021\202105_offshore\20210521_C06.hex
* Software Version Seasave V 7.23.2
* Temperature SN = 4590
* Conductivity SN = 3228
* Number of Bytes Per Scan = 44
* Number of Voltage Words = 5
* Number of Scans Averaged by the Deck Unit = 1
* NMEA Latitude = 38 32.36 N
* NMEA Longitude = 073 04.17 W
* NMEA UTC (Time) = May 21 2021  23:17:53
* NMEA baud rate = 4800
** Ship: seawolf
** Station: 7.6
** Operator: EIH
# nquan = 31
# nvalues = 1206                        
# units = specified
# name 0 = depSM: Depth [salt water, m]
# name 1 = t090C: Temperature [ITS-90, deg C]
# name 2 = sal00: Salinity, Practical [PSU]
# name 3 = density00: Density [density, kg/m^3]
# name 4 = sbeox0V: Oxygen raw, SBE 43 [V]
# name 5 = sbeox0ML/L: Oxygen, SBE 43 [ml/l]
# name 6 = sbeox0PS: Oxygen, SBE 43 [% saturation]
# name 7 = sbox0dV/dT: Oxygen, SBE 43 [dov/dt]
# name 8 = oxsolML/L: Oxygen Saturation, Garcia & Gordon [ml/l]
# name 9 = oxsatML/L: Oxygen Saturation, Weiss [ml/l]
# name 10 = ph: pH
# name 11 = flECO-AFL: Fluorescence, WET Labs ECO-AFL/FL [mg/m^3]
# name 12 = n2satML/L: Nitrogen Saturation [ml/l]
# name 13 = c0S/m: Conductivity [S/m]
# name 14 = cpar: CPAR/Corrected Irradiance [%]
# name 15 = sigma-é00: Density [sigma-theta, kg/m^3]
# name 16 = sigma-t00: Density [sigma-t, kg/m^3 ]
# name 17 = par: PAR/Irradiance, Biospherical/Licor
# name 18 = prDM: Pressure, Digiquartz [db]
# name 19 = pumps: Pump Status
# name 20 = scan: Scan Count
# name 21 = svCM: Sound Velocity [Chen-Millero, m/s]
# name 22 = spar: SPAR, Biospherical/Licor
# name 23 = specc: Specific Conductance [uS/cm]
# name 24 = timeS: Time, Elapsed [seconds]
# name 25 = timeY: Time, System [seconds]
# name 26 = accM: Acceleration [m/s^2]
# name 27 = dz/dtM: Descent Rate [m/s]
# name 28 = latitude: Latitude [deg]
# name 29 = longitude: Longitude [deg]
# name 30 = flag: flag
# span 0 =      1.952,    301.021       
# span 1 =     9.9629,    15.7586       
# span 2 =    33.3992,    35.8207       
# span 3 =  1024.6639,  1028.5611       
# span 4 =     1.4159,     2.7953       
# span 5 =     2.8697,     6.4312       
# span 6 =     47.012,    113.042       
# span 7 =   -0.05835,    0.12527       
# span 8 =    5.62592,    6.30785       
# span 9 =    5.62025,    6.31145       
# span 10 =      7.835,      8.196      
# span 11 =    -0.0966,     0.7239      
# span 12 =   10.26252,   11.38342      
# span 13 =   3.848224,   4.336523      
# span 14 = 1.3683e-12, 2.1799e+02      
# span 15 =    24.6553,    27.1986      
# span 16 =    24.6552,    27.1926      
# span 17 = 1.0000e-12, 2.2782e+01      
# span 18 =      2.000,    303.500      
# span 19 =          1,          1      
# span 20 =         25,      39690      
# span 21 =    1495.05,    1508.80      
# span 22 = 8.0438e+00, 7.7015e+01      
# span 23 =  51407.630,  55032.005      
# span 24 =      0.981,   1653.709      
# span 25 = 1621639075, 1621640728      
# span 26 =      -1.02,       1.06      
# span 27 =     -1.582,      1.582      
# span 28 =   38.53946,   38.54409      
# span 29 =  -73.06962,  -73.06836      
# span 30 = 0.0000e+00, 0.0000e+00      
# interval = decibars: 0.5              
# start_time = May 21 2021 23:17:54 [System UTC, first data scan.]
# bad_flag = -9.990e-29
*END*
[from data line 515]
    257.377    10.9744    35.4117  1028.2665     1.4203     2.9288     47.333   -0.00107    6.18768    6.18963      7.862    -0.0659   11.18371   3.954221 1.8690e-12    27.1068    27.1009 1.0000e-12    259.500          1      12925    1498.06 5.3509e+01  54958.461    538.494 1621639612       0.92      0.430   38.54088  -73.06902 0.0000e+00
    257.881    10.9464    35.4058  1028.2694     1.4199     2.9229     47.296   -0.00124    6.17996    6.18180      7.861    -0.0658   11.17098   3.950349 1.8599e-12    27.1073    27.1014 1.0000e-12    260.000          1      12934    1497.96 5.3779e+01  54955.103    538.886 1621639613       0.79      0.784   38.54086  -73.06902 0.0000e+00
    258.384    10.9203    35.4053  1028.2761     1.4196     2.9178     47.264   -0.00135    6.17333    6.17509      7.861    -0.0605   11.15996   3.948112 1.8612e-12    27.1116    27.1058 1.0000e-12    260.500          1      12944    1497.88 5.3740e+01  54960.058    539.304 1621639613       0.49      1.049   38.54086  -73.06902 0.0000e+00
    258.882    10.8938    35.4011  1028.2801     1.4197     2.9199     47.307   -0.00092    6.17220    6.17394      7.861    -0.0524   11.15805   3.944886 1.8265e-12    27.1132    27.1074 1.0000e-12    261.000          1      12956    1497.79 5.4763e+01  54959.750    539.793 1621639614       0.06      1.167   38.54087  -73.06902 0.0000e+00
    259.377    10.8492    35.3977  1028.2880     1.4204     2.9307     47.431    0.00005    6.17894    6.18077      7.861    -0.0607   11.16927   3.940345 1.8233e-12    27.1186    27.1128 1.0000e-12    261.500          1      12973    1497.64 5.4859e+01  54963.706    540.505 1621639614      -0.36      1.009   38.54088  -73.06902 0.0000e+00
    259.858    10.8469    35.3996  1028.2921     1.4194     2.9343     47.386   -0.00015    6.19245    6.19448      7.861    -0.0624   11.19163   3.941105 1.8349e-12    27.1205    27.1147 1.0000e-12    262.000          1      13032    1497.64 5.4516e+01  54967.717    542.962 1621639617      -0.06      0.271   38.54089  -73.06901 0.0000e+00
    260.350    10.8533    35.3915  1028.2868     1.4174     2.9288     47.209   -0.00121    6.20392    6.20609 -9.990e-29    -0.0522   11.21072   3.939430 1.8764e-12    27.1130    27.1072 1.0000e-12    262.500          1      13080    1497.66 5.3291e+01  54953.774    544.945 1621639619       0.69      0.326   38.54090  -73.06902 0.0000e+00
    260.854    10.7810    35.3902  1028.3015     1.4178     2.9337     47.293   -0.00052    6.20324    6.20541 -9.990e-29    -0.0524   11.20961   3.933063 1.8755e-12    27.1251    27.1192 1.0000e-12    263.000          1      13091    1497.41 5.3318e+01  54967.499    545.396 1621639619       0.62      0.659   38.54090  -73.06902 0.0000e+00
    261.351    10.7570    35.3885  1028.3068     1.4176     2.9330     47.308   -0.00019    6.19985    6.20196 -9.990e-29    -0.0524   11.20401   3.930675 1.8755e-12    27.1280    27.1222 1.0000e-12    263.500          1      13102    1497.34 5.3318e+01  54969.950    545.881 1621639620       0.37      0.900   38.54090  -73.06902 0.0000e+00
    261.852    10.7389    35.3862  1028.3106     1.4175     2.9326     47.315   -0.00003    6.19802    6.20011 -9.990e-29    -0.0524   11.20092   3.928722 1.8755e-12    27.1295    27.1237 1.0000e-12    264.000          1      13115    1497.28 -9.990e-29  54970.493    546.399 1621639620       0.08      1.006   38.54090  -73.06902 0.0000e+00
    262.349    10.7233    35.3845  1028.3145     1.4180     2.9368     47.350    0.00007    6.20242    6.20457      7.857    -0.0523   11.20825   3.927202 1.8755e-12    27.1310    27.1252 1.0000e-12    264.500          1      13130    1497.23 -9.990e-29  54971.517    547.034 1621639621      -0.17      0.960   38.54090  -73.06902 0.0000e+00
    262.835    10.7240    35.3839  1028.3160     1.4176     2.9376     47.324   -0.00012    6.20749    6.20970      7.857    -0.0459   11.21666   3.927247 1.8749e-12    27.1304    27.1245 1.0000e-12    265.000          1      13172    1497.24 5.3318e+01  54970.698    548.786 1621639623      -0.22      0.405   38.54090  -73.06900 0.0000e+00
    263.325    10.7045    35.3814  1028.3199     1.4175     2.9392     47.338    0.00005    6.20894    6.21118      7.857    -0.0526   11.21908   3.925262 1.8755e-12    27.1319    27.1261 1.0000e-12    265.500          1      13216    1497.18 5.3318e+01  54971.409    550.605 1621639624       0.38      0.214   38.54090  -73.06900 0.0000e+00
    263.830    10.6905    35.3793  1028.3231     1.4171     2.9371     47.324    0.00010    6.20629    6.20850      7.857    -0.0554   11.21468   3.923722 1.8755e-12    27.1328    27.1270 1.0000e-12    266.000          1      13233    1497.13 5.3318e+01  54971.536    551.317 1621639625       0.35      0.518   38.54090  -73.06900 0.0000e+00
    264.330    10.6735    35.3775  1028.3271     1.4179     2.9432     47.381    0.00027    6.21173    6.21400      7.857    -0.0595   11.22372   3.921970 1.8755e-12    27.1344    27.1286 1.0000e-12    266.500          1      13256    1497.08 5.3318e+01  54972.582    552.292 1621639626      -0.07      0.595   38.54092  -73.06900 0.0000e+00
    264.794    10.6720    35.3764  1028.3287     1.4167     2.9459     47.290   -0.00050    6.22935    6.23187      7.854    -0.0505   11.25299   3.921602 1.8755e-12    27.1339    27.1281 1.0000e-12    267.000          1      13328    1497.08 5.3318e+01  54971.765    555.292 1621639629       0.09     -0.035   38.54092  -73.06900 0.0000e+00
    265.291    10.6398    35.3721  1028.3335     1.4159     2.9394     47.222   -0.00075    6.22469    6.22715      7.853    -0.0358   11.24525   3.917905 1.8755e-12    27.1363    27.1305 1.0000e-12    267.500          1      13336    1496.97 5.3318e+01  54972.267    555.629 1621639630       0.66      0.298   38.54092  -73.06900 0.0000e+00
    265.796    10.6200    35.3707  1028.3383     1.4160     2.9350     47.189   -0.00110    6.21966    6.22204 -9.990e-29    -0.0255   11.23691   3.915939 1.8755e-12    27.1388    27.1330 1.0000e-12    268.000          1      13345    1496.90 5.3318e+01  54974.738    555.979 1621639630       0.88      0.585   38.54092  -73.06900 0.0000e+00
    266.300    10.5982    35.3670  1028.3417     1.4167     2.9391     47.261   -0.00068    6.21881    6.22119 -9.990e-29    -0.0255   11.23551   3.913063 1.8755e-12    27.1397    27.1339 1.0000e-12    268.500          1      13352    1496.83 5.3318e+01  54973.870    556.293 1621639630       0.94      0.877   38.54092  -73.06900 0.0000e+00
    266.814    10.5715    35.3659  1028.3481     1.4168     2.9425     47.315   -0.00017    6.21878    6.22115 -9.990e-29    -0.0486   11.23545   3.910815 1.8755e-12    27.1436    27.1378 1.0000e-12    269.000          1      13359    1496.74 5.3318e+01  54978.206    556.598 1621639630       0.86      1.154   38.54092  -73.06900 0.0000e+00
    267.314    10.5603    35.3660  1028.3524     1.4174     2.9483     47.393    0.00037    6.22100    6.22340 -9.990e-29    -0.0650   11.23911   3.909885 1.8755e-12    27.1456    27.1398 1.0000e-12    269.500          1      13368    1496.71 5.3318e+01  54980.725    556.942 1621639631       0.55      1.391   38.54092  -73.06900 0.0000e+00
    267.812    10.5491    35.3645  1028.3556     1.4182     2.9559     47.503    0.00117    6.22258    6.22501 -9.990e-29    -0.0658   11.24173   3.908720 1.8755e-12    27.1464    27.1406 1.0000e-12    270.000          1      13378    1496.68 5.3318e+01  54981.184    557.388 1621639631      -0.03      1.485   38.54092  -73.06900 0.0000e+00
    268.298    10.5392    35.3632  1028.3586     1.4181     2.9550     47.464    0.00070    6.22569    6.22815 -9.990e-29    -0.0616   11.24693   3.907904 2.0409e-12    27.1472    27.1414 1.0000e-12    270.500          1      13427    1496.65 4.9728e+01  54981.566    559.416 1621639633      -0.35      0.946   38.54093  -73.06900 0.0000e+00
    268.773    10.5365    35.3619  1028.3601     1.4173     2.9536     47.377   -0.00010    6.23420    6.23678 -9.990e-29    -0.0524   11.26106   3.907451 2.3947e-12    27.1466    27.1408 1.0000e-12    271.000          1      13517    1496.65 4.1762e+01  54980.580    563.163 1621639637       0.60      0.512   38.54094  -73.06900 0.0000e+00
    269.272    10.5203    35.3602  1028.3641     1.4180     2.9581     47.448    0.00029    6.23442    6.23700      7.853    -0.0524   11.26143   3.905649 2.3002e-12    27.1482    27.1424 1.0000e-12    271.500          1      13527    1496.60 4.3476e+01  54981.867    563.584 1621639637       0.56      0.769   38.54094  -73.06900 0.0000e+00
    269.772    10.5086    35.3597  1028.3681     1.4176     2.9569     47.436    0.00038    6.23339    6.23596      7.853    -0.0524   11.25972   3.904684 2.2109e-12    27.1499    27.1441 1.0000e-12    272.000          1      13536    1496.56 4.5237e+01  54983.824    563.973 1621639638       0.48      0.971   38.54094  -73.06900 0.0000e+00
    270.273    10.5053    35.3594  1028.3707     1.4178     2.9562     47.435    0.00027    6.23212    6.23468      7.853    -0.0524   11.25761   3.904388 2.2117e-12    27.1502    27.1444 1.0000e-12    272.500          1      13545    1496.56 4.5221e+01  54984.268    564.354 1621639638       0.36      1.129   38.54094  -73.06900 0.0000e+00
    270.774    10.5015    35.3587  1028.3732     1.4183     2.9581     47.471    0.00043    6.23129    6.23384      7.853    -0.0614   11.25625   3.903946 2.1421e-12    27.1504    27.1446 1.0000e-12    273.000          1      13555    1496.55 4.6766e+01  54984.408    564.755 1621639639       0.19      1.234   38.54094  -73.06900 0.0000e+00
    271.271    10.4958    35.3578  1028.3758     1.4187     2.9599     47.505    0.00060    6.23058    6.23311      7.853    -0.0656   11.25507   3.903363 1.9000e-12    27.1507    27.1449 1.0000e-12    273.500          1      13566    1496.54 5.2682e+01  54984.654    565.208 1621639639      -0.04      1.262   38.54094  -73.06900 0.0000e+00
    271.771    10.4917    35.3572  1028.3783     1.4189     2.9616     47.520    0.00063    6.23222    6.23478      7.853    -0.0567   11.25779   3.902974 1.8765e-12    27.1510    27.1452 1.0000e-12    274.000          1      13581    1496.54 5.3290e+01  54985.021    565.824 1621639640      -0.32      1.128   38.54095  -73.06900 0.0000e+00
    272.247    10.4839    35.3559  1028.3809     1.4186     2.9602     47.454   -0.00016    6.23803    6.24067      7.853    -0.0517   11.26743   3.902156 1.8755e-12    27.1514    27.1455 1.0000e-12    274.500          1      13665    1496.51 5.3318e+01  54984.978    569.336 1621639643       0.22      0.473   38.54096  -73.06900 0.0000e+00
    272.733    10.4760    35.3544  1028.3834     1.4183     2.9580     47.419   -0.00045    6.23788    6.24051 -9.990e-29    -0.0524   11.26719   3.901222 1.8755e-12    27.1516    27.1458 1.0000e-12    275.000          1      13702    1496.49 5.3318e+01  54984.865    570.873 1621639645       0.64      0.626   38.54096  -73.06900 0.0000e+00
    273.238    10.4673    35.3538  1028.3867     1.4185     2.9604     47.453   -0.00016    6.23868    6.24132 -9.990e-29    -0.0524   11.26852   3.900266 1.8755e-12    27.1527    27.1469 1.0000e-12    275.500          1      13711    1496.47 5.3318e+01  54986.084    571.264 1621639645       0.68      0.861   38.54096  -73.06900 0.0000e+00
    273.739    10.4581    35.3532  1028.3902     1.4184     2.9612     47.467    0.00005    6.23856    6.24120 -9.990e-29    -0.0524   11.26833   3.899345 1.8755e-12    27.1539    27.1480 1.0000e-12    276.000          1      13719    1496.45 5.3318e+01  54987.355    571.598 1621639645       0.63      1.082   38.54096  -73.06900 0.0000e+00
    274.249    10.4490    35.3523  1028.3935     1.4184     2.9630     47.490    0.00014    6.23914    6.24179      7.853    -0.0524   11.26927   3.898469 1.8755e-12    27.1548    27.1489 1.0000e-12    276.500          1      13727    1496.42 5.3318e+01  54988.243    571.936 1621639646       0.50      1.271   38.54096  -73.06900 0.0000e+00
    274.752    10.4438    35.3520  1028.3964 -9.990e-29     2.9638     47.497    0.00019    6.23989    6.24255      7.853    -0.0524   11.27054   3.898033 1.8755e-12    27.1554    27.1496 1.0000e-12    277.000          1      13737    1496.41 5.3318e+01  54989.079    572.344 1621639646       0.16      1.399   38.54096  -73.06900 0.0000e+00
    275.241    10.4406    35.3514  1028.3988 -9.990e-29     2.9657     47.501    0.00021    6.24330    6.24601      7.853    -0.0634   11.27619   3.897754 1.8755e-12    27.1555    27.1497 1.0000e-12    277.500          1      13781    1496.40 5.3318e+01  54989.252    574.173 1621639648      -0.11      0.943   38.54098  -73.06899 0.0000e+00
    275.718    10.4346    35.3501  1028.4011 -9.990e-29     2.9677     47.487   -0.00000    6.24947    6.25227 -9.990e-29    -0.0540   11.28644   3.897062 1.8755e-12    27.1556    27.1497 1.0000e-12    278.000          1      13851    1496.39 5.3318e+01  54989.011    577.079 1621639651       0.39      0.500   38.54098  -73.06900 0.0000e+00
    276.215    10.4262    35.3492  1028.4042 -9.990e-29     2.9689     47.493    0.00001    6.25138    6.25419 -9.990e-29    -0.0560   11.28961   3.896165 1.8755e-12    27.1565    27.1505 1.0000e-12    278.500          1      13866    1496.37 5.3318e+01  54989.791    577.704 1621639652       0.20      0.681   38.54098  -73.06900 0.0000e+00
    276.711    10.4181    35.3484  1028.4072 -9.990e-29     2.9698     47.493    0.00002    6.25310    6.25594 -9.990e-29    -0.0657   11.29246   3.895338 1.8755e-12    27.1572    27.1513 1.0000e-12    279.000          1      13880    1496.34 5.3318e+01  54990.603    578.305 1621639652       0.11      0.770   38.54098  -73.06900 0.0000e+00
    277.213    10.4076    35.3469  1028.4102 -9.990e-29     2.9709     47.502    0.00004    6.25427    6.25713 -9.990e-29    -0.0658   11.29441   3.894052 1.8755e-12    27.1579    27.1520 1.0000e-12    279.500          1      13895    1496.31 5.3318e+01  54990.809    578.910 1621639653       0.06      0.821   38.54099  -73.06900 0.0000e+00
    277.710    10.3859    35.3453  1028.4152 -9.990e-29     2.9721     47.515    0.00006    6.25493    6.25779 -9.990e-29    -0.0623   11.29550   3.891897 1.8755e-12    27.1605    27.1546 1.0000e-12    280.000          1      13913    1496.24 5.3318e+01  54993.434    579.655 1621639654      -0.12      0.791   38.54100  -73.06900 0.0000e+00
    278.199    10.3638    35.3429  1028.4195     1.4192     2.9772     47.597    0.00055    6.25511    6.25798      7.849    -0.0583   11.29582   3.889507 1.8755e-12    27.1624    27.1566 1.0000e-12    280.500          1      13940    1496.17 5.3318e+01  54994.734    580.805 1621639655      -0.24      0.539   38.54100  -73.06899 0.0000e+00
    278.697    10.3434    35.3411  1028.4241     1.4197     2.9782     47.605    0.00032    6.25595    6.25883      7.849    -0.0471   11.29721   3.887508 1.8755e-12    27.1646    27.1587 1.0000e-12    281.000          1      13973    1496.10 5.3318e+01  54996.689    582.147 1621639656      -0.02      0.382   38.54100  -73.06898 0.0000e+00
    279.184    10.3383    35.3401  1028.4264     1.4193     2.9768     47.556   -0.00012    6.25957    6.26251      7.849    -0.0530   11.30323   3.887038 1.8755e-12    27.1648    27.1589 1.0000e-12    281.500          1      14016    1496.09 5.3318e+01  54996.699    583.963 1621639658      -0.09      0.272   38.54101  -73.06898 0.0000e+00
    279.674    10.3355    35.3396  1028.4287     1.4190     2.9740     47.512   -0.00043    6.25950    6.26243 -9.990e-29    -0.0524   11.30310   3.886709 1.8755e-12    27.1648    27.1589 1.0000e-12    282.000          1      14041    1496.09 5.3318e+01  54996.723    585.006 1621639659       0.30      0.322   38.54102  -73.06898 0.0000e+00
