CalculateIndicators/WaterTemperature/Data/CTD_NYOS/20210323_C15.cnv
* Sea-Bird SBE 9 Data File:
* FileName = C:\Seabird 9 CTD\Data\2021\202103_offshore\20210323_C15.hex
* Software Version Seasave V 7.23.2
* Temperature SN = 4590
* Conductivity SN = 3228
* Number of Bytes Per Scan = 44
* Number of Voltage Words = 5
* Number of Scans Averaged by the Deck Unit = 1
* NMEA Latitude = 40 34.63 N
* NMEA Longitude = 073 08.05 W
* NMEA UTC (Time) = Mar 23 2021  03:16:15
* NMEA baud rate = 4800
** Ship: RV Seawolf
** Station: 5.1
** Operator: TCM
# nquan = 31
# nvalues = 42                          
# units = specified
# name 0 = depSM: Depth [salt water, m]
# name 1 = t090C: Temperature [ITS-90, deg C]
# name 2 = sal00: Salinity, Practical [PSU]
# name 3 = density00: Density [density, kg/m^3]
# name 4 = sbeox0V: Oxygen raw, SBE 43 [V]
# name 5 = sbeox0ML/L: Oxygen, SBE 43 [ml/l]
# name 6 = sbeox0PS: Oxygen, SBE 43 [% saturation]
# name 7 = sbox0dV/dT: Oxygen, SBE 43 [dov/dt]
# name 8 = oxsolML/L: Oxygen Saturation, Garcia & Gordon [ml/l]
# name 9 = oxsatML/L: Oxygen Saturation, Weiss [ml/l]
# name 10 = ph: pH
# name 11 = flECO-AFL: Fluorescence, WET Labs ECO-AFL/FL [mg/m^3]
# name 12 = n2satML/L: Nitrogen Saturation [ml/l]
# name 13 = c0S/m: Conductivity [S/m]
# name 14 = cpar: CPAR/Corrected Irradiance [%]
# name 15 = sigma-é00: Density [sigma-theta, kg/m^3]
# name 16 = sigma-t00: Density [sigma-t, kg/m^3 ]
# name 17 = par: PAR/Irradiance, Biospherical/Licor
# name 18 = prDM: Pressure, Digiquartz [db]
# name 19 = pumps: Pump Status
# name 20 = scan: Scan Count
# name 21 = svCM: Sound Velocity [Chen-Millero, m/s]
# name 22 = spar: SPAR, Biospherical/Licor
# name 23 = specc: Specific Conductance [uS/cm]
# name 24 = timeS: Time, Elapsed [seconds]
# name 25 = timeY: Time, System [seconds]
# name 26 = accM: Acceleration [m/s^2]
# name 27 = dz/dtM: Descent Rate [m/s]
# name 28 = latitude: Latitude [deg]
# name 29 = longitude: Longitude [deg]
# name 30 = flag: flag
# span 0 =      0.961,     21.836       
# span 1 =     4.5420,     5.4913       
# span 2 =    32.3113,    32.3442       
# span 3 =  1025.5199,  1025.7114       
# span 4 =     2.4270,     2.5090       
# span 5 =     7.0596,     7.2238       
# span 6 =     96.962,    101.724       
# span 7 =   -0.00300,    0.01240       
# span 8 =    7.11544,    7.28058       
# span 9 =    7.12806,    7.29590       
# span 10 =      8.464,      8.482      
# span 11 =     0.7575,     1.2505      
# span 12 =   12.75341,   13.02603      
# span 13 =   3.076444,   3.157393      
# span 14 = -1.268e+04, 9.4841e+04      
# span 15 =    25.5050,    25.6096      
# span 16 =    25.5050,    25.6095      
# span 17 = -8.885e-03, 4.9628e-02      
# span 18 =      1.000,     22.000      
# span 19 =          1,          1      
# span 20 =        310,       8751      
# span 21 =    1465.72,    1469.46      
# span 22 = -3.932e-01, 2.2250e+00      
# span 23 =  51761.345,  52070.187      
# span 24 =     12.862,    364.594      
# span 25 = 1616469386, 1616469737      
# span 26 =      -0.40,       0.25      
# span 27 =     -0.809,      0.416      
# span 28 =   40.57725,   40.57730      
# span 29 =  -73.13555,  -73.13429      
# span 30 = 0.0000e+00, 0.0000e+00      
# interval = decibars: 1                
# start_time = Mar 23 2021 03:16:13 [System UTC, first data scan.]
# bad_flag = -9.990e-29
*END*
      1.984     5.4811    32.3409  1025.5227     2.5066     7.1503    100.495    0.00011    7.11849    7.13117 -9.990e-29     0.7575   12.75832   3.156205 2.5131e+00    25.5134    25.5134 4.9628e-02      2.000          1        310    1469.33 1.9747e+00  51770.731     12.862 1616469386       0.23      0.074   40.57726  -73.13429 0.0000e+00
      2.976     5.4807    32.3413  1025.5276     2.5049     7.1463    100.352   -0.00055    7.11806    7.13073 -9.990e-29     0.7739   12.75761   3.156240 7.3539e-01    25.5137    25.5137 1.4522e-02      3.000          1        491    1469.35 1.9747e+00  51772.063     20.409 1616469394       0.03      0.327   40.57726  -73.13433 0.0000e+00
      3.972     5.4830    32.3413  1025.5321     2.5056     7.1549    100.497    0.00036    7.11753    7.13019      8.464     0.7840   12.75673   3.156498 5.6836e-02    25.5135    25.5135 1.1224e-03      4.000          1        574    1469.37 1.9747e+00  51772.136     23.892 1616469397      -0.06      0.364   40.57726  -73.13434 0.0000e+00
      4.958     5.4862    32.3415  1025.5364     2.5060     7.1529    100.499   -0.00006    7.11685    7.12951      8.464     0.7973   12.75560   3.156817 7.8788e+02    25.5133    25.5133 1.0000e-12      5.000          1        719    1469.41 1.9591e+00  51772.145     29.934 1616469403       0.16      0.181   40.57726  -73.13436 0.0000e+00
      5.956     5.4887    32.3418  1025.5411     2.5055     7.1498    100.456   -0.00025    7.11687    7.12953      8.464     0.7934   12.75564   3.157109 4.1010e+04    25.5133    25.5132 1.0000e-12      6.000          1        768    1469.43 1.1649e+00  51772.559     31.967 1616469405      -0.03      0.416   40.57726  -73.13436 0.0000e+00
      6.943     5.4913    32.3418  1025.5454     2.4992     7.1293     99.953   -0.00300    7.16719    7.18065      8.466     0.8309   12.83881   3.157393 -8.517e+03    25.5130    25.5130 1.0000e-12      7.000          1        899    1469.46 2.1429e+00  51772.564     37.423 1616469411       0.22      0.150   40.57726  -73.13440 0.0000e+00
      7.941     5.2253    32.3278  1025.5692     2.4912     7.1886     99.678   -0.00242    7.19590    7.20982      8.470     0.8535   12.88629   3.132420 5.0640e-11    25.5321    25.5320 1.0000e-12      8.000          1        965    1468.38 1.9747e+00  51835.952     40.156 1616469413      -0.06      0.374   40.57726  -73.13440 0.0000e+00
      8.929     4.8210    32.3257  1025.6169     2.4785     7.2023     99.157   -0.00245    7.25378    7.26865      8.473     0.9191   12.98190   3.097634 5.0640e-11    25.5751    25.5750 1.0000e-12      9.000          1       1097    1466.74 1.9747e+00  51962.139     45.683 1616469419       0.25      0.214   40.57726  -73.13443 0.0000e+00
      9.921     4.6871    32.3219  1025.6329     2.4771     7.2092     99.349   -0.00024    7.25868    7.27362      8.477     0.9584   12.98999   3.086765 5.0318e+02    25.5864    25.5863 1.0000e-12     10.000          1       1185    1466.20 1.9648e+00  52001.973     49.342 1616469423      -0.08      0.239   40.57726  -73.13444 0.0000e+00
     10.917     4.6577    32.3222  1025.6409     2.4734     7.1999     99.115   -0.00088    7.26408    7.27912      8.478     1.0048   12.99889   3.084698 4.5400e+04    25.5897    25.5896 1.0000e-12     11.000          1       1292    1466.09 1.0782e+00  52012.974     53.793 1616469427       0.25      0.268   40.57726  -73.13445 0.0000e+00
     11.908     4.6234    32.3248  1025.6512     2.4683     7.1794     98.833   -0.00139    7.27220    7.28738 -9.990e-29     1.0202   13.01222   3.082228 2.7431e+03    25.5954    25.5953 1.0000e-12     12.000          1       1390    1465.97 1.9205e+00  52028.965     57.889 1616469431      -0.03      0.268   40.57726  -73.13447 0.0000e+00
     12.899     4.5733    32.3299  1025.6652     2.4573     7.1382     98.166   -0.00269    7.27715    7.29242      8.476     1.0071   13.02037   3.078599 5.0640e-11    25.6047    25.6046 1.0000e-12     13.000          1       1501    1465.79 1.9747e+00  52053.977     62.517 1616469436       0.01      0.226   40.57727  -73.13449 0.0000e+00
     13.892     4.5586    32.3304  1025.6718     2.4508     7.1307     97.988   -0.00147    7.27802    7.29330      8.475     1.0138   13.02179   3.077564 5.0640e-11    25.6067    25.6066 1.0000e-12     14.000          1       1594    1465.75 1.9747e+00  52060.391     66.360 1616469440       0.01      0.269   40.57728  -73.13450 0.0000e+00
     14.884     4.5537    32.3309  1025.6774     2.4460     7.1170     97.821   -0.00099    7.27952    7.29482 -9.990e-29     1.0328   13.02427   3.077331 1.3606e+04    25.6076    25.6075 1.0000e-12     15.000          1       1706    1465.74 1.7060e+00  52063.524     71.033 1616469444       0.07      0.265   40.57728  -73.13452 0.0000e+00
     15.877     4.5462    32.3306  1025.6826     2.4425     7.1057     97.642   -0.00108    7.27982    7.29513      8.473     1.0751   13.02477   3.076743 9.4841e+04    25.6081    25.6080 1.0000e-12     16.000          1       1786    1465.72 1.0186e-01  52066.299     74.375 1616469448       0.02      0.305   40.57728  -73.13453 0.0000e+00
     16.867     4.5437    32.3300  1025.6870     2.4388     7.0960     97.518   -0.00075    7.28058    7.29590      8.473     1.0207   13.02603   3.076564 -2.544e+03    25.6079    25.6077 1.0000e-12     17.000          1       1920    1465.73 2.0249e+00  52066.965     79.946 1616469453       0.10      0.244   40.57728  -73.13456 0.0000e+00
     17.862     4.5449    32.3307  1025.6921     2.4360     7.0833     97.355   -0.00100    7.27889    7.29419      8.473     1.0548   13.02322   3.076806 5.0640e-11    25.6083    25.6082 1.0000e-12     18.000          1       1998    1465.75 1.9747e+00  52068.367     83.221 1616469456      -0.00      0.253   40.57728  -73.13457 0.0000e+00
     18.852     4.5514    32.3322  1025.6973     2.4308     7.0695     97.123   -0.00088    7.27797    7.29325      8.473     1.1020   13.02168   3.077549 5.0640e-11    25.6088    25.6087 1.0000e-12     19.000          1       2120    1465.80 1.9747e+00  52069.095     88.306 1616469461       0.02      0.218   40.57728  -73.13459 0.0000e+00
     19.845     4.5576    32.3333  1025.7022     2.4293     7.0609     97.113   -0.00035    7.27647    7.29174 -9.990e-29     1.1680   13.01920   3.078245 2.3243e+04    25.6091    25.6090 1.0000e-12     20.000          1       2213    1465.84 1.5157e+00  52069.402     92.182 1616469465       0.03      0.245   40.57728  -73.13460 0.0000e+00
     20.838     4.5649    32.3349  1025.7074     2.4270     7.0596     97.017   -0.00030    7.27629    7.29155      8.473     1.2133   13.01889   3.079024 4.6355e+04    25.6096    25.6095 1.0000e-12     21.000          1       2375    1465.89 1.0593e+00  52069.992     98.919 1616469472       0.08      0.155   40.57728  -73.13463 0.0000e+00
     21.836     4.5648    32.3341  1025.7114     2.4272     7.0607     96.962   -0.00078    7.27855    7.29384      8.473     1.2505   13.02265   3.078951 -1.268e+04    25.6090    25.6088 1.0000e-12     22.000          1       3132    1465.90 2.2250e+00  52069.514    130.469 1616469504      -0.40      0.356   40.57730  -73.13475 0.0000e+00
     20.835     4.5568    32.3332  1025.7068     2.4280     7.0736     97.127    0.00031    7.27810    7.29338      8.473     1.0822   13.02190   3.078115 5.0640e-11    25.6091    25.6089 1.0000e-12     21.000          1       3122    1465.85 1.9747e+00  52070.187    130.035 1616469503      -0.05     -0.403   40.57730  -73.13474 0.0000e+00
     19.843     4.5554    32.3325  1025.7018     2.4286     7.0704     97.149    0.00043    7.27801    7.29330      8.473     1.1337   13.02176   3.077920 5.0640e-11    25.6087    25.6085 1.0000e-12     20.000          1       3758    1465.83 1.9747e+00  52068.890    156.558 1616469530       0.02     -0.304   40.57728  -73.13484 0.0000e+00
     18.853     4.5525    32.3322  1025.6972     2.4291     7.0766     97.127    0.00012    7.28056    7.29588      8.473     1.0406   13.02600   3.077593 5.0640e-11    25.6087    25.6086 1.0000e-12     19.000          1       3852    1465.80 1.9747e+00  52068.688    160.446 1616469534       0.01     -0.288   40.57728  -73.13486 0.0000e+00
     17.861     4.5420    32.3295  1025.6915     2.4330     7.0951     97.424    0.00113    7.28008    7.29540      8.475     1.0423   13.02521   3.076444 5.0640e-11    25.6077    25.6076 1.0000e-12     18.000          1       3934    1465.74 1.9747e+00  52067.658    163.892 1616469537       0.01     -0.249   40.57728  -73.13487 0.0000e+00
     16.866     4.5437    32.3293  1025.6865     2.4362     7.1025     97.522    0.00074    7.27844    7.29372      8.476     1.0384   13.02250   3.076553 5.0640e-11    25.6073    25.6072 1.0000e-12     17.000          1       4017    1465.73 1.9747e+00  52066.000    167.350 1616469541      -0.23     -0.428   40.57728  -73.13488 0.0000e+00
     15.876     4.5522    32.3293  1025.6810     2.4396     7.1144     97.712    0.00100    7.27792    7.29319      8.478     1.0187   13.02165   3.077252 2.3514e+04    25.6065    25.6064 1.0000e-12     16.000          1       4098    1465.75 1.5104e+00  52062.434    170.699 1616469544       0.08     -0.267   40.57728  -73.13490 0.0000e+00
     14.885     4.5574    32.3289  1025.6754     2.4439     7.1266     97.895    0.00092    7.27705    7.29231      8.478     0.9581   13.02023   3.077612 3.2122e+04    25.6056    25.6055 1.0000e-12     15.000          1       4204    1465.75 1.3404e+00  52059.347    175.126 1616469548      -0.09     -0.280   40.57728  -73.13492 0.0000e+00
     13.889     4.5600    32.3283  1025.6700     2.4458     7.1324     97.940    0.00055    7.27590    7.29114      8.478     0.9887   13.01834   3.077741 1.7894e+03    25.6049    25.6048 1.0000e-12     14.000          1       4266    1465.75 1.9394e+00  52056.890    177.716 1616469551      -0.09     -0.381   40.57728  -73.13492 0.0000e+00
     12.898     4.5726    32.3261  1025.6623     2.4504     7.1479     98.209    0.00113    7.27006    7.28520      8.479     1.0029   13.00879   3.078622 5.0640e-11    25.6018    25.6017 1.0000e-12     13.000          1       4367    1465.78 1.9747e+00  52048.715    181.935 1616469555      -0.08     -0.314   40.57728  -73.13494 0.0000e+00
     11.908     4.6125    32.3198  1025.6484     2.4600     7.1897     98.871    0.00306    7.26253    7.27753      8.482     0.9768   12.99641   3.081467 5.0640e-11    25.5925    25.5924 1.0000e-12     12.000          1       4462    1465.92 1.9747e+00  52025.202    185.877 1616469559      -0.03     -0.238   40.57728  -73.13495 0.0000e+00
     10.913     4.6528    32.3153  1025.6360     2.4680     7.1969     99.150    0.00211    7.25764    7.27255      8.482     0.9894   12.98837   3.084506 2.2204e+04    25.5848    25.5847 1.0000e-12     11.000          1       4545    1466.06 1.5362e+00  52004.670    189.322 1616469563       0.02     -0.273   40.57728  -73.13497 0.0000e+00
      9.916     4.6819    32.3159  1025.6286     2.4742     7.2018     99.235    0.00013    7.25602    7.27091      8.482     0.9505   12.98567   3.086806 2.2018e+04    25.5821    25.5821 1.0000e-12     10.000          1       5496    1466.17 1.5399e+00  51994.981    228.938 1616469602      -0.09     -0.332   40.57728  -73.13509 0.0000e+00
      8.931     4.7286    32.3147  1025.6181     2.4813     7.1998     99.674    0.00226    7.19464    7.20853      8.479     0.8953   12.88438   3.090819 -6.845e+02    25.5762    25.5761 1.0000e-12      9.000          1       6302    1466.34 1.9882e+00  51976.995    262.523 1616469636       0.07     -0.304   40.57728  -73.13521 0.0000e+00
      7.945     4.8638    32.3113  1025.5962     2.5045     7.2238    101.724    0.01240    7.11544    7.12806      8.472     0.8159   12.75341   3.103148 5.0640e-11    25.5590    25.5589 1.0000e-12      8.000          1       6355    1466.88 1.9747e+00  51926.453    264.755 1616469638      -0.34     -0.463   40.57728  -73.13522 0.0000e+00
      6.943     5.2849    32.3127  1025.5459     2.5090     7.1739    101.399    0.00719    7.11648    7.12912      8.468     0.7903   12.75511   3.140945 5.0640e-11    25.5135    25.5134 1.0000e-12      7.000          1       6381    1468.58 1.9747e+00  51795.177    265.820 1616469639      -0.24     -0.809   40.57728  -73.13522 0.0000e+00
      5.948     5.4521    32.3261  1025.5328     2.5081     7.1505    100.705    0.00106    7.11766    7.13032      8.468     0.7948   12.75706   3.154657 1.6480e+04    25.5050    25.5050 1.0000e-12      6.000          1       6420    1469.26 1.6493e+00  51761.345    267.454 1616469641       0.17     -0.668   40.57728  -73.13523 0.0000e+00
      4.967     5.4873    32.3344  1025.5308     2.5052     7.1514    100.359   -0.00059    7.11731    7.12997      8.465     0.7841   12.75643   3.157078 5.6752e+04    25.5076    25.5075 1.0000e-12      5.000          1       6520    1469.40 -3.932e-01  51761.551    271.619 1616469645      -0.13     -0.078   40.57728  -73.13524 0.0000e+00
      3.974     5.4868    32.3359  1025.5274     2.5062     7.1512    100.492    0.00033    7.11664    7.12929      8.465     0.7628   12.75531   3.156982 -2.063e+03    25.5088    25.5088 1.0000e-12      4.000          1       6561    1469.38 -9.990e-29  51763.221    273.328 1616469647      -0.20     -0.545   40.57728  -73.13524 0.0000e+00
      2.972     5.4868    32.3368  1025.5234     2.5065     7.1532    100.492    0.00015    7.11699    7.12964      8.465     0.7871   12.75587   3.156975 1.8149e-01    25.5096    25.5095 5.2714e-04      3.000          1       6589    1469.37 -9.990e-29  51763.799    274.491 1616469648      -0.15     -0.786   40.57728  -73.13525 0.0000e+00
      1.979     5.4902    32.3392  1025.5203     2.5063     7.1475    100.457   -0.00005    7.11684    7.12949      8.467     0.7745   12.75562   3.157089 1.5192e+00    25.5110    25.5110 2.9853e-02      2.000          1       6927    1469.37 1.9747e+00  51765.510    288.573 1616469662       0.11     -0.403   40.57727  -73.13530 0.0000e+00
      0.961     5.4863    32.3442  1025.5199     2.5083     7.1567    100.562    0.00003    7.11689    7.12956 -9.990e-29     0.7605   12.75566   3.156602 -4.500e-01    25.5155    25.5154 -8.885e-03      1.000          1       8751    1469.34 1.9747e+00  51773.144    364.594 1616469737       0.15     -0.739   40.57725  -73.13555 0.0000e+00
