CalculateIndicators/WaterTemperature/Data/CTD_NYOS/20210524_C25.cnv
* Sea-Bird SBE 9 Data File:
* FileName = C:\Seabird 9 CTD\Data\2021\202105_offshore\20210524_C25.hex
* Software Version Seasave V 7.23.2
* Temperature SN = 4590
* Conductivity SN = 3228
* Number of Bytes Per Scan = 44
* Number of Voltage Words = 5
* Number of Scans Averaged by the Deck Unit = 1
* NMEA Latitude = 40 45.18 N
* NMEA Longitude = 072 30.47 W
* NMEA UTC (Time) = May 24 2021  13:19:51
* NMEA baud rate = 4800
** Ship: seawolf
** Station: 3.1
** Operator: sjw
# nquan = 31
# nvalues = 91                          
# units = specified
# name 0 = depSM: Depth [salt water, m]
# name 1 = t090C: Temperature [ITS-90, deg C]
# name 2 = sal00: Salinity, Practical [PSU]
# name 3 = density00: Density [density, kg/m^3]
# name 4 = sbeox0V: Oxygen raw, SBE 43 [V]
# name 5 = sbeox0ML/L: Oxygen, SBE 43 [ml/l]
# name 6 = sbeox0PS: Oxygen, SBE 43 [% saturation]
# name 7 = sbox0dV/dT: Oxygen, SBE 43 [dov/dt]
# name 8 = oxsolML/L: Oxygen Saturation, Garcia & Gordon [ml/l]
# name 9 = oxsatML/L: Oxygen Saturation, Weiss [ml/l]
# name 10 = ph: pH
# name 11 = flECO-AFL: Fluorescence, WET Labs ECO-AFL/FL [mg/m^3]
# name 12 = n2satML/L: Nitrogen Saturation [ml/l]
# name 13 = c0S/m: Conductivity [S/m]
# name 14 = cpar: CPAR/Corrected Irradiance [%]
# name 15 = sigma-é00: Density [sigma-theta, kg/m^3]
# name 16 = sigma-t00: Density [sigma-t, kg/m^3 ]
# name 17 = par: PAR/Irradiance, Biospherical/Licor
# name 18 = prDM: Pressure, Digiquartz [db]
# name 19 = pumps: Pump Status
# name 20 = scan: Scan Count
# name 21 = svCM: Sound Velocity [Chen-Millero, m/s]
# name 22 = spar: SPAR, Biospherical/Licor
# name 23 = specc: Specific Conductance [uS/cm]
# name 24 = timeS: Time, Elapsed [seconds]
# name 25 = timeY: Time, System [seconds]
# name 26 = accM: Acceleration [m/s^2]
# name 27 = dz/dtM: Descent Rate [m/s]
# name 28 = latitude: Latitude [deg]
# name 29 = longitude: Longitude [deg]
# name 30 = flag: flag
# span 0 =      1.441,     24.318       
# span 1 =     8.9759,    14.5190       
# span 2 =    30.5366,    32.2712       
# span 3 =  1022.6506,  1025.0673       
# span 4 =     2.2384,     2.7193       
# span 5 =     5.0899,     6.7759       
# span 6 =     85.587,    110.702       
# span 7 =   -0.02750,    0.10583       
# span 8 =    5.89417,    6.57280       
# span 9 =    5.88929,    6.57718       
# span 10 =      7.940,      8.042      
# span 11 =     0.0386,     0.7045      
# span 12 =   10.74779,   11.85792      
# span 13 =   3.440565,   3.800275      
# span 14 = 7.5012e-01, 4.6099e+01      
# span 15 =    22.6395,    24.9559      
# span 16 =    22.6394,    24.9555      
# span 17 = 1.4985e+01, 7.9061e+02      
# span 18 =      1.500,     24.500      
# span 19 =          1,          1      
# span 20 =        947,       8948      
# span 21 =    1483.11,    1500.46      
# span 22 = 1.4961e+03, 1.9947e+03      
# span 23 =  47517.107,  50744.704      
# span 24 =     39.400,    372.787      
# span 25 = 1621862428, 1621862762      
# span 26 =      -0.73,       0.71      
# span 27 =     -0.822,      0.658      
# span 28 =   40.75310,   40.75349      
# span 29 =  -72.50895,  -72.50800      
# span 30 = 0.0000e+00, 0.0000e+00      
# interval = decibars: 0.5              
# start_time = May 24 2021 13:19:49 [System UTC, first data scan.]
# bad_flag = -9.990e-29
*END*
[from data line 47]
     22.808     9.0532    32.2026  1025.0249     2.3483     6.0091     91.592   -0.00436    6.56081    6.56501      7.940     0.6779   11.83832   3.452577 9.7840e-01    24.9204    24.9200 1.8237e+01     23.000          1       3956    1483.34 1.8651e+03  50685.069    164.784 1621862553      -0.15     -0.466   40.75323  -72.50836 0.0000e+00
     22.323     9.1609    32.1745  1024.9839     2.3561     6.0212     92.918    0.00803    6.48016    6.48321      7.951     0.5098   11.70542   3.460478 1.0353e+00    24.8817    24.8813 1.8958e+01     22.500          1       4354    1483.70 1.8313e+03  50623.725    181.368 1621862570      -0.41     -0.497   40.75324  -72.50841 0.0000e+00
     21.823     9.3153    32.1677  1024.9520     2.3732     6.1131     94.391    0.01541    6.47633    6.47933      7.955     0.5067   11.69906   3.472808 1.1547e+00    24.8521    24.8517 2.0836e+01     22.000          1       4384    1484.25 1.8064e+03  50581.142    182.645 1621862571      -0.06     -0.656   40.75324  -72.50840 0.0000e+00
     21.333     9.5303    32.1590  1024.9085     2.4172     6.2681     97.157    0.02304    6.45185    6.45450      7.968     0.4880   11.65879   3.492016 1.2549e+00    24.8110    24.8106 2.2047e+01     21.500          1       4429    1485.02 1.7666e+03  50527.122    184.520 1621862573       0.16     -0.365   40.75324  -72.50842 0.0000e+00
     20.842     9.9127    32.1419  1024.8308     2.4747     6.3814     99.525    0.01880    6.41184    6.41392      7.981     0.4968   11.59315   3.525685 1.2630e+00    24.7357    24.7353 2.3006e+01     21.000          1       4500    1486.38 1.8215e+03  50428.972    187.455 1621862576      -0.49     -0.170   40.75326  -72.50844 0.0000e+00
     20.336    10.0561    32.1384  1024.8021     2.4808     6.3592     99.492    0.01535    6.39173    6.39351      7.980     0.4851   11.56042   3.535033 1.3997e+00    24.7093    24.7089 2.5359e+01     20.500          1       4515    1486.89 1.8119e+03  50399.871    188.071 1621862577      -0.49     -0.519   40.75326  -72.50844 0.0000e+00
     19.837    10.2155    32.0598  1024.7118     2.4923     6.3447     99.542    0.00967    6.37393    6.37546      7.983     0.4472   11.53112   3.542425 1.5548e+00    24.6214    24.6210 2.7830e+01     20.000          1       4553    1487.36 1.7908e+03  50256.056    189.681 1621862578      -0.14     -0.472   40.75326  -72.50844 0.0000e+00
     19.348    10.4356    32.0355  1024.6536     2.5121     6.3943    100.442    0.00906    6.36615    6.36755      7.989     0.3678   11.51862   3.558998 1.6099e+00    24.5655    24.5651 2.9341e+01     19.500          1       4610    1488.11 1.8225e+03  50183.614    192.056 1621862581      -0.50     -0.282   40.75326  -72.50844 0.0000e+00
     18.847    10.4706    32.0229  1024.6355     2.5187     6.4104    100.686    0.00815    6.36673    6.36814      7.991     0.3603   11.51955   3.560436 1.7513e+00    24.5497    24.5494 3.1952e+01     19.000          1       4631    1488.21 1.8245e+03  50159.470    192.922 1621862582      -0.16     -0.560   40.75326  -72.50844 0.0000e+00
     18.357    10.5097    31.9934  1024.6037     2.5274     6.4329    100.804    0.00420    6.38163    6.38317      7.991     0.4889   11.54501   3.560543 1.8240e+00    24.5201    24.5197 3.3485e+01     18.500          1       4689    1488.31 1.8357e+03  50110.967    195.337 1621862584       0.04     -0.298   40.75326  -72.50845 0.0000e+00
     17.860    10.5876    31.9648  1024.5658     2.5263     6.4400    100.112   -0.00417    6.43278    6.43488      7.990     0.6555   11.63126   3.564175 1.9175e+00    24.4846    24.4842 3.5402e+01     18.000          1       4747    1488.55 1.8463e+03  50056.430    197.737 1621862586      -0.51     -0.307   40.75326  -72.50846 0.0000e+00
     17.355    10.3507    31.8825  1024.5393     2.5194     6.4486     99.594   -0.00677    6.47488    6.47742      7.989     0.6126   11.70253   3.530549 2.1696e+00    24.4603    24.4599 4.0016e+01     17.500          1       4776    1487.59 1.8444e+03  49981.962    198.977 1621862588      -0.25     -0.479   40.75326  -72.50846 0.0000e+00
     16.875     9.8106    31.6681  1024.4597     2.4991     6.3824     98.501   -0.00790    6.47950    6.48207      7.981     0.6566   11.71058   3.463629 2.2581e+00    24.3826    24.3823 4.1505e+01     17.000          1       4837    1485.37 1.8381e+03  49775.581    201.516 1621862590      -0.73     -0.177   40.75326  -72.50846 0.0000e+00
     16.361     9.8300    31.6549  1024.4439     2.4977     6.3940     98.646   -0.00538    6.48172    6.48430      7.982     0.6674   11.71437   3.464972 2.4862e+00    24.3691    24.3688 4.5548e+01     16.500          1       4849    1485.42 1.8321e+03  49753.597    202.004 1621862591      -0.68     -0.590   40.75326  -72.50846 0.0000e+00
     15.858     9.8046    31.6065  1024.4079     2.4970     6.3962     98.879   -0.00185    6.46881    6.47117      7.977     0.6303   11.69358   3.457660 2.7773e+00    24.3355    24.3352 5.0324e+01     16.000          1       4898    1485.26 1.8120e+03  49689.079    204.040 1621862592      -0.49     -0.593   40.75326  -72.50847 0.0000e+00
     15.364     9.8941    31.5530  1024.3494     2.4970     6.3944     98.923   -0.00107    6.46401    6.46627      7.972     0.5695   11.68626   3.462303 3.0157e+00    24.2792    24.2789 5.3888e+01     15.500          1       4949    1485.51 1.7872e+03  49596.491    206.157 1621862595      -0.56     -0.666   40.75326  -72.50848 0.0000e+00
     14.887     9.9995    31.5398  1024.3195     2.4941     6.3909     98.724   -0.00170    6.47349    6.47577      7.984     0.4637   11.70325   3.468491 3.2929e+00    24.2516    24.2513 5.7156e+01     15.000          1       5009    1485.87 1.7353e+03  49558.193    208.647 1621862597      -0.05     -0.219   40.75327  -72.50849 0.0000e+00
     14.383     9.9185    31.4692  1024.2755     2.5074     6.4828    100.149    0.00736    6.47318    6.47545      7.991     0.4263   11.70286   3.454570 3.5409e+00    24.2098    24.2096 6.0872e+01     14.500          1       5038    1485.48 1.7193e+03  49472.881    209.879 1621862599      -0.36     -0.389   40.75328  -72.50850 0.0000e+00
     13.890     9.9253    31.4151  1024.2299     2.5369     6.6216    102.221    0.01471    6.47775    6.48004      7.991     0.4216   11.71098   3.450138 3.8279e+00    24.1665    24.1662 6.5894e+01     14.000          1       5084    1485.43 1.7212e+03  49394.606    211.784 1621862600       0.10     -0.297   40.75328  -72.50850 0.0000e+00
     13.400     9.8880    31.3780  1024.2048     2.5533     6.6057    102.020    0.00308    6.47492    6.47710      7.991     0.4194   11.70724   3.443129 4.1016e+00    24.1436    24.1433 7.2335e+01     13.500          1       5145    1485.24 1.7641e+03  49348.517    214.351 1621862603      -0.16     -0.176   40.75328  -72.50850 0.0000e+00
     12.895     9.9009    31.3405  1024.1711     2.5528     6.5721    101.766    0.00075    6.45804    6.45999      7.990     0.4133   11.67955   3.440727 4.3974e+00    24.1122    24.1120 7.8645e+01     13.000          1       5170    1485.23 1.7878e+03  49292.526    215.355 1621862604      -0.16     -0.398   40.75328  -72.50850 0.0000e+00
     12.408     9.9671    31.2747  1024.1068     2.5609     6.5742    102.360    0.00396    6.42264    6.42407      7.997     0.3873   11.62179   3.440565 4.8462e+00    24.0501    24.0499 8.8387e+01     12.500          1       5223    1485.39 1.8249e+03  49187.427    217.570 1621862606       0.08     -0.193   40.75328  -72.50852 0.0000e+00
     11.907    10.1537    31.2478  1024.0529     2.5794     6.6818    104.053    0.01339    6.42157    6.42297 -9.990e-29     0.3739   11.62022   3.454987 5.3906e+00    23.9986    23.9984 9.8572e+01     12.000          1       5252    1486.02 1.8286e+03  49115.423    218.771 1621862607      -0.38     -0.330   40.75328  -72.50852 0.0000e+00
     11.405    10.2908    31.2043  1023.9940     2.5938     6.7255    104.788    0.01377    6.41819    6.41957      8.001     0.3606   11.61436   3.461862 5.8769e+00    23.9420    23.9418 1.0732e+02     11.500          1       5285    1486.45 1.8261e+03  49029.942    220.152 1621862609      -0.02     -0.480   40.75328  -72.50852 0.0000e+00
     10.922    10.4121    31.1532  1023.9317     2.6197     6.6872    105.325    0.00677    6.34904    6.34943      8.001     0.2985   11.50149   3.467584 6.3608e+00    23.8819    23.8817 1.1535e+02     11.000          1       5395    1486.82 1.8135e+03  48936.247    224.744 1621862613      -0.58     -0.281   40.75328  -72.50852 0.0000e+00
     10.417    10.5221    31.1167  1023.8825     2.6249     6.7488    105.811    0.00887    6.37819    6.37898      8.002     0.2779   11.54923   3.473379 7.3086e+00    23.8351    23.8349 1.3191e+02     10.500          1       5407    1487.16 1.8050e+03  48865.619    225.245 1621862614      -0.47     -0.606   40.75328  -72.50852 0.0000e+00
      9.911    10.6728    31.0714  1023.8195     2.6279     6.7713    105.977    0.00880    6.38937    6.39032      8.002     0.2644   11.56748   3.482903 7.3960e+00    23.7743    23.7741 1.3244e+02     10.000          1       5422    1487.64 1.7907e+03  48777.458    225.870 1621862615      -0.17     -0.794   40.75328  -72.50852 0.0000e+00
      9.408    10.8936    30.9845  1023.7118     2.6377     6.7743    105.976    0.00286    6.39229    6.39327      8.005     0.2860   11.57230   3.491945 8.4081e+00    23.6690    23.6689 1.4935e+02      9.500          1       6316    1488.31 1.7760e+03  48616.827    263.121 1621862652       0.03     -0.706   40.75334  -72.50863 0.0000e+00
      8.932    11.2807    30.9216  1023.5933     2.6924     6.6103    109.095    0.01709    6.05936    6.05621      8.001     0.2309   11.02334   3.520533 9.3403e+00    23.5527    23.5525 1.6655e+02      9.000          1       7107    1489.59 1.7831e+03  48467.768    296.064 1621862685       0.04     -0.317   40.75338  -72.50872 0.0000e+00
      8.438    11.9027    30.8694  1023.4391     2.7193     6.6633    110.702    0.02229    6.01915    6.01558      7.997     0.2382   10.95618   3.571935 1.0756e+01    23.4009    23.4007 1.9223e+02      8.500          1       7117    1491.70 1.7872e+03  48302.131    296.486 1621862685      -0.11     -0.342   40.75338  -72.50872 0.0000e+00
      7.934    12.6764    30.8283  1023.2607     2.7142     6.5758    109.464    0.00872    6.00722    6.00351      7.996     0.2227   10.93634   3.637456 1.0896e+01    23.2249    23.2247 1.9518e+02      8.000          1       7139    1494.29 1.7913e+03  48139.801    297.424 1621862686      -0.12     -0.478   40.75338  -72.50872 0.0000e+00
      7.441    13.6223    30.8435  1023.0868     2.6796     6.3216    106.434   -0.00882    5.93933    5.93489      7.992     0.1898   10.82364   3.717791 1.2574e+01    23.0534    23.0532 2.2645e+02      7.500          1       7211    1497.48 1.8010e+03  48045.177    300.402 1621862689      -0.06     -0.201   40.75338  -72.50873 0.0000e+00
      6.949    13.9489    30.8542  1023.0274     2.6674     6.2525    106.060   -0.00472    5.89527    5.89040 -9.990e-29     0.1458   10.74988   3.746924 1.2673e+01    22.9962    22.9960 2.2829e+02      7.000          1       7263    1498.56 1.8015e+03  48021.770    302.567 1621862691      -0.18     -0.294   40.75340  -72.50874 0.0000e+00
      6.448    14.0871    30.8618  1023.0028     2.6617     6.2419    105.879   -0.00329    5.89534    5.89046 -9.990e-29     0.1150   10.74994   3.759917 1.4121e+01    22.9739    22.9737 2.5393e+02      6.500          1       7285    1499.01 1.7984e+03  48018.184    303.490 1621862692      -0.14     -0.454   40.75340  -72.50874 0.0000e+00
      5.950    14.4297    30.8879  1022.9503     2.6488     6.1787    104.812   -0.00969    5.89506    5.89018 -9.990e-29     0.1059   10.74943   3.792893 1.5599e+01    22.9237    22.9235 2.8026e+02      6.000          1       7312    1500.15 1.7966e+03  48018.234    304.642 1621862693       0.08     -0.481   40.75340  -72.50875 0.0000e+00
      5.457    14.4912    30.9214  1022.9613     2.6343     6.1555    104.363   -0.00586    5.89820    5.89336      7.989     0.0828   10.75461   3.799381 1.6933e+01    22.9368    22.9367 3.0606e+02      5.500          1       7375    1500.38 1.8071e+03  48057.986    307.229 1621862696      -0.03     -0.190   40.75340  -72.50876 0.0000e+00
      4.961    14.4627    30.9230  1022.9662     2.6292     6.1569    104.454   -0.00057    5.89443    5.88955      7.989     0.0712   10.74830   3.795883 1.8486e+01    22.9440    22.9438 3.3304e+02      5.000          1       7441    1500.28 1.8015e+03  48063.001    309.982 1621862699      -0.29     -0.303   40.75340  -72.50876 0.0000e+00
      4.469    14.4938    30.9241  1022.9583     2.6288     6.1557    104.435   -0.00055    5.89432    5.88944      7.989     0.0551   10.74812   3.798695 2.1766e+01    22.9383    22.9382 3.8751e+02      4.500          1       7466    1500.38 1.7805e+03  48060.837    311.038 1621862700      -0.02     -0.458   40.75340  -72.50876 0.0000e+00
      3.965    14.5096    30.9273  1022.9552     2.6280     6.1549    104.392   -0.00061    5.89596    5.89109      7.989     0.0557   10.75083   3.800036 2.1491e+01    22.9375    22.9374 3.7791e+02      4.000          1       7488    1500.42 1.7593e+03  48063.545    311.938 1621862701      -0.09     -0.498   40.75340  -72.50876 0.0000e+00
      3.473    14.5050    30.9289  1022.9552     2.6273     6.1526    104.358   -0.00043    5.89567    5.89081      7.989     0.0554   10.75033   3.799207 2.6031e+01    22.9397    22.9396 4.5494e+02      3.500          1       7542    1500.40 1.7475e+03  48065.950    314.205 1621862703      -0.10     -0.218   40.75341  -72.50878 0.0000e+00
      2.976    14.4890    30.9320  1022.9587     2.6258     6.1465    104.269   -0.00070    5.89486    5.88999      7.990     0.0590   10.74897   3.797892 3.5652e+01    22.9454    22.9453 6.2671e+02      3.000          1       7579    1500.34 1.7577e+03  48071.745    315.759 1621862704      -0.34     -0.341   40.75342  -72.50878 0.0000e+00
      2.475    14.5030    30.9324  1022.9539     2.6259     6.1481    104.290   -0.00044    5.89520    5.89034      7.992     0.0454   10.74954   3.799061 4.0523e+01    22.9428    22.9427 7.1797e+02      2.500          1       7623    1500.38 1.7718e+03  48070.614    317.589 1621862706      -0.03     -0.419   40.75342  -72.50878 0.0000e+00
      1.974    14.5046    30.9347  1022.9530     2.6260     6.1483    104.312   -0.00014    5.89417    5.88929      7.993     0.0386   10.74779   3.799022 3.5274e+01    22.9442    22.9442 6.3313e+02      2.000          1       7825    1500.38 1.7943e+03  48073.333    325.997 1621862715      -0.29     -0.353   40.75343  -72.50881 0.0000e+00
      1.441    14.5166    30.9445  1022.9556     2.6250     6.1453    104.258   -0.00028    5.89440    5.88953 -9.990e-29     0.0451   10.74810   3.800275 2.1720e+01    22.9493    22.9492 4.2972e+02      1.500          1       8948    1500.42 1.9354e+03  48085.700    372.787 1621862762      -0.38     -0.822   40.75349  -72.50895 0.0000e+00
