CalculateIndicators/WaterTemperature/Data/CTD_NYOS/20210524_C23.cnv
* Sea-Bird SBE 9 Data File:
* FileName = C:\Seabird 9 CTD\Data\2021\202105_offshore\20210524_C23.hex
* Software Version Seasave V 7.23.2
* Temperature SN = 4590
* Conductivity SN = 3228
* Number of Bytes Per Scan = 44
* Number of Voltage Words = 5
* Number of Scans Averaged by the Deck Unit = 1
* NMEA Latitude = 40 23.19 N
* NMEA Longitude = 072 43.37 W
* NMEA UTC (Time) = May 24 2021  07:38:49
* NMEA baud rate = 4800
** Ship: seawolf
** Station: 4.2
** Operator: sjw
# nquan = 31
# nvalues = 167                         
# units = specified
# name 0 = depSM: Depth [salt water, m]
# name 1 = t090C: Temperature [ITS-90, deg C]
# name 2 = sal00: Salinity, Practical [PSU]
# name 3 = density00: Density [density, kg/m^3]
# name 4 = sbeox0V: Oxygen raw, SBE 43 [V]
# name 5 = sbeox0ML/L: Oxygen, SBE 43 [ml/l]
# name 6 = sbeox0PS: Oxygen, SBE 43 [% saturation]
# name 7 = sbox0dV/dT: Oxygen, SBE 43 [dov/dt]
# name 8 = oxsolML/L: Oxygen Saturation, Garcia & Gordon [ml/l]
# name 9 = oxsatML/L: Oxygen Saturation, Weiss [ml/l]
# name 10 = ph: pH
# name 11 = flECO-AFL: Fluorescence, WET Labs ECO-AFL/FL [mg/m^3]
# name 12 = n2satML/L: Nitrogen Saturation [ml/l]
# name 13 = c0S/m: Conductivity [S/m]
# name 14 = cpar: CPAR/Corrected Irradiance [%]
# name 15 = sigma-é00: Density [sigma-theta, kg/m^3]
# name 16 = sigma-t00: Density [sigma-t, kg/m^3 ]
# name 17 = par: PAR/Irradiance, Biospherical/Licor
# name 18 = prDM: Pressure, Digiquartz [db]
# name 19 = pumps: Pump Status
# name 20 = scan: Scan Count
# name 21 = svCM: Sound Velocity [Chen-Millero, m/s]
# name 22 = spar: SPAR, Biospherical/Licor
# name 23 = specc: Specific Conductance [uS/cm]
# name 24 = timeS: Time, Elapsed [seconds]
# name 25 = timeY: Time, System [seconds]
# name 26 = accM: Acceleration [m/s^2]
# name 27 = dz/dtM: Descent Rate [m/s]
# name 28 = latitude: Latitude [deg]
# name 29 = longitude: Longitude [deg]
# name 30 = flag: flag
# span 0 =      1.952,     43.170       
# span 1 =     7.3293,    15.2879       
# span 2 =    31.6975,    33.1722       
# span 3 =  1023.3847,  1026.1299       
# span 4 =     2.1059,     2.6549       
# span 5 =     5.0292,     6.6986       
# span 6 =     80.641,    106.592       
# span 7 =   -0.05103,    0.06968       
# span 8 =    5.76197,    6.78150       
# span 9 =    5.75636,    6.78995       
# span 10 =      7.895,      8.066      
# span 11 =     0.1265,     1.5025      
# span 12 =   10.51557,   12.19140      
# span 13 =   3.389157,   3.998481      
# span 14 = -1.129e+04, 1.0098e+05      
# span 15 =    23.3760,    25.9344      
# span 16 =    23.3759,    25.9339      
# span 17 = 1.0000e-12, 7.2767e-02      
# span 18 =      2.000,     43.500      
# span 19 =          1,          1      
# span 20 =        303,      10083      
# span 21 =    1478.31,    1504.27      
# span 22 = -1.935e-02, 2.1977e+00      
# span 23 =  49060.992,  52473.053      
# span 24 =     12.594,    420.092      
# span 25 = 1621841940, 1621842347      
# span 26 =      -0.85,       0.60      
# span 27 =     -1.151,      0.850      
# span 28 =   40.38658,   40.38694      
# span 29 =  -72.72621,  -72.72309      
# span 30 = 0.0000e+00, 0.0000e+00      
# interval = decibars: 0.5              
# start_time = May 24 2021 07:38:47 [System UTC, first data scan.]
# bad_flag = -9.990e-29
*END*
[from data line 141]
     14.395    11.0344    32.4058  1024.8155     2.6210     6.5528    105.201    0.00533    6.22885    6.22885      8.010     0.3557   11.28625   3.649061 9.9999e+04    24.7502    24.7499 1.0000e-12     14.500          1       7555    1490.60 0.0000e+00  50599.691    314.767 1621842242      -0.42     -0.398   40.38686  -72.72540 0.0000e+00
     13.886    11.0924    32.4125  1024.8082     2.6240     6.5547    105.371    0.00585    6.22063    6.22052      8.009     0.3550   11.27278   3.654757 9.9999e+04    24.7452    24.7449 1.0000e-12     14.000          1       7569    1490.81 0.0000e+00  50599.194    315.315 1621842242      -0.43     -0.651   40.38686  -72.72540 0.0000e+00
     13.385    11.2217    32.4165  1024.7860     2.6269     6.5445    105.420    0.00508    6.20802    6.20773      8.008     0.3016   11.25219   3.667124 9.9999e+04    24.7253    24.7250 1.0000e-12     13.500          1       7587    1491.26 0.0000e+00  50583.535    316.103 1621842243       0.04     -0.770   40.38686  -72.72542 0.0000e+00
     12.911    11.4129    32.4148  1024.7482     2.6298     6.5007    105.246    0.00177    6.17667    6.17595      8.005     0.2757   11.20086   3.683592 9.9999e+04    24.6897    24.6895 1.0000e-12     13.000          1       7627    1491.92 0.0000e+00  50550.211    317.770 1621842245       0.28     -0.263   40.38686  -72.72542 0.0000e+00
     12.404    11.4888    32.3967  1024.7181     2.6308     6.5059    105.291    0.00165    6.17901    6.17832      8.003     0.2597   11.20467   3.688464 9.9999e+04    24.6619    24.6617 1.0000e-12     12.500          1       7648    1492.15 0.0000e+00  50512.693    318.606 1621842245      -0.33     -0.386   40.38686  -72.72543 0.0000e+00
     11.900    11.6397    32.3586  1024.6587     2.6273     6.4787    104.919   -0.00082    6.17491    6.17417      8.001     0.2653   11.19799   3.699105 9.9999e+04    24.6049    24.6046 1.0000e-12     12.000          1       7667    1492.62 0.0000e+00  50435.238    319.422 1621842246      -0.13     -0.595   40.38686  -72.72544 0.0000e+00
     11.417    11.8501    32.3169  1024.5855     2.6253     6.4325    104.854    0.00058    6.13470    6.13344      7.997     0.2948   11.13152   3.712810 9.9999e+04    24.5339    24.5337 1.0000e-12     11.500          1       7732    1493.29 0.0000e+00  50344.540    322.105 1621842249      -0.05     -0.145   40.38686  -72.72546 0.0000e+00
     10.908    12.0584    32.2957  1024.5281     2.6251     6.4343    104.900    0.00132    6.13375    6.13249      7.997     0.2985   11.12993   3.730876 9.9999e+04    24.4788    24.4785 1.0000e-12     11.000          1       7761    1493.98 0.0000e+00  50283.780    323.330 1621842250      -0.38     -0.371   40.38686  -72.72546 0.0000e+00
     10.410    12.2536    32.2951  1024.4888     2.6230     6.4198    104.800    0.00153    6.12578    6.12442      7.998     0.2786   11.11667   3.747098 2.6187e+04    24.4418    24.4415 1.0000e-12     10.500          1       7836    1494.64 1.4576e+00  50254.509    326.461 1621842253      -0.41     -0.344   40.38686  -72.72550 0.0000e+00
      9.909    12.7914    32.2694  1024.3632     2.6524     6.3396    106.592    0.01107    5.95004    5.94660      8.001     0.2802   10.82643   3.796400 -2.398e+03    24.3186    24.3183 1.0000e-12     10.000          1       8683    1496.42 2.0221e+00  50144.868    361.768 1621842289      -0.34     -0.536   40.38690  -72.72576 0.0000e+00
      9.424    14.1047    32.1549  1024.0092     2.6549     6.1446    105.353   -0.00634    5.83243    5.82759      8.002     0.2104   10.63209   3.904758 5.0640e-11    23.9670    23.9668 1.0000e-12      9.500          1       9254    1500.62 1.9747e+00  49822.933    385.561 1621842312       0.19     -0.467   40.38692  -72.72595 0.0000e+00
      8.934    14.7747    32.1058  1023.8300     2.6236     5.9713    102.786   -0.02138    5.80945    5.80435      8.001     0.1898   10.59419   3.957320 5.0640e-11    23.7901    23.7898 1.0000e-12      9.000          1       9329    1502.74 1.9747e+00  49679.516    388.666 1621842316      -0.19     -0.222   40.38692  -72.72598 0.0000e+00
      8.433    14.7434    32.1187  1023.8442     2.6154     5.9627    103.049   -0.01092    5.78631    5.78095      8.000     0.1667   10.55602   3.954872 5.0640e-11    23.8066    23.8063 1.0000e-12      8.500          1       9358    1502.64 1.9747e+00  49700.807    389.892 1621842317       0.02     -0.408   40.38692  -72.72598 0.0000e+00
      7.948    14.7733    32.1137  1023.8318     2.6118     5.9717    103.396   -0.00266    5.77552    5.77005      7.999     0.1673   10.53807   3.957957 5.0640e-11    23.7964    23.7961 1.0000e-12      8.000          1       9391    1502.72 1.9747e+00  49690.669    391.237 1621842318      -0.07     -0.294   40.38692  -72.72600 0.0000e+00
      7.440    14.9051    32.0991  1023.7903     2.6089     5.9572    103.244   -0.00264    5.77005    5.76452      7.999     0.1327   10.52897   3.966910 5.0640e-11    23.7571    23.7569 1.0000e-12      7.500          1       9406    1503.12 1.9747e+00  49655.926    391.894 1621842319      -0.37     -0.487   40.38692  -72.72600 0.0000e+00
      6.939    15.0508    32.0750  1023.7381     2.6016     5.9208    102.682   -0.00561    5.76617    5.76059      7.998     0.1265   10.52256   3.979235 5.0640e-11    23.7072    23.7070 1.0000e-12      7.000          1       9425    1503.55 1.9747e+00  49607.883    392.679 1621842320      -0.07     -0.678   40.38692  -72.72600 0.0000e+00
      6.459    15.1739    32.0814  1023.7144     2.5915     5.8724    101.916   -0.00965    5.76197    5.75636      7.997     0.1430   10.51557   3.989026 5.0640e-11    23.6856    23.6854 1.0000e-12      6.500          1       9452    1503.94 1.9747e+00  49604.362    393.783 1621842321       0.25     -0.518   40.38692  -72.72601 0.0000e+00
      5.957    15.2099    32.0817  1023.7046     2.5871     5.8653    101.792   -0.00826    5.76206    5.75645      7.997     0.1550   10.51570   3.992931 5.0640e-11    23.6781    23.6779 1.0000e-12      6.000          1       9470    1504.04 1.9747e+00  49600.492    394.525 1621842321      -0.18     -0.488   40.38692  -72.72602 0.0000e+00
      5.453    15.2268    32.0814  1023.6985     2.5853     5.8705    101.877   -0.00565    5.76233    5.75672      7.999     0.1376   10.51612   3.993777 5.0640e-11    23.6742    23.6740 1.0000e-12      5.500          1       9485    1504.09 1.9747e+00  49598.611    395.150 1621842322      -0.28     -0.660   40.38694  -72.72602 0.0000e+00
      4.957    15.2713    32.0815  1023.6867     2.5821     5.8710    101.864   -0.00335    5.76355    5.75795      8.000     0.1421   10.51813   3.997533 5.0640e-11    23.6646    23.6645 1.0000e-12      5.000          1       9514    1504.22 1.9747e+00  49594.114    396.387 1621842323       0.12     -0.538   40.38694  -72.72604 0.0000e+00
      4.473    15.2865    32.0857  1023.6844     2.5765     5.8539    101.573   -0.00338    5.76324    5.75764      8.000     0.1310   10.51761   3.998481 5.0640e-11    23.6645    23.6644 1.0000e-12      4.500          1       9563    1504.27 1.9747e+00  49598.088    398.424 1621842325      -0.26     -0.131   40.38694  -72.72606 0.0000e+00
      3.966    15.2698    32.0872  1023.6869     2.5762     5.8586    101.668   -0.00164    5.76247    5.75687      8.000     0.1317   10.51632   3.996837 5.0640e-11    23.6692    23.6691 1.0000e-12      4.000          1       9583    1504.21 1.9747e+00  49601.452    399.268 1621842326      -0.26     -0.457   40.38694  -72.72606 0.0000e+00
      3.477    15.2710    32.0870  1023.6844     2.5754     5.8597    101.691   -0.00070    5.76227    5.75666      8.000     0.1295   10.51598   3.996828 5.0640e-11    23.6689    23.6688 1.0000e-12      3.500          1       9607    1504.20 1.9747e+00  49600.887    400.239 1621842327       0.04     -0.537   40.38694  -72.72606 0.0000e+00
      2.978    15.2760    32.0880  1023.6818     2.5746     5.8578    101.643   -0.00081    5.76310    5.75750      8.001     0.1398   10.51733   3.997223 5.0640e-11    23.6685    23.6684 1.0000e-12      3.000          1       9625    1504.21 1.9747e+00  49601.554    401.002 1621842328      -0.12     -0.549   40.38694  -72.72608 0.0000e+00
      2.470    15.2789    32.0900  1023.6804     2.5768     5.8654    101.785   -0.00033    5.76252    5.75691      8.003     0.1274   10.51635   3.997364 7.2809e-02    23.6694    23.6694 1.4378e-03      2.500          1       9673    1504.22 1.9747e+00  49603.793    402.994 1621842330      -0.20     -0.345   40.38694  -72.72609 0.0000e+00
      1.952    15.2879    32.1006  1023.6843     2.5729     5.8563    101.630    0.00024    5.76235    5.75675 -9.990e-29     0.1667   10.51598   3.997881 3.6849e+00    23.6755    23.6755 7.2767e-02      2.000          1      10083    1504.25 1.9747e+00  49617.301    420.092 1621842347      -0.48     -0.400   40.38694  -72.72621 0.0000e+00
