CalculateIndicators/WaterTemperature/Data/CTD_NYOS/20210524_C23.cnv
* Sea-Bird SBE 9 Data File:
* FileName = C:\Seabird 9 CTD\Data\2021\202105_offshore\20210524_C23.hex
* Software Version Seasave V 7.23.2
* Temperature SN = 4590
* Conductivity SN = 3228
* Number of Bytes Per Scan = 44
* Number of Voltage Words = 5
* Number of Scans Averaged by the Deck Unit = 1
* NMEA Latitude = 40 23.19 N
* NMEA Longitude = 072 43.37 W
* NMEA UTC (Time) = May 24 2021  07:38:49
* NMEA baud rate = 4800
** Ship: seawolf
** Station: 4.2
** Operator: sjw
# nquan = 31
# nvalues = 167                         
# units = specified
# name 0 = depSM: Depth [salt water, m]
# name 1 = t090C: Temperature [ITS-90, deg C]
# name 2 = sal00: Salinity, Practical [PSU]
# name 3 = density00: Density [density, kg/m^3]
# name 4 = sbeox0V: Oxygen raw, SBE 43 [V]
# name 5 = sbeox0ML/L: Oxygen, SBE 43 [ml/l]
# name 6 = sbeox0PS: Oxygen, SBE 43 [% saturation]
# name 7 = sbox0dV/dT: Oxygen, SBE 43 [dov/dt]
# name 8 = oxsolML/L: Oxygen Saturation, Garcia & Gordon [ml/l]
# name 9 = oxsatML/L: Oxygen Saturation, Weiss [ml/l]
# name 10 = ph: pH
# name 11 = flECO-AFL: Fluorescence, WET Labs ECO-AFL/FL [mg/m^3]
# name 12 = n2satML/L: Nitrogen Saturation [ml/l]
# name 13 = c0S/m: Conductivity [S/m]
# name 14 = cpar: CPAR/Corrected Irradiance [%]
# name 15 = sigma-é00: Density [sigma-theta, kg/m^3]
# name 16 = sigma-t00: Density [sigma-t, kg/m^3 ]
# name 17 = par: PAR/Irradiance, Biospherical/Licor
# name 18 = prDM: Pressure, Digiquartz [db]
# name 19 = pumps: Pump Status
# name 20 = scan: Scan Count
# name 21 = svCM: Sound Velocity [Chen-Millero, m/s]
# name 22 = spar: SPAR, Biospherical/Licor
# name 23 = specc: Specific Conductance [uS/cm]
# name 24 = timeS: Time, Elapsed [seconds]
# name 25 = timeY: Time, System [seconds]
# name 26 = accM: Acceleration [m/s^2]
# name 27 = dz/dtM: Descent Rate [m/s]
# name 28 = latitude: Latitude [deg]
# name 29 = longitude: Longitude [deg]
# name 30 = flag: flag
# span 0 =      1.952,     43.170       
# span 1 =     7.3293,    15.2879       
# span 2 =    31.6975,    33.1722       
# span 3 =  1023.3847,  1026.1299       
# span 4 =     2.1059,     2.6549       
# span 5 =     5.0292,     6.6986       
# span 6 =     80.641,    106.592       
# span 7 =   -0.05103,    0.06968       
# span 8 =    5.76197,    6.78150       
# span 9 =    5.75636,    6.78995       
# span 10 =      7.895,      8.066      
# span 11 =     0.1265,     1.5025      
# span 12 =   10.51557,   12.19140      
# span 13 =   3.389157,   3.998481      
# span 14 = -1.129e+04, 1.0098e+05      
# span 15 =    23.3760,    25.9344      
# span 16 =    23.3759,    25.9339      
# span 17 = 1.0000e-12, 7.2767e-02      
# span 18 =      2.000,     43.500      
# span 19 =          1,          1      
# span 20 =        303,      10083      
# span 21 =    1478.31,    1504.27      
# span 22 = -1.935e-02, 2.1977e+00      
# span 23 =  49060.992,  52473.053      
# span 24 =     12.594,    420.092      
# span 25 = 1621841940, 1621842347      
# span 26 =      -0.85,       0.60      
# span 27 =     -1.151,      0.850      
# span 28 =   40.38658,   40.38694      
# span 29 =  -72.72621,  -72.72309      
# span 30 = 0.0000e+00, 0.0000e+00      
# interval = decibars: 0.5              
# start_time = May 24 2021 07:38:47 [System UTC, first data scan.]
# bad_flag = -9.990e-29
*END*
[from data line 47]
     25.318     8.9053    32.6256  1025.3904     2.5374     6.6614    101.370   -0.00020    6.57139    6.57616      8.054     0.4186   11.85071   3.478032 -9.990e-29    25.2744    25.2740 1.0000e-12     25.500          1       1983    1483.35 -9.990e-29  51316.889     82.577 1621842009       0.22      0.791   40.38670  -72.72368 0.0000e+00
     25.799     8.8471    32.6430  1025.4152     2.5385     6.6824    101.537    0.00061    6.58122    6.58620      8.056     0.4203   11.86612   3.475565 -9.990e-29    25.2970    25.2966 1.0000e-12     26.000          1       2058    1483.16 -9.990e-29  51354.394     85.690 1621842013       0.42      0.264   40.38670  -72.72370 0.0000e+00
     26.303     8.9017    32.6876  1025.4439     2.5385     6.6986    101.552    0.00041    6.59624    6.60144      8.055     0.3968   11.89089   3.485133 -9.990e-29    25.3234    25.3230 1.0000e-12     26.500          1       2084    1483.43 -9.990e-29  51406.208     86.782 1621842014       0.36      0.559   40.38670  -72.72371 0.0000e+00
     26.787     8.8441    32.7052  1025.4689     2.5325     6.6935    101.024   -0.00284    6.62566    6.63129      8.050     0.3799   11.93954   3.481033 5.0640e-11    25.3461    25.3457 1.0000e-12     27.000          1       2119    1483.25 1.9747e+00  51443.722     88.247 1621842015      -0.28      0.439   40.38670  -72.72374 0.0000e+00
     27.272     8.7483    32.7028  1025.4840     2.5229     6.6350    100.125   -0.00748    6.62666    6.63229      8.046 -9.990e-29   11.94122   3.471671 5.0640e-11    25.3590    25.3585 1.0000e-12     27.500          1       2147    1482.90 1.9747e+00  51461.194     89.418 1621842016       0.26      0.288   40.38672  -72.72374 0.0000e+00
     27.783     8.6725    32.7038  1025.4987     2.5188     6.6104     99.824   -0.00847    6.62210    6.62766      8.044 -9.990e-29   11.93368   3.464930 5.0640e-11    25.3713    25.3708 1.0000e-12     28.000          1       2160    1482.62 1.9747e+00  51479.651     89.939 1621842017       0.53      0.523   40.38672  -72.72374 0.0000e+00
     28.289     8.5853    32.7031  1025.5138     2.5145     6.5974     99.632   -0.00820    6.62179    6.62735      8.044 -9.990e-29   11.93318   3.456971 5.0640e-11    25.3840    25.3836 1.0000e-12     28.500          1       2172    1482.30 1.9747e+00  51497.935     90.459 1621842017       0.43      0.786   40.38672  -72.72374 0.0000e+00
     28.787     8.4723    32.7042  1025.5341     2.5038     6.5776     99.213   -0.00729    6.62980    6.63550      8.041     0.4580   11.94611   3.447561 5.0640e-11    25.4019    25.4015 1.0000e-12     29.000          1       2216    1481.89 1.9747e+00  51524.961     92.278 1621842019       0.15      0.642   40.38672  -72.72377 0.0000e+00
     29.269     8.4229    32.7012  1025.5414     2.4904     6.5377     98.595   -0.00707    6.63085    6.63662      8.031     0.4513   11.94723   3.443616 5.0640e-11    25.4069    25.4065 1.0000e-12     29.500          1       2278    1481.71 1.9747e+00  51531.955     94.863 1621842022       0.51      0.447   40.38672  -72.72379 0.0000e+00
     29.765     8.3960    32.7065  1025.5518     2.4856     6.5203     98.341   -0.00723    6.63026    6.63603      8.031     0.4447   11.94625   3.441867 5.0640e-11    25.4152    25.4147 1.0000e-12     30.000          1       2292    1481.62 1.9747e+00  51545.897     95.467 1621842022       0.28      0.689   40.38672  -72.72380 0.0000e+00
     30.270     8.3860    32.7212  1025.5672     2.4819     6.5087     98.188   -0.00693    6.62883    6.63457      8.031     0.4648   11.94383   3.443022 8.5273e+04    25.4282    25.4277 1.0000e-12     30.500          1       2307    1481.61 2.9080e-01  51569.406     96.074 1621842023       0.10      0.798   40.38672  -72.72380 0.0000e+00
     30.768     8.4151    32.7574  1025.5935     2.4779     6.4977     98.095   -0.00575    6.62390    6.62960      8.032     0.4784   11.93546   3.449226 9.8273e+04    25.4522    25.4517 1.0000e-12     31.000          1       2329    1481.77 3.4088e-02  51614.515     96.990 1621842024      -0.20      0.715   40.38672  -72.72380 0.0000e+00
     31.250     8.4521    32.7859  1025.6124     2.4740     6.4957     98.306   -0.00124    6.60759    6.61311      8.036     0.4942   11.90784   3.455279 9.9999e+04    25.4690    25.4685 1.0000e-12     31.500          1       2383    1481.95 0.0000e+00  51646.907     99.232 1621842026      -0.08      0.126   40.38672  -72.72381 0.0000e+00
     31.752     8.4970    32.8134  1025.6295     2.4774     6.5456     98.771    0.00154    6.62701    6.63281      8.042     0.4768   11.93994   3.462404 7.6982e+04    25.4838    25.4833 1.0000e-12     32.000          1       2414    1482.17 4.5452e-01  51676.206    100.540 1621842027       0.12      0.347   40.38672  -72.72383 0.0000e+00
     32.244     8.5598    32.8472  1025.6488     2.4785     6.6035     98.952    0.00190    6.67344    6.67992      8.037     0.5057   12.01670   3.471359 -4.741e+03    25.5009    25.5004 1.0000e-12     32.500          1       2448    1482.45 2.0683e+00  51710.482    101.956 1621842029      -0.06      0.369   40.38672  -72.72384 0.0000e+00
     32.734     8.5762    32.8642  1025.6619     2.4721     6.5606     98.157   -0.00340    6.68378    6.69042      8.031     0.5119   12.03377   3.473278 5.0640e-11    25.5117    25.5112 1.0000e-12     33.000          1       2472    1482.54 1.9747e+00  51731.150    102.970 1621842030       0.17      0.384   40.38672  -72.72385 0.0000e+00
     33.236     8.4259    32.8528  1025.6780     2.4655     6.5152     97.489   -0.00702    6.68299    6.68960      8.028     0.5117   12.03250   3.457304 5.0640e-11    25.5254    25.5249 1.0000e-12     33.500          1       2487    1481.97 1.9747e+00  51749.624    103.582 1621842030       0.34      0.556   40.38672  -72.72386 0.0000e+00
     33.741     8.2886    32.8491  1025.6980     2.4594     6.4805     96.950   -0.00961    6.68438    6.69102      8.027     0.5222   12.03477   3.445273 5.0640e-11    25.5430    25.5425 1.0000e-12     34.000          1       2500    1481.46 1.9747e+00  51775.074    104.141 1621842031       0.31      0.746   40.38674  -72.72386 0.0000e+00
     34.243     8.1442    32.8546  1025.7261     2.4530     6.4668     96.605   -0.01005    6.69402    6.70081      8.026     0.5355   12.05058   3.432973 5.0640e-11    25.5687    25.5682 1.0000e-12     34.500          1       2518    1480.93 1.9747e+00  51816.996    104.859 1621842032      -0.04      0.823   40.38674  -72.72386 0.0000e+00
     34.718     8.0150    32.8587  1025.7505     2.4263     6.4279     95.380   -0.00986    6.73920    6.74682      8.014     0.7491   12.12359   3.422790 9.5326e+04    25.5908    25.5903 1.0000e-12     35.000          1       2583    1480.45 9.2285e-02  51853.206    107.589 1621842034       0.01      0.047   40.38674  -72.72388 0.0000e+00
     35.229     7.8792    32.9068  1025.8103     2.4075     6.3427     93.982   -0.01485    6.74887    6.75666      8.002     0.9574   12.13929   3.414910 9.9150e+04    25.6481    25.6477 1.0000e-12     35.500          1       2607    1480.00 1.6771e-02  51954.281    108.564 1621842035       0.31      0.384   40.38674  -72.72389 0.0000e+00
     35.719     7.6671    32.9966  1025.9136     2.3623     6.1510     90.859   -0.02441    6.76989    6.77807      7.976     1.3707   12.17336   3.404539 9.9999e+04    25.7490    25.7486 1.0000e-12     36.000          1       2650    1479.31 0.0000e+00  52134.197    110.390 1621842037      -0.18      0.312   40.38674  -72.72390 0.0000e+00
     36.210     7.5407    33.0366  1025.9653     2.3201     6.0082     88.623   -0.02606    6.77957    6.78794      7.957     1.0737   12.18887   3.397012 9.9999e+04    25.7984    25.7979 1.0000e-12     36.500          1       2689    1478.89 0.0000e+00  52222.848    112.006 1621842039       0.26      0.264   40.38674  -72.72391 0.0000e+00
     36.706     7.4727    33.0606  1025.9960     2.2992     5.9328     87.504   -0.02696    6.78006    6.78844      7.953     0.8784   12.18965   3.393440 9.9999e+04    25.8268    25.8263 1.0000e-12     37.000          1       2707    1478.66 0.0000e+00  52274.268    112.742 1621842040       0.29      0.491   40.38674  -72.72393 0.0000e+00
     37.203     7.4326    33.0771  1026.0169     2.2827     5.8723     86.610   -0.02773    6.78011    6.78849      7.951     0.9104   12.18969   3.391441 9.9999e+04    25.8453    25.8449 1.0000e-12     37.500          1       2721    1478.54 0.0000e+00  52308.475    113.335 1621842040       0.27      0.655   40.38674  -72.72394 0.0000e+00
     37.709     7.3991    33.0911  1026.0349     2.2664     5.8118     85.719   -0.02852    6.78004    6.78842      7.948     0.9090   12.18952   3.389873 9.9999e+04    25.8610    25.8605 1.0000e-12     38.000          1       2734    1478.44 0.0000e+00  52337.051    113.871 1621842041       0.24      0.795   40.38674  -72.72394 0.0000e+00
     38.213     7.3705    33.1082  1026.0547     2.2468     5.7449     84.735   -0.02870    6.77986    6.78825      7.944     0.8175   12.18912   3.389157 9.9999e+04    25.8785    25.8780 1.0000e-12     38.500          1       2751    1478.36 0.0000e+00  52369.189    114.590 1621842041      -0.07      0.847   40.38674  -72.72394 0.0000e+00
     38.694     7.3496    33.1271  1026.0748     2.2042     5.6559     83.417   -0.02057    6.78029    6.78871      7.935     0.6396   12.18967   3.389495 9.9999e+04    25.8962    25.8957 1.0000e-12     39.000          1       2801    1478.31 0.0000e+00  52401.738    116.664 1621842043      -0.22      0.234   40.38674  -72.72395 0.0000e+00
     39.190     7.3463    33.1440  1026.0908     2.1738     5.6032     82.626   -0.01333    6.78133    6.78979      7.923     0.4885   12.19116   3.391041 9.9999e+04    25.9100    25.9095 1.0000e-12     39.500          1       2854 -9.990e-29 0.0000e+00  52427.005    118.878 1621842046       0.00      0.230   40.38674  -72.72396 0.0000e+00
     39.683     7.3395    33.1543  1026.1021     2.1572     5.5553     81.918   -0.01219    6.78150    6.78995      7.920     0.4225   12.19140   3.391542 9.9999e+04    25.9190    25.9185 1.0000e-12     40.000          1       2886 -9.990e-29 0.0000e+00  52443.779    120.211 1621842047       0.23      0.295   40.38674  -72.72398 0.0000e+00
     40.186     7.3340    33.1627  1026.1118     2.1476     5.5172     81.360   -0.01305    6.78128    6.78973      7.919     0.4167   12.19101   3.391905 9.9999e+04    25.9264    25.9259 1.0000e-12     40.500          1       2904    1478.31 0.0000e+00  52457.501    120.958 1621842048       0.27      0.518   40.38674  -72.72398 0.0000e+00
     40.685     7.3310    33.1671  1026.1180     2.1379     5.4925     80.994   -0.01193    6.78137    6.78982      7.915     0.4069   12.19117   3.392121 9.9999e+04    25.9303    25.9298 1.0000e-12     41.000          1       2926    1478.32 0.0000e+00  52464.886    121.870 1621842049      -0.04      0.610   40.38674  -72.72399 0.0000e+00
     41.173     7.3293    33.1702  1026.1229     2.1270     5.4738     80.719   -0.00925    6.78125    6.78971 -9.990e-29     0.3303   12.19097   3.392376 9.9999e+04    25.9330    25.9324 1.0000e-12     41.500          1       2957    1478.32 0.0000e+00  52470.020    123.157 1621842050      -0.15      0.422   40.38674  -72.72400 0.0000e+00
     41.670     7.3299    33.1722  1026.1267     2.1218     5.4744     80.731   -0.00650    6.78109    6.78954 -9.990e-29     0.3507   12.19072   3.392667 9.9999e+04    25.9344    25.9339 1.0000e-12     42.000          1       2981    1478.34 0.0000e+00  52473.053    124.160 1621842051       0.14      0.416   40.38674  -72.72400 0.0000e+00
     42.171     7.3295    33.1706  1026.1279     2.1182     5.4726     80.704   -0.00488    6.78104    6.78949 -9.990e-29     0.3505   12.19064   3.392578 9.9999e+04    25.9333    25.9328 1.0000e-12     42.500          1       3000    1478.34 0.0000e+00  52471.352    124.972 1621842052       0.15      0.553   40.38674  -72.72401 0.0000e+00
     42.671     7.3301    33.1704  1026.1299     2.1119     5.4685     80.641   -0.00229    6.78131    6.78976 -9.990e-29     0.3477   12.19109   3.392759 5.9878e+04    25.9330    25.9325 1.0000e-12     43.000          1       3151    1478.35 7.9229e-01  52471.139    131.237 1621842058      -0.01      0.415   40.38676  -72.72406 0.0000e+00
     43.170     7.3301    33.1647  1026.1278     2.1059     5.4689     80.644    0.00080    6.78146    6.78991 -9.990e-29     0.3751   12.19139   3.392517 -1.129e+04    25.9286    25.9280 1.0000e-12     43.500          1       3798    1478.35 2.1977e+00  52463.427    158.200 1621842085      -0.10      0.187   40.38678  -72.72425 0.0000e+00
     42.667     7.3305    33.1651  1026.1257     2.1071     5.4705     80.669    0.00042    6.78140    6.78985 -9.990e-29     0.3924   12.19127   3.392537 5.0640e-11    25.9288    25.9283 1.0000e-12     43.000          1       3728    1478.35 1.9747e+00  52463.545    155.298 1621842082      -0.52     -0.234   40.38678  -72.72424 0.0000e+00
     42.161     7.3305    33.1652  1026.1234     2.1073     5.4690     80.647    0.00009    6.78136    6.78981      7.895     0.4083   12.19123   3.392515 3.4551e+02    25.9289    25.9283 1.0000e-12     42.500          1       3848    1478.34 1.9679e+00  52463.271    160.273 1621842087      -0.13     -0.480   40.38678  -72.72427 0.0000e+00
     41.689     7.3307    33.1636  1026.1200     2.1108     5.4829     80.866    0.00097    6.78020    6.78860      7.896     0.3963   12.18974   3.392370 -5.643e+01    25.9276    25.9271 1.0000e-12     42.000          1       4867    1478.33 1.9758e+00  52460.747    202.755 1621842130      -0.03     -0.211   40.38680  -72.72458 0.0000e+00
     41.187     7.3316    33.1622  1026.1164     2.1119     5.4880     80.944    0.00122    6.78002    6.78841      7.897     0.4440   12.18951   3.392284 5.0640e-11    25.9264    25.9259 1.0000e-12     41.500          1       4760    1478.32 1.9747e+00  52458.077    198.299 1621842125      -0.42     -0.404   40.38680  -72.72456 0.0000e+00
     40.683     7.3320    33.1612  1026.1133     2.1140     5.4997     81.117    0.00190    6.77999    6.78837      7.901     0.4712   12.18948   3.392200 5.0640e-11    25.9255    25.9250 1.0000e-12     41.000          1       4771    1478.31 1.9747e+00  52456.414    198.767 1621842126      -0.57     -0.649   40.38680  -72.72456 0.0000e+00
     40.174     7.3342    33.1571  1026.1074     2.1174     5.5219     81.444    0.00354    6.77995    6.78833      7.901     0.4889   12.18944   3.392002 5.0640e-11    25.9220    25.9215 1.0000e-12     40.500          1       4782    1478.31 1.9747e+00  52449.421    199.218 1621842126      -0.47     -0.889   40.38680  -72.72456 0.0000e+00
     39.678     7.3379    33.1507  1026.0995     2.1224     5.5541     81.921    0.00590    6.77987    6.78824      7.904     0.5109   12.18938   3.391674 5.0640e-11    25.9165    25.9160 1.0000e-12     40.000          1       4796    1478.31 1.9747e+00  52439.159    199.771 1621842127      -0.07     -1.033   40.38680  -72.72457 0.0000e+00
     39.187     7.3481    33.1316  1026.0808     2.1376     5.6322     83.087    0.01019    6.77871    6.78704      7.909     0.5677   12.18766   3.390839 5.0640e-11    25.9000    25.8995 1.0000e-12     39.500          1       4826    1478.32 1.9747e+00  52408.876    201.033 1621842128       0.32     -0.632   40.38680  -72.72458 0.0000e+00
     38.701     7.3589    33.1086  1026.0589     2.1653     5.7364     84.658    0.01235    6.77597    6.78424      7.916     0.7585   12.18337   3.389661 5.0640e-11    25.8804    25.8799 1.0000e-12     39.000          1       4879    1478.32 1.9747e+00  52372.930    203.268 1621842130      -0.15     -0.140   40.38682  -72.72460 0.0000e+00
