CalculateIndicators/WaterTemperature/Data/CTD_NYOS/20210523_C14.cnv
* Sea-Bird SBE 9 Data File:
* FileName = C:\Seabird 9 CTD\Data\2021\202105_offshore\20210523_C14.hex
* Software Version Seasave V 7.23.2
* Temperature SN = 4590
* Conductivity SN = 3228
* Number of Bytes Per Scan = 44
* Number of Voltage Words = 5
* Number of Scans Averaged by the Deck Unit = 1
* NMEA Latitude = 40 16.08 N
* NMEA Longitude = 073 00.52 W
* NMEA UTC (Time) = May 23 2021  01:42:11
* NMEA baud rate = 4800
** Ship: seawolf
** Station: 5.2
** Operator: SJW
# nquan = 31
# nvalues = 149                         
# units = specified
# name 0 = depSM: Depth [salt water, m]
# name 1 = t090C: Temperature [ITS-90, deg C]
# name 2 = sal00: Salinity, Practical [PSU]
# name 3 = density00: Density [density, kg/m^3]
# name 4 = sbeox0V: Oxygen raw, SBE 43 [V]
# name 5 = sbeox0ML/L: Oxygen, SBE 43 [ml/l]
# name 6 = sbeox0PS: Oxygen, SBE 43 [% saturation]
# name 7 = sbox0dV/dT: Oxygen, SBE 43 [dov/dt]
# name 8 = oxsolML/L: Oxygen Saturation, Garcia & Gordon [ml/l]
# name 9 = oxsatML/L: Oxygen Saturation, Weiss [ml/l]
# name 10 = ph: pH
# name 11 = flECO-AFL: Fluorescence, WET Labs ECO-AFL/FL [mg/m^3]
# name 12 = n2satML/L: Nitrogen Saturation [ml/l]
# name 13 = c0S/m: Conductivity [S/m]
# name 14 = cpar: CPAR/Corrected Irradiance [%]
# name 15 = sigma-é00: Density [sigma-theta, kg/m^3]
# name 16 = sigma-t00: Density [sigma-t, kg/m^3 ]
# name 17 = par: PAR/Irradiance, Biospherical/Licor
# name 18 = prDM: Pressure, Digiquartz [db]
# name 19 = pumps: Pump Status
# name 20 = scan: Scan Count
# name 21 = svCM: Sound Velocity [Chen-Millero, m/s]
# name 22 = spar: SPAR, Biospherical/Licor
# name 23 = specc: Specific Conductance [uS/cm]
# name 24 = timeS: Time, Elapsed [seconds]
# name 25 = timeY: Time, System [seconds]
# name 26 = accM: Acceleration [m/s^2]
# name 27 = dz/dtM: Descent Rate [m/s]
# name 28 = latitude: Latitude [deg]
# name 29 = longitude: Longitude [deg]
# name 30 = flag: flag
# span 0 =      1.464,     38.711       
# span 1 =     6.9816,    15.2371       
# span 2 =    31.4542,    33.1057       
# span 3 =  1023.2032,  1026.0744       
# span 4 =     2.0657,     2.8202       
# span 5 =     5.0387,     6.6873       
# span 6 =     77.295,    115.464       
# span 7 =   -0.10025,    0.08411       
# span 8 =    5.76881,    6.84051       
# span 9 =    5.76331,    6.84974       
# span 10 =      7.871,      8.055      
# span 11 =    12.6627,    15.5674      
# span 12 =   10.52614,   12.29026      
# span 13 =   3.352043,   3.995273      
# span 14 = -9.807e+03, 1.0629e+05      
# span 15 =    23.1921,    25.9225      
# span 16 =    23.1920,    25.9221      
# span 17 = -4.622e-05, 8.9791e-03      
# span 18 =      1.500,     39.000      
# span 19 =          1,          1      
# span 20 =         54,       9593      
# span 21 =    1476.77,    1504.12      
# span 22 = -1.243e-01, 2.1684e+00      
# span 23 =  48726.083,  52447.831      
# span 24 =      2.193,    399.685      
# span 25 = 1621734132, 1621734531      
# span 26 =      -0.46,       0.51      
# span 27 =     -0.892,      1.110      
# span 28 =   40.26802,   40.26810      
# span 29 =  -73.00866,  -73.00744      
# span 30 = 0.0000e+00, 0.0000e+00      
# interval = decibars: 0.5              
# start_time = May 23 2021 01:42:10 [System UTC, first data scan.]
# bad_flag = -9.990e-29
*END*
[from data line 141]
      4.956    15.1633    32.1159  1023.7365     2.6196     5.9814    103.624   -0.00432    5.77217    5.76668 -9.990e-29    13.2204   10.53208   3.990693 5.0640e-11    23.7145    23.7143 1.0000e-12      5.000          1       7402    1503.92 1.9747e+00  49652.713    308.387 1621734439      -0.20     -0.844   40.26808  -73.00770 0.0000e+00
      4.459    15.1862    32.1166  1023.7299     2.6171     5.9734    103.486   -0.00449    5.77219    5.76670      7.996    13.1683   10.53211   3.992380 5.0640e-11    23.7100    23.7099 1.0000e-12      4.500          1       7418    1503.98 1.9747e+00  49650.854    309.031 1621734439       0.05     -0.892   40.26810  -73.00770 0.0000e+00
      3.968    15.1935    32.1133  1023.7236     2.6137     5.9614    103.334   -0.00420    5.76911    5.76359      7.996    13.1191   10.52699   3.992520 5.0640e-11    23.7059    23.7058 1.0000e-12      4.000          1       7438    1504.00 1.9747e+00  49645.187    309.866 1621734440       0.25     -0.741   40.26810  -73.00770 0.0000e+00
      3.477    15.1972    32.1190  1023.7250     2.6129     5.9664    103.387   -0.00284    5.77097    5.76547      7.996    13.1229   10.53005   3.993291 5.0640e-11    23.7095    23.7094 1.0000e-12      3.500          1       7459    1504.01 1.9747e+00  49652.470    310.745 1621734441       0.08     -0.575   40.26810  -73.00769 0.0000e+00
      2.976    15.1882    32.1209  1023.7262     2.6129     5.9743    103.520   -0.00078    5.77114    5.76564      7.997    13.2213   10.53033   3.992359 5.0640e-11    23.7129    23.7128 1.0000e-12      3.000          1       7476    1503.97 1.9747e+00  49656.008    311.476 1621734442      -0.11     -0.598   40.26810  -73.00768 0.0000e+00
      2.477    15.1989    32.1208  1023.7215     2.6119     5.9724    103.482   -0.00052    5.77138    5.76588      7.999    13.2214   10.53073   3.993650 5.0640e-11    23.7105    23.7104 1.0000e-12      2.500          1       7494    1504.00 1.9747e+00  49654.246    312.214 1621734443      -0.06     -0.673   40.26810  -73.00768 0.0000e+00
      1.973    15.2059    32.1242  1023.7203     2.6105     5.9674    103.435   -0.00020    5.76924    5.76373      8.002    13.1766   10.52716   3.994055 5.0640e-11    23.7115    23.7114 1.0000e-12      2.000          1       7744    1504.01 1.9747e+00  49658.014    322.631 1621734453      -0.23     -0.284   40.26810  -73.00766 0.0000e+00
      1.464    15.2225    32.1315  1023.7200     2.6127     5.9727    103.525   -0.00052    5.76927    5.76376      8.030    13.0559   10.52718   3.995273 5.0640e-11    23.7135    23.7135 1.0000e-12      1.500          1       9593    1504.06 1.9747e+00  49666.179    399.685 1621734531      -0.43     -0.155   40.26810  -73.00744 0.0000e+00
