CalculateIndicators/WaterTemperature/Data/CTD_NYOS/20210524_C25.cnv
* Sea-Bird SBE 9 Data File:
* FileName = C:\Seabird 9 CTD\Data\2021\202105_offshore\20210524_C25.hex
* Software Version Seasave V 7.23.2
* Temperature SN = 4590
* Conductivity SN = 3228
* Number of Bytes Per Scan = 44
* Number of Voltage Words = 5
* Number of Scans Averaged by the Deck Unit = 1
* NMEA Latitude = 40 45.18 N
* NMEA Longitude = 072 30.47 W
* NMEA UTC (Time) = May 24 2021  13:19:51
* NMEA baud rate = 4800
** Ship: seawolf
** Station: 3.1
** Operator: sjw
# nquan = 31
# nvalues = 91                          
# units = specified
# name 0 = depSM: Depth [salt water, m]
# name 1 = t090C: Temperature [ITS-90, deg C]
# name 2 = sal00: Salinity, Practical [PSU]
# name 3 = density00: Density [density, kg/m^3]
# name 4 = sbeox0V: Oxygen raw, SBE 43 [V]
# name 5 = sbeox0ML/L: Oxygen, SBE 43 [ml/l]
# name 6 = sbeox0PS: Oxygen, SBE 43 [% saturation]
# name 7 = sbox0dV/dT: Oxygen, SBE 43 [dov/dt]
# name 8 = oxsolML/L: Oxygen Saturation, Garcia & Gordon [ml/l]
# name 9 = oxsatML/L: Oxygen Saturation, Weiss [ml/l]
# name 10 = ph: pH
# name 11 = flECO-AFL: Fluorescence, WET Labs ECO-AFL/FL [mg/m^3]
# name 12 = n2satML/L: Nitrogen Saturation [ml/l]
# name 13 = c0S/m: Conductivity [S/m]
# name 14 = cpar: CPAR/Corrected Irradiance [%]
# name 15 = sigma-é00: Density [sigma-theta, kg/m^3]
# name 16 = sigma-t00: Density [sigma-t, kg/m^3 ]
# name 17 = par: PAR/Irradiance, Biospherical/Licor
# name 18 = prDM: Pressure, Digiquartz [db]
# name 19 = pumps: Pump Status
# name 20 = scan: Scan Count
# name 21 = svCM: Sound Velocity [Chen-Millero, m/s]
# name 22 = spar: SPAR, Biospherical/Licor
# name 23 = specc: Specific Conductance [uS/cm]
# name 24 = timeS: Time, Elapsed [seconds]
# name 25 = timeY: Time, System [seconds]
# name 26 = accM: Acceleration [m/s^2]
# name 27 = dz/dtM: Descent Rate [m/s]
# name 28 = latitude: Latitude [deg]
# name 29 = longitude: Longitude [deg]
# name 30 = flag: flag
# span 0 =      1.441,     24.318       
# span 1 =     8.9759,    14.5190       
# span 2 =    30.5366,    32.2712       
# span 3 =  1022.6506,  1025.0673       
# span 4 =     2.2384,     2.7193       
# span 5 =     5.0899,     6.7759       
# span 6 =     85.587,    110.702       
# span 7 =   -0.02750,    0.10583       
# span 8 =    5.89417,    6.57280       
# span 9 =    5.88929,    6.57718       
# span 10 =      7.940,      8.042      
# span 11 =     0.0386,     0.7045      
# span 12 =   10.74779,   11.85792      
# span 13 =   3.440565,   3.800275      
# span 14 = 7.5012e-01, 4.6099e+01      
# span 15 =    22.6395,    24.9559      
# span 16 =    22.6394,    24.9555      
# span 17 = 1.4985e+01, 7.9061e+02      
# span 18 =      1.500,     24.500      
# span 19 =          1,          1      
# span 20 =        947,       8948      
# span 21 =    1483.11,    1500.46      
# span 22 = 1.4961e+03, 1.9947e+03      
# span 23 =  47517.107,  50744.704      
# span 24 =     39.400,    372.787      
# span 25 = 1621862428, 1621862762      
# span 26 =      -0.73,       0.71      
# span 27 =     -0.822,      0.658      
# span 28 =   40.75310,   40.75349      
# span 29 =  -72.50895,  -72.50800      
# span 30 = 0.0000e+00, 0.0000e+00      
# interval = decibars: 0.5              
# start_time = May 24 2021 13:19:49 [System UTC, first data scan.]
# bad_flag = -9.990e-29
*END*
      2.472    14.4947    30.5366  1022.6506     2.2384     5.3035     89.963    0.06633    5.89517    5.89027      8.012     0.0926   10.74996   3.755717 4.6099e+01    22.6395    22.6394 7.9061e+02      2.500          1        947    1499.89 1.7070e+03  47517.107     39.400 1621862428       0.31      0.005   40.75310  -72.50800 0.0000e+00
      2.978    14.5190    30.7818  1022.8368     2.3315     5.7291     97.181    0.10583    5.89526    5.89037      8.012     0.0799   10.75015   3.784653 3.3482e+01    22.8234    22.8233 5.8899e+02      3.000          1        970    1500.27 1.7612e+03  47858.528     40.392 1621862429       0.33      0.378   40.75310  -72.50800 0.0000e+00
      3.478    14.5184    30.8723  1022.9089     2.3433     5.5181     93.607    0.04469    5.89497    5.89008      8.012     0.0753   10.74958   3.793340 3.2573e+01    22.8933    22.8932 5.8327e+02      3.500          1        997    1500.38 1.7909e+03  47985.793     41.513 1621862430      -0.03      0.483   40.75310  -72.50800 0.0000e+00
      3.966    14.5183    30.8935  1022.9275     2.3043     5.1346     87.113   -0.02309    5.89421    5.88932      8.012     0.0779   10.74805   3.795375 2.7118e+01    22.9097    22.9096 4.7263e+02      4.000          1       1065    1500.41 1.7432e+03  48015.395     44.325 1621862433      -0.03      0.101   40.75311  -72.50800 0.0000e+00
      4.465    14.5179    30.9100  1022.9425     2.3166     5.2767     89.515    0.00334    5.89474    5.88986 -9.990e-29     0.0912   10.74882   3.797194 2.2951e+01    22.9225    22.9224 4.0341e+02      4.500          1       1105    1500.44 1.7576e+03  48038.924     45.990 1621862435       0.07      0.301   40.75312  -72.50802 0.0000e+00
      4.955    14.5184    30.9164  1022.9495     2.3528     5.4834     93.003    0.02858    5.89591    5.89105      8.013     0.1210   10.75074   3.797976 2.0436e+01    22.9273    22.9271 3.3569e+02      5.000          1       1139    1500.45 1.6489e+03  48047.812     47.410 1621862436       0.03      0.334   40.75312  -72.50802 0.0000e+00
      5.461    14.5136    30.9263  1022.9604     2.3496     5.4089     91.732    0.01215    5.89639    5.89154      8.013     0.0962   10.75150   3.798611 1.9293e+01    22.9359    22.9358 3.3458e+02      5.500          1       1160    1500.46 1.7338e+03  48062.397     48.305 1621862437       0.19      0.448   40.75312  -72.50802 0.0000e+00
      5.956    14.5050    30.9300  1022.9673     2.3141     5.1956     88.001   -0.01743    5.90405    5.89932      8.014     0.1105   10.76352   3.798219 1.6709e+01    22.9406    22.9404 2.8837e+02      6.000          1       1195    1500.44 1.7256e+03  48068.845     49.732 1621862438      -0.14      0.405   40.75312  -72.50802 0.0000e+00
      6.448    14.4753    30.9504  1022.9914     2.2788     5.0899     86.164   -0.01925    5.90719    5.90249      8.017     0.1632   10.76877   3.797816 1.5527e+01    22.9625    22.9623 2.6904e+02      6.500          1       1240    1500.38 1.7324e+03  48100.730     51.628 1621862440       0.16      0.215   40.75312  -72.50802 0.0000e+00
      6.947    14.3969    31.0099  1023.0557     2.2699     5.1221     86.527   -0.00786    5.91971    5.91520      8.017     0.1625   10.78856   3.797250 1.3804e+01    23.0246    23.0244 2.3701e+02      7.000          1       1270    1500.21 1.7138e+03  48192.240     52.883 1621862442       0.03      0.391   40.75312  -72.50802 0.0000e+00
      7.445    14.3798    31.0033  1023.0564     2.2527     5.1315     85.587   -0.01063    5.99589    5.99258      8.021     0.2033   10.90862   3.794987 1.2441e+01    23.0231    23.0228 2.1448e+02      7.500          1       1307    1500.15 1.7256e+03  48184.985     54.435 1621862443      -0.05      0.341   40.75312  -72.50804 0.0000e+00
      7.929    14.0564    31.2330  1023.3022     2.2665     5.5155     87.938    0.00737    6.27278    6.27263      8.038     0.2799   11.36884   3.790833 1.3580e+01    23.2666    23.2664 2.0143e+02      8.000          1       1367    1499.37 1.4961e+03  48540.560     56.900 1621862446      -0.01      0.133   40.75312  -72.50804 0.0000e+00
      8.432    13.5076    31.6561  1023.7415     2.3417     5.9687     95.093    0.05114    6.27661    6.27629      8.035     0.2812   11.37891   3.785597 9.7643e+00    23.7036    23.7034 1.7215e+02      8.500          1       1386    1498.06 1.7629e+03  49194.807     57.689 1621862446       0.36      0.361   40.75312  -72.50804 0.0000e+00
      8.938    12.2606    32.2712  1024.4613     2.4038     6.3056    100.146    0.07575    6.29628    6.29615      8.036     0.2710   11.41222   3.727356 1.0317e+01    24.4210    24.4208 1.8388e+02      9.000          1       1404    1494.60 1.7823e+03  50225.700     58.457 1621862447       0.19      0.597   40.75312  -72.50804 0.0000e+00
      9.425    11.4165    31.2790  1023.8491     2.4866     6.4941    102.008    0.04569    6.36613    6.36688      8.039     0.3072   11.52772   3.556573 8.9467e+00    23.8063    23.8061 1.5512e+02      9.500          1       1459    1490.51 1.7359e+03  48950.146     60.749 1621862449      -0.09      0.254   40.75312  -72.50804 0.0000e+00
      9.918    10.9950    31.1875  1023.8545     2.5435     6.6511    103.959    0.03411    6.39787    6.39904      8.040     0.3496   11.58005   3.513443 8.2818e+00    23.8095    23.8093 1.4816e+02     10.000          1       1504    1488.93 1.7888e+03  48888.422     62.640 1621862451       0.33      0.264   40.75312  -72.50804 0.0000e+00
     10.422    10.7842    31.2533  1023.9443     2.5604     6.6670    104.126    0.02595    6.40282    6.40405      8.040     0.3842   11.58813   3.500329 8.1053e+00    23.8969    23.8967 1.2865e+02     10.500          1       1523    1488.26 1.5972e+03  49016.245     63.405 1621862452       0.26      0.515   40.75312  -72.50804 0.0000e+00
     10.918    10.5739    31.2381  1023.9706     2.5801     6.7010    104.447    0.01769    6.41572    6.41714      8.041     0.3925   11.60916   3.482787 6.9237e+00    23.9208    23.9206 1.2002e+02     11.000          1       1555    1487.50 1.7497e+03  49029.164     64.747 1621862453      -0.15      0.451   40.75312  -72.50806 0.0000e+00
     11.411    10.4464    31.2547  1024.0073     2.5979     6.7336    104.633    0.00887    6.43547    6.43719      8.042     0.3881   11.64142   3.474845 6.7648e+00    23.9553    23.9550 1.1568e+02     11.500          1       1601    1487.07 1.7240e+03  49074.367     66.686 1621862455       0.12      0.222   40.75314  -72.50806 0.0000e+00
     11.905    10.3031    31.2966  1024.0662     2.6055     6.7759    104.667    0.00384    6.47373    6.47597      8.035     0.4380   11.70421   3.467276 5.6526e+00    24.0119    24.0116 1.0231e+02     12.000          1       1649    1486.62 1.8165e+03  49158.426     68.687 1621862457      -0.08      0.254   40.75314  -72.50806 0.0000e+00
     12.402    10.1425    31.3301  1024.1212     2.5965     6.7019    103.515   -0.00459    6.47433    6.47660      8.028     0.4687   11.70498   3.456149 4.9205e+00    24.0646    24.0644 9.2857e+01     12.500          1       1683    1486.09 1.8871e+03  49234.727     70.103 1621862459       0.26      0.303   40.75314  -72.50808 0.0000e+00
     12.902     9.9641    31.3552  1024.1724     2.5835     6.6240    102.327   -0.01104    6.47335    6.47562      8.028     0.4667   11.70309   3.444271 5.7955e+00    24.1134    24.1132 8.9991e+01     13.000          1       1708    1485.48 1.5624e+03  49302.265     71.137 1621862460       0.05      0.486   40.75314  -72.50808 0.0000e+00
     13.396     9.9216    31.3778  1024.1992     2.5734     6.6026    102.003   -0.00903    6.47300    6.47528      8.028     0.4458   11.70245   3.443650 4.6730e+00    24.1380    24.1377 8.0357e+01     13.500          1       1741    1485.36 1.7366e+03  49342.084     72.484 1621862461      -0.08      0.394   40.75314  -72.50808 0.0000e+00
     13.891     9.9210    31.4097  1024.2264     2.5701     6.6280    102.532   -0.00096    6.46427    6.46651      8.027     0.4352   11.68705   3.447828 4.0652e+00    24.1630    24.1627 7.7537e+01     14.000          1       1804    1485.41 1.9082e+03  49387.728     75.142 1621862464       0.05      0.155   40.75314  -72.50808 0.0000e+00
     14.386     9.9278    31.4466  1024.2564     2.5679     6.6040    102.417   -0.00094    6.44811    6.45021      8.010     0.5371   11.65928   3.452522 3.5892e+00    24.1907    24.1904 6.9570e+01     14.500          1       1857    1485.48 1.9381e+03  49439.069     77.340 1621862466       0.06      0.284   40.75314  -72.50808 0.0000e+00
     14.876     9.9425    31.5035  1024.3006     2.5489     6.4896    100.645   -0.01085    6.44802    6.45012      8.009     0.5812   11.65914   3.461178 3.6222e+00    24.2327    24.2324 6.5269e+01     15.000          1       1889    1485.62 1.8093e+03  49517.444     78.655 1621862467       0.14      0.314   40.75314  -72.50809 0.0000e+00
     15.386    10.0398    31.5674  1024.3368     2.5330     6.4010     99.210   -0.01864    6.45199    6.45415      8.009     0.6171   11.66567   3.475278 3.2903e+00    24.2666    24.2663 6.3252e+01     15.500          1       1907    1486.05 1.9229e+03  49590.564     79.433 1621862468       0.23      0.506   40.75314  -72.50810 0.0000e+00
     15.879     9.9873    31.5783  1024.3562     2.5034     6.3583     98.237   -0.01331    6.47241    6.47487      8.003     0.6214   11.69900   3.470563 2.9525e+00    24.2837    24.2834 5.4447e+01     16.000          1       1969    1485.89 1.8473e+03  49615.791     82.002 1621862471       0.10      0.247   40.75314  -72.50810 0.0000e+00
     16.369     9.7812    31.5947  1024.4048     2.4925     6.3875     98.786   -0.00069    6.46601    6.46843      8.006     0.6358   11.68769   3.455511 2.6280e+00    24.3300    24.3297 4.9989e+01     16.500          1       2039    1485.17 1.9017e+03  49676.804     84.926 1621862474      -0.03      0.203   40.75314  -72.50812 0.0000e+00
     16.863     9.9025    31.6646  1024.4419     2.5036     6.4675    100.016    0.00738    6.46650    6.46892      8.005     0.5990   11.68862   3.473071 2.2870e+00    24.3649    24.3646 4.3007e+01     17.000          1       2072    1485.70 1.8810e+03  49754.145     86.307 1621862475       0.37      0.262   40.75314  -72.50812 0.0000e+00
     17.376     9.8904    31.6732  1024.4529     2.5064     6.4382     99.950    0.00534    6.44145    6.44360      8.005     0.5987   11.64642   3.473106 2.2900e+00    24.3736    24.3732 4.0925e+01     17.500          1       2093    1485.67 1.7962e+03  49768.703     87.178 1621862476       0.26      0.528   40.75314  -72.50812 0.0000e+00
     17.858    10.2883    31.8032  1024.4905     2.5381     6.4951    102.100    0.01372    6.36148    6.36284      8.021     0.3767   11.51062   3.529710 2.1399e+00    24.4091    24.4088 3.7823e+01     18.000          1       2173    1487.28 1.7724e+03  49880.570     90.482 1621862479       0.71      0.238   40.75316  -72.50812 0.0000e+00
     18.362    10.6009    31.9394  1024.5460     2.5415     6.4819    101.881    0.00899    6.36226    6.36363      8.019     0.3765   11.51200   3.564672 2.2053e+00    24.4625    24.4622 3.5298e+01     18.500          1       2188    1488.57 1.6110e+03  50019.354     91.138 1621862480       0.44      0.621   40.75316  -72.50812 0.0000e+00
     18.861    10.5509    31.9986  1024.6030     2.5429     6.4574    101.526    0.00395    6.36034    6.36168      8.015     0.3977   11.50885   3.564588 1.7616e+00    24.5172    24.5168 3.1639e+01     19.000          1       2213    1488.47 1.8023e+03  50111.519     92.178 1621862481      -0.10      0.658   40.75316  -72.50813 0.0000e+00
     19.343    10.5395    32.0328  1024.6338     2.5292     6.4126    100.078   -0.00658    6.40757    6.40967      8.006     0.4996   11.58498   3.566529 1.5365e+00    24.5458    24.5454 2.8435e+01     19.500          1       2330    1488.48 1.8505e+03  50161.614     97.040 1621862486       0.40      0.313   40.75316  -72.50814 0.0000e+00
     19.847    10.5048    32.0675  1024.6690     2.5179     6.3422     98.938   -0.01357    6.41030    6.41244      8.007     0.5362   11.58949   3.565727 1.4555e+00    24.5787    24.5783 2.6942e+01     20.000          1       2344    1488.41 1.8510e+03  50217.122     97.625 1621862486       0.28      0.570   40.75316  -72.50815 0.0000e+00
     20.347    10.2098    32.1087  1024.7532     2.5085     6.3650     98.678   -0.01179    6.45023    6.45292      8.009     0.5095   11.65549   3.543239 1.4109e+00    24.6605    24.6601 2.5657e+01     20.500          1       2371    1487.41 1.8229e+03  50327.850     98.737 1621862488      -0.10      0.554   40.75316  -72.50816 0.0000e+00
     20.833    10.0785    32.1873  1024.8387     2.4920     6.3587     98.260   -0.00750    6.47131    6.47427      8.010     0.5042   11.69047   3.538376 1.3705e+00    24.7437    24.7433 2.4443e+01     21.000          1       2423    1487.04 1.7912e+03  50462.548    100.934 1621862490       0.12      0.133   40.75316  -72.50816 0.0000e+00
     21.334     9.6931    32.1854  1024.9029     2.4682     6.3266     97.113   -0.00797    6.51497    6.51853      7.992     0.5292   11.76252   3.504576 1.1962e+00    24.8054    24.8051 2.2577e+01     21.500          1       2510    1485.64 1.8875e+03  50532.874    104.540 1621862493       0.06      0.170   40.75317  -72.50817 0.0000e+00
     21.823     9.4817    32.1881  1024.9413     2.4262     6.1685     94.008   -0.02046    6.56163    6.56586      7.964     0.7045   11.83948   3.486392 1.1706e+00    24.8416    24.8412 2.2322e+01     22.000          1       2588    1484.88 1.9074e+03  50577.712    107.809 1621862496       0.29      0.200   40.75318  -72.50818 0.0000e+00
     22.327     9.2842    32.1974  1024.9823     2.4020     6.0399     92.171   -0.02750    6.55291    6.55699      7.966     0.6616   11.82524   3.467988 1.1367e+00    24.8801    24.8797 2.0378e+01     22.500          1       2607    1484.18 1.8068e+03  50630.141    108.586 1621862497       0.26      0.473   40.75318  -72.50818 0.0000e+00
     22.824     9.0859    32.2132  1025.0281     2.3668     5.9677     91.112   -0.01999    6.54988    6.55393      7.964     0.6167   11.82020   3.454182 1.0047e+00    24.9236    24.9232 1.9350e+01     23.000          1       2708    1483.47 1.9296e+03  50693.448    112.798 1621862501      -0.07      0.375   40.75318  -72.50820 0.0000e+00
     23.308     9.0092    32.2183  1025.0463     2.3404     5.9893     91.122   -0.00555    6.57280    6.57718      7.958     0.6084   11.85792   3.448958 9.1576e-01    24.9395    24.9391 1.7756e+01     23.500          1       2849    1483.20 1.9389e+03  50716.696    118.663 1621862507       0.23      0.141   40.75318  -72.50822 0.0000e+00
     23.822     8.9957    32.2256  1025.0564     2.3500     6.0751     92.465    0.00426    6.57017    6.57451      7.955     0.6626   11.85363   3.448656 8.4868e-01    24.9473    24.9469 1.6460e+01     24.000          1       2884    1483.17 1.9397e+03  50730.098    120.137 1621862509       0.19      0.428   40.75318  -72.50823 0.0000e+00
     24.318     8.9759    32.2326  1025.0673     2.3612     6.1807     94.086    0.01631    6.56915    6.57347      7.946     0.6229   11.85205   3.448399 7.5012e-01    24.9559    24.9555 1.4985e+01     24.500          1       3188    1483.11 1.9947e+03  50744.704    132.788 1621862521      -0.45      0.170   40.75321  -72.50828 0.0000e+00
     23.824     8.9952    32.2227  1025.0543     2.3600     6.1190     93.120    0.00605    6.57111    6.57546      7.951     0.6594   11.85524   3.448989 8.5175e-01    24.9452    24.9448 1.5963e+01     24.000          1       3100    1483.17 1.8797e+03  50726.160    129.106 1621862518      -0.54     -0.082   40.75320  -72.50826 0.0000e+00
