CalculateIndicators/WaterTemperature/Data/CTD_NYOS/20210524_C22.cnv
* Sea-Bird SBE 9 Data File:
* FileName = C:\Seabird 9 CTD\Data\2021\202105_offshore\20210524_C22.hex
* Software Version Seasave V 7.23.2
* Temperature SN = 4590
* Conductivity SN = 3228
* Number of Bytes Per Scan = 44
* Number of Voltage Words = 5
* Number of Scans Averaged by the Deck Unit = 1
* NMEA Latitude = 40 05.66 N
* NMEA Longitude = 072 36.86 W
* NMEA UTC (Time) = May 24 2021  04:44:36
* NMEA baud rate = 4800
** Ship: seawolf
** Station: 4.3
** Operator: sjw
# nquan = 31
# nvalues = 205                         
# units = specified
# name 0 = depSM: Depth [salt water, m]
# name 1 = t090C: Temperature [ITS-90, deg C]
# name 2 = sal00: Salinity, Practical [PSU]
# name 3 = density00: Density [density, kg/m^3]
# name 4 = sbeox0V: Oxygen raw, SBE 43 [V]
# name 5 = sbeox0ML/L: Oxygen, SBE 43 [ml/l]
# name 6 = sbeox0PS: Oxygen, SBE 43 [% saturation]
# name 7 = sbox0dV/dT: Oxygen, SBE 43 [dov/dt]
# name 8 = oxsolML/L: Oxygen Saturation, Garcia & Gordon [ml/l]
# name 9 = oxsatML/L: Oxygen Saturation, Weiss [ml/l]
# name 10 = ph: pH
# name 11 = flECO-AFL: Fluorescence, WET Labs ECO-AFL/FL [mg/m^3]
# name 12 = n2satML/L: Nitrogen Saturation [ml/l]
# name 13 = c0S/m: Conductivity [S/m]
# name 14 = cpar: CPAR/Corrected Irradiance [%]
# name 15 = sigma-é00: Density [sigma-theta, kg/m^3]
# name 16 = sigma-t00: Density [sigma-t, kg/m^3 ]
# name 17 = par: PAR/Irradiance, Biospherical/Licor
# name 18 = prDM: Pressure, Digiquartz [db]
# name 19 = pumps: Pump Status
# name 20 = scan: Scan Count
# name 21 = svCM: Sound Velocity [Chen-Millero, m/s]
# name 22 = spar: SPAR, Biospherical/Licor
# name 23 = specc: Specific Conductance [uS/cm]
# name 24 = timeS: Time, Elapsed [seconds]
# name 25 = timeY: Time, System [seconds]
# name 26 = accM: Acceleration [m/s^2]
# name 27 = dz/dtM: Descent Rate [m/s]
# name 28 = latitude: Latitude [deg]
# name 29 = longitude: Longitude [deg]
# name 30 = flag: flag
# span 0 =      1.460,     52.594       
# span 1 =     7.0976,    15.4319       
# span 2 =    31.3092,    33.8146       
# span 3 =  1023.0466,  1026.3369       
# span 4 =     1.9632,     3.1507       
# span 5 =     4.9030,     7.7561       
# span 6 =     73.417,    134.958       
# span 7 =   -0.22902,    0.08972       
# span 8 =    5.74286,    6.82531       
# span 9 =    5.73713,    6.83425       
# span 10 =      7.857,      8.060      
# span 11 =     0.0672,     0.8972      
# span 12 =   10.48209,   12.26580      
# span 13 =   3.356531,   4.026783      
# span 14 = -1.847e+04, 1.0300e+05      
# span 15 =    23.0355,    26.0950      
# span 16 =    23.0354,    26.0943      
# span 17 = -2.929e-02, 4.9509e-02      
# span 18 =      1.500,     53.000      
# span 19 =          1,          1      
# span 20 =        168,      11162      
# span 21 =    1477.21,    1504.84      
# span 22 = -5.922e-02, 2.3394e+00      
# span 23 =  48505.153,  52772.539      
# span 24 =      6.971,    465.053      
# span 25 = 1621831481, 1621831939      
# span 26 =      -0.98,       0.54      
# span 27 =     -1.208,      1.078      
# span 28 =   40.09287,   40.09434      
# span 29 =  -72.61784,  -72.61452      
# span 30 = 0.0000e+00, 0.0000e+00      
# interval = decibars: 0.5              
# start_time = May 24 2021 04:44:34 [System UTC, first data scan.]
# bad_flag = -9.990e-29
*END*
[from data line 188]
      9.418    12.9441    32.3584  1024.4007     2.6476     6.3115    106.396    0.01184    5.93334    5.92977      7.988     0.1501   10.79724   3.819742 6.0003e+04    24.3583    24.3581 1.0000e-12      9.500          1       9549    1497.03 7.8981e-01  50247.305    397.820 1621831872      -0.13     -0.590   40.09310  -72.61736 0.0000e+00
      8.932    13.2107    32.3693  1024.3544     2.6695     6.2412    107.838    0.02130    5.78762    5.78236      7.992     0.1824   10.55646   3.844702 5.2285e+02    24.3143    24.3140 1.0000e-12      9.000          1      10264    1497.93 1.9644e+00  50226.537    427.613 1621831902      -0.65     -0.493   40.09301  -72.61758 0.0000e+00
      8.422    13.7254    32.3322  1024.2200     2.6626     6.1841    106.906    0.01251    5.78458    5.77928      7.991     0.1724   10.55140   3.890008 5.0640e-11    24.1823    24.1821 1.0000e-12      8.500          1      10282    1499.58 1.9747e+00  50113.557    428.382 1621831902      -0.48     -0.789   40.09300  -72.61758 0.0000e+00
      7.932    14.6156    32.2495  1023.9692     2.6429     6.0256    104.382   -0.01087    5.77251    5.76708      7.991     0.1284   10.53143   3.962631 5.0640e-11    23.9338    23.9336 1.0000e-12      8.000          1      10304    1502.37 1.9747e+00  49896.617    429.282 1621831903       0.22     -0.789   40.09300  -72.61760 0.0000e+00
      7.450    15.0050    32.2447  1023.8811     2.6182     5.9016    102.571   -0.01979    5.75368    5.74805      7.989     0.1323   10.50027   3.993943 5.0640e-11    23.8479    23.8476 1.0000e-12      7.500          1      10338    1503.61 1.9747e+00  49848.170    430.714 1621831905       0.14     -0.317   40.09300  -72.61761 0.0000e+00
      6.945    15.0610    32.2373  1023.8610     2.6115     5.9129    102.751   -0.01202    5.75457    5.74896      7.989     0.1267   10.50168   3.997966 5.0640e-11    23.8301    23.8299 1.0000e-12      7.000          1      10359    1503.77 1.9747e+00  49832.209    431.563 1621831906      -0.26     -0.429   40.09300  -72.61762 0.0000e+00
      6.445    15.2101    32.2288  1023.8200     2.5999     5.8914    102.419   -0.00828    5.75225    5.74661      7.988     0.1083   10.49780   4.010425 5.0640e-11    23.7913    23.7911 1.0000e-12      6.500          1      10393    1504.22 1.9747e+00  49805.253    432.989 1621831907      -0.08     -0.402   40.09298  -72.61763 0.0000e+00
      5.965    15.3067    32.2307  1023.7983     2.5882     5.8592    102.021   -0.00529    5.74320    5.73747      7.987 -9.990e-29   10.48279   4.017791 5.0640e-11    23.7718    23.7716 1.0000e-12      6.000          1      10440    1504.52 1.9747e+00  49797.732    434.959 1621831909      -0.55     -0.159   40.09298  -72.61764 0.0000e+00
      5.453    15.2918    32.2298  1023.7985     2.5873     5.8635    102.080   -0.00364    5.74404    5.73832      7.988 -9.990e-29   10.48416   4.016358 5.0640e-11    23.7743    23.7741 1.0000e-12      5.500          1      10452    1504.47 1.9747e+00  49797.782    435.454 1621831909      -0.64     -0.537   40.09298  -72.61764 0.0000e+00
      4.951    15.3626    32.2248  1023.7770     2.5843     5.8565    101.953   -0.00320    5.74432    5.73860      7.988 -9.990e-29   10.48463   4.022517 5.0640e-11    23.7550    23.7548 1.0000e-12      5.000          1      10471    1504.68 1.9747e+00  49783.690    436.248 1621831910      -0.03     -0.740   40.09298  -72.61764 0.0000e+00
      4.482    15.4162    32.2286  1023.7661     2.5788     5.8361    101.621   -0.00406    5.74303    5.73730      7.988 -9.990e-29   10.48246   4.026783 5.0640e-11    23.7462    23.7461 1.0000e-12      4.500          1      10508    1504.84 1.9747e+00  49783.548    437.779 1621831912       0.32     -0.290   40.09298  -72.61765 0.0000e+00
      3.976    15.4031    32.2303  1023.7680     2.5778     5.8387    101.658   -0.00283    5.74345    5.73772      7.990     0.1079   10.48314   4.025553 5.0640e-11    23.7504    23.7502 1.0000e-12      4.000          1      10523    1504.80 1.9747e+00  49786.947    438.424 1621831912      -0.41     -0.386   40.09298  -72.61766 0.0000e+00
      3.463    15.3948    32.2308  1023.7680     2.5777     5.8428    101.725   -0.00170    5.74371    5.73799      7.990     0.1017   10.48356   4.024720 5.0640e-11    23.7526    23.7524 1.0000e-12      3.500          1      10536    1504.76 1.9747e+00  49788.162    438.966 1621831913      -0.48     -0.656   40.09296  -72.61766 0.0000e+00
      2.971    15.4036    32.2319  1023.7647     2.5774     5.8460    101.786   -0.00051    5.74343    5.73770 -9.990e-29     0.1030   10.48308   4.025353 3.3680e-01    23.7514    23.7513 6.6510e-03      3.000          1      10571    1504.78 1.9747e+00  49788.568    440.396 1621831914       0.02     -0.542   40.09296  -72.61768 0.0000e+00
      2.479    15.4065    32.2363  1023.7652     2.5786     5.8499    101.857   -0.00018    5.74319    5.73746      7.993     0.1056   10.48266   4.025441 1.9848e+00    23.7542    23.7541 3.9195e-02      2.500          1      10650    1504.79 1.9747e+00  49794.149    443.726 1621831918      -0.12     -0.140   40.09295  -72.61770 0.0000e+00
      1.980    15.3996    32.2388  1023.7664     2.5724     5.8351    101.607    0.00059    5.74286    5.73713      7.996     0.1061   10.48209   4.024573 2.5071e+00    23.7576    23.7575 4.9509e-02      2.000          1      10768    1504.76 1.9747e+00  49797.964    448.626 1621831923      -0.15     -0.237   40.09293  -72.61773 0.0000e+00
      1.460    15.4033    32.2417  1023.7655     2.5409     5.7556    100.212    0.00266    5.74339    5.73767      8.006     0.1046   10.48292   4.024529 -1.483e+00    23.7591    23.7590 -2.929e-02      1.500          1      11162    1504.76 1.9747e+00  49801.420    465.053 1621831939      -0.03     -0.563   40.09287  -72.61784 0.0000e+00
