CalculateIndicators/WaterTemperature/Data/CTD_NYOS/20210521_C04.cnv
* Sea-Bird SBE 9 Data File:
* FileName = C:\Seabird 9 CTD\Data\2021\202105_offshore\20210521_C04.hex
* Software Version Seasave V 7.23.2
* Temperature SN = 4590
* Conductivity SN = 3228
* Number of Bytes Per Scan = 44
* Number of Voltage Words = 5
* Number of Scans Averaged by the Deck Unit = 1
* NMEA Latitude = 39 19.48 N
* NMEA Longitude = 073 21.79 W
* NMEA UTC (Time) = May 21 2021  15:06:55
* NMEA baud rate = 4800
** Ship: seawolf
** Station: 7.4
** Operator: SJW
# nquan = 31
# nvalues = 174                         
# units = specified
# name 0 = depSM: Depth [salt water, m]
# name 1 = t090C: Temperature [ITS-90, deg C]
# name 2 = sal00: Salinity, Practical [PSU]
# name 3 = density00: Density [density, kg/m^3]
# name 4 = sbeox0V: Oxygen raw, SBE 43 [V]
# name 5 = sbeox0ML/L: Oxygen, SBE 43 [ml/l]
# name 6 = sbeox0PS: Oxygen, SBE 43 [% saturation]
# name 7 = sbox0dV/dT: Oxygen, SBE 43 [dov/dt]
# name 8 = oxsolML/L: Oxygen Saturation, Garcia & Gordon [ml/l]
# name 9 = oxsatML/L: Oxygen Saturation, Weiss [ml/l]
# name 10 = ph: pH
# name 11 = flECO-AFL: Fluorescence, WET Labs ECO-AFL/FL [mg/m^3]
# name 12 = n2satML/L: Nitrogen Saturation [ml/l]
# name 13 = c0S/m: Conductivity [S/m]
# name 14 = cpar: CPAR/Corrected Irradiance [%]
# name 15 = sigma-é00: Density [sigma-theta, kg/m^3]
# name 16 = sigma-t00: Density [sigma-t, kg/m^3 ]
# name 17 = par: PAR/Irradiance, Biospherical/Licor
# name 18 = prDM: Pressure, Digiquartz [db]
# name 19 = pumps: Pump Status
# name 20 = scan: Scan Count
# name 21 = svCM: Sound Velocity [Chen-Millero, m/s]
# name 22 = spar: SPAR, Biospherical/Licor
# name 23 = specc: Specific Conductance [uS/cm]
# name 24 = timeS: Time, Elapsed [seconds]
# name 25 = timeY: Time, System [seconds]
# name 26 = accM: Acceleration [m/s^2]
# name 27 = dz/dtM: Descent Rate [m/s]
# name 28 = latitude: Latitude [deg]
# name 29 = longitude: Longitude [deg]
# name 30 = flag: flag
# span 0 =      1.971,     45.164       
# span 1 =     8.5681,    14.3953       
# span 2 =    32.3493,    33.3166       
# span 3 =  1024.0974,  1026.0360       
# span 4 =     1.9093,     2.6511       
# span 5 =     3.9938,     6.5695       
# span 6 =     68.038,    106.150       
# span 7 =   -0.02611,    0.07845       
# span 8 =    5.84682,    6.57863       
# span 9 =    5.84240,    6.58411       
# span 10 =      7.936,      8.062      
# span 11 =    -0.0317,     1.6962      
# span 12 =   10.65099,   11.85563      
# span 13 =   3.512113,   3.969256      
# span 14 = 2.5578e-01, 6.0926e+01      
# span 15 =    24.0863,    25.8290      
# span 16 =    24.0863,    25.8283      
# span 17 = 5.7911e+00, 1.3469e+03      
# span 18 =      2.000,     45.500      
# span 19 =          1,          1      
# span 20 =         72,      15191      
# span 21 =    1483.21,    1501.94      
# span 22 = 1.4901e+03, 2.2985e+03      
# span 23 =  50070.030,  52312.159      
# span 24 =      2.960,    632.906      
# span 25 = 1621609619, 1621610248      
# span 26 =      -0.61,       0.58      
# span 27 =     -0.744,      0.922      
# span 28 =   39.32469,   39.32606      
# span 29 =  -73.36466,  -73.36319      
# span 30 = 0.0000e+00, 0.0000e+00      
# interval = decibars: 0.5              
# start_time = May 21 2021 15:06:56 [System UTC, first data scan.]
# bad_flag = -9.990e-29
*END*
[from data line 141]
     17.863    10.2972    32.6826  1025.1746     2.5681     6.5146    102.672    0.00291    6.34509    6.34681      8.025     0.1384   11.47560   3.609783 2.8866e+00    25.0933    25.0930 6.3318e+01     18.000          1      11665    1488.38 2.1935e+03  51118.990    486.006 1621610102      -0.30     -0.425   39.32570  -73.36426 0.0000e+00
     17.361    10.3668    32.6713  1025.1516     2.5701     6.5208    102.772    0.00292    6.34495    6.34668      8.026     0.1530   11.47539   3.615051 3.0956e+00    25.0727    25.0723 6.8172e+01     17.500          1      11687    1488.60 2.2021e+03  51090.008    486.896 1621610102      -0.06     -0.573   39.32570  -73.36426 0.0000e+00
     16.870    10.4629    32.6794  1025.1392     2.5728     6.5081    102.762    0.00154    6.33316    6.33472      8.026     0.1228   11.45593   3.624147 3.2062e+00    25.0625    25.0622 7.0536e+01     17.000          1      11748    1488.95 2.2000e+03  51083.847    489.461 1621610105       0.04     -0.219   39.32570  -73.36426 0.0000e+00
     16.372    10.5404    32.6762  1025.1212     2.5768     6.5048    102.952    0.00184    6.31831    6.31966      8.025     0.1252   11.43153   3.630921 3.2039e+00    25.0468    25.0465 7.0353e+01     16.500          1      11807    1489.21 2.1958e+03  51065.385    491.898 1621610107      -0.02     -0.262   39.32570  -73.36426 0.0000e+00
     15.880    10.6490    32.6640  1025.0907     2.5873     6.5197    103.612    0.00431    6.29245    6.29345      8.028     0.1099   11.38880   3.639461 3.3358e+00    25.0186    25.0183 7.3641e+01     16.000          1      11874    1489.58 2.2077e+03  51028.885    494.717 1621610110       0.01     -0.159   39.32571  -73.36428 0.0000e+00
     15.388    10.7749    32.6490  1025.0549     2.5980     6.5433    104.246    0.00600    6.27685    6.27766      8.029     0.1110   11.36288   3.649587 3.5235e+00    24.9850    24.9847 7.7357e+01     15.500          1      11916    1490.00 2.1955e+03  50985.384    496.439 1621610112      -0.15     -0.260   39.32572  -73.36428 0.0000e+00
     14.884    10.8360    32.6521  1025.0443     2.6038     6.5695    104.634    0.00725    6.27855    6.27938      8.029     0.1117   11.36568   3.655178 3.8292e+00    24.9767    24.9764 8.3960e+01     15.000          1      11935    1490.21 2.1927e+03  50979.628    497.245 1621610113      -0.26     -0.457   39.32572  -73.36428 0.0000e+00
     14.383    10.9007    32.6555  1025.0333     2.6080     6.5656    104.623    0.00467    6.27552    6.27632      8.031     0.1138   11.36069   3.661525 4.0248e+00    24.9680    24.9677 8.8155e+01     14.500          1      11976    1490.43 2.1905e+03  50972.620    498.964 1621610115      -0.04     -0.471   39.32572  -73.36428 0.0000e+00
     13.897    10.9951    32.6633  1025.0205     2.6120     6.5355    104.428    0.00042    6.25840    6.25897      8.032     0.1011   11.33239   3.670165 3.8275e+00    24.9575    24.9572 8.4006e+01     14.000          1      12073    1490.77 2.1948e+03  50967.371    502.985 1621610119      -0.22     -0.270   39.32573  -73.36429 0.0000e+00
     13.396    11.0137    32.6602  1025.0125     2.6142     6.5459    104.634    0.00166    6.25599    6.25653      8.032     0.1105   11.32837   3.671630 4.1963e+00    24.9518    24.9515 9.2199e+01     13.500          1      12094    1490.82 2.1972e+03  50959.490    503.867 1621610119      -0.14     -0.451   39.32574  -73.36430 0.0000e+00
     12.897    11.0747    32.6563  1024.9964     2.6190     6.5521    104.942    0.00290    6.24359    6.24396      8.033     0.0957   11.30794   3.676767 4.2615e+00    24.9379    24.9376 9.3532e+01     13.000          1      12129    1491.02 2.1948e+03  50943.609    505.333 1621610121       0.05     -0.412   39.32574  -73.36430 0.0000e+00
     12.409    11.2760    32.6420  1024.9471     2.6377     6.5488    106.073    0.00727    6.17380    6.17326      8.031     0.0960   11.19279   3.694596 4.0859e+00    24.8909    24.8907 8.9734e+01     12.500          1      12218    1491.70 2.1962e+03  50890.393    509.056 1621610125      -0.20     -0.102   39.32574  -73.36430 0.0000e+00
     11.906    11.5729    32.6165  1024.8712     2.6388     6.5262    105.749    0.00246    6.17140    6.17084      8.030     0.1027   11.18857   3.718891 4.6715e+00    24.8174    24.8171 1.0252e+02     12.000          1      12250    1492.70 2.1945e+03  50806.982    510.370 1621610126      -0.02     -0.330   39.32575  -73.36431 0.0000e+00
     11.412    11.7646    32.6189  1024.8358     2.6361     6.4925    105.377   -0.00031    6.16119    6.16051      8.028     0.1127   11.17171   3.735861 4.7116e+00    24.7842    24.7839 1.0351e+02     11.500          1      12332    1493.36 2.1971e+03  50780.265    513.795 1621610129       0.01     -0.155   39.32576  -73.36432 0.0000e+00
     10.918    11.9023    32.6346  1024.8202     2.6359     6.4507    105.361    0.00044    6.12249    6.12134      8.026     0.0700   11.10744   3.749323 4.6495e+00    24.7709    24.7706 1.0216e+02     11.000          1      12438    1493.84 2.1974e+03  50780.998    518.207 1621610134      -0.06     -0.159   39.32576  -73.36432 0.0000e+00
     10.417    12.0856    32.6298  1024.7799     2.6370     6.4586    105.442    0.00072    6.12527    6.12416      8.031     0.0925   11.11193   3.766085 5.2107e+00    24.7329    24.7327 1.1420e+02     10.500          1      12615    1494.46 2.1917e+03  50746.620    525.595 1621610141      -0.05     -0.276   39.32579  -73.36434 0.0000e+00
      9.923    12.2491    32.6375  1024.7530     2.6430     6.4287    105.606   -0.00003    6.08748    6.08590      8.035     0.0903   11.04953   3.780596 4.6485e+00    24.7082    24.7080 1.0260e+02     10.000          1      13740    1495.02 2.2077e+03  50733.076    572.444 1621610188      -0.03     -0.297   39.32590  -73.36447 0.0000e+00
      9.428    12.2806    32.6345  1024.7424     2.6511     6.4272    106.150    0.00275    6.05485    6.05285      8.034     0.0980   10.99563   3.783276 4.0905e+00    24.6999    24.6997 9.0187e+01      9.500          1      14080    1495.12 2.2048e+03  50724.489    586.632 1621610202      -0.13     -0.401   39.32595  -73.36452 0.0000e+00
      8.927    12.4547    32.6244  1024.6991     2.6502     6.4159    106.008    0.00146    6.05226    6.05024      8.032     0.0732   10.99131   3.799272 4.1463e+00    24.6588    24.6586 9.1499e+01      9.000          1      14108    1495.69 2.2068e+03  50684.940    587.792 1621610203       0.05     -0.442   39.32596  -73.36452 0.0000e+00
      8.444    12.8021    32.6133  1024.6214     2.6413     6.3268    105.184   -0.00263    6.01504    6.01257      8.031     0.0390   10.92958   3.829351 3.7326e+00    24.5835    24.5832 8.2400e+01      8.500          1      14205    1496.84 2.2076e+03  50621.152    591.842 1621610207      -0.25     -0.061   39.32597  -73.36454 0.0000e+00
      7.943    12.8536    32.6132  1024.6090     2.6416     6.3201    105.303   -0.00094    6.00186    5.99922      8.030     0.0424   10.90800   3.833596 3.9703e+00    24.5733    24.5731 8.7562e+01      8.000          1      14222    1497.01 2.2054e+03  50613.729    592.550 1621610208      -0.38     -0.402   39.32598  -73.36454 0.0000e+00
      7.438    12.9095    32.6088  1024.5923     2.6398     6.2356    105.115   -0.00094    5.93220    5.92874      8.025     0.0562   10.79283   3.838803 4.4023e+00    24.5589    24.5587 9.7019e+01      7.500          1      14239    1497.18 2.2038e+03  50599.610    593.253 1621610209      -0.22     -0.621   39.32598  -73.36454 0.0000e+00
      6.942    12.9919    32.6093  1024.5744     2.6448     6.2364    105.423    0.00033    5.91561    5.91196      8.022     0.0452   10.76505   3.845996 4.9068e+00    24.5432    24.5430 1.0824e+02      7.000          1      14260    1497.45 2.2060e+03  50588.833    594.139 1621610210       0.09     -0.653   39.32598  -73.36454 0.0000e+00
      6.449    13.3118    32.5929  1024.4955     2.6473     6.2491    105.806    0.00423    5.90604    5.90229      8.018     0.0560   10.74916   3.875869 4.8862e+00    24.4665    24.4664 1.0805e+02      6.500          1      14305    1498.48 2.2113e+03  50525.882    595.985 1621610212       0.12     -0.358   39.32598  -73.36454 0.0000e+00
      5.959    14.0371    32.5699  1024.3291     2.6161     6.0648    103.199   -0.01046    5.87683    5.87274      8.015     0.0287   10.70090   3.939607 4.8633e+00    24.3024    24.3022 1.0760e+02      6.000          1      14388    1500.84 2.2125e+03  50403.564    599.450 1621610215      -0.29     -0.157   39.32600  -73.36456 0.0000e+00
      5.457    14.1078    32.5662  1024.3092     2.6067     6.0313    102.672   -0.01138    5.87431    5.87020      8.014     0.0398   10.69669   3.944125 5.4530e+00    24.2848    24.2847 1.2060e+02      5.500          1      14409    1501.06 2.2117e+03  50390.627    600.353 1621610216      -0.18     -0.431   39.32600  -73.36456 0.0000e+00
      4.961    14.1229    32.5699  1024.3067     2.6004     6.0161    102.577   -0.00810    5.86495    5.86072      8.012     0.0031   10.68120   3.945942 6.2003e+00    24.2845    24.2844 1.3693e+02      5.000          1      14434    1501.10 2.2085e+03  50393.553    601.372 1621610217       0.00     -0.500   39.32600  -73.36458 0.0000e+00
      4.464    14.1487    32.5688  1024.2983     2.5981     6.0244    102.763   -0.00373    5.86242    5.85816      8.009     0.0327   10.67698   3.947615 6.7368e+00    24.2783    24.2782 1.4861e+02      4.500          1      14460    1501.18 2.2060e+03  50388.927    602.465 1621610218       0.03     -0.474   39.32600  -73.36458 0.0000e+00
      3.969    14.2400    32.5680  1024.2765     2.5938     6.0176    102.669   -0.00187    5.86112    5.85685      8.013    -0.0082   10.67482   3.955906 5.7915e+00    24.2587    24.2586 1.2802e+02      4.000          1      14512    1501.47 2.2105e+03  50377.033    604.639 1621610220       0.06     -0.244   39.32600  -73.36458 0.0000e+00
      3.473    14.2897    32.5672  1024.2632     2.5898     6.0055    102.479   -0.00160    5.86022    5.85594      8.013    -0.0125   10.67330   3.959766 6.3385e+00    24.2477    24.2476 1.3966e+02      3.500          1      14569    1501.62 2.2035e+03  50369.994    607.011 1621610223      -0.18     -0.238   39.32600  -73.36458 0.0000e+00
      2.978    14.3011    32.5666  1024.2582     2.5876     5.9946    102.373   -0.00148    5.85570    5.85137      8.012    -0.0297   10.66581   3.960339 1.0841e+01    24.2449    24.2448 2.3936e+02      3.000          1      14606    1501.65 2.2072e+03  50367.645    608.553 1621610224       0.04     -0.338   39.32602  -73.36459 0.0000e+00
      2.485    14.2838    32.5704  1024.2625     2.5891     5.9993    102.571    0.00051    5.84889    5.84449      8.011    -0.0317   10.65452   3.959299 3.6162e+01    24.2514    24.2513 7.9973e+02      2.500          1      14637    1501.59 2.2117e+03  50374.552    609.813 1621610225      -0.13     -0.340   39.32602  -73.36460 0.0000e+00
      1.971    14.3953    32.5733  1024.2391     2.5954     6.0165    102.902    0.00079    5.84682    5.84240      8.012    -0.0290   10.65099   3.969256 6.0926e+01    24.2303    24.2302 1.3469e+03      2.000          1      15191    1501.94 2.2104e+03  50365.795    632.906 1621610248      -0.11     -0.410   39.32606  -73.36466 0.0000e+00
