CalculateIndicators/WaterTemperature/Data/CTD_NYOS/20210524_C22.cnv
* Sea-Bird SBE 9 Data File:
* FileName = C:\Seabird 9 CTD\Data\2021\202105_offshore\20210524_C22.hex
* Software Version Seasave V 7.23.2
* Temperature SN = 4590
* Conductivity SN = 3228
* Number of Bytes Per Scan = 44
* Number of Voltage Words = 5
* Number of Scans Averaged by the Deck Unit = 1
* NMEA Latitude = 40 05.66 N
* NMEA Longitude = 072 36.86 W
* NMEA UTC (Time) = May 24 2021  04:44:36
* NMEA baud rate = 4800
** Ship: seawolf
** Station: 4.3
** Operator: sjw
# nquan = 31
# nvalues = 205                         
# units = specified
# name 0 = depSM: Depth [salt water, m]
# name 1 = t090C: Temperature [ITS-90, deg C]
# name 2 = sal00: Salinity, Practical [PSU]
# name 3 = density00: Density [density, kg/m^3]
# name 4 = sbeox0V: Oxygen raw, SBE 43 [V]
# name 5 = sbeox0ML/L: Oxygen, SBE 43 [ml/l]
# name 6 = sbeox0PS: Oxygen, SBE 43 [% saturation]
# name 7 = sbox0dV/dT: Oxygen, SBE 43 [dov/dt]
# name 8 = oxsolML/L: Oxygen Saturation, Garcia & Gordon [ml/l]
# name 9 = oxsatML/L: Oxygen Saturation, Weiss [ml/l]
# name 10 = ph: pH
# name 11 = flECO-AFL: Fluorescence, WET Labs ECO-AFL/FL [mg/m^3]
# name 12 = n2satML/L: Nitrogen Saturation [ml/l]
# name 13 = c0S/m: Conductivity [S/m]
# name 14 = cpar: CPAR/Corrected Irradiance [%]
# name 15 = sigma-é00: Density [sigma-theta, kg/m^3]
# name 16 = sigma-t00: Density [sigma-t, kg/m^3 ]
# name 17 = par: PAR/Irradiance, Biospherical/Licor
# name 18 = prDM: Pressure, Digiquartz [db]
# name 19 = pumps: Pump Status
# name 20 = scan: Scan Count
# name 21 = svCM: Sound Velocity [Chen-Millero, m/s]
# name 22 = spar: SPAR, Biospherical/Licor
# name 23 = specc: Specific Conductance [uS/cm]
# name 24 = timeS: Time, Elapsed [seconds]
# name 25 = timeY: Time, System [seconds]
# name 26 = accM: Acceleration [m/s^2]
# name 27 = dz/dtM: Descent Rate [m/s]
# name 28 = latitude: Latitude [deg]
# name 29 = longitude: Longitude [deg]
# name 30 = flag: flag
# span 0 =      1.460,     52.594       
# span 1 =     7.0976,    15.4319       
# span 2 =    31.3092,    33.8146       
# span 3 =  1023.0466,  1026.3369       
# span 4 =     1.9632,     3.1507       
# span 5 =     4.9030,     7.7561       
# span 6 =     73.417,    134.958       
# span 7 =   -0.22902,    0.08972       
# span 8 =    5.74286,    6.82531       
# span 9 =    5.73713,    6.83425       
# span 10 =      7.857,      8.060      
# span 11 =     0.0672,     0.8972      
# span 12 =   10.48209,   12.26580      
# span 13 =   3.356531,   4.026783      
# span 14 = -1.847e+04, 1.0300e+05      
# span 15 =    23.0355,    26.0950      
# span 16 =    23.0354,    26.0943      
# span 17 = -2.929e-02, 4.9509e-02      
# span 18 =      1.500,     53.000      
# span 19 =          1,          1      
# span 20 =        168,      11162      
# span 21 =    1477.21,    1504.84      
# span 22 = -5.922e-02, 2.3394e+00      
# span 23 =  48505.153,  52772.539      
# span 24 =      6.971,    465.053      
# span 25 = 1621831481, 1621831939      
# span 26 =      -0.98,       0.54      
# span 27 =     -1.208,      1.078      
# span 28 =   40.09287,   40.09434      
# span 29 =  -72.61784,  -72.61452      
# span 30 = 0.0000e+00, 0.0000e+00      
# interval = decibars: 0.5              
# start_time = May 24 2021 04:44:34 [System UTC, first data scan.]
# bad_flag = -9.990e-29
*END*
      2.481    15.4319    31.3092  1023.0466     2.8388     6.6825    115.636    0.01705    5.77872    5.77278 -9.990e-29     0.1002   10.55349   3.925344 5.0640e-11    23.0355    23.0354 1.0000e-12      2.500          1        168    1503.79 -9.990e-29  48505.153      6.971 1621831481       0.13      0.088   40.09434  -72.61452 0.0000e+00
      2.977    15.4319    31.5408  1023.2269     2.9704     7.1488    124.190    0.04975    5.75727    5.75145      8.013     0.1071   10.51076   3.948635 5.0640e-11    23.2137    23.2136 1.0000e-12      3.000          1        357    1504.07 1.9747e+00  48825.314     14.840 1621831489       0.12      0.237   40.09431  -72.61457 0.0000e+00
      3.467    15.4239    31.9727  1023.5630     3.1013     7.6521    133.174    0.08972    5.74583    5.74010      8.013     0.0888   10.48768   3.998561 5.0640e-11    23.5476    23.5475 1.0000e-12      3.500          1        408    1504.55 1.9747e+00  49428.250     16.956 1621831491       0.10      0.448   40.09430  -72.61458 0.0000e+00
      3.974    15.4283    32.0977  1023.6605     3.1507     7.7561    134.958    0.08014    5.74705    5.74131      8.013     0.1078   10.49001   4.011318 5.0640e-11    23.6428    23.6427 1.0000e-12      4.000          1        425    1504.72 1.9747e+00  49600.971     17.672 1621831492       0.14      0.553   40.09430  -72.61459 0.0000e+00
      4.468    15.4123    32.1441  1023.7019     3.1442     7.4843    130.179    0.01158    5.74940    5.74371      8.013     0.1018   10.49355   4.014826 5.0640e-11    23.6820    23.6819 1.0000e-12      4.500          1        467    1504.73 1.9747e+00  49666.962     19.399 1621831493      -0.13      0.389   40.09430  -72.61460 0.0000e+00
      4.946    15.3675    32.2215  1023.7734     2.7328     5.4376     94.449   -0.22902    5.75689    5.75134      8.015     0.1163   10.50491   4.019413 -9.990e-29    23.7514    23.7512 1.0000e-12      5.000          1        548    1504.69 -9.990e-29  49778.803     22.785 1621831497       0.32      0.062   40.09428  -72.61463 0.0000e+00
      5.459    15.3473    32.2434  1023.7970     2.6615     5.4185     94.125   -0.18102    5.75673    5.75116      8.015     0.1106   10.50487   4.019652 -9.990e-29    23.7726    23.7725 1.0000e-12      5.500          1        558    1504.66 -9.990e-29  49811.059     23.222 1621831497       0.52      0.416   40.09428  -72.61464 0.0000e+00
      5.960    15.3166    32.2632  1023.8212     2.5886     5.3628     93.047   -0.14307    5.76349    5.75803      8.015     0.1095   10.51538   4.018910 -9.990e-29    23.7946    23.7944 1.0000e-12      6.000          1        575    1504.59 -9.990e-29  49842.249     23.926 1621831498       0.22      0.689   40.09428  -72.61464 0.0000e+00
      6.446    15.3015    32.2645  1023.8276     2.5229     5.3648     93.009   -0.09488    5.76804    5.76265      8.016     0.1527   10.52251   4.017770 9.9999e+04    23.7989    23.7987 1.0000e-12      6.500          1        597    1504.55 0.0000e+00  49845.309     24.831 1621831499      -0.19      0.655   40.09428  -72.61464 0.0000e+00
      6.936    15.2816    32.2748  1023.8421     2.4788     5.3448     92.706   -0.06693    5.76531    5.75987      8.016     0.1245   10.51834   4.016894 9.9999e+04    23.8112    23.8110 1.0000e-12      7.000          1        616    1504.51 0.0000e+00  49862.168     25.610 1621831500       0.02      0.557   40.09428  -72.61464 0.0000e+00
      7.449    15.2812    32.2635  1023.8357     2.4394     5.2562     91.204   -0.06060    5.76308    5.75761      8.016     0.1073   10.51488   4.015879 9.9999e+04    23.8025    23.8023 1.0000e-12      7.500          1        629    1504.51 0.0000e+00  49846.494     26.179 1621831500       0.26      0.659   40.09426  -72.61464 0.0000e+00
      7.952    15.1872    32.3398  1023.9171     2.3744     5.1496     89.051   -0.04578    5.78250    5.77731      8.018     0.1208   10.54564   4.015425 9.9999e+04    23.8817    23.8815 1.0000e-12      8.000          1        669    1504.30 0.0000e+00  49961.822     27.844 1621831502       0.19      0.621   40.09426  -72.61465 0.0000e+00
      8.437    15.1049    32.3669  1023.9580     2.3367     5.3904     91.216    0.01070    5.90930    5.90610      8.027     0.1353   10.74592   4.010637 9.9999e+04    23.9204    23.9201 1.0000e-12      8.500          1        745    1504.08 0.0000e+00  50007.630     30.989 1621831505       0.23      0.467   40.09424  -72.61468 0.0000e+00
      8.926    15.0448    32.3764  1023.9805     2.3442     5.4854     91.699    0.01029    5.98198    5.98002      8.035     0.1492   10.86025   4.006149 9.9999e+04    23.9407    23.9404 1.0000e-12      9.000          1        771    1503.91 0.0000e+00  50027.474     32.071 1621831506      -0.06      0.504   40.09424  -72.61470 0.0000e+00
      9.412    14.9749    32.3974  1024.0139     2.3434     5.4555     91.239    0.00465    5.97935    5.97735      8.036     0.1746   10.85585   4.001735 9.9999e+04    23.9719    23.9716 1.0000e-12      9.500          1        790    1503.72 0.0000e+00  50062.046     32.861 1621831507       0.12      0.500   40.09424  -72.61470 0.0000e+00
      9.917    14.6280    32.6511  1024.2857     2.3424     5.4326     90.886    0.00055    5.97735    5.97534      8.036     0.1762   10.85241   3.996643 9.9999e+04    24.2414    24.2411 1.0000e-12     10.000          1        802    1502.91 0.0000e+00  50452.946     33.354 1621831507       0.38      0.625   40.09424  -72.61470 0.0000e+00
     10.427    14.0257    33.0894  1024.7522     2.3359     5.4075     90.325   -0.00288    5.98669    5.98473      8.038     0.1394   10.86893   3.985595 9.9999e+04    24.7056    24.7053 1.0000e-12     10.500          1        812    1501.49 0.0000e+00  51125.311     33.788 1621831508       0.48      0.824   40.09424  -72.61470 0.0000e+00
     10.935    13.2359    33.6645  1025.3602     2.3176     5.3250     88.782   -0.01179    5.99785    5.99601      8.040     0.1387   10.88779   3.972567 9.9999e+04    25.3112    25.3109 1.0000e-12     11.000          1        825    1499.57 0.0000e+00  52028.555     34.345 1621831508       0.16      1.008   40.09424  -72.61470 0.0000e+00
     11.417    12.8028    33.8146  1025.5651     2.2070     4.9030     81.177   -0.04157    6.04027    6.03869      8.042     0.1507   10.96200   3.947762 5.2737e+04    25.5139    25.5136 1.0000e-12     11.500          1        889    1498.32 9.3330e-01  52293.126     37.002 1621831511       0.29      0.248   40.09422  -72.61472 0.0000e+00
     11.899    12.6157    33.6521  1025.4780     2.1869     5.0879     83.377   -0.00011    6.10173    6.10062      8.048     0.1717   11.06842   3.913679 -9.425e+03    25.4246    25.4243 1.0000e-12     12.000          1        951    1497.50 2.1608e+00  52094.896     39.581 1621831513      -0.01      0.177   40.09422  -72.61474 0.0000e+00
     12.397    12.5091    33.3169  1025.2412     2.2359     5.4393     88.838    0.03970    6.12275    6.12171      8.048     0.1760   11.10611   3.866423 5.0640e-11    25.1854    25.1851 1.0000e-12     12.500          1        974    1496.75 1.9747e+00  51642.774     40.538 1621831514       0.54      0.298   40.09422  -72.61474 0.0000e+00
     12.904    12.3917    33.2560  1025.2188     2.2529     5.5061     89.811    0.04137    6.13069    6.12967      8.048     0.1493   11.12053   3.853661 5.0640e-11    25.1607    25.1604 1.0000e-12     13.000          1        987    1496.29 1.9747e+00  51576.169     41.100 1621831515       0.51      0.622   40.09420  -72.61476 0.0000e+00
     13.400    12.2770    33.2399  1025.2306     2.2805     5.5716     90.796    0.03645    6.13643    6.13542      8.048     0.1429   11.13086   3.840417 5.0640e-11    25.1703    25.1699 1.0000e-12     13.500          1       1003    1495.89 1.9747e+00  51571.852     41.738 1621831516       0.12      0.814   40.09420  -72.61476 0.0000e+00
     13.894    12.2026    33.1214  1025.1551     2.3224     5.7404     93.478    0.04446    6.14093    6.13995      8.048     0.1409   11.13873   3.819476 5.0640e-11    25.0924    25.0921 1.0000e-12     14.000          1       1020    1495.51 1.9747e+00  51418.187     42.474 1621831516      -0.14      0.778   40.09420  -72.61476 0.0000e+00
     14.391    12.1230    32.8392  1024.9535     2.3697     5.9336     96.607    0.05496    6.14206    6.14106      8.049     0.1617   11.14108   3.783965 5.0640e-11    24.8886    24.8882 1.0000e-12     14.500          1       1041    1494.90 1.9747e+00  51034.032     43.321 1621831517      -0.12      0.659   40.09420  -72.61476 0.0000e+00
     14.884    12.0705    32.6582  1024.8251     2.4268     6.1208     99.649    0.05819    6.14238    6.14137      8.049     0.1616   11.14189   3.761831 6.4494e+04    24.7579    24.7576 1.0000e-12     15.000          1       1064    1494.52 7.0113e-01  50791.669     44.281 1621831518      -0.08      0.556   40.09420  -72.61478 0.0000e+00
     15.386    12.0361    32.5821  1024.7748     2.4820     6.2869    102.284    0.05707    6.14654    6.14558      8.050     0.1532   11.14889   3.751906 9.7978e+04    24.7053    24.7050 1.0000e-12     15.500          1       1088    1494.32 3.9904e-02  50690.044     45.292 1621831519      -0.03      0.515   40.09420  -72.61478 0.0000e+00
     15.870    12.0223    32.5047  1024.7195     2.5596     6.4257    104.131    0.03071    6.17086    6.17019      8.050     0.1600   11.18933   3.743667 4.8645e+04    24.6478    24.6474 1.0000e-12     16.000          1       1144    1494.18 1.0141e+00  50584.471     47.626 1621831522      -0.04      0.153   40.09419  -72.61480 0.0000e+00
     16.373    11.9969    32.4951  1024.7191     2.5713     6.4147    103.580    0.01551    6.19301    6.19262      8.052     0.1552   11.22595   3.740436 4.4500e+02    24.6451    24.6448 1.0000e-12     16.500          1       1170    1494.09 1.9659e+00  50574.781     48.718 1621831523       0.36      0.349   40.09418  -72.61480 0.0000e+00
     16.867    11.8557    32.5062  1024.7562     2.5795     6.4359    103.654    0.01092    6.20901    6.20883      8.052     0.1648   11.25248   3.727882 5.0640e-11    24.6800    24.6796 1.0000e-12     17.000          1       1190    1493.63 1.9747e+00  50612.104     49.562 1621831524       0.13      0.563   40.09418  -72.61480 0.0000e+00
     17.364    11.8209    32.4852  1024.7486     2.5824     6.4324    103.559    0.00780    6.21133    6.21115      8.052     0.1970   11.25654   3.723960 5.0640e-11    24.6701    24.6697 1.0000e-12     17.500          1       1210    1493.49 1.9747e+00  50588.030     50.360 1621831524       0.02      0.604   40.09418  -72.61482 0.0000e+00
     17.862    11.7797    32.4861  1024.7591     2.5855     6.4251    103.426    0.00421    6.21221    6.21205      8.053     0.1696   11.25801   3.719248 5.0640e-11    24.6784    24.6780 1.0000e-12     18.000          1       1228    1493.36 1.9747e+00  50595.730     51.119 1621831525       0.05      0.634   40.09418  -72.61482 0.0000e+00
     18.364    11.6186    32.4932  1024.7965     2.5918     6.4593    103.826    0.00515    6.22126    6.22122      8.053     0.1813   11.27284   3.705399 5.0640e-11    24.7134    24.7130 1.0000e-12     18.500          1       1248    1492.82 1.9747e+00  50631.015     51.938 1621831526      -0.03      0.647   40.09418  -72.61482 0.0000e+00
     18.850    11.4494    32.4875  1024.8251     2.5943     6.5771    103.757    0.00026    6.33932    6.34083      8.058     0.2519   11.46796   3.689985 5.0640e-11    24.7398    24.7394 1.0000e-12     19.000          1       1304    1492.23 1.9747e+00  50649.788     54.303 1621831528       0.07      0.211   40.09417  -72.61484 0.0000e+00
     19.350    11.2783    32.4902  1024.8603     2.5828     6.5855    102.555   -0.00907    6.42142    6.42402      8.060     0.3082   11.60381   3.673764 5.0640e-11    24.7726    24.7722 1.0000e-12     19.500          1       1338    1491.64 1.9747e+00  50681.156     55.720 1621831530       0.52      0.347   40.09416  -72.61485 0.0000e+00
     19.848    11.0428    32.4970  1024.9098     2.5728     6.5626    101.822   -0.01228    6.44522    6.44814      8.058     0.3471   11.64324   3.652766 5.0640e-11    24.8198    24.8193 1.0000e-12     20.000          1       1356    1490.84 1.9747e+00  50729.912     56.452 1621831530       0.23      0.632   40.09416  -72.61486 0.0000e+00
     20.338    10.7264    32.5089  1024.9767     2.5674     6.5591    101.647   -0.01137    6.45278    6.45578      8.057     0.3479   11.65609   3.623210 5.0640e-11    24.8843    24.8839 1.0000e-12     20.500          1       1375    1489.74 1.9747e+00  50799.983     57.254 1621831531      -0.07      0.669   40.09416  -72.61486 0.0000e+00
     20.832    10.2193    32.5336  1025.0851     2.5635     6.5700    101.806   -0.00730    6.45347    6.45647      8.057     0.3311   11.65732   3.579740 5.0640e-11    24.9903    24.9899 1.0000e-12     21.000          1       1392    1487.97 1.9747e+00  50925.768     57.949 1621831532       0.04      0.642   40.09416  -72.61488 0.0000e+00
     21.335    10.0022    32.5264  1025.1182     2.5624     6.5851    101.956   -0.00497    6.45877    6.46186      8.057     0.3176   11.66594   3.561392 5.0640e-11    25.0209    25.0206 1.0000e-12     21.500          1       1405    1487.18 1.9747e+00  50955.536     58.511 1621831532       0.20      0.713   40.09416  -72.61488 0.0000e+00
     21.842     9.8690    32.5225  1025.1395     2.5634     6.6079    102.224   -0.00258    6.46410    6.46725      8.055     0.3282   11.67474   3.549255 5.0640e-11    25.0399    25.0395 1.0000e-12     22.000          1       1420    1486.70 1.9747e+00  50975.277     59.121 1621831533       0.12      0.829   40.09414  -72.61488 0.0000e+00
     22.327     9.6543    32.5042  1025.1627     2.5628     6.6770    102.420   -0.00117    6.51930    6.52322      8.053     0.3611   11.76599   3.530578 5.0640e-11    25.0608    25.0604 1.0000e-12     22.500          1       1490    1485.91 1.9747e+00  50991.253     62.038 1621831536       0.00      0.212   40.09414  -72.61489 0.0000e+00
     22.817     9.5035    32.4987  1025.1850     2.5513     6.6403    101.416   -0.00684    6.54758    6.55193      8.050     0.2869   11.81234   3.516535 5.0640e-11    25.0808    25.0804 1.0000e-12     23.000          1       1542    1485.36 1.9747e+00  51013.205     64.189 1621831538       0.16      0.258   40.09414  -72.61490 0.0000e+00
     23.314     9.2774    32.5042  1025.2278     2.5495     6.6609    101.487   -0.00547    6.56332    6.56791      8.052     0.2510   11.83816   3.496292 5.0640e-11    25.1211    25.1208 1.0000e-12     23.500          1       1562    1484.54 1.9747e+00  51066.673     65.061 1621831539       0.22      0.438   40.09414  -72.61492 0.0000e+00
     23.811     9.1218    32.5062  1025.2562     2.5478     6.6899    101.721   -0.00224    6.57668    6.58148      8.052     0.2388   11.86009   3.483544 5.0640e-11    25.1472    25.1468 1.0000e-12     24.000          1       1579    1483.98 1.9747e+00  51101.529     65.748 1621831540       0.22      0.590   40.09413  -72.61492 0.0000e+00
     24.306     9.0871    32.5225  1025.2767     2.5455     6.6943    101.633   -0.00218    6.58677    6.59171      8.052     0.2396   11.87676   3.483458 5.0640e-11    25.1654    25.1650 1.0000e-12     24.500          1       1593    1483.88 1.9747e+00  51132.284     66.338 1621831540       0.20      0.715   40.09412  -72.61492 0.0000e+00
     24.802     9.0951    32.5386  1025.2903     2.5425     6.6764    101.355   -0.00361    6.58709    6.59201      8.051     0.2402   11.87738   3.485675 3.0461e+03    25.1768    25.1764 1.0000e-12     25.000          1       1605    1483.94 1.9145e+00  51153.711     66.853 1621831541       0.20      0.815   40.09412  -72.61493 0.0000e+00
