CalculateIndicators/WaterTemperature/Data/CTD_NYOS/20210524_C28.cnv
* Sea-Bird SBE 9 Data File:
* FileName = C:\Seabird 9 CTD\Data\2021\202105_offshore\20210524_C28.hex
* Software Version Seasave V 7.23.2
* Temperature SN = 4590
* Conductivity SN = 3228
* Number of Bytes Per Scan = 44
* Number of Voltage Words = 5
* Number of Scans Averaged by the Deck Unit = 1
* NMEA Latitude = 39 47.09 N
* NMEA Longitude = 072 08.78 W
* NMEA UTC (Time) = May 24 2021  23:20:28
* NMEA baud rate = 4800
** Ship: seawolf
** Station: 3.4
** Operator: eih
# nquan = 31
# nvalues = 388                         
# units = specified
# name 0 = depSM: Depth [salt water, m]
# name 1 = t090C: Temperature [ITS-90, deg C]
# name 2 = sal00: Salinity, Practical [PSU]
# name 3 = density00: Density [density, kg/m^3]
# name 4 = sbeox0V: Oxygen raw, SBE 43 [V]
# name 5 = sbeox0ML/L: Oxygen, SBE 43 [ml/l]
# name 6 = sbeox0PS: Oxygen, SBE 43 [% saturation]
# name 7 = sbox0dV/dT: Oxygen, SBE 43 [dov/dt]
# name 8 = oxsolML/L: Oxygen Saturation, Garcia & Gordon [ml/l]
# name 9 = oxsatML/L: Oxygen Saturation, Weiss [ml/l]
# name 10 = ph: pH
# name 11 = flECO-AFL: Fluorescence, WET Labs ECO-AFL/FL [mg/m^3]
# name 12 = n2satML/L: Nitrogen Saturation [ml/l]
# name 13 = c0S/m: Conductivity [S/m]
# name 14 = cpar: CPAR/Corrected Irradiance [%]
# name 15 = sigma-é00: Density [sigma-theta, kg/m^3]
# name 16 = sigma-t00: Density [sigma-t, kg/m^3 ]
# name 17 = par: PAR/Irradiance, Biospherical/Licor
# name 18 = prDM: Pressure, Digiquartz [db]
# name 19 = pumps: Pump Status
# name 20 = scan: Scan Count
# name 21 = svCM: Sound Velocity [Chen-Millero, m/s]
# name 22 = spar: SPAR, Biospherical/Licor
# name 23 = specc: Specific Conductance [uS/cm]
# name 24 = timeS: Time, Elapsed [seconds]
# name 25 = timeY: Time, System [seconds]
# name 26 = accM: Acceleration [m/s^2]
# name 27 = dz/dtM: Descent Rate [m/s]
# name 28 = latitude: Latitude [deg]
# name 29 = longitude: Longitude [deg]
# name 30 = flag: flag
# span 0 =      2.464,     98.736       
# span 1 =     6.8561,    13.1606       
# span 2 =    32.2837,    34.5108       
# span 3 =  1024.2844,  1026.8617       
# span 4 =     2.0058,     2.8245       
# span 5 =     4.6917,     7.0956       
# span 6 =     75.490,    115.650       
# span 7 =   -0.08139,    0.08270       
# span 8 =    5.99031,    6.86186       
# span 9 =    5.98764,    6.87137       
# span 10 =      7.901,      8.122      
# span 11 =    -0.0529,     1.0515      
# span 12 =   10.88724,   12.32602      
# span 13 =   3.337066,   3.873029      
# span 14 = -4.320e-05, 8.4181e+00      
# span 15 =    24.2711,    26.4153      
# span 16 =    24.2710,    26.4132      
# span 17 = -2.252e-04, 3.1260e+01      
# span 18 =      2.500,     99.500      
# span 19 =          1,          1      
# span 20 =        131,      18205      
# span 21 =    1476.39,    1498.12      
# span 22 = 2.8095e+02, 8.4052e+02      
# span 23 =  50119.844,  53619.470      
# span 24 =      5.409,    758.512      
# span 25 = 1621898430, 1621899183      
# span 26 =      -1.59,       1.21      
# span 27 =     -2.058,      1.794      
# span 28 =   39.78316,   39.78486      
# span 29 =  -72.14966,  -72.14650      
# span 30 = 0.0000e+00, 0.0000e+00      
# interval = decibars: 0.5              
# start_time = May 24 2021 23:20:25 [System UTC, first data scan.]
# bad_flag = -9.990e-29
*END*
[from data line 47]
     26.291     8.5315    32.8226  1025.6064     2.5823     6.8598    102.339   -0.01654    6.70305    6.70995      8.067     0.6202   12.06578   3.462878 4.9970e-01    25.4858    25.4854 3.9732e+00     26.500          1       1362    1482.22 7.9512e+02  51678.093     56.728 1621898481       0.81      0.526   39.78472  -72.14671 0.0000e+00
     26.794     8.4830    32.8244  1025.6175     2.5743     6.8294    101.837   -0.01772    6.70618    6.71313      8.062     0.6186   12.07099   3.458963 4.6481e-01    25.4945    25.4941 3.6600e+00     27.000          1       1373    1482.04 7.8735e+02  51691.815     57.153 1621898482       0.64      0.837   39.78472  -72.14672 0.0000e+00
     27.293     8.4350    32.8254  1025.6278     2.5649     6.7958    101.282   -0.01871    6.70981    6.71681      8.059     0.5891   12.07697   3.454557 4.3106e-01    25.5025    25.5021 3.3480e+00     27.500          1       1383    1481.87 7.7664e+02  51704.162     57.589 1621898482       0.35      1.049   39.78472  -72.14672 0.0000e+00
     27.789     8.3494    32.8300  1025.6465     2.5542     6.7485    100.613   -0.02019    6.70738    6.71434      8.058     0.5919   12.07302   3.446696 4.1267e-01    25.5189    25.5185 3.1122e+00     28.000          1       1395    1481.56 7.5418e+02  51730.384     58.066 1621898483       0.05      1.134   39.78472  -72.14672 0.0000e+00
     28.283     8.1965    32.8363  1025.6765     2.5426     6.6969     99.906   -0.02146    6.70324    6.71013      8.056     0.5913   12.06625   3.433541 4.3555e-01    25.5465    25.5461 2.9209e+00     28.500          1       1407    1481.01 6.7171e+02  51774.775     58.598 1621898483      -0.16      1.090   39.78472  -72.14672 0.0000e+00
     28.781     8.0552    32.8446  1025.7061     2.5326     6.6548     99.422   -0.02117    6.69343    6.70018      8.055     0.5866   12.05005   3.421569 4.8299e-01    25.5737    25.5733 2.7519e+00     29.000          1       1421    1480.49 5.7065e+02  51820.045     59.179 1621898484      -0.19      0.981   39.78470  -72.14672 0.0000e+00
     29.284     7.9328    32.8417  1025.7240     2.5232     6.6303     99.315   -0.01705    6.67600    6.68248      8.057     0.5792   12.02128   3.411682 5.1670e-01    25.5893    25.5888 2.6434e+00     29.500          1       1439    1480.03 5.1208e+02  51845.072     59.933 1621898485      -0.22      0.836   39.78470  -72.14672 0.0000e+00
     29.769     7.8801    32.8345  1025.7283     2.4986     6.6444     98.795   -0.01090    6.72551    6.73278      8.039     0.8582   12.10256   3.407911 3.0976e-01    25.5912    25.5908 2.3139e+00     30.000          1       1552    1479.83 7.6431e+02  51847.960     64.633 1621898489       1.00      0.965   39.78470  -72.14675 0.0000e+00
     30.264     7.8815    32.8393  1025.7341     2.4928     6.6245     98.331   -0.01303    6.73691    6.74435      8.036     0.9345   12.12142   3.408724 2.6074e-01    25.5948    25.5944 2.0511e+00     30.500          1       1571    1479.85 7.8703e+02  51854.652     65.405 1621898490       1.01      1.332   39.78470  -72.14676 0.0000e+00
     30.769     7.8752    32.8396  1025.7376     2.4887     6.6035     97.992   -0.01438    6.73878    6.74617      8.036     0.9548   12.12529   3.408049 2.3985e-01    25.5960    25.5955 1.8603e+00     31.000          1       1577    1479.83 7.7548e+02  51856.802     65.681 1621898490       0.74      1.563   39.78470  -72.14676 0.0000e+00
     31.271     7.8524    32.8416  1025.7447     2.4846     6.5853     97.742   -0.01489    6.73744    6.74487      8.036     0.9568   12.12235   3.405559 2.2239e-01    25.6008    25.6003 1.6952e+00     31.500          1       1584    1479.76 7.6219e+02  51865.190     65.964 1621898491       0.43      1.723   39.78468  -72.14676 0.0000e+00
     31.772     7.7957    32.8480  1025.7602     2.4801     6.5656     97.492   -0.01510    6.73446    6.74185      8.036     0.9424   12.11741   3.401130 2.2973e-01    25.6139    25.6135 1.5895e+00     32.000          1       1592    1479.56 6.9403e+02  51888.357     66.283 1621898491       0.09      1.794   39.78468  -72.14676 0.0000e+00
     32.269     7.7360    32.8622  1025.7823     2.4769     6.5599     97.428   -0.01405    6.73310    6.74047      8.036     0.8760   12.11525   3.397501 2.9620e-01    25.6336    25.6332 1.5491e+00     32.500          1       1601    1479.35 5.3041e+02  51923.603     66.675 1621898491      -0.29      1.743   39.78468  -72.14676 0.0000e+00
     32.763     7.6946    32.8748  1025.8003     2.4691     6.5411     97.193   -0.01237    6.73004    6.73735      8.036     0.9077   12.11031   3.395507 4.6404e-01    25.6494    25.6489 1.5034e+00     33.000          1       1616    1479.22 3.3757e+02  51951.948     67.294 1621898492      -0.67      1.394   39.78468  -72.14676 0.0000e+00
     33.243     7.6648    32.8771  1025.8087     2.4402     6.5117     96.064   -0.01036    6.77859    6.78669      8.015     1.0289   12.18978   3.393532 2.3908e-01    25.6555    25.6550 1.4059e+00     33.500          1       1745    1479.12 7.1487e+02  51962.717     72.669 1621898498       0.45      0.837   39.78468  -72.14678 0.0000e+00
     33.746     7.5989    32.8839  1025.8257     2.4325     6.4863     95.561   -0.01182    6.78755    6.79581      8.010     0.9981   12.20443   3.387081 1.6267e-01    25.6701    25.6697 1.2742e+00     34.000          1       1768    1478.88 7.7922e+02  51988.899     73.604 1621898498       0.50      1.119   39.78468  -72.14678 0.0000e+00
     34.243     7.4806    32.9061  1025.8621     2.4269     6.4595     95.160   -0.01307    6.78809    6.79636      8.009     0.9922   12.20533   3.379325 1.5705e-01    25.7042    25.7037 1.1677e+00     34.500          1       1777    1478.46 7.4382e+02  52050.803     74.000 1621898499       0.20      1.259   39.78468  -72.14678 0.0000e+00
     34.739     7.4273    32.9168  1025.8803     2.4208     6.4337     94.782   -0.01386    6.78783    6.79609      8.008     1.0157   12.20488   3.376164 1.8498e-01    25.7200    25.7196 1.0973e+00     35.000          1       1788    1478.28 5.9797e+02  52079.739     74.477 1621898499      -0.12      1.265   39.78468  -72.14678 0.0000e+00
     35.234     7.4002    32.9189  1025.8880     2.4139     6.4152     94.511   -0.01310    6.78772    6.79598      8.007     1.0481   12.20471   3.374161 2.5607e-01    25.7254    25.7250 1.0234e+00     35.500          1       1803    1478.19 4.0596e+02  52089.686     75.091 1621898500      -0.36      1.098   39.78466  -72.14678 0.0000e+00
     35.729     7.3736    32.9214  1025.8960     2.4048     6.4071     94.351   -0.01018    6.79068    6.79899      8.006     1.0320   12.20961   3.372255 2.7926e-01    25.7311    25.7306 9.8161e-01     36.000          1       1829    1478.09 3.5808e+02  52100.334     76.156 1621898501      -0.36      0.690   39.78466  -72.14678 0.0000e+00
     36.213     7.3375    32.9242  1025.9054     2.3903     6.4099     94.377   -0.00268    6.79182    6.80014      8.000     1.0184   12.21150   3.369773 1.0563e-01    25.7383    25.7378 9.5806e-01     36.500          1       1908    1477.97 8.2926e+02  52113.790     79.449 1621898504       0.15      0.048   39.78466  -72.14680 0.0000e+00
     36.714     7.3332    32.9239  1025.9081     2.3891     6.4224     94.446   -0.00155    6.80004    6.80849      8.000     0.9865   12.22503   3.369571 1.0813e-01    25.7386    25.7382 8.6092e-01     37.000          1       1937    1477.96 7.9609e+02  52114.826     80.658 1621898505       0.14      0.338   39.78466  -72.14680 0.0000e+00
     37.211     7.3336    32.9229  1025.9096     2.3853     6.4429     94.267   -0.00223    6.83469    6.84371      7.984     0.8174   12.28185   3.369666 1.0060e-01    25.7378    25.7373 7.8373e-01     37.500          1       1968    1477.97 7.7895e+02  52113.672     81.956 1621898507      -0.04      0.403   39.78465  -72.14681 0.0000e+00
     37.689     7.3342    32.9215  1025.9106     2.3736     6.3795     93.195   -0.00744    6.84532    6.85452      7.958     0.5087   12.29931   3.369582 9.7887e-02    25.7366    25.7362 7.3120e-01     38.000          1       1999    1477.98 7.4716e+02  52111.808     83.248 1621898508       0.04      0.332   39.78464  -72.14682 0.0000e+00
     38.189     7.2761    32.9252  1025.9239     2.3643     6.3225     92.369   -0.01113    6.84480    6.85398      7.952     0.4206   12.29844   3.363391 1.0114e-01    25.7476    25.7471 6.8152e-01     38.500          1       2012    1477.76 6.7395e+02  52132.122     83.781 1621898509       0.40      0.462   39.78464  -72.14682 0.0000e+00
     38.695     7.1618    32.9445  1025.9571     2.3554     6.2713     91.617   -0.01428    6.84513    6.85433      7.948     0.3896   12.29899   3.355225 1.0354e-01    25.7784    25.7779 6.1939e-01     39.000          1       2022    1477.35 5.9824e+02  52189.800     84.202 1621898509       0.61      0.693   39.78464  -72.14682 0.0000e+00
     39.202     7.0824    32.9588  1025.9815     2.3449     6.2124     90.754   -0.01779    6.84533    6.85453      7.944     0.3638   12.29928   3.349553 1.0568e-01    25.8004    25.7999 5.6286e-01     39.500          1       2032    1477.07 5.3265e+02  52231.315     84.606 1621898509       0.57      0.935   39.78464  -72.14682 0.0000e+00
     39.704     7.0232    32.9625  1025.9949     2.3320     6.1418     89.717   -0.02181    6.84580    6.85501      7.941     0.3249   12.30005   3.345166 1.0695e-01    25.8114    25.8109 5.1737e-01     40.000          1       2043    1476.85 4.8378e+02  52252.585     85.070 1621898510       0.24      1.120   39.78464  -72.14682 0.0000e+00
     40.197     6.9901    32.9675  1026.0056     2.3136     6.0493     88.370   -0.02611    6.84544    6.85464      7.937     0.3321   12.29947   3.343139 9.8803e-02    25.8197    25.8193 4.8299e-01     40.500          1       2059    1476.74 4.9005e+02  52268.834     85.747 1621898511      -0.29      1.054   39.78464  -72.14682 0.0000e+00
     40.681     6.9810    32.9694  1026.0106     2.2871     5.9604     87.095   -0.02562    6.84360    6.85277      7.935     0.3382   12.29651   3.342754 7.0262e-02    25.8225    25.8220 4.4911e-01     41.000          1       2086    1476.72 6.4486e+02  52274.221     86.858 1621898512      -0.37      0.585   39.78464  -72.14682 0.0000e+00
     41.187     6.9745    32.9727  1026.0164     2.2646     5.9383     86.738   -0.01800    6.84627    6.85548      7.934     0.2892   12.30089   3.342685 5.5084e-02    25.8260    25.8255 4.2611e-01     41.500          1       2126    1476.70 7.7040e+02  52281.049     88.529 1621898513       0.21      0.432   39.78464  -72.14683 0.0000e+00
     41.668     6.9696    32.9730  1026.0195     2.2449     5.9649     86.963   -0.00647    6.85919    6.86864      7.921     0.1144   12.32186   3.342542 5.0231e-02    25.8268    25.8263 3.9135e-01     42.000          1       2213    1476.69 7.7912e+02  52283.157     92.173 1621898517       1.21      0.847   39.78462  -72.14686 0.0000e+00
     42.172     6.9625    32.9743  1026.0238     2.2419     5.9480     86.719   -0.00741    6.85891    6.86835      7.921     0.1091   12.32143   3.341962 4.5654e-02    25.8288    25.8283 3.5288e-01     42.500          1       2223    1476.67 7.7289e+02  52287.145     92.565 1621898517       1.06      1.174   39.78462  -72.14686 0.0000e+00
     42.672     6.9546    32.9752  1026.0279     2.2400     5.9368     86.559   -0.00803    6.85871    6.86814      7.921     0.1244   12.32111   3.341489 4.1533e-02    25.8306    25.8301 3.1669e-01     43.000          1       2229    1476.65 7.6241e+02  52290.913     92.849 1621898518       0.76      1.429   39.78462  -72.14686 0.0000e+00
     43.173     6.9502    32.9758  1026.0313     2.2374     5.9257     86.404   -0.00831    6.85808    6.86751 -9.990e-29     0.1241   12.32009   3.341162 4.0337e-02    25.8317    25.8311 2.8897e-01     43.500          1       2236    1476.65 7.1666e+02  52293.276     93.145 1621898518       0.46      1.598   39.78462  -72.14686 0.0000e+00
     43.673     6.9441    32.9770  1026.0354     2.2346     5.9129     86.247   -0.00840    6.85575    6.86513 -9.990e-29     0.1223   12.31632   3.340794 4.4882e-02    25.8334    25.8329 2.7008e-01     44.000          1       2244    1476.63 6.0467e+02  52297.016     93.468 1621898518       0.15      1.688   39.78462  -72.14686 0.0000e+00
     44.174     6.9286    32.9813  1026.0432     2.2323     5.9074     86.172   -0.00797    6.85535    6.86473 -9.990e-29     0.1118   12.31566   3.339542 5.6528e-02    25.8389    25.8384 2.5786e-01     44.500          1       2253    1476.59 4.6057e+02  52307.419     93.843 1621898519      -0.17      1.674   39.78462  -72.14687 0.0000e+00
     44.673     6.8918    32.9938  1026.0603     2.2295     5.9026     86.113   -0.00717    6.85445    6.86381 -9.990e-29     0.1103   12.31421   3.337637 7.3394e-02    25.8536    25.8531 2.3586e-01     45.000          1       2267    1476.46 3.2725e+02  52335.735     94.398 1621898519      -0.53      1.442   39.78462  -72.14688 0.0000e+00
     45.132     6.8723    33.0018  1026.0713     2.2206     5.9327     86.484    0.00042    6.85988    6.86939      7.930     0.1615   12.32246   3.337070 3.5194e-02    25.8626    25.8620 2.3854e-01     45.500          1       2400    1476.41 7.3819e+02  52352.595     99.951 1621898525       0.10      0.344   39.78460  -72.14689 0.0000e+00
     45.631     6.8643    33.0092  1026.0806     2.2222     5.9522     86.770    0.00240    6.85974    6.86925      7.931     0.1665   12.32217   3.337089 2.8949e-02    25.8695    25.8689 2.2455e-01     46.000          1       2420    1476.39 7.7081e+02  52365.835    100.772 1621898526       0.56      0.522   39.78460  -72.14690 0.0000e+00
     46.134     6.8601    33.0134  1026.0867     2.2242     5.9640     86.943    0.00322    6.85973    6.86924      7.931     0.1810   12.32216   3.337132 2.6502e-02    25.8733    25.8728 2.0002e-01     46.500          1       2428    1476.39 7.5452e+02  52373.127    101.125 1621898526       0.69      0.773   39.78460  -72.14690 0.0000e+00
     46.637     6.8561    33.0192  1026.0941     2.2263     5.9786     87.155    0.00426    6.85976    6.86927 -9.990e-29     0.1818   12.32222   3.337416 2.5603e-02    25.8784    25.8778 1.7927e-01     47.000          1       2437    1476.39 7.0102e+02  52382.837    101.481 1621898526       0.65      1.014   39.78460  -72.14690 0.0000e+00
     47.137     6.8569    33.0286  1026.1038     2.2286     5.9905     87.326    0.00484    6.85986    6.86937 -9.990e-29     0.1764   12.32240   3.338587 2.7749e-02    25.8857    25.8851 1.6442e-01     47.500          1       2445    1476.41 5.9348e+02  52396.449    101.840 1621898527       0.46      1.211   39.78460  -72.14691 0.0000e+00
     47.642     6.8623    33.0388  1026.1134     2.2306     6.0000     87.465    0.00526    6.85997    6.86949 -9.990e-29     0.1630   12.32260   3.339926 3.2021e-02    25.8930    25.8925 1.5072e-01     48.000          1       2455    1476.45 4.7307e+02  52410.039    102.236 1621898527       0.18      1.331   39.78460  -72.14692 0.0000e+00
     48.140     6.8638    33.0433  1026.1191     2.2332     6.0116     87.633    0.00563    6.86000    6.86952 -9.990e-29     0.1717   12.32265   3.340352 3.8027e-02    25.8964    25.8958 1.3957e-01     48.500          1       2467    1476.48 3.6931e+02  52416.390    102.755 1621898528      -0.22      1.299   39.78460  -72.14692 0.0000e+00
     48.623     6.8652    33.0454  1026.1228     2.2385     5.9824     87.559    0.00239    6.83243    6.84160      7.920     0.1646   12.27629   3.340786 2.6392e-02    25.8979    25.8973 1.2309e-01     49.000          1       2543    1476.49 5.6084e+02  52419.275    105.934 1621898531      -0.13      0.620   39.78459  -72.14693 0.0000e+00
