CalculateIndicators/WaterTemperature/Data/CTD_NYOS/20210522_C08.cnv
* Sea-Bird SBE 9 Data File:
* FileName = C:\Seabird 9 CTD\Data\2021\202105_offshore\20210522_C08.hex
* Software Version Seasave V 7.23.2
* Temperature SN = 4590
* Conductivity SN = 3228
* Number of Bytes Per Scan = 44
* Number of Voltage Words = 5
* Number of Scans Averaged by the Deck Unit = 1
* NMEA Latitude = 39 07.95 N
* NMEA Longitude = 072 56.79 W
* NMEA UTC (Time) = May 22 2021  06:37:05
* NMEA baud rate = 4800
** Ship: seawolf
** Station: 6.5
** Operator: sjw
# nquan = 31
# nvalues = 295                         
# units = specified
# name 0 = depSM: Depth [salt water, m]
# name 1 = t090C: Temperature [ITS-90, deg C]
# name 2 = sal00: Salinity, Practical [PSU]
# name 3 = density00: Density [density, kg/m^3]
# name 4 = sbeox0V: Oxygen raw, SBE 43 [V]
# name 5 = sbeox0ML/L: Oxygen, SBE 43 [ml/l]
# name 6 = sbeox0PS: Oxygen, SBE 43 [% saturation]
# name 7 = sbox0dV/dT: Oxygen, SBE 43 [dov/dt]
# name 8 = oxsolML/L: Oxygen Saturation, Garcia & Gordon [ml/l]
# name 9 = oxsatML/L: Oxygen Saturation, Weiss [ml/l]
# name 10 = ph: pH
# name 11 = flECO-AFL: Fluorescence, WET Labs ECO-AFL/FL [mg/m^3]
# name 12 = n2satML/L: Nitrogen Saturation [ml/l]
# name 13 = c0S/m: Conductivity [S/m]
# name 14 = cpar: CPAR/Corrected Irradiance [%]
# name 15 = sigma-é00: Density [sigma-theta, kg/m^3]
# name 16 = sigma-t00: Density [sigma-t, kg/m^3 ]
# name 17 = par: PAR/Irradiance, Biospherical/Licor
# name 18 = prDM: Pressure, Digiquartz [db]
# name 19 = pumps: Pump Status
# name 20 = scan: Scan Count
# name 21 = svCM: Sound Velocity [Chen-Millero, m/s]
# name 22 = spar: SPAR, Biospherical/Licor
# name 23 = specc: Specific Conductance [uS/cm]
# name 24 = timeS: Time, Elapsed [seconds]
# name 25 = timeY: Time, System [seconds]
# name 26 = accM: Acceleration [m/s^2]
# name 27 = dz/dtM: Descent Rate [m/s]
# name 28 = latitude: Latitude [deg]
# name 29 = longitude: Longitude [deg]
# name 30 = flag: flag
# span 0 =      1.959,     74.920       
# span 1 =     7.4010,    13.6645       
# span 2 =    31.9675,    34.1565       
# span 3 =  1023.9302,  1026.6501       
# span 4 =     2.0008,     2.7999       
# span 5 =     4.7826,     7.3046       
# span 6 =     75.178,    114.449       
# span 7 =   -0.07827,    0.06538       
# span 8 =    5.93217,    6.77925       
# span 9 =    5.92880,    6.78743       
# span 10 =      7.921,      8.151      
# span 11 =    -0.0238,     0.8731      
# span 12 =   10.79110,   12.19022      
# span 13 =   3.377768,   3.915928      
# span 14 = -1.518e+04, 1.0836e+05      
# span 15 =    23.9213,    26.3099      
# span 16 =    23.9213,    26.3085      
# span 17 = 1.0000e-12, 8.2297e-03      
# span 18 =      2.000,     75.500      
# span 19 =          1,          1      
# span 20 =        333,      16042      
# span 21 =    1478.29,    1499.79      
# span 22 = -1.651e-01, 2.2745e+00      
# span 23 =  49615.591,  53297.244      
# span 24 =     13.835,    668.383      
# span 25 = 1621665439, 1621666093      
# span 26 =      -0.56,       0.44      
# span 27 =     -0.766,      0.765      
# span 28 =   39.13256,   39.13260      
# span 29 =  -72.94724,  -72.94662      
# span 30 = 0.0000e+00, 0.0000e+00      
# interval = decibars: 0.5              
# start_time = May 22 2021 06:37:05 [System UTC, first data scan.]
# bad_flag = -9.990e-29
*END*
[from data line 47]
     25.305     9.2570    32.8565  1025.5156     2.6961     7.0925    108.961   -0.00215    6.50921    6.51333      8.115     0.5013   11.74511   3.532861 6.6185e+04    25.3999    25.3995 1.0000e-12     25.500          1       1836    1484.93 6.6773e-01  51570.071     76.451 1621665501       0.13      0.456   39.13256  -72.94668 0.0000e+00
     25.805     9.2526    32.8571  1025.5191     2.6954     7.0941    108.977   -0.00160    6.50976    6.51389      8.115     0.5281   11.74601   3.532609 9.9251e+04    25.4011    25.4007 1.0000e-12     26.000          1       1858    1484.93 1.4771e-02  51572.157     77.354 1621665502       0.05      0.546   39.13256  -72.94668 0.0000e+00
     26.300     9.2477    32.8566  1025.5217     2.6930     7.0887    108.872   -0.00160    6.51107    6.51523      8.113     0.5380   11.74818   3.532205 8.4072e+04    25.4015    25.4010 1.0000e-12     26.500          1       1886    1484.92 3.1451e-01  51572.682     78.550 1621665504      -0.12      0.478   39.13256  -72.94668 0.0000e+00
     26.791     9.2408    32.8573  1025.5256     2.6923     7.0954    108.929   -0.00072    6.51381    6.51801      8.112     0.5214   11.75261   3.531778 -4.528e+03    25.4031    25.4027 1.0000e-12     27.000          1       1925    1484.90 2.0641e+00  51575.451     80.164 1621665505      -0.03      0.298   39.13256  -72.94668 0.0000e+00
     27.289     9.2317    32.8583  1025.5302     2.6916     7.1015    108.948   -0.00028    6.51824    6.52251      8.111     0.4971   11.75988   3.531101 5.0640e-11    25.4054    25.4049 1.0000e-12     27.500          1       1955    1484.88 1.9747e+00  51579.124     81.434 1621665506       0.08      0.368   39.13256  -72.94668 0.0000e+00
     27.786     9.2191    32.8619  1025.5372     2.6881     7.0846    108.638   -0.00195    6.52130    6.52561      8.107     0.4658   11.76492   3.530371 5.0640e-11    25.4101    25.4097 1.0000e-12     28.000          1       1983    1484.84 1.9747e+00  51586.980     82.600 1621665508       0.02      0.421   39.13256  -72.94668 0.0000e+00
     28.282     9.1935    32.8696  1025.5496     2.6792     7.0363    107.852   -0.00598    6.52401    6.52836      8.102     0.4588   11.76937   3.528739 5.0640e-11    25.4202    25.4198 1.0000e-12     28.500          1       2012    1484.76 1.9747e+00  51603.491     83.802 1621665509      -0.02      0.425   39.13256  -72.94668 0.0000e+00
     28.776     9.1654    32.8720  1025.5582     2.6693     6.9969    107.148   -0.00854    6.53016    6.53460      8.102     0.4576   11.77952   3.526515 5.0640e-11    25.4266    25.4261 1.0000e-12     29.000          1       2040    1484.67 1.9747e+00  51613.132     84.947 1621665510       0.03      0.413   39.13256  -72.94668 0.0000e+00
     29.277     9.1500    32.8735  1025.5641     2.6610     6.9820    106.784   -0.00827    6.53838    6.54293      8.099     0.4477   11.79307   3.525340 5.0640e-11    25.4302    25.4297 1.0000e-12     29.500          1       2064    1484.63 1.9747e+00  51618.719     85.966 1621665511       0.04      0.480   39.13256  -72.94668 0.0000e+00
     29.770     9.1230    32.8761  1025.5726     2.6481     6.9441    106.085   -0.00914    6.54575    6.55042      8.093     0.4302   11.80518   3.523021 5.0640e-11    25.4365    25.4360 1.0000e-12     30.000          1       2097    1484.54 1.9747e+00  51628.314     87.319 1621665512      -0.11      0.404   39.13256  -72.94668 0.0000e+00
     30.266     9.0426    32.8802  1025.5908     2.6342     6.9030    105.347   -0.00997    6.55268    6.55745      8.085     0.4381   11.81654   3.516163 5.0640e-11    25.4523    25.4518 1.0000e-12     30.500          1       2131    1484.25 1.9747e+00  51651.355     88.739 1621665514       0.02      0.344   39.13256  -72.94668 0.0000e+00
     30.760     9.0030    32.8830  1025.6015     2.6218     6.8714    104.790   -0.00949    6.55729    6.56213      8.082     0.4648   11.82412   3.512924 5.0640e-11    25.4607    25.4602 1.0000e-12     31.000          1       2160    1484.12 1.9747e+00  51663.981     89.963 1621665515       0.05      0.385   39.13256  -72.94668 0.0000e+00
     31.259     8.9525    32.8937  1025.6200     2.6111     6.8273    104.106   -0.01121    6.55806    6.56292      8.079     0.5086   11.82539   3.509503 6.7085e+04    25.4769    25.4764 1.0000e-12     31.500          1       2182    1483.95 6.4997e-01  51690.157     90.881 1621665516       0.13      0.473   39.13256  -72.94668 0.0000e+00
     31.761     8.9257    32.8960  1025.6284     2.6010     6.8170    103.692   -0.01062    6.57425    6.57936      8.077     0.4270   11.85189   3.507337 9.6818e+04    25.4830    25.4824 1.0000e-12     32.000          1       2207    1483.87 6.2810e-02  51699.499     91.930 1621665517      -0.05      0.520   39.13256  -72.94668 0.0000e+00
     32.243     8.8899    32.9006  1025.6397     2.5816     6.7837    102.864   -0.00965    6.59483    6.60026      8.061     0.2692   11.88571   3.504690 5.8743e+04    25.4921    25.4916 1.0000e-12     32.500          1       2253    1483.75 8.1469e-01  51713.916     93.813 1621665519      -0.11      0.225   39.13256  -72.94668 0.0000e+00
     32.746     8.8012    32.9216  1025.6723     2.5652     6.7030    101.636   -0.01429    6.59508    6.60053      8.056     0.2854   11.88593   3.498144 7.4365e+02    25.5223    25.5217 1.0000e-12     33.000          1       2276    1483.45 1.9600e+00  51763.144     94.798 1621665520       0.27      0.374   39.13256  -72.94668 0.0000e+00
     33.246     8.6849    32.9335  1025.7018     2.5524     6.6540    100.880   -0.01571    6.59593    6.60139      8.053     0.2616   11.88721   3.488941 5.0640e-11    25.5495    25.5489 1.0000e-12     33.500          1       2297    1483.04 1.9747e+00  51805.824     95.665 1621665521       0.11      0.552   39.13256  -72.94668 0.0000e+00
     33.740     8.6464    32.9374  1025.7131     2.5400     6.6425    100.488   -0.01355    6.61030    6.61598      8.049     0.3540   11.91096   3.486323 5.0640e-11    25.5584    25.5578 1.0000e-12     34.000          1       2321    1482.91 1.9747e+00  51820.000     96.673 1621665522      -0.08      0.538   39.13256  -72.94668 0.0000e+00
     34.235     8.6251    32.9544  1025.7319     2.5263     6.6085     99.912   -0.01254    6.61433    6.62007      8.042     0.4701   11.91763   3.486431 5.0640e-11    25.5749    25.5744 1.0000e-12     34.500          1       2347    1482.86 1.9747e+00  51849.128     97.729 1621665523      -0.02      0.477   39.13256  -72.94669 0.0000e+00
     34.733     8.5976    32.9659  1025.7474     2.5127     6.5664     99.216   -0.01292    6.61834    6.62413      8.037     0.5137   11.92424   3.484349 5.0640e-11    25.5881    25.5876 1.0000e-12     35.000          1       2372    1482.78 1.9747e+00  51871.928     98.797 1621665524      -0.01      0.475   39.13256  -72.94670 0.0000e+00
     35.228     8.5114    32.9669  1025.7636     2.4989     6.5587     98.694   -0.01165    6.64558    6.65176      8.034     0.5385   11.96944   3.477182 5.0640e-11    25.6020    25.6015 1.0000e-12     35.500          1       2402    1482.47 1.9747e+00  51892.858    100.039 1621665525      -0.06      0.423   39.13256  -72.94670 0.0000e+00
     35.722     8.4769    32.9668  1025.7710     2.4828     6.5614     98.016   -0.01107    6.69415    6.70101      8.031     0.5705   12.05005   3.474202 5.0640e-11    25.6071    25.6066 1.0000e-12     36.000          1       2434    1482.34 1.9747e+00  51900.802    101.391 1621665526      -0.02      0.374   39.13256  -72.94670 0.0000e+00
     36.220     8.3996    32.9654  1025.7839     2.4658     6.4936     96.850   -0.01470    6.70477    6.71179      8.022     0.5602   12.06766   3.466295 5.0640e-11    25.6177    25.6171 1.0000e-12     36.500          1       2462    1482.06 1.9747e+00  51916.748    102.533 1621665528       0.08      0.401   39.13256  -72.94670 0.0000e+00
     36.717     8.0919    32.9368  1025.8096     2.4511     6.4657     96.277   -0.01327    6.71571    6.72289      8.012     0.4995   12.08575   3.435032 5.0640e-11    25.6408    25.6402 1.0000e-12     37.000          1       2490    1480.87 1.9747e+00  51947.696    103.697 1621665529      -0.03      0.451   39.13256  -72.94670 0.0000e+00
     37.211     7.9378    32.9236  1025.8241     2.4347     6.4341     95.582   -0.01229    6.73144    6.73884      8.005     0.4484   12.11183   3.421329 5.0640e-11    25.6529    25.6524 1.0000e-12     37.500          1       2523    1480.28 1.9747e+00  51965.419    105.068 1621665530      -0.03      0.365   39.13256  -72.94670 0.0000e+00
     37.708     7.8525    32.9224  1025.8379     2.4229     6.4483     95.212   -0.01071    6.77254    6.78058      8.000     0.4414   12.17956   3.413942 5.0640e-11    25.6643    25.6638 1.0000e-12     38.000          1       2550    1479.96 1.9747e+00  51984.801    106.198 1621665531       0.08      0.407   39.13256  -72.94670 0.0000e+00
     38.204     7.7955    32.9188  1025.8456     2.4087     6.4004     94.412   -0.01186    6.77925    6.78743      7.990     0.4123   12.19022   3.408526 5.0640e-11    25.6697    25.6691 1.0000e-12     38.500          1       2576    1479.75 1.9747e+00  51993.588    107.299 1621665532      -0.00      0.463   39.13256  -72.94670 0.0000e+00
     38.695     7.6921    32.9112  1025.8566     2.3982     6.3593     93.875   -0.01200    6.77422    6.78235      7.985     0.3917   12.18171   3.397336 5.0640e-11    25.6784    25.6778 1.0000e-12     39.000          1       2601    1479.35 1.9747e+00  52008.140    108.336 1621665533       0.03      0.446   39.13256  -72.94670 0.0000e+00
     39.201     7.4635    32.9265  1025.9034     2.3915     6.3511     93.812   -0.00925    6.77004    6.77811      7.982     0.4039   12.17466   3.379386 5.0640e-11    25.7227    25.7221 1.0000e-12     39.500          1       2620    1478.50 1.9747e+00  52087.456    109.142 1621665534       0.14      0.542   39.13256  -72.94670 0.0000e+00
     39.693     7.4010    32.9614  1025.9419     2.3854     6.3400     93.679   -0.00747    6.76774    6.77578      7.981     0.3925   12.17078   3.378042 1.5928e+04    25.7588    25.7583 1.0000e-12     40.000          1       2644    1478.31 1.6602e+00  52153.281    110.121 1621665535      -0.08      0.571   39.13256  -72.94670 0.0000e+00
     40.187     7.4220    32.9770  1025.9535     2.3797     6.3297     93.559   -0.00581    6.76555    6.77357      7.980     0.3908   12.16703   3.381918 1.0097e+05    25.7681    25.7676 1.0000e-12     40.500          1       2668    1478.42 -1.920e-02  52170.299    111.137 1621665536      -0.02      0.485   39.13256  -72.94670 0.0000e+00
     40.690     7.4538    32.9915  1025.9628     2.3750     6.3139     93.382   -0.00520    6.76135    6.76933      7.980     0.4750   12.15990   3.386173 9.9999e+04    25.7752    25.7746 1.0000e-12     41.000          1       2693    1478.57 0.0000e+00  52183.476    112.153 1621665537      -0.01      0.508   39.13256  -72.94670 0.0000e+00
     41.181     7.4763    33.0060  1025.9732     2.3695     6.3041     93.297   -0.00332    6.75706    6.76498      7.980     0.4297   12.15270   3.389854 -9.990e-29    25.7834    25.7828 1.0000e-12     41.500          1       2734    1478.68 -9.990e-29  52198.618    113.861 1621665539      -0.12      0.308   39.13256  -72.94670 0.0000e+00
     41.675     7.5068    33.0268  1025.9876     2.3666     6.2896     93.288   -0.00180    6.74207    6.74980 -9.990e-29     0.3992   12.12753   3.394657 -9.990e-29    25.7955    25.7950 1.0000e-12     42.000          1       2775    1478.84 -9.990e-29  52221.028    115.575 1621665541       0.04      0.288   39.13256  -72.94670 0.0000e+00
     42.166     7.5208    33.0314  1025.9915     2.3659     6.2885     93.351   -0.00080    6.73642    6.74408 -9.990e-29     0.4398   12.11805   3.396666 5.0640e-11    25.7971    25.7966 1.0000e-12     42.500          1       2805    1478.90 1.9747e+00  52224.336    116.813 1621665542       0.11      0.356   39.13256  -72.94670 0.0000e+00
     42.666     7.5499    33.0426  1025.9985     2.3651     6.2872     93.340   -0.00053    6.73579    6.74345      7.980     0.4884   12.11700   3.400569 5.0640e-11    25.8019    25.8013 1.0000e-12     43.000          1       2822    1479.04 1.9747e+00  52233.297    117.552 1621665543       0.25      0.490   39.13256  -72.94670 0.0000e+00
     43.169     7.5901    33.0581  1026.0073     2.3639     6.2819     93.226   -0.00117    6.73839    6.74608      7.980     0.5112   12.12137   3.406175 5.0640e-11    25.8084    25.8078 1.0000e-12     43.500          1       2837    1479.22 1.9747e+00  52245.772    118.177 1621665543       0.26      0.663   39.13256  -72.94670 0.0000e+00
     43.669     7.6349    33.0729  1026.0148     2.3625     6.2694     93.104   -0.00167    6.73369    6.74132      7.980     0.4709   12.11343   3.410999 5.0640e-11    25.8137    25.8131 1.0000e-12     44.000          1       2854    1479.42 1.9747e+00  52256.020    118.878 1621665544       0.03      0.761   39.13256  -72.94670 0.0000e+00
     44.160     7.6442    33.0762  1026.0184     2.3616     6.2265     93.057   -0.00115    6.69104    6.69815      7.979     0.4729   12.04178   3.412004 5.0640e-11    25.8150    25.8144 1.0000e-12     44.500          1       2887    1479.46 1.9747e+00  52258.754    120.265 1621665545      -0.24      0.483   39.13256  -72.94670 0.0000e+00
     44.643     7.6813    33.0943  1026.0294     2.3673     6.2333     93.810    0.00441    6.64453    6.65106      7.983     0.4884   11.96355   3.418198 5.0640e-11    25.8239    25.8233 1.0000e-12     45.000          1       2933    1479.64 1.9747e+00  52275.535    122.185 1621665547       0.18      0.154   39.13256  -72.94670 0.0000e+00
     45.147     7.7882    33.1329  1026.0468     2.3645     6.2139     93.444    0.00188    6.64983    6.65643      7.983     0.5320   11.97244   3.432451 5.0640e-11    25.8390    25.8384 1.0000e-12     45.500          1       2949    1480.10 1.9747e+00  52304.327    122.844 1621665548       0.43      0.430   39.13256  -72.94670 0.0000e+00
     45.650     7.9858    33.2094  1026.0803     2.3577     6.1651     92.595   -0.00369    6.65814    6.66484      7.983     0.5651   11.98636   3.458299 5.0640e-11    25.8704    25.8698 1.0000e-12     46.000          1       2965    1480.96 1.9747e+00  52365.941    123.480 1621665549       0.29      0.668   39.13256  -72.94670 0.0000e+00
     46.149     8.1181    33.2643  1026.1061     2.3470     6.0927     91.448   -0.01031    6.66249    6.66925      7.982     0.5167   11.99367   3.473968 5.0640e-11    25.8941    25.8935 1.0000e-12     46.500          1       2983    1481.53 1.9747e+00  52412.582    124.244 1621665549      -0.04      0.742   39.13256  -72.94670 0.0000e+00
     46.637     8.1294    33.2760  1026.1159     2.3335     5.9973     91.058   -0.00643    6.58655    6.59240      7.979     0.4417   11.86584   3.475166 5.0640e-11    25.9016    25.9010 1.0000e-12     47.000          1       3035    1481.60 1.9747e+00  52426.721    126.401 1621665551      -0.13      0.269   39.13256  -72.94672 0.0000e+00
     47.128     8.2135    33.3085  1026.1311     2.3362     5.9927     91.937    0.00243    6.51823    6.52327      7.975     0.3778   11.75060   3.486189 5.0640e-11    25.9148    25.9140 1.0000e-12     47.500          1       3080    1481.97 1.9747e+00  52453.194    128.281 1621665553       0.37      0.251   39.13256  -72.94672 0.0000e+00
     47.631     8.3083    33.3468  1026.1491     2.3334     5.9785     91.748    0.00185    6.51620    6.52124      7.973     0.4688   11.74697   3.500611 5.0640e-11    25.9306    25.9299 1.0000e-12     48.000          1       3096    1482.38 1.9747e+00  52485.652    128.972 1621665554       0.32      0.524   39.13256  -72.94672 0.0000e+00
