CalculateIndicators/WaterTemperature/Data/CTD_NYOS/20210521_C06.cnv
* Sea-Bird SBE 9 Data File:
* FileName = C:\Seabird 9 CTD\Data\2021\202105_offshore\20210521_C06.hex
* Software Version Seasave V 7.23.2
* Temperature SN = 4590
* Conductivity SN = 3228
* Number of Bytes Per Scan = 44
* Number of Voltage Words = 5
* Number of Scans Averaged by the Deck Unit = 1
* NMEA Latitude = 38 32.36 N
* NMEA Longitude = 073 04.17 W
* NMEA UTC (Time) = May 21 2021  23:17:53
* NMEA baud rate = 4800
** Ship: seawolf
** Station: 7.6
** Operator: EIH
# nquan = 31
# nvalues = 1206                        
# units = specified
# name 0 = depSM: Depth [salt water, m]
# name 1 = t090C: Temperature [ITS-90, deg C]
# name 2 = sal00: Salinity, Practical [PSU]
# name 3 = density00: Density [density, kg/m^3]
# name 4 = sbeox0V: Oxygen raw, SBE 43 [V]
# name 5 = sbeox0ML/L: Oxygen, SBE 43 [ml/l]
# name 6 = sbeox0PS: Oxygen, SBE 43 [% saturation]
# name 7 = sbox0dV/dT: Oxygen, SBE 43 [dov/dt]
# name 8 = oxsolML/L: Oxygen Saturation, Garcia & Gordon [ml/l]
# name 9 = oxsatML/L: Oxygen Saturation, Weiss [ml/l]
# name 10 = ph: pH
# name 11 = flECO-AFL: Fluorescence, WET Labs ECO-AFL/FL [mg/m^3]
# name 12 = n2satML/L: Nitrogen Saturation [ml/l]
# name 13 = c0S/m: Conductivity [S/m]
# name 14 = cpar: CPAR/Corrected Irradiance [%]
# name 15 = sigma-é00: Density [sigma-theta, kg/m^3]
# name 16 = sigma-t00: Density [sigma-t, kg/m^3 ]
# name 17 = par: PAR/Irradiance, Biospherical/Licor
# name 18 = prDM: Pressure, Digiquartz [db]
# name 19 = pumps: Pump Status
# name 20 = scan: Scan Count
# name 21 = svCM: Sound Velocity [Chen-Millero, m/s]
# name 22 = spar: SPAR, Biospherical/Licor
# name 23 = specc: Specific Conductance [uS/cm]
# name 24 = timeS: Time, Elapsed [seconds]
# name 25 = timeY: Time, System [seconds]
# name 26 = accM: Acceleration [m/s^2]
# name 27 = dz/dtM: Descent Rate [m/s]
# name 28 = latitude: Latitude [deg]
# name 29 = longitude: Longitude [deg]
# name 30 = flag: flag
# span 0 =      1.952,    301.021       
# span 1 =     9.9629,    15.7586       
# span 2 =    33.3992,    35.8207       
# span 3 =  1024.6639,  1028.5611       
# span 4 =     1.4159,     2.7953       
# span 5 =     2.8697,     6.4312       
# span 6 =     47.012,    113.042       
# span 7 =   -0.05835,    0.12527       
# span 8 =    5.62592,    6.30785       
# span 9 =    5.62025,    6.31145       
# span 10 =      7.835,      8.196      
# span 11 =    -0.0966,     0.7239      
# span 12 =   10.26252,   11.38342      
# span 13 =   3.848224,   4.336523      
# span 14 = 1.3683e-12, 2.1799e+02      
# span 15 =    24.6553,    27.1986      
# span 16 =    24.6552,    27.1926      
# span 17 = 1.0000e-12, 2.2782e+01      
# span 18 =      2.000,    303.500      
# span 19 =          1,          1      
# span 20 =         25,      39690      
# span 21 =    1495.05,    1508.80      
# span 22 = 8.0438e+00, 7.7015e+01      
# span 23 =  51407.630,  55032.005      
# span 24 =      0.981,   1653.709      
# span 25 = 1621639075, 1621640728      
# span 26 =      -1.02,       1.06      
# span 27 =     -1.582,      1.582      
# span 28 =   38.53946,   38.54409      
# span 29 =  -73.06962,  -73.06836      
# span 30 = 0.0000e+00, 0.0000e+00      
# interval = decibars: 0.5              
# start_time = May 21 2021 23:17:54 [System UTC, first data scan.]
# bad_flag = -9.990e-29
*END*
[from data line 1123]
     43.171    14.7791    35.4192  1026.5368     2.3914     5.3369     93.585    0.00403    5.70273    5.69839 -9.990e-29     0.4177   10.38124   4.318045 3.1650e-12    26.3452    26.3438 1.0000e-12     43.500          1      35367    1507.18 3.1596e+01  54265.821   1473.583 1621640547      -0.06     -0.690   38.54352  -73.06846 0.0000e+00
     42.668    14.7814    35.4156  1026.5313     2.3933     5.3397     93.637    0.00343    5.70259    5.69825 -9.990e-29     0.4516   10.38099   4.317740 3.1650e-12    26.3419    26.3405 1.0000e-12     43.000          1      35382    1507.18 3.1596e+01  54260.376   1474.191 1621640548      -0.11     -0.746   38.54352  -73.06846 0.0000e+00
     42.168    14.7810    35.4135  1026.5275     2.3950     5.3425     93.686    0.00298    5.70260    5.69827 -9.990e-29     0.4523   10.38097   4.317468 3.1650e-12    26.3404    26.3390 1.0000e-12     42.500          1      35399    1507.17 3.1596e+01  54257.346   1474.913 1621640549       0.04     -0.780   38.54352  -73.06846 0.0000e+00
     41.678    14.7832    35.4101  1026.5222     2.3974     5.3469     93.766    0.00239    5.70241    5.69808      8.127     0.4451   10.38064   4.317229 3.1650e-12    26.3373    26.3359 1.0000e-12     42.000          1      35426    1507.16 3.1596e+01  54252.125   1476.044 1621640550       0.25     -0.557   38.54352  -73.06846 0.0000e+00
     41.182    14.7837    35.4100  1026.5198     2.3970     5.3381     93.592    0.00023    5.70360    5.69928      8.127     0.4441   10.38269   4.317250 7.6090e-04    26.3370    26.3356 2.4041e-04     41.500          1      35469    1507.16 3.1596e+01  54251.499   1477.829 1621640552       0.07     -0.312   38.54352  -73.06846 0.0000e+00
     40.701    14.7825    35.4125  1026.5198     2.4008     5.3619     93.916    0.00264    5.70919    5.70491      8.132     0.5042   10.39235   4.317230 5.9837e-03    26.3392    26.3378 1.8906e-03     41.000          1      35542    1507.15 3.1596e+01  54254.899   1480.865 1621640555      -0.31     -0.087   38.54354  -73.06846 0.0000e+00
     40.198    14.7773    35.4029  1026.5113     2.4065     5.3864     94.360    0.00511    5.70836    5.70407      8.135     0.5115   10.39091   4.315472 2.6348e-02    26.3328    26.3315 8.3250e-03     40.500          1      35554    1507.11 3.1596e+01  54241.981   1481.371 1621640555      -0.53     -0.412   38.54354  -73.06846 0.0000e+00
     39.695    14.7751    35.3991  1026.5066     2.4166     5.4301     95.109    0.00888    5.70930    5.70502      8.137     0.5047   10.39258   4.314943 4.2195e-02    26.3304    26.3291 1.3332e-02     40.000          1      35566    1507.09 3.1596e+01  54236.686   1481.894 1621640556      -0.48     -0.682   38.54354  -73.06846 0.0000e+00
     39.195    14.7713    35.3958  1026.5027     2.4275     5.4835     96.030    0.01456    5.71024    5.70597      8.140     0.4583   10.39419   4.313823 6.5822e-02    26.3287    26.3274 2.0797e-02     39.500          1      35579    1507.07 3.1596e+01  54232.788   1482.416 1621640556      -0.26     -0.873   38.54354  -73.06846 0.0000e+00
     38.697    14.7468    35.3745  1026.4894     2.4361     5.5195     96.711    0.01842    5.70720    5.70290      8.140     0.4763   10.38893   4.308955 1.0119e-01    26.3176    26.3163 3.1971e-02     39.000          1      35593    1506.96 3.1596e+01  54205.805   1482.984 1621640557      -0.02     -0.942   38.54354  -73.06846 0.0000e+00
     38.198    14.7421    35.3720  1026.4862     2.4459     5.5396     97.054    0.01643    5.70775    5.70346      8.141     0.5091   10.38989   4.308718 1.2583e-01    26.3166    26.3154 3.9756e-02     38.500          1      35610    1506.93 3.1596e+01  54202.723   1483.691 1621640558       0.18     -0.866   38.54354  -73.06846 0.0000e+00
     37.710    14.7416    35.3675  1026.4807     2.4536     5.5308     96.860    0.00814    5.71012    5.70584      8.142     0.5342   10.39402   4.307948 1.6031e-01    26.3132    26.3120 4.9209e-02     38.000          1      35658    1506.91 3.0852e+01  54196.269   1485.695 1621640560       0.19     -0.404   38.54355  -73.06846 0.0000e+00
     37.226    14.7467    35.3726  1026.4814     2.4596     5.5379     96.877    0.00441    5.71641    5.71218      8.140     0.6073   10.40497   4.308953 1.7390e-01    26.3161    26.3149 5.4979e-02     37.500          1      35732    1506.93 3.1613e+01  54202.545   1488.799 1621640563      -0.48     -0.196   38.54356  -73.06846 0.0000e+00
     36.725    14.7375    35.3593  1026.4709     2.4618     5.5496     97.121    0.00636    5.71413    5.70988 -9.990e-29     0.5539   10.40098   4.306372 2.0332e-01    26.3079    26.3066 6.4240e-02     37.000          1      35744    1506.87 3.1596e+01  54185.090   1489.304 1621640563      -0.57     -0.506   38.54356  -73.06846 0.0000e+00
     36.222    14.7332    35.3504  1026.4627     2.4629     5.5486     97.124    0.00564    5.71284    5.70857 -9.990e-29     0.5391   10.39875   4.305205 2.3134e-01    26.3019    26.3007 7.3093e-02     36.500          1      35756    1506.84 3.1596e+01  54173.045   1489.776 1621640564      -0.50     -0.762   38.54357  -73.06846 0.0000e+00
     35.723    14.7244    35.3416  1026.4556     2.4649     5.5470     97.116    0.00413    5.71173    5.70746 -9.990e-29     0.5386   10.39685   4.302646 2.6463e-01    26.2969    26.2958 8.3612e-02     36.000          1      35767    1506.79 3.1596e+01  54161.826   1490.239 1621640564      -0.32     -0.948   38.54358  -73.06846 0.0000e+00
     35.221    14.7089    35.3226  1026.4421     2.4670     5.5517     97.175    0.00338    5.71309    5.70883 -9.990e-29     0.5386   10.39920   4.299239 3.1990e-01    26.2857    26.2845 1.0107e-01     35.500          1      35779    1506.72 3.1596e+01  54137.488   1490.732 1621640565      -0.10     -1.044   38.54358  -73.06846 0.0000e+00
     34.718    14.6972    35.3109  1026.4333     2.4696     5.5591     97.320    0.00372    5.71219    5.70792      8.141     0.5416   10.39765   4.297096 3.8199e-01    26.2791    26.2780 1.2069e-01     35.000          1      35799    1506.66 3.1596e+01  54122.449   1491.567 1621640565       0.20     -0.940   38.54358  -73.06846 0.0000e+00
     34.245    14.7041    35.3173  1026.4347     2.4772     5.5788     97.474    0.00081    5.72340    5.71922      8.143     0.6216   10.41710   4.298302 4.0351e-01    26.2826    26.2815 1.2749e-01     34.500          1      35895    1506.68 3.1596e+01  54130.251   1495.597 1621640569      -0.77     -0.334   38.54358  -73.06846 0.0000e+00
     33.738    14.6880    35.3015  1026.4237     2.4799     5.5948     97.756    0.00302    5.72324    5.71906      8.144     0.6187   10.41682   4.294663 4.5582e-01    26.2739    26.2727 1.4402e-01     34.000          1      35905    1506.60 3.1596e+01  54110.179   1495.995 1621640570      -0.58     -0.700   38.54358  -73.06846 0.0000e+00
     33.237    14.6770    35.2888  1026.4141     2.4829     5.6100     98.017    0.00469    5.72352    5.71933      8.145     0.5821   10.41733   4.292626 5.0942e-01    26.2665    26.2654 1.6095e-01     33.500          1      35918    1506.54 3.1596e+01  54093.863   1496.539 1621640570      -0.22     -0.908   38.54358  -73.06846 0.0000e+00
     32.741    14.6609    35.2677  1026.3990     2.4869     5.6249     98.268    0.00552    5.72395    5.71977      8.145     0.5919   10.41809   4.288637 5.6373e-01    26.2536    26.2525 1.7811e-01     33.000          1      35935    1506.46 3.1596e+01  54066.002   1497.263 1621640571       0.19     -0.883   38.54358  -73.06846 0.0000e+00
     32.253    14.6490    35.2550  1026.3897     2.4965     5.6479     98.684    0.00493    5.72320    5.71901      8.145     0.6427   10.41681   4.286217 6.3667e-01    26.2464    26.2453 2.0116e-01     32.500          1      35986    1506.40 3.1596e+01  54050.138   1499.386 1621640573       0.16     -0.295   38.54359  -73.06846 0.0000e+00
     31.761    14.6473    35.2502  1026.3841     2.5005     5.6467     98.645    0.00170    5.72429    5.72011      8.146     0.6631   10.41879   4.285875 7.0000e-01    26.2431    26.2420 2.2117e-01     32.000          1      36035    1506.38 3.1596e+01  54043.422   1501.425 1621640575      -0.34     -0.254   38.54360  -73.06846 0.0000e+00
     31.261    14.6596    35.2633  1026.3894     2.5009     5.6432     98.523   -0.00040    5.72775    5.72357      8.150     0.6599   10.42490   4.288376 7.7288e-01    26.2505    26.2495 2.4420e-01     31.500          1      36054    1506.42 3.1596e+01  54059.847   1502.224 1621640576      -0.25     -0.507   38.54360  -73.06846 0.0000e+00
     30.762    14.6607    35.2640  1026.3874     2.5067     5.6729     98.994    0.00240    5.73057    5.72641      8.154     0.6706   10.42987   4.288360 8.4527e-01    26.2508    26.2498 2.6671e-01     31.000          1      36073    1506.42 3.1596e+01  54060.213   1503.001 1621640577      -0.07     -0.628   38.54360  -73.06846 0.0000e+00
     30.264    14.6515    35.2455  1026.3729     2.5195     5.7377    100.103    0.00949    5.73181    5.72766      8.154     0.6497   10.43205   4.285356 9.0957e-01    26.2385    26.2375 2.8695e-01     30.500          1      36095    1506.36 3.1596e+01  54035.813   1503.930 1621640578       0.09     -0.606   38.54360  -73.06846 0.0000e+00
     29.771    14.6288    35.2026  1026.3426     2.5471     5.8544    102.117    0.01924    5.73305    5.72892      8.154     0.6574   10.43421   4.277914 1.0357e+00    26.2103    26.2093 3.0977e-01     30.000          1      36126    1506.23 -9.990e-29  53979.281   1505.210 1621640579       0.12     -0.434   38.54360  -73.06846 0.0000e+00
     29.275    14.6052    35.1649  1026.3164     2.5759     5.9239    103.356    0.01697    5.73159    5.72744      8.156     0.5865   10.43174   4.271913 1.1378e+00    26.1863    26.1853 3.3730e-01     29.500          1      36169    1506.10 2.9621e+01  53930.209   1506.980 1621640581       0.09     -0.302   38.54362  -73.06846 0.0000e+00
     28.791    14.5945    35.1467  1026.3025     2.5903     5.9166    103.221    0.00486    5.73197    5.72781      8.166     0.5772   10.43261   4.269179 1.1422e+00    26.1745    26.1736 3.5543e-01     29.000          1      36220    1506.04 3.1139e+01  53906.167   1509.132 1621640583      -0.12     -0.165   38.54362  -73.06846 0.0000e+00
     28.285    14.6152    35.1733  1026.3162     2.5909     5.9064    103.023    0.00155    5.73312    5.72896      8.168     0.5745   10.43473   4.274161 1.2105e+00    26.1905    26.1896 3.8092e-01     28.500          1      36237    1506.13 3.1479e+01  53940.180   1509.824 1621640584      -0.40     -0.406   38.54362  -73.06846 0.0000e+00
     27.779    14.6108    35.1501  1026.2970     2.5937     5.9173    103.208    0.00226    5.73339    5.72923      8.167     0.5697   10.43522   4.270916 1.3122e+00    26.1736    26.1727 4.1192e-01     28.000          1      36254    1506.08 3.1401e+01  53908.256   1510.533 1621640584      -0.21     -0.641   38.54362  -73.06846 0.0000e+00
     27.290    14.6093    35.1281  1026.2781     2.6166     6.0015    104.659    0.00725    5.73429    5.73014      8.165     0.5999   10.43678   4.268352 1.4888e+00    26.1569    26.1560 4.5280e-01     27.500          1      36310    1506.04 3.0801e+01  53878.042   1512.886 1621640587       0.06     -0.294   38.54364  -73.06846 0.0000e+00
     26.794    14.6034    35.1068  1026.2607     2.6335     6.0420    105.316    0.00492    5.73705    5.73292      8.172     0.5824   10.44155   4.265491 1.6298e+00    26.1417    26.1408 4.8914e-01     27.000          1      36374    1505.99 -9.990e-29  53849.264   1515.544 1621640589      -0.04     -0.242   38.54364  -73.06846 0.0000e+00
     26.310    14.5936    35.0987  1026.2545     2.6465     6.0849    106.039    0.00640    5.73832    5.73420      8.178     0.5306   10.44380   4.263548 1.7138e+00    26.1376    26.1367 5.2036e-01     26.500          1      36421    1505.94 -9.990e-29  53839.195   1517.505 1621640591      -0.07     -0.216   38.54364  -73.06846 0.0000e+00
     25.807    14.5821    35.0877  1026.2463     2.6520     6.1059    106.413    0.00784    5.73797    5.73385      8.180     0.5355   10.44316   4.261124 1.8234e+00    26.1315    26.1307 5.4527e-01     26.000          1      36438    1505.88 -9.990e-29  53825.001   1518.191 1621640592      -0.38     -0.412   38.54364  -73.06846 0.0000e+00
     25.299    14.5782    35.0795  1026.2385     2.6561     6.1154    106.583    0.00744    5.73765    5.73352      8.181     0.5325   10.44258   4.259909 1.9950e+00    26.1261    26.1253 5.9096e-01     25.500          1      36452    1505.85 -9.990e-29  53814.120   1518.812 1621640593      -0.33     -0.650   38.54365  -73.06846 0.0000e+00
     24.800    14.5762    35.0720  1026.2309     2.6696     6.1451    107.084    0.00508    5.73861    5.73449      8.182     0.5880   10.44432   4.258966 2.1418e+00    26.1206    26.1198 6.3318e-01     25.000          1      36568    1505.83 2.9621e+01  53803.643   1523.614 1621640598       0.03     -0.585   38.54367  -73.06845 0.0000e+00
     24.298    14.5785    35.0588  1026.2179     2.6853     6.1770    107.641    0.00192    5.73849    5.73436      8.182     0.5286   10.44416   4.257884 2.2188e+00    26.1099    26.1091 6.5735e-01     24.500          1      37157    1505.81 2.9621e+01  53784.975   1548.181 1621640622      -0.11     -0.623   38.54375  -73.06843 0.0000e+00
     23.818    14.6088    35.0516  1026.2037     2.7005     6.2304    108.709    0.00740    5.73127    5.72704 -9.990e-29     0.4887   10.43252   4.260486 2.2737e+00    26.0979    26.0971 6.7349e-01     24.000          1      37780    1505.89 2.9621e+01  53771.522   1574.144 1621640648      -0.45     -0.811   38.54382  -73.06840 0.0000e+00
     23.310    14.6305    35.0434  1026.1904     2.7042     6.2457    108.938    0.00805    5.73326    5.72905 -9.990e-29     0.4894   10.43571   4.261324 2.4361e+00    26.0868    26.0861 7.2159e-01     23.500          1      37803    1505.94 2.9621e+01  53757.194   1575.096 1621640649      -0.24     -0.979   38.54382  -73.06840 0.0000e+00
     22.812    14.6498    35.0359  1026.1781     2.7085     6.2485    109.025    0.00638    5.73125    5.72702      8.188     0.5158   10.43247   4.262643 2.6099e+00    26.0768    26.0760 7.7309e-01     23.000          1      37831    1505.99 2.9621e+01  53744.190   1576.266 1621640650       0.10     -0.845   38.54383  -73.06840 0.0000e+00
     22.330    14.6682    35.0272  1026.1653     2.7142     6.2395    109.011    0.00277    5.72370    5.71937      8.190     0.5043   10.42021   4.263328 2.7646e+00    26.0661    26.0654 8.1889e-01     22.500          1      37917    1506.03 2.9621e+01  53730.034   1579.814 1621640654      -0.38     -0.353   38.54384  -73.06840 0.0000e+00
     21.837    14.6692    35.0273  1026.1629     2.7183     6.2529    109.281    0.00396    5.72186    5.71751      8.191     0.4780   10.41719   4.263462 2.9682e+00    26.0659    26.0652 8.7923e-01     22.000          1      37937    1506.02 2.9621e+01  53729.784   1580.681 1621640655      -0.09     -0.547   38.54384  -73.06840 0.0000e+00
     21.344    14.7126    35.0106  1026.1385     2.7221     6.2626    109.510    0.00469    5.71878    5.71439      8.190     0.4878   10.41214   4.266075 3.1222e+00    26.0437    26.0430 9.2482e-01     21.500          1      37954    1506.13 2.9621e+01  53701.560   1581.396 1621640655      -0.11     -0.599   38.54384  -73.06840 0.0000e+00
     20.841    14.7211    35.0101  1026.1340     2.7254     6.2774    109.732    0.00556    5.72062    5.71625      8.190     0.5044   10.41517   4.266727 3.2658e+00    26.0414    26.0407 9.6736e-01     21.000          1      37968    1506.15 2.9621e+01  53699.306   1581.973 1621640656      -0.22     -0.697   38.54386  -73.06840 0.0000e+00
