CalculateIndicators/WaterTemperature/Data/CTD_NYOS/20210526_C38.cnv
* Sea-Bird SBE 9 Data File:
* FileName = C:\Seabird 9 CTD\Data\2021\202105_offshore\20210526_C38.hex
* Software Version Seasave V 7.23.2
* Temperature SN = 4590
* Conductivity SN = 3228
* Number of Bytes Per Scan = 44
* Number of Voltage Words = 5
* Number of Scans Averaged by the Deck Unit = 1
* NMEA Latitude = 40 05.78 N
* NMEA Longitude = 071 33.97 W
* NMEA UTC (Time) = May 26 2021  06:18:09
* NMEA baud rate = 4800
** Ship: seawolf
** Station: 1.4
** Operator: tdk
# nquan = 31
# nvalues = 338                         
# units = specified
# name 0 = depSM: Depth [salt water, m]
# name 1 = t090C: Temperature [ITS-90, deg C]
# name 2 = sal00: Salinity, Practical [PSU]
# name 3 = density00: Density [density, kg/m^3]
# name 4 = sbeox0V: Oxygen raw, SBE 43 [V]
# name 5 = sbeox0ML/L: Oxygen, SBE 43 [ml/l]
# name 6 = sbeox0PS: Oxygen, SBE 43 [% saturation]
# name 7 = sbox0dV/dT: Oxygen, SBE 43 [dov/dt]
# name 8 = oxsolML/L: Oxygen Saturation, Garcia & Gordon [ml/l]
# name 9 = oxsatML/L: Oxygen Saturation, Weiss [ml/l]
# name 10 = ph: pH
# name 11 = flECO-AFL: Fluorescence, WET Labs ECO-AFL/FL [mg/m^3]
# name 12 = n2satML/L: Nitrogen Saturation [ml/l]
# name 13 = c0S/m: Conductivity [S/m]
# name 14 = cpar: CPAR/Corrected Irradiance [%]
# name 15 = sigma-é00: Density [sigma-theta, kg/m^3]
# name 16 = sigma-t00: Density [sigma-t, kg/m^3 ]
# name 17 = par: PAR/Irradiance, Biospherical/Licor
# name 18 = prDM: Pressure, Digiquartz [db]
# name 19 = pumps: Pump Status
# name 20 = scan: Scan Count
# name 21 = svCM: Sound Velocity [Chen-Millero, m/s]
# name 22 = spar: SPAR, Biospherical/Licor
# name 23 = specc: Specific Conductance [uS/cm]
# name 24 = timeS: Time, Elapsed [seconds]
# name 25 = timeY: Time, System [seconds]
# name 26 = accM: Acceleration [m/s^2]
# name 27 = dz/dtM: Descent Rate [m/s]
# name 28 = latitude: Latitude [deg]
# name 29 = longitude: Longitude [deg]
# name 30 = flag: flag
# span 0 =      1.964,     85.824       
# span 1 =     6.9400,    13.6256       
# span 2 =    32.7543,    33.7689       
# span 3 =  1024.5472,  1026.5599       
# span 4 =     2.0519,     2.8596       
# span 5 =     5.0806,     7.4835       
# span 6 =     77.964,    118.667       
# span 7 =   -0.01920,    0.02619       
# span 8 =    5.93389,    6.85136       
# span 9 =    5.93058,    6.86065       
# span 10 =      7.913,      8.173      
# span 11 =    -0.0233,     0.5227      
# span 12 =   10.79332,   12.30930      
# span 13 =   3.340093,   3.935204      
# span 14 = -5.845e+03, 1.0332e+05      
# span 15 =    24.5318,    26.1677      
# span 16 =    24.5316,    26.1662      
# span 17 = -1.012e-02, 1.2600e-02      
# span 18 =      2.000,     86.500      
# span 19 =          1,          1      
# span 20 =        -59,      18144      
# span 21 =    1476.71,    1499.74      
# span 22 = -6.549e-02, 2.0901e+00      
# span 23 =  50710.731,  52968.069      
# span 24 =     -2.486,    755.956      
# span 25 = 1622009882, 1622010640      
# span 26 =      -0.56,       0.44      
# span 27 =     -0.791,      0.808      
# span 28 =   40.09611,   40.09647      
# span 29 =  -71.56620,  -71.56386      
# span 30 = 0.0000e+00, 0.0000e+00      
# interval = decibars: 0.5              
# start_time = May 26 2021 06:18:04 [System UTC, first data scan.]
# bad_flag = -9.990e-29
*END*
[from data line 47]
     25.300     8.9630    32.8448  1025.5528     2.7346     7.2502    110.002   -0.01318    6.59096    6.59624      8.127     0.3638   11.88029   3.504229 5.0640e-11    25.4370    25.4366 1.0000e-12     25.500          1       1744    1483.83 1.9747e+00  51615.016     72.638 1622009957      -0.07      0.435   40.09640  -71.56588 0.0000e+00
     25.795     8.9027    32.8464  1025.5658     2.7155     7.1691    108.684   -0.01744    6.59631    6.60167      8.122     0.3722   11.88915   3.498450 5.0640e-11    25.4477    25.4472 1.0000e-12     26.000          1       1768    1483.62 1.9747e+00  51630.450     73.619 1622009958       0.11      0.432   40.09640  -71.56588 0.0000e+00
     26.301     8.7725    32.8537  1025.5940     2.7009     7.1139    107.807   -0.01920    6.59876    6.60415      8.118     0.3746   11.89320   3.487547 5.0640e-11    25.4734    25.4730 1.0000e-12     26.500          1       1787    1483.15 1.9747e+00  51669.170     74.407 1622009959       0.16      0.565   40.09640  -71.56588 0.0000e+00
     26.787     8.6827    32.8578  1025.6132     2.6834     7.0759    107.253   -0.01575    6.59735    6.60272      8.116     0.3832   11.89092   3.480610 5.0640e-11    25.4904    25.4899 1.0000e-12     27.000          1       1817    1482.83 1.9747e+00  51694.719     75.666 1622009960      -0.21      0.489   40.09640  -71.56588 0.0000e+00
     27.293     8.6157    32.8556  1025.6241     2.6590     7.0517    106.596   -0.01016    6.61536    6.62100      8.108     0.3922   11.92063   3.474442 5.0640e-11    25.4989    25.4985 1.0000e-12     27.500          1       1881    1482.59 1.9747e+00  51706.727     78.318 1622009963       0.22      0.163   40.09640  -71.56587 0.0000e+00
     27.783     8.4988    32.8621  1025.6491     2.6417     7.0061    105.789   -0.00984    6.62274    6.62848      8.103     0.4073   11.93279   3.465024 5.0640e-11    25.5216    25.5212 1.0000e-12     28.000          1       1927    1482.17 1.9747e+00  51742.378     80.237 1622009965       0.39      0.332   40.09640  -71.56584 0.0000e+00
     28.283     8.4709    32.8637  1025.6570     2.6355     6.9931    105.584   -0.00878    6.62324    6.62899      8.101     0.4095   11.93362   3.463143 5.0640e-11    25.5272    25.5267 1.0000e-12     28.500          1       1948    1482.07 1.9747e+00  51751.245     81.110 1622009966       0.13      0.555   40.09640  -71.56584 0.0000e+00
     28.778     8.4641    32.8628  1025.6596     2.6303     7.0025    105.699   -0.00481    6.62489    6.63066      8.100     0.4079   11.93636   3.462787 5.0640e-11    25.5275    25.5270 1.0000e-12     29.000          1       1984    1482.05 1.9747e+00  51751.764     82.606 1622009967      -0.15      0.402   40.09640  -71.56584 0.0000e+00
     29.268     8.4577    32.8611  1025.6614     2.6254     7.0133    105.759   -0.00177    6.63139    6.63726      8.100     0.4155   11.94707   3.462341 5.0640e-11    25.5271    25.5267 1.0000e-12     29.500          1       2036    1482.03 1.9747e+00  51751.066     84.801 1622009969       0.12      0.184   40.09640  -71.56584 0.0000e+00
     29.771     8.4526    32.8604  1025.6640     2.6217     6.9978    105.493   -0.00274    6.63347    6.63937      8.097     0.3912   11.95050   3.461844 5.0640e-11    25.5273    25.5269 1.0000e-12     30.000          1       2066    1482.02 1.9747e+00  51751.431     86.047 1622009970       0.11      0.365   40.09640  -71.56584 0.0000e+00
     30.262     8.4048    32.8636  1025.6759     2.6146     6.9768    105.062   -0.00384    6.64066    6.64667      8.092     0.4399   11.96235   3.458028 5.4054e+04    25.5370    25.5365 1.0000e-12     30.500          1       2109    1481.86 9.0729e-01  51767.246     87.816 1622009972      -0.11      0.297   40.09640  -71.56582 0.0000e+00
     30.760     8.3907    32.8640  1025.6807     2.6045     6.9377    104.331   -0.00657    6.64967    6.65581      8.087     0.4111   11.97717   3.456951 9.9608e+04    25.5395    25.5390 1.0000e-12     31.000          1       2142    1481.81 7.7196e-03  51771.341     89.196 1622009974       0.16      0.329   40.09640  -71.56582 0.0000e+00
     31.255     8.3708    32.8648  1025.6866     2.5941     6.8924    103.614   -0.00884    6.65200    6.65818      8.085     0.3851   11.98103   3.455067 9.9999e+04    25.5430    25.5426 1.0000e-12     31.500          1       2170    1481.75 0.0000e+00  51777.249     90.362 1622009975       0.01      0.431   40.09640  -71.56582 0.0000e+00
     31.754     8.2974    32.8713  1025.7049     2.5853     6.8877    103.396   -0.00672    6.66155    6.66788      8.079     0.3978   11.99673   3.449286 3.8647e+04    25.5591    25.5586 1.0000e-12     32.000          1       2205    1481.49 1.2115e+00  51803.596     91.837 1622009976      -0.10      0.368   40.09639  -71.56582 0.0000e+00
     32.242     8.2486    32.8732  1025.7160     2.5677     6.8356    102.450   -0.00782    6.67207    6.67857      8.061     0.4236   12.01398   3.445171 -3.228e+03    25.5679    25.5674 1.0000e-12     32.500          1       2257    1481.31 2.0384e+00  51817.817     94.002 1622009978       0.10      0.161   40.09638  -71.56580 0.0000e+00
     32.744     8.1912    32.8816  1025.7334     2.5487     6.7296    100.830   -0.01514    6.67425    6.68078      8.056     0.4515   12.01758   3.440728 5.0640e-11    25.5829    25.5824 1.0000e-12     33.000          1       2280    1481.12 1.9747e+00  51843.342     94.975 1622009979       0.20      0.401   40.09638  -71.56580 0.0000e+00
     33.244     8.1444    32.8902  1025.7494     2.5283     6.6438     99.487   -0.01883    6.67805    6.68464      8.052     0.4835   12.02382   3.437597 5.0640e-11    25.5965    25.5960 1.0000e-12     33.500          1       2307    1480.96 1.9747e+00  51866.753     96.074 1622009980      -0.03      0.479   40.09638  -71.56580 0.0000e+00
     33.733     8.1168    32.8916  1025.7568     2.5044     6.5955     98.700   -0.01470    6.68241    6.68907      8.045     0.3531   12.03096   3.435393 5.0640e-11    25.6017    25.6013 1.0000e-12     34.000          1       2347    1480.86 1.9747e+00  51875.551     97.751 1622009982      -0.11      0.306   40.09638  -71.56578 0.0000e+00
     34.233     8.0885    32.8941  1025.7652     2.4889     6.5607     98.171   -0.01221    6.68295    6.68962      8.040     0.3285   12.03186   3.433147 5.0640e-11    25.6078    25.6073 1.0000e-12     34.500          1       2378    1480.77 1.9747e+00  51885.932     99.032 1622009983       0.17      0.333   40.09638  -71.56578 0.0000e+00
     34.728     8.0557    32.9003  1025.7772     2.4717     6.5250     97.555   -0.00988    6.68854    6.69530      8.034     0.2773   12.04098   3.431033 5.0640e-11    25.6175    25.6170 1.0000e-12     35.000          1       2422    1480.66 1.9747e+00  51902.845    100.861 1622009985      -0.08      0.287   40.09638  -71.56578 0.0000e+00
     35.219     8.0460    32.9021  1025.7823     2.4582     6.5057     97.161   -0.00718    6.69576    6.70265      8.028     0.2146   12.05275   3.430406 5.0640e-11    25.6203    25.6198 1.0000e-12     35.500          1       2464    1480.63 1.9747e+00  51908.001    102.628 1622009987       0.31      0.236   40.09638  -71.56578 0.0000e+00
     35.725     8.0211    32.9038  1025.7896     2.4493     6.4676     96.576   -0.00879    6.69693    6.70383      8.022     0.2162   12.05465   3.428191 5.0640e-11    25.6253    25.6248 1.0000e-12     36.000          1       2483    1480.55 1.9747e+00  51916.569    103.412 1622009988       0.27      0.504   40.09638  -71.56578 0.0000e+00
     36.219     7.9904    32.9150  1025.8051     2.4359     6.4065     95.643   -0.01171    6.69835    6.70528      8.020     0.1574   12.05699   3.426700 5.0640e-11    25.6385    25.6380 1.0000e-12     36.500          1       2509    1480.45 1.9747e+00  51940.144    104.501 1622009989      -0.12      0.539   40.09638  -71.56576 0.0000e+00
     36.711     7.9570    32.9248  1025.8200     2.4227     6.3787     95.115   -0.01055    6.70630    6.71335      8.017     0.1626   12.07001   3.424736 5.0640e-11    25.6511    25.6506 1.0000e-12     37.000          1       2542    1480.35 1.9747e+00  51962.387    105.880 1622009990      -0.03      0.355   40.09638  -71.56576 0.0000e+00
     37.212     7.9462    32.9266  1025.8253     2.4157     6.3902     95.153   -0.00670    6.71575    6.72296      8.014     0.1539   12.08550   3.424019 5.0640e-11    25.6541    25.6536 1.0000e-12     37.500          1       2571    1480.32 1.9747e+00  51967.851    107.087 1622009991       0.02      0.409   40.09638  -71.56576 0.0000e+00
     37.700     7.9131    32.9315  1025.8362     2.4061     6.3692     94.732   -0.00629    6.72343    6.73076      8.012     0.1328   12.09812   3.421262 5.0640e-11    25.6627    25.6622 1.0000e-12     38.000          1       2606    1480.20 1.9747e+00  51982.893    108.556 1622009993      -0.06      0.341   40.09638  -71.56576 0.0000e+00
     38.205     7.8382    32.9451  1025.8601     2.3989     6.3493     94.333   -0.00690    6.73067    6.73811      8.008     0.0899   12.11006   3.415982 5.0640e-11    25.6842    25.6837 1.0000e-12     38.500          1       2631    1479.94 1.9747e+00  52020.860    109.602 1622009994       0.12      0.420   40.09638  -71.56575 0.0000e+00
     38.693     7.7839    32.9518  1025.8754     2.3885     6.3211     93.844   -0.00677    6.73567    6.74319      8.000     0.0591   12.11830   3.411810 5.0640e-11    25.6972    25.6967 1.0000e-12     39.000          1       2668    1479.75 1.9747e+00  52043.680    111.110 1622009996      -0.15      0.369   40.09638  -71.56574 0.0000e+00
     39.192     7.7423    32.9549  1025.8861     2.3784     6.2803     93.232   -0.00800    6.73620    6.74373      7.996     0.0779   12.11918   3.408253 5.0640e-11    25.7056    25.7050 1.0000e-12     39.500          1       2695    1479.61 1.9747e+00  52058.443    112.248 1622009997       0.19      0.358   40.09638  -71.56574 0.0000e+00
     39.691     7.6970    32.9571  1025.8967     2.3709     6.2583     92.791   -0.00885    6.74454    6.75218      7.995     0.0737   12.13300   3.404709 5.0640e-11    25.7139    25.7133 1.0000e-12     40.000          1       2717    1479.45 1.9747e+00  52073.333    113.167 1622009998       0.10      0.520   40.09638  -71.56574 0.0000e+00
     40.188     7.6896    32.9574  1025.9003     2.3634     6.2570     92.589   -0.00735    6.75788    6.76571      7.992     0.0686   12.15510   3.404304 3.5774e+03    25.7151    25.7146 1.0000e-12     40.500          1       2743    1479.43 1.9041e+00  52075.765    114.267 1622009999      -0.08      0.499   40.09638  -71.56574 0.0000e+00
     40.682     7.6605    32.9551  1025.9049     2.3505     6.2206     91.886   -0.00826    6.76985    6.77789      7.982     0.0595   12.17476   3.401153 9.9378e+04    25.7175    25.7169 1.0000e-12     41.000          1       2778    1479.32 1.2272e-02  52079.976    115.704 1622010000      -0.07      0.365   40.09638  -71.56572 0.0000e+00
     41.172     7.5580    32.9495  1025.9174     2.3356     6.1560     90.924   -0.01064    6.77041    6.77846      7.973     0.1145   12.17554   3.391333 8.4815e+04    25.7276    25.7270 1.0000e-12     41.500          1       2813    1478.93 2.9983e-01  52097.736    117.150 1622010002       0.03      0.328   40.09638  -71.56572 0.0000e+00
     41.671     7.4592    32.9453  1025.9302     2.3252     6.1253     90.420   -0.01054    6.77427    6.78238      7.971     0.1366   12.18193   3.382133 -9.115e+02    25.7380    25.7375 1.0000e-12     42.000          1       2834    1478.55 1.9927e+00  52116.820    118.052 1622010002       0.19      0.430   40.09638  -71.56572 0.0000e+00
     42.174     7.4707    32.9637  1025.9454     2.3159     6.0904     89.844   -0.01182    6.77881    6.78698      7.970     0.1009   12.18946   3.386093 5.0640e-11    25.7509    25.7503 1.0000e-12     42.500          1       2852    1478.63 1.9747e+00  52140.484    118.807 1622010003       0.17      0.589   40.09638  -71.56572 0.0000e+00
     42.669     7.4528    32.9683  1025.9538     2.3031     6.0680     89.411   -0.00988    6.78669    6.79498      7.967     0.1183   12.20251   3.384330 5.0640e-11    25.7570    25.7565 1.0000e-12     43.000          1       2887    1478.57 1.9747e+00  52151.899    120.257 1622010005      -0.17      0.429   40.09638  -71.56572 0.0000e+00
     43.159     7.3784    32.9648  1025.9637     2.2914     6.0773     89.380   -0.00459    6.79943    6.80791      7.967     0.0801   12.22358   3.377350 5.0640e-11    25.7646    25.7641 1.0000e-12     43.500          1       2940    1478.29 1.9747e+00  52165.968    122.446 1622010007       0.12      0.191   40.09638  -71.56570 0.0000e+00
     43.656     7.3408    32.9640  1025.9707     2.2866     6.0902     89.268   -0.00368    6.82234    6.83117      7.964     0.0708   12.26148   3.374174 5.0640e-11    25.7692    25.7687 1.0000e-12     44.000          1       2970    1478.15 1.9747e+00  52174.864    123.703 1622010008       0.09      0.365   40.09638  -71.56570 0.0000e+00
     44.147     7.3199    32.9638  1025.9757     2.2803     6.0638     88.812   -0.00522    6.82768    6.83659      7.961     0.0824   12.27033   3.372326 5.0640e-11    25.7720    25.7714 1.0000e-12     44.500          1       2994    1478.08 1.9747e+00  52180.331    124.713 1622010009       0.09      0.437   40.09638  -71.56570 0.0000e+00
     44.648     7.2815    32.9620  1025.9820     2.2753     6.0398     88.442   -0.00653    6.82909    6.83802      7.958     0.0819   12.27267   3.368287 5.0640e-11    25.7759    25.7753 1.0000e-12     45.000          1       3011    1477.94 1.9747e+00  52188.193    125.397 1622010010       0.24      0.550   40.09638  -71.56570 0.0000e+00
     45.154     7.1938    32.9591  1025.9941     2.2711     6.0258     88.211   -0.00680    6.83108    6.84004      7.957     0.0908   12.27597   3.359890 5.0640e-11    25.7856    25.7850 1.0000e-12     45.500          1       3026    1477.60 1.9747e+00  52206.462    126.062 1622010010       0.17      0.701   40.09638  -71.56568 0.0000e+00
     45.646     7.1128    32.9570  1026.0059     2.2644     6.0125     87.959   -0.00610    6.83557    6.84460      7.954     0.0799   12.28342   3.353202 5.0640e-11    25.7950    25.7944 1.0000e-12     46.000          1       3055    1477.29 1.9747e+00  52225.162    127.237 1622010012      -0.22      0.562   40.09638  -71.56568 0.0000e+00
     46.134     7.0729    32.9537  1026.0110     2.2555     5.9989     87.664   -0.00478    6.84303    6.85217      7.948     0.0448   12.29572   3.349680 5.0640e-11    25.7978    25.7972 1.0000e-12     46.500          1       3099    1477.14 1.9747e+00  52231.302    129.068 1622010014       0.02      0.220   40.09638  -71.56568 0.0000e+00
     46.637     7.0441    32.9520  1026.0159     2.2494     5.9802     87.361   -0.00484    6.84541    6.85460      7.942     0.0380   12.29958   3.347006 5.0640e-11    25.8003    25.7998 1.0000e-12     47.000          1       3128    1477.04 1.9747e+00  52236.790    130.286 1622010015       0.07      0.379   40.09638  -71.56568 0.0000e+00
     47.128     6.9993    32.9533  1026.0253     2.2388     5.9401     86.717   -0.00617    6.85001    6.85927      7.935     0.0695   12.30711   3.343383 5.0640e-11    25.8074    25.8068 1.0000e-12     47.500          1       3169    1476.87 1.9747e+00  52250.755    131.997 1622010016      -0.08      0.298   40.09637  -71.56568 0.0000e+00
     47.622     6.9806    32.9601  1026.0354     2.2299     5.9085     86.239   -0.00662    6.85136    6.86065      7.930     0.0787   12.30930   3.342453 5.0640e-11    25.8153    25.8147 1.0000e-12     48.000          1       3201    1476.82 1.9747e+00  52265.787    133.333 1622010018       0.14      0.328   40.09638  -71.56566 0.0000e+00
