CalculateIndicators/WaterTemperature/Data/CTD_NYOS/20210524_C26.cnv
* Sea-Bird SBE 9 Data File:
* FileName = C:\Seabird 9 CTD\Data\2021\202105_offshore\20210524_C26.hex
* Software Version Seasave V 7.23.2
* Temperature SN = 4590
* Conductivity SN = 3228
* Number of Bytes Per Scan = 44
* Number of Voltage Words = 5
* Number of Scans Averaged by the Deck Unit = 1
* NMEA Latitude = 40 25.86 N
* NMEA Longitude = 072 23.21 W
* NMEA UTC (Time) = May 24 2021  16:24:42
* NMEA baud rate = 4800
** Ship: seawolf
** Station: 3.2
** Operator: eih
# nquan = 31
# nvalues = 192                         
# units = specified
# name 0 = depSM: Depth [salt water, m]
# name 1 = t090C: Temperature [ITS-90, deg C]
# name 2 = sal00: Salinity, Practical [PSU]
# name 3 = density00: Density [density, kg/m^3]
# name 4 = sbeox0V: Oxygen raw, SBE 43 [V]
# name 5 = sbeox0ML/L: Oxygen, SBE 43 [ml/l]
# name 6 = sbeox0PS: Oxygen, SBE 43 [% saturation]
# name 7 = sbox0dV/dT: Oxygen, SBE 43 [dov/dt]
# name 8 = oxsolML/L: Oxygen Saturation, Garcia & Gordon [ml/l]
# name 9 = oxsatML/L: Oxygen Saturation, Weiss [ml/l]
# name 10 = ph: pH
# name 11 = flECO-AFL: Fluorescence, WET Labs ECO-AFL/FL [mg/m^3]
# name 12 = n2satML/L: Nitrogen Saturation [ml/l]
# name 13 = c0S/m: Conductivity [S/m]
# name 14 = cpar: CPAR/Corrected Irradiance [%]
# name 15 = sigma-é00: Density [sigma-theta, kg/m^3]
# name 16 = sigma-t00: Density [sigma-t, kg/m^3 ]
# name 17 = par: PAR/Irradiance, Biospherical/Licor
# name 18 = prDM: Pressure, Digiquartz [db]
# name 19 = pumps: Pump Status
# name 20 = scan: Scan Count
# name 21 = svCM: Sound Velocity [Chen-Millero, m/s]
# name 22 = spar: SPAR, Biospherical/Licor
# name 23 = specc: Specific Conductance [uS/cm]
# name 24 = timeS: Time, Elapsed [seconds]
# name 25 = timeY: Time, System [seconds]
# name 26 = accM: Acceleration [m/s^2]
# name 27 = dz/dtM: Descent Rate [m/s]
# name 28 = latitude: Latitude [deg]
# name 29 = longitude: Longitude [deg]
# name 30 = flag: flag
# span 0 =      1.463,     49.143       
# span 1 =     6.9062,    14.7948       
# span 2 =    31.1149,    33.0248       
# span 3 =  1023.0749,  1026.0989       
# span 4 =     2.0572,     2.8907       
# span 5 =     4.9627,     7.0460       
# span 6 =     78.063,    120.366       
# span 7 =   -0.09745,    0.09566       
# span 8 =    5.83422,    6.85645       
# span 9 =    5.82913,    6.86581       
# span 10 =      7.869,      8.051      
# span 11 =     0.0289,     1.0608      
# span 12 =   10.64014,   12.31781      
# span 13 =   3.336596,   3.906444      
# span 14 = 3.0010e-02, 5.7505e+01      
# span 15 =    23.0661,    25.8723      
# span 16 =    23.0661,    25.8717      
# span 17 = 4.8520e-01, 1.0197e+03      
# span 18 =      1.500,     49.500      
# span 19 =          1,          1      
# span 20 =        417,      17170      
# span 21 =    1476.30,    1502.20      
# span 22 = 1.5709e+03, 1.9195e+03      
# span 23 =  48317.851,  52370.159      
# span 24 =     17.332,    715.366      
# span 25 = 1621873497, 1621874195      
# span 26 =      -1.00,       1.04      
# span 27 =     -1.141,      1.184      
# span 28 =   40.43106,   40.43118      
# span 29 =  -72.38764,  -72.38688      
# span 30 = 0.0000e+00, 0.0000e+00      
# interval = decibars: 0.5              
# start_time = May 24 2021 16:24:40 [System UTC, first data scan.]
# bad_flag = -9.990e-29
*END*
[from data line 47]
     25.304     8.6130    32.4956  1025.3333     2.4477     6.4070     96.563   -0.00543    6.63514    6.64071      8.013     0.3751   11.95743   3.440229 1.9134e+00    25.2172    25.2168 3.3815e+01     25.500          1       2486    1482.10 1.7674e+03  51195.718    103.522 1621873583       0.06      0.331   40.43112  -72.38700 0.0000e+00
     25.800     8.4945    32.5193  1025.3721     2.4352     6.3764     95.921   -0.00593    6.64756    6.65332      8.010     0.3641   11.97775   3.431893 1.8128e+00    25.2536    25.2532 3.2255e+01     26.000          1       2539    1481.69 1.7794e+03  51255.489    105.761 1621873585       0.40      0.275   40.43112  -72.38700 0.0000e+00
     26.293     8.4151    32.5352  1025.3987     2.4269     6.3653     95.631   -0.00485    6.65614    6.66204      8.010     0.3553   11.99179   3.426935 1.6866e+00    25.2779    25.2776 3.0288e+01     26.500          1       2583    1481.42 1.7958e+03  51296.113    107.584 1621873587       0.00      0.299   40.43112  -72.38700 0.0000e+00
     26.791     8.3677    32.5435  1025.4147     2.4203     6.3534     95.415   -0.00376    6.65872    6.66466      8.011     0.3640   11.99601   3.423587 1.6072e+00    25.2915    25.2912 2.8950e+01     27.000          1       2622    1481.26 1.8013e+03  51318.931    109.221 1621873589       0.48      0.234   40.43112  -72.38700 0.0000e+00
     27.295     8.3062    32.5582  1025.4377     2.4146     6.3481     95.127   -0.00413    6.67334    6.67951      8.005     0.3979   12.01986   3.419624 1.5151e+00    25.3122    25.3118 2.7346e+01     27.500          1       2658    1481.06 1.8049e+03  51353.944    110.716 1621873590       0.31      0.423   40.43112  -72.38700 0.0000e+00
     27.785     8.2113    32.5796  1025.4708     2.4021     6.3083     94.329   -0.00644    6.68759    6.69401      7.999     0.4180   12.04309   3.413298 1.4432e+00    25.3430    25.3426 2.6210e+01     28.000          1       2718    1480.74 1.8162e+03  51406.101    113.226 1621873593       0.61      0.308   40.43112  -72.38700 0.0000e+00
     28.286     8.1566    32.5982  1025.4957     2.3972     6.2969     94.100   -0.00635    6.69172    6.69820      7.998     0.4177   12.04982   3.410594 1.3570e+00    25.3656    25.3652 2.4733e+01     28.500          1       2740    1480.56 1.8228e+03  51445.817    114.113 1621873594       0.10      0.599   40.43112  -72.38700 0.0000e+00
     28.772     8.1173    32.6059  1025.5097     2.3903     6.2897     93.971   -0.00416    6.69324    6.69975 -9.990e-29     0.4177   12.05232   3.408015 1.2592e+00    25.3774    25.3770 2.3216e+01     29.000          1       2781    1480.43 1.8436e+03  51465.986    115.851 1621873596      -0.19      0.301   40.43112  -72.38700 0.0000e+00
     29.273     8.0609    32.6196  1025.5311     2.3845     6.3012     93.868   -0.00258    6.71295    6.71979      7.990     0.3932   12.08444   3.404515 1.1796e+00    25.3964    25.3959 2.1359e+01     29.500          1       2842    1480.24 1.8113e+03  51498.890    118.379 1621873598       0.17      0.231   40.43110  -72.38700 0.0000e+00
     29.761     8.0007    32.6386  1025.5570     2.3700     6.2584     92.737   -0.00770    6.74860    6.75603      7.985     0.3087   12.14260   3.400953 1.1490e+00    25.4200    25.4196 2.0626e+01     30.000          1       2913    1480.04 1.7954e+03  51540.489    121.350 1621873601       0.43      0.331   40.43110  -72.38700 0.0000e+00
     30.263     7.8970    32.6615  1025.5923     2.3627     6.2242     92.210   -0.00943    6.75005    6.75750      7.985     0.3153   12.14497   3.393093 1.0701e+00    25.4529    25.4525 1.9410e+01     30.500          1       2928    1479.68 1.8138e+03  51597.863    121.973 1621873602       0.31      0.583   40.43110  -72.38700 0.0000e+00
     30.767     7.7501    32.6964  1025.6430     2.3553     6.1997     91.743   -0.01059    6.75760    6.76520      7.985     0.3199   12.15722   3.383319 9.9730e-01    25.5013    25.5009 1.8112e+01     31.000          1       2945    1479.18 1.8161e+03  51682.927    122.665 1621873602       0.10      0.722   40.43110  -72.38700 0.0000e+00
     31.256     7.6067    32.7406  1025.7005     2.3350     6.1435     90.846   -0.00955    6.76252    6.77020      7.978     0.2796   12.16521   3.375731 9.2797e-01    25.5564    25.5560 1.6891e+01     31.500          1       2998    1478.69 1.8203e+03  51781.531    124.862 1621873605       0.04      0.301   40.43110  -72.38700 0.0000e+00
     31.760     7.5434    32.7674  1025.7328     2.3191     6.1104     90.197   -0.00830    6.77460    6.78251      7.974     0.3170   12.18475   3.372644 8.6587e-01    25.5863    25.5859 1.5749e+01     32.000          1       3045    1478.49 1.8189e+03  51835.584    126.850 1621873607       0.33      0.345   40.43110  -72.38700 0.0000e+00
     32.245     7.3809    32.8245  1025.8026     2.2654     5.9091     86.208   -0.02304    6.85447    6.86382      7.937     0.5952   12.31438   3.362151 8.4170e-01    25.6538    25.6533 1.5288e+01     32.500          1       3128    1477.94 1.8163e+03  51957.659    130.308 1621873610       0.88      0.299   40.43110  -72.38702 0.0000e+00
     32.755     7.1872    32.8892  1025.8827     2.2427     5.7722     84.209   -0.03179    6.85461    6.86396      7.933     0.5428   12.31459   3.351881 7.8809e-01    25.7314    25.7310 1.4387e+01     33.000          1       3141    1477.28 1.8256e+03  52100.832    130.820 1621873611       0.54      0.717   40.43110  -72.38702 0.0000e+00
     33.244     7.0457    32.9233  1025.9310     2.1947     5.5370     80.766   -0.04247    6.85566    6.86503      7.928     0.6321   12.31623   3.342678 7.3320e-01    25.7773    25.7769 1.3420e+01     33.500          1       3166    1476.79 1.8303e+03  52186.543    131.867 1621873612      -0.25      0.676   40.43110  -72.38702 0.0000e+00
     33.732     6.9135    32.9755  1025.9922     2.1139     5.3517     78.063   -0.02936    6.85564    6.86501      7.910     0.8029   12.31616   3.336596 6.9156e-01    25.8362    25.8358 1.2592e+01     34.000          1       3230    1476.34 1.8208e+03  52295.686    134.559 1621873614       0.03      0.125   40.43110  -72.38702 0.0000e+00
     34.230     6.9062    32.9826  1026.0011     2.0863     5.3882     78.598   -0.01019    6.85539    6.86477      7.904     0.9751   12.31575   3.337098 6.4575e-01    25.8428    25.8424 1.1721e+01     34.500          1       3281    1476.33 1.8150e+03  52308.554    136.659 1621873616       0.42      0.273   40.43110  -72.38702 0.0000e+00
     34.735     6.9072    32.9879  1026.0075     2.0786     5.3884     78.605   -0.00634    6.85504    6.86442      7.902     0.8415   12.31504   3.337879 5.8326e-01    25.8468    25.8464 1.0611e+01     35.000          1       3318    1476.35 1.8195e+03  52316.134    138.197 1621873618       0.19      0.401   40.43110  -72.38702 0.0000e+00
     35.221     6.9074    33.0018  1026.0207     2.0673     5.3683     78.327   -0.00361    6.85376    6.86314      7.899     0.5153   12.31279   3.339531 5.3634e-01    25.8578    25.8573 9.8204e+00     35.500          1       3387    1476.38 1.8309e+03  52336.447    141.080 1621873621       0.39      0.252   40.43110  -72.38702 0.0000e+00
     35.718     6.9088    33.0056  1026.0258     2.0648     5.3608     78.220   -0.00342    6.85350    6.86287      7.898     0.5556   12.31237   3.340017 4.9643e-01    25.8606    25.8601 9.0677e+00     36.000          1       3407    1476.40 1.8266e+03  52341.758    141.907 1621873622       0.17      0.510   40.43109  -72.38702 0.0000e+00
     36.218     6.9107    33.0061  1026.0282     2.0631     5.3580     78.177   -0.00297    6.85374    6.86311      7.897     0.6039   12.31277   3.340308 4.5119e-01    25.8607    25.8602 8.2568e+00     36.500          1       3426    1476.41 1.8301e+03  52342.252    142.688 1621873622       0.08      0.596   40.43108  -72.38702 0.0000e+00
     36.721     6.9126    33.0062  1026.0304     2.0617     5.3624     78.247   -0.00152    6.85325    6.86261      7.897     0.5860   12.31198   3.340607 4.0806e-01    25.8606    25.8601 7.5037e+00     37.000          1       3462    1476.43 1.8389e+03  52342.314    144.228 1621873624       0.07      0.557   40.43108  -72.38702 0.0000e+00
     37.214     6.9167    33.0104  1026.0354     2.0598     5.3634     78.296   -0.00018    6.85024    6.85956 -9.990e-29     0.5397   12.30699   3.341807 3.8795e-01    25.8633    25.8629 7.2086e+00     37.500          1       3553    1476.46 1.8582e+03  52347.445    147.986 1621873628       0.95      0.563   40.43108  -72.38702 0.0000e+00
     37.721     6.9256    33.0201  1026.0442     2.0604     5.3673     78.350    0.00004    6.85037    6.85971 -9.990e-29     0.5724   12.30708   3.343405 3.5592e-01    25.8698    25.8694 6.6424e+00     38.000          1       3566    1476.51 1.8664e+03  52359.516    148.556 1621873628       0.51      0.922   40.43108  -72.38702 0.0000e+00
     38.207     6.9319    33.0225  1026.0475     2.0617     5.3761     78.482    0.00059    6.85010    6.85944      7.897     0.5064   12.30654   3.344077 3.2558e-01    25.8708    25.8704 6.1417e+00     38.500          1       3612    1476.55 1.8865e+03  52361.411    150.450 1621873630       0.00      0.584   40.43108  -72.38702 0.0000e+00
     38.702     6.9320    33.0233  1026.0505     2.0630     5.3776     78.503    0.00014    6.85018    6.85952      7.896     0.4130   12.30668   3.344216 3.0507e-01    25.8715    25.8710 5.7974e+00     39.000          1       3663    1476.56 1.9004e+03  52363.056    152.592 1621873632       0.54      0.396   40.43108  -72.38702 0.0000e+00
     39.198     6.9313    33.0228  1026.0524     2.0624     5.3751     78.466    0.00002    6.85022    6.85956      7.894     0.3982   12.30677   3.344175 2.7967e-01    25.8712    25.8707 5.3253e+00     39.500          1       3713    1476.56 1.9040e+03  52362.708    154.658 1621873634       0.21      0.499   40.43108  -72.38702 0.0000e+00
     39.689     6.9320    33.0230  1026.0548     2.0611     5.3710     78.413    0.00008    6.84968    6.85901 -9.990e-29     0.4367   12.30587   3.344279 2.6840e-01    25.8713    25.8708 5.1392e+00     40.000          1       3781    1476.57 1.9148e+03  52363.246    157.512 1621873637       0.82      0.447   40.43108  -72.38702 0.0000e+00
     40.201     6.9324    33.0231  1026.0572     2.0617     5.3755     78.476    0.00040    6.84986    6.85919 -9.990e-29     0.4831   12.30615   3.344332 2.4330e-01    25.8713    25.8708 4.6700e+00     40.500          1       3793    1476.58 1.9195e+03  52363.588    157.980 1621873638       0.54      0.809   40.43108  -72.38704 0.0000e+00
     40.692     6.9331    33.0226  1026.0589     2.0615     5.3734     78.443    0.00007    6.85003    6.85937 -9.990e-29     0.4401   12.30643   3.344363 2.1907e-01    25.8708    25.8703 4.2043e+00     41.000          1       3847    1476.60 1.9191e+03  52363.022    160.255 1621873640       0.25      0.511   40.43108  -72.38704 0.0000e+00
     41.181     6.9327    33.0225  1026.0612     2.0619     5.3761     78.483    0.00020    6.85000    6.85933      7.890     0.4407   12.30637   3.344366 2.0101e-01    25.8708    25.8703 3.8455e+00     41.500          1       3906    1476.60 1.9130e+03  52363.366    162.722 1621873642      -0.01      0.371   40.43108  -72.38704 0.0000e+00
     41.672     6.9330    33.0226  1026.0635     2.0621     5.3756     78.477    0.00001    6.84989    6.85922      7.889     0.4115   12.30619   3.344423 1.7972e-01    25.8707    25.8702 3.4447e+00     42.000          1       3983    1476.61 1.9167e+03  52363.624    165.931 1621873646       0.10      0.129   40.43108  -72.38704 0.0000e+00
     42.160     6.9334    33.0230  1026.0660     2.0623     5.3796     78.539    0.00041    6.84955    6.85888 -9.990e-29     0.4202   12.30564   3.344529 1.6871e-01    25.8711    25.8706 3.2298e+00     42.500          1       4069    1476.62 1.9144e+03  52364.498    169.516 1621873649       0.50      0.208   40.43108  -72.38704 0.0000e+00
     42.666     6.9338    33.0237  1026.0689     2.0625     5.3789     78.529    0.00025    6.84952    6.85885 -9.990e-29     0.3901   12.30558   3.344654 1.5392e-01    25.8716    25.8711 2.9441e+00     43.000          1       4083    1476.63 1.9127e+03  52365.810    170.099 1621873650       0.48      0.537   40.43108  -72.38704 0.0000e+00
     43.173     6.9337    33.0233  1026.0709     2.0627     5.3798     78.540    0.00024    6.84975    6.85909 -9.990e-29     0.4006   12.30596   3.344623 1.3790e-01    25.8713    25.8707 2.6300e+00     43.500          1       4106    1476.64 1.9073e+03  52365.597    171.022 1621873651       0.06      0.697   40.43108  -72.38704 0.0000e+00
     43.655     6.9338    33.0228  1026.0727     2.0622     5.3744     78.460   -0.00048    6.84982    6.85915      7.886     0.4133   12.30608   3.344604 1.2221e-01    25.8708    25.8703 2.3166e+00     44.000          1       4251    1476.65 -9.990e-29  52365.105    177.079 1621873657      -0.05      0.257   40.43108  -72.38706 0.0000e+00
     44.143     6.9336    33.0224  1026.0747     2.0605     5.3658     78.335   -0.00084    6.84979    6.85912      7.884     0.4064   12.30604   3.344563 1.1263e-01    25.8706    25.8700 2.1351e+00     44.500          1       4289    1476.65 -9.990e-29  52364.964    178.648 1621873658       0.33      0.202   40.43108  -72.38706 0.0000e+00
     44.659     6.9335    33.0224  1026.0771     2.0608     5.3666     78.345   -0.00087    6.84992    6.85926      7.884     0.3787   12.30626   3.344612 1.0116e-01    25.8706    25.8700 1.9164e+00     45.000          1       4303    1476.66 1.8938e+03  52365.329    179.261 1621873659       0.47      0.514   40.43108  -72.38706 0.0000e+00
     45.153     6.9344    33.0241  1026.0806     2.0587     5.3647     78.321   -0.00019    6.84966    6.85899      7.883     0.3998   12.30580   3.344844 9.1509e-02    25.8718    25.8713 1.7224e+00     45.500          1       4383    1476.67 1.8824e+03  52367.835    182.585 1621873662       0.23      0.528   40.43108  -72.38706 0.0000e+00
     45.646     6.9344    33.0237  1026.0826     2.0579     5.3682     78.373    0.00070    6.84963    6.85896      7.883     0.3967   12.30575   3.344838 8.2604e-02    25.8716    25.8710 1.5557e+00     46.000          1       4431    1476.68 1.8834e+03  52367.760    184.601 1621873664       0.10      0.580   40.43108  -72.38706 0.0000e+00
     46.144     6.9345    33.0237  1026.0849     2.0572     5.3607     78.262   -0.00014    6.84968    6.85901      7.883     0.3813   12.30582   3.344865 7.3193e-02    25.8715    25.8710 1.3700e+00     46.500          1       4513    1476.69 1.8716e+03  52367.954    188.003 1621873668       0.12      0.472   40.43108  -72.38706 0.0000e+00
     46.637     6.9348    33.0244  1026.0877     2.0575     5.3652     78.329    0.00032    6.84956    6.85890      7.883     0.4040   12.30563   3.344988 6.6126e-02    25.8720    25.8715 1.2251e+00     47.000          1       4582    1476.70 1.8523e+03  52369.263    190.872 1621873671      -0.08      0.495   40.43108  -72.38706 0.0000e+00
     47.130     6.9351    33.0248  1026.0902     2.0592     5.3739     78.456    0.00076    6.84955    6.85888      7.883     0.4201   12.30561   3.345060 5.8628e-02    25.8723    25.8717 1.0773e+00     47.500          1       4640    1476.71 1.8372e+03  52370.031    193.289 1621873673      -0.02      0.240   40.43108  -72.38706 0.0000e+00
     47.624     6.9351    33.0244  1026.0922     2.0595     5.3696     78.393   -0.00010    6.84952    6.85885      7.882     0.4256   12.30557   3.345044 5.1907e-02    25.8720    25.8714 9.3920e-01     48.000          1       4751    1476.72 1.8095e+03  52369.781    197.904 1621873678       0.11      0.271   40.43108  -72.38706 0.0000e+00
