CalculateIndicators/WaterTemperature/Data/CTD_NYOS/20210321_C07.cnv
* Sea-Bird SBE 9 Data File:
* FileName = C:\Seabird 9 CTD\Data\2021\202103_offshore\20210321_C07.hex
* Software Version Seasave V 7.23.2
* Temperature SN = 4590
* Conductivity SN = 3228
* Number of Bytes Per Scan = 44
* Number of Voltage Words = 5
* Number of Scans Averaged by the Deck Unit = 1
* NMEA Latitude = 38 55.65 N
* NMEA Longitude = 073 13.03 W
* NMEA UTC (Time) = Mar 21 2021  22:26:36
* NMEA baud rate = 4800
** Ship: RV Seawolf
** Station: 7.5
** Operator: EIH
# nquan = 31
# nvalues = 143                         
# units = specified
# name 0 = depSM: Depth [salt water, m]
# name 1 = t090C: Temperature [ITS-90, deg C]
# name 2 = sal00: Salinity, Practical [PSU]
# name 3 = density00: Density [density, kg/m^3]
# name 4 = sbeox0V: Oxygen raw, SBE 43 [V]
# name 5 = sbeox0ML/L: Oxygen, SBE 43 [ml/l]
# name 6 = sbeox0PS: Oxygen, SBE 43 [% saturation]
# name 7 = sbox0dV/dT: Oxygen, SBE 43 [dov/dt]
# name 8 = oxsolML/L: Oxygen Saturation, Garcia & Gordon [ml/l]
# name 9 = oxsatML/L: Oxygen Saturation, Weiss [ml/l]
# name 10 = ph: pH
# name 11 = flECO-AFL: Fluorescence, WET Labs ECO-AFL/FL [mg/m^3]
# name 12 = n2satML/L: Nitrogen Saturation [ml/l]
# name 13 = c0S/m: Conductivity [S/m]
# name 14 = cpar: CPAR/Corrected Irradiance [%]
# name 15 = sigma-é00: Density [sigma-theta, kg/m^3]
# name 16 = sigma-t00: Density [sigma-t, kg/m^3 ]
# name 17 = par: PAR/Irradiance, Biospherical/Licor
# name 18 = prDM: Pressure, Digiquartz [db]
# name 19 = pumps: Pump Status
# name 20 = scan: Scan Count
# name 21 = svCM: Sound Velocity [Chen-Millero, m/s]
# name 22 = spar: SPAR, Biospherical/Licor
# name 23 = specc: Specific Conductance [uS/cm]
# name 24 = timeS: Time, Elapsed [seconds]
# name 25 = timeY: Time, System [seconds]
# name 26 = accM: Acceleration [m/s^2]
# name 27 = dz/dtM: Descent Rate [m/s]
# name 28 = latitude: Latitude [deg]
# name 29 = longitude: Longitude [deg]
# name 30 = flag: flag
# span 0 =      0.935,     71.449       
# span 1 =     9.9650,    10.5223       
# span 2 =    34.3733,    34.4358       
# span 3 =  1026.3911,  1026.8154       
# span 4 =     2.4173,     2.6606       
# span 5 =     6.0473,     6.7649       
# span 6 =     95.686,    107.167       
# span 7 =   -0.01288,    0.01262       
# span 8 =    6.26655,    6.34514       
# span 9 =    6.26872,    6.34841       
# span 10 =      8.565,      8.615      
# span 11 =     0.4501,     1.5018      
# span 12 =   11.32571,   11.45579      
# span 13 =   3.745547,   3.798416      
# span 14 = -1.431e-05, 2.6699e+01      
# span 15 =    26.3865,    26.4911      
# span 16 =    26.3864,    26.4897      
# span 17 = -9.035e-05, 1.8886e+02      
# span 18 =      1.000,     72.000      
# span 19 =          1,          1      
# span 20 =        484,      20913      
# span 21 =    1489.19,    1491.02      
# span 22 = 1.6738e+02, 7.3497e+02      
# span 23 =  53460.607,  53643.392      
# span 24 =     20.121,    871.320      
# span 25 = 1616365617, 1616366469      
# span 26 =      -0.62,       0.97      
# span 27 =     -0.981,      1.222      
# span 28 =   38.92689,   38.92756      
# span 29 =  -73.21945,  -73.21736      
# span 30 = 0.0000e+00, 0.0000e+00      
# interval = decibars: 1                
# start_time = Mar 21 2021 22:26:38 [System UTC, first data scan.]
# bad_flag = -9.990e-29
*END*
[from data line 47]
     47.632    10.0143    34.3943  1026.6938     2.4495     6.1320     96.920   -0.00202    6.33553    6.33868 -9.990e-29     0.8596   11.43969   3.753377 1.6184e-13    26.4774    26.4765 1.0000e-12     48.000          1       3289    1489.93 6.1789e+02  53592.311    137.018 1616365734       0.42      0.652   38.92746  -73.21760 0.0000e+00
     48.630    10.0228    34.3964  1026.6985     2.4466     6.1292     96.774   -0.00208    6.33545    6.33860      8.570     0.9477   11.43956   3.754412 1.6388e-13    26.4777    26.4767 1.0000e-12     49.000          1       3323    1489.98 6.1022e+02  53594.237    138.432 1616365736      -0.13      0.756   38.92746  -73.21760 0.0000e+00
     49.613    10.0282    34.3975  1026.7030     2.4427     6.1261     96.727   -0.00056    6.33409    6.33722      8.570     0.6545   11.43727   3.755009 1.6299e-13    26.4776    26.4767 1.0000e-12     50.000          1       3422    1490.02 6.1357e+02  53595.349    142.545 1616365740      -0.02      0.112   38.92746  -73.21761 0.0000e+00
     50.605    10.0315    34.3990  1026.7081     2.4417     6.1114     96.718   -0.00031    6.33133    6.33443      8.568     1.0231   11.43264   3.755547 1.6296e-13    26.4783    26.4773 1.0000e-12     51.000          1       3487    1490.05 6.1365e+02  53597.447    145.233 1616365743       0.23      0.469   38.92744  -73.21762 0.0000e+00
     51.602    10.0478    34.4048  1026.7144     2.4387     6.0990     96.445   -0.00184    6.33127    6.33437      8.566     0.9328   11.43254   3.757767 1.6593e-13    26.4801    26.4791 1.0000e-12     52.000          1       3522    1490.13 6.0270e+02  53602.991    146.728 1616365744       0.00      0.657   38.92744  -73.21762 0.0000e+00
     52.595    10.0538    34.4068  1026.7194     2.4353     6.0975     96.302   -0.00155    6.33087    6.33396      8.566     0.8507   11.43186   3.758476 1.7052e-13    26.4806    26.4796 1.0000e-12     53.000          1       3576    1490.17 5.8683e+02  53605.188    148.952 1616365746      -0.07      0.466   38.92744  -73.21762 0.0000e+00
     53.579    10.0577    34.4087  1026.7247     2.4336     6.0875     96.366   -0.00009    6.32703    6.33007      8.566     1.5018   11.42538   3.759133 1.6283e-13    26.4814    26.4804 1.0000e-12     54.000          1       3687    1490.21 6.1389e+02  53607.726    153.577 1616365751       0.21      0.169   38.92744  -73.21763 0.0000e+00
     54.578    10.0731    34.4152  1026.7317     2.4310     6.0764     96.126   -0.00148    6.32579    6.32882      8.565     1.1591   11.42330   3.761219 1.6791e-13    26.4839    26.4829 1.0000e-12     55.000          1       3721    1490.29 5.9562e+02  53614.447    154.994 1616365752       0.15      0.594   38.92744  -73.21764 0.0000e+00
     55.571    10.0837    34.4199  1026.7381     2.4286     6.0694     96.008   -0.00153    6.32556    6.32859      8.565     0.9169   11.42291   3.762753 1.8351e-13    26.4858    26.4847 1.0000e-12     56.000          1       3760    1490.35 5.4550e+02  53619.507    156.633 1616365754      -0.04      0.622   38.92744  -73.21764 0.0000e+00
     56.562    10.0913    34.4227  1026.7435     2.4268     6.0739     95.987   -0.00077    6.32560    6.32863      8.565     0.9170   11.42298   3.763720 1.7391e-13    26.4867    26.4856 1.0000e-12     57.000          1       3814    1490.39 5.7587e+02  53622.607    158.867 1616365756      -0.07      0.446   38.92744  -73.21765 0.0000e+00
     57.545    10.0937    34.4242  1026.7487     2.4256     6.0668     96.044    0.00026    6.32390    6.32691      8.565     0.7049   11.42011   3.764129 1.6721e-13    26.4875    26.4864 1.0000e-12     58.000          1       3928    1490.42 5.9775e+02  53624.871    163.630 1616365761       0.37      0.234   38.92744  -73.21766 0.0000e+00
     58.546    10.1002    34.4267  1026.7541     2.4248     6.0607     95.946   -0.00056    6.32303    6.32603      8.565     0.7460   11.41866   3.765054 1.7371e-13    26.4883    26.4872 1.0000e-12     59.000          1       3969    1490.46 5.7577e+02  53627.653    165.330 1616365763       0.75      0.831   38.92744  -73.21766 0.0000e+00
     59.549    10.1030    34.4276  1026.7589     2.4237     6.0573     95.858   -0.00094    6.32296    6.32596      8.565     0.7037   11.41855   3.765456 1.9116e-13    26.4886    26.4874 1.0000e-12     60.000          1       3990    1490.49 5.2417e+02  53629.011    166.194 1616365764       0.19      1.222   38.92744  -73.21766 0.0000e+00
     60.534    10.1087    34.4293  1026.7637     2.4227     6.0586     95.844   -0.00065    6.32256    6.32555      8.565     1.3743   11.41786   3.766129 1.8727e-13    26.4889    26.4877 1.0000e-12     61.000          1       4073    1490.53 5.3865e+02  53630.891    169.657 1616365767      -0.17      0.628   38.92743  -73.21767 0.0000e+00
     61.514    10.1100    34.4302  1026.7686     2.4208     6.0502     95.758   -0.00091    6.32183    6.32482      8.565     0.6903   11.41665   3.766386 1.7249e-13    26.4894    26.4882 1.0000e-12     62.000          1       4181    1490.55 5.7936e+02  53632.464    174.172 1616365772       0.27      0.389   38.92742  -73.21768 0.0000e+00
     62.517    10.1139    34.4312  1026.7734     2.4203     6.0565     95.742   -0.00088    6.32117    6.32414      8.565     0.8730   11.41553   3.766894 1.9085e-13    26.4896    26.4883 1.0000e-12     63.000          1       4207    1490.58 5.2506e+02  53633.798    175.263 1616365773       0.15      0.768   38.92742  -73.21768 0.0000e+00
     63.507    10.1159    34.4317  1026.7779     2.4202     6.0517     95.809   -0.00001    6.32147    6.32445      8.565     0.9117   11.41605   3.767178 1.9917e-13    26.4896    26.4884 1.0000e-12     64.000          1       4243    1490.61 5.0266e+02  53634.733    176.760 1616365774      -0.12      0.697   38.92742  -73.21768 0.0000e+00
     64.503    10.1216    34.4337  1026.7830     2.4188     6.0500     95.701   -0.00059    6.32131    6.32429      8.565     0.9230   11.41577   3.767969 1.7430e-13    26.4903    26.4890 1.0000e-12     65.000          1       4332    1490.65 5.7343e+02  53637.077    180.455 1616365778       0.10      0.488   38.92742  -73.21769 0.0000e+00
     65.491    10.1237    34.4347  1026.7879     2.4181     6.0473     95.702   -0.00035    6.32074    6.32371      8.565     0.9453   11.41481   3.768262 1.8911e-13    26.4907    26.4894 1.0000e-12     66.000          1       4421    1490.67 5.3195e+02  53638.593    184.149 1616365782       0.15      0.639   38.92742  -73.21770 0.0000e+00
     66.487    10.1239    34.4346  1026.7923     2.4176     6.0488     95.686   -0.00035    6.32060    6.32357      8.565     1.0995   11.41458   3.768291 1.9890e-13    26.4906    26.4892 1.0000e-12     67.000          1       4526    1490.69 5.1568e+02  53639.067    188.536 1616365786       0.00      0.476   38.92741  -73.21771 0.0000e+00
     67.475    10.1220    34.4341  1026.7968     2.4176     6.0522     95.725    0.00003    6.32065    6.32362 -9.990e-29     1.0848   11.41466   3.768128 1.9182e-13    26.4906    26.4892 1.0000e-12     68.000          1       4628    1490.70 5.2396e+02  53639.428    192.805 1616365790       0.13      0.405   38.92740  -73.21772 0.0000e+00
     68.471    10.1238    34.4348  1026.8016     2.4178     6.0539     95.756    0.00002    6.32070    6.32367 -9.990e-29     1.1619   11.41473   3.768397 1.8076e-13    26.4908    26.4895 1.0000e-12     69.000          1       4754    1490.72 5.5515e+02  53640.688    198.051 1616365795       0.07      0.465   38.92740  -73.21774 0.0000e+00
     69.459    10.1240    34.4347  1026.8060     2.4181     6.0512     95.759   -0.00006    6.32055    6.32352      8.565     1.0745   11.41449   3.768444 1.9020e-13    26.4907    26.4894 1.0000e-12     70.000          1       4853    1490.74 5.2659e+02  53641.183    202.174 1616365800       0.04      0.245   38.92740  -73.21774 0.0000e+00
     70.454    10.1251    34.4352  1026.8107     2.4173     6.0515     95.731   -0.00017    6.32049    6.32346      8.566     1.0444   11.41438   3.768648 1.8275e-13    26.4909    26.4895 1.0000e-12     71.000          1       4970    1490.76 5.4758e+02  53642.223    207.062 1616365805       0.01      0.357   38.92740  -73.21776 0.0000e+00
     71.449    10.1271    34.4358  1026.8154     2.4176     6.0537     95.769    0.00013    6.32025    6.32322      8.568     1.1039   11.41398   3.768934 1.8158e-13    26.4911    26.4897 1.0000e-12     72.000          1       5565    1490.79 5.5105e+02  53643.392    231.832 1616365829      -0.17      0.159   38.92738  -73.21780 0.0000e+00
     70.446    10.1267    34.4357  1026.8108     2.4179     6.0527     95.774    0.00004    6.32037    6.32333      8.568     1.2290   11.41417   3.768836 1.7909e-13    26.4911    26.4897 1.0000e-12     71.000          1       5977    1490.77 5.5868e+02  53642.679    249.004 1616365846      -0.17     -0.498   38.92736  -73.21785 0.0000e+00
     69.450    10.1257    34.4355  1026.8062     2.4179     6.0518     95.761    0.00005    6.32058    6.32355 -9.990e-29     1.0387   11.41453   3.768662 1.8649e-13    26.4910    26.4896 1.0000e-12     70.000          1       6489    1490.75 5.3665e+02  53641.857    270.333 1616365868      -0.00     -0.694   38.92734  -73.21791 0.0000e+00
     68.471    10.1248    34.4349  1026.8015     2.4200     6.0586     95.856    0.00032    6.32065    6.32362 -9.990e-29     1.0438   11.41465   3.768481 1.9630e-13    26.4907    26.4893 1.0000e-12     69.000          1       6688    1490.73 5.0983e+02  53640.582    278.638 1616365876      -0.52     -0.412   38.92734  -73.21794 0.0000e+00
     67.470    10.1245    34.4347  1026.7968     2.4199     6.0532     95.833    0.00015    6.32054    6.32351      8.570     1.0870   11.41447   3.768395 1.8871e-13    26.4906    26.4893 1.0000e-12     68.000          1       6715    1490.71 5.2996e+02  53639.773    279.750 1616365877      -0.07     -0.806   38.92734  -73.21794 0.0000e+00
     66.481    10.1245    34.4349  1026.7924     2.4196     6.0563     95.779   -0.00024    6.32056    6.32353      8.570     1.2192   11.41450   3.768373 1.9418e-13    26.4907    26.4894 1.0000e-12     67.000          1       6784    1490.69 5.1766e+02  53639.393    282.623 1616365880       0.09     -0.459   38.92734  -73.21795 0.0000e+00
     65.492    10.1246    34.4349  1026.7879     2.4202     6.0528     95.852    0.00054    6.32074    6.32371 -9.990e-29     0.9919   11.41480   3.768338 1.9689e-13    26.4907    26.4894 1.0000e-12     66.000          1       6895    1490.68 5.0811e+02  53638.713    287.254 1616365885      -0.62     -0.609   38.92734  -73.21796 0.0000e+00
     64.490    10.1242    34.4349  1026.7835     2.4195     6.0522     95.760   -0.00014    6.32079    6.32377 -9.990e-29     0.9734   11.41489   3.768245 1.9172e-13    26.4908    26.4895 1.0000e-12     65.000          1       6919    1490.66 5.2163e+02  53638.222    288.261 1616365886      -0.11     -0.981   38.92734  -73.21796 0.0000e+00
     63.503    10.1233    34.4346  1026.7789     2.4201     6.0554     95.783   -0.00003    6.32086    6.32383 -9.990e-29     1.0314   11.41501   3.768093 2.0052e-13    26.4907    26.4894 1.0000e-12     64.000          1       7028    1490.64 5.0016e+02  53637.363    292.785 1616365890       0.02     -0.530   38.92734  -73.21798 0.0000e+00
     62.512    10.1229    34.4344  1026.7743     2.4207     6.0543     95.828    0.00025    6.32090    6.32388 -9.990e-29     1.1165   11.41508   3.767996 1.9649e-13    26.4906    26.4893 1.0000e-12     63.000          1       7112    1490.62 5.0896e+02  53636.542    296.307 1616365894      -0.14     -0.638   38.92734  -73.21798 0.0000e+00
     61.515    10.1217    34.4341  1026.7697     2.4206     6.0599     95.776   -0.00022    6.32146    6.32444      8.570     1.0366   11.41601   3.767796 2.0026e-13    26.4905    26.4893 1.0000e-12     62.000          1       7209    1490.60 4.9985e+02  53635.630    300.324 1616365898      -0.05     -0.598   38.92734  -73.21800 0.0000e+00
     60.523    10.1163    34.4323  1026.7647     2.4212     6.0567     95.840    0.00029    6.32218    6.32517      8.570     0.9702   11.41722   3.767060 2.0178e-13    26.4900    26.4888 1.0000e-12     61.000          1       7352    1490.56 4.9571e+02  53633.536    306.278 1616365904       0.09     -0.520   38.92734  -73.21802 0.0000e+00
     59.523    10.1058    34.4289  1026.7593     2.4238     6.0678     95.964    0.00026    6.32341    6.32641      8.570     0.7427   11.41928   3.765713 2.3440e-13    26.4891    26.4879 1.0000e-12     60.000          1       8598    1490.50 4.2874e+02  53630.203    358.212 1616365956       0.01     -0.648   38.92730  -73.21813 0.0000e+00
     58.555    10.1049    34.4280  1026.7544     2.4261     6.0741     96.045    0.00042    6.32429    6.32730      8.570     0.7139   11.42076   3.765497 2.9173e-13    26.4886    26.4874 1.0000e-12     59.000          1       9027    1490.48 3.4342e+02  53628.572    376.103 1616365974      -0.57     -0.336   38.92728  -73.21816 0.0000e+00
     57.546    10.1042    34.4281  1026.7500     2.4260     6.0676     96.035    0.00030    6.32430    6.32731      8.570     0.8680   11.42078   3.765389 2.4627e-13    26.4887    26.4876 1.0000e-12     58.000          1       9037    1490.46 4.0661e+02  53628.195    376.508 1616365974      -0.33     -0.865   38.92728  -73.21817 0.0000e+00
     56.558    10.0985    34.4264  1026.7451     2.4255     6.0715     95.957   -0.00015    6.32540    6.32843      8.570     0.8531   11.42264   3.764626 2.5792e-13    26.4884    26.4873 1.0000e-12     57.000          1       9146    1490.42 3.8944e+02  53626.338    381.024 1616365979       0.10     -0.471   38.92728  -73.21819 0.0000e+00
     55.575    10.0910    34.4236  1026.7398     2.4260     6.0725     96.012    0.00039    6.32690    6.32994      8.570     0.6693   11.42515   3.763601 2.4626e-13    26.4875    26.4864 1.0000e-12     56.000          1       9238    1490.38 4.0598e+02  53623.308    384.873 1616365982      -0.31     -0.435   38.92727  -73.21820 0.0000e+00
     54.568    10.0877    34.4223  1026.7347     2.4263     6.0765     96.004    0.00010    6.32710    6.33015      8.570     0.7656   11.42549   3.763096 2.4710e-13    26.4870    26.4859 1.0000e-12     55.000          1       9272    1490.35 4.0520e+02  53621.434    386.284 1616365984      -0.08     -0.700   38.92726  -73.21820 0.0000e+00
     53.584    10.0687    34.4154  1026.7280     2.4292     6.0917     96.204    0.00091    6.32958    6.33265 -9.990e-29     0.7992   11.42966   3.760577 2.6937e-13    26.4847    26.4837 1.0000e-12     54.000          1       9398    1490.25 3.7248e+02  53614.828    391.554 1616365989      -0.03     -0.292   38.92726  -73.21822 0.0000e+00
     52.594    10.0645    34.4130  1026.7224     2.4313     6.0924     96.251    0.00046    6.32969    6.33277 -9.990e-29     0.7542   11.42986   3.759953 2.5052e-13    26.4836    26.4825 1.0000e-12     53.000          1       9474    1490.22 3.9906e+02  53611.676    394.724 1616365992      -0.10     -0.369   38.92726  -73.21822 0.0000e+00
     51.598    10.0647    34.4126  1026.7176     2.4319     6.0926     96.264    0.00030    6.32980    6.33288 -9.990e-29     1.0722   11.43005   3.759895 2.5482e-13    26.4833    26.4823 1.0000e-12     52.000          1       9534    1490.20 3.9269e+02  53610.572    397.223 1616365995       0.04     -0.395   38.92726  -73.21823 0.0000e+00
     50.614    10.0629    34.4115  1026.7125     2.4312     6.0962     96.194    0.00014    6.33180    6.33491      8.572     0.9621   11.43342   3.759585 2.6809e-13    26.4827    26.4817 1.0000e-12     51.000          1       9665    1490.18 3.7300e+02  53608.738    402.678 1616366000      -0.22     -0.200   38.92726  -73.21824 0.0000e+00
