CalculateIndicators/WaterTemperature/Data/CTD_NYOS/20210321_C01.cnv
* Sea-Bird SBE 9 Data File:
* FileName = C:\Seabird 9 CTD\Data\2021\202103_offshore\20210321_C01.hex
* Software Version Seasave V 7.23.2
* Temperature SN = 4590
* Conductivity SN = 3228
* Number of Bytes Per Scan = 44
* Number of Voltage Words = 5
* Number of Scans Averaged by the Deck Unit = 1
* NMEA Latitude = 40 57.59 N
* NMEA Longitude = 073 34.75 W
* NMEA UTC (Time) = Mar 21 2021  01:10:20
* NMEA baud rate = 4800
** Ship: RV Seawolf
** Station: LIS_ARIG
** Operator: EIH
# nquan = 31
# nvalues = 23                          
# units = specified
# name 0 = depSM: Depth [salt water, m]
# name 1 = t090C: Temperature [ITS-90, deg C]
# name 2 = sal00: Salinity, Practical [PSU]
# name 3 = density00: Density [density, kg/m^3]
# name 4 = sbeox0V: Oxygen raw, SBE 43 [V]
# name 5 = sbeox0ML/L: Oxygen, SBE 43 [ml/l]
# name 6 = sbeox0PS: Oxygen, SBE 43 [% saturation]
# name 7 = sbox0dV/dT: Oxygen, SBE 43 [dov/dt]
# name 8 = oxsolML/L: Oxygen Saturation, Garcia & Gordon [ml/l]
# name 9 = oxsatML/L: Oxygen Saturation, Weiss [ml/l]
# name 10 = ph: pH
# name 11 = flECO-AFL: Fluorescence, WET Labs ECO-AFL/FL [mg/m^3]
# name 12 = n2satML/L: Nitrogen Saturation [ml/l]
# name 13 = c0S/m: Conductivity [S/m]
# name 14 = cpar: CPAR/Corrected Irradiance [%]
# name 15 = sigma-é00: Density [sigma-theta, kg/m^3]
# name 16 = sigma-t00: Density [sigma-t, kg/m^3 ]
# name 17 = par: PAR/Irradiance, Biospherical/Licor
# name 18 = prDM: Pressure, Digiquartz [db]
# name 19 = pumps: Pump Status
# name 20 = scan: Scan Count
# name 21 = svCM: Sound Velocity [Chen-Millero, m/s]
# name 22 = spar: SPAR, Biospherical/Licor
# name 23 = specc: Specific Conductance [uS/cm]
# name 24 = timeS: Time, Elapsed [seconds]
# name 25 = timeY: Time, System [seconds]
# name 26 = accM: Acceleration [m/s^2]
# name 27 = dz/dtM: Descent Rate [m/s]
# name 28 = latitude: Latitude [deg]
# name 29 = longitude: Longitude [deg]
# name 30 = flag: flag
# span 0 =      1.983,     12.899       
# span 1 =     3.0740,     3.7531       
# span 2 =     8.1017,    27.3215       
# span 3 =  1006.4590,  1021.8174       
# span 4 =     2.2017,     4.6064       
# span 5 =     6.7528,    16.5393       
# span 6 =     86.388,    210.803       
# span 7 =   -0.04135,    0.30367       
# span 8 =    7.76740,    8.97521       
# span 9 =    7.78119,    8.96982       
# span 10 =      8.448,      8.485      
# span 11 =     0.6677,     1.0541      
# span 12 =   13.90705,   16.24409      
# span 13 =   0.868815,   2.535116      
# span 14 = -7.597e+02, 9.4155e+04      
# span 15 =     6.4492,    21.7558      
# span 16 =     6.4492,    21.7558      
# span 17 = -2.237e-05, 4.4708e-02      
# span 18 =      2.000,     13.000      
# span 19 =          0,          1      
# span 20 =        459,       8925      
# span 21 =    1431.08,    1453.59      
# span 22 = 1.1541e-01, 1.9897e+00      
# span 23 =  14877.248,  45145.618      
# span 24 =     19.099,    371.837      
# span 25 = 1616289040, 1616289393      
# span 26 =      -0.05,       0.03      
# span 27 =     -0.241,      0.265      
# span 28 =   40.96000,   40.96005      
# span 29 =  -73.57924,  -73.57836      
# span 30 = 0.0000e+00, 0.0000e+00      
# interval = decibars: 1                
# start_time = Mar 21 2021 01:10:21 [System UTC, first data scan.]
# bad_flag = -9.990e-29
*END*
      1.983     3.7531     8.1017  1006.4590     2.7574     9.3700    116.194    0.02281    7.92116    7.93101 -9.990e-29     0.7443   14.21616   0.868815 2.2640e+00     6.4492     6.4492 4.4708e-02      2.000          0        459    1431.08 1.9747e+00  14877.248     19.099 1616289040       0.03      0.174   40.96000  -73.57924 0.0000e+00
      2.977     3.7477    22.7626  1018.0989     2.9183    10.0381    126.566    0.04258    7.79144    7.80366      8.478     0.7483   13.96385   2.202232 -1.133e-03    18.0846    18.0846 -2.237e-05      3.000          0        554    1449.88 1.9747e+00  38034.314     23.023 1616289044       0.02      0.263   40.96000  -73.57924 0.0000e+00
      3.969     3.6651    25.7549  1020.4856     3.0928    10.7596    135.985    0.04714    7.76740    7.78119      8.481     0.7676   13.90705   2.444846 5.0640e-11    20.4666    20.4666 1.0000e-12      4.000          0        643    1453.38 1.9747e+00  42595.580     26.753 1616289048      -0.01      0.265   40.96000  -73.57923 0.0000e+00
      4.961     3.4428    26.6574  1021.2242     3.2773    11.5286    145.523    0.04842    7.78268    7.79725      8.485     0.6677   13.92736   2.504034 5.0640e-11    21.2005    21.2005 1.0000e-12      5.000          0        735    1453.59 1.9747e+00  44023.324     30.596 1616289052       0.00      0.262   40.96000  -73.57922 0.0000e+00
      5.954     3.2893    26.9614  1021.4821     3.4627    12.2613    154.947    0.04894    7.79198    7.80685      8.485     0.6859   13.94127   2.518972 8.8812e+04    21.4537    21.4537 1.0000e-12      6.000          0        826    1453.34 2.2092e-01  44529.796     34.373 1616289056      -0.01      0.262   40.96000  -73.57921 0.0000e+00
      6.945     3.2192    27.0545  1021.5661     3.6547    13.0364    164.556    0.04848    7.79962    7.81454      8.485     0.6851   13.95445   2.522003 -7.597e+02    21.5329    21.5329 1.0000e-12      7.000          0        921    1453.17 1.9897e+00  44693.134     38.346 1616289060       0.00      0.252   40.96000  -73.57920 0.0000e+00
      7.938     3.1992    26.9800  1021.5130     3.8460    13.7921    174.277    0.04916    7.80655    7.82160 -9.990e-29     0.7499   13.96558   2.514290 5.0640e-11    21.4751    21.4751 1.0000e-12      8.000          0       1015    1453.00 1.9747e+00  44588.243     42.229 1616289064      -0.00      0.256   40.96000  -73.57919 0.0000e+00
      8.930     3.1502    27.0471  1021.5747     4.0415    14.5573    183.967    0.04762    7.80868    7.82403      8.484     0.7963   13.96682   2.516848 2.0633e+03    21.5320    21.5320 1.0000e-12      9.000          0       1113    1452.89 1.9340e+00  44705.843     46.315 1616289068       0.00      0.242   40.96000  -73.57918 0.0000e+00
      9.922     3.0969    27.2248  1021.7247     4.2321    15.3117    193.617    0.04798    7.81065    7.82614      8.483     0.9091   13.96916   2.528200 7.7312e+04    21.6774    21.6773 1.0000e-12     10.000          0       1208    1452.91 4.4801e-01  44991.594     50.278 1616289072      -0.00      0.254   40.96000  -73.57918 0.0000e+00
     10.914     3.0751    27.2582  1021.7577     4.4222    16.0552    203.275    0.04878    7.80935    7.82489 -9.990e-29     0.9416   13.96643   2.529457 3.0221e+04    21.7056    21.7055 1.0000e-12     11.000          0       1302    1452.87 1.3779e+00  45049.808     54.206 1616289075       0.00      0.259   40.96000  -73.57916 0.0000e+00
     11.907     3.0740    27.3123  1021.8055     4.6064    16.5393    210.803    0.03426    7.80745    7.82302      8.481     1.0324   13.96280   2.534095 9.4155e+04    21.7487    21.7487 1.0000e-12     12.000          0       1417    1452.95 1.1541e-01  45132.219     58.987 1616289080      -0.02      0.180   40.96000  -73.57914 0.0000e+00
     12.899     3.0777    27.3215  1021.8174     3.7042    12.7302    162.706    0.01023    7.80874    7.82421      8.479     1.0541   13.96598   2.535116 5.8396e+04    21.7558    21.7558 1.0000e-12     13.000          0       2647    1453.00 8.2154e-01  45145.618    110.270 1616289132      -0.03      0.001   40.96000  -73.57902 0.0000e+00
     11.907     3.1129    27.1067  1021.6391     2.2017     6.7528     86.388    0.00239    7.81142    7.82663      8.476     0.9823   13.97287   2.519520 9.7926e+02    21.5822    21.5822 1.0000e-12     12.000          1       4158    1452.86 1.9554e+00  44810.000    173.207 1616289195       0.01     -0.220   40.96000  -73.57885 0.0000e+00
     10.914     3.1260    27.0671  1021.6019     2.2388     8.4247     90.689    0.02309    7.81973    7.83471      8.476     0.8874   13.98958   2.517096 3.7712e+04    21.5498    21.5497 1.0000e-12     11.000          1       4298    1452.85 1.2300e+00  44745.419    179.027 1616289200      -0.00     -0.206   40.96000  -73.57884 0.0000e+00
      9.922     3.1521    26.5698  1021.1994     3.4568    14.7921    184.938    0.30367    7.85503    7.86917      8.476     0.8299   14.05931   2.475664 1.5530e+04    21.1519    21.1519 1.0000e-12     10.000          1       4410    1452.30 1.6680e+00  43986.576    183.710 1616289205       0.00     -0.209   40.96001  -73.57883 0.0000e+00
      8.930     3.2104    25.7782  1020.5605     3.9010    13.3870    173.097    0.01663    7.86972    7.88313      8.476     0.7634   14.09175   2.412706 1.9502e+04    20.5178    20.5178 1.0000e-12      9.000          1       4526    1451.52 1.5896e+00  42771.483    188.544 1616289210      -0.01     -0.213   40.96002  -73.57882 0.0000e+00
      7.938     3.2929    25.3279  1020.1918     3.7926    12.6529    162.169   -0.02979    7.87540    7.88863      8.475     0.7176   14.10335   2.380191 5.7164e+04    20.1538    20.1538 1.0000e-12      8.000          1       4636    1451.28 8.4587e-01  42063.828    193.122 1616289214       0.01     -0.215   40.96002  -73.57881 0.0000e+00
      6.946     3.2022    25.2734  1020.1499     3.6053    11.9435    153.587   -0.02309    7.89233    7.90569      8.479     0.6734   14.13214   2.369473 2.7975e+03    20.1166    20.1166 1.0000e-12      7.000          1       6435    1450.80 1.9195e+00  42008.028    268.079 1616289289      -0.05     -0.163   40.96004  -73.57861 0.0000e+00
      5.953     3.2166    25.2174  1020.0996     3.4485    11.1743    143.760   -0.03956    7.89199    7.90517      8.480     0.6902   14.13325   2.365604 7.4066e+00    20.0711    20.0711 1.0000e-12      6.000          1       6572    1450.77 1.9746e+00  41918.180    273.778 1616289295       0.00     -0.241   40.96004  -73.57860 0.0000e+00
      4.961     3.2606    25.0470  1019.9563     3.2711    10.4664    134.704   -0.04077    7.89273    7.90561      8.480     0.6834   14.13722   2.353742 5.0640e-11    19.9325    19.9325 1.0000e-12      5.000          1       6676    1450.73 1.9747e+00  41645.648    278.132 1616289299       0.00     -0.225   40.96004  -73.57859 0.0000e+00
      3.969     3.3080    24.9196  1019.8470     3.0942     9.7589    125.758   -0.04135    7.88432    7.89710      8.480     0.7014   14.12318   2.346296 2.1828e+04    19.8280    19.8279 1.0000e-12      4.000          1       6779    1450.75 1.5437e+00  41437.540    282.422 1616289304       0.00     -0.236   40.96004  -73.57858 0.0000e+00
      2.977     3.3376    24.4682  1019.4814     2.9127     9.7714    117.119   -0.03745    8.32996    8.33560      8.473     0.7405   14.98039   2.294034 4.2816e+04    19.4672    19.4672 1.0000e-12      3.000          1       6892    1450.28 1.1292e+00  40729.586    287.116 1616289308       0.00     -0.205   40.96004  -73.57856 0.0000e+00
      1.984     3.5867    10.1641  1008.0964     2.7266     9.7477    109.563   -0.02175    8.97521    8.96982      8.448     0.7226   16.24409   1.008362 2.6316e+04     8.0867     8.0867 3.8153e-02      2.000          1       8925    1432.96 1.4551e+00  17986.549    371.837 1616289393      -0.04     -0.152   40.96005  -73.57836 0.0000e+00
