CalculateIndicators/WaterTemperature/Data/CTD_NYOS/20210523_C19.cnv
* Sea-Bird SBE 9 Data File:
* FileName = C:\Seabird 9 CTD\Data\2021\202105_offshore\20210523_C19.hex
* Software Version Seasave V 7.23.2
* Temperature SN = 4590
* Conductivity SN = 3228
* Number of Bytes Per Scan = 44
* Number of Voltage Words = 5
* Number of Scans Averaged by the Deck Unit = 1
* NMEA Latitude = 39 14.51 N
* NMEA Longitude = 072 17.34 W
* NMEA UTC (Time) = May 23 2021  18:52:54
* NMEA baud rate = 4800
** Ship: seawolf
** Station: 4.6
** Operator: EIH
# nquan = 31
# nvalues = 1205                        
# units = specified
# name 0 = depSM: Depth [salt water, m]
# name 1 = t090C: Temperature [ITS-90, deg C]
# name 2 = sal00: Salinity, Practical [PSU]
# name 3 = density00: Density [density, kg/m^3]
# name 4 = sbeox0V: Oxygen raw, SBE 43 [V]
# name 5 = sbeox0ML/L: Oxygen, SBE 43 [ml/l]
# name 6 = sbeox0PS: Oxygen, SBE 43 [% saturation]
# name 7 = sbox0dV/dT: Oxygen, SBE 43 [dov/dt]
# name 8 = oxsolML/L: Oxygen Saturation, Garcia & Gordon [ml/l]
# name 9 = oxsatML/L: Oxygen Saturation, Weiss [ml/l]
# name 10 = ph: pH
# name 11 = flECO-AFL: Fluorescence, WET Labs ECO-AFL/FL [mg/m^3]
# name 12 = n2satML/L: Nitrogen Saturation [ml/l]
# name 13 = c0S/m: Conductivity [S/m]
# name 14 = cpar: CPAR/Corrected Irradiance [%]
# name 15 = sigma-é00: Density [sigma-theta, kg/m^3]
# name 16 = sigma-t00: Density [sigma-t, kg/m^3 ]
# name 17 = par: PAR/Irradiance, Biospherical/Licor
# name 18 = prDM: Pressure, Digiquartz [db]
# name 19 = pumps: Pump Status
# name 20 = scan: Scan Count
# name 21 = svCM: Sound Velocity [Chen-Millero, m/s]
# name 22 = spar: SPAR, Biospherical/Licor
# name 23 = specc: Specific Conductance [uS/cm]
# name 24 = timeS: Time, Elapsed [seconds]
# name 25 = timeY: Time, System [seconds]
# name 26 = accM: Acceleration [m/s^2]
# name 27 = dz/dtM: Descent Rate [m/s]
# name 28 = latitude: Latitude [deg]
# name 29 = longitude: Longitude [deg]
# name 30 = flag: flag
# span 0 =      1.484,    300.487       
# span 1 =     9.3777,    16.0096       
# span 2 =    32.9142,    35.9494       
# span 3 =  1024.2260,  1028.6161       
# span 4 =     1.4011,     3.0790       
# span 5 =     2.9140,     7.3953       
# span 6 =     46.508,    130.717       
# span 7 =   -0.19151,    0.08423       
# span 8 =    5.60318,    6.39096       
# span 9 =    5.59707,    6.39575       
# span 10 =      7.822,      8.180      
# span 11 =    -0.1015,     2.2027      
# span 12 =   10.22875,   11.52137      
# span 13 =   3.787168,   4.359132      
# span 14 = -4.297e-06, 2.5891e+02      
# span 15 =    24.2150,    27.2518      
# span 16 =    24.2149,    27.2462      
# span 17 = -9.625e-05, 1.5829e+03      
# span 18 =      1.500,    303.000      
# span 19 =          1,          1      
# span 20 =        267,      50373      
# span 21 =    1492.87,    1509.26      
# span 22 = 4.1739e+02, 2.4694e+03      
# span 23 =  50703.673,  55089.149      
# span 24 =     11.096,   2098.839      
# span 25 = 1621795983, 1621798071      
# span 26 =      -0.81,       0.62      
# span 27 =     -1.261,      1.045      
# span 28 =   39.24194,   39.24526      
# span 29 =  -72.28906,  -72.28508      
# span 30 = 0.0000e+00, 0.0000e+00      
# interval = decibars: 0.5              
# start_time = May 23 2021 18:52:52 [System UTC, first data scan.]
# bad_flag = -9.990e-29
*END*
[from data line 1030]
     87.817    14.3140    35.8118  1027.1407     2.2073     4.8731     84.903    0.00092    5.73957    5.73593      8.068    -0.0739   10.43788   4.315864 1.3105e-03    26.7505    26.7477 2.6805e-02     88.500          1      40983    1506.91 2.1446e+03  54885.583   1707.595 1621797680      -0.00     -0.150   39.24458  -72.28586 0.0000e+00
     87.318    14.3158    35.8097  1027.1364     2.2083     4.8749     84.951    0.00090    5.73845    5.73479      8.068    -0.0991   10.43601   4.315839 2.7421e-03    26.7485    26.7457 2.7236e-02     88.000          1      41005    1506.90 9.7427e+02  54882.175   1708.520 1621797681      -0.31     -0.356   39.24458  -72.28586 0.0000e+00
     86.816    14.3194    35.8097  1027.1334     2.2097     4.8804     85.051    0.00142    5.73825    5.73460      8.068    -0.0712   10.43567   4.316211 3.2436e-03    26.7478    26.7450 3.2674e-02     87.500          1      41022    1506.90 1.0074e+03  54881.498   1709.204 1621797681      -0.28     -0.569   39.24458  -72.28586 0.0000e+00
     86.315    14.3254    35.8107  1027.1307     2.2116     4.8870     85.180    0.00202    5.73733    5.73366      8.068    -0.0778   10.43412   4.317040 2.1977e-03    26.7472    26.7444 3.3411e-02     87.000          1      41040    1506.92 1.6917e+03  54881.861   1709.944 1621797682      -0.06     -0.693   39.24458  -72.28586 0.0000e+00
     85.824    14.3460    35.8116  1027.1247     2.2140     4.8946     85.320    0.00237    5.73668    5.73301      8.068    -0.0751   10.43305   4.319055 1.7162e-03    26.7434    26.7407 4.0165e-02     86.500          1      41065    1506.97 2.3433e+03  54880.150   1711.012 1621797683       0.20     -0.573   39.24458  -72.28586 0.0000e+00
     85.328    14.3483    35.8131  1027.1231     2.2163     4.8995     85.409    0.00209    5.73655    5.73288      8.068    -0.0804   10.43280   4.319529 2.7335e-03    26.7441    26.7413 3.8780e-02     86.000          1      41095    1506.98 1.6096e+03  54881.635   1712.258 1621797684       0.03     -0.405   39.24458  -72.28586 0.0000e+00
     84.833    14.3592    35.8146  1027.1197     2.2169     4.8933     85.323    0.00059    5.73501    5.73132      8.068    -0.0767   10.43023   4.320686 2.1811e-03    26.7429    26.7402 3.8050e-02     85.500          1      41131    1507.00 1.9227e+03  54881.993   1713.758 1621797686       0.08     -0.354   39.24459  -72.28586 0.0000e+00
     84.337    14.3602    35.8181  1027.1200     2.2172     4.8904     85.302    0.00011    5.73306    5.72934      8.069    -0.0807   10.42699   4.321194 1.9966e-03    26.7453    26.7426 4.6482e-02     85.000          1      41167    1507.00 2.3253e+03  54886.274   1715.247 1621797687      -0.08     -0.313   39.24460  -72.28586 0.0000e+00
     83.842    14.3807    35.8200  1027.1148     2.2198     4.8999     85.493    0.00119    5.73136    5.72763      8.069    -0.0742   10.42414   4.323391 3.6899e-03    26.7424    26.7397 5.5825e-02     84.500          1      41216    1507.06 1.7549e+03  54886.192   1717.275 1621797689       0.07     -0.245   39.24460  -72.28584 0.0000e+00
     83.358    14.3996    35.8214  1027.1096     2.2222     4.9046     85.579    0.00096    5.73103    5.72730      8.072    -0.0689   10.42358   4.325574 2.6128e-03    26.7394    26.7367 6.3574e-02     84.000          1      41264    1507.12 2.3848e+03  54885.399   1719.277 1621797691      -0.31     -0.198   39.24460  -72.28584 0.0000e+00
     82.855    14.4048    35.8233  1027.1077     2.2233     4.9095     85.653    0.00128    5.73186    5.72813      8.071    -0.0744   10.42499   4.326163 2.6673e-03    26.7397    26.7370 6.2899e-02     83.500          1      41277    1507.13 2.3581e+03  54887.055   1719.817 1621797692      -0.47     -0.465   39.24460  -72.28584 0.0000e+00
     82.350    14.4053    35.8243  1027.1061     2.2233     4.9121     85.667    0.00146    5.73400    5.73029      8.072    -0.0741   10.42859   4.326285 2.7606e-03    26.7404    26.7377 6.4898e-02     83.000          1      41289    1507.12 2.3508e+03  54888.012   1720.328 1621797693      -0.44     -0.708   39.24460  -72.28584 0.0000e+00
     81.849    14.4064    35.8249  1027.1041     2.2239     4.9123     85.664    0.00099    5.73437    5.73067      8.072    -0.0733   10.42922   4.326404 3.0674e-03    26.7406    26.7380 6.7736e-02     82.500          1      41302    1507.12 2.2274e+03  54888.529   1720.881 1621797693      -0.21     -0.890   39.24460  -72.28584 0.0000e+00
     81.352    14.4067    35.8252  1027.1020     2.2237     4.9098     85.616    0.00042    5.73464    5.73094      8.072    -0.0717   10.42965   4.326421 6.3116e-03    26.7407    26.7381 7.0180e-02     82.000          1      41321    1507.11 1.1787e+03  54888.539   1721.650 1621797694       0.20     -0.847   39.24460  -72.28584 0.0000e+00
     80.866    14.3856    35.8181  1027.0989     2.2251     4.9141     85.686    0.00056    5.73498    5.73128 -9.990e-29    -0.0743   10.43023   4.323349 3.7728e-03    26.7397    26.7372 7.5009e-02     81.500          1      41376    1507.03 2.1086e+03  54881.160   1723.941 1621797696       0.15     -0.220   39.24460  -72.28583 0.0000e+00
     80.370    14.3765    35.8148  1027.0962     2.2262     4.9180     85.747    0.00069    5.73555    5.73186      8.072    -0.0668   10.43118   4.322128 3.7713e-03    26.7392    26.7366 8.3198e-02     81.000          1      41422    1506.98 2.2161e+03  54877.518   1725.884 1621797698      -0.21     -0.273   39.24460  -72.28582 0.0000e+00
     79.873    14.3740    35.8143  1027.0941     2.2264     4.9163     85.712    0.00021    5.73583    5.73214      8.072    -0.0797   10.43166   4.321795 6.3838e-03    26.7393    26.7368 9.3176e-02     80.500          1      41461    1506.97 1.6748e+03  54876.867   1727.487 1621797700       0.09     -0.320   39.24460  -72.28582 0.0000e+00
     79.388    14.3710    35.8140  1027.0924     2.2274     4.9197     85.762    0.00041    5.73637    5.73269      8.072    -0.0726   10.43259   4.321415 4.0312e-03    26.7397    26.7372 9.5986e-02     80.000          1      41501    1506.95 2.3470e+03  54876.607   1729.176 1621797701      -0.25     -0.211   39.24462  -72.28582 0.0000e+00
     78.883    14.3702    35.8129  1027.0894     2.2277     4.9211     85.788    0.00058    5.73639    5.73271      8.072    -0.0757   10.43261   4.321218 5.5635e-03    26.7390    26.7365 9.9305e-02     79.500          1      41516    1506.94 1.9215e+03  54874.830   1729.803 1621797702      -0.44     -0.471   39.24462  -72.28582 0.0000e+00
     78.380    14.3693    35.8124  1027.0870     2.2285     4.9240     85.836    0.00082    5.73652    5.73284      8.072    -0.0701   10.43283   4.321034 9.9353e-03    26.7388    26.7363 1.0386e-01     79.000          1      41531    1506.93 1.0573e+03  54873.988   1730.403 1621797703      -0.31     -0.706   39.24462  -72.28582 0.0000e+00
     77.884    14.3669    35.8115  1027.0846     2.2283     4.9229     85.815    0.00067    5.73663    5.73296      8.072    -0.0659   10.43302   4.320686 9.5382e-03    26.7386    26.7361 1.0805e-01     78.500          1      41548    1506.91 1.1880e+03  54872.844   1731.140 1621797703       0.05     -0.784   39.24462  -72.28582 0.0000e+00
     77.393    14.3649    35.8106  1027.0821     2.2271     4.9144     85.666   -0.00064    5.73672    5.73305      8.072    -0.0636   10.43318   4.320340 5.1881e-03    26.7383    26.7358 1.1089e-01     78.000          1      41572    1506.89 2.1477e+03  54871.429   1732.105 1621797704       0.21     -0.612   39.24462  -72.28582 0.0000e+00
     76.896    14.3637    35.8105  1027.0801     2.2283     4.9198     85.764    0.00000    5.73641    5.73273      8.072    -0.0721   10.43267   4.320206 5.1908e-03    26.7385    26.7360 1.1932e-01     77.500          1      41596    1506.88 2.2987e+03  54871.240   1733.122 1621797705       0.03     -0.497   39.24462  -72.28582 0.0000e+00
     76.397    14.3623    35.8095  1027.0774     2.2281     4.9187     85.762    0.00017    5.73527    5.73157      8.072    -0.0716   10.43076   4.319938 6.0635e-03    26.7380    26.7356 1.2544e-01     77.000          1      41625    1506.87 2.1354e+03  54869.754   1734.318 1621797706       0.08     -0.458   39.24462  -72.28580 0.0000e+00
     75.913    14.3771    35.8094  1027.0720     2.2289     4.9150     85.786    0.00037    5.72935    5.72559      8.072    -0.0730   10.42087   4.321568 1.2429e-02    26.7347    26.7323 1.3295e-01     76.500          1      41705    1506.91 1.0090e+03  54867.504   1737.674 1621797710      -0.05     -0.070   39.24462  -72.28580 0.0000e+00
     75.413    14.3991    35.8125  1027.0673     2.2299     4.9176     85.862    0.00087    5.72731    5.72353      8.072    -0.0551   10.41748   4.324138 1.3554e-02    26.7324    26.7299 1.3792e-01     76.000          1      41731    1506.97 1.0168e+03  54868.630   1738.762 1621797711      -0.36     -0.327   39.24462  -72.28580 0.0000e+00
     74.911    14.4052    35.8154  1027.0660     2.2292     4.9136     85.791    0.00034    5.72745    5.72367      8.072    -0.0676   10.41769   4.325041 9.9426e-03    26.7333    26.7309 1.4554e-01     75.500          1      41748    1506.99 1.5959e+03  54871.641   1739.450 1621797712      -0.29     -0.570   39.24462  -72.28580 0.0000e+00
     74.414    14.4167    35.8173  1027.0627     2.2290     4.9094     85.723   -0.00037    5.72709    5.72330      8.072    -0.0676   10.41708   4.326356 6.8210e-03    26.7322    26.7298 1.5354e-01     75.000          1      41766    1507.02 2.2592e+03  54872.472   1740.200 1621797712      -0.04     -0.690   39.24462  -72.28580 0.0000e+00
     73.918    14.4300    35.8179  1027.0581     2.2278     4.9040     85.634   -0.00080    5.72665    5.72286      8.072    -0.0630   10.41635   4.327860 8.4065e-03    26.7299    26.7275 1.6024e-01     74.500          1      41787    1507.05 1.9105e+03  54871.348   1741.080 1621797713       0.11     -0.636   39.24462  -72.28578 0.0000e+00
     73.425    14.4393    35.8210  1027.0563     2.2261     4.8969     85.509   -0.00142    5.72681    5.72302      8.072    -0.0780   10.41663   4.328888 8.1997e-03    26.7302    26.7279 1.6571e-01     74.000          1      41812    1507.08 2.0431e+03  54874.188   1742.117 1621797714       0.09     -0.521   39.24462  -72.28578 0.0000e+00
     72.924    14.4418    35.8221  1027.0544     2.2250     4.8945     85.456   -0.00126    5.72747    5.72369      8.072    -0.0790   10.41773   4.329308 1.2602e-02    26.7305    26.7282 1.6947e-01     73.500          1      41838    1507.08 1.5037e+03  54875.039   1743.191 1621797715       0.02     -0.476   39.24464  -72.28578 0.0000e+00
     72.439    14.4450    35.8225  1027.0518     2.2225     4.8882     85.321   -0.00136    5.72923    5.72547 -9.990e-29    -0.0702   10.42070   4.329542 1.7807e-02    26.7301    26.7278 1.7593e-01     73.000          1      41881    1507.08 9.4991e+02  54874.982   1745.016 1621797717       0.16     -0.273   39.24464  -72.28578 0.0000e+00
     71.940    14.4398    35.8217  1027.0501     2.2212     4.8859     85.277   -0.00105    5.72945    5.72570 -9.990e-29    -0.0702   10.42106   4.328831 1.7900e-02    26.7306    26.7283 1.8262e-01     72.500          1      41907    1507.06 1.0203e+03  54874.126   1746.075 1621797718      -0.34     -0.324   39.24464  -72.28578 0.0000e+00
     71.434    14.4333    35.8191  1027.0472     2.2196     4.8799     85.162   -0.00151    5.73010    5.72635      8.070    -0.0710   10.42217   4.327835 1.7607e-02    26.7300    26.7277 1.9427e-01     72.000          1      41930    1507.02 1.1693e+03  54871.114   1747.041 1621797719      -0.05     -0.516   39.24464  -72.28578 0.0000e+00
     70.954    14.4216    35.8161  1027.0453     2.2182     4.8816     85.165   -0.00035    5.73191    5.72818      8.068    -0.0822   10.42520   4.326372 8.6792e-03    26.7302    26.7279 2.1241e-01     71.500          1      41980    1506.97 2.3180e+03  54868.349   1749.144 1621797721      -0.00     -0.120   39.24464  -72.28578 0.0000e+00
     70.444    14.4174    35.8133  1027.0418     2.2169     4.8759     85.056   -0.00094    5.73261    5.72888      8.068    -0.0708   10.42638   4.325538 9.6840e-03    26.7289    26.7267 2.2159e-01     71.000          1      42003    1506.95 2.2887e+03  54864.654   1750.076 1621797722      -0.19     -0.412   39.24464  -72.28576 0.0000e+00
     69.960    14.4091    35.8121  1027.0405     2.2146     4.8676     84.899   -0.00155    5.73347    5.72975      8.068    -0.0700   10.42784   4.324596 1.3178e-02    26.7298    26.7275 2.3079e-01     70.500          1      42035    1506.91 1.8765e+03  54863.823   1751.404 1621797724       0.14     -0.405   39.24464  -72.28576 0.0000e+00
     69.460    14.4028    35.8084  1027.0367     2.2131     4.8614     84.786   -0.00207    5.73371    5.72999 -9.990e-29    -0.0706   10.42824   4.323426 2.3441e-02    26.7282    26.7260 2.4205e-01     70.000          1      42055    1506.88 1.0351e+03  54859.039   1752.246 1621797724      -0.22     -0.431   39.24464  -72.28576 0.0000e+00
     68.951    14.3980    35.8075  1027.0348     2.2125     4.8619     84.798   -0.00138    5.73352    5.72981 -9.990e-29    -0.0711   10.42794   4.322917 1.8251e-02    26.7286    26.7263 2.5003e-01     69.500          1      42073    1506.85 1.5158e+03  54858.289   1752.988 1621797725      -0.18     -0.616   39.24464  -72.28576 0.0000e+00
     68.469    14.3914    35.8043  1027.0316     2.2124     4.8674     84.883    0.00005    5.73425    5.73054      8.068    -0.0580   10.42916   4.321873 1.9929e-02    26.7274    26.7252 2.5497e-01     69.000          1      42123    1506.82 1.4386e+03  54854.356   1755.073 1621797727       0.16     -0.226   39.24464  -72.28576 0.0000e+00
     67.970    14.3903    35.8039  1027.0293     2.2122     4.8669     84.863   -0.00001    5.73497    5.73127      8.068    -0.0721   10.43038   4.321706 1.2397e-02    26.7274    26.7252 2.6823e-01     68.500          1      42153    1506.81 2.1707e+03  54853.642   1756.330 1621797729      -0.33     -0.328   39.24464  -72.28576 0.0000e+00
     67.472    14.3891    35.8036  1027.0271     2.2117     4.8643     84.808   -0.00038    5.73572    5.73202      8.068    -0.0577   10.43166   4.321564 1.2248e-02    26.7274    26.7253 2.8025e-01     68.000          1      42174    1506.80 2.2883e+03  54853.218   1757.208 1621797729      -0.12     -0.539   39.24464  -72.28576 0.0000e+00
     66.978    14.3855    35.8028  1027.0250     2.2116     4.8681     84.806   -0.00041    5.74026    5.73661      8.068    -0.0702   10.43933   4.321015 1.2628e-02    26.7275    26.7254 2.8883e-01     67.500          1      42196    1506.77 2.2871e+03  54852.219   1758.111 1621797730       0.02     -0.561   39.24466  -72.28574 0.0000e+00
     66.479    14.3818    35.8015  1027.0226     2.2113     4.8692     84.810   -0.00016    5.74131    5.73767      8.068    -0.0697   10.44111   4.320479 1.3965e-02    26.7273    26.7252 3.0386e-01     67.000          1      42216    1506.75 2.1858e+03  54850.561   1758.972 1621797731      -0.02     -0.565   39.24466  -72.28574 0.0000e+00
     65.981    14.3675    35.7942  1027.0179     2.2101     4.8648     84.708   -0.00072    5.74302    5.73940      8.068    -0.0587   10.44398   4.318112 2.4844e-02    26.7247    26.7226 3.1283e-01     66.500          1      42250    1506.69 1.3814e+03  54842.286   1760.392 1621797733       0.09     -0.445   39.24466  -72.28574 0.0000e+00
     65.498    14.3176    35.7739  1027.0108     2.2090     4.8662     84.651   -0.00052    5.74861    5.74503      8.068    -0.0668   10.45349   4.310831 3.1065e-02    26.7198    26.7177 3.2345e-01     66.000          1      42322    1506.50 1.0355e+03  54820.363   1763.391 1621797736      -0.39     -0.101   39.24466  -72.28574 0.0000e+00
