CalculateIndicators/WaterTemperature/Data/CTD_NYOS/20210324_C25.cnv
* Sea-Bird SBE 9 Data File:
* FileName = C:\Seabird 9 CTD\Data\2021\202103_offshore\20210324_C25.hex
* Software Version Seasave V 7.23.2
* Temperature SN = 4590
* Conductivity SN = 3228
* Number of Bytes Per Scan = 44
* Number of Voltage Words = 5
* Number of Scans Averaged by the Deck Unit = 1
* NMEA Latitude = 39 48.68 N
* NMEA Longitude = 072 30.36 W
* NMEA UTC (Time) = Mar 24 2021  15:51:07
* NMEA baud rate = 4800
** Ship: RV Seawolf
** Station: 4.4
** Operator: EIH
# nquan = 31
# nvalues = 121                         
# units = specified
# name 0 = depSM: Depth [salt water, m]
# name 1 = t090C: Temperature [ITS-90, deg C]
# name 2 = sal00: Salinity, Practical [PSU]
# name 3 = density00: Density [density, kg/m^3]
# name 4 = sbeox0V: Oxygen raw, SBE 43 [V]
# name 5 = sbeox0ML/L: Oxygen, SBE 43 [ml/l]
# name 6 = sbeox0PS: Oxygen, SBE 43 [% saturation]
# name 7 = sbox0dV/dT: Oxygen, SBE 43 [dov/dt]
# name 8 = oxsolML/L: Oxygen Saturation, Garcia & Gordon [ml/l]
# name 9 = oxsatML/L: Oxygen Saturation, Weiss [ml/l]
# name 10 = ph: pH
# name 11 = flECO-AFL: Fluorescence, WET Labs ECO-AFL/FL [mg/m^3]
# name 12 = n2satML/L: Nitrogen Saturation [ml/l]
# name 13 = c0S/m: Conductivity [S/m]
# name 14 = cpar: CPAR/Corrected Irradiance [%]
# name 15 = sigma-é00: Density [sigma-theta, kg/m^3]
# name 16 = sigma-t00: Density [sigma-t, kg/m^3 ]
# name 17 = par: PAR/Irradiance, Biospherical/Licor
# name 18 = prDM: Pressure, Digiquartz [db]
# name 19 = pumps: Pump Status
# name 20 = scan: Scan Count
# name 21 = svCM: Sound Velocity [Chen-Millero, m/s]
# name 22 = spar: SPAR, Biospherical/Licor
# name 23 = specc: Specific Conductance [uS/cm]
# name 24 = timeS: Time, Elapsed [seconds]
# name 25 = timeY: Time, System [seconds]
# name 26 = accM: Acceleration [m/s^2]
# name 27 = dz/dtM: Descent Rate [m/s]
# name 28 = latitude: Latitude [deg]
# name 29 = longitude: Longitude [deg]
# name 30 = flag: flag
# span 0 =      1.971,     61.528       
# span 1 =     7.0423,     9.4688       
# span 2 =    33.3374,    34.2734       
# span 3 =  1026.0249,  1026.7546       
# span 4 =     1.9543,     2.6087       
# span 5 =     4.6348,     6.9854       
# span 6 =     71.768,    104.822       
# span 7 =   -0.03454,    0.03450       
# span 8 =    6.43402,    6.81885       
# span 9 =    6.43842,    6.82811       
# span 10 =      8.396,      8.553      
# span 11 =     0.1221,     0.6075      
# span 12 =   11.60443,   12.25081      
# span 13 =   3.382401,   3.692321      
# span 14 = 2.6064e-02, 5.3507e+01      
# span 15 =    26.0151,    26.4744      
# span 16 =    26.0150,    26.4733      
# span 17 = 6.1323e-01, 1.1127e+03      
# span 18 =      2.000,     62.000      
# span 19 =          1,          1      
# span 20 =         59,      15465      
# span 21 =    1477.03,    1488.04      
# span 22 = 1.4060e+03, 2.3702e+03      
# span 23 =  52602.922,  53543.896      
# span 24 =      2.429,    644.328      
# span 25 = 1616601070, 1616601712      
# span 26 =      -0.50,       0.72      
# span 27 =     -0.917,      1.153      
# span 28 =   39.81142,   39.81168      
# span 29 =  -72.50884,  -72.50601      
# span 30 = 0.0000e+00, 0.0000e+00      
# interval = decibars: 1                
# start_time = Mar 24 2021 15:51:08 [System UTC, first data scan.]
# bad_flag = -9.990e-29
*END*
[from data line 94]
     27.780     7.5221    33.4668  1026.2670     2.4540     6.6024     97.738    0.00112    6.74419    6.75242      8.526     0.2274   12.12625   3.436472 9.6553e-01    26.1390    26.1387 1.4686e+01     28.000          1      11278    1479.21 1.5220e+03  52833.682    469.877 1616601537      -0.06     -0.338   39.81160  -72.50808 0.0000e+00
     26.792     7.4808    33.4545  1026.2587     2.4622     6.6161     98.110    0.00090    6.74617    6.75441      8.527     0.2400   12.12958   3.431698 1.0974e+00    26.1352    26.1349 1.6313e+01     27.000          1      11399    1479.02 1.4864e+03  52826.168    474.920 1616601542      -0.38     -0.327   39.81160  -72.50810 0.0000e+00
     25.801     7.4776    33.4514  1026.2521     2.4627     6.6224     98.045    0.00006    6.74760    6.75586      8.527     0.2718   12.13198   3.431151 1.1785e+00    26.1332    26.1329 1.7303e+01     26.000          1      11478    1478.99 1.4682e+03  52821.851    478.225 1616601546      -0.06     -0.272   39.81160  -72.50811 0.0000e+00
     24.806     7.4695    33.4490  1026.2468     2.4697     6.6576     98.521    0.00149    6.74937    6.75766      8.528     0.3052   12.13492   3.430149 1.3557e+00    26.1325    26.1321 1.9037e+01     25.000          1      11574    1478.94 1.4060e+03  52819.786    482.214 1616601550      -0.11     -0.273   39.81160  -72.50813 0.0000e+00
     23.818     7.4532    33.4466  1026.2426     2.4741     6.6701     98.629    0.00039    6.75759    6.76599      8.529     0.3383   12.14863   3.428368 1.4804e+00    26.1328    26.1325 2.1427e+01     24.000          1      11675    1478.86 1.4474e+03  52819.807    486.403 1616601554      -0.01     -0.296   39.81160  -72.50814 0.0000e+00
     22.821     7.4140    33.4385  1026.2372     2.4769     6.6798     98.831    0.00107    6.75797    6.76639 -9.990e-29     0.3361   12.14928   3.424068 1.6144e+00    26.1320    26.1317 2.3704e+01     23.000          1      11739    1478.68 1.4683e+03  52817.686    489.080 1616601557       0.03     -0.331   39.81160  -72.50816 0.0000e+00
     21.829     7.3994    33.4344  1026.2314     2.4770     6.6713     98.646   -0.00105    6.77723    6.78591      8.530     0.3372   12.18139   3.422304 1.9887e+00    26.1308    26.1305 2.9851e+01     22.000          1      11864    1478.60 1.5153e+03  52814.828    494.312 1616601562      -0.45     -0.274   39.81160  -72.50818 0.0000e+00
     20.834     7.3065    33.4178  1026.2267     2.4703     6.6548     98.149   -0.00272    6.78309    6.79185      8.528     0.3277   12.19119   3.412042 2.1930e+00    26.1306    26.1304 3.4602e+01     21.000          1      11943    1478.21 1.6020e+03  52814.586    497.585 1616601565      -0.04     -0.544   39.81160  -72.50819 0.0000e+00
     19.841     7.2458    33.3998  1026.2164     2.4653     6.6537     98.056   -0.00110    6.78670    6.79551 -9.990e-29     0.3091   12.19720   3.405354 2.4768e+00    26.1249    26.1246 4.0365e+01     20.000          1      12061    1477.93 1.6386e+03  52803.995    502.495 1616601570      -0.50     -0.593   39.81162  -72.50822 0.0000e+00
     18.845     7.2205    33.3945  1026.2112     2.4619     6.6377     97.849   -0.00152    6.79573    6.80466      8.522     0.3046   12.21225   3.402328 2.8352e+00    26.1242    26.1239 4.6455e+01     19.000          1      12169    1477.81 1.6567e+03  52802.405    507.019 1616601574      -0.10     -0.744   39.81162  -72.50823 0.0000e+00
     17.854     7.1298    33.3788  1026.2068     2.4559     6.6414     97.490   -0.00223    6.80627    6.81535      8.522     0.3405   12.22990   3.392605 2.9045e+00    26.1243    26.1241 5.2605e+01     18.000          1      12300    1477.43 1.8109e+03  52803.361    512.477 1616601580       0.10     -0.657   39.81162  -72.50826 0.0000e+00
     16.858     7.0423    33.3486  1026.1903     2.4537     6.6682     97.645    0.00036    6.81588    6.82509      8.521     0.4200   12.24594   3.382401 3.2260e+00    26.1124    26.1122 6.3334e+01     17.000          1      12625    1477.03 1.9612e+03  52782.590    525.993 1616601593      -0.07     -0.572   39.81162  -72.50832 0.0000e+00
     15.875     7.1537    33.3410  1026.1646     2.4907     6.7830     99.756    0.00382    6.80018    6.80913      8.521     0.5277   12.22017   3.392073 3.8424e+00    26.0912    26.0910 8.3704e+01     16.000          1      14258    1477.44 2.1774e+03  52741.784    594.044 1616601662      -0.09     -0.273   39.81165  -72.50863 0.0000e+00
     14.884     7.1783    33.3379  1026.1542     2.5028     6.8146    100.184    0.00230    6.79440    6.80325      8.533     0.4436   12.21065   3.393905 4.3227e+00    26.0854    26.0852 9.5624e+01     15.000          1      14498    1477.51 2.2119e+03  52730.143    604.031 1616601672       0.03     -0.278   39.81166  -72.50867 0.0000e+00
     13.896     7.2073    33.3374  1026.1451     2.5142     6.8057    100.658    0.00236    6.75495    6.76322      8.535     0.4035   12.14526   3.396367 5.1588e+00    26.0810    26.0808 1.1083e+02     14.000          1      14616    1477.61 2.1519e+03  52721.111    608.962 1616601676      -0.01     -0.183   39.81168  -72.50870 0.0000e+00
     12.903     7.2380    33.3401  1026.1385     2.5390     6.9454    102.769    0.01334    6.67852    6.68569      8.542     0.4390   12.01838   3.399896 5.4386e+00    26.0789    26.0787 1.2029e+02     13.000          1      14668    1477.72 2.2118e+03  52716.373    611.141 1616601679      -0.35     -0.504   39.81168  -72.50870 0.0000e+00
     11.902     7.6461    33.3699  1026.0997     2.5615     6.9854    104.206    0.01689    6.67665    6.68380      8.547     0.4544   12.01519   3.441533 6.2230e+00    26.0448    26.0447 1.3705e+02     12.000          1      14700    1479.30 2.2024e+03  52654.431    612.469 1616601680       0.01     -0.747   39.81168  -72.50871 0.0000e+00
     10.916     7.9723    33.4173  1026.0855     2.5896     6.9743    104.612    0.00659    6.67445    6.68156      8.549     0.4830   12.01153   3.472731 7.9139e+00    26.0353    26.0351 1.5565e+02     11.000          1      14794    1480.59 2.0152e+03  52640.269    616.355 1616601684      -0.11     -0.323   39.81168  -72.50873 0.0000e+00
      9.917     7.9441    33.4193  1026.0864     2.5958     6.9754    104.505    0.00251    6.66887    6.67590 -9.990e-29     0.4407   12.00228   3.470246 7.8352e+00    26.0408    26.0407 1.7050e+02     10.000          1      14861    1480.47 2.1781e+03  52649.470    619.182 1616601687      -0.21     -0.766   39.81168  -72.50874 0.0000e+00
      8.930     7.9879    33.4179  1026.0744     2.5998     6.9777    104.659    0.00209    6.66777    6.67479 -9.990e-29     0.5296   12.00044   3.473712 8.5662e+00    26.0333    26.0332 1.8679e+02      9.000          1      14906    1480.62 2.1804e+03  52636.316    621.059 1616601689       0.17     -0.587   39.81168  -72.50874 0.0000e+00
      7.940     8.0032    33.4206  1026.0697     2.6040     6.9782    104.718    0.00079    6.66483    6.67180      8.549     0.4166   11.99561   3.474945 1.4622e+01    26.0332    26.0331 2.3303e+02      8.000          1      15009    1480.66 1.6942e+03  52635.866    625.320 1616601693      -0.23     -0.285   39.81168  -72.50877 0.0000e+00
      6.941     8.0118    33.4205  1026.0637     2.6059     6.9720    104.786    0.00082    6.65506    6.66188      8.548     0.3962   11.97954   3.475624 1.2182e+01    26.0318    26.0317 2.5993e+02      7.000          1      15064    1480.68 2.1442e+03  52632.905    627.630 1616601695      -0.13     -0.640   39.81168  -72.50878 0.0000e+00
      5.954     8.0688    33.4146  1026.0462     2.6065     6.9628    104.727    0.00009    6.65186    6.65863      8.548     0.2505   11.97420   3.480230 1.3198e+01    26.0188    26.0187 2.8749e+02      6.000          1      15129    1480.87 2.1782e+03  52610.368    630.322 1616601698       0.11     -0.355   39.81168  -72.50879 0.0000e+00
      4.960     8.1047    33.4167  1026.0379     2.6055     6.9597    104.634   -0.00030    6.65216    6.65894      8.548     0.2632   11.97467   3.483424 1.7805e+01    26.0151    26.0150 3.8530e+02      5.000          1      15201    1480.99 2.1672e+03  52604.015    633.347 1616601701       0.05     -0.341   39.81168  -72.50880 0.0000e+00
      3.977     8.1061    33.4185  1026.0346     2.6056     6.9660    104.677    0.00042    6.65113    6.65789      8.548     0.2051   11.97296   3.483472 2.4450e+01    26.0163    26.0162 4.8341e+02      4.000          1      15299    1480.98 1.9781e+03  52605.532    637.410 1616601705      -0.17     -0.180   39.81168  -72.50882 0.0000e+00
      2.974     8.1059    33.4189  1026.0303     2.6067     6.9683    104.751    0.00061    6.65108    6.65784      8.548     0.2073   11.97288   3.483487 2.8087e+01    26.0166    26.0166 6.1735e+02      3.000          1      15328    1480.97 2.1978e+03  52605.520    638.618 1616601706      -0.24     -0.649   39.81168  -72.50882 0.0000e+00
      1.971     8.1121    33.4196  1026.0253     2.6071     6.9658    104.737    0.00014    6.65141    6.65818      8.549     0.2329   11.97342   3.483988 3.0218e+01    26.0162    26.0162 6.6217e+02      2.000          1      15465    1480.97 2.1951e+03  52604.330    644.328 1616601712       0.13     -0.506   39.81168  -72.50884 0.0000e+00
