CalculateIndicators/WaterTemperature/Data/CTD_NYOS/20210522_C08.cnv
* Sea-Bird SBE 9 Data File:
* FileName = C:\Seabird 9 CTD\Data\2021\202105_offshore\20210522_C08.hex
* Software Version Seasave V 7.23.2
* Temperature SN = 4590
* Conductivity SN = 3228
* Number of Bytes Per Scan = 44
* Number of Voltage Words = 5
* Number of Scans Averaged by the Deck Unit = 1
* NMEA Latitude = 39 07.95 N
* NMEA Longitude = 072 56.79 W
* NMEA UTC (Time) = May 22 2021  06:37:05
* NMEA baud rate = 4800
** Ship: seawolf
** Station: 6.5
** Operator: sjw
# nquan = 31
# nvalues = 295                         
# units = specified
# name 0 = depSM: Depth [salt water, m]
# name 1 = t090C: Temperature [ITS-90, deg C]
# name 2 = sal00: Salinity, Practical [PSU]
# name 3 = density00: Density [density, kg/m^3]
# name 4 = sbeox0V: Oxygen raw, SBE 43 [V]
# name 5 = sbeox0ML/L: Oxygen, SBE 43 [ml/l]
# name 6 = sbeox0PS: Oxygen, SBE 43 [% saturation]
# name 7 = sbox0dV/dT: Oxygen, SBE 43 [dov/dt]
# name 8 = oxsolML/L: Oxygen Saturation, Garcia & Gordon [ml/l]
# name 9 = oxsatML/L: Oxygen Saturation, Weiss [ml/l]
# name 10 = ph: pH
# name 11 = flECO-AFL: Fluorescence, WET Labs ECO-AFL/FL [mg/m^3]
# name 12 = n2satML/L: Nitrogen Saturation [ml/l]
# name 13 = c0S/m: Conductivity [S/m]
# name 14 = cpar: CPAR/Corrected Irradiance [%]
# name 15 = sigma-é00: Density [sigma-theta, kg/m^3]
# name 16 = sigma-t00: Density [sigma-t, kg/m^3 ]
# name 17 = par: PAR/Irradiance, Biospherical/Licor
# name 18 = prDM: Pressure, Digiquartz [db]
# name 19 = pumps: Pump Status
# name 20 = scan: Scan Count
# name 21 = svCM: Sound Velocity [Chen-Millero, m/s]
# name 22 = spar: SPAR, Biospherical/Licor
# name 23 = specc: Specific Conductance [uS/cm]
# name 24 = timeS: Time, Elapsed [seconds]
# name 25 = timeY: Time, System [seconds]
# name 26 = accM: Acceleration [m/s^2]
# name 27 = dz/dtM: Descent Rate [m/s]
# name 28 = latitude: Latitude [deg]
# name 29 = longitude: Longitude [deg]
# name 30 = flag: flag
# span 0 =      1.959,     74.920       
# span 1 =     7.4010,    13.6645       
# span 2 =    31.9675,    34.1565       
# span 3 =  1023.9302,  1026.6501       
# span 4 =     2.0008,     2.7999       
# span 5 =     4.7826,     7.3046       
# span 6 =     75.178,    114.449       
# span 7 =   -0.07827,    0.06538       
# span 8 =    5.93217,    6.77925       
# span 9 =    5.92880,    6.78743       
# span 10 =      7.921,      8.151      
# span 11 =    -0.0238,     0.8731      
# span 12 =   10.79110,   12.19022      
# span 13 =   3.377768,   3.915928      
# span 14 = -1.518e+04, 1.0836e+05      
# span 15 =    23.9213,    26.3099      
# span 16 =    23.9213,    26.3085      
# span 17 = 1.0000e-12, 8.2297e-03      
# span 18 =      2.000,     75.500      
# span 19 =          1,          1      
# span 20 =        333,      16042      
# span 21 =    1478.29,    1499.79      
# span 22 = -1.651e-01, 2.2745e+00      
# span 23 =  49615.591,  53297.244      
# span 24 =     13.835,    668.383      
# span 25 = 1621665439, 1621666093      
# span 26 =      -0.56,       0.44      
# span 27 =     -0.766,      0.765      
# span 28 =   39.13256,   39.13260      
# span 29 =  -72.94724,  -72.94662      
# span 30 = 0.0000e+00, 0.0000e+00      
# interval = decibars: 0.5              
# start_time = May 22 2021 06:37:05 [System UTC, first data scan.]
# bad_flag = -9.990e-29
*END*
[from data line 141]
     71.932     9.9071    34.1539  1026.6353     2.0049     4.7924     75.332   -0.00054    6.36172    6.36501      7.921    -0.0052   11.48583   3.721022 1.0834e+05    26.3083    26.3069 1.0000e-12     72.500          1       4571    1489.66 -1.646e-01  53292.901    190.434 1621665615       0.00      0.126   39.13258  -72.94676 0.0000e+00
     72.430     9.9081    34.1546  1026.6379     2.0046     4.7928     75.338   -0.00037    6.36173    6.36502      7.921    -0.0001   11.48584   3.721161 9.9999e+04    26.3087    26.3073 1.0000e-12     73.000          1       4611    1489.67 0.0000e+00  53294.013    192.063 1621665617       0.39      0.296   39.13258  -72.94676 0.0000e+00
     72.932     9.9091    34.1550  1026.6404     2.0044     4.7929     75.340   -0.00028    6.36173    6.36502      7.921     0.0088   11.48584   3.721307 -9.990e-29    26.3089    26.3075 1.0000e-12     73.500          1       4627    1489.68 -9.990e-29  53294.679    192.767 1621665618       0.29      0.562   39.13258  -72.94676 0.0000e+00
     73.429     9.9085    34.1549  1026.6426     2.0041     4.7917     75.320   -0.00034    6.36171    6.36501      7.921     0.0146   11.48582   3.721232 -9.990e-29    26.3089    26.3074 1.0000e-12     74.000          1       4647    1489.69 -9.990e-29  53294.913    193.602 1621665619      -0.02      0.654   39.13258  -72.94676 0.0000e+00
     73.924     9.9085    34.1549  1026.6449     2.0036     4.7908     75.307   -0.00029    6.36168    6.36497      7.921     0.0171   11.48577   3.721249 5.0640e-11    26.3089    26.3075 1.0000e-12     74.500          1       4682    1489.70 1.9747e+00  53295.327    195.042 1621665620      -0.18      0.431   39.13258  -72.94676 0.0000e+00
     74.413     9.9084    34.1551  1026.6473     2.0038     4.7933     75.346    0.00008    6.36170    6.36499      7.921    -0.0000   11.48580   3.721262 6.7585e+04    26.3091    26.3077 1.0000e-12     75.000          1       4736    1489.71 6.4008e-01  53295.914    197.279 1621665622       0.11      0.153   39.13258  -72.94676 0.0000e+00
     74.920     9.9097    34.1560  1026.6501     2.0040     4.7937     75.353    0.00004    6.36165    6.36494      7.921     0.0082   11.48570   3.721449 2.1412e+04    26.3096    26.3082 1.0000e-12     75.500          1       5092    1489.72 1.5519e+00  53297.244    212.125 1621665637      -0.07      0.160   39.13258  -72.94677 0.0000e+00
     74.412     9.9091    34.1561  1026.6480     2.0008     4.7826     75.178   -0.00008    6.36164    6.36494      7.921     0.0001   11.48569   3.721371 -3.321e+03    26.3098    26.3084 1.0000e-12     75.000          1       5905    1489.71 2.0403e+00  53297.206    246.016 1621665671      -0.10     -0.314   39.13259  -72.94680 0.0000e+00
     73.922     9.9103    34.1565  1026.6458     2.0019     4.7886     75.276    0.00051    6.36146    6.36475 -9.990e-29     0.0058   11.48538   3.721485 5.0640e-11    26.3099    26.3084 1.0000e-12     74.500          1       6154    1489.71 1.9747e+00  53297.161    256.394 1621665681       0.04     -0.421   39.13260  -72.94680 0.0000e+00
     73.427     9.9097    34.1563  1026.6435     2.0026     4.7910     75.312    0.00058    6.36145    6.36474 -9.990e-29     0.0150   11.48536   3.721392 5.0640e-11    26.3098    26.3084 1.0000e-12     74.000          1       6183    1489.70 1.9747e+00  53296.707    257.564 1621665683      -0.04     -0.384   39.13258  -72.94680 0.0000e+00
     72.925     9.9099    34.1565  1026.6413     2.0020     4.7849     75.215   -0.00014    6.36162    6.36491      7.921     0.0139   11.48565   3.721411 5.0640e-11    26.3099    26.3085 1.0000e-12     73.500          1       6213    1489.69 1.9747e+00  53296.572    258.816 1621665684       0.01     -0.415   39.13258  -72.94680 0.0000e+00
     72.439     9.9092    34.1563  1026.6391     2.0026     4.7905     75.299    0.00062    6.36204    6.36533      7.922     0.0003   11.48635   3.721288 5.0640e-11    26.3098    26.3085 1.0000e-12     73.000          1       6285    1489.68 1.9747e+00  53296.159    261.819 1621665687      -0.24     -0.077   39.13258  -72.94680 0.0000e+00
     71.936     9.9082    34.1560  1026.6367     2.0039     4.7952     75.373    0.00070    6.36199    6.36529      7.922     0.0013   11.48627   3.721159 5.0640e-11    26.3098    26.3084 1.0000e-12     72.500          1       6306    1489.67 1.9747e+00  53295.581    262.694 1621665688      -0.23     -0.407   39.13258  -72.94680 0.0000e+00
     71.440     9.9066    34.1555  1026.6344     2.0047     4.7976     75.407    0.00070    6.36236    6.36566      7.923     0.0101   11.48690   3.720929 5.0640e-11    26.3096    26.3083 1.0000e-12     72.000          1       6346    1489.65 1.9747e+00  53294.883    264.390 1621665689       0.10     -0.330   39.13258  -72.94680 0.0000e+00
     70.951     9.9054    34.1549  1026.6319     2.0054     4.7975     75.399    0.00030    6.36278    6.36609      7.923    -0.0134   11.48761   3.720723 5.0640e-11    26.3094    26.3080 1.0000e-12     71.500          1       6399    1489.64 1.9747e+00  53293.976    266.593 1621665692      -0.22     -0.188   39.13258  -72.94682 0.0000e+00
     70.447     9.9034    34.1541  1026.6293     2.0065     4.8037     75.495    0.00078    6.36300    6.36631      7.924    -0.0037   11.48798   3.720435 5.0640e-11    26.3091    26.3077 1.0000e-12     71.000          1       6421    1489.62 1.9747e+00  53293.041    267.503 1621665692      -0.20     -0.432   39.13258  -72.94682 0.0000e+00
     69.951     9.9022    34.1534  1026.6267     2.0077     4.8099     75.564    0.00094    6.36537    6.36870      7.925     0.0053   11.49196   3.720239 5.4452e+04    26.3087    26.3074 1.0000e-12     70.500          1       6453    1489.61 8.9943e-01  53291.931    268.835 1621665694       0.11     -0.426   39.13258  -72.94682 0.0000e+00
     69.462     9.8986    34.1519  1026.6239     2.0094     4.8160     75.631    0.00080    6.36779    6.37115      7.925     0.0010   11.49606   3.719696 2.3072e+03    26.3082    26.3068 1.0000e-12     70.000          1       6500    1489.59 1.9291e+00  53290.216    270.775 1621665696      -0.05     -0.215   39.13258  -72.94681 0.0000e+00
     68.962     9.8854    34.1453  1026.6187     2.0136     4.8439     75.994    0.00252    6.37404    6.37748      7.926     0.0288   11.50652   3.717605 -2.046e+01    26.3052    26.3039 1.0000e-12     69.500          1       6527    1489.52 1.9751e+00  53283.168    271.921 1621665697      -0.14     -0.375   39.13258  -72.94682 0.0000e+00
     68.463     9.8713    34.1388  1026.6138     2.0187     4.8796     76.346    0.00353    6.39140    6.39504      7.928     0.0489   11.53572   3.715771 5.0640e-11    26.3025    26.3012 1.0000e-12     69.000          1       6561    1489.45 1.9747e+00  53276.706    273.344 1621665698       0.09     -0.378   39.13258  -72.94682 0.0000e+00
     67.980     9.8081    34.1200  1026.6076     2.0277     4.9205     76.875    0.00444    6.40066    6.40442      7.929     0.0064   11.55127   3.707036 5.0640e-11    26.2984    26.2971 1.0000e-12     68.500          1       6609    1489.20 1.9747e+00  53263.102    275.316 1621665700      -0.12     -0.166   39.13258  -72.94682 0.0000e+00
     67.475     9.7275    34.0857  1026.5920     2.0333     4.9508     77.329    0.00646    6.40225    6.40602      7.927    -0.0078   11.55402   3.696161 5.0640e-11    26.2850    26.2838 1.0000e-12     68.000          1       6625    1488.85 1.9747e+00  53230.524    276.014 1621665701      -0.38     -0.419   39.13260  -72.94682 0.0000e+00
     66.972     9.6840    34.0762  1026.5896     2.0378     4.9708     77.609    0.00709    6.40488    6.40870      7.927    -0.0069   11.55838   3.691403 5.0640e-11    26.2848    26.2835 1.0000e-12     67.500          1       6642    1488.68 1.9747e+00  53226.013    276.700 1621665702      -0.23     -0.644   39.13260  -72.94682 0.0000e+00
     66.477     9.6509    34.0640  1026.5833     2.0413     4.9746     77.662    0.00568    6.40546    6.40928      7.928    -0.0037   11.55936   3.687636 5.0640e-11    26.2807    26.2795 1.0000e-12     67.000          1       6663    1488.53 1.9747e+00  53215.334    277.586 1621665703       0.11     -0.668   39.13260  -72.94682 0.0000e+00
     65.985     9.6404    34.0561  1026.5767     2.0477     4.9770     77.761    0.00339    6.40044    6.40419      7.929    -0.0075   11.55106   3.685850 7.1241e+04    26.2764    26.2751 1.0000e-12     66.500          1       6709    1488.48 5.6788e-01  53206.189    279.500 1621665704       0.16     -0.295   39.13259  -72.94682 0.0000e+00
     65.493     9.6442    34.0526  1026.5711     2.0553     5.0022     78.160    0.00380    6.39991    6.40365      7.931    -0.0231   11.55023   3.686307 -1.916e+03    26.2729    26.2717 1.0000e-12     66.000          1       6756    1488.48 2.0125e+00  53200.062    281.467 1621665706      -0.27     -0.216   39.13258  -72.94682 0.0000e+00
     64.991     9.6589    34.0518  1026.5657     2.0597     5.0243     78.464    0.00475    6.40321    6.40699      7.933     0.0265   11.55581   3.687505 5.0640e-11    26.2699    26.2687 1.0000e-12     65.500          1       6778    1488.52 1.9747e+00  53195.725    282.358 1621665707      -0.20     -0.475   39.13258  -72.94684 0.0000e+00
     64.499     9.6727    34.0521  1026.5614     2.0644     5.0379     78.700    0.00480    6.40135    6.40511      7.935     0.0008   11.55262   3.688771 5.0640e-11    26.2678    26.2666 1.0000e-12     65.000          1       6802    1488.56 1.9747e+00  53192.924    283.366 1621665708       0.05     -0.521   39.13258  -72.94682 0.0000e+00
     63.994     9.6647    34.0480  1026.5572     2.0686     5.0496     78.870    0.00437    6.40247    6.40624      7.935     0.0172   11.55454   3.687442 5.0640e-11    26.2659    26.2647 1.0000e-12     64.500          1       6826    1488.52 1.9747e+00  53188.450    284.360 1621665709       0.00     -0.510   39.13258  -72.94682 0.0000e+00
     63.507     9.6455    34.0397  1026.5517     2.0745     5.0592     78.921    0.00168    6.41036    6.41422      7.936     0.0146   11.56785   3.684877 5.0640e-11    26.2626    26.2614 1.0000e-12     64.000          1       6900    1488.43 1.9747e+00  53180.424    287.462 1621665712      -0.18     -0.116   39.13258  -72.94684 0.0000e+00
     63.011     9.6377    34.0330  1026.5455     2.0773     5.0777     79.116    0.00234    6.41800    6.42195      7.937     0.0509   11.58066   3.683604 -9.990e-29    26.2587    26.2575 1.0000e-12     63.500          1       6934    1488.39 -9.990e-29  53172.372    288.890 1621665714      -0.09     -0.369   39.13259  -72.94684 0.0000e+00
     62.518     9.6337    34.0302  1026.5417     2.0790     5.0808     79.132    0.00155    6.42066    6.42465      7.937     0.0705   11.58509   3.682770 -9.990e-29    26.2571    26.2560 1.0000e-12     63.000          1       6959    1488.36 -9.990e-29  53168.976    289.903 1621665715      -0.10     -0.420   39.13259  -72.94684 0.0000e+00
     62.013     9.5887    34.0151  1026.5351     2.0821     5.0948     79.370    0.00259    6.41905    6.42302      7.937     0.0538   11.58235   3.676598 -9.990e-29    26.2527    26.2516 1.0000e-12     62.500          1       6977    1488.17 -9.990e-29  53156.349    290.662 1621665716      -0.19     -0.555   39.13258  -72.94684 0.0000e+00
     61.517     9.5554    34.0048  1026.5303     2.0855     5.1136     79.637    0.00365    6.42116    6.42515      7.937     0.0516   11.58599   3.672883 5.0640e-11    26.2501    26.2490 1.0000e-12     62.000          1       7001    1488.03 1.9747e+00  53148.816    291.671 1621665717       0.11     -0.582   39.13259  -72.94684 0.0000e+00
     61.024     9.5341    34.0032  1026.5303     2.0869     5.1077     79.520    0.00152    6.42311    6.42712      7.936     0.0649   11.58925   3.671059 5.0640e-11    26.2524    26.2513 1.0000e-12     61.500          1       7034    1487.94 1.9747e+00  53150.759    293.060 1621665718       0.08     -0.376   39.13260  -72.94684 0.0000e+00
     60.531     9.5326    33.9965  1026.5231     2.0898     5.1103     79.541    0.00023    6.42474    6.42877      7.936     0.0657   11.59197   3.670230 5.0640e-11    26.2474    26.2463 1.0000e-12     61.000          1       7117    1487.92 1.9747e+00  53141.027    296.510 1621665722      -0.13     -0.139   39.13258  -72.94684 0.0000e+00
     60.035     9.5145    33.9899  1026.5187     2.0901     5.1118     79.520   -0.00018    6.42832    6.43239 -9.990e-29     0.0499   11.59798   3.667748 5.0640e-11    26.2452    26.2441 1.0000e-12     60.500          1       7157    1487.84 1.9747e+00  53135.337    298.176 1621665723      -0.31     -0.332   39.13258  -72.94684 0.0000e+00
     59.532     9.5063    33.9902  1026.5179     2.0902     5.1118     79.530   -0.00013    6.42750    6.43157 -9.990e-29     0.0387   11.59661   3.667176 5.0640e-11    26.2467    26.2457 1.0000e-12     60.000          1       7176    1487.80 1.9747e+00  53137.129    298.950 1621665724      -0.22     -0.554   39.13258  -72.94684 0.0000e+00
     59.037     9.4838    33.9821  1026.5131     2.0919     5.1217     79.662    0.00044    6.42932    6.43341      7.936     0.1008   11.59968   3.664298 3.2874e+04    26.2441    26.2430 1.0000e-12     59.500          1       7258    1487.70 1.3255e+00  53130.114    302.379 1621665727       0.01     -0.298   39.13258  -72.94684 0.0000e+00
     58.542     9.4628    33.9717  1026.5061     2.0940     5.1270     79.723   -0.00004    6.43099    6.43510      7.936     0.1339   11.60250   3.661494 -6.909e+02    26.2394    26.2383 1.0000e-12     59.000          1       7715    1487.60 1.9883e+00  53119.567    321.413 1621665746      -0.05     -0.280   39.13258  -72.94686 0.0000e+00
     58.048     9.4292    33.9573  1026.4982     2.0969     5.1423     79.878    0.00028    6.43766    6.44185      7.936     0.2211   11.61373   3.657075 5.0640e-11    26.2336    26.2326 1.0000e-12     58.500          1       8658    1487.46 1.9747e+00  53106.103    360.712 1621665786      -0.18     -0.394   39.13258  -72.94688 0.0000e+00
     57.553     9.4323    33.9583  1026.4962     2.0974     5.1423     79.879    0.00004    6.43768    6.44187      7.936     0.2117   11.61376   3.657357 5.0640e-11    26.2338    26.2328 1.0000e-12     58.000          1       8680    1487.46 1.9747e+00  53106.471    361.612 1621665787      -0.03     -0.492   39.13258  -72.94688 0.0000e+00
     57.055     9.4249    33.9567  1026.4939     2.0974     5.1452     79.908    0.00034    6.43883    6.44304      7.936     0.2235   11.61567   3.656480 5.0640e-11    26.2338    26.2328 1.0000e-12     57.500          1       8703    1487.42 1.9747e+00  53105.497    362.578 1621665788      -0.02     -0.505   39.13258  -72.94689 0.0000e+00
     56.556     9.4241    33.9556  1026.4908     2.0977     5.1485     79.912    0.00023    6.44276    6.44702      7.936     0.2217   11.62227   3.656323 5.0640e-11    26.2331    26.2320 1.0000e-12     57.000          1       8729    1487.41 1.9747e+00  53103.773    363.679 1621665789       0.06     -0.493   39.13258  -72.94690 0.0000e+00
     56.067     9.4193    33.9553  1026.4892     2.0978     5.1520     79.901    0.00004    6.44794    6.45225 -9.990e-29     0.2154   11.63097   3.655759 5.0640e-11    26.2336    26.2326 1.0000e-12     56.500          1       8769    1487.38 1.9747e+00  53104.048    365.313 1621665790       0.09     -0.306   39.13258  -72.94690 0.0000e+00
     55.565     9.3913    33.9467  1026.4848     2.0982     5.1547     79.937    0.00028    6.44850    6.45282 -9.990e-29     0.3446   11.63192   3.652065 5.0640e-11    26.2315    26.2305 1.0000e-12     56.000          1       8801    1487.26 1.9747e+00  53097.642    366.650 1621665792      -0.06     -0.360   39.13258  -72.94690 0.0000e+00
