CalculateIndicators/WaterTemperature/Data/CTD_NYOS/20210525_C36.cnv
* Sea-Bird SBE 9 Data File:
* FileName = C:\Seabird 9 CTD\Data\2021\202105_offshore\20210525_C36.hex
* Software Version Seasave V 7.23.2
* Temperature SN = 4590
* Conductivity SN = 3228
* Number of Bytes Per Scan = 44
* Number of Voltage Words = 5
* Number of Scans Averaged by the Deck Unit = 1
* NMEA Latitude = 40 42.03 N
* NMEA Longitude = 071 47.25 W
* NMEA UTC (Time) = May 25 2021  23:56:25
* NMEA baud rate = 4800
** Ship: seawolf
** Station: 1.2
** Operator: eih
# nquan = 31
# nvalues = 205                         
# units = specified
# name 0 = depSM: Depth [salt water, m]
# name 1 = t090C: Temperature [ITS-90, deg C]
# name 2 = sal00: Salinity, Practical [PSU]
# name 3 = density00: Density [density, kg/m^3]
# name 4 = sbeox0V: Oxygen raw, SBE 43 [V]
# name 5 = sbeox0ML/L: Oxygen, SBE 43 [ml/l]
# name 6 = sbeox0PS: Oxygen, SBE 43 [% saturation]
# name 7 = sbox0dV/dT: Oxygen, SBE 43 [dov/dt]
# name 8 = oxsolML/L: Oxygen Saturation, Garcia & Gordon [ml/l]
# name 9 = oxsatML/L: Oxygen Saturation, Weiss [ml/l]
# name 10 = ph: pH
# name 11 = flECO-AFL: Fluorescence, WET Labs ECO-AFL/FL [mg/m^3]
# name 12 = n2satML/L: Nitrogen Saturation [ml/l]
# name 13 = c0S/m: Conductivity [S/m]
# name 14 = cpar: CPAR/Corrected Irradiance [%]
# name 15 = sigma-é00: Density [sigma-theta, kg/m^3]
# name 16 = sigma-t00: Density [sigma-t, kg/m^3 ]
# name 17 = par: PAR/Irradiance, Biospherical/Licor
# name 18 = prDM: Pressure, Digiquartz [db]
# name 19 = pumps: Pump Status
# name 20 = scan: Scan Count
# name 21 = svCM: Sound Velocity [Chen-Millero, m/s]
# name 22 = spar: SPAR, Biospherical/Licor
# name 23 = specc: Specific Conductance [uS/cm]
# name 24 = timeS: Time, Elapsed [seconds]
# name 25 = timeY: Time, System [seconds]
# name 26 = accM: Acceleration [m/s^2]
# name 27 = dz/dtM: Descent Rate [m/s]
# name 28 = latitude: Latitude [deg]
# name 29 = longitude: Longitude [deg]
# name 30 = flag: flag
# span 0 =      1.950,     52.600       
# span 1 =     7.0213,    14.9042       
# span 2 =    31.5689,    33.1136       
# span 3 =  1023.3664,  1026.1734       
# span 4 =     2.0252,     2.7007       
# span 5 =     5.2383,     6.7702       
# span 6 =     76.672,    110.529       
# span 7 =   -0.05294,    0.04319       
# span 8 =    5.82480,    6.83214       
# span 9 =    5.81957,    6.84130       
# span 10 =      7.869,      8.061      
# span 11 =     0.1044,     0.4298      
# span 12 =   10.62545,   12.27578      
# span 13 =   3.354900,   3.905663      
# span 14 = -1.244e-03, 3.2581e+01      
# span 15 =    23.3531,    25.9305      
# span 16 =    23.3529,    25.9299      
# span 17 = -4.015e-04, 1.2163e+01      
# span 18 =      2.000,     53.000      
# span 19 =          1,          1      
# span 20 =         11,      13633      
# span 21 =    1477.18,    1502.53      
# span 22 = 1.5779e+01, 3.9653e+01      
# span 23 =  48922.181,  52476.966      
# span 24 =      0.435,    567.987      
# span 25 = 1621986981, 1621987549      
# span 26 =      -0.64,       1.02      
# span 27 =     -0.766,      0.842      
# span 28 =   40.70064,   40.70344      
# span 29 =  -71.78763,  -71.78338      
# span 30 = 0.0000e+00, 0.0000e+00      
# interval = decibars: 0.5              
# start_time = May 25 2021 23:56:21 [System UTC, first data scan.]
# bad_flag = -9.990e-29
*END*
[from data line 94]
     48.615     7.0273    33.1041  1026.1471     2.0574     5.2918     77.459   -0.00845    6.83179    6.84096      7.886     0.1766   12.27517   3.360030 4.4000e-12    25.9224    25.9218 1.0000e-12     49.000          1       3838    1477.19 2.2674e+01  52459.891    159.887 1621987141      -0.05      0.240   40.70145  -71.78640 0.0000e+00
     49.111     7.0246    33.1088  1026.1534     2.0469     5.2703     77.145   -0.00639    6.83171    6.84088 -9.990e-29     0.1205   12.27505   3.360351 3.3721e-12    25.9265    25.9259 1.0000e-12     49.500          1       3878    1477.20 2.9727e+01  52467.617    161.527 1621987143       0.21      0.281   40.70146  -71.78637 0.0000e+00
     49.612     7.0229    33.1133  1026.1595     2.0407     5.2544     76.912   -0.00567    6.83179    6.84095      7.881     0.1535   12.27517   3.360668 3.7350e-12    25.9302    25.9296 1.0000e-12     50.000          1       3907    1477.21 2.7175e+01  52474.890    162.730 1621987144       0.01      0.418   40.70146  -71.78636 0.0000e+00
     50.098     7.0229    33.1136  1026.1620     2.0330     5.2499     76.845   -0.00250    6.83173    6.84088      7.883     0.1131   12.27513   3.360806 3.8601e-12    25.9305    25.9298 1.0000e-12     50.500          1       3970    1477.21 2.5950e+01  52475.586    165.365 1621987147       0.02      0.116   40.70148  -71.78636 0.0000e+00
     50.603     7.0232    33.1119  1026.1629     2.0324     5.2578     76.961   -0.00108    6.83185    6.84102      7.883     0.1257   12.27529   3.360750 3.5014e-12    25.9291    25.9285 1.0000e-12     51.000          1       4027    1477.22 2.8591e+01  52473.370    167.741 1621987149       0.24      0.248   40.70149  -71.78634 0.0000e+00
     51.098     7.0225    33.1135  1026.1666     2.0310     5.2520     76.875   -0.00133    6.83187    6.84104 -9.990e-29     0.1345   12.27531   3.360925 3.8344e-12    25.9305    25.9299 1.0000e-12     51.500          1       4094    1477.23 2.6105e+01  52476.344    170.536 1621987152       0.32      0.353   40.70150  -71.78632 0.0000e+00
     51.593     7.0223    33.1134  1026.1688     2.0286     5.2478     76.813   -0.00077    6.83189    6.84106 -9.990e-29     0.1253   12.27534   3.360926 3.7198e-12    25.9304    25.9298 1.0000e-12     52.000          1       4145    1477.24 2.6918e+01  52476.451    172.687 1621987154      -0.02      0.295   40.70151  -71.78631 0.0000e+00
     52.080     7.0227    33.1125  1026.1704     2.0274     5.2511     76.862    0.00031    6.83182    6.84099      7.874     0.1320   12.27523   3.360946 3.6087e-12    25.9297    25.9291 1.0000e-12     52.500          1       4221    1477.24 2.7705e+01  52475.503    175.826 1621987157       0.28      0.156   40.70152  -71.78628 0.0000e+00
     52.600     7.0221    33.1132  1026.1734     2.0272     5.2468     76.799   -0.00020    6.83188    6.84105      7.875     0.1044   12.27534   3.360986 3.4672e-12    25.9303    25.9297 1.0000e-12     53.000          1       4253    1477.25 2.8874e+01  52476.966    177.176 1621987158      -0.16      0.390   40.70152  -71.78628 0.0000e+00
     52.080     7.0226    33.1130  1026.1707     2.0268     5.2468     76.799   -0.00007    6.83190    6.84106      7.874     0.1076   12.27536   3.360994 3.3827e-12    25.9301    25.9294 1.0000e-12     52.500          1       4282    1477.25 2.9566e+01  52476.131    178.386 1621987160      -0.60     -0.233   40.70152  -71.78626 0.0000e+00
     51.572     7.0220    33.1114  1026.1672     2.0256     5.2440     76.756    0.00013    6.83206    6.84123      7.869     0.1205   12.27565   3.360799 3.8474e-12    25.9289    25.9282 1.0000e-12     52.000          1       5542    1477.23 2.4508e+01  52473.647    230.874 1621987212      -0.26     -0.529   40.70178  -71.78587 0.0000e+00
     51.094     7.0213    33.1112  1026.1649     2.0254     5.2410     76.711    0.00002    6.83213    6.84129      7.869     0.1157   12.27576   3.360706 3.8935e-12    25.9288    25.9282 1.0000e-12     51.500          1       6421    1477.22 -9.990e-29  52473.279    267.494 1621987249       0.19     -0.526   40.70195  -71.78560 0.0000e+00
     50.613     7.0214    33.1113  1026.1627     2.0252     5.2405     76.704    0.00007    6.83214    6.84130      7.869     0.1367   12.27578   3.360698 3.8954e-12    25.9289    25.9282 1.0000e-12     51.000          1       6481    1477.21 -9.990e-29  52472.994    270.004 1621987251      -0.22     -0.221   40.70196  -71.78558 0.0000e+00
     50.098     7.0217    33.1111  1026.1602     2.0252     5.2383     76.672   -0.00019    6.83211    6.84128      7.869     0.1346   12.27575   3.360683 3.8954e-12    25.9287    25.9281 1.0000e-12     50.500          1       6494    1477.21 2.5672e+01  52472.362    270.559 1621987252      -0.53     -0.492   40.70196  -71.78558 0.0000e+00
     49.600     7.0215    33.1109  1026.1578     2.0262     5.2445     76.763    0.00026    6.83206    6.84122      7.869     0.1289   12.27572   3.360621 3.8954e-12    25.9286    25.9279 1.0000e-12     50.000          1       6527    1477.20 2.5672e+01  52471.827    271.937 1621987253      -0.16     -0.474   40.70197  -71.78556 0.0000e+00
     49.111     7.0219    33.1090  1026.1539     2.0278     5.2532     76.897    0.00089    6.83145    6.84059      7.872     0.1587   12.27485   3.360454 3.8954e-12    25.9270    25.9264 1.0000e-12     49.500          1       6579    1477.19 2.5672e+01  52468.573    274.081 1621987255      -0.38     -0.230   40.70198  -71.78554 0.0000e+00
     48.614     7.0221    33.1076  1026.1505     2.0306     5.2681     77.119    0.00182    6.83106    6.84019      7.875     0.1464   12.27428   3.360321 3.8954e-12    25.9258    25.9252 1.0000e-12     49.000          1       6606    1477.18 2.5672e+01  52466.211    275.210 1621987256      -0.02     -0.460   40.70198  -71.78554 0.0000e+00
     48.121     7.0273    33.0985  1026.1404     2.0360     5.2966     77.568    0.00374    6.82834    6.83738      7.881     0.1545   12.27023   3.359932 3.8954e-12    25.9180    25.9174 1.0000e-12     48.500          1       6638    1477.18 2.5672e+01  52451.564    276.532 1621987258       0.04     -0.384   40.70200  -71.78553 0.0000e+00
     47.624     7.0311    33.0932  1026.1334     2.0429     5.3280     78.038    0.00504    6.82736    6.83637      7.890     0.2026   12.26876   3.359783 3.8954e-12    25.9133    25.9127 1.0000e-12     48.000          1       6666    1477.18 2.5672e+01  52442.604    277.716 1621987259      -0.05     -0.404   40.70200  -71.78552 0.0000e+00
     47.125     7.0451    33.0749  1026.1148     2.0563     5.4025     79.138    0.00947    6.82673    6.83572      7.895     0.2301   12.26784   3.359311 3.8954e-12    25.8970    25.8964 1.0000e-12     47.500          1       6693    1477.20 2.5672e+01  52412.492    278.813 1621987260      -0.02     -0.448   40.70200  -71.78551 0.0000e+00
     46.637     7.0759    33.0357  1026.0774     2.0867     5.5265     80.980    0.01301    6.82454    6.83341      7.904     0.3339   12.26504   3.358436 3.8954e-12    25.8620    25.8614 1.0000e-12     47.000          1       6749    1477.27 2.5672e+01  52348.085    281.163 1621987262       0.03     -0.176   40.70201  -71.78550 0.0000e+00
     46.136     7.0923    33.0043  1026.0481     2.1036     5.5721     81.693    0.01188    6.82084    6.82962      7.907     0.4047   12.25925   3.356942 3.8954e-12    25.8350    25.8344 1.0000e-12     46.500          1       6782    1477.28 2.5672e+01  52298.216    282.534 1621987264      -0.46     -0.297   40.70202  -71.78550 0.0000e+00
     45.634     7.1046    32.9733  1026.0198     2.1154     5.5958     82.261    0.01211    6.80255    6.81098      7.911     0.3691   12.22973   3.355206 4.0885e-12    25.8089    25.8084 1.0000e-12     46.000          1       6806    1477.28 2.4561e+01  52250.539    283.544 1621987265      -0.02     -0.523   40.70202  -71.78547 0.0000e+00
     45.149     7.1291    32.9446  1025.9916     2.1361     5.6236     83.227    0.01235    6.75698    6.76470      7.943     0.4298   12.15470   3.354900 4.7317e-12    25.7829    25.7824 1.0000e-12     45.500          1       6845    1477.33 2.1252e+01  52202.827    285.172 1621987266       0.08     -0.263   40.70204  -71.78546 0.0000e+00
     44.644     7.2154    32.8996  1025.9420     2.1647     5.7519     85.297    0.01942    6.74341    6.75092      7.969     0.4167   12.13233   3.358877 3.9265e-12    25.7358    25.7352 1.0000e-12     45.000          1       6870    1477.60 2.5507e+01  52115.989    286.223 1621987267      -0.14     -0.412   40.70204  -71.78546 0.0000e+00
     44.151     7.5404    32.8572  1025.8610     2.2471     6.1835     91.664    0.04319    6.74573    6.75324      7.990     0.3709   12.13655   3.384633 3.8954e-12    25.6574    25.6569 1.0000e-12     44.500          1       6915    1478.79 2.5672e+01  51972.710    288.066 1621987269       0.12     -0.292   40.70205  -71.78545 0.0000e+00
     43.659     7.7034    32.8454  1025.8263     2.3175     6.3770     94.485    0.03622    6.74928    6.75682      7.995     0.3156   12.14263   3.396924 3.8954e-12    25.6252    25.6246 1.0000e-12     44.000          1       6961    1479.40 2.5672e+01  51915.209    289.988 1621987271      -0.12     -0.246   40.70206  -71.78544 0.0000e+00
     43.156     7.6577    32.8218  1025.8121     2.3411     6.3876     94.749    0.02695    6.74166    6.74909      7.998     0.3274   12.13001   3.389938 3.8954e-12    25.6132    25.6126 1.0000e-12     43.500          1       6986    1479.18 2.5672e+01  51892.492    291.053 1621987272      -0.12     -0.410   40.70208  -71.78542 0.0000e+00
     42.663     7.6351    32.8072  1025.8015     2.3650     6.3933     94.979    0.01726    6.73134    6.73862      7.998     0.3314   12.11294   3.387034 3.8954e-12    25.6048    25.6043 1.0000e-12     43.000          1       7022    1479.07 2.5672e+01  51876.896    292.548 1621987274       0.11     -0.367   40.70208  -71.78541 0.0000e+00
     42.168     7.7025    32.8091  1025.7911     2.3819     6.3947     95.112    0.01013    6.72335    6.73051      7.999     0.3349   12.09971   3.393272 3.8954e-12    25.5968    25.5962 1.0000e-12     42.500          1       7064    1479.32 2.5672e+01  51862.743    294.300 1621987276       0.01     -0.288   40.70208  -71.78540 0.0000e+00
     41.674     7.7678    32.8101  1025.7802     2.3886     6.3831     94.966    0.00516    6.72144    6.72857      8.001     0.3432   12.09654   3.399100 3.8954e-12    25.5883    25.5877 1.0000e-12     42.000          1       7099    1479.57 2.5672e+01  51847.916    295.752 1621987277      -0.12     -0.302   40.70209  -71.78540 0.0000e+00
     41.173     7.8047    32.8116  1025.7738     2.3921     6.3789     94.935    0.00312    6.71925    6.72636      8.001     0.3277   12.09293   3.402265 3.8954e-12    25.5842    25.5836 1.0000e-12     41.500          1       7130    1479.70 2.5672e+01  51840.900    297.047 1621987278       0.05     -0.395   40.70210  -71.78539 0.0000e+00
     40.681     7.8241    32.8125  1025.7695     2.3946     6.3758     94.894    0.00145    6.71890    6.72599      8.002     0.3597   12.09244   3.403876 4.2899e-12    25.5822    25.5816 1.0000e-12     41.000          1       7174    1479.77 2.3459e+01  51837.189    298.855 1621987280      -0.04     -0.241   40.70210  -71.78538 0.0000e+00
     40.184     7.8416    32.8131  1025.7651     2.3950     6.3857     94.825    0.00039    6.73417    6.74144      8.000     0.3584   12.11824   3.405352 4.2545e-12    25.5800    25.5795 1.0000e-12     40.500          1       7213    1479.83 1.9808e+01  51833.396    300.488 1621987282       0.04     -0.314   40.70212  -71.78536 0.0000e+00
     39.689     7.8460    32.8059  1025.7565     2.3936     6.3767     94.604   -0.00122    6.74045    6.74778      7.999     0.3913   12.12889   3.404306 3.8900e-12    25.5738    25.5732 1.0000e-12     40.000          1       7247    1479.83 -9.990e-29  51821.852    301.897 1621987283      -0.15     -0.307   40.70212  -71.78535 0.0000e+00
     39.188     7.7698    32.7678  1025.7352     2.3950     6.3979     94.833    0.00042    6.74647    6.75386      7.999     0.3886   12.13916   3.394022 3.8954e-12    25.5547    25.5542 1.0000e-12     39.500          1       7277    1479.48 -9.990e-29  51785.538    303.161 1621987284       0.05     -0.408   40.70212  -71.78534 0.0000e+00
     38.701     7.7176    32.7351  1025.7148     2.4013     6.4380     95.411    0.00322    6.74761    6.75502      8.000     0.4298   12.14111   3.386113 3.9071e-12    25.5364    25.5359 1.0000e-12     39.000          1       7321    1479.23 -9.990e-29  51751.350    304.981 1621987286      -0.03     -0.216   40.70214  -71.78533 0.0000e+00
     38.195     7.6869    32.7101  1025.6972     2.4075     6.4699     95.892    0.00508    6.74703    6.75443      8.000     0.4107   12.14015   3.381333 3.9041e-12    25.5212    25.5206 1.0000e-12     38.500          1       7349    1479.07 -9.990e-29  51722.789    306.153 1621987287      -0.04     -0.391   40.70214  -71.78532 0.0000e+00
     37.709     7.6838    32.7059  1025.6921     2.4164     6.4738     96.057    0.00252    6.73954    6.74682      8.007     0.3964   12.12786   3.380813 4.0967e-12    25.5183    25.5178 1.0000e-12     38.000          1       7417    1479.05 2.4165e+01  51717.386    309.004 1621987290       0.09     -0.103   40.70216  -71.78530 0.0000e+00
     37.213     7.6954    32.7030  1025.6859     2.4220     6.5003     96.467    0.00393    6.73835    6.74560      8.010     0.4044   12.12589   3.381562 4.6138e-12    25.5144    25.5139 1.0000e-12     37.500          1       7446    1479.08 2.1676e+01  51709.997    310.220 1621987291      -0.34     -0.307   40.70216  -71.78528 0.0000e+00
     36.706     7.7025    32.7004  1025.6805     2.4250     6.5185     96.720    0.00495    6.73957    6.74685      8.011     0.3936   12.12792   3.381971 4.6036e-12    25.5113    25.5108 1.0000e-12     37.000          1       7462    1479.10 2.1722e+01  51704.162    310.894 1621987292      -0.33     -0.558   40.70216  -71.78528 0.0000e+00
     36.206     7.7431    32.7005  1025.6725     2.4332     6.5314     97.111    0.00513    6.72579    6.73287      8.013     0.3574   12.10509   3.385950 4.6036e-12    25.5057    25.5052 1.0000e-12     36.500          1       7501    1479.25 2.1722e+01  51694.244    312.513 1621987294      -0.09     -0.499   40.70217  -71.78527 0.0000e+00
     35.715     7.8233    32.7024  1025.6602     2.4479     6.5680     97.911    0.00628    6.70815    6.71498      8.017     0.3849   12.07589   3.393661 4.5384e-12    25.4957    25.4952 1.0000e-12     36.000          1       7566    1479.55 2.2058e+01  51677.326    315.228 1621987296      -0.41     -0.352   40.70218  -71.78526 0.0000e+00
     35.217     7.9659    32.7107  1025.6438     2.4574     6.5782     98.043    0.00265    6.70953    6.71638      8.018     0.3512   12.07819   3.406631 4.0498e-12    25.4817    25.4812 1.0000e-12     35.500          1       7734    1480.09 2.4742e+01  51654.754    322.212 1621987303      -0.07     -0.277   40.70223  -71.78520 0.0000e+00
     34.721     8.0101    32.7146  1025.6381     2.4581     6.5796     97.835    0.00004    6.72522    6.73225      8.014     0.3750   12.10461   3.410620 4.2932e-12    25.4783    25.4778 1.0000e-12     35.000          1       8796    1480.25 2.3330e+01  51649.463    366.446 1621987348      -0.05     -0.353   40.70244  -71.78489 0.0000e+00
     34.237     7.8735    32.6653  1025.6170     2.4544     6.5138     97.352   -0.00236    6.69095    6.69748      8.013     0.3609   12.04790   3.392302 4.2030e-12    25.4593    25.4588 1.0000e-12     34.500          1       8965    1479.67 2.3785e+01  51611.408    373.487 1621987355       0.07     -0.172   40.70247  -71.78485 0.0000e+00
