CalculateIndicators/WaterTemperature/Data/CTD_NYOS/20210322_C09.cnv
* Sea-Bird SBE 9 Data File:
* FileName = C:\Seabird 9 CTD\Data\2021\202103_offshore\20210322_C09.hex
* Software Version Seasave V 7.23.2
* Temperature SN = 4590
* Conductivity SN = 3228
* Number of Bytes Per Scan = 44
* Number of Voltage Words = 5
* Number of Scans Averaged by the Deck Unit = 1
* NMEA Latitude = 38 47.17 N
* NMEA Longitude = 072 49.10 W
* NMEA UTC (Time) = Mar 22 2021  06:55:05
* NMEA baud rate = 4800
** Ship: RV Seawolf
** Station: 6.6
** Operator: TDK
# nquan = 31
# nvalues = 604                         
# units = specified
# name 0 = depSM: Depth [salt water, m]
# name 1 = t090C: Temperature [ITS-90, deg C]
# name 2 = sal00: Salinity, Practical [PSU]
# name 3 = density00: Density [density, kg/m^3]
# name 4 = sbeox0V: Oxygen raw, SBE 43 [V]
# name 5 = sbeox0ML/L: Oxygen, SBE 43 [ml/l]
# name 6 = sbeox0PS: Oxygen, SBE 43 [% saturation]
# name 7 = sbox0dV/dT: Oxygen, SBE 43 [dov/dt]
# name 8 = oxsolML/L: Oxygen Saturation, Garcia & Gordon [ml/l]
# name 9 = oxsatML/L: Oxygen Saturation, Weiss [ml/l]
# name 10 = ph: pH
# name 11 = flECO-AFL: Fluorescence, WET Labs ECO-AFL/FL [mg/m^3]
# name 12 = n2satML/L: Nitrogen Saturation [ml/l]
# name 13 = c0S/m: Conductivity [S/m]
# name 14 = cpar: CPAR/Corrected Irradiance [%]
# name 15 = sigma-é00: Density [sigma-theta, kg/m^3]
# name 16 = sigma-t00: Density [sigma-t, kg/m^3 ]
# name 17 = par: PAR/Irradiance, Biospherical/Licor
# name 18 = prDM: Pressure, Digiquartz [db]
# name 19 = pumps: Pump Status
# name 20 = scan: Scan Count
# name 21 = svCM: Sound Velocity [Chen-Millero, m/s]
# name 22 = spar: SPAR, Biospherical/Licor
# name 23 = specc: Specific Conductance [uS/cm]
# name 24 = timeS: Time, Elapsed [seconds]
# name 25 = timeY: Time, System [seconds]
# name 26 = accM: Acceleration [m/s^2]
# name 27 = dz/dtM: Descent Rate [m/s]
# name 28 = latitude: Latitude [deg]
# name 29 = longitude: Longitude [deg]
# name 30 = flag: flag
# span 0 =      1.948,    301.504       
# span 1 =    10.1439,    14.1642       
# span 2 =    34.4266,    35.8326       
# span 3 =  1026.4943,  1028.5011       
# span 4 =     1.4253,     2.5340       
# span 5 =     2.9604,     6.3080       
# span 6 =     47.916,    100.647       
# span 7 =   -0.07019,    0.05083       
# span 8 =    5.75870,    6.31861       
# span 9 =    5.75531,    6.32155       
# span 10 =      8.334,      8.572      
# span 11 =    -0.0783,     1.0595      
# span 12 =   10.46931,   11.41138      
# span 13 =   3.766668,   4.306741      
# span 14 = -6.692e+03, 6.4421e+04      
# span 15 =    26.4795,    27.1410      
# span 16 =    26.4793,    27.1344      
# span 17 = 1.0000e-12, 1.0000e-12      
# span 18 =      2.000,    304.000      
# span 19 =          1,          1      
# span 20 =         49,      77212      
# span 21 =    1489.72,    1508.30      
# span 22 = 7.0257e-01, 2.1069e+00      
# span 23 =  53585.793,  55005.667      
# span 24 =      2.006,   3217.117      
# span 25 = 1616396108, 1616399323      
# span 26 =      -0.86,       0.87      
# span 27 =     -1.188,      1.588      
# span 28 =   38.77833,   38.78629      
# span 29 =  -72.83273,  -72.81845      
# span 30 = 0.0000e+00, 0.0000e+00      
# interval = decibars: 1                
# start_time = Mar 22 2021 06:55:06 [System UTC, first data scan.]
# bad_flag = -9.990e-29
*END*
[from data line 141]
    141.879    13.9628    35.7626  1027.4200     2.2578     5.0925     88.001    0.00003    5.78467    5.78155      8.535     0.1611   10.51305   4.278129 5.0640e-11    26.7890    26.7846 1.0000e-12    143.000          1      15780    1506.62 1.9747e+00  54895.338    657.469 1616396763       0.11      0.523   38.78448  -72.82150 0.0000e+00
    142.861    13.9619    35.7623  1027.4244     2.2584     5.0951     88.060    0.00017    5.78507    5.78195 -9.990e-29     0.1504   10.51373   4.278009 5.0640e-11    26.7890    26.7846 1.0000e-12    144.000          1      15901    1506.63 1.9747e+00  54895.618    662.517 1616396768       0.70      0.322   38.78448  -72.82152 0.0000e+00
    143.858    13.9590    35.7615  1027.4288     2.2573     5.0909     87.986   -0.00025    5.78510    5.78198 -9.990e-29     0.1671   10.51377   4.277701 5.0640e-11    26.7890    26.7846 1.0000e-12    145.000          1      16019    1506.64 1.9747e+00  54895.468    667.428 1616396773       0.08      0.388   38.78447  -72.82154 0.0000e+00
    144.837    13.9584    35.7615  1027.4333     2.2571     5.0875     88.001   -0.00006    5.78518    5.78206      8.535     0.1645   10.51390   4.277691 5.0640e-11    26.7892    26.7847 1.0000e-12    146.000          1      16142    1506.65 1.9747e+00  54896.124    672.541 1616396778       0.42      0.238   38.78444  -72.82156 0.0000e+00
    145.852    13.9581    35.7615  1027.4379     2.2571     5.0926     87.980   -0.00038    5.78525    5.78213      8.535     0.1590   10.51403   4.277717 5.0640e-11    26.7892    26.7847 1.0000e-12    147.000          1      16200    1506.67 1.9747e+00  54896.721    674.977 1616396781       0.25      0.759   38.78444  -72.82157 0.0000e+00
    146.832    13.9576    35.7614  1027.4424     2.2571     5.0914     88.018   -0.00005    5.78518    5.78206 -9.990e-29     0.1759   10.51390   4.277706 5.0640e-11    26.7893    26.7848 1.0000e-12    148.000          1      16335    1506.68 1.9747e+00  54897.302    680.603 1616396786      -0.15      0.441   38.78444  -72.82160 0.0000e+00
    147.824    13.9672    35.7653  1027.4478     2.2561     5.0848     87.999    0.00023    5.78288    5.77974 -9.990e-29     0.1461   10.51003   4.279238 5.0640e-11    26.7904    26.7858 1.0000e-12    149.000          1      16469    1506.73 1.9747e+00  54901.927    686.161 1616396792       0.29      0.525   38.78442  -72.82162 0.0000e+00
    148.817    13.9891    35.7722  1027.4528     2.2547     5.0803     87.896   -0.00034    5.77971    5.77654 -9.990e-29     0.1904   10.50470   4.282214 5.0640e-11    26.7911    26.7865 1.0000e-12    150.000          1      16583    1506.83 1.9747e+00  54909.046    690.919 1616396797       0.03      0.359   38.78440  -72.82164 0.0000e+00
    149.794    14.0116    35.7799  1027.4583     2.2542     5.0775     87.906   -0.00001    5.77716    5.77396 -9.990e-29     0.1487   10.50041   4.285311 5.0640e-11    26.7923    26.7876 1.0000e-12    151.000          1      16711    1506.93 1.9747e+00  54917.117    696.230 1616396802       0.23      0.123   38.78440  -72.82166 0.0000e+00
    150.804    14.0218    35.7837  1027.4636     2.2534     5.0732     87.849   -0.00030    5.77575    5.77253 -9.990e-29     0.1306   10.49803   4.286876 5.0640e-11    26.7931    26.7884 1.0000e-12    152.000          1      16780    1506.98 1.9747e+00  54921.628    699.127 1616396805       0.27      0.581   38.78439  -72.82168 0.0000e+00
    151.791    14.0440    35.7907  1027.4686     2.2526     5.0702     87.801   -0.00059    5.77368    5.77044 -9.990e-29     0.1117   10.49456   4.289794 5.0640e-11    26.7938    26.7891 1.0000e-12    153.000          1      16870    1507.08 1.9747e+00  54928.851    702.891 1616396809       0.24      0.661   38.78438  -72.82170 0.0000e+00
    152.785    14.0474    35.7917  1027.4731     2.2518     5.0651     87.821    0.00008    5.77240    5.76914 -9.990e-29     0.1228   10.49238   4.290238 5.0640e-11    26.7940    26.7892 1.0000e-12    154.000          1      16976    1507.11 1.9747e+00  54930.423    707.304 1616396813       0.18      0.729   38.78438  -72.82172 0.0000e+00
    153.776    14.0556    35.7954  1027.4786     2.2511     5.0622     87.751   -0.00045    5.77151    5.76825 -9.990e-29     0.1222   10.49091   4.291783 5.0640e-11    26.7951    26.7903 1.0000e-12    155.000          1      17056    1507.16 1.9747e+00  54934.816    710.625 1616396816       0.37      0.964   38.78438  -72.82174 0.0000e+00
    154.777    14.0794    35.8018  1027.4829     2.2499     5.0556     87.682   -0.00072    5.77137    5.76811      8.534     0.1227   10.49067   4.294670 5.0640e-11    26.7950    26.7902 1.0000e-12    156.000          1      17142    1507.26 1.9747e+00  54941.163    714.204 1616396820       0.12      0.844   38.78437  -72.82175 0.0000e+00
    155.766    14.0859    35.8036  1027.4874     2.2482     5.0506     87.629   -0.00046    5.76818    5.76488      8.533     0.1117   10.48529   4.295514 5.0640e-11    26.7951    26.7902 1.0000e-12    157.000          1      17279    1507.30 1.9747e+00  54943.393    719.920 1616396826       0.19      0.683   38.78436  -72.82177 0.0000e+00
    156.742    14.0928    35.8060  1027.4921     2.2443     5.0262     87.414   -0.00094    5.76533    5.76201      8.532     0.1044   10.48050   4.296509 5.0640e-11    26.7955    26.7906 1.0000e-12    158.000          1      17432    1507.34 1.9747e+00  54946.265    726.281 1616396832       0.32      0.545   38.78434  -72.82180 0.0000e+00
    157.748    14.1126    35.8136  1027.4982     2.2418     5.0313     87.215   -0.00196    5.76477    5.76144      8.532     0.1073   10.47955   4.299394 5.0640e-11    26.7972    26.7922 1.0000e-12    159.000          1      17489    1507.43 1.9747e+00  54954.756    728.654 1616396835       0.08      0.706   38.78434  -72.82181 0.0000e+00
    158.727    14.1274    35.8188  1027.5034     2.2406     5.0273     87.277   -0.00058    5.76163    5.75827      8.533     0.1003   10.47426   4.301425 5.0640e-11    26.7981    26.7931 1.0000e-12    160.000          1      17649    1507.50 1.9747e+00  54960.397    735.340 1616396841      -0.03      0.417   38.78432  -72.82184 0.0000e+00
    159.731    14.1403    35.8233  1027.5086     2.2402     5.0310     87.262   -0.00046    5.76171    5.75835      8.532     0.0858   10.47439   4.303215 5.0640e-11    26.7989    26.7938 1.0000e-12    161.000          1      17715    1507.56 1.9747e+00  54965.520    738.099 1616396844       0.15      0.580   38.78431  -72.82186 0.0000e+00
    160.713    14.1486    35.8263  1027.5135     2.2391     5.0232     87.248   -0.00016    5.76039    5.75702      8.532     0.0826   10.47217   4.304356 5.0640e-11    26.7994    26.7944 1.0000e-12    162.000          1      17872    1507.61 1.9747e+00  54969.077    744.604 1616396850      -0.08      0.259   38.78430  -72.82189 0.0000e+00
    161.705    14.1515    35.8273  1027.5181     2.2368     5.0199     87.130   -0.00033    5.76011    5.75673      8.531     0.0904   10.47168   4.304783 5.0640e-11    26.7996    26.7945 1.0000e-12    163.000          1      17973    1507.64 1.9747e+00  54970.685    748.814 1616396855       0.06      0.226   38.78428  -72.82191 0.0000e+00
    162.697    14.1554    35.8291  1027.5231     2.2361     5.0164     87.095   -0.00044    5.75961    5.75622      8.531     0.0756   10.47084   4.305419 5.0640e-11    26.8003    26.7951 1.0000e-12    164.000          1      18078    1507.67 1.9747e+00  54973.273    753.210 1616396859       0.30      0.258   38.78428  -72.82193 0.0000e+00
    163.689    14.1597    35.8308  1027.5278     2.2349     5.0116     87.074   -0.00012    5.75870    5.75531      8.531     0.0829   10.46931   4.306054 5.0640e-11    26.8006    26.7955 1.0000e-12    165.000          1      18209    1507.70 1.9747e+00  54975.477    758.655 1616396864       0.04      0.310   38.78426  -72.82196 0.0000e+00
    164.686    14.1642    35.8326  1027.5327     2.2329     5.0071     86.927   -0.00086    5.75877    5.75537      8.530     0.0612   10.46941   4.306741 5.0640e-11    26.8011    26.7959 1.0000e-12    166.000          1      18293    1507.73 1.9747e+00  54978.052    762.178 1616396868       0.34      0.344   38.78426  -72.82198 0.0000e+00
    165.676    14.1592    35.8316  1027.5375     2.2305     5.0017     86.854   -0.00040    5.75955    5.75617 -9.990e-29     0.0653   10.47073   4.306147 5.0640e-11    26.8014    26.7962 1.0000e-12    167.000          1      18436    1507.73 1.9747e+00  54977.863    768.144 1616396874       0.16      0.313   38.78424  -72.82201 0.0000e+00
    166.663    14.1553    35.8307  1027.5420     2.2287     4.9974     86.784   -0.00037    5.75992    5.75654 -9.990e-29     0.0729   10.47135   4.305700 5.0640e-11    26.8016    26.7963 1.0000e-12    168.000          1      18557    1507.73 1.9747e+00  54977.669    773.166 1616396879       0.05      0.253   38.78422  -72.82203 0.0000e+00
    167.657    14.1533    35.8302  1027.5465     2.2281     4.9982     86.770   -0.00031    5.76020    5.75683 -9.990e-29     0.0563   10.47182   4.305485 5.0640e-11    26.8017    26.7964 1.0000e-12    169.000          1      18690    1507.74 1.9747e+00  54977.816    778.712 1616396885       0.02      0.307   38.78421  -72.82205 0.0000e+00
    168.636    14.1514    35.8298  1027.5510     2.2268     4.9933     86.666   -0.00097    5.76026    5.75688 -9.990e-29     0.0535   10.47192   4.305308 5.0640e-11    26.8018    26.7965 1.0000e-12    170.000          1      18812    1507.76 1.9747e+00  54978.208    783.794 1616396890       0.35      0.303   38.78420  -72.82209 0.0000e+00
    169.648    14.1503    35.8295  1027.5555     2.2269     4.9973     86.721   -0.00026    5.76027    5.75689      8.530     0.0571   10.47194   4.305209 5.0640e-11    26.8019    26.7965 1.0000e-12    171.000          1      18875    1507.77 1.9747e+00  54978.479    786.404 1616396892       0.21      0.672   38.78420  -72.82210 0.0000e+00
    170.628    14.1498    35.8293  1027.5598     2.2263     4.9901     86.703   -0.00045    5.76056    5.75719      8.530     0.0672   10.47243   4.305164 5.0640e-11    26.8018    26.7964 1.0000e-12    172.000          1      19027    1507.78 1.9747e+00  54978.773    792.747 1616396899       0.27      0.622   38.78418  -72.82213 0.0000e+00
    171.631    14.1482    35.8288  1027.5643     2.2257     4.9953     86.654   -0.00060    5.76056    5.75718      8.530     0.0557   10.47241   4.305019 5.0640e-11    26.8018    26.7964 1.0000e-12    173.000          1      19070    1507.79 1.9747e+00  54978.979    794.527 1616396900       0.05      0.814   38.78418  -72.82214 0.0000e+00
    172.623    14.1477    35.8288  1027.5688     2.2268     4.9947     86.766   -0.00007    5.76070    5.75732      8.530     0.0525   10.47265   4.305002 5.0640e-11    26.8019    26.7965 1.0000e-12    174.000          1      19216    1507.81 1.9747e+00  54979.478    800.640 1616396907       0.31      1.046   38.78418  -72.82218 0.0000e+00
    173.621    14.1475    35.8287  1027.5733     2.2253     4.9915     86.692   -0.00021    5.76070    5.75733      8.530     0.0808   10.47266   4.305026 5.0640e-11    26.8019    26.7965 1.0000e-12    175.000          1      19329    1507.82 1.9747e+00  54980.008    805.313 1616396911       0.01      1.024   38.78417  -72.82219 0.0000e+00
    174.602    14.1475    35.8286  1027.5775     2.2246     4.9944     86.684    0.00003    5.76068    5.75730      8.530     0.0670   10.47262   4.305061 5.0640e-11    26.8018    26.7964 1.0000e-12    176.000          1      19469    1507.84 1.9747e+00  54980.392    811.164 1616396917      -0.19      0.693   38.78414  -72.82222 0.0000e+00
    175.590    14.1478    35.8287  1027.5820     2.2244     4.9903     86.679   -0.00020    5.76081    5.75743      8.530     0.0553   10.47284   4.305155 5.0640e-11    26.8020    26.7964 1.0000e-12    177.000          1      19617    1507.86 1.9747e+00  54981.177    817.342 1616396923       0.12      0.664   38.78414  -72.82224 0.0000e+00
    176.588    14.1476    35.8286  1027.5864     2.2235     4.9914     86.625   -0.00040    5.76080    5.75743      8.530     0.0498   10.47282   4.305168 5.0640e-11    26.8019    26.7963 1.0000e-12    178.000          1      19712    1507.87 1.9747e+00  54981.550    821.305 1616396927      -0.03      0.639   38.78413  -72.82226 0.0000e+00
    177.568    14.1477    35.8285  1027.5907     2.2234     4.9948     86.665   -0.00000    5.76075    5.75737      8.530     0.0448   10.47274   4.305211 5.0640e-11    26.8019    26.7963 1.0000e-12    179.000          1      19847    1507.89 1.9747e+00  54982.069    826.905 1616396933      -0.12      0.488   38.78412  -72.82228 0.0000e+00
    178.564    14.1476    35.8285  1027.5952     2.2232     4.9911     86.678    0.00023    5.76073    5.75736      8.530     0.0514   10.47271   4.305248 5.0640e-11    26.8019    26.7963 1.0000e-12    180.000          1      19960    1507.90 1.9747e+00  54982.571    831.630 1616396937       0.21      0.352   38.78410  -72.82230 0.0000e+00
    179.559    14.1478    35.8286  1027.5996     2.2224     4.9891     86.616   -0.00022    5.76064    5.75727      8.530     0.0678   10.47256   4.305321 5.0640e-11    26.8020    26.7963 1.0000e-12    181.000          1      20070    1507.92 1.9747e+00  54983.236    836.221 1616396942       0.01      0.508   38.78410  -72.82232 0.0000e+00
    180.552    14.1497    35.8290  1027.6040     2.2221     4.9928     86.626   -0.00012    5.76052    5.75714      8.530     0.0420   10.47235   4.305615 5.0640e-11    26.8019    26.7962 1.0000e-12    182.000          1      20193    1507.95 1.9747e+00  54984.201    841.331 1616396947       0.10      0.435   38.78408  -72.82235 0.0000e+00
    181.533    14.1509    35.8293  1027.6083     2.2229     4.9914     86.677   -0.00007    5.76034    5.75697 -9.990e-29     0.0587   10.47206   4.305799 5.0640e-11    26.8019    26.7962 1.0000e-12    183.000          1      20358    1507.97 1.9747e+00  54984.909    848.203 1616396954      -0.02      0.208   38.78407  -72.82237 0.0000e+00
    182.530    14.1507    35.8294  1027.6128     2.2217     4.9862     86.582   -0.00061    5.76033    5.75695      8.530     0.0627   10.47204   4.305837 5.0640e-11    26.8020    26.7963 1.0000e-12    184.000          1      20435    1507.98 1.9747e+00  54985.646    851.433 1616396957       0.38      0.522   38.78406  -72.82238 0.0000e+00
    183.528    14.1510    35.8294  1027.6173     2.2219     4.9905     86.622   -0.00040    5.76025    5.75687      8.530     0.0524   10.47191   4.305913 5.0640e-11    26.8021    26.7963 1.0000e-12    185.000          1      20554    1508.00 1.9747e+00  54986.272    856.392 1616396962       0.28      0.662   38.78406  -72.82241 0.0000e+00
    184.520    14.1521    35.8299  1027.6218     2.2221     4.9898     86.638   -0.00046    5.76015    5.75678      8.530     0.0454   10.47175   4.306121 5.0640e-11    26.8022    26.7964 1.0000e-12    186.000          1      20650    1508.02 1.9747e+00  54987.309    860.385 1616396966       0.22      0.909   38.78405  -72.82243 0.0000e+00
    185.516    14.1525    35.8299  1027.6262     2.2217     4.9891     86.618   -0.00054    5.76016    5.75678      8.530     0.0519   10.47175   4.306203 5.0640e-11    26.8022    26.7963 1.0000e-12    187.000          1      20755    1508.04 1.9747e+00  54987.911    864.758 1616396971      -0.04      0.893   38.78404  -72.82245 0.0000e+00
    186.503    14.1527    35.8299  1027.6306     2.2220     4.9912     86.674   -0.00008    5.76010    5.75672      8.530     0.0453   10.47165   4.306276 5.0640e-11    26.8022    26.7963 1.0000e-12    188.000          1      20876    1508.06 1.9747e+00  54988.485    869.775 1616396976      -0.28      0.710   38.78403  -72.82246 0.0000e+00
