CalculateIndicators/WaterTemperature/Data/CTD_NYOS/20210525_C33.cnv
* Sea-Bird SBE 9 Data File:
* FileName = C:\Seabird 9 CTD\Data\2021\202105_offshore\20210525_C33.hex
* Software Version Seasave V 7.23.2
* Temperature SN = 4590
* Conductivity SN = 3228
* Number of Bytes Per Scan = 44
* Number of Voltage Words = 5
* Number of Scans Averaged by the Deck Unit = 1
* NMEA Latitude = 40 34.05 N
* NMEA Longitude = 072 05.15 W
* NMEA UTC (Time) = May 25 2021  15:28:11
* NMEA baud rate = 4800
** Ship: seawolf
** Station: 2.2
** Operator: sjw
# nquan = 31
# nvalues = 196                         
# units = specified
# name 0 = depSM: Depth [salt water, m]
# name 1 = t090C: Temperature [ITS-90, deg C]
# name 2 = sal00: Salinity, Practical [PSU]
# name 3 = density00: Density [density, kg/m^3]
# name 4 = sbeox0V: Oxygen raw, SBE 43 [V]
# name 5 = sbeox0ML/L: Oxygen, SBE 43 [ml/l]
# name 6 = sbeox0PS: Oxygen, SBE 43 [% saturation]
# name 7 = sbox0dV/dT: Oxygen, SBE 43 [dov/dt]
# name 8 = oxsolML/L: Oxygen Saturation, Garcia & Gordon [ml/l]
# name 9 = oxsatML/L: Oxygen Saturation, Weiss [ml/l]
# name 10 = ph: pH
# name 11 = flECO-AFL: Fluorescence, WET Labs ECO-AFL/FL [mg/m^3]
# name 12 = n2satML/L: Nitrogen Saturation [ml/l]
# name 13 = c0S/m: Conductivity [S/m]
# name 14 = cpar: CPAR/Corrected Irradiance [%]
# name 15 = sigma-é00: Density [sigma-theta, kg/m^3]
# name 16 = sigma-t00: Density [sigma-t, kg/m^3 ]
# name 17 = par: PAR/Irradiance, Biospherical/Licor
# name 18 = prDM: Pressure, Digiquartz [db]
# name 19 = pumps: Pump Status
# name 20 = scan: Scan Count
# name 21 = svCM: Sound Velocity [Chen-Millero, m/s]
# name 22 = spar: SPAR, Biospherical/Licor
# name 23 = specc: Specific Conductance [uS/cm]
# name 24 = timeS: Time, Elapsed [seconds]
# name 25 = timeY: Time, System [seconds]
# name 26 = accM: Acceleration [m/s^2]
# name 27 = dz/dtM: Descent Rate [m/s]
# name 28 = latitude: Latitude [deg]
# name 29 = longitude: Longitude [deg]
# name 30 = flag: flag
# span 0 =      1.485,     50.118       
# span 1 =     7.0854,    14.5746       
# span 2 =    31.5717,    33.1717       
# span 3 =  1023.4361,  1026.1897       
# span 4 =     1.9912,     2.6359       
# span 5 =     5.1034,     6.6097       
# span 6 =     74.946,    105.408       
# span 7 =   -0.03204,    0.06199       
# span 8 =    5.86319,    6.83039       
# span 9 =    5.85836,    6.83928       
# span 10 =      7.859,      8.062      
# span 11 =    -0.2738,     0.6293      
# span 12 =   10.68915,   12.27554      
# span 13 =   3.345469,   3.876355      
# span 14 = 1.1804e-01, 9.7983e+01      
# span 15 =    23.4273,    25.9583      
# span 16 =    23.4273,    25.9577      
# span 17 = 2.4999e+00, 2.2116e+03      
# span 18 =      1.500,     50.500      
# span 19 =          1,          1      
# span 20 =        404,      13579      
# span 21 =    1476.96,    1501.37      
# span 22 = 1.6402e+03, 2.2879e+03      
# span 23 =  48957.962,  52523.731      
# span 24 =     16.787,    565.761      
# span 25 = 1621956504, 1621957053      
# span 26 =      -0.53,       0.42      
# span 27 =     -0.666,      0.702      
# span 28 =   40.56732,   40.56758      
# span 29 =  -72.08586,  -72.08463      
# span 30 = 0.0000e+00, 0.0000e+00      
# interval = decibars: 0.5              
# start_time = May 25 2021 15:28:07 [System UTC, first data scan.]
# bad_flag = -9.990e-29
*END*
[from data line 94]
     48.618     7.1519    33.1704  1026.1822     1.9929     5.1120     75.079    0.00025    6.80884    6.81772 -9.990e-29     0.1896   12.23657   3.377538 1.4997e-01    25.9577    25.9571 3.1613e+00     49.000          1       4356    1477.76 2.1080e+03  52521.626    181.474 1621956669       0.23      0.419   40.56752  -72.08554 0.0000e+00
     49.117     7.1530    33.1709  1026.1847     1.9921     5.1062     74.995   -0.00023    6.80874    6.81761      7.865     0.1801   12.23638   3.377690 1.3737e-01    25.9579    25.9573 2.8980e+00     49.500          1       4406    1477.78 2.1096e+03  52522.382    183.530 1621956671       0.02      0.424   40.56752  -72.08553 0.0000e+00
     49.610     7.1535    33.1715  1026.1873     1.9916     5.1084     75.029    0.00036    6.80861    6.81749      7.865     0.1669   12.23618   3.377822 1.2923e-01    25.9583    25.9576 2.7263e+00     50.000          1       4498    1477.78 2.1096e+03  52523.353    187.377 1621956674       0.25      0.338   40.56752  -72.08552 0.0000e+00
     50.118     7.1548    33.1717  1026.1897     1.9914     5.1034     74.953   -0.00030    6.80872    6.81760      7.864     0.1778   12.23636   3.377962 1.1804e-01    25.9583    25.9577 2.4999e+00     50.500          1       4544    1477.80 2.1176e+03  52523.731    189.280 1621956676      -0.36      0.353   40.56752  -72.08552 0.0000e+00
     49.610     7.1547    33.1712  1026.1870     1.9912     5.1055     74.984    0.00008    6.80873    6.81761 -9.990e-29     0.1624   12.23637   3.377877 1.2463e-01    25.9579    25.9573 2.6341e+00     50.000          1       4566    1477.79 2.1135e+03  52522.709    190.196 1621956677      -0.53     -0.178   40.56752  -72.08552 0.0000e+00
     49.104     7.1544    33.1708  1026.1844     1.9916     5.1054     74.982   -0.00009    6.80882    6.81770      7.859     0.1739   12.23653   3.377795 1.3316e-01    25.9576    25.9570 2.7800e+00     49.500          1       5119    1477.78 2.0880e+03  52521.787    213.239 1621956700      -0.13     -0.433   40.56750  -72.08546 0.0000e+00
     48.614     7.1538    33.1706  1026.1820     1.9914     5.1035     74.952   -0.00018    6.80892    6.81780      7.859     0.1758   12.23670   3.377700 1.4105e-01    25.9575    25.9569 2.8782e+00     49.000          1       6378    1477.77 2.0407e+03  52521.309    265.724 1621956753      -0.10     -0.394   40.56746  -72.08533 0.0000e+00
     48.120     7.1529    33.1702  1026.1796     1.9922     5.1105     75.055    0.00046    6.80905    6.81793 -9.990e-29     0.1747   12.23692   3.377565 1.5184e-01    25.9574    25.9568 3.0923e+00     48.500          1       6466    1477.76 2.0366e+03  52520.759    269.373 1621956756       0.09     -0.354   40.56746  -72.08532 0.0000e+00
     47.624     7.1524    33.1697  1026.1769     1.9922     5.1074     75.010    0.00007    6.80896    6.81784 -9.990e-29     0.1656   12.23677   3.377449 1.6392e-01    25.9570    25.9564 3.3404e+00     48.000          1       6513    1477.74 2.0379e+03  52519.801    271.348 1621956758       0.05     -0.257   40.56746  -72.08532 0.0000e+00
     47.131     7.1522    33.1698  1026.1748 -9.990e-29     5.1079     75.016    0.00009    6.80906    6.81794 -9.990e-29     0.1681   12.23694   3.377426 1.7306e-01    25.9571    25.9566 3.5321e+00     47.500          1       6562    1477.74 2.0410e+03  52519.659    273.386 1621956760      -0.13     -0.220   40.56746  -72.08532 0.0000e+00
     46.634     7.1527    33.1698  1026.1724 -9.990e-29     5.1059     74.986   -0.00012    6.80911    6.81799 -9.990e-29     0.1927   12.23701   3.377449 1.8371e-01    25.9571    25.9565 3.7575e+00     47.000          1       6589    1477.73 2.0453e+03  52519.199    274.507 1621956762      -0.12     -0.396   40.56746  -72.08532 0.0000e+00
     46.132     7.1523    33.1697  1026.1701     1.9931     5.1090     75.033    0.00017    6.80909    6.81798 -9.990e-29     0.1881   12.23699   3.377370 1.9939e-01    25.9570    25.9564 4.0886e+00     46.500          1       6618    1477.72 2.0504e+03  52518.783    275.692 1621956763       0.05     -0.442   40.56746  -72.08530 0.0000e+00
     45.642     7.1517    33.1695  1026.1677     1.9934     5.1112     75.065    0.00030    6.80904    6.81792 -9.990e-29     0.1754   12.23691   3.377285 2.1649e-01    25.9570    25.9564 4.4464e+00     46.000          1       6677    1477.71 2.0539e+03  52518.373    278.178 1621956765       0.03     -0.166   40.56746  -72.08530 0.0000e+00
     45.154     7.1520    33.1695  1026.1654     1.9931     5.1068     74.999   -0.00019    6.80912    6.81800      7.859     0.1883   12.23704   3.377289 2.2783e-01    25.9569    25.9563 4.6873e+00     45.500          1       6721    1477.70 2.0574e+03  52517.868    279.984 1621956767      -0.09     -0.255   40.56746  -72.08529 0.0000e+00
     44.649     7.1524    33.1695  1026.1630     1.9930     5.1054     74.979   -0.00037    6.80913    6.81801      7.860     0.1620   12.23704   3.377300 2.4164e-01    25.9568    25.9563 4.9848e+00     45.000          1       6738    1477.70 2.0629e+03  52517.476    280.711 1621956768      -0.33     -0.428   40.56746  -72.08528 0.0000e+00
     44.142     7.1520    33.1694  1026.1606     1.9931     5.1078     75.013   -0.00002    6.80915    6.81803      7.860     0.1701   12.23708   3.377230 2.6017e-01    25.9568    25.9562 5.3855e+00     44.500          1       6766    1477.69 2.0698e+03  52517.011    281.886 1621956769      -0.13     -0.544   40.56746  -72.08528 0.0000e+00
     43.662     7.1522    33.1696  1026.1585     1.9931     5.1056     74.979   -0.00020    6.80935    6.81824      7.859     0.1670   12.23743   3.377254 2.8513e-01    25.9569    25.9564 5.9264e+00     44.000          1       6853    1477.68 2.0785e+03  52516.893    285.482 1621956773      -0.36     -0.193   40.56746  -72.08528 0.0000e+00
     43.158     7.1522    33.1695  1026.1561     1.9929     5.1034     74.946   -0.00041    6.80937    6.81825      7.859     0.1707   12.23746   3.377194 3.0060e-01    25.9568    25.9563 6.2502e+00     43.500          1       6870    1477.67 2.0792e+03  52516.372    286.220 1621956773      -0.25     -0.484   40.56746  -72.08528 0.0000e+00
     42.661     7.1509    33.1688  1026.1535     1.9937     5.1106     75.051    0.00024    6.80946    6.81835      7.861     0.1628   12.23762   3.377010 3.1713e-01    25.9565    25.9559 6.6154e+00     43.000          1       6894    1477.66 2.0859e+03  52515.508    287.189 1621956774       0.04     -0.569   40.56746  -72.08528 0.0000e+00
     42.167     7.1504    33.1685  1026.1510     1.9942     5.1144     75.108    0.00057    6.80945    6.81834      7.860     0.1694   12.23761   3.376920 3.3454e-01    25.9563    25.9557 7.0125e+00     42.500          1       6925    1477.65 2.0961e+03  52514.801    288.491 1621956776       0.10     -0.412   40.56746  -72.08526 0.0000e+00
     41.673     7.1501    33.1681  1026.1485     1.9952     5.1148     75.113    0.00025    6.80941    6.81830      7.860     0.1722   12.23754   3.376835 3.6668e-01    25.9560    25.9555 7.7286e+00     42.000          1       6996    1477.64 2.1078e+03  52514.012    291.441 1621956779      -0.17     -0.164   40.56746  -72.08526 0.0000e+00
     41.173     7.1503    33.1679  1026.1460     1.9956     5.1164     75.137    0.00032    6.80943    6.81832      7.860     0.1729   12.23758   3.376816 3.9741e-01    25.9558    25.9553 8.3740e+00     41.500          1       7038    1477.63 2.1071e+03  52513.370    293.222 1621956780      -0.31     -0.378   40.56746  -72.08526 0.0000e+00
     40.678     7.1501    33.1679  1026.1437     1.9958     5.1154     75.123    0.00010    6.80932    6.81820      7.860     0.1884   12.23740   3.376772 4.2030e-01    25.9558    25.9553 8.8663e+00     41.000          1       7067    1477.62 2.1095e+03  52513.013    294.418 1621956781       0.07     -0.473   40.56746  -72.08526 0.0000e+00
     40.183     7.1502    33.1676  1026.1411     1.9968     5.1211     75.211    0.00057    6.80894    6.81781      7.861     0.1767   12.23680   3.376726 4.3481e-01    25.9556    25.9551 9.1551e+00     40.500          1       7105    1477.61 2.1056e+03  52512.196    295.987 1621956783       0.04     -0.325   40.56746  -72.08526 0.0000e+00
     39.687     7.1519    33.1660  1026.1374     1.9984     5.1278     75.315    0.00088    6.80841    6.81727      7.861     0.2118   12.23598   3.376728 4.6388e-01    25.9541    25.9536 9.7649e+00     40.000          1       7146 -9.990e-29 2.1051e+03  52509.160    297.708 1621956785       0.02     -0.293   40.56744  -72.08525 0.0000e+00
     39.191     7.1555    33.1635  1026.1326     2.0021     5.1457     75.582    0.00180    6.80809    6.81693 -9.990e-29     0.1840   12.23550   3.376802 5.0059e-01    25.9516    25.9511 1.0541e+01     39.500          1       7192 -9.990e-29 2.1057e+03  52504.334    299.607 1621956787       0.03     -0.267   40.56744  -72.08524 0.0000e+00
     38.698     7.1606    33.1575  1026.1249     2.0089     5.1823     76.121    0.00387    6.80798    6.81683      7.863     0.2028   12.23535   3.376673 5.3684e-01    25.9462    25.9457 1.1318e+01     39.000          1       7237 -9.990e-29 2.1083e+03  52494.000    301.491 1621956789      -0.08     -0.244   40.56744  -72.08524 0.0000e+00
     38.198     7.1627    33.1548  1026.1202     2.0143     5.1985     76.357    0.00359    6.80812    6.81696      7.865     0.1988   12.23563   3.376599 5.6096e-01    25.9438    25.9433 1.1846e+01     38.500          1       7274    1477.61 2.1117e+03  52489.371    303.035 1621956790       0.05     -0.321   40.56744  -72.08524 0.0000e+00
     37.706     7.1635    33.1524  1026.1159     2.0212     5.2207     76.682    0.00350    6.80828    6.81712      7.868     0.2286   12.23593   3.376402 5.8808e-01    25.9418    25.9413 1.2438e+01     38.000          1       7321    1477.60 2.1150e+03  52485.378    305.018 1621956792      -0.08     -0.215   40.56744  -72.08522 0.0000e+00
     37.207     7.1637    33.1494  1026.1112     2.0259     5.2349     76.884    0.00321    6.80893    6.81777      7.871     0.2089   12.23710   3.376138 6.1654e-01    25.9394    25.9389 1.3030e+01     37.500          1       7358    1477.59 2.1134e+03  52480.713    306.523 1621956794       0.03     -0.331   40.56744  -72.08522 0.0000e+00
     36.717     7.1637    33.1461  1026.1063     2.0305     5.2502     77.093    0.00301    6.81030    6.81914      7.873     0.2261   12.23958   3.375758 6.5288e-01    25.9368    25.9363 1.3775e+01     37.000          1       7394    1477.58 2.1098e+03  52475.656    308.041 1621956795      -0.12     -0.271   40.56744  -72.08522 0.0000e+00
     36.209     7.1628    33.1426  1026.1014     2.0340     5.2659     77.293    0.00329    6.81280    6.82165      7.873     0.2380   12.24406   3.375377 6.9365e-01    25.9341    25.9337 1.4609e+01     36.500          1       7416    1477.56 2.1062e+03  52470.512    308.939 1621956796      -0.18     -0.473   40.56744  -72.08522 0.0000e+00
     35.719     7.1494    33.0950  1026.0635     2.0719     5.4771     80.242    0.01415    6.82563    6.83452      7.886     0.4932   12.26683   3.369577 7.4165e-01    25.8985    25.8981 1.5576e+01     36.000          1       7487    1477.44 2.1002e+03  52405.659    311.925 1621956799      -0.04     -0.177   40.56744  -72.08520 0.0000e+00
     35.226     7.1025    33.0082  1025.9994     2.1339     5.8030     84.999    0.03137    6.82710    6.83594      7.917     0.5753   12.27005   3.356996 7.8227e-01    25.8366    25.8361 1.6356e+01     35.500          1       7540    1477.15 2.0908e+03  52294.026    314.108 1621956801      -0.03     -0.294   40.56744  -72.08520 0.0000e+00
     34.730     7.0865    32.9396  1025.9452     2.1740     5.9768     87.574    0.03742    6.82486    6.83363      7.932     0.4946   12.26664   3.349478 8.0861e-01    25.7847    25.7843 1.6851e+01     35.000          1       7566    1476.99 2.0839e+03  52199.406    315.196 1621956802      -0.20     -0.348   40.56744  -72.08520 0.0000e+00
     34.225     7.1024    32.9195  1025.9249     2.1968     6.0084     88.108    0.03148    6.81940    6.82803      7.936     0.4487   12.25828   3.349396 8.4836e-01    25.7667    25.7663 1.7630e+01     34.500          1       7587    1477.02 2.0782e+03  52166.587    316.063 1621956803      -0.13     -0.538   40.56744  -72.08520 0.0000e+00
     33.733     7.1417    32.8755  1025.8826     2.2450     6.0973     89.479    0.02118    6.81437    6.82291      7.950     0.4557   12.25005   3.348911 9.1941e-01    25.7268    25.7264 1.9045e+01     34.000          1       7643    1477.11 2.0713e+03  52093.169    318.417 1621956805       0.11     -0.313   40.56744  -72.08518 0.0000e+00
     33.240     7.2688    32.7972  1025.8013     2.3080     6.1984     91.490    0.01073    6.77492    6.78280      7.959     0.4774   12.18552   3.353334 9.7326e-01    25.6478    25.6474 2.0376e+01     33.500          1       7749    1477.49 2.0936e+03  51948.095    322.813 1621956810      -0.14     -0.312   40.56744  -72.08518 0.0000e+00
     32.740     7.3415    32.7846  1025.7790     2.3267     6.2816     92.781    0.01459    6.77038    6.77819      7.963     0.5100   12.17807   3.358794 1.0264e+00    25.6279    25.6274 2.1605e+01     33.000          1       7779    1477.75 2.1048e+03  51911.411    324.078 1621956811       0.00     -0.386   40.56744  -72.08518 0.0000e+00
     32.248     7.5248    32.7596  1025.7315     2.3471     6.2835     92.889    0.00548    6.76450    6.77217      7.966     0.4971   12.16889   3.372584 1.1221e+00    25.5828    25.5824 2.3831e+01     32.500          1       7856    1478.42 2.1238e+03  51829.200    327.278 1621956814      -0.00     -0.131   40.56743  -72.08516 0.0000e+00
     31.750     7.5894    32.7370  1025.7024     2.3493     6.2624     92.566    0.00099    6.76534    6.77298 -9.990e-29     0.5123   12.17077   3.375731 1.2014e+00    25.5560    25.5556 2.5667e+01     32.000          1       7906    1478.63 2.1363e+03  51780.849    329.387 1621956816      -0.11     -0.284   40.56744  -72.08516 0.0000e+00
     31.255     7.5857    32.6758  1025.6525     2.3232     6.1018     90.327   -0.00857    6.75517    6.76262      7.959     0.5104   12.15441   3.369537 1.2803e+00    25.5084    25.5079 2.7679e+01     31.500          1       7981    1478.53 2.1618e+03  51693.995    332.487 1621956820      -0.05     -0.151   40.56742  -72.08516 0.0000e+00
     30.762     7.6250    32.6459  1025.6212     2.3050     6.0399     89.560   -0.00696    6.74401    6.75128      7.955     0.5259   12.13607   3.370235 1.3391e+00    25.4794    25.4790 2.9219e+01     31.000          1       8040    1478.64 2.1821e+03  51641.502    334.948 1621956822      -0.07     -0.270   40.56742  -72.08515 0.0000e+00
     30.262     7.6566    32.6381  1025.6083     2.3074     6.0865     90.247   -0.00104    6.74417    6.75145      7.952     0.5660   12.13629   3.372619 1.4186e+00    25.4688    25.4684 3.1015e+01     30.500          1       8067    1478.74 2.1862e+03  51622.325    336.065 1621956823      -0.15     -0.365   40.56742  -72.08514 0.0000e+00
     29.758     7.7792    32.5688  1025.5341     2.3567     6.2730     93.163    0.00428    6.73355    6.74057      7.959     0.5088   12.11988   3.376284 1.6048e+00    25.3970    25.3966 3.5786e+01     30.000          1       9248    1479.11 2.2284e+03  51493.529    385.306 1621956872      -0.10     -0.423   40.56739  -72.08502 0.0000e+00
     29.271     7.8935    32.4823  1025.4475     2.4000     6.4027     95.553    0.00775    6.70072    6.70712      7.983     0.4489   12.06705   3.378194 1.7900e+00    25.3127    25.3123 4.0379e+01     29.500          1      10175    1479.43 2.2559e+03  51342.673    423.902 1621956911       0.10     -0.260   40.56736  -72.08492 0.0000e+00
