CalculateIndicators/WaterTemperature/Data/CTD_NYOS/20210522_C12.cnv
* Sea-Bird SBE 9 Data File:
* FileName = C:\Seabird 9 CTD\Data\2021\202105_offshore\20210522_C12.hex
* Software Version Seasave V 7.23.2
* Temperature SN = 4590
* Conductivity SN = 3228
* Number of Bytes Per Scan = 44
* Number of Voltage Words = 5
* Number of Scans Averaged by the Deck Unit = 1
* NMEA Latitude = 40 30.90 N
* NMEA Longitude = 073 27.00 W
* NMEA UTC (Time) = May 22 2021  20:24:44
* NMEA baud rate = 4800
** Ship: seawolf
** Station: 6.1
** Operator: EIH
# nquan = 31
# nvalues = 61                          
# units = specified
# name 0 = depSM: Depth [salt water, m]
# name 1 = t090C: Temperature [ITS-90, deg C]
# name 2 = sal00: Salinity, Practical [PSU]
# name 3 = density00: Density [density, kg/m^3]
# name 4 = sbeox0V: Oxygen raw, SBE 43 [V]
# name 5 = sbeox0ML/L: Oxygen, SBE 43 [ml/l]
# name 6 = sbeox0PS: Oxygen, SBE 43 [% saturation]
# name 7 = sbox0dV/dT: Oxygen, SBE 43 [dov/dt]
# name 8 = oxsolML/L: Oxygen Saturation, Garcia & Gordon [ml/l]
# name 9 = oxsatML/L: Oxygen Saturation, Weiss [ml/l]
# name 10 = ph: pH
# name 11 = flECO-AFL: Fluorescence, WET Labs ECO-AFL/FL [mg/m^3]
# name 12 = n2satML/L: Nitrogen Saturation [ml/l]
# name 13 = c0S/m: Conductivity [S/m]
# name 14 = cpar: CPAR/Corrected Irradiance [%]
# name 15 = sigma-é00: Density [sigma-theta, kg/m^3]
# name 16 = sigma-t00: Density [sigma-t, kg/m^3 ]
# name 17 = par: PAR/Irradiance, Biospherical/Licor
# name 18 = prDM: Pressure, Digiquartz [db]
# name 19 = pumps: Pump Status
# name 20 = scan: Scan Count
# name 21 = svCM: Sound Velocity [Chen-Millero, m/s]
# name 22 = spar: SPAR, Biospherical/Licor
# name 23 = specc: Specific Conductance [uS/cm]
# name 24 = timeS: Time, Elapsed [seconds]
# name 25 = timeY: Time, System [seconds]
# name 26 = accM: Acceleration [m/s^2]
# name 27 = dz/dtM: Descent Rate [m/s]
# name 28 = latitude: Latitude [deg]
# name 29 = longitude: Longitude [deg]
# name 30 = flag: flag
# span 0 =      1.468,     16.376       
# span 1 =     9.2728,    15.9829       
# span 2 =    29.2230,    33.1523       
# span 3 =  1021.4544,  1025.2450       
# span 4 =     2.1044,     3.0747       
# span 5 =     5.1649,     7.2950       
# span 6 =     79.741,    126.785       
# span 7 =   -0.05994,    0.06691       
# span 8 =    5.75383,    6.52946       
# span 9 =    5.74705,    6.53333       
# span 10 =      7.855,      8.357      
# span 11 =     0.3047,     0.7250      
# span 12 =   10.52467,   11.78547      
# span 13 =   3.478583,   3.866297      
# span 14 = 1.3019e+00, 4.4920e+01      
# span 15 =    21.4479,    25.2047      
# span 16 =    21.4478,    25.2045      
# span 17 = 1.2172e+01, 4.1431e+02      
# span 18 =      1.500,     16.500      
# span 19 =          1,          1      
# span 20 =        231,       8661      
# span 21 =    1484.12,    1503.96      
# span 22 = 8.9665e+02, 9.7110e+02      
# span 23 =  45597.153,  51531.010      
# span 24 =      9.584,    360.845      
# span 25 = 1621715092, 1621715444      
# span 26 =      -0.29,       0.32      
# span 27 =     -0.574,      0.438      
# span 28 =   40.51512,   40.51551      
# span 29 =  -73.45008,  -73.44968      
# span 30 = 0.0000e+00, 0.0000e+00      
# interval = decibars: 0.5              
# start_time = May 22 2021 20:24:43 [System UTC, first data scan.]
# bad_flag = -9.990e-29
*END*
[from data line 47]
      7.935    12.4756    31.6850  1023.9624     2.7956     6.9779    114.925    0.02661    6.07159    6.06909      8.087     0.3501   11.03476   3.704816 6.8334e+00    23.9266    23.9264 6.2432e+01      8.000          1       5512    1494.62 9.1357e+02  49368.500    229.606 1621715313       0.07     -0.325   40.51536  -73.44980 0.0000e+00
      7.446    12.8546    31.6273  1023.8434     2.8039     6.7952    113.119   -0.00145    6.00729    6.00387      8.105     0.3954   10.93139   3.730664 7.5792e+00    23.8098    23.8096 7.0008e+01      7.500          1       5589    1495.83 9.2371e+02  49236.509    232.813 1621715316      -0.13     -0.111   40.51536  -73.44980 0.0000e+00
      6.946    12.9948    31.5407  1023.7468     2.8186     6.8436    114.538    0.00926    5.97503    5.97116      8.114     0.4054   10.87946   3.734244 8.7635e+00    23.7155    23.7154 8.0991e+01      7.000          1       5616    1496.19 9.2420e+02  49096.680    233.977 1621715317      -0.14     -0.351   40.51536  -73.44980 0.0000e+00
      6.448    13.3246    31.3854  1023.5599     2.8356     6.8704    115.597    0.01362    5.94346    5.93918      8.134     0.4469   10.82840   3.747255 9.7537e+00    23.5309    23.5308 9.0072e+01      6.500          1       5645    1497.11 9.2348e+02  48838.802    235.167 1621715318       0.00     -0.427   40.51536  -73.44980 0.0000e+00
      5.955    13.7177    31.1964  1023.3334     2.8536     6.9084    116.351    0.01205    5.93757    5.93323      8.171     0.4587   10.81837   3.762272 1.0431e+01    23.3067    23.3065 9.5616e+01      6.000          1       5683    1498.18 9.1671e+02  48527.101    236.752 1621715320       0.07     -0.328   40.51538  -73.44979 0.0000e+00
      5.457    14.0545    31.0576  1023.1560     2.8581     6.8781    116.106    0.00577    5.92403    5.91952      8.186     0.4844   10.79634   3.777136 1.2203e+01    23.1315    23.1314 1.1121e+02      5.500          1       5717    1499.12 9.1137e+02  48295.172    238.157 1621715321      -0.08     -0.332   40.51538  -73.44978 0.0000e+00
      4.959    14.1370    31.0530  1023.1333     2.8528     6.8251    115.282   -0.00225    5.92038    5.91582      8.191     0.4738   10.79058   3.782602 1.4584e+01    23.1111    23.1109 1.3330e+02      5.000          1       5754    1499.37 9.1392e+02  48279.385    239.720 1621715323       0.07     -0.337   40.51538  -73.44978 0.0000e+00
      4.467    14.2173    31.0412  1023.1056     2.8487     6.7268    115.002   -0.00151    5.84926    5.84381      8.204     0.4496   10.67538   3.787508 1.5934e+01    23.0856    23.0855 1.4700e+02      4.500          1       5812    1499.61 9.2262e+02  48253.859    242.133 1621715325      -0.01     -0.185   40.51538  -73.44978 0.0000e+00
      3.971    14.4464    30.9156  1022.9594     2.8484     6.6486    114.952   -0.00026    5.78383    5.77757      8.210     0.5061   10.56973   3.794540 1.8793e+01    22.9416    22.9415 1.7357e+02      4.000          1       5853    1500.21 9.2362e+02  48053.623    243.836 1621715327      -0.07     -0.287   40.51538  -73.44978 0.0000e+00
      3.473    14.9894    30.7219  1022.6941     2.8386     6.5744    114.138   -0.00475    5.76007    5.75343      8.211     0.5489   10.53332   3.823048 2.1574e+01    22.6786    22.6785 1.9845e+02      3.500          1       5882    1501.72 9.1995e+02  47729.464    245.062 1621715328      -0.08     -0.379   40.51538  -73.44978 0.0000e+00
      2.975    15.3973    30.5704  1022.4881     2.8137     6.4654    112.189   -0.01627    5.76297    5.75630      8.218     0.5713   10.53950   3.841315 2.5926e+01    22.4748    22.4747 2.3775e+02      3.000          1       5912    1502.84 9.1679e+02  47478.531    246.288 1621715329       0.02     -0.419   40.51538  -73.44978 0.0000e+00
      2.483    15.8987    30.1725  1022.0714     2.7380     6.1519    106.864   -0.04211    5.75674    5.74995      8.246     0.5874   10.53037   3.838558 2.8976e+01    22.0603    22.0603 2.6548e+02      2.500          1       5955    1503.95 9.1625e+02  46878.935    248.103 1621715331       0.09     -0.276   40.51538  -73.44978 0.0000e+00
      1.979    15.9829    29.9233  1021.8592     2.8085     6.4612    112.197   -0.01214    5.75839    5.75160      8.309     0.5832   10.53365   3.814629 3.5846e+01    21.8504    21.8503 3.2630e+02      2.000          1       6423    1503.92 9.1067e+02  46523.734    267.566 1621715351      -0.05     -0.181   40.51541  -73.44976 0.0000e+00
      1.478    15.9721    29.9941  1021.9138     3.0747     7.2950    126.785    0.01413    5.75383    5.74705      8.357     0.6064   10.52467   3.821117 4.1903e+01    21.9072    21.9071 3.7603e+02      1.500          1       8661    1503.96 8.9665e+02  46621.403    360.845 1621715444      -0.01     -0.395   40.51551  -73.44968 0.0000e+00
