CalculateIndicators/WaterTemperature/Data/CTD_NYOS/20210521_C05.cnv
* Sea-Bird SBE 9 Data File:
* FileName = C:\Seabird 9 CTD\Data\2021\202105_offshore\20210521_C05.hex
* Software Version Seasave V 7.23.2
* Temperature SN = 4590
* Conductivity SN = 3228
* Number of Bytes Per Scan = 44
* Number of Voltage Words = 5
* Number of Scans Averaged by the Deck Unit = 1
* NMEA Latitude = 38 55.86 N
* NMEA Longitude = 073 13.04 W
* NMEA UTC (Time) = May 21 2021  19:06:21
* NMEA baud rate = 4800
** Ship: seawolf
** Station: 7.5
** Operator: TDK
# nquan = 31
# nvalues = 280                         
# units = specified
# name 0 = depSM: Depth [salt water, m]
# name 1 = t090C: Temperature [ITS-90, deg C]
# name 2 = sal00: Salinity, Practical [PSU]
# name 3 = density00: Density [density, kg/m^3]
# name 4 = sbeox0V: Oxygen raw, SBE 43 [V]
# name 5 = sbeox0ML/L: Oxygen, SBE 43 [ml/l]
# name 6 = sbeox0PS: Oxygen, SBE 43 [% saturation]
# name 7 = sbox0dV/dT: Oxygen, SBE 43 [dov/dt]
# name 8 = oxsolML/L: Oxygen Saturation, Garcia & Gordon [ml/l]
# name 9 = oxsatML/L: Oxygen Saturation, Weiss [ml/l]
# name 10 = ph: pH
# name 11 = flECO-AFL: Fluorescence, WET Labs ECO-AFL/FL [mg/m^3]
# name 12 = n2satML/L: Nitrogen Saturation [ml/l]
# name 13 = c0S/m: Conductivity [S/m]
# name 14 = cpar: CPAR/Corrected Irradiance [%]
# name 15 = sigma-é00: Density [sigma-theta, kg/m^3]
# name 16 = sigma-t00: Density [sigma-t, kg/m^3 ]
# name 17 = par: PAR/Irradiance, Biospherical/Licor
# name 18 = prDM: Pressure, Digiquartz [db]
# name 19 = pumps: Pump Status
# name 20 = scan: Scan Count
# name 21 = svCM: Sound Velocity [Chen-Millero, m/s]
# name 22 = spar: SPAR, Biospherical/Licor
# name 23 = specc: Specific Conductance [uS/cm]
# name 24 = timeS: Time, Elapsed [seconds]
# name 25 = timeY: Time, System [seconds]
# name 26 = accM: Acceleration [m/s^2]
# name 27 = dz/dtM: Descent Rate [m/s]
# name 28 = latitude: Latitude [deg]
# name 29 = longitude: Longitude [deg]
# name 30 = flag: flag
# span 0 =      1.979,     71.454       
# span 1 =     8.2568,    13.7549       
# span 2 =    32.5366,    34.6959       
# span 3 =  1024.3431,  1026.8030       
# span 4 =     1.9628,     2.7975       
# span 5 =     4.4940,     7.2703       
# span 6 =     73.028,    114.522       
# span 7 =   -0.06415,    0.05791       
# span 8 =    5.92242,    6.64233       
# span 9 =    5.91894,    6.64865       
# span 10 =      7.931,      8.127      
# span 11 =     0.0349,     0.9157      
# span 12 =   10.77490,   11.96183      
# span 13 =   3.470019,   3.924190      
# span 14 = 2.3087e-02, 3.9819e+01      
# span 15 =    24.3343,    26.4807      
# span 16 =    24.3342,    26.4790      
# span 17 = 2.6986e-01, 4.8180e+02      
# span 18 =      2.000,     72.000      
# span 19 =          1,          1      
# span 20 =        410,      18511      
# span 21 =    1481.78,    1499.91      
# span 22 = 1.1607e+03, 1.2519e+03      
# span 23 =  50388.903,  53783.390      
# span 24 =     17.040,    771.260      
# span 25 = 1621623998, 1621624753      
# span 26 =      -0.60,       0.58      
# span 27 =     -0.817,      0.832      
# span 28 =   38.93110,   38.93228      
# span 29 =  -73.21853,  -73.21740      
# span 30 = 0.0000e+00, 0.0000e+00      
# interval = decibars: 0.5              
# start_time = May 21 2021 19:06:21 [System UTC, first data scan.]
# bad_flag = -9.990e-29
*END*
[from data line 141]
     70.947    11.3251    34.6954  1026.8007     1.9630     4.4941     73.071    0.00011    6.15022    6.15105 -9.990e-29     0.0372   11.12982   3.907596 2.4307e-02    26.4807    26.4790 2.8335e-01     71.500          1       7065    1495.32 1.1657e+03  53782.778    294.352 1621624276      -0.60     -0.274   38.93148  -73.21786 0.0000e+00
     70.444    11.3220    34.6945  1026.7983     1.9632     4.4945     73.082    0.00013    6.15000    6.15082      7.949     0.0400   11.12944   3.907181 2.6104e-02    26.4805    26.4789 3.0536e-01     71.000          1       7242    1495.30 1.1697e+03  53781.778    301.703 1621624283      -0.12     -0.415   38.93149  -73.21787 0.0000e+00
     69.956    11.3184    34.6931  1026.7956     1.9630     4.4952     73.062    0.00015    6.15248    6.15333      7.949     0.0390   11.13363   3.906639 2.7563e-02    26.4801    26.4784 3.2431e-01     70.500          1       7722    1495.27 1.1766e+03  53780.155    321.705 1621624303      -0.23     -0.188   38.93152  -73.21790 0.0000e+00
     69.457    11.3146    34.6914  1026.7927     1.9628     4.4949     73.028   -0.00012    6.15512    6.15601      7.949     0.0349   11.13808   3.906098 2.9482e-02    26.4794    26.4778 3.4698e-01     70.000          1       7745    1495.25 1.1769e+03  53778.062    322.681 1621624304       0.04     -0.324   38.93152  -73.21790 0.0000e+00
     68.971    11.3047    34.6880  1026.7897     1.9630     4.4973     73.044    0.00007    6.15699    6.15790      7.949 -9.990e-29   11.14123   3.904712 3.1161e-02    26.4786    26.4770 3.6657e-01     69.500          1       7790    1495.20 1.1767e+03  53774.865    324.554 1621624306      -0.08     -0.217   38.93152  -73.21790 0.0000e+00
     68.471    11.2960    34.6827  1026.7849     1.9637     4.5029     73.106    0.00042    6.15933    6.16027      7.949 -9.990e-29   11.14516   3.903262 3.2418e-02    26.4760    26.4745 3.8078e-01     69.000          1       7809    1495.16 1.1746e+03  53768.562    325.333 1621624307      -0.31     -0.416   38.93152  -73.21790 0.0000e+00
     67.969    11.2829    34.6793  1026.7824     1.9638     4.5028     73.122    0.00056    6.15792    6.15883      7.949 -9.990e-29   11.14279   3.901601 3.5071e-02    26.4758    26.4742 4.1140e-01     68.500          1       7825    1495.10 1.1731e+03  53765.849    325.998 1621624307      -0.27     -0.619   38.93152  -73.21790 0.0000e+00
     67.468    11.2785    34.6779  1026.7799     1.9643     4.5046     73.144    0.00049    6.15855    6.15947 -9.990e-29 -9.990e-29   11.14385   3.901206 3.6996e-02    26.4755    26.4739 4.3396e-01     68.000          1       7842    1495.07 1.1730e+03  53764.404    326.728 1621624308      -0.03     -0.724   38.93152  -73.21790 0.0000e+00
     66.974    11.2675    34.6731  1026.7760     1.9649     4.5110     73.175    0.00047    6.16472    6.16571      7.946     0.0551   11.15422   3.899386 3.9706e-02    26.4738    26.4723 4.6625e-01     67.500          1       7894    1495.03 1.1743e+03  53759.574    328.857 1621624310       0.04     -0.470   38.93153  -73.21791 0.0000e+00
     66.483    11.2333    34.6627  1026.7720     1.9649     4.5187     73.105   -0.00038    6.18116    6.18234      7.946     0.0488   11.18192   3.895059 4.1990e-02    26.4720    26.4704 4.9254e-01     67.000          1       7971    1494.88 1.1730e+03  53750.656    332.066 1621624313      -0.50     -0.406   38.93154  -73.21792 0.0000e+00
     65.980    11.2147    34.6528  1026.7654     1.9652     4.5228     73.150   -0.00004    6.18295    6.18414      7.946     0.0425   11.18500   3.892164 4.4334e-02    26.4676    26.4661 5.2009e-01     66.500          1       7987    1494.80 1.1731e+03  53739.726    332.750 1621624314      -0.26     -0.662   38.93154  -73.21792 0.0000e+00
     65.485    11.1723    34.6378  1026.7593     1.9661     4.5385     73.263    0.00067    6.19477    6.19611      7.945     0.0417   11.20477   3.886509 4.6186e-02    26.4637    26.4622 5.4296e-01     66.000          1       8012    1494.62 1.1756e+03  53726.074    333.787 1621624315       0.18     -0.616   38.93154  -73.21792 0.0000e+00
     64.993    11.0686    34.5998  1026.7464     1.9696     4.5592     73.517    0.00162    6.20164    6.20306      7.945     0.0503   11.21636   3.872469 4.9071e-02    26.4528    26.4514 5.7778e-01     65.500          1       8064    1494.21 1.1774e+03  53691.273    335.948 1621624317       0.11     -0.254   38.93154  -73.21792 0.0000e+00
     64.501    10.9901    34.5757  1026.7398     1.9754     4.5881     73.851    0.00219    6.21262    6.21417      7.945     0.0410   11.23487   3.862884 5.2592e-02    26.4483    26.4469 6.1600e-01     65.000          1       8128    1493.90 1.1713e+03  53671.708    338.604 1621624320      -0.12     -0.174   38.93154  -73.21792 0.0000e+00
     64.002    10.9340    34.5468  1026.7252     1.9778     4.6017     73.953    0.00194    6.22243    6.22410      7.945     0.0471   11.25137   3.854704 5.5600e-02    26.4359    26.4345 6.5022e-01     64.500          1       8160    1493.66 1.1694e+03  53640.853    339.971 1621624321      -0.05     -0.343   38.93154  -73.21792 0.0000e+00
     63.507    10.9001    34.5410  1026.7245     1.9795     4.6110     73.989    0.00125    6.23192    6.23369      7.945     0.0478   11.26732   3.850547 5.7675e-02    26.4374    26.4360 6.7730e-01     64.000          1       8192    1493.52 1.1743e+03  53638.724    341.299 1621624323      -0.03     -0.364   38.93154  -73.21792 0.0000e+00
     63.006    10.8517    34.5163  1026.7118     1.9821     4.6211     74.162    0.00182    6.23107    6.23283      7.943     0.0426   11.26591   3.843468 6.0034e-02    26.4269    26.4255 7.0754e-01     63.500          1       8221    1493.32 1.1785e+03  53612.966    342.492 1621624324      -0.02     -0.416   38.93154  -73.21792 0.0000e+00
     62.518    10.7692    34.4882  1026.7025     1.9913     4.6543     74.644    0.00219    6.23529    6.23710      7.943     0.0485   11.27311   3.833245 6.3870e-02    26.4197    26.4183 7.4910e-01     63.000          1       8301    1492.98 1.1729e+03  53588.732    345.826 1621624327      -0.09     -0.093   38.93154  -73.21794 0.0000e+00
     62.016    10.7615    34.4800  1026.6952     1.9938     4.6608     74.743    0.00191    6.23578    6.23758      7.944     0.0607   11.27393   3.831746 6.7701e-02    26.4146    26.4133 7.8952e-01     62.500          1       8334    1492.94 1.1662e+03  53578.229    347.208 1621624328      -0.20     -0.361   38.93154  -73.21794 0.0000e+00
     61.520    10.7454    34.4686  1026.6870     1.9954     4.6723     74.798    0.00156    6.24656    6.24849      7.945     0.0553   11.29207   3.829187 7.1091e-02    26.4086    26.4073 8.3138e-01     62.000          1       8367    1492.86 1.1694e+03  53564.893    348.572 1621624330       0.07     -0.398   38.93156  -73.21794 0.0000e+00
     61.027    10.6888    34.4584  1026.6869     2.0024     4.7035     75.198    0.00216    6.25482    6.25685      7.944     0.0751   11.30594   3.823256 7.4163e-02    26.4107    26.4094 8.7374e-01     61.500          1       8448    1492.64 1.1781e+03  53561.070    351.939 1621624333      -0.04     -0.121   38.93156  -73.21794 0.0000e+00
     60.530    10.6570    34.4345  1026.6717     2.0088     4.7270     75.489    0.00188    6.26179    6.26390 -9.990e-29     0.0780   11.31780   3.816835 7.8746e-02    26.3976    26.3964 9.2248e-01     61.000          1       8502    1492.49 1.1715e+03  53533.059    354.204 1621624335      -0.14     -0.281   38.93156  -73.21794 0.0000e+00
     60.032    10.6055    34.4134  1026.6621     2.0143     4.7589     75.964    0.00422    6.26466    6.26680 -9.990e-29     0.0762   11.32263   3.810326 8.2987e-02    26.3903    26.3890 9.6742e-01     60.500          1       8533    1492.27 1.1658e+03  53512.989    355.497 1621624337      -0.02     -0.379   38.93156  -73.21794 0.0000e+00
     59.537    10.5683    34.3954  1026.6524     2.0220     4.7790     76.261    0.00326    6.26665    6.26881      7.947     0.0887   11.32599   3.805171 8.6411e-02    26.3827    26.3815 1.0139e+00     60.000          1       8590    1492.11 1.1733e+03  53494.353    357.861 1621624339       0.05     -0.253   38.93156  -73.21795 0.0000e+00
     59.048    10.5469    34.3828  1026.6442     2.0291     4.7944     76.408    0.00089    6.27467    6.27692      7.947     0.1017   11.33954   3.801947 8.9984e-02    26.3767    26.3755 1.0590e+00     59.500          1       8679    1492.01 1.1769e+03  53480.663    361.571 1621624343      -0.29     -0.153   38.93156  -73.21796 0.0000e+00
     58.546    10.5340    34.3771  1026.6398     2.0293     4.7939     76.406    0.00078    6.27423    6.27648      7.947     0.1004   11.33878   3.800344 9.4544e-02    26.3745    26.3733 1.1089e+00     59.000          1       8698    1491.95 1.1729e+03  53474.839    362.366 1621624344      -0.31     -0.440   38.93158  -73.21796 0.0000e+00
     58.045    10.5283    34.3750  1026.6368     2.0306     4.7962     76.466    0.00076    6.27239    6.27462      7.947     0.0968   11.33569   3.799405 9.9576e-02    26.3738    26.3726 1.1647e+00     58.500          1       8717    1491.92 1.1696e+03  53472.520    363.153 1621624344      -0.11     -0.599   38.93158  -73.21796 0.0000e+00
     57.552    10.4876    34.3611  1026.6309     2.0348     4.8179     76.718    0.00131    6.28002    6.28233      7.947     0.1016   11.34854   3.793998 1.0510e-01    26.3701    26.3689 1.2334e+00     58.000          1       8794    1491.75 1.1734e+03  53460.473    366.361 1621624348       0.01     -0.308   38.93158  -73.21796 0.0000e+00
     57.064    10.4495    34.3465  1026.6240     2.0397     4.8508     77.059    0.00236    6.29487    6.29735      7.947     0.1058   11.37360   3.788772 1.0999e-01    26.3654    26.3642 1.2969e+00     57.500          1       8866    1491.59 1.1791e+03  53447.020    369.390 1621624351      -0.29     -0.265   38.93158  -73.21796 0.0000e+00
     56.558    10.4159    34.3290  1026.6140     2.0423     4.8668     77.303    0.00372    6.29566    6.29815      7.947     0.0926   11.37492   3.784080 1.1491e-01    26.3576    26.3564 1.3538e+00     57.000          1       8882    1491.44 1.1781e+03  53428.774    370.053 1621624351      -0.28     -0.507   38.93158  -73.21796 0.0000e+00
     56.060    10.3889    34.3151  1026.6056     2.0476     4.8893     77.604    0.00417    6.30026    6.30280      7.947     0.1078   11.38272   3.780168 1.1985e-01    26.3514    26.3503 1.4084e+00     56.500          1       8911    1491.32 1.1752e+03  53414.090    371.237 1621624353       0.12     -0.504   38.93158  -73.21796 0.0000e+00
     55.573    10.3413    34.2996  1026.5997     2.0553     4.9164     77.926    0.00338    6.30912    6.31177      7.949     0.1126   11.39770   3.774287 1.2535e-01    26.3476    26.3465 1.4707e+00     56.000          1       8962    1491.12 1.1732e+03  53401.489    373.392 1621624355      -0.06     -0.149   38.93158  -73.21796 0.0000e+00
     55.070    10.2928    34.2645  1026.5784     2.0653     4.9465     78.376    0.00291    6.31126    6.31393      7.951     0.1320   11.40127   3.766259 1.3328e-01    26.3286    26.3275 1.5686e+00     55.500          1       9028    1490.90 1.1769e+03  53360.953    376.107 1621624357      -0.20     -0.220   38.93159  -73.21797 0.0000e+00
     54.577    10.2551    34.2514  1026.5725     2.0723     4.9705     78.625    0.00172    6.32183    6.32462      7.950     0.1523   11.41910   3.761480 1.4113e-01    26.3248    26.3237 1.6581e+00     55.000          1       9090    1490.74 1.1749e+03  53349.640    378.707 1621624360      -0.18     -0.335   38.93160  -73.21798 0.0000e+00
     54.079    10.2408    34.2478  1026.5699     2.0750     4.9824     78.785    0.00204    6.32410    6.32692      7.951     0.1420   11.42297   3.759859 1.4680e-01    26.3245    26.3234 1.7257e+00     54.500          1       9119    1490.68 1.1755e+03  53347.189    379.898 1621624361       0.00     -0.422   38.93160  -73.21798 0.0000e+00
     53.583    10.1910    34.2255  1026.5588     2.0835     5.0224     79.415    0.00460    6.32422    6.32703      7.952     0.1339   11.42319   3.752783 1.5225e-01    26.3156    26.3145 1.7942e+00     54.000          1       9159    1490.46 1.1784e+03  53325.377    381.573 1621624363       0.09     -0.323   38.93160  -73.21798 0.0000e+00
     53.097    10.1678    34.2152  1026.5526     2.0936     5.0489     79.837    0.00380    6.32398    6.32678      7.952     0.1453   11.42284   3.749895 1.5772e-01    26.3115    26.3105 1.8575e+00     53.500          1       9216    1490.36 1.1777e+03  53315.124    383.960 1621624365      -0.09     -0.142   38.93160  -73.21798 0.0000e+00
     52.590    10.1645    34.2044  1026.5424     2.0945     5.0486     79.783    0.00249    6.32784    6.33069      7.953     0.1439   11.42931   3.748319 1.6517e-01    26.3037    26.3026 1.9421e+00     53.000          1       9236    1490.32 1.1758e+03  53300.265    384.787 1621624366      -0.29     -0.396   38.93160  -73.21798 0.0000e+00
     52.090    10.1563    34.2004  1026.5384     2.0951     5.0489     79.641    0.00045    6.33959    6.34258      7.953     0.1459   11.44910   3.747431 1.7713e-01    26.3019    26.3009 2.0819e+00     52.500          1       9297    1490.28 1.1754e+03  53296.129    387.326 1621624369      -0.16     -0.319   38.93161  -73.21798 0.0000e+00
     51.600    10.0681    34.1758  1026.5321     2.0975     5.0713     79.811    0.00099    6.35416    6.35731      7.954     0.1597   11.47371   3.735983 1.8571e-01    26.2978    26.2967 2.1861e+00     52.000          1       9365    1489.93 1.1771e+03  53278.430    390.156 1621624371      -0.03     -0.310   38.93162  -73.21798 0.0000e+00
     51.108     9.9964    34.1443  1026.5176     2.1055     5.1179     80.536    0.00487    6.35473    6.35789      7.955     0.1672   11.47473   3.726330 1.9196e-01    26.2854    26.2844 2.2656e+00     51.500          1       9400    1489.63 1.1802e+03  53248.433    391.616 1621624373      -0.09     -0.306   38.93162  -73.21798 0.0000e+00
     50.605     9.9718    34.1257  1026.5050     2.1102     5.1390     80.858    0.00589    6.35557    6.35873      7.955     0.1634   11.47611   3.722653 1.9953e-01    26.2750    26.2740 2.3562e+00     51.000          1       9423    1489.50 1.1809e+03  53226.862    392.590 1621624374      -0.13     -0.454   38.93162  -73.21799 0.0000e+00
     50.110     9.9688    34.1185  1026.4976     2.1151     5.1364     80.819    0.00273    6.35536    6.35853      7.955     0.1784   11.47574   3.721711 2.1114e-01    26.2698    26.2689 2.4798e+00     50.500          1       9473    1489.48 1.1745e+03  53216.944    394.651 1621624376       0.07     -0.270   38.93162  -73.21800 0.0000e+00
     49.617     9.9695    34.1230  1026.4988     2.1192     5.1422     80.897    0.00131    6.35644    6.35962      7.954     0.1648   11.47761   3.722366 2.2406e-01    26.2733    26.2723 2.6224e+00     50.000          1       9534    1489.48 1.1704e+03  53222.922    397.206 1621624379      -0.12     -0.214   38.93162  -73.21800 0.0000e+00
     49.118     9.9623    34.1143  1026.4909     2.1222     5.1525     81.060    0.00151    6.35639    6.35956      7.955     0.1870   11.47754   3.720828 2.3321e-01    26.2677    26.2667 2.7482e+00     49.500          1       9581    1489.43 1.1784e+03  53211.818    399.164 1621624380       0.05     -0.243   38.93162  -73.21800 0.0000e+00
     48.628     9.9617    34.1119  1026.4869     2.1248     5.1567     81.095    0.00055    6.35889    6.36209      7.957     0.1759   11.48178   3.720611 2.4243e-01    26.2659    26.2649 2.8632e+00     49.000          1       9648    1489.42 1.1811e+03  53208.231    401.960 1621624383      -0.12     -0.143   38.93162  -73.21802 0.0000e+00
