CalculateIndicators/WaterTemperature/Data/CTD_NYOS/20210525_C30.cnv
* Sea-Bird SBE 9 Data File:
* FileName = C:\Seabird 9 CTD\Data\2021\202105_offshore\20210525_C30.hex
* Software Version Seasave V 7.23.2
* Temperature SN = 4590
* Conductivity SN = 3228
* Number of Bytes Per Scan = 44
* Number of Voltage Words = 5
* Number of Scans Averaged by the Deck Unit = 1
* NMEA Latitude = 39 41.76 N
* NMEA Longitude = 071 46.17 W
* NMEA UTC (Time) = May 25 2021  06:00:42
* NMEA baud rate = 4800
** Ship: seawolf
** Station: 2.5
** Operator: sjw
# nquan = 31
# nvalues = 1207                        
# units = specified
# name 0 = depSM: Depth [salt water, m]
# name 1 = t090C: Temperature [ITS-90, deg C]
# name 2 = sal00: Salinity, Practical [PSU]
# name 3 = density00: Density [density, kg/m^3]
# name 4 = sbeox0V: Oxygen raw, SBE 43 [V]
# name 5 = sbeox0ML/L: Oxygen, SBE 43 [ml/l]
# name 6 = sbeox0PS: Oxygen, SBE 43 [% saturation]
# name 7 = sbox0dV/dT: Oxygen, SBE 43 [dov/dt]
# name 8 = oxsolML/L: Oxygen Saturation, Garcia & Gordon [ml/l]
# name 9 = oxsatML/L: Oxygen Saturation, Weiss [ml/l]
# name 10 = ph: pH
# name 11 = flECO-AFL: Fluorescence, WET Labs ECO-AFL/FL [mg/m^3]
# name 12 = n2satML/L: Nitrogen Saturation [ml/l]
# name 13 = c0S/m: Conductivity [S/m]
# name 14 = cpar: CPAR/Corrected Irradiance [%]
# name 15 = sigma-é00: Density [sigma-theta, kg/m^3]
# name 16 = sigma-t00: Density [sigma-t, kg/m^3 ]
# name 17 = par: PAR/Irradiance, Biospherical/Licor
# name 18 = prDM: Pressure, Digiquartz [db]
# name 19 = pumps: Pump Status
# name 20 = scan: Scan Count
# name 21 = svCM: Sound Velocity [Chen-Millero, m/s]
# name 22 = spar: SPAR, Biospherical/Licor
# name 23 = specc: Specific Conductance [uS/cm]
# name 24 = timeS: Time, Elapsed [seconds]
# name 25 = timeY: Time, System [seconds]
# name 26 = accM: Acceleration [m/s^2]
# name 27 = dz/dtM: Descent Rate [m/s]
# name 28 = latitude: Latitude [deg]
# name 29 = longitude: Longitude [deg]
# name 30 = flag: flag
# span 0 =      1.959,    300.980       
# span 1 =     8.5060,    13.9072       
# span 2 =    32.7854,    35.7411       
# span 3 =  1024.9006,  1028.5226       
# span 4 =     1.4033,     2.7448       
# span 5 =     2.8941,     7.0813       
# span 6 =     46.716,    112.634       
# span 7 =   -0.03773,    0.11324       
# span 8 =    5.79709,    6.59806       
# span 9 =    5.79403,    6.60381       
# span 10 =      7.868,      8.142      
# span 11 =    -0.0994,     2.8493      
# span 12 =   10.53525,   11.88809      
# span 13 =   3.495823,   4.263468      
# span 14 = -1.515e+04, 1.2000e+05      
# span 15 =    24.8906,    27.1631      
# span 16 =    24.8905,    27.1568      
# span 17 = 1.0000e-12, 9.1246e-03      
# span 18 =      2.000,    303.500      
# span 19 =          1,          1      
# span 20 =         89,      41963      
# span 21 =    1482.75,    1506.18      
# span 22 = -3.950e-01, 2.2738e+00      
# span 23 =  51003.499,  55010.982      
# span 24 =      3.685,   1748.432      
# span 25 = 1621922443, 1621924187      
# span 26 =      -1.28,       1.13      
# span 27 =     -1.898,      1.771      
# span 28 =   39.69601,   39.69812      
# span 29 =  -71.77736,  -71.76954      
# span 30 = 0.0000e+00, 0.0000e+00      
# interval = decibars: 0.5              
# start_time = May 25 2021 06:00:39 [System UTC, first data scan.]
# bad_flag = -9.990e-29
*END*
[from data line 749]
    228.612    12.4381    35.6148  1028.0109     1.6288     3.4233     57.334   -0.00284    5.97091    5.97007      7.947    -0.0644   10.82284   4.116194 5.0640e-11    26.9876    26.9815 1.0000e-12    230.500          1      22010    1502.85 1.9747e+00  54966.772    917.025 1621923356       0.01     -0.609   39.69718  -71.77356 0.0000e+00
    228.115    12.4403    35.6145  1028.0079     1.6258     3.4132     57.173   -0.00297    5.96997    5.96912      7.947    -0.0681   10.82129   4.116360 5.0640e-11    26.9869    26.9808 1.0000e-12    230.000          1      22030    1502.85 1.9747e+00  54965.632    917.858 1621923357       0.01     -0.611   39.69718  -71.77357 0.0000e+00
    227.621    12.4476    35.6141  1028.0039     1.6234     3.4048     57.036   -0.00316    5.96957    5.96871      7.946    -0.0615   10.82060   4.117035 5.0640e-11    26.9852    26.9791 1.0000e-12    229.500          1      22053    1502.87 1.9747e+00  54963.638    918.817 1621923358       0.08     -0.567   39.69718  -71.77358 0.0000e+00
    227.121    12.4563    35.6144  1028.0002     1.6216     3.4039     57.032   -0.00204    5.96839    5.96751      7.948    -0.0531   10.81864   4.117918 5.0640e-11    26.9837    26.9776 1.0000e-12    229.000          1      22078    1502.89 1.9747e+00  54962.343    919.881 1621923359       0.05     -0.496   39.69718  -71.77359 0.0000e+00
    226.637    12.4721    35.6166  1027.9965     1.6219     3.4093     57.215    0.00032    5.95868    5.95768      7.949    -0.0535   10.80248   4.119711 5.0640e-11    26.9823    26.9762 1.0000e-12    228.500          1      22138    1502.94 1.9747e+00  54962.582    922.394 1621923361       0.00     -0.136   39.69718  -71.77360 0.0000e+00
    226.141    12.4977    35.6199  1027.9917     1.6259     3.4319     57.616    0.00286    5.95647    5.95545      7.951    -0.0531   10.79880   4.122807 5.0640e-11    26.9798    26.9737 1.0000e-12    228.000          1      22166    1503.02 1.9747e+00  54962.801    923.522 1621923362      -0.44     -0.319   39.69718  -71.77360 0.0000e+00
    225.638    12.5180    35.6225  1027.9874     1.6286     3.4450     57.833    0.00382    5.95685    5.95583      7.952    -0.0536   10.79944   4.124876 5.0640e-11    26.9778    26.9718 1.0000e-12    227.500          1      22180    1503.08 1.9747e+00  54962.838    924.132 1621923363      -0.41     -0.591   39.69720  -71.77360 0.0000e+00
    225.134    12.5272    35.6241  1027.9845     1.6316     3.4572     58.030    0.00435    5.95771    5.95670      7.954    -0.0575   10.80085   4.126008 5.0640e-11    26.9773    26.9712 1.0000e-12    227.000          1      22196    1503.11 1.9747e+00  54963.260    924.779 1621923364      -0.15     -0.769   39.69720  -71.77361 0.0000e+00
    224.645    12.5637    35.6286  1027.9784     1.6373     3.4671     58.232    0.00348    5.95392    5.95286      7.955    -0.0719   10.79453   4.130097 5.0640e-11    26.9735    26.9674 1.0000e-12    226.500          1      22254    1503.23 1.9747e+00  54963.383    927.222 1621923366      -0.04     -0.516   39.69720  -71.77362 0.0000e+00
    224.164    12.5715    35.6296  1027.9755     1.6429     3.4721     58.408    0.00257    5.94456    5.94338      7.958 -9.990e-29   10.77895   4.130718 5.0640e-11    26.9727    26.9667 1.0000e-12    226.000          1      22319    1503.25 1.9747e+00  54963.204    929.904 1621923369      -0.74     -0.472   39.69720  -71.77362 0.0000e+00
    223.667    12.5836    35.6308  1027.9717     1.6435     3.4749     58.464    0.00286    5.94370    5.94251      7.958    -0.0524   10.77755   4.132479 5.0640e-11    26.9712    26.9652 1.0000e-12    225.500          1      22327    1503.28 1.9747e+00  54962.824    930.244 1621923369      -0.73     -0.763   39.69720  -71.77362 0.0000e+00
    223.161    12.6057    35.6331  1027.9668     1.6454     3.4815     58.587    0.00324    5.94250    5.94131      7.958    -0.0548   10.77553   4.134912 5.0640e-11    26.9687    26.9626 1.0000e-12    225.000          1      22335    1503.35 1.9747e+00  54962.076    930.587 1621923369      -0.68     -1.004   39.69720  -71.77362 0.0000e+00
    222.657    12.6284    35.6363  1027.9624     1.6470     3.4879     58.698    0.00361    5.94201    5.94080 -9.990e-29    -0.0581   10.77472   4.137297 5.0640e-11    26.9666    26.9606 1.0000e-12    224.500          1      22343    1503.42 1.9747e+00  54962.730    930.924 1621923370      -0.54     -1.209   39.69720  -71.77362 0.0000e+00
    222.156    12.6352    35.6361  1027.9585     1.6484     3.4939     58.798    0.00395    5.94215    5.94094 -9.990e-29    -0.0672   10.77495   4.137512 5.0640e-11    26.9651    26.9590 1.0000e-12    224.000          1      22352    1503.43 1.9747e+00  54960.860    931.289 1621923370      -0.29     -1.360   39.69720  -71.77362 0.0000e+00
    221.654    12.6365    35.6357  1027.9558     1.6503     3.5014     58.919    0.00427    5.94267    5.94147 -9.990e-29    -0.0694   10.77583   4.137636 5.0640e-11    26.9646    26.9585 1.0000e-12    223.500          1      22363    1503.43 1.9747e+00  54959.944    931.744 1621923371       0.08     -1.395   39.69720  -71.77363 0.0000e+00
    221.170    12.6589    35.6404  1027.9527     1.6572     3.5152     59.179    0.00332    5.93994    5.93871      7.962    -0.0548   10.77126   4.140488 5.0640e-11    26.9637    26.9577 1.0000e-12    223.000          1      22426    1503.50 1.9747e+00  54962.659    934.381 1621923373       0.27     -0.774   39.69721  -71.77365 0.0000e+00
    220.688    12.6890    35.6431  1027.9464     1.6667     3.5346     59.590    0.00276    5.93148    5.93015      7.963 -9.990e-29   10.75718   4.143443 5.0640e-11    26.9598    26.9537 1.0000e-12    222.500          1      22518    1503.59 1.9747e+00  54961.259    938.229 1621923377      -0.20     -0.369   39.69722  -71.77368 0.0000e+00
    220.196    12.7028    35.6452  1027.9431     1.6707     3.5522     59.902    0.00420    5.92995    5.92860      7.966    -0.0459   10.75463   4.145303 5.0640e-11    26.9587    26.9527 1.0000e-12    222.000          1      22535    1503.64 1.9747e+00  54961.980    938.898 1621923378      -0.21     -0.519   39.69722  -71.77368 0.0000e+00
    219.697    12.7247    35.6465  1027.9374     1.6738     3.5662     60.134    0.00516    5.93046    5.92912 -9.990e-29    -0.0759   10.75549   4.147632 5.0640e-11    26.9553    26.9493 1.0000e-12    221.500          1      22548    1503.70 1.9747e+00  54959.761    939.444 1621923378      -0.31     -0.662   39.69722  -71.77368 0.0000e+00
    219.190    12.7415    35.6507  1027.9350     1.6774     3.5799     60.371    0.00588    5.92987    5.92852 -9.990e-29    -0.0699   10.75450   4.149588 5.0640e-11    26.9552    26.9492 1.0000e-12    221.000          1      22559    1503.76 1.9747e+00  54962.840    939.931 1621923379      -0.33     -0.822   39.69722  -71.77368 0.0000e+00
    218.686    12.7552    35.6528  1027.9316     1.6807     3.5917     60.576    0.00636    5.92921    5.92785 -9.990e-29    -0.0605   10.75340   4.151163 5.0640e-11    26.9541    26.9481 1.0000e-12    220.500          1      22573    1503.80 1.9747e+00  54963.256    940.490 1621923379      -0.11     -0.947   39.69722  -71.77368 0.0000e+00
    218.202    12.7841    35.6564  1027.9262     1.6903     3.6055     60.934    0.00505    5.91708    5.91557      7.971    -0.0618   10.73320   4.154251 5.0640e-11    26.9511    26.9451 1.0000e-12    220.000          1      22626    1503.89 1.9747e+00  54963.460    942.729 1621923382      -0.02     -0.443   39.69722  -71.77369 0.0000e+00
    217.710    12.8085    35.6598  1027.9217     1.7009     3.6327     61.481    0.00541    5.90857    5.90695      7.975    -0.0594   10.71902   4.156947 5.0640e-11    26.9489    26.9429 1.0000e-12    219.500          1      22674    1503.97 1.9747e+00  54964.200    944.710 1621923384      -0.42     -0.362   39.69722  -71.77370 0.0000e+00
    217.205    12.8283    35.6612  1027.9165     1.7110     3.6783     62.260    0.00893    5.90800    5.90638      7.977    -0.0503   10.71809   4.159322 5.0640e-11    26.9460    26.9399 1.0000e-12    219.000          1      22693    1504.03 1.9747e+00  54962.357    945.482 1621923384      -0.18     -0.599   39.69722  -71.77370 0.0000e+00
    216.720    12.9498    35.6753  1027.9003     1.7379     3.7554     63.637    0.00957    5.90123    5.89953      7.982    -0.0608   10.70680   4.172944 5.0640e-11    26.9325    26.9265 1.0000e-12    218.500          1      22756    1504.44 1.9747e+00  54963.524    948.110 1621923387      -0.00     -0.175   39.69724  -71.77372 0.0000e+00
    216.230    12.9853    35.6787  1027.8935     1.7499     3.7791     64.112    0.00807    5.89460    5.89282      7.984    -0.0616   10.69575   4.176531 5.0640e-11    26.9280    26.9219 1.0000e-12    218.000          1      22794    1504.55 1.9747e+00  54962.212    949.693 1621923389      -0.30     -0.307   39.69724  -71.77372 0.0000e+00
    215.729    12.9962    35.6844  1027.8934     1.7536     3.7834     64.199    0.00688    5.89321    5.89141      7.984    -0.0595   10.69346   4.178054 5.0640e-11    26.9302    26.9241 1.0000e-12    217.500          1      22809    1504.59 1.9747e+00  54968.447    950.338 1621923389      -0.32     -0.525   39.69724  -71.77372 0.0000e+00
    215.225    12.9964    35.6852  1027.8916     1.7580     3.7944     64.390    0.00651    5.89281    5.89101      7.984    -0.0605   10.69277   4.178164 5.0640e-11    26.9307    26.9247 1.0000e-12    217.000          1      22823    1504.58 1.9747e+00  54968.985    950.937 1621923390      -0.26     -0.707   39.69724  -71.77374 0.0000e+00
    214.726    13.0210    35.6872  1027.8859     1.7643     3.8152     64.745    0.00709    5.89261    5.89081      7.984    -0.0590   10.69243   4.180940 5.0640e-11    26.9273    26.9213 1.0000e-12    216.500          1      22844    1504.66 1.9747e+00  54967.844    951.777 1621923391       0.12     -0.739   39.69724  -71.77374 0.0000e+00
    214.245    13.0733    35.6924  1027.8770     1.7735     3.8355     65.109    0.00592    5.89094    5.88911      7.988    -0.0535   10.68965   4.186461 5.0640e-11    26.9208    26.9147 1.0000e-12    216.000          1      22884    1504.83 1.9747e+00  54966.913    953.460 1621923392       0.20     -0.284   39.69724  -71.77374 0.0000e+00
    213.743    13.0732    35.6947  1027.8765     1.7761     3.8306     65.031    0.00324    5.89052    5.88869      7.989    -0.0619   10.68893   4.186516 5.0640e-11    26.9226    26.9165 1.0000e-12    215.500          1      22911    1504.82 1.9747e+00  54969.766    954.583 1621923393      -0.20     -0.365   39.69724  -71.77375 0.0000e+00
    213.242    13.0814    35.6951  1027.8729     1.7787     3.8343     65.092    0.00235    5.89054    5.88871      7.989    -0.0627   10.68896   4.187362 5.0640e-11    26.9212    26.9151 1.0000e-12    215.000          1      22938    1504.84 1.9747e+00  54968.790    955.697 1621923395       0.02     -0.471   39.69724  -71.77376 0.0000e+00
    212.759    13.0928    35.6991  1027.8715     1.7847     3.8435     65.269    0.00100    5.88867    5.88681      7.989    -0.0639   10.68583   4.188668 5.0640e-11    26.9220    26.9160 1.0000e-12    214.500          1      23035    1504.88 1.9747e+00  54972.366    959.736 1621923399      -0.44     -0.113   39.69724  -71.77378 0.0000e+00
    212.250    13.0922    35.6993  1027.8695     1.7862     3.8487     65.366    0.00136    5.88795    5.88609      7.990    -0.0560   10.68463   4.188618 5.0640e-11    26.9223    26.9162 1.0000e-12    214.000          1      23053    1504.87 1.9747e+00  54972.467    960.486 1621923399      -0.49     -0.495   39.69724  -71.77378 0.0000e+00
    211.760    13.0974    35.6999  1027.8666     1.7882     3.8566     65.519    0.00214    5.88624    5.88435      7.990    -0.0581   10.68178   4.189202 5.0640e-11    26.9216    26.9156 1.0000e-12    213.500          1      23075    1504.87 1.9747e+00  54972.158    961.396 1621923400       0.07     -0.657   39.69724  -71.77378 0.0000e+00
    211.276    13.1025    35.7002  1027.8637     1.7897     3.8576     65.564    0.00182    5.88372    5.88181      7.992    -0.0601   10.67759   4.189664 5.0640e-11    26.9209    26.9148 1.0000e-12    213.000          1      23097    1504.89 1.9747e+00  54971.533    962.339 1621923401       0.09     -0.506   39.69724  -71.77378 0.0000e+00
    210.775    13.1063    35.7010  1027.8612     1.7912     3.8625     65.644    0.00179    5.88409    5.88218      7.993    -0.0496   10.67820   4.190128 5.0640e-11    26.9206    26.9146 1.0000e-12    212.500          1      23111    1504.89 1.9747e+00  54971.753    962.932 1621923402      -0.27     -0.571   39.69724  -71.77378 0.0000e+00
    210.270    13.1098    35.7017  1027.8588     1.7921     3.8674     65.722    0.00219    5.88446    5.88256      7.993    -0.0511   10.67882   4.190540 5.0640e-11    26.9205    26.9145 1.0000e-12    212.000          1      23123    1504.89 1.9747e+00  54971.933    963.434 1621923402      -0.37     -0.748   39.69724  -71.77378 0.0000e+00
    209.762    13.1191    35.7024  1027.8551     1.7929     3.8686     65.741    0.00195    5.88471    5.88280      7.993    -0.0517   10.67923   4.191532 5.0640e-11    26.9191    26.9131 1.0000e-12    211.500          1      23137    1504.92 1.9747e+00  54971.168    964.011 1621923403      -0.15     -0.905   39.69724  -71.77378 0.0000e+00
    209.272    13.1471    35.7067  1027.8504     1.7985     3.8786     65.957    0.00130    5.88057    5.87861      7.993    -0.0679   10.67234   4.194778 5.0640e-11    26.9168    26.9107 1.0000e-12    211.000          1      23214    1505.01 1.9747e+00  54972.624    967.225 1621923406      -0.28     -0.489   39.69725  -71.77381 0.0000e+00
    208.788    13.1734    35.7086  1027.8443     1.8024     3.8891     66.156    0.00155    5.87867    5.87670 -9.990e-29    -0.0632   10.66918   4.197470 5.0640e-11    26.9128    26.9068 1.0000e-12    210.500          1      23278    1505.09 1.9747e+00  54971.080    969.894 1621923409       0.08     -0.311   39.69726  -71.77382 0.0000e+00
    208.304    13.1792    35.7100  1027.8420     1.8032     3.8845     66.083    0.00013    5.87817    5.87619 -9.990e-29    -0.0667   10.66835   4.198082 5.0640e-11    26.9128    26.9068 1.0000e-12    210.000          1      23314    1505.10 1.9747e+00  54971.884    971.373 1621923410      -0.39     -0.225   39.69726  -71.77382 0.0000e+00
    207.799    13.1801    35.7105  1027.8400     1.8033     3.8857     66.103    0.00030    5.87820    5.87622      7.993    -0.0790   10.66839   4.198244 5.0640e-11    26.9129    26.9069 1.0000e-12    209.500          1      23326    1505.10 1.9747e+00  54972.177    971.893 1621923411      -0.55     -0.509   39.69726  -71.77382 0.0000e+00
    207.292    13.1826    35.7108  1027.8374     1.8031     3.8852     66.096    0.00032    5.87822    5.87624      7.993    -0.0732   10.66843   4.198455 5.0640e-11    26.9127    26.9067 1.0000e-12    209.000          1      23338    1505.10 1.9747e+00  54971.953    972.386 1621923411      -0.48     -0.769   39.69726  -71.77382 0.0000e+00
    206.788    13.1853    35.7108  1027.8346     1.8035     3.8858     66.106    0.00022    5.87820    5.87622      7.994    -0.0639   10.66839   4.198712 5.0640e-11    26.9121    26.9062 1.0000e-12    208.500          1      23354    1505.10 1.9747e+00  54971.203    973.046 1621923412      -0.02     -0.905   39.69726  -71.77384 0.0000e+00
    206.323    13.1879    35.7114  1027.8324     1.8033     3.8850     66.092    0.00042    5.87815    5.87617      7.995    -0.0746   10.66832   4.198880 5.0640e-11    26.9120    26.9061 1.0000e-12    208.000          1      23483    1505.10 1.9747e+00  54971.397    978.425 1621923418      -0.38     -0.147   39.69726  -71.77386 0.0000e+00
