CalculateIndicators/WaterTemperature/Data/CTD_NYOS/20210525_C34.cnv
* Sea-Bird SBE 9 Data File:
* FileName = C:\Seabird 9 CTD\Data\2021\202105_offshore\20210525_C34.hex
* Software Version Seasave V 7.23.2
* Temperature SN = 4590
* Conductivity SN = 3228
* Number of Bytes Per Scan = 44
* Number of Voltage Words = 5
* Number of Scans Averaged by the Deck Unit = 1
* NMEA Latitude = 40 51.67 N
* NMEA Longitude = 072 11.62 W
* NMEA UTC (Time) = May 25 2021  18:27:00
* NMEA baud rate = 4800
** Ship: seawolf
** Station: 2.1
** Operator: tdk
# nquan = 31
# nvalues = 108                         
# units = specified
# name 0 = depSM: Depth [salt water, m]
# name 1 = t090C: Temperature [ITS-90, deg C]
# name 2 = sal00: Salinity, Practical [PSU]
# name 3 = density00: Density [density, kg/m^3]
# name 4 = sbeox0V: Oxygen raw, SBE 43 [V]
# name 5 = sbeox0ML/L: Oxygen, SBE 43 [ml/l]
# name 6 = sbeox0PS: Oxygen, SBE 43 [% saturation]
# name 7 = sbox0dV/dT: Oxygen, SBE 43 [dov/dt]
# name 8 = oxsolML/L: Oxygen Saturation, Garcia & Gordon [ml/l]
# name 9 = oxsatML/L: Oxygen Saturation, Weiss [ml/l]
# name 10 = ph: pH
# name 11 = flECO-AFL: Fluorescence, WET Labs ECO-AFL/FL [mg/m^3]
# name 12 = n2satML/L: Nitrogen Saturation [ml/l]
# name 13 = c0S/m: Conductivity [S/m]
# name 14 = cpar: CPAR/Corrected Irradiance [%]
# name 15 = sigma-é00: Density [sigma-theta, kg/m^3]
# name 16 = sigma-t00: Density [sigma-t, kg/m^3 ]
# name 17 = par: PAR/Irradiance, Biospherical/Licor
# name 18 = prDM: Pressure, Digiquartz [db]
# name 19 = pumps: Pump Status
# name 20 = scan: Scan Count
# name 21 = svCM: Sound Velocity [Chen-Millero, m/s]
# name 22 = spar: SPAR, Biospherical/Licor
# name 23 = specc: Specific Conductance [uS/cm]
# name 24 = timeS: Time, Elapsed [seconds]
# name 25 = timeY: Time, System [seconds]
# name 26 = accM: Acceleration [m/s^2]
# name 27 = dz/dtM: Descent Rate [m/s]
# name 28 = latitude: Latitude [deg]
# name 29 = longitude: Longitude [deg]
# name 30 = flag: flag
# span 0 =      1.962,     28.784       
# span 1 =     8.3032,    13.3413       
# span 2 =    30.6659,    32.4278       
# span 3 =  1023.0032,  1025.3427       
# span 4 =     2.2044,     2.6924       
# span 5 =     5.6587,     6.7281       
# span 6 =     84.915,    110.406       
# span 7 =   -0.03017,    0.03609       
# span 8 =    6.04615,    6.66522       
# span 9 =    6.04276,    6.67111       
# span 10 =      7.924,      8.043      
# span 11 =     0.0411,     1.4615      
# span 12 =   11.00292,   12.00828      
# span 13 =   3.408367,   3.671976      
# span 14 = 3.8709e-01, 9.4705e+01      
# span 15 =    22.9877,    25.2104      
# span 16 =    22.9876,    25.2100      
# span 17 = 8.0977e+00, 1.5951e+03      
# span 18 =      2.000,     29.000      
# span 19 =          1,          1      
# span 20 =        393,       7957      
# span 21 =    1480.91,    1496.32      
# span 22 = 1.4541e+03, 2.2460e+03      
# span 23 =  47856.598,  51170.350      
# span 24 =     16.345,    331.493      
# span 25 = 1621967232, 1621967547      
# span 26 =      -1.50,       0.76      
# span 27 =     -1.256,      0.670      
# span 28 =   40.86120,   40.86170      
# span 29 =  -72.19380,  -72.19318      
# span 30 = 0.0000e+00, 0.0000e+00      
# interval = decibars: 0.5              
# start_time = May 25 2021 18:26:56 [System UTC, first data scan.]
# bad_flag = -9.990e-29
*END*
[from data line 47]
     25.797     8.8412    32.1865  1025.0587     2.3544     5.9962     90.311   -0.02325    6.64001    6.64542      7.974     1.0454   11.96807   3.428665 6.7253e-01    24.9404    24.9400 1.3563e+01     26.000          1       2305    1482.58 2.0172e+03  50707.709     96.012 1621967312       0.29      0.290   40.86134  -72.19368 0.0000e+00
     26.301     8.5287    32.2771  1025.1795     2.3196     5.8521     87.970   -0.03017    6.65240    6.65801      7.967     1.0680   11.98830   3.411289 6.1594e-01    25.0587    25.0583 1.2418e+01     26.500          1       2337    1481.53 2.0161e+03  50904.687     97.328 1621967313       0.18      0.516   40.86134  -72.19368 0.0000e+00
     26.790     8.3979    32.3501  1025.2586     2.2561     5.7862     86.903   -0.00789    6.65826    6.66400      7.950     1.1403   11.99734   3.408497 5.6040e-01    25.1355    25.1351 1.1196e+01     27.000          1       2476    1481.14 1.9978e+03  51037.253    103.109 1621967319       0.28      0.137   40.86135  -72.19368 0.0000e+00
     27.291     8.3829    32.3713  1025.2797     2.2443     5.7451     86.260   -0.00857    6.66017    6.66596      7.945     1.2586   12.00036   3.409126 5.1997e-01    25.1543    25.1539 1.0381e+01     27.500          1       2518    1481.12 1.9965e+03  51071.175    104.888 1621967321       0.10      0.415   40.86136  -72.19368 0.0000e+00
     27.781     8.3430    32.3984  1025.3092     2.2232     5.7087     85.689   -0.00356    6.66215    6.66798      7.941     1.1007   12.00347   3.408636 4.7187e-01    25.1815    25.1810 9.5603e+00     28.000          1       2633    1481.01 2.0262e+03  51118.902    109.686 1621967326       0.11      0.117   40.86136  -72.19368 0.0000e+00
     28.274     8.3301    32.4091  1025.3217     2.2130     5.6815     85.242   -0.00302    6.66522    6.67111      7.936     1.2138   12.00828   3.408722 4.2797e-01    25.1917    25.1913 8.6422e+00     28.500          1       2718    1480.98 2.0193e+03  51137.228    113.206 1621967329       0.09      0.113   40.86138  -72.19367 0.0000e+00
     28.784     8.3032    32.4278  1025.3427     2.2044     5.6587     84.915   -0.00196    6.66396    6.66983      7.926     1.2421   12.00636   3.408367 3.8709e-01    25.2104    25.2100 8.0977e+00     29.000          1       3698    1480.91 2.0907e+03  51170.350    154.031 1621967370      -0.11      0.220   40.86144  -72.19361 0.0000e+00
     28.275     8.3210    32.4123  1025.3256     2.2068     5.6809     85.267    0.00068    6.66248    6.66831      7.924     1.3011   12.00408   3.408555 4.2300e-01    25.1957    25.1952 8.9645e+00     28.500          1       4081    1480.95 2.1194e+03  51143.963    170.018 1621967386      -0.16     -0.162   40.86148  -72.19360 0.0000e+00
     27.786     8.3279    32.4052  1025.3167     2.2121     5.6984     85.641    0.00223    6.65381    6.65946      7.925     1.1173   11.99038   3.408465 4.5709e-01    25.1890    25.1886 9.6705e+00     28.000          1       4170    1480.96 2.1157e+03  51131.975    173.696 1621967390      -0.37     -0.218   40.86148  -72.19359 0.0000e+00
     27.280     8.3444    32.3899  1025.2999     2.2173     5.7273     86.077    0.00420    6.65372    6.65934      7.928     1.1342   11.99050   3.408478 5.1040e-01    25.1746    25.1742 1.0799e+01     27.500          1       4189    1480.99 2.1157e+03  51106.207    174.488 1621967390      -0.19     -0.485   40.86148  -72.19358 0.0000e+00
     26.788     8.3909    32.3542  1025.2628     2.2301     5.7814     86.958    0.00707    6.64846    6.65397      7.932     1.0094   11.98216   3.409208 5.5425e-01    25.1397    25.1393 1.1702e+01     27.000          1       4231    1481.12 2.1113e+03  51044.635    176.232 1621967392       0.16     -0.327   40.86149  -72.19358 0.0000e+00
     26.296     8.4297    32.3126  1025.2221     2.2576     5.8276     88.598    0.01170    6.57759    6.58200      7.939     0.9495   11.86634   3.408711 6.1506e-01    25.1013    25.1009 1.2976e+01     26.500          1       4290    1481.20 2.1095e+03  50976.604    178.689 1621967395      -0.03     -0.193   40.86150  -72.19358 0.0000e+00
     25.799     8.4951    32.2725  1025.1787     2.2928     5.9899     91.327    0.02323    6.55870    6.56284      7.954     1.0784   11.83507   3.411015 6.5826e-01    25.0601    25.0597 1.3918e+01     26.000          1       4321    1481.39 2.1143e+03  50904.910    179.996 1621967396      -0.23     -0.311   40.86150  -72.19358 0.0000e+00
     25.296     8.8335    32.2033  1025.0706     2.3330     6.1724     94.175    0.03315    6.55419    6.55827      7.970     1.0715   11.82765   3.436026 7.2028e-01    24.9546    24.9542 1.5220e+01     25.500          1       4347    1482.56 2.1130e+03  50733.891    181.093 1621967397      -0.00     -0.463   40.86150  -72.19358 0.0000e+00
     24.807     9.1371    32.1798  1025.0032     2.3980     6.3215     96.610    0.02482    6.54324    6.54716      7.983     1.0472   11.80970   3.458877 7.7436e-01    24.8896    24.8892 1.6444e+01     25.000          1       4407    1483.65 2.1235e+03  50636.536    183.583 1621967399       0.07     -0.158   40.86150  -72.19356 0.0000e+00
     24.309     9.1913    32.1688  1024.9837     2.4181     6.2684     96.084    0.00811    6.52394    6.52759      7.988     0.9256   11.77774   3.462412 8.6315e-01    24.8724    24.8720 1.8306e+01     24.500          1       4464    1483.83 2.1207e+03  50609.802    185.976 1621967402       0.02     -0.210   40.86150  -72.19356 0.0000e+00
     23.817     9.2561    32.1631  1024.9669     2.4388     6.3266     97.245    0.01015    6.50581    6.50923      7.999     0.8100   11.74760   3.467544 9.1540e-01    24.8579    24.8575 1.9451e+01     24.000          1       4513    1484.06 2.1248e+03  50588.485    188.005 1621967404      -0.13     -0.241   40.86151  -72.19356 0.0000e+00
     23.313     9.3454    32.1677  1024.9540     2.4583     6.4261     98.753    0.01636    6.50728    6.51073      8.003     0.7309   11.75001   3.476266 9.5203e-01    24.8473    24.8469 2.0192e+01     23.500          1       4538    1484.38 2.1210e+03  50576.909    189.048 1621967405      -0.14     -0.406   40.86152  -72.19356 0.0000e+00
     22.816     9.4786    32.1719  1024.9338     2.4873     6.4643     99.570    0.00982    6.49218    6.49539      8.006     0.7723   11.72539   3.487758 1.0689e+00    24.8295    24.8291 2.2611e+01     23.000          1       4607    1484.87 2.1153e+03  50555.954    191.916 1621967408      -0.30     -0.243   40.86152  -72.19356 0.0000e+00
     22.324     9.5622    32.1430  1024.8955     2.4995     6.4449     99.592    0.00364    6.47132    6.47424      8.005     0.7436   11.69109   3.492104 1.1623e+00    24.7935    24.7931 2.4472e+01     22.500          1       4671    1485.13 2.1055e+03  50498.526    194.567 1621967411      -0.03     -0.247   40.86152  -72.19355 0.0000e+00
     21.827     9.6739    32.1351  1024.8690     2.5129     6.4968    100.516    0.00693    6.46344    6.46624      8.007     0.6521   11.67808   3.501270 1.2271e+00    24.7693    24.7689 2.5743e+01     22.000          1       4721    1485.52 2.0980e+03  50465.510    196.682 1621967413      -0.15     -0.266   40.86152  -72.19354 0.0000e+00
     21.335     9.7756    32.1268  1024.8438     2.5259     6.5585    100.991    0.00464    6.49414    6.49719      8.010     0.7236   11.73103   3.509013 1.3572e+00    24.7464    24.7460 2.8423e+01     21.500          1       4786    1485.87 2.0942e+03  50434.123    199.382 1621967415       0.04     -0.170   40.86152  -72.19354 0.0000e+00
     20.833     9.7705    32.0437  1024.7774     2.5170     6.5015     99.716   -0.00527    6.52005    6.52329      8.003     0.9711   11.77590   3.498025 1.5269e+00    24.6823    24.6819 3.1989e+01     21.000          1       4834    1485.74 2.0951e+03  50317.504    201.382 1621967417      -0.14     -0.298   40.86152  -72.19352 0.0000e+00
     20.345     9.4172    31.7900  1024.6340     2.4960     6.4096     98.213   -0.01061    6.52627    6.52948      7.994     1.4533   11.78764   3.442930 1.6256e+00    24.5409    24.5405 3.3843e+01     20.500          1       4889    1484.14 2.0814e+03  50025.271    203.653 1621967420       0.10     -0.208   40.86154  -72.19352 0.0000e+00
     19.840     9.4710    31.7333  1024.5787     2.4861     6.3942     98.010   -0.00730    6.52408    6.52727      7.988     1.4225   11.78382   3.442122 1.7666e+00    24.4880    24.4876 3.7137e+01     20.000          1       4925    1484.26 2.1022e+03  49934.319    205.184 1621967421      -0.10     -0.325   40.86154  -72.19352 0.0000e+00
     19.349     9.4751    31.6562  1024.5156     2.4830     6.4067     98.698    0.00324    6.49126    6.49383      7.987     1.4089   11.73191   3.435503 1.9609e+00    24.4270    24.4267 4.1053e+01     19.500          1       5019    1484.17 2.0936e+03  49823.996    209.079 1621967425      -0.53     -0.231   40.86154  -72.19352 0.0000e+00
     18.847     9.6415    31.5597  1024.4114     2.4903     6.4281     99.142    0.00449    6.48377    6.48619      7.989     1.4615   11.72026   3.441060 2.1710e+00    24.3252    24.3249 4.5305e+01     19.000          1       5058    1484.65 2.0869e+03  49655.375    210.704 1621967427      -0.16     -0.333   40.86154  -72.19351 0.0000e+00
     18.353     9.8600    31.3994  1024.2488     2.4996     6.4301     99.436    0.00308    6.46656    6.46865      7.991     1.4297   11.69320   3.444193 2.3870e+00    24.1649    24.1646 4.9504e+01     18.500          1       5126    1485.25 2.0741e+03  49386.794    213.538 1621967430      -0.25     -0.200   40.86154  -72.19350 0.0000e+00
     17.859    10.0071    31.2847  1024.1331     2.5128     6.4706    100.313    0.00622    6.45039    6.45221      7.992     1.2301   11.66726   3.445730 2.6276e+00    24.0515    24.0512 5.4301e+01     18.000          1       5193    1485.63 2.0665e+03  49197.556    216.337 1621967432      -0.51     -0.217   40.86156  -72.19350 0.0000e+00
     17.359    10.1391    31.2216  1024.0599     2.5253     6.4899    100.859    0.00581    6.43470    6.43629      7.994     1.1653   11.64170   3.451066 2.9794e+00    23.9807    23.9803 6.1520e+01     17.500          1       5245    1486.03 2.0649e+03  49084.166    218.520 1621967434      -0.21     -0.283   40.86156  -72.19349 0.0000e+00
     16.863    10.2511    31.1879  1024.0129     2.5402     6.5322    101.610    0.00622    6.42865    6.43015      7.997     1.2205   11.63184   3.457091 3.1170e+00    23.9359    23.9356 6.4320e+01     17.000          1       5304    1486.38 2.0636e+03  49016.754    220.945 1621967437      -0.09     -0.316   40.86156  -72.19348 0.0000e+00
     16.377    10.3123    31.1723  1023.9883     2.5594     6.5694    102.490    0.00602    6.40980    6.41100      8.003     1.0063   11.60152   3.460529 3.5879e+00    23.9136    23.9133 7.3751e+01     16.500          1       5389    1486.57 2.0553e+03  48983.848    224.517 1621967440      -0.16     -0.074   40.86156  -72.19348 0.0000e+00
     15.872    10.4285    31.1141  1023.9212     2.5692     6.5949    102.862    0.00469    6.41137    6.41260      8.005     0.9714   11.60403   3.464689 3.8472e+00    23.8489    23.8486 8.0019e+01     16.000          1       5441    1486.91 2.0801e+03  48881.065    226.664 1621967443      -0.13     -0.204   40.86157  -72.19347 0.0000e+00
     15.366    10.4503    31.0990  1023.9035     2.5768     6.5907    102.838   -0.00007    6.40882    6.41000      8.010     0.9321   11.59993   3.464066 4.3008e+00    23.8335    23.8332 8.7959e+01     15.500          1       6075    1486.97 2.0637e+03  48855.860    253.083 1621967469      -0.39     -0.288   40.86161  -72.19339 0.0000e+00
     14.885    10.4452    31.0878  1023.8935     2.5888     6.5962    103.846    0.00681    6.35195    6.35217      8.015     0.5953   11.50932   3.461329 5.6850e+00    23.8256    23.8253 9.7439e+01     15.000          1       6885    1486.93 1.7685e+03  48841.438    286.840 1621967503      -1.50     -0.462   40.86164  -72.19330 0.0000e+00
     14.370    10.4605    31.0108  1023.8286     2.5920     6.5860    104.053    0.00790    6.32944    6.32942      8.015     0.5830   11.47157   3.455384 6.3862e+00    23.7631    23.7628 1.0839e+02     14.500          1       6877    1486.88 1.7305e+03  48728.754    286.496 1621967502      -1.23     -0.938   40.86164  -72.19330 0.0000e+00
     13.863    10.5462    30.9452  1023.7608     2.5976     6.5518    104.321    0.00907    6.28046    6.27981      8.016     0.5729   11.39091   3.457951 5.3226e+00    23.6976    23.6973 1.1458e+02     14.000          1       6888    1487.10 2.1635e+03  48621.140    286.942 1621967503      -0.40     -1.256   40.86164  -72.19330 0.0000e+00
     13.410    10.9154    30.8102  1023.5908     2.6490     6.6004    107.858    0.02704    6.11999    6.11741      8.017     0.4213   11.12579   3.477092 5.7719e+00    23.5298    23.5295 1.2398e+02     13.500          1       6931    1488.25 2.1562e+03  48369.162    288.758 1621967505       0.36     -0.341   40.86165  -72.19330 0.0000e+00
     12.919    11.2395    30.8189  1023.5390     2.6826     6.7094    110.108    0.03609    6.09339    6.09050      8.017     0.4025   11.08174   3.510373 6.4601e+00    23.4803    23.4800 1.3326e+02     13.000          1       6953    1489.39 2.0723e+03  48333.252    289.654 1621967506      -0.65     -0.222   40.86166  -72.19330 0.0000e+00
     12.403    11.5609    30.7633  1023.4366     2.6901     6.7281    110.406    0.03519    6.09392    6.09104      8.017     0.4043   11.08270   3.531983 1.0174e+01    23.3803    23.3800 1.4525e+02     12.500          1       6961    1490.45 1.4541e+03  48204.142    290.011 1621967506      -0.91     -0.555   40.86166  -72.19330 0.0000e+00
     11.895    11.8433    30.7374  1023.3633     2.6924     6.7095    110.178    0.03072    6.08972    6.08680      8.018     0.3898   11.07553   3.553838 1.1126e+01    23.3094    23.3091 1.6433e+02     12.000          1       6970    1491.39 1.4929e+03  48125.881    290.387 1621967506      -0.83     -0.891   40.86166  -72.19330 0.0000e+00
     11.389    12.1447    30.7097  1023.2844     2.6892     6.6392    109.141    0.01896    6.08314    6.08015      8.019     0.3533   11.06466   3.578652 9.8142e+00    23.2328    23.2326 1.8142e+02     11.500          1       6982    1492.39 1.8548e+03  48046.452    290.859 1621967507      -0.34     -1.159   40.86166  -72.19329 0.0000e+00
     10.915    12.8863    30.6690  1023.1114     2.6780     6.4902    106.801   -0.00532    6.07689    6.07383      8.019     0.2816   11.05426   3.635668 1.2484e+01    23.0622    23.0619 1.9620e+02     11.000          1       7010    1494.86 1.6271e+03  47889.746    292.028 1621967508       0.57     -0.733   40.86166  -72.19328 0.0000e+00
     10.427    12.9832    30.6659  1023.0883     2.6674     6.4280    105.950   -0.00957    6.06700    6.06383      8.018     0.2563   11.03780   3.642519 9.0538e+00    23.0413    23.0410 1.8979e+02     10.500          1       7038    1495.18 2.0907e+03  47873.883    293.214 1621967509      -0.17     -0.293   40.86166  -72.19328 0.0000e+00
      9.921    13.0549    30.6699  1023.0752     2.6646     6.4233    105.931   -0.00783    6.06362    6.06042      8.018     0.2435   11.03207   3.648393 1.0433e+01    23.0305    23.0303 2.2113e+02     10.000          1       7053    1495.42 2.1180e+03  47869.515    293.833 1621967510      -0.43     -0.531   40.86166  -72.19328 0.0000e+00
      9.426    13.0833    30.6704  1023.0679     2.6626     6.4219    106.006   -0.00542    6.05804    6.05478      8.017     0.2531   11.02289   3.650660 1.2696e+01    23.0254    23.0251 2.7669e+02      9.500          1       7068    1495.50 2.1793e+03  47867.542    294.465 1621967510      -0.21     -0.744   40.86166  -72.19328 0.0000e+00
