CalculateIndicators/WaterTemperature/Data/CTD_NYOS/20210521_C02.cnv
* Sea-Bird SBE 9 Data File:
* FileName = C:\Seabird 9 CTD\Data\2021\202105_offshore\20210521_C02.hex
* Software Version Seasave V 7.23.2
* Temperature SN = 4590
* Conductivity SN = 3228
* Number of Bytes Per Scan = 44
* Number of Voltage Words = 5
* Number of Scans Averaged by the Deck Unit = 1
* NMEA Latitude = 40 06.37 N
* NMEA Longitude = 073 38.84 W
* NMEA UTC (Time) = May 21 2021  07:21:23
* NMEA baud rate = 4800
** Ship: seawolf
** Station: 7.2
** Operator: sjw
# nquan = 31
# nvalues = 140                         
# units = specified
# name 0 = depSM: Depth [salt water, m]
# name 1 = t090C: Temperature [ITS-90, deg C]
# name 2 = sal00: Salinity, Practical [PSU]
# name 3 = density00: Density [density, kg/m^3]
# name 4 = sbeox0V: Oxygen raw, SBE 43 [V]
# name 5 = sbeox0ML/L: Oxygen, SBE 43 [ml/l]
# name 6 = sbeox0PS: Oxygen, SBE 43 [% saturation]
# name 7 = sbox0dV/dT: Oxygen, SBE 43 [dov/dt]
# name 8 = oxsolML/L: Oxygen Saturation, Garcia & Gordon [ml/l]
# name 9 = oxsatML/L: Oxygen Saturation, Weiss [ml/l]
# name 10 = ph: pH
# name 11 = flECO-AFL: Fluorescence, WET Labs ECO-AFL/FL [mg/m^3]
# name 12 = n2satML/L: Nitrogen Saturation [ml/l]
# name 13 = c0S/m: Conductivity [S/m]
# name 14 = cpar: CPAR/Corrected Irradiance [%]
# name 15 = sigma-é00: Density [sigma-theta, kg/m^3]
# name 16 = sigma-t00: Density [sigma-t, kg/m^3 ]
# name 17 = par: PAR/Irradiance, Biospherical/Licor
# name 18 = prDM: Pressure, Digiquartz [db]
# name 19 = pumps: Pump Status
# name 20 = scan: Scan Count
# name 21 = svCM: Sound Velocity [Chen-Millero, m/s]
# name 22 = spar: SPAR, Biospherical/Licor
# name 23 = specc: Specific Conductance [uS/cm]
# name 24 = timeS: Time, Elapsed [seconds]
# name 25 = timeY: Time, System [seconds]
# name 26 = accM: Acceleration [m/s^2]
# name 27 = dz/dtM: Descent Rate [m/s]
# name 28 = latitude: Latitude [deg]
# name 29 = longitude: Longitude [deg]
# name 30 = flag: flag
# span 0 =      1.972,     36.725       
# span 1 =     7.9634,    14.8188       
# span 2 =    31.1470,    33.1491       
# span 3 =  1023.0670,  1025.9950       
# span 4 =     2.0167,     2.9187       
# span 5 =     5.0639,     7.3715       
# span 6 =     75.784,    121.078       
# span 7 =   -0.05187,    0.04589       
# span 8 =    5.84933,    6.68414       
# span 9 =    5.84411,    6.69110       
# span 10 =      7.866,      8.173      
# span 11 =     0.1845,     1.2205      
# span 12 =   10.67071,   12.03086      
# span 13 =   3.446219,   3.852361      
# span 14 = -3.411e+04, 1.0227e+05      
# span 15 =    23.0537,    25.8261      
# span 16 =    23.0536,    25.8256      
# span 17 = 1.0000e-12, 1.0000e-12      
# span 18 =      2.000,     37.000      
# span 19 =          1,          1      
# span 20 =        119,       8567      
# span 21 =    1480.64,    1501.71      
# span 22 = -4.486e-02, 2.6483e+00      
# span 23 =  48348.911,  52279.258      
# span 24 =      4.922,    356.925      
# span 25 = 1621581690, 1621582041      
# span 26 =      -0.66,       0.74      
# span 27 =     -0.972,      0.829      
# span 28 =   40.10620,   40.10630      
# span 29 =  -73.64758,  -73.64740      
# span 30 = 0.0000e+00, 0.0000e+00      
# interval = decibars: 0.5              
# start_time = May 21 2021 07:21:24 [System UTC, first data scan.]
# bad_flag = -9.990e-29
*END*
      1.972    14.8177    31.1678  1023.0670     2.8099     6.6252    113.257    0.00024    5.84971    5.84450 -9.990e-29     0.3050   10.67136   3.852022 5.0640e-11    23.0582    23.0581 -9.990e-29      2.000          1        119    1501.67 -9.990e-29  48366.678      4.922 1621581690       0.56     -0.881   40.10620  -73.64740 0.0000e+00
      2.471    14.8173    31.1680  1023.0695     2.8098     6.6256    113.269    0.00052    5.84946    5.84424 -9.990e-29     0.3160   10.67092   3.852073 5.0640e-11    23.0585    23.0584 -9.990e-29      2.500          1        157    1501.67 -9.990e-29  48367.399      6.510 1621581690       0.55      0.036   40.10620  -73.64740 0.0000e+00
      2.985    14.8181    31.1684  1023.0719     2.8103     6.6262    113.281    0.00031    5.84933    5.84411 -9.990e-29     0.3274   10.67071   3.852205 5.0640e-11    23.0586    23.0585 -9.990e-29      3.000          1        176    1501.69 -9.990e-29  48368.091      7.307 1621581691       0.38      0.402   40.10620  -73.64740 0.0000e+00
      3.482    14.8187    31.1684  1023.0741     2.8106     6.6305    113.352    0.00104    5.84944    5.84423      8.161     0.3354   10.67090   3.852270 5.0640e-11    23.0585    23.0584 1.0000e-12      3.500          1        287    1501.69 -9.990e-29  48368.308     11.936 1621581696       0.15      0.462   40.10621  -73.64740 0.0000e+00
      3.955    14.8185    31.1684  1023.0763     2.8087     6.6196    113.134   -0.00125    5.85111    5.84591      8.161     0.3106   10.67366   3.852280 -9.990e-29    23.0586    23.0585 1.0000e-12      4.000          1        406    1501.70 -9.990e-29  48368.634     16.855 1621581701      -0.13      0.122   40.10622  -73.64740 0.0000e+00
      4.461    14.8188    31.1688  1023.0788     2.8098     6.6323    113.264   -0.00027    5.85563    5.85048      8.162     0.3237   10.68116   3.852361 -9.990e-29    23.0588    23.0587 1.0000e-12      4.500          1        412    1501.71 -9.990e-29  48369.376     17.145 1621581701       0.50      0.328   40.10622  -73.64740 0.0000e+00
      4.969    14.8164    31.1686  1023.0814     2.8113     6.6555    113.456    0.00126    5.86615    5.86111      8.163     0.3409   10.69873   3.852104 -9.990e-29    23.0592    23.0590 1.0000e-12      5.000          1        426    1501.71 -9.990e-29  48369.507     17.727 1621581702       0.47      0.633   40.10622  -73.64740 0.0000e+00
      5.465    14.8127    31.1694  1023.0850     2.8125     6.6975    113.611    0.00206    5.89514    5.89041      8.164     0.3441   10.74685   3.851895 -9.990e-29    23.0606    23.0605 1.0000e-12      5.500          1        446    1501.71 -9.990e-29  48371.391     18.543 1621581702      -0.07      0.755   40.10622  -73.64740 0.0000e+00
      5.956    14.7259    31.1679  1023.1043     2.8227     6.8280    114.451    0.00519    5.96558    5.96162      8.169     0.3433   10.86375   3.842955 -9.990e-29    23.0777    23.0775 1.0000e-12      6.000          1        485    1501.43 -9.990e-29  48378.335     20.164 1621581704      -0.19      0.371   40.10622  -73.64740 0.0000e+00
      6.448    14.0220    31.1634  1023.2485     2.8911     7.2556    119.890    0.03139    6.05169    6.04890      8.173     0.3564   11.00279   3.776532 -9.990e-29    23.2196    23.2194 1.0000e-12      6.500          1        549    1499.15 -9.990e-29  48446.772     22.826 1621581707      -0.00      0.160   40.10622  -73.64740 0.0000e+00
      6.936    13.3005    31.2590  1023.4694     2.9187     7.3715    121.078    0.02752    6.08830    6.08613      8.126     0.3786   11.06034   3.726444 -9.990e-29    23.4382    23.4381 1.0000e-12      7.000          1        587    1496.89 -9.990e-29  48665.711     24.427 1621581708       0.23      0.261   40.10622  -73.64742 0.0000e+00
      7.441    13.3440    31.4115  1023.5808     2.8865     7.0867    116.306   -0.01567    6.09313    6.09103      8.113     0.4030   11.06806   3.745004 5.0640e-11    23.5473    23.5471 1.0000e-12      7.500          1        603    1497.22 1.9747e+00  48872.018     25.064 1621581709       0.37      0.487   40.10622  -73.64742 0.0000e+00
      7.943    13.0690    31.5328  1023.7308     2.8545     6.8912    113.060   -0.03829    6.09515    6.09309      8.101     0.3929   11.07118   3.731911 5.0640e-11    23.6950    23.6948 1.0000e-12      8.000          1        618    1496.45 1.9747e+00  49077.614     25.708 1621581710       0.24      0.692   40.10622  -73.64742 0.0000e+00
      8.439    12.8631    31.6164  1023.8377     2.8087     6.6926    109.872   -0.05098    6.09133    6.08921      8.094     0.3956   11.06514   3.723891 5.0640e-11    23.7997    23.7995 1.0000e-12      8.500          1        637    1495.87 1.9747e+00  49219.949     26.502 1621581710      -0.09      0.732   40.10622  -73.64742 0.0000e+00
      8.935    12.6618    31.8012  1024.0218     2.7520     6.5760    107.449   -0.04655    6.12024    6.11858      8.083     0.4155   11.11127   3.725717 5.0640e-11    23.9815    23.9813 1.0000e-12      9.000          1        670    1495.41 1.9747e+00  49506.454     27.883 1621581712      -0.20      0.465   40.10622  -73.64742 0.0000e+00
      9.414    12.4947    31.9255  1024.1521     2.6471     6.4184    103.281   -0.03463    6.21396    6.21365      8.033     0.2822   11.26333   3.724478 9.8638e+04    24.1096    24.1094 1.0000e-12      9.500          1        744    1495.00 2.6878e-02  49702.635     30.943 1621581715       0.17      0.048   40.10622  -73.64742 0.0000e+00
      9.919    12.1478    32.0893  1024.3468     2.6306     6.3487    102.315   -0.03663    6.20511    6.20466      8.036     0.3163   11.24909   3.707898 7.4885e+04    24.3020    24.3017 1.0000e-12     10.000          1        757    1494.02 4.9593e-01  49981.430     31.492 1621581715       0.42      0.379   40.10622  -73.64742 0.0000e+00
     10.424    11.8674    32.1580  1024.4545     2.6164     6.3482    102.181   -0.02951    6.21271    6.21236      8.036     0.3943   11.26169   3.690602 2.6836e+03    24.4073    24.4071 1.0000e-12     10.500          1        772    1493.15 1.9217e+00  50118.880     32.142 1621581716       0.31      0.633   40.10622  -73.64742 0.0000e+00
     10.922    11.7130    32.2118  1024.5269     2.6020     6.3801    102.219   -0.02047    6.24160    6.24161      8.036     0.3639   11.30946   3.683392 5.0640e-11    24.4775    24.4773 1.0000e-12     11.000          1        795    1492.68 1.9747e+00  50217.976     33.069 1621581717      -0.12      0.664   40.10622  -73.64742 0.0000e+00
     11.403    11.5390    32.2329  1024.5772     2.5663     6.3712    101.040   -0.01429    6.30551    6.30632      8.029     0.3400   11.41557   3.670062 5.0640e-11    24.5256    24.5253 1.0000e-12     11.500          1        852    1492.11 1.9747e+00  50274.659     35.469 1621581719      -0.10      0.108   40.10622  -73.64742 0.0000e+00
     11.905    11.2240    32.2234  1024.6287     2.5570     6.3584    100.803   -0.01168    6.30783    6.30866      8.029     0.3733   11.41948   3.638868 5.0640e-11    24.5747    24.5744 1.0000e-12     12.000          1        877    1491.01 1.9747e+00  50310.836     36.504 1621581720       0.39      0.324   40.10622  -73.64742 0.0000e+00
     12.409    11.0151    32.2215  1024.6665     2.5532     6.3841    100.984   -0.00744    6.32184    6.32285      8.029     0.3739   11.44276   3.621918 5.0640e-11    24.6102    24.6099 1.0000e-12     12.500          1        894    1490.28 1.9747e+00  50343.059     37.226 1621581721       0.27      0.588   40.10622  -73.64742 0.0000e+00
     12.902    10.9592    32.2161  1024.6744     2.5467     6.3803    100.810   -0.00585    6.32901    6.33011      8.028     0.3968   11.45462   3.617385 5.0640e-11    24.6158    24.6156 1.0000e-12     13.000          1        919    1490.09 1.9747e+00  50344.994     38.230 1621581722      -0.15      0.602   40.10622  -73.64742 0.0000e+00
     13.395    10.8897    32.2077  1024.6823     2.5379     6.3553    100.277   -0.00724    6.33769    6.33891      8.026     0.3897   11.46898   3.610080 5.0640e-11    24.6214    24.6211 1.0000e-12     13.500          1        947    1489.84 1.9747e+00  50344.712     39.419 1621581723      -0.05      0.421   40.10622  -73.64742 0.0000e+00
     13.893    10.7363    32.2026  1024.7072     2.5288     6.3196     99.921   -0.00606    6.32455    6.32566      8.024     0.3925   11.44636   3.596748 5.0640e-11    24.6441    24.6438 1.0000e-12     14.000          1        988    1489.30 1.9747e+00  50363.884     41.115 1621581725      -0.07      0.313   40.10622  -73.64742 0.0000e+00
     14.381    10.6073    32.2129  1024.7397     2.5297     6.2714    100.493    0.00152    6.24064    6.24085      8.020     0.4260   11.30482   3.587027 5.0640e-11    24.6744    24.6741 1.0000e-12     14.500          1       1044    1488.86 1.9747e+00  50400.808     43.455 1621581727       0.26      0.156   40.10622  -73.64742 0.0000e+00
     14.880    10.6212    32.2560  1024.7732     2.5428     6.3385    101.803    0.01013    6.22629    6.22634      8.018     0.3824   11.28073   3.594587 7.6085e+02    24.7055    24.7052 1.0000e-12     15.000          1       1063    1488.97 1.9597e+00  50459.405     44.249 1621581728       0.30      0.438   40.10622  -73.64744 0.0000e+00
     15.378    10.7854    32.3293  1024.8041     2.5520     6.3897    102.588    0.01434    6.22848    6.22855      8.018     0.3948   11.28450   3.619462 9.4231e+04    24.7343    24.7339 1.0000e-12     15.500          1       1079    1489.65 1.1391e-01  50534.169     44.930 1621581729       0.21      0.609   40.10622  -73.64744 0.0000e+00
     15.876    11.0139    32.3979  1024.8198     2.5537     6.3855    102.498    0.01208    6.22991    6.23000      8.018     0.4321   11.28695   3.645665 1.0021e+05    24.7478    24.7474 1.0000e-12     16.000          1       1094    1490.55 -4.171e-03  50592.265     45.538 1621581729       0.17      0.722   40.10622  -73.64744 0.0000e+00
     16.381    11.1989    32.4644  1024.8409     2.5520     6.3424    101.842    0.00497    6.22772    6.22780      8.018     0.3975   11.28310   3.671343 9.9999e+04    24.7666    24.7663 1.0000e-12     16.500          1       1109    1491.29 0.0000e+00  50657.275     46.159 1621581730       0.08      0.801   40.10622  -73.64744 0.0000e+00
     16.874    11.3872    32.5291  1024.8597     2.5447     6.3084    100.900   -0.00304    6.25220    6.25259      8.017     0.3650   11.32352   3.691345 -2.898e+03    24.7833    24.7829 1.0000e-12     17.000          1       1154    1492.03 2.0319e+00  50716.653     48.037 1621581732      -0.02      0.467   40.10622  -73.64744 0.0000e+00
     17.362    11.3098    32.5327  1024.8787     2.5326     6.3316    100.231   -0.00521    6.31695    6.31817      8.016     0.3825   11.43089   3.684273 5.0640e-11    24.8000    24.7996 1.0000e-12     17.500          1       1209    1491.78 1.9747e+00  50734.553     50.342 1621581734       0.46      0.310   40.10622  -73.64744 0.0000e+00
     17.864    11.2787    32.5502  1024.9001     2.5244     6.3343     99.654   -0.00807    6.35631    6.35807      8.017     0.3965   11.49577   3.683407 5.0640e-11    24.8192    24.8188 1.0000e-12     18.000          1       1227    1491.69 1.9747e+00  50764.507     51.090 1621581735       0.25      0.583   40.10622  -73.64744 0.0000e+00
     18.361    11.1495    32.5447  1024.9212     2.5115     6.2828     98.681   -0.01238    6.36673    6.36867      8.017     0.4245   11.51234   3.669339 5.0640e-11    24.8380    24.8376 1.0000e-12     18.500          1       1248    1491.24 1.9747e+00  50777.853     51.964 1621581736      -0.06      0.640   40.10622  -73.64744 0.0000e+00
     18.851    10.8321    32.5302  1024.9681     2.5011     6.2504     98.195   -0.01219    6.36525    6.36719      8.015     0.4830   11.50963   3.637869 5.0640e-11    24.8825    24.8821 1.0000e-12     19.000          1       1275    1490.11 1.9747e+00  50811.311     53.063 1621581737      -0.12      0.499   40.10622  -73.64744 0.0000e+00
     19.343    10.4333    32.5407  1025.0476     2.4990     6.2792     98.641   -0.00562    6.36571    6.36766      8.013     0.5167   11.51041   3.603788 5.0640e-11    24.9596    24.9592 1.0000e-12     19.500          1       1297    1488.72 1.9747e+00  50895.865     54.014 1621581738       0.07      0.461   40.10622  -73.64744 0.0000e+00
     19.847    10.3249    32.5879  1025.1051     2.4990     6.3025     98.965   -0.00176    6.36840    6.37039      8.013     0.5250   11.51484   3.600213 -9.990e-29    25.0148    25.0145 1.0000e-12     20.000          1       1314    1488.40 -9.990e-29  50982.051     54.704 1621581739       0.21      0.576   40.10622  -73.64744 0.0000e+00
     20.350    10.3328    32.6203  1025.1313     2.4964     6.3099     98.888   -0.00150    6.38091    6.38308      8.013     0.5154   11.53544   3.604188 -9.990e-29    25.0387    25.0383 1.0000e-12     20.500          1       1339    1488.47 -9.990e-29  51026.331     55.733 1621581740      -0.03      0.591   40.10622  -73.64744 0.0000e+00
     20.824    10.2841    32.6312  1025.1503     2.4796     6.2704     97.562   -0.00841    6.42713    6.42998      8.009     0.6708   11.61110   3.601040 -9.990e-29    25.0555    25.0551 1.0000e-12     21.000          1       1402    1488.32 -9.990e-29  51050.709     58.381 1621581742       0.27      0.027   40.10624  -73.64744 0.0000e+00
     21.335    10.2008    32.6305  1025.1661     2.4720     6.2426     97.035   -0.01031    6.43335    6.43631      8.006     0.7131   11.62103   3.592247 -9.990e-29    25.0690    25.0686 1.0000e-12     21.500          1       1416    1488.03 -9.990e-29  51065.419     58.940 1621581743       0.50      0.412   40.10624  -73.64744 0.0000e+00
     21.837    10.0664    32.6478  1025.2045     2.4637     6.2222     96.549   -0.01143    6.44467    6.44780      8.003     0.7259   11.63950   3.582860 -9.990e-29    25.1050    25.1046 1.0000e-12     22.000          1       1433    1487.57 -9.990e-29  51114.611     59.661 1621581744       0.19      0.667   40.10624  -73.64744 0.0000e+00
     22.326     9.9233    32.6945  1025.2670     2.4495     6.1918     95.829   -0.01197    6.46129    6.46467      7.999     0.6033   11.66678   3.574733 -9.990e-29    25.1653    25.1649 1.0000e-12     22.500          1       1460    1487.12 -9.990e-29  51208.005     60.797 1621581745      -0.23      0.555   40.10624  -73.64744 0.0000e+00
     22.815     9.8186    32.7339  1025.3173     2.4352     6.1598     95.035   -0.01332    6.48167    6.48530      7.997     0.6613   11.70081   3.569268 -9.990e-29    25.2133    25.2129 1.0000e-12     23.000          1       1487    1486.79 -9.990e-29  51283.732     61.901 1621581746       0.06      0.384   40.10624  -73.64744 0.0000e+00
     23.324     9.7281    32.7591  1025.3542     2.4265     6.1974     94.770   -0.01226    6.53938    6.54381      7.996     0.6851   11.79643   3.563221 5.0640e-11    25.2478    25.2474 1.0000e-12     23.500          1       1504    1486.50 1.9747e+00  51337.152     62.645 1621581747       0.23      0.541   40.10624  -73.64744 0.0000e+00
     23.817     9.6086    32.7776  1025.3905     2.4037     6.1406     93.313   -0.01650    6.58084    6.58587      7.983     0.8716   11.86487   3.554851 5.0640e-11    25.2817    25.2813 1.0000e-12     24.000          1       1530    1486.10 1.9747e+00  51387.082     63.718 1621581748      -0.14      0.561   40.10624  -73.64744 0.0000e+00
     24.307     9.3807    32.7471  1025.4056     2.3599     5.9529     89.977   -0.02987    6.61593    6.62148      7.956     1.0126   11.92271   3.528401 5.0640e-11    25.2945    25.2941 1.0000e-12     24.500          1       1562    1485.24 1.9747e+00  51389.741     65.032 1621581749      -0.03      0.365   40.10624  -73.64744 0.0000e+00
