CalculateIndicators/WaterTemperature/Data/CTD_NYOS/20210324_C23.cnv
* Sea-Bird SBE 9 Data File:
* FileName = C:\Seabird 9 CTD\Data\2021\202103_offshore\20210324_C23.hex
* Software Version Seasave V 7.23.2
* Temperature SN = 4590
* Conductivity SN = 3228
* Number of Bytes Per Scan = 44
* Number of Voltage Words = 5
* Number of Scans Averaged by the Deck Unit = 1
* NMEA Latitude = 39 14.27 N
* NMEA Longitude = 072 17.73 W
* NMEA UTC (Time) = Mar 24 2021  07:34:23
* NMEA baud rate = 4800
** Ship: RV Seawolf
** Station: 4.6
** Operator: TDK
# nquan = 31
# nvalues = 601                         
# units = specified
# name 0 = depSM: Depth [salt water, m]
# name 1 = t090C: Temperature [ITS-90, deg C]
# name 2 = sal00: Salinity, Practical [PSU]
# name 3 = density00: Density [density, kg/m^3]
# name 4 = sbeox0V: Oxygen raw, SBE 43 [V]
# name 5 = sbeox0ML/L: Oxygen, SBE 43 [ml/l]
# name 6 = sbeox0PS: Oxygen, SBE 43 [% saturation]
# name 7 = sbox0dV/dT: Oxygen, SBE 43 [dov/dt]
# name 8 = oxsolML/L: Oxygen Saturation, Garcia & Gordon [ml/l]
# name 9 = oxsatML/L: Oxygen Saturation, Weiss [ml/l]
# name 10 = ph: pH
# name 11 = flECO-AFL: Fluorescence, WET Labs ECO-AFL/FL [mg/m^3]
# name 12 = n2satML/L: Nitrogen Saturation [ml/l]
# name 13 = c0S/m: Conductivity [S/m]
# name 14 = cpar: CPAR/Corrected Irradiance [%]
# name 15 = sigma-é00: Density [sigma-theta, kg/m^3]
# name 16 = sigma-t00: Density [sigma-t, kg/m^3 ]
# name 17 = par: PAR/Irradiance, Biospherical/Licor
# name 18 = prDM: Pressure, Digiquartz [db]
# name 19 = pumps: Pump Status
# name 20 = scan: Scan Count
# name 21 = svCM: Sound Velocity [Chen-Millero, m/s]
# name 22 = spar: SPAR, Biospherical/Licor
# name 23 = specc: Specific Conductance [uS/cm]
# name 24 = timeS: Time, Elapsed [seconds]
# name 25 = timeY: Time, System [seconds]
# name 26 = accM: Acceleration [m/s^2]
# name 27 = dz/dtM: Descent Rate [m/s]
# name 28 = latitude: Latitude [deg]
# name 29 = longitude: Longitude [deg]
# name 30 = flag: flag
# span 0 =      2.939,    300.494       
# span 1 =    10.4038,    14.2772       
# span 2 =    35.3588,    35.7264       
# span 3 =  1026.6164,  1028.5256       
# span 4 =     1.4079,     2.6170       
# span 5 =     2.8811,     5.9814       
# span 6 =     46.803,    104.017       
# span 7 =   -0.03306,    0.02114       
# span 8 =    5.75336,    6.24580       
# span 9 =    5.74976,    6.24855       
# span 10 =      8.334,      8.630      
# span 11 =    -0.0765,     2.5135      
# span 12 =   10.46285,   11.28020      
# span 13 =   3.896255,   4.287611      
# span 14 = -1.513e+04, 1.0299e+05      
# span 15 =    26.6025,    27.1684      
# span 16 =    26.6022,    27.1620      
# span 17 = 1.0000e-12, 1.0000e-12      
# span 18 =      3.000,    303.000      
# span 19 =          1,          1      
# span 20 =        160,      65838      
# span 21 =    1496.66,    1505.93      
# span 22 = -5.907e-02, 2.2736e+00      
# span 23 =  54570.078,  55023.201      
# span 24 =      6.630,   2743.212      
# span 25 = 1616571270, 1616574007      
# span 26 =      -1.05,       1.06      
# span 27 =     -1.822,      1.713      
# span 28 =   39.23516,   39.23796      
# span 29 =  -72.31403,  -72.29565      
# span 30 = 0.0000e+00, 0.0000e+00      
# interval = decibars: 1                
# start_time = Mar 24 2021 07:34:24 [System UTC, first data scan.]
# bad_flag = -9.990e-29
*END*
[from data line 234]
    235.076    12.0171    35.5491  1028.0726     1.4800     3.0223     50.126   -0.00058    6.02906    6.02894      8.377    -0.0630   10.91976   4.067957 5.0640e-11    27.0185    27.0125 1.0000e-12    237.000          1      22651    1501.45 1.9747e+00  54949.039    943.747 1616572208      -0.05      0.891   39.23698  -72.30196 0.0000e+00
    236.054    11.9532    35.5396  1028.0822     1.4772     3.0170     49.988   -0.00087    6.04125    6.04129      8.375    -0.0583   10.94006   4.060710 5.0640e-11    27.0234    27.0174 1.0000e-12    238.000          1      22812    1501.24 1.9747e+00  54947.142    950.456 1616572214       0.45      0.829   39.23696  -72.30200 0.0000e+00
    237.054    11.9357    35.5380  1028.0889     1.4763     3.0130     49.948   -0.00080    6.04060    6.04063      8.375    -0.0632   10.93898   4.058963 5.0640e-11    27.0255    27.0195 1.0000e-12    239.000          1      22832    1501.20 1.9747e+00  54948.610    951.278 1616572215       0.13      1.088   39.23696  -72.30200 0.0000e+00
    238.050    11.9192    35.5362  1028.0952     1.4754     3.0166     49.903   -0.00074    6.03966    6.03968      8.375    -0.0521   10.93742   4.057404 5.0640e-11    27.0273    27.0212 1.0000e-12    240.000          1      22885    1501.15 1.9747e+00  54949.473    953.510 1616572218      -0.11      0.919   39.23696  -72.30203 0.0000e+00
    239.040    11.9143    35.5345  1028.0994     1.4744     3.0155     49.910   -0.00031    6.04226    6.04230      8.375    -0.0524   10.94174   4.056864 5.0640e-11    27.0269    27.0209 1.0000e-12    241.000          1      23043    1501.15 1.9747e+00  54948.610    960.086 1616572224       1.06      1.033   39.23696  -72.30208 0.0000e+00
    240.043    11.9085    35.5337  1028.1044     1.4744     3.0165     49.904   -0.00033    6.04299    6.04305      8.375    -0.0538   10.94297   4.056306 5.0640e-11    27.0274    27.0214 1.0000e-12    242.000          1      23080    1501.15 1.9747e+00  54949.100    961.613 1616572225       0.07      1.319   39.23696  -72.30208 0.0000e+00
    241.012    11.8910    35.5309  1028.1100     1.4729     3.0126     49.830   -0.00060    6.05154    6.05171      8.375    -0.0683   10.95720   4.054364 5.0640e-11    27.0286    27.0226 1.0000e-12    243.000          1      23257    1501.10 1.9747e+00  54948.774    969.007 1616572233      -0.10      0.505   39.23694  -72.30213 0.0000e+00
    242.007    11.8504    35.5259  1028.1185     1.4714     3.0109     49.753   -0.00062    6.05175    6.05192 -9.990e-29    -0.0654   10.95754   4.049859 5.0640e-11    27.0325    27.0264 1.0000e-12    244.000          1      23317    1500.97 1.9747e+00  54949.422    971.504 1616572235       0.01      0.422   39.23694  -72.30215 0.0000e+00
    243.003    11.8307    35.5223  1028.1241     1.4694     3.0095     49.663   -0.00064    6.05718    6.05742 -9.990e-29    -0.0650   10.96660   4.047464 5.0640e-11    27.0335    27.0274 1.0000e-12    245.000          1      23448    1500.92 1.9747e+00  54948.561    976.974 1616572241       1.05      0.655   39.23694  -72.30220 0.0000e+00
    244.005    11.7911    35.5181  1028.1330     1.4687     3.0082     49.656   -0.00036    6.05885    6.05912      8.370    -0.0558   10.96938   4.043377 5.0640e-11    27.0377    27.0316 1.0000e-12    246.000          1      23499    1500.79 1.9747e+00  54949.913    979.088 1616572243       0.43      0.825   39.23693  -72.30221 0.0000e+00
    244.976    11.7798    35.5162  1028.1382     1.4669     3.0049     49.580   -0.00037    6.06162    6.06192      8.369    -0.0590   10.97399   4.042291 5.0640e-11    27.0385    27.0324 1.0000e-12    247.000          1      23641    1500.77 1.9747e+00  54949.993    984.980 1616572249       0.21      0.195   39.23692  -72.30224 0.0000e+00
    245.968    11.7651    35.5139  1028.1437     1.4658     3.0000     49.521   -0.00043    6.06323    6.06355      8.367    -0.0520   10.97667   4.040519 5.0640e-11    27.0394    27.0333 1.0000e-12    248.000          1      23710    1500.73 1.9747e+00  54949.911    987.894 1616572252       0.67      0.524   39.23692  -72.30226 0.0000e+00
    246.975    11.7501    35.5124  1028.1500     1.4652     3.0029     49.488   -0.00049    6.06359    6.06392      8.367    -0.0625   10.97727   4.039057 5.0640e-11    27.0412    27.0351 1.0000e-12    249.000          1      23761    1500.69 1.9747e+00  54951.112    990.017 1616572254       0.26      0.854   39.23692  -72.30227 0.0000e+00
    247.965    11.7360    35.5105  1028.1557     1.4645     3.0015     49.477   -0.00030    6.06502    6.06536      8.367    -0.0520   10.97965   4.037531 5.0640e-11    27.0424    27.0362 1.0000e-12    250.000          1      23863    1500.66 1.9747e+00  54951.431    994.246 1616572258       0.19      0.847   39.23692  -72.30230 0.0000e+00
    248.948    11.7271    35.5091  1028.1608     1.4644     3.0037     49.541    0.00036    6.06774    6.06811      8.367    -0.0575   10.98416   4.036626 5.0640e-11    27.0430    27.0369 1.0000e-12    251.000          1      23981    1500.65 1.9747e+00  54951.731    999.158 1616572263       0.39      0.730   39.23690  -72.30234 0.0000e+00
    249.939    11.7184    35.5080  1028.1661     1.4637     3.0006     49.478   -0.00002    6.06840    6.06878      8.367    -0.0603   10.98527   4.035753 5.0640e-11    27.0438    27.0377 1.0000e-12    252.000          1      24054    1500.63 1.9747e+00  54952.345   1002.225 1616572266      -0.03      0.555   39.23690  -72.30236 0.0000e+00
    250.927    11.7103    35.5067  1028.1711     1.4625     2.9993     49.411   -0.00023    6.07146    6.07188      8.367    -0.0604   10.99036   4.034889 1.6394e+04    27.0444    27.0382 1.0000e-12    253.000          1      24173    1500.62 1.6510e+00  54952.525   1007.169 1616572271      -0.03      0.417   39.23690  -72.30239 0.0000e+00
    251.917    11.6930    35.5043  1028.1770     1.4611     2.9939     49.320   -0.00055    6.07450    6.07497      8.366    -0.0477   10.99543   4.032911 4.2760e+04    27.0458    27.0396 1.0000e-12    254.000          1      24244    1500.57 1.1303e+00  54952.779   1010.104 1616572274       0.03      0.375   39.23689  -72.30240 0.0000e+00
    252.907    11.6662    35.5008  1028.1840     1.4599     2.9928     49.303   -0.00014    6.07675    6.07724      8.364    -0.0523   10.99916   4.030038 -4.257e+03    27.0481    27.0419 1.0000e-12    255.000          1      24346    1500.49 2.0588e+00  54953.256   1014.393 1616572278       0.11      0.228   39.23688  -72.30243 0.0000e+00
    253.892    11.6593    35.4997  1028.1889     1.4583     2.9819     49.170   -0.00093    6.08045    6.08099      8.363    -0.0597   11.00533   4.029275 5.0640e-11    27.0486    27.0423 1.0000e-12    256.000          1      24444    1500.48 1.9747e+00  54953.467   1018.439 1616572282       0.44      0.573   39.23688  -72.30246 0.0000e+00
    254.898    11.6538    35.4983  1028.1934     1.4572     2.9841     49.067   -0.00142    6.07811    6.07862      8.363    -0.0531   11.00145   4.028495 5.0640e-11    27.0486    27.0423 1.0000e-12    257.000          1      24465    1500.48 1.9747e+00  54953.289   1019.329 1616572283       0.24      0.902   39.23688  -72.30246 0.0000e+00
    255.887    11.5376    35.4844  1028.2095     1.4508     2.9613     48.657   -0.00272    6.09801    6.09877      8.360    -0.0599   11.03455   4.015341 5.0640e-11    27.0596    27.0533 1.0000e-12    258.000          1      24596    1500.08 1.9747e+00  54954.850   1024.773 1616572289       0.00      0.594   39.23688  -72.30249 0.0000e+00
    256.872    11.4580    35.4753  1028.2221     1.4424     2.9370     48.180   -0.00348    6.10926    6.11018      8.356    -0.0533   11.05326   4.006941 5.0640e-11    27.0674    27.0612 1.0000e-12    259.000          1      24682    1499.81 1.9747e+00  54957.136   1028.392 1616572292      -0.03      0.499   39.23688  -72.30252 0.0000e+00
    257.869    11.4086    35.4690  1028.2312     1.4369     2.9346     48.020   -0.00214    6.11098    6.11192      8.356    -0.0614   11.05614   4.001711 5.0640e-11    27.0717    27.0656 1.0000e-12    260.000          1      24754    1499.65 1.9747e+00  54957.991   1031.376 1616572295       0.12      0.482   39.23688  -72.30253 0.0000e+00
    258.859    11.3713    35.4634  1028.2385     1.4314     2.9184     47.786   -0.00178    6.11900    6.12005 -9.990e-29    -0.0534   11.06949   3.997559 5.0640e-11    27.0743    27.0681 1.0000e-12    261.000          1      24865    1499.53 1.9747e+00  54957.545   1036.004 1616572300      -0.06      0.594   39.23687  -72.30256 0.0000e+00
    259.843    11.3233    35.4567  1028.2469     1.4268     2.9181     47.617   -0.00113    6.12155    6.12262      8.351    -0.0658   11.07374   3.992383 5.0640e-11    27.0780    27.0719 1.0000e-12    262.000          1      24961    1499.37 1.9747e+00  54957.596   1040.003 1616572304       0.12      0.176   39.23686  -72.30259 0.0000e+00
    260.839    11.3027    35.4539  1028.2531     1.4254     2.9153     47.602   -0.00060    6.12463    6.12575      8.350    -0.0519   11.07887   3.990355 5.0640e-11    27.0796    27.0735 1.0000e-12    263.000          1      25059    1499.31 1.9747e+00  54957.983   1044.071 1616572308       0.29      0.378   39.23686  -72.30261 0.0000e+00
    261.830    11.2981    35.4526  1028.2574     1.4240     2.9159     47.515   -0.00084    6.12645    6.12759 -9.990e-29    -0.0524   11.08190   3.989750 5.0640e-11    27.0795    27.0733 1.0000e-12    264.000          1      25127    1499.31 1.9747e+00  54957.688   1046.927 1616572311       0.35      0.624   39.23686  -72.30263 0.0000e+00
    262.831    11.2764    35.4506  1028.2645     1.4248     2.9226     47.643    0.00014    6.12734    6.12849      8.351    -0.0563   11.08337   3.987584 5.0640e-11    27.0820    27.0758 1.0000e-12    265.000          1      25197    1499.25 1.9747e+00  54959.478   1049.843 1616572314       0.15      0.675   39.23686  -72.30265 0.0000e+00
    263.814    11.2577    35.4480  1028.2705     1.4234     2.9091     47.499   -0.00087    6.13210    6.13332      8.351    -0.0602   11.09130   3.985534 5.0640e-11    27.0834    27.0772 1.0000e-12    266.000          1      25325    1499.20 1.9747e+00  54959.887   1055.168 1616572319       0.31      0.402   39.23686  -72.30268 0.0000e+00
    264.805    11.2369    35.4450  1028.2766     1.4201     2.9021     47.319   -0.00110    6.13244    6.13365      8.350    -0.0671   11.09186   3.983338 5.0640e-11    27.0850    27.0788 1.0000e-12    267.000          1      25404    1499.14 1.9747e+00  54960.197   1058.444 1616572322       0.23      0.430   39.23685  -72.30270 0.0000e+00
    265.796    11.2349    35.4442  1028.2808     1.4187     2.8994     47.306   -0.00047    6.13281    6.13403      8.348    -0.0590   11.09248   3.983147 5.0640e-11    27.0847    27.0785 1.0000e-12    268.000          1      25488    1499.15 1.9747e+00  54960.059   1061.950 1616572326       0.02      0.469   39.23684  -72.30272 0.0000e+00
    266.782    11.2270    35.4427  1028.2856     1.4159     2.8914     47.156   -0.00079    6.14033    6.14165      8.347    -0.0578   11.10500   3.982245 5.0640e-11    27.0850    27.0788 1.0000e-12    269.000          1      25616    1499.14 1.9747e+00  54960.049   1067.284 1616572331       0.24      0.241   39.23684  -72.30276 0.0000e+00
    267.773    11.1944    35.4386  1028.2931     1.4134     2.8811     46.990   -0.00129    6.14118    6.14251      8.346    -0.0647   11.10641   3.978522 5.0640e-11    27.0879    27.0816 1.0000e-12    270.000          1      25669    1499.04 1.9747e+00  54961.021   1069.515 1616572333       0.26      0.675   39.23684  -72.30278 0.0000e+00
    268.778    11.1543    35.4336  1028.3013     1.4113     2.8839     46.897   -0.00118    6.14623    6.14763      8.346    -0.0531   11.11482   3.974091 5.0640e-11    27.0913    27.0851 1.0000e-12    271.000          1      25740    1498.91 1.9747e+00  54962.021   1072.464 1616572336       0.09      0.726   39.23684  -72.30279 0.0000e+00
    269.750    11.1019    35.4275  1028.3108     1.4079     2.8858     46.803   -0.00063    6.16418    6.16582 -9.990e-29    -0.0572   11.14464   3.968548 5.0640e-11    27.0962    27.0900 1.0000e-12    272.000          1      25878    1498.73 1.9747e+00  54963.987   1078.229 1616572342      -0.12      0.433   39.23684  -72.30282 0.0000e+00
    270.760    11.0313    35.4194  1028.3223     1.4087     2.8940     46.907    0.00018    6.16172    6.16332      8.343    -0.0648   11.14057   3.960557 5.0640e-11    27.1028    27.0966 1.0000e-12    273.000          1      25911    1498.49 1.9747e+00  54966.385   1079.577 1616572343       0.30      0.636   39.23684  -72.30284 0.0000e+00
    271.737    10.9027    35.4056  1028.3401     1.4099     2.9113     47.037    0.00063    6.18596    6.18789      8.343 -9.990e-29   11.18080   3.946875 5.0640e-11    27.1153    27.1092 1.0000e-12    274.000          1      26071    1498.04 1.9747e+00  54972.310   1086.267 1616572350       0.39      0.453   39.23682  -72.30288 0.0000e+00
    272.734    10.8572    35.4008  1028.3494     1.4110     2.9150     47.078    0.00043    6.18706    6.18900      8.343    -0.0517   11.18268   3.942220 5.0640e-11    27.1198    27.1137 1.0000e-12    275.000          1      26125    1497.89 1.9747e+00  54974.899   1088.488 1616572352       0.04      0.494   39.23682  -72.30289 0.0000e+00
    273.724    10.8185    35.3957  1028.3570     1.4122     2.9191     47.125    0.00019    6.18995    6.19193 -9.990e-29    -0.0387   11.18749   3.938189 5.0640e-11    27.1228    27.1167 1.0000e-12    276.000          1      26241    1497.77 1.9747e+00  54975.824   1093.331 1616572357       0.33      0.289   39.23682  -72.30293 0.0000e+00
    274.719    10.7894    35.3925  1028.3645     1.4129     2.9253     47.193    0.00041    6.19329    6.19532 -9.990e-29    -0.0628   11.19305   3.935227 5.0640e-11    27.1256    27.1195 1.0000e-12    277.000          1      26326    1497.68 1.9747e+00  54977.661   1096.856 1616572361       0.14      0.588   39.23682  -72.30295 0.0000e+00
    275.694    10.7838    35.3913  1028.3690     1.4144     2.9308     47.270    0.00035    6.19426    6.19630 -9.990e-29    -0.0676   11.19467   3.934749 5.0640e-11    27.1257    27.1196 1.0000e-12    278.000          1      26415    1497.67 1.9747e+00  54977.720   1100.574 1616572364       0.16      0.139   39.23682  -72.30298 0.0000e+00
    276.703    10.7795    35.3908  1028.3739     1.4151     2.9312     47.318    0.00050    6.19400    6.19604      8.343    -0.0659   11.19424   3.934341 5.0640e-11    27.1261    27.1199 1.0000e-12    279.000          1      26468    1497.67 1.9747e+00  54978.381   1102.780 1616572367       0.10      0.689   39.23680  -72.30300 0.0000e+00
    277.679    10.7779    35.3903  1028.3783     1.4156     2.9350     47.344    0.00026    6.19581    6.19787      8.342    -0.0616   11.19725   3.934267 5.0640e-11    27.1260    27.1199 1.0000e-12    280.000          1      26601    1497.69 1.9747e+00  54978.723   1108.336 1616572372       0.03      0.730   39.23680  -72.30304 0.0000e+00
    278.686    10.7777    35.3902  1028.3828     1.4162     2.9366     47.377    0.00035    6.19534    6.19740      8.342    -0.0474   11.19647   3.934295 5.0640e-11    27.1261    27.1199 1.0000e-12    281.000          1      26624    1497.70 1.9747e+00  54979.299   1109.290 1616572373       0.10      0.899   39.23680  -72.30304 0.0000e+00
    279.678    10.7673    35.3894  1028.3885     1.4178     2.9470     47.507    0.00090    6.19544    6.19750      8.342    -0.0611   11.19664   3.933188 5.0640e-11    27.1272    27.1210 1.0000e-12    282.000          1      26731    1497.68 1.9747e+00  54980.661   1113.758 1616572378      -0.23      0.850   39.23680  -72.30307 0.0000e+00
