CalculateIndicators/WaterTemperature/Data/CTD_NYOS/20210525_C36.cnv
* Sea-Bird SBE 9 Data File:
* FileName = C:\Seabird 9 CTD\Data\2021\202105_offshore\20210525_C36.hex
* Software Version Seasave V 7.23.2
* Temperature SN = 4590
* Conductivity SN = 3228
* Number of Bytes Per Scan = 44
* Number of Voltage Words = 5
* Number of Scans Averaged by the Deck Unit = 1
* NMEA Latitude = 40 42.03 N
* NMEA Longitude = 071 47.25 W
* NMEA UTC (Time) = May 25 2021  23:56:25
* NMEA baud rate = 4800
** Ship: seawolf
** Station: 1.2
** Operator: eih
# nquan = 31
# nvalues = 205                         
# units = specified
# name 0 = depSM: Depth [salt water, m]
# name 1 = t090C: Temperature [ITS-90, deg C]
# name 2 = sal00: Salinity, Practical [PSU]
# name 3 = density00: Density [density, kg/m^3]
# name 4 = sbeox0V: Oxygen raw, SBE 43 [V]
# name 5 = sbeox0ML/L: Oxygen, SBE 43 [ml/l]
# name 6 = sbeox0PS: Oxygen, SBE 43 [% saturation]
# name 7 = sbox0dV/dT: Oxygen, SBE 43 [dov/dt]
# name 8 = oxsolML/L: Oxygen Saturation, Garcia & Gordon [ml/l]
# name 9 = oxsatML/L: Oxygen Saturation, Weiss [ml/l]
# name 10 = ph: pH
# name 11 = flECO-AFL: Fluorescence, WET Labs ECO-AFL/FL [mg/m^3]
# name 12 = n2satML/L: Nitrogen Saturation [ml/l]
# name 13 = c0S/m: Conductivity [S/m]
# name 14 = cpar: CPAR/Corrected Irradiance [%]
# name 15 = sigma-é00: Density [sigma-theta, kg/m^3]
# name 16 = sigma-t00: Density [sigma-t, kg/m^3 ]
# name 17 = par: PAR/Irradiance, Biospherical/Licor
# name 18 = prDM: Pressure, Digiquartz [db]
# name 19 = pumps: Pump Status
# name 20 = scan: Scan Count
# name 21 = svCM: Sound Velocity [Chen-Millero, m/s]
# name 22 = spar: SPAR, Biospherical/Licor
# name 23 = specc: Specific Conductance [uS/cm]
# name 24 = timeS: Time, Elapsed [seconds]
# name 25 = timeY: Time, System [seconds]
# name 26 = accM: Acceleration [m/s^2]
# name 27 = dz/dtM: Descent Rate [m/s]
# name 28 = latitude: Latitude [deg]
# name 29 = longitude: Longitude [deg]
# name 30 = flag: flag
# span 0 =      1.950,     52.600       
# span 1 =     7.0213,    14.9042       
# span 2 =    31.5689,    33.1136       
# span 3 =  1023.3664,  1026.1734       
# span 4 =     2.0252,     2.7007       
# span 5 =     5.2383,     6.7702       
# span 6 =     76.672,    110.529       
# span 7 =   -0.05294,    0.04319       
# span 8 =    5.82480,    6.83214       
# span 9 =    5.81957,    6.84130       
# span 10 =      7.869,      8.061      
# span 11 =     0.1044,     0.4298      
# span 12 =   10.62545,   12.27578      
# span 13 =   3.354900,   3.905663      
# span 14 = -1.244e-03, 3.2581e+01      
# span 15 =    23.3531,    25.9305      
# span 16 =    23.3529,    25.9299      
# span 17 = -4.015e-04, 1.2163e+01      
# span 18 =      2.000,     53.000      
# span 19 =          1,          1      
# span 20 =         11,      13633      
# span 21 =    1477.18,    1502.53      
# span 22 = 1.5779e+01, 3.9653e+01      
# span 23 =  48922.181,  52476.966      
# span 24 =      0.435,    567.987      
# span 25 = 1621986981, 1621987549      
# span 26 =      -0.64,       1.02      
# span 27 =     -0.766,      0.842      
# span 28 =   40.70064,   40.70344      
# span 29 =  -71.78763,  -71.78338      
# span 30 = 0.0000e+00, 0.0000e+00      
# interval = decibars: 0.5              
# start_time = May 25 2021 23:56:21 [System UTC, first data scan.]
# bad_flag = -9.990e-29
*END*
[from data line 188]
      9.917    14.2765    31.5996  1023.5487     2.6358     6.1167    103.682   -0.01786    5.89992    5.89552      8.023     0.1905   10.74976   3.860785 5.9877e+00    23.5043    23.5040 1.0685e+00     10.000          1      12557    1500.55 1.7791e+01  49028.065    523.153 1621987504      -0.04     -0.470   40.70321  -71.78373 0.0000e+00
      9.429    14.5481    31.5847  1023.4784     2.6243     6.0514    103.772   -0.00730    5.83144    5.82627      8.035     0.1919   10.63660   3.876605 6.0657e+00    23.4363    23.4360 1.0779e+00      9.500          1      13239    1501.41 1.7772e+01  48979.126    551.595 1621987533      -0.30     -0.413   40.70336  -71.78350 0.0000e+00
      8.922    14.6730    31.5774  1023.4442     2.6171     6.0220    103.275   -0.00935    5.83100    5.82582      8.036     0.1899   10.63581   3.887977 6.4758e+00    23.4044    23.4041 1.1509e+00      9.000          1      13246    1501.79 1.7773e+01  48955.743    551.867 1621987533      -0.15     -0.605   40.70336  -71.78350 0.0000e+00
      8.438    14.8339    31.5703  1023.4027     2.6062     5.9934    102.864   -0.00738    5.82655    5.82133      8.036     0.1887   10.62845   3.900563 6.6268e+00    23.3650    23.3647 1.1778e+00      8.500          1      13284    1502.29 1.7773e+01  48929.044    553.475 1621987535       0.28     -0.367   40.70336  -71.78349 0.0000e+00
      7.941    14.8438    31.5711  1023.3990     2.6017     5.9939    102.868   -0.00390    5.82679    5.82157      8.038     0.1641   10.62881   3.901325 7.1469e+00    23.3635    23.3632 1.2702e+00      8.000          1      13313    1502.32 1.7773e+01  48929.166    554.679 1621987536      -0.28     -0.321   40.70337  -71.78348 0.0000e+00
      7.436    14.8786    31.5689  1023.3876     2.5997     5.9901    102.798   -0.00345    5.82706    5.82184      8.038     0.1638   10.62925   3.904016 7.6965e+00    23.3544    23.3541 1.3679e+00      7.500          1      13334    1502.42 1.7773e+01  48922.181    555.530 1621987537      -0.15     -0.541   40.70338  -71.78348 0.0000e+00
      6.949    14.8903    31.5705  1023.3841     2.5968     5.9841    102.709   -0.00251    5.82628    5.82105      8.038     0.1668   10.62795   3.904843 8.4004e+00    23.3531    23.3529 1.4930e+00      7.000          1      13364    1502.45 1.7773e+01  48922.940    556.772 1621987538       0.18     -0.467   40.70338  -71.78347 0.0000e+00
      6.452    14.8882    31.5721  1023.3836     2.5969     5.9913    102.827   -0.00075    5.82658    5.82136      8.038     0.1657   10.62845   3.904601 8.9267e+00    23.3548    23.3546 1.5865e+00      6.500          1      13388    1502.44 1.7773e+01  48925.215    557.810 1621987539      -0.12     -0.408   40.70338  -71.78345 0.0000e+00
      5.948    14.8871    31.5728  1023.3821     2.5966     5.9922    102.837   -0.00028    5.82686    5.82164      8.038     0.1850   10.62891   3.904471 9.3530e+00    23.3555    23.3553 1.6623e+00      6.000          1      13410    1502.42 1.7773e+01  48926.042    558.698 1621987540      -0.09     -0.540   40.70339  -71.78344 0.0000e+00
      5.461    14.8928    31.5729  1023.3788     2.5971     5.9951    102.894    0.00026    5.82648    5.82126      8.038     0.1717   10.62827   3.904747 1.0468e+01    23.3544    23.3542 1.8604e+00      5.500          1      13443    1502.44 1.7773e+01  48925.306    560.093 1621987541       0.19     -0.409   40.70340  -71.78344 0.0000e+00
      4.967    14.8881    31.5742  1023.3785     2.5969     5.9952    102.890    0.00041    5.82688    5.82166 -9.990e-29     0.1798   10.62893   3.904290 1.1055e+01    23.3563    23.3562 1.9648e+00      5.000          1      13469    1502.41 1.7773e+01  48927.269    561.156 1621987542      -0.19     -0.367   40.70340  -71.78342 0.0000e+00
      4.455    14.8878    31.5745  1023.3765     2.5963     5.9894    102.781   -0.00063    5.82730    5.82209 -9.990e-29     0.1710   10.62963   3.904247 1.2274e+01    23.3566    23.3565 2.1814e+00      4.500          1      13487    1502.40 1.7773e+01  48927.499    561.930 1621987543      -0.18     -0.558   40.70340  -71.78342 0.0000e+00
      3.977    14.8901    31.5749  1023.3742     2.5961     5.9895    102.789   -0.00024    5.82695    5.82173      8.038     0.1746   10.62904   3.904291 1.3537e+01    23.3564    23.3563 2.3711e+00      4.000          1      13528    1502.40 1.7548e+01  48927.497    563.619 1621987545       0.32     -0.339   40.70342  -71.78340 0.0000e+00
      3.473    14.8837    31.5756  1023.3738     2.5969     5.9947    102.879    0.00057    5.82699    5.82177      8.039     0.1654   10.62910   3.903682 1.6000e+01    23.3583    23.3582 2.5251e+00      3.500          1      13552    1502.38 1.5779e+01  48928.957    564.639 1621987546      -0.33     -0.347   40.70342  -71.78340 0.0000e+00
      2.971    14.8841    31.5758  1023.3717     2.5978     5.9987    102.946    0.00092    5.82700    5.82178      8.038     0.1813   10.62911   3.903732 1.7664e+01    23.3584    23.3583 2.9417e+00      3.000          1      13574    1502.37 1.6690e+01  48928.944    565.524 1621987547      -0.09     -0.561   40.70342  -71.78339 0.0000e+00
      2.484    14.8859    31.5760  1023.3692     2.5981     5.9978    102.933    0.00044    5.82687    5.82165      8.042     0.1915   10.62890   3.903796 1.8549e+01    23.3581    23.3580 3.3013e+00      2.500          1      13605    1502.37 1.7798e+01  48928.679    566.822 1621987548       0.16     -0.425   40.70343  -71.78338 0.0000e+00
      1.950    14.8856    31.5763  1023.3671     2.5973     5.9923    102.837   -0.00035    5.82699    5.82178      8.044     0.1835   10.62911   3.903724 2.4779e+01    23.3584    23.3584 4.4039e+00      2.000          1      13633    1502.36 1.7773e+01  48928.913    567.987 1621987549      -0.22     -0.358   40.70344  -71.78338 0.0000e+00
