CalculateIndicators/WaterTemperature/Data/CTD_NYOS/20210522_C10.cnv
* Sea-Bird SBE 9 Data File:
* FileName = C:\Seabird 9 CTD\Data\2021\202105_offshore\20210522_C10.hex
* Software Version Seasave V 7.23.2
* Temperature SN = 4590
* Conductivity SN = 3228
* Number of Bytes Per Scan = 44
* Number of Voltage Words = 5
* Number of Scans Averaged by the Deck Unit = 1
* NMEA Latitude = 39 49.34 N
* NMEA Longitude = 073 11.51 W
* NMEA UTC (Time) = May 22 2021  13:42:54
* NMEA baud rate = 4800
** Ship: seawolf
** Station: 6.3
** Operator: sjw
# nquan = 31
# nvalues = 159                         
# units = specified
# name 0 = depSM: Depth [salt water, m]
# name 1 = t090C: Temperature [ITS-90, deg C]
# name 2 = sal00: Salinity, Practical [PSU]
# name 3 = density00: Density [density, kg/m^3]
# name 4 = sbeox0V: Oxygen raw, SBE 43 [V]
# name 5 = sbeox0ML/L: Oxygen, SBE 43 [ml/l]
# name 6 = sbeox0PS: Oxygen, SBE 43 [% saturation]
# name 7 = sbox0dV/dT: Oxygen, SBE 43 [dov/dt]
# name 8 = oxsolML/L: Oxygen Saturation, Garcia & Gordon [ml/l]
# name 9 = oxsatML/L: Oxygen Saturation, Weiss [ml/l]
# name 10 = ph: pH
# name 11 = flECO-AFL: Fluorescence, WET Labs ECO-AFL/FL [mg/m^3]
# name 12 = n2satML/L: Nitrogen Saturation [ml/l]
# name 13 = c0S/m: Conductivity [S/m]
# name 14 = cpar: CPAR/Corrected Irradiance [%]
# name 15 = sigma-é00: Density [sigma-theta, kg/m^3]
# name 16 = sigma-t00: Density [sigma-t, kg/m^3 ]
# name 17 = par: PAR/Irradiance, Biospherical/Licor
# name 18 = prDM: Pressure, Digiquartz [db]
# name 19 = pumps: Pump Status
# name 20 = scan: Scan Count
# name 21 = svCM: Sound Velocity [Chen-Millero, m/s]
# name 22 = spar: SPAR, Biospherical/Licor
# name 23 = specc: Specific Conductance [uS/cm]
# name 24 = timeS: Time, Elapsed [seconds]
# name 25 = timeY: Time, System [seconds]
# name 26 = accM: Acceleration [m/s^2]
# name 27 = dz/dtM: Descent Rate [m/s]
# name 28 = latitude: Latitude [deg]
# name 29 = longitude: Longitude [deg]
# name 30 = flag: flag
# span 0 =      1.441,     40.692       
# span 1 =     8.1385,    14.3810       
# span 2 =    31.3726,    33.1633       
# span 3 =  1023.3269,  1025.9987       
# span 4 =     2.1154,     2.6891       
# span 5 =     4.5879,     6.5869       
# span 6 =     78.232,    108.132       
# span 7 =   -0.08742,    0.08109       
# span 8 =    5.85846,    6.65114       
# span 9 =    5.85404,    6.65761       
# span 10 =      7.944,      8.081      
# span 11 =     0.0555,     1.4690      
# span 12 =   10.67260,   11.97632      
# span 13 =   3.463501,   3.944760      
# span 14 = 3.5845e-01, 2.9531e+01      
# span 15 =    23.3204,    25.8118      
# span 16 =    23.3204,    25.8112      
# span 17 = 5.0185e+00, 4.1980e+02      
# span 18 =      1.500,     41.000      
# span 19 =          1,          1      
# span 20 =         93,      10542      
# span 21 =    1481.39,    1501.69      
# span 22 = 1.3788e+03, 2.0594e+03      
# span 23 =  48702.561,  52260.885      
# span 24 =      3.845,    439.188      
# span 25 = 1621690978, 1621691413      
# span 26 =      -0.86,       0.76      
# span 27 =     -1.011,      0.697      
# span 28 =   39.82246,   39.82270      
# span 29 =  -73.19185,  -73.19002      
# span 30 = 0.0000e+00, 0.0000e+00      
# interval = decibars: 0.5              
# start_time = May 22 2021 13:42:54 [System UTC, first data scan.]
# bad_flag = -9.990e-29
*END*
[from data line 47]
     24.805    10.4309    32.7885  1025.2660     2.5794     6.5455    103.074   -0.00050    6.35031    6.35220      8.064     0.2217   11.48294   3.630707 2.2581e+00    25.1532    25.1527 3.3788e+01     25.000          1       2306    1489.10 1.4963e+03  51247.875     96.023 1621691070      -0.13      0.245   39.82248  -73.19140 0.0000e+00
     25.305    10.3934    32.7911  1025.2767     2.5811     6.5591    103.290    0.00106    6.35017    6.35205      8.064     0.2381   11.48272   3.628038 2.1264e+00    25.1617    25.1612 3.1847e+01     25.500          1       2344    1488.98 1.4977e+03  51258.631     97.605 1621691072       0.15      0.313   39.82248  -73.19139 0.0000e+00
     25.797    10.3945    32.7924  1025.2798     2.5821     6.5511    103.333    0.00093    6.33976    6.34156      8.064     0.2613   11.46485   3.628546 2.0187e+00    25.1625    25.1620 3.0196e+01     26.000          1       2403    1488.99 1.4958e+03  51260.444    100.074 1621691074       0.07      0.182   39.82248  -73.19137 0.0000e+00
     26.297    10.4376    32.8235  1025.2989     2.5764     6.5096    102.692   -0.00340    6.33889    6.34068      8.063     0.2856   11.46328   3.636492 1.9447e+00    25.1794    25.1789 2.8985e+01     26.500          1       2440    1489.19 1.4905e+03  51296.844    101.633 1621691076       0.41      0.328   39.82248  -73.19136 0.0000e+00
     26.798    10.4696    32.8462  1025.3134     2.5687     6.4711    101.993   -0.00739    6.34467    6.34654      8.061     0.2617   11.47286   3.641137 1.8398e+00    25.1916    25.1911 2.7349e+01     27.000          1       2463    1489.34 1.4865e+03  51323.213    102.591 1621691077       0.06      0.543   39.82248  -73.19136 0.0000e+00
     27.280    10.4165    32.8580  1025.3339     2.5447     6.4739    100.791   -0.00902    6.42305    6.42597      8.061     0.2076   11.60265   3.636525 1.7725e+00    25.2099    25.2093 2.6122e+01     27.500          1       2537    1489.17 1.4738e+03  51349.469    105.678 1621691080       0.06      0.060   39.82248  -73.19135 0.0000e+00
     27.784    10.2059    32.8553  1025.3700     2.5398     6.4660    100.684   -0.00743    6.42203    6.42494      8.060     0.2311   11.60102   3.615503 1.6673e+00    25.2435    25.2430 2.4517e+01     28.000          1       2562    1488.42 1.4705e+03  51384.780    106.698 1621691081       0.33      0.369   39.82248  -73.19134 0.0000e+00
     28.284     9.9439    32.8504  1025.4124     2.5405     6.5187    101.228   -0.00189    6.43960    6.44274      8.060     0.2182   11.63022   3.592112 1.5696e+00    25.2835    25.2830 2.3011e+01     28.500          1       2596    1487.48 1.4660e+03  51427.320    108.136 1621691082       0.04      0.410   39.82248  -73.19134 0.0000e+00
     28.772     9.7499    32.8356  1025.4353     2.5381     6.5372    101.126   -0.00220    6.46439    6.46785      8.057     0.2251   11.67144   3.573043 1.5129e+00    25.3041    25.3035 2.2023e+01     29.000          1       2662    1486.77 1.4557e+03  51444.153    110.874 1621691085       0.37      0.139   39.82248  -73.19133 0.0000e+00
     29.277     9.6409    32.8251  1025.4473     2.5366     6.5435    101.110   -0.00170    6.47166    6.47523      8.057     0.2565   11.68348   3.563054 1.4323e+00    25.3137    25.3132 2.0769e+01     29.500          1       2684    1486.37 1.4500e+03  51450.945    111.811 1621691086       0.15      0.459   39.82248  -73.19132 0.0000e+00
     29.767     9.5661    32.8176  1025.4559     2.5318     6.5554    100.860   -0.00247    6.49951    6.50349      8.056     0.2513   11.72923   3.555920 1.3624e+00    25.3200    25.3195 1.9605e+01     30.000          1       2734    1486.09 1.4390e+03  51455.469    113.885 1621691088      -0.13      0.248   39.82248  -73.19132 0.0000e+00
     30.262     9.4141    32.8293  1025.4919     2.5231     6.5233    100.244   -0.00484    6.50741    6.51150 -9.990e-29     0.2247   11.74218   3.543083 1.2924e+00    25.3536    25.3531 1.8656e+01     30.500          1       2779    1485.56 1.4434e+03  51502.699    115.739 1621691090       0.18      0.256   39.82248  -73.19130 0.0000e+00
     30.762     9.3066    32.8454  1025.5240     2.5186     6.5135    100.090   -0.00407    6.50761    6.51171 -9.990e-29     0.2472   11.74252   3.535338 1.2265e+00    25.3834    25.3829 1.7680e+01     31.000          1       2805    1485.19 1.4415e+03  51547.673    116.842 1621691091       0.08      0.430   39.82248  -73.19130 0.0000e+00
     31.259     9.2669    32.8513  1025.5372     2.5126     6.4985     99.825   -0.00379    6.50993    6.51406      8.052     0.2857   11.74631   3.532818 1.1544e+00    25.3944    25.3938 1.6599e+01     31.500          1       2847    1485.06 1.4378e+03  51564.480    118.596 1621691093      -0.05      0.328   39.82248  -73.19130 0.0000e+00
     31.748     9.2402    32.8534  1025.5454     2.5012     6.4819     99.310   -0.00381    6.52699    6.53140      8.044     0.2854   11.77409   3.531028 1.0829e+00    25.4002    25.3997 1.5498e+01     32.000          1       2933    1484.98 1.4313e+03  51573.098    122.163 1621691096       0.23      0.121   39.82248  -73.19128 0.0000e+00
     32.248     9.2035    32.8616  1025.5599     2.4894     6.4169     98.286   -0.00877    6.52882    6.53327      8.042     0.3062   11.77693   3.528681 1.0265e+00    25.4125    25.4119 1.4690e+01     32.500          1       2955    1484.86 1.4311e+03  51592.678    123.103 1621691097       0.19      0.388   39.82248  -73.19126 0.0000e+00
     32.750     9.1626    32.8751  1025.5793     2.4777     6.3673     97.475   -0.01151    6.53223    6.53673      8.041     0.3190   11.78252   3.526176 9.7973e-01    25.4296    25.4290 1.3998e+01     33.000          1       2980    1484.73 1.4288e+03  51620.632    124.131 1621691098       0.01      0.495   39.82248  -73.19126 0.0000e+00
     33.240     9.0950    32.9038  1025.6147     2.4623     6.3378     96.925   -0.00931    6.53890    6.54349      8.039     0.3157   11.79358   3.523184 9.4254e-01    25.4626    25.4621 1.3430e+01     33.500          1       3021    1484.53 1.4248e+03  51675.654    125.817 1621691100      -0.12      0.314   39.82248  -73.19126 0.0000e+00
     33.738     9.0593    32.9118  1025.6289     2.4519     6.3167     96.606   -0.00713    6.53859    6.54318      8.036     0.3507   11.79309   3.520663 8.8784e-01    25.4745    25.4740 1.2626e+01     34.000          1       3058    1484.41 1.4221e+03  51694.818    127.389 1621691102       0.08      0.307   39.82248  -73.19126 0.0000e+00
     34.234     9.0068    32.9076  1025.6362     2.4410     6.3180     96.363   -0.00421    6.55647    6.56131      8.033     0.3714   11.82272   3.515645 8.1531e-01    25.4795    25.4789 1.1555e+01     34.500          1       3128    1484.22 1.4172e+03  51700.295    130.297 1621691104       0.17      0.166   39.82248  -73.19125 0.0000e+00
     34.732     8.9239    32.9014  1025.6465     2.4351     6.3126     96.158   -0.00348    6.56483    6.56978      8.028     0.3962   11.83650   3.507547 7.6766e-01    25.4875    25.4869 1.0898e+01     35.000          1       3171    1483.91 1.4196e+03  51709.381    132.083 1621691106       0.13      0.375   39.82248  -73.19124 0.0000e+00
     35.223     8.8809    32.9024  1025.6562     2.4303     6.3202     96.025   -0.00268    6.58184    6.58705      8.028     0.4906   11.86452   3.504151 7.4336e-01    25.4949    25.4944 1.0525e+01     35.500          1       3209    1483.76 1.4158e+03  51720.323    133.671 1621691108      -0.07      0.326   39.82248  -73.19124 0.0000e+00
     35.724     8.8520    32.9055  1025.6655     2.4239     6.2996     95.568   -0.00449    6.59178    6.59714      8.023     0.5054   11.88093   3.501802 7.1867e-01    25.5019    25.5013 1.0122e+01     36.000          1       3240    1483.67 1.4085e+03  51731.405    134.944 1621691109       0.07      0.369   39.82248  -73.19124 0.0000e+00
     36.215     8.7548    32.9129  1025.6886     2.4156     6.2666     95.042   -0.00582    6.59355    6.59893      8.019     0.5177   11.88386   3.493343 6.7598e-01    25.5227    25.5221 9.5181e+00     36.500          1       3275    1483.33 1.4081e+03  51763.189    136.403 1621691111      -0.07      0.362   39.82248  -73.19122 0.0000e+00
     36.716     8.6628    32.9186  1025.7095     2.4117     6.2626     94.992   -0.00421    6.59283    6.59820      8.019     0.4769   11.88270   3.486156 6.2533e-01    25.5412    25.5406 8.7954e+00     37.000          1       3303    1483.00 1.4065e+03  51791.830    137.593 1621691112       0.11      0.375   39.82248  -73.19121 0.0000e+00
     37.213     8.6426    32.9163  1025.7131     2.4069     6.2690     94.931   -0.00252    6.60377    6.60930      8.016     0.5159   11.90072   3.484322 5.7401e-01    25.5425    25.5419 8.1133e+00     37.500          1       3365    1482.93 1.4133e+03  51793.179    140.180 1621691114       0.26      0.246   39.82248  -73.19120 0.0000e+00
     37.715     8.6070    32.9170  1025.7214     2.4022     6.2622     94.695   -0.00280    6.61304    6.61873      8.013     0.5615   11.91573   3.481265 5.4901e-01    25.5485    25.5479 7.7271e+00     38.000          1       3411    1482.80 1.4074e+03  51802.378    142.092 1621691116       0.27      0.422   39.82248  -73.19120 0.0000e+00
     38.196     8.5019    32.9353  1025.7540     2.3824     6.1827     93.309   -0.00766    6.62610    6.63214      7.990     1.3625   11.93557   3.474044 5.3331e-01    25.5787    25.5781 7.4645e+00     38.500          1       3485    1482.44 1.3997e+03  51852.039    145.171 1621691119       0.37      0.104   39.82250  -73.19118 0.0000e+00
     38.700     8.4792    33.0249  1025.8300     2.3601     6.0454     91.213   -0.01840    6.62778    6.63384      7.989     1.2551   11.93836   3.480716 4.9656e-01    25.6524    25.6518 6.9855e+00     39.000          1       3505    1482.48 1.4068e+03  51984.840    145.984 1621691120       0.28      0.459   39.82250  -73.19118 0.0000e+00
     39.196     8.4042    33.0759  1025.8836     2.3230     5.8971     88.893   -0.02370    6.63398    6.64015      7.980     1.4537   11.94836   3.478457 4.6348e-01    25.7037    25.7031 6.5237e+00     39.500          1       3542    1482.26 1.4075e+03  52074.291    147.534 1621691122      -0.09      0.378   39.82250  -73.19116 0.0000e+00
     39.693     8.3325    33.1042  1025.9188     2.2758     5.7542     86.767   -0.02141    6.63176    6.63789      7.973     1.4690   11.94483   3.474671 4.3334e-01    25.7366    25.7360 6.0984e+00     40.000          1       3595    1482.04 1.4073e+03  52131.066    149.731 1621691124       0.19      0.220   39.82248  -73.19116 0.0000e+00
     40.189     8.2496    33.1316  1025.9550     2.2266     5.6499     84.972   -0.01475    6.64909    6.65552      7.957     1.0585   11.97294   3.469818 3.9802e-01    25.7705    25.7699 5.5884e+00     40.500          1       3703    1481.77 1.4040e+03  52189.533    154.267 1621691128       0.26      0.365   39.82250  -73.19114 0.0000e+00
     40.692     8.1385    33.1633  1025.9987     2.1760     5.4951     82.619   -0.01311    6.65114    6.65761      7.945     0.5920   11.97632   3.463501 3.5845e-01    25.8118    25.8112 5.0185e+00     41.000          1       4019    1481.39 1.4001e+03  52260.885    167.407 1621691142      -0.29      0.378   39.82250  -73.19109 0.0000e+00
     40.182     8.1955    33.1422  1025.9714     2.1763     5.5916     84.079    0.00236    6.65040    6.65685      7.944     0.6966   11.97513   3.467044 3.8497e-01    25.7868    25.7862 5.3816e+00     40.500          1       4245    1481.58 1.3979e+03  52217.151    176.830 1621691151      -0.21     -0.139   39.82250  -73.19105 0.0000e+00
     39.683     8.2344    33.1274  1025.9517     2.1853     5.6528     85.149    0.00943    6.63873    6.64496      7.945     0.9918   11.95644   3.469301 4.1983e-01    25.7694    25.7689 5.8453e+00     40.000          1       4989    1481.70 1.3922e+03  52186.637    207.848 1621691182      -0.13     -0.331   39.82251  -73.19093 0.0000e+00
     39.215     8.2918    33.1106  1025.9277     2.2287     5.8069     87.803    0.01574    6.61353    6.61924      7.970     0.9942   11.91652   3.473090 4.4806e-01    25.7477    25.7471 6.2499e+00     39.500          1       5101    1481.89 1.3949e+03  52149.528    212.516 1621691186      -0.55     -0.083   39.82252  -73.19092 0.0000e+00
     38.699     8.3353    33.0897  1025.9025     2.2447     5.8983     89.258    0.02311    6.60814    6.61373      7.967     0.9395   11.90805   3.475054 4.7778e-01    25.7248    25.7243 6.6609e+00     39.000          1       5101    1482.01 1.3942e+03  52109.915    212.498 1621691187      -0.86     -0.455   39.82252  -73.19092 0.0000e+00
     38.191     8.3924    33.0637  1025.8712     2.2623     5.9990     90.808    0.03056    6.60630    6.61185      7.967     0.9303   11.90503   3.478031 5.0611e-01    25.6959    25.6953 7.0560e+00     38.500          1       5111    1482.19 1.3942e+03  52059.926    212.925 1621691187      -0.73     -0.804   39.82252  -73.19092 0.0000e+00
     37.686     8.4587    32.9954  1025.8053     2.2884     6.1259     92.795    0.03834    6.60159    6.60708      7.969     0.9017   11.89725   3.476664 5.3539e-01    25.6324    25.6318 7.4710e+00     38.000          1       5126    1482.34 1.3954e+03  51946.740    213.535 1621691188      -0.10     -1.011   39.82252  -73.19091 0.0000e+00
     37.222     8.5874    32.9052  1025.7129     2.3662     6.2724     95.121    0.02191    6.59408    6.59946      7.991     0.8512   11.88482   3.480277 5.6106e-01    25.5422    25.5416 7.8220e+00     37.500          1       5196    1482.71 1.3942e+03  51789.901    216.453 1621691191      -0.44     -0.026   39.82252  -73.19090 0.0000e+00
     36.704     8.6132    32.9094  1025.7099     2.3704     6.2543     94.861    0.01681    6.59311    6.59847      7.990     0.8640   11.88328   3.482660 6.0398e-01    25.5416    25.5410 8.4198e+00     37.000          1       5210    1482.80 1.3941e+03  51790.164    217.049 1621691191      -0.46     -0.460   39.82252  -73.19088 0.0000e+00
     36.215     8.6406    32.9104  1025.7042     2.3912     6.2485     95.081    0.00856    6.57185    6.57689      7.995     0.6062   11.84826   3.484941 6.4999e-01    25.5382    25.5376 9.0389e+00     36.500          1       5276    1482.89 1.3906e+03  51784.265    219.795 1621691194      -0.34     -0.332   39.82252  -73.19088 0.0000e+00
     35.715     8.6870    32.9019  1025.6882     2.4021     6.2668     95.536    0.00797    6.55962    6.56448      7.997     0.4704   11.82813   3.488798 6.8134e-01    25.5244    25.5239 9.4858e+00     36.000          1       5312    1483.05 1.3922e+03  51762.132    221.276 1621691195      -0.41     -0.502   39.82252  -73.19088 0.0000e+00
     35.224     8.8159    32.8899  1025.6566     2.4104     6.2846     95.840    0.00682    6.55739    6.56223      7.999     0.4254   11.82445   3.499126 7.1797e-01    25.4952    25.4947 9.9727e+00     35.500          1       5343    1483.51 1.3890e+03  51716.787    222.573 1621691197       0.19     -0.502   39.82252  -73.19087 0.0000e+00
     34.727     8.8842    32.8863  1025.6409     2.4193     6.2983     96.089    0.00480    6.55469    6.55949      8.002     0.4142   11.81996   3.504524 7.5663e-01    25.4818    25.4813 1.0534e+01     35.000          1       5390    1483.75 1.3923e+03  51696.527    224.547 1621691199      -0.03     -0.252   39.82252  -73.19086 0.0000e+00
     34.234     8.9055    32.8860  1025.6350     2.4283     6.2996     96.337    0.00301    6.53914    6.54372      8.005     0.3761   11.79415   3.506116 8.1396e-01    25.4783    25.4777 1.1300e+01     34.500          1       5463    1483.82 1.3883e+03  51691.213    227.592 1621691202      -0.27     -0.177   39.82252  -73.19084 0.0000e+00
