CalculateIndicators/WaterTemperature/Data/CTD_NYOS/20210523_C17.cnv
* Sea-Bird SBE 9 Data File:
* FileName = C:\Seabird 9 CTD\Data\2021\202105_offshore\20210523_C17.hex
* Software Version Seasave V 7.23.2
* Temperature SN = 4590
* Conductivity SN = 3228
* Number of Bytes Per Scan = 44
* Number of Voltage Words = 5
* Number of Scans Averaged by the Deck Unit = 1
* NMEA Latitude = 39 19.51 N
* NMEA Longitude = 072 39.85 W
* NMEA UTC (Time) = May 23 2021  10:50:28
* NMEA baud rate = 4800
** Ship: seawolf
** Station: 5.5
** Operator: sjw
# nquan = 31
# nvalues = 449                         
# units = specified
# name 0 = depSM: Depth [salt water, m]
# name 1 = t090C: Temperature [ITS-90, deg C]
# name 2 = sal00: Salinity, Practical [PSU]
# name 3 = density00: Density [density, kg/m^3]
# name 4 = sbeox0V: Oxygen raw, SBE 43 [V]
# name 5 = sbeox0ML/L: Oxygen, SBE 43 [ml/l]
# name 6 = sbeox0PS: Oxygen, SBE 43 [% saturation]
# name 7 = sbox0dV/dT: Oxygen, SBE 43 [dov/dt]
# name 8 = oxsolML/L: Oxygen Saturation, Garcia & Gordon [ml/l]
# name 9 = oxsatML/L: Oxygen Saturation, Weiss [ml/l]
# name 10 = ph: pH
# name 11 = flECO-AFL: Fluorescence, WET Labs ECO-AFL/FL [mg/m^3]
# name 12 = n2satML/L: Nitrogen Saturation [ml/l]
# name 13 = c0S/m: Conductivity [S/m]
# name 14 = cpar: CPAR/Corrected Irradiance [%]
# name 15 = sigma-é00: Density [sigma-theta, kg/m^3]
# name 16 = sigma-t00: Density [sigma-t, kg/m^3 ]
# name 17 = par: PAR/Irradiance, Biospherical/Licor
# name 18 = prDM: Pressure, Digiquartz [db]
# name 19 = pumps: Pump Status
# name 20 = scan: Scan Count
# name 21 = svCM: Sound Velocity [Chen-Millero, m/s]
# name 22 = spar: SPAR, Biospherical/Licor
# name 23 = specc: Specific Conductance [uS/cm]
# name 24 = timeS: Time, Elapsed [seconds]
# name 25 = timeY: Time, System [seconds]
# name 26 = accM: Acceleration [m/s^2]
# name 27 = dz/dtM: Descent Rate [m/s]
# name 28 = latitude: Latitude [deg]
# name 29 = longitude: Longitude [deg]
# name 30 = flag: flag
# span 0 =      0.966,    112.616       
# span 1 =     9.3845,    13.9633       
# span 2 =    29.7775,    35.5489       
# span 3 =  1022.2008,  1027.2387       
# span 4 =     1.9500,     3.8252       
# span 5 =     4.2540,    10.1739       
# span 6 =     72.486,    169.129       
# span 7 =   -0.28803,    0.12953       
# span 8 =    5.79555,    6.46722       
# span 9 =    5.79236,    6.47131       
# span 10 =      7.997,      8.131      
# span 11 =    -0.0875,     0.7242      
# span 12 =   10.53440,   11.66879      
# span 13 =   3.598733,   4.242333      
# span 14 = 7.9137e-14, 1.5980e+01      
# span 15 =    22.1919,    26.7361      
# span 16 =    22.1918,    26.7328      
# span 17 = 1.0000e-12, 1.9779e+02      
# span 18 =      1.000,    113.500      
# span 19 =          1,          1      
# span 20 =        586,      25160      
# span 21 =    1486.29,    1504.90      
# span 22 = 1.0593e+03, 1.4038e+03      
# span 23 =  46523.667,  54644.497      
# span 24 =     24.366,   1048.281      
# span 25 = 1621767051, 1621768075      
# span 26 =      -0.79,       0.62      
# span 27 =     -1.283,      1.115      
# span 28 =   39.32144,   39.32518      
# span 29 =  -72.66426,  -72.66180      
# span 30 = 0.0000e+00, 0.0000e+00      
# interval = decibars: 0.5              
# start_time = May 23 2021 10:50:27 [System UTC, first data scan.]
# bad_flag = -9.990e-29
*END*
      1.979    13.8159    29.7775  1022.2008     2.7567     6.6844    111.280    0.00704    6.00584    6.00154      8.055     0.0660   10.94479   3.616632 4.5812e+00    22.1919    22.1918 5.0177e+01      2.000          1        586    1496.77 1.0952e+03  46523.667     24.366 1621767051       0.38     -0.286   39.32518  -72.66426 0.0000e+00
      2.482    13.9058    30.5430  1022.7757     2.8456     6.9492    117.032    0.02708    5.93845    5.93453      8.055     0.0975   10.81247   3.705558 4.8460e+00    22.7646    22.7645 5.2492e+01      2.500          1        722    1497.98 1.0832e+03  47589.223     30.023 1621767057       0.15      0.122   39.32516  -72.66424 0.0000e+00
      2.980    13.9031    31.7447  1023.7059     2.9521     7.3258    123.856    0.05017    5.91497    5.91118      8.055     0.0899   10.76646   3.838555 4.2036e+00    23.6926    23.6925 4.6165e+01      3.000          1        784    1499.39 1.0984e+03  49271.053     32.629 1621767060       0.14      0.294   39.32516  -72.66424 0.0000e+00
      3.467    13.9025    32.1595  1024.0285     3.0750     7.7612    131.270    0.07035    5.91245    5.90867      8.055     0.0784   10.76153   3.880212 3.8724e+00    24.0130    24.0129 4.3127e+01      3.500          1        828    1499.88 1.1136e+03  49846.497     34.439 1621767061      -0.06      0.284   39.32514  -72.66422 0.0000e+00
      3.972    13.9045    32.3897  1024.2082     3.1466     7.9842    135.092    0.07488    5.91020    5.90644      8.055     0.0782   10.75685   3.904518 3.4975e+00    24.1904    24.1902 3.8538e+01      4.000          1        851    1500.16 1.1018e+03  50168.072     35.420 1621767062       0.22      0.400   39.32514  -72.66422 0.0000e+00
      4.467    13.9053    32.4281  1024.2398     3.2439     8.2671    139.854    0.07482    5.91122    5.90751      8.057     0.0815   10.75807   3.908090 3.4342e+00    24.2198    24.2197 3.7205e+01      4.500          1        881    1500.22 1.0833e+03  50222.013     36.676 1621767064      -0.10      0.451   39.32514  -72.66422 0.0000e+00
      4.956    13.9040    32.4632  1024.2694     3.3596     8.6503    146.205    0.08490    5.91652    5.91279      8.057     0.0808   10.76838   3.912730 3.2582e+00    24.2473    24.2471 3.4710e+01      5.000          1        915    1500.27 1.0652e+03  50270.440     38.067 1621767065       0.06      0.311   39.32512  -72.66420 0.0000e+00
      5.463    13.8857    32.5479  1024.3409     3.4114     8.7554    147.954    0.07372    5.91769    5.91394      8.057     0.0950   10.77075   3.919501 3.2003e+00    24.3164    24.3163 3.3979e+01      5.500          1        935    1500.31 1.0618e+03  50391.245     38.934 1621767066       0.19      0.474   39.32512  -72.66420 0.0000e+00
      5.954    13.8747    32.4496  1024.2694     3.5166     9.0051    151.884    0.05517    5.92884    5.92544      8.064 -9.990e-29   10.78538   3.907211 3.0031e+00    24.2427    24.2425 3.3028e+01      6.000          1        982    1500.17 1.1001e+03  50255.721     40.887 1621767068      -0.11      0.276   39.32512  -72.66420 0.0000e+00
      6.451    13.8057    32.5696  1024.3785     3.6300     9.4400    158.352    0.06582    5.96126    5.95838      8.071     0.0840   10.83666   3.915530 2.8975e+00    24.3496    24.3494 3.2844e+01      6.500          1       1024    1500.09 1.1336e+03  50431.077     42.634 1621767070       0.20      0.292   39.32510  -72.66420 0.0000e+00
      6.946    13.6708    32.7468  1024.5450     3.7347     9.8766    164.392    0.07511    6.00791    6.00579      8.082     0.1026   10.91068   3.920276 2.8433e+00    24.5139    24.5137 3.2101e+01      7.000          1       1056    1499.87 1.1290e+03  50694.220     43.962 1621767071      -0.03      0.393   39.32510  -72.66420 0.0000e+00
      7.439    13.5439    32.8053  1024.6182     3.8209    10.1739    169.129    0.08186    6.01547    6.01340      8.084     0.1128   10.92391   3.914578 2.8709e+00    24.5848    24.5846 3.1744e+01      7.500          1       1084    1499.52 1.1057e+03  50790.286     45.108 1621767072       0.08      0.389   39.32510  -72.66420 0.0000e+00
      7.944    13.1721    33.0769  1024.9050     3.8252    10.0380    166.706    0.04593    6.02141    6.01935      8.086     0.1057   10.93477   3.908050 2.8802e+00    24.8694    24.8692 3.1139e+01      8.000          1       1105    1498.62 1.0813e+03  51216.874     45.996 1621767073       0.12      0.508   39.32510  -72.66420 0.0000e+00
      8.434    12.8366    33.2094  1025.0762     3.4607     7.9581    132.027   -0.18228    6.02741    6.02541      8.091     0.0870   10.94488   3.890439 3.4700e+00    25.0383    25.0381 3.6750e+01      8.500          1       1147    1497.66 1.0593e+03  51446.246     47.736 1621767075      -0.19      0.323   39.32508  -72.66418 0.0000e+00
      8.936    12.7972    33.0755  1024.9825     2.9740     6.0537    100.388   -0.28803    6.03041    6.02845      8.092     0.0886   10.94976   3.873468 3.7965e+00    24.9423    24.9421 4.0812e+01      9.000          1       1186    1497.38 1.0752e+03  51265.494     49.395 1621767076       0.13      0.314   39.32508  -72.66418 0.0000e+00
      9.419    12.7362    33.0890  1025.0070     2.5717     5.9315     97.726   -0.05842    6.06950    6.06799      8.098     0.0952   11.01504   3.869541 3.3991e+00    24.9647    24.9644 3.9207e+01      9.500          1       1269    1497.20 1.1529e+03  51293.030     52.832 1621767080       0.18      0.070   39.32506  -72.66417 0.0000e+00
      9.920    12.6558    33.0261  1024.9762     2.5921     6.1626    101.549   -0.02117    6.06854    6.06705      8.098     0.1292   11.01293   3.855321 4.3820e+00    24.9315    24.9313 4.8863e+01     10.000          1       1288    1496.86 1.1153e+03  51216.778     53.616 1621767081       0.33      0.389   39.32506  -72.66416 0.0000e+00
     10.420    12.5738    33.0314  1024.9984     2.5698     6.1288    101.001   -0.01397    6.06805    6.06659      8.098     0.1185   11.01172   3.848427 4.5733e+00    24.9515    24.9513 5.0245e+01     10.500          1       1305    1496.60 1.0986e+03  51236.358     54.323 1621767081       0.23      0.589   39.32506  -72.66416 0.0000e+00
     10.923    12.4990    33.0384  1025.0206     2.5233     5.8880     97.009   -0.03680    6.06953    6.06808      8.099     0.1127   11.01409   3.842657 4.2532e+00    24.9714    24.9711 4.6117e+01     11.000          1       1323    1496.36 1.0841e+03  51256.487     55.068 1621767082       0.05      0.688   39.32506  -72.66416 0.0000e+00
     11.415    12.4368    33.0969  1025.0801     2.3930     5.4165     89.007   -0.05835    6.08593    6.08475      8.101     0.1171   11.04037   3.843366 4.0377e+00    25.0288    25.0285 4.3440e+01     11.500          1       1372    1496.23 1.0758e+03  51347.855     57.128 1621767084      -0.09      0.320   39.32504  -72.66416 0.0000e+00
     11.906    12.3532    33.1437  1025.1346     2.3045     5.3967     88.111   -0.01371    6.12470    6.12412      8.107     0.1190   11.10287   3.840731 4.6891e+00    25.0810    25.0807 5.1240e+01     12.000          1       1444    1496.01 1.0922e+03  51425.159     60.105 1621767087       0.08      0.174   39.32504  -72.66416 0.0000e+00
     12.405    12.1041    33.2970  1025.3032     2.3198     5.5631     90.513    0.00710    6.14612    6.14584      8.110     0.1426   11.13786   3.833196 4.1341e+00    25.2473    25.2470 4.6541e+01     12.500          1       1476    1495.35 1.1263e+03  51675.720     61.469 1621767088       0.12      0.324   39.32502  -72.66415 0.0000e+00
     12.901    11.9340    33.3494  1025.3782     2.3111     5.5060     89.271   -0.00373    6.16776    6.16771      8.113     0.1498   11.17452   3.822768 3.8996e+00    25.3200    25.3197 4.4169e+01     13.000          1       1514    1494.84 1.1326e+03  51774.726     63.024 1621767090      -0.07      0.341   39.32502  -72.66414 0.0000e+00
     13.394    11.7181    33.4057  1025.4644     2.3097     5.5125     89.265   -0.00309    6.17544    6.17542 -9.990e-29     0.1492   11.18822   3.807977 4.1343e+00    25.4039    25.4036 4.5536e+01     13.500          1       1552    1494.17 1.1015e+03  51888.173     64.635 1621767092       0.09      0.283   39.32501  -72.66414 0.0000e+00
     13.891    11.6056    33.3590  1025.4512     2.3179     5.5873     90.509    0.00762    6.17314    6.17314 -9.990e-29     0.1391   11.18378   3.792351 4.0480e+00    25.3884    25.3881 4.3807e+01     14.000          1       1577    1493.74 1.0821e+03  51840.087     65.681 1621767093       0.13      0.419   39.32500  -72.66414 0.0000e+00
     14.394    11.5775    33.2802  1025.3974     2.3043     5.4969     89.061   -0.00231    6.17203    6.17203 -9.990e-29     0.1535   11.18167   3.782659 3.7613e+00    25.3324    25.3321 4.0506e+01     14.500          1       1600    1493.55 1.0769e+03  51736.039     66.605 1621767094       0.07      0.516   39.32500  -72.66414 0.0000e+00
     14.885    11.5643    33.2908  1025.4103     2.2464     5.2782     85.008   -0.01834    6.20907    6.20961      8.117     0.1531   11.24213   3.783346 3.4722e+00    25.3431    25.3427 3.8461e+01     15.000          1       1665    1493.53 1.1075e+03  51752.929     69.343 1621767096       0.00      0.176   39.32499  -72.66413 0.0000e+00
     15.379    11.4932    33.2521  1025.3955     2.2461     5.4255     86.862    0.00419    6.24615    6.24737      8.119     0.1627   11.30082   3.772869 3.3737e+00    25.3260    25.3256 3.8006e+01     15.500          1       1712    1493.24 1.1265e+03  51709.428     71.306 1621767098       0.20      0.287   39.32498  -72.66412 0.0000e+00
     15.881    11.2749    33.3651  1025.5253     2.2533     5.4830     87.588    0.00847    6.26002    6.26149      8.123     0.1740   11.32301   3.764033 3.0701e+00    25.4535    25.4532 3.4208e+01     16.000          1       1738    1492.63 1.1139e+03  51903.982     72.391 1621767099       0.05      0.445   39.32498  -72.66412 0.0000e+00
     16.374    10.9612    33.5880  1025.7575     2.2442     5.4050     86.121   -0.00431    6.27605    6.27768      8.124     0.1897   11.35019   3.757173 3.0262e+00    25.6833    25.6830 3.3258e+01     16.500          1       1777    1491.80 1.0991e+03  52269.772     74.004 1621767101      -0.09      0.327   39.32497  -72.66412 0.0000e+00
     16.868    10.7547    33.6966  1025.8809     2.2349     5.3940     85.641   -0.00504    6.29838    6.30039      8.129     0.1866   11.38610   3.748999 3.0674e+00    25.8044    25.8041 3.3241e+01     17.000          1       1821    1491.22 1.0837e+03  52457.375     75.847 1621767103      -0.00      0.267   39.32496  -72.66410 0.0000e+00
     17.368    10.6739    33.6264  1025.8427     2.2234     5.3565     84.878   -0.00760    6.31083    6.31301      8.129     0.1970   11.40677   3.734227 2.9684e+00    25.7640    25.7636 3.2419e+01     17.500          1       1854    1490.85 1.0923e+03  52374.943     77.217 1621767104       0.10      0.339   39.32496  -72.66410 0.0000e+00
     17.861    10.4799    33.7334  1025.9623     2.2130     5.3582     84.579   -0.00548    6.33508    6.33754      8.130     0.2232   11.44756   3.727851 2.6095e+00    25.8812    25.8809 2.9436e+01     18.000          1       1900    1490.30 1.1282e+03  52559.767     79.132 1621767106      -0.11      0.269   39.32494  -72.66410 0.0000e+00
     18.358    10.3550    33.6891  1025.9517     2.2023     5.3373     83.987   -0.00662    6.35487    6.35763      8.131     0.2411   11.47998   3.711460 2.5210e+00    25.8683    25.8679 2.8604e+01     18.500          1       1940    1489.81 1.1346e+03  52520.698     80.810 1621767108       0.16      0.285   39.32494  -72.66409 0.0000e+00
     18.853    10.2557    33.6618  1025.9497     2.1915     5.2960     83.286   -0.00871    6.35874    6.36157      8.131     0.2596   11.48616   3.699825 2.3706e+00    25.8640    25.8637 2.6284e+01     19.000          1       1971    1489.43 1.1087e+03  52502.493     82.068 1621767109       0.00      0.402   39.32494  -72.66408 0.0000e+00
     19.352    10.1557    33.6550  1025.9637     2.1858     5.2888     83.214   -0.00626    6.35566    6.35850      8.131     0.2480   11.48039   3.690176 2.2763e+00    25.8758    25.8754 2.4653e+01     19.500          1       1998    1489.07 1.0829e+03  52510.405     83.189 1621767110       0.05      0.420   39.32492  -72.66408 0.0000e+00
     19.848    10.0683    33.7474  1026.0530     2.1576     5.2009     81.550   -0.00969    6.37765    6.38044      8.131     0.2740   11.52130   3.691927 2.1730e+00    25.9627    25.9624 2.3842e+01     20.000          1       2058    1488.88 1.0971e+03  52658.739     85.718 1621767113      -0.04      0.208   39.32491  -72.66408 0.0000e+00
     20.332    10.0103    33.5865  1025.9395     2.2534     5.8980     92.134    0.05893    6.40169    6.40445      8.127     0.3027   11.56560   3.667934 2.1785e+00    25.8470    25.8466 2.5110e+01     20.500          1       2126    1488.48 1.1527e+03  52444.882     88.533 1621767116       0.20      0.168   39.32490  -72.66408 0.0000e+00
     20.836    10.0000    33.2277  1025.6635     2.3551     6.4760    101.104    0.10525    6.40528    6.40810      8.127     0.3237   11.57144   3.632824 2.0032e+00    25.5686    25.5682 2.2900e+01     21.000          1       2140    1488.02 1.1430e+03  51941.639     89.123 1621767116       0.39      0.420   39.32490  -72.66408 0.0000e+00
     21.341    10.0042    33.0870  1025.5553     2.4463     6.8945    107.654    0.12953    6.40430    6.40710      8.126     0.3158   11.57011   3.621025 1.8255e+00    25.4581    25.4577 2.0772e+01     21.500          1       2156    1487.87 1.1378e+03  51743.962     89.781 1621767117       0.27      0.652   39.32490  -72.66407 0.0000e+00
     21.839     9.9915    33.0385  1025.5218     2.5490     7.1828    112.095    0.12214    6.40776    6.41060      8.126     0.2991   11.57588   3.615580 1.6600e+00    25.4224    25.4220 1.8752e+01     22.000          1       2179    1487.77 1.1294e+03  51678.826     90.751 1621767118      -0.14      0.644   39.32490  -72.66406 0.0000e+00
     22.324     9.9026    32.9716  1025.4867     2.7472     7.3531    114.675    0.03766    6.41207    6.41495      8.126     0.3003   11.58327   3.601378 1.6598e+00    25.3850    25.3846 1.7618e+01     22.500          1       2263    1487.38 1.0620e+03  51602.091     94.255 1621767121       0.11      0.055   39.32488  -72.66404 0.0000e+00
     22.827     9.8987    32.9584  1025.4793     2.7723     7.3582    114.774    0.02432    6.41098    6.41383      8.124     0.3097   11.58151   3.600160 1.5906e+00    25.3753    25.3749 1.7270e+01     23.000          1       2299    1487.36 1.0862e+03  51584.576     95.765 1621767123       0.05      0.328   39.32486  -72.66404 0.0000e+00
     23.313     9.8928    32.9488  1025.4750     2.8046     7.2566    114.878    0.00875    6.31678    6.31853      8.112     0.3465   11.42340   3.598733 1.3852e+00    25.3688    25.3684 1.6539e+01     23.500          1       2363    1487.33 1.1917e+03  51572.572     98.435 1621767125      -0.07      0.130   39.32486  -72.66404 0.0000e+00
     23.809     9.9543    32.9497  1025.4678     2.8118     7.2877    115.439    0.01120    6.31299    6.31471      8.110     0.3777   11.41682   3.606485 1.3386e+00    25.3593    25.3589 1.5656e+01     24.000          1       2387    1487.57 1.1694e+03  51564.251     99.409 1621767126       0.40      0.318   39.32486  -72.66404 0.0000e+00
     24.314    10.2254    33.0121  1025.4731     2.8050     7.2306    114.547    0.00442    6.31234    6.31406      8.109     0.3960   11.41568   3.640965 1.2788e+00    25.3625    25.3620 1.4676e+01     24.500          1       2401    1488.62 1.1475e+03  51596.832    100.001 1621767127       0.43      0.583   39.32486  -72.66404 0.0000e+00
