CalculateIndicators/WaterTemperature/Data/CTD_NYOS/20210523_C20.cnv
* Sea-Bird SBE 9 Data File:
* FileName = C:\Seabird 9 CTD\Data\2021\202105_offshore\20210523_C20.hex
* Software Version Seasave V 7.23.2
* Temperature SN = 4590
* Conductivity SN = 3228
* Number of Bytes Per Scan = 44
* Number of Voltage Words = 5
* Number of Scans Averaged by the Deck Unit = 1
* NMEA Latitude = 39 31.55 N
* NMEA Longitude = 072 23.39 W
* NMEA UTC (Time) = May 23 2021  22:29:25
* NMEA baud rate = 4800
** Ship: seawolf
** Station: 4.5
** Operator: EIH
# nquan = 31
# nvalues = 1206                        
# units = specified
# name 0 = depSM: Depth [salt water, m]
# name 1 = t090C: Temperature [ITS-90, deg C]
# name 2 = sal00: Salinity, Practical [PSU]
# name 3 = density00: Density [density, kg/m^3]
# name 4 = sbeox0V: Oxygen raw, SBE 43 [V]
# name 5 = sbeox0ML/L: Oxygen, SBE 43 [ml/l]
# name 6 = sbeox0PS: Oxygen, SBE 43 [% saturation]
# name 7 = sbox0dV/dT: Oxygen, SBE 43 [dov/dt]
# name 8 = oxsolML/L: Oxygen Saturation, Garcia & Gordon [ml/l]
# name 9 = oxsatML/L: Oxygen Saturation, Weiss [ml/l]
# name 10 = ph: pH
# name 11 = flECO-AFL: Fluorescence, WET Labs ECO-AFL/FL [mg/m^3]
# name 12 = n2satML/L: Nitrogen Saturation [ml/l]
# name 13 = c0S/m: Conductivity [S/m]
# name 14 = cpar: CPAR/Corrected Irradiance [%]
# name 15 = sigma-é00: Density [sigma-theta, kg/m^3]
# name 16 = sigma-t00: Density [sigma-t, kg/m^3 ]
# name 17 = par: PAR/Irradiance, Biospherical/Licor
# name 18 = prDM: Pressure, Digiquartz [db]
# name 19 = pumps: Pump Status
# name 20 = scan: Scan Count
# name 21 = svCM: Sound Velocity [Chen-Millero, m/s]
# name 22 = spar: SPAR, Biospherical/Licor
# name 23 = specc: Specific Conductance [uS/cm]
# name 24 = timeS: Time, Elapsed [seconds]
# name 25 = timeY: Time, System [seconds]
# name 26 = accM: Acceleration [m/s^2]
# name 27 = dz/dtM: Descent Rate [m/s]
# name 28 = latitude: Latitude [deg]
# name 29 = longitude: Longitude [deg]
# name 30 = flag: flag
# span 0 =      1.954,    300.978       
# span 1 =    10.1322,    14.4340       
# span 2 =    32.1153,    35.7293       
# span 3 =  1023.8938,  1028.5780       
# span 4 =     1.4779,     3.2466       
# span 5 =     3.0876,     8.1956       
# span 6 =     50.188,    140.335       
# span 7 =   -0.19953,    0.08916       
# span 8 =    5.81680,    6.33869       
# span 9 =    5.81403,    6.34092       
# span 10 =      7.857,      8.136      
# span 11 =    -0.0967,     0.9345      
# span 12 =   10.56691,   11.45727      
# span 13 =   3.661857,   4.246085      
# span 14 = -4.553e-05, 2.2720e+01      
# span 15 =    23.8828,    27.2167      
# span 16 =    23.8827,    27.2105      
# span 17 = -5.901e-04, 2.1327e+02      
# span 18 =      2.000,    303.500      
# span 19 =          1,          1      
# span 20 =        108,      41207      
# span 21 =    1489.26,    1505.86      
# span 22 = 3.9749e+02, 1.4158e+03      
# span 23 =  49730.957,  55080.874      
# span 24 =      4.460,   1716.931      
# span 25 = 1621808968, 1621810681      
# span 26 =      -0.72,       0.61      
# span 27 =     -1.121,      1.128      
# span 28 =   39.52521,   39.52594      
# span 29 =  -72.38984,  -72.38290      
# span 30 = 0.0000e+00, 0.0000e+00      
# interval = decibars: 0.5              
# start_time = May 23 2021 22:29:23 [System UTC, first data scan.]
# bad_flag = -9.990e-29
*END*
[from data line 141]
     72.429    12.7943    35.2620  1026.9634     1.9894     4.4071     74.191    0.00007    5.94017    5.93867 -9.990e-29    -0.0524   10.77584   4.107732 4.3386e-03    26.6392    26.6372 5.5861e-02     73.000          1       3979    1501.02 1.2897e+03  54330.767    165.735 1621809129      -0.15      0.504   39.52584  -72.38920 0.0000e+00
     72.929    12.8042    35.2661  1026.9669     1.9895     4.4045     74.181   -0.00018    5.93761    5.93608 -9.990e-29    -0.0524   10.77151   4.108937 4.0935e-03    26.6404    26.6384 5.6102e-02     73.500          1       4003    1501.07 1.3708e+03  54335.295    166.756 1621809130       0.05      0.455   39.52584  -72.38920 0.0000e+00
     73.424    12.8074    35.2663  1026.9686     1.9905     4.4069     74.284    0.00056    5.93253    5.93095      7.980    -0.0440   10.76293   4.109316 3.5934e-03    26.6400    26.6379 4.9122e-02     74.000          1       4034    1501.09 1.3673e+03  54335.407    168.053 1621809131      -0.10      0.432   39.52584  -72.38920 0.0000e+00
     73.913    12.8256    35.2745  1026.9735     1.9922     4.4136     74.433    0.00131    5.92963    5.92801      7.981    -0.0107   10.75804   4.112031 3.3451e-03    26.6427    26.6406 4.3467e-02     74.500          1       4069    1501.17 1.3026e+03  54344.274    169.496 1621809133       0.06      0.301   39.52584  -72.38920 0.0000e+00
     74.418    12.8454    35.2849  1026.9799     1.9928     4.4123     74.432    0.00088    5.92803    5.92639      7.983    -0.0516   10.75534   4.115284 2.7808e-03    26.6468    26.6448 3.6318e-02     75.000          1       4090    1501.26 1.3062e+03  54355.964    170.370 1621809134       0.21      0.463   39.52584  -72.38920 0.0000e+00
     74.913    12.8795    35.2975  1026.9850     1.9941     4.4117     74.509    0.00100    5.92105    5.91934      7.985    -0.0524   10.74358   4.119768 2.4193e-03    26.6497    26.6477 3.1071e-02     75.500          1       4115    1501.39 1.2840e+03  54368.549    171.411 1621809135      -0.06      0.531   39.52584  -72.38920 0.0000e+00
     75.398    12.8891    35.3008  1026.9878     1.9969     4.4207     74.719    0.00195    5.91649    5.91473      7.986    -0.0556   10.73590   4.120976 2.0462e-03    26.6504    26.6483 2.6136e-02     76.000          1       4142    1501.44 1.2774e+03  54372.046    172.543 1621809136      -0.03      0.424   39.52584  -72.38918 0.0000e+00
     75.898    12.8959    35.3035  1026.9907     1.9997     4.4312     74.927    0.00293    5.91396    5.91217      7.989    -0.0659   10.73165   4.122061 1.4900e-03    26.6511    26.6490 1.9260e-02     76.500          1       4159    1501.47 1.2930e+03  54374.877    173.239 1621809137       0.25      0.504   39.52584  -72.38918 0.0000e+00
     76.402    12.9181    35.3130  1026.9959     2.0031     4.4449     75.174    0.00393    5.91280    5.91100      7.989    -0.0571   10.72970   4.125658 1.1003e-03    26.6541    26.6519 1.4450e-02     77.000          1       4173    1501.57 1.3135e+03  54385.004    173.818 1621809137       0.31      0.681   39.52584  -72.38918 0.0000e+00
     76.901    12.9582    35.3271  1027.0009     2.0053     4.4541     75.336    0.00462    5.91238    5.91058      7.989    -0.0547   10.72899   4.130946 9.8527e-04    26.6569    26.6548 1.2994e-02     77.500          1       4188    1501.72 1.3197e+03  54399.001    174.463 1621809138       0.08      0.811   39.52584  -72.38918 0.0000e+00
     77.392    12.9786    35.3336  1027.0040     2.0085     4.4613     75.458    0.00415    5.91235    5.91055      7.989    -0.0657   10.72897   4.133547 5.5580e-04    26.6579    26.6557 7.2631e-03     78.000          1       4208    1501.81 1.3350e+03  54405.170    175.285 1621809139      -0.19      0.736   39.52584  -72.38916 0.0000e+00
     77.890    13.0034    35.3420  1027.0078     2.0113     4.4667     75.552    0.00355    5.91204    5.91023      7.989    -0.0658   10.72841   4.136790 3.7251e-04    26.6594    26.6573 5.1608e-03     78.500          1       4229    1501.91 1.3877e+03  54413.420    176.184 1621809139      -0.10      0.591   39.52584  -72.38916 0.0000e+00
     78.385    13.0169    35.3468  1027.0110     2.0137     4.4624     75.528    0.00161    5.90825    5.90640      7.991 -9.990e-29   10.72201   4.138407 3.4170e-04    26.6605    26.6583 4.4660e-03     79.000          1       4276    1501.97 1.3172e+03  54418.391    178.132 1621809141      -0.10      0.306   39.52584  -72.38916 0.0000e+00
     78.870    13.0268    35.3517  1027.0149     2.0173     4.4637     75.698    0.00134    5.89667    5.89470      7.994    -0.0595   10.70248   4.139885 -4.553e-05    26.6623    26.6601 -5.901e-04     79.500          1       4347    1502.01 1.3038e+03  54423.898    181.094 1621809144       0.11      0.146   39.52584  -72.38914 0.0000e+00
     79.360    13.0539    35.3634  1027.0206     2.0196     4.4719     75.879    0.00226    5.89355    5.89154      7.993    -0.0607   10.69721   4.144322 4.2201e-07    26.6658    26.6636 5.5747e-06     80.000          1       4364    1502.13 1.3066e+03  54436.405    181.805 1621809145       0.36      0.334   39.52584  -72.38914 0.0000e+00
     79.864    13.0807    35.3711  1027.0234     2.0198     4.4707     75.894    0.00229    5.89070    5.88866      7.993    -0.0522   10.69245   4.147505 -2.308e-08    26.6664    26.6642 -3.030e-07     80.500          1       4375    1502.23 1.3059e+03  54443.426    182.262 1621809146       0.58      0.569   39.52584  -72.38914 0.0000e+00
     80.369    13.0909    35.3751  1027.0267     2.0202     4.4689     75.880    0.00185    5.88947    5.88741      7.993    -0.0539   10.69037   4.148866 7.6149e-14    26.6675    26.6652 1.0000e-12     81.000          1       4385    1502.28 1.3132e+03  54447.729    182.685 1621809146       0.58      0.823   39.52584  -72.38914 0.0000e+00
     80.870    13.1000    35.3797  1027.0307     2.0205     4.4660     75.851    0.00126    5.88788    5.88581      7.994    -0.0654   10.68771   4.150342 7.5869e-14    26.6692    26.6669 1.0000e-12     81.500          1       4396    1502.32 1.3180e+03  54453.015    183.118 1621809146       0.38      1.031   39.52584  -72.38914 0.0000e+00
     81.368    13.1183    35.3876  1027.0353     2.0214     4.4681     75.881    0.00104    5.88824    5.88617      7.994    -0.0658   10.68829   4.153104 7.5809e-14    26.6717    26.6694 1.0000e-12     82.000          1       4408    1502.40 1.3191e+03  54461.737    183.612 1621809147       0.05      1.128   39.52584  -72.38914 0.0000e+00
     81.864    13.1399    35.3947  1027.0386     2.0226     4.4696     75.954    0.00129    5.88470    5.88260      7.996    -0.0658   10.68237   4.155910 7.5905e-14    26.6728    26.6705 1.0000e-12     82.500          1       4423    1502.49 1.3174e+03  54468.523    184.246 1621809148      -0.27      1.032   39.52582  -72.38914 0.0000e+00
     82.356    13.1774    35.4067  1027.0425     2.0259     4.4812     76.202    0.00245    5.88075    5.87860      7.998    -0.0473   10.67571   4.160861 7.6178e-14    26.6745    26.6722 1.0000e-12     83.000          1       4450    1502.63 1.3127e+03  54480.024    185.388 1621809149      -0.34      0.629   39.52582  -72.38913 0.0000e+00
     82.845    13.2221    35.4203  1027.0460     2.0331     4.5046     76.637    0.00355    5.87786    5.87569      8.001    -0.0510   10.67085   4.166746 7.6505e-14    26.6759    26.6736 1.0000e-12     83.500          1       4499    1502.81 1.3071e+03  54492.564    187.420 1621809151      -0.01      0.200   39.52582  -72.38912 0.0000e+00
     83.342    13.2704    35.4373  1027.0515     2.0397     4.5251     76.965    0.00333    5.87933    5.87717      8.002    -0.0482   10.67328   4.173111 7.6895e-14    26.6793    26.6769 1.0000e-12     84.000          1       4547    1502.99 1.3049e+03  54509.435    189.429 1621809153      -0.04      0.245   39.52582  -72.38910 0.0000e+00
     83.827    13.2771    35.4407  1027.0548     2.0402     4.5155     76.787    0.00050    5.88056    5.87841      8.001    -0.0527   10.67532   4.173964 7.4802e-14    26.6805    26.6781 1.0000e-12     84.500          1       4585    1503.03 1.3395e+03  54513.285    191.017 1621809154       0.25      0.244   39.52582  -72.38910 0.0000e+00
     84.330    13.2729    35.4394  1027.0570     2.0385     4.5059     76.596   -0.00102    5.88266    5.88054      8.002    -0.0524   10.67881   4.173217 7.7160e-14    26.6804    26.6780 1.0000e-12     85.000          1       4599    1503.02 1.3023e+03  54512.527    191.580 1621809155       0.46      0.482   39.52582  -72.38910 0.0000e+00
     84.837    13.2624    35.4383  1027.0606     2.0374     4.4984     76.479   -0.00196    5.88188    5.87976      8.000    -0.0634   10.67746   4.172106 7.9183e-14    26.6817    26.6793 1.0000e-12     85.500          1       4611    1502.99 1.2695e+03  54512.759    192.103 1621809155       0.43      0.723   39.52582  -72.38910 0.0000e+00
     85.335    13.2575    35.4378  1027.0634     2.0361     4.4916     76.402   -0.00211    5.87891    5.87675      7.998    -0.0663   10.67246   4.171649 7.4856e-14    26.6823    26.6799 1.0000e-12     86.000          1       4626    1502.99 1.3365e+03  54513.051    192.718 1621809156       0.10      0.880   39.52582  -72.38910 0.0000e+00
     85.824    13.2551    35.4376  1027.0660     2.0333     4.4783     76.240   -0.00242    5.87389    5.87168      7.998    -0.0642   10.66402   4.171364 7.6831e-14    26.6827    26.6802 1.0000e-12     86.500          1       4647    1502.99 1.3017e+03  54513.451    193.589 1621809157      -0.28      0.750   39.52582  -72.38910 0.0000e+00
     86.316    13.2386    35.4374  1027.0714     2.0304     4.4646     76.026   -0.00341    5.87249    5.87026      7.999    -0.0523   10.66168   4.169600 7.8779e-14    26.6859    26.6834 1.0000e-12     87.000          1       4670    1502.94 1.2694e+03  54515.806    194.550 1621809158      -0.10      0.531   39.52582  -72.38910 0.0000e+00
     86.818    13.2486    35.4452  1027.0777     2.0291     4.4644     76.041   -0.00240    5.87102    5.86878      8.001    -0.0524   10.65920   4.172031 7.9040e-14    26.6900    26.6875 1.0000e-12     87.500          1       4691    1502.99 1.2652e+03  54525.555    195.396 1621809159       0.07      0.551   39.52582  -72.38910 0.0000e+00
     87.313    13.2957    35.4597  1027.0814     2.0296     4.4722     76.202   -0.00059    5.86890    5.86663      8.002    -0.0637   10.65562   4.178048 7.7495e-14    26.6916    26.6890 1.0000e-12     88.000          1       4715    1503.17 1.2905e+03  54538.837    196.433 1621809160      -0.09      0.543   39.52582  -72.38908 0.0000e+00
     87.802    13.3122    35.4645  1027.0839     2.0320     4.4860     76.483    0.00160    5.86531    5.86300      8.003    -0.0652   10.64963   4.180039 7.4859e-14    26.6919    26.6894 1.0000e-12     88.500          1       4744    1503.24 1.3362e+03  54543.554    197.619 1621809161      -0.04      0.413   39.52582  -72.38907 0.0000e+00
     88.301    13.3240    35.4686  1027.0869     2.0347     4.4973     76.679    0.00249    5.86507    5.86275      8.005    -0.0522   10.64925   4.181756 7.5573e-14    26.6927    26.6902 1.0000e-12     89.000          1       4764    1503.29 1.3269e+03  54547.801    198.456 1621809162       0.18      0.481   39.52582  -72.38906 0.0000e+00
     88.805    13.3344    35.4721  1027.0898     2.0389     4.5155     76.993    0.00389    5.86485    5.86253      8.007    -0.0618   10.64884   4.183192 7.1858e-14    26.6933    26.6908 1.0000e-12     89.500          1       4783    1503.34 1.3918e+03  54551.458    199.234 1621809163       0.11      0.611   39.52582  -72.38906 0.0000e+00
     89.294    13.3674    35.4804  1027.0915     2.0479     4.5374     77.518    0.00499    5.85335    5.85091      8.007    -0.0485   10.62951   4.187441 7.4655e-14    26.6930    26.6904 1.0000e-12     90.000          1       4834    1503.46 1.3413e+03  54558.580    201.392 1621809165      -0.03      0.299   39.52582  -72.38906 0.0000e+00
     89.788    13.3890    35.4912  1027.0976     2.0609     4.5692     78.335    0.00754    5.83293    5.83027 -9.990e-29    -0.0709   10.59515   4.191229 7.8181e-14    26.6969    26.6943 1.0000e-12     90.500          1       4880    1503.56 1.2791e+03  54570.611    203.305 1621809167       0.46      0.274   39.52582  -72.38906 0.0000e+00
     90.289    13.4736    35.5134  1027.0995     2.0693     4.6026     78.948    0.01019    5.82985    5.82716 -9.990e-29    -0.0739   10.58992   4.202235 7.8330e-14    26.6967    26.6940 1.0000e-12     91.000          1       4898    1503.87 1.2767e+03  54589.544    204.036 1621809167       0.30      0.572   39.52582  -72.38904 0.0000e+00
     90.779    13.5171    35.5232  1027.1002     2.0771     4.6278     79.404    0.01113    5.82817    5.82546      8.015    -0.0674   10.58710   4.206786 7.8057e-14    26.6953    26.6927 1.0000e-12     91.500          1       4916    1504.03 1.2811e+03  54597.220    204.805 1621809168       0.00      0.673   39.52582  -72.38904 0.0000e+00
     91.270    13.5237    35.5267  1027.1037     2.0797     4.6266     79.385    0.00906    5.82808    5.82537      8.015    -0.0792   10.58693   4.208546 7.7589e-14    26.6967    26.6940 1.0000e-12     92.000          1       4932    1504.06 1.2888e+03  54600.828    205.479 1621809169       0.04      0.666   39.52582  -72.38904 0.0000e+00
     91.768    13.5937    35.5527  1027.1115     2.0788     4.6071     79.051    0.00513    5.82797    5.82526      8.015    -0.0767   10.58674   4.218855 7.7099e-14    26.7023    26.6996 1.0000e-12     92.500          1       4945    1504.33 1.2971e+03  54628.633    206.004 1621809169       0.21      0.731   39.52582  -72.38904 0.0000e+00
     92.271    13.6192    35.5625  1027.1160     2.0768     4.5835     78.647    0.00094    5.82792    5.82521      8.015    -0.0658   10.58666   4.221552 7.6545e-14    26.7046    26.7019 1.0000e-12     93.000          1       4956    1504.44 1.3064e+03  54638.110    206.460 1621809170       0.31      0.857   39.52582  -72.38904 0.0000e+00
     92.777    13.6337    35.5701  1027.1211     2.0756     4.5678     78.378   -0.00197    5.82790    5.82519      8.015    -0.0658   10.58662   4.223718 7.5839e-14    26.7075    26.7047 1.0000e-12     93.500          1       4967    1504.50 1.3186e+03  54646.777    206.924 1621809170       0.25      0.993   39.52582  -72.38904 0.0000e+00
     93.278    13.6467    35.5751  1027.1244     2.0737     4.5578     78.208   -0.00300    5.82783    5.82512      8.015    -0.0658   10.58650   4.225375 7.4783e-14    26.7087    26.7059 1.0000e-12     94.000          1       4983    1504.56 1.3373e+03  54652.226    207.589 1621809171      -0.15      1.000   39.52582  -72.38904 0.0000e+00
     93.757    13.6515    35.5789  1027.1286     2.0685     4.5506     78.072   -0.00150    5.82876    5.82606      8.015    -0.0495   10.58802   4.225945 7.4851e-14    26.7107    26.7079 1.0000e-12     94.500          1       5061    1504.59 1.3360e+03  54657.105    210.848 1621809174       0.25      0.173   39.52582  -72.38903 0.0000e+00
     94.255    13.6498    35.5799  1027.1319     2.0656     4.5439     77.942   -0.00153    5.82991    5.82722      8.011    -0.0475   10.58992   4.225807 7.6627e-14    26.7118    26.7090 1.0000e-12     95.000          1       5098    1504.59 1.3051e+03  54658.983    212.382 1621809176      -0.02      0.373   39.52582  -72.38902 0.0000e+00
     94.738    13.6466    35.5799  1027.1347     2.0610     4.5243     77.614   -0.00301    5.82928    5.82659      8.010    -0.0529   10.58886   4.225337 7.8076e-14    26.7125    26.7097 1.0000e-12     95.500          1       5134    1504.59 1.2808e+03  54659.648    213.891 1621809177       0.10      0.251   39.52582  -72.38901 0.0000e+00
