CalculateIndicators/WaterTemperature/Data/CTD_NYOS/20210523_C20.cnv
* Sea-Bird SBE 9 Data File:
* FileName = C:\Seabird 9 CTD\Data\2021\202105_offshore\20210523_C20.hex
* Software Version Seasave V 7.23.2
* Temperature SN = 4590
* Conductivity SN = 3228
* Number of Bytes Per Scan = 44
* Number of Voltage Words = 5
* Number of Scans Averaged by the Deck Unit = 1
* NMEA Latitude = 39 31.55 N
* NMEA Longitude = 072 23.39 W
* NMEA UTC (Time) = May 23 2021  22:29:25
* NMEA baud rate = 4800
** Ship: seawolf
** Station: 4.5
** Operator: EIH
# nquan = 31
# nvalues = 1206                        
# units = specified
# name 0 = depSM: Depth [salt water, m]
# name 1 = t090C: Temperature [ITS-90, deg C]
# name 2 = sal00: Salinity, Practical [PSU]
# name 3 = density00: Density [density, kg/m^3]
# name 4 = sbeox0V: Oxygen raw, SBE 43 [V]
# name 5 = sbeox0ML/L: Oxygen, SBE 43 [ml/l]
# name 6 = sbeox0PS: Oxygen, SBE 43 [% saturation]
# name 7 = sbox0dV/dT: Oxygen, SBE 43 [dov/dt]
# name 8 = oxsolML/L: Oxygen Saturation, Garcia & Gordon [ml/l]
# name 9 = oxsatML/L: Oxygen Saturation, Weiss [ml/l]
# name 10 = ph: pH
# name 11 = flECO-AFL: Fluorescence, WET Labs ECO-AFL/FL [mg/m^3]
# name 12 = n2satML/L: Nitrogen Saturation [ml/l]
# name 13 = c0S/m: Conductivity [S/m]
# name 14 = cpar: CPAR/Corrected Irradiance [%]
# name 15 = sigma-é00: Density [sigma-theta, kg/m^3]
# name 16 = sigma-t00: Density [sigma-t, kg/m^3 ]
# name 17 = par: PAR/Irradiance, Biospherical/Licor
# name 18 = prDM: Pressure, Digiquartz [db]
# name 19 = pumps: Pump Status
# name 20 = scan: Scan Count
# name 21 = svCM: Sound Velocity [Chen-Millero, m/s]
# name 22 = spar: SPAR, Biospherical/Licor
# name 23 = specc: Specific Conductance [uS/cm]
# name 24 = timeS: Time, Elapsed [seconds]
# name 25 = timeY: Time, System [seconds]
# name 26 = accM: Acceleration [m/s^2]
# name 27 = dz/dtM: Descent Rate [m/s]
# name 28 = latitude: Latitude [deg]
# name 29 = longitude: Longitude [deg]
# name 30 = flag: flag
# span 0 =      1.954,    300.978       
# span 1 =    10.1322,    14.4340       
# span 2 =    32.1153,    35.7293       
# span 3 =  1023.8938,  1028.5780       
# span 4 =     1.4779,     3.2466       
# span 5 =     3.0876,     8.1956       
# span 6 =     50.188,    140.335       
# span 7 =   -0.19953,    0.08916       
# span 8 =    5.81680,    6.33869       
# span 9 =    5.81403,    6.34092       
# span 10 =      7.857,      8.136      
# span 11 =    -0.0967,     0.9345      
# span 12 =   10.56691,   11.45727      
# span 13 =   3.661857,   4.246085      
# span 14 = -4.553e-05, 2.2720e+01      
# span 15 =    23.8828,    27.2167      
# span 16 =    23.8827,    27.2105      
# span 17 = -5.901e-04, 2.1327e+02      
# span 18 =      2.000,    303.500      
# span 19 =          1,          1      
# span 20 =        108,      41207      
# span 21 =    1489.26,    1505.86      
# span 22 = 3.9749e+02, 1.4158e+03      
# span 23 =  49730.957,  55080.874      
# span 24 =      4.460,   1716.931      
# span 25 = 1621808968, 1621810681      
# span 26 =      -0.72,       0.61      
# span 27 =     -1.121,      1.128      
# span 28 =   39.52521,   39.52594      
# span 29 =  -72.38984,  -72.38290      
# span 30 = 0.0000e+00, 0.0000e+00      
# interval = decibars: 0.5              
# start_time = May 23 2021 22:29:23 [System UTC, first data scan.]
# bad_flag = -9.990e-29
*END*
[from data line 843]
    181.527    13.1688    35.6658  1027.6899     1.8872     4.1372     70.377    0.00436    5.87858    5.87658      7.982    -0.0702   10.66945   4.191456 1.0465e-13    26.8798    26.8746 1.0000e-12    183.000          1      25950    1504.57 9.5560e+02  54896.617   1081.194 1621810045       0.01     -0.446   39.52566  -72.38566 0.0000e+00
    181.032    13.1748    35.6690  1027.6889     1.8907     4.1421     70.470    0.00337    5.87778    5.87577      7.983    -0.0794   10.66812   4.192414 1.0611e-13    26.8811    26.8759 1.0000e-12    182.500          1      25973    1504.58 9.4242e+02  54900.016   1082.170 1621810045      -0.07     -0.460   39.52566  -72.38564 0.0000e+00
    180.530    13.1867    35.6715  1027.6861     1.8938     4.1517     70.647    0.00366    5.87671    5.87468      7.983    -0.0792   10.66632   4.193759 1.0673e-13    26.8806    26.8754 1.0000e-12    182.000          1      25993    1504.62 9.3688e+02  54901.236   1082.994 1621810046      -0.11     -0.556   39.52566  -72.38564 0.0000e+00
    180.036    13.1967    35.6726  1027.6827     1.8964     4.1555     70.718    0.00290    5.87615    5.87412      7.984    -0.0792   10.66539   4.194763 1.0606e-13    26.8794    26.8742 1.0000e-12    181.500          1      26020    1504.64 9.4289e+02  54901.152   1084.143 1621810047       0.14     -0.513   39.52566  -72.38564 0.0000e+00
    179.542    13.2104    35.6752  1027.6796     1.8998     4.1586     70.785    0.00169    5.87493    5.87288 -9.990e-29    -0.0734   10.66335   4.196342 1.0427e-13    26.8786    26.8734 1.0000e-12    181.000          1      26072    1504.68 9.5910e+02  54902.328   1086.273 1621810050       0.07     -0.248   39.52566  -72.38562 0.0000e+00
    179.056    13.2217    35.6774  1027.6768     1.9022     4.1575     70.818    0.00075    5.87076    5.86866      7.984    -0.0796   10.65643   4.197624 1.0364e-13    26.8779    26.8728 1.0000e-12    180.500          1      26136    1504.71 9.6487e+02  54903.371   1088.951 1621810052      -0.27     -0.158   39.52566  -72.38562 0.0000e+00
    178.553    13.2260    35.6780  1027.6742     1.9039     4.1623     70.910    0.00091    5.86985    5.86774      7.984    -0.0792   10.65491   4.198065 1.0475e-13    26.8776    26.8725 1.0000e-12    180.000          1      26152    1504.72 9.5467e+02  54903.502   1089.628 1621810053      -0.37     -0.439   39.52566  -72.38562 0.0000e+00
    178.049    13.2346    35.6794  1027.6712     1.9052     4.1707     71.057    0.00197    5.86962    5.86751      7.985    -0.0574   10.65453   4.199096 1.0625e-13    26.8769    26.8718 1.0000e-12    179.500          1      26169    1504.74 9.4120e+02  54903.740   1090.349 1621810054      -0.18     -0.645   39.52566  -72.38562 0.0000e+00
    177.555    13.2521    35.6800  1027.6658     1.9080     4.1790     71.208    0.00221    5.86878    5.86666      7.987    -0.0567   10.65312   4.200901 1.0736e-13    26.8737    26.8686 1.0000e-12    179.000          1      26197    1504.79 9.3143e+02  54901.698   1091.505 1621810055       0.18     -0.545   39.52565  -72.38561 0.0000e+00
    177.069    13.2706    35.6818  1027.6612     1.9124     4.1916     71.436    0.00243    5.86765    5.86552      7.988    -0.0516   10.65123   4.202792 1.0437e-13    26.8714    26.8662 1.0000e-12    178.500          1      26242    1504.85 9.5821e+02  54901.267   1093.369 1621810057       0.02     -0.224   39.52564  -72.38560 0.0000e+00
    176.569    13.2749    35.6835  1027.6594     1.9142     4.1946     71.485    0.00188    5.86777    5.86563      7.988    -0.0756   10.65142   4.203388 1.0261e-13    26.8718    26.8666 1.0000e-12    178.000          1      26266    1504.86 9.7456e+02  54902.618   1094.385 1621810058      -0.23     -0.372   39.52564  -72.38558 0.0000e+00
    176.066    13.2811    35.6840  1027.6562     1.9151     4.1948     71.492    0.00148    5.86761    5.86548      7.988    -0.0788   10.65116   4.204013 1.0295e-13    26.8709    26.8658 1.0000e-12    177.500          1      26290    1504.87 9.7136e+02  54902.141   1095.355 1621810059      -0.04     -0.525   39.52564  -72.38558 0.0000e+00
    175.582    13.2838    35.6853  1027.6545     1.9164     4.1942     71.485    0.00060    5.86724    5.86510      7.988    -0.0643   10.65054   4.204296 1.0451e-13    26.8714    26.8663 1.0000e-12    177.000          1      26333    1504.87 9.5685e+02  54903.322   1097.176 1621810061       0.16     -0.257   39.52564  -72.38558 0.0000e+00
    175.078    13.2844    35.6853  1027.6521     1.9167     4.1945     71.491    0.00053    5.86721    5.86507      7.988    -0.0658   10.65049   4.204351 1.0649e-13    26.8712    26.8661 1.0000e-12    176.500          1      26361    1504.86 9.3907e+02  54902.859   1098.330 1621810062      -0.20     -0.362   39.52564  -72.38558 0.0000e+00
    174.583    13.2873    35.6859  1027.6497     1.9168     4.1919     71.449   -0.00003    5.86704    5.86490      7.988    -0.0710   10.65020   4.204637 1.1757e-13    26.8710    26.8660 1.0000e-12    176.000          1      26394    1504.87 8.5512e+02  54902.925   1099.696 1621810063       0.09     -0.404   39.52564  -72.38558 0.0000e+00
    174.089    13.2886    35.6864  1027.6476     1.9176     4.1949     71.518    0.00044    5.86547    5.86331      7.988    -0.0635   10.64759   4.204774 1.0507e-13    26.8712    26.8661 1.0000e-12    175.500          1      26445    1504.86 9.5297e+02  54903.183   1101.820 1621810065       0.06     -0.234   39.52564  -72.38556 0.0000e+00
    173.600    13.2988    35.6864  1027.6433     1.9199     4.2035     71.678    0.00124    5.86445    5.86227 -9.990e-29    -0.0800   10.64588   4.205864 1.0324e-13    26.8691    26.8640 1.0000e-12    175.000          1      26498    1504.89 9.6865e+02  54901.447   1104.041 1621810067      -0.24     -0.178   39.52564  -72.38556 0.0000e+00
    173.100    13.3028    35.6881  1027.6416     1.9212     4.2082     71.771    0.00171    5.86341    5.86122 -9.990e-29    -0.0792   10.64417   4.206328 1.0362e-13    26.8695    26.8645 1.0000e-12    174.500          1      26516    1504.90 9.6505e+02  54902.847   1104.810 1621810068      -0.32     -0.444   39.52564  -72.38556 0.0000e+00
    172.604    13.3051    35.6880  1027.6388     1.9213     4.2058     71.737    0.00127    5.86280    5.86061 -9.990e-29    -0.0685   10.64317   4.206522 1.0421e-13    26.8689    26.8639 1.0000e-12    174.000          1      26533    1504.90 9.5959e+02  54902.047   1105.500 1621810069      -0.20     -0.624   39.52564  -72.38556 0.0000e+00
    172.105    13.3061    35.6885  1027.6367     1.9223     4.2062     71.752    0.00079    5.86211    5.85990 -9.990e-29    -0.0685   10.64200   4.206655 1.0482e-13    26.8691    26.8641 1.0000e-12    173.500          1      26548    1504.89 9.5402e+02  54902.377   1106.137 1621810069      -0.12     -0.720   39.52564  -72.38554 0.0000e+00
    171.608    13.3090    35.6890  1027.6343     1.9233     4.2102     71.824    0.00110    5.86191    5.85970 -9.990e-29    -0.0792   10.64166   4.206970 1.0525e-13    26.8689    26.8639 1.0000e-12    173.000          1      26564    1504.89 9.5008e+02  54902.327   1106.789 1621810070      -0.04     -0.771   39.52564  -72.38554 0.0000e+00
    171.109    13.3154    35.6892  1027.6308     1.9244     4.2156     71.918    0.00156    5.86171    5.85951 -9.990e-29    -0.0691   10.64134   4.207666 1.0528e-13    26.8677    26.8627 1.0000e-12    172.500          1      26581    1504.90 9.4987e+02  54901.316   1107.509 1621810071       0.06     -0.756   39.52564  -72.38554 0.0000e+00
    170.615    13.3260    35.6898  1027.6269     1.9266     4.2205     72.001    0.00130    5.86177    5.85956 -9.990e-29    -0.0752   10.64143   4.208722 1.0463e-13    26.8660    26.8611 1.0000e-12    172.000          1      26623    1504.93 9.5572e+02  54900.455   1109.268 1621810073       0.14     -0.423   39.52564  -72.38553 0.0000e+00
    170.125    13.3343    35.6913  1027.6242     1.9280     4.2181     71.968    0.00014    5.86104    5.85883 -9.990e-29    -0.0691   10.64023   4.209643 1.0485e-13    26.8655    26.8605 1.0000e-12    171.500          1      26693    1504.95 9.5373e+02  54900.969   1112.156 1621810075      -0.24     -0.176   39.52564  -72.38552 0.0000e+00
    169.628    13.3327    35.6914  1027.6223     1.9286     4.2199     72.017    0.00045    5.85966    5.85743 -9.990e-29    -0.0730   10.63794   4.209396 1.0507e-13    26.8659    26.8609 1.0000e-12    171.000          1      26722    1504.94 9.5174e+02  54901.094   1113.362 1621810077      -0.06     -0.389   39.52564  -72.38552 0.0000e+00
    169.131    13.3321    35.6914  1027.6202     1.9290     4.2199     72.021    0.00028    5.85928    5.85704 -9.990e-29    -0.0741   10.63729   4.209375 1.0506e-13    26.8660    26.8610 1.0000e-12    170.500          1      26750    1504.93 9.5186e+02  54900.810   1114.527 1621810078      -0.03     -0.414   39.52563  -72.38551 0.0000e+00
    168.634    13.3453    35.6916  1027.6154     1.9301     4.2235     72.102    0.00076    5.85763    5.85537 -9.990e-29    -0.0889   10.63459   4.210736 1.0445e-13    26.8634    26.8585 1.0000e-12    170.000          1      26778    1504.96 9.5741e+02  54898.898   1115.721 1621810079       0.02     -0.434   39.52562  -72.38550 0.0000e+00
    168.144    13.3505    35.6920  1027.6125     1.9326     4.2304     72.272    0.00149    5.85337    5.85105 -9.990e-29    -0.0775   10.62763   4.211207 1.0259e-13    26.8627    26.8578 1.0000e-12    169.500          1      26810    1504.97 9.7481e+02  54898.502   1117.046 1621810080       0.02     -0.369   39.52562  -72.38550 0.0000e+00
    167.648    13.3532    35.6923  1027.6098     1.9368     4.2493     72.600    0.00317    5.85298    5.85066 -9.990e-29    -0.0656   10.62700   4.211486 1.0170e-13    26.8622    26.8574 1.0000e-12    169.000          1      26832    1504.97 9.8335e+02  54898.165   1117.954 1621810081      -0.18     -0.440   39.52562  -72.38550 0.0000e+00
    167.144    13.3652    35.6908  1027.6039     1.9414     4.2694     72.957    0.00487    5.85196    5.84963 -9.990e-29    -0.0658   10.62530   4.212693 1.0212e-13    26.8586    26.8538 1.0000e-12    168.500          1      26849    1505.01 9.7921e+02  54893.872   1118.677 1621810082      -0.19     -0.590   39.52562  -72.38550 0.0000e+00
    166.647    13.3937    35.6846  1027.5910     1.9485     4.2977     73.462    0.00694    5.85017    5.84781 -9.990e-29    -0.0658   10.62234   4.214828 1.0298e-13    26.8480    26.8431 1.0000e-12    168.000          1      26872    1505.08 9.7114e+02  54881.287   1119.610 1621810083       0.09     -0.625   39.52563  -72.38549 0.0000e+00
    166.160    13.4089    35.6814  1027.5832     1.9558     4.3152     73.773    0.00629    5.84931    5.84694 -9.990e-29    -0.0658   10.62088   4.215899 1.0400e-13    26.8424    26.8375 1.0000e-12    167.500          1      26903    1505.12 9.6150e+02  54874.405   1120.922 1621810084       0.13     -0.397   39.52564  -72.38548 0.0000e+00
    165.657    13.4233    35.6813  1027.5779     1.9600     4.3186     73.836    0.00437    5.84889    5.84651 -9.990e-29    -0.0668   10.62017   4.217380 1.1454e-13    26.8393    26.8345 1.0000e-12    167.000          1      26929    1505.16 8.7708e+02  54871.891   1121.998 1621810085      -0.08     -0.430   39.52564  -72.38548 0.0000e+00
    165.164    13.4375    35.6846  1027.5751     1.9655     4.3263     73.995    0.00298    5.84678    5.84438 -9.990e-29    -0.0705   10.61666   4.219026 1.0811e-13    26.8389    26.8340 1.0000e-12    166.500          1      26975    1505.20 9.2735e+02  54874.049   1123.937 1621810087       0.10     -0.283   39.52564  -72.38547 0.0000e+00
    164.672    13.4533    35.6874  1027.5718     1.9699     4.3288     74.088    0.00153    5.84277    5.84033      8.002    -0.0655   10.60997   4.220933 1.0169e-13    26.8378    26.8329 1.0000e-12    166.000          1      27035    1505.25 9.8310e+02  54875.397   1126.435 1621810090      -0.14     -0.187   39.52564  -72.38546 0.0000e+00
    164.177    13.4681    35.6896  1027.5682     1.9718     4.3278     74.143    0.00122    5.83716    5.83465      8.001    -0.0658   10.60059   4.222499 1.0141e-13    26.8364    26.8316 1.0000e-12    165.500          1      27063    1505.29 9.8612e+02  54876.009   1127.570 1621810091      -0.14     -0.372   39.52563  -72.38546 0.0000e+00
    163.682    13.4678    35.6915  1027.5675     1.9742     4.3366     74.341    0.00233    5.83338    5.83082      8.003    -0.0626   10.59430   4.222681 1.0119e-13    26.8380    26.8331 1.0000e-12    165.000          1      27082    1505.28 9.8821e+02  54878.482   1128.386 1621810092      -0.18     -0.499   39.52562  -72.38546 0.0000e+00
    163.184    13.4790    35.6932  1027.5643     1.9763     4.3437     74.486    0.00297    5.83162    5.82905      8.002    -0.0524   10.59132   4.224055 1.0109e-13    26.8369    26.8321 1.0000e-12    164.500          1      27098    1505.32 9.8928e+02  54878.807   1129.044 1621810092      -0.20     -0.628   39.52562  -72.38544 0.0000e+00
    162.683    13.4991    35.6938  1027.5583     1.9781     4.3490     74.578    0.00293    5.83147    5.82890      8.004    -0.0604   10.59105   4.226394 1.0145e-13    26.8332    26.8284 1.0000e-12    164.000          1      27113    1505.37 9.8573e+02  54876.782   1129.661 1621810093      -0.15     -0.741   39.52562  -72.38544 0.0000e+00
    162.185    13.5276    35.7000  1027.5549     1.9802     4.3559     74.694    0.00309    5.83160    5.82902      8.005    -0.0657   10.59126   4.229790 1.0417e-13    26.8322    26.8274 1.0000e-12    163.500          1      27129    1505.47 9.6128e+02  54880.591   1130.347 1621810094       0.01     -0.785   39.52562  -72.38544 0.0000e+00
    161.689    13.5639    35.7065  1027.5500     1.9825     4.3579     74.737    0.00222    5.83095    5.82837      8.006    -0.0570   10.59018   4.233989 1.0648e-13    26.8296    26.8248 1.0000e-12    163.000          1      27165    1505.58 9.4099e+02  54884.332   1131.842 1621810095       0.14     -0.519   39.52564  -72.38544 0.0000e+00
    161.199    13.5814    35.7134  1027.5495     1.9861     4.3592     74.801    0.00094    5.82771    5.82509      8.006    -0.0794   10.58477   4.236160 1.0822e-13    26.8314    26.8266 1.0000e-12    162.500          1      27240    1505.64 9.2738e+02  54891.125   1134.946 1621810098      -0.32     -0.196   39.52564  -72.38542 0.0000e+00
    160.703    13.5991    35.7148  1027.5446     1.9876     4.3626     74.877    0.00107    5.82635    5.82372      8.007    -0.0792   10.58250   4.238179 1.0252e-13    26.8287    26.8239 1.0000e-12    162.000          1      27268    1505.69 9.7623e+02  54890.240   1136.137 1621810099      -0.02     -0.417   39.52564  -72.38542 0.0000e+00
    160.212    13.6058    35.7163  1027.5421     1.9906     4.3744     75.109    0.00227    5.82415    5.82149      8.008    -0.0792   10.57884   4.238874 1.0007e-13    26.8285    26.8237 1.0000e-12    161.500          1      27295    1505.71 9.9929e+02  54891.085   1137.243 1621810101      -0.05     -0.409   39.52562  -72.38542 0.0000e+00
    159.714    13.6098    35.7185  1027.5408     1.9920     4.3772     75.187    0.00248    5.82175    5.81906      8.010    -0.0672   10.57483   4.239437 9.9701e-14    26.8293    26.8246 1.0000e-12    161.000          1      27313    1505.72 1.0030e+03  54893.245   1138.011 1621810101      -0.20     -0.519   39.52562  -72.38540 0.0000e+00
