CalculateIndicators/WaterTemperature/Data/CTD_NYOS/20210323_C18.cnv
* Sea-Bird SBE 9 Data File:
* FileName = C:\Seabird 9 CTD\Data\2021\202103_offshore\20210323_C18.hex
* Software Version Seasave V 7.23.2
* Temperature SN = 4590
* Conductivity SN = 3228
* Number of Bytes Per Scan = 44
* Number of Voltage Words = 5
* Number of Scans Averaged by the Deck Unit = 1
* NMEA Latitude = 40 15.80 N
* NMEA Longitude = 073 01.07 W
* NMEA UTC (Time) = Mar 23 2021  11:47:57
* NMEA baud rate = 4800
** Ship: RV Seawolf
** Station: 5.2
** Operator: TCM
# nquan = 31
# nvalues = 80                          
# units = specified
# name 0 = depSM: Depth [salt water, m]
# name 1 = t090C: Temperature [ITS-90, deg C]
# name 2 = sal00: Salinity, Practical [PSU]
# name 3 = density00: Density [density, kg/m^3]
# name 4 = sbeox0V: Oxygen raw, SBE 43 [V]
# name 5 = sbeox0ML/L: Oxygen, SBE 43 [ml/l]
# name 6 = sbeox0PS: Oxygen, SBE 43 [% saturation]
# name 7 = sbox0dV/dT: Oxygen, SBE 43 [dov/dt]
# name 8 = oxsolML/L: Oxygen Saturation, Garcia & Gordon [ml/l]
# name 9 = oxsatML/L: Oxygen Saturation, Weiss [ml/l]
# name 10 = ph: pH
# name 11 = flECO-AFL: Fluorescence, WET Labs ECO-AFL/FL [mg/m^3]
# name 12 = n2satML/L: Nitrogen Saturation [ml/l]
# name 13 = c0S/m: Conductivity [S/m]
# name 14 = cpar: CPAR/Corrected Irradiance [%]
# name 15 = sigma-é00: Density [sigma-theta, kg/m^3]
# name 16 = sigma-t00: Density [sigma-t, kg/m^3 ]
# name 17 = par: PAR/Irradiance, Biospherical/Licor
# name 18 = prDM: Pressure, Digiquartz [db]
# name 19 = pumps: Pump Status
# name 20 = scan: Scan Count
# name 21 = svCM: Sound Velocity [Chen-Millero, m/s]
# name 22 = spar: SPAR, Biospherical/Licor
# name 23 = specc: Specific Conductance [uS/cm]
# name 24 = timeS: Time, Elapsed [seconds]
# name 25 = timeY: Time, System [seconds]
# name 26 = accM: Acceleration [m/s^2]
# name 27 = dz/dtM: Descent Rate [m/s]
# name 28 = latitude: Latitude [deg]
# name 29 = longitude: Longitude [deg]
# name 30 = flag: flag
# span 0 =      0.913,     40.705       
# span 1 =     5.5464,     6.2286       
# span 2 =    32.9059,    32.9398       
# span 3 =  1025.9009,  1026.1575       
# span 4 =     2.4199,     2.5086       
# span 5 =     6.8289,     7.0523       
# span 6 =     96.500,    100.566       
# span 7 =   -0.00528,    0.00574       
# span 8 =    6.96647,    7.08025       
# span 9 =    6.97753,    7.09312       
# span 10 =      8.482,      8.505      
# span 11 =     0.7218,     1.0811      
# span 12 =   12.49978,   12.68794      
# span 13 =   3.213369,   3.274015      
# span 14 = 4.5366e-03, 5.0371e+01      
# span 15 =    25.8945,    25.9679      
# span 16 =    25.8943,    25.9675      
# span 17 = 9.4302e-03, 1.1597e+02      
# span 18 =      1.000,     41.000      
# span 19 =          1,          1      
# span 20 =        198,      11197      
# span 21 =    1470.74,    1473.20      
# span 22 = 1.8342e+02, 2.1741e+02      
# span 23 =  52412.248,  52616.394      
# span 24 =      8.222,    466.520      
# span 25 = 1616500087, 1616500545      
# span 26 =      -1.42,       0.48      
# span 27 =     -1.043,      0.812      
# span 28 =   40.26275,   40.26337      
# span 29 =  -73.01935,  -73.01798      
# span 30 = 0.0000e+00, 0.0000e+00      
# interval = decibars: 1                
# start_time = Mar 23 2021 11:47:59 [System UTC, first data scan.]
# bad_flag = -9.990e-29
*END*
      1.981     6.2108    32.9383  1025.9067     2.5077     6.9868    100.269   -0.00058    6.96953    6.98064      8.493     0.7838   12.50483   3.272003 3.0981e+01    25.8975    25.8975 5.7833e+01      2.000          1        198    1473.01 1.8573e+02  52415.287      8.222 1616500087       0.16      0.075   40.26337  -73.01798 0.0000e+00
      2.975     6.2109    32.9386  1025.9115     2.5078     6.9971    100.377    0.00025    6.96939    6.98049      8.493     0.7967   12.50458   3.272069 2.3059e+01    25.8977    25.8977 4.3305e+01      3.000          1        277    1473.03 1.8785e+02  52416.401     11.514 1616500090       0.03      0.332   40.26336  -73.01799 0.0000e+00
      3.964     6.2109    32.9386  1025.9161     2.5075     6.9933    100.333   -0.00023    6.96901    6.98011      8.493     0.7667   12.50396   3.272139 1.7704e+01    25.8977    25.8977 3.3155e+01      4.000          1        334    1473.04 1.8725e+02  52416.963     13.895 1616500093      -0.05      0.424   40.26336  -73.01800 0.0000e+00
      4.972     6.2127    32.9389  1025.9209     2.5075     6.9916    100.362   -0.00002    6.96873    6.97983 -9.990e-29     0.7575   12.50350   3.272368 1.4119e+01    25.8978    25.8977 2.6237e+01      5.000          1        369    1473.07 1.8579e+02  52417.722     15.331 1616500094       0.37      0.654   40.26336  -73.01800 0.0000e+00
      5.944     6.2144    32.9388  1025.9251     2.5073     6.9955    100.351   -0.00011    6.96841    6.97950      8.493     0.7948   12.50298   3.272553 1.1735e+01    25.8975    25.8974 2.2048e+01      6.000          1        425    1473.09 1.8779e+02  52417.759     17.657 1616500096      -0.34      0.396   40.26336  -73.01800 0.0000e+00
      6.953     6.2167    32.9391  1025.9298     2.5073     6.9937    100.364   -0.00011    6.96824    6.97933      8.493     0.7830   12.50269   3.272834 9.8024e+00    25.8975    25.8974 1.8211e+01      7.000          1        479    1473.12 1.8580e+02  52418.339     19.920 1616500099       0.39      0.439   40.26336  -73.01801 0.0000e+00
      7.945     6.2170    32.9390  1025.9343     2.5065     6.9895    100.315   -0.00040    6.96827    6.97936      8.493     0.7930   12.50274   3.272885 8.5690e+00    25.8974    25.8973 1.5907e+01      8.000          1        543    1473.14 1.8564e+02  52418.824     22.572 1616500101       0.28      0.604   40.26336  -73.01802 0.0000e+00
      8.920     6.2202    32.9393  1025.9386     2.5054     6.9866    100.256   -0.00052    6.96833    6.97942      8.493     0.8050   12.50283   3.273234 7.4062e+00    25.8972    25.8971 1.3748e+01      9.000          1        589    1473.16 1.8563e+02  52418.887     24.512 1616500103      -0.10      0.506   40.26336  -73.01802 0.0000e+00
      9.932     6.2183    32.9391  1025.9434     2.5054     6.9906    100.287   -0.00022    6.96821    6.97929      8.493     0.7970   12.50263   3.273085 6.3418e+00    25.8973    25.8972 1.1754e+01     10.000          1        620    1473.17 1.8534e+02  52419.965     25.798 1616500104       0.03      0.734   40.26336  -73.01804 0.0000e+00
     10.908     6.2105    32.9384  1025.9484     2.5041     7.0076    100.237   -0.00058    6.98127    6.99256      8.494     0.8059   12.52424   3.272280 5.2253e+00    25.8978    25.8976 9.6330e+00     11.000          1        728    1473.16 1.8447e+02  52421.921     30.283 1616500109       0.09      0.052   40.26334  -73.01804 0.0000e+00
     11.905     6.1850    32.9387  1025.9565     2.5007     6.9935    100.072   -0.00128    7.01635    7.02820      8.497     0.7793   12.58223   3.270192 4.6129e+00    25.9012    25.9010 8.5628e+00     12.000          1        765    1473.07 1.8563e+02  52430.347     31.853 1616500111       0.28      0.564   40.26334  -73.01804 0.0000e+00
     12.904     6.1308    32.9340  1025.9641     2.4951     6.9967     99.530   -0.00397    7.02278    7.03473      8.499     0.7780   12.59287   3.264218 4.1345e+00    25.9042    25.9041 7.6746e+00     13.000          1        799    1472.87 1.8563e+02  52439.767     33.242 1616500112      -0.05      0.736   40.26334  -73.01806 0.0000e+00
     13.892     5.9269    32.9287  1025.9898     2.4952     7.0420     99.936   -0.00036    7.03157    7.04365      8.499     0.7826   12.60745   3.246223 3.6308e+00    25.9252    25.9251 6.7397e+00     14.000          1        855    1472.07 1.8563e+02  52493.040     35.569 1616500114      -0.10      0.426   40.26334  -73.01806 0.0000e+00
     14.885     5.8083    32.9216  1026.0033     2.4920     7.0435     99.701   -0.00159    7.05020    7.06259      8.500     0.7773   12.63825   3.235043 3.1200e+00    25.9340    25.9339 5.7916e+00     15.000          1        932    1471.60 1.8563e+02  52518.965     38.787 1616500118       0.12      0.359   40.26334  -73.01806 0.0000e+00
     15.868     5.7156    32.9199  1026.0178     2.4926     7.0523     99.993    0.00074    7.05390    7.06634      8.500     0.7892   12.64438   3.227378 2.7992e+00    25.9439    25.9437 5.1959e+00     16.000          1        988    1471.24 1.8563e+02  52545.082     41.130 1616500120       0.13      0.390   40.26334  -73.01806 0.0000e+00
     16.872     5.7111    32.9192  1026.0224     2.4927     7.0516     99.944    0.00015    7.05654    7.06902      8.500     0.7812   12.64876   3.227065 2.4216e+00    25.9438    25.9436 4.4951e+00     17.000          1       1028    1471.24 1.8563e+02  52546.086     42.803 1616500122      -0.11      0.539   40.26334  -73.01808 0.0000e+00
     17.860     5.6869    32.9164  1026.0277     2.4910     7.0456     99.803   -0.00067    7.06107    7.07363      8.501     0.7649   12.65626   3.224863 2.0854e+00    25.9445    25.9443 3.8862e+00     18.000          1       1104    1471.15 1.8630e+02  52550.103     45.944 1616500125       0.06      0.290   40.26332  -73.01808 0.0000e+00
     18.847     5.6652    32.9150  1026.0338     2.4893     7.0462     99.727   -0.00074    7.06392    7.07651 -9.990e-29     0.7579   12.66097   3.223007 1.8497e+00    25.9460    25.9458 3.4325e+00     19.000          1       1162    1471.08 1.8558e+02  52555.499     48.374 1616500127       0.15      0.396   40.26332  -73.01808 0.0000e+00
     19.847     5.6506    32.9140  1026.0394     2.4879     7.0375     99.669   -0.00073    7.06565    7.07828 -9.990e-29     0.7589   12.66383   3.221755 1.5858e+00    25.9469    25.9468 2.9572e+00     20.000          1       1211    1471.04 1.8652e+02  52559.171     50.400 1616500129      -0.10      0.446   40.26332  -73.01809 0.0000e+00
     20.833     5.6307    32.9136  1026.0461     2.4830     7.0158     99.364   -0.00160    7.06808    7.08076 -9.990e-29     0.8036   12.66781   3.220149 1.3902e+00    25.9490    25.9488 2.5487e+00     21.000          1       1296    1470.97 1.8342e+02  52565.461     53.977 1616500133       0.06      0.235   40.26332  -73.01810 0.0000e+00
     21.833     5.6258    32.9149  1026.0523     2.4797     6.9983     99.163   -0.00196    7.06829    7.08097 -9.990e-29     0.8344   12.66814   3.219888 1.1952e+00    25.9506    25.9504 2.2376e+00     22.000          1       1333    1470.97 1.8723e+02  52569.492     55.509 1616500134       0.43      0.613   40.26332  -73.01812 0.0000e+00
     22.825     5.6167    32.9175  1026.0601     2.4750     6.9892     98.918   -0.00221    7.07131    7.08404      8.497     0.8330   12.67313   3.219432 1.0364e+00    25.9538    25.9536 1.9244e+00     23.000          1       1388    1470.96 1.8481e+02  52576.820     57.782 1616500136      -0.02      0.523   40.26331  -73.01812 0.0000e+00
     23.820     5.6047    32.9181  1026.0666     2.4682     6.9523     98.565   -0.00260    7.07695    7.08976      8.496     0.8719   12.68245   3.218479 8.6373e-01    25.9557    25.9555 1.6191e+00     24.000          1       1458    1470.92 -9.990e-29  52582.041     60.697 1616500139       0.28      0.549   40.26330  -73.01812 0.0000e+00
     24.804     5.5702    32.9163  1026.0739     2.4560     6.8973     97.692   -0.00528    7.07906    7.09191      8.491     0.8445   12.68594   3.215281 7.5397e-01    25.9584    25.9581 1.4145e+00     25.000          1       1518    1470.80 1.8760e+02  52590.817     63.224 1616500142      -0.13      0.385   40.26330  -73.01814 0.0000e+00
     25.800     5.5552    32.9156  1026.0798     2.4462     6.8806     97.285   -0.00462    7.07958    7.09244 -9.990e-29     0.9097   12.68681   3.214073 6.4748e-01    25.9596    25.9593 1.2147e+00     26.000          1       1568    1470.75 1.8760e+02  52595.179     65.299 1616500144       0.04      0.506   40.26330  -73.01815 0.0000e+00
     26.792     5.5509    32.9152  1026.0846     2.4391     6.8733     97.132   -0.00284    7.08014    7.09301 -9.990e-29     0.9160   12.68773   3.213755 5.3771e-01    25.9598    25.9595 1.0142e+00     27.000          1       1627    1470.75 1.8866e+02  52596.576     67.766 1616500146      -0.07      0.386   40.26330  -73.01816 0.0000e+00
     27.782     5.5464    32.9150  1026.0896     2.4331     6.8577     96.955   -0.00187    7.07926    7.09211      8.482     0.9686   12.68626   3.213426 4.6462e-01    25.9601    25.9599 8.7650e-01     28.000          1       1698    1470.75 1.8865e+02  52598.429     70.718 1616500149       0.06      0.354   40.26330  -73.01816 0.0000e+00
     28.770     5.5484    32.9158  1026.0946     2.4290     6.8398     96.753   -0.00190    7.07870    7.09155      8.483     1.0382   12.68534   3.213782 3.9057e-01    25.9605    25.9603 7.4433e-01     29.000          1       1750    1470.78 1.9060e+02  52599.681     72.888 1616500152       0.11      0.456   40.26329  -73.01816 0.0000e+00
     29.769     5.5534    32.9166  1026.0994     2.4257     6.8371     96.617   -0.00172    7.07806    7.09090      8.483     1.0314   12.68427   3.214341 3.2760e-01    25.9606    25.9604 6.2260e-01     30.000          1       1796    1470.81 1.9004e+02  52600.073     74.773 1616500153      -0.07      0.498   40.26328  -73.01818 0.0000e+00
     30.761     5.5582    32.9175  1026.1041     2.4233     6.8368     96.603   -0.00079    7.07714    7.08996 -9.990e-29     1.0187   12.68273   3.214903 2.7280e-01    25.9608    25.9605 5.1556e-01     31.000          1       1864    1470.85 1.8907e+02  52600.565     77.627 1616500156       0.14      0.362   40.26328  -73.01818 0.0000e+00
     31.739     5.5632    32.9188  1026.1091     2.4224     6.8349     96.656   -0.00004    7.07468    7.08747      8.483     1.0811   12.67861   3.215523 2.2541e-01    25.9612    25.9609 4.3742e-01     32.000          1       1944    1470.89 1.9398e+02  52601.643     80.945 1616500160       0.48      0.209   40.26328  -73.01818 0.0000e+00
     32.753     5.5684    32.9205  1026.1146     2.4218     6.8341     96.605   -0.00030    7.07447    7.08726      8.483     1.0398   12.67825   3.216188 1.8006e-01    25.9620    25.9617 3.5119e-01     33.000          1       1966    1470.93 1.9507e+02  52603.205     81.877 1616500161       0.29      0.812   40.26328  -73.01819 0.0000e+00
     33.736     5.5772    32.9242  1026.1210     2.4216     6.8353     96.626   -0.00009    7.07355    7.08632      8.484     0.9728   12.67670   3.217305 1.4466e-01    25.9639    25.9635 2.8132e-01     34.000          1       2035    1470.98 1.9453e+02  52606.503     84.770 1616500163      -0.13      0.322   40.26328  -73.01820 0.0000e+00
     34.723     5.5829    32.9270  1026.1272     2.4220     6.8388     96.686    0.00017    7.07122    7.08397      8.487     0.9310   12.67281   3.218104 1.1640e-01    25.9654    25.9651 2.2776e-01     35.000          1       2110    1471.03 1.9562e+02  52609.537     87.886 1616500167       0.08      0.330   40.26327  -73.01821 0.0000e+00
     35.718     5.5911    32.9296  1026.1329     2.4232     6.8449     96.794    0.00052    7.07071    7.08345      8.487     0.9317   12.67196   3.219084 8.8454e-02    25.9665    25.9662 1.6904e-01     36.000          1       2165    1471.08 1.9116e+02  52611.493     90.161 1616500169       0.02      0.365   40.26326  -73.01822 0.0000e+00
     36.717     5.5968    32.9315  1026.1384     2.4236     6.8433     96.796    0.00023    7.07054    7.08327      8.487     0.9313   12.67166   3.219785 6.4886e-02    25.9673    25.9670 1.2715e-01     37.000          1       2216    1471.12 1.9632e+02  52613.157     92.286 1616500171       0.09      0.500   40.26326  -73.01822 0.0000e+00
     37.700     5.5992    32.9324  1026.1434     2.4237     6.8454     96.787   -0.00006    7.07026    7.08299      8.487     0.9289   12.67120   3.220099 4.8782e-02    25.9677    25.9674 9.6344e-02     38.000          1       2284    1471.15 1.9749e+02  52614.361     95.106 1616500174       0.30      0.270   40.26326  -73.01823 0.0000e+00
     38.698     5.6002    32.9324  1026.1480     2.4242     6.8479     96.843    0.00022    7.07022    7.08295      8.487     0.9281   12.67114   3.220228 2.9828e-02    25.9677    25.9673 5.8793e-02     39.000          1       2331    1471.17 1.9697e+02  52614.923     97.099 1616500176      -0.08      0.462   40.26326  -73.01824 0.0000e+00
     39.693     5.6012    32.9327  1026.1527     2.4244     6.8458     96.843    0.00010    7.07013    7.08286      8.487     0.9109   12.67099   3.220365 1.6528e-02    25.9678    25.9674 3.3178e-02     40.000          1       2713    1471.19 2.0128e+02  52615.635    113.018 1616500192       0.10      0.212   40.26324  -73.01828 0.0000e+00
     40.705     5.6035    32.9332  1026.1575     2.4234     6.8425     96.772    0.00007    7.07058    7.08331      8.487     0.8984   12.67173   3.220640 4.5366e-03    25.9679    25.9675 9.4302e-03     41.000          1       4085    1471.22 2.0451e+02  52616.394    170.152 1616500249      -0.32      0.585   40.26315  -73.01844 0.0000e+00
     39.699     5.6028    32.9328  1026.1526     2.4233     6.8390     96.770   -0.00002    7.07073    7.08346      8.487     0.9001   12.67198   3.220462 1.3903e-02    25.9677    25.9673 2.7974e-02     40.000          1       3906    1471.20 2.0121e+02  52615.304    162.712 1616500241      -1.07     -0.381   40.26316  -73.01842 0.0000e+00
     38.677     5.5995    32.9321  1026.1477     2.4230     6.8386     96.741   -0.00020    7.07046    7.08319      8.487     0.9057   12.67154   3.220079 2.6879e-02    25.9675    25.9672 5.3189e-02     39.000          1       3921    1471.17 1.9813e+02  52614.638    163.330 1616500242      -0.52     -1.043   40.26316  -73.01842 0.0000e+00
     37.698     5.5893    32.9287  1026.1417     2.4227     6.8355     96.682   -0.00036    7.07279    7.08555      8.487     0.9120   12.67544   3.218821 4.2516e-02    25.9660    25.9657 8.6667e-02     38.000          1       4106    1471.10 2.0379e+02  52612.214    171.034 1616500250       0.30     -0.765   40.26314  -73.01845 0.0000e+00
     36.714     5.5852    32.9273  1026.1365     2.4221     6.8382     96.674   -0.00001    7.07334    7.08611 -9.990e-29     0.9353   12.67636   3.218341 6.2443e-02    25.9654    25.9651 1.2842e-01     37.000          1       4216    1471.07 2.0563e+02  52610.702    175.614 1616500254      -0.00     -0.194   40.26314  -73.01847 0.0000e+00
     35.720     5.5858    32.9274  1026.1318     2.4222     6.8407     96.657   -0.00002    7.07459    7.08737 -9.990e-29     0.9456   12.67845   3.218358 8.5088e-02    25.9654    25.9651 1.7475e-01     36.000          1       4292    1471.05 2.0537e+02  52609.917    178.791 1616500257      -0.35     -0.479   40.26312  -73.01848 0.0000e+00
     34.727     5.5825    32.9260  1026.1265     2.4224     6.8387     96.686    0.00016    7.07470    7.08749      8.487     0.9531   12.67865   3.217873 1.0764e-01    25.9647    25.9644 2.2106e-01     35.000          1       4327    1471.02 -9.990e-29  52608.283    180.266 1616500259       0.03     -0.689   40.26312  -73.01848 0.0000e+00
