CalculateIndicators/WaterTemperature/Data/CTD_NYOS/20210521_C05.cnv
* Sea-Bird SBE 9 Data File:
* FileName = C:\Seabird 9 CTD\Data\2021\202105_offshore\20210521_C05.hex
* Software Version Seasave V 7.23.2
* Temperature SN = 4590
* Conductivity SN = 3228
* Number of Bytes Per Scan = 44
* Number of Voltage Words = 5
* Number of Scans Averaged by the Deck Unit = 1
* NMEA Latitude = 38 55.86 N
* NMEA Longitude = 073 13.04 W
* NMEA UTC (Time) = May 21 2021  19:06:21
* NMEA baud rate = 4800
** Ship: seawolf
** Station: 7.5
** Operator: TDK
# nquan = 31
# nvalues = 280                         
# units = specified
# name 0 = depSM: Depth [salt water, m]
# name 1 = t090C: Temperature [ITS-90, deg C]
# name 2 = sal00: Salinity, Practical [PSU]
# name 3 = density00: Density [density, kg/m^3]
# name 4 = sbeox0V: Oxygen raw, SBE 43 [V]
# name 5 = sbeox0ML/L: Oxygen, SBE 43 [ml/l]
# name 6 = sbeox0PS: Oxygen, SBE 43 [% saturation]
# name 7 = sbox0dV/dT: Oxygen, SBE 43 [dov/dt]
# name 8 = oxsolML/L: Oxygen Saturation, Garcia & Gordon [ml/l]
# name 9 = oxsatML/L: Oxygen Saturation, Weiss [ml/l]
# name 10 = ph: pH
# name 11 = flECO-AFL: Fluorescence, WET Labs ECO-AFL/FL [mg/m^3]
# name 12 = n2satML/L: Nitrogen Saturation [ml/l]
# name 13 = c0S/m: Conductivity [S/m]
# name 14 = cpar: CPAR/Corrected Irradiance [%]
# name 15 = sigma-é00: Density [sigma-theta, kg/m^3]
# name 16 = sigma-t00: Density [sigma-t, kg/m^3 ]
# name 17 = par: PAR/Irradiance, Biospherical/Licor
# name 18 = prDM: Pressure, Digiquartz [db]
# name 19 = pumps: Pump Status
# name 20 = scan: Scan Count
# name 21 = svCM: Sound Velocity [Chen-Millero, m/s]
# name 22 = spar: SPAR, Biospherical/Licor
# name 23 = specc: Specific Conductance [uS/cm]
# name 24 = timeS: Time, Elapsed [seconds]
# name 25 = timeY: Time, System [seconds]
# name 26 = accM: Acceleration [m/s^2]
# name 27 = dz/dtM: Descent Rate [m/s]
# name 28 = latitude: Latitude [deg]
# name 29 = longitude: Longitude [deg]
# name 30 = flag: flag
# span 0 =      1.979,     71.454       
# span 1 =     8.2568,    13.7549       
# span 2 =    32.5366,    34.6959       
# span 3 =  1024.3431,  1026.8030       
# span 4 =     1.9628,     2.7975       
# span 5 =     4.4940,     7.2703       
# span 6 =     73.028,    114.522       
# span 7 =   -0.06415,    0.05791       
# span 8 =    5.92242,    6.64233       
# span 9 =    5.91894,    6.64865       
# span 10 =      7.931,      8.127      
# span 11 =     0.0349,     0.9157      
# span 12 =   10.77490,   11.96183      
# span 13 =   3.470019,   3.924190      
# span 14 = 2.3087e-02, 3.9819e+01      
# span 15 =    24.3343,    26.4807      
# span 16 =    24.3342,    26.4790      
# span 17 = 2.6986e-01, 4.8180e+02      
# span 18 =      2.000,     72.000      
# span 19 =          1,          1      
# span 20 =        410,      18511      
# span 21 =    1481.78,    1499.91      
# span 22 = 1.1607e+03, 1.2519e+03      
# span 23 =  50388.903,  53783.390      
# span 24 =     17.040,    771.260      
# span 25 = 1621623998, 1621624753      
# span 26 =      -0.60,       0.58      
# span 27 =     -0.817,      0.832      
# span 28 =   38.93110,   38.93228      
# span 29 =  -73.21853,  -73.21740      
# span 30 = 0.0000e+00, 0.0000e+00      
# interval = decibars: 0.5              
# start_time = May 21 2021 19:06:21 [System UTC, first data scan.]
# bad_flag = -9.990e-29
*END*
[from data line 234]
     24.815     9.8052    32.9407  1025.4901     2.7387     7.1436    111.202    0.00169    6.42397    6.42698 -9.990e-29     0.4965   11.60324   3.591060 3.1362e+00    25.3770    25.3765 3.8366e+01     25.000          1      14965    1487.03 1.2233e+03  51578.952    623.495 1621624605      -0.21     -0.305   38.93198  -73.21834 0.0000e+00
     24.314     9.8381    32.9426  1025.4839     2.7405     7.1528    111.334    0.00218    6.42463    6.42765 -9.990e-29     0.4850   11.60437   3.594175 3.3212e+00    25.3731    25.3726 4.0474e+01     24.500          1      14964    1487.14 1.2187e+03  51574.803    623.453 1621624605      -0.25     -0.496   38.93198  -73.21834 0.0000e+00
     23.811     9.8357    32.9384  1025.4787     2.7427     7.1631    111.482    0.00264    6.42532    6.42835 -9.990e-29     0.4849   11.60552   3.593209 3.5130e+00    25.3702    25.3697 4.2707e+01     24.000          1      14981    1487.12 1.2157e+03  51569.149    624.183 1621624605      -0.14     -0.646   38.93198  -73.21834 0.0000e+00
     23.319     9.8226    32.9296  1025.4717     2.7480     7.1858    111.800    0.00333    6.42737    6.43041      8.094     0.4579   11.60897   3.591125 3.6697e+00    25.3654    25.3650 4.4747e+01     23.500          1      15018    1487.06 1.2193e+03  51558.955    625.715 1621624607       0.20     -0.415   38.93198  -73.21834 0.0000e+00
     22.827     9.8104    32.9232  1025.4665     2.7532     7.2002    111.968    0.00234    6.43064    6.43373      8.096     0.4483   11.61447   3.589339 3.7422e+00    25.3625    25.3621 4.6022e+01     23.000          1      15067    1487.00 1.2298e+03  51552.022    627.757 1621624609      -0.19     -0.204   38.93199  -73.21834 0.0000e+00
     22.327     9.7958    32.9170  1025.4618     2.7541     7.2013    111.898    0.00100    6.43559    6.43874      8.096     0.4180   11.62283   3.587324 3.9443e+00    25.3600    25.3596 4.8448e+01     22.500          1      15103    1486.93 1.2284e+03  51545.792    629.255 1621624611       0.05     -0.331   38.93200  -73.21834 0.0000e+00
     21.835     9.7765    32.9115  1025.4584     2.7557     7.2102    111.951    0.00073    6.44051    6.44371      8.095     0.3938   11.63115   3.584928 4.2100e+00    25.3589    25.3585 5.1420e+01     22.000          1      15148    1486.84 1.2214e+03  51541.599    631.122 1621624612      -0.10     -0.233   38.93200  -73.21834 0.0000e+00
     21.335     9.7418    32.8966  1025.4502     2.7584     7.2278    112.167    0.00176    6.44379    6.44702      8.096     0.3530   11.63677   3.580176 4.4697e+00    25.3529    25.3525 5.4288e+01     21.500          1      15181    1486.69 1.2146e+03  51526.930    632.509 1621624614       0.01     -0.358   38.93200  -73.21834 0.0000e+00
     20.841     9.7185    32.8829  1025.4411     2.7617     7.2427    112.346    0.00194    6.44671    6.44997      8.096     0.3283   11.64170   3.576774 4.6945e+00    25.3460    25.3456 5.7149e+01     21.000          1      15220    1486.58 1.2173e+03  51511.872    634.137 1621624615      -0.02     -0.293   38.93200  -73.21834 0.0000e+00
     20.343     9.6992    32.8666  1025.4292     2.7650     7.2564    112.535    0.00228    6.44812    6.45139      8.097     0.3474   11.64406   3.573470 4.8345e+00    25.3365    25.3361 5.9462e+01     20.500          1      15255    1486.48 1.2299e+03  51492.347    635.591 1621624617       0.01     -0.347   38.93200  -73.21834 0.0000e+00
     19.848     9.6790    32.8574  1025.4231     2.7696     7.2664    112.753    0.00241    6.44451    6.44773      8.098     0.3411   11.63819   3.570735 5.0192e+00    25.3326    25.3322 6.1580e+01     20.000          1      15305    1486.39 1.2269e+03  51483.120    637.648 1621624619       0.06     -0.245   38.93200  -73.21835 0.0000e+00
     19.360     9.6715    32.8538  1025.4193     2.7727     7.2542    112.755    0.00101    6.43358    6.43665 -9.990e-29     0.3501   11.62006   3.569781 5.1799e+00    25.3309    25.3306 6.3224e+01     19.500          1      15352    1486.35 1.2206e+03  51479.127    639.633 1621624621      -0.19     -0.204   38.93201  -73.21836 0.0000e+00
     18.855     9.6830    32.8458  1025.4088     2.7744     7.2634    112.889    0.00154    6.43411    6.43719 -9.990e-29     0.3239   11.62094   3.570288 5.4542e+00    25.3228    25.3225 6.6098e+01     19.000          1      15370    1486.37 1.2119e+03  51465.148    640.386 1621624622      -0.32     -0.442   38.93202  -73.21836 0.0000e+00
     18.352     9.7130    32.8460  1025.4017     2.7741     7.2605    112.849    0.00125    6.43380    6.43688 -9.990e-29     0.3237   11.62040   3.573154 5.8041e+00    25.3180    25.3177 7.0156e+01     18.500          1      15389    1486.47 1.2087e+03  51459.349    641.183 1621624622      -0.10     -0.622   38.93202  -73.21836 0.0000e+00
     17.864     9.7762    32.8507  1025.3928     2.7742     7.2501    112.732    0.00007    6.43124    6.43427      8.099     0.3237   11.61627   3.579198 6.0362e+00    25.3114    25.3110 7.3877e+01     18.000          1      15462    1486.70 1.2241e+03  51453.377    644.200 1621624625       0.02     -0.293   38.93202  -73.21836 0.0000e+00
     17.370     9.7817    32.8488  1025.3882     2.7736     7.2428    112.670   -0.00009    6.42830    6.43128      8.099     0.3237   11.61153   3.579386 6.1102e+00    25.3090    25.3087 7.5210e+01     17.500          1      15521    1486.71 1.2309e+03  51449.367    646.682 1621624628      -0.40     -0.354   38.93202  -73.21836 0.0000e+00
     16.867     9.7921    32.8459  1025.3819     2.7731     7.2372    112.584   -0.00077    6.42829    6.43127      8.099     0.3237   11.61151   3.580049 6.4480e+00    25.3049    25.3046 7.9151e+01     17.000          1      15538    1486.74 1.2276e+03  51442.894    647.363 1621624629      -0.24     -0.597   38.93202  -73.21836 0.0000e+00
     16.368     9.8046    32.8413  1025.3739     2.7723     7.2350    112.550   -0.00072    6.42825    6.43123      8.099     0.2882   11.61143   3.580677 6.8579e+00    25.2993    25.2990 8.3740e+01     16.500          1      15561    1486.77 1.2211e+03  51433.672    648.316 1621624630       0.11     -0.620   38.93202  -73.21836 0.0000e+00
     15.881     9.8229    32.8333  1025.3624     2.7713     7.2378    112.516   -0.00046    6.43268    6.43571      8.099     0.2995   11.61890   3.581448 7.1421e+00    25.2900    25.2897 8.7571e+01     16.000          1      15664    1486.81 1.2262e+03  51418.557    652.611 1621624634      -0.14     -0.166   38.93204  -73.21836 0.0000e+00
     15.379     9.8176    32.8316  1025.3597     2.7725     7.2534    112.712    0.00115    6.43539    6.43845      8.099     0.3172   11.62345   3.580654 7.4832e+00    25.2896    25.2893 9.2117e+01     15.500          1      15708    1486.79 1.2310e+03  51416.900    654.439 1621624636      -0.23     -0.411   38.93204  -73.21836 0.0000e+00
     14.885     9.7905    32.8226  1025.3549     2.7780     7.2284    113.023    0.00264    6.39555    6.39804      8.098     0.2912   11.55801   3.577199 7.8092e+00    25.2871    25.2868 9.5618e+01     15.000          1      15749    1486.67 1.2244e+03  51409.204    656.159 1621624637       0.13     -0.330   38.93204  -73.21836 0.0000e+00
     14.394     9.7785    32.8112  1025.3458     2.7971     7.2537    114.522    0.01082    6.33381    6.33546      8.093     0.2591   11.45594   3.575371 7.9142e+00    25.2801    25.2798 9.6401e+01     14.500          1      15796    1486.60 1.2180e+03  51395.388    658.130 1621624639      -0.17     -0.218   38.93204  -73.21836 0.0000e+00
     13.889    10.0326    32.7747  1025.2727     2.7975     7.2603    114.310    0.00758    6.35141    6.35331      8.088     0.2475   11.48496   3.597079 8.3229e+00    25.2094    25.2092 1.0152e+02     14.000          1      15820    1487.47 1.2197e+03  51294.954    659.134 1621624640      -0.14     -0.427   38.93206  -73.21836 0.0000e+00
     13.396    10.5399    32.7589  1025.1722     2.7660     7.0261    111.429   -0.00736    6.30546    6.30673      8.083     0.2123   11.40910   3.640897 8.6400e+00    25.1113    25.1111 1.0600e+02     13.500          1      15903    1489.26 1.2270e+03  51180.296    662.582 1621624644      -0.14     -0.278   38.93206  -73.21837 0.0000e+00
     12.899    10.6800    32.7638  1025.1494     2.7537     6.9552    110.862   -0.00626    6.27374    6.27460 -9.990e-29     0.1903   11.35663   3.653618 9.0443e+00    25.0908    25.0905 1.1094e+02     13.000          1      15956    1489.76 1.2266e+03  51161.222    664.781 1621624646      -0.19     -0.441   38.93206  -73.21838 0.0000e+00
     12.403    10.8483    32.7492  1025.1064     2.7462     6.9255    110.489   -0.00621    6.26808    6.26887 -9.990e-29     0.1689   11.34719   3.667009 9.3809e+00    25.0501    25.0499 1.1477e+02     12.500          1      15987    1490.33 1.2234e+03  51111.971    666.063 1621624647       0.09     -0.440   38.93206  -73.21838 0.0000e+00
     11.907    10.9637    32.7557  1025.0889     2.7380     6.9082    110.194   -0.00491    6.26912    6.26992      8.075     0.1565   11.34887   3.677778 9.5906e+00    25.0349    25.0346 1.1757e+02     12.000          1      16028    1490.74 1.2258e+03  51101.080    667.791 1621624649       0.04     -0.298   38.93206  -73.21838 0.0000e+00
     11.412    11.0176    32.7653  1025.0846     2.7295     6.8846    110.082   -0.00066    6.25409    6.25470      8.073     0.1329   11.32399   3.682837 1.0042e+01    25.0329    25.0326 1.2324e+02     11.500          1      16136    1490.93 1.2272e+03  51105.113    672.284 1621624654      -0.46     -0.241   38.93208  -73.21840 0.0000e+00
     10.907    11.0951    32.7631  1025.0668     2.7275     6.8842    110.043   -0.00004    6.25594    6.25657      8.073     0.1333   11.32699   3.689326 1.0691e+01    25.0173    25.0171 1.3128e+02     11.000          1      16438    1491.19 1.2280e+03  51088.767    684.870 1621624666      -0.16     -0.417   38.93210  -73.21840 0.0000e+00
     10.415    11.1733    32.7686  1025.0549     2.7364     6.8696    110.540    0.00180    6.21474    6.21483      8.079     0.1483   11.25889   3.696790 1.0859e+01    25.0077    25.0075 1.3393e+02     10.500          1      17747    1491.46 1.2336e+03  51083.409    739.431 1621624721      -0.22     -0.466   38.93221  -73.21849 0.0000e+00
      9.914    11.2743    32.7647  1025.0315     2.7395     6.8429    110.572    0.00097    6.18861    6.18836      8.078     0.1473   11.21581   3.706368 1.1254e+01    24.9866    24.9864 1.3881e+02     10.000          1      17879    1491.80 1.2334e+03  51061.076    744.911 1621624726      -0.06     -0.713   38.93222  -73.21850 0.0000e+00
      9.430    11.6118    32.7438  1024.9518     2.7278     6.7596    109.497   -0.00501    6.17338    6.17293      8.074     0.1469   11.19064   3.734579 1.1428e+01    24.9092    24.9090 1.4090e+02      9.500          1      17958    1492.95 1.2329e+03  50977.322    748.213 1621624729       0.14     -0.186   38.93223  -73.21850 0.0000e+00
      8.932    11.7204    32.7306  1024.9194     2.7242     6.6849    109.407   -0.00247    6.11018    6.10892      8.067     0.1237   11.08637   3.742895 1.2218e+01    24.8790    24.8788 1.5242e+02      9.000          1      18004    1493.30 1.2475e+03  50941.968    750.126 1621624731      -0.07     -0.288   38.93224  -73.21850 0.0000e+00
      8.439    11.6787    32.7511  1024.9407     2.7339     6.7101    110.480    0.00643    6.07360    6.07189      8.059     0.1148   11.02571   3.741219 1.2617e+01    24.9026    24.9024 1.5748e+02      8.500          1      18039    1493.17 1.2480e+03  50976.865    751.564 1621624733      -0.05     -0.328   38.93224  -73.21850 0.0000e+00
      7.941    11.9998    32.6941  1024.8347     2.7294     6.6349    109.905    0.00255    6.03688    6.03473      8.055     0.1087   10.96479   3.767222 1.3031e+01    24.7988    24.7986 1.6263e+02      8.000          1      18062    1494.20 1.2480e+03  50847.066    752.523 1621624734      -0.16     -0.438   38.93224  -73.21850 0.0000e+00
      7.444    12.3218    32.6974  1024.7743     2.7218     6.5349    108.797   -0.00683    6.00656    6.00404      8.054     0.1034   10.91465   3.797134 1.3902e+01    24.7408    24.7406 1.7326e+02      7.500          1      18082    1495.30 1.2463e+03  50804.846    753.360 1621624735      -0.10     -0.553   38.93224  -73.21850 0.0000e+00
      6.947    12.4423    32.6903  1024.7436     2.7142     6.4893    108.264   -0.00880    5.99397    5.99132      8.054     0.0954   10.89363   3.805807 1.5067e+01    24.7123    24.7121 1.8682e+02      7.000          1      18101    1495.69 1.2399e+03  50776.723    754.184 1621624735      -0.02     -0.599   38.93224  -73.21850 0.0000e+00
      6.449    12.6526    32.7081  1024.7147     2.7026     6.4374    107.540   -0.01081    5.98606    5.98332      8.053     0.0957   10.88048   3.828084 1.6421e+01    24.6857    24.6855 2.0236e+02      6.500          1      18121    1496.42 1.2324e+03  50773.383    755.009 1621624736      -0.00     -0.608   38.93224  -73.21850 0.0000e+00
      5.950    12.9610    32.6962  1024.6432     2.6847     6.3584    106.284   -0.01595    5.98245    5.97966      8.053     0.1084   10.87458   3.855371 1.7873e+01    24.6164    24.6163 2.1988e+02      6.000          1      18145    1497.43 1.2303e+03  50714.290    755.995 1621624737       0.09     -0.568   38.93224  -73.21850 0.0000e+00
      5.457    13.1957    32.7050  1024.6014     2.6623     6.3099    105.434   -0.01253    5.98467    5.98192      8.053     0.1046   10.87806   3.876281 1.7619e+01    24.5769    24.5768 2.1931e+02      5.500          1      18191    1498.22 1.2449e+03  50694.968    757.927 1621624739       0.12     -0.289   38.93226  -73.21850 0.0000e+00
      4.965    13.1481    32.7171  1024.6180     2.6562     6.3032    106.018    0.00078    5.94536    5.94214      8.052     0.0871   10.81299   3.872306 1.7369e+01    24.5957    24.5955 2.1744e+02      5.000          1      18251    1498.07 1.2519e+03  50717.496    760.418 1621624742      -0.10     -0.187   38.93226  -73.21852 0.0000e+00
      4.475    13.3702    32.7110  1024.5669     2.6556     6.2691    105.810   -0.00124    5.92484    5.92139      8.051     0.1035   10.77892   3.892400 2.0591e+01    24.5468    24.5466 2.5709e+02      4.500          1      18279    1498.79 1.2486e+03  50679.885    761.578 1621624743      -0.17     -0.349   38.93226  -73.21852 0.0000e+00
      3.975    13.2128    32.7321  1024.6123     2.6552     6.2739    105.857   -0.00031    5.92673    5.92330      8.050     0.1080   10.78199   3.878698 2.3221e+01    24.5944    24.5943 2.8871e+02      4.000          1      18295    1498.28 1.2434e+03  50730.001    762.266 1621624744      -0.29     -0.508   38.93226  -73.21852 0.0000e+00
      3.470    13.4962    32.7046  1024.5320     2.6550     6.2705    105.852   -0.00024    5.92383    5.92036      8.049     0.0712   10.77716   3.904957 2.5645e+01    24.5165    24.5164 3.1769e+02      3.500          1      18309    1499.18 1.2389e+03  50655.536    762.835 1621624744      -0.32     -0.689   38.93226  -73.21852 0.0000e+00
      2.967    13.5538    32.7167  1024.5275     2.6541     6.2661    105.784   -0.00064    5.92353    5.92006      8.051     0.0815   10.77662   3.909484 2.8359e+01    24.5142    24.5141 3.5062e+02      3.000          1      18325    1499.38 1.2364e+03  50664.422    763.491 1621624745      -0.07     -0.817   38.93226  -73.21852 0.0000e+00
      2.469    13.7064    32.7184  1024.4958     2.6513     6.2635    105.688   -0.00014    5.92639    5.92297 -9.990e-29     0.0785   10.78130   3.923340 2.9925e+01    24.4847    24.4846 3.7147e+02      2.500          1      18511    1499.87 1.2413e+03  50647.660    771.260 1621624753       0.22     -0.594   38.93228  -73.21853 0.0000e+00
