CalculateIndicators/WaterTemperature/Data/CTD_NYOS/20210324_C26.cnv
* Sea-Bird SBE 9 Data File:
* FileName = C:\Seabird 9 CTD\Data\2021\202103_offshore\20210324_C26.hex
* Software Version Seasave V 7.23.2
* Temperature SN = 4590
* Conductivity SN = 3228
* Number of Bytes Per Scan = 44
* Number of Voltage Words = 5
* Number of Scans Averaged by the Deck Unit = 1
* NMEA Latitude = 40 05.98 N
* NMEA Longitude = 072 36.65 W
* NMEA UTC (Time) = Mar 24 2021  18:57:50
* NMEA baud rate = 4800
** Ship: RV Seawolf
** Station: 4.3
** Operator: EIH
# nquan = 31
# nvalues = 105                         
# units = specified
# name 0 = depSM: Depth [salt water, m]
# name 1 = t090C: Temperature [ITS-90, deg C]
# name 2 = sal00: Salinity, Practical [PSU]
# name 3 = density00: Density [density, kg/m^3]
# name 4 = sbeox0V: Oxygen raw, SBE 43 [V]
# name 5 = sbeox0ML/L: Oxygen, SBE 43 [ml/l]
# name 6 = sbeox0PS: Oxygen, SBE 43 [% saturation]
# name 7 = sbox0dV/dT: Oxygen, SBE 43 [dov/dt]
# name 8 = oxsolML/L: Oxygen Saturation, Garcia & Gordon [ml/l]
# name 9 = oxsatML/L: Oxygen Saturation, Weiss [ml/l]
# name 10 = ph: pH
# name 11 = flECO-AFL: Fluorescence, WET Labs ECO-AFL/FL [mg/m^3]
# name 12 = n2satML/L: Nitrogen Saturation [ml/l]
# name 13 = c0S/m: Conductivity [S/m]
# name 14 = cpar: CPAR/Corrected Irradiance [%]
# name 15 = sigma-é00: Density [sigma-theta, kg/m^3]
# name 16 = sigma-t00: Density [sigma-t, kg/m^3 ]
# name 17 = par: PAR/Irradiance, Biospherical/Licor
# name 18 = prDM: Pressure, Digiquartz [db]
# name 19 = pumps: Pump Status
# name 20 = scan: Scan Count
# name 21 = svCM: Sound Velocity [Chen-Millero, m/s]
# name 22 = spar: SPAR, Biospherical/Licor
# name 23 = specc: Specific Conductance [uS/cm]
# name 24 = timeS: Time, Elapsed [seconds]
# name 25 = timeY: Time, System [seconds]
# name 26 = accM: Acceleration [m/s^2]
# name 27 = dz/dtM: Descent Rate [m/s]
# name 28 = latitude: Latitude [deg]
# name 29 = longitude: Longitude [deg]
# name 30 = flag: flag
# span 0 =      1.966,     53.592       
# span 1 =     6.6550,     7.7659       
# span 2 =    33.2514,    33.3295       
# span 3 =  1026.0050,  1026.3442       
# span 4 =     2.4234,     2.6589       
# span 5 =     6.6384,     7.2584       
# span 6 =     96.605,    107.567       
# span 7 =   -0.01540,    0.01549       
# span 8 =    6.70755,    6.88342       
# span 9 =    6.71507,    6.89357       
# span 10 =      8.504,      8.574      
# span 11 =     0.3958,     1.7366      
# span 12 =   12.06729,   12.35873      
# span 13 =   3.339823,   3.444569      
# span 14 = 2.8506e-03, 3.4254e+01      
# span 15 =    25.9915,    26.0967      
# span 16 =    25.9914,    26.0963      
# span 17 = 2.8422e-02, 3.4740e+02      
# span 18 =      2.000,     54.000      
# span 19 =          1,          1      
# span 20 =        103,      12990      
# span 21 =    1475.44,    1479.61      
# span 22 = 9.7780e+02, 1.0265e+03      
# span 23 =  52555.108,  52787.228      
# span 24 =      4.269,    541.213      
# span 25 = 1616612274, 1616612811      
# span 26 =      -0.56,       0.57      
# span 27 =     -0.927,      0.896      
# span 28 =   40.09973,   40.10073      
# span 29 =  -72.61310,  -72.61091      
# span 30 = 0.0000e+00, 0.0000e+00      
# interval = decibars: 1                
# start_time = Mar 24 2021 18:57:50 [System UTC, first data scan.]
# bad_flag = -9.990e-29
*END*
      1.974     7.7659    33.3295  1026.0051     2.6532     7.1835    107.039   -0.00042    6.70793    6.71545 -9.990e-29     0.8319   12.06791   3.444569 3.4254e+01    25.9960    25.9960 3.4740e+02      2.000          1        103    1479.55 1.0139e+03  52560.163      4.269 1616612274       0.48     -0.589   40.09973  -72.61091 0.0000e+00
      2.982     7.7609    33.3292  1026.0103     2.6542     7.1926    107.148   -0.00001    6.70816    6.71569 -9.990e-29     0.9015   12.06830   3.444112 2.8806e+01    25.9965    25.9965 2.9310e+02      3.000          1        279    1479.54 1.0175e+03  52561.696     11.581 1616612281       0.36      0.237   40.09975  -72.61095 0.0000e+00
      3.965     7.7608    33.3289  1026.0146     2.6548     7.1851    107.244    0.00033    6.70917    6.71671 -9.990e-29     0.9242   12.06997   3.444163 2.3510e+01    25.9963    25.9963 2.3999e+02      4.000          1        382    1479.56 1.0210e+03  52561.965     15.890 1616612286       0.18      0.569   40.09976  -72.61096 0.0000e+00
      4.961     7.7651    33.3288  1026.0185     2.6539     7.1901    107.093   -0.00077    6.70755    6.71507 -9.990e-29     0.9083   12.06729   3.444565 1.8425e+01    25.9956    25.9955 1.8895e+02      5.000          1        410    1479.59 1.0256e+03  52561.420     17.031 1616612287       0.18      0.761   40.09976  -72.61096 0.0000e+00
      5.956     7.7610    33.3288  1026.0236     2.6538     7.1944    107.153   -0.00041    6.71391    6.72152      8.561     1.0246   12.07781   3.444188 1.4521e+01    25.9962    25.9961 1.4869e+02      6.000          1        466    1479.59 1.0240e+03  52562.997     19.378 1616612289      -0.01      0.465   40.09976  -72.61098 0.0000e+00
      6.943     7.7568    33.3287  1026.0287     2.6504     7.1914    106.909   -0.00169    6.72485    6.73262      8.565     1.3340   12.09589   3.443856 1.3120e+01    25.9967    25.9966 1.3382e+02      7.000          1        532    1479.60 1.0201e+03  52564.593     22.124 1616612292       0.41      0.440   40.09976  -72.61100 0.0000e+00
      7.940     7.7216    33.3267  1026.0368     2.6512     7.2268    107.032   -0.00079    6.72356    6.73132      8.565     1.4131   12.09378   3.439970 1.0147e+01    26.0003    26.0001 1.0379e+02      8.000          1        560    1479.47 1.0229e+03  52571.171     23.306 1616612293       0.13      0.794   40.09978  -72.61100 0.0000e+00
      8.934     7.6619    33.3268  1026.0500     2.6548     7.2312    107.463    0.00163    6.72776    6.73558      8.565     1.4637   12.10074   3.435102 7.6489e+00    26.0089    26.0087 7.8499e+01      9.000          1        603    1479.26 1.0265e+03  52586.735     25.099 1616612295      -0.19      0.592   40.09978  -72.61100 0.0000e+00
      9.915     7.6543    33.3254  1026.0546     2.6551     7.2378    107.291   -0.00062    6.73398    6.74189      8.565     1.4731   12.11104   3.434380 6.4548e+00    26.0089    26.0087 6.6049e+01     10.000          1        665    1479.25 1.0233e+03  52587.308     27.656 1616612297       0.26      0.328   40.09978  -72.61101 0.0000e+00
     10.921     7.6135    33.3237  1026.0637     2.6549     7.2421    107.359   -0.00012    6.74528    6.75336      8.566     1.4912   12.12974   3.430471 5.2625e+00    26.0134    26.0132 5.3977e+01     11.000          1        698    1479.11 1.0258e+03  52595.695     29.022 1616612299       0.02      0.669   40.09978  -72.61102 0.0000e+00
     11.900     7.5592    33.3209  1026.0737     2.6535     7.2488    107.260   -0.00075    6.75200    6.76018      8.566     1.4924   12.14087   3.425146 4.2664e+00    26.0189    26.0187 4.3569e+01     12.000          1        753    1478.91 1.0212e+03  52606.112     31.326 1616612301      -0.04      0.349   40.09978  -72.61104 0.0000e+00
     12.906     7.5024    33.3188  1026.0848     2.6543     7.2584    107.404    0.00028    6.75473    6.76295 -9.990e-29     1.5058   12.14541   3.420105 3.5435e+00    26.0253    26.0251 3.6219e+01     13.000          1        789    1478.71 1.0223e+03  52618.088     32.837 1616612303       0.01      0.630   40.09978  -72.61104 0.0000e+00
     13.889     7.4593    33.3151  1026.0925     2.6487     7.2361    106.923   -0.00256    6.78144    6.79006      8.565     1.6552   12.18968   3.415998 2.9186e+00    26.0285    26.0283 2.9926e+01     14.000          1        865    1478.55 1.0252e+03  52624.470     35.982 1616612306      -0.03      0.224   40.09980  -72.61106 0.0000e+00
     14.884     7.3466    33.3072  1026.1066     2.6314     7.1731    105.633   -0.00758    6.81195    6.82102      8.562     1.6988   12.24019   3.404722 2.4871e+00    26.0380    26.0378 2.5443e+01     15.000          1        921    1478.13 1.0231e+03  52642.733     38.328 1616612308      -0.01      0.436   40.09980  -72.61106 0.0000e+00
     15.875     7.0421    33.2866  1026.1370     2.5929     7.0294    103.367   -0.01206    6.85433    6.86404      8.541     1.6634   12.31040   3.375249 2.0532e+00    26.0637    26.0635 2.0982e+01     16.000          1       1006    1476.94 1.0219e+03  52693.555     41.888 1616612312       0.09      0.228   40.09980  -72.61108 0.0000e+00
     16.871     6.8457    33.2772  1026.1607     2.5541     6.9149    101.143   -0.01540    6.86563    6.87552      8.527     1.7366   12.32912   3.357461 1.7293e+00    26.0827    26.0825 1.7679e+01     17.000          1       1067    1476.18 1.0223e+03  52733.782     44.426 1616612314      -0.00      0.462   40.09980  -72.61110 0.0000e+00
     17.859     6.7873    33.2727  1026.1696     2.5226     6.8149     99.884   -0.01258    6.87784    6.88791      8.519     1.6995   12.34939   3.352267 1.4763e+00    26.0869    26.0867 1.5101e+01     18.000          1       1125    1475.96 1.0229e+03  52743.793     46.838 1616612317       0.05      0.407   40.09980  -72.61110 0.0000e+00
     18.855     6.7001    33.2632  1026.1783     2.4893     6.7456     98.283   -0.01218    6.87980    6.88990      8.510     1.3750   12.35266   3.343868 1.2342e+00    26.0910    26.0908 1.2606e+01     19.000          1       1189    1475.63 1.0213e+03  52754.897     49.480 1616612319      -0.06      0.347   40.09981  -72.61112 0.0000e+00
     19.841     6.6739    33.2585  1026.1827     2.4638     6.7219     97.703   -0.00558    6.88094    6.89105      8.505     0.9156   12.35456   3.341569 1.0403e+00    26.0908    26.0906 1.0612e+01     20.000          1       1271    1475.53 1.0203e+03  52756.183     52.903 1616612323       0.07      0.306   40.09982  -72.61114 0.0000e+00
     20.844     6.6721    33.2582  1026.1873     2.4601     6.7240     97.752   -0.00328    6.88053    6.89064      8.505     0.8538   12.35389   3.341555 8.9614e-01    26.0908    26.0905 9.1545e+00     21.000          1       1308    1475.54 1.0215e+03  52756.855     54.445 1616612324       0.21      0.609   40.09982  -72.61114 0.0000e+00
     21.830     6.6736    33.2579  1026.1914     2.4553     6.7191     97.700   -0.00150    6.87747    6.88753      8.506     0.9192   12.34879   3.341870 7.8306e-01    26.0903    26.0901 7.9609e+00     22.000          1       1378    1475.56 1.0168e+03  52756.695     57.385 1616612327      -0.12      0.340   40.09982  -72.61116 0.0000e+00
     22.816     6.6808    33.2588  1026.1957     2.4560     6.7599     97.980    0.00093    6.86945    6.87940      8.512     1.1917   12.33547   3.342777 6.9292e-01    26.0901    26.0898 7.0605e+00     23.000          1       1454    1475.61 1.0190e+03  52756.682     60.530 1616612330       0.24      0.310   40.09982  -72.61116 0.0000e+00
     23.817     6.7257    33.2659  1026.2000     2.4673     6.8109     98.908    0.00462    6.86471    6.87458      8.515     1.2211   12.32756   3.347665 5.8982e-01    26.0898    26.0895 6.0127e+00     24.000          1       1502    1475.81 1.0194e+03  52755.168     62.528 1616612332      -0.07      0.450   40.09982  -72.61117 0.0000e+00
     24.798     6.7828    33.2758  1026.2048     2.4834     6.8046     99.616    0.00333    6.87009    6.88005      8.514     0.7998   12.33645   3.353642 4.9915e-01    26.0901    26.0898 5.0923e+00     25.000          1       1592    1476.06 1.0202e+03  52754.373     66.288 1616612336       0.31      0.213   40.09984  -72.61119 0.0000e+00
     25.802     6.7686    33.2756  1026.2112     2.4762     6.7316     98.663   -0.00278    6.87263    6.88263      8.509     0.6935   12.34067   3.352227 4.3817e-01    26.0919    26.0916 4.4666e+00     26.000          1       1620    1476.03 1.0194e+03  52758.766     67.446 1616612337       0.18      0.696   40.09984  -72.61120 0.0000e+00
     26.792     6.7354    33.2730  1026.2181     2.4634     6.6814     97.580   -0.00733    6.87362    6.88364      8.505     0.5058   12.34231   3.349045 3.8973e-01    26.0941    26.0938 3.9750e+00     27.000          1       1661    1475.91 1.0200e+03  52764.733     69.157 1616612339      -0.14      0.612   40.09984  -72.61120 0.0000e+00
     27.785     6.7155    33.2711  1026.2239     2.4489     6.6561     96.949   -0.00648    6.87350    6.88351      8.504     0.4606   12.34210   3.347221 3.3630e-01    26.0953    26.0950 3.4242e+00     28.000          1       1715    1475.84 1.0181e+03  52768.196     71.418 1616612341      -0.00      0.448   40.09984  -72.61121 0.0000e+00
     28.775     6.7148    33.2721  1026.2294     2.4375     6.6566     96.835   -0.00223    6.87294    6.88295 -9.990e-29     0.4180   12.34117   3.347361 2.8731e-01    26.0962    26.0959 2.9269e+00     29.000          1       1799    1475.86 1.0187e+03  52770.580     74.914 1616612345       0.57      0.345   40.09984  -72.61122 0.0000e+00
     29.766     6.7162    33.2724  1026.2341     2.4360     6.6577     96.872   -0.00121    6.87275    6.88275 -9.990e-29     0.4244   12.34084   3.347553 2.6067e-01    26.0963    26.0960 2.6500e+00     30.000          1       1837    1475.88 1.0166e+03  52771.365     76.493 1616612346      -0.12      0.677   40.09985  -72.61124 0.0000e+00
     30.761     6.7165    33.2729  1026.2390     2.4349     6.6574     96.865   -0.00072    6.87285    6.88285 -9.990e-29     0.4167   12.34101   3.347685 2.3799e-01    26.0966    26.0962 2.4157e+00     31.000          1       1870    1475.90 1.0150e+03  52772.535     77.895 1616612348       0.28      0.634   40.09986  -72.61124 0.0000e+00
     31.754     6.7170    33.2725  1026.2432     2.4332     6.6550     96.832   -0.00048    6.87263    6.88263 -9.990e-29     0.4351   12.34064   3.347740 2.0068e-01    26.0963    26.0959 2.0358e+00     32.000          1       1958    1475.92 1.0144e+03  52772.651     81.552 1616612351       0.09      0.409   40.09986  -72.61125 0.0000e+00
     32.738     6.7183    33.2730  1026.2480     2.4323     6.6560     96.843   -0.00015    6.87244    6.88244      8.504     0.4629   12.34033   3.347961 1.7654e-01    26.0965    26.0961 1.7953e+00     33.000          1       2024    1475.94 1.0169e+03  52773.644     84.302 1616612354       0.41      0.492   40.09986  -72.61126 0.0000e+00
     33.740     6.7188    33.2733  1026.2529 -9.990e-29     6.6536     96.850   -0.00005    6.87252    6.88252      8.504     0.4371   12.34047   3.348077 1.5861e-01    26.0967    26.0963 1.6096e+00     34.000          1       2048    1475.96 1.0148e+03  52774.753     85.308 1616612355       0.24      0.896   40.09986  -72.61128 0.0000e+00
     34.735     6.7194    33.2733  1026.2574     2.4319     6.6551     96.820   -0.00026    6.87248    6.88248      8.504     0.4403   12.34039   3.348171 1.4021e-01    26.0966    26.0962 1.4214e+00     35.000          1       2101    1475.98 1.0137e+03  52775.218     87.498 1616612357      -0.00      0.564   40.09986  -72.61128 0.0000e+00
     35.713     6.7198    33.2733  1026.2618     2.4318     6.6583     96.860   -0.00001    6.87239    6.88239      8.504     0.4507   12.34025   3.348249 1.2080e-01    26.0966    26.0962 1.2184e+00     36.000          1       2209    1475.99 1.0087e+03  52775.760     91.993 1616612362       0.07      0.185   40.09988  -72.61130 0.0000e+00
     36.720     6.7199    33.2735  1026.2667     2.4320     6.6553     96.880    0.00007    6.87245    6.88245      8.504     0.4187   12.34036   3.348327 1.0621e-01    26.0967    26.0963 1.0774e+00     37.000          1       2236    1476.01 1.0145e+03  52776.751     93.138 1616612363       0.44      0.661   40.09988  -72.61130 0.0000e+00
     37.706     6.7196    33.2731  1026.2710     2.4304     6.6455     96.737   -0.00067    6.87254    6.88254 -9.990e-29     0.4288   12.34050   3.348296 9.2282e-02    26.0965    26.0960 9.3510e-01     38.000          1       2294    1476.03 1.0133e+03  52776.979     95.557 1616612365      -0.18      0.423   40.09988  -72.61131 0.0000e+00
     38.696     6.7191    33.2732  1026.2757     2.4288     6.6478     96.700   -0.00040    6.87254    6.88254 -9.990e-29     0.4508   12.34050   3.348304 8.2331e-02    26.0966    26.0961 8.3558e-01     39.000          1       2363    1476.04 1.0149e+03  52777.868     98.425 1616612368       0.08      0.395   40.09988  -72.61132 0.0000e+00
     39.692     6.7190    33.2731  1026.2802     2.4288     6.6481     96.747   -0.00004    6.87255    6.88255 -9.990e-29     0.4353   12.34051   3.348330 7.1705e-02    26.0965    26.0961 7.2724e-01     40.000          1       2410    1476.06 1.0145e+03  52778.457    100.359 1616612370       0.04      0.518   40.09989  -72.61132 0.0000e+00
     40.679     6.7191    33.2729  1026.2847     2.4281     6.6463     96.709   -0.00023    6.87252    6.88252 -9.990e-29     0.4009   12.34047   3.348369 6.0362e-02    26.0964    26.0959 6.1202e-01     41.000          1       2484    1476.07 1.0138e+03  52778.840    103.442 1616612373      -0.04      0.270   40.09990  -72.61134 0.0000e+00
     41.674     6.7193    33.2729  1026.2892     2.4277     6.6466     96.708   -0.00019    6.87247    6.88246      8.504     0.4173   12.34038   3.348424 5.1775e-02    26.0964    26.0959 5.2375e-01     42.000          1       2539    1476.09 1.0117e+03  52779.467    105.747 1616612375       0.02      0.464   40.09990  -72.61135 0.0000e+00
     42.664     6.7195    33.2730  1026.2939     2.4276     6.6480     96.730   -0.00006    6.87251    6.88251      8.504     0.4419   12.34045   3.348507 4.6009e-02    26.0965    26.0960 4.6677e-01     43.000          1       2596    1476.11 1.0145e+03  52780.295    108.138 1616612378      -0.03      0.405   40.09990  -72.61136 0.0000e+00
     43.659     6.7191    33.2730  1026.2985     2.4274     6.6490     96.726   -0.00006    6.87248    6.88248      8.504     0.4327   12.34041   3.348513 4.0813e-02    26.0965    26.0960 4.1351e-01     44.000          1       2639    1476.12 1.0132e+03  52781.077    109.932 1616612380       0.18      0.554   40.09990  -72.61136 0.0000e+00
     44.649     6.7194    33.2729  1026.3031     2.4274     6.6472     96.743   -0.00005    6.87246    6.88246      8.504     0.4616   12.34036   3.348578 3.3177e-02    26.0964    26.0959 3.3594e-01     45.000          1       2717    1476.14 1.0124e+03  52781.640    113.181 1616612383      -0.08      0.324   40.09991  -72.61138 0.0000e+00
     45.636     6.7193    33.2731  1026.3078     2.4267     6.6462     96.690   -0.00045    6.87243    6.88243      8.504     0.4579   12.34032   3.348631 2.7732e-02    26.0966    26.0960 2.7987e-01     46.000          1       2793    1476.16 1.0093e+03  52782.535    116.343 1616612386       0.52      0.449   40.09992  -72.61138 0.0000e+00
     46.642     6.7197    33.2732  1026.3124     2.4265     6.6480     96.707   -0.00021    6.87240    6.88240      8.504     0.4498   12.34028   3.348713 2.3429e-02    26.0966    26.0960 2.3789e-01     47.000          1       2819    1476.17 1.0154e+03  52783.268    117.416 1616612387       0.10      0.860   40.09992  -72.61140 0.0000e+00
