CalculateIndicators/WaterTemperature/Data/CTD_NYOS/20210324_C22.cnv
* Sea-Bird SBE 9 Data File:
* FileName = C:\Seabird 9 CTD\Data\2021\202103_offshore\20210324_C22.hex
* Software Version Seasave V 7.23.2
* Temperature SN = 4590
* Conductivity SN = 3228
* Number of Bytes Per Scan = 44
* Number of Voltage Words = 5
* Number of Scans Averaged by the Deck Unit = 1
* NMEA Latitude = 39 01.23 N
* NMEA Longitude = 072 33.71 W
* NMEA UTC (Time) = Mar 24 2021  02:30:29
* NMEA baud rate = 4800
** Ship: RV Seawolf
** Station: 5.6
** Operator: TCM
# nquan = 31
# nvalues = 606                         
# units = specified
# name 0 = depSM: Depth [salt water, m]
# name 1 = t090C: Temperature [ITS-90, deg C]
# name 2 = sal00: Salinity, Practical [PSU]
# name 3 = density00: Density [density, kg/m^3]
# name 4 = sbeox0V: Oxygen raw, SBE 43 [V]
# name 5 = sbeox0ML/L: Oxygen, SBE 43 [ml/l]
# name 6 = sbeox0PS: Oxygen, SBE 43 [% saturation]
# name 7 = sbox0dV/dT: Oxygen, SBE 43 [dov/dt]
# name 8 = oxsolML/L: Oxygen Saturation, Garcia & Gordon [ml/l]
# name 9 = oxsatML/L: Oxygen Saturation, Weiss [ml/l]
# name 10 = ph: pH
# name 11 = flECO-AFL: Fluorescence, WET Labs ECO-AFL/FL [mg/m^3]
# name 12 = n2satML/L: Nitrogen Saturation [ml/l]
# name 13 = c0S/m: Conductivity [S/m]
# name 14 = cpar: CPAR/Corrected Irradiance [%]
# name 15 = sigma-é00: Density [sigma-theta, kg/m^3]
# name 16 = sigma-t00: Density [sigma-t, kg/m^3 ]
# name 17 = par: PAR/Irradiance, Biospherical/Licor
# name 18 = prDM: Pressure, Digiquartz [db]
# name 19 = pumps: Pump Status
# name 20 = scan: Scan Count
# name 21 = svCM: Sound Velocity [Chen-Millero, m/s]
# name 22 = spar: SPAR, Biospherical/Licor
# name 23 = specc: Specific Conductance [uS/cm]
# name 24 = timeS: Time, Elapsed [seconds]
# name 25 = timeY: Time, System [seconds]
# name 26 = accM: Acceleration [m/s^2]
# name 27 = dz/dtM: Descent Rate [m/s]
# name 28 = latitude: Latitude [deg]
# name 29 = longitude: Longitude [deg]
# name 30 = flag: flag
# span 0 =      1.949,    302.491       
# span 1 =    10.7355,    14.3172       
# span 2 =    35.3822,    35.8858       
# span 3 =  1026.7915,  1028.4873       
# span 4 =     1.4053,     2.3445       
# span 5 =     2.8907,     5.2131       
# span 6 =     46.905,     90.717       
# span 7 =   -0.08561,    0.12026       
# span 8 =    5.73918,    6.20084       
# span 9 =    5.73558,    6.20297       
# span 10 =      8.338,      8.545      
# span 11 =    -0.0790,     0.4563      
# span 12 =   10.43641,   11.20564      
# span 13 =   3.929968,   4.328666      
# span 14 = -1.017e+04, 9.9999e+04      
# span 15 =    26.7798,    27.1279      
# span 16 =    26.7792,    27.1212      
# span 17 = 1.0000e-12, 1.0000e-12      
# span 18 =      2.000,    305.000      
# span 19 =          1,          1      
# span 20 =         -2,      66744      
# span 21 =    1497.90,    1509.35      
# span 22 = 0.0000e+00, 2.1756e+00      
# span 23 =  54816.008,  55060.825      
# span 24 =     -0.116,   2780.961      
# span 25 = 1616553030, 1616555811      
# span 26 =      -1.30,       1.16      
# span 27 =     -2.337,      1.764      
# span 28 =   39.01756,   39.02052      
# span 29 =  -72.57728,  -72.56178      
# span 30 = 0.0000e+00, 0.0000e+00      
# interval = decibars: 1                
# start_time = Mar 24 2021 02:30:30 [System UTC, first data scan.]
# bad_flag = -9.990e-29
*END*
[from data line 188]
    189.473    14.3106    35.8842  1027.6514     2.2256     4.9833     86.827   -0.00062    5.73991    5.73632      8.537    -0.0016   10.43765   4.327970 5.0640e-11    26.8104    26.8044 1.0000e-12    191.000          1      17740    1508.68 1.9747e+00  55044.000    739.137 1616553769       1.16      0.726   39.01976  -72.56598 0.0000e+00
    190.469    14.3059    35.8828  1027.6559     2.2255     4.9870     86.859   -0.00028    5.74055    5.73696      8.536     0.0194   10.43871   4.327388 5.0640e-11    26.8104    26.8044 1.0000e-12    192.000          1      17836    1508.68 1.9747e+00  55043.322    743.141 1616553773       0.08      0.784   39.01976  -72.56600 0.0000e+00
    191.445    14.3021    35.8817  1027.6602     2.2244     4.9813     86.821   -0.00041    5.74167    5.73810      8.535     0.0071   10.44060   4.326955 5.0640e-11    26.8104    26.8043 1.0000e-12    193.000          1      17980    1508.68 1.9747e+00  55042.851    749.120 1616553779       0.13      0.160   39.01976  -72.56603 0.0000e+00
    192.440    14.2981    35.8805  1027.6646     2.2239     4.9851     86.828   -0.00000    5.74132    5.73774      8.535     0.0148   10.44001   4.326471 5.0640e-11    26.8104    26.8043 1.0000e-12    194.000          1      18065    1508.68 1.9747e+00  55042.352    752.687 1616553783       0.07      0.241   39.01975  -72.56605 0.0000e+00
    193.434    14.3007    35.8812  1027.6690     2.2251     4.9898     86.923    0.00022    5.74114    5.73756      8.534     0.0249   10.43970   4.326875 5.0640e-11    26.8104    26.8043 1.0000e-12    195.000          1      18184    1508.71 1.9747e+00  55043.536    757.637 1616553788       0.25      0.262   39.01974  -72.56607 0.0000e+00
    194.424    14.3011    35.8814  1027.6735     2.2249     4.9873     86.889   -0.00020    5.74115    5.73757      8.535     0.0180   10.43972   4.326982 5.0640e-11    26.8105    26.8043 1.0000e-12    196.000          1      18255    1508.73 1.9747e+00  55044.273    760.578 1616553790      -0.04      0.399   39.01974  -72.56610 0.0000e+00
    195.417    14.3012    35.8814  1027.6779     2.2239     4.9856     86.830   -0.00035    5.74136    5.73779      8.535     0.0008   10.44008   4.327041 5.0640e-11    26.8106    26.8043 1.0000e-12    197.000          1      18331    1508.74 1.9747e+00  55044.875    763.731 1616553794       0.15      0.358   39.01974  -72.56610 0.0000e+00
    196.414    14.3031    35.8819  1027.6823     2.2231     4.9785     86.773   -0.00093    5.74398    5.74043      8.534     0.0098   10.44446   4.327321 5.0640e-11    26.8106    26.8043 1.0000e-12    198.000          1      18446    1508.77 1.9747e+00  55045.918    768.540 1616553798       0.09      0.857   39.01974  -72.56614 0.0000e+00
    197.399    14.2846    35.8768  1027.6868     2.2215     4.9833     86.707   -0.00072    5.74265    5.73909      8.533     0.0029   10.44225   4.324885 5.0640e-11    26.8106    26.8043 1.0000e-12    199.000          1      18517    1508.72 1.9747e+00  55041.878    771.481 1616553801      -0.14      0.405   39.01974  -72.56614 0.0000e+00
    198.388    14.2772    35.8753  1027.6917     2.2207     4.9814     86.658   -0.00116    5.74478    5.74124 -9.990e-29    -0.0026   10.44582   4.324007 5.0640e-11    26.8110    26.8047 1.0000e-12    200.000          1      18656    1508.71 1.9747e+00  55041.354    777.283 1616553807       0.95      0.758   39.01972  -72.56618 0.0000e+00
    199.403    14.2623    35.8708  1027.6959     2.2204     4.9850     86.669   -0.00090    5.74687    5.74335      8.534     0.0126   10.44933   4.321943 5.0640e-11    26.8107    26.8044 1.0000e-12    201.000          1      18677    1508.67 1.9747e+00  55037.562    778.187 1616553808       0.30      1.154   39.01972  -72.56618 0.0000e+00
    200.383    14.2482    35.8674  1027.7008     2.2198     4.9815     86.695   -0.00027    5.74826    5.74476      8.534     0.0080   10.45165   4.320441 5.0640e-11    26.8112    26.8049 1.0000e-12    202.000          1      18790    1508.64 1.9747e+00  55035.474    782.870 1616553813       0.61      0.532   39.01972  -72.56621 0.0000e+00
    201.362    14.2512    35.8670  1027.7042     2.2190     4.9803     86.661   -0.00052    5.74711    5.74359 -9.990e-29     0.0383   10.44973   4.320537 5.0640e-11    26.8103    26.8039 1.0000e-12    203.000          1      18904    1508.66 1.9747e+00  55035.146    787.636 1616553817       0.55      0.742   39.01972  -72.56624 0.0000e+00
    202.365    14.2508    35.8676  1027.7092     2.2191     4.9852     86.670   -0.00036    5.74631    5.74279      8.534     0.0023   10.44840   4.320898 5.0640e-11    26.8109    26.8044 1.0000e-12    204.000          1      18926    1508.68 1.9747e+00  55036.462    788.540 1616553818       0.10      1.059   39.01972  -72.56624 0.0000e+00
    203.350    14.2754    35.8735  1027.7128     2.2197     4.9839     86.735    0.00002    5.74421    5.74067      8.534     0.0135   10.44488   4.324010 5.0640e-11    26.8102    26.8037 1.0000e-12    205.000          1      19061    1508.78 1.9747e+00  55041.945    794.177 1616553824      -0.27      0.706   39.01971  -72.56627 0.0000e+00
    204.341    14.2841    35.8759  1027.7172     2.2191     4.9829     86.702   -0.00025    5.74430    5.74076      8.533    -0.0083   10.44503   4.325111 5.0640e-11    26.8102    26.8037 1.0000e-12    206.000          1      19169    1508.83 1.9747e+00  55044.608    798.650 1616553829       0.20      0.376   39.01970  -72.56630 0.0000e+00
    205.343    14.2586    35.8689  1027.7218     2.2182     4.9870     86.667   -0.00031    5.74935    5.74586      8.533     0.0178   10.45349   4.321739 5.0640e-11    26.8103    26.8038 1.0000e-12    207.000          1      19271    1508.76 1.9747e+00  55039.046    802.918 1616553833       0.36      0.684   39.01970  -72.56632 0.0000e+00
    206.325    14.2093    35.8556  1027.7267     2.2177     4.9958     86.712    0.00026    5.75720    5.75380      8.534     0.0194   10.46667   4.315010 5.0640e-11    26.8106    26.8040 1.0000e-12    208.000          1      19370    1508.60 1.9747e+00  55027.763    807.059 1616553837      -0.17      0.704   39.01970  -72.56634 0.0000e+00
    207.317    14.1509    35.8415  1027.7329     2.2194     4.9953     86.812    0.00066    5.75301    5.74956      8.534     0.0178   10.45965   4.308197 5.0640e-11    26.8122    26.8056 1.0000e-12    209.000          1      19451    1508.41 1.9747e+00  55016.738    810.428 1616553840       0.17      0.438   39.01970  -72.56637 0.0000e+00
    208.325    14.1316    35.8354  1027.7369     2.2187     5.0046     86.819    0.00084    5.76250    5.75915      8.534     0.0047   10.47556   4.305165 5.0640e-11    26.8116    26.8051 1.0000e-12    210.000          1      19562    1508.36 1.9747e+00  55011.427    815.059 1616553845       0.19      1.104   39.01970  -72.56639 0.0000e+00
    209.287    14.0853    35.8227  1027.7414     2.2199     5.0118     86.864    0.00017    5.76868    5.76540      8.533     0.0274   10.48594   4.299581 5.0640e-11    26.8117    26.8051 1.0000e-12    211.000          1      19747    1508.21 1.9747e+00  55000.682    822.745 1616553853       0.24      0.129   39.01969  -72.56643 0.0000e+00
    210.289    14.0896    35.8235  1027.7456     2.2202     5.0148     86.889    0.00029    5.76776    5.76447      8.533     0.0227   10.48441   4.300073 5.0640e-11    26.8114    26.8048 1.0000e-12    212.000          1      19785    1508.24 1.9747e+00  55001.864    824.316 1616553854       0.75      0.699   39.01968  -72.56644 0.0000e+00
    211.296    14.0826    35.8220  1027.7504     2.2205     5.0074     86.929    0.00065    5.76728    5.76398      8.532     0.0131   10.48360   4.299448 5.0640e-11    26.8118    26.8051 1.0000e-12    213.000          1      19840    1508.23 1.9747e+00  55001.260    826.626 1616553857       0.12      1.076   39.01968  -72.56645 0.0000e+00
    212.279    14.0926    35.8248  1027.7548     2.2192     5.0101     86.827   -0.00025    5.76770    5.76440      8.532     0.0096   10.48429   4.300885 5.0640e-11    26.8118    26.8052 1.0000e-12    214.000          1      19972    1508.29 1.9747e+00  55004.347    832.131 1616553862       0.47      1.206   39.01968  -72.56650 0.0000e+00
    213.273    14.0913    35.8242  1027.7591     2.2196     5.0107     86.868    0.00006    5.76782    5.76453      8.532     0.0123   10.48451   4.300730 5.0640e-11    26.8117    26.8050 1.0000e-12    215.000          1      20049    1508.30 1.9747e+00  55004.253    835.324 1616553865      -0.15      1.022   39.01968  -72.56651 0.0000e+00
    214.259    14.0922    35.8242  1027.7632     2.2194     5.0113     86.897    0.00029    5.76718    5.76389      8.531     0.0310   10.48344   4.300887 5.0640e-11    26.8115    26.8047 1.0000e-12    216.000          1      20202    1508.32 1.9747e+00  55004.640    841.694 1616553872       0.05      0.612   39.01968  -72.56654 0.0000e+00
    215.239    14.0883    35.8229  1027.7675     2.2197     5.0110     86.920    0.00031    5.76921    5.76593      8.531     0.0121   10.48683   4.300438 5.0640e-11    26.8114    26.8046 1.0000e-12    217.000          1      20318    1508.32 1.9747e+00  55004.006    846.550 1616553876      -0.02      0.221   39.01968  -72.56657 0.0000e+00
    216.230    14.0825    35.8226  1027.7729     2.2182     5.0072     86.840   -0.00001    5.76772    5.76442      8.531     0.0184   10.48434   4.300002 5.0640e-11    26.8124    26.8056 1.0000e-12    218.000          1      20446    1508.32 1.9747e+00  55005.157    851.860 1616553882       0.65      0.650   39.01968  -72.56659 0.0000e+00
    217.244    14.0845    35.8219  1027.7765     2.2184     5.0087     86.842   -0.00008    5.76642    5.76312      8.531     0.0153   10.48217   4.299944 5.0640e-11    26.8114    26.8046 1.0000e-12    219.000          1      20471    1508.34 1.9747e+00  55004.211    852.924 1616553883       0.19      1.047   39.01968  -72.56660 0.0000e+00
    218.236    14.0798    35.8213  1027.7814     2.2175     5.0107     86.826   -0.00007    5.77040    5.76714      8.530     0.0122   10.48884   4.299542 5.0640e-11    26.8120    26.8052 1.0000e-12    220.000          1      20636    1508.34 1.9747e+00  55004.631    859.777 1616553890       0.85      1.082   39.01966  -72.56664 0.0000e+00
    219.218    14.0726    35.8186  1027.7853     2.2179     5.0116     86.895    0.00055    5.77046    5.76720 -9.990e-29     0.0219   10.48893   4.298500 5.0640e-11    26.8115    26.8046 1.0000e-12    221.000          1      20739    1508.33 1.9747e+00  55002.447    864.080 1616553894       0.04      0.758   39.01966  -72.56666 0.0000e+00
    220.208    14.0676    35.8171  1027.7897     2.2182     5.0118     86.903    0.00026    5.77067    5.76741 -9.990e-29     0.0391   10.48928   4.297898 5.0640e-11    26.8114    26.8045 1.0000e-12    222.000          1      20851    1508.33 1.9747e+00  55001.715    868.742 1616553899       0.29      0.879   39.01966  -72.56668 0.0000e+00
    221.196    14.0642    35.8166  1027.7944     2.2172     5.0140     86.803   -0.00050    5.77138    5.76813 -9.990e-29     0.0290   10.49049   4.297661 5.0640e-11    26.8117    26.8048 1.0000e-12    223.000          1      20949    1508.33 1.9747e+00  55002.046    872.832 1616553903      -0.12      0.752   39.01966  -72.56671 0.0000e+00
    222.181    14.0625    35.8155  1027.7984     2.2169     5.0163     86.804   -0.00037    5.77145    5.76820 -9.990e-29     0.0362   10.49060   4.297246 5.0640e-11    26.8113    26.8044 1.0000e-12    224.000          1      21050    1508.34 1.9747e+00  55001.158    877.033 1616553907       0.19      0.860   39.01966  -72.56673 0.0000e+00
    223.193    14.0575    35.8142  1027.8029     2.2175     5.0127     86.900    0.00055    5.77106    5.76781 -9.990e-29     0.0263   10.48995   4.296659 5.0640e-11    26.8114    26.8044 1.0000e-12    225.000          1      21099    1508.34 1.9747e+00  55000.696    879.093 1616553909       0.09      1.062   39.01965  -72.56675 0.0000e+00
    224.176    14.0657    35.8163  1027.8072     2.2170     5.0152     86.821   -0.00050    5.77075    5.76749 -9.990e-29     0.0254   10.48943   4.297819 5.0640e-11    26.8113    26.8043 1.0000e-12    226.000          1      21220    1508.39 1.9747e+00  55003.088    884.114 1616553914      -0.10      1.289   39.01964  -72.56678 0.0000e+00
    225.175    14.0621    35.8155  1027.8118     2.2169     5.0117     86.832   -0.00037    5.77135    5.76810      8.530     0.0220   10.49044   4.297432 5.0640e-11    26.8115    26.8045 1.0000e-12    227.000          1      21325    1508.39 1.9747e+00  55003.121    888.512 1616553919       0.04      1.114   39.01964  -72.56680 0.0000e+00
    226.168    14.0570    35.8143  1027.8165     2.2153     5.0069     86.747   -0.00068    5.77183    5.76859      8.530     0.0056   10.49125   4.296818 5.0640e-11    26.8117    26.8047 1.0000e-12    228.000          1      21433    1508.39 1.9747e+00  55002.756    892.983 1616553923      -0.21      1.309   39.01964  -72.56682 0.0000e+00
    227.143    14.0503    35.8125  1027.8208     2.2133     4.9970     86.626   -0.00119    5.77273    5.76949      8.530     0.0236   10.49275   4.295907 5.0640e-11    26.8117    26.8046 1.0000e-12    229.000          1      21606    1508.38 1.9747e+00  55001.656    900.224 1616553930       0.18      0.969   39.01964  -72.56686 0.0000e+00
    228.139    14.0469    35.8116  1027.8254     2.2124     5.0000     86.630   -0.00063    5.77242    5.76918      8.530     0.0226   10.49223   4.295615 5.0640e-11    26.8118    26.8047 1.0000e-12    230.000          1      21709    1508.39 1.9747e+00  55001.504    904.500 1616553934      -0.17      0.749   39.01963  -72.56689 0.0000e+00
    229.124    14.0527    35.8132  1027.8297     2.2119     5.0007     86.654   -0.00015    5.77188    5.76864      8.530     0.0149   10.49132   4.296426 5.0640e-11    26.8119    26.8047 1.0000e-12    231.000          1      21841    1508.42 1.9747e+00  55003.491    909.982 1616553940       0.24      0.261   39.01962  -72.56691 0.0000e+00
    230.114    14.0587    35.8151  1027.8343     2.2106     4.9930     86.586   -0.00033    5.77014    5.76688      8.530     0.0154   10.48840   4.297352 5.0640e-11    26.8121    26.8049 1.0000e-12    232.000          1      21956    1508.46 1.9747e+00  55005.919    914.794 1616553945       0.09      0.338   39.01962  -72.56694 0.0000e+00
    231.102    14.0683    35.8181  1027.8389     2.2086     4.9795     86.524   -0.00012    5.76715    5.76385      8.530     0.0194   10.48337   4.298733 5.0640e-11    26.8124    26.8051 1.0000e-12    233.000          1      22078    1508.51 1.9747e+00  55009.230    919.893 1616553950       0.44      0.344   39.01962  -72.56697 0.0000e+00
    232.096    14.0887    35.8238  1027.8434     2.2067     4.9792     86.322   -0.00149    5.76749    5.76420      8.530     0.0144   10.48395   4.301453 5.0640e-11    26.8125    26.8052 1.0000e-12    234.000          1      22110    1508.60 1.9747e+00  55014.930    921.226 1616553951       0.02      0.718   39.01962  -72.56698 0.0000e+00
    233.097    14.0951    35.8254  1027.8477     2.2050     4.9733     86.279   -0.00086    5.76811    5.76482      8.530     0.0138   10.48498   4.302215 5.0640e-11    26.8124    26.8051 1.0000e-12    235.000          1      22184    1508.64 1.9747e+00  55016.858    924.299 1616553954       0.03      0.740   39.01962  -72.56699 0.0000e+00
