CalculateIndicators/WaterTemperature/Data/CTD_NYOS/20210321_C05.cnv
* Sea-Bird SBE 9 Data File:
* FileName = C:\Seabird 9 CTD\Data\2021\202103_offshore\20210321_C05.hex
* Software Version Seasave V 7.23.2
* Temperature SN = 4590
* Conductivity SN = 3228
* Number of Bytes Per Scan = 44
* Number of Voltage Words = 5
* Number of Scans Averaged by the Deck Unit = 1
* NMEA Latitude = 39 42.59 N
* NMEA Longitude = 073 29.91 W
* NMEA UTC (Time) = Mar 21 2021  15:32:37
* NMEA baud rate = 4800
** Ship: RV Seawolf
** Station: 7.3
** Operator: TCM
# nquan = 31
# nvalues = 74                          
# units = specified
# name 0 = depSM: Depth [salt water, m]
# name 1 = t090C: Temperature [ITS-90, deg C]
# name 2 = sal00: Salinity, Practical [PSU]
# name 3 = density00: Density [density, kg/m^3]
# name 4 = sbeox0V: Oxygen raw, SBE 43 [V]
# name 5 = sbeox0ML/L: Oxygen, SBE 43 [ml/l]
# name 6 = sbeox0PS: Oxygen, SBE 43 [% saturation]
# name 7 = sbox0dV/dT: Oxygen, SBE 43 [dov/dt]
# name 8 = oxsolML/L: Oxygen Saturation, Garcia & Gordon [ml/l]
# name 9 = oxsatML/L: Oxygen Saturation, Weiss [ml/l]
# name 10 = ph: pH
# name 11 = flECO-AFL: Fluorescence, WET Labs ECO-AFL/FL [mg/m^3]
# name 12 = n2satML/L: Nitrogen Saturation [ml/l]
# name 13 = c0S/m: Conductivity [S/m]
# name 14 = cpar: CPAR/Corrected Irradiance [%]
# name 15 = sigma-é00: Density [sigma-theta, kg/m^3]
# name 16 = sigma-t00: Density [sigma-t, kg/m^3 ]
# name 17 = par: PAR/Irradiance, Biospherical/Licor
# name 18 = prDM: Pressure, Digiquartz [db]
# name 19 = pumps: Pump Status
# name 20 = scan: Scan Count
# name 21 = svCM: Sound Velocity [Chen-Millero, m/s]
# name 22 = spar: SPAR, Biospherical/Licor
# name 23 = specc: Specific Conductance [uS/cm]
# name 24 = timeS: Time, Elapsed [seconds]
# name 25 = timeY: Time, System [seconds]
# name 26 = accM: Acceleration [m/s^2]
# name 27 = dz/dtM: Descent Rate [m/s]
# name 28 = latitude: Latitude [deg]
# name 29 = longitude: Longitude [deg]
# name 30 = flag: flag
# span 0 =      0.977,     37.710       
# span 1 =     6.9166,     7.4629       
# span 2 =    33.3898,    33.4056       
# span 3 =  1026.0981,  1026.3453       
# span 4 =     2.4588,     2.5363       
# span 5 =     6.7060,     6.8685       
# span 6 =     98.132,    101.448       
# span 7 =   -0.00223,    0.00251       
# span 8 =    6.74205,    6.83567       
# span 9 =    6.75016,    6.84525       
# span 10 =      8.513,      8.526      
# span 11 =     0.1856,     1.1147      
# span 12 =   12.12358,   12.27802      
# span 13 =   3.377354,   3.423660      
# span 14 = 2.7846e-03, 1.3890e+02      
# span 15 =    26.0889,    26.1718      
# span 16 =    26.0889,    26.1714      
# span 17 = 1.8344e+00, 2.6807e+03      
# span 18 =      1.000,     38.000      
# span 19 =          1,          1      
# span 20 =         29,      11436      
# span 21 =    1476.88,    1478.47      
# span 22 = 7.9883e+02, 2.6929e+03      
# span 23 =  52725.501,  52906.554      
# span 24 =      1.156,    476.478      
# span 25 = 1616340760, 1616341235      
# span 26 =      -0.52,       0.41      
# span 27 =     -0.984,      0.588      
# span 28 =   39.70986,   39.71039      
# span 29 =  -73.49906,  -73.49864      
# span 30 = 0.0000e+00, 0.0000e+00      
# interval = decibars: 1                
# start_time = Mar 21 2021 15:32:39 [System UTC, first data scan.]
# bad_flag = -9.990e-29
*END*
      1.987     7.4629    33.3927  1026.0981     2.5363     6.8685    101.418    0.00057    6.74205    6.75016      8.518     0.1856   12.12358   3.423660 5.3092e+01    26.0889    26.0889 1.2416e+03      2.000          1         29    1478.47 2.2800e+03  52725.501      1.156 1616340760       0.27     -0.065   39.70986  -73.49864 0.0000e+00
      2.975     7.2258    33.3949  1026.1373     2.5241     6.8554    100.810   -0.00086    6.79839    6.80738      8.522     0.3570   12.21650   3.402101 6.1654e+01    26.1236    26.1236 9.7934e+02      3.000          1        318    1477.57 1.6379e+03  52790.568     13.212 1616340772       0.08      0.231   39.70986  -73.49864 0.0000e+00
      3.972     7.1827    33.3966  1026.1492     2.5244     6.8617    100.895   -0.00019    6.79758    6.80656      8.523     0.3831   12.21519   3.398569 3.6414e+01    26.1309    26.1308 7.3112e+02      4.000          1        366    1477.43 2.0555e+03  52805.000     15.216 1616340774       0.01      0.398   39.70986  -73.49864 0.0000e+00
      4.958     7.1552    33.3961  1026.1572     2.5241     6.8610    100.917   -0.00011    6.80135    6.81038      8.526     0.3766   12.22140   3.396262 3.6368e+01    26.1343    26.1342 5.9142e+02      5.000          1        456    1477.33 1.6535e+03  52812.231     18.971 1616340778       0.20      0.225   39.70988  -73.49866 0.0000e+00
      5.954     7.1403    33.3963  1026.1640     2.5234     6.8618    100.866   -0.00034    6.80188    6.81092 -9.990e-29     0.4377   12.22227   3.395055 1.9212e+01    26.1365    26.1364 3.9959e+02      6.000          1        510    1477.29 2.0782e+03  52817.145     21.225 1616340780      -0.06      0.411   39.70988  -73.49866 0.0000e+00
      6.948     7.1336    33.3965  1026.1697     2.5228     6.8593    100.862   -0.00020    6.80224    6.81129 -9.990e-29     0.4646   12.22288   3.394616 1.6543e+01    26.1376    26.1375 3.2504e+02      7.000          1        584    1477.28 1.9883e+03  52819.935     24.288 1616340783      -0.05      0.307   39.70988  -73.49866 0.0000e+00
      7.935     7.1302    33.3966  1026.1748     2.5206     6.8525    100.716   -0.00086    6.80393    6.81301 -9.990e-29     0.5765   12.22566   3.394425 1.7083e+01    26.1381    26.1380 2.4885e+02      8.000          1        678    1477.29 1.5508e+03  52821.625     28.219 1616340787       0.14      0.274   39.70988  -73.49866 0.0000e+00
      8.932     7.1228    33.3970  1026.1808     2.5197     6.8518    100.723   -0.00042    6.80387    6.81294 -9.990e-29     0.6085   12.22555   3.393827 1.8720e+01    26.1395    26.1394 2.1616e+02      9.000          1        719    1477.28 1.4274e+03  52824.876     29.934 1616340788       0.10      0.553   39.70988  -73.49868 0.0000e+00
      9.923     7.1201    33.3970  1026.1857     2.5192     6.8500    100.702   -0.00024    6.80389    6.81297 -9.990e-29     0.6621   12.22560   3.393661 2.0972e+01    26.1399    26.1397 1.7031e+02     10.000          1        793    1477.28 9.1896e+02  52826.225     33.006 1616340792       0.01      0.345   39.70989  -73.49868 0.0000e+00
     10.917     7.1168    33.3975  1026.1911 -9.990e-29     6.8490    100.642   -0.00041    6.80446    6.81355 -9.990e-29     0.7771   12.22653   3.393491 1.0608e+01    26.1407    26.1406 1.4882e+02     11.000          1        870    1477.29 1.5471e+03  52828.504     36.205 1616340795       0.41      0.526   39.70990  -73.49868 0.0000e+00
     11.910     7.1160    33.3977  1026.1960     2.5176     6.8511    100.692   -0.00002    6.80458    6.81366 -9.990e-29     0.8240   12.22672   3.393501 9.1933e+00    26.1410    26.1409 1.1311e+02     12.000          1        929    1477.30 1.5580e+03  52829.731     38.659 1616340797      -0.09      0.388   39.70990  -73.49868 0.0000e+00
     12.897     7.1154    33.3981  1026.2010     2.5158     6.8380    100.533   -0.00099    6.80518    6.81427      8.526     0.9711   12.22770   3.393548 5.0436e+00    26.1415    26.1413 9.8284e+01     13.000          1       1015    1477.32 1.9001e+03  52831.170     42.249 1616340801       0.17      0.320   39.70990  -73.49868 0.0000e+00
     13.896     7.1127    33.3986  1026.2064     2.5152     6.8469    100.561   -0.00039    6.80506    6.81416      8.525     0.9295   12.22750   3.393381 4.0307e+00    26.1422    26.1420 7.8839e+01     14.000          1       1057    1477.32 1.9945e+03  52833.257     43.998 1616340803       0.00      0.539   39.70990  -73.49868 0.0000e+00
     14.882     7.1061    33.3982  1026.2104     2.5130     6.8337    100.435   -0.00090    6.81162    6.82081      8.523     1.0012   12.23838   3.392636 3.0763e+00    26.1428    26.1426 6.3103e+01     15.000          1       1152    1477.31 2.0592e+03  52835.040     47.976 1616340807       0.02      0.167   39.70992  -73.49868 0.0000e+00
     15.878     7.0746    33.3971  1026.2196     2.5079     6.8182    100.099   -0.00191    6.81465    6.82389      8.521     1.0364   12.24339   3.389815 2.8751e+00    26.1463    26.1461 5.5980e+01     16.000          1       1214    1477.20 1.9700e+03  52842.618     50.551 1616340809      -0.02      0.425   39.70992  -73.49869 0.0000e+00
     16.869     7.0534    33.3957  1026.2260     2.5034     6.8069     99.915   -0.00169    6.81859    6.82789 -9.990e-29     1.0327   12.24990   3.387879 2.3170e+00    26.1481    26.1479 4.9406e+01     17.000          1       1278    1477.14 2.1319e+03  52847.008     53.205 1616340812       0.01      0.375   39.70992  -73.49870 0.0000e+00
     17.863     7.0298    33.3941  1026.2325     2.4978     6.7920     99.626   -0.00203    6.82372    6.83311 -9.990e-29     1.0368   12.25840   3.385644 2.1394e+00    26.1500    26.1498 4.3555e+01     18.000          1       1343    1477.06 2.0534e+03  52851.647     55.934 1616340814      -0.05      0.353   39.70992  -73.49870 0.0000e+00
     18.853     6.9883    33.3932  1026.2420     2.4900     6.7710     99.239   -0.00223    6.82666    6.83609      8.518     1.0061   12.26325   3.381880 1.7974e+00    26.1549    26.1547 3.6097e+01     19.000          1       1428    1476.91 2.0222e+03  52862.086     59.461 1616340818       0.02      0.279   39.70992  -73.49870 0.0000e+00
     19.844     6.9757    33.3930  1026.2482     2.4860     6.7720     99.159   -0.00120    6.82752    6.83696      8.518     1.0305   12.26465   3.380866 1.7084e+00    26.1565    26.1562 3.2035e+01     20.000          1       1494    1476.88 1.9334e+03  52865.902     62.228 1616340821       0.14      0.386   39.70992  -73.49870 0.0000e+00
     20.840     6.9711    33.3935  1026.2538     2.4847     6.7661     99.157   -0.00067    6.82747    6.83691      8.517     1.0670   12.26457   3.380584 1.8573e+00    26.1575    26.1573 2.9237e+01     21.000          1       1541    1476.88 1.6774e+03  52868.536     64.150 1616340823      -0.01      0.518   39.70994  -73.49870 0.0000e+00
     21.830     6.9696    33.3945  1026.2594     2.4820     6.7576     99.023   -0.00072    6.82696    6.83640 -9.990e-29     1.0064   12.26370   3.380653 1.2082e+00    26.1586    26.1583 2.4139e+01     22.000          1       1624    1476.89 1.9966e+03  52871.174     67.622 1616340826       0.08      0.304   39.70994  -73.49872 0.0000e+00
     22.824     6.9723    33.3962  1026.2650     2.4799     6.7539     98.959   -0.00049    6.82611    6.83554 -9.990e-29     1.0482   12.26225   3.381136 1.0987e+00    26.1595    26.1592 2.0844e+01     23.000          1       1702    1476.92 1.9152e+03  52873.462     70.885 1616340829       0.38      0.583   39.70994  -73.49872 0.0000e+00
     23.818     6.9761    33.4000  1026.2720     2.4781     6.7450     98.862   -0.00068    6.82625    6.83568 -9.990e-29     1.0298   12.26245   3.381871 1.7044e+00    26.1620    26.1617 1.7872e+01     24.000          1       1757    1476.95 1.3925e+03  52878.551     73.160 1616340832      -0.10      0.434   39.70994  -73.49872 0.0000e+00
     24.806     6.9744    33.4035  1026.2796     2.4749     6.7380     98.711   -0.00075    6.82699    6.83644      8.517     1.0487   12.26365   3.382067 7.2966e-01    26.1650    26.1647 1.5199e+01     25.000          1       1856 -9.990e-29 2.0434e+03  52884.741     77.276 1616340836       0.03      0.227   39.70995  -73.49872 0.0000e+00
     25.801     6.9700    33.4052  1026.2862     2.4731     6.7337     98.638   -0.00067    6.82695    6.83640      8.517     1.0632   12.26358   3.381884 6.1386e-01    26.1670    26.1667 1.2686e+01     26.000          1       1930    1476.97 2.0882e+03  52889.084     80.355 1616340839       0.01      0.328   39.70996  -73.49872 0.0000e+00
     26.788     6.9702    33.4055  1026.2910     2.4715     6.7372     98.616   -0.00027    6.82732    6.83677      8.517     1.0911   12.26418   3.381991 5.2365e-01    26.1672    26.1669 1.1114e+01     27.000          1       2016    1476.99 2.1204e+03  52890.111     83.964 1616340843       0.27      0.284   39.70996  -73.49872 0.0000e+00
     27.785     6.9655    33.4056  1026.2963     2.4715     6.7345     98.645   -0.00012    6.82954    6.83903      8.517     1.0302   12.26786   3.381578 4.4463e-01    26.1679    26.1676 9.5518e+00     28.000          1       2081    1476.99 2.1493e+03  52892.230     86.685 1616340845      -0.03      0.326   39.70996  -73.49872 0.0000e+00
     28.778     6.9530    33.4055  1026.3025     2.4689     6.7231     98.461   -0.00083    6.83120    6.84071      8.517     0.9935   12.27060   3.380485 3.8406e-01    26.1695    26.1691 8.0842e+00     29.000          1       2159    1476.95 2.1037e+03  52896.072     89.926 1616340848      -0.01      0.352   39.70997  -73.49872 0.0000e+00
     29.765     6.9380    33.4047  1026.3085     2.4652     6.7157     98.314   -0.00075    6.83404    6.84360      8.516     0.9914   12.27531   3.379126 3.9268e-01    26.1709    26.1706 6.7598e+00     30.000          1       2264    1476.91 1.7840e+03  52899.740     94.307 1616340853       0.08      0.164   39.70998  -73.49873 0.0000e+00
     30.763     6.9266    33.4036  1026.3138     2.4636     6.7115     98.202   -0.00107    6.83427    6.84383      8.515     0.9774   12.27570   3.378016 3.1944e-01    26.1716    26.1712 6.2488e+00     31.000          1       2309    1476.88 1.9770e+03  52901.933     96.187 1616340855       0.31      0.588   39.70998  -73.49874 0.0000e+00
     31.756     6.9247    33.4031  1026.3183     2.4629     6.7133     98.198   -0.00052    6.83456    6.84412      8.515     0.9811   12.27617   3.377928 2.3803e-01    26.1715    26.1711 5.0837e+00     32.000          1       2398    1476.89 2.1331e+03  52902.453     99.887 1616340858       0.04      0.460   39.70998  -73.49874 0.0000e+00
     32.746     6.9232    33.4029  1026.3229 -9.990e-29     6.7131     98.229   -0.00008    6.83513    6.84471      8.515     1.0063   12.27713   3.377821 2.2511e-01    26.1716    26.1712 4.4174e+00     33.000          1       2484    1476.90 1.9938e+03  52903.305    103.456 1616340862       0.08      0.530   39.70999  -73.49874 0.0000e+00
     33.741     6.9195    33.4025  1026.3277     2.4611     6.7117     98.215   -0.00012    6.83513    6.84470      8.514     1.0206   12.27712   3.377508 4.9912e-01    26.1718    26.1714 3.8282e+00     34.000          1       2535    1476.90 9.2616e+02  52904.421    105.586 1616340864      -0.06      0.480   39.71000  -73.49874 0.0000e+00
     34.726     6.9195    33.4024  1026.3322     2.4598     6.7104     98.144   -0.00040    6.83509    6.84466      8.516     1.0095   12.27706   3.377566 1.2301e-01    26.1717    26.1713 3.0652e+00     35.000          1       2662    1476.92 1.9927e+03  52904.913    110.893 1616340869       0.14      0.144   39.71000  -73.49874 0.0000e+00
     35.722     6.9208    33.4026  1026.3367     2.4602     6.7113     98.240    0.00028    6.83567    6.84525      8.515     1.0350   12.27802   3.377743 1.8454e-01    26.1716    26.1712 2.7360e+00     36.000          1       2709    1476.94 1.7743e+03  52905.487    112.820 1616340871       0.10      0.515   39.71000  -73.49874 0.0000e+00
     36.716     6.9166    33.4020  1026.3415     2.4588     6.7060     98.132   -0.00013    6.83565    6.84523      8.515     1.0294   12.27799   3.377354 1.9817e-01    26.1718    26.1713 2.3125e+00     37.000          1       2835    1476.94 1.4612e+03  52906.554    118.081 1616340877      -0.02      0.336   39.71001  -73.49875 0.0000e+00
     37.710     6.9253    33.4025  1026.3453     2.4598     6.7142     98.233    0.00044    6.83400    6.84355      8.514     0.8947   12.27526   3.378242 2.7846e-03    26.1710    26.1705 1.8344e+00     38.000          1       4288    1477.01 2.6929e+03  52905.529    178.646 1616340937      -0.21     -0.016   39.71006  -73.49883 0.0000e+00
     36.714     6.9230    33.4025  1026.3409     2.4602     6.7150     98.223    0.00021    6.83401    6.84357      8.514     0.9777   12.27528   3.377980 1.9266e-01    26.1713    26.1708 2.2141e+00     37.000          1       3901    1476.96 1.4706e+03  52905.439    162.504 1616340921      -0.08     -0.253   39.71006  -73.49880 0.0000e+00
     35.725     6.9254    33.4026  1026.3361     2.4608     6.7111     98.210    0.00005    6.83424    6.84380      8.514     0.9710   12.27565   3.378147 1.1553e-01    26.1710    26.1706 2.5668e+00     36.000          1       4006    1476.95 2.1946e+03  52904.316    166.859 1616340925      -0.52     -0.349   39.71006  -73.49880 0.0000e+00
     34.726     6.9246    33.4026  1026.3317     2.4603     6.7176     98.243    0.00023    6.83424    6.84379      8.514     0.9894   12.27564   3.378038 1.8633e-01    26.1712    26.1708 3.0591e+00     35.000          1       4039    1476.94 1.7524e+03  52903.908    168.235 1616340927       0.04     -0.674   39.71006  -73.49880 0.0000e+00
     33.738     6.9243    33.4027  1026.3272     2.4615     6.7112     98.232    0.00007    6.83398    6.84353      8.513     0.9618   12.27522   3.377978 3.5408e-01    26.1712    26.1708 3.6667e+00     34.000          1       4103    1476.92 1.2312e+03  52903.334    170.930 1616340929       0.08     -0.358   39.71006  -73.49881 0.0000e+00
     32.749     6.9263    33.4026  1026.3222     2.4618     6.7160     98.221    0.00012    6.83271    6.84225      8.513     0.9712   12.27312   3.378113 1.7763e-01    26.1709    26.1705 4.2069e+00     33.000          1       4179    1476.91 2.2314e+03  52901.909    174.096 1616340933      -0.15     -0.303   39.71006  -73.49881 0.0000e+00
     31.751     6.9294    33.4027  1026.3173     2.4634     6.7190     98.370    0.00091    6.83149    6.84101      8.514     0.9697   12.27110   3.378371 2.7364e-01    26.1705    26.1702 4.9398e+00     32.000          1       4216    1476.91 1.8485e+03  52900.623    175.636 1616340934      -0.09     -0.612   39.71008  -73.49880 0.0000e+00
     30.759     6.9381    33.4035  1026.3122     2.4641     6.7196     98.355    0.00040    6.83124    6.84075      8.514     1.0191   12.27067   3.379198 7.2262e-01    26.1700    26.1696 5.9576e+00     31.000          1       4271    1476.93 9.8041e+02  52898.725    177.927 1616340936       0.10     -0.436   39.71008  -73.49882 0.0000e+00
     29.778     6.9435    33.4042  1026.3074     2.4658     6.7235     98.392    0.00035    6.82879    6.83827      8.514     1.0808   12.26664   3.379652 5.0934e-01    26.1698    26.1694 7.1995e+00     30.000          1       4392    1476.93 1.7389e+03  52897.491    182.946 1616340942      -0.23     -0.104   39.71008  -73.49882 0.0000e+00
     28.777     6.9430    33.4043  1026.3029     2.4670     6.7283     98.499    0.00092    6.82858    6.83806      8.516     1.0463   12.26629   3.379577 4.5233e-01    26.1699    26.1695 7.8589e+00     29.000          1       4420    1476.91 1.7667e+03  52897.081    184.143 1616340943      -0.47     -0.698   39.71008  -73.49882 0.0000e+00
