CalculateIndicators/WaterTemperature/Data/CTD_NYOS/20210521_C03.cnv
* Sea-Bird SBE 9 Data File:
* FileName = C:\Seabird 9 CTD\Data\2021\202105_offshore\20210521_C03.hex
* Software Version Seasave V 7.23.2
* Temperature SN = 4590
* Conductivity SN = 3228
* Number of Bytes Per Scan = 44
* Number of Voltage Words = 5
* Number of Scans Averaged by the Deck Unit = 1
* NMEA Latitude = 39 42.77 N
* NMEA Longitude = 073 29.90 W
* NMEA UTC (Time) = May 21 2021  11:08:30
* NMEA baud rate = 4800
** Ship: seawolf
** Station: 7.3
** Operator: eih
# nquan = 31
# nvalues = 150                         
# units = specified
# name 0 = depSM: Depth [salt water, m]
# name 1 = t090C: Temperature [ITS-90, deg C]
# name 2 = sal00: Salinity, Practical [PSU]
# name 3 = density00: Density [density, kg/m^3]
# name 4 = sbeox0V: Oxygen raw, SBE 43 [V]
# name 5 = sbeox0ML/L: Oxygen, SBE 43 [ml/l]
# name 6 = sbeox0PS: Oxygen, SBE 43 [% saturation]
# name 7 = sbox0dV/dT: Oxygen, SBE 43 [dov/dt]
# name 8 = oxsolML/L: Oxygen Saturation, Garcia & Gordon [ml/l]
# name 9 = oxsatML/L: Oxygen Saturation, Weiss [ml/l]
# name 10 = ph: pH
# name 11 = flECO-AFL: Fluorescence, WET Labs ECO-AFL/FL [mg/m^3]
# name 12 = n2satML/L: Nitrogen Saturation [ml/l]
# name 13 = c0S/m: Conductivity [S/m]
# name 14 = cpar: CPAR/Corrected Irradiance [%]
# name 15 = sigma-é00: Density [sigma-theta, kg/m^3]
# name 16 = sigma-t00: Density [sigma-t, kg/m^3 ]
# name 17 = par: PAR/Irradiance, Biospherical/Licor
# name 18 = prDM: Pressure, Digiquartz [db]
# name 19 = pumps: Pump Status
# name 20 = scan: Scan Count
# name 21 = svCM: Sound Velocity [Chen-Millero, m/s]
# name 22 = spar: SPAR, Biospherical/Licor
# name 23 = specc: Specific Conductance [uS/cm]
# name 24 = timeS: Time, Elapsed [seconds]
# name 25 = timeY: Time, System [seconds]
# name 26 = accM: Acceleration [m/s^2]
# name 27 = dz/dtM: Descent Rate [m/s]
# name 28 = latitude: Latitude [deg]
# name 29 = longitude: Longitude [deg]
# name 30 = flag: flag
# span 0 =      1.487,     38.719       
# span 1 =     8.8937,    14.2735       
# span 2 =    32.2436,    32.9879       
# span 3 =  1024.0485,  1025.7368       
# span 4 =     2.2961,     2.5983       
# span 5 =     5.8695,     6.4403       
# span 6 =     89.574,    103.597       
# span 7 =   -0.04224,    0.01967       
# span 8 =    5.87330,    6.55390       
# span 9 =    5.86900,    6.55879       
# span 10 =      7.952,      8.042      
# span 11 =     0.0659,     0.8647      
# span 12 =   10.69808,   11.81745      
# span 13 =   3.514314,   3.927144      
# span 14 = 9.5264e-02, 5.9269e+01      
# span 15 =    24.0329,    25.5595      
# span 16 =    24.0328,    25.5589      
# span 17 = 1.3730e+00, 4.5603e+02      
# span 18 =      1.500,     39.000      
# span 19 =          1,          1      
# span 20 =        262,      12531      
# span 21 =    1483.97,    1501.26      
# span 22 = 5.7837e+02, 1.4841e+03      
# span 23 =  49969.965,  51839.981      
# span 24 =     10.888,    522.091      
# span 25 = 1621595322, 1621595833      
# span 26 =      -0.91,       0.67      
# span 27 =     -0.909,      0.823      
# span 28 =   39.71284,   39.71306      
# span 29 =  -73.49854,  -73.49814      
# span 30 = 0.0000e+00, 0.0000e+00      
# interval = decibars: 0.5              
# start_time = May 21 2021 11:08:31 [System UTC, first data scan.]
# bad_flag = -9.990e-29
*END*
[from data line 141]
      5.460    14.2600    32.2857  1024.0612     2.5721     5.9706    101.590   -0.00255    5.87721    5.87295      8.008     0.0984   10.70458   3.926255 2.0526e+01    24.0368    24.0366 1.6840e+02      5.500          1      12159    1501.23 8.2030e+02  49983.548    506.577 1621595818      -0.18     -0.298   39.71304  -73.49816 0.0000e+00
      4.958    14.2107    32.2919  1024.0739     2.5734     5.9861    101.861    0.00063    5.87672    5.87246      8.009     0.0988   10.70376   3.922113 2.2757e+01    24.0518    24.0516 1.9110e+02      5.000          1      12187    1501.06 8.4145e+02  49997.389    507.753 1621595819       0.01     -0.431   39.71304  -73.49816 0.0000e+00
      4.471    14.2424    32.2908  1024.0644     2.5736     5.9846    101.834    0.00022    5.87684    5.87258      8.009     0.1076   10.70395   3.924868 2.6602e+01    24.0444    24.0443 2.2673e+02      4.500          1      12228    1501.16 8.5750e+02  49992.213    509.477 1621595821       0.05     -0.263   39.71304  -73.49816 0.0000e+00
      3.967    14.2489    32.2915  1024.0613     2.5727     5.9756    101.722   -0.00067    5.87441    5.87013      8.008     0.0846   10.69993   3.925332 2.6728e+01    24.0435    24.0434 2.2512e+02      4.000          1      12253    1501.17 8.4024e+02  49992.227    510.520 1621595822      -0.19     -0.391   39.71304  -73.49816 0.0000e+00
      3.473    14.2387    32.2921  1024.0616     2.5729     5.9778    101.764   -0.00015    5.87423    5.86994      8.008     0.0818   10.69961   3.924296 3.0862e+01    24.0460    24.0459 2.6429e+02      3.500          1      12283    1501.13 8.6967e+02  49993.660    511.749 1621595823       0.08     -0.450   39.71304  -73.49816 0.0000e+00
      2.980    14.2608    32.2915  1024.0543     2.5740     5.9845    101.859    0.00057    5.87532    5.87104      8.008     0.0776   10.70141   3.926356 4.6603e+01    24.0410    24.0409 4.0820e+02      3.000          1      12315    1501.20 8.8514e+02  49990.206    513.094 1621595824      -0.03     -0.342   39.71304  -73.49816 0.0000e+00
      2.477    14.2655    32.2925  1024.0519     2.5739     5.9832    101.849    0.00048    5.87461    5.87033      8.008     0.0745   10.70024   3.926674 4.0523e+01    24.0408    24.0407 2.9263e+02      2.500          1      12341    1501.20 7.5038e+02  49990.799    514.150 1621595825      -0.06     -0.451   39.71304  -73.49816 0.0000e+00
      1.982    14.2623    32.2931  1024.0508     2.5734     5.9789    101.783   -0.00019    5.87418    5.86989      8.009     0.0796   10.69952   3.926244 5.9269e+01    24.0419    24.0419 3.6108e+02      2.000          1      12393    1501.18 6.2106e+02  49991.744    516.332 1621595828       0.04     -0.307   39.71304  -73.49815 0.0000e+00
      1.487    14.2604    32.2941  1024.0497 -9.990e-29     5.9826    101.844    0.00029    5.87430    5.87002 -9.990e-29     0.0659   10.69971   3.925982 5.8059e+01    24.0431    24.0430 4.5603e+02      1.500          1      12531    1501.17 8.3545e+02  49993.081    522.091 1621595833      -0.04     -0.106   39.71306  -73.49814 0.0000e+00
