CalculateIndicators/WaterTemperature/Data/CTD_NYOS/20210523_C18B.cnv
* Sea-Bird SBE 9 Data File:
* FileName = C:\Seabird 9 CTD\Data\2021\202105_offshore\20210523_C18B.hex
* Software Version Seasave V 7.23.2
* Temperature SN = 4590
* Conductivity SN = 3228
* Number of Bytes Per Scan = 44
* Number of Voltage Words = 5
* Number of Scans Averaged by the Deck Unit = 1
* NMEA Latitude = 39 01.18 N
* NMEA Longitude = 072 33.21 W
* NMEA UTC (Time) = May 23 2021  15:34:04
* NMEA baud rate = 4800
** Ship: seawolf
** Station: 5.6B
** Operator: sjw
# nquan = 31
# nvalues = 1188                        
# units = specified
# name 0 = depSM: Depth [salt water, m]
# name 1 = t090C: Temperature [ITS-90, deg C]
# name 2 = sal00: Salinity, Practical [PSU]
# name 3 = density00: Density [density, kg/m^3]
# name 4 = sbeox0V: Oxygen raw, SBE 43 [V]
# name 5 = sbeox0ML/L: Oxygen, SBE 43 [ml/l]
# name 6 = sbeox0PS: Oxygen, SBE 43 [% saturation]
# name 7 = sbox0dV/dT: Oxygen, SBE 43 [dov/dt]
# name 8 = oxsolML/L: Oxygen Saturation, Garcia & Gordon [ml/l]
# name 9 = oxsatML/L: Oxygen Saturation, Weiss [ml/l]
# name 10 = ph: pH
# name 11 = flECO-AFL: Fluorescence, WET Labs ECO-AFL/FL [mg/m^3]
# name 12 = n2satML/L: Nitrogen Saturation [ml/l]
# name 13 = c0S/m: Conductivity [S/m]
# name 14 = cpar: CPAR/Corrected Irradiance [%]
# name 15 = sigma-é00: Density [sigma-theta, kg/m^3]
# name 16 = sigma-t00: Density [sigma-t, kg/m^3 ]
# name 17 = par: PAR/Irradiance, Biospherical/Licor
# name 18 = prDM: Pressure, Digiquartz [db]
# name 19 = pumps: Pump Status
# name 20 = scan: Scan Count
# name 21 = svCM: Sound Velocity [Chen-Millero, m/s]
# name 22 = spar: SPAR, Biospherical/Licor
# name 23 = specc: Specific Conductance [uS/cm]
# name 24 = timeS: Time, Elapsed [seconds]
# name 25 = timeY: Time, System [seconds]
# name 26 = accM: Acceleration [m/s^2]
# name 27 = dz/dtM: Descent Rate [m/s]
# name 28 = latitude: Latitude [deg]
# name 29 = longitude: Longitude [deg]
# name 30 = flag: flag
# span 0 =      1.979,    300.490       
# span 1 =     8.1007,    15.0282       
# span 2 =    33.4665,    35.7075       
# span 3 =  1024.7935,  1028.7657       
# span 4 =     1.4804,     2.8585       
# span 5 =     3.1847,     6.8145       
# span 6 =     50.325,    118.637       
# span 7 =   -0.11807,    0.07559       
# span 8 =    5.74281,    6.57760       
# span 9 =    5.73777,    6.58519       
# span 10 =      7.828,      8.150      
# span 11 =    -0.0925,     0.8799      
# span 12 =   10.46859,   11.83050      
# span 13 =   3.659635,   4.213727      
# span 14 = 4.3841e-14, 2.2204e+02      
# span 15 =    24.7847,    27.3926      
# span 16 =    24.7846,    27.3879      
# span 17 = 1.0000e-12, 5.0281e+03      
# span 18 =      2.000,    303.000      
# span 19 =          1,          1      
# span 20 =        142,      54150      
# span 21 =    1488.03,    1505.10      
# span 22 = 2.1726e+03, 2.2810e+03      
# span 23 =  51532.837,  55276.974      
# span 24 =      5.879,   2256.226      
# span 25 = 1621784048, 1621786299      
# span 26 =      -0.65,       0.63      
# span 27 =     -0.981,      0.899      
# span 28 =   39.01761,   39.01980      
# span 29 =  -72.55511,  -72.55349      
# span 30 = 0.0000e+00, 0.0000e+00      
# interval = decibars: 0.5              
# start_time = May 23 2021 15:34:03 [System UTC, first data scan.]
# bad_flag = -9.990e-29
*END*
[from data line 234]
    118.061    13.0516    35.4099  1027.2311     2.0156     4.4882     76.044    0.00211    5.90208    5.90020      8.011    -0.0547   10.71113   4.150021 4.4246e-14    26.7035    26.7002 1.0000e-12    119.000          1       9850    1502.82 2.2601e+03  54523.879    410.389 1621784453      -0.17      0.436   39.01936  -72.55380 0.0000e+00
    118.559    13.0668    35.4158  1027.2348     2.0155     4.4811     75.920    0.00050    5.90242    5.90054      8.011    -0.0665   10.71170   4.152190 4.4281e-14    26.7050    26.7016 1.0000e-12    119.500          1       9875    1502.88 2.2583e+03  54530.093    411.408 1621784454       0.12      0.420   39.01936  -72.55380 0.0000e+00
    119.058    13.0719    35.4175  1027.2373     2.0150     4.4764     75.831   -0.00029    5.90315    5.90128      8.012    -0.0659   10.71293   4.152827 4.4313e-14    26.7053    26.7019 1.0000e-12    120.000          1       9896    1502.91 2.2566e+03  54531.974    412.286 1621784455       0.10      0.536   39.01936  -72.55380 0.0000e+00
    119.558    13.0791    35.4206  1027.2404     2.0151     4.4759     75.830   -0.00040    5.90251    5.90063      8.011    -0.0772   10.71185   4.153842 4.4279e-14    26.7062    26.7028 1.0000e-12    120.500          1       9940    1502.95 2.2584e+03  54535.399    414.116 1621784457      -0.01      0.482   39.01936  -72.55382 0.0000e+00
    120.043    13.0816    35.4222  1027.2434     2.0159     4.4789     75.916   -0.00006    5.89975    5.89785      8.010 -9.990e-29   10.70716   4.154260 4.4226e-14    26.7070    26.7036 1.0000e-12    121.000          1      10057    1502.96 2.2612e+03  54537.668    419.009 1621784462       0.46      0.374   39.01936  -72.55380 0.0000e+00
    120.546    13.0850    35.4242  1027.2465     2.0157     4.4784     75.908   -0.00005    5.89984    5.89793      8.010 -9.990e-29   10.70731   4.154796 4.4227e-14    26.7079    26.7045 1.0000e-12    121.500          1      10069    1502.98 2.2611e+03  54540.153    419.504 1621784462       0.35      0.638   39.01936  -72.55380 0.0000e+00
    121.045    13.0869    35.4254  1027.2493     2.0151     4.4758     75.853   -0.00039    5.90069    5.89880      8.010 -9.990e-29   10.70875   4.155126 4.4227e-14    26.7085    26.7051 1.0000e-12    122.000          1      10085    1503.00 2.2611e+03  54541.890    420.149 1621784463       0.10      0.780   39.01936  -72.55382 0.0000e+00
    121.541    13.0929    35.4286  1027.2527     2.0133     4.4690     75.704   -0.00121    5.90335    5.90148      8.010 -9.990e-29   10.71324   4.156111 4.4227e-14    26.7097    26.7063 1.0000e-12    122.500          1      10104    1503.04 2.2611e+03  54545.632    420.965 1621784464      -0.15      0.733   39.01936  -72.55382 0.0000e+00
    122.037    13.0906    35.4283  1027.2552     2.0120     4.4623     75.621   -0.00147    5.90082    5.89892      8.010    -0.0541   10.70896   4.155848 4.4216e-14    26.7100    26.7065 1.0000e-12    123.000          1      10160    1503.03 2.2616e+03  54545.849    423.301 1621784466      -0.04      0.427   39.01935  -72.55382 0.0000e+00
    122.531    13.0950    35.4311  1027.2587     2.0113     4.4635     75.658   -0.00063    5.89953    5.89763 -9.990e-29    -0.0619   10.70678   4.156587 4.4225e-14    26.7113    26.7078 1.0000e-12    123.500          1      10245    1503.06 2.2612e+03  54549.492    426.836 1621784469       0.10      0.402   39.01934  -72.55382 0.0000e+00
    123.025    13.0973    35.4324  1027.2614     2.0090     4.4531     75.485   -0.00145    5.89939    5.89748 -9.990e-29    -0.0675   10.70653   4.156909 4.4205e-14    26.7118    26.7083 1.0000e-12    124.000          1      10288    1503.08 2.2622e+03  54551.171    428.634 1621784471      -0.07      0.319   39.01934  -72.55382 0.0000e+00
    123.515    13.0973    35.4328  1027.2640     2.0078     4.4551     75.521   -0.00034    5.89924    5.89733      8.009    -0.0725   10.70627   4.156955 4.4238e-14    26.7122    26.7087 1.0000e-12    124.500          1      10348    1503.09 2.2605e+03  54552.020    431.119 1621784474      -0.03      0.165   39.01934  -72.55382 0.0000e+00
    124.015    13.0983    35.4340  1027.2670     2.0074     4.4539     75.500   -0.00033    5.89926    5.89735      8.008    -0.0773   10.70630   4.157207 4.4266e-14    26.7129    26.7094 1.0000e-12    125.000          1      10376    1503.10 2.2591e+03  54553.862    432.301 1621784475       0.33      0.321   39.01934  -72.55382 0.0000e+00
    124.517    13.0984    35.4345  1027.2695     2.0073     4.4546     75.519   -0.00012    5.89866    5.89674      8.008    -0.0730   10.70529   4.157268 4.4254e-14    26.7132    26.7097 1.0000e-12    125.500          1      10403    1503.11 2.2597e+03  54554.687    433.421 1621784476      -0.02      0.463   39.01934  -72.55382 0.0000e+00
    125.001    13.1002    35.4353  1027.2719     2.0065     4.4503     75.457   -0.00046    5.89777    5.89584 -9.990e-29    -0.0396   10.70379   4.157591 4.4239e-14    26.7135    26.7100 1.0000e-12    126.000          1      10460    1503.12 2.2605e+03  54555.896    435.808 1621784478       0.02      0.109   39.01934  -72.55382 0.0000e+00
    125.506    13.1047    35.4368  1027.2745     2.0060     4.4483     75.435   -0.00044    5.89690    5.89497 -9.990e-29    -0.0587   10.70233   4.158213 4.4288e-14    26.7138    26.7103 1.0000e-12    126.500          1      10492    1503.15 2.2579e+03  54557.646    437.127 1621784480       0.02      0.337   39.01934  -72.55382 0.0000e+00
    125.998    13.1142    35.4397  1027.2770     2.0065     4.4519     75.517    0.00031    5.89517    5.89322      8.008    -0.0572   10.69941   4.159489 4.4310e-14    26.7142    26.7106 1.0000e-12    127.000          1      10555    1503.19 2.2568e+03  54560.568    439.766 1621784482      -0.03      0.153   39.01934  -72.55382 0.0000e+00
    126.493    13.1240    35.4443  1027.2807     2.0065     4.4488     75.510    0.00004    5.89166    5.88966      8.011    -0.0707   10.69349   4.160988 4.4357e-14    26.7157    26.7121 1.0000e-12    127.500          1      10614    1503.24 2.2544e+03  54565.658    442.188 1621784485      -0.01      0.207   39.01933  -72.55382 0.0000e+00
    126.986    13.1408    35.4505  1027.2843     2.0079     4.4559     75.630    0.00070    5.89171    5.88972      8.012    -0.0657   10.69359   4.163459 4.4310e-14    26.7171    26.7135 1.0000e-12    128.000          1      10649    1503.31 2.2568e+03  54572.083    443.661 1621784486       0.25      0.286   39.01932  -72.55382 0.0000e+00
    127.489    13.1526    35.4536  1027.2866     2.0090     4.4614     75.722    0.00122    5.89185    5.88986      8.012    -0.0658   10.69382   4.164887 4.4372e-14    26.7172    26.7135 1.0000e-12    128.500          1      10668    1503.36 2.2537e+03  54574.964    444.459 1621784487       0.23      0.505   39.01932  -72.55382 0.0000e+00
    127.989    13.1547    35.4548  1027.2893     2.0092     4.4597     75.699    0.00075    5.89143    5.88943      8.012    -0.0678   10.69310   4.165166 4.4386e-14    26.7177    26.7141 1.0000e-12    129.000          1      10693    1503.38 2.2530e+03  54576.632    445.509 1621784488      -0.08      0.546   39.01932  -72.55383 0.0000e+00
    128.478    13.1579    35.4565  1027.2922     2.0103     4.4600     75.736    0.00046    5.88886    5.88684      8.012 -9.990e-29   10.68878   4.165678 4.4423e-14    26.7184    26.7147 1.0000e-12    129.500          1      10770    1503.40 2.2511e+03  54578.759    448.720 1621784491       0.08      0.130   39.01932  -72.55384 0.0000e+00
    128.968    13.1666    35.4601  1027.2954     2.0108     4.4580     75.747    0.00015    5.88541    5.88335      8.012    -0.0463   10.68295   4.166977 4.4354e-14    26.7194    26.7157 1.0000e-12    130.000          1      10831    1503.44 2.2546e+03  54582.754    451.258 1621784494      -0.04      0.191   39.01932  -72.55384 0.0000e+00
    129.472    13.1839    35.4665  1027.2990     2.0103     4.4568     75.720    0.00014    5.88585    5.88380      8.012    -0.0497   10.68368   4.169459 4.4367e-14    26.7208    26.7171 1.0000e-12    130.500          1      10852    1503.51 2.2540e+03  54589.411    452.146 1621784495       0.31      0.371   39.01932  -72.55384 0.0000e+00
    129.969    13.1952    35.4718  1027.3030     2.0089     4.4476     75.583   -0.00078    5.88438    5.88231      8.012    -0.0637   10.68117   4.171080 4.4392e-14    26.7227    26.7190 1.0000e-12    131.000          1      10891    1503.57 2.2527e+03  54595.364    453.742 1621784496      -0.05      0.351   39.01932  -72.55384 0.0000e+00
    130.462    13.2055    35.4796  1027.3091     2.0062     4.4372     75.414   -0.00133    5.88376    5.88169      8.012    -0.0615   10.68011   4.172975 4.4387e-14    26.7266    26.7229 1.0000e-12    131.500          1      10947    1503.62 2.2530e+03  54604.795    456.063 1621784499       0.18      0.200   39.01932  -72.55384 0.0000e+00
    130.959    13.2105    35.4826  1027.3127     2.0047     4.4346     75.373   -0.00094    5.88345    5.88138 -9.990e-29    -0.0646   10.67959   4.173703 4.4431e-14    26.7280    26.7242 1.0000e-12    132.000          1      10988    1503.64 2.2507e+03  54608.614    457.788 1621784500      -0.04      0.289   39.01932  -72.55384 0.0000e+00
    131.447    13.2130    35.4841  1027.3155     2.0033     4.4318     75.329   -0.00067    5.88329    5.88121      8.012    -0.0513   10.67931   4.174108 4.4369e-14    26.7286    26.7249 1.0000e-12    132.500          1      11037    1503.66 2.2539e+03  54610.561    459.821 1621784502       0.10      0.199   39.01930  -72.55384 0.0000e+00
    131.954    13.2136    35.4849  1027.3182     2.0032     4.4325     75.342   -0.00044    5.88323    5.88115      8.012    -0.0643   10.67920   4.174276 4.4446e-14    26.7291    26.7253 1.0000e-12    133.000          1      11058    1503.67 2.2500e+03  54611.843    460.690 1621784503       0.26      0.416   39.01930  -72.55384 0.0000e+00
    132.448    13.2152    35.4859  1027.3209     2.0025     4.4311     75.320   -0.00035    5.88306    5.88098      8.012    -0.0625   10.67891   4.174531 4.4422e-14    26.7296    26.7258 1.0000e-12    133.500          1      11101    1503.69 2.2512e+03  54613.308    462.479 1621784505      -0.09      0.317   39.01930  -72.55384 0.0000e+00
    132.943    13.2162    35.4873  1027.3240     2.0032     4.4381     75.425    0.00047    5.88407    5.88200 -9.990e-29    -0.0671   10.68056   4.174784 4.4431e-14    26.7305    26.7267 1.0000e-12    134.000          1      11160    1503.70 2.2507e+03  54615.309    464.951 1621784508       0.08      0.220   39.01930  -72.55384 0.0000e+00
    133.434    13.2140    35.4883  1027.3275     2.0028     4.4339     75.359   -0.00029    5.88379    5.88172      8.012    -0.0642   10.68003   4.174614 4.4407e-14    26.7318    26.7279 1.0000e-12    134.500          1      11216    1503.70 2.2519e+03  54617.404    467.283 1621784510      -0.04      0.206   39.01930  -72.55384 0.0000e+00
    133.929    13.2021    35.4900  1027.3334     2.0023     4.4326     75.338   -0.00028    5.88358    5.88151      8.012    -0.0603   10.67967   4.173717 4.4385e-14    26.7355    26.7317 1.0000e-12    135.000          1      11247    1503.67 2.2531e+03  54621.734    468.583 1621784511       0.25      0.307   39.01930  -72.55384 0.0000e+00
    134.432    13.2070    35.4935  1027.3374     2.0026     4.4341     75.363   -0.00017    5.88364    5.88158      8.012    -0.0616   10.67978   4.174591 4.4421e-14    26.7372    26.7333 1.0000e-12    135.500          1      11265    1503.71 2.2512e+03  54626.068    469.338 1621784512       0.25      0.523   39.01930  -72.55384 0.0000e+00
    134.931    13.2084    35.4951  1027.3405     2.0031     4.4379     75.427    0.00035    5.88371    5.88164      8.012    -0.0577   10.67989   4.174904 4.4412e-14    26.7382    26.7343 1.0000e-12    136.000          1      11288    1503.72 2.2517e+03  54628.369    470.284 1621784513      -0.05      0.595   39.01930  -72.55384 0.0000e+00
    135.421    13.2099    35.4962  1027.3433     2.0030     4.4357     75.394    0.00009    5.88341    5.88134      8.012    -0.0632   10.67937   4.175187 4.4418e-14    26.7388    26.7349 1.0000e-12    136.500          1      11350    1503.73 2.2514e+03  54630.055    472.895 1621784516      -0.02      0.201   39.01930  -72.55385 0.0000e+00
    135.920    13.2108    35.4971  1027.3461 -9.990e-29     4.4356     75.392    0.00005    5.88334    5.88127      8.012    -0.0565   10.67924   4.175386 4.4405e-14    26.7393    26.7354 1.0000e-12    137.000          1      11405    1503.75 2.2520e+03  54631.446    475.154 1621784518       0.20      0.329   39.01930  -72.55384 0.0000e+00
    136.410    13.2106    35.4979  1027.3489     2.0021     4.4330     75.350   -0.00022    5.88318    5.88112      8.012    -0.0663   10.67896   4.175454 4.4325e-14    26.7399    26.7360 1.0000e-12    137.500          1      11441    1503.75 2.2561e+03  54632.756    476.651 1621784519      -0.07      0.358   39.01930  -72.55384 0.0000e+00
    136.909    13.2104    35.4989  1027.3520     2.0025     4.4359     75.400    0.00008    5.88316    5.88109      8.012 -9.990e-29   10.67892   4.175575 4.4351e-14    26.7408    26.7368 1.0000e-12    138.000          1      11467    1503.76 2.2548e+03  54634.478    477.750 1621784520       0.13      0.397   39.01930  -72.55385 0.0000e+00
    137.405    13.2108    35.5006  1027.3554     2.0020     4.4343     75.372 -8.367e-07    5.88319    5.88113      8.012 -9.990e-29   10.67898   4.175828 4.4377e-14    26.7420    26.7381 1.0000e-12    138.500          1      11490    1503.77 2.2534e+03  54637.092    478.723 1621784521       0.06      0.498   39.01930  -72.55386 0.0000e+00
    137.907    13.2112    35.5015  1027.3583     2.0014     4.4306     75.308   -0.00048    5.88336    5.88129      8.012    -0.0524   10.67924   4.175966 4.4299e-14    26.7426    26.7387 1.0000e-12    139.000          1      11515    1503.79 2.2574e+03  54638.533    479.768 1621784522      -0.04      0.507   39.01930  -72.55386 0.0000e+00
    138.389    13.2099    35.5018  1027.3609     2.0007     4.4265     75.283   -0.00048    5.87980    5.87770      8.012    -0.0533   10.67319   4.175866 4.4379e-14    26.7431    26.7392 1.0000e-12    139.500          1      11591    1503.79 2.2533e+03  54639.419    482.937 1621784526       0.15      0.046   39.01929  -72.55386 0.0000e+00
    138.894    13.2163    35.5072  1027.3661     1.9989     4.4183     75.157   -0.00099    5.87878    5.87667      8.012    -0.0720   10.67144   4.177406 4.4312e-14    26.7461    26.7421 1.0000e-12    140.000          1      11613    1503.82 2.2567e+03  54646.240    483.820 1621784526       0.31      0.394   39.01928  -72.55386 0.0000e+00
    139.391    13.2312    35.5140  1027.3705     1.9962     4.4047     74.936   -0.00215    5.87789    5.87578      8.012    -0.0701   10.66996   4.179397 4.4250e-14    26.7483    26.7443 1.0000e-12    140.500          1      11639    1503.89 2.2599e+03  54653.707    484.908 1621784528      -0.05      0.506   39.01928  -72.55386 0.0000e+00
    139.884    13.2386    35.5197  1027.3756     1.9927     4.3922     74.728   -0.00262    5.87758    5.87546 -9.990e-29    -0.0752   10.66944   4.180805 4.4325e-14    26.7512    26.7472 1.0000e-12    141.000          1      11674    1503.93 2.2561e+03  54660.832    486.381 1621784529      -0.07      0.350   39.01928  -72.55386 0.0000e+00
    140.380    13.2504    35.5247  1027.3793     1.9908     4.3918     74.751   -0.00111    5.87524    5.87310      8.011    -0.0728   10.66549   4.182490 4.4287e-14    26.7527    26.7487 1.0000e-12    141.500          1      11726    1503.98 2.2580e+03  54666.319    488.534 1621784531      -0.03      0.240   39.01928  -72.55386 0.0000e+00
