CalculateIndicators/WaterTemperature/Data/CTD_NYOS/20210522_C10.cnv
* Sea-Bird SBE 9 Data File:
* FileName = C:\Seabird 9 CTD\Data\2021\202105_offshore\20210522_C10.hex
* Software Version Seasave V 7.23.2
* Temperature SN = 4590
* Conductivity SN = 3228
* Number of Bytes Per Scan = 44
* Number of Voltage Words = 5
* Number of Scans Averaged by the Deck Unit = 1
* NMEA Latitude = 39 49.34 N
* NMEA Longitude = 073 11.51 W
* NMEA UTC (Time) = May 22 2021  13:42:54
* NMEA baud rate = 4800
** Ship: seawolf
** Station: 6.3
** Operator: sjw
# nquan = 31
# nvalues = 159                         
# units = specified
# name 0 = depSM: Depth [salt water, m]
# name 1 = t090C: Temperature [ITS-90, deg C]
# name 2 = sal00: Salinity, Practical [PSU]
# name 3 = density00: Density [density, kg/m^3]
# name 4 = sbeox0V: Oxygen raw, SBE 43 [V]
# name 5 = sbeox0ML/L: Oxygen, SBE 43 [ml/l]
# name 6 = sbeox0PS: Oxygen, SBE 43 [% saturation]
# name 7 = sbox0dV/dT: Oxygen, SBE 43 [dov/dt]
# name 8 = oxsolML/L: Oxygen Saturation, Garcia & Gordon [ml/l]
# name 9 = oxsatML/L: Oxygen Saturation, Weiss [ml/l]
# name 10 = ph: pH
# name 11 = flECO-AFL: Fluorescence, WET Labs ECO-AFL/FL [mg/m^3]
# name 12 = n2satML/L: Nitrogen Saturation [ml/l]
# name 13 = c0S/m: Conductivity [S/m]
# name 14 = cpar: CPAR/Corrected Irradiance [%]
# name 15 = sigma-é00: Density [sigma-theta, kg/m^3]
# name 16 = sigma-t00: Density [sigma-t, kg/m^3 ]
# name 17 = par: PAR/Irradiance, Biospherical/Licor
# name 18 = prDM: Pressure, Digiquartz [db]
# name 19 = pumps: Pump Status
# name 20 = scan: Scan Count
# name 21 = svCM: Sound Velocity [Chen-Millero, m/s]
# name 22 = spar: SPAR, Biospherical/Licor
# name 23 = specc: Specific Conductance [uS/cm]
# name 24 = timeS: Time, Elapsed [seconds]
# name 25 = timeY: Time, System [seconds]
# name 26 = accM: Acceleration [m/s^2]
# name 27 = dz/dtM: Descent Rate [m/s]
# name 28 = latitude: Latitude [deg]
# name 29 = longitude: Longitude [deg]
# name 30 = flag: flag
# span 0 =      1.441,     40.692       
# span 1 =     8.1385,    14.3810       
# span 2 =    31.3726,    33.1633       
# span 3 =  1023.3269,  1025.9987       
# span 4 =     2.1154,     2.6891       
# span 5 =     4.5879,     6.5869       
# span 6 =     78.232,    108.132       
# span 7 =   -0.08742,    0.08109       
# span 8 =    5.85846,    6.65114       
# span 9 =    5.85404,    6.65761       
# span 10 =      7.944,      8.081      
# span 11 =     0.0555,     1.4690      
# span 12 =   10.67260,   11.97632      
# span 13 =   3.463501,   3.944760      
# span 14 = 3.5845e-01, 2.9531e+01      
# span 15 =    23.3204,    25.8118      
# span 16 =    23.3204,    25.8112      
# span 17 = 5.0185e+00, 4.1980e+02      
# span 18 =      1.500,     41.000      
# span 19 =          1,          1      
# span 20 =         93,      10542      
# span 21 =    1481.39,    1501.69      
# span 22 = 1.3788e+03, 2.0594e+03      
# span 23 =  48702.561,  52260.885      
# span 24 =      3.845,    439.188      
# span 25 = 1621690978, 1621691413      
# span 26 =      -0.86,       0.76      
# span 27 =     -1.011,      0.697      
# span 28 =   39.82246,   39.82270      
# span 29 =  -73.19185,  -73.19002      
# span 30 = 0.0000e+00, 0.0000e+00      
# interval = decibars: 0.5              
# start_time = May 22 2021 13:42:54 [System UTC, first data scan.]
# bad_flag = -9.990e-29
*END*
[from data line 94]
     33.242     9.0666    32.8971  1025.6140     2.4394     6.3184     96.798    0.00240    6.52735    6.53175      8.011     0.3681   11.77490   3.521540 9.0291e-01    25.4619    25.4613 1.2502e+01     33.500          1       5574    1484.41 1.3846e+03  51672.183    232.188 1621691206      -0.15     -0.224   39.82254  -73.19082 0.0000e+00
     32.744     9.0947    32.8872  1025.5994     2.4437     6.3258     97.005    0.00253    6.52111    6.52540      8.012     0.3433   11.76476   3.522895 9.5932e-01    25.4496    25.4491 1.3260e+01     33.000          1       5613    1484.50 1.3822e+03  51651.841    233.816 1621691208       0.05     -0.305   39.82254  -73.19082 0.0000e+00
     32.249     9.1330    32.8680  1025.5761     2.4513     6.3540     97.485    0.00379    6.51793    6.52218      8.014     0.3306   11.75953   3.524490 1.0248e+00    25.4286    25.4281 1.4129e+01     32.500          1       5662    1484.61 1.3788e+03  51616.422    235.854 1621691210      -0.04     -0.240   39.82254  -73.19082 0.0000e+00
     31.758     9.1914    32.8535  1025.5532     2.4624     6.3797     97.993    0.00365    6.51037    6.51450      8.019     0.2922   11.74725   3.528165 1.0723e+00    25.4080    25.4075 1.4888e+01     32.000          1       5735    1484.80 1.3885e+03  51583.388    238.911 1621691213      -0.17     -0.124   39.82254  -73.19079 0.0000e+00
     31.259     9.1931    32.8503  1025.5482     2.4710     6.4128     98.564    0.00544    6.50623    6.51028      8.021     0.3106   11.74047   3.527872 1.1168e+00    25.4053    25.4048 1.5550e+01     31.500          1       5769    1484.79 1.3924e+03  51578.392    240.327 1621691214      -0.63     -0.339   39.82254  -73.19078 0.0000e+00
     30.749     9.2239    32.8414  1025.5341     2.4780     6.4533     99.203    0.00879    6.50515    6.50919      8.021     0.3076   11.73871   3.529989 1.1844e+00    25.3935    25.3929 1.6489e+01     31.000          1       5783    1484.88 1.3922e+03  51558.887    240.916 1621691215      -0.38     -0.676   39.82254  -73.19078 0.0000e+00
     30.265     9.2674    32.8335  1025.5187     2.4995     6.4978    100.253    0.00933    6.48145    6.48514      8.024     0.2585   11.69979   3.532966 1.2473e+00    25.3803    25.3798 1.7300e+01     30.500          1       5838    1485.03 1.3870e+03  51538.590    243.211 1621691217      -0.07     -0.302   39.82254  -73.19078 0.0000e+00
     29.767     9.3212    32.8247  1025.5009     2.5130     6.5270    100.818    0.00834    6.47409    6.47767 -9.990e-29     0.2246   11.68771   3.537198 1.3226e+00    25.3649    25.3644 1.8295e+01     30.000          1       5875    1485.20 1.3833e+03  51514.968    244.740 1621691219      -0.48     -0.354   39.82254  -73.19078 0.0000e+00
     29.264     9.4363    32.8064  1025.4658     2.5202     6.5323    101.036    0.00698    6.46530    6.46876      8.024     0.2286   11.67315   3.545959 1.4099e+00    25.3321    25.3316 1.9557e+01     29.500          1       5912    1485.60 1.3870e+03  51465.689    246.272 1621691220      -0.17     -0.468   39.82254  -73.19077 0.0000e+00
     28.775     9.5791    32.7988  1025.4345     2.5294     6.5043    101.034    0.00244    6.43772    6.44081      8.024     0.2286   11.62738   3.557869 1.4800e+00    25.3032    25.3027 2.0581e+01     29.000          1       5984    1486.10 1.3906e+03  51425.803    249.287 1621691223      -0.43     -0.305   39.82254  -73.19076 0.0000e+00
     28.278     9.6299    32.8035  1025.4276     2.5352     6.4903    101.352    0.00359    6.40382    6.40645      8.023     0.2149   11.57127   3.562701 1.5595e+00    25.2986    25.2981 2.1582e+01     28.500          1       6017    1486.28 1.3839e+03  51422.046    250.660 1621691225       0.10     -0.399   39.82254  -73.19076 0.0000e+00
     27.790     9.7777    32.8137  1025.4092     2.5466     6.4870    102.083    0.00666    6.35454    6.35652      8.024     0.2444   11.48963   3.578012 1.6126e+00    25.2824    25.2819 2.2323e+01     28.000          1       6059    1486.83 1.3843e+03  51407.187    252.437 1621691227      -0.17     -0.209   39.82254  -73.19074 0.0000e+00
     27.287     9.8994    32.8184  1025.3903     2.5532     6.5196    102.479    0.00736    6.36182    6.36390      8.027     0.2480   11.50153   3.589318 1.7026e+00    25.2660    25.2655 2.3570e+01     27.500          1       6080    1487.27 1.3843e+03  51390.098    253.271 1621691227      -0.26     -0.451   39.82254  -73.19074 0.0000e+00
     26.785    10.1562    32.8103  1025.3387     2.5540     6.4946    102.255    0.00444    6.35136    6.35330      8.027     0.2419   11.48422   3.612683 1.8172e+00    25.2167    25.2162 2.5128e+01     27.000          1       6113    1488.17 1.3828e+03  51330.127    254.658 1621691229      -0.03     -0.468   39.82254  -73.19074 0.0000e+00
     26.290    10.4128    32.8324  1025.3101     2.5531     6.4502    101.791   -0.00017    6.33673    6.33848 -9.990e-29     0.2384   11.46001   3.636887 1.9170e+00    25.1905    25.1900 2.6535e+01     26.500          1       6185    1489.11 1.3842e+03  51313.741    257.683 1621691232      -0.46     -0.255   39.82256  -73.19072 0.0000e+00
     25.797    10.4711    32.8276  1025.2941     2.5516     6.4518    101.765    0.00040    6.33988    6.34166      8.031     0.2471   11.46536   3.640337 2.0148e+00    25.1768    25.1763 2.7967e+01     26.000          1       6277    1489.31 1.3881e+03  51296.157    261.484 1621691236      -0.09     -0.134   39.82256  -73.19071 0.0000e+00
     25.298    10.4419    32.8092  1025.2825     2.5617     6.5024    102.549    0.00385    6.34077    6.34255      8.032     0.2514   11.46687   3.634426 2.0998e+00    25.1675    25.1670 2.9408e+01     25.500          1       6889    1489.17 1.4005e+03  51275.271    286.993 1621691261      -0.18     -0.185   39.82257  -73.19059 0.0000e+00
     24.803    10.4240    32.7935  1025.2711     2.5668     6.5317    102.885    0.00492    6.34856    6.35043 -9.990e-29     0.2543   11.48017   3.631376 2.2153e+00    25.1584    25.1579 3.1308e+01     25.000          1       7620    1489.08 1.4132e+03  51256.165    317.477 1621691292      -0.23     -0.296   39.82258  -73.19047 0.0000e+00
     24.318    10.3994    32.7819  1025.2640     2.5758     6.5287    103.179    0.00378    6.32757    6.32914      8.040     0.2230   11.44550   3.628098 2.3176e+00    25.1535    25.1530 3.2806e+01     24.500          1       7711    1488.97 1.4155e+03  51243.980    321.250 1621691295       0.17     -0.207   39.82258  -73.19046 0.0000e+00
     23.819    10.4079    32.7809  1025.2595     2.5796     6.5318    103.344    0.00363    6.32045    6.32194      8.040     0.2394   11.43359   3.628806 2.4082e+00    25.1512    25.1507 3.4097e+01     24.000          1       7737    1488.99 1.4159e+03  51240.708    322.332 1621691296      -0.37     -0.325   39.82258  -73.19046 0.0000e+00
     23.312    10.4515    32.7770  1025.2467     2.5806     6.5293    103.360    0.00333    6.31700    6.31845      8.040     0.2320   11.42787   3.633281 2.5461e+00    25.1407    25.1402 3.6070e+01     23.500          1       7754    1489.13 1.4159e+03  51226.914    323.048 1621691297      -0.26     -0.580   39.82258  -73.19044 0.0000e+00
     22.825    10.6008    32.7809  1025.2217     2.5794     6.4990    103.014    0.00020    6.30883    6.31014      8.042     0.2303   11.41464   3.646919 2.6796e+00    25.1181    25.1176 3.8027e+01     23.000          1       7802    1489.66 1.4191e+03  51205.735    325.023 1621691299       0.11     -0.288   39.82260  -73.19043 0.0000e+00
     22.331    10.6588    32.7844  1025.2122     2.5812     6.5004    103.127    0.00065    6.30331    6.30455      8.044     0.2570   11.40565   3.652193 2.7957e+00    25.1108    25.1103 3.9751e+01     22.500          1       7840    1489.86 1.4219e+03  51200.036    326.610 1621691301      -0.44     -0.250   39.82260  -73.19042 0.0000e+00
     21.824    10.6939    32.7643  1025.1881     2.5860     6.5164    103.525    0.00291    6.29454    6.29566      8.044     0.2532   11.39116   3.653451 2.9524e+00    25.0890    25.0885 4.2028e+01     22.000          1       7864    1489.96 1.4235e+03  51165.480    327.626 1621691302      -0.09     -0.467   39.82260  -73.19042 0.0000e+00
     21.348    10.7607    32.7489  1025.1623     2.5942     6.5327    103.965    0.00372    6.28361    6.28457      8.044     0.2688   11.37325   3.658169 3.0254e+00    25.0654    25.0649 4.3257e+01     21.500          1       7917    1490.17 1.4298e+03  51131.873    329.849 1621691304      -0.08     -0.073   39.82260  -73.19041 0.0000e+00
     20.839    10.8106    32.7501  1025.1522     2.5961     6.5347    103.976    0.00271    6.28476    6.28574      8.047     0.2785   11.37511   3.662854 3.1989e+00    25.0576    25.0572 4.5735e+01     21.000          1       7932    1490.34 1.4297e+03  51124.790    330.479 1621691305      -0.45     -0.397   39.82260  -73.19040 0.0000e+00
     20.332    10.8491    32.7443  1025.1386     2.5976     6.5391    104.048    0.00271    6.28466    6.28564      8.048     0.2758   11.37496   3.665575 3.4282e+00    25.0463    25.0459 4.9083e+01     20.500          1       7950    1490.46 1.4317e+03  51109.683    331.201 1621691305      -0.21     -0.646   39.82260  -73.19040 0.0000e+00
     19.854    10.8973    32.7316  1025.1181     2.6008     6.5405    104.042    0.00085    6.28640    6.28738      8.048     0.2711   11.37808   3.668330 3.5531e+00    25.0281    25.0276 5.1120e+01     20.000          1       8009    1490.60 1.4389e+03  51083.331    333.650 1621691308      -0.01     -0.190   39.82260  -73.19040 0.0000e+00
     19.352    10.8778    32.7286  1025.1169     2.6026     6.5431    104.105    0.00062    6.28509    6.28606      8.048     0.2896   11.37595   3.665721 3.6901e+00    25.0291    25.0287 5.3232e+01     19.500          1       8036    1490.52 1.4425e+03  51082.199    334.804 1621691309      -0.56     -0.328   39.82260  -73.19039 0.0000e+00
     18.843    10.8690    32.7198  1025.1093     2.6055     6.5608    104.397    0.00251    6.28450    6.28546      8.048     0.2732   11.37498   3.664350 3.9291e+00    25.0238    25.0234 5.6887e+01     19.000          1       8052    1490.47 1.4478e+03  51071.081    335.459 1621691310      -0.34     -0.649   39.82260  -73.19038 0.0000e+00
     18.360    10.8964    32.7090  1025.0938     2.6111     6.5647    104.668    0.00289    6.27188    6.27267      8.048     0.2704   11.35421   3.665753 4.0719e+00    25.0105    25.0101 5.9520e+01     18.500          1       8103    1490.55 1.4618e+03  51050.758    337.568 1621691312       0.12     -0.275   39.82260  -73.19038 0.0000e+00
     17.865    10.9121    32.7084  1025.0884     2.6156     6.5659    104.847    0.00263    6.26237    6.26302 -9.990e-29     0.3108   11.33859   3.667136 4.2504e+00    25.0073    25.0069 6.2466e+01     18.000          1       8141    1490.60 1.4697e+03  51047.101    339.156 1621691313      -0.34     -0.290   39.82260  -73.19036 0.0000e+00
     17.361    10.9549    32.7068  1025.0772     2.6181     6.5740    105.007    0.00320    6.26054    6.26116 -9.990e-29     0.2895   11.33559   3.671170 4.5024e+00    24.9985    24.9981 6.6236e+01     17.500          1       8161    1490.74 1.4711e+03  51037.325    339.988 1621691314      -0.18     -0.529   39.82260  -73.19036 0.0000e+00
     16.867    11.0380    32.6943  1025.0506     2.6199     6.5715    104.984    0.00195    6.25954    6.26015 -9.990e-29     0.3018   11.33404   3.677334 4.7166e+00    24.9741    24.9738 6.9302e+01     17.000          1       8191    1491.01 1.4693e+03  51005.471    341.248 1621691315       0.15     -0.471   39.82260  -73.19036 0.0000e+00
     16.378    11.0872    32.6834  1025.0311     2.6214     6.5708    104.973    0.00094    6.25951    6.26011      8.047     0.2939   11.33402   3.680458 4.9893e+00    24.9569    24.9565 7.2741e+01     16.500          1       8230    1491.16 1.4580e+03  50981.652    342.895 1621691317      -0.03     -0.261   39.82260  -73.19036 0.0000e+00
     15.874    11.0961    32.6771  1025.0224     2.6196     6.5530    104.751   -0.00051    6.25577    6.25631      8.047     0.2890   11.32790   3.680437 5.2139e+00    24.9504    24.9501 7.5936e+01     16.000          1       8262    1491.17 1.4564e+03  50971.060    344.211 1621691318      -0.00     -0.358   39.82260  -73.19036 0.0000e+00
     15.393    11.0985    32.6715  1025.0154     2.6166     6.5180    104.480   -0.00159    6.23855    6.23885      8.047     0.3116   11.29980   3.679985 5.2618e+00    24.9456    24.9453 7.6503e+01     15.500          1       8317    1491.17 1.4540e+03  50962.497    346.520 1621691321      -0.14     -0.094   39.82262  -73.19034 0.0000e+00
     14.884    11.1132    32.6695  1025.0089     2.6180     6.5211    104.655   -0.00009    6.23106    6.23126      8.046     0.3532   11.28749   3.681292 5.6190e+00    24.9414    24.9411 8.1593e+01     15.000          1       8333    1491.21 1.4521e+03  50957.068    347.173 1621691321      -0.44     -0.409   39.82262  -73.19034 0.0000e+00
     14.380    11.1666    32.6577  1024.9879     2.6213     6.5197    104.954    0.00210    6.21201    6.21196      8.046     0.3077   11.25602   3.685069 6.0126e+00    24.9228    24.9224 8.7118e+01     14.500          1       8353    1491.37 1.4490e+03  50931.206    347.996 1621691322      -0.09     -0.622   39.82262  -73.19034 0.0000e+00
     13.896    11.3268    32.6241  1024.9309     2.6326     6.5389    105.743    0.00584    6.18376    6.18334      8.045     0.3276   11.20945   3.696713 6.1201e+00    24.8679    24.8676 8.8315e+01     14.000          1       8403    1491.88 1.4430e+03  50858.017    350.066 1621691324       0.21     -0.228   39.82262  -73.19034 0.0000e+00
     13.397    11.5541    32.6078  1024.8747     2.6395     6.5322    105.955    0.00459    6.16504    6.16438      8.044     0.3554   11.17832   3.715956 6.4911e+00    24.8141    24.8138 9.3414e+01     13.500          1       8436    1492.65 1.4391e+03  50798.490    351.477 1621691326      -0.27     -0.307   39.82262  -73.19034 0.0000e+00
     12.899    11.6774    32.5990  1024.8431     2.6450     6.5025    106.103    0.00395    6.12851    6.12739      8.043     0.3028   11.11800   3.726299 6.7531e+00    24.7847    24.7844 9.7339e+01     13.000          1       8474    1493.06 1.4414e+03  50766.759    353.031 1621691327       0.02     -0.333   39.82262  -73.19032 0.0000e+00
     12.413    11.8814    32.6097  1024.8115     2.6535     6.4699    106.444    0.00424    6.07822    6.07647      8.038     0.3166   11.03504   3.745696 6.8014e+00    24.7555    24.7552 9.8030e+01     12.500          1       8522    1493.77 1.4414e+03  50749.995    355.035 1621691329      -0.35     -0.157   39.82262  -73.19030 0.0000e+00
     11.903    11.9992    32.6004  1024.7801     2.6582     6.4924    106.827    0.00629    6.07752    6.07575      8.037     0.3308   11.03391   3.756655 7.2816e+00    24.7263    24.7260 1.0483e+02     12.000          1       8538    1494.15 1.4396e+03  50720.824    355.711 1621691330      -0.41     -0.484   39.82262  -73.19030 0.0000e+00
     11.408    12.3398    32.5631  1024.6846     2.6531     6.4344    106.074   -0.00006    6.06595    6.06403      8.036     0.3357   11.01494   3.783894 7.6658e+00    24.6332    24.6329 1.1029e+02     11.500          1       8567    1495.26 1.4388e+03  50617.070    356.918 1621691331       0.14     -0.506   39.82262  -73.19030 0.0000e+00
     10.920    12.5412    32.5490  1024.6332     2.6443     6.3411    105.159   -0.00580    6.02999    6.02762      8.031     0.3037   10.95567   3.799514 7.7854e+00    24.5840    24.5837 1.1194e+02     11.000          1       8612    1495.92 1.4379e+03  50568.813    358.772 1621691333      -0.07     -0.205   39.82262  -73.19030 0.0000e+00
