CalculateIndicators/WaterTemperature/Data/CTD_NYOS/20210526_C38.cnv
* Sea-Bird SBE 9 Data File:
* FileName = C:\Seabird 9 CTD\Data\2021\202105_offshore\20210526_C38.hex
* Software Version Seasave V 7.23.2
* Temperature SN = 4590
* Conductivity SN = 3228
* Number of Bytes Per Scan = 44
* Number of Voltage Words = 5
* Number of Scans Averaged by the Deck Unit = 1
* NMEA Latitude = 40 05.78 N
* NMEA Longitude = 071 33.97 W
* NMEA UTC (Time) = May 26 2021  06:18:09
* NMEA baud rate = 4800
** Ship: seawolf
** Station: 1.4
** Operator: tdk
# nquan = 31
# nvalues = 338                         
# units = specified
# name 0 = depSM: Depth [salt water, m]
# name 1 = t090C: Temperature [ITS-90, deg C]
# name 2 = sal00: Salinity, Practical [PSU]
# name 3 = density00: Density [density, kg/m^3]
# name 4 = sbeox0V: Oxygen raw, SBE 43 [V]
# name 5 = sbeox0ML/L: Oxygen, SBE 43 [ml/l]
# name 6 = sbeox0PS: Oxygen, SBE 43 [% saturation]
# name 7 = sbox0dV/dT: Oxygen, SBE 43 [dov/dt]
# name 8 = oxsolML/L: Oxygen Saturation, Garcia & Gordon [ml/l]
# name 9 = oxsatML/L: Oxygen Saturation, Weiss [ml/l]
# name 10 = ph: pH
# name 11 = flECO-AFL: Fluorescence, WET Labs ECO-AFL/FL [mg/m^3]
# name 12 = n2satML/L: Nitrogen Saturation [ml/l]
# name 13 = c0S/m: Conductivity [S/m]
# name 14 = cpar: CPAR/Corrected Irradiance [%]
# name 15 = sigma-é00: Density [sigma-theta, kg/m^3]
# name 16 = sigma-t00: Density [sigma-t, kg/m^3 ]
# name 17 = par: PAR/Irradiance, Biospherical/Licor
# name 18 = prDM: Pressure, Digiquartz [db]
# name 19 = pumps: Pump Status
# name 20 = scan: Scan Count
# name 21 = svCM: Sound Velocity [Chen-Millero, m/s]
# name 22 = spar: SPAR, Biospherical/Licor
# name 23 = specc: Specific Conductance [uS/cm]
# name 24 = timeS: Time, Elapsed [seconds]
# name 25 = timeY: Time, System [seconds]
# name 26 = accM: Acceleration [m/s^2]
# name 27 = dz/dtM: Descent Rate [m/s]
# name 28 = latitude: Latitude [deg]
# name 29 = longitude: Longitude [deg]
# name 30 = flag: flag
# span 0 =      1.964,     85.824       
# span 1 =     6.9400,    13.6256       
# span 2 =    32.7543,    33.7689       
# span 3 =  1024.5472,  1026.5599       
# span 4 =     2.0519,     2.8596       
# span 5 =     5.0806,     7.4835       
# span 6 =     77.964,    118.667       
# span 7 =   -0.01920,    0.02619       
# span 8 =    5.93389,    6.85136       
# span 9 =    5.93058,    6.86065       
# span 10 =      7.913,      8.173      
# span 11 =    -0.0233,     0.5227      
# span 12 =   10.79332,   12.30930      
# span 13 =   3.340093,   3.935204      
# span 14 = -5.845e+03, 1.0332e+05      
# span 15 =    24.5318,    26.1677      
# span 16 =    24.5316,    26.1662      
# span 17 = -1.012e-02, 1.2600e-02      
# span 18 =      2.000,     86.500      
# span 19 =          1,          1      
# span 20 =        -59,      18144      
# span 21 =    1476.71,    1499.74      
# span 22 = -6.549e-02, 2.0901e+00      
# span 23 =  50710.731,  52968.069      
# span 24 =     -2.486,    755.956      
# span 25 = 1622009882, 1622010640      
# span 26 =      -0.56,       0.44      
# span 27 =     -0.791,      0.808      
# span 28 =   40.09611,   40.09647      
# span 29 =  -71.56620,  -71.56386      
# span 30 = 0.0000e+00, 0.0000e+00      
# interval = decibars: 0.5              
# start_time = May 26 2021 06:18:04 [System UTC, first data scan.]
# bad_flag = -9.990e-29
*END*
      1.964    13.6244    32.7664  1024.5472     2.6749     6.3415    106.870    0.00030    5.93389    5.93058      8.126     0.0999   10.79332   3.918720 -9.990e-29    24.5384    24.5383 1.0000e-12      2.000          1        -59    1499.66 -9.990e-29  50724.226     -2.486 1622009882      -0.13     -0.473   40.09647  -71.56620 0.0000e+00
      2.484    13.6251    32.7650  1024.5482     2.6739     6.3374    106.799   -0.00014    5.93392    5.93061      8.126     0.1089   10.79340   3.918645 5.4166e+04    24.5371    24.5370 1.0000e-12      2.500          1        199    1499.66 9.0507e-01  50722.330      8.234 1622009893       0.34      0.055   40.09645  -71.56615 0.0000e+00
      2.971    13.6256    32.7639  1024.5496     2.6719     6.3278    106.637   -0.00137    5.93397    5.93065 -9.990e-29     0.0846   10.79350   3.918606 -2.538e+03    24.5362    24.5362 1.0000e-12      3.000          1        411    1499.67 2.0248e+00  50721.130     17.068 1622009901       0.40      0.264   40.09644  -71.56611 0.0000e+00
      3.479    13.6256    32.7642  1024.5520     2.6732     6.3365    106.781   -0.00031    5.93410    5.93079 -9.990e-29     0.0982   10.79370   3.918645 5.0640e-11    24.5364    24.5364 1.0000e-12      3.500          1        419    1499.68 1.9747e+00  50721.767     17.409 1622009902       0.31      0.554   40.09644  -71.56610 0.0000e+00
      3.973    13.6256    32.7634  1024.5537     2.6732     6.3405    106.849    0.00060    5.93406    5.93074 -9.990e-29     0.1056   10.79363   3.918581 5.0640e-11    24.5359    24.5357 1.0000e-12      4.000          1        444    1499.69 1.9747e+00  50720.984     18.458 1622009903      -0.14      0.580   40.09644  -71.56610 0.0000e+00
      4.463    13.6249    32.7632  1024.5558     2.6737     6.3407    106.848    0.00010    5.93432    5.93101 -9.990e-29     0.0956   10.79407   3.918514 5.0640e-11    24.5358    24.5357 1.0000e-12      4.500          1        478    1499.69 1.9747e+00  50720.971     19.864 1622009904      -0.05      0.350   40.09644  -71.56610 0.0000e+00
      4.962    13.6242    32.7642  1024.5591     2.6734     6.3416    106.855    0.00023    5.93480    5.93149 -9.990e-29     0.0954   10.79485   3.918586 5.0640e-11    24.5368    24.5367 1.0000e-12      5.000          1        507    1499.70 1.9747e+00  50722.844     21.071 1622009905       0.04      0.402   40.09644  -71.56610 0.0000e+00
      5.453    13.6236    32.7636  1024.5608     2.6735     6.3404    106.827   -0.00033    5.93516    5.93186      8.127     0.1067   10.79537   3.918455 5.0640e-11    24.5364    24.5363 1.0000e-12      5.500          1        536    1499.71 1.9747e+00  50722.236     22.282 1622009907      -0.01      0.407   40.09644  -71.56608 0.0000e+00
      5.951    13.6220    32.7629  1024.5629     2.6735     6.3430    106.868    0.00020    5.93540    5.93211      8.127     0.0881   10.79568   3.918271 5.0640e-11    24.5362    24.5361 1.0000e-12      6.000          1        557    1499.71 1.9747e+00  50721.814     23.176 1622009908       0.14      0.461   40.09644  -71.56608 0.0000e+00
      6.454    13.6189    32.7642  1024.5668     2.6741     6.3449    106.896    0.00013    5.93554    5.93226      8.128     0.0940   10.79586   3.918131 5.0640e-11    24.5379    24.5377 1.0000e-12      6.500          1        574    1499.71 1.9747e+00  50724.253     23.887 1622009908       0.19      0.595   40.09644  -71.56608 0.0000e+00
      6.950    13.6148    32.7687  1024.5733     2.6746     6.3495    106.971    0.00069    5.93570    5.93242      8.129     0.1032   10.79603   3.918306 5.0640e-11    24.5422    24.5420 1.0000e-12      7.000          1        598    1499.71 1.9747e+00  50731.241     24.855 1622009909      -0.11      0.618   40.09644  -71.56608 0.0000e+00
      7.437    13.6075    32.7816  1024.5870     2.6758     6.3523    107.015    0.00045    5.93586    5.93259      8.131     0.0871   10.79618   3.918987 5.0640e-11    24.5537    24.5535 1.0000e-12      7.500          1        632    1499.71 1.9747e+00  50750.371     26.286 1622009911      -0.12      0.340   40.09644  -71.56608 0.0000e+00
      7.943    13.6041    32.7881  1024.5949     2.6767     6.3585    107.117    0.00121    5.93602    5.93277 -9.990e-29     0.0941   10.79618   3.919428 5.0640e-11    24.5594    24.5591 1.0000e-12      8.000          1        656    1499.71 1.9747e+00  50760.056     27.294 1622009912       0.15      0.424   40.09644  -71.56608 0.0000e+00
      8.433    13.5976    32.8036  1024.6105     2.6785     6.3632    107.190    0.00083    5.93641    5.93322      8.136     0.1055   10.79586   3.920588 5.0640e-11    24.5727    24.5725 1.0000e-12      8.500          1        703    1499.72 1.9747e+00  50782.386     29.265 1622009914      -0.16      0.269   40.09643  -71.56606 0.0000e+00
      8.933    13.5800    32.8500  1024.6522     2.6802     6.3777    107.309    0.00089    5.94331    5.94029      8.137     0.1421   10.80585   3.923900 5.0640e-11    24.6122    24.6119 1.0000e-12      9.000          1        745    1499.72 1.9747e+00  50849.907     31.001 1622009915       0.13      0.304   40.09642  -71.56605 0.0000e+00
      9.423    13.5525    32.9374  1024.7275     2.6833     6.4072    107.564    0.00193    5.95667    5.95381      8.142     0.1994   10.82794   3.931178 5.0640e-11    24.6853    24.6850 1.0000e-12      9.500          1        784    1499.74 1.9747e+00  50974.604     32.627 1622009917      -0.06      0.316   40.09642  -71.56604 0.0000e+00
      9.922    13.4831    33.0448  1024.8268     2.6837     6.4479    107.598    0.00132    5.99252    5.99007      8.144     0.2039   10.88747   3.935204 5.0640e-11    24.7824    24.7821 1.0000e-12     10.000          1        811    1499.65 1.9747e+00  51133.012     33.734 1622009918       0.16      0.380   40.09642  -71.56604 0.0000e+00
     10.422    13.4164    33.0520  1024.8481     2.6789     6.4321    107.099   -0.00264    6.00572    6.00342      8.146     0.2071   10.90960   3.929599 1.7678e+04    24.8014    24.8011 1.0000e-12     10.500          1        835    1499.44 1.6256e+00  51151.638     34.744 1622009919       0.03      0.497   40.09642  -71.56604 0.0000e+00
     10.915    13.2347    33.0444  1024.8808     2.6846     6.5187    107.758    0.00151    6.04935    6.04754      8.148     0.2165   10.98248   3.910429 9.9734e+04    24.8318    24.8315 1.0000e-12     11.000          1        867    1498.84 5.2350e-03  51164.886     36.100 1622009920      -0.11      0.404   40.09642  -71.56604 0.0000e+00
     11.406    13.0050    33.0302  1024.9177     2.6936     6.5882    108.614    0.00667    6.06574    6.06412      8.149     0.2064   11.00984   3.888299 9.9999e+04    24.8665    24.8662 1.0000e-12     11.500          1        900    1498.07 0.0000e+00  51175.594     37.458 1622009922       0.06      0.334   40.09642  -71.56602 0.0000e+00
     11.911    12.8007    32.9876  1024.9271     2.7045     6.6450    109.346    0.00903    6.07704    6.07554      8.149     0.2252   11.02877   3.862980 -9.990e-29    24.8735    24.8732 1.0000e-12     12.000          1        922    1497.34 -9.990e-29  51144.617     38.361 1622009923       0.16      0.468   40.09642  -71.56602 0.0000e+00
     12.407    12.5706    32.9609  1024.9534     2.7173     6.7181    110.204    0.01152    6.09604    6.09477      8.151     0.2070   11.06048   3.840042 -9.990e-29    24.8976    24.8973 1.0000e-12     12.500          1        950    1496.54 -9.990e-29  51139.650     39.558 1622009924      -0.10      0.473   40.09642  -71.56602 0.0000e+00
     12.895    12.4178    32.9323  1024.9628     2.7331     6.7589    110.758    0.00825    6.10237    6.10117      8.151     0.1840   11.07107   3.823002 5.0640e-11    24.9047    24.9044 1.0000e-12     13.000          1        994    1495.99 1.9747e+00  51121.865     41.378 1622009926      -0.07      0.258   40.09642  -71.56600 0.0000e+00
     13.392    12.2733    32.9123  1024.9771     2.7424     6.7942    111.269    0.00888    6.10613    6.10497      8.151     0.1829   11.07735   3.808606 5.0640e-11    24.9168    24.9165 1.0000e-12     13.500          1       1021    1495.49 1.9747e+00  51115.168     42.500 1622009927       0.25      0.338   40.09642  -71.56600 0.0000e+00
     13.894    12.2555    32.9074  1024.9790     2.7468     6.8013    111.367    0.00729    6.10715    6.10599      8.151     0.1810   11.07906   3.806529 5.0640e-11    24.9164    24.9161 1.0000e-12     14.000          1       1039    1495.43 1.9747e+00  51111.126     43.236 1622009928       0.25      0.548   40.09642  -71.56600 0.0000e+00
     14.392    12.2385    32.9046  1024.9823     2.7502     6.8078    111.420    0.00568    6.11000    6.10888      8.153     0.1804   11.08383   3.804943 5.0640e-11    24.9174    24.9171 1.0000e-12     14.500          1       1058    1495.38 1.9747e+00  51110.074     44.042 1622009928       0.02      0.648   40.09642  -71.56600 0.0000e+00
     14.886    12.2064    32.8988  1024.9861     2.7534     6.8238    111.389    0.00278    6.12613    6.12521      8.152     0.1809   11.11072   3.801658 5.0640e-11    24.9190    24.9186 1.0000e-12     15.000          1       1094    1495.27 1.9747e+00  51106.896     45.532 1622009930      -0.20      0.412   40.09642  -71.56599 0.0000e+00
     15.375    12.1666    32.8912  1024.9900     2.7523     6.8581    111.174   -0.00031    6.16880    6.16838      8.155     0.1830   11.18180   3.797388 5.0640e-11    24.9207    24.9203 1.0000e-12     15.500          1       1137    1495.13 1.9747e+00  51102.451     47.323 1622009932       0.18      0.217   40.09642  -71.56598 0.0000e+00
     15.882    12.1115    32.8843  1024.9973     2.7507     6.8910    111.034   -0.00193    6.20621    6.20625      8.157     0.1885   11.24396   3.791111 5.0640e-11    24.9257    24.9253 1.0000e-12     16.000          1       1160    1494.94 1.9747e+00  51101.445     48.273 1622009933       0.16      0.450   40.09642  -71.56598 0.0000e+00
     16.368    11.7900    32.8500  1025.0330     2.7541     6.9886    111.569    0.00132    6.26392    6.26470      8.160     0.1871   11.33956   3.756889 5.0640e-11    24.9590    24.9586 1.0000e-12     16.500          1       1202    1493.81 1.9747e+00  51102.345     50.037 1622009934      -0.20      0.303   40.09642  -71.56598 0.0000e+00
     16.862    11.4915    32.8298  1025.0744     2.7690     7.0787    112.932    0.00891    6.26815    6.26898      8.160     0.1895   11.34659   3.726798 5.0640e-11    24.9981    24.9977 1.0000e-12     17.000          1       1230    1492.75 1.9747e+00  51121.476     51.199 1622009936       0.30      0.317   40.09642  -71.56596 0.0000e+00
     17.367    11.2508    32.8170  1025.1103     2.7807     7.1493    113.987    0.01476    6.27198    6.27287      8.161     0.1894   11.35296   3.703009 5.0640e-11    25.0316    25.0313 1.0000e-12     17.500          1       1246    1491.91 1.9747e+00  51141.863     51.879 1622009936       0.31      0.554   40.09642  -71.56596 0.0000e+00
     17.867    11.0666    32.8245  1025.1513     2.7909     7.1926    114.579    0.01565    6.27738    6.27833      8.161     0.2011   11.36192   3.688741 5.0640e-11    25.0703    25.0700 1.0000e-12     18.000          1       1264    1491.28 1.9747e+00  51183.937     52.638 1622009937       0.05      0.687   40.09642  -71.56596 0.0000e+00
     18.360    11.0083    32.8235  1025.1631     2.8016     7.2171    114.807    0.01172    6.28633    6.28740      8.160     0.2028   11.37674   3.684011 5.0640e-11    25.0799    25.0795 1.0000e-12     18.500          1       1291    1491.08 1.9747e+00  51192.500     53.748 1622009938      -0.19      0.550   40.09642  -71.56596 0.0000e+00
     18.854    10.9364    32.8190  1025.1746     2.8095     7.2315    114.744    0.00574    6.30227    6.30354      8.161     0.2028   11.40320   3.677378 5.0640e-11    25.0891    25.0887 1.0000e-12     19.000          1       1329    1490.83 1.9747e+00  51198.598     55.331 1622009940      -0.07      0.334   40.09642  -71.56594 0.0000e+00
     19.348    10.8230    32.8159  1025.1944     2.8119     7.2769    114.586    0.00120    6.35058    6.35250      8.163     0.2086   11.48314   3.667035 5.0640e-11    25.1066    25.1062 1.0000e-12     19.500          1       1376    1490.43 1.9747e+00  51213.921     57.279 1622009942      -0.01      0.249   40.09642  -71.56594 0.0000e+00
     19.845    10.7054    32.8104  1025.2130     2.8106     7.3080    114.375   -0.00156    6.38949    6.39193      8.171     0.2265   11.54752   3.655796 1.7320e+03    25.1229    25.1225 1.0000e-12     20.000          1       1410    1490.02 1.9405e+00  51227.002     58.715 1622009943       0.11      0.320   40.09642  -71.56594 0.0000e+00
     20.341    10.4443    32.8130  1025.2624     2.8178     7.4672    115.443    0.00494    6.46836    6.47189      8.173     0.2209   11.67774   3.631202 9.8873e+04    25.1699    25.1695 1.0000e-12     20.500          1       1440    1489.10 2.2242e-02  51277.348     59.965 1622009944      -0.00      0.406   40.09642  -71.56593 0.0000e+00
     20.828    10.2400    32.8189  1025.3041     2.8138     7.4445    114.826   -0.00021    6.48325    6.48700      8.171     0.2447   11.70229   3.614304 1.0009e+05    25.2093    25.2089 1.0000e-12     21.000          1       1467    1488.39 -1.801e-03  51322.930     61.081 1622009945       0.06      0.395   40.09642  -71.56592 0.0000e+00
     21.333    10.1443    32.8146  1025.3192     2.8134     7.4269    114.507   -0.00369    6.48602    6.48981      8.171     0.2562   11.70696   3.603253 9.9999e+04    25.2221    25.2217 1.0000e-12     21.500          1       1483    1488.04 0.0000e+00  51334.896     61.741 1622009946       0.29      0.521   40.09642  -71.56592 0.0000e+00
     21.842     9.7324    32.8290  1025.4012     2.8146     7.4529    114.823   -0.00088    6.49076    6.49461      8.167     0.2565   11.71479   3.566793 1.9266e+04    25.3016    25.3012 1.0000e-12     22.000          1       1499    1486.58 1.5942e+00  51434.518     62.416 1622009947       0.18      0.705   40.09642  -71.56592 0.0000e+00
     22.323     9.3911    32.8403  1025.4678     2.8119     7.4635    114.711   -0.00115    6.50631    6.51037      8.159     0.2835   11.74052   3.540220 -1.581e+03    25.3658    25.3654 1.0000e-12     22.500          1       1554    1485.36 2.0059e+00  51517.363     64.705 1622009949      -0.10      0.197   40.09642  -71.56592 0.0000e+00
     22.821     9.3490    32.8396  1025.4763     2.8029     7.4222    113.920   -0.00532    6.51527    6.51946      8.157     0.3208   11.75533   3.536985 5.0640e-11    25.3720    25.3716 1.0000e-12     23.000          1       1591    1485.21 1.9747e+00  51525.740     66.232 1622009951       0.18      0.332   40.09642  -71.56590 0.0000e+00
     23.320     9.2929    32.8394  1025.4873     2.7951     7.3972    113.359   -0.00755    6.52544    6.52978      8.154     0.3103   11.77217   3.532086 5.0640e-11    25.3807    25.3803 1.0000e-12     23.500          1       1616    1485.01 1.9747e+00  51537.106     67.288 1622009952       0.06      0.446   40.09640  -71.56590 0.0000e+00
     23.816     9.2246    32.8401  1025.5011     2.7830     7.3787    112.750   -0.00811    6.54438    6.54899      8.148     0.3357   11.80344   3.526549 5.0640e-11    25.3922    25.3918 1.0000e-12     24.000          1       1649    1484.77 1.9747e+00  51552.633     68.687 1622009953      -0.11      0.397   40.09640  -71.56590 0.0000e+00
     24.307     9.1308    32.8397  1025.5179     2.7641     7.3119    111.538   -0.01154    6.55556    6.56033      8.141     0.3695   11.82191   3.517792 5.0640e-11    25.4067    25.4063 1.0000e-12     24.500          1       1690    1484.43 1.9747e+00  51571.707     70.358 1622009955       0.07      0.263   40.09640  -71.56590 0.0000e+00
