CalculateIndicators/WaterTemperature/Data/CTD_NYOS/20210524_C21.cnv
* Sea-Bird SBE 9 Data File:
* FileName = C:\Seabird 9 CTD\Data\2021\202105_offshore\20210524_C21.hex
* Software Version Seasave V 7.23.2
* Temperature SN = 4590
* Conductivity SN = 3228
* Number of Bytes Per Scan = 44
* Number of Voltage Words = 5
* Number of Scans Averaged by the Deck Unit = 1
* NMEA Latitude = 39 48.38 N
* NMEA Longitude = 072 29.58 W
* NMEA UTC (Time) = May 24 2021  01:42:59
* NMEA baud rate = 4800
** Ship: seawolf
** Station: 4.4
** Operator: TDK
# nquan = 31
# nvalues = 261                         
# units = specified
# name 0 = depSM: Depth [salt water, m]
# name 1 = t090C: Temperature [ITS-90, deg C]
# name 2 = sal00: Salinity, Practical [PSU]
# name 3 = density00: Density [density, kg/m^3]
# name 4 = sbeox0V: Oxygen raw, SBE 43 [V]
# name 5 = sbeox0ML/L: Oxygen, SBE 43 [ml/l]
# name 6 = sbeox0PS: Oxygen, SBE 43 [% saturation]
# name 7 = sbox0dV/dT: Oxygen, SBE 43 [dov/dt]
# name 8 = oxsolML/L: Oxygen Saturation, Garcia & Gordon [ml/l]
# name 9 = oxsatML/L: Oxygen Saturation, Weiss [ml/l]
# name 10 = ph: pH
# name 11 = flECO-AFL: Fluorescence, WET Labs ECO-AFL/FL [mg/m^3]
# name 12 = n2satML/L: Nitrogen Saturation [ml/l]
# name 13 = c0S/m: Conductivity [S/m]
# name 14 = cpar: CPAR/Corrected Irradiance [%]
# name 15 = sigma-é00: Density [sigma-theta, kg/m^3]
# name 16 = sigma-t00: Density [sigma-t, kg/m^3 ]
# name 17 = par: PAR/Irradiance, Biospherical/Licor
# name 18 = prDM: Pressure, Digiquartz [db]
# name 19 = pumps: Pump Status
# name 20 = scan: Scan Count
# name 21 = svCM: Sound Velocity [Chen-Millero, m/s]
# name 22 = spar: SPAR, Biospherical/Licor
# name 23 = specc: Specific Conductance [uS/cm]
# name 24 = timeS: Time, Elapsed [seconds]
# name 25 = timeY: Time, System [seconds]
# name 26 = accM: Acceleration [m/s^2]
# name 27 = dz/dtM: Descent Rate [m/s]
# name 28 = latitude: Latitude [deg]
# name 29 = longitude: Longitude [deg]
# name 30 = flag: flag
# span 0 =      1.979,     66.486       
# span 1 =     7.9998,    15.5735       
# span 2 =    32.0796,    34.0502       
# span 3 =  1023.6116,  1026.5272       
# span 4 =     1.9335,     2.7233       
# span 5 =     4.6806,     6.7221       
# span 6 =     71.912,    110.532       
# span 7 =   -0.06355,    0.07885       
# span 8 =    5.71685,    6.67905       
# span 9 =    5.71097,    6.68592       
# span 10 =      7.863,      8.086      
# span 11 =     0.0537,     0.6129      
# span 12 =   10.43656,   12.02259      
# span 13 =   3.449147,   4.064539      
# span 14 = -1.055e+04, 1.0222e+05      
# span 15 =    23.6027,    26.2235      
# span 16 =    23.6027,    26.2224      
# span 17 = 1.0000e-12, 4.9581e-03      
# span 18 =      2.000,     67.000      
# span 19 =          1,          1      
# span 20 =        255,      13334      
# span 21 =    1481.05,    1505.60      
# span 22 = -4.390e-02, 2.1830e+00      
# span 23 =  49562.357,  53058.990      
# span 24 =     10.582,    555.544      
# span 25 = 1621820587, 1621821132      
# span 26 =      -0.43,       0.35      
# span 27 =     -0.808,      0.754      
# span 28 =   39.80382,   39.80640      
# span 29 =  -72.49308,  -72.49021      
# span 30 = 0.0000e+00, 0.0000e+00      
# interval = decibars: 0.5              
# start_time = May 24 2021 01:42:57 [System UTC, first data scan.]
# bad_flag = -9.990e-29
*END*
[from data line 234]
     14.883    10.7417    32.8133  1025.1863     2.6362     6.6438    105.658    0.00005    6.28800    6.28908      8.043     0.1368   11.37960   3.663026 5.6249e+04    25.1187    25.1184 1.0000e-12     15.000          1      11231    1490.07 8.6393e-01  51221.699    467.906 1621821045       0.16     -0.400   39.80421  -72.49066 0.0000e+00
     14.394    10.7880    32.8127  1025.1755     2.6353     6.5996    105.466   -0.00098    6.25762    6.25830      8.041     0.1311   11.32946   3.666823 -2.726e+03    25.1102    25.1099 1.0000e-12     14.500          1      11284    1490.23 2.0285e+00  51212.579    470.140 1621821047      -0.28     -0.191   39.80420  -72.49064 0.0000e+00
     13.892    10.8240    32.8125  1025.1667     2.6385     6.6051    105.796    0.00156    6.24328    6.24377      8.038     0.1224   11.30580   3.670320 5.0640e-11    25.1037    25.1034 1.0000e-12     14.000          1      11305    1490.34 1.9747e+00  51205.773    470.983 1621821048      -0.23     -0.459   39.80420  -72.49064 0.0000e+00
     13.398    10.9008    32.8056  1025.1456     2.6415     6.6037    106.070    0.00361    6.22585    6.22610      8.037     0.1043   11.27703   3.676911 5.0640e-11    25.0849    25.0846 1.0000e-12     13.500          1      11326    1490.60 1.9747e+00  51182.883    471.875 1621821049      -0.03     -0.565   39.80420  -72.49064 0.0000e+00
     12.904    11.0192    32.7999  1025.1180     2.6440     6.5929    106.136    0.00326    6.21175    6.21182      8.037     0.0968   11.25377   3.687397 5.0640e-11    25.0595    25.0593 1.0000e-12     13.000          1      11346    1491.00 1.9747e+00  51153.757    472.702 1621821050      -0.03     -0.568   39.80420  -72.49064 0.0000e+00
     12.408    11.1126    32.7923  1025.0932     2.6454     6.5919    106.151    0.00268    6.20996    6.21001      8.037     0.0977   11.25078   3.695118 1.3239e+04    25.0370    25.0367 1.0000e-12     12.500          1      11362    1491.31 1.7133e+00  51128.165    473.370 1621821050      -0.14     -0.627   39.80420  -72.49064 0.0000e+00
     11.907    11.1835    32.7885  1025.0753     2.6472     6.5962    106.232    0.00255    6.20924    6.20928      8.037     0.1024   11.24958   3.700820 9.8216e+04    25.0214    25.0211 1.0000e-12     12.000          1      11376    1491.55 3.5214e-02  51111.272    473.967 1621821051      -0.18     -0.731   39.80418  -72.49062 0.0000e+00
     11.401    11.2782    32.7843  1025.0527     2.6464     6.5886    106.122    0.00168    6.20851    6.20854      8.037     0.1081   11.24837   3.709540 9.9999e+04    25.0005    25.0002 1.0000e-12     11.500          1      11392    1491.87 0.0000e+00  51087.463    474.626 1621821052      -0.03     -0.805   39.80418  -72.49062 0.0000e+00
     10.913    11.4387    32.7752  1025.0145     2.6442     6.5699    105.838   -0.00055    6.20753    6.20755      8.037     0.1191   11.24670   3.722342 7.3125e+04    24.9650    24.9647 1.0000e-12     11.000          1      11460    1492.41 5.3068e-01  51049.512    477.457 1621821054       0.13     -0.277   39.80418  -72.49061 0.0000e+00
     10.416    11.5190    32.7820  1025.0029     2.6499     6.5508    106.196    0.00149    6.16865    6.16816      8.041     0.1043   11.18261   3.728954 -5.873e+03    24.9558    24.9556 1.0000e-12     10.500          1      12284    1492.69 2.0907e+00  51046.117    511.808 1621821089      -0.15     -0.206   39.80402  -72.49043 0.0000e+00
      9.923    11.5822    32.7741  1024.9830     2.6600     6.4961    106.743    0.00418    6.08573    6.08417      8.038     0.1059   11.04584   3.734236 5.0640e-11    24.9381    24.9379 1.0000e-12     10.000          1      12716    1492.89 1.9747e+00  51025.081    529.801 1621821107      -0.03     -0.318   39.80394  -72.49034 0.0000e+00
      9.430    11.8860    32.7357  1024.8949     2.6704     6.4150    107.275    0.00704    5.97996    5.97708      8.029     0.0916   10.87140   3.759627 5.0640e-11    24.8523    24.8521 1.0000e-12      9.500          1      12747    1493.88 1.9747e+00  50923.447    531.091 1621821108      -0.02     -0.334   39.80394  -72.49034 0.0000e+00
      8.933    12.2279    32.7148  1024.8123     2.6816     6.4210    107.925    0.00924    5.94948    5.94624      8.023     0.0728   10.82098   3.789851 5.0640e-11    24.7720    24.7718 1.0000e-12      9.000          1      12772    1495.02 1.9747e+00  50843.231    532.135 1621821109      -0.13     -0.412   39.80394  -72.49032 0.0000e+00
      8.432    12.6015    32.6788  1024.7106     2.6799     6.3808    107.601    0.00636    5.93006    5.92661      8.018     0.0690   10.78857   3.822593 5.0640e-11    24.6727    24.6725 1.0000e-12      8.500          1      12794    1496.24 1.9747e+00  50741.699    533.041 1621821110      -0.08     -0.524   39.80392  -72.49032 0.0000e+00
      7.938    13.3515    32.6157  1024.5124     2.6620     6.2116    105.464   -0.01070    5.88967    5.88573      8.013     0.0826   10.72195   3.883774 5.0640e-11    24.4768    24.4766 1.0000e-12      8.000          1      12824    1498.67 1.9747e+00  50551.402    534.297 1621821111       0.13     -0.457   39.80392  -72.49032 0.0000e+00
      7.447    13.6315    32.6112  1024.4505     2.6458     6.0934    104.429   -0.01324    5.83497    5.83040      8.008     0.0932   10.63169   3.908495 5.0640e-11    24.4171    24.4169 1.0000e-12      7.500          1      12857    1499.59 1.9747e+00  50511.180    535.653 1621821113      -0.05     -0.333   39.80391  -72.49031 0.0000e+00
      6.946    13.8051    32.6180  1024.4182     2.6415     6.0739    104.536   -0.00806    5.81034    5.80549      8.006     0.0858   10.59111   3.925103 5.0640e-11    24.3871    24.3869 1.0000e-12      7.000          1      12879    1500.16 1.9747e+00  50498.965    536.577 1621821114      -0.15     -0.464   39.80390  -72.49030 0.0000e+00
      6.447    14.1396    32.5772  1024.3155     2.6361     6.0364    104.422   -0.00521    5.78081    5.77562      8.005     0.0911   10.54249   3.952845 5.0640e-11    24.2866    24.2865 1.0000e-12      6.500          1      12902    1501.19 1.9747e+00  50402.877    537.544 1621821114       0.00     -0.538   39.80390  -72.49030 0.0000e+00
      5.958    14.5310    32.5431  1024.2052     2.6316     5.9993    104.217   -0.00444    5.75654    5.75108      8.002     0.0867   10.50236   3.983424 5.0640e-11    24.1786    24.1784 1.0000e-12      6.000          1      12929    1502.41 1.9747e+00  50310.189    538.672 1621821116       0.08     -0.460   39.80390  -72.49029 0.0000e+00
      5.457    14.7303    32.5197  1024.1426     2.6270     5.9729    103.962   -0.00465    5.74529    5.73971      8.000     0.1216   10.48383   4.000867 9.0924e+03    24.1183    24.1181 1.0000e-12      5.500          1      12951    1503.02 1.7951e+00  50257.866    539.563 1621821116      -0.11     -0.489   39.80389  -72.49028 0.0000e+00
      4.959    14.9987    32.4810  1024.0532     2.6215     5.9569    103.651   -0.00524    5.74709    5.74153      8.000     0.1030   10.48657   4.020494 9.7862e+04    24.0311    24.0309 1.0000e-12      5.000          1      12973    1503.82 4.2204e-02  50175.382    540.519 1621821117       0.01     -0.551   39.80388  -72.49028 0.0000e+00
      4.465    15.2403    32.4618  1023.9839     2.6101     5.9108    102.918   -0.00776    5.74319    5.73759      8.000     0.1132   10.48023   4.039793 9.9999e+04    23.9640    23.9638 1.0000e-12      4.500          1      13004    1504.56 0.0000e+00  50123.477    541.812 1621821119       0.12     -0.430   39.80388  -72.49028 0.0000e+00
      3.974    15.3266    32.4616  1023.9628     2.5998     5.8744    102.309   -0.00932    5.74180    5.73619      7.998     0.1056   10.47787   4.046487 -9.990e-29    23.9451    23.9449 1.0000e-12      4.000          1      13035    1504.82 -9.990e-29  50115.061    543.069 1621821120      -0.07     -0.357   39.80388  -72.49028 0.0000e+00
      3.469    15.2806    32.4735  1023.9797     2.5986     5.8879    102.530   -0.00497    5.74265    5.73705      7.997     0.1097   10.47921   4.042930 -9.990e-29    23.9642    23.9641 1.0000e-12      3.500          1      13056    1504.68 -9.990e-29  50134.489    543.952 1621821121      -0.16     -0.488   39.80388  -72.49027 0.0000e+00
      2.976    15.3622    32.4602  1023.9495     2.5987     5.9040    102.822   -0.00050    5.74196    5.73636      7.993     0.1268   10.47796   4.048765 5.0640e-11    23.9362    23.9361 1.0000e-12      3.000          1      13085    1504.91 1.9747e+00  50109.118    545.178 1621821122       0.13     -0.473   39.80386  -72.49026 0.0000e+00
      2.477    15.3322    32.4748  1023.9649     2.5988     5.9156    102.876    0.00006    5.75023    5.74472      7.991     0.1022   10.49154   4.046659 1.6464e-01    23.9539    23.9538 3.2512e-03      2.500          1      13118    1504.83 1.9747e+00  50132.024    546.551 1621821123      -0.04     -0.354   39.80386  -72.49024 0.0000e+00
      1.982    15.3486    32.4883  1023.9696     2.5995     5.8970    102.897    0.00022    5.73092    5.72521      8.002     0.1286   10.45966   4.048778 2.5107e-01    23.9607    23.9607 4.9581e-03      2.000          1      13334    1504.89 1.9747e+00  50148.078    555.544 1621821132      -0.01     -0.125   39.80382  -72.49021 0.0000e+00
