CalculateIndicators/WaterTemperature/Data/CTD_NYOS/20210526_C39.cnv
* Sea-Bird SBE 9 Data File:
* FileName = C:\Seabird 9 CTD\Data\2021\202105_offshore\20210526_C39.hex
* Software Version Seasave V 7.23.2
* Temperature SN = 4590
* Conductivity SN = 3228
* Number of Bytes Per Scan = 44
* Number of Voltage Words = 5
* Number of Scans Averaged by the Deck Unit = 1
* NMEA Latitude = 39 47.84 N
* NMEA Longitude = 071 27.66 W
* NMEA UTC (Time) = May 26 2021  09:11:10
* NMEA baud rate = 4800
** Ship: seawolf
** Station: 1.5
** Operator: sjw
# nquan = 31
# nvalues = 1205                        
# units = specified
# name 0 = depSM: Depth [salt water, m]
# name 1 = t090C: Temperature [ITS-90, deg C]
# name 2 = sal00: Salinity, Practical [PSU]
# name 3 = density00: Density [density, kg/m^3]
# name 4 = sbeox0V: Oxygen raw, SBE 43 [V]
# name 5 = sbeox0ML/L: Oxygen, SBE 43 [ml/l]
# name 6 = sbeox0PS: Oxygen, SBE 43 [% saturation]
# name 7 = sbox0dV/dT: Oxygen, SBE 43 [dov/dt]
# name 8 = oxsolML/L: Oxygen Saturation, Garcia & Gordon [ml/l]
# name 9 = oxsatML/L: Oxygen Saturation, Weiss [ml/l]
# name 10 = ph: pH
# name 11 = flECO-AFL: Fluorescence, WET Labs ECO-AFL/FL [mg/m^3]
# name 12 = n2satML/L: Nitrogen Saturation [ml/l]
# name 13 = c0S/m: Conductivity [S/m]
# name 14 = cpar: CPAR/Corrected Irradiance [%]
# name 15 = sigma-é00: Density [sigma-theta, kg/m^3]
# name 16 = sigma-t00: Density [sigma-t, kg/m^3 ]
# name 17 = par: PAR/Irradiance, Biospherical/Licor
# name 18 = prDM: Pressure, Digiquartz [db]
# name 19 = pumps: Pump Status
# name 20 = scan: Scan Count
# name 21 = svCM: Sound Velocity [Chen-Millero, m/s]
# name 22 = spar: SPAR, Biospherical/Licor
# name 23 = specc: Specific Conductance [uS/cm]
# name 24 = timeS: Time, Elapsed [seconds]
# name 25 = timeY: Time, System [seconds]
# name 26 = accM: Acceleration [m/s^2]
# name 27 = dz/dtM: Descent Rate [m/s]
# name 28 = latitude: Latitude [deg]
# name 29 = longitude: Longitude [deg]
# name 30 = flag: flag
# span 0 =      2.973,    301.458       
# span 1 =     9.0306,    15.4394       
# span 2 =    33.9138,    35.9436       
# span 3 =  1025.2986,  1028.6505       
# span 4 =     1.3782,     2.6978       
# span 5 =     2.8772,     6.3180       
# span 6 =     45.347,    108.195       
# span 7 =   -0.04347,    0.05561       
# span 8 =    5.62928,    6.44157       
# span 9 =    5.62442,    6.44708       
# span 10 =      7.854,      8.193      
# span 11 =    -0.0804,     0.9670      
# span 12 =   10.25378,   11.60541      
# span 13 =   3.750845,   4.424809      
# span 14 = -8.754e+03, 1.0386e+05      
# span 15 =    25.2719,    27.2793      
# span 16 =    25.2716,    27.2739      
# span 17 = -1.732e-07, 6.8523e+00      
# span 18 =      3.000,    304.000      
# span 19 =          1,          1      
# span 20 =        252,      47550      
# span 21 =    1491.54,    1509.67      
# span 22 = -2.883e-01, 2.5867e+01      
# span 23 =  52245.594,  55106.808      
# span 24 =     10.438,   1981.194      
# span 25 = 1622020276, 1622022247      
# span 26 =      -0.53,       0.51      
# span 27 =     -0.805,      0.723      
# span 28 =   39.79736,   39.79914      
# span 29 =  -71.46401,  -71.46108      
# span 30 = 0.0000e+00, 0.0000e+00      
# interval = decibars: 0.5              
# start_time = May 26 2021 09:11:06 [System UTC, first data scan.]
# bad_flag = -9.990e-29
*END*
[from data line 47]
     26.298    14.6409    34.7796  1025.9980     2.5964     5.8784    102.329   -0.01261    5.74462    5.74042      8.175     0.6760   10.45688   4.235506 5.0640e-11    25.8810    25.8802 1.0000e-12     26.500          1       1859    1505.72 -9.990e-29  53395.430     77.410 1622020343       0.13      0.465   39.79742  -71.46122 0.0000e+00
     26.795    14.6765    34.8320  1026.0329     2.5813     5.8427    101.494   -0.01427    5.75669    5.75263      8.174     0.6774   10.47700   4.243515 5.0640e-11    25.9138    25.9129 1.0000e-12     27.000          1       1886    1505.90 -9.990e-29  53464.108     78.558 1622020344      -0.08      0.481   39.79742  -71.46122 0.0000e+00
     27.285    14.6115    34.8323  1026.0494     2.5679     5.8299    101.204   -0.00915    5.76053    5.75652      8.173     0.7378   10.48323   4.236487 5.0640e-11    25.9281    25.9272 1.0000e-12     27.500          1       1924    1505.70 -9.990e-29  53472.111     80.120 1622020346      -0.05      0.316   39.79742  -71.46122 0.0000e+00
     27.788    14.5055    34.8184  1026.0638     2.5622     5.8343    101.199   -0.00532    5.76515    5.76120      8.170     0.7325   10.49076   4.224295 4.9913e-11    25.9402    25.9393 1.0000e-12     28.000          1       1954    1505.35 -9.990e-29  53465.706     81.385 1622020347       0.06      0.378   39.79742  -71.46122 0.0000e+00
     28.275    14.4534    34.8309  1026.0868     2.5492     5.7988    100.507   -0.00643    5.76951    5.76565      8.165     0.7991   10.49727   4.221027 5.0757e-11    25.9610    25.9601 1.0000e-12     28.500          1       2001    1505.21 1.9747e+00  53489.418     83.332 1622020349      -0.12      0.249   39.79742  -71.46122 0.0000e+00
     28.776    14.4074    34.8418  1026.1074     2.5370     5.6947     99.630   -0.00991    5.71588    5.71154      8.155     0.8389   10.40583   4.217156 5.0640e-11    25.9793    25.9784 1.0000e-12     29.000          1       2028    1505.08 1.9747e+00  53510.310     84.471 1622020350       0.25      0.348   39.79742  -71.46122 0.0000e+00
     29.275    14.3555    34.8647  1026.1384     2.5290     5.6632     99.349   -0.00812    5.70031    5.69581      8.147     0.8971   10.37960   4.214681 5.0640e-11    26.0082    26.0072 1.0000e-12     29.500          1       2052    1504.95 1.9747e+00  53548.293     85.462 1622020351       0.04      0.511   39.79744  -71.46122 0.0000e+00
     29.762    14.3766    34.9316  1026.1877     2.4859     5.4755     96.123   -0.02475    5.69628    5.69175      8.144     0.9670   10.37279   4.228719 5.0640e-11    26.0553    26.0543 1.0000e-12     30.000          1       2079    1505.11 1.9747e+00  53637.436     86.584 1622020352      -0.07      0.451   39.79744  -71.46123 0.0000e+00
     30.268    14.7344    35.1406  1026.2739     2.4508     5.2992     93.148   -0.04347    5.68900    5.68439      8.144     0.9031   10.36042   4.285510 5.0640e-11    26.1395    26.1385 1.0000e-12     30.500          1       2099    1506.50 1.9747e+00  53882.359     87.401 1622020353       0.16      0.501   39.79744  -71.46124 0.0000e+00
     30.762    14.9066    35.2045  1026.2877     2.4131     5.2455     92.457   -0.02630    5.67352    5.66877      8.143     0.8638   10.33426   4.308102 5.0076e-11    26.1512    26.1502 1.0000e-12     31.000          1       2142    1507.13 -9.990e-29  53950.401     89.194 1622020355      -0.04      0.322   39.79744  -71.46124 0.0000e+00
     31.258    15.0054    35.2477  1026.3015     2.3863     5.2128     92.145   -0.01137    5.65718    5.65227 -9.990e-29     0.7714   10.30665   4.322689 4.9901e-11    26.1628    26.1618 1.0000e-12     31.500          1       2192    1507.50 -9.990e-29  53998.246     91.288 1622020357       0.20      0.268   39.79744  -71.46124 0.0000e+00
     31.745    15.1333    35.2936  1026.3108     2.3704     5.1692     91.386   -0.01123    5.65645    5.65154      8.141     0.6986   10.30538   4.340750 5.0687e-11    26.1700    26.1689 1.0000e-12     32.000          1       2226    1507.97 -9.990e-29  54046.926     92.706 1622020358      -0.02      0.356   39.79744  -71.46124 0.0000e+00
     32.246    15.2014    35.3179  1026.3166     2.3615     5.1457     90.962   -0.01109    5.65699    5.65209      8.141     0.6889   10.30625   4.349545 4.8936e-11    26.1736    26.1725 1.0000e-12     32.500          1       2245    1508.22 -9.990e-29  54072.917     93.508 1622020359       0.25      0.434   39.79744  -71.46124 0.0000e+00
     32.753    15.2169    35.3261  1026.3217     2.3568     5.1377     90.812   -0.00999    5.65747    5.65257      8.140     0.6722   10.30698   4.351846 4.9357e-11    26.1766    26.1755 1.0000e-12     33.000          1       2262    1508.28 -9.990e-29  54082.783     94.200 1622020360       0.23      0.631   39.79744  -71.46126 0.0000e+00
     33.242    15.2168    35.3322  1026.3286     2.3488     5.1294     90.676   -0.00623    5.65681    5.65191      8.138     0.6283   10.30573   4.352089 5.0640e-11    26.1813    26.1802 1.0000e-12     33.500          1       2295    1508.30 -9.990e-29  54091.299     95.583 1622020361      -0.26      0.468   39.79744  -71.46126 0.0000e+00
     33.738    15.2072    35.3383  1026.3377     2.3402     5.1063     90.279   -0.00598    5.65612    5.65125      8.137     0.5859   10.30402   4.351664 4.9672e-11    26.1882    26.1870 1.0000e-12     34.000          1       2330    1508.28 -9.990e-29  54101.035     97.054 1622020363       0.17      0.297   39.79744  -71.46126 0.0000e+00
     34.235    15.2069    35.3523  1026.3507     2.3251     5.0488     89.343   -0.00903    5.65099    5.64611      8.130     0.4319   10.29465   4.353314 4.9862e-11    26.1990    26.1979 1.0000e-12     34.500          1       2364    1508.31 -9.990e-29  54120.359     98.477 1622020364      -0.07      0.374   39.79744  -71.46126 0.0000e+00
     34.724    15.1958    35.4131  1026.4023     2.2911     4.9155     86.991   -0.01954    5.65064    5.64577      8.120     0.2571   10.29384   4.358508 4.6381e-11    26.2484    26.2472 1.0000e-12     35.000          1       2405    1508.35 -9.990e-29  54205.305    100.184 1622020366       0.06      0.256   39.79744  -71.46126 0.0000e+00
     35.226    15.2003    35.4748  1026.4510     2.2651     4.8315     85.307   -0.02590    5.66371    5.65897      8.120     0.2527   10.31575   4.366965 5.0644e-11    26.2949    26.2937 1.0000e-12     35.500          1       2428    1508.45 -9.990e-29  54289.094    101.126 1622020367       0.20      0.417   39.79744  -71.46126 0.0000e+00
     35.725    15.2357    35.5131  1026.4749     2.2472     4.8007     84.614   -0.02328    5.67359    5.66896      8.119     0.2329   10.33222   4.373372 4.9740e-11    26.3166    26.3154 1.0000e-12     36.000          1       2451    1508.61 -9.990e-29  54337.901    102.085 1622020368       0.02      0.537   39.79744  -71.46126 0.0000e+00
     36.217    15.1982    35.5056  1026.4797     2.2344     4.8077     84.693   -0.01291    5.67658    5.67198      8.118     0.2332   10.33724   4.368018 4.7347e-11    26.3192    26.3180 1.0000e-12     36.500          1       2481    1508.49 -9.990e-29  54332.130    103.347 1622020369      -0.11      0.429   39.79744  -71.46126 0.0000e+00
     36.716    15.0461    35.4804  1026.4963     2.2323     4.8532     85.251   -0.00341    5.69281    5.68838      8.117     0.2036   10.36446   4.349800 4.9279e-11    26.3335    26.3323 1.0000e-12     37.000          1       2515    1507.99 -9.990e-29  54315.012    104.742 1622020370      -0.04      0.373   39.79744  -71.46126 0.0000e+00
     37.203    14.9926    35.4700  1026.5023     2.2300     4.8685     85.303   -0.00127    5.70725    5.70298      8.117     0.1859   10.38861   4.343824 4.8916e-11    26.3374    26.3361 1.0000e-12     37.500          1       2554    1507.82 -9.990e-29  54307.305    106.395 1622020372      -0.00      0.277   39.79744  -71.46126 0.0000e+00
     37.705    14.9223    35.4503  1026.5049     2.2324     4.8840     85.529    0.00022    5.71038    5.70614      8.117     0.1971   10.39383   4.333221 4.9304e-11    26.3376    26.3364 1.0000e-12     38.000          1       2576    1507.58 -9.990e-29  54288.741    107.282 1622020373       0.25      0.411   39.79744  -71.46126 0.0000e+00
     38.209    14.8167    35.4302  1026.5148     2.2349     4.9137     85.848    0.00280    5.72368    5.71958      8.117     0.2113   10.41609   4.320798 4.7450e-11    26.3453    26.3440 1.0000e-12     38.500          1       2596    1507.24 -9.990e-29  54273.561    108.117 1622020374       0.11      0.580   39.79744  -71.46126 0.0000e+00
     38.697    14.7395    35.4172  1026.5239     2.2324     4.9158     85.528   -0.00055    5.74753    5.74369      8.115     0.1961   10.45591   4.312290 4.6490e-11    26.3521    26.3509 1.0000e-12     39.000          1       2631    1506.98 -9.990e-29  54265.227    109.589 1622020375      -0.21      0.400   39.79744  -71.46127 0.0000e+00
     39.194    14.6306    35.3971  1026.5344     2.2305     4.9100     85.350   -0.00198    5.75277    5.74900      8.114     0.1928   10.46463   4.297976 4.3825e-11    26.3603    26.3590 1.0000e-12     39.500          1       2664    1506.62 -9.990e-29  54250.885    110.978 1622020377       0.14      0.320   39.79744  -71.46128 0.0000e+00
     39.691    14.4288    35.3662  1026.5565     2.2317     4.9253     85.595    0.00054    5.75422    5.75047      8.112     0.1501   10.46695   4.275139 4.8040e-11    26.3801    26.3788 1.0000e-12     40.000          1       2697    1505.95 -9.990e-29  54233.472    112.332 1622020378      -0.06      0.395   39.79744  -71.46128 0.0000e+00
     40.183    14.3597    35.3574  1026.5668     2.2318     4.9321     85.615    0.00061    5.76084    5.75717      8.109     0.1316   10.47799   4.268109 5.0707e-11    26.3881    26.3868 1.0000e-12     40.500          1       2731    1505.72 -9.990e-29  54229.773    113.766 1622020379       0.08      0.310   39.79744  -71.46128 0.0000e+00
     40.680    14.3608    35.3646  1026.5744     2.2287     4.9153     85.286   -0.00203    5.76330    5.75965      8.109     0.1536   10.48208   4.269118 5.0198e-11    26.3935    26.3922 1.0000e-12     41.000          1       2754    1505.74 -9.990e-29  54240.146    114.711 1622020380       0.16      0.454   39.79744  -71.46128 0.0000e+00
     41.182    14.3445    35.3671  1026.5821     2.2271     4.9114     85.163   -0.00278    5.76705    5.76344      8.110     0.1833   10.48833   4.267656 4.4270e-11    26.3990    26.3976 1.0000e-12     41.500          1       2774    1505.70 -9.990e-29  54245.796    115.544 1622020381       0.09      0.558   39.79744  -71.46128 0.0000e+00
     41.679    14.2973    35.3611  1026.5898     2.2266     4.9215     85.271   -0.00101    5.77154    5.76798      8.110     0.1735   10.49584   4.262443 4.1759e-11    26.4044    26.4031 1.0000e-12     42.000          1       2802    1505.55 2.6783e+00  54243.652    116.693 1622020382      -0.13      0.512   39.79744  -71.46128 0.0000e+00
     42.169    14.2405    35.3524  1026.5974     2.2253     4.9237     85.232   -0.00083    5.77683    5.77334      8.110     0.1643   10.50468   4.255860 4.3760e-11    26.4098    26.4085 1.0000e-12     42.500          1       2848    1505.37 2.5116e+00  54239.092    118.605 1622020384      -0.04      0.240   39.79744  -71.46128 0.0000e+00
     42.666    14.1894    35.3451  1026.6050     2.2251     4.9329     85.302    0.00005    5.78287    5.77944      8.109     0.1352   10.51475   4.250390 4.5152e-11    26.4151    26.4138 1.0000e-12     43.000          1       2886    1505.20 2.4027e+00  54235.847    120.194 1622020386       0.03      0.312   39.79744  -71.46128 0.0000e+00
     43.154    14.1648    35.3409  1026.6091     2.2248     4.9308     85.246   -0.00065    5.78417    5.78076      8.108     0.1363   10.51692   4.247390 4.8842e-11    26.4171    26.4157 1.0000e-12     43.500          1       2917    1505.13 2.1150e+00  54233.411    121.506 1622020387       0.08      0.336   39.79746  -71.46128 0.0000e+00
     43.659    14.1349    35.3363  1026.6143     2.2250     4.9348     85.311    0.00014    5.78447    5.78106      8.108     0.1631   10.51742   4.243835 4.1409e-11    26.4199    26.4185 1.0000e-12     44.000          1       2934    1505.04 2.6946e+00  54231.264    122.223 1622020388       0.29      0.484   39.79746  -71.46128 0.0000e+00
     44.163    14.1107    35.3342  1026.6200     2.2254     4.9376     85.353    0.00039    5.78492    5.78152      8.107     0.1547   10.51818   4.241640 4.0863e-11    26.4234    26.4220 1.0000e-12     44.500          1       2952    1504.96 2.7372e+00  54231.678    122.955 1622020389       0.15      0.662   39.79746  -71.46128 0.0000e+00
     44.653    14.1015    35.3320  1026.6225     2.2257     4.9398     85.363    0.00023    5.78679    5.78341      8.107     0.1397   10.52131   4.240626 3.9478e-11    26.4237    26.4223 1.0000e-12     45.000          1       2986    1504.94 2.8453e+00  54230.131    124.380 1622020390      -0.22      0.445   39.79746  -71.46130 0.0000e+00
     45.145    14.0882    35.3296  1026.6257     2.2257     4.9472     85.369    0.00008    5.79505    5.79175      8.106     0.1259   10.53513   4.239202 3.9720e-11    26.4247    26.4233 1.0000e-12     45.500          1       3034    1504.90 2.8264e+00  54228.900    126.394 1622020392       0.03      0.231   39.79746  -71.46130 0.0000e+00
     45.643    14.0740    35.3271  1026.6290     2.2229     4.9676     85.175   -0.00144    5.83224    5.82937      8.106     0.1184   10.59719   4.237613 4.0357e-11    26.4257    26.4243 1.0000e-12     46.000          1       3067    1504.86 2.7767e+00  54227.471    127.761 1622020393       0.12      0.331   39.79746  -71.46130 0.0000e+00
     46.138    14.0610    35.3244  1026.6318     2.2164     4.9485     84.644   -0.00467    5.84619    5.84350      8.103     0.1093   10.62033   4.235992 3.5760e-11    26.4264    26.4250 1.0000e-12     46.500          1       3095    1504.82 3.1352e+00  54225.725    128.917 1622020394       0.03      0.428   39.79746  -71.46130 0.0000e+00
     46.631    13.9278    35.2956  1026.6400     2.2142     4.9423     84.554   -0.00451    5.84510    5.84240      8.103     0.1271   10.61842   4.216789 3.4619e-11    26.4322    26.4308 1.0000e-12     47.000          1       3119    1504.37 3.2243e+00  54203.802    129.901 1622020395       0.08      0.453   39.79746  -71.46130 0.0000e+00
     47.133    13.7195    35.2710  1026.6671     2.2167     4.9664     84.964   -0.00044    5.84529    5.84260      8.102     0.1422   10.61870   4.194950 3.3252e-11    26.4569    26.4555 1.0000e-12     47.500          1       3136    1503.67 3.3308e+00  54197.587    130.642 1622020396       0.18      0.560   39.79746  -71.46130 0.0000e+00
     47.635    13.6195    35.2594  1026.6812     2.2181     4.9784     85.219    0.00216    5.84191    5.83918      8.101     0.1429   10.61297   4.184507 3.3860e-11    26.4687    26.4673 1.0000e-12     48.000          1       3156    1503.34 3.2834e+00  54195.440    131.466 1622020397       0.01      0.647   39.79746  -71.46130 0.0000e+00
     48.122    13.6048    35.2837  1026.7053     2.2150     4.9438     84.814   -0.00136    5.82897    5.82611      8.096     0.0815   10.59094   4.186753 3.2614e-11    26.4906    26.4891 1.0000e-12     48.500          1       3210    1503.33 3.3806e+00  54231.100    133.725 1622020399      -0.15      0.214   39.79746  -71.46130 0.0000e+00
     48.619    13.6555    35.3114  1026.7183     2.2028     4.8826     83.864   -0.00628    5.82201    5.81908      8.092     0.0491   10.57914   4.195416 3.3798e-11    26.5015    26.5000 1.0000e-12     49.000          1       3257    1503.53 3.2883e+00  54262.272    135.647 1622020401       0.15      0.280   39.79746  -71.46131 0.0000e+00
