CalculateIndicators/WaterTemperature/Data/CTD_NYOS/20210321_C04.cnv
* Sea-Bird SBE 9 Data File:
* FileName = C:\Seabird 9 CTD\Data\2021\202103_offshore\20210321_C04.hex
* Software Version Seasave V 7.23.2
* Temperature SN = 4590
* Conductivity SN = 3228
* Number of Bytes Per Scan = 44
* Number of Voltage Words = 5
* Number of Scans Averaged by the Deck Unit = 1
* NMEA Latitude = 40 06.38 N
* NMEA Longitude = 073 38.81 W
* NMEA UTC (Time) = Mar 21 2021  11:57:49
* NMEA baud rate = 4800
** Ship: RV Seawolf
** Station: 7.2
** Operator: TCM
# nquan = 31
# nvalues = 73                          
# units = specified
# name 0 = depSM: Depth [salt water, m]
# name 1 = t090C: Temperature [ITS-90, deg C]
# name 2 = sal00: Salinity, Practical [PSU]
# name 3 = density00: Density [density, kg/m^3]
# name 4 = sbeox0V: Oxygen raw, SBE 43 [V]
# name 5 = sbeox0ML/L: Oxygen, SBE 43 [ml/l]
# name 6 = sbeox0PS: Oxygen, SBE 43 [% saturation]
# name 7 = sbox0dV/dT: Oxygen, SBE 43 [dov/dt]
# name 8 = oxsolML/L: Oxygen Saturation, Garcia & Gordon [ml/l]
# name 9 = oxsatML/L: Oxygen Saturation, Weiss [ml/l]
# name 10 = ph: pH
# name 11 = flECO-AFL: Fluorescence, WET Labs ECO-AFL/FL [mg/m^3]
# name 12 = n2satML/L: Nitrogen Saturation [ml/l]
# name 13 = c0S/m: Conductivity [S/m]
# name 14 = cpar: CPAR/Corrected Irradiance [%]
# name 15 = sigma-é00: Density [sigma-theta, kg/m^3]
# name 16 = sigma-t00: Density [sigma-t, kg/m^3 ]
# name 17 = par: PAR/Irradiance, Biospherical/Licor
# name 18 = prDM: Pressure, Digiquartz [db]
# name 19 = pumps: Pump Status
# name 20 = scan: Scan Count
# name 21 = svCM: Sound Velocity [Chen-Millero, m/s]
# name 22 = spar: SPAR, Biospherical/Licor
# name 23 = specc: Specific Conductance [uS/cm]
# name 24 = timeS: Time, Elapsed [seconds]
# name 25 = timeY: Time, System [seconds]
# name 26 = accM: Acceleration [m/s^2]
# name 27 = dz/dtM: Descent Rate [m/s]
# name 28 = latitude: Latitude [deg]
# name 29 = longitude: Longitude [deg]
# name 30 = flag: flag
# span 0 =      1.980,     37.713       
# span 1 =     5.9522,     6.3656       
# span 2 =    32.8082,    33.0444       
# span 3 =  1025.8361,  1026.1371       
# span 4 =     2.4285,     2.4659       
# span 5 =     6.7251,     6.9043       
# span 6 =     96.763,     98.537       
# span 7 =   -0.00159,    0.00215       
# span 8 =    6.94394,    7.01760       
# span 9 =    6.95477,    7.02931       
# span 10 =      8.455,      8.480      
# span 11 =     0.5547,     1.0522      
# span 12 =   12.46132,   12.58583      
# span 13 =   3.237974,   3.296141      
# span 14 = 2.4687e-03, 5.8713e+00      
# span 15 =    25.8268,    25.9621      
# span 16 =    25.8268,    25.9617      
# span 17 = 3.1035e-02, 7.7702e+01      
# span 18 =      2.000,     38.000      
# span 19 =          1,          1      
# span 20 =        310,       9966      
# span 21 =    1471.82,    1474.35      
# span 22 = 1.1925e+03, 1.3352e+03      
# span 23 =  52303.578,  52548.752      
# span 24 =     12.881,    415.209      
# span 25 = 1616327884, 1616328286      
# span 26 =      -0.33,       0.21      
# span 27 =     -0.519,      0.485      
# span 28 =   40.10594,   40.10637      
# span 29 =  -73.64690,  -73.64686      
# span 30 = 0.0000e+00, 0.0000e+00      
# interval = decibars: 1                
# start_time = Mar 21 2021 11:57:51 [System UTC, first data scan.]
# bad_flag = -9.990e-29
*END*
[from data line 47]
     26.788     6.1604    32.9795  1026.0610     2.4629     6.8715     98.459    0.00035    6.97704    6.98832      8.479     0.9751   12.51676   3.272343 6.6735e-02    25.9366    25.9363 8.3168e-01     27.000          1       5728    1473.27 1.2454e+03  52506.675    238.624 1616328110      -0.18     -0.519   40.10610  -73.64688 0.0000e+00
     25.799     6.1537    32.9723  1026.0516     2.4627     6.8594     98.349   -0.00038    6.97711    6.98836      8.479     0.9672   12.51719   3.271060 7.6691e-02    25.9317    25.9315 9.5837e-01     26.000          1       5845    1473.22 1.2495e+03  52497.509    243.485 1616328115      -0.10     -0.295   40.10610  -73.64688 0.0000e+00
     24.804     6.1555    32.9531  1026.0316     2.4618     6.8583     98.302   -0.00030    6.97628    6.98751 -9.990e-29     0.9736   12.51587   3.269508 9.6008e-02    25.9164    25.9161 1.1986e+00     25.000          1       5908    1473.19 1.2472e+03  52468.816    246.113 1616328117       0.02     -0.469   40.10609  -73.64688 0.0000e+00
     23.816     6.1709    32.9423  1026.0165     2.4620     6.8605     98.346    0.00017    6.97587    6.98707      8.478     1.0085   12.51535   3.269895 1.1783e-01    25.9059    25.9056 1.5039e+00     24.000          1       6016    1473.22 1.2771e+03  52447.997    250.645 1616328122       0.02     -0.148   40.10609  -73.64688 0.0000e+00
     22.822     6.1733    32.9309  1026.0026     2.4624     6.8653     98.345    0.00005    6.97742    6.98864      8.478     1.0522   12.51801   3.268980 1.3876e-01    25.8966    25.8963 1.7312e+00     23.000          1       6101    1473.20 1.2471e+03  52430.294    254.181 1616328125      -0.02     -0.359   40.10608  -73.64688 0.0000e+00
     21.829     6.1644    32.9252  1025.9946     2.4624     6.8610     98.319   -0.00014    6.97985    6.99110      8.477     1.0381   12.52213   3.267633 1.7595e-01    25.8932    25.8930 2.2486e+00     22.000          1       6182    1473.14 1.2776e+03  52423.989    257.548 1616328129       0.03     -0.270   40.10608  -73.64688 0.0000e+00
     20.840     6.1456    32.9122  1025.9821     2.4609     6.8592     98.220   -0.00026    6.98414    6.99543      8.478     0.9644   12.52939   3.264759 2.0170e-01    25.8853    25.8851 2.4977e+00     21.000          1       6299    1473.03 1.2379e+03  52410.092    262.406 1616328134      -0.07     -0.203   40.10608  -73.64688 0.0000e+00
     19.842     6.1311    32.9029  1025.9719     2.4607     6.8640     98.237   -0.00017    6.98515    6.99645      8.477     1.0029   12.53109   3.262631 2.4838e-01    25.8797    25.8795 3.1456e+00     20.000          1       6686    1472.95 1.2656e+03  52400.248    278.560 1616328150      -0.02     -0.370   40.10607  -73.64688 0.0000e+00
     18.852     6.1149    32.8946  1025.9628     2.4607     6.8640     98.193   -0.00032    6.99001    7.00138      8.476     0.9822   12.53927   3.260452 2.9571e-01    25.8752    25.8750 3.7505e+00     19.000          1       7627    1472.85 1.2679e+03  52392.301    317.744 1616328189       0.03     -0.389   40.10602  -73.64688 0.0000e+00
     17.861     6.0974    32.8866  1025.9540     2.4607     6.8693     98.222    0.00011    6.99250    7.00390      8.476     0.9582   12.54349   3.258123 3.8083e-01    25.8710    25.8708 4.9348e+00     18.000          1       7735    1472.76 1.2956e+03  52385.130    322.268 1616328193       0.00     -0.289   40.10602  -73.64688 0.0000e+00
     16.870     6.0858    32.8798  1025.9455     2.4607     6.8715     98.200   -0.00003    6.99649    7.00794      8.476     0.9343   12.55024   3.256481 4.0557e-01    25.8671    25.8669 5.1706e+00     17.000          1       7814    1472.69 1.2749e+03  52378.079    325.556 1616328197      -0.00     -0.301   40.10602  -73.64688 0.0000e+00
     15.875     6.0688    32.8687  1025.9342     2.4611     6.8769     98.227    0.00012    6.99814    7.00961      8.476     0.9393   12.55299   3.253923 5.2620e-01    25.8604    25.8603 6.6490e+00     16.000          1       7873    1472.59 1.2630e+03  52366.377    327.998 1616328199      -0.04     -0.435   40.10602  -73.64688 0.0000e+00
     14.885     6.0537    32.8645  1025.9281     2.4609     6.8750     98.187   -0.00014    7.00294    7.01447      8.476     0.9582   12.56105   3.252201 6.3899e-01    25.8589    25.8588 8.3220e+00     15.000          1       7950    1472.51 1.3026e+03  52363.977    331.221 1616328202       0.03     -0.272   40.10602  -73.64688 0.0000e+00
     13.892     6.0249    32.8534  1025.9183     2.4599     6.8760     98.119   -0.00027    7.00809    7.01969 -9.990e-29     0.9462   12.56966   3.248664 7.2370e-01    25.8537    25.8536 9.2048e+00     14.000          1       8033    1472.36 1.2724e+03  52355.751    334.673 1616328206       0.04     -0.279   40.10601  -73.64688 0.0000e+00
     12.901     5.9991    32.8432  1025.9088     2.4595     6.8825     98.119    0.00004    7.01189    7.02354      8.477     0.9352   12.57607   3.245359 8.9513e-01    25.8488    25.8487 1.1484e+01     13.000          1       8113    1472.23 1.2825e+03  52347.869    337.986 1616328209      -0.14     -0.357   40.10600  -73.64688 0.0000e+00
     11.906     5.9833    32.8355  1025.9001     2.4601     6.8870     98.167    0.00024    7.01368    7.02535      8.476     0.9483   12.57909   3.243374 9.8709e-01    25.8447    25.8446 1.2760e+01     12.000          1       8179    1472.14 1.2923e+03  52340.849    340.733 1616328212       0.05     -0.326   40.10600  -73.64688 0.0000e+00
     10.918     5.9682    32.8272  1025.8907     2.4609     6.8874     98.166    0.00000    7.01510    7.02678      8.479     0.9365   12.58153   3.241288 1.1586e+00    25.8399    25.8398 1.4653e+01     11.000          1       8282    1472.05 1.2642e+03  52332.529    345.035 1616328216      -0.10     -0.229   40.10600  -73.64688 0.0000e+00
      9.921     5.9660    32.8226  1025.8827     2.4615     6.8910     98.241    0.00044    7.01481    7.02648      8.478     0.9378   12.58103   3.240752 1.2410e+00    25.8365    25.8364 1.6018e+01     10.000          1       8508    1472.02 1.2905e+03  52325.781    354.448 1616328226      -0.05     -0.386   40.10599  -73.64688 0.0000e+00
      8.932     5.9623    32.8185  1025.8753     2.4625     6.8942     98.218    0.00023    7.01604    7.02773 -9.990e-29     0.9175   12.58315   3.240054 1.2671e+00    25.8338    25.8337 1.6482e+01      9.000          1       9536    1471.99 1.3004e+03  52320.364    397.296 1616328268      -0.12     -0.379   40.10596  -73.64688 0.0000e+00
      7.937     5.9609    32.8172  1025.8698     2.4630     6.8928     98.263    0.00025    7.01630    7.02799 -9.990e-29     0.9406   12.58359   3.239778 1.4498e+00    25.8329    25.8328 1.9108e+01      8.000          1       9582    1471.96 1.3179e+03  52318.128    399.211 1616328270       0.06     -0.329   40.10595  -73.64688 0.0000e+00
      6.949     5.9592    32.8154  1025.8641     2.4625     6.8923     98.178   -0.00017    7.01707    7.02877 -9.990e-29     0.9406   12.58489   3.239422 1.7155e+00    25.8317    25.8317 2.2067e+01      7.000          1       9677    1471.94 1.2857e+03  52315.465    403.153 1616328274      -0.09     -0.258   40.10594  -73.64690 0.0000e+00
      5.953     5.9567    32.8135  1025.8582     2.4634     6.8977     98.272    0.00043    7.01719    7.02889      8.480     0.9563   12.58512   3.238979 1.9757e+00    25.8305    25.8304 2.5649e+01      6.000          1       9726    1471.91 1.2981e+03  52312.692    405.196 1616328276      -0.04     -0.486   40.10594  -73.64690 0.0000e+00
      4.961     5.9555    32.8115  1025.8521     2.4645     6.8977     98.324    0.00050    7.01735    7.02905      8.475     0.9482   12.58538   3.238654 2.4697e+00    25.8290    25.8290 3.3005e+01      5.000          1       9776    1471.88 1.3352e+03  52309.393    407.310 1616328278       0.00     -0.472   40.10594  -73.64690 0.0000e+00
      3.969     5.9547    32.8113  1025.8474     2.4656     6.9043     98.359    0.00043    7.01740    7.02911      8.469     0.9380   12.58548   3.238535 3.1550e+00    25.8289    25.8289 4.1088e+01      4.000          1       9847    1471.86 1.3052e+03  52308.644    410.250 1616328281       0.05     -0.318   40.10594  -73.64690 0.0000e+00
      2.982     5.9544    32.8106  1025.8423     2.4659     6.8955     98.303   -0.00011    7.01750    7.02920      8.455     0.9576   12.58564   3.238399 4.3118e+00    25.8284    25.8284 5.4893e+01      3.000          1       9919    1471.85 1.2719e+03  52306.993    413.238 1616328284      -0.15     -0.355   40.10594  -73.64689 0.0000e+00
      1.980     5.9539    32.8103  1025.8374     2.4659     6.8990     98.307   -0.00008    7.01755    7.02926      8.465     0.9301   12.58573   3.238290 5.8178e+00    25.8282    25.8282 7.7702e+01      2.000          1       9966    1471.83 1.3321e+03  52305.986    415.209 1616328286       0.07     -0.471   40.10594  -73.64690 0.0000e+00
