CalculateIndicators/WaterTemperature/Data/CTD_NYOS/20210524_C26.cnv
* Sea-Bird SBE 9 Data File:
* FileName = C:\Seabird 9 CTD\Data\2021\202105_offshore\20210524_C26.hex
* Software Version Seasave V 7.23.2
* Temperature SN = 4590
* Conductivity SN = 3228
* Number of Bytes Per Scan = 44
* Number of Voltage Words = 5
* Number of Scans Averaged by the Deck Unit = 1
* NMEA Latitude = 40 25.86 N
* NMEA Longitude = 072 23.21 W
* NMEA UTC (Time) = May 24 2021  16:24:42
* NMEA baud rate = 4800
** Ship: seawolf
** Station: 3.2
** Operator: eih
# nquan = 31
# nvalues = 192                         
# units = specified
# name 0 = depSM: Depth [salt water, m]
# name 1 = t090C: Temperature [ITS-90, deg C]
# name 2 = sal00: Salinity, Practical [PSU]
# name 3 = density00: Density [density, kg/m^3]
# name 4 = sbeox0V: Oxygen raw, SBE 43 [V]
# name 5 = sbeox0ML/L: Oxygen, SBE 43 [ml/l]
# name 6 = sbeox0PS: Oxygen, SBE 43 [% saturation]
# name 7 = sbox0dV/dT: Oxygen, SBE 43 [dov/dt]
# name 8 = oxsolML/L: Oxygen Saturation, Garcia & Gordon [ml/l]
# name 9 = oxsatML/L: Oxygen Saturation, Weiss [ml/l]
# name 10 = ph: pH
# name 11 = flECO-AFL: Fluorescence, WET Labs ECO-AFL/FL [mg/m^3]
# name 12 = n2satML/L: Nitrogen Saturation [ml/l]
# name 13 = c0S/m: Conductivity [S/m]
# name 14 = cpar: CPAR/Corrected Irradiance [%]
# name 15 = sigma-é00: Density [sigma-theta, kg/m^3]
# name 16 = sigma-t00: Density [sigma-t, kg/m^3 ]
# name 17 = par: PAR/Irradiance, Biospherical/Licor
# name 18 = prDM: Pressure, Digiquartz [db]
# name 19 = pumps: Pump Status
# name 20 = scan: Scan Count
# name 21 = svCM: Sound Velocity [Chen-Millero, m/s]
# name 22 = spar: SPAR, Biospherical/Licor
# name 23 = specc: Specific Conductance [uS/cm]
# name 24 = timeS: Time, Elapsed [seconds]
# name 25 = timeY: Time, System [seconds]
# name 26 = accM: Acceleration [m/s^2]
# name 27 = dz/dtM: Descent Rate [m/s]
# name 28 = latitude: Latitude [deg]
# name 29 = longitude: Longitude [deg]
# name 30 = flag: flag
# span 0 =      1.463,     49.143       
# span 1 =     6.9062,    14.7948       
# span 2 =    31.1149,    33.0248       
# span 3 =  1023.0749,  1026.0989       
# span 4 =     2.0572,     2.8907       
# span 5 =     4.9627,     7.0460       
# span 6 =     78.063,    120.366       
# span 7 =   -0.09745,    0.09566       
# span 8 =    5.83422,    6.85645       
# span 9 =    5.82913,    6.86581       
# span 10 =      7.869,      8.051      
# span 11 =     0.0289,     1.0608      
# span 12 =   10.64014,   12.31781      
# span 13 =   3.336596,   3.906444      
# span 14 = 3.0010e-02, 5.7505e+01      
# span 15 =    23.0661,    25.8723      
# span 16 =    23.0661,    25.8717      
# span 17 = 4.8520e-01, 1.0197e+03      
# span 18 =      1.500,     49.500      
# span 19 =          1,          1      
# span 20 =        417,      17170      
# span 21 =    1476.30,    1502.20      
# span 22 = 1.5709e+03, 1.9195e+03      
# span 23 =  48317.851,  52370.159      
# span 24 =     17.332,    715.366      
# span 25 = 1621873497, 1621874195      
# span 26 =      -1.00,       1.04      
# span 27 =     -1.141,      1.184      
# span 28 =   40.43106,   40.43118      
# span 29 =  -72.38764,  -72.38688      
# span 30 = 0.0000e+00, 0.0000e+00      
# interval = decibars: 0.5              
# start_time = May 24 2021 16:24:40 [System UTC, first data scan.]
# bad_flag = -9.990e-29
*END*
[from data line 94]
     48.628     6.9351    33.0241  1026.0966     2.0589     5.3718     78.425    0.00056    6.84952    6.85885      7.876     0.3822   12.30558   3.345062 3.9178e-02    25.8718    25.8712 6.8392e-01     49.000          1       5787    1476.74 1.7416e+03  52370.088    241.097 1621873721       0.07      0.369   40.43106  -72.38711 0.0000e+00
     49.143     6.9357    33.0240  1026.0989     2.0643     5.3868     78.642    0.00006    6.84967    6.85900      7.873     0.3874   12.30581   3.345139 3.0010e-02    25.8716    25.8711 4.8520e-01     49.500          1       7200    1476.74 1.6326e+03  52370.159    299.979 1621873780      -0.60      0.962   40.43106  -72.38716 0.0000e+00
     48.629     6.9361    33.0238  1026.0963     2.0630     5.3832     78.592    0.00015    6.84958    6.85891      7.874     0.3768   12.30566   3.345128 3.4365e-02    25.8714    25.8708 5.7482e-01     49.000          1       6714    1476.74 1.6727e+03  52369.387    279.705 1621873759      -1.00      0.162   40.43106  -72.38714 0.0000e+00
     48.116     6.9360    33.0240  1026.0940     2.0632     5.3859     78.631    0.00044    6.84958    6.85891      7.874     0.3773   12.30566   3.345110 3.8679e-02    25.8715    25.8710 6.4682e-01     48.500          1       6728    1476.73 1.6723e+03  52369.302    280.274 1621873760      -0.85     -0.393   40.43106  -72.38714 0.0000e+00
     47.611     6.9357    33.0238  1026.0916     2.0635     5.3843     78.607    0.00001    6.84960    6.85893      7.874     0.3774   12.30570   3.345042 4.3272e-02    25.8714    25.8709 7.1453e-01     48.000          1       7049    1476.72 1.6518e+03  52368.803    293.677 1621873773      -0.16     -0.585   40.43106  -72.38715 0.0000e+00
     47.127     6.9355    33.0237  1026.0894     2.0655     5.3889     78.676   -0.00013    6.84956    6.85889 -9.990e-29     0.3738   12.30563   3.344994 4.7275e-02    25.8714    25.8709 7.5761e-01     47.500          1       7846    1476.71 1.6026e+03  52368.472    326.865 1621873807       0.12     -0.271   40.43108  -72.38720 0.0000e+00
     46.641     6.9354    33.0235  1026.0869     2.0655     5.3895     78.683    0.00004    6.84963    6.85896 -9.990e-29     0.3658   12.30575   3.344953 5.1519e-02    25.8712    25.8707 8.2584e-01     47.000          1       7942    1476.70 1.6030e+03  52367.780    330.862 1621873811      -0.13     -0.208   40.43108  -72.38720 0.0000e+00
     46.139     6.9357    33.0237  1026.0847     2.0651     5.3867     78.643   -0.00018    6.84964    6.85897 -9.990e-29     0.3795   12.30576   3.344969 5.7004e-02    25.8713    25.8708 9.1520e-01     46.500          1       7956    1476.70 1.6056e+03  52367.636    331.442 1621873811      -0.29     -0.397   40.43108  -72.38720 0.0000e+00
     45.630     6.9355    33.0237  1026.0824     2.0653     5.3869     78.646   -0.00022    6.84959    6.85892 -9.990e-29     0.4178   12.30569   3.344930 6.4903e-02    25.8714    25.8708 1.0415e+00     46.000          1       7987    1476.69 1.6046e+03  52367.369    332.741 1621873812      -0.20     -0.516   40.43108  -72.38720 0.0000e+00
     45.149     6.9352    33.0236  1026.0801     2.0663     5.3923     78.723    0.00031    6.84971    6.85904 -9.990e-29     0.3669   12.30590   3.344869 7.2639e-02    25.8713    25.8708 1.1797e+00     45.500          1       8087    1476.68 1.6241e+03  52366.921    336.918 1621873817      -0.04     -0.256   40.43108  -72.38720 0.0000e+00
     44.663     6.9355    33.0235  1026.0777     2.0660     5.3890     78.675   -0.00008    6.84973    6.85907 -9.990e-29     0.3620   12.30593   3.344871 7.8638e-02    25.8712    25.8706 1.2748e+00     45.000          1       8110    1476.67 1.6212e+03  52366.365    337.866 1621873818      -0.23     -0.313   40.43108  -72.38720 0.0000e+00
     44.156     6.9356    33.0237  1026.0755     2.0659     5.3881     78.662   -0.00017    6.84968    6.85901 -9.990e-29     0.3640   12.30584   3.344859 8.7919e-02    25.8713    25.8708 1.4121e+00     44.500          1       8122    1476.66 1.6065e+03  52366.265    338.394 1621873818      -0.50     -0.527   40.43108  -72.38720 0.0000e+00
     43.647     6.9351    33.0231  1026.0727     2.0659     5.3886     78.669   -0.00010    6.84969    6.85902 -9.990e-29     0.3540   12.30586   3.344723 9.8120e-02    25.8709    25.8704 1.5795e+00     44.000          1       8135    1476.65 1.6098e+03  52365.173    338.900 1621873819      -0.45     -0.780   40.43108  -72.38720 0.0000e+00
     43.146     6.9348    33.0231  1026.0705     2.0656     5.3883     78.665   -0.00009    6.84968    6.85901 -9.990e-29     0.3603   12.30584   3.344707 1.1256e-01    25.8709    25.8704 1.7920e+00     43.500          1       8163    1476.64 1.5920e+03  52364.935    340.075 1621873820      -0.05     -0.816   40.43108  -72.38721 0.0000e+00
     42.662     6.9351    33.0231  1026.0682     2.0653     5.3866     78.639    0.00002    6.84980    6.85913 -9.990e-29     0.3772   12.30604   3.344704 1.2075e-01    25.8709    25.8704 2.0030e+00     43.000          1       8252    1476.64 1.6588e+03  52364.568    343.811 1621873824      -0.92     -0.500   40.43110  -72.38722 0.0000e+00
     42.149     6.9348    33.0229  1026.0657     2.0651     5.3826     78.580   -0.00046    6.84977    6.85910 -9.990e-29     0.3760   12.30600   3.344639 1.3590e-01    25.8708    25.8703 2.2584e+00     42.500          1       8265    1476.63 1.6618e+03  52364.050    344.353 1621873824      -0.54     -0.862   40.43110  -72.38722 0.0000e+00
     41.667     6.9346    33.0228  1026.0634     2.0652     5.3860     78.623    0.00009    6.85038    6.85972      7.873     0.3929   12.30704   3.344590 1.5138e-01    25.8708    25.8703 2.4980e+00     42.000          1       8339    1476.62 1.6501e+03  52363.562    347.409 1621873827      -0.22     -0.522   40.43110  -72.38723 0.0000e+00
     41.180     6.9345    33.0224  1026.0608     2.0650     5.3826     78.568   -0.00026    6.85088    6.86022      7.872     0.3993   12.30789   3.344500 1.6160e-01    25.8704    25.8699 2.6548e+00     41.500          1       8381    1476.61 1.6428e+03  52362.666    349.151 1621873829      -0.29     -0.546   40.43110  -72.38724 0.0000e+00
     40.683     6.9332    33.0209  1026.0575     2.0641     5.3766     78.481   -0.00072    6.85083    6.86017      7.873     0.4027   12.30781   3.344221 1.7572e-01    25.8694    25.8689 2.8733e+00     41.000          1       8395    1476.59 1.6351e+03  52360.550    349.749 1621873829      -0.18     -0.687   40.43110  -72.38723 0.0000e+00
     40.178     6.9317    33.0189  1026.0538     2.0639     5.3754     78.462   -0.00087    6.85091    6.86026      7.871     0.3771   12.30795   3.343859 1.9298e-01    25.8680    25.8675 3.1482e+00     40.500          1       8409    1476.58 1.6316e+03  52357.698    350.336 1621873830      -0.13     -0.780   40.43110  -72.38722 0.0000e+00
     39.675     6.9298    33.0180  1026.0510     2.0626     5.3705     78.394   -0.00089    6.85066    6.86000      7.871     0.3996   12.30752   3.343631 2.2324e-01    25.8676    25.8671 3.5042e+00     40.000          1       8441    1476.56 1.5709e+03  52356.571    351.656 1621873831       0.00     -0.771   40.43110  -72.38722 0.0000e+00
     39.195     6.9290    33.0170  1026.0481     2.0611     5.3701     78.375   -0.00006    6.85176    6.86111      7.870     0.3918   12.30938   3.343454 2.2948e-01    25.8669    25.8664 3.7747e+00     39.500          1       8548    1476.55 1.6448e+03  52354.992    356.139 1621873836      -0.63     -0.794   40.43110  -72.38724 0.0000e+00
     38.691     6.9290    33.0171  1026.0459     2.0613     5.3708     78.382   -0.00006    6.85214    6.86150      7.871     0.3908   12.31005   3.343440 2.4868e-01    25.8669    25.8665 4.0755e+00     39.000          1       8562    1476.54 1.6390e+03  52354.874    356.713 1621873836      -0.44     -1.010   40.43110  -72.38724 0.0000e+00
     38.190     6.9286    33.0166  1026.0433     2.0609     5.3688     78.349   -0.00024    6.85241    6.86177      7.870     0.3824   12.31051   3.343322 2.7116e-01    25.8666    25.8662 4.4084e+00     38.500          1       8573    1476.53 1.6263e+03  52353.894    357.162 1621873837      -0.16     -1.141   40.43110  -72.38724 0.0000e+00
     37.687     6.9269    33.0160  1026.0407     2.0608     5.3674     78.333   -0.00033    6.85201    6.86137      7.870     0.3809   12.30981   3.343079 3.0213e-01    25.8664    25.8659 4.8314e+00     38.000          1       8587    1476.51 1.5991e+03  52353.160    357.766 1621873838       0.20     -1.100   40.43110  -72.38723 0.0000e+00
     37.206     6.9233    33.0129  1026.0365     2.0598     5.3639     78.263   -0.00043    6.85367    6.86303      7.869     0.5262   12.31267   3.342424 3.3242e-01    25.8644    25.8640 5.4832e+00     37.500          1       8708    1476.49 1.6494e+03  52349.457    362.789 1621873842      -0.24     -0.352   40.43110  -72.38724 0.0000e+00
     36.703     6.9201    33.0077  1026.0305     2.0596     5.3642     78.260   -0.00027    6.85436    6.86373 -9.990e-29     0.5788   12.31386   3.341631 3.6199e-01    25.8607    25.8603 5.9769e+00     37.000          1       8748    1476.46 1.6511e+03  52342.389    364.454 1621873844      -0.14     -0.565   40.43110  -72.38724 0.0000e+00
     36.228     6.9137    33.0006  1026.0236     2.0596     5.3668     78.291    0.00009    6.85502    6.86440 -9.990e-29     0.5572   12.31498   3.340454 3.9347e-01    25.8560    25.8555 6.3347e+00     36.500          1       8789    1476.42 1.6097e+03  52333.660    366.171 1621873846       0.28     -0.321   40.43110  -72.38724 0.0000e+00
     35.727     6.9130    33.0000  1026.0208     2.0596     5.3671     78.296    0.00014    6.85489    6.86427 -9.990e-29     0.5515   12.31476   3.340304 4.1186e-01    25.8556    25.8552 6.7414e+00     36.000          1       8807    1476.41 1.6369e+03  52332.598    366.920 1621873847      -0.36     -0.374   40.43110  -72.38724 0.0000e+00
     35.218     6.9119    32.9994  1026.0182     2.0585     5.3592     78.179   -0.00048    6.85502    6.86441 -9.990e-29     0.5166   12.31499   3.340137 4.4589e-01    25.8553    25.8549 7.2828e+00     35.500          1       8820    1476.39 1.6333e+03  52331.707    367.466 1621873847      -0.46     -0.626   40.43110  -72.38724 0.0000e+00
     34.713     6.9105    32.9985  1026.0153     2.0584     5.3564     78.138   -0.00085    6.85509    6.86447 -9.990e-29     0.5449   12.31512   3.339903 4.9843e-01    25.8548    25.8544 8.0709e+00     35.000          1       8842    1476.38 1.6195e+03  52330.542    368.379 1621873848      -0.06     -0.773   40.43110  -72.38724 0.0000e+00
     34.242     6.9075    32.9908  1026.0075     2.0592     5.3707     78.330    0.00094    6.85645    6.86581 -9.990e-29     1.0608   12.31781   3.338848 5.4761e-01    25.8491    25.8487 9.0078e+00     34.500          1       8985    1476.35 1.6459e+03  52319.955    374.331 1621873854      -0.40     -0.254   40.43112  -72.38726 0.0000e+00
     33.737     6.9071    32.9849  1026.0005     2.0607     5.3822     78.503    0.00191    6.85603    6.86538 -9.990e-29     0.9193   12.31720   3.338307 6.0049e-01    25.8445    25.8441 9.7859e+00     34.000          1       8995    1476.33 1.6295e+03  52311.282    374.753 1621873854      -0.45     -0.546   40.43112  -72.38726 0.0000e+00
     33.233     6.9065    32.9789  1025.9935     2.0619     5.3884     78.596    0.00229    6.85577    6.86511 -9.990e-29     0.9049   12.31679   3.337656 6.4485e-01    25.8398    25.8394 1.0635e+01     33.500          1       9009    1476.31 1.6493e+03  52302.470    375.324 1621873855      -0.29     -0.759   40.43112  -72.38726 0.0000e+00
     32.733     6.9077    32.9712  1025.9850     2.0646     5.3937     78.728    0.00233    6.85105    6.86031      7.873     0.9278   12.30913   3.337079 7.2126e-01    25.8336    25.8332 1.1806e+01     33.000          1       9039    1476.30 1.6371e+03  52290.856    376.596 1621873856       0.11     -0.714   40.43112  -72.38726 0.0000e+00
     32.256     6.9886    32.9174  1025.9296     2.1005     5.5454     81.692    0.01575    6.78804    6.79616      7.899     0.3983   12.20682   3.340094 7.8413e-01    25.7804    25.7800 1.3178e+01     32.500          1       9192    1476.54 1.6809e+03  52192.233    382.965 1621873863      -0.26     -0.138   40.43112  -72.38726 0.0000e+00
     31.752     7.1245    32.8723  1025.8733     2.1295     5.7115     84.363    0.02900    6.77024    6.77804      7.906     0.4047   12.17790   3.347987 8.5260e-01    25.7265    25.7261 1.3872e+01     32.000          1       9202    1477.00 1.6274e+03  52091.039    383.372 1621873863      -0.31     -0.434   40.43112  -72.38726 0.0000e+00
     31.255     7.1794    32.8605  1025.8542     2.1584     5.8564     86.489    0.03612    6.77119    6.77902      7.918     0.4546   12.17938   3.351781 8.8199e-01    25.7098    25.7094 1.4695e+01     31.500          1       9219    1477.19 1.6661e+03  52060.720    384.095 1621873864      -0.19     -0.621   40.43112  -72.38726 0.0000e+00
     30.751     7.3177    32.8186  1025.7999     2.1893     5.9827     88.360    0.03967    6.77081    6.77863      7.926     0.3870   12.17872   3.360743 9.4523e-01    25.6579    25.6575 1.5555e+01     31.000          1       9238    1477.67 1.6461e+03  51964.641    384.867 1621873865      -0.00     -0.680   40.43112  -72.38726 0.0000e+00
     30.252     7.4446    32.7815  1025.7508     2.2584     6.1068     90.173    0.02283    6.77225    6.78010      7.934     0.3375   12.18102   3.366899 1.0182e+00    25.6111    25.6108 1.6608e+01     30.500          1       9344    1478.10 1.6319e+03  51878.408    389.271 1621873869      -0.22     -0.509   40.43112  -72.38726 0.0000e+00
     29.748     7.5426    32.7502  1025.7101     2.2926     6.1461     90.724    0.01090    6.77456    6.78245      7.940     0.3089   12.18480   3.372792 1.1483e+00    25.5728    25.5725 1.7991e+01     30.000          1       9902    1478.43 1.5755e+03  51809.595    412.557 1621873892      -0.13     -0.729   40.43114  -72.38729 0.0000e+00
     29.285     7.7603    32.6716  1025.6153     2.3580     6.2740     93.581    0.00873    6.70426    6.71093      7.961     0.3388   12.07053   3.384515 1.1309e+00    25.4804    25.4800 1.9818e+01     29.500          1      11571    1479.16 1.7518e+03  51644.206    482.091 1621873962      -0.63     -0.124   40.43118  -72.38738 0.0000e+00
     28.773     7.7819    32.6682  1025.6072     2.3612     6.2958     93.875    0.01009    6.70667    6.71339      7.960     0.3357   12.07427   3.386690 1.2057e+00    25.4746    25.4742 2.1046e+01     29.000          1      11509    1479.23 1.7456e+03  51634.135    479.489 1621873959      -0.71     -0.519   40.43118  -72.38738 0.0000e+00
     28.266     7.8659    32.6532  1025.5810     2.3651     6.3042     94.057    0.01011    6.70260    6.70924      7.960     0.3243   12.06782   3.392946 1.2959e+00    25.4508    25.4504 2.2573e+01     28.500          1      11521    1479.53 1.7420e+03  51592.672    480.020 1621873960      -0.42     -0.825   40.43118  -72.38738 0.0000e+00
     27.774     7.9729    32.6260  1025.5420     2.3752     6.3070     94.238    0.00696    6.69261    6.69908      7.960     0.3682   12.05149   3.399241 1.3990e+00    25.4141    25.4137 2.4398e+01     28.000          1      11565    1479.89 1.7439e+03  51527.398    481.824 1621873961      -0.03     -0.560   40.43118  -72.38739 0.0000e+00
     27.283     8.0618    32.5987  1025.5054     2.3857     6.3083     94.429    0.00377    6.68045    6.68672      7.959     0.3919   12.03170   3.404312 1.4686e+00    25.3798    25.3794 2.5962e+01     27.500          1      11622    1480.18 1.7678e+03  51467.656    484.221 1621873964      -0.35     -0.351   40.43118  -72.38740 0.0000e+00
