CalculateIndicators/WaterTemperature/Data/CTD_NYOS/20210322_C09.cnv
* Sea-Bird SBE 9 Data File:
* FileName = C:\Seabird 9 CTD\Data\2021\202103_offshore\20210322_C09.hex
* Software Version Seasave V 7.23.2
* Temperature SN = 4590
* Conductivity SN = 3228
* Number of Bytes Per Scan = 44
* Number of Voltage Words = 5
* Number of Scans Averaged by the Deck Unit = 1
* NMEA Latitude = 38 47.17 N
* NMEA Longitude = 072 49.10 W
* NMEA UTC (Time) = Mar 22 2021  06:55:05
* NMEA baud rate = 4800
** Ship: RV Seawolf
** Station: 6.6
** Operator: TDK
# nquan = 31
# nvalues = 604                         
# units = specified
# name 0 = depSM: Depth [salt water, m]
# name 1 = t090C: Temperature [ITS-90, deg C]
# name 2 = sal00: Salinity, Practical [PSU]
# name 3 = density00: Density [density, kg/m^3]
# name 4 = sbeox0V: Oxygen raw, SBE 43 [V]
# name 5 = sbeox0ML/L: Oxygen, SBE 43 [ml/l]
# name 6 = sbeox0PS: Oxygen, SBE 43 [% saturation]
# name 7 = sbox0dV/dT: Oxygen, SBE 43 [dov/dt]
# name 8 = oxsolML/L: Oxygen Saturation, Garcia & Gordon [ml/l]
# name 9 = oxsatML/L: Oxygen Saturation, Weiss [ml/l]
# name 10 = ph: pH
# name 11 = flECO-AFL: Fluorescence, WET Labs ECO-AFL/FL [mg/m^3]
# name 12 = n2satML/L: Nitrogen Saturation [ml/l]
# name 13 = c0S/m: Conductivity [S/m]
# name 14 = cpar: CPAR/Corrected Irradiance [%]
# name 15 = sigma-é00: Density [sigma-theta, kg/m^3]
# name 16 = sigma-t00: Density [sigma-t, kg/m^3 ]
# name 17 = par: PAR/Irradiance, Biospherical/Licor
# name 18 = prDM: Pressure, Digiquartz [db]
# name 19 = pumps: Pump Status
# name 20 = scan: Scan Count
# name 21 = svCM: Sound Velocity [Chen-Millero, m/s]
# name 22 = spar: SPAR, Biospherical/Licor
# name 23 = specc: Specific Conductance [uS/cm]
# name 24 = timeS: Time, Elapsed [seconds]
# name 25 = timeY: Time, System [seconds]
# name 26 = accM: Acceleration [m/s^2]
# name 27 = dz/dtM: Descent Rate [m/s]
# name 28 = latitude: Latitude [deg]
# name 29 = longitude: Longitude [deg]
# name 30 = flag: flag
# span 0 =      1.948,    301.504       
# span 1 =    10.1439,    14.1642       
# span 2 =    34.4266,    35.8326       
# span 3 =  1026.4943,  1028.5011       
# span 4 =     1.4253,     2.5340       
# span 5 =     2.9604,     6.3080       
# span 6 =     47.916,    100.647       
# span 7 =   -0.07019,    0.05083       
# span 8 =    5.75870,    6.31861       
# span 9 =    5.75531,    6.32155       
# span 10 =      8.334,      8.572      
# span 11 =    -0.0783,     1.0595      
# span 12 =   10.46931,   11.41138      
# span 13 =   3.766668,   4.306741      
# span 14 = -6.692e+03, 6.4421e+04      
# span 15 =    26.4795,    27.1410      
# span 16 =    26.4793,    27.1344      
# span 17 = 1.0000e-12, 1.0000e-12      
# span 18 =      2.000,    304.000      
# span 19 =          1,          1      
# span 20 =         49,      77212      
# span 21 =    1489.72,    1508.30      
# span 22 = 7.0257e-01, 2.1069e+00      
# span 23 =  53585.793,  55005.667      
# span 24 =      2.006,   3217.117      
# span 25 = 1616396108, 1616399323      
# span 26 =      -0.86,       0.87      
# span 27 =     -1.188,      1.588      
# span 28 =   38.77833,   38.78629      
# span 29 =  -72.83273,  -72.81845      
# span 30 = 0.0000e+00, 0.0000e+00      
# interval = decibars: 1                
# start_time = Mar 22 2021 06:55:06 [System UTC, first data scan.]
# bad_flag = -9.990e-29
*END*
      1.948    10.7273    34.6102  1026.5297     2.5318     6.2614    100.312   -0.00111    6.23220    6.23409      8.556     0.7423   11.26637   3.839390 5.0640e-11    26.5209    26.5209 1.0000e-12      2.000          1         49    1491.97 1.9747e+00  53727.803      2.006 1616396108       0.20     -0.944   38.78629  -72.81845 0.0000e+00
      2.990    10.7269    34.6095  1026.5339     2.5317     6.2560    100.451    0.00053    6.23221    6.23410      8.555     0.6234   11.26641   3.839313 5.0640e-11    26.5204    26.5203 1.0000e-12      3.000          1        310    1491.99 1.9747e+00  53727.633     12.877 1616396119       0.60      0.333   38.78626  -72.81848 0.0000e+00
      3.978    10.7268    34.6090  1026.5381     2.5316     6.2588    100.391   -0.00035    6.23220    6.23408      8.554     0.6583   11.26638   3.839298 5.0640e-11    26.5200    26.5200 1.0000e-12      4.000          1        585    1492.01 1.9747e+00  53727.507     24.351 1616396130       0.13      0.620   38.78624  -72.81854 0.0000e+00
      4.961    10.7254    34.6080  1026.5419     2.5328     6.2640    100.517    0.00023    6.23182    6.23369      8.554     0.7893   11.26577   3.839100 5.0640e-11    26.5196    26.5195 1.0000e-12      5.000          1        705    1492.02 1.9747e+00  53727.154     29.332 1616396135       0.08      0.511   38.78624  -72.81856 0.0000e+00
      5.957    10.7290    34.6075  1026.5455     2.5327     6.2617    100.498   -0.00006    6.23134    6.23321      8.554     0.8214   11.26499   3.839468 5.0640e-11    26.5186    26.5184 1.0000e-12      6.000          1        765    1492.05 1.9747e+00  53726.356     31.839 1616396138      -0.07      0.366   38.78622  -72.81858 0.0000e+00
      6.942    10.7358    34.6071  1026.5485     2.5336     6.2703    100.619    0.00063    6.23086    6.23272      8.556     0.7190   11.26418   3.840115 5.0640e-11    26.5171    26.5169 1.0000e-12      7.000          1        887    1492.09 1.9747e+00  53725.181     36.924 1616396143       0.20      0.169   38.78622  -72.81860 0.0000e+00
      7.940    10.7369    34.6075  1026.5531     2.5336     6.2664    100.570   -0.00005    6.23085    6.23272      8.556     0.8118   11.26418   3.840309 5.0640e-11    26.5172    26.5170 1.0000e-12      8.000          1        942    1492.11 1.9747e+00  53726.178     39.207 1616396145      -0.07      0.351   38.78620  -72.81861 0.0000e+00
      8.933    10.7375    34.6075  1026.5575     2.5340     6.2702    100.622    0.00020    6.23080    6.23266 -9.990e-29     0.7209   11.26410   3.840401 5.0640e-11    26.5171    26.5169 1.0000e-12      9.000          1       1017    1492.12 1.9747e+00  53726.644     42.336 1616396148       0.03      0.331   38.78620  -72.81862 0.0000e+00
      9.923    10.7380    34.6076  1026.5620     2.5334     6.2663    100.567   -0.00036    6.23088    6.23275 -9.990e-29     0.7219   11.26423   3.840498 5.0640e-11    26.5171    26.5169 1.0000e-12     10.000          1       1129    1492.14 1.9747e+00  53727.294     47.003 1616396153       0.12      0.166   38.78619  -72.81863 0.0000e+00
     10.912    10.7373    34.6078  1026.5668     2.5331     6.2703    100.590   -0.00002    6.23093    6.23279 -9.990e-29     1.0595   11.26431   3.840490 5.0640e-11    26.5175    26.5172 1.0000e-12     11.000          1       1191    1492.16 1.9747e+00  53728.433     49.580 1616396156       0.17      0.475   38.78618  -72.81865 0.0000e+00
     11.914    10.7365    34.6077  1026.5715     2.5330     6.2681    100.604    0.00016    6.23097    6.23283      8.557     0.7628   11.26437   3.840451 5.0640e-11    26.5175    26.5173 1.0000e-12     12.000          1       1251    1492.17 1.9747e+00  53729.033     52.101 1616396158       0.06      0.523   38.78618  -72.81866 0.0000e+00
     12.905    10.7366    34.6076  1026.5759     2.5314     6.2657    100.553    0.00017    6.23114    6.23300      8.557     0.8325   11.26465   3.840501 5.0640e-11    26.5175    26.5172 1.0000e-12     13.000          1       1364    1492.19 1.9747e+00  53729.536     56.811 1616396163       0.21      0.534   38.78616  -72.81868 0.0000e+00
     13.893    10.7361    34.6077  1026.5805     2.5316     6.2657    100.560    0.00015    6.23138    6.23325      8.557     1.0171   11.26504   3.840499 5.0640e-11    26.5176    26.5173 1.0000e-12     14.000          1       1412    1492.20 1.9747e+00  53730.340     58.803 1616396165      -0.00      0.528   38.78616  -72.81870 0.0000e+00
     14.893    10.7346    34.6075  1026.5851     2.5308     6.2663    100.494   -0.00037    6.23117    6.23304      8.557     0.7888   11.26470   3.840380 5.0640e-11    26.5177    26.5174 1.0000e-12     15.000          1       1508    1492.21 1.9747e+00  53730.920     62.781 1616396169       0.11      0.450   38.78615  -72.81871 0.0000e+00
     15.864    10.7354    34.6077  1026.5896     2.5316     6.2697    100.647    0.00064    6.23103    6.23290      8.557     0.7179   11.26448   3.840539 5.0640e-11    26.5178    26.5175 1.0000e-12     16.000          1       1621    1492.23 1.9747e+00  53731.766     67.482 1616396173       0.15      0.132   38.78614  -72.81872 0.0000e+00
     16.880    10.7357    34.6075  1026.5940     2.5317     6.2655    100.606    0.00022    6.23105    6.23291      8.557     0.6300   11.26451   3.840587 -9.990e-29    26.5176    26.5172 1.0000e-12     17.000          1       1639    1492.25 -9.990e-29  53732.060     68.246 1616396174       0.26      0.731   38.78612  -72.81874 0.0000e+00
     17.873    10.7358    34.6084  1026.5992     2.5308     6.2609    100.556   -0.00009    6.23102    6.23289      8.557     0.9497   11.26444   3.840738 5.0640e-11    26.5183    26.5179 1.0000e-12     18.000          1       1750    1492.27 1.9747e+00  53733.899     72.866 1616396179       0.38      0.641   38.78612  -72.81876 0.0000e+00
     18.855    10.7358    34.6094  1026.6045     2.5293     6.2610    100.452   -0.00063    6.23099    6.23286 -9.990e-29     0.7757   11.26440   3.840866 5.0640e-11    26.5191    26.5187 1.0000e-12     19.000          1       1830    1492.29 1.9747e+00  53735.943     76.204 1616396182       0.05      0.398   38.78610  -72.81878 0.0000e+00
     19.852    10.7362    34.6083  1026.6081     2.5291     6.2618    100.481   -0.00013    6.23096    6.23282 -9.990e-29     0.7340   11.26433   3.840852 5.0640e-11    26.5182    26.5178 1.0000e-12     20.000          1       1923    1492.30 1.9747e+00  53735.017     80.077 1616396186       0.27      0.388   38.78609  -72.81879 0.0000e+00
     20.843    10.7364    34.6088  1026.6129     2.5286     6.2630    100.484   -0.00012    6.23093    6.23280 -9.990e-29     0.7082   11.26431   3.840957 5.0640e-11    26.5186    26.5181 1.0000e-12     21.000          1       2022    1492.32 1.9747e+00  53736.230     84.220 1616396190       0.15      0.348   38.78608  -72.81881 0.0000e+00
     21.832    10.7367    34.6082  1026.6169     2.5287     6.2593    100.529    0.00020    6.23101    6.23288      8.558     0.8205   11.26441   3.840966 5.0640e-11    26.5181    26.5176 1.0000e-12     22.000          1       2139    1492.34 1.9747e+00  53736.126     89.083 1616396195       0.18      0.191   38.78608  -72.81883 0.0000e+00
     22.826    10.7355    34.6102  1026.6232     2.5270     6.2544    100.399   -0.00047    6.23098    6.23285      8.559     0.7529   11.26436   3.841095 5.0640e-11    26.5199    26.5194 1.0000e-12     23.000          1       2232    1492.35 1.9747e+00  53739.616     92.974 1616396199      -0.00      0.252   38.78606  -72.81885 0.0000e+00
     23.810    10.7348    34.6109  1026.6283     2.5251     6.2572    100.387    0.00018    6.23106    6.23292      8.560     0.7594   11.26447   3.841139 5.0640e-11    26.5205    26.5200 1.0000e-12     24.000          1       2367    1492.37 1.9747e+00  53741.289     98.591 1616396205       0.53      0.322   38.78604  -72.81888 0.0000e+00
     24.820    10.7345    34.6112  1026.6332     2.5258     6.2544    100.426    0.00037    6.23107    6.23294      8.560     0.7406   11.26449   3.841193 5.0640e-11    26.5208    26.5203 1.0000e-12     25.000          1       2391    1492.38 1.9747e+00  53742.396     99.594 1616396205       0.14      0.783   38.78604  -72.81889 0.0000e+00
     25.805    10.7345    34.6113  1026.6378     2.5245     6.2521    100.321   -0.00044    6.23107    6.23294      8.560     0.8183   11.26449   3.841248 5.0640e-11    26.5210    26.5205 1.0000e-12     26.000          1       2544    1492.40 1.9747e+00  53743.227    105.947 1616396212       0.40      0.683   38.78602  -72.81892 0.0000e+00
     26.797    10.7350    34.6112  1026.6421     2.5248     6.2575    100.374   -0.00015    6.23104    6.23291 -9.990e-29     0.7358   11.26444   3.841331 5.0640e-11    26.5208    26.5203 1.0000e-12     27.000          1       2643    1492.42 1.9747e+00  53743.633    110.073 1616396216      -0.04      0.511   38.78601  -72.81895 0.0000e+00
     27.784    10.7341    34.6114  1026.6469     2.5253     6.2517    100.435    0.00016    6.23104    6.23291 -9.990e-29     0.7798   11.26444   3.841306 5.0640e-11    26.5212    26.5206 1.0000e-12     28.000          1       2759    1492.43 1.9747e+00  53744.734    114.917 1616396221       0.33      0.435   38.78600  -72.81896 0.0000e+00
     28.789    10.7348    34.6121  1026.6519     2.5237     6.2513    100.322   -0.00031    6.23099    6.23286      8.562     0.7137   11.26435   3.841501 5.0640e-11    26.5216    26.5210 1.0000e-12     29.000          1       2841    1492.45 1.9747e+00  53746.226    118.327 1616396224       0.06      0.606   38.78599  -72.81898 0.0000e+00
     29.765    10.7351    34.6126  1026.6566     2.5227     6.2474    100.333    0.00012    6.23075    6.23261      8.562     0.7434   11.26393   3.841623 5.0640e-11    26.5219    26.5213 1.0000e-12     30.000          1       2980    1492.47 1.9747e+00  53747.350    124.137 1616396230      -0.02      0.228   38.78598  -72.81900 0.0000e+00
     30.765    10.7362    34.6135  1026.6617     2.5209     6.2370    100.162   -0.00090    6.23065    6.23252      8.562     0.7288   11.26376   3.841856 5.0640e-11    26.5225    26.5218 1.0000e-12     31.000          1       3064    1492.49 1.9747e+00  53749.090    127.613 1616396233       0.15      0.380   38.78597  -72.81903 0.0000e+00
     31.765    10.7365    34.6147  1026.6672     2.5189     6.2298    100.060   -0.00119    6.23020    6.23207      8.562     0.7852   11.26298   3.842074 5.0640e-11    26.5234    26.5228 1.0000e-12     32.000          1       3169    1492.51 1.9747e+00  53751.424    132.017 1616396238       0.30      0.667   38.78594  -72.81906 0.0000e+00
     32.749    10.7384    34.6209  1026.6761     2.5082     6.1704     99.323   -0.00379    6.22983    6.23170      8.557     0.6803   11.26228   3.842904 5.0640e-11    26.5280    26.5272 1.0000e-12     33.000          1       3270    1492.54 1.9747e+00  53760.319    136.198 1616396242       0.03      0.242   38.78594  -72.81907 0.0000e+00
     33.741    10.7266    34.6265  1026.6871     2.4914     6.1090     98.492   -0.00407    6.22435    6.22616      8.551     0.6716   11.25293   3.842332 5.0640e-11    26.5344    26.5337 1.0000e-12     34.000          1       3410    1492.52 1.9747e+00  53770.864    142.054 1616396248       0.21      0.537   38.78592  -72.81910 0.0000e+00
     34.738    10.7460    34.6392  1026.6981     2.4776     6.0382     97.539   -0.00739    6.22724    6.22908      8.552     0.5957   11.25780   3.845776 5.0640e-11    26.5409    26.5402 1.0000e-12     35.000          1       3453    1492.62 1.9747e+00  53785.634    143.839 1616396250      -0.02      0.612   38.78592  -72.81911 0.0000e+00
     35.724    10.8299    34.6732  1026.7140     2.4557     5.9319     96.335   -0.00887    6.19877    6.20027      8.540     0.4140   11.21004   3.857940 5.0640e-11    26.5524    26.5516 1.0000e-12     36.000          1       3614    1492.97 1.9747e+00  53818.114    150.521 1616396256       0.29      0.663   38.78590  -72.81915 0.0000e+00
     36.726    10.9378    34.7007  1026.7205     2.4421     5.9237     95.610   -0.00953    6.20298    6.20454      8.542     0.3990   11.21706   3.870644 5.0640e-11    26.5545    26.5537 1.0000e-12     37.000          1       3657    1493.40 1.9747e+00  53837.553    152.336 1616396258      -0.00      0.754   38.78589  -72.81916 0.0000e+00
     37.720    10.9900    34.7141  1026.7260     2.4299     5.9130     95.547   -0.00301    6.19183    6.19325 -9.990e-29     0.5481   11.19839   3.876549 5.0640e-11    26.5556    26.5547 1.0000e-12     38.000          1       3795    1493.62 1.9747e+00  53847.283    158.099 1616396264       0.32      0.772   38.78586  -72.81918 0.0000e+00
     38.709    10.9984    34.7178  1026.7318     2.4266     5.9174     95.593   -0.00061    6.19078    6.19218      8.539     0.5153   11.19661   3.877591 5.0640e-11    26.5569    26.5560 1.0000e-12     39.000          1       3929    1493.67 1.9747e+00  53851.451    163.666 1616396269       0.16      0.460   38.78584  -72.81920 0.0000e+00
     39.689    11.0065    34.7204  1026.7368     2.4265     5.9096     95.670    0.00019    6.18829    6.18967      8.539     0.4281   11.19246   3.878675 5.0640e-11    26.5575    26.5566 1.0000e-12     40.000          1       4045    1493.72 1.9747e+00  53854.373    168.498 1616396274       0.84      0.290   38.78584  -72.81922 0.0000e+00
     40.701    11.0292    34.7255  1026.7413     2.4250     5.9104     95.504   -0.00090    6.18792    6.18929      8.539     0.3647   11.19183   3.881484 5.0640e-11    26.5574    26.5565 1.0000e-12     41.000          1       4087    1493.82 1.9747e+00  53857.920    170.259 1616396276       0.29      0.848   38.78582  -72.81923 0.0000e+00
     41.682    11.0388    34.7278  1026.7457     2.4235     5.9065     95.471   -0.00067    6.18637    6.18772      8.539     0.4624   11.18924   3.882472 5.0640e-11    26.5574    26.5565 1.0000e-12     42.000          1       4217    1493.87 1.9747e+00  53859.984    175.651 1616396282      -0.12      0.562   38.78580  -72.81926 0.0000e+00
     42.674    11.0384    34.7278  1026.7503     2.4235     5.9046     95.533    0.00009    6.18113    6.18242      8.540     0.3922   11.18045   3.882451 5.0640e-11    26.5576    26.5566 1.0000e-12     43.000          1       4319    1493.89 1.9747e+00  53860.740    179.905 1616396286       0.15      0.341   38.78579  -72.81928 0.0000e+00
     43.665    11.0703    34.7375  1026.7566     2.4221     5.8766     95.403   -0.00071    6.17486    6.17608      8.538     0.4293   11.16994   3.886773 5.0640e-11    26.5593    26.5584 1.0000e-12     44.000          1       4419    1494.03 1.9747e+00  53869.138    184.092 1616396290       0.08      0.386   38.78578  -72.81930 0.0000e+00
     44.654    11.1553    34.7628  1026.7652     2.4176     5.8122     95.208    0.00016    6.12758    6.12823      8.534     0.4624   11.09060   3.897766 5.0640e-11    26.5636    26.5626 1.0000e-12     45.000          1       4563    1494.37 1.9747e+00  53889.663    190.101 1616396296       0.11      0.275   38.78576  -72.81932 0.0000e+00
     45.650    11.4707    34.8664  1026.7918     2.3982     5.6479     93.788   -0.00503    6.08422    6.08438      8.527     0.3605   11.01765   3.939819 5.0640e-11    26.5860    26.5850 1.0000e-12     46.000          1       4657    1495.61 1.9747e+00  53979.619    193.988 1616396300       0.07      0.328   38.78574  -72.81934 0.0000e+00
     46.640    12.1254    35.0800  1026.8376     2.3604     5.4455     91.405   -0.01090    5.99611    5.99525      8.518     0.3382   10.86959   4.025825 5.0640e-11    26.6281    26.6269 1.0000e-12     47.000          1       4784    1498.12 1.9747e+00  54167.689    199.294 1616396305      -0.02      0.293   38.78573  -72.81936 0.0000e+00
