CalculateIndicators/WaterTemperature/Data/CTD_NYOS/20210524_C21.cnv
* Sea-Bird SBE 9 Data File:
* FileName = C:\Seabird 9 CTD\Data\2021\202105_offshore\20210524_C21.hex
* Software Version Seasave V 7.23.2
* Temperature SN = 4590
* Conductivity SN = 3228
* Number of Bytes Per Scan = 44
* Number of Voltage Words = 5
* Number of Scans Averaged by the Deck Unit = 1
* NMEA Latitude = 39 48.38 N
* NMEA Longitude = 072 29.58 W
* NMEA UTC (Time) = May 24 2021  01:42:59
* NMEA baud rate = 4800
** Ship: seawolf
** Station: 4.4
** Operator: TDK
# nquan = 31
# nvalues = 261                         
# units = specified
# name 0 = depSM: Depth [salt water, m]
# name 1 = t090C: Temperature [ITS-90, deg C]
# name 2 = sal00: Salinity, Practical [PSU]
# name 3 = density00: Density [density, kg/m^3]
# name 4 = sbeox0V: Oxygen raw, SBE 43 [V]
# name 5 = sbeox0ML/L: Oxygen, SBE 43 [ml/l]
# name 6 = sbeox0PS: Oxygen, SBE 43 [% saturation]
# name 7 = sbox0dV/dT: Oxygen, SBE 43 [dov/dt]
# name 8 = oxsolML/L: Oxygen Saturation, Garcia & Gordon [ml/l]
# name 9 = oxsatML/L: Oxygen Saturation, Weiss [ml/l]
# name 10 = ph: pH
# name 11 = flECO-AFL: Fluorescence, WET Labs ECO-AFL/FL [mg/m^3]
# name 12 = n2satML/L: Nitrogen Saturation [ml/l]
# name 13 = c0S/m: Conductivity [S/m]
# name 14 = cpar: CPAR/Corrected Irradiance [%]
# name 15 = sigma-é00: Density [sigma-theta, kg/m^3]
# name 16 = sigma-t00: Density [sigma-t, kg/m^3 ]
# name 17 = par: PAR/Irradiance, Biospherical/Licor
# name 18 = prDM: Pressure, Digiquartz [db]
# name 19 = pumps: Pump Status
# name 20 = scan: Scan Count
# name 21 = svCM: Sound Velocity [Chen-Millero, m/s]
# name 22 = spar: SPAR, Biospherical/Licor
# name 23 = specc: Specific Conductance [uS/cm]
# name 24 = timeS: Time, Elapsed [seconds]
# name 25 = timeY: Time, System [seconds]
# name 26 = accM: Acceleration [m/s^2]
# name 27 = dz/dtM: Descent Rate [m/s]
# name 28 = latitude: Latitude [deg]
# name 29 = longitude: Longitude [deg]
# name 30 = flag: flag
# span 0 =      1.979,     66.486       
# span 1 =     7.9998,    15.5735       
# span 2 =    32.0796,    34.0502       
# span 3 =  1023.6116,  1026.5272       
# span 4 =     1.9335,     2.7233       
# span 5 =     4.6806,     6.7221       
# span 6 =     71.912,    110.532       
# span 7 =   -0.06355,    0.07885       
# span 8 =    5.71685,    6.67905       
# span 9 =    5.71097,    6.68592       
# span 10 =      7.863,      8.086      
# span 11 =     0.0537,     0.6129      
# span 12 =   10.43656,   12.02259      
# span 13 =   3.449147,   4.064539      
# span 14 = -1.055e+04, 1.0222e+05      
# span 15 =    23.6027,    26.2235      
# span 16 =    23.6027,    26.2224      
# span 17 = 1.0000e-12, 4.9581e-03      
# span 18 =      2.000,     67.000      
# span 19 =          1,          1      
# span 20 =        255,      13334      
# span 21 =    1481.05,    1505.60      
# span 22 = -4.390e-02, 2.1830e+00      
# span 23 =  49562.357,  53058.990      
# span 24 =     10.582,    555.544      
# span 25 = 1621820587, 1621821132      
# span 26 =      -0.43,       0.35      
# span 27 =     -0.808,      0.754      
# span 28 =   39.80382,   39.80640      
# span 29 =  -72.49308,  -72.49021      
# span 30 = 0.0000e+00, 0.0000e+00      
# interval = decibars: 0.5              
# start_time = May 24 2021 01:42:57 [System UTC, first data scan.]
# bad_flag = -9.990e-29
*END*
[from data line 94]
     48.621     8.1897    33.0545  1025.9423     2.4154     6.3496     95.279   -0.00600    6.66417    6.67075      7.994     0.4206   11.99871   3.458065 5.0640e-11    25.7190    25.7182 1.0000e-12     49.000          1       2743    1481.59 1.9747e+00  52099.437    114.234 1621820691      -0.04      0.605   39.80588  -72.49244 0.0000e+00
     49.114     8.1588    33.0647  1025.9572     2.4100     6.3338     95.030   -0.00583    6.66507    6.67168      7.992     0.4393   12.00008   3.456301 5.0640e-11    25.7316    25.7308 1.0000e-12     49.500          1       2766    1481.49 1.9747e+00  52121.720    115.209 1621820692      -0.06      0.533   39.80588  -72.49242 0.0000e+00
     49.614     8.1413    33.0680  1025.9647     2.4051     6.3220     94.824   -0.00550    6.66717    6.67384      7.992     0.4675   12.00326   3.455065 5.0640e-11    25.7367    25.7360 1.0000e-12     50.000          1       2788    1481.44 1.9747e+00  52130.760    116.135 1621820693       0.03      0.526   39.80588  -72.49242 0.0000e+00
     50.110     8.1199    33.0815  1025.9807     2.3935     6.2855     94.151   -0.00681    6.67596    6.68281      7.982     0.4834   12.01723   3.454595 4.9041e+04    25.7505    25.7498 1.0000e-12     50.500          1       2827    1481.38 1.0063e+00  52155.309    117.733 1621820695      -0.13      0.368   39.80586  -72.49241 0.0000e+00
     50.595     8.0313    33.1472  1026.0476     2.3639     6.1326     91.920   -0.01499    6.67172    6.67853      7.972     0.5053   12.00995   3.452518 3.1453e+04    25.8150    25.8143 1.0000e-12     51.000          1       2882    1481.14 1.3536e+00  52269.943    120.047 1621820697       0.20      0.145   39.80585  -72.49240 0.0000e+00
     51.098     8.0028    33.1600  1026.0642     2.3547     6.0952     91.513   -0.01439    6.66045    6.66711      7.970     0.4579   11.99107   3.451524 -2.296e+02    25.8293    25.8286 1.0000e-12     51.500          1       2901    1481.05 1.9792e+00  52295.281    120.819 1621820698       0.32      0.420   39.80584  -72.49240 0.0000e+00
     51.597     8.0137    33.1642  1026.0681     2.3490     6.0917     91.563   -0.01082    6.65306    6.65963      7.969     0.4389   11.97869   3.453203 5.0640e-11    25.8310    25.8302 1.0000e-12     52.000          1       2918    1481.11 1.9747e+00  52298.818    121.547 1621820698       0.19      0.610   39.80584  -72.49240 0.0000e+00
     52.093     8.0297    33.1690  1026.0719     2.3457     6.0973     91.727   -0.00728    6.64715    6.65364      7.970     0.4354   11.96880   3.455017 5.0640e-11    25.8324    25.8317 1.0000e-12     52.500          1       2936    1481.18 1.9747e+00  52302.297    122.290 1621820699       0.02      0.679   39.80584  -72.49238 0.0000e+00
     52.592     8.0566    33.1786  1026.0777     2.3424     6.0990     91.802   -0.00469    6.64360    6.65005      7.970     0.4709   11.96280   3.459020 5.0640e-11    25.8360    25.8352 1.0000e-12     53.000          1       2956    1481.30 1.9747e+00  52309.737    123.126 1621820700      -0.07      0.652   39.80584  -72.49238 0.0000e+00
     53.088     8.1408    33.2037  1026.0872     2.3382     6.0591     91.626   -0.00401    6.61291    6.61902      7.969     0.4197   11.91084   3.468986 5.0640e-11    25.8433    25.8426 1.0000e-12     53.500          1       2982    1481.66 1.9747e+00  52325.788    124.226 1621820701      -0.14      0.527   39.80584  -72.49238 0.0000e+00
     53.577     8.2366    33.2390  1026.1028     2.3344     6.0173     91.625   -0.00150    6.56728    6.57294      7.953     0.3555   11.83282   3.481457 5.0640e-11    25.8568    25.8560 1.0000e-12     54.000          1       3028    1482.07 1.9747e+00  52353.430    126.134 1621820703      -0.10      0.248   39.80582  -72.49237 0.0000e+00
     54.073     8.4352    33.3598  1026.1698     2.3050     5.8362     88.892   -0.01541    6.56553    6.57119      7.938     0.2898   11.82979   3.512209 5.0640e-11    25.9218    25.9210 1.0000e-12     54.500          1       3060    1482.98 1.9747e+00  52479.413    127.456 1621820704       0.23      0.310   39.80582  -72.49236 0.0000e+00
     54.576     8.5780    33.4900  1026.2522     2.2669     5.5944     85.230   -0.03475    6.56392    6.56956      7.933     0.2733   11.82701   3.537523 5.0640e-11    26.0021    26.0013 1.0000e-12     55.000          1       3080    1483.68 1.9747e+00  52630.989    128.307 1621820705       0.17      0.514   39.80582  -72.49234 0.0000e+00
     55.069     8.6459    33.5564  1026.2960     2.2098     5.3974     82.303   -0.03590    6.55799    6.56357      7.924     0.2782   11.81685   3.548283 5.0640e-11    26.0438    26.0430 1.0000e-12     55.500          1       3121    1484.02 1.9747e+00  52709.859    129.982 1621820707      -0.18      0.345   39.80580  -72.49234 0.0000e+00
     55.560     8.6640    33.5766  1026.3113     2.1712     5.3567     81.784   -0.02074    6.54975    6.55525      7.916     0.2027   11.80275   3.551738 5.0640e-11    26.0569    26.0560 1.0000e-12     56.000          1       3163    1484.12 1.9747e+00  52734.571    131.759 1621820709       0.23      0.241   39.80580  -72.49233 0.0000e+00
     56.059     8.6822    33.5930  1026.3236     2.1561     5.3207     81.296   -0.01792    6.54482    6.55027      7.914     0.1906   11.79434   3.555038 5.0640e-11    26.0670    26.0661 1.0000e-12     56.500          1       3185    1484.22 1.9747e+00  52754.015    132.670 1621820710       0.18      0.463   39.80579  -72.49232 0.0000e+00
     56.553     8.7035    33.6133  1026.3384     2.1437     5.2897     80.843   -0.01613    6.54317    6.54860      7.910     0.2015   11.79151   3.558783 5.0640e-11    26.0795    26.0786 1.0000e-12     57.000          1       3205    1484.33 1.9747e+00  52778.217    133.495 1621820710       0.08      0.560   39.80578  -72.49232 0.0000e+00
     57.050     8.7162    33.6250  1026.3479     2.1332     5.2595     80.408   -0.01516    6.54096    6.54638      7.910     0.2137   11.78771   3.561122 5.0640e-11    26.0868    26.0859 1.0000e-12     57.500          1       3221    1484.40 1.9747e+00  52792.229    134.186 1621820711       0.12      0.626   39.80578  -72.49232 0.0000e+00
     57.557     8.7399    33.6449  1026.3621     2.1225     5.2214     79.857   -0.01538    6.53842    6.54381      7.907     0.2043   11.78338   3.565365 5.0640e-11    26.0987    26.0977 1.0000e-12     58.000          1       3238    1484.52 1.9747e+00  52815.223    134.865 1621820712       0.09      0.714   39.80578  -72.49231 0.0000e+00
     58.047     8.7721    33.6723  1026.3808     2.1012     5.1577     78.925   -0.01405    6.53494    6.54030      7.903     0.2060   11.77739   3.570593 5.0640e-11    26.1152    26.1143 1.0000e-12     58.500          1       3275    1484.68 1.9747e+00  52847.176    136.431 1621820713      -0.23      0.417   39.80577  -72.49230 0.0000e+00
     58.540     8.8090    33.7072  1026.4045     2.0724     5.0737     77.724   -0.01165    6.52776    6.53305      7.894     0.1540   11.76503   3.577124 5.0640e-11    26.1368    26.1358 1.0000e-12     59.000          1       3334    1484.87 1.9747e+00  52888.389    138.858 1621820716       0.03      0.213   39.80576  -72.49229 0.0000e+00
     59.027     8.8299    33.7295  1026.4209     2.0540     5.0140     76.930   -0.01035    6.51758    6.52278      7.885     0.1313   11.74762   3.581180 5.0640e-11    26.1510    26.1500 1.0000e-12     59.500          1       3376    1484.99 1.9747e+00  52915.468    140.619 1621820718       0.12      0.244   39.80575  -72.49228 0.0000e+00
     59.529     8.8430    33.7442  1026.4327     2.0452     4.9807     76.442   -0.01093    6.51562    6.52080      7.880     0.1213   11.74426   3.583759 5.0640e-11    26.1605    26.1595 1.0000e-12     60.000          1       3393    1485.06 1.9747e+00  52933.875    141.333 1621820718       0.35      0.440   39.80574  -72.49228 0.0000e+00
     60.033     8.8516    33.7539  1026.4412     2.0361     4.9412     75.870   -0.01225    6.51268    6.51783      7.877     0.1305   11.73922   3.585504 5.0640e-11    26.1667    26.1657 1.0000e-12     60.500          1       3408    1485.11 1.9747e+00  52945.700    141.969 1621820719       0.29      0.655   39.80574  -72.49226 0.0000e+00
     60.531     8.8745    33.7769  1026.4579     2.0219     4.8758     74.884   -0.01540    6.51107    6.51621      7.874     0.1265   11.73649   3.590180 6.7267e+04    26.1812    26.1802 1.0000e-12     61.000          1       3426    1485.23 6.4637e-01  52973.597    142.700 1621820720      -0.00      0.749   39.80574  -72.49226 0.0000e+00
     61.022     8.9118    33.8078  1026.4785     1.9983     4.7747     73.345   -0.01951    6.50995    6.51507 -9.990e-29     0.0822   11.73458   3.596156 8.0408e+04    26.1995    26.1985 1.0000e-12     61.500          1       3454    1485.42 3.8687e-01  53009.145    143.880 1621820721      -0.24      0.538   39.80574  -72.49226 0.0000e+00
     61.510     8.9404    33.8328  1026.4957     1.9741     4.6991     72.185   -0.01914    6.50989    6.51501 -9.990e-29     0.0639   11.73447   3.601328 -5.597e+03    26.2146    26.2135 1.0000e-12     62.000          1       3486    1485.56 2.0852e+00  53038.334    145.210 1621820722       0.05      0.325   39.80574  -72.49226 0.0000e+00
     62.015     8.9475    33.8383  1026.5012     1.9637     4.6844     71.956   -0.01599    6.51014    6.51526 -9.990e-29     0.0770   11.73489   3.602255 5.0640e-11    26.2178    26.2168 1.0000e-12     62.500          1       3505    1485.61 1.9747e+00  53044.870    146.005 1621820723       0.24      0.480   39.80572  -72.49224 0.0000e+00
     62.513     8.9514    33.8410  1026.5050     1.9553     4.6837     71.945   -0.01152    6.51014    6.51527      7.867     0.0739   11.73489   3.602763 5.0640e-11    26.2193    26.2182 1.0000e-12     63.000          1       3528    1485.63 1.9747e+00  53048.102    146.978 1621820724      -0.04      0.572   39.80572  -72.49224 0.0000e+00
     63.002     8.9508    33.8412  1026.5074     1.9477     4.6938     72.109   -0.00560    6.50925    6.51437      7.866     0.0659   11.73339   3.602611 2.3802e+04    26.2196    26.2185 1.0000e-12     63.500          1       3564    1485.64 1.5047e+00  53048.815    148.474 1621820725      -0.12      0.346   39.80571  -72.49223 0.0000e+00
     63.498     8.9488    33.8404  1026.5095     1.9449     4.7004     72.203   -0.00306    6.50996    6.51509      7.866     0.0561   11.73458   3.602363 1.0222e+05    26.2193    26.2183 1.0000e-12     64.000          1       3592    1485.64 -4.390e-02  53048.630    149.617 1621820727       0.15      0.367   39.80570  -72.49222 0.0000e+00
     64.001     8.9525    33.8426  1026.5129     1.9427     4.7005     72.212   -0.00181    6.50936    6.51448      7.865     0.0537   11.73357   3.602917 8.7701e+04    26.2204    26.2193 1.0000e-12     64.500          1       3630    1485.66 2.4284e-01  53051.169    151.225 1621820728       0.05      0.347   39.80569  -72.49221 0.0000e+00
     64.487     8.9545    33.8438  1026.5157     1.9398     4.6955     72.149   -0.00105    6.50813    6.51324 -9.990e-29     0.0666   11.73149   3.603201 1.0104e+05    26.2210    26.2200 1.0000e-12     65.000          1       3703    1485.68 -2.065e-02  53052.673    154.259 1621820731       0.24      0.136   39.80568  -72.49220 0.0000e+00
     64.988     8.9574    33.8451  1026.5186     1.9389     4.6942     72.127   -0.00076    6.50822    6.51333      7.863     0.0908   11.73164   3.603511 9.9999e+04    26.2216    26.2205 1.0000e-12     65.500          1       3725    1485.70 0.0000e+00  53054.203    155.158 1621820732       0.21      0.407   39.80568  -72.49220 0.0000e+00
     65.486     8.9604    33.8471  1026.5220     1.9382     4.6905     72.071   -0.00099    6.50820    6.51330      7.863     0.0820   11.73160   3.604055 9.9999e+04    26.2227    26.2216 1.0000e-12     66.000          1       3746    1485.72 0.0000e+00  53056.798    156.031 1621820733       0.09      0.537   39.80568  -72.49218 0.0000e+00
     65.986     8.9619    33.8478  1026.5246     1.9362     4.6855     71.995   -0.00070    6.50812    6.51322      7.863     0.0721   11.73146   3.604172 3.8654e+04    26.2230    26.2219 1.0000e-12     66.500          1       4129    1485.73 1.2114e+00  53057.712    172.002 1621820749      -0.06      0.409   39.80560  -72.49209 0.0000e+00
     66.486     8.9666    33.8492  1026.5272     1.9337     4.6833     71.958    0.00022    6.50843    6.51354 -9.990e-29     0.0602   11.73201   3.604709 -5.283e+03    26.2234    26.2223 1.0000e-12     67.000          1       5800    1485.76 2.0790e+00  53058.990    241.638 1621820819      -0.20      0.262   39.80527  -72.49171 0.0000e+00
     65.981     8.9642    33.8482  1026.5245     1.9336     4.6806     71.912   -0.00023    6.50875    6.51386 -9.990e-29     0.0724   11.73253   3.604359 5.0640e-11    26.2230    26.2219 1.0000e-12     66.500          1       5600    1485.75 1.9747e+00  53057.798    233.273 1621820810      -0.29     -0.288   39.80530  -72.49176 0.0000e+00
     65.481     8.9620    33.8475  1026.5220     1.9336     4.6811     71.929   -0.00002    6.50795    6.51305 -9.990e-29     0.0753   11.73119   3.604039 5.0640e-11    26.2228    26.2217 1.0000e-12     66.000          1       5751    1485.73 1.9747e+00  53056.966    239.575 1621820816      -0.01     -0.351   39.80528  -72.49173 0.0000e+00
     64.992     8.9648    33.8490  1026.5205     1.9335     4.6830     71.949    0.00045    6.50878    6.51389 -9.990e-29     0.0791   11.73259   3.604459 5.0640e-11    26.2235    26.2224 1.0000e-12     65.500          1       6111    1485.73 1.9747e+00  53058.118    254.602 1621820832      -0.01     -0.144   39.80520  -72.49165 0.0000e+00
     64.495     8.9638    33.8484  1026.5179     1.9337     4.6833     71.929    0.00017    6.51101    6.51615 -9.990e-29     0.0557   11.73639   3.604271 5.0640e-11    26.2232    26.2221 1.0000e-12     65.000          1       6109    1485.72 1.9747e+00  53057.209    254.510 1621820831      -0.16     -0.317   39.80520  -72.49166 0.0000e+00
     64.001     8.9597    33.8464  1026.5147     1.9341     4.6865     71.948    0.00020    6.51365    6.51881      7.863     0.0553   11.74088   3.603589 5.0640e-11    26.2223    26.2212 1.0000e-12     64.500          1       6134    1485.69 1.9747e+00  53054.917    255.522 1621820832      -0.09     -0.447   39.80520  -72.49164 0.0000e+00
     63.504     8.9568    33.8447  1026.5115     1.9358     4.7012     72.109    0.00101    6.51962    6.52484      7.865     0.0748   11.75111   3.603195 5.0640e-11    26.2213    26.2203 1.0000e-12     64.000          1       6153    1485.67 1.9747e+00  53052.748    256.324 1621820833      -0.13     -0.531   39.80520  -72.49164 0.0000e+00
     63.003     8.9505    33.8403  1026.5068     1.9381     4.7182     72.333    0.00223    6.52281    6.52806      7.869     0.0952   11.75656   3.602066 5.0640e-11    26.2189    26.2178 1.0000e-12     63.500          1       6169    1485.63 1.9747e+00  53047.597    257.016 1621820834      -0.15     -0.637   39.80518  -72.49164 0.0000e+00
     62.503     8.9424    33.8343  1026.5011     1.9428     4.7441     72.711    0.00385    6.52463    6.52990      7.874     0.0955   11.75970   3.600712 5.0640e-11    26.2155    26.2144 1.0000e-12     63.000          1       6188    1485.59 1.9747e+00  53040.646    257.793 1621820835       0.01     -0.695   39.80518  -72.49164 0.0000e+00
     62.013     8.9185    33.8145  1026.4872     1.9562     4.8219     73.873    0.00928    6.52724    6.53253      7.878     0.1321   11.76418   3.596150 5.0640e-11    26.2038    26.2027 1.0000e-12     62.500          1       6213    1485.47 1.9747e+00  53017.825    258.833 1621820836       0.17     -0.564   39.80518  -72.49163 0.0000e+00
