CalculateIndicators/WaterTemperature/Data/CTD_NYOS/20210523_C17.cnv
* Sea-Bird SBE 9 Data File:
* FileName = C:\Seabird 9 CTD\Data\2021\202105_offshore\20210523_C17.hex
* Software Version Seasave V 7.23.2
* Temperature SN = 4590
* Conductivity SN = 3228
* Number of Bytes Per Scan = 44
* Number of Voltage Words = 5
* Number of Scans Averaged by the Deck Unit = 1
* NMEA Latitude = 39 19.51 N
* NMEA Longitude = 072 39.85 W
* NMEA UTC (Time) = May 23 2021  10:50:28
* NMEA baud rate = 4800
** Ship: seawolf
** Station: 5.5
** Operator: sjw
# nquan = 31
# nvalues = 449                         
# units = specified
# name 0 = depSM: Depth [salt water, m]
# name 1 = t090C: Temperature [ITS-90, deg C]
# name 2 = sal00: Salinity, Practical [PSU]
# name 3 = density00: Density [density, kg/m^3]
# name 4 = sbeox0V: Oxygen raw, SBE 43 [V]
# name 5 = sbeox0ML/L: Oxygen, SBE 43 [ml/l]
# name 6 = sbeox0PS: Oxygen, SBE 43 [% saturation]
# name 7 = sbox0dV/dT: Oxygen, SBE 43 [dov/dt]
# name 8 = oxsolML/L: Oxygen Saturation, Garcia & Gordon [ml/l]
# name 9 = oxsatML/L: Oxygen Saturation, Weiss [ml/l]
# name 10 = ph: pH
# name 11 = flECO-AFL: Fluorescence, WET Labs ECO-AFL/FL [mg/m^3]
# name 12 = n2satML/L: Nitrogen Saturation [ml/l]
# name 13 = c0S/m: Conductivity [S/m]
# name 14 = cpar: CPAR/Corrected Irradiance [%]
# name 15 = sigma-é00: Density [sigma-theta, kg/m^3]
# name 16 = sigma-t00: Density [sigma-t, kg/m^3 ]
# name 17 = par: PAR/Irradiance, Biospherical/Licor
# name 18 = prDM: Pressure, Digiquartz [db]
# name 19 = pumps: Pump Status
# name 20 = scan: Scan Count
# name 21 = svCM: Sound Velocity [Chen-Millero, m/s]
# name 22 = spar: SPAR, Biospherical/Licor
# name 23 = specc: Specific Conductance [uS/cm]
# name 24 = timeS: Time, Elapsed [seconds]
# name 25 = timeY: Time, System [seconds]
# name 26 = accM: Acceleration [m/s^2]
# name 27 = dz/dtM: Descent Rate [m/s]
# name 28 = latitude: Latitude [deg]
# name 29 = longitude: Longitude [deg]
# name 30 = flag: flag
# span 0 =      0.966,    112.616       
# span 1 =     9.3845,    13.9633       
# span 2 =    29.7775,    35.5489       
# span 3 =  1022.2008,  1027.2387       
# span 4 =     1.9500,     3.8252       
# span 5 =     4.2540,    10.1739       
# span 6 =     72.486,    169.129       
# span 7 =   -0.28803,    0.12953       
# span 8 =    5.79555,    6.46722       
# span 9 =    5.79236,    6.47131       
# span 10 =      7.997,      8.131      
# span 11 =    -0.0875,     0.7242      
# span 12 =   10.53440,   11.66879      
# span 13 =   3.598733,   4.242333      
# span 14 = 7.9137e-14, 1.5980e+01      
# span 15 =    22.1919,    26.7361      
# span 16 =    22.1918,    26.7328      
# span 17 = 1.0000e-12, 1.9779e+02      
# span 18 =      1.000,    113.500      
# span 19 =          1,          1      
# span 20 =        586,      25160      
# span 21 =    1486.29,    1504.90      
# span 22 = 1.0593e+03, 1.4038e+03      
# span 23 =  46523.667,  54644.497      
# span 24 =     24.366,   1048.281      
# span 25 = 1621767051, 1621768075      
# span 26 =      -0.79,       0.62      
# span 27 =     -1.283,      1.115      
# span 28 =   39.32144,   39.32518      
# span 29 =  -72.66426,  -72.66180      
# span 30 = 0.0000e+00, 0.0000e+00      
# interval = decibars: 0.5              
# start_time = May 23 2021 10:50:27 [System UTC, first data scan.]
# bad_flag = -9.990e-29
*END*
[from data line 47]
     25.309    10.5216    33.1511  1025.5352     2.7682     6.9946    110.798   -0.01899    6.31292    6.31465      8.109     0.3866   11.41655   3.677819 1.1187e+00    25.4203    25.4198 1.2286e+01     25.500          1       2445    1489.87 1.0979e+03  51740.930    101.833 1621767129      -0.25      0.575   39.32484  -72.66404 0.0000e+00
     25.798    10.5713    33.1776  1025.5494     2.7358     6.9371    110.256   -0.00609    6.29189    6.29339      8.100     0.4081   11.38103   3.684209 1.0840e+00    25.4323    25.4318 1.1826e+01     26.000          1       2533    1490.09 1.0918e+03  51769.419    105.511 1621767132       0.04      0.063   39.32483  -72.66403 0.0000e+00
     26.295    10.6879    33.2184  1025.5631     2.7268     6.8876    109.962   -0.00409    6.26357    6.26479      8.100     0.4247   11.33288   3.699956 9.8394e-01    25.4439    25.4433 1.1530e+01     26.500          1       2590    1490.56 1.1717e+03  51806.075    107.870 1621767135       0.19      0.298   39.32482  -72.66402 0.0000e+00
     26.794    10.7552    33.2732  1025.5963     2.7171     6.8349    109.151   -0.00836    6.26186    6.26315      8.094     0.4531   11.32867   3.710899 9.4877e-01    25.4748    25.4742 1.1089e+01     27.000          1       2617    1490.87 1.1686e+03  51871.427    108.991 1621767136       0.05      0.423   39.32482  -72.66402 0.0000e+00
     27.283    10.7779    33.2912  1025.6085     2.7045     6.8110    108.536   -0.00860    6.27533    6.27680      8.088     0.4751   11.35094   3.714626 9.1798e-01    25.4848    25.4842 1.0430e+01     27.500          1       2645    1490.98 1.1361e+03  51892.827    110.163 1621767137      -0.02      0.424   39.32480  -72.66402 0.0000e+00
     27.781    10.8893    33.3610  1025.6454     2.6816     6.6970    106.707   -0.01711    6.27605    6.27753      8.086     0.4700   11.35214   3.735239 8.8321e-01    25.5196    25.5190 9.7529e+00     28.000          1       2664    1491.47 1.1042e+03  51970.546    110.968 1621767138       0.19      0.476   39.32480  -72.66400 0.0000e+00
     28.287    10.9248    33.4587  1025.7175     2.6593     6.5723    104.725   -0.02791    6.27582    6.27730      8.083     0.4616   11.35180   3.743890 8.4446e-01    25.5894    25.5888 9.1163e+00     28.500          1       2680    1491.72 1.0794e+03  52103.048    111.621 1621767139       0.24      0.636   39.32480  -72.66400 0.0000e+00
     28.783    10.7816    33.4688  1025.7530     2.6289     6.5227    103.652   -0.02310    6.29285    6.29456      8.079     0.4891   11.38005   3.731755 7.8163e-01    25.6225    25.6219 8.4800e+00     29.000          1       2723    1491.23 1.0861e+03  52141.844    113.418 1621767140      -0.05      0.470   39.32479  -72.66400 0.0000e+00
     29.266    10.6881    33.4643  1025.7682     2.5860     6.5707    102.933   -0.00788    6.38349    6.38641      8.063     0.5843   11.53034   3.722098 7.1983e-01    25.6355    25.6349 8.2744e+00     29.500          1       2816    1490.90 1.1488e+03  52152.416    117.299 1621767144       0.20      0.091   39.32478  -72.66400 0.0000e+00
     29.768    10.5437    33.4559  1025.7892     2.5703     6.5072    101.538   -0.01562    6.40860    6.41188      8.057     0.6201   11.57183   3.707049 6.9624e-01    25.6540    25.6534 7.8724e+00     30.000          1       2833    1490.39 1.1306e+03  52167.068    118.001 1621767145       0.29      0.382   39.32478  -72.66400 0.0000e+00
     30.265    10.3613    33.4428  1025.8128     2.5523     6.4253    100.249   -0.02025    6.40933    6.41262      8.050     0.6188   11.57288   3.687613 6.5033e-01    25.6753    25.6747 7.3082e+00     30.500          1       2851    1489.73 1.1237e+03  52182.431    118.761 1621767146       0.19      0.579   39.32477  -72.66400 0.0000e+00
     30.765    10.1509    33.4322  1025.8428     2.5318     6.3382     98.911   -0.02406    6.40799    6.41127      8.045     0.6061   11.57059   3.667676 6.0472e-01    25.7029    25.7023 6.7280e+00     31.000          1       2870    1488.97 1.1125e+03  52207.243    119.541 1621767147       0.01      0.650   39.32476  -72.66400 0.0000e+00
     31.264     9.8709    33.4361  1025.8953     2.5087     6.2609     97.699   -0.02493    6.40830    6.41160      8.038     0.5960   11.57097   3.642406 5.5755e-01    25.7530    25.7524 6.0852e+00     31.500          1       2894    1487.98 1.0911e+03  52267.120    120.529 1621767147      -0.11      0.588   39.32476  -72.66398 0.0000e+00
     31.752     9.7661    33.4612  1025.9347     2.4644     6.2093     96.397   -0.01532    6.44135    6.44513      8.023     0.6263   11.62538   3.637071 5.1228e-01    25.7901    25.7895 5.5405e+00     32.000          1       2958    1487.64 1.0817e+03  52323.243    123.189 1621767150      -0.10      0.143   39.32475  -72.66398 0.0000e+00
     32.245     9.6966    33.4769  1025.9608     2.4362     6.0967     94.988   -0.01551    6.41840    6.42199      8.005     0.5430   11.58576   3.631785 5.0020e-01    25.8138    25.8132 5.5540e+00     32.500          1       3003    1487.42 1.1104e+03  52359.672    125.067 1621767152       0.25      0.257   39.32474  -72.66398 0.0000e+00
     32.744     9.5911    33.4755  1025.9793     2.4244     6.0281     94.294   -0.01660    6.39280    6.39610      8.004     0.4567   11.54267   3.620364 4.7615e-01    25.8300    25.8294 5.3723e+00     33.000          1       3021    1487.04 1.1284e+03  52379.031    125.834 1621767153       0.28      0.484   39.32474  -72.66398 0.0000e+00
     33.239     9.3845    33.4742  1026.0144     2.4145     5.9833     93.904   -0.01526    6.37168    6.37473      8.005     0.3562   11.50713   3.602760 4.4833e-01    25.8627    25.8621 5.1368e+00     33.500          1       3037    1486.29 1.1458e+03  52419.859    126.508 1621767153       0.18      0.641   39.32474  -72.66398 0.0000e+00
     33.738     9.4184    33.5057  1026.0357     2.4048     5.9514     93.429   -0.01519    6.37004    6.37308      8.006     0.3572   11.50426   3.611779 4.1612e-01    25.8818    25.8812 4.8141e+00     34.000          1       3051    1486.46 1.1569e+03  52457.164    127.101 1621767154       0.15      0.738   39.32474  -72.66398 0.0000e+00
     34.239     9.5754    33.5839  1026.0734     2.3949     5.9192     92.885   -0.01590    6.37260    6.37568      8.009     0.3767   11.50843   3.634946 3.8729e-01    25.9173    25.9167 4.4691e+00     34.500          1       3066    1487.14 1.1538e+03  52535.764    127.689 1621767155       0.10      0.814   39.32473  -72.66398 0.0000e+00
     34.738     9.7284    33.6599  1026.1098     2.3832     5.8806     92.258   -0.01649    6.37405    6.37714      8.009     0.4412   11.51082   3.655538 3.5935e-01    25.9516    25.9509 4.0780e+00     35.000          1       3082    1487.79 1.1346e+03  52612.427    128.394 1621767155      -0.08      0.819   39.32472  -72.66398 0.0000e+00
     35.230     9.9363    33.7393  1026.1392     2.3606     5.8165     91.495   -0.01219    6.35720    6.36009      8.009     0.3840   11.48260   3.682303 3.2758e-01    25.9789    25.9782 3.6259e+00     35.500          1       3139    1488.65 1.1070e+03  52682.285    130.736 1621767158      -0.17      0.458   39.32471  -72.66397 0.0000e+00
     35.711    10.0070    33.7767  1026.1586     2.3427     5.7982     91.689    0.00060    6.32376    6.32628      8.008     0.3298   11.42606   3.692254 3.2324e-01    25.9963    25.9956 3.5553e+00     36.000          1       3242    1488.96 1.1001e+03  52721.172    135.032 1621767162       0.28      0.206   39.32470  -72.66396 0.0000e+00
     36.217    10.0654    33.7959  1026.1660     2.3425     5.7938     91.589   -0.00050    6.32589    6.32844      8.008     0.2797   11.42960   3.700425 3.0021e-01    26.0014    26.0007 3.4211e+00     36.500          1       3251    1489.20 1.1397e+03  52737.327    135.419 1621767162       0.44      0.472   39.32470  -72.66396 0.0000e+00
     36.722    10.1785    33.8371  1026.1812     2.3379     5.7610     91.165   -0.00280    6.31928    6.32176      8.007     0.2494   11.41843   3.715522 2.7913e-01    26.0143    26.0136 3.2888e+00     37.000          1       3265    1489.66 1.1786e+03  52773.366    136.007 1621767163       0.33      0.712   39.32470  -72.66396 0.0000e+00
     37.218    10.2437    33.8766  1026.2030     2.3315     5.7170     90.531   -0.00663    6.31490    6.31732      8.004     0.3907   11.41098   3.724253 2.6010e-01    26.0340    26.0333 3.1548e+00     37.500          1       3285    1489.96 1.2132e+03  52816.692    136.814 1621767164      -0.11      0.764   39.32470  -72.66396 0.0000e+00
     37.701    10.2430    33.8935  1026.2185     2.3236     5.6732     90.096   -0.00708    6.29685    6.29906      8.003     0.3906   11.38074   3.725454 2.4852e-01    26.0473    26.0466 3.0006e+00     38.000          1       3313    1489.98 1.2073e+03  52840.683    138.004 1621767165      -0.22      0.474   39.32469  -72.66396 0.0000e+00
     38.194    10.2736    33.9121  1026.2300     2.3188     5.6431     89.904   -0.00631    6.27676    6.27873      8.002     0.3635   11.34710   3.730975 2.4033e-01    26.0566    26.0558 2.7899e+00     38.500          1       3333    1490.12 1.1607e+03  52861.285    138.849 1621767166       0.18      0.442   39.32468  -72.66395 0.0000e+00
     38.700    10.3083    33.9290  1026.2395     2.3176     5.6439     89.928   -0.00529    6.27605    6.27802      8.003     0.4176   11.34583   3.735340 2.2907e-01    26.0639    26.0631 2.5602e+00     39.000          1       3347    1490.27 1.1175e+03  52878.573    139.427 1621767166       0.35      0.610   39.32468  -72.66394 0.0000e+00
     39.201    10.3190    33.9375  1026.2465     2.3173     5.6624     90.098   -0.00315    6.28470    6.28677      8.005     0.4577   11.36025   3.736869 2.1689e-01    26.0686    26.0678 2.3533e+00     39.500          1       3361    1490.33 1.0849e+03  52888.735    139.996 1621767167       0.25      0.790   39.32468  -72.66394 0.0000e+00
     39.699    10.3890    33.9550  1026.2503     2.3162     5.6872     90.227   -0.00115    6.30322    6.30552      8.004     0.4491   11.39132   3.746818 2.0417e-01    26.0702    26.0694 2.1642e+00     40.000          1       3378    1490.61 1.0598e+03  52900.358    140.688 1621767168      -0.06      0.841   39.32467  -72.66394 0.0000e+00
     40.198    10.5672    34.0039  1026.2596     2.3128     5.6405     90.042   -0.00086    6.26453    6.26637      8.007     0.5146   11.32646   3.767820 1.8346e-01    26.0773    26.0765 1.9861e+00     40.500          1       3440    1491.31 1.0853e+03  52935.775    143.291 1621767170      -0.08      0.639   39.32465  -72.66393 0.0000e+00
     40.687    10.6366    34.0255  1026.2664     2.3232     5.5455     90.942    0.00628    6.09793    6.09783      8.021     0.5099   11.04650   3.775434 1.6723e-01    26.0821    26.0812 1.9276e+00     41.000          1       3533    1491.59 1.1528e+03  52953.659    147.160 1621767174      -0.04      0.671   39.32464  -72.66392 0.0000e+00
     41.171    10.8285    34.0765  1026.2742     2.3400     5.5740     92.206    0.01279    6.04512    6.04444      8.033     0.5168   10.95762   3.801925 1.6218e-01    26.0878    26.0869 1.8523e+00     41.500          1       3557    1492.34 1.1422e+03  52990.285    148.177 1621767175      -0.12      0.540   39.32464  -72.66392 0.0000e+00
     41.668    10.9955    34.1233  1026.2829     2.3510     5.6008     93.050    0.01727    6.01914    6.01817      8.035     0.3928   10.91381   3.822872 1.5598e-01    26.0945    26.0936 1.7586e+00     42.000          1       3573    1492.99 1.1274e+03  53025.958    148.826 1621767176       0.19      0.559   39.32463  -72.66392 0.0000e+00
     42.173    11.2159    34.1880  1026.2956     2.3561     5.6104     93.267    0.01688    6.01546    6.01444      8.038     0.4065   10.90758   3.851072 1.5042e-01    26.1050    26.1041 1.6629e+00     42.500          1       3585    1493.85 1.1055e+03  53077.800    149.336 1621767176       0.36      0.711   39.32462  -72.66392 0.0000e+00
     42.677    11.5963    34.3392  1026.3450     2.3573     5.5921     92.970    0.01218    6.01496    6.01395      8.038     0.4825   10.90674   3.906951 1.4293e-01    26.1526    26.1516 1.5649e+00     43.000          1       3598    1495.36 1.0948e+03  53224.961    149.856 1621767177       0.26      0.881   39.32462  -72.66392 0.0000e+00
     43.174    11.9745    34.4672  1026.3753     2.3546     5.5494     92.218    0.00405    6.01765    6.01666      8.041     0.5125   10.91135   3.952261 1.3479e-01    26.1810    26.1800 1.4701e+00     43.500          1       3614    1496.82 1.0907e+03  53340.550    150.531 1621767178      -0.11      0.917   39.32462  -72.66392 0.0000e+00
     43.665    12.3112    34.5962  1026.4129     2.3413     5.4549     90.679   -0.00753    6.01557    6.01456      8.042     0.4769   10.90780   3.995651 1.2377e-01    26.2167    26.2156 1.3682e+00     44.000          1       3645    1498.13 1.1059e+03  53467.302    151.831 1621767179      -0.30      0.532   39.32462  -72.66392 0.0000e+00
     44.151    12.4224    34.6493  1026.4346     2.3229     5.4154     90.290   -0.00079    5.99784    5.99665      8.042     0.3226   10.87768   4.008690 1.0795e-01    26.2364    26.2353 1.1978e+00     44.500          1       3754    1498.58 1.1094e+03  53523.708    156.366 1621767183       0.15      0.028   39.32460  -72.66390 0.0000e+00
     44.652    12.4713    34.6735  1026.4461     2.3240     5.4130     90.331   -0.00096    5.99241    5.99116      8.042     0.3398   10.86850   4.015868 1.0576e-01    26.2457    26.2445 1.1509e+00     45.000          1       3776    1498.78 1.0883e+03  53550.177    157.303 1621767184       0.21      0.344   39.32460  -72.66390 0.0000e+00
     45.150    12.4828    34.6797  1026.4509     2.3250     5.4141     90.477    0.00038    5.98393    5.98260      8.045     0.3345   10.85415   4.017404 1.0162e-01    26.2483    26.2471 1.1135e+00     45.500          1       3801    1498.83 1.0958e+03  53557.164    158.346 1621767185       0.04      0.472   39.32460  -72.66390 0.0000e+00
     45.647    12.5351    34.7003  1026.4589     2.3263     5.4173     90.592    0.00100    5.97991    5.97859      8.044     0.2553   10.84661   4.024514 9.6050e-02    26.2541    26.2529 1.0823e+00     46.000          1       3830    1499.04 1.1271e+03  53578.218    159.552 1621767187      -0.06      0.444   39.32458  -72.66390 0.0000e+00
     46.135    12.5859    34.7276  1026.4722     2.3216     5.3939     90.184   -0.00151    5.98107    5.97978      8.039     0.1661   10.84814   4.032495 8.9509e-02    26.2652    26.2640 1.0472e+00     46.500          1       3863    1499.26 1.1698e+03  53608.460    160.931 1621767188      -0.02      0.349   39.32458  -72.66390 0.0000e+00
     46.635    12.6407    34.7644  1026.4922     2.3096     5.3242     89.065   -0.00856    5.97791    5.97660      8.037     0.1069   10.84264   4.041422 8.4150e-02    26.2830    26.2818 9.8843e-01     47.000          1       3884    1499.49 1.1746e+03  53651.587    161.777 1621767189       0.22      0.441   39.32458  -72.66390 0.0000e+00
     47.136    12.6329    34.8202  1026.5393     2.2977     5.2630     88.060   -0.01418    5.97655    5.97524      8.037     0.0740   10.84014   4.045852 8.0270e-02    26.3279    26.3266 9.3644e-01     47.500          1       3901    1499.54 1.1666e+03  53730.161    162.497 1621767189       0.20      0.608   39.32458  -72.66390 0.0000e+00
     47.630    12.6021    34.8458  1026.5674     2.2887     5.2357     87.594   -0.01453    5.97721    5.97590      8.037     0.0497   10.84127   4.045190 7.6781e-02    26.3538    26.3526 8.8612e-01     48.000          1       3920    1499.48 1.1540e+03  53770.383    163.306 1621767190      -0.03      0.669   39.32456  -72.66390 0.0000e+00
