CalculateIndicators/WaterTemperature/Data/CTD_NYOS/20210525_C36.cnv
* Sea-Bird SBE 9 Data File:
* FileName = C:\Seabird 9 CTD\Data\2021\202105_offshore\20210525_C36.hex
* Software Version Seasave V 7.23.2
* Temperature SN = 4590
* Conductivity SN = 3228
* Number of Bytes Per Scan = 44
* Number of Voltage Words = 5
* Number of Scans Averaged by the Deck Unit = 1
* NMEA Latitude = 40 42.03 N
* NMEA Longitude = 071 47.25 W
* NMEA UTC (Time) = May 25 2021  23:56:25
* NMEA baud rate = 4800
** Ship: seawolf
** Station: 1.2
** Operator: eih
# nquan = 31
# nvalues = 205                         
# units = specified
# name 0 = depSM: Depth [salt water, m]
# name 1 = t090C: Temperature [ITS-90, deg C]
# name 2 = sal00: Salinity, Practical [PSU]
# name 3 = density00: Density [density, kg/m^3]
# name 4 = sbeox0V: Oxygen raw, SBE 43 [V]
# name 5 = sbeox0ML/L: Oxygen, SBE 43 [ml/l]
# name 6 = sbeox0PS: Oxygen, SBE 43 [% saturation]
# name 7 = sbox0dV/dT: Oxygen, SBE 43 [dov/dt]
# name 8 = oxsolML/L: Oxygen Saturation, Garcia & Gordon [ml/l]
# name 9 = oxsatML/L: Oxygen Saturation, Weiss [ml/l]
# name 10 = ph: pH
# name 11 = flECO-AFL: Fluorescence, WET Labs ECO-AFL/FL [mg/m^3]
# name 12 = n2satML/L: Nitrogen Saturation [ml/l]
# name 13 = c0S/m: Conductivity [S/m]
# name 14 = cpar: CPAR/Corrected Irradiance [%]
# name 15 = sigma-é00: Density [sigma-theta, kg/m^3]
# name 16 = sigma-t00: Density [sigma-t, kg/m^3 ]
# name 17 = par: PAR/Irradiance, Biospherical/Licor
# name 18 = prDM: Pressure, Digiquartz [db]
# name 19 = pumps: Pump Status
# name 20 = scan: Scan Count
# name 21 = svCM: Sound Velocity [Chen-Millero, m/s]
# name 22 = spar: SPAR, Biospherical/Licor
# name 23 = specc: Specific Conductance [uS/cm]
# name 24 = timeS: Time, Elapsed [seconds]
# name 25 = timeY: Time, System [seconds]
# name 26 = accM: Acceleration [m/s^2]
# name 27 = dz/dtM: Descent Rate [m/s]
# name 28 = latitude: Latitude [deg]
# name 29 = longitude: Longitude [deg]
# name 30 = flag: flag
# span 0 =      1.950,     52.600       
# span 1 =     7.0213,    14.9042       
# span 2 =    31.5689,    33.1136       
# span 3 =  1023.3664,  1026.1734       
# span 4 =     2.0252,     2.7007       
# span 5 =     5.2383,     6.7702       
# span 6 =     76.672,    110.529       
# span 7 =   -0.05294,    0.04319       
# span 8 =    5.82480,    6.83214       
# span 9 =    5.81957,    6.84130       
# span 10 =      7.869,      8.061      
# span 11 =     0.1044,     0.4298      
# span 12 =   10.62545,   12.27578      
# span 13 =   3.354900,   3.905663      
# span 14 = -1.244e-03, 3.2581e+01      
# span 15 =    23.3531,    25.9305      
# span 16 =    23.3529,    25.9299      
# span 17 = -4.015e-04, 1.2163e+01      
# span 18 =      2.000,     53.000      
# span 19 =          1,          1      
# span 20 =         11,      13633      
# span 21 =    1477.18,    1502.53      
# span 22 = 1.5779e+01, 3.9653e+01      
# span 23 =  48922.181,  52476.966      
# span 24 =      0.435,    567.987      
# span 25 = 1621986981, 1621987549      
# span 26 =      -0.64,       1.02      
# span 27 =     -0.766,      0.842      
# span 28 =   40.70064,   40.70344      
# span 29 =  -71.78763,  -71.78338      
# span 30 = 0.0000e+00, 0.0000e+00      
# interval = decibars: 0.5              
# start_time = May 25 2021 23:56:21 [System UTC, first data scan.]
# bad_flag = -9.990e-29
*END*
      1.960    14.8982    31.5787  1023.3664     2.5928     5.9782    102.621   -0.00025    5.82548    5.82025      8.047     0.1727   10.62656   3.904877 2.6438e+01    23.3576    23.3575 1.0520e+01      2.000          1         11    1502.40 3.9653e+01  48931.026      0.435 1621986981      -0.06     -0.219   40.70064  -71.78763 0.0000e+00
      2.495    14.8986    31.5788  1023.3687     2.5927     5.9762    102.586   -0.00082    5.82549    5.82026      8.047     0.1910   10.62658   3.904932 3.2581e+01    23.3576    23.3575 1.2163e+01      2.500          1        106    1502.41 3.7647e+01  48931.356      4.392 1621986986       0.62      0.102   40.70069  -71.78762 0.0000e+00
      2.986    14.8984    31.5787  1023.3709     2.5922     5.9781    102.615   -0.00030    5.82576    5.82053      8.047     0.1818   10.62703   3.904939 2.6135e+01    23.3576    23.3575 1.0231e+01      3.000          1        279    1502.42 3.9229e+01  48931.522     11.570 1621986993       0.58      0.433   40.70072  -71.78756 0.0000e+00
      3.471    14.8979    31.5787  1023.3732     2.5929     5.9841    102.716    0.00059    5.82585    5.82063      8.047     0.1597   10.62719   3.904894 2.0772e+01    23.3577    23.3576 8.0033e+00      3.500          1        324    1502.42 3.9444e+01  48931.875     13.459 1621986995      -0.29      0.416   40.70073  -71.78755 0.0000e+00
      3.971    14.8959    31.5788  1023.3759     2.5919     5.9773    102.602   -0.00045    5.82570    5.82047 -9.990e-29     0.1914   10.62693   3.904734 1.8078e+01    23.3582    23.3581 7.1375e+00      4.000          1        356    1502.43 3.9494e+01  48932.454     14.773 1621986996       0.15      0.346   40.70074  -71.78754 0.0000e+00
      4.464    14.8941    31.5789  1023.3786     2.5912     5.9742    102.549   -0.00078    5.82570    5.82047 -9.990e-29     0.1878   10.62693   3.904635 1.6902e+01    23.3587    23.3585 6.6473e+00      4.500          1        388    1502.43 3.9320e+01  48932.995     16.127 1621986997      -0.07      0.397   40.70074  -71.78753 0.0000e+00
      4.960    14.8960    31.5788  1023.3804     2.5915     5.9783    102.620   -0.00001    5.82569    5.82046      8.047     0.1883   10.62691   3.904805 1.5412e+01    23.3582    23.3581 5.7835e+00      5.000          1        418    1502.44 3.7528e+01  48932.945     17.356 1621986999       0.10      0.360   40.70074  -71.78752 0.0000e+00
      5.456    14.8960    31.5788  1023.3826     2.5915     5.9798    102.646    0.00018    5.82563    5.82040      8.047     0.1972   10.62681   3.904822 1.4371e+01    23.3582    23.3580 5.5911e+00      5.500          1        459    1502.45 3.8924e+01  48933.185     19.063 1621987000      -0.06      0.294   40.70076  -71.78751 0.0000e+00
      5.949    14.8963    31.5788  1023.3848     2.5919     5.9810    102.668    0.00018    5.82560    5.82037      8.047     0.1936   10.62677   3.904885 1.3247e+01    23.3582    23.3580 5.2333e+00      6.000          1        497    1502.46 3.9504e+01  48933.447     20.649 1621987002       0.40      0.221   40.70077  -71.78750 0.0000e+00
      6.457    14.8969    31.5787  1023.3868     2.5923     5.9825    102.698    0.00029    5.82530    5.82007      8.047     0.1914   10.62627   3.904940 1.1946e+01    23.3579    23.3577 4.5155e+00      6.500          1        514    1502.47 3.7601e+01  48933.417     21.364 1621987003       0.35      0.539   40.70078  -71.78750 0.0000e+00
      6.945    14.8963    31.5789  1023.3893     2.5919     5.9803    102.667   -0.00003    5.82494    5.81970      8.047     0.1887   10.62567   3.904926 1.1317e+01    23.3583    23.3581 4.2866e+00      7.000          1        553    1502.48 3.7520e+01  48934.035     22.989 1621987004      -0.22      0.383   40.70078  -71.78749 0.0000e+00
      7.433    14.9006    31.5785  1023.3903     2.5913     5.9739    102.560   -0.00122    5.82481    5.81957      8.047     0.1886   10.62545   3.905341 1.0574e+01    23.3571    23.3569 3.9666e+00      7.500          1        591    1502.50 3.7520e+01  48933.395     24.567 1621987006       0.31      0.218   40.70078  -71.78748 0.0000e+00
      7.950    14.9023    31.5784  1023.3922     2.5914     5.9791    102.649   -0.00002    5.82480    5.81957      8.047     0.1771   10.62545   3.905474 1.0141e+01    23.3567    23.3564 3.8159e+00      8.000          1        607    1502.51 3.7637e+01  48933.287     25.263 1621987007       0.37      0.521   40.70080  -71.78748 0.0000e+00
      8.425    14.9042    31.5783  1023.3938     2.5891     5.9733    102.426   -0.00210    5.83181    5.82665      8.047     0.1579   10.63700   3.905663 9.3837e+00    23.3562    23.3560 3.5769e+00      8.500          1        667    1502.53 3.8122e+01  48933.277     27.770 1621987009       0.21      0.145   40.70080  -71.78744 0.0000e+00
      8.929    14.9031    31.5785  1023.3965     2.5891     5.9665    102.384   -0.00265    5.82754    5.82233      8.047     0.1997   10.62998   3.905557 8.7524e+00    23.3566    23.3563 3.2828e+00      9.000          1        688    1502.53 3.7509e+01  48933.903     28.608 1621987010       0.71      0.369   40.70080  -71.78744 0.0000e+00
      9.439    14.8575    31.5797  1023.4093     2.5920     5.9995    102.760    0.00058    5.83832    5.83322      8.048     0.2064   10.64784   3.900621 8.1145e+00    23.3672    23.3669 3.0446e+00      9.500          1        701    1502.39 3.7520e+01  48940.392     29.181 1621987010       0.44      0.723   40.70082  -71.78744 0.0000e+00
      9.920    14.8154    31.5849  1023.4245     2.5747     6.0505    101.316   -0.01058    5.97203    5.96846      8.052     0.2084   10.86865   3.897943 7.6124e+00    23.3802    23.3799 2.8635e+00     10.000          1        746    1502.27 3.7520e+01  48952.227     31.035 1621987012      -0.18      0.385   40.70083  -71.78742 0.0000e+00
     10.413    14.3543    31.6080  1023.5406     2.5750     6.0781    101.778   -0.00436    5.97193    5.96836      8.052     0.2188   10.86842   3.848184 7.0030e+00    23.4940    23.4937 2.6273e+00     10.500          1        786    1500.82 3.7520e+01  49032.664     32.694 1621987014       0.47      0.218   40.70084  -71.78742 0.0000e+00
     10.928    13.4639    31.7239  1023.8136     2.5997     6.3633    105.061    0.02195    6.05579    6.05324      8.053     0.2091   11.00670   3.786118 6.9987e+00    23.7645    23.7642 2.5089e+00     11.000          1        803    1498.04 3.5964e+01  49298.484     33.396 1621987015       0.32      0.564   40.70084  -71.78742 0.0000e+00
     11.394    13.3924    31.7041  1023.8149     2.5420     5.9471     97.764   -0.03898    6.08308    6.08086      8.049     0.2098   11.05151   3.772353 6.4225e+00    23.7637    23.7634 2.4092e+00     11.500          1        873    1497.79 3.7513e+01  49277.331     36.322 1621987018       0.78      0.056   40.70086  -71.78740 0.0000e+00
     11.906    12.1933    31.8646  1024.1712     2.5717     6.2171    101.471   -0.00943    6.12665    6.12498      8.052     0.2193   11.12324   3.666546 6.0341e+00    24.1175    24.1172 2.2640e+00     12.000          1        883    1493.92 3.7520e+01  49663.826     36.740 1621987018       1.02      0.436   40.70086  -71.78739 0.0000e+00
     12.422    11.1057    32.0973  1024.5536     2.6011     6.5188    105.686    0.02604    6.16771    6.16655      8.053     0.2178   11.19099   3.608771 5.6256e+00    24.4972    24.4970 2.1107e+00     12.500          1        893    1490.45 3.7520e+01  50157.119     37.149 1621987018       0.87      0.834   40.70086  -71.78738 0.0000e+00
     12.920    10.8629    32.1101  1024.6088     2.6062     6.7437    107.172    0.03745    6.29165    6.29216      8.055     0.2079   11.39442   3.591432 5.1623e+00    24.5501    24.5498 1.9369e+00     13.000          1        925    1489.62 3.7520e+01  50212.082     38.494 1621987020       0.35      0.842   40.70087  -71.78737 0.0000e+00
     13.410    10.6965    32.1154  1024.6440     2.5857     6.5278    103.898    0.00984    6.28323    6.28362      8.050     0.1935   11.38067   3.581613 5.0203e+00    24.5831    24.5828 1.7761e+00     13.500          1       1103    1489.04 3.7520e+01  50247.789     45.934 1621987027       0.49      0.486   40.70091  -71.78731 0.0000e+00
     13.886    10.5326    32.0826  1024.6488     2.5713     6.5361    102.399   -0.00220    6.38291    6.38462      8.044     0.1952   11.54511   3.567987 5.0558e+00    24.5856    24.5853 1.4368e+00     14.000          1       1594    1488.43 -9.990e-29  50229.858     66.395 1621987048       0.38      0.231   40.70102  -71.78716 0.0000e+00
     14.395    10.3986    32.0973  1024.6853     2.5712     6.5760    102.651    0.00040    6.40621    6.40824      8.045     0.2096   11.58344   3.558239 4.1396e+00    24.6198    24.6195 1.3458e+00     14.500          1       1617    1487.97 3.3299e+01  50274.574     67.335 1621987048       0.20      0.428   40.70102  -71.78714 0.0000e+00
     14.882    10.2776    32.1090  1024.7171     2.5638     6.5743    102.017   -0.00365    6.44434    6.44691      8.046     0.2094   11.64627   3.548004 3.7368e+00    24.6493    24.6490 1.2986e+00     15.000          1       1675    1487.56 3.4775e+01  50312.594     69.734 1621987051       0.42      0.139   40.70103  -71.78713 0.0000e+00
     15.381    10.1111    32.1289  1024.7628     2.5598     6.5945    101.976   -0.00231    6.46676    6.46963      8.044     0.2126   11.68318   3.535778 3.3744e+00    24.6927    24.6924 1.1963e+00     15.500          1       1706    1486.99 3.5463e+01  50371.146     71.041 1621987052      -0.04      0.387   40.70104  -71.78711 0.0000e+00
     15.874     9.9269    32.1415  1024.8054     2.5541     6.5951    101.611   -0.00386    6.49059    6.49381      8.044     0.2369   11.72238   3.519919 3.2059e+00    24.7330    24.7327 1.1396e+00     16.000          1       1745    1486.35 3.5545e+01  50423.037     72.646 1621987054       0.18      0.230   40.70104  -71.78710 0.0000e+00
     16.374     9.7731    32.1587  1024.8463     2.5506     6.5998    101.526   -0.00308    6.50054    6.50392      8.044     0.2121   11.73861   3.508467 3.0954e+00    24.7715    24.7712 1.0605e+00     16.500          1       1772    1485.82 3.4271e+01  50476.521     73.776 1621987055       0.04      0.442   40.70105  -71.78709 0.0000e+00
     16.864     9.6296    32.1707  1024.8812     2.5491     6.6084    101.565   -0.00191    6.50653    6.51001      8.044     0.2176   11.74823   3.497029 2.8203e+00    24.8042    24.8039 9.9820e-01     17.000          1       1804    1485.32 3.5404e+01  50521.339     75.105 1621987056      -0.01      0.353   40.70106  -71.78708 0.0000e+00
     17.369     9.5292    32.1912  1024.9157     2.5496     6.6316    101.784    0.00005    6.51532    6.51894      8.044     0.2084   11.76249   3.490493 2.6171e+00    24.8363    24.8360 9.2986e-01     17.500          1       1828    1484.99 3.5532e+01  50570.052     76.123 1621987057       0.08      0.458   40.70106  -71.78708 0.0000e+00
     17.857     9.4549    32.2212  1024.9533     2.5466     6.6311    101.523   -0.00165    6.53164    6.53553      8.048     0.2262   11.78896   3.487334 2.5138e+00    24.8717    24.8714 8.6170e-01     18.000          1       1872    1484.76 3.4305e+01  50627.265     77.939 1621987059      -0.15      0.284   40.70107  -71.78706 0.0000e+00
     18.358     9.3538    32.2597  1025.0018     2.5475     6.6702    101.786    0.00027    6.55322    6.55743      8.050     0.2331   11.82433   3.482059 2.2905e+00    24.9178    24.9175 8.1025e-01     18.500          1       1906    1484.44 3.5388e+01  50702.279     79.383 1621987061       0.11      0.334   40.70108  -71.78704 0.0000e+00
     18.850     9.2581    32.2917  1025.0443     2.5467     6.6791    101.757    0.00008    6.56379    6.56819      8.050     0.2522   11.84121   3.476828 2.4092e+00    24.9580    24.9577 7.4242e-01     19.000          1       1942    1484.14 3.0930e+01  50767.081     80.858 1621987062      -0.05      0.350   40.70108  -71.78703 0.0000e+00
     19.344     9.1691    32.3095  1025.0744     2.5492     6.6729    101.862    0.00010    6.55086    6.55511      8.050     0.2515   11.81954   3.470250 2.4417e+00    24.9859    24.9855 6.8634e-01     19.500          1       1969    1483.84 2.8122e+01  50810.461     82.004 1621987063       0.13      0.375   40.70109  -71.78702 0.0000e+00
     19.852     9.0209    32.3379  1025.1222     2.5552     6.7595    102.638    0.00465    6.58561    6.59039      8.053     0.2558   11.87644   3.460272 2.3247e+00    25.0312    25.0309 6.4554e-01     20.000          1       1990    1483.33 2.7778e+01  50881.606     82.876 1621987064       0.13      0.518   40.70110  -71.78702 0.0000e+00
     20.332     9.0682    32.3932  1025.1603     2.5466     6.7332    101.478   -0.00452    6.63509    6.64059      8.057     0.3018   11.95800   3.471004 1.7322e+00    25.0672    25.0668 5.9846e-01     20.500          1       2037    1483.59 3.4283e+01  50950.340     84.835 1621987066      -0.17      0.235   40.70110  -71.78700 0.0000e+00
     20.834     8.9087    32.4402  1025.2241     2.5413     6.6888    100.935   -0.00746    6.62689    6.63227      8.053     0.2952   11.94455   3.457384 1.6752e+00    25.1286    25.1283 5.6238e-01     21.000          1       2060    1483.06 3.3571e+01  51050.720     85.774 1621987067       0.47      0.308   40.70110  -71.78699 0.0000e+00
     21.344     8.6262    32.4634  1025.2878     2.5416     6.7296    101.344   -0.00340    6.64028    6.64585      8.053     0.2953   11.96663   3.436270 1.5360e+00    25.1899    25.1896 5.1562e-01     21.500          1       2075    1482.05 3.3571e+01  51144.701     86.408 1621987068       0.41      0.618   40.70110  -71.78698 0.0000e+00
     21.827     8.5345    32.4621  1025.3030     2.5375     6.7359    101.282   -0.00226    6.65064    6.65641      8.050     0.2745   11.98324   3.429682 1.3756e+00    25.2027    25.2024 4.6819e-01     22.000          1       2117    1481.71 3.4056e+01  51162.970     88.146 1621987069      -0.19      0.357   40.70112  -71.78697 0.0000e+00
     22.321     8.4141    32.4647  1025.3253     2.5359     6.6961    101.167   -0.00223    6.61893    6.62431      8.049     0.2669   11.92995   3.418129 1.3101e+00    25.2227    25.2224 4.3961e-01     22.500          1       2153    1481.27 3.3557e+01  51193.544     89.650 1621987071       0.35      0.265   40.70113  -71.78696 0.0000e+00
     22.824     8.3011    32.4804  1025.3568     2.5401     6.7279    101.778    0.00231    6.61039    6.61567      8.054     0.2557   11.91568   3.411454 1.2200e+00    25.2519    25.2515 4.0957e-01     23.000          1       2171    1480.87 3.3571e+01  51241.810     90.426 1621987072       0.24      0.530   40.70114  -71.78696 0.0000e+00
     23.320     8.3943    32.5112  1025.3693     2.5446     6.7468    102.211    0.00479    6.60091    6.60608      8.060     0.2286   11.89975   3.423646 1.1016e+00    25.2622    25.2618 3.6982e-01     23.500          1       2194    1481.27 3.3571e+01  51264.499     91.356 1621987073      -0.05      0.593   40.70114  -71.78694 0.0000e+00
     23.814     8.5625    32.5699  1025.3923     2.5497     6.7621    102.422    0.00422    6.60223    6.60744      8.061     0.1910   11.90172   3.444774 9.9436e-01    25.2830    25.2826 3.3382e-01     24.000          1       2226    1481.98 3.3571e+01  51311.270     92.699 1621987074      -0.13      0.422   40.70114  -71.78694 0.0000e+00
     24.306     8.6861    32.6085  1025.4060     2.5506     6.7486    102.166    0.00080    6.60548    6.61074      8.059     0.2334   11.90689   3.458956 9.2106e-01    25.2946    25.2942 3.0920e-01     24.500          1       2264    1482.50 3.3571e+01  51339.112     94.304 1621987076       0.01      0.296   40.70116  -71.78692 0.0000e+00
