CalculateIndicators/WaterTemperature/Data/CTD_NYOS/20210524_C22.cnv
* Sea-Bird SBE 9 Data File:
* FileName = C:\Seabird 9 CTD\Data\2021\202105_offshore\20210524_C22.hex
* Software Version Seasave V 7.23.2
* Temperature SN = 4590
* Conductivity SN = 3228
* Number of Bytes Per Scan = 44
* Number of Voltage Words = 5
* Number of Scans Averaged by the Deck Unit = 1
* NMEA Latitude = 40 05.66 N
* NMEA Longitude = 072 36.86 W
* NMEA UTC (Time) = May 24 2021  04:44:36
* NMEA baud rate = 4800
** Ship: seawolf
** Station: 4.3
** Operator: sjw
# nquan = 31
# nvalues = 205                         
# units = specified
# name 0 = depSM: Depth [salt water, m]
# name 1 = t090C: Temperature [ITS-90, deg C]
# name 2 = sal00: Salinity, Practical [PSU]
# name 3 = density00: Density [density, kg/m^3]
# name 4 = sbeox0V: Oxygen raw, SBE 43 [V]
# name 5 = sbeox0ML/L: Oxygen, SBE 43 [ml/l]
# name 6 = sbeox0PS: Oxygen, SBE 43 [% saturation]
# name 7 = sbox0dV/dT: Oxygen, SBE 43 [dov/dt]
# name 8 = oxsolML/L: Oxygen Saturation, Garcia & Gordon [ml/l]
# name 9 = oxsatML/L: Oxygen Saturation, Weiss [ml/l]
# name 10 = ph: pH
# name 11 = flECO-AFL: Fluorescence, WET Labs ECO-AFL/FL [mg/m^3]
# name 12 = n2satML/L: Nitrogen Saturation [ml/l]
# name 13 = c0S/m: Conductivity [S/m]
# name 14 = cpar: CPAR/Corrected Irradiance [%]
# name 15 = sigma-é00: Density [sigma-theta, kg/m^3]
# name 16 = sigma-t00: Density [sigma-t, kg/m^3 ]
# name 17 = par: PAR/Irradiance, Biospherical/Licor
# name 18 = prDM: Pressure, Digiquartz [db]
# name 19 = pumps: Pump Status
# name 20 = scan: Scan Count
# name 21 = svCM: Sound Velocity [Chen-Millero, m/s]
# name 22 = spar: SPAR, Biospherical/Licor
# name 23 = specc: Specific Conductance [uS/cm]
# name 24 = timeS: Time, Elapsed [seconds]
# name 25 = timeY: Time, System [seconds]
# name 26 = accM: Acceleration [m/s^2]
# name 27 = dz/dtM: Descent Rate [m/s]
# name 28 = latitude: Latitude [deg]
# name 29 = longitude: Longitude [deg]
# name 30 = flag: flag
# span 0 =      1.460,     52.594       
# span 1 =     7.0976,    15.4319       
# span 2 =    31.3092,    33.8146       
# span 3 =  1023.0466,  1026.3369       
# span 4 =     1.9632,     3.1507       
# span 5 =     4.9030,     7.7561       
# span 6 =     73.417,    134.958       
# span 7 =   -0.22902,    0.08972       
# span 8 =    5.74286,    6.82531       
# span 9 =    5.73713,    6.83425       
# span 10 =      7.857,      8.060      
# span 11 =     0.0672,     0.8972      
# span 12 =   10.48209,   12.26580      
# span 13 =   3.356531,   4.026783      
# span 14 = -1.847e+04, 1.0300e+05      
# span 15 =    23.0355,    26.0950      
# span 16 =    23.0354,    26.0943      
# span 17 = -2.929e-02, 4.9509e-02      
# span 18 =      1.500,     53.000      
# span 19 =          1,          1      
# span 20 =        168,      11162      
# span 21 =    1477.21,    1504.84      
# span 22 = -5.922e-02, 2.3394e+00      
# span 23 =  48505.153,  52772.539      
# span 24 =      6.971,    465.053      
# span 25 = 1621831481, 1621831939      
# span 26 =      -0.98,       0.54      
# span 27 =     -1.208,      1.078      
# span 28 =   40.09287,   40.09434      
# span 29 =  -72.61784,  -72.61452      
# span 30 = 0.0000e+00, 0.0000e+00      
# interval = decibars: 0.5              
# start_time = May 24 2021 04:44:34 [System UTC, first data scan.]
# bad_flag = -9.990e-29
*END*
[from data line 94]
     49.116     7.6392    33.3876  1026.2866     2.0133     5.0720     75.529   -0.00462    6.71521    6.72293      7.882     0.0929   12.07892   3.441202 5.0640e-11    26.0605    26.0598 1.0000e-12     49.500          1       2802    1479.92 1.9747e+00  52706.215    116.696 1621831591      -0.01      0.610   40.09396  -72.61528 0.0000e+00
     49.616     7.6567    33.3958  1026.2928     2.0091     5.0593     75.403   -0.00382    6.70965    6.71731      7.881     0.0985   12.06955   3.443587 5.0640e-11    26.0644    26.0638 1.0000e-12     50.000          1       2827    1480.00 1.9747e+00  52713.848    117.760 1621831592      -0.12      0.540   40.09396  -72.61529 0.0000e+00
     50.096     7.6895    33.4110  1026.3023     2.0017     5.0276     75.019   -0.00397    6.70178    6.70935      7.875     0.0697   12.05631   3.448036 6.3332e+04    26.0717    26.0710 1.0000e-12     50.500          1       2872    1480.15 7.2406e-01  52727.577    119.632 1621831594      -0.11      0.220   40.09394  -72.61532 0.0000e+00
     50.591     7.7101    33.4220  1026.3102     1.9969     5.0072     74.708   -0.00476    6.70239    6.70996      7.875     0.0809   12.05731   3.450960 1.0138e+05    26.0774    26.0767 1.0000e-12     51.000          1       2892    1480.25 -2.721e-02  52738.450    120.448 1621831594       0.38      0.343   40.09394  -72.61532 0.0000e+00
     51.105     7.7279    33.4312  1026.3172     1.9934     4.9893     74.443   -0.00570    6.70213    6.70970      7.875     0.0675   12.05688   3.453638 9.9999e+04    26.0821    26.0814 1.0000e-12     51.500          1       2904    1480.34 0.0000e+00  52747.448    120.962 1621831595       0.52      0.597   40.09394  -72.61532 0.0000e+00
     51.606     7.7511    33.4407  1026.3236     1.9891     4.9705     74.164   -0.00638    6.70210    6.70967      7.874     0.0678   12.05682   3.456421 9.9999e+04    26.0862    26.0855 1.0000e-12     52.000          1       2919    1480.45 0.0000e+00  52755.501    121.586 1621831596       0.20      0.827   40.09394  -72.61533 0.0000e+00
     52.097     7.7681    33.4483  1026.3294     1.9783     4.9517     73.868   -0.00384    6.70348    6.71107      7.871     0.0706   12.05915   3.458368 6.1096e+04    26.0897    26.0890 1.0000e-12     52.500          1       3046    1480.53 7.6822e-01  52762.367    126.883 1621831601      -0.14      0.390   40.09393  -72.61537 0.0000e+00
     52.594     7.7896    33.4589  1026.3369     1.9632     4.9209     73.417   -0.00071    6.70261    6.71018      7.859     0.0712   12.05768   3.460950 -1.847e+04    26.0950    26.0943 1.0000e-12     53.000          1       4374    1480.63 2.3394e+00  52772.539    182.209 1621831656      -0.18      0.203   40.09375  -72.61579 0.0000e+00
     52.096     7.7807    33.4543  1026.3323     1.9668     4.9338     73.612   -0.00056    6.70240    6.70997      7.862     0.0800   12.05733   3.459627 5.0640e-11    26.0926    26.0919 1.0000e-12     52.500          1       4197    1480.59 1.9747e+00  52767.794    174.823 1621831649      -0.41     -0.239   40.09378  -72.61574 0.0000e+00
     51.588     7.7698    33.4492  1026.3275     1.9670     4.9374     73.686    0.00012    6.70052    6.70807      7.861     0.0813   12.05417   3.458124 5.0640e-11    26.0902    26.0894 1.0000e-12     52.000          1       4213    1480.53 1.9747e+00  52762.841    175.492 1621831649      -0.27     -0.510   40.09378  -72.61574 0.0000e+00
     51.100     7.7561    33.4434  1026.3227     1.9708     4.9618     73.965    0.00109    6.70830    6.71594      7.857     0.0858   12.06727   3.456373 5.0640e-11    26.0877    26.0869 1.0000e-12     51.500          1       4412    1480.46 1.9747e+00  52757.798    183.800 1621831658       0.04     -0.227   40.09374  -72.61581 0.0000e+00
     50.596     7.7423    33.4371  1026.3174     1.9732     4.9760     74.114    0.00140    6.71395    6.72166 -9.990e-29     0.0878   12.07679   3.454380 5.0640e-11    26.0846    26.0839 1.0000e-12     51.000          1       4474    1480.40 1.9747e+00  52751.852    186.358 1621831660      -0.19     -0.360   40.09374  -72.61582 0.0000e+00
     50.115     7.7157    33.4247  1026.3093     1.9774     4.9988     74.366    0.00195    6.72195    6.72976 -9.990e-29     0.0672   12.09028   3.450873 5.0640e-11    26.0787    26.0780 1.0000e-12     50.500          1       4528    1480.27 1.9747e+00  52740.561    188.633 1621831663       0.15     -0.210   40.09372  -72.61584 0.0000e+00
     49.610     7.6958    33.4157  1026.3028     1.9801     5.0126     74.534    0.00237    6.72529    6.73314 -9.990e-29     0.0741   12.09592   3.448048 5.0640e-11    26.0745    26.0738 1.0000e-12     50.000          1       4551    1480.17 1.9747e+00  52732.400    189.573 1621831664      -0.36     -0.366   40.09372  -72.61585 0.0000e+00
     49.116     7.6767    33.4051  1026.2950     1.9834     5.0322     74.782    0.00320    6.72919    6.73709 -9.990e-29     0.0821   12.10249   3.445369 5.0640e-11    26.0689    26.0682 1.0000e-12     49.500          1       4571    1480.08 1.9747e+00  52721.771    190.418 1621831664      -0.11     -0.578   40.09372  -72.61586 0.0000e+00
     48.628     7.6610    33.3983  1026.2896     1.9870     5.0517     75.056    0.00421    6.73056    6.73847 -9.990e-29     0.0819   12.10478   3.443234 5.0640e-11    26.0657    26.0651 1.0000e-12     49.000          1       4589    1480.01 1.9747e+00  52715.686    191.165 1621831665      -0.04     -0.606   40.09372  -72.61586 0.0000e+00
     48.128     7.6519    33.3933  1026.2847     1.9888     5.0587     75.165    0.00440    6.73010    6.73801 -9.990e-29     0.1087   12.10401   3.442028 5.0640e-11    26.0631    26.0624 1.0000e-12     48.500          1       4602    1479.95 1.9747e+00  52710.483    191.711 1621831666      -0.22     -0.677   40.09372  -72.61586 0.0000e+00
     47.622     7.6420    33.3884  1026.2800     1.9917     5.0676     75.301    0.00433    6.72991    6.73781 -9.990e-29     0.1225   12.10368   3.440542 5.0640e-11    26.0607    26.0600 1.0000e-12     48.000          1       4614    1479.90 1.9747e+00  52705.659    192.199 1621831666      -0.31     -0.820   40.09372  -72.61586 0.0000e+00
     47.115     7.6281    33.3816  1026.2743     1.9948     5.0819     75.506    0.00484    6.73039    6.73831      7.868     0.0933   12.10451   3.438638 5.0640e-11    26.0573    26.0567 1.0000e-12     47.500          1       4627    1479.83 1.9747e+00  52699.109    192.768 1621831667      -0.10     -0.944   40.09372  -72.61587 0.0000e+00
     46.633     7.6008    33.3700  1026.2668     2.0039     5.1023     75.717    0.00240    6.73868    6.74669      7.870     0.0835   12.11847   3.435314 5.0640e-11    26.0521    26.0514 1.0000e-12     47.000          1       4705    1479.71 1.9747e+00  52689.144    195.983 1621831670      -0.03     -0.192   40.09371  -72.61590 0.0000e+00
     46.151     7.5932    33.3660  1026.2625     2.0052     5.1100     75.598    0.00038    6.75947    6.76774      7.878     0.0960   12.15344   3.434130 -9.990e-29    26.0500    26.0494 1.0000e-12     46.500          1       4765    1479.66 -9.990e-29  52685.105    198.515 1621831672      -0.78     -0.193   40.09370  -72.61590 0.0000e+00
     45.642     7.5817    33.3604  1026.2574     2.0065     5.1186     75.704    0.00078    6.76132    6.76961      7.880     0.1186   12.15653   3.432540 -9.990e-29    26.0472    26.0466 1.0000e-12     46.000          1       4774    1479.60 -9.990e-29  52679.564    198.879 1621831673      -0.82     -0.637   40.09370  -72.61591 0.0000e+00
     45.136     7.5691    33.3551  1026.2527     2.0090     5.1384     75.944    0.00192    6.76606    6.77442      7.882     0.1188   12.16449   3.430857 -9.990e-29    26.0448    26.0442 1.0000e-12     45.500          1       4785    1479.54 -9.990e-29  52674.882    199.346 1621831673      -0.48     -0.889   40.09370  -72.61592 0.0000e+00
     44.639     7.5310    33.3398  1026.2439     2.0145     5.1775     76.485    0.00466    6.76929    6.77769      7.883     0.1544   12.16997   3.425455 9.9999e+04    26.0382    26.0376 1.0000e-12     45.000          1       4800    1479.37 0.0000e+00  52662.530    199.956 1621831674       0.05     -1.013   40.09370  -72.61592 0.0000e+00
     44.150     7.4592    33.3086  1026.2273     2.0281     5.2655     77.729    0.01047    6.77419    6.78263      7.886     0.1642   12.17836   3.416308 9.9999e+04    26.0238    26.0232 1.0000e-12     44.500          1       4825    1479.04 0.0000e+00  52635.990    201.019 1621831675       0.37     -0.673   40.09369  -72.61592 0.0000e+00
     43.658     7.3882    33.2768  1026.2100     2.0524     5.3857     79.264    0.01359    6.79457    6.80324      7.894     0.4000   12.21285   3.407149 3.4806e+04    26.0087    26.0081 1.0000e-12     44.000          1       4868    1478.72 1.2874e+00  52608.569    202.794 1621831677       0.10     -0.299   40.09368  -72.61595 0.0000e+00
     43.164     7.3302    33.2338  1026.1820     2.0808     5.5023     80.886    0.01565    6.80249    6.81125      7.902     0.7534   12.22625   3.397557 -8.012e+02    25.9829    25.9823 1.0000e-12     43.500          1       4909    1478.44 1.9905e+00  52561.790    204.497 1621831678      -0.13     -0.260   40.09368  -72.61596 0.0000e+00
     42.665     7.2346    33.1780  1026.1492     2.1131     5.6626     83.125    0.02209    6.81218    6.82104      7.906     0.8275   12.24279   3.384145 5.0640e-11    25.9522    25.9517 1.0000e-12     43.000          1       4943    1477.99 1.9747e+00  52506.753    205.911 1621831680       0.05     -0.363   40.09368  -72.61596 0.0000e+00
     42.179     7.2012    33.1582  1026.1359     2.1382     5.7296     83.973    0.01798    6.82312    6.83207      7.910     0.8897   12.26162   3.379616 5.0640e-11    25.9412    25.9407 1.0000e-12     42.500          1       4978    1477.83 1.9747e+00  52486.874    207.376 1621831681      -0.12     -0.264   40.09368  -72.61598 0.0000e+00
     41.674     7.1801    33.1442  1026.1255     2.1468     5.7387     84.080    0.01478    6.82531    6.83425      7.917     0.5657   12.26580   3.376173 5.0640e-11    25.9331    25.9325 1.0000e-12     42.000          1       4994    1477.72 1.9747e+00  52471.991    208.046 1621831682      -0.39     -0.473   40.09368  -72.61598 0.0000e+00
     41.176     7.1538    33.1191  1026.1071     2.1557     5.7561     84.373    0.01333    6.82227    6.83113      7.922     0.4966   12.26109   3.371492 5.0640e-11    25.9169    25.9164 1.0000e-12     41.500          1       5010    1477.58 1.9747e+00  52442.781    208.728 1621831683      -0.20     -0.687   40.09367  -72.61598 0.0000e+00
     40.683     7.1299    33.0942  1026.0885     2.1691     5.8088     85.140    0.01438    6.82264    6.83151      7.927     0.4699   12.26168   3.367273 2.8902e+04    25.9006    25.9001 1.0000e-12     41.000          1       5028    1477.45 1.4040e+00  52413.202    209.446 1621831683       0.03     -0.726   40.09366  -72.61598 0.0000e+00
     40.182     7.1065    33.0643  1026.0659     2.1870     5.9026     86.518    0.01932    6.82245    6.83130      7.930     0.4932   12.26138   3.361989 9.7861e+04    25.8802    25.8797 1.0000e-12     40.500          1       5044    1477.31 4.2225e-02  52376.428    210.145 1621831684       0.01     -0.705   40.09366  -72.61600 0.0000e+00
     39.683     7.1021    33.0033  1026.0162     2.2213     6.0344     88.637    0.02399    6.80815    6.81674      7.937     0.3641   12.23831   3.356719 9.9999e+04    25.8328    25.8323 1.0000e-12     40.000          1       5077    1477.21 0.0000e+00  52290.082    211.513 1621831685       0.04     -0.517   40.09366  -72.61602 0.0000e+00
     39.201     7.1487    32.9536  1025.9684     2.2679     6.0781     89.974    0.01541    6.75536    6.76307      7.954     0.2874   12.15200   3.356859 9.9999e+04    25.7873    25.7869 1.0000e-12     39.500          1       5137    1477.32 0.0000e+00  52206.567    214.012 1621831688      -0.53     -0.168   40.09366  -72.61602 0.0000e+00
     38.699     7.1984    32.9274  1025.9387     2.2798     6.0992     90.588    0.01615    6.73296    6.74031      7.958     0.2849   12.11506   3.358870 9.9999e+04    25.7599    25.7594 1.0000e-12     39.000          1       5151    1477.47 0.0000e+00  52155.787    214.589 1621831689      -0.52     -0.525   40.09366  -72.61602 0.0000e+00
     38.200     7.2346    32.9017  1025.9111     2.2933     6.1523     91.516    0.01910    6.72259    6.72979      7.960     0.2963   12.09789   3.359695 9.9999e+04    25.7347    25.7342 1.0000e-12     38.500          1       5165    1477.57 0.0000e+00  52108.920    215.166 1621831689      -0.28     -0.759   40.09364  -72.61602 0.0000e+00
     37.703     7.2837    32.8759  1025.8818     2.3091     6.2275     92.666    0.02304    6.72041    6.72758      7.965     0.3101   12.09429   3.362916 9.9999e+04    25.7077    25.7072 1.0000e-12     38.000          1       5179    1477.72 0.0000e+00  52060.060    215.764 1621831690      -0.06     -0.847   40.09364  -72.61603 0.0000e+00
     37.206     7.4675    32.8721  1025.8509     2.3265     6.3029     93.774    0.02556    6.72140    6.72859      7.967     0.3510   12.09589   3.379165 9.9999e+04    25.6793    25.6788 1.0000e-12     37.500          1       5195    1478.42 0.0000e+00  52007.122    216.403 1621831690       0.06     -0.838   40.09364  -72.61604 0.0000e+00
     36.707     7.6284    32.8599  1025.8163     2.3442     6.3713     94.727    0.02623    6.72596    6.73323      7.970     0.3307   12.10339   3.392765 9.9999e+04    25.6471    25.6466 1.0000e-12     37.000          1       5212    1479.01 0.0000e+00  51950.009    217.144 1621831691       0.12     -0.769   40.09364  -72.61606 0.0000e+00
     36.211     7.8031    32.8598  1025.7889     2.3740     6.3819     94.843    0.01204    6.72895    6.73622      7.970     0.2920   12.10878   3.406904 9.9999e+04    25.6222    25.6217 1.0000e-12     36.500          1       5290    1479.67 0.0000e+00  51906.195    220.383 1621831694      -0.11     -0.408   40.09364  -72.61607 0.0000e+00
     35.722     7.7967    32.8602  1025.7879     2.3862     6.3554     94.444    0.00165    6.72927    6.73648 -9.990e-29     0.2516   12.10991   3.405339 9.9999e+04    25.6234    25.6229 1.0000e-12     36.000          1       5356    1479.64 0.0000e+00  51908.318    223.128 1621831697      -0.35     -0.459   40.09364  -72.61610 0.0000e+00
     35.226     7.7606    32.8498  1025.7827     2.3879     6.3557     94.463    0.00096    6.72825    6.73546 -9.990e-29     0.2583   12.10814   3.400923 9.9999e+04    25.6204    25.6199 1.0000e-12     35.500          1       5375    1479.48 0.0000e+00  51901.950    223.915 1621831698      -0.09     -0.634   40.09363  -72.61610 0.0000e+00
     34.730     7.7507    32.8353  1025.7704     2.3905     6.3726     94.721    0.00227    6.72776    6.73499 -9.990e-29     0.2828   12.10708   3.399090 9.9999e+04    25.6104    25.6100 1.0000e-12     35.000          1       5393    1479.42 0.0000e+00  51883.389    224.680 1621831699      -0.00     -0.636   40.09362  -72.61611 0.0000e+00
     34.215     7.7794    32.7989  1025.7353     2.3965     6.3943     95.066    0.00288    6.72613    6.73332      7.974     0.2768   12.10450   3.397814 9.9999e+04    25.5778    25.5773 1.0000e-12     34.500          1       5713    1479.47 0.0000e+00  51824.191    238.009 1621831712      -0.12     -0.653   40.09358  -72.61621 0.0000e+00
     33.727     7.7954    32.7612  1025.7012     2.4074     6.4063     95.448    0.00167    6.71177    6.71867      7.974     0.2938   12.08171   3.395593 1.3370e+04    25.5458    25.5454 1.0000e-12     34.000          1       6583    1479.48 1.7107e+00  51766.318    274.239 1621831748       0.10     -0.686   40.09348  -72.61647 0.0000e+00
