CalculateIndicators/WaterTemperature/Data/CTD_NYOS/20210523_C20.cnv
* Sea-Bird SBE 9 Data File:
* FileName = C:\Seabird 9 CTD\Data\2021\202105_offshore\20210523_C20.hex
* Software Version Seasave V 7.23.2
* Temperature SN = 4590
* Conductivity SN = 3228
* Number of Bytes Per Scan = 44
* Number of Voltage Words = 5
* Number of Scans Averaged by the Deck Unit = 1
* NMEA Latitude = 39 31.55 N
* NMEA Longitude = 072 23.39 W
* NMEA UTC (Time) = May 23 2021  22:29:25
* NMEA baud rate = 4800
** Ship: seawolf
** Station: 4.5
** Operator: EIH
# nquan = 31
# nvalues = 1206                        
# units = specified
# name 0 = depSM: Depth [salt water, m]
# name 1 = t090C: Temperature [ITS-90, deg C]
# name 2 = sal00: Salinity, Practical [PSU]
# name 3 = density00: Density [density, kg/m^3]
# name 4 = sbeox0V: Oxygen raw, SBE 43 [V]
# name 5 = sbeox0ML/L: Oxygen, SBE 43 [ml/l]
# name 6 = sbeox0PS: Oxygen, SBE 43 [% saturation]
# name 7 = sbox0dV/dT: Oxygen, SBE 43 [dov/dt]
# name 8 = oxsolML/L: Oxygen Saturation, Garcia & Gordon [ml/l]
# name 9 = oxsatML/L: Oxygen Saturation, Weiss [ml/l]
# name 10 = ph: pH
# name 11 = flECO-AFL: Fluorescence, WET Labs ECO-AFL/FL [mg/m^3]
# name 12 = n2satML/L: Nitrogen Saturation [ml/l]
# name 13 = c0S/m: Conductivity [S/m]
# name 14 = cpar: CPAR/Corrected Irradiance [%]
# name 15 = sigma-é00: Density [sigma-theta, kg/m^3]
# name 16 = sigma-t00: Density [sigma-t, kg/m^3 ]
# name 17 = par: PAR/Irradiance, Biospherical/Licor
# name 18 = prDM: Pressure, Digiquartz [db]
# name 19 = pumps: Pump Status
# name 20 = scan: Scan Count
# name 21 = svCM: Sound Velocity [Chen-Millero, m/s]
# name 22 = spar: SPAR, Biospherical/Licor
# name 23 = specc: Specific Conductance [uS/cm]
# name 24 = timeS: Time, Elapsed [seconds]
# name 25 = timeY: Time, System [seconds]
# name 26 = accM: Acceleration [m/s^2]
# name 27 = dz/dtM: Descent Rate [m/s]
# name 28 = latitude: Latitude [deg]
# name 29 = longitude: Longitude [deg]
# name 30 = flag: flag
# span 0 =      1.954,    300.978       
# span 1 =    10.1322,    14.4340       
# span 2 =    32.1153,    35.7293       
# span 3 =  1023.8938,  1028.5780       
# span 4 =     1.4779,     3.2466       
# span 5 =     3.0876,     8.1956       
# span 6 =     50.188,    140.335       
# span 7 =   -0.19953,    0.08916       
# span 8 =    5.81680,    6.33869       
# span 9 =    5.81403,    6.34092       
# span 10 =      7.857,      8.136      
# span 11 =    -0.0967,     0.9345      
# span 12 =   10.56691,   11.45727      
# span 13 =   3.661857,   4.246085      
# span 14 = -4.553e-05, 2.2720e+01      
# span 15 =    23.8828,    27.2167      
# span 16 =    23.8827,    27.2105      
# span 17 = -5.901e-04, 2.1327e+02      
# span 18 =      2.000,    303.500      
# span 19 =          1,          1      
# span 20 =        108,      41207      
# span 21 =    1489.26,    1505.86      
# span 22 = 3.9749e+02, 1.4158e+03      
# span 23 =  49730.957,  55080.874      
# span 24 =      4.460,   1716.931      
# span 25 = 1621808968, 1621810681      
# span 26 =      -0.72,       0.61      
# span 27 =     -1.121,      1.128      
# span 28 =   39.52521,   39.52594      
# span 29 =  -72.38984,  -72.38290      
# span 30 = 0.0000e+00, 0.0000e+00      
# interval = decibars: 0.5              
# start_time = May 23 2021 22:29:23 [System UTC, first data scan.]
# bad_flag = -9.990e-29
*END*
      2.465    14.3678    32.1153  1023.8938     2.8831     6.9539    118.720    0.02696    5.85737    5.85298      8.081     0.0745   10.67022   3.917137 1.3540e+01    23.8828    23.8827 1.7870e+02      2.500          1        108    1501.33 1.3166e+03  49730.957      4.460 1621808968       0.44     -0.314   39.52594  -72.38984 0.0000e+00
      2.984    14.3644    32.4280  1024.1380     2.9212     7.0602    120.670    0.02833    5.85104    5.84666      8.081     0.0652   10.65818   3.951387 1.5700e+01    24.1247    24.1246 1.9294e+02      3.000          1        188    1501.69 1.2406e+03  50168.821      7.793 1621808971       0.37      0.243   39.52594  -72.38983 0.0000e+00
      3.474    14.3679    32.5845  1024.2603     3.0885     7.7169    132.071    0.07546    5.84299    5.83863 -9.990e-29     0.0977   10.64283   3.967990 1.8621e+01    24.2448    24.2447 2.1327e+02      3.500          1        402    1501.89 1.1642e+03  50385.363     16.700 1621808980       0.17      0.363   39.52592  -72.38979 0.0000e+00
      3.965    14.3891    32.6459  1024.3053     3.1877     8.0506    137.831    0.08916    5.84091    5.83652      8.083     0.0862   10.63961   3.976831 2.2720e+01    24.2876    24.2875 2.0123e+02      4.000          1        432    1502.04 8.8173e+02  50468.494     17.943 1621808981       0.01      0.454   39.52592  -72.38978 0.0000e+00
      4.468    14.4340    32.6709  1024.3175     3.2466     8.1956    140.335    0.08377    5.84005    5.83564      8.082     0.0735   10.63824   3.983725 1.9418e+01    24.2975    24.2974 2.0127e+02      4.500          1        451    1502.23 1.0691e+03  50498.145     18.769 1621808982       0.14      0.506   39.52592  -72.38978 0.0000e+00
      4.966    14.4050    32.7273  1024.3693     3.1978     7.8050    133.101    0.01203    5.86487    5.86089      8.084     0.0817   10.67674   3.986707 1.4259e+01    24.3471    24.3470 1.7999e+02      5.000          1        479    1502.20 1.2815e+03  50579.973     19.918 1621808983      -0.12      0.508   39.52592  -72.38978 0.0000e+00
      5.453    14.4109    32.7278  1024.3707     2.8612     6.0367    101.812   -0.19953    5.92861    5.92556      8.090     0.0878   10.77900   3.987316 1.5069e+01    24.3463    24.3462 1.3462e+02      5.500          1        525    1502.23 8.8509e+02  50580.103     21.818 1621808985       0.01      0.202   39.52592  -72.38978 0.0000e+00
      5.955    14.1226    32.9815  1024.6289     2.6856     5.6581     95.122   -0.17230    5.94822    5.94530      8.093     0.1044   10.81323   3.987120 2.0091e+01    24.6023    24.6021 1.7419e+02      6.000          1        554    1501.60 8.6803e+02  50965.021     23.022 1621808986       0.10      0.378   39.52592  -72.38977 0.0000e+00
      6.449    13.7004    33.2160  1024.8993     2.6007     5.7699     96.907   -0.08967    5.95406    5.95116      8.094     0.1106   10.82366   3.970976 1.0209e+01    24.8704    24.8703 1.0795e+02      6.500          1        583    1500.51 1.0846e+03  51341.008     24.232 1621808988       0.00      0.407   39.52592  -72.38976 0.0000e+00
      6.945    13.4476    33.2267  1024.9613     2.5575     5.8118     97.563   -0.05120    5.95700    5.95414      8.095     0.1025   10.82860   3.947836 7.4402e+00    24.9302    24.9300 8.9521e+01      7.000          1        607    1499.70 1.2037e+03  51388.617     25.233 1621808989       0.08      0.454   39.52592  -72.38976 0.0000e+00
      7.446    13.3975    33.0995  1024.8752     2.5104     5.6983     95.590   -0.04674    5.96126    5.95844      8.095     0.1159   10.83577   3.930647 1.0851e+01    24.8418    24.8416 1.0719e+02      7.500          1        628    1499.39 1.0005e+03  51218.114     26.134 1621808989       0.06      0.532   39.52592  -72.38976 0.0000e+00
      7.941    13.3717    33.0476  1024.8425     2.4539     5.5305     92.635   -0.04954    5.97022    5.96751      8.095     0.1428   10.85051   3.923747 7.3709e+00    24.8070    24.8067 9.5853e+01      8.000          1        658    1499.25 1.3067e+03  51149.876     27.375 1621808991      -0.13      0.463   39.52592  -72.38975 0.0000e+00
      8.430    13.3327    33.0300  1024.8389     2.4287     5.5963     93.530   -0.02041    5.98346    5.98094      8.095     0.1433   10.87202   3.918391 5.2114e+00    24.8011    24.8009 6.8493e+01      8.500          1        694    1499.11 1.3143e+03  51130.557     28.864 1621808992       0.00      0.311   39.52592  -72.38974 0.0000e+00
      8.932    13.2760    33.0363  1024.8575     2.4272     5.6726     94.561   -0.00562    5.99882    5.99654      8.096     0.1401   10.89649   3.913802 4.4884e+00    24.8174    24.8171 5.9245e+01      9.000          1        717    1498.94 1.3202e+03  51147.015     29.849 1621808993       0.16      0.430   39.52592  -72.38974 0.0000e+00
      9.427    13.2191    33.0370  1024.8716     2.4339     5.7405     95.444    0.00150    6.01444    6.01241      8.097     0.1468   10.92145   3.908921 4.4093e+00    24.8293    24.8290 5.0587e+01      9.500          1        742    1498.76 1.1765e+03  51155.497     30.880 1621808994      -0.01      0.503   39.52592  -72.38974 0.0000e+00
      9.922    13.1152    33.0870  1024.9332     2.4314     5.7664     95.621    0.00515    6.03049    6.02873      8.097     0.1602   10.94684   3.904320 4.0077e+00    24.8887    24.8884 5.1362e+01     10.000          1        766    1498.47 1.2904e+03  51238.849     31.893 1621808995       0.00      0.480   39.52592  -72.38974 0.0000e+00
     10.421    12.9792    33.1643  1025.0222     2.4061     5.6176     92.907   -0.01497    6.04651    6.04500      8.100     0.1668   10.97255   3.899871 3.4859e+00    24.9754    24.9751 4.7162e+01     10.500          1        788    1498.12 1.3529e+03  51365.439     32.811 1621808996       0.05      0.519   39.52592  -72.38974 0.0000e+00
     10.919    12.8169    33.2560  1025.1274     2.3683     5.4606     89.924   -0.03031    6.07265    6.07149      8.103     0.1635   11.01543   3.894398 4.0177e+00    25.0783    25.0780 4.6968e+01     11.000          1        815    1497.70 1.1928e+03  51514.744     33.928 1621808997      -0.08      0.500   39.52592  -72.38973 0.0000e+00
     11.409    12.5519    33.4108  1025.3012     2.3258     5.3789     87.996   -0.02872    6.11264    6.11207      8.109     0.2103   11.08050   3.885619 3.3313e+00    25.2499    25.2496 4.4403e+01     11.500          1        855    1496.99 1.3293e+03  51767.512     35.568 1621808999      -0.07      0.297   39.52592  -72.38972 0.0000e+00
     11.906    12.3365    33.4639  1025.3861     2.3235     5.4809     89.463   -0.00843    6.12646    6.12604      8.110     0.2027   11.10376   3.870077 3.2380e+00    25.3325    25.3322 4.2760e+01     12.000          1        883    1496.34 1.3205e+03  51873.517     36.743 1621809000       0.16      0.364   39.52592  -72.38971 0.0000e+00
     12.407    12.1235    33.5030  1025.4594     2.3202     5.5135     89.882   -0.00115    6.13423    6.13386      8.112     0.2078   11.11723   3.854349 3.3080e+00    25.4035    25.4032 4.4071e+01     12.500          1        905    1495.66 1.3323e+03  51959.904     37.676 1621809001       0.10      0.498   39.52592  -72.38970 0.0000e+00
     12.900    11.9116    33.5729  1025.5559     2.3040     5.4377     88.447   -0.00965    6.14797    6.14778      8.112     0.2438   11.13996   3.842165 3.1786e+00    25.4977    25.4974 4.2750e+01     13.000          1        937    1495.03 1.3450e+03  52090.177     39.003 1621809002      -0.14      0.431   39.52592  -72.38970 0.0000e+00
     13.390    11.8279    33.4989  1025.5163     2.2860     5.3727     87.190   -0.01471    6.16211    6.16216      8.111     0.2275   11.16266   3.826923 3.0418e+00    25.4559    25.4556 4.0981e+01     13.500          1        967    1494.66 1.3472e+03  51999.978     40.245 1621809004       0.12      0.330   39.52592  -72.38970 0.0000e+00
     13.899    11.7929    33.4484  1025.4860     2.2787     5.3758     86.984   -0.01306    6.18020    6.18053      8.112     0.2424   11.19196   3.818978 2.7184e+00    25.4232    25.4229 3.6496e+01     14.000          1        985    1494.49 1.3425e+03  51935.327     41.003 1621809004       0.26      0.516   39.52592  -72.38970 0.0000e+00
     14.391    11.6801    33.4998  1025.5490     2.2814     5.4718     87.986   -0.00271    6.21888    6.21963      8.116     0.2843   11.25715   3.814500 2.6997e+00    25.4841    25.4838 3.5940e+01     14.500          1       1014    1494.17 1.3313e+03  52025.383     42.228 1621809005      -0.16      0.500   39.52592  -72.38970 0.0000e+00
     14.876    11.4872    33.5776  1025.6474     2.2955     5.6055     89.614    0.00846    6.25516    6.25607      8.118     0.2973   11.32170   3.803697 2.6212e+00    25.5802    25.5798 3.4780e+01     15.000          1       1050    1493.61 1.3268e+03  52164.640     43.711 1621809007       0.09      0.261   39.52592  -72.38969 0.0000e+00
     15.385    11.3077    33.6301  1025.7233     2.3150     5.7119     91.175    0.01575    6.26472    6.26569      8.121     0.2968   11.33837   3.791203 2.4644e+00    25.6538    25.6534 3.2750e+01     15.500          1       1068    1493.05 1.3290e+03  52268.856     44.460 1621809008       0.31      0.472   39.52592  -72.38968 0.0000e+00
     15.881    11.1132    33.4356  1025.6093     2.3805     6.0550     96.559    0.04234    6.27070    6.27171      8.123     0.3090   11.34882   3.752676 2.3948e+00    25.5375    25.5371 3.1959e+01     16.000          1       1093    1492.15 1.3345e+03  52029.747     45.511 1621809009      -0.09      0.557   39.52592  -72.38968 0.0000e+00
     16.372    10.9900    33.1008  1025.3731     2.4990     6.6582    105.953    0.08566    6.28408    6.28525      8.123     0.3357   11.37125   3.709324 2.3230e+00    25.2989    25.2986 3.1213e+01     16.500          1       1126    1491.32 1.3437e+03  51582.655     46.860 1621809010      -0.03      0.348   39.52592  -72.38968 0.0000e+00
     16.869    10.9261    33.0014  1025.3093     2.6124     7.0247    111.407    0.08303    6.30537    6.30682      8.127     0.3565   11.40654   3.694653 2.2099e+00    25.2329    25.2325 2.9957e+01     17.000          1       1160    1490.98 1.3556e+03  51454.776     48.291 1621809012      -0.07      0.370   39.52592  -72.38966 0.0000e+00
     17.355    10.8452    32.9770  1025.3069     2.6891     7.1661    113.501    0.06230    6.31368    6.31523      8.128     0.3376   11.42044   3.684669 2.1658e+00    25.2282    25.2278 2.9360e+01     17.500          1       1192    1490.68 1.3556e+03  51435.174     49.614 1621809013       0.18      0.274   39.52592  -72.38966 0.0000e+00
     17.869    10.8024    32.9639  1025.3065     2.7180     7.2048    114.087    0.05202    6.31518    6.31675      8.130     0.3371   11.42286   3.680186 1.9918e+00    25.2254    25.2251 2.6804e+01     18.000          1       1207    1490.51 1.3456e+03  51423.819     50.244 1621809014       0.40      0.515   39.52592  -72.38966 0.0000e+00
     18.361    10.6608    32.9619  1025.3320     2.7634     7.2725    115.370    0.04068    6.30366    6.30513      8.133     0.3399   11.40302   3.666921 1.9131e+00    25.2486    25.2482 2.5432e+01     18.500          1       1237    1490.02 1.3292e+03  51446.505     51.518 1621809015      -0.18      0.501   39.52592  -72.38966 0.0000e+00
     18.847    10.5984    32.9585  1025.3423     2.8063     7.3037    116.014    0.02291    6.29553    6.29697      8.135     0.3632   11.38859   3.661857 1.8069e+00    25.2567    25.2564 2.3762e+01     19.000          1       1279    1489.80 1.3151e+03  51453.118     53.237 1621809017       0.17      0.193   39.52592  -72.38964 0.0000e+00
     19.350    10.6405    32.9787  1025.3530     2.8181     7.3284    116.429    0.02084    6.29434    6.29578      8.136     0.3739   11.38648   3.669254 1.6941e+00    25.2652    25.2648 2.2299e+01     19.500          1       1297    1489.99 1.3163e+03  51474.091     53.999 1621809017       0.31      0.459   39.52592  -72.38964 0.0000e+00
     19.853    10.6896    33.0532  1025.4048     2.8255     7.2762    116.183    0.01408    6.26270    6.26377      8.134     0.3663   11.33341   3.680542 1.6124e+00    25.3147    25.3143 2.1378e+01     20.000          1       1317    1490.26 1.3259e+03  51570.297     54.819 1621809018       0.07      0.614   39.52592  -72.38964 0.0000e+00
     20.339    10.6975    33.1004  1025.4425     2.8392     7.2453    116.415    0.00937    6.22374    6.22440      8.131     0.3837   11.26746   3.686130 1.5656e+00    25.3502    25.3497 2.1238e+01     20.500          1       1349    1490.35 1.3565e+03  51635.458     56.154 1621809020      -0.22      0.442   39.52592  -72.38962 0.0000e+00
     20.836    10.7401    33.1243  1025.4558     2.8478     7.2443    116.915    0.01090    6.19619    6.19655      8.128     0.4094   11.22094   3.694145 1.4649e+00    25.3613    25.3609 1.9999e+01     21.000          1       1374    1490.54 1.3651e+03  51661.958     57.216 1621809021       0.17      0.369   39.52592  -72.38962 0.0000e+00
     21.340    10.9805    33.2049  1025.4784     2.8412     7.1722    115.855    0.00171    6.19061    6.19092      8.125     0.4262   11.21143   3.725406 1.3749e+00    25.3817    25.3813 1.8722e+01     21.500          1       1394    1491.49 1.3616e+03  51733.112     58.043 1621809021       0.16      0.553   39.52590  -72.38962 0.0000e+00
     21.832    11.1910    33.3106  1025.5252     2.8187     7.0233    113.490   -0.01421    6.18848    6.18876      8.125     0.4178   11.20777   3.755343 1.3467e+00    25.4264    25.4259 1.8029e+01     22.000          1       1423    1492.37 1.3386e+03  51845.612     59.232 1621809023      -0.16      0.494   39.52590  -72.38962 0.0000e+00
     22.327    11.3849    33.3972  1025.5597     2.7877     6.8803    111.295   -0.02276    6.18200    6.18222      8.125     0.4182   11.19677   3.781091 1.2900e+00    25.4587    25.4582 1.6998e+01     22.500          1       1456    1493.16 1.3176e+03  51934.918     60.623 1621809024      -0.01      0.358   39.52590  -72.38962 0.0000e+00
     22.823    11.4091    33.4166  1025.5725     2.7696     6.8556    110.995   -0.01537    6.17649    6.17666      8.121     0.4396   11.18742   3.784758 1.2117e+00    25.4694    25.4689 1.5842e+01     23.000          1       1489    1493.27 1.3074e+03  51958.104     62.000 1621809025      -0.01      0.366   39.52590  -72.38961 0.0000e+00
     23.314    11.4429    33.4340  1025.5821     2.7613     6.8609    111.176   -0.00794    6.17115    6.17126      8.120     0.4595   11.17833   3.789936 1.1604e+00    25.4767    25.4762 1.5319e+01     23.500          1       1519    1493.42 1.3203e+03  51977.046     63.246 1621809027       0.06      0.370   39.52590  -72.38960 0.0000e+00
     23.816    11.4617    33.4503  1025.5937     2.7571     6.8719    111.180   -0.00552    6.18087    6.18111      8.120     0.4580   11.19447   3.792981 1.0755e+00    25.4860    25.4855 1.4450e+01     24.000          1       1538    1493.51 1.3437e+03  51997.313     64.056 1621809027       0.20      0.485   39.52590  -72.38960 0.0000e+00
     24.317    11.4843    33.4605  1025.5997     2.7512     6.9145    110.943   -0.00590    6.23252    6.23340      8.119     0.4593   11.28045   3.796492 1.0146e+00    25.4898    25.4893 1.3858e+01     24.500          1       1558    1493.61 1.3659e+03  52008.034     64.883 1621809028       0.07      0.611   39.52590  -72.38959 0.0000e+00
     24.805    11.5229    33.4817  1025.6114     2.7320     6.8772    109.551   -0.01226    6.27758    6.27901      8.118     0.4971   11.35560   3.801684 9.5693e-01    25.4993    25.4987 1.3210e+01     25.000          1       1588    1493.78 1.3804e+03  52031.715     66.110 1621809029      -0.19      0.480   39.52590  -72.38958 0.0000e+00
