CalculateIndicators/WaterTemperature/Data/CTD_NYOS/20210522_C07.cnv
* Sea-Bird SBE 9 Data File:
* FileName = C:\Seabird 9 CTD\Data\2021\202105_offshore\20210522_C07.hex
* Software Version Seasave V 7.23.2
* Temperature SN = 4590
* Conductivity SN = 3228
* Number of Bytes Per Scan = 44
* Number of Voltage Words = 5
* Number of Scans Averaged by the Deck Unit = 1
* NMEA Latitude = 38 47.02 N
* NMEA Longitude = 072 48.88 W
* NMEA UTC (Time) = May 22 2021  02:40:51
* NMEA baud rate = 4800
** Ship: seawolf
** Station: 6.6
** Operator: TDK
# nquan = 31
# nvalues = 1206                        
# units = specified
# name 0 = depSM: Depth [salt water, m]
# name 1 = t090C: Temperature [ITS-90, deg C]
# name 2 = sal00: Salinity, Practical [PSU]
# name 3 = density00: Density [density, kg/m^3]
# name 4 = sbeox0V: Oxygen raw, SBE 43 [V]
# name 5 = sbeox0ML/L: Oxygen, SBE 43 [ml/l]
# name 6 = sbeox0PS: Oxygen, SBE 43 [% saturation]
# name 7 = sbox0dV/dT: Oxygen, SBE 43 [dov/dt]
# name 8 = oxsolML/L: Oxygen Saturation, Garcia & Gordon [ml/l]
# name 9 = oxsatML/L: Oxygen Saturation, Weiss [ml/l]
# name 10 = ph: pH
# name 11 = flECO-AFL: Fluorescence, WET Labs ECO-AFL/FL [mg/m^3]
# name 12 = n2satML/L: Nitrogen Saturation [ml/l]
# name 13 = c0S/m: Conductivity [S/m]
# name 14 = cpar: CPAR/Corrected Irradiance [%]
# name 15 = sigma-é00: Density [sigma-theta, kg/m^3]
# name 16 = sigma-t00: Density [sigma-t, kg/m^3 ]
# name 17 = par: PAR/Irradiance, Biospherical/Licor
# name 18 = prDM: Pressure, Digiquartz [db]
# name 19 = pumps: Pump Status
# name 20 = scan: Scan Count
# name 21 = svCM: Sound Velocity [Chen-Millero, m/s]
# name 22 = spar: SPAR, Biospherical/Licor
# name 23 = specc: Specific Conductance [uS/cm]
# name 24 = timeS: Time, Elapsed [seconds]
# name 25 = timeY: Time, System [seconds]
# name 26 = accM: Acceleration [m/s^2]
# name 27 = dz/dtM: Descent Rate [m/s]
# name 28 = latitude: Latitude [deg]
# name 29 = longitude: Longitude [deg]
# name 30 = flag: flag
# span 0 =      1.980,    300.991       
# span 1 =    10.2516,    14.8753       
# span 2 =    32.0250,    36.0650       
# span 3 =  1023.7990,  1028.5280       
# span 4 =     1.3886,     2.8048       
# span 5 =     2.8249,     6.7556       
# span 6 =     46.015,    113.935       
# span 7 =   -0.08354,    0.07127       
# span 8 =    5.66942,    6.26685       
# span 9 =    5.66510,    6.26989       
# span 10 =      7.839,      8.173      
# span 11 =    -0.1088,     1.3739      
# span 12 =   10.31900,   11.31542      
# span 13 =   3.878367,   4.404628      
# span 14 = -1.360e+04, 1.8569e+05      
# span 15 =    23.7901,    27.1676      
# span 16 =    23.7900,    27.1613      
# span 17 = 1.0000e-12, 6.7449e-03      
# span 18 =      2.000,    303.500      
# span 19 =          1,          1      
# span 20 =         73,      37038      
# span 21 =    1496.12,    1510.84      
# span 22 = -1.692e+00, 2.2432e+00      
# span 23 =  49594.436,  55225.972      
# span 24 =      3.008,   1543.206      
# span 25 = 1621651254, 1621652794      
# span 26 =      -0.67,       0.78      
# span 27 =     -1.250,      1.236      
# span 28 =   38.78136,   38.78372      
# span 29 =  -72.81468,  -72.81412      
# span 30 = 0.0000e+00, 0.0000e+00      
# interval = decibars: 0.5              
# start_time = May 22 2021 02:40:51 [System UTC, first data scan.]
# bad_flag = -9.990e-29
*END*
[from data line 281]
    141.385    14.5129    35.9157  1027.4168     2.1908     4.8352     84.595   -0.00009    5.71565    5.71179      8.067    -0.0836   10.39715   4.349410 5.0640e-11    26.7896    26.7850 1.0000e-12    142.500          1       7172    1508.56 1.9747e+00  55033.676    298.774 1621651550      -0.18      0.791   38.78316  -72.81452 0.0000e+00
    141.856    14.5125    35.9155  1027.4189     2.1950     4.8544     84.931    0.00131    5.71572    5.71186      8.067    -0.0805   10.39723   4.349422 5.0640e-11    26.7896    26.7850 1.0000e-12    143.000          1       7251    1508.56 1.9747e+00  55033.790    302.101 1621651553       0.56      0.210   38.78316  -72.81452 0.0000e+00
    142.374    14.5126    35.9171  1027.4224     2.1953     4.8571     84.981    0.00175    5.71550    5.71164      8.067    -0.0823   10.39687   4.349631 5.0640e-11    26.7908    26.7862 1.0000e-12    143.500          1       7261    1508.58 1.9747e+00  55036.203    302.498 1621651554       0.57      0.577   38.78316  -72.81452 0.0000e+00
    142.860    14.5127    35.9178  1027.4251     2.1957     4.8568     84.977    0.00139    5.71546    5.71160      8.067    -0.0834   10.39680   4.349709 5.0640e-11    26.7914    26.7867 1.0000e-12    144.000          1       7274    1508.58 1.9747e+00  55037.464    303.058 1621651554       0.30      0.806   38.78316  -72.81452 0.0000e+00
    143.355    14.5106    35.9174  1027.4275     2.1953     4.8528     84.904    0.00059    5.71567    5.71182      8.067    -0.0751   10.39717   4.349475 5.0640e-11    26.7916    26.7869 1.0000e-12    144.500          1       7287    1508.58 1.9747e+00  55037.511    303.578 1621651555       0.11      0.903   38.78316  -72.81452 0.0000e+00
    143.852    14.5106    35.9174  1027.4297     2.1962     4.8544     84.933    0.00036    5.71557    5.71170      8.067    -0.0714   10.39698   4.349536 5.0640e-11    26.7916    26.7869 1.0000e-12    145.000          1       7299    1508.59 1.9747e+00  55037.780    304.080 1621651555       0.03      0.943   38.78316  -72.81452 0.0000e+00
    144.356    14.5122    35.9178  1027.4319     2.1968     4.8574     84.986    0.00071    5.71557    5.71171      8.067    -0.0776   10.39700   4.349727 5.0640e-11    26.7915    26.7868 1.0000e-12    145.500          1       7311    1508.61 1.9747e+00  55038.378    304.586 1621651556       0.08      0.969   38.78316  -72.81452 0.0000e+00
    144.853    14.5119    35.9176  1027.4341     2.1969     4.8584     85.005    0.00093    5.71545    5.71158      8.067    -0.0830   10.39678   4.349746 5.0640e-11    26.7915    26.7868 1.0000e-12    146.000          1       7325    1508.62 1.9747e+00  55038.458    305.151 1621651556      -0.05      0.980   38.78316  -72.81452 0.0000e+00
    145.352    14.5133    35.9178  1027.4361     2.1976     4.8601     85.027    0.00067    5.71594    5.71208      8.067    -0.0824   10.39760   4.349894 5.0640e-11    26.7913    26.7866 1.0000e-12    146.500          1       7349    1508.63 1.9747e+00  55038.858    306.161 1621651557      -0.23      0.779   38.78316  -72.81452 0.0000e+00
    145.831    14.5127    35.9176  1027.4383     2.1982     4.8660     85.025   -0.00030    5.72299    5.71920      8.067    -0.0799   10.40940   4.349834 5.0640e-11    26.7913    26.7866 1.0000e-12    147.000          1       7438    1508.63 1.9747e+00  55038.935    309.876 1621651561       0.50      0.153   38.78314  -72.81452 0.0000e+00
    146.329    14.5100    35.9167  1027.4404     2.1978     4.8646     85.002   -0.00037    5.72298    5.71920 -9.990e-29    -0.0830   10.40939   4.349456 5.0640e-11    26.7913    26.7865 1.0000e-12    147.500          1       7451    1508.63 1.9747e+00  55038.390    310.436 1621651562       0.53      0.499   38.78314  -72.81452 0.0000e+00
    146.833    14.5101    35.9169  1027.4428     2.1974     4.8628     84.972   -0.00049    5.72285    5.71907 -9.990e-29    -0.0821   10.40917   4.349604 5.0640e-11    26.7914    26.7866 1.0000e-12    148.000          1       7464    1508.64 1.9747e+00  55038.895    310.940 1621651562       0.43      0.736   38.78314  -72.81452 0.0000e+00
    147.328    14.5007    35.9143  1027.4450     2.1959     4.8559     84.851   -0.00115    5.72282    5.71904 -9.990e-29    -0.0794   10.40914   4.347743 5.0640e-11    26.7914    26.7866 1.0000e-12    148.500          1       7477    1508.61 1.9747e+00  55036.769    311.518 1621651563       0.13      0.891   38.78314  -72.81452 0.0000e+00
    147.827    14.4615    35.9073  1027.4504     2.1948     4.8502     84.750   -0.00178    5.72298    5.71920 -9.990e-29    -0.0685   10.40940   4.343380 5.0640e-11    26.7944    26.7897 1.0000e-12    149.000          1       7494    1508.49 1.9747e+00  55032.303    312.200 1621651563      -0.14      0.872   38.78314  -72.81452 0.0000e+00
    148.325    14.4524    35.9052  1027.4530     2.1925     4.8422     84.609   -0.00220    5.72297    5.71919 -9.990e-29    -0.0717   10.40939   4.342428 5.0640e-11    26.7949    26.7901 1.0000e-12    149.500          1       7513    1508.47 1.9747e+00  55031.011    313.004 1621651564      -0.16      0.711   38.78314  -72.81452 0.0000e+00
    148.809    14.4524    35.9045  1027.4547     2.1914     4.8421     84.677   -0.00075    5.71829    5.71446 -9.990e-29    -0.0766   10.40150   4.342425 5.0640e-11    26.7944    26.7895 1.0000e-12    150.000          1       7561    1508.48 1.9747e+00  55030.297    315.008 1621651566      -0.11      0.254   38.78314  -72.81452 0.0000e+00
    149.290    14.4532    35.9046  1027.4567     2.1936     4.8564     84.935    0.00130    5.71774    5.71390 -9.990e-29    -0.0845   10.40057   4.342549 5.0640e-11    26.7943    26.7894 1.0000e-12    150.500          1       7594    1508.49 1.9747e+00  55030.619    316.360 1621651567       0.53      0.229   38.78314  -72.81452 0.0000e+00
    149.796    14.4524    35.9046  1027.4591     2.1946     4.8605     85.006    0.00163    5.71785    5.71402 -9.990e-29    -0.0756   10.40077   4.342643 5.0640e-11    26.7944    26.7896 1.0000e-12    151.000          1       7603    1508.49 1.9747e+00  55030.851    316.731 1621651568       0.78      0.521   38.78314  -72.81452 0.0000e+00
    150.307    14.4794    35.9159  1027.4642     2.1959     4.8659     85.115    0.00225    5.71687    5.71303 -9.990e-29    -0.0726   10.39911   4.347606 5.0640e-11    26.7974    26.7925 1.0000e-12    151.500          1       7612    1508.60 1.9747e+00  55043.589    317.112 1621651568       0.76      0.837   38.78314  -72.81452 0.0000e+00
    150.814    14.5004    35.9192  1027.4644     2.1975     4.8714     85.226    0.00272    5.71590    5.71205      8.067    -0.0737   10.39750   4.349225 5.0640e-11    26.7954    26.7905 1.0000e-12    152.000          1       7622    1508.68 1.9747e+00  55045.434    317.529 1621651569       0.49      1.088   38.78314  -72.81452 0.0000e+00
    151.310    14.5076    35.9210  1027.4665     2.1996     4.8787     85.352    0.00297    5.71597    5.71212      8.068    -0.0819   10.39761   4.350028 3.4181e+04    26.7953    26.7903 1.0000e-12    152.500          1       7644    1508.71 1.2997e+00  55047.389    318.466 1621651570      -0.09      0.993   38.78314  -72.81452 0.0000e+00
    151.791    14.5081    35.9217  1027.4690     2.2025     4.8805     85.382    0.00115    5.71600    5.71215      8.069    -0.0823   10.39765   4.350154 9.9559e+04    26.7957    26.7907 1.0000e-12    153.000          1       7711    1508.72 8.6820e-03  55048.490    321.231 1621651572       0.54      0.195   38.78314  -72.81452 0.0000e+00
    152.286    14.5077    35.9224  1027.4718     2.2027     4.8767     85.337    0.00027    5.71462    5.71076      8.069    -0.0789   10.39532   4.350212 -9.990e-29    26.7963    26.7914 1.0000e-12    153.500          1       7744    1508.73 -9.990e-29  55049.852    322.635 1621651574      -0.05      0.388   38.78313  -72.81451 0.0000e+00
    152.771    14.5075    35.9226  1027.4742     2.2034     4.8799     85.411    0.00066    5.71342    5.70954      8.071    -0.0714   10.39330   4.350235 -9.990e-29    26.7965    26.7915 1.0000e-12    154.000          1       7785    1508.74 -9.990e-29  55050.383    324.330 1621651576       0.18      0.210   38.78312  -72.81450 0.0000e+00
    153.272    14.5103    35.9239  1027.4769     2.2033     4.8778     85.382    0.00024    5.71293    5.70904      8.071    -0.0729   10.39245   4.350826 5.0640e-11    26.7970    26.7920 1.0000e-12    154.500          1       7801    1508.76 1.9747e+00  55052.172    325.003 1621651576       0.40      0.450   38.78312  -72.81450 0.0000e+00
    153.774    14.5198    35.9275  1027.4798     2.2038     4.8782     85.392    0.00001    5.71276    5.70887      8.069    -0.0717   10.39217   4.352201 5.0640e-11    26.7977    26.7927 1.0000e-12    155.000          1       7815    1508.80 1.9747e+00  55056.208    325.593 1621651577       0.32      0.675   38.78312  -72.81450 0.0000e+00
    154.270    14.5250    35.9290  1027.4820     2.2035     4.8787     85.403    0.00036    5.71262    5.70873      8.067    -0.0831   10.39194   4.352783 5.0640e-11    26.7977    26.7927 1.0000e-12    155.500          1       7831    1508.83 1.9747e+00  55057.788    326.241 1621651577       0.08      0.802   38.78312  -72.81450 0.0000e+00
    154.764    14.5257    35.9295  1027.4844     2.2019     4.8702     85.255   -0.00064    5.71251    5.70863      8.068    -0.0816   10.39176   4.352955 5.0640e-11    26.7980    26.7929 1.0000e-12    156.000          1       7847    1508.84 1.9747e+00  55058.682    326.924 1621651578      -0.08      0.781   38.78312  -72.81451 0.0000e+00
    155.264    14.5299    35.9313  1027.4871     2.2006     4.8619     85.112   -0.00174    5.71241    5.70852      8.068    -0.0827   10.39158   4.353612 5.0640e-11    26.7985    26.7934 1.0000e-12    156.500          1       7865    1508.86 1.9747e+00  55060.915    327.658 1621651579      -0.06      0.728   38.78312  -72.81451 0.0000e+00
    155.761    14.5331    35.9328  1027.4898     2.1983     4.8545     84.995   -0.00186    5.71150    5.70760      8.068    -0.0824   10.39005   4.354089 5.0640e-11    26.7990    26.7939 1.0000e-12    157.000          1       7895    1508.88 1.9747e+00  55062.886    328.898 1621651580      -0.19      0.527   38.78312  -72.81450 0.0000e+00
    156.243    14.5374    35.9347  1027.4925     2.1992     4.8680     85.251    0.00093    5.71023    5.70632      8.070    -0.0738   10.38792   4.354786 5.0640e-11    26.7995    26.7944 1.0000e-12    157.500          1       7950    1508.91 1.9747e+00  55065.250    331.224 1621651582       0.23      0.113   38.78312  -72.81450 0.0000e+00
    156.731    14.5440    35.9373  1027.4952     2.2005     4.8726     85.334    0.00113    5.71005    5.70613      8.070    -0.0725   10.38759   4.355799 5.0640e-11    26.8001    26.7950 1.0000e-12    158.000          1       7970    1508.94 1.9747e+00  55068.269    332.047 1621651583       0.35      0.415   38.78312  -72.81450 0.0000e+00
    157.253    14.5495    35.9389  1027.4976     2.2007     4.8722     85.343    0.00114    5.70895    5.70502      8.069    -0.0725   10.38574   4.356475 5.0640e-11    26.8002    26.7951 1.0000e-12    158.500          1       7985    1508.97 1.9747e+00  55070.065    332.687 1621651584       0.22      0.623   38.78312  -72.81450 0.0000e+00
    157.748    14.5515    35.9396  1027.4998     2.2006     4.8662     85.284    0.00029    5.70583    5.70188      8.070    -0.0791   10.38048   4.356758 5.0640e-11    26.8003    26.7951 1.0000e-12    159.000          1       8006    1508.98 1.9747e+00  55070.965    333.550 1621651585      -0.04      0.676   38.78312  -72.81450 0.0000e+00
    158.230    14.5546    35.9408  1027.5023     2.2018     4.8679     85.380    0.00072    5.70139    5.69739      8.071    -0.0840   10.37298   4.357264 5.0640e-11    26.8006    26.7954 1.0000e-12    159.500          1       8039    1509.00 1.9747e+00  55072.543    334.935 1621651586      -0.22      0.413   38.78312  -72.81450 0.0000e+00
    158.719    14.5693    35.9471  1027.5060     2.2019     4.8667     85.375    0.00053    5.70042    5.69642      8.071    -0.1007   10.37136   4.359723 5.0640e-11    26.8022    26.7970 1.0000e-12    160.000          1       8065    1509.06 1.9747e+00  55079.434    336.019 1621651587       0.22      0.344   38.78312  -72.81450 0.0000e+00
    159.222    14.5895    35.9552  1027.5101     2.2014     4.8629     85.290   -0.00032    5.70159    5.69759      8.071    -0.1008   10.37332   4.362716 5.0640e-11    26.8042    26.7989 1.0000e-12    160.500          1       8080    1509.15 1.9747e+00  55088.572    336.626 1621651588       0.36      0.549   38.78312  -72.81450 0.0000e+00
    159.716    14.6077    35.9616  1027.5132     2.2006     4.8592     85.228   -0.00064    5.70146    5.69746      8.071    -0.0841   10.37310   4.365295 5.0640e-11    26.8051    26.7999 1.0000e-12    161.000          1       8094    1509.22 1.9747e+00  55095.229    337.202 1621651588       0.28      0.741   38.78312  -72.81450 0.0000e+00
    160.226    14.6203    35.9657  1027.5159     2.1998     4.8552     85.157   -0.00110    5.70143    5.69743      8.071    -0.0839   10.37304   4.366842 5.0640e-11    26.8056    26.8003 1.0000e-12    161.500          1       8107    1509.27 1.9747e+00  55099.545    337.764 1621651589       0.10      0.858   38.78312  -72.81450 0.0000e+00
    160.725    14.6283    35.9686  1027.5185     2.1995     4.8534     85.153   -0.00098    5.69963    5.69562      8.071    -0.0838   10.37002   4.367903 5.0640e-11    26.8061    26.8008 1.0000e-12    162.000          1       8136    1509.31 1.9747e+00  55102.766    338.975 1621651590      -0.08      0.669   38.78312  -72.81450 0.0000e+00
    161.193    14.6328    35.9705  1027.5212     2.2005     4.8603     85.320    0.00038    5.69661    5.69256 -9.990e-29    -0.0818   10.36491   4.368523 5.0640e-11    26.8066    26.8013 1.0000e-12    162.500          1       8204    1509.34 1.9747e+00  55105.186    341.794 1621651593       0.57      0.123   38.78310  -72.81450 0.0000e+00
    161.707    14.6341    35.9707  1027.5233     2.1998     4.8579     85.275    0.00025    5.69677    5.69272 -9.990e-29    -0.0818   10.36518   4.368669 5.0640e-11    26.8065    26.8011 1.0000e-12    163.000          1       8214    1509.35 1.9747e+00  55105.489    342.207 1621651593       0.75      0.521   38.78310  -72.81450 0.0000e+00
    162.207    14.6345    35.9707  1027.5254     2.1991     4.8528     85.185   -0.00055    5.69679    5.69274      8.071    -0.0837   10.36521   4.368692 5.0640e-11    26.8064    26.8010 1.0000e-12    163.500          1       8225    1509.36 1.9747e+00  55105.732    342.686 1621651594       0.51      0.815   38.78310  -72.81450 0.0000e+00
    162.699    14.6426    35.9754  1027.5295     2.1977     4.8453     85.052   -0.00145    5.69687    5.69282      8.071    -0.0992   10.36534   4.370510 5.0640e-11    26.8083    26.8029 1.0000e-12    164.000          1       8239    1509.40 1.9747e+00  55111.553    343.234 1621651594       0.12      0.972   38.78310  -72.81450 0.0000e+00
    163.200    14.6578    35.9802  1027.5321     2.1963     4.8409     84.965   -0.00180    5.69759    5.69356      8.070    -0.0833   10.36656   4.372185 5.0640e-11    26.8087    26.8033 1.0000e-12    164.500          1       8261    1509.46 1.9747e+00  55116.478    344.154 1621651595      -0.33      0.794   38.78310  -72.81450 0.0000e+00
    163.685    14.6579    35.9806  1027.5345     2.1938     4.8375     84.891   -0.00128    5.69856    5.69453      8.068    -0.0743   10.36818   4.372175 5.0640e-11    26.8090    26.8036 1.0000e-12    165.000          1       8304    1509.47 1.9747e+00  55117.291    345.959 1621651597      -0.09      0.231   38.78310  -72.81450 0.0000e+00
