CalculateIndicators/WaterTemperature/Data/CTD_NYOS/20210324_C24.cnv
* Sea-Bird SBE 9 Data File:
* FileName = C:\Seabird 9 CTD\Data\2021\202103_offshore\20210324_C24.hex
* Software Version Seasave V 7.23.2
* Temperature SN = 4590
* Conductivity SN = 3228
* Number of Bytes Per Scan = 44
* Number of Voltage Words = 5
* Number of Scans Averaged by the Deck Unit = 1
* NMEA Latitude = 39 31.57 N
* NMEA Longitude = 072 23.63 W
* NMEA UTC (Time) = Mar 24 2021  11:46:31
* NMEA baud rate = 4800
** Ship: RV Seawolf
** Station: 4.5
** Operator: tcm
# nquan = 31
# nvalues = 607                         
# units = specified
# name 0 = depSM: Depth [salt water, m]
# name 1 = t090C: Temperature [ITS-90, deg C]
# name 2 = sal00: Salinity, Practical [PSU]
# name 3 = density00: Density [density, kg/m^3]
# name 4 = sbeox0V: Oxygen raw, SBE 43 [V]
# name 5 = sbeox0ML/L: Oxygen, SBE 43 [ml/l]
# name 6 = sbeox0PS: Oxygen, SBE 43 [% saturation]
# name 7 = sbox0dV/dT: Oxygen, SBE 43 [dov/dt]
# name 8 = oxsolML/L: Oxygen Saturation, Garcia & Gordon [ml/l]
# name 9 = oxsatML/L: Oxygen Saturation, Weiss [ml/l]
# name 10 = ph: pH
# name 11 = flECO-AFL: Fluorescence, WET Labs ECO-AFL/FL [mg/m^3]
# name 12 = n2satML/L: Nitrogen Saturation [ml/l]
# name 13 = c0S/m: Conductivity [S/m]
# name 14 = cpar: CPAR/Corrected Irradiance [%]
# name 15 = sigma-é00: Density [sigma-theta, kg/m^3]
# name 16 = sigma-t00: Density [sigma-t, kg/m^3 ]
# name 17 = par: PAR/Irradiance, Biospherical/Licor
# name 18 = prDM: Pressure, Digiquartz [db]
# name 19 = pumps: Pump Status
# name 20 = scan: Scan Count
# name 21 = svCM: Sound Velocity [Chen-Millero, m/s]
# name 22 = spar: SPAR, Biospherical/Licor
# name 23 = specc: Specific Conductance [uS/cm]
# name 24 = timeS: Time, Elapsed [seconds]
# name 25 = timeY: Time, System [seconds]
# name 26 = accM: Acceleration [m/s^2]
# name 27 = dz/dtM: Descent Rate [m/s]
# name 28 = latitude: Latitude [deg]
# name 29 = longitude: Longitude [deg]
# name 30 = flag: flag
# span 0 =      1.982,    302.481       
# span 1 =     8.9613,    13.9628       
# span 2 =    33.7895,    35.7708       
# span 3 =  1026.1709,  1028.3774       
# span 4 =     1.5426,     2.5914       
# span 5 =     3.2489,     6.7311       
# span 6 =     53.644,    104.113       
# span 7 =   -0.02084,    0.02879       
# span 8 =    5.78495,    6.51018       
# span 9 =    5.78183,    6.51530       
# span 10 =      8.381,      8.570      
# span 11 =    -0.0738,     0.7278      
# span 12 =   10.51343,   11.73508      
# span 13 =   3.597236,   4.280630      
# span 14 = -1.808e-04, 2.4632e+01      
# span 15 =    26.1616,    27.0207      
# span 16 =    26.1616,    27.0130      
# span 17 = -7.006e-04, 1.6345e+02      
# span 18 =      2.000,    305.000      
# span 19 =          1,          1      
# span 20 =         34,      46098      
# span 21 =    1484.93,    1507.22      
# span 22 = 3.6762e+02, 8.0312e+02      
# span 23 =  52913.791,  54965.440      
# span 24 =      1.388,   1920.718      
# span 25 = 1616586393, 1616588312      
# span 26 =      -1.24,       1.31      
# span 27 =     -1.596,      1.605      
# span 28 =   39.52604,   39.52626      
# span 29 =  -72.39756,  -72.39388      
# span 30 = 0.0000e+00, 0.0000e+00      
# interval = decibars: 1                
# start_time = Mar 24 2021 11:46:32 [System UTC, first data scan.]
# bad_flag = -9.990e-29
*END*
[from data line 515]
     92.265    10.4990    34.5242  1026.9139     2.3167     5.7359     91.026    0.00070    6.29092    6.29351      8.536     0.0419   11.36501   3.812764 1.7720e-13    26.4961    26.4941 1.0000e-12     93.000          1      36015    1492.56 5.6437e+02  53708.038   1500.582 1616587892       0.16     -0.767   39.52620  -72.39669 0.0000e+00
     91.279    10.3173    34.4757  1026.9036     2.3274     5.8451     91.686    0.00181    6.32873    6.33178      8.543     0.0500   11.42844   3.790057 1.7048e-13    26.4898    26.4880 1.0000e-12     92.000          1      36123    1491.84 5.8653e+02  53674.602   1505.104 1616587897      -0.06     -0.276   39.52620  -72.39670 0.0000e+00
     90.302    10.0514    34.4060  1026.8911     2.3438     6.0369     92.999    0.00707    6.37319    6.37679      8.554     0.0957   11.50292   3.757293 1.7149e-13    26.4812    26.4794 1.0000e-12     91.000          1      36217    1490.79 5.8314e+02  53628.249   1509.003 1616587901      -0.19     -0.537   39.52620  -72.39670 0.0000e+00
     89.293     9.9017    34.3586  1026.8752     2.3575     6.0685     94.204    0.01261    6.38982    6.39363      8.554     0.1064   11.53087   3.738250 1.7255e-13    26.4695    26.4678 1.0000e-12     90.000          1      36232    1490.18 5.7953e+02  53592.151   1509.632 1616587901      -0.53     -0.870   39.52620  -72.39670 0.0000e+00
     88.293     9.7291    34.3031  1026.8565     2.3804     6.0781     95.043    0.00925    6.39509    6.39897      8.554     0.1021   11.53966   3.717825 1.6869e-13    26.4550    26.4534 1.0000e-12     89.000          1      36308    1489.47 5.9317e+02  53548.938   1512.773 1616587904      -0.10     -0.697   39.52620  -72.39671 0.0000e+00
     87.314     9.6227    34.2691  1026.8435     2.4012     6.0977     95.343    0.00119    6.39783    6.40174      8.554     0.1531   11.54431   3.705696 1.6677e-13    26.4462    26.4445 1.0000e-12     88.000          1      36423    1489.03 5.9961e+02  53522.308   1517.567 1616587909      -0.05     -0.311   39.52620  -72.39672 0.0000e+00
     86.318     9.6230    34.2607  1026.8323     2.4017     6.1003     95.337    0.00089    6.39859    6.40251      8.554     0.1319   11.54557   3.704955 1.6732e-13    26.4395    26.4379 1.0000e-12     87.000          1      36464    1489.00 5.9766e+02  53509.968   1519.295 1616587911      -0.12     -0.541   39.52620  -72.39672 0.0000e+00
     85.327     9.6151    34.2588  1026.8276     2.4035     6.1119     95.418    0.00089    6.40046    6.40440      8.554     0.1094   11.54871   3.704152 1.6455e-13    26.4393    26.4377 1.0000e-12     86.000          1      36521    1488.95 6.0771e+02  53508.189   1521.650 1616587913       0.10     -0.406   39.52620  -72.39672 0.0000e+00
     84.336     9.6028    34.2544  1026.8217     2.4063     6.1213     95.524    0.00061    6.40361    6.40760      8.554     0.1092   11.55399   3.702667 1.6277e-13    26.4379    26.4363 1.0000e-12     85.000          1      36606    1488.89 6.1436e+02  53503.929   1525.212 1616587917      -0.11     -0.292   39.52620  -72.39674 0.0000e+00
     83.345     9.5891    34.2490  1026.8152     2.4093     6.1424     95.653    0.00052    6.40869    6.41274      8.554     0.1166   11.56251   3.700839 1.6374e-13    26.4359    26.4343 1.0000e-12     84.000          1      36685    1488.81 6.1071e+02  53498.534   1528.490 1616587920      -0.53     -0.537   39.52620  -72.39674 0.0000e+00
     82.344     9.5627    34.2422  1026.8098     2.4116     6.1524     95.861    0.00162    6.40941    6.41347      8.555     0.1018   11.56370   3.697671 1.6474e-13    26.4349    26.4334 1.0000e-12     83.000          1      36713    1488.69 6.0702e+02  53493.896   1529.665 1616587921      -0.02     -0.855   39.52620  -72.39674 0.0000e+00
     81.358     9.5462    34.2376  1026.8044     2.4159     6.1584     96.082    0.00172    6.41015    6.41421      8.555     0.0967   11.56494   3.695764 1.6383e-13    26.4340    26.4325 1.0000e-12     82.000          1      36790    1488.61 6.1044e+02  53490.255   1532.865 1616587924       0.12     -0.463   39.52620  -72.39675 0.0000e+00
     80.373     9.5376    34.2342  1026.7987     2.4188     6.1706     96.129    0.00083    6.41150    6.41558      8.555     0.1529   11.56722   3.694630 1.6279e-13    26.4327    26.4313 1.0000e-12     81.000          1      36904    1488.56 6.1429e+02  53486.686   1537.619 1616587929      -0.37     -0.702   39.52620  -72.39676 0.0000e+00
     79.364     9.5291    34.2319  1026.7937     2.4201     6.1698     96.224    0.00104    6.41205    6.41614      8.555     0.1481   11.56813   3.693614 1.6530e-13    26.4324    26.4309 1.0000e-12     80.000          1      36924    1488.51 6.0498e+02  53484.600   1538.475 1616587930      -0.23     -1.005   39.52620  -72.39676 0.0000e+00
     78.376     9.5147    34.2252  1026.7864     2.4311     6.2148     96.776    0.00138    6.41447    6.41859      8.549     0.1682   11.57223   3.691698 1.6125e-13    26.4295    26.4281 1.0000e-12     79.000          1      38227    1488.43 6.2026e+02  53477.610   1592.730 1616587984      -0.07     -0.445   39.52622  -72.39686 0.0000e+00
     77.401     9.5044    34.2201  1026.7796     2.4407     6.2158     97.077   -0.00011    6.41323    6.41733      8.544     0.1644   11.57019   3.690276 1.5891e-13    26.4272    26.4258 1.0000e-12     78.000          1      38690    1488.37 6.2924e+02  53471.939   1612.041 1616588004      -0.11     -0.121   39.52622  -72.39691 0.0000e+00
     76.401     9.5089    34.2209  1026.7749     2.4376     6.2057     96.869   -0.00072    6.41203    6.41611      8.545     0.1586   11.56820   3.690738 1.6117e-13    26.4270    26.4256 1.0000e-12     77.000          1      38678    1488.37 6.2046e+02  53471.388   1611.530 1616588003      -0.44     -0.643   39.52622  -72.39690 0.0000e+00
     75.399     9.5194    34.2230  1026.7703     2.4357     6.1991     96.752   -0.00110    6.41277    6.41686      8.545     0.1616   11.56942   3.691992 1.6273e-13    26.4269    26.4256 1.0000e-12     76.000          1      38715    1488.40 6.1455e+02  53471.579   1613.075 1616588005       0.09     -0.793   39.52622  -72.39690 0.0000e+00
     74.411     9.5416    34.2240  1026.7628     2.4342     6.1900     96.720   -0.00012    6.40877    6.41280      8.545     0.1480   11.56276   3.694132 1.6069e-13    26.4240    26.4226 1.0000e-12     75.000          1      38865    1488.46 6.2232e+02  53467.584   1619.315 1616588011      -0.93     -1.225   39.52622  -72.39692 0.0000e+00
     73.406     9.5500    34.2259  1026.7583     2.4334     6.1871     96.614   -0.00091    6.40856    6.41259      8.545     0.1484   11.56241   3.695027 1.6398e-13    26.4241    26.4228 1.0000e-12     74.000          1      38879    1488.48 6.0986e+02  53467.965   1619.927 1616588011      -0.23     -1.579   39.52622  -72.39692 0.0000e+00
     72.418     9.5460    34.2254  1026.7541     2.4320     6.1917     96.584   -0.00040    6.41034    6.41439      8.545     0.1505   11.56539   3.694379 1.6419e-13    26.4244    26.4230 1.0000e-12     73.000          1      38969    1488.45 6.0949e+02  53467.376   1623.666 1616588015       0.24     -1.017   39.52622  -72.39692 0.0000e+00
     71.437     9.5248    34.2199  1026.7488     2.4339     6.2081     96.758    0.00071    6.41277    6.41686      8.545     0.1436   11.56948   3.691828 1.6134e-13    26.4235    26.4222 1.0000e-12     72.000          1      39111    1488.35 6.1998e+02  53463.415   1629.575 1616588021       0.03     -0.360   39.52622  -72.39694 0.0000e+00
     70.447     9.5254    34.2183  1026.7430     2.4360     6.2077     96.847    0.00065    6.41298    6.41706      8.545     0.1613   11.56982   3.691716 1.5678e-13    26.4222    26.4209 1.0000e-12     71.000          1      39187    1488.33 6.3782e+02  53460.474   1632.731 1616588024      -0.25     -0.430   39.52622  -72.39694 0.0000e+00
     69.453     9.5183    34.2170  1026.7386     2.4363     6.2082     96.783   -0.00011    6.41469    6.41880      8.545     0.1990   11.57268   3.690856 1.5792e-13    26.4223    26.4210 1.0000e-12     70.000          1      39287    1488.29 6.3323e+02  53459.483   1636.921 1616588028      -0.19     -0.391   39.52622  -72.39695 0.0000e+00
     68.460     9.5117    34.2155  1026.7340     2.4361     6.2066     96.759   -0.00017    6.41533    6.41945      8.545     0.2095   11.57375   3.690047 1.5738e-13    26.4222    26.4210 1.0000e-12     69.000          1      39353    1488.24 6.3542e+02  53458.153   1639.666 1616588031       0.05     -0.492   39.52622  -72.39696 0.0000e+00
     67.473     9.5056    34.2138  1026.7291     2.4355     6.2100     96.729    0.00001    6.41583    6.41996 -9.990e-29     0.1762   11.57461   3.689299 1.5651e-13    26.4219    26.4206 1.0000e-12     68.000          1      39452    1488.20 6.3894e+02  53456.381   1643.811 1616588035      -0.07     -0.159   39.52622  -72.39696 0.0000e+00
     66.480     9.5036    34.2124  1026.7239     2.4395     6.2384     97.076    0.00184    6.41651    6.42064      8.545     0.1545   11.57576   3.688924 1.5691e-13    26.4211    26.4199 1.0000e-12     67.000          1      39523    1488.18 6.3731e+02  53454.235   1646.731 1616588038       0.01     -0.407   39.52622  -72.39698 0.0000e+00
     65.485     9.4997    34.2101  1026.7181     2.4447     6.2513     97.313    0.00170    6.41732    6.42146      8.547     0.1755   11.57713   3.688300 1.5660e-13    26.4199    26.4187 1.0000e-12     66.000          1      39588    1488.15 6.3858e+02  53451.050   1649.457 1616588041       0.04     -0.355   39.52622  -72.39698 0.0000e+00
     64.497     9.4908    34.2063  1026.7122     2.4545     6.3162     97.899    0.00309    6.41548    6.41959      8.556     0.2457   11.57413   3.687047 1.5598e-13    26.4184    26.4172 1.0000e-12     65.000          1      39694    1488.09 6.4112e+02  53447.062   1653.869 1616588045      -0.20     -0.276   39.52622  -72.39698 0.0000e+00
     63.503     9.5015    34.2038  1026.7039     2.4759     6.4337     99.528    0.00973    6.41395    6.41804      8.564     0.3026   11.57160   3.687874 1.5734e-13    26.4147    26.4135 1.0000e-12     64.000          1      39746    1488.11 6.3556e+02  53440.657   1656.061 1616588048       0.05     -0.433   39.52622  -72.39698 0.0000e+00
     62.509     9.5175    34.2038  1026.6966     2.5000     6.4773    100.828    0.01093    6.41315    6.41723      8.568     0.2958   11.57026   3.689293 1.5728e-13    26.4120    26.4108 1.0000e-12     63.000          1      39799    1488.15 6.3582e+02  53436.560   1658.254 1616588050      -0.06     -0.470   39.52622  -72.39700 0.0000e+00
     61.520     9.5223    34.2042  1026.6917     2.5208     6.4854    101.147    0.00301    6.41482    6.41892      8.568     0.2951   11.57306   3.689672 1.5689e-13    26.4115    26.4104 1.0000e-12     62.000          1      39906    1488.15 6.3740e+02  53435.574   1662.695 1616588054      -0.27     -0.391   39.52622  -72.39701 0.0000e+00
     60.514     9.5139    34.2021  1026.6868     2.5229     6.4745    100.969   -0.00001    6.41574    6.41985      8.568     0.3588   11.57460   3.688598 1.5803e-13    26.4112    26.4101 1.0000e-12     61.000          1      39958    1488.10 6.3282e+02  53433.622   1664.881 1616588056      -0.38     -0.833   39.52622  -72.39702 0.0000e+00
     59.535     9.5073    34.1997  1026.6815     2.5224     6.4771    100.916   -0.00022    6.41604    6.42015      8.567     0.3336   11.57510   3.687750 1.5813e-13    26.4104    26.4093 1.0000e-12     60.000          1      40043    1488.06 6.3242e+02  53431.006   1668.415 1616588060       0.09     -0.234   39.52624  -72.39702 0.0000e+00
     58.537     9.5063    34.1990  1026.6766     2.5229     6.4756    100.956    0.00006    6.41712    6.42125      8.568     0.3045   11.57691   3.687532 8.8555e-04    26.4101    26.4090 5.6192e-03     59.000          1      40127    1488.04 6.3585e+02  53429.692   1671.928 1616588063      -0.22     -0.511   39.52624  -72.39702 0.0000e+00
     57.553     9.4905    34.1963  1026.6726     2.5190     6.4582    100.629   -0.00132    6.42136    6.42555      8.563     0.2985   11.58401   3.685701 3.4434e-03    26.4105    26.4095 2.1836e-02     58.000          1      40228    1487.96 6.3302e+02  53428.550   1676.117 1616588068       0.12     -0.152   39.52624  -72.39703 0.0000e+00
     56.555     9.4748    34.1911  1026.6666     2.5163     6.4546    100.511   -0.00100    6.42366    6.42787      8.564     0.3479   11.58787   3.683677 5.8020e-03    26.4090    26.4079 3.7114e-02     57.000          1      40286    1487.88 6.3948e+02  53423.883   1678.556 1616588070      -0.10     -0.511   39.52624  -72.39704 0.0000e+00
     55.567     9.4599    34.1863  1026.6608     2.5147     6.4585    100.465   -0.00057    6.42504    6.42927      8.564     0.2983   11.59019   3.681782 8.1948e-03    26.4076    26.4066 5.1995e-02     56.000          1      40349    1487.81 6.3462e+02  53419.594   1681.181 1616588073       0.06     -0.356   39.52624  -72.39704 0.0000e+00
     54.570     9.4485    34.1822  1026.6549     2.5170     6.4843    100.703    0.00100    6.42701    6.43126      8.567     0.3028   11.59358   3.680377 1.2024e-02    26.4063    26.4053 7.7827e-02     55.000          1      40458    1487.74 6.4675e+02  53415.579   1685.728 1616588077      -0.27     -0.424   39.52624  -72.39705 0.0000e+00
     53.584     9.4549    34.1786  1026.6465     2.5224     6.5061    101.133    0.00300    6.43051    6.43479      8.566     0.3051   11.59951   3.680570 1.5402e-02    26.4024    26.4014 9.9788e-02     54.000          1      40526    1487.75 6.4800e+02  53408.575   1688.528 1616588080      -0.02     -0.627   39.52624  -72.39706 0.0000e+00
     52.584     9.4366    34.1663  1026.6353     2.5234     6.4875    101.052    0.00142    6.43428    6.43861      8.565     0.3204   11.60584   3.677399 1.8560e-02    26.3957    26.3948 1.1922e-01     53.000          1      40558    1487.65 6.4242e+02  53394.465   1689.872 1616588081      -0.13     -0.699   39.52624  -72.39706 0.0000e+00
     51.598     9.3784    34.1476  1026.6258     2.5108     6.4254    100.081   -0.00230    6.44143    6.44585      8.556     0.3087   11.61783   3.670288 2.5207e-02    26.3906    26.3897 1.6815e-01     52.000          1      40701    1487.40 6.6724e+02  53379.862   1695.839 1616588087       0.01     -0.240   39.52624  -72.39708 0.0000e+00
     50.605     9.3566    34.1390  1026.6181     2.4959     6.3034     98.899   -0.00722    6.44551    6.44998      8.547     0.2706   11.62470   3.667220 2.8791e-02    26.3874    26.3865 1.8955e-01     51.000          1      40757    1487.29 6.5840e+02  53371.809   1698.177 1616588090      -0.42     -0.537   39.52624  -72.39708 0.0000e+00
     49.611     9.3301    34.1303  1026.6111     2.4754     6.2470     97.373   -0.01294    6.44727    6.45176      8.543     0.2544   11.62765   3.663994 3.2079e-02    26.3849    26.3840 2.1174e-01     50.000          1      40794    1487.16 6.6006e+02  53364.557   1699.706 1616588091       0.13     -0.686   39.52624  -72.39708 0.0000e+00
     48.618     9.3153    34.1234  1026.6036     2.4554     6.2392     96.812   -0.00808    6.44752    6.45202      8.542     0.2432   11.62807   3.661960 3.7794e-02    26.3819    26.3811 2.5447e-01     49.000          1      40862    1487.09 6.7285e+02  53357.426   1702.533 1616588094      -0.06     -0.469   39.52624  -72.39708 0.0000e+00
     47.637     9.3091    34.1209  1026.5981     2.4428     6.2367     96.849   -0.00030    6.45464    6.45922      8.542     0.2276   11.63999   3.661203 4.3353e-02    26.3809    26.3800 2.9802e-01     48.000          1      40992    1487.04 6.8754e+02  53354.515   1707.967 1616588100      -0.40     -0.554   39.52624  -72.39710 0.0000e+00
