CalculateIndicators/WaterTemperature/Data/CTD_NYOS/20210523_C17.cnv
* Sea-Bird SBE 9 Data File:
* FileName = C:\Seabird 9 CTD\Data\2021\202105_offshore\20210523_C17.hex
* Software Version Seasave V 7.23.2
* Temperature SN = 4590
* Conductivity SN = 3228
* Number of Bytes Per Scan = 44
* Number of Voltage Words = 5
* Number of Scans Averaged by the Deck Unit = 1
* NMEA Latitude = 39 19.51 N
* NMEA Longitude = 072 39.85 W
* NMEA UTC (Time) = May 23 2021  10:50:28
* NMEA baud rate = 4800
** Ship: seawolf
** Station: 5.5
** Operator: sjw
# nquan = 31
# nvalues = 449                         
# units = specified
# name 0 = depSM: Depth [salt water, m]
# name 1 = t090C: Temperature [ITS-90, deg C]
# name 2 = sal00: Salinity, Practical [PSU]
# name 3 = density00: Density [density, kg/m^3]
# name 4 = sbeox0V: Oxygen raw, SBE 43 [V]
# name 5 = sbeox0ML/L: Oxygen, SBE 43 [ml/l]
# name 6 = sbeox0PS: Oxygen, SBE 43 [% saturation]
# name 7 = sbox0dV/dT: Oxygen, SBE 43 [dov/dt]
# name 8 = oxsolML/L: Oxygen Saturation, Garcia & Gordon [ml/l]
# name 9 = oxsatML/L: Oxygen Saturation, Weiss [ml/l]
# name 10 = ph: pH
# name 11 = flECO-AFL: Fluorescence, WET Labs ECO-AFL/FL [mg/m^3]
# name 12 = n2satML/L: Nitrogen Saturation [ml/l]
# name 13 = c0S/m: Conductivity [S/m]
# name 14 = cpar: CPAR/Corrected Irradiance [%]
# name 15 = sigma-é00: Density [sigma-theta, kg/m^3]
# name 16 = sigma-t00: Density [sigma-t, kg/m^3 ]
# name 17 = par: PAR/Irradiance, Biospherical/Licor
# name 18 = prDM: Pressure, Digiquartz [db]
# name 19 = pumps: Pump Status
# name 20 = scan: Scan Count
# name 21 = svCM: Sound Velocity [Chen-Millero, m/s]
# name 22 = spar: SPAR, Biospherical/Licor
# name 23 = specc: Specific Conductance [uS/cm]
# name 24 = timeS: Time, Elapsed [seconds]
# name 25 = timeY: Time, System [seconds]
# name 26 = accM: Acceleration [m/s^2]
# name 27 = dz/dtM: Descent Rate [m/s]
# name 28 = latitude: Latitude [deg]
# name 29 = longitude: Longitude [deg]
# name 30 = flag: flag
# span 0 =      0.966,    112.616       
# span 1 =     9.3845,    13.9633       
# span 2 =    29.7775,    35.5489       
# span 3 =  1022.2008,  1027.2387       
# span 4 =     1.9500,     3.8252       
# span 5 =     4.2540,    10.1739       
# span 6 =     72.486,    169.129       
# span 7 =   -0.28803,    0.12953       
# span 8 =    5.79555,    6.46722       
# span 9 =    5.79236,    6.47131       
# span 10 =      7.997,      8.131      
# span 11 =    -0.0875,     0.7242      
# span 12 =   10.53440,   11.66879      
# span 13 =   3.598733,   4.242333      
# span 14 = 7.9137e-14, 1.5980e+01      
# span 15 =    22.1919,    26.7361      
# span 16 =    22.1918,    26.7328      
# span 17 = 1.0000e-12, 1.9779e+02      
# span 18 =      1.000,    113.500      
# span 19 =          1,          1      
# span 20 =        586,      25160      
# span 21 =    1486.29,    1504.90      
# span 22 = 1.0593e+03, 1.4038e+03      
# span 23 =  46523.667,  54644.497      
# span 24 =     24.366,   1048.281      
# span 25 = 1621767051, 1621768075      
# span 26 =      -0.79,       0.62      
# span 27 =     -1.283,      1.115      
# span 28 =   39.32144,   39.32518      
# span 29 =  -72.66426,  -72.66180      
# span 30 = 0.0000e+00, 0.0000e+00      
# interval = decibars: 0.5              
# start_time = May 23 2021 10:50:27 [System UTC, first data scan.]
# bad_flag = -9.990e-29
*END*
[from data line 422]
     13.890    12.0181    32.7693  1024.9166     2.7422     6.7872    110.326   -0.00408    6.15203    6.15134      8.093     0.1221   11.15481   3.773370 3.9552e+00    24.8540    24.8536 5.3106e+01     14.000          1      23978    1494.45 1.3528e+03  50953.673    999.054 1621768026      -0.07     -0.225   39.32159  -72.66198 0.0000e+00
     13.392    11.9386    32.7662  1024.9268     2.7593     6.7725    111.265   -0.00082    6.08685    6.08535      8.090     0.1339   11.04696   3.766136 4.3760e+00    24.8664    24.8660 5.5702e+01     13.500          1      24683    1494.17 1.2732e+03  50960.685   1028.426 1621768055      -0.33     -0.797   39.32150  -72.66188 0.0000e+00
     12.902    12.0191    32.7694  1024.9120     2.7569     6.7315    110.962   -0.00277    6.06651    6.06476      8.088     0.1089   11.01338   3.774774 4.6174e+00    24.8538    24.8535 5.9117e+01     13.000          1      24717    1494.44 1.2803e+03  50952.740   1029.845 1621768057       0.03     -0.863   39.32150  -72.66188 0.0000e+00
     12.408    12.1239    32.7626  1024.8848     2.7519     6.6901    110.548   -0.00472    6.05172    6.04979      8.088     0.1188   10.98873   3.782703 4.1109e+00    24.8289    24.8286 5.3050e+01     12.500          1      24732    1494.78 1.2907e+03  50928.595   1030.461 1621768057       0.08     -0.818   39.32150  -72.66188 0.0000e+00
     11.911    12.2187    32.7623  1024.8644     2.7471     6.6623    110.140   -0.00697    6.04891    6.04695      8.086     0.1363   10.98406   3.792762 3.3004e+00    24.8107    24.8105 4.3158e+01     12.000          1      24745    1495.10 1.3078e+03  50912.094   1031.020 1621768058      -0.05     -0.813   39.32150  -72.66186 0.0000e+00
     11.409    12.3336    32.7566  1024.8360     2.7424     6.6379    109.805   -0.00823    6.04518    6.04317      8.083     0.1283   10.97803   3.802413 2.9794e+00    24.7845    24.7842 3.9440e+01     11.500          1      24758    1495.47 1.3238e+03  50888.156   1031.553 1621768059      -0.12     -0.867   39.32150  -72.66186 0.0000e+00
     10.909    12.3983    32.7626  1024.8260     2.7357     6.6166    109.409   -0.00915    6.04752    6.04553      8.083     0.1222   10.98194   3.808540 2.9180e+00    24.7769    24.7766 3.8847e+01     11.000          1      24772    1495.69 1.3313e+03  50887.232   1032.136 1621768059      -0.02     -0.908   39.32150  -72.66186 0.0000e+00
     10.414    12.5771    32.7541  1024.7829     2.7245     6.5792    108.676   -0.01174    6.05399    6.05208      8.083     0.1101   10.99256   3.824940 2.9991e+00    24.7360    24.7358 3.9277e+01     10.500          1      24791    1496.28 1.3100e+03  50849.308   1032.934 1621768060       0.22     -0.807   39.32149  -72.66186 0.0000e+00
      9.925    12.7057    32.7587  1024.7594     2.7082     6.5016    107.690   -0.01394    6.03736    6.03524      8.080     0.1113   10.96523   3.835979 3.4796e+00    24.7147    24.7144 4.3771e+01     10.000          1      24821    1496.71 1.2583e+03  50837.638   1034.163 1621768061       0.22     -0.477   39.32148  -72.66186 0.0000e+00
      9.426    12.6771    32.7516  1024.7572     2.7046     6.4255    107.933   -0.00642    5.95329    5.95014      8.065     0.1114   10.82652   3.831738 3.5732e+00    24.7148    24.7145 4.4254e+01      9.500          1      24851    1496.60 1.2386e+03  50831.506   1035.411 1621768062      -0.01     -0.398   39.32148  -72.66186 0.0000e+00
      8.941    12.6895    32.7567  1024.7565     2.7160     6.4609    109.331    0.00666    5.90945    5.90580      8.052     0.0940   10.75378   3.834219 3.3725e+00    24.7163    24.7160 4.1600e+01      9.000          1      24884    1496.64 1.2335e+03  50837.995   1036.799 1621768064       0.05     -0.362   39.32148  -72.66186 0.0000e+00
      8.450    12.9400    32.7071  1024.6670     2.7094     6.4338    108.943    0.00594    5.90566    5.90196      8.050     0.0902   10.74742   3.851990 3.2524e+00    24.6290    24.6288 4.0435e+01      8.500          1      24902    1497.42 1.2433e+03  50728.432   1037.546 1621768065      -0.27     -0.417   39.32148  -72.66186 0.0000e+00
      7.949    13.1833    32.6754  1024.5918     2.6963     6.3507    107.559   -0.00468    5.90436    5.90066      8.047     0.0821   10.74526   3.881884 3.1697e+00    24.5561    24.5559 3.9792e+01      8.000          1      24913    1498.18 1.2554e+03  50660.248   1038.007 1621768065      -0.52     -0.609   39.32148  -72.66186 0.0000e+00
      7.446    13.6022    32.6716  1024.5030     2.6841     6.2680    106.153   -0.01619    5.90475    5.90105      8.046     0.0819   10.74588   3.911550 3.1487e+00    24.4696    24.4694 3.9968e+01      7.500          1      24923    1499.56 1.2693e+03  50596.335   1038.398 1621768065      -0.60     -0.833   39.32148  -72.66186 0.0000e+00
      6.944    13.7108    32.6672  1024.4753     2.6719     6.2013    104.972   -0.02460    5.90758    5.90392      8.046     0.0819   10.75054   3.921239 3.1756e+00    24.4442    24.4440 4.0875e+01      7.000          1      24932    1499.90 1.2871e+03  50580.784   1038.772 1621768066      -0.52     -1.047   39.32148  -72.66185 0.0000e+00
      6.442    13.7522    32.6796  1024.4742     2.6600     6.1442    104.024   -0.02977    5.90657    5.90289 -9.990e-29     0.0819   10.74888   3.925926 3.2226e+00    24.4454    24.4452 4.2238e+01      6.500          1      24941    1500.05 1.3106e+03  50589.554   1039.158 1621768066      -0.33     -1.212   39.32148  -72.66184 0.0000e+00
      5.944    13.8275    32.6798  1024.4568     2.6495     6.1102    103.470   -0.03036    5.90523    5.90154 -9.990e-29     0.0830   10.74662   3.932075 3.3445e+00    24.4302    24.4300 4.4571e+01      6.000          1      24951    1500.28 1.3326e+03  50581.591   1039.591 1621768067      -0.04     -1.283   39.32148  -72.66184 0.0000e+00
      5.445    13.8647    32.6788  1024.4461     2.6366     6.0846    103.017   -0.02786    5.90644    5.90276 -9.990e-29     0.0820   10.74860   3.935246 3.4686e+00    24.4218    24.4216 4.6439e+01      5.500          1      24965    1500.40 1.3389e+03  50575.423   1040.150 1621768067       0.28     -1.198   39.32146  -72.66184 0.0000e+00
      4.957    13.8860    32.6858  1024.4451     2.6232     6.0807    102.959   -0.01928    5.90597    5.90229 -9.990e-29     0.0934   10.74782   3.937059 3.7747e+00    24.4229    24.4227 4.8876e+01      5.000          1      24988    1500.47 1.2955e+03  50582.153   1041.136 1621768068       0.46     -0.770   39.32146  -72.66182 0.0000e+00
      4.467    13.8773    32.6919  1024.4493     2.6146     6.1040    103.370   -0.00726    5.90503    5.90134 -9.990e-29     0.0804   10.74623   3.936452 4.0606e+00    24.4293    24.4292 5.0288e+01      4.500          1      25023    1500.44 1.2385e+03  50591.459   1042.581 1621768070       0.07     -0.344   39.32146  -72.66181 0.0000e+00
      3.970    13.8748    32.6950  1024.4500     2.6114     6.1111    103.514   -0.00270    5.90370    5.89999 -9.990e-29     0.0713   10.74403   3.936104 4.4179e+00    24.4323    24.4321 5.4350e+01      4.000          1      25055    1500.43 1.2303e+03  50595.922   1043.931 1621768071      -0.02     -0.367   39.32146  -72.66180 0.0000e+00
      3.484    13.8872    32.6951  1024.4453     2.6082     6.1011    103.350   -0.00266    5.90333    5.89962 -9.990e-29     0.0952   10.74338   3.936973 5.7306e+00    24.4297    24.4296 6.9828e+01      3.500          1      25083    1500.46 1.2186e+03  50593.913   1045.083 1621768072      -0.08     -0.379   39.32146  -72.66180 0.0000e+00
      2.985    13.8821    32.6981  1024.4464     2.6059     6.0920    103.212   -0.00296    5.90246    5.89874 -9.990e-29     0.0891   10.74196   3.936534 6.0974e+00    24.4330    24.4330 7.4486e+01      3.000          1      25098    1500.44 1.2216e+03  50598.726   1045.721 1621768073      -0.32     -0.508   39.32146  -72.66180 0.0000e+00
      2.486    13.8868    32.6967  1024.4421     2.6043     6.0858    103.117   -0.00323    5.90185    5.89813 -9.990e-29     0.0818   10.74093   3.936841 6.3572e+00    24.4310    24.4309 7.8448e+01      2.500          1      25110    1500.44 1.2339e+03  50595.693   1046.216 1621768073      -0.41     -0.696   39.32146  -72.66180 0.0000e+00
      1.961    13.8925    32.6974  1024.4392     2.6022     6.0786    102.995   -0.00351    5.90184    5.89811 -9.990e-29     0.0819   10.74089   3.937373 7.4985e+00    24.4304    24.4303 9.3755e+01      2.000          1      25121    1500.45 1.2498e+03  50595.976   1046.661 1621768074      -0.44     -0.881   39.32146  -72.66180 0.0000e+00
      1.496    13.9009    32.6971  1024.4351     2.5999     6.0710    102.859   -0.00389    5.90225    5.89853 -9.990e-29     0.0825   10.74158   3.937902 7.5956e+00    24.4284    24.4283 9.7401e+01      1.500          1      25139    1500.47 1.2825e+03  50594.093   1047.425 1621768074       0.23     -0.942   39.32146  -72.66180 0.0000e+00
      0.966    13.8993    32.6988  1024.4343     2.6010     6.0846    103.090   -0.00142    5.90219    5.89847 -9.990e-29     0.0844   10.74146   3.937795 1.5980e+01    24.4300    24.4300 1.9779e+02      1.000          1      25160    1500.46 1.1997e+03  50596.549   1048.281 1621768075       0.23     -0.658   39.32144  -72.66180 0.0000e+00
