CalculateIndicators/WaterTemperature/Data/CTD_NYOS/20210523_C14.cnv
* Sea-Bird SBE 9 Data File:
* FileName = C:\Seabird 9 CTD\Data\2021\202105_offshore\20210523_C14.hex
* Software Version Seasave V 7.23.2
* Temperature SN = 4590
* Conductivity SN = 3228
* Number of Bytes Per Scan = 44
* Number of Voltage Words = 5
* Number of Scans Averaged by the Deck Unit = 1
* NMEA Latitude = 40 16.08 N
* NMEA Longitude = 073 00.52 W
* NMEA UTC (Time) = May 23 2021  01:42:11
* NMEA baud rate = 4800
** Ship: seawolf
** Station: 5.2
** Operator: SJW
# nquan = 31
# nvalues = 149                         
# units = specified
# name 0 = depSM: Depth [salt water, m]
# name 1 = t090C: Temperature [ITS-90, deg C]
# name 2 = sal00: Salinity, Practical [PSU]
# name 3 = density00: Density [density, kg/m^3]
# name 4 = sbeox0V: Oxygen raw, SBE 43 [V]
# name 5 = sbeox0ML/L: Oxygen, SBE 43 [ml/l]
# name 6 = sbeox0PS: Oxygen, SBE 43 [% saturation]
# name 7 = sbox0dV/dT: Oxygen, SBE 43 [dov/dt]
# name 8 = oxsolML/L: Oxygen Saturation, Garcia & Gordon [ml/l]
# name 9 = oxsatML/L: Oxygen Saturation, Weiss [ml/l]
# name 10 = ph: pH
# name 11 = flECO-AFL: Fluorescence, WET Labs ECO-AFL/FL [mg/m^3]
# name 12 = n2satML/L: Nitrogen Saturation [ml/l]
# name 13 = c0S/m: Conductivity [S/m]
# name 14 = cpar: CPAR/Corrected Irradiance [%]
# name 15 = sigma-é00: Density [sigma-theta, kg/m^3]
# name 16 = sigma-t00: Density [sigma-t, kg/m^3 ]
# name 17 = par: PAR/Irradiance, Biospherical/Licor
# name 18 = prDM: Pressure, Digiquartz [db]
# name 19 = pumps: Pump Status
# name 20 = scan: Scan Count
# name 21 = svCM: Sound Velocity [Chen-Millero, m/s]
# name 22 = spar: SPAR, Biospherical/Licor
# name 23 = specc: Specific Conductance [uS/cm]
# name 24 = timeS: Time, Elapsed [seconds]
# name 25 = timeY: Time, System [seconds]
# name 26 = accM: Acceleration [m/s^2]
# name 27 = dz/dtM: Descent Rate [m/s]
# name 28 = latitude: Latitude [deg]
# name 29 = longitude: Longitude [deg]
# name 30 = flag: flag
# span 0 =      1.464,     38.711       
# span 1 =     6.9816,    15.2371       
# span 2 =    31.4542,    33.1057       
# span 3 =  1023.2032,  1026.0744       
# span 4 =     2.0657,     2.8202       
# span 5 =     5.0387,     6.6873       
# span 6 =     77.295,    115.464       
# span 7 =   -0.10025,    0.08411       
# span 8 =    5.76881,    6.84051       
# span 9 =    5.76331,    6.84974       
# span 10 =      7.871,      8.055      
# span 11 =    12.6627,    15.5674      
# span 12 =   10.52614,   12.29026      
# span 13 =   3.352043,   3.995273      
# span 14 = -9.807e+03, 1.0629e+05      
# span 15 =    23.1921,    25.9225      
# span 16 =    23.1920,    25.9221      
# span 17 = -4.622e-05, 8.9791e-03      
# span 18 =      1.500,     39.000      
# span 19 =          1,          1      
# span 20 =         54,       9593      
# span 21 =    1476.77,    1504.12      
# span 22 = -1.243e-01, 2.1684e+00      
# span 23 =  48726.083,  52447.831      
# span 24 =      2.193,    399.685      
# span 25 = 1621734132, 1621734531      
# span 26 =      -0.46,       0.51      
# span 27 =     -0.892,      1.110      
# span 28 =   40.26802,   40.26810      
# span 29 =  -73.00866,  -73.00744      
# span 30 = 0.0000e+00, 0.0000e+00      
# interval = decibars: 0.5              
# start_time = May 23 2021 01:42:10 [System UTC, first data scan.]
# bad_flag = -9.990e-29
*END*
      2.477    15.2238    31.4542  1023.2032     2.8202     6.6873    115.464    0.02746    5.79170    5.78607      8.014    12.6627   10.57149   3.923914 2.7701e+04    23.1921    23.1920 5.5332e-03      2.500          1         54    1503.30 1.4360e+00  48726.083      2.193 1621734132       0.19      0.061   40.26804  -73.00866 0.0000e+00
      2.989    15.2273    31.9562  1023.5909     2.6894     5.9627    103.189   -0.06275    5.77740    5.77182      8.014    12.7941   10.54373   3.977450 3.9459e+04    23.5776    23.5775 8.9791e-03      3.000          1        186    1503.90 -7.320e-02  49423.089      7.715 1621734138       0.28      0.342   40.26805  -73.00863 0.0000e+00
      3.469    15.2350    32.0570  1023.6690     2.4878     5.2454     90.930   -0.10025    5.76881    5.76331      8.014    12.9705   10.52614   3.989124 -2.848e+03    23.6536    23.6535 1.3404e-03      3.500          1        284    1504.05 2.1193e+00  49563.324     11.797 1621734142      -0.16      0.349   40.26806  -73.00862 0.0000e+00
      3.959    15.2371    32.1026  1023.7059     2.4650     5.4511     94.461   -0.02965    5.77070    5.76521      8.014    12.9220   10.52944   3.994228 -2.341e-03    23.6882    23.6881 -4.622e-05      4.000          1        309    1504.12 1.9747e+00  49626.230     12.824 1621734143       0.27      0.302   40.26806  -73.00862 0.0000e+00
      4.472    15.2262    32.1206  1023.7244     2.4431     5.4088     93.720   -0.02481    5.77127    5.76578      8.014    12.9348   10.53039   3.995068 5.0640e-11    23.7044    23.7043 1.0000e-12      4.500          1        324    1504.12 1.9747e+00  49652.453     13.451 1621734144       0.39      0.543   40.26806  -73.00862 0.0000e+00
      4.963    15.2089    32.1325  1023.7395     2.4089     5.2961     91.787   -0.02905    5.76998    5.76447      8.014    12.9734   10.52842   3.994709 5.6552e+03    23.7174    23.7173 1.0000e-12      5.000          1        355    1504.08 1.8630e+00  49670.937     14.730 1621734145      -0.20      0.508   40.26804  -73.00862 0.0000e+00
      5.445    15.1904    32.1425  1023.7534     2.3999     5.3764     93.175   -0.00135    5.77020    5.76469      8.014    13.0524   10.52872   3.994085 1.0629e+05    23.7291    23.7290 1.0000e-12      5.500          1        392    1504.04 -1.243e-01  49687.086     16.301 1621734147       0.21      0.184   40.26804  -73.00860 0.0000e+00
      5.956    15.2072    32.1219  1023.7362     2.3854     5.3224     92.214   -0.00530    5.77176    5.76628      8.014    13.0943   10.53114   3.993364 9.9999e+04    23.7096    23.7094 1.0000e-12      6.000          1        406    1504.08 0.0000e+00  49656.377     16.875 1621734147       0.51      0.466   40.26804  -73.00860 0.0000e+00
      6.460    15.2119    32.1186  1023.7349     2.3611     5.2065     89.992   -0.02130    5.78560    5.78034      8.015    13.1162   10.55267   3.993591 9.9999e+04    23.7061    23.7059 1.0000e-12      6.500          1        422    1504.10 0.0000e+00  49652.048     17.549 1621734148       0.22      0.727   40.26804  -73.00860 0.0000e+00
      6.947    15.2069    32.1265  1023.7442     2.3137     5.0387     86.772   -0.03527    5.80702    5.80207      8.017    13.2073   10.58684   3.993997 1.9122e+04    23.7132    23.7130 1.0000e-12      7.000          1        455    1504.10 1.5971e+00  49663.704     18.931 1621734149      -0.29      0.479   40.26804  -73.00860 0.0000e+00
      7.440    15.0617    32.2467  1023.8703     2.3182     5.2093     89.138   -0.00404    5.84410    5.83956      8.021    13.2527   10.64825   3.993694 -4.996e+02    23.8371    23.8369 1.0000e-12      7.500          1        493    1503.79 1.9846e+00  49844.872     20.497 1621734151       0.12      0.286   40.26806  -73.00860 0.0000e+00
      7.928    15.0283    32.2595  1023.8895     2.3454     5.4153     92.585    0.02693    5.84904    5.84452      8.021    13.3119   10.65704   3.991514 5.0640e-11    23.8541    23.8539 1.0000e-12      8.000          1        517    1503.71 1.9747e+00  49864.791     21.517 1621734152       0.12      0.428   40.26806  -73.00860 0.0000e+00
      8.431    14.6247    32.5432  1024.1966     2.3444     5.3869     92.061    0.01986    5.85144    5.84694      8.021    13.3401   10.66102   3.984733 5.0640e-11    24.1589    24.1587 1.0000e-12      8.500          1        533    1502.75 1.9747e+00  50306.018     22.164 1621734152       0.26      0.541   40.26806  -73.00860 0.0000e+00
      8.934    14.5381    32.5189  1024.1985     2.3356     5.3042     90.565    0.00404    5.85683    5.85240      8.021    13.3723   10.66979   3.972074 5.0640e-11    24.1586    24.1583 1.0000e-12      9.000          1        546    1502.46 1.9747e+00  50279.407     22.711 1621734153       0.32      0.711   40.26806  -73.00860 0.0000e+00
      9.437    14.4947    32.4259  1024.1381     2.3206     5.2058     88.749   -0.01198    5.86579    5.86148      8.023    13.3650   10.68416   3.959461 5.0640e-11    24.0960    24.0957 1.0000e-12      9.500          1        561    1502.22 1.9747e+00  50154.446     23.332 1621734154       0.11      0.853   40.26806  -73.00860 0.0000e+00
      9.924    14.4614    32.3690  1024.1034     2.2936     5.1033     86.591   -0.02452    5.89364    5.88976      8.025    13.4242   10.72833   3.950863 7.7426e+04    24.0591    24.0588 1.0000e-12     10.000          1        586    1502.05 4.4574e-01  50078.981     24.387 1621734155      -0.33      0.653   40.26806  -73.00860 0.0000e+00
     10.410    14.4088    32.3691  1024.1168     2.2853     5.1761     86.842   -0.01603    5.96026    5.95732      8.029    13.5876   10.83577   3.946206 1.0131e+05    24.0702    24.0699 1.0000e-12     10.500          1        614    1501.89 -2.581e-02  50085.840     25.522 1621734156       0.01      0.374   40.26806  -73.00858 0.0000e+00
     10.919    14.3235    32.4081  1024.1670     2.2892     5.2948     88.070   -0.00233    6.01198    6.00951      8.031    13.6319   10.92400   3.942485 7.1204e+04    24.1182    24.1178 1.0000e-12     11.000          1        630    1501.67 5.6863e-01  50148.952     26.193 1621734157       0.29      0.528   40.26804  -73.00858 0.0000e+00
     11.418    14.0874    32.5590  1024.3347     2.3189     5.4875     90.739    0.01353    6.04720    6.04500      8.034    13.6844   10.98464   3.936707 7.9256e+03    24.2836    24.2833 1.0000e-12     11.500          1        652    1501.08 1.8182e+00  50385.700     27.115 1621734157      -0.06      0.631   40.26804  -73.00858 0.0000e+00
     11.899    13.2667    32.8299  1024.7129     2.4277     6.1515    100.559    0.07120    6.11753    6.11614      8.038    13.7747   11.10197   3.884083 5.0640e-11    24.6595    24.6592 1.0000e-12     12.000          1        691    1498.71 1.9747e+00  50864.453     28.745 1621734159      -0.16      0.278   40.26804  -73.00857 0.0000e+00
     12.401    12.9022    32.5168  1024.5450     2.4643     6.2604    101.264    0.05417    6.18221    6.18166      8.042    13.7794   11.20858   3.819294 5.0640e-11    24.4892    24.4889 1.0000e-12     12.500          1        713    1497.13 1.9747e+00  50474.536     29.646 1621734160       0.28      0.390   40.26805  -73.00856 0.0000e+00
     12.903    12.7349    32.4142  1024.5003     2.4880     6.3117    101.402    0.03957    6.22442    6.22438      8.046    13.7860   11.27863   3.794053 5.0640e-11    24.4422    24.4419 1.0000e-12     13.000          1        731    1496.45 1.9747e+00  50355.542     30.408 1621734161       0.19      0.588   40.26806  -73.00856 0.0000e+00
     13.397    12.4546    32.3845  1024.5334     2.5116     6.3937    101.947    0.03033    6.27159    6.27213      8.047    13.8128   11.35701   3.765206 5.0640e-11    24.4730    24.4727 1.0000e-12     13.500          1        752    1495.48 1.9747e+00  50352.770     31.290 1621734162      -0.06      0.624   40.26806  -73.00856 0.0000e+00
     13.891    11.9764    32.4418  1024.6702     2.5307     6.4611    102.445    0.02379    6.30684    6.30781      8.047    13.8503   11.41575   3.726378 5.0640e-11    24.6075    24.6071 1.0000e-12     14.000          1        775    1493.92 1.9747e+00  50501.718     32.238 1621734163      -0.06      0.542   40.26804  -73.00856 0.0000e+00
     14.384    11.5625    32.4337  1024.7425     2.5452     6.5041    102.810    0.01903    6.32629    6.32749      8.046    13.8617   11.44830   3.688810 5.0640e-11    24.6774    24.6770 1.0000e-12     14.500          1        795    1492.49 1.9747e+00  50553.606     33.095 1621734163       0.05      0.542   40.26804  -73.00856 0.0000e+00
     14.880    11.2463    32.4417  1024.8080     2.5533     6.5153    102.944    0.01569    6.32900    6.33022      8.044    13.8902   11.45289   3.660411 5.0640e-11    24.7406    24.7402 1.0000e-12     15.000          1        812    1491.40 1.9747e+00  50616.606     33.803 1621734164       0.13      0.607   40.26804  -73.00856 0.0000e+00
     15.382    11.0512    32.4088  1024.8194     2.5571     6.5046    102.798    0.01165    6.32761    6.32881      8.044    13.9332   11.45059   3.640808 5.0640e-11    24.7496    24.7493 1.0000e-12     15.500          1        827    1490.68 1.9747e+00  50601.616     34.402 1621734165       0.19      0.703   40.26804  -73.00856 0.0000e+00
     15.884    10.8931    32.3907  1024.8354     2.5591     6.4902    102.539    0.00717    6.32951    6.33075      8.044    13.9831   11.45368   3.624784 1.1522e+04    24.7633    24.7629 1.0000e-12     16.000          1        842    1490.11 1.7472e+00  50602.972     35.028 1621734165       0.09      0.798   40.26804  -73.00854 0.0000e+00
     16.378    10.7153    32.3622  1024.8465     2.5627     6.5032    102.501    0.00417    6.34457    6.34601      8.045    14.0271   11.47848   3.607852 9.3760e+04    24.7720    24.7717 1.0000e-12     16.500          1        866    1489.46 1.2320e-01  50593.529     36.029 1621734166      -0.24      0.667   40.26804  -73.00854 0.0000e+00
     16.861    10.6852    32.3457  1024.8410     2.5642     6.5207    102.397    0.00139    6.36800    6.36976      8.045    14.1771   11.51717   3.605340 9.9999e+04    24.7644    24.7640 1.0000e-12     17.000          1        902    1489.34 0.0000e+00  50575.450     37.555 1621734168      -0.08      0.298   40.26806  -73.00854 0.0000e+00
     17.362    10.6470    32.3625  1024.8630     2.5625     6.5294    102.171   -0.00080    6.39069    6.39276      8.046    14.2258   11.55450   3.603430 9.9999e+04    24.7841    24.7838 1.0000e-12     17.500          1        924    1489.23 0.0000e+00  50606.389     38.441 1621734169       0.25      0.407   40.26806  -73.00854 0.0000e+00
     17.865    10.5372    32.3642  1024.8855     2.5608     6.5798    102.103   -0.00176    6.44431    6.44713      8.050    14.2438   11.64279   3.593664 1.3308e+04    24.8043    24.8039 1.0000e-12     18.000          1        941    1488.85 1.7119e+00  50628.025     39.184 1621734170       0.20      0.595   40.26806  -73.00852 0.0000e+00
     18.356    10.4398    32.3715  1024.9101     2.5555     6.6209    101.802   -0.00344    6.50377    6.50744      8.054    14.1568   11.74082   3.586353 -5.558e+01    24.8266    24.8262 1.0000e-12     18.500          1        964    1488.52 1.9758e+00  50655.771     40.109 1621734170      -0.11      0.621   40.26806  -73.00852 0.0000e+00
     18.837    10.3293    32.3759  1024.9345     2.5449     6.5768    100.885   -0.00824    6.51915    6.52302      8.054    14.2731   11.76625   3.576577 5.0640e-11    24.8488    24.8484 1.0000e-12     19.000          1        984    1488.14 1.9747e+00  50681.837     40.951 1621734171      -0.01      0.527   40.26806  -73.00852 0.0000e+00
     19.338    10.2248    32.3927  1024.9675     2.5391     6.5469    100.326   -0.01148    6.52567    6.52964      8.054    14.2969   11.77700   3.568736 5.0640e-11    24.8795    24.8791 1.0000e-12     19.500          1        996    1487.79 1.9747e+00  50724.497     41.455 1621734172       0.32      0.609   40.26806  -73.00852 0.0000e+00
     19.848    10.0416    32.4192  1025.0212     2.5357     6.5368    100.118   -0.01198    6.52911    6.53313      8.054    14.3750   11.78263   3.552376 5.0640e-11    24.9307    24.9303 1.0000e-12     20.000          1       1006    1487.17 1.9747e+00  50795.880     41.868 1621734172       0.51      0.792   40.26806  -73.00852 0.0000e+00
     20.352     9.7495    32.4372  1025.0857     2.5344     6.5546    100.231   -0.01015    6.53951    6.54370      8.055    14.3733   11.79970   3.527632 5.0640e-11    24.9929    24.9925 1.0000e-12     20.500          1       1016    1486.14 1.9747e+00  50877.244     42.296 1621734173       0.43      1.003   40.26806  -73.00852 0.0000e+00
     20.853     9.4808    32.4562  1025.1464     2.5332     6.5833    100.533   -0.00627    6.54838    6.55269      8.055    14.3977   11.81425   3.507249 5.0640e-11    25.0511    25.0508 1.0000e-12     21.000          1       1029    1485.19 1.9747e+00  50956.656     42.847 1621734173       0.01      1.110   40.26805  -73.00852 0.0000e+00
     21.335     9.2818    32.4670  1025.1890     2.5291     6.5959    100.614   -0.00330    6.55566    6.56010      8.055    14.4139   11.82606   3.492600 8.4971e+04    25.0914    25.0910 1.0000e-12     21.500          1       1057    1484.48 2.9676e-01  51012.021     43.996 1621734174      -0.46      0.673   40.26804  -73.00852 0.0000e+00
     21.830     9.1360    32.4852  1025.2284     2.5222     6.5651    100.160   -0.00466    6.55460    6.55906      8.052    14.5410   11.82389   3.481804 9.9992e+04    25.1285    25.1281 1.0000e-12     22.000          1       1090    1483.98 1.3262e-04  51067.647     45.395 1621734176       0.05      0.329   40.26804  -73.00852 0.0000e+00
     22.327     9.0295    32.5066  1025.2642     2.5194     6.5800    100.155   -0.00350    6.56980    6.57448      8.055    14.5981   11.84883   3.475404 9.9999e+04    25.1619    25.1615 1.0000e-12     22.500          1       1120    1483.62 0.0000e+00  51120.387     46.604 1621734177       0.02      0.413   40.26804  -73.00850 0.0000e+00
     22.821     9.0366    32.5401  1025.2915     2.5180     6.5942    100.318   -0.00113    6.57327    6.57805      8.055    14.5662   11.85404   3.480342 9.9999e+04    25.1870    25.1866 1.0000e-12     23.000          1       1151    1483.69 0.0000e+00  51166.661     47.931 1621734178      -0.03      0.384   40.26804  -73.00850 0.0000e+00
     23.314     8.9386    32.5518  1025.3182     2.5152     6.5939    100.143   -0.00188    6.58447    6.58944      8.053    14.5006   11.87213   3.472400 9.9999e+04    25.2114    25.2110 1.0000e-12     23.500          1       1180    1483.35 0.0000e+00  51203.948     49.142 1621734179       0.05      0.388   40.26804  -73.00850 0.0000e+00
     23.812     8.8934    32.5805  1025.3500     2.5136     6.6000    100.067   -0.00213    6.59560    6.60076      8.053    14.5106   11.89032   3.472067 9.9999e+04    25.2409    25.2405 1.0000e-12     24.000          1       1202    1483.23 0.0000e+00  51254.630     50.028 1621734180       0.14      0.475   40.26806  -73.00850 0.0000e+00
     24.310     8.8809    32.6052  1025.3735     2.5108     6.5956     99.921   -0.00232    6.60079    6.60602      8.052    14.5620   11.89873   3.473519 9.9999e+04    25.2622    25.2618 1.0000e-12     24.500          1       1220    1483.22 0.0000e+00  51292.619     50.790 1621734181       0.14      0.589   40.26805  -73.00850 0.0000e+00
     24.808     8.8444    32.6277  1025.3991     2.5079     6.5842     99.671   -0.00364    6.60599    6.61131      8.052    14.5938   11.90724   3.472284 1.6860e+04    25.2854    25.2850 1.0000e-12     25.000          1       1238    1483.12 1.6418e+00  51332.579     51.532 1621734182       0.05      0.657   40.26804  -73.00850 0.0000e+00
