CalculateIndicators/WaterTemperature/Data/CTD_NYOS/20210524_C24.cnv
* Sea-Bird SBE 9 Data File:
* FileName = C:\Seabird 9 CTD\Data\2021\202105_offshore\20210524_C24.hex
* Software Version Seasave V 7.23.2
* Temperature SN = 4590
* Conductivity SN = 3228
* Number of Bytes Per Scan = 44
* Number of Voltage Words = 5
* Number of Scans Averaged by the Deck Unit = 1
* NMEA Latitude = 40 40.34 N
* NMEA Longitude = 072 49.14 W
* NMEA UTC (Time) = May 24 2021  10:29:54
* NMEA baud rate = 4800
** Ship: seawolf
** Station: 4.1
** Operator: sjw
# nquan = 31
# nvalues = 95                          
# units = specified
# name 0 = depSM: Depth [salt water, m]
# name 1 = t090C: Temperature [ITS-90, deg C]
# name 2 = sal00: Salinity, Practical [PSU]
# name 3 = density00: Density [density, kg/m^3]
# name 4 = sbeox0V: Oxygen raw, SBE 43 [V]
# name 5 = sbeox0ML/L: Oxygen, SBE 43 [ml/l]
# name 6 = sbeox0PS: Oxygen, SBE 43 [% saturation]
# name 7 = sbox0dV/dT: Oxygen, SBE 43 [dov/dt]
# name 8 = oxsolML/L: Oxygen Saturation, Garcia & Gordon [ml/l]
# name 9 = oxsatML/L: Oxygen Saturation, Weiss [ml/l]
# name 10 = ph: pH
# name 11 = flECO-AFL: Fluorescence, WET Labs ECO-AFL/FL [mg/m^3]
# name 12 = n2satML/L: Nitrogen Saturation [ml/l]
# name 13 = c0S/m: Conductivity [S/m]
# name 14 = cpar: CPAR/Corrected Irradiance [%]
# name 15 = sigma-é00: Density [sigma-theta, kg/m^3]
# name 16 = sigma-t00: Density [sigma-t, kg/m^3 ]
# name 17 = par: PAR/Irradiance, Biospherical/Licor
# name 18 = prDM: Pressure, Digiquartz [db]
# name 19 = pumps: Pump Status
# name 20 = scan: Scan Count
# name 21 = svCM: Sound Velocity [Chen-Millero, m/s]
# name 22 = spar: SPAR, Biospherical/Licor
# name 23 = specc: Specific Conductance [uS/cm]
# name 24 = timeS: Time, Elapsed [seconds]
# name 25 = timeY: Time, System [seconds]
# name 26 = accM: Acceleration [m/s^2]
# name 27 = dz/dtM: Descent Rate [m/s]
# name 28 = latitude: Latitude [deg]
# name 29 = longitude: Longitude [deg]
# name 30 = flag: flag
# span 0 =      1.961,     25.322       
# span 1 =     8.5682,    14.5528       
# span 2 =    31.3496,    32.2098       
# span 3 =  1023.2777,  1025.1151       
# span 4 =     2.2640,     2.6701       
# span 5 =     5.2055,     6.6502       
# span 6 =     87.041,    107.612       
# span 7 =   -0.02701,    0.07973       
# span 8 =    5.86467,    6.63570       
# span 9 =    5.85988,    6.64094       
# span 10 =      7.916,      8.044      
# span 11 =     0.1368,     0.8500      
# span 12 =   10.69114,   11.96232      
# span 13 =   3.409212,   3.878905      
# span 14 = 1.4133e-01, 2.0431e+01      
# span 15 =    23.2689,    24.9988      
# span 16 =    23.2689,    24.9984      
# span 17 = 1.8449e+00, 2.3237e+02      
# span 18 =      2.000,     25.500      
# span 19 =          1,          1      
# span 20 =        265,       7484      
# span 21 =    1481.55,    1501.40      
# span 22 = 7.9592e+02, 1.2542e+03      
# span 23 =  48654.361,  50797.665      
# span 24 =     11.006,    311.786      
# span 25 = 1621852203, 1621852504      
# span 26 =      -0.97,       0.89      
# span 27 =     -1.040,      0.715      
# span 28 =   40.67236,   40.67308      
# span 29 =  -72.82081,  -72.81922      
# span 30 = 0.0000e+00, 0.0000e+00      
# interval = decibars: 0.5              
# start_time = May 24 2021 10:29:52 [System UTC, first data scan.]
# bad_flag = -9.990e-29
*END*
      1.961    14.4807    31.3496  1023.2777     2.5106     5.8727     99.850    0.01699    5.88155    5.87678 -9.990e-29     0.2352   10.72219   3.844439 1.4804e+01    23.2689    23.2689 1.1780e+02      2.000          1        265    1500.79 7.9592e+02  48654.361     11.006 1621852203       0.40     -0.368   40.67236  -72.81922 0.0000e+00
      2.494    14.5476    31.5150  1023.3936     2.4791     5.6209     95.732   -0.02107    5.87140    5.86660 -9.990e-29     0.2293   10.70401   3.867723 1.1702e+01    23.3825    23.3824 9.4438e+01      2.500          1        282    1501.21 8.0768e+02  48880.533     11.691 1621852204       0.89      0.162   40.67236  -72.81922 0.0000e+00
      2.989    14.5528    31.5798  1023.4447     2.4288     5.5129     94.001   -0.01068    5.86480    5.86000      8.039     0.2415   10.69143   3.874167 1.0408e+01    23.4313    23.4312 9.2598e+01      3.000          1        387    1501.31 8.8891e+02  48968.131     16.081 1621852208       0.54      0.396   40.67238  -72.81924 0.0000e+00
      3.484    14.5512    31.6108  1023.4711     2.4278     5.5680     94.940    0.00379    5.86481    5.86002      8.040     0.2667   10.69142   3.877446 8.5022e+00    23.4555    23.4554 7.7804e+01      3.500          1        443    1501.35 9.1595e+02  49012.346     18.421 1621852210       0.51      0.369   40.67238  -72.81926 0.0000e+00
      3.956    14.5494    31.6173  1023.4786     2.4064     5.4539     92.995   -0.00972    5.86469    5.85990      8.040     0.2453   10.69122   3.877966 7.5963e+00    23.4609    23.4608 7.1863e+01      4.000          1        506    1501.36 9.4550e+02  49021.512     21.031 1621852213      -0.11      0.142   40.67238  -72.81926 0.0000e+00
      4.468    14.5509    31.6230  1023.4850     2.4174     5.5651     94.892    0.01038    5.86467    5.85988      8.041     0.2553   10.69114   3.878713 6.6550e+00    23.4650    23.4649 6.4115e+01      4.500          1        525    1501.38 9.6358e+02  49029.692     21.827 1621852214       0.51      0.347   40.67238  -72.81927 0.0000e+00
      4.965    14.5514    31.6223  1023.4867     2.3941     5.4271     92.536   -0.00769    5.86480    5.86001      8.040     0.2661   10.69136   3.878693 6.1225e+00    23.4645    23.4643 5.9354e+01      5.000          1        553    1501.39 9.6950e+02  49028.981     23.021 1621852215      -0.05      0.479   40.67238  -72.81928 0.0000e+00
      5.448    14.5504    31.6245  1023.4907     2.3638     5.2962     90.302   -0.01891    5.86498    5.86019      8.041     0.2590   10.69169   3.878889 5.0756e+00    23.4663    23.4662 4.9675e+01      5.500          1        597    1501.39 9.7871e+02  49032.395     24.848 1621852217       0.15      0.150   40.67240  -72.81929 0.0000e+00
      5.959    14.5490    31.6258  1023.4943     2.3416     5.2628     89.716   -0.01176    5.86605    5.86128      8.041     0.2661   10.69341   3.878905 4.8675e+00    23.4677    23.4675 4.7803e+01      6.000          1        631    1501.40 9.8210e+02  49034.691     26.247 1621852218       0.25      0.322   40.67240  -72.81930 0.0000e+00
      6.445    14.5472    31.6281  1023.4989     2.3290     5.3036     90.361    0.00652    5.86935    5.86462      8.041     0.2608   10.69872   3.878902 4.5399e+00    23.4701    23.4699 4.4810e+01      6.500          1        691    1501.40 9.8704e+02  49038.118     28.754 1621852221       0.47      0.186   40.67240  -72.81931 0.0000e+00
      6.952    14.4868    31.6769  1023.5511     2.3343     5.3470     91.033    0.01239    5.87373    5.86906      8.041     0.2626   10.70564   3.878850 4.2149e+00    23.5200    23.5198 4.1793e+01      7.000          1        709    1501.28 9.9160e+02  49113.096     29.493 1621852221       0.29      0.530   40.67240  -72.81932 0.0000e+00
      7.442    14.5016    31.6560  1023.5342     2.3255     5.2673     89.596   -0.00256    5.87899    5.87440      8.041     0.2608   10.71394   3.877829 3.9413e+00    23.5009    23.5007 3.9379e+01      7.500          1        742    1501.31 9.9917e+02  49082.446     30.862 1621852223      -0.20      0.448   40.67240  -72.81932 0.0000e+00
      7.930    14.4796    31.6577  1023.5423     2.3180     5.2292     88.943   -0.00672    5.87922    5.87463      8.041     0.2564   10.71454   3.876062 3.6797e+00    23.5068    23.5066 3.6727e+01      8.000          1        776    1501.25 9.9809e+02  49087.338     32.272 1621852224       0.17      0.269   40.67240  -72.81932 0.0000e+00
      8.444    14.4240    31.7014  1023.5899     2.3092     5.2055     88.546   -0.00624    5.87891    5.87430      8.041     0.2567   10.71440   3.875777 3.3222e+00    23.5521    23.5518 3.3125e+01      8.500          1        794    1501.12 9.9707e+02  49154.491     33.032 1621852225       0.27      0.506   40.67240  -72.81932 0.0000e+00
      8.934    14.4123    31.6618  1023.5640     2.4048     5.7780     97.339    0.05141    5.93496    5.93098      8.042     0.2672   10.80712   3.870381 3.3546e+00    23.5240    23.5237 3.1696e+01      9.000          1        869    1501.05 9.4516e+02  49100.832     36.159 1621852228       0.35      0.256   40.67242  -72.81934 0.0000e+00
      9.422    14.3078    31.7064  1023.6222     2.5162     6.2659    104.885    0.07973    5.97425    5.97070      8.043     0.2516   10.87227   3.864761 3.0897e+00    23.5800    23.5798 2.8915e+01      9.500          1        908    1500.77 9.3591e+02  49174.973     37.776 1621852230      -0.03      0.414   40.67242  -72.81936 0.0000e+00
      9.916    14.0178    31.7374  1023.7082     2.5594     6.3280    105.848    0.06342    5.97834    5.97483      8.043     0.2608   10.87936   3.840483 2.7183e+00    23.6638    23.6635 2.5565e+01     10.000          1        929    1499.87 9.4049e+02  49250.310     38.680 1621852231       0.16      0.413   40.67242  -72.81936 0.0000e+00
     10.430    13.8985    31.7020  1023.7075     2.5771     6.3394    105.376    0.04320    6.01598    6.01293      8.044     0.2695   10.94117   3.826356 2.6931e+00    23.6607    23.6604 2.5363e+01     10.500          1        946    1499.45 9.4177e+02  49214.344     39.363 1621852231       0.26      0.600   40.67242  -72.81936 0.0000e+00
     10.910    13.5769    31.6963  1023.7702     2.6036     6.3470    104.569    0.01260    6.06959    6.06712      8.043     0.2346   11.03052   3.796070 2.6719e+00    23.7212    23.7209 2.4347e+01     11.000          1        994    1498.38 9.1093e+02  49245.433     41.389 1621852233      -0.07      0.265   40.67242  -72.81938 0.0000e+00
     11.422    13.0685    31.7371  1023.9044     2.6041     6.3383    103.722    0.00006    6.11103    6.10911      8.043     0.2395   11.09846   3.752522 2.5177e+00    23.8530    23.8527 2.2300e+01     11.500          1       1026    1496.75 8.8555e+02  49364.951     42.715 1621852235       0.40      0.362   40.67243  -72.81938 0.0000e+00
     11.903    12.4767    31.7745  1024.0496     2.5721     6.3232    100.289   -0.02701    6.30513    6.30576      8.041     0.1823   11.41747   3.700369 2.4700e+00    23.9959    23.9956 2.0809e+01     12.000          1       1101    1494.80 8.4249e+02  49498.062     45.816 1621852238       0.75      0.147   40.67244  -72.81940 0.0000e+00
     12.410    11.6677    31.8311  1024.2456     2.5731     6.3332    100.483   -0.02525    6.30281    6.30341      8.038     0.1656   11.41354   3.627707 2.2152e+00    24.1894    24.1892 1.8753e+01     12.500          1       1115    1492.09 8.4659e+02  49691.002     46.436 1621852238       0.63      0.575   40.67244  -72.81940 0.0000e+00
     12.907    10.6170    31.8321  1024.4342     2.5853     6.4875    103.178    0.00087    6.28774    6.28819      8.038     0.1825   11.38808   3.542890 2.0812e+00    24.3755    24.3752 1.7828e+01     13.000          1       1137    1488.40 8.5675e+02  49862.300     47.316 1621852239      -0.09      0.715   40.67244  -72.81942 0.0000e+00
     13.393    10.9685    31.9960  1024.5038     2.5888     6.5357    103.633    0.00388    6.30666    6.30737      8.034     0.1575   11.41924   3.597101 2.0168e+00    24.4430    24.4427 1.7345e+01     13.500          1       1179    1489.86 8.5998e+02  50034.305     49.091 1621852241      -0.16      0.278   40.67244  -72.81942 0.0000e+00
     13.889    11.0894    32.0542  1024.5301     2.5786     6.4693    102.356   -0.00591    6.32033    6.32119      8.034     0.1755   11.44202   3.612525 1.8956e+00    24.4671    24.4668 1.6167e+01     14.000          1       1214    1490.37 8.5286e+02  50096.477     50.552 1621852242       0.12      0.316   40.67245  -72.81943 0.0000e+00
     14.391    10.9516    32.0611  1024.5619     2.5604     6.4465    101.153   -0.01057    6.37332    6.37484      8.027     0.2170   11.53011   3.600512 1.8169e+00    24.4966    24.4963 1.5219e+01     14.500          1       1252    1489.90 8.3805e+02  50129.143     52.114 1621852244       0.03      0.320   40.67246  -72.81944 0.0000e+00
     14.878    10.5692    32.0365  1024.6112     2.5202     6.3836     98.698   -0.01772    6.46769    6.47039      8.010     0.3347   11.68718   3.562626 1.8245e+00    24.5435    24.5432 1.4707e+01     15.000          1       1316    1488.52 8.0600e+02  50159.410     54.789 1621852247       0.29      0.136   40.67246  -72.81946 0.0000e+00
     15.380    10.2680    32.0008  1024.6367     2.5028     6.3303     97.684   -0.01969    6.48041    6.48327      8.006     0.3926   11.70832   3.532985 1.6319e+00    24.5667    24.5664 1.3402e+01     15.500          1       1336    1487.40 8.2141e+02  50162.044     55.630 1621852247       0.24      0.439   40.67246  -72.81946 0.0000e+00
     15.879    10.0516    31.9818  1024.6602     2.4847     6.2929     96.801   -0.01983    6.50088    6.50400      8.004     0.4104   11.74240   3.512494 1.5331e+00    24.5878    24.5875 1.2736e+01     16.000          1       1359    1486.61 8.3080e+02  50174.593     56.563 1621852248       0.02      0.547   40.67246  -72.81946 0.0000e+00
     16.374     9.7997    31.9561  1024.6838     2.4629     6.2671     96.045   -0.01657    6.52518    6.52861      7.996     0.4819   11.78288   3.488457 1.4422e+00    24.6090    24.6087 1.1931e+01     16.500          1       1392    1485.67 8.2722e+02  50185.214     57.975 1621852250      -0.14      0.411   40.67246  -72.81947 0.0000e+00
     16.861     9.5191    31.9265  1024.7083     2.4386     6.2106     95.143   -0.01322    6.52771    6.53116      7.993     0.5701   11.78715   3.460635 1.3322e+00    24.6311    24.6309 1.0989e+01     17.000          1       1437    1484.62 8.2490e+02  50197.134     59.836 1621852252       0.08      0.211   40.67248  -72.81948 0.0000e+00
     17.370     9.4044    31.9100  1024.7160     2.4326     6.2129     95.198   -0.00923    6.52629    6.52973      7.991     0.5445   11.78472   3.450610 1.2105e+00    24.6365    24.6362 9.8945e+00     17.500          1       1460    1484.19 8.1723e+02  50196.296     60.809 1621852253       0.16      0.425   40.67248  -72.81948 0.0000e+00
     17.852     9.4010    31.9054  1024.7152     2.4251     6.2407     95.490   -0.00204    6.53546    6.53905      7.987     0.6869   11.79957   3.451324 1.1307e+00    24.6335    24.6332 9.0502e+00     18.000          1       1526    1484.18 8.0065e+02  50190.787     63.532 1621852255       0.04      0.106   40.67248  -72.81950 0.0000e+00
     18.360     9.3911    31.9193  1024.7299     2.4214     6.2312     95.201   -0.00344    6.54528    6.54901      7.984     0.6593   11.81570   3.451937 9.8772e-01    24.6459    24.6456 7.9794e+00     18.500          1       1548    1484.17 8.0793e+02  50212.722     64.457 1621852256       0.41      0.381   40.67248  -72.81950 0.0000e+00
     18.855     9.3574    31.9313  1024.7469     2.4138     6.2006     94.645   -0.00563    6.55145    6.55527      7.982     0.6942   11.82587   3.450278 8.7649e-01    24.6606    24.6603 7.1399e+00     19.000          1       1574    1484.06 8.1474e+02  50236.653     65.534 1621852257      -0.06      0.534   40.67248  -72.81952 0.0000e+00
     19.350     9.2867    31.9424  1024.7690     2.4019     6.1691     93.931   -0.00739    6.56765    6.57170      7.980     0.7070   11.85252   3.445304 7.8557e-01    24.6804    24.6801 6.5146e+00     19.500          1       1612    1483.83 8.2951e+02  50266.770     67.144 1621852259      -0.09      0.341   40.67248  -72.81952 0.0000e+00
     19.836     9.1861    31.9535  1024.7958     2.3924     6.1576     93.674   -0.00514    6.57339    6.57753      7.979     0.6437   11.86198   3.437378 7.1224e-01    24.7049    24.7046 5.8870e+00     20.000          1       1657    1483.48 8.2645e+02  50302.947     68.988 1621852261       0.06      0.219   40.67249  -72.81953 0.0000e+00
     20.347     9.1092    31.9612  1024.8161     2.3902     6.1600     93.710   -0.00354    6.57344    6.57759      7.976     0.6629   11.86198   3.431996 6.3097e-01    24.7229    24.7225 5.1605e+00     20.500          1       1677    1483.21 8.1773e+02  50329.656     69.850 1621852262       0.22      0.437   40.67250  -72.81954 0.0000e+00
     20.833     9.0568    31.9755  1024.8376     2.3848     6.1872     93.702   -0.00135    6.60308    6.60775      7.976     0.6600   11.90965   3.429307 5.6960e-01    24.7422    24.7418 4.6553e+00     21.000          1       1744    1483.04 8.1744e+02  50360.923     72.607 1621852264       0.03      0.147   40.67250  -72.81955 0.0000e+00
     21.334     9.0144    31.9940  1024.8610     2.3788     6.1656     93.284   -0.00283    6.60950    6.61427      7.971     0.7028   11.92009   3.427105 4.9342e-01    24.7632    24.7628 4.0721e+00     21.500          1       1777    1482.91 8.2528e+02  50396.018     74.009 1621852266       0.26      0.351   40.67250  -72.81956 0.0000e+00
     21.833     8.8747    32.0629  1024.9387     2.3631     6.0662     91.821   -0.01041    6.60661    6.61133      7.968     0.7863   11.91540   3.421534 4.4018e-01    24.8385    24.8382 3.6137e+00     22.000          1       1805    1482.49 8.2088e+02  50523.340     75.164 1621852267      -0.02      0.456   40.67250  -72.81958 0.0000e+00
     22.322     8.7225    32.1228  1025.0111     2.3355     6.0337     91.023   -0.00464    6.62877    6.63385      7.967     0.6992   11.95145   3.414586 4.1182e-01    24.9087    24.9083 3.3267e+00     22.500          1       1896    1482.00 8.0789e+02  50640.821     78.959 1621852271       0.47      0.179   40.67250  -72.81958 0.0000e+00
     22.832     8.6653    32.1415  1025.0367     2.3346     6.0529     91.306   -0.00104    6.62919    6.63429      7.962     0.6917   11.95210   3.411025 3.6531e-01    24.9319    24.9316 2.9798e+00     23.000          1       1918    1481.82 8.1592e+02  50679.873     79.895 1621852272       0.32      0.530   40.67251  -72.81959 0.0000e+00
     23.315     8.6207    32.1613  1025.0613     2.3227     5.9883     90.262   -0.00626    6.63435    6.63956      7.947     0.8026   11.96012   3.410001 3.2139e-01    24.9542    24.9538 2.6817e+00     23.500          1       1994    1481.69 8.3433e+02  50717.881     83.058 1621852275       0.57      0.244   40.67252  -72.81962 0.0000e+00
     23.826     8.5916    32.1875  1025.0885     2.3141     5.9344     89.441   -0.01064    6.63501    6.64023      7.944     0.8299   11.96120   3.409616 2.8382e-01    24.9791    24.9787 2.3962e+00     24.000          1       2016    1481.62 8.4450e+02  50761.767     83.964 1621852276       0.57      0.593   40.67252  -72.81962 0.0000e+00
     24.322     8.5682    32.2020  1025.1057     2.2951     5.9016     88.938   -0.00593    6.63570    6.64094      7.939     0.8286   11.96224   3.409458 2.4796e-01    24.9940    24.9936 2.1463e+00     24.500          1       2105    1481.55 8.6614e+02  50787.827     87.668 1621852279       0.29      0.409   40.67252  -72.81964 0.0000e+00
