CalculateIndicators/WaterTemperature/Data/CTD_NYOS/20210323_C19.cnv
* Sea-Bird SBE 9 Data File:
* FileName = C:\Seabird 9 CTD\Data\2021\202103_offshore\20210323_C19.hex
* Software Version Seasave V 7.23.2
* Temperature SN = 4590
* Conductivity SN = 3228
* Number of Bytes Per Scan = 44
* Number of Voltage Words = 5
* Number of Scans Averaged by the Deck Unit = 1
* NMEA Latitude = 39 59.68 N
* NMEA Longitude = 072 54.49 W
* NMEA UTC (Time) = Mar 23 2021  14:48:35
* NMEA baud rate = 4800
** Ship: RV Seawolf
** Station: 5.3
** Operator: TCM
# nquan = 31
# nvalues = 98                          
# units = specified
# name 0 = depSM: Depth [salt water, m]
# name 1 = t090C: Temperature [ITS-90, deg C]
# name 2 = sal00: Salinity, Practical [PSU]
# name 3 = density00: Density [density, kg/m^3]
# name 4 = sbeox0V: Oxygen raw, SBE 43 [V]
# name 5 = sbeox0ML/L: Oxygen, SBE 43 [ml/l]
# name 6 = sbeox0PS: Oxygen, SBE 43 [% saturation]
# name 7 = sbox0dV/dT: Oxygen, SBE 43 [dov/dt]
# name 8 = oxsolML/L: Oxygen Saturation, Garcia & Gordon [ml/l]
# name 9 = oxsatML/L: Oxygen Saturation, Weiss [ml/l]
# name 10 = ph: pH
# name 11 = flECO-AFL: Fluorescence, WET Labs ECO-AFL/FL [mg/m^3]
# name 12 = n2satML/L: Nitrogen Saturation [ml/l]
# name 13 = c0S/m: Conductivity [S/m]
# name 14 = cpar: CPAR/Corrected Irradiance [%]
# name 15 = sigma-é00: Density [sigma-theta, kg/m^3]
# name 16 = sigma-t00: Density [sigma-t, kg/m^3 ]
# name 17 = par: PAR/Irradiance, Biospherical/Licor
# name 18 = prDM: Pressure, Digiquartz [db]
# name 19 = pumps: Pump Status
# name 20 = scan: Scan Count
# name 21 = svCM: Sound Velocity [Chen-Millero, m/s]
# name 22 = spar: SPAR, Biospherical/Licor
# name 23 = specc: Specific Conductance [uS/cm]
# name 24 = timeS: Time, Elapsed [seconds]
# name 25 = timeY: Time, System [seconds]
# name 26 = accM: Acceleration [m/s^2]
# name 27 = dz/dtM: Descent Rate [m/s]
# name 28 = latitude: Latitude [deg]
# name 29 = longitude: Longitude [deg]
# name 30 = flag: flag
# span 0 =      1.974,     50.646       
# span 1 =     7.0701,     7.5819       
# span 2 =    33.3542,    33.4769       
# span 3 =  1026.0609,  1026.3853       
# span 4 =     2.4405,     2.5846       
# span 5 =     6.5681,     7.0331       
# span 6 =     96.709,    104.066       
# span 7 =   -0.01029,    0.00770       
# span 8 =    6.73359,    6.81348       
# span 9 =    6.74155,    6.82265       
# span 10 =      8.515,      8.550      
# span 11 =     0.3267,     1.2219      
# span 12 =   12.10984,   12.24196      
# span 13 =   3.386075,   3.436008      
# span 14 = 2.7974e-02, 3.7126e+01      
# span 15 =    26.0518,    26.1520      
# span 16 =    26.0517,    26.1513      
# span 17 = 4.1811e-01, 6.5869e+02      
# span 18 =      2.000,     51.000      
# span 19 =          1,          1      
# span 20 =        151,      10874      
# span 21 =    1477.32,    1479.45      
# span 22 = 1.3754e+03, 1.7783e+03      
# span 23 =  52659.010,  52872.017      
# span 24 =      6.250,    453.021      
# span 25 = 1616510922, 1616511369      
# span 26 =      -1.25,       0.82      
# span 27 =     -1.118,      1.079      
# span 28 =   39.99402,   39.99470      
# span 29 =  -72.91040,  -72.90821      
# span 30 = 0.0000e+00, 0.0000e+00      
# interval = decibars: 1                
# start_time = Mar 23 2021 14:48:36 [System UTC, first data scan.]
# bad_flag = -9.990e-29
*END*
      1.974     7.5729    33.3654  1026.0609     2.5841     6.9880    103.737    0.00024    6.73562    6.74361      8.539     0.3573   12.11322   3.430703 3.7126e+01    26.0518    26.0517 6.5869e+02      2.000          1        151    1478.86 1.7783e+03  52659.010      6.250 1616510922       0.64     -0.543   39.99470  -72.90821 0.0000e+00
      2.981     7.5737    33.3658  1026.0658     2.5830     6.9837    103.679   -0.00007    6.73507    6.74305      8.539     0.4007   12.11231   3.430866 2.9064e+01    26.0520    26.0520 4.9311e+02      3.000          1        328    1478.87 1.6911e+03  52660.150     13.631 1616510930       0.21      0.248   39.99470  -72.90825 0.0000e+00
      3.961     7.5754    33.3659  1026.0701     2.5828     6.9831    103.703    0.00004    6.73475    6.74272      8.538     0.4285   12.11177   3.431088 2.3231e+01    26.0519    26.0518 3.7452e+02      4.000          1        441    1478.90 1.6145e+03  52660.610     18.339 1616510935       0.20      0.243   39.99470  -72.90827 0.0000e+00
      4.960     7.5754    33.3662  1026.0750     2.5832     6.9899    103.748    0.00018    6.73457    6.74254 -9.990e-29     0.4702   12.11147   3.431148 1.6540e+01    26.0521    26.0520 2.7057e+02      5.000          1        483    1478.91 1.6361e+03  52661.628     20.063 1616510936      -0.12      0.479   39.99468  -72.90828 0.0000e+00
      5.958     7.5771    33.3663  1026.0794     2.5839     6.9892    103.814    0.00051    6.73477    6.74274      8.538     0.4587   12.11179   3.431367 1.3430e+01    26.0520    26.0519 2.1489e+02      6.000          1        525    1478.94 1.5994e+03  52662.044     21.822 1616510938       0.60      0.477   39.99468  -72.90828 0.0000e+00
      6.959     7.5755    33.3664  1026.0844     2.5824     6.9868    103.680   -0.00034    6.73494    6.74292      8.539     0.4687   12.11209   3.431240 1.0899e+01    26.0523    26.0522 1.7146e+02      7.000          1        594    1478.95 1.5734e+03  52663.302     24.714 1616510941       0.58      0.553   39.99468  -72.90830 0.0000e+00
      7.940     7.5738    33.3665  1026.0892     2.5820     6.9863    103.717    0.00006    6.73606    6.74405      8.541     0.5535   12.11392   3.431166 9.4636e+00    26.0526    26.0525 1.5218e+02      8.000          1        664    1478.96 1.6088e+03  52664.494     27.606 1616510944      -0.11      0.486   39.99468  -72.90832 0.0000e+00
      8.931     7.5689    33.3667  1026.0946     2.5821     6.9909    103.727   -0.00000    6.73635    6.74434      8.542     0.6673   12.11440   3.430732 8.8387e+00    26.0535    26.0534 1.4463e+02      9.000          1        722    1478.96 1.6362e+03  52666.710     30.061 1616510946       0.25      0.443   39.99468  -72.90832 0.0000e+00
      9.922     7.5652    33.3669  1026.0999     2.5821     6.9888    103.751    0.00005    6.73682    6.74482 -9.990e-29     0.7599   12.11518   3.430501 7.8566e+00    26.0542    26.0541 1.3291e+02     10.000          1        779    1478.96 1.6929e+03  52668.647     32.396 1616510949      -0.13      0.408   39.99467  -72.90834 0.0000e+00
     10.924     7.5630    33.3670  1026.1049     2.5820     6.9888    103.745    0.00002    6.73675    6.74475      8.542     0.7842   12.11506   3.430349 6.6345e+00    26.0546    26.0544 1.1295e+02     11.000          1        830    1478.97 1.7018e+03  52669.956     34.529 1616510951       0.31      0.509   39.99466  -72.90834 0.0000e+00
     11.918     7.5602    33.3669  1026.1099     2.5810     6.9846    103.685   -0.00038    6.74145    6.74953      8.542     0.8694   12.12281   3.430122 5.5733e+00    26.0549    26.0548 9.1679e+01     12.000          1        917    1478.97 1.6436e+03  52671.256     38.146 1616510954       0.71      0.571   39.99466  -72.90836 0.0000e+00
     12.897     7.5436    33.3679  1026.1175     2.5806     6.9959    103.695   -0.00018    6.74143    6.74951      8.542     0.8734   12.12278   3.428755 4.7734e+00    26.0581    26.0579 7.3702e+01     13.000          1        979    1478.92 1.5448e+03  52677.603     40.745 1616510957      -0.31      0.414   39.99466  -72.90838 0.0000e+00
     13.890     7.5247    33.3682  1026.1250     2.5782     7.0063    103.522   -0.00124    6.75865    6.76699      8.542     0.9521   12.15118   3.426960 4.1091e+00    26.0610    26.0608 6.2906e+01     14.000          1       1055    1478.87 1.5312e+03  52683.502     43.929 1616510960       0.31      0.336   39.99466  -72.90839 0.0000e+00
     14.885     7.4506    33.3693  1026.1409     2.5737     7.0153    103.226   -0.00251    6.77682    6.78545      8.543     1.0498   12.18116   3.419802 3.7307e+00    26.0723    26.0721 5.7615e+01     15.000          1       1109    1478.60 1.5443e+03  52704.319     46.173 1616510962       0.82      0.642   39.99464  -72.90840 0.0000e+00
     15.891     7.3739    33.3736  1026.1597     2.5746     7.0278    103.479   -0.00040    6.77748    6.78612      8.543     1.0826   12.18224   3.413627 3.2078e+00    26.0864    26.0862 4.9030e+01     16.000          1       1133    1478.33 1.5277e+03  52730.862     47.155 1616510963       0.11      1.069   39.99464  -72.90840 0.0000e+00
     16.863     7.2865    33.3750  1026.1775     2.5770     7.0306    103.710    0.00033    6.78836    6.79717      8.545     1.1695   12.20025   3.406280 2.7705e+00    26.0997    26.0995 4.1576e+01     17.000          1       1221    1478.01 1.5008e+03  52756.116     50.835 1616510967      -0.07      0.114   39.99464  -72.90841 0.0000e+00
     17.856     7.2240    33.3719  1026.1883     2.5688     6.9720    102.874   -0.00440    6.79497    6.80388 -9.990e-29     1.2219   12.21119   3.399992 2.5893e+00    26.1059    26.1057 4.0178e+01     18.000          1       1280    1477.78 1.5520e+03  52768.732     53.307 1616510969       0.72      0.445   39.99464  -72.90844 0.0000e+00
     18.866     7.1897    33.3719  1026.1978     2.5643     6.9613    102.606   -0.00496    6.79609    6.80501 -9.990e-29     1.1932   12.21305   3.397485 2.1924e+00    26.1107    26.1105 3.4128e+01     19.000          1       1303    1477.67 1.5568e+03  52778.468     54.250 1616510970       0.25      0.982   39.99464  -72.90844 0.0000e+00
     19.848     7.1818    33.3703  1026.2022     2.5570     6.9582    102.406   -0.00330    6.79598    6.80490      8.539     1.2022   12.21288   3.396823 1.8005e+00    26.1105    26.1103 2.8046e+01     20.000          1       1359    1477.65 1.5570e+03  52778.845     56.596 1616510973      -0.18      0.487   39.99462  -72.90844 0.0000e+00
     20.825     7.1791    33.3690  1026.2060     2.5493     6.9449    102.281   -0.00109    6.79574    6.80466      8.539     1.2057   12.21247   3.396732 1.5837e+00    26.1099    26.1096 2.4910e+01     21.000          1       1470    1477.66 1.5728e+03  52778.323     61.227 1616510977       0.52      0.253   39.99462  -72.90847 0.0000e+00
     21.830     7.1772    33.3690  1026.2110     2.5484     6.9381    102.209   -0.00136    6.79641    6.80534      8.539     1.2006   12.21360   3.396585 1.3616e+00    26.1102    26.1099 2.1197e+01     22.000          1       1488    1477.66 1.5565e+03  52779.644     61.946 1616510978       0.52      0.823   39.99462  -72.90848 0.0000e+00
     22.834     7.1726    33.3687  1026.2160     2.5466     6.9369    102.093   -0.00166    6.79619    6.80511      8.539     1.1885   12.21322   3.396261 1.1774e+00    26.1105    26.1102 1.7850e+01     23.000          1       1511    1477.66 1.5150e+03  52780.997     62.908 1616510979       0.04      1.079   39.99462  -72.90848 0.0000e+00
     23.813     7.1764    33.3686  1026.2199     2.5434     6.9309    102.053   -0.00079    6.80345    6.81248      8.537     1.1493   12.22529   3.396658 9.8358e-01    26.1099    26.1096 1.4340e+01     24.000          1       1609    1477.69 1.4583e+03  52780.528     67.004 1616510983       0.01      0.221   39.99460  -72.90850 0.0000e+00
     24.806     7.1599    33.3653  1026.2242     2.5334     6.8217    101.192   -0.00484    6.81281    6.82198      8.527     1.0285   12.24085   3.394716 8.6465e-01    26.1096    26.1093 1.2796e+01     25.000          1       1672    1477.64 1.4800e+03  52780.899     69.633 1616510986       0.49      0.459   39.99460  -72.90851 0.0000e+00
     25.803     7.0979    33.3577  1026.2313     2.5176     6.7740     99.882   -0.01029    6.81333    6.82250      8.526     0.8625   12.24171   3.388412 7.5041e-01    26.1122    26.1118 1.1087e+01     26.000          1       1706    1477.41 1.4774e+03  52787.112     71.054 1616510987      -0.10      0.722   39.99460  -72.90852 0.0000e+00
     26.795     7.0757    33.3549  1026.2368     2.5012     6.7609     99.282   -0.00820    6.81348    6.82265      8.525     0.7789   12.24196   3.386441 6.4361e-01    26.1130    26.1127 9.3882e+00     27.000          1       1755    1477.34 1.4578e+03  52789.735     73.088 1616510989      -0.06      0.507   39.99460  -72.90854 0.0000e+00
     27.781     7.0705    33.3542  1026.2415     2.4883     6.7493     99.175   -0.00298    6.81344    6.82261      8.521     0.5820   12.24187   3.386075 5.5945e-01    26.1132    26.1128 7.9398e+00     28.000          1       1839    1477.32 1.4192e+03  52790.805     76.588 1616510993       0.02      0.236   39.99459  -72.90855 0.0000e+00
     28.759     7.0704    33.3556  1026.2471     2.4803     6.7094     98.844   -0.00245    6.81305    6.82222      8.518     0.4417   12.24120   3.386324 5.0409e-01    26.1143    26.1139 7.3026e+00     29.000          1       1908    1477.36 1.4487e+03  52793.436     79.438 1616510996       0.49      0.302   39.99458  -72.90856 0.0000e+00
     29.780     7.0701    33.3571  1026.2531     2.4769     6.6980     98.537   -0.00388    6.81304    6.82221      8.518     0.4545   12.24118   3.386492 4.3870e-01    26.1156    26.1152 6.4420e+00     30.000          1       1925    1477.37 1.4688e+03  52796.472     80.179 1616510996       0.55      0.884   39.99458  -72.90856 0.0000e+00
     30.760     7.0728    33.3584  1026.2583     2.4685     6.6940     98.229   -0.00291    6.81254    6.82170 -9.990e-29     0.4279   12.24034   3.386917 3.8182e-01    26.1162    26.1158 5.6527e+00     31.000          1       1992    1477.39 1.4802e+03  52798.285     82.945 1616510999       0.23      0.457   39.99458  -72.90857 0.0000e+00
     31.765     7.0748    33.3591  1026.2632     2.4662     6.6968     98.279   -0.00132    6.81240    6.82157      8.516     0.3928   12.24012   3.387218 3.3273e-01    26.1165    26.1161 4.7929e+00     32.000          1       2033    1477.42 1.4393e+03  52799.411     84.684 1616511001       0.38      0.782   39.99458  -72.90859 0.0000e+00
     32.735     7.0769    33.3604  1026.2684     2.4647     6.7160     98.377    0.00025    6.81120    6.82035      8.521     0.5161   12.23810   3.387603 3.0461e-01    26.1172    26.1168 4.2154e+00     33.000          1       2123    1477.45 1.3842e+03  52801.337     88.433 1616511005       0.74      0.308   39.99456  -72.90860 0.0000e+00
     33.751     7.0808    33.3617  1026.2737     2.4666     6.7221     98.592    0.00144    6.81120    6.82035      8.521     0.5279   12.23810   3.388133 2.6980e-01    26.1178    26.1174 3.7114e+00     34.000          1       2144    1477.48 1.3754e+03  52802.971     89.275 1616511005       0.61      0.971   39.99456  -72.90860 0.0000e+00
     34.741     7.0884    33.3634  1026.2785     2.4702     6.7236     98.801    0.00155    6.80858    6.81769      8.521     0.4763   12.23372   3.389034 2.3034e-01    26.1181    26.1176 3.2944e+00     35.000          1       2224    1477.53 1.4322e+03  52803.953     92.619 1616511009       0.32      0.675   39.99456  -72.90863 0.0000e+00
     35.722     7.0966    33.3657  1026.2837     2.4725     6.7333     98.877    0.00104    6.80517    6.81424 -9.990e-29     0.4940   12.22802   3.390017 2.0790e-01    26.1188    26.1183 3.0548e+00     36.000          1       2288    1477.58 1.4695e+03  52805.760     95.282 1616511011      -0.15      0.604   39.99456  -72.90864 0.0000e+00
     36.713     7.1107    33.3693  1026.2892     2.4746     6.7290     98.996    0.00111    6.80435    6.81341 -9.990e-29     0.4914   12.22662   3.391725 1.8586e-01    26.1197    26.1192 2.7367e+00     37.000          1       2335    1477.65 1.4724e+03  52807.859     97.232 1616511013       0.12      0.512   39.99456  -72.90864 0.0000e+00
     37.708     7.1210    33.3739  1026.2960     2.4713     6.6943     98.609   -0.00123    6.80345    6.81250      8.516     0.4752   12.22511   3.393049 1.5786e-01    26.1219    26.1215 2.3056e+00     38.000          1       2386    1477.71 1.4602e+03  52812.387     99.370 1616511016      -0.07      0.457   39.99455  -72.90866 0.0000e+00
     38.692     7.1288    33.3781  1026.3028     2.4623     6.6570     98.048   -0.00257    6.79807    6.80704      8.516     0.3783   12.21611   3.394196 1.3890e-01    26.1242    26.1237 1.9969e+00     39.000          1       2475    1477.77 1.4378e+03  52817.049    103.070 1616511019       0.19      0.224   39.99454  -72.90866 0.0000e+00
     39.687     7.1466    33.3830  1026.3088     2.4584     6.6460     97.870   -0.00250    6.79828    6.80726      8.516     0.3703   12.21647   3.396343 1.2622e-01    26.1256    26.1251 1.8132e+00     40.000          1       2509    1477.86 1.4365e+03  52819.948    104.497 1616511021       0.26      0.596   39.99454  -72.90868 0.0000e+00
     40.688     7.1576    33.3859  1026.3142     2.4560     6.6481     97.773   -0.00235    6.79813    6.80710      8.516     0.3406   12.21621   3.397569 1.1271e-01    26.1264    26.1259 1.6168e+00     41.000          1       2538    1477.92 1.4344e+03  52821.884    105.718 1616511022       0.02      0.820   39.99454  -72.90869 0.0000e+00
     41.676     7.1597    33.3863  1026.3188     2.4532     6.6436     97.758   -0.00113    6.79752    6.80648      8.516     0.3517   12.21519   3.397787 9.6786e-02    26.1264    26.1259 1.3874e+00     42.000          1       2597    1477.95 1.4338e+03  52822.584    108.173 1616511024      -0.13      0.422   39.99454  -72.90870 0.0000e+00
     42.659     7.1653    33.3875  1026.3235     2.4510     6.6407     97.746   -0.00032    6.79634    6.80529      8.516     0.3800   12.21323   3.398432 8.4274e-02    26.1266    26.1261 1.2021e+00     43.000          1       2693    1477.98 1.4267e+03  52823.474    112.164 1616511028       0.20      0.186   39.99452  -72.90871 0.0000e+00
     43.657     7.1684    33.3884  1026.3284     2.4503     6.6442     97.724   -0.00038    6.79589    6.80484      8.516     0.3593   12.21247   3.398815 7.5221e-02    26.1269    26.1264 1.0977e+00     44.000          1       2735    1478.01 1.4598e+03  52824.681    113.913 1616511030      -0.09      0.503   39.99452  -72.90872 0.0000e+00
     44.650     7.1716    33.3896  1026.3335     2.4506     6.6466     97.799    0.00027    6.79587    6.80481      8.516     0.3382   12.21244   3.399271 6.5928e-02    26.1275    26.1269 9.8370e-01     45.000          1       2776    1478.05 1.4921e+03  52826.289    115.636 1616511032       0.43      0.504   39.99452  -72.90873 0.0000e+00
     45.649     7.1736    33.3901  1026.3382     2.4504     6.6364     97.763   -0.00010    6.79144    6.80032      8.516     0.3501   12.20502   3.399490 5.7254e-02    26.1275    26.1269 8.6882e-01     46.000          1       2853    1478.07 1.5183e+03  52827.033    118.848 1616511035       0.22      0.528   39.99452  -72.90875 0.0000e+00
     46.632     7.1756    33.3907  1026.3430     2.4509     6.6375     97.832    0.00031    6.77928    6.78800      8.515     0.3682   12.18471   3.399799 5.0049e-02    26.1277    26.1272 7.7777e-01     47.000          1       2929    1478.09 1.5540e+03  52828.076    122.018 1616511038       0.14      0.574   39.99451  -72.90876 0.0000e+00
