CalculateIndicators/WaterTemperature/Data/CTD_NYOS/20210324_C23.cnv
* Sea-Bird SBE 9 Data File:
* FileName = C:\Seabird 9 CTD\Data\2021\202103_offshore\20210324_C23.hex
* Software Version Seasave V 7.23.2
* Temperature SN = 4590
* Conductivity SN = 3228
* Number of Bytes Per Scan = 44
* Number of Voltage Words = 5
* Number of Scans Averaged by the Deck Unit = 1
* NMEA Latitude = 39 14.27 N
* NMEA Longitude = 072 17.73 W
* NMEA UTC (Time) = Mar 24 2021  07:34:23
* NMEA baud rate = 4800
** Ship: RV Seawolf
** Station: 4.6
** Operator: TDK
# nquan = 31
# nvalues = 601                         
# units = specified
# name 0 = depSM: Depth [salt water, m]
# name 1 = t090C: Temperature [ITS-90, deg C]
# name 2 = sal00: Salinity, Practical [PSU]
# name 3 = density00: Density [density, kg/m^3]
# name 4 = sbeox0V: Oxygen raw, SBE 43 [V]
# name 5 = sbeox0ML/L: Oxygen, SBE 43 [ml/l]
# name 6 = sbeox0PS: Oxygen, SBE 43 [% saturation]
# name 7 = sbox0dV/dT: Oxygen, SBE 43 [dov/dt]
# name 8 = oxsolML/L: Oxygen Saturation, Garcia & Gordon [ml/l]
# name 9 = oxsatML/L: Oxygen Saturation, Weiss [ml/l]
# name 10 = ph: pH
# name 11 = flECO-AFL: Fluorescence, WET Labs ECO-AFL/FL [mg/m^3]
# name 12 = n2satML/L: Nitrogen Saturation [ml/l]
# name 13 = c0S/m: Conductivity [S/m]
# name 14 = cpar: CPAR/Corrected Irradiance [%]
# name 15 = sigma-é00: Density [sigma-theta, kg/m^3]
# name 16 = sigma-t00: Density [sigma-t, kg/m^3 ]
# name 17 = par: PAR/Irradiance, Biospherical/Licor
# name 18 = prDM: Pressure, Digiquartz [db]
# name 19 = pumps: Pump Status
# name 20 = scan: Scan Count
# name 21 = svCM: Sound Velocity [Chen-Millero, m/s]
# name 22 = spar: SPAR, Biospherical/Licor
# name 23 = specc: Specific Conductance [uS/cm]
# name 24 = timeS: Time, Elapsed [seconds]
# name 25 = timeY: Time, System [seconds]
# name 26 = accM: Acceleration [m/s^2]
# name 27 = dz/dtM: Descent Rate [m/s]
# name 28 = latitude: Latitude [deg]
# name 29 = longitude: Longitude [deg]
# name 30 = flag: flag
# span 0 =      2.939,    300.494       
# span 1 =    10.4038,    14.2772       
# span 2 =    35.3588,    35.7264       
# span 3 =  1026.6164,  1028.5256       
# span 4 =     1.4079,     2.6170       
# span 5 =     2.8811,     5.9814       
# span 6 =     46.803,    104.017       
# span 7 =   -0.03306,    0.02114       
# span 8 =    5.75336,    6.24580       
# span 9 =    5.74976,    6.24855       
# span 10 =      8.334,      8.630      
# span 11 =    -0.0765,     2.5135      
# span 12 =   10.46285,   11.28020      
# span 13 =   3.896255,   4.287611      
# span 14 = -1.513e+04, 1.0299e+05      
# span 15 =    26.6025,    27.1684      
# span 16 =    26.6022,    27.1620      
# span 17 = 1.0000e-12, 1.0000e-12      
# span 18 =      3.000,    303.000      
# span 19 =          1,          1      
# span 20 =        160,      65838      
# span 21 =    1496.66,    1505.93      
# span 22 = -5.907e-02, 2.2736e+00      
# span 23 =  54570.078,  55023.201      
# span 24 =      6.630,   2743.212      
# span 25 = 1616571270, 1616574007      
# span 26 =      -1.05,       1.06      
# span 27 =     -1.822,      1.713      
# span 28 =   39.23516,   39.23796      
# span 29 =  -72.31403,  -72.29565      
# span 30 = 0.0000e+00, 0.0000e+00      
# interval = decibars: 1                
# start_time = Mar 24 2021 07:34:24 [System UTC, first data scan.]
# bad_flag = -9.990e-29
*END*
      2.939    14.2497    35.6156  1026.6230     2.6095     5.9554    103.522   -0.00084    5.75660    5.75304      8.612     2.5135   10.46818   4.284544 1.0299e+05    26.6100    26.6099 1.0000e-12      3.000          1        160    1505.06 -5.907e-02  54575.752      6.630 1616571270       0.51     -0.817   39.23796  -72.29565 0.0000e+00
      3.978    14.2492    35.6159  1026.6281     2.6091     5.9612    103.507   -0.00082    5.75668    5.75312      8.612     2.3073   10.46831   4.284571 9.2430e+04    26.6104    26.6103 1.0000e-12      4.000          1        218    1505.07 1.4946e-01  54576.949      9.040 1616571273       0.71      0.303   39.23796  -72.29568 0.0000e+00
      4.970    14.2488    35.6160  1026.6326     2.6105     5.9630    103.644   -0.00017    5.75675    5.75320 -9.990e-29     2.4233   10.46843   4.284595 5.8982e+03    26.6105    26.6104 1.0000e-12      5.000          1        444    1505.08 1.8582e+00  54577.658     18.466 1616571282       0.39      0.693   39.23794  -72.29575 0.0000e+00
      5.959    14.2478    35.6162  1026.6375     2.6092     5.9624    103.546   -0.00074    5.75669    5.75313 -9.990e-29     2.3560   10.46833   4.284550 5.0640e-11    26.6110    26.6108 1.0000e-12      6.000          1        528    1505.10 1.9747e+00  54578.659     21.965 1616571286      -0.06      0.505   39.23793  -72.29577 0.0000e+00
      6.942    14.2472    35.6163  1026.6421     2.6087     5.9634    103.593   -0.00008    5.75671    5.75315 -9.990e-29     2.4542   10.46837   4.284551 5.0640e-11    26.6112    26.6110 1.0000e-12      7.000          1        664    1505.11 1.9747e+00  54579.434     27.635 1616571292       0.06      0.338   39.23792  -72.29581 0.0000e+00
      7.944    14.2478    35.6163  1026.6464     2.6084     5.9662    103.569   -0.00028    5.75646    5.75289 -9.990e-29     2.4322   10.46794   4.284658 5.0640e-11    26.6111    26.6109 1.0000e-12      8.000          1        697    1505.13 1.9747e+00  54579.968     29.007 1616571293       0.07      0.593   39.23792  -72.29582 0.0000e+00
      8.933    14.2499    35.6165  1026.6506     2.6089     5.9612    103.626    0.00009    5.75642    5.75286      8.609     2.3226   10.46788   4.284954 5.0640e-11    26.6109    26.6106 1.0000e-12      9.000          1        786    1505.16 1.9747e+00  54580.621     32.697 1616571297       0.01      0.240   39.23792  -72.29584 0.0000e+00
      9.922    14.2502    35.6167  1026.6551     2.6064     5.9539    103.463   -0.00096    5.75642    5.75286      8.611     2.2798   10.46788   4.285037 5.0640e-11    26.6110    26.6107 1.0000e-12     10.000          1        901    1505.17 1.9747e+00  54581.392     37.495 1616571301      -0.04      0.502   39.23790  -72.29588 0.0000e+00
     10.916    14.2503    35.6171  1026.6598     2.6058     5.9635    103.457   -0.00051    5.75638    5.75282      8.611     2.2284   10.46781   4.285130 5.0640e-11    26.6113    26.6109 1.0000e-12     11.000          1        939    1505.19 1.9747e+00  54582.437     39.072 1616571303       0.47      0.528   39.23790  -72.29590 0.0000e+00
     11.914    14.2517    35.6168  1026.6638     2.6053     5.9555    103.449   -0.00059    5.75615    5.75258 -9.990e-29     2.2605   10.46742   4.285299 5.0640e-11    26.6108    26.6104 1.0000e-12     12.000          1       1044    1505.21 1.9747e+00  54582.489     43.452 1616571307       0.07      0.572   39.23790  -72.29592 0.0000e+00
     12.906    14.2525    35.6173  1026.6685     2.6037     5.9498    103.380   -0.00060    5.75607    5.75250 -9.990e-29     2.1544   10.46728   4.285471 5.0640e-11    26.6111    26.6107 1.0000e-12     13.000          1       1126    1505.23 1.9747e+00  54583.687     46.882 1616571311       0.09      0.499   39.23790  -72.29594 0.0000e+00
     13.887    14.2536    35.6172  1026.6725     2.6041     5.9560    103.511    0.00076    5.75605    5.75248 -9.990e-29     2.2914   10.46726   4.285607 5.0640e-11    26.6108    26.6103 1.0000e-12     14.000          1       1258    1505.25 1.9747e+00  54583.966     52.375 1616571316       0.31      0.056   39.23788  -72.29599 0.0000e+00
     14.897    14.2527    35.6173  1026.6773     2.6047     5.9562    103.522    0.00045    5.75615    5.75259 -9.990e-29     2.2766   10.46742   4.285567 5.0640e-11    26.6110    26.6106 1.0000e-12     15.000          1       1301    1505.26 1.9747e+00  54584.730     54.177 1616571318       0.51      0.645   39.23788  -72.29600 0.0000e+00
     15.880    14.2528    35.6164  1026.6810     2.6053     5.9596    103.553    0.00014    5.75601    5.75245      8.612     2.2639   10.46720   4.285535 5.0640e-11    26.6104    26.6099 1.0000e-12     16.000          1       1430    1505.28 1.9747e+00  54584.125     59.554 1616571323       0.04      0.429   39.23788  -72.29603 0.0000e+00
     16.869    14.2535    35.6164  1026.6853     2.6052     5.9649    103.537   -0.00013    5.75600    5.75243      8.612     2.2872   10.46719   4.285655 5.0640e-11    26.6102    26.6097 1.0000e-12     17.000          1       1496    1505.30 1.9747e+00  54584.551     62.289 1616571326       0.16      0.433   39.23788  -72.29606 0.0000e+00
     17.862    14.2527    35.6165  1026.6900     2.6041     5.9504    103.441   -0.00110    5.75743    5.75388      8.610     2.2624   10.46953   4.285616 5.0640e-11    26.6106    26.6100 1.0000e-12     18.000          1       1628    1505.31 1.9747e+00  54585.436     67.805 1616571332       0.12      0.234   39.23786  -72.29609 0.0000e+00
     18.854    14.2490    35.6174  1026.6960     2.5989     5.9109    103.153   -0.00159    5.75640    5.75283      8.611     2.2458   10.46784   4.285434 5.0640e-11    26.6121    26.6115 1.0000e-12     19.000          1       1693    1505.32 1.9747e+00  54587.760     70.486 1616571334       0.51      0.555   39.23786  -72.29610 0.0000e+00
     19.861    14.2394    35.6188  1026.7035     2.5898     5.8919    102.370   -0.00646    5.75831    5.75477      8.610     2.1404   10.47098   4.284457 5.0640e-11    26.6152    26.6146 1.0000e-12     20.000          1       1741    1505.31 1.9747e+00  54591.368     72.517 1616571336       0.11      0.868   39.23786  -72.29613 0.0000e+00
     20.852    14.1791    35.6291  1026.7289     2.5482     5.7009     99.409   -0.02035    5.76790    5.76448      8.596     1.9599   10.48668   4.279330 5.0640e-11    26.6361    26.6355 1.0000e-12     21.000          1       1858    1505.14 1.9747e+00  54613.794     77.359 1616571341      -0.03      0.874   39.23786  -72.29616 0.0000e+00
     21.827    14.1098    35.6404  1026.7567     2.4943     5.6502     97.730   -0.00684    5.76842    5.76502      8.582     1.3566   10.48754   4.273832 5.0640e-11    26.6596    26.6589 1.0000e-12     22.000          1       2010    1504.95 1.9747e+00  54638.567     83.701 1616571348       0.55      0.064   39.23786  -72.29620 0.0000e+00
     22.830    14.0769    35.6493  1026.7751     2.4828     5.5361     96.201   -0.02114    5.77861    5.77535      8.575     1.1359   10.50420   4.271365 5.0640e-11    26.6735    26.6728 1.0000e-12     23.000          1       2065    1504.87 1.9747e+00  54655.535     86.002 1616571350       0.76      0.913   39.23786  -72.29622 0.0000e+00
     23.833    14.0400    35.6554  1026.7922     2.4642     5.5268     95.662   -0.01594    5.78259    5.77938      8.573     1.0949   10.51077   4.268441 5.0640e-11    26.6861    26.6853 1.0000e-12     24.000          1       2126    1504.77 1.9747e+00  54669.236     88.558 1616571352       0.03      1.030   39.23785  -72.29623 0.0000e+00
     24.806    13.9386    35.6636  1026.8244     2.4153     5.3612     93.419   -0.01453    5.80462    5.80169      8.551     0.6780   10.54707   4.259138 5.0640e-11    26.7139    26.7131 1.0000e-12     25.000          1       2287    1504.47 1.9747e+00  54694.292     95.260 1616571359      -0.13      0.343   39.23784  -72.29627 0.0000e+00
     25.807    13.8480    35.6694  1026.8525     2.3815     5.3120     91.636   -0.01632    5.80397    5.80102      8.548     0.5989   10.54600   4.250754 5.0640e-11    26.7375    26.7367 1.0000e-12     26.000          1       2336    1504.20 1.9747e+00  54714.751     97.292 1616571361       0.21      0.525   39.23784  -72.29628 0.0000e+00
     26.794    13.8143    35.6690  1026.8637     2.3552     5.2859     91.257   -0.00391    5.81128    5.80843      8.543     0.4668   10.55809   4.247593 5.0640e-11    26.7443    26.7435 1.0000e-12     27.000          1       2484    1504.11 1.9747e+00  54719.218    103.447 1616571367       0.65      0.519   39.23784  -72.29632 0.0000e+00
     27.794    13.7636    35.6719  1026.8811     2.3454     5.2678     90.736   -0.00462    5.81443    5.81161      8.540     0.3829   10.56327   4.243051 5.0640e-11    26.7573    26.7564 1.0000e-12     28.000          1       2546    1503.96 1.9747e+00  54730.648    106.055 1616571370       0.17      0.548   39.23784  -72.29635 0.0000e+00
     28.778    13.7051    35.6773  1026.9020     2.3281     5.2361     89.920   -0.00434    5.81806    5.81530      8.537     0.2637   10.56926   4.237929 5.0640e-11    26.7737    26.7728 1.0000e-12     29.000          1       2662    1503.79 1.9747e+00  54746.485    110.879 1616571375       0.04      0.256   39.23782  -72.29638 0.0000e+00
     29.778    13.6761    35.6764  1026.9118     2.3182     5.2057     89.385   -0.00533    5.82252    5.81981      8.536     0.1797   10.57665   4.234982 5.0640e-11    26.7790    26.7781 1.0000e-12     30.000          1       2760    1503.72 1.9747e+00  54749.724    114.975 1616571379       0.66      0.613   39.23782  -72.29640 0.0000e+00
     30.770    13.6586    35.6762  1026.9198     2.3116     5.2010     89.282   -0.00239    5.82388    5.82119      8.535     0.1853   10.57890   4.233416 5.0640e-11    26.7826    26.7816 1.0000e-12     31.000          1       2837    1503.67 1.9747e+00  54752.372    118.151 1616571382       0.32      0.565   39.23782  -72.29643 0.0000e+00
     31.762    13.6463    35.6752  1026.9260     2.3070     5.1865     89.151   -0.00126    5.82417    5.82148 -9.990e-29     0.1220   10.57934   4.232230 5.0640e-11    26.7844    26.7834 1.0000e-12     32.000          1       2945    1503.65 1.9747e+00  54753.213    122.654 1616571387       0.26      0.701   39.23782  -72.29646 0.0000e+00
     32.745    13.6443    35.6805  1026.9349     2.3032     5.1714     88.890   -0.00241    5.82471    5.82203      8.532     0.0907   10.58019   4.232795 5.0640e-11    26.7889    26.7879 1.0000e-12     33.000          1       3036    1503.67 1.9747e+00  54761.434    126.443 1616571390       0.32      0.814   39.23782  -72.29648 0.0000e+00
     33.754    13.6458    35.6846  1026.9424     2.3002     5.1721     88.769   -0.00213    5.82484    5.82217      8.532     0.1082   10.58042   4.233378 5.0640e-11    26.7919    26.7909 1.0000e-12     34.000          1       3097    1503.69 1.9747e+00  54767.482    128.979 1616571393       0.12      0.912   39.23782  -72.29651 0.0000e+00
     34.742    13.6450    35.6860  1026.9480     2.2981     5.1764     88.821   -0.00021    5.82482    5.82215      8.532     0.1060   10.58035   4.233511 5.0640e-11    26.7931    26.7921 1.0000e-12     35.000          1       3234    1503.71 1.9747e+00  54770.087    134.688 1616571399       0.04      0.735   39.23782  -72.29654 0.0000e+00
     35.709    13.6438    35.6870  1026.9534     2.2991     5.1700     88.928    0.00014    5.82543    5.82276      8.532     0.1054   10.58131   4.233552 5.0640e-11    26.7942    26.7931 1.0000e-12     36.000          1       3406    1503.72 1.9747e+00  54772.175    141.888 1616571406       0.21      0.260   39.23782  -72.29660 0.0000e+00
     36.726    13.6403    35.6887  1026.9600     2.2976     5.1674     88.747   -0.00114    5.82503    5.82236      8.532     0.1008   10.58067   4.233405 5.0640e-11    26.7963    26.7952 1.0000e-12     37.000          1       3415    1503.73 1.9747e+00  54775.608    142.260 1616571406       0.42      0.777   39.23782  -72.29660 0.0000e+00
     37.712    13.6401    35.6895  1026.9651     2.2949     5.1623     88.671   -0.00069    5.82465    5.82197      8.532     0.0764   10.58001   4.233593 5.0640e-11    26.7970    26.7959 1.0000e-12     38.000          1       3548    1503.75 1.9747e+00  54777.347    147.771 1616571412      -0.03      0.677   39.23780  -72.29663 0.0000e+00
     38.707    13.6443    35.6909  1026.9698     2.2930     5.1594     88.565   -0.00091    5.82468    5.82201 -9.990e-29     0.0699   10.58006   4.234191 5.0640e-11    26.7972    26.7960 1.0000e-12     39.000          1       3629    1503.78 1.9747e+00  54779.256    151.169 1616571415       0.06      0.572   39.23780  -72.29666 0.0000e+00
     39.693    13.6461    35.6914  1026.9742     2.2921     5.1605     88.598   -0.00013    5.82424    5.82156 -9.990e-29     0.0687   10.57931   4.234455 5.0640e-11    26.7972    26.7960 1.0000e-12     40.000          1       3767    1503.80 1.9747e+00  54780.256    156.897 1616571421      -0.01      0.326   39.23780  -72.29670 0.0000e+00
     40.683    13.6474    35.6919  1026.9787     2.2911     5.1547     88.545   -0.00037    5.82421    5.82153 -9.990e-29     0.0644   10.57927   4.234681 5.0640e-11    26.7973    26.7961 1.0000e-12     41.000          1       3855    1503.82 1.9747e+00  54781.301    160.567 1616571424       0.02      0.245   39.23780  -72.29671 0.0000e+00
     41.680    13.6473    35.6919  1026.9832     2.2900     5.1523     88.476   -0.00058    5.82426    5.82158 -9.990e-29     0.0656   10.57935   4.234708 5.0640e-11    26.7974    26.7962 1.0000e-12     42.000          1       3936    1503.84 1.9747e+00  54781.961    163.948 1616571428       0.16      0.426   39.23780  -72.29675 0.0000e+00
     42.676    13.6459    35.6917  1026.9879     2.2894     5.1506     88.437   -0.00096    5.82429    5.82161      8.531     0.0643   10.57939   4.234598 5.0640e-11    26.7976    26.7963 1.0000e-12     43.000          1       4035    1503.85 1.9747e+00  54782.493    168.100 1616571432       0.26      0.647   39.23780  -72.29676 0.0000e+00
     43.660    13.6467    35.6919  1026.9922     2.2891     5.1544     88.496    0.00001    5.82435    5.82168      8.531     0.0597   10.57950   4.234744 5.0640e-11    26.7976    26.7963 1.0000e-12     44.000          1       4138    1503.87 1.9747e+00  54783.212    172.360 1616571436       0.03      0.182   39.23780  -72.29680 0.0000e+00
     44.658    13.6456    35.6919  1026.9969     2.2888     5.1540     88.474   -0.00022    5.82458    5.82191      8.531     0.0572   10.57988   4.234654 5.0640e-11    26.7979    26.7965 1.0000e-12     45.000          1       4235    1503.88 1.9747e+00  54783.910    176.420 1616571440       0.60      0.572   39.23780  -72.29682 0.0000e+00
     45.652    13.6440    35.6915  1027.0014     2.2894     5.1557     88.552    0.00018    5.82470    5.82203      8.531     0.0661   10.58009   4.234521 5.0640e-11    26.7979    26.7965 1.0000e-12     46.000          1       4329    1503.89 1.9747e+00  54784.147    180.353 1616571444       0.13      0.640   39.23780  -72.29685 0.0000e+00
     46.644    13.6437    35.6913  1027.0058     2.2897     5.1594     88.552   -0.00007    5.82484    5.82217      8.531     0.0466   10.58033   4.234508 5.0640e-11    26.7979    26.7965 1.0000e-12     47.000          1       4409    1503.91 1.9747e+00  54784.548    183.646 1616571448       0.02      0.597   39.23780  -72.29687 0.0000e+00
     47.636    13.6416    35.6908  1027.0103     2.2878     5.1539     88.448   -0.00053    5.82527    5.82261      8.531     0.0780   10.58105   4.234262 5.0640e-11    26.7979    26.7965 1.0000e-12     48.000          1       4540    1503.92 1.9747e+00  54784.697    189.135 1616571453       0.35      0.687   39.23778  -72.29690 0.0000e+00
