CalculateIndicators/WaterTemperature/Data/CTD_NYOS/20210323_C19.cnv
* Sea-Bird SBE 9 Data File:
* FileName = C:\Seabird 9 CTD\Data\2021\202103_offshore\20210323_C19.hex
* Software Version Seasave V 7.23.2
* Temperature SN = 4590
* Conductivity SN = 3228
* Number of Bytes Per Scan = 44
* Number of Voltage Words = 5
* Number of Scans Averaged by the Deck Unit = 1
* NMEA Latitude = 39 59.68 N
* NMEA Longitude = 072 54.49 W
* NMEA UTC (Time) = Mar 23 2021  14:48:35
* NMEA baud rate = 4800
** Ship: RV Seawolf
** Station: 5.3
** Operator: TCM
# nquan = 31
# nvalues = 98                          
# units = specified
# name 0 = depSM: Depth [salt water, m]
# name 1 = t090C: Temperature [ITS-90, deg C]
# name 2 = sal00: Salinity, Practical [PSU]
# name 3 = density00: Density [density, kg/m^3]
# name 4 = sbeox0V: Oxygen raw, SBE 43 [V]
# name 5 = sbeox0ML/L: Oxygen, SBE 43 [ml/l]
# name 6 = sbeox0PS: Oxygen, SBE 43 [% saturation]
# name 7 = sbox0dV/dT: Oxygen, SBE 43 [dov/dt]
# name 8 = oxsolML/L: Oxygen Saturation, Garcia & Gordon [ml/l]
# name 9 = oxsatML/L: Oxygen Saturation, Weiss [ml/l]
# name 10 = ph: pH
# name 11 = flECO-AFL: Fluorescence, WET Labs ECO-AFL/FL [mg/m^3]
# name 12 = n2satML/L: Nitrogen Saturation [ml/l]
# name 13 = c0S/m: Conductivity [S/m]
# name 14 = cpar: CPAR/Corrected Irradiance [%]
# name 15 = sigma-é00: Density [sigma-theta, kg/m^3]
# name 16 = sigma-t00: Density [sigma-t, kg/m^3 ]
# name 17 = par: PAR/Irradiance, Biospherical/Licor
# name 18 = prDM: Pressure, Digiquartz [db]
# name 19 = pumps: Pump Status
# name 20 = scan: Scan Count
# name 21 = svCM: Sound Velocity [Chen-Millero, m/s]
# name 22 = spar: SPAR, Biospherical/Licor
# name 23 = specc: Specific Conductance [uS/cm]
# name 24 = timeS: Time, Elapsed [seconds]
# name 25 = timeY: Time, System [seconds]
# name 26 = accM: Acceleration [m/s^2]
# name 27 = dz/dtM: Descent Rate [m/s]
# name 28 = latitude: Latitude [deg]
# name 29 = longitude: Longitude [deg]
# name 30 = flag: flag
# span 0 =      1.974,     50.646       
# span 1 =     7.0701,     7.5819       
# span 2 =    33.3542,    33.4769       
# span 3 =  1026.0609,  1026.3853       
# span 4 =     2.4405,     2.5846       
# span 5 =     6.5681,     7.0331       
# span 6 =     96.709,    104.066       
# span 7 =   -0.01029,    0.00770       
# span 8 =    6.73359,    6.81348       
# span 9 =    6.74155,    6.82265       
# span 10 =      8.515,      8.550      
# span 11 =     0.3267,     1.2219      
# span 12 =   12.10984,   12.24196      
# span 13 =   3.386075,   3.436008      
# span 14 = 2.7974e-02, 3.7126e+01      
# span 15 =    26.0518,    26.1520      
# span 16 =    26.0517,    26.1513      
# span 17 = 4.1811e-01, 6.5869e+02      
# span 18 =      2.000,     51.000      
# span 19 =          1,          1      
# span 20 =        151,      10874      
# span 21 =    1477.32,    1479.45      
# span 22 = 1.3754e+03, 1.7783e+03      
# span 23 =  52659.010,  52872.017      
# span 24 =      6.250,    453.021      
# span 25 = 1616510922, 1616511369      
# span 26 =      -1.25,       0.82      
# span 27 =     -1.118,      1.079      
# span 28 =   39.99402,   39.99470      
# span 29 =  -72.91040,  -72.90821      
# span 30 = 0.0000e+00, 0.0000e+00      
# interval = decibars: 1                
# start_time = Mar 23 2021 14:48:36 [System UTC, first data scan.]
# bad_flag = -9.990e-29
*END*
[from data line 47]
     48.630     7.2682    33.4166  1026.3597     2.4481     6.6066     97.596   -0.00070    6.78143    6.79018      8.516     0.4146   12.18829   3.410756 3.8217e-02    26.1354    26.1347 5.7842e-01     49.000          1       3054    1478.52 1.5134e+03  52842.016    127.199 1616511043       0.05      0.643   39.99450  -72.90879 0.0000e+00
     49.626     7.3344    33.4366  1026.3708     2.4456     6.5915     97.450   -0.00085    6.77966    6.78838      8.515     0.3927   12.18530   3.418809 3.3980e-02    26.1419    26.1413 4.9616e-01     50.000          1       4217    1478.85 1.4616e+03  52853.997    175.647 1616511092       0.32      0.481   39.99443  -72.90904 0.0000e+00
     50.646     7.4895    33.4769  1026.3853     2.4405     6.5681     96.709   -0.00573    6.78116    6.78990      8.515     0.3591   12.18778   3.436008 2.7974e-02    26.1520    26.1513 4.1811e-01     51.000          1       4776    1479.45 1.4918e+03  52872.017    198.968 1616511115      -0.58      1.012   39.99441  -72.90916 0.0000e+00
     49.628     7.3949    33.4507  1026.3733     2.4409     6.5935     96.957   -0.00351    6.78276    6.79153      8.516     0.3897   12.19051   3.424306 3.0829e-02    26.1446    26.1439 4.5303e-01     50.000          1       4521    1479.06 1.4698e+03  52858.461    188.337 1616511105      -1.25      0.071   39.99440  -72.90910 0.0000e+00
     48.609     7.3071    33.4286  1026.3636     2.4408     6.6060     97.166   -0.00134    6.78213    6.79089      8.515     0.4112   12.18944   3.414356 3.5031e-02    26.1394    26.1388 4.9901e-01     49.000          1       4540    1478.68 1.4254e+03  52848.980    189.109 1616511105      -0.87     -0.836   39.99440  -72.90910 0.0000e+00
     47.610     7.2637    33.4183  1026.3570     2.4423     6.6096     97.410    0.00033    6.78369    6.79247      8.515     0.4084   12.19205   3.409826 4.1178e-02    26.1374    26.1368 5.7254e-01     48.000          1       4641    1478.49 1.3895e+03  52844.952    193.326 1616511110       0.13     -1.028   39.99440  -72.90913 0.0000e+00
     46.617     7.2265    33.4055  1026.3475     2.4440     6.6366     97.460    0.00013    6.79377    6.80269      8.517     0.3743   12.20892   3.405052 4.7152e-02    26.1324    26.1318 6.9547e-01     47.000          1       4933    1478.31 1.4732e+03  52835.773    205.500 1616511122      -0.06     -1.118   39.99438  -72.90920 0.0000e+00
     45.645     7.1785    33.3922  1026.3392     2.4496     6.6466     97.860    0.00154    6.79549    6.80443      8.518     0.3300   12.21178   3.399940 5.3509e-02    26.1286    26.1280 7.7457e-01     46.000          1       5041    1478.09 1.4478e+03  52828.812    209.994 1616511126      -0.71     -0.280   39.99437  -72.90922 0.0000e+00
     44.650     7.1767    33.3918  1026.3346     2.4504     6.6442     97.784    0.00052    6.79553    6.80447      8.517     0.3468   12.21186   3.399685 6.1220e-02    26.1285    26.1279 9.0614e-01     45.000          1       5090    1478.07 1.4797e+03  52828.086    212.025 1616511128       0.03     -0.464   39.99436  -72.90924 0.0000e+00
     43.655     7.1757    33.3914  1026.3298     2.4508     6.6425     97.760    0.00015    6.79573    6.80467      8.520     0.3656   12.21219   3.399564 7.2006e-02    26.1283    26.1277 1.0707e+00     44.000          1       5139    1478.05 1.4870e+03  52827.009    214.104 1616511130      -0.40     -0.538   39.99436  -72.90924 0.0000e+00
     42.666     7.1745    33.3911  1026.3251     2.4506     6.6418     97.718   -0.00005    6.79651    6.80546 -9.990e-29     0.3842   12.21350   3.399412 8.4841e-02    26.1282    26.1277 1.2952e+00     43.000          1       5190    1478.03 1.5259e+03  52826.235    216.204 1616511132       0.16     -0.484   39.99436  -72.90927 0.0000e+00
     41.677     7.1710    33.3900  1026.3201     2.4510     6.6428     97.748    0.00024    6.79704    6.80600 -9.990e-29     0.3536   12.21438   3.398942 9.3818e-02    26.1278    26.1272 1.4687e+00     42.000          1       5245    1477.99 1.5656e+03  52824.853    218.487 1616511135      -0.24     -0.446   39.99436  -72.90928 0.0000e+00
     40.681     7.1679    33.3890  1026.3152     2.4508     6.6426     97.706   -0.00000    6.79731    6.80627 -9.990e-29     0.3586   12.21484   3.398563 1.0589e-01    26.1274    26.1269 1.6730e+00     41.000          1       5278    1477.97 1.5794e+03  52823.643    219.873 1616511136      -0.08     -0.698   39.99436  -72.90928 0.0000e+00
     39.687     7.1664    33.3888  1026.3107     2.4509     6.6445     97.698   -0.00005    6.79973    6.80873      8.519     0.3267   12.21887   3.398373 1.2092e-01    26.1275    26.1270 1.9100e+00     40.000          1       5316    1477.94 1.5802e+03  52823.007    221.465 1616511138       0.10     -0.655   39.99436  -72.90928 0.0000e+00
     38.703     7.1609    33.3875  1026.3058     2.4515     6.6585     97.757    0.00036    6.80173    6.81075      8.518     0.3581   12.22221   3.397659 1.3703e-01    26.1272    26.1267 2.0977e+00     39.000          1       5364    1477.90 1.5307e+03  52821.918    223.451 1616511140      -0.04     -0.461   39.99436  -72.90930 0.0000e+00
     37.703     7.1465    33.3840  1026.3004     2.4533     6.6655     97.907    0.00106    6.80273    6.81177      8.520     0.4326   12.22390   3.396009 1.5157e-01    26.1264    26.1259 2.2708e+00     38.000          1       5399    1477.83 1.4987e+03  52820.061    224.915 1616511141      -0.04     -0.669   39.99436  -72.90930 0.0000e+00
     36.712     7.1355    33.3811  1026.2951     2.4576     6.7108     98.215    0.00216    6.80172    6.81074      8.521     0.4883   12.22225   3.394703 1.7020e-01    26.1256    26.1251 2.4932e+00     37.000          1       5441    1477.77 1.4652e+03  52818.105    226.678 1616511143       0.05     -0.573   39.99434  -72.90931 0.0000e+00
     35.719     7.1366    33.3785  1026.2883     2.4673     6.7435     98.955    0.00491    6.80267    6.81170 -9.990e-29     0.5063   12.22385   3.394638 1.9409e-01    26.1234    26.1229 2.8107e+00     36.000          1       5489    1477.75 1.4485e+03  52813.417    228.661 1616511145       0.03     -0.507   39.99434  -72.90932 0.0000e+00
     34.736     7.1370    33.3763  1026.2819     2.4763     6.7567     99.267    0.00366    6.80534    6.81440 -9.990e-29     0.5726   12.22831   3.394374 2.2570e-01    26.1216    26.1211 3.1896e+00     35.000          1       5546    1477.73 1.4127e+03  52809.504    231.022 1616511147       0.01     -0.387   39.99434  -72.90934 0.0000e+00
     33.732     7.1316    33.3743  1026.2765     2.4790     6.7609     99.262    0.00235    6.80637    6.81545 -9.990e-29     0.6194   12.23003   3.393629 2.5499e-01    26.1207    26.1203 3.5849e+00     34.000          1       5577    1477.69 1.4062e+03  52807.386    232.331 1616511149      -0.28     -0.682   39.99434  -72.90934 0.0000e+00
     32.745     7.1176    33.3704  1026.2708     2.4811     6.7555     99.241    0.00118    6.80811    6.81722 -9.990e-29     0.6615   12.23295   3.391994 2.8923e-01    26.1196    26.1191 4.0410e+00     33.000          1       5621    1477.62 1.3970e+03  52804.850    234.178 1616511150       0.21     -0.568   39.99434  -72.90934 0.0000e+00
     31.750     7.1077    33.3674  1026.2652     2.4827     6.7588     99.289    0.00099    6.80992    6.81905 -9.990e-29     0.6925   12.23599   3.390777 3.1912e-01    26.1186    26.1182 4.5524e+00     32.000          1       5665    1477.56 1.4263e+03  52802.540    236.017 1616511152      -0.15     -0.559   39.99434  -72.90936 0.0000e+00
     30.761     7.0992    33.3650  1026.2599     2.4824     6.7512     99.167   -0.00007    6.81033    6.81947 -9.990e-29     0.8144   12.23668   3.389771 3.7426e-01    26.1178    26.1175 5.3744e+00     31.000          1       5708    1477.51 1.4356e+03  52800.717    237.807 1616511154       0.05     -0.561   39.99434  -72.90936 0.0000e+00
     29.768     7.0889    33.3616  1026.2540     2.4821     6.7502     99.126   -0.00016    6.81128    6.82043 -9.990e-29     0.7074   12.23828   3.388536 4.4867e-01    26.1165    26.1161 6.6886e+00     30.000          1       5768    1477.44 1.4903e+03  52797.804    240.274 1616511156       0.09     -0.375   39.99434  -72.90938 0.0000e+00
     28.780     7.0871    33.3602  1026.2486     2.4819     6.7528     99.097   -0.00013    6.80780    6.81690      8.526     0.7259   12.23253   3.388197 4.9822e-01    26.1157    26.1153 7.4559e+00     29.000          1       5821    1477.42 1.4967e+03  52795.693    242.520 1616511159      -0.35     -0.475   39.99434  -72.90939 0.0000e+00
     27.780     7.0814    33.3581  1026.2431     2.4833     6.7791     99.248    0.00075    6.80633    6.81540      8.529     0.7143   12.23008   3.387435 5.5812e-01    26.1148    26.1144 8.3540e+00     28.000          1       5849    1477.38 1.4966e+03  52793.514    243.678 1616511160      -0.15     -0.805   39.99434  -72.90940 0.0000e+00
     26.791     7.1042    33.3593  1026.2363     2.4932     6.8260    100.080    0.00442    6.80426    6.81330      8.530     0.9013   12.22663   3.389737 6.3952e-01    26.1126    26.1123 9.5319e+00     27.000          1       5900    1477.45 1.4909e+03  52788.492    245.806 1616511162       0.20     -0.473   39.99434  -72.90940 0.0000e+00
     25.796     7.1184    33.3613  1026.2313     2.5024     6.8497    100.465    0.00376    6.80398    6.81302 -9.990e-29     1.0267   12.22616   3.391175 7.4331e-01    26.1122    26.1119 1.0884e+01     26.000          1       5953    1477.49 1.4645e+03  52786.879    247.999 1616511164      -0.25     -0.508   39.99434  -72.90941 0.0000e+00
     24.794     7.1434    33.3647  1026.2259     2.5105     6.8678    100.809    0.00315    6.80414    6.81317      8.536     1.1069   12.22642   3.393680 8.5230e-01    26.1114    26.1111 1.2346e+01     25.000          1       6255    1477.58 1.4481e+03  52784.393    260.571 1616511177      -0.11     -0.659   39.99432  -72.90947 0.0000e+00
     23.810     7.1550    33.3673  1026.2218     2.5162     6.8622    100.880    0.00153    6.79508    6.80399      8.534     1.1199   12.21135   3.394808 1.0421e+00    26.1119    26.1116 1.6649e+01     24.000          1       7880    1477.61 1.5969e+03  52784.273    328.291 1616511244      -0.24     -0.573   39.99422  -72.90978 0.0000e+00
     22.824     7.1656    33.3685  1026.2167     2.5227     6.9216    101.317    0.00291    6.78934    6.79816      8.539     1.1763   12.20181   3.395816 1.2400e+00    26.1114    26.1111 1.9473e+01     23.000          1       7950    1477.64 1.5709e+03  52782.604    331.200 1616511247       0.10     -0.588   39.99422  -72.90979 0.0000e+00
     21.828     7.2035    33.3745  1026.2116     2.5401     6.9987    102.635    0.00770    6.78817    6.79697      8.547     1.1880   12.19986   3.399902 1.3918e+00    26.1109    26.1106 2.2347e+01     22.000          1       8000    1477.77 1.6056e+03  52780.512    333.279 1616511250      -0.01     -0.477   39.99422  -72.90980 0.0000e+00
     20.847     7.2279    33.3781  1026.2065     2.5609     7.0218    103.403    0.00522    6.78684    6.79563      8.549     1.2175   12.19767   3.402279 1.5436e+00    26.1103    26.1101 2.4996e+01     21.000          1       8074    1477.85 1.6191e+03  52778.554    336.355 1616511253      -0.80     -0.332   39.99422  -72.90980 0.0000e+00
     19.839     7.2334    33.3782  1026.2011     2.5651     7.0205    103.468    0.00389    6.78536    6.79413      8.549     1.1812   12.19524   3.402664 1.8290e+00    26.1096    26.1093 2.9340e+01     20.000          1       8105    1477.86 1.6053e+03  52776.491    337.661 1616511254      -0.11     -0.686   39.99420  -72.90982 0.0000e+00
     18.857     7.2379    33.3778  1026.1957     2.5734     7.0331    103.684    0.00247    6.76352    6.77194      8.550     1.1720   12.15929   3.402955 2.0736e+00    26.1087    26.1084 3.2442e+01     19.000          1       8174    1477.86 1.5644e+03  52774.112    340.558 1616511257      -0.28     -0.261   39.99420  -72.90983 0.0000e+00
     17.861     7.3276    33.3713  1026.1735     2.5806     7.0221    104.066    0.00308    6.75256    6.76081      8.549     1.0865   12.14119   3.410759 2.3982e+00    26.0911    26.0909 3.7610e+01     18.000          1       8225    1478.18 1.5678e+03  52740.990    342.681 1616511259       0.08     -0.428   39.99420  -72.90984 0.0000e+00
     16.874     7.4444    33.3669  1026.1491     2.5846     7.0084    104.059    0.00130    6.74191    6.74999      8.547     0.9340   12.12359   3.420737 2.6377e+00    26.0713    26.0711 4.2822e+01     17.000          1       8288    1478.61 1.6237e+03  52703.872    345.296 1616511262      -0.29     -0.340   39.99420  -72.90984 0.0000e+00
     15.873     7.4993    33.3658  1026.1358     2.5846     7.0010    103.946    0.00026    6.74050    6.74856      8.548     0.9324   12.12128   3.425534 3.0920e+00    26.0627    26.0624 4.8384e+01     16.000          1       8323    1478.80 1.5671e+03  52687.668    346.743 1616511263       0.00     -0.658   39.99418  -72.90986 0.0000e+00
     14.885     7.5342    33.3661  1026.1266     2.5827     6.9887    103.723   -0.00094    6.73924    6.74728 -9.990e-29     0.9004   12.11919   3.428401 3.4672e+00    26.0580    26.0578 5.3655e+01     15.000          1       8379    1478.92 1.5472e+03  52678.642    349.063 1616511265       0.07     -0.412   39.99418  -72.90987 0.0000e+00
     13.892     7.5428    33.3663  1026.1209     2.5823     6.9943    103.782    0.00001    6.73857    6.74660 -9.990e-29     0.9236   12.11806   3.429017 4.1746e+00    26.0569    26.0567 6.4618e+01     14.000          1       8435    1478.94 1.5483e+03  52676.105    351.420 1616511268      -0.05     -0.431   39.99418  -72.90988 0.0000e+00
     12.908     7.5528    33.3673  1026.1158     2.5830     6.9887    103.805    0.00019    6.73650    6.74450 -9.990e-29     0.8537   12.11465   3.429831 4.5862e+00    26.0563    26.0561 7.1491e+01     13.000          1       8508    1478.96 1.5591e+03  52674.402    354.454 1616511271      -0.08     -0.236   39.99418  -72.90988 0.0000e+00
     11.899     7.5528    33.3675  1026.1113     2.5824     6.9837    103.724   -0.00032    6.73590    6.74390 -9.990e-29     0.8271   12.11367   3.429804 5.4243e+00    26.0564    26.0563 8.2700e+01     12.000          1       8537    1478.94 1.5252e+03  52673.963    355.655 1616511272      -0.47     -0.735   39.99416  -72.90990 0.0000e+00
     10.914     7.5683    33.3669  1026.1040     2.5822     6.9920    103.733   -0.00006    6.73628    6.74428 -9.990e-29     0.7796   12.11429   3.431038 6.4234e+00    26.0537    26.0536 1.0174e+02     11.000          1       8594    1478.99 1.5841e+03  52668.485    358.046 1616511274       0.22     -0.430   39.99416  -72.90991 0.0000e+00
      9.912     7.5637    33.3679  1026.1009     2.5833     6.9897    103.831    0.00037    6.73707    6.74508      8.548     0.7776   12.11557   3.430539 6.8932e+00    26.0552    26.0551 1.0915e+02     10.000          1       8951    1478.95 1.5829e+03  52670.444    372.922 1616511289      -0.07     -0.493   39.99414  -72.90998 0.0000e+00
      8.930     7.5752    33.3685  1026.0952     2.5838     6.9887    103.776    0.00001    6.73449    6.74246      8.548     0.6213   12.11131   3.431531 7.3584e+00    26.0540    26.0539 1.0875e+02      9.000          1      10388    1478.98 1.4784e+03  52667.700    432.792 1616511349      -0.18     -0.241   39.99405  -72.91030 0.0000e+00
      7.941     7.5742    33.3685  1026.0907 -9.990e-29     6.9880    103.745   -0.00011    6.73410    6.74206 -9.990e-29     0.5617   12.11067   3.431384 8.0739e+00    26.0541    26.0540 1.1635e+02      8.000          1      10361    1478.96 1.4415e+03  52667.282    431.687 1616511348      -0.64     -0.459   39.99404  -72.91029 0.0000e+00
