CalculateIndicators/WaterTemperature/Data/CTD_NYOS/20210524_C22.cnv
* Sea-Bird SBE 9 Data File:
* FileName = C:\Seabird 9 CTD\Data\2021\202105_offshore\20210524_C22.hex
* Software Version Seasave V 7.23.2
* Temperature SN = 4590
* Conductivity SN = 3228
* Number of Bytes Per Scan = 44
* Number of Voltage Words = 5
* Number of Scans Averaged by the Deck Unit = 1
* NMEA Latitude = 40 05.66 N
* NMEA Longitude = 072 36.86 W
* NMEA UTC (Time) = May 24 2021  04:44:36
* NMEA baud rate = 4800
** Ship: seawolf
** Station: 4.3
** Operator: sjw
# nquan = 31
# nvalues = 205                         
# units = specified
# name 0 = depSM: Depth [salt water, m]
# name 1 = t090C: Temperature [ITS-90, deg C]
# name 2 = sal00: Salinity, Practical [PSU]
# name 3 = density00: Density [density, kg/m^3]
# name 4 = sbeox0V: Oxygen raw, SBE 43 [V]
# name 5 = sbeox0ML/L: Oxygen, SBE 43 [ml/l]
# name 6 = sbeox0PS: Oxygen, SBE 43 [% saturation]
# name 7 = sbox0dV/dT: Oxygen, SBE 43 [dov/dt]
# name 8 = oxsolML/L: Oxygen Saturation, Garcia & Gordon [ml/l]
# name 9 = oxsatML/L: Oxygen Saturation, Weiss [ml/l]
# name 10 = ph: pH
# name 11 = flECO-AFL: Fluorescence, WET Labs ECO-AFL/FL [mg/m^3]
# name 12 = n2satML/L: Nitrogen Saturation [ml/l]
# name 13 = c0S/m: Conductivity [S/m]
# name 14 = cpar: CPAR/Corrected Irradiance [%]
# name 15 = sigma-é00: Density [sigma-theta, kg/m^3]
# name 16 = sigma-t00: Density [sigma-t, kg/m^3 ]
# name 17 = par: PAR/Irradiance, Biospherical/Licor
# name 18 = prDM: Pressure, Digiquartz [db]
# name 19 = pumps: Pump Status
# name 20 = scan: Scan Count
# name 21 = svCM: Sound Velocity [Chen-Millero, m/s]
# name 22 = spar: SPAR, Biospherical/Licor
# name 23 = specc: Specific Conductance [uS/cm]
# name 24 = timeS: Time, Elapsed [seconds]
# name 25 = timeY: Time, System [seconds]
# name 26 = accM: Acceleration [m/s^2]
# name 27 = dz/dtM: Descent Rate [m/s]
# name 28 = latitude: Latitude [deg]
# name 29 = longitude: Longitude [deg]
# name 30 = flag: flag
# span 0 =      1.460,     52.594       
# span 1 =     7.0976,    15.4319       
# span 2 =    31.3092,    33.8146       
# span 3 =  1023.0466,  1026.3369       
# span 4 =     1.9632,     3.1507       
# span 5 =     4.9030,     7.7561       
# span 6 =     73.417,    134.958       
# span 7 =   -0.22902,    0.08972       
# span 8 =    5.74286,    6.82531       
# span 9 =    5.73713,    6.83425       
# span 10 =      7.857,      8.060      
# span 11 =     0.0672,     0.8972      
# span 12 =   10.48209,   12.26580      
# span 13 =   3.356531,   4.026783      
# span 14 = -1.847e+04, 1.0300e+05      
# span 15 =    23.0355,    26.0950      
# span 16 =    23.0354,    26.0943      
# span 17 = -2.929e-02, 4.9509e-02      
# span 18 =      1.500,     53.000      
# span 19 =          1,          1      
# span 20 =        168,      11162      
# span 21 =    1477.21,    1504.84      
# span 22 = -5.922e-02, 2.3394e+00      
# span 23 =  48505.153,  52772.539      
# span 24 =      6.971,    465.053      
# span 25 = 1621831481, 1621831939      
# span 26 =      -0.98,       0.54      
# span 27 =     -1.208,      1.078      
# span 28 =   40.09287,   40.09434      
# span 29 =  -72.61784,  -72.61452      
# span 30 = 0.0000e+00, 0.0000e+00      
# interval = decibars: 0.5              
# start_time = May 24 2021 04:44:34 [System UTC, first data scan.]
# bad_flag = -9.990e-29
*END*
[from data line 141]
     32.748     7.9418    32.7076  1025.6334     2.4340     6.4851     97.340    0.00910    6.66232    6.66846      7.991     0.2767   12.00030   3.404127 5.0640e-11    25.4827    25.4823 1.0000e-12     33.000          1       6800    1479.95 1.9747e+00  51654.447    283.312 1621831757      -0.08     -0.202   40.09345  -72.61654 0.0000e+00
     32.265     8.0272    32.7103  1025.6209     2.4539     6.5713     98.768    0.01419    6.65330    6.65928      7.996     0.2603   11.98574   3.412696 5.0640e-11    25.4724    25.4720 1.0000e-12     32.500          1       6834    1480.27 1.9747e+00  51638.008    284.702 1621831759      -0.54     -0.208   40.09344  -72.61655 0.0000e+00
     31.754     8.1159    32.7117  1025.6067     2.4612     6.6063     99.278    0.01581    6.65434    6.66033      7.996     0.2839   11.98749   3.421195 5.0640e-11    25.4607    25.4602 1.0000e-12     32.000          1       6844    1480.60 1.9747e+00  51619.129    285.135 1621831759      -0.75     -0.537   40.09344  -72.61656 0.0000e+00
     31.250     8.2039    32.7125  1025.5920     2.4690     6.6394     99.757    0.01681    6.65565    6.66166      7.994     0.2776   11.98973   3.428605 5.0640e-11    25.4483    25.4479 1.0000e-12     31.500          1       6855    1480.93 1.9747e+00  51599.000    285.580 1621831760      -0.60     -0.843   40.09344  -72.61656 0.0000e+00
     30.750     8.2772    32.6985  1025.5678     2.4756     6.6604    100.051    0.01648    6.65702    6.66303      7.992     0.2423   11.99202   3.433495 5.0640e-11    25.4265    25.4261 1.0000e-12     31.000          1       6867    1481.18 1.9747e+00  51561.748    286.086 1621831760      -0.21     -1.035   40.09344  -72.61656 0.0000e+00
     30.255     8.3104    32.6792  1025.5455     2.4811     6.6576     99.999    0.01295    6.65764    6.66366      7.992     0.2335   11.99307   3.433902 5.0640e-11    25.4065    25.4061 1.0000e-12     30.500          1       6884    1481.27 1.9747e+00  51526.877    286.803 1621831761       0.27     -0.958   40.09344  -72.61656 0.0000e+00
     29.768     8.3105    32.6599  1025.5281     2.4853     6.6220     99.484    0.00512    6.65638    6.66239      7.989     0.2533   11.99092   3.431872 5.0640e-11    25.3913    25.3909 1.0000e-12     30.000          1       6915    1481.24 1.9747e+00  51499.143    288.066 1621831762       0.30     -0.497   40.09344  -72.61657 0.0000e+00
     29.272     8.2914    32.6492  1025.5203     2.4870     6.5900     99.108    0.00055    6.64931    6.65520      7.990     0.2472   11.97956   3.428857 3.6042e+04    25.3857    25.3853 1.0000e-12     29.500          1       6968    1481.15 1.2630e+00  51487.887    290.311 1621831764      -0.28     -0.185   40.09343  -72.61659 0.0000e+00
     28.788     8.2839    32.6455  1025.5163     2.4902     6.5835     99.329    0.00183    6.62800    6.63355      7.995     0.3060   11.94470   3.427650 1.0011e+05    25.3840    25.3836 1.0000e-12     29.000          1       7015    1481.11 -2.145e-03  51484.129    292.233 1621831766      -0.95     -0.301   40.09342  -72.61660 0.0000e+00
     28.279     8.2831    32.6420  1025.5113     2.4915     6.5892     99.452    0.00255    6.62546    6.63097      7.995     0.3062   11.94050   3.427411 9.9999e+04    25.3813    25.3809 1.0000e-12     28.500          1       7024    1481.09 0.0000e+00  51479.069    292.610 1621831767      -0.98     -0.678   40.09342  -72.61660 0.0000e+00
     27.771     8.2994    32.6352  1025.5012     2.4947     6.6035     99.689    0.00349    6.62415    6.62964      7.996     0.2864   11.93834   3.428474 9.9999e+04    25.3736    25.3732 1.0000e-12     28.000          1       7033    1481.14 0.0000e+00  51465.184    292.993 1621831767      -0.73     -1.007   40.09342  -72.61660 0.0000e+00
     27.269     8.3485    32.6249  1025.4835     2.4971     6.6151     99.919    0.00484    6.62048    6.62590      7.996     0.2811   11.93242   3.432022 9.9999e+04    25.3582    25.3578 1.0000e-12     27.500          1       7044    1481.30 0.0000e+00  51439.487    293.467 1621831767      -0.19     -1.208   40.09342  -72.61660 0.0000e+00
     26.786     8.4402    32.6046  1025.4516     2.5026     6.6302    100.268    0.00591    6.61251    6.61780      7.995     0.2735   11.91940   3.438375 9.9999e+04    25.3286    25.3282 1.0000e-12     27.000          1       7065    1481.61 0.0000e+00  51389.325    294.352 1621831768       0.50     -0.932   40.09342  -72.61662 0.0000e+00
     26.306     8.5204    32.5971  1025.4315     2.5096     6.6532    100.632    0.00613    6.61140    6.61668      7.996     0.3090   11.91756   3.444462 9.9999e+04    25.3107    25.3103 1.0000e-12     26.500          1       7094    1481.90 0.0000e+00  51360.398    295.530 1621831769       0.14     -0.397   40.09342  -72.61662 0.0000e+00
     25.799     8.5437    32.5914  1025.4211     2.5129     6.6660    100.775    0.00582    6.61477    6.62011      7.997     0.3067   11.92308   3.445934 9.9999e+04    25.3027    25.3023 1.0000e-12     26.000          1       7110    1481.97 0.0000e+00  51347.408    296.206 1621831770      -0.30     -0.495   40.09340  -72.61664 0.0000e+00
     25.292     8.6021    32.5754  1025.3974     2.5150     6.6557    100.644    0.00330    6.61311    6.61842      7.998     0.2947   11.92034   3.449578 7.6303e+04    25.2814    25.2810 1.0000e-12     25.500          1       7164    1482.16 4.6793e-01  51311.140    298.473 1621831772      -0.14     -0.525   40.09340  -72.61665 0.0000e+00
     24.802     8.6757    32.5693  1025.3792     2.5211     6.6450    100.690    0.00082    6.59947    6.60458      8.000     0.2659   11.89782   3.454747 -4.110e+03    25.2655    25.2651 1.0000e-12     25.000          1       7626    1482.42 2.0559e+00  51286.180    317.705 1621831792      -0.12     -0.244   40.09335  -72.61677 0.0000e+00
     24.311     8.7070    32.5613  1025.3660     2.5326     6.6292    101.405    0.00395    6.53740    6.54164      8.004     0.2801   11.79510   3.456621 5.0640e-11    25.2545    25.2541 1.0000e-12     24.500          1       8404    1482.52 1.9747e+00  51267.691    350.119 1621831824      -0.34     -0.353   40.09325  -72.61701 0.0000e+00
     23.812     8.7525    32.5598  1025.3555     2.5397     6.6385    101.964    0.00691    6.51060    6.51447      8.006     0.2685   11.75065   3.460997 5.0640e-11    25.2463    25.2460 1.0000e-12     24.000          1       8418    1482.67 1.9747e+00  51255.476    350.726 1621831825      -0.15     -0.574   40.09324  -72.61702 0.0000e+00
     23.326     8.8547    32.5650  1025.3416     2.5492     6.6767    102.636    0.00942    6.50526    6.50905      8.007     0.2635   11.74201   3.471142 5.0640e-11    25.2347    25.2343 1.0000e-12     23.500          1       8439    1483.05 1.9747e+00  51240.833    351.580 1621831826       0.04     -0.591   40.09324  -72.61702 0.0000e+00
     22.824     8.9643    32.5740  1025.3293     2.5561     6.7158    103.100    0.01069    6.51386    6.51774      8.007     0.2655   11.75657   3.482451 5.0640e-11    25.2248    25.2244 1.0000e-12     23.000          1       8455    1483.47 1.9747e+00  51229.450    352.232 1621831826      -0.14     -0.618   40.09324  -72.61702 0.0000e+00
     22.316     9.1211    32.5765  1025.3044     2.5605     6.7258    103.264    0.01021    6.51327    6.51711      8.007     0.2516   11.75599   3.497082 5.0640e-11    25.2023    25.2019 1.0000e-12     22.500          1       8470    1484.04 1.9747e+00  51200.414    352.870 1621831827      -0.16     -0.735   40.09324  -72.61703 0.0000e+00
     21.833     9.3440    32.5791  1025.2689     2.5636     6.6250    102.723    0.00369    6.44936    6.45232      8.004     0.2883   11.65042   3.515716 5.0640e-11    25.1691    25.1687 1.0000e-12     22.000          1       8501    1484.86 1.9747e+00  51158.086    354.150 1621831828       0.34     -0.533   40.09324  -72.61704 0.0000e+00
     21.343     9.3052    32.5428  1025.2445     2.5737     6.6390    103.379    0.00620    6.42199    6.42458      8.004     0.3200   11.60505   3.507580 5.0640e-11    25.1468    25.1465 1.0000e-12     21.500          1       8526    1484.66 1.9747e+00  51114.303    355.216 1621831829      -0.21     -0.318   40.09324  -72.61706 0.0000e+00
     20.836     9.2960    32.5135  1025.2208     2.5799     6.6817    104.007    0.00997    6.42428    6.42690      8.005     0.3043   11.60885   3.504861 5.0640e-11    25.1255    25.1251 1.0000e-12     21.000          1       8540    1484.58 1.9747e+00  51074.738    355.789 1621831830      -0.49     -0.552   40.09324  -72.61706 0.0000e+00
     20.331     9.4883    32.4893  1025.1687     2.5838     6.6873    104.201    0.01022    6.41769    6.42021      8.005     0.2957   11.59808   3.522530 1.0664e+04    25.0758    25.0754 1.0000e-12     20.500          1       8555    1485.25 1.7641e+00  51001.521    356.412 1621831830      -0.23     -0.785   40.09324  -72.61706 0.0000e+00
     19.847     9.8907    32.5003  1025.1095     2.5862     6.6106    103.683    0.00372    6.37579    6.37774      8.003     0.2835   11.52898   3.558186 1.0300e+05    25.0190    25.0187 1.0000e-12     20.000          1       8583    1486.72 -5.922e-02  50938.633    357.600 1621831832       0.36     -0.587   40.09322  -72.61707 0.0000e+00
     19.361     9.9595    32.4983  1025.0944     2.5931     6.6135    104.033    0.00431    6.35712    6.35881      8.003     0.3006   11.49826   3.562249 9.9999e+04    25.0061    25.0058 1.0000e-12     19.500          1       8610    1486.96 0.0000e+00  50922.934    358.724 1621831833      -0.13     -0.327   40.09322  -72.61708 0.0000e+00
     18.855     9.9510    32.4925  1025.0889     2.5956     6.5989    104.263    0.00619    6.32910    6.33041      8.002     0.2994   11.45205   3.562572 9.9999e+04    25.0029    25.0026 1.0000e-12     19.000          1       8624    1486.92 0.0000e+00  50915.646    359.293 1621831833      -0.44     -0.532   40.09322  -72.61708 0.0000e+00
     18.347    10.1474    32.4728  1025.0384     2.5968     6.5614    104.159    0.00495    6.29942    6.30032      8.002     0.2992   11.40304   3.579093 2.2621e+04    24.9549    24.9545 1.0000e-12     18.500          1       8637    1487.59 1.5280e+00  50850.954    359.846 1621831834      -0.35     -0.763   40.09322  -72.61708 0.0000e+00
     17.855    10.3297    32.4633  1024.9981     2.6063     6.5478    104.650    0.00632    6.25694    6.25730      8.001     0.2672   11.33271   3.593379 2.0773e+03    24.9168    24.9165 1.0000e-12     18.000          1       8661    1488.22 1.9337e+00  50804.481    360.851 1621831835       0.24     -0.697   40.09322  -72.61709 0.0000e+00
     17.377    10.6919    32.4308  1024.9084     2.6234     6.5575    105.806    0.01174    6.19761    6.19722      7.999     0.2523   11.23451   3.624574 5.0640e-11    24.8295    24.8292 1.0000e-12     17.500          1       8699    1489.47 1.9747e+00  50694.590    362.436 1621831836       0.03     -0.235   40.09322  -72.61710 0.0000e+00
     16.871    10.9729    32.4210  1024.8495     2.6298     6.5491    105.936    0.00986    6.18207    6.18148      7.998     0.2053   11.20875   3.648199 -9.990e-29    24.7729    24.7726 1.0000e-12     17.000          1       8717    1490.45 -9.990e-29  50632.697    363.170 1621831837      -0.35     -0.426   40.09322  -72.61712 0.0000e+00
     16.369    11.1867    32.4191  1024.8078     2.6329     6.5363    105.925    0.00813    6.17064    6.16991      7.998     0.1803   11.18988   3.667794 -9.990e-29    24.7336    24.7332 1.0000e-12     16.500          1       8733    1491.19 -9.990e-29  50594.988    363.825 1621831838      -0.27     -0.647   40.09321  -72.61712 0.0000e+00
     15.873    11.4305    32.4184  1024.7612     2.6337     6.5051    105.642    0.00435    6.15773    6.15684      7.998     0.1655   11.16851   3.689627 -9.990e-29    24.6894    24.6890 1.0000e-12     16.000          1       8751    1492.03 -9.990e-29  50554.098    364.602 1621831839       0.04     -0.722   40.09320  -72.61712 0.0000e+00
     15.386    11.6531    32.4104  1024.7124     2.6316     6.4695    105.181   -0.00015    6.15082    6.14983      7.996     0.1681   11.15705   3.708004 -9.990e-29    24.6428    24.6424 1.0000e-12     15.500          1       8774    1492.79 -9.990e-29  50507.961    365.522 1621831839       0.15     -0.599   40.09320  -72.61712 0.0000e+00
     14.885    11.7755    32.4109  1024.6880     2.6286     6.4439    104.815   -0.00281    6.14785    6.14683      7.996     0.1840   11.15219   3.718610 9.9999e+04    24.6207    24.6204 1.0000e-12     15.000          1       8792    1493.20 0.0000e+00  50489.319    366.279 1621831840      -0.08     -0.568   40.09320  -72.61714 0.0000e+00
     14.382    11.8781    32.4067  1024.6635     2.6266     6.4279    104.650   -0.00344    6.14229    6.14119      7.996     0.1492   11.14308   3.727213 9.9999e+04    24.5986    24.5982 1.0000e-12     14.500          1       8810    1493.55 0.0000e+00  50467.984    367.034 1621831841      -0.08     -0.657   40.09320  -72.61714 0.0000e+00
     13.894    11.9892    32.4041  1024.6387     2.6233     6.4095    104.511   -0.00290    6.13285    6.13163      7.996     0.1474   11.12758   3.736194 9.9999e+04    24.5759    24.5756 1.0000e-12     14.000          1       8836    1493.92 0.0000e+00  50447.425    368.108 1621831842       0.20     -0.559   40.09320  -72.61714 0.0000e+00
     13.404    12.0182    32.4024  1024.6298     2.6210     6.3934    104.382   -0.00286    6.12495    6.12362      7.995     0.1400   11.11457   3.738073 9.9999e+04    24.5693    24.5689 1.0000e-12     13.500          1       8859    1494.01 0.0000e+00  50440.523    369.063 1621831843      -0.06     -0.447   40.09320  -72.61714 0.0000e+00
     12.901    12.0454    32.3961  1024.6175     2.6196     6.3869    104.341   -0.00249    6.12121    6.11984      7.995     0.1374   11.10838   3.739730 9.9999e+04    24.5592    24.5589 1.0000e-12     13.000          1       8874    1494.08 0.0000e+00  50427.455    369.693 1621831844      -0.28     -0.572   40.09320  -72.61715 0.0000e+00
     12.395    12.0981    32.3858  1024.5974     2.6194     6.3883    104.374   -0.00188    6.12055    6.11917      7.993     0.1368   11.10726   3.743454 9.9999e+04    24.5414    24.5411 1.0000e-12     12.500          1       8888    1494.24 0.0000e+00  50404.821    370.307 1621831844      -0.21     -0.740   40.09320  -72.61716 0.0000e+00
     11.902    12.1680    32.3757  1024.5741     2.6189     6.3928    104.452   -0.00054    6.12027    6.11889      7.992     0.1598   11.10675   3.748407 9.9999e+04    24.5204    24.5201 1.0000e-12     12.000          1       8914    1494.46 0.0000e+00  50380.227    371.364 1621831845       0.23     -0.639   40.09318  -72.61718 0.0000e+00
     11.419    12.3105    32.3697  1024.5404     2.6212     6.3005    104.570    0.00183    6.02518    6.02265      7.989     0.1333   10.94941   3.760067 9.9999e+04    24.4889    24.4886 1.0000e-12     11.500          1       9004    1494.94 0.0000e+00  50350.973    375.115 1621831849      -0.22     -0.072   40.09318  -72.61720 0.0000e+00
     10.921    12.3940    32.3672  1024.5204     2.6267     6.2810    104.889    0.00328    5.98821    5.98525      7.984     0.1484   10.88804   3.767542 9.9999e+04    24.4712    24.4709 1.0000e-12     11.000          1       9030    1495.21 0.0000e+00  50335.935    376.212 1621831850      -0.43     -0.392   40.09318  -72.61720 0.0000e+00
     10.419    12.4809    32.3624  1024.4979     2.6340     6.3222    105.459    0.00610    5.99490    5.99202      7.984     0.1463   10.89912   3.774506 9.9999e+04    24.4509    24.4507 1.0000e-12     10.500          1       9044    1495.49 0.0000e+00  50315.786    376.774 1621831851      -0.37     -0.637   40.09318  -72.61721 0.0000e+00
