CalculateIndicators/WaterTemperature/Data/CTD_NYOS/20210521_C06.cnv
* Sea-Bird SBE 9 Data File:
* FileName = C:\Seabird 9 CTD\Data\2021\202105_offshore\20210521_C06.hex
* Software Version Seasave V 7.23.2
* Temperature SN = 4590
* Conductivity SN = 3228
* Number of Bytes Per Scan = 44
* Number of Voltage Words = 5
* Number of Scans Averaged by the Deck Unit = 1
* NMEA Latitude = 38 32.36 N
* NMEA Longitude = 073 04.17 W
* NMEA UTC (Time) = May 21 2021  23:17:53
* NMEA baud rate = 4800
** Ship: seawolf
** Station: 7.6
** Operator: EIH
# nquan = 31
# nvalues = 1206                        
# units = specified
# name 0 = depSM: Depth [salt water, m]
# name 1 = t090C: Temperature [ITS-90, deg C]
# name 2 = sal00: Salinity, Practical [PSU]
# name 3 = density00: Density [density, kg/m^3]
# name 4 = sbeox0V: Oxygen raw, SBE 43 [V]
# name 5 = sbeox0ML/L: Oxygen, SBE 43 [ml/l]
# name 6 = sbeox0PS: Oxygen, SBE 43 [% saturation]
# name 7 = sbox0dV/dT: Oxygen, SBE 43 [dov/dt]
# name 8 = oxsolML/L: Oxygen Saturation, Garcia & Gordon [ml/l]
# name 9 = oxsatML/L: Oxygen Saturation, Weiss [ml/l]
# name 10 = ph: pH
# name 11 = flECO-AFL: Fluorescence, WET Labs ECO-AFL/FL [mg/m^3]
# name 12 = n2satML/L: Nitrogen Saturation [ml/l]
# name 13 = c0S/m: Conductivity [S/m]
# name 14 = cpar: CPAR/Corrected Irradiance [%]
# name 15 = sigma-é00: Density [sigma-theta, kg/m^3]
# name 16 = sigma-t00: Density [sigma-t, kg/m^3 ]
# name 17 = par: PAR/Irradiance, Biospherical/Licor
# name 18 = prDM: Pressure, Digiquartz [db]
# name 19 = pumps: Pump Status
# name 20 = scan: Scan Count
# name 21 = svCM: Sound Velocity [Chen-Millero, m/s]
# name 22 = spar: SPAR, Biospherical/Licor
# name 23 = specc: Specific Conductance [uS/cm]
# name 24 = timeS: Time, Elapsed [seconds]
# name 25 = timeY: Time, System [seconds]
# name 26 = accM: Acceleration [m/s^2]
# name 27 = dz/dtM: Descent Rate [m/s]
# name 28 = latitude: Latitude [deg]
# name 29 = longitude: Longitude [deg]
# name 30 = flag: flag
# span 0 =      1.952,    301.021       
# span 1 =     9.9629,    15.7586       
# span 2 =    33.3992,    35.8207       
# span 3 =  1024.6639,  1028.5611       
# span 4 =     1.4159,     2.7953       
# span 5 =     2.8697,     6.4312       
# span 6 =     47.012,    113.042       
# span 7 =   -0.05835,    0.12527       
# span 8 =    5.62592,    6.30785       
# span 9 =    5.62025,    6.31145       
# span 10 =      7.835,      8.196      
# span 11 =    -0.0966,     0.7239      
# span 12 =   10.26252,   11.38342      
# span 13 =   3.848224,   4.336523      
# span 14 = 1.3683e-12, 2.1799e+02      
# span 15 =    24.6553,    27.1986      
# span 16 =    24.6552,    27.1926      
# span 17 = 1.0000e-12, 2.2782e+01      
# span 18 =      2.000,    303.500      
# span 19 =          1,          1      
# span 20 =         25,      39690      
# span 21 =    1495.05,    1508.80      
# span 22 = 8.0438e+00, 7.7015e+01      
# span 23 =  51407.630,  55032.005      
# span 24 =      0.981,   1653.709      
# span 25 = 1621639075, 1621640728      
# span 26 =      -1.02,       1.06      
# span 27 =     -1.582,      1.582      
# span 28 =   38.53946,   38.54409      
# span 29 =  -73.06962,  -73.06836      
# span 30 = 0.0000e+00, 0.0000e+00      
# interval = decibars: 0.5              
# start_time = May 21 2021 23:17:54 [System UTC, first data scan.]
# bad_flag = -9.990e-29
*END*
[from data line 1030]
     89.304    14.2730    35.7523  1027.1103     2.2014     4.8604     84.496   -0.00106    5.75225    5.74871      8.068    -0.0414   10.45962   4.305062 2.8133e-12    26.7134    26.7105 1.0000e-12     90.000          1      31295    1506.73 3.5545e+01  54810.246   1303.910 1621640378      -0.61     -1.186   38.54304  -73.06862 0.0000e+00
     88.803    14.2635    35.7497  1027.1081     2.2012     4.8621     84.496   -0.00094    5.75420    5.75069      8.068    -0.0412   10.46298   4.303836 2.8133e-12    26.7134    26.7106 1.0000e-12     89.500          1      31303    1506.69 3.5545e+01  54808.052   1304.235 1621640378      -0.42     -1.349   38.54304  -73.06862 0.0000e+00
     88.303    14.2496    35.7423  1027.1031     2.2006     4.8611     84.460   -0.00110    5.75546    5.75196      8.068    -0.0426   10.46507   4.301914 2.8133e-12    26.7106    26.7078 1.0000e-12     89.000          1      31311    1506.63 3.5545e+01  54798.609   1304.573 1621640378      -0.22     -1.450   38.54304  -73.06862 0.0000e+00
     87.803    14.2553    35.7454  1027.1020     2.2001     4.8578     84.412   -0.00143    5.75489    5.75138      8.068    -0.0470   10.46413   4.302913 2.8133e-12    26.7118    26.7090 1.0000e-12     88.500          1      31320    1506.64 3.5545e+01  54802.267   1304.943 1621640379      -0.02     -1.489   38.54304  -73.06862 0.0000e+00
     87.302    14.2434    35.7364  1027.0954     2.1995     4.8578     84.388   -0.00135    5.75645    5.75296      8.068    -0.0424   10.46677   4.300268 2.8133e-12    26.7074    26.7046 1.0000e-12     88.000          1      31330    1506.58 3.5545e+01  54790.979   1305.385 1621640379       0.22     -1.439   38.54304  -73.06862 0.0000e+00
     86.810    14.2374    35.7337  1027.0924     2.1981     4.8546     84.319   -0.00131    5.75744    5.75395      8.068    -0.0588   10.46846   4.299766 2.8133e-12    26.7066    26.7038 1.0000e-12     87.500          1      31368    1506.55 3.5545e+01  54787.923   1306.945 1621640381       0.40     -0.975   38.54306  -73.06862 0.0000e+00
     86.334    14.2102    35.7185  1027.0844     2.1963     4.8522     84.263   -0.00040    5.75835    5.75487 -9.990e-29    -0.0433   10.47009   4.295364 2.8133e-12    26.7006    26.6979 1.0000e-12     87.000          1      31471    1506.44 3.5545e+01  54770.378   1311.267 1621640385      -0.49     -0.438   38.54306  -73.06862 0.0000e+00
     85.834    14.2071    35.7156  1027.0805     2.1963     4.8527     84.267   -0.00036    5.75870    5.75522 -9.990e-29    -0.0417   10.47067   4.294629 2.8133e-12    26.6990    26.6963 1.0000e-12     86.500          1      31482    1506.42 3.5545e+01  54766.265   1311.692 1621640386      -0.45     -0.694   38.54306  -73.06862 0.0000e+00
     85.334    14.2087    35.7111  1027.0745     2.1961     4.8534     84.269   -0.00020    5.75935    5.75588 -9.990e-29    -0.0446   10.47178   4.294376 2.8133e-12    26.6952    26.6925 1.0000e-12     86.000          1      31493    1506.41 3.5545e+01  54759.774   1312.169 1621640386      -0.33     -0.879   38.54306  -73.06862 0.0000e+00
     84.836    14.2089    35.7101  1027.0714     2.1962     4.8539     84.284   -0.00012    5.75900    5.75552 -9.990e-29    -0.0458   10.47122   4.294262 2.8133e-12    26.6943    26.6916 1.0000e-12     85.500          1      31505    1506.40 3.5545e+01  54758.013   1312.648 1621640387      -0.17     -0.994   38.54307  -73.06862 0.0000e+00
     84.335    14.2045    35.7082  1027.0687     2.1945     4.8461     84.158   -0.00067    5.75843    5.75495 -9.990e-29    -0.0402   10.47030   4.293479 2.8133e-12    26.6938    26.6912 1.0000e-12     85.000          1      31517    1506.37 3.5545e+01  54755.767   1313.171 1621640387       0.00     -1.030   38.54308  -73.06862 0.0000e+00
     83.834    14.2024    35.7067  1027.0658     2.1945     4.8438     84.120   -0.00122    5.75821    5.75473 -9.990e-29    -0.0402   10.46994   4.293278 2.8537e-12    26.6931    26.6905 1.0000e-12     84.500          1      31534    1506.36 3.5068e+01  54753.679   1313.860 1621640388       0.22     -0.938   38.54308  -73.06862 0.0000e+00
     83.359    14.2068    35.7019  1027.0590     2.1940     4.8408     84.056   -0.00141    5.75896    5.75547 -9.990e-29    -0.0391   10.47127   4.293105 3.0229e-12    26.6884    26.6858 1.0000e-12     84.000          1      31607    1506.36 3.3281e+01  54746.346   1316.925 1621640391      -0.43     -0.262   38.54308  -73.06862 0.0000e+00
     82.861    14.2039    35.6983  1027.0546     2.1929     4.8351     83.953   -0.00199    5.75917    5.75569 -9.990e-29    -0.0412   10.47163   4.292353 2.8090e-12    26.6863    26.6837 1.0000e-12     83.500          1      31634    1506.34 3.5592e+01  54741.372   1318.041 1621640392      -0.96     -0.507   38.54308  -73.06860 0.0000e+00
     82.354    14.2007    35.6958  1027.0511     2.1923     4.8337     83.931   -0.00186    5.75915    5.75567 -9.990e-29    -0.0411   10.47158   4.291700 2.8133e-12    26.6850    26.6824 1.0000e-12     83.000          1      31642    1506.31 3.5545e+01  54738.181   1318.377 1621640392      -0.86     -0.848   38.54308  -73.06860 0.0000e+00
     81.848    14.2026    35.6919  1027.0454     2.1910     4.8302     83.870   -0.00189    5.75918    5.75570 -9.990e-29    -0.0426   10.47170   4.291704 2.8133e-12    26.6815    26.6789 1.0000e-12     82.500          1      31651    1506.31 3.5545e+01  54731.999   1318.768 1621640393      -0.56     -1.122   38.54308  -73.06860 0.0000e+00
     81.348    14.2048    35.6922  1027.0429     2.1901     4.8272     83.817   -0.00200    5.75917    5.75569 -9.990e-29    -0.0192   10.47174   4.291842 2.8407e-12    26.6813    26.6787 1.0000e-12     82.000          1      31664    1506.31 3.5218e+01  54732.069   1319.299 1621640393       0.03     -1.231   38.54308  -73.06860 0.0000e+00
     80.871    14.2059    35.6850  1027.0350     2.1875     4.8207     83.715   -0.00148    5.75849    5.75499 -9.990e-29    -0.0143   10.47070   4.291169 2.8518e-12    26.6755    26.6729 1.0000e-12     81.500          1      31712    1506.29 3.5086e+01  54721.796   1321.279 1621640395       0.40     -0.531   38.54308  -73.06861 0.0000e+00
     80.391    14.2140    35.6736  1027.0223     2.1867     4.8244     83.778    0.00031    5.75855    5.75505 -9.990e-29    -0.0136   10.47085   4.290778 2.9165e-12    26.6649    26.6624 1.0000e-12     81.000          1      31775    1506.30 3.4313e+01  54704.765   1323.904 1621640398      -0.63     -0.216   38.54308  -73.06861 0.0000e+00
     79.884    14.2144    35.6730  1027.0195     2.1877     4.8279     83.848    0.00054    5.75795    5.75444 -9.990e-29    -0.0238   10.46989   4.290702 2.8920e-12    26.6643    26.6618 1.0000e-12     80.500          1      31783    1506.29 3.4606e+01  54703.595   1324.262 1621640398      -0.74     -0.549   38.54308  -73.06860 0.0000e+00
     79.379    14.2134    35.6726  1027.0171     2.1887     4.8316     83.943    0.00121    5.75579    5.75224 -9.990e-29    -0.0255   10.46639   4.290489 2.9166e-12    26.6642    26.6617 1.0000e-12     80.000          1      31793    1506.28 3.4313e+01  54703.118   1324.662 1621640399      -0.69     -0.839   38.54308  -73.06860 0.0000e+00
     78.874    14.2139    35.6689  1027.0119     2.1886     4.8323     83.956    0.00148    5.75570    5.75216 -9.990e-29    -0.0218   10.46627   4.290147 2.9091e-12    26.6613    26.6588 1.0000e-12     79.500          1      31803    1506.27 3.4403e+01  54697.653   1325.083 1621640399      -0.43     -1.073   38.54310  -73.06860 0.0000e+00
     78.370    14.2201    35.6651  1027.0054     2.1894     4.8336     83.985    0.00136    5.75535    5.75180      8.073    -0.0138   10.46566   4.290421 2.8682e-12    26.6570    26.6545 1.0000e-12     79.000          1      31818    1506.27 3.4890e+01  54691.121   1325.708 1621640400       0.14     -1.109   38.54310  -73.06860 0.0000e+00
     77.908    14.2442    35.6595  1026.9937     2.1965     4.8498     84.287    0.00107    5.75388    5.75031      8.077    -0.0054   10.46327   4.292139 2.9226e-12    26.6474    26.6450 1.0000e-12     78.500          1      31905    1506.34 3.3781e+01  54680.204   1329.313 1621640403      -0.77     -0.200   38.54310  -73.06860 0.0000e+00
     77.399    14.2412    35.6590  1026.9918     2.1972     4.8517     84.325    0.00111    5.75359    5.75001      8.077    -0.0032   10.46279   4.291818 2.9619e-12    26.6477    26.6453 1.0000e-12     78.000          1      31914    1506.32 3.3573e+01  54679.386   1329.725 1621640404      -0.76     -0.584   38.54310  -73.06860 0.0000e+00
     76.896    14.2476    35.6574  1026.9869     2.1984     4.8559     84.404    0.00150    5.75311    5.74953      8.077    -0.0011   10.46201   4.292344 2.9791e-12    26.6451    26.6426 1.0000e-12     77.500          1      31925    1506.33 3.3571e+01  54676.421   1330.174 1621640404      -0.54     -0.878   38.54310  -73.06860 0.0000e+00
     76.394    14.2535    35.6551  1026.9816     2.1986     4.8564     84.425    0.00168    5.75240    5.74880      8.077     0.0012   10.46084   4.292630 2.9681e-12    26.6421    26.6396 1.0000e-12     77.000          1      31938    1506.34 3.3571e+01  54672.135   1330.693 1621640405      -0.15     -1.040   38.54310  -73.06860 0.0000e+00
     75.902    14.2572    35.6545  1026.9782     2.1997     4.8574     84.441    0.00121    5.75237    5.74877      8.077    -0.0103   10.46082   4.292901 2.9638e-12    26.6408    26.6384 1.0000e-12     76.500          1      31959    1506.34 3.3571e+01  54670.587   1331.583 1621640405       0.35     -0.842   38.54311  -73.06860 0.0000e+00
     75.417    14.2703    35.6518  1026.9711     2.2014     4.8608     84.510    0.00110    5.75171    5.74811      8.077     0.0011   10.45974   4.293923 2.9718e-12    26.6359    26.6335 1.0000e-12     76.000          1      32002    1506.37 3.3571e+01  54664.869   1333.389 1621640407       0.12     -0.243   38.54312  -73.06860 0.0000e+00
     74.918    14.2755    35.6482  1026.9649     2.2013     4.8546     84.421    0.00001    5.75046    5.74685      8.077     0.0001   10.45768   4.293996 2.9727e-12    26.6319    26.6296 1.0000e-12     75.500          1      32035    1506.38 3.3571e+01  54659.061   1334.732 1621640409      -0.14     -0.335   38.54312  -73.06860 0.0000e+00
     74.422    14.2807    35.6471  1026.9608     2.2010     4.8517     84.390   -0.00015    5.74915    5.74552      8.078     0.0123   10.45553   4.294389 2.9731e-12    26.6300    26.6276 1.0000e-12     75.000          1      32062    1506.38 3.3571e+01  54656.584   1335.888 1621640410      -0.01     -0.432   38.54312  -73.06860 0.0000e+00
     73.926    14.2837    35.6475  1026.9582     2.2018     4.8534     84.436    0.00008    5.74807    5.74443      8.080     0.0185   10.45375   4.294755 2.9788e-12    26.6296    26.6273 1.0000e-12     74.500          1      32089    1506.38 3.3571e+01  54656.539   1336.997 1621640411      -0.03     -0.433   38.54312  -73.06859 0.0000e+00
     73.427    14.2953    35.6469  1026.9530     2.2039     4.8638     84.633    0.00155    5.74697    5.74331      8.082     0.0333   10.45194   4.295784 2.9788e-12    26.6267    26.6244 1.0000e-12     74.000          1      32115    1506.41 3.3571e+01  54653.846   1338.090 1621640412       0.01     -0.468   38.54312  -73.06858 0.0000e+00
     72.939    14.3111    35.6434  1026.9447     2.2069     4.8733     84.814    0.00217    5.74580    5.74213      8.082     0.0269   10.45003   4.296994 2.9788e-12    26.6205    26.6182 1.0000e-12     73.500          1      32146    1506.45 3.3571e+01  54646.707   1339.377 1621640413       0.06     -0.393   38.54312  -73.06858 0.0000e+00
     72.440    14.3168    35.6445  1026.9421     2.2101     4.8830     85.007    0.00278    5.74428    5.74058      8.081     0.0299   10.44752   4.297733 2.9788e-12    26.6202    26.6179 1.0000e-12     73.000          1      32167    1506.46 3.3571e+01  54647.374   1340.262 1621640414      -0.18     -0.446   38.54314  -73.06858 0.0000e+00
     71.938    14.3231    35.6433  1026.9376     2.2119     4.8887     85.130    0.00333    5.74265    5.73894      8.081     0.0385   10.44488   4.298129 2.9788e-12    26.6179    26.6156 1.0000e-12     72.500          1      32185    1506.47 3.3571e+01  54644.564   1341.007 1621640415      -0.18     -0.597   38.54314  -73.06858 0.0000e+00
     71.442    14.3322    35.6421  1026.9325     2.2139     4.8896     85.155    0.00240    5.74201    5.73829      8.082     0.0393   10.44385   4.298940 2.9788e-12    26.6150    26.6127 1.0000e-12     72.000          1      32207    1506.49 3.3571e+01  54641.581   1341.926 1621640416       0.09     -0.624   38.54314  -73.06858 0.0000e+00
     70.956    14.3422    35.6399  1026.9264     2.2187     4.9067     85.453    0.00339    5.74201    5.73828      8.082     0.0425   10.44383   4.299676 2.9788e-12    26.6111    26.6088 1.0000e-12     71.500          1      32234    1506.51 3.3571e+01  54636.805   1343.025 1621640417       0.10     -0.471   38.54314  -73.06858 0.0000e+00
     70.461    14.3604    35.6358  1026.9171     2.2217     4.9196     85.668    0.00431    5.74261    5.73889 -9.990e-29     0.0551   10.44479   4.301117 2.9788e-12    26.6040    26.6018 1.0000e-12     71.000          1      32252    1506.56 3.3571e+01  54628.917   1343.793 1621640418      -0.18     -0.497   38.54314  -73.06858 0.0000e+00
     69.957    14.3684    35.6336  1026.9115     2.2233     4.9232     85.728    0.00396    5.74279    5.73908 -9.990e-29     0.0327   10.44511   4.301566 3.2714e-12    26.6006    26.5984 1.0000e-12     70.500          1      32266    1506.57 3.0800e+01  54624.489   1344.367 1621640418      -0.31     -0.648   38.54314  -73.06858 0.0000e+00
     69.448    14.3706    35.6324  1026.9078     2.2243     4.9234     85.716    0.00303    5.74395    5.74025 -9.990e-29     0.0130   10.44700   4.301574 3.8542e-12    26.5992    26.5970 1.0000e-12     70.000          1      32280    1506.57 2.6002e+01  54622.352   1344.966 1621640419      -0.18     -0.806   38.54314  -73.06858 0.0000e+00
     68.958    14.3661    35.6353  1026.9088     2.2264     4.9203     85.709    0.00189    5.74062    5.73688 -9.990e-29     0.0535   10.44155   4.301470 3.3598e-12    26.6024    26.6002 1.0000e-12     69.500          1      32343    1506.55 3.0252e+01  54626.585   1347.567 1621640421      -0.44     -0.564   38.54315  -73.06858 0.0000e+00
     68.468    14.3759    35.6332  1026.9028     2.2274     4.9203     85.732    0.00178    5.73924    5.73548 -9.990e-29     0.0797   10.43927   4.302363 2.9741e-12    26.5986    26.5964 1.0000e-12     69.000          1      32386    1506.57 3.3612e+01  54622.195   1349.355 1621640423      -0.99     -0.687   38.54316  -73.06858 0.0000e+00
     67.963    14.3905    35.6305  1026.8953     2.2276     4.9201     85.730    0.00161    5.73904    5.73528 -9.990e-29     0.1104   10.43895   4.303417 2.9788e-12    26.5934    26.5912 1.0000e-12     68.500          1      32394    1506.61 3.3571e+01  54616.284   1349.719 1621640424      -0.71     -1.011   38.54316  -73.06857 0.0000e+00
     67.462    14.3959    35.6292  1026.8909     2.2285     4.9213     85.751    0.00135    5.73904    5.73528 -9.990e-29     0.1095   10.43897   4.303638 2.9788e-12    26.5912    26.5890 1.0000e-12     68.000          1      32405    1506.61 3.3571e+01  54613.567   1350.162 1621640424      -0.25     -1.210   38.54316  -73.06856 0.0000e+00
     66.968    14.3976    35.6290  1026.8882     2.2289     4.9218     85.748    0.00105    5.73990    5.73614 -9.990e-29     0.1253   10.44048   4.303769 2.9788e-12    26.5907    26.5885 1.0000e-12     67.500          1      32421    1506.61 3.3571e+01  54612.850   1350.824 1621640425       0.34     -1.123   38.54316  -73.06856 0.0000e+00
