CalculateIndicators/WaterTemperature/Data/CTD_NYOS/20210525_C30.cnv
* Sea-Bird SBE 9 Data File:
* FileName = C:\Seabird 9 CTD\Data\2021\202105_offshore\20210525_C30.hex
* Software Version Seasave V 7.23.2
* Temperature SN = 4590
* Conductivity SN = 3228
* Number of Bytes Per Scan = 44
* Number of Voltage Words = 5
* Number of Scans Averaged by the Deck Unit = 1
* NMEA Latitude = 39 41.76 N
* NMEA Longitude = 071 46.17 W
* NMEA UTC (Time) = May 25 2021  06:00:42
* NMEA baud rate = 4800
** Ship: seawolf
** Station: 2.5
** Operator: sjw
# nquan = 31
# nvalues = 1207                        
# units = specified
# name 0 = depSM: Depth [salt water, m]
# name 1 = t090C: Temperature [ITS-90, deg C]
# name 2 = sal00: Salinity, Practical [PSU]
# name 3 = density00: Density [density, kg/m^3]
# name 4 = sbeox0V: Oxygen raw, SBE 43 [V]
# name 5 = sbeox0ML/L: Oxygen, SBE 43 [ml/l]
# name 6 = sbeox0PS: Oxygen, SBE 43 [% saturation]
# name 7 = sbox0dV/dT: Oxygen, SBE 43 [dov/dt]
# name 8 = oxsolML/L: Oxygen Saturation, Garcia & Gordon [ml/l]
# name 9 = oxsatML/L: Oxygen Saturation, Weiss [ml/l]
# name 10 = ph: pH
# name 11 = flECO-AFL: Fluorescence, WET Labs ECO-AFL/FL [mg/m^3]
# name 12 = n2satML/L: Nitrogen Saturation [ml/l]
# name 13 = c0S/m: Conductivity [S/m]
# name 14 = cpar: CPAR/Corrected Irradiance [%]
# name 15 = sigma-é00: Density [sigma-theta, kg/m^3]
# name 16 = sigma-t00: Density [sigma-t, kg/m^3 ]
# name 17 = par: PAR/Irradiance, Biospherical/Licor
# name 18 = prDM: Pressure, Digiquartz [db]
# name 19 = pumps: Pump Status
# name 20 = scan: Scan Count
# name 21 = svCM: Sound Velocity [Chen-Millero, m/s]
# name 22 = spar: SPAR, Biospherical/Licor
# name 23 = specc: Specific Conductance [uS/cm]
# name 24 = timeS: Time, Elapsed [seconds]
# name 25 = timeY: Time, System [seconds]
# name 26 = accM: Acceleration [m/s^2]
# name 27 = dz/dtM: Descent Rate [m/s]
# name 28 = latitude: Latitude [deg]
# name 29 = longitude: Longitude [deg]
# name 30 = flag: flag
# span 0 =      1.959,    300.980       
# span 1 =     8.5060,    13.9072       
# span 2 =    32.7854,    35.7411       
# span 3 =  1024.9006,  1028.5226       
# span 4 =     1.4033,     2.7448       
# span 5 =     2.8941,     7.0813       
# span 6 =     46.716,    112.634       
# span 7 =   -0.03773,    0.11324       
# span 8 =    5.79709,    6.59806       
# span 9 =    5.79403,    6.60381       
# span 10 =      7.868,      8.142      
# span 11 =    -0.0994,     2.8493      
# span 12 =   10.53525,   11.88809      
# span 13 =   3.495823,   4.263468      
# span 14 = -1.515e+04, 1.2000e+05      
# span 15 =    24.8906,    27.1631      
# span 16 =    24.8905,    27.1568      
# span 17 = 1.0000e-12, 9.1246e-03      
# span 18 =      2.000,    303.500      
# span 19 =          1,          1      
# span 20 =         89,      41963      
# span 21 =    1482.75,    1506.18      
# span 22 = -3.950e-01, 2.2738e+00      
# span 23 =  51003.499,  55010.982      
# span 24 =      3.685,   1748.432      
# span 25 = 1621922443, 1621924187      
# span 26 =      -1.28,       1.13      
# span 27 =     -1.898,      1.771      
# span 28 =   39.69601,   39.69812      
# span 29 =  -71.77736,  -71.76954      
# span 30 = 0.0000e+00, 0.0000e+00      
# interval = decibars: 0.5              
# start_time = May 25 2021 06:00:39 [System UTC, first data scan.]
# bad_flag = -9.990e-29
*END*
[from data line 141]
     71.928    13.6607    35.4435  1026.9240     2.2452     5.0470     86.639   -0.00048    5.82532    5.82251      8.084    -0.0295   10.58343   4.210780 5.0640e-11    26.6033    26.6012 1.0000e-12     72.500          1       4389    1504.09 1.9747e+00  54457.063    182.852 1621922622       0.38      0.532   39.69634  -71.77044 0.0000e+00
     72.425    13.6525    35.4449  1026.9290     2.2449     5.0444     86.602   -0.00084    5.82480    5.82199      8.084    -0.0304   10.58254   4.210381 5.0640e-11    26.6061    26.6040 1.0000e-12     73.000          1       4402    1504.08 1.9747e+00  54460.368    183.372 1621922622       0.35      0.726   39.69634  -71.77044 0.0000e+00
     72.923    13.6557    35.4481  1026.9331     2.2442     5.0415     86.561   -0.00096    5.82416    5.82134      8.084    -0.0312   10.58145   4.211227 5.0640e-11    26.6080    26.6058 1.0000e-12     73.500          1       4413    1504.10 1.9747e+00  54464.681    183.844 1621922623       0.30      0.880   39.69634  -71.77044 0.0000e+00
     73.425    13.6638    35.4528  1026.9372     2.2430     5.0368     86.485   -0.00123    5.82389    5.82106      8.084    -0.0297   10.58098   4.212477 5.0640e-11    26.6098    26.6076 1.0000e-12     74.000          1       4424    1504.14 1.9747e+00  54470.177    184.296 1621922623       0.21      0.994   39.69634  -71.77044 0.0000e+00
     73.926    13.6726    35.4598  1026.9431     2.2416     5.0294     86.366   -0.00190    5.82338    5.82055      8.084    -0.0381   10.58011   4.214451 5.0640e-11    26.6135    26.6113 1.0000e-12     74.500          1       4436    1504.18 1.9747e+00  54478.903    184.779 1621922624       0.08      1.059   39.69634  -71.77045 0.0000e+00
     74.425    13.6939    35.4748  1026.9525     2.2404     5.0233     86.270   -0.00247    5.82268    5.81985      8.084    -0.0471   10.57892   4.218131 5.0640e-11    26.6207    26.6185 1.0000e-12     75.000          1       4450    1504.28 1.9747e+00  54497.092    185.377 1621922624      -0.15      1.031   39.69634  -71.77046 0.0000e+00
     74.912    13.7065    35.4822  1026.9577     2.2375     5.0133     86.122   -0.00263    5.82121    5.81837      8.084    -0.0268   10.57639   4.219974 5.0640e-11    26.6238    26.6216 1.0000e-12     75.500          1       4473    1504.34 1.9747e+00  54505.748    186.338 1621922625      -0.38      0.729   39.69634  -71.77046 0.0000e+00
     75.402    13.7144    35.4879  1026.9626     2.2361     5.0111     86.106   -0.00194    5.81963    5.81677      8.084    -0.0639   10.57369   4.221362 5.0640e-11    26.6266    26.6243 1.0000e-12     76.000          1       4500    1504.38 1.9747e+00  54512.777    187.461 1621922626      -0.06      0.432   39.69634  -71.77046 0.0000e+00
     75.902    13.7207    35.4929  1026.9675     2.2338     5.0049     86.005   -0.00183    5.81928    5.81641      8.084    -0.0642   10.57308   4.222576 5.0640e-11    26.6292    26.6269 1.0000e-12     76.500          1       4521    1504.41 1.9747e+00  54519.169    188.314 1621922627       0.14      0.501   39.69634  -71.77046 0.0000e+00
     76.400    13.7284    35.4995  1026.9732     2.2323     4.9986     85.915   -0.00218    5.81809    5.81522      8.084    -0.0335   10.57105   4.224190 5.0640e-11    26.6327    26.6304 1.0000e-12     77.000          1       4541    1504.45 1.9747e+00  54527.464    189.169 1621922628       0.04      0.588   39.69634  -71.77046 0.0000e+00
     76.891    13.7402    35.5084  1026.9798     2.2310     4.9954     85.892   -0.00170    5.81584    5.81294      8.084    -0.0453   10.56719   4.226193 5.0640e-11    26.6371    26.6348 1.0000e-12     77.500          1       4563    1504.51 1.9747e+00  54538.346    190.101 1621922629      -0.06      0.561   39.69634  -71.77046 0.0000e+00
     77.383    13.7435    35.5107  1026.9830     2.2303     4.9941     85.898   -0.00122    5.81393    5.81101      8.084    -0.0547   10.56395   4.226765 5.0640e-11    26.6382    26.6359 1.0000e-12     78.000          1       4583    1504.53 1.9747e+00  54541.389    190.913 1621922630       0.06      0.550   39.69634  -71.77047 0.0000e+00
     77.880    13.7451    35.5119  1026.9859     2.2294     4.9903     85.865   -0.00101    5.81176    5.80883      8.084    -0.0621   10.56028   4.227088 5.0640e-11    26.6388    26.6365 1.0000e-12     78.500          1       4598    1504.55 1.9747e+00  54543.024    191.529 1621922630       0.20      0.635   39.69634  -71.77048 0.0000e+00
     78.378    13.7508    35.5160  1026.9901     2.2284     4.9855     85.797   -0.00128    5.81078    5.80784      8.084    -0.0495   10.55861   4.228268 -9.990e-29    26.6408    26.6384 1.0000e-12     79.000          1       4610    1504.58 -9.990e-29  54548.205    192.048 1621922631       0.27      0.762   39.69634  -71.77048 0.0000e+00
     78.882    13.7585    35.5214  1026.9949     2.2286     4.9856     85.798   -0.00143    5.81083    5.80788      8.084    -0.0436   10.55869   4.229654 -9.990e-29    26.6434    26.6411 1.0000e-12     79.500          1       4622    1504.62 -9.990e-29  54554.873    192.534 1621922631       0.25      0.892   39.69634  -71.77048 0.0000e+00
     79.383    13.7680    35.5286  1027.0007     2.2295     4.9934     85.927   -0.00039    5.81129    5.80836      8.084    -0.0571   10.55946   4.231365 -9.990e-29    26.6470    26.6446 1.0000e-12     80.000          1       4635    1504.67 -9.990e-29  54563.854    193.071 1621922632       0.07      0.977   39.69636  -71.77050 0.0000e+00
     79.878    13.7835    35.5364  1027.0057     2.2304     5.0028     86.081    0.00100    5.81169    5.80876      8.084    -0.0692   10.56011   4.233816 -9.990e-29    26.6498    26.6474 1.0000e-12     80.500          1       4655    1504.73 -9.990e-29  54572.707    193.899 1621922633      -0.29      0.846   39.69636  -71.77050 0.0000e+00
     80.356    13.8061    35.5489  1027.0127     2.2298     4.9974     85.994    0.00012    5.81133    5.80839      8.084    -0.0663   10.55949   4.237208 5.0640e-11    26.6547    26.6523 1.0000e-12     81.000          1       4688    1504.83 1.9747e+00  54587.060    195.279 1621922634      -0.22      0.368   39.69636  -71.77050 0.0000e+00
     80.853    13.8012    35.5481  1027.0154     2.2282     4.9867     85.810   -0.00140    5.81133    5.80839      8.084    -0.0590   10.55949   4.236519 5.0640e-11    26.6552    26.6527 1.0000e-12     81.500          1       4707    1504.82 1.9747e+00  54586.970    196.072 1621922635       0.28      0.407   39.69636  -71.77050 0.0000e+00
     81.360    13.7955    35.5484  1027.0191     2.2272     4.9817     85.728   -0.00185    5.81105    5.80811      8.084    -0.0581   10.55900   4.236091 5.0640e-11    26.6566    26.6542 1.0000e-12     82.000          1       4720    1504.81 1.9747e+00  54588.399    196.620 1621922636       0.42      0.621   39.69636  -71.77050 0.0000e+00
     81.864    13.7982    35.5500  1027.0220     2.2262     4.9790     85.689   -0.00185    5.81047    5.80752      8.084    -0.0728   10.55802   4.236551 5.0640e-11    26.6573    26.6548 1.0000e-12     82.500          1       4734    1504.83 1.9747e+00  54590.537    197.229 1621922636       0.20      0.818   39.69636  -71.77050 0.0000e+00
     82.350    13.7997    35.5506  1027.0243     2.2252     4.9782     85.678   -0.00137    5.81035    5.80741 -9.990e-29    -0.0653   10.55783   4.236763 5.0640e-11    26.6575    26.6550 1.0000e-12     83.000          1       4758    1504.85 1.9747e+00  54591.468    198.202 1621922637      -0.29      0.699   39.69636  -71.77050 0.0000e+00
     82.832    13.7999    35.5513  1027.0270     2.2239     4.9756     85.633   -0.00113    5.81030    5.80735 -9.990e-29    -0.0606   10.55773   4.236870 5.0640e-11    26.6580    26.6555 1.0000e-12     83.500          1       4782    1504.86 1.9747e+00  54592.764    199.194 1621922638      -0.04      0.443   39.69636  -71.77052 0.0000e+00
     83.340    13.8027    35.5537  1027.0305     2.2232     4.9728     85.586   -0.00133    5.81023    5.80728 -9.990e-29    -0.0622   10.55761   4.237530 5.0640e-11    26.6593    26.6568 1.0000e-12     84.000          1       4795    1504.88 1.9747e+00  54595.941    199.742 1621922639       0.35      0.550   39.69636  -71.77052 0.0000e+00
     83.850    13.8062    35.5550  1027.0331     2.2235     4.9750     85.630   -0.00098    5.80994    5.80700 -9.990e-29    -0.0731   10.55713   4.237928 5.0640e-11    26.6596    26.6570 1.0000e-12     84.500          1       4807    1504.90 1.9747e+00  54597.534    200.266 1621922639       0.39      0.769   39.69636  -71.77052 0.0000e+00
     84.339    13.8069    35.5556  1027.0356     2.2242     4.9823     85.763    0.00020    5.80934    5.80639      8.084    -0.0661   10.55611   4.238058 5.0640e-11    26.6599    26.6573 1.0000e-12     85.000          1       4836    1504.91 1.9747e+00  54598.487    201.478 1621922640      -0.20      0.608   39.69636  -71.77053 0.0000e+00
     84.821    13.8097    35.5572  1027.0384 -9.990e-29     4.9815     85.769    0.00003    5.80804    5.80507      8.083    -0.0486   10.55392   4.238564 5.0640e-11    26.6605    26.6580 1.0000e-12     85.500          1       4882    1504.93 1.9747e+00  54600.646    203.377 1621922642       0.22      0.136   39.69636  -71.77054 0.0000e+00
     85.325    13.8129    35.5584  1027.0409 -9.990e-29     4.9816     85.781    0.00007    5.80741    5.80444      8.084    -0.0715   10.55285   4.239019 5.0640e-11    26.6608    26.6583 1.0000e-12     86.000          1       4900    1504.95 1.9747e+00  54602.222    204.118 1621922643       0.35      0.451   39.69636  -71.77054 0.0000e+00
     85.825    13.8149    35.5593  1027.0434     2.2246     4.9804     85.770    0.00000    5.80673    5.80375      8.084    -0.0839   10.55170   4.239337 5.0640e-11    26.6611    26.6585 1.0000e-12     86.500          1       4918    1504.96 1.9747e+00  54603.459    204.882 1621922644       0.12      0.627   39.69636  -71.77054 0.0000e+00
     86.320    13.8210    35.5611  1027.0458     2.2240     4.9768     85.729   -0.00033    5.80523    5.80224      8.084    -0.0713   10.54917   4.240172 5.0640e-11    26.6613    26.6587 1.0000e-12     87.000          1       4941    1504.99 1.9747e+00  54605.346    205.838 1621922645      -0.12      0.601   39.69637  -71.77054 0.0000e+00
     86.810    13.8280    35.5645  1027.0491     2.2244     4.9782     85.769   -0.00012    5.80421    5.80120 -9.990e-29    -0.0612   10.54744   4.241269 5.0640e-11    26.6624    26.6598 1.0000e-12     87.500          1       4969    1505.03 1.9747e+00  54609.375    206.995 1621922646      -0.08      0.449   39.69638  -71.77055 0.0000e+00
     87.308    13.8343    35.5675  1027.0523     2.2257     4.9865     85.916    0.00101    5.80395    5.80094 -9.990e-29    -0.0609   10.54699   4.242303 5.0640e-11    26.6634    26.6608 1.0000e-12     88.000          1       4991    1505.06 1.9747e+00  54612.896    207.924 1621922647       0.11      0.469   39.69638  -71.77056 0.0000e+00
     87.809    13.8451    35.5716  1027.0554     2.2268     4.9914     85.994    0.00132    5.80433    5.80132 -9.990e-29    -0.0619   10.54763   4.243800 5.0640e-11    26.6644    26.6617 1.0000e-12     88.500          1       5012    1505.11 1.9747e+00  54617.514    208.773 1621922648       0.08      0.566   39.69638  -71.77056 0.0000e+00
     88.305    13.8526    35.5747  1027.0584     2.2280     4.9922     86.054    0.00124    5.80120    5.79816 -9.990e-29    -0.0554   10.54230   4.244858 5.0640e-11    26.6652    26.6625 1.0000e-12     89.000          1       5040    1505.14 1.9747e+00  54620.936    209.941 1621922649      -0.13      0.501   39.69638  -71.77056 0.0000e+00
     88.791    13.8531    35.5762  1027.0617     2.2294     4.9901     86.075    0.00043    5.79734    5.79428 -9.990e-29    -0.0579   10.53570   4.244979 5.0640e-11    26.6663    26.6636 1.0000e-12     89.500          1       5079    1505.16 1.9747e+00  54623.233    211.567 1621922651      -0.03      0.274   39.69638  -71.77056 0.0000e+00
     89.290    13.8506    35.5774  1027.0654     2.2311     5.0017     86.260    0.00172    5.79844    5.79538 -9.990e-29    -0.0597   10.53753   4.245211 5.0640e-11    26.6678    26.6650 1.0000e-12     90.000          1       5101    1505.16 1.9747e+00  54625.376    212.495 1621922651       0.24      0.403   39.69638  -71.77056 0.0000e+00
     89.787    13.8883    35.5964  1027.0743     2.2319     5.0036     86.293    0.00161    5.79841    5.79535 -9.990e-29    -0.0719   10.53749   4.251361 5.0640e-11    26.6746    26.6718 1.0000e-12     90.500          1       5119    1505.31 1.9747e+00  54647.091    213.237 1621922652       0.19      0.576   39.69638  -71.77058 0.0000e+00
     90.280    13.9072    35.6082  1027.0816     2.2323     5.0018     86.262    0.00097    5.79842    5.79537 -9.990e-29    -0.0762   10.53751   4.253907 5.0640e-11    26.6797    26.6770 1.0000e-12     91.000          1       5135    1505.40 1.9747e+00  54660.829    213.908 1621922653       0.11      0.671   39.69638  -71.77058 0.0000e+00
     90.781    13.8972    35.6073  1027.0854     2.2336     5.0055     86.326    0.00094    5.79837    5.79532 -9.990e-29    -0.0763   10.53743   4.252743 5.0640e-11    26.6812    26.6784 1.0000e-12     91.500          1       5149    1505.37 1.9747e+00  54661.288    214.480 1621922653       0.15      0.746   39.69638  -71.77058 0.0000e+00
     91.288    13.8926    35.6077  1027.0889     2.2345     5.0107     86.416    0.00156    5.79839    5.79533 -9.990e-29    -0.0644   10.53744   4.252453 5.0640e-11    26.6824    26.6796 1.0000e-12     92.000          1       5163    1505.36 1.9747e+00  54662.731    215.076 1621922654       0.10      0.830   39.69638  -71.77060 0.0000e+00
     91.776    13.8921    35.6078  1027.0913     2.2350     5.0098     86.394    0.00074    5.79876    5.79571 -9.990e-29    -0.0586   10.53805   4.252395 5.0640e-11    26.6826    26.6798 1.0000e-12     92.500          1       5209    1505.37 1.9747e+00  54663.189    216.979 1621922656      -0.02      0.506   39.69639  -71.77060 0.0000e+00
     92.262    13.8897    35.6087  1027.0946     2.2341     5.0043     86.289   -0.00039    5.79948    5.79644 -9.990e-29    -0.0759   10.53920   4.252253 5.0640e-11    26.6838    26.6810 1.0000e-12     93.000          1       5265    1505.37 1.9747e+00  54664.963    219.333 1621922658       0.62      0.306   39.69640  -71.77060 0.0000e+00
     92.766    13.8896    35.6092  1027.0973     2.2336     5.0033     86.267   -0.00044    5.79982    5.79679 -9.990e-29    -0.0762   10.53977   4.252310 5.0640e-11    26.6843    26.6815 1.0000e-12     93.500          1       5277    1505.38 1.9747e+00  54666.102    219.841 1621922659       0.60      0.626   39.69640  -71.77060 0.0000e+00
     93.267    13.8890    35.6098  1027.1001     2.2330     5.0012     86.215   -0.00080    5.80082    5.79780 -9.990e-29    -0.0771   10.54139   4.252319 5.0640e-11    26.6848    26.6820 1.0000e-12     94.000          1       5290    1505.39 1.9747e+00  54667.181    220.364 1621922659       0.33      0.869   39.69640  -71.77060 0.0000e+00
     93.760    13.8874    35.6105  1027.1032     2.2324     4.9990     86.166   -0.00107    5.80155    5.79853 -9.990e-29    -0.0745   10.54257   4.252248 5.0640e-11    26.6857    26.6829 1.0000e-12     94.500          1       5304    1505.39 1.9747e+00  54668.590    220.971 1621922660      -0.04      0.940   39.69640  -71.77062 0.0000e+00
     94.254    13.8856    35.6114  1027.1065     2.2306     4.9927     86.053   -0.00148    5.80180    5.79880      8.087    -0.0773   10.54300   4.252166 5.0640e-11    26.6868    26.6840 1.0000e-12     95.000          1       5321    1505.40 1.9747e+00  54670.397    221.655 1621922661      -0.18      0.839   39.69640  -71.77062 0.0000e+00
