CalculateIndicators/WaterTemperature/Data/CTD_NYOS/20210522_C08.cnv
* Sea-Bird SBE 9 Data File:
* FileName = C:\Seabird 9 CTD\Data\2021\202105_offshore\20210522_C08.hex
* Software Version Seasave V 7.23.2
* Temperature SN = 4590
* Conductivity SN = 3228
* Number of Bytes Per Scan = 44
* Number of Voltage Words = 5
* Number of Scans Averaged by the Deck Unit = 1
* NMEA Latitude = 39 07.95 N
* NMEA Longitude = 072 56.79 W
* NMEA UTC (Time) = May 22 2021  06:37:05
* NMEA baud rate = 4800
** Ship: seawolf
** Station: 6.5
** Operator: sjw
# nquan = 31
# nvalues = 295                         
# units = specified
# name 0 = depSM: Depth [salt water, m]
# name 1 = t090C: Temperature [ITS-90, deg C]
# name 2 = sal00: Salinity, Practical [PSU]
# name 3 = density00: Density [density, kg/m^3]
# name 4 = sbeox0V: Oxygen raw, SBE 43 [V]
# name 5 = sbeox0ML/L: Oxygen, SBE 43 [ml/l]
# name 6 = sbeox0PS: Oxygen, SBE 43 [% saturation]
# name 7 = sbox0dV/dT: Oxygen, SBE 43 [dov/dt]
# name 8 = oxsolML/L: Oxygen Saturation, Garcia & Gordon [ml/l]
# name 9 = oxsatML/L: Oxygen Saturation, Weiss [ml/l]
# name 10 = ph: pH
# name 11 = flECO-AFL: Fluorescence, WET Labs ECO-AFL/FL [mg/m^3]
# name 12 = n2satML/L: Nitrogen Saturation [ml/l]
# name 13 = c0S/m: Conductivity [S/m]
# name 14 = cpar: CPAR/Corrected Irradiance [%]
# name 15 = sigma-é00: Density [sigma-theta, kg/m^3]
# name 16 = sigma-t00: Density [sigma-t, kg/m^3 ]
# name 17 = par: PAR/Irradiance, Biospherical/Licor
# name 18 = prDM: Pressure, Digiquartz [db]
# name 19 = pumps: Pump Status
# name 20 = scan: Scan Count
# name 21 = svCM: Sound Velocity [Chen-Millero, m/s]
# name 22 = spar: SPAR, Biospherical/Licor
# name 23 = specc: Specific Conductance [uS/cm]
# name 24 = timeS: Time, Elapsed [seconds]
# name 25 = timeY: Time, System [seconds]
# name 26 = accM: Acceleration [m/s^2]
# name 27 = dz/dtM: Descent Rate [m/s]
# name 28 = latitude: Latitude [deg]
# name 29 = longitude: Longitude [deg]
# name 30 = flag: flag
# span 0 =      1.959,     74.920       
# span 1 =     7.4010,    13.6645       
# span 2 =    31.9675,    34.1565       
# span 3 =  1023.9302,  1026.6501       
# span 4 =     2.0008,     2.7999       
# span 5 =     4.7826,     7.3046       
# span 6 =     75.178,    114.449       
# span 7 =   -0.07827,    0.06538       
# span 8 =    5.93217,    6.77925       
# span 9 =    5.92880,    6.78743       
# span 10 =      7.921,      8.151      
# span 11 =    -0.0238,     0.8731      
# span 12 =   10.79110,   12.19022      
# span 13 =   3.377768,   3.915928      
# span 14 = -1.518e+04, 1.0836e+05      
# span 15 =    23.9213,    26.3099      
# span 16 =    23.9213,    26.3085      
# span 17 = 1.0000e-12, 8.2297e-03      
# span 18 =      2.000,     75.500      
# span 19 =          1,          1      
# span 20 =        333,      16042      
# span 21 =    1478.29,    1499.79      
# span 22 = -1.651e-01, 2.2745e+00      
# span 23 =  49615.591,  53297.244      
# span 24 =     13.835,    668.383      
# span 25 = 1621665439, 1621666093      
# span 26 =      -0.56,       0.44      
# span 27 =     -0.766,      0.765      
# span 28 =   39.13256,   39.13260      
# span 29 =  -72.94724,  -72.94662      
# span 30 = 0.0000e+00, 0.0000e+00      
# interval = decibars: 0.5              
# start_time = May 22 2021 06:37:05 [System UTC, first data scan.]
# bad_flag = -9.990e-29
*END*
[from data line 281]
      8.433    13.6465    32.7123  1024.5300     2.6343     6.2245    104.898   -0.00072    5.93383    5.93048      8.034     0.1273   10.79379   3.915928 -5.501e+03    24.4922    24.4920 1.0000e-12      8.500          1      14562    1499.77 2.0833e+00  50649.846    606.691 1621666032      -0.09     -0.164   39.13259  -72.94716 0.0000e+00
      7.938    13.6459    32.7166  1024.5312     2.6350     6.2234    104.904   -0.00077    5.93248    5.92911      8.056     0.1235   10.79161   3.915615 5.0640e-11    24.4956    24.4954 1.0000e-12      8.000          1      15725    1499.76 1.9747e+00  50655.617    655.151 1621666080      -0.26     -0.373   39.13260  -72.94722 0.0000e+00
      7.442    13.6527    32.7114  1024.5236     2.6335     6.2148    104.761   -0.00164    5.93243    5.92906      8.056     0.1443   10.79153   3.915662 5.0640e-11    24.4902    24.4900 1.0000e-12      7.500          1      15765    1499.78 1.9747e+00  50647.226    656.839 1621666082      -0.07     -0.511   39.13260  -72.94722 0.0000e+00
      6.947    13.6538    32.7107  1024.5206     2.6326     6.2135    104.739   -0.00115    5.93234    5.92897      8.056     0.1382   10.79137   3.915669 5.0640e-11    24.4895    24.4893 1.0000e-12      7.000          1      15791    1499.77 1.9747e+00  50645.873    657.912 1621666083       0.06     -0.495   39.13260  -72.94722 0.0000e+00
      6.454    13.6537    32.7106  1024.5184     2.6322     6.2142    104.751   -0.00062    5.93235    5.92898      8.056     0.1109   10.79138   3.915632 5.0640e-11    24.4895    24.4893 1.0000e-12      6.500          1      15817    1499.76 1.9747e+00  50645.604    658.991 1621666084      -0.00     -0.448   39.13260  -72.94722 0.0000e+00
      5.956    13.6539    32.7105  1024.5160     2.6312     6.2113    104.702   -0.00056    5.93233    5.92896      8.056     0.1310   10.79135   3.915615 5.0640e-11    24.4893    24.4891 1.0000e-12      6.000          1      15838    1499.75 1.9747e+00  50645.080    659.857 1621666085      -0.11     -0.508   39.13260  -72.94722 0.0000e+00
      5.458    13.6546    32.7110  1024.5139     2.6303     6.2064    104.619   -0.00106    5.93238    5.92901      8.056     0.1357   10.79144   3.915710 5.0640e-11    24.4895    24.4893 1.0000e-12      5.500          1      15857    1499.75 1.9747e+00  50645.414    660.648 1621666086      -0.09     -0.593   39.13260  -72.94722 0.0000e+00
      4.960    13.6544    32.7111  1024.5119     2.6303     6.2070    104.627   -0.00088    5.93246    5.92910      8.056     0.1284   10.79158   3.915678 5.0640e-11    24.4896    24.4895 1.0000e-12      5.000          1      15875    1499.74 1.9747e+00  50645.294    661.431 1621666086      -0.02     -0.634   39.13260  -72.94722 0.0000e+00
      4.461    13.6547    32.7107  1024.5092     2.6311     6.2139    104.747    0.00034    5.93233    5.92896      8.056     0.1096   10.79136   3.915639 5.0640e-11    24.4892    24.4891 1.0000e-12      4.500          1      15898    1499.73 1.9747e+00  50644.454    662.357 1621666087       0.08     -0.606   39.13260  -72.94722 0.0000e+00
      3.972    13.6544    32.7106  1024.5070     2.6314     6.2151    104.764    0.00048    5.93246    5.92909      8.056     0.1236   10.79158   3.915564 5.0640e-11    24.4892    24.4891 1.0000e-12      4.000          1      15930    1499.72 1.9747e+00  50643.994    663.719 1621666089       0.15     -0.403   39.13260  -72.94722 0.0000e+00
      3.477    13.6538    32.7104  1024.5047     2.6309     6.2103    104.685   -0.00023    5.93237    5.92900 -9.990e-29     0.1267   10.79143   3.915478 5.0640e-11    24.4892    24.4891 1.0000e-12      3.500          1      15957    1499.71 1.9747e+00  50643.631    664.835 1621666090      -0.13     -0.381   39.13260  -72.94723 0.0000e+00
      2.976    13.6555    32.7098  1024.5017     2.6306     6.2083    104.655   -0.00049    5.93217    5.92880 -9.990e-29     0.1305   10.79110   3.915545 5.0640e-11    24.4883    24.4882 1.0000e-12      3.000          1      15978    1499.70 1.9747e+00  50642.191    665.690 1621666091      -0.14     -0.524   39.13260  -72.94724 0.0000e+00
      2.474    13.6538    32.7102  1024.5001     2.6299     6.2062    104.617   -0.00052    5.93230    5.92893 -9.990e-29     0.1282   10.79131   3.915392 5.0640e-11    24.4890    24.4889 1.0000e-12      2.500          1      16001    1499.69 1.9747e+00  50642.752    666.665 1621666092       0.05     -0.557   39.13260  -72.94724 0.0000e+00
      1.959    13.6522    32.7115  1024.4990     2.6286     6.1986    104.486   -0.00148    5.93247    5.92910 -9.990e-29     0.1151   10.79160   3.915462 5.0640e-11    24.4902    24.4902 1.0000e-12      2.000          1      16042    1499.68 1.9747e+00  50644.815    668.383 1621666093       0.44     -0.338   39.13260  -72.94724 0.0000e+00
