CalculateIndicators/WaterTemperature/Data/CTD_NYOS/20210525_C37.cnv
* Sea-Bird SBE 9 Data File:
* FileName = C:\Seabird 9 CTD\Data\2021\202105_offshore\20210525_C37.hex
* Software Version Seasave V 7.23.2
* Temperature SN = 4590
* Conductivity SN = 3228
* Number of Bytes Per Scan = 44
* Number of Voltage Words = 5
* Number of Scans Averaged by the Deck Unit = 1
* NMEA Latitude = 40 23.91 N
* NMEA Longitude = 071 40.43 W
* NMEA UTC (Time) = May 26 2021  03:11:29
* NMEA baud rate = 4800
** Ship: seawolf
** Station: 1.3
** Operator: sjw
# nquan = 31
# nvalues = 296                         
# units = specified
# name 0 = depSM: Depth [salt water, m]
# name 1 = t090C: Temperature [ITS-90, deg C]
# name 2 = sal00: Salinity, Practical [PSU]
# name 3 = density00: Density [density, kg/m^3]
# name 4 = sbeox0V: Oxygen raw, SBE 43 [V]
# name 5 = sbeox0ML/L: Oxygen, SBE 43 [ml/l]
# name 6 = sbeox0PS: Oxygen, SBE 43 [% saturation]
# name 7 = sbox0dV/dT: Oxygen, SBE 43 [dov/dt]
# name 8 = oxsolML/L: Oxygen Saturation, Garcia & Gordon [ml/l]
# name 9 = oxsatML/L: Oxygen Saturation, Weiss [ml/l]
# name 10 = ph: pH
# name 11 = flECO-AFL: Fluorescence, WET Labs ECO-AFL/FL [mg/m^3]
# name 12 = n2satML/L: Nitrogen Saturation [ml/l]
# name 13 = c0S/m: Conductivity [S/m]
# name 14 = cpar: CPAR/Corrected Irradiance [%]
# name 15 = sigma-é00: Density [sigma-theta, kg/m^3]
# name 16 = sigma-t00: Density [sigma-t, kg/m^3 ]
# name 17 = par: PAR/Irradiance, Biospherical/Licor
# name 18 = prDM: Pressure, Digiquartz [db]
# name 19 = pumps: Pump Status
# name 20 = scan: Scan Count
# name 21 = svCM: Sound Velocity [Chen-Millero, m/s]
# name 22 = spar: SPAR, Biospherical/Licor
# name 23 = specc: Specific Conductance [uS/cm]
# name 24 = timeS: Time, Elapsed [seconds]
# name 25 = timeY: Time, System [seconds]
# name 26 = accM: Acceleration [m/s^2]
# name 27 = dz/dtM: Descent Rate [m/s]
# name 28 = latitude: Latitude [deg]
# name 29 = longitude: Longitude [deg]
# name 30 = flag: flag
# span 0 =      1.967,     75.410       
# span 1 =     7.2261,    14.2012       
# span 2 =    32.1576,    33.2872       
# span 3 =  1024.0086,  1026.3451       
# span 4 =     2.0994,     2.6387       
# span 5 =     5.4326,     6.8593       
# span 6 =     80.528,    106.429       
# span 7 =   -0.01720,    0.01827       
# span 8 =    5.88480,    6.79820       
# span 9 =    5.88059,    6.80688       
# span 10 =      7.906,      8.104      
# span 11 =    -0.0271,     0.5928      
# span 12 =   10.71793,   12.21930      
# span 13 =   3.379303,   3.912727      
# span 14 = -3.282e+04, 1.0819e+05      
# span 15 =    23.9780,    25.9979      
# span 16 =    23.9777,    25.9969      
# span 17 = 1.0000e-12, 1.0000e-12      
# span 18 =      2.000,     76.000      
# span 19 =          1,          1      
# span 20 =        447,      16338      
# span 21 =    1478.17,    1501.00      
# span 22 = -1.618e-01, 2.6228e+00      
# span 23 =  49847.701,  52609.372      
# span 24 =     18.583,    680.725      
# span 25 = 1621998704, 1621999366      
# span 26 =      -0.72,       0.71      
# span 27 =     -0.735,      0.718      
# span 28 =   40.39854,   40.39966      
# span 29 =  -71.67377,  -71.66892      
# span 30 = 0.0000e+00, 0.0000e+00      
# interval = decibars: 0.5              
# start_time = May 26 2021 03:11:25 [System UTC, first data scan.]
# bad_flag = -9.990e-29
*END*
[from data line 141]
     71.928     7.5259    33.2872  1026.3292     2.1026     5.4400     80.640   -0.00040    6.74601    6.75406      7.909    -0.0039   12.13134   3.422444 7.6239e+04    25.9979    25.9969 1.0000e-12     72.500          1       5233    1479.73 4.6919e-01  52607.484    218.020 1621998903      -0.03      0.243   40.39889  -71.67228 0.0000e+00
     72.424     7.5260    33.2871  1026.3315     2.1019     5.4373     80.600   -0.00050    6.74599    6.75404      7.909    -0.0254   12.13130   3.422453 9.9891e+04    25.9978    25.9968 1.0000e-12     73.000          1       5284    1479.74 2.1339e-03  52607.661    220.116 1621998905       0.35      0.202   40.39890  -71.67226 0.0000e+00
     72.925     7.5254    33.2868  1026.3337     2.1019     5.4413     80.659    0.00006    6.74602    6.75407      7.909    -0.0202   12.13136   3.422394 9.9999e+04    25.9977    25.9967 1.0000e-12     73.500          1       5326    1479.75 0.0000e+00  52607.808    221.873 1621998907       0.21      0.304   40.39890  -71.67225 0.0000e+00
     73.422     7.5256    33.2868  1026.3359     2.1013     5.4377     80.606   -0.00025    6.74605    6.75410      7.909    -0.0123   12.13140   3.422419 9.9999e+04    25.9977    25.9967 1.0000e-12     74.000          1       5375    1479.76 0.0000e+00  52608.091    223.907 1621998909       0.48      0.292   40.39890  -71.67224 0.0000e+00
     73.913     7.5256    33.2868  1026.3382     2.1010     5.4366     80.588   -0.00035    6.74610    6.75415      7.909    -0.0046   12.13150   3.422448 9.9999e+04    25.9977    25.9967 1.0000e-12     74.500          1       5425    1479.76 0.0000e+00  52608.439    226.005 1621998911       0.10      0.245   40.39890  -71.67223 0.0000e+00
     74.418     7.5253    33.2866  1026.3404     2.1006     5.4361     80.582   -0.00025    6.74605    6.75410 -9.990e-29     0.0002   12.13141   3.422412 9.9999e+04    25.9975    25.9965 1.0000e-12     75.000          1       5462    1479.77 0.0000e+00  52608.493    227.533 1621998913       0.29      0.359   40.39890  -71.67222 0.0000e+00
     74.907     7.5254    33.2866  1026.3427     2.1001     5.4363     80.584    0.00003    6.74606    6.75412      7.909    -0.0106   12.13143   3.422448 9.6288e+04    25.9976    25.9966 1.0000e-12     75.500          1       5540    1479.78 7.3279e-02  52608.911    230.802 1621998916       0.10      0.155   40.39890  -71.67220 0.0000e+00
     75.410     7.5259    33.2868  1026.3451     2.0994     5.4326     80.528   -0.00021    6.74624    6.75429      7.907    -0.0229   12.13173   3.422520 -3.282e+04    25.9977    25.9967 1.0000e-12     76.000          1       6016    1479.79 2.6228e+00  52609.372    250.619 1621998936      -0.06      0.161   40.39896  -71.67206 0.0000e+00
     74.898     7.5263    33.2869  1026.3427     2.1003     5.4362     80.585   -0.00001    6.74599    6.75404      7.907    -0.0214   12.13131   3.422543 5.0640e-11    25.9976    25.9966 1.0000e-12     75.500          1       6136    1479.78 1.9747e+00  52608.978    255.607 1621998941      -0.44     -0.206   40.39896  -71.67203 0.0000e+00
     74.417     7.5252    33.2864  1026.3403     2.1011     5.4402     80.642    0.00033    6.74604    6.75410      7.906     0.0031   12.13140   3.422373 2.6813e+04    25.9974    25.9964 1.0000e-12     75.000          1       6637 -9.990e-29 1.4452e+00  52608.293    276.516 1621998962      -0.06     -0.037   40.39900  -71.67187 0.0000e+00
     73.916     7.5254    33.2863  1026.3378     2.1010     5.4393     80.630    0.00026    6.74604    6.75409      7.907    -0.0140   12.13139   3.422372 -6.440e+02    25.9973    25.9963 1.0000e-12     74.500          1       6700    1479.76 1.9874e+00  52607.753    279.126 1621998964      -0.38     -0.325   40.39900  -71.67186 0.0000e+00
     73.407     7.5256    33.2864  1026.3355     2.1009     5.4358     80.578   -0.00018    6.74599    6.75404      7.906    -0.0116   12.13131   3.422368 5.0640e-11    25.9973    25.9964 1.0000e-12     74.000          1       6715    1479.76 1.9747e+00  52607.457    279.736 1621998965      -0.24     -0.588   40.39900  -71.67186 0.0000e+00
     72.927     7.5256    33.2867  1026.3336     2.1011     5.4372     80.596    0.00003    6.74618    6.75423      7.906     0.0026   12.13163   3.422383 5.0640e-11    25.9976    25.9966 1.0000e-12     73.500          1       6775    1479.75 1.9747e+00  52607.607    282.236 1621998967      -0.08     -0.164   40.39900  -71.67184 0.0000e+00
     72.430     7.5258    33.2867  1026.3312     2.1009     5.4357     80.574   -0.00002    6.74625    6.75430      7.906    -0.0197   12.13174   3.422365 5.0640e-11    25.9975    25.9966 1.0000e-12     73.000          1       6801    1479.74 1.9747e+00  52607.174    283.322 1621998968      -0.51     -0.358   40.39900  -71.67184 0.0000e+00
     71.923     7.5257    33.2865  1026.3287     2.1006     5.4335     80.540   -0.00022    6.74626    6.75432      7.906    -0.0205   12.13176   3.422316 5.0640e-11    25.9974    25.9964 1.0000e-12     72.500          1       6815    1479.73 1.9747e+00  52606.566    283.927 1621998969      -0.36     -0.641   40.39900  -71.67183 0.0000e+00
     71.428     7.5248    33.2863  1026.3265     2.1009     5.4357     80.573   -0.00002    6.74631    6.75437      7.907    -0.0086   12.13185   3.422197 5.0640e-11    25.9974    25.9964 1.0000e-12     72.000          1       6842    1479.72 1.9747e+00  52606.257    285.041 1621998970       0.18     -0.590   40.39900  -71.67182 0.0000e+00
     70.943     7.5241    33.2862  1026.3242     2.1018     5.4435     80.682    0.00071    6.74681    6.75488      7.908    -0.0262   12.13269   3.422102 5.0640e-11    25.9973    25.9964 1.0000e-12     71.500          1       6885    1479.71 1.9747e+00  52605.861    286.815 1621998972      -0.06     -0.187   40.39902  -71.67181 0.0000e+00
     70.440     7.5226    33.2856  1026.3216     2.1021     5.4414     80.635    0.00013    6.74828    6.75636      7.909    -0.0131   12.13516   3.421882 4.7799e+04    25.9971    25.9961 1.0000e-12     71.000          1       6928    1479.69 1.0308e+00  52605.049    288.613 1621998974      -0.08     -0.234   40.39902  -71.67180 0.0000e+00
     69.944     7.5189    33.2834  1026.3181     2.1034     5.4518     80.764    0.00080    6.75027    6.75838 -9.990e-29    -0.0029   12.13851   3.421254 9.8100e+04    25.9959    25.9949 1.0000e-12     70.500          1       6973    1479.67 3.7501e-02  52602.507    290.486 1621998976      -0.35     -0.255   40.39902  -71.67178 0.0000e+00
     69.449     7.5098    33.2801  1026.3146     2.1055     5.4648     80.934    0.00152    6.75217    6.76030 -9.990e-29     0.0002   12.14171   3.420134 3.9256e+03    25.9946    25.9937 1.0000e-12     70.000          1       7000    1479.62 1.8972e+00  52599.890    291.611 1621998977      -0.01     -0.461   40.39902  -71.67177 0.0000e+00
     68.954     7.5061    33.2786  1026.3116     2.1079     5.4756     81.090    0.00195    6.75253    6.76066      7.911     0.0258   12.14231   3.419626 -9.990e-29    25.9939    25.9930 1.0000e-12     69.500          1       7029    1479.60 -9.990e-29  52598.291    292.827 1621998978       0.01     -0.405   40.39902  -71.67176 0.0000e+00
     68.459     7.4946    33.2737  1026.3071     2.1112     5.4902     81.304    0.00247    6.75264    6.76078      7.912     0.0139   12.14250   3.418052 -9.990e-29    25.9917    25.9908 1.0000e-12     69.000          1       7056    1479.54 -9.990e-29  52593.912    293.970 1621998979      -0.02     -0.432   40.39902  -71.67176 0.0000e+00
     67.958     7.4890    33.2714  1026.3038     2.1140     5.5020     81.477    0.00284    6.75280    6.76093      7.912     0.0089   12.14276   3.417400 9.9999e+04    25.9906    25.9897 1.0000e-12     68.500          1       7083    1479.51 0.0000e+00  52591.704    295.083 1621998980      -0.00     -0.452   40.39903  -71.67175 0.0000e+00
     67.467     7.4869    33.2706  1026.3012     2.1178     5.5077     81.559    0.00183    6.75302    6.76116      7.912     0.0415   12.14314   3.417150 9.9999e+04    25.9903    25.9894 1.0000e-12     68.000          1       7131    1479.49 0.0000e+00  52590.764    297.081 1621998982       0.12     -0.252   40.39904  -71.67174 0.0000e+00
     66.969     7.4854    33.2698  1026.2985     2.1195     5.5076     81.557    0.00104    6.75308    6.76122      7.913     0.0461   12.14323   3.416929 9.9999e+04    25.9899    25.9890 1.0000e-12     67.500          1       7173    1479.47 0.0000e+00  52589.772    298.825 1621998984      -0.14     -0.285   40.39904  -71.67172 0.0000e+00
     66.477     7.4848    33.2696  1026.2961     2.1199     5.5045     81.509    0.00038    6.75326    6.76140      7.913    -0.0121   12.14354   3.416848 9.9999e+04    25.9898    25.9889 1.0000e-12     67.000          1       7207    1479.46 0.0000e+00  52589.176    300.249 1621998985       0.03     -0.363   40.39904  -71.67170 0.0000e+00
     65.979     7.4849    33.2695  1026.2938     2.1201     5.5037     81.497    0.00016    6.75327    6.76141      7.913    -0.0010   12.14355   3.416832 9.9999e+04    25.9897    25.9889 1.0000e-12     66.500          1       7232    1479.46 0.0000e+00  52588.745    301.283 1621998986      -0.16     -0.397   40.39904  -71.67170 0.0000e+00
     65.476     7.4843    33.2694  1026.2914     2.1207     5.5071     81.547    0.00038    6.75331    6.76145      7.913     0.0293   12.14361   3.416734 6.5561e+04    25.9897    25.9888 1.0000e-12     66.000          1       7253    1479.45 6.8006e-01  52588.342    302.168 1621998987      -0.10     -0.541   40.39904  -71.67170 0.0000e+00
     64.988     7.4834    33.2692  1026.2891     2.1215     5.5099     81.585    0.00049    6.75351    6.76165      7.913    -0.0026   12.14395   3.416631 7.0354e+04    25.9897    25.9888 1.0000e-12     65.500          1       7298    1479.43 5.8540e-01  52587.983    304.021 1621998989       0.19     -0.296   40.39904  -71.67168 0.0000e+00
     64.498     7.4830    33.2690  1026.2867     2.1217     5.5091     81.571    0.00029    6.75368    6.76182      7.913     0.0029   12.14423   3.416558 -9.990e-29    25.9895    25.9887 1.0000e-12     65.000          1       7334    1479.42 -9.990e-29  52587.426    305.529 1621998991      -0.36     -0.236   40.39904  -71.67166 0.0000e+00
     63.987     7.4831    33.2687  1026.2842     2.1213     5.5050     81.511   -0.00008    6.75370    6.76185      7.913     0.0125   12.14428   3.416503 -9.990e-29    25.9893    25.9884 1.0000e-12     64.500          1       7349    1479.41 -9.990e-29  52586.613    306.150 1621998991      -0.46     -0.530   40.39904  -71.67166 0.0000e+00
     63.495     7.4817    33.2685  1026.2820     2.1219     5.5081     81.551    0.00009    6.75417    6.76232      7.913    -0.0022   12.14506   3.416350 -9.990e-29    25.9893    25.9885 1.0000e-12     64.000          1       7381    1479.40 -9.990e-29  52586.428    307.485 1621998993       0.13     -0.483   40.39906  -71.67165 0.0000e+00
     63.008     7.4808    33.2680  1026.2794     2.1219     5.5080     81.540    0.00000    6.75492    6.76308      7.913     0.0044   12.14631   3.416207 -9.990e-29    25.9890    25.9882 1.0000e-12     63.500          1       7422    1479.39 -9.990e-29  52585.628    309.217 1621998994      -0.27     -0.185   40.39906  -71.67164 0.0000e+00
     62.500     7.4795    33.2674  1026.2768     2.1220     5.5078     81.535   -0.00004    6.75511    6.76328      7.914     0.0408   12.14664   3.416003 -9.990e-29    25.9888    25.9880 1.0000e-12     63.000          1       7441    1479.37 -9.990e-29  52584.727    309.988 1621998995      -0.31     -0.488   40.39906  -71.67164 0.0000e+00
     62.007     7.4760    33.2665  1026.2743     2.1224     5.5113     81.575    0.00018    6.75612    6.76430      7.914     0.0220   12.14833   3.415570 9.9999e+04    25.9885    25.9877 1.0000e-12     62.500          1       7474    1479.35 0.0000e+00  52583.934    311.375 1621998997       0.16     -0.435   40.39906  -71.67162 0.0000e+00
     61.515     7.4717    33.2653  1026.2717     2.1233     5.5223     81.658    0.00052    6.76270    6.77096      7.916     0.0283   12.15944   3.415056 9.9999e+04    25.9882    25.9874 1.0000e-12     62.000          1       7517    1479.32 0.0000e+00  52583.038    313.183 1621998998      -0.09     -0.248   40.39906  -71.67160 0.0000e+00
     61.016     7.4655    33.2630  1026.2685     2.1257     5.5424     81.857    0.00127    6.77077    6.77912      7.921     0.0119   12.17302   3.414168 9.9999e+04    25.9872    25.9864 1.0000e-12     61.500          1       7552    1479.29 0.0000e+00  52580.980    314.610 1621999000       0.00     -0.352   40.39906  -71.67160 0.0000e+00
     60.522     7.4159    33.2379  1026.2534     2.1395     5.6302     83.102    0.00694    6.77506    6.78347      7.928     0.0399   12.18024   3.407124 9.9999e+04    25.9744    25.9736 1.0000e-12     61.000          1       7599    1479.06 0.0000e+00  52557.555    316.564 1621999002       0.04     -0.253   40.39906  -71.67158 0.0000e+00
     60.020     7.3714    33.2168  1026.2408     2.1561     5.7128     84.284    0.01054    6.77812    6.78656      7.932     0.0404   12.18538   3.401142 9.9999e+04    25.9640    25.9632 1.0000e-12     60.500          1       7930    1478.85 0.0000e+00  52538.491    330.369 1621999015      -0.09     -0.355   40.39908  -71.67147 0.0000e+00
     59.523     7.3483    33.2075  1026.2344     2.1588     5.7586     84.751    0.01383    6.79474    6.80339      7.939     0.0560   12.21338   3.397891 -9.990e-29    25.9599    25.9591 1.0000e-12     60.000          1       8683    1478.74 -9.990e-29  52530.959    361.748 1621999047      -0.03     -0.681   40.39914  -71.67124 0.0000e+00
     59.033     7.2779    33.1814  1026.2215     2.1831     5.8735     86.399    0.01827    6.79820    6.80688      7.945     0.0722   12.21930   3.389443 -9.990e-29    25.9491    25.9484 1.0000e-12     59.500          1       8764    1478.43 -9.990e-29  52511.511    365.119 1621999050       0.23     -0.453   40.39915  -71.67122 0.0000e+00
     58.537     7.2397    33.1578  1026.2060     2.2102     5.9449     87.465    0.01558    6.79687    6.80550      7.951     0.0784   12.21744   3.383990 5.0640e-11    25.9358    25.9351 1.0000e-12     59.000          1       8806    1478.25 1.9747e+00  52487.524    366.886 1621999052      -0.00     -0.286   40.39916  -71.67121 0.0000e+00
     58.052     7.2261    33.1424  1026.1935     2.2298     5.9912     88.145    0.01260    6.79694    6.80555      7.959     0.0970   12.21780   3.381512 5.0640e-11    25.9255    25.9248 1.0000e-12     58.500          1       8844    1478.17 1.9747e+00  52468.720    368.445 1621999054      -0.05     -0.286   40.39916  -71.67120 0.0000e+00
     57.549     7.2332    33.1336  1026.1833     2.2378     6.0131     88.473    0.01195    6.79657    6.80517      7.959     0.1000   12.21722   3.381443 5.0640e-11    25.9177    25.9169 1.0000e-12     58.000          1       8861    1478.18 1.9747e+00  52454.029    369.146 1621999054      -0.34     -0.439   40.39916  -71.67118 0.0000e+00
     57.038     7.2467    33.1202  1026.1685     2.2450     6.0321     88.772    0.01142    6.79509    6.80366      7.961     0.1084   12.21484   3.381334 5.0640e-11    25.9052    25.9045 1.0000e-12     57.500          1       8876    1478.20 1.9747e+00  52430.995    369.800 1621999055      -0.27     -0.662   40.39916  -71.67118 0.0000e+00
     56.557     7.2506    33.0987  1026.1488     2.2601     6.0672     89.363    0.01002    6.78939    6.79785      7.965     0.1164   12.20565   3.379769 5.0640e-11    25.8878    25.8871 1.0000e-12     57.000          1       8914    1478.18 1.9747e+00  52398.959    371.356 1621999057       0.34     -0.416   40.39916  -71.67118 0.0000e+00
