CalculateIndicators/WaterTemperature/Data/CTD_NYOS/20210521_C03.cnv
* Sea-Bird SBE 9 Data File:
* FileName = C:\Seabird 9 CTD\Data\2021\202105_offshore\20210521_C03.hex
* Software Version Seasave V 7.23.2
* Temperature SN = 4590
* Conductivity SN = 3228
* Number of Bytes Per Scan = 44
* Number of Voltage Words = 5
* Number of Scans Averaged by the Deck Unit = 1
* NMEA Latitude = 39 42.77 N
* NMEA Longitude = 073 29.90 W
* NMEA UTC (Time) = May 21 2021  11:08:30
* NMEA baud rate = 4800
** Ship: seawolf
** Station: 7.3
** Operator: eih
# nquan = 31
# nvalues = 150                         
# units = specified
# name 0 = depSM: Depth [salt water, m]
# name 1 = t090C: Temperature [ITS-90, deg C]
# name 2 = sal00: Salinity, Practical [PSU]
# name 3 = density00: Density [density, kg/m^3]
# name 4 = sbeox0V: Oxygen raw, SBE 43 [V]
# name 5 = sbeox0ML/L: Oxygen, SBE 43 [ml/l]
# name 6 = sbeox0PS: Oxygen, SBE 43 [% saturation]
# name 7 = sbox0dV/dT: Oxygen, SBE 43 [dov/dt]
# name 8 = oxsolML/L: Oxygen Saturation, Garcia & Gordon [ml/l]
# name 9 = oxsatML/L: Oxygen Saturation, Weiss [ml/l]
# name 10 = ph: pH
# name 11 = flECO-AFL: Fluorescence, WET Labs ECO-AFL/FL [mg/m^3]
# name 12 = n2satML/L: Nitrogen Saturation [ml/l]
# name 13 = c0S/m: Conductivity [S/m]
# name 14 = cpar: CPAR/Corrected Irradiance [%]
# name 15 = sigma-é00: Density [sigma-theta, kg/m^3]
# name 16 = sigma-t00: Density [sigma-t, kg/m^3 ]
# name 17 = par: PAR/Irradiance, Biospherical/Licor
# name 18 = prDM: Pressure, Digiquartz [db]
# name 19 = pumps: Pump Status
# name 20 = scan: Scan Count
# name 21 = svCM: Sound Velocity [Chen-Millero, m/s]
# name 22 = spar: SPAR, Biospherical/Licor
# name 23 = specc: Specific Conductance [uS/cm]
# name 24 = timeS: Time, Elapsed [seconds]
# name 25 = timeY: Time, System [seconds]
# name 26 = accM: Acceleration [m/s^2]
# name 27 = dz/dtM: Descent Rate [m/s]
# name 28 = latitude: Latitude [deg]
# name 29 = longitude: Longitude [deg]
# name 30 = flag: flag
# span 0 =      1.487,     38.719       
# span 1 =     8.8937,    14.2735       
# span 2 =    32.2436,    32.9879       
# span 3 =  1024.0485,  1025.7368       
# span 4 =     2.2961,     2.5983       
# span 5 =     5.8695,     6.4403       
# span 6 =     89.574,    103.597       
# span 7 =   -0.04224,    0.01967       
# span 8 =    5.87330,    6.55390       
# span 9 =    5.86900,    6.55879       
# span 10 =      7.952,      8.042      
# span 11 =     0.0659,     0.8647      
# span 12 =   10.69808,   11.81745      
# span 13 =   3.514314,   3.927144      
# span 14 = 9.5264e-02, 5.9269e+01      
# span 15 =    24.0329,    25.5595      
# span 16 =    24.0328,    25.5589      
# span 17 = 1.3730e+00, 4.5603e+02      
# span 18 =      1.500,     39.000      
# span 19 =          1,          1      
# span 20 =        262,      12531      
# span 21 =    1483.97,    1501.26      
# span 22 = 5.7837e+02, 1.4841e+03      
# span 23 =  49969.965,  51839.981      
# span 24 =     10.888,    522.091      
# span 25 = 1621595322, 1621595833      
# span 26 =      -0.91,       0.67      
# span 27 =     -0.909,      0.823      
# span 28 =   39.71284,   39.71306      
# span 29 =  -73.49854,  -73.49814      
# span 30 = 0.0000e+00, 0.0000e+00      
# interval = decibars: 0.5              
# start_time = May 21 2021 11:08:31 [System UTC, first data scan.]
# bad_flag = -9.990e-29
*END*
[from data line 47]
     25.309     9.7340    32.8628  1025.4428     2.4212     6.0011     92.102   -0.03937    6.51567    6.51996      8.007     0.6195   11.75487   3.566993 6.7093e-01    25.3273    25.3269 9.3010e+00     25.500          1       2390    1486.68 1.3863e+03  51485.502     99.554 1621595411       0.30      0.565   39.71286  -73.49846 0.0000e+00
     25.806     9.2558    32.9269  1025.5730     2.3933     5.9947     91.884   -0.02644    6.52413    6.52854      8.005     0.6308   11.76889   3.535378 6.2470e-01    25.4550    25.4546 8.8212e+00     26.000          1       2426    1485.02 1.4127e+03  51670.213    101.058 1621595412      -0.04      0.501   39.71288  -73.49846 0.0000e+00
     26.296     9.0847    32.9352  1025.6090     2.3594     6.0133     91.940   -0.00738    6.54050    6.54515      7.993     0.6984   11.79583   3.522968 5.8841e-01    25.4887    25.4883 8.5780e+00     26.500          1       2506    1484.41 1.4578e+03  51717.782    104.376 1621595416       0.30      0.247   39.71288  -73.49846 0.0000e+00
     26.789     9.0513    32.9374  1025.6182     2.3525     6.0000     91.727   -0.00607    6.54116    6.54582      7.990     0.7763   11.79690   3.520545 5.5527e-01    25.4957    25.4952 7.9618e+00     27.000          1       2534    1484.30 1.4337e+03  51728.103    105.544 1621595417       0.01      0.425   39.71286  -73.49846 0.0000e+00
     27.282     9.0216    32.9401  1025.6273     2.3477     5.9862     91.532   -0.00555    6.53998    6.54463 -9.990e-29     0.7926   11.79498   3.518364 5.1850e-01    25.5024    25.5020 7.3027e+00     27.500          1       2556    1484.20 1.4084e+03  51738.528    106.477 1621595418       0.11      0.456   39.71286  -73.49846 0.0000e+00
     27.786     9.0047    32.9426  1025.6342     2.3453     5.9836     91.491   -0.00471    6.54016    6.54480 -9.990e-29     0.7683   11.79525   3.517419 4.8744e-01    25.5070    25.5066 6.7734e+00     28.000          1       2573    1484.15 1.3895e+03  51745.952    107.166 1621595418       0.22      0.581   39.71288  -73.49846 0.0000e+00
     28.291     8.9983    32.9437  1025.6384     2.3428     5.9840     91.492   -0.00329    6.54042    6.54507      7.986     0.7846   11.79572   3.517268 4.6060e-01    25.5089    25.5084 6.3701e+00     28.500          1       2601    1484.14 1.3840e+03  51749.233    108.341 1621595420       0.03      0.621   39.71288  -73.49847 0.0000e+00
     28.777     8.9931    32.9419  1025.6400     2.3365     5.9807     91.417   -0.00093    6.54225    6.54692      7.986     0.7791   11.79872   3.517424 4.0418e-01    25.5083    25.5079 5.9987e+00     29.000          1       2702    1484.12 1.4841e+03  51748.113    112.540 1621595424       0.30      0.320   39.71288  -73.49848 0.0000e+00
     29.275     8.9908    32.9426  1025.6433     2.3359     5.9815     91.425   -0.00062    6.54250    6.54718      7.985     0.7455   11.79913   3.517460 3.9966e-01    25.5093    25.5088 5.7183e+00     29.500          1       2731    1484.12 1.4308e+03  51749.943    113.746 1621595425      -0.04      0.437   39.71288  -73.49848 0.0000e+00
     29.759     8.9905    32.9424  1025.6454     2.3343     5.9732     91.299   -0.00120    6.54242    6.54710 -9.990e-29     0.7321   11.79899   3.517600 3.8151e-01    25.5091    25.5087 5.3295e+00     30.000          1       2768    1484.13 1.3971e+03  51749.996    115.276 1621595427      -0.02      0.291   39.71288  -73.49848 0.0000e+00
     30.257     8.9896    32.9434  1025.6486     2.3339     5.9727     91.301   -0.00092    6.54179    6.54647 -9.990e-29     0.7319   11.79796   3.517692 3.4522e-01    25.5101    25.5096 4.8606e+00     30.500          1       2786    1484.14 1.4080e+03  51751.923    116.025 1621595427       0.31      0.421   39.71288  -73.49848 0.0000e+00
     30.767     8.9885    32.9434  1025.6511     2.3333     5.9713     91.286   -0.00070    6.54129    6.54595 -9.990e-29     0.7273   11.79713   3.517663 3.1672e-01    25.5103    25.5098 4.4591e+00     31.000          1       2799    1484.14 1.4078e+03  51752.487    116.598 1621595428       0.38      0.637   39.71288  -73.49848 0.0000e+00
     31.269     8.9904    32.9433  1025.6530     2.3320     5.9667     91.211   -0.00089    6.54168    6.54635      7.982     0.7540   11.79780   3.517933 2.9481e-01    25.5099    25.5094 4.1594e+00     31.500          1       2837    1484.15 1.4115e+03  51752.142    118.173 1621595429       0.08      0.682   39.71288  -73.49848 0.0000e+00
     31.756     8.9894    32.9426  1025.6549     2.3303     5.9660     91.182   -0.00050    6.54300    6.54769      7.980     0.7616   11.79996   3.517946 2.7414e-01    25.5095    25.5090 3.9220e+00     32.000          1       2937    1484.16 1.4307e+03  51751.860    122.339 1621595434       0.05      0.436   39.71286  -73.49848 0.0000e+00
     32.248     8.9854    32.9431  1025.6581     2.3303     5.9678     91.206   -0.00031    6.54321    6.54790 -9.990e-29     0.7995   11.80030   3.517750 2.6423e-01    25.5105    25.5100 3.7171e+00     32.500          1       2973    1484.15 1.4068e+03  51753.620    123.840 1621595435      -0.04      0.366   39.71286  -73.49848 0.0000e+00
     32.748     8.9845    32.9434  1025.6608     2.3304     5.9709     91.252    0.00015    6.54335    6.54804 -9.990e-29     0.7971   11.80052   3.517757 2.4599e-01    25.5109    25.5104 3.4772e+00     33.000          1       3004    1484.16 1.4138e+03  51754.565    125.117 1621595436      -0.01      0.395   39.71286  -73.49848 0.0000e+00
     33.242     8.9830    32.9440  1025.6638     2.3293     5.9630     91.140   -0.00049    6.54264    6.54732      7.980     0.7703   11.79936   3.517741 2.1718e-01    25.5116    25.5111 3.1454e+00     33.500          1       3049 -9.990e-29 1.4484e+03  51756.069    126.979 1621595438      -0.05      0.267   39.71286  -73.49849 0.0000e+00
     33.736     8.9832    32.9438  1025.6659     2.3270     5.9579     91.056   -0.00032    6.54314    6.54783      7.979     0.7496   11.80015   3.517790 2.0570e-01    25.5115    25.5109 2.9178e+00     34.000          1       3138    1484.17 1.4189e+03  51756.148    130.712 1621595442       0.47      0.213   39.71286  -73.49849 0.0000e+00
     34.241     8.9806    32.9451  1025.6696     2.3269     5.9585     91.053   -0.00036    6.54395    6.54865 -9.990e-29     0.7817   11.80148   3.517731 1.9992e-01    25.5129    25.5123 2.7894e+00     34.500          1       3173    1484.17 1.3953e+03  51758.839    132.148 1621595443       0.62      0.552   39.71286  -73.49848 0.0000e+00
     34.738     8.9776    32.9472  1025.6740     2.3262     5.9569     91.016   -0.00041    6.54491    6.54964      7.975     0.7792   11.80304   3.517701 1.8146e-01    25.5150    25.5145 2.5653e+00     35.000          1       3216    1484.17 1.4152e+03  51762.775    133.943 1621595445       0.11      0.515   39.71286  -73.49849 0.0000e+00
     35.220     8.9736    32.9495  1025.6786     2.3220     5.9462     90.760   -0.00126    6.55156    6.55640      7.972     0.8233   11.81374   3.517608 1.6003e-01    25.5174    25.5168 2.3345e+00     35.500          1       3322    1484.17 1.4578e+03  51767.135    138.370 1621595450       0.08      0.088   39.71286  -73.49850 0.0000e+00
     35.722     8.9578    32.9554  1025.6880     2.3159     5.9094     90.206   -0.00403    6.55094    6.55577      7.969     0.8647   11.81273   3.516624 1.5687e-01    25.5246    25.5240 2.1983e+00     36.000          1       3345    1484.12 1.4012e+03  51779.180    139.318 1621595451       0.18      0.341   39.71286  -73.49850 0.0000e+00
     36.223     8.9271    32.9702  1025.7067     2.3098     5.8848     89.829   -0.00489    6.55111    6.55595      7.968     0.8559   11.81301   3.515380 1.4820e-01    25.5409    25.5403 2.0438e+00     36.500          1       3378    1484.04 1.3794e+03  51807.082    140.695 1621595452      -0.01      0.411   39.71286  -73.49850 0.0000e+00
     36.714     8.9154    32.9801  1025.7186     2.3024     5.8874     89.841   -0.00092    6.55319    6.55807      7.965     0.7042   11.81628   3.515385 1.3065e-01    25.5505    25.5499 1.9080e+00     37.000          1       3491    1484.01 1.4604e+03  51823.846    145.428 1621595457       0.15      0.214   39.71286  -73.49850 0.0000e+00
     37.206     8.9079    32.9871  1025.7275     2.3002     5.8796     89.711   -0.00126    6.55390    6.55879      7.962     0.6708   11.81745   3.515404 1.2467e-01    25.5572    25.5566 1.7808e+00     37.500          1       3531    1484.00 1.4283e+03  51835.753    147.079 1621595458       0.01      0.305   39.71286  -73.49850 0.0000e+00
     37.708     8.9041    32.9873  1025.7305     2.2986     5.8723     89.611   -0.00144    6.55313    6.55800 -9.990e-29     0.7020   11.81618   3.515065 1.1548e-01    25.5579    25.5573 1.6291e+00     38.000          1       3556    1483.99 1.4106e+03  51837.150    148.120 1621595459       0.16      0.399   39.71286  -73.49850 0.0000e+00
     38.209     8.8973    32.9879  1025.7344     2.2974     5.8695     89.574   -0.00109    6.55266    6.55752      7.955     0.6797   11.81541   3.514583 1.0618e-01    25.5594    25.5588 1.4910e+00     38.500          1       3719    1483.98 1.4048e+03  51839.795    154.915 1621595466       0.04      0.428   39.71286  -73.49851 0.0000e+00
     38.719     8.8937    32.9873  1025.7368     2.2961     5.8715     89.594   -0.00016    6.55341    6.55829      7.955     0.6455   11.81666   3.514314 9.5264e-02    25.5595    25.5589 1.3730e+00     39.000          1       4517    1483.97 1.4409e+03  51839.981    188.182 1621595499      -0.14      0.501   39.71284  -73.49854 0.0000e+00
     38.204     8.8992    32.9865  1025.7330     2.2967     5.8780     89.690    0.00049    6.55370    6.55858      7.955     0.6260   11.81713   3.514732 1.0250e-01    25.5581    25.5574 1.4576e+00     38.500          1       4486    1483.98 1.4220e+03  51837.395    186.894 1621595498      -0.91     -0.140   39.71284  -73.49854 0.0000e+00
     37.692     8.9005    32.9865  1025.7304     2.2968     5.8774     89.682    0.00034    6.55356    6.55844      7.954     0.6347   11.81691   3.514817 1.1415e-01    25.5578    25.5572 1.6176e+00     38.000          1       4535    1483.98 1.4172e+03  51836.736    188.896 1621595500      -0.40     -0.574   39.71284  -73.49854 0.0000e+00
     37.211     8.9048    32.9847  1025.7261     2.2992     5.8818     89.787    0.00046    6.55091    6.55575      7.952     0.7090   11.81267   3.515026 1.3117e-01    25.5557    25.5551 1.9122e+00     37.500          1       5450    1483.99 1.4583e+03  51832.956    227.024 1621595538      -0.05     -0.217   39.71288  -73.49854 0.0000e+00
     36.719     8.9098    32.9837  1025.7222     2.3007     5.8843     89.856    0.00056    6.54861    6.55340 -9.990e-29     0.7410   11.80901   3.515352 1.4040e-01    25.5541    25.5536 2.0211e+00     37.000          1       5471    1484.00 1.4396e+03  51830.110    227.928 1621595539      -0.40     -0.233   39.71288  -73.49854 0.0000e+00
     36.212     8.9127    32.9814  1025.7177     2.3020     5.8915     89.962    0.00103    6.54887    6.55366 -9.990e-29     0.7702   11.80942   3.515364 1.5220e-01    25.5519    25.5514 2.2151e+00     36.500          1       5490    1483.99 1.4551e+03  51826.033    228.723 1621595540      -0.22     -0.530   39.71288  -73.49854 0.0000e+00
     35.723     8.9372    32.9641  1025.6981     2.3065     5.9139     90.303    0.00237    6.54898    6.55378      7.955     0.8066   11.80960   3.515977 1.6640e-01    25.5345    25.5340 2.3689e+00     36.000          1       5544    1484.06 1.4292e+03  51795.886    230.969 1621595542       0.18     -0.299   39.71288  -73.49852 0.0000e+00
     35.233     8.9682    32.9486  1025.6789     2.3155     5.9493     90.917    0.00454    6.54366    6.54836      7.956     0.7455   11.80107   3.517240 2.0134e-01    25.5176    25.5170 2.4289e+00     35.500          1       5634    1484.14 1.2058e+03  51766.944    234.704 1621595546      -0.73     -0.300   39.71290  -73.49852 0.0000e+00
     34.727     8.9725    32.9464  1025.6741     2.3174     5.9571     91.036    0.00485    6.54364    6.54834 -9.990e-29     0.7405   11.80104   3.517385 2.1965e-01    25.5152    25.5146 2.6377e+00     35.000          1       5644    1484.15 1.2009e+03  51762.733    235.138 1621595546      -0.66     -0.650   39.71290  -73.49852 0.0000e+00
     34.224     8.9752    32.9444  1025.6698     2.3189     5.9610     91.096    0.00464    6.54361    6.54830 -9.990e-29     0.7229   11.80098   3.517409 2.4029e-01    25.5132    25.5126 2.8630e+00     34.500          1       5657    1484.15 1.1916e+03  51758.899    235.655 1621595547      -0.34     -0.909   39.71290  -73.49852 0.0000e+00
     33.724     8.9792    32.9425  1025.6654     2.3229     5.9616     91.107    0.00262    6.54349    6.54818 -9.990e-29     0.7280   11.80079   3.517533 2.7330e-01    25.5111    25.5105 3.1116e+00     34.000          1       5707    1484.15 1.1419e+03  51755.078    237.752 1621595549      -0.05     -0.648   39.71290  -73.49852 0.0000e+00
     33.243     8.9824    32.9410  1025.6615     2.3274     5.9637     91.145    0.00071    6.54312    6.54781      7.959     0.7667   11.80021   3.517602 3.1733e-01    25.5093    25.5088 3.3801e+00     33.500          1       5804    1484.15 1.0654e+03  51751.915    241.779 1621595553       0.05     -0.216   39.71290  -73.49852 0.0000e+00
     32.744     8.9841    32.9399  1025.6581     2.3283     5.9645     91.159    0.00054    6.54295    6.54763      7.957     0.7480   11.79994   3.517611 3.5491e-01    25.5082    25.5077 3.5471e+00     33.000          1       5847    1484.15 1.0039e+03  51749.708    243.564 1621595555      -0.05     -0.281   39.71290  -73.49852 0.0000e+00
     32.258     8.9856    32.9390  1025.6549     2.3286     5.9621     91.125    0.00008    6.54278    6.54746      7.958     0.7348   11.79967   3.517634 3.5944e-01    25.5073    25.5067 3.7587e+00     32.500          1       5892    1484.15 1.0454e+03  51747.820    245.443 1621595557       0.00     -0.241   39.71290  -73.49852 0.0000e+00
     31.756     8.9862    32.9388  1025.6524     2.3289     5.9643     91.158    0.00026    6.54278    6.54746      7.958     0.7263   11.79967   3.517636 4.0579e-01    25.5070    25.5065 4.1508e+00     32.000          1       5912    1484.14 1.0229e+03  51747.085    246.277 1621595558      -0.31     -0.394   39.71290  -73.49852 0.0000e+00
     31.249     8.9869    32.9383  1025.6496     2.3293     5.9671     91.202    0.00047    6.54277    6.54745      7.959     0.7376   11.79965   3.517634 4.8527e-01    25.5066    25.5061 4.6161e+00     31.500          1       5929    1484.14 9.5832e+02  51745.985    247.008 1621595558      -0.21     -0.605   39.71290  -73.49852 0.0000e+00
     30.758     8.9881    32.9378  1025.6467     2.3298     5.9696     91.242    0.00075    6.54264    6.54732      7.959     0.7478   11.79944   3.517651 4.7304e-01    25.5059    25.5054 4.9743e+00     31.000          1       6019    1484.13 1.0531e+03  51744.585    250.763 1621595562      -0.17     -0.450   39.71291  -73.49852 0.0000e+00
     30.260     8.9891    32.9369  1025.6436     2.3301     5.9685     91.226    0.00050    6.54255    6.54722      7.959     0.7401   11.79931   3.517634 4.8892e-01    25.5051    25.5046 5.2827e+00     30.500          1       6069    1484.13 1.0804e+03  51742.895    252.826 1621595564      -0.36     -0.579   39.71292  -73.49852 0.0000e+00
     29.757     8.9900    32.9361  1025.6405     2.3304     5.9673     91.210    0.00018    6.54244    6.54711      7.959     0.7516   11.79914   3.517606 5.2258e-01    25.5043    25.5038 5.7597e+00     30.000          1       6098    1484.12 1.1018e+03  51741.215    254.043 1621595565      -0.06     -0.661   39.71291  -73.49852 0.0000e+00
