CalculateIndicators/WaterTemperature/Data/CTD_NYOS/20210521_C01.cnv
* Sea-Bird SBE 9 Data File:
* FileName = C:\Seabird 9 CTD\Data\2021\202105_offshore\20210521_C01.hex
* Software Version Seasave V 7.23.2
* Temperature SN = 4590
* Conductivity SN = 3228
* Number of Bytes Per Scan = 44
* Number of Voltage Words = 5
* Number of Scans Averaged by the Deck Unit = 1
* NMEA Latitude = 40 29.83 N
* NMEA Longitude = 073 47.32 W
* NMEA UTC (Time) = May 21 2021  03:50:24
* NMEA baud rate = 4800
** Ship: seawolf
** Station: 7.1
** Operator: sjw
# nquan = 31
# nvalues = 65                          
# units = specified
# name 0 = depSM: Depth [salt water, m]
# name 1 = t090C: Temperature [ITS-90, deg C]
# name 2 = sal00: Salinity, Practical [PSU]
# name 3 = density00: Density [density, kg/m^3]
# name 4 = sbeox0V: Oxygen raw, SBE 43 [V]
# name 5 = sbeox0ML/L: Oxygen, SBE 43 [ml/l]
# name 6 = sbeox0PS: Oxygen, SBE 43 [% saturation]
# name 7 = sbox0dV/dT: Oxygen, SBE 43 [dov/dt]
# name 8 = oxsolML/L: Oxygen Saturation, Garcia & Gordon [ml/l]
# name 9 = oxsatML/L: Oxygen Saturation, Weiss [ml/l]
# name 10 = ph: pH
# name 11 = flECO-AFL: Fluorescence, WET Labs ECO-AFL/FL [mg/m^3]
# name 12 = n2satML/L: Nitrogen Saturation [ml/l]
# name 13 = c0S/m: Conductivity [S/m]
# name 14 = cpar: CPAR/Corrected Irradiance [%]
# name 15 = sigma-é00: Density [sigma-theta, kg/m^3]
# name 16 = sigma-t00: Density [sigma-t, kg/m^3 ]
# name 17 = par: PAR/Irradiance, Biospherical/Licor
# name 18 = prDM: Pressure, Digiquartz [db]
# name 19 = pumps: Pump Status
# name 20 = scan: Scan Count
# name 21 = svCM: Sound Velocity [Chen-Millero, m/s]
# name 22 = spar: SPAR, Biospherical/Licor
# name 23 = specc: Specific Conductance [uS/cm]
# name 24 = timeS: Time, Elapsed [seconds]
# name 25 = timeY: Time, System [seconds]
# name 26 = accM: Acceleration [m/s^2]
# name 27 = dz/dtM: Descent Rate [m/s]
# name 28 = latitude: Latitude [deg]
# name 29 = longitude: Longitude [deg]
# name 30 = flag: flag
# span 0 =      1.980,     17.867       
# span 1 =     8.6112,    15.0469       
# span 2 =    27.6102,    32.6238       
# span 3 =  1020.2826,  1025.3889       
# span 4 =     2.0641,     3.7583       
# span 5 =     5.1194,     9.4901       
# span 6 =     77.592,    159.457       
# span 7 =   -0.17471,    0.17175       
# span 8 =    5.94636,    6.61497       
# span 9 =    5.94082,    6.62033       
# span 10 =      7.812,      8.440      
# span 11 =     0.9053,     3.3639      
# span 12 =   10.85841,   11.92408      
# span 13 =   3.447381,   3.670422      
# span 14 = -6.307e+04, 1.0474e+05      
# span 15 =    20.2737,    25.3070      
# span 16 =    20.2736,    25.3067      
# span 17 = 1.0000e-12, 2.8279e-02      
# span 18 =      2.000,     18.000      
# span 19 =          1,          1      
# span 20 =         44,       5502      
# span 21 =    1482.03,    1498.60      
# span 22 = -9.370e-02, 3.2202e+00      
# span 23 =  43346.399,  51358.412      
# span 24 =      1.792,    229.210      
# span 25 = 1621569027, 1621569254      
# span 26 =      -0.20,       0.19      
# span 27 =     -0.604,      0.628      
# span 28 =   40.49722,   40.49728      
# span 29 =  -73.78871,  -73.78847      
# span 30 = 0.0000e+00, 0.0000e+00      
# interval = decibars: 0.5              
# start_time = May 21 2021 03:50:25 [System UTC, first data scan.]
# bad_flag = -9.990e-29
*END*
      1.985    15.0469    27.6102  1020.2826     3.7583     9.4901    159.457    0.00205    5.95151    5.94534      8.440     3.3639   10.88154   3.471935 1.0474e+05    20.2737    20.2736 2.7264e-02      2.000          1         44    1498.27 -9.370e-02  43346.399      1.792 1621569027       0.08      0.011   40.49722  -73.78871 0.0000e+00
      2.480    15.0313    27.6303  1020.3034     3.7387     9.4072    158.040   -0.00600    5.95240    5.94650      8.424     3.1719   10.87725   3.473458 7.1763e+04    20.2923    20.2923 6.3556e-04      2.500          1        350    1498.25 5.5758e-01  43374.850     14.522 1621569040       0.19      0.259   40.49722  -73.78868 0.0000e+00
      2.977    14.9821    27.7848  1020.4346     3.7190     9.3172    156.594   -0.01381    5.94986    5.94423      8.405     2.7460   10.86690   3.488281 6.9566e+02    20.4213    20.4212 7.0214e-06      3.000          1        380    1498.28 1.9610e+00  43597.613     15.779 1621569041       0.03      0.377   40.49722  -73.78868 0.0000e+00
      3.475    14.9219    28.0016  1020.6159     3.6882     9.1976    154.676   -0.02023    5.94636    5.94082      8.393     2.3156   10.85841   3.507398 5.0640e-11    20.6003    20.6003 1.0000e-12      3.500          1        413    1498.34 1.9747e+00  43911.538     17.158 1621569042      -0.04      0.377   40.49722  -73.78868 0.0000e+00
      3.967    14.7535    28.6847  1021.1782     3.6423     9.1965    152.465   -0.02224    6.03191    6.02740      8.375     2.0208   10.99729   3.570615 5.0640e-11    21.1604    21.1603 1.0000e-12      4.000          1        463    1498.60 1.9747e+00  44893.391     19.232 1621569044      -0.05      0.226   40.49722  -73.78868 0.0000e+00
      4.462    14.6548    28.8549  1021.3316     3.5954     9.1720    149.899   -0.02882    6.11883    6.11608      8.321     2.4244   11.12677   3.578017 3.9966e+04    21.3116    21.3115 1.0000e-12      4.500          1        499    1498.49 1.1855e+00  45141.603     20.753 1621569046       0.15      0.302   40.49722  -73.78868 0.0000e+00
      4.959    14.2117    28.9246  1021.4776     3.5308     8.9521    145.424   -0.04748    6.15601    6.15418      8.257     2.4478   11.17995   3.548126 1.0117e+05    21.4553    21.4552 1.0000e-12      5.000          1        522    1497.13 -2.320e-02  45281.692     21.706 1621569047       0.14      0.448   40.49722  -73.78868 0.0000e+00
      5.458    13.7982    29.1833  1021.7616     3.4286     8.4999    137.458   -0.08660    6.18371    6.18233      8.204     2.1068   11.22396   3.543020 9.9999e+04    21.7371    21.7369 1.0000e-12      5.500          1        541    1496.07 0.0000e+00  45689.221     22.493 1621569048       0.14      0.560   40.49722  -73.78868 0.0000e+00
      5.956    13.1796    29.8838  1022.4254     3.2810     7.7845    125.884   -0.14357    6.18377    6.18241      8.170     1.7993   11.22386   3.570229 9.9999e+04    22.3985    22.3984 1.0000e-12      6.000          1        560    1494.84 0.0000e+00  46746.392     23.304 1621569049       0.02      0.628   40.49722  -73.78868 0.0000e+00
      6.452    12.5483    30.9242  1023.3529     3.1222     7.1523    115.738   -0.17471    6.17975    6.17837      8.161     1.7523   11.21676   3.622971 9.9999e+04    23.3238    23.3236 1.0000e-12      6.500          1        583    1493.95 0.0000e+00  48291.796     24.267 1621569049      -0.10      0.577   40.49722  -73.78868 0.0000e+00
      6.947    12.1321    31.2902  1023.7165     2.9717     7.0432    113.792   -0.10376    6.18949    6.18860      8.113     1.6087   11.22707   3.623988 9.9999e+04    23.6851    23.6850 1.0000e-12      7.000          1        624    1492.96 0.0000e+00  48861.160     25.972 1621569051      -0.15      0.338   40.49722  -73.78868 0.0000e+00
      7.438    12.0258    31.6975  1024.0544     2.8186     6.7879    109.183   -0.06611    6.21703    6.21672      8.052     1.1806   11.26911   3.660288 9.9999e+04    24.0208    24.0206 1.0000e-12      7.500          1        677    1493.09 0.0000e+00  49448.473     28.182 1621569053       0.18      0.182   40.49722  -73.78868 0.0000e+00
      7.938    11.8024    31.9734  1024.3119     2.7495     6.5799    105.348   -0.07180    6.24593    6.24599      8.035     1.0834   11.31674   3.666185 4.7800e+04    24.2760    24.2758 1.0000e-12      8.000          1        701    1492.66 1.0308e+00  49868.790     29.167 1621569054       0.18      0.415   40.49722  -73.78868 0.0000e+00
      8.434    11.6738    32.1128  1024.4459     2.6938     6.4686    103.148   -0.06508    6.27121    6.27159      8.025     0.9874   11.35855   3.670422 -4.253e+02    24.4077    24.4075 1.0000e-12      8.500          1        724    1492.39 1.9831e+00  50083.796     30.113 1621569055       0.05      0.514   40.49722  -73.78868 0.0000e+00
      8.932    11.5776    32.1877  1024.5238     2.6497     6.4344    101.931   -0.05334    6.31251    6.31342      8.017     0.9053   11.42702   3.668603 5.0640e-11    24.4834    24.4832 1.0000e-12      9.000          1        746    1492.15 1.9747e+00  50203.694     31.058 1621569056       0.00      0.532   40.49722  -73.78868 0.0000e+00
      9.429    11.3236    32.2221  1024.5986     2.6003     6.3926    100.343   -0.04334    6.37090    6.37256      8.002     0.9528   11.52371   3.648762 5.7573e+04    24.5559    24.5557 1.0000e-12      9.500          1        775    1491.32 8.3780e-01  50292.086     32.242 1621569057      -0.10      0.472   40.49722  -73.78868 0.0000e+00
      9.922    10.9357    32.2271  1024.6733     2.5267     6.1904     96.459   -0.04671    6.41775    6.42008      7.976     0.9583   11.60056   3.613553 1.0018e+05    24.6283    24.6281 1.0000e-12     10.000          1        812    1489.97 -3.543e-03  50362.625     33.777 1621569059      -0.03      0.326   40.49722  -73.78868 0.0000e+00
     10.418    10.3526    32.2297  1024.7780     2.4467     5.9506     92.359   -0.04880    6.44296    6.44569      7.953     0.9335   11.64158   3.562191 9.9999e+04    24.7306    24.7304 1.0000e-12     10.500          1        852    1487.90 0.0000e+00  50466.823     35.445 1621569061      -0.04      0.305   40.49722  -73.78868 0.0000e+00
     10.914    10.0179    32.3010  1024.8921     2.3859     5.8417     90.234   -0.03889    6.47399    6.47715      7.938     0.9543   11.69277   3.541101 7.7206e+04    24.8423    24.8421 1.0000e-12     11.000          1        890    1486.79 4.5010e-01  50628.251     37.036 1621569062       0.07      0.301   40.49722  -73.78868 0.0000e+00
     11.408     9.8838    32.3455  1024.9512     2.3463     5.7617     88.762   -0.03350    6.49121    6.49461      7.929     0.9791   11.72119   3.533830 -2.984e+03    24.8992    24.8990 1.0000e-12     11.500          1        920    1486.37 2.0336e+00  50716.450     38.276 1621569063       0.06      0.381   40.49722  -73.78868 0.0000e+00
     11.906     9.7569    32.3541  1024.9810     2.3231     5.7246     88.070   -0.02843    6.50006    6.50358      7.924     1.0376   11.73584   3.523394 5.0640e-11    24.9267    24.9264 1.0000e-12     12.000          1        942    1485.93 1.9747e+00  50752.961     39.205 1621569064       0.13      0.465   40.49722  -73.78868 0.0000e+00
     12.409     9.6233    32.3602  1025.0097     2.3028     5.7027     87.499   -0.02370    6.51752    6.52129      7.920     1.0368   11.76465   3.512493 5.0640e-11    24.9531    24.9529 1.0000e-12     12.500          1        964    1485.46 1.9747e+00  50787.573     40.129 1621569065       0.02      0.552   40.49722  -73.78868 0.0000e+00
     12.899     9.4823    32.3664  1025.0396     2.2695     5.6427     86.127   -0.02098    6.55168    6.55594      7.908     1.2289   11.82088   3.501437 5.0640e-11    24.9806    24.9804 1.0000e-12     13.000          1       1003    1484.96 1.9747e+00  50824.155     41.731 1621569067      -0.16      0.350   40.49722  -73.78866 0.0000e+00
     13.396     9.2680    32.3778  1025.0849     2.2276     5.5139     83.867   -0.02345    6.57462    6.57923      7.891     1.5809   11.85847   3.483427 5.0640e-11    25.0236    25.0234 1.0000e-12     13.500          1       1045    1484.19 1.9747e+00  50883.409     43.491 1621569069       0.04      0.284   40.49722  -73.78866 0.0000e+00
     13.889     9.0326    32.4034  1025.1442     2.1855     5.3674     81.540   -0.02638    6.58253    6.58727      7.878     1.8845   11.87138   3.465674 5.0640e-11    25.0806    25.0804 1.0000e-12     14.000          1       1084    1483.36 1.9747e+00  50968.269     45.111 1621569070       0.00      0.302   40.49722  -73.78866 0.0000e+00
     14.390     8.9247    32.4254  1025.1804     2.1587     5.3047     80.498   -0.02337    6.58987    6.59473      7.870     1.9101   11.88323   3.458897 3.2915e+04    25.1145    25.1142 1.0000e-12     14.500          1       1113    1483.00 1.3247e+00  51022.243     46.338 1621569072       0.06      0.384   40.49722  -73.78866 0.0000e+00
     14.880     8.8719    32.4381  1025.2008     2.1344     5.2677     79.827   -0.01767    6.59888    6.60391      7.863     2.0938   11.89776   3.456036 1.0321e+05    25.1326    25.1324 1.0000e-12     15.000          1       1148    1482.82 -6.335e-02  51051.649     47.772 1621569073      -0.06      0.357   40.49722  -73.78866 0.0000e+00
     15.381     8.8287    32.4537  1025.2219     2.1191     5.2377     79.305   -0.01519    6.60452    6.60964      7.859     2.1725   11.90682   3.453952 2.5403e+04    25.1514    25.1512 1.0000e-12     15.500          1       1172    1482.69 1.4731e+00  51083.231     48.811 1621569074       0.15      0.409   40.49722  -73.78866 0.0000e+00
     15.878     8.7776    32.4762  1025.2497     2.1047     5.1981     78.686   -0.01420    6.60621    6.61137      7.856     2.2148   11.90956   3.451843 9.5262e+04    25.1768    25.1766 1.0000e-12     16.000          1       1198    1482.54 9.3540e-02  51126.280     49.892 1621569075      -0.02      0.490   40.49722  -73.78866 0.0000e+00
     16.374     8.7042    32.5108  1025.2903     2.0893     5.1720     78.260   -0.01054    6.60868    6.61388      7.854     2.4320   11.91350   3.449028 9.9858e+04    25.2152    25.2149 1.0000e-12     16.500          1       1237    1482.31 2.7783e-03  51191.647     51.483 1621569077      -0.10      0.347   40.49722  -73.78866 0.0000e+00
     16.866     8.6500    32.5368  1025.3211     2.0710     5.1555     77.937   -0.00432    6.61497    6.62033      7.851     1.9300   11.92309   3.447406 9.9999e+04    25.2437    25.2435 1.0000e-12     17.000          1       1314    1482.15 0.0000e+00  51240.409     54.705 1621569080       0.01      0.098   40.49722  -73.78866 0.0000e+00
     17.366     8.6183    32.5954  1025.3742     2.0700     5.1798     78.354    0.00084    6.61077    6.61604      7.846     1.7128   11.91642   3.451000 5.5471e+04    25.2945    25.2942 1.0000e-12     17.500          1       1549    1482.11 8.7930e-01  51330.990     64.511 1621569090       0.01      0.186   40.49722  -73.78865 0.0000e+00
     17.867     8.6826    32.6238  1025.3889     2.0838     5.2845     79.888    0.01032    6.61489    6.62015      7.812     2.4561   11.92408   3.459255 -6.307e+04    25.3070    25.3067 1.0000e-12     18.000          1       3098    1482.40 3.2202e+00  51358.412    129.022 1621569155      -0.11     -0.059   40.49722  -73.78859 0.0000e+00
     17.364     8.6182    32.5584  1025.3452     2.0664     5.1352     77.634   -0.00512    6.61457    6.61988      7.828     1.9847   11.92290   3.447864 5.0640e-11    25.2655    25.2652 1.0000e-12     17.500          1       2299    1482.07 1.9747e+00  51278.253     95.752 1621569121      -0.13     -0.119   40.49722  -73.78862 0.0000e+00
     16.868     8.6112    32.5594  1025.3447     2.0670     5.1269     77.610   -0.00539    6.60598    6.61112      7.826     2.3521   11.90933   3.447381 5.0640e-11    25.2673    25.2670 1.0000e-12     17.000          1       3116    1482.03 1.9747e+00  51280.889    129.782 1621569155      -0.20     -0.292   40.49724  -73.78858 0.0000e+00
     16.375     8.6177    32.5548  1025.3379     2.0641     5.1194     77.592   -0.00386    6.59784    6.60282 -9.990e-29     2.6691   11.89631   3.447546 5.0640e-11    25.2628    25.2625 1.0000e-12     16.500          1       3174    1482.04 1.9747e+00  51272.904    132.192 1621569157      -0.07     -0.426   40.49724  -73.78858 0.0000e+00
     15.876     8.6333    32.5413  1025.3226     2.0652     5.1323     77.871   -0.00122    6.59071    6.59557 -9.990e-29     2.5279   11.88487   3.447716 5.0640e-11    25.2498    25.2495 1.0000e-12     16.000          1       3194    1482.08 1.9747e+00  51250.053    133.032 1621569158      -0.11     -0.500   40.49724  -73.78858 0.0000e+00
     15.375     8.6688    32.5163  1025.2954     2.0692     5.1616     78.378    0.00235    6.58558    6.59035      7.825     2.3682   11.87661   3.448640 -9.990e-29    25.2249    25.2246 1.0000e-12     15.500          1       3214    1482.17 -9.990e-29  51207.224    133.891 1621569159      -0.04     -0.586   40.49724  -73.78858 0.0000e+00
     14.882     8.7643    32.4647  1025.2381     2.0811     5.2261     79.381    0.00707    6.58361    6.58834      7.825     2.2465   11.87340   3.452240 -9.990e-29    25.1699    25.1696 1.0000e-12     15.000          1       3250    1482.45 -9.990e-29  51111.875    135.384 1621569161       0.17     -0.397   40.49724  -73.78858 0.0000e+00
     14.390     8.8528    32.4225  1025.1893     2.0964     5.2670     80.125    0.00726    6.57353    6.57810      7.834     2.1525   11.85693   3.455964 5.0640e-11    25.1233    25.1231 1.0000e-12     14.500          1       3301    1482.73 1.9747e+00  51033.224    137.490 1621569163      -0.03     -0.220   40.49724  -73.78858 0.0000e+00
     13.896     8.8648    32.4199  1025.1831     2.1054     5.2614     80.412    0.00611    6.54308    6.54719      7.847     1.9322   11.80703   3.456658 5.0640e-11    25.1194    25.1192 1.0000e-12     14.000          1       3335    1482.76 1.9747e+00  51026.698    138.901 1621569164      -0.12     -0.317   40.49724  -73.78858 0.0000e+00
     13.395     8.9015    32.4120  1025.1690     2.1162     5.2888     81.136    0.00876    6.51846    6.52221      7.854     1.9245   11.76662   3.459608 5.0640e-11    25.1076    25.1074 1.0000e-12     13.500          1       3356    1482.88 1.9747e+00  51008.917    139.785 1621569165      -0.18     -0.464   40.49724  -73.78858 0.0000e+00
     12.896     8.9362    32.4027  1025.1540     2.1337     5.3612     82.486    0.01480    6.49953    6.50300      7.862     1.7153   11.73555   3.461493 5.0640e-11    25.0949    25.0947 1.0000e-12     13.000          1       3377    1482.99 1.9747e+00  50986.037    140.676 1621569166      -0.04     -0.568   40.49724  -73.78858 0.0000e+00
     12.402     9.1359    32.3689  1025.0942     2.1643     5.5059     84.774    0.02391    6.49484    6.49826      7.871     1.3806   11.72759   3.477163 5.0640e-11    25.0374    25.0372 1.0000e-12     12.500          1       3405    1483.68 1.9747e+00  50897.188    141.830 1621569167       0.12     -0.486   40.49724  -73.78858 0.0000e+00
     11.907     9.4091    32.3237  1025.0133     2.1966     5.5964     86.459    0.02562    6.47297    6.47607      7.878     1.3223   11.69165   3.496770 5.0640e-11    24.9589    24.9587 1.0000e-12     12.000          1       3437    1484.62 1.9747e+00  50776.755    143.150 1621569168       0.03     -0.390   40.49724  -73.78858 0.0000e+00
     11.411     9.4877    32.3335  1025.0062     2.2281     5.6302     87.476    0.02037    6.43631    6.43887      7.888     1.2451   11.63156   3.504420 5.0640e-11    24.9541    24.9539 1.0000e-12     11.500          1       3474    1484.91 1.9747e+00  50776.058    144.714 1621569170       0.04     -0.329   40.49724  -73.78858 0.0000e+00
