CalculateIndicators/WaterTemperature/Data/CTD_NYOS/20210524_C28.cnv
* Sea-Bird SBE 9 Data File:
* FileName = C:\Seabird 9 CTD\Data\2021\202105_offshore\20210524_C28.hex
* Software Version Seasave V 7.23.2
* Temperature SN = 4590
* Conductivity SN = 3228
* Number of Bytes Per Scan = 44
* Number of Voltage Words = 5
* Number of Scans Averaged by the Deck Unit = 1
* NMEA Latitude = 39 47.09 N
* NMEA Longitude = 072 08.78 W
* NMEA UTC (Time) = May 24 2021  23:20:28
* NMEA baud rate = 4800
** Ship: seawolf
** Station: 3.4
** Operator: eih
# nquan = 31
# nvalues = 388                         
# units = specified
# name 0 = depSM: Depth [salt water, m]
# name 1 = t090C: Temperature [ITS-90, deg C]
# name 2 = sal00: Salinity, Practical [PSU]
# name 3 = density00: Density [density, kg/m^3]
# name 4 = sbeox0V: Oxygen raw, SBE 43 [V]
# name 5 = sbeox0ML/L: Oxygen, SBE 43 [ml/l]
# name 6 = sbeox0PS: Oxygen, SBE 43 [% saturation]
# name 7 = sbox0dV/dT: Oxygen, SBE 43 [dov/dt]
# name 8 = oxsolML/L: Oxygen Saturation, Garcia & Gordon [ml/l]
# name 9 = oxsatML/L: Oxygen Saturation, Weiss [ml/l]
# name 10 = ph: pH
# name 11 = flECO-AFL: Fluorescence, WET Labs ECO-AFL/FL [mg/m^3]
# name 12 = n2satML/L: Nitrogen Saturation [ml/l]
# name 13 = c0S/m: Conductivity [S/m]
# name 14 = cpar: CPAR/Corrected Irradiance [%]
# name 15 = sigma-é00: Density [sigma-theta, kg/m^3]
# name 16 = sigma-t00: Density [sigma-t, kg/m^3 ]
# name 17 = par: PAR/Irradiance, Biospherical/Licor
# name 18 = prDM: Pressure, Digiquartz [db]
# name 19 = pumps: Pump Status
# name 20 = scan: Scan Count
# name 21 = svCM: Sound Velocity [Chen-Millero, m/s]
# name 22 = spar: SPAR, Biospherical/Licor
# name 23 = specc: Specific Conductance [uS/cm]
# name 24 = timeS: Time, Elapsed [seconds]
# name 25 = timeY: Time, System [seconds]
# name 26 = accM: Acceleration [m/s^2]
# name 27 = dz/dtM: Descent Rate [m/s]
# name 28 = latitude: Latitude [deg]
# name 29 = longitude: Longitude [deg]
# name 30 = flag: flag
# span 0 =      2.464,     98.736       
# span 1 =     6.8561,    13.1606       
# span 2 =    32.2837,    34.5108       
# span 3 =  1024.2844,  1026.8617       
# span 4 =     2.0058,     2.8245       
# span 5 =     4.6917,     7.0956       
# span 6 =     75.490,    115.650       
# span 7 =   -0.08139,    0.08270       
# span 8 =    5.99031,    6.86186       
# span 9 =    5.98764,    6.87137       
# span 10 =      7.901,      8.122      
# span 11 =    -0.0529,     1.0515      
# span 12 =   10.88724,   12.32602      
# span 13 =   3.337066,   3.873029      
# span 14 = -4.320e-05, 8.4181e+00      
# span 15 =    24.2711,    26.4153      
# span 16 =    24.2710,    26.4132      
# span 17 = -2.252e-04, 3.1260e+01      
# span 18 =      2.500,     99.500      
# span 19 =          1,          1      
# span 20 =        131,      18205      
# span 21 =    1476.39,    1498.12      
# span 22 = 2.8095e+02, 8.4052e+02      
# span 23 =  50119.844,  53619.470      
# span 24 =      5.409,    758.512      
# span 25 = 1621898430, 1621899183      
# span 26 =      -1.59,       1.21      
# span 27 =     -2.058,      1.794      
# span 28 =   39.78316,   39.78486      
# span 29 =  -72.14966,  -72.14650      
# span 30 = 0.0000e+00, 0.0000e+00      
# interval = decibars: 0.5              
# start_time = May 24 2021 23:20:25 [System UTC, first data scan.]
# bad_flag = -9.990e-29
*END*
      2.975    13.0935    32.2837  1024.2844     2.8245     6.9440    115.650    0.01895    6.00427    6.00166      8.109     0.1404   10.91202   3.819400 3.4123e+00    24.2711    24.2710 2.7641e+01      3.000          1        131    1497.34 8.0784e+02  50119.844      5.409 1621898430       0.36     -0.152   39.78486  -72.14650 0.0000e+00
      3.439    13.1054    32.6009  1024.5296     2.6990     6.1645    102.751   -0.07439    5.99946    5.99688 -9.990e-29     0.1355   10.90266   3.856208 4.2388e+00    24.5142    24.5141 2.6322e+01      3.500          1        197    1497.76 6.2242e+02  50562.006      8.157 1621898433       0.41      0.108   39.78486  -72.14650 0.0000e+00
      3.971    13.1042    32.6810  1024.5943     2.6690     6.0557    100.931   -0.07926    5.99982    5.99724 -9.990e-29     0.1359   10.90335   3.862748 5.0218e+00    24.5764    24.5763 2.4270e+01      4.000          1        205    1497.86 4.8499e+02  50673.192      8.481 1621898433       0.85      0.375   39.78486  -72.14650 0.0000e+00
      4.486    13.1040    32.7052  1024.6154     2.6369     5.9522     99.209   -0.08139    5.99967    5.99709 -9.990e-29     0.1477   10.90305   3.864820 5.7350e+00    24.5952    24.5951 2.2447e+01      4.500          1        214    1497.90 3.9212e+02  50706.246      8.891 1621898434       0.85      0.746   39.78486  -72.14651 0.0000e+00
      4.979    13.1058    32.7169  1024.6263     2.5805     5.8091     96.831   -0.07624    5.99922    5.99664      8.109     0.1467   10.90217   3.866116 5.4311e+00    24.6039    24.6038 2.0852e+01      5.000          1        235    1497.93 4.0253e+02  50722.946      9.731 1621898434       0.14      0.931   39.78485  -72.14652 0.0000e+00
      5.461    13.1063    32.7244  1024.6341     2.4537     5.6538     94.253   -0.02685    5.99849    5.99591      8.109     0.1479   10.90078   3.866909 2.7066e+00    24.6096    24.6095 1.9848e+01      5.500          1        315    1497.94 7.7465e+02  50733.492     13.063 1621898438       0.15      0.308   39.78484  -72.14652 0.0000e+00
      5.930    13.1061    32.7341  1024.6438     2.4881     6.0204    100.368    0.03385    5.99835    5.99577      8.109     0.1686   10.90054   3.867981 2.5947e+00    24.6172    24.6171 2.0868e+01      6.000          1        365    1497.96 8.0424e+02  50747.384     15.149 1621898440       0.09      0.156   39.78484  -72.14654 0.0000e+00
      6.441    13.1059    32.7376  1024.6489     2.4948     6.0360    100.634    0.03300    5.99798    5.99539      8.109     0.1650   10.89994   3.868306 2.6274e+00    24.6200    24.6198 2.0938e+01      6.500          1        375    1497.97 7.9692e+02  50752.625     15.578 1621898440       0.63      0.374   39.78484  -72.14654 0.0000e+00
      6.947    13.1068    32.7382  1024.6514     2.4966     6.0084    100.173    0.02538    5.99803    5.99545      8.109     0.1427   10.90002   3.868453 2.5854e+00    24.6203    24.6201 2.0358e+01      7.000          1        385    1497.99 7.8740e+02  50753.401     15.987 1621898441       0.77      0.675   39.78484  -72.14654 0.0000e+00
      7.456    13.1066    32.7386  1024.6541     2.4939     5.9539     99.265    0.01465    5.99797    5.99539      8.109     0.1424   10.89993   3.868493 2.5108e+00    24.6206    24.6204 1.9092e+01      7.500          1        395    1497.99 7.6057e+02  50754.481     16.407 1621898441       0.59      0.968   39.78484  -72.14654 0.0000e+00
      7.950    13.1076    32.7378  1024.6555     2.4863     5.8732     97.911    0.00110    5.99849    5.99591      8.109     0.1603   10.90074   3.868506 2.9164e+00    24.6198    24.6196 1.8360e+01      8.000          1        408    1498.00 6.3454e+02  50753.414     16.945 1621898442       0.05      1.124   39.78484  -72.14654 0.0000e+00
      8.438    13.1082    32.7370  1024.6570     2.4743     5.7835     96.415   -0.01134    5.99850    5.99592      8.109     0.1579   10.90081   3.868513 4.3669e+00    24.6191    24.6189 1.9384e+01      8.500          1        427    1498.01 4.5021e+02  50752.536     17.764 1621898443      -0.43      0.892   39.78483  -72.14655 0.0000e+00
      8.921    13.1107    32.7361  1024.6580     2.4477     5.6692     94.510   -0.01958    5.99849    5.99591      8.109     0.1485   10.90083   3.868683 5.3945e+00    24.6180    24.6177 2.1007e+01      9.000          1        449    1498.03 3.8854e+02  50751.358     18.677 1621898443      -0.17      0.550   39.78482  -72.14656 0.0000e+00
      9.439    13.1103    32.7366  1024.6608     2.4131     5.5050     91.772   -0.03394    5.99850    5.99591      8.109     0.1609   10.90085   3.868692 4.6095e+00    24.6184    24.6182 2.0799e+01      9.500          1        465    1498.04 4.5565e+02  50752.284     19.353 1621898444       0.15      0.609   39.78482  -72.14656 0.0000e+00
      9.924    13.1058    32.7391  1024.6658     2.3854     5.7018     94.065    0.01345    6.06008    6.05829      8.107     0.1681   11.00211   3.868590 2.5695e+00    24.6213    24.6210 2.0823e+01     10.000          1        546    1498.03 7.9209e+02  50756.650     22.711 1621898447       0.59      0.482   39.78482  -72.14656 0.0000e+00
     10.424    13.0678    32.7732  1024.7019     2.4289     6.0361     99.082    0.05135    6.09209    6.09068      8.108     0.1686   11.05514   3.868614 2.2293e+00    24.6551    24.6548 1.8310e+01     10.500          1        576    1497.96 8.2050e+02  50805.068     23.940 1621898449       0.70      0.740   39.78482  -72.14658 0.0000e+00
     10.915    12.7989    33.0067  1024.9378     2.4725     6.2346    102.255    0.06490    6.09715    6.09578      8.108     0.1688   11.06395   3.867644 2.1369e+00    24.8887    24.8884 1.7161e+01     11.000          1        586    1497.34 8.0307e+02  51174.139     24.391 1621898449       0.34      0.977   39.78482  -72.14658 0.0000e+00
     11.411    12.6810    33.0634  1025.0069     2.5117     6.4048    105.133    0.07782    6.09213    6.09067      8.108     0.1797   11.05606   3.860681 2.1422e+00    24.9556    24.9553 1.6871e+01     11.500          1        598    1497.02 7.8765e+02  51268.953     24.859 1621898450       0.10      1.070   39.78481  -72.14658 0.0000e+00
     11.909    12.6388    32.9297  1024.9138     2.5413     6.5152    106.949    0.08270    6.09188    6.09043      8.108     0.1925   11.05552   3.841985 2.3703e+00    24.8602    24.8599 1.7347e+01     12.000          1        609    1496.72 7.3437e+02  51084.666     25.318 1621898450      -0.01      1.082   39.78480  -72.14658 0.0000e+00
     12.408    12.5752    32.8509  1024.8673     2.5619     6.5366    107.355    0.07490    6.08876    6.08726      8.107     0.1897   11.05041   3.828871 3.1740e+00    24.8114    24.8111 1.7815e+01     12.500          1        620    1496.42 5.6875e+02  50985.495     25.779 1621898451       0.00      1.077   39.78480  -72.14658 0.0000e+00
     12.913    12.4685    32.8317  1024.8752     2.5786     6.5071    106.811    0.05671    6.09221    6.09076      8.108     0.1856   11.05609   3.816979 4.6651e+00    24.8171    24.8168 1.7979e+01     13.000          1        632    1496.05 3.9264e+02  50974.489     26.294 1621898451      -0.05      1.075   39.78480  -72.14658 0.0000e+00
     13.405    12.3297    32.7812  1024.8648     2.6113     6.5111    106.391    0.02926    6.12000    6.11890      8.108     0.1948   11.10208   3.799825 4.9943e+00    24.8044    24.8040 1.7857e+01     13.500          1        671    1495.53 4.2694e+02  50924.083     27.924 1621898453      -0.19      0.720   39.78480  -72.14658 0.0000e+00
     13.873    12.2018    32.7661  1024.8794     2.6446     6.5702    105.819   -0.00215    6.20888    6.20889      8.109     0.2055   11.24929   3.785561 1.6986e+00    24.8169    24.8166 1.5601e+01     14.000          1        756    1495.08 8.4052e+02  50922.519     31.453 1621898456       0.50      0.243   39.78478  -72.14660 0.0000e+00
     14.380    11.9809    32.7882  1024.9405     2.6433     6.5585    105.791   -0.00135    6.19946    6.19935      8.108     0.2034   11.23373   3.766953 1.7660e+00    24.8756    24.8752 1.4189e+01     14.500          1        762    1494.36 8.0345e+02  50985.283     31.717 1621898456       0.59      0.552   39.78478  -72.14661 0.0000e+00
     14.880    11.8307    32.7859  1024.9689     2.6459     6.5708    106.017   -0.00004    6.19784    6.19770      8.107     0.2153   11.23110   3.752976 1.6668e+00    24.9017    24.9014 1.3300e+01     15.000          1        772    1493.84 7.9789e+02  51004.999     32.118 1621898457       0.61      0.796   39.78478  -72.14662 0.0000e+00
     15.385    11.7065    32.7775  1024.9877     2.6487     6.5959    106.364    0.00256    6.20120    6.20111      8.107     0.2162   11.23663   3.741088 1.5942e+00    24.9181    24.9178 1.2625e+01     15.500          1        781    1493.41 7.9186e+02  51013.976     32.498 1621898457       0.53      1.015   39.78478  -72.14662 0.0000e+00
     15.889    11.6418    32.7635  1024.9909     2.6522     6.6222    106.754    0.00522    6.20328    6.20322      8.107     0.2162   11.24009   3.734497 1.5664e+00    24.9191    24.9187 1.2246e+01     16.000          1        791    1493.18 7.8183e+02  51004.054     32.898 1621898458       0.33      1.188   39.78478  -72.14662 0.0000e+00
     16.391    11.5516    32.7585  1025.0059     2.6576     6.6552    107.237    0.00786    6.20611    6.20608      8.107     0.2162   11.24478   3.725964 1.6849e+00    24.9317    24.9314 1.2197e+01     16.500          1        803    1492.87 7.2641e+02  51011.668     33.430 1621898458      -0.11      1.223   39.78478  -72.14662 0.0000e+00
     16.866    11.4905    32.7424  1025.0066     2.6668     6.7066    107.464    0.00409    6.24079    6.24121      8.108     0.2253   11.30213   3.720119 1.9833e+00    24.9303    24.9300 1.3684e+01     17.000          1        858    1492.65 6.9273e+02  50998.985     35.689 1621898461       0.06      0.289   39.78477  -72.14662 0.0000e+00
     17.363    11.4328    32.7432  1025.0200     2.6675     6.7002    107.155   -0.00051    6.25284    6.25341      8.108     0.2337   11.32208   3.714439 1.6723e+00    24.9414    24.9410 1.3024e+01     17.500          1        886    1492.45 7.7866e+02  51009.559     36.878 1621898462       0.67      0.359   39.78476  -72.14662 0.0000e+00
     17.873    11.3361    32.7464  1025.0424     2.6689     6.7174    107.268   -0.00017    6.26222    6.26292      8.108     0.2428   11.33758   3.705576 1.4803e+00    24.9614    24.9611 1.1597e+01     18.000          1        899    1492.13 7.8355e+02  51030.051     37.437 1621898462       0.46      0.699   39.78476  -72.14662 0.0000e+00
     18.359    11.1746    32.7502  1025.0765     2.6675     6.7765    107.289   -0.00034    6.31619    6.31761      8.107     0.2603   11.42676   3.691807 1.2950e+00    24.9933    24.9929 1.0217e+01     18.500          1        933    1491.58 7.8903e+02  51062.097     38.836 1621898464      -0.18      0.518   39.78476  -72.14663 0.0000e+00
     18.838    11.0313    32.7526  1025.1061     2.6574     6.7917    106.397   -0.00664    6.38331    6.38565      8.107     0.2848   11.53752   3.678841 1.3291e+00    25.0207    25.0203 1.0488e+01     19.000          1        976    1491.09 7.8909e+02  51089.381     40.633 1621898465       0.35      0.128   39.78476  -72.14664 0.0000e+00
     19.345    10.8806    32.7583  1025.1394     2.6543     6.8317    106.242   -0.00750    6.43037    6.43337      8.108     0.2855   11.61508   3.664188 1.2815e+00    25.0517    25.0513 1.0084e+01     19.500          1        988    1490.57 7.8687e+02  51123.127     41.114 1621898466       0.65      0.444   39.78476  -72.14664 0.0000e+00
     19.850    10.7042    32.7645  1025.1775     2.6515     6.8406    106.158   -0.00714    6.44380    6.44698      8.110     0.2858   11.63735   3.649604 1.2140e+00    25.0874    25.0869 9.4984e+00     20.000          1        999    1489.96 7.8236e+02  51162.997     41.586 1621898466       0.59      0.748   39.78476  -72.14664 0.0000e+00
     20.351    10.6040    32.7664  1025.1986     2.6471     6.8430    106.004   -0.00662    6.45541    6.45876      8.114     0.3053   11.65648   3.640499 1.1435e+00    25.1061    25.1057 8.8488e+00     20.500          1       1011    1489.61 7.7375e+02  51182.966     42.100 1621898467       0.25      0.960   39.78476  -72.14666 0.0000e+00
     20.843    10.3836    32.7766  1025.2467     2.6406     6.8036    105.532   -0.00820    6.44689    6.45011      8.118     0.3231   11.64251   3.621485 1.1082e+00    25.1520    25.1515 8.0450e+00     21.000          1       1027    1488.85 7.2596e+02  51237.482     42.731 1621898468      -0.14      0.967   39.78476  -72.14666 0.0000e+00
     21.336    10.1853    32.7943  1025.2964     2.6440     6.8366    105.900   -0.00603    6.45569    6.45903      8.120     0.3237   11.65703   3.604240 1.1478e+00    25.1993    25.1989 7.3439e+00     21.500          1       1045    1488.17 6.4021e+02  51298.341     43.491 1621898468      -0.25      0.791   39.78476  -72.14666 0.0000e+00
     21.837     9.7242    32.8202  1025.3956     2.6635     7.0234    108.182    0.00830    6.49209    6.49594      8.122     0.3515   11.71723   3.566069 1.1021e+00    25.2960    25.2956 7.1487e+00     22.000          1       1078    1486.54 6.5331e+02  51423.834     44.864 1621898470      -0.11      0.518   39.78475  -72.14666 0.0000e+00
     22.317     9.3692    32.8198  1025.4553     2.6763     7.0956    108.191   -0.00045    6.55840    6.56318      8.107     0.4517   11.82687   3.535246 8.8555e-01    25.3533    25.3529 7.0764e+00     22.500          1       1150    1485.25 7.9753e+02  51493.538     47.884 1621898473       0.45      0.151   39.78474  -72.14666 0.0000e+00
     22.818     9.2553    32.8193  1025.4753     2.6685     7.0436    107.362   -0.00545    6.56063    6.56545      8.106     0.4598   11.83061   3.524917 8.1695e-01    25.3710    25.3706 6.4566e+00     23.000          1       1164    1484.84 7.9030e+02  51515.948     48.451 1621898473       0.47      0.485   39.78474  -72.14666 0.0000e+00
     23.319     9.1317    32.8224  1025.4997     2.6625     7.0064    106.747   -0.00911    6.56355    6.56840      8.102     0.4620   11.83546   3.514583 7.5655e-01    25.3930    25.3926 5.9377e+00     23.500          1       1177    1484.40 7.8480e+02  51546.579     49.001 1621898474       0.35      0.715   39.78474  -72.14668 0.0000e+00
     23.818     9.0344    32.8252  1025.5195     2.6571     6.9889    106.354   -0.01067    6.57140    6.57637      8.103     0.4723   11.84842   3.505866 7.0159e-01    25.4105    25.4101 5.4473e+00     24.000          1       1190    1484.05 7.7636e+02  51571.304     49.562 1621898474       0.16      0.856   39.78474  -72.14668 0.0000e+00
     24.316     8.9590    32.8258  1025.5340     2.6511     6.9854    106.127   -0.01010    6.58219    6.58731      8.100     0.4616   11.86615   3.500303 6.7025e-01    25.4227    25.4223 5.0449e+00     24.500          1       1205    1483.78 7.5278e+02  51588.164     50.177 1621898475      -0.03      0.883   39.78474  -72.14668 0.0000e+00
     24.812     8.9252    32.8214  1025.5382     2.6431     6.9533    105.726   -0.01002    6.57668    6.58171      8.098     0.4525   11.85716   3.497169 7.2368e-01    25.4245    25.4241 4.7281e+00     25.000          1       1223    1483.66 6.5479e+02  51589.615     50.897 1621898476      -0.15      0.805   39.78473  -72.14668 0.0000e+00
     25.307     8.8804    32.8183  1025.5450     2.6320     6.9001    105.048   -0.01131    6.56844    6.57335      8.098     0.4715   11.84363   3.493108 7.8153e-01    25.4291    25.4287 4.5686e+00     25.500          1       1247    1483.50 5.8502e+02  51595.052     51.898 1621898477      -0.21      0.616   39.78472  -72.14668 0.0000e+00
