CalculateIndicators/WaterTemperature/Data/CTD_NYOS/20210525_C31.cnv
* Sea-Bird SBE 9 Data File:
* FileName = C:\Seabird 9 CTD\Data\2021\202105_offshore\20210525_C31.hex
* Software Version Seasave V 7.23.2
* Temperature SN = 4590
* Conductivity SN = 3228
* Number of Bytes Per Scan = 44
* Number of Voltage Words = 5
* Number of Scans Averaged by the Deck Unit = 1
* NMEA Latitude = 39 59.20 N
* NMEA Longitude = 071 52.47 W
* NMEA UTC (Time) = May 25 2021  09:18:03
* NMEA baud rate = 4800
** Ship: seawolf
** Station: 2.4
** Operator: eih
# nquan = 31
# nvalues = 366                         
# units = specified
# name 0 = depSM: Depth [salt water, m]
# name 1 = t090C: Temperature [ITS-90, deg C]
# name 2 = sal00: Salinity, Practical [PSU]
# name 3 = density00: Density [density, kg/m^3]
# name 4 = sbeox0V: Oxygen raw, SBE 43 [V]
# name 5 = sbeox0ML/L: Oxygen, SBE 43 [ml/l]
# name 6 = sbeox0PS: Oxygen, SBE 43 [% saturation]
# name 7 = sbox0dV/dT: Oxygen, SBE 43 [dov/dt]
# name 8 = oxsolML/L: Oxygen Saturation, Garcia & Gordon [ml/l]
# name 9 = oxsatML/L: Oxygen Saturation, Weiss [ml/l]
# name 10 = ph: pH
# name 11 = flECO-AFL: Fluorescence, WET Labs ECO-AFL/FL [mg/m^3]
# name 12 = n2satML/L: Nitrogen Saturation [ml/l]
# name 13 = c0S/m: Conductivity [S/m]
# name 14 = cpar: CPAR/Corrected Irradiance [%]
# name 15 = sigma-é00: Density [sigma-theta, kg/m^3]
# name 16 = sigma-t00: Density [sigma-t, kg/m^3 ]
# name 17 = par: PAR/Irradiance, Biospherical/Licor
# name 18 = prDM: Pressure, Digiquartz [db]
# name 19 = pumps: Pump Status
# name 20 = scan: Scan Count
# name 21 = svCM: Sound Velocity [Chen-Millero, m/s]
# name 22 = spar: SPAR, Biospherical/Licor
# name 23 = specc: Specific Conductance [uS/cm]
# name 24 = timeS: Time, Elapsed [seconds]
# name 25 = timeY: Time, System [seconds]
# name 26 = accM: Acceleration [m/s^2]
# name 27 = dz/dtM: Descent Rate [m/s]
# name 28 = latitude: Latitude [deg]
# name 29 = longitude: Longitude [deg]
# name 30 = flag: flag
# span 0 =      1.970,     92.803       
# span 1 =     7.5698,    12.8496       
# span 2 =    32.7569,    34.4940       
# span 3 =  1024.7172,  1026.8559       
# span 4 =     2.0074,     2.9057       
# span 5 =     4.7128,     7.7838       
# span 6 =     75.489,    119.832       
# span 7 =   -0.03643,    0.02181       
# span 8 =    6.02953,    6.74370       
# span 9 =    6.02735,    6.75160       
# span 10 =      7.911,      8.178      
# span 11 =    -0.0631,     0.7028      
# span 12 =   10.95167,   12.12875      
# span 13 =   3.414901,   3.849966      
# span 14 = 2.6630e-12, 1.3028e+01      
# span 15 =    24.7084,    26.4360      
# span 16 =    24.7083,    26.4340      
# span 17 = 1.0000e-12, 8.5470e+00      
# span 18 =      2.000,     93.500      
# span 19 =          1,          1      
# span 20 =        243,      20781      
# span 21 =    1479.44,    1497.13      
# span 22 = 1.3811e+01, 7.3787e+01      
# span 23 =  50852.866,  53627.298      
# span 24 =     10.100,    865.827      
# span 25 = 1621934290, 1621935146      
# span 26 =      -1.03,       0.76      
# span 27 =     -1.140,      1.056      
# span 28 =   39.98674,   39.98686      
# span 29 =  -71.87500,  -71.87464      
# span 30 = 0.0000e+00, 0.0000e+00      
# interval = decibars: 0.5              
# start_time = May 25 2021 09:18:00 [System UTC, first data scan.]
# bad_flag = -9.990e-29
*END*
[from data line 188]
     89.785    10.6138    34.4586  1026.8312     2.0105     4.7409     75.740    0.00038    6.25936    6.26148 -9.990e-29    -0.0008   11.31324   3.817265 4.6814e-12    26.4247    26.4228 1.0000e-12     90.500          1       7257    1492.85 2.1787e+01  53593.406    302.324 1621934582      -0.24     -0.347   39.98674  -71.87480 0.0000e+00
     89.286    10.6020    34.4523  1026.8261     2.0112     4.7585     75.822    0.00088    6.27591    6.27824 -9.990e-29    -0.0118   11.34085   3.815410 4.6054e-12    26.4218    26.4199 1.0000e-12     90.000          1       7332    1492.79 2.1724e+01  53586.458    305.448 1621934585      -0.23     -0.706   39.98674  -71.87480 0.0000e+00
     88.787    10.5678    34.4394  1026.8198     2.0106     4.7624     75.754    0.00034    6.28671    6.28914 -9.990e-29    -0.0121   11.35921   3.811011 4.6036e-12    26.4178    26.4159 1.0000e-12     89.500          1       7353    1492.65 2.1722e+01  53574.333    306.324 1621934586       0.06     -0.757   39.98674  -71.87480 0.0000e+00
     88.301    10.5388    34.4298  1026.8153     2.0096     4.7629     75.625   -0.00074    6.29808    6.30064 -9.990e-29    -0.0085   11.37843   3.806710 4.6036e-12    26.4154    26.4136 1.0000e-12     89.000          1       7382    1492.52 2.1722e+01  53566.579    307.534 1621934587       0.25     -0.499   39.98674  -71.87480 0.0000e+00
     87.799    10.4478    34.4057  1026.8103     2.0122     4.7832     75.861    0.00046    6.30523    6.30788      7.964    -0.0103   11.39049   3.795360 4.4673e-12    26.4125    26.4107 1.0000e-12     88.500          1       7414    1492.16 2.3082e+01  53549.312    308.859 1621934588      -0.04     -0.383   39.98674  -71.87480 0.0000e+00
     87.322    10.2834    34.3163  1026.7673     2.0182     4.8307     76.206    0.00079    6.33901    6.34204      7.962    -0.0062   11.44747   3.771696 4.2100e-12    26.3713    26.3695 1.0000e-12     88.000          1       7485    1491.46 2.3719e+01  53455.351    311.845 1621934591      -0.59     -0.074   39.98674  -71.87480 0.0000e+00
     86.810    10.2488    34.3249  1026.7777     2.0195     4.8397     76.348    0.00172    6.33898    6.34203      7.962    -0.0255   11.44735   3.768921 4.2200e-12    26.3839    26.3822 1.0000e-12     87.500          1       7495    1491.34 2.3697e+01  53474.631    312.271 1621934592      -0.76     -0.467   39.98674  -71.87480 0.0000e+00
     86.303    10.1934    34.2826  1026.7521     2.0189     4.8365     76.329    0.00189    6.33642    6.33943      7.962    -0.0153   11.44308   3.757989 4.4856e-12    26.3604    26.3587 1.0000e-12     87.000          1       7508    1491.08 2.1919e+01  53426.244    312.796 1621934592      -0.48     -0.799   39.98674  -71.87480 0.0000e+00
     85.815    10.1536    34.2633  1026.7416     2.0206     4.8455     76.353    0.00114    6.34619    6.34932      7.961    -0.0004   11.45951   3.753692 4.5924e-12    26.3521    26.3504 1.0000e-12     86.500          1       7535    1490.91 2.1736e+01  53405.979    313.935 1621934594       0.28     -0.652   39.98674  -71.87480 0.0000e+00
     85.333    10.0537    34.2319  1026.7322     2.0241     4.8642     76.625    0.00227    6.34808    6.35123      7.958     0.0013   11.46270   3.742054 4.6036e-12    26.3447    26.3430 1.0000e-12     86.000          1       7575    1490.51 2.1722e+01  53381.405    315.594 1621934595      -0.13     -0.193   39.98674  -71.87480 0.0000e+00
     84.827    10.0159    34.2155  1026.7236     2.0263     4.8733     76.747    0.00238    6.34984    6.35301      7.958     0.0013   11.46559   3.735901 4.6036e-12    26.3383    26.3367 1.0000e-12     85.500          1       7593    1490.34 2.1722e+01  53365.833    316.329 1621934596      -0.36     -0.450   39.98674  -71.87480 0.0000e+00
     84.323     9.9943    34.2060  1026.7176     2.0280     4.8803     76.811    0.00222    6.35356    6.35677      7.958    -0.0164   11.47190   3.733915 4.3814e-12    26.3345    26.3329 1.0000e-12     85.000          1       7619    1490.24 2.3477e+01  53356.697    317.396 1621934597      -0.05     -0.553   39.98674  -71.87480 0.0000e+00
     83.853     9.9749    34.2004  1026.7144     2.0277     4.8708     76.556   -0.00055    6.36244    6.36576      7.954    -0.0042   11.48686   3.731207 4.2119e-12    26.3334    26.3318 1.0000e-12     84.500          1       7683    1490.16 2.3702e+01  53352.280    320.097 1621934600      -0.51     -0.060   39.98674  -71.87480 0.0000e+00
     83.343     9.9591    34.1904  1026.7069     2.0279     4.8745     76.568   -0.00057    6.36622    6.36959      7.955    -0.0121   11.49321   3.728086 4.2200e-12    26.3282    26.3266 1.0000e-12     84.000          1       7693    1490.08 2.3697e+01  53341.620    320.498 1621934600      -0.75     -0.436   39.98674  -71.87480 0.0000e+00
     82.832     9.9083    34.1710  1026.6982     2.0286     4.8792     76.644   -0.00004    6.36611    6.36947      7.955    -0.0055   11.49301   3.721433 4.2200e-12    26.3217    26.3201 1.0000e-12     83.500          1       7704    1489.87 2.3697e+01  53322.550    320.971 1621934601      -0.62     -0.772   39.98674  -71.87480 0.0000e+00
     82.340     9.8672    34.1577  1026.6925     2.0295     4.8875     76.729    0.00044    6.36988    6.37328      7.954     0.0217   11.49940   3.716863 4.4769e-12    26.3182    26.3166 1.0000e-12     83.000          1       7735    1489.69 2.2431e+01  53312.952    322.269 1621934602       0.03     -0.607   39.98674  -71.87480 0.0000e+00
     81.856     9.8849    34.1597  1026.6889     2.0293     4.9053     76.645   -0.00062    6.40003    6.40379      7.954     0.0771   11.55005   3.719306 4.6925e-12    26.3168    26.3152 1.0000e-12     82.500          1       7785    1489.75 2.1339e+01  53311.620    324.337 1621934604      -0.35     -0.166   39.98674  -71.87482 0.0000e+00
     81.352     9.8508    34.1479  1026.6832     2.0273     4.9044     76.518   -0.00099    6.40945    6.41334      7.954     0.0428   11.56588   3.714605 4.4389e-12    26.3133    26.3118 1.0000e-12     82.000          1       7807    1489.60 2.2960e+01  53302.257    325.266 1621934605      -0.18     -0.472   39.98674  -71.87482 0.0000e+00
     80.868     9.8073    34.1348  1026.6781     2.0254     4.8856     76.288   -0.00244    6.40415    6.40796      7.952     0.0386   11.55695   3.708932 4.2106e-12    26.3104    26.3088 1.0000e-12     81.500          1       7834    1489.42 2.3727e+01  53291.655    326.380 1621934606       0.10     -0.470   39.98674  -71.87482 0.0000e+00
     80.370     9.6841    34.0823  1026.6556     2.0277     4.9060     76.602   -0.00021    6.40452    6.40835      7.951     0.0261   11.55758   3.690857 4.2200e-12    26.2898    26.2883 1.0000e-12     81.000          1       7852    1488.90 2.3697e+01  53243.114    327.118 1621934607      -0.20     -0.492   39.98674  -71.87482 0.0000e+00
     79.864     9.6099    34.0715  1026.6572     2.0297     4.9306     76.920    0.00226    6.41010    6.41398      7.951     0.0148   11.56708   3.683778 4.2200e-12    26.2936    26.2922 1.0000e-12     80.500          1       7866    1488.61 2.3697e+01  53243.284    327.688 1621934607      -0.33     -0.660   39.98674  -71.87481 0.0000e+00
     79.359     9.5976    34.0605  1026.6484     2.0306     4.9367     76.998    0.00259    6.41150    6.41541      7.952     0.0151   11.56932   3.682822 4.2331e-12    26.2870    26.2856 1.0000e-12     80.000          1       7883    1488.55 2.3697e+01  53229.841    328.428 1621934608      -0.00     -0.779   39.98674  -71.87480 0.0000e+00
     78.886     9.6152    34.0620  1026.6444     2.0304     4.9338     76.633   -0.00150    6.43825    6.44248      7.950     0.0467   11.61433   3.684628 4.5970e-12    26.2853    26.2839 1.0000e-12     79.500          1       7977    1488.61 2.1749e+01  53227.366    332.326 1621934612      -0.41     -0.170   39.98674  -71.87482 0.0000e+00
     78.384     9.5734    34.0464  1026.6369     2.0303     4.9407     76.689   -0.00084    6.44250    6.44678      7.950     0.0499   11.62146   3.677966 4.4553e-12    26.2800    26.2785 1.0000e-12     79.000          1       7992    1488.43 2.2486e+01  53214.194    332.965 1621934613      -0.49     -0.492   39.98674  -71.87482 0.0000e+00
     77.880     9.4770    34.0176  1026.6281     2.0304     4.9461     76.754   -0.00016    6.44412    6.44843      7.950     0.0902   11.62413   3.666708 4.2250e-12    26.2733    26.2719 1.0000e-12     78.500          1       8005    1488.03 2.3671e+01  53193.759    333.509 1621934613      -0.37     -0.729   39.98674  -71.87482 0.0000e+00
     77.379     9.4570    34.0119  1026.6248     2.0310     4.9504     76.819    0.00026    6.44431    6.44861      7.950     0.0885   11.62452   3.664753 4.2200e-12    26.2722    26.2708 1.0000e-12     78.000          1       8020    1487.94 2.3697e+01  53189.612    334.135 1621934614      -0.07     -0.859   39.98674  -71.87482 0.0000e+00
     76.889     9.4171    33.9902  1026.6121     2.0323     4.9598     76.947    0.00099    6.44574    6.45007      7.947     0.0734   11.62681   3.658727 4.2112e-12    26.2617    26.2603 1.0000e-12     77.500          1       8044    1487.76 2.3751e+01  53167.281    335.139 1621934615       0.29     -0.675   39.98674  -71.87482 0.0000e+00
     76.398     9.3750    33.9772  1026.6066     2.0342     4.9957     77.124    0.00154    6.47743    6.48213      7.946     0.0545   11.68023   3.654041 4.0107e-12    26.2583    26.2569 1.0000e-12     77.000          1       8075    1487.59 2.4971e+01  53157.471    336.437 1621934616       0.06     -0.379   39.98674  -71.87482 0.0000e+00
     75.897     9.3672    33.9788  1026.6068     2.0312     4.9911     76.769   -0.00105    6.50141    6.50646      7.945     0.0758   11.71988   3.653404 4.1694e-12    26.2608    26.2595 1.0000e-12     76.500          1       8104    1487.55 2.4005e+01  53160.912    337.646 1621934617       0.00     -0.417   39.98674  -71.87481 0.0000e+00
     75.406     9.1060    33.8993  1026.5848     2.0348     5.0417     77.210    0.00165    6.52976    6.53509      7.943     0.0933   11.76825   3.620364 4.6040e-12    26.2406    26.2393 1.0000e-12     76.000          1       8156    1486.49 2.1718e+01  53104.919    339.795 1621934619       0.09     -0.223   39.98674  -71.87482 0.0000e+00
     74.919     8.9869    33.8528  1026.5654     2.0408     5.1069     77.735    0.00369    6.56958    6.57542      7.939     0.0991   11.83508   3.604425 4.2132e-12    26.2232    26.2219 1.0000e-12     75.500          1       8195    1485.98 2.3732e+01  53065.810    341.419 1621934621      -0.24     -0.256   39.98674  -71.87482 0.0000e+00
     74.417     8.8967    33.7863  1026.5254     2.0432     5.1478     77.892    0.00355    6.60895    6.61529      7.940     0.1036   11.90105   3.590945 4.2199e-12    26.1853    26.1840 1.0000e-12     75.000          1       8210    1485.56 2.3698e+01  52990.965    342.052 1621934622      -0.40     -0.478   39.98674  -71.87482 0.0000e+00
     73.912     8.8709    33.7825  1026.5242     2.0428     5.1449     77.800    0.00277    6.61304    6.61942      7.938     0.0911   11.90804   3.587789 4.1937e-12    26.1863    26.1850 1.0000e-12     74.500          1       8223    1485.45 2.3857e+01  52991.189    342.603 1621934622      -0.37     -0.701   39.98674  -71.87482 0.0000e+00
     73.410     8.7736    33.7442  1026.5073     2.0413     5.1262     77.495    0.00027    6.61491    6.62132      7.937     0.0856   11.91112   3.575639 3.9801e-12    26.1715    26.1703 1.0000e-12     74.000          1       8239    1485.03 2.5157e+01  52958.525    343.249 1621934623      -0.07     -0.838   39.98674  -71.87482 0.0000e+00
     72.921     8.5154    33.6540  1026.4744     2.0492     5.1747     78.197    0.00356    6.61758    6.62401      7.935     0.0545   11.91568   3.541576 3.9370e-12    26.1404    26.1392 1.0000e-12     73.500          1       8272    1483.95 2.5419e+01  52889.661    344.623 1621934624       0.28     -0.503   39.98674  -71.87482 0.0000e+00
     72.428     8.3052    33.5765  1026.4438     2.0620     5.2308     79.005    0.00548    6.62074    6.62721      7.933     0.0405   11.92109   3.517198 4.5107e-12    26.1117    26.1106 1.0000e-12     73.000          1       8326    1483.06 2.2208e+01  52828.344    346.875 1621934626       0.01     -0.223   39.98674  -71.87482 0.0000e+00
     71.937     8.2921    33.5728  1026.4406     2.0671     5.2431     78.944    0.00200    6.64153    6.64826 -9.990e-29     0.0301   11.95601   3.516151 4.2493e-12    26.1107    26.1096 1.0000e-12     72.500          1       8375    1483.00 2.3546e+01  52825.847    348.915 1621934629      -0.08     -0.227   39.98674  -71.87482 0.0000e+00
     71.441     8.2856    33.5550  1026.4253     2.0661     5.2429     78.775    0.00061    6.65546    6.66236 -9.990e-29     0.1644   11.97935   3.513766 4.2181e-12    26.0976    26.0966 1.0000e-12     72.000          1       8398    1482.94 2.3707e+01  52801.437    349.874 1621934629      -0.23     -0.394   39.98674  -71.87482 0.0000e+00
     70.944     8.2619    33.5463  1026.4199     2.0663     5.2443     78.676   -0.00065    6.66572    6.67276 -9.990e-29     0.1354   11.99652   3.510723 4.1890e-12    26.0944    26.0933 1.0000e-12     71.500          1       8415    1482.84 2.3886e+01  52794.874    350.576 1621934630      -0.24     -0.560   39.98674  -71.87482 0.0000e+00
     70.445     8.2320    33.5356  1026.4137     2.0675     5.2544     78.803    0.00007    6.66774    6.67479 -9.990e-29     0.1489   12.00001   3.506745 3.9081e-12    26.0905    26.0894 1.0000e-12     71.000          1       8429    1482.70 2.5595e+01  52786.626    351.185 1621934631      -0.20     -0.695   39.98674  -71.87482 0.0000e+00
     69.944     8.1490    33.5116  1026.4051     2.0692     5.2700     79.035    0.00162    6.66797    6.67502 -9.990e-29     0.2241   12.00041   3.496435 3.8957e-12    26.0840    26.0830 1.0000e-12     70.500          1       8444    1482.35 2.5670e+01  52770.991    351.776 1621934631      -0.13     -0.794   39.98674  -71.87482 0.0000e+00
     69.443     8.0892    33.4919  1026.3963     2.0728     5.2923     79.367    0.00319    6.66812    6.67517 -9.990e-29     0.2545   12.00065   3.489948 3.9030e-12    26.0774    26.0764 1.0000e-12     70.000          1       8460    1482.09 2.5626e+01  52758.036    352.474 1621934632       0.06     -0.815   39.98674  -71.87482 0.0000e+00
     68.957     8.0027    33.4589  1026.3810     2.0843     5.3417     80.052    0.00443    6.67276    6.67987 -9.990e-29     0.2807   12.00846   3.479035 4.2405e-12    26.0642    26.0632 1.0000e-12     69.500          1       8517    1481.72 2.3572e+01  52731.275    354.815 1621934634       0.02     -0.300   39.98674  -71.87482 0.0000e+00
     68.461     7.9838    33.4459  1026.3713     2.0897     5.3476     80.101    0.00215    6.67608    6.68324 -9.990e-29     0.3365   12.01402   3.476876 4.1697e-12    26.0568    26.0558 1.0000e-12     69.000          1       8561    1481.62 2.4003e+01  52717.133    356.670 1621934636      -0.47     -0.334   39.98674  -71.87482 0.0000e+00
     67.956     7.9799    33.4441  1026.3682     2.0908     5.3476     80.104    0.00166    6.67587    6.68302 -9.990e-29     0.3610   12.01368   3.476306 4.0242e-12    26.0559    26.0550 1.0000e-12     68.500          1       8579    1481.59 2.4888e+01  52715.497    357.432 1621934637      -0.19     -0.600   39.98674  -71.87482 0.0000e+00
