CalculateIndicators/WaterTemperature/Data/CTD_NYOS/20210321_C06.cnv
* Sea-Bird SBE 9 Data File:
* FileName = C:\Seabird 9 CTD\Data\2021\202103_offshore\20210321_C06.hex
* Software Version Seasave V 7.23.2
* Temperature SN = 4590
* Conductivity SN = 3228
* Number of Bytes Per Scan = 44
* Number of Voltage Words = 5
* Number of Scans Averaged by the Deck Unit = 1
* NMEA Latitude = 39 19.18 N
* NMEA Longitude = 073 21.56 W
* NMEA UTC (Time) = Mar 21 2021  19:03:04
* NMEA baud rate = 4800
** Ship: RV Seawolf
** Station: 7.4
** Operator: EIH
# nquan = 31
# nvalues = 89                          
# units = specified
# name 0 = depSM: Depth [salt water, m]
# name 1 = t090C: Temperature [ITS-90, deg C]
# name 2 = sal00: Salinity, Practical [PSU]
# name 3 = density00: Density [density, kg/m^3]
# name 4 = sbeox0V: Oxygen raw, SBE 43 [V]
# name 5 = sbeox0ML/L: Oxygen, SBE 43 [ml/l]
# name 6 = sbeox0PS: Oxygen, SBE 43 [% saturation]
# name 7 = sbox0dV/dT: Oxygen, SBE 43 [dov/dt]
# name 8 = oxsolML/L: Oxygen Saturation, Garcia & Gordon [ml/l]
# name 9 = oxsatML/L: Oxygen Saturation, Weiss [ml/l]
# name 10 = ph: pH
# name 11 = flECO-AFL: Fluorescence, WET Labs ECO-AFL/FL [mg/m^3]
# name 12 = n2satML/L: Nitrogen Saturation [ml/l]
# name 13 = c0S/m: Conductivity [S/m]
# name 14 = cpar: CPAR/Corrected Irradiance [%]
# name 15 = sigma-é00: Density [sigma-theta, kg/m^3]
# name 16 = sigma-t00: Density [sigma-t, kg/m^3 ]
# name 17 = par: PAR/Irradiance, Biospherical/Licor
# name 18 = prDM: Pressure, Digiquartz [db]
# name 19 = pumps: Pump Status
# name 20 = scan: Scan Count
# name 21 = svCM: Sound Velocity [Chen-Millero, m/s]
# name 22 = spar: SPAR, Biospherical/Licor
# name 23 = specc: Specific Conductance [uS/cm]
# name 24 = timeS: Time, Elapsed [seconds]
# name 25 = timeY: Time, System [seconds]
# name 26 = accM: Acceleration [m/s^2]
# name 27 = dz/dtM: Descent Rate [m/s]
# name 28 = latitude: Latitude [deg]
# name 29 = longitude: Longitude [deg]
# name 30 = flag: flag
# span 0 =      1.979,     45.648       
# span 1 =     7.3620,     8.4799       
# span 2 =    33.5801,    33.8809       
# span 3 =  1026.2077,  1026.5326       
# span 4 =     2.4460,     2.5409       
# span 5 =     6.4028,     6.8570       
# span 6 =     97.187,    101.671       
# span 7 =   -0.00473,    0.00318       
# span 8 =    6.57768,    6.75700       
# span 9 =    6.58385,    6.76558       
# span 10 =      8.537,      8.557      
# span 11 =     0.4088,     1.3630      
# span 12 =   11.84605,   12.14576      
# span 13 =   3.432933,   3.562761      
# span 14 = 4.6384e-02, 5.9668e+01      
# span 15 =    26.1986,    26.3235      
# span 16 =    26.1986,    26.3227      
# span 17 = 9.6554e-01, 1.2655e+03      
# span 18 =      2.000,     46.000      
# span 19 =          1,          1      
# span 20 =        346,      14368      
# span 21 =    1478.44,    1483.65      
# span 22 = 1.8886e+03, 2.2145e+03      
# span 23 =  52925.735,  53199.837      
# span 24 =     14.374,    598.615      
# span 25 = 1616353400, 1616353985      
# span 26 =      -0.32,       0.41      
# span 27 =     -0.677,      0.648      
# span 28 =   39.31928,   39.31976      
# span 29 =  -73.35974,  -73.35948      
# span 30 = 0.0000e+00, 0.0000e+00      
# interval = decibars: 1                
# start_time = Mar 21 2021 19:03:06 [System UTC, first data scan.]
# bad_flag = -9.990e-29
*END*
[from data line 47]
     42.672     8.2260    33.8247  1026.5135     2.4460     6.4899     97.220   -0.00064    6.64848    6.65560      8.549     0.5615   11.96426   3.533035 6.7758e-02    26.3178    26.3172 1.4234e+00     43.000          1       6363    1482.58 2.1219e+03  53178.198    265.063 1616353651      -0.11     -0.237   39.31952  -73.35962 0.0000e+00
     41.675     8.0653    33.7848  1026.5017     2.4562     6.5257     98.081    0.00318    6.64901    6.65613      8.549     0.5869   11.96525   3.514889 7.5836e-02    26.3104    26.3098 1.6247e+00     42.000          1       6427    1481.90 2.1445e+03  53159.589    267.753 1616353654       0.04     -0.332   39.31952  -73.35962 0.0000e+00
     40.689     8.0301    33.7622  1026.4847     2.4647     6.5244     98.256    0.00084    6.64580    6.65287      8.549     0.6269   11.95997   3.510151 8.8511e-02    26.2979    26.2973 1.9420e+00     41.000          1       6551    1481.73 2.1947e+03  53135.527    272.906 1616353659      -0.24     -0.201   39.31951  -73.35962 0.0000e+00
     39.691     8.0454    33.7649  1026.4800     2.4644     6.5219     98.166    0.00019    6.64438    6.65143      8.549     0.6546   11.95761   3.511739 9.9533e-02    26.2977    26.2972 2.1244e+00     40.000          1       6600    1481.77 2.1455e+03  53134.945    274.974 1616353661       0.06     -0.403   39.31950  -73.35962 0.0000e+00
     38.700     8.0611    33.7666  1026.4744     2.4645     6.5155     98.141   -0.00000    6.64202    6.64904      8.549     0.5546   11.95368   3.513405 1.1718e-01    26.2967    26.2961 2.4729e+00     39.000          1       6690    1481.82 2.1195e+03  53132.804    278.709 1616353665      -0.09     -0.254   39.31950  -73.35962 0.0000e+00
     37.707     8.0810    33.7683  1026.4682     2.4643     6.5168     98.100   -0.00008    6.64075    6.64775      8.549     0.6468   11.95158   3.515377 1.3017e-01    26.2951    26.2946 2.8320e+00     38.000          1       6785    1481.88 2.1756e+03  53129.837    282.677 1616353669      -0.15     -0.400   39.31950  -73.35962 0.0000e+00
     36.714     8.0810    33.7693  1026.4644     2.4651     6.5193     98.175    0.00038    6.64016    6.64715      8.549     0.5945   11.95061   3.515416 1.4549e-01    26.2958    26.2953 3.1724e+00     37.000          1       6848    1481.86 2.1808e+03  53130.476    285.305 1616353671       0.05     -0.373   39.31950  -73.35962 0.0000e+00
     35.724     8.0886    33.7685  1026.4581     2.4666     6.5321     98.241    0.00031    6.64645    6.65352      8.549     0.5666   11.96116   3.516010 1.9677e-01    26.2941    26.2936 3.7200e+00     36.000          1       6955    1481.87 1.9190e+03  53126.888    289.755 1616353676      -0.05     -0.197   39.31950  -73.35962 0.0000e+00
     34.727     8.0113    33.7466  1026.4478     2.4727     6.5688     98.594    0.00073    6.65434    6.66152      8.549     0.6166   11.97438   3.506587 1.9704e-01    26.2884    26.2878 4.2226e+00     35.000          1       7418    1481.54 2.1491e+03  53114.131    309.044 1616353695      -0.08     -0.283   39.31948  -73.35962 0.0000e+00
     33.736     7.9968    33.7403  1026.4405     2.4742     6.5872     98.744    0.00163    6.65942    6.66666      8.549     0.6458   11.98289   3.504687 2.2359e-01    26.2855    26.2850 4.7964e+00     34.000          1       8641    1481.46 2.1469e+03  53107.906    359.999 1616353746       0.06     -0.365   39.31945  -73.35964 0.0000e+00
     32.752     7.9487    33.7249  1026.4310     2.4831     6.6012     99.117    0.00114    6.66557    6.67290      8.549     0.8867   11.99315   3.499004 2.7209e-01    26.2805    26.2800 5.8186e+00     33.000          1       8959    1481.24 2.1457e+03  53097.114    373.264 1616353759      -0.14     -0.089   39.31944  -73.35964 0.0000e+00
     31.751     7.9379    33.7252  1026.4281     2.4818     6.5875     98.960    0.00021    6.66386    6.67116      8.549     0.9112   11.99037   3.497936 2.9660e-01    26.2823    26.2818 6.4809e+00     32.000          1       8994    1481.18 2.1850e+03  53099.445    374.693 1616353761      -0.11     -0.565   39.31943  -73.35964 0.0000e+00
     30.762     7.9680    33.7209  1026.4158     2.4837     6.5808     99.028    0.00026    6.65026    6.65736      8.549     0.9033   11.96779   3.500589 3.4796e-01    26.2745    26.2740 7.4293e+00     31.000          1       9070    1481.28 2.1394e+03  53085.417    377.886 1616353764       0.09     -0.288   39.31942  -73.35964 0.0000e+00
     29.771     8.0339    33.7311  1026.4095     2.4807     6.5610     98.761   -0.00071    6.64579    6.65283      8.549     0.8590   11.96029   3.507472 4.3148e-01    26.2728    26.2723 8.7729e+00     30.000          1       9170    1481.52 2.0567e+03  53083.173    382.042 1616353768       0.01     -0.235   39.31942  -73.35964 0.0000e+00
     28.778     8.0577    33.7379  1026.4067     2.4786     6.5567     98.641   -0.00074    6.64518    6.65221      8.549     0.8554   11.95925   3.510167 4.6675e-01    26.2746    26.2741 9.9533e+00     29.000          1       9242    1481.60 2.1361e+03  53086.379    385.050 1616353771      -0.17     -0.403   39.31942  -73.35966 0.0000e+00
     27.785     8.0602    33.7396  1026.4031     2.4775     6.5475     98.625   -0.00026    6.64370    6.65071 -9.990e-29     0.8867   11.95679   3.510481 5.3898e-01    26.2755    26.2751 1.1577e+01     28.000          1       9320    1481.60 2.1508e+03  53087.413    388.285 1616353774       0.06     -0.300   39.31942  -73.35965 0.0000e+00
     26.799     8.0799    33.7409  1026.3966     2.4741     6.5269     98.373   -0.00091    6.64195    6.64894      8.547     0.7914   11.95388   3.512356 6.3831e-01    26.2736    26.2732 1.3467e+01     27.000          1       9435    1481.66 2.1151e+03  53083.816    393.066 1616353779      -0.32     -0.301   39.31942  -73.35966 0.0000e+00
     25.797     8.0804    33.7422  1026.3930     2.4717     6.5266     98.236   -0.00103    6.64309    6.65010      8.547     0.7858   11.95579   3.512429 7.1496e-01    26.2745    26.2742 1.5468e+01     26.000          1       9489    1481.65 2.1646e+03  53084.941    395.341 1616353781      -0.09     -0.416   39.31942  -73.35966 0.0000e+00
     24.808     8.0709    33.7402  1026.3883     2.4727     6.5594     98.463    0.00095    6.64592    6.65296      8.548     0.8143   11.96052   3.511196 7.9980e-01    26.2744    26.2740 1.7448e+01     25.000          1       9588    1481.59 2.1818e+03  53083.787    399.444 1616353785      -0.08     -0.333   39.31942  -73.35966 0.0000e+00
     23.816     8.0566    33.7366  1026.3830     2.4817     6.5843     99.045    0.00255    6.64578    6.65281      8.549     0.8152   11.96028   3.509564 1.0456e+00    26.2736    26.2733 2.0797e+01     24.000          1       9670    1481.52 2.0150e+03  53081.402    402.884 1616353789       0.03     -0.259   39.31941  -73.35966 0.0000e+00
     22.824     8.0569    33.7359  1026.3778     2.4859     6.5870     99.063    0.00070    6.64577    6.65281 -9.990e-29     0.8175   11.96028   3.509487 1.1189e+00    26.2730    26.2727 2.3741e+01     23.000          1       9764    1481.50 2.1291e+03  53079.688    406.784 1616353793      -0.01     -0.271   39.31940  -73.35966 0.0000e+00
     21.830     8.0580    33.7351  1026.3725     2.4892     6.5957     99.244    0.00097    6.64550    6.65254 -9.990e-29     0.8565   11.95983   3.509487 1.2996e+00    26.2722    26.2719 2.7582e+01     22.000          1       9844    1481.49 2.1302e+03  53077.609    410.107 1616353796       0.00     -0.307   39.31940  -73.35966 0.0000e+00
     20.840     8.0396    33.7329  1026.3689     2.4906     6.6099     99.264    0.00046    6.65230    6.65943      8.550     0.8695   11.97116   3.507449 1.5032e+00    26.2732    26.2729 3.2106e+01     21.000          1       9990    1481.40 2.1419e+03  53078.229    416.192 1616353802      -0.03     -0.140   39.31940  -73.35967 0.0000e+00
     19.844     8.0124    33.7272  1026.3639     2.5001     6.6427     99.761    0.00080    6.65364    6.66079      8.553     0.9488   11.97340   3.504415 1.7070e+00    26.2727    26.2724 3.6921e+01     20.000          1      10549    1481.27 2.1628e+03  53076.108    439.515 1616353825      -0.01     -0.251   39.31938  -73.35968 0.0000e+00
     18.855     7.9962    33.7237  1026.3590     2.5042     6.6696     99.963    0.00086    6.66269    6.66996      8.553     1.0093   11.98846   3.502576 2.0458e+00    26.2724    26.2721 4.4392e+01     19.000          1      11526    1481.19 2.1697e+03  53074.415    480.220 1616353866      -0.03     -0.216   39.31936  -73.35970 0.0000e+00
     17.864     7.9205    33.7124  1026.3566     2.5123     6.7153    100.551    0.00296    6.66905    6.67641      8.554     1.0901   11.99909   3.494427 2.3024e+00    26.2745    26.2743 4.9402e+01     18.000          1      11616    1480.87 2.1501e+03  53076.083    483.977 1616353870      -0.04     -0.320   39.31936  -73.35970 0.0000e+00
     16.868     7.9113    33.7080  1026.3500     2.5165     6.7179    100.595    0.00116    6.67396    6.68139      8.554     1.1271   12.00724   3.493289 2.8006e+00    26.2725    26.2722 6.0536e+01     17.000          1      11685    1480.82 2.1615e+03  53071.466    486.854 1616353873       0.02     -0.333   39.31936  -73.35970 0.0000e+00
     15.881     7.8244    33.6979  1026.3502     2.5211     6.7574    100.864    0.00158    6.68870    6.69634      8.556     1.1761   12.03182   3.484254 3.5700e+00    26.2772    26.2769 7.0464e+01     16.000          1      11816    1480.46 2.0031e+03  53077.922    492.294 1616353878      -0.11     -0.183   39.31934  -73.35970 0.0000e+00
     14.884     7.8005    33.6894  1026.3424     2.5252     6.7600    101.071    0.00168    6.68799    6.69561      8.557     1.2426   12.03065   3.481286 3.9696e+00    26.2739    26.2737 8.5194e+01     15.000          1      11862    1480.34 2.1462e+03  53071.090    494.218 1616353880      -0.16     -0.499   39.31934  -73.35970 0.0000e+00
     13.890     7.7780    33.6802  1026.3339     2.5274     6.7634    101.072    0.00067    6.69036    6.69801      8.557     1.2753   12.03461   3.478615 4.7328e+00    26.2700    26.2698 1.0061e+02     14.000          1      11963    1480.23 2.1313e+03  53063.091    498.432 1616353884      -0.14     -0.423   39.31934  -73.35971 0.0000e+00
     12.897     7.7751    33.6792  1026.3289     2.5290     6.7714    101.139    0.00055    6.69386    6.70156      8.557     1.3271   12.04045   3.478261 5.6419e+00    26.2696    26.2694 1.2221e+02     13.000          1      12042    1480.20 2.1659e+03  53061.579    501.724 1616353888       0.06     -0.510   39.31934  -73.35972 0.0000e+00
     11.910     7.7039    33.6704  1026.3277     2.5257     6.7762    100.850   -0.00090    6.71309    6.72107      8.556     1.3260   12.07245   3.470679 6.7087e+00    26.2729    26.2728 1.3873e+02     12.000          1      12163    1479.90 2.0821e+03  53066.180    506.744 1616353893      -0.13     -0.153   39.31934  -73.35971 0.0000e+00
     10.915     7.6361    33.6527  1026.3190     2.5257     6.7883    100.937    0.00006    6.71884    6.72689      8.556     1.3249   12.08213   3.462957 8.2444e+00    26.2687    26.2686 1.7443e+02     11.000          1      12235    1479.60 2.1210e+03  53057.279    509.732 1616353896       0.04     -0.340   39.31934  -73.35972 0.0000e+00
      9.923     7.5257    33.6343  1026.3157     2.5249     6.8048    100.938    0.00019    6.74093    6.74930      8.557     1.1986   12.11886   3.451227 9.8726e+00    26.2700    26.2698 2.0626e+02     10.000          1      12351    1479.14 2.1008e+03  53058.769    514.580 1616353900       0.03     -0.181   39.31934  -73.35972 0.0000e+00
      8.927     7.4111    33.6008  1026.3010     2.5306     6.8371    101.276    0.00086    6.74201    6.75037      8.557     0.9262   12.12081   3.438359 1.2412e+01    26.2599    26.2598 2.4957e+02      9.000          1      13357    1478.64 2.0278e+03  53039.582    556.489 1616353942      -0.07     -0.408   39.31932  -73.35973 0.0000e+00
      7.938     7.4303    33.6001  1026.2932     2.5342     6.8477    101.480    0.00141    6.74217    6.75053      8.556     0.7792   12.12118   3.439952 1.3906e+01    26.2566    26.2565 2.9060e+02      8.000          1      13936    1478.70 2.0976e+03  53033.055    580.624 1616353967       0.01     -0.614   39.31930  -73.35973 0.0000e+00
      6.946     7.4551    33.5984  1026.2838     2.5381     6.8570    101.661    0.00147    6.73995    6.74828      8.556     0.6443   12.11755   3.442101 1.6624e+01    26.2517    26.2516 3.6016e+02      7.000          1      14000    1478.77 2.1664e+03  53023.537    583.294 1616353969       0.11     -0.369   39.31930  -73.35972 0.0000e+00
      5.952     7.4781    33.5973  1026.2750     2.5392     6.8430    101.577    0.00007    6.74606    6.75446      8.555     0.5459   12.12780   3.443833 2.4602e+01    26.2476    26.2475 4.5824e+02      6.000          1      14069    1478.85 1.9370e+03  53015.399    586.185 1616353972      -0.01     -0.391   39.31929  -73.35973 0.0000e+00
      4.970     7.4110    33.5824  1026.2682     2.5399     6.8431    101.610    0.00052    6.73110    6.73927      8.551     0.4594   12.10306   3.436275 2.7127e+01    26.2453    26.2453 5.3827e+02      5.000          1      14138    1478.55 2.0006e+03  53010.760    589.029 1616353975      -0.15     -0.306   39.31928  -73.35974 0.0000e+00
      3.964     7.4670    33.5801  1026.2539     2.5409     6.8341    101.671    0.00075    6.72490    6.73299      8.547     0.4508   12.09276   3.441639 3.3708e+01    26.2356    26.2356 7.2313e+02      4.000          1      14169    1478.75 2.1444e+03  52992.581    590.344 1616353976      -0.11     -0.677   39.31928  -73.35974 0.0000e+00
      2.976     7.5895    33.5884  1026.2385     2.5402     6.8053    101.499   -0.00033    6.71271    6.72060      8.546     0.4298   12.07267   3.453400 4.1723e+01    26.2248    26.2247 8.8424e+02      3.000          1      14254    1479.21 2.1254e+03  52972.524    593.880 1616353980       0.10     -0.249   39.31928  -73.35974 0.0000e+00
      1.983     7.6879    33.5834  1026.2159     2.5372     6.7905    101.299   -0.00065    6.70284    6.71058      8.547     0.4469   12.05644   3.461452 5.9668e+01    26.2067    26.2067 1.2655e+03      2.000          1      14368    1479.57 2.1253e+03  52939.677    598.615 1616353985      -0.05     -0.237   39.31928  -73.35974 0.0000e+00
