CalculateIndicators/WaterTemperature/Data/CTD_NYOS/20210523_C18B.cnv
* Sea-Bird SBE 9 Data File:
* FileName = C:\Seabird 9 CTD\Data\2021\202105_offshore\20210523_C18B.hex
* Software Version Seasave V 7.23.2
* Temperature SN = 4590
* Conductivity SN = 3228
* Number of Bytes Per Scan = 44
* Number of Voltage Words = 5
* Number of Scans Averaged by the Deck Unit = 1
* NMEA Latitude = 39 01.18 N
* NMEA Longitude = 072 33.21 W
* NMEA UTC (Time) = May 23 2021  15:34:04
* NMEA baud rate = 4800
** Ship: seawolf
** Station: 5.6B
** Operator: sjw
# nquan = 31
# nvalues = 1188                        
# units = specified
# name 0 = depSM: Depth [salt water, m]
# name 1 = t090C: Temperature [ITS-90, deg C]
# name 2 = sal00: Salinity, Practical [PSU]
# name 3 = density00: Density [density, kg/m^3]
# name 4 = sbeox0V: Oxygen raw, SBE 43 [V]
# name 5 = sbeox0ML/L: Oxygen, SBE 43 [ml/l]
# name 6 = sbeox0PS: Oxygen, SBE 43 [% saturation]
# name 7 = sbox0dV/dT: Oxygen, SBE 43 [dov/dt]
# name 8 = oxsolML/L: Oxygen Saturation, Garcia & Gordon [ml/l]
# name 9 = oxsatML/L: Oxygen Saturation, Weiss [ml/l]
# name 10 = ph: pH
# name 11 = flECO-AFL: Fluorescence, WET Labs ECO-AFL/FL [mg/m^3]
# name 12 = n2satML/L: Nitrogen Saturation [ml/l]
# name 13 = c0S/m: Conductivity [S/m]
# name 14 = cpar: CPAR/Corrected Irradiance [%]
# name 15 = sigma-é00: Density [sigma-theta, kg/m^3]
# name 16 = sigma-t00: Density [sigma-t, kg/m^3 ]
# name 17 = par: PAR/Irradiance, Biospherical/Licor
# name 18 = prDM: Pressure, Digiquartz [db]
# name 19 = pumps: Pump Status
# name 20 = scan: Scan Count
# name 21 = svCM: Sound Velocity [Chen-Millero, m/s]
# name 22 = spar: SPAR, Biospherical/Licor
# name 23 = specc: Specific Conductance [uS/cm]
# name 24 = timeS: Time, Elapsed [seconds]
# name 25 = timeY: Time, System [seconds]
# name 26 = accM: Acceleration [m/s^2]
# name 27 = dz/dtM: Descent Rate [m/s]
# name 28 = latitude: Latitude [deg]
# name 29 = longitude: Longitude [deg]
# name 30 = flag: flag
# span 0 =      1.979,    300.490       
# span 1 =     8.1007,    15.0282       
# span 2 =    33.4665,    35.7075       
# span 3 =  1024.7935,  1028.7657       
# span 4 =     1.4804,     2.8585       
# span 5 =     3.1847,     6.8145       
# span 6 =     50.325,    118.637       
# span 7 =   -0.11807,    0.07559       
# span 8 =    5.74281,    6.57760       
# span 9 =    5.73777,    6.58519       
# span 10 =      7.828,      8.150      
# span 11 =    -0.0925,     0.8799      
# span 12 =   10.46859,   11.83050      
# span 13 =   3.659635,   4.213727      
# span 14 = 4.3841e-14, 2.2204e+02      
# span 15 =    24.7847,    27.3926      
# span 16 =    24.7846,    27.3879      
# span 17 = 1.0000e-12, 5.0281e+03      
# span 18 =      2.000,    303.000      
# span 19 =          1,          1      
# span 20 =        142,      54150      
# span 21 =    1488.03,    1505.10      
# span 22 = 2.1726e+03, 2.2810e+03      
# span 23 =  51532.837,  55276.974      
# span 24 =      5.879,   2256.226      
# span 25 = 1621784048, 1621786299      
# span 26 =      -0.65,       0.63      
# span 27 =     -0.981,      0.899      
# span 28 =   39.01761,   39.01980      
# span 29 =  -72.55511,  -72.55349      
# span 30 = 0.0000e+00, 0.0000e+00      
# interval = decibars: 0.5              
# start_time = May 23 2021 15:34:03 [System UTC, first data scan.]
# bad_flag = -9.990e-29
*END*
[from data line 375]
    187.981    11.7983    35.5522  1027.9056     1.6396     3.5012     57.767   -0.00167    6.06096    6.06128      7.937    -0.0531   10.97253   4.044619 4.4399e-14    27.0615    27.0568 1.0000e-12    189.500          1      15385    1499.93 2.2523e+03  54961.403    641.001 1621784684       0.11      0.472   39.01912  -72.55398 0.0000e+00
    188.474    11.7760    35.5494  1027.9100     1.6369     3.4896     57.581   -0.00233    6.06043    6.06074      7.935    -0.0668   10.97164   4.042199 4.4375e-14    27.0636    27.0589 1.0000e-12    190.000          1      15411    1499.86 2.2536e+03  54961.766    642.082 1621784685      -0.05      0.487   39.01912  -72.55398 0.0000e+00
    188.972    11.7651    35.5481  1027.9133     1.6349     3.4847     57.504   -0.00204    6.05996    6.06026      7.934    -0.0548   10.97086   4.041162 4.4412e-14    27.0646    27.0599 1.0000e-12    190.500          1      15436    1499.82 2.2517e+03  54961.993    643.124 1621784686       0.02      0.464   39.01912  -72.55398 0.0000e+00
    189.468    11.7545    35.5456  1027.9157     1.6314     3.4786     57.359   -0.00179    6.06463    6.06499      7.935    -0.0684   10.97865   4.039958 4.4481e-14    27.0647    27.0600 1.0000e-12    191.000          1      15504    1499.79 2.2482e+03  54960.687    645.972 1621784689       0.06      0.316   39.01912  -72.55398 0.0000e+00
    189.956    11.7240    35.5411  1027.9203     1.6265     3.4653     57.092   -0.00220    6.06958    6.07001 -9.990e-29    -0.0564   10.98688   4.036473 4.4538e-14    27.0670    27.0623 1.0000e-12    191.500          1      15576    1499.69 2.2453e+03  54960.088    648.949 1621784692       0.33      0.339   39.01912  -72.55398 0.0000e+00
    190.456    11.7103    35.5401  1027.9244     1.6256     3.4641     57.073   -0.00196    6.06964    6.07006 -9.990e-29    -0.0541   10.98698   4.035197 4.4556e-14    27.0688    27.0641 1.0000e-12    192.000          1      15592    1499.65 2.2444e+03  54961.339    649.617 1621784692       0.30      0.562   39.01912  -72.55398 0.0000e+00
    190.957    11.7053    35.5395  1027.9271     1.6246     3.4623     57.042   -0.00172    6.06962    6.07004 -9.990e-29    -0.0550   10.98695   4.034746 4.4567e-14    27.0693    27.0646 1.0000e-12    192.500          1      15607    1499.64 2.2438e+03  54961.588    650.251 1621784693       0.18      0.718   39.01912  -72.55398 0.0000e+00
    191.456    11.7007    35.5385  1027.9296     1.6231     3.4570     56.956   -0.00181    6.06964    6.07006      7.931    -0.0677   10.98697   4.034220 4.4551e-14    27.0694    27.0647 1.0000e-12    193.000          1      15626    1499.63 2.2446e+03  54961.515    651.029 1621784694      -0.08      0.745   39.01912  -72.55398 0.0000e+00
    191.946    11.6956    35.5376  1027.9320     1.6216     3.4508     56.913   -0.00133    6.06324    6.06358      7.931    -0.0554   10.97636   4.033736 4.4567e-14    27.0697    27.0650 1.0000e-12    193.500          1      15660    1499.62 2.2438e+03  54961.343    652.471 1621784695      -0.22      0.426   39.01910  -72.55398 0.0000e+00
    192.441    11.7072    35.5364  1027.9311     1.6220     3.4590     56.976   -0.00098    6.07101    6.07145      7.930    -0.0595   10.98928   4.034544 4.4610e-14    27.0666    27.0619 1.0000e-12    194.000          1      15751    1499.67 2.2416e+03  54958.074    656.252 1621784699       0.29      0.157   39.01910  -72.55398 0.0000e+00
    192.937    11.6869    35.5358  1027.9367     1.6186     3.4568     56.756   -0.00189    6.09052    6.09121      7.927    -0.0680   11.02173   4.032820 4.4634e-14    27.0699    27.0652 1.0000e-12    194.500          1      15801    1499.61 2.2404e+03  54960.948    658.341 1621784701      -0.05      0.292   39.01910  -72.55399 0.0000e+00
    193.421    11.6631    35.5307  1027.9396     1.6085     3.4168     55.992   -0.00514    6.10226    6.10312 -9.990e-29    -0.0522   11.04124   4.029109 4.4689e-14    27.0705    27.0658 1.0000e-12    195.000          1      15851    1499.53 2.2377e+03  54958.289    660.419 1621784703       0.19      0.178   39.01910  -72.55400 0.0000e+00
    193.926    11.5340    35.5159  1027.9552     1.6024     3.3845     55.474   -0.00772    6.10110    6.10194 -9.990e-29    -0.0554   11.03930   4.014806 4.4695e-14    27.0833    27.0786 1.0000e-12    195.500          1      15867    1499.07 2.2374e+03  54961.119    661.079 1621784704       0.40      0.430   39.01910  -72.55400 0.0000e+00
    194.431    11.4956    35.5137  1027.9631     1.5985     3.3732     55.262   -0.00794    6.10393    6.10480 -9.990e-29    -0.0537   11.04402   4.011201 4.4695e-14    27.0888    27.0841 1.0000e-12    196.000          1      15883    1498.95 2.2374e+03  54964.905    661.730 1621784704       0.28      0.665   39.01910  -72.55400 0.0000e+00
    194.921    11.4600    35.5104  1027.9695     1.5925     3.3688     55.185   -0.00527    6.10468    6.10556 -9.990e-29    -0.0487   11.04528   4.007851 4.4695e-14    27.0928    27.0882 1.0000e-12    196.500          1      15914    1498.83 2.2374e+03  54967.005    663.051 1621784706      -0.24      0.506   39.01910  -72.55400 0.0000e+00
    195.417    11.4379    35.5064  1027.9728     1.5879     3.3676     55.161   -0.00285    6.10508    6.10597 -9.990e-29    -0.0673   11.04595   4.005323 4.4714e-14    27.0939    27.0892 1.0000e-12    197.000          1      15955    1498.76 2.2365e+03  54965.466    664.767 1621784707       0.16      0.248   39.01910  -72.55400 0.0000e+00
    195.911    11.4285    35.5041  1027.9751     1.5846     3.3670     55.136   -0.00119    6.10668    6.10758      7.918    -0.0671   11.04862   4.004466 4.4775e-14    27.0939    27.0892 1.0000e-12    197.500          1      16027    1498.73 2.2334e+03  54964.475    667.737 1621784710       0.01      0.164   39.01910  -72.55400 0.0000e+00
    196.399    11.4218    35.5020  1027.9769     1.5818     3.3669     55.066   -0.00057    6.11439    6.11539      7.916    -0.0678   11.06145   4.003733 4.4826e-14    27.0935    27.0888 1.0000e-12    198.000          1      16106    1498.71 2.2309e+03  54963.009    671.029 1621784714       0.09      0.156   39.01910  -72.55400 0.0000e+00
    196.897    11.4165    35.5015  1027.9798     1.5794     3.3534     54.841   -0.00189    6.11475    6.11576      7.916    -0.0650   11.06205   4.003110 4.4819e-14    27.0941    27.0894 1.0000e-12    198.500          1      16124    1498.70 2.2313e+03  54963.630    671.798 1621784714       0.31      0.367   39.01910  -72.55400 0.0000e+00
    197.401    11.3963    35.4987  1027.9837     1.5784     3.3487     54.761   -0.00221    6.11508    6.11610      7.916    -0.0534   11.06261   4.000729 4.4848e-14    27.0957    27.0909 1.0000e-12    199.000          1      16140    1498.64 2.2298e+03  54963.590    672.471 1621784715       0.30      0.584   39.01910  -72.55400 0.0000e+00
    197.898    11.3738    35.4959  1027.9881     1.5769     3.3467     54.714   -0.00193    6.11675    6.11778      7.916    -0.0636   11.06539   3.998318 4.4874e-14    27.0977    27.0930 1.0000e-12    199.500          1      16158    1498.56 2.2285e+03  54964.143    673.228 1621784716       0.03      0.704   39.01910  -72.55400 0.0000e+00
    198.392    11.3594    35.4944  1027.9918     1.5750     3.3422     54.630   -0.00187    6.11789    6.11895      7.915    -0.0677   11.06730   3.996948 4.4886e-14    27.0992    27.0945 1.0000e-12    200.000          1      16183    1498.52 2.2279e+03  54964.868    674.269 1621784717      -0.18      0.577   39.01910  -72.55400 0.0000e+00
    198.884    11.3482    35.4922  1027.9945     1.5731     3.3392     54.583   -0.00128    6.11763    6.11868      7.913    -0.0566   11.06687   3.995639 4.4893e-14    27.0996    27.0948 1.0000e-12    200.500          1      16222    1498.49 2.2275e+03  54964.167    675.859 1621784719      -0.10      0.326   39.01910  -72.55400 0.0000e+00
    199.384    11.3268    35.4893  1027.9986     1.5703     3.3329     54.415   -0.00165    6.12504    6.12618      7.913    -0.0575   11.07920   3.993207 4.4907e-14    27.1013    27.0966 1.0000e-12    201.000          1      16270    1498.42 2.2268e+03  54964.401    677.879 1621784720       0.10      0.286   39.01910  -72.55400 0.0000e+00
    199.877    11.1358    35.4669  1028.0194     1.5558     3.2861     53.326   -0.00636    6.16231    6.16396 -9.990e-29    -0.0528   11.14113   3.970823 4.4984e-14    27.1190    27.1144 1.0000e-12    201.500          1      16361    1497.73 2.2231e+03  54968.552    681.678 1621784724       0.26      0.295   39.01910  -72.55400 0.0000e+00
    200.371    11.0284    35.4592  1028.0357     1.5500     3.2734     53.114   -0.00545    6.16308    6.16474 -9.990e-29    -0.0564   11.14242   3.960861 4.5077e-14    27.1327    27.1281 1.0000e-12    202.000          1      16390    1497.36 2.2184e+03  54977.976    682.882 1621784725      -0.00      0.423   39.01910  -72.55400 0.0000e+00
    200.868    11.0111    35.4558  1028.0385     1.5470     3.2762     53.146   -0.00339    6.16454    6.16622      7.903    -0.0659   11.14486   3.958952 4.5211e-14    27.1332    27.1286 1.0000e-12    202.500          1      16417    1497.30 2.2118e+03  54976.794    683.993 1621784727       0.04      0.432   39.01910  -72.55400 0.0000e+00
    201.366    11.0005    35.4539  1028.0413     1.5451     3.2794     53.164   -0.00211    6.16832    6.17004      7.903    -0.0666   11.15114   3.957969 4.5248e-14    27.1337    27.1291 1.0000e-12    203.000          1      16445    1497.27 2.2100e+03  54976.546    685.146 1621784728      -0.02      0.450   39.01910  -72.55400 0.0000e+00
    201.857    10.9883    35.4513  1028.0437     1.5422     3.2797     53.079   -0.00159    6.17893    6.18080      7.900    -0.0540   11.16879   3.956576 4.5269e-14    27.1339    27.1293 1.0000e-12    203.500          1      16485    1497.23 2.2090e+03  54975.462    686.845 1621784729      -0.10      0.304   39.01908  -72.55400 0.0000e+00
    202.349    10.9619    35.4472  1028.0477     1.5393     3.2655     52.881   -0.00216    6.17519    6.17700      7.899    -0.0655   11.16257   3.953443 4.5384e-14    27.1355    27.1309 1.0000e-12    204.000          1      16517    1497.14 2.2034e+03  54974.999    688.163 1621784731       0.19      0.309   39.01908  -72.55400 0.0000e+00
    202.855    10.9157    35.4415  1028.0541     1.5379     3.2605     52.811   -0.00214    6.17393    6.17574      7.899    -0.0746   11.16045   3.948167 4.5416e-14    27.1394    27.1349 1.0000e-12    204.500          1      16535    1496.98 2.2019e+03  54976.285    688.932 1621784732       0.25      0.511   39.01908  -72.55401 0.0000e+00
    203.353    10.8941    35.4394  1028.0587     1.5353     3.2631     52.732   -0.00171    6.18820    6.19019      7.898    -0.0537   11.18419   3.946383 4.5471e-14    27.1417    27.1372 1.0000e-12    205.000          1      16593    1496.91 2.1992e+03  54977.639    691.315 1621784734       0.13      0.374   39.01908  -72.55401 0.0000e+00
    203.839    10.8112    35.4265  1028.0662     1.5270     3.2373     52.147   -0.00387    6.20815    6.21041      7.893    -0.0687   11.21737   3.936577 4.5538e-14    27.1466    27.1421 1.0000e-12    205.500          1      16670    1496.62 2.1959e+03  54975.872    694.559 1621784737       0.00      0.262   39.01908  -72.55400 0.0000e+00
    204.333    10.7234    35.4194  1028.0791     1.5219     3.2186     51.875   -0.00404    6.20458    6.20679      7.890    -0.0671   11.21146   3.927661 4.5600e-14    27.1569    27.1524 1.0000e-12    206.000          1      16699    1496.30 2.1930e+03  54983.143    695.762 1621784738       0.19      0.321   39.01908  -72.55401 0.0000e+00
    204.842    10.6861    35.4152  1028.0849     1.5195     3.2161     51.802   -0.00357    6.20844    6.21070      7.891    -0.0546   11.21789   3.923697 4.5664e-14    27.1603    27.1558 1.0000e-12    206.500          1      16720    1496.18 2.1899e+03  54984.810    696.631 1621784739       0.15      0.512   39.01908  -72.55402 0.0000e+00
    205.323    10.6833    35.4100  1028.0836     1.5139     3.2125     51.660   -0.00211    6.21843    6.22082      7.889    -0.0590   11.23446   3.923130 4.5671e-14    27.1567    27.1522 1.0000e-12    207.000          1      16782    1496.17 2.1895e+03  54978.381    699.222 1621784742       0.08      0.116   39.01908  -72.55402 0.0000e+00
    205.826    10.6322    35.4074  1028.0932     1.5113     3.2009     51.483   -0.00267    6.21740    6.21978      7.887    -0.0524   11.23276   3.917892 4.5753e-14    27.1638    27.1593 1.0000e-12    207.500          1      16806    1495.99 2.1856e+03  54985.105    700.204 1621784743       0.39      0.389   39.01908  -72.55402 0.0000e+00
    206.324    10.6057    35.4047  1028.0982     1.5098     3.1988     51.442   -0.00228    6.21843    6.22083      7.886    -0.0524   11.23445   3.915305 4.5845e-14    27.1665    27.1620 1.0000e-12    208.000          1      16827    1495.91 2.1812e+03  54986.856    701.078 1621784744       0.07      0.581   39.01908  -72.55402 0.0000e+00
    206.818    10.5987    35.4039  1028.1011     1.5076     3.1991     51.409   -0.00145    6.22289    6.22535 -9.990e-29    -0.0524   11.24190   3.914716 4.5790e-14    27.1671    27.1626 1.0000e-12    208.500          1      16868    1495.89 2.1839e+03  54987.348    702.775 1621784745      -0.16      0.349   39.01906  -72.55402 0.0000e+00
    207.313    10.5760    35.3999  1028.1043     1.5049     3.1936     51.295   -0.00127    6.22601    6.22851      7.886    -0.0467   11.24708   3.912090 4.5850e-14    27.1680    27.1635 1.0000e-12    209.000          1      16920    1495.81 2.1810e+03  54986.569    704.978 1621784748       0.16      0.216   39.01906  -72.55402 0.0000e+00
    207.808    10.5405    35.3948  1028.1091     1.5031     3.1972     51.269   -0.00071    6.23625    6.23889      7.885    -0.0409   11.26410   3.908324 4.5836e-14    27.1704    27.1659 1.0000e-12    209.500          1      16980    1495.69 2.1817e+03  54986.796    707.458 1621784750      -0.05      0.195   39.01906  -72.55402 0.0000e+00
    208.301    10.4905    35.3899  1028.1165     1.5004     3.1931     51.096   -0.00133    6.24928    6.25210      7.882    -0.0532   11.28573   3.902935 4.5973e-14    27.1753    27.1709 1.0000e-12    210.000          1      17034    1495.51 2.1752e+03  54990.092    709.717 1621784752       0.05      0.243   39.01906  -72.55402 0.0000e+00
    208.794    10.4544    35.3863  1028.1225     1.4996     3.1964     51.097   -0.00094    6.25552    6.25843 -9.990e-29    -0.0394   11.29609   3.899024 4.6027e-14    27.1789    27.1745 1.0000e-12    210.500          1      17062    1495.39 2.1726e+03  54992.557    710.883 1621784753       0.18      0.343   39.01906  -72.55402 0.0000e+00
    209.294    10.4176    35.3825  1028.1284     1.4991     3.1965     51.094   -0.00067    6.25615    6.25907 -9.990e-29    -0.0588   11.29714   3.895050 4.5937e-14    27.1825    27.1780 1.0000e-12    211.000          1      17080    1495.26 2.1769e+03  54994.964    711.630 1621784754       0.25      0.521   39.01906  -72.55402 0.0000e+00
    209.796    10.3940    35.3801  1028.1331     1.4993     3.1994     51.135   -0.00037    6.25672    6.25964 -9.990e-29    -0.0656   11.29808   3.892467 4.5885e-14    27.1847    27.1803 1.0000e-12    211.500          1      17097    1495.18 2.1793e+03  54996.629    712.352 1621784755       0.12      0.659   39.01906  -72.55402 0.0000e+00
    210.290    10.3397    35.3755  1028.1415     1.4999     3.1985     51.225    0.00041    6.24414    6.24688      7.881    -0.0544   11.27725   3.886945 4.5874e-14    27.1907    27.1862 1.0000e-12    212.000          1      17122    1494.99 2.1799e+03  55001.418    713.367 1621784756      -0.16      0.601   39.01906  -72.55402 0.0000e+00
