CalculateIndicators/WaterTemperature/Data/CTD_NYOS/20210323_C21.cnv
* Sea-Bird SBE 9 Data File:
* FileName = C:\Seabird 9 CTD\Data\2021\202103_offshore\20210323_C21.hex
* Software Version Seasave V 7.23.2
* Temperature SN = 4590
* Conductivity SN = 3228
* Number of Bytes Per Scan = 44
* Number of Voltage Words = 5
* Number of Scans Averaged by the Deck Unit = 1
* NMEA Latitude = 39 19.78 N
* NMEA Longitude = 072 40.48 W
* NMEA UTC (Time) = Mar 23 2021  22:32:47
* NMEA baud rate = 4800
** Ship: RV Seawolf
** Station: 5.5
** Operator: TDK
# nquan = 31
# nvalues = 216                         
# units = specified
# name 0 = depSM: Depth [salt water, m]
# name 1 = t090C: Temperature [ITS-90, deg C]
# name 2 = sal00: Salinity, Practical [PSU]
# name 3 = density00: Density [density, kg/m^3]
# name 4 = sbeox0V: Oxygen raw, SBE 43 [V]
# name 5 = sbeox0ML/L: Oxygen, SBE 43 [ml/l]
# name 6 = sbeox0PS: Oxygen, SBE 43 [% saturation]
# name 7 = sbox0dV/dT: Oxygen, SBE 43 [dov/dt]
# name 8 = oxsolML/L: Oxygen Saturation, Garcia & Gordon [ml/l]
# name 9 = oxsatML/L: Oxygen Saturation, Weiss [ml/l]
# name 10 = ph: pH
# name 11 = flECO-AFL: Fluorescence, WET Labs ECO-AFL/FL [mg/m^3]
# name 12 = n2satML/L: Nitrogen Saturation [ml/l]
# name 13 = c0S/m: Conductivity [S/m]
# name 14 = cpar: CPAR/Corrected Irradiance [%]
# name 15 = sigma-é00: Density [sigma-theta, kg/m^3]
# name 16 = sigma-t00: Density [sigma-t, kg/m^3 ]
# name 17 = par: PAR/Irradiance, Biospherical/Licor
# name 18 = prDM: Pressure, Digiquartz [db]
# name 19 = pumps: Pump Status
# name 20 = scan: Scan Count
# name 21 = svCM: Sound Velocity [Chen-Millero, m/s]
# name 22 = spar: SPAR, Biospherical/Licor
# name 23 = specc: Specific Conductance [uS/cm]
# name 24 = timeS: Time, Elapsed [seconds]
# name 25 = timeY: Time, System [seconds]
# name 26 = accM: Acceleration [m/s^2]
# name 27 = dz/dtM: Descent Rate [m/s]
# name 28 = latitude: Latitude [deg]
# name 29 = longitude: Longitude [deg]
# name 30 = flag: flag
# span 0 =      1.944,    109.147       
# span 1 =     9.5425,    12.3257       
# span 2 =    34.0849,    35.1426       
# span 3 =  1026.3227,  1027.1294       
# span 4 =     2.1502,     2.6082       
# span 5 =     4.9577,     6.7152       
# span 6 =     82.479,    104.924       
# span 7 =   -0.01883,    0.01171       
# span 8 =    6.00539,    6.41557       
# span 9 =    6.00463,    6.41957       
# span 10 =      8.495,      8.588      
# span 11 =     0.0937,     0.8888      
# span 12 =   10.88517,   11.57569      
# span 13 =   3.677306,   4.050993      
# span 14 = 3.4041e-13, 1.0543e+01      
# span 15 =    26.3133,    26.6398      
# span 16 =    26.3131,    26.6370      
# span 17 = 1.0000e-12, 3.6506e+01      
# span 18 =      2.000,    110.000      
# span 19 =          1,          1      
# span 20 =        135,      25948      
# span 21 =    1487.10,    1499.92      
# span 22 = 9.9775e+01, 4.1538e+02      
# span 23 =  53225.172,  54260.136      
# span 24 =      5.593,   1081.122      
# span 25 = 1616538773, 1616539849      
# span 26 =      -1.05,       0.97      
# span 27 =     -1.738,      1.421      
# span 28 =   39.32827,   39.32980      
# span 29 =  -72.67951,  -72.67479      
# span 30 = 0.0000e+00, 0.0000e+00      
# interval = decibars: 1                
# start_time = Mar 23 2021 22:32:48 [System UTC, first data scan.]
# bad_flag = -9.990e-29
*END*
[from data line 141]
     76.388    10.2493    34.4407  1026.8204     2.3894     5.9430     94.323   -0.00093    6.30359    6.30632 -9.990e-29     0.1619   11.38645   3.780958 5.5537e-13    26.4740    26.4724 1.0000e-12     77.000          1      13100    1491.31 1.8007e+02  53629.325    545.771 1616539313      -0.38     -1.047   39.32894  -72.67715 0.0000e+00
     75.398    10.2486    34.4339  1026.8108     2.3873     5.9358     94.195   -0.00122    6.30592    6.30868      8.545     0.1072   11.39038   3.780143 5.5804e-13    26.4688    26.4673 1.0000e-12     76.000          1      13169    1491.28 1.7926e+02  53619.413    548.656 1616539316       0.13     -0.878   39.32894  -72.67717 0.0000e+00
     74.402    10.2427    34.4305  1026.8047     2.3838     5.9247     93.947   -0.00186    6.31238    6.31521      8.543     0.1544   11.40125   3.779145 5.6174e-13    26.4672    26.4657 1.0000e-12     75.000          1      13262    1491.24 1.7804e+02  53615.243    552.523 1616539320      -0.22     -1.160   39.32893  -72.67718 0.0000e+00
     73.423    10.1944    34.4118  1026.7940     2.3810     5.9296     93.864   -0.00121    6.31382    6.31667      8.543     0.1838   11.40367   3.772609 5.5795e-13    26.4609    26.4594 1.0000e-12     74.000          1      13334    1491.03 1.7925e+02  53597.844    555.533 1616539323       0.32     -0.482   39.32892  -72.67719 0.0000e+00
     72.425    10.1627    34.4028  1026.7879     2.3800     5.9559     93.906   -0.00006    6.33046    6.33352      8.546     0.1520   11.43151   3.768474 5.6404e-13    26.4593    26.4578 1.0000e-12     73.000          1      13464    1490.89 1.7730e+02  53590.886    560.938 1616539329      -0.86     -0.982   39.32892  -72.67722 0.0000e+00
     71.425    10.1369    34.3968  1026.7831     2.3817     5.9737     94.071    0.00088    6.33042    6.33348      8.547     0.1317   11.43146   3.765576 5.5738e-13    26.4590    26.4575 1.0000e-12     72.000          1      13486    1490.77 1.7941e+02  53586.900    561.855 1616539329      -0.00     -1.295   39.32892  -72.67722 0.0000e+00
     70.442    10.0417    34.3713  1026.7751     2.3887     6.0196     94.572    0.00266    6.34242    6.34564      8.547     0.1666   11.45154   3.753527 5.6259e-13    26.4553    26.4539 1.0000e-12     71.000          1      13603    1490.38 1.7777e+02  53569.285    566.749 1616539334      -0.08     -0.739   39.32890  -72.67725 0.0000e+00
     69.442     9.9651    34.3527  1026.7692     2.3933     6.0467     94.889    0.00361    6.35896    6.36238      8.548     0.1133   11.47922   3.744816 5.6127e-13    26.4537    26.4524 1.0000e-12     70.000          1      13694    1490.07 1.7817e+02  53558.067    570.525 1616539338      -0.30     -1.261   39.32890  -72.67726 0.0000e+00
     68.459     9.9237    34.3447  1026.7656     2.3981     6.0549     95.132    0.00367    6.35815    6.36156      8.549     0.1215   11.47787   3.740226 5.5785e-13    26.4545    26.4532 1.0000e-12     69.000          1      13728    1489.89 1.7926e+02  53554.563    571.973 1616539340       0.39     -0.957   39.32890  -72.67727 0.0000e+00
     67.466     9.8771    34.3284  1026.7562     2.4052     6.0657     95.331    0.00205    6.35707    6.36046      8.550     0.0937   11.47608   3.734202 5.6670e-13    26.4496    26.4483 1.0000e-12     68.000          1      13840    1489.69 1.7646e+02  53540.454    576.628 1616539344      -0.25     -0.613   39.32889  -72.67729 0.0000e+00
     66.473     9.8662    34.3243  1026.7504     2.4071     6.0698     95.294    0.00077    6.36282    6.36628      8.549     0.1206   11.48569   3.733108 5.6268e-13    26.4482    26.4469 1.0000e-12     67.000          1      13941    1489.63 1.7772e+02  53536.251    580.836 1616539348      -0.32     -1.242   39.32888  -72.67730 0.0000e+00
     65.475     9.8564    34.3231  1026.7465     2.4080     6.0663     95.376    0.00107    6.36295    6.36642      8.550     0.1109   11.48592   3.732098 5.6611e-13    26.4489    26.4477 1.0000e-12     66.000          1      13965    1489.57 1.7667e+02  53535.986    581.841 1616539349       0.23     -1.205   39.32888  -72.67731 0.0000e+00
     64.487     9.8508    34.3205  1026.7409     2.4091     6.0671     95.396    0.00088    6.36367    6.36715      8.548     0.1033   11.48713   3.731386 5.7491e-13    26.4478    26.4466 1.0000e-12     65.000          1      14130    1489.54 1.7395e+02  53532.778    588.696 1616539356      -0.14     -1.096   39.32887  -72.67734 0.0000e+00
     63.488     9.8461    34.3192  1026.7361     2.4096     6.0660     95.400    0.00062    6.36374    6.36722      8.548     0.1159   11.48725   3.730846 5.6855e-13    26.4475    26.4463 1.0000e-12     64.000          1      14190    1489.50 1.7589e+02  53531.218    591.192 1616539359       0.14     -1.321   39.32886  -72.67734 0.0000e+00
     62.496     9.8421    34.3174  1026.7310     2.4103     6.0710     95.399    0.00028    6.36379    6.36727      8.548     0.1341   11.48734   3.730265 5.7300e-13    26.4468    26.4456 1.0000e-12     63.000          1      14442    1489.47 1.7455e+02  53529.004    601.713 1616539369       0.09     -0.907   39.32883  -72.67741 0.0000e+00
     61.505     9.8361    34.3158  1026.7262     2.4111     6.0790     95.414    0.00024    6.36615    6.36965      8.548     0.1113   11.49129   3.729517 5.9533e-13    26.4465    26.4454 1.0000e-12     62.000          1      14871    1489.43 1.6805e+02  53527.301    619.582 1616539387      -0.09     -0.884   39.32882  -72.67749 0.0000e+00
     60.515     9.8154    34.3097  1026.7203     2.4129     6.0898     95.552    0.00085    6.36723    6.37075      8.547     0.1805   11.49309   3.726857 6.0292e-13    26.4452    26.4441 1.0000e-12     61.000          1      15152    1489.33 1.6591e+02  53522.231    631.286 1616539399       0.13     -0.835   39.32880  -72.67754 0.0000e+00
     59.526     9.8085    34.3069  1026.7148     2.4148     6.0943     95.647    0.00100    6.36722    6.37074      8.546     0.1196   11.49309   3.725934 6.0054e-13    26.4442    26.4430 1.0000e-12     60.000          1      16018    1489.28 1.6664e+02  53519.096    667.378 1616539435       0.28     -0.769   39.32877  -72.67772 0.0000e+00
     58.543     9.7991    34.3029  1026.7088     2.4188     6.0985     95.798    0.00072    6.37099    6.37456 -9.990e-29     0.1749   11.49942   3.724746 6.2273e-13    26.4426    26.4415 1.0000e-12     59.000          1      16862    1489.23 1.6059e+02  53514.820    702.549 1616539470      -0.56     -0.583   39.32874  -72.67788 0.0000e+00
     57.537     9.7997    34.3026  1026.7039     2.4189     6.0973     95.743    0.00017    6.37100    6.37457      8.544     0.1697   11.49945   3.724777 6.3021e-13    26.4423    26.4412 1.0000e-12     58.000          1      16939    1489.22 1.5881e+02  53513.667    705.736 1616539473      -0.20     -0.811   39.32874  -72.67789 0.0000e+00
     56.555     9.8020    34.3028  1026.6991     2.4186     6.0951     95.655   -0.00042    6.37003    6.37358      8.544     0.1645   11.49782   3.724938 6.2283e-13    26.4420    26.4409 1.0000e-12     57.000          1      17042    1489.21 1.6058e+02  53512.722    710.027 1616539478       0.10     -0.708   39.32874  -72.67790 0.0000e+00
     55.568     9.8056    34.3035  1026.6946     2.4189     6.0921     95.708    0.00026    6.36553    6.36902      8.543     0.1473   11.49035   3.725321 6.4887e-13    26.4419    26.4409 1.0000e-12     56.000          1      17146    1489.20 1.5446e+02  53512.372    714.379 1616539482      -0.03     -0.251   39.32874  -72.67793 0.0000e+00
     54.574     9.8269    34.3053  1026.6878     2.4180     6.0688     95.622    0.00002    6.36040    6.36382      8.543     0.1706   11.48180   3.727710 6.3949e-13    26.4397    26.4387 1.0000e-12     55.000          1      17233    1489.27 1.5642e+02  53509.872    718.017 1616539486      -0.26     -0.504   39.32873  -72.67794 0.0000e+00
     53.578     9.8640    34.3097  1026.6804     2.4149     6.0640     95.336   -0.00158    6.36119    6.36463      8.544     0.1752   11.48312   3.731452 6.2751e-13    26.4369    26.4359 1.0000e-12     54.000          1      17280    1489.39 1.5941e+02  53507.882    719.949 1616539488       0.05     -0.567   39.32872  -72.67795 0.0000e+00
     52.586     9.8532    34.3098  1026.6779     2.4133     6.0923     95.368   -0.00031    6.38246    6.38617      8.544     0.1666   11.51867   3.729933 6.6623e-13    26.4388    26.4378 1.0000e-12     53.000          1      17400    1489.33 1.5014e+02  53509.565    724.946 1616539493      -0.56     -0.678   39.32872  -72.67798 0.0000e+00
     51.594     9.7720    34.2894  1026.6711     2.4179     6.1254     95.769    0.00168    6.38390    6.38762      8.545     0.1741   11.52111   3.720195 6.3977e-13    26.4365    26.4355 1.0000e-12     52.000          1      17456    1489.00 1.5640e+02  53497.006    727.310 1616539495       0.09     -0.493   39.32872  -72.67798 0.0000e+00
     50.619     9.6931    34.2665  1026.6621     2.4288     6.1465     96.082   -0.00063    6.39399    6.39784      8.549     0.3142   11.53804   3.710914 7.0322e-13    26.4318    26.4308 1.0000e-12     51.000          1      17639    1488.67 1.4183e+02  53480.347    734.934 1616539503      -0.24      0.007   39.32871  -72.67801 0.0000e+00
     49.614     9.6869    34.2637  1026.6563     2.4277     6.1644     96.190    0.00118    6.39505    6.39892      8.549     0.3258   11.53981   3.709779 6.9754e-13    26.4305    26.4296 1.0000e-12     50.000          1      17638    1488.63 1.4338e+02  53477.013    734.881 1616539502      -0.61     -0.685   39.32870  -72.67800 0.0000e+00
     48.609     9.6644    34.2571  1026.6503     2.4313     6.1779     96.457    0.00214    6.39470    6.39856      8.549     0.3347   11.53922   3.707008 6.4821e-13    26.4291    26.4282 1.0000e-12     49.000          1      17671    1488.52 1.5447e+02  53471.757    736.236 1616539504       0.02     -0.949   39.32870  -72.67801 0.0000e+00
     47.630     9.6385    34.2499  1026.6446     2.4391     6.1836     96.679    0.00065    6.39980    6.40372      8.549     0.3901   11.54774   3.704004 6.5985e-13    26.4278    26.4269 1.0000e-12     48.000          1      17823    1488.40 1.5160e+02  53466.433    742.563 1616539510      -0.44     -0.764   39.32870  -72.67804 0.0000e+00
     46.630     9.6255    34.2470  1026.6399     2.4390     6.1871     96.632    0.00010    6.39942    6.40334      8.549     0.4613   11.54711   3.702477 6.4174e-13    26.4276    26.4268 1.0000e-12     47.000          1      17848    1488.33 1.5583e+02  53464.367    743.610 1616539511      -0.03     -0.993   39.32869  -72.67805 0.0000e+00
     45.638     9.6104    34.2441  1026.6356     2.4402     6.1917     96.687    0.00001    6.39929    6.40320      8.549     0.4108   11.54689   3.700783 6.5402e-13    26.4279    26.4270 1.0000e-12     46.000          1      17925    1488.26 1.5308e+02  53462.796    746.844 1616539514       0.08     -0.773   39.32868  -72.67807 0.0000e+00
     44.641     9.6094    34.2421  1026.6296     2.4410     6.1930     96.678   -0.00025    6.39991    6.40384      8.549     0.3613   11.54795   3.700556 6.5176e-13    26.4264    26.4256 1.0000e-12     45.000          1      18023    1488.24 1.5347e+02  53459.523    750.932 1616539519      -0.17     -1.187   39.32868  -72.67808 0.0000e+00
     43.653     9.6088    34.2417  1026.6250     2.4432     6.1971     96.853    0.00068    6.40022    6.40415      8.550     0.3678   11.54847   3.700463 6.6280e-13    26.4262    26.4254 1.0000e-12     44.000          1      18134    1488.22 1.5106e+02  53458.504    755.535 1616539523      -0.03     -0.697   39.32867  -72.67811 0.0000e+00
     42.663     9.6068    34.2410  1026.6202     2.4448     6.2007     96.894    0.00040    6.40034    6.40427      8.550     0.3120   11.54867   3.700179 7.7761e-04    26.4260    26.4252 1.1977e-03     43.000          1      18234    1488.19 1.5316e+02  53457.254    759.708 1616539527       0.09     -0.645   39.32866  -72.67812 0.0000e+00
     41.678     9.6052    34.2405  1026.6156     2.4468     6.2070     96.983    0.00040    6.40061    6.40455      8.550     0.3806   11.54913   3.699961 4.8281e-03    26.4258    26.4251 7.1063e-03     42.000          1      18360    1488.17 1.4618e+02  53456.269    764.958 1616539533      -0.01     -0.125   39.32866  -72.67815 0.0000e+00
     40.694     9.6041    34.2400  1026.6108     2.4462     6.1939     96.800   -0.00115    6.40166    6.40561      8.550     0.3933   11.55088   3.699745 2.0198e-02    26.4256    26.4248 3.0426e-02     41.000          1      18488    1488.15 1.5075e+02  53455.052    770.273 1616539538      -0.40     -0.419   39.32864  -72.67816 0.0000e+00
     39.681     9.6009    34.2393  1026.6062     2.4453     6.1957     96.772   -0.00104    6.40149    6.40543      8.550     0.3991   11.55059   3.699331 3.4216e-02    26.4256    26.4249 4.8791e-02     40.000          1      18509    1488.12 1.4352e+02  53454.174    771.163 1616539539      -0.26     -0.849   39.32864  -72.67818 0.0000e+00
     38.696     9.5971    34.2383  1026.6016     2.4456     6.2105     96.863    0.00005    6.40208    6.40603      8.550     0.3447   11.55157   3.698832 4.9315e-02    26.4254    26.4247 7.2113e-02     39.000          1      18653    1488.09 1.4579e+02  53452.938    777.150 1616539545      -0.33     -0.736   39.32862  -72.67820 0.0000e+00
     37.694     9.5939    34.2372  1026.5967     2.4482     6.2206     97.065    0.00098    6.40239    6.40635      8.551     0.3349   11.55211   3.698393 7.0076e-02    26.4251    26.4244 1.0099e-01     38.000          1      18746    1488.06 1.4465e+02  53451.385    781.024 1616539549      -0.08     -0.776   39.32862  -72.67821 0.0000e+00
     36.719     9.5896    34.2357  1026.5918     2.4545     6.2347     97.347    0.00093    6.40306    6.40702      8.552     0.4316   11.55323   3.697821 9.2962e-02    26.4246    26.4239 1.3459e-01     37.000          1      18914    1488.03 1.4479e+02  53449.518    788.031 1616539556       0.02     -0.138   39.32860  -72.67825 0.0000e+00
     35.720     9.5885    34.2352  1026.5870     2.4573     6.2483     97.516    0.00132    6.40315    6.40711      8.554     0.3645   11.55337   3.697623 1.2279e-01    26.4243    26.4237 1.7318e-01     36.000          1      18976    1488.00 1.4127e+02  53448.405    790.646 1616539558      -0.12     -0.413   39.32860  -72.67826 0.0000e+00
     34.726     9.5869    34.2343  1026.5820     2.4634     6.2684     97.801    0.00129    6.40312    6.40708      8.554     0.5074   11.55334   3.697361 1.5012e-01    26.4239    26.4233 2.1156e-01     35.000          1      19100    1487.98 1.4093e+02  53446.897    795.794 1616539563      -0.27     -0.367   39.32859  -72.67827 0.0000e+00
     33.738     9.5883    34.2340  1026.5770     2.4702     6.2958     98.157    0.00171    6.40296    6.40692      8.559     0.4808   11.55308   3.697421 1.8113e-01    26.4234    26.4228 2.5645e-01     34.000          1      19223    1487.97 1.4155e+02  53445.505    800.929 1616539569      -0.02     -0.282   39.32858  -72.67830 0.0000e+00
     32.741     9.5896    34.2336  1026.5719     2.4814     6.3344     98.795    0.00277    6.40302    6.40698      8.559     0.4057   11.55318   3.697454 2.1637e-01    26.4228    26.4222 3.0241e-01     33.000          1      19352    1487.96 1.3983e+02  53443.966    806.281 1616539574      -0.32     -0.320   39.32857  -72.67831 0.0000e+00
     31.754     9.5888    34.2330  1026.5671     2.4909     6.3689     99.350    0.00387    6.40312    6.40708      8.562     0.4291   11.55335   3.697267 2.4627e-01    26.4225    26.4219 3.4861e-01     32.000          1      19453    1487.94 1.4160e+02  53442.657    810.499 1616539578       0.12     -0.479   39.32856  -72.67832 0.0000e+00
