CalculateIndicators/WaterTemperature/Data/CTD_NYOS/20210524_C27.cnv
* Sea-Bird SBE 9 Data File:
* FileName = C:\Seabird 9 CTD\Data\2021\202105_offshore\20210524_C27.hex
* Software Version Seasave V 7.23.2
* Temperature SN = 4590
* Conductivity SN = 3228
* Number of Bytes Per Scan = 44
* Number of Voltage Words = 5
* Number of Scans Averaged by the Deck Unit = 1
* NMEA Latitude = 40 06.58 N
* NMEA Longitude = 072 16.25 W
* NMEA UTC (Time) = May 24 2021  19:41:01
* NMEA baud rate = 4800
** Ship: seawolf
** Station: 3.3
** Operator: eih
# nquan = 31
# nvalues = 257                         
# units = specified
# name 0 = depSM: Depth [salt water, m]
# name 1 = t090C: Temperature [ITS-90, deg C]
# name 2 = sal00: Salinity, Practical [PSU]
# name 3 = density00: Density [density, kg/m^3]
# name 4 = sbeox0V: Oxygen raw, SBE 43 [V]
# name 5 = sbeox0ML/L: Oxygen, SBE 43 [ml/l]
# name 6 = sbeox0PS: Oxygen, SBE 43 [% saturation]
# name 7 = sbox0dV/dT: Oxygen, SBE 43 [dov/dt]
# name 8 = oxsolML/L: Oxygen Saturation, Garcia & Gordon [ml/l]
# name 9 = oxsatML/L: Oxygen Saturation, Weiss [ml/l]
# name 10 = ph: pH
# name 11 = flECO-AFL: Fluorescence, WET Labs ECO-AFL/FL [mg/m^3]
# name 12 = n2satML/L: Nitrogen Saturation [ml/l]
# name 13 = c0S/m: Conductivity [S/m]
# name 14 = cpar: CPAR/Corrected Irradiance [%]
# name 15 = sigma-é00: Density [sigma-theta, kg/m^3]
# name 16 = sigma-t00: Density [sigma-t, kg/m^3 ]
# name 17 = par: PAR/Irradiance, Biospherical/Licor
# name 18 = prDM: Pressure, Digiquartz [db]
# name 19 = pumps: Pump Status
# name 20 = scan: Scan Count
# name 21 = svCM: Sound Velocity [Chen-Millero, m/s]
# name 22 = spar: SPAR, Biospherical/Licor
# name 23 = specc: Specific Conductance [uS/cm]
# name 24 = timeS: Time, Elapsed [seconds]
# name 25 = timeY: Time, System [seconds]
# name 26 = accM: Acceleration [m/s^2]
# name 27 = dz/dtM: Descent Rate [m/s]
# name 28 = latitude: Latitude [deg]
# name 29 = longitude: Longitude [deg]
# name 30 = flag: flag
# span 0 =      1.454,     65.008       
# span 1 =     7.7000,    14.2348       
# span 2 =    31.9310,    33.6725       
# span 3 =  1023.7789,  1026.4476       
# span 4 =     2.0806,     2.6673       
# span 5 =     4.7387,     6.9457       
# span 6 =     79.272,    108.202       
# span 7 =   -0.03904,    0.09296       
# span 8 =    5.87831,    6.72208       
# span 9 =    5.87408,    6.72966       
# span 10 =      7.902,      8.102      
# span 11 =     0.0078,     0.7548      
# span 12 =   10.70602,   12.09296      
# span 13 =   3.427178,   3.926764      
# span 14 = 4.1522e-02, 3.6099e+01      
# span 15 =    23.7723,    26.1499      
# span 16 =    23.7723,    26.1489      
# span 17 = 8.0423e-01, 4.8585e+02      
# span 18 =      1.500,     65.500      
# span 19 =          1,          1      
# span 20 =        465,      19465      
# span 21 =    1479.88,    1501.15      
# span 22 = 1.1283e+03, 2.3348e+03      
# span 23 =  49497.083,  52902.521      
# span 24 =     19.323,    810.980      
# span 25 = 1621885278, 1621886069      
# span 26 =      -1.04,       1.48      
# span 27 =     -1.282,      1.376      
# span 28 =   40.10972,   40.10990      
# span 29 =  -72.27371,  -72.27098      
# span 30 = 0.0000e+00, 0.0000e+00      
# interval = decibars: 0.5              
# start_time = May 24 2021 19:40:59 [System UTC, first data scan.]
# bad_flag = -9.990e-29
*END*
[from data line 188]
     35.233     8.4404    32.8676  1025.6966     2.5115     6.6596    100.807    0.00576    6.60624    6.61171      8.038     0.3859   11.90591   3.462668 1.0845e+00    25.5349    25.5344 2.4686e+01     35.500          1      12322    1482.08 2.2762e+03  51768.215    513.382 1621885772      -0.42     -0.354   40.10990  -72.27272 0.0000e+00
     34.728     8.4728    32.8545  1025.6792     2.5178     6.7015    101.373    0.00842    6.61076    6.61631      8.041     0.4218   11.91334   3.464911 1.1367e+00    25.5198    25.5192 2.5857e+01     35.000          1      12335    1482.17 2.2749e+03  51742.157    513.933 1621885772      -0.46     -0.611   40.10990  -72.27272 0.0000e+00
     34.227     8.5295    32.8355  1025.6533     2.5251     6.7411    101.947    0.01069    6.61239    6.61796      8.043     0.4423   11.91598   3.467728 1.1840e+00    25.4963    25.4957 2.6936e+01     34.500          1      12349    1482.36 2.2749e+03  51702.068    514.485 1621885773      -0.27     -0.816   40.10990  -72.27272 0.0000e+00
     33.729     8.5484    32.8340  1025.6470     2.5324     6.7754    102.437    0.01200    6.61421    6.61981      8.043     0.4175   11.91892   3.469395 1.2462e+00    25.4923    25.4918 2.8380e+01     34.000          1      12365    1482.42 2.2773e+03  51694.730    515.147 1621885774       0.05     -0.870   40.10990  -72.27272 0.0000e+00
     33.234     8.5793    32.8303  1025.6371     2.5435     6.7812    102.664    0.00879    6.60525    6.61070      8.044     0.4027   11.90429   3.471627 1.3279e+00    25.4847    25.4842 3.0170e+01     33.500          1      12424    1482.52 2.2722e+03  51683.239    517.613 1621885776       0.19     -0.615   40.10990  -72.27274 0.0000e+00
     32.751     8.6022    32.8266  1025.6285     2.5604     6.8086    103.262    0.00676    6.59359    6.59887      8.047     0.4404   11.88514   3.473328 1.4289e+00    25.4783    25.4778 3.2195e+01     33.000          1      12532    1482.59 2.2530e+03  51672.153    522.130 1621885781      -0.17     -0.487   40.10990  -72.27276 0.0000e+00
     32.248     8.6329    32.8200  1025.6163     2.5651     6.8307    103.588    0.00774    6.59414    6.59943      8.047     0.4548   11.88603   3.475350 1.5259e+00    25.4684    25.4679 3.4468e+01     32.500          1      12544    1482.69 2.2587e+03  51655.521    522.633 1621885781      -0.24     -0.627   40.10990  -72.27276 0.0000e+00
     31.748     8.6535    32.8191  1025.6102     2.5693     6.8411    103.790    0.00775    6.59129    6.59654      8.049     0.4663   11.88135   3.477154 1.6060e+00    25.4646    25.4641 3.6309e+01     32.000          1      12559    1482.76 2.2610e+03  51649.779    523.239 1621885782      -0.17     -0.760   40.10990  -72.27276 0.0000e+00
     31.244     8.6613    32.8194  1025.6069     2.5730     6.8422    103.838    0.00627    6.58928    6.59449      8.049     0.4623   11.87806   3.477671 1.6576e+00    25.4636    25.4632 3.7349e+01     31.500          1      12578    1482.78 2.2533e+03  51647.925    524.030 1621885783       0.11     -0.764   40.10990  -72.27276 0.0000e+00
     30.766     8.7285    32.8117  1025.5884     2.5897     6.8642    104.360    0.00343    6.57742    6.58247      8.051     0.4511   11.85846   3.482963 1.7294e+00    25.4473    25.4468 3.8414e+01     31.000          1      12699    1483.01 2.2212e+03  51621.998    529.071 1621885788      -0.34     -0.335   40.10990  -72.27278 0.0000e+00
     30.263     8.7651    32.8102  1025.5793     2.5913     6.8661    104.437    0.00344    6.57445    6.57945      8.051     0.4536   11.85351   3.486328 1.8207e+00    25.4406    25.4401 4.0683e+01     30.500          1      12713    1483.14 2.2344e+03  51611.889    529.651 1621885788      -0.31     -0.580   40.10990  -72.27278 0.0000e+00
     29.757     8.7777    32.8113  1025.5758     2.5926     6.8576    104.407    0.00255    6.56820    6.57311      8.051     0.4624   11.84320   3.487262 1.8869e+00    25.4395    25.4390 4.2404e+01     30.000          1      12730    1483.18 2.2472e+03  51610.028    530.376 1621885789      -0.07     -0.715   40.10990  -72.27278 0.0000e+00
     29.272     8.8345    32.8125  1025.5658     2.5996     6.8544    104.628    0.00172    6.55126    6.55592      8.052     0.3794   11.81522   3.492395 2.0792e+00    25.4317    25.4312 4.6884e+01     29.500          1      12819    1483.38 2.2549e+03  51599.193    534.096 1621885793      -0.22     -0.305   40.10990  -72.27280 0.0000e+00
     28.776     8.8657    32.8100  1025.5567     2.6041     6.8722    104.905    0.00249    6.55085    6.55552      8.053     0.3498   11.81451   3.495101 2.1188e+00    25.4249    25.4245 4.7812e+01     29.000          1      12855    1483.49 2.2566e+03  51588.836    535.583 1621885794      -0.35     -0.497   40.10990  -72.27280 0.0000e+00
     28.279     8.8844    32.8100  1025.5515     2.6051     6.8894    105.032    0.00317    6.55932    6.56410      8.054     0.3830   11.82850   3.496482 2.2263e+00    25.4220    25.4215 5.0180e+01     28.500          1      12871    1483.55 2.2540e+03  51584.389    536.252 1621885795      -0.15     -0.665   40.10990  -72.27280 0.0000e+00
     27.780     8.9242    32.8118  1025.5444     2.6048     6.8782    104.886    0.00164    6.55780    6.56257      8.055     0.3906   11.82595   3.501129 2.3758e+00    25.4172    25.4168 5.3490e+01     28.000          1      12888    1483.69 2.2515e+03  51578.462    536.958 1621885795      -0.02     -0.715   40.10990  -72.27280 0.0000e+00
     27.277     9.0039    32.8092  1025.5276     2.6051     6.8596    104.721   -0.00015    6.55034    6.55500      8.054     0.3607   11.81368   3.507141 2.4912e+00    25.4027    25.4023 5.6033e+01     27.500          1      12924    1483.97 2.2493e+03  51556.809    538.466 1621885797       0.05     -0.642   40.10990  -72.27280 0.0000e+00
     26.792     9.0660    32.8094  1025.5159     2.6162     6.9011    105.624    0.00434    6.53365    6.53808      8.057     0.3402   11.78612   3.513491 2.7586e+00    25.3932    25.3928 6.2033e+01     27.000          1      13045    1484.20 2.2487e+03  51544.205    543.493 1621885802      -0.66     -0.673   40.10990  -72.27282 0.0000e+00
     26.289     9.1078    32.8042  1025.5028     2.6167     6.9063    105.620    0.00385    6.53887    6.54337      8.057     0.3435   11.79476   3.515898 2.8263e+00    25.3825    25.3821 6.3535e+01     26.500          1      13057    1484.34 2.2480e+03  51527.436    543.981 1621885803      -0.47     -0.924   40.10990  -72.27282 0.0000e+00
     25.782     9.1243    32.8010  1025.4954     2.6175     6.9046    105.551    0.00254    6.54147    6.54601      8.056     0.3263   11.79895   3.517086 2.8877e+00    25.3775    25.3770 6.4773e+01     26.000          1      13069    1484.38 2.2431e+03  51519.358    544.508 1621885803      -0.10     -1.062   40.10990  -72.27282 0.0000e+00
     25.296     9.1827    32.8016  1025.4844     2.6275     6.8931    105.924    0.00208    6.50762    6.51165      8.058     0.3240   11.74325   3.522261 2.9771e+00    25.3687    25.3683 6.4992e+01     25.500          1      13241    1484.59 2.1832e+03  51508.031    551.650 1621885810       0.10     -0.506   40.10990  -72.27285 0.0000e+00
     24.802     9.3490    32.7863  1025.4437     2.6444     6.9326    106.714    0.00183    6.49649    6.50037      8.061     0.2984   11.72490   3.535438 3.2361e+00    25.3304    25.3299 6.9236e+01     25.000          1      13652    1485.18 2.1401e+03  51451.740    568.774 1621885827       0.08     -0.360   40.10990  -72.27291 0.0000e+00
     24.311     9.5223    32.7675  1025.3988     2.6608     6.9457    107.578    0.00364    6.45648    6.45977      8.062     0.2862   11.65913   3.549376 3.4541e+00    25.2878    25.2874 7.8613e+01     24.500          1      14752    1485.78 2.2761e+03  51390.105    614.643 1621885873      -0.31     -0.586   40.10988  -72.27304 0.0000e+00
     23.812     9.6085    32.7467  1025.3663     2.6570     6.9092    107.113    0.00054    6.45038    6.45358      8.062     0.2966   11.64912   3.555570 3.7468e+00    25.2576    25.2572 8.5180e+01     24.000          1      14748    1486.06 2.2734e+03  51343.772    614.450 1621885873      -0.11     -0.715   40.10988  -72.27304 0.0000e+00
     23.308     9.7212    32.7318  1025.3340     2.6538     6.8693    106.613   -0.00330    6.44326    6.44635      8.062     0.2717   11.63743   3.563969 3.9394e+00    25.2276    25.2272 8.9564e+01     23.500          1      14773    1486.45 2.2735e+03  51299.733    615.497 1621885874       0.07     -0.675   40.10988  -72.27304 0.0000e+00
     22.837     9.7842    32.7310  1025.3208     2.6542     6.8470    107.012    0.00245    6.39834    6.40078      8.055     0.2714   11.56356   3.568522 4.1752e+00    25.2167    25.2162 9.4233e+01     23.000          1      14922    1486.67 2.2568e+03  51286.347    621.728 1621885880      -0.05     -0.008   40.10988  -72.27306 0.0000e+00
     22.330     9.8060    32.7288  1025.3132     2.6558     6.8457    107.054    0.00210    6.39459    6.39698      8.056     0.2709   11.55744   3.571059 4.2168e+00    25.2113    25.2109 9.5346e+01     22.500          1      14920    1486.74 2.2611e+03  51278.885    621.636 1621885880      -0.49     -0.336   40.10988  -72.27306 0.0000e+00
     21.825     9.8856    32.7132  1025.2856     2.6575     6.8543    107.124    0.00182    6.39839    6.40084      8.052     0.2787   11.56370   3.576447 4.3628e+00    25.1861    25.1857 9.8645e+01     22.000          1      14935    1487.00 2.2611e+03  51240.878    622.235 1621885881      -0.43     -0.636   40.10988  -72.27306 0.0000e+00
     21.326     9.9321    32.7131  1025.2754     2.6554     6.7859    106.831    0.00056    6.35195    6.35374      8.050     0.2770   11.48736   3.580719 4.7710e+00    25.1782    25.1778 1.0798e+02     21.500          1      14953    1487.15 2.2633e+03  51231.653    623.008 1621885882       0.04     -0.761   40.10988  -72.27306 0.0000e+00
     20.836    10.3145    32.6640  1025.1705     2.6498     6.7354    106.052   -0.00534    6.35113    6.35291      8.050     0.2571   11.48601   3.609973 4.9563e+00    25.0757    25.0753 1.1196e+02     21.000          1      15019    1488.46 2.2589e+03  51091.832    625.758 1621885884       0.05     -0.256   40.10988  -72.27308 0.0000e+00
     20.347    10.2713    32.6736  1025.1833     2.6450     6.7477    106.316    0.00088    6.34675    6.34847      8.044     0.2786   11.47876   3.606593 5.1189e+00    25.0907    25.0904 1.1515e+02     20.500          1      15090    1488.31 2.2495e+03  51113.120    628.725 1621885887      -0.09     -0.224   40.10988  -72.27308 0.0000e+00
     19.843    10.3307    32.6648  1025.1640     2.6468     6.7636    106.582    0.00307    6.34590    6.34760      8.039     0.2850   11.47734   3.611539 5.1618e+00    25.0737    25.0733 1.1675e+02     20.000          1      15112    1488.51 2.2617e+03  51088.613    629.630 1621885888      -0.22     -0.384   40.10988  -72.27308 0.0000e+00
     19.353    10.4107    32.6566  1025.1418     2.6589     6.7046    107.337    0.00749    6.24639    6.24665      8.028     0.2393   11.31468   3.618166 5.4656e+00    25.0538    25.0534 1.2371e+02     19.500          1      15159    1488.78 2.2634e+03  51062.824    631.585 1621885890       0.07     -0.250   40.10988  -72.27309 0.0000e+00
     18.859    10.5818    32.6184  1025.0803     2.6673     6.8169    108.202    0.01173    6.30018    6.30122      8.025     0.2448   11.40260   3.632866 5.6211e+00    24.9946    24.9943 1.2720e+02     19.000          1      15193    1489.33 2.2629e+03  50981.977    632.983 1621885891      -0.46     -0.252   40.10988  -72.27310 0.0000e+00
     18.348    11.1375    32.4770  1024.8705     2.6486     6.6527    105.870   -0.00531    6.28381    6.28459      8.027     0.2332   11.37605   3.667831 5.8577e+00    24.7873    24.7869 1.3294e+02     18.500          1      15208    1491.12 2.2694e+03  50682.678    633.623 1621885892      -0.40     -0.574   40.10988  -72.27310 0.0000e+00
     17.855    11.1989    32.4990  1024.8745     2.6536     6.5495    106.399    0.00155    6.15697    6.15607      8.019     0.2011   11.16739   3.675435 5.7099e+00    24.7936    24.7932 1.2949e+02     18.000          1      15279    1491.35 2.2675e+03  50705.861    636.603 1621885895      -0.21     -0.378   40.10988  -72.27310 0.0000e+00
     17.377    11.7104    32.3464  1024.6612     2.6606     6.5053    106.936    0.00534    6.08323    6.08136      8.014     0.1882   11.04595   3.706636 6.1624e+00    24.5826    24.5822 1.3958e+02     17.500          1      15331    1492.94 2.2649e+03  50410.437    638.759 1621885897      -0.05     -0.394   40.10988  -72.27310 0.0000e+00
     16.866    12.1744    32.3340  1024.5629     2.6530     6.4240    105.707   -0.00594    6.07717    6.07523      8.014     0.1869   11.03602   3.751104 6.3426e+00    24.4868    24.4864 1.4386e+02     17.000          1      15347    1494.52 2.2681e+03  50323.559    639.434 1621885898      -0.26     -0.472   40.10988  -72.27310 0.0000e+00
     16.361    12.3096    32.3238  1024.5274     2.6455     6.3596    105.042   -0.00948    6.05435    6.05213      8.013     0.1887   10.99841   3.757049 5.9106e+00    24.4536    24.4532 1.3418e+02     16.500          1      15364    1494.96 2.2701e+03  50289.432    640.126 1621885899      -0.21     -0.669   40.10988  -72.27310 0.0000e+00
     15.876    12.5399    32.3264  1024.4833     2.6372     6.3211    104.834   -0.00629    6.02959    6.02707      8.012     0.1785   10.95740   3.778185 5.4977e+00    24.4118    24.4114 1.2509e+02     16.000          1      15402    1495.74 2.2753e+03  50261.277    641.699 1621885900       0.28     -0.400   40.10988  -72.27312 0.0000e+00
     15.378    12.8037    32.2964  1024.4069     2.6346     6.3027    104.980   -0.00204    6.00370    6.00086      8.011     0.1749   10.91474   3.799260 5.4809e+00    24.3377    24.3373 1.2442e+02     15.500          1      15445    1496.59 2.2701e+03  50182.829    643.495 1621885902       0.01     -0.303   40.10988  -72.27313 0.0000e+00
     14.890    13.2696    32.2542  1024.2808     2.6240     6.2198    104.399   -0.00170    5.95776    5.95439      8.009     0.1499   10.83866   3.835126 5.2588e+00    24.2140    24.2136 1.1932e+02     15.000          1      15531    1498.09 2.2690e+03  50063.456    647.082 1621885906      -0.06     -0.080   40.10988  -72.27314 0.0000e+00
     14.392    13.3302    32.2784  1024.2851     2.6219     6.1981    104.288   -0.00144    5.94322    5.93968      8.006     0.1095   10.81451   3.844507 5.7203e+00    24.2205    24.2201 1.2977e+02     14.500          1      15557    1498.31 2.2686e+03  50088.576    648.180 1621885907      -0.28     -0.341   40.10988  -72.27314 0.0000e+00
     13.891    13.4881    32.2602  1024.2372     2.6187     6.1652    103.994   -0.00308    5.92838    5.92469      8.006     0.1239   10.78963   3.855667 5.5902e+00    24.1749    24.1745 1.2727e+02     14.000          1      15577    1498.81 2.2768e+03  50043.764    648.979 1621885908      -0.18     -0.535   40.10988  -72.27314 0.0000e+00
     13.396    13.5611    32.2569  1024.2178     2.6170     6.1545    103.884   -0.00342    5.92442    5.92069      8.005     0.1281   10.78303   3.862432 4.8504e+00    24.1577    24.1573 1.1060e+02     13.500          1      15596    1499.04 2.2801e+03  50029.734    649.812 1621885908      -0.02     -0.610   40.10988  -72.27314 0.0000e+00
