CalculateIndicators/WaterTemperature/Data/CTD_NYOS/20210523_C15.cnv
* Sea-Bird SBE 9 Data File:
* FileName = C:\Seabird 9 CTD\Data\2021\202105_offshore\20210523_C15.hex
* Software Version Seasave V 7.23.2
* Temperature SN = 4590
* Conductivity SN = 3228
* Number of Bytes Per Scan = 44
* Number of Voltage Words = 5
* Number of Scans Averaged by the Deck Unit = 1
* NMEA Latitude = 39 57.39 N
* NMEA Longitude = 072 53.80 W
* NMEA UTC (Time) = May 23 2021  04:55:34
* NMEA baud rate = 4800
** Ship: seawolf
** Station: 5.3
** Operator: TDK
# nquan = 31
# nvalues = 186                         
# units = specified
# name 0 = depSM: Depth [salt water, m]
# name 1 = t090C: Temperature [ITS-90, deg C]
# name 2 = sal00: Salinity, Practical [PSU]
# name 3 = density00: Density [density, kg/m^3]
# name 4 = sbeox0V: Oxygen raw, SBE 43 [V]
# name 5 = sbeox0ML/L: Oxygen, SBE 43 [ml/l]
# name 6 = sbeox0PS: Oxygen, SBE 43 [% saturation]
# name 7 = sbox0dV/dT: Oxygen, SBE 43 [dov/dt]
# name 8 = oxsolML/L: Oxygen Saturation, Garcia & Gordon [ml/l]
# name 9 = oxsatML/L: Oxygen Saturation, Weiss [ml/l]
# name 10 = ph: pH
# name 11 = flECO-AFL: Fluorescence, WET Labs ECO-AFL/FL [mg/m^3]
# name 12 = n2satML/L: Nitrogen Saturation [ml/l]
# name 13 = c0S/m: Conductivity [S/m]
# name 14 = cpar: CPAR/Corrected Irradiance [%]
# name 15 = sigma-é00: Density [sigma-theta, kg/m^3]
# name 16 = sigma-t00: Density [sigma-t, kg/m^3 ]
# name 17 = par: PAR/Irradiance, Biospherical/Licor
# name 18 = prDM: Pressure, Digiquartz [db]
# name 19 = pumps: Pump Status
# name 20 = scan: Scan Count
# name 21 = svCM: Sound Velocity [Chen-Millero, m/s]
# name 22 = spar: SPAR, Biospherical/Licor
# name 23 = specc: Specific Conductance [uS/cm]
# name 24 = timeS: Time, Elapsed [seconds]
# name 25 = timeY: Time, System [seconds]
# name 26 = accM: Acceleration [m/s^2]
# name 27 = dz/dtM: Descent Rate [m/s]
# name 28 = latitude: Latitude [deg]
# name 29 = longitude: Longitude [deg]
# name 30 = flag: flag
# span 0 =      1.977,     48.127       
# span 1 =     7.6727,    15.0223       
# span 2 =    31.3882,    33.8494       
# span 3 =  1023.1981,  1026.2365       
# span 4 =     2.0883,     2.8526       
# span 5 =     4.8332,     6.7887       
# span 6 =     79.566,    117.235       
# span 7 =   -0.12279,    0.07157       
# span 8 =    5.78775,    6.72167       
# span 9 =    5.78250,    6.72939       
# span 10 =      7.897,      8.066      
# span 11 =     0.0777,     2.0712      
# span 12 =   10.55658,   12.09063      
# span 13 =   3.431049,   3.990085      
# span 14 = -3.589e+03, 1.0023e+05      
# span 15 =    23.1871,    26.0192      
# span 16 =    23.1870,    26.0187      
# span 17 = -2.874e-05, 3.7343e-04      
# span 18 =      2.000,     48.500      
# span 19 =          1,          1      
# span 20 =        209,      11016      
# span 21 =    1479.70,    1503.56      
# span 22 = -4.568e-03, 2.0456e+00      
# span 23 =  48653.161,  52625.863      
# span 24 =      8.670,    458.979      
# span 25 = 1621745742, 1621746192      
# span 26 =      -0.33,       0.53      
# span 27 =     -0.813,      1.024      
# span 28 =   39.95652,   39.95684      
# span 29 =  -72.89678,  -72.89573      
# span 30 = 0.0000e+00, 0.0000e+00      
# interval = decibars: 0.5              
# start_time = May 23 2021 04:55:33 [System UTC, first data scan.]
# bad_flag = -9.990e-29
*END*
[from data line 141]
     23.821    10.3761    32.6117  1025.1331     2.6058     6.6059    104.571    0.00333    6.31713    6.31839      8.020     0.3024   11.43060   3.610132 5.0640e-11    25.0248    25.0243 1.0000e-12     24.000          1       7894    1488.67 1.9747e+00  51008.515    328.859 1621746062      -0.07     -0.216   39.95676  -72.89604 0.0000e+00
     23.325    10.4431    32.5969  1025.1078     2.6034     6.5635    104.104   -0.00059    6.30476    6.30586      8.020     0.3008   11.41017   3.614801 5.0640e-11    25.0017    25.0013 1.0000e-12     23.500          1       7917    1488.88 1.9747e+00  50975.014    329.814 1621746063      -0.23     -0.389   39.95676  -72.89604 0.0000e+00
     22.825    10.4868    32.5799  1025.0848     2.6010     6.5379    103.830   -0.00234    6.29674    6.29773      8.020     0.2978   11.39693   3.617053 5.0640e-11    24.9811    24.9806 1.0000e-12     23.000          1       7932    1489.01 1.9747e+00  50943.730    330.473 1621746063      -0.29     -0.562   39.95676  -72.89604 0.0000e+00
     22.322    10.5607    32.5830  1025.0722     2.5988     6.5091    103.619   -0.00329    6.28180    6.28259      8.020     0.3036   11.37224   3.624622 5.0640e-11    24.9708    24.9704 1.0000e-12     22.500          1       7947    1489.27 1.9747e+00  50934.348    331.077 1621746064      -0.22     -0.725   39.95676  -72.89602 0.0000e+00
     21.825    10.7034    32.5710  1025.0359     2.5968     6.4885    103.477   -0.00359    6.27052    6.27117      8.019     0.3396   11.35357   3.636729 5.0640e-11    24.9368    24.9363 1.0000e-12     22.000          1       7964    1489.76 1.9747e+00  50892.444    331.781 1621746065       0.02     -0.791   39.95676  -72.89602 0.0000e+00
     21.332    10.7903    32.5683  1025.0164     2.5987     6.5026    103.789   -0.00071    6.26525    6.26584      8.019     0.3059   11.34484   3.643412 5.0640e-11    24.9196    24.9192 1.0000e-12     21.500          1       7987    1490.05 1.9747e+00  50873.239    332.730 1621746066       0.21     -0.643   39.95676  -72.89602 0.0000e+00
     20.837    10.9228    32.5621  1024.9861     2.6006     6.5182    104.088    0.00191    6.26218    6.26273      8.019     0.3193   11.33978   3.655503 2.5407e+04    24.8916    24.8911 1.0000e-12     21.000          1       8013    1490.51 1.4730e+00  50841.806    333.852 1621746067       0.07     -0.470   39.95676  -72.89602 0.0000e+00
     20.340    11.0701    32.5602  1024.9563     2.6008     6.5057    103.963    0.00044    6.25772    6.25820      8.019     0.2720   11.33245   3.667816 6.3643e+04    24.8641    24.8637 1.0000e-12     20.500          1       8052    1491.01 7.1794e-01  50814.073    335.442 1621746068       0.11     -0.345   39.95677  -72.89602 0.0000e+00
     19.849    11.1228    32.5571  1024.9424     2.6036     6.5101    104.154    0.00140    6.25052    6.25090 -9.990e-29     0.2501   11.32058   3.671738 -3.589e+03    24.8524    24.8520 1.0000e-12     20.000          1       8100    1491.19 2.0456e+00  50800.749    337.475 1621746070      -0.09     -0.218   39.95678  -72.89602 0.0000e+00
     19.353    11.1502    32.5525  1024.9317     2.6059     6.5189    104.338    0.00246    6.24790    6.24824      8.019     0.2618   11.31631   3.673688 5.0640e-11    24.8440    24.8436 1.0000e-12     19.500          1       8128    1491.27 1.9747e+00  50789.533    338.641 1621746072      -0.13     -0.373   39.95678  -72.89602 0.0000e+00
     18.851    11.1811    32.5504  1024.9222     2.6070     6.5152    104.303    0.00140    6.24645    6.24678      8.020     0.2752   11.31395   3.676178 5.0640e-11    24.8368    24.8364 1.0000e-12     19.000          1       8150    1491.37 1.9747e+00  50781.193    339.536 1621746073      -0.13     -0.493   39.95678  -72.89602 0.0000e+00
     18.355    11.2033    32.5481  1024.9142     2.6086     6.5165    104.361    0.00138    6.24413    6.24442      8.021     0.2680   11.31022   3.677712 5.0640e-11    24.8310    24.8306 1.0000e-12     18.500          1       8175    1491.43 1.9747e+00  50774.012    340.589 1621746074       0.07     -0.526   39.95678  -72.89602 0.0000e+00
     17.865    11.2278    32.5404  1024.9016     2.6097     6.5126    104.373    0.00103    6.23972    6.23992      8.022     0.2453   11.30331   3.678991 5.0640e-11    24.8207    24.8203 1.0000e-12     18.000          1       8205    1491.50 1.9747e+00  50758.719    341.819 1621746075       0.04     -0.401   39.95678  -72.89602 0.0000e+00
     17.365    11.2374    32.5385  1024.8961     2.6106     6.5080    104.393    0.00092    6.23413    6.23424      8.022     0.2543   11.29441   3.679539 5.0640e-11    24.8174    24.8171 1.0000e-12     17.500          1       8227    1491.53 1.9747e+00  50754.491    342.741 1621746076      -0.13     -0.468   39.95678  -72.89601 0.0000e+00
     16.866    11.2576    32.5285  1024.8825     2.6131     6.4969    104.539    0.00166    6.21485    6.21469      8.021     0.2456   11.26274   3.680300 5.0640e-11    24.8061    24.8057 1.0000e-12     17.000          1       8249    1491.58 1.9747e+00  50736.850    343.650 1621746077      -0.03     -0.554   39.95678  -72.89600 0.0000e+00
     16.372    11.2977    32.4962  1024.8479     2.6197     6.5203    105.062    0.00443    6.20614    6.20588      8.020     0.2674   11.24836   3.680473 5.0640e-11    24.7737    24.7734 1.0000e-12     16.500          1       8276    1491.67 1.9747e+00  50684.695    344.793 1621746078       0.10     -0.488   39.95678  -72.89600 0.0000e+00
     15.878    11.4150    32.4511  1024.7895     2.6277     6.5205    105.571    0.00672    6.17645    6.17578      8.018     0.2984   11.19953   3.687490 5.0640e-11    24.7176    24.7172 1.0000e-12     16.000          1       8308    1492.02 1.9747e+00  50602.391    346.105 1621746079       0.02     -0.381   39.95678  -72.89600 0.0000e+00
     15.382    11.5392    32.4390  1024.7553     2.6338     6.5135    105.703    0.00497    6.16204    6.16119      8.016     0.3098   11.17573   3.696881 8.5658e+04    24.6857    24.6854 1.0000e-12     15.500          1       8335    1492.43 2.8319e-01  50565.641    347.231 1621746080      -0.06     -0.415   39.95678  -72.89600 0.0000e+00
     14.883    11.6149    32.4310  1024.7330     2.6402     6.5330    106.109    0.00630    6.15683    6.15592      8.016     0.2565   11.16709   3.703548 9.9770e+04    24.6657    24.6654 1.0000e-12     15.000          1       8359    1492.67 4.5202e-03  50542.552    348.235 1621746081      -0.05     -0.478   39.95678  -72.89600 0.0000e+00
     14.386    11.8584    32.4005  1024.6624     2.6429     6.5119    105.992    0.00343    6.14377    6.14270      8.016     0.2298   11.14549   3.722494 1.0411e+04    24.5973    24.5970 1.0000e-12     14.500          1       8390    1493.47 1.7691e+00  50462.113    349.527 1621746082       0.10     -0.432   39.95678  -72.89600 0.0000e+00
     13.896    11.9648    32.3977  1024.6383     2.6447     6.4802    105.834    0.00087    6.12296    6.12162      8.015     0.2250   11.11111   3.731294 -3.283e+02    24.5755    24.5752 1.0000e-12     14.000          1       8432    1493.83 1.9812e+00  50442.151    351.291 1621746084       0.01     -0.261   39.95678  -72.89600 0.0000e+00
     13.399    12.0462    32.3942  1024.6181     2.6452     6.4750    105.825    0.00057    6.11863    6.11724      8.015     0.2309   11.10388   3.738419 5.0640e-11    24.5576    24.5573 1.0000e-12     13.500          1       8458    1494.09 1.9747e+00  50424.569    352.376 1621746085      -0.19     -0.371   39.95678  -72.89600 0.0000e+00
     12.898    12.1255    32.3913  1024.5987     2.6447     6.4672    105.768    0.00024    6.11452    6.11309      8.015     0.2063   11.09708   3.745564 5.0640e-11    24.5406    24.5402 1.0000e-12     13.000          1       8478    1494.35 1.9747e+00  50408.944    353.191 1621746086      -0.17     -0.536   39.95678  -72.89598 0.0000e+00
     12.400    12.2157    32.3843  1024.5741     2.6432     6.4475    105.580   -0.00108    6.10677    6.10523      8.015     0.2369   11.08428   3.752509 4.8606e+04    24.5182    24.5179 1.0000e-12     12.500          1       8501    1494.65 1.0149e+00  50385.750    354.160 1621746087       0.06     -0.573   39.95678  -72.89598 0.0000e+00
     11.908    12.2666    32.3884  1024.5655     2.6432     6.4361    105.607   -0.00040    6.09442    6.09273      8.014     0.2439   11.06393   3.757226 1.0011e+05    24.5118    24.5115 1.0000e-12     12.000          1       8534    1494.82 -2.151e-03  50383.932    355.524 1621746089       0.12     -0.401   39.95678  -72.89598 0.0000e+00
     11.409    12.3469    32.3837  1024.5443     2.6455     6.3450    105.665    0.00083    6.00488    6.00205      8.012     0.2894   10.91675   3.764057 9.9999e+04    24.4929    24.4926 1.0000e-12     11.500          1       8571    1495.08 0.0000e+00  50365.493    357.101 1621746090       0.04     -0.328   39.95678  -72.89598 0.0000e+00
     10.918    12.6337    32.3358  1024.4500     2.6724     6.3555    107.765    0.01446    5.89744    5.89337      8.005     0.3797   10.73879   3.787032 9.9999e+04    24.4009    24.4006 1.0000e-12     11.000          1       8622    1495.98 0.0000e+00  50258.543    359.217 1621746092       0.02     -0.219   39.95678  -72.89597 0.0000e+00
     10.416    13.7401    32.2490  1024.1611     2.6513     6.2346    105.426   -0.00469    5.91385    5.91000      8.001     0.3589   10.76550   3.879174 3.5496e+04    24.1145    24.1142 1.0000e-12     10.500          1       8761    1499.56 1.2738e+00  49997.176    365.001 1621746098       0.02     -0.228   39.95678  -72.89597 0.0000e+00
      9.923    14.3835    32.2642  1024.0391     2.6154     6.0628    103.429   -0.00700    5.86188    5.85744      8.018     0.2236   10.67945   3.935159 -3.229e+03    23.9947    23.9944 1.0000e-12     10.000          1      10295    1501.68 2.0385e+00  49942.225    428.936 1621746162      -0.03     -0.285   39.95683  -72.89582 0.0000e+00
      9.429    14.4007    32.2642  1024.0331     2.6113     6.0552    103.486   -0.00291    5.85126    5.84670      8.020     0.1624   10.66188   3.936467 5.0640e-11    23.9910    23.9907 1.0000e-12      9.500          1      10532    1501.72 1.9747e+00  49940.224    438.803 1621746172      -0.07     -0.347   39.95684  -72.89578 0.0000e+00
      8.931    14.4442    32.2581  1024.0171     2.6081     6.0401    103.323   -0.00270    5.84583    5.84121      8.018     0.1650   10.65289   3.939770 5.0640e-11    23.9772    23.9769 1.0000e-12      9.000          1      10554    1501.85 1.9747e+00  49926.802    439.728 1621746173       0.01     -0.412   39.95684  -72.89578 0.0000e+00
      8.445    14.4561    32.2564  1024.0111     2.6046     5.9957    103.074   -0.00319    5.81682    5.81187      8.015     0.1395   10.60499   3.940537 5.0640e-11    23.9734    23.9731 1.0000e-12      8.500          1      10582    1501.88 1.9747e+00  49922.782    440.879 1621746174      -0.06     -0.380   39.95684  -72.89578 0.0000e+00
      7.943    14.4698    32.2575  1024.0067     2.6048     5.9908    103.128   -0.00230    5.80913    5.80410      8.015     0.1093   10.59220   3.941947 5.0640e-11    23.9713    23.9710 1.0000e-12      8.000          1      10598    1501.91 1.9747e+00  49922.363    441.537 1621746175      -0.30     -0.512   39.95684  -72.89578 0.0000e+00
      7.437    14.4829    32.2584  1024.0024     2.6073     5.9924    103.408    0.00035    5.79490    5.78971      8.015     0.1464   10.56859   3.943264 -9.990e-29    23.9692    23.9690 1.0000e-12      7.500          1      10612    1501.95 -9.990e-29  49922.131    442.115 1621746175      -0.30     -0.703   39.95684  -72.89578 0.0000e+00
      6.939    14.5117    32.2568  1023.9929     2.6064     5.9924    103.441    0.00158    5.79309    5.78789      8.015     0.1313   10.56559   3.945870 -9.990e-29    23.9619    23.9617 1.0000e-12      7.000          1      10628    1502.03 -9.990e-29  49916.889    442.793 1621746176      -0.02     -0.813   39.95684  -72.89577 0.0000e+00
      6.449    14.7330    32.2365  1023.9282     2.6036     5.9743    103.115   -0.00119    5.79376    5.78856 -9.990e-29     0.0917   10.56685   3.965378 -9.990e-29    23.8995    23.8993 1.0000e-12      6.500          1      10651    1502.71 -9.990e-29  49864.114    443.748 1621746177       0.24     -0.657   39.95684  -72.89576 0.0000e+00
      5.953    14.8999    32.2325  1023.8874     2.5961     5.9432    102.472   -0.00544    5.79985    5.79472 -9.990e-29     0.0839   10.57674   3.980064 -9.990e-29    23.8608    23.8606 1.0000e-12      6.000          1      10677    1503.23 -9.990e-29  49840.710    444.832 1621746178       0.06     -0.477   39.95684  -72.89576 0.0000e+00
      5.455    14.9744    32.2252  1023.8636     2.5888     5.9121    102.043   -0.00629    5.79370    5.78851      8.015     0.1111   10.56654   3.984973 9.9999e+04    23.8393    23.8391 1.0000e-12      5.500          1      10707    1503.45 0.0000e+00  49822.986    446.081 1621746179       0.07     -0.431   39.95684  -72.89576 0.0000e+00
      4.965    14.9195    32.2383  1023.8832     2.5848     5.9124    102.111   -0.00207    5.79022    5.78499      8.013     0.0988   10.56071   3.980937 4.1212e+04    23.8611    23.8610 1.0000e-12      5.000          1      10752    1503.29 1.1609e+00  49847.040    447.955 1621746181       0.07     -0.253   39.95684  -72.89576 0.0000e+00
      4.472    14.9831    32.2367  1023.8662     2.5812     5.8992    101.901   -0.00243    5.78913    5.78389      8.012     0.1115   10.55890   3.987112 -1.970e+03    23.8462    23.8461 1.0000e-12      4.500          1      10781    1503.48 2.0136e+00  49837.649    449.160 1621746182      -0.23     -0.324   39.95684  -72.89576 0.0000e+00
      3.969    14.9964    32.2403  1023.8638     2.5797     5.8920    101.783   -0.00305    5.78878    5.78354      8.015     0.1021   10.55831   3.988198 5.0640e-11    23.8461    23.8460 1.0000e-12      4.000          1      10798    1503.52 1.9747e+00  49841.087    449.865 1621746183      -0.28     -0.530   39.95684  -72.89576 0.0000e+00
      3.469    14.9925    32.2422  1023.8639     2.5783     5.8901    101.763   -0.00227    5.78805    5.78280      8.014     0.0862   10.55710   3.987894 5.0640e-11    23.8484    23.8483 1.0000e-12      3.500          1      10815    1503.50 1.9747e+00  49843.829    450.592 1621746184      -0.10     -0.674   39.95684  -72.89576 0.0000e+00
      2.975    14.9958    32.2436  1023.8621     2.5786     5.8945    101.844   -0.00121    5.78776    5.78251      8.015     0.0777   10.55660   3.988318 5.0640e-11    23.8488    23.8487 1.0000e-12      3.000          1      10836    1503.50 1.9747e+00  49845.306    451.468 1621746184       0.11     -0.649   39.95684  -72.89576 0.0000e+00
      2.482    15.0096    32.2434  1023.8567     2.5798     5.9064    102.050    0.00096    5.78775    5.78250 -9.990e-29     0.0778   10.55658   3.989423 1.8910e-02    23.8457    23.8456 3.7343e-04      2.500          1      10863    1503.54 1.9747e+00  49843.347    452.595 1621746186       0.13     -0.494   39.95684  -72.89574 0.0000e+00
      1.977    15.0165    32.2456  1023.8547     2.5802     5.9036    102.000   -0.00010    5.78785    5.78260      8.024     0.0902   10.55673   3.990085 -1.456e-03    23.8458    23.8458 -2.874e-05      2.000          1      11016    1503.56 1.9747e+00  49845.251    458.979 1621746192       0.06     -0.332   39.95684  -72.89573 0.0000e+00
