CalculateIndicators/WaterTemperature/Data/CTD_NYOS/20210525_C33.cnv
* Sea-Bird SBE 9 Data File:
* FileName = C:\Seabird 9 CTD\Data\2021\202105_offshore\20210525_C33.hex
* Software Version Seasave V 7.23.2
* Temperature SN = 4590
* Conductivity SN = 3228
* Number of Bytes Per Scan = 44
* Number of Voltage Words = 5
* Number of Scans Averaged by the Deck Unit = 1
* NMEA Latitude = 40 34.05 N
* NMEA Longitude = 072 05.15 W
* NMEA UTC (Time) = May 25 2021  15:28:11
* NMEA baud rate = 4800
** Ship: seawolf
** Station: 2.2
** Operator: sjw
# nquan = 31
# nvalues = 196                         
# units = specified
# name 0 = depSM: Depth [salt water, m]
# name 1 = t090C: Temperature [ITS-90, deg C]
# name 2 = sal00: Salinity, Practical [PSU]
# name 3 = density00: Density [density, kg/m^3]
# name 4 = sbeox0V: Oxygen raw, SBE 43 [V]
# name 5 = sbeox0ML/L: Oxygen, SBE 43 [ml/l]
# name 6 = sbeox0PS: Oxygen, SBE 43 [% saturation]
# name 7 = sbox0dV/dT: Oxygen, SBE 43 [dov/dt]
# name 8 = oxsolML/L: Oxygen Saturation, Garcia & Gordon [ml/l]
# name 9 = oxsatML/L: Oxygen Saturation, Weiss [ml/l]
# name 10 = ph: pH
# name 11 = flECO-AFL: Fluorescence, WET Labs ECO-AFL/FL [mg/m^3]
# name 12 = n2satML/L: Nitrogen Saturation [ml/l]
# name 13 = c0S/m: Conductivity [S/m]
# name 14 = cpar: CPAR/Corrected Irradiance [%]
# name 15 = sigma-é00: Density [sigma-theta, kg/m^3]
# name 16 = sigma-t00: Density [sigma-t, kg/m^3 ]
# name 17 = par: PAR/Irradiance, Biospherical/Licor
# name 18 = prDM: Pressure, Digiquartz [db]
# name 19 = pumps: Pump Status
# name 20 = scan: Scan Count
# name 21 = svCM: Sound Velocity [Chen-Millero, m/s]
# name 22 = spar: SPAR, Biospherical/Licor
# name 23 = specc: Specific Conductance [uS/cm]
# name 24 = timeS: Time, Elapsed [seconds]
# name 25 = timeY: Time, System [seconds]
# name 26 = accM: Acceleration [m/s^2]
# name 27 = dz/dtM: Descent Rate [m/s]
# name 28 = latitude: Latitude [deg]
# name 29 = longitude: Longitude [deg]
# name 30 = flag: flag
# span 0 =      1.485,     50.118       
# span 1 =     7.0854,    14.5746       
# span 2 =    31.5717,    33.1717       
# span 3 =  1023.4361,  1026.1897       
# span 4 =     1.9912,     2.6359       
# span 5 =     5.1034,     6.6097       
# span 6 =     74.946,    105.408       
# span 7 =   -0.03204,    0.06199       
# span 8 =    5.86319,    6.83039       
# span 9 =    5.85836,    6.83928       
# span 10 =      7.859,      8.062      
# span 11 =    -0.2738,     0.6293      
# span 12 =   10.68915,   12.27554      
# span 13 =   3.345469,   3.876355      
# span 14 = 1.1804e-01, 9.7983e+01      
# span 15 =    23.4273,    25.9583      
# span 16 =    23.4273,    25.9577      
# span 17 = 2.4999e+00, 2.2116e+03      
# span 18 =      1.500,     50.500      
# span 19 =          1,          1      
# span 20 =        404,      13579      
# span 21 =    1476.96,    1501.37      
# span 22 = 1.6402e+03, 2.2879e+03      
# span 23 =  48957.962,  52523.731      
# span 24 =     16.787,    565.761      
# span 25 = 1621956504, 1621957053      
# span 26 =      -0.53,       0.42      
# span 27 =     -0.666,      0.702      
# span 28 =   40.56732,   40.56758      
# span 29 =  -72.08586,  -72.08463      
# span 30 = 0.0000e+00, 0.0000e+00      
# interval = decibars: 0.5              
# start_time = May 25 2021 15:28:07 [System UTC, first data scan.]
# bad_flag = -9.990e-29
*END*
      1.982    14.5420    31.5717  1023.4362     2.3129     5.3967     91.988    0.04298    5.86676    5.86196 -9.990e-29     0.0238   10.69515   3.872172 6.0073e+01    23.4273    23.4273 1.2501e+03      2.000          1        404    1501.25 2.0808e+03  48957.962     16.787 1621956504       0.28     -0.019   40.56758  -72.08586 0.0000e+00
      2.478    14.5428    31.5762  1023.4417     2.4056     5.7371     97.797    0.06199    5.86639    5.86159 -9.990e-29     0.0274   10.69452   3.872737 5.0014e+01    23.4306    23.4306 1.0393e+03      2.500          1        442    1501.26 2.0785e+03  48964.352     18.370 1621956505       0.10      0.308   40.56758  -72.08586 0.0000e+00
      2.980    14.5472    31.5760  1023.4429     2.4611     5.8472     99.673    0.04975    5.86640    5.86160 -9.990e-29     0.0245   10.69454   3.873157 5.4755e+01    23.4296    23.4295 1.0878e+03      3.000          1        470    1501.28 1.9913e+03  48963.955     19.557 1621956507       0.02      0.413   40.56758  -72.08584 0.0000e+00
      3.473    14.5503    31.5772  1023.4454     2.5157     5.9178    100.887    0.02831    5.86576    5.86096      8.044     0.0205   10.69349   3.873562 4.8654e+01    23.4298    23.4297 1.0171e+03      3.500          1        519    1501.31 2.0917e+03  48965.482     21.600 1621956509      -0.09      0.256   40.56758  -72.08584 0.0000e+00
      3.964    14.5501    31.5774  1023.4478     2.5470     5.9441    101.342    0.01241    5.86538    5.86057      8.044     0.0218   10.69284   3.873605 4.9095e+01    23.4301    23.4299 1.0358e+03      4.000          1        571    1501.31 2.1096e+03  48966.041     23.771 1621956511       0.18      0.184   40.56758  -72.08584 0.0000e+00
      4.467    14.5581    31.5773  1023.4483     2.5548     5.9494    101.434    0.00813    5.86533    5.86052      8.044     0.0161   10.69276   3.874356 3.9437e+01    23.4283    23.4282 8.3379e+02      4.500          1        600    1501.35 2.1142e+03  48965.382     24.975 1621956512       0.01      0.391   40.56758  -72.08584 0.0000e+00
      4.959    14.5598    31.5783  1023.4509     2.5627     5.9628    101.637    0.00533    5.86679    5.86199      8.044     0.0036   10.69515   3.874577 3.9777e+01    23.4287    23.4286 8.4032e+02      5.000          1        637    1501.36 2.1119e+03  48966.725     26.484 1621956514       0.04      0.289   40.56758  -72.08584 0.0000e+00
      5.459    14.5594    31.5778  1023.4529     2.5639     5.9524    101.457    0.00172    5.86692    5.86213      8.044     0.0311   10.69539   3.874544 3.5746e+01    23.4285    23.4283 7.4919e+02      5.500          1        673    1501.37 2.0988e+03  48966.473     28.009 1621956515      -0.08      0.337   40.56758  -72.08584 0.0000e+00
      5.954    14.5409    31.5802  1023.4608     2.5668     5.9697    101.627    0.00190    5.87414    5.86943      8.044     0.0265   10.70729   3.873114 2.8976e+01    23.4342    23.4340 6.1589e+02      6.000          1        718    1501.32 2.1265e+03  48971.923     29.861 1621956517       0.13      0.244   40.56758  -72.08584 0.0000e+00
      6.448    14.5350    31.5816  1023.4654     2.5676     5.9690    101.578    0.00045    5.87625    5.87156      8.044     0.0582   10.71075   3.872489 3.0928e+01    23.4366    23.4364 6.5780e+02      6.500          1        762    1501.31 2.1268e+03  48974.911     31.714 1621956519      -0.08      0.281   40.56758  -72.08584 0.0000e+00
      6.948    14.4796    31.5865  1023.4830     2.5699     5.9815    101.758    0.00127    5.87816    5.87350      8.044     0.0578   10.71383   3.868184 2.9790e+01    23.4519    23.4517 6.3333e+02      7.000          1        798    1501.15 2.1260e+03  48987.820     33.211 1621956520       0.13      0.322   40.56758  -72.08582 0.0000e+00
      7.441    14.4611    31.5919  1023.4932     2.5730     5.9943    101.973    0.00215    5.87836    5.87371      8.044     0.0751   10.71412   3.867076 2.7766e+01    23.4599    23.4597 5.8951e+02      7.500          1        837    1501.10 2.1231e+03  48997.503     34.813 1621956522      -0.07      0.329   40.56758  -72.08582 0.0000e+00
      7.937    14.4443    31.5990  1023.5044     2.5727     5.9845    101.806   -0.00015    5.87833    5.87368 -9.990e-29     0.0846   10.71406   3.866431 2.5312e+01    23.4689    23.4687 5.3734e+02      8.000          1        872    1501.06 2.1228e+03  49009.398     36.300 1621956523       0.07      0.319   40.56758  -72.08582 0.0000e+00
      8.436    14.4419    31.6032  1023.5104     2.5744     5.9931    101.956    0.00076    5.87810    5.87345 -9.990e-29     0.0802   10.71362   3.866739 2.2843e+01    23.4726    23.4724 4.8546e+02      8.500          1        910    1501.07 2.1256e+03  49015.782     37.879 1621956525      -0.06      0.329   40.56758  -72.08582 0.0000e+00
      8.927    14.4418    31.6071  1023.5156     2.5757     5.9952    102.007    0.00040    5.87728    5.87262 -9.990e-29     0.1010   10.71213   3.867258 2.3120e+01    23.4757    23.4754 4.9174e+02      9.000          1        970    1501.08 2.1269e+03  49021.515     40.375 1621956527      -0.00      0.170   40.56756  -72.08581 0.0000e+00
      9.425    14.4424    31.6127  1023.5221     2.5759     5.9939    102.000    0.00005    5.87643    5.87177 -9.990e-29     0.1001   10.71060   3.867957 2.0879e+01    23.4799    23.4796 4.4428e+02      9.500          1       1003    1501.10 2.1280e+03  49029.456     41.735 1621956529       0.23      0.300   40.56756  -72.08580 0.0000e+00
      9.928    14.4447    31.6183  1023.5282     2.5762     5.9962    102.047    0.00050    5.87589    5.87123      8.045     0.1081   10.70957   3.868836 2.0493e+01    23.4837    23.4834 4.3710e+02     10.000          1       1028    1501.12 2.1329e+03  49037.313     42.785 1621956530       0.04      0.473   40.56756  -72.08580 0.0000e+00
     10.416    14.4484    31.6300  1023.5386     2.5760     5.9939    102.002   -0.00013    5.87626    5.87161      8.046     0.1088   10.71009   3.870570 1.9099e+01    23.4920    23.4917 4.0822e+02     10.500          1       1071    1501.15 2.1373e+03  49053.445     44.585 1621956532      -0.10      0.264   40.56756  -72.08580 0.0000e+00
     10.915    14.4495    31.6465  1023.5534     2.5769     6.0022    102.095    0.00039    5.87903    5.87442      8.048     0.1311   10.71446   3.872429 1.8397e+01    23.5045    23.5042 3.9535e+02     11.000          1       1117    1501.18 2.1490e+03  49076.658     46.501 1621956534      -0.05      0.257   40.56756  -72.08580 0.0000e+00
     11.413    14.4331    31.6620  1023.5710     2.5799     6.0257    102.339    0.00158    5.88795    5.88345      8.049     0.1531   10.72901   3.872617 1.6914e+01    23.5200    23.5196 3.6436e+02     11.500          1       1162    1501.16 2.1542e+03  49100.273     48.370 1621956535       0.11      0.270   40.56756  -72.08580 0.0000e+00
     11.904    14.4029    31.6776  1023.5915     2.5834     6.0529    102.570    0.00199    5.90131    5.89697      8.050     0.1895   10.75094   3.871510 1.6523e+01    23.5383    23.5379 3.5556e+02     12.000          1       1205    1501.09 2.1519e+03  49125.509     50.162 1621956537      -0.06      0.284   40.56756  -72.08580 0.0000e+00
     12.403    14.3397    31.6964  1023.6214     2.5885     6.0720    102.899    0.00313    5.90093    5.89660      8.050     0.2015   10.75025   3.867205 1.5846e+01    23.5659    23.5655 3.4077e+02     12.500          1       1235    1500.91 2.1505e+03  49158.718     51.430 1621956538       0.13      0.354   40.56756  -72.08580 0.0000e+00
     12.902    14.2302    31.7124  1023.6587     2.5946     6.1042    103.352    0.00518    5.90623    5.90196      8.050     0.1982   10.75885   3.859459 1.4318e+01    23.6009    23.6006 3.0778e+02     13.000          1       1264    1500.58 2.1496e+03  49193.365     52.616 1621956540      -0.00      0.429   40.56756  -72.08579 0.0000e+00
     13.393    14.2054    31.7297  1023.6793     2.5973     6.1324    103.252    0.00098    5.93927    5.93541      8.053     0.2261   10.81275   3.859232 1.3682e+01    23.6194    23.6190 2.9372e+02     13.500          1       1317    1500.53 2.1468e+03  49220.368     54.822 1621956542      -0.11      0.206   40.56756  -72.08578 0.0000e+00
     13.894    14.0513    31.7776  1023.7502     2.6011     6.1792    103.574    0.00224    5.96597    5.96244      8.054     0.2685   10.85670   3.849596 1.2548e+01    23.6880    23.6876 2.6911e+02     14.000          1       1355    1500.09 2.1447e+03  49304.602     56.422 1621956543       0.20      0.308   40.56756  -72.08578 0.0000e+00
     14.385    13.7979    31.8374  1023.8503     2.5979     6.2501    103.291   -0.00133    6.05107    6.04856      8.055     0.3098   10.99689   3.833133 1.2093e+01    23.7858    23.7854 2.5925e+02     14.500          1       1403    1499.34 2.1437e+03  49417.348     58.410 1621956545      -0.14      0.263   40.56756  -72.08578 0.0000e+00
     14.885    13.5024    31.8777  1023.9431     2.5907     6.2463    102.669   -0.00565    6.08392    6.08182      8.055     0.3186   11.05106   3.808490 1.1071e+01    23.8763    23.8759 2.3813e+02     15.000          1       1437    1498.42 2.1511e+03  49509.098     59.817 1621956547       0.25      0.315   40.56756  -72.08578 0.0000e+00
     15.382    13.0489    31.9325  1024.0775     2.5906     6.2905    103.029   -0.00124    6.10559    6.10376      8.056     0.3192   11.08686   3.773774 1.1024e+01    24.0083    24.0079 2.3810e+02     15.500          1       1465    1496.98 2.1599e+03  49642.763     61.006 1621956548      -0.02      0.449   40.56756  -72.08577 0.0000e+00
     15.875    12.6646    31.9730  1024.1857     2.5895     6.3518    103.130   -0.00038    6.15907    6.15791      8.057     0.3319   11.17504   3.744075 9.8743e+00    24.1142    24.1138 2.1438e+02     16.000          1       1509    1495.74 2.1711e+03  49750.019     62.825 1621956550      -0.07      0.277   40.56756  -72.08576 0.0000e+00
     16.374    12.3226    32.0026  1024.2759     2.5890     6.4069    103.194   -0.00030    6.20860    6.20810      8.058     0.3222   11.25644   3.715777 9.2131e+00    24.2020    24.2016 2.0079e+02     16.500          1       1551    1494.62 2.1795e+03  49839.004     64.592 1621956552       0.02      0.288   40.56756  -72.08576 0.0000e+00
     16.866    11.9094    32.0463  1024.3894     2.5829     6.4578    102.811   -0.00285    6.28126    6.28175      8.057     0.3041   11.37559   3.683901 8.9643e+00    24.3131    24.3127 1.9568e+02     17.000          1       1600    1493.26 2.1829e+03  49959.837     66.615 1621956554      -0.00      0.234   40.56756  -72.08576 0.0000e+00
     17.362    11.4742    32.1220  1024.5297     2.5722     6.4342    101.993   -0.00707    6.30852    6.30935      8.055     0.2595   11.42076   3.651581 8.1079e+00    24.4511    24.4507 1.7727e+02     17.500          1       1637    1491.85 2.1863e+03  50132.700     68.174 1621956555       0.03      0.316   40.56756  -72.08576 0.0000e+00
     17.862    11.1292    32.1926  1024.6487     2.5671     6.4476    101.947   -0.00486    6.32445    6.32548      8.057     0.2501   11.44716   3.628784 8.1024e+00    24.5677    24.5673 1.7753e+02     18.000          1       1667    1490.74 2.1911e+03  50286.934     69.400 1621956556       0.09      0.373   40.56756  -72.08576 0.0000e+00
     18.356    10.9117    32.1953  1024.6914     2.5673     6.4850    102.304   -0.00090    6.33894    6.34016      8.058     0.2480   11.47129   3.610242 7.4348e+00    24.6080    24.6077 1.6344e+02     18.500          1       1701    1489.98 2.1983e+03  50326.737     70.850 1621956558      -0.09      0.374   40.56756  -72.08576 0.0000e+00
     18.856    10.7544    32.1924  1024.7188     2.5709     6.5448    102.778    0.00206    6.36789    6.36948      8.059     0.2474   11.51929   3.596529 6.8599e+00    24.6331    24.6327 1.5147e+02     19.000          1       1740    1489.43 2.2082e+03  50349.431     72.439 1621956559       0.00      0.325   40.56754  -72.08576 0.0000e+00
     19.346    10.5399    32.1796  1024.7480     2.5615     6.5817    101.868   -0.00512    6.46096    6.46381      8.061     0.2775   11.67297   3.576460 6.4137e+00    24.6600    24.6596 1.4222e+02     19.500          1       1802    1488.66 2.2175e+03  50368.498     75.052 1621956562      -0.04      0.158   40.56754  -72.08574 0.0000e+00
     19.842    10.1137    32.1720  1024.8164     2.5491     6.5483    101.045   -0.00802    6.48051    6.48368      8.062     0.2986   11.70454   3.536700 6.3750e+00    24.7259    24.7256 1.4130e+02     20.000          1       1841    1487.13 2.2165e+03  50434.483     76.679 1621956564       0.11      0.296   40.56754  -72.08574 0.0000e+00
     20.340     9.8164    32.1983  1024.8883     2.5494     6.5845    101.608   -0.00170    6.48033    6.48350      8.062     0.3107   11.70416   3.514191 6.0135e+00    24.7955    24.7951 1.3343e+02     20.500          1       1867    1486.09 2.2188e+03  50526.624     77.740 1621956565       0.12      0.416   40.56754  -72.08574 0.0000e+00
     20.840     9.6947    32.2542  1024.9541     2.5507     6.6027    101.888    0.00082    6.48040    6.48357      8.061     0.2992   11.70432   3.509292 5.5371e+00    24.8589    24.8586 1.2290e+02     21.000          1       1890    1485.73 2.2196e+03  50629.523     78.715 1621956566       0.04      0.504   40.56754  -72.08574 0.0000e+00
     21.333     9.5898    32.2887  1025.0003     2.5425     6.6097    101.156   -0.00407    6.53443    6.53839      8.057     0.3117   11.79314   3.504775 5.2036e+00    24.9028    24.9025 1.1535e+02     21.500          1       1959    1485.39 2.2167e+03  50698.590     81.597 1621956569       0.03      0.219   40.56754  -72.08574 0.0000e+00
     21.821     9.3918    32.3296  1025.0663     2.5260     6.5576     99.817   -0.01074    6.56959    6.57407      8.055     0.3121   11.85094   3.489910 4.8938e+00    24.9665    24.9661 1.0810e+02     22.000          1       2015    1484.73 2.2090e+03  50795.885     83.903 1621956571       0.28      0.282   40.56754  -72.08574 0.0000e+00
     22.325     9.1564    32.3466  1025.1192     2.5225     6.5621     99.833   -0.00866    6.57308    6.57760      8.055     0.3074   11.85682   3.470768 4.7958e+00    25.0170    25.0166 1.0584e+02     22.500          1       2030    1483.89 2.2069e+03  50867.806     84.531 1621956572       0.32      0.510   40.56754  -72.08574 0.0000e+00
     22.831     9.0354    32.3512  1025.1440     2.5215     6.6008    100.157   -0.00479    6.59048    6.59523      8.056     0.3042   11.88575   3.461445 4.4147e+00    25.0394    25.0390 9.7288e+01     23.000          1       2047    1483.46 2.2036e+03  50899.419     85.264 1621956572       0.12      0.679   40.56754  -72.08572 0.0000e+00
     23.316     8.8229    32.3424  1025.1722     2.5046     6.6090     99.353   -0.00559    6.65218    6.65782      8.047     0.3239   11.98749   3.442707 3.9777e+00    25.0653    25.0649 8.6854e+01     23.500          1       2128    1482.66 2.1836e+03  50931.820     88.628 1621956576       0.00      0.134   40.56754  -72.08572 0.0000e+00
     23.804     8.6651    32.3285  1025.1877     2.4856     6.5286     97.869   -0.01188    6.67070    6.67663      8.044     0.3196   12.01790   3.426438 3.7653e+00    25.0784    25.0781 8.2025e+01     24.000          1       2174    1482.06 2.1784e+03  50946.092     90.549 1621956578       0.25      0.239   40.56754  -72.08572 0.0000e+00
     24.315     8.4136    32.3583  1025.2512     2.4830     6.5433     98.069   -0.00838    6.67213    6.67808      8.044     0.3085   12.02025   3.407615 3.6044e+00    25.1395    25.1391 7.8464e+01     24.500          1       2191    1481.17 2.1769e+03  51044.133     91.238 1621956578       0.35      0.493   40.56754  -72.08572 0.0000e+00
