CalculateIndicators/WaterTemperature/Data/CTD_NYOS/20210522_C07.cnv
* Sea-Bird SBE 9 Data File:
* FileName = C:\Seabird 9 CTD\Data\2021\202105_offshore\20210522_C07.hex
* Software Version Seasave V 7.23.2
* Temperature SN = 4590
* Conductivity SN = 3228
* Number of Bytes Per Scan = 44
* Number of Voltage Words = 5
* Number of Scans Averaged by the Deck Unit = 1
* NMEA Latitude = 38 47.02 N
* NMEA Longitude = 072 48.88 W
* NMEA UTC (Time) = May 22 2021  02:40:51
* NMEA baud rate = 4800
** Ship: seawolf
** Station: 6.6
** Operator: TDK
# nquan = 31
# nvalues = 1206                        
# units = specified
# name 0 = depSM: Depth [salt water, m]
# name 1 = t090C: Temperature [ITS-90, deg C]
# name 2 = sal00: Salinity, Practical [PSU]
# name 3 = density00: Density [density, kg/m^3]
# name 4 = sbeox0V: Oxygen raw, SBE 43 [V]
# name 5 = sbeox0ML/L: Oxygen, SBE 43 [ml/l]
# name 6 = sbeox0PS: Oxygen, SBE 43 [% saturation]
# name 7 = sbox0dV/dT: Oxygen, SBE 43 [dov/dt]
# name 8 = oxsolML/L: Oxygen Saturation, Garcia & Gordon [ml/l]
# name 9 = oxsatML/L: Oxygen Saturation, Weiss [ml/l]
# name 10 = ph: pH
# name 11 = flECO-AFL: Fluorescence, WET Labs ECO-AFL/FL [mg/m^3]
# name 12 = n2satML/L: Nitrogen Saturation [ml/l]
# name 13 = c0S/m: Conductivity [S/m]
# name 14 = cpar: CPAR/Corrected Irradiance [%]
# name 15 = sigma-é00: Density [sigma-theta, kg/m^3]
# name 16 = sigma-t00: Density [sigma-t, kg/m^3 ]
# name 17 = par: PAR/Irradiance, Biospherical/Licor
# name 18 = prDM: Pressure, Digiquartz [db]
# name 19 = pumps: Pump Status
# name 20 = scan: Scan Count
# name 21 = svCM: Sound Velocity [Chen-Millero, m/s]
# name 22 = spar: SPAR, Biospherical/Licor
# name 23 = specc: Specific Conductance [uS/cm]
# name 24 = timeS: Time, Elapsed [seconds]
# name 25 = timeY: Time, System [seconds]
# name 26 = accM: Acceleration [m/s^2]
# name 27 = dz/dtM: Descent Rate [m/s]
# name 28 = latitude: Latitude [deg]
# name 29 = longitude: Longitude [deg]
# name 30 = flag: flag
# span 0 =      1.980,    300.991       
# span 1 =    10.2516,    14.8753       
# span 2 =    32.0250,    36.0650       
# span 3 =  1023.7990,  1028.5280       
# span 4 =     1.3886,     2.8048       
# span 5 =     2.8249,     6.7556       
# span 6 =     46.015,    113.935       
# span 7 =   -0.08354,    0.07127       
# span 8 =    5.66942,    6.26685       
# span 9 =    5.66510,    6.26989       
# span 10 =      7.839,      8.173      
# span 11 =    -0.1088,     1.3739      
# span 12 =   10.31900,   11.31542      
# span 13 =   3.878367,   4.404628      
# span 14 = -1.360e+04, 1.8569e+05      
# span 15 =    23.7901,    27.1676      
# span 16 =    23.7900,    27.1613      
# span 17 = 1.0000e-12, 6.7449e-03      
# span 18 =      2.000,    303.500      
# span 19 =          1,          1      
# span 20 =         73,      37038      
# span 21 =    1496.12,    1510.84      
# span 22 = -1.692e+00, 2.2432e+00      
# span 23 =  49594.436,  55225.972      
# span 24 =      3.008,   1543.206      
# span 25 = 1621651254, 1621652794      
# span 26 =      -0.67,       0.78      
# span 27 =     -1.250,      1.236      
# span 28 =   38.78136,   38.78372      
# span 29 =  -72.81468,  -72.81412      
# span 30 = 0.0000e+00, 0.0000e+00      
# interval = decibars: 0.5              
# start_time = May 22 2021 02:40:51 [System UTC, first data scan.]
# bad_flag = -9.990e-29
*END*
[from data line 328]
    164.683    14.6447    35.9781  1027.5399     2.1881     4.8141     84.480   -0.00317    5.69847    5.69444 -9.990e-29    -0.0799   10.36803   4.370568 5.0640e-11    26.8100    26.8045 1.0000e-12    166.000          1       8352    1509.44 1.9747e+00  55116.020    347.964 1621651599       0.15      0.528   38.78310  -72.81450 0.0000e+00
    165.174    14.6444    35.9779  1027.5421     2.1867     4.8165     84.521   -0.00171    5.69851    5.69448 -9.990e-29    -0.0977   10.36810   4.370525 5.0640e-11    26.8099    26.8045 1.0000e-12    166.500          1       8375    1509.45 1.9747e+00  55116.157    348.921 1621651600      -0.05      0.559   38.78310  -72.81449 0.0000e+00
    165.674    14.6439    35.9778  1027.5443     2.1858     4.8158     84.510   -0.00128    5.69852    5.69449 -9.990e-29    -0.0847   10.36812   4.370484 5.0640e-11    26.8100    26.8045 1.0000e-12    167.000          1       8403    1509.45 1.9747e+00  55116.322    350.090 1621651601      -0.09      0.453   38.78310  -72.81448 0.0000e+00
    166.164    14.6443    35.9780  1027.5466     2.1851     4.8171     84.534   -0.00052    5.69843    5.69441      8.067    -0.0754   10.36797   4.370569 5.0640e-11    26.8100    26.8045 1.0000e-12    167.500          1       8427    1509.46 1.9747e+00  55116.833    351.101 1621651602       0.08      0.449   38.78310  -72.81448 0.0000e+00
    166.670    14.6440    35.9779  1027.5488     2.1851     4.8152     84.543   -0.00045    5.69561    5.69155      8.067    -0.0770   10.36321   4.370529 5.0640e-11    26.8100    26.8045 1.0000e-12    168.000          1       8447    1509.47 1.9747e+00  55116.945    351.907 1621651603       0.14      0.539   38.78310  -72.81448 0.0000e+00
    167.158    14.6439    35.9778  1027.5509     2.1857     4.8176     84.619    0.00013    5.69329    5.68921      8.071    -0.0542   10.35933   4.370537 5.0640e-11    26.8100    26.8045 1.0000e-12    168.500          1       8476    1509.48 1.9747e+00  55117.129    353.127 1621651604      -0.19      0.503   38.78309  -72.81448 0.0000e+00
    167.646    14.6488    35.9803  1027.5539     2.1906     4.8435     85.072    0.00301    5.69349    5.68941      8.071    -0.0953   10.35964   4.371604 5.0640e-11    26.8109    26.8053 1.0000e-12    169.000          1       8508    1509.51 1.9747e+00  55120.242    354.471 1621651606       0.07      0.317   38.78308  -72.81448 0.0000e+00
    168.150    14.6777    35.9885  1027.5562     2.1941     4.8592     85.348    0.00438    5.69337    5.68929      8.071    -0.0922   10.35945   4.375463 5.0640e-11    26.8110    26.8054 1.0000e-12    169.500          1       8526    1509.62 1.9747e+00  55128.229    355.204 1621651606       0.25      0.483   38.78308  -72.81448 0.0000e+00
    168.649    14.6871    35.9906  1027.5579     2.1959     4.8628     85.417    0.00413    5.69307    5.68898      8.071    -0.0716   10.35894   4.376404 5.0640e-11    26.8106    26.8050 1.0000e-12    170.000          1       8544    1509.66 1.9747e+00  55130.202    355.951 1621651607       0.16      0.647   38.78308  -72.81448 0.0000e+00
    169.146    14.6845    35.9904  1027.5605     2.1969     4.8555     85.306    0.00179    5.69182    5.68772      8.071    -0.0826   10.35682   4.376144 5.0640e-11    26.8109    26.8053 1.0000e-12    170.500          1       8569    1509.66 1.9747e+00  55130.480    356.988 1621651608      -0.16      0.587   38.78308  -72.81448 0.0000e+00
    169.635    14.6863    35.9915  1027.5631     2.1975     4.8494     85.242    0.00034    5.68897    5.68484      8.071    -0.0936   10.35202   4.376485 5.0640e-11    26.8114    26.8058 1.0000e-12    171.000          1       8607    1509.67 1.9747e+00  55132.095    358.593 1621651610      -0.08      0.304   38.78308  -72.81448 0.0000e+00
    170.125    14.6918    35.9938  1027.5659     2.1963     4.8429     85.142   -0.00025    5.68804    5.68391      8.071    -0.0822   10.35047   4.377392 5.0640e-11    26.8120    26.8064 1.0000e-12    171.500          1       8635    1509.70 1.9747e+00  55134.808    359.735 1621651611       0.18      0.352   38.78308  -72.81448 0.0000e+00
    170.633    14.7046    35.9998  1027.5699     2.1963     4.8402     85.099   -0.00084    5.68772    5.68359 -9.990e-29    -0.0921   10.34992   4.379554 5.0640e-11    26.8139    26.8082 1.0000e-12    172.000          1       8651    1509.76 1.9747e+00  55141.775    360.425 1621651612       0.27      0.540   38.78308  -72.81448 0.0000e+00
    171.133    14.7171    36.0029  1027.5718     2.1957     4.8394     85.103   -0.00051    5.68654    5.68239 -9.990e-29    -0.0824   10.34793   4.380984 5.0640e-11    26.8136    26.8079 1.0000e-12    172.500          1       8674    1509.81 1.9747e+00  55144.740    361.374 1621651613      -0.07      0.610   38.78308  -72.81448 0.0000e+00
    171.612    14.7288    36.0069  1027.5744     2.1931     4.8294     84.927   -0.00133    5.68655    5.68240 -9.990e-29    -0.0806   10.34795   4.382636 5.0640e-11    26.8141    26.8084 1.0000e-12    173.000          1       8717    1509.86 1.9747e+00  55149.103    363.171 1621651614      -0.16      0.233   38.78308  -72.81448 0.0000e+00
    172.117    14.7403    36.0105  1027.5769     2.1898     4.8138     84.651   -0.00288    5.68657    5.68242 -9.990e-29    -0.0832   10.34797   4.384180 5.0640e-11    26.8144    26.8087 1.0000e-12    173.500          1       8737    1509.91 1.9747e+00  55152.893    364.011 1621651615       0.35      0.357   38.78306  -72.81448 0.0000e+00
    172.614    14.7410    36.0108  1027.5792     2.1880     4.8070     84.532   -0.00338    5.68656    5.68241 -9.990e-29    -0.1043   10.34797   4.384217 5.0640e-11    26.8145    26.8087 1.0000e-12    174.000          1       8752    1509.92 1.9747e+00  55153.436    364.643 1621651616       0.40      0.604   38.78306  -72.81448 0.0000e+00
    173.118    14.7399    36.0107  1027.5816     2.1857     4.8014     84.435   -0.00316    5.68657    5.68242 -9.990e-29    -0.0935   10.34797   4.384111 5.0640e-11    26.8147    26.8089 1.0000e-12    174.500          1       8770    1509.92 1.9747e+00  55153.734    365.369 1621651617       0.03      0.749   38.78306  -72.81448 0.0000e+00
    173.603    14.7392    36.0108  1027.5840     2.1829     4.7980     84.378   -0.00211    5.68637    5.68222      8.070    -0.0812   10.34764   4.384045 5.0640e-11    26.8149    26.8091 1.0000e-12    175.000          1       8807    1509.93 1.9747e+00  55154.173    366.898 1621651618      -0.28      0.397   38.78306  -72.81448 0.0000e+00
    174.098    14.7390    36.0109  1027.5863     2.1809     4.7958     84.343   -0.00138    5.68604    5.68188      8.069    -0.0769   10.34708   4.384058 5.0640e-11    26.8150    26.8092 1.0000e-12    175.500          1       8841    1509.93 1.9747e+00  55154.638    368.322 1621651620       0.19      0.294   38.78306  -72.81446 0.0000e+00
    174.598    14.7397    36.0111  1027.5885 -9.990e-29     4.7981     84.402   -0.00067    5.68486    5.68069      8.070    -0.0707   10.34508   4.384183 5.0640e-11    26.8151    26.8093 1.0000e-12    176.000          1       8863    1509.95 1.9747e+00  55155.195    369.235 1621651620       0.13      0.481   38.78306  -72.81446 0.0000e+00
    175.091    14.7408    36.0116  1027.5909 -9.990e-29     4.7978     84.421   -0.00018    5.68323    5.67905      8.070    -0.0815   10.34236   4.384364 5.0640e-11    26.8153    26.8094 1.0000e-12    176.500          1       8884    1509.96 1.9747e+00  55156.032    370.116 1621651621       0.05      0.555   38.78306  -72.81446 0.0000e+00
    175.583    14.7429    36.0122  1027.5931 -9.990e-29     4.7990     84.443   -0.00010    5.68310    5.67891      8.070    -0.0806   10.34212   4.384669 5.0640e-11    26.8153    26.8094 1.0000e-12    177.000          1       8904    1509.97 1.9747e+00  55156.859    370.951 1621651622       0.02      0.576   38.78306  -72.81447 0.0000e+00
    176.086    14.7438    36.0125  1027.5954     2.1813     4.7987     84.437    0.00000    5.68310    5.67892      8.070    -0.0815   10.34213   4.384852 5.0640e-11    26.8153    26.8094 1.0000e-12    177.500          1       8923    1509.98 1.9747e+00  55157.373    371.736 1621651623       0.04      0.618   38.78306  -72.81448 0.0000e+00
    176.582    14.7621    36.0187  1027.5982     2.1797     4.7921     84.345   -0.00062    5.68160    5.67740      8.070    -0.0800   10.33959   4.387464 5.0640e-11    26.8161    26.8102 1.0000e-12    178.000          1       8951    1510.06 1.9747e+00  55163.914    372.899 1621651624      -0.16      0.523   38.78306  -72.81448 0.0000e+00
    177.069    14.7679    36.0207  1027.6007     2.1794     4.7918     84.387   -0.00000    5.67839    5.67415      8.069    -0.0707   10.33419   4.388177 5.0640e-11    26.8164    26.8105 1.0000e-12    178.500          1       9005    1510.09 1.9747e+00  55166.260    375.167 1621651626      -0.02      0.152   38.78304  -72.81446 0.0000e+00
    177.569    14.7810    36.0260  1027.6041     2.1782     4.7869     84.302   -0.00044    5.67823    5.67399      8.070    -0.0804   10.33393   4.390457 5.0640e-11    26.8176    26.8117 1.0000e-12    179.000          1       9028    1510.15 1.9747e+00  55172.198    376.108 1621651627       0.37      0.349   38.78304  -72.81446 0.0000e+00
    178.066    14.7970    36.0301  1027.6059     2.1770     4.7796     84.177   -0.00143    5.67801    5.67377      8.070    -0.0705   10.33355   4.392284 5.0640e-11    26.8173    26.8113 1.0000e-12    179.500          1       9044    1510.21 1.9747e+00  55176.149    376.779 1621651628       0.29      0.576   38.78304  -72.81446 0.0000e+00
    178.568    14.7995    36.0311  1027.6084     2.1761     4.7765     84.123   -0.00163    5.67795    5.67372      8.070    -0.0766   10.33346   4.392666 5.0640e-11    26.8175    26.8116 1.0000e-12    180.000          1       9061    1510.23 1.9747e+00  55177.464    377.503 1621651629       0.06      0.718   38.78304  -72.81446 0.0000e+00
    179.059    14.8041    36.0325  1027.6106     2.1763     4.7819     84.218   -0.00051    5.67798    5.67375      8.069    -0.0831   10.33351   4.393251 5.0640e-11    26.8177    26.8117 1.0000e-12    180.500          1       9085    1510.25 1.9747e+00  55179.107    378.512 1621651630      -0.21      0.601   38.78304  -72.81446 0.0000e+00
    179.549    14.8071    36.0335  1027.6129     2.1751     4.7787     84.161   -0.00046    5.67803    5.67379      8.069    -0.0783   10.33358   4.393699 5.0640e-11    26.8178    26.8118 1.0000e-12    181.000          1       9107    1510.27 1.9747e+00  55180.419    379.425 1621651631       0.02      0.486   38.78304  -72.81446 0.0000e+00
    180.054    14.8080    36.0340  1027.6153     2.1740     4.7722     84.047   -0.00124    5.67800    5.67376      8.070    -0.0707   10.33354   4.393820 5.0640e-11    26.8180    26.8120 1.0000e-12    181.500          1       9124    1510.28 1.9747e+00  55181.247    380.137 1621651631       0.19      0.594   38.78304  -72.81446 0.0000e+00
    180.552    14.8078    36.0341  1027.6177     2.1746     4.7768     84.144   -0.00046    5.67686    5.67261      8.069    -0.0760   10.33161   4.393809 5.0640e-11    26.8181    26.8121 1.0000e-12    182.000          1       9162    1510.29 1.9747e+00  55181.701    381.722 1621651633      -0.01      0.394   38.78304  -72.81446 0.0000e+00
    181.035    14.8097    36.0350  1027.6201     2.1728     4.7689     84.024   -0.00107    5.67572    5.67146      8.068    -0.0765   10.32969   4.394153 5.0640e-11    26.8184    26.8123 1.0000e-12    182.500          1       9211    1510.30 1.9747e+00  55182.935    383.765 1621651635       0.37      0.196   38.78304  -72.81446 0.0000e+00
    181.533    14.8161    36.0376  1027.6228     2.1717     4.7621     83.902   -0.00210    5.67574    5.67148      8.067    -0.0822   10.32972   4.395209 5.0640e-11    26.8190    26.8129 1.0000e-12    183.000          1       9228    1510.34 1.9747e+00  55185.960    384.471 1621651636       0.34      0.481   38.78304  -72.81446 0.0000e+00
    182.036    14.8233    36.0395  1027.6250     2.1710     4.7618     83.899   -0.00170    5.67569    5.67143      8.068    -0.0811   10.32964   4.396075 5.0640e-11    26.8189    26.8128 1.0000e-12    183.500          1       9244    1510.37 1.9747e+00  55188.062    385.110 1621651636       0.24      0.679   38.78302  -72.81446 0.0000e+00
    182.532    14.8257    36.0402  1027.6273     2.1705     4.7632     83.925   -0.00103    5.67557    5.67131      8.068    -0.0716   10.32943   4.396375 5.0640e-11    26.8190    26.8128 1.0000e-12    184.000          1       9261    1510.39 1.9747e+00  55189.029    385.840 1621651637      -0.01      0.749   38.78302  -72.81446 0.0000e+00
    183.024    14.8257    36.0406  1027.6297     2.1708     4.7672     83.996   -0.00027    5.67550    5.67124      8.069    -0.0756   10.32932   4.396417 5.0640e-11    26.8192    26.8131 1.0000e-12    184.500          1       9284    1510.39 1.9747e+00  55189.721    386.773 1621651638      -0.18      0.631   38.78302  -72.81446 0.0000e+00
    183.521    14.8257    36.0410  1027.6323     2.1718     4.7732     84.102    0.00057    5.67547    5.67121      8.069    -0.0721   10.32927   4.396489 5.0640e-11    26.8197    26.8135 1.0000e-12    185.000          1       9307    1510.40 1.9747e+00  55190.685    387.759 1621651639      -0.03      0.504   38.78302  -72.81446 0.0000e+00
    184.022    14.8268    36.0416  1027.6347     2.1728     4.7780     84.188    0.00103    5.67539    5.67113      8.070    -0.0764   10.32912   4.396675 5.0640e-11    26.8198    26.8136 1.0000e-12    185.500          1       9330    1510.41 1.9747e+00  55191.562    388.727 1621651640       0.01      0.524   38.78302  -72.81446 0.0000e+00
    184.505    14.8278    36.0420  1027.6369     2.1724     4.7709     84.084   -0.00042    5.67401    5.66973      8.068    -0.0738   10.32680   4.396830 5.0640e-11    26.8200    26.8138 1.0000e-12    186.000          1       9390    1510.43 1.9747e+00  55192.383    391.189 1621651642      -0.05      0.150   38.78302  -72.81446 0.0000e+00
    185.002    14.8295    36.0427  1027.6393     2.1711     4.7642     83.971   -0.00118    5.67368    5.66940      8.068    -0.0822   10.32626   4.397088 5.0640e-11    26.8201    26.8139 1.0000e-12    186.500          1       9416    1510.44 1.9747e+00  55193.354    392.295 1621651643       0.51      0.283   38.78302  -72.81444 0.0000e+00
    185.501    14.8295    36.0431  1027.6418     2.1702     4.7623     83.938   -0.00108    5.67361    5.66933      8.067    -0.0792   10.32614   4.397292 5.0640e-11    26.8205    26.8143 1.0000e-12    187.000          1       9429    1510.45 1.9747e+00  55194.091    392.816 1621651644       0.53      0.588   38.78302  -72.81444 0.0000e+00
    186.006    14.8387    36.0459  1027.6441     2.1689     4.7568     83.840   -0.00153    5.67360    5.66932      8.069    -0.0804   10.32611   4.398487 5.0640e-11    26.8206    26.8144 1.0000e-12    187.500          1       9441    1510.49 1.9747e+00  55197.234    393.325 1621651645       0.40      0.832   38.78302  -72.81444 0.0000e+00
    186.499    14.8403    36.0458  1027.6459     2.1684     4.7548     83.807   -0.00169    5.67355    5.66927      8.068    -0.0729   10.32604   4.398589 5.0640e-11    26.8202    26.8139 1.0000e-12    188.000          1       9454    1510.50 1.9747e+00  55197.106    393.894 1621651645       0.05      0.940   38.78302  -72.81445 0.0000e+00
    187.001    14.8414    36.0462  1027.6482     2.1670     4.7512     83.745   -0.00161    5.67343    5.66915      8.068    -0.0757   10.32583   4.398788 5.0640e-11    26.8203    26.8140 1.0000e-12    188.500          1       9473    1510.52 1.9747e+00  55197.756    394.684 1621651646      -0.23      0.834   38.78301  -72.81446 0.0000e+00
