CalculateIndicators/WaterTemperature/Data/CTD_NYOS/20210322_C078.cnv
* Sea-Bird SBE 9 Data File:
* FileName = C:\Seabird 9 CTD\Data\2021\202103_offshore\20210322_C078.hex
* Software Version Seasave V 7.23.2
* Temperature SN = 4590
* Conductivity SN = 3228
* Number of Bytes Per Scan = 44
* Number of Voltage Words = 5
* Number of Scans Averaged by the Deck Unit = 1
* NMEA Latitude = 38 32.01 N
* NMEA Longitude = 073 04.38 W
* NMEA UTC (Time) = Mar 22 2021  02:12:45
* NMEA baud rate = 4800
** Ship: RV Seawolf
** Station: 7.6
** Operator: TCM
# nquan = 31
# nvalues = 605                         
# units = specified
# name 0 = depSM: Depth [salt water, m]
# name 1 = t090C: Temperature [ITS-90, deg C]
# name 2 = sal00: Salinity, Practical [PSU]
# name 3 = density00: Density [density, kg/m^3]
# name 4 = sbeox0V: Oxygen raw, SBE 43 [V]
# name 5 = sbeox0ML/L: Oxygen, SBE 43 [ml/l]
# name 6 = sbeox0PS: Oxygen, SBE 43 [% saturation]
# name 7 = sbox0dV/dT: Oxygen, SBE 43 [dov/dt]
# name 8 = oxsolML/L: Oxygen Saturation, Garcia & Gordon [ml/l]
# name 9 = oxsatML/L: Oxygen Saturation, Weiss [ml/l]
# name 10 = ph: pH
# name 11 = flECO-AFL: Fluorescence, WET Labs ECO-AFL/FL [mg/m^3]
# name 12 = n2satML/L: Nitrogen Saturation [ml/l]
# name 13 = c0S/m: Conductivity [S/m]
# name 14 = cpar: CPAR/Corrected Irradiance [%]
# name 15 = sigma-é00: Density [sigma-theta, kg/m^3]
# name 16 = sigma-t00: Density [sigma-t, kg/m^3 ]
# name 17 = par: PAR/Irradiance, Biospherical/Licor
# name 18 = prDM: Pressure, Digiquartz [db]
# name 19 = pumps: Pump Status
# name 20 = scan: Scan Count
# name 21 = svCM: Sound Velocity [Chen-Millero, m/s]
# name 22 = spar: SPAR, Biospherical/Licor
# name 23 = specc: Specific Conductance [uS/cm]
# name 24 = timeS: Time, Elapsed [seconds]
# name 25 = timeY: Time, System [seconds]
# name 26 = accM: Acceleration [m/s^2]
# name 27 = dz/dtM: Descent Rate [m/s]
# name 28 = latitude: Latitude [deg]
# name 29 = longitude: Longitude [deg]
# name 30 = flag: flag
# span 0 =      0.956,    300.516       
# span 1 =    10.5143,    13.4582       
# span 2 =    35.3636,    35.6706       
# span 3 =  1026.7574,  1028.5092       
# span 4 =     1.4172,     2.4106       
# span 5 =     2.9147,     5.5581       
# span 6 =     47.413,     94.108       
# span 7 =   -0.01815,    0.01996       
# span 8 =    5.84736,    6.23248       
# span 9 =    5.84496,    6.23504       
# span 10 =      8.340,      8.556      
# span 11 =    -0.0675,     0.9567      
# span 12 =   10.61781,   11.25816      
# span 13 =   3.907413,   4.219607      
# span 14 = -1.546e+04, 1.3775e+05      
# span 15 =    26.7520,    27.1526      
# span 16 =    26.7517,    27.1461      
# span 17 = -2.977e-02, 3.8100e-02      
# span 18 =      1.000,    303.000      
# span 19 =          1,          1      
# span 20 =        275,      64757      
# span 21 =    1497.10,    1505.35      
# span 22 = -7.455e-01, 2.2800e+00      
# span 23 =  54541.079,  55007.621      
# span 24 =     11.430,   2698.153      
# span 25 = 1616379177, 1616381864      
# span 26 =      -0.93,       0.88      
# span 27 =     -1.236,      1.346      
# span 28 =   38.53147,   38.53362      
# span 29 =  -73.09139,  -73.07317      
# span 30 = 0.0000e+00, 0.0000e+00      
# interval = decibars: 1                
# start_time = Mar 22 2021 02:12:46 [System UTC, first data scan.]
# bad_flag = -9.990e-29
*END*
[from data line 562]
     42.664    13.0601    35.4988  1026.9593     2.3317     5.3609     90.740    0.00110    5.90259    5.90077      8.549     0.5017   10.71114   4.156442 5.0640e-11    26.7685    26.7673 1.0000e-12     43.000          1      59784    1501.70 1.9747e+00  54599.871   2490.949 1616381657       0.09     -0.839   38.53162  -73.09003 0.0000e+00
     41.678    13.0519    35.4957  1026.9541     2.3357     5.3567     90.913    0.00110    5.90296    5.90114      8.549     0.4017   10.71176   4.155261 5.0640e-11    26.7678    26.7666 1.0000e-12     42.000          1      59940    1501.65 1.9747e+00  54596.262   2497.460 1616381663      -0.78     -0.506   38.53162  -73.09008 0.0000e+00
     40.673    13.0508    35.4957  1026.9498     2.3351     5.3609     90.803    0.00004    5.90152    5.89968 -9.990e-29     0.4178   10.70934   4.155132 5.0640e-11    26.7679    26.7668 1.0000e-12     41.000          1      59974    1501.63 1.9747e+00  54595.742   2498.886 1616381665      -0.12     -1.046   38.53162  -73.09008 0.0000e+00
     39.697    13.0620    35.4971  1026.9442     2.3362     5.3625     90.807   -0.00030    5.89826    5.89638 -9.990e-29     0.3972   10.70389   4.156350 5.0640e-11    26.7668    26.7656 1.0000e-12     40.000          1      60116    1501.65 1.9747e+00  54595.559   2504.782 1616381671       0.11     -0.428   38.53161  -73.09013 0.0000e+00
     38.706    13.0777    35.5006  1026.9393     2.3382     5.3679     90.992    0.00101    5.89607    5.89417 -9.990e-29     0.4097   10.70024   4.158332 5.0640e-11    26.7662    26.7651 1.0000e-12     39.000          1      60190    1501.69 1.9747e+00  54597.380   2507.859 1616381674      -0.15     -0.712   38.53160  -73.09014 0.0000e+00
     37.699    13.0921    35.5034  1026.9340     2.3387     5.3612     91.004    0.00079    5.89671    5.89481 -9.990e-29     0.4315   10.70129   4.160084 5.0640e-11    26.7655    26.7644 1.0000e-12     38.000          1      60229    1501.72 1.9747e+00  54598.633   2509.493 1616381675      -0.04     -0.813   38.53160  -73.09016 0.0000e+00
     36.707    13.1035    35.5068  1026.9298     2.3389     5.3609     90.908   -0.00034    5.89636    5.89447 -9.990e-29     0.4512   10.70072   4.161404 5.0640e-11    26.7657    26.7647 1.0000e-12     37.000          1      60369    1501.75 1.9747e+00  54600.969   2515.350 1616381681      -0.42     -0.962   38.53160  -73.09020 0.0000e+00
     35.722    13.1029    35.5066  1026.9254     2.3403     5.3674     91.015    0.00035    5.89570    5.89380 -9.990e-29     0.4406   10.69962   4.161181 4.0734e+04    26.7657    26.7647 1.0000e-12     36.000          1      60476    1501.73 1.1703e+00  54600.195   2519.778 1616381686      -0.08     -0.361   38.53160  -73.09023 0.0000e+00
     34.726    13.1096    35.5077  1026.9204     2.3427     5.3693     91.162    0.00098    5.89445    5.89253 -9.990e-29     0.4506   10.69752   4.161946 2.6636e+03    26.7651    26.7642 1.0000e-12     35.000          1      60571    1501.74 1.9221e+00  54600.165   2523.770 1616381690      -0.25     -0.678   38.53160  -73.09025 0.0000e+00
     33.741    13.1153    35.5090  1026.9158     2.3428     5.3707     91.056   -0.00043    5.89395    5.89202 -9.990e-29     0.4388   10.69667   4.162649 5.0640e-11    26.7650    26.7641 1.0000e-12     34.000          1      60673    1501.74 1.9747e+00  54600.647   2527.992 1616381694       0.08     -0.303   38.53160  -73.09029 0.0000e+00
     32.748    13.1198    35.5101  1026.9113     2.3450     5.3791     91.241    0.00079    5.89352    5.89160 -9.990e-29     0.3863   10.69596   4.163108 5.0640e-11    26.7649    26.7640 1.0000e-12     33.000          1      60791    1501.74 1.9747e+00  54600.870   2532.928 1616381699      -0.10     -0.466   38.53159  -73.09032 0.0000e+00
     31.755    13.1230    35.5108  1026.9067     2.3461     5.3761     91.249    0.00034    5.89340    5.89147 -9.990e-29     0.4422   10.69576   4.163451 5.0640e-11    26.7648    26.7639 1.0000e-12     32.000          1      60901    1501.74 1.9747e+00  54600.775   2537.517 1616381703      -0.06     -0.233   38.53158  -73.09035 0.0000e+00
     30.764    13.1235    35.5110  1026.9023     2.3464     5.3785     91.222   -0.00003    5.89346    5.89153      8.549     0.4590   10.69586   4.163468 5.0640e-11    26.7648    26.7639 1.0000e-12     31.000          1      61018    1501.72 1.9747e+00  54600.404   2542.367 1616381708      -0.08     -0.271   38.53158  -73.09038 0.0000e+00
     29.773    13.1231    35.5107  1026.8977     2.3474     5.3797     91.276    0.00018    5.89364    5.89171      8.551     0.4386   10.69617   4.163341 5.0640e-11    26.7646    26.7638 1.0000e-12     30.000          1      61119    1501.70 1.9747e+00  54599.422   2546.579 1616381713       0.00     -0.212   38.53158  -73.09041 0.0000e+00
     28.776    13.1223    35.5102  1026.8930     2.3483     5.3866     91.338    0.00047    5.89403    5.89210      8.552     0.4746   10.69683   4.163161 5.0640e-11    26.7643    26.7635 1.0000e-12     29.000          1      61191    1501.68 1.9747e+00  54598.180   2549.591 1616381716      -0.24     -0.418   38.53158  -73.09043 0.0000e+00
     27.785    13.1197    35.5088  1026.8880     2.3503     5.3875     91.363   -0.00025    5.89498    5.89307      8.552     0.4702   10.69845   4.162716 5.0640e-11    26.7638    26.7630 1.0000e-12     28.000          1      61302    1501.66 1.9747e+00  54596.172   2554.202 1616381720      -0.20     -0.350   38.53158  -73.09046 0.0000e+00
     26.799    13.1158    35.5065  1026.8825     2.3560     5.4405     91.864    0.00288    5.89490    5.89299 -9.990e-29     0.4974   10.69832   4.161952 5.0640e-11    26.7627    26.7620 1.0000e-12     27.000          1      61374    1501.62 1.9747e+00  54592.913   2557.199 1616381723       0.04     -0.339   38.53158  -73.09047 0.0000e+00
     25.802    13.1131    35.5045  1026.8770     2.3563     5.3944     91.693    0.00060    5.89441    5.89249 -9.990e-29     0.4388   10.69748   4.161521 7.9412e+04    26.7617    26.7610 1.0000e-12     26.000          1      61497    1501.60 4.0653e-01  54589.927   2562.320 1616381728      -0.07     -0.332   38.53156  -73.09051 0.0000e+00
     24.802    13.1167    35.5068  1026.8736     2.3534     5.3947     91.487   -0.00038    5.89464    5.89272 -9.990e-29     0.3897   10.69788   4.162064 9.9141e+04    26.7628    26.7621 1.0000e-12     25.000          1      61559    1501.59 1.6934e-02  54592.032   2564.919 1616381731      -0.27     -0.567   38.53156  -73.09053 0.0000e+00
     23.807    13.1072    35.5005  1026.8662     2.3660     5.4324     92.104   -0.00015    5.89586    5.89395      8.554     0.5280   10.69994   4.160408 -1.546e+04    26.7598    26.7591 1.0000e-12     24.000          1      62859    1501.54 2.2800e+00  54584.063   2619.067 1616381785      -0.40     -0.757   38.53155  -73.09088 0.0000e+00
     22.816    13.1060    35.5010  1026.8623     2.3644     5.4274     92.087    0.00091    5.89605    5.89415      8.554     0.5151   10.70026   4.160326 5.8544e+02    26.7603    26.7597 1.0000e-12     23.000          1      62934    1501.52 1.9631e+00  54584.331   2622.208 1616381788       0.26     -0.970   38.53154  -73.09090 0.0000e+00
     21.835    13.1082    35.5012  1026.8577     2.3656     5.4334     92.076    0.00015    5.89563    5.89372      8.554     0.4482   10.69956   4.160472 5.0640e-11    26.7600    26.7594 1.0000e-12     22.000          1      63058    1501.51 1.9747e+00  54583.763   2627.371 1616381793      -0.21     -0.181   38.53154  -73.09093 0.0000e+00
     20.839    13.1074    35.5006  1026.8529     2.3665     5.4284     92.140    0.00071    5.89597    5.89406      8.554     0.4734   10.70013   4.160326 5.0640e-11    26.7597    26.7591 1.0000e-12     21.000          1      63120    1501.49 1.9747e+00  54582.385   2629.958 1616381796      -0.11     -0.660   38.53154  -73.09094 0.0000e+00
     19.845    13.1071    35.5009  1026.8487     2.3655     5.4255     92.014   -0.00040    5.89601    5.89410 -9.990e-29     0.7014   10.70019   4.160280 5.0640e-11    26.7600    26.7594 1.0000e-12     20.000          1      63161    1501.47 1.9747e+00  54582.297   2631.686 1616381798       0.06     -0.603   38.53154  -73.09096 0.0000e+00
     18.855    13.1046    35.4991  1026.8434     2.3685     5.4436     92.253    0.00105    5.89654    5.89465 -9.990e-29     0.5564   10.70111   4.159790 5.0640e-11    26.7591    26.7586 1.0000e-12     19.000          1      63265    1501.45 1.9747e+00  54579.673   2636.018 1616381802      -0.33     -0.330   38.53154  -73.09100 0.0000e+00
     17.860    13.1014    35.4971  1026.8380     2.3730     5.4602     92.497    0.00151    5.89708    5.89518 -9.990e-29     0.5101   10.70202   4.159206 5.0640e-11    26.7581    26.7576 1.0000e-12     18.000          1      63337    1501.42 1.9747e+00  54576.651   2638.994 1616381805       0.05     -0.505   38.53154  -73.09101 0.0000e+00
     16.869    13.0968    35.4948  1026.8326     2.3797     5.4734     92.783    0.00111    5.89757    5.89568 -9.990e-29     0.6228   10.70285   4.158479 5.0640e-11    26.7572    26.7568 1.0000e-12     17.000          1      63443    1501.38 1.9747e+00  54573.540   2643.412 1616381809      -0.25     -0.260   38.53154  -73.09103 0.0000e+00
     15.877    13.0936    35.4939  1026.8282     2.3816     5.4745     92.795    0.00018    5.89738    5.89549 -9.990e-29     0.5843   10.70253   4.158039 -9.990e-29    26.7572    26.7567 1.0000e-12     16.000          1      63543    1501.35 -9.990e-29  54572.233   2647.564 1616381814      -0.03     -0.398   38.53152  -73.09106 0.0000e+00
     14.883    13.0958    35.4943  1026.8236     2.3817     5.4635     92.785    0.00011    5.89714    5.89524 -9.990e-29     0.6012   10.70212   4.158244 2.9367e+04    26.7570    26.7566 1.0000e-12     15.000          1      63631    1501.34 1.3948e+00  54571.865   2651.233 1616381817      -0.30     -0.304   38.53152  -73.09109 0.0000e+00
     13.892    13.0963    35.4950  1026.8195     2.3806     5.4678     92.690   -0.00006    5.89693    5.89504 -9.990e-29     0.5057   10.70177   4.158330 1.7032e+03    26.7574    26.7570 1.0000e-12     14.000          1      63724    1501.33 1.9411e+00  54572.125   2655.119 1616381821      -0.01     -0.541   38.53152  -73.09111 0.0000e+00
     12.906    13.0955    35.4948  1026.8151     2.3811     5.4579     92.744    0.00034    5.89601    5.89411 -9.990e-29     0.6012   10.70022   4.158182 -6.404e+00    26.7574    26.7570 1.0000e-12     13.000          1      63773    1501.31 1.9748e+00  54571.385   2657.151 1616381823      -0.28     -0.455   38.53152  -73.09112 0.0000e+00
     11.902    13.0991    35.4962  1026.8110     2.3776     5.4489     92.525   -0.00017    5.89654    5.89464      8.556     0.5407   10.70111   4.158667 5.0640e-11    26.7578    26.7574 1.0000e-12     12.000          1      63840    1501.31 1.9747e+00  54572.244   2659.967 1616381826      -0.15     -0.552   38.53152  -73.09115 0.0000e+00
     10.916    13.0976    35.4955  1026.8062     2.3786     5.4632     92.665    0.00129    5.89729    5.89539      8.555     0.5914   10.70236   4.158364 5.0640e-11    26.7574    26.7571 1.0000e-12     11.000          1      63924    1501.29 1.9747e+00  54570.806   2663.441 1616381829      -0.06     -0.558   38.53152  -73.09116 0.0000e+00
      9.922    13.0976    35.4953  1026.8017     2.3794     5.4636     92.635    0.00042    5.89712    5.89522      8.555     0.5181   10.70208   4.158321 5.0640e-11    26.7573    26.7570 1.0000e-12     10.000          1      63986    1501.27 1.9747e+00  54570.023   2666.025 1616381832       0.08     -0.378   38.53151  -73.09118 0.0000e+00
      8.935    13.0954    35.4945  1026.7971     2.3827     5.4792     92.825    0.00102    5.89797    5.89609      8.556     0.5254   10.70352   4.157941 5.0640e-11    26.7571    26.7569 1.0000e-12      9.000          1      64115    1501.24 1.9747e+00  54568.676   2671.405 1616381837      -0.13     -0.167   38.53150  -73.09121 0.0000e+00
      7.939    13.0920    35.4935  1026.7925     2.3855     5.4818     92.944    0.00088    5.89792    5.89603      8.556     0.5238   10.70343   4.157462 5.0640e-11    26.7570    26.7568 1.0000e-12      8.000          1      64183    1501.22 1.9747e+00  54567.181   2674.270 1616381840      -0.03     -0.332   38.53150  -73.09124 0.0000e+00
      6.949    13.0911    35.4932  1026.7880     2.3873     5.4797     92.998    0.00066    5.89797    5.89609      8.555     0.4662   10.70352   4.157320 5.0640e-11    26.7569    26.7567 1.0000e-12      7.000          1      64275    1501.20 1.9747e+00  54566.333   2678.083 1616381844      -0.49     -0.436   38.53150  -73.09125 0.0000e+00
      5.948    13.0877    35.4935  1026.7843     2.3861     5.4784     92.876   -0.00018    5.89879    5.89691      8.555     0.5265   10.70487   4.156941 5.0640e-11    26.7577    26.7576 1.0000e-12      6.000          1      64345    1501.17 1.9747e+00  54566.493   2680.993 1616381847      -0.18     -0.404   38.53150  -73.09128 0.0000e+00
      4.961    13.0834    35.4937  1026.7810     2.3871     5.4790     92.982    0.00091    5.89896    5.89709      8.554     0.5220   10.70514   4.156506 1.7921e+04    26.7588    26.7587 1.0000e-12      5.000          1      64458    1501.14 1.6208e+00  54566.908   2685.725 1616381852      -0.53     -0.364   38.53150  -73.09130 0.0000e+00
      3.967    13.0824    35.4941  1026.7770     2.3859     5.4741     92.826   -0.00036    5.89890    5.89702      8.554     0.5019   10.70504   4.156407 5.4495e+04    26.7593    26.7592 1.0000e-12      4.000          1      64512    1501.12 8.9858e-01  54566.946   2687.956 1616381854       0.07     -0.452   38.53150  -73.09132 0.0000e+00
      2.981    13.0833    35.4942  1026.7725     2.3848     5.4725     92.774   -0.00013    5.89882    5.89694      8.553     0.4838   10.70491   4.156479 -4.905e+03    26.7591    26.7591 1.0000e-12      3.000          1      64631    1501.10 2.0716e+00  54566.401   2692.922 1616381859      -0.02     -0.130   38.53150  -73.09136 0.0000e+00
      1.981    13.0842    35.4942  1026.7678     2.3841     5.4674     92.725   -0.00028    5.89882    5.89695      8.553     0.5135   10.70492   4.156520 4.8316e+04    26.7590    26.7589 3.8100e-02      2.000          1      64698    1501.09 1.0206e+00  54565.721   2695.703 1616381862      -0.09     -0.427   38.53150  -73.09136 0.0000e+00
      0.975    13.0847    35.4945  1026.7634     2.3831     5.4777     92.575   -0.00174    5.89884    5.89697      8.555     0.3924   10.70495   4.156543 1.3775e+05    26.7591    26.7590 -2.977e-02      1.000          1      64757    1501.07 -7.455e-01  54565.386   2698.153 1616381864       0.05     -0.442   38.53147  -73.09139 0.0000e+00
