CalculateIndicators/WaterTemperature/Data/CTD_NYOS/20210323_C20.cnv
* Sea-Bird SBE 9 Data File:
* FileName = C:\Seabird 9 CTD\Data\2021\202103_offshore\20210323_C20.hex
* Software Version Seasave V 7.23.2
* Temperature SN = 4590
* Conductivity SN = 3228
* Number of Bytes Per Scan = 44
* Number of Voltage Words = 5
* Number of Scans Averaged by the Deck Unit = 1
* NMEA Latitude = 39 38.84 N
* NMEA Longitude = 072 47.57 W
* NMEA UTC (Time) = Mar 23 2021  18:46:04
* NMEA baud rate = 4800
** Ship: RV Seawolf
** Station: 5.4
** Operator: EIH
# nquan = 31
# nvalues = 122                         
# units = specified
# name 0 = depSM: Depth [salt water, m]
# name 1 = t090C: Temperature [ITS-90, deg C]
# name 2 = sal00: Salinity, Practical [PSU]
# name 3 = density00: Density [density, kg/m^3]
# name 4 = sbeox0V: Oxygen raw, SBE 43 [V]
# name 5 = sbeox0ML/L: Oxygen, SBE 43 [ml/l]
# name 6 = sbeox0PS: Oxygen, SBE 43 [% saturation]
# name 7 = sbox0dV/dT: Oxygen, SBE 43 [dov/dt]
# name 8 = oxsolML/L: Oxygen Saturation, Garcia & Gordon [ml/l]
# name 9 = oxsatML/L: Oxygen Saturation, Weiss [ml/l]
# name 10 = ph: pH
# name 11 = flECO-AFL: Fluorescence, WET Labs ECO-AFL/FL [mg/m^3]
# name 12 = n2satML/L: Nitrogen Saturation [ml/l]
# name 13 = c0S/m: Conductivity [S/m]
# name 14 = cpar: CPAR/Corrected Irradiance [%]
# name 15 = sigma-é00: Density [sigma-theta, kg/m^3]
# name 16 = sigma-t00: Density [sigma-t, kg/m^3 ]
# name 17 = par: PAR/Irradiance, Biospherical/Licor
# name 18 = prDM: Pressure, Digiquartz [db]
# name 19 = pumps: Pump Status
# name 20 = scan: Scan Count
# name 21 = svCM: Sound Velocity [Chen-Millero, m/s]
# name 22 = spar: SPAR, Biospherical/Licor
# name 23 = specc: Specific Conductance [uS/cm]
# name 24 = timeS: Time, Elapsed [seconds]
# name 25 = timeY: Time, System [seconds]
# name 26 = accM: Acceleration [m/s^2]
# name 27 = dz/dtM: Descent Rate [m/s]
# name 28 = latitude: Latitude [deg]
# name 29 = longitude: Longitude [deg]
# name 30 = flag: flag
# span 0 =      0.967,     61.528       
# span 1 =     8.5770,     9.5278       
# span 2 =    33.8661,    34.0929       
# span 3 =  1026.2414,  1026.6600       
# span 4 =     2.4317,     2.6462       
# span 5 =     6.2508,     6.8588       
# span 6 =     96.329,    106.395       
# span 7 =   -0.02603,    0.01328       
# span 8 =    6.42175,    6.56294       
# span 9 =    6.42573,    6.56888       
# span 10 =      8.527,      8.579      
# span 11 =     0.1275,     1.4238      
# span 12 =   11.58712,   11.82174      
# span 13 =   3.568886,   3.665997      
# span 14 = 1.6105e-02, 8.5497e+01      
# span 15 =    26.2344,    26.3793      
# span 16 =    26.2343,    26.3782      
# span 17 = 3.3110e-01, 1.8289e+03      
# span 18 =      1.000,     62.000      
# span 19 =          1,          1      
# span 20 =        123,      14615      
# span 21 =    1483.54,    1486.96      
# span 22 = 1.4094e+03, 2.1430e+03      
# span 23 =  53082.461,  53351.028      
# span 24 =      5.097,    608.925      
# span 25 = 1616525170, 1616525774      
# span 26 =      -1.14,       0.70      
# span 27 =     -1.243,      1.203      
# span 28 =   39.64641,   39.64740      
# span 29 =  -72.79569,  -72.79301      
# span 30 = 0.0000e+00, 0.0000e+00      
# interval = decibars: 1                
# start_time = Mar 23 2021 18:46:05 [System UTC, first data scan.]
# bad_flag = -9.990e-29
*END*
[from data line 47]
     47.623     9.0763    34.0584  1026.5869     2.4457     6.3062     97.174    0.00063    6.48348    6.48843      8.535     0.1594   11.68823   3.633989 7.0833e-02    26.3695    26.3687 1.4296e+00     48.000          1       2934    1486.11 2.0184e+03  53317.033    122.209 1616525287       0.27      0.637   39.64724  -72.79356 0.0000e+00
     48.625     9.0734    34.0583  1026.5919     2.4467     6.3036     97.266    0.00110    6.48329    6.48825      8.536     0.1561   11.68793   3.633758 6.6440e-02    26.3699    26.3690 1.3428e+00     49.000          1       2958    1486.12 2.0211e+03  53318.190    123.210 1616525288       0.19      0.868   39.64724  -72.79358 0.0000e+00
     49.617     9.0721    34.0587  1026.5969     2.4467     6.2973     97.218    0.00043    6.48330    6.48826      8.537     0.1459   11.68794   3.633699 6.0100e-02    26.3704    26.3695 1.2240e+00     50.000          1       3028    1486.13 2.0375e+03  53319.648    126.115 1616525291      -0.04      0.599   39.64722  -72.79359 0.0000e+00
     50.604     9.0723    34.0592  1026.6018     2.4462     6.2950     97.192    0.00013    6.48281    6.48776      8.538     0.1588   11.68711   3.633800 5.3683e-02    26.3708    26.3699 1.1052e+00     51.000          1       3127    1486.15 2.0587e+03  53320.970    130.232 1616525295       0.25      0.519   39.64722  -72.79360 0.0000e+00
     51.595     9.0728    34.0595  1026.6065     2.4456     6.2989     97.092   -0.00064    6.48330    6.48825 -9.990e-29     0.1569   11.68792   3.633922 4.8467e-02    26.3710    26.3701 9.9576e-01     52.000          1       3160    1486.17 2.0544e+03  53321.977    131.627 1616525296       0.06      0.697   39.64722  -72.79360 0.0000e+00
     52.597     9.0757    34.0610  1026.6117     2.4458     6.2963     97.204    0.00045    6.48298    6.48793      8.538     0.1825   11.68739   3.634396 4.3921e-02    26.3716    26.3707 9.0244e-01     53.000          1       3216    1486.20 2.0548e+03  53323.969    133.959 1616525299       0.20      0.616   39.64721  -72.79361 0.0000e+00
     53.590     9.0782    34.0617  1026.6165     2.4472     6.3097     97.366    0.00122    6.48226    6.48721      8.538     0.1973   11.68618   3.634730 4.0667e-02    26.3718    26.3709 8.4326e-01     54.000          1       3294    1486.22 2.0736e+03  53325.128    137.194 1616525302       0.51      0.775   39.64720  -72.79362 0.0000e+00
     54.576     9.0795    34.0622  1026.6212     2.4471     6.3002     97.262    0.00003    6.48217    6.48711      8.538     0.1615   11.68602   3.634912 3.5582e-02    26.3720    26.3711 7.2984e-01     55.000          1       3352    1486.24 2.0506e+03  53326.187    139.618 1616525304      -0.17      0.465   39.64720  -72.79364 0.0000e+00
     55.560     9.0800    34.0626  1026.6259     2.4447     6.3004     97.102   -0.00069    6.48217    6.48712      8.538     0.1421   11.68602   3.635032 3.1252e-02    26.3722    26.3713 6.3132e-01     56.000          1       3451    1486.26 2.0207e+03  53327.237    143.752 1616525308       0.06      0.188   39.64720  -72.79365 0.0000e+00
     56.559     9.0789    34.0629  1026.6309     2.4462     6.3063     97.318    0.00078    6.48200    6.48695      8.538     0.1326   11.68574   3.635015 2.9016e-02    26.3727    26.3718 5.9550e-01     57.000          1       3490    1486.28 2.0525e+03  53328.668    145.387 1616525310       0.33      0.588   39.64720  -72.79366 0.0000e+00
     57.551     9.0806    34.0631  1026.6354     2.4462     6.3038     97.266    0.00013    6.48197    6.48691      8.538     0.1468   11.68569   3.635229 2.6391e-02    26.3727    26.3717 5.4326e-01     58.000          1       3530    1486.30 2.0584e+03  53329.268    147.045 1616525312      -0.14      0.636   39.64720  -72.79367 0.0000e+00
     58.543     9.0813    34.0633  1026.6400     2.4466     6.3029     97.294    0.00016    6.48092    6.48585      8.538     0.1523   11.68394   3.635367 2.3138e-02    26.3727    26.3717 4.7174e-01     59.000          1       3595    1486.32 2.0385e+03  53330.034    149.765 1616525314      -0.07      0.340   39.64718  -72.79368 0.0000e+00
     59.528     9.0901    34.0655  1026.6448     2.4460     6.2760     97.230   -0.00029    6.46842    6.47318      8.537     0.1603   11.66299   3.636490 1.9849e-02    26.3731    26.3720 4.0538e-01     60.000          1       3695    1486.37 2.0422e+03  53331.863    153.901 1616525319       0.10      0.232   39.64718  -72.79370 0.0000e+00
     60.528     9.1433    34.0808  1026.6527     2.4403     6.2508     96.734   -0.00269    6.46938    6.47416      8.535     0.1374   11.66461   3.643164 1.8300e-02    26.3765    26.3754 3.7251e-01     61.000          1       3737    1486.60 2.0356e+03  53342.409    155.657 1616525320      -0.05      0.495   39.64718  -72.79370 0.0000e+00
     61.528     9.1847    34.0929  1026.6600     2.4317     6.2538     96.329   -0.00243    6.47510    6.47996      8.538     0.1687   11.67417   3.647867 1.6105e-02    26.3793    26.3782 3.3110e-01     62.000          1       4056    1486.78 2.0559e+03  53351.028    168.956 1616525334      -0.31      0.355   39.64715  -72.79374 0.0000e+00
     60.523     9.1425    34.0815  1026.6534     2.4354     6.2693     96.797    0.00076    6.47236    6.47718      8.540     0.1739   11.66959   3.642738 1.7511e-02    26.3772    26.3761 3.6622e-01     61.000          1       4690    1486.60 2.0896e+03  53343.593    195.389 1616525360      -0.08     -0.203   39.64709  -72.79384 0.0000e+00
     59.544     9.1268    34.0770  1026.6478     2.4379     6.2837     96.889    0.00077    6.48094    6.48587      8.542     0.1774   11.68395   3.640749 2.1007e-02    26.3761    26.3751 4.4670e-01     60.000          1       6040    1486.52 2.1269e+03  53339.921    251.622 1616525416      -0.45     -0.290   39.64697  -72.79407 0.0000e+00
     58.538     9.1095    34.0723  1026.6424     2.4392     6.2992     96.973    0.00095    6.48086    6.48579      8.542     0.1881   11.68382   3.638572 2.2634e-02    26.3752    26.3742 4.7938e-01     59.000          1       5992    1486.43 2.1180e+03  53336.452    249.607 1616525414      -0.32     -0.802   39.64698  -72.79406 0.0000e+00
     57.544     9.0944    34.0681  1026.6370     2.4422     6.3036     97.221    0.00211    6.48102    6.48595      8.542     0.1823   11.68410   3.636762 2.4691e-02    26.3743    26.3733 5.2192e-01     58.000          1       6021    1486.35 2.1138e+03  53333.210    250.837 1616525416       0.10     -0.871   39.64698  -72.79406 0.0000e+00
     56.559     9.0825    34.0642  1026.6313     2.4457     6.3060     97.264    0.00086    6.48296    6.48791      8.542     0.1545   11.68735   3.635343 2.8710e-02    26.3731    26.3721 6.0593e-01     57.000          1       6117    1486.29 2.1106e+03  53329.615    254.839 1616525420      -0.10     -0.228   39.64697  -72.79408 0.0000e+00
     55.564     9.0764    34.0614  1026.6256     2.4464     6.3012     97.233    0.00027    6.48315    6.48811      8.542     0.1549   11.68768   3.634404 3.2270e-02    26.3719    26.3710 6.7843e-01     56.000          1       6171    1486.25 2.1024e+03  53326.386    257.065 1616525422      -0.24     -0.568   39.64696  -72.79409 0.0000e+00
     54.574     9.0734    34.0596  1026.6201     2.4462     6.3004     97.169   -0.00018    6.48317    6.48813      8.541     0.1676   11.68771   3.634021 3.4660e-02    26.3710    26.3700 7.2529e-01     55.000          1       6220    1486.22 2.0926e+03  53323.878    259.134 1616525424       0.17     -0.483   39.64696  -72.79410 0.0000e+00
     53.578     9.0742    34.0599  1026.6157     2.4463     6.3004     97.204    0.00019    6.48321    6.48816      8.541     0.1638   11.68778   3.634085 3.7794e-02    26.3711    26.3702 7.9226e-01     54.000          1       6265    1486.21 2.0962e+03  53323.527    260.987 1616525426      -0.23     -0.563   39.64696  -72.79410 0.0000e+00
     52.589     9.0735    34.0594  1026.6109     2.4457     6.2962     97.116   -0.00029    6.48328    6.48823      8.542     0.1823   11.68790   3.633951 4.3433e-02    26.3708    26.3699 9.1115e-01     53.000          1       6339    1486.19 2.0979e+03  53322.318    264.103 1616525429       0.07     -0.290   39.64696  -72.79412 0.0000e+00
     51.602     9.0733    34.0590  1026.6060     2.4458     6.2986     97.157    0.00033    6.48295    6.48790      8.541     0.1486   11.68736   3.633851 4.8153e-02    26.3705    26.3696 1.0043e+00     52.000          1       6411    1486.17 2.0857e+03  53321.050    267.081 1616525432      -0.10     -0.419   39.64694  -72.79412 0.0000e+00
     50.599     9.0730    34.0587  1026.6013     2.4460     6.2968     97.130    0.00005    6.48261    6.48756      8.540     0.1275   11.68680   3.633763 5.2894e-02    26.3702    26.3694 1.1118e+00     51.000          1       6443    1486.15 2.1018e+03  53320.063    268.420 1616525433      -0.22     -0.664   39.64694  -72.79414 0.0000e+00
     49.614     9.0765    34.0586  1026.5961     2.4458     6.2914     97.105   -0.00005    6.48228    6.48722      8.540     0.1868   11.68623   3.634057 5.7286e-02    26.3696    26.3688 1.2186e+00     50.000          1       6488    1486.15 2.1272e+03  53318.518    270.300 1616525435       0.18     -0.550   39.64694  -72.79414 0.0000e+00
     48.621     9.0801    34.0595  1026.5917     2.4456     6.2924     97.083   -0.00004    6.48171    6.48664      8.539     0.1699   11.68530   3.634425 6.4576e-02    26.3697    26.3689 1.3696e+00     49.000          1       6563    1486.14 2.1212e+03  53318.327    273.427 1616525438       0.08     -0.285   39.64694  -72.79416 0.0000e+00
     47.644     9.0839    34.0598  1026.5868     2.4455     6.2782     97.052   -0.00005    6.48092    6.48584      8.538     0.1642   11.68399   3.634775 7.1494e-02    26.3693    26.3685 1.5018e+00     48.000          1       6644    1486.14 2.1004e+03  53317.277    276.783 1616525441      -0.60     -0.305   39.64692  -72.79417 0.0000e+00
     46.621     9.0865    34.0599  1026.5818     2.4439     6.2725     96.904   -0.00081    6.48136    6.48629      8.538     0.1862   11.68474   3.635019 7.7462e-02    26.3690    26.3682 1.6460e+00     47.000          1       6661    1486.13 2.1246e+03  53316.217    277.492 1616525442      -0.63     -0.925   39.64692  -72.79418 0.0000e+00
     45.646     9.0897    34.0595  1026.5765     2.4393     6.2763     96.561   -0.00214    6.48954    6.49458      8.539     0.2183   11.69843   3.635123 8.5875e-02    26.3682    26.3674 1.8334e+00     46.000          1       6714    1486.13 2.1351e+03  53314.340    279.716 1616525444       0.22     -0.458   39.64692  -72.79418 0.0000e+00
     44.645     9.0459    34.0459  1026.5683     2.4420     6.3104     96.881    0.00004    6.49592    6.50103 -9.990e-29     0.2228   11.70917   3.629360 9.4773e-02    26.3645    26.3637 2.0072e+00     45.000          1       6791    1485.94 2.1181e+03  53304.104    282.899 1616525448      -0.42     -0.400   39.64692  -72.79419 0.0000e+00
     43.664     8.9992    34.0263  1026.5559     2.4437     6.3171     96.905   -0.00056    6.50742    6.51267 -9.990e-29     0.2341   11.72848   3.623002 1.0420e-01    26.3565    26.3557 2.2026e+00     44.000          1       6860    1485.72 2.1136e+03  53286.063    285.795 1616525451      -0.24     -0.639   39.64692  -72.79420 0.0000e+00
     42.664     8.9585    34.0113  1026.5461     2.4453     6.3359     97.123    0.00101    6.50521    6.51043 -9.990e-29     0.2365   11.72478   3.618063 1.1261e-01    26.3512    26.3505 2.4119e+00     43.000          1       6886    1485.54 2.1417e+03  53273.265    286.887 1616525452      -0.14     -0.820   39.64691  -72.79421 0.0000e+00
     41.674     8.9208    34.0012  1026.5396     2.4514     6.3579     97.481    0.00168    6.51341    6.51874      8.540     0.2496   11.73855   3.613562 1.2654e-01    26.3492    26.3485 2.6973e+00     42.000          1       6968    1485.37 2.1322e+03  53266.774    290.271 1616525455      -0.03     -0.455   39.64690  -72.79423 0.0000e+00
     40.682     8.8819    33.9887  1026.5315     2.4555     6.3715     97.643    0.00138    6.51889    6.52428      8.540     0.2411   11.74773   3.608640 1.3827e-01    26.3456    26.3449 2.9301e+00     41.000          1       7045    1485.19 2.1191e+03  53257.220    293.487 1616525458      -0.31     -0.558   39.64690  -72.79424 0.0000e+00
     39.691     8.8486    33.9770  1026.5231     2.4578     6.3759     97.767    0.00155    6.52004    6.52545      8.540     0.2568   11.74967   3.604576 1.5183e-01    26.3416    26.3409 3.2190e+00     40.000          1       7080    1485.04 2.1201e+03  53247.458    294.954 1616525460       0.04     -0.706   39.64690  -72.79424 0.0000e+00
     38.695     8.8444    33.9742  1026.5170     2.4582     6.3685     97.707    0.00061    6.52323    6.52868      8.540     0.2425   11.75504   3.603994 1.6815e-01    26.3400    26.3394 3.5695e+00     39.000          1       7132    1485.00 2.1229e+03  53243.743    297.112 1616525462       0.06     -0.525   39.64688  -72.79425 0.0000e+00
     37.712     8.8235    33.9655  1026.5089     2.4561     6.3600     97.498   -0.00042    6.53182    6.53737 -9.990e-29     0.2767   11.76942   3.601183 1.8986e-01    26.3365    26.3359 3.9771e+00     38.000          1       7239    1484.90 2.0947e+03  53235.542    301.580 1616525466      -0.32     -0.290   39.64688  -72.79428 0.0000e+00
     36.713     8.7833    33.9550  1026.5025     2.4546     6.3653     97.368   -0.00096    6.53156    6.53712 -9.990e-29     0.2592   11.76901   3.596389 2.0225e-01    26.3346    26.3340 4.2791e+00     37.000          1       7277    1484.72 2.1155e+03  53229.169    303.154 1616525468       0.04     -0.577   39.64688  -72.79428 0.0000e+00
     35.718     8.7686    33.9479  1026.4947     2.4541     6.3620     97.411   -0.00027    6.53513    6.54073      8.538     0.2638   11.77500   3.594456 2.2284e-01    26.3313    26.3307 4.7338e+00     36.000          1       7362    1484.64 2.1247e+03  53221.789    306.720 1616525471      -0.03     -0.455   39.64687  -72.79429 0.0000e+00
     34.725     8.7293    33.9370  1026.4877     2.4521     6.3597     97.249   -0.00088    6.53693    6.54255      8.537     0.2879   11.77802   3.589715 2.4281e-01    26.3289    26.3283 5.1713e+00     35.000          1       7552    1484.47 2.1297e+03  53214.611    314.622 1616525479      -0.07     -0.471   39.64686  -72.79432 0.0000e+00
     33.731     8.7158    33.9295  1026.4794     2.4511     6.3539     97.233   -0.00041    6.54098    6.54666 -9.990e-29     0.2706   11.78483   3.587918 2.7182e-01    26.3251    26.3245 5.6911e+00     34.000          1       8865    1484.39 2.0947e+03  53206.486    369.328 1616525534      -0.28     -0.856   39.64676  -72.79456 0.0000e+00
     32.725     8.7049    33.9248  1026.4728     2.4492     6.3550     97.100   -0.00077    6.54270    6.54839 -9.990e-29     0.2874   11.78772   3.586406 3.0729e-01    26.3231    26.3226 6.4177e+00     33.000          1       9493    1484.33 2.0885e+03  53201.653    395.495 1616525560      -0.27     -1.097   39.64672  -72.79469 0.0000e+00
     31.752     8.6952    33.9197  1026.4658     2.4512     6.3696     97.289    0.00052    6.54529    6.55102 -9.990e-29     0.3032   11.79210   3.584999 3.4581e-01    26.3205    26.3200 7.1384e+00     32.000          1       9674    1484.27 2.0643e+03  53195.914    403.045 1616525568      -0.08     -0.429   39.64672  -72.79474 0.0000e+00
     30.764     8.6853    33.9155  1026.4596     2.4528     6.3772     97.362    0.00066    6.54706    6.55280      8.536     0.3377   11.79508   3.583713 3.7465e-01    26.3188    26.3183 7.8130e+00     31.000          1       9735    1484.21 2.0854e+03  53191.638    405.579 1616525570       0.02     -0.400   39.64672  -72.79474 0.0000e+00
