CalculateIndicators/WaterTemperature/Data/CTD_NYOS/20210525_C30.cnv
* Sea-Bird SBE 9 Data File:
* FileName = C:\Seabird 9 CTD\Data\2021\202105_offshore\20210525_C30.hex
* Software Version Seasave V 7.23.2
* Temperature SN = 4590
* Conductivity SN = 3228
* Number of Bytes Per Scan = 44
* Number of Voltage Words = 5
* Number of Scans Averaged by the Deck Unit = 1
* NMEA Latitude = 39 41.76 N
* NMEA Longitude = 071 46.17 W
* NMEA UTC (Time) = May 25 2021  06:00:42
* NMEA baud rate = 4800
** Ship: seawolf
** Station: 2.5
** Operator: sjw
# nquan = 31
# nvalues = 1207                        
# units = specified
# name 0 = depSM: Depth [salt water, m]
# name 1 = t090C: Temperature [ITS-90, deg C]
# name 2 = sal00: Salinity, Practical [PSU]
# name 3 = density00: Density [density, kg/m^3]
# name 4 = sbeox0V: Oxygen raw, SBE 43 [V]
# name 5 = sbeox0ML/L: Oxygen, SBE 43 [ml/l]
# name 6 = sbeox0PS: Oxygen, SBE 43 [% saturation]
# name 7 = sbox0dV/dT: Oxygen, SBE 43 [dov/dt]
# name 8 = oxsolML/L: Oxygen Saturation, Garcia & Gordon [ml/l]
# name 9 = oxsatML/L: Oxygen Saturation, Weiss [ml/l]
# name 10 = ph: pH
# name 11 = flECO-AFL: Fluorescence, WET Labs ECO-AFL/FL [mg/m^3]
# name 12 = n2satML/L: Nitrogen Saturation [ml/l]
# name 13 = c0S/m: Conductivity [S/m]
# name 14 = cpar: CPAR/Corrected Irradiance [%]
# name 15 = sigma-é00: Density [sigma-theta, kg/m^3]
# name 16 = sigma-t00: Density [sigma-t, kg/m^3 ]
# name 17 = par: PAR/Irradiance, Biospherical/Licor
# name 18 = prDM: Pressure, Digiquartz [db]
# name 19 = pumps: Pump Status
# name 20 = scan: Scan Count
# name 21 = svCM: Sound Velocity [Chen-Millero, m/s]
# name 22 = spar: SPAR, Biospherical/Licor
# name 23 = specc: Specific Conductance [uS/cm]
# name 24 = timeS: Time, Elapsed [seconds]
# name 25 = timeY: Time, System [seconds]
# name 26 = accM: Acceleration [m/s^2]
# name 27 = dz/dtM: Descent Rate [m/s]
# name 28 = latitude: Latitude [deg]
# name 29 = longitude: Longitude [deg]
# name 30 = flag: flag
# span 0 =      1.959,    300.980       
# span 1 =     8.5060,    13.9072       
# span 2 =    32.7854,    35.7411       
# span 3 =  1024.9006,  1028.5226       
# span 4 =     1.4033,     2.7448       
# span 5 =     2.8941,     7.0813       
# span 6 =     46.716,    112.634       
# span 7 =   -0.03773,    0.11324       
# span 8 =    5.79709,    6.59806       
# span 9 =    5.79403,    6.60381       
# span 10 =      7.868,      8.142      
# span 11 =    -0.0994,     2.8493      
# span 12 =   10.53525,   11.88809      
# span 13 =   3.495823,   4.263468      
# span 14 = -1.515e+04, 1.2000e+05      
# span 15 =    24.8906,    27.1631      
# span 16 =    24.8905,    27.1568      
# span 17 = 1.0000e-12, 9.1246e-03      
# span 18 =      2.000,    303.500      
# span 19 =          1,          1      
# span 20 =         89,      41963      
# span 21 =    1482.75,    1506.18      
# span 22 = -3.950e-01, 2.2738e+00      
# span 23 =  51003.499,  55010.982      
# span 24 =      3.685,   1748.432      
# span 25 = 1621922443, 1621924187      
# span 26 =      -1.28,       1.13      
# span 27 =     -1.898,      1.771      
# span 28 =   39.69601,   39.69812      
# span 29 =  -71.77736,  -71.76954      
# span 30 = 0.0000e+00, 0.0000e+00      
# interval = decibars: 0.5              
# start_time = May 25 2021 06:00:39 [System UTC, first data scan.]
# bad_flag = -9.990e-29
*END*
[from data line 468]
    234.060    12.2423    35.5868  1028.0528     1.5852     3.2974     54.911   -0.00673    6.00503    6.00461 -9.990e-29    -0.0549   10.87967   4.093669 5.0640e-11    27.0043    26.9982 1.0000e-12    236.000          1      12546    1502.25 1.9747e+00  54963.133    522.700 1621922962      -0.02      0.555   39.69678  -71.77194 0.0000e+00
    234.555    12.2240    35.5844  1028.0568     1.5805     3.2817     54.654   -0.00699    6.00461    6.00418 -9.990e-29    -0.0677   10.87897   4.091778 5.0640e-11    27.0060    26.9998 1.0000e-12    236.500          1      12563    1502.19 1.9747e+00  54963.079    523.411 1621922962       0.12      0.586   39.69678  -71.77194 0.0000e+00
    235.055    12.2124    35.5815  1028.0591     1.5766     3.2708     54.476   -0.00678    6.00412    6.00369 -9.990e-29    -0.0585   10.87817   4.090292 5.0640e-11    27.0060    26.9999 1.0000e-12    237.000          1      12577    1502.16 1.9747e+00  54961.313    524.003 1621922963       0.22      0.693   39.69678  -71.77196 0.0000e+00
    235.557    12.2049    35.5806  1028.0622     1.5734     3.2625     54.339   -0.00640    6.00400    6.00357 -9.990e-29    -0.0533   10.87796   4.089659 5.0640e-11    27.0068    27.0006 1.0000e-12    237.500          1      12591    1502.14 1.9747e+00  54961.654    524.578 1621922963       0.16      0.807   39.69678  -71.77196 0.0000e+00
    236.060    12.1960    35.5783  1028.0644     1.5693     3.2576     54.244   -0.00513    6.00542    6.00500 -9.990e-29    -0.0524   10.88033   4.088523 5.0640e-11    27.0067    27.0006 1.0000e-12    238.000          1      12619    1502.11 1.9747e+00  54960.174    525.748 1621922965      -0.04      0.743   39.69678  -71.77196 0.0000e+00
    236.538    12.1719    35.5742  1028.0682     1.5610     3.2494     54.056   -0.00254    6.01126    6.01092 -9.990e-29    -0.0524   10.89008   4.085894 5.0640e-11    27.0082    27.0021 1.0000e-12    238.500          1      12711    1502.04 1.9747e+00  54958.917    529.577 1621922968       0.63      0.406   39.69678  -71.77198 0.0000e+00
    237.040    12.1720    35.5744  1028.0705     1.5601     3.2502     54.059   -0.00199    6.01236    6.01203      7.941    -0.0601   10.89189   4.086045 5.0640e-11    27.0083    27.0022 1.0000e-12    239.000          1      12722    1502.05 1.9747e+00  54959.315    530.021 1621922969       0.39      0.714   39.69678  -71.77198 0.0000e+00
    237.537    12.1722    35.5743  1028.0726     1.5586     3.2468     53.989   -0.00198    6.01380    6.01350      7.941    -0.0666   10.89431   4.085986 5.0640e-11    27.0082    27.0021 1.0000e-12    239.500          1      12736    1502.05 1.9747e+00  54959.494    530.620 1621922970       0.10      0.847   39.69678  -71.77198 0.0000e+00
    238.032    12.1614    35.5726  1028.0758     1.5577     3.2447     53.946   -0.00199    6.01484    6.01454      7.941    -0.0548   10.89604   4.084748 5.0640e-11    27.0091    27.0029 1.0000e-12    240.000          1      12752    1502.02 1.9747e+00  54959.322    531.302 1621922970      -0.11      0.828   39.69678  -71.77198 0.0000e+00
    238.531    12.1528    35.5716  1028.0788     1.5562     3.2472     53.910   -0.00160    6.02337    6.02319      7.941    -0.0609   10.91027   4.083828 5.0640e-11    27.0099    27.0037 1.0000e-12    240.500          1      12772    1502.00 1.9747e+00  54959.507    532.136 1621922971      -0.16      0.707   39.69678  -71.77198 0.0000e+00
    239.018    12.1282    35.5677  1028.0829     1.5488     3.2173     53.346   -0.00401    6.03095    6.03085      7.933    -0.0610   10.92285   4.080922 5.0640e-11    27.0116    27.0055 1.0000e-12    241.000          1      12810    1501.92 1.9747e+00  54958.608    533.721 1621922973      -0.21      0.359   39.69678  -71.77200 0.0000e+00
    239.509    12.0688    35.5567  1028.0883     1.5373     3.1607     52.413   -0.00826    6.03039    6.03029      7.932 -9.990e-29   10.92194   4.073323 5.0640e-11    27.0146    27.0084 1.0000e-12    241.500          1      12841    1501.71 1.9747e+00  54953.605    535.012 1621922974       0.26      0.284   39.69678  -71.77200 0.0000e+00
    240.020    12.0167    35.5514  1028.0968     1.5322     3.1421     52.103   -0.00896    6.03059    6.03049      7.932 -9.990e-29   10.92228   4.068048 5.0640e-11    27.0204    27.0143 1.0000e-12    242.000          1      12858    1501.54 1.9747e+00  54955.132    535.695 1621922975       0.34      0.537   39.69678  -71.77200 0.0000e+00
    240.509    11.9954    35.5489  1028.1012     1.5237     3.1396     52.022   -0.00490    6.03513    6.03509      7.931    -0.0569   10.92987   4.066099 5.1225e+04    27.0226    27.0165 1.0000e-12    242.500          1      12909    1501.47 9.6315e-01  54955.648    537.835 1621922977       0.18      0.354   39.69678  -71.77201 0.0000e+00
    241.004    11.9869    35.5463  1028.1032     1.5180     3.1362     51.899   -0.00305    6.04293    6.04298      7.928    -0.0659   10.94289   4.064937 1.0050e+05    27.0223    27.0161 1.0000e-12    243.000          1      12953    1501.45 -9.931e-03  54953.876    539.665 1621922979       0.59      0.372   39.69678  -71.77202 0.0000e+00
    241.503    11.9717    35.5445  1028.1070     1.5153     3.1306     51.746   -0.00340    6.04990    6.05005      7.925    -0.0567   10.95449   4.063380 9.9999e+04    27.0238    27.0177 1.0000e-12    243.500          1      12970    1501.40 0.0000e+00  54954.270    540.370 1621922979       0.22      0.667   39.69678  -71.77202 0.0000e+00
    241.990    11.9621    35.5422  1028.1093     1.5099     3.1092     51.377   -0.00459    6.05169    6.05186      7.924    -0.0523   10.95744   4.062215 9.9999e+04    27.0238    27.0177 1.0000e-12    244.000          1      12991    1501.38 0.0000e+00  54953.010    541.234 1621922980      -0.14      0.659   39.69678  -71.77202 0.0000e+00
    242.480    11.9446    35.5381  1028.1117     1.5041     3.0809     50.911   -0.00662    6.05149    6.05166      7.924    -0.0524   10.95711   4.059921 9.9999e+04    27.0240    27.0179 1.0000e-12    244.500          1      13008    1501.32 0.0000e+00  54950.524    541.967 1621922981       0.02      0.596   39.69678  -71.77202 0.0000e+00
    242.981    11.9200    35.5326  1028.1145     1.4984     3.0557     50.499   -0.00813    6.05115    6.05131      7.924    -0.0524   10.95653   4.056600 -9.990e-29    27.0245    27.0183 1.0000e-12    245.000          1      13021    1501.23 -9.990e-29  54947.228    542.501 1621922981       0.27      0.676   39.69678  -71.77202 0.0000e+00
    243.488    11.8800    35.5268  1028.1202     1.4954     3.0436     50.301   -0.00871    6.05087    6.05103      7.923    -0.0524   10.95606   4.052043 -9.990e-29    27.0276    27.0215 1.0000e-12    245.500          1      13033    1501.10 -9.990e-29  54946.533    542.980 1621922982       0.34      0.833   39.69680  -71.77204 0.0000e+00
    243.992    11.8471    35.5248  1028.1273     1.4914     3.0349     50.156   -0.00802    6.05101    6.05117      7.924    -0.0524   10.95633   4.049082 -9.990e-29    27.0323    27.0262 1.0000e-12    246.000          1      13047    1500.99 -9.990e-29  54949.667    543.581 1621922982       0.05      0.950   39.69680  -71.77204 0.0000e+00
    244.461    11.8334    35.5220  1028.1299     1.4808     3.0396     50.070   -0.00307    6.07070    6.07112      7.917    -0.0454   10.98909   4.047700 5.0640e-11    27.0328    27.0266 1.0000e-12    246.500          1      13158    1500.95 1.9747e+00  54948.406    548.226 1621922987       0.08      0.333   39.69680  -71.77205 0.0000e+00
    244.947    11.8005    35.5155  1028.1335     1.4754     3.0290     49.812   -0.00302    6.08087    6.08142      7.915    -0.0377   11.00602   4.042941 5.0640e-11    27.0340    27.0279 1.0000e-12    247.000          1      13207    1500.84 1.9747e+00  54945.512    550.235 1621922989       0.77      0.395   39.69680  -71.77206 0.0000e+00
    245.451    11.7540    35.5122  1028.1423     1.4743     3.0222     49.686   -0.00389    6.08262    6.08319      7.915    -0.0501   11.00891   4.038339 5.0640e-11    27.0402    27.0341 1.0000e-12    247.500          1      13212    1500.68 1.9747e+00  54949.124    550.445 1621922989       0.91      0.701   39.69680  -71.77206 0.0000e+00
    245.958    11.7254    35.5091  1028.1477     1.4724     3.0130     49.538   -0.00450    6.08214    6.08271      7.915    -0.0524   11.00809   4.035120 5.0640e-11    27.0432    27.0371 1.0000e-12    248.000          1      13219    1500.59 1.9747e+00  54950.025    550.746 1621922990       0.93      0.983   39.69680  -71.77207 0.0000e+00
    246.461    11.6988    35.5065  1028.1531     1.4710     3.0057     49.421   -0.00505    6.08186    6.08243      7.915    -0.0524   11.00764   4.032362 5.0640e-11    27.0462    27.0401 1.0000e-12    248.500          1      13226    1500.51 1.9747e+00  54951.592    551.042 1621922990       0.82      1.244   39.69680  -71.77208 0.0000e+00
    246.965    11.6691    35.5021  1028.1577     1.4692     2.9993     49.310   -0.00527    6.08242    6.08300      7.915    -0.0524   11.00850   4.029116 5.0640e-11    27.0485    27.0424 1.0000e-12    249.000          1      13234    1500.41 1.9747e+00  54950.804    551.357 1621922990       0.55      1.456   39.69680  -71.77208 0.0000e+00
    247.463    11.6507    35.5018  1028.1633     1.4675     2.9930     49.228   -0.00521    6.07986    6.08040 -9.990e-29    -0.0524   11.00429   4.027654 5.0640e-11    27.0517    27.0456 1.0000e-12    249.500          1      13242    1500.35 1.9747e+00  54954.017    551.725 1621922991       0.15      1.573   39.69680  -71.77208 0.0000e+00
    247.956    11.6405    35.5006  1028.1665     1.4656     2.9866     49.145   -0.00500    6.07728    6.07778 -9.990e-29    -0.0524   11.00006   4.026711 5.0640e-11    27.0527    27.0466 1.0000e-12    250.000          1      13254    1500.32 1.9747e+00  54954.435    552.211 1621922991      -0.36      1.495   39.69680  -71.77208 0.0000e+00
    248.448    11.6230    35.4980  1028.1701     1.4634     2.9860     49.138   -0.00372    6.07676    6.07725 -9.990e-29    -0.0571   10.99918   4.024732 5.0640e-11    27.0540    27.0479 1.0000e-12    250.500          1      13275    1500.27 1.9747e+00  54954.136    553.073 1621922992      -0.60      0.989   39.69680  -71.77208 0.0000e+00
    248.928    11.5832    35.4876  1028.1719     1.4540     2.9722     48.649   -0.00453    6.10955    6.11046      7.906    -0.0661   11.05373   4.019328 5.0640e-11    27.0535    27.0474 1.0000e-12    251.000          1      13425    1500.13 1.9747e+00  54947.288    559.346 1621922998       1.13      1.138   39.69680  -71.77212 0.0000e+00
    249.431    11.5616    35.4895  1028.1798     1.4520     2.9583     48.470   -0.00534    6.10348    6.10432      7.906    -0.0624   11.04364   4.018090 5.0640e-11    27.0589    27.0529 1.0000e-12    251.500          1      13427    1500.06 1.9747e+00  54954.025    559.404 1621922998       0.87      1.400   39.69680  -71.77212 0.0000e+00
    249.931    11.5545    35.4883  1028.1825     1.4505     2.9494     48.332   -0.00607    6.10241    6.10324      7.906    -0.0519   11.04190   4.017197 5.0640e-11    27.0593    27.0533 1.0000e-12    252.000          1      13433    1500.05 1.9747e+00  54953.768    559.680 1621922999       0.60      1.597   39.69680  -71.77212 0.0000e+00
    250.433    11.5343    35.4817  1028.1835     1.4483     2.9410     48.179   -0.00655    6.10437    6.10522      7.906 -9.990e-29   11.04511   4.013457 5.0640e-11    27.0580    27.0519 1.0000e-12    252.500          1      13440    1499.97 1.9747e+00  54947.969    559.973 1621922999       0.32      1.722   39.69680  -71.77212 0.0000e+00
    250.932    11.4848    35.4779  1028.1923     1.4466     2.9340     48.081   -0.00666    6.10213    6.10295      7.906 -9.990e-29   11.04142   4.009018 5.0640e-11    27.0643    27.0582 1.0000e-12    253.000          1      13448    1499.81 1.9747e+00  54952.793    560.301 1621922999       0.02      1.771   39.69680  -71.77212 0.0000e+00
    251.426    11.4491    35.4736  1028.1980     1.4445     2.9288     47.996   -0.00638    6.10206    6.10287      7.906 -9.990e-29   11.04131   4.004921 5.0640e-11    27.0676    27.0615 1.0000e-12    253.500          1      13458    1499.69 1.9747e+00  54953.034    560.700 1621923000      -0.32      1.697   39.69680  -71.77212 0.0000e+00
    251.924    11.4148    35.4707  1028.2046     1.4430     2.9290     48.006   -0.00534    6.10145    6.10226      7.906 -9.990e-29   11.04028   4.001592 1.6504e+04    27.0717    27.0657 1.0000e-12    254.000          1      13471    1499.57 1.6488e+00  54955.451    561.254 1621923000      -0.59      1.416   39.69680  -71.77212 0.0000e+00
    252.411    11.3816    35.4653  1028.2090     1.4359     2.9304     47.888   -0.00286    6.11928    6.12033      7.903    -0.0487   11.06994   3.998274 1.1357e+05    27.0737    27.0677 1.0000e-12    254.500          1      13588    1499.46 -2.680e-01  54954.343    566.105 1621923005       0.07      0.801   39.69680  -71.77214 0.0000e+00
    252.898    11.3603    35.4634  1028.2137     1.4332     2.9278     47.788   -0.00258    6.12655    6.12770      7.902    -0.0377   11.08204   3.996078 9.8941e+04    27.0762    27.0702 1.0000e-12    255.000          1      13633    1499.39 2.0899e-02  54955.895    567.984 1621923007       0.16      0.910   39.69680  -71.77214 0.0000e+00
    253.393    11.3415    35.4598  1028.2168     1.4324     2.9289     47.802   -0.00196    6.12717    6.12832 -9.990e-29    -0.0446   11.08307   3.993628 7.3498e+03    27.0769    27.0709 1.0000e-12    255.500          1      13645    1499.33 1.8296e+00  54954.545    568.484 1621923007      -0.01      0.940   39.69680  -71.77214 0.0000e+00
    253.890    11.3098    35.4568  1028.2227     1.4310     2.9247     47.732   -0.00192    6.12718    6.12833 -9.990e-29    -0.0524   11.08305   3.990391 -6.183e+00    27.0805    27.0745 1.0000e-12    256.000          1      13658    1499.23 1.9748e+00  54956.435    569.042 1621923008      -0.04      0.919   39.69680  -71.77214 0.0000e+00
    254.389    11.2986    35.4559  1028.2264     1.4306     2.9251     47.740   -0.00160    6.12706    6.12821 -9.990e-29    -0.0524   11.08288   3.989437 5.0640e-11    27.0818    27.0758 1.0000e-12    256.500          1      13672    1499.19 1.9747e+00  54957.522    569.640 1621923009      -0.05      0.892   39.69681  -71.77214 0.0000e+00
    254.887    11.2860    35.4537  1028.2293     1.4295     2.9223     47.695   -0.00147    6.12715    6.12831 -9.990e-29    -0.0524   11.08305   3.988033 5.0640e-11    27.0825    27.0765 1.0000e-12    257.000          1      13690    1499.16 1.9747e+00  54957.149    570.390 1621923009      -0.17      0.810   39.69682  -71.77214 0.0000e+00
    255.372    11.2700    35.4504  1028.2320     1.4266     2.9197     47.563   -0.00152    6.13863    6.13993      7.898    -0.0599   11.10214   3.986210 5.0640e-11    27.0828    27.0768 1.0000e-12    257.500          1      13755    1499.11 1.9747e+00  54955.732    573.077 1621923012       0.02      0.264   39.69682  -71.77215 0.0000e+00
    255.871    11.2088    35.4415  1028.2389     1.4228     2.9096     47.316   -0.00235    6.14943    6.15087      7.897    -0.0528   11.12011   3.978835 5.0640e-11    27.0871    27.0812 1.0000e-12    258.000          1      13800    1498.89 1.9747e+00  54954.798    574.939 1621923014       0.46      0.357   39.69682  -71.77218 0.0000e+00
    256.370    11.1731    35.4393  1028.2462     1.4203     2.9007     47.149   -0.00288    6.15219    6.15367      7.896    -0.0524   11.12469   3.975658 5.0640e-11    27.0921    27.0861 1.0000e-12    258.500          1      13818    1498.77 1.9747e+00  54958.737    575.720 1621923015       0.18      0.615   39.69682  -71.77218 0.0000e+00
