CalculateIndicators/WaterTemperature/Data/CTD_NYOS/20210523_C19.cnv
* Sea-Bird SBE 9 Data File:
* FileName = C:\Seabird 9 CTD\Data\2021\202105_offshore\20210523_C19.hex
* Software Version Seasave V 7.23.2
* Temperature SN = 4590
* Conductivity SN = 3228
* Number of Bytes Per Scan = 44
* Number of Voltage Words = 5
* Number of Scans Averaged by the Deck Unit = 1
* NMEA Latitude = 39 14.51 N
* NMEA Longitude = 072 17.34 W
* NMEA UTC (Time) = May 23 2021  18:52:54
* NMEA baud rate = 4800
** Ship: seawolf
** Station: 4.6
** Operator: EIH
# nquan = 31
# nvalues = 1205                        
# units = specified
# name 0 = depSM: Depth [salt water, m]
# name 1 = t090C: Temperature [ITS-90, deg C]
# name 2 = sal00: Salinity, Practical [PSU]
# name 3 = density00: Density [density, kg/m^3]
# name 4 = sbeox0V: Oxygen raw, SBE 43 [V]
# name 5 = sbeox0ML/L: Oxygen, SBE 43 [ml/l]
# name 6 = sbeox0PS: Oxygen, SBE 43 [% saturation]
# name 7 = sbox0dV/dT: Oxygen, SBE 43 [dov/dt]
# name 8 = oxsolML/L: Oxygen Saturation, Garcia & Gordon [ml/l]
# name 9 = oxsatML/L: Oxygen Saturation, Weiss [ml/l]
# name 10 = ph: pH
# name 11 = flECO-AFL: Fluorescence, WET Labs ECO-AFL/FL [mg/m^3]
# name 12 = n2satML/L: Nitrogen Saturation [ml/l]
# name 13 = c0S/m: Conductivity [S/m]
# name 14 = cpar: CPAR/Corrected Irradiance [%]
# name 15 = sigma-é00: Density [sigma-theta, kg/m^3]
# name 16 = sigma-t00: Density [sigma-t, kg/m^3 ]
# name 17 = par: PAR/Irradiance, Biospherical/Licor
# name 18 = prDM: Pressure, Digiquartz [db]
# name 19 = pumps: Pump Status
# name 20 = scan: Scan Count
# name 21 = svCM: Sound Velocity [Chen-Millero, m/s]
# name 22 = spar: SPAR, Biospherical/Licor
# name 23 = specc: Specific Conductance [uS/cm]
# name 24 = timeS: Time, Elapsed [seconds]
# name 25 = timeY: Time, System [seconds]
# name 26 = accM: Acceleration [m/s^2]
# name 27 = dz/dtM: Descent Rate [m/s]
# name 28 = latitude: Latitude [deg]
# name 29 = longitude: Longitude [deg]
# name 30 = flag: flag
# span 0 =      1.484,    300.487       
# span 1 =     9.3777,    16.0096       
# span 2 =    32.9142,    35.9494       
# span 3 =  1024.2260,  1028.6161       
# span 4 =     1.4011,     3.0790       
# span 5 =     2.9140,     7.3953       
# span 6 =     46.508,    130.717       
# span 7 =   -0.19151,    0.08423       
# span 8 =    5.60318,    6.39096       
# span 9 =    5.59707,    6.39575       
# span 10 =      7.822,      8.180      
# span 11 =    -0.1015,     2.2027      
# span 12 =   10.22875,   11.52137      
# span 13 =   3.787168,   4.359132      
# span 14 = -4.297e-06, 2.5891e+02      
# span 15 =    24.2150,    27.2518      
# span 16 =    24.2149,    27.2462      
# span 17 = -9.625e-05, 1.5829e+03      
# span 18 =      1.500,    303.000      
# span 19 =          1,          1      
# span 20 =        267,      50373      
# span 21 =    1492.87,    1509.26      
# span 22 = 4.1739e+02, 2.4694e+03      
# span 23 =  50703.673,  55089.149      
# span 24 =     11.096,   2098.839      
# span 25 = 1621795983, 1621798071      
# span 26 =      -0.81,       0.62      
# span 27 =     -1.261,      1.045      
# span 28 =   39.24194,   39.24526      
# span 29 =  -72.28906,  -72.28508      
# span 30 = 0.0000e+00, 0.0000e+00      
# interval = decibars: 0.5              
# start_time = May 23 2021 18:52:52 [System UTC, first data scan.]
# bad_flag = -9.990e-29
*END*
[from data line 94]
     49.119    14.2499    35.5265  1026.7610     2.2863     5.0822     88.279   -0.00088    5.75696    5.75335      8.082     0.7010   10.46957   4.277446 8.4601e-02    26.5426    26.5410 1.6981e+00     49.500          1       3653    1505.72 2.0201e+03  54480.649    152.179 1621796124       0.29      0.678   39.24218  -72.28876 0.0000e+00
     49.619    14.2643    35.5350  1026.7667     2.2863     5.0856     88.297   -0.00067    5.75966    5.75608      8.082     0.7164   10.47420   4.279935 1.7492e-01    26.5461    26.5445 1.6125e+00     50.000          1       3668    1505.78 9.9605e+02  54490.717    152.796 1621796125       0.12      0.803   39.24218  -72.28876 0.0000e+00
     50.120    14.2768    35.5491  1026.7772     2.2864     5.0865     88.337   -0.00019    5.75808    5.75449      8.082     0.7400   10.47149   4.282511 2.1901e-01    26.5543    26.5528 1.5538e+00     50.500          1       3687    1505.85 7.1753e+02  54508.847    153.598 1621796126      -0.15      0.764   39.24218  -72.28876 0.0000e+00
     50.605    14.2662    35.5431  1026.7770     2.2873     5.0912     88.439    0.00055    5.75676    5.75316      8.082     0.6635   10.46915   4.280626 9.6787e-02    26.5520    26.5504 1.5452e+00     51.000          1       3761    1505.82 1.8999e+03  54502.226    156.670 1621796129       0.35      0.178   39.24218  -72.28874 0.0000e+00
     51.108    14.2675    35.5506  1026.7847     2.2880     5.0953     88.517    0.00098    5.75634    5.75275      8.082     0.5584   10.46817   4.281689 6.6371e-02    26.5575    26.5559 1.3775e+00     51.500          1       3798    1505.84 2.1552e+03  54512.534    158.196 1621796130       0.13      0.380   39.24218  -72.28874 0.0000e+00
     51.587    14.2689    35.5595  1026.7935     2.2861     5.0887     88.320   -0.00073    5.76169    5.75818      8.082     0.2536   10.47682   4.283081 6.6444e-02    26.5641    26.5625 1.2138e+00     52.000          1       3853    1505.86 1.8568e+03  54524.736    160.514 1621796133       0.33      0.092   39.24220  -72.28874 0.0000e+00
     52.096    14.2810    35.5810  1026.8098     2.2841     5.0741     88.066   -0.00302    5.76165    5.75814      8.082     0.1907   10.47672   4.286176 1.2157e-01    26.5781    26.5765 1.1723e+00     52.500          1       3867    1505.93 1.1272e+03  54553.237    161.092 1621796133       0.52      0.451   39.24220  -72.28874 0.0000e+00
     52.597    14.2450    35.5866  1026.8241     2.2831     5.0733     88.047   -0.00265    5.76200    5.75849      8.081     0.1650   10.47725   4.282928 1.2732e-01    26.5902    26.5885 1.1387e+00     53.000          1       3884    1505.83 1.0767e+03  54565.621    161.803 1621796134       0.17      0.698   39.24220  -72.28874 0.0000e+00
     53.091    14.2184    35.5934  1026.8372     2.2821     5.0771     88.106   -0.00118    5.76247    5.75898      8.079     0.1353   10.47790   4.281216 6.1015e-02    26.6011    26.5994 1.1373e+00     53.500          1       3912    1505.76 1.9558e+03  54578.510    162.951 1621796135      -0.22      0.558   39.24220  -72.28874 0.0000e+00
     53.582    14.2057    35.6043  1026.8506     2.2797     5.0699     87.981   -0.00132    5.76255    5.75907      8.077     0.0727   10.47786   4.281193 8.8633e-02    26.6123    26.6106 1.1372e+00     54.000          1       3957    1505.74 1.5702e+03  54595.401    164.831 1621796137      -0.04      0.254   39.24220  -72.28873 0.0000e+00
     54.079    14.1958    35.6214  1026.8682     2.2766     5.0596     87.807   -0.00176    5.76214    5.75867      8.077    -0.0266   10.47708   4.282104 4.6430e-02    26.6277    26.6260 1.0291e+00     54.500          1       3997    1505.74 2.2135e+03  54620.434    166.505 1621796139       0.04      0.294   39.24220  -72.28872 0.0000e+00
     54.576    14.1929    35.6327  1026.8797     2.2754     5.0595     87.812   -0.00092    5.76172    5.75824      8.077    -0.0258   10.47629   4.283063 4.0997e-02    26.6370    26.6353 9.0795e-01     55.000          1       4036    1505.75 2.2147e+03  54636.518    168.117 1621796140      -0.02      0.314   39.24220  -72.28873 0.0000e+00
     55.069    14.1937    35.6443  1026.8907     2.2731     5.0520     87.692   -0.00115    5.76103    5.75754      8.077    -0.0543   10.47507   4.284430 6.7028e-02    26.6458    26.6440 8.6036e-01     55.500          1       4083    1505.78 1.5245e+03  54652.524    170.073 1621796142      -0.03      0.249   39.24220  -72.28873 0.0000e+00
     55.567    14.1948    35.6516  1026.8984     2.2718     5.0459     87.629   -0.00128    5.75821    5.75471      8.077    -0.0455   10.47019   4.285328 4.9080e-02    26.6512    26.6495 8.7587e-01     56.000          1       4117    1505.80 1.8195e+03  54662.761    171.479 1621796144       0.13      0.324   39.24222  -72.28872 0.0000e+00
     56.057    14.1955    35.6527  1026.9012     2.2715     5.0497     87.698   -0.00012    5.75809    5.75458      8.077    -0.0447   10.46997   4.285551 5.6321e-02    26.6519    26.6502 8.8097e-01     56.500          1       4143    1505.81 1.7636e+03  54664.426    172.600 1621796145       0.04      0.429   39.24222  -72.28872 0.0000e+00
     56.550    14.1991    35.6562  1026.9054     2.2697     5.0426     87.550   -0.00098    5.75968    5.75618      8.077    -0.0255   10.47288   4.286548 8.7178e-02    26.6539    26.6521 8.6297e-01     57.000          1       4162    1505.83 1.1710e+03  54668.969    173.363 1621796146       0.18      0.493   39.24222  -72.28872 0.0000e+00
     57.057    14.2112    35.6707  1026.9162     2.2687     5.0370     87.448   -0.00173    5.75997    5.75648      8.077    -0.0385   10.47337   4.289464 4.1032e-02    26.6625    26.6607 8.3462e-01     57.500          1       4175    1505.90 2.0736e+03  54687.671    173.907 1621796146       0.34      0.648   39.24222  -72.28872 0.0000e+00
     57.563    14.2165    35.6770  1026.9222     2.2678     5.0330     87.379   -0.00204    5.76000    5.75650      8.077    -0.0429   10.47337   4.290409 3.6139e-02    26.6662    26.6644 7.9993e-01     58.000          1       4189    1505.93 2.2153e+03  54695.904    174.487 1621796147       0.22      0.825   39.24222  -72.28872 0.0000e+00
     58.053    14.2146    35.6719  1026.9209     2.2671     5.0314     87.371   -0.00187    5.75859    5.75509      8.075    -0.0389   10.47082   4.289686 3.4647e-02    26.6627    26.6609 7.2887e-01     58.500          1       4258    1505.93 2.1099e+03  54689.479    177.383 1621796149       0.05      0.552   39.24222  -72.28871 0.0000e+00
     58.543    14.2156    35.6744  1026.9249     2.2640     5.0135     87.104   -0.00373    5.75579    5.75227      8.073    -0.0835   10.46588   4.290281 3.9095e-02    26.6645    26.6627 6.7456e-01     59.000          1       4328    1505.94 1.7366e+03  54692.942    180.306 1621796153       0.52      0.490   39.24222  -72.28870 0.0000e+00
     59.044    14.2182    35.6800  1026.9308     2.2611     5.0018     86.923   -0.00434    5.75434    5.75081      8.072    -0.0787   10.46340   4.290967 3.3106e-02    26.6683    26.6664 6.5592e-01     59.500          1       4343    1505.96 2.0115e+03  54700.619    180.929 1621796153       0.33      0.741   39.24222  -72.28870 0.0000e+00
     59.540    14.2170    35.6842  1026.9366     2.2569     4.9871     86.676   -0.00495    5.75377    5.75024      8.070    -0.0675   10.46241   4.291331 8.2733e-02    26.6718    26.6700 6.4268e-01     60.000          1       4359    1505.97 8.1303e+02  54706.878    181.600 1621796154      -0.02      0.829   39.24223  -72.28870 0.0000e+00
     60.035    14.2167    35.6921  1026.9449     2.2511     4.9655     86.298   -0.00627    5.75394    5.75041      8.068    -0.0587   10.46270   4.292215 6.0197e-02    26.6780    26.6761 6.3956e-01     60.500          1       4380    1505.99 1.3280e+03  54717.978    182.445 1621796155      -0.19      0.709   39.24224  -72.28870 0.0000e+00
     60.527    14.2308    35.7055  1026.9545     2.2452     4.9485     86.000   -0.00645    5.75409    5.75056      8.068    -0.0719   10.46295   4.295267 3.0913e-02    26.6854    26.6835 6.3670e-01     61.000          1       4404    1506.06 2.0835e+03  54734.911    183.460 1621796156      -0.12      0.538   39.24224  -72.28870 0.0000e+00
     61.029    14.2409    35.7147  1026.9617     2.2407     4.9428     85.892   -0.00478    5.75469    5.75117      8.069    -0.0642   10.46399   4.297086 2.8018e-02    26.6903    26.6884 6.1940e-01     61.500          1       4431    1506.11 2.2153e+03  54746.476    184.597 1621796157      -0.07      0.477   39.24224  -72.28870 0.0000e+00
     61.516    14.2368    35.7127  1026.9631     2.2315     4.9270     85.668   -0.00187    5.75123    5.74768 -9.990e-29    -0.0664   10.45799   4.296461 8.3262e-02    26.6896    26.6877 5.3868e-01     62.000          1       4547    1506.10 5.6663e+02  54744.470    189.423 1621796162       0.17      0.089   39.24224  -72.28868 0.0000e+00
     62.011    14.2409    35.7207  1026.9707     2.2276     4.9063     85.368   -0.00343    5.74729    5.74370 -9.990e-29    -0.0688   10.45132   4.297800 7.4976e-02    26.6950    26.6930 5.1698e-01     62.500          1       4571    1506.13 6.8774e+02  54755.273    190.432 1621796163       0.17      0.351   39.24224  -72.28868 0.0000e+00
     62.509    14.2472    35.7256  1026.9753     2.2250     4.8985     85.249   -0.00334    5.74610    5.74250 -9.990e-29    -0.0719   10.44930   4.299049 6.3751e-02    26.6975    26.6955 5.0016e-01     63.000          1       4590    1506.17 8.4321e+02  54761.481    191.207 1621796163       0.21      0.500   39.24226  -72.28868 0.0000e+00
     63.011    14.2532    35.7322  1026.9814     2.2209     4.8838     84.994   -0.00414    5.74605    5.74245 -9.990e-29    -0.0670   10.44922   4.300264 2.5090e-02    26.7013    26.6993 4.8588e-01     63.500          1       4606    1506.20 1.9439e+03  54769.996    191.884 1621796164       0.19      0.645   39.24226  -72.28868 0.0000e+00
     63.508    14.2685    35.7395  1026.9859     2.2176     4.8704     84.777   -0.00491    5.74501    5.74140      8.063    -0.0571   10.44746   4.302880 2.3960e-02    26.7036    26.7016 4.7636e-01     64.000          1       4625    1506.27 2.0253e+03  54778.330    192.672 1621796165      -0.03      0.700   39.24226  -72.28868 0.0000e+00
     64.003    14.2927    35.7510  1026.9918     2.2140     4.8616     84.669   -0.00398    5.74190    5.73826      8.063    -0.0694   10.44220   4.306508 2.1584e-02    26.7074    26.7053 4.6928e-01     64.500          1       4650    1506.37 2.1815e+03  54791.296    193.725 1621796166      -0.16      0.559   39.24226  -72.28868 0.0000e+00
     64.495    14.3028    35.7560  1026.9958     2.2142     4.8763     84.932   -0.00038    5.74138    5.73774      8.063    -0.0727   10.44132   4.308040 4.2853e-02    26.7091    26.7071 4.6667e-01     65.000          1       4689    1506.42 1.3328e+03  54797.198    195.343 1621796168      -0.11      0.324   39.24226  -72.28868 0.0000e+00
     64.994    14.3301    35.7675  1027.0009     2.2154     4.8834     85.067    0.00068    5.74060    5.73695      8.063    -0.0514   10.44000   4.311960 6.4037e-02    26.7121    26.7100 4.5503e-01     65.500          1       4728    1506.53 7.2952e+02  54809.697    196.938 1621796169       0.03      0.315   39.24226  -72.28868 0.0000e+00
     65.487    14.3358    35.7704  1027.0041     2.2152     4.8785     85.007   -0.00017    5.73899    5.73532 -9.990e-29    -0.0626   10.43724   4.312824 2.6488e-02    26.7132    26.7111 4.2597e-01     66.000          1       4781    1506.55 1.7885e+03  54813.291    199.164 1621796171      -0.06      0.215   39.24226  -72.28866 0.0000e+00
     65.981    14.3442    35.7751  1027.0081     2.2131     4.8686     84.845   -0.00108    5.73822    5.73454      8.063    -0.0697   10.43593   4.314161 1.8943e-02    26.7150    26.7128 3.9382e-01     66.500          1       4821    1506.60 2.0991e+03  54818.875    200.824 1621796173       0.18      0.273   39.24226  -72.28866 0.0000e+00
     66.484    14.3484    35.7785  1027.0121     2.2113     4.8612     84.726   -0.00164    5.73755    5.73387      8.061    -0.0616   10.43480   4.315043 1.6829e-02    26.7167    26.7146 3.7205e-01     67.000          1       4845    1506.62 2.2129e+03  54823.313    201.815 1621796174       0.12      0.456   39.24227  -72.28866 0.0000e+00
     66.974    14.3567    35.7831  1027.0161     2.2100     4.8583     84.701   -0.00112    5.73578    5.73208      8.060    -0.0793   10.43181   4.316288 3.0282e-02    26.7185    26.7163 3.5757e-01     67.500          1       4881    1506.66 1.4255e+03  54828.848    203.318 1621796176      -0.15      0.371   39.24228  -72.28866 0.0000e+00
     67.466    14.3592    35.7849  1027.0191     2.2077     4.8517     84.586   -0.00124    5.73578    5.73208      8.061    -0.0572   10.43181   4.316795 5.2483e-02    26.7194    26.7172 3.5424e-01     68.000          1       4910    1506.68 6.6033e+02  54831.313    204.538 1621796177       0.20      0.319   39.24228  -72.28866 0.0000e+00
     67.972    14.3669    35.7878  1027.0220     2.2079     4.8511     84.582   -0.00149    5.73544    5.73174      8.059    -0.0646   10.43124   4.318009 5.1321e-02    26.7200    26.7178 3.4867e-01     68.500          1       4927    1506.72 6.7939e+02  54834.661    205.239 1621796177       0.31      0.530   39.24228  -72.28866 0.0000e+00
     68.471    14.3743    35.7909  1027.0250     2.2075     4.8541     84.638   -0.00040    5.73519    5.73149      8.060    -0.0555   10.43081   4.318983 5.0412e-02    26.7208    26.7186 3.4454e-01     69.000          1       4950    1506.75 6.8349e+02  54838.244    206.201 1621796178      -0.07      0.609   39.24228  -72.28866 0.0000e+00
     68.957    14.3770    35.7922  1027.0276     2.2069     4.8523     84.610   -0.00046    5.73495    5.73124      8.061    -0.0688   10.43040   4.319366 2.4368e-02    26.7213    26.7190 3.3639e-01     69.500          1       4994    1506.77 1.6713e+03  54839.967    208.048 1621796180      -0.11      0.239   39.24228  -72.28865 0.0000e+00
     69.457    14.3807    35.7939  1027.0303     2.2083     4.8608     84.764    0.00068    5.73445    5.73074      8.062    -0.0739   10.42957   4.319920 1.4329e-02    26.7218    26.7195 3.0903e-01     70.000          1       5034    1506.79 2.2195e+03  54842.043    209.710 1621796182      -0.03      0.301   39.24228  -72.28864 0.0000e+00
     69.953    14.3823    35.7947  1027.0328     2.2108     4.8694     84.936    0.00131    5.73303    5.72930 -9.990e-29    -0.0779   10.42717   4.320190 1.6020e-02    26.7221    26.7198 2.8122e-01     70.500          1       5081    1506.81 1.8819e+03  54843.266    211.651 1621796184       0.05      0.249   39.24228  -72.28864 0.0000e+00
     70.443    14.3880    35.7963  1027.0350     2.2111     4.8647     84.879    0.00015    5.73140    5.72765      8.063    -0.0525   10.42443   4.320934 3.6612e-02    26.7221    26.7199 2.7506e-01     71.000          1       5121    1506.83 7.7419e+02  54845.088    213.353 1621796186      -0.01      0.290   39.24230  -72.28864 0.0000e+00
     70.941    14.3907    35.7972  1027.0373     2.2127     4.8711     85.007    0.00075    5.73026    5.72650      8.063    -0.0637   10.42251   4.321380 1.2577e-02    26.7222    26.7199 2.7071e-01     71.500          1       5144    1506.85 2.1488e+03  54846.209    214.294 1621796186       0.23      0.390   39.24230  -72.28864 0.0000e+00
     71.443    14.4032    35.8012  1027.0399     2.2142     4.8792     85.161    0.00190    5.72943    5.72566      8.063    -0.0702   10.42111   4.323219 1.8737e-02    26.7226    26.7203 2.6858e-01     72.000          1       5162    1506.91 1.6543e+03  54850.393    215.036 1621796187       0.21      0.577   39.24230  -72.28864 0.0000e+00
