CalculateIndicators/WaterTemperature/Data/CTD_NYOS/20210525_C29.cnv
* Sea-Bird SBE 9 Data File:
* FileName = C:\Seabird 9 CTD\Data\2021\202105_offshore\20210525_C29.hex
* Software Version Seasave V 7.23.2
* Temperature SN = 4590
* Conductivity SN = 3228
* Number of Bytes Per Scan = 44
* Number of Voltage Words = 5
* Number of Scans Averaged by the Deck Unit = 1
* NMEA Latitude = 39 27.93 N
* NMEA Longitude = 072 02.03 W
* NMEA UTC (Time) = May 25 2021  02:37:59
* NMEA baud rate = 4800
** Ship: seawolf
** Station: 3.5
** Operator: sjw
# nquan = 31
# nvalues = 1186                        
# units = specified
# name 0 = depSM: Depth [salt water, m]
# name 1 = t090C: Temperature [ITS-90, deg C]
# name 2 = sal00: Salinity, Practical [PSU]
# name 3 = density00: Density [density, kg/m^3]
# name 4 = sbeox0V: Oxygen raw, SBE 43 [V]
# name 5 = sbeox0ML/L: Oxygen, SBE 43 [ml/l]
# name 6 = sbeox0PS: Oxygen, SBE 43 [% saturation]
# name 7 = sbox0dV/dT: Oxygen, SBE 43 [dov/dt]
# name 8 = oxsolML/L: Oxygen Saturation, Garcia & Gordon [ml/l]
# name 9 = oxsatML/L: Oxygen Saturation, Weiss [ml/l]
# name 10 = ph: pH
# name 11 = flECO-AFL: Fluorescence, WET Labs ECO-AFL/FL [mg/m^3]
# name 12 = n2satML/L: Nitrogen Saturation [ml/l]
# name 13 = c0S/m: Conductivity [S/m]
# name 14 = cpar: CPAR/Corrected Irradiance [%]
# name 15 = sigma-é00: Density [sigma-theta, kg/m^3]
# name 16 = sigma-t00: Density [sigma-t, kg/m^3 ]
# name 17 = par: PAR/Irradiance, Biospherical/Licor
# name 18 = prDM: Pressure, Digiquartz [db]
# name 19 = pumps: Pump Status
# name 20 = scan: Scan Count
# name 21 = svCM: Sound Velocity [Chen-Millero, m/s]
# name 22 = spar: SPAR, Biospherical/Licor
# name 23 = specc: Specific Conductance [uS/cm]
# name 24 = timeS: Time, Elapsed [seconds]
# name 25 = timeY: Time, System [seconds]
# name 26 = accM: Acceleration [m/s^2]
# name 27 = dz/dtM: Descent Rate [m/s]
# name 28 = latitude: Latitude [deg]
# name 29 = longitude: Longitude [deg]
# name 30 = flag: flag
# span 0 =      2.459,    301.005       
# span 1 =     9.4412,    15.5305       
# span 2 =    34.5125,    35.8101       
# span 3 =  1025.5331,  1028.6140       
# span 4 =     1.3993,     2.6775       
# span 5 =     2.9341,     6.1231       
# span 6 =     46.538,    107.234       
# span 7 =   -0.04558,    0.04330       
# span 8 =    5.64489,    6.37809       
# span 9 =    5.63946,    6.38269       
# span 10 =      7.847,      8.198      
# span 11 =    -0.1126,     1.3016      
# span 12 =   10.29340,   11.49997      
# span 13 =   3.793756,   4.310116      
# span 14 = 5.0640e-11, 1.2397e+05      
# span 15 =    25.4803,    27.2481      
# span 16 =    25.4799,    27.2424      
# span 17 = -3.474e-05, 2.8836e-04      
# span 18 =      2.500,    303.500      
# span 19 =          1,          1      
# span 20 =         68,      40647      
# span 21 =    1493.11,    1508.21      
# span 22 = -4.734e-01, 1.9747e+00      
# span 23 =  52924.243,  55076.792      
# span 24 =      2.807,   1693.596      
# span 25 = 1621910279, 1621911970      
# span 26 =      -1.70,       1.44      
# span 27 =     -2.048,      1.987      
# span 28 =   39.46554,   39.46696      
# span 29 =  -72.04023,  -72.03383      
# span 30 = 0.0000e+00, 0.0000e+00      
# interval = decibars: 0.5              
# start_time = May 25 2021 02:37:56 [System UTC, first data scan.]
# bad_flag = -9.990e-29
*END*
[from data line 375]
    197.891    13.6288    35.7312  1027.7175     1.9716     4.3257     74.204   -0.00238    5.82953    5.82694      8.033    -0.0661   10.58769   4.243807 2.3256e+04    26.8364    26.8305 1.0000e-12    199.500          1      11211    1506.43 1.5155e+00  54930.565    467.088 1621910743       0.31      0.442   39.46594  -72.03570 0.0000e+00
    198.372    13.6057    35.7291  1027.7229     1.9657     4.3111     73.881   -0.00307    5.83529    5.83277      8.031    -0.0658   10.59729   4.241338 6.8339e+04    26.8395    26.8336 1.0000e-12    200.000          1      11257    1506.36 6.2521e-01  54931.118    468.986 1621910745       0.00      0.270   39.46594  -72.03570 0.0000e+00
    198.856    13.5904    35.7268  1027.7265     1.9593     4.2858     73.419   -0.00501    5.83737    5.83488 -9.990e-29    -0.0742   10.60075   4.239499 5.6073e+04    26.8410    26.8350 1.0000e-12    200.500          1      11285    1506.31 8.6742e-01  54930.288    470.170 1621910746       0.71      0.185   39.46594  -72.03570 0.0000e+00
    199.366    13.5812    35.7256  1027.7298     1.9568     4.2731     73.204   -0.00623    5.83730    5.83481 -9.990e-29    -0.0793   10.60063   4.238487 6.7371e+04    26.8419    26.8360 1.0000e-12    201.000          1      11293    1506.29 6.4432e-01  54930.279    470.489 1621910747       1.01      0.527   39.46594  -72.03570 0.0000e+00
    199.875    13.5724    35.7241  1027.7328     1.9546     4.2628     73.026   -0.00709    5.83736    5.83487 -9.990e-29    -0.0792   10.60074   4.237442 1.0108e+05    26.8427    26.8367 1.0000e-12    201.500          1      11301    1506.27 -2.139e-02  54929.823    470.823 1621910747       1.02      0.874   39.46594  -72.03570 0.0000e+00
    200.380    13.5599    35.7221  1027.7362     1.9526     4.2566     72.920   -0.00713    5.83739    5.83489 -9.990e-29    -0.0792   10.60078   4.235926 9.9999e+04    26.8437    26.8378 1.0000e-12    202.000          1      11309    1506.23 0.0000e+00  54929.250    471.184 1621910747       0.72      1.185   39.46594  -72.03570 0.0000e+00
    200.880    13.5433    35.7203  1027.7405     1.9501     4.2520     72.840   -0.00653    5.83744    5.83494      8.028    -0.0792   10.60087   4.234166 9.9999e+04    26.8458    26.8398 1.0000e-12    202.500          1      11321    1506.19 0.0000e+00  54929.219    471.654 1621910748       0.08      1.344   39.46594  -72.03570 0.0000e+00
    201.360    13.5288    35.7187  1027.7445     1.9447     4.2538     72.829   -0.00333    5.84084    5.83839      8.026    -0.0679   10.60654   4.232772 5.9391e+04    26.8475    26.8416 1.0000e-12    203.000          1      11371    1506.15 8.0190e-01  54929.401    473.738 1621910750      -0.18      0.582   39.46594  -72.03571 0.0000e+00
    201.845    13.5193    35.7173  1027.7476     1.9393     4.2492     72.698   -0.00175    5.84506    5.84266      8.025    -0.0593   10.61356   4.231769 6.0306e+03    26.8484    26.8424 1.0000e-12    203.500          1      11424    1506.12 1.8556e+00  54929.162    475.978 1621910752       0.32      0.291   39.46594  -72.03572 0.0000e+00
    202.346    13.5077    35.7152  1027.7507     1.9379     4.2426     72.581   -0.00244    5.84538    5.84299 -9.990e-29    -0.0793   10.61409   4.230227 4.0743e+04    26.8493    26.8433 1.0000e-12    204.000          1      11443    1506.09 1.1701e+00  54928.204    476.732 1621910753       0.26      0.518   39.46595  -72.03572 0.0000e+00
    202.842    13.4898    35.7137  1027.7555     1.9363     4.2392     72.521   -0.00220    5.84544    5.84304 -9.990e-29    -0.0792   10.61418   4.228413 5.1004e+04    26.8518    26.8458 1.0000e-12    204.500          1      11459    1506.04 9.6750e-01  54928.860    477.431 1621910753       0.14      0.657   39.46596  -72.03572 0.0000e+00
    203.337    13.4764    35.7126  1027.7596     1.9352     4.2370     72.484   -0.00200    5.84545    5.84305 -9.990e-29    -0.0736   10.61421   4.226890 5.2958e+04    26.8537    26.8477 1.0000e-12    205.000          1      11476    1506.00 9.2892e-01  54929.553    478.131 1621910754       0.03      0.710   39.46596  -72.03572 0.0000e+00
    203.833    13.4663    35.7123  1027.7638     1.9339     4.2341     72.434   -0.00185    5.84554    5.84314 -9.990e-29    -0.0667   10.61435   4.226049 6.3266e+04    26.8556    26.8496 1.0000e-12    205.500          1      11492    1505.97 7.2537e-01  54930.951    478.808 1621910755       0.02      0.720   39.46596  -72.03573 0.0000e+00
    204.329    13.4637    35.7120  1027.7663     1.9332     4.2330     72.414   -0.00159    5.84546    5.84306 -9.990e-29    -0.0658   10.61422   4.225794 5.2435e+04    26.8559    26.8499 1.0000e-12    206.000          1      11508    1505.97 9.3924e-01  54931.146    479.459 1621910756       0.04      0.739   39.46596  -72.03574 0.0000e+00
    204.829    13.4624    35.7118  1027.7686     1.9323     4.2310     72.383   -0.00140    5.84536    5.84296 -9.990e-29    -0.0658   10.61405   4.225711 5.8476e+04    26.8560    26.8499 1.0000e-12    206.500          1      11523    1505.98 8.1996e-01  54931.300    480.098 1621910756       0.04      0.766   39.46596  -72.03574 0.0000e+00
    205.330    13.4624    35.7115  1027.7707     1.9315     4.2306     72.369   -0.00115    5.84581    5.84342 -9.990e-29    -0.0712   10.61481   4.225729 5.3569e+04    26.8558    26.8498 1.0000e-12    207.000          1      11550    1505.99 9.1686e-01  54931.350    481.215 1621910757      -0.05      0.661   39.46596  -72.03574 0.0000e+00
    205.806    13.4603    35.7110  1027.7728     1.9291     4.2292     72.299   -0.00084    5.84954    5.84719 -9.990e-29    -0.0827   10.62100   4.225525 3.6620e+04    26.8559    26.8498 1.0000e-12    207.500          1      11625    1505.99 1.2516e+00  54931.084    484.328 1621910760       0.84      0.245   39.46596  -72.03574 0.0000e+00
    206.313    13.4571    35.7107  1027.7756     1.9288     4.2275     72.263   -0.00111    5.85012    5.84778 -9.990e-29    -0.0793   10.62196   4.225169 4.2155e+04    26.8563    26.8502 1.0000e-12    208.000          1      11636    1505.98 1.1422e+00  54931.522    484.800 1621910761       0.86      0.616   39.46596  -72.03575 0.0000e+00
    206.818    13.4547    35.7107  1027.7783     1.9276     4.2227     72.178   -0.00145    5.85031    5.84797 -9.990e-29    -0.0792   10.62228   4.225010 5.5460e+04    26.8568    26.8507 1.0000e-12    208.500          1      11647    1505.98 8.7951e-01  54932.145    485.240 1621910761       0.57      0.933   39.46596  -72.03576 0.0000e+00
    207.316    13.4506    35.7097  1027.7807     1.9261     4.2156     72.056   -0.00209    5.85047    5.84814 -9.990e-29    -0.0792   10.62256   4.224367 3.8205e+04    26.8569    26.8508 1.0000e-12    209.000          1      11660    1505.98 1.2203e+00  54931.672    485.791 1621910762       0.04      1.079   39.46596  -72.03576 0.0000e+00
    207.804    13.4347    35.7090  1027.7856     1.9227     4.2027     71.824   -0.00305    5.85145    5.84912 -9.990e-29    -0.0792   10.62418   4.222808 6.1703e+04    26.8596    26.8535 1.0000e-12    209.500          1      11683    1505.93 7.5623e-01  54933.154    486.745 1621910763      -0.42      0.786   39.46596  -72.03576 0.0000e+00
    208.292    13.4233    35.7079  1027.7894     1.9183     4.1908     71.609   -0.00309    5.85242    5.85011 -9.990e-29    -0.0792   10.62580   4.221620 6.0447e+04    26.8612    26.8550 1.0000e-12    210.000          1      11716    1505.90 7.8104e-01  54933.633    488.143 1621910764      -0.10      0.360   39.46596  -72.03576 0.0000e+00
    208.778    13.4200    35.7076  1027.7920     1.9152     4.1805     71.432   -0.00333    5.85242    5.85010 -9.990e-29    -0.0767   10.62579   4.221311 4.7287e+04    26.8616    26.8555 1.0000e-12    210.500          1      11741    1505.90 1.0409e+00  54933.986    489.170 1621910765       0.15      0.394   39.46596  -72.03576 0.0000e+00
    209.285    13.4142    35.7068  1027.7948     1.9142     4.1801     71.425   -0.00280    5.85243    5.85012 -9.990e-29    -0.0657   10.62582   4.220536 6.0645e+04    26.8622    26.8560 1.0000e-12    211.000          1      11755    1505.89 7.7713e-01  54933.971    489.757 1621910766       0.35      0.548   39.46596  -72.03576 0.0000e+00
    209.793    13.4062    35.7065  1027.7986     1.9124     4.1762     71.358   -0.00253    5.85243    5.85011 -9.990e-29    -0.0658   10.62581   4.219861 4.7079e+04    26.8636    26.8575 1.0000e-12    211.500          1      11769    1505.87 1.0450e+00  54935.064    490.316 1621910766       0.32      0.751   39.46596  -72.03576 0.0000e+00
    210.281    13.4055    35.7062  1027.8007     1.9110     4.1779     71.384   -0.00135    5.85270    5.85039      8.020    -0.0728   10.62627   4.219837 5.1368e+04    26.8636    26.8574 1.0000e-12    212.000          1      11805    1505.88 9.6033e-01  54935.003    491.827 1621910768      -0.15      0.471   39.46596  -72.03578 0.0000e+00
    210.774    13.4052    35.7060  1027.8028     1.9100     4.1813     71.412   -0.00052    5.85514    5.85286      8.019    -0.0687   10.63033   4.219829 5.1308e+04    26.8635    26.8573 1.0000e-12    212.500          1      11850    1505.88 9.6150e-01  54935.004    493.719 1621910770       0.26      0.241   39.46596  -72.03578 0.0000e+00
    211.265    13.4040    35.7058  1027.8051     1.9085     4.1774     71.313   -0.00101    5.85781    5.85556      8.016    -0.0892   10.63477   4.219726 4.8329e+04    26.8636    26.8574 1.0000e-12    213.000          1      11882    1505.89 1.0203e+00  54935.302    495.026 1621910771      -0.03      0.404   39.46596  -72.03578 0.0000e+00
    211.747    13.3991    35.7052  1027.8079     1.9062     4.1688     71.153   -0.00174    5.85891    5.85667      8.016    -0.0788   10.63660   4.219106 7.5070e+04    26.8642    26.8580 1.0000e-12    213.500          1      11904    1505.88 4.9227e-01  54935.456    495.976 1621910772       0.15      0.390   39.46598  -72.03578 0.0000e+00
    212.246    13.3914    35.7044  1027.8110     1.9044     4.1597     71.001   -0.00254    5.85864    5.85640      8.016    -0.0792   10.63615   4.218167 4.5528e+04    26.8651    26.8589 1.0000e-12    214.000          1      11916    1505.86 1.0756e+00  54935.648    496.452 1621910773       0.47      0.549   39.46598  -72.03578 0.0000e+00
    212.749    13.3800    35.7029  1027.8145     1.9034     4.1548     70.920   -0.00287    5.85842    5.85618      8.016    -0.0792   10.63580   4.216863 6.1072e+04    26.8663    26.8601 1.0000e-12    214.500          1      11925    1505.83 7.6869e-01  54935.643    496.832 1621910773       0.64      0.769   39.46598  -72.03579 0.0000e+00
    213.254    13.3721    35.7024  1027.8181     1.9021     4.1498     70.839   -0.00303    5.85799    5.85574      8.016    -0.0792   10.63507   4.216138 9.0430e+04    26.8676    26.8614 1.0000e-12    215.000          1      11933    1505.81 1.8897e-01  54936.319    497.183 1621910773       0.64      0.998   39.46598  -72.03580 0.0000e+00
    213.757    13.3678    35.7021  1027.8210     1.9011     4.1455     70.770   -0.00326    5.85766    5.85541      8.016    -0.0792   10.63453   4.215747 4.8710e+04    26.8682    26.8619 1.0000e-12    215.500          1      11942    1505.80 1.0128e+00  54936.832    497.540 1621910774       0.50      1.203   39.46598  -72.03580 0.0000e+00
    214.260    13.3637    35.7014  1027.8236     1.9002     4.1438     70.743   -0.00304    5.85752    5.85526      8.016    -0.0792   10.63428   4.215254 7.7675e+04    26.8686    26.8623 1.0000e-12    216.000          1      11952    1505.80 4.4084e-01  54936.785    497.947 1621910774       0.18      1.335   39.46598  -72.03580 0.0000e+00
    214.756    13.3558    35.7000  1027.8264     1.8983     4.1413     70.691   -0.00257    5.85831    5.85606      8.015    -0.0792   10.63560   4.214375 7.1143e+04    26.8691    26.8628 1.0000e-12    216.500          1      11983    1505.78 5.6983e-01  54936.268    499.242 1621910775      -0.23      1.140   39.46598  -72.03580 0.0000e+00
    215.211    13.3532    35.6993  1027.8284     1.8928     4.1346     70.507   -0.00198    5.86411    5.86194      8.011    -0.0775   10.64527   4.214156 3.6215e+04    26.8691    26.8628 1.0000e-12    217.000          1      12095    1505.78 1.2596e+00  54935.913    503.927 1621910780       0.67      0.574   39.46598  -72.03582 0.0000e+00
    215.709    13.3505    35.6987  1027.8307     1.8909     4.1247     70.350   -0.00274    5.86306    5.86087      8.011    -0.0791   10.64351   4.213693 4.1285e+04    26.8692    26.8629 1.0000e-12    217.500          1      12104    1505.78 1.1594e+00  54935.900    504.282 1621910780       0.84      0.802   39.46598  -72.03582 0.0000e+00
    216.212    13.3417    35.6966  1027.8332     1.8892     4.1144     70.188   -0.00370    5.86198    5.85978      8.012    -0.0792   10.64173   4.212448 4.5284e+04    26.8694    26.8631 1.0000e-12    218.000          1      12110    1505.75 1.0805e+00  54934.287    504.546 1621910781       0.94      1.041   39.46598  -72.03582 0.0000e+00
    216.716    13.3325    35.6960  1027.8369     1.8879     4.1065     70.055   -0.00456    5.86176    5.85956      8.011    -0.0792   10.64136   4.211472 6.2484e+04    26.8708    26.8645 1.0000e-12    218.500          1      12116    1505.73 7.4083e-01  54935.597    504.789 1621910781       0.98      1.275   39.46598  -72.03582 0.0000e+00
    217.219    13.3217    35.6942  1027.8400     1.8876     4.1036     70.004   -0.00499    5.86195    5.85975      8.011    -0.0792   10.64170   4.210348 7.5189e+04    26.8717    26.8653 1.0000e-12    219.000          1      12122    1505.70 4.8993e-01  54934.481    505.024 1621910781       0.92      1.499   39.46598  -72.03582 0.0000e+00
    217.724    13.3169    35.6949  1027.8438     1.8871     4.1027     69.984   -0.00488    5.86239    5.86020      8.012    -0.0792   10.64242   4.210128 9.4811e+04    26.8732    26.8668 1.0000e-12    219.500          1      12127    1505.69 1.0245e-01  54936.587    505.262 1621910781       0.80      1.703   39.46598  -72.03582 0.0000e+00
    218.230    13.3150    35.6946  1027.8463     1.8862     4.1006     69.958   -0.00464    5.86152    5.85932      8.013    -0.0792   10.64097   4.209903 6.7435e+04    26.8734    26.8670 1.0000e-12    220.000          1      12133    1505.70 6.4306e-01  54936.755    505.514 1621910782       0.59      1.876   39.46598  -72.03582 0.0000e+00
    218.736    13.3120    35.6942  1027.8489     1.8858     4.1020     69.983   -0.00402    5.86141    5.85920      8.013    -0.0792   10.64078   4.209620 7.6433e+04    26.8738    26.8674 1.0000e-12    220.500          1      12140    1505.69 4.6536e-01  54937.061    505.805 1621910782       0.23      1.987   39.46598  -72.03583 0.0000e+00
    219.237    13.3099    35.6938  1027.8513     1.8858     4.1103     70.115   -0.00234    5.86225    5.86005      8.012    -0.0792   10.64218   4.209426 6.9823e+04    26.8739    26.8675 1.0000e-12    221.000          1      12159    1505.70 5.9589e-01  54937.066    506.569 1621910783      -0.43      1.831   39.46598  -72.03584 0.0000e+00
    219.696    13.3050    35.6925  1027.8534     1.8800     4.0976     69.843   -0.00263    5.86689    5.86475 -9.990e-29    -0.0792   10.64991   4.208842 7.3463e+04    26.8739    26.8675 1.0000e-12    221.500          1      12293    1505.68 5.2402e-01  54936.225    512.159 1621910788       0.73      1.054   39.46600  -72.03586 0.0000e+00
    220.203    13.3024    35.6928  1027.8564     1.8799     4.0982     69.852   -0.00247    5.86701    5.86487 -9.990e-29    -0.0792   10.65010   4.208682 3.2189e+04    26.8746    26.8682 1.0000e-12    222.000          1      12297    1505.69 1.3391e+00  54937.294    512.339 1621910788       0.45      1.283   39.46600  -72.03586 0.0000e+00
