CalculateIndicators/WaterTemperature/Data/CTD_NYOS/20210322_C12.cnv
* Sea-Bird SBE 9 Data File:
* FileName = C:\Seabird 9 CTD\Data\2021\202103_offshore\20210322_C12.hex
* Software Version Seasave V 7.23.2
* Temperature SN = 4590
* Conductivity SN = 3228
* Number of Bytes Per Scan = 44
* Number of Voltage Words = 5
* Number of Scans Averaged by the Deck Unit = 1
* NMEA Latitude = 39 49.41 N
* NMEA Longitude = 073 12.06 W
* NMEA UTC (Time) = Mar 22 2021  18:18:17
* NMEA baud rate = 4800
** Ship: RV Seawolf
** Station: 6.3
** Operator: TDK
# nquan = 31
# nvalues = 83                          
# units = specified
# name 0 = depSM: Depth [salt water, m]
# name 1 = t090C: Temperature [ITS-90, deg C]
# name 2 = sal00: Salinity, Practical [PSU]
# name 3 = density00: Density [density, kg/m^3]
# name 4 = sbeox0V: Oxygen raw, SBE 43 [V]
# name 5 = sbeox0ML/L: Oxygen, SBE 43 [ml/l]
# name 6 = sbeox0PS: Oxygen, SBE 43 [% saturation]
# name 7 = sbox0dV/dT: Oxygen, SBE 43 [dov/dt]
# name 8 = oxsolML/L: Oxygen Saturation, Garcia & Gordon [ml/l]
# name 9 = oxsatML/L: Oxygen Saturation, Weiss [ml/l]
# name 10 = ph: pH
# name 11 = flECO-AFL: Fluorescence, WET Labs ECO-AFL/FL [mg/m^3]
# name 12 = n2satML/L: Nitrogen Saturation [ml/l]
# name 13 = c0S/m: Conductivity [S/m]
# name 14 = cpar: CPAR/Corrected Irradiance [%]
# name 15 = sigma-é00: Density [sigma-theta, kg/m^3]
# name 16 = sigma-t00: Density [sigma-t, kg/m^3 ]
# name 17 = par: PAR/Irradiance, Biospherical/Licor
# name 18 = prDM: Pressure, Digiquartz [db]
# name 19 = pumps: Pump Status
# name 20 = scan: Scan Count
# name 21 = svCM: Sound Velocity [Chen-Millero, m/s]
# name 22 = spar: SPAR, Biospherical/Licor
# name 23 = specc: Specific Conductance [uS/cm]
# name 24 = timeS: Time, Elapsed [seconds]
# name 25 = timeY: Time, System [seconds]
# name 26 = accM: Acceleration [m/s^2]
# name 27 = dz/dtM: Descent Rate [m/s]
# name 28 = latitude: Latitude [deg]
# name 29 = longitude: Longitude [deg]
# name 30 = flag: flag
# span 0 =      1.978,     42.676       
# span 1 =     6.2364,     7.3300       
# span 2 =    33.0444,    33.4632       
# span 3 =  1025.8875,  1026.3602       
# span 4 =     2.4100,     2.5649       
# span 5 =     6.4726,     7.0648       
# span 6 =     95.644,    103.124       
# span 7 =   -0.00691,    0.00963       
# span 8 =    6.76914,    6.95988       
# span 9 =    6.77775,    6.97099       
# span 10 =      8.506,      8.537      
# span 11 =     0.4387,     1.1792      
# span 12 =   12.16740,   12.48738      
# span 13 =   3.284812,   3.419818      
# span 14 = 3.5514e-02, 6.1386e+00      
# span 15 =    25.8783,    26.1634      
# span 16 =    25.8783,    26.1628      
# span 17 = 7.4362e-01, 1.3560e+02      
# span 18 =      2.000,     43.000      
# span 19 =          1,          1      
# span 20 =        488,      10920      
# span 21 =    1473.41,    1478.72      
# span 22 = 1.8335e+03, 2.2655e+03      
# span 23 =  52345.955,  52888.185      
# span 24 =     20.292,    454.947      
# span 25 = 1616437119, 1616437554      
# span 26 =      -0.69,       0.56      
# span 27 =     -1.051,      0.739      
# span 28 =   39.82352,   39.82362      
# span 29 =  -73.20296,  -73.20122      
# span 30 = 0.0000e+00, 0.0000e+00      
# interval = decibars: 1                
# start_time = Mar 22 2021 18:18:19 [System UTC, first data scan.]
# bad_flag = -9.990e-29
*END*
[from data line 47]
     36.709     6.8419    33.2828  1026.2576     2.4438     6.7440     97.914    0.00500    6.86194    6.87176      8.527     0.5445   12.32312   3.359052 7.3054e-02    26.0878    26.0874 1.6188e+00     37.000          1       5582    1476.50 2.2163e+03  52756.480    232.555 1616437331      -0.27     -0.577   39.82357  -73.20205 0.0000e+00
     35.722     6.7860    33.2620  1026.2441     2.4569     6.7675     98.468    0.00403    6.86694    6.87683      8.531     0.6156   12.33150   3.352299 9.0390e-02    26.0789    26.0785 1.9294e+00     36.000          1       5653    1476.24 2.1538e+03  52741.411    235.482 1616437334       0.12     -0.325   39.82356  -73.20207 0.0000e+00
     34.731     6.7556    33.2526  1026.2362     2.4648     6.7958     98.670    0.00220    6.87434    6.88432      8.533     0.6907   12.34392   3.348929 1.1127e-01    26.0755    26.0751 2.2602e+00     35.000          1       5732    1476.09 2.0615e+03  52735.641    238.786 1616437338      -0.15     -0.373   39.82356  -73.20208 0.0000e+00
     33.736     6.7252    33.2408  1026.2263     2.4684     6.7906     98.814    0.00185    6.87944    6.88949      8.533     0.7396   12.35247   3.345175 1.1844e-01    26.0702    26.0698 2.6219e+00     34.000          1       5780    1475.94 2.2145e+03  52726.364    240.805 1616437340       0.04     -0.482   39.82356  -73.20208 0.0000e+00
     32.745     6.6974    33.2295  1026.2166     2.4688     6.7825     98.629   -0.00005    6.87937    6.88942      8.532     0.7824   12.35239   3.341848 1.4930e-01    26.0650    26.0646 2.9545e+00     33.000          1       5849    1475.80 2.0341e+03  52717.286    243.657 1616437342       0.05     -0.332   39.82356  -73.20210 0.0000e+00
     31.753     6.6869    33.2233  1026.2084     2.4668     6.7793     98.465   -0.00054    6.88087    6.89092      8.532     0.8421   12.35508   3.340282 1.7453e-01    26.0614    26.0611 3.5167e+00     32.000          1       5927    1475.74 2.0662e+03  52710.561    246.913 1616437346      -0.00     -0.308   39.82356  -73.20212 0.0000e+00
     30.765     6.6762    33.2154  1026.1991     2.4699     6.8451     98.787    0.00137    6.88059    6.89061      8.536     0.8982   12.35488   3.338700 1.7367e-01    26.0567    26.0563 3.8650e+00     31.000          1       5988    1475.67 2.2238e+03  52701.595    249.444 1616437348      -0.28     -0.401   39.82356  -73.20212 0.0000e+00
     29.766     6.6940    33.1953  1026.1763     2.4794     6.8912     99.741    0.00616    6.87992    6.88994      8.537     0.9117   12.35371   3.338560 1.9358e-01    26.0385    26.0381 4.2953e+00     30.000          1       6020    1475.70 2.2190e+03  52667.249    250.777 1616437350      -0.10     -0.714   39.82356  -73.20212 0.0000e+00
     28.775     6.6865    33.1822  1026.1623     2.4900     6.8784    100.088    0.00435    6.88952    6.89965      8.536     0.9136   12.36984   3.336523 2.7181e-01    26.0291    26.0288 5.1280e+00     29.000          1       6088    1475.63 1.9402e+03  52649.825    253.627 1616437352       0.04     -0.447   39.82356  -73.20214 0.0000e+00
     27.791     6.6528    33.1739  1026.1556     2.4905     6.8465     99.456   -0.00226    6.90910    6.91951      8.532     0.9199   12.40246   3.332643 2.6672e-01    26.0270    26.0267 5.7769e+00     28.000          1       6174    1475.48 2.1657e+03  52646.611    257.229 1616437356      -0.69     -0.575   39.82356  -73.20214 0.0000e+00
     26.782     6.6007    33.1626  1026.1489     2.4870     6.8436     99.178   -0.00327    6.90544    6.91580      8.530     0.9456   12.39640   3.326498 2.9757e-01    26.0248    26.0245 6.5826e+00     27.000          1       6193    1475.24 2.2118e+03  52643.996    258.001 1616437357      -0.35     -1.051   39.82356  -73.20216 0.0000e+00
     25.793     6.5156    33.1413  1026.1386     2.4799     6.8388     98.903   -0.00259    6.91835    6.92889      8.531     0.8991   12.41794   3.317134 3.5789e-01    26.0191    26.0188 7.9445e+00     26.000          1       6267    1474.86 2.2201e+03  52636.805    261.093 1616437360       0.05     -0.711   39.82356  -73.20217 0.0000e+00
     24.806     6.4514    33.1232  1026.1281     2.4733     6.8358     98.654   -0.00178    6.92890    6.93959      8.529     0.9302   12.43556   3.310106 4.2750e-01    26.0131    26.0128 9.0351e+00     25.000          1       6352    1474.57 2.1352e+03  52628.144    264.636 1616437363      -0.18     -0.630   39.82356  -73.20218 0.0000e+00
     23.814     6.4084    33.1123  1026.1204     2.4697     6.8273     98.484   -0.00167    6.93397    6.94473      8.529     0.9166   12.44403   3.305343 5.6898e-01    26.0100    26.0097 1.0780e+01     24.000          1       6432    1474.37 1.9508e+03  52623.920    267.974 1616437367      -0.02     -0.408   39.82356  -73.20219 0.0000e+00
     22.819     6.3670    33.1021  1026.1131     2.4643     6.8151     98.180   -0.00201    6.93944    6.95028      8.525     0.9379   12.45318   3.300838 5.5855e-01    26.0073    26.0070 1.2213e+01     23.000          1       6522    1474.18 2.1921e+03  52620.464    271.705 1616437371      -0.05     -0.470   39.82356  -73.20220 0.0000e+00
     21.830     6.3400    33.0923  1026.1042     2.4618     6.8215     98.238   -0.00011    6.94295    6.95383      8.525     0.9631   12.45904   3.297747 7.2013e-01    26.0029    26.0027 1.4163e+01     22.000          1       6638    1474.04 2.0161e+03  52613.352    276.521 1616437375       0.00     -0.184   39.82356  -73.20223 0.0000e+00
     20.842     6.3187    33.0862  1026.0975     2.4629     6.8408     98.364    0.00059    6.94744    6.95838      8.525     1.0596   12.46655   3.295312 8.6074e-01    26.0008    26.0006 1.6221e+01     21.000          1       6786    1473.94 1.9848e+03  52609.994    282.714 1616437382      -0.23     -0.198   39.82356  -73.20224 0.0000e+00
     19.843     6.2997    33.0793  1026.0899     2.4674     6.8478     98.544    0.00025    6.94838    6.95934      8.523     1.0964   12.46815   3.293154 7.6578e-01    25.9978    25.9976 1.5309e+01     20.000          1       8064    1473.84 2.0545e+03  52604.892    335.964 1616437435      -0.02     -0.280   39.82354  -73.20244 0.0000e+00
     18.854     6.2952    33.0774  1026.0844     2.4694     6.8634     98.671    0.00073    6.95001    6.96099      8.525     1.1434   12.47090   3.292553 8.0765e-01    25.9969    25.9967 1.6569e+01     19.000          1       8407    1473.80 2.0864e+03  52602.728    350.267 1616437449      -0.04     -0.363   39.82354  -73.20250 0.0000e+00
     17.861     6.2928    33.0747  1026.0779     2.4736     6.8884     98.958    0.00162    6.95056    6.96155      8.525     1.1739   12.47183   3.292058 8.9687e-01    25.9950    25.9948 1.8066e+01     18.000          1       8464    1473.77 2.0628e+03  52598.823    352.627 1616437451       0.03     -0.373   39.82354  -73.20250 0.0000e+00
     16.871     6.2888    33.0723  1026.0719     2.4792     6.9013     99.206    0.00145    6.95230    6.96331      8.526     1.1792   12.47475   3.291437 8.8653e-01    25.9936    25.9934 1.8764e+01     17.000          1       8544    1473.73 2.1450e+03  52595.773    355.971 1616437455      -0.00     -0.279   39.82353  -73.20252 0.0000e+00
     15.875     6.2816    33.0695  1026.0660     2.4830     6.9143     99.418    0.00175    6.95486    6.96591      8.526     1.1275   12.47902   3.290482 8.8853e-01    25.9923    25.9922 1.9470e+01     16.000          1       8604    1473.69 2.1949e+03  52593.164    358.455 1616437457      -0.09     -0.442   39.82352  -73.20254 0.0000e+00
     14.883     6.2686    33.0664  1026.0606     2.4845     6.9118     99.366    0.00057    6.95424    6.96527      8.526     1.1077   12.47798   3.288998 1.0265e+00    25.9915    25.9913 2.0603e+01     15.000          1       8664    1473.62 2.0606e+03  52591.753    360.979 1616437460       0.03     -0.396   39.82352  -73.20254 0.0000e+00
     13.898     6.2708    33.0661  1026.0554     2.4856     6.9201     99.343   -0.00003    6.95792    6.96900      8.528     1.0277   12.48415   3.289164 1.0140e+00    25.9909    25.9908 2.0200e+01     14.000          1       8757    1473.61 2.0412e+03  52589.901    364.822 1616437464      -0.14     -0.193   39.82352  -73.20256 0.0000e+00
     12.899     6.2525    33.0607  1026.0488     2.4887     6.9410     99.656    0.00160    6.95794    6.96902      8.530     1.0446   12.48418   3.286966 1.0134e+00    25.9890    25.9888 2.2425e+01     13.000          1       8799    1473.51 2.2136e+03  52586.647    366.578 1616437465      -0.00     -0.530   39.82352  -73.20256 0.0000e+00
     11.908     6.2482    33.0587  1026.0432     2.4926     6.9444     99.804    0.00127    6.95810    6.96918      8.530     0.9838   12.48446   3.286453 1.2551e+00    25.9879    25.9878 2.4282e+01     12.000          1       8874    1473.47 2.0126e+03  52584.328    369.696 1616437469       0.01     -0.273   39.82352  -73.20259 0.0000e+00
     10.914     6.2469    33.0568  1026.0372     2.4968     6.9632     99.994    0.00114    6.95848    6.96956      8.531     0.9225   12.48511   3.286113 1.4334e+00    25.9866    25.9865 2.6475e+01     11.000          1       8968    1473.45 1.9021e+03  52581.294    373.621 1616437472      -0.01     -0.270   39.82352  -73.20260 0.0000e+00
      9.922     6.2421    33.0506  1026.0284     2.5121     7.0195    100.766    0.00142    6.95549    6.96652      8.532     0.8748   12.48026   3.285162 1.3346e+00    25.9823    25.9822 3.0140e+01     10.000          1       9833    1473.41 2.2497e+03  52573.134    409.649 1616437508      -0.12     -0.193   39.82352  -73.20277 0.0000e+00
      8.931     6.2974    33.0470  1026.0139     2.5261     7.0369    101.577    0.00326    6.93122    6.94186      8.531     0.8153   12.44019   3.289931 1.5400e+00    25.9724    25.9723 3.4128e+01      9.000          1      10384    1473.61 2.2162e+03  52551.411    432.610 1616437531       0.04     -0.281   39.82352  -73.20287 0.0000e+00
      7.941     6.4230    33.0484  1025.9944     2.5406     7.0648    102.342    0.00476    6.88613    6.89605      8.532     0.7172   12.36584   3.301647 1.7549e+00    25.9576    25.9575 3.8830e+01      8.000          1      10481    1474.09 2.2129e+03  52517.223    436.667 1616437535      -0.11     -0.293   39.82352  -73.20288 0.0000e+00
      6.945     6.6485    33.0444  1025.9573     2.5456     7.0275    102.271    0.00176    6.88038    6.89023      8.530     0.6748   12.35615   3.320856 2.0389e+00    25.9251    25.9250 4.5160e+01      7.000          1      10540    1474.95 2.2148e+03  52447.771    439.128 1616437538       0.05     -0.385   39.82352  -73.20289 0.0000e+00
      5.959     6.7087    33.0569  1025.9547     2.5533     7.0372    102.693    0.00324    6.83532    6.84446      8.526     0.5859   12.28178   3.327484 2.3367e+00    25.9271    25.9271 5.1651e+01      6.000          1      10612    1475.19 2.2103e+03  52448.888    442.140 1616437541      -0.14     -0.303   39.82352  -73.20290 0.0000e+00
      4.960     6.8820    33.0492  1025.9210     2.5602     7.0189    103.124    0.00406    6.84118    6.85043      8.526     0.5403   12.29124   3.342466 2.9589e+00    25.8981    25.8980 6.5501e+01      5.000          1      10655    1475.84 2.2138e+03  52389.767    443.921 1616437543       0.03     -0.539   39.82352  -73.20292 0.0000e+00
      3.971     7.0021    33.0662  1025.9137     2.5606     7.0170    102.700    0.00016    6.81771    6.82660      8.522     0.5185   12.25249   3.353482 3.5673e+00    25.8953    25.8953 7.8886e+01      4.000          1      10718    1476.31 2.2116e+03  52381.679    446.539 1616437545       0.05     -0.349   39.82352  -73.20293 0.0000e+00
      2.975     7.1011    33.0664  1025.8959     2.5628     7.0028    102.819    0.00039    6.81632    6.82519 -9.990e-29     0.5181   12.25014   3.362657 4.3515e+00    25.8821    25.8821 9.6198e+01      3.000          1      10773    1476.68 2.2105e+03  52354.990    448.830 1616437548       0.02     -0.467   39.82352  -73.20294 0.0000e+00
      1.978     7.1311    33.0716  1025.8913     2.5625     7.0013    102.759   -0.00008    6.81481    6.82367      8.524     0.5234   12.24764   3.365201 5.9429e+00    25.8821    25.8821 1.3170e+02      2.000          1      10920    1476.79 2.2161e+03  52353.902    454.947 1616437554      -0.22     -0.355   39.82352  -73.20296 0.0000e+00
