CalculateIndicators/WaterTemperature/Data/CTD_NYOS/20210322_C12.cnv
* Sea-Bird SBE 9 Data File:
* FileName = C:\Seabird 9 CTD\Data\2021\202103_offshore\20210322_C12.hex
* Software Version Seasave V 7.23.2
* Temperature SN = 4590
* Conductivity SN = 3228
* Number of Bytes Per Scan = 44
* Number of Voltage Words = 5
* Number of Scans Averaged by the Deck Unit = 1
* NMEA Latitude = 39 49.41 N
* NMEA Longitude = 073 12.06 W
* NMEA UTC (Time) = Mar 22 2021  18:18:17
* NMEA baud rate = 4800
** Ship: RV Seawolf
** Station: 6.3
** Operator: TDK
# nquan = 31
# nvalues = 83                          
# units = specified
# name 0 = depSM: Depth [salt water, m]
# name 1 = t090C: Temperature [ITS-90, deg C]
# name 2 = sal00: Salinity, Practical [PSU]
# name 3 = density00: Density [density, kg/m^3]
# name 4 = sbeox0V: Oxygen raw, SBE 43 [V]
# name 5 = sbeox0ML/L: Oxygen, SBE 43 [ml/l]
# name 6 = sbeox0PS: Oxygen, SBE 43 [% saturation]
# name 7 = sbox0dV/dT: Oxygen, SBE 43 [dov/dt]
# name 8 = oxsolML/L: Oxygen Saturation, Garcia & Gordon [ml/l]
# name 9 = oxsatML/L: Oxygen Saturation, Weiss [ml/l]
# name 10 = ph: pH
# name 11 = flECO-AFL: Fluorescence, WET Labs ECO-AFL/FL [mg/m^3]
# name 12 = n2satML/L: Nitrogen Saturation [ml/l]
# name 13 = c0S/m: Conductivity [S/m]
# name 14 = cpar: CPAR/Corrected Irradiance [%]
# name 15 = sigma-é00: Density [sigma-theta, kg/m^3]
# name 16 = sigma-t00: Density [sigma-t, kg/m^3 ]
# name 17 = par: PAR/Irradiance, Biospherical/Licor
# name 18 = prDM: Pressure, Digiquartz [db]
# name 19 = pumps: Pump Status
# name 20 = scan: Scan Count
# name 21 = svCM: Sound Velocity [Chen-Millero, m/s]
# name 22 = spar: SPAR, Biospherical/Licor
# name 23 = specc: Specific Conductance [uS/cm]
# name 24 = timeS: Time, Elapsed [seconds]
# name 25 = timeY: Time, System [seconds]
# name 26 = accM: Acceleration [m/s^2]
# name 27 = dz/dtM: Descent Rate [m/s]
# name 28 = latitude: Latitude [deg]
# name 29 = longitude: Longitude [deg]
# name 30 = flag: flag
# span 0 =      1.978,     42.676       
# span 1 =     6.2364,     7.3300       
# span 2 =    33.0444,    33.4632       
# span 3 =  1025.8875,  1026.3602       
# span 4 =     2.4100,     2.5649       
# span 5 =     6.4726,     7.0648       
# span 6 =     95.644,    103.124       
# span 7 =   -0.00691,    0.00963       
# span 8 =    6.76914,    6.95988       
# span 9 =    6.77775,    6.97099       
# span 10 =      8.506,      8.537      
# span 11 =     0.4387,     1.1792      
# span 12 =   12.16740,   12.48738      
# span 13 =   3.284812,   3.419818      
# span 14 = 3.5514e-02, 6.1386e+00      
# span 15 =    25.8783,    26.1634      
# span 16 =    25.8783,    26.1628      
# span 17 = 7.4362e-01, 1.3560e+02      
# span 18 =      2.000,     43.000      
# span 19 =          1,          1      
# span 20 =        488,      10920      
# span 21 =    1473.41,    1478.72      
# span 22 = 1.8335e+03, 2.2655e+03      
# span 23 =  52345.955,  52888.185      
# span 24 =     20.292,    454.947      
# span 25 = 1616437119, 1616437554      
# span 26 =      -0.69,       0.56      
# span 27 =     -1.051,      0.739      
# span 28 =   39.82352,   39.82362      
# span 29 =  -73.20296,  -73.20122      
# span 30 = 0.0000e+00, 0.0000e+00      
# interval = decibars: 1                
# start_time = Mar 22 2021 18:18:19 [System UTC, first data scan.]
# bad_flag = -9.990e-29
*END*
      1.983     7.2114    33.0807  1025.8875     2.5649     6.9996    102.891    0.00015    6.80404    6.81274      8.511     0.4861   12.22975   3.372457 6.1386e+00    25.8783    25.8783 1.3560e+02      2.000          1        488    1477.11 2.2088e+03  52345.955     20.292 1616437119       0.28      0.006   39.82362  -73.20122 0.0000e+00
      2.977     7.2078    33.0803  1025.8923     2.5642     7.0004    102.848   -0.00018    6.80606    6.81479      8.511     0.4881   12.23309   3.372105 4.8204e+00    25.8785    25.8785 1.0632e+02      3.000          1        587    1477.11 2.2058e+03  52347.075     24.423 1616437123       0.10      0.286   39.82362  -73.20124 0.0000e+00
      3.969     7.1982    33.0797  1025.8977     2.5633     6.9982    102.795   -0.00047    6.81125    6.82005      8.511     0.4797   12.24166   3.371278 3.7281e+00    25.8794    25.8793 8.2390e+01      4.000          1        647    1477.09 2.2098e+03  52349.353     26.898 1616437126       0.04      0.446   39.82362  -73.20125 0.0000e+00
      4.962     7.1750    33.0794  1025.9052     2.5618     7.0097    102.734   -0.00058    6.81808    6.82699      8.512     0.4584   12.25297   3.369126 3.0618e+00    25.8823    25.8822 6.7467e+01      5.000          1        709    1477.02 2.2034e+03  52355.567     29.498 1616437128      -0.08      0.363   39.82362  -73.20126 0.0000e+00
      5.953     7.1297    33.0786  1025.9154     2.5564     7.0036    102.370   -0.00233    6.85058    6.85999      8.513     0.5094   12.30666   3.364827 2.6551e+00    25.8879    25.8878 5.8709e+01      6.000          1        783    1476.86 2.2111e+03  52366.938     32.589 1616437131       0.25      0.333   39.82362  -73.20128 0.0000e+00
      6.946     7.0060    33.0763  1025.9349     2.5520     7.0310    102.154   -0.00243    6.85324    6.86269      8.514     0.5985   12.31105   3.353339 2.2630e+00    25.9028    25.9027 4.9944e+01      7.000          1        831    1476.39 2.2069e+03  52397.019     34.575 1616437133      -0.06      0.504   39.82362  -73.20128 0.0000e+00
      7.939     6.8447    33.0738  1025.9592     2.5474     7.0480    102.051   -0.00227    6.90875    6.91906      8.519     0.6814   12.40289   3.338641 1.9174e+00    25.9225    25.9224 4.2291e+01      8.000          1        906    1475.77 2.2057e+03  52437.257     37.701 1616437137       0.02      0.280   39.82362  -73.20130 0.0000e+00
      8.930     6.6106    33.0678  1025.9900     2.5335     7.0344    101.199   -0.00488    6.95785    6.96893      8.521     0.9000   12.48403   3.317099 1.7032e+00    25.9486    25.9485 3.7710e+01      9.000          1        973    1474.87 2.2140e+03  52493.430     40.502 1616437139       0.18      0.473   39.82362  -73.20131 0.0000e+00
      9.926     6.3533    33.0593  1026.0211     2.5299     7.0510    101.269   -0.00235    6.95000    6.96096      8.521     0.9208   12.47106   3.293537 1.5177e+00    25.9750    25.9749 3.3444e+01     10.000          1       1016    1473.86 2.2035e+03  52553.888     42.282 1616437141      -0.04      0.560   39.82362  -73.20132 0.0000e+00
     10.913     6.2617    33.0585  1026.0367     2.5248     7.0164    101.116   -0.00171    6.95988    6.97099      8.517     0.9884   12.48738   3.286644 1.3054e+00    25.9860    25.9859 2.8826e+01     11.000          1       1119    1473.51 2.2081e+03  52579.438     46.603 1616437145       0.01      0.136   39.82362  -73.20133 0.0000e+00
     11.907     6.2369    33.0591  1026.0450     2.5136     6.9514    100.230   -0.00506    6.95971    6.97082      8.513     1.0435   12.48710   3.284812 1.2288e+00    25.9897    25.9896 2.7218e+01     12.000          1       1176    1473.43 2.2151e+03  52588.208     48.958 1616437148       0.31      0.541   39.82362  -73.20134 0.0000e+00
     12.903     6.2364    33.0596  1026.0500     2.5043     6.9428     99.827   -0.00455    6.95947    6.97058      8.513     1.0342   12.48669   3.285045 1.1282e+00    25.9901    25.9900 2.4866e+01     13.000          1       1224    1473.45 2.2039e+03  52589.741     50.966 1616437150      -0.11      0.480   39.82362  -73.20135 0.0000e+00
     13.889     6.2397    33.0600  1026.0545     2.4944     6.9299     99.709   -0.00106    6.95822    6.96931      8.512     1.1018   12.48460   3.285708 1.1142e+00    25.9901    25.9899 2.4676e+01     14.000          1       1333    1473.48 2.2147e+03  52590.138     55.482 1616437154       0.12      0.132   39.82362  -73.20136 0.0000e+00
     14.885     6.2426    33.0617  1026.0602     2.4909     6.9152     99.474   -0.00177    6.95453    6.96556      8.511     1.0944   12.47844   3.286224 1.0801e+00    25.9911    25.9909 2.3900e+01     15.000          1       1383    1473.50 2.2128e+03  52592.468     57.576 1616437156       0.03      0.482   39.82362  -73.20138 0.0000e+00
     15.880     6.2551    33.0647  1026.0656     2.4882     6.9092     99.376   -0.00143    6.95486    6.96590      8.511     1.1604   12.47901   3.287800 9.9891e-01    25.9919    25.9917 2.2069e+01     16.000          1       1428    1473.58 2.2092e+03  52593.869     59.472 1616437158       0.08      0.529   39.82362  -73.20138 0.0000e+00
     16.869     6.2748    33.0688  1026.0709     2.4862     6.9142     99.396   -0.00038    6.95222    6.96322 -9.990e-29     1.1144   12.47458   3.289951 8.7728e-01    25.9926    25.9924 1.9406e+01     17.000          1       1530    1473.67 2.2123e+03  52594.831     63.693 1616437163       0.19      0.284   39.82362  -73.20140 0.0000e+00
     17.863     6.2774    33.0697  1026.0759     2.4858     6.8964     99.423   -0.00006    6.95155    6.96255 -9.990e-29     1.1200   12.47345   3.290302 8.1938e-01    25.9930    25.9928 1.8113e+01     18.000          1       1584    1473.70 2.2105e+03  52595.980     65.978 1616437165       0.00      0.559   39.82362  -73.20140 0.0000e+00
     18.854     6.2828    33.0728  1026.0823     2.4801     6.8691     98.932   -0.00218    6.95131    6.96231      8.510     1.1015   12.47305   3.291100 7.3890e-01    25.9948    25.9946 1.6309e+01     19.000          1       1644    1473.74 2.2071e+03  52599.620     68.448 1616437167      -0.09      0.390   39.82362  -73.20142 0.0000e+00
     19.843     6.2850    33.0744  1026.0879     2.4738     6.8496     98.716   -0.00134    6.94586    6.95678      8.509     0.9952   12.46393   3.291504 6.9359e-01    25.9958    25.9956 1.5360e+01     20.000          1       1732    1473.77 2.2145e+03  52602.012     72.109 1616437171       0.06      0.231   39.82362  -73.20143 0.0000e+00
     20.835     6.3054    33.0810  1026.0951     2.4703     6.8242     98.542   -0.00143    6.94288    6.95376 -9.990e-29     0.9521   12.45895   3.294142 6.4937e-01    25.9984    25.9982 1.4414e+01     21.000          1       1789    1473.88 2.2196e+03  52606.264     74.517 1616437173       0.56      0.458   39.82362  -73.20144 0.0000e+00
     21.837     6.3325    33.0881  1026.1019     2.4670     6.8184     98.298   -0.00223    6.94218    6.95305      8.507     0.9618   12.45779   3.297171 5.8358e-01    26.0006    26.0004 1.2877e+01     22.000          1       1828    1474.01 2.2063e+03  52609.500     76.143 1616437175       0.01      0.709   39.82362  -73.20144 0.0000e+00
     22.815     6.3698    33.0992  1026.1105     2.4665     6.8399     98.579    0.00079    6.92314    6.93375      8.511     0.8884   12.42601   3.301609 5.2911e-01    26.0046    26.0044 1.1746e+01     23.000          1       1955    1474.19 2.2200e+03  52615.525     81.435 1616437180       0.41      0.258   39.82362  -73.20146 0.0000e+00
     23.819     6.4105    33.1074  1026.1163     2.4697     6.8484     98.873    0.00211    6.92220    6.93279      8.510     0.8729   12.42443   3.306018 4.8057e-01    26.0059    26.0056 1.0641e+01     24.000          1       1983    1474.37 2.2141e+03  52616.364     82.569 1616437181       0.12      0.719   39.82362  -73.20148 0.0000e+00
     24.810     6.4410    33.1151  1026.1231     2.4712     6.8377     98.827    0.00087    6.92231    6.93291      8.510     0.9029   12.42461   3.309270 4.9517e-01    26.0080    26.0078 9.4411e+00     25.000          1       2036    1474.52 1.9665e+03  52619.490     84.804 1616437184      -0.13      0.470   39.82362  -73.20148 0.0000e+00
     25.795     6.4840    33.1271  1026.1316     2.4758     6.8384     99.083    0.00131    6.89397    6.90417      8.515     0.8914   12.37730   3.314320 3.4756e-01    26.0120    26.0117 8.0056e+00     26.000          1       2163    1474.72 2.2655e+03  52625.293     90.103 1616437189       0.19      0.148   39.82362  -73.20150 0.0000e+00
     26.789     6.5462    33.1452  1026.1423     2.4814     6.8812     99.557    0.00326    6.89128    6.90143      8.519     0.9046   12.37283   3.321791 3.3857e-01    26.0182    26.0179 7.4996e+00     27.000          1       2199    1475.01 2.2150e+03  52634.431     91.600 1616437190       0.14      0.555   39.82362  -73.20151 0.0000e+00
     27.791     6.6228    33.1588  1026.1477     2.4864     6.8803     99.816    0.00332    6.89401    6.90420      8.518     0.9087   12.37736   3.329610 2.9574e-01    26.0190    26.0187 6.5081e+00     28.000          1       2238    1475.34 2.2003e+03  52633.302     93.207 1616437192      -0.01      0.662   39.82362  -73.20152 0.0000e+00
     28.770     6.6848    33.1747  1026.1566     2.4955     6.8899    100.139    0.00185    6.88305    6.89312      8.523     0.9442   12.35883   3.336571 2.4743e-01    26.0234    26.0231 5.4962e+00     29.000          1       2372    1475.62 2.2211e+03  52639.651     98.773 1616437198       0.35      0.379   39.82362  -73.20154 0.0000e+00
     29.774     6.6969    33.1854  1026.1681     2.4945     6.8549     99.932    0.00019    6.88680    6.89693      8.520     0.8903   12.36497   3.338342 2.2262e-01    26.0303    26.0299 4.8914e+00     30.000          1       2398    1475.70 2.1979e+03  52652.259     99.879 1616437199       0.10      0.739   39.82362  -73.20154 0.0000e+00
     30.762     6.6671    33.1950  1026.1841     2.4861     6.8098     99.190   -0.00305    6.88369    6.89378      8.518     0.8675   12.35982   3.336385 2.3728e-01    26.0417    26.0413 4.1933e+00     31.000          1       2460    1475.61 1.8335e+03  52674.847    102.461 1616437201      -0.10      0.410   39.82362  -73.20155 0.0000e+00
     31.753     6.6673    33.2107  1026.2011     2.4743     6.7675     98.517   -0.00409    6.87951    6.88955      8.515     0.7828   12.35265   3.337902 1.6310e-01    26.0541    26.0538 3.5711e+00     32.000          1       2555    1475.64 2.2016e+03  52698.024    106.429 1616437205       0.12      0.405   39.82362  -73.20156 0.0000e+00
     32.742     6.6718    33.2156  1026.2090     2.4695     6.7895     98.454   -0.00236    6.87716    6.88717      8.518     0.7676   12.34870   3.338821 1.6502e-01    26.0574    26.0570 3.2015e+00     33.000          1       2605    1475.69 1.9841e+03  52704.419    108.481 1616437207       0.18      0.472   39.82362  -73.20158 0.0000e+00
     33.739     6.6997    33.2258  1026.2179     2.4719     6.8000     98.863    0.00049    6.87465    6.88463      8.518     0.7427   12.34447   3.342265 1.3401e-01    26.0617    26.0613 2.7519e+00     34.000          1       2664    1475.82 2.0945e+03  52711.962    110.951 1616437210      -0.09      0.388   39.82362  -73.20158 0.0000e+00
     34.723     6.7224    33.2354  1026.2271     2.4748     6.7996     99.028    0.00056    6.86740    6.87728      8.519     0.6022   12.33232   3.345217 1.0589e-01    26.0664    26.0660 2.3654e+00     35.000          1       2768    1475.94 2.2286e+03  52720.218    115.293 1616437214       0.32      0.240   39.82362  -73.20160 0.0000e+00
     35.724     6.7379    33.2409  1026.2339     2.4741     6.7842     98.929   -0.00013    6.86800    6.87789      8.519     0.6130   12.33333   3.347156 1.0342e-01    26.0686    26.0682 2.0892e+00     36.000          1       2803    1476.03 2.0772e+03  52724.432    116.758 1616437216       0.00      0.610   39.82362  -73.20161 0.0000e+00
     36.716     6.7661    33.2505  1026.2423     2.4703     6.7562     98.623   -0.00138    6.86497    6.87483      8.518     0.5574   12.32825   3.350577 8.6184e-02    26.0725    26.0720 1.8276e+00     37.000          1       2885    1476.16 2.1436e+03  52731.111    120.149 1616437219       0.14      0.308   39.82362  -73.20162 0.0000e+00
     37.710     6.7787    33.2542  1026.2482     2.4637     6.7147     98.121   -0.00314    6.85859    6.86836      8.518     0.5021   12.31755   3.351935 7.3823e-02    26.0737    26.0733 1.5690e+00     38.000          1       2956    1476.23 2.1412e+03  52733.640    123.118 1616437222       0.03      0.526   39.82361  -73.20163 0.0000e+00
     38.697     6.8201    33.2700  1026.2597     2.4557     6.6682     97.782   -0.00229    6.83321    6.84265      8.513     0.4387   12.27497   3.357315 6.2392e-02    26.0807    26.0802 1.3252e+00     39.000          1       3037    1476.43 2.1390e+03  52745.678    126.519 1616437225      -0.04      0.274   39.82360  -73.20165 0.0000e+00
     39.690     7.0119    33.3406  1026.2939     2.4479     6.5778     97.383   -0.00182    6.78609    6.79492      8.510     0.4664   12.19591   3.381590 5.2437e-02    26.1106    26.1101 1.1633e+00     40.000          1       3133    1477.28 2.2194e+03  52795.499    130.480 1616437229      -0.02      0.221   39.82360  -73.20166 0.0000e+00
     40.681     7.3179    33.4535  1026.3450     2.4250     6.4726     95.738   -0.00691    6.76923    6.77784      8.506     0.4496   12.16760   3.418921 4.5740e-02    26.1574    26.1569 9.5269e-01     41.000          1       3237    1478.62 2.1153e+03  52876.143    134.838 1616437234       0.01      0.241   39.82360  -73.20168 0.0000e+00
     41.676     7.3229    33.4576  1026.3522     2.4144     6.4816     95.740   -0.00156    6.76972    6.77834      8.506     0.4561   12.16841   3.419217 4.0278e-02    26.1600    26.1594 8.3855e-01     42.000          1       3374    1478.67 2.1166e+03  52881.396    140.554 1616437239       0.07      0.182   39.82360  -73.20170 0.0000e+00
     42.676     7.3300    33.4632  1026.3602     2.4108     6.4799     95.747    0.00038    6.77278    6.78144      8.512     0.5531   12.17351   3.419818 3.5514e-02    26.1634    26.1628 7.4362e-01     43.000          1       4330    1478.72 2.1221e+03  52888.185    180.361 1616437279      -0.27      0.250   39.82358  -73.20184 0.0000e+00
     41.673     7.3250    33.4614  1026.3548     2.4115     6.4810     95.735   -0.00011    6.76914    6.77775      8.510     0.4564   12.16740   3.419282 3.8826e-02    26.1627    26.1621 8.3934e-01     42.000          1       4388    1478.68 2.1686e+03  52886.288    182.806 1616437282      -0.16     -0.332   39.82358  -73.20186 0.0000e+00
     40.682     7.3231    33.4611  1026.3503     2.4125     6.4882     95.766   -0.00009    6.77357    6.78224      8.515     0.4663   12.17482   3.419028 4.7981e-02    26.1627    26.1622 9.3762e-01     41.000          1       5316    1478.65 2.0023e+03  52885.740    221.478 1616437320      -0.22     -0.431   39.82358  -73.20202 0.0000e+00
     39.689     7.3080    33.4564  1026.3441     2.4132     6.5218     95.858    0.00034    6.78999    6.79888      8.516     0.4716   12.20236   3.417110 4.8867e-02    26.1610    26.1605 1.0880e+00     40.000          1       5385    1478.57 2.2258e+03  52882.162    224.329 1616437323       0.09     -0.393   39.82358  -73.20202 0.0000e+00
     38.698     7.1790    33.4123  1026.3227     2.4100     6.5981     95.644   -0.00101    6.84956    6.85922      8.521     0.4430   12.30232   3.400433 5.8511e-02    26.1441    26.1436 1.2348e+00     39.000          1       5465    1478.00 2.1294e+03  52852.755    227.668 1616437326      -0.03     -0.293   39.82357  -73.20204 0.0000e+00
