CalculateIndicators/WaterTemperature/Data/CTD_NYOS/20210525_C32.cnv
* Sea-Bird SBE 9 Data File:
* FileName = C:\Seabird 9 CTD\Data\2021\202105_offshore\20210525_C32.hex
* Software Version Seasave V 7.23.2
* Temperature SN = 4590
* Conductivity SN = 3228
* Number of Bytes Per Scan = 44
* Number of Voltage Words = 5
* Number of Scans Averaged by the Deck Unit = 1
* NMEA Latitude = 40 16.50 N
* NMEA Longitude = 071 58.34 W
* NMEA UTC (Time) = May 25 2021  12:22:50
* NMEA baud rate = 4800
** Ship: seawolf
** Station: 2.3
** Operator: eih
# nquan = 31
# nvalues = 239                         
# units = specified
# name 0 = depSM: Depth [salt water, m]
# name 1 = t090C: Temperature [ITS-90, deg C]
# name 2 = sal00: Salinity, Practical [PSU]
# name 3 = density00: Density [density, kg/m^3]
# name 4 = sbeox0V: Oxygen raw, SBE 43 [V]
# name 5 = sbeox0ML/L: Oxygen, SBE 43 [ml/l]
# name 6 = sbeox0PS: Oxygen, SBE 43 [% saturation]
# name 7 = sbox0dV/dT: Oxygen, SBE 43 [dov/dt]
# name 8 = oxsolML/L: Oxygen Saturation, Garcia & Gordon [ml/l]
# name 9 = oxsatML/L: Oxygen Saturation, Weiss [ml/l]
# name 10 = ph: pH
# name 11 = flECO-AFL: Fluorescence, WET Labs ECO-AFL/FL [mg/m^3]
# name 12 = n2satML/L: Nitrogen Saturation [ml/l]
# name 13 = c0S/m: Conductivity [S/m]
# name 14 = cpar: CPAR/Corrected Irradiance [%]
# name 15 = sigma-é00: Density [sigma-theta, kg/m^3]
# name 16 = sigma-t00: Density [sigma-t, kg/m^3 ]
# name 17 = par: PAR/Irradiance, Biospherical/Licor
# name 18 = prDM: Pressure, Digiquartz [db]
# name 19 = pumps: Pump Status
# name 20 = scan: Scan Count
# name 21 = svCM: Sound Velocity [Chen-Millero, m/s]
# name 22 = spar: SPAR, Biospherical/Licor
# name 23 = specc: Specific Conductance [uS/cm]
# name 24 = timeS: Time, Elapsed [seconds]
# name 25 = timeY: Time, System [seconds]
# name 26 = accM: Acceleration [m/s^2]
# name 27 = dz/dtM: Descent Rate [m/s]
# name 28 = latitude: Latitude [deg]
# name 29 = longitude: Longitude [deg]
# name 30 = flag: flag
# span 0 =      1.967,     61.037       
# span 1 =     7.6877,    13.9529       
# span 2 =    32.5272,    33.4879       
# span 3 =  1024.3093,  1026.3909       
# span 4 =     1.9527,     2.6479       
# span 5 =     4.8830,     6.8491       
# span 6 =     72.984,    106.382       
# span 7 =   -0.03863,    0.03134       
# span 8 =    5.90232,    6.72116       
# span 9 =    5.89851,    6.72880       
# span 10 =      7.865,      8.111      
# span 11 =    -0.0192,     0.7947      
# span 12 =   10.74340,   12.09060      
# span 13 =   3.412667,   3.925344      
# span 14 = 3.1395e-02, 1.2142e+02      
# span 15 =    24.3005,    26.1105      
# span 16 =    24.3004,    26.1096      
# span 17 = 6.3987e-01, 7.8223e+02      
# span 18 =      2.000,     61.500      
# span 19 =          1,          1      
# span 20 =         31,      17658      
# span 21 =    1479.88,    1500.51      
# span 22 = 4.7779e+02, 2.2618e+03      
# span 23 =  50369.634,  52806.392      
# span 24 =      1.229,    735.705      
# span 25 = 1621945368, 1621946102      
# span 26 =      -0.73,       0.78      
# span 27 =     -1.095,      0.980      
# span 28 =   40.27456,   40.27506      
# span 29 =  -71.97243,  -71.97002      
# span 30 = 0.0000e+00, 0.0000e+00      
# interval = decibars: 0.5              
# start_time = May 25 2021 12:22:46 [System UTC, first data scan.]
# bad_flag = -9.990e-29
*END*
[from data line 94]
     48.615     7.7140    33.2715  1026.1823     2.2357     5.7635     85.975   -0.01071    6.70373    6.71118      7.959     0.3221   12.06106   3.437099 1.7053e-01    25.9585    25.9579 3.4679e+00     49.000          1       4166    1480.05 2.0297e+03  52521.784    173.527 1621945540       0.23      0.399   40.27502  -71.97188 0.0000e+00
     49.118     7.7989    33.3186  1026.2093     2.2321     5.7738     86.135   -0.00714    6.70317    6.71061      7.959     0.3354   12.06016   3.448585 1.6299e-01    25.9834    25.9827 3.3139e+00     49.500          1       4185    1480.44 2.0332e+03  52569.008    174.351 1621945541       0.13      0.563   40.27500  -71.97188 0.0000e+00
     49.614     7.7999    33.3209  1026.2133     2.2283     5.7846     86.299   -0.00341    6.70296    6.71041      7.954     0.3124   12.05972   3.448628 1.5461e-01    25.9850    25.9843 3.1357e+00     50.000          1       4222    1480.45 2.0281e+03  52571.891    175.861 1621945542      -0.09      0.480   40.27500  -71.97188 0.0000e+00
     50.100     7.7886    33.3222  1026.2182     2.2080     5.7002     84.933   -0.00758    6.71147    6.71915      7.910     0.2748   12.07271   3.447831 1.4893e-01    25.9877    25.9870 3.0272e+00     50.500          1       4329    1480.42 2.0328e+03  52576.861    180.334 1621945547       0.78      0.406   40.27500  -71.97186 0.0000e+00
     50.606     7.7723    33.3332  1026.2316     2.1913     5.5946     83.357   -0.01540    6.71165    6.71933      7.909     0.2585   12.07298   3.447210 1.4165e-01    25.9987    25.9980 2.8927e+00     51.000          1       4342    1480.38 2.0422e+03  52596.444    180.859 1621945547       0.68      0.739   40.27500  -71.97186 0.0000e+00
     51.107     7.7184    33.3827  1026.2805     2.1704     5.4500     81.204   -0.02700    6.71149    6.71917      7.909     0.2856   12.07273   3.447521 1.3471e-01    26.0454    26.0446 2.7555e+00     51.500          1       4353    1480.24 2.0455e+03  52681.252    181.351 1621945548       0.32      0.980   40.27500  -71.97186 0.0000e+00
     51.605     7.7165    33.4076  1026.3027     2.1417     5.2795     78.661   -0.03863    6.71176    6.71944      7.908     0.2911   12.07322   3.449404 1.2843e-01    26.0652    26.0645 2.6174e+00     52.000          1       4370    1480.28 2.0378e+03  52717.191    182.031 1621945548      -0.19      0.978   40.27500  -71.97186 0.0000e+00
     52.092     7.7135    33.4199  1026.3150     2.0741     5.1503     76.802   -0.02302    6.70601    6.71363      7.894     0.1784   12.06344   3.450396 1.2118e-01    26.0753    26.0746 2.4343e+00     52.500          1       4461    1480.29 2.0092e+03  52735.560    185.813 1621945552      -0.07      0.429   40.27500  -71.97185 0.0000e+00
     52.584     7.7259    33.4323  1026.3252     2.0404     5.0997     76.112   -0.01286    6.70022    6.70777      7.884     0.1347   12.05359   3.452977 1.1482e-01    26.0833    26.0825 2.3297e+00     53.000          1       4527    1480.36 2.0291e+03  52750.545    188.602 1621945555       0.16      0.499   40.27500  -71.97184 0.0000e+00
     53.082     7.7407    33.4414  1026.3325     2.0291     5.0476     75.344   -0.01503    6.69940    6.70694      7.883     0.1174   12.05221   3.455245 1.0830e-01    26.0883    26.0876 2.2000e+00     53.500          1       4545    1480.44 2.0313e+03  52760.022    189.348 1621945556       0.11      0.598   40.27500  -71.97184 0.0000e+00
     53.582     7.7599    33.4510  1026.3396     2.0174     5.0077     74.747   -0.01519    6.69963    6.70718      7.882     0.0929   12.05261   3.457831 1.0208e-01    26.0931    26.0923 2.0700e+00     54.000          1       4564    1480.53 2.0277e+03  52769.322    190.121 1621945556       0.03      0.655   40.27500  -71.97184 0.0000e+00
     54.077     7.7764    33.4591  1026.3459     2.0002     4.9737     74.258   -0.01136    6.69787    6.70539      7.879     0.1011   12.04963   3.460025 9.4892e-02    26.0971    26.0963 1.9190e+00     54.500          1       4610    1480.61 2.0223e+03  52777.089    192.026 1621945558      -0.11      0.428   40.27500  -71.97182 0.0000e+00
     54.566     7.7963    33.4686  1026.3527     1.9780     4.9418     73.837   -0.00435    6.69293    6.70039      7.876     0.0691   12.04130   3.462711 8.8871e-02    26.1017    26.1009 1.7955e+00     55.000          1       4704    1480.71 2.0203e+03  52785.968    195.974 1621945562       0.27      0.183   40.27498  -71.97180 0.0000e+00
     55.067     7.8062    33.4739  1026.3577     1.9731     4.9218     73.538   -0.00493    6.69289    6.70035      7.876     0.0677   12.04123   3.464173 8.3085e-02    26.1044    26.1036 1.6758e+00     55.500          1       4728    1480.76 2.0170e+03  52791.317    196.971 1621945563       0.12      0.430   40.27498  -71.97180 0.0000e+00
     55.562     7.8154    33.4780  1026.3618     1.9686     4.9089     73.349   -0.00458    6.69256    6.70002      7.875     0.0417   12.04069   3.465333 7.7761e-02    26.1063    26.1055 1.5629e+00     56.000          1       4755    1480.81 2.0098e+03  52795.208    198.094 1621945564      -0.02      0.456   40.27498  -71.97180 0.0000e+00
     56.060     7.8183    33.4792  1026.3647     1.9646     4.9060     73.312   -0.00287    6.69200    6.69946      7.875     0.0505   12.03975   3.465698 7.1690e-02    26.1069    26.1061 1.4463e+00     56.500          1       4798    1480.83 2.0178e+03  52796.578    199.891 1621945566      -0.06      0.341   40.27498  -71.97179 0.0000e+00
     56.549     7.8278    33.4834  1026.3688     1.9592     4.8989     73.227   -0.00100    6.69000    6.69743 -9.990e-29     0.0408   12.03639   3.466975 6.7609e-02    26.1088    26.1080 1.3673e+00     57.000          1       4893    1480.88 2.0223e+03  52800.581    203.843 1621945570       0.24      0.116   40.27498  -71.97178 0.0000e+00
     57.054     7.8330    33.4854  1026.3719     1.9580     4.8961     73.185   -0.00090    6.69008    6.69750      7.871     0.0302   12.03650   3.467635 6.2261e-02    26.1096    26.1088 1.2585e+00     57.500          1       4933    1480.91 2.0213e+03  52802.451    205.485 1621945572       0.18      0.301   40.27498  -71.97178 0.0000e+00
     57.551     7.8355    33.4863  1026.3746     1.9568     4.8975     73.205   -0.00010    6.69016    6.69759      7.871     0.0385   12.03665   3.467910 5.7555e-02    26.1100    26.1091 1.1657e+00     58.000          1       5002    1480.93 2.0254e+03  52803.421    208.377 1621945575       0.42      0.305   40.27498  -71.97176 0.0000e+00
     58.046     7.8368    33.4868  1026.3770     1.9555     4.8921     73.127   -0.00025    6.68982    6.69725      7.871     0.0441   12.03607   3.468108 5.3581e-02    26.1101    26.1093 1.0819e+00     58.500          1       5076    1480.94 2.0193e+03  52804.089    211.438 1621945578       0.19      0.284   40.27498  -71.97176 0.0000e+00
     58.539     7.8382    33.4872  1026.3795     1.9547     4.8894     73.090   -0.00028    6.68945    6.69687      7.871     0.0516   12.03546   3.468261 4.9456e-02    26.1103    26.1094 9.9795e-01     59.000          1       5150    1480.95 2.0179e+03  52804.731    214.555 1621945581       0.12      0.222   40.27498  -71.97174 0.0000e+00
     59.034     7.8377    33.4869  1026.3816     1.9542     4.8878     73.069   -0.00027    6.68922    6.69664 -9.990e-29     0.0473   12.03508   3.468197 4.5942e-02    26.1101    26.1093 9.3044e-01     59.500          1       5207    1480.96 2.0253e+03  52804.753    216.929 1621945583       0.28      0.266   40.27498  -71.97174 0.0000e+00
     59.537     7.8399    33.4877  1026.3842     1.9545     4.8929     73.146    0.00035    6.68921    6.69663      7.870     0.0459   12.03505   3.468489 4.2134e-02    26.1104    26.1096 8.5182e-01     60.000          1       5255    1480.98 2.0216e+03  52805.689    218.929 1621945585       0.13      0.409   40.27498  -71.97174 0.0000e+00
     60.034     7.8404    33.4879  1026.3865     1.9544     4.8912     73.122    0.00012    6.68916    6.69658      7.870     0.0418   12.03497   3.468558 3.8587e-02    26.1105    26.1096 7.8005e-01     60.500          1       5358    1480.99 2.0216e+03  52806.099    223.224 1621945590       0.10      0.437   40.27498  -71.97172 0.0000e+00
     60.526     7.8401    33.4876  1026.3887     1.9535     4.8876     73.067   -0.00001    6.68919    6.69661      7.867     0.0416   12.03503   3.468526 3.4979e-02    26.1104    26.1095 7.1392e-01     61.000          1       5820    1481.00 2.0409e+03  52806.171    242.439 1621945609       0.02      0.215   40.27495  -71.97167 0.0000e+00
     61.037     7.8401    33.4875  1026.3909     1.9530     4.8844     73.013   -0.00027    6.68967    6.69710      7.865     0.0559   12.03582   3.468532 3.1395e-02    26.1103    26.1094 6.3987e-01     61.500          1       7417    1481.00 2.0380e+03  52806.392    308.994 1621945675      -0.36      0.488   40.27491  -71.97145 0.0000e+00
     60.531     7.8406    33.4877  1026.3886     1.9534     4.8883     73.076    0.00017    6.68935    6.69678      7.866     0.0404   12.03530   3.468568 3.3485e-02    26.1103    26.1094 6.7868e-01     61.000          1       7020    1481.00 2.0269e+03  52806.076    292.452 1621945659      -0.60     -0.045   40.27492  -71.97150 0.0000e+00
     60.023     7.8404    33.4875  1026.3862     1.9532     4.8870     73.059    0.00008    6.68910    6.69652      7.866     0.0416   12.03487   3.468510 3.6281e-02    26.1102    26.1093 7.3095e-01     60.500          1       7017    1480.99 2.0148e+03  52805.542    292.349 1621945659      -0.47     -0.440   40.27492  -71.97150 0.0000e+00
     59.522     7.8394    33.4875  1026.3840     1.9535     4.8877     73.070    0.00005    6.68908    6.69650      7.866     0.0488   12.03484   3.468374 3.9236e-02    26.1103    26.1095 7.8886e-01     60.000          1       7103    1480.98 2.0106e+03  52805.414    295.898 1621945662      -0.05     -0.539   40.27490  -71.97149 0.0000e+00
     59.032     7.8403    33.4874  1026.3816 -9.990e-29     4.8878     73.071    0.00016    6.68920    6.69662      7.866     0.0612   12.03503   3.468454 4.2110e-02    26.1102    26.1093 8.5121e-01     59.500          1       7297    1480.97 2.0215e+03  52804.850    303.996 1621945670      -0.26     -0.437   40.27490  -71.97146 0.0000e+00
     58.532     7.8404    33.4876  1026.3794     1.9536     4.8867     73.051   -0.00003    6.68939    6.69681      7.866     0.0699   12.03536   3.468453 4.6201e-02    26.1103    26.1094 9.3317e-01     59.000          1       7338    1480.96 2.0197e+03  52804.716    305.719 1621945672      -0.05     -0.476   40.27490  -71.97146 0.0000e+00
     58.042     7.8368    33.4868  1026.3771     1.9527     4.8830     72.984   -0.00017    6.69050    6.69793      7.866     0.0557   12.03721   3.467994 4.9945e-02    26.1102    26.1093 1.0152e+00     58.500          1       7433    1480.94 2.0326e+03  52804.126    309.677 1621945676      -0.24     -0.353   40.27490  -71.97145 0.0000e+00
     57.544     7.8365    33.4867  1026.3747     1.9528     4.8842     72.999   -0.00005    6.69081    6.69825      7.866     0.0556   12.03774   3.467957 5.3559e-02    26.1101    26.1092 1.0902e+00     58.000          1       7459    1480.93 2.0356e+03  52803.649    310.731 1621945677      -0.02     -0.481   40.27490  -71.97144 0.0000e+00
     57.047     7.8345    33.4861  1026.3722     1.9531     4.8863     73.031    0.00016    6.69071    6.69815      7.866     0.0494   12.03757   3.467675 5.7503e-02    26.1099    26.1091 1.1676e+00     57.500          1       7489    1480.91 2.0306e+03  52802.970    311.993 1621945678       0.07     -0.427   40.27490  -71.97144 0.0000e+00
     56.564     7.8309    33.4846  1026.3693     1.9534     4.8871     73.026    0.00003    6.69228    6.69974      7.866     0.0515   12.04020   3.467213 6.1581e-02    26.1092    26.1084 1.2477e+00     57.000          1       7553    1480.89 2.0260e+03  52801.423    314.685 1621945681      -0.02     -0.096   40.27490  -71.97143 0.0000e+00
     56.062     7.8306    33.4844  1026.3670     1.9531     4.8844     72.990   -0.00027    6.69190    6.69935 -9.990e-29     0.0662   12.03956   3.467151 6.6260e-02    26.1092    26.1084 1.3441e+00     56.500          1       7574    1480.88 2.0286e+03  52800.941    315.547 1621945682      -0.48     -0.329   40.27490  -71.97142 0.0000e+00
     55.550     7.8284    33.4837  1026.3643     1.9540     4.8898     73.071    0.00016    6.69193    6.69938 -9.990e-29     0.0605   12.03962   3.466818 7.1994e-02    26.1089    26.1081 1.4618e+00     56.000          1       7590    1480.86 2.0304e+03  52800.128    316.202 1621945682      -0.35     -0.627   40.27488  -71.97142 0.0000e+00
     55.056     7.8216    33.4808  1026.3608     1.9556     4.8987     73.182    0.00062    6.69394    6.70141 -9.990e-29     0.0866   12.04299   3.465959 7.7933e-02    26.1076    26.1068 1.5783e+00     55.500          1       7679    1480.82 2.0252e+03  52797.235    319.919 1621945686      -0.31     -0.558   40.27488  -71.97142 0.0000e+00
     54.567     7.8183    33.4796  1026.3581     1.9567     4.9019     73.215    0.00043    6.69527    6.70277      7.867     0.0892   12.04523   3.465493 8.2805e-02    26.1071    26.1063 1.6806e+00     55.000          1       7723    1480.80 2.0296e+03  52796.067    321.748 1621945688       0.15     -0.551   40.27488  -71.97142 0.0000e+00
     54.073     7.8136    33.4777  1026.3550     1.9579     4.9087     73.298    0.00069    6.69698    6.70450      7.867     0.1054   12.04813   3.464839 8.8735e-02    26.1063    26.1055 1.7913e+00     54.500          1       7759    1480.78 2.0188e+03  52794.192    323.259 1621945690       0.06     -0.350   40.27488  -71.97140 0.0000e+00
     53.579     7.8032    33.4737  1026.3511     1.9612     4.9269     73.571    0.00181    6.69690    6.70441      7.871     0.1009   12.04799   3.463526 9.4955e-02    26.1047    26.1039 1.9275e+00     54.000          1       7800    1480.72 2.0298e+03  52790.829    324.939 1621945691       0.01     -0.293   40.27488  -71.97140 0.0000e+00
     53.081     7.7938    33.4675  1026.3453     1.9670     4.9526     73.921    0.00252    6.69975    6.70730      7.873     0.1201   12.05282   3.461998 1.0243e-01    26.1011    26.1004 2.0853e+00     53.500          1       7863    1480.67 2.0361e+03  52784.024    327.603 1621945694      -0.27     -0.251   40.27488  -71.97139 0.0000e+00
     52.589     7.7881    33.4641  1026.3412     1.9708     4.9640     74.041    0.00181    6.70447    6.71207      7.876     0.1089   12.06077   3.461196 1.0737e-01    26.0992    26.0985 2.1660e+00     53.000          1       7919    1480.64 2.0173e+03  52780.122    329.920 1621945696      -0.67     -0.433   40.27488  -71.97138 0.0000e+00
     52.083     7.7814    33.4617  1026.3379     1.9739     4.9809     74.295    0.00285    6.70412    6.71172      7.876     0.1279   12.06019   3.460260 1.1452e-01    26.0983    26.0976 2.3049e+00     52.500          1       7932    1480.60 2.0127e+03  52778.174    330.444 1621945697      -0.50     -0.738   40.27488  -71.97138 0.0000e+00
     51.578     7.7674    33.4522  1026.3302     1.9813     5.0202     74.879    0.00514    6.70444    6.71203      7.878     0.1279   12.06073   3.457956 1.2320e-01    26.0929    26.0922 2.4696e+00     52.000          1       7958    1480.53 2.0052e+03  52767.717    331.542 1621945698      -0.09     -0.811   40.27488  -71.97138 0.0000e+00
     51.090     7.7459    33.4412  1026.3224     1.9987     5.0742     75.651    0.00423    6.70738    6.71501      7.881     0.1142   12.06576   3.455201 1.3125e-01    26.0873    26.0866 2.6104e+00     51.500          1       8047    1480.42 1.9890e+03  52757.066    335.245 1621945702      -0.49     -0.527   40.27488  -71.97136 0.0000e+00
