CalculateIndicators/WaterTemperature/Data/CTD_NYOS/20210524_C23.cnv
* Sea-Bird SBE 9 Data File:
* FileName = C:\Seabird 9 CTD\Data\2021\202105_offshore\20210524_C23.hex
* Software Version Seasave V 7.23.2
* Temperature SN = 4590
* Conductivity SN = 3228
* Number of Bytes Per Scan = 44
* Number of Voltage Words = 5
* Number of Scans Averaged by the Deck Unit = 1
* NMEA Latitude = 40 23.19 N
* NMEA Longitude = 072 43.37 W
* NMEA UTC (Time) = May 24 2021  07:38:49
* NMEA baud rate = 4800
** Ship: seawolf
** Station: 4.2
** Operator: sjw
# nquan = 31
# nvalues = 167                         
# units = specified
# name 0 = depSM: Depth [salt water, m]
# name 1 = t090C: Temperature [ITS-90, deg C]
# name 2 = sal00: Salinity, Practical [PSU]
# name 3 = density00: Density [density, kg/m^3]
# name 4 = sbeox0V: Oxygen raw, SBE 43 [V]
# name 5 = sbeox0ML/L: Oxygen, SBE 43 [ml/l]
# name 6 = sbeox0PS: Oxygen, SBE 43 [% saturation]
# name 7 = sbox0dV/dT: Oxygen, SBE 43 [dov/dt]
# name 8 = oxsolML/L: Oxygen Saturation, Garcia & Gordon [ml/l]
# name 9 = oxsatML/L: Oxygen Saturation, Weiss [ml/l]
# name 10 = ph: pH
# name 11 = flECO-AFL: Fluorescence, WET Labs ECO-AFL/FL [mg/m^3]
# name 12 = n2satML/L: Nitrogen Saturation [ml/l]
# name 13 = c0S/m: Conductivity [S/m]
# name 14 = cpar: CPAR/Corrected Irradiance [%]
# name 15 = sigma-é00: Density [sigma-theta, kg/m^3]
# name 16 = sigma-t00: Density [sigma-t, kg/m^3 ]
# name 17 = par: PAR/Irradiance, Biospherical/Licor
# name 18 = prDM: Pressure, Digiquartz [db]
# name 19 = pumps: Pump Status
# name 20 = scan: Scan Count
# name 21 = svCM: Sound Velocity [Chen-Millero, m/s]
# name 22 = spar: SPAR, Biospherical/Licor
# name 23 = specc: Specific Conductance [uS/cm]
# name 24 = timeS: Time, Elapsed [seconds]
# name 25 = timeY: Time, System [seconds]
# name 26 = accM: Acceleration [m/s^2]
# name 27 = dz/dtM: Descent Rate [m/s]
# name 28 = latitude: Latitude [deg]
# name 29 = longitude: Longitude [deg]
# name 30 = flag: flag
# span 0 =      1.952,     43.170       
# span 1 =     7.3293,    15.2879       
# span 2 =    31.6975,    33.1722       
# span 3 =  1023.3847,  1026.1299       
# span 4 =     2.1059,     2.6549       
# span 5 =     5.0292,     6.6986       
# span 6 =     80.641,    106.592       
# span 7 =   -0.05103,    0.06968       
# span 8 =    5.76197,    6.78150       
# span 9 =    5.75636,    6.78995       
# span 10 =      7.895,      8.066      
# span 11 =     0.1265,     1.5025      
# span 12 =   10.51557,   12.19140      
# span 13 =   3.389157,   3.998481      
# span 14 = -1.129e+04, 1.0098e+05      
# span 15 =    23.3760,    25.9344      
# span 16 =    23.3759,    25.9339      
# span 17 = 1.0000e-12, 7.2767e-02      
# span 18 =      2.000,     43.500      
# span 19 =          1,          1      
# span 20 =        303,      10083      
# span 21 =    1478.31,    1504.27      
# span 22 = -1.935e-02, 2.1977e+00      
# span 23 =  49060.992,  52473.053      
# span 24 =     12.594,    420.092      
# span 25 = 1621841940, 1621842347      
# span 26 =      -0.85,       0.60      
# span 27 =     -1.151,      0.850      
# span 28 =   40.38658,   40.38694      
# span 29 =  -72.72621,  -72.72309      
# span 30 = 0.0000e+00, 0.0000e+00      
# interval = decibars: 0.5              
# start_time = May 24 2021 07:38:47 [System UTC, first data scan.]
# bad_flag = -9.990e-29
*END*
[from data line 94]
     37.715     7.3951    33.0780  1026.0253     2.2072     5.8388     86.628    0.01221    6.74006    6.74767      7.936     1.4330   12.12529   3.390132 5.0640e-11    25.8513    25.8508 1.0000e-12     38.000          1       4959    1478.40 1.9747e+00  52319.434    206.582 1621842133      -0.09     -0.210   40.38682  -72.72462 0.0000e+00
     37.214     7.4166    33.0676  1026.0117     2.2212     5.8882     87.573    0.01526    6.72379    6.73109      7.944     1.4935   12.09905   3.391218 5.0640e-11    25.8401    25.8396 1.0000e-12     37.500          1       4976    1478.47 1.9747e+00  52298.889    207.286 1621842134      -0.38     -0.416   40.38682  -72.72462 0.0000e+00
     36.707     7.4452    33.0551  1025.9956     2.2360     5.9470     88.649    0.01931    6.70852    6.71554      7.951     1.5025   12.07451   3.392769 5.0640e-11    25.8263    25.8258 1.0000e-12     37.000          1       4990    1478.55 1.9747e+00  52273.660    207.869 1621842135      -0.37     -0.647   40.38682  -72.72462 0.0000e+00
     36.209     7.5325    33.0226  1025.9554     2.2583     6.0376     90.271    0.02533    6.68830    6.69498      7.963     0.9795   12.04143   3.397851 5.0640e-11    25.7885    25.7880 1.0000e-12     36.500          1       5007    1478.84 1.9747e+00  52204.631    208.565 1621842135      -0.05     -0.787   40.38682  -72.72463 0.0000e+00
     35.722     7.6487    32.9802  1025.9033     2.2962     6.2122     92.985    0.03444    6.68093    6.68750      7.976     0.7709   12.02929   3.404374 1.2732e+04    25.7387    25.7383 1.0000e-12     36.000          1       5030    1479.22 1.7233e+00  52115.340    209.538 1621842136       0.26     -0.633   40.38682  -72.72464 0.0000e+00
     35.226     7.8000    32.9131  1025.8267     2.3339     6.3769     95.466    0.04100    6.67981    6.68636      7.983     0.7261   12.02744   3.411777 1.0098e+05    25.6644    25.6640 1.0000e-12     35.500          1       5051    1479.71 -1.935e-02  51982.908    210.427 1621842137      -0.02     -0.511   40.38682  -72.72464 0.0000e+00
     34.720     7.9865    32.8527  1025.7499     2.3672     6.4582     96.812    0.03811    6.67095    6.67736      7.987     0.6320   12.01284   3.423046 9.9999e+04    25.5901    25.5896 1.0000e-12     35.000          1       5075    1480.34 0.0000e+00  51851.452    211.422 1621842138       0.03     -0.544   40.38682  -72.72466 0.0000e+00
     34.234     8.1337    32.8337  1025.7111     2.4238     6.4614     97.501    0.01671    6.62695    6.63273      7.996     0.5224   11.94013   3.433725 4.7989e+04    25.5538    25.5533 1.0000e-12     34.500          1       5142    1480.86 1.0270e+00  51789.606    214.206 1621842141      -0.10     -0.114   40.38682  -72.72468 0.0000e+00
     33.750     8.2541    32.8267  1025.6856     2.4474     6.5258     98.498    0.01505    6.62531    6.63100      8.001     0.4613   11.93806   3.443902 -5.636e+03    25.5305    25.5300 1.0000e-12     34.000          1       5180    1481.30 2.0860e+00  51751.375    215.773 1621842143      -0.02     -0.310   40.38682  -72.72468 0.0000e+00
     33.254     8.3095    32.8313  1025.6787     2.4545     6.5539     98.848    0.01493    6.63030    6.63605      7.998     0.4678   11.94646   3.449704 5.0640e-11    25.5259    25.5254 1.0000e-12     33.500          1       5195    1481.51 1.9747e+00  51745.086    216.399 1621842143      -0.37     -0.401   40.38682  -72.72468 0.0000e+00
     32.744     8.3976    32.8406  1025.6704     2.4575     6.5526     98.776    0.01256    6.63376    6.63955      7.996     0.4985   11.95236   3.459422 5.0640e-11    25.5201    25.5196 1.0000e-12     33.000          1       5205    1481.84 1.9747e+00  51738.131    216.836 1621842144      -0.61     -0.633   40.38682  -72.72469 0.0000e+00
     32.234     8.5002    32.8377  1025.6503     2.4585     6.5420     98.545    0.00942    6.63865    6.64448      7.994     0.4951   11.96078   3.466956 5.0640e-11    25.5024    25.5019 1.0000e-12     32.500          1       5216    1482.21 1.9747e+00  51709.840    217.274 1621842144      -0.54     -0.894   40.38682  -72.72470 0.0000e+00
     31.736     8.4971    32.8087  1025.6258     2.4587     6.5138     98.087    0.00441    6.64082    6.64666      7.991     0.4618   11.96469   3.462756 5.0640e-11    25.4801    25.4796 1.0000e-12     32.000          1       5232    1482.16 1.9747e+00  51669.481    217.976 1621842145       0.10     -0.981   40.38682  -72.72470 0.0000e+00
     31.271     8.4296    32.7552  1025.5919     2.4576     6.4708     97.461   -0.00168    6.63936    6.64516      7.991     0.4778   11.96243   3.451328 7.1159e+04    25.4484    25.4479 1.0000e-12     31.500          1       5272    1481.83 5.6950e-01  51608.589    219.628 1621842147       0.42     -0.248   40.38682  -72.72472 0.0000e+00
     30.762     8.3957    32.7204  1025.5674     2.4595     6.4923     97.775    0.00066    6.64005    6.64586      7.991     0.5179   11.96353   3.444539 7.3213e+03    25.4261    25.4256 1.0000e-12     31.000          1       5289    1481.65 1.8301e+00  51566.301    220.328 1621842147      -0.42     -0.364   40.38682  -72.72472 0.0000e+00
     30.249     8.3896    32.6955  1025.5464     2.4620     6.5080     98.043    0.00234    6.63783    6.64360      7.991     0.4623   11.95989   3.442142 9.2341e+04    25.4075    25.4070 1.0000e-12     30.500          1       5305    1481.59 1.5122e-01  51531.998    221.005 1621842148      -0.29     -0.650   40.38682  -72.72474 0.0000e+00
     29.776     8.4093    32.6841  1025.5324     2.4743     6.5314     98.784    0.00446    6.61179    6.61719      7.998     0.4573   11.91685   3.442805 1.0009e+05    25.3956    25.3952 1.0000e-12     30.000          1       5369    1481.64 -1.821e-03  51511.261    223.653 1621842151      -0.31     -0.147   40.38682  -72.72475 0.0000e+00
     29.271     8.4383    32.6825  1025.5244     2.4821     6.5652     99.391    0.00701    6.60541    6.61073      8.001     0.4539   11.90629   3.445608 9.9999e+04    25.3900    25.3896 1.0000e-12     29.500          1       5388    1481.74 0.0000e+00  51502.115    224.453 1621842151      -0.70     -0.418   40.38682  -72.72476 0.0000e+00
     28.760     8.5076    32.6808  1025.5103     2.4892     6.5923     99.954    0.00965    6.59529    6.60046      8.003     0.4082   11.88955   3.451894 9.9999e+04    25.3782    25.3778 1.0000e-12     29.000          1       5403    1481.99 0.0000e+00  51483.805    225.071 1621842152      -0.35     -0.744   40.38684  -72.72476 0.0000e+00
     28.296     8.6284    32.6839  1025.4923     2.5123     6.6428    101.171    0.01143    6.56586    6.57057      8.008     0.3769   11.84142   3.462452 -9.990e-29    25.3625    25.3620 1.0000e-12     28.500          1       5452    1482.44 -9.990e-29  51461.221    227.146 1621842154       0.21     -0.192   40.38684  -72.72476 0.0000e+00
     27.800     8.6717    32.6855  1025.4846     2.5191     6.6587    101.409    0.01036    6.56617    6.57087      8.008     0.3864   11.84199   3.467006 -9.990e-29    25.3571    25.3567 1.0000e-12     28.000          1       5471    1482.60 -9.990e-29  51453.864    227.918 1621842155      -0.65     -0.261   40.38684  -72.72478 0.0000e+00
     27.294     8.7372    32.6850  1025.4719     2.5215     6.6610    101.454    0.00952    6.56551    6.57021      8.007     0.3899   11.84084   3.472899 -9.990e-29    25.3467    25.3463 1.0000e-12     27.500          1       5480    1482.83 -9.990e-29  51438.523    228.296 1621842155      -0.85     -0.582   40.38684  -72.72478 0.0000e+00
     26.779     8.8029    32.6777  1025.4537     2.5239     6.6646    101.466    0.00828    6.56831    6.57304      8.006     0.3982   11.84555   3.478464 -9.990e-29    25.3310    25.3305 1.0000e-12     27.000          1       5489    1483.06 -9.990e-29  51413.647    228.664 1621842156      -0.81     -0.895   40.38684  -72.72478 0.0000e+00
     26.274     8.8741    32.6732  1025.4368     2.5260     6.6728    101.469    0.00706    6.57618    6.58100      8.004     0.4040   11.85882   3.483909 5.0640e-11    25.3164    25.3160 1.0000e-12     26.500          1       5499    1483.31 1.9747e+00  51391.407    229.103 1621842156      -0.40     -1.151   40.38684  -72.72478 0.0000e+00
     25.791     8.9080    32.6426  1025.4054     2.5258     6.6434    100.987    0.00185    6.57842    6.58323      8.001     0.4090   11.86294   3.482240 4.4446e+04    25.2873    25.2868 1.0000e-12     26.000          1       5538    1483.39 1.0970e+00  51340.898    230.696 1621842158       0.10     -0.637   40.38684  -72.72479 0.0000e+00
     25.301     8.8116    32.5869  1025.3744     2.5218     6.6004    100.316   -0.00338    6.57958    6.58441      8.002     0.4368   11.86494   3.468165 8.5659e+04    25.2584    25.2580 1.0000e-12     25.500          1       5584    1482.95 2.8318e-01  51281.974    232.622 1621842159      -0.44     -0.288   40.38684  -72.72481 0.0000e+00
     24.800     8.8567    32.5692  1025.3513     2.5206     6.6025    100.402   -0.00169    6.57602    6.58080      8.002     0.4300   11.85909   3.471310 9.9048e+04    25.2377    25.2373 1.0000e-12     25.000          1       5613    1483.09 1.8774e-02  51247.009    233.854 1621842161      -0.04     -0.472   40.38684  -72.72482 0.0000e+00
     24.300     8.9371    32.5659  1025.3341     2.5246     6.6268    100.952    0.00251    6.56428    6.56889      8.004     0.4352   11.83965   3.478179 9.4831e+03    25.2227    25.2223 1.0000e-12     24.500          1       5697    1483.38 1.7874e+00  51225.108    237.332 1621842164      -0.36     -0.395   40.38684  -72.72484 0.0000e+00
     23.813     8.9658    32.5589  1025.3218     2.5348     6.5956    101.419    0.00352    6.50335    6.50709      8.007     0.4518   11.73919   3.479449 5.0640e-11    25.2128    25.2124 1.0000e-12     24.000          1       6909    1483.47 1.9747e+00  51208.675    287.814 1621842215      -0.35     -0.420   40.38684  -72.72521 0.0000e+00
     23.311     9.0175    32.5441  1025.2999     2.5415     6.5906    101.831    0.00515    6.47216    6.47545      8.008     0.4237   11.68769   3.483045 5.0640e-11    25.1932    25.1928 1.0000e-12     23.500          1       7004    1483.63 1.9747e+00  51176.662    291.794 1621842219      -0.07     -0.592   40.38686  -72.72524 0.0000e+00
     22.823     9.3052    32.5382  1025.2477     2.5590     6.6310    103.034    0.00999    6.43575    6.43855      8.010     0.3479   11.62758   3.509308 5.0640e-11    25.1433    25.1429 1.0000e-12     23.000          1       7053    1484.68 1.9747e+00  51109.022    293.842 1621842221       0.20     -0.318   40.38685  -72.72526 0.0000e+00
     22.328     9.6395    32.5299  1025.1852     2.5715     6.6410    103.523    0.00911    6.41497    6.41746      8.009     0.3472   11.59346   3.538284 5.0640e-11    25.0832    25.0828 1.0000e-12     22.500          1       7088    1485.89 1.9747e+00  51030.080    295.293 1621842222      -0.22     -0.295   40.38684  -72.72526 0.0000e+00
     21.828     9.7779    32.5260  1025.1572     2.5774     6.6144    103.559    0.00683    6.38714    6.38925      8.008     0.3487   11.54760   3.550138 5.0640e-11    25.0576    25.0572 1.0000e-12     22.000          1       7111    1486.38 1.9747e+00  50997.749    296.262 1621842223      -0.10     -0.483   40.38686  -72.72526 0.0000e+00
     21.336     9.9181    32.5159  1025.1240     2.5836     6.6152    103.761    0.00589    6.37539    6.37734      8.010     0.3329   11.52815   3.561390 6.1917e+04    25.0267    25.0263 1.0000e-12     21.500          1       7135    1486.87 7.5200e-01  50956.521    297.267 1621842224       0.02     -0.495   40.38686  -72.72528 0.0000e+00
     20.837     9.9884    32.5005  1025.0980     2.5882     6.6257    104.007    0.00626    6.37049    6.37238      8.010     0.2996   11.52002   3.566296 9.9479e+04    25.0031    25.0027 1.0000e-12     21.000          1       7156    1487.09 1.0273e-02  50921.534    298.134 1621842225      -0.08     -0.530   40.38686  -72.72528 0.0000e+00
     20.338    10.1797    32.4822  1025.0495     2.5911     6.6178    103.975    0.00437    6.36481    6.36662      8.011     0.3547   11.51067   3.582013 9.9999e+04    24.9568    24.9565 1.0000e-12     20.500          1       7178    1487.75 0.0000e+00  50859.598    299.025 1621842226      -0.01     -0.575   40.38686  -72.72528 0.0000e+00
     19.843    10.2989    32.4807  1025.0259     2.5932     6.6016    103.882    0.00230    6.35491    6.35659      8.011     0.3121   11.49432   3.591634 9.9999e+04    24.9356    24.9352 1.0000e-12     20.000          1       7208    1488.17 0.0000e+00  50835.644    300.283 1621842227       0.14     -0.462   40.38686  -72.72530 0.0000e+00
     19.351    10.3769    32.4773  1025.0078     2.5951     6.5875    103.852    0.00106    6.34311    6.34463      8.012     0.3011   11.47475   3.597915 5.4450e+04    24.9198    24.9194 1.0000e-12     19.500          1       7248    1488.44 8.9946e-01  50816.558    301.947 1621842229      -0.00     -0.283   40.38686  -72.72531 0.0000e+00
     18.850    10.4595    32.4738  1024.9887     2.5972     6.5781    103.944    0.00132    6.32851    6.32984      8.011     0.2959   11.45057   3.604802 4.6851e+03    24.9030    24.9026 1.0000e-12     19.000          1       7282    1488.72 1.8822e+00  50796.625    303.385 1621842230       0.02     -0.348   40.38686  -72.72533 0.0000e+00
     18.364    10.5599    32.4756  1024.9706     2.6025     6.5715    104.291    0.00310    6.30109    6.30207      8.010     0.2726   11.40509   3.613726 5.0640e-11    24.8872    24.8868 1.0000e-12     18.500          1       7329    1489.07 1.9747e+00  50780.986    305.340 1621842232      -0.00     -0.210   40.38686  -72.72534 0.0000e+00
     17.862    10.6312    32.4760  1024.9564     2.6047     6.5654    104.328    0.00250    6.29306    6.29393      8.011     0.2726   11.39187   3.620314 5.0640e-11    24.8752    24.8749 1.0000e-12     18.000          1       7351    1489.32 1.9747e+00  50769.003    306.266 1621842233      -0.25     -0.396   40.38686  -72.72534 0.0000e+00
     17.366    10.7108    32.4778  1024.9418     2.6057     6.5616    104.326    0.00201    6.28956    6.29038      8.011     0.2915   11.38621   3.627759 5.0640e-11    24.8629    24.8625 1.0000e-12     17.500          1       7372    1489.59 1.9747e+00  50757.273    307.120 1621842234      -0.10     -0.554   40.38686  -72.72534 0.0000e+00
     16.873    10.8019    32.4821  1024.9270     2.6048     6.5516    104.159    0.00054    6.28997    6.29077      8.011     0.2725   11.38716   3.636436 5.0640e-11    24.8504    24.8501 1.0000e-12     17.000          1       7391    1489.92 1.9747e+00  50747.492    307.906 1621842235      -0.04     -0.596   40.38686  -72.72535 0.0000e+00
     16.370    10.8657    32.4826  1024.9140     2.6046     6.5462    104.049   -0.00065    6.29143    6.29223      8.011     0.2844   11.38987   3.641766 5.0640e-11    24.8396    24.8393 1.0000e-12     16.500          1       7407    1490.13 1.9747e+00  50737.170    308.571 1621842235      -0.13     -0.655   40.38686  -72.72536 0.0000e+00
     15.867    10.9111    32.4747  1024.8975     2.6043     6.5450    104.033   -0.00064    6.29127    6.29206      8.011     0.3071   11.38965   3.644769 4.3316e+02    24.8255    24.8252 1.0000e-12     16.000          1       7426    1490.28 1.9661e+00  50717.873    309.392 1621842236       0.06     -0.697   40.38686  -72.72536 0.0000e+00
     15.380    10.9394    32.4255  1024.8521     2.6080     6.5497    104.353    0.00151    6.27657    6.27717      8.010     0.3238   11.36532   3.641603 1.0013e+05    24.7823    24.7820 1.0000e-12     15.500          1       7483    1490.31 -2.521e-03  50643.828    311.747 1621842239       0.14     -0.227   40.38686  -72.72538 0.0000e+00
