CalculateIndicators/WaterTemperature/Data/CTD_NYOS/20210524_C24.cnv
* Sea-Bird SBE 9 Data File:
* FileName = C:\Seabird 9 CTD\Data\2021\202105_offshore\20210524_C24.hex
* Software Version Seasave V 7.23.2
* Temperature SN = 4590
* Conductivity SN = 3228
* Number of Bytes Per Scan = 44
* Number of Voltage Words = 5
* Number of Scans Averaged by the Deck Unit = 1
* NMEA Latitude = 40 40.34 N
* NMEA Longitude = 072 49.14 W
* NMEA UTC (Time) = May 24 2021  10:29:54
* NMEA baud rate = 4800
** Ship: seawolf
** Station: 4.1
** Operator: sjw
# nquan = 31
# nvalues = 95                          
# units = specified
# name 0 = depSM: Depth [salt water, m]
# name 1 = t090C: Temperature [ITS-90, deg C]
# name 2 = sal00: Salinity, Practical [PSU]
# name 3 = density00: Density [density, kg/m^3]
# name 4 = sbeox0V: Oxygen raw, SBE 43 [V]
# name 5 = sbeox0ML/L: Oxygen, SBE 43 [ml/l]
# name 6 = sbeox0PS: Oxygen, SBE 43 [% saturation]
# name 7 = sbox0dV/dT: Oxygen, SBE 43 [dov/dt]
# name 8 = oxsolML/L: Oxygen Saturation, Garcia & Gordon [ml/l]
# name 9 = oxsatML/L: Oxygen Saturation, Weiss [ml/l]
# name 10 = ph: pH
# name 11 = flECO-AFL: Fluorescence, WET Labs ECO-AFL/FL [mg/m^3]
# name 12 = n2satML/L: Nitrogen Saturation [ml/l]
# name 13 = c0S/m: Conductivity [S/m]
# name 14 = cpar: CPAR/Corrected Irradiance [%]
# name 15 = sigma-é00: Density [sigma-theta, kg/m^3]
# name 16 = sigma-t00: Density [sigma-t, kg/m^3 ]
# name 17 = par: PAR/Irradiance, Biospherical/Licor
# name 18 = prDM: Pressure, Digiquartz [db]
# name 19 = pumps: Pump Status
# name 20 = scan: Scan Count
# name 21 = svCM: Sound Velocity [Chen-Millero, m/s]
# name 22 = spar: SPAR, Biospherical/Licor
# name 23 = specc: Specific Conductance [uS/cm]
# name 24 = timeS: Time, Elapsed [seconds]
# name 25 = timeY: Time, System [seconds]
# name 26 = accM: Acceleration [m/s^2]
# name 27 = dz/dtM: Descent Rate [m/s]
# name 28 = latitude: Latitude [deg]
# name 29 = longitude: Longitude [deg]
# name 30 = flag: flag
# span 0 =      1.961,     25.322       
# span 1 =     8.5682,    14.5528       
# span 2 =    31.3496,    32.2098       
# span 3 =  1023.2777,  1025.1151       
# span 4 =     2.2640,     2.6701       
# span 5 =     5.2055,     6.6502       
# span 6 =     87.041,    107.612       
# span 7 =   -0.02701,    0.07973       
# span 8 =    5.86467,    6.63570       
# span 9 =    5.85988,    6.64094       
# span 10 =      7.916,      8.044      
# span 11 =     0.1368,     0.8500      
# span 12 =   10.69114,   11.96232      
# span 13 =   3.409212,   3.878905      
# span 14 = 1.4133e-01, 2.0431e+01      
# span 15 =    23.2689,    24.9988      
# span 16 =    23.2689,    24.9984      
# span 17 = 1.8449e+00, 2.3237e+02      
# span 18 =      2.000,     25.500      
# span 19 =          1,          1      
# span 20 =        265,       7484      
# span 21 =    1481.55,    1501.40      
# span 22 = 7.9592e+02, 1.2542e+03      
# span 23 =  48654.361,  50797.665      
# span 24 =     11.006,    311.786      
# span 25 = 1621852203, 1621852504      
# span 26 =      -0.97,       0.89      
# span 27 =     -1.040,      0.715      
# span 28 =   40.67236,   40.67308      
# span 29 =  -72.82081,  -72.81922      
# span 30 = 0.0000e+00, 0.0000e+00      
# interval = decibars: 0.5              
# start_time = May 24 2021 10:29:52 [System UTC, first data scan.]
# bad_flag = -9.990e-29
*END*
[from data line 47]
     25.322     8.5765    32.2098  1025.1151     2.2640     5.7689     87.041   -0.00962    6.62783    6.63289      7.916     0.8168   11.94988   3.411434 1.4133e-01    24.9988    24.9984 1.8449e+00     25.500          1       3298    1481.61 1.2542e+03  50797.665    137.395 1621852329      -0.57      0.513   40.67269  -72.81991 0.0000e+00
     24.820     8.5755    32.2035  1025.1081     2.2704     5.8317     87.932   -0.00349    6.63207    6.63723      7.925     0.8383   11.95652   3.410558 1.7625e-01    24.9941    24.9937 2.0419e+00     25.000          1       3104    1481.59 1.1588e+03  50788.700    129.297 1621852321      -0.63      0.010   40.67266  -72.81987 0.0000e+00
     24.308     8.5690    32.1946  1025.0997     2.2748     5.8891     88.751    0.00303    6.63561    6.64083      7.924     0.8031   11.96226   3.409212 2.0144e-01    24.9880    24.9877 2.3055e+00     24.500          1       3094    1481.55 1.1446e+03  50777.031    128.866 1621852321      -0.70     -0.378   40.67266  -72.81986 0.0000e+00
     23.798     8.5939    32.1780  1025.0806     2.2806     5.9273     89.328    0.00618    6.63541    6.64063      7.923     0.7640   11.96191   3.409966 2.2724e-01    24.9713    24.9709 2.5840e+00     24.000          1       3134    1481.61 1.1373e+03  50747.809    130.537 1621852322      -0.26     -0.695   40.67266  -72.81987 0.0000e+00
     23.310     8.6139    32.1608  1025.0619     2.3025     5.9669     90.147    0.00386    6.61904    6.62396      7.924     0.8293   11.93572   3.409888 2.4939e-01    24.9548    24.9545 2.9037e+00     23.500          1       3729    1481.66 1.1646e+03  50718.676    155.351 1621852347      -0.97     -0.699   40.67272  -72.82000 0.0000e+00
     22.799     8.6466    32.1333  1025.0330     2.3047     5.9849     90.416    0.00561    6.61928    6.62420      7.924     0.8206   11.93609   3.410669 2.8896e-01    24.9284    24.9280 3.3129e+00     23.000          1       3726    1481.74 1.1467e+03  50672.165    155.220 1621852347      -0.62     -1.040   40.67272  -72.82000 0.0000e+00
     22.314     8.7208    32.1013  1024.9945     2.3218     5.9940     90.860    0.00174    6.59705    6.60158      7.926     0.7227   11.90041   3.413988 3.1952e-01    24.8921    24.8917 3.7401e+00     22.500          1       3806    1481.97 1.1704e+03  50610.617    158.547 1621852350       0.00     -0.633   40.67274  -72.82002 0.0000e+00
     21.833     8.9186    32.0171  1024.8962     2.3509     6.0918     92.874    0.00929    6.55918    6.56308      7.938     0.5897   11.83902   3.423350 3.5107e-01    24.7960    24.7957 4.1668e+00     22.000          1       3896    1482.59 1.1871e+03  50449.066    162.293 1621852354       0.06     -0.208   40.67274  -72.82004 0.0000e+00
     21.348     9.0001    31.9687  1024.8435     2.3668     6.1546     93.942    0.01262    6.55143    6.55522      7.942     0.6355   11.82621   3.426356 3.8762e-01    24.7456    24.7452 4.5217e+00     21.500          1       3925    1482.83 1.1666e+03  50362.987    163.505 1621852355      -0.32     -0.259   40.67276  -72.82004 0.0000e+00
     20.834     9.0480    31.9618  1024.8283     2.3716     6.1624     94.063    0.01129    6.55141    6.55521      7.942     0.6461   11.82606   3.429206 4.3098e-01    24.7328    24.7325 4.9762e+00     21.000          1       3938    1482.99 1.1547e+03  50343.457    164.024 1621852356      -0.55     -0.512   40.67276  -72.82004 0.0000e+00
     20.329     9.0854    31.9387  1024.8021     2.3757     6.1677     94.144    0.00998    6.55133    6.55513      7.942     0.6259   11.82602   3.430894 4.9108e-01    24.7090    24.7086 5.6204e+00     20.500          1       3951    1483.09 1.1447e+03  50302.499    164.571 1621852356      -0.40     -0.783   40.67276  -72.82004 0.0000e+00
     19.836     9.2271    31.9144  1024.7587     2.3849     6.1633     94.191    0.00558    6.54344    6.54711      7.941     0.6896   11.81308   3.440847 5.6535e-01    24.6679    24.6675 6.5330e+00     20.000          1       4001    1483.58 1.1551e+03  50239.176    166.680 1621852359      -0.21     -0.478   40.67276  -72.82007 0.0000e+00
     19.337     9.3052    31.9056  1024.7373     2.3889     6.1514     94.095    0.00238    6.53742    6.54101      7.941     0.6889   11.80318   3.446506 6.3871e-01    24.6488    24.6485 7.4828e+00     19.500          1       4049    1483.85 1.1713e+03  50210.970    168.663 1621852361      -0.33     -0.478   40.67276  -72.82008 0.0000e+00
     18.861     9.3545    31.8998  1024.7228     2.3904     6.1338     94.034    0.00136    6.52297    6.52632      7.946     0.6046   11.77972   3.449817 6.9853e-01    24.6364    24.6361 8.1183e+00     19.000          1       4135    1484.02 1.1624e+03  50192.484    172.240 1621852364      -0.77     -0.210   40.67278  -72.82010 0.0000e+00
     18.350     9.3803    31.8918  1024.7101     2.3931     6.1394     94.304    0.00327    6.51023    6.51341      7.946     0.5587   11.75868   3.451226 7.7919e-01    24.6261    24.6258 8.9303e+00     18.500          1       4147    1484.09 1.1462e+03  50175.887    172.747 1621852365      -0.65     -0.614   40.67278  -72.82010 0.0000e+00
     17.849     9.3980    31.8766  1024.6932     2.3978     6.1382     94.653    0.00512    6.48495    6.48780      7.948     0.5378   11.71677   3.450927 8.7273e-01    24.6115    24.6112 9.8939e+00     18.000          1       4163    1484.13 1.1338e+03  50150.565    173.421 1621852365      -0.10     -0.835   40.67278  -72.82010 0.0000e+00
     17.365     9.4319    31.8663  1024.6774     2.4118     6.1818     95.610    0.00858    6.46555    6.46817      7.952     0.4828   11.68431   3.453492 9.7463e-01    24.5980    24.5977 1.0951e+01     17.500          1       4199    1484.23 1.1237e+03  50128.936    174.935 1621852367       0.33     -0.421   40.67278  -72.82010 0.0000e+00
     16.864     9.7156    31.8773  1024.6382     2.4297     6.2284     96.515    0.00916    6.45332    6.45578      7.956     0.4621   11.66402   3.480413 1.0974e+00    24.5612    24.5609 1.2189e+01     17.000          1       4249    1485.28 1.1108e+03  50090.016    177.021 1621852369      -0.11     -0.254   40.67278  -72.82012 0.0000e+00
     16.379     9.9175    31.9072  1024.6265     2.4541     6.1501     97.174    0.00542    6.32896    6.32985      7.961     0.3152   11.45739   3.499982 1.1972e+00    24.5517    24.5515 1.3358e+01     16.500          1       4341    1486.04 1.1160e+03  50094.005    180.849 1621852373      -0.13     -0.183   40.67280  -72.82014 0.0000e+00
     15.883     9.9924    31.9079  1024.6124     2.4704     6.2175     98.559    0.01302    6.30835    6.30901      7.968     0.2899   11.42282   3.507331 1.3196e+00    24.5400    24.5397 1.4357e+01     16.000          1       4359    1486.30 1.0881e+03  50080.953    181.570 1621852373      -0.28     -0.356   40.67280  -72.82014 0.0000e+00
     15.375    10.1360    31.9102  1024.5881     2.4859     6.2916     99.789    0.01889    6.30488    6.30550      7.972     0.2787   11.41703   3.521529 1.4380e+00    24.5180    24.5177 1.5401e+01     15.500          1       4374    1486.82 1.0712e+03  50058.170    182.193 1621852374      -0.36     -0.580   40.67280  -72.82014 0.0000e+00
     14.875    10.5501    31.9357  1024.5356     2.5072     6.3616    101.164    0.02343    6.28845    6.28886      7.975     0.2279   11.38990   3.562276 1.5205e+00    24.4680    24.4677 1.6252e+01     15.000          1       4395    1488.32 1.0689e+03  50020.778    183.084 1621852375       0.06     -0.674   40.67280  -72.82015 0.0000e+00
     14.387    10.9941    31.9893  1024.4985     2.5447     6.4301    102.436    0.01666    6.27714    6.27741      7.980     0.1487   11.37115   3.604713 1.6143e+00    24.4332    24.4329 1.7237e+01     14.500          1       4449    1489.96 1.0678e+03  50021.202    185.346 1621852377       0.10     -0.244   40.67281  -72.82016 0.0000e+00
     13.894    11.1884    31.9930  1024.4649     2.5662     6.4599    102.352    0.00213    6.31146    6.31202      7.992     0.1368   11.43013   3.620665 1.7035e+00    24.4019    24.4016 1.8673e+01     14.000          1       4536    1490.64 1.0963e+03  49994.276    188.970 1621852381      -0.00     -0.111   40.67282  -72.82018 0.0000e+00
     13.399    11.1574    31.9959  1024.4705     2.5582     6.3243    101.163   -0.00655    6.25163    6.25128      7.997     0.1724   11.33337   3.616953 1.8884e+00    24.4097    24.4094 2.0319e+01     13.500          1       4580    1490.53 1.0761e+03  50003.717    190.804 1621852383      -0.25     -0.245   40.67282  -72.82018 0.0000e+00
     12.896    10.7797    31.8308  1024.4039     2.5829     6.5340    103.765    0.00994    6.29675    6.29699      8.002     0.2074   11.40762   3.562340 2.0641e+00    24.3453    24.3450 2.2058e+01     13.000          1       4602    1488.98 1.0686e+03  49827.346    191.722 1621852384      -0.15     -0.477   40.67282  -72.82019 0.0000e+00
     12.398    11.2581    31.6056  1024.1440     2.6329     6.6502    107.452    0.02860    6.19005    6.18895      8.002     0.2503   11.23148   3.591532 2.1325e+00    24.0878    24.0875 2.3057e+01     12.500          1       4656    1490.39 1.0813e+03  49438.878    193.945 1621852386      -0.04     -0.337   40.67283  -72.82021 0.0000e+00
     11.905    12.4437    31.5787  1023.9034     2.6701     6.5026    107.612    0.01050    6.04265    6.03982      7.998     0.2549   10.98692   3.693818 2.2725e+00    23.8496    23.8493 2.5108e+01     12.000          1       4733    1494.45 1.1046e+03  49227.212    197.170 1621852389      -0.07     -0.288   40.67284  -72.82022 0.0000e+00
     11.408    13.0583    31.5866  1023.7901     2.6667     6.3901    106.476   -0.00178    6.00143    5.99812      7.999     0.2441   10.91851   3.747854 2.4497e+00    23.7387    23.7385 2.6769e+01     11.500          1       4791    1496.54 1.0928e+03  49156.067    199.568 1621852391      -0.18     -0.203   40.67284  -72.82023 0.0000e+00
     10.921    13.4480    31.5982  1023.7203     2.6672     6.3453    106.763    0.00322    5.94332    5.93937      8.000     0.2544   10.82200   3.782068 2.6025e+00    23.6712    23.6709 2.8552e+01     11.000          1       4867    1497.84 1.0971e+03  49123.245    202.738 1621852395      -0.35     -0.084   40.67284  -72.82026 0.0000e+00
     10.409    13.7643    31.5841  1023.6435     2.6651     6.3266    106.552    0.00183    5.93758    5.93357      8.000     0.2405   10.81248   3.810210 2.7461e+00    23.5968    23.5965 3.0124e+01     10.500          1       4898    1498.86 1.0969e+03  49066.021    204.054 1621852396      -0.31     -0.349   40.67284  -72.82026 0.0000e+00
      9.914    14.0009    31.6031  1023.6080     2.6555     6.3415    105.813   -0.00329    5.99312    5.98975      8.005     0.2250   10.90427   3.830152 3.0773e+00    23.5636    23.5633 3.3791e+01     10.000          1       5029    1499.66 1.0983e+03  49064.855    209.494 1621852401      -0.40     -0.238   40.67286  -72.82029 0.0000e+00
      9.421    14.0251    31.6249  1023.6176     2.6644     6.2929    106.244   -0.00154    5.92316    5.91901      8.023     0.2489   10.78828   3.832767 3.0574e+00    23.5754    23.5751 3.4464e+01      9.500          1       6325    1499.75 1.1281e+03  49092.493    263.495 1621852455       0.05     -0.379   40.67295  -72.82057 0.0000e+00
      8.936    14.0948    31.6273  1023.6031     2.6680     6.2696    106.475    0.00011    5.88833    5.88379      8.029     0.2654   10.73047   3.839136 3.1715e+00    23.5630    23.5628 3.5979e+01      9.000          1       6700    1499.98 1.1345e+03  49087.625    279.108 1621852471      -0.22     -0.204   40.67298  -72.82065 0.0000e+00
      8.428    14.1837    31.6226  1023.5788     2.6674     6.2694    106.464    0.00037    5.88875    5.88422      8.030     0.2475   10.73114   3.847091 3.4126e+00    23.5411    23.5409 3.8269e+01      8.500          1       6715    1500.25 1.1215e+03  49070.928    279.759 1621852472      -0.18     -0.472   40.67299  -72.82066 0.0000e+00
      7.938    14.3391    31.6226  1023.5445     2.6624     6.2403    106.049   -0.00194    5.88440    5.87983      8.031     0.2530   10.72392   3.860749 3.7293e+00    23.5090    23.5088 4.2001e+01      8.000          1       6774    1500.75 1.1261e+03  49053.657    282.188 1621852474       0.12     -0.210   40.67300  -72.82067 0.0000e+00
      7.446    14.3872    31.6250  1023.5341     2.6573     6.2120    105.752   -0.00211    5.87411    5.86942      8.030     0.2629   10.70683   3.865047 3.8966e+00    23.5008    23.5006 4.4771e+01      7.500          1       6837    1500.90 1.1491e+03  49051.494    284.845 1621852477      -0.08     -0.201   40.67300  -72.82068 0.0000e+00
      6.953    14.3804    31.6267  1023.5347     2.6563     6.2138    105.760   -0.00126    5.87536    5.87069 -9.990e-29     0.2519   10.70889   3.864329 4.2577e+00    23.5035    23.5033 4.8526e+01      7.000          1       6863    1500.87 1.1398e+03  49054.402    285.928 1621852478      -0.22     -0.344   40.67300  -72.82068 0.0000e+00
      6.449    14.4229    31.6195  1023.5180     2.6553     6.2094    105.716   -0.00113    5.87370    5.86901 -9.990e-29     0.2713   10.70613   3.868212 4.7474e+00    23.4891    23.4889 5.3462e+01      6.500          1       6880    1500.99 1.1263e+03  49039.331    286.627 1621852478      -0.28     -0.535   40.67301  -72.82069 0.0000e+00
      5.946    14.4648    31.6230  1023.5097     2.6534     6.2021    105.585   -0.00167    5.87402    5.86933 -9.990e-29     0.2703   10.70665   3.871831 5.1415e+00    23.4831    23.4830 5.7397e+01      6.000          1       6898    1501.12 1.1164e+03  49039.911    287.378 1621852479      -0.08     -0.676   40.67302  -72.82070 0.0000e+00
      5.458    14.4670    31.6261  1023.5094     2.6528     6.1995    105.606   -0.00072    5.87043    5.86571 -9.990e-29     0.2704   10.70070   3.872047 5.5269e+00    23.4850    23.4848 6.2079e+01      5.500          1       6940    1501.13 1.1231e+03  49043.393    289.135 1621852481       0.23     -0.336   40.67302  -72.82070 0.0000e+00
      4.959    14.4925    31.6260  1023.5018     2.6485     6.1809    105.291   -0.00210    5.87033    5.86561 -9.990e-29     0.2436   10.70054   3.874317 6.0284e+00    23.4796    23.4795 6.8693e+01      5.000          1       6987    1501.20 1.1392e+03  49040.405    291.081 1621852483       0.00     -0.293   40.67302  -72.82072 0.0000e+00
      4.478    14.4925    31.6272  1023.5005     2.6423     6.1551    104.882   -0.00350    5.86859    5.86384      8.030     0.2260   10.69761   3.874243 6.8434e+00    23.4805    23.4804 7.8573e+01      4.500          1       7039    1501.19 1.1482e+03  49041.701    293.240 1621852485      -0.06     -0.152   40.67302  -72.82072 0.0000e+00
      3.969    14.4973    31.6269  1023.4970     2.6437     6.1677    105.096   -0.00133    5.86858    5.86384      8.031     0.2420   10.69761   3.874611 8.2533e+00    23.4792    23.4791 9.4477e+01      4.000          1       7056    1501.20 1.1448e+03  49040.499    293.939 1621852486      -0.40     -0.405   40.67302  -72.82073 0.0000e+00
      3.466    14.5040    31.6263  1023.4929     2.6435     6.1722    105.190    0.00029    5.86764    5.86288      8.031     0.2313   10.69604   3.875185 9.1603e+00    23.4773    23.4772 1.0411e+02      3.500          1       7074    1501.21 1.1366e+03  49038.727    294.717 1621852487      -0.14     -0.623   40.67302  -72.82074 0.0000e+00
      2.976    14.5155    31.6277  1023.4893     2.6443     6.1748    105.241    0.00045    5.86724    5.86248      8.033     0.2181   10.69537   3.876242 1.0444e+01    23.4760    23.4759 1.1780e+02      3.000          1       7108    1501.24 1.1280e+03  49039.187    296.113 1621852488       0.21     -0.440   40.67302  -72.82074 0.0000e+00
