CalculateIndicators/WaterTemperature/Data/CTD_NYOS/20210524_C27.cnv
* Sea-Bird SBE 9 Data File:
* FileName = C:\Seabird 9 CTD\Data\2021\202105_offshore\20210524_C27.hex
* Software Version Seasave V 7.23.2
* Temperature SN = 4590
* Conductivity SN = 3228
* Number of Bytes Per Scan = 44
* Number of Voltage Words = 5
* Number of Scans Averaged by the Deck Unit = 1
* NMEA Latitude = 40 06.58 N
* NMEA Longitude = 072 16.25 W
* NMEA UTC (Time) = May 24 2021  19:41:01
* NMEA baud rate = 4800
** Ship: seawolf
** Station: 3.3
** Operator: eih
# nquan = 31
# nvalues = 257                         
# units = specified
# name 0 = depSM: Depth [salt water, m]
# name 1 = t090C: Temperature [ITS-90, deg C]
# name 2 = sal00: Salinity, Practical [PSU]
# name 3 = density00: Density [density, kg/m^3]
# name 4 = sbeox0V: Oxygen raw, SBE 43 [V]
# name 5 = sbeox0ML/L: Oxygen, SBE 43 [ml/l]
# name 6 = sbeox0PS: Oxygen, SBE 43 [% saturation]
# name 7 = sbox0dV/dT: Oxygen, SBE 43 [dov/dt]
# name 8 = oxsolML/L: Oxygen Saturation, Garcia & Gordon [ml/l]
# name 9 = oxsatML/L: Oxygen Saturation, Weiss [ml/l]
# name 10 = ph: pH
# name 11 = flECO-AFL: Fluorescence, WET Labs ECO-AFL/FL [mg/m^3]
# name 12 = n2satML/L: Nitrogen Saturation [ml/l]
# name 13 = c0S/m: Conductivity [S/m]
# name 14 = cpar: CPAR/Corrected Irradiance [%]
# name 15 = sigma-é00: Density [sigma-theta, kg/m^3]
# name 16 = sigma-t00: Density [sigma-t, kg/m^3 ]
# name 17 = par: PAR/Irradiance, Biospherical/Licor
# name 18 = prDM: Pressure, Digiquartz [db]
# name 19 = pumps: Pump Status
# name 20 = scan: Scan Count
# name 21 = svCM: Sound Velocity [Chen-Millero, m/s]
# name 22 = spar: SPAR, Biospherical/Licor
# name 23 = specc: Specific Conductance [uS/cm]
# name 24 = timeS: Time, Elapsed [seconds]
# name 25 = timeY: Time, System [seconds]
# name 26 = accM: Acceleration [m/s^2]
# name 27 = dz/dtM: Descent Rate [m/s]
# name 28 = latitude: Latitude [deg]
# name 29 = longitude: Longitude [deg]
# name 30 = flag: flag
# span 0 =      1.454,     65.008       
# span 1 =     7.7000,    14.2348       
# span 2 =    31.9310,    33.6725       
# span 3 =  1023.7789,  1026.4476       
# span 4 =     2.0806,     2.6673       
# span 5 =     4.7387,     6.9457       
# span 6 =     79.272,    108.202       
# span 7 =   -0.03904,    0.09296       
# span 8 =    5.87831,    6.72208       
# span 9 =    5.87408,    6.72966       
# span 10 =      7.902,      8.102      
# span 11 =     0.0078,     0.7548      
# span 12 =   10.70602,   12.09296      
# span 13 =   3.427178,   3.926764      
# span 14 = 4.1522e-02, 3.6099e+01      
# span 15 =    23.7723,    26.1499      
# span 16 =    23.7723,    26.1489      
# span 17 = 8.0423e-01, 4.8585e+02      
# span 18 =      1.500,     65.500      
# span 19 =          1,          1      
# span 20 =        465,      19465      
# span 21 =    1479.88,    1501.15      
# span 22 = 1.1283e+03, 2.3348e+03      
# span 23 =  49497.083,  52902.521      
# span 24 =     19.323,    810.980      
# span 25 = 1621885278, 1621886069      
# span 26 =      -1.04,       1.48      
# span 27 =     -1.282,      1.376      
# span 28 =   40.10972,   40.10990      
# span 29 =  -72.27371,  -72.27098      
# span 30 = 0.0000e+00, 0.0000e+00      
# interval = decibars: 0.5              
# start_time = May 24 2021 19:40:59 [System UTC, first data scan.]
# bad_flag = -9.990e-29
*END*
[from data line 94]
     48.118     7.7000    33.1885  1026.1169     2.3019     6.0607     90.186   -0.00116    6.72030    6.72787      7.965     0.3498   12.08989   3.427178 2.5435e-01    25.8953    25.8947 3.1397e+00     48.500          1       4631    1479.88 1.2344e+03  52407.294    192.925 1621885451       0.28      0.231   40.10980  -72.27161 0.0000e+00
     48.621     7.7069    33.1951  1026.1234     2.3006     6.0545     90.101   -0.00141    6.71969    6.72725 -9.990e-29     0.3510   12.08882   3.428540 2.4400e-01    25.8995    25.8989 3.0230e+00     49.000          1       4652    1479.93 1.2390e+03  52415.339    193.781 1621885452       0.18      0.469   40.10980  -72.27162 0.0000e+00
     49.116     7.7103    33.2002  1026.1292     2.2983     6.0445     89.955   -0.00175    6.71952    6.72709 -9.990e-29     0.3431   12.08846   3.429402 2.3390e-01    25.9031    25.9024 2.9221e+00     49.500          1       4681    1479.95 1.2494e+03  52422.128    194.982 1621885453      -0.11      0.473   40.10980  -72.27162 0.0000e+00
     49.611     7.7198    33.2067  1026.1352     2.2956     6.0345     89.810   -0.00187    6.71924    6.72680      7.964     0.3545   12.08803   3.430921 2.2420e-01    25.9068    25.9061 2.8190e+00     50.000          1       4716    1480.00 1.2574e+03  52429.330    196.473 1621885455      -0.02      0.341   40.10980  -72.27162 0.0000e+00
     50.109     7.7194    33.2153  1026.1443     2.2938     6.0327     89.793   -0.00110    6.71841    6.72595      7.962     0.3437   12.08676   3.431773 2.1494e-01    25.9136    25.9130 2.7053e+00     50.500          1       4764    1480.02 1.2585e+03  52441.893    198.476 1621885457       0.02      0.287   40.10980  -72.27162 0.0000e+00
     50.599     7.7201    33.2215  1026.1513     2.2950     6.0514     90.117    0.00147    6.71500    6.72252      7.951     0.2956   12.08066   3.432801 1.9956e-01    25.9184    25.9177 2.4072e+00     51.000          1       4864    1480.04 1.2063e+03  52451.148    202.605 1621885461       0.90      0.408   40.10980  -72.27164 0.0000e+00
     51.109     7.7280    33.2412  1026.1681     2.2864     6.0023     89.395   -0.00158    6.71434    6.72186      7.951     0.3086   12.07955   3.435841 1.9050e-01    25.9328    25.9321 2.2883e+00     51.500          1       4873    1480.11 1.2012e+03  52477.190    202.984 1621885462       0.66      0.787   40.10980  -72.27166 0.0000e+00
     51.610     7.9010    33.3337  1026.2178     2.2724     5.8783     87.652   -0.01246    6.70633    6.71376      7.949     0.3060   12.06605   3.462194 1.8065e-01    25.9804    25.9797 2.1552e+00     52.000          1       4889    1480.89 1.1929e+03  52567.020    203.672 1621885462      -0.03      0.931   40.10980  -72.27166 0.0000e+00
     52.087     8.0415    33.3872  1026.2411     2.2517     5.7382     86.781   -0.00993    6.61237    6.61870      7.932     0.1429   11.90731   3.479157 1.7267e-01    26.0018    26.0011 2.0301e+00     52.500          1       4989    1481.49 1.1757e+03  52609.286    207.816 1621885466       0.08      0.096   40.10980  -72.27166 0.0000e+00
     52.588     8.2778    33.5218  1026.3138     2.1959     5.4460     82.571   -0.02539    6.59544    6.60157      7.923     0.1043   11.87878   3.512287 1.6378e-01    26.0725    26.0717 1.8913e+00     53.000          1       5037    1482.56 1.1546e+03  52744.037    209.847 1621885468      -0.01      0.240   40.10980  -72.27167 0.0000e+00
     53.075     8.3663    33.5608  1026.3332     2.1588     5.3663     81.477   -0.01737    6.58625    6.59229      7.915     0.0538   11.86315   3.523832 1.5581e-01    26.0898    26.0890 1.7725e+00     53.500          1       5085    1482.95 1.1376e+03  52778.927    211.842 1621885470       0.14      0.206   40.10980  -72.27168 0.0000e+00
     53.581     8.4367    33.5931  1026.3501     2.1453     5.3364     80.991   -0.01540    6.58886    6.59492      7.913     0.0613   11.86758   3.533514 1.4869e-01    26.1045    26.1037 1.6821e+00     54.000          1       5106    1483.26 1.1312e+03  52808.411    212.708 1621885471       0.25      0.436   40.10980  -72.27168 0.0000e+00
     54.080     8.4777    33.6247  1026.3709     2.1284     5.2801     80.120   -0.01574    6.59025    6.59633      7.913     0.0878   11.86987   3.539571 1.4187e-01    26.1231    26.1223 1.6008e+00     54.500          1       5133    1483.46 1.1283e+03  52844.148    213.829 1621885472      -0.06      0.495   40.10980  -72.27168 0.0000e+00
     54.562     8.4849    33.6378  1026.3823     2.1020     5.2686     80.033   -0.00264    6.58311    6.58911 -9.990e-29     0.0505   11.85780   3.540775 1.3436e-01    26.1323    26.1314 1.6487e+00     55.000          1       5278    1483.51 1.2269e+03  52861.263    219.865 1621885478       0.15      0.154   40.10980  -72.27170 0.0000e+00
     55.056     8.4895    33.6398  1026.3854     2.1004     5.2670     79.995   -0.00223    6.58409    6.59011 -9.990e-29     0.0470   11.85944   3.541415 1.3012e-01    26.1331    26.1323 1.6125e+00     55.500          1       5305    1483.54 1.2392e+03  52863.265    221.007 1621885480       0.44      0.412   40.10980  -72.27172 0.0000e+00
     55.564     8.4998    33.6451  1026.3903     2.0998     5.2658     79.972   -0.00212    6.58454    6.59055 -9.990e-29     0.0649   11.86018   3.543034 1.2483e-01    26.1357    26.1349 1.5408e+00     56.000          1       5316    1483.59 1.2343e+03  52868.900    221.470 1621885480       0.47      0.654   40.10980  -72.27172 0.0000e+00
     56.071     8.5055    33.6479  1026.3939     2.0988     5.2627     79.926   -0.00204    6.58443    6.59045      7.911     0.0601   11.86000   3.543604 1.1844e-01    26.1371    26.1362 1.4535e+00     56.500          1       5329    1483.63 1.2271e+03  52871.741    222.001 1621885481       0.29      0.863   40.10980  -72.27172 0.0000e+00
     56.571     8.5086    33.6504  1026.3977     2.0964     5.2549     79.820   -0.00189    6.58339    6.58940      7.911     0.0494   11.85826   3.544052 1.1136e-01    26.1385    26.1377 1.3577e+00     57.000          1       5398    1483.65 1.2191e+03  52874.947    224.863 1621885483      -0.01      0.908   40.10980  -72.27173 0.0000e+00
     57.063     8.5179    33.6557  1026.4027     2.0938     5.2471     79.741   -0.00146    6.58012    6.58609      7.906     0.0409   11.85273   3.545288 1.0244e-01    26.1413    26.1404 1.2405e+00     57.500          1       5513    1483.70 1.2109e+03  52880.585    229.646 1621885488      -0.09      0.722   40.10980  -72.27174 0.0000e+00
     57.546     8.5266    33.6610  1026.4077     2.0890     5.2339     79.550   -0.00103    6.57933    6.58529      7.906 -9.990e-29   11.85138   3.546631 9.6548e-02    26.1441    26.1432 1.1589e+00     58.000          1       5612    1483.75 1.2003e+03  52886.414    233.781 1621885492       0.14      0.375   40.10980  -72.27176 0.0000e+00
     58.050     8.5302    33.6627  1026.4108     2.0882     5.2309     79.505   -0.00108    6.57932    6.58528      7.906     0.0287   11.85137   3.547046 9.1173e-02    26.1449    26.1440 1.0951e+00     58.500          1       5647    1483.77 1.2012e+03  52888.351    235.254 1621885494       0.04      0.461   40.10980  -72.27176 0.0000e+00
     58.537     8.5400    33.6679  1026.4157     2.0863     5.2232     79.419   -0.00115    6.57670    6.58263 -9.990e-29     0.0182   11.84696   3.548473 8.5817e-02    26.1475    26.1466 1.0666e+00     59.000          1       5767    1483.82 1.2429e+03  52893.788    240.260 1621885499       0.05      0.540   40.10980  -72.27178 0.0000e+00
     59.035     8.5425    33.6691  1026.4185     2.0852     5.2186     79.346   -0.00131    6.57699    6.58292 -9.990e-29     0.0266   11.84743   3.548777 8.0560e-02    26.1481    26.1472 1.0032e+00     59.500          1       5785    1483.84 1.2453e+03  52895.305    240.988 1621885500       0.05      0.560   40.10980  -72.27178 0.0000e+00
     59.543     8.5424    33.6691  1026.4208     2.0843     5.2173     79.324   -0.00105    6.57712    6.58305      7.906     0.0151   11.84766   3.548766 7.6045e-02    26.1481    26.1472 9.6935e-01     60.000          1       5829    1483.85 1.2749e+03  52895.564    242.821 1621885501       0.05      0.599   40.10980  -72.27178 0.0000e+00
     60.025     8.5400    33.6683  1026.4228     2.0840     5.2230     79.418   -0.00014    6.57662    6.58255      7.905     0.0158   11.84681   3.548450 7.2807e-02    26.1478    26.1469 1.0122e+00     60.500          1       5965    1483.85 1.3902e+03  52895.291    248.488 1621885507      -0.09      0.330   40.10979  -72.27180 0.0000e+00
     60.518     8.5392    33.6681  1026.4251     2.0834     5.2179     79.342   -0.00063    6.57640    6.58233      7.905     0.0283   11.84645   3.548403 6.9500e-02    26.1479    26.1469 9.8693e-01     61.000          1       6001    1483.85 1.4201e+03  52895.528    249.999 1621885509       0.39      0.237   40.10978  -72.27180 0.0000e+00
     61.024     8.5428    33.6699  1026.4282     2.0834     5.2206     79.383   -0.00015    6.57646    6.58239      7.905     0.0282   11.84655   3.548953 6.5936e-02    26.1487    26.1477 9.5604e-01     61.500          1       6018    1483.88 1.4501e+03  52897.640    250.694 1621885509       0.37      0.540   40.10978  -72.27180 0.0000e+00
     61.525     8.5451    33.6706  1026.4308     2.0832     5.2205     79.379   -0.00005    6.57663    6.58256      7.904     0.0190   11.84683   3.549214 6.2215e-02    26.1490    26.1480 9.4186e-01     62.000          1       6050    1483.90 1.5145e+03  52898.445    252.024 1621885511      -0.03      0.662   40.10978  -72.27181 0.0000e+00
     62.014     8.5452    33.6712  1026.4334     2.0829     5.2199     79.375   -0.00027    6.57622    6.58215      7.905     0.0148   11.84615   3.549319 5.7774e-02    26.1494    26.1484 9.6181e-01     62.500          1       6175    1483.91 1.6647e+03  52899.626    257.268 1621885516       0.87      0.978   40.10980  -72.27184 0.0000e+00
     62.519     8.5452    33.6711  1026.4357     2.0827     5.2193     79.367   -0.00023    6.57621    6.58214      7.905     0.0148   11.84613   3.549308 5.4256e-02    26.1493    26.1483 9.0400e-01     63.000          1       6183    1483.91 1.6662e+03  52899.859    257.578 1621885516       0.60      1.229   40.10980  -72.27184 0.0000e+00
     63.020     8.5458    33.6713  1026.4380     2.0826     5.2185     79.354   -0.00027    6.57621    6.58214      7.904     0.0136   11.84613   3.549422 5.1312e-02    26.1494    26.1484 8.5493e-01     63.500          1       6193    1483.92 1.6662e+03  52900.190    257.980 1621885517       0.20      1.376   40.10980  -72.27184 0.0000e+00
     63.517     8.5466    33.6715  1026.4404     2.0816     5.2132     79.272   -0.00067    6.57638    6.58230      7.904     0.0078   11.84641   3.549509 4.8350e-02    26.1494    26.1484 8.0423e-01     64.000          1       6206    1483.94 1.6633e+03  52900.691    258.555 1621885517      -0.34      1.293   40.10980  -72.27184 0.0000e+00
     64.010     8.5460    33.6715  1026.4427     2.0821     5.2153     79.304   -0.00061    6.57636    6.58228      7.904     0.0201   11.84636   3.549520 4.5418e-02    26.1495    26.1485 8.0841e-01     64.500          1       6335    1483.94 1.7803e+03  52901.142    263.922 1621885522       0.08      0.847   40.10980  -72.27185 0.0000e+00
     64.507     8.5476    33.6719  1026.4451     2.0819     5.2167     79.328   -0.00026    6.57610    6.58202      7.903     0.0284   11.84593   3.549652 4.3281e-02    26.1496    26.1486 8.1193e-01     65.000          1       6601    1483.95 1.8755e+03  52901.671    275.011 1621885534       0.09      0.727   40.10979  -72.27189 0.0000e+00
     65.008     8.5487    33.6725  1026.4476     2.0806     5.2138     79.289    0.00006    6.57568    6.58159      7.902     0.0183   11.84522   3.549846 4.1522e-02    26.1499    26.1489 8.1030e-01     65.500          1       7082    1483.97 1.9517e+03  52902.521    295.052 1621885554      -0.20      0.569   40.10979  -72.27197 0.0000e+00
     64.501     8.5495    33.6725  1026.4452     2.0810     5.2166     79.331    0.00032    6.57570    6.58162      7.902     0.0233   11.84526   3.549886 4.4163e-02    26.1498    26.1488 8.6785e-01     65.000          1       7178    1483.96 1.9651e+03  52902.021    299.024 1621885558      -1.04     -0.200   40.10978  -72.27198 0.0000e+00
     63.988     8.5493    33.6725  1026.4429     2.0811     5.2186     79.361    0.00059    6.57570    6.58162      7.902     0.0151   11.84525   3.549846 4.6941e-02    26.1498    26.1488 9.2473e-01     64.500          1       7188    1483.95 1.9700e+03  52901.786    299.465 1621885558      -0.93     -0.631   40.10978  -72.27198 0.0000e+00
     63.479     8.5491    33.6725  1026.4406     2.0812     5.2186     79.363    0.00052    6.57568    6.58159      7.902     0.0166   11.84522   3.549807 4.9917e-02    26.1498    26.1488 9.8535e-01     64.000          1       7200    1483.94 1.9740e+03  52901.464    299.957 1621885559      -0.46     -0.966   40.10978  -72.27198 0.0000e+00
     62.990     8.5470    33.6717  1026.4380     2.0819     5.2187     79.360    0.00020    6.57597    6.58189      7.904     0.0254   11.84572   3.549517 5.3512e-02    26.1495    26.1485 1.0920e+00     63.500          1       7871    1483.93 2.0403e+03  52900.442    327.930 1621885586      -0.15     -0.772   40.10979  -72.27209 0.0000e+00
     62.494     8.5457    33.6712  1026.4356     2.0824     5.2194     79.368    0.00009    6.57626    6.58218      7.904     0.0281   11.84621   3.549325 5.6765e-02    26.1493    26.1483 1.1815e+00     63.000          1       8307    1483.91 2.0811e+03  52899.812    346.100 1621885605      -0.16     -0.787   40.10980  -72.27216 0.0000e+00
     62.008     8.5448    33.6707  1026.4330     2.0830     5.2206     79.382   -0.00002    6.57650    6.58242      7.905     0.0329   11.84660   3.549171 6.1435e-02    26.1490    26.1480 1.2995e+00     62.500          1       8407    1483.90 2.1148e+03  52898.862    350.260 1621885609      -0.10     -0.266   40.10980  -72.27218 0.0000e+00
     61.515     8.5440    33.6706  1026.4308     2.0833     5.2220     79.397    0.00012    6.57702    6.58295      7.905     0.0297   11.84748   3.549071 6.5570e-02    26.1491    26.1481 1.4166e+00     62.000          1       8465    1483.89 2.1602e+03  52898.633    352.647 1621885611       0.03     -0.267   40.10980  -72.27218 0.0000e+00
     61.020     8.5431    33.6700  1026.4282     2.0831     5.2210     79.369   -0.00007    6.57816    6.58411      7.905     0.0152   11.84942   3.548903 7.0205e-02    26.1487    26.1478 1.5315e+00     61.500          1       8507    1483.88 2.1815e+03  52897.628    354.416 1621885613      -0.14     -0.252   40.10980  -72.27220 0.0000e+00
     60.523     8.5410    33.6688  1026.4254     2.0840     5.2267     79.456    0.00043    6.57810    6.58404      7.905     0.0279   11.84930   3.548569 7.4856e-02    26.1481    26.1472 1.6422e+00     61.000          1       8530    1483.86 2.1937e+03  52896.176    355.377 1621885614      -0.16     -0.438   40.10980  -72.27220 0.0000e+00
     60.026     8.5347    33.6662  1026.4220     2.0849     5.2305     79.512    0.00052    6.57828    6.58423 -9.990e-29     0.0332   11.84961   3.547736 7.9199e-02    26.1470    26.1461 1.7570e+00     60.500          1       8580    1483.83 2.2184e+03  52893.559    357.479 1621885616       0.12     -0.243   40.10980  -72.27220 0.0000e+00
     59.533     8.5337    33.6661  1026.4198     2.0857     5.2297     79.495    0.00006    6.57864    6.58460      7.906     0.0337   11.85023   3.547621 8.6352e-02    26.1471    26.1462 1.9524e+00     60.000          1       8660    1483.81 2.2608e+03  52893.378    360.809 1621885619      -0.10     -0.109   40.10980  -72.27222 0.0000e+00
