CalculateIndicators/WaterTemperature/Data/CTD_NYOS/20210526_C38.cnv
* Sea-Bird SBE 9 Data File:
* FileName = C:\Seabird 9 CTD\Data\2021\202105_offshore\20210526_C38.hex
* Software Version Seasave V 7.23.2
* Temperature SN = 4590
* Conductivity SN = 3228
* Number of Bytes Per Scan = 44
* Number of Voltage Words = 5
* Number of Scans Averaged by the Deck Unit = 1
* NMEA Latitude = 40 05.78 N
* NMEA Longitude = 071 33.97 W
* NMEA UTC (Time) = May 26 2021  06:18:09
* NMEA baud rate = 4800
** Ship: seawolf
** Station: 1.4
** Operator: tdk
# nquan = 31
# nvalues = 338                         
# units = specified
# name 0 = depSM: Depth [salt water, m]
# name 1 = t090C: Temperature [ITS-90, deg C]
# name 2 = sal00: Salinity, Practical [PSU]
# name 3 = density00: Density [density, kg/m^3]
# name 4 = sbeox0V: Oxygen raw, SBE 43 [V]
# name 5 = sbeox0ML/L: Oxygen, SBE 43 [ml/l]
# name 6 = sbeox0PS: Oxygen, SBE 43 [% saturation]
# name 7 = sbox0dV/dT: Oxygen, SBE 43 [dov/dt]
# name 8 = oxsolML/L: Oxygen Saturation, Garcia & Gordon [ml/l]
# name 9 = oxsatML/L: Oxygen Saturation, Weiss [ml/l]
# name 10 = ph: pH
# name 11 = flECO-AFL: Fluorescence, WET Labs ECO-AFL/FL [mg/m^3]
# name 12 = n2satML/L: Nitrogen Saturation [ml/l]
# name 13 = c0S/m: Conductivity [S/m]
# name 14 = cpar: CPAR/Corrected Irradiance [%]
# name 15 = sigma-é00: Density [sigma-theta, kg/m^3]
# name 16 = sigma-t00: Density [sigma-t, kg/m^3 ]
# name 17 = par: PAR/Irradiance, Biospherical/Licor
# name 18 = prDM: Pressure, Digiquartz [db]
# name 19 = pumps: Pump Status
# name 20 = scan: Scan Count
# name 21 = svCM: Sound Velocity [Chen-Millero, m/s]
# name 22 = spar: SPAR, Biospherical/Licor
# name 23 = specc: Specific Conductance [uS/cm]
# name 24 = timeS: Time, Elapsed [seconds]
# name 25 = timeY: Time, System [seconds]
# name 26 = accM: Acceleration [m/s^2]
# name 27 = dz/dtM: Descent Rate [m/s]
# name 28 = latitude: Latitude [deg]
# name 29 = longitude: Longitude [deg]
# name 30 = flag: flag
# span 0 =      1.964,     85.824       
# span 1 =     6.9400,    13.6256       
# span 2 =    32.7543,    33.7689       
# span 3 =  1024.5472,  1026.5599       
# span 4 =     2.0519,     2.8596       
# span 5 =     5.0806,     7.4835       
# span 6 =     77.964,    118.667       
# span 7 =   -0.01920,    0.02619       
# span 8 =    5.93389,    6.85136       
# span 9 =    5.93058,    6.86065       
# span 10 =      7.913,      8.173      
# span 11 =    -0.0233,     0.5227      
# span 12 =   10.79332,   12.30930      
# span 13 =   3.340093,   3.935204      
# span 14 = -5.845e+03, 1.0332e+05      
# span 15 =    24.5318,    26.1677      
# span 16 =    24.5316,    26.1662      
# span 17 = -1.012e-02, 1.2600e-02      
# span 18 =      2.000,     86.500      
# span 19 =          1,          1      
# span 20 =        -59,      18144      
# span 21 =    1476.71,    1499.74      
# span 22 = -6.549e-02, 2.0901e+00      
# span 23 =  50710.731,  52968.069      
# span 24 =     -2.486,    755.956      
# span 25 = 1622009882, 1622010640      
# span 26 =      -0.56,       0.44      
# span 27 =     -0.791,      0.808      
# span 28 =   40.09611,   40.09647      
# span 29 =  -71.56620,  -71.56386      
# span 30 = 0.0000e+00, 0.0000e+00      
# interval = decibars: 0.5              
# start_time = May 26 2021 06:18:04 [System UTC, first data scan.]
# bad_flag = -9.990e-29
*END*
[from data line 281]
     30.259     8.4068    32.8501  1025.6651     2.5943     6.9989    105.648    0.01403    6.62470    6.63046      8.070     0.4128   11.93619   3.458449 9.1218e+04    25.5262    25.5257 1.0000e-12     30.500          1      13110    1481.85 1.7341e-01  51747.614    546.194 1622010431      -0.19     -0.506   40.09620  -71.56444 0.0000e+00
     29.767     8.4438    32.8493  1025.6566     2.6086     7.0030    105.829    0.00856    6.61726    6.62291      8.071     0.3708   11.92393   3.461490 9.9874e+04    25.5199    25.5195 1.0000e-12     30.000          1      13155    1481.98 2.4607e-03  51737.795    548.079 1622010432       0.10     -0.320   40.09620  -71.56444 0.0000e+00
     29.276     8.4825    32.8473  1025.6469     2.6204     7.0160    106.106    0.00549    6.61228    6.61786      8.073     0.4069   11.91571   3.464782 5.6799e+04    25.5126    25.5121 1.0000e-12     29.500          1      13205    1482.11 8.5308e-01  51725.959    550.176 1622010435      -0.31     -0.213   40.09620  -71.56444 0.0000e+00
     28.772     8.5097    32.8460  1025.6394     2.6245     7.0238    106.241    0.00487    6.61121    6.61677      8.075     0.4067   11.91394   3.467002 4.4707e+04    25.5074    25.5070 1.0000e-12     29.000          1      13226    1482.20 1.0919e+00  51717.689    551.030 1622010435      -0.22     -0.486   40.09620  -71.56444 0.0000e+00
     28.280     8.5354    32.8440  1025.6318     2.6280     7.0271    106.331    0.00403    6.60872    6.61424      8.075     0.3984   11.90983   3.468940 9.2038e+04    25.5020    25.5016 1.0000e-12     28.500          1      13251    1482.29 1.5721e-01  51708.804    552.101 1622010436       0.10     -0.523   40.09620  -71.56442 0.0000e+00
     27.787     8.5402    32.8443  1025.6290     2.6308     7.0265    106.359    0.00293    6.60643    6.61191      8.075     0.4210   11.90605   3.469286 1.0020e+05    25.5015    25.5011 1.0000e-12     28.000          1      13276    1482.30 -3.991e-03  51707.900    553.128 1622010438      -0.02     -0.453   40.09620  -71.56442 0.0000e+00
     27.286     8.5469    32.8446  1025.6259     2.6331     7.0224    106.425    0.00257    6.59842    6.60379      8.079     0.4553   11.89284   3.469874 9.9999e+04    25.5007    25.5003 1.0000e-12     27.500          1      13296    1482.32 0.0000e+00  51706.493    553.947 1622010438      -0.13     -0.536   40.09620  -71.56442 0.0000e+00
     26.786     8.5662    32.8436  1025.6198     2.6396     7.0440    106.876    0.00424    6.59084    6.59610      8.082     0.4046   11.88035   3.471511 9.9999e+04    25.4969    25.4965 1.0000e-12     27.000          1      13325    1482.38 0.0000e+00  51700.346    555.173 1622010440       0.12     -0.486   40.09620  -71.56442 0.0000e+00
     26.300     8.6582    32.8391  1025.6001     2.6558     7.0889    107.924    0.00759    6.56844    6.57337      8.088     0.4158   11.84341   3.479523 9.9999e+04    25.4795    25.4791 1.0000e-12     26.500          1      13380    1482.71 0.0000e+00  51673.299    557.447 1622010442      -0.11     -0.132   40.09620  -71.56440 0.0000e+00
     25.799     8.7015    32.8364  1025.5890     2.6679     7.1320    108.673    0.00939    6.56279    6.56764      8.096     0.4049   11.83410   3.483130 9.4695e+04    25.4707    25.4703 1.0000e-12     26.000          1      13408    1482.86 1.0473e-01  51659.692    558.609 1622010443      -0.10     -0.378   40.09620  -71.56440 0.0000e+00
     25.301     8.7822    32.8324  1025.5712     2.6822     7.1914    109.580    0.01162    6.56270    6.56755      8.098     0.3994   11.83391   3.490255 9.9913e+04    25.4553    25.4549 1.0000e-12     25.500          1      13436    1483.15 1.6908e-03  51636.377    559.773 1622010444      -0.02     -0.421   40.09620  -71.56440 0.0000e+00
     24.796     8.9148    32.8269  1025.5440     2.7136     7.2539    110.652    0.00651    6.55565    6.56039      8.106     0.4120   11.82226   3.501012 9.5627e+03    25.4304    25.4300 1.0000e-12     25.000          1      13662    1483.62 1.7859e+00  51599.452    569.205 1622010454      -0.20     -0.307   40.09620  -71.56438 0.0000e+00
     24.310     8.9756    32.8261  1025.5316     2.7369     7.2876    111.882    0.00863    6.51372    6.51787      8.120     0.3645   11.75305   3.506032 1.9184e+01    25.4203    25.4199 1.0000e-12     24.500          1      14744    1483.84 1.9743e+00  51585.164    614.305 1622010499      -0.09     -0.407   40.09620  -71.56428 0.0000e+00
     23.815     9.0749    32.8198  1025.5088     2.7528     7.3486    112.966    0.01239    6.50510    6.50913      8.124     0.3595   11.73882   3.514951 5.0640e-11    25.3998    25.3995 1.0000e-12     24.000          1      14776    1484.19 1.9747e+00  51555.068    615.607 1622010500       0.01     -0.406   40.09620  -71.56426 0.0000e+00
     23.320     9.1884    32.8182  1025.4874     2.7671     7.3875    113.665    0.01251    6.49934    6.50328      8.129     0.3417   11.72928   3.524542 5.0640e-11    25.3808    25.3804 1.0000e-12     23.500          1      14803    1484.60 1.9747e+00  51528.654    616.768 1622010501      -0.03     -0.417   40.09620  -71.56426 0.0000e+00
     22.820     9.2534    32.8160  1025.4731     2.7792     7.4017    114.179    0.01208    6.48258    6.48629      8.129     0.3372   11.70160   3.530256 5.0640e-11    25.3688    25.3684 1.0000e-12     23.000          1      14828    1484.83 1.9747e+00  51512.050    617.801 1622010502      -0.05     -0.464   40.09620  -71.56426 0.0000e+00
     22.327     9.2945    32.8150  1025.4635     2.7923     7.3668    114.606    0.01100    6.42801    6.43095      8.133     0.3087   11.61153   3.533599 5.0640e-11    25.3615    25.3611 1.0000e-12     22.500          1      14857    1484.97 1.9747e+00  51501.794    618.990 1622010503       0.06     -0.449   40.09620  -71.56426 0.0000e+00
     21.832     9.3517    32.8142  1025.4514     2.8144     7.3682    115.895    0.01524    6.35762    6.35960      8.135     0.2865   11.49516   3.539052 5.0640e-11    25.3516    25.3513 1.0000e-12     22.000          1      14884    1485.17 1.9747e+00  51488.677    620.106 1622010505      -0.05     -0.416   40.09620  -71.56426 0.0000e+00
     21.334     9.4844    32.8101  1025.4247     2.8428     7.4696    118.112    0.02619    6.32418    6.32572      8.136     0.3190   11.43981   3.551391 5.0640e-11    25.3272    25.3268 1.0000e-12     21.500          1      14906    1485.64 1.9747e+00  51456.092    621.041 1622010505      -0.08     -0.497   40.09620  -71.56424 0.0000e+00
     20.834     9.8758    32.7920  1025.3439     2.8596     7.4835    118.667    0.02346    6.30628    6.30758      8.133     0.2447   11.41017   3.587788 5.0640e-11    25.2489    25.2485 1.0000e-12     21.000          1      14930    1487.04 1.9747e+00  51354.131    622.049 1622010506       0.03     -0.524   40.09620  -71.56424 0.0000e+00
     20.344    10.4702    32.7839  1025.2353     2.8586     7.3574    116.866    0.00243    6.29563    6.29679      8.132     0.2428   11.39247   3.639094 9.4698e+04    25.1428    25.1424 1.0000e-12     20.500          1      14967    1489.16 1.0467e-01  51231.207    623.577 1622010508       0.13     -0.350   40.09620  -71.56424 0.0000e+00
     19.844    10.7070    32.7825  1025.1910     2.8446     7.2414    115.166   -0.00967    6.28784    6.28891      8.132     0.2229   11.37954   3.659341 9.9699e+04    25.1009    25.1005 1.0000e-12     20.000          1      14998    1489.99 5.9300e-03  51187.614    624.875 1622010509      -0.10     -0.357   40.09620  -71.56424 0.0000e+00
     19.352    10.7842    32.7886  1025.1800     2.8341     7.1881    114.733   -0.00806    6.26508    6.26584      8.131     0.2097   11.34192   3.666367 9.9999e+04    25.0922    25.0918 1.0000e-12     19.500          1      15034    1490.27 0.0000e+00  51182.360    626.371 1622010511       0.09     -0.359   40.09620  -71.56424 0.0000e+00
     18.859    10.8455    32.7896  1025.1678     2.8339     7.1801    115.165   -0.00191    6.23464    6.23501      8.131     0.2026   11.29152   3.671494 9.9999e+04    25.0822    25.0818 1.0000e-12     19.000          1      15062    1490.48 0.0000e+00  51172.930    627.561 1622010512      -0.17     -0.340   40.09620  -71.56424 0.0000e+00
     18.354    10.8711    32.7926  1025.1633     2.8351     7.1703    115.407    0.00088    6.21304    6.21314      8.130     0.1998   11.25570   3.674340 9.9999e+04    25.0801    25.0797 1.0000e-12     18.500          1      15080    1490.56 0.0000e+00  51172.837    628.309 1622010513      -0.25     -0.527   40.09620  -71.56424 0.0000e+00
     17.859    10.9889    32.7897  1025.1380     2.8363     7.1616    115.491    0.00153    6.20098    6.20093      8.129     0.1950   11.23570   3.685215 9.9999e+04    25.0570    25.0566 1.0000e-12     18.000          1      15101    1490.96 0.0000e+00  51147.698    629.183 1622010514       0.02     -0.626   40.09620  -71.56424 0.0000e+00
     17.364    11.1902    32.7821  1025.0940     2.8320     7.1185    115.049   -0.00115    6.18737    6.18716      8.128     0.2328   11.21291   3.703046 7.0628e+04    25.0153    25.0149 1.0000e-12     17.500          1      15127    1491.66 5.8000e-01  51103.599    630.241 1622010515       0.11     -0.517   40.09620  -71.56422 0.0000e+00
     16.867    11.4490    32.7934  1025.0538     2.8227     7.0180    114.216   -0.00497    6.14442    6.14369      8.125     0.1904   11.14147   3.727256 5.0970e+04    24.9774    24.9771 1.0000e-12     17.000          1      15166    1492.56 9.6819e-01  51077.211    631.870 1622010516       0.13     -0.347   40.09620  -71.56422 0.0000e+00
     16.378    11.7775    32.8283  1025.0185     2.8060     6.9219    113.162   -0.00744    6.11684    6.11578      8.122     0.2003   11.09551   3.761695 -2.994e+03    24.9445    24.9442 1.0000e-12     16.500          1      15220    1493.74 2.0338e+00  51074.012    634.140 1622010519      -0.16     -0.158   40.09620  -71.56422 0.0000e+00
     15.873    12.0059    32.8463  1024.9876     2.7906     6.8491    112.006   -0.01259    6.11493    6.11385      8.123     0.1816   11.09231   3.783646 1.3308e+04    24.9160    24.9156 1.0000e-12     16.000          1      15246    1494.54 1.7119e+00  51064.151    635.222 1622010520      -0.11     -0.402   40.09620  -71.56422 0.0000e+00
     15.381    12.1281    32.8611  1024.9739     2.7741     6.8086    111.398   -0.00995    6.11202    6.11092      8.123     0.1825   11.08740   3.794872 6.9726e+04    24.9046    24.9042 1.0000e-12     15.500          1      15289    1494.97 5.9781e-01  51066.198    636.991 1622010521       0.10     -0.291   40.09620  -71.56420 0.0000e+00
     14.885    12.1472    32.8716  1024.9763     2.7653     6.8192    111.546   -0.00225    6.11335    6.11226      8.133     0.1861   11.08955   3.796474 -5.845e+03    24.9092    24.9088 1.0000e-12     15.000          1      15910    1495.03 2.0901e+00  51077.737    662.895 1622010547      -0.14     -0.234   40.09618  -71.56414 0.0000e+00
     14.390    12.1502    32.8821  1024.9815     2.7633     6.8208    111.593   -0.00004    6.11218    6.11108      8.143     0.1773   11.08753   3.796525 5.0640e-11    24.9166    24.9163 1.0000e-12     14.500          1      16778    1495.05 1.9747e+00  51091.594    699.043 1622010583      -0.24     -0.388   40.09616  -71.56405 0.0000e+00
     13.888    12.1519    32.8825  1024.9793     2.7629     6.8200    111.589    0.00021    6.11171    6.11060      8.143     0.1881   11.08675   3.796639 5.0640e-11    24.9166    24.9163 1.0000e-12     14.000          1      16798    1495.05 1.9747e+00  51091.669    699.870 1622010584      -0.06     -0.525   40.09616  -71.56404 0.0000e+00
     13.398    12.1611    32.8838  1024.9763     2.7623     6.7949    111.460   -0.00069    6.09629    6.09501      8.143     0.1901   11.06104   3.797673 5.0640e-11    24.9160    24.9156 1.0000e-12     13.500          1      16825    1495.07 1.9747e+00  51091.890    701.006 1622010585       0.09     -0.476   40.09616  -71.56404 0.0000e+00
     12.900    12.1592    32.8839  1024.9745     2.7652     6.7968    111.717    0.00111    6.08393    6.08250      8.143 -9.990e-29   11.04041   3.797348 5.0640e-11    24.9163    24.9160 1.0000e-12     13.000          1      16850    1495.06 1.9747e+00  51091.887    702.037 1622010586      -0.05     -0.452   40.09616  -71.56404 0.0000e+00
     12.400    12.1778    32.8867  1024.9709     2.7662     6.7831    111.820    0.00227    6.06609    6.06446      8.141 -9.990e-29   11.01066   3.800058 5.0640e-11    24.9150    24.9147 1.0000e-12     12.500          1      16875    1495.12 1.9747e+00  51092.870    703.083 1622010587       0.01     -0.494   40.09616  -71.56404 0.0000e+00
     11.909    12.3540    32.9082  1024.9519     2.7633     6.6953    111.300   -0.00161    6.01555    6.01334      8.138     0.1900   10.92641   3.818932 5.0640e-11    24.8983    24.8980 1.0000e-12     12.000          1      16915    1495.73 1.9747e+00  51096.857    704.752 1622010589       0.13     -0.319   40.09614  -71.56404 0.0000e+00
     11.417    12.5170    32.9282  1024.9339     2.7620     6.6241    111.139   -0.00177    5.96023    5.95737      8.136     0.2170   10.83439   3.836510 5.0640e-11    24.8825    24.8822 1.0000e-12     11.500          1      16949    1496.30 1.9747e+00  51100.980    706.148 1622010591      -0.18     -0.300   40.09614  -71.56402 0.0000e+00
     10.914    12.6250    32.9548  1024.9314     2.7604     6.6152    111.162   -0.00007    5.95095    5.94798      8.136     0.2162   10.81913   3.850484 5.0640e-11    24.8823    24.8820 1.0000e-12     11.000          1      16968    1496.69 1.9747e+00  51123.754    706.945 1622010591      -0.23     -0.494   40.09614  -71.56402 0.0000e+00
     10.414    13.0024    32.9789  1024.8738     2.7436     6.5181    109.652   -0.00937    5.94426    5.94117      8.135     0.2006   10.80878   3.888695 3.2553e+04    24.8270    24.8268 1.0000e-12     10.500          1      16993    1497.98 1.3319e+00  51104.204    708.008 1622010592       0.09     -0.541   40.09614  -71.56402 0.0000e+00
      9.934    13.4249    32.9878  1024.7946     2.7159     6.3931    107.682   -0.01776    5.93704    5.93378      8.130     0.1749   10.79814   3.927416 1.0067e+05    24.7501    24.7498 1.0000e-12     10.000          1      17035    1499.39 -1.332e-02  51060.913    709.729 1622010594       0.07     -0.226   40.09614  -71.56402 0.0000e+00
      9.425    13.4469    32.9860  1024.7864     2.7077     6.3903    107.610   -0.01310    5.93833    5.93509      8.126     0.1663   10.80017   3.928487 1.1493e+03    24.7442    24.7439 1.0000e-12      9.500          1      17054    1499.45 1.9520e+00  51056.140    710.529 1622010595      -0.31     -0.410   40.09614  -71.56402 0.0000e+00
      8.927    13.5388    32.8652  1024.6722     2.6968     6.3701    107.265   -0.01038    5.93868    5.93544      8.125     0.1366   10.80090   3.923728 5.0640e-11    24.6322    24.6320 1.0000e-12      9.000          1      17082    1499.60 1.9747e+00  50875.807    711.707 1622010596       0.09     -0.483   40.09614  -71.56402 0.0000e+00
      8.444    13.5776    32.8104  1024.6198     2.6882     6.3658    107.216   -0.00496    5.93734    5.93407      8.123     0.1157   10.79895   3.921164 5.0640e-11    24.5820    24.5818 1.0000e-12      8.500          1      17124    1499.66 1.9747e+00  50794.600    713.444 1622010598      -0.05     -0.198   40.09614  -71.56400 0.0000e+00
      7.939    13.5713    32.8097  1024.6183     2.6871     6.3732    107.337   -0.00250    5.93755    5.93428 -9.990e-29     0.0955   10.79942   3.920217 5.0640e-11    24.5828    24.5826 1.0000e-12      8.000          1      17142    1499.63 1.9747e+00  50794.483    714.203 1622010599      -0.36     -0.425   40.09614  -71.56400 0.0000e+00
