CalculateIndicators/WaterTemperature/Data/CTD_NYOS/20210525_C29.cnv
* Sea-Bird SBE 9 Data File:
* FileName = C:\Seabird 9 CTD\Data\2021\202105_offshore\20210525_C29.hex
* Software Version Seasave V 7.23.2
* Temperature SN = 4590
* Conductivity SN = 3228
* Number of Bytes Per Scan = 44
* Number of Voltage Words = 5
* Number of Scans Averaged by the Deck Unit = 1
* NMEA Latitude = 39 27.93 N
* NMEA Longitude = 072 02.03 W
* NMEA UTC (Time) = May 25 2021  02:37:59
* NMEA baud rate = 4800
** Ship: seawolf
** Station: 3.5
** Operator: sjw
# nquan = 31
# nvalues = 1186                        
# units = specified
# name 0 = depSM: Depth [salt water, m]
# name 1 = t090C: Temperature [ITS-90, deg C]
# name 2 = sal00: Salinity, Practical [PSU]
# name 3 = density00: Density [density, kg/m^3]
# name 4 = sbeox0V: Oxygen raw, SBE 43 [V]
# name 5 = sbeox0ML/L: Oxygen, SBE 43 [ml/l]
# name 6 = sbeox0PS: Oxygen, SBE 43 [% saturation]
# name 7 = sbox0dV/dT: Oxygen, SBE 43 [dov/dt]
# name 8 = oxsolML/L: Oxygen Saturation, Garcia & Gordon [ml/l]
# name 9 = oxsatML/L: Oxygen Saturation, Weiss [ml/l]
# name 10 = ph: pH
# name 11 = flECO-AFL: Fluorescence, WET Labs ECO-AFL/FL [mg/m^3]
# name 12 = n2satML/L: Nitrogen Saturation [ml/l]
# name 13 = c0S/m: Conductivity [S/m]
# name 14 = cpar: CPAR/Corrected Irradiance [%]
# name 15 = sigma-é00: Density [sigma-theta, kg/m^3]
# name 16 = sigma-t00: Density [sigma-t, kg/m^3 ]
# name 17 = par: PAR/Irradiance, Biospherical/Licor
# name 18 = prDM: Pressure, Digiquartz [db]
# name 19 = pumps: Pump Status
# name 20 = scan: Scan Count
# name 21 = svCM: Sound Velocity [Chen-Millero, m/s]
# name 22 = spar: SPAR, Biospherical/Licor
# name 23 = specc: Specific Conductance [uS/cm]
# name 24 = timeS: Time, Elapsed [seconds]
# name 25 = timeY: Time, System [seconds]
# name 26 = accM: Acceleration [m/s^2]
# name 27 = dz/dtM: Descent Rate [m/s]
# name 28 = latitude: Latitude [deg]
# name 29 = longitude: Longitude [deg]
# name 30 = flag: flag
# span 0 =      2.459,    301.005       
# span 1 =     9.4412,    15.5305       
# span 2 =    34.5125,    35.8101       
# span 3 =  1025.5331,  1028.6140       
# span 4 =     1.3993,     2.6775       
# span 5 =     2.9341,     6.1231       
# span 6 =     46.538,    107.234       
# span 7 =   -0.04558,    0.04330       
# span 8 =    5.64489,    6.37809       
# span 9 =    5.63946,    6.38269       
# span 10 =      7.847,      8.198      
# span 11 =    -0.1126,     1.3016      
# span 12 =   10.29340,   11.49997      
# span 13 =   3.793756,   4.310116      
# span 14 = 5.0640e-11, 1.2397e+05      
# span 15 =    25.4803,    27.2481      
# span 16 =    25.4799,    27.2424      
# span 17 = -3.474e-05, 2.8836e-04      
# span 18 =      2.500,    303.500      
# span 19 =          1,          1      
# span 20 =         68,      40647      
# span 21 =    1493.11,    1508.21      
# span 22 = -4.734e-01, 1.9747e+00      
# span 23 =  52924.243,  55076.792      
# span 24 =      2.807,   1693.596      
# span 25 = 1621910279, 1621911970      
# span 26 =      -1.70,       1.44      
# span 27 =     -2.048,      1.987      
# span 28 =   39.46554,   39.46696      
# span 29 =  -72.04023,  -72.03383      
# span 30 = 0.0000e+00, 0.0000e+00      
# interval = decibars: 0.5              
# start_time = May 25 2021 02:37:56 [System UTC, first data scan.]
# bad_flag = -9.990e-29
*END*
[from data line 1123]
     33.228    14.2408    34.6661  1026.0272     2.6320     6.1231    106.108    0.01573    5.77068    5.76668      8.169     0.4995   10.50198   4.184943 9.8927e+04    25.8792    25.8782 1.0000e-12     33.500          1      37309    1504.42 2.1167e-02  53290.986   1554.502 1621911831      -0.43     -0.961   39.46690  -72.03968 0.0000e+00
     32.734    14.3730    34.6541  1025.9876     2.6409     6.1210    106.107    0.00946    5.76874    5.76471      8.169     0.4877   10.49879   4.196544 7.5367e+04    25.8419    25.8408 1.0000e-12     33.000          1      37348    1504.82 4.8640e-01  53258.867   1556.130 1621911832      -0.04     -0.647   39.46692  -72.03969 0.0000e+00
     32.253    14.4601    34.6487  1025.9626     2.6529     6.1143    106.066    0.00083    5.76458    5.76050      8.171     0.4674   10.49194   4.203005 1.0108e+05    25.8190    25.8180 1.0000e-12     32.500          1      37470    1505.08 -2.139e-02  53240.499   1561.225 1621911837      -0.14     -0.053   39.46692  -72.03972 0.0000e+00
     31.766    14.4600    34.6496  1025.9611     2.6546     6.1165    106.178    0.00161    5.76062    5.75648      8.171     0.4853   10.48541   4.202871 1.0004e+05    25.8198    25.8188 1.0000e-12     32.000          1      37513    1505.08 -8.284e-04  53241.528   1562.993 1621911839      -0.29     -0.275   39.46692  -72.03972 0.0000e+00
     31.269    14.4595    34.6500  1025.9593     2.6554     6.1153    106.199    0.00141    5.75835    5.75419      8.173     0.4871   10.48169   4.202900 9.9999e+04    25.8202    25.8192 1.0000e-12     31.500          1      37526    1505.07 0.0000e+00  53242.006   1563.559 1621911840      -0.45     -0.497   39.46692  -72.03972 0.0000e+00
     30.767    14.4695    34.6466  1025.9523     2.6560     6.1179    106.235    0.00149    5.75886    5.75470      8.173     0.4742   10.48252   4.203462 9.9999e+04    25.8154    25.8144 1.0000e-12     31.000          1      37537    1505.09 0.0000e+00  53235.721   1564.009 1621911840      -0.50     -0.720   39.46692  -72.03972 0.0000e+00
     30.263    14.4785    34.6463  1025.9479     2.6566     6.1197    106.255    0.00132    5.75949    5.75535      8.173     0.4756   10.48356   4.204341 9.9999e+04    25.8132    25.8123 1.0000e-12     30.500          1      37547    1505.11 0.0000e+00  53233.948   1564.428 1621911840      -0.45     -0.924   39.46692  -72.03972 0.0000e+00
     29.761    14.4869    34.6443  1025.9422     2.6570     6.1223    106.285    0.00141    5.76029    5.75615      8.173     0.5009   10.48487   4.204815 9.9999e+04    25.8098    25.8089 1.0000e-12     30.000          1      37558    1505.12 0.0000e+00  53229.845   1564.857 1621911841      -0.29     -1.080   39.46692  -72.03972 0.0000e+00
     29.257    14.4982    34.6433  1025.9368     2.6569     6.1214    106.258    0.00099    5.76091    5.75678      8.173     0.5071   10.48588   4.205850 9.9999e+04    25.8066    25.8057 1.0000e-12     29.500          1      37570    1505.15 0.0000e+00  53227.014   1565.377 1621911841       0.03     -1.139   39.46692  -72.03972 0.0000e+00
     28.765    14.5181    34.6419  1025.9292     2.6585     6.1195    106.311    0.00088    5.75627    5.75208      8.173     0.4806   10.47820   4.207620 9.9999e+04    25.8013    25.8003 1.0000e-12     29.000          1      37642    1505.20 0.0000e+00  53222.359   1568.369 1621911844       0.07     -0.897   39.46692  -72.03973 0.0000e+00
     28.277    14.5350    34.6418  1025.9234     2.6609     6.1161    106.435    0.00149    5.74635    5.74205      8.172 -9.990e-29   10.46183   4.209214 9.9999e+04    25.7975    25.7967 1.0000e-12     28.500          1      37739    1505.25 0.0000e+00  53220.093   1572.408 1621911848      -0.60     -1.019   39.46692  -72.03974 0.0000e+00
     27.769    14.5569    34.6392  1025.9143     2.6606     6.1123    106.366    0.00066    5.74643    5.74214      8.172 -9.990e-29   10.46197   4.211022 9.9999e+04    25.7908    25.7899 1.0000e-12     28.000          1      37750    1505.31 0.0000e+00  53213.480   1572.862 1621911849      -0.33     -1.204   39.46692  -72.03974 0.0000e+00
     27.272    14.5813    34.6398  1025.9073     2.6599     6.1097    106.276   -0.00030    5.74893    5.74466      8.173 -9.990e-29   10.46609   4.213245 9.9999e+04    25.7860    25.7851 1.0000e-12     27.500          1      37764    1505.38 0.0000e+00  53211.169   1573.446 1621911849       0.21     -1.199   39.46692  -72.03974 0.0000e+00
     26.788    14.6417    34.6371  1025.8900     2.6612     6.1096    106.398    0.00096    5.74228    5.73793      8.176     0.4623   10.45512   4.218927 9.9999e+04    25.7709    25.7700 1.0000e-12     27.000          1      37893    1505.56 0.0000e+00  53200.232   1578.852 1621911855       0.12     -0.706   39.46692  -72.03976 0.0000e+00
     26.291    14.6502    34.6368  1025.8857     2.6610     6.1075    106.397    0.00120    5.74024    5.73586 -9.990e-29     0.4565   10.45173   4.219400 9.9999e+04    25.7688    25.7680 1.0000e-12     26.500          1      37940    1505.58 0.0000e+00  53198.555   1580.798 1621911857       0.02     -0.695   39.46692  -72.03977 0.0000e+00
     25.792    14.7157    34.6300  1025.8641     2.6589     6.0969    106.144   -0.00123    5.74400    5.73967      8.177     0.4432   10.45793   4.225206 9.4181e+04    25.7494    25.7486 1.0000e-12     26.000          1      38064    1505.77 1.1490e-01  53181.331   1585.945 1621911862       0.00     -0.403   39.46693  -72.03980 0.0000e+00
     25.289    14.7191    34.6312  1025.8620     2.6608     6.1087    106.352    0.00047    5.74386    5.73953      8.177     0.4235   10.45768   4.225438 6.5872e+04    25.7496    25.7488 1.0000e-12     25.500          1      38308    1505.78 6.7391e-01  53182.327   1596.131 1621911872       0.12     -0.807   39.46694  -72.03984 0.0000e+00
     24.794    14.7307    34.6325  1025.8583     2.6625     6.0935    106.364    0.00008    5.72893    5.72443      8.182     0.4263   10.43301   4.226729 5.4793e+04    25.7481    25.7473 1.0000e-12     25.000          1      39118    1505.80 8.9269e-01  53182.577   1629.871 1621911906       0.13     -0.991   39.46695  -72.03998 0.0000e+00
     24.301    14.7418    34.6281  1025.8503     2.6654     6.0832    106.516    0.00107    5.71103    5.70632      8.182     0.4194   10.40341   4.227179 6.7422e+04    25.7423    25.7415 1.0000e-12     24.500          1      39305    1505.83 6.4330e-01  53174.948   1637.686 1621911914      -0.28     -1.071   39.46696  -72.04002 0.0000e+00
     23.804    14.7522    34.6268  1025.8448     2.6674     6.0925    106.691    0.00224    5.71043    5.70571      8.185     0.4062   10.40241   4.227973 9.1518e+04    25.7389    25.7382 1.0000e-12     24.000          1      39327    1505.85 1.6748e-01  53171.593   1638.604 1621911915       0.10     -1.108   39.46696  -72.04003 0.0000e+00
     23.313    14.8271    34.6278  1025.8270     2.6687     6.0950    106.754    0.00224    5.70937    5.70464      8.185     0.3942   10.40065   4.236019 7.3083e+04    25.7234    25.7227 1.0000e-12     23.500          1      39363    1506.08 5.3152e-01  53164.229   1640.068 1621911916       0.32     -0.666   39.46696  -72.04004 0.0000e+00
     22.827    14.9428    34.6273  1025.7993     2.6698     6.0614    106.675    0.00142    5.68206    5.67703      8.184     0.3853   10.35529   4.246714 1.0078e+05    25.6979    25.6971 1.0000e-12     23.000          1      39458    1506.44 -1.536e-02  53150.298   1644.061 1621911920      -0.31     -0.225   39.46696  -72.04006 0.0000e+00
     22.335    14.9504    34.6250  1025.7936     2.6750     6.0723    107.102    0.00452    5.66964    5.66447      8.187     0.3435   10.33467   4.247457 9.9999e+04    25.6944    25.6937 1.0000e-12     22.500          1      39479    1506.45 0.0000e+00  53146.110   1644.920 1621911921      -0.16     -0.450   39.46696  -72.04006 0.0000e+00
     21.836    14.9918    34.6266  1025.7836     2.6773     6.0727    107.234    0.00511    5.66303    5.65780      8.188     0.3241   10.32368   4.252029 9.9017e+04    25.6866    25.6858 1.0000e-12     22.000          1      39495    1506.58 1.9383e-02  53142.882   1645.580 1621911922      -0.23     -0.579   39.46696  -72.04006 0.0000e+00
     21.339    15.0544    34.6368  1025.7754     2.6770     6.0612    107.099    0.00345    5.65943    5.65416      8.188     0.3238   10.31769   4.260075 3.5775e+04    25.6807    25.6799 1.0000e-12     21.500          1      39508    1506.78 1.2682e+00  53150.269   1646.133 1621911922      -0.27     -0.720   39.46696  -72.04006 0.0000e+00
     20.845    15.1337    34.6385  1025.7570     2.6775     6.0496    106.990    0.00155    5.65438    5.64904      8.188     0.3248   10.30930   4.267546 5.8426e+04    25.6645    25.6638 1.0000e-12     21.000          1      39520    1507.02 8.2095e-01  53143.170   1646.638 1621911923      -0.23     -0.848   39.46696  -72.04006 0.0000e+00
     20.349    15.2154    34.6376  1025.7361     2.6769     6.0442    106.884    0.00031    5.65487    5.64955      8.188     0.3262   10.31007   4.276938 7.5077e+04    25.6458    25.6451 1.0000e-12     20.500          1      39531    1507.27 4.9214e-01  53133.973   1647.090 1621911923      -0.20     -0.943   39.46696  -72.04006 0.0000e+00
     19.848    15.3227    34.6306  1025.7047     2.6758     6.0359    106.789   -0.00036    5.65219    5.64684      8.188     0.3237   10.30566   4.285566 5.3005e+04    25.6166    25.6159 1.0000e-12     20.000          1      39541    1507.59 9.2798e-01  53109.141   1647.499 1621911924      -0.22     -1.027   39.46696  -72.04006 0.0000e+00
     19.348    15.2939    34.6382  1025.7147     2.6749     6.0318    106.709   -0.00097    5.65255    5.64720      8.188     0.3237   10.30625   4.282637 9.3815e+04    25.6289    25.6282 1.0000e-12     19.500          1      39551    1507.50 1.2212e-01  53126.771   1647.897 1621911924      -0.22     -1.116   39.46696  -72.04006 0.0000e+00
     18.839    15.3540    34.6448  1025.7040     2.6740     6.0267    106.607   -0.00192    5.65316    5.64782      8.188     0.3249   10.30726   4.290193 6.3212e+04    25.6205    25.6199 1.0000e-12     19.000          1      39561    1507.69 7.2643e-01  53127.549   1648.322 1621911924      -0.13     -1.193   39.46696  -72.04006 0.0000e+00
     18.340    15.3994    34.6443  1025.6914     2.6726     6.0228    106.544   -0.00170    5.65291    5.64756      8.189     0.3338   10.30681   4.293987 6.5511e+04    25.6101    25.6094 1.0000e-12     18.500          1      39592    1507.82 6.8104e-01  53121.199   1649.616 1621911926       0.16     -1.064   39.46696  -72.04008 0.0000e+00
     17.875    15.4608    34.6497  1025.6798     2.6705     6.0173    106.566    0.00126    5.64655    5.64113      8.191     0.2998   10.29621   4.299811 6.8437e+04    25.6005    25.5999 1.0000e-12     18.000          1      39703    1508.01 6.2327e-01  53122.237   1654.232 1621911930      -0.46     -0.660   39.46694  -72.04010 0.0000e+00
     17.376    15.4657    34.6510  1025.6774     2.6701     6.0141    106.526    0.00092    5.64566    5.64024      8.192     0.2982   10.29472   4.300668 8.3075e+04    25.6004    25.5998 1.0000e-12     17.500          1      39710    1508.02 3.3421e-01  53123.381   1654.525 1621911931      -0.51     -0.859   39.46694  -72.04010 0.0000e+00
     16.874    15.4725    34.6503  1025.6731     2.6690     6.0084    106.432    0.00032    5.64536    5.63994      8.192     0.3022   10.29422   4.300789 5.9932e+04    25.5983    25.5977 1.0000e-12     17.000          1      39718    1508.03 7.9121e-01  53121.059   1654.868 1621911931      -0.53     -1.037   39.46696  -72.04010 0.0000e+00
     16.373    15.4746    34.6508  1025.6708     2.6690     6.0047    106.366   -0.00072    5.64528    5.63986      8.191     0.3122   10.29408   4.301526 6.0825e+04    25.5982    25.5977 1.0000e-12     16.500          1      39726    1508.03 7.7358e-01  53121.576   1655.194 1621911931      -0.50     -1.205   39.46696  -72.04010 0.0000e+00
     15.874    15.4908    34.6522  1025.6660     2.6687     6.0022    106.322   -0.00120    5.64530    5.63987      8.192     0.3103   10.29411   4.303033 5.7935e+04    25.5956    25.5951 1.0000e-12     16.000          1      39733    1508.08 8.3065e-01  53121.519   1655.520 1621911932      -0.39     -1.349   39.46696  -72.04010 0.0000e+00
     15.373    15.4928    34.6509  1025.6623     2.6678     5.9991    106.269   -0.00143    5.64526    5.63983      8.192     0.3154   10.29405   4.303090 9.1040e+04    25.5942    25.5937 1.0000e-12     15.500          1      39742    1508.07 1.7692e-01  53118.898   1655.861 1621911932      -0.23     -1.453   39.46696  -72.04010 0.0000e+00
     14.868    15.5052    34.6553  1025.6607     2.6668     5.9957    106.210   -0.00165    5.64514    5.63971      8.192     0.3247   10.29385   4.304644 4.3794e+04    25.5948    25.5943 1.0000e-12     15.000          1      39751    1508.11 1.1099e+00  53123.729   1656.246 1621911932       0.01     -1.490   39.46696  -72.04010 0.0000e+00
     14.367    15.5094    34.6552  1025.6574     2.6653     5.9899    106.109   -0.00211    5.64508    5.63965      8.192     0.3257   10.29375   4.305011 8.0269e+04    25.5938    25.5932 1.0000e-12     14.500          1      39765    1508.11 3.8962e-01  53122.679   1656.815 1621911933       0.40     -1.341   39.46696  -72.04010 0.0000e+00
     13.904    15.5274    34.6589  1025.6542     2.6661     5.9967    106.220   -0.00008    5.64552    5.64009      8.192     0.3249   10.29445   4.306840 5.8730e+04    25.5926    25.5921 1.0000e-12     14.000          1      39901    1508.17 8.1496e-01  53125.788   1662.495 1621911939      -0.62     -0.728   39.46696  -72.04012 0.0000e+00
     13.408    15.5276    34.6587  1025.6517     2.6656     5.9939    106.170   -0.00049    5.64560    5.64018 -9.990e-29     0.3262   10.29459   4.306694 8.4842e+04    25.5923    25.5918 1.0000e-12     13.500          1      39910    1508.16 2.9931e-01  53125.051   1662.874 1621911939      -0.76     -0.981   39.46696  -72.04012 0.0000e+00
     12.901    15.5257    34.6591  1025.6503     2.6656     5.9926    106.155   -0.00071    5.64515    5.63973 -9.990e-29     0.3410   10.29386   4.306541 7.8369e+04    25.5931    25.5926 1.0000e-12     13.000          1      39916    1508.14 4.2713e-01  53125.643   1663.136 1621911939      -0.74     -1.201   39.46696  -72.04012 0.0000e+00
     12.399    15.5259    34.6594  1025.6482     2.6661     5.9942    106.184   -0.00063    5.64508    5.63965      8.192     0.3417   10.29373   4.306548 5.1321e+04    25.5932    25.5928 1.0000e-12     12.500          1      39923    1508.14 9.6124e-01  53125.692   1663.423 1621911939      -0.64     -1.399   39.46696  -72.04012 0.0000e+00
     11.892    15.5248    34.6595  1025.6462     2.6660     5.9952    106.199   -0.00037    5.64526    5.63983      8.192     0.3395   10.29404   4.306397 9.7964e+04    25.5935    25.5931 1.0000e-12     12.000          1      39930    1508.12 4.0184e-02  53125.598   1663.727 1621911940      -0.43     -1.558   39.46695  -72.04012 0.0000e+00
     11.386    15.5239    34.6599  1025.6444     2.6656     5.9950    106.190   -0.00014    5.64556    5.64013      8.192     0.3329   10.29452   4.306391 7.2570e+04    25.5940    25.5936 1.0000e-12     11.500          1      39939    1508.11 5.4165e-01  53125.998   1664.087 1621911940      -0.09     -1.644   39.46694  -72.04012 0.0000e+00
     10.897    15.5246    34.6598  1025.6421     2.6660     5.9969    106.226    0.00016    5.64542    5.63999      8.192     0.3292   10.29429   4.306361 8.9103e+04    25.5938    25.5934 1.0000e-12     11.000          1      39969    1508.11 2.1517e-01  53125.639   1665.321 1621911941       0.25     -1.091   39.46695  -72.04014 0.0000e+00
