CalculateIndicators/WaterTemperature/Data/CTD_NYOS/20210524_C21.cnv
* Sea-Bird SBE 9 Data File:
* FileName = C:\Seabird 9 CTD\Data\2021\202105_offshore\20210524_C21.hex
* Software Version Seasave V 7.23.2
* Temperature SN = 4590
* Conductivity SN = 3228
* Number of Bytes Per Scan = 44
* Number of Voltage Words = 5
* Number of Scans Averaged by the Deck Unit = 1
* NMEA Latitude = 39 48.38 N
* NMEA Longitude = 072 29.58 W
* NMEA UTC (Time) = May 24 2021  01:42:59
* NMEA baud rate = 4800
** Ship: seawolf
** Station: 4.4
** Operator: TDK
# nquan = 31
# nvalues = 261                         
# units = specified
# name 0 = depSM: Depth [salt water, m]
# name 1 = t090C: Temperature [ITS-90, deg C]
# name 2 = sal00: Salinity, Practical [PSU]
# name 3 = density00: Density [density, kg/m^3]
# name 4 = sbeox0V: Oxygen raw, SBE 43 [V]
# name 5 = sbeox0ML/L: Oxygen, SBE 43 [ml/l]
# name 6 = sbeox0PS: Oxygen, SBE 43 [% saturation]
# name 7 = sbox0dV/dT: Oxygen, SBE 43 [dov/dt]
# name 8 = oxsolML/L: Oxygen Saturation, Garcia & Gordon [ml/l]
# name 9 = oxsatML/L: Oxygen Saturation, Weiss [ml/l]
# name 10 = ph: pH
# name 11 = flECO-AFL: Fluorescence, WET Labs ECO-AFL/FL [mg/m^3]
# name 12 = n2satML/L: Nitrogen Saturation [ml/l]
# name 13 = c0S/m: Conductivity [S/m]
# name 14 = cpar: CPAR/Corrected Irradiance [%]
# name 15 = sigma-é00: Density [sigma-theta, kg/m^3]
# name 16 = sigma-t00: Density [sigma-t, kg/m^3 ]
# name 17 = par: PAR/Irradiance, Biospherical/Licor
# name 18 = prDM: Pressure, Digiquartz [db]
# name 19 = pumps: Pump Status
# name 20 = scan: Scan Count
# name 21 = svCM: Sound Velocity [Chen-Millero, m/s]
# name 22 = spar: SPAR, Biospherical/Licor
# name 23 = specc: Specific Conductance [uS/cm]
# name 24 = timeS: Time, Elapsed [seconds]
# name 25 = timeY: Time, System [seconds]
# name 26 = accM: Acceleration [m/s^2]
# name 27 = dz/dtM: Descent Rate [m/s]
# name 28 = latitude: Latitude [deg]
# name 29 = longitude: Longitude [deg]
# name 30 = flag: flag
# span 0 =      1.979,     66.486       
# span 1 =     7.9998,    15.5735       
# span 2 =    32.0796,    34.0502       
# span 3 =  1023.6116,  1026.5272       
# span 4 =     1.9335,     2.7233       
# span 5 =     4.6806,     6.7221       
# span 6 =     71.912,    110.532       
# span 7 =   -0.06355,    0.07885       
# span 8 =    5.71685,    6.67905       
# span 9 =    5.71097,    6.68592       
# span 10 =      7.863,      8.086      
# span 11 =     0.0537,     0.6129      
# span 12 =   10.43656,   12.02259      
# span 13 =   3.449147,   4.064539      
# span 14 = -1.055e+04, 1.0222e+05      
# span 15 =    23.6027,    26.2235      
# span 16 =    23.6027,    26.2224      
# span 17 = 1.0000e-12, 4.9581e-03      
# span 18 =      2.000,     67.000      
# span 19 =          1,          1      
# span 20 =        255,      13334      
# span 21 =    1481.05,    1505.60      
# span 22 = -4.390e-02, 2.1830e+00      
# span 23 =  49562.357,  53058.990      
# span 24 =     10.582,    555.544      
# span 25 = 1621820587, 1621821132      
# span 26 =      -0.43,       0.35      
# span 27 =     -0.808,      0.754      
# span 28 =   39.80382,   39.80640      
# span 29 =  -72.49308,  -72.49021      
# span 30 = 0.0000e+00, 0.0000e+00      
# interval = decibars: 0.5              
# start_time = May 24 2021 01:42:57 [System UTC, first data scan.]
# bad_flag = -9.990e-29
*END*
      1.979    15.5473    32.0796  1023.6116     2.7233     6.3202    110.532    0.02544    5.71802    5.71214      8.017     0.1205   10.43879   4.021529 9.9999e+04    23.6027    23.6027 1.0000e-12      2.000          1        255    1505.04 0.0000e+00  49562.357     10.582 1621820587       0.23     -0.286   39.80640  -72.49308 0.0000e+00
      2.480    15.5504    32.3634  1023.8314     2.5880     5.6499     98.826   -0.05418    5.71701    5.71113      8.017     0.1282   10.43690   4.052681 9.9999e+04    23.8204    23.8203 1.0000e-12      2.500          1        298    1505.39 0.0000e+00  49956.661     12.382 1621820589       0.21      0.203   39.80640  -72.49308 0.0000e+00
      2.973    15.5653    32.4322  1023.8833     2.5158     5.4148     94.716   -0.06355    5.71685    5.71097      8.017     0.1317   10.43660   4.061283 -9.990e-29    23.8700    23.8699 1.0000e-12      3.000          1        332    1505.52 -9.990e-29  50050.147     13.783 1621820591       0.03      0.346   39.80638  -72.49306 0.0000e+00
      3.472    15.5714    32.4477  1023.8961     2.4778     5.4118     94.664   -0.03578    5.71686    5.71098      8.017     0.1367   10.43656   4.063438 -9.990e-29    23.8807    23.8806 1.0000e-12      3.500          1        357    1505.57 -9.990e-29  50071.602     14.828 1621820592       0.11      0.430   39.80638  -72.49305 0.0000e+00
      3.970    15.5735    32.4499  1023.8995     2.4345     5.2803     92.247   -0.04072    5.72413    5.71837      8.018     0.1468   10.44784   4.063846 -9.990e-29    23.8819    23.8817 1.0000e-12      4.000          1        382    1505.58 -9.990e-29  50074.534     15.854 1621820593       0.01      0.487   39.80638  -72.49304 0.0000e+00
      4.465    15.5726    32.4530  1023.9044     2.4014     5.2204     90.859   -0.03742    5.74566    5.74023      8.020     0.1346   10.48132   4.064114 -9.990e-29    23.8845    23.8844 1.0000e-12      4.500          1        407    1505.59 -9.990e-29  50079.228     16.897 1621820594      -0.01      0.481   39.80637  -72.49304 0.0000e+00
      4.963    15.5713    32.4576  1023.9105     2.3737     5.1964     90.125   -0.02831    5.76583    5.76068      8.024     0.1225   10.51374   4.064539 -9.990e-29    23.8884    23.8882 1.0000e-12      5.000          1        431    1505.60 -9.990e-29  50086.083     17.916 1621820595       0.01      0.488   39.80636  -72.49304 0.0000e+00
      5.459    15.3861    32.6123  1024.0723     2.3589     5.2209     90.159   -0.01736    5.79070    5.78581      8.026     0.1157   10.55522   4.064142 -9.990e-29    24.0480    24.0479 1.0000e-12      5.500          1        464    1505.21 -9.990e-29  50318.094     19.274 1621820596      -0.11      0.410   39.80636  -72.49302 0.0000e+00
      5.947    15.0413    32.8595  1024.3400     2.3660     5.3616     92.298    0.00887    5.80899    5.80432      8.030     0.0854   10.58522   4.057895 9.9999e+04    24.3135    24.3133 1.0000e-12      6.000          1        498    1504.41 0.0000e+00  50695.831     20.717 1621820598       0.07      0.298   39.80635  -72.49302 0.0000e+00
      6.451    14.9456    32.7924  1024.3111     2.3557     5.2938     91.008   -0.00293    5.81684    5.81225      8.030     0.1021   10.59816   4.041085 9.9999e+04    24.2824    24.2822 1.0000e-12      6.500          1        518    1504.04 0.0000e+00  50611.613     21.521 1621820598       0.26      0.465   39.80634  -72.49302 0.0000e+00
      6.951    14.8017    32.8206  1024.3660     2.3440     5.2411     89.842   -0.01208    5.83375    5.82942      8.031     0.1021   10.62495   4.031232 4.1932e+04    24.3350    24.3348 1.0000e-12      7.000          1        537    1503.62 1.1467e+00  50666.930     22.340 1621820599       0.07      0.611   39.80634  -72.49300 0.0000e+00
      7.444    14.6773    32.8492  1024.4168     2.3296     5.2228     89.041   -0.01411    5.86572    5.86192      8.035     0.1096   10.67523   4.022892 9.0462e+02    24.3836    24.3834 1.0000e-12      7.500          1        562    1503.26 1.9568e+00  50720.433     23.373 1621820600      -0.12      0.548   39.80634  -72.49300 0.0000e+00
      7.936    14.5751    32.8594  1024.4487     2.3143     5.2068     88.372   -0.01344    5.89191    5.88853      8.038     0.1060   10.71656   4.014742 5.0640e-11    24.4133    24.4130 1.0000e-12      8.000          1        589    1502.96 1.9747e+00  50745.501     24.520 1621820601      -0.04      0.439   39.80634  -72.49298 0.0000e+00
      8.437    14.3402    33.0117  1024.6179     2.2946     5.1531     87.261   -0.01575    5.90544    5.90223      8.042     0.1041   10.73869   4.009107 5.0640e-11    24.5802    24.5799 1.0000e-12      8.500          1        614    1502.38 1.9747e+00  50982.962     25.530 1621820602       0.06      0.470   39.80632  -72.49298 0.0000e+00
      8.933    13.9148    33.3197  1024.9466     2.2537     5.0231     84.487   -0.02701    5.94566    5.94302      8.046     0.0951   10.80377   4.002105 5.0640e-11    24.9066    24.9064 1.0000e-12      9.000          1        647    1501.37 1.9747e+00  51460.258     26.925 1621820604      -0.12      0.403   39.80632  -72.49297 0.0000e+00
      9.425    13.6378    33.4456  1025.1030     2.2197     5.0782     83.328   -0.02166    6.09402    6.09352      8.061     0.0819   11.04511   3.989313 5.0640e-11    25.0608    25.0606 1.0000e-12      9.500          1        688    1500.62 1.9747e+00  51668.535     28.641 1621820606       0.05      0.265   39.80631  -72.49296 0.0000e+00
      9.919    13.3632    33.5371  1025.2318     2.2312     5.2911     85.590   -0.00057    6.18182    6.18191      8.073     0.1178   11.19823   3.972530 8.2364e+03    25.1873    25.1871 1.0000e-12     10.000          1        717    1499.83 1.8121e+00  51831.405     29.827 1621820607       0.10      0.388   39.80630  -72.49296 0.0000e+00
     10.415    12.9350    33.7253  1025.4652     2.2866     5.6367     90.821    0.03076    6.20618    6.20645      8.074     0.1120   11.24054   3.950485 1.0073e+05    25.4185    25.4182 1.0000e-12     10.500          1        737    1498.64 -1.444e-02  52145.057     30.674 1621820608       0.15      0.476   39.80630  -72.49296 0.0000e+00
     10.919    12.1590    34.0502  1025.8702     2.3516     6.0496     97.147    0.06955    6.22711    6.22761      8.076     0.1089   11.27592   3.906019 9.9999e+04    25.8210    25.8207 1.0000e-12     11.000          1        754    1496.41 0.0000e+00  52719.156     31.376 1621820608       0.19      0.616   39.80630  -72.49296 0.0000e+00
     11.417    11.6390    33.6466  1025.6571     2.4053     6.2647    100.529    0.07885    6.23178    6.23225      8.079     0.1125   11.28481   3.814322 5.2686e+04    25.6056    25.6053 1.0000e-12     11.500          1        774    1494.15 9.3430e-01  52235.052     32.224 1621820609      -0.06      0.665   39.80628  -72.49294 0.0000e+00
     11.911    11.4155    33.1711  1025.3309     2.4663     6.3622    101.854    0.05736    6.24643    6.24709      8.080     0.1276   11.30915   3.750361 1.6225e+03    25.2771    25.2768 1.0000e-12     12.000          1        803    1492.82 1.9427e+00  51607.121     33.400 1621820610      -0.15      0.488   39.80628  -72.49294 0.0000e+00
     12.402    11.2032    32.9808  1025.2236     2.5335     6.5054    103.879    0.04090    6.26248    6.26332      8.080     0.1367   11.33604   3.714078 5.0640e-11    25.1675    25.1672 1.0000e-12     12.500          1        843    1491.86 1.9747e+00  51376.866     35.100 1621820612      -0.09      0.300   39.80628  -72.49292 0.0000e+00
     12.900    11.1029    32.9440  1025.2152     2.5693     6.5793    104.420    0.02459    6.30074    6.30208      8.083     0.1313   11.39953   3.702645 5.0640e-11    25.1568    25.1565 1.0000e-12     13.000          1        879    1491.47 1.9747e+00  51341.958     36.603 1621820614       0.12      0.310   39.80626  -72.49291 0.0000e+00
     13.389    11.0473    32.9284  1025.2152     2.5881     6.6374    105.023    0.02009    6.31992    6.32150      8.085     0.1347   11.43148   3.696109 5.0640e-11    25.1545    25.1542 1.0000e-12     13.500          1        907    1491.26 1.9747e+00  51329.640     37.736 1621820615       0.05      0.411   39.80626  -72.49290 0.0000e+00
     13.889    10.9560    32.9106  1025.2198     2.5949     6.6298    104.793    0.01306    6.32662    6.32827      8.086     0.1243   11.44271   3.685791 5.0640e-11    25.1569    25.1566 1.0000e-12     14.000          1        925    1490.93 1.9747e+00  51320.682     38.509 1621820615       0.19      0.505   39.80626  -72.49290 0.0000e+00
     14.391    10.7954    32.9197  1025.2574     2.5994     6.6263    104.699    0.00920    6.32885    6.33053      8.086     0.1122   11.44647   3.671648 5.0640e-11    25.1921    25.1918 1.0000e-12     14.500          1        941    1490.38 1.9747e+00  51361.383     39.147 1621820616       0.23      0.649   39.80626  -72.49288 0.0000e+00
     14.893    10.6845    32.9023  1025.2656     2.6046     6.6382    104.822    0.00743    6.33288    6.33461      8.086     0.1480   11.45318   3.660902 5.0640e-11    25.1980    25.1977 1.0000e-12     15.000          1        959    1489.97 1.9747e+00  51356.282     39.912 1621820617      -0.02      0.731   39.80626  -72.49288 0.0000e+00
     15.380    10.5513    32.8834  1025.2762     2.6115     6.6557    105.004    0.00535    6.33849    6.34029      8.085     0.1513   11.46257   3.647760 5.0640e-11    25.2063    25.2060 1.0000e-12     15.500          1        993    1489.49 1.9747e+00  51354.011     41.347 1621820618      -0.24      0.425   39.80624  -72.49288 0.0000e+00
     15.877    10.5027    32.8715  1025.2775     2.6166     6.6743    105.145    0.00373    6.34771    6.34963      8.084     0.1398   11.47787   3.642876 5.0640e-11    25.2054    25.2051 1.0000e-12     16.000          1       1028    1489.31 1.9747e+00  51346.080     42.787 1621820620       0.11      0.316   39.80624  -72.49288 0.0000e+00
     16.374    10.4646    32.8637  1025.2803     2.6192     6.6864    105.207    0.00266    6.35550    6.35752 -9.990e-29     0.1533   11.49077   3.639237 5.0640e-11    25.2059    25.2056 1.0000e-12     16.500          1       1058    1489.17 1.9747e+00  51342.190     44.040 1621820621      -0.01      0.410   39.80623  -72.49287 0.0000e+00
     16.865    10.4295    32.8588  1025.2847     2.6184     6.6775    104.970    0.00011    6.36135    6.36344 -9.990e-29     0.1850   11.50048   3.635671 5.0640e-11    25.2081    25.2077 1.0000e-12     17.000          1       1088    1489.05 1.9747e+00  51341.933     45.295 1621820622       0.03      0.373   39.80622  -72.49286 0.0000e+00
     17.367    10.3662    32.8585  1025.2977     2.6178     6.6738    104.856   -0.00104    6.36471    6.36685 -9.990e-29     0.1517   11.50609   3.630140 5.0640e-11    25.2187    25.2184 1.0000e-12     17.500          1       1109    1488.83 1.9747e+00  51353.409     46.177 1621820623       0.16      0.477   39.80622  -72.49284 0.0000e+00
     17.865    10.3321    32.8577  1025.3051     2.6184     6.6850    104.976   -0.00004    6.36810    6.37028      8.083     0.1810   11.51170   3.627315 5.0640e-11    25.2239    25.2235 1.0000e-12     18.000          1       1133    1488.71 1.9747e+00  51358.719     47.167 1621820624      -0.03      0.546   39.80622  -72.49284 0.0000e+00
     18.358    10.2867    32.8543  1025.3124     2.6194     6.6975    105.106    0.00078    6.37215    6.37438      8.083     0.1751   11.51843   3.623180 5.0640e-11    25.2289    25.2286 1.0000e-12     18.500          1       1167    1488.56 1.9747e+00  51362.487     48.585 1621820626      -0.11      0.381   39.80620  -72.49283 0.0000e+00
     18.854    10.2458    32.8511  1025.3192     2.6196     6.6963    105.072    0.00012    6.37305    6.37530      8.081     0.2004   11.51994   3.619503 5.0640e-11    25.2334    25.2330 1.0000e-12     19.000          1       1206    1488.41 1.9747e+00  51365.830     50.198 1621820627      -0.03      0.316   39.80620  -72.49282 0.0000e+00
     19.344    10.2162    32.8493  1025.3250     2.6202     6.7078    105.140    0.00028    6.37987    6.38221      8.080     0.1978   11.53119   3.616955 -9.990e-29    25.2370    25.2366 1.0000e-12     19.500          1       1242    1488.31 -9.990e-29  51369.063     51.692 1621820629       0.08      0.301   39.80619  -72.49282 0.0000e+00
     19.846    10.2094    32.8489  1025.3282     2.6191     6.7206    105.096    0.00000    6.39474    6.39728 -9.990e-29     0.2046   11.55576   3.616561 -9.990e-29    25.2379    25.2375 1.0000e-12     20.000          1       1262    1488.30 -9.990e-29  51370.151     52.552 1621820629       0.22      0.451   39.80618  -72.49282 0.0000e+00
     20.345    10.2125    32.8486  1025.3297     2.6161     6.7073    104.794   -0.00200    6.40045    6.40307 -9.990e-29     0.2108   11.56521   3.616976 -9.990e-29    25.2371    25.2367 1.0000e-12     20.500          1       1282    1488.32 -9.990e-29  51369.412     53.387 1621820630       0.08      0.587   39.80618  -72.49280 0.0000e+00
     20.835    10.1926    32.8497  1025.3361     2.6123     6.6877    104.464   -0.00376    6.40191    6.40455 -9.990e-29     0.2186   11.56767   3.614852 9.9999e+04    25.2413    25.2409 1.0000e-12     21.000          1       1305    1488.25 0.0000e+00  51374.862     54.323 1621820631      -0.07      0.568   39.80618  -72.49280 0.0000e+00
     21.324    10.1076    32.8529  1025.3552     2.6094     6.6781    104.304   -0.00396    6.40248    6.40512      8.079     0.2058   11.56862   3.607115 9.9999e+04    25.2581    25.2577 1.0000e-12     21.500          1       1323    1487.96 0.0000e+00  51395.505     55.077 1621820632       0.09      0.551   39.80618  -72.49280 0.0000e+00
     21.838    10.0476    32.8529  1025.3676     2.6083     6.6802    104.287   -0.00361    6.40559    6.40828      8.079     0.2046   11.57376   3.602187 9.9999e+04    25.2682    25.2678 1.0000e-12     22.000          1       1337    1487.75 0.0000e+00  51407.011     55.651 1621820633       0.25      0.674   39.80618  -72.49279 0.0000e+00
     22.333    10.0116    32.8523  1025.3754     2.6083     6.6983    104.487   -0.00142    6.41063    6.41338      8.078     0.2034   11.58210   3.599124 2.4243e+04    25.2737    25.2733 1.0000e-12     22.500          1       1365    1487.63 1.4960e+00  51413.336     56.846 1621820634      -0.12      0.567   39.80617  -72.49278 0.0000e+00
     22.818     9.9697    32.8500  1025.3828     2.6089     6.7221    104.711    0.00054    6.41969    6.42257      8.075     0.2141   11.59710   3.595288 -5.508e+02    25.2789    25.2785 1.0000e-12     23.000          1       1414    1487.48 1.9856e+00  51418.351     58.886 1621820636       0.22      0.141   39.80616  -72.49276 0.0000e+00
     23.322     9.9420    32.8493  1025.3893     2.6073     6.7151    104.547   -0.00064    6.42301    6.42594      8.075     0.2131   11.60259   3.592907 5.0640e-11    25.2830    25.2826 1.0000e-12     23.500          1       1438    1487.39 1.9747e+00  51423.010     59.888 1621820637       0.15      0.432   39.80616  -72.49276 0.0000e+00
     23.809     9.9026    32.8494  1025.3981     2.6052     6.7134    104.374   -0.00176    6.43208    6.43513      8.075     0.2074   11.61758   3.589303 5.0640e-11    25.2896    25.2891 1.0000e-12     24.000          1       1469    1487.26 1.9747e+00  51430.918     61.164 1621820638      -0.10      0.411   39.80614  -72.49276 0.0000e+00
     24.306     9.8733    32.8497  1025.4055     2.6038     6.7202    104.355   -0.00143    6.43973    6.44288      8.072     0.2190   11.63026   3.586956 5.0640e-11    25.2947    25.2943 1.0000e-12     24.500          1       1490    1487.16 1.9747e+00  51437.292     62.058 1621820639       0.18      0.438   39.80614  -72.49274 0.0000e+00
