CalculateIndicators/WaterTemperature/Data/CTD_NYOS/20210324_C22.cnv
* Sea-Bird SBE 9 Data File:
* FileName = C:\Seabird 9 CTD\Data\2021\202103_offshore\20210324_C22.hex
* Software Version Seasave V 7.23.2
* Temperature SN = 4590
* Conductivity SN = 3228
* Number of Bytes Per Scan = 44
* Number of Voltage Words = 5
* Number of Scans Averaged by the Deck Unit = 1
* NMEA Latitude = 39 01.23 N
* NMEA Longitude = 072 33.71 W
* NMEA UTC (Time) = Mar 24 2021  02:30:29
* NMEA baud rate = 4800
** Ship: RV Seawolf
** Station: 5.6
** Operator: TCM
# nquan = 31
# nvalues = 606                         
# units = specified
# name 0 = depSM: Depth [salt water, m]
# name 1 = t090C: Temperature [ITS-90, deg C]
# name 2 = sal00: Salinity, Practical [PSU]
# name 3 = density00: Density [density, kg/m^3]
# name 4 = sbeox0V: Oxygen raw, SBE 43 [V]
# name 5 = sbeox0ML/L: Oxygen, SBE 43 [ml/l]
# name 6 = sbeox0PS: Oxygen, SBE 43 [% saturation]
# name 7 = sbox0dV/dT: Oxygen, SBE 43 [dov/dt]
# name 8 = oxsolML/L: Oxygen Saturation, Garcia & Gordon [ml/l]
# name 9 = oxsatML/L: Oxygen Saturation, Weiss [ml/l]
# name 10 = ph: pH
# name 11 = flECO-AFL: Fluorescence, WET Labs ECO-AFL/FL [mg/m^3]
# name 12 = n2satML/L: Nitrogen Saturation [ml/l]
# name 13 = c0S/m: Conductivity [S/m]
# name 14 = cpar: CPAR/Corrected Irradiance [%]
# name 15 = sigma-é00: Density [sigma-theta, kg/m^3]
# name 16 = sigma-t00: Density [sigma-t, kg/m^3 ]
# name 17 = par: PAR/Irradiance, Biospherical/Licor
# name 18 = prDM: Pressure, Digiquartz [db]
# name 19 = pumps: Pump Status
# name 20 = scan: Scan Count
# name 21 = svCM: Sound Velocity [Chen-Millero, m/s]
# name 22 = spar: SPAR, Biospherical/Licor
# name 23 = specc: Specific Conductance [uS/cm]
# name 24 = timeS: Time, Elapsed [seconds]
# name 25 = timeY: Time, System [seconds]
# name 26 = accM: Acceleration [m/s^2]
# name 27 = dz/dtM: Descent Rate [m/s]
# name 28 = latitude: Latitude [deg]
# name 29 = longitude: Longitude [deg]
# name 30 = flag: flag
# span 0 =      1.949,    302.491       
# span 1 =    10.7355,    14.3172       
# span 2 =    35.3822,    35.8858       
# span 3 =  1026.7915,  1028.4873       
# span 4 =     1.4053,     2.3445       
# span 5 =     2.8907,     5.2131       
# span 6 =     46.905,     90.717       
# span 7 =   -0.08561,    0.12026       
# span 8 =    5.73918,    6.20084       
# span 9 =    5.73558,    6.20297       
# span 10 =      8.338,      8.545      
# span 11 =    -0.0790,     0.4563      
# span 12 =   10.43641,   11.20564      
# span 13 =   3.929968,   4.328666      
# span 14 = -1.017e+04, 9.9999e+04      
# span 15 =    26.7798,    27.1279      
# span 16 =    26.7792,    27.1212      
# span 17 = 1.0000e-12, 1.0000e-12      
# span 18 =      2.000,    305.000      
# span 19 =          1,          1      
# span 20 =         -2,      66744      
# span 21 =    1497.90,    1509.35      
# span 22 = 0.0000e+00, 2.1756e+00      
# span 23 =  54816.008,  55060.825      
# span 24 =     -0.116,   2780.961      
# span 25 = 1616553030, 1616555811      
# span 26 =      -1.30,       1.16      
# span 27 =     -2.337,      1.764      
# span 28 =   39.01756,   39.02052      
# span 29 =  -72.57728,  -72.56178      
# span 30 = 0.0000e+00, 0.0000e+00      
# interval = decibars: 1                
# start_time = Mar 24 2021 02:30:30 [System UTC, first data scan.]
# bad_flag = -9.990e-29
*END*
[from data line 468]
    137.885    14.2667    35.8717  1027.4210     2.2541     5.0336     87.712   -0.00020    5.74480    5.74127      8.538     0.0570   10.44586   4.319999 5.0640e-11    26.8086    26.8042 1.0000e-12    139.000          1      49734    1507.66 1.9747e+00  55002.745   2072.207 1616555102      -0.41     -1.279   39.01840  -72.57326 0.0000e+00
    136.890    14.2709    35.8729  1027.4166     2.2533     5.0339     87.654   -0.00034    5.74456    5.74102 -9.990e-29     0.0710   10.44546   4.320471 5.0640e-11    26.8086    26.8042 1.0000e-12    138.000          1      49819    1507.66 1.9747e+00  55003.324   2075.748 1616555106      -0.01     -1.047   39.01840  -72.57328 0.0000e+00
    135.903    14.2779    35.8750  1027.4123     2.2535     5.0367     87.670    0.00007    5.74255    5.73899 -9.990e-29     0.0751   10.44209   4.321378 5.0640e-11    26.8087    26.8044 1.0000e-12    137.000          1      49973    1507.67 1.9747e+00  55004.715   2082.151 1616555112      -0.44     -0.630   39.01840  -72.57331 0.0000e+00
    134.922    14.2902    35.8776  1027.4072     2.2538     5.0347     87.682    0.00010    5.74344    5.73989 -9.990e-29     0.0696   10.44358   4.322858 5.0640e-11    26.8080    26.8037 1.0000e-12    136.000          1      50053    1507.69 1.9747e+00  55006.037   2085.487 1616555115       0.09     -0.448   39.01840  -72.57333 0.0000e+00
    133.937    14.2864    35.8769  1027.4031     2.2543     5.0334     87.675   -0.00001    5.74154    5.73797 -9.990e-29     0.0534   10.44039   4.322333 5.0640e-11    26.8083    26.8040 1.0000e-12    135.000          1      50202    1507.66 1.9747e+00  55005.063   2091.706 1616555122      -0.13     -0.312   39.01838  -72.57337 0.0000e+00
    132.937    14.2940    35.8788  1027.3985     2.2548     5.0370     87.719    0.00027    5.74166    5.73809 -9.990e-29     0.0685   10.44058   4.323263 5.0640e-11    26.8081    26.8038 1.0000e-12    134.000          1      50238    1507.67 1.9747e+00  55006.123   2093.203 1616555123      -0.16     -0.571   39.01838  -72.57338 0.0000e+00
    131.963    14.2978    35.8800  1027.3942     2.2551     5.0388     87.736    0.00072    5.74150    5.73793 -9.990e-29     0.0737   10.44031   4.323685 5.0640e-11    26.8081    26.8039 1.0000e-12    133.000          1      50366    1507.67 1.9747e+00  55006.664   2098.554 1616555128      -0.21     -0.236   39.01838  -72.57341 0.0000e+00
    130.965    14.2976    35.8802  1027.3899     2.2559     5.0366     87.799    0.00085    5.74153    5.73796 -9.990e-29     0.0518   10.44037   4.323624 5.0640e-11    26.8083    26.8041 1.0000e-12    132.000          1      50391    1507.65 1.9747e+00  55006.321   2099.603 1616555129      -0.71     -0.737   39.01838  -72.57342 0.0000e+00
    129.943    14.2983    35.8804  1027.3853     2.2554     5.0278     87.737    0.00030    5.74164    5.73807 -9.990e-29     0.0534   10.44056   4.323676 5.0640e-11    26.8083    26.8041 1.0000e-12    131.000          1      50416    1507.64 1.9747e+00  55005.927   2100.605 1616555130      -0.34     -1.155   39.01838  -72.57342 0.0000e+00
    128.964    14.2993    35.8807  1027.3810     2.2550     5.0335     87.641   -0.00035    5.74138    5.73781 -9.990e-29     0.0805   10.44011   4.323758 5.0640e-11    26.8083    26.8041 1.0000e-12    130.000          1      50567    1507.63 1.9747e+00  55005.691   2106.905 1616555137      -0.30     -0.840   39.01838  -72.57344 0.0000e+00
    127.974    14.2991    35.8808  1027.3767     2.2552     5.0323     87.655    0.00012    5.74142    5.73784 -9.990e-29     0.0659   10.44017   4.323684 5.0640e-11    26.8083    26.8042 1.0000e-12    129.000          1      50680    1507.61 1.9747e+00  55005.215   2111.623 1616555141      -0.07     -0.751   39.01837  -72.57348 0.0000e+00
    126.987    14.2985    35.8807  1027.3723     2.2550     5.0331     87.631    0.00004    5.74151    5.73794      8.539     0.0748   10.44033   4.323571 5.0640e-11    26.8084    26.8043 1.0000e-12    128.000          1      50803    1507.59 1.9747e+00  55004.612   2116.768 1616555147       0.02     -0.494   39.01836  -72.57351 0.0000e+00
    125.999    14.2983    35.8806  1027.3678     2.2556     5.0347     87.680    0.00036    5.74149    5.73792      8.540     0.0884   10.44030   4.323490 5.0640e-11    26.8083    26.8043 1.0000e-12    127.000          1      50899    1507.57 1.9747e+00  55003.909   2120.734 1616555151      -0.13     -0.424   39.01835  -72.57354 0.0000e+00
    125.006    14.2983    35.8805  1027.3634     2.2558     5.0335     87.669    0.00006    5.74149    5.73792      8.540     0.0740   10.44029   4.323446 3.8216e+04    26.8082    26.8043 1.0000e-12    126.000          1      50958    1507.56 1.2200e+00  55003.317   2123.210 1616555153       0.03     -0.398   39.01834  -72.57354 0.0000e+00
    124.008    14.2984    35.8807  1027.3591     2.2571     5.0339     87.740    0.00046    5.74159    5.73803      8.539     0.0673   10.44047   4.323442 7.9897e+03    26.8083    26.8043 1.0000e-12    125.000          1      51070    1507.54 1.8169e+00  55002.956   2127.875 1616555158      -0.77     -0.545   39.01834  -72.57357 0.0000e+00
    123.019    14.2974    35.8805  1027.3547     2.2569     5.0317     87.676   -0.00012    5.74165    5.73808      8.540     0.0696   10.44056   4.323263 -7.045e+01    26.8084    26.8044 1.0000e-12    124.000          1      51132    1507.52 1.9761e+00  55002.278   2130.474 1616555160      -0.18     -0.544   39.01834  -72.57358 0.0000e+00
    122.024    14.2969    35.8805  1027.3503     2.2564     5.0336     87.623   -0.00052    5.74166    5.73809      8.539     0.0807   10.44057   4.323165 5.0640e-11    26.8084    26.8045 1.0000e-12    123.000          1      51183    1507.50 1.9747e+00  55001.692   2132.598 1616555162      -0.39     -0.612   39.01834  -72.57360 0.0000e+00
    121.042    14.2977    35.8807  1027.3459     2.2572     5.0346     87.722    0.00070    5.74162    5.73805      8.540     0.0861   10.44051   4.323217 5.0640e-11    26.8083    26.8045 1.0000e-12    122.000          1      51333    1507.49 1.9747e+00  55001.254   2138.848 1616555169      -0.39     -0.657   39.01832  -72.57362 0.0000e+00
    120.040    14.2978    35.8807  1027.3414     2.2573     5.0344     87.687    0.00026    5.74169    5.73812      8.540     0.0832   10.44064   4.323186 5.0640e-11    26.8083    26.8045 1.0000e-12    121.000          1      51374    1507.47 1.9747e+00  55000.674   2140.535 1616555170      -0.39     -1.051   39.01832  -72.57362 0.0000e+00
    119.047    14.2975    35.8806  1027.3370     2.2577     5.0377     87.706    0.00014    5.74159    5.73802      8.540     0.0692   10.44045   4.323104 5.0640e-11    26.8083    26.8045 1.0000e-12    120.000          1      51415    1507.45 1.9747e+00  55000.060   2142.237 1616555172       0.28     -0.938   39.01832  -72.57363 0.0000e+00
    118.068    14.2970    35.8807  1027.3328     2.2576     5.0289     87.643   -0.00029    5.74174    5.73817      8.541     0.0505   10.44071   4.323017 5.0640e-11    26.8084    26.8046 1.0000e-12    119.000          1      51592    1507.44 1.9747e+00  54999.610   2149.641 1616555180       0.02     -0.907   39.01830  -72.57366 0.0000e+00
    117.061    14.2967    35.8807  1027.3283     2.2570     5.0308     87.592   -0.00064    5.74174    5.73817      8.541     0.0590   10.44072   4.322935 5.0640e-11    26.8084    26.8047 1.0000e-12    118.000          1      51615    1507.42 1.9747e+00  54999.060   2150.603 1616555180       0.01     -0.942   39.01830  -72.57367 0.0000e+00
    116.070    14.2961    35.8803  1027.3237     2.2580     5.0309     87.669    0.00015    5.74161    5.73804      8.541     0.0705   10.44049   4.322793 5.0640e-11    26.8082    26.8045 1.0000e-12    117.000          1      51784    1507.40 1.9747e+00  54998.077   2157.642 1616555188      -0.91     -1.174   39.01830  -72.57371 0.0000e+00
    115.064    14.2961    35.8804  1027.3193     2.2575     5.0326     87.617   -0.00021    5.74165    5.73808      8.540     0.0927   10.44057   4.322752 5.0640e-11    26.8083    26.8046 1.0000e-12    116.000          1      51825    1507.38 1.9747e+00  54997.596   2159.318 1616555189      -0.40     -1.706   39.01830  -72.57372 0.0000e+00
    114.086    14.2962    35.8805  1027.3150     2.2581     5.0332     87.644   -0.00023    5.74187    5.73830      8.541     0.0633   10.44093   4.322734 5.0640e-11    26.8083    26.8046 1.0000e-12    115.000          1      51907    1507.37 1.9747e+00  54997.119   2162.753 1616555193       0.59     -1.264   39.01829  -72.57374 0.0000e+00
    113.102    14.2955    35.8803  1027.3106     2.2578     5.0299     87.581   -0.00060    5.74202    5.73845      8.540     0.0692   10.44118   4.322586 5.0640e-11    26.8082    26.8046 1.0000e-12    114.000          1      52049    1507.35 1.9747e+00  54996.413   2168.653 1616555198       0.08     -0.998   39.01828  -72.57378 0.0000e+00
    112.097    14.2946    35.8800  1027.3061     2.2574     5.0279     87.597   -0.00014    5.74202    5.73846      8.540     0.0731   10.44119   4.322419 5.0640e-11    26.8082    26.8046 1.0000e-12    113.000          1      52132    1507.33 1.9747e+00  54995.558   2172.107 1616555202       0.04     -0.995   39.01827  -72.57380 0.0000e+00
    111.117    14.2917    35.8793  1027.3018     2.2561     5.0242     87.520   -0.00009    5.74257    5.73901      8.540     0.0721   10.44210   4.322005 5.0640e-11    26.8082    26.8047 1.0000e-12    112.000          1      52299    1507.30 1.9747e+00  54994.356   2179.098 1616555209       0.10     -0.463   39.01826  -72.57385 0.0000e+00
    110.126    14.2872    35.8779  1027.2972     2.2558     5.0227     87.457   -0.00045    5.74286    5.73930      8.539     0.0488   10.44259   4.321359 5.0640e-11    26.8081    26.8045 1.0000e-12    111.000          1      52441    1507.27 1.9747e+00  54992.422   2184.995 1616555215      -0.17     -0.384   39.01826  -72.57388 0.0000e+00
    109.149    14.2870    35.8777  1027.2928     2.2562     5.0275     87.537    0.00041    5.74302    5.73946      8.540     0.0524   10.44286   4.321289 5.0640e-11    26.8079    26.8045 1.0000e-12    110.000          1      52516    1507.25 1.9747e+00  54991.683   2188.146 1616555218       0.01     -0.277   39.01826  -72.57390 0.0000e+00
    108.134    14.2869    35.8777  1027.2883     2.2566     5.0263     87.518   -0.00003    5.74291    5.73935      8.540     0.0458   10.44267   4.321207 5.0640e-11    26.8079    26.8045 1.0000e-12    109.000          1      52585    1507.23 1.9747e+00  54991.096   2191.009 1616555221      -0.35     -0.702   39.01824  -72.57391 0.0000e+00
    107.143    14.2856    35.8774  1027.2839     2.2571     5.0262     87.519   -0.00025    5.74299    5.73943      8.540     0.0507   10.44281   4.321004 5.0640e-11    26.8080    26.8045 1.0000e-12    108.000          1      52671    1507.21 1.9747e+00  54990.284   2194.599 1616555224      -0.02     -0.883   39.01824  -72.57393 0.0000e+00
    106.172    14.2829    35.8767  1027.2796     2.2560     5.0219     87.420   -0.00042    5.74362    5.74007      8.540     0.0380   10.44387   4.320627 5.0640e-11    26.8080    26.8046 1.0000e-12    107.000          1      52863    1507.19 1.9747e+00  54989.088   2202.588 1616555232      -0.05     -0.084   39.01822  -72.57397 0.0000e+00
    105.161    14.2824    35.8766  1027.2751     2.2561     5.0249     87.456   -0.00003    5.74359    5.74004      8.540     0.0592   10.44381   4.320526 5.0640e-11    26.8079    26.8046 1.0000e-12    106.000          1      52877    1507.17 1.9747e+00  54988.435   2203.155 1616555233      -0.13     -0.681   39.01822  -72.57398 0.0000e+00
    104.181    14.2805    35.8761  1027.2708     2.2568     5.0251     87.476   -0.00008    5.74393    5.74039      8.540     0.0557   10.44440   4.320236 5.0640e-11    26.8079    26.8046 1.0000e-12    105.000          1      53020    1507.14 1.9747e+00  54987.432   2209.105 1616555239      -0.06     -0.025   39.01822  -72.57402 0.0000e+00
    103.199    14.2781    35.8752  1027.2662     2.2570     5.0249     87.454   -0.00028    5.74456    5.74102      8.541     0.0370   10.44544   4.319830 5.0640e-11    26.8077    26.8044 1.0000e-12    104.000          1      53124    1507.12 1.9747e+00  54985.886   2213.464 1616555243      -0.91     -0.395   39.01822  -72.57404 0.0000e+00
    102.182    14.2766    35.8749  1027.2618     2.2569     5.0254     87.480    0.00007    5.74435    5.74081      8.540     0.0497   10.44509   4.319597 5.0640e-11    26.8078    26.8046 1.0000e-12    103.000          1      53139    1507.10 1.9747e+00  54985.130   2214.082 1616555244      -0.72     -1.042   39.01822  -72.57404 0.0000e+00
    101.183    14.2737    35.8741  1027.2573     2.2576     5.0266     87.504    0.00002    5.74458    5.74104      8.540     0.0521   10.44549   4.319179 5.0640e-11    26.8077    26.8045 1.0000e-12    102.000          1      53252    1507.07 1.9747e+00  54983.744   2218.784 1616555249      -0.18     -0.884   39.01821  -72.57406 0.0000e+00
    100.211    14.2720    35.8733  1027.2527     2.2588     5.0311     87.547    0.00028    5.74488    5.74134      8.540     0.0602   10.44598   4.318899 9.9877e+04    26.8075    26.8043 1.0000e-12    101.000          1      53394    1507.05 2.4024e-03  54982.389   2224.722 1616555255      -0.14     -0.565   39.01820  -72.57410 0.0000e+00
     99.211    14.2716    35.8733  1027.2483     2.2592     5.0260     87.559    0.00017    5.74492    5.74138      8.540     0.0694   10.44605   4.318806 9.9999e+04    26.8075    26.8043 1.0000e-12    100.000          1      53455    1507.03 0.0000e+00  54981.784   2227.242 1616555257      -0.09     -0.584   39.01820  -72.57411 0.0000e+00
     98.222    14.2709    35.8732  1027.2440     2.2594     5.0281     87.525   -0.00024    5.74497    5.74144      8.540     0.0574   10.44614   4.318700 1.2491e+04    26.8076    26.8045 1.0000e-12     99.000          1      53583    1507.01 1.7280e+00  54981.247   2232.594 1616555262       0.11     -0.571   39.01820  -72.57414 0.0000e+00
     97.232    14.2704    35.8730  1027.2395     2.2593     5.0281     87.540    0.00010    5.74475    5.74121      8.540     0.0586   10.44576   4.318582 5.0640e-11    26.8075    26.8044 1.0000e-12     98.000          1      53683    1506.99 1.9747e+00  54980.476   2236.746 1616555267      -0.13     -0.356   39.01818  -72.57416 0.0000e+00
     96.254    14.2704    35.8730  1027.2351     2.2594     5.0261     87.544    0.00036    5.74387    5.74032      8.542     0.0556   10.44428   4.318542 5.0640e-11    26.8075    26.8044 1.0000e-12     97.000          1      53807    1506.98 1.9747e+00  54979.919   2241.907 1616555272      -0.21     -0.337   39.01818  -72.57419 0.0000e+00
     95.241    14.2728    35.8737  1027.2306     2.2594     5.0325     87.544    0.00003    5.74383    5.74028      8.541     0.0597   10.44422   4.318844 5.0640e-11    26.8075    26.8044 1.0000e-12     96.000          1      53832    1506.97 1.9747e+00  54979.948   2242.970 1616555273      -0.23     -0.698   39.01818  -72.57420 0.0000e+00
     94.247    14.2816    35.8760  1027.2261     2.2618     5.0309     87.588    0.00012    5.74303    5.73947      8.542     0.0717   10.44288   4.319945 5.0640e-11    26.8073    26.8043 1.0000e-12     95.000          1      53926    1506.98 1.9747e+00  54981.422   2246.890 1616555277      -0.62     -0.438   39.01818  -72.57422 0.0000e+00
     93.274    14.2885    35.8780  1027.2217     2.2636     5.0381     87.744    0.00085    5.74281    5.73926 -9.990e-29     0.0727   10.44251   4.320771 5.0640e-11    26.8073    26.8044 1.0000e-12     94.000          1      54043    1506.99 1.9747e+00  54982.583   2251.732 1616555282      -0.11     -0.652   39.01816  -72.57424 0.0000e+00
