CalculateIndicators/WaterTemperature/Data/CTD_NYOS/20210322_C13.cnv
* Sea-Bird SBE 9 Data File:
* FileName = C:\Seabird 9 CTD\Data\2021\202103_offshore\20210322_C13.hex
* Software Version Seasave V 7.23.2
* Temperature SN = 4590
* Conductivity SN = 3228
* Number of Bytes Per Scan = 44
* Number of Voltage Words = 5
* Number of Scans Averaged by the Deck Unit = 1
* NMEA Latitude = 40 10.09 N
* NMEA Longitude = 073 19.59 W
* NMEA UTC (Time) = Mar 22 2021  21:30:27
* NMEA baud rate = 4800
** Ship: RV Seawolf
** Station: 6.2
** Operator: EIH
# nquan = 31
# nvalues = 75                          
# units = specified
# name 0 = depSM: Depth [salt water, m]
# name 1 = t090C: Temperature [ITS-90, deg C]
# name 2 = sal00: Salinity, Practical [PSU]
# name 3 = density00: Density [density, kg/m^3]
# name 4 = sbeox0V: Oxygen raw, SBE 43 [V]
# name 5 = sbeox0ML/L: Oxygen, SBE 43 [ml/l]
# name 6 = sbeox0PS: Oxygen, SBE 43 [% saturation]
# name 7 = sbox0dV/dT: Oxygen, SBE 43 [dov/dt]
# name 8 = oxsolML/L: Oxygen Saturation, Garcia & Gordon [ml/l]
# name 9 = oxsatML/L: Oxygen Saturation, Weiss [ml/l]
# name 10 = ph: pH
# name 11 = flECO-AFL: Fluorescence, WET Labs ECO-AFL/FL [mg/m^3]
# name 12 = n2satML/L: Nitrogen Saturation [ml/l]
# name 13 = c0S/m: Conductivity [S/m]
# name 14 = cpar: CPAR/Corrected Irradiance [%]
# name 15 = sigma-é00: Density [sigma-theta, kg/m^3]
# name 16 = sigma-t00: Density [sigma-t, kg/m^3 ]
# name 17 = par: PAR/Irradiance, Biospherical/Licor
# name 18 = prDM: Pressure, Digiquartz [db]
# name 19 = pumps: Pump Status
# name 20 = scan: Scan Count
# name 21 = svCM: Sound Velocity [Chen-Millero, m/s]
# name 22 = spar: SPAR, Biospherical/Licor
# name 23 = specc: Specific Conductance [uS/cm]
# name 24 = timeS: Time, Elapsed [seconds]
# name 25 = timeY: Time, System [seconds]
# name 26 = accM: Acceleration [m/s^2]
# name 27 = dz/dtM: Descent Rate [m/s]
# name 28 = latitude: Latitude [deg]
# name 29 = longitude: Longitude [deg]
# name 30 = flag: flag
# span 0 =      1.980,     38.705       
# span 1 =     5.1177,     6.2534       
# span 2 =    32.6660,    32.9508       
# span 3 =  1025.7508,  1026.1415       
# span 4 =     2.4374,     2.5262       
# span 5 =     6.8664,     7.1491       
# span 6 =     97.391,    101.393       
# span 7 =   -0.00725,    0.00609       
# span 8 =    6.97111,    7.16334       
# span 9 =    6.98199,    7.17725       
# span 10 =      8.470,      8.504      
# span 11 =     0.3350,     0.8526      
# span 12 =   12.50989,   12.82797      
# span 13 =   3.155692,   3.259037      
# span 14 = 2.2978e-02, 4.0699e+00      
# span 15 =    25.7383,    25.9614      
# span 16 =    25.7383,    25.9611      
# span 17 = 3.4299e-01, 6.1432e+01      
# span 18 =      2.000,     39.000      
# span 19 =          1,          1      
# span 20 =        402,      10120      
# span 21 =    1468.50,    1472.96      
# span 22 = 1.4688e+03, 1.6212e+03      
# span 23 =  52124.428,  52588.264      
# span 24 =     16.727,    421.610      
# span 25 = 1616448642, 1616449047      
# span 26 =      -0.55,       0.47      
# span 27 =     -0.955,      0.868      
# span 28 =   40.16818,   40.16828      
# span 29 =  -73.32762,  -73.32662      
# span 30 = 0.0000e+00, 0.0000e+00      
# interval = decibars: 1                
# start_time = Mar 22 2021 21:30:25 [System UTC, first data scan.]
# bad_flag = -9.990e-29
*END*
      1.980     6.2454    32.7511  1025.7547     2.5243     7.0528    101.124   -0.00014    6.97228    6.98319      8.470     0.3863   12.51171   3.258221 3.8841e+00    25.7455    25.7454 6.1175e+01      2.000          1        402    1472.92 1.5776e+03  52136.646     16.727 1616448642       0.17      0.066   40.16826  -73.32662 0.0000e+00
      2.978     6.2463    32.7513  1025.7593     2.5229     7.0472    101.071   -0.00035    6.97818    6.98918      8.471     0.3689   12.52147   3.258373 2.9159e+00    25.7455    25.7454 4.7274e+01      3.000          1        534    1472.93 1.6207e+03  52137.268     22.207 1616448647       0.47      0.389   40.16826  -73.32664 0.0000e+00
      3.969     6.2484    32.7512  1025.7636     2.5213     7.0490    100.932   -0.00106    6.98104    6.99208      8.471     0.3350   12.52617   3.258574 2.2194e+00    25.7452    25.7451 3.4886e+01      4.000          1        569    1472.96 1.5709e+03  52137.336     23.660 1616448649      -0.02      0.716   40.16826  -73.32665 0.0000e+00
      4.966     6.2139    32.7510  1025.7724     2.5209     7.0559    100.986   -0.00042    6.98161    6.99266      8.472     0.3475   12.52714   3.255389 2.0486e+00    25.7494    25.7493 3.1791e+01      5.000          1        612    1472.84 1.5516e+03  52147.624     25.439 1616448651      -0.14      0.584   40.16826  -73.32666 0.0000e+00
      5.951     6.1855    32.7504  1025.7800     2.5190     7.0886    100.929   -0.00092    7.02269    7.03439      8.475     0.3955   12.59510   3.253075 1.8031e+00    25.7524    25.7523 2.9191e+01      6.000          1        696    1472.74 1.6192e+03  52155.528     28.962 1616448654       0.05      0.214   40.16826  -73.32666 0.0000e+00
      6.943     6.0792    32.7451  1025.7937     2.5049     7.0660     99.691   -0.00725    7.08646    7.09914      8.477     0.5333   12.70073   3.241910 1.7399e+00    25.7614    25.7613 2.7590e+01      7.000          1        749    1472.33 1.5858e+03  52179.273     31.160 1616448656       0.13      0.467   40.16826  -73.32666 0.0000e+00
      7.940     5.7612    32.7314  1025.8262     2.4993     7.1102     99.765   -0.00426    7.10302    7.11596      8.478     0.6077   12.72825   3.212866 1.6864e+00    25.7892    25.7892 2.6394e+01      8.000          1        786    1471.05 1.5649e+03  52254.495     32.709 1616448658       0.02      0.634   40.16826  -73.32667 0.0000e+00
      8.931     5.5341    32.7057  1025.8375     2.4964     7.1218     99.966   -0.00129    7.11605    7.12918      8.478     0.6242   12.74987   3.191314 1.8552e+00    25.7959    25.7958 2.8870e+01      9.000          1        836    1470.13 1.5559e+03  52286.508     34.806 1616448660      -0.09      0.471   40.16826  -73.32668 0.0000e+00
      9.923     5.3854    32.6884  1025.8457     2.4939     7.1349     99.933   -0.00098    7.14237    7.15592      8.481     0.6009   12.79347   3.177606 2.1962e+00    25.7994    25.7993 3.4913e+01     10.000          1        910    1469.52 1.5887e+03  52308.326     37.895 1616448663      -0.02      0.289   40.16826  -73.32668 0.0000e+00
     10.909     5.2534    32.6746  1025.8546     2.4899     7.1491     99.725   -0.00146    7.14928    7.16295 -9.990e-29     0.5716   12.80476   3.164922 2.3535e+00    25.8037    25.8036 3.7706e+01     11.000          1        977    1468.98 1.6019e+03  52330.589     40.672 1616448666       0.13      0.418   40.16826  -73.32670 0.0000e+00
     11.908     5.1920    32.6782  1025.8691     2.4904     7.1422     99.960    0.00031    7.15878    7.17261 -9.990e-29     0.6186   12.82043   3.160466 2.0314e+00    25.8135    25.8134 3.1940e+01     12.000          1       1007    1468.75 1.5721e+03  52356.066     41.897 1616448667       0.29      0.691   40.16826  -73.32670 0.0000e+00
     12.904     5.1946    32.6840  1025.8781     2.4858     7.1029     99.470   -0.00224    7.16260    7.17651      8.482     0.6355   12.82668   3.161447 1.9139e+00    25.8178    25.8177 2.9652e+01     13.000          1       1044    1468.79 1.5491e+03  52364.323     43.449 1616448669      -0.16      0.686   40.16826  -73.32670 0.0000e+00
     13.889     5.1177    32.6914  1025.8972     2.4753     7.0666     98.795   -0.00377    7.16075    7.17463      8.480     0.7173   12.82357   3.155692 1.7406e+00    25.8323    25.8321 2.7587e+01     14.000          1       1113    1468.50 1.5863e+03  52400.234     46.342 1616448672       0.03      0.280   40.16826  -73.32671 0.0000e+00
     14.886     5.1256    32.6947  1025.9036     2.4702     7.0660     98.679   -0.00256    7.15894    7.17279      8.480     0.7532   12.82056   3.157009 1.4523e+00    25.8340    25.8339 2.3377e+01     15.000          1       1161    1468.55 1.6096e+03  52403.210     48.332 1616448673       0.12      0.516   40.16826  -73.32672 0.0000e+00
     15.874     5.1373    32.6963  1025.9082     2.4683     7.0707     98.794   -0.00074    7.15543    7.16922      8.482     0.7795   12.81471   3.158340 1.3116e+00    25.8340    25.8339 2.0354e+01     16.000          1       1214    1468.62 1.5517e+03  52402.583     50.526 1616448676      -0.08      0.445   40.16826  -73.32672 0.0000e+00
     16.868     5.1490    32.6990  1025.9136     2.4678     7.0718     98.839   -0.00018    7.15442    7.16820 -9.990e-29     0.8310   12.81302   3.159798 1.0185e+00    25.8348    25.8347 1.5830e+01     17.000          1       1256    1468.69 1.5542e+03  52403.474     52.295 1616448677       0.15      0.563   40.16826  -73.32672 0.0000e+00
     17.864     5.1634    32.7022  1025.9192     2.4675     7.0700     98.835   -0.00015    7.15595    7.16976 -9.990e-29     0.8363   12.81553   3.161373 8.7285e-01    25.8358    25.8356 1.3558e+01     18.000          1       1301    1468.77 1.5533e+03  52404.274     54.163 1616448679      -0.11      0.537   40.16826  -73.32673 0.0000e+00
     18.852     5.1565    32.7042  1025.9262     2.4653     7.0507     98.639   -0.00101    7.15147    7.16521 -9.990e-29     0.8142   12.80805   3.161040 7.7294e-01    25.8381    25.8380 1.2379e+01     19.000          1       1375    1468.76 1.6027e+03  52410.117     57.265 1616448682       0.03      0.287   40.16826  -73.32674 0.0000e+00
     19.842     5.1777    32.7099  1025.9329     2.4635     7.0405     98.634   -0.00040    7.14805    7.16176 -9.990e-29     0.7716   12.80227   3.163557 6.0388e-01    25.8402    25.8401 9.5171e+00     20.000          1       1442    1468.87 1.5754e+03  52412.207     60.027 1616448685       0.02      0.369   40.16826  -73.32675 0.0000e+00
     20.839     5.1951    32.7193  1025.9431     2.4603     7.0157     98.327   -0.00184    7.14808    7.16179 -9.990e-29     0.7527   12.80232   3.165918 5.3196e-01    25.8457    25.8456 8.1733e+00     21.000          1       1481    1468.97 1.5360e+03  52421.026     61.671 1616448687       0.22      0.587   40.16826  -73.32676 0.0000e+00
     21.835     5.1972    32.7219  1025.9496     2.4573     7.0164     98.145   -0.00210    7.14808    7.16179      8.479     0.7753   12.80232   3.166327 4.5765e-01    25.8476    25.8474 7.0171e+00     22.000          1       1519    1468.99 1.5337e+03  52424.887     63.234 1616448688      -0.07      0.661   40.16826  -73.32676 0.0000e+00
     22.812     5.1984    32.7232  1025.9550     2.4535     7.0067     98.188   -0.00022    7.14279    7.15643      8.480     0.7661   12.79341   3.166580 3.6296e-01    25.8485    25.8483 5.8717e+00     23.000          1       1635    1469.02 1.6160e+03  52426.992     68.092 1616448693       0.42      0.223   40.16826  -73.32676 0.0000e+00
     23.818     5.2047    32.7266  1025.9617     2.4524     6.9968     98.082   -0.00074    7.14223    7.15586 -9.990e-29     0.8144   12.79249   3.167631 3.1416e-01    25.8504    25.8502 4.9556e+00     24.000          1       1660    1469.06 1.5768e+03  52430.668     69.119 1616448694       0.47      0.809   40.16826  -73.32678 0.0000e+00
     24.815     5.2220    32.7342  1025.9704     2.4508     6.9907     97.946   -0.00123    7.14186    7.15548 -9.990e-29     0.8093   12.79184   3.169760 2.7232e-01    25.8545    25.8543 4.1648e+00     25.000          1       1691    1469.16 1.5279e+03  52436.920     70.410 1616448696      -0.16      0.868   40.16826  -73.32678 0.0000e+00
     25.792     5.2346    32.7398  1025.9780     2.4480     6.9862     97.942   -0.00013    7.13309    7.14660      8.483     0.7813   12.77716   3.171356 2.2420e-01    25.8576    25.8573 3.5794e+00     26.000          1       1798    1469.23 1.5979e+03  52441.752     74.860 1616448700       0.11      0.072   40.16826  -73.32678 0.0000e+00
     26.790     5.2520    32.7481  1025.9872     2.4492     6.9831     98.057    0.00042    7.12470    7.13809      8.483     0.8052   12.76315   3.173697 1.8767e-01    25.8621    25.8619 3.0071e+00     27.000          1       1839    1469.33 1.6018e+03  52448.906     76.573 1616448702       0.27      0.607   40.16826  -73.32680 0.0000e+00
     27.787     5.2871    32.7591  1025.9966     2.4498     6.9845     98.072    0.00039    7.11718    7.13045      8.483     0.8057   12.75065   3.177913 1.6362e-01    25.8669    25.8666 2.5305e+00     28.000          1       1874    1469.50 1.5455e+03  52454.465     78.043 1616448703      -0.09      0.712   40.16826  -73.32680 0.0000e+00
     28.776     5.3517    32.7752  1026.0065     2.4534     6.9796     98.355    0.00155    7.09945    7.11247      8.485     0.7913   12.72107   3.185099 1.4050e-01    25.8722    25.8719 2.1746e+00     29.000          1       1943    1469.80 1.5505e+03  52458.110     80.905 1616448706      -0.01      0.323   40.16826  -73.32680 0.0000e+00
     29.766     5.5127    32.8103  1026.0200     2.4663     7.0320     99.445    0.00609    7.06200    7.07449      8.492     0.7956   12.65848   3.203149 1.1077e-01    25.8812    25.8810 1.7972e+00     30.000          1       2028    1470.52 1.6212e+03  52459.292     84.465 1616448710       0.31      0.440   40.16826  -73.32682 0.0000e+00
     30.758     5.6837    32.8440  1026.0311     2.4715     7.0257     99.487    0.00388    7.06654    7.07911      8.493     0.7785   12.66596   3.220266 9.7036e-02    25.8878    25.8875 1.4931e+00     31.000          1       2063    1471.26 1.5383e+03  52456.126     85.928 1616448711       0.05      0.659   40.16826  -73.32682 0.0000e+00
     31.757     5.6675    32.8581  1026.0488     2.4733     7.0166     99.358    0.00183    7.06642    7.07898      8.494     0.7937   12.66576   3.219706 8.4013e-02    25.9008    25.9005 1.2839e+00     32.000          1       2097    1471.23 1.5278e+03  52482.114     87.324 1616448712       0.01      0.717   40.16826  -73.32682 0.0000e+00
     32.745     5.6351    32.8619  1026.0603     2.4721     6.9973     99.064   -0.00067    7.06919    7.08181      8.493     0.8005   12.67024   3.216988 6.7398e-02    25.9077    25.9074 1.0818e+00     33.000          1       2196    1471.12 1.6078e+03  52498.232     91.455 1616448717       0.16      0.329   40.16826  -73.32682 0.0000e+00
     33.734     5.6303    32.8653  1026.0681     2.4687     6.9729     98.831   -0.00150    7.06818    7.08082      8.491     0.8089   12.66824   3.216876 5.7933e-02    25.9110    25.9106 9.0691e-01     34.000          1       2254    1471.13 1.5648e+03  52505.223     93.859 1616448719       0.04      0.525   40.16826  -73.32684 0.0000e+00
     34.724     5.6207    32.8708  1026.0783     2.4653     6.9438     98.578   -0.00224    7.06908    7.08173      8.491     0.7786   12.66978   3.216407 5.0969e-02    25.9165    25.9162 7.7510e-01     35.000          1       2288    1471.11 1.5204e+03  52516.855     95.300 1616448720       0.19      0.629   40.16826  -73.32684 0.0000e+00
     35.732     5.6215    32.8921  1026.0997     2.4590     6.9187     98.128   -0.00351    7.06913    7.08177      8.491     0.7646   12.66993   3.218647 4.2624e-02    25.9332    25.9329 6.4483e-01     36.000          1       2331    1471.15 1.5140e+03  52548.070     97.098 1616448722       0.07      0.824   40.16826  -73.32685 0.0000e+00
     36.718     5.6455    32.9112  1026.1165     2.4506     6.8882     97.806   -0.00263    7.05970    7.07223 -9.990e-29     0.7432   12.65395   3.222413 3.4146e-02    25.9455    25.9451 5.3029e-01     37.000          1       2462    1471.29 1.5527e+03  52568.918    102.521 1616448728       0.03      0.834   40.16827  -73.32687 0.0000e+00
     37.712     5.6999    32.9296  1026.1292     2.4431     6.8712     97.510   -0.00188    7.05360    7.06605      8.491     0.7042   12.64373   3.228937 2.8217e-02    25.9536    25.9533 4.3353e-01     38.000          1       2579    1471.55 1.5384e+03  52579.578    107.427 1616448733      -0.08      0.613   40.16828  -73.32688 0.0000e+00
     38.705     5.7743    32.9508  1026.1415     2.4383     6.8664     97.451   -0.00010    7.04588    7.05823      8.497     0.7409   12.63081   3.236978 2.2978e-02    25.9614    25.9611 3.4299e-01     39.000          1       3999    1471.89 1.4937e+03  52588.264    166.593 1616448792      -0.20      0.168   40.16828  -73.32702 0.0000e+00
     37.705     5.7318    32.9398  1026.1334     2.4379     6.8746     97.391   -0.00047    7.05430    7.06676      8.497     0.7517   12.64491   3.232024 2.7298e-02    25.9579    25.9575 4.1943e-01     38.000          1       4301    1471.69 1.5386e+03  52584.632    179.147 1616448804      -0.06     -0.210   40.16828  -73.32705 0.0000e+00
     36.717     5.6749    32.9263  1026.1249     2.4374     6.8984     97.431    0.00010    7.07110    7.08378      8.501     0.7281   12.67315   3.225599 3.4384e-02    25.9539    25.9536 5.1798e-01     37.000          1       4449    1471.43 1.5058e+03  52581.742    185.353 1616448811      -0.42     -0.402   40.16828  -73.32706 0.0000e+00
     35.715     5.6424    32.9099  1026.1112     2.4406     6.9342     97.747    0.00161    7.07156    7.08424 -9.990e-29     0.7589   12.67402   3.221276 3.8784e-02    25.9449    25.9445 6.0244e-01     36.000          1       4482    1471.26 1.5522e+03  52567.333    186.725 1616448812       0.04     -0.672   40.16828  -73.32707 0.0000e+00
     34.734     5.6045    32.8753  1026.0838     2.4530     6.9675     98.492    0.00299    7.06941    7.08204      8.501     0.8025   12.67058   3.215204 4.7310e-02    25.9220    25.9217 7.2220e-01     35.000          1       4583    1471.05 1.5289e+03  52528.361    190.919 1616448816       0.01     -0.081   40.16828  -73.32708 0.0000e+00
     33.734     5.6286    32.8716  1026.0733     2.4598     6.9973     98.773    0.00264    7.06721    7.07979      8.502     0.8251   12.66704   3.217021 5.7869e-02    25.9162    25.9159 8.8239e-01     34.000          1       4648    1471.12 1.5244e+03  52514.905    193.612 1616448819      -0.46     -0.535   40.16828  -73.32708 0.0000e+00
     32.741     5.6350    32.8653  1026.0629     2.4658     7.0059     99.102    0.00297    7.06506    7.07760      8.502     0.8052   12.66349   3.216982 6.5850e-02    25.9104    25.9101 1.0142e+00     33.000          1       4696    1471.13 1.5404e+03  52503.110    195.619 1616448821       0.11     -0.511   40.16828  -73.32709 0.0000e+00
     31.757     5.6651    32.8619  1026.0520     2.4754     7.0439     99.403    0.00140    7.07419    7.08686      8.504     0.7683   12.67873   3.219359 8.2194e-02    25.9041    25.9038 1.2320e+00     32.000          1       4813    1471.23 1.4972e+03  52488.284    200.517 1616448826      -0.08     -0.067   40.16828  -73.32710 0.0000e+00
     30.759     5.6809    32.8561  1026.0410     2.4711     6.9894     98.923   -0.00180    7.12377    7.13717      8.502     0.7804   12.76137   3.220130 9.4236e-02    25.8977    25.8974 1.4405e+00     31.000          1       4855    1471.27 1.5283e+03  52474.406    202.266 1616448827      -0.39     -0.594   40.16828  -73.32710 0.0000e+00
