CalculateIndicators/WaterTemperature/Data/CTD_NYOS/20210525_C29.cnv
* Sea-Bird SBE 9 Data File:
* FileName = C:\Seabird 9 CTD\Data\2021\202105_offshore\20210525_C29.hex
* Software Version Seasave V 7.23.2
* Temperature SN = 4590
* Conductivity SN = 3228
* Number of Bytes Per Scan = 44
* Number of Voltage Words = 5
* Number of Scans Averaged by the Deck Unit = 1
* NMEA Latitude = 39 27.93 N
* NMEA Longitude = 072 02.03 W
* NMEA UTC (Time) = May 25 2021  02:37:59
* NMEA baud rate = 4800
** Ship: seawolf
** Station: 3.5
** Operator: sjw
# nquan = 31
# nvalues = 1186                        
# units = specified
# name 0 = depSM: Depth [salt water, m]
# name 1 = t090C: Temperature [ITS-90, deg C]
# name 2 = sal00: Salinity, Practical [PSU]
# name 3 = density00: Density [density, kg/m^3]
# name 4 = sbeox0V: Oxygen raw, SBE 43 [V]
# name 5 = sbeox0ML/L: Oxygen, SBE 43 [ml/l]
# name 6 = sbeox0PS: Oxygen, SBE 43 [% saturation]
# name 7 = sbox0dV/dT: Oxygen, SBE 43 [dov/dt]
# name 8 = oxsolML/L: Oxygen Saturation, Garcia & Gordon [ml/l]
# name 9 = oxsatML/L: Oxygen Saturation, Weiss [ml/l]
# name 10 = ph: pH
# name 11 = flECO-AFL: Fluorescence, WET Labs ECO-AFL/FL [mg/m^3]
# name 12 = n2satML/L: Nitrogen Saturation [ml/l]
# name 13 = c0S/m: Conductivity [S/m]
# name 14 = cpar: CPAR/Corrected Irradiance [%]
# name 15 = sigma-é00: Density [sigma-theta, kg/m^3]
# name 16 = sigma-t00: Density [sigma-t, kg/m^3 ]
# name 17 = par: PAR/Irradiance, Biospherical/Licor
# name 18 = prDM: Pressure, Digiquartz [db]
# name 19 = pumps: Pump Status
# name 20 = scan: Scan Count
# name 21 = svCM: Sound Velocity [Chen-Millero, m/s]
# name 22 = spar: SPAR, Biospherical/Licor
# name 23 = specc: Specific Conductance [uS/cm]
# name 24 = timeS: Time, Elapsed [seconds]
# name 25 = timeY: Time, System [seconds]
# name 26 = accM: Acceleration [m/s^2]
# name 27 = dz/dtM: Descent Rate [m/s]
# name 28 = latitude: Latitude [deg]
# name 29 = longitude: Longitude [deg]
# name 30 = flag: flag
# span 0 =      2.459,    301.005       
# span 1 =     9.4412,    15.5305       
# span 2 =    34.5125,    35.8101       
# span 3 =  1025.5331,  1028.6140       
# span 4 =     1.3993,     2.6775       
# span 5 =     2.9341,     6.1231       
# span 6 =     46.538,    107.234       
# span 7 =   -0.04558,    0.04330       
# span 8 =    5.64489,    6.37809       
# span 9 =    5.63946,    6.38269       
# span 10 =      7.847,      8.198      
# span 11 =    -0.1126,     1.3016      
# span 12 =   10.29340,   11.49997      
# span 13 =   3.793756,   4.310116      
# span 14 = 5.0640e-11, 1.2397e+05      
# span 15 =    25.4803,    27.2481      
# span 16 =    25.4799,    27.2424      
# span 17 = -3.474e-05, 2.8836e-04      
# span 18 =      2.500,    303.500      
# span 19 =          1,          1      
# span 20 =         68,      40647      
# span 21 =    1493.11,    1508.21      
# span 22 = -4.734e-01, 1.9747e+00      
# span 23 =  52924.243,  55076.792      
# span 24 =      2.807,   1693.596      
# span 25 = 1621910279, 1621911970      
# span 26 =      -1.70,       1.44      
# span 27 =     -2.048,      1.987      
# span 28 =   39.46554,   39.46696      
# span 29 =  -72.04023,  -72.03383      
# span 30 = 0.0000e+00, 0.0000e+00      
# interval = decibars: 0.5              
# start_time = May 25 2021 02:37:56 [System UTC, first data scan.]
# bad_flag = -9.990e-29
*END*
[from data line 655]
    265.287    11.2541    35.4504  1028.2798     1.4920     3.1403     51.266    0.00259    6.12548    6.12660 -9.990e-29    -0.0524   11.08023   3.986160 5.5635e+04    27.0860    27.0798 1.0000e-12    267.500          1      19520    1499.21 8.7606e-01  54964.674    813.295 1621911089      -0.63     -0.903   39.46626  -72.03694 0.0000e+00
    264.786    11.2614    35.4517  1028.2771     1.4928     3.1418     51.287    0.00237    6.12580    6.12693 -9.990e-29    -0.0524   11.08076   3.987087 7.7078e+04    27.0857    27.0794 1.0000e-12    267.000          1      19530    1499.23 4.5263e-01  54965.130    813.705 1621911090      -0.41     -1.114   39.46626  -72.03694 0.0000e+00
    264.287    11.2692    35.4524  1028.2739     1.4934     3.1418     51.289    0.00206    6.12577    6.12690 -9.990e-29    -0.0524   11.08071   3.987809 8.0979e+04    27.0848    27.0786 1.0000e-12    266.500          1      19542    1499.25 3.7560e-01  54964.248    814.202 1621911090      -0.00     -1.202   39.46626  -72.03694 0.0000e+00
    263.793    11.2813    35.4544  1028.2709     1.4948     3.1414     51.288    0.00126    6.12503    6.12615      7.890    -0.0524   11.07947   3.989086 8.7481e+04    27.0841    27.0779 1.0000e-12    266.000          1      19581    1499.28 2.4720e-01  54964.509    815.842 1621911092       0.20     -0.764   39.46626  -72.03695 0.0000e+00
    263.312    11.2861    35.4562  1028.2692     1.4972     3.1377     51.338    0.00075    6.11185    6.11280      7.892 -9.990e-29   11.05760   3.989516 7.9858e+04    27.0846    27.0783 1.0000e-12    265.500          1      19670 -9.990e-29 3.9772e-01  54965.773    819.550 1621911096      -0.04     -0.298   39.46626  -72.03698 0.0000e+00
    262.835    11.2904    35.4568  1028.2667     1.4999     3.1393     51.520    0.00156    6.09328    6.09399      7.896 -9.990e-29   11.02668   3.989927 5.6329e+04    27.0842    27.0780 1.0000e-12    265.000          1      19697    1499.30 8.6236e-01  54965.500    820.654 1621911097      -0.18     -0.290   39.46626  -72.03698 0.0000e+00
    262.334    11.2916    35.4577  1028.2649     1.5019     3.1463     51.706    0.00261    6.08497    6.08557      7.896 -9.990e-29   11.01285   3.990273 9.9921e+04    27.0847    27.0785 1.0000e-12    264.500          1      19707    1499.30 1.5338e-03  54966.230    821.082 1621911097      -0.57     -0.488   39.46626  -72.03698 0.0000e+00
    261.831    11.3032    35.4591  1028.2616     1.5038     3.1540     51.876    0.00356    6.07992    6.08045      7.896 -9.990e-29   11.00448   3.991786 9.9999e+04    27.0837    27.0775 1.0000e-12    264.000          1      19716    1499.34 0.0000e+00  54965.855    821.450 1621911098      -0.75     -0.738   39.46626  -72.03698 0.0000e+00
    261.319    11.3220    35.4606  1028.2568     1.5066     3.1654     52.082    0.00432    6.07774    6.07824      7.898    -0.0658   11.00088   3.993790 9.9999e+04    27.0813    27.0751 1.0000e-12    263.500          1      19724    1499.40 0.0000e+00  54964.225    821.790 1621911098      -0.75     -0.999   39.46626  -72.03698 0.0000e+00
    260.818    11.3515    35.4639  1028.2515     1.5095     3.1801     52.327    0.00552    6.07725    6.07775      7.901    -0.0658   11.00005   3.997362 9.9999e+04    27.0784    27.0722 1.0000e-12    263.000          1      19733    1499.49 0.0000e+00  54963.417    822.158 1621911098      -0.51     -1.230   39.46626  -72.03698 0.0000e+00
    260.318    11.4052    35.4672  1028.2415     1.5142     3.2040     52.704    0.00715    6.07917    6.07969      7.903    -0.0558   11.00323   4.002974 9.9999e+04    27.0710    27.0648 1.0000e-12    262.500          1      19744    1499.68 0.0000e+00  54956.774    822.613 1621911099      -0.05     -1.343   39.46626  -72.03698 0.0000e+00
    259.831    11.5169    35.4801  1028.2280     1.5248     3.2489     53.419    0.00920    6.08189    6.08245      7.906    -0.0528   11.00773   4.015559 9.9999e+04    27.0602    27.0539 1.0000e-12    262.000          1      19771    1500.07 0.0000e+00  54955.302    823.764 1621911100       0.46     -0.910   39.46626  -72.03698 0.0000e+00
    259.349    11.7006    35.5017  1028.2071     1.5515     3.2873     54.450    0.00622    6.03740    6.03737      7.913 -9.990e-29   10.93379   4.035378 9.9999e+04    27.0425    27.0361 1.0000e-12    261.500          1      19883    1500.72 0.0000e+00  54952.467    828.406 1621911105      -0.27     -0.146   39.46626  -72.03700 0.0000e+00
    258.858    11.7670    35.5083  1028.1970     1.5596     3.3104     54.992    0.00814    6.01980    6.01955      7.919 -9.990e-29   10.90460   4.041915 9.0374e+04    27.0351    27.0286 1.0000e-12    261.000          1      19904    1500.95 1.9007e-01  54949.869    829.285 1621911105      -0.19     -0.412   39.46626  -72.03700 0.0000e+00
    258.367    11.7707    35.5148  1028.1991     1.5666     3.3307     55.423    0.00920    6.00969    6.00931      7.923 -9.990e-29   10.88769   4.043021 5.2798e+04    27.0394    27.0330 1.0000e-12    260.500          1      19919    1500.96 9.3208e-01  54957.402    829.922 1621911106      -0.27     -0.547   39.46626  -72.03700 0.0000e+00
    257.867    11.7957    35.5170  1028.1938     1.5735     3.3566     55.881    0.01061    6.00672    6.00631      7.923    -0.0524   10.88264   4.045793 4.6934e+04    27.0364    27.0299 1.0000e-12    260.000          1      19930    1501.04 1.0479e+00  54956.719    830.382 1621911106      -0.42     -0.704   39.46626  -72.03700 0.0000e+00
    257.368    11.8260    35.5191  1028.1872     1.5791     3.3804     56.294    0.01223    6.00490    6.00447      7.925    -0.0545   10.87965   4.049996 8.8289e+04    27.0322    27.0258 1.0000e-12    259.500          1      19939    1501.14 2.3123e-01  54954.724    830.769 1621911107      -0.50     -0.885   39.46626  -72.03701 0.0000e+00
    256.861    11.9284    35.5181  1028.1641     1.5852     3.4048     56.712    0.01359    6.00373    6.00328      7.927    -0.0546   10.87771   4.060689 8.4771e+04    27.0119    27.0054 1.0000e-12    259.000          1      19948    1501.48 3.0071e-01  54932.968    831.138 1621911107      -0.48     -1.070   39.46626  -72.03702 0.0000e+00
    256.361    12.0103    35.5332  1028.1575     1.5921     3.4322     57.181    0.01509    6.00239    6.00192      7.927    -0.0610   10.87548   4.069660 7.4998e+04    27.0080    27.0014 1.0000e-12    258.500          1      19958    1501.77 4.9369e-01  54941.502    831.535 1621911108      -0.29     -1.220   39.46626  -72.03702 0.0000e+00
    255.861    12.0554    35.5310  1028.1445     1.5996     3.4593     57.638    0.01606    6.00175    6.00128      7.928    -0.0685   10.87443   4.073212 9.6007e+04    26.9975    26.9909 1.0000e-12    258.000          1      19969    1501.91 7.8829e-02  54929.161    832.015 1621911108       0.05     -1.267   39.46626  -72.03702 0.0000e+00
    255.371    12.1482    35.5486  1028.1377     1.6104     3.4904     58.142    0.01549    6.00321    6.00275      7.930    -0.0595   10.87684   4.084185 7.6821e+04    26.9934    26.9867 1.0000e-12    257.500          1      19988    1502.24 4.5770e-01  54939.127    832.809 1621911109       0.47     -0.990   39.46626  -72.03702 0.0000e+00
    254.883    12.2146    35.5641  1028.1343     1.6238     3.5033     58.311    0.00919    6.00799    6.00760      7.929    -0.0638   10.88477   4.091522 1.0060e+05    26.9925    26.9859 1.0000e-12    257.000          1      20030    1502.47 -1.181e-02  54948.878    834.549 1621911111       0.13     -0.349   39.46626  -72.03702 0.0000e+00
    254.387    12.2064    35.5661  1028.1353     1.6345     3.4825     58.365    0.00421    5.96676    5.96585      7.934    -0.0704   10.81616   4.090739 6.2148e+04    26.9957    26.9891 1.0000e-12    256.500          1      20126    1502.44 7.4745e-01  54953.194    838.562 1621911115      -1.70     -0.710   39.46628  -72.03704 0.0000e+00
    253.893    12.2192    35.5666  1028.1309     1.6363     3.4900     58.517    0.00501    5.96421    5.96327      7.935    -0.0568   10.81191   4.092010 6.2859e+04    26.9936    26.9870 1.0000e-12    256.000          1      20133    1502.48 7.3341e-01  54951.049    838.829 1621911115      -1.54     -1.111   39.46628  -72.03704 0.0000e+00
    253.387    12.2412    35.5684  1028.1256     1.6386     3.5002     58.692    0.00575    5.96375    5.96280      7.935    -0.0530   10.81118   4.094674 7.6502e+04    26.9906    26.9840 1.0000e-12    255.500          1      20139    1502.55 4.6399e-01  54949.425    839.080 1621911115      -1.26     -1.456   39.46628  -72.03704 0.0000e+00
    252.883    12.2726    35.5721  1028.1199     1.6403     3.5081     58.823    0.00634    5.96387    5.96291      7.935    -0.0543   10.81137   4.098007 8.3202e+04    26.9874    26.9808 1.0000e-12    255.000          1      20145    1502.65 3.3169e-01  54948.317    839.349 1621911115      -0.84     -1.732   39.46628  -72.03704 0.0000e+00
    252.386    12.2962    35.5773  1028.1170     1.6431     3.5202     59.025    0.00703    5.96386    5.96291      7.936    -0.0482   10.81136   4.101355 8.6242e+04    26.9869    26.9802 1.0000e-12    254.500          1      20153    1502.72 2.7165e-01  54953.010    839.660 1621911116      -0.28     -1.888   39.46628  -72.03704 0.0000e+00
    251.889    12.3420    35.5755  1028.1043     1.6447     3.5253     59.114    0.00715    5.96355    5.96260      7.937    -0.0420   10.81084   4.104260 8.6360e+04    26.9765    26.9699 1.0000e-12    254.000          1      20162    1502.87 2.6934e-01  54941.763    840.059 1621911116       0.36     -1.840   39.46628  -72.03704 0.0000e+00
    251.403    12.3632    35.5838  1028.1042     1.6475     3.5282     59.167    0.00605    5.96311    5.96215      7.937    -0.0505   10.81009   4.108165 7.1223e+04    26.9788    26.9721 1.0000e-12    253.500          1      20178    1502.94 5.6825e-01  54949.781    840.706 1621911117       0.80     -1.395   39.46628  -72.03704 0.0000e+00
    250.916    12.5180    35.6015  1028.0846     1.6491     3.5079     58.836    0.00099    5.96228    5.96131      7.937    -0.0684   10.80868   4.125110 7.6050e+04    26.9621    26.9554 1.0000e-12    253.000          1      20241    1503.48 4.7291e-01  54949.126    843.329 1621911119       0.13     -0.437   39.46628  -72.03705 0.0000e+00
    250.418    12.5143    35.6018  1028.0834     1.6492     3.4886     58.551   -0.00231    5.95835    5.95733 -9.990e-29    -0.0691   10.80214   4.123806 9.9265e+04    26.9631    26.9564 1.0000e-12    252.500          1      20313    1503.46 1.4486e-02  54949.818    846.335 1621911122      -0.35     -0.594   39.46628  -72.03706 0.0000e+00
    249.926    12.5270    35.6024  1028.0791     1.6485     3.4875     58.557   -0.00174    5.95574    5.95469      7.940    -0.0572   10.79780   4.125098 9.6241e+04    26.9611    26.9544 1.0000e-12    252.000          1      20337    1503.49 7.4206e-02  54948.348    847.333 1621911123       0.12     -0.652   39.46628  -72.03706 0.0000e+00
    249.441    12.5431    35.6041  1028.0750     1.6501     3.5000     58.800    0.00041    5.95233    5.95124      7.941    -0.0549   10.79214   4.126843 4.4500e+04    26.9592    26.9525 1.0000e-12    251.500          1      20362    1503.54 1.0959e+00  54947.896    848.373 1621911124       0.09     -0.478   39.46628  -72.03708 0.0000e+00
    248.944    12.5536    35.6072  1028.0730     1.6522     3.5121     59.023    0.00189    5.95045    5.94934      7.943    -0.0710   10.78901   4.128153 6.5060e+04    26.9596    26.9528 1.0000e-12    251.000          1      20379    1503.57 6.8995e-01  54950.210    849.065 1621911125      -0.21     -0.530   39.46628  -72.03708 0.0000e+00
    248.443    12.5677    35.6087  1028.0691     1.6551     3.5268     59.273    0.00324    5.95016    5.94904      7.944    -0.0687   10.78851   4.129654 4.2238e+04    26.9580    26.9512 1.0000e-12    250.500          1      20392    1503.61 1.1406e+00  54949.777    849.627 1621911126      -0.31     -0.688   39.46628  -72.03708 0.0000e+00
    247.943    12.5777    35.6105  1028.0662     1.6578     3.5391     59.483    0.00415    5.94970    5.94857      7.944    -0.0531   10.78774   4.130828 8.4877e+04    26.9574    26.9506 1.0000e-12    250.000          1      20405    1503.64 2.9862e-01  54950.323    850.177 1621911126      -0.20     -0.833   39.46628  -72.03708 0.0000e+00
    247.445    12.5942    35.6103  1028.0604     1.6615     3.5547     59.754    0.00523    5.94888    5.94774      7.944    -0.0669   10.78637   4.132414 8.9904e+04    26.9539    26.9472 1.0000e-12    249.500          1      20420    1503.69 1.9935e-01  54947.017    850.778 1621911127      -0.01     -0.890   39.46628  -72.03708 0.0000e+00
    246.948    12.6153    35.6128  1028.0558     1.6651     3.5638     59.920    0.00507    5.94763    5.94648      7.944    -0.0795   10.78429   4.134666 7.1991e+04    26.9516    26.9449 1.0000e-12    249.000          1      20441    1503.75 5.5308e-01  54946.861    851.655 1621911128       0.24     -0.755   39.46628  -72.03708 0.0000e+00
    246.464    12.6300    35.6159  1028.0531     1.6715     3.5792     60.173    0.00417    5.94827    5.94713      7.946    -0.0597   10.78536   4.136247 5.5160e+04    26.9511    26.9444 1.0000e-12    248.500          1      20477    1503.80 8.8545e-01  54948.564    853.168 1621911129       0.17     -0.332   39.46628  -72.03708 0.0000e+00
    245.958    12.6438    35.6180  1028.0497     1.6745     3.5795     60.182    0.00247    5.94777    5.94662      7.947    -0.0592   10.78453   4.137787 8.6576e+04    26.9500    26.9433 1.0000e-12    248.000          1      20520    1503.84 2.6506e-01  54949.074    854.973 1621911131      -0.28     -0.320   39.46628  -72.03708 0.0000e+00
    245.473    12.6447    35.6186  1028.0478     1.6764     3.5700     60.041   -0.00014    5.94600    5.94483      7.944    -0.0669   10.78164   4.137698 7.0507e+04    26.9503    26.9436 1.0000e-12    247.500          1      20589    1503.83 5.8239e-01  54949.396    857.829 1621911134      -0.88     -0.406   39.46628  -72.03710 0.0000e+00
    244.970    12.6458    35.6184  1028.0451     1.6751     3.5616     59.909   -0.00097    5.94491    5.94373      7.944    -0.0601   10.77984   4.137758 9.5628e+04    26.9499    26.9432 1.0000e-12    247.000          1      20600    1503.83 8.6318e-02  54948.684    858.301 1621911134      -0.74     -0.759   39.46628  -72.03710 0.0000e+00
    244.471    12.6466    35.6171  1028.0417     1.6733     3.5504     59.724   -0.00212    5.94468    5.94349      7.944    -0.0602   10.77946   4.137605 9.9996e+04    26.9487    26.9420 1.0000e-12    246.500          1      20611    1503.82 6.7510e-05  54946.354    858.750 1621911135      -0.41     -1.014   39.46628  -72.03710 0.0000e+00
    243.975    12.6464    35.6151  1028.0380     1.6712     3.5384     59.526   -0.00324    5.94419    5.94299      7.945    -0.0565   10.77865   4.137377 9.9999e+04    26.9472    26.9405 1.0000e-12    246.000          1      20623    1503.81 0.0000e+00  54943.409    859.254 1621911135      -0.02     -1.107   39.46628  -72.03710 0.0000e+00
    243.482    12.6507    35.6136  1028.0338     1.6702     3.5339     59.458   -0.00345    5.94353    5.94233      7.945    -0.0559   10.77754   4.137674 9.9999e+04    26.9452    26.9386 1.0000e-12    245.500          1      20637    1503.81 0.0000e+00  54940.477    859.853 1621911136       0.23     -1.023   39.46628  -72.03710 0.0000e+00
    242.991    12.6555    35.6135  1028.0305     1.6694     3.5369     59.510   -0.00231    5.94343    5.94223      7.946    -0.0567   10.77738   4.138140 9.9999e+04    26.9442    26.9375 1.0000e-12    245.000          1      20654    1503.82 0.0000e+00  54939.214    860.533 1621911137       0.23     -0.854   39.46628  -72.03710 0.0000e+00
