CalculateIndicators/WaterTemperature/Data/CTD_NYOS/20210521_C06.cnv
* Sea-Bird SBE 9 Data File:
* FileName = C:\Seabird 9 CTD\Data\2021\202105_offshore\20210521_C06.hex
* Software Version Seasave V 7.23.2
* Temperature SN = 4590
* Conductivity SN = 3228
* Number of Bytes Per Scan = 44
* Number of Voltage Words = 5
* Number of Scans Averaged by the Deck Unit = 1
* NMEA Latitude = 38 32.36 N
* NMEA Longitude = 073 04.17 W
* NMEA UTC (Time) = May 21 2021  23:17:53
* NMEA baud rate = 4800
** Ship: seawolf
** Station: 7.6
** Operator: EIH
# nquan = 31
# nvalues = 1206                        
# units = specified
# name 0 = depSM: Depth [salt water, m]
# name 1 = t090C: Temperature [ITS-90, deg C]
# name 2 = sal00: Salinity, Practical [PSU]
# name 3 = density00: Density [density, kg/m^3]
# name 4 = sbeox0V: Oxygen raw, SBE 43 [V]
# name 5 = sbeox0ML/L: Oxygen, SBE 43 [ml/l]
# name 6 = sbeox0PS: Oxygen, SBE 43 [% saturation]
# name 7 = sbox0dV/dT: Oxygen, SBE 43 [dov/dt]
# name 8 = oxsolML/L: Oxygen Saturation, Garcia & Gordon [ml/l]
# name 9 = oxsatML/L: Oxygen Saturation, Weiss [ml/l]
# name 10 = ph: pH
# name 11 = flECO-AFL: Fluorescence, WET Labs ECO-AFL/FL [mg/m^3]
# name 12 = n2satML/L: Nitrogen Saturation [ml/l]
# name 13 = c0S/m: Conductivity [S/m]
# name 14 = cpar: CPAR/Corrected Irradiance [%]
# name 15 = sigma-é00: Density [sigma-theta, kg/m^3]
# name 16 = sigma-t00: Density [sigma-t, kg/m^3 ]
# name 17 = par: PAR/Irradiance, Biospherical/Licor
# name 18 = prDM: Pressure, Digiquartz [db]
# name 19 = pumps: Pump Status
# name 20 = scan: Scan Count
# name 21 = svCM: Sound Velocity [Chen-Millero, m/s]
# name 22 = spar: SPAR, Biospherical/Licor
# name 23 = specc: Specific Conductance [uS/cm]
# name 24 = timeS: Time, Elapsed [seconds]
# name 25 = timeY: Time, System [seconds]
# name 26 = accM: Acceleration [m/s^2]
# name 27 = dz/dtM: Descent Rate [m/s]
# name 28 = latitude: Latitude [deg]
# name 29 = longitude: Longitude [deg]
# name 30 = flag: flag
# span 0 =      1.952,    301.021       
# span 1 =     9.9629,    15.7586       
# span 2 =    33.3992,    35.8207       
# span 3 =  1024.6639,  1028.5611       
# span 4 =     1.4159,     2.7953       
# span 5 =     2.8697,     6.4312       
# span 6 =     47.012,    113.042       
# span 7 =   -0.05835,    0.12527       
# span 8 =    5.62592,    6.30785       
# span 9 =    5.62025,    6.31145       
# span 10 =      7.835,      8.196      
# span 11 =    -0.0966,     0.7239      
# span 12 =   10.26252,   11.38342      
# span 13 =   3.848224,   4.336523      
# span 14 = 1.3683e-12, 2.1799e+02      
# span 15 =    24.6553,    27.1986      
# span 16 =    24.6552,    27.1926      
# span 17 = 1.0000e-12, 2.2782e+01      
# span 18 =      2.000,    303.500      
# span 19 =          1,          1      
# span 20 =         25,      39690      
# span 21 =    1495.05,    1508.80      
# span 22 = 8.0438e+00, 7.7015e+01      
# span 23 =  51407.630,  55032.005      
# span 24 =      0.981,   1653.709      
# span 25 = 1621639075, 1621640728      
# span 26 =      -1.02,       1.06      
# span 27 =     -1.582,      1.582      
# span 28 =   38.53946,   38.54409      
# span 29 =  -73.06962,  -73.06836      
# span 30 = 0.0000e+00, 0.0000e+00      
# interval = decibars: 0.5              
# start_time = May 21 2021 23:17:54 [System UTC, first data scan.]
# bad_flag = -9.990e-29
*END*
[from data line 328]
    164.675    13.5483    35.7147  1027.5730     1.9731     4.3090     74.013   -0.00186    5.82200    5.81934      8.006    -0.0646   10.57498   4.233603 1.6335e-12    26.8393    26.8344 1.0000e-12    166.000          1       8588    1505.59 6.1217e+01  54899.590    357.780 1621639432       0.24      0.204   38.54039  -73.06922 0.0000e+00
    165.171    13.6063    35.7311  1027.5757     1.9648     4.2604     73.155   -0.00781    5.82380    5.82115      8.006    -0.0511   10.57796   4.240741 1.6335e-12    26.8400    26.8351 1.0000e-12    166.500          1       8605    1505.81 6.1217e+01  54914.269    358.487 1621639432       0.33      0.442   38.54040  -73.06922 0.0000e+00
    165.673    13.6182    35.7357  1027.5789     1.9577     4.2304     72.638   -0.01005    5.82389    5.82125      8.006    -0.0660   10.57811   4.242819 1.6335e-12    26.8411    26.8362 1.0000e-12    167.000          1       8618    1505.86 6.1217e+01  54919.195    359.048 1621639433       0.36      0.640   38.54040  -73.06922 0.0000e+00
    166.177    13.6446    35.7444  1027.5823     1.9505     4.2015     72.143   -0.01188    5.82385    5.82120      8.005    -0.0923   10.57804   4.246402 1.6335e-12    26.8423    26.8373 1.0000e-12    167.500          1       8631    1505.97 6.1217e+01  54927.785    359.576 1621639433       0.28      0.812   38.54040  -73.06922 0.0000e+00
    166.676    13.6512    35.7474  1027.5854     1.9425     4.1739     71.668   -0.01297    5.82402    5.82138      8.003    -0.0847   10.57832   4.246936 1.6335e-12    26.8433    26.8383 1.0000e-12    168.000          1       8646    1506.00 6.1217e+01  54931.222    360.208 1621639434      -0.00      0.895   38.54040  -73.06922 0.0000e+00
    167.166    13.6368    35.7489  1027.5919     1.9322     4.1530     71.301   -0.01107    5.82461    5.82197      8.001    -0.0708   10.57928   4.245577 1.6335e-12    26.8475    26.8425 1.0000e-12    168.500          1       8672    1505.96 6.1217e+01  54935.635    361.310 1621639435      -0.32      0.629   38.54040  -73.06920 0.0000e+00
    167.656    13.6323    35.7497  1027.5956     1.9220     4.1439     71.101   -0.00714    5.82823    5.82563      7.999    -0.0629   10.58532   4.245236 1.6335e-12    26.8490    26.8440 1.0000e-12    169.000          1       8708    1505.96 6.1217e+01  54937.604    362.772 1621639437      -0.01      0.320   38.54040  -73.06920 0.0000e+00
    168.150    13.6286    35.7502  1027.5990     1.9143     4.1279     70.780   -0.00643    5.83197    5.82943      7.996    -0.0528   10.59155   4.244912 1.6335e-12    26.8502    26.8452 1.0000e-12    169.500          1       8733    1505.95 6.1217e+01  54939.134    363.846 1621639438       0.12      0.411   38.54040  -73.06920 0.0000e+00
    168.645    13.6241    35.7502  1027.6022     1.9040     4.0851     70.054   -0.00930    5.83139    5.82884      7.995    -0.0658   10.59059   4.244455 1.6335e-12    26.8512    26.8461 1.0000e-12    170.000          1       8752    1505.95 6.1217e+01  54940.031    364.631 1621639439       0.17      0.521   38.54040  -73.06920 0.0000e+00
    169.143    13.6175    35.7496  1027.6053     1.8963     4.0484     69.453   -0.01212    5.82897    5.82639      7.994    -0.0658   10.58656   4.243486 1.6335e-12    26.8521    26.8470 1.0000e-12    170.500          1       8768    1505.93 6.1217e+01  54940.452    365.272 1621639439       0.21      0.644   38.54040  -73.06920 0.0000e+00
    169.647    13.5920    35.7452  1027.6096     1.8901     4.0302     69.135   -0.01226    5.82939    5.82682      7.994    -0.0659   10.58726   4.240256 1.6335e-12    26.8540    26.8489 1.0000e-12    171.000          1       8782    1505.86 6.1217e+01  54938.257    365.869 1621639440       0.16      0.759   38.54040  -73.06920 0.0000e+00
    170.148    13.5710    35.7435  1027.6149     1.8852     4.0325     69.157   -0.00881    5.83090    5.82834      7.995    -0.0762   10.58979   4.238359 1.6335e-12    26.8570    26.8520 1.0000e-12    171.500          1       8805    1505.79 6.1217e+01  54939.156    366.813 1621639441      -0.09      0.713   38.54040  -73.06920 0.0000e+00
    170.622    13.5899    35.7433  1027.6129     1.8750     4.0287     69.031   -0.00393    5.83599    5.83349 -9.990e-29    -0.0642   10.59826   4.240007 1.6335e-12    26.8530    26.8479 1.0000e-12    172.000          1       8873    1505.86 6.1217e+01  54936.392    369.669 1621639444       0.52      0.066   38.54042  -73.06920 0.0000e+00
    171.131    13.5506    35.7395  1027.6205     1.8696     3.9971     68.492   -0.00759    5.83586    5.83336 -9.990e-29    -0.0594   10.59804   4.235683 1.6335e-12    26.8582    26.8531 1.0000e-12    172.500          1       8886    1505.74 6.1217e+01  54937.124    370.190 1621639444       0.62      0.471   38.54042  -73.06920 0.0000e+00
    171.631    13.5390    35.7392  1027.6250     1.8658     3.9828     68.248   -0.00834    5.83574    5.83324 -9.990e-29    -0.0526   10.59783   4.234724 1.6335e-12    26.8604    26.8553 1.0000e-12    173.000          1       8901    1505.70 6.1217e+01  54938.601    370.818 1621639445       0.27      0.752   38.54042  -73.06920 0.0000e+00
    172.121    13.5360    35.7387  1027.6275     1.8621     3.9812     68.223   -0.00629    5.83563    5.83312      7.989    -0.0633   10.59763   4.234460 1.6335e-12    26.8607    26.8556 1.0000e-12    173.500          1       8919    1505.70 6.1217e+01  54938.702    371.598 1621639445      -0.15      0.760   38.54042  -73.06920 0.0000e+00
    172.614    13.5353    35.7386  1027.6297     1.8590     3.9797     68.198   -0.00462    5.83555    5.83305      7.990    -0.0642   10.59751   4.234419 1.6335e-12    26.8607    26.8556 1.0000e-12    174.000          1       8938    1505.71 6.1217e+01  54938.851    372.376 1621639446      -0.09      0.644   38.54042  -73.06920 0.0000e+00
    173.116    13.5348    35.7387  1027.6322     1.8572     3.9787     68.179   -0.00374    5.83557    5.83307      7.988    -0.0644   10.59754   4.234405 1.6335e-12    26.8609    26.8558 1.0000e-12    174.500          1       8955    1505.72 6.1217e+01  54939.372    373.070 1621639447       0.09      0.659   38.54042  -73.06920 0.0000e+00
    173.611    13.5355    35.7395  1027.6348     1.8553     3.9779     68.166   -0.00262    5.83553    5.83303      7.988    -0.0655   10.59748   4.234631 1.6335e-12    26.8614    26.8563 1.0000e-12    175.000          1       8974    1505.73 6.1217e+01  54940.710    373.891 1621639448      -0.06      0.683   38.54042  -73.06920 0.0000e+00
    174.102    13.5365    35.7401  1027.6373     1.8532     3.9729     68.082   -0.00235    5.83543    5.83292      7.988    -0.0909   10.59730   4.234814 1.6335e-12    26.8617    26.8565 1.0000e-12    175.500          1       8998    1505.74 6.1217e+01  54941.602    374.854 1621639449      -0.12      0.560   38.54042  -73.06920 0.0000e+00
    174.607    13.5366    35.7404  1027.6398     1.8520     3.9731     68.075   -0.00177    5.83629    5.83380      7.989    -0.0684   10.59875   4.234880 1.6335e-12    26.8619    26.8567 1.0000e-12    176.000          1       9020    1505.75 6.1217e+01  54942.378    375.805 1621639450      -0.01      0.537   38.54043  -73.06919 0.0000e+00
    175.079    13.5392    35.7399  1027.6409     1.8438     3.9553     67.586   -0.00323    5.85223    5.84992      7.983    -0.0773   10.62529   4.235025 1.6335e-12    26.8610    26.8558 1.0000e-12    176.500          1       9089    1505.76 6.1217e+01  54941.503    378.676 1621639453       0.30      0.038   38.54044  -73.06918 0.0000e+00
    175.590    13.5188    35.7375  1027.6457     1.8363     3.9176     66.904   -0.00734    5.85552    5.85326      7.981    -0.0726   10.63081   4.232332 1.6335e-12    26.8634    26.8582 1.0000e-12    177.000          1       9102    1505.70 6.1217e+01  54941.452    379.208 1621639453       0.72      0.372   38.54044  -73.06918 0.0000e+00
    176.095    13.4880    35.7349  1027.6524     1.8293     3.8822     66.286   -0.01089    5.85680    5.85455      7.979    -0.0642   10.63293   4.229039 1.6335e-12    26.8678    26.8626 1.0000e-12    177.500          1       9114    1505.61 6.1217e+01  54942.549    379.723 1621639454       0.60      0.718   38.54044  -73.06918 0.0000e+00
    176.592    13.4518    35.7298  1027.6583     1.8213     3.8508     65.738   -0.01294    5.85784    5.85561      7.978    -0.0699   10.63468   4.224780 1.6335e-12    26.8713    26.8661 1.0000e-12    178.000          1       9130    1505.49 6.1217e+01  54940.962    380.357 1621639454       0.06      0.910   38.54044  -73.06918 0.0000e+00
    177.078    13.4154    35.7253  1027.6646     1.8106     3.8223     65.238   -0.01248    5.85897    5.85674      7.976    -0.0693   10.63655   4.220893 1.6335e-12    26.8754    26.8702 1.0000e-12    178.500          1       9151    1505.38 6.1217e+01  54940.321    381.261 1621639455      -0.33      0.721   38.54044  -73.06918 0.0000e+00
    177.574    13.3800    35.7182  1027.6687     1.8024     3.8064     64.960   -0.01081    5.85962    5.85740      7.976    -0.0536   10.63764   4.216513 1.6335e-12    26.8771    26.8719 1.0000e-12    179.000          1       9173    1505.26 6.1217e+01  54935.750    382.169 1621639456      -0.05      0.536   38.54044  -73.06918 0.0000e+00
    178.076    13.3612    35.7152  1027.6726     1.7965     3.8017     64.876   -0.00805    5.85999    5.85778      7.975    -0.0666   10.63827   4.214584 1.6335e-12    26.8787    26.8735 1.0000e-12    179.500          1       9195    1505.20 6.1217e+01  54934.600    383.073 1621639457       0.01      0.564   38.54044  -73.06918 0.0000e+00
    178.568    13.3475    35.7126  1027.6756     1.7902     3.8013     64.820   -0.00484    5.86438    5.86222      7.974    -0.0746   10.64561   4.213063 1.6335e-12    26.8795    26.8743 1.0000e-12    180.000          1       9230    1505.16 6.1217e+01  54933.365    384.562 1621639458      -0.15      0.390   38.54046  -73.06916 0.0000e+00
    179.054    13.3387    35.7106  1027.6781     1.7836     3.7943     64.625   -0.00331    5.87125    5.86916      7.971    -0.0681   10.65707   4.212053 1.6363e-12    26.8798    26.8746 1.0000e-12    180.500          1       9275    1505.14 6.1217e+01  54932.208    386.396 1621639460       0.07      0.228   38.54046  -73.06918 0.0000e+00
    179.551    13.3275    35.7082  1027.6808     1.7796     3.7793     64.361   -0.00421    5.87206    5.86999      7.970    -0.0619   10.65843   4.210508 1.6358e-12    26.8802    26.8750 1.0000e-12    181.000          1       9293    1505.11 6.1217e+01  54930.748    387.185 1621639461       0.32      0.402   38.54046  -73.06918 0.0000e+00
    180.050    13.2997    35.7022  1027.6842     1.7752     3.7616     64.058   -0.00528    5.87215    5.87008      7.970    -0.0610   10.65858   4.206817 1.6426e-12    26.8813    26.8761 1.0000e-12    181.500          1       9307    1505.02 6.1217e+01  54926.726    387.761 1621639462       0.38      0.612   38.54046  -73.06918 0.0000e+00
    180.550    13.2737    35.6996  1027.6898     1.7716     3.7433     63.779   -0.00659    5.86922    5.86711      7.970    -0.0599   10.65370   4.204336 1.6373e-12    26.8846    26.8793 1.0000e-12    182.000          1       9320    1504.94 -9.990e-29  54927.298    388.280 1621639462       0.31      0.795   38.54046  -73.06918 0.0000e+00
    181.050    13.2620    35.6972  1027.6927     1.7685     3.7309     63.604   -0.00684    5.86577    5.86361      7.970    -0.0638   10.64800   4.202936 1.6334e-12    26.8852    26.8799 1.0000e-12    182.500          1       9332    1504.90 -9.990e-29  54925.989    388.800 1621639463       0.16      0.913   38.54046  -73.06917 0.0000e+00
    181.551    13.2539    35.6959  1027.6956     1.7647     3.7219     63.431   -0.00664    5.86765    5.86553      7.970    -0.0680   10.65109   4.202122 1.6335e-12    26.8858    26.8806 1.0000e-12    183.000          1       9347    1504.88 -9.990e-29  54925.728    389.399 1621639463      -0.04      0.941   38.54046  -73.06916 0.0000e+00
    182.040    13.2655    35.6952  1027.6948     1.7631     3.7406     63.668   -0.00267    5.87526    5.87322      7.969    -0.0599   10.66378   4.203398 1.6337e-12    26.8829    26.8777 1.0000e-12    183.500          1       9384    1504.93 6.1204e+01  54923.473    390.956 1621639465      -0.23      0.480   38.54047  -73.06916 0.0000e+00
    182.529    13.2579    35.6940  1027.6977     1.7577     3.7251     63.358   -0.00325    5.87935    5.87736      7.966    -0.0713   10.67060   4.202031 1.6553e-12    26.8836    26.8783 1.0000e-12    184.000          1       9432    1504.91 6.0427e+01  54923.042    392.945 1621639467       0.31      0.192   38.54048  -73.06916 0.0000e+00
    183.030    13.2080    35.6878  1027.7055     1.7526     3.7010     62.932   -0.00560    5.88096    5.87899      7.966    -0.0615   10.67330   4.196845 1.6856e-12    26.8890    26.8837 1.0000e-12    184.500          1       9453    1504.75 5.9328e+01  54922.129    393.851 1621639468       0.18      0.471   38.54048  -73.06916 0.0000e+00
    183.526    13.1989    35.6858  1027.7080     1.7488     3.6989     62.844   -0.00439    5.88589    5.88398      7.966    -0.0731   10.68154   4.195787 1.6860e-12    26.8893    26.8840 1.0000e-12    185.000          1       9479    1504.72 5.9315e+01  54920.936    394.914 1621639469      -0.06      0.503   38.54048  -73.06916 0.0000e+00
    184.018    13.1861    35.6829  1027.7107     1.7453     3.7034     62.807   -0.00287    5.89650    5.89472      7.961    -0.0589   10.69920   4.194221 1.6837e-12    26.8897    26.8844 1.0000e-12    185.500          1       9506    1504.69 5.9240e+01  54919.210    396.055 1621639470      -0.02      0.439   38.54048  -73.06916 0.0000e+00
    184.508    13.1733    35.6807  1027.7138     1.7391     3.6790     62.375   -0.00453    5.89819    5.89643      7.957    -0.0619   10.70201   4.192808 1.6850e-12    26.8905    26.8852 1.0000e-12    186.000          1       9529    1504.65 -9.990e-29  54918.242    396.985 1621639471       0.10      0.469   38.54048  -73.06916 0.0000e+00
    185.002    13.1680    35.6792  1027.7159     1.7320     3.6442     61.787   -0.00751    5.89807    5.89631      7.957    -0.0581   10.70181   4.191947 1.6838e-12    26.8905    26.8852 1.0000e-12    186.500          1       9544    1504.64 -9.990e-29  54917.500    397.606 1621639471       0.25      0.575   38.54048  -73.06916 0.0000e+00
    185.505    13.1182    35.6680  1027.7198     1.7250     3.6115     61.232   -0.01019    5.89801    5.89625      7.957    -0.0600   10.70172   4.184950 1.6831e-12    26.8919    26.8866 1.0000e-12    187.000          1       9555    1504.47 -9.990e-29  54909.203    398.083 1621639472       0.37      0.731   38.54048  -73.06916 0.0000e+00
    186.012    13.0844    35.6670  1027.7283     1.7191     3.5843     60.769   -0.01240    5.89823    5.89647      7.957    -0.0623   10.70208   4.181903 1.6880e-12    26.8980    26.8927 1.0000e-12    187.500          1       9566    1504.37 -9.990e-29  54913.399    398.542 1621639472       0.36      0.905   38.54048  -73.06916 0.0000e+00
    186.512    13.0459    35.6631  1027.7355     1.7134     3.5658     60.453   -0.01277    5.89839    5.89663      7.957    -0.0736   10.70235   4.178117 1.6880e-12    26.9028    26.8975 1.0000e-12    188.000          1       9579    1504.24 -9.990e-29  54914.091    399.093 1621639473       0.07      1.021   38.54050  -73.06916 0.0000e+00
    187.000    13.0394    35.6626  1027.7386     1.7063     3.5595     60.421   -0.00853    5.89115    5.88931      7.956    -0.0730   10.69030   4.177682 1.6823e-12    26.9037    26.8984 1.0000e-12    188.500          1       9607    1504.22 5.9422e+01  54914.662    400.250 1621639474      -0.37      0.666   38.54050  -73.06916 0.0000e+00
