CalculateIndicators/WaterTemperature/Data/CTD_NYOS/20210324_C24.cnv
* Sea-Bird SBE 9 Data File:
* FileName = C:\Seabird 9 CTD\Data\2021\202103_offshore\20210324_C24.hex
* Software Version Seasave V 7.23.2
* Temperature SN = 4590
* Conductivity SN = 3228
* Number of Bytes Per Scan = 44
* Number of Voltage Words = 5
* Number of Scans Averaged by the Deck Unit = 1
* NMEA Latitude = 39 31.57 N
* NMEA Longitude = 072 23.63 W
* NMEA UTC (Time) = Mar 24 2021  11:46:31
* NMEA baud rate = 4800
** Ship: RV Seawolf
** Station: 4.5
** Operator: tcm
# nquan = 31
# nvalues = 607                         
# units = specified
# name 0 = depSM: Depth [salt water, m]
# name 1 = t090C: Temperature [ITS-90, deg C]
# name 2 = sal00: Salinity, Practical [PSU]
# name 3 = density00: Density [density, kg/m^3]
# name 4 = sbeox0V: Oxygen raw, SBE 43 [V]
# name 5 = sbeox0ML/L: Oxygen, SBE 43 [ml/l]
# name 6 = sbeox0PS: Oxygen, SBE 43 [% saturation]
# name 7 = sbox0dV/dT: Oxygen, SBE 43 [dov/dt]
# name 8 = oxsolML/L: Oxygen Saturation, Garcia & Gordon [ml/l]
# name 9 = oxsatML/L: Oxygen Saturation, Weiss [ml/l]
# name 10 = ph: pH
# name 11 = flECO-AFL: Fluorescence, WET Labs ECO-AFL/FL [mg/m^3]
# name 12 = n2satML/L: Nitrogen Saturation [ml/l]
# name 13 = c0S/m: Conductivity [S/m]
# name 14 = cpar: CPAR/Corrected Irradiance [%]
# name 15 = sigma-é00: Density [sigma-theta, kg/m^3]
# name 16 = sigma-t00: Density [sigma-t, kg/m^3 ]
# name 17 = par: PAR/Irradiance, Biospherical/Licor
# name 18 = prDM: Pressure, Digiquartz [db]
# name 19 = pumps: Pump Status
# name 20 = scan: Scan Count
# name 21 = svCM: Sound Velocity [Chen-Millero, m/s]
# name 22 = spar: SPAR, Biospherical/Licor
# name 23 = specc: Specific Conductance [uS/cm]
# name 24 = timeS: Time, Elapsed [seconds]
# name 25 = timeY: Time, System [seconds]
# name 26 = accM: Acceleration [m/s^2]
# name 27 = dz/dtM: Descent Rate [m/s]
# name 28 = latitude: Latitude [deg]
# name 29 = longitude: Longitude [deg]
# name 30 = flag: flag
# span 0 =      1.982,    302.481       
# span 1 =     8.9613,    13.9628       
# span 2 =    33.7895,    35.7708       
# span 3 =  1026.1709,  1028.3774       
# span 4 =     1.5426,     2.5914       
# span 5 =     3.2489,     6.7311       
# span 6 =     53.644,    104.113       
# span 7 =   -0.02084,    0.02879       
# span 8 =    5.78495,    6.51018       
# span 9 =    5.78183,    6.51530       
# span 10 =      8.381,      8.570      
# span 11 =    -0.0738,     0.7278      
# span 12 =   10.51343,   11.73508      
# span 13 =   3.597236,   4.280630      
# span 14 = -1.808e-04, 2.4632e+01      
# span 15 =    26.1616,    27.0207      
# span 16 =    26.1616,    27.0130      
# span 17 = -7.006e-04, 1.6345e+02      
# span 18 =      2.000,    305.000      
# span 19 =          1,          1      
# span 20 =         34,      46098      
# span 21 =    1484.93,    1507.22      
# span 22 = 3.6762e+02, 8.0312e+02      
# span 23 =  52913.791,  54965.440      
# span 24 =      1.388,   1920.718      
# span 25 = 1616586393, 1616588312      
# span 26 =      -1.24,       1.31      
# span 27 =     -1.596,      1.605      
# span 28 =   39.52604,   39.52626      
# span 29 =  -72.39756,  -72.39388      
# span 30 = 0.0000e+00, 0.0000e+00      
# interval = decibars: 1                
# start_time = Mar 24 2021 11:46:32 [System UTC, first data scan.]
# bad_flag = -9.990e-29
*END*
[from data line 562]
     45.631     9.2842    34.1151  1026.5885     2.4410     6.2457     96.682   -0.00126    6.45306    6.45762      8.542     0.2255   11.63735   3.658143 5.5938e-02    26.3804    26.3796 3.7710e-01     46.000          1      41034    1486.91 6.7421e+02  53350.466   1709.726 1616588101      -0.04     -1.113   39.52624  -72.39710 0.0000e+00
     44.655     9.2463    34.1012  1026.5793     2.4400     6.2589     96.727   -0.00003    6.46090    6.46556 -9.990e-29     0.2659   11.65050   3.652822 6.5658e-02    26.3756    26.3748 4.5543e-01     45.000          1      41172    1486.74 6.9361e+02  53338.282   1715.442 1616588107      -0.41     -0.595   39.52624  -72.39712 0.0000e+00
     43.652     9.2221    34.0950  1026.5738     2.4408     6.2682     96.818    0.00058    6.46460    6.46931 -9.990e-29     0.2691   11.65671   3.650266 7.3590e-02    26.3746    26.3739 5.0744e-01     44.000          1      41221    1486.63 6.8964e+02  53334.182   1717.508 1616588109      -0.79     -1.060   39.52624  -72.39712 0.0000e+00
     42.651     9.2070    34.0895  1026.5674     2.4435     6.2776     96.993    0.00113    6.46551    6.47023      8.547     0.2665   11.65825   3.648431 8.4551e-02    26.3728    26.3720 5.8665e-01     43.000          1      41271    1486.55 6.9384e+02  53329.116   1719.565 1616588111      -0.02     -1.123   39.52624  -72.39712 0.0000e+00
     41.677     9.1972    34.0853  1026.5612     2.4508     6.3158     97.278    0.00043    6.46843    6.47319      8.547     0.3570   11.66317   3.647225 9.3942e-02    26.3710    26.3703 6.7701e-01     42.000          1      41393    1486.49 7.2084e+02  53324.591   1724.665 1616588116      -0.30     -0.669   39.52624  -72.39712 0.0000e+00
     40.674     9.1843    34.0802  1026.5547     2.4582     6.3550     97.855    0.00282    6.46836    6.47311      8.548     0.3858   11.66306   3.645408 1.0778e-01    26.3691    26.3684 7.6694e-01     41.000          1      41439    1486.42 7.1189e+02  53319.569   1726.595 1616588118      -0.09     -0.748   39.52624  -72.39713 0.0000e+00
     39.687     9.1704    34.0732  1026.5469     2.4723     6.3833     98.542    0.00292    6.46873    6.47348      8.552     0.3573   11.66369   3.643515 1.1593e-01    26.3658    26.3651 8.5539e-01     40.000          1      41537    1486.35 7.3787e+02  53312.095   1730.681 1616588122      -0.49     -0.764   39.52625  -72.39714 0.0000e+00
     38.689     9.1732    34.0722  1026.5411     2.4793     6.4031     98.899    0.00319    6.46771    6.47245      8.556     0.4086   11.66200   3.643691 1.3329e-01    26.3646    26.3639 9.7993e-01     39.000          1      41597    1486.34 7.3513e+02  53309.403   1733.168 1616588125      -0.09     -0.769   39.52625  -72.39715 0.0000e+00
     37.699     9.1849    34.0727  1026.5351     2.4917     6.4546     99.612    0.00463    6.46525    6.46996      8.556     0.4880   11.65793   3.644851 1.4782e-01    26.3631    26.3624 1.1040e+00     38.000          1      41686    1486.37 7.4674e+02  53307.006   1736.895 1616588128      -0.22     -0.835   39.52626  -72.39716 0.0000e+00
     36.710     9.1912    34.0734  1026.5301     2.4991     6.4621     99.918    0.00396    6.46531    6.47002      8.556     0.4490   11.65803   3.645479 1.6779e-01    26.3626    26.3620 1.2485e+00     37.000          1      41734    1486.37 7.4432e+02  53305.945   1738.857 1616588130       0.16     -0.592   39.52626  -72.39716 0.0000e+00
     35.720     9.1941    34.0738  1026.5254     2.5061     6.4653     99.978    0.00116    6.46405    6.46874 -9.990e-29     0.4579   11.65592   3.645714 1.8631e-01    26.3624    26.3618 1.4179e+00     36.000          1      41860    1486.37 7.6109e+02  53305.191   1744.139 1616588136      -0.57     -0.553   39.52626  -72.39718 0.0000e+00
     34.729     9.2018    34.0750  1026.5206     2.5079     6.4720    100.073    0.00116    6.46370    6.46839 -9.990e-29     0.4725   11.65535   3.646519 2.0949e-01    26.3621    26.3615 1.5868e+00     35.000          1      41897    1486.38 7.5747e+02  53304.608   1745.656 1616588137       0.17     -0.724   39.52626  -72.39718 0.0000e+00
     33.728     9.2103    34.0767  1026.5159     2.5121     6.4823    100.294    0.00158    6.45672    6.46131      8.558     0.4508   11.64373   3.647442 2.3410e-01    26.3620    26.3614 1.8000e+00     34.000          1      41972    1486.40 7.6874e+02  53304.465   1748.796 1616588140      -0.38     -0.475   39.52626  -72.39719 0.0000e+00
     32.746     9.2813    34.0870  1026.5080     2.5294     6.5597    101.542    0.00668    6.43475    6.43905      8.565     0.4554   11.60715   3.655388 2.6660e-01    26.3587    26.3581 2.0721e+00     33.000          1      42072    1486.65 7.7738e+02  53303.236   1752.946 1616588145       0.03     -0.411   39.52626  -72.39720 0.0000e+00
     31.749     9.3896    34.1027  1026.4981     2.5468     6.5856    102.266    0.00531    6.43360    6.43788      8.568     0.4601   11.60522   3.666766 2.9949e-01    26.3533    26.3528 2.3433e+00     32.000          1      42145    1487.05 7.8252e+02  53301.492   1756.005 1616588148      -0.30     -0.385   39.52626  -72.39720 0.0000e+00
     30.758     9.4069    34.1074  1026.4943     2.5567     6.5955    102.488    0.00245    6.43217    6.43642      8.569     0.4559   11.60296   3.668513 3.2543e-01    26.3541    26.3536 2.5950e+00     31.000          1      42226    1487.11 7.9749e+02  53303.817   1759.372 1616588151      -0.28     -0.542   39.52626  -72.39720 0.0000e+00
     29.770     9.4155    34.1013  1026.4837     2.5634     6.6162    102.738    0.00162    6.43686    6.44115      8.569     0.5015   11.61097   3.668617 3.7693e-01    26.3480    26.3474 2.9960e+00     30.000          1      42318    1487.11 7.9483e+02  53292.812   1763.203 1616588155       0.01     -0.363   39.52626  -72.39722 0.0000e+00
     28.785     9.4226    34.0948  1026.4729     2.5671     6.6243    102.797    0.00031    6.44546    6.44985      8.570     0.4938   11.62557   3.668490 4.0201e-01    26.3417    26.3412 3.2281e+00     29.000          1      42397    1487.11 8.0312e+02  53281.596   1766.505 1616588158      -0.39     -0.609   39.52626  -72.39722 0.0000e+00
     27.777     9.4077    34.0865  1026.4643     2.5682     6.6463    102.836    0.00014    6.44092    6.44526      8.569     0.5135   11.61786   3.665834 4.5756e-01    26.3377    26.3372 3.6045e+00     28.000          1      42418    1487.03 7.8800e+02  53272.502   1767.364 1616588159      -0.29     -0.947   39.52626  -72.39722 0.0000e+00
     26.784     9.3194    34.0358  1026.4345     2.5679     6.6632    102.770   -0.00077    6.48062    6.48540      8.568     0.4976   11.68506   3.652225 5.2372e-01    26.3123    26.3118 4.1614e+00     27.000          1      42514    1486.63 7.9453e+02  53219.124   1771.366 1616588163      -0.10     -0.792   39.52626  -72.39723 0.0000e+00
     25.798     9.1902    33.9638  1026.3946     2.5635     6.6716    102.399   -0.00279    6.51018    6.51530      8.565     0.5465   11.73508   3.632494 5.7790e-01    26.2768    26.2764 4.5988e+00     26.000          1      42587    1486.05 7.9595e+02  53144.749   1774.399 1616588166      -0.22     -0.869   39.52626  -72.39724 0.0000e+00
     24.800     9.0176    33.8708  1026.3448     2.5656     6.6730    102.696   -0.00058    6.49825    6.50324      8.562     0.5905   11.71482   3.608114 6.7636e-01    26.2315    26.2310 5.2570e+00     25.000          1      42689    1485.29 7.7781e+02  53050.811   1778.656 1616588170       0.17     -0.720   39.52626  -72.39725 0.0000e+00
     23.802     8.9628    33.8177  1026.3074     2.5694     6.6911    102.957    0.00030    6.50146    6.50647      8.562     0.6128   11.72042   3.599028 8.2209e-01    26.1986    26.1982 5.9657e+00     24.000          1      43433    1485.00 7.2979e+02  52987.301   1809.678 1616588201      -0.05     -0.827   39.52624  -72.39730 0.0000e+00
     22.820     8.9613    33.7967  1026.2867     2.5733     6.7131    103.153    0.00066    6.50912    6.51418      8.562     0.5874   11.73371   3.597236 1.0120e+00    26.1824    26.1820 6.7798e+00     23.000          1      44336    1484.96 6.7113e+02  52957.398   1847.285 1616588239       0.08     -0.476   39.52624  -72.39739 0.0000e+00
     21.834     8.9662    33.7939  1026.2792     2.5744     6.7141    103.146    0.00022    6.50913    6.51419 -9.990e-29     0.5536   11.73381   3.597396 1.1003e+00    26.1794    26.1790 7.4448e+00     22.000          1      44484    1484.95 6.7661e+02  52951.760   1853.450 1616588245      -0.08     -0.309   39.52624  -72.39740 0.0000e+00
     20.837     8.9692    33.7915  1026.2723     2.5746     6.7103    103.145    0.00009    6.50895    6.51401      8.562     0.5968   11.73352   3.597400 1.2777e+00    26.1771    26.1767 8.5431e+00     21.000          1      44527    1484.95 6.6884e+02  52947.076   1855.241 1616588247      -0.17     -0.543   39.52624  -72.39740 0.0000e+00
     19.840     8.9726    33.7907  1026.2666     2.5754     6.7187    103.193    0.00053    6.50789    6.51293      8.562     0.5499   11.73176   3.597574 1.4657e+00    26.1759    26.1755 9.7542e+00     20.000          1      44625    1484.94 6.6549e+02  52944.510   1859.344 1616588251      -0.23     -0.487   39.52624  -72.39740 0.0000e+00
     18.863     8.9750    33.7906  1026.2617     2.5769     6.7152    103.283    0.00093    6.50587    6.51089      8.562     0.5547   11.72840   3.597773 1.6192e+00    26.1754    26.1751 1.0672e+01     19.000          1      44687    1484.93 6.5916e+02  52943.291   1861.934 1616588254       0.02     -0.529   39.52624  -72.39740 0.0000e+00
     17.856     8.9820    33.7916  1026.2567     2.5775     6.7195    103.255    0.00033    6.50497    6.50997      8.562     0.5716   11.72689   3.598475 1.8303e+00    26.1751    26.1748 1.1903e+01     18.000          1      44713    1484.94 6.5052e+02  52942.447   1863.002 1616588255      -0.29     -0.765   39.52624  -72.39740 0.0000e+00
     16.868     9.0003    33.7947  1026.2516     2.5789     6.7149    103.329    0.00060    6.50181    6.50677      8.563     0.5828   11.72163   3.600391 2.1178e+00    26.1745    26.1742 1.3785e+01     17.000          1      44806    1485.00 6.5080e+02  52942.027   1866.874 1616588258      -0.01     -0.592   39.52624  -72.39742 0.0000e+00
     15.880     9.0199    33.7981  1026.2467     2.5801     6.7129    103.319    0.00018    6.50019    6.50513      8.564     0.5776   11.71894   3.602470 2.3431e+00    26.1741    26.1738 1.5189e+01     16.000          1      44898    1485.06 6.4840e+02  52942.017   1870.701 1616588262      -0.53     -0.788   39.52624  -72.39744 0.0000e+00
     14.878     9.0249    33.7988  1026.2418     2.5797     6.7110    103.283   -0.00002    6.49998    6.50492      8.564     0.5906   11.71859   3.603008 2.6557e+00    26.1739    26.1736 1.6699e+01     15.000          1      44918    1485.06 6.2908e+02  52941.260   1871.557 1616588263      -0.16     -1.095   39.52624  -72.39744 0.0000e+00
     13.885     9.0289    33.7995  1026.2372     2.5797     6.7155    103.263   -0.00025    6.50014    6.50508      8.564     0.5837   11.71885   3.603334 2.9943e+00    26.1737    26.1735 1.8730e+01     14.000          1      44963    1485.06 6.2540e+02  52940.714   1873.418 1616588265       0.22     -0.839   39.52624  -72.39744 0.0000e+00
     12.898     9.0285    33.7996  1026.2328     2.5822     6.7191    103.388    0.00023    6.49744    6.50234      8.566     0.5760   11.71438   3.603274 3.3630e+00    26.1739    26.1736 2.1709e+01     13.000          1      45113    1485.04 6.4570e+02  52940.294   1879.660 1616588271      -0.88     -0.873   39.52624  -72.39746 0.0000e+00
     11.896     9.0364    33.7997  1026.2270     2.5825     6.7170    103.421    0.00045    6.49689    6.50178      8.567     0.6295   11.71346   3.603984 3.8877e+00    26.1727    26.1725 2.4279e+01     12.000          1      45132    1485.06 6.2492e+02  52938.083   1880.453 1616588272      -0.20     -1.285   39.52624  -72.39746 0.0000e+00
     10.911     9.0505    33.8006  1026.2210     2.5826     6.7163    103.401    0.00018    6.49635    6.50123      8.566     0.6165   11.71258   3.605265 4.3015e+00    26.1711    26.1709 2.6866e+01     11.000          1      45196    1485.09 6.2421e+02  52935.624   1883.104 1616588275       0.23     -0.589   39.52624  -72.39747 0.0000e+00
      9.912     9.0458    33.8009  1026.2174     2.5831     6.7164    103.425    0.00047    6.49492    6.49979      8.566     0.6457   11.71021   3.604779 4.9101e+00    26.1721    26.1720 3.1874e+01     10.000          1      45325    1485.06 6.4919e+02  52936.481   1888.502 1616588280      -0.66     -0.715   39.52624  -72.39748 0.0000e+00
      8.928     9.0646    33.8014  1026.2103     2.5839     6.7211    103.455    0.00032    6.49460    6.49946      8.566     0.6218   11.70968   3.606583 5.4649e+00    26.1695    26.1693 3.4262e+01      9.000          1      45403    1485.11 6.2701e+02  52932.389   1891.741 1616588283       0.16     -0.470   39.52624  -72.39749 0.0000e+00
      7.942     9.0957    33.8009  1026.2004     2.5857     6.7177    103.491    0.00031    6.49017    6.49497      8.566     0.6060   11.70236   3.609332 6.1589e+00    26.1641    26.1640 4.1424e+01      8.000          1      45739    1485.21 6.7296e+02  52924.314   1905.750 1616588297      -0.04     -0.192   39.52624  -72.39752 0.0000e+00
      6.950     9.0970    33.8012  1026.1959     2.5867     6.7208    103.561    0.00058    6.49041    6.49521      8.566     0.5917   11.70275   3.609376 7.3733e+00    26.1641    26.1640 4.8865e+01      7.000          1      45769    1485.20 6.6291e+02  52923.787   1907.009 1616588299      -0.42     -0.504   39.52624  -72.39752 0.0000e+00
      5.945     9.0978    33.8016  1026.1914     2.5870     6.7174    103.548    0.00038    6.49047    6.49527      8.566     0.6292   11.70285   3.609432 9.0280e+00    26.1643    26.1642 5.9375e+01      6.000          1      45823    1485.19 6.5775e+02  52923.518   1909.270 1616588301      -0.28     -0.536   39.52624  -72.39754 0.0000e+00
      4.962     9.0984    33.8017  1026.1869     2.5867     6.7144    103.472   -0.00009    6.49051    6.49531      8.566     0.6255   11.70293   3.609424 1.0146e+01    26.1643    26.1642 6.7527e+01      5.000          1      45898    1485.17 6.6555e+02  52922.891   1912.363 1616588304      -0.12     -0.525   39.52624  -72.39754 0.0000e+00
      3.967     9.0984    33.8010  1026.1818     2.5869     6.7183    103.489    0.00009    6.49048    6.49528      8.566     0.6220   11.70288   3.609308 1.3681e+01    26.1637    26.1636 9.1381e+01      4.000          1      45952    1485.15 6.6771e+02  52921.253   1914.613 1616588306       0.04     -0.443   39.52624  -72.39755 0.0000e+00
      2.975     9.0987    33.8001  1026.1765     2.5882     6.7195    103.564    0.00036    6.49049    6.49529      8.566     0.5971   11.70290   3.609199 1.8140e+01    26.1629    26.1628 1.2204e+02      3.000          1      46035    1485.14 6.7268e+02  52919.219   1918.092 1616588310      -0.19     -0.392   39.52624  -72.39756 0.0000e+00
      1.983     9.0987    33.7999  1026.1718     2.5884     6.7206    103.545    0.00002    6.49044    6.49523      8.566     0.6242   11.70282   3.609135 2.4632e+01    26.1627    26.1627 1.6345e+02      2.000          1      46098    1485.12 6.6407e+02  52918.328   1920.718 1616588312       0.02     -0.383   39.52624  -72.39756 0.0000e+00
