CalculateIndicators/WaterTemperature/Data/CTD_NYOS/20210525_C32.cnv
* Sea-Bird SBE 9 Data File:
* FileName = C:\Seabird 9 CTD\Data\2021\202105_offshore\20210525_C32.hex
* Software Version Seasave V 7.23.2
* Temperature SN = 4590
* Conductivity SN = 3228
* Number of Bytes Per Scan = 44
* Number of Voltage Words = 5
* Number of Scans Averaged by the Deck Unit = 1
* NMEA Latitude = 40 16.50 N
* NMEA Longitude = 071 58.34 W
* NMEA UTC (Time) = May 25 2021  12:22:50
* NMEA baud rate = 4800
** Ship: seawolf
** Station: 2.3
** Operator: eih
# nquan = 31
# nvalues = 239                         
# units = specified
# name 0 = depSM: Depth [salt water, m]
# name 1 = t090C: Temperature [ITS-90, deg C]
# name 2 = sal00: Salinity, Practical [PSU]
# name 3 = density00: Density [density, kg/m^3]
# name 4 = sbeox0V: Oxygen raw, SBE 43 [V]
# name 5 = sbeox0ML/L: Oxygen, SBE 43 [ml/l]
# name 6 = sbeox0PS: Oxygen, SBE 43 [% saturation]
# name 7 = sbox0dV/dT: Oxygen, SBE 43 [dov/dt]
# name 8 = oxsolML/L: Oxygen Saturation, Garcia & Gordon [ml/l]
# name 9 = oxsatML/L: Oxygen Saturation, Weiss [ml/l]
# name 10 = ph: pH
# name 11 = flECO-AFL: Fluorescence, WET Labs ECO-AFL/FL [mg/m^3]
# name 12 = n2satML/L: Nitrogen Saturation [ml/l]
# name 13 = c0S/m: Conductivity [S/m]
# name 14 = cpar: CPAR/Corrected Irradiance [%]
# name 15 = sigma-é00: Density [sigma-theta, kg/m^3]
# name 16 = sigma-t00: Density [sigma-t, kg/m^3 ]
# name 17 = par: PAR/Irradiance, Biospherical/Licor
# name 18 = prDM: Pressure, Digiquartz [db]
# name 19 = pumps: Pump Status
# name 20 = scan: Scan Count
# name 21 = svCM: Sound Velocity [Chen-Millero, m/s]
# name 22 = spar: SPAR, Biospherical/Licor
# name 23 = specc: Specific Conductance [uS/cm]
# name 24 = timeS: Time, Elapsed [seconds]
# name 25 = timeY: Time, System [seconds]
# name 26 = accM: Acceleration [m/s^2]
# name 27 = dz/dtM: Descent Rate [m/s]
# name 28 = latitude: Latitude [deg]
# name 29 = longitude: Longitude [deg]
# name 30 = flag: flag
# span 0 =      1.967,     61.037       
# span 1 =     7.6877,    13.9529       
# span 2 =    32.5272,    33.4879       
# span 3 =  1024.3093,  1026.3909       
# span 4 =     1.9527,     2.6479       
# span 5 =     4.8830,     6.8491       
# span 6 =     72.984,    106.382       
# span 7 =   -0.03863,    0.03134       
# span 8 =    5.90232,    6.72116       
# span 9 =    5.89851,    6.72880       
# span 10 =      7.865,      8.111      
# span 11 =    -0.0192,     0.7947      
# span 12 =   10.74340,   12.09060      
# span 13 =   3.412667,   3.925344      
# span 14 = 3.1395e-02, 1.2142e+02      
# span 15 =    24.3005,    26.1105      
# span 16 =    24.3004,    26.1096      
# span 17 = 6.3987e-01, 7.8223e+02      
# span 18 =      2.000,     61.500      
# span 19 =          1,          1      
# span 20 =         31,      17658      
# span 21 =    1479.88,    1500.51      
# span 22 = 4.7779e+02, 2.2618e+03      
# span 23 =  50369.634,  52806.392      
# span 24 =      1.229,    735.705      
# span 25 = 1621945368, 1621946102      
# span 26 =      -0.73,       0.78      
# span 27 =     -1.095,      0.980      
# span 28 =   40.27456,   40.27506      
# span 29 =  -71.97243,  -71.97002      
# span 30 = 0.0000e+00, 0.0000e+00      
# interval = decibars: 0.5              
# start_time = May 25 2021 12:22:46 [System UTC, first data scan.]
# bad_flag = -9.990e-29
*END*
[from data line 47]
     25.304     9.5417    32.8201  1025.4414     2.6175     6.8141    105.127   -0.00099    6.48175    6.48546      8.105     0.1864   11.70013   3.554465 8.6908e+00    25.3258    25.3254 5.5664e+01     25.500          1       2137    1485.93 8.2786e+02  51461.047     89.005 1621945455      -0.09      0.311   40.27506  -71.97212 0.0000e+00
     25.799     9.4862    32.8194  1025.4521     2.6133     6.8078    104.841   -0.00220    6.49346    6.49733 -9.990e-29     0.1973   11.71946   3.549112 6.5476e+00    25.3343    25.3338 5.2030e+01     26.000          1       2190    1485.74 9.2371e+02  51471.511     91.223 1621945457       0.18      0.215   40.27506  -71.97212 0.0000e+00
     26.292     9.3870    32.8223  1025.4726     2.6102     6.8148    104.786   -0.00146    6.50358    6.50760      8.101     0.1872   11.73613   3.540878 8.8962e+00    25.3524    25.3520 5.0888e+01     26.500          1       2238    1485.39 7.0051e+02  51495.754     93.221 1621945459      -0.11      0.261   40.27506  -71.97212 0.0000e+00
     26.789     9.3502    32.8239  1025.4820     2.6068     6.8016    104.530   -0.00253    6.50689    6.51096      8.101     0.1564   11.74161   3.537602 2.3297e+00    25.3596    25.3592 4.7091e+01     27.000          1       2270    1485.26 2.0315e+03  51505.826     94.538 1621945461       0.30      0.307   40.27506  -71.97212 0.0000e+00
     27.290     9.3107    32.8271  1025.4932     2.6038     6.7903    104.362   -0.00277    6.50653    6.51059      8.101     0.1608   11.74101   3.534659 2.1487e+00    25.3684    25.3679 4.3128e+01     27.500          1       2292    1485.13 2.0122e+03  51518.836     95.460 1621945462       0.11      0.521   40.27506  -71.97210 0.0000e+00
     27.786     9.2813    32.8287  1025.5014     2.6025     6.7929    104.393   -0.00170    6.50707    6.51113      8.100     0.1630   11.74192   3.532232 7.0716e+00    25.3743    25.3739 4.2584e+01     28.000          1       2330    1485.03 6.9479e+02  51527.331     97.050 1621945463      -0.09      0.401   40.27506  -71.97210 0.0000e+00
     28.275     9.2482    32.8274  1025.5079     2.5975     6.7897    104.052   -0.00335    6.52532    6.52964      8.097     0.1918   11.77204   3.529177 2.2127e+00    25.3786    25.3781 4.0864e+01     28.500          1       2417    1484.91 1.9481e+03  51532.613    100.656 1621945467       0.78      0.292   40.27506  -71.97210 0.0000e+00
     28.785     9.2137    32.8298  1025.5176     2.5966     6.7918    104.053   -0.00285    6.52733    6.53169      8.097     0.2093   11.77537   3.526199 1.8561e+00    25.3859    25.3854 3.7990e+01     29.000          1       2431    1484.80 2.0471e+03  51543.469    101.258 1621945468       0.68      0.667   40.27506  -71.97210 0.0000e+00
     29.281     9.1614    32.8320  1025.5299     2.5941     6.7918    104.007   -0.00209    6.53013    6.53452      8.097     0.2340   11.78000   3.521941 2.9725e+00    25.3960    25.3955 3.5834e+01     29.500          1       2459    1484.62 1.6763e+03  51557.789    102.426 1621945469       0.02      0.639   40.27506  -71.97210 0.0000e+00
     29.766     9.1048    32.8334  1025.5421     2.5880     6.8035    103.795   -0.00169    6.55475    6.55950      8.097     0.2280   11.82067   3.517344 4.6882e+00    25.4060    25.4055 3.3930e+01     30.000          1       2536    1484.42 8.2785e+02  51571.817    105.631 1621945472       0.06      0.137   40.27506  -71.97208 0.0000e+00
     30.257     9.0443    32.8333  1025.5539     2.5817     6.7843    103.322   -0.00374    6.56620    6.57111 -9.990e-29     0.2552   11.83959   3.511169 1.4960e+00    25.4154    25.4149 3.2143e+01     30.500          1       2580    1484.20 2.0375e+03  51584.768    107.447 1621945474       0.19      0.231   40.27506  -71.97208 0.0000e+00
     30.764     8.9468    32.8379  1025.5750     2.5804     6.7873    103.337   -0.00292    6.56810    6.57304 -9.990e-29     0.2572   11.84275   3.503310 1.4986e+00    25.4342    25.4337 3.0385e+01     31.000          1       2599    1483.86 2.0277e+03  51612.219    108.265 1621945475       0.26      0.470   40.27506  -71.97206 0.0000e+00
     31.258     8.8710    32.8377  1025.5889     2.5793     6.8109    103.496   -0.00088    6.58088    6.58600      8.092     0.2529   11.86387   3.496688 3.8408e+00    25.4458    25.4453 2.8759e+01     31.500          1       2647    1483.58 1.0713e+03  51628.393    110.260 1621945477      -0.09      0.293   40.27505  -71.97206 0.0000e+00
     31.743     8.7796    32.8351  1025.6033     2.5763     6.8236    103.354   -0.00136    6.60217    6.60760      8.088     0.2662   11.89901   3.488315 9.0942e-01    25.4579    25.4574 2.7408e+01     32.000          1       2722    1483.25 2.2074e+03  51644.671    113.395 1621945480       0.16      0.121   40.27504  -71.97206 0.0000e+00
     32.250     8.7098    32.8393  1025.6196     2.5749     6.8154    103.230   -0.00192    6.60217    6.60760      8.088     0.2756   11.89907   3.482006 1.3094e+00    25.4718    25.4713 2.6601e+01     32.500          1       2739    1483.00 2.0316e+03  51666.332    114.096 1621945480       0.31      0.391   40.27504  -71.97206 0.0000e+00
     32.746     8.6298    32.8406  1025.6353     2.5709     6.8155    103.028   -0.00228    6.61519    6.62080      8.086     0.2914   11.92058   3.475607 3.0877e+00    25.4851    25.4846 2.4592e+01     33.000          1       2779    1482.71 1.0483e+03  51686.126    115.740 1621945482       0.05      0.357   40.27504  -71.97204 0.0000e+00
     33.237     8.5740    32.8372  1025.6434     2.5652     6.7992    102.680   -0.00320    6.62171    6.62742      8.085     0.2773   11.93136   3.469937 1.1737e+00    25.4909    25.4904 2.3514e+01     33.500          1       2827    1482.51 2.0099e+03  51693.721    117.746 1621945484       0.48      0.209   40.27504  -71.97204 0.0000e+00
     33.746     8.4951    32.8395  1025.6595     2.5636     6.8081    102.727   -0.00193    6.62738    6.63316      8.085     0.2955   11.94073   3.463431 1.1014e+00    25.5046    25.5041 2.2245e+01     34.000          1       2851    1482.22 2.0221e+03  51715.099    118.762 1621945485       0.24      0.503   40.27504  -71.97204 0.0000e+00
     34.230     8.4022    32.8372  1025.6739     2.5570     6.8141    102.548   -0.00087    6.64479    6.65084      8.081     0.3876   11.96943   3.455053 1.0104e+00    25.5168    25.5163 2.0303e+01     34.500          1       2937    1481.88 2.0108e+03  51732.826    122.323 1621945489       0.42      0.221   40.27504  -71.97204 0.0000e+00
     34.730     8.3742    32.8432  1025.6851     2.5542     6.8013    102.339   -0.00164    6.64580    6.65186      8.079     0.3823   11.97104   3.453554 9.4609e-01    25.5256    25.5251 1.9235e+01     35.000          1       2957    1481.79 2.0331e+03  51748.145    123.186 1621945489       0.12      0.494   40.27504  -71.97204 0.0000e+00
     35.228     8.3495    32.8458  1025.6931     2.5492     6.7716    101.884   -0.00389    6.64643    6.65250      8.077     0.3598   11.97213   3.451550 1.8805e+00    25.5314    25.5309 1.8634e+01     35.500          1       2985    1481.71 1.3884e+03  51757.758    124.354 1621945491      -0.08      0.475   40.27504  -71.97202 0.0000e+00
     35.711     8.2899    32.8470  1025.7052     2.5323     6.7329    100.972   -0.00530    6.66812    6.67453      8.069     0.4604   12.00787   3.446493 1.3745e+00    25.5412    25.5407 1.7720e+01     36.000          1       3073    1481.49 1.7620e+03  51773.405    128.009 1621945494       0.27      0.076   40.27504  -71.97202 0.0000e+00
     36.215     8.2441    32.8526  1025.7188     2.5258     6.7017    100.495   -0.00696    6.66865    6.67506      8.068     0.4791   12.00874   3.442649 8.3769e-01    25.5524    25.5519 1.6924e+01     36.500          1       3093    1481.33 2.0385e+03  51792.155    128.852 1621945495       0.50      0.409   40.27504  -71.97201 0.0000e+00
     36.722     8.1816    32.8575  1025.7342     2.5211     6.6830    100.216   -0.00740    6.66857    6.67497      8.068     0.4796   12.00862   3.437644 7.7646e-01    25.5654    25.5649 1.5845e+01     37.000          1       3110    1481.11 2.0406e+03  51813.915    129.525 1621945496       0.27      0.674   40.27504  -71.97200 0.0000e+00
     37.212     8.1426    32.8562  1025.7412     2.5088     6.6776     99.890   -0.00481    6.68491    6.69155      8.064     0.4744   12.03568   3.434508 7.4095e-01    25.5702    25.5697 1.4536e+01     37.500          1       3179    1480.97 1.9870e+03  51821.464    132.424 1621945499       0.08      0.417   40.27504  -71.97200 0.0000e+00
     37.705     8.0966    32.8534  1025.7481     2.5003     6.6747     99.620   -0.00358    6.70018    6.70705      8.058     0.5183   12.06093   3.430045 6.8067e-01    25.5747    25.5742 1.3886e+01     38.000          1       3237    1480.81 2.0408e+03  51828.603    134.817 1621945501       0.19      0.411   40.27504  -71.97200 0.0000e+00
     38.202     8.0440    32.8510  1025.7562     2.4944     6.6540     99.252   -0.00449    6.70416    6.71109      8.052     0.5645   12.06748   3.425083 6.5004e-01    25.5805    25.5800 1.3209e+01     38.500          1       3263    1480.61 2.0321e+03  51837.761    135.925 1621945502      -0.02      0.489   40.27504  -71.97200 0.0000e+00
     38.696     7.9713    32.8503  1025.7686     2.4863     6.6174     98.691   -0.00620    6.70511    6.71206      8.050     0.5453   12.06903   3.418700 6.0086e-01    25.5906    25.5900 1.2153e+01     39.000          1       3294    1480.34 2.0225e+03  51854.408    137.198 1621945503      -0.05      0.408   40.27504  -71.97200 0.0000e+00
     39.194     7.9278    32.8532  1025.7795     2.4749     6.5864     98.234   -0.00512    6.70486    6.71181      8.044     0.5839   12.06848   3.415380 1.0335e+00    25.5991    25.5985 1.1264e+01     39.500          1       3349    1480.19 1.3085e+03  51869.118    139.511 1621945506      -0.02      0.244   40.27504  -71.97199 0.0000e+00
     39.683     7.8929    32.8550  1025.7882     2.4642     6.5302     97.940   -0.00229    6.66760    6.67412      8.034     0.6846   12.00557   3.412667 1.9485e+00    25.6056    25.6050 1.0607e+01     40.000          1       3435    1480.06 5.9717e+02  51880.401    143.080 1621945509       0.15      0.150   40.27504  -71.97197 0.0000e+00
     40.182     7.8808    32.8627  1025.7983     2.4619     6.5274     97.884   -0.00166    6.66850    6.67503      8.035     0.7655   12.00712   3.412705 4.9367e-01    25.6134    25.6128 1.0157e+01     40.500          1       3455    1480.04 2.0035e+03  51894.481    143.912 1621945510       0.24      0.376   40.27504  -71.97196 0.0000e+00
     40.683     7.9546    32.9023  1025.8210     2.4538     6.4763     97.117   -0.00555    6.66854    6.67507      8.035     0.7947   12.00719   3.425018 4.7692e-01    25.6338    25.6333 9.6720e+00     41.000          1       3474    1480.38 2.0284e+03  51932.869    144.695 1621945511       0.18      0.554   40.27504  -71.97196 0.0000e+00
     41.183     8.1012    32.9611  1025.8479     2.4426     6.4150     96.199   -0.00945    6.66852    6.67505      8.035     0.7662   12.00714   3.442322 5.3250e-01    25.6586    25.6580 9.0746e+00     41.500          1       3502    1481.01 1.9234e+03  51983.109    145.893 1621945512      -0.06      0.532   40.27504  -71.97196 0.0000e+00
     41.671     8.1282    32.9727  1025.8553     2.4258     6.3994     95.997   -0.00289    6.66629    6.67281 -9.990e-29     0.7685   12.00328   3.445315 5.0593e-01    25.6637    25.6631 8.2583e+00     42.000          1       3589    1481.14 1.8057e+03  51993.172    149.485 1621945516       0.31      0.156   40.27504  -71.97196 0.0000e+00
     42.171     8.1332    32.9776  1025.8607     2.4237     6.3920     95.940   -0.00233    6.66248    6.66895      8.030     0.7699   11.99680   3.446202 3.8604e-01    25.6669    25.6663 7.8057e+00     42.500          1       3616    1481.17 2.0270e+03  51999.462    150.604 1621945517       0.06      0.405   40.27504  -71.97195 0.0000e+00
     42.665     8.1432    32.9901  1025.8713     2.4204     6.3796     95.838   -0.00172    6.65661    6.66305      8.025     0.7175   11.98660   3.448429 3.5918e-01    25.6752    25.6746 7.2607e+00     43.000          1       3663    1481.23 2.0213e+03  52015.124    152.603 1621945519      -0.09      0.261   40.27502  -71.97194 0.0000e+00
     43.154     8.1920    33.0232  1025.8922     2.4130     6.3463     95.326   -0.00341    6.65750    6.66400      8.016     0.6294   11.98749   3.456000 3.4554e-01    25.6940    25.6933 6.8885e+00     43.500          1       3717    1481.47 1.9944e+03  52050.959    154.845 1621945521       0.19      0.190   40.27502  -71.97194 0.0000e+00
     43.659     8.1930    33.0405  1025.9080     2.4058     6.3050     94.701   -0.00629    6.65778    6.66428      8.016     0.6786   11.98792   3.457670 3.2103e-01    25.7074    25.7068 6.5238e+00     44.000          1       3738    1481.50 2.0323e+03  52075.647    155.689 1621945522       0.25      0.433   40.27502  -71.97194 0.0000e+00
     44.156     8.1744    33.0753  1025.9404     2.3931     6.2591     93.953   -0.00766    6.66196    6.66855      8.010     0.6512   11.99461   3.459119 2.9882e-01    25.7375    25.7368 6.0192e+00     44.500          1       3777    1481.48 2.0149e+03  52129.709    157.351 1621945524      -0.06      0.384   40.27502  -71.97194 0.0000e+00
     44.640     8.1318    33.1062  1025.9731     2.3653     6.1788     92.514   -0.00873    6.67872    6.68564      7.991     0.7611   12.02133   3.457688 2.7662e-01    25.7680    25.7674 5.6008e+00     45.000          1       3865    1481.36 2.0246e+03  52184.014    160.982 1621945527       0.28      0.073   40.27502  -71.97192 0.0000e+00
     45.149     8.0396    33.1355  1026.0121     2.3527     6.1081     91.459   -0.01330    6.67858    6.68551      7.993     0.7261   12.02103   3.452274 2.5785e-01    25.8046    25.8039 5.2302e+00     45.500          1       3879    1481.06 2.0284e+03  52247.539    161.599 1621945528       0.32      0.419   40.27502  -71.97192 0.0000e+00
     45.643     8.0113    33.1760  1026.0503     2.3323     6.0413     90.411   -0.01379    6.68197    6.68897      7.987     0.5638   12.02640   3.453751 2.4299e-01    25.8405    25.8399 4.9152e+00     46.000          1       3917    1481.01 2.0228e+03  52312.208    163.149 1621945529      -0.14      0.374   40.27502  -71.97192 0.0000e+00
     46.132     7.9856    33.2033  1026.0778     2.3121     6.0008     89.777   -0.01001    6.68416    6.69120      7.983     0.4969   12.02985   3.453953 2.3163e-01    25.8657    25.8651 4.7051e+00     46.500          1       3962    1480.96 2.0313e+03  52357.434    165.045 1621945531       0.21      0.209   40.27502  -71.97191 0.0000e+00
     46.636     7.9670    33.2144  1026.0915     2.3048     5.9781     89.440   -0.00969    6.68398    6.69103      7.983     0.5125   12.02959   3.453387 2.1548e-01    25.8771    25.8765 4.3824e+00     47.000          1       3983    1480.91 2.0338e+03  52378.094    165.923 1621945532       0.22      0.451   40.27502  -71.97190 0.0000e+00
     47.133     7.9459    33.2268  1026.1067     2.2904     5.9661     89.004   -0.00714    6.70328    6.71064      7.976     0.4278   12.06130   3.452587 1.9986e-01    25.8900    25.8893 4.0549e+00     47.500          1       4038    1480.85 2.0289e+03  52400.980    168.226 1621945534       0.09      0.311   40.27502  -71.97190 0.0000e+00
     47.628     7.8404    33.2396  1026.1344     2.2665     5.8663     87.433   -0.01137    6.70950    6.71700      7.957     0.3364   12.07094   3.443879 1.9212e-01    25.9153    25.9146 3.8629e+00     48.000          1       4100    1480.47 2.0125e+03  52445.109    170.800 1621945537       0.10      0.334   40.27502  -71.97189 0.0000e+00
