CalculateIndicators/WaterTemperature/Data/CTD_NYOS/20210522_C10.cnv
* Sea-Bird SBE 9 Data File:
* FileName = C:\Seabird 9 CTD\Data\2021\202105_offshore\20210522_C10.hex
* Software Version Seasave V 7.23.2
* Temperature SN = 4590
* Conductivity SN = 3228
* Number of Bytes Per Scan = 44
* Number of Voltage Words = 5
* Number of Scans Averaged by the Deck Unit = 1
* NMEA Latitude = 39 49.34 N
* NMEA Longitude = 073 11.51 W
* NMEA UTC (Time) = May 22 2021  13:42:54
* NMEA baud rate = 4800
** Ship: seawolf
** Station: 6.3
** Operator: sjw
# nquan = 31
# nvalues = 159                         
# units = specified
# name 0 = depSM: Depth [salt water, m]
# name 1 = t090C: Temperature [ITS-90, deg C]
# name 2 = sal00: Salinity, Practical [PSU]
# name 3 = density00: Density [density, kg/m^3]
# name 4 = sbeox0V: Oxygen raw, SBE 43 [V]
# name 5 = sbeox0ML/L: Oxygen, SBE 43 [ml/l]
# name 6 = sbeox0PS: Oxygen, SBE 43 [% saturation]
# name 7 = sbox0dV/dT: Oxygen, SBE 43 [dov/dt]
# name 8 = oxsolML/L: Oxygen Saturation, Garcia & Gordon [ml/l]
# name 9 = oxsatML/L: Oxygen Saturation, Weiss [ml/l]
# name 10 = ph: pH
# name 11 = flECO-AFL: Fluorescence, WET Labs ECO-AFL/FL [mg/m^3]
# name 12 = n2satML/L: Nitrogen Saturation [ml/l]
# name 13 = c0S/m: Conductivity [S/m]
# name 14 = cpar: CPAR/Corrected Irradiance [%]
# name 15 = sigma-é00: Density [sigma-theta, kg/m^3]
# name 16 = sigma-t00: Density [sigma-t, kg/m^3 ]
# name 17 = par: PAR/Irradiance, Biospherical/Licor
# name 18 = prDM: Pressure, Digiquartz [db]
# name 19 = pumps: Pump Status
# name 20 = scan: Scan Count
# name 21 = svCM: Sound Velocity [Chen-Millero, m/s]
# name 22 = spar: SPAR, Biospherical/Licor
# name 23 = specc: Specific Conductance [uS/cm]
# name 24 = timeS: Time, Elapsed [seconds]
# name 25 = timeY: Time, System [seconds]
# name 26 = accM: Acceleration [m/s^2]
# name 27 = dz/dtM: Descent Rate [m/s]
# name 28 = latitude: Latitude [deg]
# name 29 = longitude: Longitude [deg]
# name 30 = flag: flag
# span 0 =      1.441,     40.692       
# span 1 =     8.1385,    14.3810       
# span 2 =    31.3726,    33.1633       
# span 3 =  1023.3269,  1025.9987       
# span 4 =     2.1154,     2.6891       
# span 5 =     4.5879,     6.5869       
# span 6 =     78.232,    108.132       
# span 7 =   -0.08742,    0.08109       
# span 8 =    5.85846,    6.65114       
# span 9 =    5.85404,    6.65761       
# span 10 =      7.944,      8.081      
# span 11 =     0.0555,     1.4690      
# span 12 =   10.67260,   11.97632      
# span 13 =   3.463501,   3.944760      
# span 14 = 3.5845e-01, 2.9531e+01      
# span 15 =    23.3204,    25.8118      
# span 16 =    23.3204,    25.8112      
# span 17 = 5.0185e+00, 4.1980e+02      
# span 18 =      1.500,     41.000      
# span 19 =          1,          1      
# span 20 =         93,      10542      
# span 21 =    1481.39,    1501.69      
# span 22 = 1.3788e+03, 2.0594e+03      
# span 23 =  48702.561,  52260.885      
# span 24 =      3.845,    439.188      
# span 25 = 1621690978, 1621691413      
# span 26 =      -0.86,       0.76      
# span 27 =     -1.011,      0.697      
# span 28 =   39.82246,   39.82270      
# span 29 =  -73.19185,  -73.19002      
# span 30 = 0.0000e+00, 0.0000e+00      
# interval = decibars: 0.5              
# start_time = May 22 2021 13:42:54 [System UTC, first data scan.]
# bad_flag = -9.990e-29
*END*
      1.452    14.3175    31.3726  1023.3269     2.6857     6.3719    108.132    0.01288    5.89266    5.88811      8.035     0.1015   10.73880   3.834399 2.4126e+01    23.3204    23.3204 4.0638e+02      1.500          1         93    1500.28 1.6837e+03  48702.561      3.845 1621690978      -0.05     -0.658   39.82246  -73.19185 0.0000e+00
      1.987    14.3634    31.7534  1023.6135     2.6891     6.3600    108.084    0.00977    5.88426    5.87977      8.035     0.0838   10.72204   3.878625 2.5214e+01    23.6046    23.6046 4.1980e+02      2.000          1        146    1500.88 1.6658e+03  49229.715      6.056 1621690980       0.48     -0.048   39.82246  -73.19182 0.0000e+00
      2.486    14.3808    32.2080  1023.9627     2.6164     5.9140    100.834   -0.04469    5.86474    5.86032      8.038     0.0689   10.68450   3.928033 2.0673e+01    23.9516    23.9515 3.4554e+02      2.500          1        321    1501.48 1.6738e+03  49861.063     13.352 1621690987       0.06      0.398   39.82246  -73.19178 0.0000e+00
      2.967    14.3810    32.3225  1024.0531     2.4594     5.2885     90.266   -0.08742    5.85897    5.85454      8.039     0.1027   10.67379   3.940263 1.9148e+01    24.0398    24.0398 3.2602e+02      3.000          1        398    1501.62 1.7019e+03  50019.918     16.537 1621690991      -0.11      0.181   39.82246  -73.19178 0.0000e+00
      3.475    14.3805    32.3439  1024.0720     2.4398     5.4175     92.451   -0.04151    5.85985    5.85542      8.039     0.0823   10.67541   3.942438 1.7894e+01    24.0565    24.0564 3.0489e+02      3.500          1        413    1501.65 1.7039e+03  50049.815     17.180 1621690991       0.38      0.373   39.82246  -73.19176 0.0000e+00
      3.977    14.3782    32.3435  1024.0745     2.3854     5.2907     90.298   -0.03438    5.85916    5.85474      8.039     0.0781   10.67396   3.942173 1.5572e+01    24.0567    24.0566 2.6478e+02      4.000          1        449    1501.65 1.7003e+03  50050.047     18.679 1621690993       0.20      0.429   39.82246  -73.19175 0.0000e+00
      4.466    14.3764    32.3517  1024.0833     2.3485     5.3271     90.915    0.00080    5.85946    5.85504 -9.990e-29     0.0687   10.67440   3.942948 1.4606e+01    24.0634    24.0632 2.4605e+02      4.500          1        506    1501.66 1.6846e+03  50061.885     21.036 1621690995       0.55      0.262   39.82246  -73.19174 0.0000e+00
      4.968    14.3742    32.3546  1024.0883     2.3336     5.2526     89.639   -0.00732    5.85967    5.85526 -9.990e-29     0.0833   10.67470   3.942981 1.3227e+01    24.0661    24.0660 2.2214e+02      5.000          1        530    1501.67 1.6793e+03  50066.249     22.060 1621690996       0.04      0.513   39.82246  -73.19174 0.0000e+00
      5.452    14.3710    32.3552  1024.0916     2.3050     5.1383     87.683   -0.01557    5.86009    5.85569 -9.990e-29     0.0878   10.67542   3.942791 1.0840e+01    24.0672    24.0671 1.8195e+02      5.500          1        578    1501.67 1.6785e+03  50067.728     24.061 1621690998      -0.09      0.190   39.82246  -73.19173 0.0000e+00
      5.957    14.3671    32.3610  1024.0992     2.2843     5.0835     86.749   -0.01455    5.85999    5.85558 -9.990e-29     0.0949   10.67530   3.943060 1.0114e+01    24.0726    24.0724 1.6970e+02      6.000          1        610    1501.67 1.6778e+03  50076.568     25.381 1621690999       0.05      0.353   39.82246  -73.19172 0.0000e+00
      6.450    14.3657    32.3561  1024.0979     2.2331     4.9100     83.787   -0.02143    5.86006    5.85565 -9.990e-29     0.1004   10.67540   3.942411 9.6871e+00    24.0691    24.0689 1.6271e+02      6.500          1        667    1501.67 1.6797e+03  50070.122     27.749 1621691002      -0.07      0.207   39.82246  -73.19171 0.0000e+00
      6.940    14.3659    32.3552  1024.0994     2.2180     4.9715     84.832    0.00443    5.86039    5.85600      8.040     0.0951   10.67582   3.942418 9.7787e+00    24.0684    24.0682 1.6479e+02      7.000          1        739    1501.68 1.6853e+03  50069.136     30.754 1621691005       0.22      0.130   39.82246  -73.19170 0.0000e+00
      7.446    14.3664    32.3607  1024.1058     2.2396     5.0872     86.793    0.01758    5.86135    5.85697      8.040     0.1038   10.67733   3.943064 8.8390e+00    24.0725    24.0723 1.5015e+02      7.500          1        761    1501.69 1.6990e+03  50076.923     31.682 1621691006       0.19      0.416   39.82246  -73.19169 0.0000e+00
      7.939    14.3615    32.3659  1024.1130     2.2406     5.0424     86.020    0.00555    5.86191    5.85754      8.040     0.1200   10.67823   3.943162 8.0862e+00    24.0776    24.0773 1.4002e+02      8.000          1        797    1501.69 1.7321e+03  50084.964     33.163 1621691007      -0.12      0.376   39.82246  -73.19168 0.0000e+00
      8.436    14.3482    32.3753  1024.1253     2.2001     4.8270     82.343   -0.01929    5.86205    5.85767      8.040     0.1252   10.67850   3.942956 7.4959e+00    24.0876    24.0874 1.3665e+02      8.500          1        843    1501.67 1.8250e+03  50099.837     35.077 1621691009      -0.04      0.269   39.82246  -73.19168 0.0000e+00
      8.927    14.3438    32.3739  1024.1273     2.1154     4.5879     78.232   -0.01917    5.86450    5.86017      8.040     0.1448   10.68235   3.942464 6.4070e+00    24.0875    24.0872 1.3058e+02      9.000          1        928    1501.66 2.0350e+03  50098.520     38.615 1621691013       0.17      0.078   39.82246  -73.19166 0.0000e+00
      9.432    14.3311    32.3835  1024.1397     2.1260     4.7403     80.444    0.00472    5.89255    5.88869      8.044     0.1548   10.72613   3.942320 6.1575e+00    24.0976    24.0973 1.2680e+02      9.500          1        962    1501.64 2.0594e+03  50113.782     40.042 1621691014       0.36      0.373   39.82246  -73.19166 0.0000e+00
      9.921    14.3046    32.4035  1024.1629     2.1916     5.1033     85.809    0.03410    5.94744    5.94423      8.051     0.2604   10.81667   3.942037 6.1846e+00    24.1185    24.1182 1.2682e+02     10.000          1       1005    1501.58 2.0506e+03  50144.302     41.832 1621691016      -0.21      0.328   39.82246  -73.19164 0.0000e+00
     10.421    13.9025    32.7116  1024.4861     2.3162     5.6657     95.245    0.08109    5.94847    5.94520      8.052     0.2695   10.81953   3.936423 5.9278e+00    24.4394    24.4391 1.2097e+02     10.500          1       1039    1500.64 2.0406e+03  50619.599     43.236 1621691017       0.30      0.297   39.82246  -73.19164 0.0000e+00
     10.923    13.5045    32.7180  1024.5744     2.4450     6.0838    101.161    0.07284    6.01387    6.01142      8.059     0.2793   10.92707   3.898914 5.8953e+00    24.5255    24.5252 1.1828e+02     11.000          1       1092    1499.35 2.0069e+03  50677.108     45.459 1621691020       0.38      0.298   39.82246  -73.19162 0.0000e+00
     11.426    12.9867    32.7509  1024.7049     2.5119     6.1617    101.751    0.03463    6.05560    6.05362      8.064     0.3200   10.99680   3.852272 5.7519e+00    24.6535    24.6532 1.1260e+02     11.500          1       1140    1497.67 1.9581e+03  50790.021     47.474 1621691022       0.45      0.447   39.82246  -73.19162 0.0000e+00
     11.906    12.6535    32.6203  1024.6713     2.5778     6.3017    103.696    0.01671    6.07702    6.07529      8.067     0.3466   11.03246   3.811410 6.1163e+00    24.6177    24.6174 1.1470e+02     12.000          1       1213    1496.41 1.8752e+03  50653.072     50.509 1621691025       0.76      0.188   39.82246  -73.19160 0.0000e+00
     12.417    12.5574    32.6275  1024.6977     2.5865     6.3199    103.894    0.01348    6.08304    6.08139      8.069     0.3786   11.04221   3.803728 5.6981e+00    24.6418    24.6415 1.0563e+02     12.500          1       1230    1496.10 1.8535e+03  50677.168     51.197 1621691025       0.39      0.616   39.82246  -73.19158 0.0000e+00
     12.893    12.4470    32.6301  1024.7229     2.6042     6.3900    104.082    0.00304    6.13941    6.13848      8.075     0.2974   11.13519   3.794224 5.8911e+00    24.6649    24.6645 1.0396e+02     13.000          1       1301    1495.73 1.7653e+03  50694.949     54.177 1621691028       0.31      0.155   39.82246  -73.19158 0.0000e+00
     13.407    12.1775    32.6818  1024.8165     2.6078     6.3998    104.174    0.00189    6.14339    6.14250      8.076     0.3009   11.14192   3.773186 5.4947e+00    24.7561    24.7558 9.5747e+01     13.500          1       1322    1494.89 1.7424e+03  50809.094     55.052 1621691029       0.56      0.476   39.82246  -73.19158 0.0000e+00
     13.893    11.9549    32.6590  1024.8429     2.6132     6.4859    104.397   -0.00015    6.21286    6.21287      8.078     0.2989   11.25676   3.752130 5.5915e+00    24.7802    24.7799 9.6085e+01     14.000          1       1378    1494.10 1.7190e+03  50808.718     57.360 1621691032       0.27      0.332   39.82246  -73.19156 0.0000e+00
     14.391    11.7199    32.6516  1024.8829     2.6107     6.4773    103.803   -0.00672    6.23997    6.24031      8.079     0.3127   11.30169   3.728739 5.5144e+00    24.8179    24.8175 9.4200e+01     14.500          1       1415    1493.29 1.7082e+03  50834.150     58.909 1621691033       0.64      0.394   39.82246  -73.19156 0.0000e+00
     14.894    11.4388    32.6811  1024.9594     2.6102     6.4909    103.968   -0.00441    6.24315    6.24354      8.079     0.3307   11.30691   3.705641 5.2068e+00    24.8920    24.8916 8.8861e+01     15.000          1       1432    1492.36 1.7066e+03  50920.789     59.606 1621691034       0.26      0.697   39.82246  -73.19156 0.0000e+00
     15.383    11.2216    32.6803  1025.0002     2.6150     6.5460    104.667    0.00100    6.25408    6.25463      8.080     0.3206   11.32481   3.689125 4.9985e+00    24.9305    24.9302 8.4935e+01     15.500          1       1493    1491.61 1.6992e+03  50954.365     62.156 1621691036       0.06      0.333   39.82246  -73.19155 0.0000e+00
     15.880    11.1765    32.6939  1025.0211     2.6168     6.5566    104.732    0.00046    6.26037    6.26100      8.080     0.3008   11.33516   3.686630 4.7970e+00    24.9491    24.9488 8.1375e+01     16.000          1       1540    1491.48 1.6964e+03  50981.318     64.142 1621691038       0.27      0.395   39.82246  -73.19152 0.0000e+00
     16.374    11.1086    32.6980  1025.0386     2.6173     6.5568    104.739    0.00019    6.26007    6.26070 -9.990e-29     0.2866   11.33466   3.681142 4.7725e+00    24.9644    24.9641 8.0919e+01     16.500          1       1572    1491.25 1.6955e+03  50998.574     65.451 1621691040      -0.10      0.434   39.82246  -73.19152 0.0000e+00
     16.869    11.0843    32.6971  1025.0446     2.6187     6.5635    104.853    0.00076    6.25973    6.26035 -9.990e-29     0.3136   11.33408   3.679417 4.5832e+00    24.9681    24.9677 7.8048e+01     17.000          1       1609    1491.17 1.7030e+03  51001.666     66.993 1621691041       0.01      0.318   39.82246  -73.19152 0.0000e+00
     17.366    11.0877    32.6983  1025.0471     2.6205     6.5735    104.958    0.00078    6.26296    6.26363 -9.990e-29     0.3049   11.33936   3.680303 4.4783e+00    24.9684    24.9680 7.6681e+01     17.500          1       1661    1491.19 1.7123e+03  51003.032     69.186 1621691043      -0.06      0.228   39.82246  -73.19151 0.0000e+00
     17.857    11.0841    32.7011  1025.0522     2.6212     6.5869    104.961   -0.00005    6.27557    6.27642      8.080     0.2652   11.36002   3.680548 4.3561e+00    24.9712    24.9708 7.3903e+01     18.000          1       1725    1491.19 1.6965e+03  51007.838     71.824 1621691046       0.17      0.187   39.82246  -73.19150 0.0000e+00
     18.356    11.0561    32.7082  1025.0649     2.6203     6.5849    104.879   -0.00059    6.27858    6.27947      8.080     0.3086   11.36494   3.678667 4.1167e+00    24.9817    24.9813 6.9511e+01     18.500          1       1749    1491.11 1.6885e+03  51022.798     72.827 1621691047       0.18      0.393   39.82246  -73.19150 0.0000e+00
     18.860    11.0069    32.7160  1025.0820     2.6196     6.5860    104.848   -0.00065    6.28149    6.28242      8.081     0.3214   11.36973   3.674975 4.0165e+00    24.9965    24.9961 6.7556e+01     19.000          1       1772    1490.96 1.6820e+03  51042.345     73.788 1621691048       0.05      0.515   39.82246  -73.19149 0.0000e+00
     19.347    10.9414    32.7289  1025.1059     2.6179     6.5801    104.736   -0.00103    6.28249    6.28344      8.080     0.2479   11.37140   3.670564 3.8647e+00    25.0182    25.0178 6.4285e+01     19.500          1       1816    1490.75 1.6633e+03  51071.749     75.625 1621691050      -0.17      0.277   39.82246  -73.19148 0.0000e+00
     19.849    10.9113    32.7314  1025.1154     2.6172     6.5832    104.784   -0.00017    6.28267    6.28362      8.078     0.2743   11.37158   3.668327 3.6230e+00    25.0254    25.0250 5.9376e+01     20.000          1       1869    1490.65 1.6391e+03  51080.664     77.823 1621691052       0.21      0.244   39.82246  -73.19147 0.0000e+00
     20.339    10.9096    32.7412  1025.1256     2.6140     6.5682    104.544   -0.00139    6.28269    6.28367      8.076     0.2601   11.37133   3.669712 3.5470e+00    25.0333    25.0329 5.6807e+01     20.500          1       1937    1490.67 1.6015e+03  51095.096     80.665 1621691055       0.49      0.307   39.82246  -73.19146 0.0000e+00
     20.844    10.9159    32.7531  1025.1360     2.6114     6.5525    104.273   -0.00319    6.28398    6.28498      8.076     0.2833   11.37344   3.671372 3.3342e+00    25.0415    25.0411 5.3153e+01     21.000          1       1955    1490.71 1.5941e+03  51110.968     81.408 1621691056       0.29      0.592   39.82246  -73.19146 0.0000e+00
     21.338    10.9057    32.7616  1025.1467     2.6066     6.5481    104.029   -0.00353    6.29455    6.29568      8.074     0.2764   11.39093   3.671264 3.1901e+00    25.0499    25.0495 5.0526e+01     21.500          1       1989    1490.69 1.5838e+03  51124.953     82.815 1621691057      -0.16      0.459   39.82246  -73.19146 0.0000e+00
     21.827    10.8724    32.7691  1025.1606     2.5986     6.5279    103.588   -0.00430    6.30179    6.30302      8.072     0.2902   11.40295   3.668741 3.0179e+00    25.0616    25.0612 4.7252e+01     22.000          1       2038    1490.59 1.5657e+03  51141.360     84.855 1621691059       0.22      0.173   39.82246  -73.19144 0.0000e+00
     22.328    10.7700    32.7668  1025.1791     2.5981     6.5531    103.837   -0.00124    6.31095    6.31231      8.072     0.2564   11.41801   3.659173 2.8538e+00    25.0778    25.0773 4.4196e+01     22.500          1       2093    1490.24 1.5485e+03  51156.138     87.186 1621691061       0.09      0.192   39.82246  -73.19143 0.0000e+00
     22.820    10.7064    32.7663  1025.1920     2.5953     6.5562    103.717   -0.00136    6.32127    6.32277      8.072     0.2515   11.43489   3.653623 2.7175e+00    25.0884    25.0879 4.1555e+01     23.000          1       2154    1490.02 1.5291e+03  51166.646     89.696 1621691064       0.19      0.231   39.82246  -73.19142 0.0000e+00
     23.323    10.6716    32.7773  1025.2090     2.5919     6.5472    103.455   -0.00273    6.32852    6.33013      8.070     0.2452   11.44684   3.651492 2.5804e+00    25.1031    25.1026 3.9350e+01     23.500          1       2180    1489.92 1.5250e+03  51188.549     90.785 1621691065       0.07      0.412   39.82246  -73.19141 0.0000e+00
     23.811    10.6020    32.7924  1025.2350     2.5848     6.5367    103.054   -0.00368    6.34297    6.34476      8.068     0.2157   11.47083   3.646774 2.4593e+00    25.1269    25.1264 3.7250e+01     24.000          1       2226    1489.70 1.5147e+03  51222.297     92.704 1621691067      -0.13      0.252   39.82247  -73.19140 0.0000e+00
