CalculateIndicators/WaterTemperature/Data/CTD_NYOS/20210522_C11.cnv
* Sea-Bird SBE 9 Data File:
* FileName = C:\Seabird 9 CTD\Data\2021\202105_offshore\20210522_C11.hex
* Software Version Seasave V 7.23.2
* Temperature SN = 4590
* Conductivity SN = 3228
* Number of Bytes Per Scan = 44
* Number of Voltage Words = 5
* Number of Scans Averaged by the Deck Unit = 1
* NMEA Latitude = 40 10.23 N
* NMEA Longitude = 073 19.47 W
* NMEA UTC (Time) = May 22 2021  17:09:26
* NMEA baud rate = 4800
** Ship: seawolf
** Station: 6.2
** Operator: tdk
# nquan = 31
# nvalues = 146                         
# units = specified
# name 0 = depSM: Depth [salt water, m]
# name 1 = t090C: Temperature [ITS-90, deg C]
# name 2 = sal00: Salinity, Practical [PSU]
# name 3 = density00: Density [density, kg/m^3]
# name 4 = sbeox0V: Oxygen raw, SBE 43 [V]
# name 5 = sbeox0ML/L: Oxygen, SBE 43 [ml/l]
# name 6 = sbeox0PS: Oxygen, SBE 43 [% saturation]
# name 7 = sbox0dV/dT: Oxygen, SBE 43 [dov/dt]
# name 8 = oxsolML/L: Oxygen Saturation, Garcia & Gordon [ml/l]
# name 9 = oxsatML/L: Oxygen Saturation, Weiss [ml/l]
# name 10 = ph: pH
# name 11 = flECO-AFL: Fluorescence, WET Labs ECO-AFL/FL [mg/m^3]
# name 12 = n2satML/L: Nitrogen Saturation [ml/l]
# name 13 = c0S/m: Conductivity [S/m]
# name 14 = cpar: CPAR/Corrected Irradiance [%]
# name 15 = sigma-é00: Density [sigma-theta, kg/m^3]
# name 16 = sigma-t00: Density [sigma-t, kg/m^3 ]
# name 17 = par: PAR/Irradiance, Biospherical/Licor
# name 18 = prDM: Pressure, Digiquartz [db]
# name 19 = pumps: Pump Status
# name 20 = scan: Scan Count
# name 21 = svCM: Sound Velocity [Chen-Millero, m/s]
# name 22 = spar: SPAR, Biospherical/Licor
# name 23 = specc: Specific Conductance [uS/cm]
# name 24 = timeS: Time, Elapsed [seconds]
# name 25 = timeY: Time, System [seconds]
# name 26 = accM: Acceleration [m/s^2]
# name 27 = dz/dtM: Descent Rate [m/s]
# name 28 = latitude: Latitude [deg]
# name 29 = longitude: Longitude [deg]
# name 30 = flag: flag
# span 0 =      1.437,     37.719       
# span 1 =     7.5086,    16.1303       
# span 2 =    30.5082,    33.1382       
# span 3 =  1022.3156,  1026.0485       
# span 4 =     2.1157,     2.6755       
# span 5 =     4.9882,     6.4037       
# span 6 =     80.947,    106.745       
# span 7 =   -0.02511,    0.04925       
# span 8 =    5.71226,    6.75535       
# span 9 =    5.70553,    6.76336       
# span 10 =      7.889,      8.234      
# span 11 =     0.0853,     1.0753      
# span 12 =   10.44570,   12.14865      
# span 13 =   3.404632,   3.935477      
# span 14 = 3.0399e-01, 5.5417e+01      
# span 15 =    22.3068,    25.8813      
# span 16 =    22.3067,    25.8809      
# span 17 = 5.4368e+00, 1.0321e+03      
# span 18 =      1.500,     38.000      
# span 19 =          1,          1      
# span 20 =        207,      11045      
# span 21 =    1478.81,    1505.31      
# span 22 = 1.7904e+03, 1.9468e+03      
# span 23 =  47342.593,  52370.028      
# span 24 =      8.598,    460.187      
# span 25 = 1621703375, 1621703826      
# span 26 =      -0.86,       0.51      
# span 27 =     -0.882,      0.621      
# span 28 =   40.17064,   40.17130      
# span 29 =  -73.32492,  -73.32464      
# span 30 = 0.0000e+00, 0.0000e+00      
# interval = decibars: 0.5              
# start_time = May 22 2021 17:09:26 [System UTC, first data scan.]
# bad_flag = -9.990e-29
*END*
[from data line 94]
     26.786     8.1274    32.7214  1025.5896     2.2725     5.9995     90.088    0.01772    6.65976    6.66582      7.939     0.5833   11.99652   3.421903 1.4836e+00    25.4664    25.4660 2.7281e+01     27.000          1       6023    1480.58 1.8389e+03  51626.908    250.932 1621703617      -0.13     -0.321   40.17098  -73.32478 0.0000e+00
     26.300     8.4345    32.5862  1025.4358     2.3429     6.1541     92.793    0.00997    6.63209    6.63769      7.951     0.5044   11.95149   3.437269 1.5507e+00    25.3150    25.3146 2.8601e+01     26.500          1       6169    1481.56 1.8447e+03  51362.785    257.006 1621703623      -0.21     -0.007   40.17098  -73.32479 0.0000e+00
     25.791     8.6198    32.5555  1025.3814     2.3524     6.1639     93.068    0.00804    6.62305    6.62850      7.956     0.4953   11.93684   3.449021 1.6612e+00    25.2630    25.2627 3.0479e+01     26.000          1       6217    1482.21 1.8348e+03  51278.804    259.006 1621703625      -0.17     -0.394   40.17098  -73.32480 0.0000e+00
     25.294     8.7310    32.5315  1025.3435     2.3867     6.2271     94.557    0.00672    6.58597    6.59086      7.974     0.4567   11.87587   3.457038 1.7623e+00    25.2274    25.2271 3.3181e+01     25.500          1       7261    1482.59 1.8829e+03  51221.469    302.507 1621703669      -0.23     -0.401   40.17104  -73.32481 0.0000e+00
     24.807     8.9914    32.5075  1025.2822     2.4123     6.3343     96.774    0.01836    6.54554    6.54982      7.984     0.4165   11.80940   3.478207 1.9002e+00    25.1686    25.1682 3.6102e+01     25.000          1       7670    1483.52 1.8999e+03  51130.832    319.555 1621703686      -0.10     -0.538   40.17107  -73.32482 0.0000e+00
     24.306     9.0401    32.5114  1025.2753     2.4241     6.3774     97.385    0.01868    6.54859    6.55291      7.987     0.3797   11.81455   3.481708 2.0234e+00    25.1640    25.1636 3.8436e+01     24.500          1       7692    1483.69 1.8996e+03  51126.427    320.449 1621703686      -0.13     -0.616   40.17108  -73.32482 0.0000e+00
     23.809     9.0579    32.5095  1025.2688     2.4357     6.3676     97.473    0.01366    6.53273    6.53680      7.988     0.3693   11.78862   3.483394 2.1488e+00    25.1598    25.1594 4.1042e+01     24.000          1       7718    1483.75 1.9098e+03  51119.386    321.527 1621703687       0.15     -0.572   40.17108  -73.32482 0.0000e+00
     23.328     9.0868    32.5005  1025.2551     2.4492     6.3404     97.466    0.00683    6.50524    6.50886      7.988     0.3418   11.74408   3.484467 2.1981e+00    25.1483    25.1479 4.2286e+01     23.500          1       7762    1483.84 1.9238e+03  51100.708    323.374 1621703689       0.04     -0.212   40.17108  -73.32482 0.0000e+00
     22.819     9.1590    32.4781  1025.2238     2.4532     6.3410     97.556    0.00577    6.49987    6.50337      7.988     0.3400   11.73579   3.489945 2.3305e+00    25.1194    25.1190 4.4824e+01     23.000          1       7784    1484.07 1.9234e+03  51053.514    324.307 1621703690      -0.26     -0.388   40.17108  -73.32482 0.0000e+00
     22.325     9.3166    32.4502  1025.1747     2.4561     6.3248     97.477    0.00355    6.48850    6.49179      7.987     0.3195   11.71766   3.501102 2.4840e+00    25.0726    25.0723 4.7776e+01     22.500          1       7808    1484.61 1.9234e+03  50982.134    325.307 1621703691      -0.00     -0.537   40.17108  -73.32482 0.0000e+00
     21.830     9.3824    32.3884  1025.1138     2.4585     6.3100     97.477    0.00254    6.47333    6.47637      7.986     0.2786   11.69299   3.499745 2.6305e+00    25.0139    25.0136 5.0510e+01     22.000          1       7834    1484.76 1.9202e+03  50880.151    326.383 1621703692       0.04     -0.451   40.17108  -73.32482 0.0000e+00
     21.333     9.4604    32.3412  1025.0621     2.4601     6.2703     97.431    0.00187    6.43561    6.43810      7.985     0.2752   11.63119   3.502842 2.8009e+00    24.9646    24.9642 5.3637e+01     21.500          1       7857    1484.98 1.9150e+03  50798.364    327.342 1621703693      -0.09     -0.498   40.17108  -73.32482 0.0000e+00
     20.835     9.6223    32.2692  1024.9775     2.4682     6.2812     98.013    0.00454    6.40856    6.41069      7.983     0.2765   11.58644   3.510574 3.0106e+00    24.8823    24.8819 5.7480e+01     21.000          1       7892    1485.48 1.9093e+03  50664.475    328.801 1621703695       0.14     -0.390   40.17108  -73.32482 0.0000e+00
     20.345    10.1706    32.1863  1024.8204     2.4852     6.2656     98.808    0.00557    6.34117    6.34240      7.984     0.2498   11.47513   3.551564 3.2585e+00    24.7277    24.7273 6.2381e+01     20.500          1       7965    1487.36 1.9143e+03  50443.985    331.840 1621703698      -0.01     -0.119   40.17108  -73.32482 0.0000e+00
     19.853    10.3616    32.1710  1024.7740     2.4977     6.2491     99.412    0.00665    6.28610    6.28665      7.987     0.2659   11.38363   3.567034 3.3917e+00    24.6836    24.6832 6.5176e+01     20.000          1       8008    1488.02 1.9216e+03  50388.426    333.613 1621703700      -0.34     -0.227   40.17108  -73.32482 0.0000e+00
     19.344    10.4492    32.1696  1024.7557     2.5061     6.2607    100.005    0.00946    6.26039    6.26062      7.987     0.2592   11.34085   3.574314 3.5247e+00    24.6677    24.6673 6.7723e+01     19.500          1       8023    1488.32 1.9214e+03  50371.032    334.262 1621703700      -0.42     -0.513   40.17108  -73.32482 0.0000e+00
     18.850    10.8278    32.1697  1024.6881     2.5251     6.2996    101.184    0.01344    6.22598    6.22578      7.988     0.2408   11.28376   3.609981 3.6213e+00    24.6025    24.6021 6.9500e+01     19.000          1       8054    1489.66 1.9192e+03  50305.470    335.560 1621703702       0.14     -0.485   40.17108  -73.32482 0.0000e+00
     18.364    11.2724    32.2079  1024.6374     2.5524     6.3770    102.631    0.01501    6.21349    6.21315      7.993     0.2134   11.26286   3.653796 3.8126e+00    24.5542    24.5538 7.3013e+01     18.500          1       8098    1491.27 1.9151e+03  50284.978    337.395 1621703703      -0.22     -0.171   40.17108  -73.32482 0.0000e+00
     17.852    11.4688    32.2111  1024.6022     2.5602     6.3824    102.749    0.01180    6.21163    6.21128      7.994     0.2168   11.25979   3.670313 4.0992e+00    24.5214    24.5210 7.8012e+01     18.000          1       8124    1491.95 1.9033e+03  50258.712    338.465 1621703704      -0.23     -0.429   40.17108  -73.32482 0.0000e+00
     17.370    11.5930    32.2344  1024.5957     2.5715     6.3641    102.682    0.00426    6.19789    6.19736      7.995     0.2366   11.23700   3.682280 4.5959e+00    24.5171    24.5167 8.8309e+01     17.500          1       8203    1492.40 1.9215e+03  50272.234    341.755 1621703708      -0.73     -0.219   40.17110  -73.32484 0.0000e+00
     16.854    11.6801    32.2221  1024.5678     2.5720     6.3519    102.638    0.00363    6.18867    6.18800      7.996     0.2256   11.22199   3.688646 4.7174e+00    24.4916    24.4912 9.0724e+01     17.000          1       8218    1492.68 1.9232e+03  50240.709    342.365 1621703708      -0.47     -0.625   40.17110  -73.32484 0.0000e+00
     16.377    11.7992    32.2087  1024.5334     2.5812     6.3311    103.093    0.00501    6.14120    6.13992      7.994     0.2502   11.14397   3.698503 4.9197e+00    24.4594    24.4590 9.4546e+01     16.500          1       8288    1493.07 1.9218e+03  50203.965    345.283 1621703711      -0.54     -0.279   40.17110  -73.32484 0.0000e+00
     15.872    12.0083    32.1481  1024.4454     2.5831     6.3272    103.078    0.00366    6.13824    6.13693      7.992     0.2605   11.13905   3.711393 5.2503e+00    24.3737    24.3733 1.0063e+02     16.000          1       8309    1493.71 1.9167e+03  50088.359    346.179 1621703712      -0.86     -0.537   40.17110  -73.32484 0.0000e+00
     15.363    12.0823    32.1566  1024.4360     2.5834     6.3115    102.908    0.00137    6.13320    6.13182      7.993     0.2372   11.13074   3.717707 5.7252e+00    24.3666    24.3662 1.0940e+02     15.500          1       8322    1493.97 1.9110e+03  50086.946    346.689 1621703713      -0.46     -0.882   40.17110  -73.32484 0.0000e+00
     14.881    12.1954    32.1546  1024.4111     2.5817     6.3000    102.684   -0.00045    6.13533    6.13399      7.996     0.2223   11.13416   3.726981 6.0089e+00    24.3439    24.3435 1.1551e+02     15.000          1       8393    1494.34 1.9223e+03  50068.774    349.657 1621703716      -0.02     -0.265   40.17111  -73.32482 0.0000e+00
     14.391    12.2073    32.1627  1024.4128     2.5774     6.2800    102.372   -0.00163    6.13452    6.13316 -9.990e-29     0.2339   11.13283   3.727740 6.3011e+00    24.3479    24.3476 1.2194e+02     14.500          1       8476    1494.39 1.9352e+03  50077.780    353.108 1621703719      -0.06     -0.155   40.17112  -73.32484 0.0000e+00
     13.894    12.1423    32.1741  1024.4316     2.5791     6.2862    102.614    0.00064    6.12602    6.12455 -9.990e-29     0.2259   11.11887   3.722660 6.7236e+00    24.3689    24.3686 1.2996e+02     14.000          1       8510    1494.17 1.9329e+03  50103.411    354.531 1621703721      -0.14     -0.302   40.17112  -73.32484 0.0000e+00
     13.391    12.2148    32.1573  1024.4028     2.5796     6.2902    102.612    0.00029    6.13007    6.12865      7.997     0.2276   11.12548   3.727922 7.2981e+00    24.3423    24.3420 1.4081e+02     13.500          1       8560    1494.39 1.9293e+03  50068.699    356.628 1621703723      -0.14     -0.295   40.17112  -73.32484 0.0000e+00
     12.898    12.2277    32.1605  1024.4006     2.5767     6.2784    102.309   -0.00189    6.13672    6.13540      7.997     0.2325   11.13635   3.728737 7.8163e+00    24.3424    24.3421 1.5190e+02     13.000          1       8629    1494.43 1.9433e+03  50071.494    359.509 1621703725      -0.18     -0.309   40.17112  -73.32484 0.0000e+00
     12.406    12.1843    32.1708  1024.4145     2.5857     6.2565    103.097    0.00430    6.06866    6.06646      7.997     0.2102   11.02450   3.725838 8.1841e+00    24.3585    24.3582 1.5929e+02     12.500          1       8695    1494.28 1.9463e+03  50091.645    362.262 1621703728       0.01     -0.162   40.17112  -73.32484 0.0000e+00
     11.906    12.6384    32.0942  1024.2662     2.5980     6.2428    103.763    0.00635    6.01642    6.01360      7.998     0.2440   10.93813   3.760955 9.0087e+00    24.2126    24.2123 1.7486e+02     12.000          1       8748    1495.73 1.9412e+03  49921.399    364.463 1621703730      -0.06     -0.233   40.17113  -73.32484 0.0000e+00
     11.410    13.2082    32.0421  1024.1130     2.5943     6.2232    103.083   -0.00093    6.03686    6.03430      7.999     0.2410   10.97165   3.807944 9.3899e+00    24.0617    24.0614 1.8277e+02     11.500          1       8818    1497.57 1.9464e+03  49772.709    367.382 1621703733      -0.19     -0.149   40.17114  -73.32484 0.0000e+00
     10.910    13.0693    32.0784  1024.1662     2.5890     6.1263    102.901    0.00196    5.95361    5.95007      7.997     0.2302   10.83391   3.796163 9.9269e+00    24.1172    24.1169 1.9325e+02     11.000          1       8895    1497.15 1.9468e+03  49841.289    370.591 1621703737      -0.27     -0.247   40.17114  -73.32485 0.0000e+00
     10.417    13.7692    32.0613  1024.0112     2.5989     6.1462    103.277    0.00046    5.95113    5.94757      8.001     0.2533   10.82968   3.858733 1.0851e+01    23.9645    23.9642 2.1017e+02     10.500          1       9253    1499.44 1.9367e+03  49730.469    385.499 1621703751      -0.11     -0.113   40.17117  -73.32487 0.0000e+00
      9.916    13.8370    32.0715  1024.0030     2.5982     6.1066    103.030   -0.00172    5.92700    5.92316      8.018     0.2465   10.78977   3.863947 1.1229e+01    23.9586    23.9583 2.1109e+02     10.000          1      10278    1499.67 1.8800e+03  49736.420    428.213 1621703794      -0.19     -0.528   40.17125  -73.32490 0.0000e+00
      9.430    13.8405    32.0679  1023.9973     2.5987     6.0818    103.104   -0.00040    5.89869    5.89453      8.022     0.2384   10.74284   3.863615 1.2141e+01    23.9551    23.9548 2.2646e+02      9.500          1      10378    1499.67 1.8652e+03  49730.902    432.387 1621703798       0.20     -0.420   40.17126  -73.32490 0.0000e+00
      8.929    13.8772    32.0636  1023.9842     2.6031     6.1066    103.525    0.00260    5.89869    5.89453      8.022     0.2376   10.74273   3.866854 1.3206e+01    23.9442    23.9440 2.4529e+02      9.000          1      10406    1499.77 1.8575e+03  49720.361    433.558 1621703800      -0.11     -0.382   40.17126  -73.32490 0.0000e+00
      8.436    14.0636    32.0607  1023.9416     2.6035     6.0535    103.370    0.00124    5.85607    5.85130      8.062     0.2534   10.67490   3.884092 1.4222e+01    23.9038    23.9036 2.6477e+02      8.500          1      10461    1500.37 1.8616e+03  49694.689    435.849 1621703802      -0.02     -0.243   40.17127  -73.32490 0.0000e+00
      7.942    14.1416    32.0510  1023.9158     2.6123     6.0498    103.913    0.00396    5.82194    5.81669      8.140     0.3132   10.62037   3.889569 1.5077e+01    23.8803    23.8800 2.8195e+02      8.000          1      10512    1500.61 1.8701e+03  49671.823    437.957 1621703804      -0.40     -0.258   40.17128  -73.32490 0.0000e+00
      7.434    14.1849    32.0204  1023.8809     2.6317     6.1332    105.631    0.01629    5.80633    5.80084      8.162     0.2628   10.59586   3.890388 1.6341e+01    23.8477    23.8475 3.0582e+02      7.500          1      10533    1500.70 1.8716e+03  49625.321    438.818 1621703805      -0.17     -0.530   40.17128  -73.32490 0.0000e+00
      6.954    15.1087    31.4856  1023.2724     2.6477     6.1013    105.925    0.01045    5.75997    5.75386      8.179     0.2564   10.52179   3.917199 1.7465e+01    23.2414    23.2412 3.2685e+02      7.000          1      10574    1503.05 1.8715e+03  48779.831    440.523 1621703807       0.26     -0.303   40.17128  -73.32490 0.0000e+00
      6.451    14.8122    31.6612  1023.4683     2.6607     6.1480    106.707    0.01269    5.76154    5.75546      8.177     0.2787   10.52426   3.908302 1.9774e+01    23.4395    23.4393 3.6899e+02      6.500          1      10596    1502.29 1.8661e+03  49062.032    441.465 1621703807      -0.31     -0.364   40.17128  -73.32490 0.0000e+00
      5.946    15.3720    31.3073  1023.0734     2.6625     6.1551    106.527    0.00810    5.77792    5.77207      8.169     0.2718   10.55002   3.921044 2.1083e+01    23.0469    23.0467 3.9228e+02      6.000          1      10617    1503.66 1.8608e+03  48509.264    442.335 1621703808      -0.10     -0.569   40.17128  -73.32490 0.0000e+00
      5.459    15.4657    31.2911  1023.0387     2.6631     6.0851    105.929   -0.00049    5.74451    5.73816      8.179     0.2502   10.49810   3.925949 2.4879e+01    23.0143    23.0142 4.6475e+02      5.500          1      10667    1503.93 1.8681e+03  48477.827    444.434 1621703810       0.17     -0.227   40.17128  -73.32492 0.0000e+00
      4.969    15.6731    31.1053  1022.8483     2.6755     6.1212    106.745    0.00338    5.73442    5.72794      8.205     0.2526   10.48169   3.923506 2.5185e+01    22.8262    22.8260 4.7547e+02      5.000          1      10739    1504.36 1.8881e+03  48201.112    447.415 1621703813      -0.14     -0.091   40.17128  -73.32492 0.0000e+00
      4.466    15.7036    31.0930  1022.8300     2.6736     6.1040    106.431   -0.00012    5.73517    5.72871      8.214     0.2161   10.48278   3.924385 2.8658e+01    22.8101    22.8100 5.4119e+02      4.500          1      10761    1504.43 1.8884e+03  48179.907    448.342 1621703814      -0.48     -0.354   40.17128  -73.32492 0.0000e+00
