CalculateIndicators/WaterTemperature/Data/CTD_NYOS/20210522_C07.cnv
* Sea-Bird SBE 9 Data File:
* FileName = C:\Seabird 9 CTD\Data\2021\202105_offshore\20210522_C07.hex
* Software Version Seasave V 7.23.2
* Temperature SN = 4590
* Conductivity SN = 3228
* Number of Bytes Per Scan = 44
* Number of Voltage Words = 5
* Number of Scans Averaged by the Deck Unit = 1
* NMEA Latitude = 38 47.02 N
* NMEA Longitude = 072 48.88 W
* NMEA UTC (Time) = May 22 2021  02:40:51
* NMEA baud rate = 4800
** Ship: seawolf
** Station: 6.6
** Operator: TDK
# nquan = 31
# nvalues = 1206                        
# units = specified
# name 0 = depSM: Depth [salt water, m]
# name 1 = t090C: Temperature [ITS-90, deg C]
# name 2 = sal00: Salinity, Practical [PSU]
# name 3 = density00: Density [density, kg/m^3]
# name 4 = sbeox0V: Oxygen raw, SBE 43 [V]
# name 5 = sbeox0ML/L: Oxygen, SBE 43 [ml/l]
# name 6 = sbeox0PS: Oxygen, SBE 43 [% saturation]
# name 7 = sbox0dV/dT: Oxygen, SBE 43 [dov/dt]
# name 8 = oxsolML/L: Oxygen Saturation, Garcia & Gordon [ml/l]
# name 9 = oxsatML/L: Oxygen Saturation, Weiss [ml/l]
# name 10 = ph: pH
# name 11 = flECO-AFL: Fluorescence, WET Labs ECO-AFL/FL [mg/m^3]
# name 12 = n2satML/L: Nitrogen Saturation [ml/l]
# name 13 = c0S/m: Conductivity [S/m]
# name 14 = cpar: CPAR/Corrected Irradiance [%]
# name 15 = sigma-é00: Density [sigma-theta, kg/m^3]
# name 16 = sigma-t00: Density [sigma-t, kg/m^3 ]
# name 17 = par: PAR/Irradiance, Biospherical/Licor
# name 18 = prDM: Pressure, Digiquartz [db]
# name 19 = pumps: Pump Status
# name 20 = scan: Scan Count
# name 21 = svCM: Sound Velocity [Chen-Millero, m/s]
# name 22 = spar: SPAR, Biospherical/Licor
# name 23 = specc: Specific Conductance [uS/cm]
# name 24 = timeS: Time, Elapsed [seconds]
# name 25 = timeY: Time, System [seconds]
# name 26 = accM: Acceleration [m/s^2]
# name 27 = dz/dtM: Descent Rate [m/s]
# name 28 = latitude: Latitude [deg]
# name 29 = longitude: Longitude [deg]
# name 30 = flag: flag
# span 0 =      1.980,    300.991       
# span 1 =    10.2516,    14.8753       
# span 2 =    32.0250,    36.0650       
# span 3 =  1023.7990,  1028.5280       
# span 4 =     1.3886,     2.8048       
# span 5 =     2.8249,     6.7556       
# span 6 =     46.015,    113.935       
# span 7 =   -0.08354,    0.07127       
# span 8 =    5.66942,    6.26685       
# span 9 =    5.66510,    6.26989       
# span 10 =      7.839,      8.173      
# span 11 =    -0.1088,     1.3739      
# span 12 =   10.31900,   11.31542      
# span 13 =   3.878367,   4.404628      
# span 14 = -1.360e+04, 1.8569e+05      
# span 15 =    23.7901,    27.1676      
# span 16 =    23.7900,    27.1613      
# span 17 = 1.0000e-12, 6.7449e-03      
# span 18 =      2.000,    303.500      
# span 19 =          1,          1      
# span 20 =         73,      37038      
# span 21 =    1496.12,    1510.84      
# span 22 = -1.692e+00, 2.2432e+00      
# span 23 =  49594.436,  55225.972      
# span 24 =      3.008,   1543.206      
# span 25 = 1621651254, 1621652794      
# span 26 =      -0.67,       0.78      
# span 27 =     -1.250,      1.236      
# span 28 =   38.78136,   38.78372      
# span 29 =  -72.81468,  -72.81412      
# span 30 = 0.0000e+00, 0.0000e+00      
# interval = decibars: 0.5              
# start_time = May 22 2021 02:40:51 [System UTC, first data scan.]
# bad_flag = -9.990e-29
*END*
[from data line 936]
    135.920    14.5223    35.9138  1027.3889     2.2045     4.8693     85.197   -0.00001    5.71526    5.71139      8.072    -0.0931   10.39653   4.350023 5.0640e-11    26.7860    26.7815 1.0000e-12    137.000          1      25998    1508.49 1.9747e+00  55026.760   1083.206 1621652334      -0.04     -0.713   38.78206  -72.81416 0.0000e+00
    135.424    14.5234    35.9141  1027.3867     2.2043     4.8686     85.174   -0.00019    5.71603    5.71217      8.072    -0.0973   10.39783   4.350132 5.0640e-11    26.7860    26.7815 1.0000e-12    136.500          1      26014    1508.49 1.9747e+00  55026.806   1083.891 1621652335      -0.01     -0.725   38.78206  -72.81416 0.0000e+00
    134.924    14.5240    35.9142  1027.3844     2.2041     4.8661     85.124   -0.00052    5.71645    5.71260      8.072    -0.0596   10.39854   4.350210 5.0640e-11    26.7859    26.7815 1.0000e-12    136.000          1      26032    1508.48 1.9747e+00  55026.542   1084.609 1621652336       0.02     -0.724   38.78206  -72.81416 0.0000e+00
    134.426    14.5207    35.9133  1027.3822 -9.990e-29     4.8663     85.131   -0.00029    5.71628    5.71242      8.072    -0.0675   10.39825   4.349671 5.0640e-11    26.7859    26.7815 1.0000e-12    135.500          1      26057    1508.46 1.9747e+00  55025.482   1085.657 1621652337       0.19     -0.599   38.78206  -72.81416 0.0000e+00
    133.945    14.5061    35.9091  1027.3801     2.2037     4.8687     85.160    0.00017    5.71718    5.71333      8.072    -0.0806   10.39975   4.347690 5.0640e-11    26.7858    26.7814 1.0000e-12    135.000          1      26114    1508.40 1.9747e+00  55021.238   1088.057 1621652339       0.06     -0.094   38.78206  -72.81416 0.0000e+00
    133.445    14.5095    35.9096  1027.3774     2.2041     4.8736     85.186    0.00036    5.72117    5.71736      8.072    -0.0839   10.40638   4.348124 5.0640e-11    26.7854    26.7810 1.0000e-12    134.500          1      26137    1508.41 1.9747e+00  55021.148   1089.004 1621652340      -0.34     -0.343   38.78206  -72.81416 0.0000e+00
    132.941    14.5101    35.9099  1027.3753     2.2030     4.8670     85.073   -0.00040    5.72104    5.71723      8.072    -0.0820   10.40623   4.348168 5.0640e-11    26.7855    26.7812 1.0000e-12    134.000          1      26154    1508.40 1.9747e+00  55021.267   1089.727 1621652341      -0.25     -0.578   38.78206  -72.81416 0.0000e+00
    132.445    14.5067    35.9088  1027.3730     2.2016     4.8623     84.933   -0.00133    5.72481    5.72104      8.071    -0.0802   10.41257   4.347516 5.0640e-11    26.7854    26.7810 1.0000e-12    133.500          1      26178    1508.38 1.9747e+00  55019.916   1090.695 1621652342       0.12     -0.611   38.78206  -72.81416 0.0000e+00
    131.958    14.4688    35.9059  1027.3769     2.1992     4.8544     84.773   -0.00179    5.72638    5.72263      8.069    -0.0721   10.41525   4.343425 5.0640e-11    26.7913    26.7871 1.0000e-12    133.000          1      26207    1508.25 1.9747e+00  55020.342   1091.908 1621652343       0.08     -0.417   38.78206  -72.81416 0.0000e+00
    131.461    14.4702    35.8996  1027.3695     2.1969     4.8480     84.615   -0.00241    5.72948    5.72576      8.068    -0.0814   10.42042   4.342672 5.0640e-11    26.7861    26.7819 1.0000e-12    132.500          1      26228    1508.24 1.9747e+00  55011.433   1092.774 1621652344      -0.17     -0.465   38.78205  -72.81416 0.0000e+00
    130.959    14.4449    35.8939  1027.3684     2.1952     4.8439     84.530   -0.00243    5.73030    5.72659      8.067    -0.0807   10.42182   4.339343 5.0640e-11    26.7872    26.7830 1.0000e-12    132.000          1      26245    1508.14 1.9747e+00  55006.461   1093.491 1621652345      -0.18     -0.606   38.78204  -72.81416 0.0000e+00
    130.462    14.4320    35.8870  1027.3636     2.1938     4.8387     84.468   -0.00221    5.72839    5.72466      8.067    -0.0820   10.41866   4.337512 5.0640e-11    26.7846    26.7804 1.0000e-12    131.500          1      26265    1508.08 1.9747e+00  54998.420   1094.313 1621652346       0.03     -0.666   38.78204  -72.81416 0.0000e+00
    129.968    14.4141    35.8819  1027.3614     2.1924     4.8345     84.440   -0.00152    5.72540    5.72163      8.067    -0.0754   10.41365   4.334928 5.0640e-11    26.7845    26.7803 1.0000e-12    131.000          1      26291    1508.01 1.9747e+00  54993.184   1095.433 1621652347       0.16     -0.511   38.78204  -72.81416 0.0000e+00
    129.476    14.3984    35.8763  1027.3583     2.1921     4.8342     84.485   -0.00058    5.72200    5.71820      8.067    -0.0765   10.40795   4.333058 5.0640e-11    26.7835    26.7794 1.0000e-12    130.500          1      26318    1507.95 1.9747e+00  54987.393   1096.534 1621652348      -0.03     -0.429   38.78206  -72.81416 0.0000e+00
    128.976    14.4169    35.8765  1027.3522     2.1926     4.8363     84.549    0.00006    5.72014    5.71631      8.068    -0.0749   10.40490   4.335102 5.0640e-11    26.7797    26.7755 1.0000e-12    130.000          1      26341    1508.00 1.9747e+00  54984.927   1097.488 1621652349      -0.07     -0.496   38.78204  -72.81416 0.0000e+00
    128.479    14.4441    35.8809  1027.3475     2.1942     4.8454     84.704    0.00119    5.72039    5.71657      8.070    -0.0888   10.40527   4.338425 5.0640e-11    26.7773    26.7731 1.0000e-12    129.500          1      26367    1508.08 1.9747e+00  54987.243   1098.571 1621652350       0.06     -0.497   38.78204  -72.81416 0.0000e+00
    127.986    14.4742    35.8894  1027.3453     2.1959     4.8497     84.781    0.00122    5.72028    5.71646      8.071    -0.0853   10.40509   4.342269 5.0640e-11    26.7773    26.7732 1.0000e-12    129.000          1      26400    1508.18 1.9747e+00  54995.058   1099.967 1621652351       0.08     -0.377   38.78204  -72.81416 0.0000e+00
    127.491    14.4784    35.8860  1027.3395     2.1968     4.8508     84.785    0.00076    5.72128    5.71747      8.072    -0.0884   10.40674   4.342315 5.0640e-11    26.7737    26.7696 1.0000e-12    128.500          1      26432    1508.18 1.9747e+00  54989.356   1101.301 1621652352      -0.05     -0.358   38.78204  -72.81414 0.0000e+00
    126.996    14.4818    35.8907  1027.3401     2.1971     4.8515     84.767    0.00038    5.72336    5.71957 -9.990e-29    -0.0797   10.41024   4.343004 5.0640e-11    26.7766    26.7725 1.0000e-12    128.000          1      26460    1508.19 1.9747e+00  54995.105   1102.443 1621652354      -0.05     -0.420   38.78204  -72.81414 0.0000e+00
    126.501    14.4781    35.8910  1027.3389     2.1970     4.8511     84.749    0.00022    5.72411    5.72034 -9.990e-29    -0.0593   10.41150   4.342662 5.0640e-11    26.7776    26.7735 1.0000e-12    127.500          1      26482    1508.17 1.9747e+00  54995.681   1103.395 1621652355      -0.08     -0.474   38.78204  -72.81414 0.0000e+00
    126.002    14.4724    35.8900  1027.3372     2.1966     4.8476     84.684   -0.00033    5.72435    5.72057 -9.990e-29    -0.0707   10.41189   4.341850 5.0640e-11    26.7781    26.7740 1.0000e-12    127.000          1      26501    1508.14 1.9747e+00  54994.797   1104.177 1621652355      -0.13     -0.563   38.78204  -72.81414 0.0000e+00
    125.504    14.4611    35.8875  1027.3355     2.1967     4.8482     84.689   -0.00024    5.72475    5.72097      8.069    -0.0814   10.41256   4.340333 5.0640e-11    26.7785    26.7745 1.0000e-12    126.500          1      26521    1508.09 1.9747e+00  54992.489   1104.980 1621652356      -0.03     -0.632   38.78204  -72.81414 0.0000e+00
    125.012    14.4513    35.8845  1027.3332     2.1965     4.8500     84.696    0.00004    5.72629    5.72253      8.070    -0.0700   10.41517   4.339089 5.0640e-11    26.7783    26.7743 1.0000e-12    126.000          1      26542    1508.05 1.9747e+00  54989.316   1105.879 1621652357       0.08     -0.596   38.78204  -72.81414 0.0000e+00
    124.517    14.4484    35.8831  1027.3305     2.1960     4.8474     84.633   -0.00046    5.72754    5.72379      8.069    -0.0796   10.41726   4.338638 5.0640e-11    26.7779    26.7738 1.0000e-12    125.500          1      26562    1508.03 1.9747e+00  54987.426   1106.715 1621652358      -0.02     -0.564   38.78204  -72.81414 0.0000e+00
    124.018    14.4463    35.8842  1027.3296     2.1950     4.8450     84.560   -0.00081    5.72959    5.72587      8.070    -0.0776   10.42069   4.338555 5.0640e-11    26.7792    26.7752 1.0000e-12    125.000          1      26580    1508.02 1.9747e+00  54988.961   1107.454 1621652359      -0.10     -0.616   38.78204  -72.81414 0.0000e+00
    123.518    14.4399    35.8808  1027.3261     2.1939     4.8393     84.466   -0.00129    5.72933    5.72560      8.070    -0.0709   10.42026   4.337305 5.0640e-11    26.7779    26.7739 1.0000e-12    124.500          1      26598    1507.99 1.9747e+00  54984.888   1108.214 1621652359      -0.03     -0.670   38.78204  -72.81414 0.0000e+00
    123.022    14.4265    35.8766  1027.3236     2.1936     4.8407     84.485   -0.00081    5.72970    5.72598      8.069    -0.0700   10.42089   4.335522 5.0640e-11    26.7776    26.7736 1.0000e-12    124.000          1      26624    1507.93 1.9747e+00  54980.564   1109.309 1621652360       0.17     -0.559   38.78204  -72.81414 0.0000e+00
    122.532    14.4050    35.8717  1027.3224     2.1936     4.8443     84.541    0.00010    5.73010    5.72638      8.067    -0.0684   10.42155   4.332942 5.0640e-11    26.7784    26.7745 1.0000e-12    123.500          1      26665    1507.85 1.9747e+00  54976.227   1111.007 1621652362       0.05     -0.279   38.78204  -72.81414 0.0000e+00
    122.035    14.4026    35.8703  1027.3195     2.1929     4.8362     84.457   -0.00038    5.72631    5.72254      8.068    -0.0757   10.41525   4.332515 5.0640e-11    26.7778    26.7739 1.0000e-12    123.000          1      26704    1507.83 1.9747e+00  54974.314   1112.636 1621652364       0.02     -0.310   38.78204  -72.81414 0.0000e+00
    121.549    14.4019    35.8704  1027.3176     2.1938     4.8364     84.519    0.00013    5.72232    5.71851      8.072    -0.0847   10.40854   4.332424 5.0640e-11    26.7780    26.7740 1.0000e-12    122.500          1      26739    1507.82 1.9747e+00  54974.216   1114.074 1621652365      -0.13     -0.283   38.78204  -72.81414 0.0000e+00
    121.050    14.4009    35.8688  1027.3143     2.1949     4.8438     84.655    0.00134    5.72181    5.71800 -9.990e-29    -0.0795   10.40769   4.332231 5.0640e-11    26.7769    26.7730 1.0000e-12    122.000          1      26754    1507.81 1.9747e+00  54971.858   1114.716 1621652366      -0.37     -0.473   38.78203  -72.81414 0.0000e+00
    120.547    14.4131    35.8698  1027.3102     2.1959     4.8479     84.725    0.00168    5.72192    5.71811 -9.990e-29    -0.0809   10.40787   4.334077 5.0640e-11    26.7751    26.7712 1.0000e-12    121.500          1      26767    1507.84 1.9747e+00  54971.781   1115.255 1621652366      -0.39     -0.687   38.78202  -72.81414 0.0000e+00
    120.046    14.4474    35.8739  1027.3037     2.1971     4.8519     84.782    0.00166    5.72279    5.71899 -9.990e-29    -0.0724   10.40932   4.337816 5.0640e-11    26.7709    26.7670 1.0000e-12    121.000          1      26780    1507.94 1.9747e+00  54972.261   1115.792 1621652367      -0.23     -0.855   38.78202  -72.81414 0.0000e+00
    119.550    14.4554    35.8765  1027.3017     2.1988     4.8584     84.902    0.00216    5.72230    5.71850 -9.990e-29    -0.0705   10.40852   4.338588 5.0640e-11    26.7711    26.7672 1.0000e-12    120.500          1      26795    1507.97 1.9747e+00  54974.614   1116.403 1621652368       0.02     -0.910   38.78202  -72.81414 0.0000e+00
    119.057    14.4651    35.8819  1027.3016     2.1994     4.8597     84.928    0.00212    5.72215    5.71834 -9.990e-29    -0.0821   10.40826   4.340217 5.0640e-11    26.7732    26.7693 1.0000e-12    120.000          1      26812    1508.00 1.9747e+00  54980.633   1117.128 1621652368       0.18     -0.813   38.78202  -72.81414 0.0000e+00
    118.556    14.4662    35.8827  1027.2997     2.1995     4.8555     84.837    0.00080    5.72327    5.71947 -9.990e-29    -0.0749   10.41015   4.340240 5.0640e-11    26.7735    26.7697 1.0000e-12    119.500          1      26836    1507.99 1.9747e+00  54981.296   1118.139 1621652369       0.19     -0.626   38.78202  -72.81414 0.0000e+00
    118.087    14.4600    35.8795  1027.2965     2.2012     4.8651     84.914    0.00091    5.72943    5.72570 -9.990e-29    -0.0703   10.42052   4.339141 5.0640e-11    26.7724    26.7685 1.0000e-12    119.000          1      26909    1507.96 1.9747e+00  54977.341   1121.167 1621652372      -0.35      0.012   38.78202  -72.81414 0.0000e+00
    117.578    14.4541    35.8783  1027.2945     2.2007     4.8627     84.831    0.00005    5.73220    5.72850 -9.990e-29    -0.0679   10.42518   4.338407 5.0640e-11    26.7727    26.7689 1.0000e-12    118.500          1      26918    1507.93 1.9747e+00  54976.180   1121.524 1621652373      -0.67     -0.379   38.78202  -72.81414 0.0000e+00
    117.070    14.4483    35.8764  1027.2921     2.2011     4.8624     84.837   -0.00014    5.73146    5.72775 -9.990e-29    -0.0746   10.42393   4.337360 5.0640e-11    26.7725    26.7687 1.0000e-12    118.000          1      26929    1507.90 1.9747e+00  54974.122   1121.999 1621652373      -0.63     -0.700   38.78202  -72.81414 0.0000e+00
    116.566    14.4333    35.8720  1027.2898     2.2004     4.8603     84.791   -0.00022    5.73218    5.72848 -9.990e-29    -0.0723   10.42512   4.335567 5.0640e-11    26.7723    26.7686 1.0000e-12    117.500          1      26942    1507.84 1.9747e+00  54969.658   1122.547 1621652374      -0.25     -0.933   38.78202  -72.81414 0.0000e+00
    116.080    14.4139    35.8644  1027.2859     2.1991     4.8546     84.674   -0.00093    5.73324    5.72955 -9.990e-29    -0.0771   10.42692   4.332517 5.0640e-11    26.7706    26.7669 1.0000e-12    117.000          1      26970    1507.76 1.9747e+00  54961.371   1123.700 1621652375       0.36     -0.657   38.78202  -72.81414 0.0000e+00
    115.591    14.3874    35.8587  1027.2851     2.1978     4.8521     84.616   -0.00075    5.73426    5.73058 -9.990e-29    -0.0728   10.42864   4.329441 5.0640e-11    26.7719    26.7682 1.0000e-12    116.500          1      27009    1507.66 1.9747e+00  54956.660   1125.313 1621652377      -0.06     -0.262   38.78202  -72.81414 0.0000e+00
    115.091    14.3817    35.8560  1027.2820     2.1977     4.8539     84.628   -0.00042    5.73556    5.73189 -9.990e-29    -0.0722   10.43084   4.328515 5.0640e-11    26.7710    26.7673 1.0000e-12    116.000          1      27035    1507.63 1.9747e+00  54953.293   1126.396 1621652378      -0.11     -0.415   38.78202  -72.81414 0.0000e+00
    114.598    14.3694    35.8527  1027.2800     2.1978     4.8572     84.664    0.00013    5.73710    5.73345 -9.990e-29    -0.0685   10.43345   4.326854 5.0640e-11    26.7711    26.7674 1.0000e-12    115.500          1      27061    1507.58 1.9747e+00  54950.213   1127.494 1621652379       0.01     -0.462   38.78202  -72.81414 0.0000e+00
    114.106    14.3729    35.8518  1027.2762     2.1972     4.8530     84.588   -0.00042    5.73722    5.73357 -9.990e-29    -0.0580   10.43366   4.327139 5.0640e-11    26.7696    26.7659 1.0000e-12    115.000          1      27083    1507.58 1.9747e+00  54948.171   1128.426 1621652380      -0.08     -0.473   38.78202  -72.81414 0.0000e+00
    113.608    14.3638    35.8479  1027.2731     2.1977     4.8559     84.628   -0.00024    5.73796    5.73432 -9.990e-29    -0.0705   10.43492   4.325701 5.0640e-11    26.7686    26.7649 1.0000e-12    114.500          1      27099    1507.54 1.9747e+00  54943.638   1129.092 1621652380      -0.22     -0.578   38.78202  -72.81414 0.0000e+00
