CalculateIndicators/WaterTemperature/Data/CTD_NYOS/20210521_C04.cnv
* Sea-Bird SBE 9 Data File:
* FileName = C:\Seabird 9 CTD\Data\2021\202105_offshore\20210521_C04.hex
* Software Version Seasave V 7.23.2
* Temperature SN = 4590
* Conductivity SN = 3228
* Number of Bytes Per Scan = 44
* Number of Voltage Words = 5
* Number of Scans Averaged by the Deck Unit = 1
* NMEA Latitude = 39 19.48 N
* NMEA Longitude = 073 21.79 W
* NMEA UTC (Time) = May 21 2021  15:06:55
* NMEA baud rate = 4800
** Ship: seawolf
** Station: 7.4
** Operator: SJW
# nquan = 31
# nvalues = 174                         
# units = specified
# name 0 = depSM: Depth [salt water, m]
# name 1 = t090C: Temperature [ITS-90, deg C]
# name 2 = sal00: Salinity, Practical [PSU]
# name 3 = density00: Density [density, kg/m^3]
# name 4 = sbeox0V: Oxygen raw, SBE 43 [V]
# name 5 = sbeox0ML/L: Oxygen, SBE 43 [ml/l]
# name 6 = sbeox0PS: Oxygen, SBE 43 [% saturation]
# name 7 = sbox0dV/dT: Oxygen, SBE 43 [dov/dt]
# name 8 = oxsolML/L: Oxygen Saturation, Garcia & Gordon [ml/l]
# name 9 = oxsatML/L: Oxygen Saturation, Weiss [ml/l]
# name 10 = ph: pH
# name 11 = flECO-AFL: Fluorescence, WET Labs ECO-AFL/FL [mg/m^3]
# name 12 = n2satML/L: Nitrogen Saturation [ml/l]
# name 13 = c0S/m: Conductivity [S/m]
# name 14 = cpar: CPAR/Corrected Irradiance [%]
# name 15 = sigma-é00: Density [sigma-theta, kg/m^3]
# name 16 = sigma-t00: Density [sigma-t, kg/m^3 ]
# name 17 = par: PAR/Irradiance, Biospherical/Licor
# name 18 = prDM: Pressure, Digiquartz [db]
# name 19 = pumps: Pump Status
# name 20 = scan: Scan Count
# name 21 = svCM: Sound Velocity [Chen-Millero, m/s]
# name 22 = spar: SPAR, Biospherical/Licor
# name 23 = specc: Specific Conductance [uS/cm]
# name 24 = timeS: Time, Elapsed [seconds]
# name 25 = timeY: Time, System [seconds]
# name 26 = accM: Acceleration [m/s^2]
# name 27 = dz/dtM: Descent Rate [m/s]
# name 28 = latitude: Latitude [deg]
# name 29 = longitude: Longitude [deg]
# name 30 = flag: flag
# span 0 =      1.971,     45.164       
# span 1 =     8.5681,    14.3953       
# span 2 =    32.3493,    33.3166       
# span 3 =  1024.0974,  1026.0360       
# span 4 =     1.9093,     2.6511       
# span 5 =     3.9938,     6.5695       
# span 6 =     68.038,    106.150       
# span 7 =   -0.02611,    0.07845       
# span 8 =    5.84682,    6.57863       
# span 9 =    5.84240,    6.58411       
# span 10 =      7.936,      8.062      
# span 11 =    -0.0317,     1.6962      
# span 12 =   10.65099,   11.85563      
# span 13 =   3.512113,   3.969256      
# span 14 = 2.5578e-01, 6.0926e+01      
# span 15 =    24.0863,    25.8290      
# span 16 =    24.0863,    25.8283      
# span 17 = 5.7911e+00, 1.3469e+03      
# span 18 =      2.000,     45.500      
# span 19 =          1,          1      
# span 20 =         72,      15191      
# span 21 =    1483.21,    1501.94      
# span 22 = 1.4901e+03, 2.2985e+03      
# span 23 =  50070.030,  52312.159      
# span 24 =      2.960,    632.906      
# span 25 = 1621609619, 1621610248      
# span 26 =      -0.61,       0.58      
# span 27 =     -0.744,      0.922      
# span 28 =   39.32469,   39.32606      
# span 29 =  -73.36466,  -73.36319      
# span 30 = 0.0000e+00, 0.0000e+00      
# interval = decibars: 0.5              
# start_time = May 21 2021 15:06:56 [System UTC, first data scan.]
# bad_flag = -9.990e-29
*END*
[from data line 47]
     25.792     9.5964    32.7730  1025.3979     2.5033     6.4411     99.525   -0.00061    6.47177    6.47531      8.034     0.2528   11.68397   3.555106 2.5988e+00    25.2802    25.2797 5.8790e+01     26.000          1       3150    1486.08 2.2622e+03  51384.060    131.227 1621609747       0.39      0.094   39.32494  -73.36350 0.0000e+00
     26.300     9.5801    32.7794  1025.4079     2.5033     6.4453     99.583    0.00003    6.47228    6.47583 -9.990e-29     0.2627   11.68479   3.554239 2.6835e+00    25.2879    25.2874 5.7197e+01     26.500          1       3167    1486.04 2.1554e+03  51396.651    131.897 1621609747       0.38      0.455   39.32495  -73.36351 0.0000e+00
     26.799     9.5519    32.7853  1025.4193     2.5033     6.4448     99.572   -0.00009    6.47253    6.47608 -9.990e-29     0.2609   11.68519   3.552276 2.5249e+00    25.2970    25.2965 5.2033e+01     27.000          1       3190    1485.95 2.1130e+03  51410.847    132.878 1621609748      -0.04      0.576   39.32496  -73.36352 0.0000e+00
     27.287     9.5003    32.7964  1025.4386     2.5003     6.4488     99.340   -0.00165    6.49166    6.49552      8.030     0.2760   11.71626   3.548898 2.3730e+00    25.3140    25.3135 5.2078e+01     27.500          1       3288    1485.79 2.2182e+03  51437.097    136.960 1621609753      -0.00      0.116   39.32496  -73.36353 0.0000e+00
     27.779     9.4328    32.8133  1025.4650     2.4912     6.4169     98.626   -0.00507    6.50631    6.51042      8.026     0.3290   11.73998   3.544474 2.9664e+00    25.3381    25.3376 5.5078e+01     28.000          1       3341    1485.57 1.9487e+03  51474.749    139.160 1621609755       0.19      0.258   39.32496  -73.36354 0.0000e+00
     28.278     9.3767    32.8385  1025.4960     2.4850     6.3837     98.197   -0.00635    6.50093    6.50495      8.026     0.3151   11.73129   3.541596 2.1983e+00    25.3668    25.3663 4.9708e+01     28.500          1       3360    1485.40 2.2590e+03  51521.936    139.967 1621609756       0.25      0.454   39.32496  -73.36354 0.0000e+00
     28.780     9.3276    32.8553  1025.5193     2.4806     6.3643     97.909   -0.00708    6.50016    6.50417      8.026     0.2974   11.73006   3.539026 2.0424e+00    25.3878    25.3873 4.6085e+01     29.000          1       3376    1485.25 2.2564e+03  51556.183    140.645 1621609756       0.22      0.617   39.32496  -73.36354 0.0000e+00
     29.280     9.2754    32.8755  1025.5457     2.4700     6.3396     97.388   -0.00729    6.50972    6.51389      8.024     0.3768   11.74550   3.536171 1.9543e+00    25.4119    25.4114 4.4117e+01     29.500          1       3425    1485.09 2.2575e+03  51595.727    142.684 1621609758      -0.01      0.537   39.32496  -73.36354 0.0000e+00
     29.753     9.1648    32.9131  1025.5949     2.4404     6.2560     95.656   -0.01114    6.54000    6.54470 -9.990e-29     0.5929   11.79440   3.529812 2.1289e+00    25.4588    25.4583 4.3732e+01     30.000          1       3557    1484.74 2.0838e+03  51671.799    148.166 1621609764       0.34      0.084   39.32498  -73.36357 0.0000e+00
     30.260     9.0875    32.9438  1025.6335     2.4328     6.2151     95.080   -0.01327    6.53669    6.54133 -9.990e-29     0.5386   11.78909   3.525977 1.9423e+00    25.4951    25.4946 4.3350e+01     30.500          1       3562    1484.50 2.2328e+03  51731.753    148.381 1621609764       0.58      0.421   39.32498  -73.36358 0.0000e+00
     30.770     9.0383    32.9661  1025.6610     2.4246     6.1809     94.537   -0.01481    6.53809    6.54275 -9.990e-29     0.5319   11.79136   3.523713 1.8189e+00    25.5202    25.5197 4.1157e+01     31.000          1       3574    1484.35 2.2628e+03  51773.983    148.885 1621609764       0.53      0.713   39.32498  -73.36358 0.0000e+00
     31.273     8.9968    32.9920  1025.6901     2.4147     6.1504     94.048   -0.01484    6.53963    6.54432      8.003     0.5152   11.79378   3.522715 1.6577e+00    25.5470    25.5465 3.7467e+01     31.500          1       3594    1484.24 2.2601e+03  51819.852    149.692 1621609765       0.02      0.834   39.32498  -73.36358 0.0000e+00
     31.759     8.9837    33.0020  1025.7022     2.3902     6.1209     93.553   -0.00702    6.54270    6.54746      8.000     0.6574   11.79851   3.522887 1.4511e+00    25.5569    25.5563 3.2542e+01     32.000          1       3689    1484.21 2.2423e+03  51836.916    153.656 1621609769       0.12      0.276   39.32499  -73.36358 0.0000e+00
     32.249     8.9594    33.0274  1025.7281     2.3653     6.0421     92.310   -0.00745    6.54541    6.55027      7.989     0.7723   11.80229   3.523375 1.4581e+00    25.5806    25.5800 3.2444e+01     32.500          1       3775    1484.16 2.2293e+03  51878.365    157.229 1621609773       0.07      0.151   39.32500  -73.36360 0.0000e+00
     32.736     8.9433    33.0431  1025.7453     2.3499     5.9937     91.573   -0.00735    6.54529    6.55018      7.977     0.8609   11.80163   3.523514 1.3851e+00    25.5954    25.5949 3.1277e+01     33.000          1       3822    1484.13 2.2577e+03  51904.439    159.199 1621609775       0.09      0.227   39.32500  -73.36360 0.0000e+00
     33.235     8.9311    33.0587  1025.7616     2.3399     5.9438     90.818   -0.01017    6.54467    6.54955      7.975     0.8658   11.80072   3.524164 1.3467e+00    25.6095    25.6089 2.8766e+01     33.500          1       3839    1484.11 2.1596e+03  51928.955    159.899 1621609775       0.37      0.411   39.32500  -73.36360 0.0000e+00
     33.740     8.9170    33.1009  1025.7991     2.3301     5.8924     90.035   -0.01347    6.54454    6.54942      7.978     0.9026   11.80053   3.527121 1.1908e+00    25.6447    25.6442 2.6805e+01     34.000          1       3852    1484.12 2.2516e+03  51992.714    160.460 1621609776       0.41      0.639   39.32500  -73.36360 0.0000e+00
     34.245     8.9225    33.1123  1025.8096     2.3219     5.8540     89.450   -0.01545    6.54449    6.54936      7.980     0.8892   11.80048   3.528448 1.0943e+00    25.6528    25.6523 2.4704e+01     34.500          1       3866    1484.16 2.2575e+03  52007.708    161.046 1621609777       0.20      0.822   39.32500  -73.36360 0.0000e+00
     34.739     8.9127    33.1187  1025.8184     2.3035     5.8376     89.141   -0.00897    6.54871    6.55365      7.975     0.8226   11.80732   3.528166 1.0358e+00    25.6594    25.6588 2.3331e+01     35.000          1       3955    1484.14 2.2522e+03  52019.080    164.743 1621609780      -0.05      0.613   39.32500  -73.36361 0.0000e+00
     35.226     8.8963    33.1219  1025.8257     2.2899     5.8262     88.919   -0.00420    6.55227    6.55727      7.969     0.8272   11.81308   3.527027 1.0114e+00    25.6645    25.6639 2.2872e+01     35.500          1       4043    1484.09 2.2614e+03  52027.531    168.418 1621609784       0.12      0.491   39.32500  -73.36362 0.0000e+00
     35.725     8.8782    33.1256  1025.8337     2.2860     5.8116     88.701   -0.00447    6.55191    6.55691      7.968     0.8206   11.81250   3.525786 1.0039e+00    25.6701    25.6696 2.0989e+01     36.000          1       4064    1484.04 2.1132e+03  52036.912    169.293 1621609785       0.08      0.575   39.32500  -73.36364 0.0000e+00
     36.224     8.8701    33.1269  1025.8382     2.2823     5.8012     88.544   -0.00418    6.55175    6.55675      7.968     0.8208   11.81223   3.525260 8.5031e-01    25.6724    25.6718 1.9155e+01     36.500          1       4087    1484.02 2.2549e+03  52040.820    170.270 1621609786      -0.08      0.568   39.32502  -73.36364 0.0000e+00
     36.720     8.8655    33.1270  1025.8413     2.2776     5.8033     88.549   -0.00162    6.55375    6.55878      7.967     0.8463   11.81548   3.524974 8.1426e-01    25.6732    25.6726 1.7601e+01     37.000          1       4188    1484.01 2.1766e+03  52042.278    174.448 1621609790       0.08      0.279   39.32502  -73.36364 0.0000e+00
     37.197     8.8609    33.1271  1025.8443     2.2711     5.7878     88.210   -0.00227    6.56133    6.56650      7.961     0.8149   11.82763   3.524612 7.5084e-01    25.6740    25.6734 1.7066e+01     37.500          1       4299    1484.00 2.2714e+03  52043.754    179.066 1621609795       0.42      0.144   39.32502  -73.36366 0.0000e+00
     37.700     8.8545    33.1281  1025.8484     2.2681     5.7666     87.928   -0.00368    6.55830    6.56341      7.960     0.8123   11.82278   3.524059 7.1355e-01    25.6758    25.6752 1.6135e+01     38.000          1       4307    1483.99 2.2612e+03  52046.902    179.418 1621609795       0.55      0.463   39.32502  -73.36366 0.0000e+00
     38.205     8.8411    33.1315  1025.8556     2.2644     5.7468     87.628   -0.00494    6.55823    6.56334      7.961     0.8116   11.82267   3.523190 6.6692e-01    25.6806    25.6800 1.5049e+01     38.500          1       4318    1483.95 2.2565e+03  52054.679    179.896 1621609795       0.51      0.720   39.32502  -73.36367 0.0000e+00
     38.712     8.8207    33.1489  1025.8746     2.2607     5.7262     87.319   -0.00629    6.55779    6.56290      7.962     0.8342   11.82196   3.523084 6.2295e-01    25.6974    25.6968 1.4038e+01     39.000          1       4330    1483.90 2.2535e+03  52084.650    180.391 1621609796       0.31      0.922   39.32502  -73.36368 0.0000e+00
     39.209     8.7957    33.1623  1025.8912     2.2532     5.7008     86.912   -0.00676    6.55935    6.56448      7.953     1.1378   11.82446   3.522077 5.8417e-01    25.7117    25.7111 1.3172e+01     39.500          1       4382    1483.83 2.2549e+03  52109.089    182.530 1621609798      -0.11      0.843   39.32504  -73.36368 0.0000e+00
     39.694     8.7946    33.1607  1025.8924     2.2440     5.6902     86.674   -0.00461    6.56509    6.57033      7.953     1.6962   11.83371   3.521953 5.4054e-01    25.7106    25.7100 1.2183e+01     40.000          1       4499    1483.83 2.2540e+03  52107.344    187.428 1621609803       0.20      0.643   39.32504  -73.36368 0.0000e+00
     40.196     8.7741    33.1715  1025.9063     2.2401     5.6765     86.461   -0.00485    6.56538    6.57062      7.953     1.4320   11.83417   3.521100 5.1589e-01    25.7223    25.7216 1.1631e+01     40.500          1       4520    1483.78 2.2546e+03  52127.453    188.279 1621609804       0.03      0.717   39.32504  -73.36370 0.0000e+00
     40.687     8.7611    33.1757  1025.9139     2.2314     5.6623     86.241   -0.00258    6.56572    6.57097      7.953     1.3048   11.83475   3.520457 4.9775e-01    25.7276    25.7269 1.0590e+01     41.000          1       4601    1483.75 2.1558e+03  52136.552    191.650 1621609807      -0.01      0.343   39.32504  -73.36370 0.0000e+00
     41.181     8.7606    33.1748  1025.9156     2.2280     5.6653     86.274   -0.00051    6.56667    6.57194 -9.990e-29     1.1614   11.83631   3.520393 4.2436e-01    25.7270    25.7263 9.5081e+00     41.500          1       4677    1483.75 2.2447e+03  52135.752    194.833 1621609810       0.01      0.262   39.32504  -73.36370 0.0000e+00
     41.672     8.7557    33.1756  1025.9192     2.2260     5.6595     86.178   -0.00052    6.56724    6.57251 -9.990e-29     0.9323   11.83725   3.520052 4.0748e-01    25.7284    25.7277 9.1761e+00     42.000          1       4744    1483.74 2.2520e+03  52138.301    197.618 1621609813       0.28      0.126   39.32505  -73.36372 0.0000e+00
     42.175     8.7499    33.1762  1025.9229     2.2257     5.6610     86.180   -0.00041    6.56875    6.57405      7.950     0.9924   11.83969   3.519629 3.9707e-01    25.7297    25.7291 8.5278e+00     42.500          1       4795    1483.73 2.1713e+03  52140.738    199.752 1621609815       0.13      0.239   39.32506  -73.36372 0.0000e+00
     42.664     8.7436    33.1767  1025.9265     2.2242     5.6597     86.096   -0.00074    6.57377    6.57916      7.948     1.1639   11.84771   3.519125 3.4298e-01    25.7311    25.7304 7.7715e+00     43.000          1       4886    1483.71 2.2605e+03  52143.149    203.539 1621609819       0.12      0.146   39.32506  -73.36372 0.0000e+00
     43.166     8.7281    33.1841  1025.9370     2.2211     5.6412     85.832   -0.00192    6.57232    6.57769      7.948     1.2005   11.84539   3.518439 3.2210e-01    25.7393    25.7386 7.1951e+00     43.500          1       4910    1483.67 2.2338e+03  52157.328    204.540 1621609820       0.14      0.368   39.32506  -73.36374 0.0000e+00
     43.664     8.7000    33.2016  1025.9573     2.2143     5.6116     85.365   -0.00338    6.57356    6.57894      7.946     0.9457   11.84743   3.517547 3.0928e-01    25.7573    25.7566 6.9324e+00     44.000          1       4985    1483.60 2.2417e+03  52188.594    207.651 1621609823       0.00      0.331   39.32506  -73.36375 0.0000e+00
     44.156     8.6713    33.2117  1025.9720     2.2059     5.5864     84.946   -0.00353    6.57637    6.58181      7.943     0.8029   11.85196   3.515954 2.8325e-01    25.7697    25.7690 6.3901e+00     44.500          1       5084    1483.51 2.2559e+03  52209.717    211.807 1621609827       0.23      0.363   39.32506  -73.36376 0.0000e+00
     44.663     8.6399    33.2248  1025.9894     2.2001     5.5637     84.607   -0.00401    6.57594    6.58137      7.941     0.8332   11.85126   3.514324 2.6531e-01    25.7848    25.7841 5.9628e+00     45.000          1       5266    1483.42 2.2474e+03  52235.339    219.360 1621609835       0.06      0.506   39.32508  -73.36378 0.0000e+00
     45.164     8.5681    33.2673  1026.0360     2.1830     5.4988     83.610   -0.00570    6.57682    6.58226      7.936     0.6486   11.85270   3.512113 2.5578e-01    25.8290    25.8283 5.7911e+00     45.500          1       5918    1483.21 2.2640e+03  52312.159    246.533 1621609862      -0.39      0.442   39.32512  -73.36386 0.0000e+00
     44.660     8.6344    33.2273  1025.9922     2.1898     5.5604     84.544    0.00085    6.57693    6.58238      7.939     0.7894   11.85287   3.514366 2.6156e-01    25.7875    25.7868 5.9306e+00     45.000          1       5786    1483.40 2.2674e+03  52240.286    241.045 1621609857      -0.61     -0.145   39.32512  -73.36386 0.0000e+00
     44.154     8.6475    33.2206  1025.9826     2.1936     5.5904     84.987    0.00360    6.57792    6.58338      7.939     0.7622   11.85448   3.514993 2.9205e-01    25.7803    25.7796 6.3061e+00     44.500          1       5802    1483.43 2.1767e+03  52227.641    241.722 1621609857      -0.43     -0.508   39.32512  -73.36385 0.0000e+00
     43.650     8.6760    33.2076  1025.9657     2.1995     5.6131     85.323    0.00406    6.57863    6.58411      7.937     0.7746   11.85563   3.516294 5.0125e-01    25.7657    25.7650 7.0193e+00     44.000          1       5952    1483.52 1.4901e+03  52202.399    247.944 1621609863      -0.08     -0.594   39.32512  -73.36386 0.0000e+00
     43.160     8.7002    33.1975  1025.9518     2.2114     5.6323     85.690    0.00186    6.57286    6.57824      7.939     1.0704   11.84632   3.517434 3.8432e-01    25.7541    25.7534 7.7101e+00     43.500          1       6475    1483.59 2.0682e+03  52182.509    269.750 1621609885      -0.05     -0.407   39.32514  -73.36394 0.0000e+00
     42.681     8.7110    33.1914  1025.9432     2.2179     5.6514     86.047    0.00260    6.56785    6.57313      7.941     1.0408   11.83826   3.517788 3.4628e-01    25.7477    25.7470 7.8940e+00     43.000          1       6615    1483.61 2.2759e+03  52171.133    275.600 1621609891      -0.42     -0.146   39.32516  -73.36396 0.0000e+00
     42.175     8.7219    33.1857  1025.9346     2.2205     5.6670     86.267    0.00356    6.56908    6.57438      7.943     1.0115   11.84024   3.518303 3.6801e-01    25.7415    25.7408 8.3547e+00     42.500          1       6625    1483.64 2.2702e+03  52160.412    276.002 1621609892      -0.54     -0.479   39.32516  -73.36396 0.0000e+00
