CalculateIndicators/WaterTemperature/Data/CTD_NYOS/20210525_C31.cnv
* Sea-Bird SBE 9 Data File:
* FileName = C:\Seabird 9 CTD\Data\2021\202105_offshore\20210525_C31.hex
* Software Version Seasave V 7.23.2
* Temperature SN = 4590
* Conductivity SN = 3228
* Number of Bytes Per Scan = 44
* Number of Voltage Words = 5
* Number of Scans Averaged by the Deck Unit = 1
* NMEA Latitude = 39 59.20 N
* NMEA Longitude = 071 52.47 W
* NMEA UTC (Time) = May 25 2021  09:18:03
* NMEA baud rate = 4800
** Ship: seawolf
** Station: 2.4
** Operator: eih
# nquan = 31
# nvalues = 366                         
# units = specified
# name 0 = depSM: Depth [salt water, m]
# name 1 = t090C: Temperature [ITS-90, deg C]
# name 2 = sal00: Salinity, Practical [PSU]
# name 3 = density00: Density [density, kg/m^3]
# name 4 = sbeox0V: Oxygen raw, SBE 43 [V]
# name 5 = sbeox0ML/L: Oxygen, SBE 43 [ml/l]
# name 6 = sbeox0PS: Oxygen, SBE 43 [% saturation]
# name 7 = sbox0dV/dT: Oxygen, SBE 43 [dov/dt]
# name 8 = oxsolML/L: Oxygen Saturation, Garcia & Gordon [ml/l]
# name 9 = oxsatML/L: Oxygen Saturation, Weiss [ml/l]
# name 10 = ph: pH
# name 11 = flECO-AFL: Fluorescence, WET Labs ECO-AFL/FL [mg/m^3]
# name 12 = n2satML/L: Nitrogen Saturation [ml/l]
# name 13 = c0S/m: Conductivity [S/m]
# name 14 = cpar: CPAR/Corrected Irradiance [%]
# name 15 = sigma-é00: Density [sigma-theta, kg/m^3]
# name 16 = sigma-t00: Density [sigma-t, kg/m^3 ]
# name 17 = par: PAR/Irradiance, Biospherical/Licor
# name 18 = prDM: Pressure, Digiquartz [db]
# name 19 = pumps: Pump Status
# name 20 = scan: Scan Count
# name 21 = svCM: Sound Velocity [Chen-Millero, m/s]
# name 22 = spar: SPAR, Biospherical/Licor
# name 23 = specc: Specific Conductance [uS/cm]
# name 24 = timeS: Time, Elapsed [seconds]
# name 25 = timeY: Time, System [seconds]
# name 26 = accM: Acceleration [m/s^2]
# name 27 = dz/dtM: Descent Rate [m/s]
# name 28 = latitude: Latitude [deg]
# name 29 = longitude: Longitude [deg]
# name 30 = flag: flag
# span 0 =      1.970,     92.803       
# span 1 =     7.5698,    12.8496       
# span 2 =    32.7569,    34.4940       
# span 3 =  1024.7172,  1026.8559       
# span 4 =     2.0074,     2.9057       
# span 5 =     4.7128,     7.7838       
# span 6 =     75.489,    119.832       
# span 7 =   -0.03643,    0.02181       
# span 8 =    6.02953,    6.74370       
# span 9 =    6.02735,    6.75160       
# span 10 =      7.911,      8.178      
# span 11 =    -0.0631,     0.7028      
# span 12 =   10.95167,   12.12875      
# span 13 =   3.414901,   3.849966      
# span 14 = 2.6630e-12, 1.3028e+01      
# span 15 =    24.7084,    26.4360      
# span 16 =    24.7083,    26.4340      
# span 17 = 1.0000e-12, 8.5470e+00      
# span 18 =      2.000,     93.500      
# span 19 =          1,          1      
# span 20 =        243,      20781      
# span 21 =    1479.44,    1497.13      
# span 22 = 1.3811e+01, 7.3787e+01      
# span 23 =  50852.866,  53627.298      
# span 24 =     10.100,    865.827      
# span 25 = 1621934290, 1621935146      
# span 26 =      -1.03,       0.76      
# span 27 =     -1.140,      1.056      
# span 28 =   39.98674,   39.98686      
# span 29 =  -71.87500,  -71.87464      
# span 30 = 0.0000e+00, 0.0000e+00      
# interval = decibars: 0.5              
# start_time = May 25 2021 09:18:00 [System UTC, first data scan.]
# bad_flag = -9.990e-29
*END*
[from data line 47]
     25.792     8.7709    32.8658  1025.6013     2.7148     7.0973    107.796   -0.02661    6.58408    6.58928      8.099     0.4576   11.86876   3.488980 2.6539e-01    25.4831    25.4828 4.1926e-02     26.000          1       1585    1483.16 1.5798e+01  51686.263     65.994 1621934346       0.75      0.474   39.98682  -71.87468 0.0000e+00
     26.309     8.7068    32.8741  1025.6201     2.6989     7.0131    106.443   -0.03295    6.58864    6.59390      8.102     0.4580   11.87629   3.484697 1.9545e-01    25.4995    25.4991 3.0876e-02     26.500          1       1595    1482.94 1.5798e+01  51712.534     66.399 1621934346       0.76      0.793   39.98682  -71.87468 0.0000e+00
     26.811     8.6447    32.8784  1025.6352     2.6812     6.9472    105.261   -0.03643    6.60004    6.60548      8.102     0.4482   11.89501   3.479234 1.1374e-01    25.5123    25.5119 1.7969e-02     27.000          1       1608    1482.72 1.5798e+01  51732.307     66.955 1621934347       0.21      1.044   39.98682  -71.87468 0.0000e+00
     27.283     8.5519    32.8901  1025.6608     2.6101     6.7892    102.495   -0.02875    6.62402    6.62981      8.067     0.3648   11.93453   3.472858 9.7474e-02    25.5356    25.5352 1.5399e-02     27.500          1       1685    1482.39 1.5798e+01  51769.935     70.177 1621934350       0.50      0.283   39.98682  -71.87468 0.0000e+00
     27.782     8.5253    32.8918  1025.6684     2.5868     6.6913    101.037   -0.03211    6.62265    6.62842      8.062     0.4065   11.93228   3.470589 6.8038e-02    25.5409    25.5405 1.0748e-02     28.000          1       1705    1482.30 1.5798e+01  51778.403     70.991 1621934351       0.73      0.567   39.98682  -71.87468 0.0000e+00
     28.289     8.4901    32.8945  1025.6782     2.5737     6.6470    100.367   -0.03237    6.62275    6.62853      8.062     0.4056   11.93243   3.467606 1.5042e-02    25.5484    25.5479 2.3763e-03     28.500          1       1716    1482.18 1.5798e+01  51790.514     71.469 1621934351       0.47      0.860   39.98682  -71.87468 0.0000e+00
     28.788     8.4525    32.8967  1025.6879     2.5603     6.6359    100.112   -0.02800    6.62841    6.63427      8.062     0.3722   11.94175   3.464784 7.2834e-04    25.5558    25.5553 1.1506e-04     29.000          1       1732    1482.05 1.5798e+01  51802.429     72.111 1621934352      -0.05      0.960   39.98682  -71.87468 0.0000e+00
     29.272     8.4418    32.8942  1025.6898     2.5391     6.6648    100.346   -0.01441    6.64180    6.64787      8.056     0.3389   11.96380   3.463969 6.3300e-12    25.5554    25.5550 1.0000e-12     29.500          1       1772    1482.02 1.5798e+01  51801.596     73.805 1621934353      -0.30      0.393   39.98682  -71.87468 0.0000e+00
     29.764     8.3974    32.8969  1025.7009     2.5209     6.6557     99.941   -0.00943    6.65961    6.66595      8.049     0.3112   11.99309   3.460209 6.3300e-12    25.5642    25.5638 1.0000e-12     30.000          1       1816    1481.86 1.5798e+01  51815.875     75.621 1621934355       0.23      0.239   39.98682  -71.87468 0.0000e+00
     30.261     8.3532    32.9001  1025.7124     2.5110     6.6142     99.290   -0.01119    6.66151    6.66787      8.044     0.2649   11.99622   3.456459 6.4209e-12    25.5734    25.5729 1.0000e-12     30.500          1       1837    1481.71 1.5599e+01  51830.749     76.479 1621934356       0.23      0.463   39.98682  -71.87468 0.0000e+00
     30.760     8.2949    32.9059  1025.7279     2.5021     6.5811     98.802   -0.01173    6.66095    6.66730      8.043     0.2951   11.99538   3.451734 7.1981e-12    25.5865    25.5861 1.0000e-12     31.000          1       1854    1481.51 1.3902e+01  51852.548     77.218 1621934357       0.15      0.596   39.98682  -71.87468 0.0000e+00
     31.263     8.2419    32.9111  1025.7422     2.4921     6.5526     98.280   -0.01215    6.66728    6.67373      8.039     0.3316   12.00572   3.447549 6.8369e-12    25.5985    25.5980 1.0000e-12     31.500          1       1873    1481.32 1.4691e+01  51872.563     77.990 1621934358       0.03      0.665   39.98682  -71.87468 0.0000e+00
     31.752     8.1925    32.9142  1025.7541     2.4739     6.5082     97.420   -0.01198    6.68057    6.68724      8.034     0.2705   12.02752   3.443857 6.3342e-12    25.6082    25.6078 1.0000e-12     32.000          1       1910    1481.14 1.5789e+01  51888.528     79.549 1621934359      -0.22      0.392   39.98682  -71.87469 0.0000e+00
     32.244     8.1441    32.9204  1025.7685     2.4584     6.4845     96.903   -0.00955    6.69173    6.69858      8.031     0.2454   12.04579   3.440135 6.3300e-12    25.6203    25.6198 1.0000e-12     32.500          1       1948    1480.98 1.5798e+01  51909.025     81.134 1621934361       0.23      0.252   39.98682  -71.87468 0.0000e+00
     32.750     8.0831    32.9292  1025.7867     2.4505     6.4667     96.555   -0.00929    6.69747    6.70441      8.028     0.2345   12.05522   3.435302 6.3300e-12    25.6361    25.6356 1.0000e-12     33.000          1       1970    1480.76 1.5798e+01  51936.107     82.061 1621934362       0.14      0.484   39.98682  -71.87468 0.0000e+00
     33.235     8.0064    32.9431  1025.8111     2.4376     6.4375     96.035   -0.00824    6.70328    6.71032      8.018     0.1929   12.06473   3.430091 6.3300e-12    25.6582    25.6578 1.0000e-12     33.500          1       2007    1480.50 1.5798e+01  51974.317     83.563 1621934363      -0.19      0.366   39.98680  -71.87468 0.0000e+00
     33.729     7.9544    32.9514  1025.8275     2.4274     6.3925     95.399   -0.00961    6.70089    6.70788      8.014     0.2018   12.06086   3.426201 6.3300e-12    25.6723    25.6719 1.0000e-12     34.000          1       2031    1480.32 1.5798e+01  51998.796     84.583 1621934364       0.23      0.357   39.98680  -71.87468 0.0000e+00
     34.233     7.9334    32.9540  1025.8349     2.4215     6.3687     95.084   -0.00976    6.69796    6.70491      8.012     0.1897   12.05605   3.424865 6.3992e-12    25.6774    25.6769 1.0000e-12     34.500          1       2046    1480.25 1.5798e+01  52007.843     85.217 1621934365       0.34      0.566   39.98682  -71.87468 0.0000e+00
     34.737     7.9165    32.9568  1025.8419     2.4150     6.3472     94.759   -0.00986    6.69820    6.70515      8.012     0.2059   12.05645   3.423539 6.3745e-12    25.6821    25.6816 1.0000e-12     35.000          1       2062    1480.20 1.5798e+01  52016.216     85.868 1621934365       0.16      0.736   39.98682  -71.87468 0.0000e+00
     35.226     7.9155    32.9565  1025.8441     2.4032     6.3433     94.482   -0.00694    6.71378    6.72100      8.007     0.1988   12.08179   3.423666 6.3304e-12    25.6820    25.6815 1.0000e-12     35.500          1       2109    1480.20 1.5798e+01  52016.244     87.833 1621934367      -0.05      0.360   39.98681  -71.87469 0.0000e+00
     35.720     7.8640    32.9662  1025.8614     2.3885     6.3012     93.710   -0.00768    6.72417    6.73159      7.996     0.1620   12.09845   3.419943 6.3300e-12    25.6970    25.6965 1.0000e-12     36.000          1       2158    1480.03 1.5798e+01  52042.977     89.873 1621934369       0.33      0.266   39.98680  -71.87468 0.0000e+00
     36.218     7.8193    32.9772  1025.8788     2.3771     6.2444     92.847   -0.01091    6.72545    6.73291      7.994     0.1526   12.10044   3.417192 6.3300e-12    25.7121    25.7116 1.0000e-12     36.500          1       2181    1479.88 1.5798e+01  52069.641     90.831 1621934370       0.11      0.492   39.98680  -71.87468 0.0000e+00
     36.711     7.7807    32.9980  1025.9030     2.3654     6.2013     92.202   -0.01166    6.72570    6.73316      7.991     0.1355   12.10083   3.415744 6.3300e-12    25.7339    25.7334 1.0000e-12     37.000          1       2204    1479.77 1.5798e+01  52108.857     91.805 1621934371      -0.01      0.515   39.98680  -71.87468 0.0000e+00
     37.210     7.7473    33.0230  1025.9298     2.3557     6.1667     91.686   -0.01206    6.72593    6.73340      7.990     0.1364   12.10118   3.415246 6.3300e-12    25.7584    25.7579 1.0000e-12     37.500          1       2225    1479.68 1.5798e+01  52152.985     92.669 1621934372       0.06      0.538   39.98680  -71.87468 0.0000e+00
     37.709     7.7337    33.0348  1025.9433     2.3480     6.1541     91.496   -0.01007    6.72602    6.73349 -9.990e-29     0.1485   12.10131   3.415219 6.3300e-12    25.7696    25.7691 1.0000e-12     38.000          1       2247    1479.65 1.5798e+01  52173.501     93.586 1621934373      -0.01      0.571   39.98680  -71.87468 0.0000e+00
     38.202     7.7299    33.0384  1025.9489     2.3411     6.1529     91.484   -0.00667    6.72563    6.73310 -9.990e-29     0.1534   12.10062   3.415329 6.3300e-12    25.7730    25.7724 1.0000e-12     38.500          1       2276    1479.65 1.5798e+01  52179.717     94.775 1621934374      -0.12      0.467   39.98680  -71.87469 0.0000e+00
     38.699     7.7267    33.0421  1025.9545     2.3350     6.1410     91.368   -0.00469    6.72118    6.72860      7.985     0.1382   12.09310   3.415506 6.3238e-12    25.7763    25.7758 1.0000e-12     39.000          1       2310    1479.65 1.5798e+01  52186.172     96.225 1621934376      -0.05      0.362   39.98680  -71.87470 0.0000e+00
     39.194     7.7303    33.0487  1025.9615     2.3281     6.1106     91.150   -0.00334    6.70386    6.71108      7.974     0.1501   12.06375   3.416690 6.3222e-12    25.7811    25.7805 1.0000e-12     39.500          1       2358    1479.68 1.5798e+01  52195.034     98.196 1621934378      -0.05      0.259   39.98680  -71.87469 0.0000e+00
     39.675     7.8091    33.0804  1025.9773     2.3086     6.0040     89.496   -0.01084    6.70870    6.71605      7.958     0.2336   12.07120   3.427788 6.3309e-12    25.7947    25.7941 1.0000e-12     40.000          1       2404    1480.03 1.5798e+01  52221.140    100.119 1621934380       0.12      0.204   39.98680  -71.87468 0.0000e+00
     40.174     7.8591    33.0965  1025.9850     2.2958     5.9297     88.423   -0.01540    6.70605    6.71334      7.959     0.2161   12.06699   3.433458 6.3300e-12    25.8001    25.7995 1.0000e-12     40.500          1       2417    1480.24 1.5798e+01  52231.819    100.678 1621934380       0.46      0.407   39.98680  -71.87469 0.0000e+00
     40.679     7.8681    33.1235  1026.0072     2.2860     5.8747     87.641   -0.01843    6.70316    6.71040      7.957     0.2453   12.06231   3.436569 6.3300e-12    25.8200    25.8194 1.0000e-12     41.000          1       2428    1480.32 1.5798e+01  52269.173    101.138 1621934381       0.58      0.656   39.98680  -71.87470 0.0000e+00
     41.185     7.8640    33.1366  1026.0204     2.2767     5.8329     87.001   -0.02035    6.70447    6.71173      7.958     0.2695   12.06441   3.437156 6.3300e-12    25.8309    25.8303 1.0000e-12     41.500          1       2439    1480.33 1.5798e+01  52288.604    101.575 1621934381       0.49      0.895   39.98680  -71.87470 0.0000e+00
     41.688     7.8506    33.1471  1026.0329     2.2670     5.7993     86.467   -0.02089    6.70694    6.71425      7.958     0.2252   12.06841   3.436744 6.3300e-12    25.8411    25.8405 1.0000e-12     42.000          1       2451    1480.30 1.5798e+01  52307.275    102.079 1621934382       0.17      1.056   39.98680  -71.87470 0.0000e+00
     42.179     7.8089    33.1605  1026.0517     2.2488     5.7777     86.088   -0.01552    6.71139    6.71877      7.958     0.2446   12.07566   3.434236 6.3300e-12    25.8576    25.8570 1.0000e-12     42.500          1       2491    1480.17 1.5798e+01  52336.838    103.758 1621934383      -0.17      0.735   39.98680  -71.87470 0.0000e+00
     42.660     7.7945    33.1657  1026.0601     2.2256     5.7727     85.891   -0.00587    6.72098    6.72852 -9.990e-29     0.4630   12.09138   3.433519 6.3300e-12    25.8638    25.8632 1.0000e-12     43.000          1       2569    1480.12 1.5798e+01  52347.975    107.005 1621934387       0.47      0.343   39.98680  -71.87470 0.0000e+00
     43.162     7.7831    33.1682  1026.0660     2.2223     5.7640     85.758   -0.00557    6.72121    6.72875 -9.990e-29     0.3782   12.09176   3.432617 6.3300e-12    25.8674    25.8668 1.0000e-12     43.500          1       2583    1480.09 1.5798e+01  52354.623    107.598 1621934387       0.34      0.614   39.98680  -71.87470 0.0000e+00
     43.661     7.7651    33.1729  1026.0747     2.2195     5.7574     85.646   -0.00532    6.72234    6.72990 -9.990e-29     0.4076   12.09360   3.431526 6.3300e-12    25.8737    25.8731 1.0000e-12     44.000          1       2599    1480.04 1.5798e+01  52366.101    108.230 1621934388       0.14      0.763   39.98680  -71.87470 0.0000e+00
     44.160     7.7488    33.1735  1026.0798     2.2171     5.7575     85.628   -0.00436    6.72387    6.73145      7.947     0.3944   12.09613   3.429993 6.3300e-12    25.8765    25.8759 1.0000e-12     44.500          1       2616    1479.99 1.5798e+01  52371.223    108.964 1621934389      -0.08      0.770   39.98680  -71.87470 0.0000e+00
     44.653     7.7235    33.1730  1026.0854     2.2146     5.7628     85.655   -0.00285    6.72789    6.73553      7.950     0.2964   12.10278   3.427851 6.3300e-12    25.8798    25.8792 1.0000e-12     45.000          1       2643    1479.90 1.5798e+01  52377.239    110.075 1621934390      -0.23      0.564   39.98680  -71.87470 0.0000e+00
     45.144     7.7101    33.1749  1026.0910     2.2127     5.7667     85.694   -0.00152    6.72939    6.73706      7.948     0.4684   12.10528   3.426843 6.2775e-12    25.8831    25.8825 1.0000e-12     45.500          1       2676    1479.86 1.5798e+01  52383.438    111.455 1621934391      -0.02      0.344   39.98680  -71.87470 0.0000e+00
     45.647     7.6853    33.1743  1026.0965     2.2128     5.7761     85.812   -0.00041    6.73118    6.73887      7.947     0.3304   12.10825   3.424518 5.7355e-12    25.8863    25.8856 1.0000e-12     46.000          1       2705    1479.77 1.7270e+01  52389.175    112.647 1621934392       0.01      0.416   39.98678  -71.87470 0.0000e+00
     46.130     7.6625    33.1725  1026.1005     2.2116     5.7762     85.770   -0.00049    6.73452    6.74226      7.947     0.3113   12.11378   3.422487 6.4053e-12    25.8881    25.8874 1.0000e-12     46.500          1       2756    1479.69 1.5632e+01  52392.544    114.788 1621934394      -0.11      0.186   39.98678  -71.87470 0.0000e+00
     46.627     7.6550    33.1714  1026.1031     2.2106     5.7684     85.652   -0.00118    6.73465    6.74240 -9.990e-29     0.2603   12.11402   3.421698 6.3312e-12    25.8883    25.8877 1.0000e-12     47.000          1       2777    1479.67 1.5795e+01  52393.193    115.672 1621934395       0.37      0.340   39.98678  -71.87470 0.0000e+00
     47.136     7.6489    33.1713  1026.1062     2.2104     5.7720     85.697   -0.00064    6.73540    6.74315 -9.990e-29     0.3146   12.11528   3.421120 6.3132e-12    25.8891    25.8884 1.0000e-12     47.500          1       2792    1479.65 1.5845e+01  52394.855    116.278 1621934396       0.39      0.596   39.98678  -71.87470 0.0000e+00
     47.636     7.6396    33.1705  1026.1092     2.2099     5.7721     85.692   -0.00054    6.73585    6.74361 -9.990e-29     0.3491   12.11600   3.420327 6.2075e-12    25.8898    25.8891 1.0000e-12     48.000          1       2812    1479.62 1.6142e+01  52396.470    117.128 1621934397      -0.05      0.703   39.98678  -71.87470 0.0000e+00
     48.113     7.6318    33.1686  1026.1107     2.2099     5.7776     85.748   -0.00003    6.73795    6.74574 -9.990e-29     0.2874   12.11948   3.419481 5.9277e-12    25.8894    25.8887 1.0000e-12     48.500          1       2856    1479.60 1.6928e+01  52395.358    118.950 1621934399      -0.22      0.224   39.98678  -71.87470 0.0000e+00
