CalculateIndicators/WaterTemperature/Data/CTD_NYOS/20210525_C37.cnv
* Sea-Bird SBE 9 Data File:
* FileName = C:\Seabird 9 CTD\Data\2021\202105_offshore\20210525_C37.hex
* Software Version Seasave V 7.23.2
* Temperature SN = 4590
* Conductivity SN = 3228
* Number of Bytes Per Scan = 44
* Number of Voltage Words = 5
* Number of Scans Averaged by the Deck Unit = 1
* NMEA Latitude = 40 23.91 N
* NMEA Longitude = 071 40.43 W
* NMEA UTC (Time) = May 26 2021  03:11:29
* NMEA baud rate = 4800
** Ship: seawolf
** Station: 1.3
** Operator: sjw
# nquan = 31
# nvalues = 296                         
# units = specified
# name 0 = depSM: Depth [salt water, m]
# name 1 = t090C: Temperature [ITS-90, deg C]
# name 2 = sal00: Salinity, Practical [PSU]
# name 3 = density00: Density [density, kg/m^3]
# name 4 = sbeox0V: Oxygen raw, SBE 43 [V]
# name 5 = sbeox0ML/L: Oxygen, SBE 43 [ml/l]
# name 6 = sbeox0PS: Oxygen, SBE 43 [% saturation]
# name 7 = sbox0dV/dT: Oxygen, SBE 43 [dov/dt]
# name 8 = oxsolML/L: Oxygen Saturation, Garcia & Gordon [ml/l]
# name 9 = oxsatML/L: Oxygen Saturation, Weiss [ml/l]
# name 10 = ph: pH
# name 11 = flECO-AFL: Fluorescence, WET Labs ECO-AFL/FL [mg/m^3]
# name 12 = n2satML/L: Nitrogen Saturation [ml/l]
# name 13 = c0S/m: Conductivity [S/m]
# name 14 = cpar: CPAR/Corrected Irradiance [%]
# name 15 = sigma-é00: Density [sigma-theta, kg/m^3]
# name 16 = sigma-t00: Density [sigma-t, kg/m^3 ]
# name 17 = par: PAR/Irradiance, Biospherical/Licor
# name 18 = prDM: Pressure, Digiquartz [db]
# name 19 = pumps: Pump Status
# name 20 = scan: Scan Count
# name 21 = svCM: Sound Velocity [Chen-Millero, m/s]
# name 22 = spar: SPAR, Biospherical/Licor
# name 23 = specc: Specific Conductance [uS/cm]
# name 24 = timeS: Time, Elapsed [seconds]
# name 25 = timeY: Time, System [seconds]
# name 26 = accM: Acceleration [m/s^2]
# name 27 = dz/dtM: Descent Rate [m/s]
# name 28 = latitude: Latitude [deg]
# name 29 = longitude: Longitude [deg]
# name 30 = flag: flag
# span 0 =      1.967,     75.410       
# span 1 =     7.2261,    14.2012       
# span 2 =    32.1576,    33.2872       
# span 3 =  1024.0086,  1026.3451       
# span 4 =     2.0994,     2.6387       
# span 5 =     5.4326,     6.8593       
# span 6 =     80.528,    106.429       
# span 7 =   -0.01720,    0.01827       
# span 8 =    5.88480,    6.79820       
# span 9 =    5.88059,    6.80688       
# span 10 =      7.906,      8.104      
# span 11 =    -0.0271,     0.5928      
# span 12 =   10.71793,   12.21930      
# span 13 =   3.379303,   3.912727      
# span 14 = -3.282e+04, 1.0819e+05      
# span 15 =    23.9780,    25.9979      
# span 16 =    23.9777,    25.9969      
# span 17 = 1.0000e-12, 1.0000e-12      
# span 18 =      2.000,     76.000      
# span 19 =          1,          1      
# span 20 =        447,      16338      
# span 21 =    1478.17,    1501.00      
# span 22 = -1.618e-01, 2.6228e+00      
# span 23 =  49847.701,  52609.372      
# span 24 =     18.583,    680.725      
# span 25 = 1621998704, 1621999366      
# span 26 =      -0.72,       0.71      
# span 27 =     -0.735,      0.718      
# span 28 =   40.39854,   40.39966      
# span 29 =  -71.67377,  -71.66892      
# span 30 = 0.0000e+00, 0.0000e+00      
# interval = decibars: 0.5              
# start_time = May 26 2021 03:11:25 [System UTC, first data scan.]
# bad_flag = -9.990e-29
*END*
[from data line 234]
     32.744     8.7301    32.8458  1025.6240     2.5188     6.6265    100.819    0.00280    6.57265    6.57766      8.059     0.2895   11.85015   3.486158 5.0640e-11    25.4739    25.4733 1.0000e-12     33.000          1      11704    1483.09 1.9747e+00  51671.366    487.608 1621999173      -0.26     -0.280   40.39936  -71.67034 0.0000e+00
     32.245     8.7476    32.8453  1025.6185     2.5228     6.6354    101.040    0.00324    6.56708    6.57201      8.060     0.2777   11.84097   3.487831 5.0640e-11    25.4707    25.4702 1.0000e-12     32.500          1      11733    1483.15 1.9747e+00  51666.413    488.817 1621999174       0.03     -0.436   40.39936  -71.67034 0.0000e+00
     31.755     8.7957    32.8473  1025.6105     2.5276     6.6451    101.257    0.00318    6.56261    6.56747      8.061     0.2651   11.83357   3.492502 5.0640e-11    25.4650    25.4645 1.0000e-12     32.000          1      11768    1483.32 1.9747e+00  51658.611    490.287 1621999175      -0.02     -0.306   40.39936  -71.67032 0.0000e+00
     31.255     8.8325    32.8466  1025.6019     2.5315     6.6600    101.497    0.00371    6.56172    6.56657      8.064     0.3011   11.83209   3.495612 5.0640e-11    25.4587    25.4582 1.0000e-12     31.500          1      11792    1483.45 1.9747e+00  51649.225    491.292 1621999176      -0.15     -0.436   40.39936  -71.67032 0.0000e+00
     30.753     8.8641    32.8438  1025.5925     2.5344     6.6583    101.558    0.00299    6.55615    6.56092      8.065     0.2566   11.82290   3.498109 9.0573e+04    25.4517    25.4512 1.0000e-12     31.000          1      11820    1483.56 1.8613e-01  51638.236    492.443 1621999178       0.06     -0.472   40.39936  -71.67031 0.0000e+00
     30.272     8.9024    32.8451  1025.5854     2.5475     6.6959    102.361    0.00520    6.54145    6.54599      8.070     0.2160   11.79878   3.501658 9.9999e+04    25.4467    25.4462 1.0000e-12     30.500          1      11889    1483.69 0.0000e+00  51631.567    495.328 1621999181      -0.07     -0.054   40.39936  -71.67028 0.0000e+00
     29.769     8.9683    32.8410  1025.5695     2.5539     6.7443    102.821    0.00650    6.55925    6.56401      8.068     0.2190   11.82874   3.507307 9.9999e+04    25.4332    25.4327 1.0000e-12     30.000          1      11909    1483.92 0.0000e+00  51611.217    496.173 1621999181      -0.28     -0.376   40.39938  -71.67028 0.0000e+00
     29.267     8.9952    32.8363  1025.5594     2.5584     6.7587    103.020    0.00627    6.56058    6.56535      8.065     0.2299   11.83103   3.509102 9.9999e+04    25.4254    25.4249 1.0000e-12     29.500          1      11930    1484.01 0.0000e+00  51598.711    497.031 1621999182      -0.11     -0.546   40.39938  -71.67028 0.0000e+00
     28.772     8.9727    32.8099  1025.5399     2.5583     6.7316    102.588    0.00147    6.56178    6.56657 -9.990e-29     0.2431   11.83302   3.503823 9.9999e+04    25.4082    25.4077 1.0000e-12     29.000          1      11965    1483.89 0.0000e+00  51565.787    498.513 1621999184       0.15     -0.404   40.39938  -71.67026 0.0000e+00
     28.287     8.8897    32.7697  1025.5192     2.5546     6.6975    102.117   -0.00148    6.55863    6.56335      8.062     0.2053   11.82799   3.492747 9.9999e+04    25.3896    25.3892 1.0000e-12     28.500          1      12051    1483.52 0.0000e+00  51526.085    502.064 1621999187      -0.10     -0.017   40.39938  -71.67025 0.0000e+00
     27.782     8.9035    32.7778  1025.5211     2.5572     6.7182    102.449    0.00081    6.55764    6.56235      8.064     0.2020   11.82648   3.494766 9.9999e+04    25.3938    25.3934 1.0000e-12     28.000          1      12074    1483.57 0.0000e+00  51534.474    503.056 1621999188      -0.46     -0.331   40.39938  -71.67024 0.0000e+00
     27.281     8.9294    32.7648  1025.5045     2.5641     6.7530    103.018    0.00353    6.55516    6.55978      8.065     0.2146   11.82293   3.495803 9.9999e+04    25.3796    25.3792 1.0000e-12     27.500          1      12114    1483.64 0.0000e+00  51510.237    504.710 1621999190      -0.16     -0.363   40.39939  -71.67023 0.0000e+00
     26.790     8.9667    32.7265  1025.4665     2.5757     6.7967    103.692    0.00480    6.55470    6.55925      8.063     0.2676   11.82289   3.495265 9.9999e+04    25.3439    25.3434 1.0000e-12     27.000          1      12171    1483.73 0.0000e+00  51447.810    507.083 1621999192      -0.30     -0.254   40.39940  -71.67020 0.0000e+00
     26.293     8.9845    32.6692  1025.4166     2.5834     6.8139    104.049    0.00480    6.54881    6.55324      8.061     0.2664   11.81353   3.491342 9.9999e+04    25.2962    25.2957 1.0000e-12     26.500          1      12211    1483.71 0.0000e+00  51362.446    508.732 1621999194       0.06     -0.312   40.39940  -71.67019 0.0000e+00
     25.803     9.0167    32.6311  1025.3796     2.5902     6.8194    104.165    0.00245    6.54670    6.55107      8.053     0.2516   11.81044   3.490871 9.9999e+04    25.2614    25.2610 1.0000e-12     26.000          1      12268    1483.78 0.0000e+00  51301.675    511.118 1621999196      -0.17     -0.152   40.39940  -71.67018 0.0000e+00
     25.296     9.0631    32.6013  1025.3466     2.5887     6.7989    103.854   -0.00022    6.54658    6.55096      8.050     0.2507   11.81021   3.491734 9.9999e+04    25.2308    25.2304 1.0000e-12     25.500          1      12294    1483.91 0.0000e+00  51249.230    512.191 1621999197      -0.11     -0.397   40.39940  -71.67016 0.0000e+00
     24.802     9.0630    32.5665  1025.3171     2.5860     6.7646    103.559   -0.00150    6.53216    6.53629      8.055     0.2283   11.78682   3.488027 1.7105e+04    25.2036    25.2032 1.0000e-12     25.000          1      13328    1483.85 1.6369e+00  51199.431    555.275 1621999240      -0.04     -0.366   40.39947  -71.66988 0.0000e+00
     24.320     9.0775    32.5439  1025.2950     2.5904     6.7830    104.036    0.00179    6.51987    6.52379      8.054     0.2185   11.76696   3.487534 -8.975e+02    25.1837    25.1833 1.0000e-12     24.500          1      13487    1483.87 1.9924e+00  51164.486    561.916 1621999247      -0.11     -0.257   40.39948  -71.66983 0.0000e+00
     23.813     9.1261    32.5449  1025.2858     2.5917     6.7772    104.110    0.00211    6.50968    6.51348      8.055     0.2341   11.74997   3.492671 5.0640e-11    25.1768    25.1764 1.0000e-12     24.000          1      13498    1484.04 1.9747e+00  51155.379    562.393 1621999248      -0.36     -0.466   40.39948  -71.66982 0.0000e+00
     23.310     9.2213    32.5297  1025.2566     2.5956     6.7853    104.353    0.00288    6.50225    6.50595      8.057     0.2320   11.73766   3.498926 5.0640e-11    25.1499    25.1495 1.0000e-12     23.500          1      13517    1484.37 1.9747e+00  51114.156    563.185 1621999248      -0.09     -0.652   40.39948  -71.66980 0.0000e+00
     22.820     9.3123    32.5135  1025.2272     2.6054     6.8243    104.989    0.00481    6.50000    6.50363      8.059     0.2165   11.73432   3.506003 5.0640e-11    25.1229    25.1225 1.0000e-12     23.000          1      13564    1484.68 1.9747e+00  51072.494    565.108 1621999250       0.15     -0.327   40.39948  -71.66980 0.0000e+00
     22.340     9.4477    32.5121  1025.2023     2.6095     6.8278    104.799    0.00025    6.51513    6.51890      8.054     0.2292   11.76032   3.517774 5.0640e-11    25.1002    25.0998 1.0000e-12     22.500          1      13627    1485.16 1.9747e+00  51042.993    567.732 1621999253      -0.17     -0.118   40.39948  -71.66978 0.0000e+00
     21.829     9.4652    32.5000  1025.1877     2.6080     6.8004    104.535   -0.00179    6.50542    6.50907      8.051     0.2172   11.74410   3.517172 5.0640e-11    25.0880    25.0876 1.0000e-12     22.000          1      13640    1485.20 1.9747e+00  51021.984    568.281 1621999253      -0.46     -0.398   40.39948  -71.66978 0.0000e+00
     21.326     9.3921    32.4473  1025.1559     2.6098     6.7903    104.736    0.00004    6.48331    6.48666      8.050     0.2068   11.70743   3.505209 5.0640e-11    25.0584    25.0581 1.0000e-12     21.500          1      13663    1484.86 1.9747e+00  50961.886    569.251 1621999254      -0.04     -0.564   40.39948  -71.66976 0.0000e+00
     20.849     9.3777    32.4139  1025.1299     2.6186     6.8221    105.591    0.00538    6.46080    6.46385      8.052     0.1857   11.67004   3.502150 5.0640e-11    25.0346    25.0342 1.0000e-12     21.000          1      13710    1484.76 1.9747e+00  50917.118    571.213 1621999256      -0.02     -0.116   40.39950  -71.66976 0.0000e+00
     20.336     9.5464    32.4254  1025.1094     2.6217     6.8048    105.587    0.00401    6.44472    6.44754      8.051     0.1982   11.64357   3.518712 5.0640e-11    25.0165    25.0162 1.0000e-12     20.500          1      13735    1485.39 1.9747e+00  50899.799    572.249 1621999257      -0.14     -0.366   40.39950  -71.66975 0.0000e+00
     19.856     9.7518    32.4373  1025.0833     2.6286     6.8082    105.801    0.00296    6.43490    6.43755      8.046     0.1884   11.62783   3.538202 5.0640e-11    24.9927    24.9923 1.0000e-12     20.000          1      13792    1486.14 1.9747e+00  50876.419    574.616 1621999260      -0.16     -0.073   40.39950  -71.66974 0.0000e+00
     19.352     9.8609    32.4283  1025.0560     2.6259     6.7824    105.397   -0.00024    6.43509    6.43775      8.044     0.1910   11.62810   3.546088 5.0640e-11    24.9677    24.9674 1.0000e-12     19.500          1      13809    1486.52 1.9747e+00  50842.565    575.313 1621999260      -0.42     -0.413   40.39950  -71.66974 0.0000e+00
     18.848     9.8567    32.3950  1025.0284     2.6237     6.7628    105.100   -0.00242    6.43468    6.43734      8.043     0.1996   11.62740   3.542548 4.7015e+04    24.9424    24.9421 1.0000e-12     19.000          1      13825    1486.45 1.0463e+00  50796.158    575.999 1621999261      -0.22     -0.633   40.39950  -71.66972 0.0000e+00
     18.354     9.8934    32.3862  1025.0132     2.6203     6.7417    104.924   -0.00222    6.42532    6.42783      8.040     0.2003   11.61203   3.544814 9.9132e+04    24.9295    24.9292 1.0000e-12     18.500          1      13861    1486.57 1.7115e-02  50776.335    577.515 1621999263       0.07     -0.446   40.39950  -71.66971 0.0000e+00
     17.861     9.9191    32.3805  1025.0023     2.6182     6.7265    105.033    0.00073    6.40417    6.40639      8.037     0.2121   11.57730   3.546375 9.9999e+04    24.9208    24.9205 1.0000e-12     18.000          1      13911    1486.65 0.0000e+00  50763.273    579.583 1621999265      -0.43     -0.195   40.39950  -71.66970 0.0000e+00
     17.361    10.0808    32.3605  1024.9575     2.6221     6.6975    105.242    0.00191    6.36413    6.36579      8.035     0.1726   11.51130   3.560117 9.9999e+04    24.8784    24.8781 1.0000e-12     17.500          1      13955    1487.20 0.0000e+00  50704.588    581.412 1621999267      -0.31     -0.287   40.39951  -71.66969 0.0000e+00
     16.870    10.2431    32.3421  1024.9138     2.6326     6.7477    106.429    0.01056    6.34009    6.34142      8.035     0.1808   11.47173   3.572173 9.9999e+04    24.8369    24.8366 1.0000e-12     17.000          1      13996    1487.75 0.0000e+00  50648.442    583.119 1621999268      -0.72     -0.298   40.39952  -71.66968 0.0000e+00
     16.356    10.3672    32.3394  1024.8882     2.6271     6.6723    105.636    0.00468    6.31622    6.31724      8.034     0.1856   11.43232   3.585673 9.9999e+04    24.8138    24.8135 1.0000e-12     16.500          1      14011    1488.19 0.0000e+00  50622.919    583.740 1621999269      -0.44     -0.671   40.39952  -71.66967 0.0000e+00
     15.867    10.9363    32.2835  1024.7444     2.6327     6.6009    105.532    0.00145    6.25494    6.25515      8.029     0.1875   11.33116   3.629742 9.9999e+04    24.6724    24.6720 1.0000e-12     16.000          1      14087    1490.14 0.0000e+00  50444.928    586.917 1621999272      -0.44     -0.334   40.39952  -71.66964 0.0000e+00
     15.379    11.3706    32.2600  1024.6467     2.6256     6.5396    104.978   -0.00066    6.22942    6.22930      8.028     0.1738   11.28898   3.665452 9.9999e+04    24.5770    24.5767 1.0000e-12     15.500          1      14190    1491.63 0.0000e+00  50341.210    591.218 1621999276      -0.10     -0.109   40.39953  -71.66961 0.0000e+00
     14.875    11.9341    32.2336  1024.5208     2.6242     6.4469    104.462   -0.00508    6.17207    6.17125      8.034     0.1788   11.19404   3.714106 4.6757e+03    24.4536    24.4532 1.0000e-12     15.000          1      14936    1493.54 1.8824e+00  50217.477    622.312 1621999308      -0.16     -0.348   40.39958  -71.66936 0.0000e+00
     14.391    12.3418    32.2278  1024.4380     2.6301     6.3480    104.951   -0.00006    6.04851    6.04615      8.036     0.1796   10.98971   3.748382 5.0640e-11    24.3731    24.3727 1.0000e-12     14.500          1      15581    1494.92 1.9747e+00  50150.079    649.149 1621999334      -0.22     -0.117   40.39962  -71.66916 0.0000e+00
     13.891    12.6378    32.2206  1024.3736     2.6295     6.2719    104.813   -0.00007    5.98401    5.98089      8.032     0.1526   10.88313   3.774580 5.0640e-11    24.3110    24.3107 1.0000e-12     14.000          1      15601    1495.91 1.9747e+00  50098.727    650.003 1621999335       0.04     -0.281   40.39962  -71.66916 0.0000e+00
     13.400    13.0581    32.1811  1024.2591     2.6359     6.2122    105.259    0.00368    5.90182    5.89777      8.027     0.1458   10.74672   3.809699 5.0640e-11    24.1989    24.1985 1.0000e-12     13.500          1      15652    1497.27 1.9747e+00  49987.200    652.137 1621999337      -0.15     -0.189   40.39962  -71.66914 0.0000e+00
     12.898    13.4266    32.1708  1024.1758     2.6286     6.1677    104.547   -0.00134    5.89944    5.89537      8.027     0.1266   10.74263   3.842944 5.0640e-11    24.1179    24.1176 1.0000e-12     13.000          1      15677    1498.48 1.9747e+00  49926.856    653.155 1621999338      -0.16     -0.413   40.39962  -71.66914 0.0000e+00
     12.404    13.9181    32.1576  1024.0640     2.6110     6.0578    102.848   -0.01321    5.89010    5.88592      8.027     0.1340   10.72711   3.886685 5.0640e-11    24.0085    24.0081 1.0000e-12     12.500          1      15705    1500.08 1.9747e+00  49847.701    654.323 1621999339       0.05     -0.454   40.39962  -71.66912 0.0000e+00
     11.908    14.0394    32.1835  1024.0569     2.5994     6.0257    102.331   -0.01242    5.88846    5.88426      8.027     0.1226   10.72444   3.898125 5.0640e-11    24.0036    24.0033 1.0000e-12     12.000          1      15731    1500.50 1.9747e+00  49870.158    655.417 1621999341      -0.05     -0.427   40.39962  -71.66912 0.0000e+00
     11.410    14.1392    32.1864  1024.0364     2.5882     6.0091    102.059   -0.00834    5.88791    5.88371 -9.990e-29     0.1188   10.72337   3.907053 5.0640e-11    23.9853    23.9850 1.0000e-12     11.500          1      15767    1500.82 1.9747e+00  49862.272    656.921 1621999342       0.12     -0.367   40.39963  -71.66910 0.0000e+00
     10.921    14.1818    32.1883  1024.0269     2.5815     6.0096    102.066   -0.00337    5.88792    5.88373 -9.990e-29     0.1201   10.72334   3.910377 5.0640e-11    23.9780    23.9777 1.0000e-12     11.000          1      15810    1500.95 1.9747e+00  49859.986    658.725 1621999344      -0.17     -0.216   40.39964  -71.66910 0.0000e+00
     10.416    14.1805    32.1994  1024.0334     2.5806     6.0118    102.119   -0.00186    5.88704    5.88284      8.027     0.1143   10.72188   3.910992 5.0640e-11    23.9868    23.9865 1.0000e-12     10.500          1      15832    1500.95 1.9747e+00  49875.317    659.630 1621999345      -0.19     -0.451   40.39964  -71.66909 0.0000e+00
