CalculateIndicators/WaterTemperature/Data/CTD_NYOS/20210522_C09B.cnv
* Sea-Bird SBE 9 Data File:
* FileName = C:\Seabird 9 CTD\Data\2021\202105_offshore\20210522_C09B.hex
* Software Version Seasave V 7.23.2
* Temperature SN = 4590
* Conductivity SN = 3228
* Number of Bytes Per Scan = 44
* Number of Voltage Words = 5
* Number of Scans Averaged by the Deck Unit = 1
* NMEA Latitude = 39 29.06 N
* NMEA Longitude = 073 03.36 W
* NMEA UTC (Time) = May 22 2021  10:16:47
* NMEA baud rate = 4800
** Ship: seawolf
** Station: 6.4
** Operator: EIH
# nquan = 31
# nvalues = 238                         
# units = specified
# name 0 = depSM: Depth [salt water, m]
# name 1 = t090C: Temperature [ITS-90, deg C]
# name 2 = sal00: Salinity, Practical [PSU]
# name 3 = density00: Density [density, kg/m^3]
# name 4 = sbeox0V: Oxygen raw, SBE 43 [V]
# name 5 = sbeox0ML/L: Oxygen, SBE 43 [ml/l]
# name 6 = sbeox0PS: Oxygen, SBE 43 [% saturation]
# name 7 = sbox0dV/dT: Oxygen, SBE 43 [dov/dt]
# name 8 = oxsolML/L: Oxygen Saturation, Garcia & Gordon [ml/l]
# name 9 = oxsatML/L: Oxygen Saturation, Weiss [ml/l]
# name 10 = ph: pH
# name 11 = flECO-AFL: Fluorescence, WET Labs ECO-AFL/FL [mg/m^3]
# name 12 = n2satML/L: Nitrogen Saturation [ml/l]
# name 13 = c0S/m: Conductivity [S/m]
# name 14 = cpar: CPAR/Corrected Irradiance [%]
# name 15 = sigma-é00: Density [sigma-theta, kg/m^3]
# name 16 = sigma-t00: Density [sigma-t, kg/m^3 ]
# name 17 = par: PAR/Irradiance, Biospherical/Licor
# name 18 = prDM: Pressure, Digiquartz [db]
# name 19 = pumps: Pump Status
# name 20 = scan: Scan Count
# name 21 = svCM: Sound Velocity [Chen-Millero, m/s]
# name 22 = spar: SPAR, Biospherical/Licor
# name 23 = specc: Specific Conductance [uS/cm]
# name 24 = timeS: Time, Elapsed [seconds]
# name 25 = timeY: Time, System [seconds]
# name 26 = accM: Acceleration [m/s^2]
# name 27 = dz/dtM: Descent Rate [m/s]
# name 28 = latitude: Latitude [deg]
# name 29 = longitude: Longitude [deg]
# name 30 = flag: flag
# span 0 =      1.950,     64.502       
# span 1 =     8.0107,    14.5707       
# span 2 =    32.4785,    33.6107       
# span 3 =  1024.1927,  1026.3393       
# span 4 =     1.9272,     2.6526       
# span 5 =     4.1728,     6.4990       
# span 6 =     71.517,    106.471       
# span 7 =   -0.01983,    0.07467       
# span 8 =    5.82884,    6.66861       
# span 9 =    5.82422,    6.67558       
# span 10 =      7.908,      8.085      
# span 11 =     0.0796,     0.9242      
# span 12 =   10.62133,   12.00246      
# span 13 =   3.471800,   3.983598      
# span 14 = 4.6029e-13, 3.1104e+01      
# span 15 =    24.1792,    26.0431      
# span 16 =    24.1791,    26.0422      
# span 17 = -2.132e-04, 7.7628e+01      
# span 18 =      2.000,     65.000      
# span 19 =          1,          1      
# span 20 =         79,      13738      
# span 21 =    1481.21,    1502.56      
# span 22 = 1.9773e+02, 2.5052e+02      
# span 23 =  50307.493,  52694.447      
# span 24 =      3.241,    572.365      
# span 25 = 1621678610, 1621679179      
# span 26 =      -0.79,       0.50      
# span 27 =     -0.797,      0.725      
# span 28 =   39.48437,   39.48602      
# span 29 =  -73.05609,  -73.05271      
# span 30 = 0.0000e+00, 0.0000e+00      
# interval = decibars: 0.5              
# start_time = May 22 2021 10:16:47 [System UTC, first data scan.]
# bad_flag = -9.990e-29
*END*
      9.428    14.5113    32.5759  1024.2503     1.9272     4.1728     71.517    0.01718    5.83479    5.83023      8.049     0.1359   10.63110   3.979893 8.5528e+00    24.2082    24.2079 1.6912e+01      9.500          1         79    1502.44 1.9773e+02  50360.803      3.241 1621678610       0.12      0.059   39.48437  -73.05609 0.0000e+00
      9.920    14.5490    32.5651  1024.2362     2.2641     5.0099     85.842   -0.01406    5.83616    5.83164      8.049     0.1701   10.63301   3.982269 8.4705e+00    24.1919    24.1916 1.7398e+01     10.000          1       1321    1502.56 2.0539e+02  50341.870     55.018 1621678662       0.34      0.264   39.48454  -73.05578 0.0000e+00
     10.418    14.5454    32.5676  1024.2411     2.2794     5.1482     88.148    0.00865    5.84035    5.83590      8.049     0.1641   10.63961   3.982213 8.0719e+00    24.1946    24.1943 1.6578e+01     10.500          1       1337    1502.56 2.0537e+02  50345.980     55.680 1621678663       0.24      0.518   39.48454  -73.05578 0.0000e+00
     10.918    14.5244    32.5831  1024.2597     2.2884     5.2141     89.193    0.01733    5.84584    5.84147      8.050     0.1246   10.64821   3.981935 7.7080e+00    24.2110    24.2107 1.5830e+01     11.000          1       1355    1502.52 2.0537e+02  50370.093     56.431 1621678663       0.09      0.631   39.48454  -73.05578 0.0000e+00
     11.415    14.5091    32.5934  1024.2731     2.2843     5.1876     88.371    0.00758    5.87039    5.86644      8.053     0.1612   10.68645   3.981618 7.4686e+00    24.2221    24.2218 1.5339e+01     11.500          1       1375    1502.49 2.0537e+02  50386.039     57.232 1621678664      -0.02      0.655   39.48456  -73.05578 0.0000e+00
     11.910    14.4676    32.6208  1024.3053     2.2671     5.1053     86.318   -0.01073    5.91464    5.91146      8.057     0.1800   10.75528   3.980707 7.3304e+00    24.2521    24.2517 1.5055e+01     12.000          1       1401    1502.40 2.0537e+02  50429.168     58.345 1621678665      -0.17      0.535   39.48456  -73.05576 0.0000e+00
     12.401    14.3548    32.7069  1024.3975     2.2463     5.0442     84.883   -0.01701    5.94249    5.93978      8.063     0.1981   10.79905   3.979437 7.0853e+00    24.3421    24.3418 1.4551e+01     12.500          1       1431    1502.14 2.0537e+02  50560.438     59.566 1621678667       0.01      0.378   39.48456  -73.05576 0.0000e+00
     12.906    13.9090    33.0746  1024.7762     2.2309     5.0696     84.215   -0.01673    6.01989    6.01811      8.069     0.2180   10.92744   3.976816 6.8480e+00    24.7185    24.7181 1.4064e+01     13.000          1       1455    1501.13 2.0537e+02  51124.162     60.591 1621678668       0.03      0.476   39.48456  -73.05575 0.0000e+00
     13.389    13.3054    33.5451  1025.2653     2.2644     5.4579     88.464    0.01543    6.16970    6.16930      8.079     0.2490   11.18318   3.968898 6.6740e+00    25.2053    25.2049 1.3707e+01     13.500          1       1502    1499.71 2.0537e+02  51851.871     62.527 1621678670      -0.16      0.234   39.48456  -73.05574 0.0000e+00
     13.890    12.7596    33.6107  1025.4267     2.3506     5.9782     96.475    0.06292    6.19652    6.19641      8.082     0.2696   11.22836   3.917956 6.3202e+00    25.3643    25.3639 1.2980e+01     14.000          1       1525    1497.97 -9.990e-29  52020.593     63.499 1621678671       0.33      0.347   39.48456  -73.05574 0.0000e+00
     14.397    12.3167    33.2490  1025.2344     2.3938     6.1865     99.575    0.07467    6.21291    6.21296      8.083     0.2562   11.25615   3.838180 6.0086e+00    25.1696    25.1692 1.2340e+01     14.500          1       1543    1496.05 -9.990e-29  51575.629     64.257 1621678671       0.22      0.585   39.48458  -73.05572 0.0000e+00
     14.879    11.6309    32.8423  1025.0497     2.4640     6.2803    100.570    0.04255    6.24467    6.24508      8.085     0.2052   11.30950   3.737407 5.9168e+00    24.9824    24.9821 1.2167e+01     15.000          1       1584    1493.22 2.0621e+02  51116.596     65.972 1621678673      -0.26      0.339   39.48458  -73.05572 0.0000e+00
     15.375    11.4473    32.7356  1025.0025     2.5014     6.3653    101.829    0.03517    6.25092    6.25138      8.084     0.2198   11.32016   3.711369 5.6857e+00    24.9329    24.9325 1.1733e+01     15.500          1       1612    1492.46 2.0634e+02  50995.749     67.127 1621678674       0.42      0.263   39.48458  -73.05570 0.0000e+00
     15.885    11.3558    32.7142  1025.0047     2.5175     6.3982    102.297    0.03102    6.25452    6.25502      8.085     0.2104   11.32614   3.700817 5.3581e+00    24.9328    24.9325 1.1032e+01     16.000          1       1626    1492.13 2.0590e+02  50980.285     67.711 1621678675       0.50      0.577   39.48458  -73.05570 0.0000e+00
     16.380    11.2361    32.6771  1024.9996     2.5402     6.4455    102.996    0.02569    6.25795    6.25850      8.085     0.1768   11.33191   3.687335 5.1010e+00    24.9254    24.9251 1.0533e+01     16.500          1       1651    1491.67 2.0650e+02  50948.180     68.741 1621678676      -0.13      0.624   39.48458  -73.05570 0.0000e+00
     16.859    11.1563    32.6376  1024.9854     2.5632     6.4575    103.116    0.01295    6.26238    6.26297      8.085     0.2069   11.33934   3.677448 4.8645e+00    24.9090    24.9086 1.0042e+01     17.000          1       1692    1491.35 2.0644e+02  50906.382     70.454 1621678678      -0.02      0.193   39.48460  -73.05570 0.0000e+00
     17.373    11.1338    32.6351  1024.9898     2.5679     6.4614    103.051    0.00902    6.27006    6.27075      8.085     0.1943   11.35206   3.675553 4.5745e+00    24.9110    24.9107 9.4520e+00     17.500          1       1711    1491.28 2.0662e+02  50906.705     71.266 1621678678       0.29      0.432   39.48460  -73.05568 0.0000e+00
     17.858    11.1011    32.6256  1024.9905     2.5723     6.4667    102.842    0.00323    6.28798    6.28889      8.083     0.2108   11.38184   3.672380 4.4344e+00    24.9095    24.9091 9.1009e+00     18.000          1       1750    1491.16 2.0524e+02  50899.256     72.880 1621678680      -0.24      0.370   39.48460  -73.05568 0.0000e+00
     18.352    11.0586    32.6242  1024.9991     2.5721     6.4561    102.612    0.00041    6.29182    6.29278      8.081     0.2336   11.38828   3.668404 4.2468e+00    24.9159    24.9155 8.7218e+00     18.500          1       1778    1491.02 2.0537e+02  50904.230     74.048 1621678681       0.33      0.294   39.48460  -73.05566 0.0000e+00
     18.860    10.9884    32.6215  1025.0118     2.5700     6.4430    102.395   -0.00101    6.29228    6.29325      8.081     0.2437   11.38901   3.661632 3.9877e+00    24.9262    24.9258 8.2251e+00     19.000          1       1794    1490.78 2.0628e+02  50913.125     74.689 1621678682       0.39      0.563   39.48460  -73.05566 0.0000e+00
     19.358    10.9216    32.6156  1025.0212     2.5677     6.4344    102.184   -0.00240    6.29687    6.29791      8.081     0.2162   11.39645   3.655521 3.8045e+00    24.9334    24.9330 7.8138e+00     19.500          1       1816    1490.54 2.0539e+02  50916.166     75.620 1621678683      -0.08      0.647   39.48460  -73.05566 0.0000e+00
     19.838    10.8685    32.6079  1025.0268     2.5631     6.4379    102.010   -0.00216    6.31108    6.31232      8.081     0.2375   11.41975   3.650938 3.7469e+00    24.9368    24.9364 7.5369e+00     20.000          1       1863    1490.35 2.0126e+02  50914.558     77.597 1621678685      -0.15      0.172   39.48462  -73.05564 0.0000e+00
     20.343    10.8352    32.6206  1025.0448     2.5611     6.4373    101.906   -0.00247    6.31693    6.31825      8.078     0.2486   11.42949   3.649077 3.4386e+00    24.9525    24.9520 7.1315e+00     20.500          1       1887    1490.26 2.0739e+02  50938.223     78.573 1621678686       0.28      0.374   39.48462  -73.05564 0.0000e+00
     20.840    10.7963    32.6412  1025.0699     2.5576     6.4310    101.742   -0.00252    6.32087    6.32224      8.077     0.2613   11.43596   3.647716 3.2765e+00    24.9753    24.9749 6.7938e+00     21.000          1       1910    1490.15 2.0735e+02  50974.440     79.535 1621678687       0.03      0.527   39.48462  -73.05564 0.0000e+00
     21.332    10.7181    32.6398  1025.0847     2.5545     6.4201    101.516   -0.00343    6.32426    6.32567      8.077     0.3032   11.44165   3.640492 3.1055e+00    24.9878    24.9874 6.4364e+00     21.500          1       1934    1489.88 -9.990e-29  50986.133     80.559 1621678688      -0.04      0.492   39.48462  -73.05563 0.0000e+00
     21.833    10.6838    32.6388  1025.0922     2.5530     6.4216    101.506   -0.00271    6.32626    6.32770      8.077     0.2943   11.44499   3.637844 2.9417e+00    24.9930    24.9926 6.0935e+00     22.000          1       1955    1489.77 -9.990e-29  50990.934     81.428 1621678688       0.09      0.521   39.48462  -73.05562 0.0000e+00
     22.331    10.6507    32.6402  1025.1013     2.5510     6.4139    101.491   -0.00175    6.31962    6.32099      8.077     0.2794   11.43363   3.635039 2.7820e+00    24.9998    24.9994 5.7658e+00     22.500          1       1986    1489.66 2.0735e+02  50998.969     82.703 1621678690      -0.14      0.460   39.48462  -73.05562 0.0000e+00
     22.819    10.6135    32.6341  1025.1052     2.5500     6.4309    101.606   -0.00005    6.32923    6.33075      8.077     0.2683   11.44927   3.631535 2.6459e+00    25.0016    25.0011 5.4864e+00     23.000          1       2032    1489.53 2.0735e+02  50997.296     84.636 1621678692       0.09      0.190   39.48463  -73.05562 0.0000e+00
     23.320    10.6716    32.6666  1025.1227     2.5471     6.4051    101.306   -0.00194    6.32248    6.32392      8.076     0.2390   11.43798   3.640997 2.5001e+00    25.0168    25.0163 5.1839e+00     23.500          1       2057    1489.78 2.0735e+02  51032.969     85.683 1621678693       0.16      0.405   39.48464  -73.05561 0.0000e+00
     23.817    10.6422    32.6903  1025.1486     2.5449     6.3909    101.162   -0.00242    6.31751    6.31890      8.073     0.2590   11.42960   3.639644 2.3789e+00    25.0404    25.0399 4.9327e+00     24.000          1       2083    1489.72 2.0735e+02  51071.866     86.756 1621678694      -0.00      0.474   39.48464  -73.05560 0.0000e+00
     24.307    10.5786    32.6882  1025.1601     2.5433     6.3761    101.144   -0.00148    6.30393    6.30518      8.072     0.2507   11.40666   3.634567 2.2702e+00    25.0497    25.0492 4.7072e+00     24.500          1       2111    1489.50 2.0735e+02  51080.235     87.932 1621678695      -0.04      0.432   39.48464  -73.05559 0.0000e+00
     24.805    10.6278    32.6993  1025.1625     2.5436     6.3894    101.224   -0.00094    6.31212    6.31349      8.072     0.2937   11.41996   3.639974 2.1492e+00    25.0499    25.0494 4.4563e+00     25.000          1       2132    1489.69 2.0735e+02  51087.551     88.777 1621678696       0.16      0.466   39.48464  -73.05558 0.0000e+00
     25.314    10.6405    32.7044  1025.1666     2.5455     6.4444    101.542    0.00107    6.34649    6.34833      8.075     0.2693   11.47668   3.642260 2.0195e+00    25.0516    25.0511 4.1875e+00     25.500          1       2149    1489.75 2.0735e+02  51092.632     89.519 1621678697       0.16      0.618   39.48464  -73.05558 0.0000e+00
     25.796    10.7444    32.7579  1025.1925     2.5344     6.4682    100.615   -0.00492    6.42883    6.43174      8.075     0.2656   11.61341   3.656630 1.9225e+00    25.0754    25.0748 3.9864e+00     26.000          1       2189    1490.19 2.0735e+02  51150.162     91.155 1621678698      -0.30      0.363   39.48464  -73.05558 0.0000e+00
     26.297    10.4661    32.7874  1025.2659     2.5136     6.3750     98.842   -0.01407    6.44968    6.45287      8.071     0.2472   11.64801   3.631859 1.8048e+00    25.1464    25.1458 3.7423e+00     26.500          1       2218    1489.25 2.0735e+02  51240.965     92.379 1621678699       0.26      0.334   39.48466  -73.05556 0.0000e+00
     26.793    10.1728    32.7734  1025.3072     2.4995     6.3106     97.899   -0.01698    6.44602    6.44916      8.067     0.2255   11.64188   3.603309 1.7092e+00    25.1852    25.1847 3.5439e+00     27.000          1       2242    1488.19 2.0735e+02  51274.702     93.368 1621678700       0.04      0.507   39.48466  -73.05556 0.0000e+00
     27.288     9.6900    32.7362  1025.3607     2.4949     6.3347     98.421   -0.00828    6.43633    6.43936 -9.990e-29     0.2048   11.62565   3.556242 1.6247e+00    25.2362    25.2357 3.3687e+00     27.500          1       2268    1486.40 2.0735e+02  51315.056     94.448 1621678702      -0.04      0.481   39.48466  -73.05556 0.0000e+00
     27.779     9.7006    32.7427  1025.3663     2.4951     6.3665     99.007   -0.00152    6.43033    6.43329 -9.990e-29     0.2098   11.61557   3.560395 1.5579e+00    25.2396    25.2391 3.2302e+00     28.000          1       2292    1486.46 2.0735e+02  51322.217     95.454 1621678703       0.03      0.462   39.48466  -73.05554 0.0000e+00
     28.280     9.7160    32.7461  1025.3687     2.4959     6.3797     99.221    0.00055    6.42983    6.43278 -9.990e-29     0.2180   11.61474   3.561949 1.4717e+00    25.2397    25.2392 3.0515e+00     28.500          1       2309    1486.53 2.0735e+02  51324.141     96.176 1621678703       0.19      0.549   39.48466  -73.05554 0.0000e+00
     28.784     9.7339    32.7513  1025.3722     2.4956     6.3609     99.191    0.00059    6.41278    6.41554      8.064     0.2247   11.58598   3.564754 1.3918e+00    25.2409    25.2404 2.8859e+00     29.000          1       2326    1486.61 2.0735e+02  51328.423     96.878 1621678704       0.13      0.677   39.48466  -73.05554 0.0000e+00
     29.277     9.8083    32.7719  1025.3783     2.4987     6.3701     99.428    0.00142    6.40666    6.40945      8.066     0.2154   11.57445   3.573637 1.3101e+00    25.2448    25.2443 2.7164e+00     29.500          1       2356    1486.91 2.0735e+02  51343.349     98.124 1621678705      -0.21      0.521   39.48467  -73.05554 0.0000e+00
     29.756     9.9227    32.8179  1025.3973     2.5025     6.4990    100.057    0.00472    6.49540    6.49944      8.069     0.2266   11.72091   3.590824 1.2691e+00    25.2617    25.2612 2.5803e+00     30.000          1       2401    1487.39 2.0363e+02  51386.272     99.996 1621678707       0.07      0.169   39.48468  -73.05552 0.0000e+00
     30.265    10.0969    32.9182  1025.4488     2.4896     6.3875     98.429   -0.00646    6.48952    6.49348      8.068     0.2535   11.71126   3.616856 1.1986e+00    25.3111    25.3105 2.4097e+00     30.500          1       2417    1488.15 2.0104e+02  51495.107    100.650 1621678708       0.40      0.410   39.48468  -73.05552 0.0000e+00
     30.769    10.0467    32.9728  1025.5020     2.4812     6.3298     97.446   -0.01309    6.49578    6.49983      8.064     0.2386   11.72149   3.612469 1.1277e+00    25.3620    25.3614 2.2701e+00     31.000          1       2433    1488.04 2.0130e+02  51581.508    101.324 1621678708       0.27      0.655   39.48468  -73.05552 0.0000e+00
     31.259     9.4556    32.9698  1025.5994     2.4695     6.3350     97.177   -0.01011    6.51908    6.52353      8.062     0.2548   11.75914   3.559364 1.0660e+00    25.4567    25.4561 2.1693e+00     31.500          1       2465    1485.90 2.0356e+02  51693.643    102.679 1621678710      -0.25      0.487   39.48468  -73.05552 0.0000e+00
     31.743     9.3143    32.9696  1025.6244     2.4569     6.3510     96.871   -0.00718    6.55616    6.56121      8.058     0.3109   11.81973   3.547836 1.0002e+00    25.4794    25.4788 2.0959e+00     32.000          1       2501    1485.39 2.0953e+02  51722.112    104.177 1621678711       0.20      0.233   39.48468  -73.05550 0.0000e+00
