CalculateIndicators/WaterTemperature/Data/CTD_NYOS/20210321_C07.cnv
* Sea-Bird SBE 9 Data File:
* FileName = C:\Seabird 9 CTD\Data\2021\202103_offshore\20210321_C07.hex
* Software Version Seasave V 7.23.2
* Temperature SN = 4590
* Conductivity SN = 3228
* Number of Bytes Per Scan = 44
* Number of Voltage Words = 5
* Number of Scans Averaged by the Deck Unit = 1
* NMEA Latitude = 38 55.65 N
* NMEA Longitude = 073 13.03 W
* NMEA UTC (Time) = Mar 21 2021  22:26:36
* NMEA baud rate = 4800
** Ship: RV Seawolf
** Station: 7.5
** Operator: EIH
# nquan = 31
# nvalues = 143                         
# units = specified
# name 0 = depSM: Depth [salt water, m]
# name 1 = t090C: Temperature [ITS-90, deg C]
# name 2 = sal00: Salinity, Practical [PSU]
# name 3 = density00: Density [density, kg/m^3]
# name 4 = sbeox0V: Oxygen raw, SBE 43 [V]
# name 5 = sbeox0ML/L: Oxygen, SBE 43 [ml/l]
# name 6 = sbeox0PS: Oxygen, SBE 43 [% saturation]
# name 7 = sbox0dV/dT: Oxygen, SBE 43 [dov/dt]
# name 8 = oxsolML/L: Oxygen Saturation, Garcia & Gordon [ml/l]
# name 9 = oxsatML/L: Oxygen Saturation, Weiss [ml/l]
# name 10 = ph: pH
# name 11 = flECO-AFL: Fluorescence, WET Labs ECO-AFL/FL [mg/m^3]
# name 12 = n2satML/L: Nitrogen Saturation [ml/l]
# name 13 = c0S/m: Conductivity [S/m]
# name 14 = cpar: CPAR/Corrected Irradiance [%]
# name 15 = sigma-é00: Density [sigma-theta, kg/m^3]
# name 16 = sigma-t00: Density [sigma-t, kg/m^3 ]
# name 17 = par: PAR/Irradiance, Biospherical/Licor
# name 18 = prDM: Pressure, Digiquartz [db]
# name 19 = pumps: Pump Status
# name 20 = scan: Scan Count
# name 21 = svCM: Sound Velocity [Chen-Millero, m/s]
# name 22 = spar: SPAR, Biospherical/Licor
# name 23 = specc: Specific Conductance [uS/cm]
# name 24 = timeS: Time, Elapsed [seconds]
# name 25 = timeY: Time, System [seconds]
# name 26 = accM: Acceleration [m/s^2]
# name 27 = dz/dtM: Descent Rate [m/s]
# name 28 = latitude: Latitude [deg]
# name 29 = longitude: Longitude [deg]
# name 30 = flag: flag
# span 0 =      0.935,     71.449       
# span 1 =     9.9650,    10.5223       
# span 2 =    34.3733,    34.4358       
# span 3 =  1026.3911,  1026.8154       
# span 4 =     2.4173,     2.6606       
# span 5 =     6.0473,     6.7649       
# span 6 =     95.686,    107.167       
# span 7 =   -0.01288,    0.01262       
# span 8 =    6.26655,    6.34514       
# span 9 =    6.26872,    6.34841       
# span 10 =      8.565,      8.615      
# span 11 =     0.4501,     1.5018      
# span 12 =   11.32571,   11.45579      
# span 13 =   3.745547,   3.798416      
# span 14 = -1.431e-05, 2.6699e+01      
# span 15 =    26.3865,    26.4911      
# span 16 =    26.3864,    26.4897      
# span 17 = -9.035e-05, 1.8886e+02      
# span 18 =      1.000,     72.000      
# span 19 =          1,          1      
# span 20 =        484,      20913      
# span 21 =    1489.19,    1491.02      
# span 22 = 1.6738e+02, 7.3497e+02      
# span 23 =  53460.607,  53643.392      
# span 24 =     20.121,    871.320      
# span 25 = 1616365617, 1616366469      
# span 26 =      -0.62,       0.97      
# span 27 =     -0.981,      1.222      
# span 28 =   38.92689,   38.92756      
# span 29 =  -73.21945,  -73.21736      
# span 30 = 0.0000e+00, 0.0000e+00      
# interval = decibars: 1                
# start_time = Mar 21 2021 22:26:38 [System UTC, first data scan.]
# bad_flag = -9.990e-29
*END*
[from data line 94]
     48.621    10.0453    34.4050  1026.7014     2.4365     6.1204     96.483    0.00063    6.33523    6.33837      8.575     0.8027   11.43917   3.757149 2.7921e-13    26.4806    26.4796 1.0000e-12     49.000          1       9800    1490.07 3.5890e+02  53601.780    408.308 1616366006      -0.03     -0.378   38.92725  -73.21825 0.0000e+00
     47.634    10.0264    34.3993  1026.6957     2.4414     6.1417     96.845    0.00209    6.33712    6.34028      8.575     0.7489   11.44233   3.754736 2.6475e-13    26.4794    26.4784 1.0000e-12     48.000          1       9879    1489.98 3.7770e+02  53597.011    411.583 1616366009      -0.33     -0.415   38.92724  -73.21826 0.0000e+00
     46.635    10.0205    34.3971  1026.6903     2.4439     6.1437     96.892    0.00122    6.33768    6.34086      8.575     0.6772   11.44329   3.753955 2.8473e-13    26.4785    26.4776 1.0000e-12     47.000          1       9949    1489.94 3.5501e+02  53594.331    414.506 1616366012      -0.04     -0.487   38.92724  -73.21827 0.0000e+00
     45.648    10.0107    34.3944  1026.6855     2.4467     6.1605     97.001    0.00114    6.34294    6.34618      8.577     0.5381   11.45205   3.752735 2.8573e-13    26.4781    26.4772 1.0000e-12     46.000          1      10054    1489.89 3.5060e+02  53591.954    418.883 1616366016      -0.11     -0.473   38.92724  -73.21828 0.0000e+00
     44.650     9.9915    34.3904  1026.6810     2.4505     6.1754     97.258    0.00191    6.34306    6.34630      8.579     0.6269   11.45227   3.750402 2.8199e-13    26.4782    26.4773 1.0000e-12     45.000          1      10101    1489.80 3.5516e+02  53589.477    420.837 1616366018       0.01     -0.529   38.92724  -73.21828 0.0000e+00
     43.662     9.9724    34.3848  1026.6755     2.4581     6.1841     97.515    0.00072    6.34403    6.34728 -9.990e-29     0.6298   11.45389   3.748163 2.9260e-13    26.4771    26.4762 1.0000e-12     44.000          1      10244    1489.71 3.4254e+02  53584.878    426.783 1616366024      -0.24     -0.428   38.92722  -73.21830 0.0000e+00
     42.665     9.9698    34.3841  1026.6708     2.4585     6.1890     97.468    0.00008    6.34379    6.34704 -9.990e-29     0.5367   11.45350   3.747833 2.8387e-13    26.4770    26.4762 1.0000e-12     43.000          1      10332    1489.68 3.5241e+02  53583.822    430.442 1616366028      -0.15     -0.387   38.92722  -73.21831 0.0000e+00
     41.676     9.9714    34.3836  1026.6656     2.4610     6.1942     97.656    0.00089    6.34404    6.34729      8.580     0.6212   11.45392   3.747935 2.9511e-13    26.4763    26.4755 1.0000e-12     42.000          1      10457    1489.67 3.3899e+02  53582.135    435.670 1616366033      -0.04     -0.362   38.92722  -73.21833 0.0000e+00
     40.682     9.9710    34.3838  1026.6613     2.4608     6.1910     97.570    0.00018    6.34406    6.34731 -9.990e-29     0.5517   11.45395   3.747865 2.9103e-04    26.4765    26.4757 9.5697e-04     41.000          1      10566    1489.65 3.2930e+02  53581.905    440.204 1616366038       0.07     -0.557   38.92722  -73.21834 0.0000e+00
     39.683     9.9690    34.3837  1026.6570     2.4611     6.1870     97.599    0.00039    6.34414    6.34739 -9.990e-29     0.5747   11.45407   3.747635 4.4059e-03    26.4767    26.4760 1.3912e-02     40.000          1      11253    1489.63 3.2152e+02  53581.460    468.850 1616366066       0.04     -0.565   38.92719  -73.21841 0.0000e+00
     38.698     9.9691    34.3839  1026.6527     2.4615     6.1942     97.609    0.00060    6.34442    6.34768 -9.990e-29     0.6053   11.45455   3.747599 1.1085e-02    26.4769    26.4761 3.3202e-02     39.000          1      12239    1489.61 3.0072e+02  53581.094    509.899 1616366107       0.04     -0.509   38.92715  -73.21851 0.0000e+00
     37.709     9.9666    34.3833  1026.6481     2.4617     6.1879     97.562    0.00003    6.34433    6.34759 -9.990e-29     0.5257   11.45440   3.747269 1.8305e-02    26.4768    26.4760 5.2152e-02     38.000          1      12398    1489.58 2.8568e+02  53580.053    516.543 1616366114       0.06     -0.242   38.92714  -73.21853 0.0000e+00
     36.723     9.9681    34.3833  1026.6434     2.4616     6.1933     97.527    0.00004    6.34437    6.34763 -9.990e-29     0.5027   11.45446   3.747363 2.9752e-02    26.4765    26.4758 8.8438e-02     37.000          1      12514    1489.57 2.9790e+02  53579.163    521.376 1616366119      -0.14     -0.200   38.92714  -73.21854 0.0000e+00
     35.721     9.9661    34.3831  1026.6390     2.4628     6.1911     97.647    0.00074    6.34415    6.34741 -9.990e-29     0.5090   11.45411   3.747119 3.9951e-02    26.4767    26.4760 1.1834e-01     36.000          1      12542    1489.55 2.9621e+02  53578.645    522.529 1616366120      -0.34     -0.640   38.92714  -73.21854 0.0000e+00
     34.730     9.9678    34.3834  1026.6344     2.4630     6.1907     97.597    0.00013    6.34412    6.34738      8.579     0.6585   11.45406   3.747273 4.9298e-02    26.4766    26.4759 1.4049e-01     35.000          1      12601    1489.54 2.8550e+02  53578.108    525.007 1616366123       0.10     -0.414   38.92714  -73.21855 0.0000e+00
     33.743     9.9683    34.3835  1026.6299     2.4629     6.1909     97.558   -0.00008    6.34414    6.34739      8.579     0.6560   11.45408   3.747282 6.4692e-02    26.4766    26.4759 1.8520e-01     34.000          1      12722    1489.53 2.8580e+02  53577.466    530.037 1616366128      -0.04     -0.162   38.92714  -73.21857 0.0000e+00
     32.748     9.9686    34.3835  1026.6253     2.4635     6.1941     97.585    0.00011    6.34397    6.34723      8.579     0.6052   11.45381   3.747268 8.1038e-02    26.4765    26.4759 2.3132e-01     33.000          1      12807    1489.51 2.8544e+02  53576.832    533.563 1616366131      -0.37     -0.420   38.92714  -73.21857 0.0000e+00
     31.755     9.9688    34.3835  1026.6207     2.4650     6.1959     97.701    0.00075    6.34337    6.34661      8.579     0.5574   11.45280   3.747239 9.3821e-02    26.4764    26.4758 2.7017e-01     32.000          1      12856    1489.49 2.8795e+02  53576.056    535.614 1616366133       0.13     -0.482   38.92714  -73.21857 0.0000e+00
     30.759     9.9734    34.3841  1026.6158     2.4646     6.1908     97.577   -0.00042    6.34308    6.34633      8.579     0.5565   11.45233   3.747707 1.1088e-01    26.4761    26.4755 3.1467e-01     31.000          1      12931    1489.50 2.8441e+02  53575.323    538.744 1616366136      -0.21     -0.416   38.92714  -73.21858 0.0000e+00
     29.772     9.9749    34.3843  1026.6113     2.4666     6.1972     97.760    0.00103    6.34155    6.34477      8.579     0.5931   11.44976   3.747799 1.4259e-01    26.4760    26.4755 4.0051e-01     30.000          1      13047    1489.48 2.8082e+02  53574.766    543.575 1616366141      -0.34     -0.644   38.92714  -73.21860 0.0000e+00
     28.778     9.9745    34.3844  1026.6069     2.4666     6.1945     97.729    0.00055    6.34099    6.34421      8.579     0.6193   11.44884   3.747756 1.6578e-01    26.4762    26.4756 4.6814e-01     29.000          1      13074    1489.47 2.8239e+02  53574.334    544.711 1616366142      -0.09     -0.863   38.92713  -73.21860 0.0000e+00
     27.776     9.9817    34.3856  1026.6020     2.4666     6.1931     97.681    0.00004    6.34194    6.34517      8.578     0.6084   11.45042   3.748557 2.0226e-01    26.4758    26.4753 5.3791e-01     28.000          1      13121    1489.48 2.6713e+02  53573.882    546.652 1616366144       0.02     -0.806   38.92712  -73.21860 0.0000e+00
     26.788     9.9880    34.3868  1026.5974     2.4670     6.1905     97.685    0.00019    6.34011    6.34332      8.577     0.6651   11.44738   3.749197 2.4159e-01    26.4757    26.4751 6.4718e-01     27.000          1      13240    1489.49 2.6779e+02  53573.628    551.614 1616366149      -0.39     -0.868   38.92712  -73.21862 0.0000e+00
     25.794     9.9960    34.3883  1026.5926     2.4661     6.1854     97.609   -0.00012    6.33960    6.34280      8.576     0.6874   11.44651   3.750037 2.9529e-01    26.4754    26.4749 7.6501e-01     26.000          1      13303    1489.50 2.6134e+02  53573.513    554.242 1616366152       0.04     -0.654   38.92712  -73.21863 0.0000e+00
     24.816    10.0019    34.3894  1026.5880     2.4663     6.1888     97.656    0.00062    6.33859    6.34177      8.576     0.7895   11.44483   3.750615 3.6568e-01    26.4753    26.4748 8.9131e-01     25.000          1      13430    1489.51 2.4343e+02  53573.255    559.557 1616366157      -0.09     -0.291   38.92712  -73.21864 0.0000e+00
     23.810    10.0028    34.3899  1026.5837     2.4664     6.1880     97.616    0.00007    6.33874    6.34193 -9.990e-29     0.8542   11.44509   3.750721 3.9792e-01    26.4755    26.4751 1.0274e+00     24.000          1      13476    1489.49 2.5947e+02  53573.141    561.458 1616366159      -0.16     -0.558   38.92712  -73.21865 0.0000e+00
     22.824    10.0058    34.3906  1026.5792     2.4661     6.1879     97.582    0.00012    6.33863    6.34181 -9.990e-29     0.7567   11.44489   3.751006 5.2296e-01    26.4755    26.4750 1.2532e+00     23.000          1      13596    1489.49 2.3967e+02  53572.829    566.441 1616366164      -0.20     -0.549   38.92712  -73.21866 0.0000e+00
     21.829    10.0068    34.3910  1026.5748     2.4669     6.1899     97.646    0.00037    6.33920    6.34240      8.576     0.6835   11.44585   3.751072 5.7979e-01    26.4756    26.4752 1.4056e+00     22.000          1      13659    1489.47 2.4250e+02  53572.549    569.064 1616366167       0.07     -0.476   38.92712  -73.21867 0.0000e+00
     20.839     9.9987    34.3896  1026.5706     2.4678     6.2089     97.685    0.00043    6.34510    6.34837      8.579     0.6686   11.45571   3.750039 6.8539e-01    26.4759    26.4755 1.6699e+00     21.000          1      13803    1489.43 2.4383e+02  53571.601    575.101 1616366173      -0.11     -0.493   38.92710  -73.21868 0.0000e+00
     19.841     9.9691    34.3830  1026.5659     2.4732     6.2170     97.974    0.00050    6.34327    6.34651      8.577     0.7486   11.45265   3.746592 8.0570e-01    26.4758    26.4754 1.8387e+00     20.000          1      14512    1489.30 2.2883e+02  53567.707    604.607 1616366202       0.12     -0.422   38.92707  -73.21875 0.0000e+00
     18.851     9.9669    34.3822  1026.5612     2.4760     6.2551     98.142    0.00137    6.34443    6.34769 -9.990e-29     0.8947   11.45460   3.746243 9.4602e-01    26.4755    26.4751 1.9957e+00     19.000          1      15259    1489.27 2.1104e+02  53566.305    635.739 1616366233      -0.23     -0.784   38.92706  -73.21884 0.0000e+00
     17.852     9.9650    34.3799  1026.5552     2.4863     6.2878     98.818    0.00348    6.34514    6.34841      8.585     0.8071   11.45579   3.745882 1.1309e+00    26.4740    26.4737 2.2951e+00     18.000          1      15357    1489.25 2.0333e+02  53562.880    639.849 1616366237      -0.11     -0.777   38.92705  -73.21886 0.0000e+00
     16.867     9.9666    34.3796  1026.5501     2.4943     6.2995     99.164    0.00315    6.34508    6.34834      8.585     0.6492   11.45570   3.745972 1.2701e+00    26.4735    26.4731 2.6070e+00     17.000          1      15447    1489.24 2.0527e+02  53561.461    643.568 1616366241       0.16     -0.739   38.92706  -73.21887 0.0000e+00
     15.875     9.9653    34.3785  1026.5450     2.5025     6.3286     99.538    0.00289    6.34453    6.34778      8.586     0.6211   11.45479   3.745680 1.3885e+00    26.4728    26.4725 2.8290e+00     16.000          1      15532    1489.21 2.0385e+02  53559.543    647.120 1616366245      -0.07     -0.438   38.92706  -73.21888 0.0000e+00
     14.886     9.9653    34.3771  1026.5394     2.5134     6.3874    100.103    0.00345    6.34343    6.34667      8.594     0.6459   11.45300   3.745547 1.6397e+00    26.4717    26.4714 3.3027e+00     15.000          1      15665    1489.19 2.0142e+02  53557.011    652.662 1616366250      -0.24     -0.611   38.92704  -73.21890 0.0000e+00
     13.885     9.9707    34.3767  1026.5336     2.5289     6.4581    101.154    0.00679    6.34405    6.34730      8.596     0.6749   11.45403   3.745989 1.8493e+00    26.4705    26.4702 3.7129e+00     14.000          1      15743    1489.20 2.0080e+02  53554.643    655.924 1616366253       0.02     -0.719   38.92704  -73.21891 0.0000e+00
     12.889     9.9766    34.3753  1026.5269     2.5515     6.5401    102.522    0.01001    6.34328    6.34652      8.602     0.8186   11.45277   3.746333 2.1146e+00    26.4683    26.4681 4.1314e+00     13.000          1      15875    1489.20 1.9566e+02  53550.838    661.411 1616366259      -0.01     -0.807   38.92704  -73.21892 0.0000e+00
     11.903     9.9783    34.3748  1026.5217     2.5769     6.5714    103.322    0.00499    6.34274    6.34597      8.606     0.7554   11.45187   3.746395 2.3346e+00    26.4676    26.4674 4.4546e+00     12.000          1      16026    1489.19 1.9094e+02  53549.153    667.719 1616366265       0.08     -0.540   38.92704  -73.21894 0.0000e+00
     10.917     9.9825    34.3752  1026.5168     2.5950     6.6045    103.945    0.00202    6.34066    6.34386      8.609     0.7275   11.44843   3.746774 2.6496e+00    26.4672    26.4670 4.8991e+00     11.000          1      16185    1489.19 1.8501e+02  53548.230    674.346 1616366272      -0.13     -0.116   38.92704  -73.21896 0.0000e+00
      9.920    10.0037    34.3748  1026.5084     2.6216     6.7085    105.636    0.00666    6.33877    6.34194      8.613     0.6831   11.44530   3.748802 2.8721e+00    26.4633    26.4631 5.3967e+00     10.000          1      16664    1489.25 1.8794e+02  53542.942    694.273 1616366292      -0.00     -0.298   38.92702  -73.21901 0.0000e+00
      8.929    10.0623    34.3733  1026.4927     2.6442     6.7649    107.133    0.01262    6.29499    6.29755      8.615     0.8087   11.37287   3.754640 3.1162e+00    26.4522    26.4520 5.6463e+00      9.000          1      17786    1489.44 1.8116e+02  53528.689    741.030 1616366339      -0.13     -0.707   38.92698  -73.21910 0.0000e+00
      7.933    10.2879    34.3795  1026.4541     2.6560     6.7140    107.167    0.00635    6.28592    6.28835      8.614     0.7865   11.35786   3.776943 3.4760e+00    26.4182    26.4180 6.2062e+00      8.000          1      17878    1490.24 1.7883e+02  53492.642    744.888 1616366342      -0.08     -0.536   38.92698  -73.21913 0.0000e+00
      6.949    10.4015    34.3816  1026.4316     2.6606     6.6877    106.866    0.00067    6.27053    6.27275 -9.990e-29     0.7744   11.33235   3.787119 3.8251e+00    26.4001    26.3999 6.8543e+00      7.000          1      17972    1490.63 1.7908e+02  53473.329    748.779 1616366346       0.01     -0.535   38.92696  -73.21914 0.0000e+00
      5.951    10.4737    34.3835  1026.4159     2.6562     6.6702    106.463   -0.00158    6.27111    6.27334      8.610     0.8327   11.33330   3.794044 4.4402e+00    26.3889    26.3888 8.0570e+00      6.000          1      18018    1490.87 1.8140e+02  53461.610    750.726 1616366348       0.01     -0.479   38.92696  -73.21914 0.0000e+00
      4.968    10.5062    34.3886  1026.4098     2.6527     6.6744    106.430    0.00034    6.27087    6.27310      8.610     0.7549   11.33288   3.797021 5.8979e+00    26.3873    26.3872 9.8772e+00      5.000          1      18139    1490.98 1.6738e+02  53462.106    755.746 1616366353      -0.30     -0.048   38.92696  -73.21914 0.0000e+00
      3.964    10.5025    34.3888  1026.4060     2.6538     6.6779    106.455    0.00019    6.27049    6.27271 -9.990e-29     0.8404   11.33225   3.796638 6.7584e+00    26.3880    26.3879 1.1934e+01      4.000          1      18178    1490.95 1.7653e+02  53462.387    757.395 1616366355      -0.15     -0.638   38.92696  -73.21915 0.0000e+00
