CalculateIndicators/WaterTemperature/Data/CTD_NYOS/20210521_C03.cnv
* Sea-Bird SBE 9 Data File:
* FileName = C:\Seabird 9 CTD\Data\2021\202105_offshore\20210521_C03.hex
* Software Version Seasave V 7.23.2
* Temperature SN = 4590
* Conductivity SN = 3228
* Number of Bytes Per Scan = 44
* Number of Voltage Words = 5
* Number of Scans Averaged by the Deck Unit = 1
* NMEA Latitude = 39 42.77 N
* NMEA Longitude = 073 29.90 W
* NMEA UTC (Time) = May 21 2021  11:08:30
* NMEA baud rate = 4800
** Ship: seawolf
** Station: 7.3
** Operator: eih
# nquan = 31
# nvalues = 150                         
# units = specified
# name 0 = depSM: Depth [salt water, m]
# name 1 = t090C: Temperature [ITS-90, deg C]
# name 2 = sal00: Salinity, Practical [PSU]
# name 3 = density00: Density [density, kg/m^3]
# name 4 = sbeox0V: Oxygen raw, SBE 43 [V]
# name 5 = sbeox0ML/L: Oxygen, SBE 43 [ml/l]
# name 6 = sbeox0PS: Oxygen, SBE 43 [% saturation]
# name 7 = sbox0dV/dT: Oxygen, SBE 43 [dov/dt]
# name 8 = oxsolML/L: Oxygen Saturation, Garcia & Gordon [ml/l]
# name 9 = oxsatML/L: Oxygen Saturation, Weiss [ml/l]
# name 10 = ph: pH
# name 11 = flECO-AFL: Fluorescence, WET Labs ECO-AFL/FL [mg/m^3]
# name 12 = n2satML/L: Nitrogen Saturation [ml/l]
# name 13 = c0S/m: Conductivity [S/m]
# name 14 = cpar: CPAR/Corrected Irradiance [%]
# name 15 = sigma-é00: Density [sigma-theta, kg/m^3]
# name 16 = sigma-t00: Density [sigma-t, kg/m^3 ]
# name 17 = par: PAR/Irradiance, Biospherical/Licor
# name 18 = prDM: Pressure, Digiquartz [db]
# name 19 = pumps: Pump Status
# name 20 = scan: Scan Count
# name 21 = svCM: Sound Velocity [Chen-Millero, m/s]
# name 22 = spar: SPAR, Biospherical/Licor
# name 23 = specc: Specific Conductance [uS/cm]
# name 24 = timeS: Time, Elapsed [seconds]
# name 25 = timeY: Time, System [seconds]
# name 26 = accM: Acceleration [m/s^2]
# name 27 = dz/dtM: Descent Rate [m/s]
# name 28 = latitude: Latitude [deg]
# name 29 = longitude: Longitude [deg]
# name 30 = flag: flag
# span 0 =      1.487,     38.719       
# span 1 =     8.8937,    14.2735       
# span 2 =    32.2436,    32.9879       
# span 3 =  1024.0485,  1025.7368       
# span 4 =     2.2961,     2.5983       
# span 5 =     5.8695,     6.4403       
# span 6 =     89.574,    103.597       
# span 7 =   -0.04224,    0.01967       
# span 8 =    5.87330,    6.55390       
# span 9 =    5.86900,    6.55879       
# span 10 =      7.952,      8.042      
# span 11 =     0.0659,     0.8647      
# span 12 =   10.69808,   11.81745      
# span 13 =   3.514314,   3.927144      
# span 14 = 9.5264e-02, 5.9269e+01      
# span 15 =    24.0329,    25.5595      
# span 16 =    24.0328,    25.5589      
# span 17 = 1.3730e+00, 4.5603e+02      
# span 18 =      1.500,     39.000      
# span 19 =          1,          1      
# span 20 =        262,      12531      
# span 21 =    1483.97,    1501.26      
# span 22 = 5.7837e+02, 1.4841e+03      
# span 23 =  49969.965,  51839.981      
# span 24 =     10.888,    522.091      
# span 25 = 1621595322, 1621595833      
# span 26 =      -0.91,       0.67      
# span 27 =     -0.909,      0.823      
# span 28 =   39.71284,   39.71306      
# span 29 =  -73.49854,  -73.49814      
# span 30 = 0.0000e+00, 0.0000e+00      
# interval = decibars: 0.5              
# start_time = May 21 2021 11:08:31 [System UTC, first data scan.]
# bad_flag = -9.990e-29
*END*
[from data line 94]
     28.775     8.9939    32.9332  1025.6331     2.3320     5.9713     91.290    0.00038    6.54109    6.54574      7.959     0.7881   11.79696   3.517648 5.9533e-01    25.5014    25.5009 6.9029e+00     29.000          1       6237    1484.11 1.1594e+03  51735.661    259.815 1621595571       0.11     -0.358   39.71292  -73.49852 0.0000e+00
     28.282     9.0003    32.9306  1025.6278     2.3333     5.9755     91.362    0.00054    6.54046    6.54509      7.960     0.7738   11.79594   3.517953 6.4910e-01    25.4984    25.4979 7.6308e+00     28.500          1       6296    1484.13 1.1760e+03  51730.269    262.272 1621595573      -0.00     -0.177   39.71292  -73.49852 0.0000e+00
     27.782     9.0063    32.9282  1025.6227     2.3348     5.9788     91.445    0.00077    6.53816    6.54276      7.961     0.7539   11.79216   3.518251 6.5728e-01    25.4955    25.4951 8.2764e+00     28.000          1       6356    1484.14 1.2600e+03  51725.268    264.779 1621595576      -0.18     -0.231   39.71292  -73.49852 0.0000e+00
     27.288     9.0155    32.9264  1025.6175     2.3387     5.9905     91.734    0.00207    6.53028    6.53476      7.961     0.6928   11.77924   3.518966 6.6747e-01    25.4926    25.4922 8.8683e+00     27.500          1       6427    1484.16 1.3285e+03  51720.428    267.739 1621595579      -0.55     -0.359   39.71294  -73.49852 0.0000e+00
     26.784     9.0418    32.9222  1025.6078     2.3416     6.0013     91.920    0.00261    6.52890    6.53335      7.961     0.7165   11.77698   3.520998 7.0716e-01    25.4853    25.4848 9.6237e+00     27.000          1       6454    1484.25 1.3603e+03  51708.690    268.884 1621595580      -0.14     -0.508   39.71294  -73.49852 0.0000e+00
     26.294     9.1016    32.9128  1025.5888     2.3513     6.0189     92.381    0.00271    6.51530    6.51956      7.963     0.6923   11.75467   3.525452 7.6873e-01    25.4685    25.4681 1.0842e+01     26.500          1       6555    1484.45 1.4103e+03  51682.434    273.070 1621595584      -0.27     -0.067   39.71294  -73.49852 0.0000e+00
     25.801     9.2529    32.8918  1025.5461     2.3735     6.0927     93.934    0.00852    6.48615    6.48997      7.968     0.6924   11.70666   3.537348 8.1068e-01    25.4282    25.4277 1.1427e+01     26.000          1       6647    1484.97 1.4096e+03  51621.114    276.921 1621595588      -0.06     -0.157   39.71294  -73.49852 0.0000e+00
     25.303     9.6532    32.8428  1025.4404     2.4235     6.1994     96.817    0.01541    6.40525    6.40796      7.976     0.6002   11.57300   3.570516 8.7608e-01    25.3249    25.3245 1.2255e+01     25.500          1       6745    1486.36 1.3989e+03  51471.786    281.012 1621595592      -0.18     -0.195   39.71294  -73.49852 0.0000e+00
     24.805    10.5041    32.8027  1025.2642     2.4906     6.3110    100.265    0.01967    6.29449    6.29566      7.987     0.4496   11.39033   3.645247 9.5929e-01    25.1515    25.1510 1.3122e+01     25.000          1       6854    1489.38 1.3681e+03  51255.655    285.555 1621595597      -0.30     -0.305   39.71294  -73.49852 0.0000e+00
     24.305    10.8958    32.7947  1025.1877     2.5226     6.3367    100.771    0.00675    6.28819    6.28927      8.000     0.3681   11.37992   3.675561 1.7298e+00    25.0774    25.0769 1.5268e+01     24.500          1       7675    1490.75 1.0300e+03  51175.156    319.761 1621595631       0.07     -0.378   39.71298  -73.49845 0.0000e+00
     23.819    10.9983    32.7961  1025.1685     2.5370     6.3353    100.992    0.00143    6.27311    6.27396      8.011     0.3418   11.35549   3.683834 9.7325e-01    25.0605    25.0600 1.4403e+01     24.000          1       9178    1491.10 1.4412e+03  51159.194    382.359 1621595694      -0.11     -0.173   39.71304  -73.49835 0.0000e+00
     23.317    11.0176    32.7821  1025.1518     2.5363     6.3486    100.895    0.00042    6.29228    6.29333      8.011     0.3198   11.38787   3.683910 1.0467e+00    25.0462    25.0457 1.4776e+01     23.500          1       9122    1491.15 1.4117e+03  51135.808    380.039 1621595691      -0.01     -0.338   39.71304  -73.49836 0.0000e+00
     22.827    10.9321    32.7495  1025.1394     2.5309     6.3475    100.382   -0.00298    6.32324    6.32463      8.012     0.2805   11.44019   3.671807 1.0981e+00    25.0359    25.0354 1.5295e+01     23.000          1       9173    1490.80 1.3930e+03  51104.386    382.152 1621595693       0.02     -0.208   39.71304  -73.49834 0.0000e+00
     22.328    10.8064    32.6915  1025.1141     2.5295     6.3403    100.351   -0.00242    6.31818    6.31951      8.011     0.2780   11.43171   3.654203 1.1870e+00    25.0127    25.0123 1.6427e+01     22.500          1       9202    1490.28 1.3838e+03  51043.776    383.361 1621595695      -0.18     -0.345   39.71304  -73.49834 0.0000e+00
     21.826    10.6810    32.6401  1025.0936     2.5318     6.3660    100.740    0.00095    6.31928    6.32061      8.011     0.2910   11.43365   3.637988 1.2206e+00    24.9945    24.9941 1.7312e+01     22.000          1       9235    1489.76 1.4184e+03  50993.394    384.763 1621595696      -0.04     -0.418   39.71304  -73.49834 0.0000e+00
     21.340    10.6876    32.6129  1025.0691     2.5331     6.3769    100.696   -0.00030    6.33274    6.33417      8.012     0.2372   11.45704   3.636065 1.1666e+00    24.9722    24.9717 1.6693e+01     21.500          1       9327    1489.74 1.4309e+03  50953.581    388.589 1621595700      -0.34     -0.187   39.71304  -73.49834 0.0000e+00
     20.840    10.6332    32.5990  1025.0655     2.5340     6.3801    100.783    0.00029    6.33058    6.33198      8.012     0.2647   11.45346   3.630344 1.2197e+00    24.9708    24.9704 1.7478e+01     21.000          1       9344    1489.52 1.4330e+03  50943.761    389.311 1621595701      -0.24     -0.462   39.71304  -73.49834 0.0000e+00
     20.337    10.6050    32.5646  1025.0412     2.5362     6.3917    100.995    0.00162    6.32867    6.33002      8.012     0.2597   11.45042   3.623742 1.2888e+00    24.9488    24.9484 1.8453e+01     20.500          1       9365    1489.37 1.4319e+03  50899.190    390.147 1621595701      -0.07     -0.590   39.71304  -73.49834 0.0000e+00
     19.844    10.6078    32.5294  1025.0110     2.5410     6.4156    101.354    0.00316    6.32991    6.33127      8.012     0.2184   11.45267   3.621102 1.3577e+00    24.9209    24.9205 1.9356e+01     20.000          1       9398    1489.33 1.4257e+03  50849.121    391.558 1621595703       0.18     -0.425   39.71304  -73.49834 0.0000e+00
     19.350    10.6307    32.5039  1024.9850     2.5467     6.4213    101.576    0.00270    6.32164    6.32288      8.013     0.2480   11.43919   3.620657 1.4340e+00    24.8971    24.8967 2.0554e+01     19.500          1       9450    1489.38 1.4334e+03  50809.161    393.721 1621595705       0.04     -0.240   39.71304  -73.49834 0.0000e+00
     18.859    10.6489    32.4817  1024.9623     2.5538     6.4295    101.970    0.00367    6.30532    6.30635      8.016     0.2553   11.41223   3.620745 1.5225e+00    24.8766    24.8762 2.1440e+01     19.000          1       9502    1489.41 1.4081e+03  50774.675    395.866 1621595707      -0.14     -0.181   39.71304  -73.49834 0.0000e+00
     18.360    10.7754    32.4734  1024.9317     2.5604     6.4375    102.192    0.00274    6.29943    6.30038      8.014     0.1919   11.40247   3.631688 1.6746e+00    24.8483    24.8479 2.1760e+01     18.500          1       9565    1489.84 1.2991e+03  50740.740    398.480 1621595710      -0.16     -0.111   39.71304  -73.49834 0.0000e+00
     17.868    10.8517    32.4720  1024.9150     2.5617     6.4353    102.144    0.00139    6.30023    6.30119      8.015     0.1955   11.40381   3.637955 1.7836e+00    24.8339    24.8335 2.2831e+01     18.000          1       9585    1490.10 1.2799e+03  50725.369    399.346 1621595711      -0.35     -0.367   39.71304  -73.49834 0.0000e+00
     17.361    10.8560    32.4699  1024.9103     2.5622     6.4375    102.173    0.00139    6.30063    6.30159      8.015     0.2200   11.40446   3.637933 1.8767e+00    24.8314    24.8311 2.4311e+01     17.500          1       9600    1490.10 1.2953e+03  50721.404    399.977 1621595711      -0.33     -0.614   39.71304  -73.49834 0.0000e+00
     16.861    10.8548    32.4718  1024.9097     2.5631     6.4340    102.166    0.00092    6.29765    6.29856      8.015     0.2257   11.39965   3.637993 2.0394e+00    24.8332    24.8328 2.6629e+01     17.000          1       9629    1490.09 1.3063e+03  50724.113    401.158 1621595712       0.02     -0.584   39.71304  -73.49834 0.0000e+00
     16.378    10.9019    32.4512  1024.8832     2.5690     6.4159    102.449    0.00174    6.26257    6.26301      8.013     0.2087   11.34195   3.640113 2.3714e+00    24.8088    24.8085 2.7511e+01     16.500          1       9738    1490.22 1.1582e+03  50686.700    405.706 1621595717      -0.08     -0.020   39.71304  -73.49835 0.0000e+00
     15.883    10.9355    32.4502  1024.8742     2.5778     6.4335    103.181    0.00624    6.23511    6.23519      8.013     0.1947   11.29664   3.643537 2.4464e+00    24.8022    24.8018 2.7692e+01     16.000          1       9774    1490.33 1.1317e+03  50679.724    407.203 1621595718      -0.28     -0.277   39.71304  -73.49836 0.0000e+00
     15.381    11.0756    32.4356  1024.8359     2.5793     6.4353    103.140    0.00471    6.23933    6.23946      8.014     0.1913   11.30360   3.655462 2.5971e+00    24.7661    24.7658 3.0065e+01     15.500          1       9792    1490.80 1.1576e+03  50634.925    407.946 1621595719      -0.26     -0.503   39.71304  -73.49835 0.0000e+00
     14.882    11.2234    32.4217  1024.7965     2.5797     6.4265    102.961    0.00218    6.24169    6.24186      8.010     0.2010   11.30739   3.667329 2.6576e+00    24.7291    24.7288 3.1489e+01     15.000          1       9810    1491.30 1.1848e+03  50591.606    408.718 1621595720      -0.08     -0.637   39.71304  -73.49834 0.0000e+00
     14.386    11.3049    32.4113  1024.7716     2.5767     6.3719    102.495   -0.00144    6.21681    6.21665      8.008     0.2062   11.26639   3.673371 2.8505e+00    24.7064    24.7061 3.4711e+01     14.500          1       9833    1491.56 1.2174e+03  50563.479    409.657 1621595721       0.10     -0.603   39.71304  -73.49834 0.0000e+00
     13.888    11.5150    32.3967  1024.7197     2.5841     6.3776    102.966    0.00053    6.19398    6.19353      8.008     0.2001   11.22881   3.689910 3.0950e+00    24.6569    24.6566 3.7374e+01     14.000          1       9891    1492.27 1.2081e+03  50509.314    412.101 1621595723      -0.02     -0.415   39.71304  -73.49835 0.0000e+00
     13.398    11.9183    32.3586  1024.6143     2.5911     6.3102    103.123   -0.00008    6.11910    6.11768      8.002     0.1937   11.10514   3.723249 3.3273e+00    24.5538    24.5535 3.7300e+01     13.500          1       9979    1493.61 1.1209e+03  50393.447    415.733 1621595727      -0.29     -0.537   39.71304  -73.49836 0.0000e+00
     12.902    11.9619    32.3622  1024.6067     2.5891     6.2814    102.951   -0.00072    6.10132    6.09968      8.001     0.2067   11.07594   3.728025 3.6292e+00    24.5484    24.5481 4.1585e+01     13.000          1       9995    1493.76 1.1457e+03  50392.974    416.425 1621595728      -0.14     -0.673   39.71304  -73.49836 0.0000e+00
     12.400    12.1104    32.3379  1024.5579     2.5910     6.2873    103.043   -0.00081    6.10157    6.09993      8.001     0.1948   11.07633   3.739589 3.8101e+00    24.5019    24.5016 4.4452e+01     12.500          1      10011    1494.23 1.1666e+03  50335.368    417.082 1621595728      -0.06     -0.735   39.71304  -73.49836 0.0000e+00
     11.899    12.1814    32.3385  1024.5428     2.5905     6.2961    103.124    0.00046    6.10540    6.10381      8.002     0.1783   11.08258   3.745463 4.0654e+00    24.4891    24.4888 4.6756e+01     12.000          1      10033    1494.46 1.1508e+03  50326.735    417.988 1621595729       0.15     -0.683   39.71304  -73.49836 0.0000e+00
     11.412    12.4688    32.3167  1024.4693     2.5920     6.2592    103.360    0.00393    6.05570    6.05351      7.999     0.1923   11.00044   3.768207 4.9848e+00    24.4178    24.4175 4.8712e+01     11.500          1      10185    1495.41 9.7741e+02  50254.840    424.326 1621595736      -0.20     -0.395   39.71304  -73.49836 0.0000e+00
     10.911    12.6579    32.3159  1024.4299     2.5902     6.2341    103.141    0.00238    6.04419    6.04186      7.999     0.1714   10.98134   3.785750 5.8351e+00    24.3808    24.3805 5.4491e+01     11.000          1      10246    1496.04 9.3527e+02  50227.434    426.888 1621595738      -0.02     -0.392   39.71305  -73.49836 0.0000e+00
     10.423    13.1689    32.2779  1024.2990     2.5894     6.1367    102.799   -0.00002    5.96970    5.96649      7.997     0.1773   10.85801   3.826817 6.3714e+00    24.2521    24.2518 5.3579e+01     10.500          1      10402    1497.71 8.4095e+02  50106.443    433.373 1621595745      -0.02     -0.130   39.71306  -73.49834 0.0000e+00
      9.922    13.1926    32.3082  1024.3153     2.5930     6.1700    103.186    0.00264    5.97956    5.97646      7.997     0.1577   10.87435   3.833570 8.1389e+00    24.2707    24.2704 6.4969e+01     10.000          1      10424    1497.81 7.9855e+02  50144.736    434.304 1621595746      -0.18     -0.319   39.71306  -73.49834 0.0000e+00
      9.413    13.5485    32.2883  1024.2265     2.5835     6.1294    102.407   -0.00195    5.98530    5.98227      8.001     0.1523   10.88386   3.861779 9.8041e+00    24.1843    24.1840 7.5492e+01      9.500          1      10715    1498.96 7.7360e+02  50072.572    446.400 1621595758      -0.26     -0.536   39.71306  -73.49833 0.0000e+00
      8.927    13.4067    32.3081  1024.2681     2.5852     6.1225    102.668    0.00140    5.96350    5.96021      8.009     0.1741   10.84798   3.851078 1.5818e+01    24.2280    24.2278 9.1460e+01      9.000          1      11724    1498.51 5.8773e+02  50118.304    488.455 1621595800      -0.06     -0.362   39.71304  -73.49822 0.0000e+00
      8.436    13.5379    32.2852  1024.2219     2.5874     6.0501    102.598    0.00040    5.89691    5.89287      8.009     0.1782   10.73741   3.860527 1.7035e+01    24.1840    24.1838 1.1344e+02      8.500          1      11981    1498.91 6.7974e+02  50068.986    499.165 1621595810      -0.00     -0.310   39.71304  -73.49820 0.0000e+00
      7.941    13.6211    32.2436  1024.1708     2.5983     6.0989    103.597    0.00749    5.88716    5.88301      8.008     0.1291   10.72110   3.863458 1.4226e+01    24.1351    24.1349 1.1702e+02      8.000          1      12014    1499.13 8.2361e+02  50000.478    500.543 1621595812      -0.06     -0.342   39.71304  -73.49819 0.0000e+00
      7.445    13.8076    32.3013  1024.1751     2.5927     6.0440    102.876    0.00130    5.87503    5.87075      8.008     0.0834   10.70107   3.890820 1.9230e+01    24.1418    24.1416 1.1120e+02      7.500          1      12038    1499.80 5.7837e+02  50059.404    501.536 1621595813      -0.12     -0.440   39.71304  -73.49818 0.0000e+00
      6.945    14.1809    32.2692  1024.0716     2.5884     6.0031    102.192   -0.00556    5.87433    5.87004 -9.990e-29     0.1112   10.69986   3.918201 2.1876e+01    24.0405    24.0403 1.4160e+02      7.000          1      12059    1500.97 6.4698e+02  49969.965    502.408 1621595814      -0.08     -0.538   39.71304  -73.49818 0.0000e+00
      6.446    14.1567    32.2878  1024.0887     2.5826     5.9880    101.922   -0.00529    5.87507    5.87079 -9.990e-29     0.1003   10.70109   3.918189 2.6418e+01    24.0598    24.0597 1.5823e+02      6.500          1      12083    1500.91 6.0140e+02  49998.959    503.419 1621595815       0.06     -0.542   39.71304  -73.49818 0.0000e+00
