CalculateIndicators/WaterTemperature/Data/CTD_NYOS/20210522_C11.cnv
* Sea-Bird SBE 9 Data File:
* FileName = C:\Seabird 9 CTD\Data\2021\202105_offshore\20210522_C11.hex
* Software Version Seasave V 7.23.2
* Temperature SN = 4590
* Conductivity SN = 3228
* Number of Bytes Per Scan = 44
* Number of Voltage Words = 5
* Number of Scans Averaged by the Deck Unit = 1
* NMEA Latitude = 40 10.23 N
* NMEA Longitude = 073 19.47 W
* NMEA UTC (Time) = May 22 2021  17:09:26
* NMEA baud rate = 4800
** Ship: seawolf
** Station: 6.2
** Operator: tdk
# nquan = 31
# nvalues = 146                         
# units = specified
# name 0 = depSM: Depth [salt water, m]
# name 1 = t090C: Temperature [ITS-90, deg C]
# name 2 = sal00: Salinity, Practical [PSU]
# name 3 = density00: Density [density, kg/m^3]
# name 4 = sbeox0V: Oxygen raw, SBE 43 [V]
# name 5 = sbeox0ML/L: Oxygen, SBE 43 [ml/l]
# name 6 = sbeox0PS: Oxygen, SBE 43 [% saturation]
# name 7 = sbox0dV/dT: Oxygen, SBE 43 [dov/dt]
# name 8 = oxsolML/L: Oxygen Saturation, Garcia & Gordon [ml/l]
# name 9 = oxsatML/L: Oxygen Saturation, Weiss [ml/l]
# name 10 = ph: pH
# name 11 = flECO-AFL: Fluorescence, WET Labs ECO-AFL/FL [mg/m^3]
# name 12 = n2satML/L: Nitrogen Saturation [ml/l]
# name 13 = c0S/m: Conductivity [S/m]
# name 14 = cpar: CPAR/Corrected Irradiance [%]
# name 15 = sigma-é00: Density [sigma-theta, kg/m^3]
# name 16 = sigma-t00: Density [sigma-t, kg/m^3 ]
# name 17 = par: PAR/Irradiance, Biospherical/Licor
# name 18 = prDM: Pressure, Digiquartz [db]
# name 19 = pumps: Pump Status
# name 20 = scan: Scan Count
# name 21 = svCM: Sound Velocity [Chen-Millero, m/s]
# name 22 = spar: SPAR, Biospherical/Licor
# name 23 = specc: Specific Conductance [uS/cm]
# name 24 = timeS: Time, Elapsed [seconds]
# name 25 = timeY: Time, System [seconds]
# name 26 = accM: Acceleration [m/s^2]
# name 27 = dz/dtM: Descent Rate [m/s]
# name 28 = latitude: Latitude [deg]
# name 29 = longitude: Longitude [deg]
# name 30 = flag: flag
# span 0 =      1.437,     37.719       
# span 1 =     7.5086,    16.1303       
# span 2 =    30.5082,    33.1382       
# span 3 =  1022.3156,  1026.0485       
# span 4 =     2.1157,     2.6755       
# span 5 =     4.9882,     6.4037       
# span 6 =     80.947,    106.745       
# span 7 =   -0.02511,    0.04925       
# span 8 =    5.71226,    6.75535       
# span 9 =    5.70553,    6.76336       
# span 10 =      7.889,      8.234      
# span 11 =     0.0853,     1.0753      
# span 12 =   10.44570,   12.14865      
# span 13 =   3.404632,   3.935477      
# span 14 = 3.0399e-01, 5.5417e+01      
# span 15 =    22.3068,    25.8813      
# span 16 =    22.3067,    25.8809      
# span 17 = 5.4368e+00, 1.0321e+03      
# span 18 =      1.500,     38.000      
# span 19 =          1,          1      
# span 20 =        207,      11045      
# span 21 =    1478.81,    1505.31      
# span 22 = 1.7904e+03, 1.9468e+03      
# span 23 =  47342.593,  52370.028      
# span 24 =      8.598,    460.187      
# span 25 = 1621703375, 1621703826      
# span 26 =      -0.86,       0.51      
# span 27 =     -0.882,      0.621      
# span 28 =   40.17064,   40.17130      
# span 29 =  -73.32492,  -73.32464      
# span 30 = 0.0000e+00, 0.0000e+00      
# interval = decibars: 0.5              
# start_time = May 22 2021 17:09:26 [System UTC, first data scan.]
# bad_flag = -9.990e-29
*END*
      1.983    15.9489    30.5082  1022.3156     2.4431     5.3568     93.611   -0.02497    5.72264    5.71584      8.231     0.1560   10.46667   3.878550 4.8529e+01    22.3068    22.3067 8.8443e+02      2.000          1        207    1504.48 1.8226e+03  47342.593      8.598 1621703375       0.23     -0.058   40.17064  -73.32464 0.0000e+00
      2.479    16.1303    30.6901  1022.4174     2.3056     4.9882     86.965   -0.02465    5.73619    5.72963      8.232     0.1757   10.48710   3.915359 4.1173e+01    22.4064    22.4063 7.5216e+02      2.500          1        362    1505.27 1.8268e+03  47582.055     15.023 1621703381      -0.02      0.182   40.17064  -73.32465 0.0000e+00
      2.974    16.0857    30.8411  1022.5455     2.3497     5.2659     91.987    0.02066    5.72458    5.71795      8.233     0.2290   10.46657   3.928427 3.9048e+01    22.5323    22.5322 7.1273e+02      3.000          1        453    1505.31 1.8253e+03  47795.955     18.819 1621703385       0.31      0.225   40.17065  -73.32466 0.0000e+00
      3.476    16.0050    30.8975  1022.6090     2.3523     5.2478     91.527    0.01107    5.73358    5.72708      8.234     0.2347   10.48074   3.926995 3.3173e+01    22.5935    22.5934 6.0618e+02      3.500          1        485    1505.13 1.8274e+03  47881.078     20.187 1621703386       0.07      0.347   40.17066  -73.32466 0.0000e+00
      3.959    15.9418    30.9219  1022.6439     2.3743     5.3428     93.058    0.01793    5.74132    5.73490      8.232     0.2720   10.49355   3.924147 3.0505e+01    22.6263    22.6261 5.5634e+02      4.000          1        541    1504.97 1.8238e+03  47921.568     22.492 1621703388       0.32      0.109   40.17066  -73.32466 0.0000e+00
      4.470    15.8599    30.9810  1022.7096     2.3691     5.2986     92.318    0.01039    5.73951    5.73306      8.232     0.2630   10.49070   3.923084 2.8890e+01    22.6897    22.6895 5.2786e+02      4.500          1        557    1504.79 1.8272e+03  48010.839     23.147 1621703389       0.44      0.451   40.17066  -73.32466 0.0000e+00
      4.965    15.8304    30.9673  1022.7078     2.3352     5.1187     89.172   -0.01326    5.74033    5.73391      8.226     0.2788   10.49171   3.919054 2.5793e+01    22.6857    22.6856 4.7187e+02      5.000          1        595    1504.69 1.8295e+03  47994.264     24.747 1621703391       0.00      0.397   40.17066  -73.32466 0.0000e+00
      5.458    15.8371    30.9518  1022.6967     2.3089     5.0798     88.436   -0.00500    5.74402    5.73769      8.212     0.3183   10.49669   3.918307 2.3889e+01    22.6724    22.6722 4.3723e+02      5.500          1        652    1504.70 1.8303e+03  47972.798     27.128 1621703393       0.26      0.216   40.17066  -73.32466 0.0000e+00
      5.954    15.8089    30.9958  1022.7389     2.3104     5.1188     88.971    0.00184    5.75329    5.74711      8.203     0.3190   10.51065   3.920881 2.0414e+01    22.7124    22.7122 3.7399e+02      6.000          1        690    1504.67 1.8321e+03  48036.329     28.716 1621703395      -0.06      0.335   40.17066  -73.32466 0.0000e+00
      6.448    15.7552    31.0834  1022.8202     2.3078     5.1108     88.636   -0.00172    5.76601    5.76003      8.200     0.3232   10.53033   3.926034 1.9007e+01    22.7915    22.7913 3.4695e+02      6.500          1        727    1504.62 1.8254e+03  48163.403     30.240 1621703396       0.09      0.300   40.17066  -73.32466 0.0000e+00
      6.950    15.6560    31.1906  1022.9266     2.3011     5.1210     88.217   -0.00400    5.80512    5.79977      8.177     0.3412   10.59111   3.929018 1.7495e+01    22.8957    22.8954 3.1864e+02      7.000          1        757    1504.44 1.8212e+03  48321.548     31.490 1621703397      -0.00      0.398   40.17068  -73.32466 0.0000e+00
      7.434    15.3480    31.4600  1023.2031     2.3025     5.2265     88.778    0.00115    5.88728    5.88332      8.077     0.3538   10.71783   3.931159 1.6909e+01    23.1699    23.1697 3.0803e+02      7.500          1        817    1503.79 1.8218e+03  48724.518     34.003 1621703400      -0.06      0.121   40.17068  -73.32466 0.0000e+00
      7.940    14.7817    31.9321  1023.6900     2.3215     5.3283     90.694    0.01576    5.87505    5.87087      8.063     0.3246   10.69922   3.931232 1.5320e+01    23.6545    23.6543 2.7986e+02      8.000          1        840    1502.54 1.8268e+03  49437.972     34.941 1621703401       0.32      0.362   40.17068  -73.32466 0.0000e+00
      8.439    14.3175    32.3599  1024.1198     2.3193     5.2826     89.831    0.00476    5.88060    5.87638      8.054     0.3041   10.71011   3.935331 1.4092e+01    24.0821    24.0818 2.5813e+02      8.500          1        865    1501.55 1.8318e+03  50082.437     36.000 1621703402      -0.02      0.507   40.17068  -73.32466 0.0000e+00
      8.930    14.2049    32.4587  1024.2217     2.3455     5.3900     91.603    0.01194    5.88412    5.87987      8.045     0.2856   10.71726   3.935477 1.2883e+01    24.1818    24.1816 2.3623e+02      9.000          1        908    1501.31 1.8337e+03  50232.075     37.773 1621703404      -0.08      0.276   40.17068  -73.32466 0.0000e+00
      9.424    14.2223    32.1944  1024.0164     2.4703     5.9651    100.435    0.04925    5.93868    5.93506      8.040     0.2601   10.80745   3.909268 1.1779e+01    23.9742    23.9739 2.1489e+02      9.500          1        973    1501.06 1.8242e+03  49863.135     40.501 1621703406       0.04      0.148   40.17068  -73.32466 0.0000e+00
      9.921    13.9858    32.2499  1024.1103     2.5353     6.1711    103.009    0.03891    5.99088    5.98783      8.042     0.2243   10.89459   3.892312 1.1551e+01    24.0659    24.0656 2.1015e+02     10.000          1       1015    1500.36 1.8193e+03  49967.892     42.259 1621703408       0.33      0.288   40.17068  -73.32466 0.0000e+00
     10.419    13.7705    32.2015  1024.1192     2.5437     6.1113    101.924    0.01802    5.99588    5.99285      8.044     0.2291   10.90351   3.867816 1.0554e+01    24.0725    24.0722 1.9218e+02     10.500          1       1036    1499.61 1.8210e+03  49925.031     43.132 1621703409       0.15      0.515   40.17070  -73.32466 0.0000e+00
     10.916    13.6504    32.1776  1024.1273     2.5482     6.0512    101.395    0.00831    5.96799    5.96463      8.043     0.2494   10.85732   3.854219 1.0413e+01    24.0784    24.0780 1.8995e+02     11.000          1       1058    1499.19 1.8242e+03  49906.941     44.031 1621703410      -0.00      0.560   40.17070  -73.32466 0.0000e+00
     11.414    13.4364    32.1556  1024.1555     2.5580     6.1055    101.666    0.00450    6.00538    6.00249      8.044     0.2234   10.91878   3.832623 9.1646e+00    24.1042    24.1039 1.6772e+02     11.500          1       1097    1498.47 1.8302e+03  49903.417     45.684 1621703412      -0.06      0.383   40.17070  -73.32466 0.0000e+00
     11.906    13.2206    32.1818  1024.2204     2.5568     6.1166    100.753   -0.00852    6.07094    6.06882      8.046     0.2248   11.02737   3.814089 8.8500e+00    24.1670    24.1666 1.6143e+02     12.000          1       1163    1497.79 1.8241e+03  49966.859     48.423 1621703414       0.30      0.176   40.17070  -73.32466 0.0000e+00
     12.403    12.7860    32.1659  1024.2960     2.5627     6.2272    101.888    0.00188    6.11180    6.11019      8.047     0.2257   11.09482   3.775681 8.1172e+00    24.2401    24.2398 1.4768e+02     12.500          1       1203    1496.32 1.8194e+03  50001.302     50.086 1621703416      -0.09      0.309   40.17070  -73.32466 0.0000e+00
     12.895    12.6486    32.1715  1024.3290     2.5630     6.2255    101.717   -0.00087    6.12039    6.11888      8.047     0.2240   11.10911   3.763539 7.8167e+00    24.2709    24.2706 1.4245e+02     13.000          1       1241    1495.87 1.8224e+03  50027.652     51.678 1621703418       0.27      0.240   40.17070  -73.32466 0.0000e+00
     13.400    12.4153    32.1963  1024.3951     2.5673     6.2520    102.140    0.00193    6.12097    6.11947      8.047     0.2258   11.11010   3.744358 7.3657e+00    24.3346    24.3343 1.3452e+02     13.500          1       1261    1495.12 1.8264e+03  50095.314     52.490 1621703418       0.25      0.503   40.17070  -73.32466 0.0000e+00
     13.895    12.3238    32.1913  1024.4108     2.5738     6.2881    102.725    0.00537    6.12130    6.11979      8.047     0.2398   11.11068   3.737261 6.8445e+00    24.3481    24.3478 1.2534e+02     14.000          1       1288    1494.81 1.8313e+03  50101.169     53.637 1621703420      -0.13      0.512   40.17072  -73.32467 0.0000e+00
     14.388    12.3017    32.1846  1024.4121     2.5805     6.2985    102.940    0.00385    6.11862    6.11708      8.047     0.2425   11.10633   3.735343 6.4839e+00    24.3472    24.3468 1.1911e+02     14.500          1       1332    1494.74 1.8370e+03  50095.306     55.453 1621703421      -0.07      0.275   40.17072  -73.32466 0.0000e+00
     14.885    12.3205    32.1771  1024.4050     2.5844     6.2976    102.986    0.00201    6.11504    6.11345      8.047     0.2353   11.10041   3.737115 6.0392e+00    24.3378    24.3375 1.1106e+02     15.000          1       1380    1494.80 1.8390e+03  50082.325     57.441 1621703423       0.00      0.253   40.17072  -73.32466 0.0000e+00
     15.370    12.4263    32.1589  1024.3730     2.5817     6.3317    102.568   -0.00313    6.17314    6.17232      8.048     0.2091   11.19579   3.744476 5.5247e+00    24.3037    24.3033 1.0153e+02     15.500          1       1463    1495.14 1.8377e+03  50042.824     60.928 1621703427       0.24      0.064   40.17072  -73.32466 0.0000e+00
     15.879    12.3173    32.1728  1024.4067     2.5765     6.3291    102.222   -0.00471    6.19155    6.19098      8.050     0.2169   11.22593   3.736615 5.2706e+00    24.3351    24.3347 9.6834e+01     16.000          1       1478    1494.80 1.8373e+03  50077.325     61.561 1621703428       0.37      0.407   40.17072  -73.32466 0.0000e+00
     16.377    12.1226    32.2087  1024.4734     2.5722     6.3484    102.058   -0.00471    6.22041    6.22020      8.050     0.2315   11.27367   3.721818 4.9482e+00    24.3994    24.3991 9.1178e+01     16.500          1       1504    1494.18 1.8427e+03  50156.096     62.616 1621703429      -0.05      0.534   40.17072  -73.32467 0.0000e+00
     16.862    11.8095    32.2708  1024.5820     2.5661     6.3536    101.851   -0.00388    6.23812    6.23814      8.050     0.2133   11.30308   3.699321 4.8617e+00    24.5057    24.5053 8.9754e+01     17.000          1       1542    1493.19 1.8461e+03  50289.053     64.188 1621703430      -0.08      0.288   40.17072  -73.32468 0.0000e+00
     17.364    11.5937    32.2910  1024.6395     2.5642     6.3194    101.765   -0.00329    6.20972    6.20937      8.050     0.2118   11.25621   3.681888 4.6557e+00    24.5609    24.5605 8.5905e+01     17.500          1       1564    1492.47 1.8452e+03  50350.949     65.134 1621703431       0.22      0.411   40.17072  -73.32468 0.0000e+00
     17.868    11.4411    32.2910  1024.6694     2.5673     6.3591    102.175   -0.00023    6.22397    6.22379      8.048     0.2160   11.27985   3.668582 4.3591e+00    24.5885    24.5881 8.0642e+01     18.000          1       1595    1491.95 1.8501e+03  50374.921     66.411 1621703432       0.03      0.468   40.17072  -73.32468 0.0000e+00
     18.356    11.3468    32.2775  1024.6779     2.5373     6.3236     99.459   -0.01791    6.35798    6.35947      8.045     0.2412   11.50235   3.656565 3.9653e+00    24.5947    24.5943 7.3420e+01     18.500          1       1678    1491.61 1.8515e+03  50371.753     69.885 1621703436       0.29      0.209   40.17072  -73.32468 0.0000e+00
     18.854    10.7571    32.2372  1024.7531     2.5211     6.3037     98.864   -0.01576    6.37616    6.37790      8.042     0.2249   11.53235   3.600447 3.7542e+00    24.6675    24.6671 6.9544e+01     19.000          1       1706    1489.49 1.8525e+03  50412.037     71.032 1621703437       0.05      0.406   40.17073  -73.32468 0.0000e+00
     19.351    10.5533    32.2251  1024.7812     2.5064     6.3587     98.636   -0.01102    6.44672    6.44945      8.041     0.2374   11.64845   3.582856 3.5272e+00    24.6932    24.6928 6.5427e+01     19.500          1       1739    1488.76 1.8550e+03  50430.387     72.404 1621703438      -0.07      0.389   40.17074  -73.32468 0.0000e+00
     19.840    10.3930    32.2296  1024.8142     2.4810     6.2436     96.974   -0.01570    6.43833    6.44092      8.038     0.2802   11.63493   3.568023 3.3951e+00    24.7239    24.7235 6.3039e+01     20.000          1       1777    1488.20 1.8568e+03  50464.887     74.004 1621703440       0.03      0.280   40.17074  -73.32468 0.0000e+00
     20.347    10.0063    32.2683  1024.9115     2.4775     6.2925     97.271   -0.01074    6.46895    6.47200      8.039     0.2826   11.68493   3.536118 3.1932e+00    24.8187    24.8183 5.9306e+01     20.500          1       1801    1486.86 1.8572e+03  50590.370     75.008 1621703441       0.13      0.432   40.17074  -73.32468 0.0000e+00
     20.837     9.6989    32.3145  1025.0003     2.4640     6.3273     97.126   -0.00553    6.51455    6.51832      8.036     0.3063   11.75918   3.515477 2.9674e+00    24.9052    24.9048 5.5202e+01     21.000          1       1863    1485.81 1.8603e+03  50714.353     77.564 1621703444      -0.01      0.178   40.17074  -73.32468 0.0000e+00
     21.332     9.3713    32.3732  1025.1014     2.4567     6.3147     96.968   -0.00332    6.51214    6.51595      8.036     0.3393   11.75437   3.493054 2.7921e+00    25.0038    25.0034 5.2024e+01     21.500          1       1911    1484.70 1.8633e+03  50861.120     79.568 1621703446       0.05      0.278   40.17074  -73.32468 0.0000e+00
     21.831     9.3400    32.4400  1025.1609     2.4580     6.3762     97.452    0.00072    6.54290    6.54718      8.040     0.3541   11.80470   3.498202 2.6202e+00    25.0610    25.0607 4.8919e+01     22.000          1       1948    1484.67 1.8670e+03  50962.258     81.130 1621703447      -0.01      0.321   40.17074  -73.32468 0.0000e+00
     22.317     9.3207    32.4971  1025.2108     2.4523     6.3334     96.749   -0.00418    6.54619    6.55052      8.040     0.3986   11.81007   3.501656 2.5550e+00    25.1087    25.1083 4.7732e+01     22.500          1       1989    1484.68 1.8682e+03  51047.223     82.814 1621703449       0.03      0.263   40.17076  -73.32469 0.0000e+00
     22.821     9.1264    32.5279  1025.2679     2.4526     6.3459     96.945   -0.00213    6.54588    6.55020      8.039     0.4039   11.80954   3.486250 2.4085e+00    25.1634    25.1630 4.4994e+01     23.000          1       2008    1484.01 1.8681e+03  51130.715     83.606 1621703450       0.31      0.420   40.17076  -73.32470 0.0000e+00
     23.326     9.0822    32.5420  1025.2882     2.4536     6.3635     97.208    0.00028    6.54622    6.55054      8.037     0.3921   11.81016   3.485267 2.2761e+00    25.1814    25.1810 4.2531e+01     23.500          1       2026    1483.87 1.8686e+03  51160.265     84.359 1621703450       0.17      0.621   40.17076  -73.32470 0.0000e+00
     23.817     9.0842    32.5371  1025.2863     2.4571     6.4021     97.471    0.00073    6.56823    6.57287      8.035     0.4097   11.84648   3.485702 2.0494e+00    25.1773    25.1769 3.8254e+01     24.000          1       2103    1483.88 1.8664e+03  51153.243     87.586 1621703454       0.00      0.327   40.17076  -73.32469 0.0000e+00
     24.305     9.0714    32.5357  1025.2894     2.4494     6.4037     96.721   -0.00444    6.62075    6.62619      8.021     0.4643   11.93276   3.484938 1.8801e+00    25.1782    25.1778 3.5071e+01     24.500          1       2172    1483.84 1.8653e+03  51154.067     90.441 1621703456       0.10      0.294   40.17076  -73.32470 0.0000e+00
