CalculateIndicators/WaterTemperature/Data/CTD_NYOS/20210522_C12.cnv
* Sea-Bird SBE 9 Data File:
* FileName = C:\Seabird 9 CTD\Data\2021\202105_offshore\20210522_C12.hex
* Software Version Seasave V 7.23.2
* Temperature SN = 4590
* Conductivity SN = 3228
* Number of Bytes Per Scan = 44
* Number of Voltage Words = 5
* Number of Scans Averaged by the Deck Unit = 1
* NMEA Latitude = 40 30.90 N
* NMEA Longitude = 073 27.00 W
* NMEA UTC (Time) = May 22 2021  20:24:44
* NMEA baud rate = 4800
** Ship: seawolf
** Station: 6.1
** Operator: EIH
# nquan = 31
# nvalues = 61                          
# units = specified
# name 0 = depSM: Depth [salt water, m]
# name 1 = t090C: Temperature [ITS-90, deg C]
# name 2 = sal00: Salinity, Practical [PSU]
# name 3 = density00: Density [density, kg/m^3]
# name 4 = sbeox0V: Oxygen raw, SBE 43 [V]
# name 5 = sbeox0ML/L: Oxygen, SBE 43 [ml/l]
# name 6 = sbeox0PS: Oxygen, SBE 43 [% saturation]
# name 7 = sbox0dV/dT: Oxygen, SBE 43 [dov/dt]
# name 8 = oxsolML/L: Oxygen Saturation, Garcia & Gordon [ml/l]
# name 9 = oxsatML/L: Oxygen Saturation, Weiss [ml/l]
# name 10 = ph: pH
# name 11 = flECO-AFL: Fluorescence, WET Labs ECO-AFL/FL [mg/m^3]
# name 12 = n2satML/L: Nitrogen Saturation [ml/l]
# name 13 = c0S/m: Conductivity [S/m]
# name 14 = cpar: CPAR/Corrected Irradiance [%]
# name 15 = sigma-é00: Density [sigma-theta, kg/m^3]
# name 16 = sigma-t00: Density [sigma-t, kg/m^3 ]
# name 17 = par: PAR/Irradiance, Biospherical/Licor
# name 18 = prDM: Pressure, Digiquartz [db]
# name 19 = pumps: Pump Status
# name 20 = scan: Scan Count
# name 21 = svCM: Sound Velocity [Chen-Millero, m/s]
# name 22 = spar: SPAR, Biospherical/Licor
# name 23 = specc: Specific Conductance [uS/cm]
# name 24 = timeS: Time, Elapsed [seconds]
# name 25 = timeY: Time, System [seconds]
# name 26 = accM: Acceleration [m/s^2]
# name 27 = dz/dtM: Descent Rate [m/s]
# name 28 = latitude: Latitude [deg]
# name 29 = longitude: Longitude [deg]
# name 30 = flag: flag
# span 0 =      1.468,     16.376       
# span 1 =     9.2728,    15.9829       
# span 2 =    29.2230,    33.1523       
# span 3 =  1021.4544,  1025.2450       
# span 4 =     2.1044,     3.0747       
# span 5 =     5.1649,     7.2950       
# span 6 =     79.741,    126.785       
# span 7 =   -0.05994,    0.06691       
# span 8 =    5.75383,    6.52946       
# span 9 =    5.74705,    6.53333       
# span 10 =      7.855,      8.357      
# span 11 =     0.3047,     0.7250      
# span 12 =   10.52467,   11.78547      
# span 13 =   3.478583,   3.866297      
# span 14 = 1.3019e+00, 4.4920e+01      
# span 15 =    21.4479,    25.2047      
# span 16 =    21.4478,    25.2045      
# span 17 = 1.2172e+01, 4.1431e+02      
# span 18 =      1.500,     16.500      
# span 19 =          1,          1      
# span 20 =        231,       8661      
# span 21 =    1484.12,    1503.96      
# span 22 = 8.9665e+02, 9.7110e+02      
# span 23 =  45597.153,  51531.010      
# span 24 =      9.584,    360.845      
# span 25 = 1621715092, 1621715444      
# span 26 =      -0.29,       0.32      
# span 27 =     -0.574,      0.438      
# span 28 =   40.51512,   40.51551      
# span 29 =  -73.45008,  -73.44968      
# span 30 = 0.0000e+00, 0.0000e+00      
# interval = decibars: 0.5              
# start_time = May 22 2021 20:24:43 [System UTC, first data scan.]
# bad_flag = -9.990e-29
*END*
      1.468    15.3589    29.2230  1021.4544     2.6798     6.3069    109.350    0.04152    5.76741    5.76067      8.328     0.6340   10.54939   3.683256 4.4920e+01    21.4479    21.4478 4.1431e+02      1.500          1        231    1501.13 9.1919e+02  45597.153      9.584 1621715092       0.32     -0.545   40.51512  -73.45008 0.0000e+00
      1.985    15.8934    29.4308  1021.5008     2.5771     5.7294     99.241   -0.03910    5.77338    5.76662      8.327     0.5815   10.56114   3.753541 3.6389e+01    21.4920    21.4919 3.5162e+02      2.000          1        267    1503.07 9.6721e+02  45840.705     11.102 1621715094       0.30      0.135   40.51512  -73.45008 0.0000e+00
      2.481    15.9415    29.7586  1021.7442     2.4213     5.3369     92.358   -0.02873    5.77853    5.77193      8.319     0.6077   10.56697   3.792116 3.0953e+01    21.7331    21.7330 2.9896e+02      2.500          1        365    1503.61 9.6592e+02  46296.623     15.163 1621715098       0.03      0.194   40.51512  -73.45008 0.0000e+00
      2.975    15.8814    29.9426  1021.9009     2.4266     5.7096     98.773    0.06691    5.78057    5.77427      8.301     0.6127   10.56442   3.808559 2.8709e+01    21.8876    21.8875 2.7465e+02      3.000          1        471    1503.64 9.5694e+02  46559.403     19.602 1621715103       0.18      0.241   40.51512  -73.45008 0.0000e+00
      3.475    15.7444    30.1968  1022.1282     2.4631     5.7170     98.991    0.04256    5.77528    5.76901      8.253     0.6084   10.55389   3.824431 2.3982e+01    22.1127    22.1125 2.3239e+02      3.500          1        502    1503.51 9.6932e+02  46926.764     20.868 1621715104       0.00      0.382   40.51513  -73.45008 0.0000e+00
      3.967    15.6321    30.4531  1022.3517     2.4893     5.6724     98.257    0.01146    5.77309    5.76680      8.240     0.6045   10.55018   3.844423 2.1265e+01    22.3340    22.3339 2.0651e+02      4.000          1        546    1503.46 9.7110e+02  47294.642     22.689 1621715106      -0.03      0.258   40.51514  -73.45008 0.0000e+00
      4.470    15.6823    30.6111  1022.4644     2.4781     5.6569     97.950    0.01489    5.77522    5.76894      8.247     0.6171   10.55389   3.866297 1.8474e+01    22.4445    22.4443 1.7864e+02      4.500          1        612    1503.81 9.6685e+02  47510.699     25.449 1621715109       0.19      0.243   40.51514  -73.45007 0.0000e+00
      4.961    15.7208    30.5513  1022.4123     2.4843     5.7480     98.493    0.01661    5.83616    5.83077      8.255     0.5490   10.64964   3.861842 1.4966e+01    22.3901    22.3900 1.4510e+02      5.000          1        693    1503.87 9.6971e+02  47424.414     28.814 1621715112       0.01      0.311   40.51514  -73.45006 0.0000e+00
      5.458    15.5691    30.5826  1022.4716     2.4595     5.5898     95.230   -0.01497    5.86979    5.86493      8.252     0.5241   10.70203   3.852533 1.2970e+01    22.4472    22.4470 1.2557e+02      5.500          1        729    1503.44 9.6814e+02  47480.905     30.322 1621715113       0.10      0.302   40.51514  -73.45006 0.0000e+00
      5.955    14.7891    31.2415  1023.1474     2.3883     5.4066     91.158   -0.02454    5.93229    5.92839      8.227     0.5017   10.80094   3.855743 1.2802e+01    23.1208    23.1206 1.2286e+02      6.000          1        792    1501.72 9.5972e+02  48474.624     32.958 1621715116       0.01      0.204   40.51514  -73.45006 0.0000e+00
      6.448    13.8758    31.9727  1023.9031     2.3871     5.6936     94.370    0.01880    6.03312    6.03072      8.174     0.4440   10.96204   3.852008 1.1758e+01    23.8742    23.8741 1.1277e+02      6.500          1        863    1499.62 9.5918e+02  49593.085     35.917 1621715119       0.12      0.221   40.51515  -73.45006 0.0000e+00
      6.947    13.4382    32.1436  1024.1256     2.4286     5.8797     97.369    0.03182    6.03860    6.03630      8.152     0.4173   10.97047   3.829901 9.9942e+00    24.0945    24.0943 9.6759e+01      7.000          1        895    1498.39 9.6826e+02  49884.439     37.269 1621715120       0.05      0.346   40.51516  -73.45006 0.0000e+00
      7.444    12.9707    32.3814  1024.4043     2.4310     5.7714     95.618    0.00639    6.03587    6.03364      8.153     0.3817   10.96430   3.813421 8.9930e+00    24.3708    24.3706 8.7114e+01      7.500          1        935    1497.12 9.6868e+02  50274.998     38.896 1621715122      -0.06      0.321   40.51516  -73.45005 0.0000e+00
      7.936    12.7729    32.5588  1024.5825     2.3439     5.5430     90.145   -0.01234    6.14859    6.14811      8.126     0.3359   11.14555   3.815396 7.9883e+00    24.5468    24.5466 7.6523e+01      8.000          1       1038    1496.67 9.5785e+02  50546.920     43.221 1621715126       0.19      0.133   40.51516  -73.45004 0.0000e+00
      8.435    12.2646    32.8018  1024.8704     2.3714     5.8436     94.278    0.02291    6.19824    6.19817      8.106     0.3314   11.23095   3.793108 7.2823e+00    24.8323    24.8321 6.9454e+01      8.500          1       1077    1495.24 9.5374e+02  50960.414     44.835 1621715128       0.20      0.388   40.51517  -73.45004 0.0000e+00
      8.934    11.7298    33.1523  1025.2450     2.4166     6.0654     97.430    0.03438    6.22513    6.22511      8.098     0.3547   11.27964   3.780305 6.7229e+00    25.2047    25.2045 6.4126e+01      9.000          1       1106    1493.83 9.5384e+02  51531.010     46.057 1621715129      -0.06      0.438   40.51518  -73.45004 0.0000e+00
      9.423    11.4781    32.6409  1024.8963     2.5282     6.5189    104.128    0.04887    6.26073    6.26098      8.087     0.3829   11.34126   3.703509 6.6346e+00    24.8536    24.8534 6.3838e+01      9.500          1       1163    1492.36 9.6222e+02  50853.387     48.402 1621715131      -0.05      0.169   40.51518  -73.45005 0.0000e+00
      9.926    11.3137    32.3421  1024.6959     2.6055     6.7825    108.333    0.05406    6.26074    6.26097 -9.990e-29     0.3909   11.34171   3.660417 5.9577e+00    24.6509    24.6507 5.7463e+01     10.000          1       1199    1491.43 9.6458e+02  50462.376     49.925 1621715133       0.09      0.318   40.51518  -73.45004 0.0000e+00
     10.418    11.2305    32.1865  1024.5921     2.6166     6.5734    104.682    0.00100    6.27937    6.27981      8.072     0.4005   11.37281   3.639349 5.0714e+00    24.5448    24.5446 4.8803e+01     10.500          1       1272    1490.96 9.6219e+02  50257.317     52.949 1621715136      -0.04      0.154   40.51518  -73.45002 0.0000e+00
     10.912    11.1597    32.1616  1024.5876     2.6154     6.6375    104.680    0.00029    6.34079    6.34207      8.052     0.5252   11.47383   3.630899 4.7017e+00    24.5381    24.5379 4.4753e+01     11.000          1       1333    1490.69 9.5186e+02  50234.204     55.515 1621715139       0.12      0.198   40.51518  -73.45002 0.0000e+00
     11.413    11.0342    32.1719  1024.6200     2.5980     6.5960    103.188   -0.00833    6.39248    6.39448      8.025     0.6297   11.55877   3.620434 4.4360e+00    24.5682    24.5680 4.2212e+01     11.500          1       1363    1490.27 9.5163e+02  50269.762     56.761 1621715140       0.07      0.368   40.51519  -73.45002 0.0000e+00
     11.906    10.6355    32.2267  1024.7343     2.5304     6.2815     97.537   -0.03656    6.44015    6.44279      7.971     0.7073   11.63766   3.589415 3.9227e+00    24.6802    24.6799 3.7746e+01     12.000          1       1405    1488.93 9.6227e+02  50413.862     58.501 1621715142      -0.09      0.298   40.51520  -73.45003 0.0000e+00
     12.403    10.1131    32.2966  1024.8796     2.4333     5.8457     90.766   -0.05994    6.44041    6.44303      7.954     0.5766   11.63833   3.548600 3.5698e+00    24.8230    24.8228 3.4256e+01     12.500          1       1443    1487.16 9.5957e+02  50605.619     60.079 1621715143       0.12      0.295   40.51520  -73.45004 0.0000e+00
     12.901     9.8940    32.2751  1024.9015     2.3322     5.6236     87.205   -0.04354    6.44866    6.45139      7.952     0.5709   11.65200   3.529637 3.4566e+00    24.8426    24.8424 3.2846e+01     13.000          1       1501    1486.35 9.5030e+02  50616.053     62.490 1621715146       0.08      0.222   40.51520  -73.45003 0.0000e+00
     13.397     9.8864    32.2590  1024.8924     2.2888     5.6599     87.632   -0.01368    6.45869    6.46155      7.948     0.5635   11.66865   3.528236 3.1321e+00    24.8313    24.8310 2.9922e+01     13.500          1       1557    1486.31 9.5555e+02  50595.014     64.845 1621715148       0.17      0.312   40.51520  -73.45002 0.0000e+00
     13.894     9.8065    32.2629  1024.9108     2.2695     5.6160     86.941   -0.01066    6.45959    6.46247      7.948     0.5597   11.67013   3.521604 2.5761e+00    24.8474    24.8471 2.4797e+01     14.000          1       1599    1486.03 9.6269e+02  50615.946     66.595 1621715150      -0.05      0.307   40.51520  -73.45002 0.0000e+00
     14.383     9.4842    32.2931  1024.9888     2.1955     5.3854     82.476   -0.02104    6.52946    6.53333      7.891     0.5707   11.78527   3.495922 2.3499e+00    24.9231    24.9228 2.1958e+01     14.500          1       1738    1484.90 9.3492e+02  50721.128     72.387 1621715156       0.17      0.054   40.51520  -73.45002 0.0000e+00
     14.883     9.2939    32.3073  1025.0325     2.1624     5.2508     80.441   -0.02562    6.52745    6.53128      7.888     0.5594   11.78200   3.480957 2.1289e+00    24.9644    24.9642 2.0180e+01     15.000          1       1767    1484.23 9.4806e+02  50779.474     73.588 1621715157       0.15      0.358   40.51521  -73.45002 0.0000e+00
     15.383     9.2787    32.3018  1025.0330     2.1431     5.2263     80.066   -0.01909    6.52744    6.53127      7.887     0.5727   11.78200   3.479682 1.8588e+00    24.9626    24.9623 1.7757e+01     15.500          1       1796    1484.17 9.5538e+02  50774.963     74.806 1621715158      -0.01      0.420   40.51522  -73.45002 0.0000e+00
     15.879     9.2784    32.2911  1025.0269     2.1200     5.2395     80.260   -0.00394    6.52816    6.53200      7.882     0.5394   11.78326   3.479558 1.5618e+00    24.9543    24.9540 1.4873e+01     16.000          1       2018    1484.16 9.5216e+02  50760.169     84.059 1621715167      -0.04      0.264   40.51523  -73.45000 0.0000e+00
     16.376     9.2738    32.2815  1025.0225     2.1059     5.2140     79.859   -0.00060    6.52903    6.53286      7.861     0.5497   11.78479   3.478857 1.3019e+00    24.9475    24.9473 1.2172e+01     16.500          1       2932    1484.15 9.3523e+02  50747.890    122.109 1621715205      -0.07      0.119   40.51526  -73.44994 0.0000e+00
     15.871     9.2734    32.2799  1025.0189     2.1049     5.2164     79.891    0.00030    6.52943    6.53327      7.855     0.6795   11.78547   3.478663 1.4715e+00    24.9463    24.9460 1.3560e+01     16.000          1       3484    1484.13 9.2126e+02  50745.321    145.139 1621715228      -0.29     -0.221   40.51529  -73.44990 0.0000e+00
     15.377     9.2728    32.2799  1025.0168     2.1046     5.2122     79.832   -0.00007    6.52892    6.53275      7.855     0.6058   11.78464   3.478583 1.6632e+00    24.9464    24.9462 1.5306e+01     15.500          1       3546    1484.12 9.2034e+02  50745.185    147.710 1621715231       0.07     -0.296   40.51530  -73.44990 0.0000e+00
     14.890     9.2753    32.2794  1025.0138     2.1044     5.1649     79.741   -0.00004    6.47712    6.48018      7.857     0.5681   11.69980   3.478759 1.9281e+00    24.9456    24.9454 1.8154e+01     15.000          1       3670    1484.12 9.4184e+02  50743.663    152.880 1621715236      -0.21     -0.059   40.51530  -73.44989 0.0000e+00
     14.386     9.2827    32.2779  1025.0090     2.1123     5.1860     80.396    0.00357    6.45055    6.45325      7.865     0.5882   11.65582   3.479338 2.0869e+00    24.9432    24.9430 1.9614e+01     14.500          1       3689    1484.14 9.3986e+02  50739.706    153.647 1621715237      -0.18     -0.378   40.51530  -73.44988 0.0000e+00
     13.895     9.4379    32.2392  1024.9518     2.1403     5.3337     82.906    0.01729    6.43360    6.43605      7.885     0.6235   11.62802   3.491038 2.2575e+00    24.8883    24.8880 2.1135e+01     14.000          1       3717    1484.66 9.3625e+02  50653.921    154.843 1621715238       0.05     -0.443   40.51530  -73.44988 0.0000e+00
     13.401     9.7677    32.1983  1024.8645     2.1739     5.4981     85.673    0.03083    6.41745    6.41970      7.909     0.6426   11.60121   3.516656 2.5279e+00    24.8032    24.8030 2.3106e+01     13.500          1       3740    1485.80 9.1421e+02  50531.170    155.804 1621715239      -0.11     -0.438   40.51530  -73.44988 0.0000e+00
     12.895     9.8449    32.2028  1024.8530     2.1984     5.6046     87.233    0.03480    6.42487    6.42722      7.924     0.7045   11.61334   3.522943 2.8153e+00    24.7942    24.7939 2.5525e+01     13.000          1       3757    1486.08 9.0672e+02  50523.444    156.516 1621715240      -0.22     -0.574   40.51530  -73.44988 0.0000e+00
     12.398     9.9300    32.2075  1024.8405     2.2560     5.6864     88.845    0.02092    6.40049    6.40250      7.934     0.7250   11.57336   3.530339 3.1699e+00    24.7839    24.7837 2.9198e+01     12.500          1       3821    1486.38 9.2054e+02  50513.550    159.168 1621715242      -0.07     -0.360   40.51531  -73.44988 0.0000e+00
     11.909    10.1241    32.1796  1024.7842     2.3169     5.7816     91.200    0.01495    6.33966    6.34081      7.947     0.6169   11.47351   3.545405 3.5587e+00    24.7300    24.7297 3.3314e+01     12.000          1       3902    1487.05 9.3620e+02  50438.242    162.549 1621715246      -0.07     -0.222   40.51532  -73.44988 0.0000e+00
     11.412    10.4210    32.1348  1024.6971     2.3743     5.9849     95.319    0.03272    6.27893    6.27926      7.969     0.5212   11.37363   3.567364 3.8637e+00    24.6452    24.6450 3.5961e+01     11.500          1       3942    1488.05 9.3078e+02  50321.507    164.212 1621715247       0.01     -0.295   40.51532  -73.44988 0.0000e+00
     10.918    10.7106    32.0868  1024.6079     2.4410     6.2277     99.417    0.04355    6.26413    6.26427      8.006     0.4015   11.34922   3.589870 4.1042e+00    24.5583    24.5580 3.7795e+01     11.000          1       3976    1489.02 9.2090e+02  50204.006    165.638 1621715249      -0.12     -0.306   40.51532  -73.44986 0.0000e+00
     10.417    10.9967    32.0537  1024.5301     2.4978     6.4693    103.209    0.05595    6.26813    6.26834      8.024     0.4043   11.35542   3.611880 4.3941e+00    24.4828    24.4826 4.0705e+01     10.500          1       3998    1489.98 9.2632e+02  50108.587    166.559 1621715250      -0.16     -0.471   40.51532  -73.44986 0.0000e+00
      9.917    11.2465    32.0370  1024.4707     2.6029     6.6682    106.855    0.03793    6.24057    6.24036      8.041     0.3560   11.31102   3.630045 4.7089e+00    24.4258    24.4255 4.3546e+01     10.000          1       4678    1490.83 9.2478e+02  50044.201    194.858 1621715278      -0.06     -0.453   40.51534  -73.44983 0.0000e+00
      9.426    11.3872    31.9926  1024.4088     2.6723     6.6787    108.446    0.01789    6.15865    6.15725      8.053     0.3103   11.17800   3.637297 5.0719e+00    24.3661    24.3659 4.6754e+01      9.500          1       5406    1491.26 9.2185e+02  49959.470    225.214 1621715308      -0.07     -0.477   40.51536  -73.44980 0.0000e+00
      8.929    11.5464    31.9226  1024.3236     2.7048     6.7359    110.354    0.02383    6.10396    6.10189      8.061     0.3314   11.08779   3.644137 5.6745e+00    24.2831    24.2829 5.1963e+01      9.000          1       5441    1491.73 9.1581e+02  49836.993    226.677 1621715310       0.04     -0.499   40.51536  -73.44980 0.0000e+00
