CalculateIndicators/WaterTemperature/Data/CTD_NYOS/20210523_C19.cnv
* Sea-Bird SBE 9 Data File:
* FileName = C:\Seabird 9 CTD\Data\2021\202105_offshore\20210523_C19.hex
* Software Version Seasave V 7.23.2
* Temperature SN = 4590
* Conductivity SN = 3228
* Number of Bytes Per Scan = 44
* Number of Voltage Words = 5
* Number of Scans Averaged by the Deck Unit = 1
* NMEA Latitude = 39 14.51 N
* NMEA Longitude = 072 17.34 W
* NMEA UTC (Time) = May 23 2021  18:52:54
* NMEA baud rate = 4800
** Ship: seawolf
** Station: 4.6
** Operator: EIH
# nquan = 31
# nvalues = 1205                        
# units = specified
# name 0 = depSM: Depth [salt water, m]
# name 1 = t090C: Temperature [ITS-90, deg C]
# name 2 = sal00: Salinity, Practical [PSU]
# name 3 = density00: Density [density, kg/m^3]
# name 4 = sbeox0V: Oxygen raw, SBE 43 [V]
# name 5 = sbeox0ML/L: Oxygen, SBE 43 [ml/l]
# name 6 = sbeox0PS: Oxygen, SBE 43 [% saturation]
# name 7 = sbox0dV/dT: Oxygen, SBE 43 [dov/dt]
# name 8 = oxsolML/L: Oxygen Saturation, Garcia & Gordon [ml/l]
# name 9 = oxsatML/L: Oxygen Saturation, Weiss [ml/l]
# name 10 = ph: pH
# name 11 = flECO-AFL: Fluorescence, WET Labs ECO-AFL/FL [mg/m^3]
# name 12 = n2satML/L: Nitrogen Saturation [ml/l]
# name 13 = c0S/m: Conductivity [S/m]
# name 14 = cpar: CPAR/Corrected Irradiance [%]
# name 15 = sigma-é00: Density [sigma-theta, kg/m^3]
# name 16 = sigma-t00: Density [sigma-t, kg/m^3 ]
# name 17 = par: PAR/Irradiance, Biospherical/Licor
# name 18 = prDM: Pressure, Digiquartz [db]
# name 19 = pumps: Pump Status
# name 20 = scan: Scan Count
# name 21 = svCM: Sound Velocity [Chen-Millero, m/s]
# name 22 = spar: SPAR, Biospherical/Licor
# name 23 = specc: Specific Conductance [uS/cm]
# name 24 = timeS: Time, Elapsed [seconds]
# name 25 = timeY: Time, System [seconds]
# name 26 = accM: Acceleration [m/s^2]
# name 27 = dz/dtM: Descent Rate [m/s]
# name 28 = latitude: Latitude [deg]
# name 29 = longitude: Longitude [deg]
# name 30 = flag: flag
# span 0 =      1.484,    300.487       
# span 1 =     9.3777,    16.0096       
# span 2 =    32.9142,    35.9494       
# span 3 =  1024.2260,  1028.6161       
# span 4 =     1.4011,     3.0790       
# span 5 =     2.9140,     7.3953       
# span 6 =     46.508,    130.717       
# span 7 =   -0.19151,    0.08423       
# span 8 =    5.60318,    6.39096       
# span 9 =    5.59707,    6.39575       
# span 10 =      7.822,      8.180      
# span 11 =    -0.1015,     2.2027      
# span 12 =   10.22875,   11.52137      
# span 13 =   3.787168,   4.359132      
# span 14 = -4.297e-06, 2.5891e+02      
# span 15 =    24.2150,    27.2518      
# span 16 =    24.2149,    27.2462      
# span 17 = -9.625e-05, 1.5829e+03      
# span 18 =      1.500,    303.000      
# span 19 =          1,          1      
# span 20 =        267,      50373      
# span 21 =    1492.87,    1509.26      
# span 22 = 4.1739e+02, 2.4694e+03      
# span 23 =  50703.673,  55089.149      
# span 24 =     11.096,   2098.839      
# span 25 = 1621795983, 1621798071      
# span 26 =      -0.81,       0.62      
# span 27 =     -1.261,      1.045      
# span 28 =   39.24194,   39.24526      
# span 29 =  -72.28906,  -72.28508      
# span 30 = 0.0000e+00, 0.0000e+00      
# interval = decibars: 0.5              
# start_time = May 23 2021 18:52:52 [System UTC, first data scan.]
# bad_flag = -9.990e-29
*END*
[from data line 468]
    234.571    12.0739    35.5522  1028.0616     1.5039     3.0740     51.011   -0.00445    6.02608    6.02592      7.898    -0.0653   10.91487   4.073460 8.9790e-14    27.0099    27.0039 1.0000e-12    236.500          1      16899    1501.64 1.4400e+03  54943.473    704.076 1621796676      -0.04      0.279   39.24308  -72.28772 0.0000e+00
    235.061    12.0414    35.5466  1028.0659     1.4980     3.0695     50.877   -0.00261    6.03322    6.03315      7.895    -0.0577   10.92678   4.069949 1.4282e-13    27.0119    27.0059 1.0000e-12    237.000          1      16948    1501.53 6.7870e+02  54941.429    706.129 1621796678       0.13      0.207   39.24308  -72.28772 0.0000e+00
    235.565    12.0351    35.5452  1028.0683     1.4954     3.0785     50.797   -0.00225    6.06037    6.06066      7.894    -0.0730   10.97190   4.069276 1.3996e-13    27.0120    27.0060 1.0000e-12    237.500          1      16975    1501.52 7.1450e+02  54940.839    707.250 1621796679       0.09      0.401   39.24308  -72.28772 0.0000e+00
    236.050    11.9993    35.5375  1028.0715     1.4839     3.0265     49.891   -0.00623    6.06611    6.06647      7.886    -0.0640   10.98144   4.064191 1.3066e-13    27.0129    27.0069 1.0000e-12    238.000          1      17016    1501.40 7.7816e+02  54936.368    708.972 1621796681      -0.13      0.294   39.24308  -72.28772 0.0000e+00
    236.552    11.7969    35.5174  1028.0978     1.4747     2.9847     49.202   -0.00892    6.06628    6.06663      7.887    -0.0524   10.98174   4.041447 5.1630e-14    27.0359    27.0300 1.0000e-12    238.500          1      17040    1500.69 1.9855e+03  54943.790    709.977 1621796682       0.28      0.361   39.24308  -72.28772 0.0000e+00
    237.052    11.7402    35.5132  1028.1078     1.4682     2.9768     49.067   -0.00667    6.06682    6.06718 -9.990e-29    -0.0463   10.98265   4.036725 6.4064e-14    27.0434    27.0375 1.0000e-12    239.000          1      17070    1500.50 1.8430e+03  54947.792    711.224 1621796683      -0.06      0.438   39.24308  -72.28772 0.0000e+00
    237.535    11.7289    35.5090  1028.1089     1.4623     2.9813     49.131   -0.00245    6.06802    6.06840      7.887    -0.0656   10.98466   4.035639 1.4505e-13    27.0423    27.0364 1.0000e-12    239.500          1      17119    1500.46 6.3223e+02  54944.229    713.236 1621796685       0.15      0.146   39.24310  -72.28772 0.0000e+00
    238.046    11.7265    35.5082  1028.1111     1.4614     2.9830     49.152   -0.00168    6.06894    6.06932      7.886    -0.0551   10.98618   4.035429 1.4053e-13    27.0422    27.0363 1.0000e-12    240.000          1      17139    1500.46 7.1162e+02  54943.813    714.101 1621796686       0.23      0.438   39.24310  -72.28772 0.0000e+00
    238.532    11.7188    35.5063  1028.1133     1.4592     2.9842     49.103   -0.00107    6.07731    6.07781      7.883    -0.0608   11.00013   4.034620 1.3404e-13    27.0421    27.0362 1.0000e-12    240.500          1      17187    1500.44 7.6635e+02  54942.793    716.073 1621796688      -0.20      0.270   39.24310  -72.28770 0.0000e+00
    239.027    11.7038    35.5040  1028.1166     1.4560     2.9735     48.882   -0.00186    6.08299    6.08356      7.882    -0.0594   11.00957   4.032928 4.5318e-14    27.0432    27.0373 1.0000e-12    241.000          1      17223    1500.40 2.1522e+03  54942.523    717.583 1621796690       0.21      0.305   39.24310  -72.28770 0.0000e+00
    239.528    11.6743    35.4997  1028.1212     1.4537     2.9645     48.716   -0.00246    6.08526    6.08586      7.883    -0.0525   11.01334   4.029303 4.5640e-14    27.0454    27.0395 1.0000e-12    241.500          1      17245    1500.30 2.1913e+03  54942.078    718.503 1621796691       0.14      0.477   39.24310  -72.28770 0.0000e+00
    240.025    11.6201    35.4940  1028.1296     1.4506     2.9565     48.573   -0.00237    6.08665    6.08727      7.880    -0.0583   11.01565   4.023667 1.0185e-13    27.0512    27.0453 1.0000e-12    242.000          1      17278    1500.11 1.2366e+03  54943.966    719.877 1621796692      -0.12      0.418   39.24310  -72.28770 0.0000e+00
    240.515    11.5776    35.4896  1028.1366     1.4468     2.9509     48.468   -0.00139    6.08833    6.08897      7.878    -0.0630   11.01845   4.019351 1.4351e-13    27.0558    27.0499 1.0000e-12    242.500          1      17337    1499.97 6.7488e+02  54945.660    722.313 1621796695       0.05      0.154   39.24310  -72.28769 0.0000e+00
    241.012    11.5730    35.4884  1028.1387     1.4455     2.9509     48.460   -0.00081    6.08934    6.08999      7.878    -0.0566   11.02013   4.018894 1.3977e-13    27.0557    27.0498 1.0000e-12    243.000          1      17377    1499.96 7.1552e+02  54945.060    723.986 1621796696       0.02      0.296   39.24310  -72.28768 0.0000e+00
    241.506    11.5627    35.4870  1028.1419     1.4449     2.9503     48.449   -0.00055    6.08943    6.09009      7.878    -0.0523   11.02029   4.017794 7.6589e-14    27.0566    27.0507 1.0000e-12    243.500          1      17409    1499.93 1.5590e+03  54945.321    725.331 1621796698       0.11      0.329   39.24312  -72.28768 0.0000e+00
    242.008    11.5574    35.4866  1028.1448     1.4449     2.9527     48.479   -0.00027    6.09054    6.09121      7.878    -0.0520   11.02213   4.017347 4.8448e-14    27.0573    27.0514 1.0000e-12    244.000          1      17434    1499.92 2.1078e+03  54945.962    726.377 1621796699       0.06      0.460   39.24312  -72.28768 0.0000e+00
    242.496    11.5561    35.4860  1028.1468     1.4445     2.9555     48.490   -0.00001    6.09520    6.09593 -9.990e-29    -0.0601   11.02988   4.017250 1.2611e-13    27.0570    27.0512 1.0000e-12    244.500          1      17475    1499.92 7.9215e+02  54945.627    728.068 1621796700      -0.14      0.306   39.24312  -72.28768 0.0000e+00
    242.990    11.5510    35.4852  1028.1494     1.4442     2.9509     48.424   -0.00058    6.09373    6.09444 -9.990e-29    -0.0387   11.02746   4.016629 1.3904e-13    27.0574    27.0515 1.0000e-12    245.000          1      17502    1499.91 7.1841e+02  54945.830    729.200 1621796701       0.24      0.334   39.24312  -72.28768 0.0000e+00
    243.498    11.5367    35.4834  1028.1530     1.4426     2.9460     48.311   -0.00098    6.09796    6.09873 -9.990e-29    -0.0602   11.03449   4.014923 1.4013e-13    27.0587    27.0528 1.0000e-12    245.500          1      17520    1499.87 7.1366e+02  54946.121    729.947 1621796702       0.25      0.552   39.24312  -72.28768 0.0000e+00
    243.987    11.4955    35.4777  1028.1588     1.4399     2.9409     48.123   -0.00177    6.11126    6.11220 -9.990e-29    -0.0519   11.05661   4.010306 9.7649e-14    27.0620    27.0561 1.0000e-12    246.000          1      17576    1499.73 1.2983e+03  54945.874    732.271 1621796705       0.00      0.246   39.24312  -72.28767 0.0000e+00
    244.479    11.4400    35.4725  1028.1675     1.4366     2.9358     47.971   -0.00173    6.11994    6.12099      7.871    -0.0524   11.07100   4.004479 4.4581e-14    27.0683    27.0624 1.0000e-12    246.500          1      17621    1499.54 2.1950e+03  54948.741    734.180 1621796706       0.23      0.302   39.24312  -72.28766 0.0000e+00
    244.976    11.4300    35.4712  1028.1707     1.4342     2.9264     47.824   -0.00208    6.11908    6.12012      7.871    -0.0524   11.06957   4.003340 4.6062e-14    27.0691    27.0633 1.0000e-12    247.000          1      17643    1499.51 2.1710e+03  54948.990    735.083 1621796707       0.14      0.468   39.24312  -72.28766 0.0000e+00
    245.478    11.3659    35.4631  1028.1789     1.4329     2.9216     47.740   -0.00223    6.11974    6.12080      7.871    -0.0705   11.07069   3.995763 7.7750e-14    27.0747    27.0689 1.0000e-12    247.500          1      17664    1499.29 1.5248e+03  54949.908    735.941 1621796708       0.07      0.564   39.24313  -72.28766 0.0000e+00
    245.968    11.3215    35.4598  1028.1870     1.4304     2.9232     47.725   -0.00107    6.12501    6.12613      7.870    -0.0726   11.07946   3.991844 1.4211e-13    27.0804    27.0746 1.0000e-12    248.000          1      17723    1499.14 6.5914e+02  54953.523    738.411 1621796711       0.05      0.288   39.24314  -72.28766 0.0000e+00
    246.459    11.3023    35.4558  1028.1897     1.4283     2.9191     47.622   -0.00116    6.12972    6.13091      7.870    -0.0791   11.08731   3.989463 5.4503e-14    27.0809    27.0750 1.0000e-12    248.500          1      17773    1499.07 1.9131e+03  54951.746    740.498 1621796713       0.52      0.324   39.24314  -72.28766 0.0000e+00
    246.963    11.2914    35.4548  1028.1933     1.4275     2.9167     47.580   -0.00122    6.12996    6.13114      7.870    -0.0555   11.08770   3.988389 4.6131e-14    27.0821    27.0763 1.0000e-12    249.000          1      17787    1499.04 2.1682e+03  54952.713    741.102 1621796713       0.42      0.621   39.24314  -72.28766 0.0000e+00
    247.463    11.2716    35.4523  1028.1974     1.4269     2.9155     47.557   -0.00109    6.13054    6.13173      7.870    -0.0583   11.08867   3.986209 4.6117e-14    27.0839    27.0780 1.0000e-12    249.500          1      17804    1498.98 2.1684e+03  54953.162    741.787 1621796714       0.07      0.777   39.24314  -72.28766 0.0000e+00
    247.955    11.2576    35.4505  1028.2009     1.4267     2.9182     47.598   -0.00054    6.13089    6.13209      7.870    -0.0585   11.08924   3.984837 9.7493e-14    27.0850    27.0792 1.0000e-12    250.000          1      17830    1498.94 1.2682e+03  54953.567    742.894 1621796715      -0.25      0.590   39.24314  -72.28766 0.0000e+00
    248.447    11.2487    35.4493  1028.2038     1.4267     2.9217     47.648    0.00001    6.13180    6.13301      7.868    -0.0679   11.09077   3.983962 1.3246e-13    27.0857    27.0799 1.0000e-12    250.500          1      17883    1498.91 7.9314e+02  54953.694    745.082 1621796717      -0.09      0.238   39.24315  -72.28765 0.0000e+00
    248.943    11.2420    35.4477  1028.2062     1.4260     2.9215     47.596   -0.00032    6.13806    6.13935      7.868    -0.0524   11.10118   3.983265 5.5647e-14    27.0858    27.0799 1.0000e-12    251.000          1      17949    1498.90 1.8508e+03  54953.154    747.851 1621796720       0.21      0.182   39.24316  -72.28764 0.0000e+00
    249.436    11.2314    35.4463  1028.2092     1.4250     2.9195     47.530   -0.00059    6.14236    6.14371      7.865    -0.0535   11.10833   3.982077 5.7382e-14    27.0866    27.0807 1.0000e-12    251.500          1      17987    1498.87 1.8042e+03  54953.343    749.409 1621796722      -0.03      0.333   39.24316  -72.28764 0.0000e+00
    249.932    11.2006    35.4427  1028.2146     1.4246     2.9206     47.539   -0.00029    6.14361    6.14497      7.865    -0.0653   11.11040   3.978491 1.0538e-13    27.0895    27.0837 1.0000e-12    252.000          1      18016    1498.76 1.1051e+03  54954.460    750.622 1621796723       0.15      0.352   39.24316  -72.28764 0.0000e+00
    250.432    11.1708    35.4400  1028.2203     1.4241     2.9201     47.493   -0.00062    6.14848    6.14991      7.865    -0.0527   11.11851   3.975507 1.3712e-13    27.0929    27.0871 1.0000e-12    252.500          1      18039    1498.67 7.3380e+02  54956.443    751.585 1621796724       0.08      0.495   39.24316  -72.28764 0.0000e+00
    250.923    11.1594    35.4388  1028.2237     1.4234     2.9218     47.487   -0.00036    6.15294    6.15444 -9.990e-29    -0.0558   11.12592   3.974431 6.0178e-14    27.0940    27.0882 1.0000e-12    253.000          1      18067    1498.63 1.8087e+03  54957.153    752.756 1621796725      -0.09      0.460   39.24316  -72.28763 0.0000e+00
    251.419    11.1486    35.4372  1028.2267     1.4226     2.9161     47.399   -0.00092    6.15224    6.15372 -9.990e-29    -0.0635   11.12475   3.973103 1.0148e-13    27.0947    27.0889 1.0000e-12    253.500          1      18092    1498.60 1.1307e+03  54957.240    753.778 1621796726       0.08      0.436   39.24316  -72.28762 0.0000e+00
    251.921    11.1111    35.4325  1028.2324     1.4227     2.9198     47.458   -0.00034    6.15245    6.15394      7.865    -0.0527   11.12511   3.968712 1.3207e-13    27.0980    27.0921 1.0000e-12    254.000          1      18113    1498.47 7.8025e+02  54957.926    754.658 1621796727       0.09      0.537   39.24316  -72.28762 0.0000e+00
    252.413    11.0848    35.4305  1028.2381     1.4225     2.9202     47.465   -0.00010    6.15221    6.15369      7.864    -0.0524   11.12471   3.966430 5.2707e-14    27.1012    27.0954 1.0000e-12    254.500          1      18156    1498.39 1.9630e+03  54960.372    756.476 1621796729      -0.15      0.313   39.24317  -72.28762 0.0000e+00
    252.908    11.0868    35.4296  1028.2392     1.4225     2.9224     47.487    0.00003    6.15403    6.15553      7.863    -0.0566   11.12773   3.966649 8.7928e-14    27.1002    27.0943 1.0000e-12    255.000          1      18224    1498.40 1.3537e+03  54959.031    759.303 1621796731      -0.02      0.182   39.24318  -72.28762 0.0000e+00
    253.392    11.0724    35.4278  1028.2427     1.4222     2.9230     47.470   -0.00012    6.15752    6.15907 -9.990e-29    -0.0715   11.13354   3.965173 6.4263e-14    27.1014    27.0956 1.0000e-12    255.500          1      18295    1498.36 1.6515e+03  54959.598    762.235 1621796734       0.09      0.145   39.24318  -72.28762 0.0000e+00
    253.891    11.0738    35.4279  1028.2448     1.4219     2.9212     47.427   -0.00048    6.15931    6.16089 -9.990e-29    -0.0777   11.13652   3.965341 1.1994e-13    27.1013    27.0955 1.0000e-12    256.000          1      18309    1498.37 8.5010e+02  54959.865    762.843 1621796735       0.40      0.368   39.24318  -72.28761 0.0000e+00
    254.396    11.0731    35.4278  1028.2471     1.4218     2.9223     47.438   -0.00032    6.16028    6.16187      7.861    -0.0410   11.13813   3.965245 1.3943e-13    27.1013    27.0954 1.0000e-12    256.500          1      18323    1498.38 7.1761e+02  54960.018    763.412 1621796736       0.43      0.618   39.24318  -72.28760 0.0000e+00
    254.897    11.0666    35.4267  1028.2498     1.4218     2.9236     47.458   -0.00011    6.16035    6.16194      7.861    -0.0389   11.13826   3.964448 1.3934e-13    27.1017    27.0958 1.0000e-12    257.000          1      18337    1498.36 7.1770e+02  54960.099    764.007 1621796736       0.20      0.808   39.24318  -72.28760 0.0000e+00
    255.390    11.0531    35.4256  1028.2537     1.4212     2.9199     47.399   -0.00041    6.16025    6.16184      7.861 -9.990e-29   11.13809   3.963090 1.0857e-13    27.1033    27.0975 1.0000e-12    257.500          1      18356    1498.32 1.0420e+03  54961.505    764.786 1621796737      -0.16      0.793   39.24318  -72.28760 0.0000e+00
    255.885    11.0349    35.4236  1028.2578     1.4216     2.9235     47.456    0.00001    6.16041    6.16200      7.861 -9.990e-29   11.13835   3.961129 4.9489e-14    27.1050    27.0992 1.0000e-12    258.000          1      18383    1498.26 2.0998e+03  54962.292    765.901 1621796738      -0.20      0.545   39.24318  -72.28760 0.0000e+00
    256.376    11.0255    35.4219  1028.2604     1.4217     2.9216     47.415   -0.00026    6.16183    6.16344      7.861    -0.0578   11.14073   3.960173 1.0044e-13    27.1054    27.0996 1.0000e-12    258.500          1      18461    1498.24 1.2673e+03  54961.995    769.167 1621796741       0.03      0.141   39.24318  -72.28760 0.0000e+00
    256.862    11.0248    35.4216  1028.2625 -9.990e-29     2.9204     47.388   -0.00028    6.16265    6.16427 -9.990e-29    -0.0583   11.14208   3.960178 1.4297e-13    27.1054    27.0995 1.0000e-12    259.000          1      18514    1498.24 6.6511e+02  54962.124    771.360 1621796744       0.11      0.222   39.24320  -72.28760 0.0000e+00
