CalculateIndicators/WaterTemperature/Data/CTD_NYOS/20210524_C26.cnv
* Sea-Bird SBE 9 Data File:
* FileName = C:\Seabird 9 CTD\Data\2021\202105_offshore\20210524_C26.hex
* Software Version Seasave V 7.23.2
* Temperature SN = 4590
* Conductivity SN = 3228
* Number of Bytes Per Scan = 44
* Number of Voltage Words = 5
* Number of Scans Averaged by the Deck Unit = 1
* NMEA Latitude = 40 25.86 N
* NMEA Longitude = 072 23.21 W
* NMEA UTC (Time) = May 24 2021  16:24:42
* NMEA baud rate = 4800
** Ship: seawolf
** Station: 3.2
** Operator: eih
# nquan = 31
# nvalues = 192                         
# units = specified
# name 0 = depSM: Depth [salt water, m]
# name 1 = t090C: Temperature [ITS-90, deg C]
# name 2 = sal00: Salinity, Practical [PSU]
# name 3 = density00: Density [density, kg/m^3]
# name 4 = sbeox0V: Oxygen raw, SBE 43 [V]
# name 5 = sbeox0ML/L: Oxygen, SBE 43 [ml/l]
# name 6 = sbeox0PS: Oxygen, SBE 43 [% saturation]
# name 7 = sbox0dV/dT: Oxygen, SBE 43 [dov/dt]
# name 8 = oxsolML/L: Oxygen Saturation, Garcia & Gordon [ml/l]
# name 9 = oxsatML/L: Oxygen Saturation, Weiss [ml/l]
# name 10 = ph: pH
# name 11 = flECO-AFL: Fluorescence, WET Labs ECO-AFL/FL [mg/m^3]
# name 12 = n2satML/L: Nitrogen Saturation [ml/l]
# name 13 = c0S/m: Conductivity [S/m]
# name 14 = cpar: CPAR/Corrected Irradiance [%]
# name 15 = sigma-é00: Density [sigma-theta, kg/m^3]
# name 16 = sigma-t00: Density [sigma-t, kg/m^3 ]
# name 17 = par: PAR/Irradiance, Biospherical/Licor
# name 18 = prDM: Pressure, Digiquartz [db]
# name 19 = pumps: Pump Status
# name 20 = scan: Scan Count
# name 21 = svCM: Sound Velocity [Chen-Millero, m/s]
# name 22 = spar: SPAR, Biospherical/Licor
# name 23 = specc: Specific Conductance [uS/cm]
# name 24 = timeS: Time, Elapsed [seconds]
# name 25 = timeY: Time, System [seconds]
# name 26 = accM: Acceleration [m/s^2]
# name 27 = dz/dtM: Descent Rate [m/s]
# name 28 = latitude: Latitude [deg]
# name 29 = longitude: Longitude [deg]
# name 30 = flag: flag
# span 0 =      1.463,     49.143       
# span 1 =     6.9062,    14.7948       
# span 2 =    31.1149,    33.0248       
# span 3 =  1023.0749,  1026.0989       
# span 4 =     2.0572,     2.8907       
# span 5 =     4.9627,     7.0460       
# span 6 =     78.063,    120.366       
# span 7 =   -0.09745,    0.09566       
# span 8 =    5.83422,    6.85645       
# span 9 =    5.82913,    6.86581       
# span 10 =      7.869,      8.051      
# span 11 =     0.0289,     1.0608      
# span 12 =   10.64014,   12.31781      
# span 13 =   3.336596,   3.906444      
# span 14 = 3.0010e-02, 5.7505e+01      
# span 15 =    23.0661,    25.8723      
# span 16 =    23.0661,    25.8717      
# span 17 = 4.8520e-01, 1.0197e+03      
# span 18 =      1.500,     49.500      
# span 19 =          1,          1      
# span 20 =        417,      17170      
# span 21 =    1476.30,    1502.20      
# span 22 = 1.5709e+03, 1.9195e+03      
# span 23 =  48317.851,  52370.159      
# span 24 =     17.332,    715.366      
# span 25 = 1621873497, 1621874195      
# span 26 =      -1.00,       1.04      
# span 27 =     -1.141,      1.184      
# span 28 =   40.43106,   40.43118      
# span 29 =  -72.38764,  -72.38688      
# span 30 = 0.0000e+00, 0.0000e+00      
# interval = decibars: 0.5              
# start_time = May 24 2021 16:24:40 [System UTC, first data scan.]
# bad_flag = -9.990e-29
*END*
[from data line 141]
     26.297     8.1958    32.5646  1025.4544     2.4019     6.3297     95.146    0.00364    6.65262    6.65844      7.963     0.3797   11.98629   3.412756 1.6925e+00    25.3335    25.3331 3.0511e+01     26.500          1      11719    1480.63 1.8027e+03  51387.641    488.256 1621873968      -0.21     -0.245   40.43118  -72.38740 0.0000e+00
     25.798     8.2350    32.5483  1025.4335     2.4069     6.3409     95.445    0.00440    6.64351    6.64918      7.964     0.3902   11.97146   3.414585 1.8151e+00    25.3149    25.3145 3.2754e+01     26.000          1      11743    1480.75 1.8045e+03  51355.222    489.257 1621873969      -0.14     -0.438   40.43118  -72.38740 0.0000e+00
     25.299     8.2829    32.5409  1025.4183     2.4136     6.3710     95.897    0.00569    6.64365    6.64933      7.967     0.3983   11.97163   3.418447 1.9542e+00    25.3020    25.3017 3.5170e+01     25.500          1      11769    1480.92 1.7998e+03  51333.545    490.332 1621873970       0.03     -0.488   40.43118  -72.38740 0.0000e+00
     24.807     8.4193    32.5109  1025.3722     2.4249     6.3850     96.359    0.00511    6.62630    6.63170      7.969     0.3632   11.94327   3.427362 2.1294e+00    25.2583    25.2579 3.7722e+01     25.000          1      11825    1481.38 1.7722e+03  51259.595    492.681 1621873972      -0.08     -0.231   40.43118  -72.38740 0.0000e+00
     24.312     8.4571    32.5068  1025.3611     2.4353     6.3909     96.839    0.00541    6.59951    6.60447      7.971     0.3764   11.89955   3.430125 2.1439e+00    25.2494    25.2491 3.8978e+01     24.500          1      11877    1481.51 1.8181e+03  51245.226    494.820 1621873974      -0.67     -0.312   40.43118  -72.38740 0.0000e+00
     23.803     8.4979    32.4953  1025.3436     2.4399     6.4107     97.217    0.00718    6.59425    6.59914      7.971     0.3771   11.89096   3.433009 2.2515e+00    25.2343    25.2340 4.1584e+01     24.000          1      11891    1481.64 1.8469e+03  51219.615    495.413 1621873975      -0.40     -0.667   40.43118  -72.38740 0.0000e+00
     23.314     8.6467    32.4610  1025.2920     2.4489     6.4232     97.604    0.00689    6.58095    6.58562      7.971     0.3692   11.86930   3.442873 2.4615e+00    25.1850    25.1846 4.5421e+01     23.500          1      11924    1482.15 1.8453e+03  51137.914    496.774 1621873976       0.23     -0.499   40.43118  -72.38740 0.0000e+00
     22.823     8.8341    32.4111  1025.2220     2.4624     6.4315     98.104    0.00563    6.55581    6.56010      7.977     0.3587   11.82803   3.454573 2.6788e+00    25.1174    25.1170 4.9429e+01     23.000          1      11979    1482.78 1.8451e+03  51026.519    499.098 1621873979      -0.02     -0.193   40.43118  -72.38742 0.0000e+00
     22.323     8.9836    32.3780  1025.1706     2.4768     6.4838     98.980    0.00760    6.55064    6.55487      7.983     0.3906   11.81946   3.464723 2.9706e+00    25.0684    25.0680 5.3340e+01     22.500          1      12025    1483.29 1.7981e+03  50947.683    501.015 1621873981      -0.05     -0.261   40.43118  -72.38742 0.0000e+00
     21.846     9.1270    32.3732  1025.1424     2.5018     6.5310    100.123    0.00727    6.52293    6.52673      7.988     0.4614   11.77407   3.476862 2.9319e+00    25.0424    25.0420 5.1334e+01     22.000          1      12112    1483.80 1.7527e+03  50911.048    504.626 1621873984      -0.54     -0.052   40.43118  -72.38742 0.0000e+00
     21.331     9.1816    32.3664  1025.1261     2.5029     6.5499    100.164    0.00671    6.53916    6.54320      7.989     0.4576   11.80084   3.480924 3.0040e+00    25.0285    25.0281 5.5467e+01     21.500          1      12120    1483.99 1.8465e+03  50889.896    504.951 1621873985      -0.79     -0.465   40.43118  -72.38742 0.0000e+00
     20.817     9.2506    32.3547  1025.1037     2.5047     6.5578    100.122    0.00495    6.54989    6.55410      7.989     0.4502   11.81830   3.485669 3.3122e+00    25.0085    25.0081 6.0780e+01     21.000          1      12205    1484.22 1.8352e+03  50858.642    508.497 1621873988      -0.32     -0.786   40.43118  -72.38742 0.0000e+00
     20.335     9.5430    32.3269  1025.0330     2.5325     6.5311    101.204    0.00397    6.45350    6.45633      7.999     0.3704   11.65968   3.507906 3.3170e+00    24.9401    24.9397 5.9399e+01     20.500          1      13632    1485.25 1.7909e+03  50761.107    567.954 1621874048       0.23     -0.599   40.43114  -72.38749 0.0000e+00
     19.846     9.7928    32.2935  1024.9641     2.5441     6.5342    101.684    0.00357    6.42600    6.42844      8.000     0.2783   11.61446   3.527307 3.5432e+00    24.8736    24.8732 6.2460e+01     20.000          1      13835    1486.11 1.7628e+03  50665.534    576.433 1621874056       0.05     -0.183   40.43114  -72.38751 0.0000e+00
     19.351     9.9723    32.2679  1024.9125     2.5464     6.5192    101.553    0.00089    6.41950    6.42184      7.997     0.2767   11.60371   3.540392 3.6971e+00    24.8242    24.8239 6.4615e+01     19.500          1      13889    1486.73 1.7478e+03  50595.251    578.647 1621874058      -0.10     -0.229   40.43114  -72.38752 0.0000e+00
     18.853    10.0338    32.2661  1024.8985     2.5467     6.5150    101.500    0.00023    6.41869    6.42103      7.996     0.2344   11.60236   3.545431 3.8968e+00    24.8126    24.8122 6.7911e+01     19.000          1      13930    1486.94 1.7427e+03  50580.926    580.376 1621874060       0.06     -0.290   40.43114  -72.38752 0.0000e+00
     18.363    10.0500    32.2644  1024.8923     2.5453     6.5000    101.328   -0.00086    6.41478    6.41705      7.996     0.2209   11.59591   3.546423 4.0982e+00    24.8086    24.8083 7.1505e+01     18.500          1      13968    1486.99 1.7449e+03  50575.276    581.950 1621874062      -0.21     -0.252   40.43114  -72.38752 0.0000e+00
     17.854    10.0500    32.2669  1024.8920     2.5453     6.4988    101.342   -0.00055    6.41270    6.41495      7.996     0.2278   11.59249   3.546539 4.3732e+00    24.8106    24.8102 7.6067e+01     18.000          1      13992    1486.98 1.7395e+03  50578.519    582.941 1621874063      -0.06     -0.466   40.43114  -72.38752 0.0000e+00
     17.376    10.0827    32.2638  1024.8819     2.5469     6.5034    101.523    0.00085    6.40591    6.40807      7.997     0.2371   11.58137   3.549113 4.4631e+00    24.8027    24.8024 7.7179e+01     17.500          1      14039    1487.09 1.7292e+03  50567.896    584.917 1621874065       0.14     -0.181   40.43114  -72.38752 0.0000e+00
     16.866    10.0944    32.2648  1024.8784     2.5489     6.5153    101.700    0.00175    6.40635    6.40851      7.997     0.2332   11.58209   3.550256 4.7909e+00    24.8015    24.8012 8.2570e+01     17.000          1      14058    1487.12 1.7235e+03  50566.875    585.725 1621874065      -0.35     -0.384   40.43114  -72.38752 0.0000e+00
     16.366    10.1373    32.2523  1024.8592     2.5538     6.5089    101.996    0.00307    6.38162    6.38341      7.998     0.2385   11.54166   3.552647 5.2404e+00    24.7846    24.7843 8.9857e+01     16.500          1      14110    1487.25 1.7147e+03  50540.818    587.882 1621874068      -0.19     -0.417   40.43114  -72.38752 0.0000e+00
     15.873    10.2660    32.2323  1024.8198     2.5647     6.5081    102.717    0.00647    6.33591    6.33705      7.997     0.2436   11.46676   3.562790 5.3400e+00    24.7475    24.7472 9.0864e+01     16.000          1      14179    1487.69 1.7016e+03  50489.153    590.730 1621874070      -0.32     -0.407   40.43114  -72.38752 0.0000e+00
     15.379    10.4591    32.1892  1024.7511     2.5710     6.5134    102.963    0.00600    6.32595    6.32695      7.998     0.2382   11.45038   3.576002 5.7607e+00    24.6812    24.6809 9.7321e+01     15.500          1      14206    1488.32 1.6895e+03  50394.032    591.868 1621874072       0.07     -0.502   40.43113  -72.38752 0.0000e+00
     14.888    10.6407    32.1448  1024.6833     2.5767     6.5081    103.126    0.00487    6.31080    6.31160      8.000     0.2580   11.42531   3.587592 5.8984e+00    24.6156    24.6153 9.9140e+01     15.000          1      14236    1488.90 1.6808e+03  50299.066    593.109 1621874073       0.01     -0.384   40.43112  -72.38752 0.0000e+00
     14.387    10.7090    32.1358  1024.6622     2.5814     6.5179    103.327    0.00458    6.30803    6.30879      8.001     0.2712   11.42095   3.592734 6.1940e+00    24.5968    24.5966 1.0406e+02     14.500          1      14257    1489.13 1.6800e+03  50275.379    594.010 1621874074      -0.15     -0.472   40.43112  -72.38752 0.0000e+00
     13.886    10.8055    32.1285  1024.6375     2.5861     6.5353    103.532    0.00416    6.31235    6.31317      8.002     0.2670   11.42797   3.600066 6.8586e+00    24.5744    24.5741 1.1621e+02     14.000          1      14312    1489.45 1.6940e+03  50247.514    596.300 1621874076       0.06     -0.502   40.43112  -72.38752 0.0000e+00
     13.393    10.9568    32.1067  1024.5919     2.5912     6.5213    103.561    0.00190    6.29704    6.29765      8.003     0.2701   11.40282   3.610777 7.5010e+00    24.5311    24.5309 1.2869e+02     13.500          1      14441    1489.95 1.7156e+03  50191.661    601.672 1621874081      -0.04     -0.416   40.43112  -72.38752 0.0000e+00
     12.892    10.9909    32.1014  1024.5795     2.5933     6.5202    103.558    0.00061    6.29618    6.29678      8.005     0.2512   11.40137   3.612817 8.0464e+00    24.5210    24.5207 1.3880e+02     13.000          1      14515    1490.06 1.7249e+03  50178.186    604.742 1621874084      -0.21     -0.234   40.43112  -72.38752 0.0000e+00
     12.400    11.0487    32.0985  1024.5648     2.6044     6.5405    104.384    0.00493    6.26577    6.26594      8.005     0.2581   11.35177   3.618043 8.5976e+00    24.5086    24.5083 1.5110e+02     12.500          1      14650    1490.25 1.7573e+03  50164.170    610.387 1621874090       0.03     -0.498   40.43112  -72.38752 0.0000e+00
     11.899    11.1903    32.0687  1024.5144     2.6031     6.5369    104.048    0.00114    6.28261    6.28302      8.011     0.2538   11.37911   3.627596 9.1175e+00    24.4604    24.4602 1.6057e+02     12.000          1      15236    1490.71 1.7621e+03  50099.398    634.794 1621874115       0.07     -0.398   40.43111  -72.38755 0.0000e+00
     11.401    11.2027    32.0738  1024.5138     2.6151     6.4921    104.945    0.00747    6.18628    6.18535      8.016     0.2442   11.22175   3.629449 9.9375e+00    24.4621    24.4619 1.7470e+02     11.500          1      16285    1490.75 1.7581e+03  50103.806    678.515 1621874158      -0.02     -0.691   40.43110  -72.38759 0.0000e+00
     10.921    11.7197    31.9519  1024.3238     2.6495     6.4412    106.907    0.01541    6.02497    6.02207      8.017     0.2291   10.95526   3.664349 1.0521e+01    24.2744    24.2742 1.8665e+02     11.000          1      16457    1492.40 1.7742e+03  49852.781    685.660 1621874165       0.20     -0.159   40.43111  -72.38762 0.0000e+00
     10.423    12.0173    31.9211  1024.2429     2.6665     6.4979    108.009    0.01958    6.01607    6.01299      8.021     0.2703   10.94170   3.691961 1.0433e+01    24.1958    24.1955 1.8581e+02     10.500          1      16486    1493.38 1.7810e+03  49769.730    686.882 1621874167      -0.28     -0.337   40.43110  -72.38762 0.0000e+00
      9.920    12.7187    31.8574  1024.0587     2.6681     6.4695    107.248    0.00745    6.03216    6.02934      8.026     0.2569   10.96722   3.748495 1.2005e+01    24.0140    24.0138 2.1319e+02     10.000          1      16505    1495.69 1.7759e+03  49576.401    687.665 1621874167      -0.20     -0.533   40.43110  -72.38762 0.0000e+00
      9.423    13.1439    31.7493  1023.8901     2.6584     6.3040    105.937   -0.00219    5.95095    5.94716      8.024     0.2290   10.83349   3.773031 1.3068e+01    23.8477    23.8475 2.3089e+02      9.500          1      16540    1496.98 1.7667e+03  49371.156    689.131 1621874169      -0.01     -0.440   40.43110  -72.38762 0.0000e+00
      8.940    13.5840    31.7288  1023.7850     2.6731     6.2878    107.166    0.00715    5.86732    5.86261      8.022     0.1957   10.69478   3.810003 1.4041e+01    23.7449    23.7446 2.4760e+02      9.000          1      16594    1498.42 1.7634e+03  49287.763    691.378 1621874171      -0.58     -0.165   40.43110  -72.38762 0.0000e+00
      8.433    13.8340    31.7022  1023.7117     2.6718     6.2455    106.701    0.00165    5.85331    5.84841      8.021     0.1894   10.67206   3.830162 1.4345e+01    23.6739    23.6736 2.5295e+02      8.500          1      16607    1499.20 1.7632e+03  49221.600    691.913 1621874172      -0.64     -0.531   40.43110  -72.38762 0.0000e+00
      7.935    14.0407    31.6456  1023.6237     2.6746     6.2469    106.744    0.00026    5.85215    5.84724      8.021     0.1692   10.67015   3.841206 1.5518e+01    23.5882    23.5879 2.7334e+02      8.000          1      16621    1499.80 1.7614e+03  49117.338    692.480 1621874172      -0.32     -0.809   40.43110  -72.38762 0.0000e+00
      7.434    14.1303    31.6659  1023.6187     2.6723     6.2404    106.673    0.00087    5.85002    5.84508      8.022     0.1605   10.66657   3.851921 1.8008e+01    23.5854    23.5852 3.1672e+02      7.500          1      16636    1500.11 1.7588e+03  49136.629    693.132 1621874173       0.05     -0.868   40.43110  -72.38762 0.0000e+00
      6.938    14.3970    31.6686  1023.5633     2.6581     6.1796    105.605   -0.00461    5.85162    5.84671      8.023     0.1448   10.66923   3.876562 1.9430e+01    23.5322    23.5320 3.4116e+02      7.000          1      16675    1500.97 1.7558e+03  49111.514    694.765 1621874174       0.04     -0.527   40.43110  -72.38762 0.0000e+00
      6.450    14.6054    31.6481  1023.5019     2.6431     6.1308    105.023   -0.00194    5.83759    5.83253      8.020     0.1325   10.64582   3.889968 1.9538e+01    23.4730    23.4728 3.4332e+02      6.500          1      16738    1501.62 1.7572e+03  49059.307    697.377 1621874177      -0.65     -0.344   40.43110  -72.38762 0.0000e+00
      5.944    14.6536    31.6636  1023.5014     2.6418     6.1322    104.975   -0.00164    5.84158    5.83656      8.021     0.1211   10.65246   3.895993 2.2104e+01    23.4748    23.4747 3.8730e+02      6.000          1      16756    1501.78 1.7524e+03  49076.117    698.109 1621874178      -0.15     -0.646   40.43110  -72.38762 0.0000e+00
      5.464    14.7739    31.6591  1023.4704     2.6369     6.1094    104.645   -0.00278    5.83820    5.83316      8.024     0.0944   10.64670   3.905550 2.4473e+01    23.4460    23.4458 4.2643e+02      5.500          1      16801    1502.15 1.7422e+03  49057.382    700.015 1621874180       0.30     -0.256   40.43110  -72.38762 0.0000e+00
      4.966    14.7376    31.6546  1023.4723     2.6378     6.1184    104.872    0.00005    5.83422    5.82913      8.023     0.0805   10.64014   3.900849 2.5650e+01    23.4501    23.4500 4.4827e+02      5.000          1      16828    1502.02 1.7476e+03  49054.496    701.117 1621874181      -0.36     -0.320   40.43110  -72.38762 0.0000e+00
      4.462    14.7237    31.6636  1023.4799     2.6382     6.1222    104.926    0.00059    5.83474    5.82965 -9.990e-29     0.0563   10.64099   3.900853 2.8531e+01    23.4600    23.4598 4.9775e+02      4.500          1      16844    1501.98 1.7447e+03  49068.303    701.794 1621874181      -0.33     -0.575   40.43110  -72.38762 0.0000e+00
      3.964    14.7639    31.6664  1023.4713     2.6372     6.1157    104.811   -0.00028    5.83501    5.82993 -9.990e-29     0.0591   10.64144   3.904568 3.2043e+01    23.4536    23.4535 5.5733e+02      4.000          1      16873    1502.11 1.7395e+03  49067.712    702.996 1621874183       0.12     -0.531   40.43111  -72.38763 0.0000e+00
