CalculateIndicators/WaterTemperature/Data/CTD_NYOS/20210524_C28.cnv
* Sea-Bird SBE 9 Data File:
* FileName = C:\Seabird 9 CTD\Data\2021\202105_offshore\20210524_C28.hex
* Software Version Seasave V 7.23.2
* Temperature SN = 4590
* Conductivity SN = 3228
* Number of Bytes Per Scan = 44
* Number of Voltage Words = 5
* Number of Scans Averaged by the Deck Unit = 1
* NMEA Latitude = 39 47.09 N
* NMEA Longitude = 072 08.78 W
* NMEA UTC (Time) = May 24 2021  23:20:28
* NMEA baud rate = 4800
** Ship: seawolf
** Station: 3.4
** Operator: eih
# nquan = 31
# nvalues = 388                         
# units = specified
# name 0 = depSM: Depth [salt water, m]
# name 1 = t090C: Temperature [ITS-90, deg C]
# name 2 = sal00: Salinity, Practical [PSU]
# name 3 = density00: Density [density, kg/m^3]
# name 4 = sbeox0V: Oxygen raw, SBE 43 [V]
# name 5 = sbeox0ML/L: Oxygen, SBE 43 [ml/l]
# name 6 = sbeox0PS: Oxygen, SBE 43 [% saturation]
# name 7 = sbox0dV/dT: Oxygen, SBE 43 [dov/dt]
# name 8 = oxsolML/L: Oxygen Saturation, Garcia & Gordon [ml/l]
# name 9 = oxsatML/L: Oxygen Saturation, Weiss [ml/l]
# name 10 = ph: pH
# name 11 = flECO-AFL: Fluorescence, WET Labs ECO-AFL/FL [mg/m^3]
# name 12 = n2satML/L: Nitrogen Saturation [ml/l]
# name 13 = c0S/m: Conductivity [S/m]
# name 14 = cpar: CPAR/Corrected Irradiance [%]
# name 15 = sigma-é00: Density [sigma-theta, kg/m^3]
# name 16 = sigma-t00: Density [sigma-t, kg/m^3 ]
# name 17 = par: PAR/Irradiance, Biospherical/Licor
# name 18 = prDM: Pressure, Digiquartz [db]
# name 19 = pumps: Pump Status
# name 20 = scan: Scan Count
# name 21 = svCM: Sound Velocity [Chen-Millero, m/s]
# name 22 = spar: SPAR, Biospherical/Licor
# name 23 = specc: Specific Conductance [uS/cm]
# name 24 = timeS: Time, Elapsed [seconds]
# name 25 = timeY: Time, System [seconds]
# name 26 = accM: Acceleration [m/s^2]
# name 27 = dz/dtM: Descent Rate [m/s]
# name 28 = latitude: Latitude [deg]
# name 29 = longitude: Longitude [deg]
# name 30 = flag: flag
# span 0 =      2.464,     98.736       
# span 1 =     6.8561,    13.1606       
# span 2 =    32.2837,    34.5108       
# span 3 =  1024.2844,  1026.8617       
# span 4 =     2.0058,     2.8245       
# span 5 =     4.6917,     7.0956       
# span 6 =     75.490,    115.650       
# span 7 =   -0.08139,    0.08270       
# span 8 =    5.99031,    6.86186       
# span 9 =    5.98764,    6.87137       
# span 10 =      7.901,      8.122      
# span 11 =    -0.0529,     1.0515      
# span 12 =   10.88724,   12.32602      
# span 13 =   3.337066,   3.873029      
# span 14 = -4.320e-05, 8.4181e+00      
# span 15 =    24.2711,    26.4153      
# span 16 =    24.2710,    26.4132      
# span 17 = -2.252e-04, 3.1260e+01      
# span 18 =      2.500,     99.500      
# span 19 =          1,          1      
# span 20 =        131,      18205      
# span 21 =    1476.39,    1498.12      
# span 22 = 2.8095e+02, 8.4052e+02      
# span 23 =  50119.844,  53619.470      
# span 24 =      5.409,    758.512      
# span 25 = 1621898430, 1621899183      
# span 26 =      -1.59,       1.21      
# span 27 =     -2.058,      1.794      
# span 28 =   39.78316,   39.78486      
# span 29 =  -72.14966,  -72.14650      
# span 30 = 0.0000e+00, 0.0000e+00      
# interval = decibars: 0.5              
# start_time = May 24 2021 23:20:25 [System UTC, first data scan.]
# bad_flag = -9.990e-29
*END*
[from data line 328]
     31.733     7.5231    32.8836  1025.8268     2.4141     6.4901     96.359    0.00761    6.73531    6.74269      7.994     1.0049   12.11906   3.384581 2.7144e-01    25.6805    25.6800 1.3371e+00     32.000          1      13293    1478.56 4.9356e+02  52006.011    553.828 1621898979      -0.60     -1.547   39.78364  -72.14874 0.0000e+00
     31.240     7.5790    32.8750  1025.8099     2.4181     6.5120     96.685    0.00899    6.73524    6.74262      7.994     1.0008   12.11894   3.387640 2.6124e-01    25.6659    25.6655 1.4971e+00     31.500          1      13302    1478.75 5.7308e+02  51978.741    554.218 1621898979       0.01     -1.646   39.78364  -72.14874 0.0000e+00
     30.746     7.5785    32.8697  1025.8035     2.4242     6.5383     97.082    0.01001    6.73477    6.74215      7.995     0.9790   12.11818   3.388020 2.7452e-01    25.6617    25.6613 1.6513e+00     31.000          1      13316    1478.74 6.0139e+02  51972.551    554.797 1621898980       0.58     -1.414   39.78364  -72.14875 0.0000e+00
     30.266     7.7258    32.8442  1025.7603     2.4401     6.5668     97.623    0.00765    6.72666    6.73389      7.997     0.8740   12.10499   3.398023 2.7727e-01    25.6209    25.6205 1.6499e+00     30.500          1      13367    1479.26 5.9504e+02  51898.925    556.918 1621898982       0.25     -0.326   39.78363  -72.14877 0.0000e+00
     29.765     7.7503    32.8380  1025.7497     2.4493     6.5752     97.813    0.00498    6.72224    6.72941      8.000     0.8145   12.09772   3.399497 3.3965e-01    25.6126    25.6122 1.7684e+00     30.000          1      13410    1479.34 5.2442e+02  51884.077    558.729 1621898983      -0.14     -0.331   39.78362  -72.14878 0.0000e+00
     29.270     7.8060    32.8236  1025.7281     2.4600     6.6025     98.202    0.00340    6.72336    6.73054      8.003     0.7300   12.09951   3.402818 3.9957e-01    25.5933    25.5929 2.0433e+00     29.500          1      13531    1479.52 5.1663e+02  51849.638    563.766 1621898988       0.08     -0.325   39.78361  -72.14880 0.0000e+00
     28.764     7.8348    32.8229  1025.7210     2.4676     6.6341     98.607    0.00357    6.72784    6.73510      8.003     0.7164   12.10681   3.405012 3.6050e-01    25.5886    25.5882 2.1737e+00     29.000          1      13809    1479.62 6.0161e+02  51841.129    575.325 1621899000      -0.19     -0.614   39.78358  -72.14885 0.0000e+00
     28.262     7.8256    32.8251  1025.7218     2.4682     6.6427     98.684    0.00397    6.73121    6.73853      8.003     0.7054   12.11229   3.404153 3.9498e-01    25.5917    25.5913 2.3456e+00     28.500          1      14116    1479.58 5.9383e+02  51846.428    588.138 1621899013      -0.16     -1.043   39.78354  -72.14891 0.0000e+00
     27.771     7.8360    32.8222  1025.7157     2.4354     6.4628     96.501   -0.00105    6.69655    6.70329      8.013     0.6548   12.05569   3.405001 4.1775e-01    25.5879    25.5875 2.4414e+00     28.000          1      14701    1479.61 5.8435e+02  51839.976    612.483 1621899037       0.24     -1.048   39.78348  -72.14902 0.0000e+00
     27.276     7.8590    32.8127  1025.7027     2.4113     6.3267     94.897   -0.00473    6.66687    6.67317      8.025     0.6261   12.00674   3.406063 4.4363e-01    25.5771    25.5767 2.5754e+00     27.500          1      15043    1479.68 5.8054e+02  51819.682    626.766 1621899051       0.16     -0.996   39.78344  -72.14908 0.0000e+00
     26.785     7.9011    32.7920  1025.6781     2.4123     6.3416     95.144   -0.00250    6.66529    6.67158      8.030     0.6264   12.00395   3.408004 4.8244e-01    25.5548    25.5544 2.7816e+00     27.000          1      15081    1479.81 5.7665e+02  51780.114    628.314 1621899053       0.29     -0.776   39.78344  -72.14908 0.0000e+00
     26.307     8.1982    32.7744  1025.6186     2.4493     6.5311     98.668    0.01706    6.61938    6.62498      8.040     0.5948   11.92835   3.433152 6.6037e-01    25.4977    25.4973 2.8966e+00     26.500          1      15144    1480.90 4.4165e+02  51685.372    630.973 1621899056       0.04     -0.064   39.78344  -72.14910 0.0000e+00
     25.811     8.1858    32.7984  1025.6370     2.4727     6.6229    100.286    0.02242    6.60401    6.60940      8.044     0.5496   11.90285   3.433747 7.1598e-01    25.5183    25.5180 2.9946e+00     26.000          1      15168    1480.88 4.1797e+02  51721.822    631.945 1621899057      -0.53     -0.295   39.78344  -72.14910 0.0000e+00
     25.303     8.2449    32.7870  1025.6169     2.4829     6.6488    100.789    0.02265    6.59680    6.60208      8.047     0.5430   11.89107   3.439374 7.1523e-01    25.5006    25.5003 3.2005e+00     25.500          1      15179    1481.08 4.4748e+02  51691.202    632.417 1621899057      -0.63     -0.591   39.78344  -72.14910 0.0000e+00
     24.789     8.3522    32.7770  1025.5907     2.4945     6.6759    101.289    0.02210    6.59093    6.59612      8.048     0.5246   11.88133   3.447544 7.2452e-01    25.4768    25.4765 3.4730e+00     25.000          1      15191    1481.46 4.7925e+02  51652.416    632.934 1621899058      -0.40     -0.865   39.78344  -72.14910 0.0000e+00
     24.320     8.6054    32.7684  1025.5436     2.5336     6.7309    102.994    0.02123    6.53542    6.53981      8.061     0.5031   11.78971   3.469574 6.9090e-01    25.4321    25.4317 3.7530e+00     24.500          1      15236    1482.39 5.4458e+02  51583.457    634.786 1621899059       0.07     -0.338   39.78344  -72.14911 0.0000e+00
     23.830     8.6920    32.7708  1025.5301     2.5578     6.7959    104.215    0.02196    6.52102    6.52522      8.070     0.4643   11.76573   3.477203 6.8291e-01    25.4208    25.4204 3.8725e+00     24.000          1      15261    1482.71 5.6702e+02  51567.862    635.850 1621899061      -0.71     -0.243   39.78344  -72.14912 0.0000e+00
     23.320     8.7661    32.7586  1025.5067     2.5676     6.8452    104.814    0.02302    6.53084    6.53518      8.073     0.4620   11.78203   3.483075 7.2237e-01    25.3998    25.3995 4.1073e+00     23.500          1      15271    1482.96 5.6857e+02  51532.597    636.241 1621899061      -0.88     -0.580   39.78344  -72.14912 0.0000e+00
     22.814     8.8550    32.7579  1025.4901     2.5771     6.8559    105.308    0.02383    6.51037    6.51441      8.073     0.4271   11.74827   3.491729 7.7103e-01    25.3856    25.3853 4.3940e+00     23.000          1      15280    1483.28 5.6986e+02  51513.980    636.631 1621899061      -0.76     -0.906   39.78344  -72.14912 0.0000e+00
     22.313     8.9170    32.7659  1025.4845     2.5872     6.8779    105.810    0.02413    6.50024    6.50414      8.075     0.4097   11.73146   3.496986 8.3715e-01    25.3823    25.3819 4.7667e+00     22.500          1      15291    1483.52 5.6941e+02  51512.153    637.080 1621899062      -0.34     -1.148   39.78344  -72.14912 0.0000e+00
     21.817     9.0512    32.7600  1025.4566     2.6043     6.9293    106.628    0.02387    6.49854    6.50243      8.077     0.3805   11.72858   3.509385 9.2799e-01    25.3567    25.3564 5.2472e+00     22.000          1      15308    1484.00 5.6554e+02  51474.008    637.775 1621899063       0.31     -1.072   39.78344  -72.14912 0.0000e+00
     21.345     9.3832    32.7548  1025.3978     2.6872     6.9984    110.307    0.02400    6.34473    6.34648      8.065     0.3039   11.47475   3.538104 1.3790e+00    25.3003    25.2999 5.1923e+00     21.500          1      15405    1485.21 3.8085e+02  51398.641    641.828 1621899067      -0.43     -0.245   39.78344  -72.14914 0.0000e+00
     20.847     9.5170    32.7438  1025.3653     2.6970     6.9591    110.605    0.02334    6.29184    6.29288      8.062     0.2960   11.38729   3.549347 1.3676e+00    25.2701    25.2697 5.5760e+00     21.000          1      15424    1485.67 4.0751e+02  51355.599    642.624 1621899067      -0.72     -0.557   39.78344  -72.14914 0.0000e+00
     20.344     9.8025    32.6983  1025.2807     2.6960     6.9097    110.004    0.01680    6.28126    6.28216      8.062     0.2968   11.36984   3.576086 1.2816e+00    25.1879    25.1876 6.1254e+00     20.500          1      15433    1486.65 4.7843e+02  51237.967    642.983 1621899068      -0.64     -0.835   39.78344  -72.14914 0.0000e+00
     19.839    10.2206    32.6859  1025.1991     2.6973     6.8722    109.469    0.00948    6.27782    6.27868      8.062     0.2966   11.36409   3.609577 1.2386e+00    25.1088    25.1084 6.6789e+00     20.000          1      15442    1488.14 5.3934e+02  51134.978    643.379 1621899068      -0.47     -1.054   39.78344  -72.14914 0.0000e+00
     19.337    10.3143    32.6978  1025.1903     2.6976     6.8390    109.014    0.00382    6.27348    6.27428      8.062     0.2652   11.35686   3.617386 1.2845e+00    25.1023    25.1019 7.2337e+00     19.500          1      15453    1488.48 5.6304e+02  51138.034    643.829 1621899069      -0.16     -1.191   39.78343  -72.14914 0.0000e+00
     18.840    10.3925    32.7083  1025.1828     2.6959     6.8208    108.692    0.00080    6.27537    6.27620      8.062     0.2527   11.35991   3.624573 1.3483e+00    25.0972    25.0968 7.6771e+00     19.000          1      15469    1488.77 5.6937e+02  51139.128    644.499 1621899069       0.32     -1.088   39.78342  -72.14914 0.0000e+00
     18.366    10.8915    32.7083  1025.0942     2.6757     6.6868    107.435   -0.00113    6.22401    6.22418      8.064     0.2308   11.27491   3.670092 2.0401e+00    25.0109    25.0105 7.5308e+00     18.500          1      15568    1490.53 3.8327e+02  51050.397    648.607 1621899073      -0.19     -0.208   39.78342  -72.14918 0.0000e+00
     17.870    10.9254    32.7104  1025.0875     2.6763     6.6787    107.770    0.00343    6.19720    6.19702      8.064     0.2297   11.23064   3.670987 2.2113e+00    25.0065    25.0061 8.1186e+00     18.000          1      15597    1490.65 3.6726e+02  51047.085    649.828 1621899075      -0.64     -0.425   39.78342  -72.14918 0.0000e+00
     17.363    11.0267    32.6897  1025.0513     2.6794     6.6932    108.041    0.00507    6.19501    6.19477      8.064     0.2297   11.22734   3.680214 2.0226e+00    24.9726    24.9722 8.7789e+00     17.500          1      15608    1490.97 4.3499e+02  51000.913    650.278 1621899075      -0.61     -0.722   39.78342  -72.14918 0.0000e+00
     16.856    11.1368    32.7055  1025.0417     2.6827     6.7037    108.274    0.00605    6.19145    6.19120      8.064     0.2227   11.22098   3.689470 1.8183e+00    24.9653    24.9649 9.3358e+00     17.000          1      15620    1491.37 5.1437e+02  51005.305    650.773 1621899076      -0.33     -0.955   39.78342  -72.14918 0.0000e+00
     16.365    11.3023    32.6987  1025.0044     2.6845     6.6952    108.269    0.00505    6.18382    6.18348      8.064     0.2167   11.20831   3.705073 1.7232e+00    24.9303    24.9300 9.6086e+00     16.500          1      15639    1491.93 5.5786e+02  50967.935    651.565 1621899076       0.27     -0.905   39.78342  -72.14918 0.0000e+00
     15.878    11.5583    32.6929  1024.9416     2.6850     6.6609    107.945    0.00085    6.17058    6.17007      8.064     0.2163   11.18634   3.725685 1.6493e+00    24.8698    24.8694 9.3344e+00     16.000          1      15671    1492.79 5.6595e+02  50900.848    652.931 1621899078       0.23     -0.413   39.78342  -72.14918 0.0000e+00
     15.377    11.6617    32.7041  1024.9391     2.6832     6.6545    107.796   -0.00005    6.17321    6.17275      8.066     0.2060   11.19062   3.736726 1.7244e+00    24.8696    24.8692 9.5491e+00     15.500          1      15729    1493.17 5.5395e+02  50918.053    655.339 1621899080      -0.06     -0.330   39.78342  -72.14919 0.0000e+00
     14.874    11.7963    32.7179  1024.9225     2.6816     6.6452    107.699   -0.00025    6.17023    6.16973      8.079     0.2122   11.18557   3.748417 1.8969e+00    24.8553    24.8549 1.0565e+01     15.000          1      16152    1493.64 5.5703e+02  50915.924    672.959 1621899098      -0.04     -0.450   39.78337  -72.14925 0.0000e+00
     14.384    11.8951    32.7257  1024.9080     2.6898     6.6597    108.002   -0.00141    6.16623    6.16568      8.089     0.2188   11.17886   3.757250 1.9417e+00    24.8430    24.8427 1.0781e+01     14.500          1      17106    1493.99 5.5524e+02  50911.454    712.709 1621899137      -0.12     -0.617   39.78328  -72.14942 0.0000e+00
     13.873    11.9102    32.7224  1024.9003     2.6886     6.6445    107.825   -0.00287    6.16228    6.16168      8.089     0.2031   11.17236   3.758402 2.1047e+00    24.8377    24.8374 1.1695e+01     14.000          1      17134    1494.03 5.5565e+02  50904.232    713.860 1621899139       0.01     -0.943   39.78328  -72.14942 0.0000e+00
     13.394    11.9818    32.7203  1024.8831     2.6984     6.6256    108.688    0.00404    6.09594    6.09451      8.088     0.1813   11.06261   3.765068 2.4593e+00    24.8226    24.8223 1.1176e+01     13.500          1      17438    1494.26 4.7137e+02  50890.621    726.531 1621899151      -0.20     -0.259   39.78324  -72.14951 0.0000e+00
     12.914    12.1634    32.7158  1024.8434     2.7071     6.5858    109.211    0.00757    6.03040    6.02819      8.090     0.1489   10.95392   3.780835 2.9940e+00    24.7852    24.7849 1.0270e+01     13.000          1      17488    1494.87 3.4390e+02  50856.602    728.633 1621899153      -1.03     -0.352   39.78324  -72.14950 0.0000e+00
     12.417    12.1959    32.7176  1024.8364     2.7103     6.5881    109.350    0.00749    6.02477    6.02249      8.091     0.1617   10.94452   3.788342 2.5588e+00    24.7804    24.7801 1.1306e+01     12.500          1      17495    1494.97 4.4275e+02  50854.937    728.898 1621899154      -1.02     -0.715   39.78324  -72.14950 0.0000e+00
     11.902    12.4341    32.7125  1024.7848     2.7109     6.5836    109.331    0.00695    6.02175    6.01944      8.091     0.1625   10.93958   3.807621 2.4299e+00    24.7312    24.7309 1.2377e+01     12.000          1      17502    1495.77 5.0933e+02  50812.135    729.209 1621899154      -0.94     -1.023   39.78324  -72.14950 0.0000e+00
     11.401    12.4765    32.6986  1024.7637     2.7096     6.5542    109.148    0.00568    6.00491    6.00240      8.091     0.1625   10.91155   3.809375 2.5643e+00    24.7123    24.7121 1.3686e+01     11.500          1      17510    1495.89 5.3365e+02  50786.731    729.532 1621899154      -0.68     -1.280   39.78324  -72.14950 0.0000e+00
     10.911    12.5493    32.7067  1024.7537     2.7081     6.5358    108.889    0.00319    6.00223    5.99969      8.091     0.1625   10.90714   3.817474 2.7873e+00    24.7046    24.7043 1.5050e+01     11.000          1      17518    1496.14 5.3995e+02  50787.227    729.886 1621899155      -0.31     -1.447   39.78324  -72.14952 0.0000e+00
     10.416    12.6382    32.7075  1024.7350     2.7064     6.5092    108.586    0.00025    5.99458    5.99194      8.091     0.1625   10.89445   3.826599 3.0220e+00    24.6881    24.6879 1.6422e+01     10.500          1      17527    1496.43 5.4337e+02  50776.176    730.265 1621899155       0.00     -1.492   39.78324  -72.14952 0.0000e+00
      9.918    12.7974    32.7047  1024.6997     2.7061     6.5012    108.377   -0.00249    5.99867    5.99608      8.092     0.1521   10.90128   3.841111 3.1927e+00    24.6551    24.6548 1.7428e+01     10.000          1      17537    1496.96 5.4588e+02  50750.772    730.663 1621899155       0.20     -1.444   39.78324  -72.14952 0.0000e+00
      9.419    12.9533    32.7145  1024.6745     2.7056     6.5090    108.343   -0.00286    6.00777    6.00529      8.094     0.1226   10.91631   3.853669 3.2204e+00    24.6322    24.6320 1.7662e+01      9.500          1      17547    1497.48 5.4845e+02  50740.297    731.098 1621899156       0.26     -1.334   39.78324  -72.14952 0.0000e+00
