CalculateIndicators/WaterTemperature/Data/CTD_NYOS/20210324_C25.cnv
* Sea-Bird SBE 9 Data File:
* FileName = C:\Seabird 9 CTD\Data\2021\202103_offshore\20210324_C25.hex
* Software Version Seasave V 7.23.2
* Temperature SN = 4590
* Conductivity SN = 3228
* Number of Bytes Per Scan = 44
* Number of Voltage Words = 5
* Number of Scans Averaged by the Deck Unit = 1
* NMEA Latitude = 39 48.68 N
* NMEA Longitude = 072 30.36 W
* NMEA UTC (Time) = Mar 24 2021  15:51:07
* NMEA baud rate = 4800
** Ship: RV Seawolf
** Station: 4.4
** Operator: EIH
# nquan = 31
# nvalues = 121                         
# units = specified
# name 0 = depSM: Depth [salt water, m]
# name 1 = t090C: Temperature [ITS-90, deg C]
# name 2 = sal00: Salinity, Practical [PSU]
# name 3 = density00: Density [density, kg/m^3]
# name 4 = sbeox0V: Oxygen raw, SBE 43 [V]
# name 5 = sbeox0ML/L: Oxygen, SBE 43 [ml/l]
# name 6 = sbeox0PS: Oxygen, SBE 43 [% saturation]
# name 7 = sbox0dV/dT: Oxygen, SBE 43 [dov/dt]
# name 8 = oxsolML/L: Oxygen Saturation, Garcia & Gordon [ml/l]
# name 9 = oxsatML/L: Oxygen Saturation, Weiss [ml/l]
# name 10 = ph: pH
# name 11 = flECO-AFL: Fluorescence, WET Labs ECO-AFL/FL [mg/m^3]
# name 12 = n2satML/L: Nitrogen Saturation [ml/l]
# name 13 = c0S/m: Conductivity [S/m]
# name 14 = cpar: CPAR/Corrected Irradiance [%]
# name 15 = sigma-é00: Density [sigma-theta, kg/m^3]
# name 16 = sigma-t00: Density [sigma-t, kg/m^3 ]
# name 17 = par: PAR/Irradiance, Biospherical/Licor
# name 18 = prDM: Pressure, Digiquartz [db]
# name 19 = pumps: Pump Status
# name 20 = scan: Scan Count
# name 21 = svCM: Sound Velocity [Chen-Millero, m/s]
# name 22 = spar: SPAR, Biospherical/Licor
# name 23 = specc: Specific Conductance [uS/cm]
# name 24 = timeS: Time, Elapsed [seconds]
# name 25 = timeY: Time, System [seconds]
# name 26 = accM: Acceleration [m/s^2]
# name 27 = dz/dtM: Descent Rate [m/s]
# name 28 = latitude: Latitude [deg]
# name 29 = longitude: Longitude [deg]
# name 30 = flag: flag
# span 0 =      1.971,     61.528       
# span 1 =     7.0423,     9.4688       
# span 2 =    33.3374,    34.2734       
# span 3 =  1026.0249,  1026.7546       
# span 4 =     1.9543,     2.6087       
# span 5 =     4.6348,     6.9854       
# span 6 =     71.768,    104.822       
# span 7 =   -0.03454,    0.03450       
# span 8 =    6.43402,    6.81885       
# span 9 =    6.43842,    6.82811       
# span 10 =      8.396,      8.553      
# span 11 =     0.1221,     0.6075      
# span 12 =   11.60443,   12.25081      
# span 13 =   3.382401,   3.692321      
# span 14 = 2.6064e-02, 5.3507e+01      
# span 15 =    26.0151,    26.4744      
# span 16 =    26.0150,    26.4733      
# span 17 = 6.1323e-01, 1.1127e+03      
# span 18 =      2.000,     62.000      
# span 19 =          1,          1      
# span 20 =         59,      15465      
# span 21 =    1477.03,    1488.04      
# span 22 = 1.4060e+03, 2.3702e+03      
# span 23 =  52602.922,  53543.896      
# span 24 =      2.429,    644.328      
# span 25 = 1616601070, 1616601712      
# span 26 =      -0.50,       0.72      
# span 27 =     -0.917,      1.153      
# span 28 =   39.81142,   39.81168      
# span 29 =  -72.50884,  -72.50601      
# span 30 = 0.0000e+00, 0.0000e+00      
# interval = decibars: 1                
# start_time = Mar 24 2021 15:51:08 [System UTC, first data scan.]
# bad_flag = -9.990e-29
*END*
      1.984     8.1006    33.4168  1026.0249 -9.990e-29     6.9721    104.819    0.00002    6.65215    6.65892      8.553     0.2642   11.97468   3.482589 5.3507e+01    26.0158    26.0158 1.1127e+03      2.000          1         59    1480.93 2.0756e+03  52603.243      2.429 1616601070       0.72     -0.260   39.81142  -72.50601 0.0000e+00
      2.975     8.1015    33.4163  1026.0289     2.6087     6.9724    104.822    0.00004    6.65335    6.66015      8.551     0.2283   11.97667   3.482667 4.5008e+01    26.0153    26.0152 9.7082e+02      3.000          1        288    1480.95 2.1614e+03  52602.922     11.970 1616601079       0.09      0.183   39.81142  -72.50605 0.0000e+00
      3.970     8.1006    33.4166  1026.0339     2.6084     6.9730    104.816   -0.00008    6.65436    6.66117      8.552     0.2411   11.97832   3.482655 3.4760e+01    26.0157    26.0156 7.8087e+02      4.000          1        370    1480.96 2.2475e+03  52604.229     15.390 1616601083       0.20      0.386   39.81142  -72.50607 0.0000e+00
      4.963     8.0945    33.4175  1026.0401     2.6076     6.9681    104.757   -0.00034    6.65456    6.66137      8.551     0.2422   11.97865   3.482224 2.8843e+01    26.0173    26.0172 6.4596e+02      5.000          1        419    1480.95 2.2391e+03  52607.667     17.427 1616601085       0.02      0.495   39.81142  -72.50608 0.0000e+00
      5.953     8.0878    33.4177  1026.0458     2.6064     6.9770    104.743   -0.00016    6.65897    6.66585      8.551     0.2673   11.98592   3.481646 2.0994e+01    26.0184    26.0184 4.1970e+02      6.000          1        514    1480.94 2.0165e+03  52610.179     21.372 1616601089      -0.03      0.199   39.81142  -72.50609 0.0000e+00
      6.943     8.0633    33.4194  1026.0553     2.6055     6.9788    104.687   -0.00060    6.66457    6.67154      8.551     0.4089   11.99515   3.479583 1.5326e+01    26.0234    26.0233 3.1427e+02      7.000          1        578    1480.87 2.0988e+03  52619.047     24.025 1616601092       0.30      0.460   39.81142  -72.50611 0.0000e+00
      7.942     8.0410    33.4208  1026.0643     2.6054     6.9837    104.728   -0.00018    6.66665    6.67365      8.551     0.3959   11.99856   3.477703 1.2754e+01    26.0278    26.0276 2.7303e+02      8.000          1        620    1480.80 2.1512e+03  52627.044     25.777 1616601093      -0.10      0.532   39.81144  -72.50612 0.0000e+00
      8.927     8.0016    33.4231  1026.0764     2.6052     6.9854    104.749   -0.00012    6.66976    6.67681      8.550     0.4665   12.00369   3.474484 9.5542e+00    26.0354    26.0353 2.1432e+02      9.000          1        720    1480.67 2.2404e+03  52640.471     29.963 1616601097       0.08      0.124   39.81144  -72.50613 0.0000e+00
      9.927     7.9934    33.4237  1026.0827     2.6039     6.9779    104.642   -0.00065    6.67091    6.67798 -9.990e-29     0.4940   12.00560   3.473813 8.2516e+00    26.0371    26.0370 1.8334e+02     10.000          1        769    1480.66 2.2219e+03  52643.903     32.021 1616601099       0.22      0.546   39.81144  -72.50614 0.0000e+00
     10.915     7.9775    33.4242  1026.0900     2.6024     6.9835    104.616   -0.00036    6.67319    6.68029      8.550     0.5548   12.00936   3.472554 9.2040e+00    26.0398    26.0397 1.6951e+02     11.000          1        851    1480.62 1.9156e+03  52649.148     35.426 1616601103      -0.10      0.254   39.81144  -72.50616 0.0000e+00
     11.908     7.9673    33.4242  1026.0960     2.6012     6.9836    104.575   -0.00049    6.68108    6.68830      8.549     0.6075   12.02244   3.471639 6.4437e+00    26.0413    26.0411 1.4335e+02     12.000          1        918    1480.59 2.2249e+03  52652.172     38.204 1616601106       0.14      0.442   39.81144  -72.50617 0.0000e+00
     12.902     7.9157    33.4208  1026.1055     2.5923     6.9641    103.916   -0.00344    6.71346    6.72114      8.549     0.5625   12.07620   3.466542 5.7926e+00    26.0462    26.0460 1.2849e+02     13.000          1        981    1480.41 2.2181e+03  52660.604     40.827 1616601108      -0.08      0.367   39.81144  -72.50618 0.0000e+00
     13.890     7.5838    33.3854  1026.1300     2.5560     6.8655    101.522   -0.01102    6.78282    6.79152      8.539     0.4748   12.19131   3.432065 6.6317e+00    26.0660    26.0658 1.1004e+02     14.000          1       1080    1479.12 1.6956e+03  52693.394     44.939 1616601112       0.04      0.221   39.81144  -72.50620 0.0000e+00
     14.879     7.2992    33.3581  1026.1533     2.5374     6.8458    100.982   -0.00731    6.78902    6.79782      8.534     0.4809   12.20160   3.404868 5.4884e+00    26.0847    26.0845 9.5867e+01     15.000          1       1134    1478.01 1.8013e+03  52727.419     47.213 1616601115       0.30      0.444   39.81144  -72.50622 0.0000e+00
     15.881     7.2525    33.3528  1026.1602     2.5281     6.8312    100.716   -0.00537    6.79275    6.80159      8.525     0.4699   12.20776   3.400462 4.0332e+00    26.0869    26.0867 8.6018e+01     16.000          1       1183    1477.84 2.1629e+03  52732.669     49.249 1616601117      -0.03      0.513   39.81144  -72.50622 0.0000e+00
     16.854     7.2033    33.3483  1026.1680     2.5052     6.7216     99.647   -0.00555    6.81885    6.82811      8.518     0.4459   12.25081   3.396262 3.2979e+00    26.0902    26.0900 7.4199e+01     17.000          1       1314    1477.66 2.2491e+03  52739.736     54.696 1616601122       0.47      0.198   39.81144  -72.50624 0.0000e+00
     17.855     7.1432    33.3440  1026.1775     2.4948     6.6582     98.704   -0.00982    6.81674    6.82595      8.518     0.4032   12.24741   3.389542 3.2739e+00    26.0951    26.0949 6.6013e+01     18.000          1       1326    1477.44 2.0362e+03  52750.022     55.194 1616601123       0.57      0.785   39.81144  -72.50624 0.0000e+00
     18.870     7.0506    33.3493  1026.1991     2.4836     6.6414     97.840   -0.01295    6.81845    6.82770      8.520     0.4143   12.25022   3.382676 2.6493e+00    26.1119    26.1117 5.8018e+01     19.000          1       1345    1477.10 2.1936e+03  52782.953     55.991 1616601123       0.29      1.153   39.81144  -72.50625 0.0000e+00
     19.852     7.0740    33.3636  1026.2116     2.4739     6.6501     97.797   -0.00382    6.79773    6.80669      8.520     0.3392   12.21563   3.387283 2.3280e+00    26.1200    26.1197 5.0664e+01     20.000          1       1453    1477.23 2.1797e+03  52797.713     60.503 1616601128       0.10      0.767   39.81145  -72.50627 0.0000e+00
     20.840     7.1729    33.3863  1026.2206 -9.990e-29     6.6475     97.995   -0.00011    6.78606    6.79486      8.520     0.2632   12.19616   3.398375 2.4231e+00    26.1243    26.1241 4.5174e+01     21.000          1       1511    1477.65 1.9168e+03  52804.609     62.928 1616601130       0.19      0.877   39.81146  -72.50629 0.0000e+00
     21.836     7.2188    33.3952  1026.2258     2.4618     6.6485     98.015   -0.00002    6.78393    6.79270      8.520     0.2788   12.19259   3.403077 2.0900e+00    26.1250    26.1247 4.1047e+01     22.000          1       1563    1477.86 1.9988e+03  52805.944     65.084 1616601133      -0.03      0.569   39.81146  -72.50630 0.0000e+00
     22.817     7.2714    33.4066  1026.2320     2.4666     6.6589     98.421    0.00189    6.75408    6.76244      8.522     0.3301   12.14279   3.408981 1.5951e+00    26.1268    26.1265 3.5462e+01     23.000          1       1692    1478.09 2.2033e+03  52809.184     70.476 1616601138       0.08      0.094   39.81146  -72.50631 0.0000e+00
     23.809     7.3536    33.4249  1026.2396     2.4737     6.6594     99.008    0.00431    6.74702    6.75528      8.524     0.2995   12.13104   3.418437 1.5898e+00    26.1298    26.1294 3.2691e+01     24.000          1       1727    1478.45 2.0670e+03  52814.605     71.923 1616601139       0.47      0.583   39.81146  -72.50632 0.0000e+00
     24.813     7.4366    33.4429  1026.2466     2.4732     6.6458     98.709    0.00147    6.74751    6.75578      8.523     0.2943   12.13186   3.428003 2.1918e+00    26.1322    26.1319 3.0357e+01     25.000          1       1749    1478.81 1.4061e+03  52819.477     72.842 1616601140       0.28      0.965   39.81146  -72.50633 0.0000e+00
     25.808     7.4709    33.4482  1026.2506     2.4721     6.6392     98.470   -0.00052    6.74724    6.75550      8.522     0.2939   12.13138   3.430824 1.7163e+00    26.1317    26.1313 2.6894e+01     26.000          1       1815    1478.96 1.6464e+03  52819.085     75.596 1616601143      -0.05      0.791   39.81146  -72.50635 0.0000e+00
     26.791     7.4810    33.4516  1026.2564     2.4707     6.6330     98.383   -0.00100    6.74581    6.75405      8.520     0.2442   12.12899   3.431930 1.0875e+00    26.1329    26.1326 2.2678e+01     27.000          1       1919    1479.02 2.0855e+03  52821.932     79.934 1616601147       0.28      0.736   39.81146  -72.50637 0.0000e+00
     27.789     7.4839    33.4523  1026.2611     2.4692     6.6252     98.312   -0.00098    6.74581    6.75406 -9.990e-29     0.2389   12.12899   3.432193 1.1993e+00    26.1330    26.1327 2.0778e+01     28.000          1       1946    1479.05 1.7792e+03  52822.861     81.052 1616601149       0.03      0.896   39.81146  -72.50638 0.0000e+00
     28.780     7.4799    33.4526  1026.2665     2.4658     6.6121     98.170   -0.00070    6.73696    6.74509      8.518     0.2311   12.11416   3.431818 1.2088e+00    26.1339    26.1335 1.8747e+01     29.000          1       2033    1479.05 1.6844e+03  52825.041     84.681 1616601152      -0.00      0.434   39.81146  -72.50638 0.0000e+00
     29.764     7.4935    33.4579  1026.2733     2.4642     6.5754     98.170    0.00016    6.72178    6.72970      8.517     0.1987   12.08875   3.433899 7.6345e-01    26.1362    26.1358 1.6410e+01     30.000          1       2127    1479.13 2.1202e+03  52829.735     88.596 1616601156       0.08      0.434   39.81148  -72.50640 0.0000e+00
     30.764     7.5930    33.4875  1026.2869     2.4593     6.5510     97.644   -0.00288    6.72157    6.72950 -9.990e-29     0.2038   12.08842   3.445772 7.3506e-01    26.1452    26.1448 1.5430e+01     31.000          1       2160    1479.56 2.0993e+03  52847.212     89.974 1616601157       0.12      0.648   39.81147  -72.50640 0.0000e+00
     31.756     7.6202    33.4951  1026.2936     2.4543     6.5499     97.441   -0.00245    6.72162    6.72954 -9.990e-29     0.2051   12.08849   3.448642 6.7580e-01    26.1474    26.1470 1.4482e+01     32.000          1       2212    1479.69 2.1434e+03  52851.868     92.146 1616601160      -0.06      0.505   39.81147  -72.50641 0.0000e+00
     32.745     7.6267    33.4978  1026.2994     2.4510     6.5449     97.494   -0.00043    6.72058    6.72849 -9.990e-29     0.2060   12.08673   3.449326 5.9394e-01    26.1486    26.1482 1.2717e+01     33.000          1       2324    1479.73 2.1413e+03  52854.758     96.811 1616601164       0.33      0.432   39.81148  -72.50644 0.0000e+00
     33.740     7.6283    33.4986  1026.3044     2.4495     6.5464     97.407   -0.00064    6.71855    6.72643 -9.990e-29     0.1894   12.08333   3.449562 5.3916e-01    26.1490    26.1486 1.1626e+01     34.000          1       2369    1479.76 2.1566e+03  52856.128     98.674 1616601166      -0.08      0.519   39.81148  -72.50645 0.0000e+00
     34.728     7.6387    33.5022  1026.3103     2.4503     6.5541     97.559    0.00050    6.71619    6.72405      8.518     0.2215   12.07939   3.450905 4.9660e-01    26.1504    26.1500 1.0917e+01     35.000          1       2433    1479.82 2.1984e+03  52859.431    101.340 1616601169       0.13      0.338   39.81148  -72.50646 0.0000e+00
     35.721     7.6596    33.5088  1026.3171     2.4515     6.5543     97.625    0.00043    6.71252    6.72032      8.518     0.1981   12.07322   3.453409 4.5401e-01    26.1526    26.1521 1.0158e+01     36.000          1       2518    1479.92 2.2375e+03  52864.156    104.884 1616601172       0.06      0.261   39.81148  -72.50648 0.0000e+00
     36.712     7.6789    33.5154  1026.3240     2.4529     6.5572     97.721    0.00064    6.71078    6.71857 -9.990e-29     0.1716   12.07033   3.455815 4.0444e-01    26.1551    26.1546 9.1571e+00     37.000          1       2580    1480.02 2.2641e+03  52869.387    107.462 1616601175       0.08      0.461   39.81148  -72.50649 0.0000e+00
     37.707     7.6876    33.5177  1026.3292     2.4531     6.5542     97.687    0.00010    6.70985    6.71762 -9.990e-29     0.2044   12.06875   3.456780 3.6806e-01    26.1556    26.1551 8.3268e+00     38.000          1       2642    1480.07 2.2623e+03  52871.126    110.057 1616601178      -0.08      0.346   39.81148  -72.50650 0.0000e+00
     38.700     7.6946    33.5201  1026.3347     2.4535     6.5578     97.730    0.00020    6.70844    6.71619      8.522     0.1732   12.06639   3.457666 3.3576e-01    26.1565    26.1560 7.6251e+00     39.000          1       2710    1480.12 2.2712e+03  52873.496    112.870 1616601180       0.11      0.431   39.81149  -72.50651 0.0000e+00
     39.687     7.7014    33.5225  1026.3401     2.4551     6.5706     97.857    0.00060    6.70661    6.71434      8.522     0.1970   12.06333   3.458546 3.0544e-01    26.1575    26.1569 6.9289e+00     40.000          1       2776    1480.16 2.2684e+03  52875.891    115.608 1616601183      -0.03      0.333   39.81150  -72.50653 0.0000e+00
     40.684     7.7120    33.5257  1026.3456     2.4587     6.5786     98.099    0.00119    6.70539    6.71310      8.522     0.1950   12.06128   3.459805 2.7033e-01    26.1584    26.1579 6.0527e+00     41.000          1       2840    1480.22 2.2380e+03  52878.399    118.300 1616601186      -0.06      0.328   39.81150  -72.50654 0.0000e+00
     41.668     7.7218    33.5287  1026.3511     2.4618     6.5834     98.193    0.00039    6.69940    6.70703 -9.990e-29     0.1491   12.05124   3.461033 2.4483e-01    26.1594    26.1588 5.4297e+00     42.000          1       2933    1480.28 2.2181e+03  52880.905    122.155 1616601190       0.24      0.267   39.81150  -72.50655 0.0000e+00
     42.670     7.7381    33.5336  1026.3573     2.4627     6.5756     98.278    0.00082    6.69684    6.70444 -9.990e-29     0.1507   12.04696   3.463090 2.2587e-01    26.1609    26.1604 5.0050e+00     43.000          1       2964    1480.37 2.2158e+03  52884.521    123.452 1616601191       0.10      0.653   39.81150  -72.50656 0.0000e+00
     43.662     7.7631    33.5421  1026.3649     2.4617     6.5638     98.118   -0.00034    6.69435    6.70191      8.522     0.1713   12.04278   3.466177 2.0249e-01    26.1641    26.1634 4.4811e+00     44.000          1       3021    1480.49 2.2136e+03  52891.127    125.853 1616601193      -0.06      0.469   39.81150  -72.50656 0.0000e+00
     44.642     7.8147    33.5597  1026.3757     2.4644     6.5497     98.508    0.00234    6.67278    6.68006      8.521     0.1230   12.00664   3.472825 1.7912e-01    26.1704    26.1698 4.1107e+00     45.000          1       3144    1480.72 2.2945e+03  52903.821    130.978 1616601199       0.36      0.401   39.81150  -72.50660 0.0000e+00
     45.642     7.8752    33.5792  1026.3868     2.4612     6.5076     98.054   -0.00077    6.67453    6.68184      8.521     0.1231   12.00958   3.480408 1.6319e-01    26.1770    26.1763 3.7720e+00     46.000          1       3164    1480.99 2.3115e+03  52917.398    131.795 1616601199       0.34      0.802   39.81151  -72.50660 0.0000e+00
     46.644     7.9069    33.5883  1026.3939     2.4548     6.4998     97.542   -0.00288    6.67280    6.68009      8.521     0.1406   12.00667   3.483681 1.5108e-01    26.1795    26.1788 3.5230e+00     47.000          1       3217    1481.14 2.3323e+03  52923.183    133.989 1616601202       0.05      0.757   39.81152  -72.50661 0.0000e+00
