CalculateIndicators/WaterTemperature/Data/CTD_NYOS/20210522_C09B.cnv
* Sea-Bird SBE 9 Data File:
* FileName = C:\Seabird 9 CTD\Data\2021\202105_offshore\20210522_C09B.hex
* Software Version Seasave V 7.23.2
* Temperature SN = 4590
* Conductivity SN = 3228
* Number of Bytes Per Scan = 44
* Number of Voltage Words = 5
* Number of Scans Averaged by the Deck Unit = 1
* NMEA Latitude = 39 29.06 N
* NMEA Longitude = 073 03.36 W
* NMEA UTC (Time) = May 22 2021  10:16:47
* NMEA baud rate = 4800
** Ship: seawolf
** Station: 6.4
** Operator: EIH
# nquan = 31
# nvalues = 238                         
# units = specified
# name 0 = depSM: Depth [salt water, m]
# name 1 = t090C: Temperature [ITS-90, deg C]
# name 2 = sal00: Salinity, Practical [PSU]
# name 3 = density00: Density [density, kg/m^3]
# name 4 = sbeox0V: Oxygen raw, SBE 43 [V]
# name 5 = sbeox0ML/L: Oxygen, SBE 43 [ml/l]
# name 6 = sbeox0PS: Oxygen, SBE 43 [% saturation]
# name 7 = sbox0dV/dT: Oxygen, SBE 43 [dov/dt]
# name 8 = oxsolML/L: Oxygen Saturation, Garcia & Gordon [ml/l]
# name 9 = oxsatML/L: Oxygen Saturation, Weiss [ml/l]
# name 10 = ph: pH
# name 11 = flECO-AFL: Fluorescence, WET Labs ECO-AFL/FL [mg/m^3]
# name 12 = n2satML/L: Nitrogen Saturation [ml/l]
# name 13 = c0S/m: Conductivity [S/m]
# name 14 = cpar: CPAR/Corrected Irradiance [%]
# name 15 = sigma-é00: Density [sigma-theta, kg/m^3]
# name 16 = sigma-t00: Density [sigma-t, kg/m^3 ]
# name 17 = par: PAR/Irradiance, Biospherical/Licor
# name 18 = prDM: Pressure, Digiquartz [db]
# name 19 = pumps: Pump Status
# name 20 = scan: Scan Count
# name 21 = svCM: Sound Velocity [Chen-Millero, m/s]
# name 22 = spar: SPAR, Biospherical/Licor
# name 23 = specc: Specific Conductance [uS/cm]
# name 24 = timeS: Time, Elapsed [seconds]
# name 25 = timeY: Time, System [seconds]
# name 26 = accM: Acceleration [m/s^2]
# name 27 = dz/dtM: Descent Rate [m/s]
# name 28 = latitude: Latitude [deg]
# name 29 = longitude: Longitude [deg]
# name 30 = flag: flag
# span 0 =      1.950,     64.502       
# span 1 =     8.0107,    14.5707       
# span 2 =    32.4785,    33.6107       
# span 3 =  1024.1927,  1026.3393       
# span 4 =     1.9272,     2.6526       
# span 5 =     4.1728,     6.4990       
# span 6 =     71.517,    106.471       
# span 7 =   -0.01983,    0.07467       
# span 8 =    5.82884,    6.66861       
# span 9 =    5.82422,    6.67558       
# span 10 =      7.908,      8.085      
# span 11 =     0.0796,     0.9242      
# span 12 =   10.62133,   12.00246      
# span 13 =   3.471800,   3.983598      
# span 14 = 4.6029e-13, 3.1104e+01      
# span 15 =    24.1792,    26.0431      
# span 16 =    24.1791,    26.0422      
# span 17 = -2.132e-04, 7.7628e+01      
# span 18 =      2.000,     65.000      
# span 19 =          1,          1      
# span 20 =         79,      13738      
# span 21 =    1481.21,    1502.56      
# span 22 = 1.9773e+02, 2.5052e+02      
# span 23 =  50307.493,  52694.447      
# span 24 =      3.241,    572.365      
# span 25 = 1621678610, 1621679179      
# span 26 =      -0.79,       0.50      
# span 27 =     -0.797,      0.725      
# span 28 =   39.48437,   39.48602      
# span 29 =  -73.05609,  -73.05271      
# span 30 = 0.0000e+00, 0.0000e+00      
# interval = decibars: 0.5              
# start_time = May 22 2021 10:16:47 [System UTC, first data scan.]
# bad_flag = -9.990e-29
*END*
[from data line 94]
     56.066     8.0771    33.4219  1026.2816     2.0419     5.1415     77.258   -0.00135    6.65504    6.66187      7.922     0.1623   11.97932   3.483388 -9.990e-29    26.0241    26.0233 1.0000e-12     56.500          1       3863    1481.74 2.0739e+02  52652.436    160.901 1621678768       0.34      0.570   39.48484  -73.05520 0.0000e+00
     56.567     8.0776    33.4224  1026.2841     2.0420     5.1458     77.336   -0.00060    6.65389    6.66072      7.922     0.1622   11.97737   3.483511 -9.990e-29    26.0243    26.0235 1.0000e-12     57.000          1       3880    1481.75 2.1140e+02  52653.233    161.640 1621678769       0.07      0.725   39.48484  -73.05520 0.0000e+00
     57.053     8.0803    33.4246  1026.2877     2.0422     5.1513     77.425    0.00019    6.65335    6.66016      7.923     0.1702   11.97645   3.484016 4.6889e-13    26.0257    26.0249 1.0000e-12     57.500          1       3913    1481.77 2.1330e+02  52656.089    162.999 1621678770      -0.26      0.459   39.48484  -73.05519 0.0000e+00
     57.551     8.0890    33.4313  1026.2940     2.0425     5.1527     77.448    0.00019    6.65305    6.65986 -9.990e-29     0.1614   11.97595   3.485506 4.6889e-13    26.0297    26.0288 1.0000e-12     58.000          1       3946    1481.82 2.1327e+02  52663.847    164.395 1621678771       0.07      0.342   39.48484  -73.05518 0.0000e+00
     58.045     8.0941    33.4341  1026.2977     2.0424     5.1514     77.433    0.00001    6.65261    6.65942 -9.990e-29     0.1484   11.97522   3.486177 4.6889e-13    26.0311    26.0302 1.0000e-12     58.500          1       3984    1481.85 2.1327e+02  52666.877    165.972 1621678773      -0.08      0.336   39.48484  -73.05516 0.0000e+00
     58.538     8.0953    33.4346  1026.3002     2.0417     5.1440     77.334   -0.00066    6.65172    6.65852 -9.990e-29     0.1555   11.97373   3.486370 4.6889e-13    26.0313    26.0305 1.0000e-12     59.000          1       4015    1481.86 2.1327e+02  52667.666    167.261 1621678774       0.17      0.319   39.48486  -73.05516 0.0000e+00
     59.044     8.0975    33.4351  1026.3026     2.0418     5.1459     77.395   -0.00010    6.64890    6.65566 -9.990e-29     0.1504   11.96898   3.486622 4.6889e-13    26.0314    26.0305 1.0000e-12     59.500          1       4036    1481.88 2.1327e+02  52668.147    168.127 1621678775       0.15      0.508   39.48486  -73.05514 0.0000e+00
     59.532     8.0998    33.4357  1026.3050     2.0415     5.1441     77.387   -0.00011    6.64730    6.65405 -9.990e-29     0.0983   11.96630   3.486952 4.6725e-13    26.0316    26.0307 1.0000e-12     60.000          1       4071    1481.90 2.1402e+02  52668.834    169.595 1621678777      -0.19      0.396   39.48486  -73.05514 0.0000e+00
     60.022     8.1144    33.4408  1026.3091     2.0405     5.1383     77.299   -0.00054    6.64733    6.65407 -9.990e-29     0.1075   11.96633   3.488968 4.6448e-13    26.0335    26.0326 1.0000e-12     60.500          1       4101    1481.97 2.1530e+02  52672.986    170.837 1621678778       0.20      0.306   39.48486  -73.05514 0.0000e+00
     60.529     8.1283    33.4466  1026.3139     2.0391     5.1290     77.159   -0.00134    6.64732    6.65406 -9.990e-29     0.0823   11.96632   3.490636 4.6458e-13    26.0360    26.0351 1.0000e-12     61.000          1       4117    1482.03 2.1525e+02  52678.201    171.495 1621678779       0.36      0.523   39.48486  -73.05514 0.0000e+00
     61.032     8.1300    33.4472  1026.3164     2.0385     5.1274     77.138   -0.00125    6.64705    6.65379      7.921     0.1041   11.96586   3.490817 4.7171e-13    26.0362    26.0353 1.0000e-12     61.500          1       4137    1482.05 2.1205e+02  52678.959    172.343 1621678779      -0.00      0.664   39.48486  -73.05514 0.0000e+00
     61.510     8.1304    33.4476  1026.3188     2.0371     5.1263     77.127   -0.00068    6.64652    6.65325      7.920     0.1093   11.96496   3.490876 4.8089e-13    26.0364    26.0355 1.0000e-12     62.000          1       4184    1482.06 2.0793e+02  52679.685    174.281 1621678781      -0.23      0.205   39.48486  -73.05512 0.0000e+00
     62.019     8.1317    33.4489  1026.3220     2.0376     5.1322     77.222    0.00001    6.64601    6.65273      7.919     0.1083   11.96409   3.491169 4.7777e-13    26.0373    26.0363 1.0000e-12     62.500          1       4209    1482.08 2.0930e+02  52681.632    175.338 1621678782       0.24      0.375   39.48488  -73.05510 0.0000e+00
     62.509     8.1346    33.4506  1026.3252     2.0372     5.1294     77.188   -0.00014    6.64533    6.65205      7.919     0.0899   11.96295   3.491589 4.7699e-13    26.0382    26.0373 1.0000e-12     63.000          1       4252    1482.10 2.0965e+02  52683.736    177.143 1621678784      -0.14      0.301   39.48488  -73.05510 0.0000e+00
     63.010     8.1393    33.4534  1026.3289     2.0360     5.1225     77.091   -0.00056    6.64467    6.65138 -9.990e-29     0.0909   11.96183   3.492292 4.7249e-13    26.0397    26.0387 1.0000e-12     63.500          1       4295    1482.13 2.1106e+02  52686.845    178.916 1621678786      -0.01      0.301   39.48488  -73.05509 0.0000e+00
     63.499     8.1434    33.4559  1026.3326     2.0352     5.1221     77.097   -0.00017    6.64375    6.65045 -9.990e-29     0.0796   11.96028   3.492914 4.6856e-13    26.0410    26.0401 1.0000e-12     64.000          1       4358    1482.15 -9.990e-29  52689.746    181.530 1621678789       0.05      0.136   39.48490  -73.05506 0.0000e+00
     64.000     8.1486    33.4586  1026.3362     2.0348     5.1203     77.068   -0.00027    6.64389    6.65059 -9.990e-29     0.0993   11.96051   3.493664 4.6889e-13    26.0424    26.0415 1.0000e-12     64.500          1       4391    1482.18 2.1327e+02  52692.727    182.926 1621678790       0.05      0.330   39.48490  -73.05506 0.0000e+00
     64.502     8.1520    33.4602  1026.3393     2.0335     5.1161     77.002   -0.00024    6.64409    6.65080 -9.990e-29     0.0918   11.96086   3.494081 4.6198e-13    26.0431    26.0422 1.0000e-12     65.000          1       4834    1482.21 2.1735e+02  52694.447    201.386 1621678808      -0.17      0.235   39.48495  -73.05495 0.0000e+00
     63.993     8.1492    33.4586  1026.3361     2.0339     5.1194     77.048    0.00014    6.64448    6.65119      7.910     0.0909   11.96151   3.493598 4.6634e-13    26.0423    26.0414 1.0000e-12     64.500          1       5230    1482.19 2.1443e+02  52692.595    217.878 1621678825      -0.33     -0.187   39.48499  -73.05485 0.0000e+00
     63.503     8.1474    33.4576  1026.3333     2.0332     5.1188     77.016    0.00021    6.64644    6.65317      7.909     0.0929   11.96484   3.493325 4.6838e-13    26.0418    26.0409 1.0000e-12     64.000          1       5514    1482.17 2.1350e+02  52691.238    229.704 1621678837      -0.20     -0.345   39.48503  -73.05478 0.0000e+00
     63.007     8.1445    33.4560  1026.3302     2.0340     5.1228     77.074    0.00043    6.64665    6.65339      7.911     0.0875   11.96519   3.492826 4.6890e-13    26.0409    26.0400 1.0000e-12     63.500          1       5542    1482.15 2.1327e+02  52689.196    230.856 1621678838      -0.03     -0.449   39.48504  -73.05478 0.0000e+00
     62.507     8.1373    33.4520  1026.3259     2.0349     5.1275     77.143    0.00074    6.64677    6.65350      7.911     0.0869   11.96538   3.491817 4.6655e-13    26.0389    26.0379 1.0000e-12     63.000          1       5570    1482.11 2.1435e+02  52685.024    232.052 1621678839       0.05     -0.446   39.48504  -73.05478 0.0000e+00
     62.020     8.1340    33.4503  1026.3228     2.0366     5.1354     77.258    0.00112    6.64705    6.65379      7.911     0.1304   11.96586   3.491372 4.6444e-13    26.0380    26.0371 1.0000e-12     62.500          1       5611    1482.09 2.1532e+02  52683.079    233.767 1621678841       0.05     -0.265   39.48504  -73.05476 0.0000e+00
     61.515     8.1335    33.4501  1026.3204     2.0377     5.1368     77.279    0.00080    6.64712    6.65386      7.911     0.1091   11.96599   3.491285 4.6458e-13    26.0379    26.0370 1.0000e-12     62.000          1       5639    1482.08 2.1525e+02  52682.535    234.906 1621678842      -0.11     -0.394   39.48504  -73.05476 0.0000e+00
     61.026     8.1321    33.4492  1026.3176     2.0392     5.1454     77.390    0.00122    6.64869    6.65545      7.910     0.0902   11.96863   3.491053 4.6458e-13    26.0374    26.0365 1.0000e-12     61.500          1       5674    1482.06 2.1525e+02  52681.311    236.388 1621678843       0.10     -0.359   39.48504  -73.05474 0.0000e+00
     60.528     8.1316    33.4484  1026.3147     2.0392     5.1406     77.303    0.00032    6.64989    6.65666      7.911     0.1322   11.97066   3.490913 4.6458e-13    26.0368    26.0359 1.0000e-12     61.000          1       5702    1482.05 2.1525e+02  52679.880    237.540 1621678845      -0.15     -0.370   39.48506  -73.05474 0.0000e+00
     60.027     8.1305    33.4478  1026.3121     2.0391     5.1376     77.243   -0.00024    6.65120    6.65799      7.911     0.1199   11.97285   3.490683 4.6458e-13    26.0365    26.0357 1.0000e-12     60.500          1       5726    1482.04 2.1525e+02  52678.978    238.551 1621678846      -0.04     -0.493   39.48506  -73.05473 0.0000e+00
     59.537     8.1137    33.4399  1026.3062     2.0405     5.1479     77.384    0.00066    6.65245    6.65926      7.910     0.1286   11.97495   3.488368 4.6402e-13    26.0328    26.0320 1.0000e-12     60.000          1       5774    1481.96 2.1529e+02  52671.527    240.562 1621678848       0.15     -0.244   39.48506  -73.05472 0.0000e+00
     59.045     8.1027    33.4371  1026.3033     2.0413     5.1517     77.435    0.00079    6.65288    6.65969      7.910     0.1371   11.97566   3.487119 4.6032e-13    26.0322    26.0313 1.0000e-12     59.500          1       5809    1481.90 2.1724e+02  52669.759    242.018 1621678849      -0.31     -0.276   39.48506  -73.05472 0.0000e+00
     58.541     8.1016    33.4366  1026.3008     2.0423     5.1548     77.472    0.00069    6.65368    6.66050      7.910     0.1459   11.97702   3.486974 4.6036e-13    26.0320    26.0311 1.0000e-12     59.000          1       5826    1481.89 2.1722e+02  52668.930    242.726 1621678850      -0.33     -0.528   39.48506  -73.05471 0.0000e+00
     58.038     8.0998    33.4361  1026.2984     2.0428     5.1583     77.509    0.00085    6.65508    6.66191      7.911     0.1370   11.97939   3.486731 4.6094e-13    26.0318    26.0310 1.0000e-12     58.500          1       5846    1481.87 2.1722e+02  52668.364    243.561 1621678851      -0.01     -0.655   39.48507  -73.05470 0.0000e+00
     57.555     8.0950    33.4344  1026.2955     2.0433     5.1579     77.486    0.00035    6.65653    6.66338      7.910     0.1597   11.98187   3.486118 4.6029e-13    26.0312    26.0304 1.0000e-12     58.000          1       5887    1481.85 2.1722e+02  52666.751    245.244 1621678852       0.22     -0.313   39.48508  -73.05470 0.0000e+00
     57.056     8.0871    33.4299  1026.2909     2.0440     5.1604     77.525    0.00042    6.65650    6.66335      7.910     0.1541   11.98180   3.484820 4.6170e-13    26.0289    26.0280 1.0000e-12     57.500          1       5914    1481.80 2.1660e+02  52662.046    246.378 1621678853      -0.26     -0.336   39.48508  -73.05468 0.0000e+00
     56.554     8.0782    33.4226  1026.2842     2.0435     5.1566     77.467    0.00012    6.65655    6.66340      7.908     0.1502   11.98190   3.483450 4.6831e-13    26.0244    26.0236 1.0000e-12     57.000          1       5948    1481.75 2.1358e+02  52653.402    247.794 1621678855      -0.11     -0.385   39.48508  -73.05468 0.0000e+00
     56.066     8.0766    33.4213  1026.2812     2.0444     5.1593     77.506    0.00020    6.65667    6.66352 -9.990e-29     0.1599   11.98210   3.483216 4.8009e-13    26.0236    26.0228 1.0000e-12     56.500          1       6003    1481.74 2.0830e+02  52651.662    250.081 1621678857      -0.45     -0.187   39.48508  -73.05466 0.0000e+00
     55.564     8.0767    33.4213  1026.2788     2.0441     5.1579     77.485    0.00016    6.65667    6.66352 -9.990e-29     0.1616   11.98209   3.483208 4.8025e-13    26.0236    26.0228 1.0000e-12     56.000          1       6020    1481.73 2.0823e+02  52651.235    250.805 1621678858      -0.33     -0.515   39.48508  -73.05466 0.0000e+00
     55.065     8.0763    33.4210  1026.2763     2.0447     5.1596     77.511    0.00021    6.65661    6.66346 -9.990e-29     0.1387   11.98201   3.483120 4.8294e-13    26.0234    26.0226 1.0000e-12     55.500          1       6045    1481.72 2.0707e+02  52650.554    251.836 1621678859       0.10     -0.574   39.48509  -73.05466 0.0000e+00
     54.582     8.0757    33.4207  1026.2740     2.0458     5.1660     77.606    0.00076    6.65665    6.66350 -9.990e-29     0.1340   11.98207   3.483033 4.9206e-13    26.0233    26.0225 1.0000e-12     55.000          1       6084    1481.71 2.0322e+02  52650.034    253.455 1621678861       0.10     -0.277   39.48510  -73.05464 0.0000e+00
     54.087     8.0760    33.4207  1026.2716     2.0452     5.1599     77.515    0.00004    6.65662    6.66347 -9.990e-29     0.1450   11.98202   3.483043 1.0828e-03    26.0232    26.0224 2.3171e-03     54.500          1       6104    1481.70 2.1096e+02  52649.556    254.300 1621678861      -0.29     -0.386   39.48510  -73.05464 0.0000e+00
     53.579     8.0762    33.4206  1026.2692     2.0452     5.1575     77.479   -0.00033    6.65662    6.66347 -9.990e-29     0.1598   11.98201   3.483035 4.4119e-03    26.0231    26.0223 9.4967e-03     54.000          1       6118    1481.69 2.1529e+02  52649.045    254.880 1621678862      -0.40     -0.599   39.48510  -73.05464 0.0000e+00
     53.072     8.0761    33.4206  1026.2669     2.0446     5.1547     77.437   -0.00046    6.65663    6.66348 -9.990e-29     0.1507   11.98204   3.482995 9.2535e-03    26.0231    26.0223 1.9544e-02     53.500          1       6135    1481.68 2.1188e+02  52648.735    255.567 1621678863      -0.11     -0.774   39.48510  -73.05463 0.0000e+00
     52.592     8.0759    33.4207  1026.2648     2.0441     5.1521     77.398   -0.00043    6.65659    6.66344 -9.990e-29     0.1458   11.98197   3.482996 1.5291e-02    26.0232    26.0225 3.2999e-02     53.000          1       6211    1481.67 2.1567e+02  52648.693    258.748 1621678866      -0.54     -0.213   39.48511  -73.05462 0.0000e+00
     52.088     8.0763    33.4206  1026.2623     2.0441     5.1498     77.364   -0.00076    6.65661    6.66346 -9.990e-29     0.1451   11.98201   3.482998 2.1321e-02    26.0231    26.0223 4.6307e-02     52.500          1       6231    1481.67 2.1718e+02  52648.119    259.579 1621678867      -0.51     -0.561   39.48512  -73.05462 0.0000e+00
     51.591     8.0761    33.4207  1026.2601     2.0438     5.1512     77.386   -0.00038    6.65655    6.66340 -9.990e-29     0.1541   11.98190   3.482962 2.6307e-02    26.0231    26.0224 5.6363e-02     52.000          1       6252    1481.66 2.1444e+02  52647.862    260.465 1621678868       0.08     -0.689   39.48512  -73.05461 0.0000e+00
     51.101     8.0762    33.4206  1026.2578     2.0442     5.1556     77.450    0.00017    6.65665    6.66350 -9.990e-29     0.1509   11.98207   3.482947 3.1612e-02    26.0231    26.0223 6.6428e-02     51.500          1       6285    1481.65 2.1013e+02  52647.404    261.843 1621678869       0.15     -0.405   39.48512  -73.05460 0.0000e+00
     50.606     8.0764    33.4207  1026.2556     2.0447     5.1582     77.486    0.00033    6.65697    6.66383 -9.990e-29     0.1612   11.98262   3.482961 3.4222e-02    26.0231    26.0224 7.2316e-02     51.000          1       6322    1481.64 2.1132e+02  52647.207    263.377 1621678870       0.01     -0.325   39.48512  -73.05458 0.0000e+00
