CalculateIndicators/WaterTemperature/Data/CTD_NYOS/20210321_C06.cnv
* Sea-Bird SBE 9 Data File:
* FileName = C:\Seabird 9 CTD\Data\2021\202103_offshore\20210321_C06.hex
* Software Version Seasave V 7.23.2
* Temperature SN = 4590
* Conductivity SN = 3228
* Number of Bytes Per Scan = 44
* Number of Voltage Words = 5
* Number of Scans Averaged by the Deck Unit = 1
* NMEA Latitude = 39 19.18 N
* NMEA Longitude = 073 21.56 W
* NMEA UTC (Time) = Mar 21 2021  19:03:04
* NMEA baud rate = 4800
** Ship: RV Seawolf
** Station: 7.4
** Operator: EIH
# nquan = 31
# nvalues = 89                          
# units = specified
# name 0 = depSM: Depth [salt water, m]
# name 1 = t090C: Temperature [ITS-90, deg C]
# name 2 = sal00: Salinity, Practical [PSU]
# name 3 = density00: Density [density, kg/m^3]
# name 4 = sbeox0V: Oxygen raw, SBE 43 [V]
# name 5 = sbeox0ML/L: Oxygen, SBE 43 [ml/l]
# name 6 = sbeox0PS: Oxygen, SBE 43 [% saturation]
# name 7 = sbox0dV/dT: Oxygen, SBE 43 [dov/dt]
# name 8 = oxsolML/L: Oxygen Saturation, Garcia & Gordon [ml/l]
# name 9 = oxsatML/L: Oxygen Saturation, Weiss [ml/l]
# name 10 = ph: pH
# name 11 = flECO-AFL: Fluorescence, WET Labs ECO-AFL/FL [mg/m^3]
# name 12 = n2satML/L: Nitrogen Saturation [ml/l]
# name 13 = c0S/m: Conductivity [S/m]
# name 14 = cpar: CPAR/Corrected Irradiance [%]
# name 15 = sigma-é00: Density [sigma-theta, kg/m^3]
# name 16 = sigma-t00: Density [sigma-t, kg/m^3 ]
# name 17 = par: PAR/Irradiance, Biospherical/Licor
# name 18 = prDM: Pressure, Digiquartz [db]
# name 19 = pumps: Pump Status
# name 20 = scan: Scan Count
# name 21 = svCM: Sound Velocity [Chen-Millero, m/s]
# name 22 = spar: SPAR, Biospherical/Licor
# name 23 = specc: Specific Conductance [uS/cm]
# name 24 = timeS: Time, Elapsed [seconds]
# name 25 = timeY: Time, System [seconds]
# name 26 = accM: Acceleration [m/s^2]
# name 27 = dz/dtM: Descent Rate [m/s]
# name 28 = latitude: Latitude [deg]
# name 29 = longitude: Longitude [deg]
# name 30 = flag: flag
# span 0 =      1.979,     45.648       
# span 1 =     7.3620,     8.4799       
# span 2 =    33.5801,    33.8809       
# span 3 =  1026.2077,  1026.5326       
# span 4 =     2.4460,     2.5409       
# span 5 =     6.4028,     6.8570       
# span 6 =     97.187,    101.671       
# span 7 =   -0.00473,    0.00318       
# span 8 =    6.57768,    6.75700       
# span 9 =    6.58385,    6.76558       
# span 10 =      8.537,      8.557      
# span 11 =     0.4088,     1.3630      
# span 12 =   11.84605,   12.14576      
# span 13 =   3.432933,   3.562761      
# span 14 = 4.6384e-02, 5.9668e+01      
# span 15 =    26.1986,    26.3235      
# span 16 =    26.1986,    26.3227      
# span 17 = 9.6554e-01, 1.2655e+03      
# span 18 =      2.000,     46.000      
# span 19 =          1,          1      
# span 20 =        346,      14368      
# span 21 =    1478.44,    1483.65      
# span 22 = 1.8886e+03, 2.2145e+03      
# span 23 =  52925.735,  53199.837      
# span 24 =     14.374,    598.615      
# span 25 = 1616353400, 1616353985      
# span 26 =      -0.32,       0.41      
# span 27 =     -0.677,      0.648      
# span 28 =   39.31928,   39.31976      
# span 29 =  -73.35974,  -73.35948      
# span 30 = 0.0000e+00, 0.0000e+00      
# interval = decibars: 1                
# start_time = Mar 21 2021 19:03:06 [System UTC, first data scan.]
# bad_flag = -9.990e-29
*END*
      1.979     7.7346    33.5816  1026.2077     2.5282     6.7767    100.833   -0.00117    6.70777    6.71559      8.545     0.4200   12.06444   3.465020 5.7793e+01    26.1986    26.1986 1.2327e+03      2.000          1        346    1479.74 2.1409e+03  52925.735     14.374 1616353400       0.33     -0.009   39.31976  -73.35948 0.0000e+00
      2.979     7.6709    33.5931  1026.2305     2.5323     6.8164    101.346    0.00173    6.72468    6.73275      8.547     0.4088   12.09245   3.460386 4.8288e+01    26.2168    26.2167 9.8938e+02      3.000          1        406    1479.53 2.0664e+03  52958.614     16.862 1616353403       0.04      0.400   39.31976  -73.35948 0.0000e+00
      3.968     7.5576    33.5844  1026.2444     2.5261     6.8176    100.725   -0.00227    6.75498    6.76352      8.550     0.4387   12.14255   3.448783 3.6088e+01    26.2261    26.2261 7.6759e+02      4.000          1        489    1479.10 2.1337e+03  52975.596     20.350 1616353406      -0.02      0.238   39.31976  -73.35950 0.0000e+00
      4.963     7.4034    33.5820  1026.2689     2.5309     6.8499    101.380    0.00202    6.75193    6.76043      8.550     0.5270   12.13748   3.435009 2.8364e+01    26.2460    26.2460 6.2158e+02      5.000          1        549    1478.52 2.1919e+03  53012.107     22.853 1616353409       0.01      0.446   39.31976  -73.35950 0.0000e+00
      5.954     7.3998    33.5842  1026.2758     2.5351     6.8538    101.522    0.00125    6.74913    6.75759      8.551     0.5548   12.13279   3.435296 2.2961e+01    26.2484    26.2483 5.0114e+02      6.000          1        625    1478.53 2.1827e+03  53016.955     25.999 1616353412       0.00      0.278   39.31975  -73.35950 0.0000e+00
      6.947     7.4398    33.5933  1026.2819     2.5368     6.8498    101.553    0.00044    6.75384    6.76237      8.552     0.6919   12.14052   3.440197 1.9456e+01    26.2499    26.2498 4.0083e+02      7.000          1        704    1478.71 2.0814e+03  53020.202     29.301 1616353415       0.19      0.404   39.31974  -73.35950 0.0000e+00
      7.941     7.4005    33.5937  1026.2924     2.5340     6.8425    101.292   -0.00096    6.75700    6.76558      8.551     0.7498   12.14576   3.436349 1.5178e+01    26.2558    26.2557 3.3176e+02      8.000          1        767    1478.58 2.1907e+03  53031.658     31.902 1616353418      -0.06      0.365   39.31974  -73.35950 0.0000e+00
      8.930     7.3620    33.5917  1026.3008     2.5317     6.8272    101.237   -0.00045    6.75086    6.75936      8.548     0.9518   12.13546   3.432933 1.2475e+01    26.2596    26.2594 2.6421e+02      9.000          1        857    1478.44 2.1334e+03  53039.388     35.686 1616353422       0.07      0.260   39.31974  -73.35950 0.0000e+00
      9.922     7.3956    33.6026  1026.3092     2.5326     6.8014    101.342    0.00049    6.72652    6.73468      8.547     1.2409   12.09487   3.437451 1.1169e+01    26.2635    26.2633 2.2270e+02     10.000          1        927    1478.60 2.0217e+03  53046.898     38.563 1616353424       0.00      0.343   39.31974  -73.35950 0.0000e+00
     10.917     7.5282    33.6312  1026.3175     2.5267     6.7732    100.798   -0.00223    6.72343    6.73155      8.547     1.2766   12.08973   3.452248 8.6203e+00    26.2673    26.2671 1.8726e+02     11.000          1        987    1479.16 2.1780e+03  53054.285     41.091 1616353427      -0.05      0.386   39.31974  -73.35951 0.0000e+00
     11.909     7.5713    33.6403  1026.3231     2.5225     6.7660    100.704   -0.00114    6.72227    6.73037      8.547     1.3441   12.08778   3.456742 7.2887e+00    26.2683    26.2681 1.5343e+02     12.000          1       1064    1479.36 2.1159e+03  53056.859     44.299 1616353430      -0.01      0.312   39.31974  -73.35952 0.0000e+00
     12.898     7.5788    33.6426  1026.3284     2.5218     6.7714    100.794    0.00022    6.70859    6.71650      8.546     1.3388   12.06501   3.457596 6.1161e+00    26.2690    26.2688 1.3006e+02     13.000          1       1146    1479.40 2.1365e+03  53058.858     47.692 1616353434       0.07      0.292   39.31972  -73.35951 0.0000e+00
     13.895     7.6438    33.6538  1026.3325     2.5219     6.7587    100.780   -0.00025    6.71855    6.72660      8.547     1.3008   12.08158   3.464806 4.8096e+00    26.2686    26.2684 1.0561e+02     14.000          1       1203    1479.68 2.1975e+03  53059.111     50.066 1616353436      -0.03      0.410   39.31972  -73.35951 0.0000e+00
     14.885     7.6067    33.6474  1026.3374     2.5208     6.7626    100.756    0.00006    6.70897    6.71688 -9.990e-29     1.3630   12.06564   3.460526 4.2314e+00    26.2688    26.2686 9.0672e+01     15.000          1       1278    1479.55 2.1500e+03  53059.947     53.214 1616353439       0.00      0.307   39.31972  -73.35952 0.0000e+00
     15.875     7.6551    33.6544  1026.3405     2.5220     6.7588    100.843    0.00030    6.70315    6.71098      8.546     1.3224   12.05594   3.465570 3.5071e+00    26.2674    26.2672 7.5397e+01     16.000          1       1348    1479.76 2.1545e+03  53058.542     56.104 1616353442       0.07      0.349   39.31972  -73.35952 0.0000e+00
     16.872     7.6895    33.6624  1026.3464     2.5226     6.7469    100.853    0.00031    6.68715    6.69476      8.546     1.2499   12.02928   3.469584 3.5519e+00    26.2688    26.2685 6.3918e+01     17.000          1       1400    1479.92 1.8886e+03  53061.774     58.282 1616353444      -0.06      0.434   39.31972  -73.35952 0.0000e+00
     17.860     7.8270    33.6877  1026.3509     2.5260     6.7186    101.029    0.00050    6.66687    6.67420      8.545     1.1035   11.99549   3.485027 2.4636e+00    26.2687    26.2685 5.3268e+01     18.000          1       1486    1480.49 2.1610e+03  53064.252     61.873 1616353448       0.01      0.243   39.31972  -73.35952 0.0000e+00
     18.851     7.9248    33.7054  1026.3551     2.5210     6.6993    100.537   -0.00221    6.66679    6.67411      8.545     1.0912   11.99535   3.495182 2.1051e+00    26.2685    26.2682 4.4916e+01     19.000          1       1545    1480.90 2.1433e+03  53065.855     64.328 1616353450       0.24      0.436   39.31972  -73.35952 0.0000e+00
     19.849     7.9236    33.7062  1026.3605     2.5181     6.6988    100.482   -0.00138    6.66855    6.67590      8.545     1.1207   11.99828   3.494972 1.8185e+00    26.2693    26.2690 3.9650e+01     20.000          1       1600    1480.91 2.1818e+03  53067.975     66.613 1616353453       0.03      0.423   39.31972  -73.35952 0.0000e+00
     20.841     7.9062    33.7039  1026.3658     2.5161     6.6959    100.476   -0.00047    6.66199    6.66925      8.544     1.0294   11.98733   3.492976 1.5203e+00    26.2700    26.2697 3.3079e+01     21.000          1       1678    1480.86 2.1760e+03  53069.585     69.891 1616353456       0.17      0.402   39.31970  -73.35952 0.0000e+00
     21.830     7.9362    33.7109  1026.3714     2.5135     6.6512    100.273   -0.00133    6.65723    6.66442      8.544     0.9311   11.97940   3.496707 1.4179e+00    26.2711    26.2708 2.8090e+01     22.000          1       1739    1481.00 2.0079e+03  53072.866     72.427 1616353458      -0.05      0.388   39.31970  -73.35952 0.0000e+00
     22.825     7.9839    33.7192  1026.3755     2.5055     6.6353     99.697   -0.00333    6.65551    6.66268 -9.990e-29     0.9353   11.97652   3.501636 1.1504e+00    26.2707    26.2703 2.4673e+01     23.000          1       1796    1481.20 2.1546e+03  53073.684     74.783 1616353461       0.02      0.438   39.31970  -73.35952 0.0000e+00
     23.816     7.9895    33.7212  1026.3808     2.5014     6.6118     99.679   -0.00143    6.65001    6.65710      8.541     0.8716   11.96735   3.502411 9.6805e-01    26.2714    26.2711 2.1288e+01     24.000          1       1858    1481.24 2.1987e+03  53075.807     77.364 1616353463      -0.02      0.374   39.31970  -73.35953 0.0000e+00
     24.810     8.0274    33.7289  1026.3859     2.4929     6.5830     99.077   -0.00343    6.64800    6.65507      8.541     0.8767   11.96399   3.506523 8.3770e-01    26.2719    26.2715 1.7710e+01     25.000          1       1918    1481.41 2.1236e+03  53078.215     79.877 1616353466      -0.01      0.406   39.31970  -73.35954 0.0000e+00
     25.797     8.0349    33.7318  1026.3915     2.4868     6.5555     98.946   -0.00177    6.64336    6.65037 -9.990e-29     0.7863   11.95625   3.507555 7.5036e-01    26.2731    26.2727 1.5623e+01     26.000          1       1986    1481.46 2.0979e+03  53081.163     82.702 1616353469       0.07      0.330   39.31968  -73.35954 0.0000e+00
     26.796     8.0666    33.7383  1026.3965     2.4810     6.5400     98.530   -0.00322    6.64409    6.65111      8.539     0.7911   11.95746   3.511037 6.3104e-01    26.2735    26.2731 1.3833e+01     27.000          1       2027    1481.61 2.1936e+03  53083.371     84.422 1616353470       0.07      0.569   39.31968  -73.35954 0.0000e+00
     27.784     8.0685    33.7394  1026.4017     2.4755     6.5485     98.429   -0.00158    6.64592    6.65296      8.539     0.8734   11.96049   3.511228 5.1855e-01    26.2741    26.2737 1.1393e+01     28.000          1       2095    1481.63 2.1971e+03  53085.154     87.235 1616353473      -0.09      0.310   39.31968  -73.35954 0.0000e+00
     28.778     8.0584    33.7384  1026.4070     2.4748     6.5500     98.515   -0.00046    6.65068    6.65779      8.540     0.8737   11.96840   3.510189 4.6977e-01    26.2749    26.2745 9.9528e+00     29.000          1       2152    1481.61 2.1267e+03  53086.955     89.633 1616353476       0.09      0.474   39.31968  -73.35954 0.0000e+00
     29.770     8.0322    33.7348  1026.4126     2.4773     6.5725     98.820    0.00137    6.64586    6.65290      8.539     0.8896   11.96039   3.507335 4.2402e-01    26.2759    26.2754 9.0410e+00     30.000          1       2209    1481.52 2.1390e+03  53088.514     91.983 1616353478      -0.05      0.417   39.31968  -73.35954 0.0000e+00
     30.764     8.0527    33.7385  1026.4171     2.4777     6.5552     98.693   -0.00025    6.64613    6.65318      8.539     0.8308   11.96084   3.509903 3.9405e-01    26.2758    26.2753 7.5677e+00     31.000          1       2266    1481.62 1.9594e+03  53089.938     94.377 1616353480       0.02      0.430   39.31968  -73.35954 0.0000e+00
     31.748     8.0545    33.7384  1026.4212     2.4731     6.5672     98.381   -0.00184    6.66843    6.67579      8.539     0.9021   11.99792   3.509924 2.7406e-01    26.2755    26.2750 6.1715e+00     32.000          1       2358    1481.64 2.2145e+03  53089.751     98.188 1616353484      -0.01      0.162   39.31968  -73.35956 0.0000e+00
     32.747     7.9978    33.7279  1026.4260     2.4729     6.6047     98.497   -0.00055    6.66947    6.67685 -9.990e-29     0.9375   11.99966   3.502686 2.7351e-01    26.2756    26.2751 5.9250e+00     33.000          1       2391    1481.43 2.1664e+03  53089.239     99.604 1616353485       0.41      0.648   39.31968  -73.35956 0.0000e+00
     33.743     7.9026    33.7168  1026.4359     2.4795     6.6169     99.129    0.00265    6.66770    6.67505      8.545     0.8810   11.99671   3.493815 2.4837e-01    26.2808    26.2803 5.0577e+00     34.000          1       2439    1481.07 2.0684e+03  53097.638    101.602 1616353488      -0.04      0.572   39.31968  -73.35956 0.0000e+00
     34.734     7.9206    33.7208  1026.4410     2.4848     6.6011     99.252    0.00122    6.65424    6.66141      8.544     0.8096   11.97420   3.496339 1.9106e-01    26.2814    26.2809 4.0127e+00     35.000          1       2521    1481.16 2.1111e+03  53099.467    104.996 1616353491       0.18      0.398   39.31966  -73.35956 0.0000e+00
     35.720     7.9968    33.7392  1026.4488     2.4822     6.5525     98.849   -0.00178    6.64816    6.65525 -9.990e-29     0.7263   11.96401   3.505314 1.6888e-01    26.2847    26.2842 3.6499e+00     36.000          1       2593    1481.49 2.1598e+03  53107.740    108.016 1616353494      -0.05      0.300   39.31966  -73.35956 0.0000e+00
     36.715     8.0195    33.7468  1026.4559     2.4772     6.5411     98.587   -0.00203    6.64520    6.65226      8.542     0.5978   11.95903   3.508000 1.5866e-01    26.2873    26.2868 3.2927e+00     37.000          1       2640    1481.60 2.0867e+03  53113.504    109.953 1616353496       0.06      0.533   39.31966  -73.35956 0.0000e+00
     37.711     8.0485    33.7587  1026.4656     2.4722     6.5321     98.314   -0.00233    6.64553    6.65260      8.542     0.5815   11.95957   3.511769 1.2823e-01    26.2924    26.2918 2.7793e+00     38.000          1       2692    1481.74 2.1714e+03  53124.125    112.133 1616353498      -0.01      0.469   39.31966  -73.35956 0.0000e+00
     38.698     8.0456    33.7617  1026.4729     2.4666     6.5303     98.192   -0.00096    6.64839    6.65550      8.542     0.5672   11.96432   3.511665 1.1174e-01    26.2952    26.2947 2.4209e+00     39.000          1       2786    1481.75 2.1665e+03  53129.802    116.024 1616353502       0.33      0.321   39.31966  -73.35956 0.0000e+00
     39.693     8.0423    33.7609  1026.4774     2.4662     6.5366     98.252   -0.00024    6.64936    6.65647      8.542     0.5985   11.96592   3.511291 1.0279e-01    26.2951    26.2945 2.2028e+00     40.000          1       2830    1481.76 2.1460e+03  53130.050    117.889 1616353504      -0.06      0.530   39.31966  -73.35956 0.0000e+00
     40.687     8.0307    33.7591  1026.4822     2.4655     6.5255     98.219   -0.00037    6.65210    6.65926      8.543     0.6063   11.97047   3.510052 9.1137e-02    26.2954    26.2948 1.8581e+00     41.000          1       2885    1481.73 2.0557e+03  53131.040    120.164 1616353506      -0.06      0.444   39.31966  -73.35956 0.0000e+00
     41.674     8.0179    33.7609  1026.4901     2.4685     6.4958     98.503    0.00165    6.60684    6.61340      8.540     0.5552   11.89478   3.509550 7.6068e-02    26.2987    26.2981 1.6081e+00     42.000          1       2973    1481.70 2.1188e+03  53137.300    123.844 1616353510       0.03      0.220   39.31966  -73.35956 0.0000e+00
     42.667     8.2238    33.8168  1026.5076     2.4659     6.4338     98.012   -0.00212    6.59057    6.59691      8.537     0.5816   11.86761   3.534480 6.8799e-02    26.3119    26.3113 1.4601e+00     43.000          1       3027    1482.56 2.1247e+03  53167.428    126.074 1616353512       0.14      0.473   39.31966  -73.35956 0.0000e+00
     43.666     8.3550    33.8482  1026.5170     2.4575     6.4064     97.362   -0.00473    6.59414    6.60053      8.538     0.5414   11.87356   3.549037 5.9616e-02    26.3168    26.3161 1.2584e+00     44.000          1       3066    1483.11 2.1237e+03  53181.614    127.720 1616353514      -0.02      0.602   39.31964  -73.35956 0.0000e+00
     44.651     8.4169    33.8656  1026.5257     2.4510     6.4125     97.436   -0.00036    6.57768    6.58385      8.539     0.5889   11.84605   3.555914 5.0916e-02    26.3211    26.3204 1.0708e+00     45.000          1       3213    1483.38 2.1130e+03  53192.291    133.848 1616353520       0.23      0.274   39.31964  -73.35956 0.0000e+00
     45.648     8.4799    33.8809  1026.5326     2.4491     6.4028     97.311   -0.00070    6.58109    6.58730      8.540     0.5397   11.85173   3.562761 4.6384e-02    26.3235    26.3227 9.6554e-01     46.000          1       3410    1483.65 2.1097e+03  53199.837    142.051 1616353528      -0.16      0.183   39.31964  -73.35957 0.0000e+00
     44.650     8.4175    33.8682  1026.5276     2.4462     6.4102     97.187   -0.00060    6.59235    6.59872      8.546     0.5701   11.87051   3.555429 4.9992e-02    26.3230    26.3223 1.0732e+00     45.000          1       5443    1483.38 2.1569e+03  53195.798    226.744 1616353613       0.03     -0.348   39.31955  -73.35961 0.0000e+00
