CalculateIndicators/WaterTemperature/Data/CTD_NYOS/20210322_C13.cnv
* Sea-Bird SBE 9 Data File:
* FileName = C:\Seabird 9 CTD\Data\2021\202103_offshore\20210322_C13.hex
* Software Version Seasave V 7.23.2
* Temperature SN = 4590
* Conductivity SN = 3228
* Number of Bytes Per Scan = 44
* Number of Voltage Words = 5
* Number of Scans Averaged by the Deck Unit = 1
* NMEA Latitude = 40 10.09 N
* NMEA Longitude = 073 19.59 W
* NMEA UTC (Time) = Mar 22 2021  21:30:27
* NMEA baud rate = 4800
** Ship: RV Seawolf
** Station: 6.2
** Operator: EIH
# nquan = 31
# nvalues = 75                          
# units = specified
# name 0 = depSM: Depth [salt water, m]
# name 1 = t090C: Temperature [ITS-90, deg C]
# name 2 = sal00: Salinity, Practical [PSU]
# name 3 = density00: Density [density, kg/m^3]
# name 4 = sbeox0V: Oxygen raw, SBE 43 [V]
# name 5 = sbeox0ML/L: Oxygen, SBE 43 [ml/l]
# name 6 = sbeox0PS: Oxygen, SBE 43 [% saturation]
# name 7 = sbox0dV/dT: Oxygen, SBE 43 [dov/dt]
# name 8 = oxsolML/L: Oxygen Saturation, Garcia & Gordon [ml/l]
# name 9 = oxsatML/L: Oxygen Saturation, Weiss [ml/l]
# name 10 = ph: pH
# name 11 = flECO-AFL: Fluorescence, WET Labs ECO-AFL/FL [mg/m^3]
# name 12 = n2satML/L: Nitrogen Saturation [ml/l]
# name 13 = c0S/m: Conductivity [S/m]
# name 14 = cpar: CPAR/Corrected Irradiance [%]
# name 15 = sigma-é00: Density [sigma-theta, kg/m^3]
# name 16 = sigma-t00: Density [sigma-t, kg/m^3 ]
# name 17 = par: PAR/Irradiance, Biospherical/Licor
# name 18 = prDM: Pressure, Digiquartz [db]
# name 19 = pumps: Pump Status
# name 20 = scan: Scan Count
# name 21 = svCM: Sound Velocity [Chen-Millero, m/s]
# name 22 = spar: SPAR, Biospherical/Licor
# name 23 = specc: Specific Conductance [uS/cm]
# name 24 = timeS: Time, Elapsed [seconds]
# name 25 = timeY: Time, System [seconds]
# name 26 = accM: Acceleration [m/s^2]
# name 27 = dz/dtM: Descent Rate [m/s]
# name 28 = latitude: Latitude [deg]
# name 29 = longitude: Longitude [deg]
# name 30 = flag: flag
# span 0 =      1.980,     38.705       
# span 1 =     5.1177,     6.2534       
# span 2 =    32.6660,    32.9508       
# span 3 =  1025.7508,  1026.1415       
# span 4 =     2.4374,     2.5262       
# span 5 =     6.8664,     7.1491       
# span 6 =     97.391,    101.393       
# span 7 =   -0.00725,    0.00609       
# span 8 =    6.97111,    7.16334       
# span 9 =    6.98199,    7.17725       
# span 10 =      8.470,      8.504      
# span 11 =     0.3350,     0.8526      
# span 12 =   12.50989,   12.82797      
# span 13 =   3.155692,   3.259037      
# span 14 = 2.2978e-02, 4.0699e+00      
# span 15 =    25.7383,    25.9614      
# span 16 =    25.7383,    25.9611      
# span 17 = 3.4299e-01, 6.1432e+01      
# span 18 =      2.000,     39.000      
# span 19 =          1,          1      
# span 20 =        402,      10120      
# span 21 =    1468.50,    1472.96      
# span 22 = 1.4688e+03, 1.6212e+03      
# span 23 =  52124.428,  52588.264      
# span 24 =     16.727,    421.610      
# span 25 = 1616448642, 1616449047      
# span 26 =      -0.55,       0.47      
# span 27 =     -0.955,      0.868      
# span 28 =   40.16818,   40.16828      
# span 29 =  -73.32762,  -73.32662      
# span 30 = 0.0000e+00, 0.0000e+00      
# interval = decibars: 1                
# start_time = Mar 22 2021 21:30:25 [System UTC, first data scan.]
# bad_flag = -9.990e-29
*END*
[from data line 47]
     28.780     5.2854    32.7684  1026.0087     2.4453     6.9775     97.723   -0.00080    7.13284    7.14635      8.493     0.7621   12.77668   3.177771 1.3690e-01    25.8744    25.8742 2.0411e+00     29.000          1       5013    1469.53 1.4898e+03  52469.027    208.851 1616448834      -0.22     -0.199   40.16828  -73.32712 0.0000e+00
     27.786     5.3003    32.7683  1026.0024     2.4455     6.9824     97.789   -0.00029    7.13851    7.15210 -9.990e-29     0.7768   12.78618   3.178943 1.5522e-01    25.8727    25.8724 2.3757e+00     28.000          1       5051    1469.57 1.5302e+03  52463.624    210.424 1616448836      -0.22     -0.556   40.16828  -73.32712 0.0000e+00
     26.786     5.2714    32.7593  1025.9939     2.4456     6.9897     97.825   -0.00001    7.13895    7.15254 -9.990e-29     0.7797   12.78693   3.175580 1.7644e-01    25.8688    25.8686 2.7610e+00     27.000          1       5087    1469.42 1.5641e+03  52459.041    211.900 1616448837       0.08     -0.683   40.16828  -73.32713 0.0000e+00
     25.803     5.2395    32.7436  1025.9805     2.4481     7.0005     97.990    0.00052    7.14273    7.15637      8.493     0.7605   12.79329   3.171713 2.1964e-01    25.8600    25.8598 3.3072e+00     26.000          1       5186    1469.26 1.5069e+03  52445.709    216.035 1616448841      -0.13     -0.141   40.16828  -73.32714 0.0000e+00
     24.806     5.2330    32.7405  1025.9741     2.4481     6.9956     97.922   -0.00003    7.14668    7.16037      8.494     0.7645   12.79992   3.170824 2.5755e-01    25.8582    25.8580 3.9096e+00     25.000          1       5235    1469.21 1.5175e+03  52442.504    218.097 1616448843      -0.05     -0.564   40.16828  -73.32714 0.0000e+00
     23.811     5.2135    32.7328  1025.9656     2.4480     7.0023     97.917    0.00002    7.14720    7.16090 -9.990e-29     0.7938   12.80082   3.168444 2.9936e-01    25.8544    25.8542 4.5982e+00     24.000          1       5285    1469.11 1.5355e+03  52436.877    220.152 1616448845       0.09     -0.491   40.16826  -73.32715 0.0000e+00
     22.825     5.2002    32.7251  1025.9564     2.4505     7.0118     98.114    0.00081    7.14805    7.16175 -9.990e-29     0.7536   12.80226   3.166743 3.7222e-01    25.8498    25.8496 5.5823e+00     23.000          1       5383    1469.03 1.4990e+03  52429.214    224.236 1616448849      -0.07     -0.164   40.16826  -73.32716 0.0000e+00
     21.830     5.1980    32.7228  1025.9501     2.4525     7.0209     98.172    0.00048    7.14891    7.16262      8.495     0.7712   12.80373   3.166350 4.3121e-01    25.8482    25.8480 6.5654e+00     22.000          1       5487    1469.00 1.5245e+03  52425.841    228.575 1616448854      -0.01     -0.234   40.16826  -73.32717 0.0000e+00
     20.838     5.1977    32.7187  1025.9423     2.4547     7.0328     98.242    0.00020    7.15214    7.16590      8.496     0.8069   12.80919   3.165935 5.1731e-01    25.8450    25.8448 7.9023e+00     21.000          1       5601    1468.97 1.5271e+03  52419.371    233.318 1616448858      -0.18     -0.394   40.16826  -73.32718 0.0000e+00
     19.838     5.1828    32.7116  1025.9337     2.4583     7.0503     98.500    0.00091    7.15225    7.16601      8.496     0.8184   12.80937   3.163919 5.8277e-01    25.8411    25.8409 9.0418e+00     20.000          1       6200    1468.89 1.5512e+03  52413.121    258.307 1616448884      -0.06     -0.572   40.16824  -73.32723 0.0000e+00
     18.855     5.1605    32.7036  1025.9253     2.4622     7.0611     98.627    0.00053    7.15720    7.17103      8.494     0.8430   12.81769   3.161307 7.0634e-01    25.8372    25.8370 1.0813e+01     19.000          1       7132    1468.77 1.5367e+03  52407.871    297.145 1616448922       0.07     -0.351   40.16822  -73.32731 0.0000e+00
     17.873     5.1564    32.6992  1025.9177     2.4642     7.0651     98.741    0.00087    7.15782    7.17164 -9.990e-29     0.8526   12.81875   3.160634 8.6821e-01    25.8342    25.8340 1.3080e+01     18.000          1       7182    1468.73 1.5058e+03  52402.130    299.193 1616448924      -0.55     -0.463   40.16822  -73.32730 0.0000e+00
     16.863     5.1573    32.6968  1025.9110     2.4642     7.0724     98.700    0.00048    7.15781    7.17164 -9.990e-29     0.8422   12.81875   3.160395 9.6727e-01    25.8322    25.8320 1.5010e+01     17.000          1       7199    1468.72 1.5512e+03  52397.769    299.930 1616448925      -0.49     -0.955   40.16822  -73.32731 0.0000e+00
     15.869     5.1481    32.6943  1025.9053     2.4653     7.0700     98.744    0.00042    7.15946    7.17332      8.494     0.7852   12.82149   3.159343 1.1579e+00    25.8312    25.8311 1.7903e+01     16.000          1       7257    1468.66 1.5514e+03  52396.230    302.348 1616448928       0.02     -0.668   40.16822  -73.32733 0.0000e+00
     14.894     5.1325    32.6908  1025.8997     2.4657     7.0696     98.677   -0.00015    7.16334    7.17725      8.494     0.7198   12.82797   3.157672 1.4268e+00    25.8301    25.8300 2.1001e+01     15.000          1       7373    1468.58 1.4688e+03  52395.382    307.160 1616448932      -0.21     -0.211   40.16822  -73.32734 0.0000e+00
     13.886     5.1276    32.6898  1025.8949     2.4657     7.0610     98.697    0.00012    7.15933    7.17316      8.494     0.7304   12.82143   3.157075 1.5918e+00    25.8300    25.8298 2.4689e+01     14.000          1       7396    1468.54 1.5496e+03  52394.911    308.130 1616448933      -0.23     -0.683   40.16822  -73.32734 0.0000e+00
     12.899     5.1327    32.6833  1025.8845     2.4697     7.1005     99.057    0.00180    7.14986    7.16353      8.494     0.7053   12.80585   3.157103 1.7626e+00    25.8242    25.8241 2.7721e+01     13.000          1       7451    1468.53 1.5747e+03  52383.085    310.411 1616448936       0.15     -0.443   40.16822  -73.32735 0.0000e+00
     11.909     5.2043    32.6719  1025.8627     2.4820     7.1317     99.760    0.00288    7.14920    7.16285      8.495     0.5961   12.80484   3.162198 2.1470e+00    25.8071    25.8070 3.1591e+01     12.000          1       7556    1468.79 1.4689e+03  52342.906    314.800 1616448940      -0.14     -0.186   40.16822  -73.32736 0.0000e+00
     10.916     5.2003    32.6712  1025.8580     2.4869     7.1396     99.903    0.00217    7.14036    7.15386      8.494     0.5811   12.79030   3.161778 2.0959e+00    25.8070    25.8069 3.2030e+01     11.000          1       7611    1468.76 1.5283e+03  52342.541    317.100 1616448942      -0.05     -0.497   40.16822  -73.32736 0.0000e+00
      9.919     5.2592    32.6660  1025.8424     2.4922     7.1335    100.052    0.00123    7.13587    7.14930      8.492     0.5939   12.78283   3.166543 2.2287e+00    25.7961    25.7960 3.4393e+01     10.000          1       8047    1468.98 1.5433e+03  52315.379    335.257 1616448960       0.03     -0.387   40.16821  -73.32740 0.0000e+00
      8.935     5.3287    32.6676  1025.8312     2.5019     7.1000    100.555    0.00295    7.06353    7.07583      8.489     0.6252   12.66296   3.172785 1.9184e+00    25.7895    25.7894 2.9109e+01      9.000          1       9821    1469.25 1.5177e+03  52295.512    409.180 1616449034      -0.11     -0.400   40.16818  -73.32759 0.0000e+00
      7.934     5.4789    32.6829  1025.8212     2.5113     7.1135    101.201    0.00552    7.02121    7.03285      8.487     0.5868   12.59296   3.187991 1.7875e+00    25.7842    25.7841 2.7549e+01      8.000          1       9764    1469.86 1.5415e+03  52269.766    406.810 1616449032      -0.05     -0.604   40.16818  -73.32758 0.0000e+00
      6.947     5.9088    32.7112  1025.7877     2.5211     7.0810    101.360    0.00291    6.99671    7.00796      8.484     0.4789   12.55243   3.227756 1.6658e+00    25.7554    25.7553 2.5271e+01      7.000          1       9834    1471.60 1.5170e+03  52180.723    409.723 1616449035       0.10     -0.324   40.16818  -73.32760 0.0000e+00
      5.955     6.1111    32.7209  1025.7660     2.5257     7.0676    101.393    0.00158    6.97615    6.98711      8.482     0.3825   12.51822   3.245617 1.7118e+00    25.7383    25.7383 2.5678e+01      6.000          1       9909    1472.41 1.5001e+03  52134.331    412.814 1616449038      -0.22     -0.361   40.16818  -73.32760 0.0000e+00
      4.965     6.1905    32.7342  1025.7621     2.5262     7.0539    101.279    0.00039    6.97111    6.98199      8.480     0.4102   12.50989   3.253661 1.8769e+00    25.7390    25.7389 2.8651e+01      5.000          1       9951    1472.72 1.5263e+03  52130.165    414.586 1616449040      -0.02     -0.559   40.16818  -73.32760 0.0000e+00
      3.966     6.2374    32.7416  1025.7574     2.5253     7.0489    101.145   -0.00044    6.97144    6.98233      8.479     0.4164   12.51042   3.257919 2.0944e+00    25.7389    25.7389 3.2299e+01      4.000          1       9991    1472.90 1.5421e+03  52126.609    416.238 1616449041       0.08     -0.608   40.16818  -73.32760 0.0000e+00
      2.977     6.2534    32.7437  1025.7524     2.5247     7.0521    101.135   -0.00014    6.97258    6.98349      8.477     0.4160   12.51227   3.259037 2.6600e+00    25.7386    25.7386 3.9561e+01      3.000          1      10055    1472.95 1.4888e+03  52124.428    418.934 1616449044       0.04     -0.355   40.16818  -73.32762 0.0000e+00
      1.982     6.2477    32.7466  1025.7508     2.5247     7.0523    101.145    0.00001    6.97255    6.98346      8.475     0.4160   12.51221   3.258490 4.0699e+00    25.7416    25.7416 6.1432e+01      2.000          1      10120    1472.92 1.5067e+03  52129.492    421.610 1616449047      -0.04     -0.393   40.16818  -73.32762 0.0000e+00
