CalculateIndicators/WaterTemperature/Data/CTD_NYOS/20210525_C37.cnv
* Sea-Bird SBE 9 Data File:
* FileName = C:\Seabird 9 CTD\Data\2021\202105_offshore\20210525_C37.hex
* Software Version Seasave V 7.23.2
* Temperature SN = 4590
* Conductivity SN = 3228
* Number of Bytes Per Scan = 44
* Number of Voltage Words = 5
* Number of Scans Averaged by the Deck Unit = 1
* NMEA Latitude = 40 23.91 N
* NMEA Longitude = 071 40.43 W
* NMEA UTC (Time) = May 26 2021  03:11:29
* NMEA baud rate = 4800
** Ship: seawolf
** Station: 1.3
** Operator: sjw
# nquan = 31
# nvalues = 296                         
# units = specified
# name 0 = depSM: Depth [salt water, m]
# name 1 = t090C: Temperature [ITS-90, deg C]
# name 2 = sal00: Salinity, Practical [PSU]
# name 3 = density00: Density [density, kg/m^3]
# name 4 = sbeox0V: Oxygen raw, SBE 43 [V]
# name 5 = sbeox0ML/L: Oxygen, SBE 43 [ml/l]
# name 6 = sbeox0PS: Oxygen, SBE 43 [% saturation]
# name 7 = sbox0dV/dT: Oxygen, SBE 43 [dov/dt]
# name 8 = oxsolML/L: Oxygen Saturation, Garcia & Gordon [ml/l]
# name 9 = oxsatML/L: Oxygen Saturation, Weiss [ml/l]
# name 10 = ph: pH
# name 11 = flECO-AFL: Fluorescence, WET Labs ECO-AFL/FL [mg/m^3]
# name 12 = n2satML/L: Nitrogen Saturation [ml/l]
# name 13 = c0S/m: Conductivity [S/m]
# name 14 = cpar: CPAR/Corrected Irradiance [%]
# name 15 = sigma-é00: Density [sigma-theta, kg/m^3]
# name 16 = sigma-t00: Density [sigma-t, kg/m^3 ]
# name 17 = par: PAR/Irradiance, Biospherical/Licor
# name 18 = prDM: Pressure, Digiquartz [db]
# name 19 = pumps: Pump Status
# name 20 = scan: Scan Count
# name 21 = svCM: Sound Velocity [Chen-Millero, m/s]
# name 22 = spar: SPAR, Biospherical/Licor
# name 23 = specc: Specific Conductance [uS/cm]
# name 24 = timeS: Time, Elapsed [seconds]
# name 25 = timeY: Time, System [seconds]
# name 26 = accM: Acceleration [m/s^2]
# name 27 = dz/dtM: Descent Rate [m/s]
# name 28 = latitude: Latitude [deg]
# name 29 = longitude: Longitude [deg]
# name 30 = flag: flag
# span 0 =      1.967,     75.410       
# span 1 =     7.2261,    14.2012       
# span 2 =    32.1576,    33.2872       
# span 3 =  1024.0086,  1026.3451       
# span 4 =     2.0994,     2.6387       
# span 5 =     5.4326,     6.8593       
# span 6 =     80.528,    106.429       
# span 7 =   -0.01720,    0.01827       
# span 8 =    5.88480,    6.79820       
# span 9 =    5.88059,    6.80688       
# span 10 =      7.906,      8.104      
# span 11 =    -0.0271,     0.5928      
# span 12 =   10.71793,   12.21930      
# span 13 =   3.379303,   3.912727      
# span 14 = -3.282e+04, 1.0819e+05      
# span 15 =    23.9780,    25.9979      
# span 16 =    23.9777,    25.9969      
# span 17 = 1.0000e-12, 1.0000e-12      
# span 18 =      2.000,     76.000      
# span 19 =          1,          1      
# span 20 =        447,      16338      
# span 21 =    1478.17,    1501.00      
# span 22 = -1.618e-01, 2.6228e+00      
# span 23 =  49847.701,  52609.372      
# span 24 =     18.583,    680.725      
# span 25 = 1621998704, 1621999366      
# span 26 =      -0.72,       0.71      
# span 27 =     -0.735,      0.718      
# span 28 =   40.39854,   40.39966      
# span 29 =  -71.67377,  -71.66892      
# span 30 = 0.0000e+00, 0.0000e+00      
# interval = decibars: 0.5              
# start_time = May 26 2021 03:11:25 [System UTC, first data scan.]
# bad_flag = -9.990e-29
*END*
      1.967    14.1882    32.2234  1024.0122     2.5769     6.0022    101.973   -0.00011    5.88602    5.88182 -9.990e-29     0.1094   10.71995   3.911560 1.0819e+05    24.0035    24.0034 1.0000e-12      2.000          1        447    1500.86 -1.618e-01  49903.059     18.583 1621998704       0.34     -0.451   40.39854  -71.67377 0.0000e+00
      2.488    14.1882    32.2234  1024.0146     2.5768     6.0008    101.950   -0.00041    5.88599    5.88179      8.041     0.1162   10.71991   3.911592 5.9718e+04    24.0035    24.0034 1.0000e-12      2.500          1        577    1500.87 7.9543e-01  49903.452     24.008 1621998709       0.50      0.122   40.39855  -71.67372 0.0000e+00
      2.975    14.1890    32.2232  1024.0165     2.5769     6.0034    101.998   -0.00006    5.88583    5.88163 -9.990e-29     0.1308   10.71965   3.911674 -2.802e+03    24.0032    24.0032 1.0000e-12      3.000          1        812    1500.88 2.0300e+00  49903.401     33.779 1621998719      -0.04      0.254   40.39856  -71.67364 0.0000e+00
      3.469    14.1893    32.2232  1024.0187     2.5766     6.0019    101.971   -0.00026    5.88584    5.88164 -9.990e-29     0.1209   10.71966   3.911729 5.0640e-11    24.0032    24.0031 1.0000e-12      3.500          1        839    1500.89 1.9747e+00  49903.673     34.927 1621998720       0.35      0.247   40.39857  -71.67363 0.0000e+00
      3.978    14.1895    32.2232  1024.0209     2.5763     6.0020    101.976   -0.00007    5.88575    5.88154 -9.990e-29     0.1203   10.71950   3.911758 5.0640e-11    24.0031    24.0030 1.0000e-12      4.000          1        861    1500.90 1.9747e+00  49903.806     35.814 1621998721       0.13      0.518   40.39858  -71.67362 0.0000e+00
      4.456    14.1899    32.2231  1024.0230     2.5763     6.0027    102.000    0.00015    5.88502    5.88081 -9.990e-29     0.1241   10.71830   3.911813 5.0640e-11    24.0030    24.0029 1.0000e-12      4.500          1        924    1500.91 1.9747e+00  49903.970     38.444 1621998724       0.03      0.068   40.39858  -71.67360 0.0000e+00
      4.966    14.1910    32.2229  1024.0249     2.5767     6.0049    102.035    0.00031    5.88518    5.88097 -9.990e-29     0.1050   10.71857   3.911910 5.0640e-11    24.0027    24.0025 1.0000e-12      5.000          1        947    1500.92 1.9747e+00  49903.849     39.422 1621998725       0.18      0.387   40.39858  -71.67360 0.0000e+00
      5.457    14.1960    32.2226  1024.0258     2.5766     6.0032    102.012   -0.00003    5.88480    5.88059 -9.990e-29     0.1136   10.71793   3.912372 5.0640e-11    24.0014    24.0013 1.0000e-12      5.500          1        990    1500.95 1.9747e+00  49903.153     41.209 1621998726      -0.12      0.301   40.39858  -71.67359 0.0000e+00
      5.954    14.1967    32.2229  1024.0281     2.5772     6.0077    102.089    0.00047    5.88483    5.88062 -9.990e-29     0.1064   10.71797   3.912483 5.0640e-11    24.0015    24.0013 1.0000e-12      6.000          1       1033    1500.96 1.9747e+00  49903.626     42.999 1621998728       0.07      0.277   40.39858  -71.67357 0.0000e+00
      6.446    14.1985    32.2233  1024.0303     2.5767     6.0034    102.014   -0.00036    5.88482    5.88061 -9.990e-29     0.1012   10.71796   3.912711 5.0640e-11    24.0015    24.0013 1.0000e-12      6.500          1       1074    1500.97 1.9747e+00  49904.361     44.727 1621998730      -0.04      0.292   40.39859  -71.67356 0.0000e+00
      6.949    14.1981    32.2234  1024.0326     2.5778     6.0107    102.138    0.00061    5.88491    5.88070 -9.990e-29     0.1092   10.71811   3.912697 5.0640e-11    24.0015    24.0013 1.0000e-12      7.000          1       1101    1500.98 1.9747e+00  49904.678     45.820 1621998731       0.19      0.374   40.39860  -71.67355 0.0000e+00
      7.443    14.1981    32.2235  1024.0350     2.5767     6.0047    102.029   -0.00026    5.88527    5.88106 -9.990e-29     0.1077   10.71870   3.912727 5.0640e-11    24.0017    24.0014 1.0000e-12      7.500          1       1134    1500.99 1.9747e+00  49905.127     47.208 1621998732      -0.10      0.406   40.39860  -71.67354 0.0000e+00
      7.937    14.1971    32.2233  1024.0372     2.5750     5.9984    101.914   -0.00089    5.88580    5.88160 -9.990e-29     0.1204   10.71959   3.912610 5.0640e-11    24.0017    24.0015 1.0000e-12      8.000          1       1184    1500.99 1.9747e+00  49905.214     49.273 1621998734      -0.03      0.232   40.39860  -71.67353 0.0000e+00
      8.430    14.1915    32.2240  1024.0412     2.5757     6.0067    102.046    0.00044    5.88622    5.88202      8.043     0.1133   10.72028   3.912203 5.0640e-11    24.0035    24.0032 1.0000e-12      8.500          1       1221    1500.98 1.9747e+00  49907.202     50.840 1621998736       0.17      0.276   40.39860  -71.67351 0.0000e+00
      8.935    14.1913    32.2239  1024.0434     2.5752     6.0038    101.996 -6.980e-07    5.88629    5.88209      8.042     0.1311   10.72040   3.912180 5.0640e-11    24.0034    24.0032 1.0000e-12      9.000          1       1243    1500.99 1.9747e+00  49907.294     51.751 1621998737       0.17      0.471   40.39860  -71.67350 0.0000e+00
      9.426    14.1873    32.2238  1024.0463     2.5755     6.0044    102.016   -0.00001    5.88575    5.88155      8.042     0.1244   10.71950   3.911808 5.0640e-11    24.0042    24.0039 1.0000e-12      9.500          1       1281    1500.98 1.9747e+00  49907.807     53.353 1621998738      -0.18      0.358   40.39860  -71.67349 0.0000e+00
      9.919    14.1857    32.2237  1024.0489     2.5768     6.0131    102.171    0.00132    5.88528    5.88107      8.042     0.1115   10.71873   3.911700 9.3286e+04    24.0045    24.0042 1.0000e-12     10.000          1       1316    1500.99 1.3256e-01  49908.200     54.810 1621998740       0.23      0.278   40.39860  -71.67348 0.0000e+00
     10.422    14.1887    32.2234  1024.0503     2.5755     6.0124    102.013   -0.00034    5.89374    5.88963      8.043     0.1152   10.73280   3.911947 3.4839e+04    24.0037    24.0034 1.0000e-12     10.500          1       1351    1501.00 1.2867e+00  49907.729     56.270 1621998741       0.10      0.365   40.39860  -71.67347 0.0000e+00
     10.907    14.1793    32.2223  1024.0535     2.5739     6.0287    101.972   -0.00036    5.91210    5.90819      8.043     0.1538   10.76326   3.910727 1.8581e+04    24.0048    24.0044 1.0000e-12     11.000          1       1407    1500.98 1.6078e+00  49907.551     58.589 1621998744       0.49      0.155   40.39862  -71.67346 0.0000e+00
     11.416    14.1160    32.2188  1024.0663     2.5752     6.0398    102.115    0.00067    5.91475    5.91087      8.043     0.1461   10.76766   3.903911 9.7316e+04    24.0152    24.0148 1.0000e-12     11.500          1       1421    1500.78 5.2987e-02  49910.091     59.187 1621998744       0.55      0.516   40.39862  -71.67344 0.0000e+00
     11.915    14.0526    32.2193  1024.0819     2.5762     6.0616    102.243    0.00145    5.92862    5.92490      8.046     0.1261   10.79063   3.898415 4.4608e+04    24.0286    24.0282 1.0000e-12     12.000          1       1440    1500.58 1.0938e+00  49918.227     59.978 1621998745       0.03      0.718   40.39862  -71.67344 0.0000e+00
     12.403    13.9748    32.2209  1024.1014     2.5750     6.1065    102.141   -0.00027    5.97855    5.97540      8.048     0.1226   10.87343   3.891445 -8.816e+02    24.0458    24.0455 1.0000e-12     12.500          1       1479    1500.34 1.9921e+00  49929.825     61.596 1621998747      -0.22      0.359   40.39862  -71.67343 0.0000e+00
     12.898    13.7963    32.2272  1024.1449     2.5725     6.1440    101.951   -0.00220    6.02644    6.02384      8.049     0.1379   10.95278   3.874681 5.0640e-11    24.0871    24.0868 1.0000e-12     13.000          1       1518    1499.77 1.9747e+00  49959.645     63.204 1621998748       0.12      0.286   40.39862  -71.67342 0.0000e+00
     13.395    13.4981    32.2303  1024.2099     2.5758     6.2338    102.485    0.00162    6.08255    6.08063      8.051     0.1462   11.04557   3.846880 5.0640e-11    24.1498    24.1494 1.0000e-12     13.500          1       1545    1498.79 1.9747e+00  50000.635     64.324 1621998749       0.08      0.417   40.39862  -71.67340 0.0000e+00
     13.893    13.2113    32.2238  1024.2642     2.5751     6.2669    102.504    0.00170    6.11384    6.11230      8.055     0.1535   11.09741   3.819818 5.0640e-11    24.2018    24.2014 1.0000e-12     14.000          1       1570    1497.84 1.9747e+00  50027.336     65.358 1621998751       0.03      0.471   40.39862  -71.67340 0.0000e+00
     14.390    12.8501    32.2440  1024.3528     2.5800     6.3197    102.802    0.00165    6.14742    6.14629      8.058     0.1784   11.15309   3.788025 5.0640e-11    24.2880    24.2877 1.0000e-12     14.500          1       1601    1496.66 1.9747e+00  50103.380     66.687 1621998752      -0.10      0.416   40.39862  -71.67339 0.0000e+00
     14.878    12.3228    32.2632  1024.4713     2.5881     6.4721    103.769    0.00695    6.23711    6.23712      8.060     0.1988   11.30130   3.743284 5.0640e-11    24.4042    24.4038 1.0000e-12     15.000          1       1640    1494.91 1.9747e+00  50202.316     68.286 1621998753       0.01      0.289   40.39862  -71.67338 0.0000e+00
     15.377    12.2096    32.2587  1024.4914     2.5833     6.4733    102.982   -0.00096    6.28585    6.28650      8.061     0.2043   11.38166   3.732517 5.0640e-11    24.4220    24.4216 1.0000e-12     15.500          1       1662    1494.52 1.9747e+00  50212.696     69.220 1621998754       0.22      0.409   40.39862  -71.67338 0.0000e+00
     15.881    11.9967    32.2586  1024.5333     2.5792     6.4940    102.511   -0.00518    6.33490    6.33620      8.065     0.2061   11.46256   3.711907 5.0640e-11    24.4616    24.4612 1.0000e-12     16.000          1       1681    1493.80 1.9747e+00  50243.153     69.998 1621998755       0.17      0.576   40.39862  -71.67336 0.0000e+00
     16.376    11.4406    32.2931  1024.6640     2.5773     6.5622    102.702   -0.00285    6.38958    6.39163      8.069     0.2008   11.55276   3.664707 5.0640e-11    24.5898    24.5894 1.0000e-12     16.500          1       1709    1491.92 1.9747e+00  50378.211     71.159 1621998756      -0.16      0.522   40.39862  -71.67336 0.0000e+00
     16.867    10.7417    32.3473  1024.8324     2.5816     6.6248    103.311    0.00137    6.41248    6.41484      8.070     0.1895   11.59066   3.606889 5.0640e-11    24.7557    24.7554 1.0000e-12     17.000          1       1748    1489.54 1.9747e+00  50568.612     72.796 1621998758      -0.00      0.284   40.39864  -71.67334 0.0000e+00
     17.364    10.1766    32.3854  1024.9609     2.5958     6.7109    104.590    0.00799    6.41643    6.41886      8.074     0.2019   11.59686   3.562234 5.0640e-11    24.8818    24.8815 1.0000e-12     17.500          1       1789    1487.57 1.9747e+00  50722.234     74.498 1621998760      -0.06      0.300   40.39864  -71.67333 0.0000e+00
     17.854    10.0463    32.3873  1024.9864     2.6067     6.7225    105.000    0.00659    6.40243    6.40472      8.075     0.2063   11.57321   3.552560 5.0640e-11    24.9050    24.9047 1.0000e-12     18.000          1       1827    1487.12 1.9747e+00  50748.898     76.096 1621998761       0.18      0.251   40.39864  -71.67332 0.0000e+00
     18.356    10.0216    32.4110  1025.0113     2.6131     6.7311    105.360    0.00735    6.38867    6.39080      8.078     0.1851   11.55003   3.553272 5.0640e-11    24.9276    24.9273 1.0000e-12     18.500          1       1846    1487.06 1.9747e+00  50787.318     76.881 1621998762       0.28      0.476   40.39864  -71.67331 0.0000e+00
     18.857    10.0263    32.4158  1025.0166     2.6208     6.7624    105.851    0.00869    6.38855    6.39068      8.082     0.1870   11.54984   3.554799 5.0640e-11    24.9307    24.9303 1.0000e-12     19.000          1       1865    1487.09 1.9747e+00  50793.571     77.663 1621998763       0.09      0.620   40.39864  -71.67330 0.0000e+00
     19.349    10.0499    32.4220  1025.0198     2.6275     6.7835    106.187    0.00882    6.38826    6.39039      8.087     0.1845   11.54935   3.558776 5.0640e-11    24.9316    24.9312 1.0000e-12     19.500          1       1887    1487.19 1.9747e+00  50798.133     78.571 1621998764      -0.08      0.604   40.39864  -71.67330 0.0000e+00
     19.851    10.1967    32.4881  1025.0490     2.6341     6.7848    106.245    0.00549    6.38594    6.38808      8.094     0.1917   11.54485   3.579237 2.9984e+04    24.9586    24.9582 1.0000e-12     20.000          1       1928    1487.81 1.3826e+00  50864.676     80.280 1621998765       0.07      0.367   40.39864  -71.67329 0.0000e+00
     20.343    10.2916    32.5515  1025.0846     2.6387     6.8198    106.259    0.00214    6.41809    6.42068      8.104     0.1894   11.59783   3.596918 1.0004e+05    24.9920    24.9916 1.0000e-12     20.500          1       1983    1488.24 -7.185e-04  50936.962     82.585 1621998768       0.65      0.272   40.39864  -71.67328 0.0000e+00
     20.845    10.3582    32.5849  1025.1016     2.6352     6.8020    105.730   -0.00238    6.43338    6.43618      8.101     0.1939   11.62318   3.603738 9.9999e+04    25.0068    25.0064 1.0000e-12     21.000          1       2001    1488.53 0.0000e+00  50972.104     83.329 1621998768       0.27      0.634   40.39864  -71.67326 0.0000e+00
     21.331    10.2069    32.5767  1025.1231     2.6299     6.7807    105.285   -0.00468    6.44035    6.44325      8.099     0.2039   11.63475   3.587702 9.9999e+04    25.0260    25.0256 1.0000e-12     21.500          1       2030    1487.98 0.0000e+00  50988.588     84.538 1621998770      -0.27      0.508   40.39866  -71.67326 0.0000e+00
     21.832     9.9605    32.5630  1025.1559     2.6280     6.7992    105.391   -0.00267    6.45139    6.45443      8.099     0.2108   11.65307   3.564328 9.9999e+04    25.0564    25.0560 1.0000e-12     22.000          1       2057    1487.09 0.0000e+00  51015.183     85.654 1621998771       0.07      0.409   40.39866  -71.67325 0.0000e+00
     22.323     9.7992    32.5578  1025.1808     2.6276     6.8045    105.583   -0.00026    6.44470    6.44769      8.097     0.2111   11.64135   3.550426 4.9733e+03    25.0790    25.0786 1.0000e-12     22.500          1       2103    1486.50 1.8765e+00  51038.937     87.569 1621998773      -0.12      0.273   40.39866  -71.67323 0.0000e+00
     22.812     9.7048    32.5556  1025.1968     2.6304     6.8211    105.928    0.00217    6.43940    6.44234      8.099     0.2172   11.63239   3.542049 -2.276e+02    25.0927    25.0923 1.0000e-12     23.000          1       2138    1486.16 1.9792e+00  51054.081     89.031 1621998774       0.39      0.237   40.39866  -71.67322 0.0000e+00
     23.323     9.7184    32.5824  1025.2178     2.6314     6.8215    105.985    0.00229    6.43632    6.43923      8.100     0.2162   11.62714   3.547533 5.0640e-11    25.1114    25.1110 1.0000e-12     23.500          1       2152    1486.26 1.9747e+00  51089.706     89.607 1621998775       0.53      0.534   40.39866  -71.67322 0.0000e+00
     23.822     9.7819    32.6112  1025.2322     2.6327     6.8276    106.016    0.00175    6.44010    6.44308      8.102     0.2210   11.63323   3.555529 5.0640e-11    25.1235    25.1231 1.0000e-12     24.000          1       2176    1486.53 1.9747e+00  51118.437     90.617 1621998776      -0.02      0.617   40.39866  -71.67322 0.0000e+00
     24.305     9.8290    32.6430  1025.2515     2.6281     6.8593    105.500   -0.00279    6.50177    6.50555      8.101     0.2096   11.73581   3.563262 5.0640e-11    25.1406    25.1402 1.0000e-12     24.500          1       2228    1486.75 1.9747e+00  51154.450     92.787 1621998778       0.14      0.119   40.39866  -71.67319 0.0000e+00
