CalculateIndicators/WaterTemperature/Data/CTD_NYOS/20210522_C13.cnv
* Sea-Bird SBE 9 Data File:
* FileName = C:\Seabird 9 CTD\Data\2021\202105_offshore\20210522_C13.hex
* Software Version Seasave V 7.23.2
* Temperature SN = 4590
* Conductivity SN = 3228
* Number of Bytes Per Scan = 44
* Number of Voltage Words = 5
* Number of Scans Averaged by the Deck Unit = 1
* NMEA Latitude = 40 34.88 N
* NMEA Longitude = 073 07.45 W
* NMEA UTC (Time) = May 22 2021  22:44:52
* NMEA baud rate = 4800
** Ship: seawolf
** Station: 5.1
** Operator: TDK
# nquan = 31
# nvalues = 81                          
# units = specified
# name 0 = depSM: Depth [salt water, m]
# name 1 = t090C: Temperature [ITS-90, deg C]
# name 2 = sal00: Salinity, Practical [PSU]
# name 3 = density00: Density [density, kg/m^3]
# name 4 = sbeox0V: Oxygen raw, SBE 43 [V]
# name 5 = sbeox0ML/L: Oxygen, SBE 43 [ml/l]
# name 6 = sbeox0PS: Oxygen, SBE 43 [% saturation]
# name 7 = sbox0dV/dT: Oxygen, SBE 43 [dov/dt]
# name 8 = oxsolML/L: Oxygen Saturation, Garcia & Gordon [ml/l]
# name 9 = oxsatML/L: Oxygen Saturation, Weiss [ml/l]
# name 10 = ph: pH
# name 11 = flECO-AFL: Fluorescence, WET Labs ECO-AFL/FL [mg/m^3]
# name 12 = n2satML/L: Nitrogen Saturation [ml/l]
# name 13 = c0S/m: Conductivity [S/m]
# name 14 = cpar: CPAR/Corrected Irradiance [%]
# name 15 = sigma-é00: Density [sigma-theta, kg/m^3]
# name 16 = sigma-t00: Density [sigma-t, kg/m^3 ]
# name 17 = par: PAR/Irradiance, Biospherical/Licor
# name 18 = prDM: Pressure, Digiquartz [db]
# name 19 = pumps: Pump Status
# name 20 = scan: Scan Count
# name 21 = svCM: Sound Velocity [Chen-Millero, m/s]
# name 22 = spar: SPAR, Biospherical/Licor
# name 23 = specc: Specific Conductance [uS/cm]
# name 24 = timeS: Time, Elapsed [seconds]
# name 25 = timeY: Time, System [seconds]
# name 26 = accM: Acceleration [m/s^2]
# name 27 = dz/dtM: Descent Rate [m/s]
# name 28 = latitude: Latitude [deg]
# name 29 = longitude: Longitude [deg]
# name 30 = flag: flag
# span 0 =      1.466,     21.833       
# span 1 =     8.6997,    15.2370       
# span 2 =    31.2967,    33.0328       
# span 3 =  1023.1010,  1025.2312       
# span 4 =     2.1539,     2.9319       
# span 5 =     5.4465,     7.0696       
# span 6 =     82.466,    121.027       
# span 7 =   -0.04821,    0.08278       
# span 8 =    5.77790,    6.60784       
# span 9 =    5.77237,    6.61289       
# span 10 =      7.857,      8.116      
# span 11 =     0.6335,     1.6618      
# span 12 =   10.54359,   11.91380      
# span 13 =   3.439158,   3.962477      
# span 14 = 1.9455e-01, 3.6381e+01      
# span 15 =    23.0899,    25.1863      
# span 16 =    23.0898,    25.1861      
# span 17 = 5.0153e-01, 8.8800e+01      
# span 18 =      1.500,     22.000      
# span 19 =          1,          1      
# span 20 =        346,       6193      
# span 21 =    1482.24,    1503.70      
# span 22 = 2.4393e+02, 2.6231e+02      
# span 23 =  48515.793,  51432.273      
# span 24 =     14.372,    258.011      
# span 25 = 1621723506, 1621723750      
# span 26 =      -0.33,       0.31      
# span 27 =     -0.764,      0.615      
# span 28 =   40.58145,   40.58199      
# span 29 =  -73.12418,  -73.12324      
# span 30 = 0.0000e+00, 0.0000e+00      
# interval = decibars: 0.5              
# start_time = May 22 2021 22:44:52 [System UTC, first data scan.]
# bad_flag = -9.990e-29
*END*
      2.479    15.1346    31.2967  1023.1010     2.4492     5.5047     95.211   -0.00609    5.78155    5.77593      8.046     0.7275   10.55229   3.897826 2.8888e+01    23.0899    23.0898 7.4450e+01      2.500          1        346    1502.83 2.5800e+02  48515.793     14.372 1621723506       0.28     -0.056   40.58145  -73.12418 0.0000e+00
      2.982    15.2370    31.6692  1023.3679     2.4565     5.6277     97.337    0.02059    5.78161    5.77605      8.046     0.7142   10.55123   3.947041 2.4186e+01    23.3546    23.3546 6.3421e+01      3.000          1        395    1503.60 2.6231e+02  49024.380     16.426 1621723508       0.31      0.320   40.58146  -73.12418 0.0000e+00
      3.469    15.2342    31.7536  1023.4357     2.4730     5.6708     97.617    0.01165    5.80924    5.80412      8.048     0.7216   10.59393   3.954975 2.0726e+01    23.4202    23.4201 5.4293e+01      3.500          1        438    1503.70 2.6197e+02  49141.334     18.206 1621723510      -0.17      0.317   40.58146  -73.12417 0.0000e+00
      3.972    15.2039    31.8092  1023.4873     2.4688     5.6899     96.802    0.00079    5.87810    5.87407      8.059     0.6890   10.70241   3.958522 1.9692e+01    23.4696    23.4695 5.1343e+01      4.000          1        470    1503.68 2.6073e+02  49221.710     19.522 1621723511       0.11      0.356   40.58146  -73.12416 0.0000e+00
      4.463    14.8365    32.1259  1023.8121     2.4931     5.9168     98.919    0.01101    5.98013    5.97738      8.102     0.7047   10.87014   3.959013 1.6985e+01    23.7922    23.7921 4.4213e+01      4.500          1        513    1502.88 2.6067e+02  49698.893     21.338 1621723513      -0.11      0.288   40.58146  -73.12416 0.0000e+00
      4.957    13.9385    32.7694  1024.4985     2.5221     6.1538    101.534    0.02551    6.06093    6.05915      8.116     0.6851   11.00330   3.942494 1.4382e+01    24.4763    24.4762 3.7489e+01      5.000          1        546    1500.74 2.6067e+02  50696.149     22.723 1621723515       0.23      0.294   40.58146  -73.12415 0.0000e+00
      5.459    14.1540    32.1930  1024.0112     2.5236     6.0975    100.464    0.01012    6.06937    6.06755      8.116     0.6682   11.01953   3.898152 1.2264e+01    23.9868    23.9866 3.1967e+01      5.500          1        565    1500.77 2.6067e+02  49858.991     23.505 1621723515       0.25      0.510   40.58146  -73.12414 0.0000e+00
      5.956    12.9416    33.0282  1024.9039     2.5173     6.0368     99.380   -0.00039    6.07445    6.07267      8.114     0.6623   11.02842   3.878357 1.0314e+01    24.8771    24.8770 2.6966e+01      6.000          1        586    1497.76 2.6067e+02  51186.459     24.357 1621723516       0.01      0.615   40.58146  -73.12414 0.0000e+00
      6.453    12.6266    32.9716  1024.9239     2.4947     5.9131     97.254   -0.01419    6.08005    6.07832      8.112     0.7050   11.03792   3.839647 8.7432e+00    24.8949    24.8947 2.2928e+01      6.500          1        610    1496.64 2.6214e+02  51142.569     25.358 1621723517      -0.09      0.548   40.58146  -73.12414 0.0000e+00
      6.946    12.5672    32.6103  1024.6577     2.4476     5.7041     93.661   -0.03154    6.09024    6.08866      8.109     0.7923   11.05444   3.800579 7.7336e+00    24.6264    24.6262 2.0162e+01      7.000          1        643    1496.02 2.6072e+02  50648.351     26.740 1621723519      -0.11      0.397   40.58146  -73.12414 0.0000e+00
      7.443    12.5005    32.5763  1024.6464     2.3940     5.5615     90.932   -0.03322    6.11622    6.11498      8.105     0.7929   11.09705   3.792057 6.9579e+00    24.6129    24.6127 1.8097e+01      7.500          1        683    1495.76 2.6008e+02  50610.323     28.400 1621723520      -0.03      0.310   40.58146  -73.12414 0.0000e+00
      7.934    12.3892    32.6077  1024.6942     2.3770     5.6449     91.758   -0.01208    6.15179    6.15107      8.098     0.7837   11.15491   3.785655 6.4000e+00    24.6584    24.6582 1.6551e+01      8.000          1        724    1495.43 2.5862e+02  50670.834     30.119 1621723522       0.05      0.267   40.58147  -73.12413 0.0000e+00
      8.434    12.2532    32.6298  1024.7394     2.4006     5.9089     94.966    0.01255    6.22193    6.22233      8.090     0.7676   11.26768   3.774932 5.6318e+00    24.7014    24.7012 1.4612e+01      8.500          1        748    1495.00 2.5949e+02  50720.933     31.135 1621723523       0.17      0.408   40.58148  -73.12412 0.0000e+00
      8.931    12.0800    32.6604  1024.7981     2.4198     6.0811     96.766    0.02212    6.28426    6.28513      8.064     0.8164   11.37558   3.763000 4.8615e+00    24.7577    24.7575 1.2671e+01      9.000          1        772    1494.45 2.6065e+02  50789.253     32.132 1621723524       0.02      0.511   40.58148  -73.12412 0.0000e+00
      9.423    11.8911    32.7300  1024.8895     2.4411     6.1476     97.381    0.01634    6.31291    6.31397      8.043     1.0538   11.42564   3.752702 4.3224e+00    24.8469    24.8467 1.1267e+01      9.500          1        798    1493.89 2.6067e+02  50913.858     33.193 1621723525      -0.03      0.473   40.58148  -73.12412 0.0000e+00
      9.923    11.3225    33.0328  1025.2312     2.5138     6.5260    103.265    0.04451    6.31968    6.32079      8.038     1.0483   11.43744   3.728039 3.9700e+00    25.1863    25.1861 1.0348e+01     10.000          1        818    1492.29 2.6067e+02  51432.273     34.055 1621723526       0.10      0.510   40.58148  -73.12410 0.0000e+00
     10.425    10.9735    32.7027  1025.0390     2.5859     6.9581    109.956    0.08278    6.32796    6.32915      8.032     1.0705   11.45155   3.661835 3.6564e+00    24.9918    24.9915 9.5060e+00     10.500          1        840    1490.68 2.5996e+02  51022.815     34.952 1621723527       0.01      0.579   40.58148  -73.12410 0.0000e+00
     10.911    10.7255    32.3236  1024.7898     2.5953     6.6218    104.015    0.00377    6.36665    6.36829      8.012     1.3576   11.51630   3.606462 3.3803e+00    24.7402    24.7400 8.7397e+00     11.000          1        897    1489.36 2.5856e+02  50534.349     37.324 1621723529      -0.09      0.188   40.58149  -73.12410 0.0000e+00
     11.407    10.6365    32.2849  1024.7772     2.5658     6.4399    100.835   -0.01762    6.38658    6.38848      8.011     1.4919   11.54931   3.595235 3.0221e+00    24.7254    24.7251 7.8178e+00     11.500          1        933    1489.00 2.5869e+02  50495.261     38.826 1621723531       0.31      0.296   40.58150  -73.12409 0.0000e+00
     11.912    10.5880    32.2589  1024.7676     2.5504     6.3916     99.863   -0.02042    6.40043    6.40253      8.003     1.6000   11.57190   3.588288 2.6283e+00    24.7134    24.7132 6.7992e+00     12.000          1        952    1488.80 2.5869e+02  50466.872     39.622 1621723532       0.22      0.533   40.58150  -73.12408 0.0000e+00
     12.403    10.3683    32.2552  1024.8044     2.5373     6.3938     99.635   -0.01572    6.41726    6.41960      7.995     1.6474   11.59967   3.567830 2.2704e+00    24.7480    24.7477 5.9119e+00     12.500          1        977    1488.02 2.6042e+02  50501.388     40.662 1621723533      -0.12      0.558   40.58150  -73.12408 0.0000e+00
     12.895    10.2891    32.2531  1024.8184     2.5212     6.3639     99.035   -0.01355    6.42585    6.42829      7.990     1.6292   11.61399   3.562369 2.0328e+00    24.7597    24.7595 5.2990e+00     13.000          1       1002    1487.74 2.6068e+02  50512.456     41.698 1621723534       0.01      0.449   40.58150  -73.12408 0.0000e+00
     13.401    10.1934    32.2815  1024.8590     2.5035     6.3002     97.831   -0.01769    6.43989    6.44252      7.984     1.6506   11.63717   3.555918 1.8077e+00    24.7979    24.7977 4.7121e+00     13.500          1       1022    1487.44 2.6067e+02  50570.084     42.557 1621723534       0.10      0.539   40.58150  -73.12408 0.0000e+00
     13.891     9.9868    32.2893  1024.9017     2.4576     6.1660     95.204   -0.02255    6.47685    6.48001      7.983     1.6618   11.69804   3.538867 1.5716e+00    24.8384    24.8381 4.0788e+00     14.000          1       1071    1486.71 2.5951e+02  50619.348     44.591 1621723537      -0.14      0.267   40.58150  -73.12407 0.0000e+00
     14.383     9.7850    32.3049  1024.9494     2.4278     6.1385     94.287   -0.01674    6.51040    6.51403      7.998     1.2928   11.75325   3.522807 1.4005e+00    24.8838    24.8835 3.6034e+00     14.500          1       1116    1486.01 2.5729e+02  50679.901     46.472 1621723538       0.24      0.256   40.58152  -73.12406 0.0000e+00
     14.884     9.6916    32.3067  1024.9683     2.4323     6.2433     95.682   -0.00361    6.52498    6.52884      7.993     1.1419   11.77718   3.514465 1.2490e+00    24.9003    24.9001 3.2090e+00     15.000          1       1137    1485.68 2.5695e+02  50700.145     47.317 1621723539       0.21      0.469   40.58152  -73.12406 0.0000e+00
     15.382     9.5379    32.3224  1025.0077     2.4343     6.3059     96.423    0.00336    6.53985    6.54393      7.981     1.1880   11.80155   3.502571 1.1170e+00    24.9374    24.9371 2.8686e+00     15.500          1       1157    1485.15 2.5678e+02  50752.777     48.156 1621723540       0.07      0.585   40.58152  -73.12406 0.0000e+00
     15.876     9.4316    32.3347  1025.0367     2.4267     6.2624     95.631   -0.00157    6.54856    6.55276      7.966     1.2262   11.81587   3.494605 1.0252e+00    24.9641    24.9638 2.6125e+00     16.000          1       1179    1484.78 2.5482e+02  50791.328     49.090 1621723541      -0.06      0.570   40.58152  -73.12406 0.0000e+00
     16.373     9.3209    32.3512  1025.0694     2.4044     6.1161     93.358   -0.01486    6.55119    6.55543      7.958     1.2279   11.82024   3.486540 9.2591e-01    24.9945    24.9942 2.3842e+00     16.500          1       1201    1484.40 2.5763e+02  50836.917     50.016 1621723542      -0.01      0.534   40.58152  -73.12404 0.0000e+00
     16.873     9.1853    32.3748  1025.1116     2.3673     5.9115     90.195   -0.02992    6.55409    6.55837      7.945     1.2071   11.82504   3.477028 8.2295e-01    25.0343    25.0340 2.1359e+00     17.000          1       1227    1483.94 2.5862e+02  50898.256     51.065 1621723543      -0.06      0.519   40.58152  -73.12404 0.0000e+00
     17.363     9.0822    32.3836  1025.1369     2.3055     5.7341     87.334   -0.02804    6.56575    6.57020      7.913     1.2009   11.84431   3.469778 7.2295e-01    25.0574    25.0571 1.8694e+00     17.500          1       1280    1483.58 2.5869e+02  50932.058     53.278 1621723545      -0.10      0.204   40.58152  -73.12404 0.0000e+00
     17.858     9.0442    32.3830  1025.1446     2.2653     5.6537     85.843   -0.02278    6.58610    6.59084      7.899     1.2953   11.87786   3.466669 6.3747e-01    25.0629    25.0626 1.6444e+00     18.000          1       1323    1483.44 2.5793e+02  50939.425     55.071 1621723547       0.12      0.282   40.58152  -73.12403 0.0000e+00
     18.354     9.0025    32.3836  1025.1539     2.2408     5.5842     84.687   -0.02231    6.59400    6.59886      7.894     1.2547   11.89088   3.463122 5.7675e-01    25.0698    25.0695 1.4765e+00     18.500          1       1350    1483.30 2.5599e+02  50949.294     56.190 1621723548       0.10      0.403   40.58152  -73.12402 0.0000e+00
     18.853     8.9301    32.3883  1025.1711     2.2221     5.5332     83.875   -0.02114    6.59694    6.60184      7.891     1.2140   11.89575   3.456934 5.2501e-01    25.0847    25.0844 1.3305e+00     19.000          1       1372    1483.04 2.5343e+02  50971.195     57.108 1621723549       0.10      0.494   40.58152  -73.12402 0.0000e+00
     19.352     8.8479    32.3943  1025.1908     2.2040     5.4886     83.175   -0.01907    6.59888    6.60381      7.888     1.2077   11.89897   3.450676 4.6181e-01    25.1020    25.1017 1.1842e+00     19.500          1       1396    1482.75 2.5652e+02  50997.628     58.134 1621723550      -0.05      0.527   40.58154  -73.12402 0.0000e+00
     19.846     8.7814    32.3978  1025.2060     2.1858     5.4718     82.883   -0.01236    6.60188    6.60685      7.887     1.1824   11.90393   3.445474 4.0120e-01    25.1150    25.1147 1.0378e+00     20.000          1       1435    1482.52 2.5867e+02  51017.004     59.758 1621723552      -0.11      0.332   40.58154  -73.12401 0.0000e+00
     20.342     8.7505    32.3967  1025.2121     2.1732     5.4726     82.871   -0.00571    6.60374    6.60873      7.885     1.1209   11.90702   3.443098 3.4887e-01    25.1188    25.1185 8.9225e-01     20.500          1       1491    1482.41 2.5568e+02  51022.319     62.082 1621723554      -0.02      0.215   40.58154  -73.12400 0.0000e+00
     20.833     8.7264    32.3952  1025.2169     2.1627     5.4630     82.675   -0.00227    6.60784    6.61289      7.881     1.0996   11.91380   3.441284 2.9437e-01    25.1213    25.1210 7.4966e-01     21.000          1       1575    1482.33 2.5468e+02  51025.666     65.575 1621723558       0.18      0.131   40.58154  -73.12400 0.0000e+00
     21.336     8.7130    32.3959  1025.2218     2.1601     5.4559     82.568   -0.00206    6.60779    6.61283      7.880     1.1392   11.91372   3.440279 2.4666e-01    25.1240    25.1236 6.2991e-01     21.500          1       1608    1482.29 2.5543e+02  51029.931     66.978 1621723559       0.01      0.309   40.58154  -73.12398 0.0000e+00
     21.833     8.6997    32.3913  1025.2225     2.1551     5.4504     82.490   -0.00015    6.60737    6.61240      7.877     1.1367   11.91309   3.439158 1.9455e-01    25.1223    25.1220 5.0153e-01     22.000          1       2047    1482.24 2.5772e+02  51026.459     85.251 1621723577      -0.09      0.101   40.58159  -73.12391 0.0000e+00
     21.328     8.7055    32.3865  1025.2156     2.1539     5.4467     82.466    0.00031    6.60486    6.60985      7.857     1.1906   11.90900   3.439422 2.3672e-01    25.1177    25.1174 6.0508e-01     21.500          1       2532    1482.25 2.5564e+02  51018.177    105.459 1621723597      -0.28     -0.310   40.58163  -73.12382 0.0000e+00
     20.832     8.7303    32.3822  1025.2062     2.1563     5.4518     82.640    0.00119    6.59708    6.60196      7.858     1.1139   11.89622   3.441404 2.8249e-01    25.1106    25.1103 7.1973e-01     21.000          1       2810    1482.32 2.5479e+02  51006.432    117.035 1621723609      -0.18     -0.494   40.58167  -73.12378 0.0000e+00
     20.341     8.7610    32.3795  1025.1971     2.1581     5.4494     82.702    0.00111    6.58913    6.59389      7.859     1.1311   11.88316   3.443742 3.3154e-01    25.1038    25.1035 8.4046e-01     20.500          1       2860    1482.43 2.5354e+02  50995.680    119.123 1621723611       0.15     -0.390   40.58168  -73.12378 0.0000e+00
     19.847     8.7796    32.3777  1025.1906     2.1604     5.4465     82.824    0.00150    6.57605    6.58061      7.862     1.2321   11.86166   3.445219 3.8980e-01    25.0995    25.0992 9.8487e-01     20.000          1       2894    1482.49 2.5267e+02  50988.805    120.556 1621723612      -0.08     -0.322   40.58168  -73.12378 0.0000e+00
     19.351     8.8090    32.3737  1025.1807     2.1632     5.4515     82.999    0.00205    6.56808    6.57252      7.863     1.3187   11.84850   3.447621 4.6281e-01    25.0919    25.0916 1.1610e+00     19.500          1       2919    1482.58 2.5087e+02  50976.723    121.576 1621723613      -0.12     -0.434   40.58169  -73.12378 0.0000e+00
     18.851     8.8504    32.3684  1025.1678     2.1692     5.4824     83.496    0.00438    6.56608    6.57050      7.862     1.3176   11.84519   3.450784 5.3805e-01    25.0814    25.0811 1.3497e+00     19.000          1       2939    1482.73 2.5084e+02  50959.943    122.416 1621723614      -0.12     -0.533   40.58170  -73.12378 0.0000e+00
