CalculateIndicators/WaterTemperature/Data/CTD_NYOS/20210525_C35.cnv
* Sea-Bird SBE 9 Data File:
* FileName = C:\Seabird 9 CTD\Data\2021\202105_offshore\20210525_C35.hex
* Software Version Seasave V 7.23.2
* Temperature SN = 4590
* Conductivity SN = 3228
* Number of Bytes Per Scan = 44
* Number of Voltage Words = 5
* Number of Scans Averaged by the Deck Unit = 1
* NMEA Latitude = 40 59.84 N
* NMEA Longitude = 071 54.14 W
* NMEA UTC (Time) = May 25 2021  20:45:41
* NMEA baud rate = 4800
** Ship: seawolf
** Station: 1.1
** Operator: eih
# nquan = 31
# nvalues = 61                          
# units = specified
# name 0 = depSM: Depth [salt water, m]
# name 1 = t090C: Temperature [ITS-90, deg C]
# name 2 = sal00: Salinity, Practical [PSU]
# name 3 = density00: Density [density, kg/m^3]
# name 4 = sbeox0V: Oxygen raw, SBE 43 [V]
# name 5 = sbeox0ML/L: Oxygen, SBE 43 [ml/l]
# name 6 = sbeox0PS: Oxygen, SBE 43 [% saturation]
# name 7 = sbox0dV/dT: Oxygen, SBE 43 [dov/dt]
# name 8 = oxsolML/L: Oxygen Saturation, Garcia & Gordon [ml/l]
# name 9 = oxsatML/L: Oxygen Saturation, Weiss [ml/l]
# name 10 = ph: pH
# name 11 = flECO-AFL: Fluorescence, WET Labs ECO-AFL/FL [mg/m^3]
# name 12 = n2satML/L: Nitrogen Saturation [ml/l]
# name 13 = c0S/m: Conductivity [S/m]
# name 14 = cpar: CPAR/Corrected Irradiance [%]
# name 15 = sigma-é00: Density [sigma-theta, kg/m^3]
# name 16 = sigma-t00: Density [sigma-t, kg/m^3 ]
# name 17 = par: PAR/Irradiance, Biospherical/Licor
# name 18 = prDM: Pressure, Digiquartz [db]
# name 19 = pumps: Pump Status
# name 20 = scan: Scan Count
# name 21 = svCM: Sound Velocity [Chen-Millero, m/s]
# name 22 = spar: SPAR, Biospherical/Licor
# name 23 = specc: Specific Conductance [uS/cm]
# name 24 = timeS: Time, Elapsed [seconds]
# name 25 = timeY: Time, System [seconds]
# name 26 = accM: Acceleration [m/s^2]
# name 27 = dz/dtM: Descent Rate [m/s]
# name 28 = latitude: Latitude [deg]
# name 29 = longitude: Longitude [deg]
# name 30 = flag: flag
# span 0 =      1.957,     16.882       
# span 1 =    10.6259,    12.8210       
# span 2 =    30.7607,    31.2703       
# span 3 =  1023.1576,  1024.0142       
# span 4 =     2.5375,     2.6366       
# span 5 =     6.3958,     6.5614       
# span 6 =    100.895,    105.295       
# span 7 =   -0.00925,    0.00843       
# span 8 =    6.10908,    6.37929       
# span 9 =    6.10644,    6.38024       
# span 10 =      8.004,      8.028      
# span 11 =     0.1919,     0.9356      
# span 12 =   11.10663,   11.54890      
# span 13 =   3.496620,   3.633217      
# span 14 = 1.1524e+00, 8.0546e+01      
# span 15 =    23.1486,    23.9373      
# span 16 =    23.1485,    23.9370      
# span 17 = 2.0816e+01, 7.6463e+02      
# span 18 =      2.000,     17.000      
# span 19 =          1,          1      
# span 20 =        882,       8119      
# span 21 =    1487.83,    1494.63      
# span 22 = 4.7771e+02, 1.8496e+03      
# span 23 =  48026.843,  49069.598      
# span 24 =     36.726,    338.242      
# span 25 = 1621975574, 1621975875      
# span 26 =      -0.65,       1.08      
# span 27 =     -0.803,      0.819      
# span 28 =   40.99756,   40.99857      
# span 29 =  -71.90214,  -71.90061      
# span 30 = 0.0000e+00, 0.0000e+00      
# interval = decibars: 0.5              
# start_time = May 25 2021 20:45:38 [System UTC, first data scan.]
# bad_flag = -9.990e-29
*END*
[from data line 47]
      8.437    12.4379    30.7829  1023.2734     2.6366     6.4674    105.295    0.00058    6.14223    6.13997      8.019     0.5854   11.16154   3.604344 6.5525e+00    23.2352    23.2350 1.2030e+02      8.500          1       7525    1493.44 1.8358e+03  48106.663    313.508 1621975851      -0.39     -0.193   40.99848  -71.90072 0.0000e+00
      7.933    12.4855    30.7797  1023.2596     2.6342     6.4483    105.086   -0.00039    6.13622    6.13389      8.019     0.5287   11.15160   3.607956 7.5130e+00    23.2238    23.2236 1.3876e+02      8.000          1       7559    1493.59 1.8467e+03  48095.948    314.932 1621975853      -0.14     -0.371   40.99848  -71.90072 0.0000e+00
      7.454    12.5857    30.7736  1023.2339     2.6353     6.4465    105.238    0.00135    6.12565    6.12319      8.018     0.4608   11.13413   3.615343 8.6674e+00    23.2003    23.2001 1.5952e+02      7.500          1       7623    1493.91 1.8405e+03  48073.746    317.564 1621975855      -0.58     -0.159   40.99848  -71.90072 0.0000e+00
      6.944    12.5990    30.7704  1023.2266     2.6351     6.4480    105.252    0.00162    6.12626    6.12381      8.018     0.4236   11.13512   3.616334 9.0426e+00    23.1952    23.1951 1.6695e+02      7.000          1       7634    1493.95 1.8463e+03  48067.397    318.028 1621975856      -0.63     -0.527   40.99850  -71.90070 0.0000e+00
      6.437    12.6268    30.7698  1023.2186     2.6334     6.4390    105.074    0.00035    6.12810    6.12568 -9.990e-29     0.4051   11.13816   3.618621 1.0117e+01    23.1895    23.1893 1.8712e+02      6.500          1       7648    1494.03 1.8496e+03  48062.784    318.615 1621975856      -0.30     -0.803   40.99850  -71.90070 0.0000e+00
      5.951    12.6933    30.7652  1023.2002     2.6321     6.4232    104.947   -0.00021    6.12046    6.11794      8.018     0.3083   11.12551   3.623897 1.3218e+01    23.1733    23.1732 2.4290e+02      6.000          1       7704    1494.24 1.8374e+03  48047.198    320.976 1621975859      -0.00     -0.430   40.99850  -71.90069 0.0000e+00
      5.458    12.7204    30.7644  1023.1922     2.6324     6.4209    105.003    0.00048    6.11491    6.11233      8.018     0.2545   11.11633   3.625969 1.6266e+01    23.1676    23.1674 2.6363e+02      5.500          1       7756    1494.32 1.6298e+03  48042.472    323.123 1621975861      -0.35     -0.353   40.99852  -71.90068 0.0000e+00
      4.953    12.7683    30.7607  1023.1779     2.6322     6.4161    104.924   -0.00032    6.11501    6.11244      8.018     0.2542   11.11651   3.629318 2.0303e+01    23.1556    23.1555 2.9507e+02      5.000          1       7779    1494.48 1.4765e+03  48030.807    324.082 1621975862      -0.10     -0.531   40.99852  -71.90068 0.0000e+00
      4.477    12.7755    30.7627  1023.1759     2.6310     6.4080    104.844   -0.00042    6.11199    6.10938 -9.990e-29     0.2567   11.11148   3.629647 1.7549e+01    23.1557    23.1556 2.9313e+02      4.500          1       7850    1494.49 1.7088e+03  48032.451    327.044 1621975865      -0.59     -0.050   40.99852  -71.90066 0.0000e+00
      3.962    12.7709    30.7635  1023.1750     2.6314     6.4119    104.900    0.00009    6.11238    6.10977 -9.990e-29     0.2466   11.11213   3.629392 2.3007e+01    23.1572    23.1571 3.8930e+02      4.000          1       7862    1494.47 1.7026e+03  48033.792    327.538 1621975865      -0.65     -0.489   40.99852  -71.90066 0.0000e+00
      3.464    12.7865    30.7632  1023.1696     2.6316     6.4106    104.904    0.00018    6.11094    6.10832      8.018     0.2629   11.10975   3.630716 2.2649e+01    23.1540    23.1539 3.7027e+02      3.500          1       7895    1494.51 1.6612e+03  48031.250    328.930 1621975866      -0.18     -0.522   40.99853  -71.90066 0.0000e+00
      2.977    12.8071    30.7622  1023.1627     2.6316     6.4103    104.873   -0.00029    6.11245    6.10985      8.018     0.2422   11.11224   3.632222 2.7114e+01    23.1493    23.1492 4.5998e+02      3.000          1       7951    1494.57 1.6916e+03  48026.843    331.267 1621975869      -0.50     -0.256   40.99854  -71.90066 0.0000e+00
      2.471    12.8038    30.7631  1023.1617     2.6315     6.4126    104.909    0.00024    6.11256    6.10996      8.019     0.2325   11.11241   3.631877 3.0205e+01    23.1506    23.1505 5.4372e+02      2.500          1       7993    1494.56 1.7993e+03  48028.290    332.989 1621975871      -0.24     -0.483   40.99854  -71.90064 0.0000e+00
      1.959    12.7985    30.7643  1023.1614     2.6332     6.4180    105.021    0.00076    6.11121    6.10859      8.021     0.1939   11.11018   3.631359 3.2733e+01    23.1526    23.1525 5.9011e+02      2.000          1       8119    1494.53 1.8027e+03  48030.434    338.242 1621975875      -0.41     -0.425   40.99857  -71.90061 0.0000e+00
