CalculateIndicators/WaterTemperature/Data/CTD_NYOS/20210324_C24.cnv
* Sea-Bird SBE 9 Data File:
* FileName = C:\Seabird 9 CTD\Data\2021\202103_offshore\20210324_C24.hex
* Software Version Seasave V 7.23.2
* Temperature SN = 4590
* Conductivity SN = 3228
* Number of Bytes Per Scan = 44
* Number of Voltage Words = 5
* Number of Scans Averaged by the Deck Unit = 1
* NMEA Latitude = 39 31.57 N
* NMEA Longitude = 072 23.63 W
* NMEA UTC (Time) = Mar 24 2021  11:46:31
* NMEA baud rate = 4800
** Ship: RV Seawolf
** Station: 4.5
** Operator: tcm
# nquan = 31
# nvalues = 607                         
# units = specified
# name 0 = depSM: Depth [salt water, m]
# name 1 = t090C: Temperature [ITS-90, deg C]
# name 2 = sal00: Salinity, Practical [PSU]
# name 3 = density00: Density [density, kg/m^3]
# name 4 = sbeox0V: Oxygen raw, SBE 43 [V]
# name 5 = sbeox0ML/L: Oxygen, SBE 43 [ml/l]
# name 6 = sbeox0PS: Oxygen, SBE 43 [% saturation]
# name 7 = sbox0dV/dT: Oxygen, SBE 43 [dov/dt]
# name 8 = oxsolML/L: Oxygen Saturation, Garcia & Gordon [ml/l]
# name 9 = oxsatML/L: Oxygen Saturation, Weiss [ml/l]
# name 10 = ph: pH
# name 11 = flECO-AFL: Fluorescence, WET Labs ECO-AFL/FL [mg/m^3]
# name 12 = n2satML/L: Nitrogen Saturation [ml/l]
# name 13 = c0S/m: Conductivity [S/m]
# name 14 = cpar: CPAR/Corrected Irradiance [%]
# name 15 = sigma-é00: Density [sigma-theta, kg/m^3]
# name 16 = sigma-t00: Density [sigma-t, kg/m^3 ]
# name 17 = par: PAR/Irradiance, Biospherical/Licor
# name 18 = prDM: Pressure, Digiquartz [db]
# name 19 = pumps: Pump Status
# name 20 = scan: Scan Count
# name 21 = svCM: Sound Velocity [Chen-Millero, m/s]
# name 22 = spar: SPAR, Biospherical/Licor
# name 23 = specc: Specific Conductance [uS/cm]
# name 24 = timeS: Time, Elapsed [seconds]
# name 25 = timeY: Time, System [seconds]
# name 26 = accM: Acceleration [m/s^2]
# name 27 = dz/dtM: Descent Rate [m/s]
# name 28 = latitude: Latitude [deg]
# name 29 = longitude: Longitude [deg]
# name 30 = flag: flag
# span 0 =      1.982,    302.481       
# span 1 =     8.9613,    13.9628       
# span 2 =    33.7895,    35.7708       
# span 3 =  1026.1709,  1028.3774       
# span 4 =     1.5426,     2.5914       
# span 5 =     3.2489,     6.7311       
# span 6 =     53.644,    104.113       
# span 7 =   -0.02084,    0.02879       
# span 8 =    5.78495,    6.51018       
# span 9 =    5.78183,    6.51530       
# span 10 =      8.381,      8.570      
# span 11 =    -0.0738,     0.7278      
# span 12 =   10.51343,   11.73508      
# span 13 =   3.597236,   4.280630      
# span 14 = -1.808e-04, 2.4632e+01      
# span 15 =    26.1616,    27.0207      
# span 16 =    26.1616,    27.0130      
# span 17 = -7.006e-04, 1.6345e+02      
# span 18 =      2.000,    305.000      
# span 19 =          1,          1      
# span 20 =         34,      46098      
# span 21 =    1484.93,    1507.22      
# span 22 = 3.6762e+02, 8.0312e+02      
# span 23 =  52913.791,  54965.440      
# span 24 =      1.388,   1920.718      
# span 25 = 1616586393, 1616588312      
# span 26 =      -1.24,       1.31      
# span 27 =     -1.596,      1.605      
# span 28 =   39.52604,   39.52626      
# span 29 =  -72.39756,  -72.39388      
# span 30 = 0.0000e+00, 0.0000e+00      
# interval = decibars: 1                
# start_time = Mar 24 2021 11:46:32 [System UTC, first data scan.]
# bad_flag = -9.990e-29
*END*
[from data line 141]
    141.857    12.9846    35.4291  1027.3666     2.1007     4.7555     80.451    0.00126    5.91333    5.91159 -9.990e-29     0.1462   10.72964   4.146464 2.5899e-13    26.7326    26.7286 1.0000e-12    143.000          1       8526    1503.01 3.8612e+02  54574.392    355.224 1616586747       0.12      0.397   39.52612  -72.39457 0.0000e+00
    142.857    12.9840    35.4293  1027.3713     2.1008     4.7524     80.376    0.00018    5.91167    5.90992      8.485     0.1240   10.72686   4.146419 2.5662e-13    26.7328    26.7288 1.0000e-12    144.000          1       8572    1503.03 3.8970e+02  54575.352    357.142 1616586749       0.07      0.521   39.52612  -72.39458 0.0000e+00
    143.840    12.9824    35.4294  1027.3761     2.1024     4.7873     80.445    0.00008    5.88921    5.88721      8.487     0.1377   10.68903   4.146309 2.5986e-13    26.7333    26.7292 1.0000e-12    145.000          1       8650    1503.04 3.8482e+02  54576.287    360.393 1616586752       0.69      0.354   39.52612  -72.39458 0.0000e+00
    144.843    13.0177    35.4401  1027.3817     2.1211     4.9547     82.093    0.00957    5.88024    5.87814      8.501     0.1674   10.67396   4.151425 2.5953e-13    26.7345    26.7304 1.0000e-12    146.000          1       8680    1503.19 3.8531e+02  54586.514    361.607 1616586753       0.00      0.794   39.52612  -72.39458 0.0000e+00
    145.821    13.1692    35.4931  1027.3960     2.1704     5.0910     85.995    0.02879    5.88234    5.88026      8.503     0.1438   10.67747   4.173014 2.5712e-13    26.7449    26.7407 1.0000e-12    147.000          1       8724    1503.77 3.8892e+02  54637.659    363.448 1616586755       0.00      0.467   39.52612  -72.39460 0.0000e+00
    146.829    13.2613    35.5265  1027.4074     2.2026     5.0722     86.711    0.01725    5.86404    5.86177      8.506     0.1123   10.64666   4.185316 2.5835e-13    26.7521    26.7478 1.0000e-12    148.000          1       8793    1504.13 3.8714e+02  54671.138    366.334 1616586758       0.34      0.696   39.52612  -72.39460 0.0000e+00
    147.809    13.3801    35.5633  1027.4155     2.2281     5.1159     87.450    0.01031    5.83551    5.83293      8.512     0.1233   10.59866   4.200969 2.5928e-13    26.7563    26.7519 1.0000e-12    149.000          1       8876    1504.58 3.8569e+02  54705.196    369.774 1616586761       0.35      0.938   39.52612  -72.39460 0.0000e+00
    148.804    13.4624    35.5924  1027.4253     2.2325     5.1043     87.549    0.00863    5.84179    5.83928      8.511     0.1604   10.60922   4.212608 2.5570e-13    26.7619    26.7575 1.0000e-12    150.000          1       8894    1504.90 3.9108e+02  54734.257    370.539 1616586762       0.19      1.141   39.52612  -72.39460 0.0000e+00
    149.806    13.5325    35.6158  1027.4333     2.2342     5.0947     87.355    0.00486    5.84675    5.84429      8.510     0.1433   10.61756   4.221716 2.5451e-13    26.7656    26.7611 1.0000e-12    151.000          1       8914    1505.18 3.9290e+02  54757.203    371.385 1616586763       0.00      1.225   39.52612  -72.39460 0.0000e+00
    150.796    13.5748    35.6319  1027.4413     2.2351     5.0646     87.095    0.00076    5.84779    5.84535      8.510     0.1472   10.61929   4.227100 2.5708e-13    26.7693    26.7649 1.0000e-12    152.000          1       8977    1505.35 3.8909e+02  54774.107    374.010 1616586766      -0.04      0.925   39.52612  -72.39461 0.0000e+00
    151.790    13.6032    35.6452  1027.4500     2.2361     5.0538     87.151    0.00074    5.83059    5.82796      8.510     0.1883   10.59034   4.231940 2.5883e-13    26.7737    26.7692 1.0000e-12    153.000          1       9067    1505.47 3.8638e+02  54788.543    377.747 1616586769       0.88      1.345   39.52612  -72.39462 0.0000e+00
    152.794    13.6453    35.6593  1027.4565     2.2341     5.0576     86.842   -0.00201    5.82593    5.82325      8.512     0.1164   10.58248   4.236998 2.5474e-13    26.7759    26.7713 1.0000e-12    154.000          1       9087    1505.65 3.9258e+02  54803.014    378.590 1616586770      -0.04      1.584   39.52612  -72.39462 0.0000e+00
    153.741    13.6818    35.6750  1027.4653     2.2309     5.0480     86.814   -0.00040    5.81685    5.81408      8.514     0.1154   10.56717   4.242235 2.6300e-13    26.7806    26.7759 1.0000e-12    155.000          1       9222    1505.80 3.8022e+02  54820.079    384.198 1616586776       0.07      0.238   39.52612  -72.39463 0.0000e+00
    154.772    13.7217    35.6871  1027.4707     2.2306     5.0488     86.804   -0.00034    5.81537    5.81258      8.513     0.1211   10.56467   4.247327 2.5658e-13    26.7816    26.7769 1.0000e-12    156.000          1       9238    1505.96 3.8979e+02  54831.911    384.855 1616586776       0.46      0.812   39.52612  -72.39464 0.0000e+00
    155.751    13.7266    35.6895  1027.4759     2.2315     5.0517     86.912    0.00025    5.81160    5.80876      8.513     0.0726   10.55832   4.247835 2.5356e-13    26.7825    26.7777 1.0000e-12    157.000          1       9327    1506.00 3.9439e+02  54835.045    388.603 1616586780       0.43      0.510   39.52612  -72.39464 0.0000e+00
    156.734    13.7401    35.6940  1027.4810     2.2321     5.0451     86.958    0.00028    5.80662    5.80374      8.513     0.0715   10.54995   4.249749 2.5318e-13    26.7832    26.7784 1.0000e-12    158.000          1       9384    1506.06 3.9499e+02  54839.993    390.973 1616586783      -0.16      0.478   39.52612  -72.39464 0.0000e+00
    157.724    13.7712    35.7046  1027.4870     2.2309     5.0400     86.837   -0.00064    5.80573    5.80283      8.513     0.0596   10.54844   4.254071 2.5255e-13    26.7849    26.7801 1.0000e-12    159.000          1       9425    1506.19 3.9596e+02  54850.805    392.648 1616586784       0.30      0.565   39.52612  -72.39464 0.0000e+00
    158.725    13.7892    35.7105  1027.4922     2.2303     5.0406     86.800   -0.00072    5.80617    5.80328      8.513     0.0511   10.54918   4.256460 2.5114e-13    26.7858    26.7809 1.0000e-12    160.000          1       9452    1506.27 3.9819e+02  54857.113    393.795 1616586785       0.10      0.836   39.52612  -72.39464 0.0000e+00
    159.716    13.8016    35.7148  1027.4973     2.2310     5.0454     86.888   -0.00016    5.80380    5.80089      8.513     0.0704   10.54520   4.258082 2.5210e-13    26.7864    26.7816 1.0000e-12    161.000          1       9531    1506.33 3.9667e+02  54861.815    397.099 1616586789       0.09      0.418   39.52612  -72.39464 0.0000e+00
    160.695    13.8129    35.7188  1027.5024     2.2309     5.0404     86.913   -0.00011    5.80102    5.79808 -9.990e-29     0.0519   10.54052   4.259606 2.5193e-13    26.7873    26.7824 1.0000e-12    162.000          1       9613    1506.39 3.9695e+02  54866.467    400.481 1616586792       0.02      0.393   39.52612  -72.39466 0.0000e+00
    161.689    13.8212    35.7216  1027.5073     2.2308     5.0420     86.895   -0.00034    5.80126    5.79831 -9.990e-29     0.0609   10.54091   4.260842 2.4857e-13    26.7877    26.7828 1.0000e-12    163.000          1       9640    1506.44 4.0230e+02  54869.717    401.621 1616586793       0.39      0.672   39.52612  -72.39466 0.0000e+00
    162.694    13.8299    35.7243  1027.5119     2.2306     5.0401     86.909   -0.00000    5.80144    5.79850 -9.990e-29     0.0693   10.54123   4.261972 2.4716e-13    26.7879    26.7830 1.0000e-12    164.000          1       9663    1506.49 4.0459e+02  54872.708    402.572 1616586794       0.19      0.978   39.52612  -72.39466 0.0000e+00
    163.678    13.8335    35.7256  1027.5166     2.2300     5.0365     86.878   -0.00027    5.79934    5.79638      8.514     0.0538   10.53768   4.262427 2.4869e-13    26.7883    26.7833 1.0000e-12    165.000          1       9750    1506.52 4.0213e+02  54874.661    406.211 1616586798      -0.02      0.500   39.52612  -72.39466 0.0000e+00
    164.657    13.8346    35.7264  1027.5214     2.2295     5.0286     86.876   -0.00026    5.79540    5.79240      8.513     0.0282   10.53106   4.262646 2.4743e-13    26.7887    26.7837 1.0000e-12    166.000          1       9833    1506.54 4.0416e+02  54876.228    409.665 1616586801       0.58      0.588   39.52612  -72.39467 0.0000e+00
    165.654    13.8363    35.7272  1027.5261     2.2280     5.0061     86.776   -0.00068    5.79909    5.79613      8.513     0.0351   10.53727   4.262957 2.4520e-13    26.7889    26.7839 1.0000e-12    167.000          1       9850    1506.56 4.0784e+02  54877.580    410.366 1616586802       0.52      1.021   39.52612  -72.39468 0.0000e+00
    166.659    13.8418    35.7298  1027.5314     2.2251     4.9946     86.519   -0.00213    5.79940    5.79644      8.514     0.0678   10.53778   4.264049 2.4382e-13    26.7898    26.7847 1.0000e-12    168.000          1       9866    1506.60 4.1015e+02  54881.006    411.026 1616586803       0.38      1.325   39.52612  -72.39468 0.0000e+00
    167.664    13.8660    35.7371  1027.5364     2.2219     5.0099     86.216   -0.00400    5.79861    5.79564      8.515     0.0575   10.53645   4.267282 2.4219e-13    26.7905    26.7853 1.0000e-12    169.000          1       9886    1506.70 4.1290e+02  54888.407    411.869 1616586803      -0.15      1.388   39.52612  -72.39468 0.0000e+00
    168.643    13.9021    35.7498  1027.5429     2.2135     4.9479     85.736   -0.00522    5.78869    5.78561      8.512     0.0201   10.51974   4.272370 2.4594e-13    26.7927    26.7875 1.0000e-12    170.000          1      10018    1506.85 4.0665e+02  54901.545    417.395 1616586809       0.35      0.907   39.52612  -72.39470 0.0000e+00
    169.628    13.9173    35.7542  1027.5475     2.2051     4.9139     85.293   -0.00572    5.78741    5.78432      8.512     0.0084   10.51759   4.274229 2.4013e-13    26.7930    26.7877 1.0000e-12    171.000          1      10055    1506.92 4.1646e+02  54906.111    418.935 1616586810      -0.23      0.916   39.52612  -72.39470 0.0000e+00
    170.612    13.9309    35.7596  1027.5531     2.1971     4.9113     84.813   -0.00677    5.78805    5.78496      8.512     0.0901   10.51866   4.276193 2.3884e-13    26.7943    26.7890 1.0000e-12    172.000          1      10087    1506.99 4.1870e+02  54912.213    420.245 1616586812       0.10      0.691   39.52612  -72.39470 0.0000e+00
    171.622    13.9375    35.7615  1027.5576     2.1944     4.9203     84.904   -0.00370    5.78758    5.78449      8.512     0.0257   10.51788   4.277047 2.4001e-13    26.7944    26.7891 1.0000e-12    173.000          1      10121    1507.03 4.1668e+02  54914.506    421.666 1616586813       0.05      0.867   39.52612  -72.39470 0.0000e+00
    172.597    13.9449    35.7647  1027.5629     2.1935     4.9397     85.268    0.00129    5.78495    5.78183      8.512    -0.0063   10.51343   4.278133 2.4174e-13    26.7953    26.7900 1.0000e-12    174.000          1      10262    1507.08 4.1369e+02  54918.467    427.537 1616586819       0.04      0.483   39.52612  -72.39472 0.0000e+00
    173.584    13.9584    35.7691  1027.5678     2.1951     4.9361     85.351    0.00121    5.78786    5.78478      8.512     0.0135   10.51832   4.279984 2.3701e-13    26.7959    26.7905 1.0000e-12    175.000          1      10289    1507.14 4.2192e+02  54923.333    428.663 1616586820       0.31      0.639   39.52612  -72.39472 0.0000e+00
    174.589    13.9628    35.7708  1027.5727     2.1951     4.9227     85.316    0.00069    5.78742    5.78433      8.512     0.0252   10.51757   4.280630 2.3560e-13    26.7963    26.7909 1.0000e-12    176.000          1      10309    1507.17 4.2445e+02  54925.615    429.508 1616586821       0.38      0.981   39.52612  -72.39472 0.0000e+00
    175.587    13.9518    35.7681  1027.5774     2.1927     4.9125     85.047   -0.00132    5.78805    5.78497      8.512     0.0097   10.51863   4.279040 2.3615e-13    26.7966    26.7912 1.0000e-12    177.000          1      10334    1507.15 4.2346e+02  54924.019    430.540 1616586822      -0.13      1.083   39.52611  -72.39472 0.0000e+00
    176.565    13.9312    35.7636  1027.5828     2.1878     4.9115     84.772   -0.00177    5.78758    5.78450      8.512     0.0091   10.51784   4.276693 2.4036e-13    26.7975    26.7921 1.0000e-12    178.000          1      10414    1507.10 4.1603e+02  54921.228    433.872 1616586825      -0.08      0.239   39.52610  -72.39472 0.0000e+00
    177.555    13.9304    35.7640  1027.5876     2.1853     4.9094     84.753   -0.00088    5.78789    5.78481      8.512     0.0003   10.51835   4.276703 2.3686e-13    26.7980    26.7925 1.0000e-12    179.000          1      10514    1507.11 4.2218e+02  54922.343    438.035 1616586830       0.98      0.915   39.52610  -72.39474 0.0000e+00
    178.563    13.9304    35.7639  1027.5921     2.1854     4.9088     84.818   -0.00009    5.78797    5.78490      8.512     0.0091   10.51850   4.276705 2.3411e-13    26.7979    26.7924 1.0000e-12    180.000          1      10529    1507.13 4.2715e+02  54922.856    438.657 1616586830       0.52      1.396   39.52610  -72.39474 0.0000e+00
    179.555    13.9318    35.7644  1027.5966     2.1853     4.9087     84.813   -0.00012    5.78774    5.78466      8.512     0.0165   10.51811   4.276957 2.3343e-13    26.7981    26.7926 1.0000e-12    181.000          1      10554    1507.15 4.2840e+02  54923.962    439.727 1616586831      -0.36      1.229   39.52610  -72.39474 0.0000e+00
    180.532    13.9343    35.7649  1027.6009     2.1851     4.9085     84.802   -0.00012    5.78783    5.78475      8.512    -0.0050   10.51826   4.277309 2.3623e-13    26.7980    26.7924 1.0000e-12    182.000          1      10606    1507.17 4.2332e+02  54924.881    441.893 1616586833       0.00      0.368   39.52610  -72.39474 0.0000e+00
    181.519    13.9357    35.7654  1027.6053     2.1847     4.9013     84.806   -0.00030    5.78857    5.78550      8.512    -0.0043   10.51950   4.277512 2.3777e-13    26.7981    26.7925 1.0000e-12    183.000          1      10732    1507.20 4.2057e+02  54925.890    447.119 1616586839       0.46      0.587   39.52610  -72.39476 0.0000e+00
    182.514    13.9347    35.7653  1027.6099     2.1832     4.8916     84.689   -0.00090    5.78810    5.78502      8.512     0.0061   10.51871   4.277471 2.3431e-13    26.7983    26.7927 1.0000e-12    184.000          1      10760    1507.21 4.2677e+02  54926.540    448.286 1616586840       0.53      0.984   39.52610  -72.39476 0.0000e+00
    183.519    13.9330    35.7645  1027.6142     2.1816     4.8936     84.550   -0.00164    5.78805    5.78497      8.512    -0.0009   10.51863   4.277200 2.3243e-13    26.7981    26.7924 1.0000e-12    185.000          1      10778    1507.22 4.3024e+02  54926.217    449.027 1616586841       0.21      1.285   39.52610  -72.39476 0.0000e+00
    184.513    13.9267    35.7627  1027.6186     2.1786     4.8733     84.405   -0.00195    5.79804    5.79507      8.509    -0.0212   10.53536   4.276424 2.3474e-13    26.7981    26.7924 1.0000e-12    186.000          1      10857    1507.21 4.2615e+02  54925.237    452.354 1616586844      -0.07      0.881   39.52610  -72.39477 0.0000e+00
    185.492    13.9068    35.7556  1027.6217     2.1616     4.7422     83.067   -0.00908    5.81705    5.81430      8.502    -0.0079   10.56723   4.273023 2.3375e-13    26.7967    26.7910 1.0000e-12    187.000          1      10961    1507.16 4.2781e+02  54918.663    456.683 1616586848       0.12      0.760   39.52610  -72.39478 0.0000e+00
    186.480    13.7892    35.7309  1027.6322     2.1371     4.6759     81.156   -0.01826    5.81383    5.81104      8.501    -0.0204   10.56185   4.258695 2.3147e-13    26.8023    26.7967 1.0000e-12    188.000          1      10993    1506.76 4.3201e+02  54901.364    458.013 1616586850       0.01      0.751   39.52610  -72.39478 0.0000e+00
