CalculateIndicators/WaterTemperature/Data/CTD_NYOS/20210523_C16.cnv
* Sea-Bird SBE 9 Data File:
* FileName = C:\Seabird 9 CTD\Data\2021\202105_offshore\20210523_C16.hex
* Software Version Seasave V 7.23.2
* Temperature SN = 4590
* Conductivity SN = 3228
* Number of Bytes Per Scan = 44
* Number of Voltage Words = 5
* Number of Scans Averaged by the Deck Unit = 1
* NMEA Latitude = 39 38.50 N
* NMEA Longitude = 072 46.67 W
* NMEA UTC (Time) = May 23 2021  07:52:25
* NMEA baud rate = 4800
** Ship: seawolf
** Station: 5.4
** Operator: TDK
# nquan = 31
# nvalues = 259                         
# units = specified
# name 0 = depSM: Depth [salt water, m]
# name 1 = t090C: Temperature [ITS-90, deg C]
# name 2 = sal00: Salinity, Practical [PSU]
# name 3 = density00: Density [density, kg/m^3]
# name 4 = sbeox0V: Oxygen raw, SBE 43 [V]
# name 5 = sbeox0ML/L: Oxygen, SBE 43 [ml/l]
# name 6 = sbeox0PS: Oxygen, SBE 43 [% saturation]
# name 7 = sbox0dV/dT: Oxygen, SBE 43 [dov/dt]
# name 8 = oxsolML/L: Oxygen Saturation, Garcia & Gordon [ml/l]
# name 9 = oxsatML/L: Oxygen Saturation, Weiss [ml/l]
# name 10 = ph: pH
# name 11 = flECO-AFL: Fluorescence, WET Labs ECO-AFL/FL [mg/m^3]
# name 12 = n2satML/L: Nitrogen Saturation [ml/l]
# name 13 = c0S/m: Conductivity [S/m]
# name 14 = cpar: CPAR/Corrected Irradiance [%]
# name 15 = sigma-é00: Density [sigma-theta, kg/m^3]
# name 16 = sigma-t00: Density [sigma-t, kg/m^3 ]
# name 17 = par: PAR/Irradiance, Biospherical/Licor
# name 18 = prDM: Pressure, Digiquartz [db]
# name 19 = pumps: Pump Status
# name 20 = scan: Scan Count
# name 21 = svCM: Sound Velocity [Chen-Millero, m/s]
# name 22 = spar: SPAR, Biospherical/Licor
# name 23 = specc: Specific Conductance [uS/cm]
# name 24 = timeS: Time, Elapsed [seconds]
# name 25 = timeY: Time, System [seconds]
# name 26 = accM: Acceleration [m/s^2]
# name 27 = dz/dtM: Descent Rate [m/s]
# name 28 = latitude: Latitude [deg]
# name 29 = longitude: Longitude [deg]
# name 30 = flag: flag
# span 0 =      1.980,     65.989       
# span 1 =     7.7365,    14.8377       
# span 2 =    31.2583,    33.9787       
# span 3 =  1023.1485,  1026.5845       
# span 4 =     1.8989,     2.9455       
# span 5 =     4.5338,     7.1582       
# span 6 =     70.121,    123.068       
# span 7 =   -0.13423,    0.07510       
# span 8 =    5.80545,    6.71543       
# span 9 =    5.80047,    6.72303       
# span 10 =      7.870,      8.056      
# span 11 =     0.0178,     1.4872      
# span 12 =   10.58445,   12.08071      
# span 13 =   3.421633,   3.988502      
# span 14 = -1.649e+04, 1.0357e+05      
# span 15 =    23.1396,    26.2842      
# span 16 =    23.1397,    26.2830      
# span 17 = -2.139e-02, 2.0121e-02      
# span 18 =      2.000,     66.500      
# span 19 =          1,          1      
# span 20 =        134,      14683      
# span 21 =    1479.77,    1503.15      
# span 22 = -7.048e-02, 2.3004e+00      
# span 23 =  48506.673,  53185.122      
# span 24 =      5.557,    611.748      
# span 25 = 1621756349, 1621756955      
# span 26 =      -0.56,       0.62      
# span 27 =     -1.091,      0.957      
# span 28 =   39.64101,   39.64168      
# span 29 =  -72.77792,  -72.77540      
# span 30 = 0.0000e+00, 0.0000e+00      
# interval = decibars: 0.5              
# start_time = May 23 2021 07:52:24 [System UTC, first data scan.]
# bad_flag = -9.990e-29
*END*
[from data line 47]
     25.298     9.9031    32.6558  1025.2538     2.5692     6.6135    102.220   -0.00688    6.46982    6.47322      8.048     0.4619   11.68213   3.570041 5.0640e-11    25.1385    25.1380 1.0000e-12     25.500          1       1736    1487.05 1.9747e+00  51159.035     72.289 1621756416      -0.01      0.248   39.64156  -72.77762 0.0000e+00
     25.794     9.8072    32.6616  1025.2764     2.5615     6.5933    101.770   -0.00792    6.47860    6.48212      8.048     0.4823   11.69665   3.561380 5.0640e-11    25.1588    25.1583 1.0000e-12     26.000          1       1760    1486.71 1.9747e+00  51185.885     73.278 1621756417       0.25      0.367   39.64156  -72.77762 0.0000e+00
     26.296     9.7093    32.6694  1025.3009     2.5577     6.5938    101.667   -0.00712    6.48569    6.48931      8.049     0.4692   11.70840   3.553228 5.0640e-11    25.1809    25.1804 1.0000e-12     26.500          1       1776    1486.38 1.9747e+00  51215.931     73.961 1621756418       0.29      0.566   39.64156  -72.77762 0.0000e+00
     26.795     9.6243    32.6728  1025.3197     2.5541     6.5937    101.601   -0.00595    6.48982    6.49350      8.048     0.4619   11.71522   3.546324 5.0640e-11    25.1974    25.1969 1.0000e-12     27.000          1       1792    1486.08 1.9747e+00  51237.857     74.628 1621756419       0.13      0.710   39.64156  -72.77762 0.0000e+00
     27.292     9.5752    32.6745  1025.3312     2.5511     6.5923    101.543   -0.00494    6.49216    6.49587      8.047     0.4495   11.71907   3.542301 5.0640e-11    25.2066    25.2062 1.0000e-12     27.500          1       1810    1485.91 1.9747e+00  51250.121     75.380 1621756419      -0.05      0.729   39.64156  -72.77762 0.0000e+00
     27.787     9.5058    32.6743  1025.3446     2.5475     6.5823    101.443   -0.00405    6.48859    6.49226      8.045     0.4428   11.71305   3.536099 5.0640e-11    25.2177    25.2172 1.0000e-12     28.000          1       1833    1485.67 1.9747e+00  51263.994     76.341 1621756420      -0.16      0.611   39.64156  -72.77762 0.0000e+00
     28.282     9.4323    32.6752  1025.3594     2.5449     6.6092    101.528   -0.00214    6.50976    6.51376      8.045     0.4567   11.74769   3.530083 5.0640e-11    25.2302    25.2297 1.0000e-12     28.500          1       1869    1485.41 1.9747e+00  51280.197     77.831 1621756422      -0.14      0.386   39.64156  -72.77761 0.0000e+00
     28.773     9.4339    32.6922  1025.3747     2.5359     6.6124    100.923   -0.00485    6.55186    6.55650      8.050     0.4204   11.81667   3.532476 5.0640e-11    25.2433    25.2428 1.0000e-12     29.000          1       1917    1485.44 1.9747e+00  51304.123     79.845 1621756424       0.03      0.220   39.64155  -72.77760 0.0000e+00
     29.270     9.2644    32.7236  1025.4286     2.5335     6.6275    100.942   -0.00362    6.56565    6.57050      8.049     0.4527   11.83930   3.518477 -9.990e-29    25.2948    25.2943 1.0000e-12     29.500          1       1945    1484.86 -9.990e-29  51383.418     80.988 1621756425       0.18      0.358   39.64154  -72.77760 0.0000e+00
     29.770     9.0797    32.7485  1025.4797     2.5300     6.6423    100.940   -0.00207    6.58045    6.58554      8.047     0.3961   11.86347   3.505324 -9.990e-29    25.3435    25.3430 1.0000e-12     30.000          1       1966    1484.22 -9.990e-29  51457.309     81.856 1621756426       0.15      0.514   39.64154  -72.77759 0.0000e+00
     30.265     8.9852    32.7709  1025.5143     2.5202     6.5883    100.047   -0.00668    6.58523    6.59040      8.045     0.3972   11.87122   3.499221 -9.990e-29    25.3758    25.3753 1.0000e-12     30.500          1       1986    1483.91 -9.990e-29  51508.849     82.711 1621756427       0.03      0.580   39.64154  -72.77758 0.0000e+00
     30.764     8.9293    32.7769  1025.5301     2.5083     6.5266     98.988   -0.01206    6.59331    6.59861      8.042     0.4162   11.88441   3.494673 9.9999e+04    25.3892    25.3887 1.0000e-12     31.000          1       2008    1483.71 0.0000e+00  51529.291     83.610 1621756428      -0.03      0.578   39.64154  -72.77758 0.0000e+00
     31.259     8.7722    32.8123  1025.5843     2.4932     6.4888     98.278   -0.01181    6.60257    6.60801      8.038     0.4330   11.89957   3.484342 3.5149e+04    25.4411    25.4406 1.0000e-12     31.500          1       2040    1483.18 1.2806e+00  51613.905     84.953 1621756429      -0.15      0.436   39.64154  -72.77758 0.0000e+00
     31.753     8.6699    32.8399  1025.6240     2.4758     6.4517     97.566   -0.01041    6.61263    6.61823      8.034     0.4430   11.91603   3.478099 -2.003e+02    25.4784    25.4779 1.0000e-12     32.000          1       2081    1482.84 1.9787e+00  51675.473     86.656 1621756431       0.04      0.272   39.64154  -72.77756 0.0000e+00
     32.250     8.5824    32.8550  1025.6515     2.4644     6.4530     97.364   -0.00685    6.62770    6.63356      8.032     0.4197   11.94050   3.472038 5.0640e-11    25.5036    25.5031 1.0000e-12     32.500          1       2123    1482.54 1.9747e+00  51716.604     88.427 1621756432      -0.05      0.287   39.64154  -72.77756 0.0000e+00
     32.738     8.5095    32.8720  1025.6781     2.4502     6.4245     96.746   -0.00631    6.64048    6.64663      8.021     0.4136   11.96045   3.467557 5.0640e-11    25.5279    25.5274 1.0000e-12     33.000          1       2173    1482.30 1.9747e+00  51757.128     90.516 1621756435       0.09      0.202   39.64152  -72.77754 0.0000e+00
     33.237     8.4698    32.8824  1025.6946     2.4420     6.3796     96.035   -0.00977    6.64305    6.64927      8.020     0.3899   11.96438   3.464536 5.0640e-11    25.5421    25.5416 1.0000e-12     33.500          1       2193    1482.17 1.9747e+00  51780.774     91.328 1621756435       0.31      0.394   39.64152  -72.77754 0.0000e+00
     33.740     8.3448    32.9257  1025.7496     2.4359     6.3770     95.809   -0.00919    6.65597    6.66239      8.019     0.3585   11.98564   3.457440 5.0640e-11    25.5947    25.5942 1.0000e-12     34.000          1       2209    1481.76 1.9747e+00  51871.512     91.998 1621756436       0.27      0.606   39.64152  -72.77754 0.0000e+00
     34.237     8.2895    32.9691  1025.7942     2.4292     6.3779     95.527   -0.00901    6.67653    6.68326      8.015     0.3448   12.01960   3.457861 5.0640e-11    25.6370    25.6365 1.0000e-12     34.500          1       2227    1481.62 1.9747e+00  51945.878     92.754 1621756437       0.01      0.706   39.64152  -72.77754 0.0000e+00
     34.727     8.3312    33.0027  1025.8166     2.4216     6.3730     95.205   -0.00869    6.69401    6.70099      8.012     0.3493   12.04846   3.464806 5.0640e-11    25.6572    25.6566 1.0000e-12     35.000          1       2248    1481.83 1.9747e+00  51984.334     93.631 1621756438      -0.12      0.628   39.64152  -72.77754 0.0000e+00
     35.225     8.2566    33.0265  1025.8487     2.4119     6.3342     94.606   -0.00999    6.69537    6.70237      8.011     0.3776   12.05071   3.458898 5.0640e-11    25.6870    25.6864 1.0000e-12     35.500          1       2267    1481.58 1.9747e+00  52035.446     94.419 1621756438       0.03      0.588   39.64152  -72.77754 0.0000e+00
     35.727     8.1645    33.0363  1025.8724     2.4041     6.3029     94.101   -0.01128    6.69802    6.70507      8.007     0.4147   12.05505   3.451725 5.0640e-11    25.7083    25.7078 1.0000e-12     36.000          1       2286    1481.25 1.9747e+00  52071.183     95.214 1621756439       0.04      0.635   39.64152  -72.77754 0.0000e+00
     36.221     7.9743    33.0377  1025.9037     2.3944     6.2923     93.964   -0.00769    6.69642    6.70346      8.004     0.3851   12.05225   3.435324 5.0640e-11    25.7371    25.7366 1.0000e-12     36.500          1       2322    1480.54 1.9747e+00  52118.388     96.704 1621756441      -0.17      0.420   39.64152  -72.77752 0.0000e+00
     36.711     7.9075    33.0488  1025.9245     2.3821     6.2682     93.611   -0.00500    6.69601    6.70305      7.999     0.3266   12.05142   3.431373 5.0640e-11    25.7556    25.7551 1.0000e-12     37.000          1       2378    1480.31 1.9747e+00  52150.450     99.029 1621756443       0.12      0.162   39.64152  -72.77752 0.0000e+00
     37.208     7.9207    33.0633  1025.9362     2.3725     6.2486     93.183   -0.00494    6.70577    6.71308      7.985     0.4397   12.06624   3.434104 5.0640e-11    25.7651    25.7645 1.0000e-12     37.500          1       2428    1480.39 1.9747e+00  52168.139    101.126 1621756445       0.04      0.208   39.64152  -72.77752 0.0000e+00
     37.694     7.8848    33.0804  1025.9571     2.3583     6.1913     92.271   -0.00743    6.70998    6.71748      7.962     0.8862   12.07182   3.432508 5.0640e-11    25.7837    25.7832 1.0000e-12     38.000          1       2470    1480.28 1.9747e+00  52201.306    102.867 1621756447       0.48      0.209   39.64152  -72.77751 0.0000e+00
     38.201     7.7546    33.1060  1025.9984     2.3455     6.1259     91.221   -0.01186    6.71543    6.72303      7.956     1.4872   12.08071   3.421724 5.0640e-11    25.8226    25.8220 1.0000e-12     38.500          1       2482    1479.83 1.9747e+00  52269.706    103.370 1621756447       0.62      0.525   39.64152  -72.77750 0.0000e+00
     38.702     7.7836    33.1866  1026.0598     2.3298     6.0219     89.706   -0.01955    6.71288    6.72048      7.950     1.2486   12.07616   3.436769 5.0640e-11    25.8817    25.8812 1.0000e-12     39.000          1       2494    1480.04 1.9747e+00  52378.437    103.863 1621756448       0.46      0.796   39.64151  -72.77750 0.0000e+00
     39.199     7.8308    33.2164  1026.0787     2.3099     5.8941     87.922   -0.02791    6.70379    6.71127      7.944     0.8303   12.06083   3.440772 5.0640e-11    25.8984    25.8979 1.0000e-12     39.500          1       2506    1480.27 1.9747e+00  52408.515    104.390 1621756448       0.16      0.950   39.64150  -72.77750 0.0000e+00
     39.696     7.8406    33.2544  1026.1094     2.2871     5.7743     86.124   -0.03491    6.70461    6.71211      7.939     0.8091   12.06209   3.445461 5.0640e-11    25.9268    25.9262 1.0000e-12     40.000          1       2521    1480.36 1.9747e+00  52461.018    104.982 1621756449      -0.09      0.957   39.64150  -72.77750 0.0000e+00
     40.192     7.7781    33.2787  1026.1398     2.2602     5.6650     84.532   -0.03764    6.70165    6.70913      7.935     0.7703   12.05707   3.441428 5.5417e+03    25.9549    25.9543 1.0000e-12     40.500          1       2538    1480.16 1.8653e+00  52510.961    105.713 1621756450      -0.21      0.833   39.64150  -72.77749 0.0000e+00
     40.685     7.7365    33.3156  1026.1771     2.2240     5.5486     82.818   -0.03679    6.69972    6.70716      7.931     0.6874   12.05383   3.442167 9.8069e+04    25.9899    25.9893 1.0000e-12     41.000          1       2562    1480.06 3.8112e-02  52573.937    106.714 1621756451      -0.22      0.607   39.64150  -72.77748 0.0000e+00
     41.182     7.7851    33.3589  1026.2064     2.1813     5.4568     81.465   -0.02875    6.69834    6.70578      7.927     0.6176   12.05148   3.450393 3.5130e+04    26.0169    26.0163 1.0000e-12     41.500          1       2601    1480.31 1.2810e+00  52623.803    108.325 1621756452      -0.14      0.360   39.64150  -72.77748 0.0000e+00
     41.666     7.8177    33.3814  1026.2216     2.1347     5.4002     81.379   -0.00492    6.63582    6.64247      7.927     0.2077   11.94653   3.455668 -4.579e+03    26.0299    26.0293 1.0000e-12     42.000          1       2694    1480.47 2.0651e+00  52648.116    112.208 1621756456       0.19      0.030   39.64150  -72.77746 0.0000e+00
     42.170     7.8277    33.3961  1026.2340     2.1397     5.4002     81.781   -0.00290    6.60333    6.60958      7.938     0.1655   11.89185   3.458381 5.0640e-11    26.0400    26.0394 1.0000e-12     42.500          1       2708    1480.53 1.9747e+00  52666.818    112.797 1621756457       0.34      0.391   39.64150  -72.77746 0.0000e+00
     42.665     7.9208    33.4315  1026.2504     2.1496     5.4491     82.838    0.00352    6.57802    6.58397      7.934     0.1570   11.84917   3.471824 5.0640e-11    26.0543    26.0537 1.0000e-12     43.000          1       2727    1480.94 1.9747e+00  52694.903    113.591 1621756458       0.13      0.581   39.64150  -72.77746 0.0000e+00
     43.161     8.0795    33.4792  1026.2667     2.1636     5.5374     84.406    0.01329    6.56045    6.56619      7.929     0.1545   11.81952   3.489999 5.0640e-11    26.0685    26.0678 1.0000e-12     43.500          1       2745    1481.60 1.9747e+00  52724.159    114.325 1621756458       0.06      0.638   39.64150  -72.77746 0.0000e+00
     43.657     8.1764    33.5053  1026.2750     2.1691     5.5568     84.914    0.01613    6.54398    6.54953      7.929     0.1762   11.79175   3.502261 5.0640e-11    26.0746    26.0739 1.0000e-12     44.000          1       2761    1482.01 1.9747e+00  52738.417    114.985 1621756459       0.09      0.686   39.64150  -72.77746 0.0000e+00
     44.154     8.3206    33.5665  1026.3035     2.1664     5.5074     84.157    0.00929    6.54416    6.54972      7.926     0.2104   11.79196   3.522088 5.0640e-11    26.1010    26.1003 1.0000e-12     44.500          1       2775    1482.64 1.9747e+00  52791.076    115.572 1621756459       0.13      0.752   39.64150  -72.77746 0.0000e+00
     44.657     8.4709    33.6362  1026.3376     2.1589     5.4228     82.837   -0.00117    6.54635    6.55193      7.924     0.1762   11.79557   3.541647 5.0640e-11    26.1330    26.1323 1.0000e-12     45.000          1       2788    1483.30 1.9747e+00  52856.380    116.137 1621756460       0.12      0.827   39.64150  -72.77746 0.0000e+00
     45.157     8.5602    33.6794  1026.3601     2.1401     5.2909     80.744   -0.01395    6.55266    6.55832      7.924     0.1726   11.80623   3.553433 5.0640e-11    26.1532    26.1525 1.0000e-12     45.500          1       2805    1483.69 1.9747e+00  52896.372    116.841 1621756461      -0.08      0.839   39.64149  -72.77746 0.0000e+00
     45.645     8.7638    33.7808  1026.4101     2.0790     5.0093     76.832   -0.02354    6.51947    6.52472      7.905     0.1378   11.75040   3.581813 5.0640e-11    26.2013    26.2005 1.0000e-12     46.000          1       2873    1484.58 1.9747e+00  52993.948    119.683 1621756464      -0.00      0.342   39.64148  -72.77743 0.0000e+00
     46.138     8.8947    33.8481  1026.4444     2.0288     4.7787     73.695   -0.03088    6.48443    6.48927      7.886     0.0552   11.69139   3.600517 5.0640e-11    26.2335    26.2327 1.0000e-12     46.500          1       2929    1485.16 1.9747e+00  53059.777    122.001 1621756466       0.47      0.404   39.64148  -72.77742 0.0000e+00
     46.639     9.0001    33.8871  1026.4605     2.0044     4.6598     71.875   -0.03772    6.48315    6.48798 -9.990e-29     0.0558   11.68922   3.612848 5.0640e-11    26.2474    26.2466 1.0000e-12     47.000          1       2945    1485.60 1.9747e+00  53091.908    122.671 1621756467       0.26      0.655   39.64148  -72.77742 0.0000e+00
     47.133     9.0514    33.9061  1026.4695     1.9821     4.6021     71.004   -0.03512    6.48148    6.48628 -9.990e-29     0.0338   11.68640   3.618967 5.0640e-11    26.2542    26.2534 1.0000e-12     47.500          1       2963    1485.83 1.9747e+00  53107.834    123.431 1621756467      -0.04      0.717   39.64148  -72.77742 0.0000e+00
     47.628     9.0838    33.9188  1026.4765     1.9641     4.5872     70.774   -0.02779    6.48141    6.48621 -9.990e-29     0.0513   11.68629   3.623069 5.0640e-11    26.2590    26.2582 1.0000e-12     48.000          1       2982    1485.97 1.9747e+00  53118.954    124.228 1621756468      -0.07      0.652   39.64148  -72.77742 0.0000e+00
