CalculateIndicators/WaterTemperature/Data/CTD_NYOS/20210522_C07.cnv
* Sea-Bird SBE 9 Data File:
* FileName = C:\Seabird 9 CTD\Data\2021\202105_offshore\20210522_C07.hex
* Software Version Seasave V 7.23.2
* Temperature SN = 4590
* Conductivity SN = 3228
* Number of Bytes Per Scan = 44
* Number of Voltage Words = 5
* Number of Scans Averaged by the Deck Unit = 1
* NMEA Latitude = 38 47.02 N
* NMEA Longitude = 072 48.88 W
* NMEA UTC (Time) = May 22 2021  02:40:51
* NMEA baud rate = 4800
** Ship: seawolf
** Station: 6.6
** Operator: TDK
# nquan = 31
# nvalues = 1206                        
# units = specified
# name 0 = depSM: Depth [salt water, m]
# name 1 = t090C: Temperature [ITS-90, deg C]
# name 2 = sal00: Salinity, Practical [PSU]
# name 3 = density00: Density [density, kg/m^3]
# name 4 = sbeox0V: Oxygen raw, SBE 43 [V]
# name 5 = sbeox0ML/L: Oxygen, SBE 43 [ml/l]
# name 6 = sbeox0PS: Oxygen, SBE 43 [% saturation]
# name 7 = sbox0dV/dT: Oxygen, SBE 43 [dov/dt]
# name 8 = oxsolML/L: Oxygen Saturation, Garcia & Gordon [ml/l]
# name 9 = oxsatML/L: Oxygen Saturation, Weiss [ml/l]
# name 10 = ph: pH
# name 11 = flECO-AFL: Fluorescence, WET Labs ECO-AFL/FL [mg/m^3]
# name 12 = n2satML/L: Nitrogen Saturation [ml/l]
# name 13 = c0S/m: Conductivity [S/m]
# name 14 = cpar: CPAR/Corrected Irradiance [%]
# name 15 = sigma-é00: Density [sigma-theta, kg/m^3]
# name 16 = sigma-t00: Density [sigma-t, kg/m^3 ]
# name 17 = par: PAR/Irradiance, Biospherical/Licor
# name 18 = prDM: Pressure, Digiquartz [db]
# name 19 = pumps: Pump Status
# name 20 = scan: Scan Count
# name 21 = svCM: Sound Velocity [Chen-Millero, m/s]
# name 22 = spar: SPAR, Biospherical/Licor
# name 23 = specc: Specific Conductance [uS/cm]
# name 24 = timeS: Time, Elapsed [seconds]
# name 25 = timeY: Time, System [seconds]
# name 26 = accM: Acceleration [m/s^2]
# name 27 = dz/dtM: Descent Rate [m/s]
# name 28 = latitude: Latitude [deg]
# name 29 = longitude: Longitude [deg]
# name 30 = flag: flag
# span 0 =      1.980,    300.991       
# span 1 =    10.2516,    14.8753       
# span 2 =    32.0250,    36.0650       
# span 3 =  1023.7990,  1028.5280       
# span 4 =     1.3886,     2.8048       
# span 5 =     2.8249,     6.7556       
# span 6 =     46.015,    113.935       
# span 7 =   -0.08354,    0.07127       
# span 8 =    5.66942,    6.26685       
# span 9 =    5.66510,    6.26989       
# span 10 =      7.839,      8.173      
# span 11 =    -0.1088,     1.3739      
# span 12 =   10.31900,   11.31542      
# span 13 =   3.878367,   4.404628      
# span 14 = -1.360e+04, 1.8569e+05      
# span 15 =    23.7901,    27.1676      
# span 16 =    23.7900,    27.1613      
# span 17 = 1.0000e-12, 6.7449e-03      
# span 18 =      2.000,    303.500      
# span 19 =          1,          1      
# span 20 =         73,      37038      
# span 21 =    1496.12,    1510.84      
# span 22 = -1.692e+00, 2.2432e+00      
# span 23 =  49594.436,  55225.972      
# span 24 =      3.008,   1543.206      
# span 25 = 1621651254, 1621652794      
# span 26 =      -0.67,       0.78      
# span 27 =     -1.250,      1.236      
# span 28 =   38.78136,   38.78372      
# span 29 =  -72.81468,  -72.81412      
# span 30 = 0.0000e+00, 0.0000e+00      
# interval = decibars: 0.5              
# start_time = May 22 2021 02:40:51 [System UTC, first data scan.]
# bad_flag = -9.990e-29
*END*
[from data line 1170]
     19.849    12.6311    34.2143  1025.9467     2.7341     6.6192    111.030    0.01291    5.96158    5.95954      8.156     0.7779   10.82363   3.981170 5.0640e-11    25.8576    25.8571 1.0000e-12     20.000          1      35971    1498.36 1.9747e+00  52875.766   1498.748 1621652750      -0.16     -0.505   38.78142  -72.81420 0.0000e+00
     19.350    12.7405    34.2314  1025.9362     2.7442     6.6511    111.566    0.01350    5.96162    5.95959      8.159     0.8056   10.82378   3.993567 5.0640e-11    25.8494    25.8489 1.0000e-12     19.500          1      35988    1498.74 1.9747e+00  52883.587   1499.476 1621652751      -0.15     -0.624   38.78142  -72.81420 0.0000e+00
     18.850    12.8100    34.2304  1025.9194     2.7574     6.6965    112.308    0.01482    5.96265    5.96062      8.161     0.8568   10.82560   3.999682 5.0640e-11    25.8349    25.8344 1.0000e-12     19.000          1      36008    1498.96 1.9747e+00  52872.087   1500.272 1621652751       0.02     -0.671   38.78142  -72.81420 0.0000e+00
     18.358    12.9372    34.1747  1025.8488     2.7767     6.7556    113.230    0.01455    5.96624    5.96425      8.161     0.7593   10.83163   4.005886 5.0640e-11    25.7665    25.7660 1.0000e-12     18.500          1      36041    1499.31 1.9747e+00  52776.460   1501.686 1621652753       0.20     -0.437   38.78142  -72.81420 0.0000e+00
     17.867    12.9715    34.1434  1025.8155     2.7905     6.7507    113.312    0.00696    5.95759    5.95547      8.159     0.6368   10.81774   4.005428 5.0640e-11    25.7354    25.7349 1.0000e-12     18.000          1      36086    1499.38 1.9747e+00  52727.936   1503.561 1621652755      -0.08     -0.232   38.78142  -72.81420 0.0000e+00
     17.371    12.9528    34.1454  1025.8186     2.7951     6.7242    113.279    0.00407    5.93594    5.93353      8.155     0.6354   10.78218   4.003251 5.0640e-11    25.7407    25.7402 1.0000e-12     17.500          1      36112    1499.31 1.9747e+00  52733.230   1504.635 1621652756      -0.17     -0.385   38.78142  -72.81420 0.0000e+00
     16.872    12.9161    34.1208  1025.8046     2.8016     6.7379    113.721    0.00612    5.92491    5.92233      8.155     0.6462   10.76437   3.997026 5.0640e-11    25.7289    25.7285 1.0000e-12     17.000          1      36131    1499.15 1.9747e+00  52704.017   1505.399 1621652757      -0.20     -0.530   38.78142  -72.81420 0.0000e+00
     16.372    12.9617    34.1076  1025.7830     2.8048     6.7520    113.935    0.00698    5.92615    5.92358      8.154     0.6820   10.76661   4.001280 5.0640e-11    25.7096    25.7091 1.0000e-12     16.500          1      36148    1499.28 1.9747e+00  52678.673   1506.124 1621652757      -0.11     -0.648   38.78142  -72.81420 0.0000e+00
     15.875    13.1206    34.0898  1025.7351     2.8048     6.7448    113.684    0.00344    5.93291    5.93041      8.150     0.6774   10.77794   4.015302 5.0640e-11    25.6640    25.6636 1.0000e-12     16.000          1      36168    1499.78 1.9747e+00  52631.944   1506.951 1621652758       0.06     -0.664   38.78142  -72.81420 0.0000e+00
     15.380    13.2654    34.0459  1025.6698     2.7988     6.6928    112.900   -0.00318    5.92803    5.92548      8.150     0.6086   10.76977   4.023672 5.0640e-11    25.6010    25.6005 1.0000e-12     15.500          1      36196    1500.20 1.9747e+00  52551.699   1508.110 1621652759       0.16     -0.508   38.78142  -72.81420 0.0000e+00
     14.888    13.2803    34.0042  1025.6324     2.7971     6.6532    112.798   -0.00264    5.89837    5.89545      8.146     0.5628   10.72075   4.019562 5.0640e-11    25.5657    25.5653 1.0000e-12     15.000          1      36230    1500.19 1.9747e+00  52491.316   1509.560 1621652761       0.03     -0.339   38.78141  -72.81420 0.0000e+00
     14.392    13.2512    34.0123  1025.6422     2.8004     6.6663    113.304    0.00274    5.88355    5.88043      8.144     0.5387   10.69672   4.018221 5.0640e-11    25.5778    25.5774 1.0000e-12     14.500          1      36259    1500.10 1.9747e+00  52506.452   1510.747 1621652762      -0.08     -0.390   38.78140  -72.81420 0.0000e+00
     13.895    13.4118    33.9980  1025.5964     2.7994     6.6219    113.050    0.00064    5.85752    5.85396      8.140     0.5121   10.65557   4.033694 5.0640e-11    25.5342    25.5338 1.0000e-12     14.000          1      36282    1500.60 1.9747e+00  52464.549   1511.722 1621652763      -0.08     -0.470   38.78140  -72.81420 0.0000e+00
     13.398    13.5499    33.9950  1025.5637     2.7996     6.5964    112.929   -0.00070    5.84117    5.83738      8.135     0.5063   10.62919   4.045244 5.0640e-11    25.5038    25.5034 1.0000e-12     13.500          1      36304    1501.05 1.9747e+00  52441.482   1512.608 1621652764      -0.06     -0.537   38.78140  -72.81420 0.0000e+00
     12.902    13.6216    33.9822  1025.5369     2.7954     6.5775    112.675   -0.00130    5.83763    5.83379      8.131     0.4709   10.62357   4.050986 5.0640e-11    25.4792    25.4788 1.0000e-12     13.000          1      36324    1501.26 1.9747e+00  52415.309   1513.447 1621652765      -0.04     -0.576   38.78140  -72.81420 0.0000e+00
     12.402    13.8308    33.8529  1025.3915     2.7815     6.5084    111.469   -0.00888    5.83874    5.83491      8.127     0.4482   10.62542   4.057206 5.0640e-11    25.3361    25.3357 1.0000e-12     12.500          1      36344    1501.78 1.9747e+00  52210.521   1514.295 1621652765      -0.00     -0.596   38.78140  -72.81420 0.0000e+00
     11.907    14.0723    33.7174  1025.2344     2.7614     6.4164    109.854   -0.01790    5.84087    5.83706      8.120     0.4456   10.62904   4.066005 5.0640e-11    25.1813    25.1809 1.0000e-12     12.000          1      36369    1502.40 1.9747e+00  51991.787   1515.344 1621652766       0.11     -0.538   38.78140  -72.81420 0.0000e+00
     11.415    14.1478    33.6826  1025.1895     2.7457     6.3852    109.340   -0.01418    5.83980    5.83597      8.115     0.4420   10.62748   4.068577 5.0640e-11    25.1386    25.1382 1.0000e-12     11.500          1      36401    1502.60 1.9747e+00  51934.873   1516.675 1621652768       0.07     -0.389   38.78140  -72.81420 0.0000e+00
     10.918    14.1320    33.6776  1025.1867     2.7384     6.3869    109.426   -0.00762    5.83672    5.83284      8.112     0.4375   10.62263   4.066028 5.0640e-11    25.1380    25.1377 1.0000e-12     11.000          1      36429    1502.53 1.9747e+00  51930.043   1517.826 1621652769      -0.08     -0.401   38.78140  -72.81420 0.0000e+00
     10.419    14.1236    33.6677  1025.1786     2.7361     6.3822    109.515   -0.00435    5.82767    5.82364      8.110     0.4612   10.60831   4.064063 5.0640e-11    25.1321    25.1318 1.0000e-12     10.500          1      36453    1502.49 1.9747e+00  51916.450   1518.835 1621652770      -0.05     -0.476   38.78140  -72.81420 0.0000e+00
      9.924    14.1462    33.6491  1025.1573     2.7373     6.3849    109.811   -0.00039    5.81442    5.81018      8.109     0.4819   10.58755   4.064064 5.0640e-11    25.1130    25.1127 1.0000e-12     10.000          1      36478    1502.53 1.9747e+00  51888.078   1519.887 1621652771       0.02     -0.487   38.78140  -72.81420 0.0000e+00
      9.429    14.1791    33.6254  1025.1299     2.7382     6.3885    109.976    0.00167    5.80901    5.80467      8.105     0.4677   10.57922   4.064577 5.0640e-11    25.0879    25.0876 1.0000e-12      9.500          1      36503    1502.60 1.9747e+00  51851.322   1520.929 1621652772      -0.01     -0.471   38.78140  -72.81420 0.0000e+00
      8.933    14.2753    33.5634  1025.0595     2.7318     6.3513    109.360   -0.00266    5.80767    5.80330      8.104     0.4591   10.57721   4.067238 5.0640e-11    25.0197    25.0194 1.0000e-12      9.000          1      36526    1502.83 1.9747e+00  51753.971   1521.882 1621652773      -0.04     -0.501   38.78140  -72.81420 0.0000e+00
      8.437    14.4097    33.4636  1024.9520     2.7240     6.3079    108.627   -0.00776    5.80696    5.80258      8.104     0.4581   10.57606   4.068931 5.0640e-11    24.9143    24.9141 1.0000e-12      8.500          1      36547    1503.14 1.9747e+00  51600.252   1522.760 1621652774      -0.05     -0.540   38.78140  -72.81420 0.0000e+00
      7.940    14.4566    33.4214  1024.9072     2.7186     6.2898    108.331   -0.00818    5.80609    5.80169      8.101     0.4601   10.57488   4.068704 5.0640e-11    24.8718    24.8715 1.0000e-12      8.000          1      36566    1503.23 1.9747e+00  51535.962   1523.559 1621652775      -0.07     -0.587   38.78140  -72.81420 0.0000e+00
      7.439    14.4910    33.3861  1024.8705     2.7138     6.2843    108.185   -0.00690    5.80880    5.80443      8.099     0.4586   10.57948   4.067975 5.0640e-11    24.8373    24.8371 1.0000e-12      7.500          1      36585    1503.29 1.9747e+00  51482.582   1524.343 1621652775      -0.03     -0.631   38.78138  -72.81420 0.0000e+00
      6.944    14.5019    33.3782  1024.8598     2.7100     6.2853    108.149   -0.00459    5.81168    5.80733      8.099     0.4714   10.58434   4.067979 5.0640e-11    24.8289    24.8286 1.0000e-12      7.000          1      36612    1503.31 1.9747e+00  51471.363   1525.453 1621652777       0.16     -0.543   38.78138  -72.81420 0.0000e+00
      6.456    14.5120    33.3472  1024.8316     2.7069     6.2883    108.151   -0.00224    5.81435    5.81002      8.099     0.4930   10.58900   4.064976 5.0640e-11    24.8028    24.8026 1.0000e-12      6.500          1      36649    1503.30 1.9747e+00  51426.346   1527.016 1621652778       0.04     -0.295   38.78138  -72.81420 0.0000e+00
      5.956    14.4849    33.3302  1024.8220     2.7083     6.3021    108.373    0.00010    5.81522    5.81087      8.099     0.5050   10.59071   4.060509 5.0640e-11    24.7954    24.7952 1.0000e-12      6.000          1      36674    1503.18 1.9747e+00  51405.845   1528.044 1621652779      -0.17     -0.404   38.78138  -72.81420 0.0000e+00
      5.456    14.4689    33.3363  1024.8279     2.7098     6.3119    108.537    0.00156    5.81544    5.81110      8.099     0.5031   10.59112   4.059477 5.0640e-11    24.8035    24.8033 1.0000e-12      5.500          1      36697    1503.13 1.9747e+00  51415.889   1528.990 1621652780      -0.05     -0.519   38.78138  -72.81420 0.0000e+00
      4.963    14.4593    33.3146  1024.8109     2.7099     6.3085    108.474    0.00066    5.81572    5.81138      8.099     0.5072   10.59162   4.056133 5.0640e-11    24.7888    24.7886 1.0000e-12      5.000          1      36723    1503.07 1.9747e+00  51386.806   1530.086 1621652781       0.07     -0.486   38.78138  -72.81420 0.0000e+00
      4.466    14.4616    33.2863  1024.7863     2.7099     6.3054    108.422    0.00002    5.81560    5.81126      8.097     0.5080   10.59140   4.053155 5.0640e-11    24.7664    24.7662 1.0000e-12      4.500          1      36749    1503.03 1.9747e+00  51346.761   1531.166 1621652782      -0.01     -0.452   38.78138  -72.81420 0.0000e+00
      3.972    14.4596    33.2866  1024.7848     2.7097     6.3037    108.402   -0.00003    5.81510    5.81076      8.095     0.5103   10.59060   4.053028 5.0640e-11    24.7671    24.7670 1.0000e-12      4.000          1      36773    1503.02 1.9747e+00  51347.396   1532.159 1621652783      -0.04     -0.482   38.78138  -72.81420 0.0000e+00
      3.474    14.4581    33.2836  1024.7806     2.7085     6.2968    108.290   -0.00080    5.81481    5.81046      8.095     0.5055   10.59011   4.052528 5.0640e-11    24.7650    24.7649 1.0000e-12      3.500          1      36793    1503.00 1.9747e+00  51343.159   1533.021 1621652784      -0.08     -0.532   38.78138  -72.81420 0.0000e+00
      2.973    14.4571    33.2857  1024.7802     2.7071     6.2907    108.182   -0.00141    5.81494    5.81059      8.095     0.4840   10.59033   4.052605 5.0640e-11    24.7669    24.7668 1.0000e-12      3.000          1      36814    1502.99 1.9747e+00  51345.917   1533.891 1621652785      -0.02     -0.585   38.78138  -72.81420 0.0000e+00
      2.471    14.4665    33.2828  1024.7736     2.7055     6.2896    108.165   -0.00057    5.81484    5.81049      8.097     0.4979   10.59015   4.052986 3.4156e-01    24.7626    24.7625 6.7449e-03      2.500          1      37038    1503.01 1.9747e+00  51340.408   1543.206 1621652794      -0.03     -0.328   38.78136  -72.81421 0.0000e+00
