CalculateIndicators/WaterTemperature/Data/CTD_NYOS/20210522_C11.cnv
* Sea-Bird SBE 9 Data File:
* FileName = C:\Seabird 9 CTD\Data\2021\202105_offshore\20210522_C11.hex
* Software Version Seasave V 7.23.2
* Temperature SN = 4590
* Conductivity SN = 3228
* Number of Bytes Per Scan = 44
* Number of Voltage Words = 5
* Number of Scans Averaged by the Deck Unit = 1
* NMEA Latitude = 40 10.23 N
* NMEA Longitude = 073 19.47 W
* NMEA UTC (Time) = May 22 2021  17:09:26
* NMEA baud rate = 4800
** Ship: seawolf
** Station: 6.2
** Operator: tdk
# nquan = 31
# nvalues = 146                         
# units = specified
# name 0 = depSM: Depth [salt water, m]
# name 1 = t090C: Temperature [ITS-90, deg C]
# name 2 = sal00: Salinity, Practical [PSU]
# name 3 = density00: Density [density, kg/m^3]
# name 4 = sbeox0V: Oxygen raw, SBE 43 [V]
# name 5 = sbeox0ML/L: Oxygen, SBE 43 [ml/l]
# name 6 = sbeox0PS: Oxygen, SBE 43 [% saturation]
# name 7 = sbox0dV/dT: Oxygen, SBE 43 [dov/dt]
# name 8 = oxsolML/L: Oxygen Saturation, Garcia & Gordon [ml/l]
# name 9 = oxsatML/L: Oxygen Saturation, Weiss [ml/l]
# name 10 = ph: pH
# name 11 = flECO-AFL: Fluorescence, WET Labs ECO-AFL/FL [mg/m^3]
# name 12 = n2satML/L: Nitrogen Saturation [ml/l]
# name 13 = c0S/m: Conductivity [S/m]
# name 14 = cpar: CPAR/Corrected Irradiance [%]
# name 15 = sigma-é00: Density [sigma-theta, kg/m^3]
# name 16 = sigma-t00: Density [sigma-t, kg/m^3 ]
# name 17 = par: PAR/Irradiance, Biospherical/Licor
# name 18 = prDM: Pressure, Digiquartz [db]
# name 19 = pumps: Pump Status
# name 20 = scan: Scan Count
# name 21 = svCM: Sound Velocity [Chen-Millero, m/s]
# name 22 = spar: SPAR, Biospherical/Licor
# name 23 = specc: Specific Conductance [uS/cm]
# name 24 = timeS: Time, Elapsed [seconds]
# name 25 = timeY: Time, System [seconds]
# name 26 = accM: Acceleration [m/s^2]
# name 27 = dz/dtM: Descent Rate [m/s]
# name 28 = latitude: Latitude [deg]
# name 29 = longitude: Longitude [deg]
# name 30 = flag: flag
# span 0 =      1.437,     37.719       
# span 1 =     7.5086,    16.1303       
# span 2 =    30.5082,    33.1382       
# span 3 =  1022.3156,  1026.0485       
# span 4 =     2.1157,     2.6755       
# span 5 =     4.9882,     6.4037       
# span 6 =     80.947,    106.745       
# span 7 =   -0.02511,    0.04925       
# span 8 =    5.71226,    6.75535       
# span 9 =    5.70553,    6.76336       
# span 10 =      7.889,      8.234      
# span 11 =     0.0853,     1.0753      
# span 12 =   10.44570,   12.14865      
# span 13 =   3.404632,   3.935477      
# span 14 = 3.0399e-01, 5.5417e+01      
# span 15 =    22.3068,    25.8813      
# span 16 =    22.3067,    25.8809      
# span 17 = 5.4368e+00, 1.0321e+03      
# span 18 =      1.500,     38.000      
# span 19 =          1,          1      
# span 20 =        207,      11045      
# span 21 =    1478.81,    1505.31      
# span 22 = 1.7904e+03, 1.9468e+03      
# span 23 =  47342.593,  52370.028      
# span 24 =      8.598,    460.187      
# span 25 = 1621703375, 1621703826      
# span 26 =      -0.86,       0.51      
# span 27 =     -0.882,      0.621      
# span 28 =   40.17064,   40.17130      
# span 29 =  -73.32492,  -73.32464      
# span 30 = 0.0000e+00, 0.0000e+00      
# interval = decibars: 0.5              
# start_time = May 22 2021 17:09:26 [System UTC, first data scan.]
# bad_flag = -9.990e-29
*END*
[from data line 47]
     25.307     8.8768    32.5400  1025.3276     2.4152     6.2003     93.641   -0.01969    6.62130    6.62674      8.014     0.4934   11.93363   3.465531 1.7014e+00    25.2117    25.2113 3.1791e+01     25.500          1       2209    1483.14 1.8685e+03  51201.663     91.991 1621703458       0.18      0.594   40.17076  -73.32470 0.0000e+00
     25.802     8.6091    32.5849  1025.4061     2.3895     6.1303     92.476   -0.01869    6.62909    6.63466      8.011     0.4788   11.94640   3.447920 1.6367e+00    25.2878    25.2874 3.0666e+01     26.000          1       2245    1482.20 1.8737e+03  51323.675     93.487 1621703459      -0.12      0.441   40.17077  -73.32470 0.0000e+00
     26.291     8.5284    32.6020  1025.4340     2.3610     6.1051     91.916   -0.00962    6.64207    6.64783      8.002     0.5045   11.96778   3.443069 1.5404e+00    25.3134    25.3130 2.8978e+01     26.500          1       2305    1481.93 1.8812e+03  51365.870     96.009 1621703462       0.24      0.139   40.17078  -73.32470 0.0000e+00
     26.793     8.4395    32.6123  1025.4578     2.3523     6.1041     91.763   -0.00683    6.65205    6.65798      8.001     0.5253   11.98395   3.436318 1.4097e+00    25.3348    25.3344 2.6539e+01     27.000          1       2342    1481.62 1.8825e+03  51400.495     97.553 1621703464      -0.04      0.289   40.17078  -73.32470 0.0000e+00
     27.283     8.3705    32.6230  1025.4788     2.3434     6.1555     91.846   -0.00225    6.70198    6.70887      7.996     0.4754   12.06386   3.431619 1.2928e+00    25.3535    25.3531 2.4310e+01     27.500          1       2408    1481.38 1.8804e+03  51431.616    100.293 1621703466       0.09      0.140   40.17078  -73.32470 0.0000e+00
     27.784     8.2321    32.6758  1025.5431     2.3340     6.1334     91.153   -0.00530    6.72875    6.73627      7.986     0.5496   12.10566   3.423904 1.2138e+00    25.4154    25.4150 2.2867e+01     28.000          1       2441    1480.93 1.8838e+03  51538.301    101.661 1621703468       0.09      0.330   40.17078  -73.32470 0.0000e+00
     28.274     7.9934    32.8233  1025.6960     2.3154     6.0441     89.588   -0.01237    6.74654    6.75442      7.973     0.8474   12.13407   3.416585 1.1472e+00    25.5660    25.5656 2.1625e+01     28.500          1       2473    1480.22 1.8850e+03  51803.830    103.021 1621703469      -0.02      0.368   40.17078  -73.32470 0.0000e+00
     28.770     7.7927    32.9690  1025.8419     2.2947     5.9221     87.969   -0.01837    6.73203    6.73962      7.966     1.0753   12.11090   3.412838 1.1210e+00    25.7094    25.7090 2.1118e+01     29.000          1       2495    1479.65 1.8839e+03  52059.372    103.913 1621703470       0.19      0.428   40.17078  -73.32470 0.0000e+00
     29.279     7.7214    33.0492  1025.9174     2.2719     5.8132     86.202   -0.02511    6.74377    6.75158      7.967     0.7657   12.12984   3.413469 1.0625e+00    25.7825    25.7821 2.0003e+01     29.500          1       2512    1479.48 1.8827e+03  52191.160    104.616 1621703471       0.22      0.602   40.17078  -73.32470 0.0000e+00
     29.768     7.5823    33.1197  1025.9949     2.2103     5.6267     83.356   -0.02313    6.75027    6.75820      7.955     0.9935   12.14026   3.408011 9.7724e-01    25.8577    25.8573 1.8426e+01     30.000          1       2577    1479.04 1.8856e+03  52326.138    107.322 1621703473      -0.05      0.280   40.17078  -73.32470 0.0000e+00
     30.260     7.5292    33.1382  1026.0192     2.1629     5.5223     81.769   -0.01533    6.75352    6.76152      7.932     0.9369   12.14560   3.405733 8.9774e-01    25.8797    25.8793 1.6927e+01     30.500          1       2644    1478.87 1.8855e+03  52366.335    110.113 1621703476       0.32      0.203   40.17078  -73.32470 0.0000e+00
     30.764     7.5240    33.1381  1026.0222     2.1537     5.5122     81.609   -0.01231    6.75439    6.76240      7.929     0.9138   12.14702   3.405506 8.3412e-01    25.8804    25.8800 1.5686e+01     31.000          1       2667    1478.86 1.8804e+03  52367.685    111.073 1621703477       0.09      0.467   40.17078  -73.32470 0.0000e+00
     31.253     7.5218    33.1365  1026.0236     2.1418     5.5039     81.485   -0.00748    6.75455    6.76256      7.927     0.8600   12.14729   3.405404 7.9447e-01    25.8795    25.8791 1.4899e+01     31.500          1       2705    1478.86 1.8753e+03  52366.387    112.668 1621703479      -0.12      0.318   40.17080  -73.32470 0.0000e+00
     31.755     7.5144    33.1376  1026.0277     2.1346     5.4899     81.274   -0.00601    6.75481    6.76282      7.924     0.8237   12.14773   3.404996 7.4196e-01    25.8813    25.8809 1.3942e+01     32.000          1       2737    1478.84 1.8792e+03  52370.028    114.002 1621703480       0.04      0.366   40.17080  -73.32470 0.0000e+00
     32.242     7.5129    33.1367  1026.0296     2.1275     5.4830     81.170   -0.00350    6.75500    6.76301      7.924     0.8000   12.14805   3.405000 6.8592e-01    25.8809    25.8805 1.2923e+01     32.500          1       2784    1478.84 1.8840e+03  52369.639    115.942 1621703482      -0.09      0.241   40.17080  -73.32470 0.0000e+00
     32.746     7.5115    33.1361  1026.0316     2.1249     5.4789     81.111   -0.00279    6.75480    6.76280      7.921     0.8072   12.14772   3.404917 6.3655e-01    25.8806    25.8802 1.2001e+01     33.000          1       2810    1478.84 1.8854e+03  52369.385    117.032 1621703483       0.23      0.365   40.17080  -73.32472 0.0000e+00
     33.243     7.5107    33.1358  1026.0337     2.1228     5.4795     81.118   -0.00167    6.75493    6.76294      7.919     0.8251   12.14796   3.404933 5.9031e-01    25.8805    25.8801 1.1122e+01     33.500          1       2846    1478.85 1.8841e+03  52369.480    118.542 1621703485      -0.10      0.365   40.17080  -73.32472 0.0000e+00
     33.734     7.5125    33.1343  1026.0346     2.1202     5.4779     81.089   -0.00074    6.75535    6.76336      7.918     0.8089   12.14865   3.405102 5.4607e-01    25.8791    25.8786 1.0245e+01     34.000          1       2914    1478.86 1.8762e+03  52367.256    121.373 1621703487       0.03      0.131   40.17080  -73.32471 0.0000e+00
     34.232     7.5092    33.1339  1026.0371     2.1190     5.4754     81.053   -0.00061    6.75531    6.76332      7.917     0.7550   12.14860   3.404855 4.9889e-01    25.8793    25.8788 9.3807e+00     34.500          1       2961    1478.85 1.8803e+03  52367.870    123.336 1621703489      -0.00      0.258   40.17080  -73.32470 0.0000e+00
     34.720     7.5090    33.1335  1026.0390     2.1177     5.4681     80.950   -0.00097    6.75495    6.76296      7.914     0.7927   12.14801   3.404866 4.6731e-01    25.8789    25.8785 8.7853e+00     35.000          1       2998    1478.86 1.8800e+03  52367.608    124.890 1621703491       0.18      0.252   40.17080  -73.32471 0.0000e+00
     35.229     7.5093    33.1329  1026.0408     2.1181     5.4725     81.017   -0.00050    6.75472    6.76273      7.914     0.7937   12.14763   3.404881 4.3564e-01    25.8784    25.8780 8.1962e+00     35.500          1       3016    1478.87 1.8814e+03  52367.020    125.633 1621703492       0.31      0.489   40.17080  -73.32472 0.0000e+00
     35.726     7.5098    33.1329  1026.0431     2.1176     5.4745     81.045    0.00005    6.75483    6.76284      7.914     0.7939   12.14782   3.404995 4.0474e-01    25.8784    25.8779 7.6008e+00     36.000          1       3068    1478.88 1.8779e+03  52367.293    127.788 1621703494       0.06      0.403   40.17081  -73.32472 0.0000e+00
     36.222     7.5114    33.1320  1026.0445     2.1178     5.4750     81.058    0.00003    6.75441    6.76240 -9.990e-29     0.8094   12.14711   3.405069 3.7662e-01    25.8775    25.8770 7.0656e+00     36.500          1       3157    1478.90 1.8760e+03  52365.938    131.502 1621703498       0.33      0.264   40.17082  -73.32472 0.0000e+00
     36.721     7.5107    33.1315  1026.0464     2.1179     5.4762     81.081    0.00019    6.75399    6.76198 -9.990e-29     0.7989   12.14643   3.405003 3.4774e-01    25.8771    25.8767 6.5161e+00     37.000          1       3226    1478.90 1.8738e+03  52365.733    134.358 1621703500       0.51      0.401   40.17082  -73.32472 0.0000e+00
     37.223     7.5112    33.1306  1026.0480     2.1176     5.4763     81.073    0.00022    6.75486    6.76286      7.907     0.7848   12.14788   3.405033 3.2148e-01    25.8764    25.8759 5.9830e+00     37.500          1       3440    1478.91 1.8610e+03  52364.650    143.303 1621703509       0.21      0.467   40.17083  -73.32473 0.0000e+00
     37.719     7.5086    33.1279  1026.0485     2.1157     5.4681     80.947   -0.00007    6.75516    6.76316 -9.990e-29     0.8410   12.14840   3.404632 3.0399e-01    25.8747    25.8742 5.4368e+00     38.000          1       4791    1478.90 1.7904e+03  52361.873    199.574 1621703566      -0.42      0.376   40.17091  -73.32475 0.0000e+00
     37.212     7.5113    33.1289  1026.0466     2.1161     5.4695     80.968   -0.00024    6.75514    6.76315      7.894     0.8170   12.14837   3.404920 3.2389e-01    25.8750    25.8745 5.8742e+00     37.500          1       4330    1478.91 1.8136e+03  52362.183    180.366 1621703546      -0.55     -0.047   40.17088  -73.32474 0.0000e+00
     36.708     7.5132    33.1288  1026.0439     2.1172     5.4755     81.058    0.00040    6.75501    6.76301      7.892     0.8122   12.14814   3.405050 3.4841e-01    25.8747    25.8742 6.3272e+00     37.000          1       4544    1478.90 1.8160e+03  52361.176    189.312 1621703555      -0.21     -0.349   40.17089  -73.32475 0.0000e+00
     36.214     7.5143    33.1287  1026.0414     2.1175     5.4741     81.037    0.00002    6.75505    6.76305      7.890     0.8231   12.14822   3.405124 3.7141e-01    25.8745    25.8740 6.7474e+00     36.500          1       5029    1478.90 1.8168e+03  52360.496    209.489 1621703575      -0.18     -0.409   40.17092  -73.32476 0.0000e+00
     35.720     7.5130    33.1286  1026.0392     2.1171     5.4710     80.990   -0.00018    6.75510    6.76311      7.890     0.7972   12.14830   3.404970 4.0905e-01    25.8746    25.8741 7.4277e+00     36.000          1       5096    1478.89 1.8158e+03  52360.380    212.278 1621703578       0.12     -0.300   40.17093  -73.32476 0.0000e+00
     35.230     7.5129    33.1287  1026.0371     2.1171     5.4704     80.984   -0.00019    6.75494    6.76294      7.889     0.7697   12.14803   3.404956 4.3786e-01    25.8747    25.8742 7.9728e+00     35.500          1       5141    1478.88 1.8209e+03  52360.191    214.184 1621703580      -0.24     -0.211   40.17094  -73.32476 0.0000e+00
     34.725     7.5120    33.1287  1026.0348     2.1178     5.4769     81.080    0.00049    6.75498    6.76298      7.890     0.7972   12.14809   3.404841 4.7329e-01    25.8748    25.8743 8.6324e+00     35.000          1       5171    1478.87 1.8239e+03  52360.066    215.419 1621703581      -0.03     -0.376   40.17094  -73.32476 0.0000e+00
     34.239     7.5127    33.1285  1026.0324     2.1181     5.4747     81.047    0.00002    6.75490    6.76291      7.890     0.8127   12.14797   3.404876 5.1006e-01    25.8745    25.8741 9.3311e+00     34.500          1       5227    1478.86 1.8294e+03  52359.302    217.747 1621703584      -0.15     -0.116   40.17094  -73.32476 0.0000e+00
     33.735     7.5129    33.1286  1026.0301     2.1182     5.4739     81.040    0.00000    6.75458    6.76258 -9.990e-29     0.8155   12.14744   3.404881 5.5888e-01    25.8746    25.8741 1.0214e+01     34.000          1       5260    1478.85 1.8277e+03  52359.062    219.141 1621703585       0.03     -0.315   40.17094  -73.32476 0.0000e+00
     33.251     7.5137    33.1285  1026.0277     2.1176     5.4685     80.960   -0.00044    6.75458    6.76258 -9.990e-29     0.8425   12.14746   3.404931 5.9921e-01    25.8744    25.8739 1.0966e+01     33.500          1       5307    1478.85 1.8302e+03  52358.370    221.094 1621703587      -0.18     -0.157   40.17094  -73.32476 0.0000e+00
     32.745     7.5156    33.1280  1026.0247     2.1184     5.4742     81.042    0.00000    6.75471    6.76271 -9.990e-29     0.8606   12.14766   3.405035 6.3430e-01    25.8737    25.8733 1.1624e+01     33.000          1       5323    1478.85 1.8326e+03  52356.891    221.739 1621703588      -0.42     -0.433   40.17094  -73.32476 0.0000e+00
     32.238     7.5160    33.1278  1026.0221     2.1192     5.4813     81.148    0.00073    6.75467    6.76267 -9.990e-29     0.8621   12.14760   3.405016 6.7702e-01    25.8734    25.8730 1.2412e+01     32.500          1       5339    1478.84 1.8334e+03  52356.072    222.426 1621703588      -0.23     -0.667   40.17094  -73.32476 0.0000e+00
     31.752     7.5152    33.1280  1026.0202     2.1212     5.4887     81.261    0.00098    6.75440    6.76239 -9.990e-29     0.9158   12.14715   3.404944 7.3458e-01    25.8738    25.8733 1.3462e+01     32.000          1       5395    1478.83 1.8327e+03  52356.325    224.756 1621703591      -0.09     -0.251   40.17094  -73.32476 0.0000e+00
     31.250     7.5162    33.1279  1026.0176     2.1221     5.4921     81.312    0.00108    6.75431    6.76230 -9.990e-29     0.9146   12.14700   3.405004 8.0518e-01    25.8735    25.8731 1.4700e+01     31.500          1       5431    1478.83 1.8258e+03  52355.559    226.248 1621703592      -0.30     -0.394   40.17094  -73.32476 0.0000e+00
     30.762     7.5173    33.1277  1026.0150     2.1231     5.4911     81.299    0.00048    6.75426    6.76225 -9.990e-29     0.9214   12.14692   3.405052 8.8276e-01    25.8731    25.8727 1.6084e+01     31.000          1       5477    1478.82 1.8220e+03  52354.544    228.173 1621703594       0.18     -0.289   40.17096  -73.32478 0.0000e+00
     30.262     7.5178    33.1276  1026.0125     2.1234     5.4900     81.284    0.00015    6.75418    6.76217      7.891     0.9528   12.14679   3.405069 9.2408e-01    25.8730    25.8726 1.6954e+01     30.500          1       5514    1478.82 1.8347e+03  52353.947    229.713 1621703596      -0.21     -0.304   40.17096  -73.32476 0.0000e+00
     29.763     7.5184    33.1273  1026.0099     2.1246     5.4958     81.393    0.00071    6.75218    6.76013      7.897     0.9730   12.14356   3.405073 9.8829e-01    25.8727    25.8723 1.8133e+01     30.000          1       5569    1478.81 1.8349e+03  52353.126    232.016 1621703598      -0.23     -0.360   40.17096  -73.32477 0.0000e+00
     29.267     7.5216    33.1264  1026.0065     2.1266     5.4943     81.485    0.00094    6.74264    6.75041      7.909     0.9715   12.12830   3.405283 1.0536e+00    25.8716    25.8712 1.9275e+01     29.500          1       5633    1478.81 1.8296e+03  52350.733    234.662 1621703601      -0.67     -0.489   40.17096  -73.32478 0.0000e+00
     28.764     7.5459    33.1150  1025.9917     2.1427     5.5661     82.551    0.00378    6.74258    6.75034      7.914     1.0055   12.12822   3.406295 1.1324e+00    25.8591    25.8587 2.0794e+01     29.000          1       5690    1478.88 1.8362e+03  52327.993    237.033 1621703603      -0.24     -0.491   40.17096  -73.32478 0.0000e+00
     28.285     7.5803    33.0967  1025.9703     2.1809     5.6804     84.384    0.00348    6.73161    6.73912      7.927     0.7876   12.11092   3.407609 1.2074e+00    25.8399    25.8396 2.2224e+01     28.500          1       5818    1478.98 1.8406e+03  52293.063    242.358 1621703608      -0.39     -0.253   40.17096  -73.32478 0.0000e+00
     27.777     7.6417    33.0490  1025.9217     2.1875     5.7185     84.853    0.00480    6.73925    6.74693      7.932     0.7583   12.12300   3.408996 1.2877e+00    25.7937    25.7933 2.3700e+01     28.000          1       5834    1479.15 1.8405e+03  52209.848    243.038 1621703609      -0.21     -0.522   40.17096  -73.32478 0.0000e+00
