CalculateIndicators/WaterTemperature/Data/CTD_NYOS/20210321_C05.cnv
* Sea-Bird SBE 9 Data File:
* FileName = C:\Seabird 9 CTD\Data\2021\202103_offshore\20210321_C05.hex
* Software Version Seasave V 7.23.2
* Temperature SN = 4590
* Conductivity SN = 3228
* Number of Bytes Per Scan = 44
* Number of Voltage Words = 5
* Number of Scans Averaged by the Deck Unit = 1
* NMEA Latitude = 39 42.59 N
* NMEA Longitude = 073 29.91 W
* NMEA UTC (Time) = Mar 21 2021  15:32:37
* NMEA baud rate = 4800
** Ship: RV Seawolf
** Station: 7.3
** Operator: TCM
# nquan = 31
# nvalues = 74                          
# units = specified
# name 0 = depSM: Depth [salt water, m]
# name 1 = t090C: Temperature [ITS-90, deg C]
# name 2 = sal00: Salinity, Practical [PSU]
# name 3 = density00: Density [density, kg/m^3]
# name 4 = sbeox0V: Oxygen raw, SBE 43 [V]
# name 5 = sbeox0ML/L: Oxygen, SBE 43 [ml/l]
# name 6 = sbeox0PS: Oxygen, SBE 43 [% saturation]
# name 7 = sbox0dV/dT: Oxygen, SBE 43 [dov/dt]
# name 8 = oxsolML/L: Oxygen Saturation, Garcia & Gordon [ml/l]
# name 9 = oxsatML/L: Oxygen Saturation, Weiss [ml/l]
# name 10 = ph: pH
# name 11 = flECO-AFL: Fluorescence, WET Labs ECO-AFL/FL [mg/m^3]
# name 12 = n2satML/L: Nitrogen Saturation [ml/l]
# name 13 = c0S/m: Conductivity [S/m]
# name 14 = cpar: CPAR/Corrected Irradiance [%]
# name 15 = sigma-é00: Density [sigma-theta, kg/m^3]
# name 16 = sigma-t00: Density [sigma-t, kg/m^3 ]
# name 17 = par: PAR/Irradiance, Biospherical/Licor
# name 18 = prDM: Pressure, Digiquartz [db]
# name 19 = pumps: Pump Status
# name 20 = scan: Scan Count
# name 21 = svCM: Sound Velocity [Chen-Millero, m/s]
# name 22 = spar: SPAR, Biospherical/Licor
# name 23 = specc: Specific Conductance [uS/cm]
# name 24 = timeS: Time, Elapsed [seconds]
# name 25 = timeY: Time, System [seconds]
# name 26 = accM: Acceleration [m/s^2]
# name 27 = dz/dtM: Descent Rate [m/s]
# name 28 = latitude: Latitude [deg]
# name 29 = longitude: Longitude [deg]
# name 30 = flag: flag
# span 0 =      0.977,     37.710       
# span 1 =     6.9166,     7.4629       
# span 2 =    33.3898,    33.4056       
# span 3 =  1026.0981,  1026.3453       
# span 4 =     2.4588,     2.5363       
# span 5 =     6.7060,     6.8685       
# span 6 =     98.132,    101.448       
# span 7 =   -0.00223,    0.00251       
# span 8 =    6.74205,    6.83567       
# span 9 =    6.75016,    6.84525       
# span 10 =      8.513,      8.526      
# span 11 =     0.1856,     1.1147      
# span 12 =   12.12358,   12.27802      
# span 13 =   3.377354,   3.423660      
# span 14 = 2.7846e-03, 1.3890e+02      
# span 15 =    26.0889,    26.1718      
# span 16 =    26.0889,    26.1714      
# span 17 = 1.8344e+00, 2.6807e+03      
# span 18 =      1.000,     38.000      
# span 19 =          1,          1      
# span 20 =         29,      11436      
# span 21 =    1476.88,    1478.47      
# span 22 = 7.9883e+02, 2.6929e+03      
# span 23 =  52725.501,  52906.554      
# span 24 =      1.156,    476.478      
# span 25 = 1616340760, 1616341235      
# span 26 =      -0.52,       0.41      
# span 27 =     -0.984,      0.588      
# span 28 =   39.70986,   39.71039      
# span 29 =  -73.49906,  -73.49864      
# span 30 = 0.0000e+00, 0.0000e+00      
# interval = decibars: 1                
# start_time = Mar 21 2021 15:32:39 [System UTC, first data scan.]
# bad_flag = -9.990e-29
*END*
[from data line 47]
     26.790     6.9660    33.4043  1026.2906     2.4700     6.7356     98.606    0.00059    6.82712    6.83657 -9.990e-29     1.0528   12.26388   3.381516 1.3638e+00    26.1668    26.1664 1.0999e+01     27.000          1       4525    1476.97 9.2366e+02  52889.474    188.499 1616340947       0.03     -0.534   39.71008  -73.49882 0.0000e+00
     25.800     6.9692    33.4042  1026.2855     2.4724     6.7360     98.703    0.00065    6.82647    6.83591 -9.990e-29     1.0511   12.26282   3.381783 6.3693e-01    26.1663    26.1659 1.2593e+01     26.000          1       4611    1476.97 1.9910e+03  52887.845    192.094 1616340951      -0.46     -0.756   39.71008  -73.49882 0.0000e+00
     24.800     6.9711    33.4038  1026.2803     2.4726     6.7380     98.680    0.00029    6.82632    6.83576      8.517     1.0452   12.26258   3.381863 1.8105e+00    26.1657    26.1654 1.4663e+01     25.000          1       4635    1476.96 9.7014e+02  52885.981    193.103 1616340952      -0.01     -0.984   39.71010  -73.49882 0.0000e+00
     23.811     6.9752    33.4021  1026.2738     2.4742     6.7426     98.763    0.00043    6.82626    6.83569      8.517     1.0361   12.26249   3.382014 8.5841e-01    26.1638    26.1635 1.7977e+01     24.000          1       4747    1476.95 2.0133e+03  52881.757    197.742 1616340956       0.02     -0.575   39.71010  -73.49883 0.0000e+00
     22.821     6.9768    33.3999  1026.2673     2.4761     6.7482     98.849    0.00045    6.82630    6.83573      8.517     1.1147   12.26259   3.381894 2.9565e+00    26.1618    26.1615 2.1359e+01     23.000          1       4855    1476.94 8.8211e+02  52877.567    202.259 1616340961       0.07     -0.419   39.71010  -73.49884 0.0000e+00
     21.830     6.9734    33.3956  1026.2597     2.4776     6.7527     98.906    0.00052    6.82725    6.83669      8.517     1.0090   12.26424   3.381116 1.3919e+00    26.1589    26.1586 2.4737e+01     22.000          1       5000    1476.91 1.8496e+03  52871.588    208.305 1616340967      -0.35     -0.472   39.71011  -73.49884 0.0000e+00
     20.836     6.9722    33.3929  1026.2532     2.4799     6.7621     99.006    0.00042    6.82702    6.83646      8.517     1.0181   12.26387   3.380745 3.2667e+00    26.1569    26.1567 2.8833e+01     21.000          1       5100    1476.88 1.1545e+03  52867.476    212.451 1616340971       0.01     -0.338   39.71012  -73.49884 0.0000e+00
     19.844     6.9802    33.3915  1026.2464     2.4843     6.7719     99.216    0.00047    6.82508    6.83448 -9.990e-29     0.9874   12.26066   3.381309 2.3559e+00    26.1547    26.1545 3.2549e+01     20.000          1       5819 -9.990e-29 1.5100e+03  52862.569    242.413 1616341001      -0.09     -0.325   39.71014  -73.49886 0.0000e+00
     18.856     6.9985    33.3903  1026.2384     2.4899     6.7933     99.551    0.00145    6.81790    6.82719 -9.990e-29     0.9719   12.24882   3.382845 1.9672e+00    26.1512    26.1510 3.7958e+01     19.000          1       6390    1476.95 1.9396e+03  52855.209    266.221 1616341025       0.02     -0.213   39.71016  -73.49888 0.0000e+00
     17.860     7.0330    33.3898  1026.2287     2.4953     6.8060     99.826    0.00164    6.81463    6.82386      8.521     1.0201   12.24338   3.385848 2.1035e+00    26.1462    26.1460 4.3554e+01     18.000          1       6413    1477.07 2.0735e+03  52844.728    267.180 1616341026      -0.10     -0.358   39.71016  -73.49888 0.0000e+00
     16.870     7.0580    33.3936  1026.2237     2.5012     6.8123    100.020    0.00094    6.81021    6.81938      8.521     1.0328   12.23608   3.388363 2.6269e+00    26.1458    26.1456 5.1909e+01     17.000          1       6521    1477.15 2.0012e+03  52842.724    271.650 1616341030      -0.16     -0.357   39.71017  -73.49890 0.0000e+00
     15.876     7.0709    33.3929  1026.2168     2.5037     6.8235    100.152    0.00115    6.80747    6.81659 -9.990e-29     1.0114   12.23154   3.389457 3.7139e+00    26.1435    26.1433 6.0039e+01     16.000          1       6575    1477.19 1.6598e+03  52837.645    273.902 1616341032       0.00     -0.446   39.71018  -73.49890 0.0000e+00
     14.885     7.0979    33.3942  1026.2095     2.5082     6.8363    100.386    0.00142    6.80643    6.81555 -9.990e-29     0.9899   12.22981   3.391893 3.7482e+00    26.1408    26.1406 7.0500e+01     15.000          1       6651    1477.27 1.8979e+03  52831.594    277.072 1616341036       0.04     -0.287   39.71018  -73.49890 0.0000e+00
     13.895     7.1053    33.3961  1026.2054     2.5120     6.8390    100.495    0.00085    6.80497    6.81406 -9.990e-29     0.9520   12.22739   3.392648 5.4326e+00    26.1412    26.1411 8.5571e+01     14.000          1       6734    1477.29 1.6473e+03  52831.602    280.551 1616341039      -0.02     -0.292   39.71018  -73.49890 0.0000e+00
     12.898     7.1134    33.3959  1026.1996     2.5136     6.8460    100.576    0.00091    6.80479    6.81388 -9.990e-29     0.9216   12.22708   3.393270 6.1524e+00    26.1400    26.1398 9.7113e+01     13.000          1       6786    1477.30 1.6075e+03  52828.518    282.702 1616341041      -0.08     -0.493   39.71018  -73.49890 0.0000e+00
     11.908     7.1140    33.3963  1026.1952     2.5152     6.8479    100.603    0.00047    6.80442    6.81351      8.526     0.8212   12.22649   3.393291 9.6152e+00    26.1402    26.1400 1.1515e+02     12.000          1       6867    1477.29 1.4957e+03  52828.255    286.078 1616341045       0.07     -0.271   39.71018  -73.49890 0.0000e+00
     10.918     7.1177    33.3958  1026.1897     2.5182     6.8543    100.767    0.00089    6.80419    6.81327      8.526     0.6809   12.22611   3.393518 8.7060e+00    26.1392    26.1391 1.3921e+02     11.000          1       6961    1477.29 1.7655e+03  52825.807    289.995 1616341049      -0.12     -0.293   39.71020  -73.49890 0.0000e+00
      9.922     7.1182    33.3958  1026.1850     2.5186     6.8539    100.732    0.00032    6.80407    6.81315      8.526     0.6888   12.22590   3.393496 1.1393e+01    26.1392    26.1390 1.5266e+02     10.000          1       7011    1477.27 1.4295e+03  52825.012    292.071 1616341051       0.00     -0.470   39.71020  -73.49890 0.0000e+00
      8.927     7.1217    33.3958  1026.1799     2.5199     6.8553    100.770    0.00019    6.80368    6.81275      8.526     0.6036   12.22527   3.393749 1.5343e+01    26.1387    26.1386 1.7216e+02      9.000          1       7296    1477.27 1.3752e+03  52823.349    303.973 1616341063       0.02     -0.316   39.71021  -73.49891 0.0000e+00
      7.943     7.1371    33.3948  1026.1725     2.5219     6.8612    100.881    0.00058    6.80115    6.81018      8.526     0.4150   12.22109   3.394977 2.3807e+01    26.1358    26.1357 2.7926e+02      8.000          1       8477    1477.31 1.4071e+03  52817.224    353.163 1616341112      -0.21     -0.298   39.71026  -73.49896 0.0000e+00
      6.946     7.1361    33.3951  1026.1682     2.5228     6.8622    100.905    0.00056    6.80032    6.80935 -9.990e-29     0.4085   12.21974   3.394891 3.7241e+01    26.1361    26.1360 3.5957e+02      7.000          1       8448    1477.29 1.2599e+03  52817.150    351.978 1616341111      -0.24     -0.675   39.71026  -73.49896 0.0000e+00
      5.949     7.1404    33.3946  1026.1626     2.5230     6.8569    100.877    0.00020    6.79926    6.80826 -9.990e-29     0.4298   12.21799   3.395193 6.3147e+01    26.1352    26.1351 4.6180e+02      6.000          1       8485    1477.29 8.5611e+02  52814.722    353.503 1616341112       0.12     -0.691   39.71026  -73.49896 0.0000e+00
      4.968     7.1625    33.3936  1026.1543     2.5248     6.8548    100.967    0.00061    6.79306    6.80196      8.522     0.3400   12.20776   3.397080 5.0575e+01    26.1313    26.1312 6.0712e+02      5.000          1       8601    1477.36 1.4984e+03  52806.755    358.341 1616341117      -0.15     -0.111   39.71028  -73.49897 0.0000e+00
      3.970     7.1758    33.3938  1026.1480     2.5255     6.8523    100.947    0.00023    6.79044    6.79931      8.520     0.3422   12.20345   3.398294 5.8885e+01    26.1297    26.1296 6.9624e+02      4.000          1       8645    1477.40 1.4020e+03  52802.926    360.157 1616341119      -0.31     -0.651   39.71028  -73.49896 0.0000e+00
      2.970     7.1964    33.3926  1026.1396     2.5261     6.8614    100.979    0.00032    6.78687    6.79568      8.517     0.3720   12.19754   3.399978 1.3890e+02    26.1259    26.1258 1.0579e+03      3.000          1       8679    1477.46 8.5246e+02  52795.078    361.592 1616341120       0.10     -0.723   39.71028  -73.49897 0.0000e+00
      1.981     7.2560    33.3929  1026.1270     2.5317     6.8533    101.448    0.00251    6.77595    6.78459      8.521     0.2843   12.17950   3.405265 1.2557e+02    26.1178    26.1178 1.2374e+03      2.000          1       9183    1477.67 1.2236e+03  52779.299    382.601 1616341141      -0.03     -0.280   39.71030  -73.49899 0.0000e+00
      0.977     7.3842    33.3941  1026.1055 -9.990e-29 -9.990e-29 -9.990e-29 -9.990e-29 -9.990e-29 -9.990e-29 -9.990e-29 -9.990e-29 -9.990e-29   3.416909 9.0078e+01    26.1010    26.1010 2.6807e+03      1.000          1      11436    1478.15 2.6137e+03  52746.832    476.478 1616341235      -0.13     -0.526   39.71039  -73.49906 0.0000e+00
