CalculateIndicators/WaterTemperature/Data/CTD_NYOS/20210524_C23.cnv
* Sea-Bird SBE 9 Data File:
* FileName = C:\Seabird 9 CTD\Data\2021\202105_offshore\20210524_C23.hex
* Software Version Seasave V 7.23.2
* Temperature SN = 4590
* Conductivity SN = 3228
* Number of Bytes Per Scan = 44
* Number of Voltage Words = 5
* Number of Scans Averaged by the Deck Unit = 1
* NMEA Latitude = 40 23.19 N
* NMEA Longitude = 072 43.37 W
* NMEA UTC (Time) = May 24 2021  07:38:49
* NMEA baud rate = 4800
** Ship: seawolf
** Station: 4.2
** Operator: sjw
# nquan = 31
# nvalues = 167                         
# units = specified
# name 0 = depSM: Depth [salt water, m]
# name 1 = t090C: Temperature [ITS-90, deg C]
# name 2 = sal00: Salinity, Practical [PSU]
# name 3 = density00: Density [density, kg/m^3]
# name 4 = sbeox0V: Oxygen raw, SBE 43 [V]
# name 5 = sbeox0ML/L: Oxygen, SBE 43 [ml/l]
# name 6 = sbeox0PS: Oxygen, SBE 43 [% saturation]
# name 7 = sbox0dV/dT: Oxygen, SBE 43 [dov/dt]
# name 8 = oxsolML/L: Oxygen Saturation, Garcia & Gordon [ml/l]
# name 9 = oxsatML/L: Oxygen Saturation, Weiss [ml/l]
# name 10 = ph: pH
# name 11 = flECO-AFL: Fluorescence, WET Labs ECO-AFL/FL [mg/m^3]
# name 12 = n2satML/L: Nitrogen Saturation [ml/l]
# name 13 = c0S/m: Conductivity [S/m]
# name 14 = cpar: CPAR/Corrected Irradiance [%]
# name 15 = sigma-é00: Density [sigma-theta, kg/m^3]
# name 16 = sigma-t00: Density [sigma-t, kg/m^3 ]
# name 17 = par: PAR/Irradiance, Biospherical/Licor
# name 18 = prDM: Pressure, Digiquartz [db]
# name 19 = pumps: Pump Status
# name 20 = scan: Scan Count
# name 21 = svCM: Sound Velocity [Chen-Millero, m/s]
# name 22 = spar: SPAR, Biospherical/Licor
# name 23 = specc: Specific Conductance [uS/cm]
# name 24 = timeS: Time, Elapsed [seconds]
# name 25 = timeY: Time, System [seconds]
# name 26 = accM: Acceleration [m/s^2]
# name 27 = dz/dtM: Descent Rate [m/s]
# name 28 = latitude: Latitude [deg]
# name 29 = longitude: Longitude [deg]
# name 30 = flag: flag
# span 0 =      1.952,     43.170       
# span 1 =     7.3293,    15.2879       
# span 2 =    31.6975,    33.1722       
# span 3 =  1023.3847,  1026.1299       
# span 4 =     2.1059,     2.6549       
# span 5 =     5.0292,     6.6986       
# span 6 =     80.641,    106.592       
# span 7 =   -0.05103,    0.06968       
# span 8 =    5.76197,    6.78150       
# span 9 =    5.75636,    6.78995       
# span 10 =      7.895,      8.066      
# span 11 =     0.1265,     1.5025      
# span 12 =   10.51557,   12.19140      
# span 13 =   3.389157,   3.998481      
# span 14 = -1.129e+04, 1.0098e+05      
# span 15 =    23.3760,    25.9344      
# span 16 =    23.3759,    25.9339      
# span 17 = 1.0000e-12, 7.2767e-02      
# span 18 =      2.000,     43.500      
# span 19 =          1,          1      
# span 20 =        303,      10083      
# span 21 =    1478.31,    1504.27      
# span 22 = -1.935e-02, 2.1977e+00      
# span 23 =  49060.992,  52473.053      
# span 24 =     12.594,    420.092      
# span 25 = 1621841940, 1621842347      
# span 26 =      -0.85,       0.60      
# span 27 =     -1.151,      0.850      
# span 28 =   40.38658,   40.38694      
# span 29 =  -72.72621,  -72.72309      
# span 30 = 0.0000e+00, 0.0000e+00      
# interval = decibars: 0.5              
# start_time = May 24 2021 07:38:47 [System UTC, first data scan.]
# bad_flag = -9.990e-29
*END*
      1.962    15.2392    31.6975  1023.3847     2.4740     5.5877     96.824    0.00035    5.77103    5.76538      8.026     0.1402   10.53335   3.951889 5.0640e-11    23.3760    23.3759 1.0000e-12      2.000          1        303    1503.62 1.9747e+00  49060.992     12.594 1621841940       0.37     -0.547   40.38658  -72.72309 0.0000e+00
      2.487    15.2850    31.9247  1023.5520     2.3845     5.1386     89.110   -0.05103    5.76647    5.76085      8.026     0.1361   10.52420   3.979957 5.0640e-11    23.5409    23.5408 1.0000e-12      2.500          1        337    1504.04 1.9747e+00  49374.576     14.010 1621841941       0.60      0.096   40.38658  -72.72310 0.0000e+00
      2.979    15.2855    32.0576  1023.6563     2.2987     5.1476     89.206    0.01412    5.77064    5.76502      8.027     0.1489   10.53179   3.993289 5.0640e-11    23.6431    23.6430 1.0000e-12      3.000          1        506    1504.20 1.9747e+00  49558.624     21.032 1621841948       0.40      0.165   40.38659  -72.72315 0.0000e+00
      3.473    15.2825    32.0861  1023.6811     2.3314     5.3337     92.559    0.04074    5.76250    5.75690      8.027     0.1500   10.51628   3.996425 5.0640e-11    23.6657    23.6656 1.0000e-12      3.500          1        690    1504.24 1.9747e+00  49598.708     28.703 1621841956       0.60      0.333   40.38660  -72.72323 0.0000e+00
      3.981    15.2841    32.0904  1023.6864     2.3187     5.1732     89.766    0.00738    5.76306    5.75747      8.027     0.1492   10.51712   3.996959 5.0640e-11    23.6686    23.6685 1.0000e-12      4.000          1        708    1504.26 1.9747e+00  49604.530     29.462 1621841956       0.21      0.634   40.38660  -72.72324 0.0000e+00
      4.450    15.2829    32.0965  1023.6934     2.3359     5.2298     90.715    0.00893    5.76506    5.75949      8.028     0.1607   10.52029   3.997524 5.0640e-11    23.6736    23.6735 1.0000e-12      4.500          1        760    1504.27 1.9747e+00  49613.351     31.626 1621841959      -0.20      0.131   40.38662  -72.72326 0.0000e+00
      4.960    15.2770    32.1035  1023.7024     2.3316     5.2194     90.529    0.00928    5.76540    5.75984      8.028     0.1510   10.52084   3.997759 5.0640e-11    23.6803    23.6802 1.0000e-12      5.000          1        777    1504.26 1.9747e+00  49624.033     32.314 1621841959       0.51      0.345   40.38662  -72.72326 0.0000e+00
      5.469    15.2660    32.1111  1023.7129     2.3143     5.1035     88.510   -0.00876    5.76603    5.76048      8.028     0.1438   10.52190   3.997570 5.0640e-11    23.6885    23.6883 1.0000e-12      5.500          1        793    1504.25 1.9747e+00  49635.716     33.000 1621841960       0.30      0.650   40.38662  -72.72326 0.0000e+00
      5.944    15.2506    32.1193  1023.7247     2.2918     5.0494     87.213   -0.01253    5.78961    5.78441      8.029     0.1636   10.55894   3.997062 5.0640e-11    23.6982    23.6980 1.0000e-12      6.000          1        841    1504.22 1.9747e+00  49649.077     35.018 1621841962      -0.25      0.245   40.38662  -72.72328 0.0000e+00
      6.439    15.2493    32.1144  1023.7234     2.3038     5.1635     89.096    0.00686    5.79539    5.79027      8.029     0.1791   10.56822   3.996397 5.0640e-11    23.6948    23.6946 1.0000e-12      6.500          1        866    1504.21 1.9747e+00  49642.211     36.042 1621841963       0.50      0.283   40.38662  -72.72330 0.0000e+00
      6.948    15.2049    32.1474  1023.7607     2.3055     5.1772     89.316    0.00893    5.79645    5.79134      8.029     0.1502   10.57008   3.995931 5.0640e-11    23.7298    23.7296 1.0000e-12      7.000          1        878    1504.12 1.9747e+00  49693.121     36.543 1621841963       0.60      0.588   40.38662  -72.72330 0.0000e+00
      7.454    15.1292    32.2032  1023.8223     2.2985     5.1412     88.667    0.00426    5.79840    5.79329      8.029     0.1657   10.57357   3.994920 5.0640e-11    23.7891    23.7889 1.0000e-12      7.500          1        891    1503.95 1.9747e+00  49777.331     37.084 1621841964       0.34      0.850   40.38662  -72.72330 0.0000e+00
      7.943    14.9587    32.3254  1023.9553     2.2757     5.0292     86.365   -0.01391    5.82335    5.81853      8.030     0.1874   10.61473   3.992541 5.0640e-11    23.9199    23.9197 1.0000e-12      8.000          1        918    1503.56 1.9747e+00  49965.342     38.211 1621841965      -0.29      0.659   40.38662  -72.72331 0.0000e+00
      8.430    14.9041    32.3189  1023.9642     2.2903     5.2100     88.340    0.00306    5.89712    5.89318      8.034     0.1962   10.73597   3.986403 5.0640e-11    23.9266    23.9263 1.0000e-12      8.500          1        960    1503.39 1.9747e+00  49961.839     39.965 1621841967       0.08      0.213   40.38662  -72.72332 0.0000e+00
      8.931    14.7159    32.3536  1024.0333     2.3795     5.8101     96.917    0.05929    5.99382    5.99103      8.038     0.2200   10.89559   3.971807 5.0640e-11    23.9934    23.9932 1.0000e-12      9.000          1        986    1502.83 1.9747e+00  50030.323     41.033 1621841968       0.13      0.411   40.38662  -72.72333 0.0000e+00
      9.428    14.3414    32.3753  1024.1309     2.4594     6.2100    101.887    0.06968    6.09466    6.09304      8.044     0.2742   11.06322   3.937883 5.0640e-11    24.0887    24.0885 1.0000e-12      9.500          1       1017    1501.66 1.9747e+00  50101.699     42.337 1621841969      -0.08      0.416   40.38663  -72.72334 0.0000e+00
      9.915    13.4566    32.4842  1024.3988     2.4957     6.1761    100.647    0.02828    6.13637    6.13521      8.048     0.2991   11.13318   3.864659 8.5345e+04    24.3543    24.3540 1.0000e-12     10.000          1       1052    1498.90 2.8937e-01  50356.641     43.788 1621841971       0.03      0.302   40.38664  -72.72336 0.0000e+00
     10.422    12.7755    32.5130  1024.5577     2.5056     6.1535    100.129    0.01493    6.14555    6.14450      8.049     0.3087   11.14834   3.805024 9.9718e+04    24.5108    24.5106 1.0000e-12     10.500          1       1071    1496.67 5.5421e-03  50486.142     44.592 1621841971       0.25      0.460   40.38664  -72.72336 0.0000e+00
     10.916    12.2576    32.4439  1024.6055     2.5372     6.3296    102.218    0.02057    6.19203    6.19159      8.053     0.3023   11.22498   3.752915 9.9999e+04    24.5563    24.5560 1.0000e-12     11.000          1       1104    1494.83 0.0000e+00  50462.453     45.959 1621841973      -0.16      0.434   40.38664  -72.72337 0.0000e+00
     11.402    12.0570    32.3978  1024.6098     2.5638     6.4097    103.227    0.01636    6.20935    6.20912      8.055     0.2686   11.25370   3.731262 -9.990e-29    24.5584    24.5581 1.0000e-12     11.500          1       1143    1494.10 -9.990e-29  50426.420     47.601 1621841974       0.21      0.200   40.38664  -72.72338 0.0000e+00
     11.912    11.8040    32.4260  1024.6809     2.5723     6.4211    103.370    0.01284    6.21171    6.21151      8.055     0.2797   11.25757   3.710949 -9.990e-29    24.6271    24.6268 1.0000e-12     12.000          1       1160    1493.27 -9.990e-29  50505.007     48.289 1621841975       0.39      0.477   40.38664  -72.72340 0.0000e+00
     12.405    11.5831    32.4422  1024.7362     2.5902     6.4921    104.142    0.01081    6.23384    6.23394      8.060     0.2943   11.29403   3.694364 5.0640e-11    24.6801    24.6799 1.0000e-12     12.500          1       1202    1492.53 1.9747e+00  50561.661     50.046 1621841977      -0.01      0.350   40.38664  -72.72341 0.0000e+00
     12.894    11.4977    32.4429  1024.7546     2.6029     6.5344    104.332    0.00453    6.26307    6.26354 -9.990e-29     0.3294   11.34238   3.688404 5.0640e-11    24.6962    24.6960 1.0000e-12     13.000          1       1252    1492.24 1.9747e+00  50576.156     52.117 1621841979       0.35      0.204   40.38664  -72.72344 0.0000e+00
     13.396    11.4185    32.4628  1024.7867     2.6054     6.5404    104.312    0.00259    6.27006    6.27061 -9.990e-29     0.3277   11.35403   3.682457 5.0640e-11    24.7260    24.7257 1.0000e-12     13.500          1       1270    1492.00 1.9747e+00  50616.558     52.884 1621841980       0.31      0.489   40.38665  -72.72344 0.0000e+00
     13.897    11.2596    32.4755  1024.8274     2.6094     6.5726    104.641    0.00392    6.28117    6.28186 -9.990e-29     0.3285   11.37248   3.669481 5.0640e-11    24.7644    24.7641 1.0000e-12     14.000          1       1289    1491.47 1.9747e+00  50660.719     53.667 1621841981       0.07      0.634   40.38666  -72.72344 0.0000e+00
     14.390    11.1483    32.4624  1024.8393     2.6119     6.5860    104.729    0.00331    6.28863    6.28943      8.066     0.3081   11.38473   3.659173 4.1089e+04    24.7741    24.7738 1.0000e-12     14.500          1       1318    1491.07 1.1633e+00  50660.402     54.867 1621841982      -0.19      0.511   40.38666  -72.72345 0.0000e+00
     14.884    11.0322    32.4517  1024.8538     2.6127     6.5750    104.550    0.00051    6.28890    6.28973      8.066     0.3384   11.38482   3.647845 1.0027e+05    24.7863    24.7860 1.0000e-12     15.000          1       1354    1490.66 -5.350e-03  50664.857     56.382 1621841983       0.01      0.319   40.38666  -72.72346 0.0000e+00
     15.381    10.9463    32.4613  1024.8787     2.6126     6.5750    104.520    0.00007    6.29062    6.29149      8.063     0.3349   11.38743   3.642173 2.3783e+04    24.8089    24.8086 1.0000e-12     15.500          1       1393    1490.38 1.5051e+00  50692.970     58.000 1621841985      -0.05      0.319   40.38666  -72.72348 0.0000e+00
     15.872    10.9301    32.5019  1024.9154     2.6100     6.5875    104.340   -0.00125    6.31354    6.31471      8.062     0.2685   11.42535   3.645529 -1.419e+03    24.8434    24.8431 1.0000e-12     16.000          1       1439    1490.38 2.0027e+00  50753.089     59.932 1621841987       0.03      0.238   40.38666  -72.72349 0.0000e+00
     16.363    10.9242    32.5111  1024.9259     2.6041     6.5619    103.844   -0.00385    6.31894    6.32018 -9.990e-29     0.2627   11.43440   3.646053 5.0640e-11    24.8516    24.8513 1.0000e-12     16.500          1       1464    1490.37 1.9747e+00  50767.238     60.973 1621841988       0.22      0.364   40.38666  -72.72352 0.0000e+00
     16.868    10.9019    32.5147  1024.9349     2.6007     6.5441    103.529   -0.00567    6.32104    6.32230 -9.990e-29     0.2855   11.43786   3.644094 5.0640e-11    24.8583    24.8579 1.0000e-12     17.000          1       1480    1490.31 1.9747e+00  50776.310     61.612 1621841989       0.32      0.549   40.38666  -72.72352 0.0000e+00
     17.376    10.8171    32.5164  1024.9533     2.5986     6.5519    103.495   -0.00509    6.33065    6.33203 -9.990e-29     0.2968   11.45380   3.636154 5.0640e-11    24.8744    24.8740 1.0000e-12     17.500          1       1496    1490.02 1.9747e+00  50793.245     62.286 1621841989       0.16      0.725   40.38666  -72.72352 0.0000e+00
     17.854    10.6636    32.5071  1024.9750     2.5925     6.5773    103.414   -0.00309    6.36015    6.36192      8.064     0.3116   11.50258   3.622059 5.0640e-11    24.8939    24.8935 1.0000e-12     18.000          1       1551    1489.47 1.9747e+00  50807.026     64.600 1621841991      -0.09      0.192   40.38667  -72.72354 0.0000e+00
     18.356    10.5398    32.5031  1024.9955     2.5897     6.5796    103.341   -0.00246    6.36687    6.36873      8.063     0.2954   11.51365   3.610070 5.0640e-11    24.9121    24.9117 1.0000e-12     18.500          1       1581    1489.04 1.9747e+00  50823.153     65.823 1621841993       0.46      0.312   40.38668  -72.72354 0.0000e+00
     18.860    10.4378    32.5095  1025.0203     2.5889     6.6034    103.427   -0.00142    6.38466    6.38676      8.062     0.3159   11.54303   3.602185 5.0640e-11    24.9345    24.9341 1.0000e-12     19.000          1       1606    1488.69 1.9747e+00  50850.752     66.863 1621841994       0.08      0.497   40.38668  -72.72355 0.0000e+00
     19.339    10.3166    32.5148  1025.0472     2.5844     6.6148    103.179   -0.00237    6.41097    6.41344      8.060     0.3307   11.58642   3.591552 5.0640e-11    24.9592    24.9588 1.0000e-12     19.500          1       1661    1488.27 1.9747e+00  50880.066     69.179 1621841996       0.14      0.072   40.38668  -72.72358 0.0000e+00
     19.848    10.2030    32.5171  1025.0705     2.5817     6.6161    103.045   -0.00262    6.42057    6.42318      8.061     0.3563   11.60209   3.582296 5.0640e-11    24.9802    24.9798 1.0000e-12     20.000          1       1680    1487.87 1.9747e+00  50904.384     69.974 1621841997       0.30      0.421   40.38668  -72.72358 0.0000e+00
     20.342    10.1559    32.5205  1025.0833     2.5771     6.6331    102.787   -0.00369    6.45324    6.45631      8.062     0.3652   11.65597   3.578307 5.0640e-11    24.9907    24.9903 1.0000e-12     20.500          1       1707    1487.71 1.9747e+00  50917.961     71.085 1621841998      -0.08      0.503   40.38668  -72.72358 0.0000e+00
     20.832    10.0187    32.5355  1025.1203     2.5695     6.6127    102.283   -0.00540    6.46502    6.46824      8.061     0.3213   11.67569   3.567665 5.0640e-11    25.0253    25.0250 1.0000e-12     21.000          1       1735    1487.24 1.9747e+00  50964.982     72.257 1621841999       0.00      0.402   40.38668  -72.72360 0.0000e+00
     21.334     9.9458    32.5529  1025.1483     2.5642     6.5846    101.879   -0.00700    6.46313    6.46632      8.059     0.3499   11.67259   3.562423 6.3822e+04    25.0510    25.0506 1.0000e-12     21.500          1       1755    1487.01 7.1439e-01  51003.391     73.093 1621842000       0.17      0.495   40.38668  -72.72362 0.0000e+00
     21.835     9.7249    32.5647  1025.1961     2.5618     6.6152    102.028   -0.00431    6.48375    6.48724      8.058     0.3779   11.70646   3.543553 9.5902e+04    25.0964    25.0960 1.0000e-12     22.000          1       1784    1486.23 8.0903e-02  51062.742     74.310 1621842001      -0.04      0.499   40.38668  -72.72362 0.0000e+00
     22.313     9.5114    32.5655  1025.2336     2.5415     6.5996    100.575   -0.01097    6.56172    6.56634      8.055     0.4184   11.83487   3.524402 -9.990e-29    25.1317    25.1313 1.0000e-12     22.500          1       1862    1485.46 -9.990e-29  51105.761     77.560 1621842004       0.33      0.059   40.38668  -72.72364 0.0000e+00
     22.822     9.2682    32.5656  1025.2749     2.5385     6.6019    100.609   -0.00896    6.56196    6.56659      8.056     0.4159   11.83524   3.501317 -9.990e-29    25.1706    25.1702 1.0000e-12     23.000          1       1876    1484.58 -9.990e-29  51154.809     78.122 1621842005       0.49      0.420   40.38670  -72.72364 0.0000e+00
     23.327     9.0757    32.5922  1025.3285     2.5374     6.6263    100.924   -0.00495    6.56565    6.57033      8.055     0.4268   11.84128   3.488799 -9.990e-29    25.2217    25.2213 1.0000e-12     23.500          1       1893    1483.91 -9.990e-29  51232.809     78.846 1621842006       0.19      0.670   40.38670  -72.72365 0.0000e+00
     23.809     8.9835    32.6142  1025.3623     2.5379     6.6645    101.422    0.00012    6.57105    6.57582      8.055     0.4498   11.85010   3.483286 -9.990e-29    25.2533    25.2529 1.0000e-12     24.000          1       1928    1483.60 -9.990e-29  51283.267     80.310 1621842007      -0.31      0.428   40.38670  -72.72366 0.0000e+00
     24.300     8.9364    32.6195  1025.3761     2.5372     6.6583    101.355   -0.00020    6.56924    6.57398      8.055     0.4431   11.84720   3.479866 -9.990e-29    25.2647    25.2644 1.0000e-12     24.500          1       1954    1483.44 -9.990e-29  51301.127     81.392 1621842008       0.29      0.303   40.38670  -72.72368 0.0000e+00
