CalculateIndicators/WaterTemperature/Data/CTD_NYOS/20210525_C34.cnv
* Sea-Bird SBE 9 Data File:
* FileName = C:\Seabird 9 CTD\Data\2021\202105_offshore\20210525_C34.hex
* Software Version Seasave V 7.23.2
* Temperature SN = 4590
* Conductivity SN = 3228
* Number of Bytes Per Scan = 44
* Number of Voltage Words = 5
* Number of Scans Averaged by the Deck Unit = 1
* NMEA Latitude = 40 51.67 N
* NMEA Longitude = 072 11.62 W
* NMEA UTC (Time) = May 25 2021  18:27:00
* NMEA baud rate = 4800
** Ship: seawolf
** Station: 2.1
** Operator: tdk
# nquan = 31
# nvalues = 108                         
# units = specified
# name 0 = depSM: Depth [salt water, m]
# name 1 = t090C: Temperature [ITS-90, deg C]
# name 2 = sal00: Salinity, Practical [PSU]
# name 3 = density00: Density [density, kg/m^3]
# name 4 = sbeox0V: Oxygen raw, SBE 43 [V]
# name 5 = sbeox0ML/L: Oxygen, SBE 43 [ml/l]
# name 6 = sbeox0PS: Oxygen, SBE 43 [% saturation]
# name 7 = sbox0dV/dT: Oxygen, SBE 43 [dov/dt]
# name 8 = oxsolML/L: Oxygen Saturation, Garcia & Gordon [ml/l]
# name 9 = oxsatML/L: Oxygen Saturation, Weiss [ml/l]
# name 10 = ph: pH
# name 11 = flECO-AFL: Fluorescence, WET Labs ECO-AFL/FL [mg/m^3]
# name 12 = n2satML/L: Nitrogen Saturation [ml/l]
# name 13 = c0S/m: Conductivity [S/m]
# name 14 = cpar: CPAR/Corrected Irradiance [%]
# name 15 = sigma-é00: Density [sigma-theta, kg/m^3]
# name 16 = sigma-t00: Density [sigma-t, kg/m^3 ]
# name 17 = par: PAR/Irradiance, Biospherical/Licor
# name 18 = prDM: Pressure, Digiquartz [db]
# name 19 = pumps: Pump Status
# name 20 = scan: Scan Count
# name 21 = svCM: Sound Velocity [Chen-Millero, m/s]
# name 22 = spar: SPAR, Biospherical/Licor
# name 23 = specc: Specific Conductance [uS/cm]
# name 24 = timeS: Time, Elapsed [seconds]
# name 25 = timeY: Time, System [seconds]
# name 26 = accM: Acceleration [m/s^2]
# name 27 = dz/dtM: Descent Rate [m/s]
# name 28 = latitude: Latitude [deg]
# name 29 = longitude: Longitude [deg]
# name 30 = flag: flag
# span 0 =      1.962,     28.784       
# span 1 =     8.3032,    13.3413       
# span 2 =    30.6659,    32.4278       
# span 3 =  1023.0032,  1025.3427       
# span 4 =     2.2044,     2.6924       
# span 5 =     5.6587,     6.7281       
# span 6 =     84.915,    110.406       
# span 7 =   -0.03017,    0.03609       
# span 8 =    6.04615,    6.66522       
# span 9 =    6.04276,    6.67111       
# span 10 =      7.924,      8.043      
# span 11 =     0.0411,     1.4615      
# span 12 =   11.00292,   12.00828      
# span 13 =   3.408367,   3.671976      
# span 14 = 3.8709e-01, 9.4705e+01      
# span 15 =    22.9877,    25.2104      
# span 16 =    22.9876,    25.2100      
# span 17 = 8.0977e+00, 1.5951e+03      
# span 18 =      2.000,     29.000      
# span 19 =          1,          1      
# span 20 =        393,       7957      
# span 21 =    1480.91,    1496.32      
# span 22 = 1.4541e+03, 2.2460e+03      
# span 23 =  47856.598,  51170.350      
# span 24 =     16.345,    331.493      
# span 25 = 1621967232, 1621967547      
# span 26 =      -1.50,       0.76      
# span 27 =     -1.256,      0.670      
# span 28 =   40.86120,   40.86170      
# span 29 =  -72.19380,  -72.19318      
# span 30 = 0.0000e+00, 0.0000e+00      
# interval = decibars: 0.5              
# start_time = May 25 2021 18:26:56 [System UTC, first data scan.]
# bad_flag = -9.990e-29
*END*
      2.479    13.2917    30.6973  1023.0166     2.6500     6.3970    105.699   -0.00008    6.05207    6.04875      8.035     0.0741   11.01276   3.666819 5.3385e+01    23.0054    23.0054 9.5454e+02      2.500          1        393    1496.12 1.7880e+03  47875.875     16.345 1621967232       0.25     -0.111   40.86120  -72.19380 0.0000e+00
      2.978    13.2934    30.6973  1023.0186     2.6504     6.3994    105.747    0.00018    6.05159    6.04826      8.035     0.0985   11.01194   3.666984 4.5342e+01    23.0052    23.0051 7.9788e+02      3.000          1        461    1496.13 1.7587e+03  47875.958     19.162 1621967235       0.13      0.202   40.86121  -72.19380 0.0000e+00
      3.468    13.2933    30.6970  1023.0206     2.6501     6.3964    105.714   -0.00015    6.05061    6.04728      8.035     0.1098   11.01033   3.666969 4.2141e+01    23.0050    23.0049 7.3059e+02      3.500          1        514    1496.14 1.7336e+03  47875.933     21.392 1621967237      -0.04      0.212   40.86122  -72.19380 0.0000e+00
      3.973    13.2978    30.6977  1023.0226     2.6503     6.3988    105.748    0.00008    6.05103    6.04770      8.035     0.0976   11.01102   3.667488 3.6591e+01    23.0047    23.0046 6.2899e+02      4.000          1        544    1496.17 1.7178e+03  47876.638     22.614 1621967239       0.05      0.367   40.86122  -72.19380 0.0000e+00
      4.454    13.3015    30.6972  1023.0236     2.6499     6.3958    105.700   -0.00041    6.05089    6.04755 -9.990e-29     0.0909   11.01079   3.667728 3.3435e+01    23.0035    23.0034 5.6728e+02      4.500          1        612    1496.18 1.6969e+03  47875.709     25.455 1621967242       0.07      0.065   40.86122  -72.19380 0.0000e+00
      4.968    13.3020    30.6976  1023.0261     2.6498     6.3974    105.722   -0.00014    6.05117    6.04784 -9.990e-29     0.0965   11.01126   3.667858 2.7486e+01    23.0037    23.0036 4.6838e+02      5.000          1        632    1496.20 1.7044e+03  47876.420     26.310 1621967242       0.19      0.404   40.86122  -72.19380 0.0000e+00
      5.437    13.3011    30.6974  1023.0283 -9.990e-29     6.3993    105.720   -0.00030    6.05305    6.04974 -9.990e-29     0.1385   11.01437   3.667750 2.8337e+01    23.0038    23.0037 4.8717e+02      5.500          1        692    1496.20 1.7191e+03  47876.551     28.809 1621967245      -0.12      0.091   40.86122  -72.19380 0.0000e+00
      5.952    13.3005    30.6982  1023.0313 -9.990e-29     6.3982    105.722   -0.00006    6.05191    6.04858 -9.990e-29     0.1358   11.01248   3.667839 2.0910e+01    23.0045    23.0044 3.6025e+02      6.000          1        705    1496.21 1.7229e+03  47877.998     29.329 1621967245       0.58      0.322   40.86122  -72.19380 0.0000e+00
      6.467    13.2962    30.6968  1023.0335     2.6508     6.4002    105.761    0.00013    6.05155    6.04822      8.035     0.1441   11.01187   3.667230 2.0672e+01    23.0044    23.0042 3.5728e+02      6.500          1        719    1496.20 1.7283e+03  47876.880     29.936 1621967246       0.45      0.670   40.86123  -72.19380 0.0000e+00
      6.941    13.2945    30.6988  1023.0375     2.6484     6.3951    105.619   -0.00113    6.05485    6.05156      8.035     0.1752   11.01737   3.667488 1.8000e+01    23.0062    23.0060 3.1315e+02      7.000          1        786    1496.21 1.7396e+03  47880.136     32.691 1621967249       0.41      0.163   40.86124  -72.19378 0.0000e+00
      7.453    13.2990    30.6959  1023.0367     2.6481     6.3964    105.607   -0.00105    6.05677    6.05350      8.035     0.1826   11.02060   3.667214 1.6718e+01    23.0032    23.0030 2.9198e+02      7.500          1        806    1496.23 1.7467e+03  47876.126     33.532 1621967249       0.76      0.465   40.86124  -72.19378 0.0000e+00
      7.944    13.2603    30.6947  1023.0455     2.6486     6.4096    105.707   -0.00033    6.06351    6.06032      8.036     0.2069   11.03178   3.663887 1.4705e+01    23.0097    23.0095 2.6054e+02      8.000          1        849    1496.10 1.7719e+03  47878.696     35.319 1621967251       0.21      0.483   40.86124  -72.19378 0.0000e+00
      8.431    13.2326    30.6927  1023.0516     2.6476     6.4125    105.606   -0.00135    6.07210    6.06900      8.040     0.2301   11.04606   3.660893 1.5188e+01    23.0136    23.0134 2.7180e+02      8.500          1        900    1496.02 1.7896e+03  47880.079     37.464 1621967253       0.57      0.312   40.86124  -72.19378 0.0000e+00
      8.937    13.1950    30.6915  1023.0603     2.6485     6.4212    105.732   -0.00027    6.07307    6.06998      8.038     0.2412   11.04766   3.657588 1.1772e+01    23.0200    23.0198 2.1077e+02      9.000          1        916    1495.90 1.7905e+03  47882.794     38.114 1621967254       0.33      0.632   40.86124  -72.19378 0.0000e+00
      9.430    13.1506    30.6927  1023.0720     2.6504     6.4347    105.928    0.00108    6.07460    6.07153      8.040     0.2508   11.05024   3.653960 1.1856e+01    23.0295    23.0293 2.1290e+02      9.500          1        952    1495.76 1.7959e+03  47890.076     39.615 1621967256      -0.14      0.449   40.86125  -72.19378 0.0000e+00
      9.921    13.1314    30.6915  1023.0771     2.6500     6.4482    105.814   -0.00076    6.09389    6.09102      8.040     0.2811   11.08234   3.652222 1.0548e+01    23.0324    23.0322 1.9074e+02     10.000          1       1017    1495.70 1.8087e+03  47890.988     42.335 1621967258       0.06      0.177   40.86126  -72.19378 0.0000e+00
     10.415    13.0524    30.6856  1023.0901     2.6493     6.4920    105.846   -0.00078    6.13338    6.13095      8.042     0.3130   11.14815   3.644251 9.5516e+00    23.0431    23.0429 1.7241e+02     10.500          1       1060    1495.44 1.8051e+03  47893.033     44.138 1621967260       0.09      0.260   40.86126  -72.19378 0.0000e+00
     10.915    12.9592    30.6847  1023.1096     2.6444     6.5303    105.643   -0.00131    6.18149    6.17963      8.043     0.3312   11.22749   3.636196 9.0835e+00    23.0604    23.0602 1.6541e+02     11.000          1       1087    1495.13 1.8208e+03  47903.116     45.251 1621967261       0.10      0.406   40.86126  -72.19378 0.0000e+00
     11.411    12.8891    30.6745  1023.1174     2.6388     6.4910    104.954   -0.00684    6.18462    6.18281      8.043     0.3400   11.23261   3.627817 8.0868e+00    23.0660    23.0657 1.4986e+02     11.500          1       1114    1494.89 1.8534e+03  47897.646     46.380 1621967262      -0.01      0.447   40.86126  -72.19376 0.0000e+00
     11.908    12.4230    30.6831  1023.2144     2.6473     6.5905    106.093    0.00200    6.21200    6.21052      8.043     0.3787   11.27788   3.587483 7.6423e+00    23.1606    23.1603 1.4318e+02     12.000          1       1156    1493.32 1.8740e+03  47970.800     48.117 1621967264      -0.04      0.315   40.86126  -72.19376 0.0000e+00
     12.394    12.1716    30.7131  1023.2868     2.6441     6.5977    105.400   -0.00591    6.25968    6.25878      8.041     0.4791   11.35651   3.569794 7.1524e+00    23.2307    23.2304 1.3591e+02     12.500          1       1216    1492.50 1.9001e+03  48046.722     50.624 1621967267       0.38      0.127   40.86126  -72.19376 0.0000e+00
     12.907    12.0025    30.7249  1023.3293     2.6437     6.6069    105.519   -0.00416    6.26130    6.26041      8.042     0.4662   11.35933   3.555037 6.0581e+00    23.2708    23.2705 1.1554e+02     13.000          1       1231    1491.94 1.9074e+03  48086.831     51.245 1621967267       0.40      0.484   40.86126  -72.19376 0.0000e+00
     13.395    11.6660    30.7503  1023.4123     2.6292     6.6302    104.568   -0.00866    6.34103    6.34114      8.040     0.4580   11.49107   3.529240 5.6869e+00    23.3515    23.3512 1.0986e+02     13.500          1       1281    1490.81 1.9323e+03  48171.609     53.337 1621967269       0.10      0.323   40.86127  -72.19376 0.0000e+00
     13.893    11.3524    30.7284  1023.4531     2.6106     6.5925    103.322   -0.01356    6.38052    6.38116      8.039     0.4777   11.55565   3.496337 5.5915e+00    23.3901    23.3898 1.0893e+02     14.000          1       1322    1489.70 1.9482e+03  48184.014     55.036 1621967271       0.55      0.330   40.86128  -72.19374 0.0000e+00
     14.393    10.9042    30.8300  1023.6125     2.6024     6.6221    103.391   -0.00837    6.40492    6.40594      8.035     0.5237   11.59510   3.471434 4.7917e+00    23.5470    23.5467 9.3601e+01     14.500          1       1352    1488.24 1.9534e+03  48400.760     56.274 1621967272       0.05      0.466   40.86128  -72.19374 0.0000e+00
     14.872    10.6605    30.8889  1023.7022     2.5807     6.5478    102.107   -0.01123    6.41268    6.41390      8.031     0.5947   11.60651   3.456738 4.5286e+00    23.6345    23.6342 8.8763e+01     15.000          1       1405    1487.46 1.9600e+03  48522.252     58.519 1621967274       0.30      0.086   40.86128  -72.19374 0.0000e+00
     15.388    10.4983    30.9545  1023.7830     2.5779     6.5506    102.181   -0.00867    6.41076    6.41197      8.031     0.6192   11.60310   3.450675 4.1755e+00    23.7129    23.7126 8.1882e+01     15.500          1       1422    1486.96 1.9610e+03  48643.196     59.192 1621967275       0.37      0.466   40.86128  -72.19374 0.0000e+00
     15.873    10.4491    31.0952  1023.9030     2.5753     6.5988    102.729   -0.00098    6.42352    6.42496      8.032     1.0091   11.62334   3.461838 3.8000e+00    23.8307    23.8304 7.4586e+01     16.000          1       1482    1486.97 1.9623e+03  48851.020     61.728 1621967278      -0.01      0.187   40.86128  -72.19374 0.0000e+00
     16.372    10.4322    31.1279  1023.9336     2.5702     6.5834    102.313   -0.00323    6.43457    6.43617      8.032     1.1270   11.64132   3.463502 3.4493e+00    23.8590    23.8587 6.7907e+01     16.500          1       1519    1486.95 1.9688e+03  48900.250     63.234 1621967279       0.27      0.338   40.86128  -72.19374 0.0000e+00
     16.871    10.3490    31.1702  1023.9828     2.5623     6.5577    101.731   -0.00583    6.44613    6.44789      8.030     1.0589   11.66018   3.460638 3.1013e+00    23.9059    23.9056 6.1045e+01     17.000          1       1546    1486.71 1.9688e+03  48974.795     64.374 1621967280      -0.02      0.461   40.86128  -72.19374 0.0000e+00
     17.361    10.2445    31.2045  1024.0291     2.5419     6.4965    100.406   -0.01019    6.47022    6.47239      8.023     1.2695   11.69875   3.455230 2.9448e+00    23.9499    23.9496 5.7961e+01     17.500          1       1595    1486.39 1.9681e+03  49041.573     66.410 1621967282      -0.11      0.231   40.86130  -72.19374 0.0000e+00
     17.856    10.1233    31.2360  1024.0760     2.5257     6.4324     99.423   -0.01239    6.46971    6.47188      8.021     1.2718   11.69798   3.447817 2.7975e+00    23.9945    23.9942 5.5001e+01     18.000          1       1628    1486.00 1.9661e+03  49107.742     67.780 1621967284       0.30      0.284   40.86130  -72.19374 0.0000e+00
     18.364    10.0178    31.2999  1024.1455     2.5176     6.4378     99.281   -0.00970    6.48450    6.48695      8.020     1.3490   11.72117   3.445330 2.4475e+00    24.0616    24.0613 4.8227e+01     18.500          1       1653    1485.70 1.9706e+03  49217.337     68.841 1621967285       0.15      0.468   40.86130  -72.19374 0.0000e+00
     18.845     9.8777    31.4026  1024.2507     2.4890     6.3778     97.726   -0.01224    6.52616    6.52938      8.016     1.3967   11.78725   3.443955 2.1973e+00    24.1646    24.1642 4.3330e+01     19.000          1       1721    1485.32 1.9719e+03  49388.268     71.666 1621967288       0.48      0.096   40.86130  -72.19374 0.0000e+00
     19.355     9.6856    31.5470  1024.3967     2.4845     6.3778     97.747   -0.00948    6.52483    6.52804      8.016     1.2837   11.78501   3.440521 1.9997e+00    24.3082    24.3079 3.9354e+01     19.500          1       1737    1484.81 1.9679e+03  49629.549     72.338 1621967288       0.41      0.499   40.86130  -72.19372 0.0000e+00
     19.844     9.4855    31.6719  1024.5285     2.4774     6.3787     97.840   -0.00447    6.51952    6.52277      8.018     1.3891   11.77472   3.436241 1.8091e+00    24.4377    24.4374 3.5436e+01     20.000          1       1783    1484.23 1.9586e+03  49844.652     74.232 1621967290      -0.09      0.325   40.86130  -72.19372 0.0000e+00
     20.341     9.4683    31.7254  1024.5753     2.4798     6.3703     98.418    0.00138    6.47274    6.47560      8.021     1.3987   11.69432   3.440901 1.6894e+00    24.4822    24.4819 3.2731e+01     20.500          1       1828    1484.24 1.9372e+03  49923.745     76.130 1621967292       0.32      0.258   40.86130  -72.19372 0.0000e+00
     20.838     9.4567    31.8228  1024.6555     2.4964     6.4610     99.954    0.00979    6.46400    6.46681      8.033     1.1031   11.67898   3.450080 1.5318e+00    24.5602    24.5598 2.9423e+01     21.000          1       1861    1484.33 1.9208e+03  50064.699     77.497 1621967293      -0.06      0.394   40.86132  -72.19372 0.0000e+00
     21.332     9.7229    32.0511  1024.7932     2.5194     6.5651    101.535    0.01486    6.46580    6.46865      8.036     0.9742   11.68174   3.497575 1.3546e+00    24.6958    24.6954 2.6142e+01     21.500          1       1901    1485.59 1.9298e+03  50337.316     79.157 1621967295       0.06      0.280   40.86132  -72.19372 0.0000e+00
     21.829     9.7689    32.1388  1024.8565     2.5260     6.5472    101.014    0.00460    6.48156    6.48463      8.035     0.7311   11.70769   3.508563 1.2348e+00    24.7568    24.7564 2.3734e+01     22.000          1       1945    1485.87 1.9220e+03  50452.614     81.005 1621967297      -0.07      0.275   40.86132  -72.19372 0.0000e+00
     22.322     9.7222    32.1492  1024.8745     2.5190     6.5109     99.967   -0.00413    6.51302    6.51655      8.035     0.7024   11.75942   3.504937 1.1247e+00    24.7725    24.7721 2.1561e+01     22.500          1       1995    1485.72 1.9170e+03  50476.341     83.099 1621967299       0.09      0.230   40.86132  -72.19372 0.0000e+00
     22.822     9.6095    32.1629  1024.9057     2.5092     6.4732     99.213   -0.00748    6.52448    6.52816      8.035     0.6522   11.77845   3.496181 1.0741e+00    24.8014    24.8010 2.0596e+01     23.000          1       2024    1485.34 1.9175e+03  50518.110     84.311 1621967300       0.11      0.368   40.86132  -72.19372 0.0000e+00
     23.319     9.4528    32.1848  1024.9503     2.4941     6.4209     98.312   -0.00941    6.53120    6.53497      8.027     0.6869   11.78959   3.484109 9.9493e-01    24.8436    24.8432 1.9173e+01     23.500          1       2060    1484.80 1.9273e+03  50579.789     85.796 1621967302      -0.08      0.362   40.86132  -72.19372 0.0000e+00
     23.813     9.3045    32.1819  1024.9739     2.4667     6.3356     96.763   -0.01197    6.54757    6.55156      8.015     0.8942   11.81665   3.471044 9.1767e-01    24.8649    24.8645 1.7937e+01     24.000          1       2116    1484.26 1.9548e+03  50605.318     88.131 1621967304       0.00      0.201   40.86132  -72.19370 0.0000e+00
     24.304     9.2448    32.1795  1024.9837     2.4427     6.2851     95.638   -0.01174    6.57176    6.57611      8.005     0.9749   11.85646   3.465660 8.4027e-01    24.8725    24.8721 1.6616e+01     24.500          1       2164    1484.04 1.9774e+03  50614.240     90.145 1621967306       0.04      0.241   40.86132  -72.19370 0.0000e+00
     24.805     9.1793    32.1832  1024.9992     2.4285     6.2257     94.778   -0.01344    6.56869    6.57299      8.003     0.8890   11.85135   3.460168 7.9204e-01    24.8856    24.8852 1.5771e+01     25.000          1       2189    1483.82 1.9913e+03  50632.964     91.158 1621967307       0.22      0.383   40.86134  -72.19370 0.0000e+00
