CalculateIndicators/WaterTemperature/Data/CTD_NYOS/20210525_C29.cnv
* Sea-Bird SBE 9 Data File:
* FileName = C:\Seabird 9 CTD\Data\2021\202105_offshore\20210525_C29.hex
* Software Version Seasave V 7.23.2
* Temperature SN = 4590
* Conductivity SN = 3228
* Number of Bytes Per Scan = 44
* Number of Voltage Words = 5
* Number of Scans Averaged by the Deck Unit = 1
* NMEA Latitude = 39 27.93 N
* NMEA Longitude = 072 02.03 W
* NMEA UTC (Time) = May 25 2021  02:37:59
* NMEA baud rate = 4800
** Ship: seawolf
** Station: 3.5
** Operator: sjw
# nquan = 31
# nvalues = 1186                        
# units = specified
# name 0 = depSM: Depth [salt water, m]
# name 1 = t090C: Temperature [ITS-90, deg C]
# name 2 = sal00: Salinity, Practical [PSU]
# name 3 = density00: Density [density, kg/m^3]
# name 4 = sbeox0V: Oxygen raw, SBE 43 [V]
# name 5 = sbeox0ML/L: Oxygen, SBE 43 [ml/l]
# name 6 = sbeox0PS: Oxygen, SBE 43 [% saturation]
# name 7 = sbox0dV/dT: Oxygen, SBE 43 [dov/dt]
# name 8 = oxsolML/L: Oxygen Saturation, Garcia & Gordon [ml/l]
# name 9 = oxsatML/L: Oxygen Saturation, Weiss [ml/l]
# name 10 = ph: pH
# name 11 = flECO-AFL: Fluorescence, WET Labs ECO-AFL/FL [mg/m^3]
# name 12 = n2satML/L: Nitrogen Saturation [ml/l]
# name 13 = c0S/m: Conductivity [S/m]
# name 14 = cpar: CPAR/Corrected Irradiance [%]
# name 15 = sigma-é00: Density [sigma-theta, kg/m^3]
# name 16 = sigma-t00: Density [sigma-t, kg/m^3 ]
# name 17 = par: PAR/Irradiance, Biospherical/Licor
# name 18 = prDM: Pressure, Digiquartz [db]
# name 19 = pumps: Pump Status
# name 20 = scan: Scan Count
# name 21 = svCM: Sound Velocity [Chen-Millero, m/s]
# name 22 = spar: SPAR, Biospherical/Licor
# name 23 = specc: Specific Conductance [uS/cm]
# name 24 = timeS: Time, Elapsed [seconds]
# name 25 = timeY: Time, System [seconds]
# name 26 = accM: Acceleration [m/s^2]
# name 27 = dz/dtM: Descent Rate [m/s]
# name 28 = latitude: Latitude [deg]
# name 29 = longitude: Longitude [deg]
# name 30 = flag: flag
# span 0 =      2.459,    301.005       
# span 1 =     9.4412,    15.5305       
# span 2 =    34.5125,    35.8101       
# span 3 =  1025.5331,  1028.6140       
# span 4 =     1.3993,     2.6775       
# span 5 =     2.9341,     6.1231       
# span 6 =     46.538,    107.234       
# span 7 =   -0.04558,    0.04330       
# span 8 =    5.64489,    6.37809       
# span 9 =    5.63946,    6.38269       
# span 10 =      7.847,      8.198      
# span 11 =    -0.1126,     1.3016      
# span 12 =   10.29340,   11.49997      
# span 13 =   3.793756,   4.310116      
# span 14 = 5.0640e-11, 1.2397e+05      
# span 15 =    25.4803,    27.2481      
# span 16 =    25.4799,    27.2424      
# span 17 = -3.474e-05, 2.8836e-04      
# span 18 =      2.500,    303.500      
# span 19 =          1,          1      
# span 20 =         68,      40647      
# span 21 =    1493.11,    1508.21      
# span 22 = -4.734e-01, 1.9747e+00      
# span 23 =  52924.243,  55076.792      
# span 24 =      2.807,   1693.596      
# span 25 = 1621910279, 1621911970      
# span 26 =      -1.70,       1.44      
# span 27 =     -2.048,      1.987      
# span 28 =   39.46554,   39.46696      
# span 29 =  -72.04023,  -72.03383      
# span 30 = 0.0000e+00, 0.0000e+00      
# interval = decibars: 0.5              
# start_time = May 25 2021 02:37:56 [System UTC, first data scan.]
# bad_flag = -9.990e-29
*END*
[from data line 843]
    172.102    13.8998    35.7618  1027.5681     2.0547     4.5323     78.266    0.00064    5.79086    5.78781      8.051 -9.990e-29   10.52330   4.273213 9.9999e+04    26.8026    26.7973 1.0000e-12    173.500          1      26545    1506.92 0.0000e+00  54920.222   1106.018 1621911382      -0.19     -1.121   39.46652  -72.03800 0.0000e+00
    171.600    13.9025    35.7626  1027.5659     2.0552     4.5319     78.259    0.00023    5.79081    5.78776      8.051 -9.990e-29   10.52322   4.273538 9.9999e+04    26.8026    26.7974 1.0000e-12    173.000          1      26557    1506.92 0.0000e+00  54920.792   1106.490 1621911383       0.00     -1.159   39.46652  -72.03800 0.0000e+00
    171.099    13.9052    35.7622  1027.5627     2.0564     4.5377     78.361    0.00075    5.79077    5.78773      8.051    -0.0927   10.52316   4.273735 9.9999e+04    26.8017    26.7964 1.0000e-12    172.500          1      26579    1506.92 0.0000e+00  54919.473   1107.423 1621911383       0.23     -0.974   39.46652  -72.03800 0.0000e+00
    170.615    13.9099    35.7618  1027.5593     2.0614     4.5521     78.617    0.00110    5.79023    5.78717      8.051    -0.0736   10.52225   4.274119 9.9999e+04    26.8004    26.7951 1.0000e-12    172.000          1      26696    1506.93 0.0000e+00  54918.096   1112.312 1621911388      -0.45     -0.274   39.46652  -72.03803 0.0000e+00
    170.142    13.9107    35.7620  1027.5571     2.0641     4.5589     78.755    0.00142    5.78876    5.78569      8.052    -0.0795   10.51982   4.274179 9.9999e+04    26.8004    26.7951 1.0000e-12    171.500          1      26756    1506.92 0.0000e+00  54917.943   1114.798 1621911391      -0.76     -0.309   39.46653  -72.03804 0.0000e+00
    169.640    13.9114    35.7619  1027.5547     2.0644     4.5614     78.796    0.00172    5.78889    5.78582      8.053    -0.0717   10.52003   4.274242 9.9999e+04    26.8001    26.7949 1.0000e-12    171.000          1      26764    1506.91 0.0000e+00  54917.407   1115.126 1621911391      -0.84     -0.628   39.46654  -72.03804 0.0000e+00
    169.133    13.9130    35.7618  1027.5520     2.0644     4.5606     78.782    0.00150    5.78896    5.78589      8.053    -0.0658   10.52014   4.274405 9.9999e+04    26.7998    26.7946 1.0000e-12    170.500          1      26772    1506.91 0.0000e+00  54916.836   1115.461 1621911392      -0.82     -0.908   39.46654  -72.03804 0.0000e+00
    168.626    13.9159    35.7621  1027.5494     2.0654     4.5633     78.826    0.00145    5.78904    5.78597      8.053    -0.0658   10.52027   4.274701 9.9999e+04    26.7993    26.7941 1.0000e-12    170.000          1      26780    1506.91 0.0000e+00  54916.562   1115.793 1621911392      -0.68     -1.157   39.46654  -72.03804 0.0000e+00
    168.123    13.9173    35.7623  1027.5469     2.0654     4.5626     78.815    0.00129    5.78899    5.78592      8.051    -0.0660   10.52020   4.274812 9.9999e+04    26.7991    26.7940 1.0000e-12    169.500          1      26789    1506.91 0.0000e+00  54916.297   1116.162 1621911392      -0.39     -1.350   39.46654  -72.03804 0.0000e+00
    167.619    13.9218    35.7628  1027.5441     2.0656     4.5605     78.779    0.00073    5.78891    5.78584      8.053    -0.0687   10.52006   4.275338 9.9999e+04    26.7986    26.7934 1.0000e-12    169.000          1      26814    1506.92 0.0000e+00  54916.069   1117.202 1621911393       0.11     -1.230   39.46654  -72.03804 0.0000e+00
    167.156    13.9271    35.7638  1027.5417     2.0679     4.5626     78.843    0.00045    5.78689    5.78380      8.053    -0.0812   10.51671   4.275869 9.9999e+04    26.7983    26.7931 1.0000e-12    168.500          1      26945    1506.93 0.0000e+00  54916.549   1122.662 1621911399      -0.15     -0.108   39.46654  -72.03806 0.0000e+00
    166.667    13.9270    35.7637  1027.5395     2.0690     4.5661     78.918    0.00071    5.78586    5.78276 -9.990e-29    -0.0943   10.51500   4.275831 9.9999e+04    26.7982    26.7930 1.0000e-12    168.000          1      26965    1506.92 0.0000e+00  54916.141   1123.504 1621911399      -0.60     -0.237   39.46654  -72.03806 0.0000e+00
    166.156    13.9282    35.7636  1027.5368     2.0689     4.5647     78.894    0.00048    5.78586    5.78275 -9.990e-29    -0.0956   10.51499   4.275971 9.9999e+04    26.7978    26.7927 1.0000e-12    167.500          1      26975    1506.91 0.0000e+00  54915.489   1123.931 1621911400      -0.74     -0.578   39.46654  -72.03808 0.0000e+00
    165.651    13.9333    35.7631  1027.5331     2.0694     4.5663     78.922    0.00055    5.78584    5.78274 -9.990e-29    -0.0835   10.51497   4.276428 9.9999e+04    26.7963    26.7912 1.0000e-12    167.000          1      26987    1506.92 0.0000e+00  54913.754   1124.411 1621911400      -0.49     -0.878   39.46654  -72.03808 0.0000e+00
    165.155    13.9432    35.7645  1027.5298     2.0710     4.5732     79.042    0.00110    5.78583    5.78272 -9.990e-29    -0.0764   10.51494   4.277623 9.4871e+04    26.7953    26.7902 1.0000e-12    166.500          1      27002    1506.94 1.0126e-01  54914.152   1125.053 1621911401       0.07     -0.982   39.46654  -72.03808 0.0000e+00
    164.669    13.9511    35.7651  1027.5264     2.0727     4.5787     79.139    0.00134    5.78568    5.78257      8.055    -0.0661   10.51470   4.278327 7.8674e+04    26.7941    26.7890 1.0000e-12    166.000          1      27045    1506.96 4.2110e-01  54913.642   1126.828 1621911403       0.29     -0.449   39.46654  -72.03808 0.0000e+00
    164.185    13.9522    35.7651  1027.5240     2.0733     4.5735     79.056   -0.00005    5.78515    5.78203      8.055    -0.0793   10.51383   4.278416 1.0089e+05    26.7939    26.7888 1.0000e-12    165.500          1      27113    1506.96 -1.763e-02  54913.219   1129.659 1621911406      -0.56     -0.165   39.46654  -72.03808 0.0000e+00
    163.672    13.9545    35.7653  1027.5214     2.0736     4.5747     79.076    0.00005    5.78515    5.78204      8.055    -0.0782   10.51383   4.278655 9.9999e+04    26.7935    26.7884 1.0000e-12    165.000          1      27124    1506.96 0.0000e+00  54912.827   1130.140 1621911406      -0.59     -0.534   39.46654  -72.03810 0.0000e+00
    163.171    13.9567    35.7646  1027.5182     2.0747     4.5805     79.177    0.00067    5.78516    5.78204      8.055    -0.0677   10.51384   4.278757 9.9999e+04    26.7925    26.7875 1.0000e-12    164.500          1      27143    1506.96 0.0000e+00  54911.332   1130.937 1621911407      -0.03     -0.733   39.46654  -72.03810 0.0000e+00
    162.708    13.9576    35.7640  1027.5154     2.0796     4.5949     79.432    0.00127    5.78473    5.78161      8.056    -0.0782   10.51315   4.278729 9.9999e+04    26.7918    26.7868 1.0000e-12    164.000          1      27231    1506.95 0.0000e+00  54910.080   1134.577 1621911411      -0.35     -0.074   39.46654  -72.03810 0.0000e+00
    162.208    13.9573    35.7641  1027.5133     2.0807     4.5981     79.492    0.00140    5.78437    5.78124      8.056    -0.0805   10.51256   4.278673 9.9999e+04    26.7919    26.7869 1.0000e-12    163.500          1      27244    1506.94 0.0000e+00  54909.996   1135.135 1621911411      -0.81     -0.397   39.46654  -72.03810 0.0000e+00
    161.706    13.9571    35.7640  1027.5110     2.0811     4.6005     79.533    0.00170    5.78438    5.78126      8.056    -0.0692   10.51258   4.278616 9.9999e+04    26.7919    26.7869 1.0000e-12    163.000          1      27252    1506.93 0.0000e+00  54909.510   1135.476 1621911412      -0.90     -0.701   39.46654  -72.03810 0.0000e+00
    161.198    13.9568    35.7639  1027.5088     2.0815     4.6025     79.566    0.00186    5.78451    5.78138      8.056    -0.0661   10.51278   4.278537 9.9999e+04    26.7918    26.7869 1.0000e-12    162.500          1      27260    1506.92 0.0000e+00  54909.146   1135.790 1621911412      -0.88     -0.984   39.46654  -72.03810 0.0000e+00
    160.686    13.9564    35.7633  1027.5061     2.0817     4.6021     79.559    0.00163    5.78456    5.78144      8.057    -0.0660   10.51288   4.278400 9.9999e+04    26.7915    26.7865 1.0000e-12    162.000          1      27268    1506.91 0.0000e+00  54908.180   1136.113 1621911412      -0.72     -1.244   39.46654  -72.03810 0.0000e+00
    160.187    13.9556    35.7628  1027.5036     2.0828     4.6053     79.608    0.00148    5.78493    5.78182      8.058    -0.0791   10.51349   4.278275 9.9999e+04    26.7912    26.7862 1.0000e-12    161.500          1      27277    1506.90 0.0000e+00  54907.138   1136.503 1621911413      -0.29     -1.433   39.46654  -72.03810 0.0000e+00
    159.695    13.9584    35.7631  1027.5011     2.0841     4.6110     79.703    0.00176    5.78524    5.78213      8.056    -0.0847   10.51400   4.278611 9.9999e+04    26.7908    26.7859 1.0000e-12    161.000          1      27294    1506.90 0.0000e+00  54906.961   1137.188 1621911413       0.47     -1.253   39.46654  -72.03812 0.0000e+00
    159.212    13.9628    35.7628  1027.4977     2.0884     4.6182     79.853    0.00129    5.78336    5.78022      8.057    -0.0825   10.51086   4.278987 9.9999e+04    26.7897    26.7847 1.0000e-12    160.500          1      27399    1506.90 0.0000e+00  54905.648   1141.601 1621911418      -0.94     -0.686   39.46656  -72.03814 0.0000e+00
    158.708    13.9638    35.7629  1027.4954     2.0889     4.6182     79.859    0.00116    5.78294    5.77980 -9.990e-29    -0.0730   10.51017   4.279119 9.9999e+04    26.7895    26.7846 1.0000e-12    160.000          1      27419    1506.90 0.0000e+00  54905.342   1142.403 1621911418      -1.01     -1.123   39.46656  -72.03814 0.0000e+00
    158.205    13.9665    35.7633  1027.4929     2.0890     4.6182     79.858    0.00108    5.78296    5.77982      8.060    -0.0660   10.51020   4.279366 9.9999e+04    26.7893    26.7844 1.0000e-12    159.500          1      27429    1506.90 0.0000e+00  54905.453   1142.823 1621911419      -0.53     -1.399   39.46656  -72.03814 0.0000e+00
    157.708    13.9691    35.7635  1027.4902     2.0894     4.6188     79.870    0.00101    5.78296    5.77982      8.060    -0.0731   10.51020   4.279662 9.9999e+04    26.7889    26.7840 1.0000e-12    159.000          1      27442    1506.90 0.0000e+00  54904.992   1143.383 1621911419       0.28     -1.391   39.46656  -72.03814 0.0000e+00
    157.234    13.9761    35.7652  1027.4879     2.0929     4.6307     80.075    0.00153    5.78290    5.77975      8.060    -0.0750   10.51009   4.280457 9.9999e+04    26.7887    26.7838 1.0000e-12    158.500          1      27491    1506.92 0.0000e+00  54906.079   1145.399 1621911421       0.25     -0.260   39.46656  -72.03815 0.0000e+00
    156.741    13.9759    35.7653  1027.4858     2.0947     4.6301     80.085    0.00068    5.78141    5.77826      8.060    -0.0691   10.50761   4.280430 9.9999e+04    26.7888    26.7839 1.0000e-12    158.000          1      27553    1506.91 0.0000e+00  54905.915   1147.980 1621911424      -0.04     -0.162   39.46656  -72.03816 0.0000e+00
    156.253    13.9798    35.7659  1027.4832     2.0968     4.6392     80.257    0.00163    5.78042    5.77725      8.061    -0.0779   10.50595   4.280883 9.9999e+04    26.7884    26.7835 1.0000e-12    157.500          1      27584    1506.92 0.0000e+00  54905.882   1149.297 1621911425      -0.35     -0.297   39.46656  -72.03816 0.0000e+00
    155.754    13.9805    35.7664  1027.4813     2.0980     4.6436     80.329    0.00179    5.78073    5.77756      8.062    -0.0671   10.50646   4.280928 9.9999e+04    26.7886    26.7838 1.0000e-12    157.000          1      27597    1506.91 0.0000e+00  54906.309   1149.846 1621911426      -0.45     -0.528   39.46656  -72.03816 0.0000e+00
    155.247    13.9810    35.7665  1027.4790     2.0987     4.6459     80.366    0.00178    5.78095    5.77778      8.062    -0.0658   10.50683   4.281084 9.9999e+04    26.7886    26.7838 1.0000e-12    156.500          1      27608    1506.90 0.0000e+00  54906.056   1150.310 1621911426      -0.48     -0.751   39.46656  -72.03816 0.0000e+00
    154.738    13.9871    35.7677  1027.4763     2.0997     4.6494     80.426    0.00188    5.78099    5.77783      8.062    -0.0658   10.50689   4.281791 9.9999e+04    26.7882    26.7834 1.0000e-12    156.000          1      27620    1506.92 0.0000e+00  54906.643   1150.805 1621911427      -0.30     -0.947   39.46656  -72.03816 0.0000e+00
    154.245    13.9947    35.7687  1027.4732     2.1017     4.6509     80.467    0.00139    5.77997    5.77679      8.063    -0.0720   10.50521   4.282644 9.9999e+04    26.7873    26.7825 1.0000e-12    155.500          1      27670    1506.93 0.0000e+00  54906.568   1152.889 1621911429      -0.16     -0.760   39.46656  -72.03818 0.0000e+00
    153.760    13.9975    35.7694  1027.4710     2.1041     4.6544     80.541    0.00110    5.77889    5.77570      8.064    -0.0796   10.50344   4.282905 9.9999e+04    26.7873    26.7825 1.0000e-12    155.000          1      27731    1506.94 0.0000e+00  54906.926   1155.425 1621911431      -0.61     -0.701   39.46656  -72.03820 0.0000e+00
    153.265    14.0003    35.7693  1027.4681     2.1061     4.6630     80.692    0.00182    5.77879    5.77560 -9.990e-29    -0.0678   10.50329   4.283183 9.9999e+04    26.7866    26.7818 1.0000e-12    154.500          1      27744    1506.94 0.0000e+00  54906.105   1155.955 1621911432      -0.21     -0.912   39.46656  -72.03818 0.0000e+00
    152.770    14.0052    35.7697  1027.4652     2.1067     4.6668     80.757    0.00229    5.77879    5.77559 -9.990e-29    -0.0689   10.50328   4.283699 9.9999e+04    26.7858    26.7811 1.0000e-12    154.000          1      27757    1506.95 0.0000e+00  54905.787   1156.510 1621911433       0.03     -0.947   39.46656  -72.03818 0.0000e+00
    152.275    14.0084    35.7686  1027.4614     2.1076     4.6686     80.789    0.00213    5.77872    5.77552 -9.990e-29    -0.0672   10.50317   4.283844 9.9999e+04    26.7843    26.7796 1.0000e-12    153.500          1      27771    1506.95 0.0000e+00  54903.567   1157.088 1621911433       0.07     -0.910   39.46656  -72.03820 0.0000e+00
    151.772    14.0090    35.7678  1027.4585     2.1085     4.6686     80.790    0.00151    5.77871    5.77552 -9.990e-29    -0.0780   10.50316   4.283769 9.9999e+04    26.7836    26.7789 1.0000e-12    153.000          1      27785    1506.94 0.0000e+00  54902.153   1157.675 1621911434       0.03     -0.877   39.46656  -72.03820 0.0000e+00
    151.273    14.0108    35.7663  1027.4547     2.1099     4.6727     80.862    0.00154    5.77866    5.77546 -9.990e-29    -0.0695   10.50306   4.283778 9.9999e+04    26.7820    26.7773 1.0000e-12    152.500          1      27809    1506.93 0.0000e+00  54899.544   1158.651 1621911435       0.18     -0.758   39.46656  -72.03820 0.0000e+00
    150.814    14.0121    35.7656  1027.4518     2.1133     4.6750     80.942    0.00086    5.77578    5.77255 -9.990e-29    -0.0675   10.49829   4.283766 9.9999e+04    26.7812    26.7765 1.0000e-12    152.000          1      27938    1506.93 0.0000e+00  54898.204   1164.025 1621911440      -1.00     -0.283   39.46656  -72.03822 0.0000e+00
    150.302    14.0117    35.7649  1027.4491     2.1140     4.6788     81.008    0.00128    5.77573    5.77250 -9.990e-29    -0.0658   10.49821   4.283607 9.9999e+04    26.7807    26.7761 1.0000e-12    151.500          1      27944    1506.92 0.0000e+00  54896.943   1164.288 1621911440      -1.16     -0.625   39.46656  -72.03822 0.0000e+00
