CalculateIndicators/WaterTemperature/Data/CTD_NYOS/20210322_C078.cnv
* Sea-Bird SBE 9 Data File:
* FileName = C:\Seabird 9 CTD\Data\2021\202103_offshore\20210322_C078.hex
* Software Version Seasave V 7.23.2
* Temperature SN = 4590
* Conductivity SN = 3228
* Number of Bytes Per Scan = 44
* Number of Voltage Words = 5
* Number of Scans Averaged by the Deck Unit = 1
* NMEA Latitude = 38 32.01 N
* NMEA Longitude = 073 04.38 W
* NMEA UTC (Time) = Mar 22 2021  02:12:45
* NMEA baud rate = 4800
** Ship: RV Seawolf
** Station: 7.6
** Operator: TCM
# nquan = 31
# nvalues = 605                         
# units = specified
# name 0 = depSM: Depth [salt water, m]
# name 1 = t090C: Temperature [ITS-90, deg C]
# name 2 = sal00: Salinity, Practical [PSU]
# name 3 = density00: Density [density, kg/m^3]
# name 4 = sbeox0V: Oxygen raw, SBE 43 [V]
# name 5 = sbeox0ML/L: Oxygen, SBE 43 [ml/l]
# name 6 = sbeox0PS: Oxygen, SBE 43 [% saturation]
# name 7 = sbox0dV/dT: Oxygen, SBE 43 [dov/dt]
# name 8 = oxsolML/L: Oxygen Saturation, Garcia & Gordon [ml/l]
# name 9 = oxsatML/L: Oxygen Saturation, Weiss [ml/l]
# name 10 = ph: pH
# name 11 = flECO-AFL: Fluorescence, WET Labs ECO-AFL/FL [mg/m^3]
# name 12 = n2satML/L: Nitrogen Saturation [ml/l]
# name 13 = c0S/m: Conductivity [S/m]
# name 14 = cpar: CPAR/Corrected Irradiance [%]
# name 15 = sigma-é00: Density [sigma-theta, kg/m^3]
# name 16 = sigma-t00: Density [sigma-t, kg/m^3 ]
# name 17 = par: PAR/Irradiance, Biospherical/Licor
# name 18 = prDM: Pressure, Digiquartz [db]
# name 19 = pumps: Pump Status
# name 20 = scan: Scan Count
# name 21 = svCM: Sound Velocity [Chen-Millero, m/s]
# name 22 = spar: SPAR, Biospherical/Licor
# name 23 = specc: Specific Conductance [uS/cm]
# name 24 = timeS: Time, Elapsed [seconds]
# name 25 = timeY: Time, System [seconds]
# name 26 = accM: Acceleration [m/s^2]
# name 27 = dz/dtM: Descent Rate [m/s]
# name 28 = latitude: Latitude [deg]
# name 29 = longitude: Longitude [deg]
# name 30 = flag: flag
# span 0 =      0.956,    300.516       
# span 1 =    10.5143,    13.4582       
# span 2 =    35.3636,    35.6706       
# span 3 =  1026.7574,  1028.5092       
# span 4 =     1.4172,     2.4106       
# span 5 =     2.9147,     5.5581       
# span 6 =     47.413,     94.108       
# span 7 =   -0.01815,    0.01996       
# span 8 =    5.84736,    6.23248       
# span 9 =    5.84496,    6.23504       
# span 10 =      8.340,      8.556      
# span 11 =    -0.0675,     0.9567      
# span 12 =   10.61781,   11.25816      
# span 13 =   3.907413,   4.219607      
# span 14 = -1.546e+04, 1.3775e+05      
# span 15 =    26.7520,    27.1526      
# span 16 =    26.7517,    27.1461      
# span 17 = -2.977e-02, 3.8100e-02      
# span 18 =      1.000,    303.000      
# span 19 =          1,          1      
# span 20 =        275,      64757      
# span 21 =    1497.10,    1505.35      
# span 22 = -7.455e-01, 2.2800e+00      
# span 23 =  54541.079,  55007.621      
# span 24 =     11.430,   2698.153      
# span 25 = 1616379177, 1616381864      
# span 26 =      -0.93,       0.88      
# span 27 =     -1.236,      1.346      
# span 28 =   38.53147,   38.53362      
# span 29 =  -73.09139,  -73.07317      
# span 30 = 0.0000e+00, 0.0000e+00      
# interval = decibars: 1                
# start_time = Mar 22 2021 02:12:46 [System UTC, first data scan.]
# bad_flag = -9.990e-29
*END*
[from data line 234]
    233.099    11.7720    35.5149  1028.0851     1.4553     2.9599     48.844   -0.00122    6.06417    6.06450      8.376    -0.0592   10.97822   4.040638 5.0640e-11    27.0386    27.0328 1.0000e-12    235.000          1      21736    1500.54 1.9747e+00  54942.150    905.639 1616380072      -0.06      0.335   38.53304  -73.07936 0.0000e+00
    234.086    11.7202    35.5080  1028.0942     1.4504     2.9481     48.630   -0.00102    6.07266    6.07310      8.375    -0.0503   10.99236   4.034899 5.0640e-11    27.0431    27.0373 1.0000e-12    236.000          1      21865    1500.37 1.9747e+00  54942.155    911.003 1616380077       0.18      0.241   38.53304  -73.07940 0.0000e+00
    235.084    11.6839    35.5039  1028.1025     1.4481     2.9482     48.524   -0.00091    6.07334    6.07379      8.374    -0.0496   10.99350   4.031110 5.0640e-11    27.0467    27.0410 1.0000e-12    237.000          1      21944    1500.26 1.9747e+00  54943.382    914.281 1616380080       0.21      0.402   38.53303  -73.07941 0.0000e+00
    236.077    11.6677    35.5018  1028.1086     1.4462     2.9471     48.452   -0.00076    6.07521    6.07568      8.372    -0.0632   10.99660   4.029443 5.0640e-11    27.0482    27.0424 1.0000e-12    238.000          1      22023    1500.22 1.9747e+00  54943.987    917.593 1616380084       0.06      0.591   38.53302  -73.07944 0.0000e+00
    237.062    11.6620    35.5006  1028.1131     1.4461     2.9464     48.519    0.00005    6.07554    6.07601      8.372    -0.0472   10.99715   4.028896 5.0640e-11    27.0484    27.0425 1.0000e-12    239.000          1      22143    1500.22 1.9747e+00  54943.854    922.587 1616380089       0.02      0.190   38.53302  -73.07948 0.0000e+00
    238.055    11.6573    35.4999  1028.1180     1.4457     2.9465     48.488   -0.00015    6.07617    6.07666      8.372    -0.0488   10.99821   4.028463 5.0640e-11    27.0487    27.0429 1.0000e-12    240.000          1      22243    1500.21 1.9747e+00  54944.384    926.755 1616380093      -0.07      0.368   38.53302  -73.07950 0.0000e+00
    239.046    11.6551    35.4994  1028.1225     1.4456     2.9477     48.504    0.00002    6.07641    6.07689      8.372    -0.0605   10.99861   4.028263 5.0640e-11    27.0488    27.0429 1.0000e-12    241.000          1      22323    1500.22 1.9747e+00  54944.679    930.087 1616380096       0.09      0.337   38.53302  -73.07952 0.0000e+00
    240.041    11.6535    35.4991  1028.1270     1.4454     2.9478     48.480   -0.00015    6.07641    6.07690      8.372    -0.0406   10.99861   4.028128 5.0640e-11    27.0489    27.0430 1.0000e-12    242.000          1      22418    1500.23 1.9747e+00  54945.111    934.028 1616380100       0.22      0.376   38.53302  -73.07956 0.0000e+00
    241.034    11.6488    35.4985  1028.1320     1.4447     2.9454     48.461   -0.00010    6.07750    6.07801      8.372    -0.0516   11.00043   4.027678 5.0640e-11    27.0494    27.0435 1.0000e-12    243.000          1      22524    1500.23 1.9747e+00  54945.821    938.461 1616380104       0.07      0.443   38.53302  -73.07959 0.0000e+00
    242.020    11.6433    35.4977  1028.1369     1.4446     2.9458     48.475    0.00004    6.07814    6.07865      8.371    -0.0527   11.00149   4.027098 5.0640e-11    27.0498    27.0438 1.0000e-12    244.000          1      22639    1500.23 1.9747e+00  54946.238    943.267 1616380109       0.05      0.200   38.53300  -73.07962 0.0000e+00
    243.009    11.6391    35.4971  1028.1417     1.4433     2.9433     48.380   -0.00047    6.08372    6.08430      8.371    -0.0558   11.01074   4.026663 5.0640e-11    27.0501    27.0442 1.0000e-12    245.000          1      22739    1500.23 1.9747e+00  54946.785    947.410 1616380113       0.03      0.282   38.53300  -73.07966 0.0000e+00
    244.003    11.5890    35.4915  1028.1515     1.4409     2.9390     48.271   -0.00047    6.08838    6.08902      8.368    -0.0591   11.01852   4.021173 5.0640e-11    27.0552    27.0492 1.0000e-12    246.000          1      22842    1500.07 1.9747e+00  54948.367    951.716 1616380118       0.02      0.194   38.53300  -73.07968 0.0000e+00
    244.989    11.5635    35.4876  1028.1578     1.4381     2.9298     48.109   -0.00092    6.10650    6.10738      8.368    -0.0597   11.04864   4.018219 5.0640e-11    27.0570    27.0510 1.0000e-12    247.000          1      22943    1499.99 1.9747e+00  54948.143    955.929 1616380122       0.21      0.333   38.53300  -73.07971 0.0000e+00
    245.989    11.4904    35.4793  1028.1699     1.4355     2.9241     47.945   -0.00132    6.10221    6.10303      8.364    -0.0542   11.04154   4.009924 5.0640e-11    27.0642    27.0583 1.0000e-12    248.000          1      22992    1499.75 1.9747e+00  54950.219    957.967 1616380124      -0.00      0.527   38.53298  -73.07972 0.0000e+00
    246.978    11.3972    35.4684  1028.1837     1.4311     2.9183     47.740   -0.00132    6.11496    6.11595      8.364    -0.0540   11.06273   3.999906 5.0640e-11    27.0731    27.0672 1.0000e-12    249.000          1      23131    1499.43 1.9747e+00  54952.349    963.734 1616380130       0.28      0.580   38.53298  -73.07976 0.0000e+00
    247.969    11.3629    35.4640  1028.1913     1.4295     2.9190     47.737   -0.00046    6.11577    6.11677      8.364    -0.0571   11.06409   3.996497 5.0640e-11    27.0761    27.0702 1.0000e-12    250.000          1      23212    1499.32 1.9747e+00  54953.074    967.105 1616380133       0.02      0.302   38.53298  -73.07978 0.0000e+00
    248.958    11.3553    35.4623  1028.1959     1.4283     2.9188     47.742    0.00010    6.11725    6.11826      8.364    -0.0610   11.06656   3.995782 5.0640e-11    27.0762    27.0702 1.0000e-12    251.000          1      23343    1499.31 1.9747e+00  54952.687    972.597 1616380139       0.39      0.359   38.53296  -73.07982 0.0000e+00
    249.952    11.3507    35.4615  1028.2006     1.4283     2.9188     47.712   -0.00010    6.11769    6.11871 -9.990e-29    -0.0488   11.06729   3.995316 5.0640e-11    27.0764    27.0705 1.0000e-12    252.000          1      23392    1499.31 1.9747e+00  54952.992    974.608 1616380141      -0.08      0.490   38.53296  -73.07983 0.0000e+00
    250.938    11.3345    35.4592  1028.2064     1.4273     2.9187     47.689   -0.00001    6.12106    6.12213      8.362    -0.0633   11.07291   3.993592 5.4767e+04    27.0777    27.0717 1.0000e-12    253.000          1      23547    1499.27 8.9319e-01  54953.477    981.074 1616380147       0.17      0.167   38.53296  -73.07988 0.0000e+00
    251.937    11.3215    35.4577  1028.2122     1.4268     2.9173     47.643   -0.00028    6.12338    6.12448      8.362    -0.0430   11.07676   3.992178 1.3848e+03    27.0789    27.0729 1.0000e-12    254.000          1      23609    1499.23 1.9474e+00  54954.294    983.661 1616380150       0.56      0.516   38.53296  -73.07989 0.0000e+00
    252.927    11.3012    35.4551  1028.2185     1.4262     2.9181     47.630   -0.00016    6.12445    6.12556      8.361    -0.0487   11.07854   3.989979 5.0640e-11    27.0807    27.0747 1.0000e-12    255.000          1      23705    1499.18 1.9747e+00  54954.988    987.673 1616380154       0.01      0.432   38.53296  -73.07992 0.0000e+00
    253.925    11.2772    35.4522  1028.2254     1.4259     2.9201     47.641    0.00006    6.12866    6.12983      8.360    -0.0521   11.08555   3.987337 5.0640e-11    27.0829    27.0769 1.0000e-12    256.000          1      23824    1499.11 1.9747e+00  54956.066    992.611 1616380159       0.34      0.820   38.53296  -73.07996 0.0000e+00
    254.907    11.2496    35.4489  1028.2324     1.4249     2.9151     47.578   -0.00019    6.13127    6.13247      8.360    -0.0541   11.08989   3.984522 5.0640e-11    27.0854    27.0794 1.0000e-12    257.000          1      23959    1499.02 1.9747e+00  54957.038    998.255 1616380164      -0.02      0.238   38.53295  -73.07999 0.0000e+00
    255.899    11.2401    35.4474  1028.2376     1.4244     2.9187     47.578   -0.00000    6.13240    6.13362      8.360    -0.0513   11.09177   3.983521 5.0640e-11    27.0860    27.0800 1.0000e-12    258.000          1      24058    1499.01 1.9747e+00  54957.391   1002.374 1616380168       0.00      0.254   38.53294  -73.08001 0.0000e+00
    256.889    11.2332    35.4464  1028.2426     1.4244     2.9159     47.577   -0.00011    6.13276    6.13398 -9.990e-29    -0.0527   11.09237   3.982842 5.0640e-11    27.0866    27.0805 1.0000e-12    259.000          1      24162    1499.00 1.9747e+00  54957.910   1006.713 1616380173       0.25      0.301   38.53294  -73.08005 0.0000e+00
    257.878    11.2321    35.4462  1028.2471     1.4237     2.9156     47.527   -0.00021    6.13298    6.13420 -9.990e-29    -0.0598   11.09273   3.982770 5.0640e-11    27.0866    27.0805 1.0000e-12    260.000          1      24256    1499.01 1.9747e+00  54958.330   1010.626 1616380177      -0.10      0.207   38.53294  -73.08007 0.0000e+00
    258.880    11.2299    35.4458  1028.2517 -9.990e-29     2.9166     47.563    0.00008    6.13382    6.13505 -9.990e-29    -0.0584   11.09413   3.982563 5.0640e-11    27.0867    27.0807 1.0000e-12    261.000          1      24348    1499.02 1.9747e+00  54958.873   1014.440 1616380180       0.34      0.453   38.53294  -73.08010 0.0000e+00
    259.858    11.2175    35.4441  1028.2572     1.4227     2.9147     47.490   -0.00036    6.13742    6.13871      8.357    -0.0566   11.10013   3.981141 5.0640e-11    27.0877    27.0816 1.0000e-12    262.000          1      24476    1498.99 1.9747e+00  54959.420   1019.802 1616380186       0.13      0.282   38.53294  -73.08014 0.0000e+00
    260.865    11.1992    35.4425  1028.2640     1.4226     2.9159     47.514   -0.00000    6.13696    6.13824      8.357    -0.0630   11.09937   3.979315 5.0640e-11    27.0899    27.0838 1.0000e-12    263.000          1      24534    1498.94 1.9747e+00  54961.226   1022.195 1616380188       0.40      0.586   38.53294  -73.08015 0.0000e+00
    261.858    11.1980    35.4420  1028.2683     1.4227     2.9175     47.514   -0.00016    6.13730    6.13859      8.356    -0.0520   11.09993   3.979240 5.0640e-11    27.0897    27.0836 1.0000e-12    264.000          1      24679    1498.95 1.9747e+00  54961.369   1028.235 1616380194       0.42      0.681   38.53294  -73.08019 0.0000e+00
    262.840    11.1974    35.4417  1028.2725     1.4227     2.9174     47.527   -0.00009    6.13792    6.13921 -9.990e-29    -0.0645   11.10096   3.979204 5.0640e-11    27.0896    27.0834 1.0000e-12    265.000          1      24803    1498.97 1.9747e+00  54961.576   1033.415 1616380199      -0.05      0.511   38.53293  -73.08023 0.0000e+00
    263.832    11.1933    35.4412  1028.2774     1.4226     2.9176     47.535   -0.00003    6.13853    6.13983      8.355    -0.0572   11.10198   3.978773 5.0640e-11    27.0900    27.0838 1.0000e-12    266.000          1      24921    1498.97 1.9747e+00  54962.271   1038.351 1616380204       0.13      0.464   38.53293  -73.08026 0.0000e+00
    264.816    11.1754    35.4391  1028.2836     1.4217     2.9174     47.477   -0.00032    6.14612    6.14752      8.356    -0.0610   11.11459   3.976823 5.0640e-11    27.0916    27.0855 1.0000e-12    267.000          1      25057    1498.92 1.9747e+00  54963.306   1043.984 1616380210       0.10      0.271   38.53292  -73.08030 0.0000e+00
    265.815    11.1436    35.4352  1028.2911     1.4214     2.9226     47.480   -0.00014    6.14650    6.14790      8.356    -0.0575   11.11523   3.973262 5.0640e-11    27.0945    27.0883 1.0000e-12    268.000          1      25119    1498.82 1.9747e+00  54964.399   1046.587 1616380213       0.20      0.444   38.53292  -73.08032 0.0000e+00
    266.801    11.0998    35.4305  1028.3002     1.4208     2.9226     47.466   -0.00015    6.15372    6.15522 -9.990e-29    -0.0525   11.12723   3.968591 5.0640e-11    27.0988    27.0927 1.0000e-12    269.000          1      25238    1498.68 1.9747e+00  54966.605   1051.546 1616380218       0.02      0.442   38.53292  -73.08036 0.0000e+00
    267.795    11.0766    35.4278  1028.3069     1.4210     2.9252     47.497    0.00006    6.15602    6.15755      8.354    -0.0576   11.13105   3.966164 5.0640e-11    27.1010    27.0948 1.0000e-12    270.000          1      25304    1498.61 1.9747e+00  54967.828   1054.305 1616380220       0.08      0.361   38.53292  -73.08037 0.0000e+00
    268.779    11.0409    35.4232  1028.3145     1.4197     2.9251     47.413   -0.00043    6.16804    6.16973      8.354    -0.0614   11.15104   3.962216 5.0640e-11    27.1039    27.0978 1.0000e-12    271.000          1      25438    1498.50 1.9747e+00  54968.722   1059.861 1616380226       0.17      0.141   38.53292  -73.08041 0.0000e+00
    269.779    10.9814    35.4175  1028.3257     1.4195     2.9278     47.433   -0.00011    6.16895    6.17065 -9.990e-29    -0.0475   11.15254   3.955908 5.0640e-11    27.1103    27.1042 1.0000e-12    272.000          1      25476    1498.30 1.9747e+00  54972.702   1061.456 1616380227       0.17      0.597   38.53292  -73.08042 0.0000e+00
    270.761    10.9544    35.4140  1028.3325     1.4199     2.9295     47.487    0.00019    6.17075    6.17248      8.352    -0.0594   11.15555   3.953194 5.0640e-11    27.1126    27.1064 1.0000e-12    273.000          1      25599    1498.22 1.9747e+00  54973.554   1066.582 1616380233      -0.06      0.165   38.53291  -73.08045 0.0000e+00
    271.754    10.9538    35.4134  1028.3367     1.4199     2.9302     47.474    0.00001    6.17062    6.17235      8.352    -0.0523   11.15534   3.953155 5.0640e-11    27.1122    27.1060 1.0000e-12    274.000          1      25664    1498.23 1.9747e+00  54973.407   1069.305 1616380235       0.43      0.540   38.53290  -73.08048 0.0000e+00
    272.759    10.9518    35.4131  1028.3413     1.4203     2.9302     47.503    0.00005    6.17076    6.17248      8.352    -0.0643   11.15557   3.953028 5.0640e-11    27.1123    27.1061 1.0000e-12    275.000          1      25738    1498.24 1.9747e+00  54973.937   1072.368 1616380238       0.19      0.625   38.53290  -73.08049 0.0000e+00
    273.736    10.9510    35.4126  1028.3455     1.4198     2.9285     47.465   -0.00024    6.17126    6.17299      8.352    -0.0578   11.15641   3.952983 5.0640e-11    27.1121    27.1059 1.0000e-12    276.000          1      25861    1498.25 1.9747e+00  54974.037   1077.520 1616380243       0.03      0.251   38.53290  -73.08053 0.0000e+00
    274.731    10.9486    35.4123  1028.3502     1.4194     2.9312     47.453   -0.00016    6.17182    6.17356      8.352    -0.0406   11.15733   3.952767 5.0640e-11    27.1123    27.1061 1.0000e-12    277.000          1      25921    1498.26 1.9747e+00  54974.675   1080.020 1616380246       0.18      0.417   38.53290  -73.08054 0.0000e+00
    275.724    10.9416    35.4113  1028.3552     1.4196     2.9320     47.500    0.00017    6.17326    6.17503      8.352    -0.0595   11.15974   3.952045 4.8700e+04    27.1129    27.1066 1.0000e-12    278.000          1      26034    1498.25 1.0130e+00  54975.329   1084.729 1616380251       0.00      0.338   38.53290  -73.08057 0.0000e+00
    276.708    10.9300    35.4098  1028.3607     1.4194     2.9311     47.477   -0.00013    6.17625    6.17805 -9.990e-29    -0.0522   11.16469   3.950765 -5.026e+03    27.1139    27.1076 1.0000e-12    279.000          1      26146    1498.22 2.0739e+00  54976.108   1089.369 1616380255      -0.00      0.276   38.53290  -73.08060 0.0000e+00
    277.712    10.9144    35.4086  1028.3671     1.4194     2.9355     47.475   -0.00003    6.17571    6.17751 -9.990e-29    -0.0524   11.16381   3.949199 5.0640e-11    27.1157    27.1094 1.0000e-12    280.000          1      26183    1498.18 1.9747e+00  54977.927   1090.903 1616380257       0.29      0.594   38.53290  -73.08062 0.0000e+00
