CalculateIndicators/WaterTemperature/Data/CTD_NYOS/20210322_C09.cnv
* Sea-Bird SBE 9 Data File:
* FileName = C:\Seabird 9 CTD\Data\2021\202103_offshore\20210322_C09.hex
* Software Version Seasave V 7.23.2
* Temperature SN = 4590
* Conductivity SN = 3228
* Number of Bytes Per Scan = 44
* Number of Voltage Words = 5
* Number of Scans Averaged by the Deck Unit = 1
* NMEA Latitude = 38 47.17 N
* NMEA Longitude = 072 49.10 W
* NMEA UTC (Time) = Mar 22 2021  06:55:05
* NMEA baud rate = 4800
** Ship: RV Seawolf
** Station: 6.6
** Operator: TDK
# nquan = 31
# nvalues = 604                         
# units = specified
# name 0 = depSM: Depth [salt water, m]
# name 1 = t090C: Temperature [ITS-90, deg C]
# name 2 = sal00: Salinity, Practical [PSU]
# name 3 = density00: Density [density, kg/m^3]
# name 4 = sbeox0V: Oxygen raw, SBE 43 [V]
# name 5 = sbeox0ML/L: Oxygen, SBE 43 [ml/l]
# name 6 = sbeox0PS: Oxygen, SBE 43 [% saturation]
# name 7 = sbox0dV/dT: Oxygen, SBE 43 [dov/dt]
# name 8 = oxsolML/L: Oxygen Saturation, Garcia & Gordon [ml/l]
# name 9 = oxsatML/L: Oxygen Saturation, Weiss [ml/l]
# name 10 = ph: pH
# name 11 = flECO-AFL: Fluorescence, WET Labs ECO-AFL/FL [mg/m^3]
# name 12 = n2satML/L: Nitrogen Saturation [ml/l]
# name 13 = c0S/m: Conductivity [S/m]
# name 14 = cpar: CPAR/Corrected Irradiance [%]
# name 15 = sigma-é00: Density [sigma-theta, kg/m^3]
# name 16 = sigma-t00: Density [sigma-t, kg/m^3 ]
# name 17 = par: PAR/Irradiance, Biospherical/Licor
# name 18 = prDM: Pressure, Digiquartz [db]
# name 19 = pumps: Pump Status
# name 20 = scan: Scan Count
# name 21 = svCM: Sound Velocity [Chen-Millero, m/s]
# name 22 = spar: SPAR, Biospherical/Licor
# name 23 = specc: Specific Conductance [uS/cm]
# name 24 = timeS: Time, Elapsed [seconds]
# name 25 = timeY: Time, System [seconds]
# name 26 = accM: Acceleration [m/s^2]
# name 27 = dz/dtM: Descent Rate [m/s]
# name 28 = latitude: Latitude [deg]
# name 29 = longitude: Longitude [deg]
# name 30 = flag: flag
# span 0 =      1.948,    301.504       
# span 1 =    10.1439,    14.1642       
# span 2 =    34.4266,    35.8326       
# span 3 =  1026.4943,  1028.5011       
# span 4 =     1.4253,     2.5340       
# span 5 =     2.9604,     6.3080       
# span 6 =     47.916,    100.647       
# span 7 =   -0.07019,    0.05083       
# span 8 =    5.75870,    6.31861       
# span 9 =    5.75531,    6.32155       
# span 10 =      8.334,      8.572      
# span 11 =    -0.0783,     1.0595      
# span 12 =   10.46931,   11.41138      
# span 13 =   3.766668,   4.306741      
# span 14 = -6.692e+03, 6.4421e+04      
# span 15 =    26.4795,    27.1410      
# span 16 =    26.4793,    27.1344      
# span 17 = 1.0000e-12, 1.0000e-12      
# span 18 =      2.000,    304.000      
# span 19 =          1,          1      
# span 20 =         49,      77212      
# span 21 =    1489.72,    1508.30      
# span 22 = 7.0257e-01, 2.1069e+00      
# span 23 =  53585.793,  55005.667      
# span 24 =      2.006,   3217.117      
# span 25 = 1616396108, 1616399323      
# span 26 =      -0.86,       0.87      
# span 27 =     -1.188,      1.588      
# span 28 =   38.77833,   38.78629      
# span 29 =  -72.83273,  -72.81845      
# span 30 = 0.0000e+00, 0.0000e+00      
# interval = decibars: 1                
# start_time = Mar 22 2021 06:55:06 [System UTC, first data scan.]
# bad_flag = -9.990e-29
*END*
[from data line 234]
    234.091    13.8875    35.7715  1027.8553     2.2168     5.0380     86.971   -0.00022    5.79301    5.78999      8.525     0.0598   10.52676   4.275765 5.0640e-11    26.8146    26.8074 1.0000e-12    236.000          1      27115    1507.92 1.9747e+00  54971.324   1129.744 1616397236       0.08      0.458   38.78330  -72.82363 0.0000e+00
    235.078    13.8882    35.7717  1027.8597     2.2163     5.0399     86.969   -0.00010    5.79287    5.78986      8.525     0.0645   10.52653   4.275910 5.0640e-11    26.8147    26.8074 1.0000e-12    237.000          1      27254    1507.94 1.9747e+00  54972.171   1135.548 1616397241       0.05      0.456   38.78330  -72.82366 0.0000e+00
    236.069    13.8891    35.7720  1027.8642     2.2157     5.0369     86.950   -0.00014    5.79286    5.78985      8.524     0.0592   10.52651   4.276070 5.0640e-11    26.8147    26.8074 1.0000e-12    238.000          1      27373    1507.96 1.9747e+00  54972.996   1140.490 1616397246       0.04      0.315   38.78328  -72.82368 0.0000e+00
    237.056    13.8892    35.7720  1027.8686     2.2152     5.0401     86.951    0.00010    5.79282    5.78981      8.524 -9.990e-29   10.52645   4.276132 5.0640e-11    26.8147    26.8074 1.0000e-12    239.000          1      27478    1507.98 1.9747e+00  54973.574   1144.884 1616397251       0.19      0.316   38.78328  -72.82370 0.0000e+00
    238.051    13.8897    35.7721  1027.8730     2.2152     5.0357     86.983    0.00032    5.79280    5.78978      8.523     0.0653   10.52640   4.276236 5.0640e-11    26.8148    26.8074 1.0000e-12    240.000          1      27607    1508.00 1.9747e+00  54974.283   1150.231 1616397256       0.06      0.345   38.78326  -72.82373 0.0000e+00
    239.040    13.8899    35.7721  1027.8774     2.2152     5.0382     86.970    0.00004    5.79282    5.78981      8.524     0.0639   10.52644   4.276294 5.0640e-11    26.8148    26.8074 1.0000e-12    241.000          1      27710    1508.02 1.9747e+00  54974.818   1154.556 1616397260      -0.04      0.223   38.78326  -72.82375 0.0000e+00
    240.034    13.8896    35.7723  1027.8820     2.2147     5.0341     86.937   -0.00012    5.79285    5.78984      8.523     0.0569   10.52649   4.276326 5.0640e-11    26.8149    26.8076 1.0000e-12    242.000          1      27822    1508.03 1.9747e+00  54975.636   1159.226 1616397265       0.25      0.326   38.78325  -72.82376 0.0000e+00
    241.030    13.8890    35.7721  1027.8865     2.2134     5.0337     86.895   -0.00008    5.79278    5.78977      8.523     0.0720   10.52637   4.276297 5.0640e-11    26.8150    26.8076 1.0000e-12    243.000          1      27930    1508.04 1.9747e+00  54976.087   1163.712 1616397269       0.37      0.633   38.78324  -72.82379 0.0000e+00
    242.018    13.8896    35.7721  1027.8907     2.2139     5.0376     86.945    0.00021    5.79280    5.78978      8.523     0.0535   10.52640   4.276407 5.0640e-11    26.8149    26.8074 1.0000e-12    244.000          1      28038    1508.06 1.9747e+00  54976.590   1168.200 1616397274      -0.10      0.428   38.78323  -72.82381 0.0000e+00
    243.005    13.8896    35.7721  1027.8952     2.2136     5.0315     86.909   -0.00033    5.79283    5.78981      8.523     0.0657   10.52645   4.276449 5.0640e-11    26.8149    26.8074 1.0000e-12    245.000          1      28168    1508.08 1.9747e+00  54977.158   1173.642 1616397279      -0.00      0.306   38.78322  -72.82383 0.0000e+00
    243.998    13.8896    35.7722  1027.8996     2.2127     5.0349     86.876   -0.00015    5.79285    5.78984      8.524     0.0563   10.52650   4.276494 5.0640e-11    26.8150    26.8075 1.0000e-12    246.000          1      28260    1508.10 1.9747e+00  54977.832   1177.459 1616397283       0.15      0.283   38.78320  -72.82385 0.0000e+00
    244.990    13.8892    35.7721  1027.9040     2.2123     5.0333     86.869   -0.00019    5.79308    5.79007 -9.990e-29 -9.990e-29   10.52688   4.276491 5.0640e-11    26.8150    26.8075 1.0000e-12    247.000          1      28401    1508.11 1.9747e+00  54978.266   1183.345 1616397289       0.08      0.261   38.78320  -72.82388 0.0000e+00
    245.981    13.8875    35.7718  1027.9086     2.2115     5.0300     86.841   -0.00021    5.79367    5.79066 -9.990e-29     0.0558   10.52785   4.276319 5.0640e-11    26.8152    26.8076 1.0000e-12    248.000          1      28507    1508.12 1.9747e+00  54978.698   1187.770 1616397294       0.24      0.353   38.78318  -72.82390 0.0000e+00
    246.971    13.8823    35.7709  1027.9135     2.2079     5.0150     86.595   -0.00121    5.79396    5.79096      8.522     0.0505   10.52835   4.275753 5.0640e-11    26.8156    26.8080 1.0000e-12    249.000          1      28617    1508.13 1.9747e+00  54978.730   1192.347 1616397298       0.07      0.219   38.78318  -72.82392 0.0000e+00
    247.964    13.8808    35.7710  1027.9183     2.2048     5.0119     86.407   -0.00175    5.79454    5.79155      8.522     0.0487   10.52932   4.275647 5.0640e-11    26.8161    26.8084 1.0000e-12    250.000          1      28723    1508.13 1.9747e+00  54979.682   1196.761 1616397303       0.18      0.609   38.78316  -72.82394 0.0000e+00
    248.952    13.8719    35.7690  1027.9231     2.1965     4.9376     85.911   -0.00301    5.80033    5.79740      8.518     0.0501   10.53895   4.274525 5.0640e-11    26.8164    26.8087 1.0000e-12    251.000          1      28851    1508.12 1.9747e+00  54978.683   1202.069 1616397308       0.01      0.300   38.78316  -72.82395 0.0000e+00
    249.951    13.7858    35.7549  1027.9352     2.1525     4.7809     82.800   -0.01513    5.81883    5.81611      8.510     0.0339   10.56987   4.264064 4.0366e+03    26.8236    26.8160 1.0000e-12    252.000          1      28970    1507.84 1.8950e+00  54971.870   1207.040 1616397313       0.18      0.406   38.78315  -72.82398 0.0000e+00
    250.927    13.6057    35.7241  1027.9540     2.0086     3.9410     72.978   -0.04890    5.87057    5.86847      8.473     0.0009   10.65602   4.241509 6.4421e+04    26.8372    26.8297 1.0000e-12    253.000          1      29101    1507.23 7.0257e-01  54955.214   1212.500 1616397318       0.30      0.184   38.78314  -72.82400 0.0000e+00
    251.937    13.2185    35.6691  1027.9976     1.8898     3.8361     65.330   -0.07019    5.86802    5.86590      8.469    -0.0057   10.65183   4.196196 -4.787e+03    26.8743    26.8670 1.0000e-12    254.000          1      29175    1505.91 2.0692e+00  54935.406   1215.591 1616397321       0.27      0.666   38.78313  -72.82401 0.0000e+00
    252.927    13.0594    35.6595  1028.0277     1.7951     3.6697     62.008   -0.05148    5.89535    5.89355      8.448    -0.0223   10.69733   4.181203 5.0640e-11    26.8992    26.8920 1.0000e-12    255.000          1      29289    1505.39 1.9747e+00  54946.760   1220.335 1616397326      -0.04      0.709   38.78312  -72.82404 0.0000e+00
    253.910    13.0100    35.6546  1028.0386     1.7226     3.6877     62.444    0.00012    5.90119    5.89946      8.435    -0.0470   10.70706   4.176851 5.0640e-11    26.9054    26.8982 1.0000e-12    256.000          1      29455    1505.24 1.9747e+00  54947.954   1227.258 1616397333       0.20      0.355   38.78311  -72.82407 0.0000e+00
    254.907    12.9965    35.6557  1028.0467     1.7212     3.6720     62.184   -0.00231    5.90356    5.90186      8.435    -0.0279   10.71098   4.175925 5.0640e-11    26.9091    26.9019 1.0000e-12    257.000          1      29526    1505.21 1.9747e+00  54952.141   1230.195 1616397336      -0.06      0.641   38.78309  -72.82408 0.0000e+00
    255.895    13.0001    35.6575  1028.0518     1.7200     3.6818     62.381    0.00081    5.90393    5.90224      8.435    -0.0262   10.71157   4.176812 5.0640e-11    26.9097    26.9025 1.0000e-12    258.000          1      29695    1505.24 1.9747e+00  54954.602   1237.254 1616397343       0.11      0.432   38.78306  -72.82412 0.0000e+00
    256.886    12.9838    35.6565  1028.0588     1.7153     3.6456     61.865   -0.00279    5.90478    5.90310      8.433    -0.0297   10.71297   4.175007 5.0640e-11    26.9123    26.9050 1.0000e-12    259.000          1      29810    1505.20 1.9747e+00  54956.356   1242.045 1616397348       0.29      0.331   38.78306  -72.82412 0.0000e+00
    257.878    12.9526    35.6538  1028.0676     1.7043     3.6097     61.141   -0.00514    5.90925    5.90763      8.431    -0.0297   10.72039   4.171768 5.0640e-11    26.9165    26.9092 1.0000e-12    260.000          1      29934    1505.11 1.9747e+00  54957.929   1247.208 1616397353       0.15      0.757   38.78304  -72.82416 0.0000e+00
    258.868    12.9370    35.6534  1028.0749     1.6947     3.5857     60.751   -0.00409    5.91215    5.91057 -9.990e-29    -0.0313   10.72523   4.170152 5.0640e-11    26.9193    26.9120 1.0000e-12    261.000          1      30045    1505.07 1.9747e+00  54960.207   1251.822 1616397358      -0.01      0.516   38.78303  -72.82417 0.0000e+00
    259.857    12.9024    35.6495  1028.0835     1.6822     3.5400     59.945   -0.00636    5.91578    5.91423 -9.990e-29    -0.0265   10.73126   4.166333 5.0640e-11    26.9233    26.9160 1.0000e-12    262.000          1      30168    1504.97 1.9747e+00  54960.793   1256.942 1616397363       0.25      0.706   38.78302  -72.82418 0.0000e+00
    260.859    12.8859    35.6486  1028.0906     1.6753     3.5393     59.768   -0.00426    5.91609    5.91455 -9.990e-29    -0.0313   10.73177   4.164802 5.0640e-11    26.9259    26.9186 1.0000e-12    263.000          1      30245    1504.93 1.9747e+00  54962.601   1260.168 1616397366       0.04      0.756   38.78301  -72.82419 0.0000e+00
    261.846    12.8750    35.6477  1028.0966     1.6648     3.4879     59.280   -0.00400    5.92446    5.92303      8.409    -0.0304   10.74568   4.163681 5.0640e-11    26.9274    26.9201 1.0000e-12    264.000          1      30401    1504.91 1.9747e+00  54963.679   1266.673 1616397373      -0.01      0.685   38.78298  -72.82422 0.0000e+00
    262.832    12.8078    35.6376  1028.1070     1.6315     3.2491     56.596   -0.01669    5.94309    5.94188      8.410    -0.0428   10.77669   4.154900 5.0640e-11    26.9331    26.9258 1.0000e-12    265.000          1      30567    1504.69 1.9747e+00  54960.600   1273.569 1616397379       0.41      0.705   38.78296  -72.82425 0.0000e+00
    263.832    12.5812    35.6109  1028.1370     1.5871     3.1927     53.685   -0.02502    5.96021    5.95922      8.405    -0.0411   10.80520   4.128994 5.0640e-11    26.9573    26.9502 1.0000e-12    266.000          1      30645    1503.92 1.9747e+00  54959.624   1276.817 1616397383       0.09      0.704   38.78295  -72.82427 0.0000e+00
    264.812    12.2544    35.5810  1028.1841     1.4993     2.9763     49.575   -0.02124    6.01258    6.01225      8.380    -0.0631   10.89231   4.094617 5.0640e-11    26.9982    26.9913 1.0000e-12    267.000          1      30826    1502.80 1.9747e+00  54971.923   1284.392 1616397390       0.07      0.312   38.78294  -72.82429 0.0000e+00
    265.805    12.1523    35.5655  1028.1968     1.4768     3.0071     49.946   -0.00308    6.01287    6.01254      8.379    -0.0590   10.89282   4.083901 5.0640e-11    27.0060    26.9991 1.0000e-12    268.000          1      30939    1502.45 1.9747e+00  54967.779   1289.090 1616397395       0.12      0.183   38.78293  -72.82432 0.0000e+00
    266.792    12.1166    35.5593  1028.2035     1.4719     3.0037     49.942   -0.00025    6.01828    6.01803      8.379    -0.0647   10.90184   4.080084 5.0640e-11    27.0081    27.0012 1.0000e-12    269.000          1      31069    1502.33 1.9747e+00  54965.776   1294.513 1616397400       0.10      0.241   38.78292  -72.82433 0.0000e+00
    267.788    12.0772    35.5544  1028.2120     1.4697     3.0027     49.812   -0.00069    6.02824    6.02811      8.376    -0.0512   10.91842   4.075842 5.0640e-11    27.0119    27.0050 1.0000e-12    270.000          1      31183    1502.21 1.9747e+00  54966.198   1299.254 1616397405       0.15      0.245   38.78290  -72.82435 0.0000e+00
    268.776    11.9958    35.5447  1028.2250     1.4675     2.9976     49.720   -0.00050    6.03237    6.03229      8.375    -0.0628   10.92529   4.066734 5.0640e-11    27.0200    27.0131 1.0000e-12    271.000          1      31266    1501.94 1.9747e+00  54967.067   1302.704 1616397409       0.42      0.433   38.78290  -72.82437 0.0000e+00
    269.775    11.9735    35.5417  1028.2316     1.4665     2.9984     49.676   -0.00054    6.03511    6.03507      8.375    -0.0554   10.92985   4.064671 5.0640e-11    27.0220    27.0151 1.0000e-12    272.000          1      31372    1501.88 1.9747e+00  54967.314   1307.135 1616397413      -0.09      0.736   38.78289  -72.82439 0.0000e+00
    270.764    11.9597    35.5392  1028.2368     1.4653     2.9967     49.630   -0.00043    6.03621    6.03618      8.375    -0.0584   10.93170   4.063156 5.0640e-11    27.0227    27.0158 1.0000e-12    273.000          1      31460    1501.84 1.9747e+00  54966.825   1310.774 1616397417      -0.06      0.533   38.78288  -72.82440 0.0000e+00
    271.751    11.9249    35.5336  1028.2438     1.4624     2.9857     49.415   -0.00151    6.05076    6.05091      8.371    -0.0650   10.95588   4.059021 5.0640e-11    27.0250    27.0182 1.0000e-12    274.000          1      31622    1501.73 1.9747e+00  54965.591   1317.530 1616397423       0.44      0.781   38.78286  -72.82444 0.0000e+00
    272.752    11.8638    35.5266  1028.2548     1.4611     2.9890     49.369   -0.00126    6.04908    6.04922      8.368    -0.0641   10.95311   4.052321 5.0640e-11    27.0313    27.0244 1.0000e-12    275.000          1      31655    1501.53 1.9747e+00  54966.979   1318.934 1616397425      -0.09      0.917   38.78286  -72.82444 0.0000e+00
    273.732    11.7900    35.5168  1028.2660     1.4561     2.9808     49.086   -0.00183    6.06659    6.06695      8.368    -0.0647   10.98225   4.043853 5.0640e-11    27.0376    27.0308 1.0000e-12    276.000          1      31820    1501.28 1.9747e+00  54966.689   1325.797 1616397432       0.42      0.659   38.78284  -72.82448 0.0000e+00
    274.732    11.6859    35.5057  1028.2823     1.4552     2.9921     49.145   -0.00070    6.07133    6.07175      8.367    -0.0566   10.99012   4.032498 5.0640e-11    27.0488    27.0420 1.0000e-12    277.000          1      31891    1500.93 1.9747e+00  54970.072   1328.761 1616397435       0.00      0.750   38.78283  -72.82449 0.0000e+00
    275.718    11.5956    35.4979  1028.2981     1.4563     3.0106     49.406    0.00146    6.08489    6.08550      8.367    -0.0476   11.01266   4.023454 5.0640e-11    27.0597    27.0530 1.0000e-12    278.000          1      32006    1500.63 1.9747e+00  54975.753   1333.556 1616397439       0.08      0.582   38.78282  -72.82450 0.0000e+00
    276.711    11.5821    35.4949  1028.3029     1.4587     3.0113     49.445    0.00043    6.08654    6.08716      8.367    -0.0437   11.01542   4.022183 5.0640e-11    27.0600    27.0532 1.0000e-12    279.000          1      32133    1500.59 1.9747e+00  54974.606   1338.822 1616397445       0.04      0.488   38.78281  -72.82453 0.0000e+00
    277.695    11.5731    35.4933  1028.3078     1.4596     3.0118     49.480    0.00020    6.08775    6.08839      8.366    -0.0614   11.01744   4.021304 5.0640e-11    27.0604    27.0536 1.0000e-12    280.000          1      32231    1500.58 1.9747e+00  54974.558   1342.903 1616397449       0.00      0.341   38.78280  -72.82454 0.0000e+00
    278.691    11.5617    35.4917  1028.3133     1.4593     3.0091     49.443   -0.00014    6.09173    6.09242      8.366    -0.0676   11.02405   4.020081 5.0640e-11    27.0613    27.0546 1.0000e-12    281.000          1      32350    1500.55 1.9747e+00  54975.020   1347.889 1616397454       0.18      0.428   38.78278  -72.82457 0.0000e+00
