CalculateIndicators/WaterTemperature/Data/CTD_NYOS/20210521_C04.cnv
* Sea-Bird SBE 9 Data File:
* FileName = C:\Seabird 9 CTD\Data\2021\202105_offshore\20210521_C04.hex
* Software Version Seasave V 7.23.2
* Temperature SN = 4590
* Conductivity SN = 3228
* Number of Bytes Per Scan = 44
* Number of Voltage Words = 5
* Number of Scans Averaged by the Deck Unit = 1
* NMEA Latitude = 39 19.48 N
* NMEA Longitude = 073 21.79 W
* NMEA UTC (Time) = May 21 2021  15:06:55
* NMEA baud rate = 4800
** Ship: seawolf
** Station: 7.4
** Operator: SJW
# nquan = 31
# nvalues = 174                         
# units = specified
# name 0 = depSM: Depth [salt water, m]
# name 1 = t090C: Temperature [ITS-90, deg C]
# name 2 = sal00: Salinity, Practical [PSU]
# name 3 = density00: Density [density, kg/m^3]
# name 4 = sbeox0V: Oxygen raw, SBE 43 [V]
# name 5 = sbeox0ML/L: Oxygen, SBE 43 [ml/l]
# name 6 = sbeox0PS: Oxygen, SBE 43 [% saturation]
# name 7 = sbox0dV/dT: Oxygen, SBE 43 [dov/dt]
# name 8 = oxsolML/L: Oxygen Saturation, Garcia & Gordon [ml/l]
# name 9 = oxsatML/L: Oxygen Saturation, Weiss [ml/l]
# name 10 = ph: pH
# name 11 = flECO-AFL: Fluorescence, WET Labs ECO-AFL/FL [mg/m^3]
# name 12 = n2satML/L: Nitrogen Saturation [ml/l]
# name 13 = c0S/m: Conductivity [S/m]
# name 14 = cpar: CPAR/Corrected Irradiance [%]
# name 15 = sigma-é00: Density [sigma-theta, kg/m^3]
# name 16 = sigma-t00: Density [sigma-t, kg/m^3 ]
# name 17 = par: PAR/Irradiance, Biospherical/Licor
# name 18 = prDM: Pressure, Digiquartz [db]
# name 19 = pumps: Pump Status
# name 20 = scan: Scan Count
# name 21 = svCM: Sound Velocity [Chen-Millero, m/s]
# name 22 = spar: SPAR, Biospherical/Licor
# name 23 = specc: Specific Conductance [uS/cm]
# name 24 = timeS: Time, Elapsed [seconds]
# name 25 = timeY: Time, System [seconds]
# name 26 = accM: Acceleration [m/s^2]
# name 27 = dz/dtM: Descent Rate [m/s]
# name 28 = latitude: Latitude [deg]
# name 29 = longitude: Longitude [deg]
# name 30 = flag: flag
# span 0 =      1.971,     45.164       
# span 1 =     8.5681,    14.3953       
# span 2 =    32.3493,    33.3166       
# span 3 =  1024.0974,  1026.0360       
# span 4 =     1.9093,     2.6511       
# span 5 =     3.9938,     6.5695       
# span 6 =     68.038,    106.150       
# span 7 =   -0.02611,    0.07845       
# span 8 =    5.84682,    6.57863       
# span 9 =    5.84240,    6.58411       
# span 10 =      7.936,      8.062      
# span 11 =    -0.0317,     1.6962      
# span 12 =   10.65099,   11.85563      
# span 13 =   3.512113,   3.969256      
# span 14 = 2.5578e-01, 6.0926e+01      
# span 15 =    24.0863,    25.8290      
# span 16 =    24.0863,    25.8283      
# span 17 = 5.7911e+00, 1.3469e+03      
# span 18 =      2.000,     45.500      
# span 19 =          1,          1      
# span 20 =         72,      15191      
# span 21 =    1483.21,    1501.94      
# span 22 = 1.4901e+03, 2.2985e+03      
# span 23 =  50070.030,  52312.159      
# span 24 =      2.960,    632.906      
# span 25 = 1621609619, 1621610248      
# span 26 =      -0.61,       0.58      
# span 27 =     -0.744,      0.922      
# span 28 =   39.32469,   39.32606      
# span 29 =  -73.36466,  -73.36319      
# span 30 = 0.0000e+00, 0.0000e+00      
# interval = decibars: 0.5              
# start_time = May 21 2021 15:06:56 [System UTC, first data scan.]
# bad_flag = -9.990e-29
*END*
[from data line 94]
     41.173     8.7451    33.1768  1025.9195     2.2245     5.6705     86.346    0.00234    6.56724    6.57251      7.943     1.0536   11.83726   3.519417 4.4773e-01    25.7309    25.7302 1.0179e+01     41.500          1       6678    1483.69 2.2733e+03  52141.905    278.224 1621609894       0.16     -0.611   39.32516  -73.36396 0.0000e+00
     40.685     8.7550    33.1741  1025.9136     2.2312     5.6825     86.552    0.00116    6.56542    6.57066      7.943     1.3813   11.83429   3.519974 4.7592e-01    25.7272    25.7266 1.0816e+01     41.000          1       6803    1483.72 2.2727e+03  52135.615    283.409 1621609899      -0.32     -0.259   39.32516  -73.36398 0.0000e+00
     40.187     8.7604    33.1730  1025.9096     2.2320     5.6827     86.569    0.00095    6.56429    6.56951      7.943     1.4287   11.83246   3.520331 5.1112e-01    25.7256    25.7249 1.1598e+01     40.500          1       6831    1483.73 2.2693e+03  52132.526    284.574 1621609900       0.01     -0.433   39.32516  -73.36399 0.0000e+00
     39.697     8.7610    33.1727  1025.9070     2.2330     5.6832     86.587    0.00066    6.56360    6.56880 -9.990e-29     1.5478   11.83134   3.520352 5.4479e-01    25.7252    25.7246 1.2371e+01     40.000          1       6863    1483.72 2.2708e+03  52131.672    285.925 1621609901       0.01     -0.351   39.32516  -73.36400 0.0000e+00
     39.193     8.7666    33.1706  1025.9022     2.2344     5.6910     86.704    0.00116    6.56375    6.56896 -9.990e-29     1.5925   11.83158   3.520615 6.0340e-01    25.7227    25.7221 1.3729e+01     39.500          1       6885    1483.73 2.2752e+03  52127.286    286.830 1621609902      -0.18     -0.454   39.32516  -73.36400 0.0000e+00
     38.694     8.7790    33.1654  1025.8939     2.2379     5.7044     86.921    0.00173    6.56276    6.56795      7.948     1.4406   11.82999   3.521259 6.4551e-01    25.7167    25.7161 1.4678e+01     39.000          1       6936    1483.77 2.2738e+03  52116.730    288.974 1621609904      -0.09     -0.422   39.32517  -73.36400 0.0000e+00
     38.196     8.8014    33.1531  1025.8785     2.2451     5.7353     87.396    0.00311    6.56244    6.56762      7.948     1.1079   11.82949   3.522092 6.8148e-01    25.7036    25.7030 1.5495e+01     38.500          1       7012    1483.83 2.2738e+03  52094.052    292.132 1621609908      -0.21     -0.450   39.32518  -73.36400 0.0000e+00
     37.715     8.8044    33.1505  1025.8738     2.2490     5.7272     87.353    0.00079    6.55639    6.56146      7.952     0.9597   11.81982   3.522077 7.2960e-01    25.7011    25.7005 1.6555e+01     38.000          1       7095    1483.83 2.2689e+03  52089.588    295.577 1621609911      -0.15     -0.112   39.32518  -73.36402 0.0000e+00
     37.212     8.8163    33.1431  1025.8638     2.2532     5.7568     87.797    0.00340    6.55693    6.56202      7.952     0.9424   11.82068   3.522401 7.5759e-01    25.6935    25.6929 1.7241e+01     37.500          1       7120    1483.85 2.2758e+03  52076.180    296.605 1621609912      -0.36     -0.395   39.32518  -73.36403 0.0000e+00
     36.709     8.8328    33.1356  1025.8531     2.2572     5.7771     88.102    0.00461    6.55727    6.56236      7.952     0.9647   11.82122   3.523165 9.3025e-01    25.6851    25.6845 1.9036e+01     37.000          1       7141    1483.90 2.0816e+03  52061.569    297.479 1621609913      -0.08     -0.579   39.32518  -73.36403 0.0000e+00
     36.223     8.8476    33.1301  1025.8443     2.2682     5.7896     88.391    0.00206    6.54995    6.55491      7.953     0.8553   11.80936   3.523822 8.7805e-01    25.6784    25.6779 2.0250e+01     36.500          1       7265    1483.94 2.2985e+03  52050.233    302.680 1621609918      -0.00     -0.112   39.32518  -73.36405 0.0000e+00
     35.729     8.8481    33.1299  1025.8418     2.2736     5.8017     88.631    0.00194    6.54582    6.55072      7.957     0.8634   11.80262   3.523927 9.2614e-01    25.6782    25.6776 2.1104e+01     36.000          1       7323    1483.93 2.2787e+03  52049.578    305.078 1621609921      -0.38     -0.294   39.32518  -73.36406 0.0000e+00
     35.228     8.8757    33.1207  1025.8280     2.2770     5.8203     88.914    0.00322    6.54606    6.55096      7.957     0.8862   11.80299   3.525641 9.6767e-01    25.6667    25.6661 2.2022e+01     35.500          1       7338    1484.01 2.2758e+03  52030.296    305.701 1621609921      -0.32     -0.551   39.32518  -73.36406 0.0000e+00
     34.726     8.8977    33.1132  1025.8163     2.2806     5.8424     89.224    0.00461    6.54800    6.55293      7.957     0.9197   11.80613   3.526879 1.5198e+00    25.6574    25.6568 2.3337e+01     35.000          1       7354    1484.08 1.6400e+03  52014.553    306.369 1621609922      -0.14     -0.706   39.32518  -73.36406 0.0000e+00
     34.225     8.9128    33.1078  1025.8075     2.2897     5.8587     89.493    0.00262    6.54654    6.55145      7.958     0.8905   11.80383   3.527460 1.4085e+00    25.6508    25.6503 2.6069e+01     34.500          1       8049    1484.12 1.9566e+03  52003.290    335.333 1621609951       0.07     -0.500   39.32524  -73.36411 0.0000e+00
     33.737     8.9231    33.0780  1025.7802     2.3095     5.9463     90.852    0.00719    6.54507    6.54988      7.969     0.8134   11.80221   3.525258 1.2132e+00    25.6258    25.6253 2.7187e+01     34.000          1       8695    1484.11 2.2452e+03  51958.590    362.246 1621609978       0.11     -0.517   39.32530  -73.36416 0.0000e+00
     33.244     8.9395    33.0443  1025.7491     2.3260     6.0312     92.151    0.01261    6.54488    6.54969      7.971     0.7655   11.80195   3.523659 1.5943e+00    25.5969    25.5964 2.9309e+01     33.500          1       8741    1484.12 1.9482e+03  51907.211    364.182 1621609980      -0.00     -0.360   39.32532  -73.36416 0.0000e+00
     32.745     8.9435    33.0384  1025.7416     2.3392     6.0437     92.392    0.00822    6.54134    6.54606      7.975     0.7114   11.79657   3.523440 1.6967e+00    25.5917    25.5912 3.1720e+01     33.000          1       8787    1484.12 1.9210e+03  51897.798    366.103 1621609982       0.02     -0.264   39.32532  -73.36416 0.0000e+00
     32.255     8.9674    33.0102  1025.7134     2.3586     6.1078     93.423    0.00922    6.53784    6.54247      7.983     0.6403   11.79114   3.522847 1.4884e+00    25.5658    25.5653 3.3602e+01     32.500          1       8842    1484.17 2.2529e+03  51852.247    368.389 1621609984      -0.28     -0.202   39.32532  -73.36416 0.0000e+00
     31.752     8.9793    32.9937  1025.6964     2.3697     6.1602     94.213    0.01187    6.53859    6.54325      7.986     0.6459   11.79233   3.522363 1.9281e+00    25.5511    25.5506 3.5334e+01     32.000          1       8863    1484.18 1.8990e+03  51826.239    369.271 1621609985      -0.19     -0.458   39.32534  -73.36416 0.0000e+00
     31.255     9.0040    32.9738  1025.6747     2.3864     6.1950     94.811    0.00948    6.53413    6.53871      7.989     0.5581   11.78516   3.522710 1.7603e+00    25.5317    25.5311 3.8305e+01     31.500          1       8911    1484.24 2.1877e+03  51792.501    371.268 1621609987      -0.01     -0.343   39.32535  -73.36416 0.0000e+00
     30.765     9.0341    32.9575  1025.6549     2.4062     6.2351     95.550    0.00716    6.52543    6.52985      7.992     0.4743   11.77115   3.523906 1.7347e+00    25.5142    25.5137 3.9072e+01     31.000          1       8980    1484.33 2.2519e+03  51762.763    374.132 1621609990      -0.35     -0.243   39.32536  -73.36416 0.0000e+00
     30.262     9.0670    32.9407  1025.6343     2.4135     6.2681     96.053    0.00878    6.52565    6.53008      7.994     0.4820   11.77151   3.525260 1.8810e+00    25.4959    25.4954 4.2345e+01     30.500          1       9000    1484.42 2.2512e+03  51731.737    374.965 1621609991      -0.16     -0.498   39.32536  -73.36416 0.0000e+00
     29.769     9.1115    32.9234  1025.6115     2.4270     6.2804     96.444    0.00604    6.51198    6.51617      7.996     0.4056   11.74929   3.527601 1.9940e+00    25.4753    25.4748 4.4829e+01     30.000          1       9059    1484.55 2.2483e+03  51697.741    377.405 1621609993      -0.00     -0.251   39.32536  -73.36416 0.0000e+00
     29.270     9.2144    32.8861  1025.5637     2.4420     6.3188     97.244    0.00710    6.49793    6.50189      8.001     0.3693   11.72653   3.533503 2.1567e+00    25.4299    25.4294 4.8438e+01     29.500          1       9114    1484.88 2.2460e+03  51623.076    379.721 1621609995      -0.14     -0.308   39.32537  -73.36416 0.0000e+00
     28.785     9.3104    32.8583  1025.5244     2.4623     6.3759     98.322    0.00845    6.48472    6.48846      8.006     0.2739   11.70517   3.539163 2.4692e+00    25.3929    25.3924 5.0317e+01     29.000          1       9175    1485.19 2.0849e+03  51563.912    382.235 1621609998       0.13     -0.169   39.32538  -73.36416 0.0000e+00
     28.283     9.3532    32.8384  1025.4997     2.4712     6.4092     98.819    0.00906    6.48578    6.48954      8.007     0.3084   11.70686   3.541219 2.1974e+00    25.3705    25.3700 4.9429e+01     28.500          1       9199    1485.32 2.2485e+03  51526.585    383.232 1621609999      -0.34     -0.346   39.32538  -73.36416 0.0000e+00
     27.778     9.3915    32.8233  1025.4795     2.4772     6.4234     99.030    0.00807    6.48626    6.49002      8.007     0.2984   11.70762   3.543158 2.3078e+00    25.3526    25.3521 5.1825e+01     28.000          1       9218    1485.43 2.2457e+03  51497.263    384.057 1621610000      -0.14     -0.563   39.32538  -73.36416 0.0000e+00
     27.292     9.4271    32.8106  1025.4616     2.4922     6.4336     99.419    0.00453    6.47116    6.47469      8.008     0.2603   11.68303   3.544708 2.4532e+00    25.3369    25.3365 5.5031e+01     27.500          1       9332    1485.53 2.2432e+03  51471.931    388.771 1621610004      -0.08     -0.294   39.32541  -73.36416 0.0000e+00
     26.793     9.4595    32.7951  1025.4419     2.4991     6.4512     99.778    0.00489    6.46562    6.46905 -9.990e-29     0.2521   11.67398   3.546392 2.5785e+00    25.3196    25.3191 5.7715e+01     27.000          1       9383    1485.63 2.2383e+03  51443.180    390.911 1621610006      -0.33     -0.430   39.32542  -73.36416 0.0000e+00
     26.287     9.5422    32.7779  1025.4128     2.5030     6.4571     99.883    0.00397    6.46466    6.46809      8.012     0.2312   11.67242   3.552154 2.6276e+00    25.2928    25.2923 5.8807e+01     26.500          1       9425    1485.90 2.2380e+03  51401.959    392.648 1621610008      -0.11     -0.538   39.32542  -73.36416 0.0000e+00
     25.800     9.5869    32.7711  1025.3980     2.5094     6.4550     99.911    0.00084    6.46080    6.46416      8.012     0.2335   11.66612   3.554934 2.7855e+00    25.2802    25.2798 6.2161e+01     26.000          1       9586    1486.05 2.2316e+03  51383.273    399.385 1621610015      -0.39     -0.328   39.32544  -73.36416 0.0000e+00
     25.297     9.6058    32.7655  1025.3883     2.5091     6.4507     99.827   -0.00001    6.46189    6.46527      8.012     0.2271   11.66789   3.556013 2.8397e+00    25.2728    25.2724 6.3421e+01     25.500          1       9647    1486.10 2.2335e+03  51371.305    401.908 1621610018       0.00     -0.470   39.32545  -73.36416 0.0000e+00
     24.805     9.6171    32.7637  1025.3828     2.5100     6.4423     99.843   -0.00002    6.45245    6.45569      8.015     0.2120   11.65242   3.556604 2.7057e+00    25.2696    25.2691 6.0032e+01     25.000          1      10470    1486.13 2.2162e+03  51366.276    436.198 1621610052      -0.03     -0.269   39.32556  -73.36417 0.0000e+00
     24.316     9.6241    32.7599  1025.3763     2.5153     6.4379    100.211    0.00195    6.42442    6.42724      8.017     0.2076   11.60647   3.556849 2.3723e+00    25.2654    25.2650 5.2056e+01     24.500          1      10968    1486.14 2.1943e+03  51359.130    456.978 1621610073      -0.44     -0.310   39.32562  -73.36418 0.0000e+00
     23.809     9.6533    32.7540  1025.3647     2.5202     6.4660    100.704    0.00501    6.42078    6.42354      8.019     0.2000   11.60051   3.559409 2.5065e+00    25.2560    25.2556 5.5280e+01     24.000          1      10986    1486.23 2.2055e+03  51345.215    457.693 1621610073      -0.19     -0.571   39.32562  -73.36419 0.0000e+00
     23.319     9.9020    32.7116  1025.2884     2.5311     6.4814    101.116    0.00383    6.40990    6.41252      8.020     0.2046   11.58259   3.577770 2.3564e+00    25.1821    25.1817 5.2022e+01     23.500          1      11058    1487.08 2.2076e+03  51236.558    460.708 1621610076       0.00     -0.211   39.32562  -73.36420 0.0000e+00
     22.829     9.9935    32.7070  1025.2674     2.5382     6.4869    101.293    0.00205    6.40403    6.40656      8.020     0.2042   11.57289   3.585129 2.1747e+00    25.1634    25.1630 4.7829e+01     23.000          1      11124    1487.39 2.1995e+03  51212.524    463.454 1621610079      -0.11     -0.207   39.32564  -73.36420 0.0000e+00
     22.324    10.0006    32.7073  1025.2641     2.5393     6.4910    101.334    0.00184    6.40554    6.40810      8.022     0.1970   11.57538   3.585719 2.4625e+00    25.1624    25.1620 5.4037e+01     22.500          1      11147    1487.41 2.1944e+03  51211.291    464.418 1621610080      -0.19     -0.399   39.32564  -73.36420 0.0000e+00
     21.829    10.0275    32.7050  1025.2556     2.5422     6.4896    101.418    0.00139    6.39884    6.40130      8.022     0.2003   11.56436   3.587795 2.5929e+00    25.1562    25.1557 5.7065e+01     22.000          1      11224    1487.50 2.2009e+03  51202.753    467.614 1621610083      -0.13     -0.299   39.32564  -73.36421 0.0000e+00
     21.332    10.0547    32.7014  1025.2460     2.5454     6.4978    101.619    0.00206    6.39428    6.39667      8.023     0.1921   11.55685   3.589836 2.5282e+00    25.1488    25.1484 5.5699e+01     21.500          1      11280    1487.59 2.2032e+03  51192.240    469.943 1621610085      -0.15     -0.398   39.32564  -73.36422 0.0000e+00
     20.838    10.0975    32.6958  1025.2322     2.5486     6.5025    101.731    0.00163    6.39181    6.39417      8.023     0.1816   11.55279   3.593002 2.5559e+00    25.1373    25.1369 5.6325e+01     21.000          1      11328    1487.72 2.2038e+03  51176.051    471.978 1621610088       0.09     -0.272   39.32566  -73.36422 0.0000e+00
     20.343    10.1221    32.6950  1025.2251     2.5517     6.5009    101.792    0.00076    6.38650    6.38879      8.023     0.1728   11.54402   3.595007 2.6625e+00    25.1325    25.1321 5.8708e+01     20.500          1      11411    1487.80 2.2049e+03  51169.970    475.398 1621610091      -0.06     -0.122   39.32566  -73.36423 0.0000e+00
     19.854    10.1554    32.6948  1025.2171     2.5561     6.5073    102.083    0.00211    6.37454    6.37666 -9.990e-29     0.1526   11.52426   3.597966 2.5651e+00    25.1267    25.1264 5.6183e+01     20.000          1      11486    1487.92 2.1903e+03  51163.236    478.530 1621610094      -0.36     -0.220   39.32568  -73.36424 0.0000e+00
     19.350    10.1711    32.6939  1025.2114     2.5578     6.5148    102.200    0.00248    6.37461    6.37674 -9.990e-29     0.1473   11.52435   3.599344 2.6870e+00    25.1233    25.1230 5.8945e+01     19.500          1      11503    1487.96 2.1936e+03  51158.667    479.235 1621610095      -0.27     -0.493   39.32568  -73.36424 0.0000e+00
     18.851    10.2056    32.6936  1025.2031     2.5597     6.5207    102.277    0.00226    6.37551    6.37765      8.022     0.1558   11.52582   3.602491 2.7980e+00    25.1173    25.1170 6.1626e+01     19.000          1      11523    1488.08 2.2024e+03  51151.652    480.067 1621610096      -0.04     -0.619   39.32568  -73.36424 0.0000e+00
