CalculateIndicators/WaterTemperature/Data/CTD_NYOS/20210522_C08.cnv
* Sea-Bird SBE 9 Data File:
* FileName = C:\Seabird 9 CTD\Data\2021\202105_offshore\20210522_C08.hex
* Software Version Seasave V 7.23.2
* Temperature SN = 4590
* Conductivity SN = 3228
* Number of Bytes Per Scan = 44
* Number of Voltage Words = 5
* Number of Scans Averaged by the Deck Unit = 1
* NMEA Latitude = 39 07.95 N
* NMEA Longitude = 072 56.79 W
* NMEA UTC (Time) = May 22 2021  06:37:05
* NMEA baud rate = 4800
** Ship: seawolf
** Station: 6.5
** Operator: sjw
# nquan = 31
# nvalues = 295                         
# units = specified
# name 0 = depSM: Depth [salt water, m]
# name 1 = t090C: Temperature [ITS-90, deg C]
# name 2 = sal00: Salinity, Practical [PSU]
# name 3 = density00: Density [density, kg/m^3]
# name 4 = sbeox0V: Oxygen raw, SBE 43 [V]
# name 5 = sbeox0ML/L: Oxygen, SBE 43 [ml/l]
# name 6 = sbeox0PS: Oxygen, SBE 43 [% saturation]
# name 7 = sbox0dV/dT: Oxygen, SBE 43 [dov/dt]
# name 8 = oxsolML/L: Oxygen Saturation, Garcia & Gordon [ml/l]
# name 9 = oxsatML/L: Oxygen Saturation, Weiss [ml/l]
# name 10 = ph: pH
# name 11 = flECO-AFL: Fluorescence, WET Labs ECO-AFL/FL [mg/m^3]
# name 12 = n2satML/L: Nitrogen Saturation [ml/l]
# name 13 = c0S/m: Conductivity [S/m]
# name 14 = cpar: CPAR/Corrected Irradiance [%]
# name 15 = sigma-é00: Density [sigma-theta, kg/m^3]
# name 16 = sigma-t00: Density [sigma-t, kg/m^3 ]
# name 17 = par: PAR/Irradiance, Biospherical/Licor
# name 18 = prDM: Pressure, Digiquartz [db]
# name 19 = pumps: Pump Status
# name 20 = scan: Scan Count
# name 21 = svCM: Sound Velocity [Chen-Millero, m/s]
# name 22 = spar: SPAR, Biospherical/Licor
# name 23 = specc: Specific Conductance [uS/cm]
# name 24 = timeS: Time, Elapsed [seconds]
# name 25 = timeY: Time, System [seconds]
# name 26 = accM: Acceleration [m/s^2]
# name 27 = dz/dtM: Descent Rate [m/s]
# name 28 = latitude: Latitude [deg]
# name 29 = longitude: Longitude [deg]
# name 30 = flag: flag
# span 0 =      1.959,     74.920       
# span 1 =     7.4010,    13.6645       
# span 2 =    31.9675,    34.1565       
# span 3 =  1023.9302,  1026.6501       
# span 4 =     2.0008,     2.7999       
# span 5 =     4.7826,     7.3046       
# span 6 =     75.178,    114.449       
# span 7 =   -0.07827,    0.06538       
# span 8 =    5.93217,    6.77925       
# span 9 =    5.92880,    6.78743       
# span 10 =      7.921,      8.151      
# span 11 =    -0.0238,     0.8731      
# span 12 =   10.79110,   12.19022      
# span 13 =   3.377768,   3.915928      
# span 14 = -1.518e+04, 1.0836e+05      
# span 15 =    23.9213,    26.3099      
# span 16 =    23.9213,    26.3085      
# span 17 = 1.0000e-12, 8.2297e-03      
# span 18 =      2.000,     75.500      
# span 19 =          1,          1      
# span 20 =        333,      16042      
# span 21 =    1478.29,    1499.79      
# span 22 = -1.651e-01, 2.2745e+00      
# span 23 =  49615.591,  53297.244      
# span 24 =     13.835,    668.383      
# span 25 = 1621665439, 1621666093      
# span 26 =      -0.56,       0.44      
# span 27 =     -0.766,      0.765      
# span 28 =   39.13256,   39.13260      
# span 29 =  -72.94724,  -72.94662      
# span 30 = 0.0000e+00, 0.0000e+00      
# interval = decibars: 0.5              
# start_time = May 22 2021 06:37:05 [System UTC, first data scan.]
# bad_flag = -9.990e-29
*END*
      1.984    13.6227    31.9675  1023.9302     2.6970     6.4638    108.791    0.01225    5.94158    5.93814 -9.990e-29     0.1384   10.80970   3.836575 4.2928e+04    23.9213    23.9213 8.2297e-03      2.000          1        333    1498.71 1.1270e+00  49615.591     13.835 1621665439       0.31     -0.117   39.13256  -72.94662 0.0000e+00
      2.482    13.6645    32.5427  1024.3685     2.6743     6.2824    105.609   -0.01718    5.94810    5.94464      8.061     0.1191   10.82211   3.898533 1.0836e+05    24.3574    24.3573 7.4035e-03      2.500          1        507    1499.53 -1.651e-01  50408.430     21.068 1621665446       0.05      0.207   39.13256  -72.94662 0.0000e+00
      2.977    13.6593    32.6427  1024.4490     2.5312     5.5962     94.317   -0.07827    5.93334    5.92996      8.063     0.1277   10.79346   3.909027 -9.990e-29    24.4357    24.4356 5.6928e-05      3.000          1        617    1499.64 -9.990e-29  50548.507     25.687 1621665451       0.03      0.411   39.13256  -72.94664 0.0000e+00
      3.474    13.6581    32.6704  1024.4729     2.4745     5.5320     93.240   -0.05449    5.93303    5.92965      8.062     0.1323   10.79283   3.911668 -9.990e-29    24.4574    24.4573 1.0000e-12      3.500          1        647    1499.68 -9.990e-29  50587.482     26.930 1621665452      -0.04      0.433   39.13256  -72.94664 0.0000e+00
      3.972    13.6580    32.6760  1024.4795     2.4196     5.4286     91.504   -0.04129    5.93265    5.92927      8.063     0.1424   10.79208   3.912187 5.0640e-11    24.4617    24.4616 1.0000e-12      4.000          1        680    1499.69 1.9747e+00  50595.544     28.311 1621665453      -0.01      0.368   39.13256  -72.94664 0.0000e+00
      4.462    13.6575    32.6826  1024.4869     2.4026     5.4945     92.618   -0.01400    5.93243    5.92905      8.062     0.1445   10.79168   3.912935 5.0640e-11    24.4669    24.4668 1.0000e-12      4.500          1        721    1499.71 1.9747e+00  50604.918     30.015 1621665455      -0.06      0.293   39.13256  -72.94664 0.0000e+00
      4.957    13.6576    32.6920  1024.4964     2.4127     5.6254     94.825    0.01005    5.93235    5.92897      8.063     0.1193   10.79156   3.913988 5.0640e-11    24.4742    24.4741 1.0000e-12      5.000          1        749    1499.73 1.9747e+00  50618.443     31.184 1621665456       0.18      0.358   39.13256  -72.94664 0.0000e+00
      5.460    13.6576    32.6957  1024.5016     2.4059     5.5666     93.833    0.00066    5.93253    5.92916      8.063     0.1422   10.79186   3.914347 5.0640e-11    24.4771    24.4769 1.0000e-12      5.500          1        769    1499.74 1.9747e+00  50623.889     31.981 1621665457       0.19      0.514   39.13256  -72.94664 0.0000e+00
      5.951    13.6579    32.6969  1024.5046     2.3897     5.4700     92.204   -0.01120    5.93254    5.92916      8.063     0.1477   10.79190   3.914495 5.0640e-11    24.4780    24.4778 1.0000e-12      6.000          1        788    1499.75 1.9747e+00  50625.670     32.783 1621665458       0.06      0.618   39.13256  -72.94664 0.0000e+00
      6.453    13.6587    32.6970  1024.5068     2.3654     5.3494     90.170   -0.02317    5.93254    5.92916      8.063     0.1449   10.79190   3.914617 5.0640e-11    24.4779    24.4777 1.0000e-12      6.500          1        806    1499.76 1.9747e+00  50626.059     33.544 1621665459       0.00      0.639   39.13256  -72.94664 0.0000e+00
      6.954    13.6583    32.6963  1024.5085     2.3327     5.2184     87.962   -0.03182    5.93252    5.92914      8.063     0.1365   10.79183   3.914505 5.0640e-11    24.4774    24.4772 1.0000e-12      7.000          1        829    1499.77 1.9747e+00  50625.310     34.489 1621665459      -0.09      0.609   39.13256  -72.94664 0.0000e+00
      7.438    13.6582    32.6938  1024.5089     2.2805     5.0970     85.901   -0.02519    5.93358    5.93022      8.065     0.1288   10.79341   3.914256 5.0640e-11    24.4756    24.4753 1.0000e-12      7.500          1        879    1499.77 1.9747e+00  50622.174     36.604 1621665462      -0.13      0.206   39.13256  -72.94664 0.0000e+00
      7.933    13.6567    32.6982  1024.5148     2.2977     5.2801     88.870    0.00446    5.94132    5.93810      8.066     0.1449   10.80542   3.914647 5.0640e-11    24.4793    24.4790 1.0000e-12      8.000          1        913    1499.78 1.9747e+00  50628.782     37.988 1621665463       0.26      0.292   39.13256  -72.94664 0.0000e+00
      8.435    13.6564    32.7004  1024.5188     2.3257     5.4548     91.731    0.02523    5.94642    5.94329      8.067     0.1491   10.81335   3.914869 5.0640e-11    24.4810    24.4808 1.0000e-12      8.500          1        930    1499.79 1.9747e+00  50632.088     38.716 1621665464       0.28      0.519   39.13256  -72.94664 0.0000e+00
      8.933    13.6519    32.7049  1024.5255     2.3408     5.5348     92.950    0.03163    5.95465    5.95166      8.068     0.1495   10.82623   3.914938 5.0640e-11    24.4855    24.4852 1.0000e-12      9.000          1        948    1499.79 1.9747e+00  50639.246     39.447 1621665464       0.11      0.662   39.13256  -72.94664 0.0000e+00
      9.427    13.6239    32.7292  1024.5521     2.3372     5.4605     91.636    0.01559    5.95889    5.95594      8.070     0.1624   10.83345   3.914902 5.0640e-11    24.5099    24.5096 1.0000e-12      9.500          1        966    1499.73 1.9747e+00  50676.312     40.205 1621665465      -0.02      0.678   39.13256  -72.94664 0.0000e+00
      9.930    13.5566    32.7873  1024.6130     2.3266     5.3484     89.632   -0.00515    5.96705    5.96418      8.071     0.1530   10.84741   3.914803 5.0640e-11    24.5684    24.5682 1.0000e-12     10.000          1        985    1499.59 1.9747e+00  50766.043     40.999 1621665466      -0.04      0.659   39.13256  -72.94664 0.0000e+00
     10.422    13.4291    32.8749  1024.7086     2.3582     5.5493     92.474    0.01178    6.00021    5.99774      8.074     0.1218   10.90225   3.911804 8.5602e+04    24.6619    24.6616 1.0000e-12     10.500          1       1021    1499.28 2.8430e-01  50904.203     42.496 1621665468      -0.20      0.409   39.13256  -72.94664 0.0000e+00
     10.911    13.2909    32.8383  1024.7103     2.4742     6.2152    102.300    0.06538    6.07567    6.07408      8.083     0.1306   11.02767   3.894584 1.0071e+05    24.6613    24.6610 1.0000e-12     11.000          1       1068    1498.78 -1.403e-02  50870.751     44.442 1621665470       0.08      0.234   39.13256  -72.94664 0.0000e+00
     11.402    13.1232    32.8604  1024.7629     2.5226     6.3467    104.221    0.05877    6.08971    6.08827      8.089     0.1412   11.05129   3.880310 9.9999e+04    24.7117    24.7114 1.0000e-12     11.500          1       1092    1498.26 0.0000e+00  50923.853     45.438 1621665470       0.22      0.366   39.13256  -72.94664 0.0000e+00
     11.909    12.8922    32.8825  1024.8278     2.5412     6.3665    104.163    0.04504    6.11203    6.11088      8.089     0.1371   11.08789   3.859937 9.9999e+04    24.7743    24.7740 1.0000e-12     12.000          1       1106    1497.52 0.0000e+00  50986.967     46.028 1621665471       0.38      0.559   39.13256  -72.94664 0.0000e+00
     12.412    12.6814    32.8613  1024.8548     2.5639     6.4450    104.760    0.03693    6.15212    6.15148      8.091     0.1428   11.15431   3.837969 5.1485e+04    24.7990    24.7987 1.0000e-12     12.500          1       1120    1496.80 9.5801e-01  50985.646     46.627 1621665472       0.25      0.759   39.13256  -72.94664 0.0000e+00
     12.906    12.4669    32.8246  1024.8700     2.5900     6.5589    105.984    0.03498    6.18853    6.18834      8.095     0.1628   11.21472   3.815465 1.9027e+03    24.8119    24.8115 1.0000e-12     13.000          1       1140    1496.03 1.9371e+00  50964.632     47.447 1621665472      -0.16      0.765   39.13256  -72.94664 0.0000e+00
     13.398    12.3205    32.8060  1024.8857     2.6112     6.6050    106.267    0.02453    6.21552    6.21567      8.100     0.1611   11.25942   3.799797 5.0640e-11    24.8254    24.8250 1.0000e-12     13.500          1       1167    1495.52 1.9747e+00  50959.427     48.580 1621665474      -0.18      0.505   39.13256  -72.94664 0.0000e+00
     13.895    11.7365    32.8298  1025.0158     2.6380     6.7026    107.216    0.01887    6.25138    6.25199      8.111     0.1425   11.31884   3.747783 5.0640e-11    24.9530    24.9527 1.0000e-12     14.000          1       1201    1493.55 1.9747e+00  51081.653     49.986 1621665475      -0.07      0.380   39.13256  -72.94665 0.0000e+00
     14.389    11.3707    32.8219  1025.0789     2.6620     6.8611    108.221    0.01425    6.33990    6.34170      8.127     0.1737   11.46503   3.714366 -9.990e-29    25.0138    25.0135 1.0000e-12     14.500          1       1241    1492.28 -9.990e-29  51127.736     51.658 1621665477       0.00      0.293   39.13256  -72.94666 0.0000e+00
     14.880    11.1147    32.8190  1025.1249     2.6769     6.9467    108.900    0.01253    6.37902    6.38135      8.137     0.2184   11.52976   3.691091 -9.990e-29    25.0575    25.0572 1.0000e-12     15.000          1       1273    1491.39 -9.990e-29  51166.702     52.999 1621665478       0.08      0.341   39.13256  -72.94666 0.0000e+00
     15.377    10.8870    32.8316  1025.1772     2.6892     6.9896    109.412    0.01117    6.38834    6.39079      8.140     0.2267   11.54522   3.669004 9.9999e+04    25.1075    25.1072 1.0000e-12     15.500          1       1292    1490.61 0.0000e+00  51222.328     53.807 1621665479       0.22      0.464   39.13256  -72.94666 0.0000e+00
     15.879    10.4773    32.8538  1025.2681     2.7015     7.0593    110.384    0.01528    6.39518    6.39773      8.140     0.2163   11.55652   3.634930 9.9999e+04    25.1960    25.1956 1.0000e-12     16.000          1       1308    1489.19 0.0000e+00  51326.602     54.450 1621665479       0.25      0.626   39.13256  -72.94666 0.0000e+00
     16.380    10.3177    32.8495  1025.2944     2.7145     7.1235    111.310    0.01853    6.39973    6.40234      8.141     0.2345   11.56404   3.621566 9.9999e+04    25.2199    25.2196 1.0000e-12     16.500          1       1324    1488.63 0.0000e+00  51348.913     55.133 1621665480       0.08      0.745   39.13256  -72.94666 0.0000e+00
     16.874    10.1589    32.8519  1025.3254     2.7308     7.2088    112.121    0.01772    6.42944    6.43247      8.146     0.2428   11.61297   3.608101 9.9999e+04    25.2486    25.2483 1.0000e-12     17.000          1       1349    1488.07 0.0000e+00  51381.884     56.149 1621665481      -0.21      0.626   39.13256  -72.94666 0.0000e+00
     17.364    10.0470    32.8509  1025.3457     2.7437     7.2406    112.185    0.01032    6.45414    6.45752      8.151     0.2764   11.65373   3.598909 9.9999e+04    25.2667    25.2664 1.0000e-12     17.500          1       1384    1487.67 0.0000e+00  51401.767     57.640 1621665483      -0.09      0.345   39.13256  -72.94666 0.0000e+00
     17.858     9.9000    32.8622  1025.3812     2.7497     7.2269    111.972    0.00442    6.45416    6.45754      8.151     0.3115   11.65384   3.585679 9.9999e+04    25.2999    25.2995 1.0000e-12     18.000          1       1413    1487.16 0.0000e+00  51445.404     58.834 1621665484       0.13      0.357   39.13256  -72.94666 0.0000e+00
     18.362     9.6809    32.8815  1025.4348     2.7547     7.2523    112.357    0.00596    6.45470    6.45808      8.151     0.3106   11.65476   3.568827 6.0739e+04    25.3511    25.3507 1.0000e-12     18.500          1       1432    1486.40 7.7527e-01  51515.974     59.630 1621665485       0.20      0.513   39.13256  -72.94666 0.0000e+00
     18.859     9.6296    32.8795  1025.4440     2.7588     7.2643    112.478    0.00485    6.45840    6.46184      8.151     0.3137   11.66088   3.565148 5.6403e+03    25.3579    25.3576 1.0000e-12     19.000          1       1459    1486.22 1.8633e+00  51523.419     60.741 1621665486      -0.12      0.529   39.13256  -72.94666 0.0000e+00
     19.346     9.6233    32.8717  1025.4410     2.7606     7.2751    112.274    0.00089    6.47979    6.48351      8.148     0.3158   11.69628   3.564680 5.0640e-11    25.3528    25.3524 1.0000e-12     19.500          1       1501    1486.19 1.9747e+00  51513.751     62.484 1621665488      -0.03      0.245   39.13256  -72.94666 0.0000e+00
     19.846     9.6090    32.8718  1025.4458     2.7579     7.2783    112.039   -0.00069    6.49616    6.50011      8.141     0.3621   11.72341   3.563645 9.9882e+04    25.3552    25.3548 1.0000e-12     20.000          1       1526    1486.15 2.3009e-03  51517.140     63.561 1621665489       0.17      0.392   39.13256  -72.94666 0.0000e+00
     20.346     9.5458    32.8736  1025.4597     2.7492     7.2251    111.160   -0.00594    6.49974    6.50374      8.133     0.4133   11.72934   3.557869 9.9999e+04    25.3669    25.3665 1.0000e-12     20.500          1       1550    1485.93 0.0000e+00  51532.474     64.536 1621665490       0.05      0.495   39.13256  -72.94666 0.0000e+00
     20.841     9.4185    32.8689  1025.4789     2.7385     7.1737    110.353   -0.00924    6.50062    6.50463      8.128     0.4075   11.73081   3.545945 9.9999e+04    25.3837    25.3833 1.0000e-12     21.000          1       1577    1485.47 0.0000e+00  51551.771     65.679 1621665491      -0.07      0.475   39.13256  -72.94666 0.0000e+00
     21.333     9.3136    32.8662  1025.4959     2.7259     7.1323    109.692   -0.00976    6.50205    6.50608      8.124     0.4096   11.73320   3.537011 9.9999e+04    25.3984    25.3981 1.0000e-12     21.500          1       1608    1485.09 0.0000e+00  51569.590     66.960 1621665492      -0.02      0.387   39.13256  -72.94666 0.0000e+00
     21.834     9.3065    32.8664  1025.4995     2.7180     7.1132    109.398   -0.00867    6.50211    6.50614      8.124     0.4091   11.73333   3.536860 -9.990e-29    25.3997    25.3993 1.0000e-12     22.000          1       1633    1485.07 -9.990e-29  51571.616     68.021 1621665493       0.08      0.436   39.13256  -72.94667 0.0000e+00
     22.331     9.2957    32.8635  1025.5012     2.7120     7.1174    109.417   -0.00526    6.50477    6.50883      8.123     0.4369   11.73775   3.535929 -9.990e-29    25.3992    25.3988 1.0000e-12     22.500          1       1667    1485.04 -9.990e-29  51570.064     69.416 1621665494      -0.10      0.398   39.13256  -72.94668 0.0000e+00
     22.819     9.2893    32.8596  1025.5014     2.7066     7.1188    109.416   -0.00244    6.50619    6.51027      8.120     0.4382   11.74013   3.535314 5.0640e-11    25.3971    25.3968 1.0000e-12     23.000          1       1714    1485.02 1.9747e+00  51566.159     71.366 1621665496       0.04      0.219   39.13256  -72.94668 0.0000e+00
     23.317     9.2717    32.8579  1025.5052     2.7037     7.1087    109.247   -0.00281    6.50704    6.51113      8.119     0.4552   11.74153   3.533730 5.0640e-11    25.3986    25.3982 1.0000e-12     23.500          1       1740    1484.96 1.9747e+00  51567.683     72.453 1621665497       0.18      0.379   39.13256  -72.94666 0.0000e+00
     23.818     9.2678    32.8564  1025.5070     2.7024     7.1083    109.237   -0.00225    6.50725    6.51134      8.118     0.4508   11.74187   3.533434 5.0640e-11    25.3981    25.3977 1.0000e-12     24.000          1       1760    1484.95 1.9747e+00  51566.704     73.306 1621665498       0.14      0.517   39.13256  -72.94666 0.0000e+00
     24.316     9.2659    32.8554  1025.5088     2.7008     7.1090    109.236   -0.00148    6.50789    6.51199      8.115     0.4674   11.74292   3.533307 5.0640e-11    25.3976    25.3972 1.0000e-12     24.500          1       1784    1484.95 1.9747e+00  51565.956     74.275 1621665499      -0.04      0.563   39.13256  -72.94668 0.0000e+00
