CalculateIndicators/WaterTemperature/Data/CTD_NYOS/20210523_C14.cnv
* Sea-Bird SBE 9 Data File:
* FileName = C:\Seabird 9 CTD\Data\2021\202105_offshore\20210523_C14.hex
* Software Version Seasave V 7.23.2
* Temperature SN = 4590
* Conductivity SN = 3228
* Number of Bytes Per Scan = 44
* Number of Voltage Words = 5
* Number of Scans Averaged by the Deck Unit = 1
* NMEA Latitude = 40 16.08 N
* NMEA Longitude = 073 00.52 W
* NMEA UTC (Time) = May 23 2021  01:42:11
* NMEA baud rate = 4800
** Ship: seawolf
** Station: 5.2
** Operator: SJW
# nquan = 31
# nvalues = 149                         
# units = specified
# name 0 = depSM: Depth [salt water, m]
# name 1 = t090C: Temperature [ITS-90, deg C]
# name 2 = sal00: Salinity, Practical [PSU]
# name 3 = density00: Density [density, kg/m^3]
# name 4 = sbeox0V: Oxygen raw, SBE 43 [V]
# name 5 = sbeox0ML/L: Oxygen, SBE 43 [ml/l]
# name 6 = sbeox0PS: Oxygen, SBE 43 [% saturation]
# name 7 = sbox0dV/dT: Oxygen, SBE 43 [dov/dt]
# name 8 = oxsolML/L: Oxygen Saturation, Garcia & Gordon [ml/l]
# name 9 = oxsatML/L: Oxygen Saturation, Weiss [ml/l]
# name 10 = ph: pH
# name 11 = flECO-AFL: Fluorescence, WET Labs ECO-AFL/FL [mg/m^3]
# name 12 = n2satML/L: Nitrogen Saturation [ml/l]
# name 13 = c0S/m: Conductivity [S/m]
# name 14 = cpar: CPAR/Corrected Irradiance [%]
# name 15 = sigma-é00: Density [sigma-theta, kg/m^3]
# name 16 = sigma-t00: Density [sigma-t, kg/m^3 ]
# name 17 = par: PAR/Irradiance, Biospherical/Licor
# name 18 = prDM: Pressure, Digiquartz [db]
# name 19 = pumps: Pump Status
# name 20 = scan: Scan Count
# name 21 = svCM: Sound Velocity [Chen-Millero, m/s]
# name 22 = spar: SPAR, Biospherical/Licor
# name 23 = specc: Specific Conductance [uS/cm]
# name 24 = timeS: Time, Elapsed [seconds]
# name 25 = timeY: Time, System [seconds]
# name 26 = accM: Acceleration [m/s^2]
# name 27 = dz/dtM: Descent Rate [m/s]
# name 28 = latitude: Latitude [deg]
# name 29 = longitude: Longitude [deg]
# name 30 = flag: flag
# span 0 =      1.464,     38.711       
# span 1 =     6.9816,    15.2371       
# span 2 =    31.4542,    33.1057       
# span 3 =  1023.2032,  1026.0744       
# span 4 =     2.0657,     2.8202       
# span 5 =     5.0387,     6.6873       
# span 6 =     77.295,    115.464       
# span 7 =   -0.10025,    0.08411       
# span 8 =    5.76881,    6.84051       
# span 9 =    5.76331,    6.84974       
# span 10 =      7.871,      8.055      
# span 11 =    12.6627,    15.5674      
# span 12 =   10.52614,   12.29026      
# span 13 =   3.352043,   3.995273      
# span 14 = -9.807e+03, 1.0629e+05      
# span 15 =    23.1921,    25.9225      
# span 16 =    23.1920,    25.9221      
# span 17 = -4.622e-05, 8.9791e-03      
# span 18 =      1.500,     39.000      
# span 19 =          1,          1      
# span 20 =         54,       9593      
# span 21 =    1476.77,    1504.12      
# span 22 = -1.243e-01, 2.1684e+00      
# span 23 =  48726.083,  52447.831      
# span 24 =      2.193,    399.685      
# span 25 = 1621734132, 1621734531      
# span 26 =      -0.46,       0.51      
# span 27 =     -0.892,      1.110      
# span 28 =   40.26802,   40.26810      
# span 29 =  -73.00866,  -73.00744      
# span 30 = 0.0000e+00, 0.0000e+00      
# interval = decibars: 0.5              
# start_time = May 23 2021 01:42:10 [System UTC, first data scan.]
# bad_flag = -9.990e-29
*END*
[from data line 94]
     28.277     8.0742    32.7635  1025.6373     2.2795     6.3872     96.433    0.08411    6.62354    6.62908      7.959    15.0487   11.93666   3.424329 9.9999e+04    25.5073    25.5069 1.0000e-12     28.500          1       3760    1480.45 0.0000e+00  51700.262    156.643 1621734287      -0.15     -0.682   40.26803  -73.00812 0.0000e+00
     27.780     8.2256    32.7379  1025.5927     2.3279     6.5091     98.446    0.08053    6.61181    6.61716      7.969    14.9777   11.91750   3.434751 9.9999e+04    25.4650    25.4646 1.0000e-12     28.000          1       3777    1480.98 0.0000e+00  51627.830    157.347 1621734288      -0.01     -0.739   40.26802  -73.00812 0.0000e+00
     27.288     8.4055    32.6970  1025.5316     2.3698     6.5510     99.196    0.06636    6.60411    6.60934      7.979    14.8754   11.90483   3.446079 9.9999e+04    25.4063    25.4059 1.0000e-12     27.500          1       3796    1481.60 0.0000e+00  51527.854    158.119 1621734288       0.09     -0.698   40.26802  -73.00812 0.0000e+00
     26.792     8.4663    32.6764  1025.5040     2.4011     6.5690     99.489    0.05258    6.60273    6.60794      7.986    14.9636   11.90252   3.449519 9.9999e+04    25.3810    25.3806 1.0000e-12     27.000          1       3814    1481.80 0.0000e+00  51484.532    158.855 1621734289       0.01     -0.657   40.26802  -73.00812 0.0000e+00
     26.288     8.5159    32.6545  1025.4770     2.4235     6.5732     99.561    0.04126    6.60210    6.60731      7.989    14.8746   11.90147   3.451589 9.9999e+04    25.3563    25.3559 1.0000e-12     26.500          1       3831    1481.95 0.0000e+00  51442.898    159.571 1621734290      -0.05     -0.684   40.26803  -73.00812 0.0000e+00
     25.796     8.6500    32.6324  1025.4371     2.4637     6.5501     99.275    0.01629    6.59794    6.60308      7.992    14.8724   11.89462   3.460302 6.1421e+04    25.3188    25.3184 1.0000e-12     26.000          1       3922    1482.42 7.6181e-01  51382.107    163.361 1621734294       0.10     -0.311   40.26803  -73.00810 0.0000e+00
     25.301     8.7427    32.6126  1025.4051     2.4920     6.5717     99.658    0.00519    6.59427    6.59937      7.996    14.8888   11.88857   3.465800 1.1208e+03    25.2891    25.2887 1.0000e-12     25.500          1       4042    1482.73 1.9526e+00  51333.306    168.387 1621734299      -0.07     -0.216   40.26802  -73.00808 0.0000e+00
     24.809     8.7614    32.6168  1025.4033     2.5024     6.5633     99.841    0.00244    6.57375    6.57846      7.999    14.7848   11.85577   3.467021 5.0640e-11    25.2896    25.2892 1.0000e-12     25.000          1       5112    1482.80 1.9747e+00  51334.750    212.977 1621734343      -0.19     -0.460   40.26806  -73.00797 0.0000e+00
     24.312     8.8069    32.6056  1025.3853     2.5042     6.5497     99.876    0.00226    6.55785    6.56229      7.999    14.7757   11.83003   3.469992 5.0640e-11    25.2738    25.2735 1.0000e-12     24.500          1       5207    1482.94 1.9747e+00  51308.897    216.901 1621734347      -0.15     -0.604   40.26806  -73.00796 0.0000e+00
     23.818     8.8574    32.5854  1025.3594     2.5059     6.5452     99.937    0.00229    6.54932    6.55358      7.999    14.7364   11.81653   3.472370 5.0640e-11    25.2502    25.2499 1.0000e-12     24.000          1       5223    1483.10 1.9747e+00  51269.134    217.587 1621734348      -0.12     -0.680   40.26806  -73.00796 0.0000e+00
     23.318     8.8784    32.5674  1025.3398     2.5075     6.5291     99.982    0.00232    6.53033    6.53430      7.999    14.7287   11.78552   3.472255 5.0640e-11    25.2329    25.2325 1.0000e-12     23.500          1       5237    1483.15 1.9747e+00  51238.903    218.165 1621734348      -0.15     -0.756   40.26806  -73.00794 0.0000e+00
     22.819     8.8893    32.5430  1025.3167     2.5084     6.5110     99.999    0.00243    6.51105    6.51474      7.997    14.7142   11.75386   3.470828 5.0640e-11    25.2122    25.2118 1.0000e-12     23.000          1       5251    1483.15 1.9747e+00  51201.969    218.734 1621734349      -0.11     -0.834   40.26806  -73.00794 0.0000e+00
     22.322     8.9358    32.5120  1025.2829     2.5121     6.5055    100.202    0.00303    6.49241    6.49584      7.997    14.7405   11.72317   3.472905 5.0640e-11    25.1806    25.1803 1.0000e-12     22.500          1       5266    1483.27 1.9747e+00  51147.314    219.357 1621734350       0.02     -0.863   40.26806  -73.00794 0.0000e+00
     21.826     9.0242    32.4752  1025.2381     2.5174     6.5207    100.614    0.00503    6.48090    6.48415      7.997    14.7783   11.70422   3.476573 5.0640e-11    25.1382    25.1378 1.0000e-12     22.000          1       5283    1483.55 1.9747e+00  51077.186    220.093 1621734350       0.15     -0.789   40.26806  -73.00794 0.0000e+00
     21.331     9.1972    32.4085  1025.1566     2.5271     6.5558    101.378    0.00867    6.46669    6.46974      7.996    14.7845   11.68079   3.486963 5.1119e+04    25.0589    25.0586 1.0000e-12     21.500          1       5305    1484.10 9.6525e-01  50946.182    221.015 1621734351       0.17     -0.634   40.26806  -73.00794 0.0000e+00
     20.836     9.4877    32.3697  1025.0777     2.5408     6.5798    102.108    0.00994    6.44400    6.44672      7.996    14.6929   11.64350   3.508903 9.6370e+04    24.9825    24.9821 1.0000e-12     21.000          1       5339    1485.11 7.1662e-02  50832.907    222.427 1621734353       0.16     -0.417   40.26806  -73.00792 0.0000e+00
     20.347     9.7094    32.3501  1025.0243     2.5532     6.5487    102.340    0.00666    6.39890    6.40102      7.994    14.7193   11.56895   3.526478 9.9999e+04    24.9315    24.9311 1.0000e-12     20.500          1       5382    1485.89 0.0000e+00  50762.397    224.189 1621734355      -0.09     -0.225   40.26806  -73.00794 0.0000e+00
     19.845     9.8031    32.3300  1024.9910     2.5614     6.5523    102.759    0.00743    6.37634    6.37814      7.994    14.6290   11.53188   3.532648 9.9999e+04    24.9004    24.9001 1.0000e-12     20.000          1       5403    1486.20 0.0000e+00  50713.211    225.103 1621734355      -0.22     -0.433   40.26806  -73.00794 0.0000e+00
     19.352     9.9401    32.3163  1024.9555     2.5680     6.5466    103.124    0.00856    6.34833    6.34976      7.993    14.5620   11.48554   3.544304 1.8920e+04    24.8673    24.8669 1.0000e-12     19.500          1       5425    1486.67 1.6011e+00  50670.656    225.991 1621734356      -0.05     -0.545   40.26806  -73.00794 0.0000e+00
     18.855    10.0685    32.3394  1024.9499     2.5720     6.5372    103.155    0.00685    6.33722    6.33851      7.993    14.4871   11.46707   3.558221 9.0151e+01    24.8640    24.8636 1.0000e-12     19.000          1       5443    1487.15 1.9729e+00  50678.144    226.747 1621734357      -0.09     -0.587   40.26806  -73.00794 0.0000e+00
     18.355    10.2441    32.3088  1024.8944     2.5757     6.5417    103.227    0.00559    6.33718    6.33846      7.992    14.4591   11.46715   3.570176 5.0640e-11    24.8108    24.8104 1.0000e-12     18.500          1       5459    1487.74 1.9747e+00  50602.890    227.432 1621734358      -0.12     -0.667   40.26806  -73.00794 0.0000e+00
     17.856    10.3713    32.2933  1024.8586     2.5773     6.5351    103.192    0.00432    6.33296    6.33418      7.992    14.4388   11.46024   3.580651 6.5515e+04    24.7773    24.7770 1.0000e-12     18.000          1       5478    1488.17 6.8096e-01  50557.402    228.195 1621734359       0.02     -0.706   40.26806  -73.00792 0.0000e+00
     17.361    10.5826    32.2962  1024.8224     2.5778     6.5145    102.969    0.00152    6.32666    6.32780      7.992    14.4317   11.44983   3.599324 9.8266e+04    24.7435    24.7431 1.0000e-12     17.500          1       5503    1488.92 3.4215e-02  50524.008    229.255 1621734360       0.18     -0.570   40.26806  -73.00792 0.0000e+00
     16.872    10.6562    32.2837  1024.7979     2.5766     6.4619    102.649   -0.00085    6.29519    6.29590      7.989    14.3750   11.39794   3.603496 9.9999e+04    24.7212    24.7209 1.0000e-12     17.000          1       5541    1489.16 0.0000e+00  50493.537    230.842 1621734361       0.09     -0.315   40.26806  -73.00792 0.0000e+00
     16.380    10.7160    32.2849  1024.7862     2.5796     6.4400    102.873    0.00086    6.26011    6.26037      7.988    14.4076   11.33999   3.608733 9.9999e+04    24.7118    24.7114 1.0000e-12     16.500          1       5568    1489.37 0.0000e+00  50484.766    231.970 1621734362      -0.19     -0.351   40.26806  -73.00792 0.0000e+00
     15.877    10.7245    32.2717  1024.7721     2.5846     6.4339    103.330    0.00428    6.22659    6.22641      7.988    14.3584   11.28463   3.608097 9.9999e+04    24.7000    24.6997 1.0000e-12     16.000          1       5585    1489.37 0.0000e+00  50464.270    232.656 1621734363      -0.29     -0.537   40.26806  -73.00791 0.0000e+00
     15.379    10.8666    32.2573  1024.7339     2.5921     6.4205    103.858    0.00738    6.18203    6.18128      7.988    14.3061   11.21106   3.621020 9.9999e+04    24.6641    24.6638 1.0000e-12     15.500          1       5600    1489.85 0.0000e+00  50419.790    233.312 1621734364      -0.18     -0.695   40.26806  -73.00790 0.0000e+00
     14.882    10.9868    32.2601  1024.7128     2.6033     6.3974    104.609    0.01165    6.11561    6.11402      7.986    14.1890   11.10158   3.631327 9.9999e+04    24.6452    24.6449 1.0000e-12     15.000          1       5617    1490.27 0.0000e+00  50403.298    234.017 1621734364       0.01     -0.746   40.26806  -73.00790 0.0000e+00
     14.387    11.1760    32.2492  1024.6686     2.6209     6.4414    105.827    0.01718    6.08684    6.08490      7.986    14.1573   11.05396   3.647871 9.9999e+04    24.6033    24.6030 1.0000e-12     14.500          1       5636    1490.91 0.0000e+00  50357.751    234.805 1621734365       0.09     -0.694   40.26806  -73.00790 0.0000e+00
     13.894    11.4607    32.2322  1024.6021     2.6392     6.4916    107.061    0.02242    6.06351    6.06129      7.985    14.1215   11.01534   3.672514 9.9999e+04    24.5391    24.5388 1.0000e-12     14.000          1       5656    1491.88 0.0000e+00  50283.301    235.627 1621734366       0.06     -0.626   40.26806  -73.00790 0.0000e+00
     13.395    11.8918    32.1984  1024.4947     2.6474     6.4931    107.202    0.01914    6.05687    6.05457      7.985    14.0909   11.00428   3.711245 9.9999e+04    24.4342    24.4338 1.0000e-12     13.500          1       5674    1493.33 0.0000e+00  50177.563    236.386 1621734367      -0.04     -0.622   40.26806  -73.00790 0.0000e+00
     12.895    12.4032    32.1537  1024.3620     2.6474     6.4389    106.400    0.00841    6.05156    6.04921      7.985    14.0899   10.99542   3.750014 9.9999e+04    24.3039    24.3036 1.0000e-12     13.000          1       5693    1495.02 0.0000e+00  50038.039    237.184 1621734368      -0.00     -0.651   40.26806  -73.00790 0.0000e+00
     12.401    12.7220    32.1409  1024.2889     2.6395     6.3291    105.077   -0.00369    6.02325    6.02054      7.984    14.0225   10.94878   3.776534 9.9999e+04    24.2330    24.2327 1.0000e-12     12.500          1       5726    1496.08 0.0000e+00  49974.301    238.527 1621734369       0.19     -0.458   40.26806  -73.00790 0.0000e+00
     11.910    12.9182    32.1449  1024.2518     2.6421     6.2167    105.390    0.00166    5.89883    5.89466      7.977    13.9383   10.74330   3.793277 9.9999e+04    24.1982    24.1979 1.0000e-12     12.000          1       5779    1496.73 0.0000e+00  49954.297    240.750 1621734371      -0.01     -0.191   40.26806  -73.00789 0.0000e+00
     11.412    13.3601    32.0732  1024.1068     2.6545     6.2621    106.527    0.00997    5.87841    5.87405      7.975    13.8681   10.70881   3.828751 9.9999e+04    24.0555    24.0552 1.0000e-12     11.500          1       5814    1498.12 0.0000e+00  49796.272    242.193 1621734373      -0.12     -0.327   40.26806  -73.00788 0.0000e+00
     10.918    14.0239    32.0269  1023.9348     2.6456     6.1704    105.209   -0.00256    5.86493    5.86041      7.971    13.7318   10.68643   3.883722 9.9999e+04    23.8860    23.8856 1.0000e-12     11.000          1       5841    1500.25 0.0000e+00  49655.202    243.317 1621734374      -0.07     -0.414   40.26806  -73.00788 0.0000e+00
     10.424    14.1932    32.0779  1023.9371     2.6343     6.0967    104.074   -0.01107    5.85806    5.85348      7.971    13.7568   10.67486   3.902765 9.9999e+04    23.8904    23.8901 1.0000e-12     10.500          1       5861    1500.85 0.0000e+00  49705.538    244.184 1621734374      -0.13     -0.492   40.26806  -73.00788 0.0000e+00
      9.921    14.2983    32.0789  1023.9138     2.6284     6.0780    103.737   -0.01185    5.85908    5.85451      7.971    13.7234   10.67650   3.912057 9.9999e+04    23.8694    23.8691 1.0000e-12     10.000          1       5878    1501.18 0.0000e+00  49693.252    244.855 1621734375      -0.20     -0.606   40.26806  -73.00788 0.0000e+00
      9.414    14.3652    32.1090  1023.9208     2.6195     6.0797    103.772   -0.00499    5.85868    5.85412      7.979    13.6389   10.67569   3.918595 6.8766e+04    23.8787    23.8784 1.0000e-12      9.500          1       6210    1501.43 6.1677e-01  49728.811    258.688 1621734389      -0.05     -0.551   40.26807  -73.00784 0.0000e+00
      8.942    14.4944    32.1392  1023.9149     2.6209     6.0626    104.172    0.00132    5.81978    5.81480      8.003    13.4148   10.61120   3.930491 -9.990e-29    23.8749    23.8747 1.0000e-12      9.000          1       7371    1501.87 -9.990e-29  49755.998    307.098 1621734437      -0.05     -0.339   40.26808  -73.00771 0.0000e+00
      8.442    14.5160    32.1378  1023.9070     2.6210     6.0243    104.061    0.00026    5.78924    5.78393      8.001    13.4040   10.56060   3.933071 -9.990e-29    23.8693    23.8691 1.0000e-12      8.500          1       7289    1501.93 -9.990e-29  49751.737    303.664 1621734434      -0.27     -0.429   40.26808  -73.00772 0.0000e+00
      7.935    14.5543    32.1345  1023.8942     2.6267     6.0406    104.441    0.00201    5.78373    5.77836      8.001    13.3997   10.55137   3.935881 5.0640e-11    23.8587    23.8585 1.0000e-12      8.000          1       7302    1502.04 1.9747e+00  49742.320    304.222 1621734435      -0.40     -0.635   40.26808  -73.00772 0.0000e+00
      7.435    14.5741    32.1343  1023.8876     2.6315     6.0675    104.949    0.00630    5.78138    5.77598      7.999    13.3493   10.54746   3.937691 5.0640e-11    23.8544    23.8542 1.0000e-12      7.500          1       7317    1502.10 1.9747e+00  49740.025    304.851 1621734435      -0.15     -0.815   40.26808  -73.00771 0.0000e+00
      6.946    14.7170    32.1176  1023.8422     2.6305     6.0506    104.794    0.00500    5.77384    5.76837      7.996    13.3138   10.53491   3.951294 5.0640e-11    23.8112    23.8110 1.0000e-12      7.000          1       7338    1502.53 1.9747e+00  49701.300    305.717 1621734436       0.24     -0.734   40.26808  -73.00770 0.0000e+00
      6.456    15.0404    32.1037  1023.7604     2.6273     6.0113    104.141   -0.00241    5.77226    5.76676 -9.990e-29    13.3186   10.53229   3.978961 5.0640e-11    23.7316    23.7314 1.0000e-12      6.500          1       7360    1503.54 1.9747e+00  49648.673    306.620 1621734437       0.09     -0.547   40.26808  -73.00770 0.0000e+00
      5.960    15.0933    32.1133  1023.7542     2.6247     5.9975    103.921   -0.00371    5.77123    5.76573 -9.990e-29    13.3310   10.53057   3.983535 5.0640e-11    23.7276    23.7274 1.0000e-12      6.000          1       7376    1503.71 1.9747e+00  49655.539    307.294 1621734438      -0.17     -0.588   40.26808  -73.00770 0.0000e+00
