CalculateIndicators/WaterTemperature/Data/CTD_NYOS/20210526_C39.cnv
* Sea-Bird SBE 9 Data File:
* FileName = C:\Seabird 9 CTD\Data\2021\202105_offshore\20210526_C39.hex
* Software Version Seasave V 7.23.2
* Temperature SN = 4590
* Conductivity SN = 3228
* Number of Bytes Per Scan = 44
* Number of Voltage Words = 5
* Number of Scans Averaged by the Deck Unit = 1
* NMEA Latitude = 39 47.84 N
* NMEA Longitude = 071 27.66 W
* NMEA UTC (Time) = May 26 2021  09:11:10
* NMEA baud rate = 4800
** Ship: seawolf
** Station: 1.5
** Operator: sjw
# nquan = 31
# nvalues = 1205                        
# units = specified
# name 0 = depSM: Depth [salt water, m]
# name 1 = t090C: Temperature [ITS-90, deg C]
# name 2 = sal00: Salinity, Practical [PSU]
# name 3 = density00: Density [density, kg/m^3]
# name 4 = sbeox0V: Oxygen raw, SBE 43 [V]
# name 5 = sbeox0ML/L: Oxygen, SBE 43 [ml/l]
# name 6 = sbeox0PS: Oxygen, SBE 43 [% saturation]
# name 7 = sbox0dV/dT: Oxygen, SBE 43 [dov/dt]
# name 8 = oxsolML/L: Oxygen Saturation, Garcia & Gordon [ml/l]
# name 9 = oxsatML/L: Oxygen Saturation, Weiss [ml/l]
# name 10 = ph: pH
# name 11 = flECO-AFL: Fluorescence, WET Labs ECO-AFL/FL [mg/m^3]
# name 12 = n2satML/L: Nitrogen Saturation [ml/l]
# name 13 = c0S/m: Conductivity [S/m]
# name 14 = cpar: CPAR/Corrected Irradiance [%]
# name 15 = sigma-é00: Density [sigma-theta, kg/m^3]
# name 16 = sigma-t00: Density [sigma-t, kg/m^3 ]
# name 17 = par: PAR/Irradiance, Biospherical/Licor
# name 18 = prDM: Pressure, Digiquartz [db]
# name 19 = pumps: Pump Status
# name 20 = scan: Scan Count
# name 21 = svCM: Sound Velocity [Chen-Millero, m/s]
# name 22 = spar: SPAR, Biospherical/Licor
# name 23 = specc: Specific Conductance [uS/cm]
# name 24 = timeS: Time, Elapsed [seconds]
# name 25 = timeY: Time, System [seconds]
# name 26 = accM: Acceleration [m/s^2]
# name 27 = dz/dtM: Descent Rate [m/s]
# name 28 = latitude: Latitude [deg]
# name 29 = longitude: Longitude [deg]
# name 30 = flag: flag
# span 0 =      2.973,    301.458       
# span 1 =     9.0306,    15.4394       
# span 2 =    33.9138,    35.9436       
# span 3 =  1025.2986,  1028.6505       
# span 4 =     1.3782,     2.6978       
# span 5 =     2.8772,     6.3180       
# span 6 =     45.347,    108.195       
# span 7 =   -0.04347,    0.05561       
# span 8 =    5.62928,    6.44157       
# span 9 =    5.62442,    6.44708       
# span 10 =      7.854,      8.193      
# span 11 =    -0.0804,     0.9670      
# span 12 =   10.25378,   11.60541      
# span 13 =   3.750845,   4.424809      
# span 14 = -8.754e+03, 1.0386e+05      
# span 15 =    25.2719,    27.2793      
# span 16 =    25.2716,    27.2739      
# span 17 = -1.732e-07, 6.8523e+00      
# span 18 =      3.000,    304.000      
# span 19 =          1,          1      
# span 20 =        252,      47550      
# span 21 =    1491.54,    1509.67      
# span 22 = -2.883e-01, 2.5867e+01      
# span 23 =  52245.594,  55106.808      
# span 24 =     10.438,   1981.194      
# span 25 = 1622020276, 1622022247      
# span 26 =      -0.53,       0.51      
# span 27 =     -0.805,      0.723      
# span 28 =   39.79736,   39.79914      
# span 29 =  -71.46401,  -71.46108      
# span 30 = 0.0000e+00, 0.0000e+00      
# interval = decibars: 0.5              
# start_time = May 26 2021 09:11:06 [System UTC, first data scan.]
# bad_flag = -9.990e-29
*END*
[from data line 749]
    228.615    11.0036    35.4147  1028.1335     1.4190     2.9003     47.076   -0.00086    6.16087    6.16246      7.885    -0.0364   11.13920   3.956477 1.0120e-11    27.1032    27.0980 1.0000e-12    230.500          1      25541    1497.69 -9.990e-29  54938.654   1064.170 1622021330       0.05     -0.219   39.79810  -71.46268 0.0000e+00
    228.115    11.0127    35.4149  1028.1297     1.4191     2.9032     47.134   -0.00017    6.15945    6.16103      7.885    -0.0395   11.13683   3.957455 1.0128e-11    27.1017    27.0965 1.0000e-12    230.000          1      25571    1497.71 -9.990e-29  54936.946   1065.399 1622021331      -0.16     -0.353   39.79810  -71.46268 0.0000e+00
    227.618    11.0222    35.4138  1028.1249     1.4192     2.9034     47.160    0.00010    6.15649    6.15802      7.886    -0.0523   11.13191   3.958120 1.0128e-11    27.0991    27.0939 1.0000e-12    229.500          1      25598    1497.73 -9.990e-29  54933.411   1066.556 1622021332       0.01     -0.444   39.79810  -71.46270 0.0000e+00
    227.124    11.0306    35.4154  1028.1223     1.4190     2.9032     47.152    0.00001    6.15715    6.15870      7.887    -0.0524   11.13301   3.959198 1.0128e-11    27.0988    27.0936 1.0000e-12    229.000          1      25629    1497.76 -9.990e-29  54933.777   1067.851 1622021333       0.03     -0.391   39.79810  -71.46270 0.0000e+00
    226.626    11.0522    35.4180  1028.1180 -9.990e-29     2.9004     47.132   -0.00003    6.15369    6.15519      7.888    -0.0576   11.12727   3.961523 1.0170e-11    27.0968    27.0917 1.0000e-12    228.500          1      25662    1497.83 -9.990e-29  54932.839   1069.191 1622021335       0.02     -0.384   39.79810  -71.46270 0.0000e+00
    226.136    11.0549    35.4189  1028.1159 -9.990e-29     2.8975     47.117   -0.00010    6.14957    6.15101      7.888    -0.0481   11.12042   3.961677 1.0223e-11    27.0970    27.0918 1.0000e-12    228.000          1      25704    1497.83 9.8737e+00  54933.322   1070.939 1622021337       0.05     -0.278   39.79810  -71.46270 0.0000e+00
    225.634    11.0800    35.4208  1028.1105     1.4192     2.8951     47.120   -0.00003    6.14423    6.14560      7.889    -0.0582   11.11157   3.964540 1.0129e-11    27.0940    27.0888 1.0000e-12    227.500          1      25733    1497.91 9.8737e+00  54931.111   1072.187 1622021338      -0.11     -0.363   39.79810  -71.46270 0.0000e+00
    225.142    11.1055    35.4234  1028.1055     1.4190     2.8945     47.122    0.00009    6.14264    6.14399      7.889    -0.0472   11.10890   3.967169 1.0128e-11    27.0913    27.0861 1.0000e-12    227.000          1      25770    1498.00 9.8737e+00  54929.504   1073.695 1622021339       0.09     -0.355   39.79810  -71.46270 0.0000e+00
    224.645    11.1488    35.4262  1028.0973     1.4183     2.8885     47.037   -0.00046    6.14104    6.14236      7.888    -0.0569   11.10621   3.971753 1.0128e-11    27.0855    27.0803 1.0000e-12    226.500          1      25806    1498.14 9.8737e+00  54925.196   1075.208 1622021341      -0.03     -0.326   39.79810  -71.46270 0.0000e+00
    224.153    11.1612    35.4290  1028.0949     1.4186     2.8916     47.096    0.00014    6.13982    6.14113      7.888    -0.0466   11.10415   3.973025 1.0128e-11    27.0854    27.0802 1.0000e-12    226.000          1      25843    1498.18 9.8737e+00  54926.332   1076.732 1622021342       0.01     -0.325   39.79810  -71.46270 0.0000e+00
    223.657    11.1691    35.4330  1028.0943     1.4188     2.8908     47.099    0.00008    6.13763    6.13891      7.888    -0.0634   11.10050   3.974202 1.0128e-11    27.0871    27.0819 1.0000e-12    225.500          1      25868    1498.20 9.8737e+00  54930.380   1077.789 1622021343      -0.16     -0.393   39.79810  -71.46270 0.0000e+00
    223.153    11.1749    35.4322  1028.0904     1.4192     2.8924     47.135    0.00031    6.13652    6.13779      7.888    -0.0492   11.09868   3.974503 1.0128e-11    27.0854    27.0802 1.0000e-12    225.000          1      25888    1498.22 9.8737e+00  54927.750   1078.643 1622021344      -0.13     -0.537   39.79810  -71.46270 0.0000e+00
    222.665    11.1886    35.4386  1028.0905     1.4205     2.8954     47.232    0.00076    6.13014    6.13132      7.888    -0.0489   11.08809   3.976590 1.0128e-11    27.0879    27.0827 1.0000e-12    224.500          1      25934    1498.26 9.8737e+00  54934.005   1080.548 1622021346       0.16     -0.287   39.79810  -71.46270 0.0000e+00
    222.168    11.2165    35.4387  1028.0831     1.4222     2.8997     47.326    0.00090    6.12694    6.12809 -9.990e-29    -0.0657   11.08275   3.979435 1.0128e-11    27.0828    27.0776 1.0000e-12    224.000          1      25972    1498.35 9.8737e+00  54928.179   1082.129 1622021348      -0.31     -0.278   39.79810  -71.46272 0.0000e+00
    221.669    11.2453    35.4428  1028.0785     1.4243     2.9073     47.484    0.00162    6.12256    6.12364 -9.990e-29    -0.0445   11.07545   3.982458 1.0128e-11    27.0806    27.0754 1.0000e-12    223.500          1      25999    1498.45 9.8737e+00  54928.615   1083.246 1622021349      -0.00     -0.466   39.79810  -71.46272 0.0000e+00
    221.180    11.2695    35.4416  1028.0709     1.4260     2.9103     47.550    0.00140    6.12051    6.12157 -9.990e-29    -0.0529   11.07205   3.984815 1.0128e-11    27.0753    27.0701 1.0000e-12    223.000          1      26033    1498.52 9.8737e+00  54922.215   1084.681 1622021350       0.04     -0.331   39.79810  -71.46272 0.0000e+00
    220.677    11.2998    35.4494  1028.0689     1.4268     2.9100     47.537    0.00079    6.12160    6.12268 -9.990e-29    -0.0442   11.07385   3.988537 1.0128e-11    27.0758    27.0706 1.0000e-12    222.500          1      26058    1498.63 9.8737e+00  54927.216   1085.716 1622021351      -0.11     -0.431   39.79811  -71.46272 0.0000e+00
    220.185    11.3204    35.4533  1028.0658     1.4274     2.9080     47.529    0.00040    6.11834    6.11937      7.893    -0.0506   11.06848   3.990681 1.0128e-11    27.0750    27.0698 1.0000e-12    222.000          1      26101    1498.70 9.8737e+00  54928.712   1087.504 1622021353       0.13     -0.303   39.79812  -71.46272 0.0000e+00
    219.688    11.3250    35.4522  1028.0618     1.4271     2.9028     47.467   -0.00006    6.11551    6.11650      7.893    -0.0524   11.06374   3.991053 1.0128e-11    27.0732    27.0680 1.0000e-12    221.500          1      26146    1498.70 9.8737e+00  54925.900   1089.362 1622021355      -0.10     -0.273   39.79812  -71.46272 0.0000e+00
    219.195    11.3468    35.4510  1028.0545     1.4280     2.9061     47.537    0.00032    6.11332    6.11428      7.895 -9.990e-29   11.06009   3.992952 1.0128e-11    27.0682    27.0630 1.0000e-12    221.000          1      26185    1498.77 9.8737e+00  54919.996   1091.017 1622021357       0.03     -0.307   39.79812  -71.46272 0.0000e+00
    218.701    11.3618    35.4568  1028.0539     1.4292     2.9104     47.638    0.00088    6.10933    6.11024      7.897    -0.0792   11.05349   3.995005 1.0128e-11    27.0699    27.0648 1.0000e-12    220.500          1      26216    1498.82 9.8737e+00  54925.080   1092.290 1622021358      -0.13     -0.347   39.79812  -71.46274 0.0000e+00
    218.201    11.3709    35.4566  1028.0498     1.4301     2.9118     47.692    0.00106    6.10530    6.10616      7.897    -0.0792   11.04676   3.995762 1.0128e-11    27.0681    27.0629 1.0000e-12    220.000          1      26238    1498.84 9.8737e+00  54922.827   1093.193 1622021359      -0.14     -0.483   39.79812  -71.46274 0.0000e+00
    217.704    11.3803    35.4604  1028.0487     1.4310     2.9126     47.715    0.00082    6.10407    6.10491 -9.990e-29    -0.0531   11.04469   3.997103 3.7993e+03    27.0693    27.0641 1.0000e-12    219.500          1      26262    1498.87 8.4754e+00  54926.105   1094.220 1622021360       0.05     -0.531   39.79812  -71.46274 0.0000e+00
    217.216    11.4124    35.4599  1028.0401     1.4327     2.9196     47.845    0.00133    6.10207    6.10289 -9.990e-29    -0.0257   11.04136   4.000379 1.0284e+05    27.0630    27.0578 1.0000e-12    219.000          1      26290    1498.97 -2.883e-01  54919.334   1095.393 1622021361       0.05     -0.420   39.79812  -71.46274 0.0000e+00
    216.710    11.4414    35.4657  1028.0368     1.4336     2.9220     47.887    0.00135    6.10194    6.10275 -9.990e-29    -0.0391   11.04116   4.003677 9.9977e+04    27.0621    27.0569 1.0000e-12    218.500          1      26312    1499.07 4.2696e-04  54921.871   1096.275 1622021362      -0.13     -0.491   39.79812  -71.46274 0.0000e+00
    216.221    11.4585    35.4692  1028.0340     1.4360     2.9260     47.954    0.00079    6.10164    6.10245      7.898    -0.0533   11.04066   4.005360 4.9166e+04    27.0616    27.0564 1.0000e-12    218.000          1      26367    1499.13 4.6177e+00  54923.352   1098.591 1622021364       0.01     -0.193   39.79812  -71.46274 0.0000e+00
    215.722    11.4574    35.4699  1028.0325     1.4372     2.9281     48.005    0.00069    6.09960    6.10038      7.899 -9.990e-29   11.03726   4.005335 3.2363e+02    27.0623    27.0572 1.0000e-12    217.500          1      26404    1499.12 9.8395e+00  54924.361   1100.135 1622021366      -0.29     -0.325   39.79812  -71.46274 0.0000e+00
    215.228    11.4648    35.4706  1028.0294     1.4376     2.9277     48.006    0.00053    6.09864    6.09941      7.900    -0.0439   11.03565   4.006109 1.0128e-11    27.0615    27.0563 1.0000e-12    217.000          1      26435    1499.14 9.8737e+00  54923.602   1101.398 1622021367       0.07     -0.434   39.79812  -71.46274 0.0000e+00
    214.739    11.4750    35.4711  1028.0256     1.4377     2.9253     47.970    0.00008    6.09809    6.09886 -9.990e-29    -0.0290   11.03473   4.007158 1.0128e-11    27.0599    27.0548 1.0000e-12    216.500          1      26466    1499.16 9.8737e+00  54922.083   1102.719 1622021368      -0.05     -0.337   39.79812  -71.46274 0.0000e+00
    214.236    11.4847    35.4727  1028.0227     1.4376     2.9240     47.956    0.00002    6.09728    6.09803 -9.990e-29    -0.0388   11.03340   4.008157 1.0128e-11    27.0593    27.0542 1.0000e-12    216.000          1      26486    1499.19 9.8737e+00  54922.283   1103.531 1622021369      -0.22     -0.479   39.79812  -71.46274 0.0000e+00
    213.736    11.4887    35.4739  1028.0207     1.4373     2.9196     47.914   -0.00027    6.09342    6.09412 -9.990e-29    -0.0408   11.02704   4.008674 1.0128e-11    27.0596    27.0544 1.0000e-12    215.500          1      26507    1499.20 9.8737e+00  54923.007   1104.421 1622021370      -0.02     -0.594   39.79812  -71.46274 0.0000e+00
    213.245    11.4930    35.4746  1028.0182     1.4373     2.9173     47.914   -0.00013    6.08854    6.08917 -9.990e-29    -0.0596   11.01886   4.009129 1.0128e-11    27.0593    27.0542 1.0000e-12    215.000          1      26543    1499.20 9.8737e+00  54923.042   1105.923 1622021371       0.17     -0.379   39.79812  -71.46274 0.0000e+00
    212.752    11.5319    35.4732  1028.0074     1.4385     2.9259     48.051    0.00081    6.08921    6.08986 -9.990e-29    -0.0558   11.01995   4.012973 1.0128e-11    27.0509    27.0457 1.0000e-12    214.500          1      26582    1499.33 9.8737e+00  54913.692   1107.545 1622021373      -0.06     -0.293   39.79812  -71.46274 0.0000e+00
    212.257    11.5626    35.4802  1028.0048     1.4390     2.9245     48.045    0.00053    6.08698    6.08760 -9.990e-29    -0.0629   11.01625   4.016612 1.0128e-11    27.0506    27.0455 1.0000e-12    214.000          1      26609    1499.43 9.8737e+00  54917.705   1108.673 1622021374      -0.11     -0.394   39.79812  -71.46274 0.0000e+00
    211.753    11.5701    35.4826  1028.0028     1.4390     2.9212     48.016    0.00023    6.08399    6.08458      7.901    -0.0530   11.01128   4.017343 1.0128e-11    27.0510    27.0459 1.0000e-12    213.500          1      26632    1499.46 9.8737e+00  54919.263   1109.631 1622021375      -0.07     -0.499   39.79812  -71.46274 0.0000e+00
    211.267    11.5606    35.4841  1028.0037     1.4395     2.9222     48.039    0.00023    6.08287    6.08344      7.903    -0.0524   11.00940   4.016623 1.0128e-11    27.0540    27.0489 1.0000e-12    213.000          1      26669    1499.42 9.8737e+00  54923.001   1111.184 1622021377       0.18     -0.354   39.79812  -71.46275 0.0000e+00
    210.769    11.5913    35.4867  1027.9975     1.4402     2.9231     48.082    0.00043    6.07925    6.07977      7.904    -0.0524   11.00338   4.019972 1.0128e-11    27.0502    27.0451 1.0000e-12    212.500          1      26696    1499.52 9.8737e+00  54920.683   1112.301 1622021378      -0.22     -0.353   39.79812  -71.46276 0.0000e+00
    210.269    11.6026    35.4887  1027.9947     1.4416     2.9297     48.206    0.00106    6.07743    6.07792      7.906    -0.0527   11.00032   4.021104 1.0128e-11    27.0497    27.0445 1.0000e-12    212.000          1      26722    1499.55 9.8737e+00  54921.289   1113.383 1622021379       0.03     -0.490   39.79813  -71.46276 0.0000e+00
    209.786    11.6123    35.4908  1027.9923     1.4439     2.9367     48.353    0.00152    6.07338    6.07382      7.906    -0.0524   10.99360   4.022393 1.0128e-11    27.0494    27.0443 1.0000e-12    211.500          1      26756    1499.58 9.8737e+00  54922.110   1114.798 1622021380       0.05     -0.308   39.79814  -71.46276 0.0000e+00
    209.275    11.6442    35.4943  1027.9866     1.4448     2.9396     48.407    0.00167    6.07278    6.07322      7.906    -0.0524   10.99261   4.025880 1.0128e-11    27.0462    27.0411 1.0000e-12    211.000          1      26774    1499.68 9.8737e+00  54921.187   1115.523 1622021381      -0.33     -0.453   39.79814  -71.46276 0.0000e+00
    208.783    11.6596    35.4960  1027.9827     1.4478     2.9468     48.554    0.00172    6.06924    6.06963      7.906    -0.0540   10.98669   4.027296 1.0128e-11    27.0446    27.0395 1.0000e-12    210.500          1      26809    1499.73 9.8737e+00  54920.480   1116.997 1622021383       0.07     -0.392   39.79814  -71.46276 0.0000e+00
    208.293    11.6853    35.5001  1027.9787     1.4516     2.9582     48.800    0.00244    6.06200    6.06229      7.908    -0.0516   10.97471   4.030382 1.0128e-11    27.0429    27.0378 1.0000e-12    210.000          1      26850    1499.82 9.8737e+00  54921.337   1118.694 1622021384      -0.35     -0.206   39.79814  -71.46276 0.0000e+00
    207.786    11.7065    35.5009  1027.9729     1.4541     2.9654     48.936    0.00268    6.05980    6.06007      7.909    -0.0394   10.97101   4.032475 1.0128e-11    27.0395    27.0344 1.0000e-12    209.500          1      26871    1499.88 9.8737e+00  54918.461   1119.574 1622021385      -0.19     -0.502   39.79814  -71.46276 0.0000e+00
    207.303    11.7310    35.5054  1027.9695     1.4592     2.9820     49.223    0.00312    6.05806    6.05832      7.910    -0.0386   10.96809   4.035433 1.0128e-11    27.0383    27.0332 1.0000e-12    209.000          1      26908    1499.96 9.8737e+00  54920.240   1121.136 1622021387       0.23     -0.356   39.79814  -71.46276 0.0000e+00
    206.807    11.7747    35.5090  1027.9616     1.4621     2.9921     49.393    0.00340    6.05768    6.05793      7.910    -0.0389   10.96746   4.040057 1.0128e-11    27.0329    27.0277 1.0000e-12    208.500          1      26934    1500.11 9.8737e+00  54917.596   1122.208 1622021388      -0.24     -0.352   39.79814  -71.46276 0.0000e+00
    206.302    11.7840    35.5127  1027.9604     1.4627     2.9862     49.301    0.00196    6.05714    6.05738 -9.990e-29    -0.0389   10.96658   4.041158 1.0128e-11    27.0340    27.0289 1.0000e-12    208.000          1      26952    1500.14 9.8737e+00  54920.525   1122.956 1622021389      -0.23     -0.559   39.79814  -71.46276 0.0000e+00
