CalculateIndicators/WaterTemperature/Data/CTD_NYOS/20210323_C21.cnv
* Sea-Bird SBE 9 Data File:
* FileName = C:\Seabird 9 CTD\Data\2021\202103_offshore\20210323_C21.hex
* Software Version Seasave V 7.23.2
* Temperature SN = 4590
* Conductivity SN = 3228
* Number of Bytes Per Scan = 44
* Number of Voltage Words = 5
* Number of Scans Averaged by the Deck Unit = 1
* NMEA Latitude = 39 19.78 N
* NMEA Longitude = 072 40.48 W
* NMEA UTC (Time) = Mar 23 2021  22:32:47
* NMEA baud rate = 4800
** Ship: RV Seawolf
** Station: 5.5
** Operator: TDK
# nquan = 31
# nvalues = 216                         
# units = specified
# name 0 = depSM: Depth [salt water, m]
# name 1 = t090C: Temperature [ITS-90, deg C]
# name 2 = sal00: Salinity, Practical [PSU]
# name 3 = density00: Density [density, kg/m^3]
# name 4 = sbeox0V: Oxygen raw, SBE 43 [V]
# name 5 = sbeox0ML/L: Oxygen, SBE 43 [ml/l]
# name 6 = sbeox0PS: Oxygen, SBE 43 [% saturation]
# name 7 = sbox0dV/dT: Oxygen, SBE 43 [dov/dt]
# name 8 = oxsolML/L: Oxygen Saturation, Garcia & Gordon [ml/l]
# name 9 = oxsatML/L: Oxygen Saturation, Weiss [ml/l]
# name 10 = ph: pH
# name 11 = flECO-AFL: Fluorescence, WET Labs ECO-AFL/FL [mg/m^3]
# name 12 = n2satML/L: Nitrogen Saturation [ml/l]
# name 13 = c0S/m: Conductivity [S/m]
# name 14 = cpar: CPAR/Corrected Irradiance [%]
# name 15 = sigma-é00: Density [sigma-theta, kg/m^3]
# name 16 = sigma-t00: Density [sigma-t, kg/m^3 ]
# name 17 = par: PAR/Irradiance, Biospherical/Licor
# name 18 = prDM: Pressure, Digiquartz [db]
# name 19 = pumps: Pump Status
# name 20 = scan: Scan Count
# name 21 = svCM: Sound Velocity [Chen-Millero, m/s]
# name 22 = spar: SPAR, Biospherical/Licor
# name 23 = specc: Specific Conductance [uS/cm]
# name 24 = timeS: Time, Elapsed [seconds]
# name 25 = timeY: Time, System [seconds]
# name 26 = accM: Acceleration [m/s^2]
# name 27 = dz/dtM: Descent Rate [m/s]
# name 28 = latitude: Latitude [deg]
# name 29 = longitude: Longitude [deg]
# name 30 = flag: flag
# span 0 =      1.944,    109.147       
# span 1 =     9.5425,    12.3257       
# span 2 =    34.0849,    35.1426       
# span 3 =  1026.3227,  1027.1294       
# span 4 =     2.1502,     2.6082       
# span 5 =     4.9577,     6.7152       
# span 6 =     82.479,    104.924       
# span 7 =   -0.01883,    0.01171       
# span 8 =    6.00539,    6.41557       
# span 9 =    6.00463,    6.41957       
# span 10 =      8.495,      8.588      
# span 11 =     0.0937,     0.8888      
# span 12 =   10.88517,   11.57569      
# span 13 =   3.677306,   4.050993      
# span 14 = 3.4041e-13, 1.0543e+01      
# span 15 =    26.3133,    26.6398      
# span 16 =    26.3131,    26.6370      
# span 17 = 1.0000e-12, 3.6506e+01      
# span 18 =      2.000,    110.000      
# span 19 =          1,          1      
# span 20 =        135,      25948      
# span 21 =    1487.10,    1499.92      
# span 22 = 9.9775e+01, 4.1538e+02      
# span 23 =  53225.172,  54260.136      
# span 24 =      5.593,   1081.122      
# span 25 = 1616538773, 1616539849      
# span 26 =      -1.05,       0.97      
# span 27 =     -1.738,      1.421      
# span 28 =   39.32827,   39.32980      
# span 29 =  -72.67951,  -72.67479      
# span 30 = 0.0000e+00, 0.0000e+00      
# interval = decibars: 1                
# start_time = Mar 23 2021 22:32:48 [System UTC, first data scan.]
# bad_flag = -9.990e-29
*END*
[from data line 188]
     29.758     9.5935    34.2315  1026.5560     2.5086     6.4260    100.256    0.00435    6.40304    6.40700      8.565     0.6335   11.55323   3.697498 3.4505e-01    26.4205    26.4200 4.6959e-01     30.000          1      20119    1487.92 1.3624e+02  53438.311    838.269 1616539606       0.14     -0.616   39.32851  -72.67841 0.0000e+00
     28.768     9.5929    34.2313  1026.5514     2.5097     6.4031    100.148    0.00299    6.40169    6.40563 -9.990e-29     0.5661   11.55100   3.697359 4.3509e-01    26.4204    26.4199 5.5920e-01     29.000          1      21231    1487.90 1.2857e+02  53437.436    884.573 1616539652      -0.33     -1.172   39.32844  -72.67859 0.0000e+00
     27.779     9.5963    34.2311  1026.5462     2.5113     6.4112    100.087    0.00145    6.40119    6.40513 -9.990e-29     0.5129   11.55019   3.697632 4.9751e-01    26.4197    26.4192 6.3580e-01     28.000          1      21310    1487.90 1.2781e+02  53435.901    887.860 1616539655       0.16     -0.673   39.32844  -72.67861 0.0000e+00
     26.796     9.6066    34.2313  1026.5401     2.5253     6.4683    100.869    0.00282    6.40007    6.40399      8.571     0.5285   11.54835   3.698573 5.8416e-01    26.4181    26.4176 7.2269e-01     27.000          1      21451    1487.92 1.2363e+02  53433.298    893.756 1616539661      -0.16     -0.083   39.32843  -72.67865 0.0000e+00
     25.798     9.6101    34.2309  1026.5347     2.5355     6.5447    101.506    0.00455    6.39985    6.40376      8.575     0.6013   11.54801   3.698809 6.9052e-01    26.4173    26.4168 8.7253e-01     26.000          1      21512    1487.91 1.2635e+02  53431.478    896.273 1616539664      -0.43     -0.489   39.32842  -72.67866 0.0000e+00
     24.806     9.6124    34.2288  1026.5281     2.5577     6.6237    103.047    0.00974    6.39843    6.40232      8.581     0.6462   11.54568   3.698782 7.9526e-01    26.4152    26.4147 9.7366e-01     25.000          1      21564    1487.90 1.2255e+02  53427.407    898.462 1616539666       0.11     -0.465   39.32842  -72.67867 0.0000e+00
     23.821     9.6356    34.2236  1026.5157     2.5966     6.6896    104.496    0.00472    6.39552    6.39934      8.588     0.6640   11.54124   3.700428 9.0766e-01    26.4073    26.4068 1.1077e+00     24.000          1      21699    1487.96 1.2202e+02  53414.736    904.090 1616539672      -0.06     -0.064   39.32842  -72.67870 0.0000e+00
     22.828     9.6517    34.2094  1026.4974     2.6032     6.7152    104.776    0.00428    6.39714    6.40096      8.587     0.7044   11.54421   3.700503 1.0335e+00    26.3935    26.3931 1.2860e+00     23.000          1      21745    1487.99 1.2444e+02  53390.828    905.996 1616539674      -0.42     -0.563   39.32842  -72.67871 0.0000e+00
     21.821     9.6544    34.1849  1026.4732     2.6081     6.7104    104.924    0.00321    6.39779    6.40161      8.582     0.7018   11.54533   3.698115 1.2056e+00    26.3738    26.3734 1.4907e+00     22.000          1      21792    1487.95 1.2369e+02  53355.172    907.951 1616539676      -0.12     -0.774   39.32842  -72.67872 0.0000e+00
     20.829     9.6343    34.1539  1026.4478     2.6082     6.6593    104.353   -0.00325    6.40340    6.40727      8.579     0.6328   11.55498   3.692998 1.3936e+00    26.3530    26.3526 1.6943e+00     21.000          1      21903    1487.83 1.2157e+02  53315.316    912.581 1616539680      -0.36     -0.746   39.32842  -72.67874 0.0000e+00
     19.846     9.6132    34.1320  1026.4297     2.5967     6.6466    103.820   -0.00279    6.40423    6.40811      8.577     0.6423   11.55640   3.689147 1.5701e+00    26.3393    26.3389 1.8971e+00     20.000          1      22001    1487.70 1.2086e+02  53288.233    916.656 1616539684       0.05     -0.232   39.32840  -72.67876 0.0000e+00
     18.854     9.6053    34.1254  1026.4213     2.5883     6.6199    103.530   -0.00116    6.40632    6.41022      8.574     0.7283   11.55997   3.687678 1.7963e+00    26.3354    26.3351 2.1597e+00     19.000          1      22140    1487.65 1.2020e+02  53279.978    922.442 1616539690      -0.37     -0.233   39.32840  -72.67878 0.0000e+00
     17.859     9.5963    34.1187  1026.4130     2.5814     6.6095    103.157   -0.00151    6.40728    6.41119      8.570     0.6328   11.56162   3.686209 2.0326e+00    26.3317    26.3313 2.4433e+00     18.000          1      22259    1487.60 1.2029e+02  53271.822    927.405 1616539695      -0.02     -0.285   39.32840  -72.67881 0.0000e+00
     16.869     9.5851    34.1089  1026.4026     2.5713     6.5676    102.642   -0.00161    6.41040    6.41434      8.568     0.6151   11.56699   3.684151 2.3218e+00    26.3258    26.3255 2.7936e+00     17.000          1      22443    1487.53 1.2033e+02  53259.674    935.095 1616539703      -0.04     -0.311   39.32838  -72.67885 0.0000e+00
     15.873     9.5730    34.0947  1026.3890     2.5579     6.5445    102.066   -0.00058    6.41106    6.41500      8.564     0.5504   11.56811   3.681675 2.6243e+00    26.3167    26.3164 3.0806e+00     16.000          1      22824    1487.45 1.1745e+02  53241.693    950.961 1616539719       0.01     -0.411   39.32837  -72.67893 0.0000e+00
     14.886     9.5808    34.1024  1026.3892     2.5658     6.5602    102.422   -0.00052    6.41060    6.41453      8.564     0.7020   11.56733   3.683078 2.9285e+00    26.3214    26.3211 3.1729e+00     15.000          1      24286    1487.47 1.0832e+02  53250.173   1011.885 1616539780      -0.08     -0.343   39.32832  -72.67922 0.0000e+00
     13.894     9.5771    34.0986  1026.3823     2.5626     6.5384    102.168   -0.00161    6.41189    6.41583      8.564     0.7284   11.56954   3.682269 3.2019e+00    26.3191    26.3188 3.5343e+00     14.000          1      24249    1487.44 1.1039e+02  53245.043   1010.353 1616539778      -0.10     -0.546   39.32832  -72.67922 0.0000e+00
     12.893     9.5726    34.0936  1026.3746     2.5589     6.5293    101.965   -0.00181    6.41056    6.41449 -9.990e-29     0.5763   11.56725   3.681374 3.5039e+00    26.3158    26.3156 3.8170e+00     13.000          1      24326    1487.40 1.0902e+02  53238.201   1013.532 1616539781      -0.11     -0.599   39.32832  -72.67923 0.0000e+00
     11.902     9.5692    34.0906  1026.3683     2.5555     6.5273    101.832   -0.00124    6.41180    6.41575      8.563     0.5150   11.56940   3.680725 3.7472e+00    26.3140    26.3138 4.0673e+00     12.000          1      24454    1487.36 1.0855e+02  53234.070   1018.861 1616539786      -0.12     -0.489   39.32832  -72.67925 0.0000e+00
     10.917     9.5704    34.0911  1026.3640     2.5556     6.5351    102.001    0.00083    6.41102    6.41496      8.559     0.6559   11.56807   3.680860 4.1538e+00    26.3143    26.3141 4.3231e+00     11.000          1      24586    1487.35 1.0410e+02  53233.984   1024.362 1616539792      -0.12     -0.194   39.32832  -72.67928 0.0000e+00
      9.920     9.5708    34.0920  1026.3600     2.5567     6.5346    101.953   -0.00017    6.41139    6.41534 -9.990e-29     0.6729   11.56869   3.680951 4.6588e+00    26.3148    26.3146 4.6958e+00     10.000          1      24683    1487.34 1.0122e+02  53234.386   1028.431 1616539796      -0.18     -0.401   39.32832  -72.67930 0.0000e+00
      8.927     9.5712    34.0923  1026.3556     2.5561     6.5325    101.931   -0.00002    6.41178    6.41572 -9.990e-29     0.5700   11.56935   3.680961 4.8313e+00    26.3150    26.3148 5.0374e+00      9.000          1      24773    1487.32 1.0431e+02  53234.081   1032.184 1616539800      -0.08     -0.397   39.32832  -72.67931 0.0000e+00
      7.940     9.5678    34.0898  1026.3497     2.5550     6.5294    101.848   -0.00005    6.41206    6.41602      8.559     0.5419   11.56983   3.680368 4.9673e+00    26.3136    26.3134 5.1750e+00      8.000          1      24923    1487.29 1.0428e+02  53230.658   1038.420 1616539806      -0.14     -0.350   39.32831  -72.67934 0.0000e+00
      6.943     9.5667    34.0898  1026.3453     2.5551     6.5329    101.867    0.00011    6.41199    6.41594      8.559     0.6472   11.56970   3.680226 5.5152e+00    26.3137    26.3136 5.7810e+00      7.000          1      24986    1487.27 1.0442e+02  53230.214   1041.026 1616539809      -0.01     -0.432   39.32830  -72.67936 0.0000e+00
      5.950     9.5675    34.0896  1026.3406     2.5556     6.5321    101.861   -0.00011    6.41196    6.41591      8.559     0.6256   11.56966   3.680236 6.2821e+00    26.3135    26.3133 6.5071e+00      6.000          1      25149    1487.26 1.0357e+02  53229.211   1047.826 1616539815      -0.10     -0.467   39.32830  -72.67938 0.0000e+00
      4.956     9.5658    34.0901  1026.3366     2.5559     6.5309    101.890    0.00019    6.41212    6.41607      8.559     0.6024   11.56991   3.680075 7.7718e+00    26.3141    26.3140 7.9085e+00      5.000          1      25361    1487.23 1.0172e+02  53229.536   1056.662 1616539824      -0.27     -0.328   39.32830  -72.67941 0.0000e+00
      3.963     9.5657    34.0900  1026.3321     2.5558     6.5301    101.851   -0.00006    6.41215    6.41611      8.556     0.6020   11.56997   3.680030 9.1336e+00    26.3140    26.3140 9.1595e+00      4.000          1      25579    1487.22 9.9775e+01  53228.833   1065.754 1616539833      -0.35     -0.310   39.32829  -72.67946 0.0000e+00
      2.956     9.5657    34.0900  1026.3275     2.5566     6.5261    101.886   -0.00004    6.41198    6.41593      8.555     0.5329   11.56968   3.679978 1.0543e+01    26.3140    26.3140 1.0575e+01      3.000          1      25948    1487.21 1.0050e+02  53228.199   1081.122 1616539849      -0.05     -0.573   39.32827  -72.67951 0.0000e+00
