CalculateIndicators/WaterTemperature/Data/CTD_NYOS/20210322_C10.cnv
* Sea-Bird SBE 9 Data File:
* FileName = C:\Seabird 9 CTD\Data\2021\202103_offshore\20210322_C10.hex
* Software Version Seasave V 7.23.2
* Temperature SN = 4590
* Conductivity SN = 3228
* Number of Bytes Per Scan = 44
* Number of Voltage Words = 5
* Number of Scans Averaged by the Deck Unit = 1
* NMEA Latitude = 39 08.04 N
* NMEA Longitude = 072 56.51 W
* NMEA UTC (Time) = Mar 22 2021  11:40:45
* NMEA baud rate = 4800
** Ship: RV Seawolf
** Station: 6.5
** Operator: TCM
# nquan = 31
# nvalues = 151                         
# units = specified
# name 0 = depSM: Depth [salt water, m]
# name 1 = t090C: Temperature [ITS-90, deg C]
# name 2 = sal00: Salinity, Practical [PSU]
# name 3 = density00: Density [density, kg/m^3]
# name 4 = sbeox0V: Oxygen raw, SBE 43 [V]
# name 5 = sbeox0ML/L: Oxygen, SBE 43 [ml/l]
# name 6 = sbeox0PS: Oxygen, SBE 43 [% saturation]
# name 7 = sbox0dV/dT: Oxygen, SBE 43 [dov/dt]
# name 8 = oxsolML/L: Oxygen Saturation, Garcia & Gordon [ml/l]
# name 9 = oxsatML/L: Oxygen Saturation, Weiss [ml/l]
# name 10 = ph: pH
# name 11 = flECO-AFL: Fluorescence, WET Labs ECO-AFL/FL [mg/m^3]
# name 12 = n2satML/L: Nitrogen Saturation [ml/l]
# name 13 = c0S/m: Conductivity [S/m]
# name 14 = cpar: CPAR/Corrected Irradiance [%]
# name 15 = sigma-é00: Density [sigma-theta, kg/m^3]
# name 16 = sigma-t00: Density [sigma-t, kg/m^3 ]
# name 17 = par: PAR/Irradiance, Biospherical/Licor
# name 18 = prDM: Pressure, Digiquartz [db]
# name 19 = pumps: Pump Status
# name 20 = scan: Scan Count
# name 21 = svCM: Sound Velocity [Chen-Millero, m/s]
# name 22 = spar: SPAR, Biospherical/Licor
# name 23 = specc: Specific Conductance [uS/cm]
# name 24 = timeS: Time, Elapsed [seconds]
# name 25 = timeY: Time, System [seconds]
# name 26 = accM: Acceleration [m/s^2]
# name 27 = dz/dtM: Descent Rate [m/s]
# name 28 = latitude: Latitude [deg]
# name 29 = longitude: Longitude [deg]
# name 30 = flag: flag
# span 0 =      1.974,     76.411       
# span 1 =     9.6498,    10.1641       
# span 2 =    34.2218,    34.4475       
# span 3 =  1026.4077,  1026.8394       
# span 4 =     2.4400,     2.5603       
# span 5 =     6.1194,     6.5184       
# span 6 =     96.879,    102.230       
# span 7 =   -0.00828,    0.00900       
# span 8 =    6.31134,    6.39291       
# span 9 =    6.31420,    6.39677       
# span 10 =      8.540,      8.568      
# span 11 =     0.2934,     2.0978      
# span 12 =   11.39903,   11.53601      
# span 13 =   3.702587,   3.774249      
# span 14 = -1.936e-05, 1.7162e+01      
# span 15 =    26.3987,    26.4940      
# span 16 =    26.3987,    26.4925      
# span 17 = -1.769e-04, 1.5733e+02      
# span 18 =      2.000,     77.000      
# span 19 =          1,          1      
# span 20 =        185,      16031      
# span 21 =    1487.74,    1491.00      
# span 22 = 8.2382e+02, 1.0559e+03      
# span 23 =  53390.802,  53655.014      
# span 24 =      7.675,    667.912      
# span 25 = 1616413254, 1616413914      
# span 26 =      -0.58,       0.69      
# span 27 =     -0.863,      1.023      
# span 28 =   39.13388,   39.13400      
# span 29 =  -72.94375,  -72.94192      
# span 30 = 0.0000e+00, 0.0000e+00      
# interval = decibars: 1                
# start_time = Mar 22 2021 11:40:46 [System UTC, first data scan.]
# bad_flag = -9.990e-29
*END*
      1.984     9.6885    34.2244  1026.4077     2.5603     6.5184    102.044    0.00020    6.38947    6.39323      8.558     0.6747   11.53089   3.704334 1.7162e+01    26.3987    26.3987 1.4692e+02      2.000          1        185    1487.79 8.5667e+02  53390.802      7.675 1616413254       0.26      0.022   39.13400  -72.94192 0.0000e+00
      2.982     9.6879    34.2248  1026.4127     2.5595     6.5164    102.002   -0.00007    6.38950    6.39326 -9.990e-29     0.6688   11.53093   3.704360 1.2341e+01    26.3991    26.3991 1.0542e+02      3.000          1        321    1487.81 8.5452e+02  53392.058     13.340 1616413260       0.20      0.381   39.13400  -72.94194 0.0000e+00
      3.964     9.6881    34.2248  1026.4171     2.5593     6.5173    102.016   -0.00001    6.38962    6.39337 -9.990e-29     0.7188   11.53113   3.704429 1.4169e+01    26.3991    26.3990 1.2320e+02      4.000          1        409    1487.83 8.6971e+02  53392.634     16.995 1616413264       0.35      0.258   39.13400  -72.94194 0.0000e+00
      4.963     9.6872    34.2248  1026.4218     2.5582     6.5130    101.941   -0.00036    6.38985    6.39361 -9.990e-29     0.6529   11.53152   3.704379 7.2822e+00    26.3992    26.3991 6.2656e+01      5.000          1        473    1487.84 8.5983e+02  53393.403     19.658 1616413266      -0.02      0.318   39.13400  -72.94194 0.0000e+00
      5.953     9.6855    34.2245  1026.4264     2.5572     6.5112    101.921   -0.00020    6.39022    6.39398 -9.990e-29     0.6606   11.53212   3.704230 6.4838e+00    26.3993    26.3992 5.4827e+01      6.000          1        548    1487.85 8.4680e+02  53394.030     22.806 1616413269       0.19      0.409   39.13400  -72.94196 0.0000e+00
      6.949     9.6837    34.2244  1026.4312     2.5569     6.5127    101.927   -0.00005    6.39012    6.39389 -9.990e-29     0.6543   11.53197   3.704108 4.2297e+00    26.3995    26.3994 3.6723e+01      7.000          1        604    1487.86 8.7046e+02  53394.850     25.126 1616413272      -0.08      0.399   39.13400  -72.94196 0.0000e+00
      7.932     9.6838    34.2249  1026.4360     2.5562     6.5124    101.894   -0.00032    6.38894    6.39269 -9.990e-29     0.8045   11.52998   3.704221 2.7460e+00    26.3999    26.3998 2.2932e+01      8.000          1        712    1487.88 8.3761e+02  53396.187     29.607 1616413276       0.11      0.127   39.13400  -72.94197 0.0000e+00
      8.940     9.6883    34.2266  1026.4413     2.5568     6.5133    101.972    0.00025    6.38932    6.39307 -9.990e-29     0.6512   11.53061   3.704879 1.9604e+00    26.4006    26.4004 1.6917e+01      9.000          1        742    1487.91 8.6398e+02  53398.383     30.880 1616413277       0.31      0.638   39.13400  -72.94198 0.0000e+00
      9.923     9.6876    34.2264  1026.4457     2.5560     6.5091    101.907   -0.00017    6.38971    6.39347 -9.990e-29     0.6358   11.53127   3.704809 1.7795e+00    26.4006    26.4004 1.5255e+01     10.000          1        839    1487.93 8.5691e+02  53398.899     34.933 1616413281       0.06      0.264   39.13400  -72.94198 0.0000e+00
     10.917     9.6871    34.2261  1026.4501     2.5556     6.5135    101.904   -0.00013    6.38962    6.39338 -9.990e-29     0.6412   11.53112   3.704762 1.5504e+00    26.4004    26.4002 1.3371e+01     11.000          1        901    1487.94 8.6251e+02  53399.196     37.493 1616413284       0.01      0.440   39.13400  -72.94200 0.0000e+00
     11.910     9.6875    34.2263  1026.4548     2.5554     6.5114    101.914   -0.00006    6.38972    6.39348 -9.990e-29     0.6519   11.53129   3.704869 1.3686e+00    26.4006    26.4003 1.2002e+01     12.000          1        961    1487.96 8.7678e+02  53400.094     40.018 1616413286      -0.02      0.389   39.13400  -72.94200 0.0000e+00
     12.897     9.6892    34.2268  1026.4593     2.5548     6.5056    101.880   -0.00041    6.38801    6.39175 -9.990e-29     0.6901   11.52841   3.705135 1.2658e+00    26.4006    26.4004 1.0718e+01     13.000          1       1059    1487.98 8.4721e+02  53400.964     44.065 1616413290       0.17      0.193   39.13400  -72.94200 0.0000e+00
     13.895     9.6922    34.2277  1026.4641     2.5535     6.5006    101.814   -0.00054    6.38826    6.39200      8.558     0.5936   11.52884   3.705595 1.0980e+00    26.4009    26.4006 9.5521e+00     14.000          1       1104    1488.01 8.7028e+02  53402.367     45.955 1616413292       0.01      0.551   39.13400  -72.94200 0.0000e+00
     14.887     9.6964    34.2288  1026.4688     2.5536     6.5067    101.877    0.00009    6.38643    6.39015      8.558     0.6076   11.52576   3.706103 9.8546e-01    26.4011    26.4008 8.5979e+00     15.000          1       1173    1488.04 8.7221e+02  53403.706     48.834 1616413295      -0.08      0.336   39.13400  -72.94202 0.0000e+00
     15.876     9.7062    34.2320  1026.4742     2.5580     6.5124    102.230    0.00174    6.36703    6.37053      8.558     0.5704   11.49303   3.707482 9.0622e-01    26.4019    26.4016 7.6709e+00     16.000          1       1262    1488.10 8.4705e+02  53406.705     52.537 1616413299       0.16      0.294   39.13400  -72.94203 0.0000e+00
     16.865     9.7961    34.2687  1026.4923     2.5563     6.4365    101.945   -0.00065    6.36694    6.37044      8.558     0.4579   11.49281   3.720296 7.6242e-01    26.4156    26.4152 6.6647e+00     17.000          1       1311    1488.49 8.7404e+02  53440.467     54.603 1616413301       0.03      0.475   39.13399  -72.94204 0.0000e+00
     17.868     9.8189    34.2939  1026.5128     2.5361     6.3805    100.408   -0.00723    6.37339    6.37699      8.554     0.5606   11.50351   3.723977 6.8358e-01    26.4315    26.4312 5.9590e+00     18.000          1       1379    1488.62 8.7193e+02  53471.874     57.407 1616413304       0.20      0.449   39.13398  -72.94204 0.0000e+00
     18.854     9.7606    34.2913  1026.5250     2.5124     6.3108     99.180   -0.00828    6.38120    6.38490      8.547     0.4708   11.51650   3.718134 6.1321e-01    26.4393    26.4389 5.2472e+00     19.000          1       1459    1488.42 8.5586e+02  53480.682     60.769 1616413307       0.18      0.513   39.13398  -72.94204 0.0000e+00
     19.849     9.7367    34.2872  1026.5304     2.5001     6.3030     98.821   -0.00550    6.38232    6.38603      8.545     0.4210   11.51836   3.715576 5.3909e-01    26.4401    26.4397 4.6953e+00     20.000          1       1517    1488.34 8.7141e+02  53480.484     63.187 1616413310      -0.08      0.420   39.13398  -72.94206 0.0000e+00
     20.835     9.7126    34.2830  1026.5356     2.4870     6.2733     98.467   -0.00257    6.38709    6.39087      8.541     0.4549   11.52631   3.712953 4.9558e-01    26.4408    26.4404 4.2650e+00     21.000          1       1627    1488.27 8.6067e+02  53480.080     67.751 1616413314       0.29      0.274   39.13398  -72.94207 0.0000e+00
     21.827     9.6999    34.2808  1026.5406     2.4818     6.2554     98.121   -0.00358    6.38656    6.39033      8.541     0.3717   11.52544   3.711616 4.2903e-01    26.4413    26.4408 3.7443e+00     22.000          1       1660    1488.23 8.7288e+02  53480.333     69.114 1616413316       0.16      0.633   39.13398  -72.94208 0.0000e+00
     22.835     9.6917    34.2799  1026.5459     2.4779     6.2606     97.959   -0.00323    6.38676    6.39053      8.542     0.4079   11.52576   3.710851 3.7176e-01    26.4420    26.4415 3.2810e+00     23.000          1       1697    1488.22 8.8284e+02  53481.441     70.656 1616413317       0.07      0.776   39.13398  -72.94208 0.0000e+00
     23.817     9.6898    34.2793  1026.5501     2.4727     6.2409     97.861   -0.00187    6.38889    6.39269      8.540     0.3482   11.52931   3.710663 3.3885e-01    26.4417    26.4413 2.9218e+00     24.000          1       1825    1488.23 8.6257e+02  53481.479     75.996 1616413322       0.25      0.712   39.13398  -72.94208 0.0000e+00
     24.807     9.6807    34.2780  1026.5552     2.4696     6.2362     97.652   -0.00250    6.38877    6.39257      8.540     0.3576   11.52911   3.709746 2.9818e-01    26.4423    26.4418 2.6424e+00     25.000          1       1855    1488.21 8.8644e+02  53482.205     77.244 1616413324       0.04      0.804   39.13398  -72.94210 0.0000e+00
     25.805     9.6777    34.2774  1026.5598     2.4662     6.2297     97.569   -0.00168    6.38985    6.39366      8.540     0.3825   11.53091   3.709484 2.7006e-01    26.4424    26.4419 2.3361e+00     26.000          1       1918    1488.21 8.6542e+02  53482.679     79.867 1616413326      -0.00      0.487   39.13398  -72.94210 0.0000e+00
     26.782     9.6694    34.2759  1026.5644     2.4591     6.2051     97.208   -0.00219    6.39043    6.39425      8.540     0.3590   11.53183   3.708616 2.5165e-01    26.4425    26.4420 2.0685e+00     27.000          1       2029    1488.20 8.2382e+02  53482.837     84.489 1616413331       0.27      0.208   39.13398  -72.94211 0.0000e+00
     27.784     9.6579    34.2743  1026.5697     2.4572     6.2229     97.112   -0.00221    6.38979    6.39360      8.540     0.3107   11.53077   3.707314 2.0853e-01    26.4432    26.4427 1.8281e+00     28.000          1       2049    1488.17 8.7704e+02  53483.624     85.350 1616413332       0.37      0.712   39.13398  -72.94212 0.0000e+00
     28.784     9.6605    34.2778  1026.5766     2.4591     6.2411     97.400    0.00007    6.38994    6.39375      8.540     0.3368   11.53102   3.708215 1.8105e-01    26.4456    26.4450 1.6259e+00     29.000          1       2074    1488.20 8.9829e+02  53488.738     86.372 1616413333       0.10      0.959   39.13398  -72.94212 0.0000e+00
     29.777     9.6731    34.2807  1026.5812     2.4629     6.2467     97.791    0.00227    6.38836    6.39216      8.542     0.3147   11.52838   3.709673 1.7508e-01    26.4457    26.4452 1.4372e+00     30.000          1       2147    1488.27 8.2875e+02  53490.747     89.396 1616413336       0.08      0.652   39.13398  -72.94213 0.0000e+00
     30.765     9.6836    34.2832  1026.5860     2.4674     6.2648     98.032    0.00227    6.38566    6.38942      8.544     0.3525   11.52386   3.710974 1.4858e-01    26.4460    26.4454 1.2634e+00     31.000          1       2227    1488.33 8.5249e+02  53492.762     92.757 1616413339       0.05      0.674   39.13398  -72.94214 0.0000e+00
     31.758     9.6932    34.2860  1026.5911     2.4713     6.2803     98.227    0.00223    6.38517    6.38892      8.544     0.3398   11.52303   3.712174 1.2724e-01    26.4466    26.4460 1.1406e+00     32.000          1       2270    1488.38 8.9702e+02  53495.411     94.533 1616413341      -0.06      0.593   39.13398  -72.94214 0.0000e+00
     32.746     9.7003    34.2884  1026.5963     2.4761     6.2791     98.390    0.00123    6.38488    6.38864      8.544     0.3803   11.52254   3.713093 1.1609e-01    26.4473    26.4467 1.0051e+00     33.000          1       2346    1488.43 8.6647e+02  53497.940     97.726 1616413344      -0.06      0.262   39.13398  -72.94214 0.0000e+00
     33.737     9.7021    34.2895  1026.6014     2.4759     6.2747     98.269   -0.00033    6.38523    6.38899      8.544     0.4521   11.52311   3.713399 1.0859e-01    26.4479    26.4473 8.9882e-01     34.000          1       2419    1488.45 8.3100e+02  53499.761    100.734 1616413347       0.08      0.403   39.13398  -72.94216 0.0000e+00
     34.730     9.7021    34.2899  1026.6063     2.4751     6.2655     98.228   -0.00040    6.38535    6.38911      8.544     0.5226   11.52331   3.713457 8.8728e-02    26.4482    26.4476 7.9725e-01     35.000          1       2456    1488.47 8.9900e+02  53501.020    102.297 1616413349       0.23      0.591   39.13398  -72.94216 0.0000e+00
     35.730     9.6994    34.2896  1026.6110     2.4740     6.2682     98.144   -0.00077    6.38529    6.38905      8.544     0.4323   11.52321   3.713217 7.7531e-02    26.4484    26.4477 6.9709e-01     36.000          1       2491    1488.47 8.9892e+02  53501.682    103.737 1616413350      -0.06      0.717   39.13398  -72.94216 0.0000e+00
     36.714     9.6985    34.2894  1026.6155     2.4727     6.2639     98.131   -0.00043    6.38562    6.38938      8.544     0.3846   11.52376   3.713148 7.0756e-02    26.4485    26.4478 5.9818e-01     37.000          1       2587    1488.49 8.4667e+02  53502.356    107.759 1616413354       0.21      0.252   39.13398  -72.94217 0.0000e+00
     37.710     9.6970    34.2891  1026.6201     2.4712     6.2641     98.042   -0.00086    6.38578    6.38954      8.544     0.4534   11.52403   3.713017 6.0341e-02    26.4485    26.4478 5.2875e-01     38.000          1       2638    1488.50 8.7687e+02  53502.825    109.885 1616413356       0.17      0.697   39.13398  -72.94219 0.0000e+00
     38.702     9.6961    34.2889  1026.6246     2.4712     6.2626     98.103   -0.00012    6.38577    6.38953      8.544     0.3672   11.52401   3.712968 5.1818e-02    26.4485    26.4478 4.6717e-01     39.000          1       2674    1488.51 9.0174e+02  53503.437    111.373 1616413358      -0.06      0.695   39.13398  -72.94220 0.0000e+00
     39.694     9.6957    34.2889  1026.6292     2.4709     6.2651     98.115   -0.00002    6.38587    6.38963      8.544     0.3671   11.52417   3.712970 4.5291e-02    26.4486    26.4478 3.9663e-01     40.000          1       2754    1488.53 8.7541e+02  53504.085    114.715 1616413361       0.07      0.281   39.13398  -72.94220 0.0000e+00
     40.684     9.6949    34.2886  1026.6335     2.4706     6.2608     98.101   -0.00021    6.38558    6.38934 -9.990e-29     0.2983   11.52369   3.712904 4.0217e-02    26.4485    26.4478 3.4279e-01     41.000          1       2825    1488.54 8.5310e+02  53504.328    117.670 1616413364       0.07      0.435   39.13398  -72.94221 0.0000e+00
     41.677     9.6961    34.2894  1026.6386     2.4694     6.2596     98.021   -0.00056    6.38533    6.38909 -9.990e-29     0.3311   11.52328   3.713154 3.3040e-02    26.4489    26.4482 2.9401e-01     42.000          1       2874    1488.56 8.9093e+02  53505.990    119.728 1616413366      -0.05      0.479   39.13398  -72.94222 0.0000e+00
     42.673     9.6981    34.2901  1026.6434     2.4691     6.2624     98.038   -0.00019    6.38528    6.38904 -9.990e-29     0.5544   11.52320   3.713464 2.6818e-02    26.4492    26.4484 2.4405e-01     43.000          1       2924    1488.58 9.1011e+02  53507.255    121.799 1616413368       0.14      0.481   39.13397  -72.94222 0.0000e+00
     43.658     9.6994    34.2903  1026.6478     2.4695     6.2652     98.097   -0.00006    6.38523    6.38899      8.544     0.2934   11.52311   3.713647 2.5102e-02    26.4491    26.4483 2.0924e-01     44.000          1       3020    1488.61 8.3417e+02  53507.869    125.774 1616413372       0.16      0.224   39.13396  -72.94224 0.0000e+00
     44.652     9.6996    34.2904  1026.6524     2.4693     6.2643     98.109    0.00013    6.38521    6.38897      8.545     0.3365   11.52308   3.713710 1.9397e-02    26.4492    26.4484 1.6561e-01     45.000          1       3060    1488.63 8.5603e+02  53508.627    127.452 1616413374       0.21      0.619   39.13396  -72.94224 0.0000e+00
     45.650     9.6994    34.2904  1026.6570     2.4702     6.2698     98.154    0.00003    6.38509    6.38885      8.546     0.3598   11.52287   3.713739 1.4913e-02    26.4492    26.4484 1.3305e-01     46.000          1       3122    1488.64 8.9289e+02  53509.301    130.029 1616413377       0.07      0.480   39.13396  -72.94224 0.0000e+00
     46.636     9.6995    34.2903  1026.6614     2.4706     6.2718     98.178   -0.00023    6.38491    6.38867      8.548     0.3686   11.52258   3.713786 1.3238e-02    26.4492    26.4483 1.1263e-01     47.000          1       3206    1488.66 8.5037e+02  53509.793    133.550 1616413380       0.18      0.453   39.13396  -72.94226 0.0000e+00
