CalculateIndicators/WaterTemperature/Data/CTD_NYOS/20210523_C15.cnv
* Sea-Bird SBE 9 Data File:
* FileName = C:\Seabird 9 CTD\Data\2021\202105_offshore\20210523_C15.hex
* Software Version Seasave V 7.23.2
* Temperature SN = 4590
* Conductivity SN = 3228
* Number of Bytes Per Scan = 44
* Number of Voltage Words = 5
* Number of Scans Averaged by the Deck Unit = 1
* NMEA Latitude = 39 57.39 N
* NMEA Longitude = 072 53.80 W
* NMEA UTC (Time) = May 23 2021  04:55:34
* NMEA baud rate = 4800
** Ship: seawolf
** Station: 5.3
** Operator: TDK
# nquan = 31
# nvalues = 186                         
# units = specified
# name 0 = depSM: Depth [salt water, m]
# name 1 = t090C: Temperature [ITS-90, deg C]
# name 2 = sal00: Salinity, Practical [PSU]
# name 3 = density00: Density [density, kg/m^3]
# name 4 = sbeox0V: Oxygen raw, SBE 43 [V]
# name 5 = sbeox0ML/L: Oxygen, SBE 43 [ml/l]
# name 6 = sbeox0PS: Oxygen, SBE 43 [% saturation]
# name 7 = sbox0dV/dT: Oxygen, SBE 43 [dov/dt]
# name 8 = oxsolML/L: Oxygen Saturation, Garcia & Gordon [ml/l]
# name 9 = oxsatML/L: Oxygen Saturation, Weiss [ml/l]
# name 10 = ph: pH
# name 11 = flECO-AFL: Fluorescence, WET Labs ECO-AFL/FL [mg/m^3]
# name 12 = n2satML/L: Nitrogen Saturation [ml/l]
# name 13 = c0S/m: Conductivity [S/m]
# name 14 = cpar: CPAR/Corrected Irradiance [%]
# name 15 = sigma-é00: Density [sigma-theta, kg/m^3]
# name 16 = sigma-t00: Density [sigma-t, kg/m^3 ]
# name 17 = par: PAR/Irradiance, Biospherical/Licor
# name 18 = prDM: Pressure, Digiquartz [db]
# name 19 = pumps: Pump Status
# name 20 = scan: Scan Count
# name 21 = svCM: Sound Velocity [Chen-Millero, m/s]
# name 22 = spar: SPAR, Biospherical/Licor
# name 23 = specc: Specific Conductance [uS/cm]
# name 24 = timeS: Time, Elapsed [seconds]
# name 25 = timeY: Time, System [seconds]
# name 26 = accM: Acceleration [m/s^2]
# name 27 = dz/dtM: Descent Rate [m/s]
# name 28 = latitude: Latitude [deg]
# name 29 = longitude: Longitude [deg]
# name 30 = flag: flag
# span 0 =      1.977,     48.127       
# span 1 =     7.6727,    15.0223       
# span 2 =    31.3882,    33.8494       
# span 3 =  1023.1981,  1026.2365       
# span 4 =     2.0883,     2.8526       
# span 5 =     4.8332,     6.7887       
# span 6 =     79.566,    117.235       
# span 7 =   -0.12279,    0.07157       
# span 8 =    5.78775,    6.72167       
# span 9 =    5.78250,    6.72939       
# span 10 =      7.897,      8.066      
# span 11 =     0.0777,     2.0712      
# span 12 =   10.55658,   12.09063      
# span 13 =   3.431049,   3.990085      
# span 14 = -3.589e+03, 1.0023e+05      
# span 15 =    23.1871,    26.0192      
# span 16 =    23.1870,    26.0187      
# span 17 = -2.874e-05, 3.7343e-04      
# span 18 =      2.000,     48.500      
# span 19 =          1,          1      
# span 20 =        209,      11016      
# span 21 =    1479.70,    1503.56      
# span 22 = -4.568e-03, 2.0456e+00      
# span 23 =  48653.161,  52625.863      
# span 24 =      8.670,    458.979      
# span 25 = 1621745742, 1621746192      
# span 26 =      -0.33,       0.53      
# span 27 =     -0.813,      1.024      
# span 28 =   39.95652,   39.95684      
# span 29 =  -72.89678,  -72.89573      
# span 30 = 0.0000e+00, 0.0000e+00      
# interval = decibars: 0.5              
# start_time = May 23 2021 04:55:33 [System UTC, first data scan.]
# bad_flag = -9.990e-29
*END*
[from data line 94]
     47.136     7.7042    33.3389  1026.2298     2.0918     5.3594     79.793   -0.00035    6.71662    6.72428      7.899     0.2226   12.08215   3.441948 5.0640e-11    26.0129    26.0122 1.0000e-12     47.500          1       4172    1480.07 1.9747e+00  52619.417    173.803 1621745907      -0.20     -0.363   39.95664  -72.89640 0.0000e+00
     46.633     7.7040    33.3389  1026.2276     2.0910     5.3532     79.700   -0.00085    6.71672    6.72438      7.898     0.2392   12.08232   3.441906 5.0640e-11    26.0129    26.0123 1.0000e-12     47.000          1       4148    1480.06 1.9747e+00  52619.137    172.798 1621745906      -0.22     -0.540   39.95664  -72.89640 0.0000e+00
     46.135     7.7034    33.3389  1026.2253     2.0911     5.3560     79.742   -0.00044    6.71673    6.72440      7.897     0.2602   12.08235   3.441822 5.0640e-11    26.0130    26.0123 1.0000e-12     46.500          1       4170    1480.05 1.9747e+00  52618.946    173.701 1621745907       0.04     -0.612   39.95664  -72.89639 0.0000e+00
     45.641     7.7029    33.3388  1026.2230     2.0901     5.3508     79.664   -0.00070    6.71674    6.72440      7.897     0.2552   12.08235   3.441742 5.0640e-11    26.0130    26.0123 1.0000e-12     46.000          1       4198    1480.04 1.9747e+00  52618.586    174.868 1621745908       0.11     -0.478   39.95664  -72.89638 0.0000e+00
     45.147     7.7021    33.3384  1026.2206     2.0895     5.3507     79.662   -0.00031    6.71669    6.72435      7.897     0.2311   12.08227   3.441622 5.0640e-11    26.0128    26.0121 1.0000e-12     45.500          1       4243    1480.03 1.9747e+00  52617.882    176.751 1621745910       0.10     -0.275   39.95664  -72.89638 0.0000e+00
     44.659     7.7022    33.3384  1026.2183     2.0891     5.3488     79.634   -0.00030    6.71675    6.72441      7.897     0.2415   12.08237   3.441606 5.0640e-11    26.0127    26.0121 1.0000e-12     45.000          1       4284    1480.02 1.9747e+00  52617.485    178.446 1621745911      -0.20     -0.240   39.95664  -72.89638 0.0000e+00
     44.155     7.7026    33.3384  1026.2159     2.0894     5.3519     79.679    0.00008    6.71682    6.72448      7.898     0.2160   12.08249   3.441616 5.0640e-11    26.0127    26.0120 1.0000e-12     44.500          1       4301    1480.01 1.9747e+00  52617.048    179.174 1621745912      -0.33     -0.472   39.95664  -72.89638 0.0000e+00
     43.657     7.7026    33.3382  1026.2135     2.0890     5.3499     79.649   -0.00002    6.71687    6.72454      7.898     0.2268   12.08258   3.441584 5.0640e-11    26.0125    26.0119 1.0000e-12     44.000          1       4319    1480.00 1.9747e+00  52616.521    179.902 1621745913      -0.14     -0.654   39.95664  -72.89638 0.0000e+00
     43.161     7.7024    33.3382  1026.2112     2.0886     5.3458     79.587   -0.00043    6.71689    6.72456      7.898     0.2526   12.08261   3.441543 5.0640e-11    26.0126    26.0120 1.0000e-12     43.500          1       4338    1480.00 1.9747e+00  52616.242    180.705 1621745914       0.05     -0.669   39.95664  -72.89638 0.0000e+00
     42.662     7.7019    33.3381  1026.2089     2.0883     5.3443     79.566   -0.00045    6.71690    6.72456      7.897     0.2607   12.08262   3.441467 5.0640e-11    26.0126    26.0120 1.0000e-12     43.000          1       4360    1479.99 1.9747e+00  52615.899    181.607 1621745915       0.08     -0.603   39.95664  -72.89638 0.0000e+00
     42.169     7.7013    33.3380  1026.2067     2.0883     5.3461     79.592   -0.00012    6.71687    6.72454      7.897     0.2208   12.08258   3.441386 5.0640e-11    26.0125    26.0120 1.0000e-12     42.500          1       4398    1479.98 1.9747e+00  52615.537    183.193 1621745916       0.16     -0.367   39.95664  -72.89637 0.0000e+00
     41.676     7.7012    33.3379  1026.2043     2.0890     5.3520     79.681    0.00054    6.71680    6.72446      7.897     0.2275   12.08246   3.441345 5.0640e-11    26.0124    26.0119 1.0000e-12     42.000          1       4446    1479.97 1.9747e+00  52615.052    185.225 1621745918      -0.08     -0.227   39.95664  -72.89636 0.0000e+00
     41.182     7.7014    33.3378  1026.2019     2.0894     5.3511     79.667    0.00028    6.71687    6.72454      7.897     0.2308   12.08259   3.441327 5.0640e-11    26.0123    26.0117 1.0000e-12     41.500          1       4477    1479.96 1.9747e+00  52614.481    186.483 1621745920      -0.11     -0.355   39.95664  -72.89636 0.0000e+00
     40.687     7.7019    33.3374  1026.1993     2.0895     5.3503     79.654    0.00016    6.71692    6.72459      7.897     0.2415   12.08268   3.441314 5.0640e-11    26.0119    26.0114 1.0000e-12     41.000          1       4498    1479.95 1.9747e+00  52613.493    187.355 1621745920      -0.17     -0.470   39.95664  -72.89636 0.0000e+00
     40.187     7.7020    33.3374  1026.1970     2.0897     5.3516     79.671    0.00031    6.71714    6.72481      7.897     0.2540   12.08305   3.441311 7.2771e+04    26.0119    26.0114 1.0000e-12     40.500          1       4514    1479.95 5.3768e-01  52613.176    188.036 1621745921      -0.21     -0.602   39.95664  -72.89636 0.0000e+00
     39.689     7.7018    33.3375  1026.1947     2.0900     5.3535     79.690    0.00031    6.71787    6.72555      7.899     0.2585   12.08431   3.441265 1.0023e+05    26.0120    26.0115 1.0000e-12     40.000          1       4529    1479.94 -4.568e-03  52612.968    188.672 1621745922      -0.15     -0.719   39.95664  -72.89636 0.0000e+00
     39.191     7.7015    33.3373  1026.1923     2.0906     5.3568     79.724    0.00041    6.71914    6.72682      7.900     0.2685   12.08650   3.441197 5.8455e+04    26.0119    26.0114 1.0000e-12     39.500          1       4545    1479.93 8.2038e-01  52612.408    189.339 1621745922      -0.02     -0.773   39.95664  -72.89636 0.0000e+00
     38.696     7.7014    33.3371  1026.1899     2.0905     5.3573     79.730    0.00050    6.71938    6.72707      7.900     0.2692   12.08693   3.441148 7.1416e+02    26.0117    26.0112 1.0000e-12     39.000          1       4563    1479.92 1.9606e+00  52611.764    190.095 1621745923       0.10     -0.734   39.95666  -72.89636 0.0000e+00
     38.197     7.7001    33.3360  1026.1869     2.0925     5.3664     79.864    0.00087    6.71948    6.72717      7.900     0.3519   12.08709   3.440861 5.0640e-11    26.0110    26.0105 1.0000e-12     38.500          1       4585    1479.90 1.9747e+00  52610.212    190.986 1621745924       0.12     -0.633   39.95666  -72.89635 0.0000e+00
     37.705     7.6896    33.3229  1026.1759     2.1014     5.4107     80.503    0.00301    6.72116    6.72883      7.902     1.8954   12.09037   3.438625 1.1083e+04    26.0023    26.0017 1.0000e-12     38.000          1       4645    1479.84 1.7558e+00  52593.901    193.521 1621745927       0.06     -0.250   39.95666  -72.89634 0.0000e+00
     37.211     7.6766    33.3026  1026.1595     2.1173     5.4796     81.570    0.00613    6.71773    6.72528      7.911     1.0346   12.08537   3.435377 -1.394e+02    25.9882    25.9877 1.0000e-12     37.500          1       4709    1479.76 1.9775e+00  52568.035    196.178 1621745929      -0.20     -0.241   39.95666  -72.89634 0.0000e+00
     36.714     7.6777    33.2580  1026.1220     2.1409     5.6161     83.704    0.01654    6.70959    6.71698      7.920     0.5397   12.07232   3.431500 -9.990e-29    25.9529    25.9524 1.0000e-12     37.000          1       4738    1479.70 -9.990e-29  52503.860    197.392 1621745930      -0.04     -0.402   39.95666  -72.89634 0.0000e+00
     36.221     7.7123    33.2352  1026.0969     2.1629     5.7043     85.145    0.02048    6.69950    6.70669      7.928     0.5402   12.05613   3.432698 -9.990e-29    25.9301    25.9296 1.0000e-12     36.500          1       4765    1479.79 -9.990e-29  52462.604    198.486 1621745931      -0.05     -0.419   39.95666  -72.89634 0.0000e+00
     35.723     7.7307    33.2237  1026.0829     2.1791     5.7567     85.916    0.02011    6.70036    6.70757      7.935     0.5654   12.05748   3.433194 -9.990e-29    25.9184    25.9180 1.0000e-12     36.000          1       4784    1479.84 -9.990e-29  52441.480    199.285 1621745932      -0.17     -0.517   39.95666  -72.89634 0.0000e+00
     35.221     7.7608    33.2060  1026.0623     2.1936     5.8087     86.650    0.02017    6.70360    6.71089      7.941     0.6395   12.06262   3.434497 -9.990e-29    25.9001    25.8997 1.0000e-12     35.500          1       4801    1479.92 -9.990e-29  52408.399    200.000 1621745933      -0.14     -0.635   39.95666  -72.89632 0.0000e+00
     34.716     7.8453    33.1637  1026.0145     2.2325     5.9089     88.130    0.01538    6.70474    6.71205      7.945     0.5755   12.06443   3.438067 5.0640e-11    25.8548    25.8543 1.0000e-12     35.000          1       5139    1480.19 1.9747e+00  52327.535    214.082 1621745947       0.01     -0.609   39.95667  -72.89630 0.0000e+00
     34.230     8.0595    33.0622  1025.9013     2.2989     6.0586     91.078    0.01318    6.65240    6.65872      7.962     0.5652   11.98015   3.447858 5.0640e-11    25.7439    25.7434 1.0000e-12     34.500          1       5970    1480.86 1.9747e+00  52131.564    248.715 1621745982       0.02     -0.313   39.95670  -72.89621 0.0000e+00
     33.741     8.1808    32.9981  1025.8309     2.3399     6.1763     93.406    0.01760    6.61226    6.61788      7.972     0.5291   11.91516   3.452772 5.0640e-11    25.6758    25.6753 1.0000e-12     34.000          1       6148    1481.24 1.9747e+00  52011.713    256.113 1621745989      -0.02     -0.224   39.95670  -72.89620 0.0000e+00
     33.242     8.3224    32.9564  1025.7747     2.3566     6.1976     93.994    0.01554    6.59354    6.59886      7.980     0.4085   11.88469   3.461897 5.0640e-11    25.6221    25.6216 1.0000e-12     33.500          1       6168    1481.71 1.9747e+00  51919.547    256.942 1621745990      -0.14     -0.368   39.95670  -72.89620 0.0000e+00
     32.749     8.4351    32.9200  1025.7270     2.3714     6.2229     94.544    0.01393    6.58202    6.58714      7.988     0.3295   11.86592   3.468371 5.0640e-11    25.5767    25.5762 1.0000e-12     33.000          1       6192    1482.08 1.9747e+00  51842.090    257.966 1621745991      -0.05     -0.461   39.95670  -72.89620 0.0000e+00
     32.253     8.5162    32.8917  1025.6903     2.3879     6.2859     95.568    0.01637    6.57749    6.58252      7.994     0.3332   11.85872   3.473179 5.0640e-11    25.5423    25.5418 1.0000e-12     32.500          1       6211    1482.34 1.9747e+00  51783.614    258.748 1621745992      -0.14     -0.532   39.95671  -72.89620 0.0000e+00
     31.753     8.6142    32.8624  1025.6502     2.4057     6.3708     96.894    0.02143    6.57497    6.57996      7.995     0.3318   11.85472   3.479008 5.0640e-11    25.5045    25.5040 1.0000e-12     32.000          1       6227    1482.66 1.9747e+00  51719.054    259.399 1621745992      -0.19     -0.647   39.95672  -72.89620 0.0000e+00
     31.252     8.6752    32.8454  1025.6251     2.4240     6.4558     98.232    0.02636    6.57197    6.57691 -9.990e-29     0.3112   11.84980   3.482940 5.0640e-11    25.4818    25.4814 1.0000e-12     31.500          1       6242    1482.86 1.9747e+00  51682.063    260.036 1621745993      -0.11     -0.748   39.95672  -72.89618 0.0000e+00
     30.755     8.7424    32.8285  1025.5993     2.4440     6.5275     99.340    0.02768    6.57091    6.57583 -9.990e-29     0.3662   11.84804   3.486887 5.0640e-11    25.4584    25.4579 1.0000e-12     31.000          1       6260    1483.08 1.9747e+00  51642.770    260.804 1621745994       0.09     -0.751   39.95672  -72.89618 0.0000e+00
     30.260     8.7939    32.7974  1025.5648     2.4673     6.5735    100.087    0.02335    6.56781    6.57268 -9.990e-29     0.3415   11.84293   3.488358 8.7466e+04    25.4261    25.4256 1.0000e-12     30.500          1       6287    1483.23 2.4749e-01  51587.245    261.933 1621745995       0.20     -0.547   39.95672  -72.89618 0.0000e+00
     29.772     8.8528    32.7804  1025.5401     2.4966     6.5651    100.265    0.00988    6.54776    6.55233      7.999     0.3106   11.81002   3.491637 7.5687e+03    25.4037    25.4032 1.0000e-12     30.000          1       6346    1483.42 1.8252e+00  51550.211    264.395 1621745997       0.05     -0.132   39.95672  -72.89618 0.0000e+00
     29.275     8.8985    32.7782  1025.5290     2.5007     6.5173     99.978    0.00514    6.51870    6.52284      7.998     0.3282   11.76222   3.495768 -7.331e+01    25.3949    25.3945 1.0000e-12     29.500          1       6379    1483.58 1.9761e+00  51537.010    265.756 1621745999      -0.23     -0.323   39.95672  -72.89618 0.0000e+00
     28.776     8.9656    32.7753  1025.5140     2.5006     6.4626     99.572    0.00117    6.49043    6.49418      8.001     0.3290   11.71534   3.501198 5.0640e-11    25.3822    25.3817 1.0000e-12     29.000          1       6401    1483.81 1.9747e+00  51518.362    266.668 1621746000      -0.13     -0.496   39.95672  -72.89618 0.0000e+00
     28.283     9.0075    32.7550  1025.4893     2.5025     6.4382     99.583    0.00075    6.46513    6.46853      8.001     0.3144   11.67360   3.502917 5.0640e-11    25.3599    25.3594 1.0000e-12     28.500          1       6422    1483.94 1.9747e+00  51480.434    267.524 1621746000      -0.04     -0.560   39.95672  -72.89618 0.0000e+00
     27.783     9.0982    32.7391  1025.4604     2.5070     6.4669    100.015    0.00320    6.46584    6.46924      8.004     0.2957   11.67498   3.510608 5.0640e-11    25.3332    25.3328 1.0000e-12     28.000          1       6440    1484.25 1.9747e+00  51438.742    268.275 1621746001      -0.08     -0.606   39.95672  -72.89616 0.0000e+00
     27.285     9.2768    32.7439  1025.4335     2.5115     6.4917    100.435    0.00557    6.46356    6.46690      8.005     0.3183   11.67149   3.527454 8.3623e+04    25.3088    25.3083 1.0000e-12     27.500          1       6458    1484.90 3.2338e-01  51408.016    269.036 1621746002      -0.04     -0.659   39.95672  -72.89616 0.0000e+00
     26.788     9.4687    32.7434  1025.4000     2.5144     6.4838    100.503    0.00503    6.45137    6.45453      8.006     0.3308   11.65148   3.544689 9.9614e+04    25.2777    25.2772 1.0000e-12     27.000          1       6479    1485.60 7.6076e-03  51368.134    269.916 1621746003       0.08     -0.628   39.95672  -72.89616 0.0000e+00
     26.294     9.5877    32.7270  1025.3657     2.5165     6.4639    100.341    0.00219    6.44197    6.44499      8.005     0.3117   11.63596   3.552107 9.9999e+04    25.2457    25.2452 1.0000e-12     26.500          1       6507    1486.00 0.0000e+00  51321.435    271.085 1621746004       0.13     -0.487   39.95672  -72.89616 0.0000e+00
     25.799     9.6532    32.6904  1025.3242     2.5210     6.4976    100.655    0.00292    6.45532    6.45854      8.007     0.3128   11.65782   3.554911 9.9999e+04    25.2065    25.2060 1.0000e-12     26.000          1       6540    1486.19 0.0000e+00  51256.378    272.467 1621746005       0.02     -0.365   39.95672  -72.89616 0.0000e+00
     25.297     9.8708    32.6702  1025.2703     2.5403     6.5587    102.096    0.00933    6.42420    6.42699      8.012     0.3045   11.60653   3.572315 2.8275e+04    25.1550    25.1545 1.0000e-12     25.500          1       6679    1486.95 1.4163e+00  51185.779    278.231 1621746011       0.04     -0.375   39.95672  -72.89615 0.0000e+00
     24.810    10.2261    32.6320  1025.1789     2.5973     6.6316    104.235    0.00298    6.36213    6.36403      8.027     0.2783   11.50457   3.598446 -1.247e+03    25.0660    25.0655 1.0000e-12     25.000          1       7866    1488.18 1.9993e+00  51064.856    327.726 1621746061      -0.07     -0.228   39.95676  -72.89603 0.0000e+00
