CalculateIndicators/WaterTemperature/Data/CTD_NYOS/202200730_C28.cnv
* Sea-Bird SBE 9 Data File:
* FileName = C:\Seabird 9 CTD\Data\2022\202207_offshore\202200730_C28.hex
* Software Version Seasave V 7.23.2
* Temperature SN = 4590
* Conductivity SN = 3228
* Number of Bytes Per Scan = 44
* Number of Voltage Words = 5
* Number of Scans Averaged by the Deck Unit = 1
* NMEA Latitude = 40 41.78 N
* NMEA Longitude = 071 47.40 W
* NMEA UTC (Time) = Dec 14 2002  15:00:19
* NMEA baud rate = 4800
** Ship: seawolf
** Station: 1.2
** Operator: TCM
# nquan = 18
# nvalues = 13274                       
# units = specified
# name 0 = latitude: Latitude [deg]
# name 1 = longitude: Longitude [deg]
# name 2 = prDM: Pressure, Digiquartz [db]
# name 3 = depSM: Depth [salt water, m]
# name 4 = t090C: Temperature [ITS-90, deg C]
# name 5 = sal00: Salinity, Practical [PSU]
# name 6 = ph: pH
# name 7 = flECO-AFL: Fluorescence, WET Labs ECO-AFL/FL [mg/m^3]
# name 8 = cpar: CPAR/Corrected Irradiance [%]
# name 9 = density00: Density [density, kg/m^3]
# name 10 = potemp090C: Potential Temperature [ITS-90, deg C]
# name 11 = sigma-é00: Density [sigma-theta, kg/m^3]
# name 12 = sbeox0Mg/L: Oxygen, SBE 43 [mg/l]
# name 13 = sbox0Mm/Kg: Oxygen, SBE 43 [umol/kg]
# name 14 = oxsolMg/L: Oxygen Saturation, Garcia & Gordon [mg/l]
# name 15 = oxsolMm/Kg: Oxygen Saturation, Garcia & Gordon [umol/kg]
# name 16 = sbeox0PS: Oxygen, SBE 43 [% saturation]
# name 17 = flag:  0.000e+00
# span 0 =   40.69574,   40.69638       
# span 1 =  -71.79006,  -71.78978       
# span 2 =      1.897,     50.477       
# span 3 =      1.883,     50.081       
# span 4 =    10.1552,    23.5791       
# span 5 =    32.1723,    34.6662       
# span 6 =      7.928,      8.302       
# span 7 =    -0.0255,     1.4385       
# span 8 = 3.9426e-02, 9.4320e+01       
# span 9 =  1021.6403,  1026.1437       
# span 10 =    10.1495,    23.5786      
# span 11 =    21.6276,    25.9168      
# span 12 =     5.8863,     9.9204      
# span 13 =    179.305,    302.522      
# span 14 =    7.05196,    9.06927      
# span 15 =  215.71024,  276.26034      
# span 16 =     65.006,    129.189      
# span 17 = 0.0000e+00, 0.0000e+00      
# interval = seconds: 0.0416667
# start_time = Jul 30 2022 15:00:16 [System UTC, first data scan.]
# bad_flag = -9.990e-29
*END*
[from data line 13026]
   40.69578  -71.78978      2.304      2.286    23.5748    32.1869      8.202 -9.990e-29 4.5239e+00  1021.6468    23.5743    21.6370     7.5414    230.680    7.05236  215.72165    106.934 -9.990e-29
   40.69578  -71.78978      2.283      2.266    23.5748    32.1869      8.202 -9.990e-29 4.5285e+00  1021.6468    23.5743    21.6371     7.5416    230.686    7.05239  215.72253    106.937 -9.990e-29
   40.69578  -71.78978      2.293      2.275    23.5748    32.1869      8.198 -9.990e-29 4.5974e+00  1021.6469    23.5743    21.6371     7.5415    230.684    7.05238  215.72255    106.936 -9.990e-29
   40.69578  -71.78978      2.293      2.275    23.5746    32.1869      8.198 -9.990e-29 4.6495e+00  1021.6469    23.5741    21.6371     7.5416    230.686    7.05244  215.72414    106.935 -9.990e-29
   40.69578  -71.78978      2.293      2.275    23.5749    32.1869      8.202 -9.990e-29 4.6495e+00  1021.6469    23.5744    21.6371     7.5416    230.686    7.05247  215.72503    106.935 -9.990e-29
   40.69578  -71.78978      2.294      2.277    23.5746    32.1869      8.202 -9.990e-29 4.6234e+00  1021.6471    23.5741    21.6371     7.5419    230.697    7.05251  215.72619    106.940 -9.990e-29
   40.69578  -71.78978      2.304      2.286    23.5748    32.1868      8.202 -9.990e-29 4.6057e+00  1021.6467    23.5743    21.6370     7.5468    230.846    7.05252  215.72666    107.009 -9.990e-29
   40.69578  -71.78978      2.304      2.286    23.5748    32.1868      8.202 -9.990e-29 4.5927e+00  1021.6468    23.5743    21.6369     7.5424    230.712    7.05254  215.72719    106.946 -9.990e-29
   40.69578  -71.78978      2.323      2.305    23.5748    32.1868      8.202 -9.990e-29 4.5880e+00  1021.6468    23.5743    21.6369     7.5428    230.724    7.05252  215.72665    106.952 -9.990e-29
   40.69578  -71.78978      2.314      2.296    23.5749    32.1868      8.202 -9.990e-29 4.5751e+00  1021.6469    23.5744    21.6370     7.5477    230.873    7.05247  215.72490    107.022 -9.990e-29
   40.69578  -71.78978      2.325      2.307    23.5749    32.1868      8.202 -9.990e-29 4.5798e+00  1021.6471    23.5745    21.6370     7.5481    230.886    7.05244  215.72404    107.028 -9.990e-29
   40.69578  -71.78978      2.353      2.335    23.5749    32.1868      8.202 -9.990e-29 4.5798e+00  1021.6470    23.5745    21.6369     7.5486    230.901    7.05243  215.72402    107.035 -9.990e-29
   40.69578  -71.78978      2.353      2.335    23.5751    32.1865      8.202 -9.990e-29 4.5564e+00  1021.6466    23.5746    21.6367     7.5443    230.770    7.05243  215.72388    106.975 -9.990e-29
   40.69578  -71.78978      2.374      2.356    23.5749    32.1865      8.202 -9.990e-29 4.5194e+00  1021.6468    23.5745    21.6367     7.5446    230.778    7.05241  215.72334    106.979 -9.990e-29
   40.69578  -71.78978      2.374      2.356    23.5745    32.1865      8.202 -9.990e-29 4.5599e+00  1021.6470    23.5740    21.6368     7.5449    230.788    7.05243  215.72400    106.983 -9.990e-29
   40.69578  -71.78978      2.395      2.376    23.5742    32.1867      8.202 -9.990e-29 4.5903e+00  1021.6473    23.5737    21.6370     7.5452    230.797    7.05239  215.72258    106.988 -9.990e-29
   40.69578  -71.78978      2.406      2.387    23.5744    32.1869      8.202 -9.990e-29 4.6080e+00  1021.6475    23.5739    21.6372     7.5456    230.808    7.05239  215.72264    106.993 -9.990e-29
   40.69578  -71.78978      2.415      2.397    23.5748    32.1869      8.202 -9.990e-29 4.6352e+00  1021.6475    23.5743    21.6372     7.5460    230.820    7.05237  215.72214    106.999 -9.990e-29
   40.69578  -71.78978      2.435      2.416    23.5749    32.1869      8.202 -9.990e-29 4.7261e+00  1021.6475    23.5744    21.6371     7.5464    230.832    7.05234  215.72113    107.005 -9.990e-29
   40.69578  -71.78978      2.446      2.427    23.5751    32.1869      8.202 -9.990e-29 4.7662e+00  1021.6474    23.5746    21.6370     7.5468    230.847    7.05234  215.72112    107.012 -9.990e-29
   40.69578  -71.78978      2.455      2.436    23.5749    32.1869      8.202 -9.990e-29 4.7711e+00  1021.6475    23.5744    21.6370     7.5471    230.855    7.05236  215.72182    107.015 -9.990e-29
   40.69578  -71.78978      2.476      2.457    23.5751    32.1869      8.202 -9.990e-29 4.7057e+00  1021.6475    23.5746    21.6369     7.5473    230.862    7.05235  215.72149    107.019 -9.990e-29
   40.69578  -71.78978      2.485      2.466    23.5751    32.1869      8.202 -9.990e-29 4.6841e+00  1021.6476    23.5746    21.6369     7.5476    230.871    7.05237  215.72206    107.023 -9.990e-29
   40.69578  -71.78978      2.506      2.487    23.5751    32.1869      8.202 -9.990e-29 4.6841e+00  1021.6477    23.5746    21.6369     7.5431    230.734    7.05236  215.72176    106.959 -9.990e-29
   40.69578  -71.78978      2.506      2.487    23.5753    32.1869      8.202 -9.990e-29 4.6174e+00  1021.6477    23.5748    21.6370     7.5432    230.737    7.05238  215.72241    106.960 -9.990e-29
   40.69578  -71.78978      2.527      2.507    23.5752    32.1869      8.198 -9.990e-29 4.5962e+00  1021.6480    23.5747    21.6370     7.5434    230.741    7.05240  215.72306    106.962 -9.990e-29
   40.69578  -71.78978      2.536      2.517    23.5753    32.1870      8.198 -9.990e-29 4.5974e+00  1021.6476    23.5748    21.6369     7.5387    230.599    7.05239  215.72276    106.896 -9.990e-29
   40.69578  -71.78978      2.546      2.526    23.5751    32.1870      8.198 -9.990e-29 4.7407e+00  1021.6478    23.5746    21.6369     7.5387    230.597    7.05240  215.72306    106.895 -9.990e-29
   40.69578  -71.78978      2.557      2.537    23.5751    32.1870      8.198 -9.990e-29 4.8797e+00  1021.6480    23.5746    21.6371     7.5383    230.587    7.05239  215.72268    106.891 -9.990e-29
   40.69578  -71.78978      2.557      2.537    23.5749    32.1870      8.198 -9.990e-29 4.9073e+00  1021.6483    23.5744    21.6372     7.5381    230.579    7.05241  215.72328    106.886 -9.990e-29
   40.69578  -71.78978      2.566      2.547    23.5751    32.1870      8.198 -9.990e-29 5.0577e+00  1021.6480    23.5745    21.6372     7.5381    230.580    7.05240  215.72283    106.887 -9.990e-29
   40.69578  -71.78978      2.587      2.567    23.5749    32.1870      8.198 -9.990e-29 5.2367e+00  1021.6483    23.5744    21.6371     7.5379    230.574    7.05240  215.72308    106.884 -9.990e-29
   40.69578  -71.78978      2.597      2.577    23.5753    32.1870      8.198 -9.990e-29 5.2434e+00  1021.6479    23.5748    21.6370     7.5378    230.569    7.05240  215.72306    106.882 -9.990e-29
   40.69578  -71.78978      2.587      2.567    23.5751    32.1870      8.198 -9.990e-29 5.2555e+00  1021.6480    23.5746    21.6370     7.5424    230.712    7.05244  215.72426    106.948 -9.990e-29
   40.69578  -71.78978      2.608      2.588    23.5751    32.1870      8.198 -9.990e-29 5.2367e+00  1021.6483    23.5746    21.6371     7.5375    230.562    7.05243  215.72371    106.878 -9.990e-29
   40.69578  -71.78978      2.608      2.588    23.5749    32.1870      8.198 -9.990e-29 5.2529e+00  1021.6483    23.5744    21.6371     7.5374    230.560    7.05243  215.72367    106.877 -9.990e-29
   40.69578  -71.78978      2.617      2.597    23.5751    32.1870      8.198 -9.990e-29 5.2127e+00  1021.6482    23.5745    21.6370     7.5371    230.548    7.05240  215.72298    106.872 -9.990e-29
   40.69578  -71.78978      2.617      2.597    23.5751    32.1870      8.202 -9.990e-29 5.1888e+00  1021.6481    23.5746    21.6370     7.5368    230.540    7.05241  215.72317    106.868 -9.990e-29
   40.69578  -71.78978      2.627      2.607    23.5753    32.1869      8.198 -9.990e-29 5.1742e+00  1021.6482    23.5747    21.6370     7.5365    230.530    7.05239  215.72257    106.864 -9.990e-29
   40.69578  -71.78978      2.627      2.607    23.5751    32.1869      8.202 -9.990e-29 5.2127e+00  1021.6484    23.5746    21.6370     7.5362    230.522    7.05237  215.72196    106.861 -9.990e-29
   40.69578  -71.78978      2.628      2.608    23.5753    32.1870      8.198 -9.990e-29 5.3725e+00  1021.6481    23.5747    21.6369     7.5312    230.369    7.05238  215.72242    106.789 -9.990e-29
   40.69578  -71.78978      2.638      2.618    23.5751    32.1870      8.198 -9.990e-29 5.4558e+00  1021.6482    23.5745    21.6369     7.5355    230.501    7.05238  215.72228    106.851 -9.990e-29
   40.69578  -71.78978      2.627      2.607    23.5751    32.1870      8.202 -9.990e-29 5.5274e+00  1021.6482    23.5746    21.6370     7.5353    230.494    7.05236  215.72182    106.848 -9.990e-29
   40.69578  -71.78978      2.617      2.597    23.5751    32.1870      8.198 -9.990e-29 6.0805e+00  1021.6483    23.5746    21.6370     7.5399    230.636    7.05236  215.72183    106.914 -9.990e-29
   40.69578  -71.78978      2.638      2.618    23.5748    32.1870      8.198 -9.990e-29 6.3571e+00  1021.6485    23.5742    21.6370     7.5352    230.492    7.05233  215.72075    106.847 -9.990e-29
   40.69578  -71.78978      2.628      2.608    23.5753    32.1869      8.198 -9.990e-29 6.3978e+00  1021.6480    23.5747    21.6370     7.5399    230.636    7.05237  215.72206    106.913 -9.990e-29
   40.69578  -71.78978      2.617      2.597    23.5751    32.1869      8.198 -9.990e-29 7.0113e+00  1021.6483    23.5745    21.6370     7.5401    230.640    7.05235  215.72141    106.915 -9.990e-29
   40.69578  -71.78978      2.608      2.588    23.5753    32.1869      8.198 -9.990e-29 7.4438e+00  1021.6480    23.5748    21.6369     7.5403    230.646    7.05239  215.72257    106.918 -9.990e-29
   40.69578  -71.78978      2.608      2.588    23.5748    32.1869      8.198 -9.990e-29 7.5684e+00  1021.6482    23.5742    21.6369     7.5404    230.650    7.05235  215.72150    106.920 -9.990e-29
   40.69576  -71.78978      2.598      2.578    23.5746    32.1867      8.198 -9.990e-29 6.8432e+00  1021.6481    23.5740    21.6369     7.5454    230.803    7.05237  215.72208    106.991 -9.990e-29
   40.69576  -71.78978      2.587      2.567    23.5748    32.1867      8.198 -9.990e-29 6.2893e+00  1021.6476    23.5742    21.6368     7.5458    230.815    7.05234  215.72115    106.997 -9.990e-29
   40.69576  -71.78978      2.587      2.567    23.5742    32.1867      8.198 -9.990e-29 6.1968e+00  1021.6481    23.5737    21.6369     7.5463    230.830    7.05236  215.72166    107.003 -9.990e-29
   40.69576  -71.78978      2.557      2.537    23.5740    32.1867      8.198 -9.990e-29 6.0154e+00  1021.6480    23.5735    21.6371     7.5467    230.843    7.05236  215.72166    107.010 -9.990e-29
   40.69576  -71.78978      2.557      2.537    23.5735    32.1869      8.198 -9.990e-29 5.7950e+00  1021.6485    23.5730    21.6374     7.5520    231.005    7.05239  215.72275    107.084 -9.990e-29
   40.69576  -71.78978      2.536      2.517    23.5733    32.1869      8.198 -9.990e-29 5.7463e+00  1021.6485    23.5728    21.6375     7.5527    231.025    7.05237  215.72212    107.094 -9.990e-29
   40.69576  -71.78978      2.527      2.507    23.5733    32.1869      8.198 -9.990e-29 5.9604e+00  1021.6481    23.5728    21.6375     7.5536    231.055    7.05238  215.72233    107.108 -9.990e-29
   40.69576  -71.78978      2.516      2.496    23.5733    32.1869      8.198 -9.990e-29 6.2735e+00  1021.6484    23.5728    21.6375     7.5544    231.078    7.05244  215.72427    107.118 -9.990e-29
   40.69576  -71.78978      2.496      2.477    23.5738    32.1869      8.198 -9.990e-29 6.3495e+00  1021.6482    23.5733    21.6375     7.5551    231.099    7.05243  215.72380    107.127 -9.990e-29
   40.69576  -71.78978      2.485      2.466    23.5741    32.1869      8.198 -9.990e-29 6.0433e+00  1021.6480    23.5735    21.6373     7.5608    231.273    7.05241  215.72325    107.208 -9.990e-29
   40.69576  -71.78978      2.476      2.457    23.5742    32.1867      8.198 -9.990e-29 5.5110e+00  1021.6476    23.5737    21.6370     7.5620    231.309    7.05240  215.72285    107.225 -9.990e-29
   40.69576  -71.78978      2.455      2.436    23.5744    32.1867      8.198 -9.990e-29 5.3581e+00  1021.6472    23.5739    21.6369     7.5632    231.347    7.05242  215.72351    107.242 -9.990e-29
   40.69576  -71.78978      2.435      2.416    23.5744    32.1867      8.202 -9.990e-29 5.3399e+00  1021.6474    23.5739    21.6370     7.5688    231.519    7.05240  215.72285    107.323 -9.990e-29
   40.69576  -71.78978      2.425      2.406    23.5742    32.1868      8.198 -9.990e-29 5.3864e+00  1021.6474    23.5737    21.6371     7.5700    231.555    7.05242  215.72359    107.339 -9.990e-29
   40.69576  -71.78978      2.415      2.397    23.5745    32.1869      8.202 -9.990e-29 5.4161e+00  1021.6475    23.5740    21.6372     7.5663    231.442    7.05241  215.72316    107.287 -9.990e-29
   40.69576  -71.78978      2.395      2.376    23.5744    32.1869      8.202 -9.990e-29 5.4707e+00  1021.6476    23.5739    21.6372     7.5719    231.613    7.05241  215.72327    107.366 -9.990e-29
   40.69576  -71.78978      2.385      2.367    23.5746    32.1869      8.198 -9.990e-29 5.0826e+00  1021.6474    23.5741    21.6371     7.5681    231.499    7.05241  215.72317    107.313 -9.990e-29
   40.69576  -71.78978      2.374      2.356    23.5749    32.1868      8.198 -9.990e-29 4.8960e+00  1021.6471    23.5745    21.6370     7.5737    231.668    7.05242  215.72367    107.391 -9.990e-29
   40.69576  -71.78978      2.365      2.346    23.5749    32.1868      8.198 -9.990e-29 4.8871e+00  1021.6470    23.5745    21.6369     7.5699    231.552    7.05242  215.72337    107.338 -9.990e-29
   40.69576  -71.78978      2.344      2.326    23.5747    32.1868      8.198 -9.990e-29 4.6820e+00  1021.6471    23.5742    21.6369     7.5753    231.718    7.05238  215.72221    107.415 -9.990e-29
   40.69576  -71.78978      2.345      2.327    23.5749    32.1868      8.198 -9.990e-29 4.5741e+00  1021.6467    23.5745    21.6369     7.5763    231.748    7.05240  215.72282    107.428 -9.990e-29
   40.69576  -71.78978      2.323      2.305    23.5748    32.1868      8.202 -9.990e-29 4.5484e+00  1021.6468    23.5743    21.6369     7.5724    231.628    7.05238  215.72252    107.373 -9.990e-29
   40.69576  -71.78978      2.314      2.296    23.5748    32.1868      8.202 -9.990e-29 4.3395e+00  1021.6469    23.5743    21.6370     7.5730    231.648    7.05242  215.72356    107.382 -9.990e-29
   40.69576  -71.78978      2.314      2.296    23.5746    32.1868      8.198 -9.990e-29 4.1499e+00  1021.6470    23.5741    21.6370     7.5733    231.657    7.05239  215.72283    107.386 -9.990e-29
   40.69578  -71.78978      2.304      2.286    23.5744    32.1868      8.198 -9.990e-29 4.0988e+00  1021.6470    23.5739    21.6370     7.5736    231.665    7.05237  215.72207    107.390 -9.990e-29
   40.69578  -71.78978      2.304      2.286    23.5745    32.1868      8.198     0.2162 4.0718e+00  1021.6469    23.5740    21.6370     7.5738    231.672    7.05237  215.72207    107.394 -9.990e-29
   40.69578  -71.78978      2.295      2.277    23.5744    32.1869      8.202     0.2028 4.0183e+00  1021.6469    23.5739    21.6371     7.5738    231.670    7.05238  215.72242    107.393 -9.990e-29
   40.69578  -71.78978      2.293      2.275    23.5744    32.1869      8.202     0.2162 4.0070e+00  1021.6471    23.5739    21.6372     7.5737    231.667    7.05239  215.72272    107.391 -9.990e-29
   40.69578  -71.78978      2.284      2.266    23.5744    32.1869      8.202     0.2162 4.0183e+00  1021.6468    23.5739    21.6372     7.5735    231.663    7.05240  215.72310    107.389 -9.990e-29
   40.69578  -71.78978      2.284      2.266    23.5744    32.1869      8.198     0.2162 4.0218e+00  1021.6470    23.5739    21.6372     7.5781    231.804    7.05242  215.72369    107.454 -9.990e-29
