CalculateIndicators/WaterTemperature/Data/CTD_NYOS/20220928_C02.cnv
* Sea-Bird SBE 9 Data File:
* FileName = C:\Seabird 9 CTD\Data\2022\202209_offshore\20220928_C02.hex
* Software Version Seasave V 7.23.2
* Temperature SN = 4590
* Conductivity SN = 3228
* Number of Bytes Per Scan = 44
* Number of Voltage Words = 5
* Number of Scans Averaged by the Deck Unit = 1
* NMEA Latitude = 40 26.91 N
* NMEA Longitude = 073 46.13 W
* NMEA UTC (Time) = Feb 12 2003  08:54:39
* NMEA baud rate = 4800
** Ship: seawolf
** Station: 7.1
** Operator: tcm
# nquan = 18
# nvalues = 10106                       
# units = specified
# name 0 = latitude: Latitude [deg]
# name 1 = longitude: Longitude [deg]
# name 2 = prDM: Pressure, Digiquartz [db]
# name 3 = depSM: Depth [salt water, m]
# name 4 = t090C: Temperature [ITS-90, deg C]
# name 5 = sal00: Salinity, Practical [PSU]
# name 6 = ph: pH
# name 7 = flECO-AFL: Fluorescence, WET Labs ECO-AFL/FL [mg/m^3]
# name 8 = cpar: CPAR/Corrected Irradiance [%]
# name 9 = density00: Density [density, kg/m^3]
# name 10 = potemp090C: Potential Temperature [ITS-90, deg C]
# name 11 = sigma-é00: Density [sigma-theta, kg/m^3]
# name 12 = sbeox0Mg/L: Oxygen, SBE 43 [mg/l]
# name 13 = sbox0Mm/Kg: Oxygen, SBE 43 [umol/kg]
# name 14 = oxsolMg/L: Oxygen Saturation, Garcia & Gordon [mg/l]
# name 15 = oxsolMm/Kg: Oxygen Saturation, Garcia & Gordon [umol/kg]
# name 16 = sbeox0PS: Oxygen, SBE 43 [% saturation]
# name 17 = flag:  0.000e+00
# span 0 =   40.44804,   40.44854       
# span 1 =  -73.76890,  -73.76674       
# span 2 =      1.289,     23.899       
# span 3 =      1.279,     23.714       
# span 4 =    12.7990,    20.4344       
# span 5 =    32.2996,    33.5156       
# span 6 =      6.858,      8.159       
# span 7 =     0.1357,     1.1833       
# span 8 = 5.0640e-11, 9.9999e+04       
# span 9 =  1022.6924,  1025.3498       
# span 10 =    12.7959,    20.4320      
# span 11 =    22.6698,    25.2711      
# span 12 =     4.6663,     6.9448      
# span 13 =    142.320,    212.210      
# span 14 =    7.44188,    8.58880      
# span 15 =  227.37298,  261.79798      
# span 16 =     55.405,     92.787      
# span 17 = 0.0000e+00, 0.0000e+00      
# interval = seconds: 0.0416667
# start_time = Sep 28 2022 08:54:42 [System UTC, first data scan.]
# bad_flag = -9.990e-29
*END*
[from data line 8684]
   40.44810  -73.76704      2.651      2.631    20.0549    32.3129 -9.990e-29     1.0087 5.0640e-11  1022.7107    20.0544    22.6993     6.9164    211.342    7.50613  229.36353     92.143 -9.990e-29
   40.44810  -73.76704      2.672      2.651    20.0551    32.3126 -9.990e-29     1.0087 5.0640e-11  1022.7106    20.0546    22.6991     6.9166    211.349    7.50610  229.36283     92.146 -9.990e-29
   40.44810  -73.76704      2.702      2.681    20.0550    32.3124 -9.990e-29     1.0087 5.0640e-11  1022.7106    20.0545    22.6989     6.9120    211.209    7.50613  229.36367     92.085 -9.990e-29
   40.44810  -73.76704      2.702      2.681    20.0551    32.3123 -9.990e-29     1.0087 5.0640e-11  1022.7105    20.0546    22.6989     6.9171    211.365    7.50614  229.36410     92.153 -9.990e-29
   40.44810  -73.76704      2.734      2.712    20.0548    32.3122 -9.990e-29     1.0087 5.0640e-11  1022.7107    20.0543    22.6988     6.9174    211.372    7.50612  229.36334     92.156 -9.990e-29
   40.44810  -73.76704      2.753      2.732    20.0549    32.3122 -9.990e-29     1.0087 5.0640e-11  1022.7106    20.0544    22.6987     6.9124    211.223    7.50611  229.36308     92.091 -9.990e-29
   40.44810  -73.76704      2.753      2.732    20.0548    32.3122 -9.990e-29     1.0087 5.0640e-11  1022.7107    20.0543    22.6987     6.9124    211.222    7.50614  229.36410     92.090 -9.990e-29
   40.44810  -73.76704      2.783      2.762    20.0549    32.3122 -9.990e-29     1.0087 5.0640e-11  1022.7109    20.0544    22.6987     6.9176    211.379    7.50617  229.36508     92.158 -9.990e-29
   40.44810  -73.76704      2.783      2.762    20.0555    32.3121 -9.990e-29     1.0221 5.0640e-11  1022.7107    20.0550    22.6986     6.9127    211.231    7.50619  229.36553     92.094 -9.990e-29
   40.44810  -73.76704      2.793      2.771    20.0555    32.3120 -9.990e-29     1.0087 5.0640e-11  1022.7106    20.0550    22.6985     6.9178    211.388    7.50617  229.36496     92.162 -9.990e-29
   40.44810  -73.76704      2.802      2.781    20.0557    32.3120 -9.990e-29     1.0087 5.0640e-11  1022.7105    20.0552    22.6985     6.9182    211.398    7.50619  229.36540     92.166 -9.990e-29
   40.44810  -73.76704      2.815      2.793    20.0556    32.3120 -9.990e-29     1.0087 5.0640e-11  1022.7107    20.0551    22.6984     6.9185    211.407    7.50617  229.36497     92.170 -9.990e-29
   40.44810  -73.76704      2.823      2.801    20.0558    32.3119 -9.990e-29     1.0221 5.0640e-11  1022.7106    20.0553    22.6983     6.9188    211.417    7.50617  229.36494     92.175 -9.990e-29
   40.44810  -73.76704      2.834      2.812    20.0558    32.3119 -9.990e-29     1.0087 5.0640e-11  1022.7105    20.0553    22.6983     6.9191    211.426    7.50615  229.36434     92.179 -9.990e-29
   40.44810  -73.76704      2.823      2.801    20.0555    32.3119 -9.990e-29     1.0087 5.0640e-11  1022.7106    20.0550    22.6984     6.9190    211.424    7.50613  229.36379     92.179 -9.990e-29
   40.44810  -73.76704      2.843      2.822    20.0553    32.3119 -9.990e-29     1.0087 5.0640e-11  1022.7107    20.0548    22.6985     6.9191    211.424    7.50618  229.36509     92.178 -9.990e-29
 -9.990e-29  -73.76704      2.834      2.812    20.0555    32.3120 -9.990e-29     1.0087 5.0640e-11  1022.7108    20.0550    22.6986     6.9190    211.423    7.50618  229.36518     92.177 -9.990e-29
 -9.990e-29  -73.76704      2.834      2.812    20.0551    32.3120 -9.990e-29     1.0087 5.0640e-11  1022.7111    20.0546    22.6987     6.9193    211.432    7.50618  229.36520     92.181 -9.990e-29
 -9.990e-29  -73.76704      2.824      2.802    20.0551    32.3120 -9.990e-29     1.0087 5.0640e-11  1022.7108    20.0546    22.6986     6.9192    211.430    7.50621  229.36604     92.180 -9.990e-29
 -9.990e-29  -73.76704      2.823      2.801    20.0552    32.3120 -9.990e-29     1.0087 5.0640e-11  1022.7106    20.0547    22.6985     6.9140    211.270    7.50621  229.36598     92.111 -9.990e-29
 -9.990e-29  -73.76704      2.813      2.792    20.0553    32.3120 -9.990e-29     1.0221 5.0640e-11  1022.7107    20.0548    22.6985     6.9188    211.416    7.50623  229.36663     92.174 -9.990e-29
 -9.990e-29  -73.76704      2.813      2.792    20.0555    32.3121 -9.990e-29     1.0087 5.0640e-11  1022.7106    20.0550    22.6985     6.9190    211.423    7.50623  229.36669     92.177 -9.990e-29
 -9.990e-29  -73.76704      2.802      2.781    20.0551    32.3122 -9.990e-29     1.0087 5.0640e-11  1022.7109    20.0546    22.6986     6.9193    211.432    7.50625  229.36741     92.181 -9.990e-29
 -9.990e-29  -73.76702      2.783      2.762    20.0554    32.3122 -9.990e-29     1.0221 5.0640e-11  1022.7108    20.0548    22.6986     6.9195    211.439    7.50623  229.36683     92.184 -9.990e-29
 -9.990e-29  -73.76702      2.772      2.751    20.0558    32.3122 -9.990e-29     1.0087 5.0640e-11  1022.7105    20.0553    22.6985     6.9198    211.448    7.50624  229.36709     92.187 -9.990e-29
 -9.990e-29  -73.76702      2.753      2.732    20.0562    32.3120 -9.990e-29     1.0087 5.0640e-11  1022.7103    20.0557    22.6983     6.9149    211.298    7.50625  229.36746     92.122 -9.990e-29
 -9.990e-29  -73.76702      2.732      2.711    20.0556    32.3117 -9.990e-29     1.0087 5.0640e-11  1022.7099    20.0551    22.6981     6.9145    211.285    7.50626  229.36762     92.116 -9.990e-29
 -9.990e-29  -73.76702      2.712      2.691    20.0555    32.3117 -9.990e-29     1.0221 5.0640e-11  1022.7098    20.0551    22.6981     6.9140    211.271    7.50623  229.36668     92.111 -9.990e-29
 -9.990e-29  -73.76702      2.691      2.670    20.0553    32.3117 -9.990e-29     1.0087 5.0640e-11  1022.7099    20.0548    22.6983     6.9188    211.416    7.50624  229.36685     92.174 -9.990e-29
 -9.990e-29  -73.76702      2.672      2.651    20.0549    32.3119 -9.990e-29     1.0221 5.0640e-11  1022.7102    20.0544    22.6985     6.9187    211.414    7.50624  229.36706     92.173 -9.990e-29
 -9.990e-29  -73.76702      2.651      2.631    20.0551    32.3119 -9.990e-29     1.0087 5.0640e-11  1022.7100    20.0546    22.6985     6.9189    211.421    7.50625  229.36723     92.176 -9.990e-29
 -9.990e-29  -73.76702      2.621      2.601    20.0552    32.3120 -9.990e-29     1.0087 5.0640e-11  1022.7098    20.0547    22.6985     6.9188    211.418    7.50626  229.36765     92.174 -9.990e-29
 -9.990e-29  -73.76702      2.610      2.590    20.0551    32.3121 -9.990e-29     1.0087 5.0640e-11  1022.7100    20.0546    22.6986     6.9190    211.424    7.50625  229.36714     92.177 -9.990e-29
 -9.990e-29  -73.76702      2.581      2.561    20.0551    32.3121 -9.990e-29     1.0087 5.0640e-11  1022.7098    20.0546    22.6986     6.9189    211.421    7.50626  229.36764     92.175 -9.990e-29
 -9.990e-29  -73.76702      2.560      2.541    20.0549    32.3121 -9.990e-29     1.0087 5.0640e-11  1022.7098    20.0545    22.6986     6.9136    211.258    7.50625  229.36715     92.105 -9.990e-29
 -9.990e-29  -73.76702      2.530      2.511    20.0548    32.3121 -9.990e-29     1.0221 5.0640e-11  1022.7096    20.0544    22.6986     6.9183    211.402    7.50628  229.36823     92.167 -9.990e-29
 -9.990e-29  -73.76702      2.510      2.490    20.0551    32.3122 -9.990e-29     1.0087 5.0640e-11  1022.7095    20.0547    22.6987     6.9130    211.239    7.50628  229.36806     92.096 -9.990e-29
 -9.990e-29  -73.76702      2.499      2.479    20.0551    32.3122 -9.990e-29     1.0087 5.0640e-11  1022.7098    20.0547    22.6988     6.9128    211.233    7.50623  229.36680     92.094 -9.990e-29
 -9.990e-29  -73.76702      2.468      2.449    20.0555    32.3122 -9.990e-29     1.0087 5.0640e-11  1022.7092    20.0550    22.6986     6.9179    211.388    7.50626  229.36751     92.161 -9.990e-29
 -9.990e-29  -73.76702      2.449      2.430    20.0555    32.3122 -9.990e-29     1.0087 5.0640e-11  1022.7091    20.0550    22.6985     6.9177    211.383    7.50626  229.36763     92.159 -9.990e-29
 -9.990e-29  -73.76702      2.429      2.410    20.0557    32.3122 -9.990e-29     1.0087 5.0640e-11  1022.7090    20.0553    22.6985     6.9124    211.221    7.50627  229.36790     92.088 -9.990e-29
 -9.990e-29  -73.76702      2.398      2.380    20.0558    32.3123 -9.990e-29     1.0087 5.0640e-11  1022.7090    20.0554    22.6986     6.9174    211.374    7.50626  229.36764     92.155 -9.990e-29
 -9.990e-29  -73.76702      2.378      2.359    20.0560    32.3124 -9.990e-29     0.9952 5.0640e-11  1022.7090    20.0555    22.6986     6.9172    211.367    7.50623  229.36672     92.153 -9.990e-29
 -9.990e-29  -73.76702      2.369      2.351    20.0562    32.3124 -9.990e-29     0.9549 5.0640e-11  1022.7089    20.0557    22.6985     6.9122    211.216    7.50626  229.36751     92.086 -9.990e-29
 -9.990e-29  -73.76702      2.338      2.320    20.0564    32.3124 -9.990e-29     0.9415 5.0640e-11  1022.7086    20.0560    22.6985     6.9121    211.211    7.50625  229.36717     92.084 -9.990e-29
 -9.990e-29  -73.76702      2.317      2.299    20.0563    32.3123 -9.990e-29     0.9415 5.0640e-11  1022.7085    20.0559    22.6984     6.9119    211.205    7.50621  229.36614     92.082 -9.990e-29
 -9.990e-29  -73.76702      2.297      2.279    20.0565    32.3123 -9.990e-29     0.9549 5.0640e-11  1022.7082    20.0561    22.6984     6.9118    211.201    7.50621  229.36619     92.080 -9.990e-29
 -9.990e-29  -73.76704      2.297      2.279    20.0562    32.3123 -9.990e-29     0.9415 5.0640e-11  1022.7085    20.0558    22.6984     6.9168    211.356    7.50624  229.36716     92.147 -9.990e-29
 -9.990e-29  -73.76704      2.266      2.249    20.0566    32.3123 -9.990e-29     0.9415 5.0640e-11  1022.7081    20.0562    22.6984     6.9119    211.205    7.50623  229.36665     92.082 -9.990e-29
 -9.990e-29  -73.76704      2.257      2.239    20.0567    32.3123 -9.990e-29     0.9415 5.0640e-11  1022.7082    20.0563    22.6984     6.9117    211.201    7.50623  229.36681     92.080 -9.990e-29
 -9.990e-29  -73.76704      2.246      2.228    20.0565    32.3122 -9.990e-29     0.9415 5.0640e-11  1022.7082    20.0561    22.6983     6.9117    211.199    7.50626  229.36770     92.079 -9.990e-29
 -9.990e-29  -73.76704      2.236      2.219    20.0565    32.3122 -9.990e-29     0.9549 5.0640e-11  1022.7079    20.0561    22.6983     6.9112    211.186    7.50626  229.36747     92.073 -9.990e-29
 -9.990e-29  -73.76704      2.236      2.219    20.0566    32.3122 -9.990e-29     0.9415 5.0640e-11  1022.7081    20.0562    22.6983     6.9112    211.183    7.50626  229.36746     92.072 -9.990e-29
 -9.990e-29  -73.76704      2.236      2.219    20.0567    32.3121 -9.990e-29     0.9415 5.0640e-11  1022.7079    20.0563    22.6983     6.9164    211.342    7.50637  229.37134     92.140 -9.990e-29
 -9.990e-29  -73.76704      2.236      2.219    20.0565    32.3120 -9.990e-29     0.9415 5.0640e-11  1022.7079    20.0561    22.6982     6.9111    211.182    7.50638  229.37168     92.070 -9.990e-29
 -9.990e-29  -73.76704      2.236      2.219    20.0563    32.3120 -9.990e-29     0.9549 5.0640e-11  1022.7078    20.0559    22.6982     6.9106    211.166    7.50628  229.36846     92.064 -9.990e-29
 -9.990e-29  -73.76704      2.246      2.228    20.0562    32.3120 -9.990e-29     0.9415 5.0640e-11  1022.7079    20.0558    22.6982     6.9105    211.164    7.50627  229.36811     92.063 -9.990e-29
 -9.990e-29  -73.76704      2.247      2.230    20.0562    32.3121 -9.990e-29     0.9415 5.0640e-11  1022.7083    20.0558    22.6984     6.9101    211.153    7.50630  229.36914     92.058 -9.990e-29
 -9.990e-29  -73.76704      2.266      2.249    20.0562    32.3121 -9.990e-29     0.9415 5.0640e-11  1022.7081    20.0558    22.6984     6.9100    211.149    7.50627  229.36823     92.057 -9.990e-29
 -9.990e-29  -73.76704      2.266      2.249    20.0562    32.3122 -9.990e-29     0.9415 5.0640e-11  1022.7083    20.0558    22.6984     6.9151    211.305    7.50626  229.36772     92.125 -9.990e-29
 -9.990e-29  -73.76704      2.287      2.269    20.0562    32.3122 -9.990e-29     0.9415 5.0640e-11  1022.7083    20.0558    22.6984     6.9103    211.156    7.50624  229.36713     92.060 -9.990e-29
 -9.990e-29  -73.76704      2.297      2.279    20.0563    32.3122 -9.990e-29     0.9415 5.0640e-11  1022.7084    20.0559    22.6984     6.9102    211.155    7.50624  229.36695     92.060 -9.990e-29
 -9.990e-29  -73.76704      2.317      2.299    20.0565    32.3122 -9.990e-29     0.9415 5.0640e-11  1022.7084    20.0561    22.6984     6.9102    211.154    7.50623  229.36664     92.059 -9.990e-29
 -9.990e-29  -73.76704      2.338      2.320    20.0562    32.3122 -9.990e-29     0.9415 5.0640e-11  1022.7086    20.0558    22.6984     6.9153    211.311    7.50624  229.36709     92.128 -9.990e-29
 -9.990e-29  -73.76704      2.357      2.339    20.0562    32.3122 -9.990e-29     0.9415 5.0640e-11  1022.7086    20.0557    22.6985     6.9157    211.322    7.50624  229.36691     92.133 -9.990e-29
 -9.990e-29  -73.76704      2.378      2.359    20.0561    32.3122 -9.990e-29     0.9549 5.0640e-11  1022.7090    20.0556    22.6985     6.9160    211.330    7.50619  229.36548     92.137 -9.990e-29
 -9.990e-29  -73.76704      2.387      2.369    20.0560    32.3122 -9.990e-29     0.9549 5.0640e-11  1022.7088    20.0555    22.6985     6.9163    211.341    7.50622  229.36645     92.141 -9.990e-29
 -9.990e-29  -73.76704      2.428      2.410    20.0560    32.3122 -9.990e-29     1.0221 5.0640e-11  1022.7090    20.0555    22.6985     6.9166    211.351    7.50622  229.36624     92.145 -9.990e-29
 -9.990e-29  -73.76704      2.449      2.430    20.0558    32.3122 -9.990e-29     1.0490 5.0640e-11  1022.7091    20.0554    22.6985     6.9166    211.349    7.50618  229.36511     92.145 -9.990e-29
 -9.990e-29  -73.76704      2.450      2.432    20.0559    32.3122 -9.990e-29     1.0490 5.0640e-11  1022.7090    20.0554    22.6985     6.9118    211.202    7.50621  229.36612     92.081 -9.990e-29
 -9.990e-29  -73.76704      2.489      2.470    20.0556    32.3122 -9.990e-29     1.0490 5.0640e-11  1022.7094    20.0552    22.6985     6.9118    211.202    7.50623  229.36688     92.081 -9.990e-29
 -9.990e-29  -73.76704      2.499      2.479    20.0558    32.3122 -9.990e-29     1.0490 5.0640e-11  1022.7092    20.0554    22.6985     6.9118    211.203    7.50625  229.36749     92.081 -9.990e-29
 -9.990e-29  -73.76704      2.530      2.511    20.0556    32.3122 -9.990e-29     1.0490 5.0640e-11  1022.7097    20.0552    22.6985     6.9118    211.204    7.50623  229.36682     92.081 -9.990e-29
 -9.990e-29  -73.76704      2.540      2.520    20.0557    32.3122 -9.990e-29     1.0490 5.0640e-11  1022.7094    20.0552    22.6985     6.9170    211.362    7.50624  229.36698     92.150 -9.990e-29
 -9.990e-29  -73.76704      2.560      2.541    20.0556    32.3122 -9.990e-29     1.0490 5.0640e-11  1022.7096    20.0552    22.6986     6.9120    211.207    7.50629  229.36847     92.082 -9.990e-29
 -9.990e-29  -73.76704      2.570      2.550    20.0556    32.3122 -9.990e-29     1.0355 5.0640e-11  1022.7101    20.0552    22.6988     6.9116    211.197    7.50625  229.36723     92.078 -9.990e-29
 -9.990e-29  -73.76704      2.580      2.560    20.0556    32.3122 -9.990e-29     1.0490 5.0640e-11  1022.7100    20.0552    22.6988     6.9113    211.187    7.50625  229.36720     92.074 -9.990e-29
 -9.990e-29  -73.76704      2.600      2.580    20.0557    32.3122 -9.990e-29     1.0490 5.0640e-11  1022.7099    20.0552    22.6986     6.9114    211.189    7.50626  229.36766     92.074 -9.990e-29
 -9.990e-29  -73.76704      2.611      2.591    20.0558    32.3122 -9.990e-29     1.0490 5.0640e-11  1022.7095    20.0553    22.6985     6.9114    211.190    7.50624  229.36695     92.075 -9.990e-29
