CalculateIndicators/WaterTemperature/Data/CTD_NYOS/202200729_C18.cnv
* Sea-Bird SBE 9 Data File:
* FileName = C:\Seabird 9 CTD\Data\2022\202207_offshore\202200729_C18.hex
* Software Version Seasave V 7.23.2
* Temperature SN = 4590
* Conductivity SN = 3228
* Number of Bytes Per Scan = 44
* Number of Voltage Words = 5
* Number of Scans Averaged by the Deck Unit = 1
* NMEA Latitude = 39 48.71 N
* NMEA Longitude = 072 29.86 W
* NMEA UTC (Time) = Dec 13 2002  04:22:12
* NMEA baud rate = 4800
** Ship: seawolf
** Station: 4.4
** Operator: TDK
# nquan = 18
# nvalues = 14185                       
# units = specified
# name 0 = latitude: Latitude [deg]
# name 1 = longitude: Longitude [deg]
# name 2 = prDM: Pressure, Digiquartz [db]
# name 3 = depSM: Depth [salt water, m]
# name 4 = t090C: Temperature [ITS-90, deg C]
# name 5 = sal00: Salinity, Practical [PSU]
# name 6 = ph: pH
# name 7 = flECO-AFL: Fluorescence, WET Labs ECO-AFL/FL [mg/m^3]
# name 8 = cpar: CPAR/Corrected Irradiance [%]
# name 9 = density00: Density [density, kg/m^3]
# name 10 = potemp090C: Potential Temperature [ITS-90, deg C]
# name 11 = sigma-é00: Density [sigma-theta, kg/m^3]
# name 12 = sbeox0Mg/L: Oxygen, SBE 43 [mg/l]
# name 13 = sbox0Mm/Kg: Oxygen, SBE 43 [umol/kg]
# name 14 = oxsolMg/L: Oxygen Saturation, Garcia & Gordon [mg/l]
# name 15 = oxsolMm/Kg: Oxygen Saturation, Garcia & Gordon [umol/kg]
# name 16 = sbeox0PS: Oxygen, SBE 43 [% saturation]
# name 17 = flag:  0.000e+00
# span 0 =   39.81182,   39.81228       
# span 1 =  -72.49766,  -72.49480       
# span 2 =      1.577,     64.284       
# span 3 =      1.565,     63.782       
# span 4 =     8.5921,    24.9062       
# span 5 =    31.3378,    34.1245       
# span 6 =      7.962,      8.221       
# span 7 =    -0.0524,     1.8414       
# span 8 = 5.0640e-11, 9.9999e+04       
# span 9 =  1020.6257,  1026.4318       
# span 10 =     8.5881,    24.9056      
# span 11 =    20.6178,    26.1439      
# span 12 =     6.4888,     9.4678      
# span 13 =    197.612,    288.825      
# span 14 =    6.92438,    9.42521      
# span 15 =  212.01822,  287.17111      
# span 16 =     72.616,    117.120      
# span 17 = 0.0000e+00, 0.0000e+00      
# interval = seconds: 0.0416667
# start_time = Jul 29 2022 04:22:11 [System UTC, first data scan.]
# bad_flag = -9.990e-29
*END*
[from data line 13347]
   39.81226  -72.49498      3.128      3.104    24.9020    31.3573 -9.990e-29     0.4983 5.0640e-11  1020.6340    24.9013    20.6205     7.3031    223.613    6.92489  212.03344    105.461 -9.990e-29
   39.81226  -72.49498      3.107      3.083    24.9018    31.3576 -9.990e-29     0.4983 5.0640e-11  1020.6342    24.9012    20.6208     7.3031    223.613    6.92488  212.03311    105.461 -9.990e-29
   39.81226  -72.49498      3.097      3.074    24.9018    31.3578 -9.990e-29     0.4983 5.0640e-11  1020.6341    24.9012    20.6210     7.3033    223.620    6.92487  212.03297    105.465 -9.990e-29
   39.81226  -72.49498      3.067      3.044    24.9017    31.3578 -9.990e-29     0.4983 5.0640e-11  1020.6343    24.9010    20.6210     7.3033    223.620    6.92486  212.03240    105.465 -9.990e-29
   39.81226  -72.49498      3.046      3.023    24.9017    31.3578 -9.990e-29     0.4983 5.0640e-11  1020.6339    24.9010    20.6210     7.3033    223.619    6.92483  212.03172    105.465 -9.990e-29
   39.81226  -72.49498      3.026      3.003    24.9015    31.3578 -9.990e-29     0.4983 5.0640e-11  1020.6340    24.9009    20.6210     7.3032    223.618    6.92480  212.03081    105.465 -9.990e-29
   39.81226  -72.49498      3.016      2.993    24.9013    31.3578 -9.990e-29     0.4983 5.0640e-11  1020.6338    24.9007    20.6210     7.3078    223.759    6.92478  212.03011    105.532 -9.990e-29
   39.81226  -72.49498      2.986      2.963    24.9011    31.3578 -9.990e-29     0.4983 5.0640e-11  1020.6339    24.9005    20.6211     7.3034    223.624    6.92476  212.02964    105.468 -9.990e-29
   39.81226  -72.49498      2.965      2.943    24.9011    31.3578 -9.990e-29     0.4983 5.0640e-11  1020.6339    24.9005    20.6211     7.3037    223.631    6.92477  212.02993    105.472 -9.990e-29
   39.81226  -72.49498      2.935      2.913    24.9011    31.3578 -9.990e-29     0.4983 5.0640e-11  1020.6336    24.9005    20.6211     7.3039    223.639    6.92477  212.02979    105.475 -9.990e-29
   39.81226  -72.49498      2.915      2.892    24.9013    31.3578 -9.990e-29     0.4983 5.0640e-11  1020.6335    24.9007    20.6211     7.3039    223.639    6.92477  212.02994    105.475 -9.990e-29
   39.81226  -72.49498      2.895      2.873    24.9013    31.3578 -9.990e-29     0.4983 5.0640e-11  1020.6336    24.9007    20.6210     7.3039    223.639    6.92476  212.02958    105.475 -9.990e-29
   39.81226  -72.49498      2.864      2.842    24.9018    31.3578 -9.990e-29     0.4983 5.0640e-11  1020.6330    24.9012    20.6209     7.3040    223.640    6.92479  212.03036    105.476 -9.990e-29
   39.81226  -72.49498      2.834      2.812    24.9018    31.3578 -9.990e-29     0.4983 5.0640e-11  1020.6331    24.9012    20.6208     7.3040    223.641    6.92479  212.03050    105.476 -9.990e-29
   39.81226  -72.49498      2.813      2.791    24.9018    31.3578 -9.990e-29     0.4983 5.0640e-11  1020.6327    24.9012    20.6208     7.3042    223.649    6.92480  212.03086    105.479 -9.990e-29
   39.81226  -72.49498      2.784      2.763    24.9017    31.3578 -9.990e-29     0.4983 5.0640e-11  1020.6330    24.9011    20.6210     7.3043    223.650    6.92482  212.03143    105.480 -9.990e-29
   39.81226  -72.49498      2.773      2.752    24.9017    31.3578 -9.990e-29     0.4983 5.0640e-11  1020.6329    24.9011    20.6211     7.3044    223.654    6.92489  212.03404    105.480 -9.990e-29
   39.81226  -72.49498      2.743      2.722    24.9015    31.3578 -9.990e-29     0.4983 5.0640e-11  1020.6327    24.9009    20.6211     7.3043    223.651    6.92482  212.03147    105.480 -9.990e-29
   39.81226  -72.49498      2.722      2.701    24.9013    31.3578 -9.990e-29     0.4983 5.0640e-11  1020.6327    24.9007    20.6211     7.2997    223.508    6.92480  212.03066    105.413 -9.990e-29
   39.81226  -72.49498      2.713      2.692    24.9015    31.3578 -9.990e-29     0.4983 5.0640e-11  1020.6325    24.9009    20.6211     7.3041    223.645    6.92481  212.03122    105.477 -9.990e-29
   39.81226  -72.49498      2.671      2.651    24.9017    31.3579 -9.990e-29     0.4849 5.0640e-11  1020.6325    24.9011    20.6211     7.3041    223.645    6.92479  212.03060    105.478 -9.990e-29
   39.81226  -72.49498      2.662      2.641    24.9020    31.3579 -9.990e-29     0.4580 5.0640e-11  1020.6325    24.9014    20.6210     7.2995    223.503    6.92479  212.03031    105.411 -9.990e-29
   39.81226  -72.49498      2.641      2.621    24.9022    31.3579 -9.990e-29     0.4580 5.0640e-11  1020.6320    24.9016    20.6208     7.2993    223.498    6.92482  212.03130    105.408 -9.990e-29
   39.81226  -72.49498      2.632      2.611    24.9026    31.3579 -9.990e-29     0.4580 5.0640e-11  1020.6321    24.9020    20.6208     7.2991    223.492    6.92482  212.03145    105.405 -9.990e-29
   39.81226  -72.49498      2.601      2.581    24.9029    31.3580 -9.990e-29     0.4580 5.0640e-11  1020.6318    24.9024    20.6208     7.2942    223.343    6.92480  212.03068    105.335 -9.990e-29
   39.81226  -72.49498      2.601      2.581    24.9027    31.3582 -9.990e-29     0.4580 5.0640e-11  1020.6321    24.9022    20.6208     7.2938    223.330    6.92481  212.03102    105.329 -9.990e-29
   39.81226  -72.49498      2.581      2.561    24.9031    31.3582 -9.990e-29     0.4580 5.0640e-11  1020.6318    24.9026    20.6208     7.2934    223.318    6.92480  212.03081    105.323 -9.990e-29
   39.81226  -72.49498      2.581      2.561    24.9033    31.3582 -9.990e-29     0.4580 5.0640e-11  1020.6318    24.9027    20.6208     7.2977    223.449    6.92478  212.03020    105.385 -9.990e-29
   39.81226  -72.49498      2.581      2.561    24.9035    31.3582 -9.990e-29     0.4580 5.0640e-11  1020.6318    24.9029    20.6207     7.2929    223.303    6.92479  212.03061    105.316 -9.990e-29
   39.81226  -72.49498      2.560      2.541    24.9038    31.3582 -9.990e-29     0.4580 5.0640e-11  1020.6316    24.9033    20.6206     7.2970    223.428    6.92482  212.03139    105.375 -9.990e-29
   39.81226  -72.49498      2.560      2.541    24.9037    31.3581 -9.990e-29     0.4580 5.0640e-11  1020.6315    24.9031    20.6205     7.2922    223.281    6.92478  212.03020    105.306 -9.990e-29
   39.81226  -72.49498      2.560      2.541    24.9040    31.3578 -9.990e-29     0.4580 5.0640e-11  1020.6312    24.9034    20.6204     7.2919    223.271    6.92479  212.03033    105.302 -9.990e-29
   39.81226  -72.49498      2.571      2.551    24.9040    31.3576 -9.990e-29     0.4580 5.0640e-11  1020.6311    24.9034    20.6202     7.2963    223.404    6.92478  212.03018    105.364 -9.990e-29
   39.81226  -72.49498      2.560      2.541    24.9033    31.3574 -9.990e-29     0.4580 5.0640e-11  1020.6311    24.9028    20.6201     7.2962    223.403    6.92478  212.03019    105.364 -9.990e-29
   39.81226  -72.49498      2.581      2.561    24.9031    31.3574 -9.990e-29     0.4580 5.0640e-11  1020.6308    24.9026    20.6201     7.2961    223.401    6.92476  212.02941    105.363 -9.990e-29
   39.81226  -72.49498      2.571      2.551    24.9022    31.3574 -9.990e-29     0.4580 5.0640e-11  1020.6314    24.9016    20.6204     7.2963    223.407    6.92473  212.02871    105.366 -9.990e-29
   39.81226  -72.49498      2.581      2.561    24.9018    31.3576 -9.990e-29     0.4580 5.0640e-11  1020.6319    24.9013    20.6207     7.2963    223.406    6.92472  212.02830    105.366 -9.990e-29
   39.81226  -72.49498      2.601      2.581    24.9022    31.3578 -9.990e-29     0.4580 5.0640e-11  1020.6319    24.9016    20.6208     7.2963    223.406    6.92473  212.02866    105.366 -9.990e-29
   39.81226  -72.49498      2.601      2.581    24.9024    31.3578 -9.990e-29     0.4580 5.0640e-11  1020.6320    24.9018    20.6209     7.2963    223.406    6.92472  212.02844    105.366 -9.990e-29
   39.81226  -72.49498      2.611      2.591    24.9022    31.3578 -9.990e-29     0.4580 5.0640e-11  1020.6321    24.9016    20.6209     7.3009    223.548    6.92469  212.02733    105.434 -9.990e-29
   39.81226  -72.49498      2.632      2.611    24.9024    31.3577 -9.990e-29     0.4580 5.0640e-11  1020.6321    24.9018    20.6207     7.3012    223.556    6.92468  212.02732    105.437 -9.990e-29
   39.81226  -72.49498      2.641      2.621    24.9024    31.3574 -9.990e-29     0.4580 5.0640e-11  1020.6315    24.9018    20.6204     7.3015    223.564    6.92468  212.02704    105.441 -9.990e-29
   39.81226  -72.49498      2.662      2.641    24.9026    31.3573 -9.990e-29     0.4580 5.0640e-11  1020.6316    24.9020    20.6204     7.3017    223.571    6.92466  212.02650    105.445 -9.990e-29
   39.81226  -72.49498      2.671      2.651    24.9024    31.3573 -9.990e-29     0.4580 5.0640e-11  1020.6321    24.9018    20.6204     7.3017    223.572    6.92467  212.02701    105.445 -9.990e-29
   39.81226  -72.49498      2.692      2.671    24.9022    31.3566 -9.990e-29     0.4580 5.0640e-11  1020.6322    24.9016    20.6199     7.3020    223.580    6.92469  212.02739    105.448 -9.990e-29
   39.81226  -72.49498      2.703      2.682    24.9022    31.3566 -9.990e-29     0.4849 5.0640e-11  1020.6293    24.9016    20.6188     7.3023    223.588    6.92471  212.02816    105.452 -9.990e-29
   39.81226  -72.49498      2.713      2.692    24.9022    31.3566 -9.990e-29     0.4983 5.0640e-11  1020.6296    24.9016    20.6188     7.3023    223.588    6.92472  212.02852    105.452 -9.990e-29
   39.81226  -72.49498      2.733      2.712    24.9018    31.3566 -9.990e-29     0.4983 5.0640e-11  1020.6322    24.9012    20.6200     7.3025    223.597    6.92475  212.02934    105.456 -9.990e-29
   39.81226  -72.49498      2.743      2.722    24.9018    31.3578 -9.990e-29     0.4983 5.0640e-11  1020.6330    24.9012    20.6209     7.3028    223.605    6.92476  212.02968    105.459 -9.990e-29
   39.81226  -72.49498      2.763      2.742    24.9020    31.3580 -9.990e-29     0.5117 5.0640e-11  1020.6329    24.9014    20.6211     7.3030    223.612    6.92477  212.02996    105.463 -9.990e-29
   39.81226  -72.49498      2.763      2.742    24.9020    31.3582 -9.990e-29     0.4983 5.0640e-11  1020.6329    24.9014    20.6212     7.3033    223.619    6.92476  212.02948    105.466 -9.990e-29
   39.81226  -72.49498      2.794      2.772    24.9020    31.3583 -9.990e-29     0.4983 5.0640e-11  1020.6334    24.9014    20.6212     7.3036    223.628    6.92479  212.03052    105.470 -9.990e-29
   39.81226  -72.49498      2.794      2.772    24.9024    31.3583 -9.990e-29     0.4983 5.0640e-11  1020.6329    24.9018    20.6211     7.3038    223.637    6.92484  212.03194    105.473 -9.990e-29
   39.81226  -72.49498      2.814      2.793    24.9026    31.3583 -9.990e-29     0.4983 5.0640e-11  1020.6331    24.9020    20.6211     7.3088    223.788    6.92488  212.03319    105.544 -9.990e-29
   39.81226  -72.49498      2.813      2.791    24.9027    31.3583 -9.990e-29     0.4983 5.0640e-11  1020.6330    24.9021    20.6210     7.3047    223.662    6.92492  212.03452    105.484 -9.990e-29
   39.81226  -72.49498      2.834      2.812    24.9029    31.3582 -9.990e-29     0.4983 5.0640e-11  1020.6330    24.9023    20.6209     7.3099    223.822    6.92498  212.03640    105.558 -9.990e-29
   39.81226  -72.49498      2.845      2.823    24.9029    31.3580 -9.990e-29     0.4983 5.0640e-11  1020.6329    24.9023    20.6208     7.3057    223.693    6.92496  212.03582    105.498 -9.990e-29
   39.81226  -72.49498      2.854      2.832    24.9029    31.3580 -9.990e-29     0.4983 5.0640e-11  1020.6330    24.9023    20.6208     7.3059    223.699    6.92493  212.03481    105.501 -9.990e-29
   39.81226  -72.49498      2.864      2.842    24.9029    31.3580 -9.990e-29     0.4983 5.0640e-11  1020.6329    24.9023    20.6208     7.3108    223.849    6.92494  212.03482    105.572 -9.990e-29
   39.81226  -72.49498      2.875      2.853    24.9029    31.3580 -9.990e-29     0.4983 5.0640e-11  1020.6332    24.9023    20.6209     7.3066    223.721    6.92495  212.03532    105.511 -9.990e-29
   39.81226  -72.49498      2.884      2.862    24.9027    31.3580 -9.990e-29     0.4983 5.0640e-11  1020.6332    24.9021    20.6209     7.3069    223.730    6.92499  212.03644    105.515 -9.990e-29
   39.81226  -72.49498      2.884      2.862    24.9027    31.3580 -9.990e-29     0.4983 5.0640e-11  1020.6331    24.9021    20.6208     7.3118    223.880    6.92500  212.03672    105.585 -9.990e-29
   39.81226  -72.49498      2.894      2.872    24.9027    31.3577 -9.990e-29     0.4983 5.0640e-11  1020.6330    24.9021    20.6206     7.3076    223.751    6.92498  212.03632    105.525 -9.990e-29
   39.81226  -72.49498      2.915      2.892    24.9026    31.3572 -9.990e-29     0.4983 5.0640e-11  1020.6332    24.9019    20.6202     7.3078    223.758    6.92500  212.03680    105.528 -9.990e-29
   39.81228  -72.49498      2.926      2.903    24.9027    31.3572 -9.990e-29     0.4983 5.0640e-11  1020.6314    24.9021    20.6198     7.3080    223.764    6.92499  212.03659    105.531 -9.990e-29
   39.81228  -72.49498      2.915      2.892    24.9029    31.3572 -9.990e-29     0.4983 5.0640e-11  1020.6323    24.9023    20.6200     7.3082    223.771    6.92499  212.03645    105.534 -9.990e-29
   39.81228  -72.49498      2.935      2.913    24.9027    31.3575 -9.990e-29     0.4983 5.0640e-11  1020.6333    24.9021    20.6205     7.3085    223.779    6.92503  212.03770    105.537 -9.990e-29
   39.81228  -72.49498      2.945      2.922    24.9026    31.3579 -9.990e-29     0.4983 5.0640e-11  1020.6334    24.9019    20.6207     7.3038    223.635    6.92500  212.03694    105.470 -9.990e-29
   39.81228  -72.49498      2.956      2.933    24.9027    31.3579 -9.990e-29     0.4983 5.0640e-11  1020.6334    24.9021    20.6208     7.3084    223.776    6.92499  212.03655    105.536 -9.990e-29
   39.81228  -72.49498      2.956      2.933    24.9027    31.3579 -9.990e-29     0.4849 5.0640e-11  1020.6336    24.9021    20.6208     7.3086    223.783    6.92499  212.03667    105.540 -9.990e-29
   39.81228  -72.49498      2.965      2.943    24.9026    31.3580 -9.990e-29     0.4714 5.0640e-11  1020.6335    24.9019    20.6208     7.3086    223.782    6.92499  212.03647    105.539 -9.990e-29
   39.81228  -72.49498      2.975      2.952    24.9026    31.3580 -9.990e-29     0.4714 5.0640e-11  1020.6334    24.9019    20.6208     7.3085    223.779    6.92495  212.03521    105.539 -9.990e-29
   39.81228  -72.49498      2.975      2.952    24.9027    31.3580 -9.990e-29     0.4714 5.0640e-11  1020.6334    24.9021    20.6208     7.3085    223.778    6.92496  212.03556    105.538 -9.990e-29
   39.81228  -72.49498      2.975      2.952    24.9026    31.3580 -9.990e-29     0.4714 5.0640e-11  1020.6337    24.9019    20.6209     7.3128    223.911    6.92496  212.03556    105.601 -9.990e-29
   39.81228  -72.49498      2.986      2.963    24.9026    31.3580 -9.990e-29     0.4714 5.0640e-11  1020.6338    24.9019    20.6209     7.3080    223.765    6.92496  212.03557    105.532 -9.990e-29
   39.81228  -72.49498      2.986      2.963    24.9029    31.3580 -9.990e-29     0.4714 5.0640e-11  1020.6333    24.9023    20.6208     7.3076    223.753    6.92493  212.03465    105.527 -9.990e-29
   39.81228  -72.49498      2.996      2.973    24.9027    31.3579 -9.990e-29     0.4714 5.0640e-11  1020.6336    24.9021    20.6207     7.3075    223.750    6.92496  212.03543    105.525 -9.990e-29
   39.81228  -72.49498      2.996      2.973    24.9026    31.3579 -9.990e-29     0.4714 5.0640e-11  1020.6336    24.9019    20.6207     7.3118    223.881    6.92498  212.03606    105.586 -9.990e-29
   39.81228  -72.49498      2.996      2.973    24.9029    31.3579 -9.990e-29     0.4714 5.0640e-11  1020.6334    24.9023    20.6207     7.3118    223.881    6.92493  212.03452    105.587 -9.990e-29
   39.81228  -72.49498      2.996      2.973    24.9027    31.3580 -9.990e-29     0.4714 5.0640e-11  1020.6337    24.9021    20.6208     7.3116    223.874    6.92491  212.03411    105.584 -9.990e-29
