CalculateIndicators/WaterTemperature/Data/CTD_NYOS/20220513_C04.cnv
* Sea-Bird SBE 9 Data File:
* FileName = C:\Seabird 9 CTD\Data\2022\202205_offshore\20220513_C04.hex
* Software Version Seasave V 7.23.2
* Temperature SN = 4590
* Conductivity SN = 3228
* Number of Bytes Per Scan = 44
* Number of Voltage Words = 5
* Number of Scans Averaged by the Deck Unit = 1
* NMEA Latitude = 40 06.53 N
* NMEA Longitude = 073 39.05 W
* NMEA UTC (Time) = Sep 27 2002  11:45:28
* NMEA baud rate = 4800
** Ship: seawolf
** Station: 7.2
** Operator: EIH
# nquan = 18
# nvalues = 12565                       
# units = specified
# name 0 = latitude: Latitude [deg]
# name 1 = longitude: Longitude [deg]
# name 2 = prDM: Pressure, Digiquartz [db]
# name 3 = depSM: Depth [salt water, m]
# name 4 = t090C: Temperature [ITS-90, deg C]
# name 5 = sal00: Salinity, Practical [PSU]
# name 6 = ph: pH
# name 7 = flECO-AFL: Fluorescence, WET Labs ECO-AFL/FL [mg/m^3]
# name 8 = cpar: CPAR/Corrected Irradiance [%]
# name 9 = density00: Density [density, kg/m^3]
# name 10 = potemp090C: Potential Temperature [ITS-90, deg C]
# name 11 = sigma-é00: Density [sigma-theta, kg/m^3]
# name 12 = sbeox0Mg/L: Oxygen, SBE 43 [mg/l]
# name 13 = sbox0Mm/Kg: Oxygen, SBE 43 [umol/kg]
# name 14 = oxsolMg/L: Oxygen Saturation, Garcia & Gordon [mg/l]
# name 15 = oxsolMm/Kg: Oxygen Saturation, Garcia & Gordon [umol/kg]
# name 16 = sbeox0PS: Oxygen, SBE 43 [% saturation]
# name 17 = flag:  0.000e+00
# span 0 =   40.10844,   40.10890       
# span 1 =  -73.65252,  -73.65082       
# span 2 =      1.643,     37.664       
# span 3 =      1.631,     37.372       
# span 4 =     9.3275,     9.6836       
# span 5 =    32.3232,    32.6852       
# span 6 =      8.027,      8.054       
# span 7 =     0.5252,     1.5862       
# span 8 = 2.3553e-13, 3.9218e+01       
# span 9 =  1024.9377,  1025.3995       
# span 10 =     9.3248,     9.6834      
# span 11 =    24.9257,    25.2289      
# span 12 =     8.7849,     9.2456      
# span 13 =    267.809,    281.902      
# span 14 =    9.24273,    9.30695      
# span 15 =  281.81198,  283.72359      
# span 16 =     94.399,    100.008      
# span 17 = 0.0000e+00, 0.0000e+00      
# interval = seconds: 0.0416667
# start_time = May 13 2022 11:45:28 [System UTC, first data scan.]
# bad_flag = -9.990e-29
*END*
[from data line 6835]
   40.10862  -73.65182     24.864     24.671     9.3296    32.4928      8.027     0.6326 2.7305e-02  1025.2167     9.3270    25.1040     8.8190    268.848    9.30612  283.69847     94.765 -9.990e-29
   40.10862  -73.65182     24.864     24.671     9.3295    32.4930      8.027     0.6595 2.7051e-02  1025.2170     9.3269    25.1041     8.8190    268.849    9.30604  283.69602     94.767 -9.990e-29
   40.10862  -73.65182     24.858     24.666     9.3298    32.4930      8.027     0.6595 2.7051e-02  1025.2170     9.3272    25.1042     8.8251    269.034    9.30607  283.69701     94.832 -9.990e-29
   40.10862  -73.65182     24.843     24.651     9.3300    32.4930      8.027     0.6460 2.7051e-02  1025.2168     9.3273    25.1041     8.8199    268.876    9.30605  283.69615     94.776 -9.990e-29
   40.10862  -73.65182     24.843     24.651     9.3298    32.4930      8.027     0.6595 2.7433e-02  1025.2168     9.3272    25.1041     8.8200    268.879    9.30607  283.69676     94.777 -9.990e-29
   40.10862  -73.65182     24.833     24.641     9.3300    32.4930      8.027     0.6595 2.7561e-02  1025.2168     9.3273    25.1041     8.8208    268.904    9.30612  283.69835     94.785 -9.990e-29
   40.10862  -73.65182     24.828     24.636     9.3301    32.4931      8.027     0.6460 2.7690e-02  1025.2167     9.3275    25.1041     8.8210    268.908    9.30610  283.69785     94.787 -9.990e-29
   40.10862  -73.65182     24.824     24.632     9.3301    32.4932      8.027     0.6460 2.8078e-02  1025.2169     9.3275    25.1042     8.8269    269.090    9.30605  283.69617     94.851 -9.990e-29
   40.10862  -73.65182     24.824     24.632     9.3301    32.4933      8.027     0.6595 2.8208e-02  1025.2170     9.3275    25.1042     8.8277    269.115    9.30608  283.69732     94.860 -9.990e-29
   40.10862  -73.65182     24.807     24.615     9.3301    32.4933      8.027     0.6595 2.8208e-02  1025.2168     9.3275    25.1043     8.8226    268.957    9.30612  283.69827     94.804 -9.990e-29
   40.10862  -73.65182     24.813     24.621     9.3298    32.4933      8.027     0.6460 2.8208e-02  1025.2172     9.3272    25.1044     8.8219    268.937    9.30610  283.69766     94.797 -9.990e-29
   40.10862  -73.65182     24.792     24.600     9.3301    32.4934      8.027     0.6460 2.8208e-02  1025.2166     9.3275    25.1044     8.8220    268.939    9.30613  283.69868     94.798 -9.990e-29
   40.10862  -73.65182     24.798     24.606     9.3298    32.4934      8.027     0.6460 2.8208e-02  1025.2169     9.3272    25.1044     8.8219    268.938    9.30604  283.69609     94.798 -9.990e-29
   40.10862  -73.65182     24.782     24.591     9.3296    32.4934      8.027     0.6460 2.7948e-02  1025.2170     9.3270    25.1044     8.8280    269.122    9.30609  283.69750     94.862 -9.990e-29
   40.10862  -73.65182     24.782     24.591     9.3295    32.4935      8.027     0.6595 2.7561e-02  1025.2167     9.3269    25.1045     8.8227    268.962    9.30610  283.69792     94.806 -9.990e-29
   40.10862  -73.65182     24.777     24.585     9.3295    32.4935      8.027     0.6460 2.7561e-02  1025.2173     9.3269    25.1046     8.8220    268.941    9.30611  283.69804     94.798 -9.990e-29
   40.10862  -73.65182     24.762     24.570     9.3300    32.4935      8.027     0.6460 2.7948e-02  1025.2171     9.3273    25.1046     8.8279    269.121    9.30605  283.69630     94.862 -9.990e-29
   40.10862  -73.65182     24.762     24.570     9.3308    32.4934      8.027     0.6595 2.8469e-02  1025.2164     9.3282    25.1044     8.8226    268.959    9.30606  283.69669     94.805 -9.990e-29
   40.10862  -73.65182     24.756     24.565     9.3310    32.4933      8.027     0.6595 2.8600e-02  1025.2166     9.3283    25.1042     8.8279    269.119    9.30610  283.69784     94.861 -9.990e-29
   40.10862  -73.65182     24.752     24.561     9.3310    32.4933      8.027     0.6595 2.8732e-02  1025.2163     9.3283    25.1041     8.8225    268.955    9.30609  283.69746     94.804 -9.990e-29
   40.10862  -73.65182     24.742     24.551     9.3313    32.4933      8.027     0.6460 2.9128e-02  1025.2161     9.3287    25.1040     8.8224    268.952    9.30609  283.69754     94.803 -9.990e-29
   40.10862  -73.65182     24.736     24.544     9.3311    32.4932      8.027     0.6460 2.9128e-02  1025.2165     9.3285    25.1041     8.8216    268.929    9.30610  283.69789     94.794 -9.990e-29
   40.10862  -73.65182     24.742     24.551     9.3311    32.4932      8.027     0.6460 2.9395e-02  1025.2166     9.3285    25.1041     8.8215    268.926    9.30612  283.69844     94.793 -9.990e-29
   40.10862  -73.65182     24.722     24.531     9.3313    32.4932      8.027     0.6460 3.0339e-02  1025.2161     9.3287    25.1040     8.8214    268.923    9.30614  283.69900     94.792 -9.990e-29
   40.10862  -73.65182     24.716     24.525     9.3313    32.4930      8.027     0.6460 3.0749e-02  1025.2160     9.3287    25.1039     8.8213    268.920    9.30615  283.69934     94.790 -9.990e-29
   40.10862  -73.65182     24.711     24.520     9.3316    32.4930      8.027     0.6460 3.0749e-02  1025.2159     9.3290    25.1039     8.8212    268.916    9.30613  283.69869     94.789 -9.990e-29
   40.10862  -73.65182     24.711     24.520     9.3315    32.4930      8.027     0.6595 3.0067e-02  1025.2159     9.3288    25.1039     8.8211    268.911    9.30609  283.69758     94.788 -9.990e-29
   40.10862  -73.65182     24.685     24.494     9.3316    32.4932      8.027     0.6460 2.9797e-02  1025.2160     9.3290    25.1040     8.8210    268.909    9.30612  283.69854     94.787 -9.990e-29
   40.10862  -73.65182     24.701     24.510     9.3316    32.4932      8.027     0.6460 2.9797e-02  1025.2164     9.3290    25.1042     8.8201    268.883    9.30609  283.69763     94.778 -9.990e-29
   40.10862  -73.65182     24.701     24.510     9.3316    32.4932      8.027     0.6595 2.9932e-02  1025.2165     9.3290    25.1042     8.8200    268.880    9.30611  283.69805     94.777 -9.990e-29
   40.10862  -73.65182     24.685     24.494     9.3318    32.4932      8.027     0.6460 2.9932e-02  1025.2158     9.3292    25.1040     8.8199    268.875    9.30612  283.69846     94.775 -9.990e-29
   40.10862  -73.65182     24.671     24.480     9.3318    32.4930      8.027     0.6595 2.9932e-02  1025.2157     9.3292    25.1038     8.8198    268.872    9.30615  283.69922     94.774 -9.990e-29
   40.10862  -73.65182     24.680     24.490     9.3318    32.4930      8.027     0.6460 3.0067e-02  1025.2157     9.3292    25.1038     8.8256    269.050    9.30618  283.70005     94.836 -9.990e-29
   40.10862  -73.65182     24.665     24.475     9.3318    32.4930      8.027     0.6460 3.0339e-02  1025.2158     9.3292    25.1038     8.8202    268.885    9.30620  283.70087     94.778 -9.990e-29
   40.10862  -73.65182     24.660     24.469     9.3316    32.4930      8.027     0.6460 3.0339e-02  1025.2158     9.3290    25.1038     8.8200    268.880    9.30620  283.70089     94.776 -9.990e-29
   40.10862  -73.65182     24.660     24.469     9.3316    32.4929      8.027     0.6460 3.0203e-02  1025.2156     9.3290    25.1037     8.8199    268.875    9.30620  283.70091     94.774 -9.990e-29
   40.10862  -73.65182     24.654     24.464     9.3318    32.4927      8.027     0.6460 3.0067e-02  1025.2155     9.3292    25.1036     8.8138    268.690    9.30626  283.70260     94.708 -9.990e-29
   40.10862  -73.65182     24.660     24.469     9.3316    32.4927      8.027     0.6595 3.0067e-02  1025.2154     9.3290    25.1035     8.8189    268.847    9.30624  283.70196     94.764 -9.990e-29
   40.10862  -73.65182     24.650     24.460     9.3316    32.4927      8.027     0.6595 3.1025e-02  1025.2154     9.3290    25.1035     8.8188    268.841    9.30622  283.70150     94.762 -9.990e-29
   40.10862  -73.65182     24.635     24.445     9.3318    32.4928      8.027     0.6460 3.2426e-02  1025.2154     9.3292    25.1036     8.8187    268.840    9.30633  283.70492     94.761 -9.990e-29
   40.10862  -73.65182     24.641     24.450     9.3316    32.4929      8.027     0.6460 3.2853e-02  1025.2155     9.3290    25.1037     8.8187    268.841    9.30648  283.70935     94.759 -9.990e-29
   40.10862  -73.65182     24.650     24.460     9.3315    32.4929      8.027     0.6460 3.2710e-02  1025.2158     9.3289    25.1038     8.8187    268.839    9.30655  283.71137     94.758 -9.990e-29
   40.10862  -73.65182     24.645     24.454     9.3316    32.4929      8.027     0.6595 3.2284e-02  1025.2156     9.3290    25.1037     8.8185    268.834    9.30655  283.71138     94.756 -9.990e-29
   40.10862  -73.65182     24.630     24.439     9.3316    32.4929      8.027     0.6460 3.2142e-02  1025.2154     9.3290    25.1037     8.8184    268.829    9.30654  283.71099     94.755 -9.990e-29
   40.10862  -73.65182     24.650     24.460     9.3318    32.4930      8.027     0.6460 3.2142e-02  1025.2157     9.3292    25.1038     8.8182    268.824    9.30650  283.70975     94.753 -9.990e-29
   40.10862  -73.65182     24.645     24.454     9.3318    32.4930      8.027     0.6460 3.2568e-02  1025.2158     9.3292    25.1039     8.8180    268.818    9.30646  283.70870     94.751 -9.990e-29
   40.10862  -73.65182     24.641     24.450     9.3318    32.4930      8.027     0.6595 3.2710e-02  1025.2156     9.3292    25.1038     8.8179    268.816    9.30652  283.71058     94.750 -9.990e-29
   40.10862  -73.65182     24.650     24.460     9.3316    32.4929      8.027     0.6595 3.2710e-02  1025.2155     9.3290    25.1038     8.8237    268.990    9.30646  283.70860     94.812 -9.990e-29
   40.10860  -73.65172     24.645     24.454     9.3316    32.4929      8.027     0.6460 3.2142e-02  1025.2156     9.3290    25.1037     8.8182    268.825    9.30649  283.70968     94.754 -9.990e-29
   40.10860  -73.65172     24.660     24.469     9.3321    32.4929      8.027     0.6729 3.1860e-02  1025.2153     9.3295    25.1036     8.8240    269.002    9.30652  283.71050     94.816 -9.990e-29
   40.10860  -73.65172     24.650     24.460     9.3318    32.4930      8.027     0.6729 3.1860e-02  1025.2157     9.3292    25.1038     8.8245    269.016    9.30651  283.71025     94.821 -9.990e-29
   40.10860  -73.65172     24.665     24.475     9.3319    32.4931      8.027     0.6595 3.2001e-02  1025.2158     9.3293    25.1039     8.8197    268.870    9.30657  283.71218     94.769 -9.990e-29
   40.10860  -73.65172     24.671     24.480     9.3318    32.4931      8.027     0.6595 3.2142e-02  1025.2159     9.3292    25.1039     8.8195    268.864    9.30659  283.71258     94.766 -9.990e-29
   40.10860  -73.65172     24.660     24.469     9.3316    32.4931      8.027     0.6595 3.2142e-02  1025.2157     9.3290    25.1039     8.8194    268.859    9.30662  283.71367     94.764 -9.990e-29
   40.10860  -73.65172     24.696     24.505     9.3316    32.4931      8.027     0.6595 3.2568e-02  1025.2161     9.3290    25.1039     8.8191    268.853    9.30663  283.71381     94.762 -9.990e-29
   40.10860  -73.65172     24.680     24.490     9.3319    32.4931      8.027     0.6595 3.2997e-02  1025.2158     9.3293    25.1039     8.8190    268.847    9.30664  283.71402     94.760 -9.990e-29
   40.10860  -73.65172     24.701     24.510     9.3318    32.4930      8.027     0.6595 3.2997e-02  1025.2158     9.3292    25.1039     8.8194    268.861    9.30663  283.71368     94.765 -9.990e-29
   40.10860  -73.65172     24.716     24.525     9.3316    32.4930      8.027     0.6595 3.2853e-02  1025.2160     9.3290    25.1039     8.8200    268.878    9.30667  283.71496     94.770 -9.990e-29
   40.10860  -73.65172     24.711     24.520     9.3317    32.4930      8.027     0.6729 3.2710e-02  1025.2161     9.3290    25.1039     8.8197    268.871    9.30661  283.71330     94.769 -9.990e-29
   40.10860  -73.65172     24.731     24.540     9.3316    32.4930      8.027     0.6729 3.2710e-02  1025.2159     9.3290    25.1039     8.8196    268.865    9.30660  283.71303     94.767 -9.990e-29
   40.10860  -73.65172     24.747     24.555     9.3319    32.4930      8.027     0.6595 3.2284e-02  1025.2162     9.3293    25.1039     8.8194    268.861    9.30660  283.71290     94.765 -9.990e-29
   40.10860  -73.65172     24.752     24.561     9.3316    32.4930      8.027     0.6595 3.1860e-02  1025.2165     9.3290    25.1039     8.8252    269.037    9.30663  283.71383     94.827 -9.990e-29
   40.10860  -73.65172     24.773     24.581     9.3318    32.4930      8.027     0.6595 3.1720e-02  1025.2159     9.3292    25.1038     8.8204    268.892    9.30663  283.71384     94.776 -9.990e-29
   40.10860  -73.65172     24.766     24.574     9.3316    32.4930      8.027     0.6729 3.1441e-02  1025.2163     9.3290    25.1038     8.8262    269.068    9.30663  283.71383     94.838 -9.990e-29
   40.10860  -73.65172     24.824     24.632     9.3319    32.4930      8.027     0.6729 3.1025e-02  1025.2164     9.3293    25.1038     8.8207    268.901    9.30663  283.71383     94.779 -9.990e-29
   40.10860  -73.65172     24.813     24.621     9.3319    32.4930      8.027     0.6595 3.0887e-02  1025.2162     9.3293    25.1038     8.8212    268.916    9.30663  283.71382     94.784 -9.990e-29
   40.10860  -73.65172     24.833     24.641     9.3316    32.4930      8.027     0.6595 3.1025e-02  1025.2167     9.3290    25.1038     8.8270    269.093    9.30668  283.71521     94.846 -9.990e-29
   40.10860  -73.65172     24.858     24.666     9.3318    32.4929      8.027     0.6595 3.1580e-02  1025.2165     9.3292    25.1037     8.8222    268.944    9.30659  283.71261     94.795 -9.990e-29
   40.10860  -73.65172     24.873     24.681     9.3319    32.4928      8.027     0.6729 3.1720e-02  1025.2162     9.3293    25.1035     8.8220    268.940    9.30664  283.71425     94.793 -9.990e-29
   40.10860  -73.65172     24.894     24.701     9.3318    32.4928      8.027     0.6729 3.1441e-02  1025.2165     9.3292    25.1035     8.8218    268.932    9.30656  283.71178     94.791 -9.990e-29
   40.10860  -73.65172     24.909     24.716     9.3316    32.4928      8.027     0.6595 2.9663e-02  1025.2168     9.3290    25.1037     8.8276    269.110    9.30664  283.71417     94.853 -9.990e-29
   40.10860  -73.65172     24.935     24.742     9.3316    32.4928      8.027     0.6729 2.8864e-02  1025.2167     9.3290    25.1037     8.8280    269.124    9.30664  283.71429     94.858 -9.990e-29
   40.10862  -73.65184     24.945     24.752     9.3315    32.4929      8.027     0.6595 2.8739e-02  1025.2170     9.3288    25.1038     8.8226    268.957    9.30665  283.71448     94.798 -9.990e-29
   40.10862  -73.65184     24.970     24.777     9.3315    32.4929      8.027     0.6460 2.9802e-02  1025.2174     9.3288    25.1039     8.8223    268.950    9.30667  283.71512     94.796 -9.990e-29
   40.10862  -73.65184     24.996     24.803     9.3318    32.4929      8.027     0.6326 3.0479e-02  1025.2171     9.3291    25.1038     8.8221    268.942    9.30666  283.71485     94.793 -9.990e-29
   40.10862  -73.65184     25.026     24.833     9.3316    32.4929      8.027     0.6326 3.0479e-02  1025.2173     9.3290    25.1038     8.8277    269.115    9.30664  283.71402     94.854 -9.990e-29
   40.10862  -73.65184     25.047     24.853     9.3318    32.4929      8.027     0.6326 2.9268e-02  1025.2173     9.3291    25.1038     8.8282    269.129    9.30669  283.71549     94.859 -9.990e-29
   40.10862  -73.65184     25.072     24.878     9.3316    32.4930      8.027     0.6460 2.8346e-02  1025.2177     9.3289    25.1039     8.8286    269.140    9.30668  283.71534     94.863 -9.990e-29
   40.10862  -73.65184     25.087     24.893     9.3316    32.4930      8.027     0.6326 2.8346e-02  1025.2176     9.3289    25.1039     8.8289    269.151    9.30669  283.71559     94.866 -9.990e-29
