CalculateIndicators/WaterTemperature/Data/CTD_NYOS/20220202_C03.cnv
* Sea-Bird SBE 9 Data File:
* FileName = C:\Seabird 9 CTD\Data\2022\202202_offshore\20220202_C03.hex
* Software Version Seasave V 7.23.2
* Temperature SN = 4590
* Conductivity SN = 3228
* Number of Bytes Per Scan = 44
* Number of Voltage Words = 5
* Number of Scans Averaged by the Deck Unit = 1
* NMEA Latitude = 40 29.79 N
* NMEA Longitude = 073 47.78 W
* NMEA UTC (Time) = Jun 19 2002  01:42:36
* NMEA baud rate = 4800
** Ship: rv seawolf
** Station: 7.1
** Operator: TCM
# nquan = 18
# nvalues = 9283                                  
# units = specified
# name 0 = latitude: Latitude [deg]
# name 1 = longitude: Longitude [deg]
# name 2 = prDM: Pressure, Digiquartz [db]
# name 3 = depSM: Depth [salt water, m]
# name 4 = t090C: Temperature [ITS-90, deg C]
# name 5 = sal00: Salinity, Practical [PSU]
# name 6 = ph: pH
# name 7 = flECO-AFL: Fluorescence, WET Labs ECO-AFL/FL [mg/m^3]
# name 8 = cpar: CPAR/Corrected Irradiance [%]
# name 9 = density00: Density [density, kg/m^3]
# name 10 = potemp090C: Potential Temperature [ITS-90, deg C]
# name 11 = sigma-é00: Density [sigma-theta, kg/m^3]
# name 12 = sbeox0Mg/L: Oxygen, SBE 43 [mg/l]
# name 13 = sbox0Mm/Kg: Oxygen, SBE 43 [umol/kg]
# name 14 = oxsolMg/L: Oxygen Saturation, Garcia & Gordon [mg/l]
# name 15 = oxsolMm/Kg: Oxygen Saturation, Garcia & Gordon [umol/kg]
# name 16 = sbeox0PS: Oxygen, SBE 43 [% saturation]
# name 17 = flag:  0.000e+00
# span 0 =   40.49622,   40.49662                 
# span 1 =  -73.79706,  -73.79632                 
# span 2 =      0.981,     19.164                 
# span 3 =      0.973,     19.015                 
# span 4 =     4.9829,     5.7416                 
# span 5 =    32.8689,    33.2080                 
# span 6 =      8.333,      8.346                 
# span 7 =     0.2700,     0.5252                 
# span 8 = 5.0640e-11, 9.9999e+04                 
# span 9 =  1025.9983,  1026.2572                 
# span 10 =     4.9824,     5.7402                
# span 11 =    25.9870,    26.1697                
# span 12 =     8.3716,     9.8288                
# span 13 =    254.945,    299.370                
# span 14 =   10.05349,   10.25651                
# span 15 =  306.16866,  312.39739                
# span 16 =     83.260,     95.859                
# span 17 = 0.0000e+00, 0.0000e+00                
# interval = seconds: 0.0416667
# start_time = Feb 02 2022 01:42:37 [System UTC, first data scan.]
# bad_flag = -9.990e-29
*END*
[from data line 6352]
   40.49632  -73.79688      2.741      2.720     4.9947    32.8904      8.342     0.2968 5.0640e-11  1026.0163     4.9945    26.0036     9.0139    274.549   10.25338  312.30167     87.912  0.000e+00
   40.49632  -73.79688      2.741      2.720     4.9944    32.8904      8.342     0.2968 5.0640e-11  1026.0163     4.9942    26.0036     9.0331    275.133   10.25345  312.30383     88.098  0.000e+00
   40.49632  -73.79688      2.751      2.730     4.9946    32.8904      8.342     0.2968 5.0640e-11  1026.0164     4.9944    26.0036     9.0611    275.987   10.25342  312.30276     88.372  0.000e+00
   40.49634  -73.79684      2.781      2.760     4.9946    32.8905      8.342     0.2968 5.0640e-11  1026.0166     4.9944    26.0037     9.0786    276.520   10.25341  312.30247     88.542  0.000e+00
   40.49634  -73.79684      2.781      2.760     4.9946    32.8907      8.342     0.2968 5.0640e-11  1026.0168     4.9944    26.0039     9.1067    277.374   10.25339  312.30197     88.816  0.000e+00
   40.49634  -73.79684      2.802      2.780     4.9947    32.8902      8.342     0.2968 5.0640e-11  1026.0164     4.9945    26.0034     9.1437    278.501   10.25340  312.30223     89.177  0.000e+00
   40.49634  -73.79684      2.802      2.780     4.9944    32.8903      8.342     0.2968 5.0640e-11  1026.0165     4.9942    26.0035     9.1833    279.708   10.25346  312.30406     89.563  0.000e+00
   40.49634  -73.79684      2.832      2.810     4.9943    32.8906      8.342     0.2968 5.0640e-11  1026.0170     4.9941    26.0038     9.2183    280.776   10.25347  312.30436     89.904  0.000e+00
   40.49634  -73.79684      2.832      2.810     4.9943    32.8908      8.342     0.2968 5.0640e-11  1026.0171     4.9941    26.0039     9.2392    281.413   10.25346  312.30403     90.109  0.000e+00
   40.49634  -73.79684      2.853      2.831     4.9944    32.8904      8.342     0.2968 5.0640e-11  1026.0168     4.9942    26.0036     9.2577    281.974   10.25346  312.30396     90.288  0.000e+00
   40.49634  -73.79684      2.862      2.840     4.9947    32.8902      8.342     0.2968 5.0640e-11  1026.0167     4.9945    26.0034     9.2751    282.504   10.25339  312.30214     90.459  0.000e+00
   40.49634  -73.79684      2.872      2.850     4.9943    32.8908      8.342     0.2968 5.0640e-11  1026.0173     4.9941    26.0039     9.2916    283.008   10.25346  312.30408     90.619  0.000e+00
   40.49634  -73.79684      2.880      2.858     4.9944    32.8903      8.342     0.3103 5.0640e-11  1026.0169     4.9942    26.0036     9.2938    283.075   10.25346  312.30399     90.641  0.000e+00
   40.49634  -73.79684      2.892      2.870     4.9944    32.8908      8.342     0.3237 5.0640e-11  1026.0173     4.9942    26.0039     9.3084    283.518   10.25343  312.30302     90.783  0.000e+00
   40.49634  -73.79684      2.902      2.880     4.9946    32.8905      8.342     0.3237 5.0640e-11  1026.0172     4.9944    26.0037     9.3211    283.906   10.25341  312.30244     90.907  0.000e+00
   40.49634  -73.79684      2.902      2.880     4.9946    32.8905      8.342     0.3237 9.9999e+04  1026.0171     4.9944    26.0037     9.3266    284.074   10.25341  312.30261     90.961  0.000e+00
   40.49634  -73.79684      2.902      2.880     4.9943    32.8910      8.342     0.3237 9.9999e+04  1026.0175     4.9941    26.0041     9.3391    284.454   10.25345  312.30362     91.082  0.000e+00
   40.49634  -73.79684      2.913      2.891     4.9947    32.8907      8.342     0.3237 9.9999e+04  1026.0173     4.9945    26.0038     9.3591    285.065   10.25336  312.30105     91.279  0.000e+00
   40.49634  -73.79684      2.923      2.900     4.9946    32.8905      8.342     0.3237 9.9999e+04  1026.0173     4.9944    26.0037     9.3887    285.964   10.25341  312.30247     91.566  0.000e+00
   40.49634  -73.79684      2.913      2.891     4.9946    32.8912      8.342     0.3237 9.9999e+04  1026.0177     4.9944    26.0042     9.4117    286.666   10.25336  312.30098     91.792  0.000e+00
   40.49634  -73.79684      2.902      2.880     4.9944    32.8911      8.342     0.3237 9.9999e+04  1026.0176     4.9942    26.0042     9.4338    287.338   10.25340  312.30221     92.006  0.000e+00
   40.49634  -73.79684      2.913      2.891     4.9946    32.8905      8.342     0.3237 9.9999e+04  1026.0172     4.9944    26.0037     9.4625    288.213   10.25341  312.30246     92.286  0.000e+00
   40.49634  -73.79684      2.902      2.880     4.9946    32.8905      8.342     0.3237 9.9999e+04  1026.0171     4.9944    26.0037     9.4891    289.023   10.25341  312.30261     92.546  0.000e+00
   40.49634  -73.79684      2.902      2.880     4.9946    32.8910      8.342     0.3237 9.9999e+04  1026.0175     4.9944    26.0040     9.5088    289.623   10.25338  312.30146     92.738  0.000e+00
   40.49634  -73.79684      2.902      2.880     4.9947    32.8902      8.342     0.3237 9.9999e+04  1026.0169     4.9945    26.0034     9.5192    289.939   10.25340  312.30218     92.839  0.000e+00
   40.49634  -73.79684      2.872      2.850     4.9949    32.8903      8.342     0.3237 9.9999e+04  1026.0168     4.9947    26.0035     9.5287    290.229   10.25334  312.30049     92.932  0.000e+00
   40.49634  -73.79684      2.883      2.861     4.9949    32.8907      8.342     0.3237 9.9999e+04  1026.0172     4.9947    26.0038     9.5454    290.737   10.25331  312.29952     93.095  0.000e+00
   40.49634  -73.79684      2.862      2.840     4.9947    32.8908      8.342     0.3237 9.9999e+04  1026.0172     4.9945    26.0039     9.5683    291.436   10.25336  312.30083     93.319  0.000e+00
   40.49634  -73.79684      2.853      2.831     4.9949    32.8902      8.342     0.3237 9.9999e+04  1026.0167     4.9947    26.0034     9.5762    291.677   10.25335  312.30063     93.396  0.000e+00
   40.49634  -73.79684      2.832      2.810     4.9951    32.8897      8.342     0.3237 9.9999e+04  1026.0162     4.9949    26.0030     9.5824    291.864   10.25334  312.30067     93.456  0.000e+00
   40.49634  -73.79684      2.821      2.799     4.9951    32.8904      8.342     0.3237 9.9999e+04  1026.0167     4.9949    26.0036     9.5797    291.783   10.25329  312.29902     93.431  0.000e+00
   40.49634  -73.79684      2.802      2.780     4.9954    32.8904      8.342     0.3237 9.9999e+04  1026.0165     4.9952    26.0035     9.5823    291.860   10.25322  312.29684     93.456  0.000e+00
   40.49634  -73.79684      2.778      2.757     4.9951    32.8902      8.342     0.3237 9.9999e+04  1026.0163     4.9949    26.0034     9.5910    292.128   10.25331  312.29963     93.541  0.000e+00
   40.49634  -73.79684      2.761      2.739     4.9952    32.8904      8.342     0.3237 9.9999e+04  1026.0163     4.9950    26.0035     9.5854    291.957   10.25326  312.29804     93.487  0.000e+00
   40.49634  -73.79684      2.730      2.709     4.9951    32.8905      8.342     0.3237 9.9999e+04  1026.0163     4.9949    26.0036     9.5790    291.760   10.25329  312.29892     93.423  0.000e+00
   40.49634  -73.79684      2.710      2.689     4.9952    32.8905      8.342     0.3237 9.9999e+04  1026.0162     4.9950    26.0036     9.5699    291.484   10.25325  312.29781     93.335  0.000e+00
   40.49634  -73.79684      2.690      2.670     4.9952    32.8906      8.342     0.2968 9.9999e+04  1026.0162     4.9950    26.0037     9.5662    291.372   10.25324  312.29746     93.300  0.000e+00
   40.49634  -73.79684      2.670      2.649     4.9956    32.8905      8.342     0.2968 9.9999e+04  1026.0160     4.9954    26.0036     9.5694    291.470   10.25317  312.29520     93.332  0.000e+00
   40.49634  -73.79684      2.640      2.619     4.9951    32.8906      8.342     0.2968 9.9999e+04  1026.0160     4.9949    26.0037     9.5789    291.759   10.25328  312.29865     93.423  0.000e+00
   40.49634  -73.79684      2.609      2.589     4.9954    32.8904      8.342     0.2968 9.9999e+04  1026.0156     4.9952    26.0035     9.5888    292.061   10.25322  312.29695     93.520  0.000e+00
   40.49634  -73.79684      2.579      2.559     4.9952    32.8901      8.342     0.2968 9.9999e+04  1026.0153     4.9950    26.0033     9.5924    292.169   10.25328  312.29864     93.554  0.000e+00
   40.49634  -73.79684      2.549      2.529     4.9949    32.8905      8.342     0.2968 9.9999e+04  1026.0155     4.9947    26.0037     9.6018    292.456   10.25332  312.29995     93.646  0.000e+00
   40.49634  -73.79684      2.519      2.499     4.9952    32.8898      8.342     0.2968 9.9999e+04  1026.0148     4.9950    26.0031     9.6115    292.752   10.25330  312.29939     93.741  0.000e+00
   40.49634  -73.79684      2.487      2.468     4.9952    32.8897      8.342     0.2968 9.9999e+04  1026.0145     4.9950    26.0030     9.6208    293.035   10.25331  312.29968     93.831  0.000e+00
   40.49634  -73.79684      2.445      2.426     4.9949    32.8900      8.342     0.2968 9.9999e+04  1026.0146     4.9948    26.0032     9.6233    293.112   10.25336  312.30113     93.856  0.000e+00
   40.49634  -73.79684      2.417      2.398     4.9949    32.8900      8.342     0.2968 9.9999e+04  1026.0145     4.9948    26.0033     9.6182    292.956   10.25336  312.30110     93.805  0.000e+00
   40.49634  -73.79684      2.387      2.368     4.9947    32.8904      8.342     0.2968 9.9999e+04  1026.0147     4.9946    26.0036     9.6055    292.569   10.25338  312.30158     93.681  0.000e+00
   40.49634  -73.79684      2.336      2.318     4.9947    32.8900      8.342     0.2968 9.9999e+04  1026.0141     4.9946    26.0033     9.5915    292.142   10.25341  312.30250     93.544  0.000e+00
   40.49634  -73.79684      2.306      2.288     4.9949    32.8900      8.342     0.2968 9.9999e+04  1026.0139     4.9947    26.0032     9.5700    291.488   10.25337  312.30155     93.335  0.000e+00
   40.49634  -73.79684      2.276      2.258     4.9949    32.8901      8.342     0.2968 9.9999e+04  1026.0139     4.9948    26.0033     9.5545    291.016   10.25335  312.30094     93.184  0.000e+00
   40.49634  -73.79684      2.225      2.208     4.9949    32.8896      8.342     0.2968 9.9999e+04  1026.0133     4.9948    26.0029     9.5389    290.540   10.25339  312.30202     93.032  0.000e+00
   40.49632  -73.79688      2.194      2.178     4.9949    32.8897      8.342     0.2968 9.9999e+04  1026.0132     4.9948    26.0030     9.5170    289.873   10.25338  312.30182     92.818  0.000e+00
   40.49632  -73.79688      2.144      2.127     4.9947    32.8900      8.342     0.2968 9.9999e+04  1026.0132     4.9946    26.0033     9.5006    289.373   10.25341  312.30260     92.658  0.000e+00
   40.49632  -73.79688      2.111      2.094     4.9949    32.8900      8.342     0.2968 9.9999e+04  1026.0131     4.9948    26.0033     9.4843    288.877   10.25336  312.30107     92.500  0.000e+00
   40.49632  -73.79688      2.083      2.067     4.9949    32.8899      8.342     0.2968 9.9999e+04  1026.0128     4.9948    26.0032     9.4551    287.989   10.25337  312.30136     92.215  0.000e+00
   40.49632  -73.79688      2.032      2.017     4.9946    32.8900      8.342     0.2968 9.9999e+04  1026.0127     4.9944    26.0033     9.4327    287.306   10.25344  312.30371     91.996  0.000e+00
   40.49632  -73.79688      1.992      1.977     4.9947    32.8900      8.342     0.2968 9.9999e+04  1026.0125     4.9946    26.0033     9.4171    286.829   10.25341  312.30259     91.843  0.000e+00
   40.49632  -73.79688      1.962      1.947     4.9944    32.8899      8.342     0.2968 9.9999e+04  1026.0123     4.9943    26.0032     9.3936    286.115   10.25349  312.30504     91.614  0.000e+00
   40.49632  -73.79688      1.931      1.916     4.9943    32.8896      8.342     0.2968 5.0640e-11  1026.0120     4.9942    26.0030     9.3685    285.348   10.25354  312.30673     91.368  0.000e+00
   40.49632  -73.79688      1.888      1.874     4.9943    32.8893      8.342     0.2968 5.0640e-11  1026.0115     4.9942    26.0028     9.3417    284.532   10.25356  312.30750     91.107  0.000e+00
   40.49632  -73.79688      1.851      1.837     4.9943    32.8892      8.342     0.2968 5.0640e-11  1026.0113     4.9942    26.0027     9.3204    283.884   10.25357  312.30762     90.899  0.000e+00
   40.49632  -73.79688      1.810      1.796     4.9941    32.8897      8.342     0.2968 5.0640e-11  1026.0115     4.9940    26.0031     9.2967    283.164   10.25359  312.30809     90.668  0.000e+00
   40.49632  -73.79688      1.789      1.775     4.9940    32.8900      8.342     0.2968 5.0640e-11  1026.0116     4.9938    26.0033     9.2724    282.422   10.25360  312.30849     90.431  0.000e+00
   40.49632  -73.79688      1.759      1.745     4.9940    32.8902      8.342     0.2968 5.0640e-11  1026.0117     4.9938    26.0035     9.2473    281.658   10.25359  312.30796     90.186  0.000e+00
   40.49632  -73.79688      1.708      1.695     4.9944    32.8899      8.342     0.2968 5.0640e-11  1026.0111     4.9943    26.0032     9.2347    281.273   10.25349  312.30507     90.064  0.000e+00
   40.49632  -73.79688      1.686      1.673     4.9941    32.8899      8.342     0.2968 5.0640e-11  1026.0111     4.9940    26.0033     9.2091    280.493   10.25357  312.30745     89.813  0.000e+00
   40.49632  -73.79688      1.668      1.655     4.9941    32.8899      8.342     0.2968 5.0640e-11  1026.0110     4.9940    26.0032     9.1976    280.143   10.25357  312.30759     89.701  0.000e+00
   40.49632  -73.79688      1.638      1.625     4.9940    32.8903      8.342     0.2968 5.0640e-11  1026.0112     4.9938    26.0036     9.1746    279.442   10.25358  312.30782     89.477  0.000e+00
   40.49632  -73.79688      1.608      1.595     4.9938    32.8903      8.342     0.2968 5.0640e-11  1026.0110     4.9937    26.0036     9.1518    278.750   10.25362  312.30886     89.254  0.000e+00
   40.49632  -73.79688      1.587      1.575     4.9940    32.8898      8.342     0.2968 5.0640e-11  1026.0105     4.9938    26.0032     9.1434    278.493   10.25361  312.30890     89.172  0.000e+00
   40.49632  -73.79688      1.573      1.561     4.9938    32.8899      8.342     0.2968 5.0640e-11  1026.0106     4.9937    26.0033     9.1237    277.892   10.25364  312.30980     88.980  0.000e+00
   40.49632  -73.79688      1.536      1.525     4.9938    32.8899      8.342     0.2968 5.0640e-11  1026.0104     4.9937    26.0033     9.1051    277.327   10.25364  312.30976     88.799  0.000e+00
   40.49632  -73.79688      1.527      1.515     4.9936    32.8901      8.342     0.2968 5.0640e-11  1026.0105     4.9935    26.0035     9.0941    276.993   10.25368  312.31075     88.691  0.000e+00
   40.49632  -73.79688      1.517      1.505     4.9936    32.8899      8.342     0.2968 5.0640e-11  1026.0103     4.9935    26.0033     9.0907    276.887   10.25369  312.31123     88.657  0.000e+00
   40.49632  -73.79688      1.494      1.482     4.9935    32.8894      8.342     0.2968 5.0640e-11  1026.0099     4.9934    26.0029     9.0815    276.607   10.25376  312.31343     88.567  0.000e+00
   40.49634  -73.79686      1.497      1.485     4.9936    32.8891      8.342     0.2968 5.0640e-11  1026.0096     4.9935    26.0027     9.0735    276.365   10.25374  312.31301     88.490  0.000e+00
   40.49634  -73.79686      1.486      1.474     4.9935    32.8893      8.342     0.2968 5.0640e-11  1026.0097     4.9934    26.0028     9.0677    276.189   10.25377  312.31375     88.433  0.000e+00
   40.49634  -73.79686      1.476      1.465     4.9935    32.8890      8.342     0.2968 5.0640e-11  1026.0095     4.9934    26.0026     9.0625    276.030   10.25379  312.31439     88.382  0.000e+00
   40.49634  -73.79686      1.476      1.465     4.9935    32.8891      8.342     0.2968 5.0640e-11  1026.0096     4.9934    26.0027     9.0508    275.673   10.25378  312.31406     88.268  0.000e+00
   40.49634  -73.79686      1.473      1.462     4.9935    32.8898      8.342     0.2968 5.0640e-11  1026.0101     4.9934    26.0032     9.0310    275.071   10.25374  312.31258     88.075  0.000e+00
