CalculateIndicators/WaterTemperature/Data/CTD_NYOS/202200727_C06.cnv
* Sea-Bird SBE 9 Data File:
* FileName = C:\Seabird 9 CTD\Data\2022\202207_offshore\202200727_C06.hex
* Software Version Seasave V 7.23.2
* Temperature SN = 4590
* Conductivity SN = 3228
* Number of Bytes Per Scan = 44
* Number of Voltage Words = 5
* Number of Scans Averaged by the Deck Unit = 1
* NMEA Latitude = 39 28.56 N
* NMEA Longitude = 073 04.13 W
* NMEA UTC (Time) = Dec 11 2002  10:11:30
* NMEA baud rate = 4800
** Ship: seawolf
** Station: 6.4
** Operator: TDK
# nquan = 18
# nvalues = 17748                       
# units = specified
# name 0 = latitude: Latitude [deg]
# name 1 = longitude: Longitude [deg]
# name 2 = prDM: Pressure, Digiquartz [db]
# name 3 = depSM: Depth [salt water, m]
# name 4 = t090C: Temperature [ITS-90, deg C]
# name 5 = sal00: Salinity, Practical [PSU]
# name 6 = ph: pH
# name 7 = flECO-AFL: Fluorescence, WET Labs ECO-AFL/FL [mg/m^3]
# name 8 = cpar: CPAR/Corrected Irradiance [%]
# name 9 = density00: Density [density, kg/m^3]
# name 10 = potemp090C: Potential Temperature [ITS-90, deg C]
# name 11 = sigma-é00: Density [sigma-theta, kg/m^3]
# name 12 = sbeox0Mg/L: Oxygen, SBE 43 [mg/l]
# name 13 = sbox0Mm/Kg: Oxygen, SBE 43 [umol/kg]
# name 14 = oxsolMg/L: Oxygen Saturation, Garcia & Gordon [mg/l]
# name 15 = oxsolMm/Kg: Oxygen Saturation, Garcia & Gordon [umol/kg]
# name 16 = sbeox0PS: Oxygen, SBE 43 [% saturation]
# name 17 = flag:  0.000e+00
# span 0 =   39.47540,   39.47610       
# span 1 =  -73.06884,  -73.06788       
# span 2 =      1.514,     63.090       
# span 3 =      1.503,     62.600       
# span 4 =     8.6290,    25.0131       
# span 5 =    31.3649,    33.1996       
# span 6 =      7.966,      8.219       
# span 7 =    -0.0255,     2.0697       
# span 8 = 1.9477e-12, 4.5000e+01       
# span 9 =  1020.7157,  1026.0348       
# span 10 =     8.6235,    25.0122      
# span 11 =    20.7045,    25.7477      
# span 12 =     6.8892,     9.2057      
# span 13 =    210.894,    280.554      
# span 14 =    6.90149,    9.41840      
# span 15 =  211.28329,  286.96852      
# span 16 =     77.955,    107.040      
# span 17 = 0.0000e+00, 0.0000e+00      
# interval = seconds: 0.0416667
# start_time = Jul 27 2022 10:11:31 [System UTC, first data scan.]
# bad_flag = -9.990e-29
*END*
[from data line 16885]
   39.47544  -73.06790      2.449      2.430    25.0057    31.6179 -9.990e-29     0.3774 3.1805e+01  1020.7966    25.0052    20.7860     6.9554    212.932    6.90308  211.33126    100.758 -9.990e-29
   39.47544  -73.06790      2.447      2.429    25.0063    31.6176 -9.990e-29     0.3774 3.1895e+01  1020.7959    25.0058    20.7857     6.9555    212.936    6.90308  211.33136    100.759 -9.990e-29
   39.47544  -73.06790      2.447      2.429    25.0064    31.6175 -9.990e-29     0.3774 3.1895e+01  1020.7960    25.0059    20.7856     6.9557    212.941    6.90311  211.33209    100.761 -9.990e-29
   39.47544  -73.06790      2.438      2.419    25.0064    31.6174 -9.990e-29     0.3774 3.1895e+01  1020.7960    25.0059    20.7855     6.9561    212.955    6.90313  211.33281    100.768 -9.990e-29
   39.47544  -73.06790      2.428      2.409    25.0062    31.6172 -9.990e-29     0.3774 3.2257e+01  1020.7956    25.0057    20.7854     6.9566    212.969    6.90311  211.33218    100.775 -9.990e-29
   39.47544  -73.06790      2.418      2.400    25.0059    31.6169 -9.990e-29     0.3774 3.2531e+01  1020.7955    25.0054    20.7853     6.9615    213.120    6.90311  211.33220    100.846 -9.990e-29
   39.47542  -73.06792      2.407      2.389    25.0056    31.6169 -9.990e-29     0.3774 3.2623e+01  1020.7956    25.0051    20.7853     6.9574    212.994    6.90309  211.33152    100.787 -9.990e-29
   39.47542  -73.06792      2.398      2.379    25.0055    31.6169 -9.990e-29     0.3774 3.3087e+01  1020.7955    25.0050    20.7854     6.9578    213.005    6.90309  211.33164    100.792 -9.990e-29
   39.47542  -73.06792      2.387      2.369    25.0053    31.6171 -9.990e-29     0.3774 3.3747e+01  1020.7958    25.0048    20.7855     6.9628    213.159    6.90310  211.33180    100.865 -9.990e-29
   39.47542  -73.06792      2.377      2.359    25.0053    31.6171 -9.990e-29     0.3774 3.3938e+01  1020.7959    25.0048    20.7857     6.9588    213.038    6.90311  211.33219    100.807 -9.990e-29
   39.47542  -73.06792      2.358      2.340    25.0053    31.6171 -9.990e-29     0.3774 3.4130e+01  1020.7958    25.0048    20.7857     6.9640    213.195    6.90313  211.33264    100.881 -9.990e-29
   39.47542  -73.06792      2.357      2.339    25.0053    31.6171 -9.990e-29     0.3774 3.4518e+01  1020.7956    25.0048    20.7856     6.9647    213.218    6.90314  211.33309    100.892 -9.990e-29
   39.47542  -73.06792      2.336      2.318    25.0051    31.6171 -9.990e-29     0.3774 3.4616e+01  1020.7956    25.0046    20.7856     6.9655    213.243    6.90316  211.33357    100.903 -9.990e-29
   39.47542  -73.06792      2.326      2.309    25.0050    31.6171 -9.990e-29     0.3908 3.4713e+01  1020.7955    25.0045    20.7856     6.9663    213.268    6.90316  211.33367    100.915 -9.990e-29
   39.47542  -73.06792      2.306      2.288    25.0049    31.6171 -9.990e-29     0.3774 3.5207e+01  1020.7957    25.0044    20.7857     6.9669    213.286    6.90318  211.33424    100.924 -9.990e-29
   39.47542 -9.990e-29      2.296      2.279    25.0046    31.6171 -9.990e-29     0.3774 3.5406e+01  1020.7955    25.0041    20.7857     6.9675    213.304    6.90315  211.33317    100.932 -9.990e-29
   39.47542 -9.990e-29      2.286      2.269    25.0049    31.6172 -9.990e-29     0.3640 3.5506e+01  1020.7955    25.0044    20.7858     6.9728    213.465    6.90314  211.33300    101.009 -9.990e-29
   39.47542 -9.990e-29      2.275      2.258    25.0046    31.6172 -9.990e-29     0.3640 3.6214e+01  1020.7956    25.0041    20.7858     6.9737    213.492    6.90313  211.33277    101.022 -9.990e-29
   39.47542 -9.990e-29      2.266      2.249    25.0048    31.6172 -9.990e-29     0.3640 3.6522e+01  1020.7954    25.0043    20.7858     6.9746    213.521    6.90318  211.33444    101.035 -9.990e-29
   39.47542 -9.990e-29      2.236      2.219    25.0043    31.6171 -9.990e-29     0.3640 3.6522e+01  1020.7956    25.0039    20.7858     6.9753    213.541    6.90318  211.33433    101.044 -9.990e-29
   39.47542 -9.990e-29      2.236      2.219    25.0044    31.6169 -9.990e-29     0.3640 3.6729e+01  1020.7951    25.0039    20.7857     6.9759    213.561    6.90319  211.33471    101.054 -9.990e-29
   39.47542 -9.990e-29      2.226      2.209    25.0040    31.6169 -9.990e-29     0.3640 3.6833e+01  1020.7951    25.0035    20.7857     6.9766    213.583    6.90323  211.33573    101.063 -9.990e-29
   39.47542 -9.990e-29      2.205      2.189    25.0039    31.6169 -9.990e-29     0.3640 3.5783e+01  1020.7953    25.0034    20.7858     6.9770    213.596    6.90325  211.33631    101.069 -9.990e-29
   39.47542 -9.990e-29      2.194      2.178    25.0038    31.6171 -9.990e-29     0.3640 3.5682e+01  1020.7953    25.0034    20.7860     6.9777    213.614    6.90322  211.33528    101.078 -9.990e-29
   39.47542 -9.990e-29      2.185      2.168    25.0039    31.6171 -9.990e-29     0.3640 3.6833e+01  1020.7953    25.0034    20.7860     6.9783    213.633    6.90318  211.33414    101.088 -9.990e-29
   39.47542 -9.990e-29      2.164      2.148    25.0036    31.6171 -9.990e-29     0.3640 3.5783e+01  1020.7954    25.0032    20.7861     6.9789    213.653    6.90317  211.33393    101.097 -9.990e-29
   39.47542 -9.990e-29      2.155      2.138    25.0034    31.6171 -9.990e-29     0.3640 3.5884e+01  1020.7956    25.0029    20.7862     6.9793    213.664    6.90316  211.33372    101.103 -9.990e-29
   39.47542 -9.990e-29      2.145      2.129    25.0033    31.6170 -9.990e-29     0.3640 3.5985e+01  1020.7954    25.0028    20.7861     6.9797    213.676    6.90315  211.33337    101.108 -9.990e-29
   39.47542 -9.990e-29      2.134      2.118    25.0032    31.6166 -9.990e-29     0.3640 3.7251e+01  1020.7949    25.0027    20.7858     6.9847    213.829    6.90313  211.33256    101.181 -9.990e-29
   39.47542 -9.990e-29      2.113      2.097    25.0031    31.6166 -9.990e-29     0.3640 3.7146e+01  1020.7942    25.0026    20.7855     6.9852    213.846    6.90309  211.33137    101.190 -9.990e-29
   39.47544 -9.990e-29      2.104      2.088    25.0030    31.6166 -9.990e-29     0.3640 3.7146e+01  1020.7946    25.0025    20.7857     6.9812    213.722    6.90311  211.33195    101.131 -9.990e-29
   39.47544 -9.990e-29      2.083      2.067    25.0030    31.6166 -9.990e-29     0.3640 3.5985e+01  1020.7950    25.0025    20.7860     6.9812    213.723    6.90306  211.33061    101.132 -9.990e-29
   39.47544 -9.990e-29      2.074      2.058    25.0025    31.6168 -9.990e-29     0.3640 3.5985e+01  1020.7949    25.0021    20.7862     6.9859    213.866    6.90306  211.33036    101.200 -9.990e-29
   39.47544 -9.990e-29      2.064      2.048    25.0023    31.6169 -9.990e-29     0.3640 3.5985e+01  1020.7953    25.0018    20.7864     6.9861    213.873    6.90300  211.32880    101.204 -9.990e-29
   39.47544 -9.990e-29      2.043      2.028    25.0020    31.6170 -9.990e-29     0.3640 3.6087e+01  1020.7952    25.0016    20.7864     6.9819    213.743    6.90295  211.32718    101.143 -9.990e-29
   39.47544 -9.990e-29      2.032      2.017    25.0019    31.6170 -9.990e-29     0.3640 3.7251e+01  1020.7950    25.0015    20.7864     6.9865    213.886    6.90297  211.32788    101.210 -9.990e-29
   39.47544 -9.990e-29      2.013      1.998    25.0015    31.6170 -9.990e-29     0.3640 3.5985e+01  1020.7952    25.0011    20.7865     6.9867    213.892    6.90298  211.32815    101.213 -9.990e-29
   39.47544 -9.990e-29      2.013      1.998    25.0013    31.6171 -9.990e-29     0.3640 3.5985e+01  1020.7953    25.0009    20.7867     6.9871    213.904    6.90297  211.32787    101.219 -9.990e-29
   39.47544 -9.990e-29      1.983      1.968    25.0011    31.6173 -9.990e-29     0.3640 3.6189e+01  1020.7955    25.0007    20.7869     6.9873    213.909    6.90297  211.32804    101.221 -9.990e-29
   39.47544 -9.990e-29      1.983      1.968    25.0012    31.6173 -9.990e-29     0.3640 3.6911e+01  1020.7953    25.0008    20.7870     6.9874    213.913    6.90300  211.32892    101.223 -9.990e-29
   39.47544 -9.990e-29      1.951      1.936    25.0006    31.6173 -9.990e-29     0.3505 3.7224e+01  1020.7955    25.0001    20.7870     6.9922    214.058    6.90302  211.32958    101.291 -9.990e-29
   39.47544 -9.990e-29      1.964      1.949    25.0008    31.6172 -9.990e-29     0.3371 3.7329e+01  1020.7953    25.0004    20.7870     6.9925    214.067    6.90305  211.33032    101.295 -9.990e-29
   39.47544 -9.990e-29      1.932      1.917    25.0006    31.6172 -9.990e-29     0.3371 3.8506e+01  1020.7953    25.0002    20.7870     6.9927    214.075    6.90305  211.33049    101.299 -9.990e-29
   39.47544 -9.990e-29      1.921      1.906    25.0007    31.6171 -9.990e-29     0.3371 3.9163e+01  1020.7952    25.0003    20.7870     6.9929    214.082    6.90308  211.33135    101.302 -9.990e-29
   39.47544 -9.990e-29      1.912      1.897    25.0005    31.6171 -9.990e-29     0.3371 3.9274e+01  1020.7950    25.0000    20.7870     6.9977    214.228    6.90307  211.33088    101.371 -9.990e-29
   39.47544 -9.990e-29      1.902      1.887    25.0002    31.6171 -9.990e-29     0.3371 4.0856e+01  1020.7952    24.9998    20.7871     6.9980    214.238    6.90305  211.33021    101.376 -9.990e-29
   39.47544 -9.990e-29      1.872      1.857    25.0001    31.6171 -9.990e-29     0.3371 4.2024e+01  1020.7953    24.9997    20.7872     6.9983    214.246    6.90302  211.32937    101.380 -9.990e-29
   39.47544 -9.990e-29      1.872      1.857    25.0001    31.6171 -9.990e-29     0.3371 4.2143e+01  1020.7950    24.9997    20.7872     6.9985    214.254    6.90302  211.32921    101.384 -9.990e-29
   39.47544 -9.990e-29      1.841      1.827    24.9995    31.6171 -9.990e-29     0.3371 4.3348e+01  1020.7952    24.9991    20.7873     6.9988    214.261    6.90306  211.33070    101.387 -9.990e-29
   39.47544 -9.990e-29      1.851      1.837    24.9995    31.6171 -9.990e-29     0.3371 4.4463e+01  1020.7952    24.9991    20.7873     6.9989    214.264    6.90302  211.32964    101.389 -9.990e-29
   39.47544 -9.990e-29      1.821      1.807    24.9994    31.6171 -9.990e-29     0.3371 4.4714e+01  1020.7950    24.9990    20.7872     6.9989    214.265    6.90296  211.32760    101.390 -9.990e-29
   39.47544 -9.990e-29      1.821      1.807    24.9994    31.6171 -9.990e-29     0.3371 4.4714e+01  1020.7946    24.9990    20.7871     6.9989    214.266    6.90294  211.32696    101.391 -9.990e-29
   39.47544 -9.990e-29      1.800      1.787    24.9993    31.6171 -9.990e-29     0.3371 4.4714e+01  1020.7950    24.9989    20.7873     6.9989    214.265    6.90294  211.32713    101.390 -9.990e-29
   39.47544 -9.990e-29      1.791      1.777    24.9992    31.6173 -9.990e-29     0.3371 4.4840e+01  1020.7953    24.9988    20.7875     6.9988    214.263    6.90291  211.32605    101.390 -9.990e-29
   39.47542 -9.990e-29      1.780      1.766    24.9993    31.6174 -9.990e-29     0.3371 4.5000e+01  1020.7953    24.9989    20.7876     6.9990    214.266    6.90290  211.32557    101.392 -9.990e-29
   39.47542 -9.990e-29      1.770      1.757    24.9994    31.6174 -9.990e-29     0.3371 4.2893e+01  1020.7951    24.9990    20.7875     6.9988    214.260    6.90285  211.32433    101.389 -9.990e-29
   39.47542 -9.990e-29      1.751      1.737    24.9993    31.6174 -9.990e-29     0.3371 4.0856e+01  1020.7950    24.9989    20.7875     6.9986    214.255    6.90287  211.32473    101.386 -9.990e-29
   39.47542 -9.990e-29      1.759      1.746    24.9992    31.6174 -9.990e-29     0.3371 4.0284e+01  1020.7951    24.9988    20.7875     7.0032    214.395    6.90282  211.32318    101.454 -9.990e-29
   39.47542 -9.990e-29      1.749      1.736    24.9991    31.6174 -9.990e-29     0.3371 3.8724e+01  1020.7949    24.9988    20.7875     6.9984    214.251    6.90281  211.32305    101.385 -9.990e-29
   39.47542 -9.990e-29      1.740      1.727    24.9990    31.6174 -9.990e-29     0.3371 3.8181e+01  1020.7950    24.9986    20.7876     6.9983    214.247    6.90278  211.32212    101.384 -9.990e-29
   39.47542 -9.990e-29      1.740      1.727    24.9988    31.6174 -9.990e-29     0.3371 3.8289e+01  1020.7951    24.9984    20.7877     7.0028    214.384    6.90276  211.32154    101.449 -9.990e-29
   39.47542 -9.990e-29      1.749      1.736    24.9988    31.6174 -9.990e-29     0.3371 3.9163e+01  1020.7952    24.9984    20.7877     6.9981    214.241    6.90272  211.32027    101.382 -9.990e-29
   39.47542 -9.990e-29      1.749      1.736    24.9987    31.6175 -9.990e-29     0.3371 3.9496e+01  1020.7951    24.9983    20.7878     7.0025    214.376    6.90270  211.31984    101.446 -9.990e-29
   39.47542 -9.990e-29      1.749      1.736    24.9988    31.6175 -9.990e-29     0.3371 3.9496e+01  1020.7955    24.9984    20.7879     7.0025    214.374    6.90270  211.31964    101.445 -9.990e-29
   39.47542 -9.990e-29      1.749      1.736    24.9988    31.6175 -9.990e-29     0.3505 4.0284e+01  1020.7955    24.9984    20.7879     7.0024    214.372    6.90270  211.31984    101.444 -9.990e-29
   39.47542 -9.990e-29      1.771      1.758    24.9989    31.6174 -9.990e-29     0.3640 4.0626e+01  1020.7954    24.9986    20.7877     7.0025    214.375    6.90272  211.32048    101.446 -9.990e-29
   39.47542 -9.990e-29      1.770      1.757    24.9988    31.6172 -9.990e-29     0.3640 4.0626e+01  1020.7948    24.9984    20.7875     7.0026    214.378    6.90274  211.32113    101.447 -9.990e-29
   39.47542 -9.990e-29      1.791      1.777    24.9987    31.6172 -9.990e-29     0.3640 4.0741e+01  1020.7953    24.9983    20.7875     7.0026    214.380    6.90277  211.32191    101.447 -9.990e-29
   39.47542 -9.990e-29      1.791      1.777    24.9986    31.6172 -9.990e-29     0.3640 4.0856e+01  1020.7951    24.9982    20.7876     7.0026    214.379    6.90277  211.32181    101.447 -9.990e-29
   39.47542 -9.990e-29      1.821      1.807    24.9983    31.6172 -9.990e-29     0.3640 4.0856e+01  1020.7954    24.9979    20.7877     7.0027    214.380    6.90284  211.32399    101.446 -9.990e-29
   39.47542 -9.990e-29      1.821      1.807    24.9981    31.6175 -9.990e-29     0.3640 4.0856e+01  1020.7956    24.9977    20.7879     7.0026    214.379    6.90289  211.32590    101.445 -9.990e-29
   39.47542 -9.990e-29      1.840      1.826    24.9981    31.6176 -9.990e-29     0.3640 4.0971e+01  1020.7962    24.9977    20.7881     7.0025    214.375    6.90289  211.32573    101.443 -9.990e-29
   39.47542 -9.990e-29      1.851      1.837    24.9984    31.6176 -9.990e-29     0.3640 4.0856e+01  1020.7961    24.9980    20.7881     7.0023    214.368    6.90288  211.32536    101.440 -9.990e-29
   39.47542 -9.990e-29      1.872      1.857    24.9987    31.6178 -9.990e-29     0.3640 4.0971e+01  1020.7958    24.9983    20.7879     7.0021    214.363    6.90290  211.32592    101.437 -9.990e-29
   39.47542 -9.990e-29      1.881      1.867    24.9988    31.6178 -9.990e-29     0.3640 4.0971e+01  1020.7957    24.9984    20.7879     7.0019    214.356    6.90293  211.32675    101.433 -9.990e-29
   39.47542 -9.990e-29      1.902      1.887    24.9987    31.6178 -9.990e-29     0.3640 4.0971e+01  1020.7963    24.9982    20.7881     7.0016    214.347    6.90296  211.32759    101.429 -9.990e-29
   39.47542 -9.990e-29      1.921      1.907    24.9988    31.6179 -9.990e-29     0.3640 4.1319e+01  1020.7965    24.9984    20.7881     7.0013    214.338    6.90299  211.32852    101.424 -9.990e-29
   39.47542 -9.990e-29      1.932      1.917    24.9993    31.6179 -9.990e-29     0.3640 4.1670e+01  1020.7960    24.9989    20.7880     7.0012    214.334    6.90298  211.32811    101.422 -9.990e-29
   39.47542 -9.990e-29      1.951      1.937    24.9990    31.6179 -9.990e-29     0.3640 4.1788e+01  1020.7965    24.9986    20.7880     7.0010    214.329    6.90300  211.32868    101.420 -9.990e-29
