CalculateIndicators/WaterTemperature/Data/CTD_NYOS/20220928_C02.cnv
* Sea-Bird SBE 9 Data File:
* FileName = C:\Seabird 9 CTD\Data\2022\202209_offshore\20220928_C02.hex
* Software Version Seasave V 7.23.2
* Temperature SN = 4590
* Conductivity SN = 3228
* Number of Bytes Per Scan = 44
* Number of Voltage Words = 5
* Number of Scans Averaged by the Deck Unit = 1
* NMEA Latitude = 40 26.91 N
* NMEA Longitude = 073 46.13 W
* NMEA UTC (Time) = Feb 12 2003  08:54:39
* NMEA baud rate = 4800
** Ship: seawolf
** Station: 7.1
** Operator: tcm
# nquan = 18
# nvalues = 10106                       
# units = specified
# name 0 = latitude: Latitude [deg]
# name 1 = longitude: Longitude [deg]
# name 2 = prDM: Pressure, Digiquartz [db]
# name 3 = depSM: Depth [salt water, m]
# name 4 = t090C: Temperature [ITS-90, deg C]
# name 5 = sal00: Salinity, Practical [PSU]
# name 6 = ph: pH
# name 7 = flECO-AFL: Fluorescence, WET Labs ECO-AFL/FL [mg/m^3]
# name 8 = cpar: CPAR/Corrected Irradiance [%]
# name 9 = density00: Density [density, kg/m^3]
# name 10 = potemp090C: Potential Temperature [ITS-90, deg C]
# name 11 = sigma-é00: Density [sigma-theta, kg/m^3]
# name 12 = sbeox0Mg/L: Oxygen, SBE 43 [mg/l]
# name 13 = sbox0Mm/Kg: Oxygen, SBE 43 [umol/kg]
# name 14 = oxsolMg/L: Oxygen Saturation, Garcia & Gordon [mg/l]
# name 15 = oxsolMm/Kg: Oxygen Saturation, Garcia & Gordon [umol/kg]
# name 16 = sbeox0PS: Oxygen, SBE 43 [% saturation]
# name 17 = flag:  0.000e+00
# span 0 =   40.44804,   40.44854       
# span 1 =  -73.76890,  -73.76674       
# span 2 =      1.289,     23.899       
# span 3 =      1.279,     23.714       
# span 4 =    12.7990,    20.4344       
# span 5 =    32.2996,    33.5156       
# span 6 =      6.858,      8.159       
# span 7 =     0.1357,     1.1833       
# span 8 = 5.0640e-11, 9.9999e+04       
# span 9 =  1022.6924,  1025.3498       
# span 10 =    12.7959,    20.4320      
# span 11 =    22.6698,    25.2711      
# span 12 =     4.6663,     6.9448      
# span 13 =    142.320,    212.210      
# span 14 =    7.44188,    8.58880      
# span 15 =  227.37298,  261.79798      
# span 16 =     55.405,     92.787      
# span 17 = 0.0000e+00, 0.0000e+00      
# interval = seconds: 0.0416667
# start_time = Sep 28 2022 08:54:42 [System UTC, first data scan.]
# bad_flag = -9.990e-29
*END*
[from data line 2413]
   40.44842  -73.76836     23.561     23.378    12.8111    33.4519      6.873     0.1894 5.0640e-11  1025.3367    12.8080    25.2316     4.7814    145.744    8.58777  261.76655     55.677 -9.990e-29
   40.44842  -73.76836     23.561     23.378    12.8115    33.4517      6.873     0.1759 5.0640e-11  1025.3362    12.8084    25.2313     4.7814    145.744    8.58785  261.76896     55.677 -9.990e-29
   40.44842  -73.76836     23.565     23.382    12.8111    33.4517      6.878     0.1759 5.0640e-11  1025.3361    12.8080    25.2312     4.7815    145.746    8.58795  261.77205     55.676 -9.990e-29
   40.44842  -73.76836     23.570     23.387    12.8110    33.4517      6.878     0.1759 5.0640e-11  1025.3363    12.8079    25.2313     4.7876    145.933    8.58797  261.77251     55.748 -9.990e-29
   40.44842  -73.76836     23.565     23.382    12.8112    33.4517      6.873     0.1759 5.0640e-11  1025.3366    12.8081    25.2315     4.7820    145.762    8.58804  261.77459     55.682 -9.990e-29
   40.44842  -73.76836     23.561     23.378    12.8117    33.4517      6.878     0.1759 5.0640e-11  1025.3367    12.8085    25.2315     4.7819    145.759    8.58799  261.77311     55.681 -9.990e-29
   40.44842  -73.76834     23.570     23.387    12.8120    33.4517      6.873     0.1759 5.0640e-11  1025.3364    12.8089    25.2312     4.7818    145.756    8.58790  261.77008     55.681 -9.990e-29
   40.44842  -73.76834     23.574     23.392    12.8123    33.4513      6.878     0.1759 5.0640e-11  1025.3359    12.8092    25.2309     4.7817    145.754    8.58786  261.76893     55.680 -9.990e-29
   40.44842  -73.76834     23.570     23.387    12.8124    33.4511      6.878     0.1759 5.0640e-11  1025.3358    12.8092    25.2307     4.7816    145.750    8.58775  261.76578     55.680 -9.990e-29
   40.44842  -73.76834     23.595     23.412    12.8127    33.4508      6.878     0.1759 5.0640e-11  1025.3357    12.8095    25.2305     4.7815    145.747    8.58766  261.76289     55.679 -9.990e-29
   40.44842  -73.76834     23.581     23.398    12.8127    33.4505      6.878     0.1759 5.0640e-11  1025.3351    12.8095    25.2302     4.7814    145.743    8.58755  261.75970     55.678 -9.990e-29
   40.44842  -73.76834     23.601     23.418    12.8127    33.4504      6.873     0.1894 5.0640e-11  1025.3352    12.8096    25.2301     4.7819    145.759    8.58755  261.75969     55.684 -9.990e-29
   40.44842  -73.76834     23.605     23.422    12.8123    33.4504      6.878     0.1894 5.0640e-11  1025.3354    12.8092    25.2301     4.7818    145.756    8.58743  261.75612     55.684 -9.990e-29
   40.44842  -73.76834     23.601     23.418    12.8120    33.4502      6.878     0.1894 5.0640e-11  1025.3353    12.8089    25.2301     4.7817    145.753    8.58731  261.75264     55.684 -9.990e-29
   40.44842  -73.76834     23.625     23.442    12.8114    33.4502      6.878     0.1894 5.0640e-11  1025.3353    12.8082    25.2302     4.7816    145.750    8.58719  261.74904     55.683 -9.990e-29
   40.44842  -73.76834     23.612     23.428    12.8101    33.4502      6.878     0.1894 5.0640e-11  1025.3357    12.8070    25.2303     4.7816    145.749    8.58721  261.74966     55.683 -9.990e-29
   40.44842  -73.76834     23.631     23.448    12.8097    33.4502      6.873     0.1894 5.0640e-11  1025.3358    12.8065    25.2305     4.7817    145.751    8.58736  261.75423     55.682 -9.990e-29
   40.44842  -73.76834     23.646     23.463    12.8093    33.4505      6.873     0.1894 5.0640e-11  1025.3358    12.8062    25.2308     4.7817    145.753    8.58751  261.75870     55.682 -9.990e-29
   40.44842  -73.76834     23.642     23.458    12.8087    33.4516      6.873     0.1894 5.0640e-11  1025.3370    12.8055    25.2317     4.7818    145.755    8.58767  261.76361     55.682 -9.990e-29
   40.44842  -73.76834     23.667     23.483    12.8090    33.4532      6.878     0.1894 5.0640e-11  1025.3386    12.8058    25.2329     4.7818    145.756    8.58776  261.76636     55.682 -9.990e-29
   40.44842  -73.76834     23.663     23.479    12.8107    33.4545      6.873     0.1894 5.0640e-11  1025.3395    12.8075    25.2336     4.7818    145.756    8.58781  261.76779     55.681 -9.990e-29
   40.44842  -73.76834     23.672     23.489    12.8132    33.4545      6.878     0.1894 5.0640e-11  1025.3395    12.8100    25.2336     4.7818    145.755    8.58781  261.76756     55.681 -9.990e-29
   40.44842  -73.76834     23.676     23.493    12.8165    33.4545      6.873     0.1894 5.0640e-11  1025.3386    12.8134    25.2328     4.7817    145.753    8.58776  261.76606     55.681 -9.990e-29
   40.44842  -73.76834     23.693     23.509    12.8202    33.4542      6.878     0.1894 5.0640e-11  1025.3373    12.8170    25.2316     4.7817    145.753    8.58782  261.76801     55.680 -9.990e-29
   40.44842  -73.76834     23.686     23.502    12.8232    33.4532      6.873     0.1894 5.0640e-11  1025.3358    12.8200    25.2303     4.7817    145.752    8.58781  261.76776     55.680 -9.990e-29
   40.44842  -73.76834     23.712     23.528    12.8251    33.4521      6.878     0.1894 5.0640e-11  1025.3346    12.8219    25.2290     4.7817    145.751    8.58779  261.76703     55.680 -9.990e-29
   40.44842  -73.76834     23.712     23.528    12.8264    33.4508      6.873     0.1894 5.0640e-11  1025.3336    12.8233    25.2278     4.7816    145.750    8.58778  261.76687     55.679 -9.990e-29
   40.44842  -73.76834     23.716     23.532    12.8271    33.4494      6.878     0.1894 5.0640e-11  1025.3322    12.8239    25.2266     4.7816    145.749    8.58776  261.76620     55.679 -9.990e-29
   40.44842  -73.76834     23.733     23.549    12.8269    33.4482      6.873     0.1894 5.0640e-11  1025.3311    12.8237    25.2256     4.7816    145.748    8.58779  261.76702     55.679 -9.990e-29
   40.44842  -73.76834     23.733     23.549    12.8259    33.4473      6.878     0.1894 5.0640e-11  1025.3308    12.8227    25.2251     4.7815    145.747    8.58773  261.76520     55.678 -9.990e-29
   40.44838  -73.76830     23.748     23.564    12.8249    33.4473      6.878     0.1894 5.0640e-11  1025.3305    12.8217    25.2249     4.7815    145.745    8.58771  261.76461     55.678 0.0000e+00
   40.44838  -73.76830     23.753     23.569    12.8236    33.4473      6.873     0.1894 5.0640e-11  1025.3304    12.8204    25.2251     4.7753    145.556    8.58767  261.76353     55.606 0.0000e+00
   40.44838  -73.76830     23.767     23.583    12.8215    33.4474      6.873     0.1894 5.0640e-11  1025.3317    12.8183    25.2260     4.7808    145.726    8.58763  261.76230     55.671 -9.990e-29
   40.44838  -73.76830     23.753     23.569    12.8202    33.4481      6.873     0.1894 5.0640e-11  1025.3336    12.8170    25.2271     4.7808    145.725    8.58755  261.75992     55.671 -9.990e-29
   40.44838  -73.76830     23.774     23.590    12.8217    33.4481      6.878     0.1894 5.0640e-11  1025.3341    12.8186    25.2274     4.7808    145.724    8.58755  261.75984     55.671 0.0000e+00
   40.44838  -73.76830     23.778     23.594    12.8231    33.4481      6.873     0.1894 5.0640e-11  1025.3327    12.8199    25.2266     4.7808    145.725    8.58760  261.76149     55.671 0.0000e+00
   40.44838  -73.76830     23.784     23.599    12.8218    33.4465      6.873     0.1894 5.0640e-11  1025.3307    12.8186    25.2255     4.7808    145.726    8.58763  261.76249     55.671 -9.990e-29
   40.44838  -73.76830     23.784     23.599    12.8187    33.4465      6.878     0.1894 5.0640e-11  1025.3308    12.8156    25.2253     4.7808    145.725    8.58760  261.76120     55.671 -9.990e-29
   40.44838  -73.76830     23.788     23.603    12.8157    33.4465      6.873     0.1894 5.0640e-11  1025.3318    12.8125    25.2261     4.7808    145.725    8.58757  261.76040     55.671 0.0000e+00
   40.44838  -73.76830     23.804     23.620    12.8127    33.4468      6.878     0.1894 5.0640e-11  1025.3333    12.8095    25.2273     4.7808    145.724    8.58752  261.75884     55.671 -9.990e-29
   40.44838  -73.76830     23.788     23.603    12.8103    33.4479      6.873     0.1894 5.0640e-11  1025.3349    12.8072    25.2286     4.7808    145.724    8.58753  261.75914     55.671 -9.990e-29
   40.44838  -73.76830     23.804     23.620    12.8085    33.4487      6.873     0.1894 5.0640e-11  1025.3358    12.8053    25.2296     4.7746    145.535    8.58743  261.75615     55.599 -9.990e-29
   40.44838  -73.76830     23.804     23.620    12.8068    33.4491      6.873     0.1894 5.0640e-11  1025.3363    12.8036    25.2302     4.7801    145.703    8.58729  261.75191     55.665 -9.990e-29
   40.44838  -73.76830     23.797     23.613    12.8056    33.4496      6.873     0.1894 5.0640e-11  1025.3368    12.8025    25.2309     4.7800    145.702    8.58716  261.74789     55.665 -9.990e-29
   40.44838  -73.76830     23.814     23.629    12.8045    33.4504      6.873     0.1894 5.0640e-11  1025.3377    12.8013    25.2316     4.7738    145.513    8.58708  261.74552     55.593 -9.990e-29
   40.44838  -73.76830     23.797     23.613    12.8043    33.4513      6.878     0.1894 5.0640e-11  1025.3388    12.8011    25.2324     4.7795    145.685    8.58704  261.74444     55.659 -9.990e-29
   40.44838  -73.76830     23.795     23.610    12.8050    33.4513      6.873     0.1894 5.0640e-11  1025.3390    12.8018    25.2326     4.7795    145.686    8.58702  261.74404     55.660 -9.990e-29
   40.44838  -73.76830     23.795     23.610    12.8051    33.4513      6.873     0.1894 5.0640e-11  1025.3382    12.8020    25.2323     4.7734    145.501    8.58707  261.74561     55.589 -9.990e-29
   40.44838  -73.76830     23.797     23.613    12.8045    33.4513      6.873     0.1894 5.0640e-11  1025.3380    12.8013    25.2321     4.7791    145.675    8.58713  261.74714     55.655 -9.990e-29
   40.44838  -73.76830     23.784     23.599    12.8040    33.4513      6.873     0.1894 5.0640e-11  1025.3382    12.8008    25.2324     4.7792    145.677    8.58709  261.74604     55.656 -9.990e-29
   40.44838  -73.76830     23.784     23.599    12.8031    33.4513      6.873     0.1894 5.0640e-11  1025.3389    12.8000    25.2326     4.7793    145.678    8.58708  261.74573     55.656 -9.990e-29
   40.44838  -73.76830     23.778     23.594    12.8031    33.4516      6.873     0.1894 5.0640e-11  1025.3387    12.8000    25.2328     4.7794    145.681    8.58711  261.74669     55.657 -9.990e-29
   40.44838  -73.76830     23.784     23.599    12.8026    33.4518      6.873     0.1894 5.0640e-11  1025.3391    12.7994    25.2331     4.7800    145.701    8.58711  261.74646     55.665 -9.990e-29
   40.44838  -73.76830     23.767     23.583    12.8028    33.4521      6.873     0.1894 5.0640e-11  1025.3393    12.7996    25.2333     4.7739    145.514    8.58701  261.74370     55.594 -9.990e-29
   40.44842  -73.76834     23.774     23.590    12.8031    33.4521      6.878     0.1894 5.0640e-11  1025.3397    12.8000    25.2335     4.7734    145.499    8.58688  261.73939     55.589 -9.990e-29
   40.44842  -73.76834     23.763     23.579    12.8034    33.4521      6.873     0.1894 5.0640e-11  1025.3394    12.8003    25.2333     4.7789    145.667    8.58653  261.72825     55.656 -9.990e-29
   40.44842  -73.76834     23.758     23.573    12.8043    33.4520      6.873     0.1894 5.0640e-11  1025.3386    12.8011    25.2331     4.7786    145.659    8.58584  261.70705     55.657 -9.990e-29
   40.44842  -73.76834     23.744     23.560    12.8046    33.4520      6.878     0.1894 5.0640e-11  1025.3390    12.8015    25.2330     4.7782    145.647    8.58498  261.68066     55.658 -9.990e-29
   40.44842  -73.76834     23.744     23.560    12.8053    33.4520      6.873     0.1894 5.0640e-11  1025.3386    12.8022    25.2329     4.7718    145.450    8.58427  261.65952     55.588 -9.990e-29
   40.44842  -73.76834     23.727     23.543    12.8053    33.4519      6.873     0.1759 5.0640e-11  1025.3385    12.8022    25.2326     4.7773    145.618    8.58381  261.64611     55.654 -9.990e-29
   40.44842  -73.76834     23.712     23.528    12.8061    33.4517      6.873     0.1491 5.0640e-11  1025.3379    12.8030    25.2324     4.7711    145.429    8.58347  261.63667     55.584 -9.990e-29
   40.44842  -73.76834     23.716     23.532    12.8068    33.4516      6.873     0.1491 5.0640e-11  1025.3378    12.8036    25.2322     4.7768    145.603    8.58335  261.63320     55.652 -9.990e-29
   40.44842  -73.76834     23.693     23.509    12.8073    33.4516      6.873     0.1491 5.0640e-11  1025.3379    12.8042    25.2320     4.7770    145.610    8.58341  261.63586     55.654 -9.990e-29
   40.44842  -73.76834     23.682     23.498    12.8075    33.4512      6.878     0.1491 5.0640e-11  1025.3372    12.8043    25.2318     4.7774    145.624    8.58386  261.65019     55.656 -9.990e-29
   40.44842  -73.76834     23.676     23.493    12.8068    33.4509      6.878     0.1491 5.0640e-11  1025.3370    12.8036    25.2316     4.7780    145.640    8.58444  261.66750     55.659 -9.990e-29
   40.44842  -73.76834     23.652     23.468    12.8060    33.4509      6.873     0.1491 5.0640e-11  1025.3370    12.8028    25.2317     4.7783    145.650    8.58468  261.67438     55.661 -9.990e-29
   40.44842  -73.76834     23.656     23.472    12.8050    33.4509      6.878     0.1491 5.0640e-11  1025.3374    12.8018    25.2320     4.7723    145.468    8.58467  261.67372     55.591 -9.990e-29
   40.44842  -73.76834     23.642     23.458    12.8044    33.4511      6.873     0.1491 5.0640e-11  1025.3375    12.8013    25.2322     4.7720    145.458    8.58468  261.67404     55.587 -9.990e-29
   40.44842  -73.76834     23.612     23.428    12.8040    33.4514      6.873     0.1491 5.0640e-11  1025.3379    12.8008    25.2325     4.7717    145.450    8.58480  261.67775     55.584 -9.990e-29
   40.44842  -73.76834     23.616     23.432    12.8040    33.4515      6.873     0.1491 5.0640e-11  1025.3380    12.8008    25.2327     4.7715    145.442    8.58486  261.67967     55.580 -9.990e-29
   40.44842  -73.76834     23.601     23.417    12.8043    33.4515      6.873     0.1491 5.0640e-11  1025.3378    12.8011    25.2327     4.7712    145.435    8.58490  261.68046     55.577 -9.990e-29
   40.44842  -73.76834     23.595     23.412    12.8040    33.4516      6.878     0.1491 5.0640e-11  1025.3378    12.8008    25.2327     4.7710    145.428    8.58494  261.68173     55.574 -9.990e-29
   40.44842  -73.76834     23.581     23.398    12.8040    33.4515      6.873     0.1491 5.0640e-11  1025.3378    12.8008    25.2327     4.7769    145.608    8.58491  261.68088     55.643 -9.990e-29
   40.44842  -73.76834     23.570     23.387    12.8041    33.4515      6.873     0.1491 5.0640e-11  1025.3377    12.8010    25.2327     4.7773    145.621    8.58507  261.68591     55.647 -9.990e-29
   40.44842  -73.76834     23.565     23.382    12.8041    33.4515      6.878     0.1491 5.0640e-11  1025.3377    12.8010    25.2326     4.7779    145.637    8.58544  261.69706     55.651 -9.990e-29
   40.44842  -73.76834     23.550     23.367    12.8043    33.4515      6.873     0.1491 5.0640e-11  1025.3375    12.8012    25.2326     4.7783    145.651    8.58567  261.70396     55.655 -9.990e-29
   40.44842  -73.76834     23.544     23.361    12.8041    33.4515      6.873     0.1491 5.0640e-11  1025.3376    12.8010    25.2326     4.7788    145.664    8.58584  261.70898     55.659 -9.990e-29
   40.44842  -73.76834     23.540     23.357    12.8045    33.4516      6.878     0.1491 5.0640e-11  1025.3374    12.8014    25.2326     4.7791    145.673    8.58584  261.70865     55.662 -9.990e-29
   40.44842  -73.76834     23.530     23.348    12.8045    33.4517      6.878     0.1491 5.0640e-11  1025.3376    12.8014    25.2327     4.7733    145.496    8.58589  261.71030     55.594 -9.990e-29
