CalculateIndicators/WaterTemperature/Data/CTD_NYOS/20220202_C05.cnv
* Sea-Bird SBE 9 Data File:
* FileName = C:\Seabird 9 CTD\Data\2022\202202_offshore\20220202_C05.hex
* Software Version Seasave V 7.23.2
* Temperature SN = 4590
* Conductivity SN = 3228
* Number of Bytes Per Scan = 44
* Number of Voltage Words = 5
* Number of Scans Averaged by the Deck Unit = 1
* NMEA Latitude = 39 42.75 N
* NMEA Longitude = 073 30.58 W
* NMEA UTC (Time) = Jun 19 2002  11:38:36
* NMEA baud rate = 4800
** Ship: rv seawolf
** Station: 7.3
** Operator: EIH
# nquan = 18
# nvalues = 15314                                 
# units = specified
# name 0 = latitude: Latitude [deg]
# name 1 = longitude: Longitude [deg]
# name 2 = prDM: Pressure, Digiquartz [db]
# name 3 = depSM: Depth [salt water, m]
# name 4 = t090C: Temperature [ITS-90, deg C]
# name 5 = sal00: Salinity, Practical [PSU]
# name 6 = ph: pH
# name 7 = flECO-AFL: Fluorescence, WET Labs ECO-AFL/FL [mg/m^3]
# name 8 = cpar: CPAR/Corrected Irradiance [%]
# name 9 = density00: Density [density, kg/m^3]
# name 10 = potemp090C: Potential Temperature [ITS-90, deg C]
# name 11 = sigma-é00: Density [sigma-theta, kg/m^3]
# name 12 = sbeox0Mg/L: Oxygen, SBE 43 [mg/l]
# name 13 = sbox0Mm/Kg: Oxygen, SBE 43 [umol/kg]
# name 14 = oxsolMg/L: Oxygen Saturation, Garcia & Gordon [mg/l]
# name 15 = oxsolMm/Kg: Oxygen Saturation, Garcia & Gordon [umol/kg]
# name 16 = sbeox0PS: Oxygen, SBE 43 [% saturation]
# name 17 = flag:  0.000e+00
# span 0 =   39.71250,   39.71340                 
# span 1 =  -73.51252,  -73.50966                 
# span 2 =      2.499,     40.138                 
# span 3 =      2.480,     39.828                 
# span 4 =     7.5573,     7.6209                 
# span 5 =    33.6676,    33.7833                 
# span 6 =      8.301,      8.311                 
# span 7 =     0.2162,     0.7400                 
# span 8 = 5.0640e-11, 9.9999e+04                 
# span 9 =  1026.3019,  1026.5662                 
# span 10 =     7.5536,     7.6204                
# span 11 =    26.2834,    26.3830                
# span 12 =     7.9728,     8.6938                
# span 13 =    242.759,    264.713                
# span 14 =    9.59134,    9.60267                
# span 15 =  292.04126,  292.37469                
# span 16 =     83.098,     90.616                
# span 17 = 0.0000e+00, 0.0000e+00                
# interval = seconds: 0.0416667
# start_time = Feb 02 2022 11:38:37 [System UTC, first data scan.]
# bad_flag = -9.990e-29
*END*
[from data line 1046]
   39.71264  -73.50990     12.360     12.266     7.6128    33.7410      8.306     0.2297 9.9999e+04  1026.3980     7.6116    26.3415     8.1644    248.594    9.59308  292.09365     85.108  0.000e+00
   39.71264  -73.50990     12.391     12.296     7.6128    33.7410      8.306     0.2297 9.9999e+04  1026.3981     7.6116    26.3415     8.1646    248.599    9.59308  292.09368     85.109  0.000e+00
   39.71264  -73.50990     12.411     12.316     7.6133    33.7401      8.306     0.2297 9.9999e+04  1026.3975     7.6121    26.3408     8.1712    248.801    9.59302  292.09209     85.179  0.000e+00
   39.71264  -73.50990     12.442     12.346     7.6131    33.7406      8.306     0.2297 9.9999e+04  1026.3980     7.6119    26.3412     8.1793    249.048    9.59303  292.09224     85.263  0.000e+00
   39.71264  -73.50990     12.462     12.367     7.6131    33.7406      8.306     0.2431 9.9999e+04  1026.3981     7.6119    26.3412     8.1817    249.119    9.59303  292.09227     85.288  0.000e+00
   39.71264  -73.50990     12.498     12.402     7.6131    33.7407      8.306     0.2297 9.9999e+04  1026.3984     7.6119    26.3413     8.1956    249.543    9.59302  292.09201     85.433  0.000e+00
   39.71264  -73.50990     12.513     12.417     7.6131    33.7403      8.306     0.2297 9.9999e+04  1026.3981     7.6119    26.3410     8.1986    249.635    9.59305  292.09290     85.464  0.000e+00
   39.71264  -73.50990     12.523     12.427     7.6129    33.7407      8.306     0.2297 9.9999e+04  1026.3985     7.6117    26.3413     8.1951    249.528    9.59305  292.09296     85.427  0.000e+00
   39.71264  -73.50990     12.553     12.457     7.6128    33.7406      8.306     0.2297 9.9999e+04  1026.3986     7.6116    26.3412     8.1910    249.403    9.59310  292.09443     85.384  0.000e+00
   39.71264  -73.50990     12.574     12.477     7.6129    33.7405      8.306     0.2297 9.9999e+04  1026.3986     7.6117    26.3411     8.1933    249.473    9.59307  292.09345     85.409  0.000e+00
   39.71264  -73.50990     12.574     12.477     7.6126    33.7407      8.306     0.2297 9.9999e+04  1026.3987     7.6114    26.3413     8.1957    249.547    9.59313  292.09523     85.433  0.000e+00
   39.71264  -73.50990     12.598     12.502     7.6128    33.7405      8.306     0.2297 9.9999e+04  1026.3987     7.6116    26.3411     8.1982    249.621    9.59311  292.09477     85.459  0.000e+00
   39.71264  -73.50990     12.615     12.518     7.6128    33.7407      8.306     0.2297 9.9999e+04  1026.3989     7.6116    26.3413     8.2200    250.286    9.59310  292.09435     85.687  0.000e+00
   39.71264  -73.50990     12.615     12.518     7.6128    33.7408      8.306     0.2297 9.9999e+04  1026.3990     7.6116    26.3414     8.2309    250.617    9.59309  292.09405     85.800  0.000e+00
   39.71264  -73.50990     12.645     12.548     7.6129    33.7406      8.306     0.2297 9.9999e+04  1026.3990     7.6117    26.3412     8.2301    250.595    9.59306  292.09323     85.793  0.000e+00
   39.71264  -73.50990     12.645     12.548     7.6128    33.7405      8.306     0.2297 9.9999e+04  1026.3989     7.6115    26.3412     8.2373    250.812    9.59311  292.09467     85.867  0.000e+00
   39.71264  -73.50990     12.645     12.548     7.6128    33.7407      8.306     0.2297 9.9999e+04  1026.3990     7.6115    26.3413     8.2438    251.010    9.59310  292.09438     85.935  0.000e+00
   39.71264  -73.50990     12.660     12.563     7.6129    33.7408      8.306     0.2297 9.9999e+04  1026.3992     7.6117    26.3413     8.2496    251.188    9.59305  292.09281     85.996  0.000e+00
   39.71264  -73.50990     12.666     12.569     7.6126    33.7410      8.306     0.2297 9.9999e+04  1026.3994     7.6114    26.3415     8.2620    251.566    9.59311  292.09460     86.125  0.000e+00
   39.71264  -73.50990     12.675     12.578     7.6126    33.7406      8.306     0.2297 9.9999e+04  1026.3992     7.6114    26.3413     8.2686    251.766    9.59313  292.09534     86.193  0.000e+00
   39.71264  -73.50990     12.666     12.569     7.6126    33.7406      8.306     0.2297 9.9999e+04  1026.3991     7.6114    26.3412     8.2823    252.183    9.59313  292.09547     86.336  0.000e+00
   39.71264  -73.50990     12.675     12.578     7.6128    33.7402      8.306     0.2297 9.9999e+04  1026.3988     7.6115    26.3409     8.2973    252.641    9.59313  292.09543     86.492  0.000e+00
   39.71264  -73.50990     12.675     12.578     7.6128    33.7406      8.306     0.2297 9.9999e+04  1026.3991     7.6115    26.3412     8.3059    252.900    9.59310  292.09455     86.582  0.000e+00
   39.71264  -73.50990     12.670     12.573     7.6126    33.7411      8.306     0.2297 9.9999e+04  1026.3995     7.6114    26.3416     8.3130    253.118    9.59310  292.09431     86.656  0.000e+00
   39.71264  -73.50990     12.666     12.569     7.6128    33.7406      8.306     0.2297 9.9999e+04  1026.3991     7.6115    26.3412     8.3180    253.271    9.59310  292.09454     86.709  0.000e+00
   39.71264  -73.50990     12.666     12.569     7.6128    33.7404      8.306     0.2297 9.9999e+04  1026.3989     7.6115    26.3411     8.3151    253.181    9.59311  292.09483     86.678  0.000e+00
   39.71264  -73.50990     12.675     12.578     7.6129    33.7405      8.306     0.2297 9.9999e+04  1026.3990     7.6117    26.3411     8.3048    252.868    9.59307  292.09356     86.571  0.000e+00
   39.71264  -73.50990     12.666     12.569     7.6126    33.7409      8.306     0.2297 9.9999e+04  1026.3993     7.6114    26.3415     8.2996    252.709    9.59311  292.09474     86.516  0.000e+00
   39.71264  -73.50990     12.645     12.548     7.6128    33.7408      8.306     0.2297 9.9999e+04  1026.3991     7.6115    26.3414     8.2935    252.525    9.59309  292.09408     86.453  0.000e+00
   39.71264  -73.50990     12.660     12.563     7.6126    33.7411      8.306     0.2431 9.9999e+04  1026.3995     7.6114    26.3416     8.2861    252.300    9.59310  292.09430     86.376  0.000e+00
   39.71264  -73.50990     12.645     12.548     7.6128    33.7409      8.306     0.2297 9.9999e+04  1026.3992     7.6115    26.3414     8.2830    252.205    9.59309  292.09394     86.344  0.000e+00
   39.71264  -73.50990     12.645     12.548     7.6128    33.7405      8.306     0.2297 9.9999e+04  1026.3989     7.6115    26.3412     8.2798    252.107    9.59311  292.09467     86.310  0.000e+00
   39.71264  -73.50990     12.634     12.537     7.6128    33.7405      8.306     0.2297 9.9999e+04  1026.3988     7.6115    26.3411     8.2829    252.201    9.59311  292.09480     86.342  0.000e+00
   39.71264  -73.50990     12.624     12.528     7.6128    33.7407      8.306     0.2297 9.9999e+04  1026.3989     7.6115    26.3413     8.2736    251.917    9.59310  292.09435     86.245  0.000e+00
   39.71264  -73.50990     12.634     12.537     7.6126    33.7407      8.306     0.2431 9.9999e+04  1026.3990     7.6114    26.3413     8.2642    251.631    9.59313  292.09529     86.147  0.000e+00
   39.71264  -73.50990     12.619     12.522     7.6128    33.7405      8.306     0.2431 9.9999e+04  1026.3988     7.6116    26.3411     8.2604    251.517    9.59311  292.09479     86.108  0.000e+00
   39.71264  -73.50990     12.615     12.518     7.6126    33.7408      8.306     0.2431 9.9999e+04  1026.3990     7.6114    26.3414     8.2624    251.577    9.59312  292.09498     86.128  0.000e+00
   39.71264  -73.50990     12.604     12.507     7.6126    33.7407      8.306     0.2431 9.9999e+04  1026.3989     7.6114    26.3413     8.2584    251.456    9.59313  292.09526     86.087  0.000e+00
   39.71264  -73.50990     12.604     12.507     7.6129    33.7405      8.306     0.2431 9.9999e+04  1026.3987     7.6117    26.3411     8.2600    251.505    9.59307  292.09348     86.104  0.000e+00
   39.71264  -73.50990     12.594     12.498     7.6128    33.7405      8.306     0.2431 9.9999e+04  1026.3987     7.6116    26.3412     8.2622    251.571    9.59311  292.09462     86.126  0.000e+00
   39.71264  -73.50990     12.594     12.498     7.6128    33.7407      8.306     0.2431 9.9999e+04  1026.3988     7.6116    26.3413     8.2641    251.628    9.59310  292.09432     86.146  0.000e+00
   39.71264  -73.50990     12.579     12.483     7.6128    33.7408      8.306     0.2431 9.9999e+04  1026.3989     7.6116    26.3414     8.2534    251.304    9.59309  292.09402     86.035  0.000e+00
   39.71264  -73.50990     12.573     12.477     7.6126    33.7407      8.306     0.2431 9.9999e+04  1026.3987     7.6114    26.3413     8.2626    251.584    9.59313  292.09523     86.131  0.000e+00
   39.71264  -73.50990     12.564     12.468     7.6129    33.7403      8.306     0.2431 9.9999e+04  1026.3983     7.6117    26.3410     8.2684    251.761    9.59308  292.09388     86.192  0.000e+00
   39.71264  -73.50990     12.564     12.468     7.6128    33.7405      8.306     0.2431 9.9999e+04  1026.3985     7.6116    26.3411     8.2755    251.974    9.59311  292.09473     86.265  0.000e+00
   39.71264  -73.50990     12.553     12.457     7.6128    33.7407      8.306     0.2565 9.9999e+04  1026.3986     7.6116    26.3413     8.2771    252.025    9.59310  292.09428     86.282  0.000e+00
   39.71264  -73.50990     12.543     12.447     7.6129    33.7401      8.306     0.2431 9.9999e+04  1026.3981     7.6117    26.3408     8.2773    252.030    9.59309  292.09430     86.284  0.000e+00
   39.71264  -73.50990     12.549     12.452     7.6128    33.7406      8.306     0.2431 9.9999e+04  1026.3986     7.6116    26.3412     8.2701    251.811    9.59310  292.09442     86.209  0.000e+00
   39.71264  -73.50990     12.534     12.437     7.6126    33.7407      8.306     0.2431 9.9999e+04  1026.3986     7.6114    26.3413     8.2627    251.587    9.59313  292.09519     86.132  0.000e+00
   39.71264  -73.50990     12.523     12.427     7.6128    33.7405      8.306     0.2431 9.9999e+04  1026.3983     7.6116    26.3411     8.2481    251.140    9.59311  292.09469     85.979  0.000e+00
   39.71264  -73.50990     12.513     12.417     7.6128    33.7407      8.306     0.2431 9.9999e+04  1026.3985     7.6116    26.3413     8.2320    250.650    9.59309  292.09424     85.811  0.000e+00
   39.71264  -73.50990     12.513     12.417     7.6129    33.7404      8.306     0.2431 9.9999e+04  1026.3982     7.6117    26.3410     8.2410    250.925    9.59307  292.09368     85.906  0.000e+00
   39.71264  -73.50990     12.503     12.407     7.6128    33.7405      8.306     0.2431 9.9999e+04  1026.3983     7.6116    26.3411     8.2455    251.063    9.59311  292.09467     85.953  0.000e+00
   39.71266  -73.50992     12.498     12.402     7.6128    33.7407      8.306     0.2431 9.9999e+04  1026.3984     7.6116    26.3413     8.2506    251.217    9.59309  292.09423     86.006  0.000e+00
   39.71266  -73.50992     12.492     12.397     7.6126    33.7405      8.306     0.2431 9.9999e+04  1026.3982     7.6114    26.3411     8.2447    251.039    9.59314  292.09573     85.944  0.000e+00
   39.71266  -73.50992     12.483     12.387     7.6128    33.7404      8.306     0.2431 9.9999e+04  1026.3981     7.6116    26.3410     8.2317    250.641    9.59311  292.09494     85.808  0.000e+00
   39.71266  -73.50992     12.483     12.387     7.6126    33.7409      8.306     0.2431 9.9999e+04  1026.3985     7.6114    26.3414     8.2231    250.381    9.59312  292.09485     85.719  0.000e+00
   39.71266  -73.50992     12.483     12.387     7.6126    33.7405      8.306     0.2431 5.0640e-11  1026.3981     7.6114    26.3411     8.2133    250.081    9.59314  292.09572     85.616  0.000e+00
   39.71266  -73.50992     12.472     12.376     7.6129    33.7405      8.306     0.2565 9.9999e+04  1026.3981     7.6118    26.3411     8.2092    249.955    9.59307  292.09350     85.574  0.000e+00
   39.71266  -73.50992     12.472     12.376     7.6128    33.7406      8.306     0.2565 5.0640e-11  1026.3982     7.6116    26.3412     8.2052    249.834    9.59310  292.09449     85.532  0.000e+00
   39.71266  -73.50992     12.468     12.372     7.6124    33.7409      8.306     0.2565 5.0640e-11  1026.3984     7.6112    26.3415     8.2012    249.714    9.59316  292.09612     85.490  0.000e+00
   39.71266  -73.50992     12.472     12.376     7.6124    33.7409      8.306     0.2565 9.9999e+04  1026.3984     7.6112    26.3415     8.1993    249.656    9.59316  292.09612     85.471  0.000e+00
   39.71266  -73.50992     12.462     12.366     7.6126    33.7407      8.306     0.2565 9.9999e+04  1026.3982     7.6114    26.3413     8.1982    249.621    9.59313  292.09526     85.459  0.000e+00
   39.71266  -73.50992     12.462     12.366     7.6124    33.7406      8.306     0.2565 5.0640e-11  1026.3982     7.6112    26.3412     8.1901    249.375    9.59317  292.09670     85.374  0.000e+00
   39.71266  -73.50992     12.472     12.376     7.6126    33.7405      8.306     0.2565 9.9999e+04  1026.3982     7.6114    26.3412     8.1814    249.112    9.59314  292.09557     85.284  0.000e+00
   39.71266  -73.50992     12.472     12.376     7.6124    33.7409      8.306     0.2565 5.0640e-11  1026.3984     7.6112    26.3415     8.1917    249.423    9.59316  292.09612     85.391  0.000e+00
   39.71266  -73.50992     12.483     12.387     7.6124    33.7406      8.306     0.2565 9.9999e+04  1026.3983     7.6112    26.3412     8.1969    249.582    9.59317  292.09672     85.445  0.000e+00
   39.71266  -73.50992     12.456     12.361     7.6129    33.7405      8.306     0.2565 5.0640e-11  1026.3980     7.6118    26.3411     8.2034    249.780    9.59307  292.09348     85.514  0.000e+00
   39.71266  -73.50992     12.483     12.387     7.6126    33.7407      8.306     0.2565 9.9999e+04  1026.3984     7.6114    26.3413     8.2044    249.810    9.59312  292.09514     85.523  0.000e+00
   39.71266  -73.50992     12.483     12.387     7.6124    33.7408      8.306     0.2565 5.0640e-11  1026.3985     7.6112    26.3415     8.2125    250.058    9.59316  292.09614     85.608  0.000e+00
   39.71266  -73.50992     12.483     12.387     7.6124    33.7408      8.306     0.2700 5.0640e-11  1026.3985     7.6112    26.3415     8.2220    250.348    9.59316  292.09614     85.707  0.000e+00
   39.71266  -73.50992     12.492     12.396     7.6124    33.7408      8.306     0.2565 5.0640e-11  1026.3985     7.6112    26.3415     8.2323    250.661    9.59316  292.09614     85.815  0.000e+00
   39.71266  -73.50992     12.503     12.407     7.6126    33.7407      8.306     0.2565 5.0640e-11  1026.3984     7.6114    26.3413     8.2368    250.799    9.59313  292.09531     85.862  0.000e+00
   39.71266  -73.50992     12.498     12.402     7.6129    33.7401      8.306     0.2565 9.9999e+04  1026.3979     7.6117    26.3408     8.2414    250.937    9.59309  292.09440     85.910  0.000e+00
   39.71266  -73.50992     12.513     12.417     7.6126    33.7405      8.306     0.2565 9.9999e+04  1026.3983     7.6114    26.3412     8.2325    250.667    9.59314  292.09561     85.817  0.000e+00
   39.71266  -73.50992     12.513     12.417     7.6129    33.7401      8.306     0.2565 5.0640e-11  1026.3979     7.6117    26.3408     8.2338    250.707    9.59309  292.09441     85.831  0.000e+00
   39.71266  -73.50992     12.522     12.426     7.6128    33.7406      8.306     0.2565 9.9999e+04  1026.3985     7.6116    26.3412     8.2346    250.729    9.59310  292.09440     85.838  0.000e+00
   39.71264  -73.50990     12.543     12.447     7.6124    33.7409      8.306     0.2565 5.0640e-11  1026.3988     7.6112    26.3415     8.2282    250.536    9.59316  292.09605     85.772  0.000e+00
   39.71264  -73.50990     12.543     12.447     7.6124    33.7408      8.306     0.2565 5.0640e-11  1026.3987     7.6112    26.3414     8.2205    250.300    9.59316  292.09620     85.691  0.000e+00
