CalculateIndicators/WaterTemperature/Data/CTD_NYOS/202200728_C15.cnv
* Sea-Bird SBE 9 Data File:
* FileName = C:\Seabird 9 CTD\Data\2022\202207_offshore\202200728_C15.hex
* Software Version Seasave V 7.23.2
* Temperature SN = 4590
* Conductivity SN = 3228
* Number of Bytes Per Scan = 44
* Number of Voltage Words = 5
* Number of Scans Averaged by the Deck Unit = 1
* NMEA Latitude = 40 40.36 N
* NMEA Longitude = 072 49.31 W
* NMEA UTC (Time) = Dec 12 2002  18:46:52
* NMEA baud rate = 4800
** Ship: seawolf
** Station: 4.1
** Operator: TCM
# nquan = 18
# nvalues = 9038                        
# units = specified
# name 0 = latitude: Latitude [deg]
# name 1 = longitude: Longitude [deg]
# name 2 = prDM: Pressure, Digiquartz [db]
# name 3 = depSM: Depth [salt water, m]
# name 4 = t090C: Temperature [ITS-90, deg C]
# name 5 = sal00: Salinity, Practical [PSU]
# name 6 = ph: pH
# name 7 = flECO-AFL: Fluorescence, WET Labs ECO-AFL/FL [mg/m^3]
# name 8 = cpar: CPAR/Corrected Irradiance [%]
# name 9 = density00: Density [density, kg/m^3]
# name 10 = potemp090C: Potential Temperature [ITS-90, deg C]
# name 11 = sigma-é00: Density [sigma-theta, kg/m^3]
# name 12 = sbeox0Mg/L: Oxygen, SBE 43 [mg/l]
# name 13 = sbox0Mm/Kg: Oxygen, SBE 43 [umol/kg]
# name 14 = oxsolMg/L: Oxygen Saturation, Garcia & Gordon [mg/l]
# name 15 = oxsolMm/Kg: Oxygen Saturation, Garcia & Gordon [umol/kg]
# name 16 = sbeox0PS: Oxygen, SBE 43 [% saturation]
# name 17 = flag:  0.000e+00
# span 0 =   40.67266,   40.67288       
# span 1 =  -72.82286,  -72.82182       
# span 2 =      2.063,     24.252       
# span 3 =      2.047,     24.063       
# span 4 =    12.6760,    21.5802       
# span 5 =    31.4819,    32.5454       
# span 6 =      7.986,      8.141       
# span 7 =     0.7535,     2.4458       
# span 8 = 2.9143e-01, 6.1098e+01       
# span 9 =  1021.6541,  1024.6559       
# span 10 =    12.6728,    21.5797      
# span 11 =    21.6881,    24.5467      
# span 12 =     7.5868,     9.0879      
# span 13 =    231.418,    277.802      
# span 14 =    7.33229,    8.66049      
# span 15 =  224.25627,  264.16065      
# span 16 =     87.748,    120.977      
# span 17 = 0.0000e+00, 0.0000e+00      
# interval = seconds: 0.0416667
# start_time = Jul 28 2022 18:46:51 [System UTC, first data scan.]
# bad_flag = -9.990e-29
*END*
[from data line 5870]
   40.67286  -72.82254      2.489      2.470    21.3912    31.6680      8.125     0.8475 3.4174e+01  1021.8693    21.3908    21.8554     8.5649    261.956    7.33230  224.25627    116.811 -9.990e-29
   40.67286  -72.82254      2.489      2.470    21.4089    31.6457      8.125     0.8609 3.4658e+01  1021.8517    21.4084    21.8345     8.5705    262.126    7.33260  224.26662    116.882 -9.990e-29
   40.67286  -72.82254      2.540      2.520    21.4151    31.6125      8.125     0.8475 3.5646e+01  1021.8139    21.4146    21.8088     8.5718    262.167    7.33319  224.28429    116.891 -9.990e-29
   40.67286  -72.82254      2.519      2.500    21.3957    31.6125      8.125     0.8475 3.6050e+01  1021.7863    21.3952    21.7950     8.5777    262.347    7.33331  224.28821    116.969 -9.990e-29
   40.67286  -72.82254      2.519      2.500    21.3646    31.6125      8.125     0.8475 3.5347e+01  1021.8089    21.3641    21.8071     8.5731    262.209    7.33278  224.27428    116.914 -9.990e-29
   40.67286  -72.82254      2.540      2.520    21.3463    31.6246      8.125     0.8609 3.2948e+01  1021.8552    21.3458    21.8309     8.5785    262.377    7.33240  224.26411    116.994 -9.990e-29
   40.67286  -72.82254      2.559      2.540    21.3509    31.6321      8.125     0.8609 3.2124e+01  1021.8655    21.3504    21.8389     8.5804    262.434    7.33256  224.26898    117.017 -9.990e-29
   40.67286  -72.82254      2.570      2.550    21.3771    31.6345      8.125     0.8609 3.2124e+01  1021.8310    21.3766    21.8306     8.5819    262.480    7.33265  224.27107    117.037 -9.990e-29
   40.67286  -72.82254      2.580      2.560    21.4036    31.6345      8.125     0.8609 3.2215e+01  1021.8355    21.4031    21.8259     8.5833    262.525    7.33229  224.26147    117.062 -9.990e-29
   40.67286  -72.82254      2.580      2.560    21.4292    31.6321      8.125     0.8609 3.2215e+01  1021.8464    21.4287    21.8208     8.5904    262.744    7.33264  224.27518    117.152 -9.990e-29
   40.67286  -72.82254      2.601      2.580    21.4499    31.6036      8.125     0.8475 3.2215e+01  1021.8242    21.4494    21.7926     8.5937    262.848    7.33370  224.30854    117.181 -9.990e-29
   40.67286  -72.82254      2.640      2.620    21.4525    31.5263      8.125     0.8609 3.1534e+01  1021.7508    21.4520    21.7360     8.5927    262.812    7.33531  224.35488    117.141 -9.990e-29
   40.67286  -72.82254      2.620      2.600    21.4137    31.5263      8.125     0.8475 3.1094e+01  1021.6541    21.4132    21.6881     8.5954    262.890    7.33609  224.37534    117.165 -9.990e-29
   40.67286  -72.82254      2.620      2.600    21.3070    31.5263      8.125     0.8609 3.1094e+01  1021.6604    21.3065    21.7133     8.6031    263.123    7.33683  224.39566    117.259 -9.990e-29
   40.67286  -72.82254      2.640      2.620    21.1576    31.5577      8.126     0.8609 3.0746e+01  1021.8325    21.1571    21.8238     8.6066    263.228    7.33791  224.42643    117.289 -9.990e-29
   40.67286  -72.82254      2.651      2.631    21.0984    31.6942      8.126     0.8475 3.0574e+01  1022.0088    21.0979    21.9404     8.6100    263.330    7.33911  224.46233    117.316 -9.990e-29
   40.67286  -72.82254      2.651      2.631    21.1553    31.7338      8.126     0.8609 3.0488e+01  1022.0324    21.1548    21.9868     8.6132    263.432    7.34045  224.50441    117.339 -9.990e-29
   40.67286  -72.82254      2.661      2.640    21.2258    31.7338      8.126     0.8609 3.0919e+01  1021.9870    21.2253    21.9704     8.6158    263.511    7.34117  224.52809    117.362 -9.990e-29
   40.67286  -72.82254      2.661      2.640    21.2837    31.7338      8.125     0.8609 3.1446e+01  1021.9418    21.2831    21.9346     8.6178    263.575    7.34147  224.53740    117.386 -9.990e-29
   40.67286  -72.82254      2.682      2.661    21.3330    31.7089      8.125     0.9147 3.1534e+01  1021.9100    21.3325    21.9024     8.6148    263.479    7.34162  224.53947    117.342 -9.990e-29
   40.67286  -72.82254      2.682      2.661    21.3747    31.6899      8.125     0.9684 3.2071e+01  1021.8871    21.3742    21.8768     8.6212    263.672    7.34146  224.53167    117.432 -9.990e-29
   40.67286  -72.82254      2.691      2.670    21.4089    31.6731      8.125     0.9818 3.2985e+01  1021.8650    21.4084    21.8551     8.6220    263.694    7.34083  224.51121    117.453 -9.990e-29
   40.67286  -72.82254      2.682      2.661    21.4322    31.6578      8.125     0.9684 3.3265e+01  1021.8455    21.4317    21.8374     8.6223    263.703    7.34007  224.48746    117.469 -9.990e-29
   40.67286  -72.82254      2.701      2.680    21.4455    31.6480      8.125     0.9684 3.4117e+01  1021.8319    21.4450    21.8267     8.6183    263.578    7.33980  224.47805    117.418 -9.990e-29
   40.67286  -72.82254      2.701      2.680    21.4354    31.6480      8.125     0.9684 3.6192e+01  1021.8336    21.4349    21.8258     8.6190    263.602    7.33959  224.47122    117.432 -9.990e-29
   40.67286  -72.82254      2.701      2.680    21.4146    31.6480      8.125     0.9684 3.6766e+01  1021.8426    21.4140    21.8325     8.6194    263.613    7.33928  224.46338    117.441 -9.990e-29
   40.67286  -72.82254      2.691      2.670    21.3985    31.6552      8.125     0.9684 3.5788e+01  1021.8560    21.3980    21.8408     8.6153    263.491    7.33945  224.47125    117.383 -9.990e-29
   40.67286  -72.82254      2.712      2.691    21.4017    31.6574      8.125     0.9684 3.2671e+01  1021.8596    21.4012    21.8448     8.6177    263.567    7.34101  224.51916    117.392 -9.990e-29
   40.67286  -72.82254      2.712      2.691    21.4124    31.6574      8.125     0.9684 3.1587e+01  1021.8570    21.4119    21.8431     8.6258    263.811    7.34318  224.58310    117.467 -9.990e-29
   40.67286  -72.82254      2.701      2.680    21.4252    31.6574      8.125     0.9684 3.1410e+01  1021.8515    21.4246    21.8360     8.6185    263.583    7.34480  224.62891    117.341 -9.990e-29
   40.67286  -72.82254      2.702      2.681    21.4504    31.6493      8.125     0.9684 3.0539e+01  1021.8355    21.4499    21.8245     8.6210    263.652    7.34691  224.68726    117.342 -9.990e-29
   40.67286  -72.82254      2.701      2.680    21.4715    31.6405      8.125     0.9684 3.0028e+01  1021.8228    21.4710    21.8124     8.6281    263.868    7.34854  224.73536    117.413 -9.990e-29
   40.67286  -72.82254      2.701      2.680    21.4894    31.6354      8.125     0.9684 3.0112e+01  1021.8114    21.4888    21.8037     8.6245    263.767    7.34979  224.78066    117.344 -9.990e-29
   40.67286  -72.82254      2.691      2.670    21.4980    31.6346      8.124     0.9684 3.1498e+01  1021.8095    21.4975    21.8011     8.6229    263.724    7.35304  224.88765    117.269 -9.990e-29
   40.67286  -72.82254      2.691      2.670    21.4936    31.6342      8.124     0.9684 3.2396e+01  1021.8182    21.4931    21.8006     8.6291    263.919    7.35869  225.06451    117.263 -9.990e-29
   40.67286  -72.82254      2.691      2.670    21.5077    31.6342      8.124     0.9684 3.2396e+01  1021.8067    21.5072    21.7969     8.6368    264.157    7.36572  225.28050    117.257 -9.990e-29
   40.67286  -72.82254      2.682      2.661    21.5147    31.6342      8.124     0.9684 3.0936e+01  1021.8021    21.5142    21.7937     8.6410    264.276    7.37375  225.51772    117.186 -9.990e-29
   40.67286  -72.82254      2.682      2.661    21.5189    31.6342      8.124     0.9684 2.9994e+01  1021.8067    21.5184    21.7937     8.6514    264.584    7.37892  225.66703    117.245 -9.990e-29
   40.67286  -72.82254      2.682      2.661    21.5306    31.6368      8.124     0.9684 2.9825e+01  1021.8056    21.5301    21.7936     8.6465    264.430    7.37985  225.69318    117.163 -9.990e-29
   40.67286  -72.82254      2.671      2.650    21.5380    31.6386      8.124     0.9684 2.9909e+01  1021.8026    21.5375    21.7938     8.6392    264.211    7.37901  225.67023    117.078 -9.990e-29
   40.67286  -72.82254      2.671      2.650    21.5315    31.6412      8.124     0.9684 2.9825e+01  1021.8082    21.5310    21.7959     8.6401    264.239    7.38080  225.72617    117.062 -9.990e-29
   40.67286  -72.82254      2.661      2.640    21.5304    31.6433      8.124     0.9684 2.9825e+01  1021.8107    21.5299    21.7979     8.6418    264.286    7.38335  225.79979    117.045 -9.990e-29
   40.67286  -72.82254      2.661      2.640    21.5308    31.6433      8.124     0.9684 2.9742e+01  1021.8091    21.5303    21.7988     8.6417    264.275    7.38438  225.82542    117.026 -9.990e-29
   40.67286  -72.82254      2.651      2.631    21.5267    31.6433      8.124     1.0087 2.9575e+01  1021.8129    21.5262    21.7990     8.6420    264.272    7.38538  225.84396    117.015 -9.990e-29
   40.67286  -72.82254      2.651      2.631    21.5333    31.6432      8.124     1.0893 2.9575e+01  1021.8100    21.5328    21.7965     8.6337    264.006    7.38381  225.78595    116.927 -9.990e-29
   40.67286  -72.82254      2.651      2.631    21.5455    31.6384      8.124     1.1161 3.1110e+01  1021.8028    21.5450    21.7903     8.6304    263.908    7.37839  225.62279    116.969 -9.990e-29
   40.67286  -72.82254      2.640      2.620    21.5569    31.6313      8.124     1.1161 3.4328e+01  1021.7933    21.5564    21.7823     8.6130    263.390    7.36994  225.37722    116.866 -9.990e-29
   40.67286  -72.82254      2.640      2.620    21.5641    31.6235      8.124     1.1027 3.5307e+01  1021.7851    21.5636    21.7744     8.6017    263.059    7.36225  225.15459    116.835 -9.990e-29
   40.67286  -72.82254      2.640      2.620    21.5676    31.6161      8.124     1.1027 3.4814e+01  1021.7784    21.5671    21.7678     8.5952    262.867    7.35821  225.03592    116.811 -9.990e-29
   40.67286  -72.82254      2.631      2.610    21.5680    31.6106      8.124     1.1027 3.3659e+01  1021.7722    21.5675    21.7635     8.5943    262.834    7.35861  225.04475    116.792 -9.990e-29
   40.67286  -72.82254      2.631      2.610    21.5634    31.6075      8.124     1.1161 3.3282e+01  1021.7738    21.5629    21.7615     8.5912    262.741    7.35709  224.99784    116.775 -9.990e-29
   40.67286  -72.82254      2.620      2.600    21.5630    31.6037      8.124     1.1027 3.3282e+01  1021.7726    21.5625    21.7584     8.5872    262.617    7.35472  224.92563    116.757 -9.990e-29
   40.67286  -72.82254      2.621      2.601    21.5703    31.5973      8.124     1.1027 3.3096e+01  1021.7629    21.5698    21.7525     8.5775    262.326    7.35164  224.83570    116.674 -9.990e-29
   40.67286  -72.82254      2.620      2.600    21.5756    31.5919      8.124     1.1027 3.3003e+01  1021.7559    21.5751    21.7474     8.5764    262.298    7.35182  224.84662    116.656 -9.990e-29
   40.67286  -72.82254      2.620      2.600    21.5743    31.5900      8.124     1.1027 3.3040e+01  1021.7563    21.5738    21.7457     8.5757    262.281    7.35599  224.97870    116.581 -9.990e-29
   40.67286  -72.82254      2.601      2.580    21.5726    31.5885      8.124     1.1027 3.3508e+01  1021.7591    21.5721    21.7444     8.5795    262.401    7.35991  225.10103    116.570 -9.990e-29
   40.67286  -72.82254      2.610      2.590    21.5777    31.5821      8.124     1.1027 3.3697e+01  1021.7523    21.5772    21.7390     8.5855    262.578    7.36530  225.26027    116.566 -9.990e-29
   40.67286  -72.82254      2.610      2.590    21.5802    31.5754      8.124     1.1027 3.3697e+01  1021.7394    21.5797    21.7317     8.5862    262.593    7.37046  225.41114    116.495 -9.990e-29
   40.67286  -72.82254      2.601      2.580    21.5750    31.5754      8.124     1.1027 3.1676e+01  1021.7343    21.5745    21.7303     8.5889    262.673    7.37312  225.49162    116.489 -9.990e-29
   40.67286  -72.82254      2.601      2.580    21.5588    31.5754      8.124     1.1027 3.0368e+01  1021.7481    21.5583    21.7385     8.5956    262.872    7.37882  225.66085    116.490 -9.990e-29
   40.67286  -72.82254      2.601      2.580    21.5474    31.5878      8.124     1.1027 3.0232e+01  1021.7640    21.5469    21.7510     8.6035    263.108    7.38568  225.86369    116.490 -9.990e-29
   40.67286  -72.82254      2.590      2.570    21.5383    31.5987      8.124     1.1027 3.1357e+01  1021.7745    21.5378    21.7621     8.6076    263.229    7.38937  225.97530    116.486 -9.990e-29
   40.67286  -72.82254      2.590      2.570    21.5276    31.6013      8.124     1.1161 3.2433e+01  1021.7837    21.5271    21.7699     8.6133    263.401    7.39406  226.11656    116.489 -9.990e-29
   40.67286  -72.82254      2.590      2.570    21.5180    31.6013      8.124     1.1027 3.2616e+01  1021.7874    21.5175    21.7730     8.6224    263.676    7.40133  226.33617    116.497 -9.990e-29
   40.67286  -72.82254      2.591      2.571    21.5103    31.6013      8.124     1.1161 3.1129e+01  1021.7836    21.5098    21.7710     8.6348    264.046    7.41105  226.62560    116.512 -9.990e-29
   40.67286  -72.82254      2.580      2.560    21.5084    31.6013      8.124     1.1027 2.9344e+01  1021.7758    21.5080    21.7674     8.6444    264.332    7.41847  226.84352    116.526 -9.990e-29
   40.67286  -72.82254      2.590      2.570    21.5071    31.6013      8.124     1.1027 2.8935e+01  1021.7743    21.5066    21.7681     8.6471    264.413    7.42035  226.90111    116.532 -9.990e-29
   40.67286  -72.82254      2.580      2.560    21.5017    31.6036      8.124     1.1027 2.9928e+01  1021.7857    21.5012    21.7756     8.6546    264.638    7.42184  226.94385    116.610 -9.990e-29
   40.67286  -72.82254      2.580      2.560    21.4977    31.6154      8.124     1.1295 3.1606e+01  1021.7990    21.4972    21.7851     8.6566    264.696    7.42295  226.97329    116.620 -9.990e-29
   40.67286  -72.82254      2.580      2.560    21.4998    31.6246      8.124     1.1430 3.2235e+01  1021.8045    21.4993    21.7919     8.6570    264.714    7.42256  226.96615    116.631 -9.990e-29
   40.67286  -72.82254      2.580      2.560    21.5040    31.6309      8.124     1.1295 3.1911e+01  1021.8069    21.5035    21.7961     8.6608    264.830    7.42470  227.03364    116.648 -9.990e-29
   40.67286  -72.82254      2.570      2.550    21.5040    31.6309      8.124     1.1295 3.1026e+01  1021.8118    21.5035    21.7993     8.6651    264.957    7.42707  227.10109    116.669 -9.990e-29
   40.67286  -72.82254      2.580      2.560    21.5044    31.6309      8.124     1.1295 3.0765e+01  1021.8144    21.5039    21.7995     8.6667    264.995    7.42331  226.97671    116.750 -9.990e-29
   40.67286  -72.82254      2.570      2.550    21.5092    31.6307      8.124     1.1295 3.1590e+01  1021.8073    21.5087    21.7946     8.6586    264.730    7.41546  226.72182    116.764 -9.990e-29
   40.67286  -72.82254      2.580      2.560    21.5126    31.6252      8.124     1.1430 3.5350e+01  1021.7953    21.5121    21.7884     8.6428    264.241    7.40161  226.29295    116.770 -9.990e-29
   40.67286  -72.82254      2.570      2.550    21.5028    31.6252      8.124     1.1295 3.6873e+01  1021.7935    21.5023    21.7881     8.6225    263.631    7.38463  225.78206    116.763 -9.990e-29
   40.67286  -72.82254      2.559      2.540    21.4838    31.6252      8.125     1.1430 3.6709e+01  1021.8045    21.4834    21.7971     8.6054    263.123    7.37022  225.35615    116.759 -9.990e-29
   40.67286  -72.82254      2.570      2.550    21.4662    31.6400      8.125     1.1295 3.3362e+01  1021.8221    21.4657    21.8135     8.5933    262.772    7.35956  225.04443    116.764 -9.990e-29
   40.67286  -72.82254      2.570      2.550    21.4414    31.6400      8.125     1.1295 3.1841e+01  1021.8496    21.4409    21.8297     8.5847    262.520    7.35195  224.82365    116.767 -9.990e-29
