CalculateIndicators/WaterTemperature/Data/CTD_NYOS/202200730_C26.cnv
* Sea-Bird SBE 9 Data File:
* FileName = C:\Seabird 9 CTD\Data\2022\202207_offshore\202200730_C26.hex
* Software Version Seasave V 7.23.2
* Temperature SN = 4590
* Conductivity SN = 3228
* Number of Bytes Per Scan = 44
* Number of Voltage Words = 5
* Number of Scans Averaged by the Deck Unit = 1
* NMEA Latitude = 40 51.70 N
* NMEA Longitude = 072 12.07 W
* NMEA UTC (Time) = Dec 14 2002  09:09:39
* NMEA baud rate = 4800
** Ship: seawolf
** Station: 2.1
** Operator: TDK
# nquan = 18
# nvalues = 10868                       
# units = specified
# name 0 = latitude: Latitude [deg]
# name 1 = longitude: Longitude [deg]
# name 2 = prDM: Pressure, Digiquartz [db]
# name 3 = depSM: Depth [salt water, m]
# name 4 = t090C: Temperature [ITS-90, deg C]
# name 5 = sal00: Salinity, Practical [PSU]
# name 6 = ph: pH
# name 7 = flECO-AFL: Fluorescence, WET Labs ECO-AFL/FL [mg/m^3]
# name 8 = cpar: CPAR/Corrected Irradiance [%]
# name 9 = density00: Density [density, kg/m^3]
# name 10 = potemp090C: Potential Temperature [ITS-90, deg C]
# name 11 = sigma-é00: Density [sigma-theta, kg/m^3]
# name 12 = sbeox0Mg/L: Oxygen, SBE 43 [mg/l]
# name 13 = sbox0Mm/Kg: Oxygen, SBE 43 [umol/kg]
# name 14 = oxsolMg/L: Oxygen Saturation, Garcia & Gordon [mg/l]
# name 15 = oxsolMm/Kg: Oxygen Saturation, Garcia & Gordon [umol/kg]
# name 16 = sbeox0PS: Oxygen, SBE 43 [% saturation]
# name 17 = flag:  0.000e+00
# span 0 =   40.86132,   40.86178       
# span 1 =  -72.20266,  -72.20114       
# span 2 =      1.560,     27.075       
# span 3 =      1.548,     26.864       
# span 4 =    12.6540,    20.8141       
# span 5 =    31.0889,    32.7645       
# span 6 =      8.013,      8.118       
# span 7 =     0.4043,     1.1295       
# span 8 = 5.0640e-11, 9.9999e+04       
# span 9 =  1021.5809,  1024.8425       
# span 10 =    12.6505,    20.8137      
# span 11 =    21.5719,    24.7218      
# span 12 =     5.1861,     8.5098      
# span 13 =    158.629,    259.813      
# span 14 =    7.44818,    8.65264      
# span 15 =  227.81339,  263.87674      
# span 16 =     69.606,    109.745      
# span 17 = 0.0000e+00, 0.0000e+00      
# interval = seconds: 0.0416667
# start_time = Jul 30 2022 09:09:37 [System UTC, first data scan.]
# bad_flag = -9.990e-29
*END*
[from data line 2091]
   40.86168  -72.20142     26.496     26.289    12.7257    32.7508 -9.990e-29     1.1295 5.0640e-11  1024.8237    12.7222    24.7054     7.6797    234.207    8.64073  263.51562     88.878 -9.990e-29
   40.86168  -72.20142     26.505     26.299    12.7252    32.7508 -9.990e-29     1.1295 5.0640e-11  1024.8237    12.7217    24.7052     7.6799    234.213    8.64050  263.50835     88.883 -9.990e-29
   40.86168  -72.20142     26.516     26.309    12.7252    32.7504 -9.990e-29     1.1295 5.0640e-11  1024.8231    12.7217    24.7050     7.6799    234.213    8.64002  263.49386     88.887 -9.990e-29
   40.86168  -72.20142     26.519     26.312    12.7235    32.7501 -9.990e-29     1.1295 5.0640e-11  1024.8233    12.7200    24.7051     7.6798    234.210    8.63941  263.47544     88.892 -9.990e-29
   40.86168  -72.20142     26.526     26.319    12.7218    32.7501 -9.990e-29     1.1295 5.0640e-11  1024.8238    12.7183    24.7053     7.6735    234.020    8.63887  263.45948     88.826 -9.990e-29
   40.86168  -72.20142     26.536     26.329    12.7203    32.7501 -9.990e-29     1.1295 5.0640e-11  1024.8240    12.7168    24.7056     7.6795    234.201    8.63861  263.45140     88.897 -9.990e-29
   40.86168  -72.20142     26.547     26.340    12.7188    32.7505 -9.990e-29     1.1295 5.0640e-11  1024.8244    12.7153    24.7063     7.6732    234.008    8.63847  263.44705     88.825 -9.990e-29
   40.86168  -72.20142     26.547     26.340    12.7168    32.7511 -9.990e-29     1.1295 5.0640e-11  1024.8262    12.7133    24.7070     7.6725    233.988    8.63836  263.44345     88.819 -9.990e-29
   40.86168  -72.20142     26.556     26.349    12.7176    32.7512 -9.990e-29     1.1161 5.0640e-11  1024.8258    12.7141    24.7070     7.6724    233.985    8.63818  263.43835     88.820 -9.990e-29
   40.86168  -72.20142     26.556     26.349    12.7188    32.7512      8.023     1.0758 5.0640e-11  1024.8250    12.7153    24.7068     7.6718    233.968    8.63809  263.43579     88.814 -9.990e-29
   40.86168  -72.20142     26.577     26.370    12.7188    32.7513      8.023     1.0624 5.0640e-11  1024.8253    12.7153    24.7069     7.6719    233.970    8.63802  263.43368     88.816 -9.990e-29
   40.86168  -72.20142     26.577     26.370    12.7185    32.7518      8.023     1.0624 5.0640e-11  1024.8259    12.7150    24.7073     7.6713    233.953    8.63787  263.42936     88.811 -9.990e-29
   40.86168  -72.20142     26.577     26.370    12.7178    32.7521      8.019     1.0624 5.0640e-11  1024.8267    12.7143    24.7078     7.6708    233.937    8.63769  263.42423     88.806 -9.990e-29
   40.86168  -72.20142     26.598     26.390    12.7187    32.7521      8.023     1.0624 5.0640e-11  1024.8267    12.7152    24.7078     7.6704    233.924    8.63761  263.42209     88.802 -9.990e-29
   40.86168  -72.20142     26.598     26.390    12.7198    32.7521      8.023     1.0624 5.0640e-11  1024.8260    12.7163    24.7073     7.6762    234.101    8.63754  263.41987     88.870 -9.990e-29
   40.86168  -72.20142     26.607     26.400    12.7207    32.7521      8.019     1.0624 5.0640e-11  1024.8254    12.7172    24.7070     7.6763    234.105    8.63744  263.41670     88.872 -9.990e-29
   40.86168  -72.20144     26.607     26.400    12.7205    32.7519      8.023     1.0624 5.0640e-11  1024.8255    12.7170    24.7070     7.6699    233.911    8.63704  263.40504     88.803 -9.990e-29
   40.86168  -72.20144     26.617     26.409    12.7201    32.7518      8.023     1.0624 5.0640e-11  1024.8263    12.7166    24.7072     7.6699    233.911    8.63674  263.39610     88.806 -9.990e-29
   40.86168  -72.20144     26.628     26.420    12.7210    32.7518      8.023     1.0624 5.0640e-11  1024.8263    12.7175    24.7069     7.6694    233.896    8.63650  263.38893     88.802 -9.990e-29
   40.86168  -72.20144     26.628     26.420    12.7230    32.7511      8.023     1.0624 5.0640e-11  1024.8246    12.7195    24.7060     7.6691    233.887    8.63646  263.38747     88.800 -9.990e-29
   40.86168  -72.20144     26.638     26.430    12.7244    32.7506      8.018     1.0624 5.0640e-11  1024.8236    12.7209    24.7053     7.6750    234.067    8.63636  263.38444     88.869 -9.990e-29
   40.86168  -72.20144     26.638     26.430    12.7245    32.7505      8.023     1.0624 5.0640e-11  1024.8242    12.7210    24.7051     7.6692    233.888    8.63638  263.38486     88.801 -9.990e-29
   40.86168  -72.20144     26.638     26.430    12.7256    32.7505      8.023     1.0624 5.0640e-11  1024.8244    12.7221    24.7049     7.6752    234.071    8.63635  263.38380     88.871 -9.990e-29
   40.86168  -72.20144     26.658     26.450    12.7277    32.7498      8.023     1.0624 5.0640e-11  1024.8230    12.7242    24.7041     7.6754    234.077    8.63618  263.37895     88.875 -9.990e-29
   40.86168  -72.20144     26.649     26.441    12.7290    32.7493      8.023     1.0624 5.0640e-11  1024.8216    12.7255    24.7032     7.6757    234.086    8.63612  263.37741     88.879 -9.990e-29
   40.86168  -72.20144     26.658     26.450    12.7282    32.7493      8.018     1.0624 5.0640e-11  1024.8217    12.7247    24.7031     7.6700    233.914    8.63630  263.38282     88.811 -9.990e-29
   40.86168  -72.20144     26.662     26.454    12.7272    32.7493      8.018     1.0490 5.0640e-11  1024.8223    12.7237    24.7039     7.6698    233.906    8.63622  263.38076     88.809 -9.990e-29
   40.86168  -72.20144     26.668     26.460    12.7243    32.7504      8.023     1.0624 5.0640e-11  1024.8248    12.7208    24.7050     7.6758    234.090    8.63618  263.37939     88.879 -9.990e-29
   40.86168  -72.20144     26.668     26.460    12.7234    32.7508      8.023     1.0624 5.0640e-11  1024.8250    12.7199    24.7057     7.6763    234.107    8.63633  263.38348     88.884 -9.990e-29
   40.86168  -72.20144     26.679     26.471    12.7228    32.7510      8.023     1.0624 5.0640e-11  1024.8249    12.7193    24.7059     7.6765    234.113    8.63611  263.37653     88.889 -9.990e-29
   40.86168  -72.20144     26.668     26.460    12.7218    32.7510      8.023     1.0624 5.0640e-11  1024.8249    12.7183    24.7060     7.6768    234.120    8.63594  263.37140     88.893 -9.990e-29
   40.86168  -72.20144     26.679     26.471    12.7197    32.7510      8.019     1.0624 5.0640e-11  1024.8251    12.7161    24.7067     7.6769    234.125    8.63570  263.36376     88.898 -9.990e-29
   40.86168  -72.20144     26.679     26.471    12.7150    32.7519      8.023     1.0624 5.0640e-11  1024.8269    12.7114    24.7082     7.6767    234.118    8.63502  263.34389     88.902 -9.990e-29
   40.86168  -72.20144     26.679     26.471    12.7099    32.7535      8.023     0.9549 5.0640e-11  1024.8294    12.7064    24.7102     7.6765    234.111    8.63440  263.32567     88.906 -9.990e-29
   40.86168  -72.20144     26.679     26.471    12.7064    32.7548      8.019     0.8609 5.0640e-11  1024.8316    12.7029    24.7119     7.6765    234.113    8.63402  263.31412     88.910 -9.990e-29
   40.86168  -72.20144     26.679     26.471    12.7052    32.7548      8.023     0.8475 5.0640e-11  1024.8324    12.7017    24.7124     7.6759    234.095    8.63359  263.30111     88.908 -9.990e-29
   40.86168  -72.20144     26.689     26.480    12.7071    32.7548      8.023     0.8609 5.0640e-11  1024.8309    12.7036    24.7118     7.6760    234.096    8.63325  263.29051     88.912 -9.990e-29
   40.86168  -72.20144     26.689     26.480    12.7085    32.7542      8.023     0.8609 5.0640e-11  1024.8300    12.7050    24.7111     7.6763    234.105    8.63317  263.28863     88.916 -9.990e-29
   40.86168  -72.20144     26.679     26.471    12.7089    32.7535      8.019     0.8609 5.0640e-11  1024.8301    12.7054    24.7104     7.6759    234.093    8.63236  263.26330     88.920 -9.990e-29
   40.86168  -72.20144     26.679     26.471    12.7108    32.7522      8.023     0.8609 5.0640e-11  1024.8286    12.7073    24.7091     7.6754    234.080    8.63154  263.23863     88.923 -9.990e-29
   40.86168  -72.20144     26.689     26.480    12.7133    32.7506      8.019     0.8609 5.0640e-11  1024.8259    12.7097    24.7075     7.6754    234.080    8.63112  263.22659     88.927 -9.990e-29
   40.86168  -72.20144     26.679     26.471    12.7140    32.7506      8.019     0.8609 5.0640e-11  1024.8252    12.7104    24.7068     7.6812    234.258    8.63096  263.22210     88.996 -9.990e-29
   40.86168  -72.20144     26.689     26.480    12.7133    32.7506      8.023     0.8609 5.0640e-11  1024.8261    12.7098    24.7072     7.6821    234.284    8.63094  263.22132     89.007 -9.990e-29
   40.86168  -72.20144     26.668     26.460    12.7128    32.7512      8.019     0.8609 5.0640e-11  1024.8271    12.7093    24.7079     7.6766    234.116    8.63072  263.21490     88.945 -9.990e-29
   40.86168  -72.20144     26.679     26.471    12.7126    32.7520      8.023     0.8609 5.0640e-11  1024.8278    12.7091    24.7085     7.6830    234.311    8.63062  263.21170     89.020 -9.990e-29
   40.86168  -72.20144     26.672     26.464    12.7138    32.7525      8.019     0.8609 5.0640e-11  1024.8278    12.7103    24.7088     7.6772    234.136    8.63024  263.20021     88.957 -9.990e-29
   40.86168  -72.20144     26.679     26.471    12.7148    32.7529      8.023     0.8609 5.0640e-11  1024.8281    12.7113    24.7088     7.6774    234.142    8.63012  263.19668     88.961 -9.990e-29
   40.86168  -72.20144     26.668     26.460    12.7170    32.7531      8.023     0.8609 5.0640e-11  1024.8275    12.7134    24.7087     7.6778    234.153    8.63021  263.19911     88.964 -9.990e-29
   40.86168  -72.20144     26.679     26.471    12.7186    32.7536      8.023     0.8609 5.0640e-11  1024.8276    12.7151    24.7088     7.6780    234.158    8.63008  263.19486     88.968 -9.990e-29
   40.86168  -72.20144     26.668     26.460    12.7195    32.7540      8.023     0.8609 5.0640e-11  1024.8285    12.7160    24.7090     7.6776    234.148    8.62945  263.17647     88.970 -9.990e-29
   40.86168  -72.20144     26.658     26.450    12.7222    32.7540      8.019     0.8609 5.0640e-11  1024.8278    12.7187    24.7086     7.6776    234.147    8.62911  263.16667     88.973 -9.990e-29
   40.86168  -72.20144     26.668     26.460    12.7258    32.7540      8.023     0.8609 5.0640e-11  1024.8267    12.7223    24.7077     7.6780    234.159    8.62922  263.16966     88.976 -9.990e-29
   40.86168  -72.20144     26.649     26.441    12.7291    32.7540      8.023     0.8609 5.0640e-11  1024.8252    12.7256    24.7068     7.6785    234.174    8.62943  263.17548     88.980 -9.990e-29
   40.86168  -72.20144     26.658     26.450    12.7306    32.7540      8.023     0.8609 5.0640e-11  1024.8250    12.7270    24.7066     7.6721    233.980    8.62955  263.17925     88.905 -9.990e-29
   40.86168  -72.20144     26.658     26.450    12.7308    32.7538      8.018     0.8609 5.0640e-11  1024.8262    12.7273    24.7068     7.6719    233.975    8.62962  263.18168     88.902 -9.990e-29
   40.86168  -72.20144     26.649     26.441    12.7314    32.7538      8.023     0.8609 5.0640e-11  1024.8261    12.7279    24.7067     7.6711    233.950    8.62964  263.18273     88.893 -9.990e-29
   40.86168  -72.20144     26.638     26.430    12.7328    32.7538      8.023     0.8609 5.0640e-11  1024.8248    12.7293    24.7061     7.6765    234.116    8.62969  263.18475     88.955 -9.990e-29
   40.86168  -72.20144     26.638     26.430    12.7334    32.7531      8.023     0.8744 5.0640e-11  1024.8243    12.7299    24.7055     7.6768    234.122    8.63017  263.19834     88.953 -9.990e-29
   40.86168  -72.20144     26.638     26.430    12.7340    32.7524      8.023     0.9012 5.0640e-11  1024.8239    12.7304    24.7048     7.6767    234.121    8.63047  263.20736     88.949 -9.990e-29
   40.86168  -72.20144     26.628     26.420    12.7352    32.7514      8.023     0.9012 5.0640e-11  1024.8227    12.7317    24.7039     7.6703    233.925    8.63054  263.20937     88.874 -9.990e-29
   40.86168  -72.20144     26.638     26.430    12.7366    32.7503      8.018     0.9012 5.0640e-11  1024.8213    12.7331    24.7027     7.6757    234.090    8.63067  263.21318     88.936 -9.990e-29
   40.86168  -72.20144     26.628     26.420    12.7374    32.7495      8.018     0.9012 5.0640e-11  1024.8204    12.7339    24.7020     7.6691    233.888    8.63058  263.21063     88.860 -9.990e-29
   40.86168  -72.20144     26.617     26.409    12.7377    32.7494      8.023     0.9012 5.0640e-11  1024.8205    12.7342    24.7018     7.6684    233.867    8.63081  263.21725     88.850 -9.990e-29
   40.86168  -72.20144     26.617     26.409    12.7380    32.7493      8.018     0.9012 5.0640e-11  1024.8210    12.7345    24.7015     7.6745    234.053    8.63105  263.22404     88.918 -9.990e-29
   40.86168  -72.20144     26.607     26.400    12.7407    32.7487      8.023     0.9012 5.0640e-11  1024.8192    12.7372    24.7007     7.6745    234.053    8.63080  263.21704     88.920 -9.990e-29
   40.86168  -72.20144     26.607     26.400    12.7425    32.7485      8.023     0.9012 5.0640e-11  1024.8185    12.7390    24.7000     7.6739    234.035    8.63056  263.21043     88.916 -9.990e-29
   40.86168  -72.20144     26.600     26.393    12.7439    32.7485      8.023     0.9012 5.0640e-11  1024.8180    12.7404    24.6997     7.6669    233.823    8.63016  263.19855     88.839 -9.990e-29
   40.86168  -72.20144     26.598     26.390    12.7439    32.7485      8.018     0.9012 5.0640e-11  1024.8187    12.7403    24.6998     7.6659    233.790    8.62997  263.19280     88.828 -9.990e-29
   40.86168  -72.20144     26.598     26.390    12.7444    32.7489      8.023     0.9012 5.0640e-11  1024.8187    12.7409    24.7001     7.6650    233.764    8.63006  263.19528     88.818 -9.990e-29
   40.86168  -72.20144     26.577     26.370    12.7442    32.7491      8.023     0.9012 5.0640e-11  1024.8189    12.7407    24.7004     7.6643    233.743    8.62972  263.18565     88.813 -9.990e-29
   40.86168  -72.20144     26.587     26.379    12.7440    32.7491      8.023     0.9012 5.0640e-11  1024.8198    12.7405    24.7006     7.6691    233.889    8.62917  263.16984     88.874 -9.990e-29
   40.86168  -72.20144     26.577     26.370    12.7452    32.7491      8.023     0.9012 5.0640e-11  1024.8189    12.7417    24.7001     7.6690    233.888    8.62893  263.16299     88.876 -9.990e-29
   40.86168  -72.20144     26.567     26.360    12.7460    32.7484      8.018     0.9012 5.0640e-11  1024.8174    12.7425    24.6995     7.6691    233.890    8.62879  263.15896     88.878 -9.990e-29
   40.86168  -72.20144     26.567     26.360    12.7449    32.7479      8.018     0.9012 5.0640e-11  1024.8181    12.7414    24.6990     7.6629    233.702    8.62863  263.15415     88.808 -9.990e-29
   40.86168  -72.20144     26.556     26.349    12.7457    32.7479      8.023     0.9012 5.0640e-11  1024.8167    12.7422    24.6987     7.6682    233.864    8.62865  263.15479     88.869 -9.990e-29
   40.86168  -72.20144     26.547     26.340    12.7459    32.7479      8.023     0.9012 5.0640e-11  1024.8168    12.7424    24.6990     7.6683    233.865    8.62907  263.16682     88.866 -9.990e-29
   40.86168  -72.20144     26.547     26.340    12.7444    32.7490      8.023     0.9012 5.0640e-11  1024.8189    12.7409    24.7000     7.6627    233.693    8.62944  263.17763     88.797 -9.990e-29
   40.86168  -72.20144     26.547     26.340    12.7454    32.7500      8.023     0.9012 5.0640e-11  1024.8193    12.7419    24.7007     7.6689    233.882    8.62981  263.18806     88.865 -9.990e-29
   40.86168  -72.20144     26.536     26.329    12.7462    32.7500      8.018     0.9012 5.0640e-11  1024.8194    12.7427    24.7009     7.6692    233.891    8.62992  263.19116     88.867 -9.990e-29
