CalculateIndicators/WaterTemperature/Data/CTD_NYOS/20220513_C01.cnv
* Sea-Bird SBE 9 Data File:
* FileName = C:\Seabird 9 CTD\Data\2022\202205_offshore\20220513_C01.hex
* Software Version Seasave V 7.23.2
* Temperature SN = 4590
* Conductivity SN = 3228
* Number of Bytes Per Scan = 44
* Number of Voltage Words = 5
* Number of Scans Averaged by the Deck Unit = 1
* NMEA Latitude = 40 57.54 N
* NMEA Longitude = 073 34.90 W
* NMEA UTC (Time) = Sep 27 2002  01:27:03
* NMEA baud rate = 4800
** Ship: seawolf
** Station: LIS_ARIG
** Operator: TCM
# nquan = 18
# nvalues = 9299                        
# units = specified
# name 0 = latitude: Latitude [deg]
# name 1 = longitude: Longitude [deg]
# name 2 = prDM: Pressure, Digiquartz [db]
# name 3 = depSM: Depth [salt water, m]
# name 4 = t090C: Temperature [ITS-90, deg C]
# name 5 = sal00: Salinity, Practical [PSU]
# name 6 = ph: pH
# name 7 = flECO-AFL: Fluorescence, WET Labs ECO-AFL/FL [mg/m^3]
# name 8 = cpar: CPAR/Corrected Irradiance [%]
# name 9 = density00: Density [density, kg/m^3]
# name 10 = potemp090C: Potential Temperature [ITS-90, deg C]
# name 11 = sigma-é00: Density [sigma-theta, kg/m^3]
# name 12 = sbeox0Mg/L: Oxygen, SBE 43 [mg/l]
# name 13 = sbox0Mm/Kg: Oxygen, SBE 43 [umol/kg]
# name 14 = oxsolMg/L: Oxygen Saturation, Garcia & Gordon [mg/l]
# name 15 = oxsolMm/Kg: Oxygen Saturation, Garcia & Gordon [umol/kg]
# name 16 = sbeox0PS: Oxygen, SBE 43 [% saturation]
# name 17 = flag:  0.000e+00
# span 0 =   40.95902,   40.95912       
# span 1 =  -73.58310,  -73.58166       
# span 2 =      1.619,     14.438       
# span 3 =      1.606,     14.326       
# span 4 =    10.2949,    12.2633       
# span 5 =    25.7329,    25.8471       
# span 6 =      7.991,      8.083       
# span 7 =     1.0624,     1.8414       
# span 8 = 9.9999e+04, 9.9999e+04       
# span 9 =  1019.4270,  1019.8336       
# span 10 =    10.2934,    12.2629      
# span 11 =    19.4063,    19.7680      
# span 12 =     9.0233,    10.0490      
# span 13 =    276.516,    308.022      
# span 14 =    9.11288,    9.50762      
# span 15 =  279.35883,  291.35794      
# span 16 =     94.911,    108.967      
# span 17 = 0.0000e+00, 0.0000e+00      
# interval = seconds: 0.0416667
# start_time = May 13 2022 01:27:04 [System UTC, first data scan.]
# bad_flag = -9.990e-29
*END*
[from data line 3297]
   40.95910  -73.58222     14.340     14.228    10.2968    25.8417 -9.990e-29     1.6265 9.9999e+04  1019.8322    10.2954    19.7669     9.0391    277.001    9.50707  291.34152     95.078 -9.990e-29
   40.95910  -73.58222     14.337     14.225    10.2968    25.8417 -9.990e-29     1.6265 9.9999e+04  1019.8322    10.2953    19.7669     9.0388    276.991    9.50708  291.34180     95.074 -9.990e-29
   40.95910  -73.58222     14.340     14.228    10.2968    25.8417 -9.990e-29     1.6265 9.9999e+04  1019.8325    10.2954    19.7669     9.0391    277.002    9.50708  291.34164     95.078 -9.990e-29
   40.95910  -73.58222     14.347     14.235    10.2969    25.8417 -9.990e-29     1.6265 9.9999e+04  1019.8324    10.2954    19.7669     9.0388    276.992    9.50705  291.34083     95.075 -9.990e-29
   40.95910  -73.58222     14.340     14.228    10.2970    25.8417 -9.990e-29     1.6265 9.9999e+04  1019.8323    10.2955    19.7669     9.0385    276.983    9.50705  291.34088     95.072 -9.990e-29
   40.95910  -73.58222     14.347     14.235    10.2969    25.8417 -9.990e-29     1.6131 9.9999e+04  1019.8324    10.2954    19.7669     9.0389    276.994    9.50706  291.34107     95.076 -9.990e-29
   40.95910  -73.58222     14.340     14.228    10.2970    25.8417 -9.990e-29     1.6265 9.9999e+04  1019.8323    10.2955    19.7669     9.0393    277.006    9.50705  291.34075     95.080 -9.990e-29
   40.95910  -73.58222     14.356     14.245    10.2969    25.8417 -9.990e-29     1.6265 9.9999e+04  1019.8324    10.2954    19.7669     9.0397    277.018    9.50699  291.33904     95.084 -9.990e-29
   40.95910  -73.58222     14.340     14.228    10.2970    25.8417 -9.990e-29     1.6668 9.9999e+04  1019.8323    10.2955    19.7668     9.0395    277.012    9.50703  291.34005     95.082 -9.990e-29
   40.95910  -73.58222     14.347     14.235    10.2972    25.8417 -9.990e-29     1.7205 9.9999e+04  1019.8322    10.2957    19.7668     9.0392    277.004    9.50697  291.33831     95.080 -9.990e-29
   40.95908  -73.58222     14.359     14.247    10.2969    25.8417 -9.990e-29     1.7339 9.9999e+04  1019.8324    10.2954    19.7668     9.0397    277.019    9.50699  291.33905     95.085 -9.990e-29
   40.95908  -73.58222     14.347     14.235    10.2970    25.8417 -9.990e-29     1.7339 9.9999e+04  1019.8323    10.2955    19.7668     9.0401    277.033    9.50698  291.33871     95.090 -9.990e-29
   40.95908  -73.58222     14.359     14.247    10.2971    25.8417 -9.990e-29     1.7339 9.9999e+04  1019.8323    10.2956    19.7668     9.0406    277.048    9.50696  291.33804     95.095 -9.990e-29
   40.95908  -73.58222     14.356     14.245    10.2972    25.8416 -9.990e-29     1.7339 9.9999e+04  1019.8324    10.2957    19.7667     9.0466    277.229    9.50700  291.33920     95.157 -9.990e-29
   40.95908  -73.58222     14.349     14.238    10.2971    25.8415 -9.990e-29     1.7339 9.9999e+04  1019.8321    10.2956    19.7667     9.0411    277.061    9.50704  291.34040     95.099 -9.990e-29
   40.95908  -73.58222     14.359     14.247    10.2970    25.8415 -9.990e-29     1.7205 9.9999e+04  1019.8323    10.2955    19.7667     9.0409    277.055    9.50701  291.33950     95.097 -9.990e-29
   40.95908  -73.58222     14.367     14.256    10.2969    25.8415 -9.990e-29     1.7339 9.9999e+04  1019.8325    10.2954    19.7667     9.0408    277.051    9.50705  291.34083     95.095 -9.990e-29
   40.95908  -73.58222     14.359     14.247    10.2970    25.8410 -9.990e-29     1.7339 9.9999e+04  1019.8322    10.2955    19.7664     9.0413    277.068    9.50706  291.34123     95.101 -9.990e-29
   40.95908  -73.58222     14.356     14.245    10.2969    25.8410 -9.990e-29     1.7339 9.9999e+04  1019.8308    10.2954    19.7659     9.0479    277.270    9.50712  291.34296     95.170 -9.990e-29
   40.95908  -73.58222     14.370     14.258    10.2970    25.8410 -9.990e-29     1.7339 9.9999e+04  1019.8316    10.2955    19.7660     9.0424    277.102    9.50713  291.34330     95.112 -9.990e-29
   40.95908  -73.58222     14.367     14.256    10.2971    25.8410 -9.990e-29     1.7339 9.9999e+04  1019.8321    10.2956    19.7664     9.0430    277.118    9.50714  291.34350     95.117 -9.990e-29
   40.95908  -73.58222     14.370     14.258    10.2970    25.8413 -9.990e-29     1.7205 9.9999e+04  1019.8322    10.2955    19.7665     9.0488    277.298    9.50707  291.34127     95.180 -9.990e-29
   40.95908  -73.58222     14.367     14.256    10.2971    25.8413 -9.990e-29     1.7339 9.9999e+04  1019.8321    10.2956    19.7665     9.0500    277.335    9.50711  291.34260     95.192 -9.990e-29
   40.95908  -73.58222     14.370     14.258    10.2972    25.8413 -9.990e-29     1.7339 9.9999e+04  1019.8321    10.2957    19.7665     9.0445    277.166    9.50710  291.34229     95.134 -9.990e-29
   40.95908  -73.58222     14.367     14.256    10.2969    25.8414 -9.990e-29     1.7339 9.9999e+04  1019.8322    10.2954    19.7666     9.0444    277.163    9.50714  291.34356     95.133 -9.990e-29
   40.95908  -73.58222     14.370     14.258    10.2970    25.8415 -9.990e-29     1.7339 9.9999e+04  1019.8324    10.2955    19.7667     9.0510    277.364    9.50713  291.34332     95.202 -9.990e-29
   40.95908  -73.58222     14.377     14.265    10.2970    25.8415 -9.990e-29     1.7339 9.9999e+04  1019.8325    10.2955    19.7667     9.0515    277.379    9.50713  291.34306     95.207 -9.990e-29
   40.95908  -73.58222     14.370     14.258    10.2969    25.8416 -9.990e-29     1.7205 9.9999e+04  1019.8323    10.2954    19.7667     9.0519    277.393    9.50711  291.34255     95.212 -9.990e-29
   40.95908  -73.58222     14.377     14.265    10.2972    25.8416 -9.990e-29     1.7339 9.9999e+04  1019.8323    10.2957    19.7667     9.0464    277.224    9.50713  291.34318     95.154 -9.990e-29
   40.95908  -73.58222     14.380     14.268    10.2969    25.8415 -9.990e-29     1.7339 9.9999e+04  1019.8325    10.2954    19.7668     9.0462    277.218    9.50712  291.34296     95.152 -9.990e-29
   40.95908  -73.58222     14.380     14.268    10.2973    25.8415 -9.990e-29     1.7339 9.9999e+04  1019.8324    10.2958    19.7668     9.0461    277.214    9.50720  291.34533     95.150 -9.990e-29
   40.95908  -73.58222     14.367     14.256    10.2971    25.8416 -9.990e-29     1.7339 9.9999e+04  1019.8324    10.2956    19.7667     9.0459    277.208    9.50719  291.34487     95.148 -9.990e-29
   40.95908  -73.58222     14.380     14.268    10.2972    25.8416 -9.990e-29     1.7205 9.9999e+04  1019.8322    10.2957    19.7667     9.0457    277.202    9.50718  291.34462     95.146 -9.990e-29
   40.95908  -73.58222     14.377     14.265    10.2969    25.8416 -9.990e-29     1.6668 9.9999e+04  1019.8324    10.2954    19.7668     9.0455    277.197    9.50720  291.34503     95.144 -9.990e-29
   40.95910  -73.58222     14.380     14.268    10.2972    25.8416 -9.990e-29     1.6534 9.9999e+04  1019.8325    10.2957    19.7668     9.0453    277.191    9.50720  291.34525     95.142 -9.990e-29
   40.95910  -73.58222     14.377     14.265    10.2971    25.8417 -9.990e-29     1.6399 9.9999e+04  1019.8324    10.2956    19.7669     9.0452    277.186    9.50722  291.34570     95.140 -9.990e-29
   40.95910  -73.58222     14.370     14.258    10.2972    25.8417 -9.990e-29     1.6534 9.9999e+04  1019.8326    10.2957    19.7669     9.0449    277.180    9.50719  291.34486     95.138 -9.990e-29
   40.95910  -73.58222     14.377     14.265    10.2971    25.8417 -9.990e-29     1.6534 9.9999e+04  1019.8326    10.2956    19.7669     9.0508    277.359    9.50722  291.34594     95.199 -9.990e-29
   40.95910  -73.58222     14.380     14.268    10.2972    25.8416 -9.990e-29     1.6534 9.9999e+04  1019.8322    10.2957    19.7667     9.0512    277.372    9.50720  291.34526     95.204 -9.990e-29
   40.95910  -73.58222     14.377     14.265    10.2971    25.8416 -9.990e-29     1.6534 9.9999e+04  1019.8322    10.2956    19.7666     9.0456    277.200    9.50721  291.34552     95.145 -9.990e-29
   40.95910  -73.58222     14.370     14.258    10.2972    25.8416 -9.990e-29     1.6534 9.9999e+04  1019.8324    10.2957    19.7667     9.0514    277.377    9.50721  291.34564     95.206 -9.990e-29
   40.95910  -73.58222     14.377     14.265    10.2970    25.8416 -9.990e-29     1.6534 9.9999e+04  1019.8323    10.2955    19.7668     9.0518    277.389    9.50724  291.34627     95.210 -9.990e-29
   40.95910  -73.58222     14.380     14.268    10.2972    25.8416 -9.990e-29     1.6534 9.9999e+04  1019.8326    10.2958    19.7668     9.0461    277.214    9.50720  291.34504     95.150 -9.990e-29
   40.95910  -73.58222     14.367     14.256    10.2973    25.8416 -9.990e-29     1.6534 9.9999e+04  1019.8324    10.2958    19.7668     9.0518    277.390    9.50719  291.34490     95.210 -9.990e-29
   40.95910  -73.58222     14.370     14.258    10.2972    25.8416 -9.990e-29     1.6534 9.9999e+04  1019.8323    10.2958    19.7667     9.0522    277.401    9.50723  291.34607     95.214 -9.990e-29
   40.95910  -73.58222     14.380     14.268    10.2972    25.8415 -9.990e-29     1.6534 9.9999e+04  1019.8324    10.2957    19.7666     9.0524    277.409    9.50720  291.34502     95.217 -9.990e-29
   40.95910  -73.58222     14.367     14.256    10.2972    25.8414 -9.990e-29     1.6534 9.9999e+04  1019.8321    10.2958    19.7666     9.0527    277.417    9.50719  291.34488     95.219 -9.990e-29
   40.95910  -73.58222     14.370     14.258    10.2975    25.8413 -9.990e-29     1.6534 9.9999e+04  1019.8322    10.2960    19.7665     9.0530    277.426    9.50722  291.34599     95.222 -9.990e-29
   40.95910  -73.58222     14.367     14.256    10.2977    25.8411 -9.990e-29     1.6399 9.9999e+04  1019.8318    10.2963    19.7662     9.0471    277.247    9.50719  291.34512     95.161 -9.990e-29
   40.95910  -73.58222     14.370     14.258    10.2978    25.8410 -9.990e-29     1.6534 9.9999e+04  1019.8315    10.2963    19.7661     9.0527    277.417    9.50716  291.34408     95.220 -9.990e-29
   40.95910  -73.58222     14.367     14.256    10.2977    25.8409 -9.990e-29     1.6399 9.9999e+04  1019.8318    10.2963    19.7661     9.0529    277.423    9.50717  291.34416     95.222 -9.990e-29
   40.95910  -73.58222     14.359     14.247    10.2978    25.8409 -9.990e-29     1.6534 9.9999e+04  1019.8318    10.2963    19.7661     9.0530    277.427    9.50714  291.34336     95.223 -9.990e-29
   40.95910  -73.58222     14.377     14.265    10.2979    25.8409 -9.990e-29     1.6534 9.9999e+04  1019.8316    10.2964    19.7661     9.0532    277.432    9.50714  291.34352     95.225 -9.990e-29
   40.95910  -73.58222     14.359     14.247    10.2978    25.8409 -9.990e-29     1.6534 9.9999e+04  1019.8317    10.2963    19.7661     9.0533    277.436    9.50718  291.34450     95.226 -9.990e-29
   40.95910  -73.58222     14.357     14.245    10.2979    25.8409 -9.990e-29     1.6534 9.9999e+04  1019.8316    10.2964    19.7661     9.0534    277.438    9.50715  291.34376     95.227 -9.990e-29
   40.95910  -73.58222     14.359     14.248    10.2982    25.8409 -9.990e-29     1.6534 9.9999e+04  1019.8317    10.2967    19.7661     9.0535    277.441    9.50720  291.34529     95.227 -9.990e-29
   40.95910  -73.58222     14.368     14.256    10.2980    25.8409 -9.990e-29     1.6399 9.9999e+04  1019.8318    10.2965    19.7660     9.0534    277.439    9.50711  291.34247     95.228 -9.990e-29
   40.95910  -73.58222     14.359     14.248    10.2984    25.8409 -9.990e-29     1.6668 9.9999e+04  1019.8312    10.2969    19.7660     9.0534    277.440    9.50714  291.34352     95.228 -9.990e-29
   40.95908  -73.58224     14.368     14.256    10.2982    25.8409 -9.990e-29     1.6668 9.9999e+04  1019.8317    10.2967    19.7660     9.0534    277.440    9.50718  291.34451     95.227 -9.990e-29
   40.95908  -73.58224     14.350     14.238    10.2982    25.8408 -9.990e-29     1.6668 9.9999e+04  1019.8315    10.2968    19.7660     9.0534    277.438    9.50718  291.34464     95.227 -9.990e-29
   40.95908  -73.58224     14.359     14.248    10.2983    25.8409 -9.990e-29     1.6534 9.9999e+04  1019.8316    10.2968    19.7659     9.0533    277.436    9.50718  291.34463     95.226 -9.990e-29
   40.95908  -73.58224     14.357     14.245    10.2982    25.8409 -9.990e-29     1.6668 9.9999e+04  1019.8314    10.2968    19.7659     9.0532    277.433    9.50717  291.34417     95.225 -9.990e-29
   40.95908  -73.58224     14.350     14.238    10.2980    25.8409 -9.990e-29     1.6668 9.9999e+04  1019.8316    10.2965    19.7660     9.0598    277.633    9.50717  291.34438     95.294 -9.990e-29
   40.95908  -73.58224     14.357     14.245    10.2981    25.8409 -9.990e-29     1.6668 9.9999e+04  1019.8316    10.2966    19.7661     9.0542    277.464    9.50717  291.34416     95.236 -9.990e-29
   40.95908  -73.58224     14.350     14.238    10.2978    25.8409 -9.990e-29     1.6668 9.9999e+04  1019.8317    10.2963    19.7661     9.0541    277.459    9.50720  291.34522     95.234 -9.990e-29
   40.95908  -73.58224     14.357     14.245    10.2979    25.8409 -9.990e-29     1.6668 9.9999e+04  1019.8314    10.2964    19.7661     9.0599    277.637    9.50721  291.34541     95.295 -9.990e-29
   40.95908  -73.58224     14.350     14.238    10.2975    25.8410 -9.990e-29     1.6534 9.9999e+04  1019.8319    10.2960    19.7662     9.0542    277.465    9.50721  291.34564     95.236 -9.990e-29
   40.95908  -73.58224     14.347     14.235    10.2974    25.8412 -9.990e-29     1.6668 9.9999e+04  1019.8318    10.2959    19.7664     9.0546    277.474    9.50717  291.34428     95.239 -9.990e-29
   40.95908  -73.58224     14.350     14.238    10.2973    25.8412 -9.990e-29     1.6534 9.9999e+04  1019.8320    10.2958    19.7664     9.0543    277.466    9.50716  291.34421     95.236 -9.990e-29
   40.95908  -73.58224     14.357     14.245    10.2977    25.8412 -9.990e-29     1.6668 9.9999e+04  1019.8318    10.2963    19.7664     9.0540    277.456    9.50719  291.34481     95.233 -9.990e-29
   40.95908  -73.58224     14.350     14.238    10.2975    25.8412 -9.990e-29     1.6668 9.9999e+04  1019.8320    10.2960    19.7664     9.0482    277.279    9.50711  291.34232     95.173 -9.990e-29
   40.95908  -73.58224     14.347     14.235    10.2976    25.8411 -9.990e-29     1.6668 9.9999e+04  1019.8318    10.2961    19.7663     9.0600    277.640    9.50717  291.34414     95.296 -9.990e-29
   40.95908  -73.58224     14.350     14.238    10.2975    25.8411 -9.990e-29     1.6668 9.9999e+04  1019.8316    10.2960    19.7662     9.0603    277.651    9.50720  291.34505     95.300 -9.990e-29
   40.95908  -73.58224     14.357     14.245    10.2975    25.8411 -9.990e-29     1.6668 9.9999e+04  1019.8318    10.2960    19.7662     9.0605    277.658    9.50719  291.34487     95.302 -9.990e-29
   40.95908  -73.58224     14.350     14.238    10.2974    25.8411 -9.990e-29     1.6668 9.9999e+04  1019.8319    10.2959    19.7662     9.0614    277.685    9.50721  291.34565     95.311 -9.990e-29
   40.95908  -73.58224     14.347     14.235    10.2977    25.8411 -9.990e-29     1.6668 9.9999e+04  1019.8315    10.2962    19.7662     9.0623    277.710    9.50721  291.34551     95.320 -9.990e-29
   40.95908  -73.58224     14.350     14.238    10.2974    25.8411 -9.990e-29     1.6534 9.9999e+04  1019.8319    10.2959    19.7663     9.0570    277.550    9.50720  291.34505     95.265 -9.990e-29
   40.95908  -73.58224     14.350     14.238    10.2975    25.8412 -9.990e-29     1.6668 9.9999e+04  1019.8319    10.2960    19.7664     9.0505    277.351    9.50722  291.34576     95.197 -9.990e-29
   40.95908  -73.58224     14.347     14.235    10.2971    25.8412 -9.990e-29     1.6668 9.9999e+04  1019.8319    10.2956    19.7664     9.0614    277.683    9.50720  291.34528     95.311 -9.990e-29
