CalculateIndicators/WaterTemperature/Data/CTD_NYOS/20220201_C02.cnv
* Sea-Bird SBE 9 Data File:
* FileName = C:\Seabird 9 CTD\Data\2022\202202_offshore\20220201_C02.hex
* Software Version Seasave V 7.23.2
* Temperature SN = 4590
* Conductivity SN = 3228
* Number of Bytes Per Scan = 44
* Number of Voltage Words = 5
* Number of Scans Averaged by the Deck Unit = 1
* NMEA Latitude = 40 52.87 N
* NMEA Longitude = 073 43.77 W
* NMEA UTC (Time) = Jun 18 2002  18:57:55
* NMEA baud rate = 4800
** Ship: rv seawolf
** Station: LIS-WLIS
** Operator: KAL
# nquan = 18
# nvalues = 9848                                  
# units = specified
# name 0 = latitude: Latitude [deg]
# name 1 = longitude: Longitude [deg]
# name 2 = prDM: Pressure, Digiquartz [db]
# name 3 = depSM: Depth [salt water, m]
# name 4 = t090C: Temperature [ITS-90, deg C]
# name 5 = sal00: Salinity, Practical [PSU]
# name 6 = ph: pH
# name 7 = flECO-AFL: Fluorescence, WET Labs ECO-AFL/FL [mg/m^3]
# name 8 = cpar: CPAR/Corrected Irradiance [%]
# name 9 = density00: Density [density, kg/m^3]
# name 10 = potemp090C: Potential Temperature [ITS-90, deg C]
# name 11 = sigma-é00: Density [sigma-theta, kg/m^3]
# name 12 = sbeox0Mg/L: Oxygen, SBE 43 [mg/l]
# name 13 = sbox0Mm/Kg: Oxygen, SBE 43 [umol/kg]
# name 14 = oxsolMg/L: Oxygen Saturation, Garcia & Gordon [mg/l]
# name 15 = oxsolMm/Kg: Oxygen Saturation, Garcia & Gordon [umol/kg]
# name 16 = sbeox0PS: Oxygen, SBE 43 [% saturation]
# name 17 = flag:  0.000e+00
# span 0 =   40.88116,   40.88220                 
# span 1 =  -73.72998,  -73.72950                 
# span 2 =      2.061,     16.742                 
# span 3 =      2.045,     16.611                 
# span 4 =     0.9259,     1.2568                 
# span 5 =    26.3710,    26.6027                 
# span 6 =      8.557,      8.607                 
# span 7 =     6.1393,    10.4775                 
# span 8 = 4.6204e-14, 2.2440e+00                 
# span 9 =  1021.1341,  1021.3681                 
# span 10 =     0.9256,     1.2563                
# span 11 =    21.1130,    21.2887                
# span 12 =    13.1655,    17.2570                
# span 13 =    402.895,    528.101                
# span 14 =   11.74687,   11.86461                
# span 15 =  359.44562,  363.09930                
# span 16 =    111.356,    146.017                
# span 17 = 0.0000e+00, 0.0000e+00                
# interval = seconds: 0.0416667
# start_time = Feb 01 2022 18:57:56 [System UTC, first data scan.]
# bad_flag = -9.990e-29
*END*
[from data line 8523]
   40.88204  -73.72990      2.633      2.613     0.9655    26.3845      8.597     9.1076 1.1516e+00  1021.1376     0.9654    21.1250    15.2088    465.450   11.85359  362.76635    128.306  0.000e+00
   40.88204  -73.72990      2.633      2.613     0.9654    26.3848      8.597     9.1076 1.1217e+00  1021.1378     0.9653    21.1252    15.1811    464.602   11.85361  362.76708    128.072  0.000e+00
   40.88204  -73.72990      2.633      2.613     0.9660    26.3846      8.597     9.1076 1.1091e+00  1021.1377     0.9659    21.1250    15.1465    463.542   11.85343  362.76169    127.781  0.000e+00
   40.88204  -73.72990      2.643      2.622     0.9654    26.3847      8.597     9.1076 1.1059e+00  1021.1378     0.9653    21.1251    15.1238    462.847   11.85362  362.76729    127.588  0.000e+00
   40.88204  -73.72990      2.633      2.613     0.9655    26.3844      8.597     9.1076 1.0813e+00  1021.1376     0.9654    21.1249    15.1082    462.371   11.85359  362.76654    127.457  0.000e+00
   40.88204  -73.72990      2.643      2.622     0.9654    26.3848      8.597     9.1076 1.0661e+00  1021.1379     0.9653    21.1252    15.0869    461.717   11.85361  362.76710    127.276  0.000e+00
   40.88204  -73.72990      2.633      2.613     0.9655    26.3848      8.597     9.1076 1.0601e+00  1021.1378     0.9654    21.1252    15.0573    460.812   11.85356  362.76559    127.028  0.000e+00
   40.88204  -73.72990      2.643      2.622     0.9655    26.3843      8.597     9.1076 1.0571e+00  1021.1375     0.9654    21.1248    15.0430    460.374   11.85360  362.76694    126.906  0.000e+00
   40.88204  -73.72990      2.643      2.622     0.9655    26.3843      8.597     9.1076 1.0502e+00  1021.1376     0.9654    21.1248    15.0363    460.171   11.85360  362.76675    126.850  0.000e+00
   40.88204  -73.72990      2.633      2.613     0.9657    26.3845      8.597     9.1076 1.0502e+00  1021.1376     0.9656    21.1250    15.0383    460.232   11.85354  362.76486    126.868  0.000e+00
   40.88204  -73.72990      2.643      2.622     0.9657    26.3846      8.597     9.1076 1.0532e+00  1021.1378     0.9656    21.1251    15.0261    459.856   11.85353  362.76449    126.764  0.000e+00
   40.88204  -73.72990      2.633      2.613     0.9657    26.3846      8.597     9.1076 1.0561e+00  1021.1377     0.9656    21.1251    15.0032    459.158   11.85353  362.76448    126.572  0.000e+00
   40.88204  -73.72990      2.643      2.622     0.9658    26.3845      8.597     9.1076 1.0561e+00  1021.1377     0.9657    21.1249    15.0143    459.498   11.85349  362.76338    126.666  0.000e+00
   40.88204  -73.72990      2.654      2.633     0.9655    26.3845      8.597     9.1076 1.0611e+00  1021.1377     0.9654    21.1250    15.0472    460.502   11.85359  362.76638    126.942  0.000e+00
   40.88204  -73.72990      2.643      2.622     0.9658    26.3844      8.597     9.1076 1.0681e+00  1021.1375     0.9657    21.1248    15.0526    460.670   11.85350  362.76376    126.989  0.000e+00
   40.88204  -73.72990      2.654      2.633     0.9658    26.3847      8.597     9.1076 1.0701e+00  1021.1379     0.9657    21.1251    15.0363    460.170   11.85347  362.76282    126.852  0.000e+00
   40.88206  -73.72992      2.654      2.633     0.9658    26.3843      8.597     9.1076 1.0731e+00  1021.1376     0.9657    21.1248    15.0287    459.936   11.85350  362.76378    126.787  0.000e+00
   40.88206  -73.72992      2.643      2.622     0.9660    26.3843      8.597     9.1076 1.0782e+00  1021.1375     0.9659    21.1248    15.0235    459.779   11.85346  362.76246    126.744  0.000e+00
   40.88206  -73.72992      2.654      2.633     0.9657    26.3848      8.597     9.1076 1.0812e+00  1021.1380     0.9656    21.1252    15.0202    459.677   11.85351  362.76394    126.715  0.000e+00
   40.88206  -73.72992      2.663      2.643     0.9660    26.3844      8.597     9.1076 1.0812e+00  1021.1377     0.9659    21.1249    15.0234    459.775   11.85345  362.76211    126.743  0.000e+00
   40.88206  -73.72992      2.654      2.633     0.9658    26.3849      8.597     9.1076 1.0823e+00  1021.1380     0.9657    21.1253    15.0199    459.669   11.85346  362.76225    126.714  0.000e+00
   40.88206  -73.72992      2.654      2.633     0.9658    26.3846      8.597     9.1076 1.0833e+00  1021.1378     0.9657    21.1251    14.9883    458.702   11.85348  362.76301    126.447  0.000e+00
   40.88206  -73.72992      2.654      2.633     0.9655    26.3848      8.597     9.1076 1.0833e+00  1021.1379     0.9654    21.1252    14.9652    457.995   11.85357  362.76562    126.251  0.000e+00
   40.88206  -73.72992      2.654      2.633     0.9660    26.3844      8.597     9.0941 1.0802e+00  1021.1376     0.9659    21.1248    14.9512    457.566   11.85345  362.76228    126.134  0.000e+00
   40.88206  -73.72992      2.654      2.633     0.9658    26.3847      8.597     9.0941 1.0782e+00  1021.1379     0.9657    21.1251    14.9485    457.483   11.85347  362.76282    126.111  0.000e+00
   40.88206  -73.72992      2.654      2.633     0.9657    26.3844      8.597     9.0941 1.0792e+00  1021.1377     0.9656    21.1249    14.9931    458.849   11.85354  362.76508    126.486  0.000e+00
   40.88206  -73.72992      2.643      2.622     0.9660    26.3842      8.597     9.0941 1.0772e+00  1021.1374     0.9659    21.1247    15.0576    460.823   11.85346  362.76265    127.031  0.000e+00
   40.88206  -73.72992      2.643      2.622     0.9657    26.3846      8.597     9.0941 1.0752e+00  1021.1378     0.9656    21.1251    15.0810    461.537   11.85353  362.76449    127.228  0.000e+00
   40.88206  -73.72992      2.654      2.633     0.9660    26.3846      8.597     9.0941 1.0772e+00  1021.1378     0.9659    21.1250    15.0861    461.695   11.85344  362.76171    127.272  0.000e+00
   40.88206  -73.72992      2.643      2.622     0.9660    26.3848      8.597     9.0941 1.0782e+00  1021.1379     0.9659    21.1252    15.0772    461.423   11.85341  362.76094    127.197  0.000e+00
   40.88206  -73.72992      2.633      2.613     0.9661    26.3846      8.597     9.0941 1.0813e+00  1021.1377     0.9661    21.1250    15.0710    461.232   11.85339  362.76019    127.145  0.000e+00
   40.88206  -73.72992      2.633      2.613     0.9661    26.3845      8.597     9.0941 1.0813e+00  1021.1376     0.9661    21.1249    15.0732    461.299   11.85339  362.76038    127.164  0.000e+00
   40.88206  -73.72992      2.641      2.621     0.9661    26.3843      8.597     9.0941 1.0884e+00  1021.1375     0.9661    21.1248    15.0932    461.911   11.85341  362.76097    127.332  0.000e+00
   40.88206  -73.72992      2.633      2.613     0.9661    26.3846      8.597     9.0941 1.0946e+00  1021.1377     0.9661    21.1251    15.1108    462.449   11.85338  362.76000    127.481  0.000e+00
   40.88206  -73.72992      2.624      2.603     0.9660    26.3847      8.597     9.0941 1.0977e+00  1021.1377     0.9659    21.1251    15.1315    463.082   11.85342  362.76129    127.655  0.000e+00
   40.88206  -73.72992      2.624      2.603     0.9661    26.3845      8.597     9.0941 1.0998e+00  1021.1376     0.9661    21.1249    15.1536    463.760   11.85339  362.76037    127.842  0.000e+00
   40.88206  -73.72992      2.624      2.603     0.9663    26.3846      8.597     9.0941 1.1122e+00  1021.1376     0.9662    21.1250    15.2019    465.237   11.85334  362.75869    128.250  0.000e+00
   40.88206  -73.72992      2.613      2.592     0.9661    26.3846      8.597     9.0941 1.1143e+00  1021.1376     0.9661    21.1250    15.2156    465.656   11.85339  362.76017    128.365  0.000e+00
   40.88206  -73.72992      2.613      2.592     0.9661    26.3843      8.597     9.0941 1.1174e+00  1021.1373     0.9661    21.1248    15.2311    466.133   11.85341  362.76093    128.496  0.000e+00
   40.88206  -73.72992      2.613      2.592     0.9663    26.3845      8.597     9.0941 1.1312e+00  1021.1375     0.9662    21.1249    15.2329    466.187   11.85334  362.75886    128.512  0.000e+00
   40.88206  -73.72992      2.613      2.592     0.9660    26.3847      8.597     9.0941 1.1323e+00  1021.1377     0.9659    21.1251    15.2335    466.205   11.85342  362.76128    128.516  0.000e+00
   40.88206  -73.72992      2.603      2.583     0.9663    26.3839      8.597     9.0941 1.1355e+00  1021.1370     0.9662    21.1245    15.2406    466.421   11.85339  362.76057    128.575  0.000e+00
   40.88206  -73.72992      2.603      2.583     0.9658    26.3846      8.597     9.0941 1.1484e+00  1021.1375     0.9657    21.1250    15.2475    466.635   11.85348  362.76314    128.633  0.000e+00
   40.88206  -73.72992      2.592      2.572     0.9660    26.3847      8.597     9.0941 1.1559e+00  1021.1375     0.9659    21.1251    15.2729    467.411   11.85343  362.76144    128.848  0.000e+00
   40.88206  -73.72992      2.582      2.562     0.9661    26.3845      8.597     9.0941 1.1549e+00  1021.1374     0.9661    21.1250    15.2706    467.340   11.85339  362.76032    128.829  0.000e+00
   40.88206  -73.72992      2.592      2.572     0.9660    26.3847      8.597     9.0941 1.1669e+00  1021.1375     0.9659    21.1251    15.2672    467.235   11.85343  362.76144    128.800  0.000e+00
   40.88206  -73.72992      2.592      2.572     0.9658    26.3846      8.597     8.9867 1.1746e+00  1021.1375     0.9657    21.1250    15.2564    466.906   11.85348  362.76312    128.708  0.000e+00
   40.88206  -73.72992      2.573      2.553     0.9661    26.3843      8.597     8.9195 1.1746e+00  1021.1371     0.9661    21.1247    15.2613    467.057   11.85341  362.76107    128.750  0.000e+00
   40.88206  -73.72992      2.582      2.562     0.9658    26.3843      8.597     8.9061 1.1835e+00  1021.1372     0.9657    21.1248    15.2655    467.185   11.85350  362.76387    128.785  0.000e+00
   40.88206  -73.72992      2.573      2.553     0.9658    26.3847      8.597     8.9195 1.1935e+00  1021.1375     0.9657    21.1251    15.2684    467.273   11.85348  362.76291    128.810  0.000e+00
   40.88206  -73.72992      2.573      2.553     0.9661    26.3843      8.597     8.9195 1.1901e+00  1021.1372     0.9661    21.1248    15.2593    466.996   11.85341  362.76088    128.734  0.000e+00
   40.88206  -73.72992      2.573      2.553     0.9660    26.3844      8.597     8.9195 1.2013e+00  1021.1372     0.9659    21.1249    15.2458    466.581   11.85345  362.76218    128.619  0.000e+00
   40.88206  -73.72992      2.562      2.542     0.9660    26.3846      8.597     8.9195 1.2138e+00  1021.1373     0.9659    21.1250    15.2212    465.830   11.85343  362.76159    128.412  0.000e+00
   40.88206  -73.72992      2.562      2.542     0.9657    26.3849      8.597     8.9195 1.2161e+00  1021.1376     0.9656    21.1253    15.1776    464.495   11.85350  362.76362    128.044  0.000e+00
   40.88206  -73.72992      2.562      2.542     0.9655    26.3846      8.597     8.9195 1.2276e+00  1021.1374     0.9654    21.1250    15.1116    462.474   11.85358  362.76607    127.486  0.000e+00
   40.88206  -73.72992      2.573      2.553     0.9657    26.3843      8.597     8.9195 1.2486e+00  1021.1372     0.9656    21.1248    15.0704    461.214   11.85355  362.76535    127.138  0.000e+00
   40.88206  -73.72992      2.552      2.532     0.9655    26.3845      8.597     8.9195 1.2533e+00  1021.1372     0.9654    21.1249    15.0948    461.960   11.85359  362.76644    127.344  0.000e+00
   40.88206  -73.72992      2.562      2.542     0.9657    26.3843      8.597     8.9195 1.2580e+00  1021.1371     0.9656    21.1248    15.1102    462.432   11.85355  362.76534    127.474  0.000e+00
   40.88206  -73.72992      2.562      2.542     0.9657    26.3839      8.597     8.9195 1.2723e+00  1021.1368     0.9656    21.1245    15.0903    461.822   11.85359  362.76648    127.306  0.000e+00
   40.88206  -73.72992      2.562      2.542     0.9657    26.3842      8.597     8.9195 1.2759e+00  1021.1370     0.9656    21.1247    15.0692    461.178   11.85356  362.76572    127.128  0.000e+00
   40.88206  -73.72992      2.549      2.530     0.9655    26.3845      8.597     8.9195 1.2771e+00  1021.1372     0.9654    21.1249    15.0544    460.725   11.85359  362.76643    127.003  0.000e+00
   40.88206  -73.72992      2.582      2.562     0.9655    26.3844      8.597     8.9195 1.2771e+00  1021.1373     0.9654    21.1249    15.0348    460.125   11.85359  362.76648    126.838  0.000e+00
   40.88206  -73.72992      2.562      2.542     0.9657    26.3843      8.597     8.9195 1.2747e+00  1021.1371     0.9656    21.1248    15.0285    459.930   11.85355  362.76534    126.784  0.000e+00
   40.88206  -73.72992      2.573      2.553     0.9655    26.3847      8.597     8.9195 1.2687e+00  1021.1375     0.9654    21.1251    15.0323    460.048   11.85357  362.76589    126.817  0.000e+00
   40.88204  -73.72990      2.573      2.553     0.9655    26.3848      8.597     8.9195 1.2568e+00  1021.1376     0.9654    21.1252    15.0185    459.624   11.85356  362.76551    126.700  0.000e+00
   40.88204  -73.72990      2.573      2.553     0.9655    26.3848      8.597     8.9195 1.2497e+00  1021.1376     0.9654    21.1252    14.9944    458.886   11.85356  362.76551    126.497  0.000e+00
   40.88204  -73.72990      2.582      2.562     0.9654    26.3844      8.597     8.9195 1.2497e+00  1021.1373     0.9653    21.1249    14.9758    458.319   11.85364  362.76797    126.340  0.000e+00
   40.88204  -73.72990      2.573      2.553     0.9654    26.3845      8.597     8.9195 1.2288e+00  1021.1374     0.9653    21.1250    14.9891    458.724   11.85363  362.76777    126.451  0.000e+00
   40.88204  -73.72990      2.592      2.572     0.9655    26.3847      8.597     8.9195 1.2116e+00  1021.1376     0.9654    21.1251    15.0059    459.240   11.85357  362.76573    126.594  0.000e+00
   40.88204  -73.72990      2.582      2.562     0.9654    26.3849      8.597     8.9195 1.2104e+00  1021.1377     0.9653    21.1253    14.9999    459.056   11.85360  362.76663    126.543  0.000e+00
   40.88204  -73.72990      2.603      2.583     0.9654    26.3844      8.597     8.9867 1.1901e+00  1021.1374     0.9653    21.1249    14.9978    458.991   11.85363  362.76763    126.525  0.000e+00
   40.88204  -73.72990      2.603      2.583     0.9655    26.3844      8.597     9.0807 1.1723e+00  1021.1374     0.9654    21.1249    15.0110    459.397   11.85360  362.76669    126.637  0.000e+00
   40.88204  -73.72990      2.592      2.572     0.9649    26.3849      8.597     9.1076 1.1701e+00  1021.1378     0.9649    21.1253    15.0022    459.127   11.85373  362.77056    126.561  0.000e+00
   40.88204  -73.72990      2.613      2.592     0.9652    26.3847      8.597     9.0941 1.1548e+00  1021.1377     0.9651    21.1251    14.9434    457.326   11.85367  362.76874    126.065  0.000e+00
   40.88204  -73.72990      2.613      2.592     0.9652    26.3847      8.597     9.0941 1.1365e+00  1021.1377     0.9651    21.1251    14.9017    456.050   11.85367  362.76874    125.714  0.000e+00
   40.88204  -73.72990      2.624      2.603     0.9652    26.3847      8.592     9.0941 1.1291e+00  1021.1377     0.9651    21.1251    14.8810    455.417   11.85367  362.76875    125.539  0.000e+00
   40.88204  -73.72990      2.624      2.603     0.9654    26.3844      8.597     9.0941 1.1185e+00  1021.1375     0.9653    21.1249    14.8853    455.549   11.85365  362.76821    125.576  0.000e+00
   40.88204  -73.72990      2.624      2.603     0.9654    26.3849      8.597     9.0941 1.1018e+00  1021.1379     0.9653    21.1253    14.9326    456.995   11.85359  362.76632    125.975  0.000e+00
   40.88204  -73.72990      2.643      2.622     0.9655    26.3844      8.597     9.0941 1.0956e+00  1021.1376     0.9654    21.1249    14.9511    457.563   11.85359  362.76656    126.131  0.000e+00
   40.88204  -73.72990      2.643      2.622     0.9654    26.3848      8.597     9.0941 1.0915e+00  1021.1379     0.9653    21.1252    14.9373    457.141   11.85361  362.76710    126.015  0.000e+00
