CalculateIndicators/WaterTemperature/Data/CTD_NYOS/20220928_C03.cnv
* Sea-Bird SBE 9 Data File:
* FileName = C:\Seabird 9 CTD\Data\2022\202209_offshore\20220928_C03.hex
* Software Version Seasave V 7.23.2
* Temperature SN = 4590
* Conductivity SN = 3228
* Number of Bytes Per Scan = 44
* Number of Voltage Words = 5
* Number of Scans Averaged by the Deck Unit = 1
* NMEA Latitude = 40 31.24 N
* NMEA Longitude = 073 26.32 W
* NMEA UTC (Time) = Feb 12 2003  12:09:33
* NMEA baud rate = 4800
** Ship: seawolf
** Station: 6.1
** Operator: TDK
# nquan = 18
# nvalues = 8185                        
# units = specified
# name 0 = latitude: Latitude [deg]
# name 1 = longitude: Longitude [deg]
# name 2 = prDM: Pressure, Digiquartz [db]
# name 3 = depSM: Depth [salt water, m]
# name 4 = t090C: Temperature [ITS-90, deg C]
# name 5 = sal00: Salinity, Practical [PSU]
# name 6 = ph: pH
# name 7 = flECO-AFL: Fluorescence, WET Labs ECO-AFL/FL [mg/m^3]
# name 8 = cpar: CPAR/Corrected Irradiance [%]
# name 9 = density00: Density [density, kg/m^3]
# name 10 = potemp090C: Potential Temperature [ITS-90, deg C]
# name 11 = sigma-é00: Density [sigma-theta, kg/m^3]
# name 12 = sbeox0Mg/L: Oxygen, SBE 43 [mg/l]
# name 13 = sbox0Mm/Kg: Oxygen, SBE 43 [umol/kg]
# name 14 = oxsolMg/L: Oxygen Saturation, Garcia & Gordon [mg/l]
# name 15 = oxsolMm/Kg: Oxygen Saturation, Garcia & Gordon [umol/kg]
# name 16 = sbeox0PS: Oxygen, SBE 43 [% saturation]
# name 17 = flag:  0.000e+00
# span 0 =   40.52062,   40.52070       
# span 1 =  -73.43866,  -73.43750       
# span 2 =      1.836,     16.030       
# span 3 =      1.822,     15.906       
# span 4 =    18.2806,    19.4062       
# span 5 =    31.9850,    32.8301       
# span 6 =      6.903,      7.379       
# span 7 =     0.6326,     1.3847       
# span 8 = 8.0365e-02, 4.2925e+00       
# span 9 =  1022.6598,  1023.6065       
# span 10 =    18.2779,    19.4039      
# span 11 =    22.6472,    23.5363      
# span 12 =     5.4905,     6.6978      
# span 13 =    167.640,    204.674      
# span 14 =    7.58510,    7.73571      
# span 15 =  231.69185,  236.18573      
# span 16 =     71.052,     87.779      
# span 17 = 0.0000e+00, 0.0000e+00      
# interval = seconds: 0.0416667
# start_time = Sep 28 2022 12:09:35 [System UTC, first data scan.]
# bad_flag = -9.990e-29
*END*
[from data line 563]
   40.52064 -9.990e-29      7.576      7.518    19.2808    31.9914      6.908     1.2773 5.0479e-01  1022.6863    19.2795    22.6531     6.6479    203.147    7.63043  233.17276     87.123 0.0000e+00
   40.52064 -9.990e-29      7.607      7.548    19.2817    31.9914      6.903     1.2773 5.0415e-01  1022.6860    19.2803    22.6529     6.6475    203.137    7.63047  233.17383     87.118 -9.990e-29
   40.52064 -9.990e-29      7.609      7.550    19.2822    31.9914      6.908     1.2773 4.9987e-01  1022.6858    19.2808    22.6526     6.6472    203.128    7.63049  233.17464     87.114 -9.990e-29
   40.52064 -9.990e-29      7.627      7.568    19.2829    31.9908      6.903     1.2773 4.9704e-01  1022.6853    19.2816    22.6520     6.6466    203.109    7.63053  233.17580     87.106 0.0000e+00
   40.52064 -9.990e-29      7.648      7.589    19.2833    31.9899      6.908     1.2773 4.9767e-01  1022.6842    19.2819    22.6513     6.6460    203.091    7.63051  233.17507     87.098 0.0000e+00
   40.52064 -9.990e-29      7.671      7.612    19.2831    31.9899      6.908     1.2773 4.9485e-01  1022.6838    19.2817    22.6508     6.6402    202.913    7.63048  233.17419     87.022 0.0000e+00
   40.52064 -9.990e-29      7.699      7.639    19.2827    31.9899      6.908     1.2773 4.8926e-01  1022.6842    19.2813    22.6509     6.6393    202.886    7.63045  233.17318     87.011 0.0000e+00
   40.52064 -9.990e-29      7.708      7.649    19.2825    31.9895      6.908     1.2773 4.8926e-01  1022.6851    19.2812    22.6513     6.6438    203.022    7.63038  233.17099     87.070 0.0000e+00
   40.52064 -9.990e-29      7.738      7.679    19.2827    31.9895      6.903     1.2773 4.8648e-01  1022.6855    19.2813    22.6514     6.6380    202.846    7.63025  233.16675     86.996 0.0000e+00
   40.52064 -9.990e-29      7.752      7.692    19.2831    31.9895      6.908     1.2773 4.8099e-01  1022.6849    19.2817    22.6510     6.6376    202.834    7.63017  233.16442     86.992 0.0000e+00
   40.52064 -9.990e-29      7.780      7.720    19.2825    31.9883      6.908     1.2773 4.7962e-01  1022.6843    19.2812    22.6502     6.6370    202.815    7.63014  233.16368     86.984 0.0000e+00
   40.52064 -9.990e-29      7.789      7.729    19.2820    31.9870      6.908     1.2773 4.7948e-01  1022.6828    19.2807    22.6494     6.6368    202.808    7.63008  233.16178     86.982 0.0000e+00
   40.52064 -9.990e-29      7.822      7.762    19.2808    31.9862      6.908     1.2773 4.7466e-01  1022.6826    19.2794    22.6490     6.6362    202.792    7.63000  233.15941     86.976 0.0000e+00
   40.52064 -9.990e-29      7.831      7.770    19.2798    31.9862      6.908     1.2773 4.7332e-01  1022.6834    19.2784    22.6491     6.6358    202.778    7.62996  233.15792     86.970 0.0000e+00
   40.52064 -9.990e-29      7.861      7.800    19.2791    31.9862      6.908     1.2773 4.7271e-01  1022.6832    19.2777    22.6493     6.6358    202.778    7.62991  233.15652     86.971 0.0000e+00
   40.52064 -9.990e-29      7.880      7.819    19.2784    31.9865      6.908     1.2773 4.6545e-01  1022.6838    19.2770    22.6498     6.6358    202.779    7.62985  233.15481     86.972 0.0000e+00
   40.52064 -9.990e-29      7.894      7.833    19.2780    31.9873      6.908     1.2773 4.6353e-01  1022.6853    19.2766    22.6506     6.6359    202.783    7.62980  233.15346     86.974 0.0000e+00
   40.52064 -9.990e-29      7.910      7.849    19.2784    31.9873      6.917     1.2773 4.6163e-01  1022.6859    19.2770    22.6509     6.6411    202.939    7.62977  233.15249     87.041 0.0000e+00
   40.52064 -9.990e-29      7.942      7.881    19.2785    31.9873      6.949     1.2773 4.5771e-01  1022.6848    19.2771    22.6505     6.6413    202.947    7.62975  233.15188     87.045 0.0000e+00
   40.52064 -9.990e-29      7.952      7.890    19.2778    31.9873      6.986     1.2639 4.5583e-01  1022.6845    19.2764    22.6502     6.6416    202.956    7.62972  233.15106     87.049 -9.990e-29
   40.52064 -9.990e-29      7.954      7.893    19.2769    31.9873      7.022     1.2773 4.5396e-01  1022.6848    19.2755    22.6505     6.6424    202.979    7.62975  233.15183     87.059 -9.990e-29
   40.52064 -9.990e-29      7.991      7.930    19.2768    31.9869      7.054     1.2773 4.4953e-01  1022.6860    19.2754    22.6510     6.6431    203.002    7.62974  233.15148     87.069 -9.990e-29
   40.52064 -9.990e-29      7.982      7.920    19.2773    31.9869      7.123     1.2773 4.4641e-01  1022.6864    19.2759    22.6511     6.6440    203.028    7.62972  233.15102     87.080 -9.990e-29
   40.52064 -9.990e-29      8.012      7.950    19.2777    31.9868      7.169     1.2773 4.4458e-01  1022.6851    19.2763    22.6504     6.6397    202.898    7.62981  233.15382     87.023 0.0000e+00
   40.52064 -9.990e-29      8.035      7.973    19.2771    31.9858      7.196     1.2773 4.4150e-01  1022.6842    19.2757    22.6497     6.6452    203.067    7.62981  233.15401     87.096 0.0000e+00
   40.52064 -9.990e-29      8.053      7.991    19.2759    31.9853      7.214     1.2639 4.3720e-01  1022.6845    19.2745    22.6495     6.6463    203.098    7.62982  233.15416     87.109 0.0000e+00
   40.52064 -9.990e-29      8.063      8.001    19.2752    31.9853      7.233     1.2773 4.3665e-01  1022.6846    19.2738    22.6496     6.6474    203.132    7.62982  233.15431     87.123 0.0000e+00
   40.52064 -9.990e-29      8.093      8.031    19.2747    31.9853      7.246     1.2773 4.3239e-01  1022.6850    19.2733    22.6498     6.6480    203.153    7.62974  233.15162     87.133 0.0000e+00
   40.52064 -9.990e-29      8.117      8.054    19.2743    31.9854      7.256     1.2773 4.2994e-01  1022.6852    19.2729    22.6500     6.6488    203.177    7.62972  233.15102     87.144 -9.990e-29
   40.52064 -9.990e-29      8.114      8.051    19.2738    31.9857      7.251     1.2773 4.2871e-01  1022.6858    19.2724    22.6504     6.6498    203.205    7.62977  233.15276     87.155 -9.990e-29
   40.52064 -9.990e-29      8.134      8.072    19.2737    31.9860      7.260     1.2773 4.2818e-01  1022.6862    19.2722    22.6507     6.6508    203.237    7.62989  233.15663     87.167 0.0000e+00
   40.52064 -9.990e-29      8.154      8.091    19.2737    31.9861      7.279     1.2773 4.2575e-01  1022.6862    19.2722    22.6507     6.6571    203.428    7.62994  233.15811     87.249 0.0000e+00
   40.52064 -9.990e-29      8.167      8.104    19.2735    31.9863      7.292     1.2773 4.2454e-01  1022.6864    19.2720    22.6509     6.6528    203.299    7.63002  233.16052     87.193 0.0000e+00
   40.52064 -9.990e-29      8.184      8.121    19.2733    31.9865      7.306     1.2773 4.2333e-01  1022.6867    19.2719    22.6511     6.6535    203.320    7.63006  233.16160     87.201 -9.990e-29
   40.52064 -9.990e-29      8.184      8.121    19.2735    31.9867      7.320     1.2773 4.2213e-01  1022.6870    19.2720    22.6513     6.6542    203.340    7.63005  233.16099     87.210 -9.990e-29
   40.52064 -9.990e-29      8.225      8.162    19.2735    31.9868      7.329     1.2773 4.2093e-01  1022.6871    19.2720    22.6514     6.6549    203.361    7.63004  233.16092     87.219 0.0000e+00
   40.52064 -9.990e-29      8.235      8.171    19.2738    31.9870      7.343     1.2639 4.1973e-01  1022.6870    19.2724    22.6514     6.6556    203.384    7.63004  233.16094     87.229 0.0000e+00
   40.52064  -73.43858      8.258      8.194    19.2738    31.9877      7.352     1.2236 4.1854e-01  1022.6873    19.2724    22.6519     6.6564    203.407    7.63004  233.16095     87.239 0.0000e+00
   40.52064  -73.43858      8.265      8.201    19.2738    31.9886      7.361     1.2101 4.1616e-01  1022.6893    19.2724    22.6529     6.6621    203.582    7.63011  233.16299     87.313 0.0000e+00
   40.52064  -73.43858      8.295      8.231    19.2749    31.9886      7.370     1.1967 4.1616e-01  1022.6901    19.2734    22.6531     6.6581    203.459    7.63020  233.16586     87.259 0.0000e+00
   40.52064  -73.43858      8.306      8.242    19.2763    31.9886      7.379     1.2101 4.1432e-01  1022.6884    19.2748    22.6521     6.6586    203.475    7.63027  233.16813     87.266 0.0000e+00
   40.52064  -73.43858      8.330      8.265    19.2764    31.9870      7.370     1.2101 4.1197e-01  1022.6866    19.2750    22.6508     6.6591    203.490    7.63030  233.16881     87.272 -9.990e-29
   40.52064  -73.43858      8.327      8.262    19.2763    31.9861      7.333     1.2101 4.1314e-01  1022.6859    19.2748    22.6501     6.6595    203.504    7.63027  233.16780     87.278 -9.990e-29
   40.52064  -73.43858      8.367      8.302    19.2756    31.9861      7.292     1.2101 4.1079e-01  1022.6866    19.2741    22.6501     6.6653    203.679    7.63024  233.16707     87.353 0.0000e+00
   40.52064  -73.43858      8.376      8.312    19.2750    31.9861      7.256     1.2101 4.0846e-01  1022.6867    19.2736    22.6504     6.6661    203.705    7.63023  233.16656     87.365 0.0000e+00
   40.52064  -73.43858      8.408      8.343    19.2749    31.9863      7.224     1.2101 4.0963e-01  1022.6872    19.2734    22.6506     6.6617    203.571    7.63024  233.16710     87.307 0.0000e+00
   40.52064  -73.43858      8.431      8.366    19.2747    31.9865      7.196     1.2101 4.0665e-01  1022.6876    19.2732    22.6508     6.6618    203.574    7.63021  233.16609     87.308 0.0000e+00
   40.52064  -73.43858      8.457      8.392    19.2747    31.9865      7.169     1.2101 4.0434e-01  1022.6877    19.2732    22.6510     6.6619    203.577    7.63016  233.16434     87.310 0.0000e+00
   40.52064  -73.43858      8.468      8.403    19.2745    31.9865      7.146     1.2101 4.0434e-01  1022.6879    19.2730    22.6510     6.6621    203.581    7.63015  233.16401     87.312 0.0000e+00
   40.52064  -73.43858      8.499      8.433    19.2743    31.9865      7.123     1.2101 4.0255e-01  1022.6880    19.2728    22.6509     6.6622    203.584    7.63012  233.16308     87.314 0.0000e+00
   40.52064  -73.43858      8.519      8.453    19.2743    31.9864      7.105     1.2101 4.0027e-01  1022.6877    19.2728    22.6508     6.6675    203.748    7.63005  233.16102     87.385 0.0000e+00
   40.52064  -73.43858      8.522      8.456    19.2740    31.9864      7.086     1.2101 3.9913e-01  1022.6879    19.2725    22.6508     6.6679    203.760    7.62996  233.15829     87.391 0.0000e+00
   40.52064  -73.43858      8.569      8.503    19.2742    31.9864      7.068     1.2101 3.9686e-01  1022.6880    19.2727    22.6509     6.6683    203.771    7.62986  233.15507     87.397 0.0000e+00
   40.52064  -73.43858      8.589      8.523    19.2742    31.9868      7.077     1.2101 3.9510e-01  1022.6886    19.2727    22.6512     6.6686    203.779    7.62967  233.14879     87.403 0.0000e+00
   40.52064  -73.43858      8.610      8.543    19.2743    31.9872      7.077     1.2101 3.9398e-01  1022.6888    19.2728    22.6515     6.6685    203.778    7.62958  233.14598     87.404 0.0000e+00
   40.52064  -73.43858      8.640      8.573    19.2745    31.9879      7.063     1.2101 3.9336e-01  1022.6895    19.2730    22.6519     6.6683    203.772    7.62932  233.13762     87.404 0.0000e+00
   40.52064  -73.43858      8.671      8.604    19.2750    31.9882      7.054     1.2101 3.9001e-01  1022.6905    19.2735    22.6522     6.6683    203.771    7.62889  233.12374     87.409 0.0000e+00
   40.52064  -73.43858      8.705      8.638    19.2759    31.9884      7.040     1.2101 3.8939e-01  1022.6897    19.2744    22.6520     6.6682    203.767    7.62874  233.12003     87.408 0.0000e+00
   40.52064  -73.43858      8.721      8.654    19.2763    31.9885      7.031     1.2101 3.8718e-01  1022.6893    19.2747    22.6518     6.6683    203.770    7.62891  233.12611     87.408 0.0000e+00
   40.52064  -73.43858      8.752      8.684    19.2764    31.9885      7.022     1.2101 3.8388e-01  1022.6900    19.2749    22.6518     6.6632    203.616    7.62920  233.13546     87.338 0.0000e+00
   40.52064  -73.43858      8.782      8.714    19.2769    31.9887      7.004     1.2101 3.8327e-01  1022.6901    19.2754    22.6519     6.6628    203.603    7.62923  233.13599     87.332 0.0000e+00
   40.52064  -73.43858      8.803      8.734    19.2771    31.9887      6.976     1.2773 3.8218e-01  1022.6905    19.2756    22.6519     6.6672    203.735    7.62871  233.11819     87.396 0.0000e+00
   40.52064  -73.43858      8.842      8.774    19.2777    31.9887      6.967     1.3579 3.7678e-01  1022.6901    19.2761    22.6518     6.6662    203.706    7.62785  233.09070     87.393 0.0000e+00
   40.52064  -73.43858      8.874      8.805    19.2780    31.9886      6.990     1.3713 3.7511e-01  1022.6902    19.2765    22.6516     6.6603    203.524    7.62728  233.07349     87.322 0.0000e+00
   40.52064  -73.43858      8.907      8.838    19.2784    31.9885      6.999     1.3713 3.7511e-01  1022.6902    19.2768    22.6515     6.6647    203.660    7.62696  233.06400     87.384 0.0000e+00
   40.52064  -73.43858      8.934      8.865    19.2787    31.9883      6.995     1.3579 3.6921e-01  1022.6900    19.2771    22.6513     6.6643    203.647    7.62672  233.05716     87.381 0.0000e+00
   40.52064  -73.43858      8.954      8.885    19.2789    31.9882      6.981     1.3579 3.6711e-01  1022.6900    19.2773    22.6511     6.6590    203.485    7.62657  233.05270     87.313 0.0000e+00
   40.52064  -73.43858      8.995      8.925    19.2791    31.9882      6.976     1.3579 3.6758e-01  1022.6902    19.2775    22.6510     6.6640    203.638    7.62649  233.05050     87.379 0.0000e+00
   40.52064  -73.43858      9.016      8.946    19.2789    31.9882      6.972     1.3579 3.6134e-01  1022.6903    19.2773    22.6510     6.6640    203.639    7.62641  233.04794     87.381 0.0000e+00
   40.52064  -73.43858      9.035      8.965    19.2789    31.9881      6.972     1.3579 3.5770e-01  1022.6905    19.2773    22.6509     6.6641    203.641    7.62636  233.04658     87.382 0.0000e+00
   40.52064  -73.43858      9.086      9.015    19.2793    31.9878      6.967     1.3579 3.5770e-01  1022.6901    19.2776    22.6507     6.6641    203.642    7.62630  233.04469     87.383 0.0000e+00
   40.52064  -73.43858      9.110      9.040    19.2787    31.9875      6.963     1.3579 3.5208e-01  1022.6902    19.2771    22.6505     6.6642    203.644    7.62630  233.04472     87.384 0.0000e+00
   40.52064  -73.43858      9.146      9.076    19.2787    31.9875      6.958     1.3579 3.4808e-01  1022.6902    19.2771    22.6505     6.6639    203.636    7.62635  233.04626     87.380 0.0000e+00
   40.52064  -73.43858      9.167      9.096    19.2785    31.9875      6.958     1.3579 3.4709e-01  1022.6906    19.2769    22.6505     6.6640    203.639    7.62639  233.04755     87.381 0.0000e+00
   40.52064  -73.43858      9.208      9.137    19.2787    31.9875      6.953     1.3579 3.4315e-01  1022.6904    19.2771    22.6505     6.6640    203.638    7.62638  233.04729     87.381 0.0000e+00
   40.52064  -73.43858      9.227      9.156    19.2791    31.9875      6.953     1.3579 3.3968e-01  1022.6909    19.2774    22.6507     6.6640    203.639    7.62640  233.04801     87.381 0.0000e+00
   40.52064  -73.43858      9.259      9.187    19.2791    31.9875      6.953     1.3579 3.3775e-01  1022.6914    19.2774    22.6506     6.6640    203.639    7.62640  233.04789     87.381 0.0000e+00
   40.52064  -73.43858      9.299      9.227    19.2792    31.9869      6.949     1.3579 3.3529e-01  1022.6903    19.2776    22.6502     6.6639    203.635    7.62633  233.04536     87.380 0.0000e+00
   40.52064  -73.43858      9.329      9.257    19.2785    31.9864      6.944     1.3579 3.3096e-01  1022.6901    19.2769    22.6497     6.6638    203.632    7.62626  233.04338     87.379 0.0000e+00
   40.52064  -73.43858      9.359      9.287    19.2782    31.9864      6.940     1.3579 3.3044e-01  1022.6904    19.2765    22.6497     6.6637    203.630    7.62625  233.04286     87.379 0.0000e+00
