CalculateIndicators/WaterTemperature/Data/CTD_NYOS/20220513_C01.cnv
* Sea-Bird SBE 9 Data File:
* FileName = C:\Seabird 9 CTD\Data\2022\202205_offshore\20220513_C01.hex
* Software Version Seasave V 7.23.2
* Temperature SN = 4590
* Conductivity SN = 3228
* Number of Bytes Per Scan = 44
* Number of Voltage Words = 5
* Number of Scans Averaged by the Deck Unit = 1
* NMEA Latitude = 40 57.54 N
* NMEA Longitude = 073 34.90 W
* NMEA UTC (Time) = Sep 27 2002  01:27:03
* NMEA baud rate = 4800
** Ship: seawolf
** Station: LIS_ARIG
** Operator: TCM
# nquan = 18
# nvalues = 9299                        
# units = specified
# name 0 = latitude: Latitude [deg]
# name 1 = longitude: Longitude [deg]
# name 2 = prDM: Pressure, Digiquartz [db]
# name 3 = depSM: Depth [salt water, m]
# name 4 = t090C: Temperature [ITS-90, deg C]
# name 5 = sal00: Salinity, Practical [PSU]
# name 6 = ph: pH
# name 7 = flECO-AFL: Fluorescence, WET Labs ECO-AFL/FL [mg/m^3]
# name 8 = cpar: CPAR/Corrected Irradiance [%]
# name 9 = density00: Density [density, kg/m^3]
# name 10 = potemp090C: Potential Temperature [ITS-90, deg C]
# name 11 = sigma-é00: Density [sigma-theta, kg/m^3]
# name 12 = sbeox0Mg/L: Oxygen, SBE 43 [mg/l]
# name 13 = sbox0Mm/Kg: Oxygen, SBE 43 [umol/kg]
# name 14 = oxsolMg/L: Oxygen Saturation, Garcia & Gordon [mg/l]
# name 15 = oxsolMm/Kg: Oxygen Saturation, Garcia & Gordon [umol/kg]
# name 16 = sbeox0PS: Oxygen, SBE 43 [% saturation]
# name 17 = flag:  0.000e+00
# span 0 =   40.95902,   40.95912       
# span 1 =  -73.58310,  -73.58166       
# span 2 =      1.619,     14.438       
# span 3 =      1.606,     14.326       
# span 4 =    10.2949,    12.2633       
# span 5 =    25.7329,    25.8471       
# span 6 =      7.991,      8.083       
# span 7 =     1.0624,     1.8414       
# span 8 = 9.9999e+04, 9.9999e+04       
# span 9 =  1019.4270,  1019.8336       
# span 10 =    10.2934,    12.2629      
# span 11 =    19.4063,    19.7680      
# span 12 =     9.0233,    10.0490      
# span 13 =    276.516,    308.022      
# span 14 =    9.11288,    9.50762      
# span 15 =  279.35883,  291.35794      
# span 16 =     94.911,    108.967      
# span 17 = 0.0000e+00, 0.0000e+00      
# interval = seconds: 0.0416667
# start_time = May 13 2022 01:27:04 [System UTC, first data scan.]
# bad_flag = -9.990e-29
*END*
[from data line 6031]
   40.95908  -73.58258      6.577      6.526    11.5326    25.7694      8.061     1.2639 9.9999e+04  1019.5422    11.5318    19.5118    10.0062    306.712    9.24887  283.49951    108.188 -9.990e-29
   40.95908  -73.58258      6.577      6.526    11.5257    25.7694      8.061     1.2773 9.9999e+04  1019.5413    11.5250    19.5122    10.0160    307.014    9.24731  283.45082    108.313 -9.990e-29
   40.95908  -73.58258      6.580      6.529    11.5171    25.7694      8.061     1.2907 9.9999e+04  1019.5425    11.5163    19.5136    10.0135    306.936    9.24431  283.35850    108.321 -9.990e-29
   40.95908  -73.58258      6.577      6.526    11.5078    25.7698      8.061     1.2907 9.9999e+04  1019.5463    11.5070    19.5159    10.0048    306.671    9.24114  283.26206    108.264 -9.990e-29
   40.95908  -73.58258      6.580      6.529    11.5042    25.7711      8.061     1.2907 9.9999e+04  1019.5487    11.5034    19.5173    10.0020    306.584    9.23877  283.18978    108.261 -9.990e-29
   40.95908  -73.58258      6.577      6.526    11.5078    25.7713      8.061     1.2907 9.9999e+04  1019.5467    11.5070    19.5173    10.0051    306.679    9.23665  283.12523    108.319 -9.990e-29
   40.95908  -73.58258      6.577      6.526    11.5111    25.7717      8.061     1.2907 9.9999e+04  1019.5469    11.5103    19.5170     9.9979    306.459    9.23489  283.07113    108.262 -9.990e-29
   40.95908  -73.58258      6.569      6.518    11.5159    25.7726      8.061     1.2907 9.9999e+04  1019.5470    11.5152    19.5171    10.0014    306.568    9.23306  283.01572    108.322 -9.990e-29
   40.95908  -73.58258      6.577      6.526    11.5203    25.7733      8.061     1.2907 9.9999e+04  1019.5471    11.5195    19.5170     9.9999    306.522    9.23102  282.95399    108.329 -9.990e-29
   40.95908  -73.58258      6.589      6.538    11.5223    25.7747      8.061     1.2907 9.9999e+04  1019.5453    11.5215    19.5178     9.9980    306.465    9.22934  282.90372    108.328 -9.990e-29
   40.95908  -73.58258      6.577      6.526    11.5192    25.7800      8.061     1.2907 9.9999e+04  1019.5501    11.5185    19.5214     9.9911    306.255    9.22857  282.88116    108.263 -9.990e-29
   40.95908  -73.58258      6.577      6.526    11.5292    25.7891      8.061     1.2907 9.9999e+04  1019.5575    11.5285    19.5269     9.9967    306.428    9.22927  282.90417    108.315 -9.990e-29
   40.95908  -73.58258      6.589      6.538    11.5482    25.7981      8.061     1.2907 9.9999e+04  1019.5637    11.5475    19.5309     9.9921    306.288    9.23032  282.93737    108.253 -9.990e-29
   40.95908  -73.58258      6.577      6.526    11.5724    25.7981      8.061     1.2907 9.9999e+04  1019.5633    11.5716    19.5304     9.9978    306.462    9.23143  282.97124    108.302 -9.990e-29
   40.95908  -73.58258      6.588      6.537    11.5997    25.7981      8.061     1.2907 9.9999e+04  1019.5559    11.5990    19.5253     9.9927    306.305    9.23237  282.99909    108.235 -9.990e-29
   40.95908  -73.58258      6.580      6.529    11.6229    25.7969      8.060     1.2907 9.9999e+04  1019.5474    11.6222    19.5184     9.9979    306.465    9.23288  283.01397    108.286 -9.990e-29
   40.95908  -73.58258      6.577      6.526    11.6395    25.7928      8.060     1.2907 9.9999e+04  1019.5416    11.6387    19.5123     9.9916    306.269    9.23302  283.01794    108.215 -9.990e-29
   40.95908  -73.58258      6.589      6.538    11.6520    25.7892      8.060     1.2907 9.9999e+04  1019.5370    11.6512    19.5075     9.9958    306.398    9.23244  282.99942    108.268 -9.990e-29
   40.95908  -73.58258      6.577      6.526    11.6589    25.7858      8.060     1.2907 9.9999e+04  1019.5330    11.6581    19.5035     9.9881    306.162    9.23119  282.96110    108.199 -9.990e-29
   40.95908  -73.58258      6.588      6.537    11.6627    25.7829      8.060     1.2907 9.9999e+04  1019.5296    11.6619    19.5006     9.9857    306.089    9.23017  282.92980    108.185 -9.990e-29
   40.95908  -73.58258      6.590      6.538    11.6649    25.7816      8.060     1.2907 9.9999e+04  1019.5280    11.6641    19.4988     9.9895    306.205    9.22961  282.91299    108.233 -9.990e-29
   40.95908  -73.58258      6.588      6.537    11.6662    25.7816      8.060     1.2907 9.9999e+04  1019.5276    11.6655    19.4984     9.9827    305.996    9.22956  282.91126    108.160 -9.990e-29
   40.95908  -73.58258      6.580      6.529    11.6662    25.7816      8.060     1.2907 9.9999e+04  1019.5286    11.6654    19.4987     9.9869    306.126    9.22967  282.91522    108.204 -9.990e-29
   40.95908  -73.58258      6.598      6.547    11.6669    25.7822      8.060     1.2907 9.9999e+04  1019.5295    11.6661    19.4991     9.9864    306.110    9.23032  282.93569    108.191 -9.990e-29
   40.95908  -73.58258      6.588      6.537    11.6682    25.7822      8.060     1.2907 9.9999e+04  1019.5289    11.6674    19.4991     9.9871    306.133    9.23168  282.97811    108.182 -9.990e-29
   40.95908  -73.58258      6.580      6.529    11.6684    25.7822      8.060     1.2773 9.9999e+04  1019.5288    11.6676    19.4987     9.9884    306.173    9.23367  283.03946    108.173 -9.990e-29
   40.95908  -73.58258      6.588      6.537    11.6693    25.7822      8.060     1.2773 9.9999e+04  1019.5281    11.6686    19.4985     9.9892    306.198    9.23540  283.09165    108.162 -9.990e-29
   40.95908  -73.58258      6.590      6.538    11.6702    25.7822      8.060     1.2773 9.9999e+04  1019.5282    11.6695    19.4985     9.9883    306.170    9.23575  283.10159    108.149 -9.990e-29
   40.95908  -73.58258      6.588      6.537    11.6715    25.7825      8.060     1.2773 9.9999e+04  1019.5286    11.6708    19.4985     9.9858    306.092    9.23472  283.07023    108.133 -9.990e-29
   40.95908  -73.58258      6.588      6.537    11.6740    25.7825      8.060     1.2773 9.9999e+04  1019.5283    11.6733    19.4983     9.9840    306.039    9.23457  283.06636    108.116 -9.990e-29
   40.95908  -73.58258      6.590      6.538    11.6764    25.7825      8.060     1.2773 9.9999e+04  1019.5277    11.6756    19.4980     9.9845    306.055    9.23602  283.11095    108.104 -9.990e-29
   40.95908  -73.58258      6.598      6.547    11.6769    25.7823      8.060     1.2773 9.9999e+04  1019.5277    11.6761    19.4976     9.9854    306.081    9.23781  283.16556    108.093 -9.990e-29
   40.95908  -73.58258      6.577      6.526    11.6779    25.7818      8.060     1.2773 9.9999e+04  1019.5268    11.6771    19.4970     9.9855    306.083    9.23910  283.20448    108.079 -9.990e-29
   40.95908  -73.58258      6.599      6.548    11.6793    25.7813      8.060     1.2773 9.9999e+04  1019.5261    11.6786    19.4964     9.9896    306.208    9.23941  283.21343    108.119 -9.990e-29
   40.95908  -73.58258      6.588      6.537    11.6799    25.7810      8.060     1.2773 9.9999e+04  1019.5258    11.6791    19.4961     9.9884    306.173    9.23931  283.20968    108.108 -9.990e-29
   40.95908  -73.58258      6.590      6.538    11.6797    25.7810      8.060     1.2773 9.9999e+04  1019.5259    11.6789    19.4961     9.9871    306.132    9.23923  283.20698    108.095 -9.990e-29
   40.95908  -73.58264      6.588      6.537    11.6787    25.7810      8.060     1.2773 9.9999e+04  1019.5263    11.6780    19.4964     9.9866    306.116    9.23941  283.21277    108.087 -9.990e-29
   40.95908  -73.58264      6.598      6.547    11.6773    25.7814      8.060     1.2773 9.9999e+04  1019.5257    11.6766    19.4974     9.9862    306.104    9.23981  283.22603    108.078 -9.990e-29
   40.95908  -73.58264      6.590      6.538    11.6664    25.7835      8.060     1.2773 9.9999e+04  1019.5289    11.6656    19.5010     9.9870    306.129    9.24140  283.27450    108.068 -9.990e-29
   40.95908  -73.58264      6.598      6.547    11.6421    25.7835      8.060     1.2773 9.9999e+04  1019.5383    11.6414    19.5064     9.9885    306.173    9.24363  283.34182    108.058 -9.990e-29
   40.95908  -73.58264      6.580      6.529    11.6232    25.7835      8.060     1.2773 9.9999e+04  1019.5426    11.6224    19.5090     9.9909    306.247    9.24577  283.40641    108.059 -9.990e-29
   40.95908  -73.58264      6.588      6.537    11.6189    25.7821      8.061     1.2773 9.9999e+04  1019.5367    11.6182    19.5072     9.9925    306.294    9.24776  283.46634    108.053 -9.990e-29
   40.95908  -73.58264      6.598      6.547    11.6119    25.7771      8.061     1.2773 9.9999e+04  1019.5330    11.6112    19.5048     9.9920    306.279    9.24857  283.49087    108.038 -9.990e-29
   40.95908  -73.58264      6.580      6.529    11.5989    25.7744      8.061     1.2773 9.9999e+04  1019.5337    11.5981    19.5045     9.9917    306.269    9.24854  283.48957    108.035 -9.990e-29
   40.95908  -73.58264      6.598      6.547    11.5859    25.7744      8.061     1.2773 9.9999e+04  1019.5356    11.5852    19.5058     9.9903    306.226    9.24762  283.46199    108.031 -9.990e-29
   40.95908  -73.58264      6.590      6.538    11.5773    25.7744      8.061     1.2773 9.9999e+04  1019.5377    11.5765    19.5076     9.9891    306.192    9.24704  283.44486    108.025 -9.990e-29
   40.95908  -73.58264      6.577      6.526    11.5746    25.7758      8.061     1.2773 9.9999e+04  1019.5393    11.5738    19.5094     9.9890    306.187    9.24733  283.45413    108.020 -9.990e-29
   40.95908  -73.58264      6.588      6.537    11.5749    25.7779      8.061     1.2773 9.9999e+04  1019.5411    11.5741    19.5110     9.9895    306.203    9.24832  283.48379    108.014 -9.990e-29
   40.95908  -73.58264      6.590      6.538    11.5784    25.7808      8.061     1.2773 9.9999e+04  1019.5420    11.5776    19.5126     9.9893    306.196    9.24872  283.49584    108.007 -9.990e-29
   40.95908  -73.58264      6.598      6.547    11.5847    25.7847      8.061     1.2773 9.9999e+04  1019.5449    11.5840    19.5144     9.9890    306.188    9.24913  283.50823    108.000 -9.990e-29
   40.95908  -73.58264      6.568      6.517    11.5982    25.7883      8.061     1.3042 9.9999e+04  1019.5465    11.5975    19.5153     9.9899    306.213    9.24949  283.51903    108.004 -9.990e-29
   40.95908  -73.58264      6.599      6.548    11.6139    25.7904      8.061     1.3042 9.9999e+04  1019.5445    11.6132    19.5146     9.9906    306.235    9.24979  283.52788    108.009 -9.990e-29
   40.95908  -73.58264      6.577      6.526    11.6256    25.7913      8.060     1.3042 9.9999e+04  1019.5431    11.6248    19.5133     9.9906    306.236    9.25002  283.53532    108.006 -9.990e-29
   40.95908  -73.58264      6.590      6.538    11.6361    25.7922      8.060     1.3042 9.9999e+04  1019.5417    11.6354    19.5122     9.9908    306.241    9.25042  283.54743    108.003 -9.990e-29
   40.95908  -73.58264      6.588      6.537    11.6444    25.7922      8.060     1.3042 9.9999e+04  1019.5417    11.6437    19.5111     9.9911    306.250    9.25046  283.54816    108.006 -9.990e-29
   40.95908  -73.58264      6.588      6.537    11.6538    25.7922      8.060     1.3042 9.9999e+04  1019.5396    11.6531    19.5091     9.9901    306.220    9.24993  283.53214    108.002 -9.990e-29
   40.95908  -73.58264      6.580      6.529    11.6647    25.7904      8.060     1.3042 9.9999e+04  1019.5362    11.6639    19.5060     9.9843    306.043    9.24977  283.52727    107.941 -9.990e-29
   40.95908  -73.58264      6.588      6.537    11.6740    25.7871      8.060     1.3042 9.9999e+04  1019.5323    11.6733    19.5021     9.9838    306.027    9.24965  283.52407    107.937 -9.990e-29
   40.95908  -73.58264      6.590      6.538    11.6794    25.7823      8.060     1.3042 9.9999e+04  1019.5276    11.6786    19.4975     9.9894    306.199    9.24983  283.52967    107.995 -9.990e-29
   40.95908  -73.58264      6.588      6.537    11.6780    25.7767      8.060     1.3042 9.9999e+04  1019.5221    11.6773    19.4932     9.9893    306.195    9.25010  283.53797    107.991 -9.990e-29
   40.95908  -73.58264      6.577      6.526    11.6742    25.7739      8.065     1.3042 9.9999e+04  1019.5188    11.6734    19.4907     9.9838    306.029    9.25033  283.54521    107.929 -9.990e-29
   40.95908  -73.58264      6.590      6.538    11.6685    25.7739      8.060     1.3042 9.9999e+04  1019.5199    11.6678    19.4911     9.9893    306.196    9.25096  283.56445    107.981 -9.990e-29
   40.95908  -73.58264      6.588      6.537    11.6628    25.7739      8.060     1.3042 9.9999e+04  1019.5235    11.6621    19.4932     9.9787    305.871    9.25180  283.58988    107.857 -9.990e-29
   40.95908  -73.58264      6.580      6.529    11.6597    25.7761      8.060     1.3042 9.9999e+04  1019.5255    11.6590    19.4954     9.9836    306.020    9.25248  283.61049    107.901 -9.990e-29
   40.95908  -73.58264      6.588      6.537    11.6585    25.7782      8.060     1.3042 9.9999e+04  1019.5271    11.6577    19.4972     9.9776    305.837    9.25279  283.61979    107.833 -9.990e-29
   40.95908  -73.58264      6.588      6.537    11.6606    25.7803      8.060     1.3042 9.9999e+04  1019.5290    11.6598    19.4985     9.9818    305.967    9.25292  283.62339    107.878 -9.990e-29
   40.95908  -73.58264      6.590      6.538    11.6664    25.7821      8.060     1.3042 9.9999e+04  1019.5293    11.6656    19.4991     9.9813    305.949    9.25285  283.62158    107.872 -9.990e-29
   40.95908  -73.58264      6.588      6.537    11.6712    25.7827      8.060     1.3042 9.9999e+04  1019.5293    11.6704    19.4991     9.9859    306.090    9.25281  283.62035    107.923 -9.990e-29
   40.95908  -73.58264      6.588      6.537    11.6740    25.7827      8.060     1.3042 9.9999e+04  1019.5287    11.6733    19.4989     9.9794    305.892    9.25273  283.61790    107.854 -9.990e-29
   40.95908  -73.58264      6.580      6.529    11.6742    25.7827      8.060     1.3042 9.9999e+04  1019.5289    11.6734    19.4983     9.9842    306.040    9.25238  283.60761    107.910 -9.990e-29
   40.95908  -73.58264      6.588      6.537    11.6742    25.7808      8.065     1.3042 9.9999e+04  1019.5274    11.6734    19.4970     9.9778    305.845    9.25246  283.60988    107.840 -9.990e-29
   40.95908  -73.58264      6.590      6.538    11.6722    25.7774      8.060     1.3042 9.9999e+04  1019.5245    11.6715    19.4947     9.9776    305.838    9.25282  283.62092    107.833 -9.990e-29
   40.95908  -73.58264      6.588      6.537    11.6667    25.7738      8.060     1.3042 9.9999e+04  1019.5218    11.6660    19.4929     9.9772    305.826    9.25304  283.62765    107.827 -9.990e-29
   40.95908  -73.58264      6.588      6.537    11.6575    25.7738      8.060     1.3042 9.9999e+04  1019.5212    11.6568    19.4927     9.9767    305.809    9.25312  283.63009    107.820 -9.990e-29
   40.95908  -73.58264      6.590      6.538    11.6482    25.7737      8.060     1.3444 9.9999e+04  1019.5242    11.6475    19.4943     9.9762    305.793    9.25325  283.63418    107.813 -9.990e-29
   40.95908  -73.58264      6.577      6.526    11.6455    25.7726      8.065     1.3579 9.9999e+04  1019.5273    11.6447    19.4958     9.9757    305.779    9.25338  283.63821    107.806 -9.990e-29
   40.95908  -73.58264      6.599      6.548    11.6510    25.7726      8.065     1.3579 9.9999e+04  1019.5258    11.6502    19.4954     9.9750    305.756    9.25331  283.63604    107.799 -9.990e-29
   40.95908  -73.58264      6.588      6.537    11.6524    25.7721      8.065     1.3579 9.9999e+04  1019.5236    11.6517    19.4943     9.9747    305.748    9.25363  283.64590    107.792 -9.990e-29
   40.95908  -73.58264      6.577      6.526    11.6456    25.7711      8.060     1.3579 9.9999e+04  1019.5233    11.6449    19.4939     9.9807    305.932    9.25439  283.66893    107.848 -9.990e-29
