CalculateIndicators/WaterTemperature/Data/CTD_NYOS/202200728_C13.cnv
* Sea-Bird SBE 9 Data File:
* FileName = C:\Seabird 9 CTD\Data\2022\202207_offshore\202200728_C13.hex
* Software Version Seasave V 7.23.2
* Temperature SN = 4590
* Conductivity SN = 3228
* Number of Bytes Per Scan = 44
* Number of Voltage Words = 5
* Number of Scans Averaged by the Deck Unit = 1
* NMEA Latitude = 40 15.89 N
* NMEA Longitude = 073 00.56 W
* NMEA UTC (Time) = Dec 12 2002  12:42:10
* NMEA baud rate = 4800
** Ship: seawolf
** Station: 5.2
** Operator: TCM
# nquan = 18
# nvalues = 11919                       
# units = specified
# name 0 = latitude: Latitude [deg]
# name 1 = longitude: Longitude [deg]
# name 2 = prDM: Pressure, Digiquartz [db]
# name 3 = depSM: Depth [salt water, m]
# name 4 = t090C: Temperature [ITS-90, deg C]
# name 5 = sal00: Salinity, Practical [PSU]
# name 6 = ph: pH
# name 7 = flECO-AFL: Fluorescence, WET Labs ECO-AFL/FL [mg/m^3]
# name 8 = cpar: CPAR/Corrected Irradiance [%]
# name 9 = density00: Density [density, kg/m^3]
# name 10 = potemp090C: Potential Temperature [ITS-90, deg C]
# name 11 = sigma-é00: Density [sigma-theta, kg/m^3]
# name 12 = sbeox0Mg/L: Oxygen, SBE 43 [mg/l]
# name 13 = sbox0Mm/Kg: Oxygen, SBE 43 [umol/kg]
# name 14 = oxsolMg/L: Oxygen Saturation, Garcia & Gordon [mg/l]
# name 15 = oxsolMm/Kg: Oxygen Saturation, Garcia & Gordon [umol/kg]
# name 16 = sbeox0PS: Oxygen, SBE 43 [% saturation]
# name 17 = flag:  0.000e+00
# span 0 =   40.26452,   40.26494       
# span 1 =  -73.00932,  -73.00830       
# span 2 =      1.488,     39.548       
# span 3 =      1.477,     39.240       
# span 4 =     9.1204,    24.4585       
# span 5 =    31.4028,    37.4304       
# span 6 =      7.880,      8.161       
# span 7 =     0.1625,     1.2773       
# span 8 = 3.1509e-02, 4.2707e+01       
# span 9 =  1020.9292,  1031.3417       
# span 10 =     9.1164,    24.4571      
# span 11 =    20.9212,    30.4988      
# span 12 =     6.8372,     9.8033      
# span 13 =    208.391,    299.054      
# span 14 =    6.96262,    9.33568      
# span 15 =  213.09982,  284.53983      
# span 16 =     73.249,    120.092      
# span 17 = 0.0000e+00, 0.0000e+00      
# interval = seconds: 0.0416667
# start_time = Jul 28 2022 12:42:10 [System UTC, first data scan.]
# bad_flag = -9.990e-29
*END*
[from data line 6513]
   40.26470  -73.00880     17.523     17.388    13.2583    32.4721      8.124     0.9415 1.4096e+00  1024.4615    13.2560    24.3846     9.5214    290.461    8.55696  261.03889    111.271 -9.990e-29
   40.26470  -73.00880     17.544     17.408    13.2508    32.4765      8.124     0.9549 1.4096e+00  1024.4675    13.2485    24.3891     9.5263    290.610    8.55428  260.95848    111.363 -9.990e-29
   40.26470  -73.00880     17.564     17.429    13.2499    32.4790      8.124     0.9415 1.4016e+00  1024.4733    13.2476    24.3927     9.5254    290.586    8.55179  260.88425    111.385 -9.990e-29
   40.26470  -73.00880     17.574     17.438    13.2514    32.4790      8.124     0.9549 1.3897e+00  1024.4730    13.2491    24.3935     9.5314    290.770    8.54978  260.82416    111.481 -9.990e-29
   40.26470  -73.00880     17.595     17.459    13.2497    32.4790      8.124     0.9415 1.3897e+00  1024.4707    13.2473    24.3920     9.5325    290.803    8.54815  260.77480    111.515 -9.990e-29
   40.26470  -73.00880     17.615     17.479    13.2444    32.4758      8.124     0.9415 1.3858e+00  1024.4670    13.2420    24.3908     9.5390    291.003    8.54634  260.72006    111.615 -9.990e-29
   40.26470  -73.00880     17.625     17.489    13.2325    32.4739      8.124     0.9415 1.3780e+00  1024.4704    13.2302    24.3910     9.5337    290.840    8.54426  260.65665    111.580 -9.990e-29
   40.26470  -73.00880     17.645     17.509    13.2254    32.4704      8.124     0.9415 1.3702e+00  1024.4716    13.2230    24.3900     9.5398    291.029    8.54195  260.58756    111.682 -9.990e-29
   40.26470  -73.00880     17.666     17.530    13.2196    32.4600      8.124     0.9415 1.3667e+00  1024.4659    13.2172    24.3844     9.5466    291.238    8.53965  260.51903    111.791 -9.990e-29
   40.26470  -73.00880     17.666     17.530    13.1964    32.4469      8.124     0.9415 1.3551e+00  1024.4488    13.1940    24.3794     9.5471    291.256    8.53719  260.44595    111.830 -9.990e-29
   40.26472  -73.00880     17.685     17.549    13.1449    32.4469      8.125     0.9415 1.3513e+00  1024.4607    13.1425    24.3822     9.5540    291.467    8.53489  260.37628    111.941 -9.990e-29
   40.26472  -73.00880     17.696     17.560    13.1153    32.4469      8.125     0.9415 1.3513e+00  1024.4669    13.1129    24.3918     9.5534    291.450    8.53143  260.27156    111.979 -9.990e-29
   40.26472  -73.00880     17.706     17.569    13.0779    32.4543      8.125     0.9415 1.3437e+00  1024.4837    13.0755    24.4060     9.5590    291.622    8.52849  260.18402    112.083 -9.990e-29
   40.26472  -73.00880     17.706     17.569    13.0461    32.4680      8.125     0.9549 1.3361e+00  1024.5035    13.0438    24.4223     9.5609    291.680    8.52708  260.14180    112.123 -9.990e-29
   40.26472  -73.00880     17.727     17.590    13.0272    32.4809      8.125     0.9415 1.3361e+00  1024.5172    13.0249    24.4364     9.5683    291.907    8.52524  260.08643    112.235 -9.990e-29
   40.26472  -73.00880     17.727     17.590    13.0134    32.4909      8.125     0.9415 1.3285e+00  1024.5278    13.0111    24.4471     9.5697    291.953    8.52313  260.02338    112.279 -9.990e-29
   40.26472  -73.00880     17.747     17.610    13.0047    32.4985      8.125     0.9549 1.3248e+00  1024.5346    13.0023    24.4548     9.5781    292.209    8.52174  259.98181    112.396 -9.990e-29
   40.26472  -73.00880     17.757     17.620    13.0001    32.5050      8.125     0.9415 1.3248e+00  1024.5405    12.9977    24.4608     9.5797    292.261    8.51990  259.92752    112.439 -9.990e-29
   40.26472  -73.00880     17.757     17.620    12.9976    32.5107      8.130     0.9415 1.3173e+00  1024.5458    12.9953    24.4656     9.5879    292.512    8.51852  259.88657    112.554 -9.990e-29
   40.26472  -73.00880     17.768     17.631    13.0001    32.5151      8.125     0.9415 1.3136e+00  1024.5491    12.9977    24.4686     9.5977    292.811    8.51808  259.87333    112.675 -9.990e-29
   40.26472  -73.00880     17.778     17.640    13.0067    32.5165      8.130     0.9549 1.3098e+00  1024.5496    13.0043    24.4693     9.6031    292.975    8.51868  259.89132    112.730 -9.990e-29
   40.26472  -73.00880     17.768     17.631    13.0138    32.5165      8.130     0.9415 1.3061e+00  1024.5478    13.0114    24.4680     9.6140    293.308    8.51935  259.91147    112.849 -9.990e-29
   40.26472  -73.00880     17.778     17.640    13.0202    32.5174      8.130     0.9415 1.3024e+00  1024.5448    13.0178    24.4660     9.6251    293.645    8.51987  259.92697    112.972 -9.990e-29
   40.26472  -73.00880     17.787     17.650    13.0266    32.5174      8.130     0.9549 1.2955e+00  1024.5432    13.0242    24.4643     9.6304    293.806    8.52038  259.94261    113.027 -9.990e-29
   40.26472  -73.00880     17.787     17.650    13.0366    32.5177      8.130     0.9415 1.2955e+00  1024.5423    13.0342    24.4634     9.6416    294.149    8.52094  259.95962    113.152 -9.990e-29
   40.26472  -73.00880     17.787     17.650    13.0497    32.5177      8.130     0.9549 1.2918e+00  1024.5433    13.0473    24.4623     9.6468    294.308    8.52129  259.97028    113.208 -9.990e-29
   40.26472  -73.00880     17.798     17.661    13.0667    32.5177      8.130     0.9549 1.2881e+00  1024.5397    13.0643    24.4596     9.6583    294.658    8.52195  259.98985    113.334 -9.990e-29
   40.26472  -73.00880     17.798     17.661    13.0800    32.5168      8.129     0.9549 1.2881e+00  1024.5349    13.0776    24.4548     9.6699    295.012    8.52250  260.00590    113.463 -9.990e-29
   40.26472  -73.00880     17.798     17.661    13.0904    32.5120      8.129     0.9549 1.2809e+00  1024.5281    13.0880    24.4492     9.6750    295.166    8.52291  260.01785    113.518 -9.990e-29
   40.26472  -73.00880     17.798     17.661    13.0957    32.5071      8.129     0.9549 1.2809e+00  1024.5222    13.0933    24.4443     9.6790    295.289    8.52313  260.02438    113.562 -9.990e-29
   40.26472  -73.00880     17.798     17.661    13.0966    32.5040      8.129     0.9415 1.2809e+00  1024.5199    13.0942    24.4415     9.6893    295.599    8.52324  260.02663    113.680 -9.990e-29
   40.26472  -73.00880     17.787     17.650    13.0970    32.5029      8.129     0.9415 1.2772e+00  1024.5193    13.0946    24.4404     9.7031    296.021    8.52167  259.97699    113.864 -9.990e-29
   40.26472  -73.00880     17.787     17.650    13.0968    32.5029      8.129     0.9549 1.2772e+00  1024.5194    13.0944    24.4402     9.7020    295.989    8.51743  259.85019    113.907 -9.990e-29
   40.26472  -73.00880     17.787     17.650    13.0966    32.5029      8.129     0.9415 1.2772e+00  1024.5196    13.0942    24.4403     9.7035    296.037    8.51556  259.79463    113.950 -9.990e-29
   40.26470  -73.00880     17.787     17.650    13.0979    32.5036      8.129     0.9549 1.2736e+00  1024.5197    13.0955    24.4405     9.7116    296.284    8.51435  259.75854    114.061 -9.990e-29
   40.26470  -73.00880     17.768     17.631    13.1008    32.5049      8.129     0.9415 1.2704e+00  1024.5201    13.0985    24.4409     9.7140    296.359    8.51381  259.74311    114.097 -9.990e-29
   40.26470  -73.00880     17.768     17.631    13.1064    32.5065      8.129     0.9415 1.2668e+00  1024.5210    13.1040    24.4410     9.7233    296.643    8.51421  259.75548    114.201 -9.990e-29
   40.26470  -73.00880     17.768     17.631    13.1165    32.5078      8.129     0.9415 1.2668e+00  1024.5193    13.1141    24.4403     9.7266    296.742    8.51454  259.76508    114.235 -9.990e-29
   40.26470  -73.00880     17.747     17.610    13.1261    32.5097      8.129     0.9549 1.2668e+00  1024.5179    13.1237    24.4401     9.7356    297.017    8.51496  259.77747    114.335 -9.990e-29
   40.26470  -73.00880     17.747     17.610    13.1327    32.5133      8.129     0.9415 1.2668e+00  1024.5205    13.1304    24.4411     9.7376    297.078    8.51506  259.77988    114.358 -9.990e-29
   40.26470  -73.00880     17.727     17.590    13.1427    32.5133      8.129     0.9415 1.2704e+00  1024.5224    13.1403    24.4418     9.7395    297.134    8.51493  259.77515    114.381 -9.990e-29
   40.26470  -73.00880     17.727     17.590    13.1573    32.5133      8.129     0.9415 1.2704e+00  1024.5224    13.1549    24.4384     9.7395    297.136    8.51420  259.75315    114.392 -9.990e-29
   40.26470  -73.00880     17.706     17.569    13.1837    32.5105      8.129     0.9415 1.2704e+00  1024.5079    13.1813    24.4298     9.7454    297.315    8.51367  259.73764    114.467 -9.990e-29
   40.26470  -73.00880     17.696     17.560    13.2001    32.5036      8.129     0.9415 1.2704e+00  1024.4967    13.1977    24.4212     9.7465    297.347    8.51365  259.73651    114.480 -9.990e-29
   40.26470  -73.00880     17.685     17.549    13.2068    32.4992      8.129     0.9549 1.2704e+00  1024.4963    13.2044    24.4151     9.7466    297.350    8.51330  259.72463    114.487 -9.990e-29
   40.26470  -73.00880     17.666     17.530    13.2270    32.4953      8.129     0.9415 1.2740e+00  1024.4863    13.2246    24.4090     9.7511    297.487    8.51196  259.68326    114.558 -9.990e-29
   40.26470  -73.00880     17.655     17.519    13.2440    32.4947      8.129     0.9415 1.2740e+00  1024.4806    13.2416    24.4043     9.7422    297.216    8.50967  259.61437    114.484 -9.990e-29
   40.26470  -73.00880     17.645     17.509    13.2549    32.4940      8.129     0.9281 1.2776e+00  1024.4812    13.2525    24.4022     9.7442    297.281    8.50725  259.54260    114.540 -9.990e-29
   40.26470  -73.00880     17.636     17.500    13.2673    32.4932      8.129     0.9147 1.2776e+00  1024.4804    13.2649    24.4002     9.7418    297.210    8.50566  259.49600    114.533 -9.990e-29
   40.26470  -73.00880     17.604     17.468    13.2834    32.4930      8.129     0.9012 1.2813e+00  1024.4749    13.2810    24.3960     9.7391    297.127    8.50458  259.46436    114.516 -9.990e-29
   40.26470  -73.00880     17.595     17.459    13.2988    32.4900      8.129     0.9012 1.2849e+00  1024.4683    13.2965    24.3907     9.7433    297.255    8.50413  259.45100    114.571 -9.990e-29
   40.26470  -73.00880     17.574     17.438    13.3111    32.4877      8.129     0.9012 1.2885e+00  1024.4637    13.3087    24.3866     9.7418    297.211    8.50398  259.44662    114.556 -9.990e-29
   40.26470  -73.00880     17.555     17.419    13.3203    32.4873      8.129     0.9012 1.2853e+00  1024.4619    13.3179    24.3839     9.7407    297.178    8.50407  259.44980    114.542 -9.990e-29
   40.26470  -73.00880     17.544     17.408    13.3306    32.4872      8.128     0.9012 1.2890e+00  1024.4599    13.3282    24.3820     9.7397    297.148    8.50460  259.46606    114.523 -9.990e-29
   40.26470  -73.00880     17.513     17.378    13.3418    32.4871      8.128     0.9012 1.2959e+00  1024.4590    13.3395    24.3795     9.7329    296.940    8.50529  259.48642    114.434 -9.990e-29
   40.26470  -73.00880     17.493     17.358    13.3557    32.4853      8.128     0.9012 1.2959e+00  1024.4541    13.3534    24.3754     9.7303    296.860    8.50567  259.49750    114.398 -9.990e-29
   40.26470  -73.00880     17.483     17.348    13.3701    32.4816      8.128     0.9012 1.3032e+00  1024.4480    13.3677    24.3696     9.7335    296.955    8.50574  259.49915    114.434 -9.990e-29
   40.26470  -73.00880     17.462     17.328    13.3861    32.4780      8.128     0.9012 1.3032e+00  1024.4398    13.3837    24.3639     9.7245    296.682    8.50536  259.48702    114.334 -9.990e-29
   40.26470  -73.00880     17.432     17.297    13.3990    32.4764      8.128     0.9012 1.3000e+00  1024.4375    13.3966    24.3596     9.7199    296.542    8.50439  259.45825    114.293 -9.990e-29
   40.26470  -73.00880     17.423     17.288    13.4185    32.4750      8.128     0.9147 1.3074e+00  1024.4341    13.4161    24.3551     9.7159    296.419    8.50376  259.43977    114.254 -9.990e-29
   40.26470  -73.00880     17.392     17.258    13.4371    32.4723      8.128     0.9012 1.3111e+00  1024.4257    13.4347    24.3498     9.7176    296.471    8.50317  259.42148    114.282 -9.990e-29
   40.26470  -73.00880     17.372     17.237    13.4457    32.4697      8.128     0.9147 1.3111e+00  1024.4226    13.4433    24.3454     9.7070    296.149    8.50195  259.38429    114.174 -9.990e-29
   40.26470  -73.00880     17.351     17.217    13.4564    32.4676      8.128     0.9012 1.3148e+00  1024.4196    13.4541    24.3415     9.7015    295.980    8.50061  259.34384    114.127 -9.990e-29
   40.26470  -73.00880     17.341     17.207    13.4698    32.4649      8.123     0.9012 1.3223e+00  1024.4137    13.4674    24.3372     9.6964    295.827    8.49952  259.31127    114.082 -9.990e-29
   40.26470  -73.00880     17.311     17.177    13.4782    32.4617      8.128     0.9012 1.3223e+00  1024.4106    13.4758    24.3325     9.6921    295.695    8.49928  259.30449    114.034 -9.990e-29
   40.26470  -73.00880     17.300     17.166    13.4904    32.4578      8.128     0.9012 1.3298e+00  1024.4039    13.4880    24.3276     9.6878    295.567    8.49895  259.29455    113.989 -9.990e-29
   40.26470  -73.00880     17.260     17.127    13.4995    32.4546      8.128     0.9012 1.3335e+00  1024.3988    13.4971    24.3235     9.6826    295.404    8.49804  259.26589    113.939 -9.990e-29
   40.26470  -73.00880     17.260     17.127    13.5024    32.4541      8.123     0.9012 1.3335e+00  1024.3974    13.5000    24.3220     9.6690    294.989    8.49511  259.17594    113.818 -9.990e-29
   40.26470  -73.00880     17.219     17.086    13.4985    32.4541      8.128     0.9012 1.3411e+00  1024.3989    13.4962    24.3224     9.6600    294.716    8.49131  259.05897    113.764 -9.990e-29
   40.26470  -73.00880     17.209     17.076    13.4944    32.4537      8.123     0.9147 1.3487e+00  1024.4005    13.4920    24.3236     9.6493    294.386    8.48621  258.90154    113.706 -9.990e-29
   40.26470  -73.00880     17.179     17.046    13.4914    32.4537      8.123     0.9012 1.3526e+00  1024.4011    13.4890    24.3242     9.6367    294.004    8.47952  258.70051    113.647 -9.990e-29
   40.26470  -73.00880     17.158     17.026    13.4888    32.4537      8.123     0.9012 1.3598e+00  1024.4006    13.4865    24.3244     9.6275    293.729    8.47535  258.57630    113.595 -9.990e-29
   40.26470  -73.00880     17.138     17.005    13.4858    32.4537      8.123     0.9012 1.3676e+00  1024.4008    13.4834    24.3246     9.6198    293.494    8.47241  258.48878    113.542 -9.990e-29
   40.26470  -73.00880     17.107     16.975    13.4839    32.4537      8.123     0.9012 1.3714e+00  1024.4005    13.4816    24.3253     9.6063    293.087    8.46948  258.40158    113.423 -9.990e-29
   40.26470  -73.00880     17.098     16.966    13.4795    32.4547      8.123     0.9012 1.3753e+00  1024.4029    13.4772    24.3271     9.6002    292.903    8.46815  258.36366    113.369 -9.990e-29
   40.26470  -73.00880     17.068     16.936    13.4757    32.4569      8.123     0.9012 1.3831e+00  1024.4055    13.4733    24.3294     9.5972    292.812    8.46895  258.38867    113.322 -9.990e-29
   40.26470  -73.00880     17.047     16.915    13.4726    32.4591      8.123     0.9147 1.3831e+00  1024.4077    13.4703    24.3317     9.5965    292.792    8.47130  258.46171    113.283 -9.990e-29
   40.26470  -73.00880     17.026     16.895    13.4708    32.4620      8.123     0.9147 1.3906e+00  1024.4092    13.4685    24.3343     9.5981    292.837    8.47554  258.58930    113.244 -9.990e-29
   40.26470  -73.00880     17.006     16.874    13.4688    32.4667      8.123     0.9012 1.4024e+00  1024.4133    13.4664    24.3377     9.5968    292.800    8.47770  258.65479    113.201 -9.990e-29
