CalculateIndicators/WaterTemperature/Data/CTD_NYOS/20220513_C04.cnv
* Sea-Bird SBE 9 Data File:
* FileName = C:\Seabird 9 CTD\Data\2022\202205_offshore\20220513_C04.hex
* Software Version Seasave V 7.23.2
* Temperature SN = 4590
* Conductivity SN = 3228
* Number of Bytes Per Scan = 44
* Number of Voltage Words = 5
* Number of Scans Averaged by the Deck Unit = 1
* NMEA Latitude = 40 06.53 N
* NMEA Longitude = 073 39.05 W
* NMEA UTC (Time) = Sep 27 2002  11:45:28
* NMEA baud rate = 4800
** Ship: seawolf
** Station: 7.2
** Operator: EIH
# nquan = 18
# nvalues = 12565                       
# units = specified
# name 0 = latitude: Latitude [deg]
# name 1 = longitude: Longitude [deg]
# name 2 = prDM: Pressure, Digiquartz [db]
# name 3 = depSM: Depth [salt water, m]
# name 4 = t090C: Temperature [ITS-90, deg C]
# name 5 = sal00: Salinity, Practical [PSU]
# name 6 = ph: pH
# name 7 = flECO-AFL: Fluorescence, WET Labs ECO-AFL/FL [mg/m^3]
# name 8 = cpar: CPAR/Corrected Irradiance [%]
# name 9 = density00: Density [density, kg/m^3]
# name 10 = potemp090C: Potential Temperature [ITS-90, deg C]
# name 11 = sigma-é00: Density [sigma-theta, kg/m^3]
# name 12 = sbeox0Mg/L: Oxygen, SBE 43 [mg/l]
# name 13 = sbox0Mm/Kg: Oxygen, SBE 43 [umol/kg]
# name 14 = oxsolMg/L: Oxygen Saturation, Garcia & Gordon [mg/l]
# name 15 = oxsolMm/Kg: Oxygen Saturation, Garcia & Gordon [umol/kg]
# name 16 = sbeox0PS: Oxygen, SBE 43 [% saturation]
# name 17 = flag:  0.000e+00
# span 0 =   40.10844,   40.10890       
# span 1 =  -73.65252,  -73.65082       
# span 2 =      1.643,     37.664       
# span 3 =      1.631,     37.372       
# span 4 =     9.3275,     9.6836       
# span 5 =    32.3232,    32.6852       
# span 6 =      8.027,      8.054       
# span 7 =     0.5252,     1.5862       
# span 8 = 2.3553e-13, 3.9218e+01       
# span 9 =  1024.9377,  1025.3995       
# span 10 =     9.3248,     9.6834      
# span 11 =    24.9257,    25.2289      
# span 12 =     8.7849,     9.2456      
# span 13 =    267.809,    281.902      
# span 14 =    9.24273,    9.30695      
# span 15 =  281.81198,  283.72359      
# span 16 =     94.399,    100.008      
# span 17 = 0.0000e+00, 0.0000e+00      
# interval = seconds: 0.0416667
# start_time = May 13 2022 11:45:28 [System UTC, first data scan.]
# bad_flag = -9.990e-29
*END*
[from data line 11578]
   40.10850  -73.65238      2.878      2.856     9.6369    32.3353      8.049     1.3713 2.0211e+01  1024.9446     9.6366    24.9313     9.2167    281.021    9.25416  282.16198     99.596 -9.990e-29
   40.10850  -73.65238      2.878      2.856     9.6371    32.3353      8.054     1.3713 1.9985e+01  1024.9444     9.6368    24.9313     9.2166    281.016    9.25421  282.16323     99.594 -9.990e-29
   40.10850  -73.65238      2.888      2.866     9.6366    32.3351      8.054     1.3713 1.9929e+01  1024.9442     9.6363    24.9312     9.2163    281.008    9.25408  282.15923     99.592 -9.990e-29
   40.10850  -73.65238      2.878      2.856     9.6358    32.3350      8.054     1.3713 1.9873e+01  1024.9443     9.6355    24.9312     9.2161    281.002    9.25403  282.15797     99.590 -9.990e-29
   40.10850  -73.65238      2.878      2.856     9.6355    32.3350      8.054     1.3847 1.9706e+01  1024.9443     9.6352    24.9312     9.2161    281.003    9.25413  282.16109     99.589 -9.990e-29
   40.10850  -73.65238      2.869      2.847     9.6351    32.3350      8.049     1.3982 1.9595e+01  1024.9443     9.6348    24.9313     9.2156    280.985    9.25429  282.16583     99.581 -9.990e-29
   40.10850  -73.65238      2.878      2.856     9.6346    32.3350      8.049     1.3847 1.9595e+01  1024.9445     9.6343    24.9315     9.2154    280.981    9.25424  282.16413     99.581 -9.990e-29
   40.10850  -73.65238      2.858      2.836     9.6345    32.3351      8.054     1.3847 1.9431e+01  1024.9445     9.6342    24.9316     9.2153    280.976    9.25411  282.16039     99.580 -9.990e-29
   40.10850  -73.65238      2.858      2.836     9.6342    32.3351      8.049     1.3847 1.9322e+01  1024.9448     9.6338    24.9317     9.2153    280.976    9.25414  282.16126     99.580 -9.990e-29
   40.10850  -73.65238      2.850      2.828     9.6338    32.3351      8.049     1.3847 1.9376e+01  1024.9446     9.6335    24.9317     9.2147    280.960    9.25422  282.16359     99.573 -9.990e-29
   40.10850  -73.65238      2.839      2.817     9.6338    32.3351      8.054     1.3847 1.9267e+01  1024.9447     9.6335    24.9316     9.2148    280.962    9.25427  282.16512     99.574 -9.990e-29
   40.10850  -73.65238      2.828      2.806     9.6338    32.3350      8.054     1.3847 1.9159e+01  1024.9442     9.6335    24.9315     9.2149    280.965    9.25435  282.16775     99.574 -9.990e-29
   40.10850  -73.65238      2.818      2.796     9.6336    32.3350      8.054     1.3847 1.9159e+01  1024.9440     9.6333    24.9315     9.2151    280.970    9.25440  282.16917     99.575 -9.990e-29
   40.10850  -73.65238      2.797      2.776     9.6333    32.3350      8.054     1.3982 1.9213e+01  1024.9444     9.6330    24.9316     9.2095    280.800    9.25455  282.17401     99.513 -9.990e-29
   40.10850  -73.65238      2.788      2.766     9.6335    32.3352      8.054     1.3847 1.9322e+01  1024.9445     9.6332    24.9317     9.2092    280.791    9.25474  282.17955     99.508 -9.990e-29
   40.10850  -73.65238      2.767      2.746     9.6335    32.3352      8.054     1.3847 1.9322e+01  1024.9443     9.6332    24.9317     9.2147    280.958    9.25478  282.18070     99.567 -9.990e-29
   40.10850  -73.65238      2.758      2.736     9.6335    32.3352      8.054     1.3847 1.9431e+01  1024.9442     9.6332    24.9318     9.2150    280.966    9.25480  282.18105     99.569 -9.990e-29
   40.10850  -73.65238      2.747      2.725     9.6335    32.3352      8.054     1.3847 1.9651e+01  1024.9443     9.6332    24.9318     9.2151    280.971    9.25465  282.17655     99.573 -9.990e-29
   40.10850  -73.65238      2.727      2.706     9.6335    32.3351      8.049     1.3847 1.9706e+01  1024.9441     9.6332    24.9317     9.2151    280.970    9.25436  282.16749     99.576 -9.990e-29
   40.10850  -73.65238      2.716      2.695     9.6333    32.3350      8.049     1.3847 1.9817e+01  1024.9439     9.6330    24.9317     9.2145    280.953    9.25416  282.16151     99.572 -9.990e-29
   40.10850  -73.65238      2.686      2.665     9.6332    32.3350      8.054     1.3982 2.0211e+01  1024.9439     9.6329    24.9317     9.2088    280.778    9.25396  282.15551     99.512 -9.990e-29
   40.10850  -73.65238      2.665      2.645     9.6331    32.3349      8.054     1.3847 2.0383e+01  1024.9438     9.6329    24.9316     9.2086    280.772    9.25403  282.15816     99.509 -9.990e-29
   40.10850  -73.65238      2.667      2.646     9.6333    32.3348      8.054     1.3847 2.0498e+01  1024.9435     9.6330    24.9315     9.2091    280.787    9.25469  282.17890     99.507 -9.990e-29
   40.10850  -73.65238      2.635      2.615     9.6333    32.3348      8.054     1.3847 2.0905e+01  1024.9435     9.6330    24.9315     9.2154    280.980    9.25524  282.19493     99.569 -9.990e-29
   40.10850  -73.65238      2.616      2.596     9.6335    32.3348      8.054     1.3847 2.1083e+01  1024.9433     9.6332    24.9315     9.2157    280.989    9.25503  282.18838     99.575 -9.990e-29
   40.10850  -73.65238      2.595      2.575     9.6335    32.3349      8.054     1.3847 2.1142e+01  1024.9433     9.6332    24.9316     9.2100    280.817    9.25474  282.17938     99.517 -9.990e-29
   40.10850  -73.65238      2.575      2.555     9.6333    32.3349      8.049     1.3847 2.1684e+01  1024.9434     9.6331    24.9316     9.2099    280.812    9.25466  282.17696     99.516 -9.990e-29
   40.10850  -73.65238      2.565      2.545     9.6338    32.3349      8.049     1.3847 2.1991e+01  1024.9431     9.6335    24.9316     9.2101    280.819    9.25487  282.18370     99.517 -9.990e-29
   40.10850  -73.65238      2.535      2.515     9.6336    32.3349      8.054     1.3713 2.2053e+01  1024.9431     9.6334    24.9315     9.2163    281.009    9.25514  282.19214     99.581 -9.990e-29
   40.10850  -73.65238      2.514      2.495     9.6338    32.3349      8.054     1.3713 2.2747e+01  1024.9425     9.6335    24.9314     9.2167    281.019    9.25541  282.19993     99.581 -9.990e-29
   40.10850  -73.65238      2.494      2.475     9.6333    32.3349      8.054     1.3713 2.3199e+01  1024.9430     9.6331    24.9315     9.2167    281.019    9.25537  282.19836     99.582 -9.990e-29
   40.10850  -73.65238      2.464      2.445     9.6333    32.3349      8.049     1.3713 2.3264e+01  1024.9429     9.6331    24.9316     9.2164    281.011    9.25509  282.18969     99.582 -9.990e-29
   40.10850  -73.65238      2.454      2.435     9.6335    32.3349      8.054     1.3713 2.3794e+01  1024.9426     9.6332    24.9316     9.2105    280.830    9.25495  282.18584     99.519 -9.990e-29
   40.10846  -73.65234      2.424      2.405     9.6336    32.3349      8.049     1.3713 2.4335e+01  1024.9426     9.6334    24.9316     9.2165    281.013    9.25500  282.18768     99.584 -9.990e-29
   40.10846  -73.65234      2.413      2.394     9.6338    32.3348      8.049     1.3713 2.4473e+01  1024.9425     9.6335    24.9315     9.2109    280.843    9.25518  282.19343     99.522 -9.990e-29
   40.10846  -73.65234      2.382      2.364     9.6338    32.3348      8.054     1.3713 2.4819e+01  1024.9421     9.6335    24.9314     9.2115    280.863    9.25564  282.20733     99.524 -9.990e-29
   40.10846  -73.65234      2.373      2.355     9.6335    32.3348      8.054     1.3713 2.5242e+01  1024.9421     9.6332    24.9315     9.2120    280.876    9.25583  282.21269     99.526 -9.990e-29
   40.10846  -73.65234      2.343      2.325     9.6336    32.3348      8.054     1.3713 2.5384e+01  1024.9423     9.6334    24.9315     9.2123    280.885    9.25589  282.21466     99.529 -9.990e-29
   40.10846  -73.65234      2.322      2.304     9.6338    32.3348      8.054     1.3713 2.5599e+01  1024.9419     9.6335    24.9314     9.2129    280.903    9.25614  282.22252     99.532 -9.990e-29
   40.10846  -73.65234      2.301      2.284     9.6335    32.3349      8.054     1.3713 2.6035e+01  1024.9419     9.6332    24.9314     9.2196    281.109    9.25724  282.25730     99.593 -9.990e-29
   40.10846  -73.65234      2.292      2.274     9.6333    32.3349      8.049     1.3713 2.6109e+01  1024.9418     9.6331    24.9314     9.2225    281.198    9.25903  282.31225     99.605 -9.990e-29
   40.10846  -73.65234      2.271      2.254     9.6331    32.3348      8.054     1.3713 2.6182e+01  1024.9417     9.6329    24.9315     9.2242    281.250    9.26032  282.35126     99.610 -9.990e-29
   40.10846  -73.65234      2.262      2.244     9.6331    32.3348      8.049     1.3713 2.6404e+01  1024.9420     9.6329    24.9315     9.2196    281.110    9.26116  282.37633     99.551 -9.990e-29
   40.10846  -73.65234      2.241      2.224     9.6334    32.3348      8.049     1.3713 2.6651e+01  1024.9416     9.6331    24.9315     9.2256    281.293    9.26155  282.38787     99.612 -9.990e-29
   40.10846  -73.65234      2.231      2.214     9.6333    32.3346      8.054     1.3713 2.6553e+01  1024.9414     9.6331    24.9313     9.2263    281.312    9.26175  282.39375     99.617 -9.990e-29
   40.10846  -73.65234      2.231      2.214     9.6333    32.3346      8.054     1.3713 2.7028e+01  1024.9413     9.6331    24.9313     9.2268    281.327    9.26186  282.39706     99.621 -9.990e-29
   40.10846  -73.65234      2.211      2.194     9.6330    32.3346      8.054     1.3713 2.7181e+01  1024.9416     9.6327    24.9313     9.2272    281.341    9.26195  282.39936     99.625 -9.990e-29
   40.10846  -73.65234      2.220      2.203     9.6328    32.3346      8.049     1.3713 2.7258e+01  1024.9413     9.6326    24.9313     9.2276    281.351    9.26188  282.39713     99.630 -9.990e-29
   40.10846  -73.65234      2.211      2.194     9.6323    32.3346      8.054     1.3713 2.8035e+01  1024.9412     9.6321    24.9313     9.2225    281.198    9.26170  282.39152     99.577 -9.990e-29
   40.10846  -73.65234      2.211      2.194     9.6320    32.3346      8.049     1.3713 2.8432e+01  1024.9415     9.6318    24.9315     9.2282    281.370    9.26170  282.39140     99.638 -9.990e-29
   40.10846  -73.65234      2.220      2.203     9.6325    32.3346      8.054     1.3713 2.8512e+01  1024.9418     9.6323    24.9316     9.2288    281.387    9.26181  282.39476     99.643 -9.990e-29
   40.10846  -73.65234      2.211      2.194     9.6328    32.3346      8.054     1.3713 2.8916e+01  1024.9415     9.6326    24.9315     9.2233    281.222    9.26182  282.39535     99.584 -9.990e-29
   40.10846  -73.65234      2.241      2.224     9.6325    32.3347      8.054     1.4250 2.9161e+01  1024.9412     9.6323    24.9314     9.2290    281.395    9.26183  282.39566     99.646 -9.990e-29
   40.10846  -73.65234      2.241      2.224     9.6315    32.3347      8.049     1.4653 2.9243e+01  1024.9419     9.6313    24.9316     9.2295    281.408    9.26181  282.39475     99.651 -9.990e-29
   40.10846  -73.65234      2.262      2.244     9.6317    32.3347      8.054     1.4788 2.9079e+01  1024.9422     9.6314    24.9318     9.2295    281.408    9.26139  282.38148     99.655 -9.990e-29
   40.10846  -73.65234      2.271      2.254     9.6324    32.3347      8.054     1.4788 2.8998e+01  1024.9420     9.6321    24.9317     9.2288    281.386    9.26030  282.34767     99.659 -9.990e-29
   40.10846  -73.65234      2.281      2.263     9.6323    32.3346      8.054     1.4788 2.8998e+01  1024.9418     9.6321    24.9315     9.2272    281.339    9.25842  282.29078     99.663 -9.990e-29
   40.10846  -73.65234      2.312      2.295     9.6320    32.3345      8.049     1.4788 2.8512e+01  1024.9419     9.6318    24.9315     9.2259    281.301    9.25682  282.24210     99.666 -9.990e-29
   40.10846  -73.65234      2.332      2.314     9.6317    32.3345      8.054     1.4788 2.7878e+01  1024.9422     9.6314    24.9315     9.2194    281.101    9.25577  282.21056     99.607 -9.990e-29
   40.10846  -73.65234      2.332      2.314     9.6313    32.3343      8.054     1.4653 2.7542e+01  1024.9421     9.6311    24.9314     9.2185    281.076    9.25515  282.19185     99.605 -9.990e-29
   40.10846  -73.65234      2.374      2.356     9.6312    32.3340      8.049     1.4788 2.7081e+01  1024.9421     9.6309    24.9312     9.2239    281.240    9.25485  282.18281     99.666 -9.990e-29
   40.10846  -73.65234      2.413      2.394     9.6307    32.3340      8.049     1.4788 2.6035e+01  1024.9416     9.6304    24.9310     9.2243    281.251    9.25470  282.17833     99.671 -9.990e-29
   40.10846  -73.65234      2.433      2.415     9.6297    32.3340      8.054     1.4788 2.5672e+01  1024.9421     9.6294    24.9311     9.2181    281.064    9.25462  282.17589     99.606 -9.990e-29
   40.10846  -73.65234      2.464      2.445     9.6294    32.3341      8.049     1.4788 2.5384e+01  1024.9427     9.6291    24.9316     9.2172    281.035    9.25452  282.17290     99.597 -9.990e-29
   40.10846  -73.65234      2.484      2.465     9.6290    32.3348      8.049     1.4788 2.4335e+01  1024.9434     9.6288    24.9321     9.2112    280.852    9.25453  282.17316     99.532 -9.990e-29
   40.10846  -73.65234      2.535      2.515     9.6295    32.3354      8.049     1.4788 2.3996e+01  1024.9441     9.6293    24.9325     9.2162    281.006    9.25446  282.17097     99.587 -9.990e-29
   40.10846  -73.65234      2.554      2.535     9.6308    32.3354      8.054     1.4653 2.3928e+01  1024.9445     9.6305    24.9326     9.2161    281.002    9.25442  282.16977     99.586 -9.990e-29
   40.10846  -73.65234      2.575      2.555     9.6319    32.3354      8.049     1.4788 2.3264e+01  1024.9442     9.6316    24.9324     9.2159    280.996    9.25425  282.16450     99.586 -9.990e-29
   40.10846  -73.65234      2.626      2.605     9.6330    32.3347      8.049     1.4788 2.3004e+01  1024.9440     9.6327    24.9316     9.2157    280.990    9.25409  282.15981     99.585 -9.990e-29
   40.10846  -73.65234      2.646      2.626     9.6333    32.3331      8.049     1.4653 2.3004e+01  1024.9421     9.6330    24.9304     9.2150    280.967    9.25401  282.15743     99.578 -9.990e-29
   40.10846  -73.65234      2.665      2.645     9.6308    32.3331      8.054     1.4788 2.2683e+01  1024.9406     9.6305    24.9299     9.2142    280.944    9.25393  282.15491     99.571 -9.990e-29
   40.10846  -73.65234      2.707      2.686     9.6274    32.3331      8.049     1.4653 2.2410e+01  1024.9432     9.6271    24.9306     9.2135    280.922    9.25389  282.15364     99.563 -9.990e-29
   40.10846  -73.65234      2.737      2.716     9.6280    32.3339      8.054     1.4653 2.2347e+01  1024.9443     9.6277    24.9316     9.2135    280.923    9.25387  282.15318     99.564 -9.990e-29
   40.10846  -73.65234      2.758      2.736     9.6292    32.3339      8.054     1.4788 2.2221e+01  1024.9450     9.6289    24.9320     9.2135    280.922    9.25384  282.15197     99.564 -9.990e-29
   40.10846  -73.65234      2.777      2.755     9.6299    32.3339      8.054     1.4653 2.2097e+01  1024.9442     9.6296    24.9317     9.2129    280.903    9.25383  282.15182     99.557 -9.990e-29
   40.10846  -73.65234      2.808      2.787     9.6290    32.3334      8.054     1.4653 2.2097e+01  1024.9439     9.6287    24.9312     9.2122    280.882    9.25376  282.14983     99.551 -9.990e-29
   40.10846  -73.65234      2.818      2.796     9.6280    32.3334      8.049     1.4788 2.1849e+01  1024.9432     9.6277    24.9310     9.2115    280.863    9.25374  282.14897     99.544 -9.990e-29
   40.10846  -73.65234      2.850      2.828     9.6266    32.3334      8.049     1.4653 2.1666e+01  1024.9441     9.6263    24.9314     9.2057    280.685    9.25373  282.14894     99.481 -9.990e-29
   40.10846  -73.65234      2.858      2.836     9.6262    32.3340      8.049     1.4653 2.1666e+01  1024.9456     9.6259    24.9322     9.2110    280.846    9.25368  282.14715     99.539 -9.990e-29
   40.10846  -73.65234      2.878      2.856     9.6274    32.3340      8.054     1.4788 2.1285e+01  1024.9460     9.6271    24.9324     9.2111    280.849    9.25365  282.14635     99.540 -9.990e-29
