CalculateIndicators/WaterTemperature/Data/CTD_NYOS/202200728_C15.cnv
* Sea-Bird SBE 9 Data File:
* FileName = C:\Seabird 9 CTD\Data\2022\202207_offshore\202200728_C15.hex
* Software Version Seasave V 7.23.2
* Temperature SN = 4590
* Conductivity SN = 3228
* Number of Bytes Per Scan = 44
* Number of Voltage Words = 5
* Number of Scans Averaged by the Deck Unit = 1
* NMEA Latitude = 40 40.36 N
* NMEA Longitude = 072 49.31 W
* NMEA UTC (Time) = Dec 12 2002  18:46:52
* NMEA baud rate = 4800
** Ship: seawolf
** Station: 4.1
** Operator: TCM
# nquan = 18
# nvalues = 9038                        
# units = specified
# name 0 = latitude: Latitude [deg]
# name 1 = longitude: Longitude [deg]
# name 2 = prDM: Pressure, Digiquartz [db]
# name 3 = depSM: Depth [salt water, m]
# name 4 = t090C: Temperature [ITS-90, deg C]
# name 5 = sal00: Salinity, Practical [PSU]
# name 6 = ph: pH
# name 7 = flECO-AFL: Fluorescence, WET Labs ECO-AFL/FL [mg/m^3]
# name 8 = cpar: CPAR/Corrected Irradiance [%]
# name 9 = density00: Density [density, kg/m^3]
# name 10 = potemp090C: Potential Temperature [ITS-90, deg C]
# name 11 = sigma-é00: Density [sigma-theta, kg/m^3]
# name 12 = sbeox0Mg/L: Oxygen, SBE 43 [mg/l]
# name 13 = sbox0Mm/Kg: Oxygen, SBE 43 [umol/kg]
# name 14 = oxsolMg/L: Oxygen Saturation, Garcia & Gordon [mg/l]
# name 15 = oxsolMm/Kg: Oxygen Saturation, Garcia & Gordon [umol/kg]
# name 16 = sbeox0PS: Oxygen, SBE 43 [% saturation]
# name 17 = flag:  0.000e+00
# span 0 =   40.67266,   40.67288       
# span 1 =  -72.82286,  -72.82182       
# span 2 =      2.063,     24.252       
# span 3 =      2.047,     24.063       
# span 4 =    12.6760,    21.5802       
# span 5 =    31.4819,    32.5454       
# span 6 =      7.986,      8.141       
# span 7 =     0.7535,     2.4458       
# span 8 = 2.9143e-01, 6.1098e+01       
# span 9 =  1021.6541,  1024.6559       
# span 10 =    12.6728,    21.5797      
# span 11 =    21.6881,    24.5467      
# span 12 =     7.5868,     9.0879      
# span 13 =    231.418,    277.802      
# span 14 =    7.33229,    8.66049      
# span 15 =  224.25627,  264.16065      
# span 16 =     87.748,    120.977      
# span 17 = 0.0000e+00, 0.0000e+00      
# interval = seconds: 0.0416667
# start_time = Jul 28 2022 18:46:51 [System UTC, first data scan.]
# bad_flag = -9.990e-29
*END*
[from data line 5548]
   40.67286  -72.82250      7.115      7.060    19.4669    31.6437      8.105     2.2175 8.1651e+00  1022.3718    19.4656    22.3407     8.7904    268.719    7.59707  232.23958    115.708 0.0000e+00
   40.67286  -72.82250      7.097      7.042    19.4799    31.6399      8.105     2.0966 8.3361e+00  1022.3660    19.4787    22.3350     8.7903    268.716    7.59705  232.23862    115.707 0.0000e+00
   40.67286  -72.82250      7.084      7.030    19.4892    31.6349      8.105     2.0697 8.4097e+00  1022.3596    19.4879    22.3292     8.7947    268.849    7.59660  232.22434    115.771 0.0000e+00
   40.67286  -72.82250      7.073      7.019    19.4911    31.6299      8.105     2.0697 8.5458e+00  1022.3534    19.4899    22.3247     8.7989    268.979    7.59600  232.20562    115.836 0.0000e+00
   40.67286  -72.82250      7.054      7.000    19.4855    31.6299      8.105     2.0697 8.7122e+00  1022.3520    19.4843    22.3235     8.7981    268.953    7.59548  232.19005    115.833 0.0000e+00
   40.67286  -72.82250      7.034      6.979    19.4822    31.6299      8.105     2.0697 8.7367e+00  1022.3562    19.4809    22.3250     8.8030    269.104    7.59536  232.18651    115.900 0.0000e+00
   40.67286  -72.82250      7.027      6.972    19.4914    31.6338      8.105     2.0697 8.7896e+00  1022.3580    19.4902    22.3264     8.8031    269.106    7.59518  232.18056    115.904 0.0000e+00
   40.67286  -72.82250      7.003      6.949    19.5040    31.6338      8.105     2.0697 8.8820e+00  1022.3579    19.5028    22.3258     8.8080    269.256    7.59489  232.17231    115.973 0.0000e+00
   40.67286  -72.82250      6.983      6.929    19.5147    31.6338      8.105     2.0697 8.8895e+00  1022.3537    19.5134    22.3229     8.8079    269.253    7.59471  232.16755    115.973 0.0000e+00
   40.67286  -72.82250      6.962      6.908    19.5201    31.6317      8.105     2.0697 8.9222e+00  1022.3485    19.5188    22.3188     8.8133    269.420    7.59478  232.16988    116.044 0.0000e+00
   40.67286  -72.82250      6.946      6.892    19.5192    31.6311      8.105     2.0697 9.1077e+00  1022.3439    19.5180    22.3161     8.8132    269.416    7.59452  232.16238    116.047 0.0000e+00
   40.67286  -72.82250      6.932      6.878    19.5117    31.6311      8.105     2.0697 9.1525e+00  1022.3453    19.5105    22.3169     8.8183    269.574    7.59422  232.15368    116.119 0.0000e+00
   40.67286  -72.82250      6.922      6.869    19.5063    31.6311      8.109     2.0832 9.1459e+00  1022.3510    19.5051    22.3202     8.8239    269.745    7.59425  232.15460    116.192 0.0000e+00
   40.67286  -72.82250      6.902      6.848    19.5082    31.6352      8.109     2.0697 9.3060e+00  1022.3549    19.5070    22.3229     8.8300    269.930    7.59429  232.15510    116.271 0.0000e+00
   40.67286  -72.82250      6.895      6.841    19.5170    31.6374      8.105     2.0697 9.3893e+00  1022.3536    19.5157    22.3231     8.8299    269.925    7.59383  232.14045    116.277 0.0000e+00
   40.67286  -72.82250      6.881      6.828    19.5248    31.6376      8.105     2.0832 9.3674e+00  1022.3519    19.5236    22.3219     8.8295    269.914    7.59318  232.12059    116.282 0.0000e+00
   40.67286  -72.82250      6.871      6.818    19.5315    31.6376      8.109     2.0697 9.3565e+00  1022.3505    19.5303    22.3201     8.8343    270.063    7.59251  232.10052    116.356 -9.990e-29
   40.67286  -72.82250      6.871      6.818    19.5394    31.6376      8.109     2.0697 9.3828e+00  1022.3478    19.5382    22.3178     8.8341    270.055    7.59182  232.07984    116.363 -9.990e-29
   40.67286  -72.82250      6.844      6.791    19.5451    31.6363      8.109     2.0697 9.3456e+00  1022.3447    19.5439    22.3154     8.8384    270.188    7.59093  232.05302    116.434 0.0000e+00
   40.67286  -72.82250      6.841      6.788    19.5481    31.6350      8.109     2.0832 9.3565e+00  1022.3430    19.5469    22.3135     8.8437    270.349    7.59043  232.03788    116.511 0.0000e+00
   40.67286  -72.82250      6.832      6.779    19.5503    31.6338      8.109     2.0832 9.3302e+00  1022.3417    19.5491    22.3119     8.8438    270.352    7.58999  232.02460    116.519 0.0000e+00
   40.67286  -72.82250      6.811      6.758    19.5524    31.6327      8.109     2.0697 9.3520e+00  1022.3397    19.5512    22.3105     8.8484    270.494    7.58923  232.00211    116.591 0.0000e+00
   40.67286  -72.82250      6.804      6.751    19.5547    31.6327      8.109     2.0832 9.3366e+00  1022.3390    19.5535    22.3096     8.8535    270.652    7.58859  231.98286    116.669 0.0000e+00
   40.67286  -72.82250      6.790      6.738    19.5570    31.6327      8.109     2.0697 9.3694e+00  1022.3384    19.5558    22.3093     8.8546    270.683    7.58882  231.98873    116.680 0.0000e+00
   40.67286  -72.82250      6.781      6.728    19.5587    31.6326      8.109     2.0563 9.4025e+00  1022.3393    19.5575    22.3093     8.8600    270.848    7.58833  231.97322    116.758 0.0000e+00
   40.67286  -72.82250      6.770      6.717    19.5626    31.6326      8.109     1.9757 9.4736e+00  1022.3390    19.5614    22.3086     8.8640    270.972    7.58678  231.92674    116.835 0.0000e+00
   40.67286  -72.82250      6.753      6.701    19.5671    31.6321      8.109     1.9488 9.5567e+00  1022.3364    19.5659    22.3065     8.8627    270.933    7.58518  231.87885    116.843 0.0000e+00
   40.67286  -72.82250      6.739      6.687    19.5699    31.6290      8.109     1.9488 9.6139e+00  1022.3323    19.5687    22.3037     8.8615    270.897    7.58362  231.83243    116.850 -9.990e-29
   40.67286  -72.82250      6.750      6.698    19.5683    31.6276      8.109     1.9488 9.7146e+00  1022.3299    19.5671    22.3021     8.8656    271.026    7.58244  231.79770    116.923 -9.990e-29
   40.67286  -72.82250      6.730      6.678    19.5643    31.6276      8.109     1.9488 9.8324e+00  1022.3313    19.5631    22.3024     8.8650    271.008    7.58135  231.76558    116.932 0.0000e+00
   40.67286  -72.82250      6.723      6.671    19.5633    31.6276      8.109     1.9488 9.8839e+00  1022.3337    19.5621    22.3034     8.8697    271.152    7.58081  231.75015    117.002 0.0000e+00
   40.67286  -72.82250      6.720      6.668    19.5664    31.6287      8.109     1.9623 9.9238e+00  1022.3330    19.5652    22.3035     8.8752    271.321    7.58066  231.74546    117.077 0.0000e+00
   40.67286  -72.82250      6.700      6.648    19.5712    31.6297      8.109     1.9488 9.9837e+00  1022.3323    19.5700    22.3030     8.8799    271.464    7.57961  231.71397    117.155 -9.990e-29
   40.67286  -72.82250      6.700      6.648    19.5803    31.6308      8.109     1.9488 9.9637e+00  1022.3315    19.5792    22.3020     8.8813    271.507    7.58005  231.72808    117.166 -9.990e-29
   40.67286  -72.82250      6.691      6.640    19.5894    31.6308      8.109     1.9488 9.8923e+00  1022.3297    19.5882    22.3003     8.8829    271.557    7.58093  231.75479    117.174 0.0000e+00
   40.67286  -72.82250      6.679      6.627    19.5958    31.6308      8.113     1.9488 9.9097e+00  1022.3271    19.5946    22.2983     8.8872    271.691    7.58021  231.73428    117.242 0.0000e+00
   40.67286  -72.82250      6.658      6.607    19.5998    31.6300      8.113     1.9488 9.8838e+00  1022.3254    19.5986    22.2967     8.8912    271.814    7.57923  231.70485    117.311 -9.990e-29
   40.67286  -72.82250      6.658      6.607    19.6020    31.6290      8.113     1.9488 9.8148e+00  1022.3244    19.6008    22.2951     8.8903    271.784    7.57789  231.66310    117.319 -9.990e-29
   40.67286  -72.82250      6.642      6.590    19.6049    31.6276      8.113     1.9623 9.8130e+00  1022.3222    19.6037    22.2932     8.8939    271.894    7.57632  231.61472    117.390 0.0000e+00
   40.67286  -72.82250      6.639      6.588    19.6084    31.6261      8.109     1.9488 9.8229e+00  1022.3196    19.6072    22.2912     8.8993    272.060    7.57593  231.60293    117.468 0.0000e+00
   40.67286  -72.82250      6.619      6.567    19.6118    31.6251      8.113     1.9623 9.7728e+00  1022.3183    19.6106    22.2896     8.8990    272.048    7.57537  231.58533    117.472 -9.990e-29
   40.67286  -72.82250      6.628      6.577    19.6150    31.6244      8.113     1.9623 9.8217e+00  1022.3172    19.6138    22.2883     8.9021    272.147    7.57359  231.53199    117.542 -9.990e-29
   40.67286  -72.82250      6.610      6.559    19.6169    31.6237      8.109     1.9488 9.8269e+00  1022.3157    19.6157    22.2873     8.9014    272.128    7.57265  231.50534    117.547 0.0000e+00
   40.67286  -72.82250      6.598      6.547    19.6176    31.6233      8.113     1.9623 9.8045e+00  1022.3155    19.6164    22.2865     8.9131    272.487    7.57344  231.53080    117.689 -9.990e-29
   40.67286  -72.82250      6.598      6.547    19.6198    31.6220      8.113     1.9488 9.8763e+00  1022.3152    19.6186    22.2849     8.9132    272.488    7.57306  231.51956    117.696 -9.990e-29
   40.67286  -72.82250      6.580      6.529    19.6247    31.6186      8.113     1.9488 9.9487e+00  1022.3107    19.6235    22.2814     8.9129    272.480    7.57248  231.50157    117.701 0.0000e+00
   40.67286  -72.82250      6.568      6.517    19.6293    31.6138      8.113     1.9488 9.9374e+00  1022.3046    19.6281    22.2768     8.9133    272.491    7.57267  231.50705    117.703 -9.990e-29
   40.67286  -72.82250      6.577      6.526    19.6314    31.6098      8.113     1.9488 9.9821e+00  1022.3005    19.6302    22.2732     8.9196    272.684    7.57373  231.53812    117.770 -9.990e-29
   40.67286  -72.82250      6.558      6.507    19.6314    31.6098      8.113     1.9623 9.9988e+00  1022.2988    19.6302    22.2719     8.9259    272.873    7.57473  231.56733    117.837 0.0000e+00
   40.67286  -72.82250      6.531      6.480    19.6307    31.6098      8.113     1.9354 9.9988e+00  1022.3009    19.6295    22.2729     8.9310    273.030    7.57472  231.56697    117.905 0.0000e+00
   40.67286  -72.82250      6.517      6.466    19.6325    31.6126      8.113     1.9220 1.0016e+01  1022.3036    19.6313    22.2746     8.9244    272.830    7.57379  231.53906    117.833 -9.990e-29
   40.67286  -72.82250      6.528      6.477    19.6359    31.6147      8.113     1.9220 1.0032e+01  1022.3047    19.6348    22.2755     8.9210    272.725    7.57155  231.47089    117.823 -9.990e-29
   40.67286  -72.82250      6.507      6.457    19.6398    31.6155      8.113     1.9220 1.0061e+01  1022.3033    19.6386    22.2753     8.9224    272.770    7.56905  231.39600    117.880 0.0000e+00
   40.67286  -72.82250      6.489      6.439    19.6405    31.6155      8.113     1.9220 1.0078e+01  1022.3032    19.6394    22.2752     8.9215    272.743    7.56883  231.38894    117.872 0.0000e+00
   40.67286  -72.82250      6.477      6.427    19.6413    31.6155      8.113     1.9220 1.0106e+01  1022.3041    19.6402    22.2749     8.9275    272.923    7.56981  231.41732    117.936 0.0000e+00
   40.67286  -72.82250      6.466      6.416    19.6440    31.6147      8.113     1.9220 1.0123e+01  1022.3019    19.6428    22.2734     8.9276    272.925    7.57037  231.43193    117.929 -9.990e-29
   40.67286  -72.82250      6.469      6.419    19.6462    31.6125      8.113     1.9220 1.0123e+01  1022.2990    19.6451    22.2714     8.9251    272.847    7.56893  231.38838    117.917 -9.990e-29
   40.67286  -72.82250      6.436      6.386    19.6462    31.6105      8.113     1.9220 1.0038e+01  1022.2977    19.6451    22.2696     8.9272    272.912    7.56736  231.34065    117.970 0.0000e+00
   40.67286  -72.82250      6.426      6.376    19.6487    31.6089      8.113     1.9354 9.9705e+00  1022.2955    19.6476    22.2679     8.9244    272.827    7.56576  231.29219    117.958 0.0000e+00
   40.67286  -72.82250      6.418      6.368    19.6513    31.6089      8.113     1.9220 9.9705e+00  1022.2938    19.6501    22.2668     8.9259    272.873    7.56376  231.23221    118.008 0.0000e+00
   40.67286  -72.82250      6.375      6.326    19.6510    31.6089      8.113     1.9220 9.8867e+00  1022.2938    19.6499    22.2670     8.9233    272.797    7.56242  231.19288    117.995 -9.990e-29
   40.67286  -72.82250      6.396      6.346    19.6499    31.6106      8.113     1.9220 9.8478e+00  1022.2963    19.6487    22.2685     8.9223    272.767    7.56230  231.19091    117.984 -9.990e-29
   40.67286  -72.82250      6.396      6.346    19.6519    31.6131      8.113     1.9220 9.8478e+00  1022.2988    19.6507    22.2700     8.9219    272.758    7.56266  231.20291    117.974 -9.990e-29
   40.67286  -72.82252      6.357      6.308    19.6562    31.6143      8.113     1.9220 9.9593e+00  1022.2984    19.6550    22.2701     8.9207    272.719    7.56257  231.19850    117.959 0.0000e+00
   40.67286  -72.82252      6.315      6.266    19.6610    31.6143      8.113     1.9220 1.0004e+01  1022.2966    19.6599    22.2690     8.9213    272.736    7.56011  231.12304    118.005 -9.990e-29
   40.67286  -72.82252      6.335      6.286    19.6661    31.6143      8.113     1.9220 1.0032e+01  1022.2950    19.6650    22.2674     8.9167    272.598    7.55749  231.04376    117.985 -9.990e-29
   40.67286  -72.82252      6.318      6.269    19.6726    31.6141      8.118     1.9220 1.0174e+01  1022.2929    19.6714    22.2659     8.9187    272.661    7.55621  231.00562    118.032 0.0000e+00
   40.67286  -72.82252      6.305      6.256    19.6760    31.6141      8.118     1.9220 1.0290e+01  1022.2922    19.6749    22.2648     8.9176    272.627    7.55623  231.00640    118.017 0.0000e+00
   40.67286  -72.82252      6.274      6.225    19.6791    31.6141      8.118     1.9220 1.0307e+01  1022.2914    19.6780    22.2637     8.9174    272.617    7.55685  231.02356    118.004 0.0000e+00
   40.67286  -72.82252      6.267      6.218    19.6848    31.6141      8.118     1.9220 1.0424e+01  1022.2890    19.6837    22.2623     8.9206    272.716    7.55646  231.01144    118.053 0.0000e+00
   40.67286  -72.82252      6.254      6.206    19.6897    31.6142      8.118     1.9220 1.0542e+01  1022.2870    19.6886    22.2620     8.9182    272.644    7.55544  230.98277    118.036 0.0000e+00
   40.67286  -72.82252      6.234      6.185    19.6865    31.6170      8.118     1.9220 1.0571e+01  1022.2916    19.6854    22.2638     8.9174    272.620    7.55566  230.98996    118.022 0.0000e+00
   40.67286  -72.82252      6.206      6.158    19.6885    31.6176      8.118     1.9220 1.0619e+01  1022.2944    19.6874    22.2648     8.9217    272.752    7.55605  231.00158    118.074 -9.990e-29
   40.67286  -72.82252      6.213      6.165    19.7000    31.6176      8.118     1.8683 1.0709e+01  1022.2903    19.6989    22.2625     8.9194    272.682    7.55504  230.97136    118.059 -9.990e-29
   40.67286  -72.82252      6.183      6.135    19.7120    31.6176      8.118     1.7742 1.0739e+01  1022.2855    19.7109    22.2582     8.9171    272.613    7.55403  230.94081    118.045 0.0000e+00
   40.67286  -72.82252      6.162      6.115    19.7241    31.6146      8.118     1.7608 1.0769e+01  1022.2800    19.7230    22.2530     8.9209    272.727    7.55386  230.93490    118.097 0.0000e+00
   40.67286  -72.82252      6.144      6.097    19.7338    31.6108      8.118     1.7608 1.0891e+01  1022.2741    19.7327    22.2475     8.9185    272.656    7.55304  230.91044    118.079 0.0000e+00
   40.67286  -72.82252      6.122      6.075    19.7430    31.6068      8.117     1.7608 1.0922e+01  1022.2684    19.7419    22.2424     8.9153    272.557    7.55144  230.86190    118.061 0.0000e+00
   40.67286  -72.82252      6.102      6.055    19.7482    31.6038      8.117     1.7608 1.0940e+01  1022.2636    19.7472    22.2388     8.9156    272.568    7.54882  230.78414    118.105 -9.990e-29
   40.67286  -72.82252      6.104      6.057    19.7490    31.6024      8.117     1.7608 1.1002e+01  1022.2643    19.7479    22.2367     8.9130    272.493    7.54777  230.75398    118.088 -9.990e-29
