CalculateIndicators/WaterTemperature/Data/CTD_NYOS/20220513_C02.cnv
* Sea-Bird SBE 9 Data File:
* FileName = C:\Seabird 9 CTD\Data\2022\202205_offshore\20220513_C02.hex
* Software Version Seasave V 7.23.2
* Temperature SN = 4590
* Conductivity SN = 3228
* Number of Bytes Per Scan = 44
* Number of Voltage Words = 5
* Number of Scans Averaged by the Deck Unit = 1
* NMEA Latitude = 40 52.81 N
* NMEA Longitude = 073 43.76 W
* NMEA UTC (Time) = Sep 27 2002  02:38:31
* NMEA baud rate = 4800
** Ship: seawolf
** Station: LIS_WLIS
** Operator: TDK
# nquan = 18
# nvalues = 7175                        
# units = specified
# name 0 = latitude: Latitude [deg]
# name 1 = longitude: Longitude [deg]
# name 2 = prDM: Pressure, Digiquartz [db]
# name 3 = depSM: Depth [salt water, m]
# name 4 = t090C: Temperature [ITS-90, deg C]
# name 5 = sal00: Salinity, Practical [PSU]
# name 6 = ph: pH
# name 7 = flECO-AFL: Fluorescence, WET Labs ECO-AFL/FL [mg/m^3]
# name 8 = cpar: CPAR/Corrected Irradiance [%]
# name 9 = density00: Density [density, kg/m^3]
# name 10 = potemp090C: Potential Temperature [ITS-90, deg C]
# name 11 = sigma-é00: Density [sigma-theta, kg/m^3]
# name 12 = sbeox0Mg/L: Oxygen, SBE 43 [mg/l]
# name 13 = sbox0Mm/Kg: Oxygen, SBE 43 [umol/kg]
# name 14 = oxsolMg/L: Oxygen Saturation, Garcia & Gordon [mg/l]
# name 15 = oxsolMm/Kg: Oxygen Saturation, Garcia & Gordon [umol/kg]
# name 16 = sbeox0PS: Oxygen, SBE 43 [% saturation]
# name 17 = flag:  0.000e+00
# span 0 =   40.88020,   40.88028       
# span 1 =  -73.72978,  -73.72940       
# span 2 =      1.780,     17.231       
# span 3 =      1.766,     17.097       
# span 4 =    11.5144,    12.6131       
# span 5 =    24.5811,    25.2991       
# span 6 =      8.073,      8.192       
# span 7 =     2.0563,     4.6485       
# span 8 = 9.9999e+04, 9.9999e+04       
# span 9 =  1018.4109,  1019.2284       
# span 10 =    11.5124,    12.6128      
# span 11 =    18.4056,    19.1506      
# span 12 =     9.4180,    11.0420      
# span 13 =    288.824,    338.811      
# span 14 =    9.11518,    9.28986      
# span 15 =  279.70635,  284.88115      
# span 16 =    101.496,    120.860      
# span 17 = 0.0000e+00, 0.0000e+00      
# interval = seconds: 0.0416667
# start_time = May 13 2022 02:38:32 [System UTC, first data scan.]
# bad_flag = -9.990e-29
*END*
[from data line 2091]
   40.88024  -73.72954     17.130     16.997    11.5228    25.2971      8.079     2.0966 9.9999e+04  1019.2254    11.5208    19.1476     9.4814    290.730    9.28816  284.80557    102.080 -9.990e-29
   40.88024  -73.72954     17.119     16.986    11.5228    25.2971      8.079     2.0966 9.9999e+04  1019.2255    11.5208    19.1476     9.4811    290.723    9.28817  284.80595    102.078 -9.990e-29
   40.88024  -73.72954     17.130     16.997    11.5231    25.2971      8.079     2.0966 9.9999e+04  1019.2254    11.5211    19.1476     9.4809    290.716    9.28819  284.80662    102.075 -9.990e-29
   40.88024  -73.72954     17.140     17.007    11.5229    25.2971      8.079     2.0966 9.9999e+04  1019.2254    11.5210    19.1476     9.4807    290.708    9.28819  284.80662    102.072 -9.990e-29
   40.88024  -73.72954     17.140     17.007    11.5229    25.2971      8.079     2.0966 9.9999e+04  1019.2254    11.5210    19.1476     9.4804    290.700    9.28817  284.80601    102.070 -9.990e-29
   40.88024  -73.72954     17.129     16.996    11.5231    25.2972      8.079     2.0966 9.9999e+04  1019.2255    11.5211    19.1477     9.4808    290.712    9.28817  284.80602    102.074 -9.990e-29
   40.88024  -73.72954     17.119     16.986    11.5229    25.2972      8.079     2.0966 9.9999e+04  1019.2255    11.5210    19.1477     9.4805    290.704    9.28816  284.80567    102.071 -9.990e-29
   40.88024  -73.72954     17.119     16.986    11.5231    25.2972      8.079     2.0966 9.9999e+04  1019.2255    11.5211    19.1477     9.4809    290.717    9.28815  284.80545    102.076 -9.990e-29
   40.88024  -73.72954     17.130     16.997    11.5231    25.2972      8.079     2.0966 9.9999e+04  1019.2254    11.5211    19.1476     9.4749    290.530    9.28813  284.80483    102.010 -9.990e-29
   40.88024  -73.72954     17.140     17.007    11.5231    25.2972 -9.990e-29     2.0966 9.9999e+04  1019.2252    11.5211    19.1475     9.4741    290.508    9.28818  284.80635    102.002 -9.990e-29
   40.88024  -73.72954     17.130     16.997    11.5228    25.2972 -9.990e-29     2.0966 9.9999e+04  1019.2255    11.5208    19.1477     9.4798    290.684    9.28818  284.80624    102.064 -9.990e-29
   40.88024  -73.72954     17.108     16.975    11.5228    25.2973 -9.990e-29     2.0966 9.9999e+04  1019.2257    11.5208    19.1478     9.4746    290.522    9.28822  284.80765    102.006 -9.990e-29
   40.88024  -73.72954     17.119     16.986    11.5228    25.2973 -9.990e-29     2.0966 9.9999e+04  1019.2256    11.5208    19.1478     9.4746    290.521    9.28825  284.80873    102.006 -9.990e-29
   40.88024  -73.72954     17.119     16.986    11.5228    25.2973 -9.990e-29     2.0966 9.9999e+04  1019.2255    11.5208    19.1478     9.4798    290.683    9.28831  284.81029    102.062 -9.990e-29
   40.88024  -73.72954     17.119     16.986    11.5224    25.2972 -9.990e-29     2.0966 9.9999e+04  1019.2256    11.5205    19.1477     9.4740    290.505    9.28836  284.81186    101.999 -9.990e-29
   40.88024  -73.72954     17.130     16.997    11.5229    25.2971 -9.990e-29     2.0966 9.9999e+04  1019.2254    11.5210    19.1476     9.4793    290.666    9.28838  284.81249    102.055 -9.990e-29
   40.88024  -73.72954     17.119     16.986    11.5228    25.2971 -9.990e-29     2.0966 9.9999e+04  1019.2254    11.5208    19.1475     9.4794    290.668    9.28845  284.81440    102.055 -9.990e-29
   40.88024  -73.72954     17.110     16.977    11.5231    25.2971 -9.990e-29     2.0966 9.9999e+04  1019.2251    11.5211    19.1475     9.4794    290.668    9.28844  284.81429    102.055 -9.990e-29
   40.88024  -73.72954     17.110     16.977    11.5229    25.2970 -9.990e-29     2.0966 9.9999e+04  1019.2255    11.5210    19.1476     9.4799    290.686    9.28840  284.81299    102.062 -9.990e-29
   40.88024  -73.72954     17.119     16.986    11.5229    25.2970 -9.990e-29     2.0966 9.9999e+04  1019.2255    11.5210    19.1476     9.4806    290.707    9.28844  284.81406    102.069 -9.990e-29
   40.88024  -73.72954     17.119     16.986    11.5229    25.2970 -9.990e-29     2.0966 9.9999e+04  1019.2253    11.5210    19.1475     9.4813    290.729    9.28849  284.81571    102.076 -9.990e-29
   40.88024  -73.72954     17.119     16.986    11.5232    25.2969 -9.990e-29     2.0966 9.9999e+04  1019.2251    11.5213    19.1474     9.4879    290.930    9.28853  284.81689    102.146 -9.990e-29
   40.88024  -73.72954     17.119     16.986    11.5231    25.2969 -9.990e-29     2.0966 9.9999e+04  1019.2253    11.5211    19.1475     9.4835    290.796    9.28865  284.82072    102.098 -9.990e-29
   40.88024  -73.72954     17.099     16.966    11.5231    25.2969 -9.990e-29     2.0966 9.9999e+04  1019.2253    11.5211    19.1475     9.4843    290.820    9.28873  284.82307    102.105 -9.990e-29
   40.88024  -73.72954     17.110     16.977    11.5231    25.2967 -9.990e-29     2.1369 9.9999e+04  1019.2250    11.5211    19.1473     9.4845    290.827    9.28885  284.82668    102.107 -9.990e-29
   40.88024  -73.72954     17.119     16.986    11.5232    25.2967 -9.990e-29     2.1906 9.9999e+04  1019.2247    11.5213    19.1472     9.4848    290.835    9.28897  284.83017    102.108 -9.990e-29
   40.88024  -73.72954     17.119     16.986    11.5231    25.2967 -9.990e-29     2.2040 9.9999e+04  1019.2250    11.5211    19.1472     9.4857    290.861    9.28907  284.83337    102.116 -9.990e-29
   40.88024  -73.72954     17.110     16.977    11.5231    25.2967 -9.990e-29     2.1906 9.9999e+04  1019.2251    11.5211    19.1473     9.4859    290.868    9.28914  284.83536    102.118 -9.990e-29
   40.88024  -73.72954     17.108     16.975    11.5232    25.2967 -9.990e-29     2.1906 9.9999e+04  1019.2250    11.5213    19.1473     9.4802    290.693    9.28913  284.83513    102.057 -9.990e-29
   40.88024  -73.72954     17.110     16.977    11.5232    25.2968 -9.990e-29     2.1906 9.9999e+04  1019.2250    11.5213    19.1474     9.4857    290.862    9.28921  284.83737    102.115 -9.990e-29
   40.88024  -73.72954     17.110     16.977    11.5231    25.2969 -9.990e-29     2.1906 9.9999e+04  1019.2254    11.5211    19.1475     9.4859    290.869    9.28927  284.83930    102.117 -9.990e-29
   40.88024  -73.72954     17.110     16.977    11.5234    25.2969 -9.990e-29     2.1906 9.9999e+04  1019.2251    11.5215    19.1475     9.4862    290.877    9.28934  284.84143    102.119 -9.990e-29
   40.88024  -73.72954     17.119     16.986    11.5232    25.2969 -9.990e-29     2.1906 9.9999e+04  1019.2252    11.5213    19.1474     9.4864    290.883    9.28934  284.84155    102.121 -9.990e-29
   40.88024  -73.72954     17.119     16.986    11.5231    25.2969 -9.990e-29     2.1906 9.9999e+04  1019.2251    11.5211    19.1473     9.4866    290.889    9.28938  284.84268    102.123 -9.990e-29
   40.88024  -73.72954     17.089     16.956    11.5232    25.2969 -9.990e-29     2.1906 9.9999e+04  1019.2249    11.5213    19.1473     9.4867    290.894    9.28936  284.84184    102.125 -9.990e-29
   40.88024  -73.72954     17.099     16.966    11.5232    25.2969 -9.990e-29     2.1906 9.9999e+04  1019.2251    11.5213    19.1473     9.4869    290.899    9.28937  284.84218    102.126 -9.990e-29
   40.88024  -73.72954     17.119     16.986    11.5234    25.2970 -9.990e-29     2.1906 9.9999e+04  1019.2251    11.5215    19.1474     9.4871    290.904    9.28936  284.84205    102.128 -9.990e-29
   40.88024  -73.72954     17.110     16.977    11.5231    25.2972 -9.990e-29     2.1906 9.9999e+04  1019.2254    11.5211    19.1476     9.4872    290.908    9.28933  284.84098    102.130 -9.990e-29
   40.88024  -73.72954     17.110     16.977    11.5229    25.2973 -9.990e-29     2.1906 9.9999e+04  1019.2255    11.5210    19.1478     9.4867    290.893    9.28926  284.83907    102.125 -9.990e-29
   40.88024  -73.72954     17.099     16.966    11.5229    25.2973 -9.990e-29     2.1906 9.9999e+04  1019.2257    11.5210    19.1479     9.4868    290.896    9.28922  284.83767    102.127 -9.990e-29
   40.88026  -73.72952     17.110     16.977    11.5232    25.2973 -9.990e-29     2.1906 9.9999e+04  1019.2255    11.5213    19.1477     9.4868    290.896    9.28909  284.83362    102.129 -9.990e-29
   40.88026  -73.72952     17.110     16.977    11.5231    25.2970 -9.990e-29     2.1906 9.9999e+04  1019.2252    11.5211    19.1475     9.4868    290.896    9.28896  284.82978    102.130 -9.990e-29
   40.88026  -73.72952     17.110     16.977    11.5229    25.2970 -9.990e-29     2.1906 9.9999e+04  1019.2252    11.5210    19.1475     9.4868    290.896    9.28881  284.82543    102.131 -9.990e-29
   40.88026  -73.72952     17.099     16.966    11.5231    25.2970 -9.990e-29     2.1906 9.9999e+04  1019.2251    11.5211    19.1476     9.4864    290.884    9.28887  284.82725    102.127 -9.990e-29
   40.88026  -73.72952     17.110     16.977    11.5228    25.2973 -9.990e-29     2.1906 9.9999e+04  1019.2257    11.5208    19.1478     9.4865    290.886    9.28883  284.82589    102.128 -9.990e-29
   40.88026  -73.72952     17.099     16.966    11.5229    25.2973 -9.990e-29     2.1906 9.9999e+04  1019.2256    11.5210    19.1478     9.4866    290.889    9.28879  284.82460    102.129 -9.990e-29
   40.88026  -73.72952     17.099     16.966    11.5229    25.2973 -9.990e-29     2.1906 9.9999e+04  1019.2254    11.5210    19.1477     9.4866    290.892    9.28875  284.82353    102.130 -9.990e-29
   40.88026  -73.72952     17.110     16.977    11.5231    25.2973 -9.990e-29     2.1906 9.9999e+04  1019.2254    11.5211    19.1477     9.4866    290.891    9.28863  284.81997    102.132 -9.990e-29
   40.88026  -73.72952     17.110     16.977    11.5232    25.2973 -9.990e-29     2.2175 9.9999e+04  1019.2254    11.5213    19.1477     9.4868    290.896    9.28867  284.82100    102.133 -9.990e-29
   40.88026  -73.72952     17.110     16.977    11.5231    25.2973 -9.990e-29     2.2846 9.9999e+04  1019.2257    11.5211    19.1477     9.4870    290.904    9.28876  284.82388    102.135 -9.990e-29
   40.88026  -73.72952     17.099     16.966    11.5231    25.2973 -9.990e-29     2.3115 9.9999e+04  1019.2254    11.5211    19.1477     9.4929    291.084    9.28872  284.82262    102.198 -9.990e-29
   40.88026  -73.72952     17.099     16.966    11.5231    25.2971 -9.990e-29     2.3115 9.9999e+04  1019.2254    11.5211    19.1476     9.4878    290.928    9.28876  284.82376    102.143 -9.990e-29
   40.88026  -73.72952     17.099     16.966    11.5232    25.2971 -9.990e-29     2.2980 9.9999e+04  1019.2251    11.5213    19.1475     9.4939    291.113    9.28885  284.82641    102.207 -9.990e-29
   40.88026  -73.72952     17.110     16.977    11.5232    25.2971 -9.990e-29     2.2980 9.9999e+04  1019.2252    11.5213    19.1475     9.4888    290.958    9.28894  284.82938    102.152 -9.990e-29
   40.88026  -73.72952     17.099     16.966    11.5232    25.2971 -9.990e-29     2.3115 9.9999e+04  1019.2253    11.5213    19.1476     9.4889    290.962    9.28899  284.83063    102.153 -9.990e-29
   40.88026  -73.72952     17.110     16.977    11.5232    25.2971 -9.990e-29     2.2980 9.9999e+04  1019.2254    11.5213    19.1476     9.4892    290.969    9.28914  284.83519    102.154 -9.990e-29
   40.88026  -73.72952     17.099     16.966    11.5234    25.2970 -9.990e-29     2.2980 9.9999e+04  1019.2252    11.5215    19.1475     9.4951    291.151    9.28914  284.83519    102.217 -9.990e-29
   40.88026  -73.72952     17.099     16.966    11.5232    25.2969 -9.990e-29     2.2980 9.9999e+04  1019.2250    11.5213    19.1474     9.4893    290.972    9.28914  284.83508    102.155 -9.990e-29
   40.88026  -73.72952     17.099     16.966    11.5232    25.2968 -9.990e-29     2.2980 9.9999e+04  1019.2251    11.5213    19.1474     9.4887    290.954    9.28915  284.83551    102.148 -9.990e-29
   40.88026  -73.72952     17.110     16.977    11.5231    25.2968 -9.990e-29     2.2980 9.9999e+04  1019.2250    11.5211    19.1473     9.4886    290.953    9.28909  284.83401    102.148 -9.990e-29
   40.88026  -73.72952     17.110     16.977    11.5229    25.2968 -9.990e-29     2.2980 9.9999e+04  1019.2249    11.5210    19.1473     9.4938    291.112    9.28908  284.83356    102.204 -9.990e-29
   40.88026  -73.72952     17.099     16.966    11.5226    25.2969 -9.990e-29     2.2980 9.9999e+04  1019.2252    11.5207    19.1475     9.4938    291.110    9.28908  284.83367    102.204 -9.990e-29
   40.88026  -73.72952     17.099     16.966    11.5222    25.2971 -9.990e-29     2.2980 9.9999e+04  1019.2255    11.5203    19.1477     9.4943    291.126    9.28912  284.83475    102.209 -9.990e-29
   40.88026  -73.72952     17.099     16.966    11.5221    25.2973 -9.990e-29     2.2980 9.9999e+04  1019.2256    11.5202    19.1479     9.4942    291.122    9.28912  284.83487    102.207 -9.990e-29
   40.88024  -73.72954     17.110     16.977    11.5217    25.2974 -9.990e-29     2.2980 9.9999e+04  1019.2258    11.5198    19.1480     9.4946    291.135    9.28911  284.83453    102.212 -9.990e-29
   40.88024  -73.72954     17.110     16.977    11.5217    25.2975 -9.990e-29     2.2980 9.9999e+04  1019.2258    11.5198    19.1481     9.4949    291.146    9.28908  284.83345    102.216 -9.990e-29
   40.88024  -73.72954     17.099     16.966    11.5219    25.2975 -9.990e-29     2.2980 9.9999e+04  1019.2258    11.5200    19.1481     9.4952    291.155    9.28901  284.83155    102.220 -9.990e-29
   40.88024  -73.72954     17.099     16.966    11.5217    25.2975 -9.990e-29     2.2980 9.9999e+04  1019.2258    11.5198    19.1481     9.4957    291.168    9.28908  284.83357    102.224 -9.990e-29
   40.88024  -73.72954     17.099     16.966    11.5216    25.2973 -9.990e-29     2.2980 9.9999e+04  1019.2255    11.5197    19.1480     9.4901    290.997    9.28903  284.83199    102.164 -9.990e-29
   40.88024  -73.72954     17.099     16.966    11.5214    25.2972 -9.990e-29     2.2980 9.9999e+04  1019.2255    11.5195    19.1480     9.4957    291.170    9.28909  284.83379    102.224 -9.990e-29
   40.88024  -73.72954     17.110     16.977    11.5208    25.2972 -9.990e-29     2.2980 9.9999e+04  1019.2258    11.5188    19.1481     9.4967    291.198    9.28909  284.83380    102.235 -9.990e-29
   40.88024  -73.72954     17.099     16.966    11.5204    25.2972 -9.990e-29     2.2980 9.9999e+04  1019.2257    11.5185    19.1482     9.4969    291.205    9.28905  284.83249    102.237 -9.990e-29
   40.88024  -73.72954     17.099     16.966    11.5197    25.2974 -9.990e-29     2.2980 9.9999e+04  1019.2260    11.5178    19.1484     9.4972    291.215    9.28906  284.83278    102.241 -9.990e-29
   40.88024  -73.72954     17.099     16.966    11.5191    25.2976 -9.990e-29     2.2578 9.9999e+04  1019.2263    11.5171    19.1486     9.4973    291.218    9.28894  284.82917    102.243 -9.990e-29
   40.88024  -73.72954     17.099     16.966    11.5185    25.2977 -9.990e-29     2.2443 9.9999e+04  1019.2265    11.5166    19.1488     9.4974    291.220    9.28878  284.82427    102.245 -9.990e-29
   40.88024  -73.72954     17.110     16.977    11.5181    25.2979 -9.990e-29     2.2443 9.9999e+04  1019.2269    11.5162    19.1490     9.4916    291.042    9.28863  284.82006    102.185 -9.990e-29
   40.88024  -73.72954     17.099     16.966    11.5181    25.2981 -9.990e-29     2.2443 9.9999e+04  1019.2269    11.5162    19.1492     9.4911    291.029    9.28859  284.81876    102.180 -9.990e-29
   40.88024  -73.72954     17.099     16.966    11.5177    25.2981 -9.990e-29     2.2443 9.9999e+04  1019.2269    11.5158    19.1493     9.4959    291.174    9.28851  284.81623    102.232 -9.990e-29
   40.88024  -73.72954     17.099     16.966    11.5174    25.2981 -9.990e-29     2.2443 9.9999e+04  1019.2270    11.5155    19.1493     9.4901    290.997    9.28842  284.81369    102.171 -9.990e-29
