CalculateIndicators/WaterTemperature/Data/CTD_NYOS/202200728_C12.cnv
* Sea-Bird SBE 9 Data File:
* FileName = C:\Seabird 9 CTD\Data\2022\202207_offshore\202200728_C12.hex
* Software Version Seasave V 7.23.2
* Temperature SN = 4590
* Conductivity SN = 3228
* Number of Bytes Per Scan = 44
* Number of Voltage Words = 5
* Number of Scans Averaged by the Deck Unit = 1
* NMEA Latitude = 39 57.30 N
* NMEA Longitude = 072 53.95 W
* NMEA UTC (Time) = Dec 12 2002  09:09:37
* NMEA baud rate = 4800
** Ship: seawolf
** Station: 5.3
** Operator: TDK
# nquan = 18
# nvalues = 14393                       
# units = specified
# name 0 = latitude: Latitude [deg]
# name 1 = longitude: Longitude [deg]
# name 2 = prDM: Pressure, Digiquartz [db]
# name 3 = depSM: Depth [salt water, m]
# name 4 = t090C: Temperature [ITS-90, deg C]
# name 5 = sal00: Salinity, Practical [PSU]
# name 6 = ph: pH
# name 7 = flECO-AFL: Fluorescence, WET Labs ECO-AFL/FL [mg/m^3]
# name 8 = cpar: CPAR/Corrected Irradiance [%]
# name 9 = density00: Density [density, kg/m^3]
# name 10 = potemp090C: Potential Temperature [ITS-90, deg C]
# name 11 = sigma-é00: Density [sigma-theta, kg/m^3]
# name 12 = sbeox0Mg/L: Oxygen, SBE 43 [mg/l]
# name 13 = sbox0Mm/Kg: Oxygen, SBE 43 [umol/kg]
# name 14 = oxsolMg/L: Oxygen Saturation, Garcia & Gordon [mg/l]
# name 15 = oxsolMm/Kg: Oxygen Saturation, Garcia & Gordon [umol/kg]
# name 16 = sbeox0PS: Oxygen, SBE 43 [% saturation]
# name 17 = flag:  0.000e+00
# span 0 =   39.95500,   39.95594       
# span 1 =  -72.89970,  -72.89930       
# span 2 =      2.230,     48.600       
# span 3 =      2.213,     48.222       
# span 4 =     8.3628,    24.2805       
# span 5 =    31.2779,    34.2167       
# span 6 =      7.932,      8.184       
# span 7 =     0.0148,     1.7339       
# span 8 = 5.0640e-11, 9.9999e+04       
# span 9 =  1020.9482,  1026.2457       
# span 10 =     8.3579,    24.2798      
# span 11 =    20.9171,    25.8719      
# span 12 =     7.0182,     9.5079      
# span 13 =    214.788,    290.055      
# span 14 =    6.99085,    9.48865      
# span 15 =  213.98039,  289.15888      
# span 16 =     80.791,    114.488      
# span 17 = 0.0000e+00, 0.0000e+00      
# interval = seconds: 0.0416667
# start_time = Jul 28 2022 09:09:37 [System UTC, first data scan.]
# bad_flag = -9.990e-29
*END*
[from data line 10372]
   39.95570  -72.89956      9.888      9.813    24.2390    31.5568 -9.990e-29     0.4714 5.0640e-11  1021.0104    24.2369    20.9678     7.2051    220.539    6.99654  214.15459    102.981 -9.990e-29
   39.95570  -72.89956      9.909      9.833    24.2399    31.5568 -9.990e-29     0.4714 5.0640e-11  1021.0100    24.2378    20.9676     7.2048    220.530    6.99651  214.15386    102.977 -9.990e-29
   39.95570  -72.89956      9.920      9.844    24.2402    31.5564 -9.990e-29     0.4714 5.0640e-11  1021.0096    24.2382    20.9672     7.2095    220.673    6.99647  214.15241    103.045 -9.990e-29
   39.95570  -72.89956      9.909      9.833    24.2402    31.5564 -9.990e-29     0.4714 5.0640e-11  1021.0089    24.2382    20.9669     7.2097    220.678    6.99640  214.15036    103.048 -9.990e-29
   39.95570  -72.89956      9.939      9.863    24.2402    31.5564 -9.990e-29     0.4714 5.0640e-11  1021.0094    24.2382    20.9669     7.2099    220.685    6.99637  214.14939    103.052 -9.990e-29
   39.95570  -72.89956      9.939      9.863    24.2405    31.5567 -9.990e-29     0.4714 5.0640e-11  1021.0098    24.2384    20.9672     7.2101    220.692    6.99633  214.14831    103.056 -9.990e-29
   39.95570  -72.89956      9.960      9.883    24.2410    31.5567 -9.990e-29     0.4714 5.0640e-11  1021.0100    24.2389    20.9672     7.2104    220.700    6.99632  214.14823    103.060 -9.990e-29
   39.95570  -72.89956      9.970      9.893    24.2419    31.5567 -9.990e-29     0.4714 5.0640e-11  1021.0097    24.2398    20.9670     7.2154    220.855    6.99634  214.14883    103.132 -9.990e-29
   39.95570  -72.89956      9.986      9.909    24.2423    31.5566 -9.990e-29     0.4714 5.0640e-11  1021.0095    24.2402    20.9667     7.2114    220.732    6.99647  214.15260    103.072 -9.990e-29
   39.95570  -72.89956      9.990      9.913    24.2423    31.5563 -9.990e-29     0.4714 5.0640e-11  1021.0090    24.2402    20.9665     7.2165    220.886    6.99648  214.15285    103.144 -9.990e-29
   39.95570  -72.89956     10.011      9.934    24.2421    31.5561 -9.990e-29     0.4714 5.0640e-11  1021.0093    24.2400    20.9664     7.2170    220.902    6.99643  214.15143    103.152 -9.990e-29
   39.95570  -72.89956     10.020      9.944    24.2415    31.5561 -9.990e-29     0.4714 5.0640e-11  1021.0093    24.2394    20.9664     7.2175    220.918    6.99640  214.15035    103.160 -9.990e-29
   39.95570  -72.89956     10.051      9.974    24.2410    31.5561 -9.990e-29     0.4849 5.0640e-11  1021.0093    24.2389    20.9665     7.2181    220.935    6.99639  214.14991    103.168 -9.990e-29
   39.95570  -72.89956     10.062      9.984    24.2402    31.5561 -9.990e-29     0.4849 5.0640e-11  1021.0099    24.2381    20.9668     7.2183    220.943    6.99637  214.14927    103.173 -9.990e-29
   39.95570  -72.89956     10.071      9.994    24.2399    31.5565 -9.990e-29     0.4849 5.0640e-11  1021.0104    24.2378    20.9672     7.2186    220.952    6.99633  214.14818    103.177 -9.990e-29
   39.95574  -72.89956     10.102     10.024    24.2398    31.5567 -9.990e-29     0.4849 5.0640e-11  1021.0108    24.2377    20.9674     7.2186    220.950    6.99631  214.14753    103.177 -9.990e-29
   39.95574  -72.89956     10.113     10.035    24.2401    31.5570 -9.990e-29     0.4849 5.0640e-11  1021.0105    24.2380    20.9676     7.2188    220.959    6.99632  214.14783    103.181 -9.990e-29
   39.95574  -72.89956     10.113     10.035    24.2401    31.5574 -9.990e-29     0.4849 5.0640e-11  1021.0112    24.2380    20.9679     7.2235    221.102    6.99628  214.14670    103.248 -9.990e-29
   39.95574  -72.89956     10.158     10.080    24.2408    31.5579 -9.990e-29     0.4849 5.0640e-11  1021.0118    24.2387    20.9681     7.2190    220.963    6.99628  214.14675    103.183 -9.990e-29
   39.95574  -72.89956     10.163     10.085    24.2419    31.5579 -9.990e-29     0.4849 5.0640e-11  1021.0115    24.2398    20.9680     7.2192    220.969    6.99624  214.14563    103.186 -9.990e-29
   39.95574  -72.89956     10.194     10.115    24.2421    31.5579 -9.990e-29     0.4849 5.0640e-11  1021.0115    24.2399    20.9678     7.2193    220.974    6.99626  214.14610    103.189 -9.990e-29
   39.95574  -72.89956     10.203     10.125    24.2423    31.5575 -9.990e-29     0.4849 5.0640e-11  1021.0109    24.2401    20.9674     7.2195    220.980    6.99628  214.14680    103.191 -9.990e-29
   39.95574  -72.89956     10.213     10.135    24.2424    31.5570 -9.990e-29     0.4849 5.0640e-11  1021.0106    24.2403    20.9670     7.2197    220.987    6.99633  214.14850    103.193 -9.990e-29
   39.95574  -72.89956     10.243     10.165    24.2424    31.5568 -9.990e-29     0.4849 5.0640e-11  1021.0105    24.2403    20.9668     7.2248    221.143    6.99652  214.15447    103.263 -9.990e-29
   39.95574  -72.89956     10.243     10.165    24.2426    31.5567 -9.990e-29     0.4849 5.0640e-11  1021.0104    24.2404    20.9667     7.2250    221.149    6.99658  214.15612    103.265 -9.990e-29
   39.95574  -72.89956     10.279     10.200    24.2423    31.5566 -9.990e-29     0.4849 5.0640e-11  1021.0108    24.2401    20.9667     7.2255    221.163    6.99667  214.15904    103.270 -9.990e-29
   39.95574  -72.89956     10.284     10.205    24.2424    31.5563 -9.990e-29     0.4849 5.0640e-11  1021.0106    24.2403    20.9665     7.2214    221.036    6.99692  214.16665    103.208 -9.990e-29
   39.95574  -72.89956     10.315     10.235    24.2423    31.5557 -9.990e-29     0.4849 5.0640e-11  1021.0102    24.2401    20.9660     7.2263    221.186    6.99700  214.16885    103.277 -9.990e-29
   39.95574  -72.89956     10.315     10.235    24.2413    31.5548      8.182     0.4849 5.0640e-11  1021.0095    24.2392    20.9656     7.2264    221.191    6.99689  214.16530    103.281 -9.990e-29
   39.95574  -72.89956     10.345     10.266    24.2402    31.5540      8.182     0.4849 5.0640e-11  1021.0097    24.2381    20.9653     7.2266    221.197    6.99682  214.16308    103.284 -9.990e-29
   39.95574  -72.89956     10.356     10.276    24.2395    31.5531      8.182     0.4849 5.0640e-11  1021.0093    24.2374    20.9649     7.2317    221.352    6.99688  214.16522    103.356 -9.990e-29
   39.95574  -72.89956     10.375     10.296    24.2385    31.5529      8.182     0.4983 5.0640e-11  1021.0086    24.2363    20.9644     7.2278    221.235    6.99702  214.16962    103.299 -9.990e-29
   39.95574  -72.89956     10.381     10.301    24.2372    31.5529      8.182     0.4849 5.0640e-11  1021.0082    24.2350    20.9645     7.2331    221.395    6.99704  214.17013    103.373 -9.990e-29
   39.95574  -72.89956     10.405     10.326    24.2374    31.5529      8.182     0.4849 5.0640e-11  1021.0100    24.2352    20.9654     7.2290    221.271    6.99701  214.16905    103.316 -9.990e-29
   39.95574  -72.89956     10.426     10.346    24.2372    31.5544      8.182     0.4849 5.0640e-11  1021.0109    24.2350    20.9665     7.2292    221.276    6.99699  214.16851    103.318 -9.990e-29
   39.95574  -72.89956     10.437     10.357    24.2368    31.5558      8.182     0.4849 5.0640e-11  1021.0125    24.2347    20.9675     7.2340    221.424    6.99696  214.16756    103.388 -9.990e-29
   39.95574  -72.89956     10.447     10.366    24.2378    31.5569      8.182     0.5117 5.0640e-11  1021.0131    24.2356    20.9682     7.2297    221.293    6.99700  214.16891    103.326 -9.990e-29
   39.95574  -72.89956     10.467     10.387    24.2388    31.5573      8.182     0.5252 5.0640e-11  1021.0132    24.2366    20.9683     7.2347    221.446    6.99716  214.17385    103.395 -9.990e-29
   39.95574  -72.89956     10.487     10.406    24.2399    31.5574      8.182     0.5252 5.0640e-11  1021.0128    24.2377    20.9681     7.2352    221.460    6.99729  214.17793    103.400 -9.990e-29
   39.95572  -72.89956     10.492     10.412    24.2402    31.5574      8.182     0.5252 5.0640e-11  1021.0129    24.2381    20.9679     7.2352    221.460    6.99725  214.17648    103.401 -9.990e-29
   39.95572  -72.89956     10.507     10.427    24.2410    31.5574      8.182     0.5252 5.0640e-11  1021.0128    24.2388    20.9677     7.2308    221.325    6.99731  214.17836    103.337 -9.990e-29
   39.95572  -72.89956     10.518     10.437    24.2415    31.5573      8.182     0.5252 5.0640e-11  1021.0125    24.2393    20.9675     7.2310    221.331    6.99752  214.18481    103.337 -9.990e-29
   39.95572  -72.89956     10.528     10.447    24.2419    31.5571      8.182     0.5252 5.0640e-11  1021.0121    24.2397    20.9672     7.2359    221.480    6.99767  214.18924    103.404 -9.990e-29
   39.95572  -72.89956     10.549     10.467    24.2415    31.5567      8.182     0.5252 5.0640e-11  1021.0124    24.2393    20.9670     7.2313    221.342    6.99770  214.19040    103.339 -9.990e-29
   39.95572  -72.89956     10.558     10.477    24.2417    31.5562      8.182     0.5252 5.0640e-11  1021.0115    24.2395    20.9666     7.2361    221.487    6.99779  214.19320    103.405 -9.990e-29
   39.95572  -72.89956     10.564     10.482    24.2413    31.5558      8.182     0.5252 5.0640e-11  1021.0116    24.2391    20.9664     7.2359    221.482    6.99780  214.19319    103.403 -9.990e-29
   39.95572  -72.89956     10.588     10.507    24.2404    31.5558      8.182     0.5252 5.0640e-11  1021.0115    24.2382    20.9665     7.2309    221.328    6.99769  214.18980    103.332 -9.990e-29
   39.95572  -72.89956     10.579     10.497    24.2396    31.5558      8.182     0.5252 5.0640e-11  1021.0119    24.2374    20.9667     7.2351    221.457    6.99767  214.18894    103.393 -9.990e-29
   39.95572  -72.89956     10.599     10.518    24.2397    31.5562      8.182     0.5252 5.0640e-11  1021.0125    24.2375    20.9671     7.2301    221.303    6.99766  214.18850    103.322 -9.990e-29
   39.95572  -72.89956     10.619     10.537    24.2397    31.5568      8.182     0.5252 5.0640e-11  1021.0130    24.2375    20.9675     7.2295    221.284    6.99758  214.18627    103.314 -9.990e-29
   39.95572  -72.89956     10.639     10.558    24.2399    31.5568      8.182     0.5252 5.0640e-11  1021.0135    24.2377    20.9678     7.2289    221.268    6.99764  214.18836    103.305 -9.990e-29
   39.95572  -72.89956     10.643     10.562    24.2404    31.5568      8.182     0.5252 5.0640e-11  1021.0134    24.2382    20.9677     7.2286    221.259    6.99768  214.18940    103.300 -9.990e-29
   39.95572  -72.89956     10.649     10.567    24.2410    31.5567      8.182     0.5252 5.0640e-11  1021.0127    24.2388    20.9672     7.2283    221.247    6.99769  214.18952    103.295 -9.990e-29
   39.95572  -72.89956     10.670     10.588    24.2415    31.5563      8.182     0.5252 5.0640e-11  1021.0122    24.2393    20.9668     7.2279    221.235    6.99769  214.18960    103.289 -9.990e-29
   39.95572  -72.89956     10.670     10.588    24.2415    31.5561      8.182     0.5252 5.0640e-11  1021.0122    24.2393    20.9666     7.2275    221.224    6.99773  214.19114    103.283 -9.990e-29
   39.95572  -72.89956     10.700     10.618    24.2415    31.5561      8.182     0.5252 5.0640e-11  1021.0120    24.2393    20.9665     7.2270    221.210    6.99773  214.19116    103.277 -9.990e-29
   39.95572  -72.89956     10.715     10.633    24.2404    31.5561      8.182     0.5252 5.0640e-11  1021.0125    24.2382    20.9667     7.2221    221.059    6.99773  214.19151    103.206 -9.990e-29
   39.95572  -72.89956     10.730     10.648    24.2403    31.5562      8.182     0.5252 5.0640e-11  1021.0128    24.2380    20.9669     7.2263    221.187    6.99787  214.19617    103.264 -9.990e-29
   39.95572  -72.89956     10.730     10.648    24.2404    31.5566      8.182     0.5252 5.0640e-11  1021.0132    24.2382    20.9672     7.2262    221.184    6.99800  214.19994    103.261 -9.990e-29
   39.95572  -72.89956     10.751     10.668    24.2406    31.5570      8.182     0.5252 5.0640e-11  1021.0135    24.2384    20.9675     7.2259    221.175    6.99795  214.19857    103.257 -9.990e-29
   39.95572  -72.89956     10.760     10.678    24.2406    31.5572      8.182     0.5252 5.0640e-11  1021.0138    24.2384    20.9676     7.2258    221.173    6.99810  214.20323    103.254 -9.990e-29
   39.95572  -72.89956     10.771     10.689    24.2408    31.5572      8.182     0.5252 5.0640e-11  1021.0137    24.2386    20.9676     7.2257    221.170    6.99822  214.20684    103.251 -9.990e-29
   39.95572  -72.89956     10.817     10.734    24.2411    31.5572      8.182     0.5252 5.0640e-11  1021.0138    24.2389    20.9675     7.2253    221.156    6.99807  214.20205    103.246 -9.990e-29
   39.95574  -72.89954     10.802     10.719    24.2413    31.5571      8.182     0.5252 5.0640e-11  1021.0136    24.2391    20.9674     7.2201    220.996    6.99788  214.19562    103.175 -9.990e-29
   39.95574  -72.89954     10.832     10.749    24.2413    31.5571      8.182     0.5252 5.0640e-11  1021.0136    24.2391    20.9673     7.2241    221.120    6.99777  214.19226    103.235 -9.990e-29
   39.95574  -72.89954     10.841     10.758    24.2417    31.5571      8.182     0.5252 5.0640e-11  1021.0134    24.2394    20.9672     7.2237    221.107    6.99764  214.18801    103.230 -9.990e-29
   39.95574  -72.89954     10.841     10.758    24.2415    31.5570      8.182     0.5252 5.0640e-11  1021.0138    24.2392    20.9673     7.2235    221.102    6.99751  214.18400    103.230 -9.990e-29
   39.95574  -72.89954     10.898     10.814    24.2419    31.5570      8.182     0.5252 5.0640e-11  1021.0138    24.2396    20.9673     7.2230    221.087    6.99737  214.17959    103.225 -9.990e-29
   39.95574  -72.89954     10.892     10.809    24.2417    31.5569      8.182     0.5252 5.0640e-11  1021.0139    24.2395    20.9672     7.2179    220.929    6.99726  214.17625    103.153 -9.990e-29
   39.95574  -72.89954     10.903     10.820    24.2417    31.5564      8.182     0.5252 5.0640e-11  1021.0136    24.2394    20.9668     7.2172    220.910    6.99720  214.17463    103.145 -9.990e-29
   39.95574  -72.89954     10.923     10.839    24.2417    31.5555      8.182     0.5252 5.0640e-11  1021.0128    24.2394    20.9661     7.2165    220.888    6.99707  214.17085    103.136 -9.990e-29
   39.95574  -72.89954     10.928     10.844    24.2406    31.5546      8.182     0.5252 5.0640e-11  1021.0120    24.2383    20.9656     7.2159    220.868    6.99700  214.16889    103.128 -9.990e-29
   39.95574  -72.89954     10.954     10.870    24.2401    31.5542      8.182     0.5252 5.0640e-11  1021.0125    24.2378    20.9656     7.2156    220.859    6.99701  214.16923    103.124 -9.990e-29
   39.95574  -72.89954     10.964     10.880    24.2394    31.5542      8.182     0.5252 5.0640e-11  1021.0125    24.2371    20.9656     7.2153    220.851    6.99703  214.16969    103.119 -9.990e-29
   39.95574  -72.89954     10.973     10.889    24.2377    31.5542      8.182     0.5252 5.0640e-11  1021.0122    24.2354    20.9658     7.2151    220.845    6.99711  214.17235    103.116 -9.990e-29
   39.95574  -72.89954     10.994     10.910    24.2365    31.5545      8.182     0.5252 5.0640e-11  1021.0139    24.2342    20.9666     7.2147    220.833    6.99724  214.17624    103.108 -9.990e-29
   39.95574  -72.89954     11.009     10.925    24.2370    31.5546      8.182     0.5252 5.0640e-11  1021.0147    24.2347    20.9672     7.2146    220.828    6.99736  214.17973    103.104 -9.990e-29
   39.95574  -72.89954     11.015     10.930    24.2376    31.5546      8.182     0.5252 5.0640e-11  1021.0146    24.2353    20.9671     7.2143    220.821    6.99739  214.18061    103.101 -9.990e-29
   39.95574  -72.89954     11.035     10.951    24.2376    31.5546      8.182     0.5252 5.0640e-11  1021.0135    24.2353    20.9667     7.2141    220.813    6.99738  214.18040    103.097 -9.990e-29
   39.95574  -72.89954     11.035     10.951    24.2365    31.5546      8.182     0.5252 5.0640e-11  1021.0135    24.2342    20.9666     7.2188    220.958    6.99737  214.17995    103.165 -9.990e-29
