CalculateIndicators/WaterTemperature/Data/CTD_NYOS/20220928_C04.cnv
* Sea-Bird SBE 9 Data File:
* FileName = C:\Seabird 9 CTD\Data\2022\202209_offshore\20220928_C04.hex
* Software Version Seasave V 7.23.2
* Temperature SN = 4590
* Conductivity SN = 3228
* Number of Bytes Per Scan = 44
* Number of Voltage Words = 5
* Number of Scans Averaged by the Deck Unit = 1
* NMEA Latitude = 40 09.90 N
* NMEA Longitude = 073 19.04 W
* NMEA UTC (Time) = Feb 12 2003  18:02:52
* NMEA baud rate = 4800
** Ship: seawolf
** Station: 6.2
** Operator: SJW
# nquan = 18
# nvalues = 11788                       
# units = specified
# name 0 = latitude: Latitude [deg]
# name 1 = longitude: Longitude [deg]
# name 2 = prDM: Pressure, Digiquartz [db]
# name 3 = depSM: Depth [salt water, m]
# name 4 = t090C: Temperature [ITS-90, deg C]
# name 5 = sal00: Salinity, Practical [PSU]
# name 6 = ph: pH
# name 7 = flECO-AFL: Fluorescence, WET Labs ECO-AFL/FL [mg/m^3]
# name 8 = cpar: CPAR/Corrected Irradiance [%]
# name 9 = density00: Density [density, kg/m^3]
# name 10 = potemp090C: Potential Temperature [ITS-90, deg C]
# name 11 = sigma-é00: Density [sigma-theta, kg/m^3]
# name 12 = sbeox0Mg/L: Oxygen, SBE 43 [mg/l]
# name 13 = sbox0Mm/Kg: Oxygen, SBE 43 [umol/kg]
# name 14 = oxsolMg/L: Oxygen Saturation, Garcia & Gordon [mg/l]
# name 15 = oxsolMm/Kg: Oxygen Saturation, Garcia & Gordon [umol/kg]
# name 16 = sbeox0PS: Oxygen, SBE 43 [% saturation]
# name 17 = flag:  0.000e+00
# span 0 =   40.16410,   40.16502       
# span 1 =  -73.31746,  -73.31566       
# span 2 =      1.523,     36.024       
# span 3 =      1.511,     35.744       
# span 4 =    13.1005,    20.5536       
# span 5 =    32.6545,    33.5333       
# span 6 =      6.888,      8.317       
# span 7 =     0.0148,     0.6998       
# span 8 = 2.9657e-01, 1.7009e+02       
# span 9 =  1022.8463,  1025.2392       
# span 10 =    13.0957,    20.5532      
# span 11 =    22.8381,    25.0885      
# span 12 =     4.7670,     8.0209      
# span 13 =    145.328,    244.606      
# span 14 =    7.41483,    8.54245      
# span 15 =  226.44333,  260.42597      
# span 16 =     55.811,     96.871      
# span 17 = 0.0000e+00, 0.0000e+00      
# interval = seconds: 0.0416667
# start_time = Sep 28 2022 18:02:53 [System UTC, first data scan.]
# bad_flag = -9.990e-29
*END*
[from data line 11739]
   40.16410 -9.990e-29      2.006      1.991    20.5411    32.6710 -9.990e-29     0.0819 8.9424e+01  1022.8531    20.5407    22.8443     7.0384    215.042    7.42398  226.82110     94.807 -9.990e-29
   40.16410 -9.990e-29      2.006      1.991    20.5415    32.6710 -9.990e-29     0.0819 9.9787e+01  1022.8527    20.5411    22.8443 -9.990e-29 -9.990e-29 -9.990e-29 -9.990e-29 -9.990e-29 -9.990e-29
   40.16410 -9.990e-29      2.036      2.021    20.5411    32.6710 -9.990e-29     0.0819 7.4279e+01  1022.8534    20.5407    22.8443 -9.990e-29 -9.990e-29 -9.990e-29 -9.990e-29 -9.990e-29 -9.990e-29
   40.16410 -9.990e-29      2.017      2.002    20.5415    32.6709 -9.990e-29     0.0685 3.1360e+01  1022.8527    20.5411    22.8442 -9.990e-29 -9.990e-29 -9.990e-29 -9.990e-29 -9.990e-29 -9.990e-29
   40.16410 -9.990e-29      2.046      2.030    20.5415    32.6709 -9.990e-29     0.0685 2.3017e+01  1022.8528    20.5411    22.8441 -9.990e-29 -9.990e-29 -9.990e-29 -9.990e-29 -9.990e-29 -9.990e-29
   40.16410 -9.990e-29      2.046      2.030    20.5413    32.6708 -9.990e-29     0.0685 2.4280e+01  1022.8531    20.5409    22.8442 -9.990e-29 -9.990e-29 -9.990e-29 -9.990e-29 -9.990e-29 -9.990e-29
   40.16410 -9.990e-29      2.067      2.051    20.5413    32.6708 -9.990e-29     0.0551 3.1448e+01  1022.8533    20.5409    22.8442 -9.990e-29 -9.990e-29 -9.990e-29 -9.990e-29 -9.990e-29 -9.990e-29
   40.16410 -9.990e-29      2.076      2.060    20.5413    32.6707 -9.990e-29     0.0551 3.4896e+01  1022.8529    20.5410    22.8441 -9.990e-29 -9.990e-29 -9.990e-29 -9.990e-29 -9.990e-29 -9.990e-29
   40.16410 -9.990e-29      2.086      2.070    20.5415    32.6707 -9.990e-29     0.0551 3.6297e+01  1022.8531    20.5411    22.8440 -9.990e-29 -9.990e-29 -9.990e-29 -9.990e-29 -9.990e-29 -9.990e-29
   40.16410 -9.990e-29      2.106      2.090    20.5415    32.6707 -9.990e-29     0.0551 4.8900e+01  1022.8531    20.5411    22.8441 -9.990e-29 -9.990e-29 -9.990e-29 -9.990e-29 -9.990e-29 -9.990e-29
   40.16410 -9.990e-29      2.117      2.101    20.5415    32.6709 -9.990e-29     0.0551 5.6758e+01  1022.8534    20.5411    22.8441 -9.990e-29 -9.990e-29 -9.990e-29 -9.990e-29 -9.990e-29 -9.990e-29
   40.16410 -9.990e-29      2.127      2.111    20.5415    32.6709 -9.990e-29     0.0551 5.7239e+01  1022.8534    20.5411    22.8441 -9.990e-29 -9.990e-29 -9.990e-29 -9.990e-29 -9.990e-29 -9.990e-29
   40.16410 -9.990e-29      2.159      2.142    20.5418    32.6709 -9.990e-29     0.0551 4.6749e+01  1022.8534    20.5414    22.8441 -9.990e-29 -9.990e-29 -9.990e-29 -9.990e-29 -9.990e-29 -9.990e-29
   40.16410 -9.990e-29      2.157      2.141    20.5418    32.6709 -9.990e-29     0.0551 4.1193e+01  1022.8536    20.5414    22.8441 -9.990e-29 -9.990e-29 -9.990e-29 -9.990e-29 -9.990e-29 -9.990e-29
   40.16410 -9.990e-29      2.178      2.161    20.5418    32.6706 -9.990e-29     0.0551 4.0504e+01  1022.8534    20.5414    22.8439 -9.990e-29 -9.990e-29 -9.990e-29 -9.990e-29 -9.990e-29 -9.990e-29
   40.16410 -9.990e-29      2.188      2.171    20.5422    32.6702 -9.990e-29     0.0551 4.9314e+01  1022.8531    20.5417    22.8435 -9.990e-29 -9.990e-29 -9.990e-29 -9.990e-29 -9.990e-29 -9.990e-29
   40.16410 -9.990e-29      2.208      2.191    20.5420    32.6702 -9.990e-29     0.0685 5.7562e+01  1022.8524    20.5416    22.8433 -9.990e-29 -9.990e-29 -9.990e-29 -9.990e-29 -9.990e-29 -9.990e-29
   40.16410 -9.990e-29      2.229      2.212    20.5420    32.6702 -9.990e-29     0.0551 5.9037e+01  1022.8532    20.5416    22.8435 -9.990e-29 -9.990e-29 -9.990e-29 -9.990e-29 -9.990e-29 -9.990e-29
   40.16410 -9.990e-29      2.229      2.212    20.5422    32.6705 -9.990e-29     0.0551 6.0210e+01  1022.8534    20.5418    22.8437 -9.990e-29 -9.990e-29 -9.990e-29 -9.990e-29 -9.990e-29 -9.990e-29
   40.16410 -9.990e-29      2.238      2.221    20.5420    32.6706 -9.990e-29     0.0551 6.2101e+01  1022.8536    20.5416    22.8439 -9.990e-29 -9.990e-29 -9.990e-29 -9.990e-29 -9.990e-29 -9.990e-29
   40.16410 -9.990e-29      2.259      2.242    20.5418    32.6706 -9.990e-29     0.0551 6.2452e+01  1022.8539    20.5414    22.8440 -9.990e-29 -9.990e-29 -9.990e-29 -9.990e-29 -9.990e-29 -9.990e-29
   40.16410 -9.990e-29      2.259      2.242    20.5420    32.6707 -9.990e-29     0.0685 6.4413e+01  1022.8535    20.5416    22.8439 -9.990e-29 -9.990e-29 -9.990e-29 -9.990e-29 -9.990e-29 -9.990e-29
   40.16410 -9.990e-29      2.278      2.261    20.5420    32.6707 -9.990e-29     0.0551 6.7757e+01  1022.8537    20.5416    22.8438 -9.990e-29 -9.990e-29 -9.990e-29 -9.990e-29 -9.990e-29 -9.990e-29
   40.16410 -9.990e-29      2.278      2.261    20.5420    32.6707 -9.990e-29     0.0685 6.8523e+01  1022.8538    20.5416    22.8439 -9.990e-29 -9.990e-29 -9.990e-29 -9.990e-29 -9.990e-29 -9.990e-29
   40.16410 -9.990e-29      2.289      2.272    20.5420    32.6707 -9.990e-29     0.0551 6.7888e+01  1022.8538    20.5416    22.8439 -9.990e-29 -9.990e-29 -9.990e-29 -9.990e-29 -9.990e-29 -9.990e-29
   40.16410 -9.990e-29      2.289      2.272    20.5422    32.6707 -9.990e-29     0.0551 6.6565e+01  1022.8537    20.5417    22.8439 -9.990e-29 -9.990e-29 -9.990e-29 -9.990e-29 -9.990e-29 -9.990e-29
   40.16410 -9.990e-29      2.310      2.292    20.5420    32.6707 -9.990e-29     0.0551 6.6191e+01  1022.8539    20.5416    22.8438 -9.990e-29 -9.990e-29 -9.990e-29 -9.990e-29 -9.990e-29 -9.990e-29
   40.16410 -9.990e-29      2.299      2.281    20.5420    32.6707 -9.990e-29     0.0551 6.7567e+01  1022.8537    20.5416    22.8438 -9.990e-29 -9.990e-29 -9.990e-29 -9.990e-29 -9.990e-29 -9.990e-29
   40.16410 -9.990e-29      2.319      2.302    20.5420    32.6707 -9.990e-29     0.0685 7.2017e+01  1022.8541    20.5416    22.8439 -9.990e-29 -9.990e-29 -9.990e-29 -9.990e-29 -9.990e-29 -9.990e-29
   40.16410 -9.990e-29      2.321      2.303    20.5420    32.6707 -9.990e-29     0.0551 7.3862e+01  1022.8538    20.5416    22.8439 -9.990e-29 -9.990e-29 -9.990e-29 -9.990e-29 -9.990e-29 -9.990e-29
   40.16410 -9.990e-29      2.319      2.302    20.5420    32.6707 -9.990e-29     0.0685 7.5755e+01  1022.8541    20.5416    22.8439 -9.990e-29 -9.990e-29 -9.990e-29 -9.990e-29 -9.990e-29 -9.990e-29
   40.16410 -9.990e-29      2.329      2.311    20.5420    32.6707 -9.990e-29     0.0551 8.9676e+01  1022.8539    20.5416    22.8440 -9.990e-29 -9.990e-29 -9.990e-29 -9.990e-29 -9.990e-29 -9.990e-29
   40.16410 -9.990e-29      2.329      2.311    20.5418    32.6709 -9.990e-29     0.0551 9.7021e+01  1022.8543    20.5414    22.8441 -9.990e-29 -9.990e-29 -9.990e-29 -9.990e-29 -9.990e-29 -9.990e-29
   40.16410 -9.990e-29      2.329      2.311    20.5418    32.6709 -9.990e-29     0.0551 9.5936e+01  1022.8545    20.5414    22.8442 -9.990e-29 -9.990e-29 -9.990e-29 -9.990e-29 -9.990e-29 -9.990e-29
   40.16410 -9.990e-29      2.329      2.311    20.5418    32.6709 -9.990e-29     0.0551 6.3280e+01  1022.8541    20.5414    22.8441 -9.990e-29 -9.990e-29 -9.990e-29 -9.990e-29 -9.990e-29 -9.990e-29
   40.16410 -9.990e-29      2.340      2.322    20.5418    32.6708 -9.990e-29     0.0551 4.9271e+01  1022.8541    20.5414    22.8440 -9.990e-29 -9.990e-29 -9.990e-29 -9.990e-29 -9.990e-29 -9.990e-29
   40.16410 -9.990e-29      2.330      2.313    20.5416    32.6708 -9.990e-29     0.0551 4.7770e+01  1022.8541    20.5412    22.8440 -9.990e-29 -9.990e-29 -9.990e-29 -9.990e-29 -9.990e-29 -9.990e-29
   40.16410 -9.990e-29      2.340      2.322    20.5417    32.6708 -9.990e-29     0.0551 3.9235e+01  1022.8541    20.5413    22.8440 -9.990e-29 -9.990e-29 -9.990e-29 -9.990e-29 -9.990e-29 -9.990e-29
   40.16410 -9.990e-29      2.340      2.322    20.5416    32.6708 -9.990e-29     0.0551 3.3425e+01  1022.8542    20.5412    22.8441 -9.990e-29 -9.990e-29 -9.990e-29 -9.990e-29 -9.990e-29 -9.990e-29
   40.16410 -9.990e-29      2.350      2.332    20.5416    32.6708 -9.990e-29     0.0551 3.2498e+01  1022.8544    20.5412    22.8441 -9.990e-29 -9.990e-29 -9.990e-29 -9.990e-29 -9.990e-29 -9.990e-29
   40.16410 -9.990e-29      2.340      2.322    20.5416    32.6709 -9.990e-29     0.0551 3.1955e+01  1022.8542    20.5412    22.8441 -9.990e-29 -9.990e-29 -9.990e-29 -9.990e-29 -9.990e-29 -9.990e-29
   40.16410 -9.990e-29      2.350      2.332    20.5417    32.6709 -9.990e-29     0.0551 3.1244e+01  1022.8541    20.5413    22.8441 -9.990e-29 -9.990e-29 -9.990e-29 -9.990e-29 -9.990e-29 -9.990e-29
   40.16410 -9.990e-29      2.350      2.332    20.5416    32.6709 -9.990e-29     0.0551 3.1156e+01  1022.8545    20.5412    22.8442 -9.990e-29 -9.990e-29 -9.990e-29 -9.990e-29 -9.990e-29 -9.990e-29
   40.16410 -9.990e-29      2.350      2.332    20.5418    32.6709 -9.990e-29     0.0551 3.5558e+01  1022.8545    20.5414    22.8442 -9.990e-29 -9.990e-29 -9.990e-29 -9.990e-29 -9.990e-29 -9.990e-29
   40.16410 -9.990e-29      2.340      2.322    20.5418    32.6709 -9.990e-29     0.0551 4.3537e+01  1022.8541    20.5414    22.8440 -9.990e-29 -9.990e-29 -9.990e-29 -9.990e-29 -9.990e-29 -9.990e-29
   40.16410 -9.990e-29      2.359      2.341    20.5415    32.6708 -9.990e-29     0.0551 4.5926e+01  1022.8543    20.5411    22.8440 -9.990e-29 -9.990e-29 -9.990e-29 -9.990e-29 -9.990e-29 -9.990e-29
   40.16410 -9.990e-29      2.340      2.322    20.5416    32.6707 -9.990e-29     0.0551 5.0675e+01  1022.8541    20.5412    22.8440 -9.990e-29 -9.990e-29 -9.990e-29 -9.990e-29 -9.990e-29 -9.990e-29
   40.16410 -9.990e-29      2.350      2.332    20.5416    32.6707 -9.990e-29     0.0685 6.2925e+01  1022.8542    20.5412    22.8440 -9.990e-29 -9.990e-29 -9.990e-29 -9.990e-29 -9.990e-29 -9.990e-29
   40.16410 -9.990e-29      2.350      2.332    20.5413    32.6707 -9.990e-29     0.0551 6.7697e+01  1022.8543    20.5408    22.8440 -9.990e-29 -9.990e-29 -9.990e-29 -9.990e-29 -9.990e-29 -9.990e-29
