CalculateIndicators/WaterTemperature/Data/CTD_NYOS/20220928_C05.cnv
* Sea-Bird SBE 9 Data File:
* FileName = C:\Seabird 9 CTD\Data\2022\202209_offshore\20220928_C05.hex
* Software Version Seasave V 7.23.2
* Temperature SN = 4590
* Conductivity SN = 3228
* Number of Bytes Per Scan = 44
* Number of Voltage Words = 5
* Number of Scans Averaged by the Deck Unit = 1
* NMEA Latitude = 39 49.33 N
* NMEA Longitude = 073 11.75 W
* NMEA UTC (Time) = Feb 12 2003  21:38:11
* NMEA baud rate = 4800
** Ship: seawolf
** Station: 6.3
** Operator: SJW
# nquan = 18
# nvalues = 10852                       
# units = specified
# name 0 = latitude: Latitude [deg]
# name 1 = longitude: Longitude [deg]
# name 2 = prDM: Pressure, Digiquartz [db]
# name 3 = depSM: Depth [salt water, m]
# name 4 = t090C: Temperature [ITS-90, deg C]
# name 5 = sal00: Salinity, Practical [PSU]
# name 6 = ph: pH
# name 7 = flECO-AFL: Fluorescence, WET Labs ECO-AFL/FL [mg/m^3]
# name 8 = cpar: CPAR/Corrected Irradiance [%]
# name 9 = density00: Density [density, kg/m^3]
# name 10 = potemp090C: Potential Temperature [ITS-90, deg C]
# name 11 = sigma-é00: Density [sigma-theta, kg/m^3]
# name 12 = sbeox0Mg/L: Oxygen, SBE 43 [mg/l]
# name 13 = sbox0Mm/Kg: Oxygen, SBE 43 [umol/kg]
# name 14 = oxsolMg/L: Oxygen Saturation, Garcia & Gordon [mg/l]
# name 15 = oxsolMm/Kg: Oxygen Saturation, Garcia & Gordon [umol/kg]
# name 16 = sbeox0PS: Oxygen, SBE 43 [% saturation]
# name 17 = flag:  0.000e+00
# span 0 =   39.82202,   39.82222       
# span 1 =  -73.19590,  -73.19518       
# span 2 =      1.955,     40.753       
# span 3 =      1.940,     40.438       
# span 4 =    12.5401,    20.6069       
# span 5 =    33.2098,    33.8461       
# span 6 =      6.896,      8.221       
# span 7 =     0.0013,     1.4519       
# span 8 = 3.8181e-02, 6.0445e+01       
# span 9 =  1023.6117,  1025.5586       
# span 10 =    12.5347,    20.6064      
# span 11 =    23.6013,    25.3765      
# span 12 =     5.2719,     8.2844      
# span 13 =    160.674,    252.561      
# span 14 =    7.37075,    8.62857      
# span 15 =  225.02824,  262.97340      
# span 16 =     61.101,     98.034      
# span 17 = 0.0000e+00, 0.0000e+00      
# interval = seconds: 0.0416667
# start_time = Sep 28 2022 21:38:14 [System UTC, first data scan.]
# bad_flag = -9.990e-29
*END*
[from data line 4985]
   39.82210  -73.19558     23.446     23.265    16.2701    33.5031      6.911     0.4446 1.0784e+00  1024.6252    16.2664    24.5389     7.6577    233.581    7.94668  242.39498     96.364 -9.990e-29
   39.82210  -73.19558     23.450     23.269    16.1654    33.5431      6.911     0.3908 1.0801e+00  1024.6939    16.1617    24.5901     7.6576    233.577    7.94572  242.36624     96.374 -9.990e-29
   39.82212  -73.19558     23.446     23.265    16.0569    33.5686      6.911     0.3774 1.0740e+00  1024.7667    16.0532    24.6344     7.6616    233.704    7.94356  242.30434     96.451 -9.990e-29
   39.82212  -73.19558     23.457     23.276    16.0257    33.5736      6.911     0.3908 1.0787e+00  1024.7571    16.0221    24.6466     7.6637    233.772    7.94417  242.32668     96.470 -9.990e-29
   39.82212  -73.19558     23.431     23.250    16.0196    33.5767      6.911     0.3908 1.0757e+00  1024.7339    16.0159    24.6434     7.6687    233.926    7.94684  242.41007     96.500 0.0000e+00
   39.82212  -73.19558     23.427     23.246    15.9970    33.5788      6.911     0.3908 1.0757e+00  1024.7511    15.9933    24.6492     7.6755    234.134    7.95090  242.53346     96.537 0.0000e+00
   39.82212  -73.19558     23.406     23.226    16.0032    33.5823      6.911     0.3908 1.0774e+00  1024.7707    15.9995    24.6564     7.6774    234.188    7.95531  242.66596     96.506 -9.990e-29
   39.82212  -73.19558     23.410     23.230    16.0622    33.5823      6.911     0.3908 1.0804e+00  1024.7588    16.0585    24.6503     7.6837    234.376    7.95877  242.76682     96.544 -9.990e-29
   39.82212  -73.19558     23.396     23.216    16.1204    33.5869      6.911     0.3774 1.0835e+00  1024.7342    16.1168    24.6345     7.6881    234.508    7.96038  242.81406     96.579 -9.990e-29
   39.82212  -73.19558     23.420     23.239    16.1369    33.5881      6.911     0.3908 1.0835e+00  1024.7161    16.1333    24.6242     7.6862    234.450    7.96119  242.83956     96.545 -9.990e-29
   39.82212  -73.19558     23.406     23.226    16.1244    33.5881      6.911     0.3908 1.0835e+00  1024.7197    16.1208    24.6345     7.6891    234.537    7.96132  242.84051     96.581 -9.990e-29
   39.82212  -73.19558     23.406     23.226    16.1085    33.6330      6.911     0.3908 1.0866e+00  1024.7678    16.1048    24.6692     7.6903    234.572    7.95963  242.78738     96.616 -9.990e-29
   39.82212  -73.19558     23.390     23.209    16.1217    33.6873      6.911     0.3908 1.0866e+00  1024.8313    16.1180    24.7053     7.6920    234.623    7.95810  242.73975     96.656 0.0000e+00
   39.82212  -73.19558     23.376     23.196    16.2017    33.6873      6.911     0.3774 1.0896e+00  1024.8334    16.1980    24.7121     7.6890    234.530    7.95706  242.70511     96.632 -9.990e-29
   39.82212  -73.19558     23.380     23.200    16.2839    33.6873      6.911     0.3908 1.0883e+00  1024.7963    16.2802    24.6859     7.6816    234.302    7.95238  242.56141     96.595 -9.990e-29
   39.82212  -73.19558     23.376     23.196    16.3425    33.6639      6.911     0.3774 1.0883e+00  1024.7434    16.3388    24.6459     7.6719    234.004    7.94565  242.35304     96.555 -9.990e-29
   39.82212  -73.19558     23.385     23.205    16.3681    33.6293      6.911     0.3908 1.0883e+00  1024.7048    16.3644    24.6116     7.6676    233.872    7.93917  242.15578     96.579 -9.990e-29
   39.82212  -73.19558     23.380     23.200    16.3841    33.6214      6.911     0.3908 1.0883e+00  1024.6867    16.3804    24.5936     7.6588    233.610    7.93349  241.98811     96.538 0.0000e+00
   39.82212  -73.19558     23.376     23.196    16.3971    33.6214      6.911     0.3908 1.0914e+00  1024.6908    16.3934    24.5900     7.6513    233.386    7.92928  241.86643     96.494 -9.990e-29
   39.82212  -73.19558     23.376     23.196    16.4224    33.6150      6.911     0.3908 1.0914e+00  1024.6976    16.4187    24.5905     7.6459    233.227    7.92695  241.80002     96.455 -9.990e-29
   39.82212  -73.19558     23.359     23.179    16.4575    33.6150      6.911     0.3908 1.0883e+00  1024.6941    16.4538    24.5839     7.6415    233.096    7.92576  241.76661     96.414 -9.990e-29
   39.82212  -73.19558     23.365     23.185    16.5076    33.6214      6.911     0.3908 1.0883e+00  1024.6693    16.5038    24.5684     7.6324    232.819    7.92552  241.76023     96.302 -9.990e-29
   39.82212  -73.19558     23.380     23.200    16.5419    33.6233      6.911     0.3908 1.0900e+00  1024.6461    16.5382    24.5572     7.6285    232.699    7.92556  241.76073     96.252 -9.990e-29
   39.82212  -73.19558     23.365     23.185    16.5560    33.6233      6.911     0.3908 1.0900e+00  1024.6623    16.5522    24.5599     7.6296    232.734    7.92540  241.75554     96.268 -9.990e-29
   39.82212  -73.19558     23.376     23.196    16.5989    33.6371      6.911     0.3774 1.0869e+00  1024.6776    16.5952    24.5639     7.6199    232.437    7.92494  241.74067     96.152 -9.990e-29
   39.82212  -73.19558     23.369     23.189    16.6633    33.6371      6.912     0.3371 1.0887e+00  1024.6617    16.6595    24.5551     7.6140    232.255    7.92335  241.69054     96.096 0.0000e+00
   39.82212  -73.19558     23.355     23.175    16.7160    33.6371      6.912     0.3237 1.0887e+00  1024.6393    16.7123    24.5369     7.6015    231.872    7.92139  241.62949     95.962 -9.990e-29
   39.82212  -73.19558     23.365     23.185    16.7587    33.6248      6.912     0.3237 1.0904e+00  1024.6177    16.7549    24.5176     7.5943    231.654    7.92026  241.59551     95.885 -9.990e-29
   39.82212  -73.19558     23.369     23.189    16.7913    33.6139      6.912     0.3371 1.0904e+00  1024.6015    16.7875    24.5015     7.5875    231.446    7.91916  241.56479     95.811 -9.990e-29
   39.82212  -73.19558     23.365     23.185    16.8147    33.6058      6.912     0.3371 1.0921e+00  1024.5905    16.8109    24.4894     7.5807    231.245    7.91801  241.53317     95.741 -9.990e-29
   39.82212  -73.19558     23.369     23.189    16.8327    33.5992      6.912     0.3371 1.0935e+00  1024.5816    16.8290    24.4797     7.5696    230.904    7.91823  241.54018     95.597 -9.990e-29
   39.82212  -73.19558     23.355     23.175    16.8495    33.5934      6.912     0.3237 1.0935e+00  1024.5729    16.8458    24.4713     7.5635    230.720    7.91855  241.54866     95.517 -9.990e-29
   39.82212  -73.19558     23.365     23.185    16.8646    33.5887      6.912     0.3371 1.0935e+00  1024.5655    16.8608    24.4642     7.5563    230.498    7.91820  241.53691     95.430 -9.990e-29
   39.82212  -73.19558     23.359     23.179    16.8777    33.5853      6.912     0.3371 1.0948e+00  1024.5608    16.8739    24.4583     7.5484    230.253    7.91677  241.49113     95.346 0.0000e+00
   39.82212  -73.19558     23.355     23.175    16.8927    33.5820      6.912     0.3371 1.0966e+00  1024.5548    16.8890    24.4528     7.5380    229.933    7.91305  241.37447     95.260 -9.990e-29
   39.82212  -73.19558     23.359     23.179    16.9013    33.5781      6.912     0.3237 1.0997e+00  1024.5498    16.8975    24.4477     7.5252    229.542    7.90671  241.17766     95.175 -9.990e-29
   39.82212  -73.19558     23.355     23.175    16.9059    33.5736      6.912     0.3371 1.1028e+00  1024.5449    16.9022    24.4431     7.5156    229.251    7.89858  240.93116     95.152 -9.990e-29
   39.82212  -73.19558     23.355     23.175    16.9061    33.5691      6.912     0.3371 1.1059e+00  1024.5412    16.9023    24.4394     7.5004    228.792    7.89003  240.67586     95.062 -9.990e-29
   39.82212  -73.19558     23.350     23.170    16.9048    33.5650      6.912     0.3237 1.1059e+00  1024.5383    16.9010    24.4364     7.4886    228.436    7.88424  240.50355     94.982 0.0000e+00
   39.82212  -73.19558     23.345     23.166    16.9035    33.5613      6.912     0.3371 1.1140e+00  1024.5364    16.8997    24.4337     7.4733    227.972    7.88025  240.38508     94.836 0.0000e+00
   39.82212  -73.19558     23.334     23.155    16.9039    33.5556      6.912     0.3237 1.1203e+00  1024.5344    16.9001    24.4294     7.4692    227.848    7.87669  240.27768     94.827 -9.990e-29
   39.82212  -73.19558     23.339     23.159    16.9058    33.5452      6.912     0.3371 1.1203e+00  1024.5247    16.9020    24.4219     7.4539    227.383    7.87246  240.14917     94.684 -9.990e-29
   39.82212  -73.19558     23.345     23.166    16.8980    33.5297      6.912     0.3371 1.1235e+00  1024.5149    16.8942    24.4122     7.4432    227.054    7.86752  239.99887     94.606 -9.990e-29
   39.82212  -73.19558     23.329     23.149    16.8823    33.5129      6.912     0.3237 1.1298e+00  1024.5006    16.8785    24.4046     7.4320    226.714    7.86164  239.82094     94.535 0.0000e+00
   39.82212  -73.19558     23.314     23.134    16.8371    33.5129      6.912     0.3237 1.1316e+00  1024.4992    16.8333    24.4082     7.4271    226.567    7.85636  239.66212     94.536 -9.990e-29
   39.82212  -73.19558     23.325     23.145    16.7666    33.5129      6.912     0.3371 1.1316e+00  1024.5262    16.7628    24.4272     7.4187    226.315    7.85251  239.54768     94.476 -9.990e-29
   39.82212  -73.19558     23.308     23.129    16.7048    33.5309      6.912     0.3371 1.1381e+00  1024.5567    16.7010    24.4549     7.4113    226.089    7.84969  239.46383     94.415 0.0000e+00
   39.82212  -73.19558     23.304     23.125    16.6620    33.5547      6.912     0.3237 1.1381e+00  1024.5885    16.6583    24.4830     7.4042    225.877    7.84671  239.37550     94.361 0.0000e+00
   39.82212  -73.19558     23.278     23.099    16.6349    33.5657      6.911     0.3237 1.1431e+00  1024.6161    16.6311    24.5022     7.3975    225.676    7.84385  239.29198     94.310 -9.990e-29
   39.82212  -73.19558     23.304     23.125    16.6414    33.5657      6.911     0.3237 1.1463e+00  1024.6140    16.6376    24.5050     7.3931    225.544    7.84296  239.26814     94.264 -9.990e-29
   39.82210  -73.19558     23.283     23.104    16.6601    33.5657      6.912     0.3237 1.1463e+00  1024.5978    16.6564    24.4953     7.3962    225.643    7.84387  239.29995     94.293 0.0000e+00
   39.82210  -73.19558     23.268     23.089    16.6623    33.5503      6.912     0.3103 1.1496e+00  1024.5823    16.6585    24.4832     7.3979    225.698    7.84769  239.42062     94.268 0.0000e+00
   39.82210  -73.19558     23.253     23.074    16.6499    33.5378      6.911     0.3103 1.1547e+00  1024.5732    16.6461    24.4763     7.4015    225.808    7.85303  239.58366     94.250 0.0000e+00
   39.82210  -73.19558     23.248     23.069    16.6248    33.5378      6.911     0.3237 1.1547e+00  1024.5758    16.6210    24.4773     7.4036    225.869    7.85656  239.68725     94.235 0.0000e+00
   39.82210  -73.19558     23.233     23.054    16.5957    33.5378      6.911     0.3237 1.1580e+00  1024.5839    16.5920    24.4859     7.4067    225.968    7.86086  239.82212     94.223 -9.990e-29
   39.82210  -73.19558     23.233     23.054    16.5678    33.5445      6.911     0.3237 1.1645e+00  1024.6038    16.5641    24.4977     7.4173    226.289    7.86712  240.01161     94.283 -9.990e-29
   39.82210  -73.19558     23.217     23.039    16.5556    33.5508      6.911     0.3103 1.1678e+00  1024.6109    16.5519    24.5059     7.4267    226.572    7.87140  240.13969     94.350 0.0000e+00
   39.82210  -73.19558     23.193     23.014    16.5517    33.5553      6.911     0.3103 1.1697e+00  1024.6084    16.5480    24.5109     7.4254    226.531    7.87539  240.25857     94.286 -9.990e-29
   39.82210  -73.19558     23.197     23.018    16.5464    33.5639      6.911     0.3103 1.1763e+00  1024.6207    16.5427    24.5178     7.4337    226.780    7.87835  240.34500     94.356 -9.990e-29
   39.82210  -73.19558     23.172     22.993    16.5536    33.5744      6.911     0.3237 1.1763e+00  1024.6280    16.5499    24.5251     7.4360    226.846    7.88011  240.39400     94.364 0.0000e+00
   39.82210  -73.19558     23.162     22.984    16.5616    33.5851      6.911     0.3103 1.1797e+00  1024.6308    16.5579    24.5319     7.4378    226.899    7.88108  240.42168     94.375 0.0000e+00
   39.82210  -73.19558     23.146     22.968    16.5632    33.5987      6.911     0.3103 1.1849e+00  1024.6430    16.5595    24.5397     7.4455    227.134    7.88212  240.45321     94.461 0.0000e+00
   39.82210  -73.19558     23.142     22.963    16.5890    33.6156      6.911     0.3103 1.1849e+00  1024.6480    16.5853    24.5476     7.4481    227.213    7.88320  240.48664     94.481 0.0000e+00
   39.82210  -73.19558     23.125     22.947    16.6244    33.6276      6.911     0.3237 1.1883e+00  1024.6600    16.6206    24.5529     7.4560    227.454    7.88412  240.51361     94.570 0.0000e+00
   39.82210  -73.19558     23.111     22.933    16.6630    33.6276      6.912     0.3237 1.1916e+00  1024.6594    16.6592    24.5488     7.4582    227.517    7.88443  240.52103     94.594 0.0000e+00
   39.82210  -73.19558     23.102     22.924    16.7055    33.6276      6.912     0.3237 1.1916e+00  1024.6357    16.7018    24.5317     7.4659    227.753    7.88449  240.52307     94.691 0.0000e+00
   39.82210  -73.19558     23.085     22.907    16.7411    33.6078      6.912     0.3103 1.1950e+00  1024.6071    16.7374    24.5089     7.4691    227.853    7.88524  240.54641     94.723 0.0000e+00
   39.82210  -73.19558     23.070     22.892    16.7626    33.5895      6.912     0.3237 1.1984e+00  1024.5867    16.7589    24.4896     7.4779    228.119    7.88603  240.56991     94.824 0.0000e+00
   39.82210  -73.19558     23.053     22.876    16.7741    33.5774      6.912     0.3237 1.2052e+00  1024.5747    16.7704    24.4774     7.4812    228.221    7.88662  240.58730     94.860 -9.990e-29
   39.82210  -73.19558     23.060     22.883    16.7774    33.5758      6.912     0.3237 1.2052e+00  1024.5699    16.7737    24.4724     7.4840    228.303    7.88666  240.58695     94.894 -9.990e-29
   39.82210  -73.19558     23.030     22.853    16.7758    33.5758      6.912     0.3237 1.2086e+00  1024.5733    16.7721    24.4724     7.4858    228.358    7.88634  240.57623     94.921 0.0000e+00
   39.82210  -73.19558     23.023     22.846    16.7764    33.5758      6.912     0.3237 1.2120e+00  1024.5744    16.7726    24.4745     7.4880    228.427    7.88655  240.58360     94.947 0.0000e+00
   39.82210  -73.19558     23.009     22.832    16.7779    33.5816      6.912     0.3103 1.2154e+00  1024.5775    16.7742    24.4783     7.4913    228.527    7.88744  240.61208     94.978 0.0000e+00
   39.82210  -73.19558     22.993     22.816    16.7844    33.5900      6.912     0.2968 1.2154e+00  1024.5853    16.7807    24.4834     7.4945    228.624    7.88869  240.65011     95.002 -9.990e-29
   39.82210  -73.19558     23.000     22.823    16.7941    33.5900      6.912     0.2700 1.2223e+00  1024.5907    16.7904    24.4863     7.4968    228.695    7.88929  240.66701     95.026 -9.990e-29
   39.82210  -73.19558     22.972     22.795    16.8020    33.5900      6.912     0.2700 1.2223e+00  1024.5876    16.7983    24.4834     7.4976    228.717    7.88881  240.65112     95.041 -9.990e-29
   39.82210  -73.19558     22.979     22.802    16.8126    33.5870      6.912     0.2700 1.2223e+00  1024.5766    16.8089    24.4748     7.4978    228.723    7.88793  240.62327     95.054 -9.990e-29
   39.82210  -73.19558     22.949     22.772    16.8250    33.5777      6.912     0.2834 1.2258e+00  1024.5616    16.8213    24.4659     7.4976    228.716    7.88679  240.58831     95.065 -9.990e-29
   39.82210  -73.19558     22.963     22.786    16.8243    33.5777      6.912     0.2700 1.2258e+00  1024.5600    16.8206    24.4627     7.4978    228.723    7.88614  240.56941     95.076 -9.990e-29
   39.82210  -73.19558     22.949     22.772    16.8205    33.5777      6.912     0.2834 1.2258e+00  1024.5650    16.8168    24.4655     7.4977    228.722    7.88582  240.55993     95.079 0.0000e+00
