CalculateIndicators/WaterTemperature/Data/CTD_NYOS/202200730_C27.cnv
* Sea-Bird SBE 9 Data File:
* FileName = C:\Seabird 9 CTD\Data\2022\202207_offshore\202200730_C27.hex
* Software Version Seasave V 7.23.2
* Temperature SN = 4590
* Conductivity SN = 3228
* Number of Bytes Per Scan = 44
* Number of Voltage Words = 5
* Number of Scans Averaged by the Deck Unit = 1
* NMEA Latitude = 40 34.23 N
* NMEA Longitude = 072 05.27 W
* NMEA UTC (Time) = Dec 14 2002  12:15:42
* NMEA baud rate = 4800
** Ship: seawolf
** Station: 2.2
** Operator: TCM
# nquan = 18
# nvalues = 12986                       
# units = specified
# name 0 = latitude: Latitude [deg]
# name 1 = longitude: Longitude [deg]
# name 2 = prDM: Pressure, Digiquartz [db]
# name 3 = depSM: Depth [salt water, m]
# name 4 = t090C: Temperature [ITS-90, deg C]
# name 5 = sal00: Salinity, Practical [PSU]
# name 6 = ph: pH
# name 7 = flECO-AFL: Fluorescence, WET Labs ECO-AFL/FL [mg/m^3]
# name 8 = cpar: CPAR/Corrected Irradiance [%]
# name 9 = density00: Density [density, kg/m^3]
# name 10 = potemp090C: Potential Temperature [ITS-90, deg C]
# name 11 = sigma-é00: Density [sigma-theta, kg/m^3]
# name 12 = sbeox0Mg/L: Oxygen, SBE 43 [mg/l]
# name 13 = sbox0Mm/Kg: Oxygen, SBE 43 [umol/kg]
# name 14 = oxsolMg/L: Oxygen Saturation, Garcia & Gordon [mg/l]
# name 15 = oxsolMm/Kg: Oxygen Saturation, Garcia & Gordon [umol/kg]
# name 16 = sbeox0PS: Oxygen, SBE 43 [% saturation]
# name 17 = flag:  0.000e+00
# span 0 =   40.56992,   40.57062       
# span 1 =  -72.08866,  -72.08782       
# span 2 =      1.607,     49.582       
# span 3 =      1.595,     49.194       
# span 4 =     8.5856,    23.0441       
# span 5 =    31.6423,    33.9021       
# span 6 =      7.895,      8.254       
# span 7 =    -0.0389,     2.6338       
# span 8 = 2.0196e-03, 2.2809e+01       
# span 9 =  1021.6289,  1026.0643       
# span 10 =     8.5816,    23.0436      
# span 11 =    21.6197,    25.5900      
# span 12 =     6.6574,    10.9547      
# span 13 =    202.865,    334.028      
# span 14 =    7.12747,    9.43382      
# span 15 =  218.02262,  287.45897      
# span 16 =     70.672,    133.037      
# span 17 = 0.0000e+00, 0.0000e+00      
# interval = seconds: 0.0416667
# start_time = Jul 30 2022 12:15:40 [System UTC, first data scan.]
# bad_flag = -9.990e-29
*END*
[from data line 9729]
   40.57008  -72.08844      8.849      8.781    22.3817    31.9387 -9.990e-29     0.8744 2.4689e+00  1021.8264    22.3799    21.7881     8.1303    248.652    7.21929  220.79052    112.619 -9.990e-29
   40.57008  -72.08844      8.866      8.797    22.3838    31.9382 -9.990e-29     0.8744 2.4621e+00  1021.8255    22.3821    21.7874     8.1294    248.623    7.21837  220.76255    112.620 -9.990e-29
   40.57008  -72.08844      8.845      8.776    22.3855    31.9378 -9.990e-29     0.8744 2.4519e+00  1021.8244    22.3838    21.7865     8.1328    248.731    7.21684  220.71674    112.693 -9.990e-29
   40.57008  -72.08844      8.856      8.787    22.3870    31.9373 -9.990e-29     0.8744 2.4520e+00  1021.8238    22.3852    21.7858     8.1316    248.695    7.21550  220.67698    112.696 -9.990e-29
   40.57008  -72.08844      8.835      8.767    22.3877    31.9371 -9.990e-29     0.8609 2.4419e+00  1021.8233    22.3859    21.7853     8.1309    248.674    7.21457  220.64949    112.701 -9.990e-29
   40.57008  -72.08844      8.856      8.787    22.3886    31.9369 -9.990e-29     0.8744 2.4421e+00  1021.8230    22.3868    21.7851     8.1306    248.666    7.21405  220.63429    112.705 -9.990e-29
   40.57008  -72.08844      8.845      8.776    22.3886    31.9368 -9.990e-29     0.8744 2.4321e+00  1021.8229    22.3868    21.7849     8.1307    248.669    7.21381  220.62729    112.710 -9.990e-29
   40.57008  -72.08844      8.856      8.787    22.3887    31.9367 -9.990e-29     0.8744 2.4222e+00  1021.8229    22.3870    21.7848     8.1308    248.673    7.21362  220.62162    112.715 -9.990e-29
   40.57008  -72.08844      8.845      8.776    22.3889    31.9367 -9.990e-29     0.8609 2.4191e+00  1021.8226    22.3872    21.7847     8.1309    248.676    7.21344  220.61612    112.719 -9.990e-29
   40.57008  -72.08844      8.856      8.787    22.3886    31.9367 -9.990e-29     0.8609 2.4094e+00  1021.8229    22.3868    21.7847     8.1309    248.677    7.21322  220.60960    112.723 -9.990e-29
   40.57006  -72.08842      8.845      8.776    22.3884    31.9366 -9.990e-29     0.8744 2.3997e+00  1021.8228    22.3867    21.7847     8.1310    248.678    7.21303  220.60377    112.726 -9.990e-29
   40.57006  -72.08842      8.856      8.787    22.3884    31.9366 -9.990e-29     0.8878 2.3900e+00  1021.8227    22.3866    21.7847     8.1264    248.539    7.21286  220.59887    112.666 -9.990e-29
   40.57006  -72.08842      8.856      8.787    22.3884    31.9366 -9.990e-29     0.8878 2.3872e+00  1021.8229    22.3867    21.7847     8.1311    248.684    7.21276  220.59557    112.733 -9.990e-29
   40.57006  -72.08842      8.856      8.787    22.3886    31.9365 -9.990e-29     0.8878 2.3777e+00  1021.8227    22.3868    21.7847     8.1262    248.533    7.21256  220.58974    112.668 -9.990e-29
   40.57006  -72.08842      8.866      8.797    22.3886    31.9364 -9.990e-29     0.8878 2.3683e+00  1021.8228    22.3868    21.7845     8.1256    248.515    7.21237  220.58390    112.662 -9.990e-29
   40.57006  -72.08842      8.866      8.797    22.3889    31.9360 -9.990e-29     0.8878 2.3589e+00  1021.8223    22.3872    21.7843     8.1252    248.503    7.21214  220.57698    112.661 -9.990e-29
   40.57006  -72.08842      8.875      8.807    22.3886    31.9357 -9.990e-29     0.8878 2.3497e+00  1021.8222    22.3868    21.7841     8.1248    248.489    7.21183  220.56768    112.659 -9.990e-29
   40.57006  -72.08842      8.875      8.806    22.3882    31.9354 -9.990e-29     0.8878 2.3405e+00  1021.8220    22.3865    21.7840     8.1243    248.474    7.21154  220.55898    112.657 -9.990e-29
   40.57006  -72.08842      8.890      8.822    22.3879    31.9354 -9.990e-29     0.8878 2.3313e+00  1021.8223    22.3861    21.7841     8.1238    248.461    7.21131  220.55219    112.654 -9.990e-29
   40.57006  -72.08842      8.875      8.806    22.3871    31.9353 -9.990e-29     0.8878 2.3193e+00  1021.8224    22.3854    21.7842     8.1232    248.442    7.21117  220.54786    112.648 -9.990e-29
   40.57006  -72.08842      8.886      8.817    22.3859    31.9352 -9.990e-29     0.8878 2.3103e+00  1021.8225    22.3842    21.7844     8.1177    248.273    7.21103  220.54381    112.573 -9.990e-29
   40.57006  -72.08842      8.896      8.827    22.3836    31.9350 -9.990e-29     0.8878 2.2984e+00  1021.8231    22.3819    21.7848     8.1168    248.245    7.21091  220.54001    112.562 -9.990e-29
   40.57006  -72.08842      8.905      8.837    22.3822    31.9349 -9.990e-29     0.8878 2.2867e+00  1021.8235    22.3804    21.7852     8.1157    248.213    7.21070  220.53371    112.551 -9.990e-29
   40.57006  -72.08842      8.905      8.837    22.3809    31.9348 -9.990e-29     0.8878 2.2780e+00  1021.8237    22.3792    21.7855     8.1149    248.189    7.21046  220.52631    112.544 -9.990e-29
   40.57006  -72.08842      8.905      8.837    22.3788    31.9348 -9.990e-29     0.8878 2.2694e+00  1021.8242    22.3771    21.7860     8.1138    248.156    7.20997  220.51170    112.536 -9.990e-29
   40.57006  -72.08842      8.916      8.847    22.3768    31.9348 -9.990e-29     0.8878 2.2579e+00  1021.8249    22.3751    21.7865     8.1081    247.980    7.20968  220.50330    112.461 -9.990e-29
   40.57006  -72.08842      8.926      8.857    22.3758    31.9350 -9.990e-29     0.8878 2.2494e+00  1021.8256    22.3740    21.7870     8.1122    248.107    7.20969  220.50361    112.518 -9.990e-29
   40.57006  -72.08842      8.926      8.857    22.3751    31.9351 -9.990e-29     0.8878 2.2382e+00  1021.8257    22.3733    21.7874     8.1117    248.090    7.20961  220.50123    112.512 -9.990e-29
   40.57006  -72.08842      8.926      8.857    22.3742    31.9352 -9.990e-29     0.8878 2.2334e+00  1021.8262    22.3724    21.7876     8.1108    248.063    7.20929  220.49146    112.505 -9.990e-29
   40.57006  -72.08842      8.947      8.877    22.3742    31.9352 -9.990e-29     0.8878 2.2223e+00  1021.8263    22.3724    21.7878     8.1098    248.033    7.20888  220.47908    112.497 -9.990e-29
   40.57006  -72.08842      8.937      8.868    22.3738    31.9352 -9.990e-29     0.8878 2.2114e+00  1021.8262    22.3721    21.7879     8.1090    248.009    7.20863  220.47175    112.490 -9.990e-29
   40.57006  -72.08842      8.947      8.877    22.3730    31.9349 -9.990e-29     0.8878 2.2095e+00  1021.8264    22.3712    21.7882     8.1082    247.984    7.20834  220.46273    112.483 -9.990e-29
   40.57006  -72.08842      8.956      8.887    22.3694    31.9349 -9.990e-29     0.8878 2.1925e+00  1021.8271    22.3676    21.7890     8.1069    247.945    7.20768  220.44278    112.476 -9.990e-29
   40.57006  -72.08842      8.947      8.877    22.3637    31.9349 -9.990e-29     0.8878 2.1880e+00  1021.8282    22.3620    21.7906     8.1054    247.899    7.20685  220.41768    112.468 -9.990e-29
   40.57006  -72.08844      8.967      8.898    22.3547    31.9356 -9.990e-29     0.8878 2.1836e+00  1021.8317    22.3529    21.7933     8.1035    247.843    7.20573  220.38399    112.460 -9.990e-29
   40.57006  -72.08844      8.956      8.887    22.3465    31.9370 -9.990e-29     0.8878 2.1757e+00  1021.8354    22.3447    21.7963     8.1013    247.776    7.20432  220.34180    112.451 -9.990e-29
   40.57006  -72.08844      8.967      8.898    22.3424    31.9383 -9.990e-29     0.8878 2.1714e+00  1021.8379    22.3406    21.7983     8.0994    247.718    7.20314  220.30650    112.442 -9.990e-29
   40.57006  -72.08844      8.956      8.887    22.3434    31.9387 -9.990e-29     0.8878 2.1697e+00  1021.8378    22.3417    21.7988     8.0980    247.675    7.20238  220.28347    112.435 -9.990e-29
   40.57006  -72.08844      8.967      8.898    22.3460    31.9387 -9.990e-29     0.8878 2.1594e+00  1021.8368    22.3442    21.7984     8.1018    247.793    7.20191  220.26976    112.495 -9.990e-29
   40.57006  -72.08844      8.960      8.891    22.3470    31.9387 -9.990e-29     0.8878 2.1492e+00  1021.8365    22.3453    21.7980     8.0966    247.635    7.20160  220.26040    112.428 -9.990e-29
   40.57006  -72.08844      8.987      8.917    22.3474    31.9384 -9.990e-29     0.8744 2.1477e+00  1021.8364    22.3456    21.7977     8.0961    247.619    7.20132  220.25216    112.425 -9.990e-29
   40.57006  -72.08844      8.967      8.898    22.3470    31.9384 -9.990e-29     0.8878 2.1436e+00  1021.8358    22.3453    21.7977     8.0957    247.608    7.20116  220.24716    112.423 -9.990e-29
   40.57006  -72.08844      8.967      8.898    22.3447    31.9384 -9.990e-29     0.8878 2.1361e+00  1021.8367    22.3429    21.7982     8.0953    247.595    7.20094  220.24055    112.420 -9.990e-29
   40.57006  -72.08844      8.967      8.898    22.3426    31.9384 -9.990e-29     0.8878 2.1262e+00  1021.8375    22.3408    21.7989     8.0949    247.582    7.20069  220.23294    112.418 -9.990e-29
   40.57006  -72.08844      8.967      8.898    22.3406    31.9386 -9.990e-29     0.8878 2.1248e+00  1021.8378    22.3389    21.7998     8.0944    247.568    7.20042  220.22481    112.416 -9.990e-29
   40.57006  -72.08844      8.967      8.898    22.3369    31.9395 -9.990e-29     0.8878 2.1150e+00  1021.8396    22.3351    21.8014     8.0892    247.407    7.20021  220.21846    112.346 -9.990e-29
   40.57006  -72.08844      8.956      8.887    22.3328    31.9412 -9.990e-29     0.8878 2.1077e+00  1021.8419    22.3311    21.8037     8.0936    247.543    7.20015  220.21648    112.409 -9.990e-29
   40.57006  -72.08844      8.956      8.887    22.3292    31.9439 -9.990e-29     0.8878 2.1039e+00  1021.8450    22.3274    21.8065     8.0934    247.537    7.20005  220.21322    112.408 -9.990e-29
   40.57006  -72.08844      8.956      8.887    22.3266    31.9468 -9.990e-29     0.8878 2.0967e+00  1021.8493    22.3248    21.8086     8.0929    247.522    7.19971  220.20277    112.406 -9.990e-29
   40.57006  -72.08844      8.947      8.877    22.3334    31.9468 -9.990e-29     0.8744 2.0955e+00  1021.8483    22.3316    21.8079     8.0926    247.512    7.19947  220.19543    112.405 -9.990e-29
   40.57006  -72.08844      8.947      8.877    22.3460    31.9468 -9.990e-29     0.8744 2.0919e+00  1021.8432    22.3442    21.8043     8.0924    247.506    7.19936  220.19225    112.405 -9.990e-29
   40.57006  -72.08844      8.937      8.868    22.3573    31.9443 -9.990e-29     0.8878 2.0848e+00  1021.8378    22.3556    21.7996     8.0927    247.516    7.19938  220.19278    112.409 -9.990e-29
   40.57006  -72.08844      8.937      8.868    22.3657    31.9415 -9.990e-29     0.8744 2.0778e+00  1021.8330    22.3639    21.7953     8.0882    247.377    7.19944  220.19468    112.345 -9.990e-29
   40.57006  -72.08844      8.916      8.847    22.3705    31.9395 -9.990e-29     0.8878 2.0766e+00  1021.8298    22.3687    21.7923     8.0932    247.531    7.19952  220.19698    112.414 -9.990e-29
   40.57006  -72.08844      8.916      8.847    22.3726    31.9383 -9.990e-29     0.8878 2.0755e+00  1021.8286    22.3708    21.7906     8.0937    247.546    7.19961  220.19981    112.419 -9.990e-29
   40.57006  -72.08844      8.905      8.837    22.3742    31.9379 -9.990e-29     0.8878 2.0686e+00  1021.8278    22.3724    21.7897     8.0941    247.557    7.19959  220.19887    112.424 -9.990e-29
   40.57006  -72.08844      8.896      8.827    22.3754    31.9379 -9.990e-29     0.8878 2.0675e+00  1021.8278    22.3737    21.7893     8.0992    247.712    7.19942  220.19382    112.497 -9.990e-29
   40.57006  -72.08844      8.886      8.817    22.3772    31.9378 -9.990e-29     0.8878 2.0607e+00  1021.8270    22.3755    21.7888     8.0947    247.578    7.19925  220.18868    112.439 -9.990e-29
   40.57008  -72.08846      8.875      8.807    22.3788    31.9376 -9.990e-29     0.8878 2.0539e+00  1021.8264    22.3771    21.7882     8.0999    247.736    7.19912  220.18482    112.513 -9.990e-29
   40.57008  -72.08846      8.866      8.797    22.3802    31.9374 -9.990e-29     0.8744 2.0529e+00  1021.8256    22.3785    21.7877     8.0957    247.607    7.19907  220.18338    112.455 -9.990e-29
   40.57008  -72.08846      8.845      8.777    22.3809    31.9374 -9.990e-29     0.8744 2.0462e+00  1021.8256    22.3792    21.7874     8.1008    247.764    7.19910  220.18439    112.526 -9.990e-29
   40.57008  -72.08846      8.839      8.771    22.3825    31.9374 -9.990e-29     0.8744 2.0395e+00  1021.8250    22.3808    21.7870     8.0968    247.640    7.19918  220.18685    112.468 -9.990e-29
   40.57008  -72.08846      8.824      8.756    22.3840    31.9374 -9.990e-29     0.8744 2.0408e+00  1021.8247    22.3822    21.7866     8.0971    247.651    7.19929  220.19029    112.471 -9.990e-29
   40.57008  -72.08846      8.815      8.746    22.3857    31.9374 -9.990e-29     0.8744 2.0399e+00  1021.8242    22.3840    21.7861     8.0976    247.664    7.19947  220.19573    112.475 -9.990e-29
   40.57008  -72.08846      8.805      8.737    22.3882    31.9372 -9.990e-29     0.8609 2.0355e+00  1021.8233    22.3865    21.7853     8.0981    247.680    7.19972  220.20328    112.478 -9.990e-29
   40.57008  -72.08846      8.794      8.726    22.3907    31.9368 -9.990e-29     0.8744 2.0425e+00  1021.8221    22.3890    21.7843     8.1035    247.846    7.19993  220.20978    112.550 -9.990e-29
   40.57008  -72.08846      8.775      8.707    22.3927    31.9365 -9.990e-29     0.8744 2.0474e+00  1021.8211    22.3909    21.7836     8.1044    247.873    7.20022  220.21848    112.558 -9.990e-29
   40.57008  -72.08846      8.764      8.696    22.3937    31.9365 -9.990e-29     0.8744 2.0373e+00  1021.8208    22.3920    21.7832     8.1053    247.901    7.20055  220.22849    112.565 -9.990e-29
   40.57008  -72.08846      8.745      8.677    22.3947    31.9365 -9.990e-29     0.8609 2.0444e+00  1021.8206    22.3930    21.7829     8.1013    247.778    7.20083  220.23694    112.505 -9.990e-29
   40.57008  -72.08846      8.734      8.666    22.3957    31.9366 -9.990e-29     0.8744 2.0538e+00  1021.8203    22.3940    21.7827     8.1066    247.940    7.20120  220.24810    112.573 -9.990e-29
   40.57008  -72.08846      8.724      8.656    22.3973    31.9366 -9.990e-29     0.8744 2.0552e+00  1021.8198    22.3956    21.7824     8.1073    247.962    7.20159  220.25980    112.577 -9.990e-29
   40.57008  -72.08846      8.703      8.636    22.3989    31.9366      8.221     0.8744 2.0566e+00  1021.8199    22.3972    21.7819     8.1081    247.984    7.20201  220.27264    112.581 -9.990e-29
   40.57008  -72.08846      8.703      8.636    22.4028    31.9366      8.221     0.8744 2.0638e+00  1021.8186    22.4011    21.7809     8.1090    248.014    7.20262  220.29135    112.584 -9.990e-29
   40.57008  -72.08846      8.683      8.616    22.4057    31.9358      8.221     0.8609 2.0674e+00  1021.8163    22.4040    21.7797     8.1102    248.048    7.20340  220.31499    112.588 -9.990e-29
   40.57008  -72.08846      8.663      8.596    22.4057    31.9358      8.221     0.8744 2.0630e+00  1021.8161    22.4040    21.7791     8.1111    248.075    7.20421  220.33927    112.588 -9.990e-29
   40.57008  -72.08846      8.657      8.590    22.4060    31.9358      8.221     0.8609 2.0842e+00  1021.8165    22.4043    21.7790     8.1119    248.102    7.20480  220.35728    112.591 -9.990e-29
   40.57008  -72.08846      8.652      8.586    22.4084    31.9360      8.221     0.8744 2.0820e+00  1021.8162    22.4067    21.7786     8.1128    248.128    7.20538  220.37455    112.594 -9.990e-29
   40.57008  -72.08846      8.632      8.565    22.4117    31.9360      8.221     0.8744 2.0798e+00  1021.8149    22.4100    21.7779     8.1134    248.147    7.20576  220.38590    112.596 -9.990e-29
   40.57008  -72.08846      8.622      8.556    22.4136    31.9362      8.221     0.8744 2.0952e+00  1021.8142    22.4119    21.7773     8.1137    248.155    7.20588  220.38941    112.599 -9.990e-29
   40.57008  -72.08846      8.613      8.546    22.4156    31.9366      8.225     0.8744 2.0989e+00  1021.8144    22.4139    21.7769     8.1139    248.160    7.20593  220.39109    112.600 -9.990e-29
