CalculateIndicators/WaterTemperature/Data/CTD_NYOS/202200730_C25.cnv
* Sea-Bird SBE 9 Data File:
* FileName = C:\Seabird 9 CTD\Data\2022\202207_offshore\202200730_C25.hex
* Software Version Seasave V 7.23.2
* Temperature SN = 4590
* Conductivity SN = 3228
* Number of Bytes Per Scan = 44
* Number of Voltage Words = 5
* Number of Scans Averaged by the Deck Unit = 1
* NMEA Latitude = 40 45.00 N
* NMEA Longitude = 072 30.65 W
* NMEA UTC (Time) = Dec 14 2002  06:21:06
* NMEA baud rate = 4800
** Ship: seawolf
** Station: 3.1
** Operator: TDK
# nquan = 18
# nvalues = 9684                        
# units = specified
# name 0 = latitude: Latitude [deg]
# name 1 = longitude: Longitude [deg]
# name 2 = prDM: Pressure, Digiquartz [db]
# name 3 = depSM: Depth [salt water, m]
# name 4 = t090C: Temperature [ITS-90, deg C]
# name 5 = sal00: Salinity, Practical [PSU]
# name 6 = ph: pH
# name 7 = flECO-AFL: Fluorescence, WET Labs ECO-AFL/FL [mg/m^3]
# name 8 = cpar: CPAR/Corrected Irradiance [%]
# name 9 = density00: Density [density, kg/m^3]
# name 10 = potemp090C: Potential Temperature [ITS-90, deg C]
# name 11 = sigma-é00: Density [sigma-theta, kg/m^3]
# name 12 = sbeox0Mg/L: Oxygen, SBE 43 [mg/l]
# name 13 = sbox0Mm/Kg: Oxygen, SBE 43 [umol/kg]
# name 14 = oxsolMg/L: Oxygen Saturation, Garcia & Gordon [mg/l]
# name 15 = oxsolMm/Kg: Oxygen Saturation, Garcia & Gordon [umol/kg]
# name 16 = sbeox0PS: Oxygen, SBE 43 [% saturation]
# name 17 = flag:  0.000e+00
# span 0 =   40.74976,   40.75006       
# span 1 =  -72.51188,  -72.51082       
# span 2 =      1.746,     24.472       
# span 3 =      1.732,     24.282       
# span 4 =    11.6575,    21.8182       
# span 5 =    30.6842,    33.8998       
# span 6 =      8.060,      8.168       
# span 7 =     0.3371,     1.3579       
# span 8 = 5.0640e-11, 9.9999e+04       
# span 9 =  1021.4372,  1025.2496       
# span 10 =    11.6545,    21.8178      
# span 11 =    21.4233,    25.1702      
# span 12 =     5.8792,     9.5259      
# span 13 =    179.621,    290.526      
# span 14 =    7.31090,    8.83730      
# span 15 =  223.66167,  269.46631      
# span 16 =     75.533,    113.435      
# span 17 = 0.0000e+00, 0.0000e+00      
# interval = seconds: 0.0416667
# start_time = Jul 30 2022 06:21:04 [System UTC, first data scan.]
# bad_flag = -9.990e-29
*END*
[from data line 6111]
   40.74990  -72.51152      6.503      6.453    20.3189    31.5510      8.102     0.5117 5.0640e-11  1022.0793    20.3177    22.0504     7.9992    244.579    7.51269  229.70440    106.476 0.0000e+00
   40.74990  -72.51152      6.492      6.442    20.3331    31.5472      8.102     0.5117 5.0640e-11  1022.0707    20.3319    22.0447     8.0030    244.689    7.51665  229.81902    106.470 0.0000e+00
   40.74990  -72.51152      6.482      6.432    20.3388    31.5449      8.102     0.5117 5.0640e-11  1022.0691    20.3376    22.0406     8.0057    244.769    7.51947  229.90179    106.467 0.0000e+00
   40.74990  -72.51152      6.455      6.405    20.3476    31.5430      8.102     0.5117 5.0640e-11  1022.0654    20.3465    22.0369     8.0100    244.896    7.52337  230.01711    106.468 -9.990e-29
   40.74988  -72.51152      6.462      6.412    20.3583    31.5400      8.101     0.5117 5.0640e-11  1022.0608    20.3571    22.0320     8.0136    245.002    7.52670  230.11643    106.469 -9.990e-29
   40.74988  -72.51152      6.432      6.382    20.3692    31.5358      8.101     0.5117 5.0640e-11  1022.0541    20.3680    22.0259     8.0171    245.108    7.53003  230.21591    106.469 0.0000e+00
   40.74988  -72.51152      6.425      6.375    20.3828    31.5318      8.101     0.5117 5.0640e-11  1022.0458    20.3816    22.0199     8.0179    245.131    7.53100  230.24666    106.465 0.0000e+00
   40.74988  -72.51152      6.392      6.342    20.3908    31.5295      8.101     0.5117 5.0640e-11  1022.0427    20.3896    22.0158     8.0117    244.952    7.52649  230.11809    106.446 -9.990e-29
   40.74988  -72.51152      6.401      6.352    20.3976    31.5290      8.101     0.5117 5.0640e-11  1022.0405    20.3964    22.0139     8.0083    244.861    7.52002  229.93143    106.493 -9.990e-29
   40.74988  -72.51152      6.363      6.314    20.3977    31.5288      8.101     0.5117 5.0640e-11  1022.0419    20.3966    22.0129     7.9998    244.604    7.51762  229.85979    106.414 0.0000e+00
   40.74988  -72.51152      6.350      6.301    20.4015    31.5267      8.101     0.5117 5.0640e-11  1022.0397    20.4003    22.0099     8.0013    244.641    7.51952  229.91131    106.407 0.0000e+00
   40.74988  -72.51152      6.341      6.292    20.4141    31.5228      8.101     0.5117 5.0640e-11  1022.0305    20.4129    22.0051     7.9985    244.550    7.52233  229.99054    106.331 0.0000e+00
   40.74988  -72.51152      6.312      6.263    20.4161    31.5190      8.101     0.5117 5.0640e-11  1022.0294    20.4149    22.0006     8.0046    244.734    7.52390  230.03592    106.389 0.0000e+00
   40.74988  -72.51152      6.301      6.252    20.4244    31.5162      8.101     0.4849 5.0640e-11  1022.0222    20.4233    21.9963     7.9996    244.580    7.52458  230.05708    106.313 0.0000e+00
   40.74988  -72.51152      6.269      6.221    20.4279    31.5162      8.101     0.4714 5.0640e-11  1022.0182    20.4268    21.9945     7.9940    244.409    7.52478  230.06395    106.235 0.0000e+00
   40.74988  -72.51152      6.263      6.214    20.4221    31.5162      8.101     0.4714 5.0640e-11  1022.0213    20.4210    21.9988     7.9981    244.537    7.52476  230.06366    106.291 0.0000e+00
   40.74988  -72.51152      6.230      6.181    20.3990    31.5233      8.101     0.4714 5.0640e-11  1022.0378    20.3978    22.0077     7.9976    244.520    7.52451  230.05629    106.287 -9.990e-29
   40.74988  -72.51152      6.232      6.184    20.3913    31.5301      8.101     0.4714 5.0640e-11  1022.0420    20.3901    22.0165     7.9973    244.511    7.52452  230.05650    106.283 -9.990e-29
   40.74988  -72.51152      6.209      6.161    20.3757    31.5376      8.101     0.4714 5.0640e-11  1022.0513    20.3745    22.0264     7.9918    244.342    7.52441  230.05348    106.211 0.0000e+00
   40.74988  -72.51152      6.179      6.131    20.3528    31.5471      8.101     0.4714 5.0640e-11  1022.0657    20.3517    22.0389     7.9930    244.377    7.52562  230.08886    106.210 0.0000e+00
   40.74988  -72.51152      6.161      6.113    20.3278    31.5554      8.102     0.4714 5.0640e-11  1022.0815    20.3267    22.0503     7.9944    244.419    7.52698  230.12848    106.210 0.0000e+00
   40.74988  -72.51152      6.139      6.091    20.3195    31.5604      8.102     0.4714 5.0640e-11  1022.0831    20.3183    22.0582     7.9949    244.435    7.52787  230.15500    106.204 0.0000e+00
   40.74988  -72.51152      6.128      6.080    20.3018    31.5646      8.102     0.4714 5.0640e-11  1022.0927    20.3007    22.0651     7.9950    244.437    7.52835  230.16945    106.199 0.0000e+00
   40.74988  -72.51152      6.100      6.053    20.2873    31.5646      8.102     0.4714 5.0640e-11  1022.1004    20.2862    22.0697     7.9950    244.437    7.52870  230.18009    106.194 0.0000e+00
   40.74988  -72.51152      6.088      6.041    20.2860    31.5646      8.102     0.4714 5.0640e-11  1022.0968    20.2849    22.0691     7.9899    244.280    7.52879  230.18270    106.124 0.0000e+00
   40.74988  -72.51152      6.067      6.020    20.2895    31.5602      8.102     0.4714 5.0640e-11  1022.0905    20.2884    22.0657     7.9894    244.267    7.52870  230.18039    106.120 0.0000e+00
   40.74988  -72.51152      6.038      5.992    20.2867    31.5557      8.102     0.4714 5.0640e-11  1022.0900    20.2856    22.0621     7.9887    244.246    7.52833  230.16977    106.116 0.0000e+00
   40.74988  -72.51152      6.027      5.981    20.2894    31.5494      8.102     0.4714 5.0640e-11  1022.0847    20.2883    22.0564     7.9843    244.118    7.52511  230.07678    106.103 0.0000e+00
   40.74988  -72.51152      5.999      5.952    20.3015    31.5459      8.102     0.4714 5.0640e-11  1022.0709    20.3004    22.0508     7.9765    243.888    7.51889  229.89698    106.086 0.0000e+00
   40.74988  -72.51152      5.986      5.940    20.2944    31.5459      8.102     0.4714 5.0640e-11  1022.0754    20.2933    22.0505     7.9645    243.537    7.50884  229.60520    106.068 0.0000e+00
   40.74988  -72.51152      5.966      5.919    20.2901    31.5459      8.102     0.4714 5.0640e-11  1022.0791    20.2890    22.0548     7.9540    243.227    7.50025  229.35238    106.050 0.0000e+00
   40.74988  -72.51152      5.938      5.892    20.2825    31.5526      8.102     0.4714 5.0640e-11  1022.0854    20.2814    22.0623     7.9466    243.004    7.49418  229.17033    106.036 0.0000e+00
   40.74988  -72.51152      5.926      5.880    20.2671    31.5630      8.102     0.4714 5.0640e-11  1022.0973    20.2660    22.0745     7.9388    242.772    7.48778  228.97919    106.023 0.0000e+00
   40.74988  -72.51152      5.905      5.859    20.2421    31.5771      8.102     0.4714 5.0640e-11  1022.1153    20.2410    22.0915     7.9284    242.462    7.47941  228.73205    106.003 0.0000e+00
   40.74988  -72.51152      5.876      5.831    20.2079    31.5923      8.102     0.4714 5.0640e-11  1022.1382    20.2069    22.1108     7.9189    242.180    7.47150  228.49810    105.988 0.0000e+00
   40.74988  -72.51152      5.865      5.820    20.1769    31.6054      8.102     0.4714 5.0640e-11  1022.1549    20.1759    22.1291     7.9114    241.955    7.46550  228.31931    105.972 0.0000e+00
   40.74988  -72.51152      5.846      5.801    20.1403    31.6054      8.102     0.4714 5.0640e-11  1022.1748    20.1392    22.1431     7.9106    241.933    7.46085  228.17846    106.028 0.0000e+00
   40.74988  -72.51152      5.814      5.769    20.1176    31.6054      8.102     0.4446 5.0640e-11  1022.1836    20.1165    22.1433     7.9021    241.673    7.45779  228.08400    105.958 0.0000e+00
   40.74988  -72.51152      5.805      5.760    20.1475    31.5915      8.102     0.4311 5.0640e-11  1022.1526    20.1465    22.1243     7.8995    241.591    7.45561  228.01646    105.953 0.0000e+00
   40.74988  -72.51152      5.776      5.731    20.1895    31.5676      8.102     0.4311 5.0640e-11  1022.1167    20.1885    22.0982     7.8966    241.505    7.45350  227.95244    105.945 0.0000e+00
   40.74988  -72.51152      5.743      5.699    20.2113    31.5487      8.102     0.4311 5.0640e-11  1022.1031    20.2102    22.0758     7.8947    241.447    7.45220  227.91253    105.938 0.0000e+00
   40.74988  -72.51152      5.735      5.690    20.2488    31.5319      8.102     0.4311 5.0640e-11  1022.0788    20.2477    22.0546     7.8932    241.400    7.45089  227.87315    105.936 0.0000e+00
   40.74988  -72.51152      5.694      5.649    20.2869    31.5195      8.102     0.4311 5.0640e-11  1022.0530    20.2859    22.0371     7.8917    241.355    7.44992  227.84337    105.930 -9.990e-29
   40.74988  -72.51152      5.705      5.660    20.2988    31.5195      8.102     0.4311 5.0640e-11  1022.0503    20.2978    22.0312     7.8908    241.326    7.44907  227.81710    105.930 -9.990e-29
   40.74988  -72.51152      5.673      5.629    20.2904    31.5195      8.102     0.4311 5.0640e-11  1022.0622    20.2894    22.0329     7.8878    241.239    7.44680  227.75067    105.923 0.0000e+00
   40.74988  -72.51152      5.632      5.588    20.2994    31.5207      8.102     0.4311 5.0640e-11  1022.0573    20.2984    22.0330     7.8866    241.201    7.44565  227.71611    105.922 0.0000e+00
   40.74988  -72.51152      5.603      5.559    20.3062    31.5221      8.102     0.4311 5.0640e-11  1022.0519    20.3052    22.0340     7.8853    241.164    7.44446  227.68029    105.922 -9.990e-29
   40.74988  -72.51152      5.601      5.558    20.2974    31.5336      8.102     0.4311 5.0640e-11  1022.0600    20.2964    22.0466     7.8841    241.128    7.44329  227.64506    105.923 -9.990e-29
   40.74988  -72.51152      5.573      5.529    20.2511    31.5560      8.102     0.4311 5.0640e-11  1022.0981    20.2501    22.0717     7.8780    240.941    7.44220  227.61271    105.856 0.0000e+00
   40.74988  -72.51152      5.541      5.498    20.2144    31.5783      8.102     0.4311 5.0640e-11  1022.1266    20.2134    22.0975     7.8816    241.052    7.44095  227.57581    105.922 0.0000e+00
   40.74988  -72.51152      5.533      5.490    20.1905    31.5940      8.102     0.4311 5.0640e-11  1022.1414    20.1894    22.1172     7.8792    240.976    7.44302  227.63478    105.861 0.0000e+00
   40.74988  -72.51152      5.490      5.448    20.1580    31.6048      8.102     0.4311 5.0640e-11  1022.1597    20.1570    22.1328     7.8824    241.067    7.44566  227.71059    105.866 0.0000e+00
   40.74988  -72.51152      5.470      5.427    20.1324    31.6048      8.102     0.4311 5.0640e-11  1022.1700    20.1314    22.1443     7.8895    241.282    7.44728  227.75819    105.938 0.0000e+00
   40.74988  -72.51152      5.452      5.409    20.1069    31.6048      8.102     0.4311 5.0640e-11  1022.1802    20.1059    22.1488     7.8897    241.284    7.45148  227.88107    105.882 0.0000e+00
   40.74988  -72.51152      5.430      5.388    20.1021    31.5984      8.102     0.4311 5.0640e-11  1022.1759    20.1012    22.1380     7.8915    241.337    7.45283  227.92206    105.886 0.0000e+00
   40.74988  -72.51152      5.410      5.369    20.1473    31.5702      8.102     0.4311 5.0640e-11  1022.1341    20.1463    22.1084     7.8870    241.208    7.44883  227.80870    105.882 0.0000e+00
   40.74988  -72.51152      5.379      5.337    20.2081    31.5538      8.102     0.4311 5.0640e-11  1022.0847    20.2071    22.0775     7.8833    241.101    7.44547  227.71167    105.880 0.0000e+00
   40.74988  -72.51152      5.361      5.319    20.2269    31.5538      8.102     0.4311 5.0640e-11  1022.0764    20.2259    22.0688     7.8808    241.030    7.44280  227.63334    105.885 0.0000e+00
   40.74988  -72.51152      5.339      5.298    20.2035    31.5538      8.102     0.4311 5.0640e-11  1022.1052    20.2026    22.0839     7.8776    240.935    7.43972  227.54224    105.886 0.0000e+00
   40.74988  -72.51152      5.310      5.269    20.1739    31.5748      8.102     0.4311 5.0640e-11  1022.1349    20.1729    22.1052     7.8699    240.703    7.43710  227.46479    105.820 0.0000e+00
   40.74988  -72.51152      5.288      5.247    20.1591    31.5852      8.102     0.4311 5.0640e-11  1022.1470    20.1581    22.1178     7.8731    240.800    7.43551  227.41698    105.885 0.0000e+00
   40.74988  -72.51152      5.258      5.217    20.1554    31.5852      8.102     0.4311 5.0640e-11  1022.1449    20.1544    22.1206     7.8724    240.779    7.43441  227.38279    105.891 0.0000e+00
   40.74988  -72.51152      5.248      5.208    20.1554    31.5852      8.102     0.4446 5.0640e-11  1022.1414    20.1545    22.1190     7.8712    240.743    7.43314  227.34384    105.894 0.0000e+00
   40.74988  -72.51152      5.217      5.176    20.1562    31.5830      8.102     0.4446 5.0640e-11  1022.1395    20.1553    22.1172     7.8703    240.714    7.43231  227.31837    105.893 0.0000e+00
   40.74988  -72.51152      5.199      5.159    20.1583    31.5830      8.102     0.4446 5.0640e-11  1022.1381    20.1574    22.1163     7.8754    240.870    7.43201  227.30821    105.966 0.0000e+00
   40.74988  -72.51152      5.156      5.116    20.1581    31.5830      8.102     0.4446 5.0640e-11  1022.1385    20.1571    22.1162     7.8708    240.727    7.43178  227.29999    105.907 -9.990e-29
   40.74988  -72.51152      5.158      5.118    20.1592    31.5835      8.102     0.4446 5.0640e-11  1022.1373    20.1583    22.1180     7.8709    240.730    7.43149  227.29108    105.913 -9.990e-29
   40.74988  -72.51152      5.126      5.086    20.1484    31.5876      8.102     0.4446 5.0640e-11  1022.1449    20.1475    22.1230     7.8759    240.884    7.43133  227.28590    105.983 0.0000e+00
   40.74988  -72.51152      5.107      5.067    20.1364    31.5924      8.102     0.4446 5.0640e-11  1022.1531    20.1355    22.1291     7.8762    240.893    7.43118  227.28058    105.989 0.0000e+00
   40.74988  -72.51152      5.075      5.036    20.1293    31.5950      8.102     0.4446 5.0640e-11  1022.1564    20.1284    22.1330     7.8766    240.903    7.43109  227.27725    105.995 0.0000e+00
   40.74988  -72.51152      5.046      5.007    20.1261    31.5950      8.102     0.4446 5.0640e-11  1022.1566    20.1252    22.1345     7.8822    241.074    7.43109  227.27725    106.071 0.0000e+00
   40.74988  -72.51152      5.035      4.996    20.1235    31.5950      8.102     0.4446 5.0640e-11  1022.1573    20.1226    22.1349     7.8831    241.102    7.43120  227.28016    106.082 0.0000e+00
   40.74988  -72.51152      5.006      4.968    20.1231    31.5945      8.102     0.4446 5.0640e-11  1022.1569    20.1221    22.1344     7.8850    241.158    7.43209  227.30565    106.094 0.0000e+00
   40.74988  -72.51152      4.975      4.936    20.1240    31.5919      8.102     0.4446 5.0640e-11  1022.1557    20.1231    22.1316     7.8870    241.218    7.43338  227.34312    106.103 0.0000e+00
   40.74988  -72.51152      4.956      4.917    20.1276    31.5828      8.102     0.4446 5.0640e-11  1022.1524    20.1267    22.1214     7.8882    241.253    7.43401  227.36145    106.110 0.0000e+00
   40.74988  -72.51152      4.934      4.895    20.1580    31.5604      8.102     0.4446 5.0640e-11  1022.1276    20.1571    22.0961     7.8943    241.439    7.43448  227.37555    106.185 0.0000e+00
   40.74988  -72.51152      4.905      4.867    20.2156    31.5226      8.102     0.4446 5.0640e-11  1022.0822    20.2148    22.0525     7.9006    241.630    7.43483  227.38637    106.264 0.0000e+00
   40.74988  -72.51152      4.873      4.835    20.3077    31.4792      8.102     0.4446 5.0640e-11  1022.0124    20.3068    22.0005     7.9016    241.663    7.43485  227.38738    106.278 0.0000e+00
   40.74988  -72.51152      4.854      4.816    20.3804    31.4475      8.101     0.4446 5.0640e-11  1021.9686    20.3795    21.9585     7.9028    241.698    7.43499  227.39171    106.291 0.0000e+00
