CalculateIndicators/WaterTemperature/Data/CTD_NYOS/202200727_C04.cnv
* Sea-Bird SBE 9 Data File:
* FileName = C:\Seabird 9 CTD\Data\2022\202207_offshore\202200727_C04.hex
* Software Version Seasave V 7.23.2
* Temperature SN = 4590
* Conductivity SN = 3228
* Number of Bytes Per Scan = 44
* Number of Voltage Words = 5
* Number of Scans Averaged by the Deck Unit = 1
* NMEA Latitude = 40 10.17 N
* NMEA Longitude = 073 19.22 W
* NMEA UTC (Time) = Dec 11 2002  02:32:05
* NMEA baud rate = 4800
** Ship: seawolf
** Station: 6.2
** Operator: TDK
# nquan = 18
# nvalues = 13572                       
# units = specified
# name 0 = latitude: Latitude [deg]
# name 1 = longitude: Longitude [deg]
# name 2 = prDM: Pressure, Digiquartz [db]
# name 3 = depSM: Depth [salt water, m]
# name 4 = t090C: Temperature [ITS-90, deg C]
# name 5 = sal00: Salinity, Practical [PSU]
# name 6 = ph: pH
# name 7 = flECO-AFL: Fluorescence, WET Labs ECO-AFL/FL [mg/m^3]
# name 8 = cpar: CPAR/Corrected Irradiance [%]
# name 9 = density00: Density [density, kg/m^3]
# name 10 = potemp090C: Potential Temperature [ITS-90, deg C]
# name 11 = sigma-é00: Density [sigma-theta, kg/m^3]
# name 12 = sbeox0Mg/L: Oxygen, SBE 43 [mg/l]
# name 13 = sbox0Mm/Kg: Oxygen, SBE 43 [umol/kg]
# name 14 = oxsolMg/L: Oxygen Saturation, Garcia & Gordon [mg/l]
# name 15 = oxsolMm/Kg: Oxygen Saturation, Garcia & Gordon [umol/kg]
# name 16 = sbeox0PS: Oxygen, SBE 43 [% saturation]
# name 17 = flag:  0.000e+00
# span 0 =   40.16960,   40.17002       
# span 1 =  -73.32048,  -73.31762       
# span 2 =      1.796,     37.698       
# span 3 =      1.782,     37.405       
# span 4 =     9.1783,    23.4091       
# span 5 =    31.2068,    32.6910       
# span 6 =      7.931,      8.110       
# span 7 =     0.1222,     2.2309       
# span 8 = 2.5320e-11, 9.9999e+04       
# span 9 =  1021.1767,  1025.4312       
# span 10 =     9.1745,    23.4086      
# span 11 =    21.1691,    25.2717      
# span 12 =     6.7535,     7.8726      
# span 13 =    206.612,    239.984      
# span 14 =    7.09080,    9.32795      
# span 15 =  216.95797,  284.32208      
# span 16 =     79.957,    104.720      
# span 17 = 0.0000e+00, 0.0000e+00      
# interval = seconds: 0.0416667
# start_time = Jul 27 2022 02:32:07 [System UTC, first data scan.]
# bad_flag = -9.990e-29
*END*
[from data line 6593]
   40.16980  -73.31910     18.855     18.710    12.9781    32.2074      7.952     1.2773 5.0640e-11  1024.3198    12.9756    24.2350     7.0857    216.187    8.63426  263.43504     82.065 -9.990e-29
   40.16980  -73.31910     18.876     18.730    12.9799    32.2074      7.952     1.2907 5.0640e-11  1024.3199    12.9774    24.2352     7.0856    216.186    8.63424  263.43450     82.064 -9.990e-29
   40.16980  -73.31908     18.876     18.730    12.9823    32.2074      7.952     1.2773 5.0640e-11  1024.3189    12.9798    24.2346     7.0851    216.170    8.63432  263.43700     82.058 -9.990e-29
   40.16980  -73.31908     18.906     18.760    12.9838    32.2067      7.952     1.2907 5.0640e-11  1024.3182    12.9813    24.2335     7.0846    216.155    8.63446  263.44128     82.050 -9.990e-29
   40.16980  -73.31908     18.906     18.760    12.9855    32.2049      7.952     1.2773 5.0640e-11  1024.3166    12.9830    24.2318     7.0779    215.951    8.63461  263.44547     81.972 -9.990e-29
   40.16980  -73.31908     18.945     18.798    12.9860    32.2024      7.952     1.2773 5.0640e-11  1024.3139    12.9835    24.2298     7.0836    216.122    8.63468  263.44759     82.036 -9.990e-29
   40.16980  -73.31908     18.946     18.800    12.9848    32.2006      7.952     1.2773 5.0640e-11  1024.3121    12.9823    24.2285     7.0830    216.104    8.63473  263.44907     82.029 -9.990e-29
   40.16980  -73.31908     18.976     18.830    12.9823    32.2006 -9.990e-29     1.2773 5.0640e-11  1024.3128    12.9798    24.2284     7.0829    216.101    8.63472  263.44871     82.028 -9.990e-29
   40.16980  -73.31908     18.987     18.841    12.9799    32.2006 -9.990e-29     1.2773 5.0640e-11  1024.3136    12.9774    24.2294     7.0826    216.094    8.63461  263.44517     82.026 -9.990e-29
   40.16980  -73.31908     19.008     18.861    12.9781    32.2027 -9.990e-29     1.2773 5.0640e-11  1024.3157    12.9756    24.2314     7.0824    216.088    8.63448  263.44119     82.025 -9.990e-29
   40.16980  -73.31908     19.038     18.891    12.9769    32.2055 -9.990e-29     1.2773 5.0640e-11  1024.3194    12.9744    24.2337     7.0815    216.059    8.63418  263.43217     82.017 -9.990e-29
   40.16980  -73.31908     19.068     18.921    12.9774    32.2055 -9.990e-29     1.2773 5.0640e-11  1024.3214    12.9749    24.2351     7.0812    216.050    8.63400  263.42681     82.015 -9.990e-29
   40.16980  -73.31908     19.088     18.940    12.9785    32.2055 -9.990e-29     1.2773 5.0640e-11  1024.3205    12.9759    24.2346     7.0810    216.043    8.63388  263.42310     82.014 -9.990e-29
   40.16980  -73.31908     19.119     18.972    12.9794    32.2048 -9.990e-29     1.2773 5.0640e-11  1024.3183    12.9769    24.2328     7.0740    215.831    8.63378  263.42029     81.934 -9.990e-29
   40.16980  -73.31908     19.150     19.002    12.9799    32.2023 -9.990e-29     1.2773 5.0640e-11  1024.3156    12.9774    24.2309     7.0794    215.995    8.63364  263.41583     81.998 -9.990e-29
   40.16980  -73.31908     19.159     19.011    12.9790    32.2023 -9.990e-29     1.2773 5.0640e-11  1024.3143    12.9765    24.2302     7.0735    215.815    8.63347  263.41078     81.931 -9.990e-29
   40.16980  -73.31908     19.201     19.052    12.9771    32.2023 -9.990e-29     1.2773 5.0640e-11  1024.3169    12.9745    24.2313     7.0727    215.791    8.63329  263.40540     81.924 -9.990e-29
   40.16980  -73.31908     19.231     19.082    12.9759    32.2041 -9.990e-29     1.2773 5.0640e-11  1024.3191    12.9733    24.2328     7.0719    215.768    8.63314  263.40081     81.916 -9.990e-29
   40.16980  -73.31908     19.250     19.101    12.9752    32.2053 -9.990e-29     1.3042 5.0640e-11  1024.3202    12.9727    24.2340     7.0774    215.935    8.63297  263.39572     81.981 -9.990e-29
   40.16980  -73.31908     19.271     19.122    12.9753    32.2059 -9.990e-29     1.3176 5.0640e-11  1024.3206    12.9727    24.2345     7.0704    215.722    8.63277  263.38971     81.902 -9.990e-29
   40.16980  -73.31908     19.312     19.163    12.9750    32.2059 -9.990e-29     1.3310 5.0640e-11  1024.3208    12.9725    24.2346     7.0758    215.886    8.63254  263.38281     81.967 -9.990e-29
   40.16980  -73.31908     19.333     19.183    12.9750    32.2059 -9.990e-29     1.3310 5.0640e-11  1024.3209    12.9725    24.2346     7.0756    215.880    8.63234  263.37684     81.966 -9.990e-29
   40.16980  -73.31908     19.363     19.213    12.9748    32.2057 -9.990e-29     1.3310 5.0640e-11  1024.3210    12.9722    24.2344     7.0697    215.702    8.63213  263.37061     81.900 -9.990e-29
   40.16980  -73.31908     19.381     19.231    12.9744    32.2043 -9.990e-29     1.3176 5.0640e-11  1024.3210    12.9718    24.2335     7.0757    215.883    8.63184  263.36178     81.972 -9.990e-29
   40.16980  -73.31908     19.414     19.264    12.9740    32.2012 -9.990e-29     1.3176 5.0640e-11  1024.3182    12.9715    24.2313     7.0755    215.877    8.63155  263.35307     81.972 -9.990e-29
   40.16980  -73.31908     19.433     19.283    12.9716    32.1975 -9.990e-29     1.3176 2.5320e-11  1024.3145    12.9690    24.2288     7.0752    215.869    8.63125  263.34417     81.972 -9.990e-29
   40.16980  -73.31910     19.465     19.314    12.9677    32.1975 -9.990e-29     1.3176 5.0640e-11  1024.3133    12.9651    24.2280     7.0750    215.862    8.63096  263.33552     81.972 -9.990e-29
   40.16980  -73.31910     19.484     19.334    12.9629    32.1975 -9.990e-29     1.3176 5.0640e-11  1024.3157    12.9603    24.2294     7.0747    215.853    8.63059  263.32414     81.972 -9.990e-29
   40.16980  -73.31910     19.513     19.362    12.9586    32.1987 -9.990e-29     1.3176 5.0640e-11  1024.3198    12.9560    24.2321     7.0682    215.655    8.63022  263.31305     81.901 -9.990e-29
   40.16980  -73.31910     19.525     19.375    12.9551    32.2004 -9.990e-29     1.3176 5.0640e-11  1024.3220    12.9525    24.2341     7.0741    215.835    8.62980  263.30065     81.973 -9.990e-29
   40.16980  -73.31910     19.546     19.395    12.9518    32.2010 -9.990e-29     1.3176 5.0640e-11  1024.3224    12.9493    24.2352     7.0744    215.844    8.62944  263.28978     81.980 -9.990e-29
   40.16980  -73.31910     19.576     19.425    12.9482    32.2015 -9.990e-29     1.3176 5.0640e-11  1024.3234    12.9456    24.2364     7.0742    215.838    8.62913  263.28030     81.980 -9.990e-29
   40.16980  -73.31910     19.594     19.443    12.9446    32.2027 -9.990e-29     1.3176 5.0640e-11  1024.3251    12.9420    24.2380     7.0678    215.643    8.62875  263.26902     81.910 -9.990e-29
   40.16980  -73.31910     19.607     19.455    12.9411    32.2045 -9.990e-29     1.3176 5.0640e-11  1024.3278    12.9385    24.2401     7.0732    215.807    8.62835  263.25686     81.976 -9.990e-29
   40.16980  -73.31910     19.616     19.465    12.9388    32.2063 -9.990e-29     1.3176 5.0640e-11  1024.3298    12.9362    24.2419     7.0730    215.801    8.62798  263.24571     81.977 -9.990e-29
   40.16980  -73.31910     19.637     19.485    12.9370    32.2063 -9.990e-29     1.3176 5.0640e-11  1024.3313    12.9344    24.2430     7.0664    215.601    8.62741  263.22854     81.906 -9.990e-29
   40.16980  -73.31910     19.646     19.495    12.9357    32.2063 -9.990e-29     1.3176 5.0640e-11  1024.3311    12.9331    24.2431     7.0717    215.764    8.62696  263.21499     81.973 -9.990e-29
   40.16980  -73.31910     19.675     19.523    12.9337    32.2060 -9.990e-29     1.3176 5.0640e-11  1024.3302    12.9311    24.2427     7.0653    215.569    8.62654  263.20269     81.902 -9.990e-29
   40.16980  -73.31910     19.667     19.515    12.9310    32.2060 -9.990e-29     1.3176 5.0640e-11  1024.3301    12.9284    24.2427     7.0647    215.550    8.62626  263.19457     81.898 -9.990e-29
   40.16980  -73.31910     19.688     19.536    12.9281    32.2060 -9.990e-29     1.3176 5.0640e-11  1024.3309    12.9255    24.2434     7.0580    215.346    8.62611  263.19022     81.822 -9.990e-29
   40.16980  -73.31910     19.697     19.545    12.9252    32.2065 -9.990e-29     1.3176 5.0640e-11  1024.3325    12.9226    24.2447     7.0637    215.519    8.62584  263.18225     81.890 -9.990e-29
   40.16980  -73.31910     19.706     19.553    12.9226    32.2080 -9.990e-29     1.3176 5.0640e-11  1024.3339    12.9200    24.2464     7.0637    215.521    8.62555  263.17378     81.893 -9.990e-29
   40.16980  -73.31910     19.708     19.556    12.9196    32.2101 -9.990e-29     1.3444 5.0640e-11  1024.3366    12.9169    24.2485     7.0632    215.505    8.62522  263.16401     81.890 -9.990e-29
   40.16980  -73.31910     19.718     19.566    12.9172    32.2125 -9.990e-29     1.3982 5.0640e-11  1024.3387    12.9146    24.2508     7.0628    215.493    8.62501  263.15747     81.888 -9.990e-29
   40.16980  -73.31910     19.728     19.575    12.9153    32.2150 -9.990e-29     1.4250 5.0640e-11  1024.3413    12.9127    24.2531     7.0625    215.484    8.62486  263.15318     81.885 -9.990e-29
   40.16980  -73.31910     19.717     19.564    12.9142    32.2171 -9.990e-29     1.4250 2.5320e-11  1024.3440    12.9116    24.2549     7.0622    215.475    8.62470  263.14832     81.884 -9.990e-29
   40.16980  -73.31910     19.728     19.575    12.9149    32.2171 -9.990e-29     1.4250 5.0640e-11  1024.3439    12.9123    24.2555     7.0620    215.468    8.62458  263.14448     81.882 -9.990e-29
   40.16980  -73.31910     19.728     19.575    12.9159    32.2171 -9.990e-29     1.4116 5.0640e-11  1024.3433    12.9133    24.2552     7.0685    215.666    8.62439  263.13871     81.959 -9.990e-29
   40.16980  -73.31910     19.728     19.575    12.9165    32.2170 -9.990e-29     1.4250 5.0640e-11  1024.3426    12.9139    24.2546     7.0625    215.485    8.62414  263.13104     81.893 -9.990e-29
   40.16980  -73.31910     19.717     19.564    12.9169    32.2164 -9.990e-29     1.4250 5.0640e-11  1024.3420    12.9143    24.2540     7.0622    215.476    8.62388  263.12324     81.892 -9.990e-29
   40.16980  -73.31910     19.728     19.575    12.9167    32.2164 -9.990e-29     1.4116 5.0640e-11  1024.3414    12.9141    24.2538     7.0620    215.468    8.62361  263.11528     81.891 -9.990e-29
   40.16980  -73.31910     19.708     19.556    12.9157    32.2164 -9.990e-29     1.4250 5.0640e-11  1024.3420    12.9131    24.2540     7.0617    215.461    8.62337  263.10797     81.891 -9.990e-29
   40.16980  -73.31910     19.708     19.556    12.9148    32.2164 -9.990e-29     1.4250 5.0640e-11  1024.3425    12.9122    24.2544     7.0616    215.457    8.62321  263.10318     81.891 -9.990e-29
   40.16980  -73.31910     19.696     19.544    12.9143    32.2168 -9.990e-29     1.4250 5.0640e-11  1024.3426    12.9117    24.2548     7.0547    215.247    8.62301  263.09750     81.813 -9.990e-29
   40.16980  -73.31910     19.678     19.526    12.9139    32.2172 -9.990e-29     1.4250 5.0640e-11  1024.3431    12.9113    24.2552     7.0604    215.420    8.62296  263.09606     81.879 -9.990e-29
   40.16980  -73.31910     19.678     19.526    12.9137    32.2177 -9.990e-29     1.4250 5.0640e-11  1024.3436    12.9111    24.2556     7.0604    215.421    8.62290  263.09427     81.880 -9.990e-29
   40.16980  -73.31910     19.667     19.515    12.9143    32.2182 -9.990e-29     1.4250 5.0640e-11  1024.3435    12.9117    24.2559     7.0605    215.422    8.62283  263.09221     81.881 -9.990e-29
   40.16980  -73.31910     19.646     19.495    12.9147    32.2183 -9.990e-29     1.4250 5.0640e-11  1024.3442    12.9121    24.2561     7.0606    215.425    8.62279  263.09075     81.882 -9.990e-29
   40.16980  -73.31910     19.645     19.493    12.9164    32.2183 -9.990e-29     1.4250 5.0640e-11  1024.3438    12.9138    24.2559     7.0545    215.241    8.62275  263.08958     81.813 -9.990e-29
   40.16980  -73.31910     19.627     19.476    12.9177    32.2183 -9.990e-29     1.4250 5.0640e-11  1024.3427    12.9151    24.2554     7.0603    215.418    8.62271  263.08842     81.880 -9.990e-29
   40.16980  -73.31910     19.607     19.455    12.9184    32.2183 -9.990e-29     1.4250 5.0640e-11  1024.3425    12.9158    24.2551     7.0543    215.235    8.62268  263.08761     81.811 -9.990e-29
   40.16980  -73.31910     19.597     19.446    12.9189    32.2183 -9.990e-29     1.4250 5.0640e-11  1024.3423    12.9163    24.2550     7.0602    215.416    8.62268  263.08728     81.880 -9.990e-29
   40.16980  -73.31910     19.575     19.424    12.9196    32.2182 -9.990e-29     1.4116 5.0640e-11  1024.3425    12.9170    24.2550     7.0599    215.406    8.62263  263.08578     81.877 -9.990e-29
   40.16980  -73.31910     19.576     19.425    12.9204    32.2182 -9.990e-29     1.4116 5.0640e-11  1024.3425    12.9178    24.2549     7.0602    215.414    8.62258  263.08437     81.880 -9.990e-29
   40.16980  -73.31910     19.556     19.405    12.9216    32.2182 -9.990e-29     1.4250 5.0640e-11  1024.3419    12.9190    24.2545     7.0599    215.406    8.62257  263.08411     81.877 -9.990e-29
   40.16980  -73.31910     19.525     19.375    12.9226    32.2179 -9.990e-29     1.4116 5.0640e-11  1024.3411    12.9200    24.2541     7.0535    215.209    8.62253  263.08277     81.803 -9.990e-29
   40.16980  -73.31910     19.525     19.375    12.9236    32.2176 -9.990e-29     1.4116 5.0640e-11  1024.3408    12.9210    24.2536     7.0589    215.374    8.62251  263.08226     81.866 -9.990e-29
   40.16980  -73.31910     19.503     19.353    12.9248    32.2174 -9.990e-29     1.4116 5.0640e-11  1024.3403    12.9222    24.2532     7.0530    215.196    8.62251  263.08222     81.798 -9.990e-29
   40.16980  -73.31910     19.474     19.324    12.9261    32.2170 -9.990e-29     1.4250 5.0640e-11  1024.3397    12.9235    24.2527     7.0584    215.360    8.62245  263.08066     81.861 -9.990e-29
   40.16980  -73.31910     19.474     19.324    12.9275    32.2167 -9.990e-29     1.4116 5.0640e-11  1024.3389    12.9249    24.2522     7.0589    215.374    8.62250  263.08203     81.866 -9.990e-29
   40.16980  -73.31910     19.444     19.294    12.9286    32.2165 -9.990e-29     1.4250 5.0640e-11  1024.3385    12.9261    24.2518     7.0593    215.388    8.62254  263.08338     81.871 -9.990e-29
   40.16980  -73.31910     19.414     19.264    12.9302    32.2164 -9.990e-29     1.4250 5.0640e-11  1024.3383    12.9276    24.2514     7.0592    215.386    8.62262  263.08573     81.869 -9.990e-29
   40.16980  -73.31910     19.422     19.272    12.9320    32.2161 -9.990e-29     1.4116 5.0640e-11  1024.3375    12.9294    24.2508     7.0598    215.402    8.62270  263.08826     81.874 -9.990e-29
   40.16980  -73.31910     19.393     19.243    12.9339    32.2158 -9.990e-29     1.4250 5.0640e-11  1024.3365    12.9313    24.2503     7.0602    215.416    8.62270  263.08838     81.880 -9.990e-29
   40.16980  -73.31910     19.373     19.223    12.9353    32.2158 -9.990e-29     1.4250 5.0640e-11  1024.3364    12.9328    24.2499     7.0547    215.246    8.62284  263.09241     81.814 -9.990e-29
   40.16980  -73.31910     19.352     19.202    12.9374    32.2158 -9.990e-29     1.4250 5.0640e-11  1024.3361    12.9348    24.2495     7.0608    215.434    8.62284  263.09246     81.885 -9.990e-29
   40.16980  -73.31910     19.333     19.183    12.9395    32.2155 -9.990e-29     1.4116 5.0640e-11  1024.3353    12.9370    24.2489     7.0614    215.452    8.62288  263.09363     81.892 -9.990e-29
   40.16980  -73.31910     19.331     19.182    12.9421    32.2151 -9.990e-29     1.4116 5.0640e-11  1024.3343    12.9395    24.2481     7.0615    215.454    8.62295  263.09582     81.892 -9.990e-29
   40.16980  -73.31910     19.302     19.153    12.9442    32.2148 -9.990e-29     1.4116 5.0640e-11  1024.3336    12.9416    24.2475     7.0622    215.475    8.62309  263.09992     81.899 -9.990e-29
   40.16980  -73.31910     19.271     19.122    12.9459    32.2145 -9.990e-29     1.4250 5.0640e-11  1024.3330    12.9434    24.2468     7.0629    215.498    8.62324  263.10451     81.906 -9.990e-29
