CalculateIndicators/WaterTemperature/Data/CTD_NYOS/20220513_C03.cnv
* Sea-Bird SBE 9 Data File:
* FileName = C:\Seabird 9 CTD\Data\2022\202205_offshore\20220513_C03.hex
* Software Version Seasave V 7.23.2
* Temperature SN = 4590
* Conductivity SN = 3228
* Number of Bytes Per Scan = 44
* Number of Voltage Words = 5
* Number of Scans Averaged by the Deck Unit = 1
* NMEA Latitude = 40 30.15 N
* NMEA Longitude = 073 47.69 W
* NMEA UTC (Time) = Sep 27 2002  07:49:20
* NMEA baud rate = 4800
** Ship: seawolf
** Station: 7.1
** Operator: TCM
# nquan = 18
# nvalues = 7906                        
# units = specified
# name 0 = latitude: Latitude [deg]
# name 1 = longitude: Longitude [deg]
# name 2 = prDM: Pressure, Digiquartz [db]
# name 3 = depSM: Depth [salt water, m]
# name 4 = t090C: Temperature [ITS-90, deg C]
# name 5 = sal00: Salinity, Practical [PSU]
# name 6 = ph: pH
# name 7 = flECO-AFL: Fluorescence, WET Labs ECO-AFL/FL [mg/m^3]
# name 8 = cpar: CPAR/Corrected Irradiance [%]
# name 9 = density00: Density [density, kg/m^3]
# name 10 = potemp090C: Potential Temperature [ITS-90, deg C]
# name 11 = sigma-é00: Density [sigma-theta, kg/m^3]
# name 12 = sbeox0Mg/L: Oxygen, SBE 43 [mg/l]
# name 13 = sbox0Mm/Kg: Oxygen, SBE 43 [umol/kg]
# name 14 = oxsolMg/L: Oxygen Saturation, Garcia & Gordon [mg/l]
# name 15 = oxsolMm/Kg: Oxygen Saturation, Garcia & Gordon [umol/kg]
# name 16 = sbeox0PS: Oxygen, SBE 43 [% saturation]
# name 17 = flag:  0.000e+00
# span 0 =   40.50250,   40.50312       
# span 1 =  -73.79586,  -73.79492       
# span 2 =      1.553,     18.648       
# span 3 =      1.541,     18.503       
# span 4 =     9.7169,    10.8844       
# span 5 =    31.7024,    32.1865       
# span 6 =      7.997,      8.038       
# span 7 =     0.9952,     1.6131       
# span 8 = 5.0640e-11, 9.9999e+04       
# span 9 =  1024.2619,  1024.8856       
# span 10 =     9.7149,    10.8834      
# span 11 =    24.2563,    24.8019      
# span 12 =     8.6734,     9.3566      
# span 13 =    264.517,    285.391      
# span 14 =    9.02792,    9.24781      
# span 15 =  275.40079,  282.01992      
# span 16 =     93.926,    102.851      
# span 17 = 0.0000e+00, 0.0000e+00      
# interval = seconds: 0.0416667
# start_time = May 13 2022 07:49:21 [System UTC, first data scan.]
# bad_flag = -9.990e-29
*END*
[from data line 2573]
   40.50270  -73.79522     18.030     17.890     9.7181    32.1843 -9.990e-29     1.1430 -9.990e-29  1024.8822     9.7162    24.8005     8.7380    266.458    9.24576  281.94173     94.508 -9.990e-29
   40.50270  -73.79522     18.009     17.870     9.7184    32.1843 -9.990e-29     1.1430 9.9999e+04  1024.8819     9.7164    24.8004     8.7382    266.464    9.24578  281.94214     94.510 -9.990e-29
   40.50270  -73.79522     18.009     17.870     9.7181    32.1843 -9.990e-29     1.1430 9.9999e+04  1024.8821     9.7161    24.8005     8.7383    266.469    9.24577  281.94201     94.512 -9.990e-29
   40.50270  -73.79522     17.998     17.859     9.7181    32.1844 -9.990e-29     1.1430 9.9999e+04  1024.8821     9.7162    24.8006     8.7327    266.295    9.24579  281.94260     94.450 -9.990e-29
   40.50270  -73.79522     17.979     17.840     9.7179    32.1844 -9.990e-29     1.1430 9.9999e+04  1024.8823     9.7159    24.8007     8.7381    266.461    9.24580  281.94288     94.509 -9.990e-29
   40.50270  -73.79522     17.979     17.840     9.7179    32.1844 -9.990e-29     1.1430 9.9999e+04  1024.8821     9.7160    24.8007     8.7376    266.447    9.24580  281.94302     94.504 -9.990e-29
   40.50270  -73.79522     17.968     17.829     9.7178    32.1844 -9.990e-29     1.1430 9.9999e+04  1024.8821     9.7158    24.8006     8.7436    266.630    9.24576  281.94185     94.569 -9.990e-29
   40.50270  -73.79522     17.949     17.810     9.7181    32.1843 -9.990e-29     1.1430 9.9999e+04  1024.8818     9.7161    24.8005     8.7385    266.475    9.24575  281.94153     94.514 -9.990e-29
   40.50270  -73.79522     17.958     17.819     9.7181    32.1843 -9.990e-29     1.1564 -9.990e-29  1024.8818     9.7162    24.8005     8.7387    266.480    9.24579  281.94266     94.516 -9.990e-29
   40.50270  -73.79522     17.938     17.799     9.7181    32.1843 -9.990e-29     1.1564 9.9999e+04  1024.8817     9.7161    24.8005     8.7388    266.483    9.24574  281.94122     94.517 -9.990e-29
   40.50270  -73.79522     17.938     17.799     9.7181    32.1843 -9.990e-29     1.1564 9.9999e+04  1024.8817     9.7162    24.8005     8.7390    266.488    9.24572  281.94052     94.519 -9.990e-29
   40.50270  -73.79522     17.928     17.789     9.7179    32.1844 -9.990e-29     1.1564 9.9999e+04  1024.8819     9.7159    24.8006     8.7391    266.492    9.24574  281.94111     94.521 -9.990e-29
   40.50270  -73.79522     17.917     17.778     9.7179    32.1844 -9.990e-29     1.1564 9.9999e+04  1024.8820     9.7159    24.8007     8.7393    266.497    9.24576  281.94171     94.522 -9.990e-29
   40.50270  -73.79522     17.917     17.778     9.7179    32.1844 -9.990e-29     1.1430 9.9999e+04  1024.8818     9.7160    24.8007     8.7395    266.503    9.24579  281.94245     94.524 -9.990e-29
   40.50266  -73.79522     17.917     17.778     9.7178    32.1844 -9.990e-29     1.1430 9.9999e+04  1024.8819     9.7158    24.8007     8.7390    266.487    9.24579  281.94246     94.518 -9.990e-29
   40.50266  -73.79522     17.907     17.769     9.7178    32.1844 -9.990e-29     1.1430 9.9999e+04  1024.8817     9.7158    24.8007     8.7332    266.312    9.24581  281.94325     94.456 -9.990e-29
   40.50266  -73.79522     17.907     17.769     9.7178    32.1844 -9.990e-29     1.1564 9.9999e+04  1024.8818     9.7159    24.8007     8.7327    266.296    9.24579  281.94247     94.450 -9.990e-29
   40.50266  -73.79522     17.898     17.759     9.7178    32.1844 -9.990e-29     1.1430 9.9999e+04  1024.8818     9.7158    24.8006     8.7381    266.461    9.24580  281.94289     94.509 -9.990e-29
   40.50266  -73.79522     17.898     17.759     9.7179    32.1844 -9.990e-29     1.1430 9.9999e+04  1024.8815     9.7160    24.8006     8.7324    266.287    9.24580  281.94289     94.447 -9.990e-29
   40.50266  -73.79522     17.898     17.759     9.7179    32.1844 -9.990e-29     1.1430 9.9999e+04  1024.8817     9.7159    24.8006     8.7319    266.273    9.24578  281.94238     94.442 -9.990e-29
   40.50266  -73.79522     17.898     17.759     9.7178    32.1845 -9.990e-29     1.1430 9.9999e+04  1024.8820     9.7158    24.8007     8.7374    266.440    9.24578  281.94239     94.502 -9.990e-29
   40.50266  -73.79522     17.887     17.748     9.7179    32.1845 -9.990e-29     1.1564 9.9999e+04  1024.8817     9.7160    24.8007     8.7376    266.447    9.24580  281.94305     94.504 -9.990e-29
   40.50266  -73.79522     17.907     17.769     9.7178    32.1845 -9.990e-29     1.1430 9.9999e+04  1024.8820     9.7158    24.8007     8.7379    266.454    9.24577  281.94202     94.506 -9.990e-29
   40.50266  -73.79522     17.887     17.748     9.7179    32.1845 -9.990e-29     1.1564 9.9999e+04  1024.8817     9.7160    24.8007     8.7381    266.460    9.24576  281.94158     94.509 -9.990e-29
   40.50266  -73.79522     17.898     17.759     9.7178    32.1845 -9.990e-29     1.1430 9.9999e+04  1024.8820     9.7158    24.8007     8.7383    266.467    9.24575  281.94126     94.512 -9.990e-29
   40.50266  -73.79522     17.887     17.748     9.7176    32.1844 -9.990e-29     1.1430 9.9999e+04  1024.8817     9.7156    24.8006     8.7386    266.476    9.24580  281.94297     94.514 -9.990e-29
   40.50266  -73.79522     17.907     17.769     9.7179    32.1842 -9.990e-29     1.1564 9.9999e+04  1024.8816     9.7160    24.8005     8.7388    266.482    9.24578  281.94226     94.516 -9.990e-29
   40.50266  -73.79522     17.898     17.759     9.7178    32.1842      8.002     1.1430 9.9999e+04  1024.8815     9.7158    24.8005     8.7384    266.469    9.24579  281.94261     94.512 -9.990e-29
   40.50266  -73.79522     17.907     17.769     9.7178    32.1842      8.002     1.1430 9.9999e+04  1024.8817     9.7159    24.8005     8.7385    266.475    9.24578  281.94254     94.514 -9.990e-29
   40.50266  -73.79522     17.907     17.769     9.7178    32.1842      8.002     1.1698 9.9999e+04  1024.8817     9.7158    24.8005     8.7322    266.282    9.24579  281.94250     94.445 -9.990e-29
   40.50266  -73.79522     17.917     17.778     9.7179    32.1840      8.002     1.2101 9.9999e+04  1024.8814     9.7159    24.8003     8.7370    266.427    9.24580  281.94302     94.497 -9.990e-29
   40.50266  -73.79522     17.907     17.769     9.7176    32.1838      8.002     1.2101 9.9999e+04  1024.8816     9.7157    24.8002     8.7372    266.433    9.24584  281.94408     94.499 -9.990e-29
   40.50266  -73.79522     17.928     17.789     9.7178    32.1838      8.002     1.2101 -9.990e-29  1024.8809     9.7158    24.8001     8.7315    266.259    9.24583  281.94390     94.437 -9.990e-29
   40.50266  -73.79522     17.917     17.778     9.7176    32.1838      8.002     1.2236 -9.990e-29  1024.8814     9.7156    24.8002     8.7310    266.245    9.24583  281.94371     94.432 -9.990e-29
   40.50266  -73.79522     17.928     17.789     9.7174    32.1840      8.002     1.2101 -9.990e-29  1024.8818     9.7155    24.8004     8.7306    266.233    9.24583  281.94379     94.428 -9.990e-29
   40.50266  -73.79522     17.938     17.799     9.7178    32.1842      7.998     1.2236 9.9999e+04  1024.8817     9.7158    24.8006     8.7302    266.221    9.24583  281.94374     94.423 -9.990e-29
   40.50266  -73.79522     17.938     17.799     9.7174    32.1844      8.002     1.2101 9.9999e+04  1024.8821     9.7155    24.8007     8.7298    266.208    9.24578  281.94230     94.419 -9.990e-29
   40.50266  -73.79522     17.949     17.810     9.7176    32.1844      7.998     1.2101 9.9999e+04  1024.8822     9.7156    24.8007     8.7295    266.198    9.24580  281.94277     94.416 -9.990e-29
   40.50270  -73.79522     17.949     17.810     9.7178    32.1844      7.998     1.2101 9.9999e+04  1024.8819     9.7158    24.8006     8.7350    266.367    9.24577  281.94199     94.476 -9.990e-29
   40.50270  -73.79522     17.958     17.819     9.7178    32.1844      8.002     1.2101 -9.990e-29  1024.8819     9.7158    24.8006     8.7354    266.378    9.24579  281.94272     94.480 -9.990e-29
   40.50270  -73.79522     17.958     17.819     9.7178    32.1844      7.998     1.2101 -9.990e-29  1024.8819     9.7158    24.8006     8.7298    266.208    9.24577  281.94194     94.420 -9.990e-29
   40.50270  -73.79522     17.979     17.840     9.7178    32.1844      8.002     1.2101 9.9999e+04  1024.8822     9.7158    24.8006     8.7354    266.379    9.24579  281.94248     94.480 -9.990e-29
   40.50270  -73.79522     17.979     17.840     9.7179    32.1844      8.002     1.2101 9.9999e+04  1024.8820     9.7159    24.8006     8.7357    266.389    9.24574  281.94117     94.484 -9.990e-29
   40.50270  -73.79522     17.979     17.840     9.7178    32.1844      7.998     1.2101 9.9999e+04  1024.8823     9.7158    24.8006     8.7362    266.402    9.24582  281.94354     94.488 -9.990e-29
   40.50270  -73.79522     17.998     17.859     9.7178    32.1843      7.998     1.2236 9.9999e+04  1024.8819     9.7158    24.8005     8.7365    266.413    9.24580  281.94277     94.492 -9.990e-29
   40.50270  -73.79522     17.998     17.859     9.7174    32.1843      7.998     1.2101 9.9999e+04  1024.8821     9.7155    24.8005     8.7368    266.422    9.24576  281.94171     94.496 -9.990e-29
   40.50270  -73.79522     18.019     17.879     9.7174    32.1843      8.002     1.2101 9.9999e+04  1024.8822     9.7155    24.8006     8.7365    266.413    9.24576  281.94178     94.492 -9.990e-29
   40.50270  -73.79522     18.009     17.870     9.7174    32.1844      8.002     1.2101 9.9999e+04  1024.8823     9.7155    24.8007     8.7369    266.425    9.24581  281.94324     94.496 -9.990e-29
   40.50270  -73.79522     18.030     17.890     9.7176    32.1845      7.998     1.2101 -9.990e-29  1024.8824     9.7156    24.8008     8.7372    266.433    9.24578  281.94238     94.499 -9.990e-29
   40.50270  -73.79522     18.040     17.900     9.7173    32.1845      8.002     1.2101 9.9999e+04  1024.8829     9.7153    24.8009     8.7376    266.445    9.24581  281.94318     94.503 -9.990e-29
   40.50270  -73.79522     18.049     17.909     9.7176    32.1845      8.002     1.2101 9.9999e+04  1024.8823     9.7156    24.8008     8.7379    266.454    9.24580  281.94304     94.506 -9.990e-29
   40.50270  -73.79522     18.049     17.909     9.7174    32.1843      8.002     1.2101 9.9999e+04  1024.8825     9.7155    24.8007     8.7323    266.285    9.24580  281.94280     94.446 -9.990e-29
   40.50270  -73.79522     18.070     17.930     9.7174    32.1842      8.002     1.2101 9.9999e+04  1024.8824     9.7155    24.8006     8.7372    266.435    9.24582  281.94338     94.499 -9.990e-29
   40.50270  -73.79522     18.079     17.939     9.7174    32.1842      8.002     1.1967 9.9999e+04  1024.8824     9.7155    24.8005     8.7375    266.444    9.24580  281.94279     94.503 -9.990e-29
   40.50270  -73.79522     18.090     17.950     9.7176    32.1842      8.002     1.1295 9.9999e+04  1024.8825     9.7156    24.8004     8.7379    266.454    9.24578  281.94241     94.507 -9.990e-29
   40.50270  -73.79522     18.100     17.960     9.7178    32.1842      8.002     1.1027 9.9999e+04  1024.8823     9.7158    24.8004     8.7389    266.485    9.24581  281.94326     94.517 -9.990e-29
   40.50270  -73.79522     18.111     17.971     9.7174    32.1842      7.998     1.1027 -9.990e-29  1024.8827     9.7155    24.8005     8.7392    266.495    9.24576  281.94182     94.521 -9.990e-29
   40.50270  -73.79522     18.121     17.980     9.7176    32.1844      7.998     1.1027 9.9999e+04  1024.8829     9.7156    24.8007     8.7396    266.506    9.24579  281.94266     94.525 -9.990e-29
   40.50270  -73.79522     18.141     18.001     9.7178    32.1844      8.002     1.1027 9.9999e+04  1024.8829     9.7158    24.8007     8.7400    266.518    9.24582  281.94339     94.529 -9.990e-29
   40.50270  -73.79522     18.141     18.001     9.7176    32.1844      8.002     1.1027 -9.990e-29  1024.8830     9.7156    24.8007     8.7403    266.528    9.24580  281.94280     94.533 -9.990e-29
   40.50270  -73.79522     18.151     18.010     9.7176    32.1844      8.002     1.1027 -9.990e-29  1024.8829     9.7156    24.8007     8.7406    266.539    9.24582  281.94338     94.536 -9.990e-29
   40.50270  -73.79522     18.172     18.031     9.7174    32.1844      7.998     1.1027 9.9999e+04  1024.8831     9.7155    24.8007     8.7351    266.370    9.24582  281.94357     94.476 -9.990e-29
   40.50266  -73.79524     18.192     18.051     9.7174    32.1845      7.998     1.1027 9.9999e+04  1024.8832     9.7155    24.8008     8.7348    266.361    9.24580  281.94279     94.473 -9.990e-29
   40.50266  -73.79524     18.192     18.051     9.7173    32.1845      8.002     1.1027 -9.990e-29  1024.8833     9.7153    24.8008     8.7346    266.353    9.24578  281.94239     94.471 -9.990e-29
   40.50266  -73.79524     18.202     18.061     9.7174    32.1845      7.998     1.1027 9.9999e+04  1024.8832     9.7155    24.8008     8.7337    266.327    9.24581  281.94317     94.461 -9.990e-29
   40.50266  -73.79524     18.223     18.081     9.7173    32.1845      8.002     1.1027 9.9999e+04  1024.8836     9.7153    24.8008     8.7327    266.298    9.24577  281.94224     94.451 -9.990e-29
   40.50266  -73.79524     18.232     18.091     9.7174    32.1844      8.002     1.1027 9.9999e+04  1024.8832     9.7155    24.8007     8.7325    266.291    9.24576  281.94179     94.449 -9.990e-29
   40.50266  -73.79524     18.242     18.100     9.7174    32.1844      7.998     1.1161 9.9999e+04  1024.8834     9.7155    24.8007     8.7375    266.444    9.24579  281.94256     94.503 -9.990e-29
   40.50266  -73.79524     18.262     18.121     9.7174    32.1844      8.002     1.1027 9.9999e+04  1024.8835     9.7154    24.8007     8.7372    266.434    9.24570  281.94000     94.500 -9.990e-29
   40.50266  -73.79524     18.262     18.121     9.7174    32.1844      8.002     1.1027 9.9999e+04  1024.8833     9.7154    24.8006     8.7318    266.269    9.24577  281.94196     94.441 -9.990e-29
   40.50266  -73.79524     18.283     18.141     9.7176    32.1844      8.002     1.1027 9.9999e+04  1024.8833     9.7156    24.8005     8.7315    266.261    9.24574  281.94103     94.439 -9.990e-29
   40.50266  -73.79524     18.304     18.162     9.7176    32.1843      8.002     1.1027 9.9999e+04  1024.8837     9.7156    24.8006     8.7255    266.077    9.24576  281.94174     94.373 -9.990e-29
   40.50266  -73.79524     18.313     18.171     9.7176    32.1843      8.002     1.1027 9.9999e+04  1024.8837     9.7156    24.8006     8.7306    266.231    9.24576  281.94160     94.428 -9.990e-29
   40.50266  -73.79524     18.323     18.181     9.7174    32.1843      8.002     1.1027 9.9999e+04  1024.8836     9.7154    24.8006     8.7304    266.227    9.24572  281.94062     94.427 -9.990e-29
   40.50266  -73.79524     18.334     18.192     9.7176    32.1842      8.002     1.1027 9.9999e+04  1024.8835     9.7156    24.8006     8.7304    266.225    9.24576  281.94159     94.426 -9.990e-29
   40.50266  -73.79524     18.355     18.212     9.7174    32.1842      8.002     1.1027 9.9999e+04  1024.8838     9.7154    24.8006     8.7244    266.045    9.24577  281.94198     94.361 -9.990e-29
   40.50266  -73.79524     18.355     18.212     9.7176    32.1842      7.998     1.1161 9.9999e+04  1024.8835     9.7156    24.8006     8.7296    266.203    9.24576  281.94190     94.418 -9.990e-29
   40.50266  -73.79524     18.385     18.242     9.7174    32.1842      8.002     1.1027 9.9999e+04  1024.8840     9.7154    24.8006     8.7297    266.204    9.24576  281.94169     94.418 -9.990e-29
   40.50266  -73.79524     18.385     18.242     9.7174    32.1842      8.002     1.1430 9.9999e+04  1024.8838     9.7154    24.8006     8.7290    266.183    9.24573  281.94095     94.411 -9.990e-29
   40.50266  -73.79524     18.395     18.252     9.7173    32.1842      8.002     1.1698 9.9999e+04  1024.8839     9.7153    24.8006     8.7232    266.007    9.24579  281.94259     94.348 -9.990e-29
