CalculateIndicators/WaterTemperature/Data/CTD_NYOS/20220203_C07.cnv
* Sea-Bird SBE 9 Data File:
* FileName = C:\Seabird 9 CTD\Data\2022\202202_offshore\20220203_C07.hex
* Software Version Seasave V 7.23.2
* Temperature SN = 4590
* Conductivity SN = 3228
* Number of Bytes Per Scan = 44
* Number of Voltage Words = 5
* Number of Scans Averaged by the Deck Unit = 1
* NMEA Latitude = 38 55.57 N
* NMEA Longitude = 073 13.06 W
* NMEA UTC (Time) = Jun 20 2002  01:15:16
* NMEA baud rate = 4800
** Ship: rv seawolf
** Station: 7.5
** Operator: TCM
# nquan = 18
# nvalues = 16845                                 
# units = specified
# name 0 = latitude: Latitude [deg]
# name 1 = longitude: Longitude [deg]
# name 2 = prDM: Pressure, Digiquartz [db]
# name 3 = depSM: Depth [salt water, m]
# name 4 = t090C: Temperature [ITS-90, deg C]
# name 5 = sal00: Salinity, Practical [PSU]
# name 6 = ph: pH
# name 7 = flECO-AFL: Fluorescence, WET Labs ECO-AFL/FL [mg/m^3]
# name 8 = cpar: CPAR/Corrected Irradiance [%]
# name 9 = density00: Density [density, kg/m^3]
# name 10 = potemp090C: Potential Temperature [ITS-90, deg C]
# name 11 = sigma-é00: Density [sigma-theta, kg/m^3]
# name 12 = sbeox0Mg/L: Oxygen, SBE 43 [mg/l]
# name 13 = sbox0Mm/Kg: Oxygen, SBE 43 [umol/kg]
# name 14 = oxsolMg/L: Oxygen Saturation, Garcia & Gordon [mg/l]
# name 15 = oxsolMm/Kg: Oxygen Saturation, Garcia & Gordon [umol/kg]
# name 16 = sbeox0PS: Oxygen, SBE 43 [% saturation]
# name 17 = flag:  0.000e+00
# span 0 =   38.92616,   38.92634                 
# span 1 =  -73.21970,  -73.21766                 
# span 2 =      2.258,     70.004                 
# span 3 =      2.240,     69.463                 
# span 4 =    10.0549,    10.1939                 
# span 5 =    33.9966,    34.0501                 
# span 6 =      8.266,      8.275                 
# span 7 =     0.1222,     0.2968                 
# span 8 = 5.0640e-11, 9.9999e+04                 
# span 9 =  1026.1483,  1026.5008                 
# span 10 =    10.0484,    10.1935                
# span 11 =    26.1364,    26.1888                
# span 12 =     7.6953,     7.8982                
# span 13 =    234.346,    240.536                
# span 14 =    9.04447,    9.07112                
# span 15 =  275.44458,  276.24739                
# span 16 =     84.980,     87.312                
# span 17 = 0.0000e+00, 0.0000e+00                
# interval = seconds: 0.0416667
# start_time = Feb 03 2022 01:15:16 [System UTC, first data scan.]
# bad_flag = -9.990e-29
*END*
[from data line 5066]
   38.92628  -73.21838     66.143     65.632    10.1069    34.0371      8.266     0.1491 5.0640e-11  1026.4813    10.0993    26.1832     7.7336    235.512    9.05928  275.88283     85.367  0.000e+00
   38.92628  -73.21838     66.194     65.683    10.1066    34.0375      8.271     0.1357 9.9999e+04  1026.4819    10.0990    26.1836     7.7287    235.362    9.05931  275.88391     85.312  0.000e+00
   38.92628  -73.21838     66.219     65.708    10.1066    34.0373      8.271     0.1357 9.9999e+04  1026.4819    10.0990    26.1834     7.7232    235.195    9.05933  275.88432     85.251  0.000e+00
   38.92628  -73.21838     66.245     65.734    10.1069    34.0370      8.271     0.1357 9.9999e+04  1026.4816    10.0993    26.1831     7.7298    235.397    9.05929  275.88319     85.325  0.000e+00
   38.92628  -73.21838     66.280     65.768    10.1066    34.0371      8.266     0.1357 9.9999e+04  1026.4820    10.0991    26.1833     7.7371    235.620    9.05932  275.88414     85.405  0.000e+00
   38.92628  -73.21838     66.317     65.805    10.1064    34.0374      8.266     0.1357 9.9999e+04  1026.4824    10.0988    26.1835     7.7385    235.660    9.05936  275.88528     85.420  0.000e+00
   38.92628  -73.21838     66.341     65.828    10.1064    34.0374      8.266     0.1357 9.9999e+04  1026.4825    10.0988    26.1835     7.7392    235.682    9.05936  275.88530     85.428  0.000e+00
   38.92628  -73.21838     66.378     65.865    10.1064    34.0372      8.266     0.1357 9.9999e+04  1026.4825    10.0988    26.1833     7.7399    235.705    9.05937  275.88573     85.436  0.000e+00
   38.92628  -73.21838     66.403     65.890    10.1067    34.0372      8.266     0.1357 9.9999e+04  1026.4826    10.0991    26.1833     7.7400    235.708    9.05931  275.88380     85.437  0.000e+00
   38.92628  -73.21838     66.429     65.916    10.1066    34.0374      8.266     0.1357 9.9999e+04  1026.4829    10.0990    26.1835     7.7341    235.527    9.05930  275.88362     85.372  0.000e+00
   38.92628  -73.21838     66.461     65.948    10.1067    34.0376      8.266     0.1357 9.9999e+04  1026.4832    10.0991    26.1836     7.7276    235.330    9.05928  275.88294     85.301  0.000e+00
   38.92628  -73.21838     66.496     65.982    10.1069    34.0372      8.271     0.1357 9.9999e+04  1026.4830    10.0993    26.1833     7.7387    235.667    9.05927  275.88262     85.423  0.000e+00
   38.92628  -73.21838     66.501     65.988    10.1067    34.0366      8.266     0.1357 9.9999e+04  1026.4826    10.0991    26.1829     7.7389    235.673    9.05934  275.88493     85.424  0.000e+00
   38.92628  -73.21838     66.536     66.022    10.1058    34.0363      8.271     0.1491 9.9999e+04  1026.4827    10.0982    26.1828     7.7397    235.699    9.05953  275.89056     85.432  0.000e+00
   38.92628  -73.21838     66.552     66.038    10.1052    34.0364      8.271     0.1625 9.9999e+04  1026.4829    10.0976    26.1830     7.7460    235.888    9.05964  275.89389     85.500  0.000e+00
   38.92628  -73.21838     66.583     66.069    10.1052    34.0366      8.271     0.1759 9.9999e+04  1026.4831    10.0976    26.1831     7.7460    235.889    9.05963  275.89366     85.500  0.000e+00
   38.92628  -73.21838     66.598     66.084    10.1054    34.0373      8.266     0.1625 9.9999e+04  1026.4837    10.0977    26.1836     7.7398    235.701    9.05956  275.89142     85.433  0.000e+00
   38.92628  -73.21838     66.634     66.119    10.1057    34.0364      8.271     0.1625 9.9999e+04  1026.4831    10.0981    26.1828     7.7277    235.332    9.05954  275.89102     85.299  0.000e+00
   38.92628  -73.21838     66.638     66.123    10.1055    34.0364      8.271     0.1625 9.9999e+04  1026.4832    10.0979    26.1829     7.7271    235.315    9.05959  275.89234     85.292  0.000e+00
   38.92628  -73.21838     66.666     66.151    10.1049    34.0360      8.271     0.1625 9.9999e+04  1026.4831    10.0972    26.1827     7.7267    235.303    9.05973  275.89691     85.286  0.000e+00
   38.92628  -73.21838     66.685     66.170    10.1047    34.0372      8.271     0.1625 9.9999e+04  1026.4842    10.0971    26.1836     7.7256    235.269    9.05969  275.89539     85.275  0.000e+00
   38.92628  -73.21838     66.700     66.185    10.1057    34.0376      8.271     0.1625 9.9999e+04  1026.4844    10.0981    26.1837     7.7310    235.432    9.05947  275.88873     85.336  0.000e+00
   38.92628  -73.21838     66.717     66.202    10.1055    34.0370      8.271     0.1625 9.9999e+04  1026.4840    10.0979    26.1833     7.7372    235.621    9.05955  275.89123     85.404  0.000e+00
   38.92628  -73.21838     66.731     66.215    10.1047    34.0372      8.271     0.1625 9.9999e+04  1026.4844    10.0971    26.1836     7.7380    235.646    9.05969  275.89543     85.411  0.000e+00
   38.92628  -73.21838     66.757     66.241    10.1051    34.0367      8.271     0.1625 9.9999e+04  1026.4841    10.0974    26.1832     7.7380    235.647    9.05966  275.89442     85.412  0.000e+00
   38.92628  -73.21838     66.768     66.252    10.1056    34.0363      8.271     0.1625 9.9999e+04  1026.4837    10.0979    26.1828     7.7386    235.665    9.05958  275.89227     85.419  0.000e+00
   38.92628  -73.21838     66.782     66.266    10.1052    34.0373      8.266     0.1625 9.9999e+04  1026.4846    10.0976    26.1837     7.7338    235.518    9.05959  275.89214     85.366  0.000e+00
   38.92628  -73.21838     66.789     66.273    10.1057    34.0367      8.271     0.1625 9.9999e+04  1026.4841    10.0980    26.1831     7.7345    235.538    9.05954  275.89087     85.374  0.000e+00
   38.92628  -73.21838     66.824     66.307    10.1056    34.0367      8.266     0.1625 9.9999e+04  1026.4843    10.0979    26.1831     7.7407    235.729    9.05956  275.89153     85.443  0.000e+00
   38.92628  -73.21838     66.819     66.303    10.1056    34.0365      8.271     0.1625 9.9999e+04  1026.4841    10.0979    26.1830     7.7414    235.751    9.05957  275.89179     85.450  0.000e+00
   38.92628  -73.21838     66.829     66.313    10.1057    34.0370      8.266     0.1625 9.9999e+04  1026.4845    10.0981    26.1833     7.7415    235.754    9.05951  275.88988     85.452  0.000e+00
   38.92628  -73.21838     66.843     66.327    10.1060    34.0373      8.271     0.1625 9.9999e+04  1026.4848    10.0984    26.1835     7.7361    235.589    9.05944  275.88761     85.393  0.000e+00
   38.92628  -73.21838     66.850     66.333    10.1069    34.0379      8.271     0.1625 9.9999e+04  1026.4851    10.0992    26.1839     7.7361    235.589    9.05923  275.88124     85.395  0.000e+00
   38.92628  -73.21838     66.871     66.354    10.1079    34.0394      8.271     0.1625 9.9999e+04  1026.4862    10.1002    26.1849     7.7300    235.403    9.05895  275.87236     85.330  0.000e+00
   38.92628  -73.21838     66.875     66.358    10.1090    34.0398      8.271     0.1625 9.9999e+04  1026.4864    10.1013    26.1850     7.7295    235.386    9.05870  275.86487     85.327  0.000e+00
   38.92628  -73.21838     66.880     66.364    10.1092    34.0389      8.271     0.1625 9.9999e+04  1026.4856    10.1015    26.1842     7.7286    235.361    9.05872  275.86570     85.317  0.000e+00
   38.92628  -73.21838     66.884     66.368    10.1088    34.0377      8.266     0.1625 9.9999e+04  1026.4848    10.1012    26.1833     7.7279    235.340    9.05886  275.87019     85.308  0.000e+00
   38.92628  -73.21838     66.891     66.375    10.1079    34.0374      8.266     0.1625 9.9999e+04  1026.4847    10.1002    26.1833     7.7334    235.505    9.05907  275.87642     85.366  0.000e+00
   38.92628  -73.21838     66.901     66.384    10.1074    34.0363      8.271     0.1759 9.9999e+04  1026.4840    10.0997    26.1825     7.7333    235.502    9.05923  275.88160     85.363  0.000e+00
   38.92628  -73.21838     66.905     66.388    10.1067    34.0368      8.266     0.1894 9.9999e+04  1026.4845    10.0990    26.1830     7.7391    235.681    9.05933  275.88463     85.427  0.000e+00
   38.92628  -73.21838     66.901     66.384    10.1079    34.0367      8.271     0.1759 9.9999e+04  1026.4842    10.1002    26.1827     7.7386    235.665    9.05910  275.87774     85.424  0.000e+00
   38.92628  -73.21838     66.911     66.394    10.1080    34.0362      8.271     0.1894 9.9999e+04  1026.4839    10.1003    26.1823     7.7389    235.673    9.05911  275.87816     85.426  0.000e+00
   38.92628  -73.21838     66.915     66.398    10.1076    34.0368      8.271     0.1894 9.9999e+04  1026.4844    10.0999    26.1829     7.7397    235.698    9.05916  275.87944     85.435  0.000e+00
   38.92628  -73.21838     66.922     66.405    10.1084    34.0385      8.271     0.1894 9.9999e+04  1026.4857    10.1007    26.1841     7.7397    235.697    9.05890  275.87115     85.437  0.000e+00
   38.92628  -73.21838     66.915     66.398    10.1108    34.0388      8.271     0.1894 9.9999e+04  1026.4854    10.1031    26.1839     7.7273    235.321    9.05840  275.85608     85.306  0.000e+00
   38.92628  -73.21838     66.931     66.414    10.1125    34.0378      8.271     0.1894 9.9999e+04  1026.4844    10.1048    26.1828     7.7262    235.287    9.05814  275.84840     85.296  0.000e+00
   38.92628  -73.21838     66.922     66.405    10.1131    34.0369      8.266     0.1894 9.9999e+04  1026.4836    10.1055    26.1820     7.7246    235.240    9.05806  275.84614     85.279  0.000e+00
   38.92628  -73.21838     66.915     66.398    10.1125    34.0369      8.271     0.1894 9.9999e+04  1026.4836    10.1048    26.1821     7.7239    235.216    9.05819  275.85003     85.270  0.000e+00
   38.92628  -73.21838     66.922     66.405    10.1107    34.0380      8.266     0.1894 9.9999e+04  1026.4848    10.1030    26.1832     7.7299    235.400    9.05848  275.85860     85.333  0.000e+00
   38.92628  -73.21838     66.922     66.405    10.1090    34.0378      8.271     0.1759 9.9999e+04  1026.4850    10.1013    26.1834     7.7305    235.419    9.05882  275.86883     85.337  0.000e+00
   38.92628  -73.21838     66.926     66.409    10.1076    34.0392      8.266     0.1759 9.9999e+04  1026.4863    10.1000    26.1847     7.7305    235.416    9.05901  275.87424     85.335  0.000e+00
   38.92628  -73.21838     66.922     66.405    10.1104    34.0396      8.266     0.1894 9.9999e+04  1026.4861    10.1027    26.1845     7.7291    235.375    9.05845  275.85728     85.325  0.000e+00
   38.92628  -73.21838     66.926     66.409    10.1140    34.0405      8.271     0.1894 9.9999e+04  1026.4863    10.1063    26.1847     7.7221    235.161    9.05768  275.83389     85.255  0.000e+00
   38.92628  -73.21838     66.922     66.405    10.1164    34.0412      8.266     0.1894 9.9999e+04  1026.4864    10.1088    26.1848     7.7274    235.323    9.05716  275.81804     85.318  0.000e+00
   38.92628  -73.21838     66.911     66.394    10.1174    34.0413      8.271     0.1759 9.9999e+04  1026.4862    10.1098    26.1847     7.7215    235.143    9.05696  275.81188     85.255  0.000e+00
   38.92628  -73.21838     66.915     66.398    10.1171    34.0418      8.271     0.1759 9.9999e+04  1026.4867    10.1094    26.1851     7.7274    235.323    9.05699  275.81278     85.320  0.000e+00
   38.92628  -73.21838     66.922     66.405    10.1164    34.0412      8.271     0.1894 9.9999e+04  1026.4864    10.1088    26.1848     7.7280    235.341    9.05716  275.81804     85.325  0.000e+00
   38.92628  -73.21838     66.901     66.384    10.1161    34.0408      8.266     0.1759 9.9999e+04  1026.4860    10.1084    26.1846     7.7225    235.172    9.05724  275.82062     85.263  0.000e+00
   38.92628  -73.21838     66.905     66.388    10.1169    34.0405      8.271     0.1894 9.9999e+04  1026.4856    10.1093    26.1841     7.7217    235.149    9.05711  275.81652     85.256  0.000e+00
   38.92628  -73.21838     66.891     66.375    10.1184    34.0393      8.271     0.1894 9.9999e+04  1026.4844    10.1108    26.1829     7.7263    235.289    9.05688  275.81002     85.308  0.000e+00
   38.92628  -73.21838     66.891     66.375    10.1194    34.0378      8.271     0.1759 9.9999e+04  1026.4831    10.1118    26.1816     7.7267    235.301    9.05677  275.80700     85.314  0.000e+00
   38.92628  -73.21838     66.884     66.368    10.1189    34.0366      8.271     0.1759 9.9999e+04  1026.4821    10.1113    26.1807     7.7334    235.505    9.05694  275.81242     85.386  0.000e+00
   38.92628  -73.21838     66.880     66.364    10.1168    34.0369      8.271     0.1759 9.9999e+04  1026.4828    10.1091    26.1814     7.7408    235.733    9.05735  275.82467     85.465  0.000e+00
   38.92628  -73.21838     66.864     66.347    10.1156    34.0373      8.266     0.1625 9.9999e+04  1026.4832    10.1080    26.1819     7.7492    235.988    9.05755  275.83058     85.555  0.000e+00
   38.92628  -73.21838     66.860     66.343    10.1143    34.0384      8.266     0.1625 9.9999e+04  1026.4843    10.1066    26.1830     7.7461    235.892    9.05774  275.83620     85.519  0.000e+00
   38.92628  -73.21838     66.850     66.333    10.1148    34.0387      8.271     0.1625 9.9999e+04  1026.4844    10.1071    26.1831     7.7415    235.753    9.05763  275.83259     85.470  0.000e+00
   38.92628  -73.21838     66.854     66.337    10.1158    34.0385      8.271     0.1625 9.9999e+04  1026.4841    10.1081    26.1828     7.7352    235.560    9.05744  275.82709     85.401  0.000e+00
   38.92628  -73.21838     66.840     66.324    10.1159    34.0391      8.271     0.1625 9.9999e+04  1026.4845    10.1083    26.1832     7.7344    235.536    9.05738  275.82509     85.393  0.000e+00
   38.92628  -73.21838     66.819     66.303    10.1164    34.0399      8.266     0.1625 9.9999e+04  1026.4849    10.1088    26.1837     7.7275    235.325    9.05724  275.82069     85.318  0.000e+00
   38.92628  -73.21838     66.824     66.307    10.1171    34.0397      8.271     0.1625 9.9999e+04  1026.4847    10.1095    26.1835     7.7321    235.466    9.05711  275.81688     85.370  0.000e+00
   38.92628  -73.21838     66.808     66.292    10.1182    34.0398      8.271     0.1625 9.9999e+04  1026.4845    10.1106    26.1834     7.7377    235.637    9.05689  275.81003     85.434  0.000e+00
   38.92628  -73.21838     66.792     66.276    10.1189    34.0408      8.271     0.1625 9.9999e+04  1026.4850    10.1113    26.1840     7.7384    235.659    9.05670  275.80412     85.444  0.000e+00
   38.92628  -73.21838     66.789     66.273    10.1192    34.0414      8.266     0.1625 9.9999e+04  1026.4854    10.1116    26.1844     7.7393    235.685    9.05660  275.80099     85.455  0.000e+00
   38.92628  -73.21838     66.778     66.262    10.1199    34.0417      8.266     0.1625 9.9999e+04  1026.4855    10.1123    26.1846     7.7401    235.708    9.05645  275.79639     85.465  0.000e+00
   38.92628  -73.21838     66.752     66.236    10.1206    34.0416      8.271     0.1625 9.9999e+04  1026.4852    10.1129    26.1844     7.7469    235.916    9.05633  275.79287     85.541  0.000e+00
   38.92628  -73.21838     66.757     66.241    10.1204    34.0416      8.271     0.1625 9.9999e+04  1026.4852    10.1128    26.1844     7.7478    235.944    9.05636  275.79369     85.551  0.000e+00
   38.92628  -73.21838     66.741     66.225    10.1202    34.0414      8.271     0.1625 9.9999e+04  1026.4850    10.1126    26.1843     7.7487    235.970    9.05640  275.79506     85.560  0.000e+00
   38.92628  -73.21838     66.717     66.202    10.1201    34.0410      8.266     0.1625 9.9999e+04  1026.4846    10.1124    26.1840     7.7501    236.013    9.05646  275.79695     85.575  0.000e+00
   38.92628  -73.21838     66.717     66.202    10.1202    34.0404      8.271     0.1625 9.9999e+04  1026.4842    10.1126    26.1835     7.7514    236.054    9.05646  275.79700     85.590  0.000e+00
