CalculateIndicators/WaterTemperature/Data/CTD_NYOS/202200730_C29.cnv
* Sea-Bird SBE 9 Data File:
* FileName = C:\Seabird 9 CTD\Data\2022\202207_offshore\202200730_C29.hex
* Software Version Seasave V 7.23.2
* Temperature SN = 4590
* Conductivity SN = 3228
* Number of Bytes Per Scan = 44
* Number of Voltage Words = 5
* Number of Scans Averaged by the Deck Unit = 1
* NMEA Latitude = 40 59.81 N
* NMEA Longitude = 071 54.28 W
* NMEA UTC (Time) = Dec 14 2002  18:30:51
* NMEA baud rate = 4800
** Ship: seawolf
** Station: 1.1
** Operator: TCM
# nquan = 18
# nvalues = 7654                        
# units = specified
# name 0 = latitude: Latitude [deg]
# name 1 = longitude: Longitude [deg]
# name 2 = prDM: Pressure, Digiquartz [db]
# name 3 = depSM: Depth [salt water, m]
# name 4 = t090C: Temperature [ITS-90, deg C]
# name 5 = sal00: Salinity, Practical [PSU]
# name 6 = ph: pH
# name 7 = flECO-AFL: Fluorescence, WET Labs ECO-AFL/FL [mg/m^3]
# name 8 = cpar: CPAR/Corrected Irradiance [%]
# name 9 = density00: Density [density, kg/m^3]
# name 10 = potemp090C: Potential Temperature [ITS-90, deg C]
# name 11 = sigma-é00: Density [sigma-theta, kg/m^3]
# name 12 = sbeox0Mg/L: Oxygen, SBE 43 [mg/l]
# name 13 = sbox0Mm/Kg: Oxygen, SBE 43 [umol/kg]
# name 14 = oxsolMg/L: Oxygen Saturation, Garcia & Gordon [mg/l]
# name 15 = oxsolMm/Kg: Oxygen Saturation, Garcia & Gordon [umol/kg]
# name 16 = sbeox0PS: Oxygen, SBE 43 [% saturation]
# name 17 = flag:  0.000e+00
# span 0 =   40.99640,   40.99692       
# span 1 =  -71.90474,  -71.90458       
# span 2 =      1.811,     15.732       
# span 3 =      1.797,     15.609       
# span 4 =    18.4546,    21.1125       
# span 5 =    31.1556,    31.6269       
# span 6 =      8.062,      8.095       
# span 7 =     0.5117,     2.1637       
# span 8 = 1.8116e+00, 7.4364e+02       
# span 9 =  1021.6010,  1022.6491       
# span 10 =    18.4519,    21.1121      
# span 11 =    21.6004,    22.5808      
# span 12 =     7.8814,     8.2865      
# span 13 =    240.859,    253.395      
# span 14 =    7.40923,    7.76561      
# span 15 =  226.64514,  237.32022      
# span 16 =    101.501,    110.630      
# span 17 = 0.0000e+00, 0.0000e+00      
# interval = seconds: 0.0416667
# start_time = Jul 30 2022 18:30:48 [System UTC, first data scan.]
# bad_flag = -9.990e-29
*END*
[from data line 3217]
   40.99672  -71.90468      9.552      9.478    19.5058    31.3248 -9.990e-29     1.7742 9.8539e+00  1022.1294    19.5042    22.0879     8.2069    250.922    7.63314  233.38027    107.517 -9.990e-29
   40.99672  -71.90468      9.543      9.469    19.5066    31.3245 -9.990e-29     1.7742 9.6795e+00  1022.1290    19.5049    22.0875     8.2070    250.924    7.63322  233.38240    107.516 -9.990e-29
   40.99672  -71.90468      9.543      9.469    19.5073    31.3242 -9.990e-29     1.7608 9.4889e+00  1022.1284    19.5057    22.0870     8.2070    250.925    7.63329  233.38444    107.516 -9.990e-29
   40.99672  -71.90468      9.552      9.478    19.5079    31.3240 -9.990e-29     1.7742 9.3572e+00  1022.1283    19.5062    22.0867     8.2070    250.926    7.63338  233.38715    107.515 -9.990e-29
   40.99672  -71.90468      9.558      9.484    19.5086    31.3238 -9.990e-29     1.7742 9.2458e+00  1022.1279    19.5069    22.0864     8.2070    250.926    7.63344  233.38900    107.514 -9.990e-29
   40.99672  -71.90468      9.552      9.478    19.5089    31.3237 -9.990e-29     1.7742 9.1129e+00  1022.1278    19.5072    22.0862     8.2069    250.923    7.63344  233.38900    107.513 -9.990e-29
   40.99672  -71.90468      9.573      9.499    19.5091    31.3237 -9.990e-29     1.7742 8.9845e+00  1022.1278    19.5074    22.0861     8.2065    250.910    7.63345  233.38941    107.507 -9.990e-29
   40.99672  -71.90468      9.563      9.489    19.5093    31.3237 -9.990e-29     1.8414 8.9196e+00  1022.1276    19.5076    22.0861     8.2066    250.914    7.63339  233.38747    107.510 -9.990e-29
   40.99672  -71.90468      9.573      9.499    19.5093    31.3236 -9.990e-29     1.8951 8.8574e+00  1022.1278    19.5076    22.0860     8.2065    250.910    7.63338  233.38710    107.508 -9.990e-29
   40.99672  -71.90468      9.573      9.499    19.5093    31.3235 -9.990e-29     1.8951 8.7325e+00  1022.1275    19.5076    22.0859     8.2063    250.905    7.63336  233.38675    107.506 -9.990e-29
   40.99672  -71.90468      9.573      9.499    19.5093    31.3234 -9.990e-29     1.8951 8.5955e+00  1022.1276    19.5076    22.0858     8.2062    250.901    7.63338  233.38736    107.504 -9.990e-29
   40.99672  -71.90468      9.583      9.508    19.5094    31.3234 -9.990e-29     1.8951 8.4786e+00  1022.1273    19.5077    22.0858     8.2007    250.734    7.63336  233.38657    107.433 -9.990e-29
   40.99672  -71.90468      9.583      9.508    19.5093    31.3234 -9.990e-29     1.8951 8.4042e+00  1022.1276    19.5076    22.0859     8.2059    250.891    7.63341  233.38834    107.499 -9.990e-29
   40.99672  -71.90468      9.594      9.519    19.5091    31.3236 -9.990e-29     1.8951 8.3158e+00  1022.1279    19.5074    22.0861     8.2058    250.887    7.63345  233.38934    107.497 -9.990e-29
   40.99672  -71.90468      9.594      9.519    19.5094    31.3236 -9.990e-29     1.8817 8.2135e+00  1022.1277    19.5077    22.0861     8.2056    250.884    7.63351  233.39092    107.495 -9.990e-29
   40.99672  -71.90468      9.573      9.499    19.5093    31.3236 -9.990e-29     1.8951 8.1743e+00  1022.1277    19.5076    22.0861     8.2055    250.879    7.63357  233.39281    107.492 -9.990e-29
   40.99672  -71.90468      9.629      9.555    19.5093    31.3236 -9.990e-29     1.8951 8.0821e+00  1022.1280    19.5076    22.0861     8.2053    250.874    7.63361  233.39436    107.489 -9.990e-29
   40.99672  -71.90468      9.594      9.519    19.5089    31.3236 -9.990e-29     1.8951 8.0063e+00  1022.1277    19.5072    22.0861     8.2104    251.029    7.63363  233.39468    107.555 -9.990e-29
   40.99672  -71.90468      9.614      9.540    19.5081    31.3236 -9.990e-29     1.8951 7.9612e+00  1022.1278    19.5064    22.0862     8.2053    250.873    7.63370  233.39675    107.488 -9.990e-29
   40.99672  -71.90468      9.614      9.540    19.5066    31.3236 -9.990e-29     1.8951 7.9462e+00  1022.1285    19.5049    22.0867     8.2050    250.865    7.63371  233.39702    107.484 -9.990e-29
   40.99672  -71.90468      9.614      9.540    19.5054    31.3239 -9.990e-29     1.8951 7.8646e+00  1022.1290    19.5037    22.0872     8.2052    250.869    7.63379  233.39950    107.485 -9.990e-29
   40.99672  -71.90468      9.634      9.559    19.5044    31.3241 -9.990e-29     1.8951 7.8351e+00  1022.1297    19.5027    22.0877     8.2049    250.861    7.63380  233.39969    107.481 -9.990e-29
   40.99672  -71.90468      9.624      9.549    19.5033    31.3243 -9.990e-29     1.8817 7.8204e+00  1022.1297    19.5016    22.0882     8.2050    250.865    7.63387  233.40177    107.482 -9.990e-29
   40.99672  -71.90468      9.624      9.549    19.5007    31.3246 -9.990e-29     1.8951 7.7911e+00  1022.1309    19.4990    22.0891     8.1995    250.697    7.63393  233.40385    107.409 -9.990e-29
   40.99672  -71.90468      9.634      9.559    19.4967    31.3250 -9.990e-29     1.8817 7.7692e+00  1022.1321    19.4950    22.0902     8.2045    250.849    7.63395  233.40437    107.474 -9.990e-29
   40.99672  -71.90468      9.645      9.570    19.4935    31.3255 -9.990e-29     1.8951 7.7692e+00  1022.1333    19.4918    22.0914     8.1994    250.691    7.63399  233.40536    107.406 -9.990e-29
   40.99672  -71.90468      9.639      9.564    19.4906    31.3262 -9.990e-29     1.8951 7.8131e+00  1022.1347    19.4889    22.0927     8.1991    250.683    7.63399  233.40562    107.402 -9.990e-29
   40.99672  -71.90468      9.645      9.570    19.4874    31.3268 -9.990e-29     1.8951 7.8131e+00  1022.1359    19.4857    22.0941     8.2041    250.836    7.63399  233.40562    107.468 -9.990e-29
   40.99672  -71.90468      9.654      9.579    19.4844    31.3277 -9.990e-29     1.8951 7.8131e+00  1022.1374    19.4827    22.0954     8.1989    250.678    7.63401  233.40606    107.400 -9.990e-29
   40.99672  -71.90468      9.654      9.579    19.4813    31.3286 -9.990e-29     1.8951 7.8424e+00  1022.1391    19.4796    22.0968     8.1987    250.671    7.63402  233.40624    107.397 -9.990e-29
   40.99672  -71.90468      9.654      9.579    19.4796    31.3293 -9.990e-29     1.8951 7.8941e+00  1022.1399    19.4779    22.0978     8.1985    250.665    7.63406  233.40746    107.394 -9.990e-29
   40.99672  -71.90468      9.664      9.589    19.4775    31.3297 -9.990e-29     1.8683 7.9238e+00  1022.1409    19.4758    22.0987     8.1982    250.657    7.63403  233.40664    107.391 -9.990e-29
   40.99672  -71.90468      9.664      9.589    19.4759    31.3302 -9.990e-29     1.8414 7.9685e+00  1022.1416    19.4742    22.0995     8.1980    250.651    7.63403  233.40647    107.388 -9.990e-29
   40.99672  -71.90468      9.664      9.589    19.4745    31.3306 -9.990e-29     1.8280 7.9985e+00  1022.1422    19.4728    22.1001     8.1978    250.645    7.63403  233.40638    107.386 -9.990e-29
   40.99672  -71.90468      9.664      9.589    19.4735    31.3310 -9.990e-29     1.8280 8.0438e+00  1022.1428    19.4718    22.1008     8.1924    250.478    7.63402  233.40621    107.314 -9.990e-29
   40.99672  -71.90468      9.675      9.600    19.4722    31.3314 -9.990e-29     1.8414 8.0215e+00  1022.1436    19.4705    22.1014     8.1967    250.611    7.63398  233.40500    107.372 -9.990e-29
   40.99672  -71.90468      9.669      9.594    19.4716    31.3318 -9.990e-29     1.8414 8.0069e+00  1022.1440    19.4699    22.1019     8.1966    250.606    7.63396  233.40468    107.370 -9.990e-29
   40.99672  -71.90468      9.684      9.609    19.4710    31.3320 -9.990e-29     1.8414 8.0226e+00  1022.1443    19.4693    22.1022     8.1911    250.440    7.63393  233.40349    107.299 -9.990e-29
   40.99672  -71.90468      9.675      9.600    19.4703    31.3321 -9.990e-29     1.8414 8.0462e+00  1022.1446    19.4686    22.1025     8.1907    250.427    7.63394  233.40401    107.293 -9.990e-29
   40.99672  -71.90468      9.675      9.600    19.4696    31.3321 -9.990e-29     1.8414 8.0327e+00  1022.1448    19.4679    22.1026     8.1903    250.413    7.63392  233.40327    107.288 -9.990e-29
   40.99672  -71.90468      9.684      9.609    19.4693    31.3321 -9.990e-29     1.8414 8.0344e+00  1022.1447    19.4676    22.1027     8.1898    250.401    7.63391  233.40313    107.282 -9.990e-29
   40.99672  -71.90468      9.684      9.609    19.4683    31.3322 -9.990e-29     1.8414 8.0816e+00  1022.1449    19.4666    22.1029     8.1894    250.388    7.63388  233.40194    107.278 -9.990e-29
   40.99676  -71.90468      9.684      9.609    19.4670    31.3324 -9.990e-29     1.8414 8.0998e+00  1022.1457    19.4653    22.1034     8.1944    250.539    7.63388  233.40220    107.342 -9.990e-29
   40.99676  -71.90468      9.684      9.609    19.4663    31.3327 -9.990e-29     1.8414 8.1496e+00  1022.1459    19.4646    22.1038     8.1888    250.367    7.63388  233.40187    107.269 -9.990e-29
   40.99676  -71.90468      9.695      9.620    19.4654    31.3329 -9.990e-29     1.8414 8.2399e+00  1022.1466    19.4637    22.1042     8.1884    250.356    7.63383  233.40048    107.265 -9.990e-29
   40.99676  -71.90468      9.684      9.609    19.4651    31.3330 -9.990e-29     1.8414 8.3005e+00  1022.1464    19.4634    22.1043     8.1878    250.337    7.63382  233.40042    107.256 -9.990e-29
   40.99676  -71.90468      9.690      9.615    19.4650    31.3330 -9.990e-29     1.8414 8.3217e+00  1022.1466    19.4633    22.1045     8.1875    250.329    7.63383  233.40068    107.253 -9.990e-29
   40.99676  -71.90468      9.684      9.609    19.4642    31.3332 -9.990e-29     1.8414 8.3906e+00  1022.1470    19.4625    22.1047     8.1873    250.324    7.63389  233.40264    107.250 -9.990e-29
   40.99676  -71.90468      9.695      9.620    19.4639    31.3334 -9.990e-29     1.8414 8.5324e+00  1022.1470    19.4622    22.1050     8.1871    250.318    7.63390  233.40290    107.247 -9.990e-29
   40.99676  -71.90468      9.695      9.620    19.4632    31.3336 -9.990e-29     1.8280 8.6285e+00  1022.1476    19.4615    22.1053     8.1870    250.313    7.63392  233.40348    107.245 -9.990e-29
   40.99676  -71.90468      9.684      9.609    19.4627    31.3338 -9.990e-29     1.8414 8.6773e+00  1022.1478    19.4610    22.1056     8.1869    250.311    7.63396  233.40469    107.243 -9.990e-29
   40.99676  -71.90468      9.684      9.609    19.4620    31.3338 -9.990e-29     1.8414 8.8696e+00  1022.1480    19.4603    22.1058     8.1869    250.309    7.63403  233.40664    107.242 -9.990e-29
   40.99676  -71.90468      9.684      9.609    19.4616    31.3338 -9.990e-29     1.8414 8.9872e+00  1022.1481    19.4599    22.1059     8.1868    250.308    7.63407  233.40772    107.241 -9.990e-29
   40.99676  -71.90468      9.684      9.609    19.4616    31.3339 -9.990e-29     1.8414 9.0615e+00  1022.1481    19.4599    22.1060     8.1868    250.307    7.63408  233.40802    107.240 -9.990e-29
   40.99676  -71.90468      9.695      9.620    19.4614    31.3340 -9.990e-29     1.8414 9.2661e+00  1022.1483    19.4597    22.1061     8.1815    250.145    7.63409  233.40849    107.171 -9.990e-29
   40.99676  -71.90468      9.675      9.600    19.4618    31.3340 -9.990e-29     1.8280 9.4548e+00  1022.1482    19.4601    22.1061     8.1865    250.297    7.63410  233.40869    107.235 -9.990e-29
   40.99676  -71.90468      9.680      9.605    19.4620    31.3340 -9.990e-29     1.7877 9.5500e+00  1022.1481    19.4602    22.1060     8.1813    250.139    7.63417  233.41082    107.167 -9.990e-29
   40.99676  -71.90468      9.684      9.609    19.4621    31.3338 -9.990e-29     1.7742 9.6193e+00  1022.1479    19.4604    22.1058     8.1863    250.293    7.63418  233.41118    107.233 -9.990e-29
   40.99676  -71.90468      9.675      9.600    19.4620    31.3338 -9.990e-29     1.7742 9.6950e+00  1022.1480    19.4602    22.1058     8.1812    250.136    7.63419  233.41144    107.165 -9.990e-29
   40.99676  -71.90468      9.684      9.609    19.4621    31.3338 -9.990e-29     1.7742 9.7713e+00  1022.1479    19.4604    22.1058     8.1810    250.131    7.63421  233.41203    107.163 -9.990e-29
   40.99676  -71.90468      9.664      9.589    19.4618    31.3338 -9.990e-29     1.7742 9.7822e+00  1022.1477    19.4601    22.1058     8.1805    250.114    7.63420  233.41150    107.156 -9.990e-29
   40.99676  -71.90468      9.675      9.600    19.4616    31.3338 -9.990e-29     1.7608 9.7989e+00  1022.1478    19.4599    22.1060     8.1805    250.114    7.63428  233.41394    107.155 -9.990e-29
   40.99676  -71.90468      9.675      9.600    19.4609    31.3339 -9.990e-29     1.7742 9.8156e+00  1022.1487    19.4592    22.1063     8.1752    249.952    7.63433  233.41562    107.085 -9.990e-29
   40.99676  -71.90468      9.664      9.589    19.4606    31.3339 -9.990e-29     1.7742 9.8047e+00  1022.1485    19.4589    22.1064     8.1801    250.104    7.63435  233.41616    107.149 -9.990e-29
   40.99676  -71.90468      9.664      9.589    19.4604    31.3341 -9.990e-29     1.7742 9.7281e+00  1022.1481    19.4587    22.1063     8.1750    249.945    7.63441  233.41794    107.081 -9.990e-29
   40.99676  -71.90468      9.664      9.589    19.4602    31.3341 -9.990e-29     1.7742 9.7447e+00  1022.1484    19.4585    22.1064     8.1747    249.938    7.63441  233.41794    107.077 -9.990e-29
   40.99672  -71.90466      9.660      9.585    19.4597    31.3341 -9.990e-29     1.7608 9.7232e+00  1022.1486    19.4580    22.1066     8.1748    249.941    7.63438  233.41710    107.079 -9.990e-29
   40.99672  -71.90466      9.664      9.589    19.4595    31.3343 -9.990e-29     1.7742 9.6640e+00  1022.1490    19.4578    22.1068     8.1747    249.936    7.63435  233.41634    107.078 -9.990e-29
   40.99672  -71.90466      9.654      9.579    19.4590    31.3344 -9.990e-29     1.7742 9.6382e+00  1022.1489    19.4573    22.1070     8.1693    249.772    7.63431  233.41505    107.008 -9.990e-29
   40.99672  -71.90466      9.654      9.579    19.4589    31.3345 -9.990e-29     1.7742 9.5589e+00  1022.1491    19.4572    22.1071     8.1742    249.921    7.63427  233.41385    107.072 -9.990e-29
   40.99672  -71.90466      9.654      9.579    19.4583    31.3345 -9.990e-29     1.7742 9.4805e+00  1022.1494    19.4566    22.1073     8.1741    249.920    7.63419  233.41146    107.073 -9.990e-29
   40.99672  -71.90466      9.654      9.579    19.4580    31.3345 -9.990e-29     1.7742 9.3767e+00  1022.1492    19.4562    22.1073     8.1743    249.924    7.63418  233.41132    107.074 -9.990e-29
   40.99672  -71.90466      9.645      9.570    19.4578    31.3345 -9.990e-29     1.7742 9.3166e+00  1022.1494    19.4560    22.1074     8.1688    249.756    7.63415  233.41038    107.003 -9.990e-29
   40.99672  -71.90466      9.645      9.570    19.4574    31.3347 -9.990e-29     1.7742 9.2151e+00  1022.1497    19.4557    22.1076     8.1686    249.751    7.63412  233.40950    107.001 -9.990e-29
   40.99672  -71.90466      9.645      9.570    19.4574    31.3347 -9.990e-29     1.7742 9.0957e+00  1022.1495    19.4557    22.1076     8.1682    249.738    7.63411  233.40916    106.996 -9.990e-29
   40.99672  -71.90466      9.645      9.570    19.4574    31.3347 -9.990e-29     1.7742 9.0196e+00  1022.1495    19.4557    22.1077     8.1678    249.728    7.63411  233.40910    106.991 -9.990e-29
   40.99672  -71.90466      9.634      9.559    19.4572    31.3348 -9.990e-29     1.7742 8.8604e+00  1022.1497    19.4555    22.1077     8.1679    249.729    7.63409  233.40858    106.992 -9.990e-29
   40.99672  -71.90466      9.639      9.564    19.4572    31.3349 -9.990e-29     1.7742 8.7472e+00  1022.1497    19.4555    22.1079     8.1677    249.723    7.63411  233.40907    106.989 -9.990e-29
   40.99672  -71.90466      9.634      9.559    19.4568    31.3351 -9.990e-29     1.7742 8.6603e+00  1022.1502    19.4551    22.1081     8.1675    249.718    7.63411  233.40910    106.987 -9.990e-29
