CalculateIndicators/WaterTemperature/Data/CTD_NYOS/20220202_C04.cnv
* Sea-Bird SBE 9 Data File:
* FileName = C:\Seabird 9 CTD\Data\2022\202202_offshore\20220202_C04.hex
* Software Version Seasave V 7.23.2
* Temperature SN = 4590
* Conductivity SN = 3228
* Number of Bytes Per Scan = 44
* Number of Voltage Words = 5
* Number of Scans Averaged by the Deck Unit = 1
* NMEA Latitude = 40 06.15 N
* NMEA Longitude = 073 38.98 W
* NMEA UTC (Time) = Jun 19 2002  06:40:22
* NMEA baud rate = 4800
** Ship: rv seawolf
** Station: 7.2
** Operator: TCM
# nquan = 18
# nvalues = 13003                                 
# units = specified
# name 0 = latitude: Latitude [deg]
# name 1 = longitude: Longitude [deg]
# name 2 = prDM: Pressure, Digiquartz [db]
# name 3 = depSM: Depth [salt water, m]
# name 4 = t090C: Temperature [ITS-90, deg C]
# name 5 = sal00: Salinity, Practical [PSU]
# name 6 = ph: pH
# name 7 = flECO-AFL: Fluorescence, WET Labs ECO-AFL/FL [mg/m^3]
# name 8 = cpar: CPAR/Corrected Irradiance [%]
# name 9 = density00: Density [density, kg/m^3]
# name 10 = potemp090C: Potential Temperature [ITS-90, deg C]
# name 11 = sigma-é00: Density [sigma-theta, kg/m^3]
# name 12 = sbeox0Mg/L: Oxygen, SBE 43 [mg/l]
# name 13 = sbox0Mm/Kg: Oxygen, SBE 43 [umol/kg]
# name 14 = oxsolMg/L: Oxygen Saturation, Garcia & Gordon [mg/l]
# name 15 = oxsolMm/Kg: Oxygen Saturation, Garcia & Gordon [umol/kg]
# name 16 = sbeox0PS: Oxygen, SBE 43 [% saturation]
# name 17 = flag:  0.000e+00
# span 0 =   40.10186,   40.10256                 
# span 1 =  -73.65068,  -73.64966                 
# span 2 =      1.774,     34.896                 
# span 3 =      1.760,     34.625                 
# span 4 =     6.3276,     6.7688                 
# span 5 =    33.4485,    33.5887                 
# span 6 =      8.324,      8.335                 
# span 7 =     0.3774,     0.9952                 
# span 8 = 5.0640e-11, 9.9999e+04                 
# span 9 =  1026.2976,  1026.4988                 
# span 10 =     6.3273,     6.7658                
# span 11 =    26.2630,    26.3506                
# span 12 =     8.2279,     9.2927                
# span 13 =    250.529,    282.962                
# span 14 =    9.79023,    9.89912                
# span 15 =  298.09848,  301.42694                
# span 16 =     83.977,     93.963                
# span 17 = 0.0000e+00, 0.0000e+00                
# interval = seconds: 0.0416667
# start_time = Feb 02 2022 06:40:23 [System UTC, first data scan.]
# bad_flag = -9.990e-29
*END*
[from data line 9488]
   40.10210  -73.65040      3.758      3.729     6.3583    33.4598      8.330     0.6192 9.9999e+04  1026.3077     6.3580    26.2904     8.9576    272.759    9.89178  301.20369     90.556  0.000e+00
   40.10210  -73.65040      3.758      3.729     6.3586    33.4600      8.335     0.6192 9.9999e+04  1026.3078     6.3582    26.2905     8.9733    273.235    9.89171  301.20146     90.715  0.000e+00
   40.10210  -73.65040      3.738      3.709     6.3585    33.4604      8.335     0.6192 9.9999e+04  1026.3080     6.3581    26.2908     8.9824    273.513    9.89171  301.20128     90.807  0.000e+00
   40.10210  -73.65040      3.749      3.720     6.3586    33.4603      8.335     0.6192 9.9999e+04  1026.3080     6.3583    26.2907     8.9850    273.591    9.89168  301.20061     90.833  0.000e+00
   40.10210  -73.65040      3.717      3.688     6.3589    33.4603      8.330     0.6192 9.9999e+04  1026.3078     6.3586    26.2907     8.9943    273.875    9.89162  301.19858     90.928  0.000e+00
   40.10210  -73.65040      3.728      3.699     6.3589    33.4601      8.335     0.6192 9.9999e+04  1026.3077     6.3586    26.2905     9.0061    274.234    9.89162  301.19867     91.047  0.000e+00
   40.10210  -73.65040      3.698      3.669     6.3591    33.4601      8.335     0.6192 9.9999e+04  1026.3075     6.3588    26.2905     9.0276    274.891    9.89158  301.19764     91.266  0.000e+00
   40.10210  -73.65040      3.698      3.669     6.3592    33.4600      8.335     0.6192 9.9999e+04  1026.3074     6.3589    26.2904     9.0450    275.420    9.89155  301.19680     91.442  0.000e+00
   40.10210  -73.65040      3.677      3.649     6.3591    33.4604      8.330     0.6192 9.9999e+04  1026.3077     6.3588    26.2908     9.0686    276.138    9.89156  301.19685     91.680  0.000e+00
   40.10210  -73.65040      3.656      3.628     6.3593    33.4603      8.330     0.6192 9.9999e+04  1026.3075     6.3590    26.2907     9.0715    276.225    9.89152  301.19576     91.710  0.000e+00
   40.10210  -73.65040      3.656      3.628     6.3591    33.4606      8.330     0.6192 9.9999e+04  1026.3077     6.3588    26.2909     9.0582    275.822    9.89155  301.19652     91.575  0.000e+00
   40.10208  -73.65044      3.637      3.609     6.3596    33.4598      8.330     0.6192 9.9999e+04  1026.3069     6.3593    26.2902     9.0481    275.515    9.89149  301.19498     91.474  0.000e+00
   40.10208  -73.65044      3.626      3.598     6.3593    33.4598      8.330     0.6192 9.9999e+04  1026.3069     6.3590    26.2903     9.0348    275.107    9.89156  301.19696     91.338  0.000e+00
   40.10208  -73.65044      3.596      3.568     6.3599    33.4598      8.335     0.6192 9.9999e+04  1026.3067     6.3596    26.2902     9.0386    275.223    9.89141  301.19256     91.378  0.000e+00
   40.10208  -73.65044      3.577      3.549     6.3597    33.4603      8.335     0.6192 9.9999e+04  1026.3071     6.3594    26.2906     9.0293    274.941    9.89143  301.19284     91.284  0.000e+00
   40.10208  -73.65044      3.566      3.538     6.3596    33.4604      8.330     0.6192 9.9999e+04  1026.3071     6.3593    26.2907     9.0255    274.824    9.89145  301.19352     91.245  0.000e+00
   40.10208  -73.65044      3.526      3.499     6.3596    33.4605      8.330     0.6192 9.9999e+04  1026.3070     6.3593    26.2907     9.0285    274.917    9.89145  301.19347     91.276  0.000e+00
   40.10208  -73.65044      3.526      3.499     6.3600    33.4601      8.335     0.6192 9.9999e+04  1026.3066     6.3597    26.2904     9.0406    275.286    9.89136  301.19103     91.399  0.000e+00
   40.10208  -73.65044      3.505      3.478     6.3599    33.4604      8.330     0.5923 9.9999e+04  1026.3068     6.3596    26.2907     9.0545    275.709    9.89137  301.19123     91.539  0.000e+00
   40.10208  -73.65044      3.485      3.458     6.3601    33.4598      8.330     0.5789 9.9999e+04  1026.3062     6.3598    26.2902     9.0774    276.407    9.89137  301.19121     91.771  0.000e+00
   40.10208  -73.65044      3.454      3.428     6.3601    33.4601      8.335     0.5789 9.9999e+04  1026.3063     6.3598    26.2904     9.0982    277.040    9.89135  301.19057     91.982  0.000e+00
   40.10208  -73.65044      3.424      3.398     6.3598    33.4601      8.330     0.5789 9.9999e+04  1026.3062     6.3596    26.2904     9.1208    277.726    9.89141  301.19229     92.209  0.000e+00
   40.10208  -73.65044      3.404      3.377     6.3601    33.4599      8.330     0.5789 9.9999e+04  1026.3059     6.3598    26.2903     9.1314    278.052    9.89136  301.19097     92.317  0.000e+00
   40.10208  -73.65044      3.383      3.357     6.3598    33.4596      8.330     0.5789 9.9999e+04  1026.3056     6.3595    26.2900     9.1351    278.162    9.89146  301.19409     92.353  0.000e+00
   40.10208  -73.65044      3.353      3.327     6.3596    33.4598      8.330     0.5789 9.9999e+04  1026.3056     6.3593    26.2902     9.1568    278.823    9.89149  301.19498     92.572  0.000e+00
   40.10208  -73.65044      3.323      3.297     6.3598    33.4600      8.330     0.5789 9.9999e+04  1026.3056     6.3595    26.2903     9.1778    279.462    9.89144  301.19326     92.785  0.000e+00
   40.10208  -73.65044      3.302      3.277     6.3598    33.4603      8.335     0.5789 9.9999e+04  1026.3058     6.3595    26.2906     9.1846    279.671    9.89141  301.19246     92.855  0.000e+00
   40.10208  -73.65044      3.272      3.247     6.3598    33.4600      8.335     0.5789 9.9999e+04  1026.3054     6.3596    26.2904     9.1826    279.609    9.89141  301.19244     92.834  0.000e+00
   40.10208  -73.65044      3.252      3.228     6.3596    33.4596      8.335     0.5789 9.9999e+04  1026.3050     6.3593    26.2900     9.1851    279.686    9.89151  301.19548     92.858  0.000e+00
   40.10208  -73.65044      3.211      3.187     6.3586    33.4592      8.335     0.5789 9.9999e+04  1026.3046     6.3583    26.2899     9.1996    280.127    9.89175  301.20295     93.003  0.000e+00
   40.10208  -73.65044      3.191      3.166     6.3570    33.4594      8.335     0.5789 9.9999e+04  1026.3049     6.3567    26.2902     9.2089    280.409    9.89210  301.21357     93.093  0.000e+00
   40.10208  -73.65044      3.160      3.136     6.3562    33.4602      8.330     0.5789 9.9999e+04  1026.3055     6.3559    26.2910     9.2110    280.473    9.89225  301.21781     93.113  0.000e+00
   40.10208  -73.65044      3.130      3.106     6.3563    33.4604      8.330     0.5789 9.9999e+04  1026.3055     6.3561    26.2911     9.2045    280.277    9.89219  301.21609     93.049  0.000e+00
   40.10208  -73.65044      3.111      3.087     6.3570    33.4601      8.330     0.5789 9.9999e+04  1026.3051     6.3568    26.2907     9.1957    280.007    9.89206  301.21209     92.960  0.000e+00
   40.10208  -73.65044      3.070      3.046     6.3576    33.4599      8.330     0.5789 9.9999e+04  1026.3046     6.3573    26.2905     9.1986    280.096    9.89194  301.20853     92.991  0.000e+00
   40.10208  -73.65044      3.049      3.026     6.3575    33.4598      8.335     0.5789 9.9999e+04  1026.3045     6.3572    26.2905     9.1955    280.002    9.89196  301.20927     92.959  0.000e+00
   40.10208  -73.65044      3.019      2.996     6.3572    33.4591      8.330     0.5789 9.9999e+04  1026.3038     6.3569    26.2899     9.1998    280.134    9.89209  301.21331     93.002  0.000e+00
   40.10208  -73.65044      3.000      2.977     6.3562    33.4592      8.335     0.5789 9.9999e+04  1026.3040     6.3559    26.2902     9.1907    279.856    9.89231  301.21995     92.908  0.000e+00
   40.10208  -73.65044      2.958      2.936     6.3554    33.4593      8.330     0.5789 9.9999e+04  1026.3040     6.3551    26.2904     9.1874    279.756    9.89248  301.22511     92.873  0.000e+00
   40.10208  -73.65044      2.938      2.915     6.3546    33.4602      8.335     0.5789 9.9999e+04  1026.3047     6.3543    26.2912     9.1706    279.244    9.89261  301.22883     92.702  0.000e+00
   40.10208  -73.65044      2.908      2.885     6.3545    33.4601      8.335     0.5789 9.9999e+04  1026.3045     6.3543    26.2911     9.1449    278.460    9.89263  301.22933     92.441  0.000e+00
   40.10208  -73.65044      2.877      2.855     6.3539    33.4601      8.335     0.5789 9.9999e+04  1026.3044     6.3537    26.2911     9.1298    278.002    9.89276  301.23344     92.288  0.000e+00
   40.10208  -73.65044      2.847      2.825     6.3536    33.4600      8.335     0.5789 9.9999e+04  1026.3042     6.3534    26.2911     9.1127    277.480    9.89285  301.23593     92.114  0.000e+00
   40.10208  -73.65044      2.817      2.795     6.3534    33.4607      8.330     0.5923 9.9999e+04  1026.3046     6.3531    26.2917     9.0875    276.712    9.89286  301.23612     91.859  0.000e+00
   40.10208  -73.65044      2.787      2.765     6.3539    33.4605      8.335     0.5923 9.9999e+04  1026.3043     6.3537    26.2915     9.0549    275.721    9.89273  301.23241     91.531  0.000e+00
   40.10208  -73.65044      2.766      2.745     6.3539    33.4601      8.330     0.5923 9.9999e+04  1026.3039     6.3537    26.2912     9.0207    274.680    9.89276  301.23332     91.185  0.000e+00
   40.10208  -73.65044      2.726      2.705     6.3543    33.4594      8.335     0.5923 9.9999e+04  1026.3031     6.3541    26.2905     8.9855    273.609    9.89272  301.23236     90.830  0.000e+00
   40.10208  -73.65044      2.706      2.685     6.3543    33.4595      8.335     0.5923 9.9999e+04  1026.3031     6.3541    26.2907     8.9429    272.311    9.89272  301.23226     90.399  0.000e+00
   40.10208  -73.65044      2.673      2.652     6.3548    33.4594      8.330     0.5923 9.9999e+04  1026.3028     6.3545    26.2905     8.9183    271.560    9.89262  301.22917     90.151  0.000e+00
   40.10208  -73.65044      2.655      2.634     6.3543    33.4595      8.330     0.5923 9.9999e+04  1026.3029     6.3541    26.2907     8.9074    271.228    9.89272  301.23236     90.039  0.000e+00
   40.10208  -73.65044      2.615      2.595     6.3539    33.4600      8.335     0.5923 9.9999e+04  1026.3031     6.3536    26.2911     8.8920    270.761    9.89279  301.23423     89.884  0.000e+00
   40.10208  -73.65044      2.594      2.574     6.3539    33.4598      8.335     0.5923 9.9999e+04  1026.3029     6.3537    26.2909     8.8776    270.321    9.89278  301.23405     89.738  0.000e+00
   40.10208  -73.65044      2.574      2.554     6.3538    33.4599      8.335     0.5923 9.9999e+04  1026.3028     6.3536    26.2910     8.8768    270.296    9.89281  301.23487     89.729  0.000e+00
   40.10208  -73.65044      2.544      2.524     6.3539    33.4598      8.330     0.5923 9.9999e+04  1026.3027     6.3536    26.2910     8.8782    270.341    9.89280  301.23461     89.744  0.000e+00
   40.10208  -73.65044      2.513      2.494     6.3538    33.4599      8.330     0.5923 9.9999e+04  1026.3026     6.3536    26.2910     8.8753    270.253    9.89281  301.23481     89.715  0.000e+00
   40.10208  -73.65044      2.493      2.474     6.3539    33.4596      8.335     0.5923 9.9999e+04  1026.3022     6.3537    26.2907     8.8747    270.235    9.89280  301.23456     89.709  0.000e+00
   40.10208  -73.65044      2.473      2.454     6.3539    33.4600      8.330     0.5923 9.9999e+04  1026.3025     6.3536    26.2911     8.8557    269.654    9.89279  301.23423     89.516  0.000e+00
   40.10208  -73.65044      2.442      2.423     6.3539    33.4599      8.335     0.5923 9.9999e+04  1026.3022     6.3537    26.2910     8.8436    269.285    9.89278  301.23389     89.394  0.000e+00
   40.10208  -73.65044      2.423      2.404     6.3539    33.4600      8.330     0.5923 9.9999e+04  1026.3022     6.3537    26.2911     8.8236    268.679    9.89277  301.23356     89.193  0.000e+00
   40.10210  -73.65046      2.402      2.384     6.3539    33.4605      8.330     0.5923 9.9999e+04  1026.3025     6.3536    26.2915     8.8138    268.380    9.89276  301.23322     89.094  0.000e+00
   40.10210  -73.65046      2.381      2.363     6.3543    33.4604      8.335     0.5923 9.9999e+04  1026.3023     6.3541    26.2914     8.8094    268.244    9.89267  301.23037     89.050  0.000e+00
   40.10210  -73.65046      2.359      2.341     6.3543    33.4600      8.330     0.5923 9.9999e+04  1026.3019     6.3541    26.2910     8.7978    267.891    9.89269  301.23127     88.932  0.000e+00
   40.10210  -73.65046      2.342      2.324     6.3549    33.4601      8.335     0.5923 9.9999e+04  1026.3018     6.3547    26.2910     8.7802    267.355    9.89256  301.22711     88.755  0.000e+00
   40.10210  -73.65046      2.311      2.294     6.3549    33.4602      8.335     0.5923 9.9999e+04  1026.3018     6.3547    26.2911     8.7614    266.782    9.89253  301.22639     88.565  0.000e+00
   40.10210  -73.65046      2.300      2.283     6.3549    33.4600      8.335     0.5923 9.9999e+04  1026.3016     6.3547    26.2910     8.7421    266.195    9.89255  301.22684     88.370  0.000e+00
   40.10210  -73.65046      2.281      2.264     6.3553    33.4600      8.330     0.5923 9.9999e+04  1026.3014     6.3551    26.2909     8.7229    265.612    9.89245  301.22398     88.178  0.000e+00
   40.10210  -73.65046      2.251      2.234     6.3556    33.4600      8.335     0.5923 9.9999e+04  1026.3012     6.3554    26.2908     8.6982    264.858    9.89240  301.22234     87.928  0.000e+00
   40.10210  -73.65046      2.240      2.223     6.3557    33.4599      8.335     0.5789 9.9999e+04  1026.3011     6.3555    26.2908     8.6873    264.527    9.89237  301.22149     87.818  0.000e+00
   40.10210  -73.65046      2.219      2.202     6.3556    33.4602      8.330     0.5654 9.9999e+04  1026.3012     6.3554    26.2910     8.6925    264.686    9.89237  301.22146     87.871  0.000e+00
   40.10210  -73.65046      2.200      2.183     6.3557    33.4600      8.330     0.5654 9.9999e+04  1026.3010     6.3555    26.2908     8.6877    264.540    9.89236  301.22129     87.823  0.000e+00
   40.10210  -73.65046      2.179      2.163     6.3556    33.4603      8.335     0.5654 9.9999e+04  1026.3011     6.3554    26.2911     8.6917    264.662    9.89238  301.22165     87.863  0.000e+00
   40.10210  -73.65046      2.146      2.130     6.3558    33.4599      8.330     0.5654 9.9999e+04  1026.3006     6.3556    26.2908     8.6969    264.820    9.89234  301.22078     87.916  0.000e+00
   40.10210  -73.65046      2.059      2.043     6.3556    33.4606      8.335     0.5654 9.9999e+04  1026.3008     6.3554    26.2913     8.7026    264.993    9.89235  301.22090     87.973  0.000e+00
   40.10210  -73.65046      2.017      2.002     6.3559    33.4605      8.335     0.5654 9.9999e+04  1026.3005     6.3557    26.2912     8.6976    264.840    9.89230  301.21917     87.923  0.000e+00
   40.10210  -73.65046      2.059      2.043     6.3563    33.4602      8.330     0.5654 9.9999e+04  1026.3004     6.3562    26.2909     8.6805    264.321    9.89220  301.21646     87.751  0.000e+00
   40.10210  -73.65046      2.170      2.153     6.3566    33.4600      8.335     0.5654 9.9999e+04  1026.3007     6.3564    26.2907     8.6555    263.558    9.89215  301.21490     87.498  0.000e+00
   40.10210  -73.65046      2.281      2.264     6.3568    33.4602      8.330     0.5654 9.9999e+04  1026.3014     6.3566    26.2909     8.6142    262.301    9.89209  301.21303     87.082  0.000e+00
   40.10210  -73.65046      2.038      2.022     6.3570    33.4606      8.330     0.5654 9.9999e+04  1026.3005     6.3568    26.2911     8.6028    261.953    9.89202  301.21092     86.967  0.000e+00
   40.10210  -73.65046      2.008      1.992     6.3568    33.4601      8.335     0.5654 9.9999e+04  1026.3001     6.3566    26.2908     8.6471    263.303    9.89211  301.21358     87.414  0.000e+00
