CalculateIndicators/WaterTemperature/Data/CTD_NYOS/202200727_C07.cnv
* Sea-Bird SBE 9 Data File:
* FileName = C:\Seabird 9 CTD\Data\2022\202207_offshore\202200727_C07.hex
* Software Version Seasave V 7.23.2
* Temperature SN = 4590
* Conductivity SN = 3228
* Number of Bytes Per Scan = 44
* Number of Voltage Words = 5
* Number of Scans Averaged by the Deck Unit = 1
* NMEA Latitude = 39 07.76 N
* NMEA Longitude = 072 56.44 W
* NMEA UTC (Time) = Dec 11 2002  13:40:07
* NMEA baud rate = 4800
** Ship: seawolf
** Station: 6.5
** Operator: tcm
# nquan = 18
# nvalues = 19850                       
# units = specified
# name 0 = latitude: Latitude [deg]
# name 1 = longitude: Longitude [deg]
# name 2 = prDM: Pressure, Digiquartz [db]
# name 3 = depSM: Depth [salt water, m]
# name 4 = t090C: Temperature [ITS-90, deg C]
# name 5 = sal00: Salinity, Practical [PSU]
# name 6 = ph: pH
# name 7 = flECO-AFL: Fluorescence, WET Labs ECO-AFL/FL [mg/m^3]
# name 8 = cpar: CPAR/Corrected Irradiance [%]
# name 9 = density00: Density [density, kg/m^3]
# name 10 = potemp090C: Potential Temperature [ITS-90, deg C]
# name 11 = sigma-é00: Density [sigma-theta, kg/m^3]
# name 12 = sbeox0Mg/L: Oxygen, SBE 43 [mg/l]
# name 13 = sbox0Mm/Kg: Oxygen, SBE 43 [umol/kg]
# name 14 = oxsolMg/L: Oxygen Saturation, Garcia & Gordon [mg/l]
# name 15 = oxsolMm/Kg: Oxygen Saturation, Garcia & Gordon [umol/kg]
# name 16 = sbeox0PS: Oxygen, SBE 43 [% saturation]
# name 17 = flag:  0.000e+00
# span 0 =   39.12774,   39.12948       
# span 1 =  -72.94072,  -72.94042       
# span 2 =      1.726,     78.942       
# span 3 =      1.713,     78.328       
# span 4 =     8.8787,    25.4949       
# span 5 =    31.5457,    34.2895       
# span 6 =      7.975,      8.224       
# span 7 =    -0.0792,     0.9549       
# span 8 = 3.7180e-14, 1.2266e+01       
# span 9 =  1020.6201,  1026.6068       
# span 10 =     8.8748,    25.4944      
# span 11 =    20.6106,    26.2377      
# span 12 =     6.8454,     9.1537      
# span 13 =    208.469,    279.096      
# span 14 =    6.84616,    9.35615      
# span 15 =  209.62403,  285.04656      
# span 16 =     76.604,    117.644      
# span 17 = 0.0000e+00, 0.0000e+00      
# interval = seconds: 0.0416667
# start_time = Jul 27 2022 13:40:09 [System UTC, first data scan.]
# bad_flag = -9.990e-29
*END*
[from data line 11980]
   39.12834  -72.94046     50.581     50.192     8.9676    33.2815      7.994     0.1088 6.8099e-02  1026.0081     8.9623    25.7785     7.4312    226.391    9.33460  284.37953     79.609 -9.990e-29
   39.12834  -72.94046     50.551     50.161     8.9675    33.2815      7.989     0.1088 5.8326e-02  1026.0080     8.9622    25.7785     7.4316    226.403    9.33461  284.37981     79.613 -9.990e-29
   39.12834  -72.94046     50.530     50.141     8.9677    33.2815      7.989     0.1088 5.0430e-02  1026.0077     8.9624    25.7785     7.4312    226.392    9.33459  284.37934     79.609 -9.990e-29
   39.12834  -72.94046     50.519     50.130     8.9677    33.2816      7.989     0.1088 4.5128e-02  1026.0080     8.9624    25.7785     7.4246    226.192    9.33456  284.37854     79.539 -9.990e-29
   39.12834  -72.94046     50.489     50.100     8.9680    33.2816      7.989     0.1088 4.1750e-02  1026.0076     8.9627    25.7785     7.4313    226.395    9.33464  284.38067     79.610 -9.990e-29
   39.12834  -72.94046     50.468     50.079     8.9682    33.2817      7.989     0.1088 3.9888e-02  1026.0076     8.9629    25.7786     7.4247    226.195    9.33459  284.37928     79.540 -9.990e-29
   39.12834  -72.94046     50.442     50.053     8.9680    33.2817      7.989     0.1088 3.8840e-02  1026.0076     8.9627    25.7786     7.4245    226.188    9.33465  284.38102     79.537 -9.990e-29
   39.12834  -72.94046     50.428     50.040     8.9682    33.2817      7.989     0.1088 3.8162e-02  1026.0075     8.9629    25.7786     7.4311    226.388    9.33459  284.37915     79.608 -9.990e-29
   39.12834  -72.94046     50.398     50.009     8.9682    33.2815      7.989     0.1088 3.8250e-02  1026.0073     8.9629    25.7783     7.4246    226.192    9.33460  284.37971     79.539 -9.990e-29
   39.12834  -72.94046     50.377     49.989     8.9687    33.2811      7.994     0.1088 3.8669e-02  1026.0065     8.9634    25.7781     7.4313    226.396    9.33461  284.37999     79.610 -9.990e-29
   39.12834  -72.94046     50.356     49.968     8.9682    33.2809      7.989     0.1088 3.9851e-02  1026.0065     8.9629    25.7780     7.4310    226.388    9.33460  284.37960     79.608 -9.990e-29
   39.12834  -72.94046     50.336     49.948     8.9680    33.2806      7.989     0.0954 4.2353e-02  1026.0064     8.9627    25.7777     7.4246    226.193    9.33466  284.38134     79.538 -9.990e-29
   39.12834  -72.94046     50.305     49.918     8.9680    33.2802      7.994     0.0954 4.5134e-02  1026.0054     8.9627    25.7774     7.4244    226.186    9.33465  284.38114     79.536 -9.990e-29
   39.12834  -72.94046     50.285     49.897     8.9674    33.2799      7.989     0.0954 4.7777e-02  1026.0055     8.9621    25.7773     7.4311    226.389    9.33462  284.38029     79.608 -9.990e-29
   39.12834  -72.94046     50.265     49.878     8.9672    33.2799      7.989     0.0954 4.9945e-02  1026.0054     8.9620    25.7773     7.4247    226.194    9.33457  284.37854     79.540 -9.990e-29
   39.12834  -72.94046     50.238     49.851     8.9668    33.2799      7.994     0.0954 5.0848e-02  1026.0052     8.9616    25.7773     7.4237    226.165    9.33457  284.37854     79.530 -9.990e-29
   39.12834  -72.94046     50.214     49.827     8.9664    33.2799      7.989     0.0954 5.0832e-02  1026.0054     8.9611    25.7774     7.4236    226.160    9.33455  284.37810     79.528 -9.990e-29
   39.12834  -72.94046     50.203     49.816     8.9662    33.2800      7.989     0.0954 4.9964e-02  1026.0053     8.9610    25.7776     7.4234    226.156    9.33456  284.37831     79.526 -9.990e-29
   39.12834  -72.94046     50.173     49.786     8.9658    33.2802      7.994     0.0954 4.8556e-02  1026.0056     8.9605    25.7777     7.4233    226.151    9.33451  284.37692     79.525 -9.990e-29
   39.12834  -72.94046     50.163     49.777     8.9657    33.2804      7.989     0.0954 4.6488e-02  1026.0056     8.9604    25.7779     7.4233    226.150    9.33455  284.37801     79.524 -9.990e-29
   39.12834  -72.94046     50.131     49.745     8.9656    33.2804      7.989     0.0954 4.4769e-02  1026.0055     8.9603    25.7780     7.4301    226.358    9.33453  284.37735     79.598 -9.990e-29
   39.12834  -72.94046     50.122     49.735     8.9656    33.2804      7.989     0.0954 4.3601e-02  1026.0057     8.9603    25.7781     7.4239    226.169    9.33455  284.37804     79.531 -9.990e-29
   39.12834  -72.94046     50.094     49.708     8.9658    33.2804      7.989     0.0954 4.2519e-02  1026.0053     8.9605    25.7779     7.4239    226.169    9.33456  284.37819     79.531 -9.990e-29
   39.12834  -72.94046     50.080     49.694     8.9655    33.2804      7.989     0.0954 4.1917e-02  1026.0050     8.9602    25.7778     7.4239    226.171    9.33460  284.37984     79.531 -9.990e-29
   39.12834  -72.94046     50.050     49.664     8.9653    33.2804      7.989     0.0954 4.1685e-02  1026.0050     8.9600    25.7778     7.4240    226.172    9.33459  284.37946     79.532 -9.990e-29
   39.12834  -72.94046     50.040     49.655     8.9649    33.2804      7.989     0.0954 4.1554e-02  1026.0050     8.9597    25.7780     7.4241    226.177    9.33470  284.38270     79.533 -9.990e-29
   39.12834  -72.94046     50.019     49.634     8.9648    33.2804      7.989     0.0954 4.1480e-02  1026.0055     8.9596    25.7782     7.4311    226.389    9.33463  284.38064     79.608 -9.990e-29
   39.12834  -72.94046     50.010     49.625     8.9649    33.2804      7.989     0.0954 4.1772e-02  1026.0052     8.9597    25.7782     7.4250    226.204    9.33462  284.38023     79.543 -9.990e-29
   39.12834  -72.94046     49.978     49.593     8.9651    33.2803      7.994     0.0954 4.1846e-02  1026.0046     8.9598    25.7780     7.4252    226.209    9.33466  284.38147     79.544 -9.990e-29
   39.12834  -72.94046     49.973     49.588     8.9649    33.2803      7.989     0.0954 4.2049e-02  1026.0047     8.9597    25.7780     7.4246    226.192    9.33468  284.38196     79.538 -9.990e-29
   39.12834  -72.94046     49.968     49.583     8.9647    33.2803      7.989     0.0954 4.2161e-02  1026.0049     8.9594    25.7780     7.4240    226.173    9.33466  284.38127     79.532 -9.990e-29
   39.12834  -72.94046     49.948     49.563     8.9648    33.2802      7.989     0.0954 4.2442e-02  1026.0045     8.9595    25.7779     7.4242    226.178    9.33465  284.38103     79.534 -9.990e-29
   39.12834  -72.94046     49.927     49.542     8.9648    33.2802      7.989     0.0954 4.2594e-02  1026.0045     8.9595    25.7779     7.4244    226.184    9.33464  284.38063     79.536 -9.990e-29
   39.12834  -72.94046     49.917     49.533     8.9648    33.2802      7.989     0.0954 4.3010e-02  1026.0044     8.9596    25.7779     7.4246    226.192    9.33464  284.38089     79.538 -9.990e-29
   39.12834  -72.94046     49.908     49.523     8.9649    33.2803      7.989     0.0954 4.3337e-02  1026.0043     8.9597    25.7780     7.4241    226.176    9.33464  284.38060     79.533 -9.990e-29
   39.12834  -72.94046     49.901     49.516     8.9648    33.2804      7.989     0.0954 4.3495e-02  1026.0047     8.9595    25.7781     7.4305    226.371    9.33463  284.38037     79.602 -9.990e-29
   39.12834  -72.94046     49.876     49.492     8.9646    33.2805      7.989     0.1222 4.3694e-02  1026.0046     8.9594    25.7782     7.4246    226.190    9.33463  284.38051     79.538 -9.990e-29
   39.12834  -72.94046     49.876     49.492     8.9647    33.2805      7.989     0.1222 4.3934e-02  1026.0045     8.9594    25.7781     7.4241    226.175    9.33465  284.38094     79.533 -9.990e-29
   39.12834  -72.94046     49.866     49.482     8.9649    33.2805      7.994     0.1222 4.4137e-02  1026.0044     8.9597    25.7781     7.4243    226.182    9.33459  284.37934     79.535 -9.990e-29
   39.12834  -72.94046     49.857     49.472     8.9648    33.2804      7.994     0.1222 4.4206e-02  1026.0044     8.9595    25.7781     7.4246    226.190    9.33460  284.37947     79.538 -9.990e-29
   39.12834  -72.94046     49.857     49.472     8.9643    33.2803      7.989     0.1222 4.4318e-02  1026.0043     8.9591    25.7780     7.4242    226.178    9.33463  284.38037     79.534 -9.990e-29
   39.12834  -72.94046     49.850     49.466     8.9646    33.2801      7.989     0.1222 4.4525e-02  1026.0039     8.9594    25.7779     7.4237    226.165    9.33462  284.38007     79.529 -9.990e-29
   39.12834  -72.94046     49.846     49.462     8.9641    33.2801      7.989     0.1222 4.4914e-02  1026.0044     8.9589    25.7779     7.4233    226.151    9.33459  284.37941     79.524 -9.990e-29
   39.12834  -72.94046     49.846     49.462     8.9643    33.2801      7.994     0.1222 4.5264e-02  1026.0040     8.9591    25.7779     7.4228    226.137    9.33457  284.37855     79.520 -9.990e-29
   39.12834  -72.94046     49.836     49.452     8.9640    33.2801      7.989     0.1222 4.5480e-02  1026.0043     8.9588    25.7780     7.4232    226.147    9.33460  284.37956     79.523 -9.990e-29
   39.12834  -72.94046     49.836     49.452     8.9641    33.2801      7.989     0.1222 4.5601e-02  1026.0041     8.9589    25.7780     7.4235    226.157    9.33456  284.37817     79.527 -9.990e-29
   39.12834  -72.94046     49.826     49.442     8.9639    33.2801      7.989     0.1222 4.5960e-02  1026.0042     8.9587    25.7780     7.4231    226.146    9.33457  284.37852     79.523 -9.990e-29
   39.12834  -72.94046     49.839     49.455     8.9639    33.2801      7.989     0.1222 4.6227e-02  1026.0041     8.9586    25.7780     7.4235    226.157    9.33459  284.37907     79.527 -9.990e-29
   39.12834  -72.94046     49.836     49.452     8.9638    33.2801      7.989     0.1222 4.6451e-02  1026.0042     8.9586    25.7780     7.4239    226.168    9.33453  284.37717     79.531 -9.990e-29
   39.12834  -72.94046     49.836     49.452     8.9638    33.2801      7.989     0.1222 4.6678e-02  1026.0041     8.9586    25.7779     7.4242    226.178    9.33440  284.37293     79.536 -9.990e-29
   39.12834  -72.94046     49.836     49.452     8.9639    33.2801      7.994     0.1222 4.6952e-02  1026.0040     8.9587    25.7779     7.4315    226.402    9.33437  284.37214     79.615 -9.990e-29
   39.12834  -72.94046     49.846     49.462     8.9640    33.2801      7.989     0.1222 4.7086e-02  1026.0041     8.9588    25.7780     7.4258    226.226    9.33433  284.37096     79.553 -9.990e-29
   39.12834  -72.94046     49.846     49.462     8.9635    33.2803      7.989     0.1222 4.7508e-02  1026.0047     8.9582    25.7782     7.4255    226.218    9.33433  284.37098     79.550 -9.990e-29
   39.12834  -72.94046     49.859     49.475     8.9638    33.2803      7.994     0.1222 4.8083e-02  1026.0044     8.9586    25.7782     7.4260    226.233    9.33431  284.37074     79.556 -9.990e-29
   39.12834  -72.94046     49.857     49.472     8.9635    33.2803      7.989     0.1222 4.8722e-02  1026.0045     8.9583    25.7782     7.4258    226.228    9.33437  284.37253     79.553 -9.990e-29
   39.12834  -72.94046     49.866     49.482     8.9638    33.2803      7.989     0.1222 4.9542e-02  1026.0045     8.9586    25.7781     7.4256    226.221    9.33438  284.37293     79.551 -9.990e-29
   39.12834  -72.94046     49.876     49.492     8.9638    33.2802      7.989     0.1222 5.0884e-02  1026.0044     8.9586    25.7780     7.4261    226.237    9.33437  284.37282     79.556 -9.990e-29
   39.12834  -72.94046     49.887     49.503     8.9638    33.2800      7.989     0.1222 5.2603e-02  1026.0043     8.9585    25.7779     7.4328    226.442    9.33440  284.37336     79.628 -9.990e-29
   39.12834  -72.94046     49.901     49.516     8.9639    33.2800      7.989     0.1222 5.4351e-02  1026.0043     8.9586    25.7779     7.4340    226.478    9.33436  284.37228     79.641 -9.990e-29
   39.12834  -72.94046     49.897     49.512     8.9636    33.2800      7.994     0.1222 5.6350e-02  1026.0043     8.9584    25.7779     7.4284    226.307    9.33438  284.37297     79.581 -9.990e-29
   39.12834  -72.94046     49.908     49.523     8.9635    33.2802      7.989     0.1222 5.8474e-02  1026.0048     8.9582    25.7781     7.4282    226.300    9.33438  284.37285     79.579 -9.990e-29
   39.12834  -72.94046     49.927     49.542     8.9637    33.2803      7.994     0.1222 6.0079e-02  1026.0046     8.9585    25.7782     7.4280    226.295    9.33440  284.37339     79.577 -9.990e-29
   39.12834  -72.94046     49.948     49.563     8.9638    33.2805      7.994     0.1222 6.1410e-02  1026.0051     8.9585    25.7783     7.4286    226.312    9.33441  284.37371     79.582 -9.990e-29
   39.12834  -72.94046     49.948     49.563     8.9638    33.2805      7.989     0.1222 6.2323e-02  1026.0051     8.9585    25.7784     7.4352    226.515    9.33436  284.37219     79.654 -9.990e-29
   39.12834  -72.94046     49.968     49.583     8.9639    33.2805      7.989     0.1222 6.1752e-02  1026.0050     8.9587    25.7783     7.4289    226.322    9.33440  284.37333     79.586 -9.990e-29
   39.12834  -72.94046     49.982     49.597     8.9639    33.2805      7.994     0.1222 6.0742e-02  1026.0051     8.9586    25.7783     7.4356    226.525    9.33437  284.37244     79.658 -9.990e-29
   39.12834  -72.94046     49.999     49.614     8.9641    33.2805      7.989     0.1222 5.9088e-02  1026.0052     8.9589    25.7783     7.4360    226.538    9.33432  284.37081     79.663 -9.990e-29
   39.12834  -72.94046     50.019     49.634     8.9639    33.2805      7.994     0.1222 5.6251e-02  1026.0053     8.9587    25.7783     7.4295    226.339    9.33423  284.36805     79.594 -9.990e-29
   39.12834  -72.94046     50.029     49.644     8.9640    33.2805      7.989     0.1222 5.3886e-02  1026.0054     8.9588    25.7783     7.4291    226.329    9.33416  284.36584     79.591 -9.990e-29
   39.12834  -72.94046     50.050     49.664     8.9639    33.2804      7.994     0.1222 5.2028e-02  1026.0054     8.9587    25.7783     7.4365    226.554    9.33413  284.36476     79.670 -9.990e-29
   39.12834  -72.94046     50.071     49.685     8.9639    33.2802      7.994     0.1222 5.0530e-02  1026.0055     8.9587    25.7781     7.4300    226.355    9.33404  284.36228     79.601 -9.990e-29
   39.12834  -72.94046     50.075     49.689     8.9639    33.2798      7.989     0.1222 4.9390e-02  1026.0049     8.9587    25.7778     7.4365    226.554    9.33392  284.35857     79.672 -9.990e-29
   39.12834  -72.94046     50.101     49.715     8.9640    33.2797      7.989     0.1222 4.8976e-02  1026.0049     8.9588    25.7776     7.4369    226.566    9.33392  284.35858     79.676 -9.990e-29
   39.12834  -72.94046     50.122     49.736     8.9635    33.2797      7.989     0.1222 4.9212e-02  1026.0052     8.9582    25.7776     7.4304    226.367    9.33387  284.35713     79.607 -9.990e-29
   39.12834  -72.94046     50.142     49.756     8.9638    33.2797      7.994     0.1222 4.9811e-02  1026.0052     8.9585    25.7777     7.4300    226.356    9.33386  284.35671     79.603 -9.990e-29
   39.12834  -72.94046     50.152     49.766     8.9637    33.2799      7.994     0.1222 5.0973e-02  1026.0056     8.9584    25.7779     7.4304    226.367    9.33379  284.35484     79.607 -9.990e-29
   39.12834  -72.94046     50.182     49.796     8.9636    33.2799      7.989     0.1222 5.2919e-02  1026.0055     8.9583    25.7779     7.4301    226.359    9.33385  284.35658     79.604 -9.990e-29
   39.12834  -72.94046     50.203     49.816     8.9635    33.2801      7.994     0.1222 5.5204e-02  1026.0058     8.9582    25.7781     7.4298    226.349    9.33380  284.35510     79.601 -9.990e-29
   39.12834  -72.94046     50.214     49.827     8.9634    33.2804      7.994     0.1222 5.7867e-02  1026.0064     8.9581    25.7783     7.4364    226.550    9.33381  284.35537     79.671 -9.990e-29
   39.12834  -72.94046     50.238     49.851     8.9635    33.2804      7.989     0.1222 6.1009e-02  1026.0063     8.9582    25.7784     7.4368    226.562    9.33379  284.35491     79.676 -9.990e-29
