CalculateIndicators/WaterTemperature/Data/CTD_NYOS/202200727_C05.cnv
* Sea-Bird SBE 9 Data File:
* FileName = C:\Seabird 9 CTD\Data\2022\202207_offshore\202200727_C05.hex
* Software Version Seasave V 7.23.2
* Temperature SN = 4590
* Conductivity SN = 3228
* Number of Bytes Per Scan = 44
* Number of Voltage Words = 5
* Number of Scans Averaged by the Deck Unit = 1
* NMEA Latitude = 39 49.17 N
* NMEA Longitude = 073 11.65 W
* NMEA UTC (Time) = Dec 11 2002  06:23:58
* NMEA baud rate = 4800
** Ship: seawolf
** Station: 6.3
** Operator: TDK
# nquan = 18
# nvalues = 14261                       
# units = specified
# name 0 = latitude: Latitude [deg]
# name 1 = longitude: Longitude [deg]
# name 2 = prDM: Pressure, Digiquartz [db]
# name 3 = depSM: Depth [salt water, m]
# name 4 = t090C: Temperature [ITS-90, deg C]
# name 5 = sal00: Salinity, Practical [PSU]
# name 6 = ph: pH
# name 7 = flECO-AFL: Fluorescence, WET Labs ECO-AFL/FL [mg/m^3]
# name 8 = cpar: CPAR/Corrected Irradiance [%]
# name 9 = density00: Density [density, kg/m^3]
# name 10 = potemp090C: Potential Temperature [ITS-90, deg C]
# name 11 = sigma-é00: Density [sigma-theta, kg/m^3]
# name 12 = sbeox0Mg/L: Oxygen, SBE 43 [mg/l]
# name 13 = sbox0Mm/Kg: Oxygen, SBE 43 [umol/kg]
# name 14 = oxsolMg/L: Oxygen Saturation, Garcia & Gordon [mg/l]
# name 15 = oxsolMm/Kg: Oxygen Saturation, Garcia & Gordon [umol/kg]
# name 16 = sbeox0PS: Oxygen, SBE 43 [% saturation]
# name 17 = flag:  0.000e+00
# span 0 =   39.81916,   39.81956       
# span 1 =  -73.19420,  -73.19306       
# span 2 =      1.843,     41.841       
# span 3 =      1.829,     41.516       
# span 4 =     8.6949,    25.0538       
# span 5 =    31.2377,    32.8493       
# span 6 =      7.942,      8.154       
# span 7 =     0.0282,     2.1772       
# span 8 = 5.0640e-11, 9.9999e+04       
# span 9 =  1020.6154,  1025.6674       
# span 10 =     8.6907,    25.0532      
# span 11 =    20.5687,    25.4794      
# span 12 =     6.6592,     8.8028      
# span 13 =    203.829,    268.544      
# span 14 =    6.88687,    9.41726      
# span 15 =  210.79965,  286.98206      
# span 16 =     78.348,    110.016      
# span 17 = 0.0000e+00, 0.0000e+00      
# interval = seconds: 0.0416667
# start_time = Jul 27 2022 06:23:58 [System UTC, first data scan.]
# bad_flag = -9.990e-29
*END*
[from data line 242]
   39.81952  -73.19418      2.752      2.731    25.0478    31.8665 -9.990e-29     0.4311 9.5163e+00  1020.9728    25.0472    20.9609     6.8327    209.141    6.88761  210.82191     99.203 -9.990e-29
   39.81952  -73.19418      2.741      2.720    25.0480    31.8665 -9.990e-29     0.4177 1.1985e+01  1020.9724    25.0474    20.9609     6.8285    209.012    6.88763  210.82246     99.141 -9.990e-29
   39.81952  -73.19418      2.741      2.720    25.0477    31.8665 -9.990e-29     0.4177 1.2539e+01  1020.9728    25.0471    20.9610     6.8285    209.012    6.88770  210.82476     99.140 -9.990e-29
   39.81952  -73.19418      2.720      2.699    25.0480    31.8666 -9.990e-29     0.4311 1.5719e+01  1020.9726    25.0474    20.9611     6.8286    209.016    6.88765  210.82307     99.143 -9.990e-29
   39.81952  -73.19418      2.711      2.690    25.0476    31.8666 -9.990e-29     0.4177 2.1661e+01  1020.9728    25.0470    20.9611     6.8288    209.021    6.88765  210.82302     99.145 -9.990e-29
   39.81952  -73.19418      2.701      2.680    25.0477    31.8666 -9.990e-29     0.4177 2.3542e+01  1020.9727    25.0471    20.9611     6.8290    209.026    6.88767  210.82349     99.148 -9.990e-29
   39.81952  -73.19418      2.680      2.660    25.0478    31.8665 -9.990e-29     0.4177 1.9773e+01  1020.9723    25.0472    20.9610     6.8291    209.031    6.88766  210.82330     99.150 -9.990e-29
   39.81952  -73.19418      2.680      2.660    25.0478    31.8663 -9.990e-29     0.4177 1.3907e+01  1020.9723    25.0472    20.9608     6.8293    209.037    6.88767  210.82350     99.152 -9.990e-29
   39.81952  -73.19418      2.660      2.639    25.0479    31.8661 -9.990e-29     0.4311 1.2445e+01  1020.9720    25.0473    20.9607     6.8295    209.042    6.88767  210.82350     99.155 -9.990e-29
   39.81952  -73.19418      2.641      2.620    25.0480    31.8661 -9.990e-29     0.4311 9.7490e+00  1020.9717    25.0474    20.9606     6.8296    209.046    6.88763  210.82226     99.157 -9.990e-29
   39.81952  -73.19418      2.639      2.619    25.0477    31.8660 -9.990e-29     0.4311 3.9453e+00  1020.9718    25.0471    20.9607     6.8298    209.051    6.88765  210.82288     99.159 -9.990e-29
   39.81952  -73.19418      2.620      2.600    25.0478    31.8660 -9.990e-29     0.4177 2.4779e+00  1020.9719    25.0472    20.9607     6.8299    209.057    6.88767  210.82358     99.162 -9.990e-29
   39.81952  -73.19418      2.609      2.589    25.0476    31.8656 -9.990e-29     0.4177 3.2061e+00  1020.9722    25.0471    20.9603     6.8301    209.061    6.88765  210.82296     99.164 -9.990e-29
   39.81952  -73.19418      2.590      2.570    25.0479    31.8651 -9.990e-29     0.4177 8.6957e+00  1020.9698    25.0473    20.9597     6.8302    209.066    6.88764  210.82281     99.167 -9.990e-29
   39.81952  -73.19418      2.579      2.559    25.0476    31.8651 -9.990e-29     0.4311 1.2213e+01  1020.9710    25.0471    20.9597     6.8302    209.065    6.88770  210.82456     99.165 -9.990e-29
   39.81952  -73.19418      2.569      2.549    25.0476    31.8651 -9.990e-29     0.4311 1.2823e+01  1020.9708    25.0471    20.9599     6.8350    209.211    6.88767  210.82366     99.235 -9.990e-29
   39.81952  -73.19418      2.549      2.529    25.0479    31.8654 -9.990e-29     0.4311 2.0112e+01  1020.9707    25.0473    20.9601     6.8351    209.214    6.88767  210.82351     99.237 -9.990e-29
   39.81952  -73.19420      2.539      2.519    25.0476    31.8659 -9.990e-29     0.4177 2.5559e+01  1020.9716    25.0471    20.9605     6.8306    209.077    6.88769  210.82427     99.171 -9.990e-29
   39.81952  -73.19420      2.518      2.499    25.0476    31.8661 -9.990e-29     0.4177 2.6065e+01  1020.9716    25.0471    20.9607     6.8353    209.221    6.88766  210.82330     99.240 -9.990e-29
   39.81952  -73.19420      2.518      2.499    25.0475    31.8661 -9.990e-29     0.4177 1.6576e+01  1020.9715    25.0470    20.9608     6.8354    209.224    6.88767  210.82380     99.241 -9.990e-29
   39.81952  -73.19420      2.498      2.479    25.0474    31.8661 -9.990e-29     0.4446 1.1985e+01  1020.9715    25.0469    20.9608     6.8355    209.228    6.88770  210.82442     99.243 -9.990e-29
   39.81952  -73.19420      2.488      2.469    25.0472    31.8661 -9.990e-29     0.4446 1.1449e+01  1020.9714    25.0467    20.9608     6.8402    209.370    6.88768  210.82399     99.311 -9.990e-29
   39.81952  -73.19420      2.478      2.460    25.0471    31.8661 -9.990e-29     0.4580 9.8275e+00  1020.9715    25.0466    20.9609     6.8358    209.236    6.88768  210.82399     99.247 -9.990e-29
   39.81952  -73.19420      2.469      2.450    25.0471    31.8661 -9.990e-29     0.4580 8.4451e+00  1020.9714    25.0465    20.9609     6.8358    209.236    6.88768  210.82380     99.247 -9.990e-29
   39.81952  -73.19420      2.467      2.449    25.0471    31.8663 -9.990e-29     0.4580 8.1647e+00  1020.9715    25.0465    20.9611     6.8358    209.235    6.88766  210.82330     99.247 -9.990e-29
   39.81952  -73.19420      2.447      2.428    25.0466    31.8663 -9.990e-29     0.4446 8.1647e+00  1020.9719    25.0461    20.9612     6.8358    209.235    6.88769  210.82428     99.246 -9.990e-29
   39.81952  -73.19420      2.447      2.428    25.0469    31.8663 -9.990e-29     0.4446 8.1647e+00  1020.9715    25.0464    20.9611     6.8357    209.232    6.88766  210.82337     99.245 -9.990e-29
   39.81952  -73.19420      2.447      2.428    25.0469    31.8664 -9.990e-29     0.4580 8.1647e+00  1020.9716    25.0464    20.9611     6.8405    209.379    6.88767  210.82356     99.315 -9.990e-29
   39.81952  -73.19420      2.439      2.420    25.0468    31.8664 -9.990e-29     0.4446 9.1745e+00  1020.9715    25.0462    20.9612     6.8409    209.391    6.88766  210.82344     99.320 -9.990e-29
   39.81952  -73.19420      2.437      2.419    25.0467    31.8664 -9.990e-29     0.4580 1.1188e+01  1020.9717    25.0462    20.9612     6.8364    209.253    6.88766  210.82322     99.255 -9.990e-29
   39.81952  -73.19420      2.428      2.409    25.0467    31.8664 -9.990e-29     0.4580 1.1804e+01  1020.9715    25.0462    20.9612     6.8365    209.257    6.88767  210.82356     99.257 -9.990e-29
   39.81952  -73.19420      2.428      2.409    25.0468    31.8664 -9.990e-29     0.4580 1.3258e+01  1020.9714    25.0462    20.9612     6.8363    209.251    6.88765  210.82286     99.254 -9.990e-29
   39.81952  -73.19420      2.428      2.409    25.0467    31.8664 -9.990e-29     0.4580 1.8401e+01  1020.9717    25.0462    20.9612     6.8361    209.246    6.88766  210.82346     99.252 -9.990e-29
   39.81952  -73.19420      2.428      2.409    25.0467    31.8664 -9.990e-29     0.4446 2.0595e+01  1020.9715    25.0462    20.9612     6.8360    209.241    6.88769  210.82430     99.249 -9.990e-29
   39.81952  -73.19420      2.428      2.409    25.0466    31.8664 -9.990e-29     0.4580 1.7899e+01  1020.9716    25.0461    20.9612     6.8357    209.233    6.88765  210.82305     99.246 -9.990e-29
   39.81952  -73.19420      2.437      2.419    25.0465    31.8664 -9.990e-29     0.4446 9.1745e+00  1020.9715    25.0460    20.9612     6.8355    209.227    6.88766  210.82329     99.243 -9.990e-29
   39.81952  -73.19420      2.428      2.409    25.0466    31.8664 -9.990e-29     0.4580 6.6690e+00  1020.9715    25.0461    20.9613     6.8352    209.218    6.88765  210.82296     99.239 -9.990e-29
   39.81952  -73.19420      2.437      2.419    25.0463    31.8664 -9.990e-29     0.4446 6.9779e+00  1020.9718    25.0458    20.9613     6.8352    209.217    6.88763  210.82226     99.239 -9.990e-29
   39.81952  -73.19420      2.439      2.420    25.0465    31.8664 -9.990e-29     0.4446 1.0720e+01  1020.9717    25.0460    20.9612     6.8351    209.215    6.88761  210.82176     99.238 -9.990e-29
   39.81952  -73.19420      2.458      2.439    25.0466    31.8664 -9.990e-29     0.4446 1.3015e+01  1020.9715    25.0461    20.9612     6.8302    209.066    6.88763  210.82241     99.167 -9.990e-29
   39.81952  -73.19420      2.447      2.428    25.0465    31.8666 -9.990e-29     0.4580 1.3307e+01  1020.9720    25.0460    20.9614     6.8346    209.199    6.88765  210.82310     99.230 -9.990e-29
   39.81952  -73.19420      2.458      2.439    25.0465    31.8667 -9.990e-29     0.4580 1.9572e+01  1020.9721    25.0460    20.9615     6.8345    209.198    6.88766  210.82343     99.229 -9.990e-29
   39.81952  -73.19420      2.467      2.449    25.0466    31.8667 -9.990e-29     0.4580 2.4816e+01  1020.9720    25.0461    20.9615     6.8345    209.196    6.88766  210.82339     99.228 -9.990e-29
   39.81952  -73.19420      2.478      2.460    25.0467    31.8667 -9.990e-29     0.4580 2.5643e+01  1020.9723    25.0462    20.9615     6.8344    209.195    6.88771  210.82504     99.227 -9.990e-29
   39.81952  -73.19420      2.478      2.460    25.0469    31.8667 -9.990e-29     0.4446 2.1016e+01  1020.9719    25.0463    20.9614     6.8343    209.191    6.88768  210.82408     99.225 -9.990e-29
   39.81952  -73.19420      2.498      2.479    25.0471    31.8665 -9.990e-29     0.4311 1.7961e+01  1020.9718    25.0466    20.9612     6.8345    209.198    6.88773  210.82557     99.228 -9.990e-29
   39.81952  -73.19420      2.498      2.479    25.0472    31.8665 -9.990e-29     0.4177 1.7469e+01  1020.9718    25.0467    20.9611     6.8390    209.334    6.88768  210.82389     99.293 -9.990e-29
   39.81952  -73.19420      2.509      2.489    25.0474    31.8665 -9.990e-29     0.4177 1.3455e+01  1020.9718    25.0469    20.9610     6.8391    209.337    6.88765  210.82304     99.295 -9.990e-29
   39.81952  -73.19420      2.518      2.499    25.0475    31.8662 -9.990e-29     0.4177 9.9063e+00  1020.9717    25.0470    20.9609     6.8395    209.349    6.88766  210.82330     99.300 -9.990e-29
   39.81952  -73.19420      2.518      2.499    25.0474    31.8657 -9.990e-29     0.4311 9.2120e+00  1020.9715    25.0469    20.9605     6.8352    209.217    6.88765  210.82297     99.238 -9.990e-29
   39.81952  -73.19420      2.528      2.509    25.0474    31.8657 -9.990e-29     0.4311 6.5479e+00  1020.9703    25.0469    20.9602     6.8397    209.356    6.88768  210.82393     99.304 -9.990e-29
   39.81952  -73.19420      2.539      2.519    25.0475    31.8657 -9.990e-29     0.4311 3.3949e+00  1020.9711    25.0470    20.9603     6.8398    209.358    6.88767  210.82353     99.305 -9.990e-29
   39.81952  -73.19420      2.549      2.529    25.0472    31.8660 -9.990e-29     0.4311 2.7058e+00  1020.9718    25.0467    20.9607     6.8398    209.359    6.88767  210.82369     99.305 -9.990e-29
   39.81952  -73.19420      2.550      2.530    25.0471    31.8663 -9.990e-29     0.4177 2.7058e+00  1020.9719    25.0465    20.9610     6.8399    209.361    6.88767  210.82368     99.306 -9.990e-29
   39.81952  -73.19420      2.549      2.529    25.0471    31.8663 -9.990e-29     0.4311 2.6099e+00  1020.9719    25.0466    20.9610     6.8399    209.361    6.88766  210.82332     99.306 -9.990e-29
   39.81952  -73.19420      2.558      2.539    25.0471    31.8663 -9.990e-29     0.4177 2.4966e+00  1020.9720    25.0465    20.9611     6.8352    209.219    6.88766  210.82318     99.239 -9.990e-29
   39.81952  -73.19420      2.569      2.549    25.0471    31.8664 -9.990e-29     0.4177 7.8006e-01  1020.9720    25.0465    20.9611     6.8396    209.353    6.88766  210.82312     99.303 -9.990e-29
   39.81952  -73.19420      2.579      2.559    25.0473    31.8664 -9.990e-29     0.4177 5.0640e-11  1020.9722    25.0468    20.9611     6.8396    209.351    6.88763  210.82253     99.302 -9.990e-29
   39.81952  -73.19420      2.569      2.549    25.0472    31.8664      8.129     0.4177 5.0640e-11  1020.9719    25.0467    20.9611     6.8396    209.351    6.88766  210.82315     99.302 -9.990e-29
   39.81952  -73.19420      2.579      2.559    25.0470    31.8664      8.129     0.4311 5.0640e-11  1020.9723    25.0464    20.9611     6.8395    209.349    6.88766  210.82320     99.301 -9.990e-29
   39.81952  -73.19420      2.590      2.570    25.0472    31.8663      8.129     0.4311 5.0640e-11  1020.9720    25.0467    20.9610     6.8347    209.204    6.88763  210.82255     99.232 -9.990e-29
   39.81952  -73.19420      2.579      2.559    25.0472    31.8663      8.129     0.4177 5.0640e-11  1020.9720    25.0467    20.9610     6.8344    209.193    6.88763  210.82245     99.227 -9.990e-29
   39.81952  -73.19420      2.590      2.570    25.0468    31.8663      8.129     0.4311 9.9999e+04  1020.9722    25.0462    20.9610     6.8387    209.324    6.88762  210.82203     99.289 -9.990e-29
   39.81952  -73.19420      2.599      2.579    25.0471    31.8663      8.129     0.4177 9.9999e+04  1020.9721    25.0465    20.9610     6.8385    209.319    6.88759  210.82122     99.287 -9.990e-29
   39.81952  -73.19420      2.590      2.570    25.0471    31.8664      8.129     0.4177 9.9999e+04  1020.9721    25.0465    20.9611     6.8386    209.322    6.88759  210.82131     99.289 -9.990e-29
   39.81952  -73.19416      2.599      2.579    25.0468    31.8664      8.129     0.4311 9.9999e+04  1020.9724    25.0462    20.9612     6.8387    209.325    6.88759  210.82126     99.290 -9.990e-29
   39.81952  -73.19416      2.599      2.579    25.0471    31.8664      8.129     0.4177 9.9999e+04  1020.9723    25.0465    20.9611     6.8341    209.184    6.88776  210.82717     99.221 -9.990e-29
   39.81952  -73.19416      2.599      2.579    25.0471    31.8664      8.129     0.4311 9.9999e+04  1020.9720    25.0465    20.9611     6.8338    209.176    6.88769  210.82463     99.218 -9.990e-29
   39.81952  -73.19416      2.609      2.589    25.0468    31.8664      8.129     0.4311 9.9999e+04  1020.9723    25.0462    20.9612     6.8382    209.309    6.88757  210.82043     99.283 -9.990e-29
   39.81952  -73.19416      2.609      2.589    25.0469    31.8664      8.129     0.4311 9.9999e+04  1020.9723    25.0463    20.9612     6.8336    209.168    6.88754  210.81950     99.217 -9.990e-29
   39.81952  -73.19416      2.599      2.579    25.0469    31.8664      8.129     0.4311 9.9999e+04  1020.9723    25.0463    20.9612     6.8337    209.170    6.88753  210.81939     99.218 -9.990e-29
   39.81952  -73.19416      2.609      2.589    25.0470    31.8664      8.129     0.4311 9.9999e+04  1020.9723    25.0464    20.9612     6.8381    209.305    6.88748  210.81782     99.283 -9.990e-29
   39.81952  -73.19416      2.599      2.579    25.0471    31.8664      8.129     0.4311 9.9999e+04  1020.9723    25.0465    20.9612     6.8335    209.165    6.88745  210.81677     99.216 -9.990e-29
   39.81952  -73.19416      2.609      2.589    25.0469    31.8664      8.129     0.4311 9.9999e+04  1020.9722    25.0463    20.9612     6.8378    209.298    6.88738  210.81463     99.281 -9.990e-29
   39.81952  -73.19416      2.599      2.579    25.0470    31.8666      8.129     0.4446 9.9999e+04  1020.9725    25.0464    20.9613     6.8332    209.157    6.88733  210.81326     99.214 -9.990e-29
   39.81952  -73.19416      2.599      2.579    25.0469    31.8666      8.129     0.4311 9.9999e+04  1020.9725    25.0463    20.9613     6.8329    209.149    6.88727  210.81128     99.211 -9.990e-29
   39.81952  -73.19416      2.590      2.570    25.0471    31.8666      8.129     0.4311 9.9999e+04  1020.9721    25.0465    20.9613     6.8284    209.008    6.88726  210.81112     99.145 -9.990e-29
   39.81952  -73.19416      2.599      2.579    25.0470    31.8666      8.129     0.4311 9.9999e+04  1020.9725    25.0464    20.9614     6.8328    209.144    6.88723  210.81032     99.210 -9.990e-29
   39.81952  -73.19416      2.599      2.579    25.0469    31.8666      8.129     0.4311 9.9999e+04  1020.9725    25.0463    20.9614     6.8327    209.140    6.88725  210.81107     99.207 -9.990e-29
