CalculateIndicators/WaterTemperature/Data/CTD_NYOS/20220202_C06.cnv
* Sea-Bird SBE 9 Data File:
* FileName = C:\Seabird 9 CTD\Data\2022\202202_offshore\20220202_C06.hex
* Software Version Seasave V 7.23.2
* Temperature SN = 4590
* Conductivity SN = 3228
* Number of Bytes Per Scan = 44
* Number of Voltage Words = 5
* Number of Scans Averaged by the Deck Unit = 1
* NMEA Latitude = 39 19.07 N
* NMEA Longitude = 073 21.62 W
* NMEA UTC (Time) = Jun 19 2002  17:17:32
* NMEA baud rate = 4800
** Ship: rv seawolf
** Station: 7.4
** Operator: EIH
# nquan = 18
# nvalues = 18482                                 
# units = specified
# name 0 = latitude: Latitude [deg]
# name 1 = longitude: Longitude [deg]
# name 2 = prDM: Pressure, Digiquartz [db]
# name 3 = depSM: Depth [salt water, m]
# name 4 = t090C: Temperature [ITS-90, deg C]
# name 5 = sal00: Salinity, Practical [PSU]
# name 6 = ph: pH
# name 7 = flECO-AFL: Fluorescence, WET Labs ECO-AFL/FL [mg/m^3]
# name 8 = cpar: CPAR/Corrected Irradiance [%]
# name 9 = density00: Density [density, kg/m^3]
# name 10 = potemp090C: Potential Temperature [ITS-90, deg C]
# name 11 = sigma-é00: Density [sigma-theta, kg/m^3]
# name 12 = sbeox0Mg/L: Oxygen, SBE 43 [mg/l]
# name 13 = sbox0Mm/Kg: Oxygen, SBE 43 [umol/kg]
# name 14 = oxsolMg/L: Oxygen Saturation, Garcia & Gordon [mg/l]
# name 15 = oxsolMm/Kg: Oxygen Saturation, Garcia & Gordon [umol/kg]
# name 16 = sbeox0PS: Oxygen, SBE 43 [% saturation]
# name 17 = flag:  0.000e+00
# span 0 =   39.31706,   39.31794                 
# span 1 =  -73.36200,  -73.36032                 
# span 2 =      1.534,     48.501                 
# span 3 =      1.522,     48.127                 
# span 4 =     8.3398,     8.9375                 
# span 5 =    33.5817,    33.8671                 
# span 6 =      8.285,      8.298                 
# span 7 =     0.0685,     0.4311                 
# span 8 = 3.1932e-02, 6.8137e+01                 
# span 9 =  1026.0289,  1026.5414                 
# span 10 =     8.3350,     8.9373                
# span 11 =    26.0178,    26.3213                
# span 12 =     7.8893,     8.5039                
# span 13 =    240.254,    258.970                
# span 14 =    9.30935,    9.43068                
# span 15 =  283.49925,  287.15721                
# span 16 =     84.743,     91.340                
# span 17 = 0.0000e+00, 0.0000e+00                
# interval = seconds: 0.0416667
# start_time = Feb 02 2022 17:17:32 [System UTC, first data scan.]
# bad_flag = -9.990e-29
*END*
[from data line 14312]
   39.31730  -73.36164     15.053     14.938     8.8669    33.7938      8.290     0.2968 4.0379e+00  1026.2631     8.8653    26.1948     8.0906    246.382    9.32366  283.93085     86.775  0.000e+00
   39.31730  -73.36164     15.071     14.956     8.8669    33.7936      8.286     0.2968 4.0340e+00  1026.2631     8.8653    26.1947     8.0831    246.154    9.32367  283.93114     86.695  0.000e+00
   39.31730  -73.36164     15.104     14.988     8.8669    33.7933      8.286     0.2968 4.0377e+00  1026.2630     8.8653    26.1944     8.0813    246.099    9.32369  283.93186     86.675  0.000e+00
   39.31730  -73.36164     15.101     14.986     8.8672    33.7931      8.290     0.2968 4.0414e+00  1026.2628     8.8656    26.1943     8.0795    246.043    9.32363  283.93020     86.656  0.000e+00
   39.31730  -73.36164     15.144     15.028     8.8672    33.7932      8.286     0.2968 4.0414e+00  1026.2631     8.8656    26.1943     8.0784    246.010    9.32362  283.92996     86.644  0.000e+00
   39.31730  -73.36164     15.161     15.046     8.8670    33.7935      8.290     0.2968 4.0264e+00  1026.2634     8.8654    26.1946     8.0849    246.206    9.32365  283.93063     86.713  0.000e+00
   39.31730  -73.36164     15.185     15.069     8.8672    33.7932      8.290     0.2968 4.0076e+00  1026.2632     8.8656    26.1943     8.0858    246.234    9.32362  283.93000     86.723  0.000e+00
   39.31730  -73.36164     15.203     15.087     8.8669    33.7937      8.290     0.2968 4.0152e+00  1026.2638     8.8653    26.1948     8.0800    246.057    9.32366  283.93099     86.661  0.000e+00
   39.31730  -73.36164     15.225     15.108     8.8670    33.7932      8.286     0.2968 3.9741e+00  1026.2634     8.8654    26.1943     8.0737    245.865    9.32367  283.93124     86.593  0.000e+00
   39.31730  -73.36164     15.263     15.147     8.8670    33.7930      8.290     0.2968 3.9113e+00  1026.2635     8.8654    26.1942     8.0669    245.659    9.32367  283.93156     86.521  0.000e+00
   39.31730  -73.36164     15.276     15.159     8.8667    33.7940      8.290     0.2968 3.8968e+00  1026.2644     8.8651    26.1951     8.0609    245.476    9.32368  283.93144     86.456  0.000e+00
   39.31730  -73.36162     15.306     15.189     8.8672    33.7935      8.286     0.2968 3.8675e+00  1026.2641     8.8656    26.1946     8.0737    245.867    9.32360  283.92929     86.595  0.000e+00
   39.31730  -73.36162     15.335     15.218     8.8672    33.7932      8.290     0.2968 3.7706e+00  1026.2639     8.8656    26.1943     8.0881    246.304    9.32362  283.93000     86.748  0.000e+00
   39.31730  -73.36162     15.357     15.239     8.8670    33.7930      8.286     0.2968 3.7389e+00  1026.2639     8.8654    26.1942     8.0975    246.593    9.32367  283.93151     86.849  0.000e+00
   39.31730  -73.36162     15.395     15.278     8.8669    33.7933      8.290     0.2968 3.7214e+00  1026.2643     8.8652    26.1944     8.1127    247.054    9.32369  283.93186     87.012  0.000e+00
   39.31730  -73.36162     15.417     15.300     8.8667    33.7933      8.286     0.2968 3.6420e+00  1026.2645     8.8651    26.1945     8.1098    246.966    9.32372  283.93295     86.980  0.000e+00
   39.31730  -73.36162     15.446     15.328     8.8669    33.7930      8.286     0.2968 3.6149e+00  1026.2644     8.8652    26.1943     8.1057    246.840    9.32370  283.93232     86.936  0.000e+00
   39.31730  -73.36162     15.468     15.350     8.8663    33.7937      8.290     0.2968 3.6013e+00  1026.2651     8.8647    26.1949     8.1004    246.680    9.32376  283.93411     86.879  0.000e+00
   39.31730  -73.36162     15.507     15.388     8.8665    33.7934      8.286     0.2968 3.5344e+00  1026.2650     8.8649    26.1946     8.0877    246.293    9.32375  283.93383     86.743  0.000e+00
   39.31730  -73.36162     15.529     15.410     8.8667    33.7932      8.286     0.2968 3.4982e+00  1026.2649     8.8650    26.1944     8.0918    246.418    9.32373  283.93320     86.787  0.000e+00
   39.31730  -73.36162     15.547     15.428     8.8665    33.7931      8.290     0.2968 3.4982e+00  1026.2649     8.8649    26.1944     8.0904    246.374    9.32377  283.93456     86.772  0.000e+00
   39.31730  -73.36162     15.591     15.472     8.8658    33.7936      8.286     0.2968 3.4785e+00  1026.2656     8.8642    26.1949     8.0965    246.560    9.32388  283.93751     86.836  0.000e+00
   39.31730  -73.36162     15.610     15.491     8.8656    33.7931      8.290     0.2968 3.4623e+00  1026.2653     8.8639    26.1945     8.0976    246.594    9.32397  283.94038     86.847  0.000e+00
   39.31730  -73.36162     15.629     15.510     8.8650    33.7934      8.286     0.2968 3.4656e+00  1026.2658     8.8634    26.1948     8.0932    246.459    9.32406  283.94319     86.799  0.000e+00
   39.31730  -73.36162     15.672     15.552     8.8641    33.7934      8.286     0.2834 3.4365e+00  1026.2661     8.8624    26.1950     8.0821    246.123    9.32425  283.94885     86.679  0.000e+00
   39.31730  -73.36162     15.699     15.579     8.8635    33.7938      8.290     0.2834 3.4141e+00  1026.2666     8.8619    26.1953     8.0824    246.131    9.32435  283.95167     86.680  0.000e+00
   39.31730  -73.36162     15.742     15.622     8.8632    33.7938      8.286     0.2834 3.4174e+00  1026.2669     8.8616    26.1954     8.0815    246.104    9.32441  283.95365     86.671  0.000e+00
   39.31730  -73.36162     15.753     15.633     8.8624    33.7942      8.286     0.2834 3.3857e+00  1026.2674     8.8608    26.1959     8.0932    246.460    9.32455  283.95772     86.795  0.000e+00
   39.31730  -73.36162     15.780     15.660     8.8624    33.7938      8.286     0.2834 3.3478e+00  1026.2672     8.8608    26.1956     8.1005    246.682    9.32457  283.95844     86.872  0.000e+00
   39.31730  -73.36162     15.813     15.693     8.8622    33.7939      8.286     0.2834 3.3384e+00  1026.2675     8.8606    26.1957     8.1084    246.923    9.32460  283.95940     86.957  0.000e+00
   39.31730  -73.36162     15.841     15.720     8.8621    33.7942      8.286     0.2834 3.3322e+00  1026.2679     8.8604    26.1960     8.1113    247.012    9.32461  283.95961     86.989  0.000e+00
   39.31730  -73.36162     15.864     15.743     8.8621    33.7941      8.290     0.2834 3.3167e+00  1026.2679     8.8604    26.1959     8.1081    246.914    9.32463  283.96011     86.954  0.000e+00
   39.31730  -73.36162     15.882     15.761     8.8622    33.7944      8.290     0.2834 3.3199e+00  1026.2681     8.8606    26.1960     8.1099    246.968    9.32458  283.95850     86.973  0.000e+00
   39.31730  -73.36162     15.904     15.783     8.8626    33.7934      8.286     0.2968 3.3231e+00  1026.2674     8.8609    26.1952     8.1055    246.835    9.32456  283.95818     86.927  0.000e+00
   39.31730  -73.36162     15.925     15.803     8.8619    33.7941      8.290     0.2834 3.3357e+00  1026.2681     8.8602    26.1958     8.1057    246.841    9.32466  283.96117     86.928  0.000e+00
   39.31728  -73.36164     15.954     15.832     8.8617    33.7941      8.290     0.2834 3.3328e+00  1026.2683     8.8601    26.1959     8.1121    247.036    9.32470  283.96227     86.996  0.000e+00
   39.31728  -73.36164     15.955     15.833     8.8616    33.7938      8.290     0.2834 3.3552e+00  1026.2681     8.8600    26.1957     8.1184    247.228    9.32473  283.96336     87.063  0.000e+00
   39.31728  -73.36164     15.985     15.863     8.8613    33.7941      8.290     0.2834 3.3749e+00  1026.2685     8.8596    26.1960     8.1310    247.610    9.32479  283.96511     87.197  0.000e+00
   39.31728  -73.36164     15.994     15.872     8.8616    33.7941      8.290     0.2834 3.3782e+00  1026.2685     8.8599    26.1959     8.1320    247.641    9.32472  283.96304     87.209  0.000e+00
   39.31728  -73.36164     16.006     15.884     8.8613    33.7941      8.286     0.2834 3.3749e+00  1026.2686     8.8596    26.1960     8.1392    247.861    9.32478  283.96479     87.286  0.000e+00
   39.31728  -73.36164     16.024     15.902     8.8614    33.7942      8.286     0.2968 3.3811e+00  1026.2687     8.8597    26.1960     8.1412    247.922    9.32476  283.96414     87.308  0.000e+00
   39.31728  -73.36164     16.027     15.904     8.8616    33.7938      8.290     0.2834 3.3906e+00  1026.2684     8.8600    26.1957     8.1437    247.999    9.32473  283.96342     87.335  0.000e+00
   39.31728  -73.36164     16.046     15.923     8.8614    33.7944      8.290     0.2834 3.3873e+00  1026.2690     8.8597    26.1962     8.1400    247.884    9.32475  283.96361     87.294  0.000e+00
   39.31728  -73.36164     16.045     15.922     8.8616    33.7942      8.286     0.2834 3.3811e+00  1026.2688     8.8599    26.1960     8.1355    247.747    9.32472  283.96295     87.246  0.000e+00
   39.31728  -73.36164     16.046     15.923     8.8616    33.7938      8.286     0.2834 3.3782e+00  1026.2685     8.8600    26.1957     8.1248    247.422    9.32474  283.96344     87.132  0.000e+00
   39.31728  -73.36164     16.065     15.943     8.8616    33.7942      8.286     0.2834 3.3782e+00  1026.2689     8.8599    26.1960     8.1260    247.458    9.32472  283.96283     87.144  0.000e+00
   39.31728  -73.36164     16.057     15.934     8.8621    33.7940      8.286     0.2834 3.3844e+00  1026.2686     8.8604    26.1958     8.1321    247.644    9.32464  283.96043     87.211  0.000e+00
   39.31728  -73.36164     16.057     15.934     8.8621    33.7941      8.290     0.2968 3.3968e+00  1026.2688     8.8604    26.1959     8.1326    247.660    9.32462  283.95981     87.217  0.000e+00
   39.31728  -73.36164     16.054     15.932     8.8621    33.7941      8.286     0.2968 3.3935e+00  1026.2687     8.8604    26.1958     8.1338    247.695    9.32463  283.96029     87.229  0.000e+00
   39.31728  -73.36164     16.046     15.923     8.8622    33.7938      8.290     0.2968 3.4127e+00  1026.2684     8.8606    26.1956     8.1405    247.900    9.32461  283.95962     87.301  0.000e+00
   39.31728  -73.36164     16.046     15.923     8.8620    33.7941      8.290     0.2968 3.4353e+00  1026.2687     8.8603    26.1959     8.1410    247.914    9.32465  283.96081     87.306  0.000e+00
   39.31728  -73.36164     16.035     15.912     8.8624    33.7939      8.286     0.2968 3.4517e+00  1026.2684     8.8607    26.1956     8.1350    247.734    9.32457  283.95840     87.243  0.000e+00
   39.31728  -73.36164     16.016     15.893     8.8622    33.7942      8.290     0.2968 3.4746e+00  1026.2686     8.8606    26.1959     8.1285    247.536    9.32459  283.95890     87.173  0.000e+00
   39.31728  -73.36164     16.003     15.881     8.8623    33.7941      8.290     0.2968 3.5174e+00  1026.2685     8.8606    26.1958     8.1401    247.887    9.32458  283.95869     87.297  0.000e+00
   39.31728  -73.36164     15.976     15.854     8.8621    33.7941      8.286     0.2968 3.5273e+00  1026.2684     8.8604    26.1958     8.1471    248.102    9.32463  283.96021     87.372  0.000e+00
   39.31728  -73.36164     15.965     15.843     8.8621    33.7942      8.286     0.2968 3.5338e+00  1026.2684     8.8604    26.1960     8.1423    247.954    9.32462  283.95993     87.320  0.000e+00
   39.31728  -73.36164     15.933     15.811     8.8627    33.7942      8.286     0.2968 3.5668e+00  1026.2681     8.8611    26.1958     8.1360    247.763    9.32448  283.95568     87.254  0.000e+00
   39.31728  -73.36164     15.904     15.783     8.8634    33.7940      8.290     0.2968 3.5734e+00  1026.2677     8.8617    26.1956     8.1347    247.723    9.32436  283.95205     87.241  0.000e+00
   39.31728  -73.36164     15.892     15.770     8.8636    33.7932      8.290     0.2968 3.5800e+00  1026.2670     8.8619    26.1949     8.1328    247.666    9.32437  283.95262     87.221  0.000e+00
   39.31728  -73.36162     15.844     15.723     8.8632    33.7941      8.290     0.2968 3.6170e+00  1026.2675     8.8615    26.1956     8.1302    247.586    9.32439  283.95306     87.192  0.000e+00
   39.31728  -73.36162     15.834     15.713     8.8635    33.7935      8.290     0.2968 3.6303e+00  1026.2670     8.8619    26.1951     8.1349    247.729    9.32436  283.95221     87.243  0.000e+00
   39.31728  -73.36162     15.791     15.671     8.8634    33.7935      8.286     0.2968 3.6232e+00  1026.2668     8.8618    26.1951     8.1413    247.926    9.32438  283.95284     87.312  0.000e+00
   39.31728  -73.36162     15.753     15.633     8.8637    33.7934      8.290     0.2968 3.6504e+00  1026.2665     8.8621    26.1951     8.1427    247.966    9.32433  283.95120     87.327  0.000e+00
   39.31728  -73.36162     15.730     15.609     8.8631    33.7939      8.290     0.2968 3.6746e+00  1026.2669     8.8614    26.1955     8.1454    248.048    9.32443  283.95423     87.355  0.000e+00
   39.31728  -73.36162     15.691     15.571     8.8633    33.7934      8.286     0.2968 3.6782e+00  1026.2663     8.8616    26.1951     8.1473    248.108    9.32442  283.95409     87.376  0.000e+00
   39.31728  -73.36162     15.641     15.522     8.8629    33.7935      8.286     0.2968 3.6957e+00  1026.2662     8.8612    26.1952     8.1425    247.960    9.32450  283.95632     87.323  0.000e+00
   39.31728  -73.36162     15.608     15.489     8.8627    33.7937      8.286     0.2968 3.7098e+00  1026.2663     8.8611    26.1955     8.1363    247.773    9.32451  283.95661     87.257  0.000e+00
   39.31728  -73.36162     15.560     15.441     8.8626    33.7940      8.290     0.2968 3.7061e+00  1026.2663     8.8610    26.1957     8.1407    247.907    9.32452  283.95689     87.305  0.000e+00
   39.31728  -73.36162     15.516     15.398     8.8632    33.7935      8.290     0.2968 3.7057e+00  1026.2656     8.8616    26.1952     8.1462    248.073    9.32443  283.95426     87.364  0.000e+00
   39.31728  -73.36162     15.468     15.350     8.8631    33.7938      8.290     0.2968 3.7018e+00  1026.2657     8.8614    26.1955     8.1522    248.256    9.32444  283.95440     87.428  0.000e+00
   39.31728  -73.36162     15.416     15.298     8.8634    33.7938      8.286     0.2968 3.6946e+00  1026.2654     8.8618    26.1954     8.1468    248.092    9.32436  283.95208     87.371  0.000e+00
   39.31728  -73.36162     15.368     15.250     8.8639    33.7936      8.286     0.2968 3.6911e+00  1026.2649     8.8623    26.1951     8.1469    248.096    9.32428  283.94977     87.373  0.000e+00
   39.31728  -73.36162     15.324     15.207     8.8641    33.7931      8.290     0.2834 3.6911e+00  1026.2643     8.8625    26.1948     8.1402    247.893    9.32427  283.94949     87.302  0.000e+00
   39.31728  -73.36162     15.266     15.149     8.8640    33.7933      8.290     0.2834 3.6911e+00  1026.2642     8.8624    26.1949     8.1378    247.819    9.32427  283.94935     87.276  0.000e+00
   39.31728  -73.36162     15.212     15.096     8.8640    33.7937      8.290     0.2834 3.6807e+00  1026.2643     8.8624    26.1952     8.1353    247.741    9.32424  283.94861     87.249  0.000e+00
   39.31728  -73.36162     15.175     15.059     8.8642    33.7937      8.286     0.2834 3.6704e+00  1026.2640     8.8626    26.1952     8.1264    247.471    9.32421  283.94751     87.154  0.000e+00
   39.31728  -73.36162     15.110     14.995     8.8642    33.7935      8.290     0.2834 3.6843e+00  1026.2636     8.8626    26.1950     8.1243    247.407    9.32422  283.94786     87.131  0.000e+00
   39.31728  -73.36162     15.053     14.938     8.8640    33.7933      8.290     0.2834 3.6807e+00  1026.2632     8.8625    26.1949     8.1228    247.361    9.32427  283.94943     87.115  0.000e+00
   39.31728  -73.36162     15.020     14.905     8.8642    33.7928      8.286     0.2834 3.6911e+00  1026.2626     8.8626    26.1945     8.1157    247.144    9.32426  283.94929     87.038  0.000e+00
