CalculateIndicators/WaterTemperature/Data/CTD_NYOS/202200730_C29.cnv
* Sea-Bird SBE 9 Data File:
* FileName = C:\Seabird 9 CTD\Data\2022\202207_offshore\202200730_C29.hex
* Software Version Seasave V 7.23.2
* Temperature SN = 4590
* Conductivity SN = 3228
* Number of Bytes Per Scan = 44
* Number of Voltage Words = 5
* Number of Scans Averaged by the Deck Unit = 1
* NMEA Latitude = 40 59.81 N
* NMEA Longitude = 071 54.28 W
* NMEA UTC (Time) = Dec 14 2002  18:30:51
* NMEA baud rate = 4800
** Ship: seawolf
** Station: 1.1
** Operator: TCM
# nquan = 18
# nvalues = 7654                        
# units = specified
# name 0 = latitude: Latitude [deg]
# name 1 = longitude: Longitude [deg]
# name 2 = prDM: Pressure, Digiquartz [db]
# name 3 = depSM: Depth [salt water, m]
# name 4 = t090C: Temperature [ITS-90, deg C]
# name 5 = sal00: Salinity, Practical [PSU]
# name 6 = ph: pH
# name 7 = flECO-AFL: Fluorescence, WET Labs ECO-AFL/FL [mg/m^3]
# name 8 = cpar: CPAR/Corrected Irradiance [%]
# name 9 = density00: Density [density, kg/m^3]
# name 10 = potemp090C: Potential Temperature [ITS-90, deg C]
# name 11 = sigma-é00: Density [sigma-theta, kg/m^3]
# name 12 = sbeox0Mg/L: Oxygen, SBE 43 [mg/l]
# name 13 = sbox0Mm/Kg: Oxygen, SBE 43 [umol/kg]
# name 14 = oxsolMg/L: Oxygen Saturation, Garcia & Gordon [mg/l]
# name 15 = oxsolMm/Kg: Oxygen Saturation, Garcia & Gordon [umol/kg]
# name 16 = sbeox0PS: Oxygen, SBE 43 [% saturation]
# name 17 = flag:  0.000e+00
# span 0 =   40.99640,   40.99692       
# span 1 =  -71.90474,  -71.90458       
# span 2 =      1.811,     15.732       
# span 3 =      1.797,     15.609       
# span 4 =    18.4546,    21.1125       
# span 5 =    31.1556,    31.6269       
# span 6 =      8.062,      8.095       
# span 7 =     0.5117,     2.1637       
# span 8 = 1.8116e+00, 7.4364e+02       
# span 9 =  1021.6010,  1022.6491       
# span 10 =    18.4519,    21.1121      
# span 11 =    21.6004,    22.5808      
# span 12 =     7.8814,     8.2865      
# span 13 =    240.859,    253.395      
# span 14 =    7.40923,    7.76561      
# span 15 =  226.64514,  237.32022      
# span 16 =    101.501,    110.630      
# span 17 = 0.0000e+00, 0.0000e+00      
# interval = seconds: 0.0416667
# start_time = Jul 30 2022 18:30:48 [System UTC, first data scan.]
# bad_flag = -9.990e-29
*END*
[from data line 5629]
   40.99664  -71.90464      2.071      2.055    20.9486    31.2260      8.090     0.6460 4.9461e+01  1021.6467    20.9483    21.6375     8.1780    250.153    7.43134  227.31455    110.047 -9.990e-29
   40.99664  -71.90464      2.071      2.055    20.9485    31.2260      8.090     0.6460 4.9046e+01  1021.6464    20.9481    21.6374     8.1777    250.145    7.43120  227.31024    110.046 -9.990e-29
   40.99664  -71.90464      2.071      2.055    20.9486    31.2258      8.090     0.6460 5.9379e+01  1021.6461    20.9483    21.6372     8.1772    250.130    7.43114  227.30838    110.040 -9.990e-29
   40.99664  -71.90464      2.060      2.044    20.9483    31.2258      8.090     0.6460 6.6075e+01  1021.6461    20.9479    21.6372     8.1771    250.127    7.43115  227.30860    110.038 -9.990e-29
   40.99664  -71.90464      2.060      2.044    20.9478    31.2258      8.090     0.6326 6.6822e+01  1021.6459    20.9474    21.6376     8.1770    250.124    7.43120  227.30989    110.037 -9.990e-29
   40.99664  -71.90464      2.060      2.044    20.9454    31.2263      8.090     0.6192 6.4424e+01  1021.6473    20.9450    21.6385     8.1767    250.114    7.43133  227.31404    110.030 -9.990e-29
   40.99664  -71.90464      2.061      2.045    20.9427    31.2272      8.090     0.6057 6.2638e+01  1021.6489    20.9423    21.6397     8.1770    250.123    7.43172  227.32607    110.028 -9.990e-29
   40.99664  -71.90464      2.060      2.044    20.9418    31.2280      8.090     0.6057 6.2462e+01  1021.6497    20.9414    21.6406     8.1771    250.125    7.43221  227.34070    110.022 -9.990e-29
   40.99664  -71.90464      2.050      2.034    20.9418    31.2286      8.090     0.6057 6.0730e+01  1021.6501    20.9414    21.6411     8.1774    250.133    7.43263  227.35343    110.020 -9.990e-29
   40.99664  -71.90464      2.060      2.044    20.9428    31.2292      8.090     0.6057 5.8768e+01  1021.6502    20.9424    21.6413     8.1724    249.981    7.43293  227.36240    109.948 -9.990e-29
   40.99664  -71.90464      2.050      2.034    20.9441    31.2299      8.090     0.6057 5.8439e+01  1021.6506    20.9437    21.6413     8.1772    250.128    7.43313  227.36852    110.010 -9.990e-29
   40.99664  -71.90464      2.052      2.036    20.9474    31.2304      8.090     0.6192 5.7571e+01  1021.6501    20.9470    21.6409     8.1723    249.977    7.43320  227.37027    109.943 -9.990e-29
   40.99664  -71.90464      2.050      2.034    20.9522    31.2304      8.090     0.6057 5.6449e+01  1021.6486    20.9518    21.6398     8.1715    249.955    7.43304  227.36553    109.935 -9.990e-29
   40.99664  -71.90464      2.050      2.034    20.9561    31.2304      8.090     0.6057 5.6132e+01  1021.6475    20.9557    21.6389     8.1710    249.939    7.43306  227.36605    109.928 -9.990e-29
   40.99664  -71.90464      2.060      2.044    20.9580    31.2302      8.090     0.6057 5.5038e+01  1021.6475    20.9576    21.6380     8.1701    249.910    7.43272  227.35523    109.920 -9.990e-29
   40.99664  -71.90464      2.050      2.034    20.9606    31.2293      8.090     0.6057 5.2765e+01  1021.6459    20.9602    21.6367     8.1687    249.869    7.43207  227.33555    109.912 -9.990e-29
   40.99664  -71.90464      2.052      2.036    20.9633    31.2279      8.090     0.6057 5.2029e+01  1021.6434    20.9629    21.6351     8.1680    249.847    7.43165  227.32266    109.909 -9.990e-29
   40.99664  -71.90464      2.060      2.044    20.9633    31.2270      8.090     0.6057 4.7020e+01  1021.6427    20.9629    21.6344     8.1623    249.672    7.43127  227.31173    109.837 -9.990e-29
   40.99664  -71.90464      2.050      2.034    20.9610    31.2270      8.090     0.6057 3.2901e+01  1021.6437    20.9606    21.6345     8.1662    249.791    7.43097  227.30272    109.894 -9.990e-29
   40.99664  -71.90464      2.071      2.055    20.9592    31.2270      8.090     0.6057 2.8585e+01  1021.6435    20.9588    21.6349     8.1659    249.784    7.43090  227.30114    109.891 -9.990e-29
   40.99664  -71.90464      2.060      2.044    20.9583    31.2271      8.090     0.6057 2.9985e+01  1021.6447    20.9580    21.6354     8.1611    249.636    7.43127  227.31177    109.821 -9.990e-29
   40.99664  -71.90464      2.061      2.045    20.9596    31.2271      8.090     0.6057 4.3095e+01  1021.6451    20.9592    21.6355     8.1660    249.786    7.43151  227.31876    109.884 -9.990e-29
   40.99664  -71.90464      2.071      2.055    20.9619    31.2271      8.090     0.6057 5.0872e+01  1021.6437    20.9615    21.6350     8.1657    249.777    7.43138  227.31498    109.882 -9.990e-29
   40.99664  -71.90464      2.071      2.055    20.9626    31.2268      8.090     0.6057 5.1447e+01  1021.6433    20.9622    21.6343     8.1654    249.766    7.43116  227.30863    109.880 -9.990e-29
   40.99664  -71.90464      2.080      2.064    20.9631    31.2262      8.090     0.6057 5.2570e+01  1021.6428    20.9627    21.6336     8.1654    249.769    7.43133  227.31389    109.879 -9.990e-29
   40.99664  -71.90464      2.080      2.064    20.9643    31.2251      8.090     0.6057 5.3362e+01  1021.6420    20.9639    21.6323     8.1659    249.785    7.43154  227.32032    109.882 -9.990e-29
   40.99664  -71.90464      2.082      2.066    20.9673    31.2235      8.090     0.6057 5.3464e+01  1021.6390    20.9669    21.6307     8.1663    249.796    7.43192  227.33137    109.882 -9.990e-29
   40.99664  -71.90464      2.091      2.075    20.9685    31.2226      8.090     0.6057 6.5152e+01  1021.6383    20.9681    21.6295     8.1659    249.784    7.43192  227.33153    109.877 -9.990e-29
   40.99664  -71.90464      2.091      2.075    20.9696    31.2222      8.090     0.6057 7.4709e+01  1021.6381    20.9692    21.6290     8.1657    249.778    7.43179  227.32792    109.876 -9.990e-29
   40.99664  -71.90464      2.091      2.075    20.9710    31.2222      8.090     0.6057 7.6408e+01  1021.6373    20.9706    21.6286     8.1606    249.620    7.43175  227.32672    109.807 -9.990e-29
   40.99656  -71.90462      2.101      2.085    20.9706    31.2222      8.090     0.6192 6.2462e+01  1021.6376    20.9702    21.6288     8.1654    249.767    7.43180  227.32816    109.871 -9.990e-29
   40.99656  -71.90462      2.091      2.075    20.9693    31.2222      8.090     0.6192 5.1447e+01  1021.6386    20.9689    21.6293     8.1655    249.770    7.43188  227.33053    109.871 -9.990e-29
   40.99656  -71.90462      2.101      2.085    20.9682    31.2222      8.090     0.6192 4.9600e+01  1021.6391    20.9678    21.6295     8.1655    249.770    7.43188  227.33053    109.871 -9.990e-29
   40.99656  -71.90462      2.101      2.085    20.9678    31.2219      8.090     0.6192 5.2029e+01  1021.6382    20.9674    21.6293     8.1707    249.930    7.43197  227.33314    109.940 -9.990e-29
   40.99656  -71.90462      2.111      2.094    20.9670    31.2219      8.090     0.6192 5.5349e+01  1021.6378    20.9666    21.6291     8.1659    249.785    7.43197  227.33326    109.876 -9.990e-29
   40.99656  -71.90462      2.101      2.085    20.9645    31.2219      8.090     0.6192 5.6082e+01  1021.6386    20.9641    21.6298     8.1712    249.945    7.43208  227.33631    109.945 -9.990e-29
   40.99656  -71.90462      2.101      2.085    20.9617    31.2222      8.090     0.6192 5.0637e+01  1021.6403    20.9613    21.6308     8.1665    249.800    7.43207  227.33588    109.881 -9.990e-29
   40.99656  -71.90462      2.111      2.094    20.9608    31.2227      8.090     0.6192 4.1357e+01  1021.6407    20.9604    21.6317     8.1664    249.797    7.43193  227.33194    109.882 -9.990e-29
   40.99656  -71.90462      2.111      2.094    20.9590    31.2232      8.090     0.6192 3.8767e+01  1021.6415    20.9586    21.6326     8.1663    249.795    7.43185  227.32944    109.883 -9.990e-29
   40.99656  -71.90462      2.101      2.085    20.9561    31.2238      8.090     0.6192 4.2537e+01  1021.6433    20.9557    21.6335     8.1663    249.795    7.43176  227.32695    109.884 -9.990e-29
   40.99656  -71.90462      2.111      2.094    20.9561    31.2238      8.090     0.6192 5.4939e+01  1021.6430    20.9557    21.6338     8.1715    249.956    7.43184  227.32967    109.953 -9.990e-29
   40.99656  -71.90462      2.101      2.085    20.9559    31.2239      8.090     0.6192 6.0281e+01  1021.6424    20.9555    21.6340     8.1723    249.979    7.43213  227.33879    109.959 -9.990e-29
   40.99656  -71.90462      2.122      2.105    20.9536    31.2243      8.090     0.6192 5.8117e+01  1021.6440    20.9532    21.6348     8.1683    249.858    7.43275  227.35755    109.897 -9.990e-29
   40.99656  -71.90462      2.111      2.094    20.9518    31.2248      8.090     0.6192 4.6761e+01  1021.6451    20.9514    21.6355     8.1694    249.890    7.43354  227.38122    109.899 -9.990e-29
   40.99656  -71.90462      2.111      2.094    20.9523    31.2248      8.090     0.6192 4.2656e+01  1021.6448    20.9519    21.6356     8.1704    249.920    7.43429  227.40342    109.902 -9.990e-29
   40.99656  -71.90462      2.122      2.105    20.9534    31.2249      8.090     0.6192 4.2298e+01  1021.6442    20.9530    21.6354     8.1761    250.095    7.43472  227.41601    109.972 -9.990e-29
   40.99656  -71.90462      2.112      2.096    20.9523    31.2250      8.090     0.6192 4.0247e+01  1021.6446    20.9519    21.6356     8.1769    250.119    7.43501  227.42462    109.979 -9.990e-29
   40.99656  -71.90462      2.122      2.105    20.9520    31.2254      8.090     0.6192 3.9131e+01  1021.6455    20.9516    21.6359     8.1773    250.130    7.43495  227.42280    109.985 -9.990e-29
   40.99656  -71.90462      2.122      2.105    20.9532    31.2257      8.090     0.6192 3.9021e+01  1021.6449    20.9528    21.6360     8.1723    249.977    7.43466  227.41394    109.922 -9.990e-29
   40.99656  -71.90462      2.122      2.105    20.9541    31.2259      8.090     0.6192 4.5292e+01  1021.6451    20.9537    21.6360     8.1772    250.128    7.43441  227.40629    109.992 -9.990e-29
   40.99656  -71.90462      2.131      2.115    20.9545    31.2263      8.090     0.6192 5.0116e+01  1021.6452    20.9541    21.6362     8.1774    250.132    7.43414  227.39810    109.997 -9.990e-29
   40.99656  -71.90462      2.142      2.126    20.9541    31.2263      8.090     0.6192 5.0780e+01  1021.6460    20.9537    21.6365     8.1722    249.975    7.43372  227.38574    109.934 -9.990e-29
   40.99656  -71.90462      2.141      2.124    20.9538    31.2263      8.090     0.6192 5.9606e+01  1021.6461    20.9534    21.6367     8.1772    250.128    7.43354  227.38050    110.004 -9.990e-29
   40.99656  -71.90462      2.152      2.135    20.9531    31.2262      8.090     0.6192 6.8735e+01  1021.6457    20.9527    21.6366     8.1779    250.149    7.43372  227.38610    110.011 -9.990e-29
   40.99656  -71.90460      2.161      2.145    20.9504    31.2256      8.090     0.6460 7.0695e+01  1021.6459    20.9500    21.6367     8.1736    250.018    7.43402  227.39501    109.949 -9.990e-29
   40.99656  -71.90460      2.161      2.145    20.9470    31.2254      8.090     0.6460 7.5485e+01  1021.6464    20.9466    21.6372     8.1792    250.188    7.43426  227.40212    110.020 -9.990e-29
   40.99656  -71.90460      2.172      2.156    20.9439    31.2254      8.090     0.6460 8.2203e+01  1021.6473    20.9435    21.6379     8.1747    250.052    7.43443  227.40735    109.958 -9.990e-29
   40.99656  -71.90460      2.171      2.154    20.9416    31.2254      8.090     0.6460 8.3837e+01  1021.6481    20.9412    21.6387     8.1753    250.070    7.43476  227.41744    109.961 -9.990e-29
   40.99656  -71.90460      2.192      2.175    20.9398    31.2259      8.090     0.6460 6.7707e+01  1021.6491    20.9394    21.6395     8.1755    250.076    7.43506  227.42625    109.959 -9.990e-29
   40.99656  -71.90460      2.192      2.175    20.9391    31.2264      8.090     0.6460 4.6192e+01  1021.6499    20.9387    21.6400     8.1757    250.081    7.43503  227.42516    109.962 -9.990e-29
   40.99656  -71.90460      2.203      2.186    20.9403    31.2269      8.090     0.6460 4.1278e+01  1021.6495    20.9399    21.6404     8.1751    250.064    7.43469  227.41478    109.960 -9.990e-29
   40.99656  -71.90460      2.212      2.195    20.9398    31.2280      8.090     0.6460 4.6322e+01  1021.6505    20.9394    21.6410     8.1747    250.050    7.43441  227.40645    109.957 -9.990e-29
   40.99656  -71.90460      2.222      2.205    20.9416    31.2294      8.090     0.6460 6.1479e+01  1021.6519    20.9412    21.6416     8.1744    250.043    7.43432  227.40387    109.955 -9.990e-29
   40.99656  -71.90460      2.222      2.205    20.9462    31.2295      8.090     0.6460 6.7707e+01  1021.6512    20.9457    21.6414     8.1740    250.028    7.43402  227.39481    109.953 -9.990e-29
   40.99656  -71.90460      2.242      2.225    20.9492    31.2295      8.090     0.6460 6.6822e+01  1021.6508    20.9488    21.6406     8.1734    250.012    7.43370  227.38491    109.951 -9.990e-29
   40.99656  -71.90460      2.233      2.216    20.9523    31.2295      8.090     0.6460 6.2757e+01  1021.6489    20.9519    21.6392     8.1730    249.999    7.43346  227.37749    109.949 -9.990e-29
   40.99656  -71.90460      2.252      2.235    20.9552    31.2285      8.090     0.6460 6.1361e+01  1021.6470    20.9547    21.6377     8.1722    249.973    7.43312  227.36721    109.942 -9.990e-29
   40.99656  -71.90460      2.252      2.235    20.9561    31.2285      8.090     0.6460 6.0730e+01  1021.6457    20.9556    21.6373     8.1714    249.949    7.43259  227.35144    109.940 -9.990e-29
   40.99656  -71.90460      2.252      2.235    20.9527    31.2285      8.090     0.6460 5.4015e+01  1021.6482    20.9523    21.6381     8.1709    249.935    7.43228  227.34210    109.938 -9.990e-29
   40.99656  -71.90460      2.273      2.255    20.9506    31.2285      8.090     0.6460 5.1052e+01  1021.6496    20.9502    21.6389     8.1700    249.909    7.43199  227.33342    109.931 -9.990e-29
   40.99656  -71.90460      2.263      2.246    20.9518    31.2285      8.090     0.6460 5.1368e+01  1021.6486    20.9514    21.6387     8.1694    249.890    7.43158  227.32116    109.928 -9.990e-29
   40.99656  -71.90460      2.273      2.255    20.9536    31.2285      8.090     0.6460 3.7891e+01  1021.6478    20.9531    21.6382     8.1689    249.874    7.43126  227.31142    109.926 -9.990e-29
   40.99656  -71.90460      2.273      2.255    20.9525    31.2278      8.090     0.6460 3.1717e+01  1021.6476    20.9521    21.6378     8.1680    249.847    7.43064  227.29246    109.923 -9.990e-29
   40.99656  -71.90460      2.284      2.266    20.9513    31.2276      8.090     0.6460 3.2040e+01  1021.6473    20.9509    21.6380     8.1666    249.806    7.42962  227.26184    109.920 -9.990e-29
   40.99656  -71.90460      2.273      2.255    20.9481    31.2275      8.090     0.6460 3.8898e+01  1021.6490    20.9477    21.6385     8.1603    249.614    7.42874  227.23582    109.848 -9.990e-29
   40.99656  -71.90460      2.273      2.255    20.9483    31.2274      8.090     0.6460 4.5530e+01  1021.6485    20.9479    21.6384     8.1645    249.742    7.42836  227.22482    109.910 -9.990e-29
   40.99656  -71.90460      2.284      2.266    20.9495    31.2268      8.090     0.6460 4.6876e+01  1021.6475    20.9491    21.6379     8.1644    249.740    7.42839  227.22603    109.908 -9.990e-29
   40.99656  -71.90460      2.284      2.266    20.9499    31.2267      8.090     0.6460 5.1552e+01  1021.6473    20.9495    21.6376     8.1598    249.601    7.42894  227.24308    109.839 -9.990e-29
   40.99662  -71.90464      2.273      2.255    20.9495    31.2267      8.090     0.6595 5.7505e+01  1021.6473    20.9491    21.6376     8.1650    249.758    7.42964  227.26379    109.898 -9.990e-29
