CalculateIndicators/WaterTemperature/Data/CTD_NYOS/20220513_C03.cnv
* Sea-Bird SBE 9 Data File:
* FileName = C:\Seabird 9 CTD\Data\2022\202205_offshore\20220513_C03.hex
* Software Version Seasave V 7.23.2
* Temperature SN = 4590
* Conductivity SN = 3228
* Number of Bytes Per Scan = 44
* Number of Voltage Words = 5
* Number of Scans Averaged by the Deck Unit = 1
* NMEA Latitude = 40 30.15 N
* NMEA Longitude = 073 47.69 W
* NMEA UTC (Time) = Sep 27 2002  07:49:20
* NMEA baud rate = 4800
** Ship: seawolf
** Station: 7.1
** Operator: TCM
# nquan = 18
# nvalues = 7906                        
# units = specified
# name 0 = latitude: Latitude [deg]
# name 1 = longitude: Longitude [deg]
# name 2 = prDM: Pressure, Digiquartz [db]
# name 3 = depSM: Depth [salt water, m]
# name 4 = t090C: Temperature [ITS-90, deg C]
# name 5 = sal00: Salinity, Practical [PSU]
# name 6 = ph: pH
# name 7 = flECO-AFL: Fluorescence, WET Labs ECO-AFL/FL [mg/m^3]
# name 8 = cpar: CPAR/Corrected Irradiance [%]
# name 9 = density00: Density [density, kg/m^3]
# name 10 = potemp090C: Potential Temperature [ITS-90, deg C]
# name 11 = sigma-é00: Density [sigma-theta, kg/m^3]
# name 12 = sbeox0Mg/L: Oxygen, SBE 43 [mg/l]
# name 13 = sbox0Mm/Kg: Oxygen, SBE 43 [umol/kg]
# name 14 = oxsolMg/L: Oxygen Saturation, Garcia & Gordon [mg/l]
# name 15 = oxsolMm/Kg: Oxygen Saturation, Garcia & Gordon [umol/kg]
# name 16 = sbeox0PS: Oxygen, SBE 43 [% saturation]
# name 17 = flag:  0.000e+00
# span 0 =   40.50250,   40.50312       
# span 1 =  -73.79586,  -73.79492       
# span 2 =      1.553,     18.648       
# span 3 =      1.541,     18.503       
# span 4 =     9.7169,    10.8844       
# span 5 =    31.7024,    32.1865       
# span 6 =      7.997,      8.038       
# span 7 =     0.9952,     1.6131       
# span 8 = 5.0640e-11, 9.9999e+04       
# span 9 =  1024.2619,  1024.8856       
# span 10 =     9.7149,    10.8834      
# span 11 =    24.2563,    24.8019      
# span 12 =     8.6734,     9.3566      
# span 13 =    264.517,    285.391      
# span 14 =    9.02792,    9.24781      
# span 15 =  275.40079,  282.01992      
# span 16 =     93.926,    102.851      
# span 17 = 0.0000e+00, 0.0000e+00      
# interval = seconds: 0.0416667
# start_time = May 13 2022 07:49:21 [System UTC, first data scan.]
# bad_flag = -9.990e-29
*END*
[from data line 5146]
   40.50286  -73.79550      8.892      8.824    10.7069    32.0024      8.031     1.5325 9.9999e+04  1024.5334    10.7059    24.4931     9.2286    281.478    9.14964  279.06986    100.863 -9.990e-29
   40.50286  -73.79550      8.902      8.833    10.7085    32.0018      8.031     1.5325 9.9999e+04  1024.5331    10.7075    24.4925     9.2225    281.294    9.14978  279.07478    100.795 -9.990e-29
   40.50286  -73.79550      8.923      8.854    10.7101    32.0003      8.031     1.5325 9.9999e+04  1024.5317    10.7090    24.4913     9.2212    281.253    9.14977  279.07476    100.781 -9.990e-29
   40.50286  -73.79550      8.943      8.874    10.7091    31.9980      8.031     1.5459 9.9999e+04  1024.5298    10.7080    24.4898     9.2199    281.213    9.15006  279.08293    100.763 -9.990e-29
   40.50286  -73.79550      8.963      8.893    10.7036    31.9980      8.031     1.5325 9.9999e+04  1024.5281    10.7026    24.4896     9.2186    281.173    9.15064  279.09962    100.743 -9.990e-29
   40.50286  -73.79550      8.967      8.897    10.6908    31.9980      8.031     1.5325 9.9999e+04  1024.5308    10.6898    24.4927     9.2226    281.295    9.15048  279.09457    100.788 -9.990e-29
   40.50286  -73.79550      9.004      8.934    10.6742    32.0021      8.031     1.5325 9.9999e+04  1024.5405    10.6732    24.4981     9.2209    281.243    9.15013  279.08366    100.774 -9.990e-29
   40.50286  -73.79550      9.024      8.955    10.6662    32.0031      8.031     1.5325 9.9999e+04  1024.5449    10.6651    24.5017     9.2192    281.189    9.14997  279.07893    100.756 -9.990e-29
   40.50286  -73.79550      9.044      8.974    10.6602    32.0035      8.031     1.5325 -9.990e-29  1024.5422    10.6592    24.5028     9.2173    281.134    9.14949  279.06468    100.742 -9.990e-29
   40.50286  -73.79550      9.064      8.994    10.6433    32.0045      8.032     1.5325 9.9999e+04  1024.5440    10.6423    24.5049     9.2153    281.073    9.14908  279.05205    100.724 -9.990e-29
   40.50286  -73.79550      9.085      9.015    10.6230    32.0056      8.032     1.5459 9.9999e+04  1024.5500    10.6219    24.5099     9.2139    281.028    9.14881  279.04416    100.711 -9.990e-29
   40.50286  -73.79550      9.106      9.035    10.6053    32.0102      8.032     1.5325 -9.990e-29  1024.5581    10.6043    24.5163     9.2113    280.951    9.14844  279.03256    100.688 -9.990e-29
   40.50286  -73.79550      9.129      9.058    10.5932    32.0145      8.032     1.5325 9.9999e+04  1024.5644    10.5922    24.5217     9.2030    280.697    9.14770  279.00964    100.605 -9.990e-29
   40.50286  -73.79550      9.145      9.075    10.5865    32.0156      8.032     1.4788 9.9999e+04  1024.5676    10.5854    24.5247     9.2055    280.773    9.14703  278.98958    100.639 -9.990e-29
   40.50286  -73.79550      9.166      9.095    10.5794    32.0156      8.032     1.4788 9.9999e+04  1024.5661    10.5784    24.5259     9.2049    280.755    9.14799  279.01884    100.622 -9.990e-29
   40.50286  -73.79550      9.196      9.125    10.5694    32.0156      8.032     1.4788 9.9999e+04  1024.5698    10.5683    24.5267     9.2053    280.766    9.14940  279.06084    100.611 -9.990e-29
   40.50286  -73.79550      9.206      9.135    10.5687    32.0122      8.032     1.4788 9.9999e+04  1024.5694    10.5676    24.5254     9.1965    280.499    9.14853  279.03455    100.525 -9.990e-29
   40.50286  -73.79550      9.227      9.155    10.5568    32.0053      8.032     1.4788 9.9999e+04  1024.5610    10.5557    24.5229     9.1931    280.396    9.14743  279.00216    100.500 -9.990e-29
   40.50286  -73.79550      9.247      9.176    10.5178    32.0053      8.032     1.4653 9.9999e+04  1024.5631    10.5167    24.5243     9.1913    280.340    9.14795  279.01773    100.474 -9.990e-29
   40.50286  -73.79550      9.280      9.208    10.4803    32.0053      8.032     1.4653 9.9999e+04  1024.5716    10.4792    24.5307     9.1902    280.305    9.14927  279.05716    100.447 -9.990e-29
   40.50286  -73.79550      9.287      9.215    10.4520    32.0072      8.032     1.4788 9.9999e+04  1024.5812    10.4509    24.5398     9.1885    280.255    9.14971  279.07080    100.424 -9.990e-29
   40.50286  -73.79550      9.308      9.236    10.4318    32.0154      8.032     1.4788 9.9999e+04  1024.5923    10.4308    24.5496     9.1866    280.198    9.15007  279.08194    100.400 -9.990e-29
   40.50286  -73.79550      9.338      9.266    10.4200    32.0234      8.032     1.4788 9.9999e+04  1024.6023    10.4190    24.5577     9.1791    279.969    9.15071  279.10138    100.311 -9.990e-29
   40.50286  -73.79550      9.348      9.275    10.4204    32.0278      8.037     1.4653 9.9999e+04  1024.6064    10.4193    24.5618     9.1764    279.885    9.15050  279.09477    100.283 -9.990e-29
   40.50286  -73.79550      9.359      9.286    10.4269    32.0278      8.032     1.4653 9.9999e+04  1024.6053    10.4258    24.5622     9.1723    279.760    9.14974  279.07094    100.247 -9.990e-29
   40.50286  -73.79550      9.389      9.316    10.4306    32.0278      8.032     1.4788 9.9999e+04  1024.6032    10.4296    24.5607     9.1741    279.814    9.14855  279.03492    100.279 -9.990e-29
   40.50286  -73.79550      9.409      9.337    10.4275    32.0251      8.032     1.4788 9.9999e+04  1024.6008    10.4264    24.5588     9.1662    279.573    9.14868  279.03921    100.191 -9.990e-29
   40.50286  -73.79550      9.419      9.346    10.4215    32.0227      8.037     1.4788 -9.990e-29  1024.5996    10.4205    24.5579     9.1646    279.525    9.15001  279.08064    100.159 -9.990e-29
   40.50286  -73.79550      9.433      9.360    10.4128    32.0216      8.032     1.4788 9.9999e+04  1024.6007    10.4117    24.5583     9.1635    279.494    9.15132  279.12171    100.133 -9.990e-29
   40.50286  -73.79550      9.449      9.376    10.4029    32.0216      8.037     1.4653 9.9999e+04  1024.6020    10.4018    24.5597     9.1618    279.441    9.15205  279.14476    100.106 -9.990e-29
   40.50286  -73.79550      9.460      9.387    10.3906    32.0216      8.037     1.4788 9.9999e+04  1024.6039    10.3896    24.5620     9.1602    279.393    9.15299  279.17369    100.079 -9.990e-29
   40.50286  -73.79550      9.460      9.387    10.3798    32.0230      8.033     1.4788 9.9999e+04  1024.6084    10.3787    24.5647     9.1528    279.168    9.15338  279.18643     99.993 -9.990e-29
   40.50286  -73.79550      9.491      9.417    10.3746    32.0244      8.037     1.4653 9.9999e+04  1024.6097    10.3735    24.5669     9.1568    279.291    9.15425  279.21354    100.028 -9.990e-29
   40.50288  -73.79552      9.491      9.417    10.3696    32.0244      8.037     1.4653 -9.990e-29  1024.6119    10.3686    24.5684     9.1504    279.095    9.15561  279.25563     99.943 -9.990e-29
   40.50288  -73.79552      9.500      9.427    10.3687    32.0244      8.033     1.4788 9.9999e+04  1024.6130    10.3676    24.5691     9.1508    279.108    9.15799  279.32782     99.921 -9.990e-29
   40.50288  -73.79552      9.510      9.436    10.3687    32.0243      8.033     1.4788 -9.990e-29  1024.6117    10.3676    24.5682     9.1518    279.138    9.16093  279.41602     99.901 -9.990e-29
   40.50288  -73.79552      9.530      9.457    10.3654    32.0212      8.037     1.4788 9.9999e+04  1024.6091    10.3643    24.5663     9.1513    279.120    9.16238  279.45895     99.879 -9.990e-29
   40.50288  -73.79552      9.521      9.447    10.3594    32.0175      8.037     1.5056 9.9999e+04  1024.6075    10.3583    24.5643     9.1443    278.908    9.16328  279.48586     99.793 -9.990e-29
   40.50288  -73.79552      9.534      9.461    10.3528    32.0134      8.037     1.5325 9.9999e+04  1024.6050    10.3518    24.5624     9.1489    279.045    9.16460  279.52538     99.828 -9.990e-29
   40.50288  -73.79552      9.551      9.477    10.3423    32.0098      8.033     1.5459 9.9999e+04  1024.6039    10.3412    24.5613     9.1428    278.859    9.16568  279.55796     99.750 -9.990e-29
   40.50288  -73.79552      9.540      9.466    10.3305    32.0098      8.037     1.5325 9.9999e+04  1024.6030    10.3294    24.5620     9.1420    278.837    9.16687  279.59489     99.729 -9.990e-29
   40.50288  -73.79552      9.561      9.487    10.3119    32.0098      8.037     1.5325 9.9999e+04  1024.6079    10.3109    24.5655     9.1366    278.672    9.16909  279.66164     99.646 -9.990e-29
   40.50288  -73.79552      9.551      9.477    10.2922    32.0099      8.037     1.5325 -9.990e-29  1024.6156    10.2911    24.5696     9.1420    278.834    9.17101  279.71903     99.684 -9.990e-29
   40.50288  -73.79552      9.561      9.487    10.2823    32.0104      8.038     1.5325 9.9999e+04  1024.6147    10.2812    24.5717     9.1417    278.823    9.17240  279.76020     99.665 -9.990e-29
   40.50288  -73.79552      9.572      9.498    10.2726    32.0106      8.033     1.5459 9.9999e+04  1024.6154    10.2715    24.5728     9.1346    278.607    9.17227  279.75422     99.590 -9.990e-29
   40.50288  -73.79552      9.572      9.498    10.2629    32.0106      8.033     1.5459 9.9999e+04  1024.6179    10.2618    24.5747     9.1297    278.456    9.16911  279.65799     99.570 -9.990e-29
   40.50288  -73.79552      9.572      9.498    10.2551    32.0119      8.033     1.5325 -9.990e-29  1024.6202    10.2540    24.5772     9.1251    278.317    9.16623  279.57029     99.552 -9.990e-29
   40.50288  -73.79552      9.572      9.498    10.2493    32.0140      8.038     1.5325 -9.990e-29  1024.6235    10.2482    24.5798     9.1164    278.050    9.16475  279.52565     99.472 -9.990e-29
   40.50288  -73.79552      9.581      9.507    10.2453    32.0146      8.038     1.5325 9.9999e+04  1024.6261    10.2442    24.5813     9.1141    277.982    9.16442  279.51835     99.450 -9.990e-29
   40.50288  -73.79552      9.572      9.498    10.2452    32.0148      8.033     1.5325 9.9999e+04  1024.6245    10.2441    24.5813     9.1110    277.889    9.16808  279.63165     99.377 -9.990e-29
   40.50288  -73.79552      9.565      9.491    10.2457    32.0152      8.038     1.5325 9.9999e+04  1024.6231    10.2446    24.5812     9.1142    277.985    9.17324  279.78762     99.356 -9.990e-29
   40.50288  -73.79552      9.572      9.498    10.2435    32.0161      8.038     1.5325 9.9999e+04  1024.6255    10.2424    24.5826     9.1160    278.039    9.17693  279.89777     99.336 -9.990e-29
   40.50288  -73.79552      9.581      9.507    10.2397    32.0184      8.033     1.5325 9.9999e+04  1024.6286    10.2386    24.5848     9.1167    278.058    9.17940  279.97112     99.317 -9.990e-29
   40.50288  -73.79552      9.572      9.498    10.2398    32.0203      8.038     1.5325 9.9999e+04  1024.6302    10.2388    24.5863     9.1108    277.879    9.18105  280.02014     99.235 -9.990e-29
   40.50288  -73.79552      9.561      9.487    10.2415    32.0207      8.038     1.5325 9.9999e+04  1024.6303    10.2404    24.5868     9.1102    277.857    9.18188  280.04343     99.219 -9.990e-29
   40.50288  -73.79552      9.572      9.498    10.2422    32.0207      8.038     1.5325 9.9999e+04  1024.6304    10.2411    24.5866     9.1078    277.782    9.18082  280.01021     99.204 -9.990e-29
   40.50288  -73.79552      9.561      9.487    10.2450    32.0207      8.033     1.5325 9.9999e+04  1024.6288    10.2439    24.5860     9.1058    277.723    9.18006  279.98790     99.191 -9.990e-29
   40.50292  -73.79556      9.561      9.487    10.2470    32.0207      8.038     1.5325 9.9999e+04  1024.6286    10.2460    24.5853     9.1001    277.551    9.18108  280.01950     99.118 -9.990e-29
   40.50292  -73.79556      9.561      9.487    10.2486    32.0207      8.038     1.5325 9.9999e+04  1024.6277    10.2475    24.5851     9.1002    277.553    9.18241  280.05971     99.105 -9.990e-29
   40.50292  -73.79556      9.551      9.477    10.2501    32.0215      8.033     1.5325 5.0640e-11  1024.6285    10.2490    24.5856     9.0999    277.544    9.18319  280.08269     99.094 -9.990e-29
   40.50292  -73.79556      9.551      9.477    10.2528    32.0228      8.033     1.5325 9.9999e+04  1024.6306    10.2517    24.5863     9.0993    277.525    9.18340  280.08910     99.084 -9.990e-29
   40.50292  -73.79556      9.555      9.481    10.2566    32.0230      8.038     1.5190 9.9999e+04  1024.6290    10.2555    24.5862     9.0978    277.480    9.18321  280.08410     99.070 -9.990e-29
   40.50292  -73.79556      9.530      9.457    10.2521    32.0230      8.033     1.4922 9.9999e+04  1024.6287    10.2510    24.5867     9.0926    277.320    9.18414  280.11256     99.003 -9.990e-29
   40.50292  -73.79556      9.540      9.466    10.2442    32.0230      8.033     1.4788 9.9999e+04  1024.6323    10.2431    24.5876     9.0935    277.348    9.18577  280.16123     98.996 -9.990e-29
   40.50292  -73.79556      9.530      9.457    10.2487    32.0230      8.038     1.4788 9.9999e+04  1024.6311    10.2476    24.5872     9.0943    277.370    9.18699  280.19719     98.991 -9.990e-29
   40.50292  -73.79556      9.521      9.447    10.2551    32.0224      8.038     1.4788 9.9999e+04  1024.6277    10.2540    24.5859     9.0881    277.179    9.18745  280.21023     98.918 -9.990e-29
   40.50292  -73.79556      9.521      9.447    10.2526    32.0223      8.038     1.4788 9.9999e+04  1024.6279    10.2515    24.5859     9.0866    277.134    9.18725  280.20398     98.904 -9.990e-29
   40.50292  -73.79556      9.521      9.447    10.2452    32.0221      8.038     1.4788 9.9999e+04  1024.6310    10.2441    24.5870     9.0854    277.099    9.18713  280.20029     98.893 -9.990e-29
   40.50292  -73.79556      9.510      9.436    10.2432    32.0218      8.033     1.4788 9.9999e+04  1024.6308    10.2421    24.5874     9.0788    276.895    9.18702  280.19719     98.821 -9.990e-29
   40.50292  -73.79556      9.510      9.436    10.2420    32.0223      8.033     1.4788 9.9999e+04  1024.6294    10.2409    24.5872     9.0777    276.863    9.18705  280.19817     98.810 -9.990e-29
   40.50292  -73.79556      9.510      9.436    10.2385    32.0223      8.033     1.4788 9.9999e+04  1024.6306    10.2375    24.5876     9.0769    276.839    9.18710  280.19952     98.801 -9.990e-29
   40.50292  -73.79556      9.504      9.431    10.2393    32.0230      8.033     1.4788 5.0640e-11  1024.6312    10.2382    24.5885     9.0698    276.622    9.18697  280.19541     98.725 -9.990e-29
   40.50292  -73.79556      9.500      9.427    10.2422    32.0230      8.038     1.4788 9.9999e+04  1024.6332    10.2411    24.5893     9.0679    276.564    9.18659  280.18414     98.708 -9.990e-29
   40.50292  -73.79556      9.500      9.427    10.2480    32.0230      8.033     1.4788 9.9999e+04  1024.6327    10.2469    24.5890     9.0606    276.342    9.18637  280.17779     98.631 -9.990e-29
   40.50292  -73.79556      9.510      9.436    10.2480    32.0226      8.033     1.4788 5.0640e-11  1024.6309    10.2470    24.5872     9.0655    276.492    9.18636  280.17746     98.685 -9.990e-29
   40.50292  -73.79556      9.500      9.427    10.2430    32.0183      8.033     1.4788 5.0640e-11  1024.6273    10.2419    24.5844     9.0594    276.305    9.18666  280.18658     98.615 -9.990e-29
   40.50292  -73.79556      9.500      9.427    10.2379    32.0136      8.038     1.4788 5.0640e-11  1024.6242    10.2368    24.5814     9.0589    276.291    9.18710  280.19979     98.605 -9.990e-29
   40.50292  -73.79556      9.500      9.427    10.2355    32.0095      8.033     1.4788 9.9999e+04  1024.6211    10.2345    24.5788     9.0527    276.101    9.18731  280.20620     98.535 -9.990e-29
   40.50292  -73.79556      9.510      9.436    10.2314    32.0061      8.033     1.4788 9.9999e+04  1024.6202    10.2304    24.5766     9.0520    276.079    9.18749  280.21150     98.525 -9.990e-29
   40.50292  -73.79556      9.510      9.436    10.2307    32.0025      8.038     1.4788 5.0640e-11  1024.6170    10.2297    24.5743     9.0458    275.890    9.18769  280.21669     98.456 -9.990e-29
