CalculateIndicators/WaterTemperature/Data/CTD_NYOS/202200727_C07.cnv
* Sea-Bird SBE 9 Data File:
* FileName = C:\Seabird 9 CTD\Data\2022\202207_offshore\202200727_C07.hex
* Software Version Seasave V 7.23.2
* Temperature SN = 4590
* Conductivity SN = 3228
* Number of Bytes Per Scan = 44
* Number of Voltage Words = 5
* Number of Scans Averaged by the Deck Unit = 1
* NMEA Latitude = 39 07.76 N
* NMEA Longitude = 072 56.44 W
* NMEA UTC (Time) = Dec 11 2002  13:40:07
* NMEA baud rate = 4800
** Ship: seawolf
** Station: 6.5
** Operator: tcm
# nquan = 18
# nvalues = 19850                       
# units = specified
# name 0 = latitude: Latitude [deg]
# name 1 = longitude: Longitude [deg]
# name 2 = prDM: Pressure, Digiquartz [db]
# name 3 = depSM: Depth [salt water, m]
# name 4 = t090C: Temperature [ITS-90, deg C]
# name 5 = sal00: Salinity, Practical [PSU]
# name 6 = ph: pH
# name 7 = flECO-AFL: Fluorescence, WET Labs ECO-AFL/FL [mg/m^3]
# name 8 = cpar: CPAR/Corrected Irradiance [%]
# name 9 = density00: Density [density, kg/m^3]
# name 10 = potemp090C: Potential Temperature [ITS-90, deg C]
# name 11 = sigma-é00: Density [sigma-theta, kg/m^3]
# name 12 = sbeox0Mg/L: Oxygen, SBE 43 [mg/l]
# name 13 = sbox0Mm/Kg: Oxygen, SBE 43 [umol/kg]
# name 14 = oxsolMg/L: Oxygen Saturation, Garcia & Gordon [mg/l]
# name 15 = oxsolMm/Kg: Oxygen Saturation, Garcia & Gordon [umol/kg]
# name 16 = sbeox0PS: Oxygen, SBE 43 [% saturation]
# name 17 = flag:  0.000e+00
# span 0 =   39.12774,   39.12948       
# span 1 =  -72.94072,  -72.94042       
# span 2 =      1.726,     78.942       
# span 3 =      1.713,     78.328       
# span 4 =     8.8787,    25.4949       
# span 5 =    31.5457,    34.2895       
# span 6 =      7.975,      8.224       
# span 7 =    -0.0792,     0.9549       
# span 8 = 3.7180e-14, 1.2266e+01       
# span 9 =  1020.6201,  1026.6068       
# span 10 =     8.8748,    25.4944      
# span 11 =    20.6106,    26.2377      
# span 12 =     6.8454,     9.1537      
# span 13 =    208.469,    279.096      
# span 14 =    6.84616,    9.35615      
# span 15 =  209.62403,  285.04656      
# span 16 =     76.604,    117.644      
# span 17 = 0.0000e+00, 0.0000e+00      
# interval = seconds: 0.0416667
# start_time = Jul 27 2022 13:40:09 [System UTC, first data scan.]
# bad_flag = -9.990e-29
*END*
[from data line 483]
   39.12944  -72.94070      3.477      3.450    25.3715    31.5938 -9.990e-29     0.1625 5.6125e+00  1020.6727    25.3708    20.6577     6.9408    212.512    6.86036  210.04986    101.172 -9.990e-29
   39.12944  -72.94070      3.486      3.460    25.3717    31.5939 -9.990e-29     0.1625 5.5775e+00  1020.6725    25.3710    20.6578     6.9412    212.527    6.86070  210.06124    101.174 -9.990e-29
   39.12944  -72.94070      3.486      3.460    25.3717    31.5941 -9.990e-29     0.1625 5.5816e+00  1020.6728    25.3710    20.6580     6.9420    212.551    6.86132  210.08085    101.176 -9.990e-29
   39.12944  -72.94070      3.486      3.460    25.3719    31.5941 -9.990e-29     0.1625 5.5625e+00  1020.6731    25.3712    20.6580     6.9426    212.570    6.86176  210.09340    101.179 -9.990e-29
   39.12944  -72.94070      3.486      3.460    25.3723    31.5941 -9.990e-29     0.1625 5.5551e+00  1020.6726    25.3715    20.6578     6.9431    212.582    6.86198  210.09962    101.182 -9.990e-29
   39.12944  -72.94070      3.486      3.460    25.3725    31.5941 -9.990e-29     0.1625 5.5633e+00  1020.6725    25.3717    20.6576     6.9436    212.598    6.86225  210.10816    101.185 -9.990e-29
   39.12944  -72.94070      3.486      3.460    25.3730    31.5941 -9.990e-29     0.1625 5.5715e+00  1020.6725    25.3722    20.6576     6.9396    212.476    6.86264  210.11966    101.121 -9.990e-29
   39.12944  -72.94070      3.497      3.471    25.3733    31.5943 -9.990e-29     0.1625 5.5640e+00  1020.6725    25.3725    20.6577     6.9399    212.484    6.86284  210.12482    101.123 -9.990e-29
   39.12944  -72.94070      3.486      3.460    25.3735    31.5943 -9.990e-29     0.1625 5.5921e+00  1020.6729    25.3728    20.6577     6.9399    212.483    6.86275  210.12173    101.124 -9.990e-29
   39.12944  -72.94070      3.507      3.480    25.3742    31.5943 -9.990e-29     0.1625 5.5846e+00  1020.6723    25.3735    20.6575     6.9397    212.479    6.86256  210.11577    101.125 -9.990e-29
   39.12944  -72.94070      3.507      3.480    25.3748    31.5943 -9.990e-29     0.1625 5.5772e+00  1020.6720    25.3740    20.6572     6.9398    212.482    6.86250  210.11413    101.127 -9.990e-29
   39.12944  -72.94070      3.507      3.480    25.3748    31.5943 -9.990e-29     0.1625 5.5897e+00  1020.6722    25.3740    20.6571     6.9398    212.482    6.86258  210.11664    101.126 -9.990e-29
   39.12944  -72.94070      3.517      3.490    25.3750    31.5943 -9.990e-29     0.1759 5.6454e+00  1020.6718    25.3742    20.6570     6.9399    212.483    6.86262  210.11747    101.126 -9.990e-29
   39.12944  -72.94070      3.518      3.491    25.3753    31.5943 -9.990e-29     0.1894 5.6900e+00  1020.6719    25.3746    20.6570     6.9395    212.470    6.86247  210.11287    101.122 -9.990e-29
   39.12944  -72.94070      3.537      3.510    25.3755    31.5949 -9.990e-29     0.1894 5.7146e+00  1020.6722    25.3748    20.6574     6.9389    212.452    6.86193  210.09593    101.121 -9.990e-29
   39.12944  -72.94070      3.528      3.501    25.3757    31.5961 -9.990e-29     0.1894 5.7274e+00  1020.6730    25.3749    20.6581     6.9379    212.423    6.86126  210.07493    101.118 -9.990e-29
   39.12944  -72.94070      3.548      3.521    25.3769    31.5977 -9.990e-29     0.1894 5.7199e+00  1020.6743    25.3761    20.6590     6.9373    212.402    6.86059  210.05467    101.117 -9.990e-29
   39.12944  -72.94070      3.537      3.510    25.3788    31.5980      8.186     0.1894 5.7328e+00  1020.6752    25.3780    20.6593     6.9369    212.391    6.86017  210.04236    101.118 -9.990e-29
   39.12944  -72.94070      3.558      3.531    25.3817    31.5980      8.191     0.1894 5.7093e+00  1020.6742    25.3809    20.6586     6.9362    212.372    6.85972  210.02895    101.115 0.0000e+00
   39.12944  -72.94070      3.567      3.540    25.3844    31.5980      8.186     0.1894 5.6901e+00  1020.6722    25.3836    20.6573     6.9403    212.495    6.85930  210.01631    101.180 -9.990e-29
   39.12944  -72.94070      3.567      3.540    25.3858    31.5970      8.186     0.1894 5.6827e+00  1020.6711    25.3851    20.6559     6.9355    212.350    6.85905  210.00965    101.115 -9.990e-29
   39.12944  -72.94070      3.588      3.561    25.3871    31.5960      8.186     0.1894 5.6796e+00  1020.6701    25.3863    20.6548     6.9356    212.353    6.85897  210.00795    101.117 0.0000e+00
   39.12944  -72.94070      3.599      3.572    25.3884    31.5948      8.186     0.1894 5.6404e+00  1020.6692    25.3876    20.6535     6.9402    212.495    6.85907  210.01086    101.183 0.0000e+00
   39.12944  -72.94070      3.609      3.581    25.3897    31.5932      8.186     0.1894 5.6332e+00  1020.6669    25.3889    20.6521     6.9403    212.500    6.85903  210.01037    101.186 0.0000e+00
   39.12944  -72.94070      3.628      3.600    25.3889    31.5919      8.186     0.1894 5.6460e+00  1020.6664    25.3881    20.6511     6.9406    212.509    6.85909  210.01230    101.189 -9.990e-29
   39.12944  -72.94070      3.629      3.602    25.3875    31.5905      8.186     0.1894 5.6071e+00  1020.6667    25.3867    20.6504     6.9409    212.515    6.85909  210.01206    101.192 -9.990e-29
   39.12944  -72.94070      3.639      3.611    25.3869    31.5881      8.186     0.1894 5.5885e+00  1020.6647    25.3861    20.6491     6.9455    212.658    6.85894  210.00710    101.262 -9.990e-29
   39.12944  -72.94070      3.618      3.591    25.3847    31.5850      8.186     0.1894 5.5970e+00  1020.6621    25.3839    20.6475     6.9457    212.665    6.85873  210.00133    101.269 -9.990e-29
   39.12944  -72.94070      3.629      3.602    25.3802    31.5823      8.186     0.1894 5.5316e+00  1020.6620    25.3795    20.6466     6.9416    212.539    6.85874  210.00219    101.208 0.0000e+00
   39.12944  -72.94070      3.690      3.662    25.3751    31.5816      8.186     0.1894 5.5090e+00  1020.6617    25.3743    20.6466     6.9467    212.695    6.85898  210.00944    101.279 0.0000e+00
   39.12944  -72.94070      3.760      3.731    25.3690    31.5816      8.186     0.1894 5.5218e+00  1020.6629    25.3682    20.6478     6.9474    212.718    6.85920  210.01630    101.286 -9.990e-29
   39.12944  -72.94070      3.740      3.712    25.3634    31.5816      8.186     0.1894 5.4530e+00  1020.6657    25.3626    20.6509     6.9481    212.739    6.85941  210.02265    101.294 -9.990e-29
   39.12944  -72.94070      3.729      3.701    25.3580    31.5856      8.186     0.1894 5.4045e+00  1020.6720    25.3571    20.6554     6.9492    212.770    6.85990  210.03727    101.301 -9.990e-29
   39.12944  -72.94070      3.760      3.731    25.3558    31.5906      8.186     0.1894 5.4019e+00  1020.6755    25.3550    20.6599     6.9503    212.805    6.86048  210.05517    101.309 0.0000e+00
   39.12944  -72.94070      3.811      3.782    25.3547    31.5959      8.186     0.1894 5.3389e+00  1020.6815    25.3539    20.6640     6.9513    212.835    6.86117  210.07665    101.313 0.0000e+00
   39.12944  -72.94070      3.841      3.812    25.3576    31.5998      8.186     0.1894 5.2725e+00  1020.6845    25.3568    20.6664     6.9570    213.010    6.86175  210.09439    101.388 0.0000e+00
   39.12944  -72.94070      3.872      3.843    25.3623    31.5998      8.186     0.1894 5.2741e+00  1020.6834    25.3615    20.6661     6.9536    212.906    6.86222  210.10860    101.332 -9.990e-29
   39.12944  -72.94070      3.871      3.842    25.3661    31.5998      8.186     0.1894 5.2421e+00  1020.6808    25.3653    20.6641     6.9544    212.929    6.86272  210.12384    101.335 -9.990e-29
   39.12944  -72.94070      3.903      3.873    25.3690    31.5966      8.186     0.1894 5.1810e+00  1020.6788    25.3681    20.6609     6.9556    212.968    6.86344  210.14573    101.343 0.0000e+00
   39.12944  -72.94070      3.922      3.892    25.3714    31.5911      8.186     0.1894 5.1787e+00  1020.6730    25.3705    20.6564     6.9569    213.007    6.86420  210.16864    101.351 0.0000e+00
   39.12938  -72.94066      3.952      3.922    25.3699    31.5852      8.186     0.1894 5.1659e+00  1020.6671    25.3690    20.6524     6.9535    212.902    6.86487  210.18813    101.291 -9.990e-29
   39.12938  -72.94066      3.942      3.912    25.3643    31.5852      8.186     0.2028 5.1202e+00  1020.6661    25.3635    20.6516     6.9588    213.064    6.86527  210.19908    101.363 -9.990e-29
   39.12938  -72.94066      3.973      3.942    25.3576    31.5852      8.186     0.1894 5.1180e+00  1020.6703    25.3567    20.6549     6.9593    213.077    6.86527  210.19808    101.370 0.0000e+00
   39.12938  -72.94066      3.993      3.963    25.3527    31.5907      8.186     0.1894 5.1054e+00  1020.6779    25.3519    20.6606     6.9594    213.080    6.86495  210.18762    101.376 0.0000e+00
   39.12938  -72.94066      4.012      3.982    25.3524    31.5975      8.186     0.2028 5.0502e+00  1020.6848    25.3515    20.6659     6.9549    212.940    6.86479  210.18278    101.312 0.0000e+00
   39.12938  -72.94066      4.023      3.993    25.3560    31.5994      8.186     0.1894 5.0339e+00  1020.6875    25.3551    20.6682     6.9595    213.083    6.86487  210.18574    101.378 0.0000e+00
   39.12938  -72.94066      4.054      4.023    25.3621    31.5994      8.186     0.1894 5.0359e+00  1020.6854    25.3612    20.6671     6.9556    212.963    6.86507  210.19140    101.318 0.0000e+00
   39.12938  -72.94066      4.084      4.053    25.3670    31.5994      8.186     0.1894 4.9357e+00  1020.6816    25.3661    20.6637     6.9603    213.108    6.86502  210.19053    101.388 0.0000e+00
   39.12938  -72.94066      4.095      4.064    25.3697    31.5945      8.186     0.1894 4.9100e+00  1020.6770    25.3688    20.6594     6.9605    213.116    6.86501  210.19086    101.391 0.0000e+00
   39.12938  -72.94066      4.124      4.092    25.3694    31.5891      8.186     0.1894 4.9259e+00  1020.6716    25.3685    20.6554     6.9608    213.123    6.86506  210.19235    101.394 0.0000e+00
   39.12938  -72.94066      4.144      4.113    25.3656    31.5873      8.186     0.1894 4.8455e+00  1020.6693    25.3647    20.6538     6.9611    213.132    6.86516  210.19490    101.397 0.0000e+00
   39.12938  -72.94066      4.165      4.133    25.3611    31.5873      8.186     0.1894 4.8069e+00  1020.6726    25.3602    20.6550     6.9614    213.142    6.86531  210.19947    101.400 0.0000e+00
   39.12938  -72.94066      4.186      4.154    25.3581    31.5873      8.186     0.2028 4.8052e+00  1020.6758    25.3572    20.6568     6.9618    213.156    6.86555  210.20750    101.402 0.0000e+00
   39.12938  -72.94066      4.206      4.174    25.3563    31.5877      8.186     0.1894 4.7402e+00  1020.6752    25.3554    20.6580     6.9625    213.175    6.86596  210.22057    101.405 -9.990e-29
   39.12938  -72.94066      4.205      4.173    25.3529    31.5889      8.186     0.1894 4.7026e+00  1020.6766    25.3520    20.6598     6.9587    213.059    6.86656  210.23906    101.341 -9.990e-29
   39.12938  -72.94066      4.236      4.204    25.3497    31.5917      8.186     0.1894 4.7049e+00  1020.6812    25.3487    20.6625     6.9636    213.212    6.86720  210.25867    101.404 0.0000e+00
   39.12938  -72.94066      4.265      4.233    25.3493    31.5943      8.186     0.1894 4.6940e+00  1020.6839    25.3484    20.6647     6.9642    213.227    6.86776  210.27506    101.404 -9.990e-29
   39.12938  -72.94066      4.267      4.234    25.3507    31.5953      8.186     0.1894 4.6530e+00  1020.6840    25.3498    20.6653     6.9646    213.239    6.86825  210.28936    101.403 -9.990e-29
   39.12938  -72.94066      4.296      4.263    25.3516    31.5954      8.186     0.1894 4.6685e+00  1020.6830    25.3507    20.6653     6.9649    213.248    6.86863  210.30050    101.402 -9.990e-29
   39.12938  -72.94066      4.297      4.264    25.3507    31.5959      8.186     0.1894 4.6278e+00  1020.6837    25.3498    20.6657     6.9650    213.252    6.86892  210.30886    101.400 -9.990e-29
   39.12938  -72.94066      4.317      4.285    25.3497    31.5970      8.186     0.1894 4.5784e+00  1020.6857    25.3487    20.6666     6.9651    213.254    6.86916  210.31604    101.397 0.0000e+00
   39.12938  -72.94066      4.346      4.313    25.3511    31.5984      8.186     0.1894 4.5771e+00  1020.6851    25.3501    20.6672     6.9652    213.256    6.86939  210.32268    101.395 0.0000e+00
   39.12938  -72.94066      4.368      4.335    25.3547    31.6010      8.191     0.1894 4.5539e+00  1020.6865    25.3538    20.6683     6.9652    213.255    6.86959  210.32869    101.391 0.0000e+00
   39.12938  -72.94066      4.388      4.354    25.3587    31.6041      8.191     0.1759 4.5143e+00  1020.6893    25.3577    20.6694     6.9651    213.253    6.86975  210.33346    101.388 0.0000e+00
   39.12942  -72.94070      4.399      4.365    25.3639    31.6043      8.186     0.1894 4.5131e+00  1020.6887    25.3630    20.6691     6.9650    213.250    6.86991  210.33825    101.384 0.0000e+00
   39.12942  -72.94070      4.427      4.394    25.3681    31.6043      8.186     0.1894 4.5246e+00  1020.6862    25.3672    20.6675     6.9649    213.246    6.87005  210.34241    101.380 -9.990e-29
   39.12942  -72.94070      4.429      4.395    25.3721    31.6043      8.186     0.1894 4.5489e+00  1020.6847    25.3711    20.6656     6.9647    213.240    6.87018  210.34613    101.376 -9.990e-29
   39.12942  -72.94070      4.448      4.414    25.3759    31.6025      8.186     0.1759 4.5606e+00  1020.6832    25.3749    20.6631     6.9644    213.231    6.87021  210.34670    101.371 0.0000e+00
   39.12942  -72.94070      4.469      4.435    25.3799    31.5993      8.186     0.1894 4.5594e+00  1020.6780    25.3789    20.6598     6.9642    213.223    6.87007  210.34151    101.370 -9.990e-29
   39.12942  -72.94070      4.469      4.435    25.3814    31.5965      8.186     0.1759 4.5544e+00  1020.6755    25.3804    20.6572     6.9635    213.201    6.86974  210.33057    101.365 -9.990e-29
   39.12942  -72.94070      4.480      4.446    25.3807    31.5945      8.186     0.1759 4.5533e+00  1020.6754    25.3798    20.6554     6.9628    213.181    6.86950  210.32383    101.358 -9.990e-29
   39.12942  -72.94070      4.480      4.446    25.3824    31.5924      8.186     0.1894 4.5612e+00  1020.6719    25.3814    20.6536     6.9624    213.170    6.86931  210.31917    101.355 -9.990e-29
   39.12942  -72.94070      4.518      4.484    25.3824    31.5924      8.186     0.1759 4.5179e+00  1020.6710    25.3814    20.6528     6.9620    213.157    6.86909  210.31164    101.353 -9.990e-29
   39.12942  -72.94070      4.519      4.485    25.3817    31.5922      8.186     0.1894 4.5042e+00  1020.6728    25.3807    20.6534     6.9614    213.138    6.86868  210.29824    101.350 -9.990e-29
   39.12942  -72.94070      4.529      4.495    25.3822    31.5918      8.186     0.1894 4.5120e+00  1020.6744    25.3812    20.6537     6.9561    212.975    6.86822  210.28420    101.280 0.0000e+00
   39.12942  -72.94070      4.540      4.506    25.3846    31.5918      8.186     0.1894 4.4857e+00  1020.6722    25.3836    20.6526     6.9600    213.095    6.86776  210.27062    101.343 0.0000e+00
   39.12942  -72.94070      4.559      4.525    25.3856    31.5897      8.186     0.1759 4.4683e+00  1020.6696    25.3846    20.6508     6.9550    212.943    6.86736  210.25901    101.276 0.0000e+00
   39.12942  -72.94070      4.570      4.536    25.3842    31.5880      8.191     0.1894 4.4635e+00  1020.6687    25.3832    20.6498     6.9541    212.915    6.86693  210.24628    101.269 0.0000e+00
   39.12942  -72.94070      4.590      4.555    25.3824    31.5873      8.186     0.1894 4.4462e+00  1020.6691    25.3814    20.6497     6.9535    212.897    6.86654  210.23489    101.266 0.0000e+00
