CalculateIndicators/WaterTemperature/Data/CTD_NYOS/202200727_C06.cnv
* Sea-Bird SBE 9 Data File:
* FileName = C:\Seabird 9 CTD\Data\2022\202207_offshore\202200727_C06.hex
* Software Version Seasave V 7.23.2
* Temperature SN = 4590
* Conductivity SN = 3228
* Number of Bytes Per Scan = 44
* Number of Voltage Words = 5
* Number of Scans Averaged by the Deck Unit = 1
* NMEA Latitude = 39 28.56 N
* NMEA Longitude = 073 04.13 W
* NMEA UTC (Time) = Dec 11 2002  10:11:30
* NMEA baud rate = 4800
** Ship: seawolf
** Station: 6.4
** Operator: TDK
# nquan = 18
# nvalues = 17748                       
# units = specified
# name 0 = latitude: Latitude [deg]
# name 1 = longitude: Longitude [deg]
# name 2 = prDM: Pressure, Digiquartz [db]
# name 3 = depSM: Depth [salt water, m]
# name 4 = t090C: Temperature [ITS-90, deg C]
# name 5 = sal00: Salinity, Practical [PSU]
# name 6 = ph: pH
# name 7 = flECO-AFL: Fluorescence, WET Labs ECO-AFL/FL [mg/m^3]
# name 8 = cpar: CPAR/Corrected Irradiance [%]
# name 9 = density00: Density [density, kg/m^3]
# name 10 = potemp090C: Potential Temperature [ITS-90, deg C]
# name 11 = sigma-é00: Density [sigma-theta, kg/m^3]
# name 12 = sbeox0Mg/L: Oxygen, SBE 43 [mg/l]
# name 13 = sbox0Mm/Kg: Oxygen, SBE 43 [umol/kg]
# name 14 = oxsolMg/L: Oxygen Saturation, Garcia & Gordon [mg/l]
# name 15 = oxsolMm/Kg: Oxygen Saturation, Garcia & Gordon [umol/kg]
# name 16 = sbeox0PS: Oxygen, SBE 43 [% saturation]
# name 17 = flag:  0.000e+00
# span 0 =   39.47540,   39.47610       
# span 1 =  -73.06884,  -73.06788       
# span 2 =      1.514,     63.090       
# span 3 =      1.503,     62.600       
# span 4 =     8.6290,    25.0131       
# span 5 =    31.3649,    33.1996       
# span 6 =      7.966,      8.219       
# span 7 =    -0.0255,     2.0697       
# span 8 = 1.9477e-12, 4.5000e+01       
# span 9 =  1020.7157,  1026.0348       
# span 10 =     8.6235,    25.0122      
# span 11 =    20.7045,    25.7477      
# span 12 =     6.8892,     9.2057      
# span 13 =    210.894,    280.554      
# span 14 =    6.90149,    9.41840      
# span 15 =  211.28329,  286.96852      
# span 16 =     77.955,    107.040      
# span 17 = 0.0000e+00, 0.0000e+00      
# interval = seconds: 0.0416667
# start_time = Jul 27 2022 10:11:31 [System UTC, first data scan.]
# bad_flag = -9.990e-29
*END*
[from data line 13267]
   39.47554  -73.06804     12.357     12.263    24.9898    31.6138      8.219     0.3908 3.5948e+00  1020.8411    24.9871    20.7883     6.9686    213.338    6.90249  211.31360    100.958 -9.990e-29
   39.47554  -73.06804     12.360     12.266    24.9900    31.6140      8.219     0.3908 3.5948e+00  1020.8413    24.9873    20.7885     6.9692    213.357    6.90240  211.31088    100.968 -9.990e-29
   39.47554  -73.06804     12.367     12.272    24.9898    31.6141      8.219     0.3908 3.5948e+00  1020.8413    24.9871    20.7886     6.9743    213.514    6.90237  211.31012    101.043 -9.990e-29
   39.47554  -73.06804     12.377     12.282    24.9894    31.6143      8.219     0.3908 3.5948e+00  1020.8416    24.9868    20.7888     6.9706    213.400    6.90232  211.30859    100.990 -9.990e-29
   39.47554  -73.06804     12.390     12.296    24.9894    31.6145      8.219     0.3908 3.6054e+00  1020.8418    24.9868    20.7890     6.9711    213.414    6.90226  211.30670    100.997 -9.990e-29
   39.47554  -73.06804     12.388     12.293    24.9889    31.6150      8.219     0.3908 3.6054e+00  1020.8424    24.9862    20.7894     6.9716    213.429    6.90221  211.30512    101.005 -9.990e-29
   39.47554  -73.06804     12.411     12.316    24.9891    31.6150      8.219     0.3908 3.6054e+00  1020.8429    24.9864    20.7898     6.9721    213.445    6.90216  211.30373    101.013 -9.990e-29
   39.47554  -73.06804     12.418     12.323    24.9889    31.6150      8.219     0.3908 3.5948e+00  1020.8432    24.9862    20.7897     6.9727    213.463    6.90215  211.30342    101.022 -9.990e-29
   39.47554  -73.06804     12.438     12.343    24.9896    31.6153      8.219     0.4043 3.5948e+00  1020.8420    24.9869    20.7893     6.9733    213.481    6.90212  211.30254    101.031 -9.990e-29
   39.47554  -73.06804     12.441     12.346    24.9898    31.6153      8.219     0.3908 3.5948e+00  1020.8422    24.9871    20.7892     6.9783    213.635    6.90213  211.30295    101.104 -9.990e-29
   39.47554  -73.06804     12.458     12.362    24.9901    31.6153      8.219     0.3908 3.5738e+00  1020.8428    24.9875    20.7894     6.9789    213.653    6.90211  211.30244    101.112 -9.990e-29
   39.47554  -73.06804     12.448     12.353    24.9909    31.6155      8.219     0.3908 3.5633e+00  1020.8425    24.9882    20.7894     6.9748    213.529    6.90208  211.30175    101.054 -9.990e-29
   39.47554  -73.06804     12.502     12.406    24.9911    31.6155      8.219     0.3774 3.5633e+00  1020.8427    24.9884    20.7893     6.9799    213.684    6.90211  211.30252    101.127 -9.990e-29
   39.47554  -73.06804     12.499     12.403    24.9916    31.6156      8.219     0.3640 3.5633e+00  1020.8426    24.9889    20.7892     6.9805    213.703    6.90211  211.30259    101.136 -9.990e-29
   39.47554  -73.06804     12.513     12.417    24.9919    31.6156      8.219     0.3640 3.5528e+00  1020.8421    24.9893    20.7890     6.9812    213.724    6.90214  211.30360    101.145 -9.990e-29
   39.47554  -73.06804     12.529     12.433    24.9923    31.6157      8.219     0.3640 3.5528e+00  1020.8424    24.9896    20.7891     6.9818    213.741    6.90210  211.30230    101.154 -9.990e-29
   39.47554  -73.06804     12.560     12.463    24.9927    31.6163      8.219     0.3640 3.5320e+00  1020.8430    24.9900    20.7894     6.9870    213.902    6.90209  211.30187    101.231 -9.990e-29
   39.47554  -73.06804     12.562     12.466    24.9930    31.6171      8.219     0.3640 3.5216e+00  1020.8433    24.9904    20.7898     6.9876    213.920    6.90208  211.30144    101.239 -9.990e-29
   39.47554  -73.06804     12.590     12.494    24.9941    31.6180      8.219     0.3640 3.5216e+00  1020.8443    24.9914    20.7902     6.9882    213.938    6.90209  211.30172    101.248 -9.990e-29
   39.47554  -73.06804     12.604     12.507    24.9961    31.6180      8.219     0.3640 3.5113e+00  1020.8441    24.9934    20.7901     6.9888    213.955    6.90207  211.30131    101.256 -9.990e-29
   39.47554  -73.06804     12.631     12.534    24.9977    31.6180      8.219     0.3640 3.5113e+00  1020.8438    24.9950    20.7896     6.9896    213.980    6.90210  211.30231    101.267 -9.990e-29
   39.47554  -73.06804     12.641     12.544    24.9993    31.6177      8.219     0.3640 3.5113e+00  1020.8427    24.9966    20.7885     6.9902    213.999    6.90216  211.30439    101.275 -9.990e-29
   39.47554  -73.06804     12.664     12.567    25.0010    31.6160      8.219     0.3640 3.4907e+00  1020.8412    24.9983    20.7868     6.9908    214.019    6.90231  211.30884    101.283 -9.990e-29
   39.47554  -73.06804     12.682     12.585    25.0020    31.6128      8.219     0.3640 3.4702e+00  1020.8389    24.9993    20.7841     6.9958    214.172    6.90242  211.31215    101.354 -9.990e-29
   39.47556  -73.06802     12.705     12.608    25.0021    31.6093      8.219     0.3640 3.4600e+00  1020.8340    24.9994    20.7816     6.9967    214.198    6.90257  211.31662    101.364 -9.990e-29
   39.47556  -73.06802     12.731     12.634    24.9986    31.6084      8.219     0.3640 3.4600e+00  1020.8345    24.9959    20.7811     6.9973    214.218    6.90277  211.32260    101.370 -9.990e-29
   39.47556  -73.06802     12.745     12.648    24.9954    31.6084      8.219     0.3640 3.4397e+00  1020.8371    24.9927    20.7823     6.9978    214.232    6.90288  211.32590    101.375 -9.990e-29
   39.47556  -73.06802     12.763     12.665    24.9932    31.6084      8.219     0.3640 3.4397e+00  1020.8380    24.9905    20.7832     6.9983    214.246    6.90299  211.32909    101.380 -9.990e-29
   39.47556  -73.06802     12.782     12.685    24.9916    31.6084      8.219     0.3640 3.4296e+00  1020.8379    24.9888    20.7838     6.9986    214.257    6.90305  211.33088    101.385 -9.990e-29
   39.47556  -73.06802     12.806     12.708    24.9889    31.6089      8.219     0.3640 3.3995e+00  1020.8394    24.9862    20.7850     6.9940    214.116    6.90311  211.33269    101.317 -9.990e-29
   39.47556  -73.06802     12.824     12.726    24.9862    31.6098      8.219     0.3640 3.3895e+00  1020.8415    24.9834    20.7863     6.9987    214.260    6.90319  211.33494    101.384 -9.990e-29
   39.47556  -73.06802     12.847     12.749    24.9844    31.6103      8.219     0.3640 3.3795e+00  1020.8424    24.9816    20.7873     6.9992    214.275    6.90325  211.33683    101.390 -9.990e-29
   39.47556  -73.06802     12.874     12.776    24.9831    31.6108      8.219     0.3640 3.3696e+00  1020.8428    24.9803    20.7881     6.9995    214.283    6.90337  211.34087    101.392 -9.990e-29
   39.47556 -9.990e-29     12.887     12.788    24.9815    31.6118      8.219     0.3640 3.3597e+00  1020.8439    24.9788    20.7893     6.9994    214.281    6.90348  211.34408    101.390 -9.990e-29
   39.47556 -9.990e-29     12.914     12.816    24.9804    31.6135      8.219     0.3640 3.3597e+00  1020.8464    24.9776    20.7909     6.9995    214.283    6.90349  211.34434    101.391 -9.990e-29
   39.47556 -9.990e-29     12.935     12.836    24.9804    31.6146      8.219     0.3640 3.3301e+00  1020.8476    24.9776    20.7918     6.9996    214.285    6.90355  211.34596    101.391 -9.990e-29
   39.47556 -9.990e-29     12.949     12.850    24.9810    31.6148      8.219     0.3640 3.3105e+00  1020.8471    24.9782    20.7919     6.9997    214.290    6.90375  211.35239    101.390 -9.990e-29
   39.47556 -9.990e-29     12.965     12.866    24.9811    31.6154      8.219     0.3774 3.3008e+00  1020.8466    24.9783    20.7922     6.9999    214.294    6.90371  211.35096    101.393 -9.990e-29
   39.47556 -9.990e-29     12.989     12.889    24.9806    31.6179      8.219     0.3908 3.2911e+00  1020.8486    24.9778    20.7941     6.9998    214.292    6.90373  211.35136    101.391 -9.990e-29
   39.47556 -9.990e-29     13.016     12.917    24.9811    31.6217      8.219     0.3908 3.2621e+00  1020.8535    24.9784    20.7966     7.0043    214.431    6.90379  211.35313    101.456 -9.990e-29
   39.47556 -9.990e-29     13.019     12.919    24.9851    31.6230      8.219     0.3908 3.2621e+00  1020.8545    24.9823    20.7976     7.0044    214.434    6.90383  211.35425    101.457 -9.990e-29
   39.47556 -9.990e-29     13.046     12.947    24.9896    31.6230      8.219     0.3908 3.2621e+00  1020.8526    24.9868    20.7965     6.9998    214.292    6.90386  211.35513    101.390 -9.990e-29
   39.47556 -9.990e-29     13.060     12.960    24.9936    31.6230      8.219     0.3908 3.2429e+00  1020.8501    24.9908    20.7943     6.9996    214.285    6.90392  211.35724    101.385 -9.990e-29
   39.47556 -9.990e-29     13.077     12.977    24.9970    31.6213      8.219     0.3908 3.2429e+00  1020.8476    24.9942    20.7920     7.0039    214.417    6.90392  211.35694    101.448 -9.990e-29
   39.47556 -9.990e-29     13.088     12.988    24.9993    31.6197      8.219     0.3908 3.2334e+00  1020.8457    24.9965    20.7901     7.0037    214.411    6.90387  211.35562    101.446 -9.990e-29
   39.47556 -9.990e-29     13.110     13.009    25.0013    31.6184      8.219     0.3908 3.2049e+00  1020.8443    24.9985    20.7886     7.0035    214.406    6.90389  211.35607    101.443 -9.990e-29
   39.47556 -9.990e-29     13.118     13.018    25.0025    31.6175      8.219     0.3908 3.1954e+00  1020.8432    24.9997    20.7874     7.0036    214.408    6.90394  211.35746    101.443 -9.990e-29
   39.47556 -9.990e-29     13.141     13.041    25.0039    31.6169      8.219     0.3908 3.1954e+00  1020.8425    25.0011    20.7866     7.0082    214.550    6.90396  211.35819    101.510 -9.990e-29
   39.47554 -9.990e-29     13.137     13.037    25.0047    31.6164      8.219     0.4043 3.1766e+00  1020.8420    25.0019    20.7859     7.0037    214.413    6.90395  211.35790    101.445 -9.990e-29
   39.47554 -9.990e-29     13.161     13.060    25.0057    31.6160      8.219     0.3908 3.1672e+00  1020.8414    25.0029    20.7854     7.0082    214.550    6.90391  211.35672    101.511 -9.990e-29
   39.47554 -9.990e-29     13.169     13.068    25.0060    31.6157      8.219     0.3908 3.1672e+00  1020.8412    25.0032    20.7849     7.0083    214.551    6.90389  211.35605    101.512 -9.990e-29
   39.47554 -9.990e-29     13.181     13.080    25.0066    31.6155      8.219     0.3908 3.1579e+00  1020.8407    25.0038    20.7847     7.0086    214.562    6.90395  211.35798    101.516 -9.990e-29
   39.47554 -9.990e-29     13.188     13.087    25.0071    31.6154      8.219     0.3908 3.1486e+00  1020.8407    25.0042    20.7845     7.0087    214.563    6.90402  211.36033    101.515 -9.990e-29
   39.47554 -9.990e-29     13.191     13.090    25.0075    31.6153      8.219     0.3908 3.1486e+00  1020.8406    25.0047    20.7842     7.0087    214.565    6.90415  211.36382    101.515 -9.990e-29
   39.47554 -9.990e-29     13.199     13.098    25.0080    31.6151      8.219     0.3908 3.1208e+00  1020.8403    25.0052    20.7840     7.0133    214.707    6.90422  211.36600    101.581 -9.990e-29
   39.47554 -9.990e-29     13.211     13.110    25.0082    31.6149      8.219     0.3908 3.1024e+00  1020.8400    25.0054    20.7837     7.0135    214.711    6.90428  211.36780    101.582 -9.990e-29
   39.47554 -9.990e-29     13.209     13.108    25.0085    31.6147      8.219     0.3908 3.1024e+00  1020.8399    25.0057    20.7835     7.0089    214.571    6.90436  211.37036    101.514 -9.990e-29
   39.47554 -9.990e-29     13.222     13.121    25.0084    31.6145      8.219     0.3908 3.1116e+00  1020.8399    25.0056    20.7833     7.0134    214.708    6.90444  211.37266    101.578 -9.990e-29
   39.47554 -9.990e-29     13.209     13.108    25.0088    31.6142      8.219     0.3908 3.1116e+00  1020.8393    25.0059    20.7831     7.0090    214.572    6.90452  211.37505    101.513 -9.990e-29
   39.47554 -9.990e-29     13.218     13.117    25.0090    31.6140      8.219     0.3908 3.1024e+00  1020.8391    25.0062    20.7828     7.0088    214.569    6.90455  211.37589    101.511 -9.990e-29
   39.47554 -9.990e-29     13.222     13.121    25.0088    31.6139      8.219     0.3908 3.1116e+00  1020.8394    25.0059    20.7828     7.0131    214.698    6.90453  211.37538    101.572 -9.990e-29
   39.47554 -9.990e-29     13.218     13.117    25.0089    31.6139      8.219     0.3774 3.1116e+00  1020.8391    25.0060    20.7827     7.0085    214.557    6.90458  211.37660    101.505 -9.990e-29
   39.47554 -9.990e-29     13.223     13.121    25.0088    31.6139      8.219     0.3774 3.1116e+00  1020.8388    25.0059    20.7826     7.0128    214.690    6.90456  211.37602    101.568 -9.990e-29
   39.47554 -9.990e-29     13.209     13.108    25.0089    31.6139      8.219     0.3774 3.1116e+00  1020.8392    25.0060    20.7829     7.0128    214.688    6.90458  211.37667    101.567 -9.990e-29
   39.47554 -9.990e-29     13.212     13.110    25.0088    31.6143      8.219     0.3774 3.1024e+00  1020.8397    25.0059    20.7831     7.0126    214.684    6.90458  211.37657    101.565 -9.990e-29
   39.47554 -9.990e-29     13.209     13.108    25.0089    31.6143      8.219     0.3774 3.1024e+00  1020.8396    25.0060    20.7832     7.0174    214.829    6.90460  211.37734    101.633 -9.990e-29
   39.47554 -9.990e-29     13.202     13.101    25.0088    31.6143      8.219     0.3774 3.1024e+00  1020.8397    25.0059    20.7832     7.0130    214.695    6.90461  211.37745    101.569 -9.990e-29
   39.47554 -9.990e-29     13.188     13.087    25.0090    31.6141      8.219     0.3774 3.1024e+00  1020.8392    25.0062    20.7829     7.0176    214.837    6.90461  211.37755    101.636 -9.990e-29
   39.47554 -9.990e-29     13.181     13.080    25.0089    31.6133      8.219     0.3774 3.1024e+00  1020.8389    25.0061    20.7823     7.0131    214.699    6.90461  211.37764    101.572 -9.990e-29
   39.47554 -9.990e-29     13.179     13.078    25.0090    31.6123      8.219     0.3774 3.1024e+00  1020.8375    25.0062    20.7816     7.0176    214.838    6.90459  211.37690    101.637 -9.990e-29
   39.47554 -9.990e-29     13.161     13.060    25.0081    31.6117      8.219     0.3774 3.1116e+00  1020.8372    25.0052    20.7813     7.0131    214.697    6.90458  211.37647    101.571 -9.990e-29
   39.47554 -9.990e-29     13.158     13.057    25.0071    31.6117      8.219     0.3774 3.1208e+00  1020.8376    25.0042    20.7816     7.0128    214.689    6.90453  211.37507    101.568 -9.990e-29
   39.47556 -9.990e-29     13.141     13.041    25.0057    31.6117      8.219     0.3774 3.1208e+00  1020.8381    25.0029    20.7821     7.0128    214.688    6.90450  211.37407    101.568 -9.990e-29
   39.47556 -9.990e-29     13.128     13.027    25.0040    31.6120      8.219     0.3774 3.1300e+00  1020.8386    25.0012    20.7827     7.0127    214.685    6.90442  211.37162    101.568 -9.990e-29
   39.47556 -9.990e-29     13.110     13.010    25.0028    31.6125      8.219     0.3774 3.1393e+00  1020.8394    25.0000    20.7835     7.0125    214.681    6.90437  211.37037    101.566 -9.990e-29
   39.47556 -9.990e-29     13.107     13.007    25.0017    31.6130      8.219     0.3774 3.1393e+00  1020.8402    24.9989    20.7842     7.0124    214.678    6.90435  211.36984    101.565 -9.990e-29
   39.47556 -9.990e-29     13.088     12.988    25.0010    31.6134      8.219     0.3774 3.1486e+00  1020.8407    24.9982    20.7847     7.0121    214.669    6.90418  211.36457    101.563 -9.990e-29
   39.47556 -9.990e-29     13.070     12.970    25.0004    31.6134      8.219     0.3774 3.1579e+00  1020.8409    24.9976    20.7851     7.0119    214.662    6.90410  211.36217    101.561 -9.990e-29
   39.47556 -9.990e-29     13.056     12.956    24.9997    31.6134      8.219     0.3774 3.1579e+00  1020.8412    24.9969    20.7853     7.0115    214.652    6.90419  211.36533    101.555 -9.990e-29
