CalculateIndicators/WaterTemperature/Data/CTD_NYOS/202200729_C18.cnv
* Sea-Bird SBE 9 Data File:
* FileName = C:\Seabird 9 CTD\Data\2022\202207_offshore\202200729_C18.hex
* Software Version Seasave V 7.23.2
* Temperature SN = 4590
* Conductivity SN = 3228
* Number of Bytes Per Scan = 44
* Number of Voltage Words = 5
* Number of Scans Averaged by the Deck Unit = 1
* NMEA Latitude = 39 48.71 N
* NMEA Longitude = 072 29.86 W
* NMEA UTC (Time) = Dec 13 2002  04:22:12
* NMEA baud rate = 4800
** Ship: seawolf
** Station: 4.4
** Operator: TDK
# nquan = 18
# nvalues = 14185                       
# units = specified
# name 0 = latitude: Latitude [deg]
# name 1 = longitude: Longitude [deg]
# name 2 = prDM: Pressure, Digiquartz [db]
# name 3 = depSM: Depth [salt water, m]
# name 4 = t090C: Temperature [ITS-90, deg C]
# name 5 = sal00: Salinity, Practical [PSU]
# name 6 = ph: pH
# name 7 = flECO-AFL: Fluorescence, WET Labs ECO-AFL/FL [mg/m^3]
# name 8 = cpar: CPAR/Corrected Irradiance [%]
# name 9 = density00: Density [density, kg/m^3]
# name 10 = potemp090C: Potential Temperature [ITS-90, deg C]
# name 11 = sigma-é00: Density [sigma-theta, kg/m^3]
# name 12 = sbeox0Mg/L: Oxygen, SBE 43 [mg/l]
# name 13 = sbox0Mm/Kg: Oxygen, SBE 43 [umol/kg]
# name 14 = oxsolMg/L: Oxygen Saturation, Garcia & Gordon [mg/l]
# name 15 = oxsolMm/Kg: Oxygen Saturation, Garcia & Gordon [umol/kg]
# name 16 = sbeox0PS: Oxygen, SBE 43 [% saturation]
# name 17 = flag:  0.000e+00
# span 0 =   39.81182,   39.81228       
# span 1 =  -72.49766,  -72.49480       
# span 2 =      1.577,     64.284       
# span 3 =      1.565,     63.782       
# span 4 =     8.5921,    24.9062       
# span 5 =    31.3378,    34.1245       
# span 6 =      7.962,      8.221       
# span 7 =    -0.0524,     1.8414       
# span 8 = 5.0640e-11, 9.9999e+04       
# span 9 =  1020.6257,  1026.4318       
# span 10 =     8.5881,    24.9056      
# span 11 =    20.6178,    26.1439      
# span 12 =     6.4888,     9.4678      
# span 13 =    197.612,    288.825      
# span 14 =    6.92438,    9.42521      
# span 15 =  212.01822,  287.17111      
# span 16 =     72.616,    117.120      
# span 17 = 0.0000e+00, 0.0000e+00      
# interval = seconds: 0.0416667
# start_time = Jul 29 2022 04:22:11 [System UTC, first data scan.]
# bad_flag = -9.990e-29
*END*
[from data line 10533]
   39.81220  -72.49558      7.690      7.631    24.8428    31.3602      8.202     0.5252 5.0640e-11  1020.6750    24.8412    20.6418     7.3450    224.880    6.94647  212.67710    105.738 -9.990e-29
   39.81220  -72.49558      7.690      7.631    24.8487    31.3602      8.202     0.5252 5.0640e-11  1020.6721    24.8470    20.6386     7.3456    224.897    6.94705  212.69366    105.738 -9.990e-29
   39.81220  -72.49558      7.692      7.633    24.8577    31.3579      8.202     0.5252 5.0640e-11  1020.6676    24.8560    20.6345     7.3454    224.889    6.94681  212.68656    105.737 -9.990e-29
   39.81220  -72.49558      7.690      7.631    24.8676    31.3552      8.202     0.5252 5.0640e-11  1020.6622    24.8660    20.6300     7.3403    224.734    6.94667  212.68224    105.667 -9.990e-29
   39.81220  -72.49558      7.680      7.621    24.8737    31.3527      8.202     0.5252 5.0640e-11  1020.6584    24.8721    20.6262     7.3444    224.860    6.94646  212.67627    105.729 -9.990e-29
   39.81220  -72.49558      7.690      7.631    24.8777    31.3506      8.202     0.5252 5.0640e-11  1020.6559    24.8760    20.6234     7.3396    224.714    6.94643  212.67556    105.661 -9.990e-29
   39.81220  -72.49558      7.690      7.631    24.8795    31.3490      8.202     0.5252 5.0640e-11  1020.6536    24.8778    20.6216     7.3398    224.720    6.94678  212.68647    105.658 -9.990e-29
   39.81220  -72.49558      7.690      7.631    24.8777    31.3490      8.202     0.5252 5.0640e-11  1020.6532    24.8760    20.6214     7.3458    224.901    6.94815  212.72770    105.723 -9.990e-29
   39.81220  -72.49558      7.692      7.633    24.8741    31.3490      8.202     0.5252 5.0640e-11  1020.6558    24.8725    20.6225     7.3431    224.818    6.94994  212.78078    105.657 -9.990e-29
   39.81220  -72.49558      7.690      7.631    24.8734    31.3499      8.202     0.5252 5.0640e-11  1020.6568    24.8717    20.6237     7.3439    224.842    6.95105  212.81328    105.652 -9.990e-29
   39.81220  -72.49558      7.699      7.640    24.8732    31.3504      8.202     0.5252 5.0640e-11  1020.6571    24.8715    20.6242     7.3446    224.860    6.95195  212.84015    105.647 -9.990e-29
   39.81220  -72.49558      7.690      7.631    24.8726    31.3507      8.202     0.5252 5.0640e-11  1020.6575    24.8710    20.6245     7.3450    224.872    6.95261  212.85945    105.643 -9.990e-29
   39.81220  -72.49558      7.699      7.640    24.8728    31.3507      8.206     0.5252 5.0640e-11  1020.6572    24.8712    20.6246     7.3452    224.878    6.95306  212.87270    105.640 -9.990e-29
   39.81220  -72.49558      7.699      7.640    24.8726    31.3509      8.202     0.5252 5.0640e-11  1020.6577    24.8710    20.6247     7.3459    224.900    6.95391  212.89806    105.637 -9.990e-29
   39.81220  -72.49558      7.703      7.644    24.8732    31.3509      8.202     0.5252 5.0640e-11  1020.6578    24.8715    20.6247     7.3472    224.938    6.95516  212.93508    105.637 -9.990e-29
   39.81220  -72.49558      7.710      7.651    24.8746    31.3509      8.202     0.5252 5.0640e-11  1020.6576    24.8730    20.6242     7.3479    224.958    6.95584  212.95460    105.636 -9.990e-29
   39.81220  -72.49558      7.720      7.661    24.8763    31.3497      8.206     0.5252 5.0640e-11  1020.6563    24.8746    20.6233     7.3478    224.953    6.95599  212.95884    105.632 -9.990e-29
   39.81220  -72.49558      7.710      7.651    24.8750    31.3474      8.202     0.5252 5.0640e-11  1020.6547    24.8733    20.6226     7.3476    224.949    6.95612  212.96267    105.628 -9.990e-29
   39.81220  -72.49558      7.720      7.661    24.8665    31.3474      8.202     0.5252 5.0640e-11  1020.6538    24.8649    20.6242     7.3477    224.949    6.95632  212.96885    105.626 -9.990e-29
   39.81220  -72.49558      7.729      7.670    24.8432    31.3474      8.202     0.5252 5.0640e-11  1020.6613    24.8416    20.6303     7.3476    224.949    6.95645  212.97247    105.623 -9.990e-29
   39.81220  -72.49558      7.723      7.663    24.8175    31.3507      8.206     0.5252 5.0640e-11  1020.6725    24.8159    20.6408     7.3479    224.956    6.95654  212.97524    105.625 -9.990e-29
   39.81220  -72.49558      7.740      7.681    24.7925    31.3572      8.202     0.5252 5.0640e-11  1020.6880    24.7909    20.6521     7.3481    224.962    6.95675  212.98172    105.625 -9.990e-29
   39.81218  -72.49552      7.740      7.681    24.7790    31.3631      8.202     0.5252 5.0640e-11  1020.6945    24.7774    20.6609     7.3487    224.980    6.95707  212.99120    105.629 -9.990e-29
   39.81218  -72.49552      7.750      7.691    24.7720    31.3684      8.202     0.5252 5.0640e-11  1020.7013    24.7703    20.6676     7.3494    225.003    6.95742  213.00168    105.634 -9.990e-29
   39.81218  -72.49552      7.750      7.691    24.7665    31.3731      8.202     0.5252 5.0640e-11  1020.7072    24.7649    20.6729     7.3500    225.019    6.95779  213.01246    105.637 -9.990e-29
   39.81218  -72.49552      7.761      7.702    24.7630    31.3763      8.202     0.5252 5.0640e-11  1020.7096    24.7614    20.6767     7.3509    225.047    6.95819  213.02432    105.644 -9.990e-29
   39.81218  -72.49552      7.771      7.711    24.7570    31.3787      8.202     0.5252 5.0640e-11  1020.7138    24.7553    20.6799     7.3466    224.916    6.95835  213.02899    105.580 -9.990e-29
   39.81218  -72.49552      7.764      7.704    24.7546    31.3803      8.202     0.5252 5.0640e-11  1020.7159    24.7529    20.6819     7.3518    225.075    6.95853  213.03437    105.652 -9.990e-29
   39.81218  -72.49552      7.791      7.732    24.7541    31.3812      8.202     0.5252 5.0640e-11  1020.7158    24.7524    20.6831     7.3527    225.100    6.95871  213.03948    105.661 -9.990e-29
   39.81218  -72.49552      7.791      7.732    24.7503    31.3817      8.202     0.5252 5.0640e-11  1020.7181    24.7487    20.6842     7.3535    225.125    6.95884  213.04337    105.671 -9.990e-29
   39.81218  -72.49552      7.791      7.732    24.7488    31.3820      8.202     0.5252 5.0640e-11  1020.7182    24.7472    20.6853     7.3541    225.144    6.95894  213.04626    105.678 -9.990e-29
   39.81218  -72.49552      7.801      7.741    24.7447    31.3825      8.202     0.5252 5.0640e-11  1020.7196    24.7431    20.6867     7.3548    225.164    6.95906  213.04964    105.686 -9.990e-29
   39.81218  -72.49552      7.822      7.762    24.7404    31.3835      8.202     0.5252 5.0640e-11  1020.7222    24.7387    20.6887     7.3557    225.193    6.95916  213.05262    105.698 -9.990e-29
   39.81218  -72.49552      7.815      7.755    24.7372    31.3847      8.202     0.5252 5.0640e-11  1020.7242    24.7355    20.6905     7.3563    225.211    6.95911  213.05092    105.708 -9.990e-29
   39.81218  -72.49552      7.822      7.762    24.7344    31.3857      8.207     0.5252 5.0640e-11  1020.7253    24.7328    20.6922     7.3568    225.227    6.95896  213.04634    105.717 -9.990e-29
   39.81218  -72.49552      7.831      7.771    24.7306    31.3870      8.202     0.5252 5.0640e-11  1020.7276    24.7290    20.6940     7.3619    225.383    6.95865  213.03680    105.795 -9.990e-29
   39.81218  -72.49552      7.842      7.782    24.7281    31.3877      8.207     0.5252 5.0640e-11  1020.7300    24.7264    20.6953     7.3624    225.399    6.95819  213.02341    105.809 -9.990e-29
   39.81218  -72.49552      7.852      7.792    24.7319    31.3877      8.202     0.5252 5.0640e-11  1020.7298    24.7303    20.6947     7.3579    225.262    6.95768  213.00840    105.753 -9.990e-29
   39.81218  -72.49552      7.852      7.792    24.7407    31.3877      8.202     0.5520 5.0640e-11  1020.7256    24.7391    20.6922     7.3633    225.427    6.95752  213.00382    105.832 -9.990e-29
   39.81218  -72.49552      7.872      7.812    24.7458    31.3856      8.202     0.6595 5.0640e-11  1020.7223    24.7441    20.6893     7.3645    225.462    6.95753  213.00422    105.849 -9.990e-29
   39.81218  -72.49552      7.875      7.815    24.7467    31.3838      8.207     0.6863 5.0640e-11  1020.7202    24.7450    20.6877     7.3656    225.496    6.95765  213.00780    105.863 -9.990e-29
   39.81218  -72.49552      7.872      7.812    24.7432    31.3832      8.207     0.6863 5.0640e-11  1020.7209    24.7416    20.6877     7.3666    225.526    6.95790  213.01488    105.873 -9.990e-29
   39.81218  -72.49552      7.892      7.831    24.7407    31.3832      8.202     0.6863 5.0640e-11  1020.7226    24.7391    20.6884     7.3672    225.546    6.95783  213.01305    105.884 -9.990e-29
   39.81218  -72.49552      7.892      7.831    24.7387    31.3832      8.207     0.6863 5.0640e-11  1020.7215    24.7371    20.6896     7.3724    225.706    6.95763  213.00714    105.962 -9.990e-29
   39.81218  -72.49552      7.912      7.852    24.7302    31.3847      8.202     0.6729 5.0640e-11  1020.7258    24.7285    20.6925     7.3734    225.736    6.95761  213.00619    105.976 -9.990e-29
   39.81218  -72.49552      7.912      7.852    24.7238    31.3872      8.207     0.6863 5.0640e-11  1020.7313    24.7221    20.6960     7.3742    225.762    6.95746  213.00177    105.991 -9.990e-29
   39.81220  -72.49556      7.912      7.852    24.7223    31.3888      8.202     0.6863 5.0640e-11  1020.7316    24.7207    20.6985     7.3755    225.801    6.95766  213.00773    106.006 -9.990e-29
   39.81220  -72.49556      7.936      7.875    24.7167    31.3902      8.207     0.6863 5.0640e-11  1020.7346    24.7151    20.7010     7.3767    225.837    6.95802  213.01833    106.018 -9.990e-29
   39.81220  -72.49556      7.933      7.872    24.7099    31.3923      8.202     0.6863 5.0640e-11  1020.7378    24.7082    20.7043     7.3823    226.008    6.95835  213.02826    106.093 -9.990e-29
   39.81220  -72.49556      7.943      7.882    24.7036    31.3946      8.202     0.6863 5.0640e-11  1020.7431    24.7019    20.7072     7.3787    225.896    6.95858  213.03502    106.037 -9.990e-29
   39.81220  -72.49556      7.954      7.893    24.7056    31.3946      8.207     0.6863 5.0640e-11  1020.7425    24.7039    20.7082     7.3793    225.914    6.95867  213.03782    106.044 -9.990e-29
   39.81220  -72.49556      7.963      7.902    24.7068    31.3946      8.207     0.6863 5.0640e-11  1020.7420    24.7051    20.7076     7.3842    226.065    6.95847  213.03147    106.118 -9.990e-29
   39.81220  -72.49556      7.973      7.912    24.7090    31.3945      8.207     0.6863 5.0640e-11  1020.7404    24.7073    20.7066     7.3837    226.049    6.95763  213.00641    106.123 -9.990e-29
   39.81220  -72.49556      7.973      7.912    24.7095    31.3932      8.207     0.6863 5.0640e-11  1020.7396    24.7078    20.7057     7.3834    226.042    6.95686  212.98382    106.131 -9.990e-29
   39.81220  -72.49556      7.966      7.905    24.7075    31.3932      8.207     0.6863 5.0640e-11  1020.7381    24.7058    20.7060     7.3880    226.183    6.95642  212.97104    106.203 -9.990e-29
   39.81220  -72.49556      8.014      7.953    24.6964    31.3932      8.202     0.6863 5.0640e-11  1020.7411    24.6947    20.7092     7.3884    226.196    6.95628  212.96690    106.212 -9.990e-29
   39.81220  -72.49556      8.003      7.942    24.6796    31.3954      8.207     0.6863 5.0640e-11  1020.7500    24.6779    20.7152     7.3891    226.217    6.95617  212.96376    106.223 -9.990e-29
   39.81220  -72.49556      8.014      7.953    24.6690    31.3992      8.202     0.6863 5.0640e-11  1020.7565    24.6673    20.7214     7.3941    226.371    6.95601  212.95892    106.298 -9.990e-29
   39.81220  -72.49556      8.024      7.962    24.6605    31.4024      8.202     0.6863 5.0640e-11  1020.7610    24.6588    20.7264     7.3946    226.386    6.95582  212.95300    106.308 -9.990e-29
   39.81220  -72.49556      8.035      7.973    24.6540    31.4049      8.207     0.6863 5.0640e-11  1020.7652    24.6523    20.7303     7.3949    226.396    6.95553  212.94436    106.317 -9.990e-29
   39.81220  -72.49556      8.044      7.983    24.6497    31.4069      8.207     0.6863 5.0640e-11  1020.7678    24.6480    20.7336     7.3994    226.535    6.95487  212.92420    106.392 -9.990e-29
   39.81220  -72.49556      8.054      7.992    24.6423    31.4090      8.207     0.6863 5.0640e-11  1020.7707    24.6406    20.7374     7.3982    226.499    6.95317  212.87407    106.401 -9.990e-29
   39.81220  -72.49556      8.047      7.985    24.6307    31.4120      8.207     0.6729 5.0640e-11  1020.7770    24.6290    20.7423     7.3974    226.477    6.95190  212.83686    106.409 -9.990e-29
   39.81220  -72.49556      8.075      8.013    24.6235    31.4154      8.207     0.5923 5.0640e-11  1020.7828    24.6218    20.7469     7.4024    226.630    6.95159  212.82747    106.485 -9.990e-29
   39.81220  -72.49556      8.075      8.013    24.6215    31.4175      8.207     0.5386 5.0640e-11  1020.7849    24.6198    20.7494     7.4079    226.797    6.95151  212.82527    106.565 -9.990e-29
   39.81220  -72.49556      8.084      8.022    24.6206    31.4182      8.203     0.5386 5.0640e-11  1020.7850    24.6189    20.7505     7.4084    226.814    6.95112  212.81408    106.579 -9.990e-29
   39.81220  -72.49556      8.095      8.033    24.6188    31.4184      8.207     0.5386 5.0640e-11  1020.7857    24.6171    20.7512     7.4087    226.823    6.95057  212.79844    106.591 -9.990e-29
   39.81220  -72.49556      8.105      8.043    24.6175    31.4185 -9.990e-29     0.5386 5.0640e-11  1020.7867    24.6158    20.7517     7.4100    226.863    6.95093  212.80932    106.604 -9.990e-29
   39.81220  -72.49556      8.105      8.043    24.6170    31.4186 -9.990e-29     0.5252 5.0640e-11  1020.7864    24.6153    20.7520     7.4160    227.047    6.95141  212.82343    106.683 -9.990e-29
   39.81220  -72.49556      8.125      8.063    24.6152    31.4186 -9.990e-29     0.5386 5.0640e-11  1020.7871    24.6134    20.7524     7.4176    227.095    6.95198  212.83992    106.698 -9.990e-29
   39.81220  -72.49556      8.114      8.052    24.6126    31.4187 -9.990e-29     0.5386 5.0640e-11  1020.7875    24.6109    20.7533     7.4234    227.271    6.95216  212.84517    106.778 -9.990e-29
   39.81220  -72.49556      8.128      8.066    24.6094    31.4194 -9.990e-29     0.5386 5.0640e-11  1020.7891    24.6077    20.7547     7.4242    227.297    6.95207  212.84226    106.791 -9.990e-29
   39.81220  -72.49556      8.135      8.073    24.6058    31.4206 -9.990e-29     0.5386 5.0640e-11  1020.7916    24.6041    20.7566     7.4299    227.471    6.95215  212.84490    106.872 -9.990e-29
   39.81220  -72.49556      8.146      8.084    24.6021    31.4218 -9.990e-29     0.5386 5.0640e-11  1020.7936    24.6003    20.7584     7.4270    227.382    6.95282  212.86450    106.820 -9.990e-29
   39.81220  -72.49556      8.146      8.084    24.6004    31.4227 -9.990e-29     0.5386 5.0640e-11  1020.7947    24.5987    20.7598     7.4279    227.407    6.95295  212.86789    106.830 -9.990e-29
   39.81220  -72.49556      8.146      8.084    24.5987    31.4234 -9.990e-29     0.5386 5.0640e-11  1020.7957    24.5970    20.7609     7.4320    227.535    6.95227  212.84748    106.901 -9.990e-29
   39.81220  -72.49556      8.165      8.103    24.5970    31.4242 -9.990e-29     0.5386 5.0640e-11  1020.7969    24.5953    20.7620     7.4318    227.530    6.95155  212.82641    106.909 -9.990e-29
   39.81220  -72.49556      8.156      8.093    24.5956    31.4249 -9.990e-29     0.5386 5.0640e-11  1020.7980    24.5938    20.7629     7.4324    227.548    6.95158  212.82757    106.917 -9.990e-29
   39.81220  -72.49556      8.165      8.103    24.5947    31.4255 -9.990e-29     0.5386 5.0640e-11  1020.7983    24.5930    20.7636     7.4381    227.721    6.95199  212.83920    106.992 -9.990e-29
   39.81220  -72.49556      8.165      8.103    24.5934    31.4262 -9.990e-29     0.5386 5.0640e-11  1020.7995    24.5917    20.7645     7.4378    227.714    6.95131  212.81859    106.999 -9.990e-29
