CalculateIndicators/WaterTemperature/Data/CTD_NYOS/202200726_C01.cnv
* Sea-Bird SBE 9 Data File:
* FileName = C:\Seabird 9 CTD\Data\2022\202207_offshore\202200726_C01.hex
* Software Version Seasave V 7.23.2
* Temperature SN = 4590
* Conductivity SN = 3228
* Number of Bytes Per Scan = 44
* Number of Voltage Words = 5
* Number of Scans Averaged by the Deck Unit = 1
* NMEA Latitude = 40 57.59 N
* NMEA Longitude = 073 34.81 W
* NMEA UTC (Time) = Dec 10 2002  14:00:53
* NMEA baud rate = 4800
** Ship: seawolf
** Station: LIS_ARIG
** Operator: TDK
# nquan = 18
# nvalues = 11404                       
# units = specified
# name 0 = latitude: Latitude [deg]
# name 1 = longitude: Longitude [deg]
# name 2 = prDM: Pressure, Digiquartz [db]
# name 3 = depSM: Depth [salt water, m]
# name 4 = t090C: Temperature [ITS-90, deg C]
# name 5 = sal00: Salinity, Practical [PSU]
# name 6 = ph: pH
# name 7 = flECO-AFL: Fluorescence, WET Labs ECO-AFL/FL [mg/m^3]
# name 8 = cpar: CPAR/Corrected Irradiance [%]
# name 9 = density00: Density [density, kg/m^3]
# name 10 = potemp090C: Potential Temperature [ITS-90, deg C]
# name 11 = sigma-é00: Density [sigma-theta, kg/m^3]
# name 12 = sbeox0Mg/L: Oxygen, SBE 43 [mg/l]
# name 13 = sbox0Mm/Kg: Oxygen, SBE 43 [umol/kg]
# name 14 = oxsolMg/L: Oxygen Saturation, Garcia & Gordon [mg/l]
# name 15 = oxsolMm/Kg: Oxygen Saturation, Garcia & Gordon [umol/kg]
# name 16 = sbeox0PS: Oxygen, SBE 43 [% saturation]
# name 17 = flag:  0.000e+00
# span 0 =   40.95994,   40.95998       
# span 1 =  -73.58024,  -73.58004       
# span 2 =      1.528,     13.324       
# span 3 =      1.516,     13.220       
# span 4 =    19.0104,    22.9983       
# span 5 =    26.9958,    28.1797       
# span 6 =      7.563,      7.884       
# span 7 =     0.2834,     3.1711       
# span 8 = 4.6491e-02, 2.2275e+01       
# span 9 =  1017.8948,  1019.8712       
# span 10 =    19.0081,    22.9979      
# span 11 =    17.8880,    19.8128      
# span 12 =     3.3208,     6.6965      
# span 13 =    101.804,    205.463      
# span 14 =    7.34086,    7.84436      
# span 15 =  225.37338,  240.37747      
# span 16 =     42.892,     90.267      
# span 17 = 0.0000e+00, 0.0000e+00      
# interval = seconds: 0.0416667
# start_time = Jul 26 2022 14:00:51 [System UTC, first data scan.]
# bad_flag = -9.990e-29
*END*
[from data line 11096]
   40.95994  -73.58004      3.147      3.123    22.2288    27.2003 -9.990e-29     2.6875 9.1929e+00  1018.2557    22.2282    18.2418     5.8627    179.926    7.43674  228.23421     78.834 -9.990e-29
   40.95994  -73.58004      3.158      3.134    22.2299    27.2003 -9.990e-29     2.6875 9.1929e+00  1018.2543    22.2292    18.2412     5.8635    179.950    7.43653  228.22798     78.847 -9.990e-29
   40.95994  -73.58004      3.147      3.123    22.2293    27.2003 -9.990e-29     2.6875 9.1929e+00  1018.2538    22.2287    18.2418     5.8636    179.956    7.43602  228.21315     78.854 -9.990e-29
   40.95994  -73.58004      3.147      3.123    22.2235    27.2020 -9.990e-29     2.6875 9.1929e+00  1018.2574    22.2228    18.2450     5.8639    179.965    7.43568  228.20316     78.862 -9.990e-29
   40.95994  -73.58004      3.147      3.123    22.2140    27.2062      7.859     2.6875 9.1671e+00  1018.2635    22.2134    18.2504     5.8594    179.827    7.43570  228.20384     78.801 -9.990e-29
   40.95994  -73.58004      3.147      3.123    22.2036    27.2112      7.859     2.6875 9.1671e+00  1018.2706    22.2030    18.2566     5.8597    179.837    7.43583  228.20814     78.804 -9.990e-29
   40.95994  -73.58004      3.147      3.123    22.1955    27.2158      7.859     2.6875 9.1671e+00  1018.2767    22.1949    18.2623     5.8601    179.847    7.43599  228.21276     78.807 -9.990e-29
   40.95994  -73.58004      3.147      3.123    22.1895    27.2196      7.859     2.6875 9.1671e+00  1018.2809    22.1889    18.2668     5.8602    179.852    7.43632  228.22286     78.805 -9.990e-29
   40.95994  -73.58004      3.147      3.123    22.1840    27.2225      7.859     2.6875 9.1413e+00  1018.2847    22.1834    18.2704     5.8606    179.864    7.43663  228.23206     78.808 -9.990e-29
   40.95994  -73.58004      3.147      3.123    22.1805    27.2241      7.859     2.6741 9.1413e+00  1018.2874    22.1798    18.2727     5.8559    179.720    7.43692  228.24041     78.741 -9.990e-29
   40.95994  -73.58004      3.147      3.123    22.1801    27.2241      7.859     2.6875 9.1671e+00  1018.2873    22.1795    18.2732     5.8556    179.710    7.43714  228.24708     78.735 -9.990e-29
   40.95994  -73.58004      3.147      3.123    22.1808    27.2241      7.859     2.6875 9.1671e+00  1018.2864    22.1802    18.2728     5.8549    179.688    7.43731  228.25184     78.724 -9.990e-29
   40.95994  -73.58004      3.147      3.123    22.1805    27.2230      7.859     2.6875 9.1671e+00  1018.2863    22.1798    18.2717     5.8545    179.675    7.43749  228.25723     78.716 -9.990e-29
   40.95994  -73.58004      3.147      3.123    22.1831    27.2209      7.859     2.6875 9.1671e+00  1018.2839    22.1825    18.2694     5.8487    179.499    7.43737  228.25375     78.640 -9.990e-29
   40.95994  -73.58004      3.147      3.123    22.1891    27.2180      7.859     2.6875 9.1671e+00  1018.2792    22.1885    18.2661     5.8525    179.613    7.43724  228.24985     78.691 -9.990e-29
   40.95994  -73.58004      3.158      3.134    22.1930    27.2161      7.859     2.6875 9.1671e+00  1018.2758    22.1924    18.2636     5.8468    179.439    7.43726  228.25048     78.615 -9.990e-29
   40.95994  -73.58004      3.147      3.123    22.1923    27.2161      7.859     2.6875 9.1929e+00  1018.2758    22.1917    18.2632     5.8455    179.399    7.43726  228.25011     78.598 -9.990e-29
   40.95994  -73.58004      3.158      3.134    22.1891    27.2161      7.859     2.6875 9.1929e+00  1018.2779    22.1885    18.2646     5.8493    179.517    7.43696  228.24116     78.652 -9.990e-29
   40.95994  -73.58004      3.147      3.123    22.1851    27.2177      7.859     2.6875 9.1929e+00  1018.2806    22.1845    18.2668     5.8432    179.328    7.43651  228.22787     78.574 -9.990e-29
   40.95994  -73.58004      3.158      3.134    22.1813    27.2192      7.859     2.6875 9.1929e+00  1018.2827    22.1807    18.2689     5.8418    179.286    7.43609  228.21551     78.560 -9.990e-29
   40.95994  -73.58004      3.147      3.123    22.1782    27.2205      7.859     2.6875 9.1671e+00  1018.2847    22.1776    18.2706     5.8404    179.245    7.43573  228.20498     78.546 -9.990e-29
   40.95994  -73.58004      3.168      3.143    22.1758    27.2214      7.863     2.6875 9.1671e+00  1018.2859    22.1752    18.2720     5.8391    179.204    7.43538  228.19452     78.531 -9.990e-29
   40.95994  -73.58004      3.147      3.123    22.1742    27.2221      7.859     2.6875 9.1671e+00  1018.2867    22.1736    18.2730     5.8378    179.165    7.43512  228.18703     78.517 -9.990e-29
   40.95994  -73.58004      3.168      3.143    22.1730    27.2229      7.859     2.6875 9.1413e+00  1018.2876    22.1724    18.2740     5.8366    179.129    7.43501  228.18400     78.502 -9.990e-29
   40.95994  -73.58004      3.158      3.134    22.1716    27.2237      7.859     2.6875 9.1413e+00  1018.2888    22.1710    18.2749     5.8356    179.097    7.43506  228.18588     78.487 -9.990e-29
   40.95994  -73.58004      3.168      3.143    22.1707    27.2245      7.859     2.7010 9.1413e+00  1018.2895    22.1701    18.2757     5.8299    178.922    7.43523  228.19074     78.409 -9.990e-29
   40.95994  -73.58004      3.168      3.143    22.1705    27.2252      7.859     2.6875 9.1413e+00  1018.2904    22.1699    18.2763     5.8339    179.044    7.43555  228.20035     78.459 -9.990e-29
   40.95994  -73.58004      3.158      3.134    22.1714    27.2252      7.859     2.7010 9.1413e+00  1018.2902    22.1708    18.2765     5.8283    178.871    7.43585  228.20897     78.381 -9.990e-29
   40.95994  -73.58004      3.179      3.154    22.1717    27.2252      7.859     2.7010 9.1413e+00  1018.2903    22.1711    18.2760     5.8373    179.148    7.43614  228.21745     78.499 -9.990e-29
   40.95994  -73.58004      3.158      3.134    22.1746    27.2245      7.859     2.7010 9.1413e+00  1018.2889    22.1740    18.2746     5.8320    178.984    7.43642  228.22579     78.424 -9.990e-29
   40.95994  -73.58004      3.179      3.154    22.1787    27.2229      7.859     2.7010 9.1413e+00  1018.2862    22.1781    18.2725     5.8314    178.967    7.43672  228.23448     78.414 -9.990e-29
   40.95994  -73.58004      3.179      3.154    22.1824    27.2213      7.859     2.7010 9.1413e+00  1018.2839    22.1818    18.2704     5.8311    178.958    7.43695  228.24132     78.407 -9.990e-29
   40.95994  -73.58004      3.168      3.143    22.1851    27.2201      7.859     2.7010 9.1413e+00  1018.2821    22.1845    18.2687     5.8307    178.944    7.43696  228.24162     78.401 -9.990e-29
   40.95994  -73.58004      3.188      3.164    22.1866    27.2193      7.859     2.7010 9.1413e+00  1018.2816    22.1860    18.2675     5.8302    178.929    7.43692  228.24054     78.395 -9.990e-29
   40.95994  -73.58004      3.168      3.143    22.1886    27.2183      7.863     2.7010 9.1413e+00  1018.2801    22.1880    18.2663     5.8298    178.918    7.43704  228.24396     78.389 -9.990e-29
   40.95994  -73.58004      3.188      3.164    22.1909    27.2174      7.859     2.6875 9.1413e+00  1018.2787    22.1903    18.2651     5.8295    178.908    7.43718  228.24814     78.383 -9.990e-29
   40.95994  -73.58004      3.179      3.154    22.1920    27.2168      7.863     2.7010 9.1156e+00  1018.2778    22.1914    18.2644     5.8290    178.893    7.43708  228.24531     78.378 -9.990e-29
   40.95994  -73.58004      3.188      3.164    22.1918    27.2165      7.859     2.7010 9.1156e+00  1018.2781    22.1912    18.2640     5.8287    178.884    7.43685  228.23869     78.376 -9.990e-29
   40.95994  -73.58004      3.188      3.164    22.1925    27.2162      7.859     2.7010 9.1156e+00  1018.2774    22.1919    18.2637     5.8284    178.874    7.43656  228.23008     78.375 -9.990e-29
   40.95994  -73.58004      3.188      3.164    22.1931    27.2159      7.863     2.7010 9.0900e+00  1018.2770    22.1925    18.2632     5.8281    178.866    7.43628  228.22198     78.374 -9.990e-29
   40.95994  -73.58004      3.188      3.164    22.1939    27.2159      7.863     2.7010 9.1027e+00  1018.2766    22.1933    18.2630     5.8330    179.018    7.43618  228.21897     78.441 -9.990e-29
   40.95994  -73.58004      3.188      3.164    22.1943    27.2159      7.863     2.6875 9.0900e+00  1018.2768    22.1937    18.2628     5.8338    179.041    7.43637  228.22471     78.449 -9.990e-29
   40.95994  -73.58004      3.188      3.164    22.1953    27.2158      7.863     2.6875 9.0772e+00  1018.2767    22.1947    18.2625     5.8294    178.905    7.43677  228.23638     78.386 -9.990e-29
   40.95994  -73.58004      3.198      3.173    22.1973    27.2155      7.863     2.7010 9.0772e+00  1018.2759    22.1967    18.2617     5.8351    179.080    7.43712  228.24659     78.459 -9.990e-29
   40.95994  -73.58004      3.188      3.164    22.2004    27.2147      7.863     2.7010 9.0517e+00  1018.2741    22.1997    18.2605     5.8360    179.109    7.43743  228.25569     78.468 -9.990e-29
   40.95994  -73.58004      3.188      3.164    22.2025    27.2140      7.863     2.7010 9.0262e+00  1018.2732    22.2019    18.2593     5.8369    179.136    7.43768  228.26291     78.478 -9.990e-29
   40.95994  -73.58004      3.198      3.173    22.2050    27.2135      7.863     2.7010 9.0009e+00  1018.2717    22.2044    18.2581     5.8379    179.165    7.43792  228.26995     78.488 -9.990e-29
   40.95994  -73.58004      3.198      3.173    22.2071    27.2133      7.863     2.7010 9.0009e+00  1018.2708    22.2065    18.2575     5.8387    179.191    7.43805  228.27383     78.498 -9.990e-29
   40.95994  -73.58004      3.188      3.164    22.2069    27.2132      7.863     2.7010 8.9756e+00  1018.2719    22.2063    18.2575     5.8396    179.217    7.43813  228.27608     78.509 -9.990e-29
   40.95994  -73.58004      3.198      3.173    22.2084    27.2130      7.863     2.6875 8.9756e+00  1018.2716    22.2078    18.2567     5.8404    179.243    7.43820  228.27834     78.520 -9.990e-29
   40.95994  -73.58004      3.198      3.173    22.2131    27.2114      7.863     2.6875 8.9756e+00  1018.2681    22.2125    18.2546     5.8414    179.272    7.43834  228.28229     78.531 -9.990e-29
   40.95994  -73.58004      3.198      3.173    22.2163    27.2096      7.863     2.6741 8.9504e+00  1018.2658    22.2157    18.2525     5.8423    179.299    7.43840  228.28420     78.542 -9.990e-29
   40.95994  -73.58004      3.198      3.173    22.2165    27.2084      7.863     2.6741 8.9252e+00  1018.2650    22.2159    18.2514     5.8432    179.328    7.43846  228.28572     78.554 -9.990e-29
   40.95994  -73.58004      3.198      3.173    22.2158    27.2078      7.863     2.6875 8.9252e+00  1018.2645    22.2152    18.2510     5.8438    179.345    7.43843  228.28496     78.562 -9.990e-29
   40.95994  -73.58004      3.188      3.164    22.2147    27.2078      7.863     2.6875 8.9252e+00  1018.2646    22.2141    18.2512     5.8443    179.362    7.43841  228.28442     78.570 -9.990e-29
   40.95994  -73.58004      3.198      3.173    22.2121    27.2078      7.863     2.6875 8.9001e+00  1018.2656    22.2115    18.2520     5.8399    179.225    7.43839  228.28376     78.510 -9.990e-29
   40.95994  -73.58004      3.198      3.173    22.2094    27.2087      7.863     2.6741 8.9252e+00  1018.2673    22.2088    18.2534     5.8452    179.390    7.43834  228.28223     78.582 -9.990e-29
   40.95994  -73.58004      3.198      3.173    22.2069    27.2097      7.863     2.6875 8.9001e+00  1018.2688    22.2063    18.2548     5.8459    179.410    7.43834  228.28243     78.591 -9.990e-29
   40.95994  -73.58004      3.198      3.173    22.2050    27.2106      7.863     2.6875 8.8751e+00  1018.2699    22.2044    18.2560     5.8463    179.422    7.43841  228.28434     78.596 -9.990e-29
   40.95994  -73.58004      3.198      3.173    22.2034    27.2115      7.863     2.6875 8.8751e+00  1018.2711    22.2028    18.2571     5.8467    179.435    7.43849  228.28691     78.601 -9.990e-29
   40.95994  -73.58004      3.188      3.164    22.2018    27.2117      7.863     2.6875 8.8751e+00  1018.2722    22.2012    18.2577     5.8471    179.448    7.43857  228.28929     78.605 -9.990e-29
   40.95994  -73.58004      3.198      3.173    22.2028    27.2119      7.863     2.6741 8.8751e+00  1018.2715    22.2022    18.2576     5.8475    179.460    7.43862  228.29042     78.610 -9.990e-29
   40.95994  -73.58004      3.198      3.173    22.2041    27.2119      7.863     2.6875 8.8751e+00  1018.2705    22.2035    18.2572     5.8475    179.460    7.43859  228.28965     78.611 -9.990e-29
   40.95994  -73.58004      3.198      3.173    22.2037    27.2119      7.863     2.6875 8.8751e+00  1018.2711    22.2031    18.2573     5.8479    179.470    7.43858  228.28966     78.615 -9.990e-29
   40.95994  -73.58004      3.188      3.164    22.2034    27.2119      7.863     2.6875 8.8502e+00  1018.2721    22.2028    18.2575     5.8478    179.470    7.43856  228.28882     78.615 -9.990e-29
   40.95994  -73.58004      3.198      3.173    22.2057    27.2119      7.863     2.6875 8.8751e+00  1018.2713    22.2050    18.2567     5.8478    179.469    7.43850  228.28729     78.615 -9.990e-29
   40.95994  -73.58004      3.198      3.173    22.2096    27.2107      7.863     2.6875 8.8876e+00  1018.2688    22.2090    18.2548     5.8481    179.477    7.43846  228.28602     78.620 -9.990e-29
   40.95994  -73.58004      3.188      3.164    22.2135    27.2090      7.863     2.6875 8.8876e+00  1018.2660    22.2129    18.2526     5.8480    179.476    7.43841  228.28470     78.620 -9.990e-29
   40.95994  -73.58004      3.198      3.173    22.2165    27.2075      7.863     2.6875 8.9126e+00  1018.2644    22.2159    18.2505     5.8480    179.475    7.43834  228.28248     78.620 -9.990e-29
   40.95994  -73.58004      3.188      3.164    22.2195    27.2060      7.863     2.6741 8.9126e+00  1018.2627    22.2189    18.2486     5.8479    179.473    7.43831  228.28160     78.619 -9.990e-29
   40.95994  -73.58004      3.198      3.173    22.2222    27.2044      7.863     2.6875 8.9377e+00  1018.2603    22.2216    18.2468     5.8529    179.626    7.43827  228.28046     78.686 -9.990e-29
   40.95994  -73.58004      3.188      3.164    22.2235    27.2031      7.863     2.6875 8.9377e+00  1018.2589    22.2228    18.2455     5.8481    179.477    7.43823  228.27919     78.622 -9.990e-29
   40.95994  -73.58004      3.188      3.164    22.2233    27.2031      7.863     2.6875 8.9377e+00  1018.2584    22.2227    18.2450     5.8479    179.473    7.43818  228.27768     78.621 -9.990e-29
   40.95994  -73.58004      3.188      3.164    22.2220    27.2031      7.863     2.6741 8.9629e+00  1018.2587    22.2214    18.2455     5.8478    179.469    7.43815  228.27664     78.619 -9.990e-29
   40.95994  -73.58004      3.198      3.173    22.2192    27.2035      7.863     2.6741 8.9629e+00  1018.2606    22.2186    18.2468     5.8524    179.610    7.43803  228.27329     78.682 -9.990e-29
   40.95994  -73.58004      3.179      3.154    22.2165    27.2050      7.863     2.6741 8.9377e+00  1018.2623    22.2159    18.2487     5.8473    179.455    7.43787  228.26835     78.616 -9.990e-29
   40.95994  -73.58004      3.188      3.164    22.2137    27.2066      7.863     2.6741 8.9377e+00  1018.2647    22.2130    18.2506     5.8468    179.438    7.43778  228.26572     78.609 -9.990e-29
   40.95994  -73.58004      3.188      3.164    22.2112    27.2080      7.863     2.6741 8.9377e+00  1018.2662    22.2106    18.2523     5.8469    179.441    7.43773  228.26418     78.611 -9.990e-29
   40.95994  -73.58004      3.188      3.164    22.2086    27.2091      7.863     2.6741 8.9377e+00  1018.2678    22.2080    18.2538     5.8467    179.434    7.43767  228.26251     78.609 -9.990e-29
