CalculateIndicators/WaterTemperature/Data/CTD_NYOS/20220201_C01.cnv
* Sea-Bird SBE 9 Data File:
* FileName = C:\Seabird 9 CTD\Data\2022\202202_offshore\20220201_C01.hex
* Software Version Seasave V 7.23.2
* Temperature SN = 4590
* Conductivity SN = 3228
* Number of Bytes Per Scan = 44
* Number of Voltage Words = 5
* Number of Scans Averaged by the Deck Unit = 1
* NMEA Latitude = 40 57.63 N
* NMEA Longitude = 073 34.93 W
* NMEA UTC (Time) = Jun 18 2002  17:33:16
* NMEA baud rate = 4800
** Ship: rv seawolf
** Station: LIS-ARIG
** Operator: EIH
# nquan = 18
# nvalues = 10589                                 
# units = specified
# name 0 = latitude: Latitude [deg]
# name 1 = longitude: Longitude [deg]
# name 2 = prDM: Pressure, Digiquartz [db]
# name 3 = depSM: Depth [salt water, m]
# name 4 = t090C: Temperature [ITS-90, deg C]
# name 5 = sal00: Salinity, Practical [PSU]
# name 6 = ph: pH
# name 7 = flECO-AFL: Fluorescence, WET Labs ECO-AFL/FL [mg/m^3]
# name 8 = cpar: CPAR/Corrected Irradiance [%]
# name 9 = density00: Density [density, kg/m^3]
# name 10 = potemp090C: Potential Temperature [ITS-90, deg C]
# name 11 = sigma-é00: Density [sigma-theta, kg/m^3]
# name 12 = sbeox0Mg/L: Oxygen, SBE 43 [mg/l]
# name 13 = sbox0Mm/Kg: Oxygen, SBE 43 [umol/kg]
# name 14 = oxsolMg/L: Oxygen Saturation, Garcia & Gordon [mg/l]
# name 15 = oxsolMm/Kg: Oxygen Saturation, Garcia & Gordon [umol/kg]
# name 16 = sbeox0PS: Oxygen, SBE 43 [% saturation]
# name 17 = flag:  0.000e+00
# span 0 =   40.96050,   40.96120                 
# span 1 =  -73.58376,  -73.58216                 
# span 2 =      1.420,     14.546                 
# span 3 =      1.409,     14.432                 
# span 4 =     1.5104,     2.3003                 
# span 5 =    26.8155,    27.0733                 
# span 6 =      8.340,      8.508                 
# span 7 =     3.8560,     7.8048                 
# span 8 = 4.5133e-14, 1.2675e+01                 
# span 9 =  1021.4568,  1021.6786                 
# span 10 =     1.5103,     2.2998                
# span 11 =    21.4458,    21.6097                
# span 12 =    13.3973,    19.3075                
# span 13 =    409.816,    590.698                
# span 14 =   11.39816,   11.65177                
# span 15 =  348.66365,  356.47690                
# span 16 =    117.521,    165.711                
# span 17 = 0.0000e+00, 0.0000e+00                
# interval = seconds: 0.0416667
# start_time = Feb 01 2022 17:33:17 [System UTC, first data scan.]
# bad_flag = -9.990e-29
*END*
[from data line 1930]
   40.96072  -73.58260     14.431     14.319     2.2767    27.0655      8.355     4.5142 4.5254e-14  1021.6732     2.2761    21.6044    14.2667    436.411   11.40546  348.88808    125.086  0.000e+00
   40.96072  -73.58260     14.434     14.322     2.2761    27.0655      8.355     4.5007 4.5295e-14  1021.6732     2.2755    21.6045    14.2631    436.301   11.40565  348.89390    125.053  0.000e+00
   40.96072  -73.58260     14.420     14.308     2.2754    27.0652      8.355     4.5142 4.5254e-14  1021.6730     2.2749    21.6043    14.2706    436.532   11.40585  348.90008    125.117  0.000e+00
   40.96072  -73.58260     14.413     14.301     2.2750    27.0651      8.355     4.5007 4.5214e-14  1021.6729     2.2744    21.6043    14.2802    436.825   11.40599  348.90436    125.199  0.000e+00
   40.96072  -73.58260     14.401     14.289     2.2742    27.0654      8.350     4.5142 4.5174e-14  1021.6731     2.2736    21.6045    14.2699    436.511   11.40621  348.91100    125.107  0.000e+00
   40.96072  -73.58260     14.401     14.289     2.2742    27.0650      8.355     4.5007 4.5133e-14  1021.6728     2.2736    21.6043    14.2506    435.918   11.40624  348.91189    124.937  0.000e+00
   40.96072  -73.58260     14.394     14.282     2.2740    27.0650      8.355     4.5007 4.5133e-14  1021.6728     2.2734    21.6043    14.2214    435.028   11.40628  348.91326    124.681  0.000e+00
   40.96072  -73.58260     14.380     14.269     2.2738    27.0649      8.355     4.5142 4.5133e-14  1021.6726     2.2732    21.6041    14.2128    434.763   11.40637  348.91600    124.604  0.000e+00
   40.96072  -73.58260     14.363     14.251     2.2737    27.0652      8.355     4.5007 4.5174e-14  1021.6728     2.2731    21.6044    14.2093    434.657   11.40636  348.91560    124.574  0.000e+00
   40.96072  -73.58258     14.371     14.259     2.2734    27.0654      8.350     4.3933 4.5214e-14  1021.6730     2.2728    21.6046    14.2223    435.055   11.40643  348.91781    124.687  0.000e+00
   40.96072  -73.58258     14.363     14.251     2.2733    27.0650      8.355     4.0575 4.5254e-14  1021.6726     2.2727    21.6042    14.2375    435.521   11.40651  348.92025    124.819  0.000e+00
   40.96072  -73.58258     14.350     14.238     2.2731    27.0646      8.355     3.9232 4.5254e-14  1021.6723     2.2725    21.6039    14.2479    435.836   11.40659  348.92268    124.909  0.000e+00
   40.96072  -73.58258     14.343     14.232     2.2724    27.0647      8.355     3.9366 4.5254e-14  1021.6724     2.2718    21.6041    14.2604    436.220   11.40677  348.92813    125.017  0.000e+00
   40.96072  -73.58258     14.339     14.228     2.2720    27.0651      8.350     3.9501 4.5295e-14  1021.6727     2.2714    21.6044    14.2588    436.172   11.40687  348.93134    125.002  0.000e+00
   40.96072  -73.58258     14.339     14.228     2.2723    27.0648      8.355     3.9635 4.5335e-14  1021.6725     2.2717    21.6042    14.2480    435.840   11.40681  348.92932    124.908  0.000e+00
   40.96072  -73.58258     14.323     14.211     2.2720    27.0646      8.355     3.9635 4.5335e-14  1021.6722     2.2714    21.6040    14.2514    435.944   11.40690  348.93224    124.937  0.000e+00
   40.96072  -73.58258     14.330     14.218     2.2721    27.0643      8.355     3.9635 4.5376e-14  1021.6720     2.2715    21.6038    14.2547    436.045   11.40689  348.93193    124.966  0.000e+00
   40.96072  -73.58258     14.332     14.221     2.2717    27.0645      8.350     3.9501 4.5376e-14  1021.6722     2.2711    21.6040    14.2661    436.395   11.40701  348.93551    125.065  0.000e+00
   40.96072  -73.58258     14.320     14.208     2.2715    27.0646      8.355     3.9501 4.5376e-14  1021.6722     2.2709    21.6040    14.2634    436.310   11.40704  348.93668    125.040  0.000e+00
   40.96072  -73.58258     14.323     14.211     2.2706    27.0647      8.355     3.9501 4.5417e-14  1021.6724     2.2700    21.6042    14.2598    436.202   11.40730  348.94455    125.006  0.000e+00
   40.96072  -73.58258     14.320     14.208     2.2707    27.0642      8.355     3.9635 4.5457e-14  1021.6720     2.2701    21.6038    14.2537    436.016   11.40731  348.94495    124.953  0.000e+00
   40.96072  -73.58258     14.323     14.211     2.2707    27.0641      8.355     3.9501 4.5457e-14  1021.6719     2.2701    21.6037    14.2546    436.041   11.40732  348.94513    124.960  0.000e+00
   40.96072  -73.58258     14.320     14.208     2.2704    27.0651      8.355     3.9635 4.5539e-14  1021.6727     2.2698    21.6045    14.2563    436.094   11.40733  348.94536    124.975  0.000e+00
   40.96072  -73.58258     14.309     14.198     2.2704    27.0648      8.355     3.9501 4.5621e-14  1021.6724     2.2699    21.6043    14.2658    436.386   11.40734  348.94573    125.058  0.000e+00
   40.96072  -73.58258     14.323     14.211     2.2704    27.0647      8.355     3.9635 4.5662e-14  1021.6724     2.2698    21.6042    14.2773    436.735   11.40736  348.94644    125.158  0.000e+00
   40.96072  -73.58258     14.320     14.208     2.2704    27.0647      8.350     3.9635 4.5662e-14  1021.6724     2.2698    21.6042    14.2813    436.859   11.40736  348.94643    125.194  0.000e+00
   40.96072  -73.58258     14.323     14.211     2.2703    27.0646      8.350     3.9501 4.5580e-14  1021.6723     2.2697    21.6041    14.3022    437.499   11.40740  348.94765    125.377  0.000e+00
   40.96072  -73.58258     14.330     14.218     2.2699    27.0650      8.350     3.9635 4.5498e-14  1021.6727     2.2693    21.6045    14.3168    437.943   11.40747  348.94966    125.503  0.000e+00
   40.96072  -73.58258     14.323     14.211     2.2704    27.0649      8.355     3.9635 4.5498e-14  1021.6726     2.2698    21.6043    14.3315    438.394   11.40735  348.94590    125.634  0.000e+00
   40.96072  -73.58258     14.330     14.218     2.2708    27.0649      8.355     3.9501 4.5498e-14  1021.6726     2.2703    21.6044    14.3306    438.367   11.40721  348.94162    125.628  0.000e+00
   40.96072  -73.58258     14.332     14.221     2.2709    27.0651      8.350     3.9501 4.5498e-14  1021.6727     2.2704    21.6045    14.3283    438.295   11.40717  348.94041    125.607  0.000e+00
   40.96072  -73.58258     14.330     14.218     2.2712    27.0649      8.350     3.9501 4.5457e-14  1021.6726     2.2706    21.6043    14.3424    438.729   11.40712  348.93906    125.732  0.000e+00
   40.96072  -73.58258     14.339     14.228     2.2712    27.0647      8.355     3.9635 4.5498e-14  1021.6724     2.2706    21.6041    14.3513    438.999   11.40714  348.93961    125.809  0.000e+00
   40.96074  -73.58260     14.343     14.232     2.2708    27.0649      8.350     3.9635 4.5539e-14  1021.6726     2.2703    21.6043    14.3756    439.745   11.40722  348.94181    126.022  0.000e+00
   40.96074  -73.58260     14.350     14.238     2.2708    27.0651      8.355     4.0441 4.5580e-14  1021.6729     2.2702    21.6045    14.3954    440.348   11.40721  348.94162    126.195  0.000e+00
   40.96074  -73.58260     14.343     14.232     2.2707    27.0651      8.350     4.0709 4.5539e-14  1021.6728     2.2701    21.6045    14.4096    440.782   11.40724  348.94265    126.319  0.000e+00
   40.96074  -73.58260     14.371     14.259     2.2710    27.0656      8.355     4.0844 4.5457e-14  1021.6733     2.2704    21.6049    14.4101    440.798   11.40711  348.93851    126.325  0.000e+00
   40.96074  -73.58260     14.363     14.251     2.2718    27.0652      8.355     4.0709 4.5417e-14  1021.6729     2.2712    21.6045    14.4079    440.731   11.40691  348.93238    126.309  0.000e+00
   40.96074  -73.58260     14.360     14.248     2.2722    27.0655      8.350     4.0709 4.5417e-14  1021.6731     2.2716    21.6047    14.4125    440.871   11.40678  348.92841    126.350  0.000e+00
   40.96074  -73.58260     14.383     14.271     2.2727    27.0670      8.355     4.0709 4.5417e-14  1021.6744     2.2722    21.6059    14.4145    440.931   11.40650  348.91935    126.371  0.000e+00
   40.96074  -73.58260     14.371     14.259     2.2742    27.0673      8.350     4.0709 4.5457e-14  1021.6745     2.2736    21.6060    14.4307    441.429   11.40606  348.90595    126.518  0.000e+00
   40.96074  -73.58260     14.401     14.289     2.2758    27.0670      8.355     4.0709 4.5498e-14  1021.6743     2.2752    21.6058    14.4636    442.435   11.40562  348.89249    126.811  0.000e+00
   40.96074  -73.58260     14.383     14.271     2.2769    27.0664      8.355     4.0709 4.5457e-14  1021.6737     2.2763    21.6052    14.4749    442.782   11.40534  348.88415    126.914  0.000e+00
   40.96074  -73.58260     14.411     14.299     2.2768    27.0667      8.355     4.0709 4.5498e-14  1021.6740     2.2762    21.6054    14.4850    443.089   11.40534  348.88398    127.002  0.000e+00
   40.96074  -73.58260     14.404     14.292     2.2772    27.0664      8.355     4.0844 4.5539e-14  1021.6738     2.2766    21.6052    14.4839    443.055   11.40525  348.88143    126.993  0.000e+00
   40.96074  -73.58260     14.420     14.308     2.2770    27.0672      8.350     4.0844 4.5580e-14  1021.6745     2.2764    21.6058    14.4720    442.691   11.40523  348.88067    126.889  0.000e+00
   40.96074  -73.58260     14.413     14.301     2.2778    27.0668      8.350     4.0709 4.5539e-14  1021.6741     2.2772    21.6055    14.4729    442.718   11.40504  348.87489    126.899  0.000e+00
   40.96074  -73.58260     14.431     14.319     2.2781    27.0672      8.350     4.0844 4.5539e-14  1021.6744     2.2775    21.6057    14.4590    442.295   11.40492  348.87128    126.779  0.000e+00
   40.96074  -73.58260     14.434     14.322     2.2789    27.0672      8.350     4.0709 4.5498e-14  1021.6744     2.2783    21.6057    14.4582    442.271   11.40469  348.86409    126.775  0.000e+00
   40.96074  -73.58260     14.441     14.329     2.2800    27.0674      8.350     4.0844 4.5498e-14  1021.6746     2.2794    21.6058    14.4506    442.036   11.40435  348.85380    126.711  0.000e+00
   40.96074  -73.58260     14.444     14.331     2.2816    27.0678      8.350     4.0709 4.5539e-14  1021.6748     2.2810    21.6060    14.4499    442.017   11.40387  348.83887    126.711  0.000e+00
   40.96074  -73.58260     14.452     14.339     2.2833    27.0683      8.350     4.0709 4.5498e-14  1021.6751     2.2827    21.6063    14.4586    442.282   11.40332  348.82205    126.793  0.000e+00
   40.96074  -73.58260     14.452     14.339     2.2853    27.0695      8.350     4.0709 4.5457e-14  1021.6760     2.2847    21.6071    14.4615    442.369   11.40265  348.80120    126.826  0.000e+00
   40.96074  -73.58260     14.455     14.342     2.2873    27.0695      8.350     4.0709 4.5457e-14  1021.6759     2.2867    21.6070    14.4466    441.916   11.40208  348.78392    126.702  0.000e+00
   40.96074  -73.58260     14.462     14.349     2.2885    27.0698      8.350     4.0844 4.5498e-14  1021.6761     2.2879    21.6072    14.4352    441.566   11.40169  348.77174    126.606  0.000e+00
   40.96074  -73.58260     14.464     14.352     2.2899    27.0699      8.355     4.0709 4.5580e-14  1021.6761     2.2893    21.6072    14.4188    441.064   11.40128  348.75925    126.466  0.000e+00
   40.96074  -73.58260     14.471     14.359     2.2913    27.0705      8.355     4.0844 4.5662e-14  1021.6765     2.2907    21.6076    14.3924    440.255   11.40083  348.74550    126.240  0.000e+00
   40.96074  -73.58258     14.474     14.361     2.2925    27.0698      8.350     4.0709 4.5580e-14  1021.6759     2.2919    21.6070    14.3803    439.886   11.40054  348.73686    126.137  0.000e+00
   40.96074  -73.58258     14.471     14.359     2.2926    27.0692      8.350     4.2724 4.5498e-14  1021.6754     2.2920    21.6065    14.3629    439.355   11.40055  348.73710    125.985  0.000e+00
   40.96074  -73.58258     14.474     14.361     2.2919    27.0694      8.350     4.5276 4.5417e-14  1021.6756     2.2913    21.6067    14.3713    439.611   11.40074  348.74289    126.056  0.000e+00
   40.96074  -73.58258     14.492     14.379     2.2917    27.0692      8.350     4.5947 4.5376e-14  1021.6755     2.2911    21.6065    14.3990    440.457   11.40083  348.74585    126.298  0.000e+00
   40.96074  -73.58258     14.474     14.361     2.2915    27.0694      8.350     4.5813 4.5417e-14  1021.6756     2.2909    21.6067    14.4318    441.461   11.40086  348.74666    126.585  0.000e+00
   40.96074  -73.58258     14.482     14.370     2.2922    27.0684      8.350     4.5679 4.5498e-14  1021.6748     2.2916    21.6059    14.4434    441.816   11.40073  348.74285    126.688  0.000e+00
   40.96074  -73.58258     14.485     14.372     2.2917    27.0685      8.350     4.5545 4.5498e-14  1021.6749     2.2911    21.6060    14.4462    441.903   11.40089  348.74763    126.711  0.000e+00
   40.96074  -73.58258     14.482     14.370     2.2912    27.0684      8.350     4.5679 4.5457e-14  1021.6749     2.2906    21.6059    14.4329    441.495   11.40103  348.75191    126.593  0.000e+00
   40.96074  -73.58258     14.482     14.370     2.2908    27.0679      8.350     4.5679 4.5376e-14  1021.6745     2.2902    21.6055    14.4175    441.024   11.40117  348.75660    126.456  0.000e+00
   40.96074  -73.58258     14.485     14.372     2.2903    27.0681      8.350     4.5545 4.5335e-14  1021.6747     2.2897    21.6058    14.3931    440.279   11.40132  348.76085    126.241  0.000e+00
   40.96074  -73.58258     14.492     14.379     2.2898    27.0686      8.350     4.5679 4.5335e-14  1021.6751     2.2892    21.6061    14.3729    439.659   11.40143  348.76423    126.062  0.000e+00
   40.96074  -73.58258     14.474     14.361     2.2900    27.0686      8.350     4.5679 4.5376e-14  1021.6750     2.2894    21.6061    14.3735    439.679   11.40136  348.76198    126.068  0.000e+00
   40.96074  -73.58258     14.482     14.370     2.2904    27.0684      8.350     4.5679 4.5417e-14  1021.6749     2.2898    21.6059    14.3823    439.948   11.40125  348.75894    126.147  0.000e+00
   40.96074  -73.58258     14.485     14.372     2.2907    27.0685      8.350     4.5679 4.5417e-14  1021.6750     2.2901    21.6060    14.3691    439.544   11.40115  348.75585    126.032  0.000e+00
   40.96074  -73.58258     14.482     14.370     2.2905    27.0675      8.355     4.5679 4.5376e-14  1021.6742     2.2899    21.6052    14.3393    438.632   11.40131  348.76075    125.769  0.000e+00
   40.96074  -73.58258     14.474     14.361     2.2896    27.0676      8.350     4.5679 4.5335e-14  1021.6743     2.2890    21.6054    14.3239    438.160   11.40155  348.76808    125.631  0.000e+00
   40.96074  -73.58258     14.482     14.370     2.2892    27.0675      8.350     4.5545 4.5254e-14  1021.6743     2.2886    21.6053    14.3247    438.186   11.40169  348.77255    125.637  0.000e+00
   40.96074  -73.58258     14.464     14.352     2.2882    27.0673      8.350     4.5679 4.5174e-14  1021.6741     2.2876    21.6052    14.3350    438.502   11.40199  348.78180    125.724  0.000e+00
   40.96074  -73.58258     14.482     14.370     2.2874    27.0674      8.350     4.5679 4.5174e-14  1021.6743     2.2868    21.6054    14.3657    439.441   11.40220  348.78813    125.991  0.000e+00
   40.96074  -73.58258     14.464     14.352     2.2863    27.0679      8.350     4.5679 4.5174e-14  1021.6747     2.2857    21.6058    14.3776    439.805   11.40248  348.79644    126.092  0.000e+00
   40.96074  -73.58258     14.462     14.349     2.2860    27.0676      8.355     4.5545 4.5174e-14  1021.6744     2.2854    21.6056    14.3915    440.230   11.40261  348.80041    126.213  0.000e+00
   40.96074  -73.58258     14.471     14.359     2.2858    27.0676      8.350     4.5545 4.5174e-14  1021.6745     2.2852    21.6056    14.4054    440.655   11.40265  348.80179    126.334  0.000e+00
   40.96074  -73.58258     14.464     14.352     2.2852    27.0679      8.350     4.5679 4.5214e-14  1021.6747     2.2846    21.6059    14.4195    441.084   11.40280  348.80636    126.455  0.000e+00
