CalculateIndicators/WaterTemperature/Data/CTD_NYOS/202200728_C16.cnv
* Sea-Bird SBE 9 Data File:
* FileName = C:\Seabird 9 CTD\Data\2022\202207_offshore\202200728_C16.hex
* Software Version Seasave V 7.23.2
* Temperature SN = 4590
* Conductivity SN = 3228
* Number of Bytes Per Scan = 44
* Number of Voltage Words = 5
* Number of Scans Averaged by the Deck Unit = 1
* NMEA Latitude = 40 23.38 N
* NMEA Longitude = 072 42.75 W
* NMEA UTC (Time) = Dec 12 2002  21:52:29
* NMEA baud rate = 4800
** Ship: seawolf
** Station: 4.2
** Operator: TCM
# nquan = 18
# nvalues = 13629                       
# units = specified
# name 0 = latitude: Latitude [deg]
# name 1 = longitude: Longitude [deg]
# name 2 = prDM: Pressure, Digiquartz [db]
# name 3 = depSM: Depth [salt water, m]
# name 4 = t090C: Temperature [ITS-90, deg C]
# name 5 = sal00: Salinity, Practical [PSU]
# name 6 = ph: pH
# name 7 = flECO-AFL: Fluorescence, WET Labs ECO-AFL/FL [mg/m^3]
# name 8 = cpar: CPAR/Corrected Irradiance [%]
# name 9 = density00: Density [density, kg/m^3]
# name 10 = potemp090C: Potential Temperature [ITS-90, deg C]
# name 11 = sigma-é00: Density [sigma-theta, kg/m^3]
# name 12 = sbeox0Mg/L: Oxygen, SBE 43 [mg/l]
# name 13 = sbox0Mm/Kg: Oxygen, SBE 43 [umol/kg]
# name 14 = oxsolMg/L: Oxygen Saturation, Garcia & Gordon [mg/l]
# name 15 = oxsolMm/Kg: Oxygen Saturation, Garcia & Gordon [umol/kg]
# name 16 = sbeox0PS: Oxygen, SBE 43 [% saturation]
# name 17 = flag:  0.000e+00
# span 0 =   40.38972,   40.39096       
# span 1 =  -72.71270,  -72.71250       
# span 2 =      0.468,     46.312       
# span 3 =      0.465,     45.950       
# span 4 =     8.3259,    23.5841       
# span 5 =     3.4826,    32.9132       
# span 6 =      7.911,      8.243       
# span 7 =    -0.0121,     2.7950       
# span 8 = 6.3304e-03, 1.4005e+02       
# span 9 =   999.9141,  1025.7666       
# span 10 =     8.3215,    23.5840      
# span 11 =     0.0310,    25.5579      
# span 12 =     7.1725,    10.4108      
# span 13 =    218.560,    317.713      
# span 14 =    7.07023,    9.49351      
# span 15 =  216.33296,  289.28378      
# span 16 =     75.553,    126.150      
# span 17 = 0.0000e+00, 0.0000e+00      
# interval = seconds: 0.0416667
# start_time = Jul 28 2022 21:52:28 [System UTC, first data scan.]
# bad_flag = -9.990e-29
*END*
[from data line 2252]
   40.38992  -72.71266     32.833     32.578     8.3618    32.8678      7.920 -9.990e-29 8.5848e-02  1025.6962     8.3585    25.5468     7.2432    220.714    9.49013  289.18124     76.324 -9.990e-29
   40.38992  -72.71266     32.843     32.587     8.3639    32.8670      7.920 -9.990e-29 8.5790e-02  1025.6949     8.3606    25.5459     7.2375    220.539    9.49041  289.19006     76.261 -9.990e-29
   40.38992  -72.71266     32.843     32.587     8.3641    32.8670      7.925 -9.990e-29 8.6274e-02  1025.6953     8.3608    25.5457     7.2313    220.352    9.49093  289.20557     76.192 -9.990e-29
   40.38992  -72.71266     32.843     32.587     8.3642    32.8670      7.920 -9.990e-29 8.6488e-02  1025.6955     8.3609    25.5459     7.2377    220.547    9.49124  289.21460     76.257 -9.990e-29
   40.38992  -72.71266     32.843     32.587     8.3637    32.8672      7.925 -9.990e-29 8.6921e-02  1025.6957     8.3605    25.5461     7.2450    220.767    9.49149  289.22217     76.331 -9.990e-29
   40.38992  -72.71266     32.844     32.589     8.3628    32.8674      7.920 -9.990e-29 8.6592e-02  1025.6960     8.3595    25.5463     7.2318    220.364    9.49154  289.22344     76.192 -9.990e-29
   40.38992  -72.71266     32.854     32.598     8.3621    32.8676      7.920 -9.990e-29 8.6481e-02  1025.6962     8.3588    25.5465     7.2313    220.349    9.49159  289.22453     76.186 -9.990e-29
   40.38992  -72.71266     32.843     32.587     8.3610    32.8676      7.920 -9.990e-29 8.6699e-02  1025.6964     8.3577    25.5468     7.2309    220.337    9.49154  289.22319     76.182 -9.990e-29
   40.38992  -72.71266     32.843     32.587     8.3601    32.8678      7.920 -9.990e-29 8.6919e-02  1025.6965     8.3568    25.5471     7.2307    220.332    9.49157  289.22414     76.180 -9.990e-29
   40.38992  -72.71266     32.843     32.587     8.3593    32.8680      7.925 -9.990e-29 8.7361e-02  1025.6972     8.3560    25.5473     7.2306    220.329    9.49151  289.22229     76.180 -9.990e-29
   40.38992  -72.71266     32.834     32.579     8.3583    32.8681      7.925 -9.990e-29 8.7584e-02  1025.6970     8.3551    25.5476     7.2307    220.332    9.49151  289.22234     76.181 -9.990e-29
   40.38992  -72.71266     32.833     32.578     8.3572    32.8683      7.920 -9.990e-29 8.7861e-02  1025.6975     8.3539    25.5478     7.2372    220.531    9.49154  289.22330     76.249 -9.990e-29
   40.38992  -72.71266     32.823     32.568     8.3564    32.8684      7.920 -9.990e-29 8.8085e-02  1025.6976     8.3531    25.5480     7.2305    220.325    9.49149  289.22188     76.179 -9.990e-29
   40.38992  -72.71266     32.823     32.568     8.3557    32.8685      7.920 -9.990e-29 8.8311e-02  1025.6977     8.3525    25.5482     7.2232    220.103    9.49153  289.22310     76.101 -9.990e-29
   40.38992  -72.71266     32.823     32.568     8.3551    32.8685      7.920 -9.990e-29 8.8590e-02  1025.6981     8.3518    25.5483     7.2302    220.315    9.49159  289.22468     76.174 -9.990e-29
   40.38992  -72.71266     32.812     32.557     8.3551    32.8685      7.920 -9.990e-29 8.9098e-02  1025.6977     8.3518    25.5483     7.2309    220.339    9.49158  289.22452     76.183 -9.990e-29
   40.38992  -72.71266     32.804     32.549     8.3548    32.8686      7.925 -9.990e-29 8.9660e-02  1025.6977     8.3515    25.5483     7.2312    220.346    9.49165  289.22638     76.185 -9.990e-29
   40.38992  -72.71266     32.803     32.548     8.3541    32.8687      7.920 -9.990e-29 8.9379e-02  1025.6981     8.3508    25.5486     7.2244    220.138    9.49157  289.22418     76.113 -9.990e-29
   40.38992  -72.71266     32.792     32.537     8.3536    32.8689      7.920 -9.990e-29 8.9098e-02  1025.6982     8.3503    25.5488     7.2311    220.343    9.49154  289.22327     76.184 -9.990e-29
   40.38992  -72.71266     32.792     32.537     8.3531    32.8691      7.920 -9.990e-29 8.8818e-02  1025.6986     8.3499    25.5490     7.2246    220.144    9.49147  289.22121     76.116 -9.990e-29
   40.38992  -72.71266     32.782     32.527     8.3533    32.8692      7.920 -9.990e-29 8.8869e-02  1025.6983     8.3500    25.5492     7.2245    220.143    9.49145  289.22047     76.116 -9.990e-29
   40.38992  -72.71266     32.793     32.538     8.3525    32.8694      7.925 -9.990e-29 8.9202e-02  1025.6990     8.3492    25.5494     7.2246    220.147    9.49144  289.22017     76.117 -9.990e-29
   40.38992  -72.71266     32.772     32.518     8.3522    32.8694      7.920 -9.990e-29 8.9202e-02  1025.6990     8.3489    25.5495     7.2249    220.156    9.49145  289.22084     76.120 -9.990e-29
   40.38992  -72.71266     32.782     32.527     8.3520    32.8694      7.920 -9.990e-29 8.9255e-02  1025.6989     8.3487    25.5495     7.2255    220.172    9.49154  289.22354     76.125 -9.990e-29
   40.38992  -72.71266     32.782     32.527     8.3523    32.8695      7.920 -9.990e-29 8.8802e-02  1025.6987     8.3490    25.5495     7.2190    219.976    9.49154  289.22349     76.057 -9.990e-29
   40.38992  -72.71266     32.782     32.527     8.3522    32.8695      7.920 -9.990e-29 8.8577e-02  1025.6991     8.3489    25.5496     7.2253    220.168    9.49159  289.22479     76.124 -9.990e-29
   40.38992  -72.71266     32.774     32.519     8.3526    32.8695      7.920 -9.990e-29 8.8353e-02  1025.6988     8.3494    25.5496     7.2255    220.172    9.49158  289.22447     76.125 -9.990e-29
   40.38992  -72.71266     32.772     32.518     8.3525    32.8695      7.925 -9.990e-29 8.8131e-02  1025.6990     8.3492    25.5495     7.2187    219.965    9.49158  289.22479     76.053 -9.990e-29
   40.38992  -72.71266     32.782     32.527     8.3529    32.8695      7.920 -9.990e-29 8.7689e-02  1025.6987     8.3497    25.5494     7.2184    219.956    9.49163  289.22606     76.050 -9.990e-29
   40.38992  -72.71266     32.782     32.527     8.3528    32.8693      7.920 -9.990e-29 8.7195e-02  1025.6987     8.3495    25.5493     7.2182    219.951    9.49165  289.22679     76.048 -9.990e-29
   40.38992  -72.71266     32.803     32.548     8.3526    32.8691      7.920 -9.990e-29 8.7251e-02  1025.6987     8.3494    25.5492     7.2182    219.951    9.49171  289.22850     76.048 -9.990e-29
   40.38992  -72.71266     32.804     32.549     8.3528    32.8689      7.920 -9.990e-29 8.7034e-02  1025.6983     8.3495    25.5490     7.2184    219.956    9.49178  289.23047     76.049 -9.990e-29
   40.38992  -72.71266     32.792     32.537     8.3526    32.8688      7.920 -9.990e-29 8.6818e-02  1025.6984     8.3494    25.5489     7.2179    219.942    9.49183  289.23216     76.043 -9.990e-29
   40.38992  -72.71266     32.823     32.568     8.3526    32.8688      7.920 -9.990e-29 8.6332e-02  1025.6984     8.3494    25.5489     7.2113    219.740    9.49185  289.23268     75.974 -9.990e-29
   40.38992  -72.71266     32.823     32.568     8.3523    32.8688      7.920 -9.990e-29 8.5848e-02  1025.6983     8.3490    25.5489     7.2112    219.737    9.49193  289.23507     75.972 -9.990e-29
   40.38992  -72.71266     32.843     32.587     8.3511    32.8689      7.920 -9.990e-29 8.5578e-02  1025.6985     8.3479    25.5492     7.2112    219.738    9.49191  289.23433     75.972 0.0000e+00
   40.38992  -72.71266     32.863     32.608     8.3503    32.8696      7.920 -9.990e-29 8.5848e-02  1025.6997     8.3471    25.5498     7.2107    219.722    9.49198  289.23664     75.966 0.0000e+00
   40.38992  -72.71266     32.874     32.619     8.3513    32.8696      7.920 -9.990e-29 8.6177e-02  1025.7005     8.3480    25.5502     7.2102    219.706    9.49191  289.23435     75.961 0.0000e+00
   40.38992  -72.71266     32.894     32.638     8.3520    32.8696      7.920 -9.990e-29 8.6177e-02  1025.6998     8.3487    25.5499     7.2099    219.698    9.49190  289.23403     75.959 0.0000e+00
   40.38992  -72.71266     32.914     32.658     8.3507    32.8693      7.920 -9.990e-29 8.6177e-02  1025.6991     8.3474    25.5495     7.2098    219.694    9.49187  289.23320     75.957 0.0000e+00
   40.38992  -72.71266     32.945     32.688     8.3488    32.8693      7.920 -9.990e-29 8.5636e-02  1025.6991     8.3456    25.5495     7.2096    219.689    9.49162  289.22554     75.958 0.0000e+00
   40.38992  -72.71266     32.956     32.699     8.3471    32.8693      7.920 -9.990e-29 8.5367e-02  1025.7003     8.3438    25.5502     7.2027    219.477    9.49147  289.22124     75.886 0.0000e+00
   40.38992  -72.71266     32.986     32.730     8.3454    32.8702      7.920 -9.990e-29 8.5367e-02  1025.7016     8.3421    25.5511     7.2094    219.682    9.49152  289.22279     75.956 0.0000e+00
   40.38992  -72.71266     33.018     32.761     8.3443    32.8710      7.920 -9.990e-29 8.5099e-02  1025.7022     8.3411    25.5518     7.2022    219.463    9.49164  289.22628     75.879 0.0000e+00
   40.38992  -72.71266     33.047     32.790     8.3435    32.8715      7.920 -9.990e-29 8.5099e-02  1025.7031     8.3402    25.5523     7.2093    219.680    9.49179  289.23090     75.953 0.0000e+00
   40.38992  -72.71266     33.077     32.820     8.3434    32.8717      7.920 -9.990e-29 8.5099e-02  1025.7032     8.3401    25.5526     7.2094    219.682    9.49182  289.23181     75.954 0.0000e+00
   40.38992  -72.71266     33.118     32.861     8.3428    32.8717      7.920 -9.990e-29 8.4564e-02  1025.7039     8.3395    25.5528     7.2026    219.475    9.49186  289.23307     75.882 0.0000e+00
   40.38992  -72.71260     33.149     32.891     8.3425    32.8717      7.920 -9.990e-29 8.4032e-02  1025.7039     8.3392    25.5528     7.2030    219.487    9.49186  289.23301     75.886 0.0000e+00
   40.38992  -72.71260     33.200     32.941     8.3420    32.8717 -9.990e-29     0.0416 8.3768e-02  1025.7039     8.3387    25.5526     7.2027    219.479    9.49183  289.23218     75.883 0.0000e+00
   40.38992  -72.71260     33.231     32.973     8.3408    32.8717 -9.990e-29     0.0416 8.3240e-02  1025.7038     8.3374    25.5529     7.2034    219.500    9.49178  289.23065     75.891 0.0000e+00
   40.38992  -72.71260     33.271     33.013     8.3381    32.8720 -9.990e-29     0.0416 8.2455e-02  1025.7051     8.3347    25.5535     7.2035    219.503    9.49174  289.22947     75.892 0.0000e+00
   40.38992  -72.71260     33.321     33.062     8.3363    32.8728 -9.990e-29     0.0416 8.2455e-02  1025.7064     8.3330    25.5544     7.2030    219.487    9.49168  289.22767     75.887 0.0000e+00
   40.38992  -72.71260     33.362     33.103     8.3349    32.8737 -9.990e-29     0.0551 8.1676e-02  1025.7073     8.3316    25.5553     7.2034    219.501    9.49174  289.22920     75.892 0.0000e+00
   40.38992  -72.71260     33.393     33.133     8.3344    32.8746 -9.990e-29     0.0551 8.0648e-02  1025.7084     8.3311    25.5561     7.2118    219.757    9.49179  289.23093     75.980 0.0000e+00
   40.38992  -72.71260     33.444     33.183     8.3340    32.8751 -9.990e-29     0.0551 8.0592e-02  1025.7093     8.3306    25.5566     7.2055    219.564    9.49176  289.23004     75.913 0.0000e+00
   40.38992  -72.71260     33.495     33.234     8.3342    32.8753 -9.990e-29     0.0416 7.9885e-02  1025.7093     8.3309    25.5567     7.2056    219.566    9.49176  289.23011     75.914 0.0000e+00
   40.38992  -72.71260     33.546     33.285     8.3341    32.8753 -9.990e-29     0.0551 7.8377e-02  1025.7096     8.3308    25.5568     7.2057    219.571    9.49177  289.23045     75.916 0.0000e+00
   40.38992  -72.71260     33.586     33.324     8.3342    32.8753 -9.990e-29     0.0416 7.7880e-02  1025.7101     8.3309    25.5568     7.2061    219.581    9.49176  289.23010     75.919 0.0000e+00
   40.38992  -72.71260     33.628     33.367     8.3344    32.8751 -9.990e-29     0.0416 7.7880e-02  1025.7098     8.3311    25.5566     7.2066    219.596    9.49182  289.23193     75.924 0.0000e+00
   40.38992  -72.71260     33.688     33.426     8.3344    32.8749 -9.990e-29     0.0551 7.6894e-02  1025.7098     8.3310    25.5564     7.2071    219.613    9.49183  289.23212     75.930 0.0000e+00
   40.38992  -72.71260     33.729     33.467     8.3346    32.8748 -9.990e-29     0.0551 7.6650e-02  1025.7099     8.3313    25.5563     7.2086    219.659    9.49185  289.23269     75.945 0.0000e+00
   40.38992  -72.71260     33.769     33.506     8.3344    32.8748 -9.990e-29     0.0551 7.6650e-02  1025.7103     8.3310    25.5564     7.2024    219.469    9.49181  289.23129     75.880 0.0000e+00
   40.38992  -72.71260     33.820     33.557     8.3341    32.8748 -9.990e-29     0.0551 7.6406e-02  1025.7106     8.3307    25.5564     7.2089    219.667    9.49180  289.23107     75.948 0.0000e+00
   40.38992  -72.71260     33.861     33.598     8.3342    32.8748 -9.990e-29     0.0551 7.6162e-02  1025.7105     8.3309    25.5564     7.2100    219.702    9.49184  289.23255     75.960 0.0000e+00
   40.38992  -72.71260     33.922     33.658     8.3338    32.8748 -9.990e-29     0.0551 7.5920e-02  1025.7113     8.3304    25.5564     7.2112    219.739    9.49184  289.23262     75.973 0.0000e+00
   40.38992  -72.71260     33.952     33.688     8.3342    32.8748 -9.990e-29     0.0551 7.4058e-02  1025.7111     8.3309    25.5564     7.2056    219.567    9.49188  289.23359     75.913 0.0000e+00
   40.38992  -72.71260     34.014     33.750     8.3344    32.8748 -9.990e-29     0.0551 7.3115e-02  1025.7112     8.3310    25.5563     7.2056    219.566    9.49190  289.23422     75.913 0.0000e+00
   40.38992  -72.71260     34.054     33.789     8.3347    32.8748 -9.990e-29     0.0551 7.2881e-02  1025.7114     8.3313    25.5563     7.2064    219.592    9.49187  289.23339     75.922 0.0000e+00
   40.38992  -72.71260     34.085     33.819     8.3347    32.8747 -9.990e-29     0.0416 7.2415e-02  1025.7117     8.3314    25.5563     7.2067    219.601    9.49192  289.23492     75.925 0.0000e+00
   40.38992  -72.71260     34.136     33.870     8.3349    32.8746 -9.990e-29     0.0416 7.1721e-02  1025.7117     8.3315    25.5562     7.2071    219.612    9.49189  289.23416     75.929 0.0000e+00
   40.38992  -72.71260     34.166     33.900     8.3349    32.8744 -9.990e-29     0.0551 7.1491e-02  1025.7115     8.3315    25.5559     7.2076    219.628    9.49192  289.23499     75.934 0.0000e+00
   40.38994  -72.71266     34.217     33.951     8.3346    32.8744 -9.990e-29     0.0551 7.1087e-02  1025.7117     8.3312    25.5559     7.2013    219.435    9.49197  289.23647     75.867 0.0000e+00
   40.38994  -72.71266     34.249     33.982     8.3344    32.8744 -9.990e-29     0.0551 7.0859e-02  1025.7122     8.3310    25.5560     7.2083    219.650    9.49197  289.23627     75.941 0.0000e+00
   40.38994  -72.71266     34.289     34.022     8.3342    32.8744 -9.990e-29     0.0685 7.0631e-02  1025.7124     8.3308    25.5561     7.2085    219.655    9.49198  289.23678     75.943 0.0000e+00
   40.38994  -72.71266     34.319     34.052     8.3343    32.8744 -9.990e-29     0.0685 6.9952e-02  1025.7125     8.3309    25.5560     7.2025    219.473    9.49206  289.23915     75.880 0.0000e+00
   40.38994  -72.71266     34.360     34.093     8.3344    32.8744 -9.990e-29     0.0551 6.8833e-02  1025.7123     8.3310    25.5560     7.2099    219.699    9.49197  289.23652     75.958 0.0000e+00
   40.38994  -72.71266     34.381     34.113     8.3341    32.8744 -9.990e-29     0.0685 6.8833e-02  1025.7127     8.3307    25.5560     7.2104    219.713    9.49193  289.23505     75.963 0.0000e+00
   40.38994  -72.71266     34.421     34.153     8.3339    32.8745 -9.990e-29     0.0685 6.8390e-02  1025.7131     8.3305    25.5562     7.2109    219.729    9.49180  289.23126     75.970 0.0000e+00
   40.38994  -72.71266     34.451     34.183     8.3336    32.8746 -9.990e-29     0.0685 6.7511e-02  1025.7133     8.3302    25.5563     7.2046    219.536    9.49181  289.23133     75.903 0.0000e+00
