CalculateIndicators/WaterTemperature/Data/CTD_NYOS/20220202_C03.cnv
* Sea-Bird SBE 9 Data File:
* FileName = C:\Seabird 9 CTD\Data\2022\202202_offshore\20220202_C03.hex
* Software Version Seasave V 7.23.2
* Temperature SN = 4590
* Conductivity SN = 3228
* Number of Bytes Per Scan = 44
* Number of Voltage Words = 5
* Number of Scans Averaged by the Deck Unit = 1
* NMEA Latitude = 40 29.79 N
* NMEA Longitude = 073 47.78 W
* NMEA UTC (Time) = Jun 19 2002  01:42:36
* NMEA baud rate = 4800
** Ship: rv seawolf
** Station: 7.1
** Operator: TCM
# nquan = 18
# nvalues = 9283                                  
# units = specified
# name 0 = latitude: Latitude [deg]
# name 1 = longitude: Longitude [deg]
# name 2 = prDM: Pressure, Digiquartz [db]
# name 3 = depSM: Depth [salt water, m]
# name 4 = t090C: Temperature [ITS-90, deg C]
# name 5 = sal00: Salinity, Practical [PSU]
# name 6 = ph: pH
# name 7 = flECO-AFL: Fluorescence, WET Labs ECO-AFL/FL [mg/m^3]
# name 8 = cpar: CPAR/Corrected Irradiance [%]
# name 9 = density00: Density [density, kg/m^3]
# name 10 = potemp090C: Potential Temperature [ITS-90, deg C]
# name 11 = sigma-é00: Density [sigma-theta, kg/m^3]
# name 12 = sbeox0Mg/L: Oxygen, SBE 43 [mg/l]
# name 13 = sbox0Mm/Kg: Oxygen, SBE 43 [umol/kg]
# name 14 = oxsolMg/L: Oxygen Saturation, Garcia & Gordon [mg/l]
# name 15 = oxsolMm/Kg: Oxygen Saturation, Garcia & Gordon [umol/kg]
# name 16 = sbeox0PS: Oxygen, SBE 43 [% saturation]
# name 17 = flag:  0.000e+00
# span 0 =   40.49622,   40.49662                 
# span 1 =  -73.79706,  -73.79632                 
# span 2 =      0.981,     19.164                 
# span 3 =      0.973,     19.015                 
# span 4 =     4.9829,     5.7416                 
# span 5 =    32.8689,    33.2080                 
# span 6 =      8.333,      8.346                 
# span 7 =     0.2700,     0.5252                 
# span 8 = 5.0640e-11, 9.9999e+04                 
# span 9 =  1025.9983,  1026.2572                 
# span 10 =     4.9824,     5.7402                
# span 11 =    25.9870,    26.1697                
# span 12 =     8.3716,     9.8288                
# span 13 =    254.945,    299.370                
# span 14 =   10.05349,   10.25651                
# span 15 =  306.16866,  312.39739                
# span 16 =     83.260,     95.859                
# span 17 = 0.0000e+00, 0.0000e+00                
# interval = seconds: 0.0416667
# start_time = Feb 02 2022 01:42:37 [System UTC, first data scan.]
# bad_flag = -9.990e-29
*END*
[from data line 6674]
   40.49632  -73.79690      2.568      2.548     4.9941    32.8900      8.342     0.2968 5.0640e-11  1026.0152     4.9939    26.0033     9.3118    283.621   10.25356  312.30734     90.815  0.000e+00
   40.49632  -73.79690      2.588      2.568     4.9940    32.8900      8.342     0.3103 5.0640e-11  1026.0154     4.9938    26.0033     9.3070    283.477   10.25360  312.30844     90.768  0.000e+00
   40.49632  -73.79690      2.586      2.566     4.9938    32.8901      8.342     0.2968 5.0640e-11  1026.0154     4.9936    26.0034     9.3030    283.354   10.25363  312.30936     90.729  0.000e+00
   40.49632  -73.79690      2.598      2.578     4.9938    32.8898      8.342     0.3103 5.0640e-11  1026.0152     4.9936    26.0032     9.2989    283.229   10.25365  312.31002     90.688  0.000e+00
   40.49632  -73.79690      2.619      2.598     4.9940    32.8898      8.337     0.3103 5.0640e-11  1026.0153     4.9938    26.0032     9.2884    282.911   10.25362  312.30897     90.587  0.000e+00
   40.49632  -73.79690      2.609      2.589     4.9941    32.8898      8.337     0.3103 5.0640e-11  1026.0153     4.9939    26.0032     9.2780    282.594   10.25358  312.30788     90.486  0.000e+00
   40.49632  -73.79690      2.630      2.609     4.9940    32.8899      8.342     0.3237 5.0640e-11  1026.0155     4.9938    26.0033     9.2600    282.044   10.25361  312.30866     90.309  0.000e+00
   40.49632  -73.79690      2.630      2.609     4.9940    32.8901      8.342     0.3237 5.0640e-11  1026.0156     4.9938    26.0034     9.2404    281.447   10.25359  312.30816     90.118  0.000e+00
   40.49632  -73.79690      2.649      2.628     4.9941    32.8901      8.342     0.3237 5.0640e-11  1026.0157     4.9939    26.0034     9.2186    280.783   10.25356  312.30711     89.906  0.000e+00
   40.49632  -73.79690      2.649      2.628     4.9943    32.8899      8.342     0.3237 5.0640e-11  1026.0155     4.9941    26.0032     9.1813    279.648   10.25352  312.30611     89.543  0.000e+00
   40.49632  -73.79690      2.649      2.628     4.9943    32.8896      8.342     0.3237 5.0640e-11  1026.0153     4.9941    26.0030     9.1694    279.286   10.25354  312.30676     89.427  0.000e+00
   40.49632  -73.79690      2.660      2.639     4.9940    32.8901      8.342     0.3237 5.0640e-11  1026.0158     4.9938    26.0034     9.1509    278.722   10.25359  312.30820     89.246  0.000e+00
   40.49632  -73.79690      2.679      2.658     4.9944    32.8899      8.342     0.3237 5.0640e-11  1026.0157     4.9942    26.0033     9.1484    278.645   10.25348  312.30490     89.222  0.000e+00
   40.49632  -73.79690      2.669      2.649     4.9940    32.8903      8.342     0.3237 5.0640e-11  1026.0160     4.9938    26.0036     9.1427    278.473   10.25358  312.30772     89.166  0.000e+00
   40.49632  -73.79690      2.679      2.658     4.9941    32.8901      8.337     0.3237 5.0640e-11  1026.0158     4.9939    26.0034     9.1314    278.126   10.25356  312.30714     89.055  0.000e+00
   40.49632  -73.79690      2.678      2.657     4.9944    32.8895      8.342     0.3237 5.0640e-11  1026.0153     4.9943    26.0029     9.1206    277.799   10.25352  312.30604     88.951  0.000e+00
   40.49632  -73.79690      2.690      2.669     4.9941    32.8901      8.342     0.3237 5.0640e-11  1026.0159     4.9939    26.0035     9.1239    277.900   10.25355  312.30699     88.983  0.000e+00
   40.49630  -73.79692      2.700      2.679     4.9941    32.8901      8.342     0.3237 5.0640e-11  1026.0160     4.9939    26.0034     9.1357    278.257   10.25355  312.30700     89.097  0.000e+00
   40.49630  -73.79692      2.700      2.679     4.9943    32.8896      8.342     0.3237 5.0640e-11  1026.0155     4.9941    26.0030     9.1574    278.920   10.25354  312.30682     89.310  0.000e+00
   40.49630  -73.79692      2.700      2.679     4.9944    32.8881      8.342     0.3237 5.0640e-11  1026.0143     4.9942    26.0018     9.1830    279.699   10.25361  312.30918     89.558  0.000e+00
   40.49630  -73.79692      2.709      2.688     4.9941    32.8882      8.337     0.3237 5.0640e-11  1026.0145     4.9939    26.0019     9.1771    279.521   10.25368  312.31144     89.501  0.000e+00
   40.49630  -73.79692      2.709      2.688     4.9941    32.8891      8.342     0.3237 5.0640e-11  1026.0152     4.9939    26.0026     9.1771    279.521   10.25363  312.30947     89.501  0.000e+00
   40.49630  -73.79692      2.709      2.688     4.9940    32.8900      8.342     0.3237 5.0640e-11  1026.0159     4.9938    26.0034     9.1770    279.516   10.25360  312.30842     89.500  0.000e+00
   40.49630  -73.79692      2.730      2.709     4.9941    32.8901      8.342     0.3237 5.0640e-11  1026.0160     4.9939    26.0034     9.1845    279.746   10.25356  312.30720     89.574  0.000e+00
   40.49630  -73.79692      2.720      2.699     4.9940    32.8899      8.342     0.3237 5.0640e-11  1026.0159     4.9938    26.0033     9.1928    279.997   10.25361  312.30860     89.654  0.000e+00
   40.49630  -73.79692      2.730      2.709     4.9941    32.8897      8.342     0.3237 5.0640e-11  1026.0158     4.9939    26.0031     9.1929    280.002   10.25358  312.30802     89.656  0.000e+00
   40.49630  -73.79692      2.741      2.720     4.9941    32.8891      8.342     0.3237 5.0640e-11  1026.0154     4.9939    26.0027     9.1976    280.143   10.25362  312.30934     89.701  0.000e+00
   40.49630  -73.79692      2.730      2.709     4.9940    32.8785      8.342     0.3237 5.0640e-11  1026.0069     4.9938    25.9943     9.2008    280.246   10.25439  312.33513     89.726  0.000e+00
   40.49630  -73.79692      2.741      2.720     4.9938    32.8780      8.342     0.3237 5.0640e-11  1026.0066     4.9936    25.9939     9.2015    280.266   10.25446  312.33753     89.732  0.000e+00
   40.49630  -73.79692      2.748      2.726     4.9936    32.8839      8.342     0.3237 5.0640e-11  1026.0113     4.9934    25.9985     9.2004    280.232   10.25411  312.32528     89.724  0.000e+00
   40.49630  -73.79692      2.760      2.739     4.9938    32.8882      8.342     0.3237 5.0640e-11  1026.0148     4.9936    26.0020     9.1909    279.942   10.25376  312.31365     89.635  0.000e+00
   40.49630  -73.79692      2.750      2.729     4.9938    32.8895      8.342     0.3237 5.0640e-11  1026.0157     4.9936    26.0030     9.1803    279.617   10.25367  312.31070     89.532  0.000e+00
   40.49630  -73.79692      2.760      2.739     4.9938    32.8898      8.342     0.3237 5.0640e-11  1026.0160     4.9936    26.0032     9.1683    279.253   10.25365  312.30989     89.415  0.000e+00
   40.49630  -73.79692      2.771      2.750     4.9940    32.8895      8.342     0.3237 5.0640e-11  1026.0159     4.9938    26.0030     9.1541    278.821   10.25363  312.30948     89.277  0.000e+00
   40.49630  -73.79692      2.771      2.750     4.9938    32.8898      8.342     0.3103 5.0640e-11  1026.0161     4.9936    26.0032     9.1386    278.346   10.25365  312.30990     89.125  0.000e+00
   40.49630  -73.79692      2.771      2.750     4.9941    32.8899      8.342     0.3237 5.0640e-11  1026.0161     4.9939    26.0033     9.1223    277.850   10.25357  312.30758     88.967  0.000e+00
   40.49630  -73.79692      2.790      2.769     4.9941    32.8902      8.342     0.3237 5.0640e-11  1026.0165     4.9939    26.0035     9.1134    277.579   10.25355  312.30678     88.880  0.000e+00
   40.49630  -73.79692      2.781      2.759     4.9943    32.8899      8.342     0.3237 5.0640e-11  1026.0161     4.9941    26.0032     9.1142    277.604   10.25352  312.30610     88.889  0.000e+00
   40.49630  -73.79692      2.790      2.769     4.9940    32.8899      8.342     0.3237 5.0640e-11  1026.0162     4.9938    26.0033     9.1312    278.121   10.25361  312.30868     89.053  0.000e+00
   40.49630  -73.79692      2.790      2.769     4.9941    32.8899      8.342     0.3237 2.0476e-01  1026.0162     4.9939    26.0032     9.1469    278.601   10.25357  312.30760     89.207  0.000e+00
   40.49630  -73.79692      2.801      2.780     4.9941    32.8902      8.337     0.3237 5.0973e-01  1026.0165     4.9939    26.0035     9.1609    279.028   10.25355  312.30680     89.344  0.000e+00
   40.49632  -73.79688      2.811      2.789     4.9941    32.8903      8.342     0.3237 5.2288e-01  1026.0166     4.9939    26.0036     9.1840    279.731   10.25354  312.30664     89.569  0.000e+00
   40.49632  -73.79688      2.801      2.780     4.9941    32.8880      8.342     0.3237 1.3168e-01  1026.0147     4.9939    26.0017     9.1873    279.832   10.25370  312.31203     89.600  0.000e+00
   40.49632  -73.79688      2.811      2.789     4.9938    32.8803      8.342     0.3237 5.0640e-11  1026.0087     4.9936    25.9957     9.1969    280.124   10.25430  312.33221     89.688  0.000e+00
   40.49632  -73.79688      2.820      2.799     4.9940    32.8843      8.342     0.3237 5.0640e-11  1026.0119     4.9937    25.9988     9.2059    280.400   10.25399  312.32181     89.779  0.000e+00
   40.49632  -73.79688      2.819      2.797     4.9941    32.8885      8.337     0.3237 5.0640e-11  1026.0153     4.9939    26.0022     9.2145    280.660   10.25366  312.31075     89.866  0.000e+00
   40.49632  -73.79688      2.820      2.799     4.9940    32.8897      8.342     0.3237 5.0640e-11  1026.0162     4.9937    26.0031     9.2220    280.889   10.25362  312.30921     89.939  0.000e+00
   40.49632  -73.79688      2.831      2.810     4.9938    32.8899      8.342     0.3237 5.0640e-11  1026.0165     4.9936    26.0033     9.2369    281.342   10.25364  312.30964     90.084  0.000e+00
   40.49632  -73.79688      2.820      2.799     4.9938    32.8894      8.342     0.3237 5.0640e-11  1026.0160     4.9936    26.0029     9.2458    281.612   10.25368  312.31094     90.170  0.000e+00
   40.49632  -73.79688      2.831      2.810     4.9940    32.8893      8.342     0.3237 5.0640e-11  1026.0159     4.9937    26.0028     9.2478    281.674   10.25365  312.31004     90.190  0.000e+00
   40.49632  -73.79688      2.831      2.810     4.9941    32.8893      8.342     0.3237 5.0640e-11  1026.0159     4.9939    26.0028     9.2493    281.719   10.25361  312.30896     90.205  0.000e+00
   40.49632  -73.79688      2.831      2.810     4.9938    32.8898      8.342     0.3237 5.0640e-11  1026.0164     4.9936    26.0032     9.2574    281.965   10.25365  312.30997     90.284  0.000e+00
   40.49632  -73.79688      2.841      2.819     4.9935    32.8900      8.342     0.3237 5.0640e-11  1026.0166     4.9933    26.0034     9.2658    282.222   10.25372  312.31207     90.365  0.000e+00
   40.49632  -73.79688      2.831      2.810     4.9940    32.8892      8.342     0.3237 5.0640e-11  1026.0158     4.9937    26.0027     9.2806    282.671   10.25366  312.31037     90.510  0.000e+00
   40.49632  -73.79688      2.820      2.799     4.9936    32.8899      8.342     0.3237 5.0640e-11  1026.0164     4.9934    26.0033     9.2886    282.916   10.25369  312.31113     90.588  0.000e+00
   40.49632  -73.79688      2.852      2.830     4.9941    32.8894      8.342     0.2968 5.0640e-11  1026.0161     4.9939    26.0028     9.2951    283.115   10.25361  312.30882     90.652  0.000e+00
   40.49632  -73.79688      2.831      2.810     4.9940    32.8894      8.342     0.2968 5.0640e-11  1026.0161     4.9937    26.0029     9.3002    283.268   10.25364  312.30971     90.701  0.000e+00
   40.49632  -73.79688      2.831      2.810     4.9941    32.8890      8.342     0.2968 5.0640e-11  1026.0157     4.9939    26.0026     9.3176    283.801   10.25363  312.30961     90.872  0.000e+00
   40.49632  -73.79688      2.841      2.819     4.9941    32.8892      8.342     0.2968 5.0640e-11  1026.0159     4.9939    26.0027     9.3263    284.065   10.25362  312.30930     90.956  0.000e+00
   40.49632  -73.79688      2.820      2.799     4.9941    32.8898      8.342     0.2968 5.0640e-11  1026.0163     4.9939    26.0032     9.3355    284.345   10.25358  312.30780     91.046  0.000e+00
   40.49632  -73.79688      2.831      2.810     4.9940    32.8896      8.342     0.2968 5.0640e-11  1026.0162     4.9937    26.0030     9.3445    284.619   10.25363  312.30938     91.134  0.000e+00
   40.49632  -73.79688      2.820      2.799     4.9938    32.8901      8.342     0.2968 9.9999e+04  1026.0165     4.9936    26.0034     9.3547    284.930   10.25363  312.30930     91.233  0.000e+00
   40.49632  -73.79688      2.820      2.799     4.9936    32.8905      8.342     0.2968 5.0640e-11  1026.0169     4.9934    26.0038     9.3514    284.829   10.25365  312.30982     91.201  0.000e+00
   40.49632  -73.79688      2.819      2.797     4.9940    32.8902      8.342     0.2968 5.0640e-11  1026.0166     4.9937    26.0035     9.3601    285.095   10.25359  312.30806     91.286  0.000e+00
   40.49632  -73.79688      2.801      2.780     4.9941    32.8900      8.342     0.2968 5.0640e-11  1026.0164     4.9939    26.0034     9.3614    285.134   10.25356  312.30729     91.299  0.000e+00
   40.49632  -73.79688      2.811      2.789     4.9941    32.8900      8.342     0.2968 5.0640e-11  1026.0164     4.9939    26.0033     9.3703    285.403   10.25356  312.30730     91.385  0.000e+00
   40.49632  -73.79688      2.790      2.769     4.9941    32.8897      8.342     0.2968 5.0640e-11  1026.0161     4.9939    26.0031     9.3741    285.520   10.25358  312.30793     91.423  0.000e+00
   40.49632  -73.79688      2.790      2.769     4.9941    32.8901      8.342     0.2968 5.0640e-11  1026.0164     4.9939    26.0034     9.3730    285.488   10.25356  312.30711     91.413  0.000e+00
   40.49632  -73.79688      2.790      2.769     4.9941    32.8905      8.342     0.2968 5.0640e-11  1026.0167     4.9939    26.0037     9.3805    285.715   10.25353  312.30613     91.486  0.000e+00
   40.49632  -73.79688      2.771      2.750     4.9941    32.8899      8.342     0.2968 5.0640e-11  1026.0161     4.9939    26.0033     9.3933    286.104   10.25357  312.30758     91.610  0.000e+00
   40.49632  -73.79688      2.760      2.739     4.9941    32.8901      8.342     0.2968 5.0640e-11  1026.0162     4.9939    26.0034     9.3917    286.057   10.25356  312.30707     91.595  0.000e+00
   40.49632  -73.79688      2.760      2.739     4.9938    32.8901      8.342     0.2968 5.0640e-11  1026.0163     4.9936    26.0035     9.4025    286.385   10.25363  312.30923     91.699  0.000e+00
   40.49632  -73.79688      2.750      2.729     4.9941    32.8899      8.342     0.2968 5.0640e-11  1026.0160     4.9939    26.0033     9.4066    286.511   10.25357  312.30755     91.740  0.000e+00
   40.49632  -73.79688      2.741      2.720     4.9938    32.8901      8.342     0.2968 5.0640e-11  1026.0161     4.9936    26.0034     9.4036    286.418   10.25363  312.30937     91.710  0.000e+00
   40.49632  -73.79688      2.730      2.709     4.9940    32.8903      8.342     0.2968 5.0640e-11  1026.0162     4.9938    26.0036     9.3986    286.266   10.25358  312.30779     91.661  0.000e+00
   40.49632  -73.79688      2.709      2.688     4.9940    32.8900      8.342     0.2968 5.0640e-11  1026.0159     4.9938    26.0034     9.3926    286.084   10.25360  312.30842     91.603  0.000e+00
   40.49632  -73.79688      2.709      2.688     4.9940    32.8899      8.342     0.2968 5.0640e-11  1026.0158     4.9938    26.0032     9.3786    285.658   10.25361  312.30875     91.467  0.000e+00
   40.49632  -73.79688      2.679      2.658     4.9938    32.8897      8.342     0.2968 5.0640e-11  1026.0156     4.9936    26.0032     9.3629    285.180   10.25365  312.31012     91.313  0.000e+00
   40.49632  -73.79688      2.678      2.657     4.9940    32.8897      8.342     0.2968 3.5467e-01  1026.0156     4.9938    26.0031     9.3455    284.650   10.25362  312.30904     91.144  0.000e+00
