CalculateIndicators/WaterTemperature/Data/CTD_NYOS/202200726_C01.cnv
* Sea-Bird SBE 9 Data File:
* FileName = C:\Seabird 9 CTD\Data\2022\202207_offshore\202200726_C01.hex
* Software Version Seasave V 7.23.2
* Temperature SN = 4590
* Conductivity SN = 3228
* Number of Bytes Per Scan = 44
* Number of Voltage Words = 5
* Number of Scans Averaged by the Deck Unit = 1
* NMEA Latitude = 40 57.59 N
* NMEA Longitude = 073 34.81 W
* NMEA UTC (Time) = Dec 10 2002  14:00:53
* NMEA baud rate = 4800
** Ship: seawolf
** Station: LIS_ARIG
** Operator: TDK
# nquan = 18
# nvalues = 11404                       
# units = specified
# name 0 = latitude: Latitude [deg]
# name 1 = longitude: Longitude [deg]
# name 2 = prDM: Pressure, Digiquartz [db]
# name 3 = depSM: Depth [salt water, m]
# name 4 = t090C: Temperature [ITS-90, deg C]
# name 5 = sal00: Salinity, Practical [PSU]
# name 6 = ph: pH
# name 7 = flECO-AFL: Fluorescence, WET Labs ECO-AFL/FL [mg/m^3]
# name 8 = cpar: CPAR/Corrected Irradiance [%]
# name 9 = density00: Density [density, kg/m^3]
# name 10 = potemp090C: Potential Temperature [ITS-90, deg C]
# name 11 = sigma-é00: Density [sigma-theta, kg/m^3]
# name 12 = sbeox0Mg/L: Oxygen, SBE 43 [mg/l]
# name 13 = sbox0Mm/Kg: Oxygen, SBE 43 [umol/kg]
# name 14 = oxsolMg/L: Oxygen Saturation, Garcia & Gordon [mg/l]
# name 15 = oxsolMm/Kg: Oxygen Saturation, Garcia & Gordon [umol/kg]
# name 16 = sbeox0PS: Oxygen, SBE 43 [% saturation]
# name 17 = flag:  0.000e+00
# span 0 =   40.95994,   40.95998       
# span 1 =  -73.58024,  -73.58004       
# span 2 =      1.528,     13.324       
# span 3 =      1.516,     13.220       
# span 4 =    19.0104,    22.9983       
# span 5 =    26.9958,    28.1797       
# span 6 =      7.563,      7.884       
# span 7 =     0.2834,     3.1711       
# span 8 = 4.6491e-02, 2.2275e+01       
# span 9 =  1017.8948,  1019.8712       
# span 10 =    19.0081,    22.9979      
# span 11 =    17.8880,    19.8128      
# span 12 =     3.3208,     6.6965      
# span 13 =    101.804,    205.463      
# span 14 =    7.34086,    7.84436      
# span 15 =  225.37338,  240.37747      
# span 16 =     42.892,     90.267      
# span 17 = 0.0000e+00, 0.0000e+00      
# interval = seconds: 0.0416667
# start_time = Jul 26 2022 14:00:51 [System UTC, first data scan.]
# bad_flag = -9.990e-29
*END*
[from data line 8764]
   40.95994  -73.58010      3.163      3.138    22.2822    27.1769      7.881     3.0905 9.3853e+00  1018.2213    22.2816    18.2105     5.9452    182.460    7.43453  228.16878     79.967 -9.990e-29
   40.95994  -73.58010      3.172      3.148    22.2672    27.1839      7.881     3.0905 9.3853e+00  1018.2324    22.2666    18.2192     5.9396    182.290    7.43325  228.12992     79.906 -9.990e-29
   40.95994  -73.58010      3.163      3.138    22.2514    27.1921      7.881     3.0905 9.4117e+00  1018.2441    22.2508    18.2290     5.9317    182.049    7.42952  228.01999     79.839 -9.990e-29
   40.95994  -73.58010      3.172      3.148    22.2394    27.1986      7.881     3.0905 9.4383e+00  1018.2525    22.2388    18.2371     5.9277    181.932    7.42444  227.87172     79.840 -9.990e-29
   40.95994  -73.58010      3.163      3.138    22.2325    27.2029      7.881     3.0905 9.4383e+00  1018.2568    22.2319    18.2425     5.9197    181.692    7.42055  227.75837     79.774 -9.990e-29
   40.95994  -73.58010      3.163      3.138    22.2274    27.2062      7.881     3.0905 9.4510e+00  1018.2601    22.2268    18.2466     5.9184    181.654    7.41852  227.69903     79.778 -9.990e-29
   40.95994  -73.58010      3.163      3.138    22.2215    27.2096      7.881     3.0905 9.4776e+00  1018.2642    22.2209    18.2508     5.9178    181.637    7.41725  227.66202     79.784 -9.990e-29
   40.95994  -73.58010      3.172      3.148    22.2144    27.2133      7.882     3.0905 9.4510e+00  1018.2698    22.2138    18.2551     5.9127    181.484    7.41630  227.63438     79.726 -9.990e-29
   40.95994  -73.58010      3.163      3.138    22.2101    27.2158      7.882     3.0905 9.4776e+00  1018.2731    22.2095    18.2581     5.9080    181.338    7.41597  227.62462     79.665 -9.990e-29
   40.95994  -73.58010      3.152      3.127    22.2105    27.2168      7.882     3.0905 9.4776e+00  1018.2732    22.2099    18.2591     5.9035    181.200    7.41592  227.62324     79.605 -9.990e-29
   40.95994  -73.58010      3.163      3.138    22.2110    27.2169      7.882     3.0905 9.4776e+00  1018.2728    22.2104    18.2593     5.9038    181.210    7.41583  227.62070     79.610 -9.990e-29
   40.95994  -73.58010      3.163      3.138    22.2103    27.2172      7.882     3.0905 9.4776e+00  1018.2730    22.2097    18.2597     5.8998    181.086    7.41658  227.64272     79.548 -9.990e-29
   40.95994  -73.58010      3.163      3.138    22.2087    27.2180      7.877     3.0905 9.4510e+00  1018.2743    22.2081    18.2605     5.8958    180.964    7.41733  227.66419     79.487 -9.990e-29
   40.95994  -73.58010      3.152      3.127    22.2074    27.2183      7.882     3.0905 9.4904e+00  1018.2754    22.2068    18.2613     5.8963    180.978    7.41764  227.67283     79.490 -9.990e-29
   40.95994  -73.58010      3.152      3.127    22.2071    27.2183      7.882     3.0905 9.4904e+00  1018.2756    22.2065    18.2615     5.8965    180.983    7.41754  227.66977     79.494 -9.990e-29
   40.95996  -73.58010      3.163      3.138    22.2074    27.2183      7.877     3.0905 9.4904e+00  1018.2748    22.2068    18.2611     5.8969    180.995    7.41732  227.66307     79.501 -9.990e-29
   40.95996  -73.58010      3.152      3.127    22.2075    27.2177      7.882     3.0905 9.4904e+00  1018.2743    22.2069    18.2607     5.8922    180.851    7.41700  227.65352     79.441 -9.990e-29
   40.95996  -73.58010      3.152      3.127    22.2078    27.2171      7.877     3.0905 9.4637e+00  1018.2737    22.2072    18.2602     5.8877    180.714    7.41693  227.65118     79.382 -9.990e-29
   40.95996  -73.58010      3.152      3.127    22.2080    27.2166      7.882     3.0905 9.4637e+00  1018.2734    22.2074    18.2598     5.8879    180.720    7.41672  227.64482     79.387 -9.990e-29
   40.95996  -73.58010      3.152      3.127    22.2079    27.2166      7.877     3.0770 9.4637e+00  1018.2730    22.2073    18.2597     5.8831    180.573    7.41616  227.62812     79.328 -9.990e-29
   40.95996  -73.58010      3.152      3.127    22.2066    27.2166      7.882     3.0502 9.4371e+00  1018.2735    22.2060    18.2601     5.8829    180.568    7.41543  227.60625     79.333 -9.990e-29
   40.95996  -73.58010      3.152      3.127    22.2044    27.2167      7.882     3.0502 9.4371e+00  1018.2744    22.2038    18.2608     5.8776    180.404    7.41450  227.57873     79.271 -9.990e-29
   40.95996  -73.58010      3.152      3.127    22.2020    27.2171      7.882     3.0502 9.4498e+00  1018.2753    22.2014    18.2618     5.8771    180.392    7.41338  227.54590     79.277 -9.990e-29
   40.95996  -73.58010      3.142      3.118    22.1992    27.2177      7.882     3.0502 9.4233e+00  1018.2767    22.1986    18.2629     5.8767    180.380    7.41224  227.51248     79.283 -9.990e-29
   40.95996  -73.58010      3.152      3.127    22.1973    27.2177      7.882     3.0502 9.4233e+00  1018.2778    22.1967    18.2635     5.8766    180.378    7.41150  227.49064     79.290 -9.990e-29
   40.95996  -73.58010      3.152      3.127    22.1975    27.2177      7.882     3.0502 9.4233e+00  1018.2772    22.1969    18.2632     5.8771    180.392    7.41140  227.48713     79.298 -9.990e-29
   40.95996  -73.58010      3.142      3.118    22.1989    27.2167      7.882     3.0502 9.3968e+00  1018.2760    22.1983    18.2622     5.8724    180.250    7.41089  227.47174     79.241 -9.990e-29
   40.95996  -73.58010      3.152      3.127    22.2008    27.2156      7.882     3.0502 9.3968e+00  1018.2746    22.2002    18.2609     5.8725    180.252    7.41031  227.45405     79.248 -9.990e-29
   40.95996  -73.58010      3.142      3.118    22.2030    27.2145      7.882     3.0502 9.3315e+00  1018.2729    22.2024    18.2597     5.8734    180.279    7.41035  227.45404     79.259 -9.990e-29
   40.95996  -73.58010      3.152      3.127    22.2037    27.2145      7.882     3.0502 9.3578e+00  1018.2721    22.2031    18.2591     5.8746    180.316    7.41082  227.46682     79.271 -9.990e-29
   40.95996  -73.58010      3.142      3.118    22.2029    27.2145      7.877     3.0502 9.3315e+00  1018.2726    22.2023    18.2594     5.8749    180.325    7.41020  227.44809     79.282 -9.990e-29
   40.95996  -73.58010      3.152      3.127    22.2007    27.2151      7.877     3.0502 9.3315e+00  1018.2739    22.2001    18.2607     5.8690    180.146    7.40795  227.38194     79.226 -9.990e-29
   40.95996  -73.58010      3.142      3.118    22.1975    27.2168      7.877     3.0502 9.3315e+00  1018.2762    22.1969    18.2628     5.8683    180.126    7.40624  227.33211     79.235 -9.990e-29
   40.95996  -73.58010      3.152      3.127    22.1938    27.2185      7.882     3.0502 9.3315e+00  1018.2791    22.1932    18.2649     5.8695    180.163    7.40643  227.33753     79.249 -9.990e-29
   40.95996  -73.58010      3.142      3.118    22.1914    27.2185      7.877     3.0502 9.3315e+00  1018.2806    22.1908    18.2662     5.8759    180.359    7.40688  227.35004     79.331 -9.990e-29
   40.95996  -73.58010      3.142      3.118    22.1911    27.2185      7.877     3.0502 9.3578e+00  1018.2806    22.1905    18.2662     5.8706    180.196    7.40508  227.29707     79.278 -9.990e-29
   40.95996  -73.58010      3.152      3.127    22.1929    27.2180      7.877     3.0502 9.3842e+00  1018.2789    22.1923    18.2648     5.8689    180.148    7.40177  227.19988     79.290 -9.990e-29
   40.95996  -73.58010      3.142      3.118    22.1961    27.2158      7.877     3.0502 9.4106e+00  1018.2762    22.1955    18.2621     5.8726    180.266    7.39900  227.11880     79.371 -9.990e-29
   40.95996  -73.58010      3.142      3.118    22.2010    27.2126      7.882     3.0502 9.4106e+00  1018.2726    22.2004    18.2584     5.8725    180.264    7.39696  227.05910     79.391 -9.990e-29
   40.95996  -73.58010      3.142      3.118    22.2083    27.2088      7.877     3.0502 9.4371e+00  1018.2673    22.2077    18.2539     5.8729    180.278    7.39530  227.01090     79.414 -9.990e-29
   40.95996  -73.58010      3.152      3.127    22.2149    27.2053      7.882     3.0502 9.4637e+00  1018.2622    22.2143    18.2498     5.8735    180.298    7.39399  226.97352     79.436 -9.990e-29
   40.95996  -73.58010      3.142      3.118    22.2179    27.2033      7.877     3.0502 9.4637e+00  1018.2600    22.2173    18.2475     5.8763    180.385    7.39537  227.01455     79.460 -9.990e-29
   40.95996  -73.58010      3.152      3.127    22.2169    27.2029      7.877     3.0502 9.5032e+00  1018.2604    22.2163    18.2470     5.8814    180.536    7.39906  227.12229     79.488 -9.990e-29
   40.95996  -73.58010      3.132      3.108    22.2154    27.2027      7.882     3.0368 9.5032e+00  1018.2614    22.2148    18.2469     5.8895    180.782    7.40056  227.16591     79.582 -9.990e-29
   40.95996  -73.58010      3.152      3.127    22.2170    27.2018      7.877     3.0233 9.5299e+00  1018.2601    22.2164    18.2458     5.8964    180.994    7.40017  227.15399     79.679 -9.990e-29
   40.95996  -73.58010      3.152      3.127    22.2210    27.2018      7.877     3.0233 9.5299e+00  1018.2571    22.2204    18.2441     5.8980    181.044    7.39933  227.12892     79.710 -9.990e-29
   40.95996  -73.58010      3.152      3.127    22.2235    27.2018      7.877     3.0233 9.5568e+00  1018.2559    22.2228    18.2433     5.9051    181.262    7.39880  227.11314     79.811 -9.990e-29
   40.95996  -73.58010      3.142      3.118    22.2247    27.2004      7.881     3.0233 9.5837e+00  1018.2572    22.2241    18.2440     5.9024    181.180    7.39849  227.10374     79.778 -9.990e-29
   40.95996  -73.58010      3.142      3.118    22.2259    27.2004      7.877     3.0233 9.5967e+00  1018.2606    22.2253    18.2440     5.9050    181.258    7.39861  227.10760     79.812 -9.990e-29
   40.95996  -73.58010      3.152      3.127    22.2352    27.2004      7.877     3.0233 9.6378e+00  1018.2588    22.2346    18.2375     5.9129    181.501    7.39893  227.11785     79.915 -9.990e-29
   40.95996  -73.58010      3.152      3.127    22.2679    27.1871      7.877     3.0233 9.6378e+00  1018.2386    22.2673    18.2196     5.9216    181.769    7.40011  227.15317     80.021 -9.990e-29
   40.95996  -73.58010      3.142      3.118    22.3145    27.1664      7.877     3.0233 9.6508e+00  1018.2054    22.3139    18.1939     5.9260    181.903    7.40195  227.20721     80.060 -9.990e-29
   40.95996  -73.58010      3.152      3.127    22.3509    27.1468      7.877     3.0233 9.6508e+00  1018.1785    22.3503    18.1701     5.9353    182.185    7.40345  227.25156     80.169 -9.990e-29
   40.95996  -73.58010      3.152      3.127    22.3699    27.1333      7.877     3.0233 9.6508e+00  1018.1645    22.3693    18.1539     5.9401    182.330    7.40553  227.31284     80.211 -9.990e-29
   40.95996  -73.58010      3.152      3.127    22.3817    27.1250      7.876     3.0233 9.6508e+00  1018.1560    22.3811    18.1439     5.9501    182.637    7.40780  227.37899     80.323 -9.990e-29
   40.95996  -73.58010      3.142      3.118    22.3905    27.1199      7.876     3.0233 9.6237e+00  1018.1495    22.3899    18.1378     5.9596    182.926    7.40899  227.41360     80.437 -9.990e-29
   40.95996  -73.58010      3.152      3.127    22.3936    27.1173      7.876     3.0233 9.6237e+00  1018.1474    22.3930    18.1346     5.9682    183.188    7.40916  227.41794     80.551 -9.990e-29
   40.95996  -73.58010      3.142      3.118    22.3943    27.1173      7.876     3.0233 9.6107e+00  1018.1465    22.3937    18.1334     5.9716    183.293    7.40920  227.41840     80.597 -9.990e-29
   40.95996  -73.58010      3.152      3.127    22.3952    27.1173      7.881     3.0233 9.5967e+00  1018.1457    22.3946    18.1342     5.9793    183.529    7.40874  227.40448     80.706 -9.990e-29
   40.95996  -73.58010      3.152      3.127    22.3882    27.1196      7.876     3.0233 9.5697e+00  1018.1506    22.3876    18.1376     5.9865    183.751    7.40739  227.36465     80.818 -9.990e-29
   40.95996  -73.58010      3.152      3.127    22.3809    27.1237      7.881     3.0233 9.5697e+00  1018.1566    22.3803    18.1421     5.9937    183.975    7.40619  227.32944     80.929 -9.990e-29
   40.95996  -73.58010      3.152      3.127    22.3774    27.1271      7.876     3.0233 9.5299e+00  1018.1605    22.3768    18.1456     6.0015    184.213    7.40567  227.31386     81.039 -9.990e-29
   40.95996  -73.58010      3.152      3.127    22.3776    27.1289      7.881     3.0233 9.5160e+00  1018.1616    22.3770    18.1472     6.0046    184.309    7.40530  227.30284     81.085 -9.990e-29
   40.95994  -73.58010      3.152      3.127    22.3792    27.1291      7.876     3.0233 9.5032e+00  1018.1613    22.3786    18.1472     6.0120    184.537    7.40424  227.27181     81.197 -9.990e-29
   40.95994  -73.58010      3.152      3.127    22.3820    27.1291      7.881     3.0233 9.4765e+00  1018.1595    22.3814    18.1466     6.0246    184.925    7.40314  227.23916     81.379 -9.990e-29
   40.95994  -73.58010      3.152      3.127    22.3824    27.1291      7.881     3.0233 9.4765e+00  1018.1599    22.3817    18.1462     6.0278    185.024    7.40261  227.22404     81.428 -9.990e-29
   40.95994  -73.58010      3.152      3.127    22.3838    27.1291      7.876     3.0233 9.4498e+00  1018.1598    22.3832    18.1456     6.0356    185.264    7.40213  227.21050     81.539 -9.990e-29
   40.95994  -73.58010      3.152      3.127    22.3881    27.1285      7.876     3.0233 9.4498e+00  1018.1584    22.3875    18.1440     6.0434    185.504    7.40143  227.19078     81.651 -9.990e-29
   40.95994  -73.58010      3.152      3.127    22.3941    27.1267      7.876     3.0099 9.4233e+00  1018.1555    22.3935    18.1410     6.0514    185.750    7.40121  227.18477     81.762 -9.990e-29
   40.95994  -73.58010      3.163      3.138    22.4021    27.1234      7.876     2.9965 9.4233e+00  1018.1510    22.4015    18.1363     6.0650    186.169    7.40151  227.19397     81.943 -9.990e-29
   40.95994  -73.58010      3.152      3.127    22.4122    27.1188      7.876     2.9965 9.4233e+00  1018.1441    22.4116    18.1304     6.0738    186.438    7.40194  227.20721     82.056 -9.990e-29
   40.95994  -73.58010      3.163      3.138    22.4227    27.1145      7.876     2.9965 9.4233e+00  1018.1367    22.4221    18.1247     6.0827    186.711    7.40244  227.22222     82.171 -9.990e-29
   40.95994  -73.58010      3.152      3.127    22.4290    27.1130      7.876     2.9965 9.4233e+00  1018.1333    22.4284    18.1215     6.0917    186.988    7.40305  227.24045     82.286 -9.990e-29
   40.95994  -73.58010      3.163      3.138    22.4292    27.1130      7.881     2.9965 9.4233e+00  1018.1347    22.4285    18.1206     6.1010    187.272    7.40391  227.26598     82.402 -9.990e-29
   40.95994  -73.58010      3.152      3.127    22.4331    27.1130      7.876     2.9965 9.4233e+00  1018.1332    22.4325    18.1204     6.1103    187.559    7.40478  227.29196     82.519 -9.990e-29
   40.95994  -73.58010      3.163      3.138    22.4370    27.1153      7.881     2.9965 9.4233e+00  1018.1334    22.4364    18.1216     6.1193    187.833    7.40557  227.31543     82.631 -9.990e-29
   40.95994  -73.58010      3.163      3.138    22.4348    27.1199      7.876     2.9965 9.4233e+00  1018.1384    22.4342    18.1252     6.1334    188.266    7.40653  227.34403     82.811 -9.990e-29
   40.95994  -73.58010      3.163      3.138    22.4288    27.1199      7.881     2.9965 9.4498e+00  1018.1459    22.4282    18.1286     6.1425    188.543    7.40717  227.36294     82.926 -9.990e-29
   40.95994  -73.58010      3.163      3.138    22.4333    27.1199      7.881     2.9965 9.4498e+00  1018.1449    22.4327    18.1264     6.1513    188.814    7.40769  227.37827     83.040 -9.990e-29
   40.95994  -73.58010      3.163      3.138    22.4537    27.1171      7.876     2.9965 9.4498e+00  1018.1312    22.4531    18.1182     6.1602    189.085    7.40824  227.39452     83.153 -9.990e-29
