CalculateIndicators/WaterTemperature/Data/CTD_NYOS/20220513_C06.cnv
* Sea-Bird SBE 9 Data File:
* FileName = C:\Seabird 9 CTD\Data\2022\202205_offshore\20220513_C06.hex
* Software Version Seasave V 7.23.2
* Temperature SN = 4590
* Conductivity SN = 3228
* Number of Bytes Per Scan = 44
* Number of Voltage Words = 5
* Number of Scans Averaged by the Deck Unit = 1
* NMEA Latitude = 39 19.72 N
* NMEA Longitude = 073 22.18 W
* NMEA UTC (Time) = Sep 27 2002  18:50:28
* NMEA baud rate = 4800
** Ship: seawolf
** Station: 7.4
** Operator: EIH
# nquan = 18
# nvalues = 13407                       
# units = specified
# name 0 = latitude: Latitude [deg]
# name 1 = longitude: Longitude [deg]
# name 2 = prDM: Pressure, Digiquartz [db]
# name 3 = depSM: Depth [salt water, m]
# name 4 = t090C: Temperature [ITS-90, deg C]
# name 5 = sal00: Salinity, Practical [PSU]
# name 6 = ph: pH
# name 7 = flECO-AFL: Fluorescence, WET Labs ECO-AFL/FL [mg/m^3]
# name 8 = cpar: CPAR/Corrected Irradiance [%]
# name 9 = density00: Density [density, kg/m^3]
# name 10 = potemp090C: Potential Temperature [ITS-90, deg C]
# name 11 = sigma-é00: Density [sigma-theta, kg/m^3]
# name 12 = sbeox0Mg/L: Oxygen, SBE 43 [mg/l]
# name 13 = sbox0Mm/Kg: Oxygen, SBE 43 [umol/kg]
# name 14 = oxsolMg/L: Oxygen Saturation, Garcia & Gordon [mg/l]
# name 15 = oxsolMm/Kg: Oxygen Saturation, Garcia & Gordon [umol/kg]
# name 16 = sbeox0PS: Oxygen, SBE 43 [% saturation]
# name 17 = flag:  0.000e+00
# span 0 =   39.32868,   39.32930       
# span 1 =  -73.37194,  -73.36966       
# span 2 =      1.806,     47.533       
# span 3 =      1.792,     47.166       
# span 4 =     8.8507,     9.6401       
# span 5 =    33.0454,    33.1760       
# span 6 =      8.085,      8.107       
# span 7 =     0.0954,     0.9684       
# span 8 = 6.0364e-02, 3.1410e+01       
# span 9 =  1025.5254,  1025.9253       
# span 10 =     8.8458,     9.6395      
# span 11 =    25.5035,    25.7097      
# span 12 =     9.0757,     9.4833      
# span 13 =    276.512,    288.960      
# span 14 =    9.20880,    9.36761      
# span 15 =  280.62128,  285.42243      
# span 16 =     96.917,    102.334      
# span 17 = 0.0000e+00, 0.0000e+00      
# interval = seconds: 0.0416667
# start_time = May 13 2022 18:50:28 [System UTC, first data scan.]
# bad_flag = -9.990e-29
*END*
[from data line 12784]
 -9.990e-29  -73.37186      3.024      3.001     9.5836    33.0769      8.101     0.1222 1.0885e+01  1025.5331     9.5833    25.5193     9.3943    286.269    9.22104  280.99059    101.878 -9.990e-29
 -9.990e-29  -73.37186      3.024      3.001     9.5834    33.0769      8.101     0.1222 1.0947e+01  1025.5329     9.5831    25.5194     9.3944    286.274    9.22104  280.99066    101.880 -9.990e-29
 -9.990e-29  -73.37186      3.015      2.992     9.5831    33.0770      8.106     0.1222 1.0968e+01  1025.5332     9.5828    25.5195     9.3945    286.278    9.22100  280.98922    101.882 -9.990e-29
 -9.990e-29  -73.37186      2.994      2.971     9.5833    33.0770      8.101     0.1222 1.0968e+01  1025.5331     9.5830    25.5195     9.4000    286.443    9.22100  280.98936    101.941 -9.990e-29
 -9.990e-29  -73.37186      2.986      2.963     9.5834    33.0770      8.101     0.1222 1.0990e+01  1025.5331     9.5831    25.5194     9.3950    286.290    9.22101  280.98951    101.886 -9.990e-29
 -9.990e-29  -73.37186      3.005      2.982     9.5836    33.0770      8.106     0.1222 1.1021e+01  1025.5329     9.5833    25.5194     9.3952    286.299    9.22105  280.99082    101.889 -9.990e-29
 -9.990e-29  -73.37186      2.973      2.951     9.5833    33.0769      8.101     0.1222 1.1021e+01  1025.5330     9.5830    25.5193     9.3956    286.308    9.22112  280.99290    101.892 -9.990e-29
 -9.990e-29  -73.37186      2.964      2.941     9.5833    33.0769      8.101     0.1222 1.1114e+01  1025.5323     9.5830    25.5192     9.3951    286.296    9.22110  280.99213    101.888 -9.990e-29
 -9.990e-29  -73.37186      2.954      2.932     9.5823    33.0769      8.106     0.1222 1.1177e+01  1025.5326     9.5820    25.5193     9.4005    286.460    9.22102  280.98991    101.947 -9.990e-29
 -9.990e-29  -73.37186      2.934      2.911     9.5818    33.0771      8.106     0.1357 1.1177e+01  1025.5330     9.5815    25.5197     9.3955    286.307    9.22098  280.98863    101.893 -9.990e-29
 -9.990e-29  -73.37186      2.924      2.902     9.5818    33.0773      8.101     0.1357 1.1367e+01  1025.5334     9.5815    25.5199     9.3959    286.319    9.22105  280.99087    101.896 -9.990e-29
 -9.990e-29  -73.37186      2.924      2.902     9.5823    33.0773      8.106     0.1357 1.1528e+01  1025.5331     9.5820    25.5199     9.3963    286.330    9.22112  280.99289    101.899 -9.990e-29
 -9.990e-29  -73.37186      2.884      2.862     9.5826    33.0773      8.101     0.1357 1.1561e+01  1025.5328     9.5823    25.5198     9.3966    286.340    9.22111  280.99265    101.903 -9.990e-29
 -9.990e-29  -73.37186      2.883      2.861     9.5828    33.0773      8.106     0.1357 1.1682e+01  1025.5328     9.5825    25.5198     9.3963    286.331    9.22112  280.99297    101.900 -9.990e-29
 -9.990e-29  -73.37186      2.862      2.840     9.5829    33.0773      8.101     0.1357 1.1847e+01  1025.5327     9.5826    25.5198     9.3960    286.323    9.22119  280.99506    101.896 -9.990e-29
 -9.990e-29  -73.37186      2.843      2.821     9.5829    33.0772      8.101     0.1357 1.1880e+01  1025.5325     9.5826    25.5196     9.4015    286.491    9.22113  280.99326    101.956 -9.990e-29
   39.32926  -73.37186      2.822      2.801     9.5833    33.0771      8.101     0.1357 1.1837e+01  1025.5321     9.5830    25.5194     9.4019    286.501    9.22116  280.99397    101.960 -9.990e-29
   39.32926  -73.37186      2.802      2.780     9.5833    33.0771      8.101     0.1357 1.1705e+01  1025.5320     9.5830    25.5194     9.3962    286.328    9.22108  280.99164    101.899 -9.990e-29
   39.32926  -73.37186      2.792      2.771     9.5833    33.0770      8.106     0.1357 1.1672e+01  1025.5321     9.5830    25.5195     9.4018    286.497    9.22112  280.99302    101.959 -9.990e-29
   39.32926  -73.37186      2.771      2.750     9.5829    33.0770      8.101     0.1357 1.1662e+01  1025.5322     9.5826    25.5196     9.3967    286.343    9.22102  280.98989    101.905 -9.990e-29
   39.32926  -73.37186      2.762      2.741     9.5831    33.0770      8.106     0.1357 1.1629e+01  1025.5320     9.5828    25.5194     9.3964    286.334    9.22106  280.99100    101.901 -9.990e-29
   39.32926  -73.37186      2.733      2.712     9.5834    33.0767      8.106     0.1357 1.1587e+01  1025.5314     9.5831    25.5192     9.3960    286.322    9.22105  280.99095    101.897 -9.990e-29
   39.32926  -73.37186      2.721      2.700     9.5833    33.0767      8.106     0.1357 1.1619e+01  1025.5314     9.5830    25.5192     9.3964    286.334    9.22114  280.99357    101.901 -9.990e-29
   39.32926  -73.37186      2.701      2.681     9.5826    33.0767      8.106     0.1357 1.1774e+01  1025.5315     9.5823    25.5193     9.3968    286.346    9.22119  280.99501    101.904 -9.990e-29
   39.32926  -73.37186      2.690      2.670     9.5823    33.0767      8.106     0.1357 1.1840e+01  1025.5314     9.5820    25.5194     9.3972    286.358    9.22125  280.99703    101.908 -9.990e-29
   39.32926  -73.37186      2.670      2.649     9.5821    33.0769      8.106     0.1357 1.1864e+01  1025.5316     9.5818    25.5195     9.3978    286.376    9.22142  281.00228    101.912 -9.990e-29
   39.32926  -73.37186      2.639      2.619     9.5818    33.0770      8.101     0.1357 1.2066e+01  1025.5317     9.5815    25.5196     9.3979    286.379    9.22176  281.01232    101.910 -9.990e-29
   39.32928  -73.37184      2.639      2.619     9.5815    33.0770      8.106     0.1357 1.2202e+01  1025.5315     9.5812    25.5197     9.3978    286.376    9.22193  281.01726    101.907 -9.990e-29
   39.32928  -73.37184      2.609      2.589     9.5811    33.0771      8.106     0.1357 1.2226e+01  1025.5317     9.5809    25.5198     9.3976    286.369    9.22196  281.01838    101.904 -9.990e-29
   39.32928  -73.37184      2.590      2.570     9.5811    33.0771      8.101     0.1357 1.2469e+01  1025.5315     9.5809    25.5198     9.3979    286.381    9.22194  281.01758    101.908 -9.990e-29
   39.32928  -73.37184      2.579      2.559     9.5810    33.0772      8.101     0.1357 1.2717e+01  1025.5316     9.5807    25.5199     9.3977    286.373    9.22192  281.01713    101.906 -9.990e-29
   39.32928  -73.37184      2.558      2.539     9.5808    33.0772      8.101     0.1357 1.2717e+01  1025.5316     9.5805    25.5200     9.3974    286.364    9.22189  281.01609    101.903 -9.990e-29
   39.32928  -73.37184      2.549      2.529     9.5803    33.0772      8.101     0.1357 1.2934e+01  1025.5318     9.5800    25.5201     9.3978    286.377    9.22189  281.01634    101.908 -9.990e-29
   39.32928  -73.37184      2.520      2.501     9.5806    33.0772      8.106     0.1357 1.3128e+01  1025.5314     9.5804    25.5200     9.3975    286.367    9.22180  281.01355    101.905 -9.990e-29
   39.32928  -73.37184      2.519      2.499     9.5803    33.0771      8.101     0.1357 1.3154e+01  1025.5314     9.5800    25.5200     9.3972    286.357    9.22168  281.01002    101.903 -9.990e-29
   39.32928  -73.37184      2.488      2.469     9.5801    33.0771      8.101     0.1357 1.3302e+01  1025.5312     9.5799    25.5200     9.3968    286.347    9.22160  281.00732    101.900 -9.990e-29
   39.32928  -73.37184      2.477      2.459     9.5796    33.0771      8.106     0.1357 1.3491e+01  1025.5313     9.5794    25.5201     9.3966    286.341    9.22158  281.00694    101.898 -9.990e-29
   39.32928  -73.37184      2.458      2.439     9.5793    33.0771      8.106     0.1357 1.3529e+01  1025.5313     9.5790    25.5201     9.3969    286.348    9.22142  281.00196    101.903 -9.990e-29
   39.32928  -73.37184      2.458      2.439     9.5793    33.0771      8.106     0.1357 1.3529e+01  1025.5312     9.5790    25.5201     9.3966    286.339    9.22130  280.99837    101.901 -9.990e-29
   39.32928  -73.37184      2.438      2.419     9.5792    33.0771      8.106     0.1357 1.3567e+01  1025.5311     9.5789    25.5201     9.3968    286.347    9.22111  280.99269    101.905 -9.990e-29
   39.32928  -73.37184      2.428      2.409     9.5790    33.0771      8.101     0.1357 1.3555e+01  1025.5313     9.5787    25.5202     9.3966    286.341    9.22108  280.99165    101.904 -9.990e-29
   39.32928  -73.37184      2.417      2.399     9.5788    33.0770      8.101     0.1357 1.3555e+01  1025.5311     9.5786    25.5202     9.3964    286.335    9.22106  280.99125    101.902 -9.990e-29
   39.32928  -73.37184      2.407      2.389     9.5787    33.0770      8.101     0.1357 1.3594e+01  1025.5311     9.5784    25.5202     9.3962    286.330    9.22106  280.99105    101.900 -9.990e-29
   39.32928  -73.37184      2.407      2.389     9.5788    33.0770      8.106     0.1357 1.3632e+01  1025.5310     9.5786    25.5202     9.3961    286.326    9.22110  280.99241    101.898 -9.990e-29
   39.32928  -73.37184      2.398      2.379     9.5787    33.0771      8.101     0.1357 1.3594e+01  1025.5310     9.5784    25.5203     9.3959    286.321    9.22109  280.99215    101.896 -9.990e-29
   39.32928  -73.37184      2.387      2.369     9.5784    33.0771      8.106     0.1357 1.3479e+01  1025.5312     9.5782    25.5203     9.3958    286.316    9.22112  280.99305    101.894 -9.990e-29
   39.32928  -73.37184      2.387      2.369     9.5784    33.0771      8.106     0.1357 1.3442e+01  1025.5311     9.5781    25.5203     9.3958    286.315    9.22123  280.99630    101.893 -9.990e-29
   39.32928  -73.37184      2.387      2.369     9.5782    33.0771      8.106     0.1357 1.3404e+01  1025.5310     9.5779    25.5204     9.3963    286.331    9.22126  280.99720    101.898 -9.990e-29
   39.32928  -73.37184      2.398      2.379     9.5779    33.0773      8.101     0.1357 1.3265e+01  1025.5316     9.5776    25.5205     9.3961    286.326    9.22126  280.99718    101.896 -9.990e-29
   39.32928  -73.37184      2.388      2.370     9.5780    33.0773      8.106     0.1357 1.3191e+01  1025.5312     9.5777    25.5205     9.3960    286.321    9.22123  280.99635    101.895 -9.990e-29
   39.32928  -73.37184      2.387      2.369     9.5782    33.0773      8.101     0.1357 1.3202e+01  1025.5313     9.5779    25.5205     9.3958    286.317    9.22125  280.99684    101.893 -9.990e-29
   39.32926  -73.37186      2.398      2.379     9.5782    33.0772      8.106     0.1357 1.3202e+01  1025.5313     9.5779    25.5204     9.3957    286.314    9.22130  280.99827    101.892 -9.990e-29
   39.32926  -73.37186      2.407      2.389     9.5782    33.0772      8.101     0.1357 1.3202e+01  1025.5313     9.5779    25.5204     9.3964    286.333    9.22139  281.00107    101.898 -9.990e-29
   39.32926  -73.37186      2.417      2.399     9.5780    33.0772      8.101     0.1357 1.3202e+01  1025.5313     9.5777    25.5205     9.4022    286.511    9.22150  281.00454    101.960 -9.990e-29
   39.32926  -73.37186      2.417      2.399     9.5775    33.0773      8.106     0.1357 1.3165e+01  1025.5316     9.5773    25.5206     9.3970    286.353    9.22165  281.00921    101.902 -9.990e-29
   39.32926  -73.37186      2.438      2.419     9.5776    33.0773      8.106     0.1357 1.3128e+01  1025.5318     9.5774    25.5207     9.3971    286.354    9.22184  281.01468    101.900 -9.990e-29
   39.32926  -73.37186      2.438      2.419     9.5780    33.0773      8.101     0.1357 1.3128e+01  1025.5317     9.5777    25.5206     9.3970    286.353    9.22191  281.01684    101.899 -9.990e-29
   39.32926  -73.37186      2.447      2.429     9.5784    33.0772      8.101     0.1357 1.3128e+01  1025.5313     9.5781    25.5204     9.3976    286.371    9.22199  281.01909    101.904 -9.990e-29
   39.32926  -73.37186      2.468      2.449     9.5780    33.0772      8.101     0.1222 1.3128e+01  1025.5315     9.5777    25.5203     9.3974    286.365    9.22195  281.01790    101.903 -9.990e-29
   39.32926  -73.37186      2.468      2.449     9.5777    33.0772      8.101     0.1222 1.3128e+01  1025.5315     9.5774    25.5203     9.3974    286.363    9.22195  281.01804    101.902 -9.990e-29
   39.32926  -73.37186      2.488      2.469     9.5777    33.0772      8.101     0.1222 1.3102e+01  1025.5317     9.5774    25.5204     9.3973    286.360    9.22199  281.01919    101.901 -9.990e-29
   39.32926  -73.37186      2.498      2.479     9.5775    33.0773      8.101     0.1222 1.3028e+01  1025.5320     9.5773    25.5206     9.3971    286.356    9.22197  281.01841    101.899 -9.990e-29
   39.32926  -73.37186      2.498      2.479     9.5772    33.0774      8.101     0.1222 1.2992e+01  1025.5321     9.5769    25.5207     9.3969    286.351    9.22189  281.01627    101.898 -9.990e-29
   39.32926  -73.37186      2.519      2.499     9.5775    33.0774      8.106     0.1222 1.3003e+01  1025.5319     9.5773    25.5207     9.3968    286.345    9.22183  281.01422    101.897 -9.990e-29
   39.32926  -73.37186      2.530      2.510     9.5773    33.0774      8.106     0.1222 1.3113e+01  1025.5323     9.5770    25.5206     9.3972    286.360    9.22175  281.01208    101.903 -9.990e-29
   39.32926  -73.37186      2.528      2.509     9.5779    33.0773      8.101     0.1222 1.3161e+01  1025.5318     9.5776    25.5205     9.4036    286.554    9.22167  281.00968    101.973 -9.990e-29
   39.32926  -73.37186      2.549      2.529     9.5775    33.0772      8.106     0.1222 1.3124e+01  1025.5322     9.5773    25.5204     9.3983    286.393    9.22168  281.00980    101.916 -9.990e-29
   39.32926  -73.37186      2.539      2.520     9.5782    33.0772      8.106     0.1222 1.2941e+01  1025.5317     9.5779    25.5204     9.3989    286.410    9.22165  281.00890    101.922 -9.990e-29
   39.32926  -73.37186      2.558      2.539     9.5779    33.0772      8.101     0.1222 1.2832e+01  1025.5322     9.5776    25.5204     9.4047    286.586    9.22162  281.00806    101.985 -9.990e-29
   39.32926  -73.37186      2.558      2.539     9.5780    33.0771      8.101     0.1222 1.2832e+01  1025.5319     9.5777    25.5204     9.3993    286.424    9.22156  281.00637    101.928 -9.990e-29
   39.32926  -73.37186      2.569      2.550     9.5775    33.0770      8.106     0.1222 1.2807e+01  1025.5321     9.5773    25.5204     9.3992    286.418    9.22145  281.00287    101.927 -9.990e-29
   39.32926  -73.37186      2.569      2.550     9.5774    33.0769      8.106     0.1222 1.2771e+01  1025.5320     9.5771    25.5203     9.4049    286.594    9.22144  281.00261    101.990 -9.990e-29
   39.32926  -73.37186      2.569      2.550     9.5770    33.0769      8.106     0.1222 1.2771e+01  1025.5320     9.5768    25.5203     9.3996    286.431    9.22139  281.00127    101.932 -9.990e-29
   39.32926  -73.37186      2.579      2.559     9.5763    33.0769      8.106     0.1222 1.2868e+01  1025.5318     9.5760    25.5204     9.3996    286.431    9.22146  281.00318    101.931 -9.990e-29
   39.32926  -73.37186      2.579      2.559     9.5746    33.0769      8.101     0.1222 1.2904e+01  1025.5324     9.5743    25.5207     9.3996    286.432    9.22155  281.00601    101.931 -9.990e-29
   39.32928  -73.37186      2.579      2.559     9.5736    33.0772      8.106     0.1222 1.2930e+01  1025.5330     9.5733    25.5211     9.3996    286.432    9.22164  281.00878    101.930 -9.990e-29
   39.32928  -73.37186      2.579      2.559     9.5734    33.0774      8.101     0.1222 1.2966e+01  1025.5329     9.5731    25.5213     9.3997    286.435    9.22181  281.01401    101.929 -9.990e-29
   39.32928  -73.37186      2.580      2.561     9.5734    33.0774      8.106     0.1222 1.3076e+01  1025.5332     9.5731    25.5214     9.3996    286.433    9.22182  281.01414    101.928 -9.990e-29
   39.32928  -73.37186      2.579      2.559     9.5736    33.0774      8.101     0.1222 1.3113e+01  1025.5330     9.5733    25.5214     9.3996    286.432    9.22187  281.01560    101.927 -9.990e-29
   39.32928  -73.37186      2.579      2.559     9.5737    33.0774      8.106     0.1222 1.3150e+01  1025.5330     9.5735    25.5213     9.3937    286.251    9.22189  281.01607    101.863 -9.990e-29
