CalculateIndicators/WaterTemperature/Data/CTD_NYOS/20220928_C04.cnv
* Sea-Bird SBE 9 Data File:
* FileName = C:\Seabird 9 CTD\Data\2022\202209_offshore\20220928_C04.hex
* Software Version Seasave V 7.23.2
* Temperature SN = 4590
* Conductivity SN = 3228
* Number of Bytes Per Scan = 44
* Number of Voltage Words = 5
* Number of Scans Averaged by the Deck Unit = 1
* NMEA Latitude = 40 09.90 N
* NMEA Longitude = 073 19.04 W
* NMEA UTC (Time) = Feb 12 2003  18:02:52
* NMEA baud rate = 4800
** Ship: seawolf
** Station: 6.2
** Operator: SJW
# nquan = 18
# nvalues = 11788                       
# units = specified
# name 0 = latitude: Latitude [deg]
# name 1 = longitude: Longitude [deg]
# name 2 = prDM: Pressure, Digiquartz [db]
# name 3 = depSM: Depth [salt water, m]
# name 4 = t090C: Temperature [ITS-90, deg C]
# name 5 = sal00: Salinity, Practical [PSU]
# name 6 = ph: pH
# name 7 = flECO-AFL: Fluorescence, WET Labs ECO-AFL/FL [mg/m^3]
# name 8 = cpar: CPAR/Corrected Irradiance [%]
# name 9 = density00: Density [density, kg/m^3]
# name 10 = potemp090C: Potential Temperature [ITS-90, deg C]
# name 11 = sigma-é00: Density [sigma-theta, kg/m^3]
# name 12 = sbeox0Mg/L: Oxygen, SBE 43 [mg/l]
# name 13 = sbox0Mm/Kg: Oxygen, SBE 43 [umol/kg]
# name 14 = oxsolMg/L: Oxygen Saturation, Garcia & Gordon [mg/l]
# name 15 = oxsolMm/Kg: Oxygen Saturation, Garcia & Gordon [umol/kg]
# name 16 = sbeox0PS: Oxygen, SBE 43 [% saturation]
# name 17 = flag:  0.000e+00
# span 0 =   40.16410,   40.16502       
# span 1 =  -73.31746,  -73.31566       
# span 2 =      1.523,     36.024       
# span 3 =      1.511,     35.744       
# span 4 =    13.1005,    20.5536       
# span 5 =    32.6545,    33.5333       
# span 6 =      6.888,      8.317       
# span 7 =     0.0148,     0.6998       
# span 8 = 2.9657e-01, 1.7009e+02       
# span 9 =  1022.8463,  1025.2392       
# span 10 =    13.0957,    20.5532      
# span 11 =    22.8381,    25.0885      
# span 12 =     4.7670,     8.0209      
# span 13 =    145.328,    244.606      
# span 14 =    7.41483,    8.54245      
# span 15 =  226.44333,  260.42597      
# span 16 =     55.811,     96.871      
# span 17 = 0.0000e+00, 0.0000e+00      
# interval = seconds: 0.0416667
# start_time = Sep 28 2022 18:02:53 [System UTC, first data scan.]
# bad_flag = -9.990e-29
*END*
[from data line 9890]
   40.16420  -73.31592      2.616      2.596    20.5503    32.6713 -9.990e-29     0.0551 6.7707e+01  1022.8536    20.5498    22.8422     7.0281    214.725    7.42311  226.79474     94.678 -9.990e-29
   40.16420  -73.31592      2.635      2.615    20.5506    32.6713 -9.990e-29     0.0551 8.0601e+01  1022.8534    20.5501    22.8421     7.0286    214.742    7.42312  226.79525     94.686 -9.990e-29
   40.16420  -73.31592      2.665      2.645    20.5506    32.6713 -9.990e-29     0.0551 8.0828e+01  1022.8537    20.5501    22.8421     7.0241    214.604    7.42314  226.79563     94.624 -9.990e-29
   40.16420  -73.31592      2.676      2.656    20.5508    32.6712 -9.990e-29     0.0551 6.4547e+01  1022.8536    20.5503    22.8420     7.0240    214.602    7.42314  226.79568     94.623 -9.990e-29
   40.16420  -73.31592      2.686      2.665    20.5511    32.6711 -9.990e-29     0.0551 5.6557e+01  1022.8532    20.5506    22.8419     7.0291    214.756    7.42314  226.79586     94.691 -9.990e-29
   40.16420  -73.31592      2.697      2.676    20.5508    32.6711 -9.990e-29     0.0551 5.5767e+01  1022.8538    20.5503    22.8419     7.0294    214.765    7.42317  226.79674     94.695 -9.990e-29
   40.16420  -73.31592      2.716      2.695    20.5511    32.6709 -9.990e-29     0.0551 5.9159e+01  1022.8534    20.5506    22.8417     7.0296    214.773    7.42316  226.79647     94.698 -9.990e-29
   40.16420  -73.31592      2.716      2.695    20.5511    32.6708 -9.990e-29     0.0551 6.1653e+01  1022.8533    20.5506    22.8416     7.0299    214.781    7.42317  226.79672     94.702 -9.990e-29
   40.16420  -73.31592      2.727      2.706    20.5510    32.6708 -9.990e-29     0.0685 6.2230e+01  1022.8535    20.5505    22.8417     7.0302    214.791    7.42320  226.79771     94.706 -9.990e-29
   40.16420  -73.31592      2.737      2.716    20.5510    32.6708 -9.990e-29     0.0551 4.4660e+01  1022.8535    20.5505    22.8417     7.0306    214.801    7.42327  226.79992     94.710 -9.990e-29
   40.16420  -73.31592      2.737      2.716    20.5510    32.6708      6.917     0.0551 3.0812e+01  1022.8535    20.5505    22.8417     7.0309    214.811    7.42331  226.80106     94.713 -9.990e-29
   40.16420  -73.31592      2.737      2.716    20.5508    32.6708      6.917     0.0551 2.8374e+01  1022.8537    20.5503    22.8417     7.0308    214.810    7.42332  226.80104     94.713 -9.990e-29
   40.16420  -73.31592      2.737      2.716    20.5506    32.6706      6.917     0.0685 2.7380e+01  1022.8534    20.5501    22.8416     7.0310    214.816    7.42327  226.79959     94.716 -9.990e-29
   40.16420  -73.31592      2.737      2.716    20.5506    32.6706      6.917     0.0551 2.5236e+01  1022.8532    20.5501    22.8414     7.0313    214.823    7.42325  226.79896     94.720 -9.990e-29
   40.16420  -73.31592      2.737      2.716    20.5506    32.6706      6.917     0.0551 2.4584e+01  1022.8532    20.5501    22.8414     7.0367    214.988    7.42325  226.79910     94.792 -9.990e-29
   40.16420  -73.31592      2.727      2.706    20.5506    32.6706      6.917     0.0551 2.4172e+01  1022.8533    20.5501    22.8415     7.0373    215.007    7.42329  226.80027     94.800 -9.990e-29
   40.16420  -73.31592      2.727      2.706    20.5506    32.6708      6.917     0.0551 2.3109e+01  1022.8536    20.5501    22.8417     7.0328    214.869    7.42329  226.80036     94.739 -9.990e-29
   40.16420  -73.31592      2.707      2.686    20.5506    32.6710      6.917     0.0551 2.2786e+01  1022.8537    20.5501    22.8419     7.0331    214.878    7.42335  226.80205     94.743 -9.990e-29
   40.16420  -73.31592      2.696      2.675    20.5508    32.6710      6.917     0.0551 2.4309e+01  1022.8535    20.5503    22.8419     7.0333    214.886    7.42336  226.80245     94.746 -9.990e-29
   40.16420  -73.31592      2.696      2.675    20.5503    32.6710      6.917     0.0551 3.1574e+01  1022.8538    20.5498    22.8419     7.0333    214.885    7.42340  226.80374     94.745 -9.990e-29
   40.16420  -73.31592      2.665      2.645    20.5504    32.6709      6.917     0.0551 3.4938e+01  1022.8534    20.5499    22.8419     7.0336    214.893    7.42342  226.80407     94.748 -9.990e-29
   40.16420  -73.31592      2.656      2.635    20.5504    32.6708      6.917     0.0551 3.6855e+01  1022.8532    20.5499    22.8418     7.0338    214.899    7.42337  226.80266     94.752 -9.990e-29
   40.16420  -73.31592      2.636      2.616    20.5501    32.6707      6.917     0.0551 4.9791e+01  1022.8534    20.5496    22.8418     7.0337    214.896    7.42336  226.80238     94.750 -9.990e-29
   40.16420  -73.31592      2.616      2.596    20.5503    32.6706      6.917     0.0551 5.7519e+01  1022.8529    20.5498    22.8417     7.0339    214.903    7.42335  226.80214     94.754 -9.990e-29
   40.16420  -73.31592      2.605      2.585    20.5501    32.6705      6.917     0.0685 5.8170e+01  1022.8528    20.5496    22.8416     7.0341    214.909    7.42331  226.80084     94.757 -9.990e-29
   40.16420  -73.31592      2.584      2.564    20.5499    32.6705      6.917     0.0551 5.8993e+01  1022.8528    20.5494    22.8417     7.0394    215.072    7.42331  226.80071     94.829 -9.990e-29
   40.16420  -73.31592      2.575      2.555    20.5496    32.6705      6.917     0.0551 5.9493e+01  1022.8529    20.5491    22.8418     7.0396    215.078    7.42331  226.80089     94.831 -9.990e-29
   40.16420  -73.31592      2.544      2.525    20.5494    32.6705      6.917     0.0551 5.9660e+01  1022.8529    20.5489    22.8419     7.0347    214.928    7.42329  226.80039     94.765 -9.990e-29
   40.16420  -73.31592      2.544      2.525    20.5490    32.6705      6.917     0.0685 6.6388e+01  1022.8530    20.5485    22.8419     7.0345    214.923    7.42330  226.80060     94.763 -9.990e-29
   40.16420  -73.31592      2.505      2.485    20.5489    32.6706      6.917     0.0551 7.1825e+01  1022.8527    20.5484    22.8420     7.0398    215.084    7.42330  226.80045     94.834 -9.990e-29
   40.16420  -73.31592      2.484      2.465    20.5487    32.6708      6.917     0.0551 7.2702e+01  1022.8531    20.5482    22.8422     7.0349    214.933    7.42331  226.80088     94.767 -9.990e-29
   40.16420  -73.31592      2.473      2.454    20.5487    32.6709      6.917     0.0551 7.2017e+01  1022.8530    20.5482    22.8423     7.0347    214.928    7.42333  226.80143     94.765 -9.990e-29
   40.16420  -73.31592      2.433      2.414    20.5485    32.6709      6.917     0.0551 7.1602e+01  1022.8529    20.5481    22.8424     7.0345    214.921    7.42332  226.80121     94.762 -9.990e-29
   40.16420  -73.31592      2.403      2.384    20.5485    32.6709      6.917     0.0551 7.2368e+01  1022.8530    20.5481    22.8425     7.0342    214.912    7.42328  226.79979     94.759 -9.990e-29
   40.16420  -73.31592      2.382      2.364    20.5487    32.6709      6.917     0.0551 8.5125e+01  1022.8528    20.5482    22.8423     7.0339    214.904    7.42325  226.79894     94.755 -9.990e-29
   40.16420  -73.31592      2.342      2.324    20.5490    32.6707      6.917     0.0551 1.0825e+02  1022.8520    20.5486    22.8421     7.0337    214.897    7.42327  226.79983     94.752 -9.990e-29
   40.16420  -73.31592      2.333      2.315    20.5489    32.6707      6.917     0.0551 1.2317e+02  1022.8521    20.5484    22.8420     7.0334    214.888    7.42326  226.79936     94.748 -9.990e-29
   40.16420  -73.31592      2.292      2.274    20.5489    32.6707      6.917     0.0551 1.0995e+02  1022.8520    20.5484    22.8421     7.0331    214.879    7.42328  226.79986     94.744 -9.990e-29
   40.16420  -73.31592      2.250      2.233    20.5485    32.6707      6.917     0.0551 7.8789e+01  1022.8522    20.5481    22.8422     7.0328    214.870    7.42327  226.79966     94.740 -9.990e-29
   40.16420  -73.31592      2.231      2.214    20.5490    32.6707      6.917     0.0551 6.7585e+01  1022.8517    20.5486    22.8422     7.0380    215.028    7.42331  226.80084     94.809 -9.990e-29
   40.16420  -73.31592      2.180      2.164    20.5487    32.6707      6.917     0.0551 5.9458e+01  1022.8515    20.5483    22.8422     7.0332    214.882    7.42329  226.80034     94.745 -9.990e-29
   40.16420  -73.31594      2.160      2.143    20.5483    32.6707      6.917     0.0551 4.4997e+01  1022.8519    20.5479    22.8423     7.0379    215.027    7.42329  226.80009     94.809 -9.990e-29
   40.16420  -73.31594      2.120      2.104    20.5485    32.6707      6.917     0.0551 3.9807e+01  1022.8512    20.5481    22.8423     7.0382    215.035    7.42324  226.79873     94.813 -9.990e-29
   40.16420  -73.31594      2.088      2.072    20.5483    32.6708      6.917     0.0551 4.1721e+01  1022.8512    20.5479    22.8423     7.0436    215.198    7.42322  226.79810     94.885 -9.990e-29
   40.16420  -73.31594      2.059      2.044    20.5480    32.6708      6.917     0.0551 6.0659e+01  1022.8514    20.5476    22.8424     7.0386    215.048    7.42315  226.79606     94.820 -9.990e-29
   40.16420  -73.31594      2.028      2.012    20.5480    32.6709      6.917     0.0551 7.1623e+01  1022.8512    20.5476    22.8425     7.0385    215.043    7.42310  226.79435     94.819 -9.990e-29
   40.16420  -73.31594      1.998      1.982    20.5478    32.6709      6.917     0.0551 7.0973e+01  1022.8511    20.5474    22.8425     7.0386    215.048    7.42306  226.79337     94.821 -9.990e-29
   40.16420  -73.31594      1.967      1.952    20.5478    32.6709      6.917     0.0551 6.1965e+01  1022.8512    20.5474    22.8425     7.0388    215.053    7.42304  226.79275     94.824 -9.990e-29
   40.16420  -73.31594      1.928      1.913    20.5476    32.6709      6.917     0.0551 5.7767e+01  1022.8509    20.5473    22.8425     7.0386    215.048    7.42305  226.79292     94.821 -9.990e-29
   40.16420  -73.31594      1.917      1.902    20.5476    32.6708      6.917     0.0551 5.7341e+01  1022.8506    20.5473    22.8425     7.0438    215.207    7.42300  226.79138     94.892 -9.990e-29
   40.16420  -73.31594      1.886      1.872    20.5474    32.6708      6.917     0.0551 6.5567e+01  1022.8508    20.5471    22.8425     7.0392    215.064    7.42298  226.79089     94.829 -9.990e-29
   40.16420  -73.31594      1.866      1.851    20.5475    32.6708      6.917     0.0551 7.1740e+01  1022.8506    20.5471    22.8425     7.0389    215.056    7.42296  226.79030     94.826 -9.990e-29
   40.16420  -73.31594      1.836      1.821    20.5474    32.6707      6.917     0.0551 7.2691e+01  1022.8504    20.5471    22.8425     7.0386    215.047    7.42291  226.78890     94.823 -9.990e-29
   40.16420  -73.31594      1.826      1.812    20.5473    32.6707      6.917     0.0551 5.9370e+01  1022.8503    20.5469    22.8425     7.0438    215.205    7.42294  226.78985     94.892 -9.990e-29
   40.16420  -73.31594      1.805      1.791    20.5473    32.6707      6.917     0.0551 4.8900e+01  1022.8504    20.5469    22.8425     7.0441    215.214    7.42291  226.78880     94.896 -9.990e-29
   40.16420  -73.31594      1.796      1.782    20.5473    32.6706      6.917     0.0819 4.7187e+01  1022.8502    20.5469    22.8424     7.0393    215.068    7.42291  226.78888     94.832 -9.990e-29
   40.16420  -73.31594      1.785      1.771    20.5471    32.6706      6.917     0.0954 7.2348e+01  1022.8501    20.5467    22.8424     7.0443    215.222    7.42289  226.78813     94.900 -9.990e-29
   40.16420  -73.31594      1.776      1.763    20.5467    32.6706      6.917     0.0954 1.2923e+02  1022.8498    20.5464    22.8424     7.0446    215.231    7.42291  226.78886     94.904 -9.990e-29
   40.16420  -73.31594      1.765      1.752    20.5462    32.6706      6.917     0.0819 1.4957e+02  1022.8503    20.5459    22.8427     7.0449    215.241    7.42298  226.79108     94.907 -9.990e-29
   40.16420  -73.31594      1.775      1.761    20.5460    32.6709      6.917     0.0819 1.1269e+02  1022.8508    20.5457    22.8429     7.0452    215.249    7.42305  226.79319     94.910 -9.990e-29
   40.16420  -73.31594      1.775      1.761    20.5464    32.6710      6.917     0.0954 6.7999e+01  1022.8507    20.5460    22.8431     7.0455    215.257    7.42313  226.79540     94.913 -9.990e-29
   40.16420  -73.31594      1.754      1.741    20.5464    32.6710      6.917     0.0819 5.8690e+01  1022.8509    20.5461    22.8431     7.0456    215.262    7.42310  226.79469     94.915 -9.990e-29
   40.16420  -73.31594      1.775      1.761    20.5466    32.6710      6.917     0.0819 6.0301e+01  1022.8505    20.5462    22.8430     7.0458    215.267    7.42316  226.79633     94.917 -9.990e-29
   40.16420  -73.31594      1.785      1.771    20.5464    32.6708      6.917     0.0819 6.2948e+01  1022.8504    20.5460    22.8428     7.0463    215.281    7.42316  226.79641     94.923 -9.990e-29
   40.16420  -73.31594      1.785      1.771    20.5464    32.6706      6.917     0.0954 6.3832e+01  1022.8504    20.5460    22.8426     7.0467    215.295    7.42319  226.79740     94.928 -9.990e-29
   40.16420  -73.31592      1.805      1.791    20.5461    32.6706      6.917     0.0819 6.1534e+01  1022.8504    20.5457    22.8426     7.0468    215.297    7.42319  226.79713     94.929 -9.990e-29
   40.16420  -73.31592      1.816      1.802    20.5459    32.6706      6.917     0.0819 5.0111e+01  1022.8507    20.5455    22.8428     7.0469    215.299    7.42321  226.79786     94.930 -9.990e-29
   40.16420  -73.31592      1.835      1.821    20.5455    32.6708      6.917     0.0819 4.5966e+01  1022.8509    20.5452    22.8430     7.0469    215.300    7.42321  226.79771     94.930 -9.990e-29
   40.16420  -73.31592      1.856      1.842    20.5453    32.6710      6.917     0.0819 4.5618e+01  1022.8513    20.5450    22.8432     7.0468    215.298    7.42315  226.79594     94.930 -9.990e-29
   40.16420  -73.31592      1.877      1.862    20.5455    32.6712      6.917     0.0819 4.2120e+01  1022.8516    20.5452    22.8434     7.0468    215.297    7.42316  226.79627     94.930 -9.990e-29
   40.16420  -73.31592      1.897      1.883    20.5457    32.6713      6.917     0.0819 4.0339e+01  1022.8515    20.5453    22.8434     7.0467    215.295    7.42314  226.79566     94.929 -9.990e-29
   40.16420  -73.31592      1.918      1.903    20.5457    32.6713      6.917     0.0954 4.0525e+01  1022.8517    20.5453    22.8433     7.0467    215.294    7.42316  226.79651     94.928 -9.990e-29
   40.16420  -73.31592      1.937      1.922    20.5461    32.6713      6.917     0.0819 5.3279e+01  1022.8515    20.5457    22.8433     7.0465    215.290    7.42315  226.79616     94.927 -9.990e-29
   40.16420  -73.31592      1.977      1.962    20.5460    32.6713      6.917     0.0819 6.3722e+01  1022.8519    20.5456    22.8433     7.0464    215.286    7.42316  226.79623     94.925 -9.990e-29
   40.16420  -73.31592      1.998      1.982    20.5460    32.6711      6.917     0.0819 6.5849e+01  1022.8519    20.5456    22.8431     7.0466    215.292    7.42319  226.79730     94.927 -9.990e-29
   40.16420  -73.31592      2.018      2.003    20.5464    32.6709      6.917     0.0819 6.6290e+01  1022.8514    20.5460    22.8429     7.0468    215.299    7.42324  226.79875     94.929 -9.990e-29
   40.16420  -73.31592      2.039      2.023    20.5462    32.6709      6.917     0.0819 6.7502e+01  1022.8517    20.5458    22.8429     7.0467    215.294    7.42327  226.79971     94.927 -9.990e-29
   40.16420  -73.31592      2.079      2.063    20.5462    32.6709      6.917     0.0819 6.8620e+01  1022.8520    20.5458    22.8429     7.0465    215.289    7.42331  226.80082     94.924 -9.990e-29
   40.16420  -73.31592      2.099      2.083    20.5462    32.6709      6.917     0.0954 7.1227e+01  1022.8519    20.5458    22.8429     7.0467    215.293    7.42334  226.80173     94.926 -9.990e-29
