CalculateIndicators/WaterTemperature/Data/CTD_NYOS/202200730_C27.cnv
* Sea-Bird SBE 9 Data File:
* FileName = C:\Seabird 9 CTD\Data\2022\202207_offshore\202200730_C27.hex
* Software Version Seasave V 7.23.2
* Temperature SN = 4590
* Conductivity SN = 3228
* Number of Bytes Per Scan = 44
* Number of Voltage Words = 5
* Number of Scans Averaged by the Deck Unit = 1
* NMEA Latitude = 40 34.23 N
* NMEA Longitude = 072 05.27 W
* NMEA UTC (Time) = Dec 14 2002  12:15:42
* NMEA baud rate = 4800
** Ship: seawolf
** Station: 2.2
** Operator: TCM
# nquan = 18
# nvalues = 12986                       
# units = specified
# name 0 = latitude: Latitude [deg]
# name 1 = longitude: Longitude [deg]
# name 2 = prDM: Pressure, Digiquartz [db]
# name 3 = depSM: Depth [salt water, m]
# name 4 = t090C: Temperature [ITS-90, deg C]
# name 5 = sal00: Salinity, Practical [PSU]
# name 6 = ph: pH
# name 7 = flECO-AFL: Fluorescence, WET Labs ECO-AFL/FL [mg/m^3]
# name 8 = cpar: CPAR/Corrected Irradiance [%]
# name 9 = density00: Density [density, kg/m^3]
# name 10 = potemp090C: Potential Temperature [ITS-90, deg C]
# name 11 = sigma-é00: Density [sigma-theta, kg/m^3]
# name 12 = sbeox0Mg/L: Oxygen, SBE 43 [mg/l]
# name 13 = sbox0Mm/Kg: Oxygen, SBE 43 [umol/kg]
# name 14 = oxsolMg/L: Oxygen Saturation, Garcia & Gordon [mg/l]
# name 15 = oxsolMm/Kg: Oxygen Saturation, Garcia & Gordon [umol/kg]
# name 16 = sbeox0PS: Oxygen, SBE 43 [% saturation]
# name 17 = flag:  0.000e+00
# span 0 =   40.56992,   40.57062       
# span 1 =  -72.08866,  -72.08782       
# span 2 =      1.607,     49.582       
# span 3 =      1.595,     49.194       
# span 4 =     8.5856,    23.0441       
# span 5 =    31.6423,    33.9021       
# span 6 =      7.895,      8.254       
# span 7 =    -0.0389,     2.6338       
# span 8 = 2.0196e-03, 2.2809e+01       
# span 9 =  1021.6289,  1026.0643       
# span 10 =     8.5816,    23.0436      
# span 11 =    21.6197,    25.5900      
# span 12 =     6.6574,    10.9547      
# span 13 =    202.865,    334.028      
# span 14 =    7.12747,    9.43382      
# span 15 =  218.02262,  287.45897      
# span 16 =     70.672,    133.037      
# span 17 = 0.0000e+00, 0.0000e+00      
# interval = seconds: 0.0416667
# start_time = Jul 30 2022 12:15:40 [System UTC, first data scan.]
# bad_flag = -9.990e-29
*END*
[from data line 8121]
   40.57016  -72.08836     19.893     19.739     9.9521    32.9186      8.028     0.4714 3.8673e-01  1025.4245     9.9499    25.3351     8.0741    246.083    9.15577  279.05130     88.186 -9.990e-29
   40.57016  -72.08836     19.904     19.750     9.9498    32.9186      8.028     0.4714 3.8613e-01  1025.4252     9.9475    25.3354     8.0676    245.887    9.15560  279.04612     88.117 -9.990e-29
   40.57016  -72.08836     19.904     19.750     9.9474    32.9187      8.028     0.4714 3.8563e-01  1025.4262     9.9452    25.3361     8.0738    246.076    9.15548  279.04259     88.186 -9.990e-29
   40.57016  -72.08836     19.913     19.758     9.9466    32.9187      8.024     0.4714 3.8453e-01  1025.4271     9.9444    25.3366     8.0672    245.875    9.15539  279.03996     88.115 -9.990e-29
   40.57016  -72.08836     19.925     19.770     9.9474    32.9187      8.028     0.4714 3.8453e-01  1025.4266     9.9452    25.3364     8.0666    245.854    9.15527  279.03637     88.108 -9.990e-29
   40.57016  -72.08836     19.925     19.770     9.9481    32.9186      8.024     0.4714 3.8393e-01  1025.4261     9.9459    25.3361     8.0725    246.036    9.15518  279.03361     88.174 -9.990e-29
   40.57016  -72.08836     19.935     19.780     9.9479    32.9182      8.028     0.4714 3.8393e-01  1025.4259     9.9457    25.3358     8.0724    246.033    9.15517  279.03337     88.173 -9.990e-29
   40.57016  -72.08836     19.933     19.779     9.9471    32.9182      8.028     0.4714 3.8284e-01  1025.4253     9.9449    25.3356     8.0729    246.048    9.15514  279.03246     88.179 -9.990e-29
   40.57016  -72.08836     19.935     19.780     9.9440    32.9182      8.028     0.4714 3.8284e-01  1025.4259     9.9418    25.3359     8.0726    246.038    9.15512  279.03195     88.176 -9.990e-29
   40.57016  -72.08836     19.955     19.800     9.9413    32.9182      8.029     0.4714 3.8174e-01  1025.4266     9.9391    25.3368     8.0729    246.046    9.15508  279.03061     88.179 -9.990e-29
   40.57016  -72.08834     19.943     19.788     9.9390    32.9192      8.029     0.4714 3.8174e-01  1025.4284     9.9368    25.3379     8.0731    246.054    9.15510  279.03120     88.182 -9.990e-29
   40.57016  -72.08834     19.955     19.800     9.9375    32.9199      8.029     0.4714 3.8065e-01  1025.4292     9.9353    25.3388     8.0733    246.060    9.15516  279.03326     88.183 -9.990e-29
   40.57016  -72.08834     19.965     19.810     9.9367    32.9199      8.029     0.4983 3.7957e-01  1025.4297     9.9345    25.3391     8.0734    246.062    9.15516  279.03311     88.184 -9.990e-29
   40.57016  -72.08834     19.965     19.810     9.9373    32.9199      8.029     0.5117 3.8065e-01  1025.4295     9.9350    25.3388     8.0733    246.059    9.15509  279.03102     88.183 -9.990e-29
   40.57016  -72.08834     19.973     19.818     9.9389    32.9195      8.029     0.5117 3.7957e-01  1025.4278     9.9366    25.3381     8.0806    246.282    9.15511  279.03154     88.263 -9.990e-29
   40.57016  -72.08834     19.976     19.821     9.9389    32.9195      8.029     0.5117 3.7898e-01  1025.4279     9.9366    25.3380     8.0742    246.089    9.15499  279.02808     88.195 -9.990e-29
   40.57016  -72.08834     19.976     19.821     9.9370    32.9192      8.029     0.5117 3.7898e-01  1025.4292     9.9348    25.3385     8.0740    246.082    9.15504  279.02955     88.192 -9.990e-29
   40.57016  -72.08834     19.976     19.821     9.9360    32.9191      8.029     0.5117 3.7898e-01  1025.4295     9.9338    25.3387     8.0736    246.070    9.15501  279.02853     88.188 -9.990e-29
   40.57016  -72.08834     19.984     19.829     9.9372    32.9191      8.029     0.5117 3.7898e-01  1025.4288     9.9350    25.3381     8.0739    246.078    9.15503  279.02916     88.191 -9.990e-29
   40.57016  -72.08834     19.986     19.830     9.9392    32.9182      8.029     0.5117 3.7898e-01  1025.4273     9.9370    25.3372     8.0734    246.064    9.15507  279.03033     88.186 -9.990e-29
   40.57016  -72.08834     19.986     19.830     9.9402    32.9182      8.029     0.5117 3.7731e-01  1025.4263     9.9380    25.3366     8.0735    246.067    9.15504  279.02958     88.187 -9.990e-29
   40.57016  -72.08834     19.995     19.840     9.9389    32.9182      8.024     0.5117 3.7839e-01  1025.4271     9.9366    25.3368     8.0730    246.051    9.15515  279.03312     88.180 -9.990e-29
   40.57016  -72.08834     19.984     19.829     9.9370    32.9182      8.029     0.5117 3.7839e-01  1025.4278     9.9348    25.3375     8.0731    246.053    9.15525  279.03601     88.180 -9.990e-29
   40.57016  -72.08834     19.995     19.840     9.9362    32.9185      8.029     0.5117 3.7673e-01  1025.4286     9.9340    25.3379     8.0723    246.030    9.15527  279.03677     88.171 -9.990e-29
   40.57016  -72.08834     19.995     19.840     9.9366    32.9186      8.029     0.5117 3.7781e-01  1025.4285     9.9344    25.3380     8.0721    246.025    9.15527  279.03652     88.169 -9.990e-29
   40.57016  -72.08834     19.986     19.830     9.9369    32.9186      8.029     0.5117 3.7673e-01  1025.4280     9.9346    25.3379     8.0720    246.021    9.15535  279.03894     88.167 -9.990e-29
   40.57016  -72.08834     20.003     19.848     9.9364    32.9187      8.029     0.5117 3.7673e-01  1025.4282     9.9341    25.3380     8.0717    246.011    9.15532  279.03799     88.164 -9.990e-29
   40.57016  -72.08834     19.986     19.830     9.9357    32.9191      8.029     0.5117 3.7723e-01  1025.4287     9.9335    25.3384     8.0713    245.998    9.15523  279.03551     88.160 -9.990e-29
   40.57016  -72.08834     19.995     19.840     9.9355    32.9196      8.029     0.5117 3.7723e-01  1025.4297     9.9333    25.3389     8.0769    246.170    9.15525  279.03616     88.222 -9.990e-29
   40.57016  -72.08834     19.986     19.830     9.9367    32.9198      8.029     0.5117 3.7723e-01  1025.4292     9.9345    25.3389     8.0704    245.971    9.15524  279.03603     88.150 -9.990e-29
   40.57016  -72.08834     19.994     19.839     9.9378    32.9200      8.029     0.5117 3.7665e-01  1025.4290     9.9355    25.3388     8.0698    245.955    9.15528  279.03704     88.144 -9.990e-29
   40.57016  -72.08834     19.986     19.830     9.9387    32.9200      8.029     0.5117 3.7665e-01  1025.4294     9.9365    25.3387     8.0693    245.939    9.15538  279.03984     88.138 -9.990e-29
   40.57016  -72.08834     19.995     19.840     9.9404    32.9200      8.029     0.5117 3.7665e-01  1025.4288     9.9381    25.3385     8.0686    245.918    9.15535  279.03875     88.130 -9.990e-29
   40.57016  -72.08834     19.976     19.821     9.9412    32.9200      8.029     0.5117 3.7665e-01  1025.4286     9.9390    25.3383     8.0679    245.895    9.15533  279.03824     88.122 -9.990e-29
   40.57016  -72.08836     19.994     19.839     9.9413    32.9200      8.029     0.5117 3.7715e-01  1025.4283     9.9391    25.3382     8.0738    246.074    9.15528  279.03672     88.187 -9.990e-29
   40.57016  -72.08836     19.976     19.821     9.9410    32.9200      8.029     0.5117 3.7607e-01  1025.4285     9.9388    25.3382     8.0669    245.865    9.15533  279.03803     88.112 -9.990e-29
   40.57016  -72.08836     19.976     19.821     9.9417    32.9199      8.029     0.4983 3.7715e-01  1025.4288     9.9395    25.3381     8.0728    246.044    9.15543  279.04103     88.175 -9.990e-29
   40.57016  -72.08836     19.984     19.829     9.9444    32.9198      8.028     0.4983 3.7715e-01  1025.4280     9.9422    25.3375     8.0723    246.030    9.15532  279.03774     88.171 -9.990e-29
   40.57016  -72.08836     19.965     19.810     9.9469    32.9194      8.028     0.4983 3.7657e-01  1025.4267     9.9447    25.3369     8.0719    246.018    9.15532  279.03754     88.167 -9.990e-29
   40.57016  -72.08836     19.976     19.821     9.9471    32.9194      8.028     0.4983 3.7657e-01  1025.4268     9.9449    25.3367     8.0720    246.022    9.15525  279.03549     88.169 -9.990e-29
   40.57016  -72.08836     19.955     19.800     9.9468    32.9194      8.028     0.4983 3.7657e-01  1025.4272     9.9445    25.3368     8.0721    246.023    9.15516  279.03264     88.170 -9.990e-29
   40.57016  -72.08836     19.973     19.818     9.9473    32.9194      8.028     0.4983 3.7657e-01  1025.4271     9.9450    25.3368     8.0720    246.021    9.15502  279.02839     88.171 -9.990e-29
   40.57016  -72.08836     19.955     19.800     9.9478    32.9194      8.028     0.4983 3.7657e-01  1025.4269     9.9455    25.3367     8.0712    245.997    9.15487  279.02383     88.163 -9.990e-29
   40.57016  -72.08836     19.955     19.800     9.9484    32.9194      8.028     0.4983 3.7707e-01  1025.4267     9.9462    25.3365     8.0711    245.991    9.15475  279.02030     88.162 -9.990e-29
   40.57016  -72.08836     19.965     19.810     9.9491    32.9194      8.028     0.4983 3.7707e-01  1025.4265     9.9469    25.3365     8.0773    246.183    9.15448  279.01210     88.234 -9.990e-29
   40.57016  -72.08836     19.953     19.798     9.9494    32.9198      8.028     0.4983 3.7707e-01  1025.4268     9.9472    25.3367     8.0709    245.988    9.15430  279.00671     88.166 -9.990e-29
   40.57016  -72.08836     19.944     19.789     9.9493    32.9203      8.028     0.4983 3.7707e-01  1025.4274     9.9470    25.3371     8.0706    245.977    9.15419  279.00336     88.163 -9.990e-29
   40.57016  -72.08836     19.955     19.800     9.9491    32.9207      8.028     0.4983 3.7707e-01  1025.4274     9.9469    25.3375     8.0769    246.169    9.15409  279.00040     88.232 -9.990e-29
   40.57016  -72.08836     19.944     19.789     9.9484    32.9209      8.028     0.4983 3.7649e-01  1025.4283     9.9462    25.3377     8.0704    245.970    9.15400  278.99748     88.162 -9.990e-29
   40.57016  -72.08836     19.953     19.798     9.9494    32.9209      8.028     0.4983 3.7649e-01  1025.4280     9.9472    25.3377     8.0705    245.974    9.15385  278.99306     88.165 -9.990e-29
   40.57016  -72.08836     19.944     19.789     9.9501    32.9209      8.028     0.4983 3.7757e-01  1025.4276     9.9479    25.3375     8.0698    245.953    9.15366  278.98715     88.159 -9.990e-29
   40.57016  -72.08836     19.944     19.789     9.9506    32.9207      8.028     0.4983 3.7757e-01  1025.4273     9.9484    25.3372     8.0698    245.952    9.15348  278.98183     88.161 -9.990e-29
   40.57016  -72.08836     19.944     19.789     9.9512    32.9205      8.028     0.4983 3.7757e-01  1025.4271     9.9490    25.3370     8.0690    245.930    9.15331  278.97669     88.154 -9.990e-29
   40.57016  -72.08836     19.943     19.788     9.9517    32.9203      8.028     0.4983 3.7865e-01  1025.4270     9.9495    25.3368     8.0751    246.114    9.15325  278.97490     88.221 -9.990e-29
   40.57016  -72.08836     19.944     19.789     9.9519    32.9202      8.028     0.4983 3.7757e-01  1025.4266     9.9497    25.3366     8.0756    246.130    9.15313  278.97143     88.228 -9.990e-29
   40.57016  -72.08836     19.955     19.800     9.9519    32.9202      8.028     0.4983 3.7865e-01  1025.4270     9.9497    25.3366     8.0695    245.943    9.15307  278.96962     88.161 -9.990e-29
   40.57016  -72.08836     19.944     19.789     9.9521    32.9201      8.028     0.4983 3.7865e-01  1025.4267     9.9499    25.3365     8.0759    246.138    9.15286  278.96306     88.233 -9.990e-29
   40.57016  -72.08836     19.943     19.788     9.9524    32.9199      8.028     0.4983 3.7865e-01  1025.4264     9.9502    25.3363     8.0695    245.945    9.15269  278.95780     88.166 -9.990e-29
   40.57012  -72.08836     19.955     19.800     9.9524    32.9198      8.028     0.4983 3.7865e-01  1025.4263     9.9501    25.3362     8.0759    246.139    9.15252  278.95278     88.237 -9.990e-29
   40.57012  -72.08836     19.955     19.800     9.9521    32.9197      8.028     0.4983 3.7865e-01  1025.4262     9.9499    25.3362     8.0762    246.148    9.15239  278.94888     88.241 -9.990e-29
   40.57012  -72.08836     19.955     19.800     9.9519    32.9197      8.028     0.4983 3.7973e-01  1025.4267     9.9497    25.3362     8.0764    246.155    9.15223  278.94399     88.245 -9.990e-29
   40.57012  -72.08836     19.964     19.809     9.9524    32.9197      8.028     0.4849 3.7973e-01  1025.4263     9.9502    25.3362     8.0766    246.161    9.15209  278.93975     88.249 -9.990e-29
   40.57012  -72.08836     19.965     19.810     9.9524    32.9194      8.028     0.4849 3.7865e-01  1025.4261     9.9502    25.3359     8.0701    245.963    9.15199  278.93660     88.179 -9.990e-29
   40.57012  -72.08836     19.965     19.810     9.9530    32.9194      8.028     0.4849 3.7973e-01  1025.4259     9.9508    25.3358     8.0768    246.168    9.15175  278.92950     88.255 -9.990e-29
   40.57012  -72.08836     19.965     19.810     9.9527    32.9194      8.028     0.4849 3.7865e-01  1025.4261     9.9505    25.3358     8.0769    246.170    9.15162  278.92552     88.257 -9.990e-29
   40.57012  -72.08836     19.973     19.818     9.9529    32.9194      8.028     0.4849 3.7865e-01  1025.4261     9.9507    25.3359     8.0771    246.176    9.15163  278.92583     88.258 -9.990e-29
   40.57012  -72.08836     19.965     19.810     9.9527    32.9194      8.028     0.4849 3.7865e-01  1025.4263     9.9505    25.3359     8.0770    246.174    9.15147  278.92122     88.259 -9.990e-29
   40.57012  -72.08836     19.986     19.830     9.9525    32.9194      8.028     0.4849 3.7923e-01  1025.4264     9.9503    25.3358     8.0770    246.172    9.15135  278.91770     88.260 -9.990e-29
   40.57012  -72.08836     19.984     19.829     9.9529    32.9190      8.028     0.4849 3.7981e-01  1025.4257     9.9507    25.3356     8.0769    246.169    9.15125  278.91468     88.260 -9.990e-29
   40.57012  -72.08836     19.986     19.830     9.9524    32.9188      8.028     0.4849 3.7931e-01  1025.4256     9.9502    25.3354     8.0767    246.164    9.15115  278.91151     88.259 -9.990e-29
   40.57012  -72.08836     19.986     19.830     9.9519    32.9188      8.028     0.4849 3.7931e-01  1025.4258     9.9497    25.3355     8.0765    246.159    9.15108  278.90926     88.258 -9.990e-29
   40.57012  -72.08836     19.986     19.830     9.9517    32.9188      8.028     0.4849 3.7989e-01  1025.4259     9.9495    25.3356     8.0764    246.154    9.15110  278.90970     88.256 -9.990e-29
   40.57012  -72.08836     19.994     19.839     9.9517    32.9190      8.028     0.4849 3.7989e-01  1025.4260     9.9495    25.3358     8.0826    246.344    9.15087  278.90294     88.326 -9.990e-29
   40.57012  -72.08836     19.995     19.840     9.9511    32.9190      8.028     0.4849 3.7989e-01  1025.4267     9.9489    25.3360     8.0763    246.153    9.15091  278.90427     88.257 -9.990e-29
   40.57012  -72.08836     19.995     19.840     9.9514    32.9190      8.028     0.4849 3.7989e-01  1025.4263     9.9492    25.3358     8.0759    246.141    9.15087  278.90286     88.253 -9.990e-29
   40.57012  -72.08836     19.995     19.840     9.9521    32.9187      8.028     0.4849 3.7989e-01  1025.4255     9.9498    25.3354     8.0821    246.327    9.15074  278.89894     88.321 -9.990e-29
   40.57012  -72.08836     20.003     19.848     9.9519    32.9187      8.028     0.4849 3.7989e-01  1025.4258     9.9497    25.3352     8.0820    246.327    9.15056  278.89349     88.323 -9.990e-29
   40.57012  -72.08836     19.995     19.840     9.9521    32.9187      8.028     0.4849 3.7881e-01  1025.4253     9.9498    25.3352     8.0761    246.147    9.15057  278.89399     88.258 -9.990e-29
   40.57012  -72.08836     19.995     19.840     9.9517    32.9189      8.028     0.4849 3.7989e-01  1025.4259     9.9495    25.3356     8.0754    246.126    9.15049  278.89150     88.252 -9.990e-29
   40.57012  -72.08836     19.995     19.840     9.9509    32.9195 -9.990e-29     0.4849 3.7881e-01  1025.4268     9.9487    25.3361     8.0813    246.306    9.15037  278.88785     88.317 -9.990e-29
