CalculateIndicators/WaterTemperature/Data/CTD_NYOS/20220928_C03.cnv
* Sea-Bird SBE 9 Data File:
* FileName = C:\Seabird 9 CTD\Data\2022\202209_offshore\20220928_C03.hex
* Software Version Seasave V 7.23.2
* Temperature SN = 4590
* Conductivity SN = 3228
* Number of Bytes Per Scan = 44
* Number of Voltage Words = 5
* Number of Scans Averaged by the Deck Unit = 1
* NMEA Latitude = 40 31.24 N
* NMEA Longitude = 073 26.32 W
* NMEA UTC (Time) = Feb 12 2003  12:09:33
* NMEA baud rate = 4800
** Ship: seawolf
** Station: 6.1
** Operator: TDK
# nquan = 18
# nvalues = 8185                        
# units = specified
# name 0 = latitude: Latitude [deg]
# name 1 = longitude: Longitude [deg]
# name 2 = prDM: Pressure, Digiquartz [db]
# name 3 = depSM: Depth [salt water, m]
# name 4 = t090C: Temperature [ITS-90, deg C]
# name 5 = sal00: Salinity, Practical [PSU]
# name 6 = ph: pH
# name 7 = flECO-AFL: Fluorescence, WET Labs ECO-AFL/FL [mg/m^3]
# name 8 = cpar: CPAR/Corrected Irradiance [%]
# name 9 = density00: Density [density, kg/m^3]
# name 10 = potemp090C: Potential Temperature [ITS-90, deg C]
# name 11 = sigma-é00: Density [sigma-theta, kg/m^3]
# name 12 = sbeox0Mg/L: Oxygen, SBE 43 [mg/l]
# name 13 = sbox0Mm/Kg: Oxygen, SBE 43 [umol/kg]
# name 14 = oxsolMg/L: Oxygen Saturation, Garcia & Gordon [mg/l]
# name 15 = oxsolMm/Kg: Oxygen Saturation, Garcia & Gordon [umol/kg]
# name 16 = sbeox0PS: Oxygen, SBE 43 [% saturation]
# name 17 = flag:  0.000e+00
# span 0 =   40.52062,   40.52070       
# span 1 =  -73.43866,  -73.43750       
# span 2 =      1.836,     16.030       
# span 3 =      1.822,     15.906       
# span 4 =    18.2806,    19.4062       
# span 5 =    31.9850,    32.8301       
# span 6 =      6.903,      7.379       
# span 7 =     0.6326,     1.3847       
# span 8 = 8.0365e-02, 4.2925e+00       
# span 9 =  1022.6598,  1023.6065       
# span 10 =    18.2779,    19.4039      
# span 11 =    22.6472,    23.5363      
# span 12 =     5.4905,     6.6978      
# span 13 =    167.640,    204.674      
# span 14 =    7.58510,    7.73571      
# span 15 =  231.69185,  236.18573      
# span 16 =     71.052,     87.779      
# span 17 = 0.0000e+00, 0.0000e+00      
# interval = seconds: 0.0416667
# start_time = Sep 28 2022 12:09:35 [System UTC, first data scan.]
# bad_flag = -9.990e-29
*END*
[from data line 7880]
   40.52068  -73.43754      2.491      2.471    19.2750    31.9896      6.912     1.2370 2.7979e+00  1022.6636    19.2746    22.6529     6.6796    204.116    7.63040  233.17139     87.539 -9.990e-29
   40.52068  -73.43754      2.481      2.462    19.2749    31.9896      6.912     1.2370 2.7935e+00  1022.6639    19.2744    22.6529     6.6745    203.960    7.63039  233.17105     87.472 -9.990e-29
   40.52068  -73.43754      2.491      2.471    19.2750    31.9896      6.912     1.2370 2.7700e+00  1022.6637    19.2746    22.6528     6.6796    204.115    7.63041  233.17158     87.539 -9.990e-29
   40.52068  -73.43754      2.481      2.462    19.2749    31.9895      6.912     1.2370 2.7622e+00  1022.6635    19.2744    22.6527     6.6797    204.119    7.63040  233.17140     87.540 -9.990e-29
   40.52068  -73.43754      2.481      2.462    19.2747    31.9894      6.908     1.2370 2.7467e+00  1022.6635    19.2742    22.6527     6.6745    203.962    7.63042  233.17211     87.473 -9.990e-29
   40.52068  -73.43754      2.470      2.451    19.2747    31.9894      6.912     1.2370 2.7159e+00  1022.6634    19.2743    22.6527     6.6796    204.117    7.63045  233.17277     87.539 -9.990e-29
   40.52068  -73.43754      2.471      2.452    19.2747    31.9894      6.912     1.2370 2.7083e+00  1022.6635    19.2743    22.6528     6.6744    203.958    7.63041  233.17176     87.471 -9.990e-29
   40.52068  -73.43754      2.451      2.432    19.2747    31.9895      6.908     1.2370 2.7007e+00  1022.6635    19.2743    22.6529     6.6742    203.951    7.63043  233.17229     87.468 -9.990e-29
   40.52068  -73.43754      2.460      2.441    19.2747    31.9895      6.912     1.2370 2.6671e+00  1022.6636    19.2743    22.6529     6.6792    204.105    7.63044  233.17251     87.534 -9.990e-29
   40.52068  -73.43754      2.451      2.432    19.2743    31.9895      6.912     1.2370 2.6446e+00  1022.6637    19.2739    22.6529     6.6793    204.107    7.63043  233.17233     87.535 -9.990e-29
   40.52068  -73.43754      2.440      2.421    19.2747    31.9895      6.908     1.2370 2.6479e+00  1022.6634    19.2743    22.6529     6.6794    204.109    7.63043  233.17207     87.536 -9.990e-29
   40.52068  -73.43752      2.440      2.421    19.2747    31.9895      6.912     1.2370 2.5962e+00  1022.6636    19.2743    22.6529     6.6794    204.112    7.63045  233.17286     87.537 -9.990e-29
   40.52068  -73.43752      2.419      2.401    19.2747    31.9895      6.908     1.2370 2.5744e+00  1022.6633    19.2743    22.6529     6.6795    204.113    7.63045  233.17260     87.537 -9.990e-29
   40.52068  -73.43752      2.410      2.391    19.2743    31.9895      6.912     1.2370 2.5671e+00  1022.6635    19.2739    22.6529     6.6742    203.952    7.63043  233.17224     87.468 -9.990e-29
   40.52068  -73.43752      2.410      2.391    19.2740    31.9894      6.908     1.2370 2.5170e+00  1022.6635    19.2736    22.6529     6.6739    203.942    7.63043  233.17233     87.464 -9.990e-29
   40.52068  -73.43752      2.389      2.371    19.2742    31.9892      6.908     1.2370 2.4818e+00  1022.6631    19.2738    22.6528     6.6788    204.093    7.63045  233.17267     87.529 -9.990e-29
   40.52068  -73.43752      2.389      2.371    19.2738    31.9891      6.908     1.2370 2.4748e+00  1022.6631    19.2734    22.6527     6.6789    204.094    7.63044  233.17269     87.529 -9.990e-29
   40.52068  -73.43752      2.381      2.362    19.2735    31.9891      6.912     1.2370 2.4748e+00  1022.6632    19.2730    22.6527     6.6736    203.933    7.63045  233.17286     87.460 -9.990e-29
   40.52068  -73.43752      2.379      2.361    19.2737    31.9891      6.908     1.2370 2.4640e+00  1022.6631    19.2732    22.6528     6.6785    204.082    7.63043  233.17214     87.524 -9.990e-29
   40.52068  -73.43752      2.370      2.351    19.2735    31.9892      6.908     1.2370 2.4671e+00  1022.6633    19.2730    22.6529     6.6785    204.082    7.63043  233.17223     87.524 -9.990e-29
   40.52068  -73.43752      2.370      2.351    19.2735    31.9893      6.908     1.2370 2.5014e+00  1022.6633    19.2730    22.6530     6.6788    204.092    7.63043  233.17231     87.528 -9.990e-29
   40.52068  -73.43752      2.349      2.331    19.2731    31.9894      6.912     1.2370 2.5433e+00  1022.6633    19.2727    22.6531     6.6787    204.090    7.63040  233.17112     87.528 -9.990e-29
   40.52068  -73.43752      2.349      2.331    19.2735    31.9894      6.912     1.1564 2.5498e+00  1022.6633    19.2730    22.6531     6.6840    204.250    7.63042  233.17178     87.596 -9.990e-29
   40.52068  -73.43752      2.349      2.331    19.2735    31.9894      6.908     1.1027 2.5965e+00  1022.6632    19.2730    22.6531     6.6793    204.107    7.63036  233.17026     87.536 -9.990e-29
   40.52068  -73.43752      2.339      2.321    19.2733    31.9895      6.908     1.0893 2.6707e+00  1022.6635    19.2729    22.6531     6.6796    204.117    7.63038  233.17076     87.540 -9.990e-29
   40.52068  -73.43752      2.328      2.311    19.2735    31.9895      6.908     1.1027 2.6900e+00  1022.6632    19.2730    22.6531     6.6795    204.113    7.63036  233.17026     87.538 -9.990e-29
   40.52068  -73.43752      2.328      2.311    19.2735    31.9896      6.912     1.1027 2.7170e+00  1022.6633    19.2730    22.6532     6.6798    204.122    7.63037  233.17039     87.542 -9.990e-29
   40.52068  -73.43752      2.328      2.311    19.2737    31.9896      6.912     1.1027 2.8068e+00  1022.6636    19.2732    22.6533     6.6800    204.130    7.63036  233.17016     87.545 -9.990e-29
   40.52068  -73.43752      2.319      2.301    19.2737    31.9896      6.912     1.1027 2.8315e+00  1022.6634    19.2732    22.6532     6.6799    204.127    7.63036  233.17024     87.544 -9.990e-29
   40.52068  -73.43752      2.320      2.302    19.2740    31.9896      6.908     1.1027 2.8439e+00  1022.6631    19.2736    22.6531     6.6851    204.285    7.63037  233.17059     87.612 -9.990e-29
   40.52068  -73.43752      2.328      2.311    19.2740    31.9896      6.908     1.1027 2.9132e+00  1022.6631    19.2736    22.6531     6.6857    204.303    7.63038  233.17068     87.619 -9.990e-29
   40.52068  -73.43752      2.308      2.290    19.2740    31.9896      6.908     1.1027 2.9462e+00  1022.6632    19.2736    22.6531     6.6859    204.308    7.63036  233.16996     87.622 -9.990e-29
   40.52068  -73.43752      2.319      2.301    19.2740    31.9896      6.912     1.0893 2.9471e+00  1022.6631    19.2736    22.6530     6.6864    204.325    7.63037  233.17049     87.629 -9.990e-29
   40.52068  -73.43752      2.319      2.301    19.2740    31.9895      6.912     1.1027 3.0142e+00  1022.6631    19.2736    22.6529     6.6866    204.330    7.63039  233.17088     87.631 -9.990e-29
   40.52068  -73.43752      2.319      2.301    19.2740    31.9892      6.908     1.1027 3.0532e+00  1022.6629    19.2736    22.6528     6.6867    204.334    7.63040  233.17118     87.633 -9.990e-29
   40.52068  -73.43752      2.319      2.301    19.2740    31.9885      6.912     1.1027 3.0618e+00  1022.6630    19.2736    22.6523     6.6872    204.348    7.63039  233.17114     87.639 -9.990e-29
   40.52068  -73.43752      2.319      2.301    19.2742    31.9883      6.908     1.1027 3.0665e+00  1022.6608    19.2738    22.6514     6.6872    204.350    7.63039  233.17087     87.640 -9.990e-29
   40.52068  -73.43752      2.319      2.301    19.2740    31.9883      6.908     1.1027 3.0752e+00  1022.6604    19.2736    22.6513     6.6824    204.202    7.63038  233.17069     87.576 -9.990e-29
   40.52068  -73.43752      2.319      2.301    19.2737    31.9883      6.912     1.1027 3.0791e+00  1022.6627    19.2732    22.6521     6.6873    204.353    7.63037  233.17054     87.641 -9.990e-29
   40.52068  -73.43752      2.328      2.311    19.2740    31.9891      6.912     1.1027 3.0532e+00  1022.6631    19.2736    22.6527     6.6878    204.366    7.63041  233.17173     87.646 -9.990e-29
   40.52068  -73.43752      2.319      2.301    19.2738    31.9894      6.912     1.1027 3.0360e+00  1022.6631    19.2734    22.6530     6.6878    204.366    7.63039  233.17111     87.646 -9.990e-29
   40.52068  -73.43752      2.339      2.321    19.2738    31.9894      6.912     1.1027 3.0275e+00  1022.6632    19.2734    22.6530     6.6878    204.366    7.63041  233.17146     87.646 -9.990e-29
   40.52068  -73.43752      2.309      2.291    19.2740    31.9894      6.912     1.1027 3.0152e+00  1022.6629    19.2736    22.6529     6.6877    204.364    7.63041  233.17162     87.645 -9.990e-29
   40.52068  -73.43752      2.328      2.310    19.2740    31.9894      6.912     1.1027 2.9945e+00  1022.6631    19.2736    22.6529     6.6876    204.362    7.63041  233.17172     87.644 -9.990e-29
   40.52068  -73.43752      2.328      2.310    19.2738    31.9894      6.908     1.1027 2.9860e+00  1022.6631    19.2734    22.6530     6.6879    204.369    7.63041  233.17144     87.648 -9.990e-29
   40.52068  -73.43752      2.328      2.310    19.2740    31.9894      6.908     1.1027 2.9693e+00  1022.6633    19.2736    22.6530     6.6881    204.377    7.63039  233.17100     87.651 -9.990e-29
   40.52068  -73.43752      2.328      2.310    19.2740    31.9893      6.912     1.1295 2.9241e+00  1022.6630    19.2736    22.6528     6.6880    204.372    7.63039  233.17104     87.649 -9.990e-29
   40.52068  -73.43752      2.339      2.321    19.2740    31.9893      6.912     1.1833 2.9159e+00  1022.6626    19.2736    22.6528     6.6878    204.367    7.63040  233.17143     87.647 -9.990e-29
   40.52068  -73.43752      2.328      2.310    19.2738    31.9893      6.912     1.1967 2.9195e+00  1022.6633    19.2734    22.6529     6.6880    204.373    7.63039  233.17100     87.649 -9.990e-29
   40.52068  -73.43752      2.339      2.321    19.2740    31.9894      6.912     1.1967 2.9278e+00  1022.6630    19.2736    22.6530     6.6881    204.377    7.63038  233.17081     87.651 -9.990e-29
   40.52068  -73.43752      2.349      2.331    19.2738    31.9894      6.912     1.1967 2.9314e+00  1022.6633    19.2734    22.6530     6.6879    204.371    7.63039  233.17100     87.648 -9.990e-29
   40.52068  -73.43752      2.339      2.321    19.2738    31.9894      6.912     1.1967 2.9351e+00  1022.6633    19.2734    22.6530     6.6880    204.375    7.63039  233.17109     87.650 -9.990e-29
   40.52068  -73.43752      2.339      2.321    19.2738    31.9894      6.912     1.1967 2.9600e+00  1022.6630    19.2734    22.6530     6.6881    204.378    7.63039  233.17109     87.651 -9.990e-29
   40.52068  -73.43752      2.349      2.331    19.2735    31.9894      6.912     1.1967 2.9805e+00  1022.6635    19.2730    22.6530     6.6879    204.369    7.63039  233.17109     87.648 -9.990e-29
   40.52068  -73.43752      2.350      2.332    19.2738    31.9894      6.912     1.1967 2.9842e+00  1022.6632    19.2734    22.6530     6.6932    204.532    7.63041  233.17143     87.718 -9.990e-29
   40.52068  -73.43752      2.349      2.331    19.2738    31.9894      6.908     1.1833 2.9758e+00  1022.6629    19.2734    22.6529     6.6932    204.533    7.63039  233.17101     87.718 -9.990e-29
   40.52068  -73.43752      2.349      2.331    19.2737    31.9894      6.912     1.1967 2.9675e+00  1022.6632    19.2732    22.6530     6.6880    204.372    7.63043  233.17215     87.649 -9.990e-29
   40.52068  -73.43752      2.339      2.321    19.2737    31.9895      6.912     1.1967 2.9758e+00  1022.6632    19.2732    22.6531     6.6879    204.369    7.63039  233.17092     87.648 -9.990e-29
   40.52068  -73.43752      2.349      2.331    19.2737    31.9896      6.908     1.1967 3.0011e+00  1022.6634    19.2732    22.6532     6.6878    204.368    7.63039  233.17101     87.647 -9.990e-29
   40.52068  -73.43752      2.349      2.331    19.2735    31.9896      6.908     1.1967 3.0180e+00  1022.6635    19.2730    22.6533     6.6878    204.367    7.63041  233.17155     87.647 -9.990e-29
   40.52068  -73.43752      2.349      2.331    19.2735    31.9896      6.912     1.1967 3.0304e+00  1022.6636    19.2730    22.6533     6.6877    204.365    7.63042  233.17191     87.646 -9.990e-29
   40.52068  -73.43752      2.339      2.321    19.2737    31.9896      6.908     1.1967 3.0475e+00  1022.6633    19.2732    22.6532     6.6929    204.522    7.63041  233.17146     87.713 -9.990e-29
   40.52068  -73.43752      2.339      2.321    19.2737    31.9896      6.912     1.1833 3.0599e+00  1022.6632    19.2732    22.6532     6.6875    204.357    7.63041  233.17165     87.642 -9.990e-29
   40.52068  -73.43752      2.328      2.310    19.2735    31.9896      6.908     1.1967 3.0599e+00  1022.6635    19.2730    22.6532     6.6870    204.341    7.63041  233.17174     87.636 -9.990e-29
   40.52068  -73.43752      2.339      2.321    19.2737    31.9894      6.912     1.1967 3.0647e+00  1022.6631    19.2732    22.6530     6.6921    204.497    7.63043  233.17224     87.702 -9.990e-29
   40.52068  -73.43752      2.328      2.310    19.2737    31.9894      6.908     1.1967 3.0618e+00  1022.6629    19.2732    22.6530     6.6869    204.339    7.63039  233.17088     87.635 -9.990e-29
   40.52068  -73.43752      2.319      2.301    19.2737    31.9894      6.912     1.1967 3.0503e+00  1022.6633    19.2732    22.6531     6.6863    204.323    7.63043  233.17216     87.627 -9.990e-29
   40.52068  -73.43752      2.320      2.302    19.2737    31.9895      6.912     1.1967 3.0512e+00  1022.6632    19.2732    22.6531     6.6861    204.314    7.63041  233.17177     87.624 -9.990e-29
   40.52068  -73.43752      2.308      2.290    19.2737    31.9896      6.912     1.1833 3.0560e+00  1022.6631    19.2732    22.6532     6.6858    204.307    7.63043  233.17213     87.621 -9.990e-29
   40.52068  -73.43752      2.308      2.290    19.2738    31.9896      6.912     1.1967 3.0522e+00  1022.6633    19.2734    22.6532     6.6908    204.459    7.63042  233.17196     87.686 -9.990e-29
   40.52068  -73.43752      2.298      2.280    19.2737    31.9896      6.912     1.1967 3.0398e+00  1022.6633    19.2733    22.6532     6.6908    204.460    7.63042  233.17201     87.686 -9.990e-29
   40.52068  -73.43752      2.278      2.260    19.2742    31.9895      6.912     1.1833 3.0105e+00  1022.6628    19.2738    22.6530     6.6912    204.471    7.63041  233.17170     87.691 -9.990e-29
   40.52068  -73.43752      2.289      2.271    19.2740    31.9895      6.912     1.1833 2.9983e+00  1022.6630    19.2736    22.6530     6.6859    204.310    7.63043  233.17224     87.622 -9.990e-29
   40.52068  -73.43752      2.268      2.250    19.2742    31.9895      6.912     1.1833 2.9983e+00  1022.6627    19.2738    22.6530     6.6856    204.299    7.63042  233.17198     87.617 -9.990e-29
   40.52068  -73.43752      2.268      2.250    19.2740    31.9895      6.912     1.1833 2.9899e+00  1022.6630    19.2736    22.6530     6.6852    204.286    7.63039  233.17093     87.612 -9.990e-29
   40.52068  -73.43752      2.247      2.230    19.2742    31.9895      6.912     1.1833 2.9852e+00  1022.6627    19.2738    22.6529     6.6847    204.274    7.63039  233.17111     87.607 -9.990e-29
   40.52068  -73.43752      2.238      2.220    19.2742    31.9894      6.908     1.1833 2.9936e+00  1022.6626    19.2738    22.6528     6.6844    204.262    7.63042  233.17182     87.601 -9.990e-29
   40.52068  -73.43752      2.238      2.220    19.2742    31.9893      6.912     1.1833 3.0313e+00  1022.6624    19.2738    22.6528     6.6839    204.249    7.63042  233.17183     87.596 -9.990e-29
   40.52068  -73.43752      2.227      2.210    19.2742    31.9893      6.908     1.1833 3.0436e+00  1022.6624    19.2738    22.6528     6.6838    204.246    7.63042  233.17183     87.595 -9.990e-29
