CalculateIndicators/WaterTemperature/Data/CTD_NYOS/202200730_C28.cnv
* Sea-Bird SBE 9 Data File:
* FileName = C:\Seabird 9 CTD\Data\2022\202207_offshore\202200730_C28.hex
* Software Version Seasave V 7.23.2
* Temperature SN = 4590
* Conductivity SN = 3228
* Number of Bytes Per Scan = 44
* Number of Voltage Words = 5
* Number of Scans Averaged by the Deck Unit = 1
* NMEA Latitude = 40 41.78 N
* NMEA Longitude = 071 47.40 W
* NMEA UTC (Time) = Dec 14 2002  15:00:19
* NMEA baud rate = 4800
** Ship: seawolf
** Station: 1.2
** Operator: TCM
# nquan = 18
# nvalues = 13274                       
# units = specified
# name 0 = latitude: Latitude [deg]
# name 1 = longitude: Longitude [deg]
# name 2 = prDM: Pressure, Digiquartz [db]
# name 3 = depSM: Depth [salt water, m]
# name 4 = t090C: Temperature [ITS-90, deg C]
# name 5 = sal00: Salinity, Practical [PSU]
# name 6 = ph: pH
# name 7 = flECO-AFL: Fluorescence, WET Labs ECO-AFL/FL [mg/m^3]
# name 8 = cpar: CPAR/Corrected Irradiance [%]
# name 9 = density00: Density [density, kg/m^3]
# name 10 = potemp090C: Potential Temperature [ITS-90, deg C]
# name 11 = sigma-é00: Density [sigma-theta, kg/m^3]
# name 12 = sbeox0Mg/L: Oxygen, SBE 43 [mg/l]
# name 13 = sbox0Mm/Kg: Oxygen, SBE 43 [umol/kg]
# name 14 = oxsolMg/L: Oxygen Saturation, Garcia & Gordon [mg/l]
# name 15 = oxsolMm/Kg: Oxygen Saturation, Garcia & Gordon [umol/kg]
# name 16 = sbeox0PS: Oxygen, SBE 43 [% saturation]
# name 17 = flag:  0.000e+00
# span 0 =   40.69574,   40.69638       
# span 1 =  -71.79006,  -71.78978       
# span 2 =      1.897,     50.477       
# span 3 =      1.883,     50.081       
# span 4 =    10.1552,    23.5791       
# span 5 =    32.1723,    34.6662       
# span 6 =      7.928,      8.302       
# span 7 =    -0.0255,     1.4385       
# span 8 = 3.9426e-02, 9.4320e+01       
# span 9 =  1021.6403,  1026.1437       
# span 10 =    10.1495,    23.5786      
# span 11 =    21.6276,    25.9168      
# span 12 =     5.8863,     9.9204      
# span 13 =    179.305,    302.522      
# span 14 =    7.05196,    9.06927      
# span 15 =  215.71024,  276.26034      
# span 16 =     65.006,    129.189      
# span 17 = 0.0000e+00, 0.0000e+00      
# interval = seconds: 0.0416667
# start_time = Jul 30 2022 15:00:16 [System UTC, first data scan.]
# bad_flag = -9.990e-29
*END*
[from data line 7799]
   40.69602  -71.78994     19.526     19.374    13.2775    33.5485 -9.990e-29     1.0087 1.3461e+00  1025.2998    13.2748    25.2130     8.8421    269.523    8.49694  259.00227    104.062 -9.990e-29
   40.69602  -71.78994     19.526     19.374    13.2769    33.5485      8.161     1.0087 1.3385e+00  1025.3007    13.2742    25.2137     8.8415    269.505    8.49674  258.99658    104.057 -9.990e-29
   40.69602  -71.78994     19.545     19.393    13.2769    33.5485      8.161     1.0087 1.3385e+00  1025.3015    13.2742    25.2141     8.8411    269.494    8.49678  258.99777    104.052 -9.990e-29
   40.69602  -71.78994     19.556     19.404    13.2767    33.5485      8.161     1.0087 1.3398e+00  1025.3008    13.2740    25.2139     8.8408    269.484    8.49688  259.00076    104.048 -9.990e-29
   40.69602  -71.78994     19.556     19.404    13.2757    33.5482      8.161     1.0087 1.3360e+00  1025.3002    13.2730    25.2137     8.8404    269.471    8.49691  259.00160    104.042 -9.990e-29
   40.69602  -71.78994     19.567     19.415    13.2743    33.5482      8.161     1.0087 1.3285e+00  1025.3009    13.2717    25.2139     8.8398    269.452    8.49678  258.99780    104.037 -9.990e-29
   40.69602  -71.78994     19.576     19.424    13.2732    33.5482      8.161     1.0087 1.3285e+00  1025.3014    13.2705    25.2143     8.8393    269.439    8.49680  258.99821    104.031 -9.990e-29
   40.69602  -71.78994     19.565     19.413    13.2733    33.5484      8.161     1.0087 1.3235e+00  1025.3015    13.2706    25.2145     8.8387    269.422    8.49677  258.99761    104.025 -9.990e-29
   40.69602  -71.78994     19.587     19.435    13.2737    33.5486      8.161     1.0087 1.3211e+00  1025.3018    13.2710    25.2146     8.8326    269.235    8.49671  258.99571    103.954 -9.990e-29
   40.69602  -71.78994     19.576     19.424    13.2745    33.5487      8.161     1.0087 1.3173e+00  1025.3014    13.2719    25.2145     8.8376    269.388    8.49668  258.99480    104.013 -9.990e-29
   40.69602  -71.78994     19.587     19.435    13.2750    33.5488      8.161     1.0087 1.3173e+00  1025.3015    13.2723    25.2145     8.8372    269.373    8.49672  258.99605    104.007 -9.990e-29
   40.69602  -71.78994     19.596     19.443    13.2751    33.5491      8.161     0.9952 1.3124e+00  1025.3016    13.2724    25.2147     8.8372    269.373    8.49673  258.99641    104.007 -9.990e-29
   40.69602  -71.78994     19.587     19.435    13.2750    33.5498      8.161     1.0087 1.3136e+00  1025.3020    13.2723    25.2153     8.8371    269.373    8.49672  258.99588    104.006 -9.990e-29
   40.69602  -71.78994     19.587     19.435    13.2749    33.5509      8.161     1.0087 1.3099e+00  1025.3035    13.2722    25.2160     8.8370    269.368    8.49657  258.99137    104.006 -9.990e-29
   40.69602  -71.78994     19.587     19.435    13.2760    33.5509      8.161     1.0221 1.3099e+00  1025.3038    13.2733    25.2162     8.8303    269.165    8.49653  258.99022    103.929 -9.990e-29
   40.69602  -71.78994     19.597     19.445    13.2776    33.5509      8.161     1.0221 1.3050e+00  1025.3028    13.2749    25.2157     8.8293    269.132    8.49654  258.99023    103.916 -9.990e-29
   40.69602  -71.78994     19.585     19.433    13.2781    33.5505      8.161     1.0221 1.3050e+00  1025.3021    13.2754    25.2152     8.8349    269.303    8.49658  258.99155    103.981 -9.990e-29
   40.69602  -71.78994     19.576     19.424    13.2778    33.5499      8.161     1.0221 1.3026e+00  1025.3019    13.2752    25.2147     8.8288    269.118    8.49659  258.99174    103.910 -9.990e-29
   40.69602  -71.78994     19.587     19.435    13.2779    33.5494      8.161     1.0221 1.3001e+00  1025.3013    13.2752    25.2143     8.8344    269.289    8.49663  258.99310    103.975 -9.990e-29
   40.69602  -71.78994     19.556     19.404    13.2780    33.5494      8.166     1.0221 1.3014e+00  1025.3008    13.2753    25.2140     8.8344    269.288    8.49657  258.99138    103.976 -9.990e-29
   40.69602  -71.78994     19.575     19.423    13.2776    33.5494      8.161     1.0221 1.3014e+00  1025.3011    13.2749    25.2141     8.8344    269.288    8.49653  258.98980    103.976 -9.990e-29
   40.69602  -71.78994     19.546     19.394    13.2775    33.5496      8.161     1.0221 1.2952e+00  1025.3013    13.2748    25.2145     8.8340    269.277    8.49620  258.97960    103.976 -9.990e-29
   40.69602  -71.78994     19.556     19.404    13.2772    33.5502      8.161     1.0221 1.2977e+00  1025.3019    13.2746    25.2150     8.8273    269.073    8.49563  258.96231    103.904 -9.990e-29
   40.69602  -71.78994     19.537     19.385    13.2777    33.5511      8.161     1.0221 1.3014e+00  1025.3027    13.2750    25.2155     8.8320    269.218    8.49489  258.94056    103.969 -9.990e-29
   40.69602  -71.78994     19.526     19.374    13.2796    33.5513      8.161     1.0221 1.2989e+00  1025.3029    13.2769    25.2156     8.8319    269.216    8.49477  258.93780    103.969 -9.990e-29
   40.69602  -71.78994     19.515     19.363    13.2823    33.5513      8.161     1.0221 1.2977e+00  1025.3018    13.2796    25.2152     8.8326    269.236    8.49531  258.95433    103.970 -9.990e-29
   40.69602  -71.78994     19.506     19.355    13.2837    33.5513      8.161     1.0221 1.3038e+00  1025.3013    13.2810    25.2146     8.8333    269.257    8.49588  258.97142    103.972 -9.990e-29
   40.69602  -71.78994     19.486     19.334    13.2848    33.5510      8.161     1.0221 1.3063e+00  1025.3009    13.2822    25.2142     8.8338    269.271    8.49624  258.98221    103.973 -9.990e-29
   40.69602  -71.78994     19.486     19.334    13.2859    33.5507      8.161     1.0221 1.3113e+00  1025.3003    13.2832    25.2138     8.8341    269.280    8.49646  258.98881    103.974 -9.990e-29
   40.69602  -71.78994     19.444     19.293    13.2860    33.5505      8.161     1.0221 1.3113e+00  1025.2999    13.2833    25.2136     8.8343    269.288    8.49663  258.99378    103.975 -9.990e-29
   40.69602  -71.78994     19.464     19.312    13.2850    33.5504      8.161     1.0221 1.3088e+00  1025.3002    13.2824    25.2137     8.8281    269.098    8.49647  258.98842    103.904 -9.990e-29
   40.69602  -71.78994     19.435     19.284    13.2841    33.5504      8.161     1.0221 1.3075e+00  1025.3002    13.2815    25.2137     8.8330    269.245    8.49576  258.96672    103.969 -9.990e-29
   40.69602  -71.78994     19.424     19.273    13.2839    33.5504      8.161     1.0221 1.3026e+00  1025.2998    13.2812    25.2137     8.8326    269.236    8.49543  258.95704    103.969 -9.990e-29
   40.69602  -71.78994     19.404     19.254    13.2840    33.5507      8.166     1.0221 1.3087e+00  1025.3003    13.2813    25.2140     8.8339    269.272    8.49593  258.97201    103.977 -9.990e-29
   40.69602  -71.78994     19.392     19.241    13.2852    33.5514      8.161     1.0221 1.3149e+00  1025.3008    13.2826    25.2144     8.8350    269.307    8.49636  258.98478    103.985 -9.990e-29
   40.69602  -71.78994     19.374     19.224    13.2860    33.5514      8.161     1.0087 1.3161e+00  1025.3009    13.2834    25.2145     8.8355    269.322    8.49669  258.99458    103.987 -9.990e-29
   40.69602  -71.78994     19.363     19.213    13.2866    33.5514      8.161     1.0221 1.3223e+00  1025.3002    13.2839    25.2144     8.8358    269.331    8.49685  258.99958    103.989 -9.990e-29
   40.69602  -71.78994     19.342     19.192    13.2858    33.5513      8.161     1.0221 1.3323e+00  1025.3004    13.2832    25.2142     8.8358    269.331    8.49676  258.99709    103.990 -9.990e-29
   40.69602  -71.78994     19.333     19.183    13.2849    33.5512      8.161     1.0087 1.3298e+00  1025.2997    13.2822    25.2141     8.8357    269.328    8.49658  258.99188    103.991 -9.990e-29
   40.69602  -71.78994     19.311     19.161    13.2838    33.5512      8.161     1.0087 1.3360e+00  1025.3002    13.2812    25.2141     8.8357    269.328    8.49646  258.98870    103.992 -9.990e-29
   40.69602  -71.78994     19.303     19.153    13.2852    33.5512      8.161     1.0087 1.3461e+00  1025.2999    13.2826    25.2142     8.8360    269.338    8.49663  258.99351    103.994 -9.990e-29
   40.69602  -71.78994     19.282     19.132    13.2854    33.5516      8.161     1.0087 1.3487e+00  1025.3001    13.2827    25.2145     8.8363    269.346    8.49677  258.99772    103.995 -9.990e-29
   40.69602  -71.78994     19.272     19.123    13.2859    33.5524      8.161     1.0087 1.3538e+00  1025.3005    13.2832    25.2151     8.8371    269.371    8.49691  259.00181    104.004 -9.990e-29
   40.69602  -71.78994     19.252     19.102    13.2867    33.5536      8.161     1.0087 1.3602e+00  1025.3018    13.2841    25.2158     8.8434    269.564    8.49702  259.00483    104.077 -9.990e-29
   40.69598  -71.78994     19.252     19.102    13.2877    33.5536      8.161     0.9952 1.3589e+00  1025.3019    13.2851    25.2160     8.8441    269.583    8.49702  259.00500    104.084 -9.990e-29
   40.69598  -71.78994     19.230     19.080    13.2886    33.5536      8.161     0.9952 1.3601e+00  1025.3014    13.2860    25.2158     8.8446    269.601    8.49697  259.00357    104.092 -9.990e-29
   40.69598  -71.78994     19.221     19.072    13.2892    33.5536      8.161     1.0087 1.3665e+00  1025.3006    13.2866    25.2153     8.8454    269.624    8.49712  259.00782    104.099 -9.990e-29
   40.69598  -71.78994     19.212     19.062    13.2887    33.5532      8.161     1.0087 1.3665e+00  1025.3004    13.2861    25.2150     8.8463    269.651    8.49738  259.01563    104.106 -9.990e-29
   40.69598  -71.78994     19.191     19.042    13.2892    33.5529      8.161     1.0087 1.3652e+00  1025.3001    13.2866    25.2146     8.8410    269.489    8.49757  259.02120    104.041 -9.990e-29
   40.69598  -71.78994     19.201     19.052    13.2904    33.5526      8.161     1.0087 1.3768e+00  1025.2996    13.2878    25.2143     8.8410    269.490    8.49757  259.02128    104.042 -9.990e-29
   40.69598  -71.78994     19.179     19.030    13.2902    33.5523      8.161     1.0087 1.3781e+00  1025.2994    13.2876    25.2141     8.8410    269.491    8.49758  259.02166    104.042 -9.990e-29
   40.69598  -71.78994     19.170     19.021    13.2898    33.5521      8.161     1.0087 1.3820e+00  1025.2992    13.2871    25.2140     8.8472    269.679    8.49763  259.02312    104.114 -9.990e-29
   40.69598  -71.78994     19.170     19.021    13.2897    33.5519      8.161     1.0087 1.3898e+00  1025.2990    13.2871    25.2138     8.8476    269.692    8.49757  259.02132    104.120 -9.990e-29
   40.69598  -71.78994     19.150     19.001    13.2904    33.5519      8.166     0.9952 1.3924e+00  1025.2988    13.2878    25.2137     8.8479    269.700    8.49736  259.01489    104.125 -9.990e-29
   40.69598  -71.78994     19.161     19.012    13.2902    33.5519      8.161     1.0087 1.3911e+00  1025.2991    13.2876    25.2137     8.8481    269.706    8.49711  259.00717    104.131 -9.990e-29
   40.69598  -71.78994     19.140     18.991    13.2906    33.5517      8.161     1.0087 1.3937e+00  1025.2984    13.2880    25.2135     8.8484    269.716    8.49698  259.00331    104.136 -9.990e-29
   40.69598  -71.78994     19.148     19.000    13.2909    33.5516      8.161     1.0087 1.3950e+00  1025.2985    13.2883    25.2134     8.8488    269.727    8.49689  259.00089    104.141 -9.990e-29
   40.69598  -71.78994     19.140     18.991    13.2911    33.5516      8.161     1.0087 1.3964e+00  1025.2984    13.2885    25.2133     8.8486    269.720    8.49684  258.99923    104.139 -9.990e-29
   40.69598  -71.78994     19.150     19.001    13.2909    33.5516      8.161     1.0087 1.4003e+00  1025.2984    13.2883    25.2133     8.8490    269.734    8.49690  259.00106    104.144 -9.990e-29
   40.69598  -71.78994     19.140     18.991    13.2908    33.5517      8.161     1.0087 1.4003e+00  1025.2985    13.2881    25.2135     8.8494    269.745    8.49692  259.00159    104.148 0.0000e+00
   40.69598  -71.78994     19.131     18.982    13.2907    33.5520      8.161     1.0087 1.4016e+00  1025.2988    13.2881    25.2137     8.8496    269.754    8.49687  259.00030    104.152 -9.990e-29
   40.69598  -71.78994     19.140     18.991    13.2914    33.5524      8.161     1.0087 1.4056e+00  1025.2990    13.2888    25.2139     8.8500    269.763    8.49690  259.00154    104.155 -9.990e-29
   40.69598  -71.78994     19.148     19.000    13.2916    33.5527      8.161     1.0355 1.4096e+00  1025.2992    13.2890    25.2141     8.8504    269.778    8.49706  259.00656    104.159 -9.990e-29
   40.69598  -71.78994     19.140     18.991    13.2914    33.5530      8.161     1.0490 1.4149e+00  1025.2995    13.2888    25.2144     8.8563    269.958    8.49717  259.00994    104.227 -9.990e-29
   40.69598  -71.78994     19.150     19.001    13.2911    33.5530      8.161     1.0490 1.4069e+00  1025.2999    13.2884    25.2146     8.8505    269.781    8.49726  259.01264    104.158 -9.990e-29
   40.69598  -71.78994     19.150     19.001    13.2911    33.5531      8.161     1.0490 1.4056e+00  1025.2997    13.2885    25.2146     8.8507    269.786    8.49725  259.01232    104.159 -9.990e-29
   40.69598  -71.78994     19.150     19.001    13.2909    33.5532      8.161     1.0490 1.4056e+00  1025.2997    13.2883    25.2145     8.8503    269.772    8.49724  259.01155    104.154 -9.990e-29
   40.69598  -71.78994     19.150     19.001    13.2914    33.5532      8.161     1.0490 1.4043e+00  1025.2990    13.2888    25.2145     8.8502    269.771    8.49714  259.00840    104.155 -9.990e-29
   40.69602  -71.78994     19.169     19.020    13.2912    33.5539      8.161     1.0490 1.4043e+00  1025.3003    13.2886    25.2150     8.8503    269.773    8.49715  259.00836    104.156 -9.990e-29
   40.69602  -71.78994     19.161     19.012    13.2926    33.5539      8.161     1.0490 1.4043e+00  1025.3012    13.2900    25.2154     8.8503    269.772    8.49709  259.00663    104.156 -9.990e-29
   40.69602  -71.78994     19.180     19.031    13.2958    33.5539      8.161     1.0490 1.4056e+00  1025.3009    13.2932    25.2144     8.8563    269.955    8.49700  259.00372    104.228 -9.990e-29
   40.69602  -71.78994     19.170     19.021    13.3010    33.5524      8.161     1.0490 1.4056e+00  1025.2974    13.2984    25.2122     8.8499    269.761    8.49679  258.99705    104.156 -9.990e-29
   40.69602  -71.78994     19.191     19.042    13.3029    33.5499      8.166     1.0490 1.4043e+00  1025.2940    13.3003    25.2100     8.8496    269.752    8.49661  258.99161    104.155 -9.990e-29
   40.69602  -71.78994     19.190     19.041    13.3000    33.5491      8.161     1.0490 1.4043e+00  1025.2941    13.2974    25.2094     8.8492    269.739    8.49630  258.98223    104.153 -9.990e-29
   40.69602  -71.78994     19.191     19.042    13.2965    33.5491      8.166     1.0490 1.4003e+00  1025.2954    13.2938    25.2100     8.8487    269.725    8.49600  258.97341    104.152 -9.990e-29
   40.69602  -71.78994     19.212     19.062    13.2943    33.5491      8.166     1.0490 1.4030e+00  1025.2962    13.2917    25.2106     8.8481    269.707    8.49559  258.96146    104.149 -9.990e-29
   40.69602  -71.78994     19.212     19.062    13.2931    33.5494      8.166     1.0490 1.4056e+00  1025.2964    13.2905    25.2111     8.8477    269.696    8.49542  258.95638    104.147 -9.990e-29
   40.69602  -71.78994     19.221     19.072    13.2919    33.5501      8.166     1.0490 1.4016e+00  1025.2972    13.2893    25.2119     8.8475    269.687    8.49532  258.95293    104.145 -9.990e-29
   40.69602  -71.78994     19.221     19.072    13.2923    33.5515      8.161     1.0490 1.3950e+00  1025.2986    13.2896    25.2128     8.8471    269.676    8.49520  258.94846    104.143 -9.990e-29
   40.69602  -71.78994     19.241     19.091    13.2958    33.5525      8.161     1.0490 1.4003e+00  1025.2994    13.2931    25.2132     8.8463    269.650    8.49513  258.94612    104.134 -9.990e-29
