CalculateIndicators/WaterTemperature/Data/CTD_NYOS/20220513_C05.cnv
* Sea-Bird SBE 9 Data File:
* FileName = C:\Seabird 9 CTD\Data\2022\202205_offshore\20220513_C05.hex
* Software Version Seasave V 7.23.2
* Temperature SN = 4590
* Conductivity SN = 3228
* Number of Bytes Per Scan = 44
* Number of Voltage Words = 5
* Number of Scans Averaged by the Deck Unit = 1
* NMEA Latitude = 39 42.81 N
* NMEA Longitude = 073 30.30 W
* NMEA UTC (Time) = Sep 27 2002  15:09:03
* NMEA baud rate = 4800
** Ship: seawolf
** Station: 7.3
** Operator: EIH
# nquan = 18
# nvalues = 12345                       
# units = specified
# name 0 = latitude: Latitude [deg]
# name 1 = longitude: Longitude [deg]
# name 2 = prDM: Pressure, Digiquartz [db]
# name 3 = depSM: Depth [salt water, m]
# name 4 = t090C: Temperature [ITS-90, deg C]
# name 5 = sal00: Salinity, Practical [PSU]
# name 6 = ph: pH
# name 7 = flECO-AFL: Fluorescence, WET Labs ECO-AFL/FL [mg/m^3]
# name 8 = cpar: CPAR/Corrected Irradiance [%]
# name 9 = density00: Density [density, kg/m^3]
# name 10 = potemp090C: Potential Temperature [ITS-90, deg C]
# name 11 = sigma-é00: Density [sigma-theta, kg/m^3]
# name 12 = sbeox0Mg/L: Oxygen, SBE 43 [mg/l]
# name 13 = sbox0Mm/Kg: Oxygen, SBE 43 [umol/kg]
# name 14 = oxsolMg/L: Oxygen Saturation, Garcia & Gordon [mg/l]
# name 15 = oxsolMm/Kg: Oxygen Saturation, Garcia & Gordon [umol/kg]
# name 16 = sbeox0PS: Oxygen, SBE 43 [% saturation]
# name 17 = flag:  0.000e+00
# span 0 =   39.71306,   39.71360       
# span 1 =  -73.50690,  -73.50500       
# span 2 =      1.310,     37.913       
# span 3 =      1.300,     37.620       
# span 4 =     9.3203,     9.6969       
# span 5 =    33.0236,    33.0520       
# span 6 =      8.064,      8.091       
# span 7 =     0.2700,     1.3713       
# span 8 = 3.8330e-02, 7.7827e+01       
# span 9 =  1025.4769,  1025.7005       
# span 10 =     9.3169,     9.6963      
# span 11 =    25.4707,    25.5294      
# span 12 =     9.0264,     9.2863      
# span 13 =    275.057,    282.990      
# span 14 =    9.19870,    9.27656      
# span 15 =  280.32101,  282.68947      
# span 16 =     97.323,    100.938      
# span 17 = 0.0000e+00, 0.0000e+00      
# interval = seconds: 0.0416667
# start_time = May 13 2022 15:09:03 [System UTC, first data scan.]
# bad_flag = -9.990e-29
*END*
[from data line 5146]
   39.71334  -73.50580     34.626     34.359     9.3257    33.0338 -9.990e-29     0.7803 7.4511e-02  1025.6850     9.3220    25.5278     9.0474    275.697    9.27575  282.65620     97.538 -9.990e-29
   39.71334  -73.50580     34.637     34.370     9.3259    33.0340 -9.990e-29     0.7669 7.4511e-02  1025.6849     9.3222    25.5279     9.0485    275.730    9.27585  282.65902     97.549 -9.990e-29
   39.71334  -73.50580     34.626     34.359     9.3260    33.0340 -9.990e-29     0.7669 7.4284e-02  1025.6848     9.3223    25.5279     9.0487    275.738    9.27582  282.65831     97.552 -9.990e-29
   39.71334  -73.50580     34.626     34.359     9.3262    33.0341 -9.990e-29     0.7669 7.4058e-02  1025.6849     9.3225    25.5280     9.0490    275.747    9.27583  282.65841     97.555 -9.990e-29
   39.71334  -73.50580     34.618     34.351     9.3262    33.0342 -9.990e-29     0.7803 7.4058e-02  1025.6851     9.3225    25.5280     9.0493    275.754    9.27584  282.65892     97.557 -9.990e-29
   39.71334  -73.50580     34.617     34.350     9.3265    33.0342 -9.990e-29     0.7669 7.4058e-02  1025.6846     9.3228    25.5279     9.0435    275.580    9.27585  282.65902     97.496 -9.990e-29
   39.71334  -73.50580     34.606     34.339     9.3263    33.0342 -9.990e-29     0.7669 7.4284e-02  1025.6849     9.3226    25.5279     9.0432    275.569    9.27591  282.66093     97.491 -9.990e-29
   39.71334  -73.50580     34.596     34.329     9.3265    33.0340 -9.990e-29     0.7669 7.4284e-02  1025.6848     9.3228    25.5278     9.0427    275.555    9.27591  282.66089     97.486 -9.990e-29
   39.71334  -73.50580     34.586     34.319     9.3265    33.0336 -9.990e-29     0.7803 7.4284e-02  1025.6840     9.3228    25.5275     9.0482    275.721    9.27587  282.65967     97.545 -9.990e-29
   39.71332  -73.50576     34.575     34.309     9.3254    33.0332 -9.990e-29     0.7803 7.4511e-02  1025.6842     9.3217    25.5274     9.0491    275.748    9.27592  282.66135     97.554 -9.990e-29
   39.71332  -73.50576     34.556     34.289     9.3247    33.0328 -9.990e-29     0.7803 7.4511e-02  1025.6839     9.3210    25.5272     9.0491    275.749    9.27582  282.65844     97.556 -9.990e-29
   39.71332  -73.50576     34.545     34.278     9.3246    33.0325 -9.990e-29     0.7535 7.4511e-02  1025.6832     9.3209    25.5270     9.0433    275.573    9.27583  282.65866     97.493 -9.990e-29
   39.71332  -73.50576     34.524     34.258     9.3239    33.0325 -9.990e-29     0.7132 7.4511e-02  1025.6839     9.3202    25.5270     9.0428    275.556    9.27581  282.65795     97.488 -9.990e-29
   39.71332  -73.50576     34.494     34.228     9.3239    33.0323 -9.990e-29     0.6998 7.4511e-02  1025.6832     9.3202    25.5269     9.0489    275.743    9.27579  282.65735     97.554 -9.990e-29
   39.71332  -73.50576     34.494     34.228     9.3234    33.0321 -9.990e-29     0.6998 7.4738e-02  1025.6831     9.3197    25.5268     9.0491    275.748    9.27584  282.65869     97.555 -9.990e-29
   39.71332  -73.50576     34.464     34.198     9.3234    33.0320 -9.990e-29     0.7132 7.5195e-02  1025.6831     9.3197    25.5267     9.0499    275.775    9.27587  282.65966     97.564 -9.990e-29
   39.71332  -73.50576     34.444     34.179     9.3234    33.0319 -9.990e-29     0.6998 7.5311e-02  1025.6827     9.3197    25.5267     9.0500    275.777    9.27584  282.65876     97.565 -9.990e-29
   39.71332  -73.50576     34.413     34.147     9.3231    33.0319 -9.990e-29     0.6998 7.5311e-02  1025.6828     9.3194    25.5267     9.0442    275.600    9.27586  282.65966     97.503 -9.990e-29
   39.71332  -73.50576     34.403     34.138     9.3232    33.0319 -9.990e-29     0.6998 7.5541e-02  1025.6824     9.3195    25.5267     9.0495    275.762    9.27584  282.65894     97.560 -9.990e-29
   39.71332  -73.50576     34.382     34.117     9.3229    33.0319 -9.990e-29     0.6998 7.5771e-02  1025.6831     9.3192    25.5268     9.0437    275.585    9.27585  282.65934     97.497 -9.990e-29
   39.71332  -73.50576     34.362     34.097     9.3236    33.0320 -9.990e-29     0.7132 7.5771e-02  1025.6824     9.3199    25.5267     9.0490    275.746    9.27581  282.65793     97.555 -9.990e-29
   39.71332  -73.50576     34.341     34.076     9.3234    33.0320 -9.990e-29     0.6998 7.6002e-02  1025.6822     9.3197    25.5266     9.0437    275.585    9.27574  282.65588     97.499 -9.990e-29
   39.71332  -73.50576     34.312     34.047     9.3237    33.0320 -9.990e-29     0.6998 7.6234e-02  1025.6821     9.3201    25.5266     9.0431    275.566    9.27571  282.65480     97.492 -9.990e-29
   39.71332  -73.50576     34.280     34.016     9.3237    33.0321 -9.990e-29     0.6998 7.6234e-02  1025.6821     9.3201    25.5267     9.0484    275.728    9.27569  282.65436     97.550 -9.990e-29
   39.71332  -73.50576     34.260     33.995     9.3239    33.0322 -9.990e-29     0.6998 7.6933e-02  1025.6822     9.3202    25.5268     9.0425    275.548    9.27565  282.65309     97.486 -9.990e-29
   39.71332  -73.50576     34.220     33.956     9.3242    33.0322 -9.990e-29     0.6998 7.7638e-02  1025.6818     9.3206    25.5268     9.0419    275.530    9.27568  282.65412     97.480 -9.990e-29
   39.71332  -73.50576     34.199     33.935     9.3240    33.0322 -9.990e-29     0.6998 7.7521e-02  1025.6820     9.3204    25.5268     9.0478    275.710    9.27561  282.65180     97.544 -9.990e-29
   39.71332  -73.50576     34.170     33.906     9.3242    33.0321 -9.990e-29     0.6998 7.7521e-02  1025.6815     9.3206    25.5267     9.0426    275.551    9.27556  282.65025     97.488 -9.990e-29
   39.71332  -73.50576     34.127     33.864     9.3239    33.0319 -9.990e-29     0.6998 7.7757e-02  1025.6812     9.3203    25.5265     9.0419    275.531    9.27554  282.64955     97.482 -9.990e-29
   39.71332  -73.50576     34.108     33.845     9.3236    33.0317 -9.990e-29     0.6998 7.7757e-02  1025.6809     9.3199    25.5264     9.0413    275.513    9.27552  282.64900     97.475 -9.990e-29
   39.71332  -73.50576     34.057     33.794     9.3234    33.0317 -9.990e-29     0.6998 7.8230e-02  1025.6807     9.3198    25.5264     9.0414    275.516    9.27553  282.64936     97.476 -9.990e-29
   39.71332  -73.50576     34.036     33.774     9.3232    33.0317 -9.990e-29     0.6998 7.9186e-02  1025.6808     9.3196    25.5265     9.0468    275.681    9.27557  282.65068     97.534 -9.990e-29
   39.71332  -73.50576     34.006     33.744     9.3229    33.0317 -9.990e-29     0.6998 7.9427e-02  1025.6807     9.3193    25.5265     9.0410    275.503    9.27558  282.65090     97.471 -9.990e-29
   39.71334  -73.50580     33.965     33.703     9.3229    33.0318 -9.990e-29     0.6998 7.9668e-02  1025.6805     9.3193    25.5266     9.0470    275.686    9.27556  282.65049     97.536 -9.990e-29
   39.71334  -73.50580     33.944     33.682     9.3231    33.0318 -9.990e-29     0.6998 8.0153e-02  1025.6807     9.3195    25.5267     9.0472    275.691    9.27564  282.65292     97.537 -9.990e-29
   39.71334  -73.50580     33.904     33.642     9.3232    33.0318 -9.990e-29     0.6998 8.0396e-02  1025.6805     9.3196    25.5268     9.0413    275.512    9.27565  282.65288     97.474 -9.990e-29
   39.71334  -73.50580     33.864     33.603     9.3231    33.0318 -9.990e-29     0.7132 8.0640e-02  1025.6802     9.3195    25.5266     9.0466    275.674    9.27565  282.65298     97.531 -9.990e-29
   39.71334  -73.50580     33.832     33.571     9.3232    33.0316 -9.990e-29     0.7266 8.1377e-02  1025.6797     9.3196    25.5264     9.0407    275.495    9.27567  282.65355     97.467 -9.990e-29
   39.71334  -73.50580     33.802     33.541     9.3229    33.0315 -9.990e-29     0.7266 8.1871e-02  1025.6797     9.3193    25.5264     9.0401    275.475    9.27569  282.65419     97.460 -9.990e-29
   39.71334  -73.50580     33.781     33.521     9.3231    33.0315 -9.990e-29     0.7132 8.1871e-02  1025.6795     9.3195    25.5264     9.0395    275.456    9.27569  282.65430     97.453 -9.990e-29
   39.71334  -73.50580     33.741     33.481     9.3226    33.0315 -9.990e-29     0.7266 8.2368e-02  1025.6794     9.3190    25.5264     9.0389    275.438    9.27572  282.65507     97.447 -9.990e-29
   39.71334  -73.50580     33.711     33.451     9.3227    33.0315 -9.990e-29     0.7266 8.2618e-02  1025.6791     9.3191    25.5264     9.0383    275.420    9.27577  282.65664     97.440 0.0000e+00
   39.71334  -73.50580     33.660     33.400     9.3224    33.0315 -9.990e-29     0.7266 8.2618e-02  1025.6792     9.3188    25.5264     9.0435    275.578    9.27570  282.65449     97.496 0.0000e+00
   39.71334  -73.50580     33.609     33.350     9.3226    33.0314 -9.990e-29     0.7132 8.3623e-02  1025.6786     9.3190    25.5263     9.0383    275.422    9.27578  282.65692     97.440 0.0000e+00
   39.71334  -73.50580     33.579     33.320     9.3226    33.0314 -9.990e-29     0.7132 8.4130e-02  1025.6784     9.3190    25.5263     9.0377    275.403    9.27578  282.65703     97.433 0.0000e+00
   39.71334  -73.50580     33.547     33.288     9.3223    33.0313 -9.990e-29     0.7266 8.4385e-02  1025.6785     9.3187    25.5264     9.0378    275.405    9.27581  282.65781     97.434 0.0000e+00
   39.71334  -73.50580     33.528     33.269     9.3224    33.0313 -9.990e-29     0.7266 8.4896e-02  1025.6784     9.3188    25.5264     9.0372    275.388    9.27583  282.65859     97.428 0.0000e+00
   39.71334  -73.50580     33.496     33.238     9.3224    33.0313 -9.990e-29     0.7266 8.5540e-02  1025.6782     9.3188    25.5263     9.0425    275.548    9.27580  282.65763     97.485 0.0000e+00
   39.71334  -73.50580     33.456     33.198     9.3226    33.0311 -9.990e-29     0.7266 8.5540e-02  1025.6777     9.3190    25.5261     9.0426    275.551    9.27584  282.65895     97.485 0.0000e+00
   39.71334  -73.50580     33.426     33.168     9.3221    33.0311 -9.990e-29     0.7132 8.6057e-02  1025.6777     9.3185    25.5261     9.0374    275.392    9.27586  282.65925     97.429 0.0000e+00
   39.71334  -73.50580     33.375     33.117     9.3223    33.0311 -9.990e-29     0.7266 8.6578e-02  1025.6773     9.3187    25.5262     9.0433    275.573    9.27584  282.65896     97.493 0.0000e+00
   39.71334  -73.50580     33.354     33.097     9.3221    33.0311 -9.990e-29     0.7132 8.6578e-02  1025.6776     9.3185    25.5262     9.0441    275.596    9.27585  282.65903     97.501 0.0000e+00
   39.71334  -73.50580     33.324     33.067     9.3221    33.0311 -9.990e-29     0.7132 8.7102e-02  1025.6773     9.3185    25.5262     9.0448    275.618    9.27587  282.65959     97.509 0.0000e+00
   39.71334  -73.50580     33.282     33.026     9.3221    33.0311 -9.990e-29     0.7132 8.8026e-02  1025.6771     9.3185    25.5262     9.0396    275.459    9.27584  282.65899     97.453 0.0000e+00
   39.71334  -73.50580     33.273     33.016     9.3218    33.0311 -9.990e-29     0.7132 8.8558e-02  1025.6771     9.3182    25.5263     9.0449    275.622    9.27586  282.65942     97.510 0.0000e+00
   39.71334  -73.50580     33.233     32.976     9.3218    33.0311 -9.990e-29     0.7266 8.8558e-02  1025.6769     9.3182    25.5263     9.0509    275.805    9.27589  282.66048     97.575 0.0000e+00
   39.71334  -73.50580     33.201     32.945     9.3219    33.0311 -9.990e-29     0.7266 8.9362e-02  1025.6768     9.3184    25.5262     9.0457    275.645    9.27593  282.66167     97.518 0.0000e+00
   39.71334  -73.50574     33.140     32.885     9.3218    33.0311 -9.990e-29     0.7132 8.9631e-02  1025.6763     9.3182    25.5261     9.0464    275.667    9.27601  282.66410     97.525 0.0000e+00
   39.71334  -73.50574     33.069     32.814     9.3223    33.0311 -9.990e-29     0.7132 8.9767e-02  1025.6759     9.3187    25.5261     9.0471    275.688    9.27604  282.66487     97.532 0.0000e+00
   39.71334  -73.50574     33.029     32.774     9.3221    33.0311 -9.990e-29     0.7132 9.0854e-02  1025.6761     9.3185    25.5261     9.0477    275.708    9.27606  282.66572     97.539 0.0000e+00
   39.71334  -73.50574     32.978     32.723     9.3223    33.0311 -9.990e-29     0.7266 9.1127e-02  1025.6756     9.3187    25.5261     9.0477    275.706    9.27602  282.66433     97.538 0.0000e+00
   39.71334  -73.50574     32.968     32.714     9.3224    33.0311 -9.990e-29     0.7266 9.1402e-02  1025.6755     9.3189    25.5261     9.0476    275.703    9.27600  282.66391     97.537 0.0000e+00
   39.71334  -73.50574     32.917     32.663     9.3221    33.0311 -9.990e-29     0.7266 9.2647e-02  1025.6755     9.3186    25.5262     9.0482    275.721    9.27601  282.66417     97.544 0.0000e+00
   39.71334  -73.50574     32.887     32.633     9.3219    33.0311 -9.990e-29     0.7400 9.3205e-02  1025.6754     9.3184    25.5263     9.0487    275.738    9.27595  282.66230     97.550 0.0000e+00
   39.71334  -73.50574     32.846     32.592     9.3221    33.0311 -9.990e-29     0.7266 9.3205e-02  1025.6752     9.3186    25.5262     9.0493    275.754    9.27591  282.66102     97.556 0.0000e+00
   39.71334  -73.50574     32.804     32.551     9.3221    33.0310 -9.990e-29     0.7266 9.4759e-02  1025.6746     9.3186    25.5261     9.0498    275.772    9.27588  282.66010     97.563 0.0000e+00
   39.71334  -73.50574     32.755     32.502     9.3221    33.0309 -9.990e-29     0.7266 9.5329e-02  1025.6747     9.3186    25.5260     9.0498    275.769    9.27591  282.66087     97.562 0.0000e+00
   39.71334  -73.50574     32.734     32.481     9.3223    33.0309 -9.990e-29     0.7266 9.5615e-02  1025.6740     9.3188    25.5258     9.0503    275.787    9.27592  282.66127     97.568 0.0000e+00
   39.71334  -73.50574     32.713     32.461     9.3224    33.0309 -9.990e-29     0.7266 9.7058e-02  1025.6741     9.3189    25.5258     9.0502    275.784    9.27593  282.66157     97.567 0.0000e+00
   39.71334  -73.50574     32.662     32.410     9.3226    33.0310 -9.990e-29     0.7266 9.8083e-02  1025.6742     9.3191    25.5260     9.0508    275.800    9.27591  282.66085     97.573 0.0000e+00
   39.71334  -73.50574     32.632     32.380     9.3228    33.0311 -9.990e-29     0.7266 9.8377e-02  1025.6740     9.3193    25.5261     9.0506    275.796    9.27592  282.66138     97.571 0.0000e+00
   39.71334  -73.50574     32.591     32.339     9.3228    33.0311 -9.990e-29     0.7266 9.8968e-02  1025.6740     9.3193    25.5261     9.0505    275.793    9.27601  282.66410     97.569 0.0000e+00
   39.71334  -73.50574     32.560     32.309     9.3231    33.0311 -9.990e-29     0.7266 9.9860e-02  1025.6735     9.3196    25.5261     9.0510    275.808    9.27599  282.66358     97.575 0.0000e+00
   39.71334  -73.50574     32.530     32.279     9.3229    33.0312 -9.990e-29     0.7266 1.0016e-01  1025.6734     9.3194    25.5261     9.0509    275.804    9.27608  282.66613     97.572 0.0000e+00
   39.71334  -73.50574     32.479     32.228     9.3231    33.0315 -9.990e-29     0.7266 1.0091e-01  1025.6736     9.3196    25.5263     9.0448    275.618    9.27611  282.66706     97.506 0.0000e+00
   39.71334  -73.50574     32.458     32.208     9.3232    33.0316 -9.990e-29     0.7266 1.0243e-01  1025.6738     9.3197    25.5264     9.0505    275.793    9.27611  282.66706     97.568 0.0000e+00
   39.71334  -73.50574     32.407     32.157     9.3234    33.0316 -9.990e-29     0.7400 1.0274e-01  1025.6734     9.3199    25.5264     9.0503    275.785    9.27610  282.66706     97.565 0.0000e+00
   39.71334  -73.50574     32.377     32.127     9.3236    33.0316 -9.990e-29     0.7266 1.0305e-01  1025.6730     9.3201    25.5263     9.0500    275.778    9.27613  282.66784     97.563 0.0000e+00
   39.71334  -73.50574     32.347     32.097     9.3234    33.0315 -9.990e-29     0.7266 1.0366e-01  1025.6731     9.3199    25.5263     9.0498    275.770    9.27613  282.66773     97.560 0.0000e+00
   39.71334  -73.50574     32.316     32.067     9.3234    33.0314 -9.990e-29     0.7400 1.0413e-01  1025.6725     9.3199    25.5262     9.0495    275.762    9.27617  282.66909     97.556 0.0000e+00
