CalculateIndicators/WaterTemperature/Data/CTD_NYOS/20220513_C02.cnv
* Sea-Bird SBE 9 Data File:
* FileName = C:\Seabird 9 CTD\Data\2022\202205_offshore\20220513_C02.hex
* Software Version Seasave V 7.23.2
* Temperature SN = 4590
* Conductivity SN = 3228
* Number of Bytes Per Scan = 44
* Number of Voltage Words = 5
* Number of Scans Averaged by the Deck Unit = 1
* NMEA Latitude = 40 52.81 N
* NMEA Longitude = 073 43.76 W
* NMEA UTC (Time) = Sep 27 2002  02:38:31
* NMEA baud rate = 4800
** Ship: seawolf
** Station: LIS_WLIS
** Operator: TDK
# nquan = 18
# nvalues = 7175                        
# units = specified
# name 0 = latitude: Latitude [deg]
# name 1 = longitude: Longitude [deg]
# name 2 = prDM: Pressure, Digiquartz [db]
# name 3 = depSM: Depth [salt water, m]
# name 4 = t090C: Temperature [ITS-90, deg C]
# name 5 = sal00: Salinity, Practical [PSU]
# name 6 = ph: pH
# name 7 = flECO-AFL: Fluorescence, WET Labs ECO-AFL/FL [mg/m^3]
# name 8 = cpar: CPAR/Corrected Irradiance [%]
# name 9 = density00: Density [density, kg/m^3]
# name 10 = potemp090C: Potential Temperature [ITS-90, deg C]
# name 11 = sigma-é00: Density [sigma-theta, kg/m^3]
# name 12 = sbeox0Mg/L: Oxygen, SBE 43 [mg/l]
# name 13 = sbox0Mm/Kg: Oxygen, SBE 43 [umol/kg]
# name 14 = oxsolMg/L: Oxygen Saturation, Garcia & Gordon [mg/l]
# name 15 = oxsolMm/Kg: Oxygen Saturation, Garcia & Gordon [umol/kg]
# name 16 = sbeox0PS: Oxygen, SBE 43 [% saturation]
# name 17 = flag:  0.000e+00
# span 0 =   40.88020,   40.88028       
# span 1 =  -73.72978,  -73.72940       
# span 2 =      1.780,     17.231       
# span 3 =      1.766,     17.097       
# span 4 =    11.5144,    12.6131       
# span 5 =    24.5811,    25.2991       
# span 6 =      8.073,      8.192       
# span 7 =     2.0563,     4.6485       
# span 8 = 9.9999e+04, 9.9999e+04       
# span 9 =  1018.4109,  1019.2284       
# span 10 =    11.5124,    12.6128      
# span 11 =    18.4056,    19.1506      
# span 12 =     9.4180,    11.0420      
# span 13 =    288.824,    338.811      
# span 14 =    9.11518,    9.28986      
# span 15 =  279.70635,  284.88115      
# span 16 =    101.496,    120.860      
# span 17 = 0.0000e+00, 0.0000e+00      
# interval = seconds: 0.0416667
# start_time = May 13 2022 02:38:32 [System UTC, first data scan.]
# bad_flag = -9.990e-29
*END*
[from data line 563]
   40.88028  -73.72942      3.780      3.750    12.0858    24.7940      8.170     3.8560 9.9999e+04  1018.6762    12.0853    18.6618    10.3411    317.242    9.20827  282.48871    112.303 -9.990e-29
   40.88028  -73.72942      3.800      3.771    12.0741    24.7940      8.170     3.8560 9.9999e+04  1018.6816    12.0736    18.6648    10.3403    317.217    9.20784  282.47570    112.299 -9.990e-29
   40.88028  -73.72942      3.800      3.771    12.0654    24.7979      8.165     3.8695 9.9999e+04  1018.6875    12.0650    18.6689    10.3402    317.214    9.20769  282.47122    112.300 -9.990e-29
   40.88028  -73.72942      3.800      3.771    12.0639    24.7979      8.165     3.8695 9.9999e+04  1018.6903    12.0635    18.6705    10.3413    317.246    9.20813  282.48419    112.306 -9.990e-29
   40.88028  -73.72942      3.810      3.780    12.0719    24.7979      8.165     3.8695 9.9999e+04  1018.6868    12.0715    18.6683    10.3421    317.271    9.20853  282.49596    112.310 0.0000e+00
   40.88028  -73.72942      3.821      3.791    12.0826    24.7945      8.170     3.8560 9.9999e+04  1018.6807    12.0822    18.6641    10.3365    317.100    9.20799  282.47976    112.256 0.0000e+00
   40.88028  -73.72942      3.841      3.812    12.0886    24.7913      8.165     3.8560 9.9999e+04  1018.6770    12.0881    18.6606    10.3305    316.917    9.20727  282.45840    112.200 -9.990e-29
   40.88028  -73.72942      3.830      3.801    12.0901    24.7893      8.165     3.8560 9.9999e+04  1018.6757    12.0897    18.6586    10.3356    317.074    9.20677  282.44363    112.261 -9.990e-29
   40.88024  -73.72944      3.830      3.801    12.0918    24.7883      8.165     3.8560 9.9999e+04  1018.6745    12.0913    18.6576    10.3307    316.923    9.20671  282.44176    112.208 -9.990e-29
   40.88024  -73.72944      3.851      3.821    12.0914    24.7883      8.165     3.8560 9.9999e+04  1018.6745    12.0910    18.6571    10.3376    317.135    9.20711  282.45371    112.279 0.0000e+00
   40.88024  -73.72944      3.861      3.831    12.0921    24.7883      8.165     3.8560 9.9999e+04  1018.6740    12.0917    18.6573    10.3335    317.007    9.20747  282.46455    112.229 0.0000e+00
   40.88024  -73.72944      3.870      3.840    12.0896    24.7893      8.165     3.8695 9.9999e+04  1018.6755    12.0892    18.6588    10.3348    317.049    9.20782  282.47524    112.239 -9.990e-29
   40.88024  -73.72944      3.861      3.831    12.0836    24.7915      8.165     3.8560 9.9999e+04  1018.6792    12.0831    18.6613    10.3349    317.053    9.20726  282.45858    112.248 -9.990e-29
   40.88024  -73.72944      3.870      3.840    12.0786    24.7935      8.165     3.8695 9.9999e+04  1018.6813    12.0782    18.6638    10.3311    316.934    9.20788  282.47712    112.198 0.0000e+00
   40.88024  -73.72944      3.881      3.851    12.0720    24.7954      8.165     3.8695 9.9999e+04  1018.6839    12.0716    18.6663    10.3325    316.976    9.20825  282.48805    112.209 0.0000e+00
   40.88024  -73.72944      3.902      3.872    12.0665    24.7973      8.165     3.8695 9.9999e+04  1018.6866    12.0661    18.6686    10.3329    316.990    9.20792  282.47819    112.217 -9.990e-29
   40.88024  -73.72944      3.902      3.872    12.0631    24.7991      8.165     3.8695 9.9999e+04  1018.6881    12.0626    18.6708    10.3335    317.009    9.20744  282.46378    112.230 -9.990e-29
   40.88024  -73.72944      3.902      3.872    12.0582    24.8014      8.165     3.8560 9.9999e+04  1018.6908    12.0578    18.6732    10.3289    316.867    9.20760  282.46858    112.178 -9.990e-29
   40.88024  -73.72944      3.912      3.881    12.0545    24.8041      8.166     3.8560 9.9999e+04  1018.6938    12.0541    18.6759    10.3239    316.714    9.20759  282.46814    112.124 -9.990e-29
   40.88024  -73.72944      3.912      3.881    12.0533    24.8058      8.166     3.8560 9.9999e+04  1018.6966    12.0529    18.6779    10.3238    316.712    9.20752  282.46596    112.124 -9.990e-29
   40.88024  -73.72944      3.921      3.891    12.0554    24.8058      8.166     3.8426 9.9999e+04  1018.6973    12.0549    18.6780    10.3234    316.701    9.20686  282.44617    112.128 0.0000e+00
   40.88024  -73.72944      3.942      3.911    12.0610    24.8058      8.165     3.8426 9.9999e+04  1018.6940    12.0606    18.6764    10.3237    316.708    9.20637  282.43209    112.136 -9.990e-29
   40.88024  -73.72944      3.942      3.911    12.0631    24.8036      8.165     3.8426 9.9999e+04  1018.6925    12.0626    18.6740    10.3193    316.574    9.20711  282.45400    112.080 -9.990e-29
   40.88024  -73.72944      3.932      3.902    12.0669    24.8001      8.165     3.8560 9.9999e+04  1018.6902    12.0664    18.6701    10.3256    316.768    9.20678  282.44364    112.153 -9.990e-29
   40.88024  -73.72944      3.951      3.921    12.0811    24.7938      8.165     3.8560 9.9999e+04  1018.6823    12.0806    18.6633    10.3203    316.603    9.20594  282.41835    112.104 0.0000e+00
   40.88024  -73.72944      3.972      3.941    12.0991    24.7879      8.165     3.8426 9.9999e+04  1018.6708    12.0987    18.6559    10.3202    316.601    9.20489  282.38681    112.116 -9.990e-29
   40.88024  -73.72944      3.962      3.932    12.1058    24.7879      8.161     3.8426 9.9999e+04  1018.6661    12.1054    18.6535    10.3207    316.618    9.20402  282.36092    112.132 -9.990e-29
   40.88024  -73.72944      3.962      3.932    12.0896    24.7879      8.161     3.8426 9.9999e+04  1018.6764    12.0891    18.6572    10.3217    316.649    9.20381  282.35447    112.146 -9.990e-29
   40.88024  -73.72944      3.972      3.941    12.0814    24.7921      8.165     3.8426 9.9999e+04  1018.6811    12.0810    18.6616    10.3166    316.494    9.20293  282.32853    112.101 0.0000e+00
   40.88024  -73.72944      3.993      3.962    12.0802    24.7937      8.161     3.8560 9.9999e+04  1018.6826    12.0798    18.6635    10.3165    316.491    9.20208  282.30339    112.110 -9.990e-29
   40.88024  -73.72944      3.983      3.952    12.0844    24.7937      8.165     3.8560 9.9999e+04  1018.6824    12.0839    18.6632    10.3181    316.541    9.20242  282.31373    112.124 -9.990e-29
   40.88024  -73.72944      3.993      3.962    12.0925    24.7937      8.161     3.8426 9.9999e+04  1018.6795    12.0920    18.6616    10.3213    316.638    9.20384  282.35564    112.141 0.0000e+00
   40.88024  -73.72944      4.002      3.971    12.0965    24.7921      8.161     3.8560 9.9999e+04  1018.6782    12.0960    18.6596    10.3240    316.719    9.20499  282.38977    112.157 0.0000e+00
   40.88024  -73.72944      4.013      3.982    12.1013    24.7901      8.161     3.8426 9.9999e+04  1018.6756    12.1008    18.6572    10.3252    316.755    9.20456  282.37678    112.175 -9.990e-29
   40.88024  -73.72944      4.013      3.982    12.1067    24.7874      8.161     3.8560 9.9999e+04  1018.6728    12.1062    18.6541    10.3190    316.569    9.20302  282.33097    112.127 -9.990e-29
   40.88024  -73.72944      4.023      3.992    12.1149    24.7843      8.161     3.8426 9.9999e+04  1018.6681    12.1144    18.6509    10.3186    316.557    9.20165  282.29027    112.139 -9.990e-29
   40.88024  -73.72944      4.023      3.992    12.1163    24.7843      8.161     3.8560 9.9999e+04  1018.6658    12.1159    18.6494    10.3187    316.559    9.20091  282.26819    112.148 -9.990e-29
   40.88024  -73.72944      4.032      4.001    12.1088    24.7843      8.161     3.8426 9.9999e+04  1018.6679    12.1084    18.6508    10.3194    316.581    9.20045  282.25437    112.162 0.0000e+00
   40.88024  -73.72944      4.043      4.012    12.0981    24.7860      8.161     3.8426 9.9999e+04  1018.6722    12.0977    18.6547    10.3200    316.600    9.20016  282.24611    112.172 -9.990e-29
   40.88024  -73.72944      4.043      4.012    12.0859    24.7901      8.161     3.8426 9.9999e+04  1018.6787    12.0855    18.6595    10.3153    316.456    9.20002  282.24209    112.122 -9.990e-29
   40.88024  -73.72944      4.053      4.022    12.0787    24.7939      8.161     3.8426 9.9999e+04  1018.6825    12.0783    18.6637    10.3160    316.478    9.20033  282.25145    112.126 -9.990e-29
   40.88024  -73.72944      4.053      4.022    12.0739    24.7963      8.161     3.8560 9.9999e+04  1018.6863    12.0734    18.6665    10.3177    316.530    9.20123  282.27838    112.134 -9.990e-29
   40.88024  -73.72944      4.063      4.031    12.0744    24.7964      8.161     3.8560 9.9999e+04  1018.6874    12.0739    18.6669    10.3202    316.605    9.20255  282.31793    112.145 0.0000e+00
   40.88024  -73.72944      4.074      4.042    12.0841    24.7967      8.161     3.8695 9.9999e+04  1018.6818    12.0836    18.6657    10.3228    316.684    9.20376  282.35406    112.158 0.0000e+00
   40.88024  -73.72944      4.083      4.052    12.0805    24.7973      8.161     3.8829 9.9999e+04  1018.6840    12.0801    18.6658    10.3251    316.754    9.20498  282.39028    112.169 -9.990e-29
   40.88024  -73.72944      4.074      4.042    12.0757    24.7974      8.161     3.8695 9.9999e+04  1018.6861    12.0753    18.6671    10.3279    316.839    9.20637  282.43165    112.183 -9.990e-29
   40.88024  -73.72944      4.094      4.063    12.0727    24.7980      8.161     3.8829 9.9999e+04  1018.6867    12.0723    18.6682    10.3298    316.895    9.20727  282.45829    112.192 -9.990e-29
   40.88024  -73.72944      4.094      4.063    12.0701    24.7985      8.161     3.8695 9.9999e+04  1018.6878    12.0696    18.6688    10.3313    316.940    9.20760  282.46789    112.204 -9.990e-29
   40.88024  -73.72944      4.104      4.072    12.0707    24.7986      8.161     3.8829 9.9999e+04  1018.6879    12.0702    18.6689    10.3327    316.983    9.20766  282.46993    112.218 0.0000e+00
   40.88024  -73.72944      4.114      4.082    12.0731    24.7987      8.161     3.8695 9.9999e+04  1018.6872    12.0726    18.6687    10.3336    317.010    9.20760  282.46823    112.229 -9.990e-29
   40.88024  -73.72944      4.104      4.072    12.0739    24.7987      8.161     3.8695 9.9999e+04  1018.6868    12.0734    18.6688    10.3290    316.871    9.20763  282.46916    112.179 -9.990e-29
   40.88024  -73.72944      4.114      4.082    12.0714    24.7993      8.161     3.8695 9.9999e+04  1018.6881    12.0709    18.6695    10.3299    316.897    9.20761  282.46868    112.188 0.0000e+00
   40.88024  -73.72944      4.134      4.102    12.0689    24.7993      8.161     3.8695 9.9999e+04  1018.6899    12.0684    18.6700    10.3366    317.104    9.20755  282.46669    112.262 0.0000e+00
   40.88024  -73.72944      4.144      4.112    12.0719    24.7993      8.156     3.8829 9.9999e+04  1018.6886    12.0714    18.6694    10.3384    317.159    9.20750  282.46520    112.282 -9.990e-29
   40.88024  -73.72944      4.134      4.102    12.0761    24.7981      8.161     3.8829 9.9999e+04  1018.6864    12.0756    18.6678    10.3396    317.195    9.20722  282.45682    112.299 -9.990e-29
   40.88024  -73.72944      4.155      4.123    12.0791    24.7970      8.161     3.8829 9.9999e+04  1018.6847    12.0786    18.6665    10.3348    317.049    9.20712  282.45396    112.248 -9.990e-29
   40.88028  -73.72942      4.155      4.123    12.0794    24.7970      8.161     3.8829 9.9999e+04  1018.6846    12.0790    18.6661    10.3365    317.101    9.20749  282.46499    112.262 -9.990e-29
   40.88028  -73.72942      4.144      4.112    12.0772    24.7970      8.161     3.8829 9.9999e+04  1018.6854    12.0768    18.6666    10.3379    317.145    9.20792  282.47796    112.272 -9.990e-29
   40.88028  -73.72942      4.185      4.153    12.0753    24.7968      8.161     3.8695 9.9999e+04  1018.6863    12.0748    18.6672    10.3402    317.214    9.20842  282.49279    112.291 -9.990e-29
   40.88028  -73.72942      4.175      4.143    12.0732    24.7972      8.161     3.8695 9.9999e+04  1018.6872    12.0727    18.6672    10.3415    317.253    9.20838  282.49192    112.305 -9.990e-29
   40.88028  -73.72942      4.185      4.153    12.0769    24.7972      8.161     3.8695 9.9999e+04  1018.6844    12.0764    18.6669    10.3427    317.291    9.20814  282.48475    112.322 0.0000e+00
   40.88028  -73.72942      4.195      4.162    12.0732    24.7972      8.156     3.8695 9.9999e+04  1018.6865    12.0727    18.6675    10.3443    317.339    9.20802  282.48106    112.340 -9.990e-29
   40.88028  -73.72942      4.195      4.162    12.0709    24.7973      8.161     3.8829 9.9999e+04  1018.6881    12.0704    18.6683    10.3448    317.354    9.20732  282.45983    112.354 -9.990e-29
   40.88028  -73.72942      4.215      4.183    12.0727    24.7973      8.156     3.8695 9.9999e+04  1018.6874    12.0723    18.6681    10.3451    317.365    9.20635  282.43066    112.369 -9.990e-29
   40.88028  -73.72942      4.206      4.173    12.0756    24.7974      8.161     3.8695 9.9999e+04  1018.6859    12.0751    18.6674    10.3405    317.224    9.20596  282.41893    112.324 -9.990e-29
   40.88028  -73.72942      4.215      4.183    12.0747    24.7973      8.156     3.8829 9.9999e+04  1018.6862    12.0742    18.6672    10.3413    317.248    9.20554  282.40658    112.337 0.0000e+00
   40.88028  -73.72942      4.236      4.203    12.0747    24.7973      8.156     3.8829 9.9999e+04  1018.6866    12.0742    18.6674    10.3473    317.434    9.20507  282.39263    112.409 -9.990e-29
   40.88028  -73.72942      4.236      4.203    12.0747    24.7972      8.156     3.8695 9.9999e+04  1018.6873    12.0742    18.6672    10.3479    317.452    9.20474  282.38261    112.419 -9.990e-29
   40.88028  -73.72942      4.236      4.203    12.0786    24.7962      8.156     3.8695 9.9999e+04  1018.6853    12.0781    18.6659    10.3487    317.478    9.20452  282.37632    112.431 -9.990e-29
   40.88028  -73.72942      4.245      4.213    12.0821    24.7960      8.161     3.8560 9.9999e+04  1018.6821    12.0816    18.6648    10.3497    317.508    9.20436  282.37130    112.444 0.0000e+00
   40.88028  -73.72942      4.255      4.222    12.0776    24.7954      8.156     3.8695 9.9999e+04  1018.6849    12.0771    18.6651    10.3506    317.535    9.20397  282.35948    112.458 -9.990e-29
   40.88028  -73.72942      4.255      4.222    12.0789    24.7953      8.156     3.8695 9.9999e+04  1018.6856    12.0784    18.6654    10.3511    317.552    9.20369  282.35137    112.467 -9.990e-29
   40.88028  -73.72942      4.266      4.233    12.0834    24.7953      8.156     3.8560 9.9999e+04  1018.6841    12.0829    18.6642    10.3522    317.585    9.20330  282.33980    112.483 0.0000e+00
   40.88028  -73.72942      4.276      4.243    12.0894    24.7937      8.156     3.8695 9.9999e+04  1018.6815    12.0889    18.6622    10.3530    317.610    9.20310  282.33385    112.495 0.0000e+00
   40.88028  -73.72942      4.287      4.253    12.0944    24.7921      8.156     3.8560 9.9999e+04  1018.6790    12.0939    18.6602    10.3541    317.643    9.20304  282.33177    112.507 -9.990e-29
   40.88028  -73.72942      4.276      4.243    12.0956    24.7906      8.156     3.8695 9.9999e+04  1018.6785    12.0951    18.6584    10.3496    317.507    9.20309  282.33342    112.458 -9.990e-29
   40.88028  -73.72942      4.296      4.263    12.1008    24.7886      8.156     3.8695 9.9999e+04  1018.6757    12.1003    18.6561    10.3563    317.713    9.20324  282.33777    112.529 -9.990e-29
   40.88028  -73.72942      4.296      4.263    12.1061    24.7886      8.156     3.8560 9.9999e+04  1018.6721    12.1056    18.6543    10.3515    317.565    9.20329  282.33933    112.476 -9.990e-29
   40.88028  -73.72942      4.317      4.283    12.1044    24.7886      8.156     3.8695 9.9999e+04  1018.6726    12.1039    18.6549    10.3519    317.576    9.20327  282.33884    112.481 -9.990e-29
   40.88028  -73.72942      4.306      4.273    12.0958    24.7901      8.156     3.8560 9.9999e+04  1018.6777    12.0953    18.6580    10.3523    317.590    9.20324  282.33785    112.486 -9.990e-29
