CalculateIndicators/WaterTemperature/Data/CTD_NYOS/20220201_C02.cnv
* Sea-Bird SBE 9 Data File:
* FileName = C:\Seabird 9 CTD\Data\2022\202202_offshore\20220201_C02.hex
* Software Version Seasave V 7.23.2
* Temperature SN = 4590
* Conductivity SN = 3228
* Number of Bytes Per Scan = 44
* Number of Voltage Words = 5
* Number of Scans Averaged by the Deck Unit = 1
* NMEA Latitude = 40 52.87 N
* NMEA Longitude = 073 43.77 W
* NMEA UTC (Time) = Jun 18 2002  18:57:55
* NMEA baud rate = 4800
** Ship: rv seawolf
** Station: LIS-WLIS
** Operator: KAL
# nquan = 18
# nvalues = 9848                                  
# units = specified
# name 0 = latitude: Latitude [deg]
# name 1 = longitude: Longitude [deg]
# name 2 = prDM: Pressure, Digiquartz [db]
# name 3 = depSM: Depth [salt water, m]
# name 4 = t090C: Temperature [ITS-90, deg C]
# name 5 = sal00: Salinity, Practical [PSU]
# name 6 = ph: pH
# name 7 = flECO-AFL: Fluorescence, WET Labs ECO-AFL/FL [mg/m^3]
# name 8 = cpar: CPAR/Corrected Irradiance [%]
# name 9 = density00: Density [density, kg/m^3]
# name 10 = potemp090C: Potential Temperature [ITS-90, deg C]
# name 11 = sigma-é00: Density [sigma-theta, kg/m^3]
# name 12 = sbeox0Mg/L: Oxygen, SBE 43 [mg/l]
# name 13 = sbox0Mm/Kg: Oxygen, SBE 43 [umol/kg]
# name 14 = oxsolMg/L: Oxygen Saturation, Garcia & Gordon [mg/l]
# name 15 = oxsolMm/Kg: Oxygen Saturation, Garcia & Gordon [umol/kg]
# name 16 = sbeox0PS: Oxygen, SBE 43 [% saturation]
# name 17 = flag:  0.000e+00
# span 0 =   40.88116,   40.88220                 
# span 1 =  -73.72998,  -73.72950                 
# span 2 =      2.061,     16.742                 
# span 3 =      2.045,     16.611                 
# span 4 =     0.9259,     1.2568                 
# span 5 =    26.3710,    26.6027                 
# span 6 =      8.557,      8.607                 
# span 7 =     6.1393,    10.4775                 
# span 8 = 4.6204e-14, 2.2440e+00                 
# span 9 =  1021.1341,  1021.3681                 
# span 10 =     0.9256,     1.2563                
# span 11 =    21.1130,    21.2887                
# span 12 =    13.1655,    17.2570                
# span 13 =    402.895,    528.101                
# span 14 =   11.74687,   11.86461                
# span 15 =  359.44562,  363.09930                
# span 16 =    111.356,    146.017                
# span 17 = 0.0000e+00, 0.0000e+00                
# interval = seconds: 0.0416667
# start_time = Feb 01 2022 18:57:56 [System UTC, first data scan.]
# bad_flag = -9.990e-29
*END*
[from data line 2171]
   40.88146  -73.72964     16.520     16.391     1.2394    26.5932      8.567     8.5569 4.7283e-14  1021.3601     1.2389    21.2808    13.8666    424.307   11.75221  359.60906    117.991  0.000e+00
   40.88146  -73.72964     16.538     16.409     1.2400    26.5926      8.567     8.5569 4.7238e-14  1021.3597     1.2395    21.2803    13.8780    424.657   11.75207  359.60492    118.090  0.000e+00
   40.88146  -73.72964     16.539     16.410     1.2400    26.5928      8.562     8.5569 4.7238e-14  1021.3598     1.2395    21.2805    13.8902    425.031   11.75206  359.60436    118.194  0.000e+00
   40.88146  -73.72964     16.539     16.410     1.2400    26.5928      8.567     8.5435 4.7194e-14  1021.3599     1.2395    21.2805    13.9426    426.634   11.75205  359.60417    118.640  0.000e+00
   40.88146  -73.72964     16.538     16.409     1.2396    26.5930      8.567     8.5569 4.7151e-14  1021.3601     1.2391    21.2807    13.9559    427.041   11.75218  359.60800    118.752  0.000e+00
   40.88146  -73.72964     16.560     16.431     1.2394    26.5933      8.567     8.5435 4.7151e-14  1021.3604     1.2389    21.2809    13.9467    426.758   11.75221  359.60874    118.673  0.000e+00
   40.88146  -73.72964     16.539     16.410     1.2389    26.5933      8.567     8.5569 4.7151e-14  1021.3603     1.2384    21.2810    13.9238    426.059   11.75235  359.61310    118.477  0.000e+00
   40.88146  -73.72964     16.558     16.429     1.2393    26.5929      8.567     8.5569 4.7107e-14  1021.3600     1.2387    21.2806    13.9188    425.905   11.75229  359.61133    118.435  0.000e+00
   40.88150  -73.72970     16.550     16.421     1.2389    26.5934      8.562     8.5569 4.7019e-14  1021.3604     1.2384    21.2810    13.9349    426.397   11.75234  359.61293    118.571  0.000e+00
   40.88150  -73.72970     16.558     16.429     1.2389    26.5932      8.562     8.5569 4.6976e-14  1021.3603     1.2384    21.2809    13.9634    427.269   11.75235  359.61332    118.813  0.000e+00
   40.88150  -73.72970     16.550     16.421     1.2388    26.5931      8.567     8.5435 4.6976e-14  1021.3602     1.2383    21.2808    13.9740    427.593   11.75241  359.61515    118.903  0.000e+00
   40.88150  -73.72970     16.560     16.431     1.2388    26.5934      8.567     8.5569 4.6976e-14  1021.3605     1.2383    21.2811    13.9654    427.330   11.75239  359.61422    118.830  0.000e+00
   40.88150  -73.72970     16.558     16.429     1.2388    26.5936      8.567     8.5435 4.7019e-14  1021.3607     1.2383    21.2812    13.9606    427.182   11.75237  359.61365    118.789  0.000e+00
   40.88150  -73.72970     16.560     16.431     1.2389    26.5935      8.567     8.5569 4.7063e-14  1021.3605     1.2384    21.2811    13.9449    426.705   11.75233  359.61256    118.657  0.000e+00
   40.88150  -73.72970     16.550     16.421     1.2389    26.5935      8.567     8.5435 4.7063e-14  1021.3605     1.2384    21.2811    13.9282    426.193   11.75233  359.61255    118.514  0.000e+00
   40.88150  -73.72970     16.568     16.439     1.2393    26.5928      8.567     8.5569 4.7019e-14  1021.3600     1.2387    21.2805    13.9378    426.487   11.75230  359.61172    118.597  0.000e+00
   40.88150  -73.72970     16.550     16.421     1.2391    26.5930      8.567     8.5569 4.6932e-14  1021.3601     1.2386    21.2807    13.9522    426.926   11.75233  359.61259    118.718  0.000e+00
   40.88150  -73.72970     16.558     16.429     1.2394    26.5928      8.567     8.5435 4.6889e-14  1021.3599     1.2389    21.2805    13.9438    426.671   11.75225  359.61024    118.648  0.000e+00
   40.88150  -73.72970     16.560     16.431     1.2393    26.5929      8.567     8.5838 4.6889e-14  1021.3600     1.2387    21.2806    13.9292    426.223   11.75229  359.61133    118.523  0.000e+00
   40.88150  -73.72970     16.550     16.421     1.2393    26.5929      8.567     8.6375 4.6845e-14  1021.3600     1.2387    21.2806    13.9319    426.305   11.75229  359.61132    118.546  0.000e+00
   40.88150  -73.72970     16.558     16.430     1.2393    26.5931      8.567     8.6509 4.6845e-14  1021.3602     1.2387    21.2808    13.9429    426.642   11.75227  359.61076    118.640  0.000e+00
   40.88150  -73.72970     16.550     16.421     1.2391    26.5931      8.567     8.6509 4.6889e-14  1021.3602     1.2386    21.2808    13.9595    427.149   11.75232  359.61222    118.781  0.000e+00
   40.88150  -73.72970     16.547     16.419     1.2391    26.5930      8.567     8.6375 4.6889e-14  1021.3601     1.2386    21.2807    13.9816    427.825   11.75232  359.61240    118.968  0.000e+00
   40.88150  -73.72970     16.550     16.421     1.2391    26.5930      8.567     8.6375 4.6932e-14  1021.3601     1.2386    21.2807    13.9940    428.207   11.75232  359.61241    119.074  0.000e+00
   40.88150  -73.72970     16.539     16.410     1.2388    26.5935      8.567     8.6509 4.6976e-14  1021.3605     1.2383    21.2811    13.9838    427.894   11.75238  359.61400    118.987  0.000e+00
   40.88150  -73.72970     16.547     16.419     1.2393    26.5928      8.567     8.6509 4.6932e-14  1021.3599     1.2387    21.2805    13.9756    427.643   11.75230  359.61169    118.918  0.000e+00
   40.88150  -73.72970     16.539     16.410     1.2389    26.5929      8.567     8.6509 4.6889e-14  1021.3600     1.2384    21.2806    13.9704    427.484   11.75238  359.61423    118.873  0.000e+00
   40.88150  -73.72970     16.539     16.410     1.2396    26.5924      8.567     8.6509 4.6802e-14  1021.3595     1.2391    21.2802    13.9606    427.185   11.75223  359.60988    118.791  0.000e+00
   40.88150  -73.72970     16.538     16.409     1.2393    26.5926      8.567     8.6509 4.6759e-14  1021.3597     1.2387    21.2804    13.9437    426.669   11.75231  359.61205    118.647  0.000e+00
   40.88150  -73.72970     16.529     16.401     1.2391    26.5928      8.567     8.6509 4.6759e-14  1021.3598     1.2386    21.2805    13.9245    426.079   11.75234  359.61313    118.483  0.000e+00
   40.88150  -73.72970     16.528     16.400     1.2389    26.5927      8.567     8.6509 4.6845e-14  1021.3598     1.2384    21.2805    13.9091    425.609   11.75240  359.61478    118.351  0.000e+00
   40.88150  -73.72970     16.529     16.401     1.2391    26.5920      8.567     8.6509 4.6889e-14  1021.3592     1.2386    21.2799    13.8963    425.216   11.75240  359.61520    118.242  0.000e+00
   40.88148  -73.72964     16.530     16.401     1.2388    26.5917      8.567     8.6509 4.6932e-14  1021.3589     1.2383    21.2797    13.8978    425.263   11.75253  359.61907    118.254  0.000e+00
   40.88148  -73.72964     16.517     16.389     1.2393    26.5913      8.567     8.6509 4.6976e-14  1021.3586     1.2387    21.2794    13.8662    424.295   11.75241  359.61560    117.986  0.000e+00
   40.88148  -73.72964     16.530     16.401     1.2389    26.5917      8.567     8.6509 4.7019e-14  1021.3590     1.2384    21.2797    13.8179    422.817   11.75247  359.61742    117.574  0.000e+00
   40.88148  -73.72964     16.520     16.391     1.2391    26.5913      8.567     8.6509 4.7063e-14  1021.3586     1.2386    21.2794    13.7850    421.813   11.75246  359.61707    117.295  0.000e+00
   40.88148  -73.72964     16.517     16.389     1.2386    26.5919      8.567     8.6375 4.7063e-14  1021.3591     1.2381    21.2798    13.7777    421.588   11.75256  359.61995    117.232  0.000e+00
   40.88148  -73.72964     16.509     16.380     1.2389    26.5920      8.562     8.6509 4.7019e-14  1021.3591     1.2384    21.2799    13.7786    421.614   11.75246  359.61683    117.240  0.000e+00
   40.88148  -73.72964     16.517     16.389     1.2388    26.5922      8.567     8.6509 4.6976e-14  1021.3593     1.2383    21.2800    13.7952    422.122   11.75249  359.61774    117.381  0.000e+00
   40.88148  -73.72964     16.509     16.380     1.2384    26.5929      8.567     8.6375 4.6932e-14  1021.3598     1.2379    21.2806    13.8387    423.453   11.75254  359.61914    117.751  0.000e+00
   40.88148  -73.72964     16.509     16.380     1.2388    26.5925      8.567     8.6509 4.6889e-14  1021.3595     1.2383    21.2803    13.8628    424.193   11.75246  359.61678    117.957  0.000e+00
   40.88148  -73.72964     16.508     16.379     1.2388    26.5922      8.567     8.6509 4.6845e-14  1021.3593     1.2383    21.2801    13.8166    422.777   11.75248  359.61754    117.563  0.000e+00
   40.88148  -73.72964     16.499     16.371     1.2386    26.5925      8.567     8.6509 4.6802e-14  1021.3595     1.2381    21.2803    13.7425    420.511   11.75251  359.61824    116.933  0.000e+00
   40.88148  -73.72964     16.497     16.368     1.2396    26.5918      8.567     8.5838 4.6802e-14  1021.3588     1.2391    21.2797    13.6949    419.053   11.75228  359.61152    116.529  0.000e+00
   40.88148  -73.72964     16.509     16.380     1.2399    26.5904      8.567     8.5435 4.6802e-14  1021.3578     1.2394    21.2786    13.6885    418.860   11.75230  359.61237    116.475  0.000e+00
   40.88148  -73.72964     16.499     16.371     1.2402    26.5911      8.567     8.5435 4.6759e-14  1021.3583     1.2397    21.2791    13.6856    418.769   11.75215  359.60755    116.452  0.000e+00
   40.88148  -73.72964     16.487     16.359     1.2399    26.5919      8.567     8.5569 4.6759e-14  1021.3588     1.2394    21.2798    13.6699    418.288   11.75218  359.60839    116.318  0.000e+00
   40.88148  -73.72964     16.499     16.371     1.2397    26.5917      8.567     8.5569 4.6802e-14  1021.3588     1.2392    21.2796    13.6520    417.743   11.75224  359.61024    116.165  0.000e+00
   40.88148  -73.72964     16.499     16.371     1.2396    26.5918      8.567     8.5569 4.6932e-14  1021.3588     1.2391    21.2797    13.6506    417.700   11.75228  359.61152    116.153  0.000e+00
   40.88148  -73.72964     16.487     16.359     1.2400    26.5914      8.562     8.5569 4.7063e-14  1021.3585     1.2395    21.2794    13.6498    417.675   11.75217  359.60824    116.147  0.000e+00
   40.88148  -73.72964     16.490     16.361     1.2402    26.5914      8.567     8.5569 4.7151e-14  1021.3585     1.2397    21.2794    13.6416    417.423   11.75212  359.60659    116.078  0.000e+00
   40.88148  -73.72964     16.487     16.359     1.2403    26.5912      8.567     8.5569 4.7238e-14  1021.3583     1.2398    21.2792    13.6248    416.909   11.75209  359.60588    115.935  0.000e+00
   40.88148  -73.72964     16.490     16.361     1.2407    26.5904      8.567     8.5569 4.7238e-14  1021.3577     1.2402    21.2786    13.6459    417.555   11.75206  359.60502    116.115  0.000e+00
   40.88148  -73.72964     16.479     16.350     1.2405    26.5904      8.567     8.5569 4.7194e-14  1021.3576     1.2400    21.2786    13.6788    418.562   11.75210  359.60647    116.394  0.000e+00
   40.88148  -73.72964     16.487     16.359     1.2403    26.5908      8.567     8.5569 4.7063e-14  1021.3580     1.2398    21.2789    13.6874    418.826   11.75212  359.60701    116.468  0.000e+00
   40.88148  -73.72964     16.479     16.350     1.2408    26.5909      8.567     8.5569 4.6932e-14  1021.3580     1.2403    21.2789    13.6993    419.188   11.75198  359.60241    116.570  0.000e+00
   40.88150  -73.72970     16.487     16.359     1.2411    26.5910      8.567     8.5569 4.6889e-14  1021.3581     1.2406    21.2790    13.7010    419.242   11.75187  359.59912    116.586  0.000e+00
   40.88150  -73.72970     16.469     16.341     1.2418    26.5907      8.567     8.5435 4.6845e-14  1021.3578     1.2412    21.2788    13.7114    419.560   11.75170  359.59399    116.676  0.000e+00
   40.88150  -73.72970     16.479     16.350     1.2422    26.5904      8.562     8.5569 4.6845e-14  1021.3575     1.2417    21.2785    13.7090    419.486   11.75158  359.59055    116.657  0.000e+00
   40.88150  -73.72970     16.466     16.338     1.2422    26.5906      8.567     8.5569 4.6889e-14  1021.3576     1.2417    21.2787    13.6810    418.630   11.75157  359.58997    116.419  0.000e+00
   40.88150  -73.72970     16.479     16.350     1.2427    26.5903      8.567     8.5435 4.6976e-14  1021.3575     1.2422    21.2784    13.6469    417.586   11.75144  359.58635    116.129  0.000e+00
   40.88150  -73.72970     16.457     16.329     1.2427    26.5908      8.567     8.5569 4.7151e-14  1021.3577     1.2422    21.2788    13.6415    417.420   11.75141  359.58519    116.084  0.000e+00
   40.88150  -73.72970     16.490     16.361     1.2421    26.5912      8.567     8.5569 4.7371e-14  1021.3582     1.2416    21.2791    13.6683    418.239   11.75156  359.58978    116.310  0.000e+00
   40.88150  -73.72970     16.469     16.341     1.2428    26.5909      8.567     8.5569 4.7504e-14  1021.3579     1.2423    21.2789    13.6636    418.097   11.75135  359.58337    116.273  0.000e+00
   40.88150  -73.72970     16.466     16.338     1.2432    26.5910      8.562     8.5569 4.7594e-14  1021.3579     1.2426    21.2789    13.6440    417.496   11.75125  359.58025    116.106  0.000e+00
   40.88150  -73.72970     16.479     16.351     1.2438    26.5901      8.562     8.5569 4.7594e-14  1021.3572     1.2433    21.2782    13.6488    417.645   11.75113  359.57686    116.149  0.000e+00
   40.88150  -73.72970     16.469     16.341     1.2435    26.5904      8.562     8.5569 4.7549e-14  1021.3575     1.2430    21.2785    13.6532    417.779   11.75120  359.57883    116.186  0.000e+00
   40.88150  -73.72970     16.466     16.338     1.2439    26.5905      8.567     8.5300 4.7460e-14  1021.3575     1.2434    21.2785    13.6231    416.856   11.75105  359.57425    115.931  0.000e+00
   40.88150  -73.72970     16.469     16.341     1.2438    26.5906      8.567     8.5300 4.7415e-14  1021.3576     1.2433    21.2786    13.6081    416.400   11.75109  359.57534    115.803  0.000e+00
   40.88150  -73.72970     16.477     16.349     1.2441    26.5907      8.567     8.5166 4.7283e-14  1021.3577     1.2436    21.2786    13.6198    416.756   11.75097  359.57187    115.903  0.000e+00
   40.88150  -73.72970     16.469     16.341     1.2442    26.5905      8.567     8.5166 4.7194e-14  1021.3575     1.2437    21.2785    13.6449    417.525   11.75095  359.57132    116.117  0.000e+00
   40.88150  -73.72970     16.469     16.341     1.2442    26.5900      8.567     8.5166 4.7151e-14  1021.3571     1.2437    21.2781    13.6678    418.226   11.75100  359.57283    116.312  0.000e+00
   40.88150  -73.72970     16.466     16.338     1.2439    26.5897      8.567     8.5166 4.7151e-14  1021.3568     1.2434    21.2778    13.6947    419.048   11.75112  359.57650    116.539  0.000e+00
   40.88150  -73.72970     16.469     16.341     1.2436    26.5900      8.567     8.5300 4.7151e-14  1021.3571     1.2431    21.2781    13.7480    420.679   11.75118  359.57850    116.992  0.000e+00
   40.88150  -73.72970     16.477     16.349     1.2433    26.5904      8.567     8.5300 4.7151e-14  1021.3574     1.2428    21.2784    13.8070    422.484   11.75125  359.58049    117.494  0.000e+00
   40.88150  -73.72970     16.458     16.330     1.2433    26.5904      8.567     8.5300 4.7063e-14  1021.3574     1.2428    21.2784    13.8880    424.963   11.75125  359.58047    118.183  0.000e+00
   40.88150  -73.72970     16.479     16.351     1.2432    26.5905      8.567     8.5300 4.7019e-14  1021.3576     1.2426    21.2785    13.9251    426.099   11.75129  359.58158    118.499  0.000e+00
   40.88150  -73.72970     16.466     16.338     1.2432    26.5905      8.567     8.5166 4.6976e-14  1021.3575     1.2426    21.2785    13.9103    425.647   11.75129  359.58157    118.373  0.000e+00
   40.88150  -73.72970     16.479     16.351     1.2432    26.5903      8.567     8.5300 4.6932e-14  1021.3574     1.2426    21.2784    13.8874    424.946   11.75131  359.58215    118.178  0.000e+00
   40.88150  -73.72970     16.479     16.351     1.2430    26.5904      8.567     8.5300 4.6889e-14  1021.3575     1.2425    21.2784    13.8743    424.545   11.75135  359.58342    118.066  0.000e+00
