CalculateIndicators/WaterTemperature/Data/CTD_NYOS/202200727_C07.cnv
* Sea-Bird SBE 9 Data File:
* FileName = C:\Seabird 9 CTD\Data\2022\202207_offshore\202200727_C07.hex
* Software Version Seasave V 7.23.2
* Temperature SN = 4590
* Conductivity SN = 3228
* Number of Bytes Per Scan = 44
* Number of Voltage Words = 5
* Number of Scans Averaged by the Deck Unit = 1
* NMEA Latitude = 39 07.76 N
* NMEA Longitude = 072 56.44 W
* NMEA UTC (Time) = Dec 11 2002  13:40:07
* NMEA baud rate = 4800
** Ship: seawolf
** Station: 6.5
** Operator: tcm
# nquan = 18
# nvalues = 19850                       
# units = specified
# name 0 = latitude: Latitude [deg]
# name 1 = longitude: Longitude [deg]
# name 2 = prDM: Pressure, Digiquartz [db]
# name 3 = depSM: Depth [salt water, m]
# name 4 = t090C: Temperature [ITS-90, deg C]
# name 5 = sal00: Salinity, Practical [PSU]
# name 6 = ph: pH
# name 7 = flECO-AFL: Fluorescence, WET Labs ECO-AFL/FL [mg/m^3]
# name 8 = cpar: CPAR/Corrected Irradiance [%]
# name 9 = density00: Density [density, kg/m^3]
# name 10 = potemp090C: Potential Temperature [ITS-90, deg C]
# name 11 = sigma-é00: Density [sigma-theta, kg/m^3]
# name 12 = sbeox0Mg/L: Oxygen, SBE 43 [mg/l]
# name 13 = sbox0Mm/Kg: Oxygen, SBE 43 [umol/kg]
# name 14 = oxsolMg/L: Oxygen Saturation, Garcia & Gordon [mg/l]
# name 15 = oxsolMm/Kg: Oxygen Saturation, Garcia & Gordon [umol/kg]
# name 16 = sbeox0PS: Oxygen, SBE 43 [% saturation]
# name 17 = flag:  0.000e+00
# span 0 =   39.12774,   39.12948       
# span 1 =  -72.94072,  -72.94042       
# span 2 =      1.726,     78.942       
# span 3 =      1.713,     78.328       
# span 4 =     8.8787,    25.4949       
# span 5 =    31.5457,    34.2895       
# span 6 =      7.975,      8.224       
# span 7 =    -0.0792,     0.9549       
# span 8 = 3.7180e-14, 1.2266e+01       
# span 9 =  1020.6201,  1026.6068       
# span 10 =     8.8748,    25.4944      
# span 11 =    20.6106,    26.2377      
# span 12 =     6.8454,     9.1537      
# span 13 =    208.469,    279.096      
# span 14 =    6.84616,    9.35615      
# span 15 =  209.62403,  285.04656      
# span 16 =     76.604,    117.644      
# span 17 = 0.0000e+00, 0.0000e+00      
# interval = seconds: 0.0416667
# start_time = Jul 27 2022 13:40:09 [System UTC, first data scan.]
# bad_flag = -9.990e-29
*END*
[from data line 10372]
   39.12848  -72.94042     60.182     59.717     9.1328    33.3480      7.994    -0.0121 1.8688e-02  1026.0765     9.1264    25.8041     7.3995    225.422    9.30983  283.62004     79.480 0.0000e+00
   39.12848  -72.94042     60.142     59.677     9.1317    33.3480      7.994    -0.0121 1.9444e-02  1026.0772     9.1253    25.8045     7.3994    225.418    9.30990  283.62160     79.478 0.0000e+00
   39.12848  -72.94042     60.101     59.636     9.1313    33.3484      7.994    -0.0121 1.9642e-02  1026.0779     9.1249    25.8052     7.3992    225.414    9.30996  283.62325     79.476 0.0000e+00
   39.12848  -72.94042     60.080     59.616     9.1314    33.3488      7.994    -0.0121 1.9352e-02  1026.0779     9.1250    25.8055     7.3992    225.412    9.31010  283.62745     79.475 0.0000e+00
   39.12848  -72.94042     60.049     59.585     9.1313    33.3488      7.994    -0.0121 1.8783e-02  1026.0780     9.1249    25.8056     7.3989    225.404    9.31002  283.62473     79.473 0.0000e+00
   39.12848  -72.94042     59.998     59.535     9.1315    33.3488      7.994    -0.0121 1.7933e-02  1026.0775     9.1251    25.8055     7.3979    225.373    9.30992  283.62136     79.463 0.0000e+00
   39.12848  -72.94042     59.968     59.505     9.1308    33.3483      7.994     0.0013 1.6960e-02  1026.0775     9.1244    25.8053     7.3975    225.360    9.30969  283.61373     79.460 0.0000e+00
   39.12848  -72.94042     59.938     59.474     9.1296    33.3476      7.994    -0.0121 1.5939e-02  1026.0764     9.1233    25.8049     7.3971    225.348    9.30947  283.60726     79.458 0.0000e+00
   39.12848  -72.94042     59.885     59.422     9.1277    33.3465      7.994    -0.0121 1.4919e-02  1026.0763     9.1214    25.8043     7.3970    225.345    9.30960  283.61234     79.455 0.0000e+00
   39.12848  -72.94042     59.855     59.392     9.1254    33.3448      7.994    -0.0121 1.3913e-02  1026.0749     9.1190    25.8033     7.3972    225.353    9.31013  283.62918     79.453 0.0000e+00
   39.12848  -72.94042     59.824     59.362     9.1231    33.3427      7.994    -0.0121 1.3357e-02  1026.0729     9.1167    25.8020     7.3974    225.360    9.31064  283.64527     79.451 0.0000e+00
   39.12848  -72.94042     59.784     59.322     9.1214    33.3412      7.994    -0.0121 1.2875e-02  1026.0721     9.1150    25.8010     7.3976    225.365    9.31104  283.65757     79.450 0.0000e+00
   39.12848  -72.94042     59.752     59.291     9.1219    33.3402      7.994    -0.0121 1.2466e-02  1026.0713     9.1156    25.8003     7.3977    225.369    9.31144  283.66949     79.448 0.0000e+00
   39.12848  -72.94042     59.712     59.251     9.1216    33.3396      7.994     0.0013 1.2307e-02  1026.0701     9.1152    25.7999     7.3978    225.371    9.31174  283.67845     79.446 0.0000e+00
   39.12848  -72.94042     59.701     59.240     9.1191    33.3394      7.994    -0.0121 1.2237e-02  1026.0710     9.1128    25.8000     7.3978    225.370    9.31194  283.68445     79.444 0.0000e+00
   39.12846  -72.94044     59.640     59.180     9.1179    33.3387      7.994     0.0013 1.2167e-02  1026.0711     9.1116    25.7997     7.3908    225.158    9.31210  283.68917     79.368 0.0000e+00
   39.12846  -72.94044     59.610     59.149     9.1170    33.3369      7.994     0.0013 1.2042e-02  1026.0683     9.1107    25.7986     7.3900    225.135    9.31226  283.69410     79.358 0.0000e+00
   39.12846  -72.94044     59.589     59.129     9.1128    33.3369      7.994     0.0013 1.2025e-02  1026.0675     9.1065    25.7981     7.3961    225.320    9.31233  283.69588     79.423 0.0000e+00
   39.12846  -72.94044     59.548     59.088     9.1102    33.3369      7.994     0.0148 1.1995e-02  1026.0683     9.1039    25.7987     7.3961    225.318    9.31239  283.69784     79.422 0.0000e+00
   39.12846  -72.94044     59.517     59.058     9.1091    33.3372      7.994     0.0013 1.2149e-02  1026.0704     9.1028    25.7999     7.3960    225.314    9.31244  283.69909     79.420 0.0000e+00
   39.12846  -72.94044     59.477     59.018     9.1088    33.3380      7.994     0.0013 1.2360e-02  1026.0704     9.1024    25.8006     7.3959    225.312    9.31254  283.70223     79.419 0.0000e+00
   39.12846  -72.94044     59.446     58.986     9.1081    33.3385      7.994     0.0013 1.2429e-02  1026.0705     9.1018    25.8011     7.3957    225.308    9.31252  283.70172     79.417 0.0000e+00
   39.12846  -72.94044     59.405     58.946     9.1073    33.3393      7.994     0.0013 1.2374e-02  1026.0712     9.1010    25.8018     7.3956    225.303    9.31253  283.70197     79.416 0.0000e+00
   39.12846  -72.94044     59.375     58.916     9.1061    33.3393      7.994     0.0013 1.2241e-02  1026.0722     9.0998    25.8025     7.3955    225.301    9.31261  283.70431     79.414 0.0000e+00
   39.12846  -72.94044     59.364     58.905     9.1059    33.3393      7.994     0.0013 1.2197e-02  1026.0725     9.0996    25.8026     7.3946    225.274    9.31262  283.70460     79.405 0.0000e+00
   39.12846  -72.94044     59.313     58.855     9.1059    33.3388      7.994     0.0148 1.2251e-02  1026.0709     9.0996    25.8018     7.3945    225.270    9.31265  283.70545     79.403 0.0000e+00
   39.12846  -72.94044     59.282     58.824     9.1050    33.3372      7.994     0.0013 1.2453e-02  1026.0690     9.0987    25.8007     7.3944    225.266    9.31269  283.70682     79.401 0.0000e+00
   39.12846  -72.94044     59.262     58.804     9.1030    33.3364      7.994     0.0013 1.2487e-02  1026.0685     9.0967    25.8001     7.3949    225.283    9.31269  283.70688     79.407 0.0000e+00
   39.12846  -72.94044     59.220     58.763     9.1007    33.3364 -9.990e-29     0.0013 1.2487e-02  1026.0686     9.0944    25.8003     7.3948    225.280    9.31273  283.70795     79.406 0.0000e+00
   39.12846  -72.94044     59.201     58.744     9.0992    33.3364 -9.990e-29     0.0013 1.2443e-02  1026.0694     9.0929    25.8008     7.3878    225.066    9.31275  283.70869     79.330 0.0000e+00
   39.12846  -72.94044     59.169     58.712     9.0987    33.3367 -9.990e-29     0.0013 1.2432e-02  1026.0699     9.0924    25.8013     7.3939    225.250    9.31273  283.70797     79.395 0.0000e+00
   39.12846  -72.94044     59.139     58.682     9.0984    33.3367 -9.990e-29     0.0013 1.2422e-02  1026.0695     9.0921    25.8013     7.3937    225.247    9.31273  283.70810     79.394 0.0000e+00
   39.12846  -72.94044     59.118     58.661     9.0979    33.3368 -9.990e-29     0.0013 1.2456e-02  1026.0691     9.0916    25.8013     7.3936    225.242    9.31271  283.70736     79.393 0.0000e+00
   39.12846  -72.94044     59.088     58.631     9.0961    33.3370 -9.990e-29     0.0013 1.2501e-02  1026.0696     9.0898    25.8018     7.3935    225.239    9.31273  283.70797     79.391 0.0000e+00
   39.12846  -72.94044     59.078     58.621     9.0948    33.3377 -9.990e-29     0.0013 1.2491e-02  1026.0704     9.0885    25.8025     7.3934    225.237    9.31277  283.70912     79.390 0.0000e+00
   39.12846  -72.94044     59.027     58.571     9.0946    33.3381 -9.990e-29     0.0013 1.2436e-02  1026.0713     9.0884    25.8034     7.3941    225.257    9.31276  283.70886     79.397 -9.990e-29
   39.12846  -72.94044     59.027     58.571     9.0948    33.3381 -9.990e-29     0.0013 1.2436e-02  1026.0722     9.0886    25.8036     7.3947    225.277    9.31277  283.70926     79.404 -9.990e-29
   39.12846  -72.94044     58.996     58.541     9.0951    33.3381 -9.990e-29     0.0148 1.2391e-02  1026.0707     9.0889    25.8029     7.3886    225.089    9.31280  283.71021     79.338 0.0000e+00
   39.12846  -72.94044     58.985     58.530     9.0948    33.3365 -9.990e-29     0.0013 1.2532e-02  1026.0689     9.0886    25.8017     7.3947    225.277    9.31280  283.71008     79.404 0.0000e+00
   39.12846  -72.94044     58.955     58.499     9.0941    33.3349 -9.990e-29     0.0013 1.3011e-02  1026.0683     9.0879    25.8005     7.3947    225.276    9.31276  283.70881     79.404 0.0000e+00
   39.12846  -72.94044     58.934     58.479     9.0941    33.3323 -9.990e-29    -0.0121 1.3952e-02  1026.0669     9.0878    25.7986     7.3879    225.069    9.31283  283.71103     79.330 0.0000e+00
   39.12846  -72.94044     58.913     58.458     9.0935    33.3283 -9.990e-29    -0.0121 1.5022e-02  1026.0625     9.0872    25.7957     7.3941    225.256    9.31280  283.71022     79.397 0.0000e+00
   39.12846  -72.94044     58.904     58.449     9.0900    33.3243 -9.990e-29    -0.0121 1.5376e-02  1026.0593     9.0838    25.7930     7.3948    225.281    9.31282  283.71063     79.405 0.0000e+00
   39.12846  -72.94044     58.894     58.439     9.0861    33.3218 -9.990e-29    -0.0121 1.4822e-02  1026.0580     9.0798    25.7915     7.3949    225.281    9.31278  283.70955     79.406 0.0000e+00
   39.12846  -72.94044     58.873     58.419     9.0823    33.3212 -9.990e-29    -0.0121 1.4080e-02  1026.0577     9.0761    25.7913     7.3950    225.284    9.31280  283.71023     79.406 0.0000e+00
   39.12846  -72.94044     58.862     58.408     9.0785    33.3212 -9.990e-29    -0.0121 1.3605e-02  1026.0590     9.0723    25.7919     7.3957    225.307    9.31274  283.70834     79.415 0.0000e+00
   39.12846  -72.94044     58.843     58.388     9.0758    33.3212 -9.990e-29    -0.0121 1.3323e-02  1026.0593     9.0695    25.7927     7.3959    225.312    9.31282  283.71061     79.416 0.0000e+00
   39.12846  -72.94044     58.832     58.377     9.0732    33.3223 -9.990e-29     0.0013 1.3117e-02  1026.0602     9.0670    25.7940     7.3898    225.127    9.31282  283.71077     79.351 0.0000e+00
   39.12846  -72.94044     58.822     58.368     9.0708    33.3243 -9.990e-29    -0.0121 1.3287e-02  1026.0627     9.0646    25.7958     7.3968    225.341    9.31278  283.70955     79.427 -9.990e-29
   39.12846  -72.94044     58.822     58.368     9.0697    33.3262 -9.990e-29    -0.0121 1.4208e-02  1026.0650     9.0635    25.7975     7.3970    225.347    9.31279  283.70968     79.429 -9.990e-29
   39.12846  -72.94044     58.802     58.347     9.0694    33.3271 -9.990e-29    -0.0121 1.6231e-02  1026.0651     9.0631    25.7983     7.3972    225.352    9.31277  283.70914     79.431 -9.990e-29
   39.12846  -72.94044     58.802     58.347     9.0687    33.3278 -9.990e-29    -0.0121 1.9497e-02  1026.0653     9.0624    25.7989     7.3974    225.357    9.31277  283.70911     79.433 -9.990e-29
   39.12846  -72.94044     58.802     58.347     9.0687    33.3289 -9.990e-29    -0.0121 2.3256e-02  1026.0663     9.0624    25.7999     7.3975    225.360    9.31269  283.70648     79.434 -9.990e-29
   39.12846  -72.94044     58.781     58.327     9.0685    33.3307 -9.990e-29    -0.0121 2.6811e-02  1026.0679     9.0623    25.8013     7.3976    225.365    9.31266  283.70542     79.436 -9.990e-29
   39.12846  -72.94044     58.792     58.338     9.0689    33.3307 -9.990e-29     0.0013 2.9420e-02  1026.0700     9.0626    25.8022     7.3977    225.368    9.31256  283.70226     79.438 -9.990e-29
   39.12846  -72.94044     58.781     58.327     9.0700    33.3307 -9.990e-29    -0.0121 3.0712e-02  1026.0695     9.0638    25.8013     7.3979    225.373    9.31257  283.70265     79.440 0.0000e+00
   39.12846  -72.94044     58.771     58.317     9.0712    33.3276 -9.990e-29     0.0013 2.8494e-02  1026.0646     9.0649    25.7986     7.4049    225.587    9.31253  283.70160     79.516 -9.990e-29
   39.12846  -72.94044     58.781     58.327     9.0697    33.3241 -9.990e-29    -0.0121 2.3807e-02  1026.0619     9.0635    25.7960     7.3989    225.404    9.31257  283.70260     79.451 -9.990e-29
   39.12846  -72.94044     58.771     58.317     9.0678    33.3220 -9.990e-29    -0.0121 1.9531e-02  1026.0604     9.0616    25.7946     7.3991    225.411    9.31266  283.70553     79.452 -9.990e-29
   39.12846  -72.94044     58.771     58.317     9.0660    33.3214 -9.990e-29    -0.0121 1.6756e-02  1026.0604     9.0598    25.7942     7.3993    225.415    9.31266  283.70573     79.454 -9.990e-29
   39.12846  -72.94044     58.760     58.306     9.0639    33.3214 -9.990e-29    -0.0121 1.5210e-02  1026.0611     9.0577    25.7945     7.3995    225.421    9.31274  283.70792     79.455 -9.990e-29
   39.12846  -72.94044     58.770     58.316     9.0625    33.3214 -9.990e-29     0.0013 1.4342e-02  1026.0614     9.0562    25.7949     7.3996    225.425    9.31275  283.70845     79.457 -9.990e-29
   39.12846  -72.94044     58.771     58.317     9.0614    33.3216 -9.990e-29    -0.0121 1.3800e-02  1026.0617     9.0552    25.7953     7.3998    225.432    9.31285  283.71171     79.458 -9.990e-29
   39.12844  -72.94046     58.771     58.317     9.0605    33.3220 -9.990e-29    -0.0121 1.3425e-02  1026.0624     9.0543    25.7957     7.4069    225.648    9.31293  283.71416     79.534 -9.990e-29
   39.12844  -72.94046     58.771     58.317     9.0596    33.3224 -9.990e-29    -0.0121 1.3172e-02  1026.0626     9.0534    25.7961     7.4071    225.653    9.31300  283.71658     79.535 -9.990e-29
   39.12844  -72.94046     58.771     58.317     9.0591    33.3227 -9.990e-29    -0.0121 1.3015e-02  1026.0632     9.0529    25.7965     7.4071    225.655    9.31307  283.71854     79.535 -9.990e-29
   39.12844  -72.94046     58.792     58.338     9.0588    33.3229 -9.990e-29    -0.0121 1.2870e-02  1026.0634     9.0526    25.7967     7.4010    225.467    9.31312  283.72013     79.468 -9.990e-29
   39.12844  -72.94046     58.792     58.338     9.0585    33.3232 -9.990e-29    -0.0121 1.2749e-02  1026.0637     9.0523    25.7970     7.4009    225.467    9.31313  283.72038     79.468 -9.990e-29
   39.12844  -72.94046     58.792     58.338     9.0580    33.3232 -9.990e-29    -0.0121 1.2675e-02  1026.0638     9.0518    25.7970     7.4010    225.467    9.31314  283.72091     79.468 -9.990e-29
   39.12844  -72.94046     58.802     58.347     9.0582    33.3232 -9.990e-29    -0.0121 1.2622e-02  1026.0636     9.0520    25.7970     7.4078    225.677    9.31318  283.72227     79.541 -9.990e-29
   39.12844  -72.94046     58.802     58.347     9.0580    33.3233 -9.990e-29    -0.0121 1.2501e-02  1026.0639     9.0518    25.7971     7.4086    225.700    9.31329  283.72565     79.549 -9.990e-29
   39.12844  -72.94046     58.802     58.347     9.0577    33.3233 -9.990e-29    -0.0121 1.2436e-02  1026.0639     9.0515    25.7972     7.4093    225.722    9.31339  283.72850     79.556 -9.990e-29
   39.12844  -72.94046     58.822     58.368     9.0577    33.3233 -9.990e-29    -0.0121 1.2456e-02  1026.0639     9.0515    25.7973     7.4100    225.743    9.31349  283.73168     79.562 -9.990e-29
   39.12844  -72.94046     58.822     58.368     9.0573    33.3233 -9.990e-29    -0.0121 1.2658e-02  1026.0643     9.0511    25.7973     7.4106    225.762    9.31353  283.73258     79.569 -9.990e-29
   39.12844  -72.94046     58.832     58.377     9.0573    33.3233 -9.990e-29    -0.0121 1.3055e-02  1026.0639     9.0511    25.7973     7.4111    225.776    9.31344  283.72984     79.574 -9.990e-29
   39.12844  -72.94046     58.843     58.388     9.0572    33.3234 -9.990e-29    -0.0121 1.3388e-02  1026.0642     9.0510    25.7973     7.4116    225.791    9.31340  283.72849     79.580 -9.990e-29
   39.12844  -72.94046     58.843     58.388     9.0570    33.3234 -9.990e-29    -0.0121 1.3777e-02  1026.0643     9.0508    25.7974     7.4120    225.803    9.31331  283.72604     79.585 -9.990e-29
   39.12844  -72.94046     58.853     58.398     9.0569    33.3234 -9.990e-29    -0.0121 1.4240e-02  1026.0644     9.0507    25.7974     7.4193    226.027    9.31331  283.72576     79.664 -9.990e-29
   39.12844  -72.94046     58.862     58.408     9.0570    33.3234 -9.990e-29    -0.0121 1.4665e-02  1026.0644     9.0508    25.7974     7.4128    225.829    9.31336  283.72742     79.594 -9.990e-29
   39.12844  -72.94046     58.862     58.408     9.0570    33.3234 -9.990e-29    -0.0121 1.4842e-02  1026.0643     9.0508    25.7974     7.4132    225.840    9.31336  283.72763     79.597 -9.990e-29
