CalculateIndicators/WaterTemperature/Data/CTD_NYOS/202200729_C17.cnv
* Sea-Bird SBE 9 Data File:
* FileName = C:\Seabird 9 CTD\Data\2022\202207_offshore\202200729_C17.hex
* Software Version Seasave V 7.23.2
* Temperature SN = 4590
* Conductivity SN = 3228
* Number of Bytes Per Scan = 44
* Number of Voltage Words = 5
* Number of Scans Averaged by the Deck Unit = 1
* NMEA Latitude = 40 06.34 N
* NMEA Longitude = 072 35.73 W
* NMEA UTC (Time) = Dec 13 2002  01:10:48
* NMEA baud rate = 4800
** Ship: seawolf
** Station: 4.3
** Operator: TDK
# nquan = 18
# nvalues = 14766                       
# units = specified
# name 0 = latitude: Latitude [deg]
# name 1 = longitude: Longitude [deg]
# name 2 = prDM: Pressure, Digiquartz [db]
# name 3 = depSM: Depth [salt water, m]
# name 4 = t090C: Temperature [ITS-90, deg C]
# name 5 = sal00: Salinity, Practical [PSU]
# name 6 = ph: pH
# name 7 = flECO-AFL: Fluorescence, WET Labs ECO-AFL/FL [mg/m^3]
# name 8 = cpar: CPAR/Corrected Irradiance [%]
# name 9 = density00: Density [density, kg/m^3]
# name 10 = potemp090C: Potential Temperature [ITS-90, deg C]
# name 11 = sigma-é00: Density [sigma-theta, kg/m^3]
# name 12 = sbeox0Mg/L: Oxygen, SBE 43 [mg/l]
# name 13 = sbox0Mm/Kg: Oxygen, SBE 43 [umol/kg]
# name 14 = oxsolMg/L: Oxygen Saturation, Garcia & Gordon [mg/l]
# name 15 = oxsolMm/Kg: Oxygen Saturation, Garcia & Gordon [umol/kg]
# name 16 = sbeox0PS: Oxygen, SBE 43 [% saturation]
# name 17 = flag:  0.000e+00
# span 0 =   40.10566,   40.10738       
# span 1 =  -72.59558,  -72.59254       
# span 2 =      1.751,     51.950       
# span 3 =      1.738,     51.545       
# span 4 =     8.1878,    23.5123       
# span 5 =    31.2304,    33.0051       
# span 6 =      7.944,      8.204       
# span 7 =     0.0282,     1.7474       
# span 8 = 5.0640e-11, 9.9999e+04       
# span 9 =  1020.9536,  1025.8949       
# span 10 =     8.1845,    23.5118      
# span 11 =    20.9379,    25.6586      
# span 12 =     7.4209,    10.6775      
# span 13 =    226.105,    325.596      
# span 14 =    7.09795,    9.51934      
# span 15 =  217.26181,  290.05150      
# span 16 =     78.227,    123.535      
# span 17 = 0.0000e+00, 0.0000e+00      
# interval = seconds: 0.0416667
# start_time = Jul 29 2022 01:10:47 [System UTC, first data scan.]
# bad_flag = -9.990e-29
*END*
[from data line 4905]
   40.10626  -72.59448     51.592     51.190     8.3310    33.0037 -9.990e-29     0.0551 5.0640e-11  1025.8937     8.3258    25.6584     7.4328    226.468    9.48455  288.98179     78.368 -9.990e-29
   40.10626  -72.59448     51.581     51.179     8.3313    33.0037 -9.990e-29     0.0551 5.0640e-11  1025.8933     8.3262    25.6583     7.4323    226.451    9.48454  288.98146     78.362 -9.990e-29
   40.10626  -72.59448     51.571     51.169     8.3313    33.0035 -9.990e-29     0.0551 5.0640e-11  1025.8928     8.3262    25.6580     7.4318    226.436    9.48460  288.98341     78.356 -9.990e-29
   40.10626  -72.59448     51.550     51.149     8.3310    33.0032 -9.990e-29     0.0416 5.0640e-11  1025.8927     8.3258    25.6578     7.4383    226.634    9.48454  288.98133     78.425 -9.990e-29
   40.10626  -72.59448     51.530     51.128     8.3310    33.0031 -9.990e-29     0.0551 5.0640e-11  1025.8925     8.3258    25.6577     7.4386    226.643    9.48458  288.98270     78.428 -9.990e-29
   40.10626  -72.59448     51.520     51.118     8.3310    33.0031 -9.990e-29     0.0416 5.0640e-11  1025.8923     8.3258    25.6577     7.4388    226.649    9.48452  288.98078     78.431 -9.990e-29
   40.10626  -72.59448     51.510     51.109     8.3308    33.0031 -9.990e-29     0.0551 5.0640e-11  1025.8925     8.3257    25.6577     7.4320    226.444    9.48457  288.98224     78.359 -9.990e-29
   40.10626  -72.59448     51.490     51.088     8.3307    33.0030 -9.990e-29     0.0416 5.0640e-11  1025.8922     8.3255    25.6576     7.4386    226.644    9.48455  288.98162     78.428 -9.990e-29
   40.10626  -72.59448     51.479     51.077     8.3305    33.0029 -9.990e-29     0.0416 5.0640e-11  1025.8920     8.3254    25.6576     7.4389    226.653    9.48457  288.98224     78.431 -9.990e-29
   40.10626  -72.59448     51.459     51.058     8.3303    33.0029 -9.990e-29     0.0551 5.0640e-11  1025.8920     8.3252    25.6576     7.4321    226.446    9.48452  288.98064     78.360 -9.990e-29
   40.10630  -72.59444     51.459     51.058     8.3302    33.0029 -9.990e-29     0.0416 5.0640e-11  1025.8921     8.3251    25.6576     7.4386    226.645    9.48443  288.97815     78.430 -9.990e-29
   40.10630  -72.59444     51.428     51.027     8.3303    33.0029 -9.990e-29     0.0416 5.0640e-11  1025.8919     8.3252    25.6577     7.4389    226.655    9.48443  288.97807     78.433 -9.990e-29
   40.10630  -72.59444     51.428     51.027     8.3301    33.0029 -9.990e-29     0.0551 5.0640e-11  1025.8920     8.3250    25.6577     7.4393    226.664    9.48443  288.97788     78.437 -9.990e-29
   40.10630  -72.59444     51.397     50.997     8.3303    33.0029 -9.990e-29     0.0416 5.0640e-11  1025.8918     8.3252    25.6576     7.4396    226.674    9.48442  288.97781     78.440 -9.990e-29
   40.10630  -72.59444     51.388     50.987     8.3301    33.0029 -9.990e-29     0.0551 5.0640e-11  1025.8917     8.3250    25.6576     7.4399    226.684    9.48441  288.97770     78.443 -9.990e-29
   40.10630  -72.59444     51.367     50.966     8.3303    33.0029 -9.990e-29     0.0551 5.0640e-11  1025.8914     8.3252    25.6577     7.4402    226.694    9.48446  288.97908     78.447 -9.990e-29
   40.10630  -72.59444     51.367     50.966     8.3300    33.0033 -9.990e-29     0.0551 5.0640e-11  1025.8922     8.3249    25.6581     7.4335    226.490    9.48446  288.97916     78.376 -9.990e-29
   40.10630  -72.59444     51.346     50.946     8.3302    33.0033 -9.990e-29     0.0416 5.0640e-11  1025.8923     8.3251    25.6582     7.4402    226.694    9.48453  288.98096     78.446 -9.990e-29
   40.10630  -72.59444     51.325     50.925     8.3305    33.0033 -9.990e-29     0.0416 5.0640e-11  1025.8917     8.3253    25.6580     7.4406    226.704    9.48451  288.98070     78.450 -9.990e-29
   40.10630  -72.59444     51.325     50.925     8.3308    33.0033 -9.990e-29     0.0416 5.0640e-11  1025.8916     8.3257    25.6579     7.4409    226.714    9.48447  288.97924     78.453 -9.990e-29
   40.10630  -72.59444     51.306     50.906     8.3305    33.0032 -9.990e-29     0.0416 5.0640e-11  1025.8917     8.3254    25.6579     7.4412    226.725    9.48448  288.97945     78.457 -9.990e-29
   40.10630  -72.59444     51.295     50.895     8.3305    33.0031 -9.990e-29     0.0282 5.0640e-11  1025.8914     8.3254    25.6578     7.4416    226.736    9.48448  288.97946     78.461 -9.990e-29
   40.10630  -72.59444     51.285     50.886     8.3305    33.0031 -9.990e-29     0.0282 5.0640e-11  1025.8912     8.3254    25.6578     7.4420    226.747    9.48452  288.98063     78.464 -9.990e-29
   40.10630  -72.59444     51.274     50.875     8.3302    33.0031 -9.990e-29     0.0282 5.0640e-11  1025.8915     8.3251    25.6578     7.4423    226.758    9.48454  288.98155     78.468 -9.990e-29
   40.10630  -72.59444     51.265     50.865     8.3303    33.0031 -9.990e-29     0.0282 5.0640e-11  1025.8912     8.3252    25.6578     7.4427    226.769    9.48453  288.98108     78.472 -9.990e-29
   40.10630  -72.59444     51.265     50.865     8.3303    33.0031 -9.990e-29     0.0416 5.0640e-11  1025.8914     8.3252    25.6578     7.4422    226.755    9.48449  288.98011     78.467 -9.990e-29
   40.10630  -72.59444     51.255     50.855     8.3305    33.0031 -9.990e-29     0.0282 5.0640e-11  1025.8913     8.3254    25.6578     7.4426    226.765    9.48451  288.98051     78.471 -9.990e-29
   40.10630  -72.59444     51.234     50.835     8.3305    33.0032 -9.990e-29     0.0282 5.0640e-11  1025.8912     8.3254    25.6579     7.4357    226.557    9.48442  288.97760     78.400 -9.990e-29
   40.10630  -72.59444     51.234     50.835     8.3305    33.0033 -9.990e-29     0.0282 5.0640e-11  1025.8914     8.3254    25.6580     7.4416    226.736    9.48445  288.97850     78.461 -9.990e-29
   40.10630  -72.59444     51.234     50.835     8.3307    33.0034 -9.990e-29     0.0282 5.0640e-11  1025.8915     8.3255    25.6580     7.4420    226.748    9.48451  288.98032     78.465 -9.990e-29
   40.10630  -72.59444     51.223     50.824     8.3307    33.0034 -9.990e-29     0.0282 5.0640e-11  1025.8913     8.3255    25.6580     7.4423    226.758    9.48453  288.98122     78.468 -9.990e-29
   40.10630  -72.59444     51.223     50.824     8.3307    33.0034 -9.990e-29     0.0282 5.0640e-11  1025.8913     8.3255    25.6580     7.4427    226.768    9.48454  288.98130     78.471 -9.990e-29
   40.10630  -72.59444     51.214     50.814     8.3303    33.0034 -9.990e-29     0.0416 5.0640e-11  1025.8915     8.3252    25.6580     7.4430    226.779    9.48460  288.98339     78.475 -9.990e-29
   40.10630  -72.59444     51.214     50.814     8.3303    33.0033 -9.990e-29     0.0416 5.0640e-11  1025.8913     8.3252    25.6580     7.4433    226.789    9.48459  288.98305     78.478 -9.990e-29
   40.10630  -72.59444     51.214     50.814     8.3303    33.0033 -9.990e-29     0.0282 5.0640e-11  1025.8912     8.3252    25.6580     7.4437    226.799    9.48460  288.98312     78.482 -9.990e-29
   40.10630  -72.59444     51.193     50.794     8.3303    33.0033 -9.990e-29     0.0416 5.0640e-11  1025.8912     8.3252    25.6580     7.4439    226.807    9.48454  288.98131     78.485 -9.990e-29
   40.10630  -72.59444     51.204     50.805     8.3303    33.0032 -9.990e-29     0.0282 5.0640e-11  1025.8912     8.3252    25.6580     7.4365    226.580    9.48462  288.98368     78.406 -9.990e-29
   40.10630  -72.59444     51.204     50.805     8.3302    33.0031 -9.990e-29     0.0282 5.0640e-11  1025.8911     8.3251    25.6579     7.4431    226.781    9.48463  288.98410     78.475 -9.990e-29
   40.10630  -72.59444     51.208     50.809     8.3300    33.0030 -9.990e-29     0.0282 5.0640e-11  1025.8910     8.3249    25.6579     7.4434    226.791    9.48463  288.98424     78.479 -9.990e-29
   40.10630  -72.59444     51.193     50.794     8.3299    33.0030 -9.990e-29     0.0282 5.0640e-11  1025.8910     8.3248    25.6579     7.4437    226.801    9.48462  288.98383     78.482 -9.990e-29
   40.10630  -72.59444     51.204     50.805     8.3300    33.0030 -9.990e-29     0.0282 5.0640e-11  1025.8911     8.3249    25.6578     7.4370    226.596    9.48464  288.98439     78.411 -9.990e-29
   40.10630  -72.59444     51.193     50.794     8.3302    33.0030 -9.990e-29     0.0282 5.0640e-11  1025.8908     8.3251    25.6577     7.4366    226.584    9.48466  288.98514     78.407 -9.990e-29
   40.10630  -72.59444     51.204     50.805     8.3303    33.0030 -9.990e-29     0.0416 5.0640e-11  1025.8908     8.3252    25.6577     7.4362    226.572    9.48464  288.98454     78.403 -9.990e-29
   40.10630  -72.59444     51.204     50.805     8.3302    33.0030 -9.990e-29     0.0282 5.0640e-11  1025.8912     8.3251    25.6578     7.4429    226.776    9.48465  288.98473     78.473 -9.990e-29
   40.10630  -72.59444     51.214     50.814     8.3301    33.0030 -9.990e-29     0.0416 5.0640e-11  1025.8910     8.3250    25.6578     7.4426    226.766    9.48468  288.98564     78.469 -9.990e-29
   40.10630  -72.59444     51.204     50.805     8.3302    33.0030 -9.990e-29     0.0416 5.0640e-11  1025.8910     8.3251    25.6578     7.4422    226.753    9.48467  288.98529     78.465 -9.990e-29
   40.10630  -72.59444     51.204     50.805     8.3301    33.0030 -9.990e-29     0.0551 5.0640e-11  1025.8911     8.3250    25.6578     7.4425    226.763    9.48466  288.98510     78.469 -9.990e-29
   40.10630  -72.59444     51.214     50.814     8.3302    33.0030 -9.990e-29     0.0551 5.0640e-11  1025.8909     8.3251    25.6578     7.4358    226.559    9.48467  288.98543     78.398 -9.990e-29
   40.10630  -72.59444     51.214     50.814     8.3300    33.0030 -9.990e-29     0.0551 5.0640e-11  1025.8912     8.3249    25.6578     7.4424    226.761    9.48462  288.98391     78.469 -9.990e-29
   40.10630  -72.59444     51.223     50.824     8.3301    33.0029 -9.990e-29     0.0416 5.0640e-11  1025.8910     8.3250    25.6577     7.4421    226.750    9.48466  288.98516     78.464 -9.990e-29
   40.10630  -72.59444     51.223     50.824     8.3299    33.0029 -9.990e-29     0.0416 5.0640e-11  1025.8910     8.3248    25.6577     7.4346    226.521    9.48464  288.98454     78.385 -9.990e-29
   40.10630  -72.59444     51.234     50.835     8.3301    33.0029 -9.990e-29     0.0416 5.0640e-11  1025.8911     8.3250    25.6577     7.4405    226.701    9.48468  288.98573     78.447 -9.990e-29
   40.10630  -72.59444     51.223     50.824     8.3299    33.0028 -9.990e-29     0.0416 5.0640e-11  1025.8912     8.3248    25.6577     7.4407    226.709    9.48463  288.98426     78.450 -9.990e-29
   40.10630  -72.59444     51.244     50.844     8.3303    33.0028 -9.990e-29     0.0551 5.0640e-11  1025.8908     8.3252    25.6576     7.4411    226.719    9.48464  288.98442     78.454 -9.990e-29
   40.10630  -72.59444     51.244     50.844     8.3300    33.0028 -9.990e-29     0.0551 5.0640e-11  1025.8911     8.3249    25.6576     7.4343    226.514    9.48463  288.98413     78.383 -9.990e-29
   40.10630  -72.59444     51.244     50.844     8.3301    33.0028 -9.990e-29     0.0551 5.0640e-11  1025.8910     8.3250    25.6576     7.4331    226.476    9.48459  288.98301     78.370 -9.990e-29
   40.10630  -72.59444     51.244     50.844     8.3300    33.0029 -9.990e-29     0.0551 5.0640e-11  1025.8911     8.3249    25.6577     7.4398    226.680    9.48463  288.98428     78.440 -9.990e-29
   40.10630  -72.59444     51.255     50.855     8.3301    33.0031 -9.990e-29     0.0416 5.0640e-11  1025.8914     8.3250    25.6579     7.4331    226.475    9.48463  288.98400     78.369 -9.990e-29
   40.10626  -72.59448     51.265     50.865     8.3305    33.0032 -9.990e-29     0.0416 5.0640e-11  1025.8914     8.3254    25.6580     7.4319    226.439    9.48460  288.98323     78.357 -9.990e-29
   40.10626  -72.59448     51.265     50.865     8.3305    33.0032 -9.990e-29     0.0416 5.0640e-11  1025.8916     8.3254    25.6580     7.4315    226.428    9.48462  288.98386     78.353 -9.990e-29
   40.10626  -72.59448     51.274     50.875     8.3305    33.0032 -9.990e-29     0.0416 5.0640e-11  1025.8916     8.3254    25.6579     7.4311    226.417    9.48459  288.98297     78.350 -9.990e-29
   40.10626  -72.59448     51.274     50.875     8.3307    33.0030 -9.990e-29     0.0551 5.0640e-11  1025.8913     8.3255    25.6577     7.4309    226.408    9.48463  288.98415     78.346 -9.990e-29
   40.10626  -72.59448     51.295     50.895     8.3308    33.0029 -9.990e-29     0.0551 5.0640e-11  1025.8909     8.3257    25.6576     7.4305    226.399    9.48459  288.98283     78.343 -9.990e-29
   40.10626  -72.59448     51.285     50.886     8.3305    33.0029 -9.990e-29     0.0416 5.0640e-11  1025.8913     8.3254    25.6576     7.4303    226.392    9.48461  288.98347     78.341 -9.990e-29
   40.10626  -72.59448     51.295     50.895     8.3305    33.0029 -9.990e-29     0.0416 5.0640e-11  1025.8912     8.3254    25.6577     7.4300    226.384    9.48456  288.98207     78.338 -9.990e-29
   40.10626  -72.59448     51.295     50.895     8.3301    33.0029 -9.990e-29     0.0551 5.0640e-11  1025.8915     8.3250    25.6577     7.4361    226.569    9.48457  288.98244     78.403 -9.990e-29
   40.10626  -72.59448     51.306     50.906     8.3303    33.0029 -9.990e-29     0.0416 5.0640e-11  1025.8912     8.3252    25.6577     7.4296    226.371    9.48457  288.98243     78.334 -9.990e-29
   40.10626  -72.59448     51.306     50.906     8.3305    33.0029 -9.990e-29     0.0416 5.0640e-11  1025.8914     8.3254    25.6577     7.4295    226.366    9.48461  288.98362     78.332 -9.990e-29
   40.10626  -72.59448     51.316     50.916     8.3303    33.0031 -9.990e-29     0.0416 5.0640e-11  1025.8917     8.3252    25.6579     7.4364    226.576    9.48461  288.98342     78.405 -9.990e-29
   40.10626  -72.59448     51.325     50.925     8.3303    33.0031 -9.990e-29     0.0551 5.0640e-11  1025.8917     8.3252    25.6579     7.4299    226.380    9.48462  288.98390     78.337 -9.990e-29
   40.10626  -72.59448     51.316     50.916     8.3302    33.0031 -9.990e-29     0.0685 5.0640e-11  1025.8916     8.3251    25.6578     7.4298    226.377    9.48462  288.98391     78.335 -9.990e-29
   40.10626  -72.59448     51.325     50.925     8.3301    33.0029 -9.990e-29     0.0685 5.0640e-11  1025.8914     8.3250    25.6577     7.4297    226.372    9.48454  288.98142     78.334 -9.990e-29
   40.10626  -72.59448     51.336     50.936     8.3302    33.0029 -9.990e-29     0.0685 5.0640e-11  1025.8915     8.3251    25.6576     7.4296    226.370    9.48454  288.98134     78.334 -9.990e-29
   40.10626  -72.59448     51.336     50.936     8.3305    33.0029 -9.990e-29     0.0685 5.0640e-11  1025.8912     8.3253    25.6576     7.4296    226.370    9.48455  288.98163     78.334 -9.990e-29
   40.10626  -72.59448     51.336     50.936     8.3302    33.0029 -9.990e-29     0.0551 5.0640e-11  1025.8917     8.3251    25.6577     7.4366    226.584    9.48451  288.98053     78.408 -9.990e-29
   40.10626  -72.59448     51.346     50.946     8.3307    33.0031 -9.990e-29     0.0551 5.0640e-11  1025.8917     8.3255    25.6578     7.4303    226.392    9.48453  288.98102     78.342 -9.990e-29
   40.10626  -72.59448     51.346     50.946     8.3305    33.0031 -9.990e-29     0.0685 5.0640e-11  1025.8917     8.3254    25.6579     7.4296    226.371    9.48458  288.98242     78.334 -9.990e-29
   40.10626  -72.59448     51.357     50.957     8.3301    33.0031 -9.990e-29     0.0551 5.0640e-11  1025.8920     8.3250    25.6579     7.4367    226.585    9.48452  288.98075     78.408 -9.990e-29
   40.10626  -72.59448     51.346     50.946     8.3302    33.0030 -9.990e-29     0.0685 5.0640e-11  1025.8915     8.3251    25.6578     7.4375    226.610    9.48455  288.98166     78.417 -9.990e-29
