CalculateIndicators/WaterTemperature/Data/CTD_NYOS/20220513_C05.cnv
* Sea-Bird SBE 9 Data File:
* FileName = C:\Seabird 9 CTD\Data\2022\202205_offshore\20220513_C05.hex
* Software Version Seasave V 7.23.2
* Temperature SN = 4590
* Conductivity SN = 3228
* Number of Bytes Per Scan = 44
* Number of Voltage Words = 5
* Number of Scans Averaged by the Deck Unit = 1
* NMEA Latitude = 39 42.81 N
* NMEA Longitude = 073 30.30 W
* NMEA UTC (Time) = Sep 27 2002  15:09:03
* NMEA baud rate = 4800
** Ship: seawolf
** Station: 7.3
** Operator: EIH
# nquan = 18
# nvalues = 12345                       
# units = specified
# name 0 = latitude: Latitude [deg]
# name 1 = longitude: Longitude [deg]
# name 2 = prDM: Pressure, Digiquartz [db]
# name 3 = depSM: Depth [salt water, m]
# name 4 = t090C: Temperature [ITS-90, deg C]
# name 5 = sal00: Salinity, Practical [PSU]
# name 6 = ph: pH
# name 7 = flECO-AFL: Fluorescence, WET Labs ECO-AFL/FL [mg/m^3]
# name 8 = cpar: CPAR/Corrected Irradiance [%]
# name 9 = density00: Density [density, kg/m^3]
# name 10 = potemp090C: Potential Temperature [ITS-90, deg C]
# name 11 = sigma-é00: Density [sigma-theta, kg/m^3]
# name 12 = sbeox0Mg/L: Oxygen, SBE 43 [mg/l]
# name 13 = sbox0Mm/Kg: Oxygen, SBE 43 [umol/kg]
# name 14 = oxsolMg/L: Oxygen Saturation, Garcia & Gordon [mg/l]
# name 15 = oxsolMm/Kg: Oxygen Saturation, Garcia & Gordon [umol/kg]
# name 16 = sbeox0PS: Oxygen, SBE 43 [% saturation]
# name 17 = flag:  0.000e+00
# span 0 =   39.71306,   39.71360       
# span 1 =  -73.50690,  -73.50500       
# span 2 =      1.310,     37.913       
# span 3 =      1.300,     37.620       
# span 4 =     9.3203,     9.6969       
# span 5 =    33.0236,    33.0520       
# span 6 =      8.064,      8.091       
# span 7 =     0.2700,     1.3713       
# span 8 = 3.8330e-02, 7.7827e+01       
# span 9 =  1025.4769,  1025.7005       
# span 10 =     9.3169,     9.6963      
# span 11 =    25.4707,    25.5294      
# span 12 =     9.0264,     9.2863      
# span 13 =    275.057,    282.990      
# span 14 =    9.19870,    9.27656      
# span 15 =  280.32101,  282.68947      
# span 16 =     97.323,    100.938      
# span 17 = 0.0000e+00, 0.0000e+00      
# interval = seconds: 0.0416667
# start_time = May 13 2022 15:09:03 [System UTC, first data scan.]
# bad_flag = -9.990e-29
*END*
[from data line 10935]
   39.71312  -73.50662      1.704      1.691     9.6857    33.0495      8.086     0.2834 3.1668e+01  1025.4891     9.6856    25.4812     9.2752    282.652    9.20074  280.38281    100.809 -9.990e-29
   39.71312  -73.50662      1.704      1.691     9.6857    33.0495      8.086     0.2834 3.1668e+01  1025.4889     9.6856    25.4812     9.2803    282.807    9.20078  280.38402    100.864 -9.990e-29
   39.71312  -73.50662      1.684      1.671     9.6856    33.0495      8.086     0.2834 3.1402e+01  1025.4887     9.6854    25.4812     9.2743    282.624    9.20084  280.38582    100.798 -9.990e-29
   39.71312  -73.50662      1.695      1.682     9.6858    33.0495      8.086     0.2834 2.8140e+01  1025.4891     9.6856    25.4811     9.2740    282.616    9.20084  280.38571    100.795 -9.990e-29
   39.71314  -73.50668      1.674      1.661     9.6864    33.0495      8.086     0.2834 2.6527e+01  1025.4882     9.6862    25.4810     9.2737    282.607    9.20083  280.38545    100.792 -9.990e-29
   39.71314  -73.50668      1.674      1.661     9.6862    33.0495      8.086     0.2834 2.6378e+01  1025.4887     9.6860    25.4811     9.2734    282.597    9.20082  280.38519    100.789 -9.990e-29
   39.71314  -73.50668      1.682      1.669     9.6861    33.0496      8.086     0.2834 3.0617e+01  1025.4890     9.6859    25.4812     9.2731    282.588    9.20084  280.38559    100.785 -9.990e-29
   39.71314  -73.50668      1.674      1.661     9.6860    33.0496      8.086     0.2834 3.3784e+01  1025.4886     9.6858    25.4812     9.2727    282.576    9.20083  280.38548    100.781 -9.990e-29
   39.71314  -73.50668      1.604      1.592     9.6859    33.0497      8.086     0.2834 3.4262e+01  1025.4884     9.6857    25.4813     9.2781    282.740    9.20078  280.38377    100.840 -9.990e-29
   39.71314  -73.50668      1.684      1.671     9.6857    33.0497      8.086     0.2834 3.6505e+01  1025.4894     9.6856    25.4813     9.2725    282.570    9.20088  280.38680    100.779 -9.990e-29
   39.71314  -73.50668      1.735      1.721     9.6861    33.0497      8.086     0.2834 3.8726e+01  1025.4888     9.6859    25.4810     9.2720    282.554    9.20083  280.38531    100.774 -9.990e-29
   39.71314  -73.50668      1.664      1.652     9.6857    33.0497      8.086     0.2834 3.9114e+01  1025.4890     9.6856    25.4801     9.2715    282.540    9.20085  280.38617    100.768 -9.990e-29
   39.71314  -73.50668      1.715      1.702     9.6857    33.0496      8.086     0.2834 3.7289e+01  1025.4782     9.6856 -9.990e-29     9.2710    282.523    9.20083  280.38545    100.762 -9.990e-29
   39.71314  -73.50668      1.735      1.721     9.6862    33.0495      8.086     0.2834 3.5151e+01  1025.4782     9.6860 -9.990e-29     9.2762    282.684    9.20085  280.38609    100.819 -9.990e-29
   39.71314  -73.50668      1.755      1.742     9.6864    33.0495      8.086     0.2834 3.4562e+01  1025.4843     9.6862    25.4791     9.2704    282.505    9.20081  280.38491    100.756 -9.990e-29
   39.71314  -73.50668      1.755      1.742     9.6862    33.0495      8.086     0.2968 3.4080e+01  1025.4884     9.6860    25.4797     9.2704    282.506    9.20081  280.38479    100.756 -9.990e-29
   39.71314  -73.50668      1.806      1.792     9.6861    33.0495      8.086     0.2968 3.3042e+01  1025.4895     9.6859    25.4808     9.2697    282.484    9.20074  280.38277    100.749 -9.990e-29
   39.71314  -73.50668      1.806      1.792     9.6859    33.0495      8.086     0.2968 3.2672e+01  1025.4894     9.6857    25.4811     9.2690    282.462    9.20070  280.38140    100.742 -9.990e-29
   39.71314  -73.50668      1.876      1.862     9.6858    33.0495      8.086     0.2968 3.1946e+01  1025.4896     9.6856    25.4811     9.2741    282.620    9.20074  280.38276    100.798 -9.990e-29
   39.71314  -73.50668      1.876      1.862     9.6861    33.0496      8.086     0.2968 2.9693e+01  1025.4894     9.6859    25.4811     9.2681    282.436    9.20067  280.38056    100.733 -9.990e-29
   39.71314  -73.50668      1.947      1.933     9.6857    33.0495      8.086     0.2968 2.8951e+01  1025.4901     9.6855    25.4812     9.2674    282.414    9.20073  280.38255    100.724 -9.990e-29
   39.71314  -73.50668      1.968      1.953     9.6856    33.0495      8.086     0.2968 2.8467e+01  1025.4901     9.6854    25.4812     9.2673    282.411    9.20078  280.38411    100.723 -9.990e-29
   39.71314  -73.50668      2.028      2.013     9.6854    33.0494      8.086     0.2968 2.5944e+01  1025.4905     9.6852    25.4811     9.2672    282.407    9.20078  280.38384    100.721 -9.990e-29
   39.71314  -73.50668      2.059      2.043     9.6856    33.0491      8.086     0.2968 2.4873e+01  1025.4901     9.6853    25.4810     9.2670    282.403    9.20079  280.38434    100.720 -9.990e-29
   39.71314  -73.50668      2.089      2.073     9.6851    33.0491      8.086     0.2968 2.4594e+01  1025.4903     9.6848    25.4809     9.2669    282.399    9.20080  280.38467    100.718 -9.990e-29
   39.71314  -73.50668      2.119      2.103     9.6847    33.0491      8.086     0.2968 2.1855e+01  1025.4906     9.6844    25.4810     9.2668    282.397    9.20084  280.38578    100.717 -9.990e-29
   39.71314  -73.50668      2.170      2.153     9.6846    33.0492      8.086     0.2968 2.0486e+01  1025.4908     9.6843    25.4811     9.2667    282.393    9.20081  280.38505    100.716 -9.990e-29
   39.71314  -73.50668      2.180      2.163     9.6844    33.0494      8.086     0.2968 2.0371e+01  1025.4914     9.6842    25.4813     9.2667    282.392    9.20081  280.38474    100.716 -9.990e-29
   39.71312  -73.50664      2.200      2.183     9.6846    33.0494      8.086     0.2968 2.0926e+01  1025.4912     9.6843    25.4814     9.2662    282.377    9.20083  280.38534    100.710 -9.990e-29
   39.71312  -73.50664      2.230      2.213     9.6847    33.0494      8.086     0.2968 2.1342e+01  1025.4916     9.6844    25.4813     9.2661    282.373    9.20083  280.38549    100.709 -9.990e-29
   39.71312  -73.50664      2.241      2.224     9.6852    33.0495      8.086     0.2968 2.1402e+01  1025.4913     9.6850    25.4812     9.2602    282.195    9.20085  280.38622    100.645 -9.990e-29
   39.71312  -73.50664      2.281      2.264     9.6849    33.0495      8.086     0.2968 2.1766e+01  1025.4916     9.6846    25.4812     9.2654    282.354    9.20090  280.38763    100.701 -9.990e-29
   39.71312  -73.50664      2.291      2.273     9.6850    33.0495      8.086     0.2968 2.2074e+01  1025.4916     9.6847    25.4813     9.2653    282.350    9.20089  280.38716    100.700 -9.990e-29
   39.71312  -73.50664      2.302      2.284     9.6849    33.0496      8.086     0.2968 2.2136e+01  1025.4920     9.6846    25.4815     9.2650    282.341    9.20085  280.38608    100.697 -9.990e-29
   39.71312  -73.50664      2.302      2.284     9.6849    33.0497      8.086     0.2968 2.1950e+01  1025.4921     9.6846    25.4815     9.2648    282.335    9.20085  280.38615    100.695 -9.990e-29
   39.71312  -73.50664      2.322      2.305     9.6857    33.0497      8.086     0.2968 2.1766e+01  1025.4914     9.6855    25.4814     9.2648    282.336    9.20087  280.38662    100.695 -9.990e-29
   39.71312  -73.50664      2.332      2.314     9.6855    33.0497      8.086     0.2968 2.1766e+01  1025.4923     9.6852    25.4814     9.2648    282.334    9.20088  280.38702    100.694 -9.990e-29
   39.71312  -73.50664      2.353      2.335     9.6859    33.0496      8.086     0.2968 2.1644e+01  1025.4922     9.6856    25.4814     9.2645    282.326    9.20085  280.38617    100.692 -9.990e-29
   39.71312  -73.50664      2.372      2.354     9.6862    33.0496      8.086     0.2968 2.1644e+01  1025.4918     9.6859    25.4812     9.2585    282.143    9.20085  280.38593    100.627 -9.990e-29
   39.71312  -73.50664      2.393      2.374     9.6862    33.0494      8.086     0.3103 2.1583e+01  1025.4918     9.6859    25.4810     9.2644    282.321    9.20087  280.38668    100.690 -9.990e-29
   39.71312  -73.50664      2.423      2.404     9.6864    33.0493      8.086     0.3237 2.1522e+01  1025.4918     9.6862    25.4809     9.2643    282.320    9.20083  280.38549    100.690 -9.990e-29
   39.71312  -73.50664      2.423      2.404     9.6866    33.0493      8.086     0.3237 2.1342e+01  1025.4918     9.6863    25.4809     9.2642    282.317    9.20083  280.38531    100.689 -9.990e-29
   39.71312  -73.50664      2.453      2.434     9.6862    33.0493      8.086     0.3237 2.1282e+01  1025.4921     9.6859    25.4809     9.2640    282.311    9.20075  280.38307    100.687 -9.990e-29
   39.71312  -73.50664      2.454      2.436     9.6861    33.0493      8.086     0.3237 2.1222e+01  1025.4920     9.6858    25.4809     9.2640    282.309    9.20077  280.38391    100.687 -9.990e-29
   39.71312  -73.50664      2.474      2.455     9.6859    33.0493      8.086     0.3237 2.1162e+01  1025.4922     9.6856    25.4809     9.2640    282.310    9.20081  280.38489    100.686 -9.990e-29
   39.71312  -73.50664      2.494      2.475     9.6861    33.0493      8.086     0.3237 2.1103e+01  1025.4921     9.6858    25.4810     9.2638    282.306    9.20075  280.38305    100.686 -9.990e-29
   39.71312  -73.50664      2.504      2.485     9.6857    33.0495      8.086     0.3237 2.1103e+01  1025.4926     9.6855    25.4812     9.2637    282.303    9.20076  280.38347    100.685 -9.990e-29
   39.71312  -73.50664      2.504      2.485     9.6863    33.0495      8.086     0.3237 2.1402e+01  1025.4928     9.6860    25.4813     9.2637    282.302    9.20080  280.38469    100.684 -9.990e-29
   39.71312  -73.50664      2.504      2.485     9.6866    33.0495      8.086     0.3237 2.1583e+01  1025.4925     9.6863    25.4811     9.2636    282.298    9.20077  280.38350    100.683 -9.990e-29
   39.71312  -73.50664      2.524      2.505     9.6866    33.0495      8.086     0.3237 2.1644e+01  1025.4922     9.6863    25.4810     9.2636    282.297    9.20078  280.38382    100.682 -9.990e-29
   39.71312  -73.50664      2.524      2.505     9.6861    33.0495      8.086     0.3237 2.2261e+01  1025.4926     9.6858    25.4811     9.2584    282.140    9.20085  280.38588    100.625 -9.990e-29
   39.71312  -73.50664      2.534      2.515     9.6862    33.0495      8.086     0.3237 2.2704e+01  1025.4925     9.6859    25.4811     9.2576    282.115    9.20075  280.38293    100.618 -9.990e-29
   39.71314  -73.50668      2.545      2.526     9.6862    33.0495      8.086     0.3237 2.2768e+01  1025.4926     9.6859    25.4811     9.2628    282.273    9.20072  280.38195    100.675 -9.990e-29
   39.71314  -73.50668      2.545      2.526     9.6862    33.0495      8.086     0.3237 2.3220e+01  1025.4927     9.6859    25.4811     9.2628    282.275    9.20073  280.38230    100.675 -9.990e-29
   39.71314  -73.50668      2.564      2.545     9.6861    33.0495      8.086     0.3237 2.3682e+01  1025.4929     9.6858    25.4811     9.2628    282.274    9.20068  280.38106    100.675 -9.990e-29
   39.71314  -73.50668      2.555      2.535     9.6864    33.0495      8.086     0.3237 2.3749e+01  1025.4922     9.6861    25.4810     9.2629    282.275    9.20072  280.38220    100.675 -9.990e-29
   39.71314  -73.50668      2.564      2.545     9.6864    33.0496      8.086     0.3237 2.3749e+01  1025.4929     9.6861    25.4812     9.2570    282.098    9.20072  280.38226    100.612 -9.990e-29
   39.71314  -73.50668      2.534      2.515     9.6859    33.0496      8.086     0.3237 2.3682e+01  1025.4929     9.6856    25.4813     9.2629    282.277    9.20068  280.38104    100.676 -9.990e-29
   39.71314  -73.50668      2.545      2.526     9.6861    33.0496      8.086     0.3237 2.3712e+01  1025.4929     9.6858    25.4813     9.2630    282.280    9.20068  280.38089    100.677 -9.990e-29
   39.71314  -73.50668      2.555      2.535     9.6861    33.0496      8.086     0.3237 2.3712e+01  1025.4927     9.6858    25.4812     9.2631    282.282    9.20068  280.38102    100.678 -9.990e-29
   39.71314  -73.50668      2.545      2.526     9.6862    33.0496      8.086     0.3237 2.3712e+01  1025.4926     9.6859    25.4811     9.2630    282.282    9.20061  280.37867    100.679 -9.990e-29
   39.71314  -73.50668      2.535      2.516     9.6861    33.0496      8.086     0.3237 2.3712e+01  1025.4926     9.6858    25.4811     9.2631    282.284    9.20062  280.37928    100.680 -9.990e-29
   39.71314  -73.50668      2.524      2.505     9.6862    33.0496      8.086     0.3237 2.3712e+01  1025.4927     9.6859    25.4811     9.2639    282.308    9.20063  280.37968    100.688 -9.990e-29
   39.71314  -73.50668      2.524      2.505     9.6864    33.0494      8.086     0.3237 2.3845e+01  1025.4923     9.6861    25.4810     9.2640    282.310    9.20061  280.37875    100.689 -9.990e-29
   39.71314  -73.50668      2.513      2.494     9.6867    33.0493      8.086     0.3237 2.3875e+01  1025.4923     9.6864    25.4809     9.2641    282.314    9.20062  280.37931    100.690 -9.990e-29
   39.71314  -73.50668      2.513      2.494     9.6869    33.0493 -9.990e-29     0.3237 2.3943e+01  1025.4922     9.6867    25.4809     9.2643    282.319    9.20068  280.38097    100.691 -9.990e-29
   39.71314  -73.50668      2.504      2.485     9.6867    33.0493 -9.990e-29     0.3237 2.4010e+01  1025.4922     9.6864    25.4809     9.2585    282.144    9.20065  280.38007    100.629 -9.990e-29
   39.71314  -73.50668      2.513      2.494     9.6871    33.0493 -9.990e-29     0.3237 2.4078e+01  1025.4922     9.6868    25.4808     9.2646    282.330    9.20074  280.38279    100.694 -9.990e-29
   39.71314  -73.50668      2.483      2.464     9.6868    33.0493 -9.990e-29     0.3237 2.4145e+01  1025.4921     9.6865    25.4808     9.2647    282.333    9.20070  280.38155    100.696 -9.990e-29
   39.71314  -73.50668      2.483      2.464     9.6866    33.0493 -9.990e-29     0.3237 2.4656e+01  1025.4919     9.6863    25.4808     9.2650    282.340    9.20073  280.38247    100.698 -9.990e-29
   39.71314  -73.50668      2.474      2.455     9.6866    33.0493 -9.990e-29     0.3237 2.5005e+01  1025.4920     9.6863    25.4809     9.2655    282.358    9.20110  280.39518    100.700 -9.990e-29
   39.71314  -73.50668      2.464      2.445     9.6864    33.0493 -9.990e-29     0.3237 2.5005e+01  1025.4922     9.6861    25.4809     9.2658    282.368    9.20125  280.40026    100.702 -9.990e-29
   39.71314  -73.50668      2.453      2.434     9.6864    33.0493 -9.990e-29     0.3237 2.5431e+01  1025.4919     9.6862    25.4809     9.2598    282.184    9.20091  280.38885    100.640 -9.990e-29
   39.71314  -73.50668      2.474      2.455     9.6862    33.0493 -9.990e-29     0.3237 2.5751e+01  1025.4922     9.6859    25.4809     9.2592    282.164    9.20071  280.38174    100.635 -9.990e-29
   39.71314  -73.50668      2.513      2.494     9.6864    33.0493 -9.990e-29     0.3371 2.5751e+01  1025.4922     9.6861    25.4809     9.2588    282.151    9.20071  280.38168    100.631 -9.990e-29
   39.71314  -73.50668      2.615      2.595     9.6864    33.0494 -9.990e-29     0.3237 2.5751e+01  1025.4928     9.6861    25.4810     9.2643    282.320    9.20078  280.38389    100.690 -9.990e-29
   39.71312  -73.50664      2.281      2.264     9.6861    33.0494 -9.990e-29     0.3237 2.5856e+01  1025.4917     9.6859    25.4811     9.2646    282.328    9.20079  280.38405    100.693 -9.990e-29
   39.71312  -73.50664      2.291      2.273     9.6862    33.0495 -9.990e-29     0.3237 2.5856e+01  1025.4915     9.6860    25.4811     9.2649    282.336    9.20081  280.38483    100.696 -9.990e-29
   39.71312  -73.50664      2.372      2.354     9.6862    33.0495 -9.990e-29     0.3237 2.5929e+01  1025.4915     9.6859    25.4810     9.2651    282.343    9.20075  280.38311    100.699 -9.990e-29
   39.71312  -73.50664      2.443      2.425     9.6858    33.0496 -9.990e-29     0.3237 2.6108e+01  1025.4924     9.6855    25.4812     9.2589    282.154    9.20079  280.38410    100.631 -9.990e-29
