CalculateIndicators/WaterTemperature/Data/CTD_NYOS/202200726_C03.cnv
* Sea-Bird SBE 9 Data File:
* FileName = C:\Seabird 9 CTD\Data\2022\202207_offshore\202200726_C03.hex
* Software Version Seasave V 7.23.2
* Temperature SN = 4590
* Conductivity SN = 3228
* Number of Bytes Per Scan = 44
* Number of Voltage Words = 5
* Number of Scans Averaged by the Deck Unit = 1
* NMEA Latitude = 40 30.84 N
* NMEA Longitude = 073 27.06 W
* NMEA UTC (Time) = Dec 10 2002  22:52:38
* NMEA baud rate = 4800
** Ship: seawolf
** Station: 6.1
** Operator: TDK
# nquan = 18
# nvalues = 11123                       
# units = specified
# name 0 = latitude: Latitude [deg]
# name 1 = longitude: Longitude [deg]
# name 2 = prDM: Pressure, Digiquartz [db]
# name 3 = depSM: Depth [salt water, m]
# name 4 = t090C: Temperature [ITS-90, deg C]
# name 5 = sal00: Salinity, Practical [PSU]
# name 6 = ph: pH
# name 7 = flECO-AFL: Fluorescence, WET Labs ECO-AFL/FL [mg/m^3]
# name 8 = cpar: CPAR/Corrected Irradiance [%]
# name 9 = density00: Density [density, kg/m^3]
# name 10 = potemp090C: Potential Temperature [ITS-90, deg C]
# name 11 = sigma-é00: Density [sigma-theta, kg/m^3]
# name 12 = sbeox0Mg/L: Oxygen, SBE 43 [mg/l]
# name 13 = sbox0Mm/Kg: Oxygen, SBE 43 [umol/kg]
# name 14 = oxsolMg/L: Oxygen Saturation, Garcia & Gordon [mg/l]
# name 15 = oxsolMm/Kg: Oxygen Saturation, Garcia & Gordon [umol/kg]
# name 16 = sbeox0PS: Oxygen, SBE 43 [% saturation]
# name 17 = flag:  0.000e+00
# span 0 =   40.51412,   40.51468       
# span 1 =  -73.45106,  -73.44946       
# span 2 =      1.519,     16.966       
# span 3 =      1.507,     16.834       
# span 4 =    13.8277,    23.3322       
# span 5 =    31.3399,    32.3447       
# span 6 =      7.860,      8.140       
# span 7 =     0.5117,     1.5862       
# span 8 = 3.7292e-01, 3.7871e+01       
# span 9 =  1021.1855,  1024.1728       
# span 10 =    13.8255,    23.3316      
# span 11 =    21.1794,    24.1014      
# span 12 =     5.7647,     7.3496      
# span 13 =    176.192,    224.407      
# span 14 =    7.11066,    8.47597      
# span 15 =  217.60159,  258.65889      
# span 16 =     69.700,     99.032      
# span 17 = 0.0000e+00, 0.0000e+00      
# interval = seconds: 0.0416667
# start_time = Jul 26 2022 22:52:39 [System UTC, first data scan.]
# bad_flag = -9.990e-29
*END*
[from data line 8121]
   40.51450  -73.44988      2.279      2.261    23.3077    31.5014      8.140     0.5654 2.3259e+01  1021.2050    23.3072    21.1952     7.0289    215.098    7.11285  217.66664     98.820 -9.990e-29
   40.51450  -73.44988      2.258      2.241    23.3078    31.5014      8.136     0.5520 2.3390e+01  1021.2049    23.3074    21.1952     7.0293    215.110    7.11287  217.66728     98.825 -9.990e-29
   40.51450  -73.44988      2.218      2.201    23.3080    31.5013      8.140     0.5520 2.3722e+01  1021.2047    23.3076    21.1951     7.0297    215.122    7.11288  217.66747     98.830 -9.990e-29
   40.51450  -73.44988      2.217      2.200    23.3082    31.5013      8.140     0.5520 2.3856e+01  1021.2043    23.3078    21.1950     7.0298    215.124    7.11289  217.66788     98.831 -9.990e-29
   40.51450  -73.44988      2.197      2.181    23.3080    31.5013      8.140     0.5654 2.3856e+01  1021.2044    23.3076    21.1950     7.0298    215.126    7.11288  217.66758     98.832 -9.990e-29
   40.51450  -73.44988      2.167      2.151    23.3080    31.5013      8.136     0.5923 2.3990e+01  1021.2043    23.3076    21.1950     7.0299    215.127    7.11290  217.66802     98.833 -9.990e-29
   40.51450  -73.44988      2.147      2.130    23.3085    31.5013      8.136     0.6057 2.4058e+01  1021.2043    23.3081    21.1950     7.0299    215.128    7.11293  217.66914     98.832 -9.990e-29
   40.51450  -73.44988      2.126      2.110    23.3087    31.5013      8.140     0.6192 2.4241e+01  1021.2039    23.3083    21.1948     7.0299    215.127    7.11293  217.66916     98.832 -9.990e-29
   40.51450  -73.44988      2.116      2.100    23.3093    31.5013      8.140     0.6192 2.4310e+01  1021.2035    23.3088    21.1946     7.0298    215.126    7.11294  217.66945     98.831 -9.990e-29
   40.51450  -73.44988      2.105      2.089    23.3093    31.5013      8.136     0.6192 2.4310e+01  1021.2037    23.3088    21.1946     7.0298    215.125    7.11298  217.67061     98.831 -9.990e-29
   40.51450  -73.44988      2.066      2.050    23.3094    31.5013      8.140     0.6057 2.4310e+01  1021.2036    23.3090    21.1946     7.0298    215.124    7.11303  217.67228     98.829 -9.990e-29
   40.51450  -73.44988      2.075      2.059    23.3098    31.5013      8.136     0.6192 2.4447e+01  1021.2035    23.3094    21.1945     7.0297    215.123    7.11311  217.67466     98.828 -9.990e-29
   40.51450  -73.44988      2.056      2.040    23.3102    31.5011      8.140     0.6192 2.4585e+01  1021.2029    23.3097    21.1943     7.0295    215.117    7.11305  217.67253     98.826 -9.990e-29
   40.51450  -73.44988      2.035      2.020    23.3102    31.5010      8.140     0.6192 2.4585e+01  1021.2031    23.3097    21.1941     7.0294    215.111    7.11305  217.67256     98.823 -9.990e-29
   40.51450  -73.44988      2.035      2.020    23.3103    31.5007      8.140     0.6057 2.4864e+01  1021.2029    23.3099    21.1939     7.0292    215.107    7.11307  217.67316     98.821 -9.990e-29
   40.51450  -73.44988      2.015      1.999    23.3103    31.4990      8.136     0.6192 2.5074e+01  1021.2027    23.3099    21.1926     7.0339    215.250    7.11312  217.67487     98.886 -9.990e-29
   40.51450  -73.44988      2.005      1.990    23.3103    31.4990      8.140     0.6192 2.5145e+01  1021.1970    23.3099    21.1910     7.0291    215.104    7.11315  217.67565     98.819 -9.990e-29
   40.51450  -73.44988      2.005      1.990    23.3103    31.4990      8.136     0.6192 2.5863e+01  1021.1996    23.3099    21.1914     7.0289    215.096    7.11315  217.67549     98.815 -9.990e-29
   40.51450  -73.44988      1.985      1.969    23.3105    31.4997      8.140     0.6192 2.6881e+01  1021.2024    23.3101    21.1931     7.0287    215.091    7.11326  217.67937     98.811 -9.990e-29
   40.51450  -73.44988      1.975      1.960    23.3107    31.5010      8.140     0.6192 2.7109e+01  1021.2029    23.3103    21.1940     7.0285    215.085    7.11336  217.68261     98.807 -9.990e-29
   40.51450  -73.44988      1.975      1.960    23.3111    31.5014      8.136     0.6192 2.7494e+01  1021.2028    23.3107    21.1942     7.0280    215.072    7.11326  217.67928     98.802 -9.990e-29
   40.51450  -73.44988      1.965      1.950    23.3112    31.5014      8.140     0.6192 2.8199e+01  1021.2027    23.3108    21.1942     7.0276    215.058    7.11316  217.67593     98.797 -9.990e-29
   40.51450  -73.44988      1.954      1.939    23.3112    31.5014      8.140     0.6192 2.8438e+01  1021.2028    23.3108    21.1942     7.0269    215.037    7.11315  217.67555     98.788 -9.990e-29
   40.51450  -73.44988      1.954      1.939    23.3116    31.5014      8.140     0.6057 2.8599e+01  1021.2024    23.3112    21.1941     7.0265    215.025    7.11316  217.67593     98.782 -9.990e-29
   40.51450  -73.44988      1.945      1.930    23.3116    31.5014      8.140     0.6057 2.8841e+01  1021.2024    23.3112    21.1940     7.0261    215.011    7.11315  217.67548     98.776 -9.990e-29
   40.51450  -73.44988      1.934      1.919    23.3120    31.5014      8.140     0.6192 2.9229e+01  1021.2022    23.3116    21.1940     7.0256    214.997    7.11314  217.67516     98.770 -9.990e-29
   40.51450  -73.44988      1.934      1.919    23.3120    31.5014      8.140     0.6057 2.9311e+01  1021.2023    23.3116    21.1940     7.0252    214.983    7.11315  217.67562     98.763 -9.990e-29
   40.51450  -73.44988      1.934      1.919    23.3120    31.5014      8.140     0.6192 2.9727e+01  1021.2022    23.3116    21.1940     7.0249    214.976    7.11315  217.67561     98.760 -9.990e-29
   40.51450  -73.44988      1.925      1.911    23.3120    31.5013      8.140     0.6192 2.9894e+01  1021.2023    23.3116    21.1939     7.0247    214.970    7.11316  217.67592     98.757 -9.990e-29
   40.51450  -73.44988      1.924      1.909    23.3121    31.5011      8.140     0.5923 2.9810e+01  1021.2018    23.3118    21.1937     7.0245    214.963    7.11318  217.67638     98.753 -9.990e-29
   40.51450  -73.44988      1.924      1.909    23.3118    31.5005      8.140     0.5789 2.9394e+01  1021.2021    23.3114    21.1933     7.0243    214.956    7.11319  217.67666     98.750 -9.990e-29
   40.51450  -73.44988      1.934      1.919    23.3118    31.4995      8.140     0.5789 2.9311e+01  1021.2009    23.3114    21.1925     7.0240    214.947    7.11317  217.67611     98.746 -9.990e-29
   40.51450  -73.44988      1.934      1.919    23.3118    31.4995      8.140     0.5654 2.9147e+01  1021.1988    23.3114    21.1920     7.0240    214.947    7.11317  217.67611     98.746 -9.990e-29
   40.51450  -73.44988      1.945      1.930    23.3120    31.4995      8.140     0.5789 2.7551e+01  1021.2014    23.3116    21.1926     7.0189    214.791    7.11316  217.67567     98.675 -9.990e-29
   40.51450  -73.44988      1.954      1.939    23.3123    31.5005      8.136     0.5789 2.6711e+01  1021.2020    23.3119    21.1932     7.0235    214.931    7.11318  217.67618     98.739 -9.990e-29
   40.51450  -73.44988      1.945      1.930    23.3123    31.5005      8.140     0.5654 2.6561e+01  1021.2018    23.3119    21.1934     7.0186    214.783    7.11314  217.67523     98.671 -9.990e-29
   40.51450  -73.44988      1.964      1.949    23.3127    31.5005      8.136     0.5654 2.5824e+01  1021.2018    23.3123    21.1933     7.0230    214.916    7.11321  217.67734     98.731 -9.990e-29
   40.51450  -73.44988      1.975      1.960    23.3125    31.5003      8.140     0.5789 2.5249e+01  1021.2016    23.3121    21.1930     7.0230    214.916    7.11320  217.67719     98.732 -9.990e-29
   40.51450  -73.44988      1.985      1.969    23.3129    31.4999      8.140     0.5789 2.5303e+01  1021.2008    23.3125    21.1926     7.0230    214.916    7.11316  217.67584     98.732 -9.990e-29
   40.51450  -73.44988      1.985      1.969    23.3130    31.4998      8.140     0.5654 2.5463e+01  1021.2009    23.3126    21.1923     7.0182    214.769    7.11318  217.67634     98.664 -9.990e-29
   40.51450  -73.44988      2.005      1.990    23.3137    31.4998      8.136     0.5789 2.5751e+01  1021.2007    23.3133    21.1923     7.0227    214.908    7.11315  217.67545     98.729 -9.990e-29
   40.51450  -73.44988      2.005      1.990    23.3139    31.4998      8.140     0.5654 2.5824e+01  1021.2008    23.3135    21.1923     7.0227    214.908    7.11312  217.67439     98.729 -9.990e-29
   40.51450  -73.44988      2.005      1.990    23.3137    31.5000      8.140     0.5789 2.6395e+01  1021.2012    23.3133    21.1925     7.0179    214.761    7.11310  217.67387     98.662 -9.990e-29
   40.51450  -73.44988      2.026      2.010    23.3137    31.5001      8.140     0.5789 2.6920e+01  1021.2011    23.3133    21.1925     7.0225    214.901    7.11309  217.67344     98.726 -9.990e-29
   40.51450  -73.44988      2.035      2.020    23.3136    31.5002      8.140     0.5789 2.7072e+01  1021.2014    23.3132    21.1926     7.0226    214.903    7.11312  217.67426     98.727 -9.990e-29
   40.51450  -73.44988      2.045      2.029    23.3134    31.5003      8.140     0.5789 2.6711e+01  1021.2015    23.3130    21.1927     7.0178    214.757    7.11312  217.67434     98.660 -9.990e-29
   40.51450  -73.44988      2.045      2.029    23.3134    31.5004      8.136     0.5789 2.6412e+01  1021.2016    23.3130    21.1928     7.0176    214.751    7.11316  217.67564     98.657 -9.990e-29
   40.51450  -73.44988      2.056      2.040    23.3130    31.5005      8.140     0.5654 2.6338e+01  1021.2018    23.3126    21.1930     7.0222    214.893    7.11317  217.67593     98.722 -9.990e-29
   40.51450  -73.44988      2.067      2.051    23.3132    31.5005      8.140     0.5654 2.6043e+01  1021.2019    23.3128    21.1930     7.0174    214.747    7.11314  217.67519     98.655 -9.990e-29
   40.51450  -73.44988      2.066      2.050    23.3130    31.5005      8.140     0.5654 2.5037e+01  1021.2018    23.3126    21.1930     7.0173    214.742    7.11317  217.67609     98.652 -9.990e-29
   40.51450  -73.44988      2.075      2.059    23.3130    31.5005      8.140     0.5789 2.4756e+01  1021.2019    23.3126    21.1930     7.0171    214.736    7.11317  217.67617     98.649 -9.990e-29
   40.51450  -73.44988      2.075      2.059    23.3129    31.5006      8.140     0.5654 2.4687e+01  1021.2020    23.3124    21.1931     7.0170    214.732    7.11318  217.67649     98.647 -9.990e-29
   40.51450  -73.44988      2.086      2.070    23.3129    31.5007      8.140     0.5789 2.4548e+01  1021.2022    23.3124    21.1933     7.0216    214.874    7.11319  217.67664     98.713 -9.990e-29
   40.51450  -73.44988      2.086      2.070    23.3127    31.5007      8.140     0.5789 2.4410e+01  1021.2024    23.3122    21.1934     7.0217    214.878    7.11319  217.67671     98.714 -9.990e-29
   40.51450  -73.44988      2.077      2.061    23.3125    31.5007      8.140     0.5923 2.4479e+01  1021.2022    23.3121    21.1932     7.0170    214.733    7.11316  217.67568     98.648 -9.990e-29
   40.51450  -73.44988      2.075      2.059    23.3127    31.5004      8.140     0.5923 2.5824e+01  1021.2018    23.3122    21.1931     7.0169    214.730    7.11319  217.67672     98.646 -9.990e-29
   40.51450  -73.44988      2.075      2.059    23.3125    31.5004      8.140     0.5923 2.6636e+01  1021.2020    23.3121    21.1931     7.0167    214.725    7.11319  217.67650     98.644 -9.990e-29
   40.51450  -73.44988      2.075      2.059    23.3121    31.5002      8.140     0.5789 2.6711e+01  1021.2022    23.3117    21.1930     7.0214    214.869    7.11317  217.67615     98.710 -9.990e-29
   40.51450  -73.44986      2.075      2.059    23.3121    31.5002      8.140     0.5923 2.7707e+01  1021.2013    23.3117    21.1927     7.0216    214.874    7.11319  217.67674     98.712 -9.990e-29
   40.51450  -73.44986      2.066      2.050    23.3116    31.5002      8.136     0.5789 2.8498e+01  1021.2013    23.3112    21.1928     7.0170    214.732    7.11320  217.67706     98.647 -9.990e-29
   40.51450  -73.44986      2.066      2.050    23.3116    31.5004      8.140     0.5789 2.8659e+01  1021.2024    23.3112    21.1933     7.0169    214.729    7.11321  217.67714     98.645 -9.990e-29
   40.51450  -73.44986      2.046      2.031    23.3114    31.5009      8.140     0.5789 2.9311e+01  1021.2027    23.3110    21.1937     7.0168    214.726    7.11321  217.67733     98.644 -9.990e-29
   40.51450  -73.44986      2.066      2.050    23.3112    31.5011      8.140     0.5923 2.9979e+01  1021.2028    23.3108    21.1939     7.0167    214.724    7.11324  217.67802     98.643 -9.990e-29
   40.51450  -73.44986      2.045      2.029    23.3109    31.5011      8.136     0.5923 2.9916e+01  1021.2027    23.3105    21.1940     7.0215    214.869    7.11323  217.67787     98.710 -9.990e-29
   40.51450  -73.44986      2.045      2.029    23.3105    31.5011      8.140     0.5923 2.9916e+01  1021.2031    23.3101    21.1941     7.0219    214.884    7.11324  217.67811     98.717 -9.990e-29
   40.51450  -73.44986      2.045      2.029    23.3105    31.5005      8.140     0.5789 3.0000e+01  1021.2031    23.3101    21.1937     7.0222    214.891    7.11326  217.67880     98.719 -9.990e-29
   40.51450  -73.44986      2.035      2.020    23.3105    31.4995      8.140     0.5923 3.0000e+01  1021.2010    23.3101    21.1928     7.0177    214.754    7.11336  217.68207     98.655 -9.990e-29
   40.51450  -73.44986      2.035      2.020    23.3102    31.4995      8.140     0.5789 2.9581e+01  1021.2002    23.3097    21.1923     7.0224    214.900    7.11335  217.68210     98.722 -9.990e-29
   40.51450  -73.44986      2.035      2.020    23.3103    31.4995      8.140     0.5923 2.8841e+01  1021.2015    23.3099    21.1930     7.0177    214.756    7.11326  217.67883     98.657 -9.990e-29
   40.51450  -73.44986      2.035      2.020    23.3103    31.5009      8.136     0.5923 2.8599e+01  1021.2033    23.3099    21.1941     7.0177    214.753    7.11322  217.67747     98.657 -9.990e-29
   40.51450  -73.44986      2.026      2.010    23.3103    31.5015      8.140     0.5789 2.8358e+01  1021.2035    23.3099    21.1946     7.0224    214.898    7.11318  217.67620     98.724 -9.990e-29
   40.51450  -73.44986      2.026      2.010    23.3103    31.5016      8.140     0.5923 2.7416e+01  1021.2033    23.3099    21.1946     7.0178    214.758    7.11317  217.67575     98.659 -9.990e-29
   40.51450  -73.44986      2.015      1.999    23.3105    31.5016      8.140     0.5923 2.7109e+01  1021.2030    23.3101    21.1945     7.0177    214.755    7.11310  217.67386     98.659 -9.990e-29
   40.51450  -73.44986      2.026      2.010    23.3106    31.5016      8.140     0.5923 2.7033e+01  1021.2032    23.3102    21.1946     7.0177    214.754    7.11308  217.67319     98.659 -9.990e-29
   40.51450  -73.44986      2.016      2.001    23.3103    31.5016      8.136     0.5789 2.6731e+01  1021.2034    23.3099    21.1947     7.0176    214.752    7.11302  217.67145     98.659 -9.990e-29
   40.51450  -73.44986      2.005      1.990    23.3103    31.5016      8.136     0.5923 2.6581e+01  1021.2033    23.3099    21.1947     7.0178    214.757    7.11316  217.67626     98.659 -9.990e-29
   40.51450  -73.44986      2.005      1.990    23.3103    31.5017      8.136     0.5923 2.6431e+01  1021.2032    23.3099    21.1946     7.0177    214.755    7.11307  217.67337     98.659 -9.990e-29
   40.51450  -73.44986      2.005      1.990    23.3103    31.5017      8.136     0.5789 2.5196e+01  1021.2029    23.3099    21.1945     7.0176    214.753    7.11298  217.67049     98.660 -9.990e-29
   40.51450  -73.44986      2.005      1.990    23.3102    31.5018      8.136     0.5789 2.4635e+01  1021.2032    23.3097    21.1948     7.0177    214.753    7.11296  217.66958     98.660 -9.990e-29
   40.51450  -73.44986      1.985      1.969    23.3100    31.5022      8.140     0.5789 2.4566e+01  1021.2039    23.3096    21.1951     7.0177    214.754    7.11293  217.66881     98.661 -9.990e-29
