CalculateIndicators/WaterTemperature/Data/CTD_NYOS/20220513_C04.cnv
* Sea-Bird SBE 9 Data File:
* FileName = C:\Seabird 9 CTD\Data\2022\202205_offshore\20220513_C04.hex
* Software Version Seasave V 7.23.2
* Temperature SN = 4590
* Conductivity SN = 3228
* Number of Bytes Per Scan = 44
* Number of Voltage Words = 5
* Number of Scans Averaged by the Deck Unit = 1
* NMEA Latitude = 40 06.53 N
* NMEA Longitude = 073 39.05 W
* NMEA UTC (Time) = Sep 27 2002  11:45:28
* NMEA baud rate = 4800
** Ship: seawolf
** Station: 7.2
** Operator: EIH
# nquan = 18
# nvalues = 12565                       
# units = specified
# name 0 = latitude: Latitude [deg]
# name 1 = longitude: Longitude [deg]
# name 2 = prDM: Pressure, Digiquartz [db]
# name 3 = depSM: Depth [salt water, m]
# name 4 = t090C: Temperature [ITS-90, deg C]
# name 5 = sal00: Salinity, Practical [PSU]
# name 6 = ph: pH
# name 7 = flECO-AFL: Fluorescence, WET Labs ECO-AFL/FL [mg/m^3]
# name 8 = cpar: CPAR/Corrected Irradiance [%]
# name 9 = density00: Density [density, kg/m^3]
# name 10 = potemp090C: Potential Temperature [ITS-90, deg C]
# name 11 = sigma-é00: Density [sigma-theta, kg/m^3]
# name 12 = sbeox0Mg/L: Oxygen, SBE 43 [mg/l]
# name 13 = sbox0Mm/Kg: Oxygen, SBE 43 [umol/kg]
# name 14 = oxsolMg/L: Oxygen Saturation, Garcia & Gordon [mg/l]
# name 15 = oxsolMm/Kg: Oxygen Saturation, Garcia & Gordon [umol/kg]
# name 16 = sbeox0PS: Oxygen, SBE 43 [% saturation]
# name 17 = flag:  0.000e+00
# span 0 =   40.10844,   40.10890       
# span 1 =  -73.65252,  -73.65082       
# span 2 =      1.643,     37.664       
# span 3 =      1.631,     37.372       
# span 4 =     9.3275,     9.6836       
# span 5 =    32.3232,    32.6852       
# span 6 =      8.027,      8.054       
# span 7 =     0.5252,     1.5862       
# span 8 = 2.3553e-13, 3.9218e+01       
# span 9 =  1024.9377,  1025.3995       
# span 10 =     9.3248,     9.6834      
# span 11 =    24.9257,    25.2289      
# span 12 =     8.7849,     9.2456      
# span 13 =    267.809,    281.902      
# span 14 =    9.24273,    9.30695      
# span 15 =  281.81198,  283.72359      
# span 16 =     94.399,    100.008      
# span 17 = 0.0000e+00, 0.0000e+00      
# interval = seconds: 0.0416667
# start_time = May 13 2022 11:45:28 [System UTC, first data scan.]
# bad_flag = -9.990e-29
*END*
[from data line 3860]
   40.10876  -73.65140     36.727     36.442     9.4996    32.6356      8.054     0.6192 2.4229e-13  1025.3566     9.4956    25.1895     8.9850    273.882    9.25960  282.25290     97.034 -9.990e-29
   40.10876  -73.65140     36.747     36.462     9.4998    32.6356      8.050     0.6192 2.4229e-13  1025.3552     9.4958    25.1887     8.9850    273.884    9.25962  282.25364     97.035 -9.990e-29
   40.10876  -73.65140     36.754     36.469     9.4997    32.6342      8.050     0.6192 2.4229e-13  1025.3540     9.4957    25.1876     8.9850    273.883    9.25958  282.25251     97.035 -9.990e-29
   40.10876  -73.65140     36.768     36.483     9.4995    32.6330      8.050     0.6192 2.4229e-13  1025.3532     9.4955    25.1867     8.9850    273.884    9.25956  282.25159     97.035 -9.990e-29
   40.10876  -73.65140     36.778     36.492     9.4993    32.6318      8.050     0.6326 2.4229e-13  1025.3528     9.4954    25.1858     8.9851    273.885    9.25958  282.25217     97.035 -9.990e-29
   40.10876  -73.65140     36.789     36.503     9.4990    32.6305      8.050     0.6595 2.4229e-13  1025.3512     9.4950    25.1847     8.9851    273.884    9.25953  282.25059     97.036 -9.990e-29
   40.10876  -73.65140     36.809     36.524     9.4987    32.6294      8.050     0.6729 2.4229e-13  1025.3504     9.4947    25.1839     8.9851    273.885    9.25953  282.25031     97.036 -9.990e-29
   40.10876  -73.65140     36.809     36.524     9.4985    32.6294      8.050     0.6729 2.4229e-13  1025.3501     9.4945    25.1835     8.9851    273.885    9.25950  282.24952     97.036 -9.990e-29
   40.10876  -73.65140     36.829     36.543     9.4987    32.6294      8.054     0.6729 2.4229e-13  1025.3504     9.4947    25.1837     8.9851    273.886    9.25953  282.25031     97.037 -9.990e-29
   40.10876  -73.65140     36.829     36.543     9.4987    32.6300      8.054     0.6729 2.4229e-13  1025.3513     9.4947    25.1844     8.9852    273.887    9.25952  282.25006     97.037 -9.990e-29
   40.10876  -73.65140     36.859     36.573     9.4987    32.6310      8.050     0.6595 2.4229e-13  1025.3523     9.4947    25.1852     8.9852    273.887    9.25949  282.24912     97.037 -9.990e-29
   40.10876  -73.65140     36.859     36.573     9.4988    32.6318      8.050     0.6595 2.4229e-13  1025.3529     9.4949    25.1858     8.9852    273.889    9.25953  282.25024     97.038 -9.990e-29
   40.10876  -73.65140     36.877     36.591     9.4990    32.6324      8.050     0.6595 2.4229e-13  1025.3534     9.4950    25.1862     8.9852    273.889    9.25949  282.24886     97.038 -9.990e-29
   40.10876  -73.65140     36.891     36.604     9.4993    32.6329      8.050     0.6729 2.4229e-13  1025.3540     9.4953    25.1866     8.9853    273.890    9.25952  282.24958     97.038 -9.990e-29
   40.10876  -73.65140     36.891     36.604     9.4992    32.6330      8.050     0.6729 2.4114e-13  1025.3540     9.4952    25.1867     8.9853    273.890    9.25948  282.24873     97.039 -9.990e-29
   40.10876  -73.65140     36.921     36.634     9.4992    32.6330      8.050     0.6595 2.4114e-13  1025.3539     9.4952    25.1866     8.9853    273.891    9.25946  282.24794     97.039 -9.990e-29
   40.10876  -73.65140     36.921     36.634     9.4993    32.6331      8.050     0.6595 2.4114e-13  1025.3537     9.4954    25.1867     8.9854    273.893    9.25952  282.24951     97.039 -9.990e-29
   40.10876  -73.65140     36.931     36.644     9.4990    32.6334      8.050     0.6595 2.4114e-13  1025.3544     9.4950    25.1870     8.9854    273.895    9.25954  282.25004     97.040 -9.990e-29
   40.10876  -73.65140     36.942     36.655     9.4996    32.6335      8.050     0.6729 2.4114e-13  1025.3551     9.4956    25.1872     8.9854    273.895    9.25951  282.24918     97.040 -9.990e-29
   40.10876  -73.65140     36.961     36.674     9.5005    32.6337      8.050     0.6595 2.4114e-13  1025.3546     9.4965    25.1871     8.9855    273.896    9.25953  282.24930     97.041 -9.990e-29
   40.10876  -73.65140     36.961     36.674     9.5005    32.6337      8.050     0.6595 2.4114e-13  1025.3540     9.4965    25.1869     8.9855    273.896    9.25949  282.24783     97.041 -9.990e-29
   40.10876  -73.65140     36.968     36.681     9.5003    32.6337      8.054     0.6729 2.4114e-13  1025.3545     9.4963    25.1871     8.9856    273.899    9.25955  282.24934     97.042 -9.990e-29
   40.10876  -73.65140     36.993     36.706     9.5006    32.6342      8.050     0.6595 2.4114e-13  1025.3552     9.4966    25.1874     8.9857    273.903    9.25964  282.25190     97.042 -9.990e-29
   40.10876  -73.65144     36.993     36.706     9.5008    32.6345      8.050     0.6729 2.4114e-13  1025.3553     9.4968    25.1876     8.9858    273.905    9.25969  282.25334     97.042 -9.990e-29
   40.10876  -73.65144     37.002     36.715     9.5008    32.6350      8.050     0.6595 2.4114e-13  1025.3551     9.4968    25.1879     8.9859    273.908    9.25975  282.25486     97.043 -9.990e-29
   40.10876  -73.65144     37.012     36.725     9.5013    32.6367      8.054     0.6595 2.4114e-13  1025.3560     9.4973    25.1892     8.9920    274.092    9.25984  282.25744     97.107 -9.990e-29
   40.10876  -73.65144     37.012     36.725     9.5014    32.6404      8.054     0.6595 2.4114e-13  1025.3591     9.4974    25.1920     8.9867    273.932    9.25983  282.25738     97.051 -9.990e-29
   40.10876  -73.65144     37.023     36.736     9.5029    32.6453      8.054     0.6729 2.4114e-13  1025.3639     9.4989    25.1957     8.9868    273.936    9.25993  282.26021     97.051 -9.990e-29
   40.10876  -73.65144     37.023     36.736     9.5054    32.6496      8.050     0.6595 2.4114e-13  1025.3673     9.5014    25.1987     8.9929    274.119    9.26002  282.26292     97.115 -9.990e-29
   40.10876  -73.65144     37.040     36.752     9.5080    32.6521      8.050     0.6863 2.4114e-13  1025.3687     9.5040    25.2003     8.9876    273.960    9.26008  282.26457     97.058 -9.990e-29
   40.10876  -73.65144     37.053     36.766     9.5097    32.6521      8.050     0.7132 2.4114e-13  1025.3692     9.5057    25.2008     8.9876    273.959    9.26006  282.26391     97.058 -9.990e-29
   40.10876  -73.65144     37.042     36.755     9.5100    32.6521      8.054     0.6998 2.4114e-13  1025.3686     9.5060    25.2003     8.9937    274.144    9.26021  282.26772     97.122 -9.990e-29
   40.10876  -73.65144     37.053     36.766     9.5098    32.6509      8.050     0.7132 2.4114e-13  1025.3671     9.5058    25.1990     8.9887    273.992    9.26053  282.27713     97.065 -9.990e-29
   40.10876  -73.65144     37.063     36.775     9.5092    32.6488      8.054     0.6998 2.4114e-13  1025.3654     9.5052    25.1974     8.9949    274.180    9.26083  282.28666     97.128 -9.990e-29
   40.10876  -73.65144     37.063     36.775     9.5097    32.6482      8.054     0.6998 2.4114e-13  1025.3632     9.5057    25.1961     8.9954    274.196    9.26076  282.28450     97.135 -9.990e-29
   40.10876  -73.65144     37.074     36.786     9.5095    32.6482      8.050     0.6998 2.4114e-13  1025.3629     9.5055    25.1959     8.9960    274.215    9.26081  282.28597     97.141 -9.990e-29
   40.10876  -73.65144     37.070     36.782     9.5090    32.6482      8.054     0.6998 2.4114e-13  1025.3649     9.5050    25.1970     8.9966    274.232    9.26084  282.28696     97.147 -9.990e-29
   40.10876  -73.65144     37.074     36.786     9.5092    32.6502      8.050     0.6998 2.4000e-13  1025.3668     9.5052    25.1985     8.9970    274.245    9.26074  282.28367     97.152 -9.990e-29
   40.10876  -73.65144     37.074     36.786     9.5097    32.6518      8.050     0.6998 2.4000e-13  1025.3679     9.5057    25.1997     8.9975    274.259    9.26071  282.28226     97.158 -9.990e-29
   40.10876  -73.65144     37.084     36.796     9.5100    32.6529      8.050     0.6998 2.4000e-13  1025.3687     9.5060    25.2005     8.9982    274.279    9.26093  282.28830     97.163 -9.990e-29
   40.10876  -73.65144     37.084     36.796     9.5104    32.6536      8.050     0.7132 2.4000e-13  1025.3692     9.5064    25.2010     8.9987    274.295    9.26103  282.29121     97.168 -9.990e-29
   40.10876  -73.65144     37.084     36.796     9.5110    32.6541      8.050     0.6998 2.4000e-13  1025.3692     9.5069    25.2013     8.9986    274.293    9.26124  282.29749     97.165 -9.990e-29
   40.10876  -73.65144     37.084     36.796     9.5110    32.6546      8.050     0.6998 2.4000e-13  1025.3697     9.5069    25.2017     8.9991    274.306    9.26130  282.29935     97.168 -9.990e-29
   40.10876  -73.65144     37.093     36.806     9.5109    32.6552      8.054     0.6998 2.4000e-13  1025.3704     9.5069    25.2021     8.9995    274.318    9.26138  282.30152     97.172 -9.990e-29
   40.10876  -73.65144     37.081     36.793     9.5111    32.6557      8.050     0.6998 2.4000e-13  1025.3706     9.5071    25.2025     9.0057    274.508    9.26139  282.30152     97.239 -9.990e-29
   40.10876  -73.65144     37.093     36.806     9.5113    32.6562      8.054     0.6998 2.4000e-13  1025.3709     9.5073    25.2029     9.0007    274.355    9.26140  282.30172     97.185 -9.990e-29
   40.10876  -73.65144     37.093     36.806     9.5112    32.6565      8.050     0.6998 2.4000e-13  1025.3714     9.5072    25.2031     9.0068    274.542    9.26143  282.30246     97.251 -9.990e-29
   40.10876  -73.65146     37.093     36.806     9.5113    32.6565      8.054     0.6998 2.4000e-13  1025.3712     9.5073    25.2032     9.0018    274.390    9.26151  282.30505     97.196 -9.990e-29
   40.10876  -73.65146     37.084     36.796     9.5112    32.6565      8.054     0.6998 2.4000e-13  1025.3714     9.5072    25.2031     9.0020    274.396    9.26159  282.30731     97.198 -9.990e-29
   40.10876  -73.65146     37.093     36.806     9.5113    32.6565      8.050     0.6998 2.4000e-13  1025.3708     9.5073    25.2029     9.0022    274.400    9.26162  282.30836     97.199 -9.990e-29
   40.10876  -73.65146     37.084     36.796     9.5115    32.6565      8.050     0.6998 2.4000e-13  1025.3708     9.5074    25.2030     9.0024    274.407    9.26179  282.31325     97.200 -9.990e-29
   40.10876  -73.65146     37.100     36.812     9.5114    32.6567      8.050     0.6998 2.4000e-13  1025.3715     9.5074    25.2033     9.0025    274.410    9.26184  282.31484     97.200 -9.990e-29
   40.10876  -73.65146     37.093     36.806     9.5111    32.6572      8.050     0.6998 2.4000e-13  1025.3718     9.5071    25.2037     9.0026    274.412    9.26187  282.31564     97.200 -9.990e-29
   40.10876  -73.65146     37.093     36.806     9.5113    32.6577      8.054     0.6595 2.4000e-13  1025.3719     9.5073    25.2040     9.0025    274.411    9.26187  282.31544     97.200 -9.990e-29
   40.10876  -73.65146     37.093     36.806     9.5110    32.6582      8.054     0.6192 2.4000e-13  1025.3727     9.5070    25.2045     9.0026    274.411    9.26192  282.31684     97.200 -9.990e-29
   40.10876  -73.65146     37.093     36.806     9.5111    32.6585      8.050     0.6057 2.4000e-13  1025.3728     9.5071    25.2047     9.0025    274.409    9.26192  282.31683     97.199 -9.990e-29
   40.10876  -73.65146     37.093     36.806     9.5110    32.6586      8.054     0.6057 2.4000e-13  1025.3730     9.5069    25.2048     9.0024    274.407    9.26195  282.31777     97.198 -9.990e-29
   40.10876  -73.65146     37.104     36.816     9.5110    32.6586      8.050     0.6192 2.4000e-13  1025.3729     9.5070    25.2048     9.0023    274.404    9.26197  282.31810     97.197 -9.990e-29
   40.10876  -73.65146     37.093     36.806     9.5111    32.6588      8.054     0.6057 2.4000e-13  1025.3730     9.5071    25.2050     9.0022    274.400    9.26199  282.31890     97.195 -9.990e-29
   40.10876  -73.65146     37.100     36.812     9.5108    32.6591      8.050     0.6192 2.4000e-13  1025.3734     9.5068    25.2052     8.9962    274.216    9.26205  282.32062     97.129 -9.990e-29
   40.10876  -73.65146     37.104     36.816     9.5110    32.6594      8.050     0.6192 2.4000e-13  1025.3733     9.5070    25.2054     9.0012    274.371    9.26206  282.32089     97.184 -9.990e-29
   40.10876  -73.65146     37.104     36.816     9.5106    32.6597      8.050     0.6192 2.4000e-13  1025.3741     9.5066    25.2056     9.0010    274.364    9.26205  282.32077     97.182 -9.990e-29
   40.10876  -73.65146     37.104     36.816     9.5110    32.6599      8.050     0.6192 2.4000e-13  1025.3736     9.5069    25.2057     9.0008    274.357    9.26205  282.32077     97.179 -9.990e-29
   40.10876  -73.65146     37.114     36.826     9.5109    32.6601      8.050     0.6192 2.4000e-13  1025.3742     9.5069    25.2060     9.0005    274.348    9.26204  282.32044     97.176 -9.990e-29
   40.10876  -73.65146     37.114     36.826     9.5105    32.6605      8.054     0.6192 2.4000e-13  1025.3745     9.5065    25.2063     9.0002    274.340    9.26207  282.32117     97.173 -9.990e-29
   40.10876  -73.65146     37.114     36.826     9.5103    32.6609      8.054     0.6057 2.4000e-13  1025.3748     9.5063    25.2067     9.0058    274.510    9.26207  282.32130     97.233 -9.990e-29
   40.10876  -73.65146     37.121     36.833     9.5104    32.6616      8.054     0.6192 2.4000e-13  1025.3750     9.5063    25.2072     9.0061    274.518    9.26207  282.32109     97.236 -9.990e-29
   40.10876  -73.65146     37.125     36.837     9.5098    32.6627      8.050     0.6192 2.4000e-13  1025.3764     9.5058    25.2082     9.0004    274.346    9.26210  282.32196     97.175 -9.990e-29
   40.10876  -73.65146     37.135     36.847     9.5095    32.6641      8.050     0.6192 2.4000e-13  1025.3777     9.5055    25.2093     8.9999    274.331    9.26210  282.32202     97.170 -9.990e-29
   40.10876  -73.65146     37.144     36.856     9.5088    32.6654      8.054     0.6057 2.4000e-13  1025.3789     9.5048    25.2104     8.9995    274.318    9.26214  282.32334     97.164 -9.990e-29
   40.10876  -73.65146     37.144     36.856     9.5082    32.6663      8.054     0.6057 2.4000e-13  1025.3797     9.5042    25.2112     8.9990    274.302    9.26218  282.32464     97.158 -9.990e-29
   40.10876  -73.65146     37.144     36.856     9.5077    32.6671      8.050     0.6192 2.4000e-13  1025.3803     9.5037    25.2119     9.0044    274.466    9.26217  282.32406     97.217 -9.990e-29
   40.10876  -73.65146     37.155     36.867     9.5072    32.6677      8.050     0.6192 2.4000e-13  1025.3810     9.5032    25.2124     8.9984    274.285    9.26212  282.32265     97.153 -9.990e-29
   40.10876  -73.65146     37.172     36.883     9.5067    32.6680      8.050     0.6192 2.4000e-13  1025.3814     9.5027    25.2128     8.9978    274.266    9.26214  282.32304     97.146 -9.990e-29
   40.10876  -73.65146     37.175     36.886     9.5067    32.6682      8.050     0.6192 2.4000e-13  1025.3813     9.5027    25.2130     8.9977    274.264    9.26206  282.32086     97.146 -9.990e-29
   40.10876  -73.65146     37.186     36.897     9.5061    32.6686      8.050     0.6057 2.4000e-13  1025.3820     9.5020    25.2134     9.0030    274.424    9.26210  282.32188     97.203 -9.990e-29
   40.10876  -73.65146     37.195     36.907     9.5056    32.6689      8.054     0.6192 2.4000e-13  1025.3822     9.5015    25.2137     9.0030    274.423    9.26208  282.32144     97.202 -9.990e-29
   40.10876  -73.65146     37.206     36.918     9.5052    32.6694      8.054     0.6192 2.4000e-13  1025.3825     9.5012    25.2142     8.9975    274.258    9.26204  282.32043     97.144 -9.990e-29
   40.10876  -73.65146     37.216     36.927     9.5051    32.6705      8.050     0.6192 2.4000e-13  1025.3832     9.5010    25.2151     9.0027    274.414    9.26203  282.32003     97.200 -9.990e-29
