CalculateIndicators/WaterTemperature/Data/CTD_NYOS/20220202_C03.cnv
* Sea-Bird SBE 9 Data File:
* FileName = C:\Seabird 9 CTD\Data\2022\202202_offshore\20220202_C03.hex
* Software Version Seasave V 7.23.2
* Temperature SN = 4590
* Conductivity SN = 3228
* Number of Bytes Per Scan = 44
* Number of Voltage Words = 5
* Number of Scans Averaged by the Deck Unit = 1
* NMEA Latitude = 40 29.79 N
* NMEA Longitude = 073 47.78 W
* NMEA UTC (Time) = Jun 19 2002  01:42:36
* NMEA baud rate = 4800
** Ship: rv seawolf
** Station: 7.1
** Operator: TCM
# nquan = 18
# nvalues = 9283                                  
# units = specified
# name 0 = latitude: Latitude [deg]
# name 1 = longitude: Longitude [deg]
# name 2 = prDM: Pressure, Digiquartz [db]
# name 3 = depSM: Depth [salt water, m]
# name 4 = t090C: Temperature [ITS-90, deg C]
# name 5 = sal00: Salinity, Practical [PSU]
# name 6 = ph: pH
# name 7 = flECO-AFL: Fluorescence, WET Labs ECO-AFL/FL [mg/m^3]
# name 8 = cpar: CPAR/Corrected Irradiance [%]
# name 9 = density00: Density [density, kg/m^3]
# name 10 = potemp090C: Potential Temperature [ITS-90, deg C]
# name 11 = sigma-é00: Density [sigma-theta, kg/m^3]
# name 12 = sbeox0Mg/L: Oxygen, SBE 43 [mg/l]
# name 13 = sbox0Mm/Kg: Oxygen, SBE 43 [umol/kg]
# name 14 = oxsolMg/L: Oxygen Saturation, Garcia & Gordon [mg/l]
# name 15 = oxsolMm/Kg: Oxygen Saturation, Garcia & Gordon [umol/kg]
# name 16 = sbeox0PS: Oxygen, SBE 43 [% saturation]
# name 17 = flag:  0.000e+00
# span 0 =   40.49622,   40.49662                 
# span 1 =  -73.79706,  -73.79632                 
# span 2 =      0.981,     19.164                 
# span 3 =      0.973,     19.015                 
# span 4 =     4.9829,     5.7416                 
# span 5 =    32.8689,    33.2080                 
# span 6 =      8.333,      8.346                 
# span 7 =     0.2700,     0.5252                 
# span 8 = 5.0640e-11, 9.9999e+04                 
# span 9 =  1025.9983,  1026.2572                 
# span 10 =     4.9824,     5.7402                
# span 11 =    25.9870,    26.1697                
# span 12 =     8.3716,     9.8288                
# span 13 =    254.945,    299.370                
# span 14 =   10.05349,   10.25651                
# span 15 =  306.16866,  312.39739                
# span 16 =     83.260,     95.859                
# span 17 = 0.0000e+00, 0.0000e+00                
# interval = seconds: 0.0416667
# start_time = Feb 02 2022 01:42:37 [System UTC, first data scan.]
# bad_flag = -9.990e-29
*END*
[from data line 2493]
   40.49650  -73.79656     18.170     18.029     5.7259    33.1980      8.338     0.4177 5.0640e-11  1026.2464     5.7244    26.1625     8.3930    255.599   10.05660  306.26072     83.458  0.000e+00
   40.49650  -73.79656     18.159     18.018     5.7258    33.1981      8.338     0.4177 5.0640e-11  1026.2464     5.7243    26.1626     8.3995    255.796   10.05662  306.26119     83.522  0.000e+00
   40.49650  -73.79656     18.168     18.028     5.7260    33.1984      8.338     0.4177 5.0640e-11  1026.2467     5.7246    26.1628     8.3998    255.805   10.05654  306.25874     83.526  0.000e+00
   40.49650  -73.79656     18.179     18.038     5.7261    33.1980      8.338     0.4177 5.0640e-11  1026.2464     5.7246    26.1624     8.4078    256.048   10.05656  306.25946     83.605  0.000e+00
   40.49650  -73.79656     18.179     18.038     5.7261    33.1986      8.338     0.3908 5.0640e-11  1026.2469     5.7246    26.1629     8.4027    255.894   10.05652  306.25804     83.555  0.000e+00
   40.49650  -73.79656     18.179     18.038     5.7264    33.1989      8.338     0.3774 5.0640e-11  1026.2471     5.7249    26.1631     8.3968    255.715   10.05643  306.25534     83.497  0.000e+00
   40.49650  -73.79656     18.178     18.037     5.7265    33.1987      8.338     0.3774 5.0640e-11  1026.2469     5.7251    26.1630     8.3903    255.515   10.05640  306.25422     83.432  0.000e+00
   40.49650  -73.79656     18.179     18.038     5.7268    33.1984      8.338     0.3774 5.0640e-11  1026.2467     5.7254    26.1627     8.3899    255.503   10.05635  306.25279     83.429  0.000e+00
   40.49650  -73.79656     18.189     18.048     5.7269    33.1986      8.338     0.3774 5.0640e-11  1026.2468     5.7254    26.1628     8.3827    255.285   10.05632  306.25209     83.358  0.000e+00
   40.49650  -73.79656     18.200     18.059     5.7270    33.1986      8.338     0.3774 5.0640e-11  1026.2469     5.7255    26.1628     8.3818    255.256   10.05630  306.25146     83.349  0.000e+00
   40.49650  -73.79656     18.208     18.067     5.7270    33.1991      8.338     0.3774 5.0640e-11  1026.2473     5.7256    26.1632     8.3809    255.229   10.05626  306.24997     83.340  0.000e+00
   40.49650  -73.79656     18.200     18.059     5.7274    33.1986      8.338     0.3774 5.0640e-11  1026.2468     5.7259    26.1628     8.3870    255.414   10.05621  306.24860     83.401  0.000e+00
   40.49650  -73.79656     18.221     18.079     5.7273    33.1986      8.338     0.3774 5.0640e-11  1026.2469     5.7259    26.1628     8.3939    255.626   10.05622  306.24902     83.470  0.000e+00
   40.49650  -73.79656     18.210     18.068     5.7274    33.1994      8.338     0.3774 5.0640e-11  1026.2475     5.7259    26.1634     8.3947    255.650   10.05616  306.24687     83.478  0.000e+00
   40.49650  -73.79656     18.239     18.097     5.7275    33.2002      8.338     0.3774 5.0640e-11  1026.2482     5.7260    26.1640     8.3956    255.675   10.05608  306.24437     83.487  0.000e+00
   40.49650  -73.79656     18.240     18.099     5.7277    33.2005      8.338     0.3774 5.0640e-11  1026.2485     5.7262    26.1643     8.3964    255.701   10.05601  306.24215     83.496  0.000e+00
   40.49650  -73.79656     18.251     18.109     5.7280    33.2006      8.338     0.3774 5.0640e-11  1026.2486     5.7265    26.1643     8.3973    255.728   10.05594  306.23993     83.506  0.000e+00
   40.49650  -73.79656     18.251     18.109     5.7283    33.2015      8.338     0.3774 5.0640e-11  1026.2493     5.7269    26.1650     8.4034    255.914   10.05578  306.23501     83.568  0.000e+00
   40.49650  -73.79656     18.270     18.129     5.7284    33.2018      8.338     0.3774 5.0640e-11  1026.2496     5.7270    26.1652     8.4027    255.893   10.05574  306.23361     83.561  0.000e+00
   40.49650  -73.79656     18.280     18.138     5.7283    33.2022      8.338     0.3774 5.0640e-11  1026.2499     5.7269    26.1655     8.3966    255.708   10.05574  306.23346     83.501  0.000e+00
   40.49650  -73.79656     18.281     18.139     5.7288    33.2018      8.338     0.3774 9.9999e+04  1026.2496     5.7274    26.1651     8.3966    255.706   10.05565  306.23092     83.501  0.000e+00
   40.49650  -73.79656     18.302     18.160     5.7286    33.2018      8.338     0.3774 5.0640e-11  1026.2497     5.7271    26.1652     8.3975    255.734   10.05571  306.23261     83.510  0.000e+00
   40.49650  -73.79660     18.321     18.179     5.7285    33.2018      8.338     0.3774 5.0640e-11  1026.2498     5.7270    26.1652     8.3992    255.785   10.05573  306.23343     83.526  0.000e+00
   40.49650  -73.79660     18.321     18.179     5.7286    33.2012      8.338     0.3774 5.0640e-11  1026.2493     5.7271    26.1647     8.4001    255.813   10.05575  306.23406     83.535  0.000e+00
   40.49650  -73.79660     18.332     18.190     5.7285    33.2006      8.338     0.3774 5.0640e-11  1026.2489     5.7270    26.1642     8.4011    255.844   10.05581  306.23613     83.545  0.000e+00
   40.49650  -73.79660     18.351     18.209     5.7281    33.2018      8.338     0.3774 5.0640e-11  1026.2500     5.7266    26.1652     8.4013    255.851   10.05582  306.23616     83.547  0.000e+00
   40.49650  -73.79660     18.362     18.220     5.7288    33.2022      8.338     0.3774 5.0640e-11  1026.2502     5.7274    26.1654     8.3945    255.642   10.05563  306.23006     83.480  0.000e+00
   40.49650  -73.79660     18.371     18.228     5.7290    33.2033      8.338     0.3774 5.0640e-11  1026.2511     5.7275    26.1663     8.3931    255.599   10.05552  306.22650     83.467  0.000e+00
   40.49650  -73.79660     18.402     18.260     5.7294    33.2032      8.338     0.4311 5.0640e-11  1026.2512     5.7279    26.1662     8.3848    255.348   10.05542  306.22360     83.386  0.000e+00
   40.49650  -73.79660     18.393     18.250     5.7293    33.2033      8.338     0.4446 5.0640e-11  1026.2512     5.7278    26.1663     8.3836    255.310   10.05545  306.22430     83.374  0.000e+00
   40.49650  -73.79660     18.423     18.280     5.7291    33.2035      8.338     0.4580 5.0640e-11  1026.2515     5.7276    26.1665     8.3893    255.485   10.05548  306.22529     83.430  0.000e+00
   40.49650  -73.79660     18.423     18.280     5.7293    33.2028      8.338     0.4446 5.0640e-11  1026.2510     5.7278    26.1659     8.3897    255.496   10.05548  306.22545     83.434  0.000e+00
   40.49650  -73.79660     18.442     18.299     5.7289    33.2037      8.338     0.4446 5.0640e-11  1026.2518     5.7275    26.1666     8.3978    255.744   10.05550  306.22587     83.515  0.000e+00
   40.49650  -73.79660     18.453     18.310     5.7291    33.2043      8.338     0.4446 5.0640e-11  1026.2523     5.7276    26.1671     8.3998    255.804   10.05542  306.22319     83.535  0.000e+00
   40.49650  -73.79660     18.483     18.340     5.7296    33.2025      8.338     0.4446 5.0640e-11  1026.2509     5.7281    26.1656     8.3943    255.637   10.05542  306.22384     83.480  0.000e+00
   40.49650  -73.79660     18.483     18.340     5.7284    33.2013      8.338     0.4446 5.0640e-11  1026.2502     5.7270    26.1648     8.3945    255.642   10.05578  306.23480     83.479  0.000e+00
   40.49650  -73.79660     18.494     18.351     5.7281    33.1993      8.338     0.4446 5.0640e-11  1026.2487     5.7267    26.1632     8.3945    255.644   10.05598  306.24147     83.478  0.000e+00
   40.49650  -73.79660     18.514     18.370     5.7273    33.1974      8.338     0.4580 5.0640e-11  1026.2473     5.7258    26.1618     8.3947    255.651   10.05630  306.25173     83.477  0.000e+00
   40.49650  -73.79660     18.525     18.381     5.7263    33.1988      8.338     0.4446 5.0640e-11  1026.2486     5.7248    26.1631     8.4009    255.839   10.05646  306.25621     83.538  0.000e+00
   40.49650  -73.79660     18.545     18.402     5.7265    33.2017      8.338     0.4446 5.0640e-11  1026.2510     5.7250    26.1654     8.3937    255.620   10.05621  306.24775     83.468  0.000e+00
   40.49650  -73.79660     18.555     18.411     5.7279    33.2035      8.338     0.4446 5.0640e-11  1026.2523     5.7264    26.1666     8.3925    255.581   10.05576  306.23394     83.459  0.000e+00
   40.49650  -73.79660     18.565     18.421     5.7286    33.2056      8.338     0.4446 5.0640e-11  1026.2539     5.7272    26.1681     8.3982    255.754   10.05545  306.22380     83.519  0.000e+00
   40.49650  -73.79660     18.584     18.440     5.7296    33.2055      8.338     0.4446 5.0640e-11  1026.2538     5.7281    26.1680     8.3910    255.535   10.05523  306.21723     83.449  0.000e+00
   40.49650  -73.79660     18.595     18.451     5.7297    33.2046      8.338     0.4446 5.0640e-11  1026.2531     5.7283    26.1673     8.3969    255.717   10.05524  306.21787     83.508  0.000e+00
   40.49650  -73.79660     18.606     18.462     5.7297    33.2047      8.338     0.4446 5.0640e-11  1026.2533     5.7283    26.1673     8.4036    255.920   10.05524  306.21772     83.575  0.000e+00
   40.49650  -73.79660     18.616     18.471     5.7297    33.2051      8.338     0.4446 5.0640e-11  1026.2536     5.7283    26.1676     8.4041    255.935   10.05522  306.21694     83.580  0.000e+00
   40.49650  -73.79660     18.646     18.501     5.7299    33.2059      8.338     0.4446 5.0640e-11  1026.2544     5.7284    26.1683     8.4053    255.971   10.05512  306.21388     83.592  0.000e+00
   40.49650  -73.79660     18.635     18.490     5.7304    33.2058      8.338     0.4446 5.0640e-11  1026.2541     5.7289    26.1681     8.3995    255.795   10.05501  306.21045     83.536  0.000e+00
   40.49650  -73.79660     18.666     18.522     5.7306    33.2056      8.338     0.4446 5.0640e-11  1026.2541     5.7291    26.1679     8.4000    255.809   10.05498  306.20977     83.540  0.000e+00
   40.49650  -73.79660     18.687     18.542     5.7302    33.2039      8.338     0.4446 5.0640e-11  1026.2529     5.7287    26.1666     8.4006    255.828   10.05518  306.21606     83.545  0.000e+00
   40.49650  -73.79660     18.687     18.542     5.7299    33.2033      8.338     0.4446 5.0640e-11  1026.2525     5.7285    26.1662     8.4019    255.869   10.05529  306.21955     83.557  0.000e+00
   40.49650  -73.79660     18.706     18.561     5.7297    33.2044      8.338     0.4446 5.0640e-11  1026.2535     5.7283    26.1671     8.4032    255.907   10.05526  306.21847     83.570  0.000e+00
   40.49650  -73.79660     18.717     18.572     5.7304    33.2045      8.338     0.4311 5.0640e-11  1026.2536     5.7289    26.1671     8.3983    255.757   10.05509  306.21324     83.522  0.000e+00
   40.49650  -73.79660     18.727     18.582     5.7304    33.2061      8.338     0.4043 5.0640e-11  1026.2548     5.7289    26.1683     8.3851    255.355   10.05500  306.21016     83.392  0.000e+00
   40.49650  -73.79660     18.748     18.602     5.7306    33.2058      8.338     0.3908 5.0640e-11  1026.2547     5.7291    26.1681     8.3835    255.308   10.05497  306.20939     83.377  0.000e+00
   40.49650  -73.79660     18.748     18.602     5.7307    33.2057      8.338     0.3908 5.0640e-11  1026.2546     5.7292    26.1680     8.3881    255.449   10.05494  306.20851     83.423  0.000e+00
   40.49650  -73.79660     18.768     18.623     5.7310    33.2065      8.338     0.3908 5.0640e-11  1026.2552     5.7295    26.1686     8.3935    255.611   10.05482  306.20473     83.477  0.000e+00
   40.49650  -73.79660     18.788     18.642     5.7315    33.2073      8.338     0.4043 5.0640e-11  1026.2559     5.7300    26.1692     8.3919    255.561   10.05464  306.19896     83.462  0.000e+00
   40.49650  -73.79660     18.788     18.642     5.7320    33.2074      8.338     0.3908 5.0640e-11  1026.2560     5.7305    26.1692     8.3902    255.512   10.05453  306.19554     83.447  0.000e+00
   40.49650  -73.79660     18.797     18.651     5.7317    33.2070      8.338     0.3908 5.0640e-11  1026.2557     5.7302    26.1689     8.3888    255.468   10.05463  306.19857     83.432  0.000e+00
   40.49650  -73.79660     18.808     18.662     5.7318    33.2061      8.338     0.4043 5.0640e-11  1026.2550     5.7303    26.1682     8.3812    255.236   10.05465  306.19961     83.356  0.000e+00
   40.49650  -73.79660     18.819     18.673     5.7313    33.2060      8.338     0.4043 5.0640e-11  1026.2550     5.7298    26.1681     8.3874    255.427   10.05478  306.20343     83.417  0.000e+00
   40.49650  -73.79660     18.819     18.673     5.7309    33.2060      8.338     0.4043 5.0640e-11  1026.2551     5.7294    26.1682     8.3945    255.641   10.05488  306.20653     83.486  0.000e+00
   40.49650  -73.79660     18.838     18.692     5.7313    33.2059      8.338     0.3908 5.0640e-11  1026.2551     5.7298    26.1681     8.4089    256.082   10.05478  306.20345     83.631  0.000e+00
   40.49650  -73.79660     18.850     18.703     5.7313    33.2066      8.338     0.3908 5.0640e-11  1026.2557     5.7298    26.1687     8.4112    256.150   10.05473  306.20188     83.654  0.000e+00
   40.49650  -73.79660     18.848     18.702     5.7313    33.2068      8.338     0.3908 5.0640e-11  1026.2558     5.7298    26.1688     8.3996    255.798   10.05472  306.20156     83.539  0.000e+00
   40.49650  -73.79660     18.859     18.713     5.7313    33.2070      8.338     0.3908 5.0640e-11  1026.2560     5.7298    26.1689     8.3943    255.634   10.05471  306.20110     83.486  0.000e+00
   40.49650  -73.79660     18.880     18.733     5.7312    33.2075      8.338     0.4043 5.0640e-11  1026.2565     5.7297    26.1693     8.3882    255.450   10.05471  306.20105     83.426  0.000e+00
   40.49650  -73.79660     18.869     18.722     5.7312    33.2076      8.338     0.3908 5.0640e-11  1026.2566     5.7297    26.1694     8.3944    255.638   10.05470  306.20072     83.487  0.000e+00
   40.49650  -73.79660     18.889     18.743     5.7312    33.2076      8.338     0.4043 5.0640e-11  1026.2567     5.7297    26.1694     8.3945    255.643   10.05470  306.20074     83.489  0.000e+00
   40.49650  -73.79660     18.889     18.743     5.7317    33.2066      8.338     0.3908 5.0640e-11  1026.2558     5.7302    26.1686     8.3946    255.646   10.05466  306.19962     83.490  0.000e+00
   40.49650  -73.79660     18.899     18.753     5.7313    33.2072      8.338     0.3908 5.0640e-11  1026.2564     5.7298    26.1691     8.3949    255.654   10.05469  306.20051     83.492  0.000e+00
   40.49650  -73.79660     18.889     18.743     5.7318    33.2070      8.338     0.3908 5.0640e-11  1026.2561     5.7303    26.1689     8.3950    255.657   10.05459  306.19764     83.494  0.000e+00
   40.49650  -73.79660     18.920     18.773     5.7318    33.2064      8.338     0.4043 9.9999e+04  1026.2558     5.7303    26.1684     8.3953    255.667   10.05463  306.19894     83.497  0.000e+00
   40.49650  -73.79660     18.920     18.773     5.7315    33.2068      8.338     0.3908 9.9999e+04  1026.2561     5.7300    26.1688     8.3957    255.677   10.05469  306.20045     83.500  0.000e+00
   40.49650  -73.79660     18.950     18.803     5.7320    33.2072      8.338     0.3908 9.9999e+04  1026.2565     5.7305    26.1690     8.3882    255.450   10.05454  306.19580     83.427  0.000e+00
   40.49650  -73.79660     18.950     18.803     5.7322    33.2078      8.338     0.4043 9.9999e+04  1026.2570     5.7307    26.1695     8.3869    255.412   10.05446  306.19335     83.415  0.000e+00
   40.49650  -73.79660     18.940     18.793     5.7323    33.2076      8.338     0.4311 9.9999e+04  1026.2568     5.7308    26.1693     8.3850    255.351   10.05444  306.19278     83.396  0.000e+00
   40.49650  -73.79660     18.960     18.813     5.7318    33.2080      8.338     0.4311 9.9999e+04  1026.2572     5.7303    26.1697     8.3900    255.504   10.05453  306.19534     83.445  0.000e+00
