CalculateIndicators/WaterTemperature/Data/CTD_NYOS/202200730_C26.cnv
* Sea-Bird SBE 9 Data File:
* FileName = C:\Seabird 9 CTD\Data\2022\202207_offshore\202200730_C26.hex
* Software Version Seasave V 7.23.2
* Temperature SN = 4590
* Conductivity SN = 3228
* Number of Bytes Per Scan = 44
* Number of Voltage Words = 5
* Number of Scans Averaged by the Deck Unit = 1
* NMEA Latitude = 40 51.70 N
* NMEA Longitude = 072 12.07 W
* NMEA UTC (Time) = Dec 14 2002  09:09:39
* NMEA baud rate = 4800
** Ship: seawolf
** Station: 2.1
** Operator: TDK
# nquan = 18
# nvalues = 10868                       
# units = specified
# name 0 = latitude: Latitude [deg]
# name 1 = longitude: Longitude [deg]
# name 2 = prDM: Pressure, Digiquartz [db]
# name 3 = depSM: Depth [salt water, m]
# name 4 = t090C: Temperature [ITS-90, deg C]
# name 5 = sal00: Salinity, Practical [PSU]
# name 6 = ph: pH
# name 7 = flECO-AFL: Fluorescence, WET Labs ECO-AFL/FL [mg/m^3]
# name 8 = cpar: CPAR/Corrected Irradiance [%]
# name 9 = density00: Density [density, kg/m^3]
# name 10 = potemp090C: Potential Temperature [ITS-90, deg C]
# name 11 = sigma-é00: Density [sigma-theta, kg/m^3]
# name 12 = sbeox0Mg/L: Oxygen, SBE 43 [mg/l]
# name 13 = sbox0Mm/Kg: Oxygen, SBE 43 [umol/kg]
# name 14 = oxsolMg/L: Oxygen Saturation, Garcia & Gordon [mg/l]
# name 15 = oxsolMm/Kg: Oxygen Saturation, Garcia & Gordon [umol/kg]
# name 16 = sbeox0PS: Oxygen, SBE 43 [% saturation]
# name 17 = flag:  0.000e+00
# span 0 =   40.86132,   40.86178       
# span 1 =  -72.20266,  -72.20114       
# span 2 =      1.560,     27.075       
# span 3 =      1.548,     26.864       
# span 4 =    12.6540,    20.8141       
# span 5 =    31.0889,    32.7645       
# span 6 =      8.013,      8.118       
# span 7 =     0.4043,     1.1295       
# span 8 = 5.0640e-11, 9.9999e+04       
# span 9 =  1021.5809,  1024.8425       
# span 10 =    12.6505,    20.8137      
# span 11 =    21.5719,    24.7218      
# span 12 =     5.1861,     8.5098      
# span 13 =    158.629,    259.813      
# span 14 =    7.44818,    8.65264      
# span 15 =  227.81339,  263.87674      
# span 16 =     69.606,    109.745      
# span 17 = 0.0000e+00, 0.0000e+00      
# interval = seconds: 0.0416667
# start_time = Jul 30 2022 09:09:37 [System UTC, first data scan.]
# bad_flag = -9.990e-29
*END*
[from data line 6191]
   40.86148  -72.20198     15.081     14.964    18.0688    32.1532      8.092     0.6192 5.0640e-11  1023.1415    18.0663    23.0768     8.1608    249.267    7.80900  238.52006    104.506 -9.990e-29
   40.86148  -72.20198     15.071     14.954    18.0664    32.1532 -9.990e-29     0.6192 5.0640e-11  1023.1430    18.0638    23.0773     8.1606    249.258    7.80878  238.51340    104.505 -9.990e-29
   40.86148  -72.20198     15.062     14.944    18.0636    32.1532      8.092     0.6192 5.0640e-11  1023.1444    18.0610    23.0782     8.1602    249.247    7.80847  238.50387    104.505 -9.990e-29
   40.86148  -72.20198     15.049     14.932    18.0622    32.1532      8.092     0.6192 5.0640e-11  1023.1444    18.0597    23.0789     8.1599    249.239    7.80823  238.49696    104.504 -9.990e-29
   40.86148  -72.20198     15.041     14.924    18.0591    32.1532      8.092     0.6192 5.0640e-11  1023.1454    18.0565    23.0795     8.1601    249.245    7.80836  238.50086    104.505 -9.990e-29
   40.86148  -72.20198     15.022     14.905    18.0574    32.1532 -9.990e-29     0.6192 5.0640e-11  1023.1460    18.0548    23.0795     8.1602    249.248    7.80845  238.50290    104.505 -9.990e-29
   40.86148  -72.20198     15.022     14.905    18.0591    32.1523      8.092     0.6192 5.0640e-11  1023.1440    18.0565    23.0788     8.1600    249.241    7.80817  238.49441    104.506 -9.990e-29
   40.86148  -72.20198     15.009     14.893    18.0596    32.1523      8.092     0.6192 5.0640e-11  1023.1433    18.0571    23.0783     8.1599    249.237    7.80798  238.48895    104.507 -9.990e-29
   40.86148  -72.20198     15.001     14.884    18.0587    32.1523 -9.990e-29     0.6192 5.0640e-11  1023.1441    18.0562    23.0787     8.1541    249.063    7.80769  238.48103    104.437 -9.990e-29
   40.86148  -72.20198     14.990     14.873    18.0588    32.1529      8.096     0.6192 5.0640e-11  1023.1447    18.0563    23.0794     8.1587    249.205    7.80721  238.46754    104.503 -9.990e-29
   40.86148  -72.20198     14.979     14.863    18.0563    32.1532      8.092     0.6192 5.0640e-11  1023.1460    18.0538    23.0802     8.1535    249.045    7.80724  238.46871    104.435 -9.990e-29
   40.86148  -72.20198     14.971     14.854    18.0546    32.1532      8.092     0.6192 5.0640e-11  1023.1461    18.0521    23.0807     8.1534    249.043    7.80775  238.48394    104.428 -9.990e-29
   40.86148  -72.20198     14.971     14.854    18.0525    32.1532      8.092     0.6192 5.0640e-11  1023.1468    18.0500    23.0807     8.1560    249.117    7.81011  238.55284    104.429 -9.990e-29
   40.86148  -72.20198     14.949     14.832    18.0530    32.1532      8.092     0.6192 5.0640e-11  1023.1458    18.0505    23.0800     8.1560    249.117    7.81026  238.55669    104.427 -9.990e-29
   40.86148  -72.20198     14.950     14.834    18.0561    32.1532      8.096     0.6192 5.0640e-11  1023.1423    18.0536    23.0798     8.1540    249.059    7.80868  238.51001    104.423 -9.990e-29
   40.86148  -72.20198     14.940     14.824    18.0497    32.1542      8.092     0.6192 5.0640e-11  1023.1473    18.0472    23.0824     8.1534    249.039    7.80818  238.49515    104.421 -9.990e-29
   40.86148  -72.20198     14.938     14.822    18.0440    32.1573      8.092     0.6192 5.0640e-11  1023.1526    18.0415    23.0861     8.1534    249.040    7.80865  238.50898    104.416 -9.990e-29
   40.86148  -72.20198     14.920     14.804    18.0417    32.1573      8.096     0.6192 5.0640e-11  1023.1552    18.0392    23.0877     8.1546    249.076    7.81010  238.55201    104.411 -9.990e-29
   40.86148  -72.20198     14.929     14.813    18.0445    32.1573      8.092     0.6192 5.0640e-11  1023.1527    18.0420    23.0856     8.1553    249.096    7.81109  238.58131    104.407 -9.990e-29
   40.86148  -72.20198     14.918     14.802    18.0525    32.1525      8.092     0.6192 5.0640e-11  1023.1453    18.0500    23.0806     8.1554    249.097    7.81149  238.59297    104.402 -9.990e-29
   40.86148  -72.20200     14.909     14.793    18.0580    32.1475      8.092     0.6192 5.0640e-11  1023.1399    18.0555    23.0754     8.1556    249.102    7.81201  238.60828    104.398 -9.990e-29
   40.86148  -72.20200     14.909     14.793    18.0625    32.1475      8.092     0.6460 5.0640e-11  1023.1355    18.0600    23.0718     8.1553    249.093    7.81212  238.61090    104.393 -9.990e-29
   40.86148  -72.20200     14.898     14.782    18.0664    32.1475      8.096     0.6595 5.0640e-11  1023.1327    18.0639    23.0719     8.1487    248.890    7.81138  238.58854    104.318 -9.990e-29
   40.86148  -72.20200     14.909     14.793    18.0563    32.1493      8.092     0.6595 5.0640e-11  1023.1414    18.0538    23.0776     8.1518    248.988    7.81005  238.54863    104.376 -9.990e-29
   40.86148  -72.20200     14.898     14.782    18.0419    32.1566      8.092     0.6595 5.0640e-11  1023.1525    18.0394    23.0858     8.1439    248.748    7.80817  238.49289    104.300 -9.990e-29
   40.86148  -72.20200     14.890     14.774    18.0329    32.1622      8.092     0.6595 5.0640e-11  1023.1586    18.0304    23.0924     8.1463    248.824    7.80577  238.42259    104.363 -9.990e-29
   40.86148  -72.20200     14.899     14.783    18.0253    32.1656      8.092     0.6595 5.0640e-11  1023.1625    18.0228    23.0968     8.1454    248.798    7.80524  238.40693    104.358 -9.990e-29
   40.86148  -72.20200     14.887     14.771    18.0196    32.1679      8.092     0.6595 5.0640e-11  1023.1649    18.0171    23.1002     8.1401    248.635    7.80555  238.41590    104.286 -9.990e-29
   40.86148  -72.20200     14.899     14.783    18.0132    32.1685      8.097     0.6595 5.0640e-11  1023.1689    18.0107    23.1032     8.1453    248.793    7.80587  238.42433    104.349 -9.990e-29
   40.86148  -72.20200     14.890     14.774    18.0078    32.1685      8.097     0.6595 5.0640e-11  1023.1724    18.0053    23.1043     8.1438    248.746    7.80470  238.38911    104.345 -9.990e-29
   40.86148  -72.20200     14.887     14.771    18.0137    32.1685      8.092     0.6595 5.0640e-11  1023.1673    18.0112    23.1019     8.1354    248.491    7.80224  238.31555    104.270 -9.990e-29
   40.86148  -72.20200     14.899     14.783    18.0213    32.1685      8.092     0.6595 5.0640e-11  1023.1610    18.0188    23.0995     8.1331    248.423    7.80073  238.27046    104.261 -9.990e-29
   40.86148  -72.20200     14.899     14.783    18.0154    32.1685      8.097     0.6595 5.0640e-11  1023.1649    18.0129    23.1008     8.1405    248.645    7.80284  238.33219    104.327 -9.990e-29
   40.86148  -72.20200     14.898     14.782    18.0065    32.1695      8.092     0.6595 5.0640e-11  1023.1700    18.0040    23.1046     8.1449    248.776    7.80644  238.43773    104.336 -9.990e-29
   40.86148  -72.20200     14.899     14.783    17.9987    32.1722      8.092     0.6595 5.0640e-11  1023.1735    17.9962    23.1087     8.1459    248.804    7.80698  238.45363    104.341 -9.990e-29
   40.86148  -72.20200     14.909     14.793    17.9883    32.1753      8.092     0.6595 5.0640e-11  1023.1779    17.9858    23.1135     8.1465    248.821    7.80717  238.45786    104.346 -9.990e-29
   40.86148  -72.20200     14.907     14.792    17.9748    32.1785      8.092     0.6595 5.0640e-11  1023.1855    17.9723    23.1181     8.1442    248.751    7.80480  238.38582    104.348 -9.990e-29
   40.86148  -72.20200     14.920     14.804    17.9722    32.1789      8.092     0.6595 5.0640e-11  1023.1868    17.9697    23.1204     8.1344    248.462    7.79592  238.12478    104.341 -9.990e-29
   40.86148  -72.20200     14.920     14.804    17.9733    32.1796      8.092     0.6595 5.0640e-11  1023.1864    17.9708    23.1200     8.1263    248.224    7.78851  237.90649    104.337 -9.990e-29
   40.86148  -72.20200     14.918     14.802    17.9807    32.1799      8.097     0.6595 5.0640e-11  1023.1823    17.9782    23.1187     8.1210    248.069    7.78352  237.75929    104.336 -9.990e-29
   40.86148  -72.20200     14.940     14.824    17.9802    32.1799      8.092     0.6595 5.0640e-11  1023.1825    17.9777    23.1195     8.1179    247.977    7.78072  237.67629    104.334 -9.990e-29
   40.86148  -72.20200     14.929     14.813    17.9691    32.1819      8.092     0.6595 5.0640e-11  1023.1893    17.9666    23.1225     8.1156    247.910    7.77829  237.60521    104.337 -9.990e-29
   40.86148  -72.20200     14.938     14.822    17.9661    32.1838      8.092     0.6595 5.0640e-11  1023.1908    17.9636    23.1246     8.1135    247.849    7.77634  237.54859    104.336 -9.990e-29
   40.86148  -72.20200     14.950     14.834    17.9691    32.1844      8.097     0.6595 5.0640e-11  1023.1909    17.9666    23.1247     8.1135    247.849    7.77616  237.54421    104.338 -9.990e-29
   40.86148  -72.20198     14.960     14.843    17.9764    32.1844      8.092     0.6595 5.0640e-11  1023.1883    17.9739    23.1241     8.1167    247.945    7.77845  237.61196    104.349 -9.990e-29
   40.86148  -72.20198     14.958     14.842    17.9728    32.1847      8.097     0.6460 5.0640e-11  1023.1893    17.9703    23.1244     8.1228    248.126    7.78322  237.75145    104.363 -9.990e-29
   40.86148  -72.20198     14.971     14.854    17.9691    32.1847      8.092     0.6460 5.0640e-11  1023.1921    17.9666    23.1247     8.1262    248.224    7.78588  237.82914    104.371 -9.990e-29
   40.86148  -72.20198     14.971     14.854    17.9777    32.1847      8.097     0.6460 5.0640e-11  1023.1889    17.9752    23.1233     8.1261    248.221    7.78519  237.80899    104.378 -9.990e-29
   40.86148  -72.20198     14.979     14.863    17.9846    32.1840      8.092     0.6460 5.0640e-11  1023.1860    17.9821    23.1214     8.1300    248.346    7.78337  237.75629    104.454 -9.990e-29
   40.86148  -72.20198     14.990     14.873    17.9861    32.1835      8.092     0.6460 5.0640e-11  1023.1856    17.9836    23.1203     8.1314    248.388    7.78398  237.77456    104.464 -9.990e-29
   40.86148  -72.20198     15.001     14.884    17.9881    32.1834      8.092     0.6460 5.0640e-11  1023.1855    17.9856    23.1197     8.1361    248.527    7.78741  237.87508    104.478 -9.990e-29
   40.86148  -72.20198     15.000     14.883    17.9902    32.1834      8.092     0.6460 5.0640e-11  1023.1839    17.9877    23.1191     8.1377    248.575    7.78818  237.89902    104.487 -9.990e-29
   40.86148  -72.20198     15.022     14.905    17.9893    32.1834      8.092     0.6460 5.0640e-11  1023.1843    17.9868    23.1194     8.1392    248.622    7.78893  237.92148    104.498 -9.990e-29
   40.86148  -72.20198     15.011     14.894    17.9878    32.1834      8.092     0.6460 5.0640e-11  1023.1869    17.9852    23.1204     8.1411    248.678    7.78994  237.95113    104.508 -9.990e-29
   40.86148  -72.20198     15.030     14.913    17.9894    32.1834      8.092     0.6460 5.0640e-11  1023.1871    17.9869    23.1205     8.1426    248.723    7.79063  237.97169    104.518 -9.990e-29
   40.86148  -72.20198     15.041     14.924    17.9912    32.1833      8.092     0.6460 5.0640e-11  1023.1854    17.9887    23.1187     8.1434    248.747    7.79070  237.97399    104.527 -9.990e-29
   40.86148  -72.20198     15.041     14.924    17.9945    32.1799      8.092     0.6460 5.0640e-11  1023.1814    17.9920    23.1154     8.1493    248.930    7.79057  237.97068    104.605 -9.990e-29
   40.86148  -72.20198     15.049     14.932    17.9995    32.1781      8.092     0.6460 5.0640e-11  1023.1760    17.9970    23.1122     8.1493    248.930    7.79000  237.95423    104.613 -9.990e-29
   40.86148  -72.20198     15.062     14.944    17.9994    32.1781      8.092     0.6460 5.0640e-11  1023.1759    17.9968    23.1114     8.1500    248.951    7.78966  237.94481    104.625 -9.990e-29
   40.86148  -72.20198     15.071     14.954    17.9960    32.1781      8.092     0.6460 5.0640e-11  1023.1765    17.9935    23.1148     8.1546    249.095    7.78849  237.91145    104.701 -9.990e-29
   40.86148  -72.20198     15.071     14.954    17.9762    32.1835      8.092     0.6460 5.0640e-11  1023.1908    17.9737    23.1212     8.1484    248.909    7.78702  237.86925    104.641 -9.990e-29
   40.86148  -72.20198     15.081     14.964    17.9743    32.1847      8.092     0.6460 5.0640e-11  1023.1937    17.9717    23.1241     8.1485    248.911    7.78661  237.85777    104.647 -9.990e-29
   40.86148  -72.20198     15.092     14.974    17.9865    32.1855      8.092     0.6460 5.0640e-11  1023.1867    17.9840    23.1223     8.1549    249.106    7.78700  237.86905    104.724 -9.990e-29
   40.86148  -72.20198     15.103     14.985    17.9902    32.1860      8.092     0.6460 5.0640e-11  1023.1852    17.9877    23.1210     8.1510    248.989    7.78766  237.88818    104.666 -9.990e-29
   40.86148  -72.20198     15.111     14.994    17.9865    32.1860      8.092     0.6460 5.0640e-11  1023.1875    17.9839    23.1227     8.1576    249.188    7.78828  237.90671    104.742 -9.990e-29
   40.86148  -72.20198     15.112     14.995    17.9756    32.1886      8.092     0.6460 5.0640e-11  1023.1928    17.9731    23.1264     8.1596    249.250    7.78938  237.93921    104.753 -9.990e-29
   40.86148  -72.20198     15.122     15.004    17.9680    32.1914      8.092     0.6460 5.0640e-11  1023.1969    17.9655    23.1302     8.1633    249.358    7.79191  238.01250    104.767 -9.990e-29
   40.86148  -72.20198     15.130     15.013    17.9648    32.1939      8.092     0.6460 5.0640e-11  1023.1992    17.9622    23.1333     8.1674    249.476    7.79478  238.09503    104.780 -9.990e-29
   40.86148  -72.20198     15.133     15.015    17.9602    32.1964      8.097     0.6460 5.0640e-11  1023.2027    17.9577    23.1360     8.1741    249.679    7.79531  238.11061    104.859 -9.990e-29
   40.86148  -72.20198     15.143     15.025    17.9587    32.1968      8.092     0.6595 5.0640e-11  1023.2051    17.9562    23.1376     8.1692    249.532    7.79501  238.10178    104.800 -9.990e-29
   40.86148  -72.20198     15.151     15.033    17.9634    32.1968      8.092     0.6863 5.0640e-11  1023.2046    17.9608    23.1368     8.1754    249.720    7.79521  238.10774    104.877 -9.990e-29
   40.86148  -72.20198     15.163     15.045    17.9729    32.1968      8.092     0.6863 5.0640e-11  1023.2010    17.9704    23.1331     8.1697    249.548    7.79466  238.09197    104.812 -9.990e-29
   40.86148  -72.20198     15.163     15.045    17.9871    32.1918      8.092     0.6863 5.0640e-11  1023.1939    17.9845    23.1261     8.1753    249.719    7.79447  238.08682    104.886 -9.990e-29
   40.86148  -72.20198     15.172     15.054    18.0066    32.1859      8.092     0.6863 5.0640e-11  1023.1810    18.0041    23.1185     8.1761    249.744    7.79491  238.09999    104.890 -9.990e-29
   40.86148  -72.20198     15.173     15.055    18.0108    32.1859      8.092     0.6863 5.0640e-11  1023.1787    18.0082    23.1150     8.1769    249.768    7.79508  238.10500    104.898 -9.990e-29
   40.86148  -72.20198     15.184     15.066    18.0076    32.1859      8.092     0.6863 5.0640e-11  1023.1818    18.0051    23.1160     8.1783    249.809    7.79578  238.12495    104.907 -9.990e-29
   40.86148  -72.20198     15.194     15.075    18.0040    32.1868      8.092     0.6863 5.0640e-11  1023.1865    18.0015    23.1178     8.1796    249.847    7.79680  238.15450    104.909 -9.990e-29
   40.86148  -72.20198     15.192     15.074    18.0115    32.1875      8.092     0.6863 5.0640e-11  1023.1854    18.0090    23.1167     8.1806    249.878    7.79733  238.17029    104.916 -9.990e-29
   40.86148  -72.20198     15.203     15.085    18.0296    32.1881      8.092     0.6863 5.0640e-11  1023.1775    18.0271    23.1131     8.1810    249.889    7.79734  238.17115    104.920 -9.990e-29
   40.86148  -72.20198     15.203     15.085    18.0404    32.1881      8.092     0.6863 5.0640e-11  1023.1735    18.0378    23.1133     8.1808    249.885    7.79733  238.17195    104.918 -9.990e-29
