CalculateIndicators/WaterTemperature/Data/CTD_NYOS/202200728_C16.cnv
* Sea-Bird SBE 9 Data File:
* FileName = C:\Seabird 9 CTD\Data\2022\202207_offshore\202200728_C16.hex
* Software Version Seasave V 7.23.2
* Temperature SN = 4590
* Conductivity SN = 3228
* Number of Bytes Per Scan = 44
* Number of Voltage Words = 5
* Number of Scans Averaged by the Deck Unit = 1
* NMEA Latitude = 40 23.38 N
* NMEA Longitude = 072 42.75 W
* NMEA UTC (Time) = Dec 12 2002  21:52:29
* NMEA baud rate = 4800
** Ship: seawolf
** Station: 4.2
** Operator: TCM
# nquan = 18
# nvalues = 13629                       
# units = specified
# name 0 = latitude: Latitude [deg]
# name 1 = longitude: Longitude [deg]
# name 2 = prDM: Pressure, Digiquartz [db]
# name 3 = depSM: Depth [salt water, m]
# name 4 = t090C: Temperature [ITS-90, deg C]
# name 5 = sal00: Salinity, Practical [PSU]
# name 6 = ph: pH
# name 7 = flECO-AFL: Fluorescence, WET Labs ECO-AFL/FL [mg/m^3]
# name 8 = cpar: CPAR/Corrected Irradiance [%]
# name 9 = density00: Density [density, kg/m^3]
# name 10 = potemp090C: Potential Temperature [ITS-90, deg C]
# name 11 = sigma-é00: Density [sigma-theta, kg/m^3]
# name 12 = sbeox0Mg/L: Oxygen, SBE 43 [mg/l]
# name 13 = sbox0Mm/Kg: Oxygen, SBE 43 [umol/kg]
# name 14 = oxsolMg/L: Oxygen Saturation, Garcia & Gordon [mg/l]
# name 15 = oxsolMm/Kg: Oxygen Saturation, Garcia & Gordon [umol/kg]
# name 16 = sbeox0PS: Oxygen, SBE 43 [% saturation]
# name 17 = flag:  0.000e+00
# span 0 =   40.38972,   40.39096       
# span 1 =  -72.71270,  -72.71250       
# span 2 =      0.468,     46.312       
# span 3 =      0.465,     45.950       
# span 4 =     8.3259,    23.5841       
# span 5 =     3.4826,    32.9132       
# span 6 =      7.911,      8.243       
# span 7 =    -0.0121,     2.7950       
# span 8 = 6.3304e-03, 1.4005e+02       
# span 9 =   999.9141,  1025.7666       
# span 10 =     8.3215,    23.5840      
# span 11 =     0.0310,    25.5579      
# span 12 =     7.1725,    10.4108      
# span 13 =    218.560,    317.713      
# span 14 =    7.07023,    9.49351      
# span 15 =  216.33296,  289.28378      
# span 16 =     75.553,    126.150      
# span 17 = 0.0000e+00, 0.0000e+00      
# interval = seconds: 0.0416667
# start_time = Jul 28 2022 21:52:28 [System UTC, first data scan.]
# bad_flag = -9.990e-29
*END*
[from data line 3779]
   40.39008  -72.71266     45.720     45.363     8.3269    32.8712 -9.990e-29     0.0282 8.3604e-03  1025.7632     8.3223    25.5548     7.1900    219.093    9.49336  289.27935     75.737 -9.990e-29
   40.39008  -72.71266     45.720     45.363     8.3269    32.8712 -9.990e-29     0.0416 8.1394e-03  1025.7632     8.3223    25.5548     7.1909    219.120    9.49335  289.27891     75.747 -9.990e-29
   40.39008  -72.71266     45.750     45.393     8.3271    32.8712 -9.990e-29     0.0416 7.9516e-03  1025.7630     8.3225    25.5548     7.1911    219.125    9.49337  289.27946     75.748 -9.990e-29
   40.39008  -72.71266     45.761     45.404     8.3266    32.8712 -9.990e-29     0.0551 7.9398e-03  1025.7636     8.3220    25.5548     7.1912    219.128    9.49332  289.27805     75.750 -9.990e-29
   40.39008  -72.71266     45.782     45.424     8.3269    32.8711 -9.990e-29     0.0551 8.0847e-03  1025.7633     8.3223    25.5547     7.1913    219.132    9.49331  289.27776     75.752 -9.990e-29
   40.39008  -72.71266     45.801     45.443     8.3269    32.8711 -9.990e-29     0.0551 8.2636e-03  1025.7631     8.3223    25.5546     7.1915    219.137    9.49333  289.27830     75.753 -9.990e-29
   40.39008  -72.71266     45.812     45.454     8.3267    32.8711 -9.990e-29     0.0416 8.3379e-03  1025.7634     8.3222    25.5547     7.1916    219.141    9.49331  289.27780     75.755 -9.990e-29
   40.39008  -72.71266     45.833     45.475     8.3271    32.8712 -9.990e-29     0.0551 8.3272e-03  1025.7636     8.3225    25.5548     7.1918    219.146    9.49335  289.27897     75.756 -9.990e-29
   40.39008  -72.71270     45.863     45.505     8.3267    32.8712 -9.990e-29     0.0551 8.2418e-03  1025.7638     8.3222    25.5548     7.1849    218.936    9.49335  289.27882     75.683 -9.990e-29
   40.39008  -72.71270     45.873     45.515     8.3269    32.8713 -9.990e-29     0.0416 8.2630e-03  1025.7638     8.3223    25.5549     7.1843    218.918    9.49333  289.27825     75.677 -9.990e-29
   40.39008  -72.71270     45.893     45.535     8.3267    32.8713 -9.990e-29     0.0551 8.2844e-03  1025.7641     8.3222    25.5549     7.1908    219.115    9.49333  289.27836     75.746 -9.990e-29
   40.39008  -72.71270     45.924     45.565     8.3267    32.8713 -9.990e-29     0.0551 8.2844e-03  1025.7641     8.3222    25.5549     7.1910    219.121    9.49329  289.27717     75.748 -9.990e-29
   40.39008  -72.71270     45.933     45.575     8.3267    32.8712 -9.990e-29     0.0416 8.3596e-03  1025.7642     8.3222    25.5548     7.1904    219.104    9.49331  289.27758     75.742 -9.990e-29
   40.39008  -72.71270     45.965     45.606     8.3269    32.8712 -9.990e-29     0.0416 8.3058e-03  1025.7641     8.3223    25.5548     7.1905    219.108    9.49329  289.27714     75.743 -9.990e-29
   40.39008  -72.71270     45.986     45.627     8.3271    32.8712 -9.990e-29     0.0551 7.9864e-03  1025.7643     8.3225    25.5549     7.1907    219.114    9.49330  289.27718     75.745 -9.990e-29
   40.39008  -72.71270     46.005     45.646     8.3269    32.8712 -9.990e-29     0.0551 7.8288e-03  1025.7646     8.3223    25.5549     7.1909    219.120    9.49332  289.27800     75.747 -9.990e-29
   40.39008  -72.71270     46.026     45.667     8.3267    32.8712 -9.990e-29     0.0551 7.8288e-03  1025.7645     8.3222    25.5548     7.1911    219.125    9.49331  289.27765     75.749 -9.990e-29
   40.39008  -72.71270     46.056     45.697     8.3269    32.8712 -9.990e-29     0.0416 7.9864e-03  1025.7644     8.3223    25.5547     7.1912    219.129    9.49328  289.27665     75.751 -9.990e-29
   40.39008  -72.71270     46.056     45.697     8.3269    32.8712 -9.990e-29     0.0416 8.0393e-03  1025.7646     8.3223    25.5547     7.1914    219.135    9.49329  289.27719     75.753 -9.990e-29
   40.39008  -72.71270     46.098     45.738     8.3267    32.8714 -9.990e-29     0.0416 8.0185e-03  1025.7651     8.3222    25.5550     7.1916    219.141    9.49333  289.27823     75.754 -9.990e-29
   40.39008  -72.71270     46.107     45.747     8.3267    32.8714 -9.990e-29     0.0416 8.2844e-03  1025.7652     8.3222    25.5551     7.1918    219.146    9.49332  289.27800     75.756 -9.990e-29
   40.39008  -72.71270     46.118     45.758     8.3267    32.8714 -9.990e-29     0.0551 8.4239e-03  1025.7653     8.3222    25.5550     7.1920    219.152    9.49333  289.27833     75.758 -9.990e-29
   40.39008  -72.71270     46.149     45.788     8.3269    32.8713 -9.990e-29     0.0416 8.4023e-03  1025.7651     8.3223    25.5549     7.1929    219.181    9.49332  289.27790     75.768 -9.990e-29
   40.39008  -72.71270     46.158     45.798     8.3269    32.8711 -9.990e-29     0.0551 8.0093e-03  1025.7651     8.3223    25.5548     7.1931    219.187    9.49333  289.27817     75.770 -9.990e-29
   40.39008  -72.71270     46.169     45.809     8.3269    32.8711 -9.990e-29     0.0551 7.6575e-03  1025.7651     8.3223    25.5548     7.1933    219.194    9.49333  289.27815     75.773 -9.990e-29
   40.39008  -72.71270     46.198     45.838     8.3267    32.8711 -9.990e-29     0.0551 7.5357e-03  1025.7654     8.3221    25.5548     7.1935    219.200    9.49332  289.27792     75.775 -9.990e-29
   40.39008  -72.71270     46.210     45.849     8.3271    32.8712 -9.990e-29     0.0551 7.5993e-03  1025.7653     8.3225    25.5548     7.2008    219.421    9.49331  289.27764     75.851 -9.990e-29
   40.39008  -72.71270     46.230     45.869     8.3267    32.8712 -9.990e-29     0.0416 7.6822e-03  1025.7656     8.3221    25.5549     7.2010    219.426    9.49335  289.27894     75.853 -9.990e-29
   40.39008  -72.71270     46.230     45.869     8.3269    32.8712 -9.990e-29     0.0551 7.6945e-03  1025.7656     8.3223    25.5549     7.1940    219.213    9.49332  289.27810     75.779 -9.990e-29
   40.39008  -72.71270     46.251     45.890     8.3269    32.8712 -9.990e-29     0.0551 7.6244e-03  1025.7657     8.3223    25.5548     7.1941    219.215    9.49331  289.27766     75.780 0.0000e+00
   40.39008  -72.71270     46.261     45.899     8.3267    32.8712 -9.990e-29     0.0551 7.6053e-03  1025.7654     8.3221    25.5548     7.2012    219.433    9.49331  289.27772     75.855 0.0000e+00
   40.39008  -72.71270     46.272     45.910     8.3269    32.8711 -9.990e-29     0.0551 7.5172e-03  1025.7656     8.3223    25.5548     7.2021    219.460    9.49339  289.28022     75.864 0.0000e+00
   40.39008  -72.71266     46.281     45.920     8.3267    32.8711 -9.990e-29     0.0551 7.4985e-03  1025.7658     8.3221    25.5548     7.1957    219.267    9.49333  289.27819     75.798 0.0000e+00
   40.39008  -72.71266     46.291     45.929     8.3272    32.8711 -9.990e-29     0.0551 7.4300e-03  1025.7655     8.3226    25.5547     7.2028    219.482    9.49332  289.27804     75.872 -9.990e-29
   40.39008  -72.71266     46.291     45.929     8.3267    32.8711 -9.990e-29     0.0416 7.4300e-03  1025.7656     8.3221    25.5547     7.1965    219.290    9.49330  289.27719     75.806 -9.990e-29
   40.39008  -72.71266     46.301     45.939     8.3269    32.8711 -9.990e-29     0.0416 7.4117e-03  1025.7656     8.3223    25.5547     7.1965    219.290    9.49333  289.27817     75.806 -9.990e-29
   40.39008  -72.71266     46.302     45.940     8.3271    32.8711 -9.990e-29     0.0551 7.2138e-03  1025.7657     8.3225    25.5548     7.1964    219.288    9.49325  289.27585     75.806 -9.990e-29
   40.39008  -72.71266     46.312     45.950     8.3269    32.8712 -9.990e-29     0.0551 7.1470e-03  1025.7660     8.3223    25.5549     7.2035    219.504    9.49329  289.27696     75.880 -9.990e-29
   40.39008  -72.71266     46.312     45.950     8.3271    32.8712 -9.990e-29     0.0416 7.1470e-03  1025.7658     8.3225    25.5549     7.2042    219.526    9.49329  289.27703     75.888 -9.990e-29
   40.39008  -72.71266     46.302     45.940     8.3271    32.8712 -9.990e-29     0.0551 7.4431e-03  1025.7659     8.3225    25.5549     7.1971    219.307    9.49326  289.27625     75.812 -9.990e-29
   40.39008  -72.71266     46.312     45.950     8.3269    32.8712 -9.990e-29     0.0416 7.5930e-03  1025.7659     8.3223    25.5548     7.2032    219.494    9.49325  289.27597     75.877 -9.990e-29
   40.39008  -72.71266     46.312     45.950     8.3271    32.8712 -9.990e-29     0.0551 7.6118e-03  1025.7657     8.3225    25.5548     7.2038    219.513    9.49327  289.27639     75.883 -9.990e-29
   40.39008  -72.71266     46.312     45.950     8.3269    32.8712 -9.990e-29     0.0416 7.3620e-03  1025.7660     8.3223    25.5548     7.2036    219.507    9.49330  289.27737     75.881 -9.990e-29
   40.39008  -72.71266     46.301     45.939     8.3269    32.8711 -9.990e-29     0.0551 7.1647e-03  1025.7657     8.3223    25.5548     7.2041    219.523    9.49330  289.27737     75.887 -9.990e-29
   40.39008  -72.71266     46.302     45.940     8.3271    32.8711 -9.990e-29     0.0551 7.1824e-03  1025.7654     8.3225    25.5547     7.1976    219.324    9.49337  289.27965     75.817 -9.990e-29
   40.39008  -72.71266     46.291     45.929     8.3266    32.8711 -9.990e-29     0.0551 6.7934e-03  1025.7660     8.3220    25.5547     7.2043    219.529    9.49333  289.27826     75.888 0.0000e+00
   40.39008  -72.71266     46.281     45.920     8.3271    32.8711 -9.990e-29     0.0551 6.4290e-03  1025.7655     8.3225    25.5547     7.2048    219.542    9.49332  289.27798     75.893 0.0000e+00
   40.39008  -72.71266     46.272     45.910     8.3269    32.8711 -9.990e-29     0.0551 6.3978e-03  1025.7656     8.3223    25.5547     7.2052    219.556    9.49338  289.27987     75.898 -9.990e-29
   40.39008  -72.71266     46.270     45.909     8.3269    32.8710 -9.990e-29     0.0551 6.9588e-03  1025.7656     8.3223    25.5546     7.2056    219.567    9.49335  289.27897     75.902 -9.990e-29
   40.39008  -72.71266     46.251     45.890     8.3271    32.8710 -9.990e-29     0.0551 7.6752e-03  1025.7651     8.3225    25.5546     7.2059    219.577    9.49335  289.27881     75.905 0.0000e+00
   40.39008  -72.71266     46.240     45.879     8.3269    32.8710 -9.990e-29     0.0551 7.8681e-03  1025.7654     8.3223    25.5547     7.2062    219.587    9.49332  289.27799     75.909 0.0000e+00
   40.39008  -72.71266     46.230     45.869     8.3271    32.8710 -9.990e-29     0.0685 7.5801e-03  1025.7654     8.3225    25.5547     7.1995    219.381    9.49336  289.27904     75.837 0.0000e+00
   40.39008  -72.71266     46.221     45.860     8.3271    32.8710 -9.990e-29     0.0685 7.1642e-03  1025.7654     8.3225    25.5547     7.2060    219.580    9.49332  289.27784     75.906 0.0000e+00
   40.39008  -72.71266     46.198     45.838     8.3271    32.8710 -9.990e-29     0.0685 7.0331e-03  1025.7651     8.3225    25.5546     7.1993    219.375    9.49335  289.27884     75.835 0.0000e+00
   40.39008  -72.71266     46.189     45.828     8.3272    32.8710 -9.990e-29     0.0685 7.2694e-03  1025.7649     8.3226    25.5546     7.2058    219.574    9.49336  289.27925     75.904 0.0000e+00
   40.39008  -72.71266     46.168     45.808     8.3271    32.8710 -9.990e-29     0.0685 7.8003e-03  1025.7647     8.3225    25.5546     7.2061    219.581    9.49335  289.27898     75.906 0.0000e+00
   40.39010  -72.71270     46.158     45.798     8.3269    32.8710 -9.990e-29     0.0685 8.0299e-03  1025.7652     8.3223    25.5547     7.2062    219.586    9.49333  289.27842     75.908 0.0000e+00
   40.39010  -72.71270     46.149     45.788     8.3271    32.8710 -9.990e-29     0.0685 7.9979e-03  1025.7649     8.3225    25.5547     7.2056    219.567    9.49332  289.27814     75.902 0.0000e+00
   40.39010  -72.71270     46.117     45.757     8.3271    32.8710 -9.990e-29     0.0685 7.7884e-03  1025.7647     8.3225    25.5547     7.2049    219.547    9.49337  289.27941     75.894 0.0000e+00
   40.39010  -72.71270     46.107     45.747     8.3272    32.8710 -9.990e-29     0.0685 7.7044e-03  1025.7648     8.3226    25.5547     7.2049    219.547    9.49334  289.27871     75.895 0.0000e+00
   40.39010  -72.71270     46.096     45.736     8.3272    32.8710 -9.990e-29     0.0685 7.7044e-03  1025.7646     8.3226    25.5547     7.2050    219.548    9.49335  289.27900     75.895 0.0000e+00
   40.39010  -72.71270     46.077     45.717     8.3272    32.8711 -9.990e-29     0.0685 8.0185e-03  1025.7647     8.3226    25.5548     7.2050    219.548    9.49338  289.27970     75.895 0.0000e+00
   40.39010  -72.71270     46.056     45.697     8.3271    32.8711 -9.990e-29     0.0685 8.1776e-03  1025.7649     8.3225    25.5549     7.2049    219.546    9.49340  289.28033     75.894 0.0000e+00
   40.39010  -72.71270     46.036     45.676     8.3271    32.8711 -9.990e-29     0.0685 8.1244e-03  1025.7645     8.3225    25.5548     7.2118    219.757    9.49333  289.27817     75.967 0.0000e+00
   40.39010  -72.71270     46.026     45.667     8.3272    32.8711 -9.990e-29     0.0685 7.8608e-03  1025.7642     8.3226    25.5547     7.2054    219.561    9.49334  289.27847     75.900 0.0000e+00
   40.39010  -72.71270     46.005     45.646     8.3272    32.8711 -9.990e-29     0.0685 7.7044e-03  1025.7645     8.3226    25.5547     7.2052    219.554    9.49332  289.27790     75.897 0.0000e+00
   40.39010  -72.71270     45.985     45.626     8.3272    32.8711 -9.990e-29     0.0685 7.7044e-03  1025.7642     8.3226    25.5547     7.2050    219.549    9.49335  289.27889     75.895 0.0000e+00
   40.39010  -72.71270     45.975     45.616     8.3271    32.8711 -9.990e-29     0.0685 8.5540e-03  1025.7641     8.3225    25.5547     7.2048    219.542    9.49337  289.27945     75.893 0.0000e+00
   40.39010  -72.71270     45.954     45.595     8.3272    32.8711 -9.990e-29     0.0685 9.2490e-03  1025.7638     8.3226    25.5547     7.2045    219.533    9.49337  289.27960     75.890 0.0000e+00
   40.39010  -72.71270     45.945     45.586     8.3269    32.8711 -9.990e-29     0.0685 9.4183e-03  1025.7644     8.3223    25.5548     7.2042    219.524    9.49337  289.27961     75.886 0.0000e+00
   40.39010  -72.71270     45.924     45.565     8.3271    32.8711 -9.990e-29     0.0685 8.9471e-03  1025.7640     8.3225    25.5548     7.2038    219.512    9.49335  289.27876     75.883 0.0000e+00
   40.39010  -72.71270     45.913     45.554     8.3271    32.8711 -9.990e-29     0.0685 8.3486e-03  1025.7639     8.3225    25.5547     7.2034    219.500    9.49330  289.27738     75.879 0.0000e+00
   40.39010  -72.71270     45.893     45.535     8.3271    32.8710 -9.990e-29     0.0685 8.2206e-03  1025.7638     8.3225    25.5546     7.2030    219.489    9.49335  289.27878     75.875 0.0000e+00
   40.39010  -72.71270     45.873     45.515     8.3272    32.8710 -9.990e-29     0.0685 8.5203e-03  1025.7634     8.3226    25.5546     7.2026    219.475    9.49334  289.27850     75.870 -9.990e-29
   40.39010  -72.71270     45.873     45.515     8.3272    32.8710 -9.990e-29     0.0685 8.9886e-03  1025.7635     8.3226    25.5546     7.2021    219.461    9.49334  289.27879     75.865 -9.990e-29
   40.39010  -72.71270     45.842     45.485     8.3269    32.8711 -9.990e-29     0.0148 9.1314e-03  1025.7638     8.3223    25.5548     7.2024    219.470    9.49336  289.27906     75.868 -9.990e-29
   40.39010  -72.71270     45.842     45.485     8.3271    32.8711 -9.990e-29    -0.0121 8.9979e-03  1025.7636     8.3225    25.5548     7.2027    219.480    9.49337  289.27951     75.871 -9.990e-29
   40.39010  -72.71270     45.822     45.464     8.3271    32.8711 -9.990e-29    -0.0121 8.7568e-03  1025.7637     8.3225    25.5547     7.2022    219.464    9.49336  289.27936     75.866 0.0000e+00
   40.39010  -72.71270     45.812     45.454     8.3272    32.8710 -9.990e-29    -0.0121 8.6807e-03  1025.7632     8.3227    25.5547     7.2017    219.448    9.49339  289.28020     75.860 0.0000e+00
   40.39010  -72.71270     45.801     45.443     8.3267    32.8710 -9.990e-29    -0.0121 8.6050e-03  1025.7634     8.3222    25.5547     7.2019    219.455    9.49336  289.27923     75.863 0.0000e+00
