CalculateIndicators/WaterTemperature/Data/CTD_NYOS/20220202_C05.cnv
* Sea-Bird SBE 9 Data File:
* FileName = C:\Seabird 9 CTD\Data\2022\202202_offshore\20220202_C05.hex
* Software Version Seasave V 7.23.2
* Temperature SN = 4590
* Conductivity SN = 3228
* Number of Bytes Per Scan = 44
* Number of Voltage Words = 5
* Number of Scans Averaged by the Deck Unit = 1
* NMEA Latitude = 39 42.75 N
* NMEA Longitude = 073 30.58 W
* NMEA UTC (Time) = Jun 19 2002  11:38:36
* NMEA baud rate = 4800
** Ship: rv seawolf
** Station: 7.3
** Operator: EIH
# nquan = 18
# nvalues = 15314                                 
# units = specified
# name 0 = latitude: Latitude [deg]
# name 1 = longitude: Longitude [deg]
# name 2 = prDM: Pressure, Digiquartz [db]
# name 3 = depSM: Depth [salt water, m]
# name 4 = t090C: Temperature [ITS-90, deg C]
# name 5 = sal00: Salinity, Practical [PSU]
# name 6 = ph: pH
# name 7 = flECO-AFL: Fluorescence, WET Labs ECO-AFL/FL [mg/m^3]
# name 8 = cpar: CPAR/Corrected Irradiance [%]
# name 9 = density00: Density [density, kg/m^3]
# name 10 = potemp090C: Potential Temperature [ITS-90, deg C]
# name 11 = sigma-é00: Density [sigma-theta, kg/m^3]
# name 12 = sbeox0Mg/L: Oxygen, SBE 43 [mg/l]
# name 13 = sbox0Mm/Kg: Oxygen, SBE 43 [umol/kg]
# name 14 = oxsolMg/L: Oxygen Saturation, Garcia & Gordon [mg/l]
# name 15 = oxsolMm/Kg: Oxygen Saturation, Garcia & Gordon [umol/kg]
# name 16 = sbeox0PS: Oxygen, SBE 43 [% saturation]
# name 17 = flag:  0.000e+00
# span 0 =   39.71250,   39.71340                 
# span 1 =  -73.51252,  -73.50966                 
# span 2 =      2.499,     40.138                 
# span 3 =      2.480,     39.828                 
# span 4 =     7.5573,     7.6209                 
# span 5 =    33.6676,    33.7833                 
# span 6 =      8.301,      8.311                 
# span 7 =     0.2162,     0.7400                 
# span 8 = 5.0640e-11, 9.9999e+04                 
# span 9 =  1026.3019,  1026.5662                 
# span 10 =     7.5536,     7.6204                
# span 11 =    26.2834,    26.3830                
# span 12 =     7.9728,     8.6938                
# span 13 =    242.759,    264.713                
# span 14 =    9.59134,    9.60267                
# span 15 =  292.04126,  292.37469                
# span 16 =     83.098,     90.616                
# span 17 = 0.0000e+00, 0.0000e+00                
# interval = seconds: 0.0416667
# start_time = Feb 02 2022 11:38:37 [System UTC, first data scan.]
# bad_flag = -9.990e-29
*END*
[from data line 1850]
   39.71266  -73.51004     19.533     19.383     7.6137    33.7406      8.306     0.2431 5.0640e-11  1026.4304     7.6119    26.3412     8.2281    250.531    9.59288  292.08789     85.773  0.000e+00
   39.71266  -73.51004     19.533     19.383     7.6141    33.7404      8.306     0.2431 5.0640e-11  1026.4302     7.6122    26.3410     8.2274    250.511    9.59282  292.08611     85.766  0.000e+00
   39.71266  -73.51004     19.544     19.394     7.6144    33.7403      8.306     0.2431 5.0640e-11  1026.4301     7.6125    26.3408     8.2267    250.490    9.59276  292.08434     85.759  0.000e+00
   39.71266  -73.51004     19.544     19.394     7.6139    33.7405      8.306     0.2431 5.0640e-11  1026.4303     7.6120    26.3411     8.2275    250.513    9.59286  292.08726     85.766  0.000e+00
   39.71266  -73.51004     19.544     19.394     7.6139    33.7406      8.306     0.2431 5.0640e-11  1026.4304     7.6120    26.3412     8.2281    250.533    9.59285  292.08697     85.773  0.000e+00
   39.71266  -73.51004     19.554     19.404     7.6137    33.7406      8.306     0.2431 5.0640e-11  1026.4305     7.6119    26.3412     8.2295    250.575    9.59288  292.08791     85.787  0.000e+00
   39.71266  -73.51004     19.554     19.404     7.6137    33.7408      8.306     0.2431 5.0640e-11  1026.4306     7.6119    26.3413     8.2193    250.265    9.59288  292.08762     85.681  0.000e+00
   39.71266  -73.51004     19.565     19.415     7.6137    33.7406      8.306     0.2431 5.0640e-11  1026.4305     7.6119    26.3412     8.2273    250.509    9.59289  292.08792     85.765  0.000e+00
   39.71266  -73.51004     19.575     19.424     7.6134    33.7406      8.306     0.2565 5.0640e-11  1026.4306     7.6115    26.3412     8.2304    250.603    9.59296  292.09014     85.797  0.000e+00
   39.71266  -73.51004     19.575     19.424     7.6134    33.7407      8.306     0.2565 5.0640e-11  1026.4307     7.6115    26.3413     8.2264    250.482    9.59295  292.08985     85.755  0.000e+00
   39.71266  -73.51004     19.584     19.434     7.6139    33.7409      8.306     0.2565 5.0640e-11  1026.4308     7.6120    26.3414     8.2283    250.538    9.59284  292.08643     85.775  0.000e+00
   39.71266  -73.51004     19.595     19.445     7.6137    33.7407      8.306     0.2565 9.9999e+04  1026.4307     7.6119    26.3412     8.2175    250.210    9.59288  292.08780     85.663  0.000e+00
   39.71266  -73.51004     19.605     19.454     7.6139    33.7404      8.306     0.2565 5.0640e-11  1026.4305     7.6120    26.3410     8.2106    250.001    9.59287  292.08747     85.591  0.000e+00
   39.71266  -73.51004     19.614     19.464     7.6137    33.7405      8.306     0.2565 5.0640e-11  1026.4307     7.6119    26.3411     8.2149    250.129    9.59289  292.08811     85.635  0.000e+00
   39.71266  -73.51004     19.625     19.475     7.6142    33.7401      8.306     0.2565 5.0640e-11  1026.4303     7.6123    26.3407     8.1997    249.667    9.59282  292.08600     85.477  0.000e+00
   39.71266  -73.51004     19.625     19.475     7.6137    33.7406      8.306     0.2565 9.9999e+04  1026.4308     7.6119    26.3412     8.1899    249.368    9.59289  292.08798     85.374  0.000e+00
   39.71266  -73.51004     19.656     19.505     7.6139    33.7406      8.306     0.2565 5.0640e-11  1026.4310     7.6120    26.3412     8.1924    249.444    9.59285  292.08694     85.401  0.000e+00
   39.71268  -73.51006     19.656     19.505     7.6137    33.7408      8.306     0.2565 5.0640e-11  1026.4311     7.6119    26.3414     8.1957    249.545    9.59287  292.08743     85.435  0.000e+00
   39.71268  -73.51006     19.665     19.514     7.6137    33.7408      8.306     0.2565 5.0640e-11  1026.4312     7.6119    26.3414     8.2126    250.061    9.59287  292.08744     85.612  0.000e+00
   39.71268  -73.51006     19.697     19.546     7.6137    33.7410      8.306     0.2565 5.0640e-11  1026.4315     7.6119    26.3415     8.2251    250.440    9.59286  292.08703     85.742  0.000e+00
   39.71268  -73.51006     19.697     19.546     7.6139    33.7410      8.306     0.2565 5.0640e-11  1026.4315     7.6120    26.3415     8.2330    250.681    9.59283  292.08610     85.824  0.000e+00
   39.71268  -73.51006     19.716     19.565     7.6137    33.7409      8.306     0.2565 5.0640e-11  1026.4315     7.6119    26.3414     8.2416    250.942    9.59287  292.08734     85.914  0.000e+00
   39.71268  -73.51006     19.737     19.585     7.6137    33.7408      8.306     0.2565 5.0640e-11  1026.4315     7.6119    26.3413     8.2436    251.003    9.59287  292.08751     85.934  0.000e+00
   39.71268  -73.51006     19.747     19.595     7.6139    33.7404      8.306     0.2565 5.0640e-11  1026.4312     7.6120    26.3410     8.2519    251.257    9.59287  292.08747     86.021  0.000e+00
   39.71268  -73.51006     19.778     19.626     7.6139    33.7403      8.306     0.2565 9.9999e+04  1026.4313     7.6120    26.3409     8.2536    251.310    9.59287  292.08764     86.039  0.000e+00
   39.71268  -73.51006     19.798     19.645     7.6139    33.7405      8.306     0.2565 5.0640e-11  1026.4315     7.6120    26.3411     8.2423    250.963    9.59286  292.08723     85.921  0.000e+00
   39.71268  -73.51006     19.809     19.656     7.6139    33.7406      8.306     0.2565 5.0640e-11  1026.4317     7.6120    26.3412     8.2237    250.398    9.59285  292.08695     85.727  0.000e+00
   39.71268  -73.51006     19.839     19.686     7.6137    33.7408      8.306     0.2565 9.9999e+04  1026.4319     7.6119    26.3413     8.2297    250.581    9.59288  292.08761     85.790  0.000e+00
   39.71268  -73.51006     19.848     19.696     7.6137    33.7408      8.306     0.2565 9.9999e+04  1026.4320     7.6118    26.3413     8.2370    250.804    9.59288  292.08762     85.866  0.000e+00
   39.71268  -73.51006     19.890     19.737     7.6141    33.7404      8.306     0.2565 5.0640e-11  1026.4318     7.6122    26.3410     8.2378    250.829    9.59283  292.08618     85.875  0.000e+00
   39.71268  -73.51006     19.899     19.746     7.6134    33.7410      8.306     0.2565 9.9999e+04  1026.4325     7.6115    26.3416     8.2394    250.877    9.59293  292.08916     85.891  0.000e+00
   39.71268  -73.51006     19.930     19.777     7.6134    33.7402      8.306     0.2565 9.9999e+04  1026.4320     7.6115    26.3409     8.2288    250.552    9.59298  292.09094     85.779  0.000e+00
   39.71268  -73.51006     19.950     19.797     7.6123    33.7408      8.306     0.2565 5.0640e-11  1026.4327     7.6104    26.3416     8.2306    250.608    9.59319  292.09708     85.796  0.000e+00
   39.71268  -73.51006     19.971     19.817     7.6116    33.7411      8.306     0.2565 9.9999e+04  1026.4331     7.6097    26.3419     8.2311    250.623    9.59332  292.10081     85.800  0.000e+00
   39.71268  -73.51006     20.011     19.857     7.6112    33.7412      8.306     0.2565 5.0640e-11  1026.4334     7.6092    26.3420     8.2252    250.443    9.59341  292.10370     85.738  0.000e+00
   39.71268  -73.51006     20.032     19.878     7.6108    33.7417      8.306     0.2565 5.0640e-11  1026.4339     7.6089    26.3424     8.2251    250.440    9.59346  292.10492     85.736  0.000e+00
   39.71268  -73.51006     20.062     19.908     7.6105    33.7416      8.306     0.2565 9.9999e+04  1026.4340     7.6086    26.3424     8.2187    250.244    9.59353  292.10731     85.669  0.000e+00
   39.71268  -73.51006     20.082     19.928     7.6106    33.7417      8.306     0.2565 9.9999e+04  1026.4343     7.6087    26.3425     8.2129    250.070    9.59349  292.10597     85.609  0.000e+00
   39.71268  -73.51006     20.113     19.958     7.6108    33.7415      8.306     0.2565 5.0640e-11  1026.4342     7.6089    26.3423     8.2047    249.819    9.59347  292.10529     85.524  0.000e+00
   39.71268  -73.51006     20.143     19.988     7.6110    33.7415      8.306     0.2565 5.0640e-11  1026.4343     7.6090    26.3423     8.1959    249.553    9.59344  292.10440     85.433  0.000e+00
   39.71268  -73.51006     20.173     20.018     7.6112    33.7416      8.306     0.2565 5.0640e-11  1026.4345     7.6092    26.3423     8.2054    249.840    9.59339  292.10285     85.531  0.000e+00
   39.71266  -73.51004     20.194     20.039     7.6108    33.7418      8.306     0.2565 5.0640e-11  1026.4348     7.6089    26.3425     8.2170    250.193    9.59345  292.10465     85.652  0.000e+00
   39.71266  -73.51004     20.234     20.078     7.6108    33.7417      8.306     0.2565 5.0640e-11  1026.4349     7.6089    26.3425     8.2292    250.566    9.59345  292.10483     85.779  0.000e+00
   39.71266  -73.51004     20.265     20.110     7.6112    33.7414      8.306     0.2565 5.0640e-11  1026.4347     7.6092    26.3421     8.2298    250.583    9.59340  292.10338     85.786  0.000e+00
   39.71266  -73.51004     20.285     20.129     7.6108    33.7414      8.306     0.2565 5.0640e-11  1026.4349     7.6089    26.3422     8.2239    250.405    9.59347  292.10547     85.724  0.000e+00
   39.71266  -73.51004     20.326     20.170     7.6106    33.7415      8.306     0.2565 5.0640e-11  1026.4352     7.6087    26.3423     8.2168    250.187    9.59351  292.10651     85.649  0.000e+00
   39.71266  -73.51004     20.356     20.200     7.6103    33.7415      8.306     0.2565 5.0640e-11  1026.4354     7.6084    26.3424     8.2090    249.949    9.59358  292.10861     85.567  0.000e+00
   39.71266  -73.51004     20.377     20.220     7.6105    33.7415      8.306     0.2565 9.9999e+04  1026.4354     7.6086    26.3423     8.2004    249.689    9.59354  292.10749     85.478  0.000e+00
   39.71266  -73.51004     20.417     20.260     7.6105    33.7418      8.306     0.2565 5.0640e-11  1026.4358     7.6085    26.3426     8.2056    249.846    9.59352  292.10680     85.532  0.000e+00
   39.71266  -73.51004     20.447     20.290     7.6102    33.7420      8.306     0.2565 9.9999e+04  1026.4362     7.6082    26.3428     8.1993    249.655    9.59358  292.10861     85.467  0.000e+00
   39.71266  -73.51004     20.477     20.320     7.6110    33.7416      8.306     0.2565 5.0640e-11  1026.4359     7.6090    26.3423     8.1923    249.443    9.59343  292.10415     85.395  0.000e+00
   39.71266  -73.51004     20.509     20.352     7.6113    33.7414      8.306     0.2565 5.0640e-11  1026.4359     7.6093    26.3422     8.1914    249.415    9.59337  292.10226     85.386  0.000e+00
   39.71266  -73.51004     20.538     20.380     7.6112    33.7416      8.306     0.2565 5.0640e-11  1026.4361     7.6092    26.3423     8.1907    249.394    9.59339  292.10293     85.379  0.000e+00
   39.71266  -73.51004     20.570     20.412     7.6115    33.7414      8.306     0.2565 5.0640e-11  1026.4361     7.6095    26.3422     8.1901    249.375    9.59333  292.10103     85.373  0.000e+00
   39.71266  -73.51004     20.600     20.442     7.6112    33.7416      8.306     0.2565 5.0640e-11  1026.4364     7.6092    26.3423     8.1898    249.366    9.59339  292.10284     85.369  0.000e+00
   39.71266  -73.51004     20.641     20.483     7.6115    33.7414      8.306     0.2565 9.9999e+04  1026.4364     7.6095    26.3421     8.1882    249.316    9.59333  292.10111     85.353  0.000e+00
   39.71266  -73.51004     20.672     20.513     7.6113    33.7414      8.306     0.2565 5.0640e-11  1026.4366     7.6093    26.3422     8.1939    249.490    9.59337  292.10228     85.412  0.000e+00
   39.71266  -73.51004     20.691     20.532     7.6113    33.7416      8.306     0.2565 9.9999e+04  1026.4368     7.6093    26.3423     8.2067    249.882    9.59336  292.10201     85.546  0.000e+00
   39.71266  -73.51004     20.732     20.573     7.6115    33.7417      8.306     0.2565 5.0640e-11  1026.4371     7.6095    26.3424     8.2138    250.097    9.59331  292.10047     85.620  0.000e+00
   39.71266  -73.51004     20.753     20.593     7.6118    33.7410      8.306     0.2565 5.0640e-11  1026.4365     7.6098    26.3417     8.2086    249.940    9.59328  292.09988     85.567  0.000e+00
   39.71266  -73.51004     20.782     20.622     7.6110    33.7418      8.306     0.2565 5.0640e-11  1026.4375     7.6090    26.3426     8.2145    250.119    9.59341  292.10359     85.627  0.000e+00
   39.71266  -73.51004     20.813     20.653     7.6113    33.7414      8.306     0.2565 5.0640e-11  1026.4372     7.6093    26.3421     8.2202    250.292    9.59337  292.10242     85.686  0.000e+00
   39.71266  -73.51004     20.844     20.683     7.6115    33.7416      8.306     0.2565 5.0640e-11  1026.4375     7.6095    26.3423     8.2206    250.304    9.59332  292.10073     85.691  0.000e+00
   39.71266  -73.51004     20.874     20.713     7.6113    33.7417      8.306     0.2565 9.9999e+04  1026.4377     7.6093    26.3424     8.2068    249.882    9.59335  292.10176     85.546  0.000e+00
   39.71266  -73.51004     20.895     20.734     7.6118    33.7411      8.306     0.2565 5.0640e-11  1026.4373     7.6098    26.3419     8.1971    249.590    9.59327  292.09959     85.447  0.000e+00
   39.71268  -73.51006     20.925     20.764     7.6116    33.7413      8.306     0.2565 5.0640e-11  1026.4376     7.6096    26.3420     8.1876    249.299    9.59331  292.10047     85.347  0.000e+00
   39.71268  -73.51006     20.955     20.794     7.6118    33.7413      8.306     0.2565 5.0640e-11  1026.4377     7.6098    26.3420     8.1844    249.203    9.59326  292.09921     85.315  0.000e+00
   39.71268  -73.51006     20.974     20.813     7.6118    33.7414      8.306     0.2565 5.0640e-11  1026.4379     7.6098    26.3421     8.1963    249.563    9.59326  292.09894     85.438  0.000e+00
   39.71268  -73.51006     21.006     20.845     7.6116    33.7410      8.306     0.2565 5.0640e-11  1026.4378     7.6096    26.3418     8.2044    249.812    9.59332  292.10099     85.522  0.000e+00
   39.71268  -73.51006     21.027     20.865     7.6118    33.7409      8.306     0.2565 5.0640e-11  1026.4377     7.6098    26.3417     8.2074    249.903    9.59329  292.10001     85.554  0.000e+00
   39.71268  -73.51006     21.057     20.895     7.6116    33.7414      8.306     0.2565 5.0640e-11  1026.4383     7.6096    26.3421     8.2048    249.823    9.59330  292.10016     85.527  0.000e+00
   39.71268  -73.51006     21.078     20.916     7.6118    33.7411      8.306     0.2565 5.0640e-11  1026.4381     7.6098    26.3418     8.2016    249.726    9.59328  292.09963     85.493  0.000e+00
   39.71268  -73.51006     21.098     20.936     7.6120    33.7413      8.306     0.2565 5.0640e-11  1026.4384     7.6099    26.3420     8.2115    250.027    9.59323  292.09814     85.597  0.000e+00
   39.71268  -73.51006     21.116     20.954     7.6120    33.7410      8.306     0.2565 5.0640e-11  1026.4382     7.6099    26.3418     8.2287    250.551    9.59325  292.09888     85.776  0.000e+00
   39.71268  -73.51006     21.148     20.985     7.6118    33.7417      8.306     0.2565 5.0640e-11  1026.4390     7.6098    26.3424     8.2266    250.487    9.59324  292.09824     85.754  0.000e+00
   39.71268  -73.51006     21.168     21.006     7.6124    33.7411      8.306     0.2565 5.0640e-11  1026.4385     7.6104    26.3418     8.2541    251.323    9.59314  292.09550     86.041  0.000e+00
   39.71268  -73.51006     21.168     21.006     7.6126    33.7411      8.306     0.2565 5.0640e-11  1026.4384     7.6106    26.3417     8.2589    251.471    9.59310  292.09436     86.092  0.000e+00
   39.71268  -73.51006     21.210     21.047     7.6128    33.7411      8.306     0.2565 5.0640e-11  1026.4386     7.6107    26.3417     8.2645    251.639    9.59307  292.09347     86.150  0.000e+00
   39.71268  -73.51006     21.229     21.066     7.6126    33.7412      8.306     0.2565 9.9999e+04  1026.4388     7.6106    26.3418     8.2570    251.413    9.59310  292.09413     86.073  0.000e+00
