CalculateIndicators/WaterTemperature/Data/CTD_NYOS/202200730_C26.cnv
* Sea-Bird SBE 9 Data File:
* FileName = C:\Seabird 9 CTD\Data\2022\202207_offshore\202200730_C26.hex
* Software Version Seasave V 7.23.2
* Temperature SN = 4590
* Conductivity SN = 3228
* Number of Bytes Per Scan = 44
* Number of Voltage Words = 5
* Number of Scans Averaged by the Deck Unit = 1
* NMEA Latitude = 40 51.70 N
* NMEA Longitude = 072 12.07 W
* NMEA UTC (Time) = Dec 14 2002  09:09:39
* NMEA baud rate = 4800
** Ship: seawolf
** Station: 2.1
** Operator: TDK
# nquan = 18
# nvalues = 10868                       
# units = specified
# name 0 = latitude: Latitude [deg]
# name 1 = longitude: Longitude [deg]
# name 2 = prDM: Pressure, Digiquartz [db]
# name 3 = depSM: Depth [salt water, m]
# name 4 = t090C: Temperature [ITS-90, deg C]
# name 5 = sal00: Salinity, Practical [PSU]
# name 6 = ph: pH
# name 7 = flECO-AFL: Fluorescence, WET Labs ECO-AFL/FL [mg/m^3]
# name 8 = cpar: CPAR/Corrected Irradiance [%]
# name 9 = density00: Density [density, kg/m^3]
# name 10 = potemp090C: Potential Temperature [ITS-90, deg C]
# name 11 = sigma-é00: Density [sigma-theta, kg/m^3]
# name 12 = sbeox0Mg/L: Oxygen, SBE 43 [mg/l]
# name 13 = sbox0Mm/Kg: Oxygen, SBE 43 [umol/kg]
# name 14 = oxsolMg/L: Oxygen Saturation, Garcia & Gordon [mg/l]
# name 15 = oxsolMm/Kg: Oxygen Saturation, Garcia & Gordon [umol/kg]
# name 16 = sbeox0PS: Oxygen, SBE 43 [% saturation]
# name 17 = flag:  0.000e+00
# span 0 =   40.86132,   40.86178       
# span 1 =  -72.20266,  -72.20114       
# span 2 =      1.560,     27.075       
# span 3 =      1.548,     26.864       
# span 4 =    12.6540,    20.8141       
# span 5 =    31.0889,    32.7645       
# span 6 =      8.013,      8.118       
# span 7 =     0.4043,     1.1295       
# span 8 = 5.0640e-11, 9.9999e+04       
# span 9 =  1021.5809,  1024.8425       
# span 10 =    12.6505,    20.8137      
# span 11 =    21.5719,    24.7218      
# span 12 =     5.1861,     8.5098      
# span 13 =    158.629,    259.813      
# span 14 =    7.44818,    8.65264      
# span 15 =  227.81339,  263.87674      
# span 16 =     69.606,    109.745      
# span 17 = 0.0000e+00, 0.0000e+00      
# interval = seconds: 0.0416667
# start_time = Jul 30 2022 09:09:37 [System UTC, first data scan.]
# bad_flag = -9.990e-29
*END*
[from data line 4664]
   40.86156  -72.20180     14.899     14.783    17.3697    32.3158      8.094     0.6460 5.0640e-11  1023.4342    17.3673    23.3687     8.2443    251.769    7.86843  240.28981    104.777 -9.990e-29
   40.86156  -72.20180     14.898     14.782    17.3683    32.3144      8.094     0.6460 5.0640e-11  1023.4333    17.3659    23.3681     8.2459    251.818    7.86939  240.32092    104.784 -9.990e-29
   40.86156  -72.20180     14.879     14.763    17.3678    32.3131      8.094     0.6460 5.0640e-11  1023.4327    17.3654    23.3672     8.2500    251.942    7.87242  240.41220    104.796 -9.990e-29
   40.86156  -72.20180     14.890     14.774    17.3675    32.3113      8.094     0.6460 5.0640e-11  1023.4313    17.3651    23.3658     8.2523    252.011    7.87416  240.46466    104.802 -9.990e-29
   40.86156  -72.20180     14.868     14.752    17.3687    32.3095      8.094     0.6460 5.0640e-11  1023.4290    17.3662    23.3643     8.2453    251.796    7.87240  240.40932    104.737 0.0000e+00
   40.86156  -72.20180     14.859     14.744    17.3692    32.3086      8.094     0.6460 5.0640e-11  1023.4276    17.3668    23.3639     8.2443    251.768    7.86687  240.24247    104.797 -9.990e-29
   40.86156  -72.20180     14.869     14.753    17.3648    32.3086      8.094     0.6460 5.0640e-11  1023.4307    17.3623    23.3643     8.2332    251.437    7.86180  240.09501    104.724 -9.990e-29
   40.86156  -72.20180     14.857     14.741    17.3643    32.3079      8.094     0.6460 5.0640e-11  1023.4294    17.3619    23.3640     8.2347    251.490    7.86326  240.14675    104.723 0.0000e+00
   40.86156  -72.20180     14.848     14.733    17.3654    32.3079      8.094     0.6460 5.0640e-11  1023.4271    17.3630    23.3634     8.2464    251.852    7.86877  240.31786    104.799 0.0000e+00
   40.86156  -72.20180     14.839     14.723    17.3627    32.3079      8.094     0.6460 5.0640e-11  1023.4289    17.3603    23.3642     8.2500    251.959    7.87137  240.39412    104.811 -9.990e-29
   40.86156  -72.20180     14.837     14.722    17.3605    32.3091      8.094     0.6460 5.0640e-11  1023.4315    17.3581    23.3656     8.2568    252.164    7.87672  240.55588    104.826 -9.990e-29
   40.86156  -72.20178     14.828     14.712    17.3621    32.3100      8.094     0.6460 5.0640e-11  1023.4312    17.3597    23.3663     8.2673    252.475    7.88549  240.81486    104.842 -9.990e-29
   40.86156  -72.20178     14.828     14.712    17.3618    32.3100      8.094     0.6460 5.0640e-11  1023.4319    17.3593    23.3663     8.2701    252.546    7.88239  240.70734    104.918 -9.990e-29
   40.86156  -72.20178     14.826     14.711    17.3641    32.3100      8.094     0.6460 5.0640e-11  1023.4305    17.3617    23.3658     8.2578    252.184    7.87132  240.38204    104.910 -9.990e-29
   40.86156  -72.20178     14.828     14.712    17.3643    32.3095      8.094     0.6460 5.0640e-11  1023.4304    17.3619    23.3654     8.2634    252.354    7.87574  240.51497    104.922 -9.990e-29
   40.86156  -72.20178     14.828     14.712    17.3637    32.3088      8.094     0.6998 5.0640e-11  1023.4305    17.3613    23.3649     8.2788    252.804    7.88356  240.73569    105.013 -9.990e-29
   40.86156  -72.20178     14.806     14.691    17.3642    32.3088      8.094     0.7669 5.0640e-11  1023.4281    17.3618    23.3645     8.2674    252.466    7.87721  240.55125    104.953 -9.990e-29
   40.86156  -72.20178     14.828     14.712    17.3618    32.3088      8.094     0.7803 5.0640e-11  1023.4285    17.3593    23.3662     8.2693    252.548    7.87387  240.47108    105.022 -9.990e-29
   40.86156  -72.20178     14.817     14.702    17.3499    32.3124      8.094     0.7803 5.0640e-11  1023.4362    17.3474    23.3709     8.2774    252.785    7.87981  240.64192    105.046 -9.990e-29
   40.86156  -72.20178     14.818     14.703    17.3393    32.3153      8.094     0.7803 5.0640e-11  1023.4427    17.3369    23.3750     8.2708    252.606    7.87335  240.46804    105.048 -9.990e-29
   40.86156  -72.20178     14.818     14.703    17.3393    32.3153      8.094     0.7803 5.0640e-11  1023.4414    17.3369    23.3762     8.2886    253.142    7.88782  240.90257    105.081 -9.990e-29
   40.86156  -72.20178     14.817     14.702    17.3375    32.3156      8.094     0.7803 5.0640e-11  1023.4407    17.3350    23.3762     8.3053    253.633    7.89656  241.15131    105.176 -9.990e-29
   40.86156  -72.20178     14.828     14.712    17.3343    32.3160      8.095     0.7803 5.0640e-11  1023.4410    17.3319    23.3769     8.3075    253.695    7.89732  241.16932    105.194 -9.990e-29
   40.86156  -72.20178     14.818     14.703    17.3312    32.3177      8.095     0.7803 5.0640e-11  1023.4424    17.3288    23.3797     8.3171    253.986    7.89977  241.24127    105.283 -9.990e-29
   40.86156  -72.20178     14.837     14.722    17.3243    32.3223      8.095     0.7803 5.0640e-11  1023.4511    17.3219    23.3839     8.3204    254.084    7.90565  241.41951    105.246 -9.990e-29
   40.86156  -72.20178     14.828     14.712    17.3250    32.3224      8.095     0.7803 5.0640e-11  1023.4537    17.3226    23.3851     8.3331    254.460    7.91101  241.57098    105.336 -9.990e-29
   40.86156  -72.20178     14.839     14.723    17.3364    32.3229      8.094     0.7803 5.0640e-11  1023.4454    17.3340    23.3827     8.3282    254.302    7.90509  241.38277    105.352 -9.990e-29
   40.86156  -72.20178     14.847     14.732    17.3393    32.3243      8.094     0.7803 5.0640e-11  1023.4455    17.3369    23.3814     8.3144    253.894    7.89189  240.99157    105.354 -9.990e-29
   40.86156  -72.20178     14.848     14.733    17.3424    32.3249      8.094     0.7803 5.0640e-11  1023.4458    17.3400    23.3832     8.3145    253.909    7.89082  240.96992    105.370 -9.990e-29
   40.86156  -72.20178     14.859     14.744    17.3336    32.3249      8.095     0.7803 5.0640e-11  1023.4547    17.3312    23.3861     8.3243    254.196    7.89780  241.17077    105.401 -9.990e-29
   40.86156  -72.20178     14.857     14.741    17.3339    32.3249      8.095     0.7803 5.0640e-11  1023.4529    17.3315    23.3858     8.3237    254.172    7.89099  240.95835    105.484 -9.990e-29
   40.86156  -72.20178     14.879     14.763    17.3321    32.3264      8.095     0.7803 5.0640e-11  1023.4444    17.3296    23.3841     8.3143    253.895    7.88611  240.81864    105.430 -9.990e-29
   40.86156  -72.20178     14.879     14.763    17.3122    32.3264      8.095     0.7803 5.0640e-11  1023.4491    17.3098    23.3883     8.3229    254.153    7.89223  241.00130    105.457 -9.990e-29
   40.86156  -72.20178     14.887     14.771    17.2938    32.3320      8.095     0.7803 5.0640e-11  1023.4653    17.2913    23.3982     8.3204    254.070    7.88898  240.89681    105.468 -9.990e-29
   40.86156  -72.20178     14.899     14.783    17.2857    32.3417      8.095     0.7803 5.0640e-11  1023.4746    17.2832    23.4077     8.3176    253.990    7.88095  240.65665    105.540 -9.990e-29
   40.86154  -72.20178     14.909     14.793    17.2814    32.3489      8.095     0.7803 5.0640e-11  1023.4822    17.2789    23.4129     8.3032    253.576    7.86736  240.26613    105.540 -9.990e-29
   40.86154  -72.20178     14.919     14.803    17.3007    32.3526      8.095     0.7803 5.0640e-11  1023.4801    17.2982    23.4125     8.3061    253.671    7.86887  240.31805    105.556 -9.990e-29
   40.86154  -72.20178     14.930     14.813    17.3279    32.3565      8.095     0.7803 5.0640e-11  1023.4708    17.3255    23.4106     8.3268    254.278    7.88529  240.79482    105.599 -9.990e-29
   40.86154  -72.20178     14.941     14.824    17.3412    32.3627      8.094     0.7803 5.0640e-11  1023.4790    17.3388    23.4116     8.3289    254.321    7.89039  240.93149    105.557 -9.990e-29
   40.86154  -72.20178     14.958     14.842    17.3780    32.3627      8.094     0.7669 5.0640e-11  1023.4847    17.3755    23.4078     8.3148    253.895    7.87750  240.54285    105.551 -9.990e-29
   40.86154  -72.20178     14.960     14.844    17.4326    32.3627      8.094     0.7266 5.0640e-11  1023.4576    17.4301    23.3917     8.3026    253.532    7.86676  240.22356    105.540 -9.990e-29
   40.86154  -72.20178     14.980     14.864    17.4638    32.3450      8.094     0.7132 5.0640e-11  1023.4351    17.4613    23.3699     8.3003    253.465    7.86421  240.14876    105.545 -9.990e-29
   40.86154  -72.20178     14.989     14.872    17.4906    32.3279      8.094     0.7132 5.0640e-11  1023.4108    17.4881    23.3513     8.3015    253.502    7.86466  240.16355    105.554 -9.990e-29
   40.86154  -72.20178     15.001     14.884    17.4989    32.3237      8.094     0.7132 5.0640e-11  1023.4007    17.4964    23.3425     8.2979    253.395    7.86616  240.21187    105.488 -9.990e-29
   40.86154  -72.20178     15.011     14.894    17.4975    32.3226      8.094     0.7132 5.0640e-11  1023.4111    17.4950    23.3424     8.2979    253.402    7.86650  240.22804    105.484 -9.990e-29
   40.86154  -72.20178     15.030     14.913    17.5134    32.3202      8.094     0.7132 5.0640e-11  1023.4118    17.5109    23.3401     8.2982    253.415    7.86702  240.24817    105.480 -9.990e-29
   40.86154  -72.20178     15.031     14.914    17.5379    32.3175      8.089     0.7132 5.0640e-11  1023.3957    17.5354    23.3315     8.3011    253.502    7.86975  240.33018    105.481 -9.990e-29
   40.86154  -72.20178     15.052     14.935    17.5468    32.3085      8.094     0.7132 5.0640e-11  1023.3871    17.5444    23.3220     8.2960    253.348    7.87041  240.35140    105.408 -9.990e-29
   40.86154  -72.20178     15.070     14.953    17.5512    32.2999      8.094     0.7132 5.0640e-11  1023.3794    17.5487    23.3146     8.2933    253.271    7.86874  240.30598    105.395 -9.990e-29
   40.86154  -72.20178     15.071     14.954    17.5479    32.2933      8.089     0.7132 5.0640e-11  1023.3726    17.5454    23.3107     8.2911    253.211    7.86799  240.28878    105.378 -9.990e-29
   40.86154  -72.20178     15.103     14.985    17.5279    32.2933      8.089     0.7132 5.0640e-11  1023.3774    17.5254    23.3115     8.2900    253.180    7.86810  240.29642    105.362 -9.990e-29
   40.86154  -72.20178     15.100     14.983    17.5161    32.2932      8.094     0.7132 5.0640e-11  1023.3807    17.5136    23.3146     8.2899    253.183    7.86919  240.33293    105.347 -9.990e-29
   40.86154  -72.20178     15.113     14.995    17.5242    32.2910      8.094     0.7132 5.0640e-11  1023.3875    17.5217    23.3146     8.2973    253.402    7.87659  240.55265    105.341 -9.990e-29
   40.86154  -72.20178     15.133     15.015    17.5610    32.2903      8.089     0.7132 5.0640e-11  1023.3785    17.5585    23.3037     8.3118    253.826    7.89039  240.95802    105.340 -9.990e-29
   40.86154  -72.20178     15.141     15.024    17.6033    32.2689      8.093     0.7132 5.0640e-11  1023.3476    17.6008    23.2812     8.3240    254.189    7.90203  241.30172    105.341 -9.990e-29
   40.86154  -72.20178     15.152     15.035    17.6061    32.2407      8.089     0.7132 5.0640e-11  1023.3164    17.6036    23.2584     8.3322    254.427    7.91052  241.55241    105.330 -9.990e-29
   40.86154  -72.20178     15.163     15.046    17.5773    32.2315      8.089     0.7132 5.0640e-11  1023.3047    17.5747    23.2486     8.3362    254.548    7.91564  241.70544    105.313 -9.990e-29
   40.86154  -72.20178     15.173     15.055    17.5564    32.2315      8.094     0.7132 5.0640e-11  1023.3185    17.5539    23.2536     8.3364    254.554    7.91713  241.75181    105.296 -9.990e-29
   40.86154  -72.20178     15.192     15.074    17.5213    32.2315      8.094     0.7132 5.0640e-11  1023.3260    17.5188    23.2700     8.3359    254.538    7.91802  241.77714    105.278 -9.990e-29
   40.86154  -72.20178     15.194     15.076    17.4547    32.2580      8.089     0.7266 5.0640e-11  1023.3628    17.4523    23.2984     8.3336    254.466    7.91733  241.75502    105.258 -9.990e-29
   40.86154  -72.20178     15.214     15.096    17.4529    32.2837      8.094     0.7132 5.0640e-11  1023.4178    17.4504    23.3179     8.3296    254.345    7.91522  241.69343    105.235 -9.990e-29
   40.86154  -72.20178     15.223     15.104    17.5400    32.2874      8.094     0.7132 5.0640e-11  1023.3634    17.5375    23.3155     8.3276    254.285    7.91455  241.67206    105.219 -9.990e-29
   40.86154  -72.20178     15.234     15.115    17.5103    32.2946      8.094     0.7132 5.0640e-11  1023.3716    17.5078    23.3246     8.3240    254.171    7.91237  241.60344    105.202 -9.990e-29
   40.86154  -72.20178     15.234     15.115    17.4343    32.2946      8.094     0.7132 5.0640e-11  1023.4488    17.4318    23.3429     8.3151    253.906    7.90578  241.40745    105.177 -9.990e-29
   40.86154  -72.20178     15.262     15.144    17.4873    32.2946      8.094     0.6998 5.0640e-11  1023.4093    17.4848    23.3242     8.3116    253.808    7.89877  241.20122    105.227 -9.990e-29
   40.86154  -72.20178     15.265     15.147    17.5420    32.2525      8.094     0.6998 5.0640e-11  1023.3168    17.5395    23.2869     8.3059    253.636    7.89453  241.07547    105.210 -9.990e-29
   40.86154  -72.20178     15.275     15.156    17.4896    32.2189      8.094     0.6998 5.0640e-11  1023.3614    17.4871    23.2595     8.3033    253.559    7.89275  241.02122    105.202 -9.990e-29
   40.86154  -72.20178     15.275     15.156    17.5660    32.2189      8.094     0.6998 5.0640e-11  1023.2612    17.5635    23.2361     8.2949    253.303    7.89063  240.95705    105.124 -9.990e-29
   40.86154  -72.20178     15.294     15.175    17.4672    32.2189      8.094     0.6998 5.0640e-11  1023.2925    17.4647    23.2456     8.2883    253.108    7.88574  240.81486    105.105 -9.990e-29
   40.86154  -72.20178     15.295     15.177    17.3856    32.2207      8.094     0.6998 5.0640e-11  1023.3702    17.3831    23.2867     8.2852    253.018    7.88388  240.76093    105.091 -9.990e-29
   40.86154  -72.20178     15.315     15.196    17.3730    32.2515      8.094     0.6998 5.0640e-11  1023.3919    17.3705    23.3186     8.2854    253.022    7.88442  240.77605    105.086 -9.990e-29
   40.86154  -72.20178     15.313     15.194    17.3536    32.2663      8.094     0.6998 5.0640e-11  1023.4042    17.3511    23.3361     8.2908    253.185    7.88471  240.78347    105.151 -9.990e-29
   40.86154  -72.20178     15.326     15.207    17.3164    32.2830      8.095     0.6998 5.0640e-11  1023.4097    17.3139    23.3564     8.2848    253.000    7.88392  240.75944    105.084 -9.990e-29
   40.86154  -72.20178     15.326     15.207    17.2648    32.3139      8.095     0.6998 5.0640e-11  1023.4617    17.2623    23.3852     8.2826    252.936    7.88242  240.71474    105.077 -9.990e-29
   40.86154  -72.20178     15.355     15.235    17.2882    32.3139      8.095     0.6998 5.0640e-11  1023.4940    17.2857    23.3976     8.2813    252.897    7.88128  240.68144    105.076 -9.990e-29
   40.86154  -72.20178     15.335     15.216    17.3861    32.3228      8.094     0.6998 5.0640e-11  1023.4440    17.3836    23.3780     8.2758    252.729    7.88123  240.67993    105.006 -9.990e-29
   40.86154  -72.20178     15.356     15.237    17.4105    32.3250      8.094     0.6998 5.0640e-11  1023.3961    17.4080    23.3614     8.2808    252.881    7.88106  240.67490    105.072 -9.990e-29
   40.86154  -72.20178     15.356     15.237    17.3490    32.3250      8.094     0.6998 5.0640e-11  1023.4485    17.3465    23.3726     8.2753    252.714    7.88094  240.67172    105.003 -9.990e-29
   40.86154  -72.20178     15.364     15.245    17.3825    32.3362      8.094     0.6998 5.0640e-11  1023.4683    17.3800    23.3821     8.2753    252.715    7.88117  240.67852    105.001 -9.990e-29
