CalculateIndicators/WaterTemperature/Data/CTD_NYOS/20220513_C05.cnv
* Sea-Bird SBE 9 Data File:
* FileName = C:\Seabird 9 CTD\Data\2022\202205_offshore\20220513_C05.hex
* Software Version Seasave V 7.23.2
* Temperature SN = 4590
* Conductivity SN = 3228
* Number of Bytes Per Scan = 44
* Number of Voltage Words = 5
* Number of Scans Averaged by the Deck Unit = 1
* NMEA Latitude = 39 42.81 N
* NMEA Longitude = 073 30.30 W
* NMEA UTC (Time) = Sep 27 2002  15:09:03
* NMEA baud rate = 4800
** Ship: seawolf
** Station: 7.3
** Operator: EIH
# nquan = 18
# nvalues = 12345                       
# units = specified
# name 0 = latitude: Latitude [deg]
# name 1 = longitude: Longitude [deg]
# name 2 = prDM: Pressure, Digiquartz [db]
# name 3 = depSM: Depth [salt water, m]
# name 4 = t090C: Temperature [ITS-90, deg C]
# name 5 = sal00: Salinity, Practical [PSU]
# name 6 = ph: pH
# name 7 = flECO-AFL: Fluorescence, WET Labs ECO-AFL/FL [mg/m^3]
# name 8 = cpar: CPAR/Corrected Irradiance [%]
# name 9 = density00: Density [density, kg/m^3]
# name 10 = potemp090C: Potential Temperature [ITS-90, deg C]
# name 11 = sigma-é00: Density [sigma-theta, kg/m^3]
# name 12 = sbeox0Mg/L: Oxygen, SBE 43 [mg/l]
# name 13 = sbox0Mm/Kg: Oxygen, SBE 43 [umol/kg]
# name 14 = oxsolMg/L: Oxygen Saturation, Garcia & Gordon [mg/l]
# name 15 = oxsolMm/Kg: Oxygen Saturation, Garcia & Gordon [umol/kg]
# name 16 = sbeox0PS: Oxygen, SBE 43 [% saturation]
# name 17 = flag:  0.000e+00
# span 0 =   39.71306,   39.71360       
# span 1 =  -73.50690,  -73.50500       
# span 2 =      1.310,     37.913       
# span 3 =      1.300,     37.620       
# span 4 =     9.3203,     9.6969       
# span 5 =    33.0236,    33.0520       
# span 6 =      8.064,      8.091       
# span 7 =     0.2700,     1.3713       
# span 8 = 3.8330e-02, 7.7827e+01       
# span 9 =  1025.4769,  1025.7005       
# span 10 =     9.3169,     9.6963      
# span 11 =    25.4707,    25.5294      
# span 12 =     9.0264,     9.2863      
# span 13 =    275.057,    282.990      
# span 14 =    9.19870,    9.27656      
# span 15 =  280.32101,  282.68947      
# span 16 =     97.323,    100.938      
# span 17 = 0.0000e+00, 0.0000e+00      
# interval = seconds: 0.0416667
# start_time = May 13 2022 15:09:03 [System UTC, first data scan.]
# bad_flag = -9.990e-29
*END*
[from data line 5709]
   39.71330  -73.50582     26.028     25.828     9.4434    33.0349      8.069     0.8878 3.2882e-01  1025.6273     9.4406    25.5097     9.1571    279.045    9.24991  281.87333     98.997 -9.990e-29
   39.71330  -73.50582     25.987     25.787     9.4455    33.0342      8.069     0.8878 3.2882e-01  1025.6267     9.4427    25.5088     9.1572    279.049    9.24989  281.87270     98.998 0.0000e+00
   39.71330  -73.50582     25.968     25.768     9.4464    33.0336      8.069     0.9012 3.2976e-01  1025.6256     9.4436    25.5081     9.1565    279.027    9.24990  281.87323     98.990 0.0000e+00
   39.71330  -73.50582     25.957     25.757     9.4465    33.0329      8.069     0.8878 3.3071e-01  1025.6251     9.4437    25.5077     9.1563    279.021    9.24995  281.87469     98.987 -9.990e-29
   39.71330  -73.50582     25.968     25.768     9.4450    33.0328      8.069     0.8878 3.3071e-01  1025.6249     9.4422    25.5075     9.1560    279.011    9.25008  281.87874     98.983 -9.990e-29
   39.71330  -73.50582     25.983     25.783     9.4435    33.0328      8.069     0.8878 3.3071e-01  1025.6254     9.4407    25.5077     9.1558    279.005    9.25050  281.89157     98.976 -9.990e-29
   39.71330  -73.50582     25.998     25.798     9.4427    33.0328      8.069     0.8878 3.3166e-01  1025.6257     9.4399    25.5080     9.1553    278.990    9.25085  281.90228     98.967 -9.990e-29
   39.71330  -73.50582     25.987     25.787     9.4424    33.0331      8.069     0.8878 3.3166e-01  1025.6263     9.4396    25.5083     9.1544    278.964    9.25106  281.90845     98.956 -9.990e-29
   39.71330  -73.50582     25.987     25.787     9.4424    33.0331      8.069     0.9147 3.3116e-01  1025.6262     9.4396    25.5084     9.1533    278.929    9.25111  281.91009     98.942 -9.990e-29
   39.71330  -73.50582     25.977     25.777     9.4419    33.0331      8.069     0.9281 3.3116e-01  1025.6264     9.4391    25.5084     9.1585    279.089    9.25119  281.91253     98.998 -9.990e-29
   39.71330  -73.50582     25.977     25.777     9.4407    33.0327      8.069     0.9281 3.3211e-01  1025.6256     9.4379    25.5082     9.1584    279.086    9.25136  281.91780     98.995 -9.990e-29
   39.71330  -73.50582     25.972     25.772     9.4398    33.0327      8.069     0.9281 3.3211e-01  1025.6258     9.4370    25.5083     9.1581    279.077    9.25154  281.92326     98.990 -9.990e-29
   39.71330  -73.50582     25.977     25.777     9.4394    33.0327      8.069     0.9281 3.3211e-01  1025.6262     9.4366    25.5085     9.1577    279.064    9.25178  281.93063     98.983 -9.990e-29
   39.71330  -73.50582     25.968     25.768     9.4390    33.0331      8.069     0.9281 3.3211e-01  1025.6265     9.4362    25.5088     9.1577    279.065    9.25195  281.93556     98.982 -9.990e-29
   39.71330  -73.50582     25.968     25.768     9.4384    33.0331      8.069     0.9281 3.3211e-01  1025.6270     9.4356    25.5091     9.1575    279.057    9.25204  281.93842     98.978 -9.990e-29
   39.71330  -73.50582     25.957     25.757     9.4383    33.0331      8.069     0.9281 3.3306e-01  1025.6266     9.4355    25.5091     9.1571    279.047    9.25217  281.94239     98.973 -9.990e-29
   39.71330  -73.50582     25.957     25.757     9.4382    33.0332      8.069     0.9281 3.3306e-01  1025.6266     9.4354    25.5091     9.1625    279.211    9.25233  281.94703     99.030 -9.990e-29
   39.71330  -73.50582     25.962     25.762     9.4374    33.0332      8.069     0.9415 3.3306e-01  1025.6268     9.4346    25.5093     9.1623    279.204    9.25232  281.94668     99.027 -9.990e-29
   39.71330  -73.50582     25.947     25.747     9.4365    33.0333      8.069     0.9281 3.3402e-01  1025.6269     9.4337    25.5095     9.1620    279.193    9.25235  281.94746     99.023 -9.990e-29
   39.71330  -73.50582     25.957     25.757     9.4360    33.0338      8.069     0.9281 3.3402e-01  1025.6272     9.4332    25.5099     9.1620    279.194    9.25230  281.94607     99.024 -9.990e-29
   39.71330  -73.50582     25.957     25.757     9.4356    33.0344      8.069     0.9281 3.3402e-01  1025.6283     9.4328    25.5103     9.1617    279.185    9.25207  281.93887     99.023 -9.990e-29
   39.71330  -73.50582     25.957     25.757     9.4362    33.0344      8.069     0.9281 3.3402e-01  1025.6284     9.4334    25.5106     9.1608    279.158    9.25146  281.92027     99.020 -9.990e-29
   39.71330  -73.50584     25.968     25.768     9.4361    33.0344      8.069     0.9281 3.3402e-01  1025.6280     9.4333    25.5104     9.1603    279.142    9.25072  281.89777     99.023 -9.990e-29
   39.71330  -73.50584     25.962     25.762     9.4360    33.0341      8.069     0.9281 3.3498e-01  1025.6278     9.4332    25.5101     9.1592    279.108    9.25019  281.88190     99.016 -9.990e-29
   39.71330  -73.50584     25.968     25.768     9.4366    33.0338      8.069     0.9281 3.3498e-01  1025.6273     9.4338    25.5098     9.1639    279.253    9.24976  281.86893     99.072 -9.990e-29
   39.71330  -73.50584     25.977     25.777     9.4366    33.0335      8.069     0.9281 3.3498e-01  1025.6274     9.4338    25.5096     9.1633    279.234    9.24941  281.85825     99.069 -9.990e-29
   39.71330  -73.50584     25.968     25.768     9.4365    33.0334      8.069     0.9281 3.3498e-01  1025.6268     9.4337    25.5093     9.1632    279.230    9.24905  281.84746     99.071 -9.990e-29
   39.71330  -73.50584     25.977     25.777     9.4365    33.0334      8.069     0.9281 3.3498e-01  1025.6267     9.4337    25.5093     9.1630    279.226    9.24882  281.84037     99.072 -9.990e-29
   39.71330  -73.50584     25.977     25.777     9.4362    33.0334      8.069     0.9281 3.3498e-01  1025.6272     9.4334    25.5095     9.1627    279.217    9.24861  281.83417     99.071 -9.990e-29
   39.71330  -73.50584     25.972     25.772     9.4368    33.0339      8.069     0.9281 3.3498e-01  1025.6274     9.4340    25.5099     9.1631    279.228    9.24856  281.83244     99.076 -9.990e-29
   39.71330  -73.50584     25.977     25.777     9.4376    33.0343      8.069     0.9281 3.3498e-01  1025.6280     9.4348    25.5101     9.1633    279.235    9.24846  281.82968     99.079 -9.990e-29
   39.71330  -73.50584     25.977     25.777     9.4386    33.0345      8.069     0.9281 3.3498e-01  1025.6278     9.4358    25.5101     9.1628    279.218    9.24843  281.82880     99.074 -9.990e-29
   39.71330  -73.50584     25.987     25.787     9.4393    33.0345      8.069     0.9281 3.3498e-01  1025.6277     9.4365    25.5101     9.1620    279.195    9.24838  281.82706     99.066 -9.990e-29
   39.71330  -73.50584     25.987     25.787     9.4394    33.0345      8.069     0.9147 3.3402e-01  1025.6280     9.4366    25.5099     9.1618    279.188    9.24831  281.82507     99.064 -9.990e-29
   39.71330  -73.50584     25.998     25.798     9.4401    33.0342      8.069     0.9147 3.3402e-01  1025.6272     9.4373    25.5096     9.1608    279.158    9.24830  281.82467     99.054 -9.990e-29
   39.71330  -73.50584     25.992     25.792     9.4401    33.0342      8.069     0.9147 3.3402e-01  1025.6270     9.4373    25.5095     9.1603    279.143    9.24828  281.82404     99.049 -9.990e-29
   39.71330  -73.50584     26.017     25.817     9.4400    33.0342      8.069     0.9147 3.3402e-01  1025.6277     9.4371    25.5096     9.1596    279.123    9.24823  281.82258     99.042 -9.990e-29
   39.71330  -73.50584     26.017     25.817     9.4407    33.0341      8.069     0.9147 3.3356e-01  1025.6274     9.4379    25.5095     9.1647    279.277    9.24814  281.81985     99.098 -9.990e-29
   39.71330  -73.50584     26.017     25.817     9.4406    33.0342      8.069     0.9147 3.3356e-01  1025.6271     9.4378    25.5094     9.1651    279.288    9.24807  281.81767     99.102 -9.990e-29
   39.71330  -73.50584     26.028     25.828     9.4406    33.0342      8.069     0.9147 3.3356e-01  1025.6273     9.4378    25.5094     9.1653    279.295    9.24799  281.81521     99.106 -9.990e-29
   39.71330  -73.50584     26.028     25.828     9.4419    33.0344      8.069     0.9147 3.3356e-01  1025.6274     9.4391    25.5094     9.1652    279.293    9.24776  281.80843     99.107 -9.990e-29
   39.71330  -73.50584     26.023     25.822     9.4431    33.0346      8.069     0.9147 3.3356e-01  1025.6272     9.4403    25.5095     9.1585    279.088    9.24762  281.80399     99.036 -9.990e-29
   39.71330  -73.50584     26.038     25.837     9.4429    33.0350      8.069     0.9147 3.3356e-01  1025.6277     9.4401    25.5097     9.1635    279.242    9.24752  281.80110     99.092 -9.990e-29
   39.71330  -73.50584     26.028     25.828     9.4427    33.0352      8.069     0.9147 3.3261e-01  1025.6282     9.4399    25.5099     9.1633    279.234    9.24753  281.80126     99.089 -9.990e-29
   39.71330  -73.50584     26.059     25.858     9.4439    33.0352      8.069     0.9147 3.3261e-01  1025.6277     9.4411    25.5098     9.1627    279.217    9.24736  281.79612     99.085 -9.990e-29
   39.71330  -73.50584     26.049     25.848     9.4443    33.0354      8.069     0.9147 3.3261e-01  1025.6277     9.4415    25.5098     9.1621    279.197    9.24723  281.79243     99.079 -9.990e-29
   39.71332  -73.50588     26.068     25.867     9.4454    33.0356      8.069     0.9147 3.3216e-01  1025.6284     9.4425    25.5100     9.1615    279.178    9.24728  281.79372     99.072 -9.990e-29
   39.71332  -73.50588     26.064     25.863     9.4470    33.0356      8.069     0.9147 3.3216e-01  1025.6281     9.4442    25.5098     9.1666    279.335    9.24732  281.79519     99.127 -9.990e-29
   39.71332  -73.50588     26.059     25.858     9.4480    33.0356      8.069     0.9147 3.3216e-01  1025.6273     9.4451    25.5094     9.1603    279.143    9.24722  281.79198     99.060 -9.990e-29
   39.71332  -73.50588     26.079     25.878     9.4481    33.0352      8.069     0.9147 3.3216e-01  1025.6272     9.4453    25.5091     9.1598    279.129    9.24720  281.79139     99.055 -9.990e-29
   39.71332  -73.50588     26.079     25.878     9.4481    33.0349      8.069     0.9147 3.3216e-01  1025.6270     9.4453    25.5088     9.1593    279.112    9.24716  281.79026     99.050 -9.990e-29
   39.71332  -73.50588     26.089     25.888     9.4480    33.0345      8.073     0.9147 3.3216e-01  1025.6269     9.4451    25.5085     9.1587    279.094    9.24720  281.79122     99.043 -9.990e-29
   39.71332  -73.50588     26.100     25.899     9.4476    33.0339      8.073     0.9147 3.3121e-01  1025.6262     9.4448    25.5082     9.1638    279.249    9.24713  281.78929     99.099 -9.990e-29
   39.71332  -73.50588     26.094     25.893     9.4457    33.0336      8.069     0.9147 3.3121e-01  1025.6262     9.4429    25.5082     9.1636    279.242    9.24712  281.78887     99.096 -9.990e-29
   39.71332  -73.50588     26.089     25.888     9.4439    33.0336      8.069     0.9147 3.3026e-01  1025.6266     9.4411    25.5083     9.1631    279.229    9.24705  281.78682     99.092 -9.990e-29
   39.71332  -73.50588     26.079     25.878     9.4429    33.0336      8.069     0.9147 3.3121e-01  1025.6267     9.4401    25.5086     9.1626    279.213    9.24700  281.78517     99.087 -9.990e-29
   39.71332  -73.50588     26.079     25.878     9.4426    33.0335      8.073     0.9147 3.3121e-01  1025.6269     9.4397    25.5087     9.1618    279.189    9.24683  281.78023     99.080 -9.990e-29
   39.71332  -73.50588     26.079     25.878     9.4422    33.0334      8.069     0.9281 3.3026e-01  1025.6268     9.4394    25.5087     9.1610    279.164    9.24676  281.77811     99.072 -9.990e-29
   39.71332  -73.50588     26.079     25.878     9.4414    33.0332      8.069     0.9281 3.3026e-01  1025.6268     9.4386    25.5086     9.1607    279.157    9.24677  281.77828     99.070 -9.990e-29
   39.71332  -73.50588     26.064     25.863     9.4407    33.0329      8.073     0.9281 3.3026e-01  1025.6264     9.4379    25.5084     9.1604    279.147    9.24679  281.77890     99.066 -9.990e-29
   39.71332  -73.50588     26.058     25.858     9.4396    33.0329      8.069     0.9281 3.3026e-01  1025.6263     9.4368    25.5084     9.1599    279.131    9.24669  281.77567     99.061 -9.990e-29
   39.71332  -73.50588     26.058     25.858     9.4388    33.0329      8.069     0.9281 3.3026e-01  1025.6266     9.4359    25.5087     9.1594    279.114    9.24669  281.77591     99.055 -9.990e-29
   39.71332  -73.50588     26.038     25.837     9.4381    33.0329      8.073     0.9281 3.3026e-01  1025.6271     9.4353    25.5089     9.1587    279.095    9.24669  281.77591     99.049 -9.990e-29
   39.71332  -73.50588     26.049     25.848     9.4377    33.0330      8.069     0.9281 3.3121e-01  1025.6267     9.4349    25.5091     9.1639    279.252    9.24671  281.77649     99.104 -9.990e-29
   39.71332  -73.50588     26.038     25.837     9.4366    33.0333      8.069     0.9281 3.3121e-01  1025.6276     9.4338    25.5094     9.1578    279.066    9.24673  281.77719     99.038 -9.990e-29
   39.71332  -73.50588     26.017     25.817     9.4367    33.0336      8.073     0.9281 3.3216e-01  1025.6275     9.4338    25.5096     9.1574    279.054    9.24668  281.77540     99.034 -9.990e-29
   39.71332  -73.50588     26.013     25.813     9.4365    33.0336      8.073     0.9281 3.3216e-01  1025.6276     9.4337    25.5097     9.1628    279.218    9.24659  281.77275     99.094 -9.990e-29
   39.71332  -73.50588     25.998     25.798     9.4368    33.0339      8.073     0.9281 3.3216e-01  1025.6273     9.4340    25.5098     9.1629    279.223    9.24657  281.77194     99.095 -9.990e-29
   39.71332  -73.50588     25.987     25.787     9.4377    33.0344      8.073     0.9281 3.3356e-01  1025.6278     9.4349    25.5100     9.1628    279.220    9.24645  281.76853     99.095 -9.990e-29
   39.71332  -73.50588     25.968     25.768     9.4404    33.0349      8.069     0.9281 3.3356e-01  1025.6279     9.4376    25.5100     9.1627    279.217    9.24642  281.76755     99.095 -9.990e-29
   39.71330  -73.50584     25.957     25.757     9.4441    33.0351      8.073     0.9281 3.3452e-01  1025.6273     9.4413    25.5097     9.1625    279.210    9.24637  281.76621     99.093 0.0000e+00
   39.71330  -73.50584     25.922     25.723     9.4467    33.0352      8.073     0.9281 3.3548e-01  1025.6266     9.4439    25.5094     9.1622    279.201    9.24635  281.76541     99.090 0.0000e+00
   39.71330  -73.50584     25.917     25.717     9.4486    33.0354      8.073     0.9281 3.3644e-01  1025.6266     9.4458    25.5092     9.1618    279.188    9.24631  281.76408     99.086 0.0000e+00
   39.71330  -73.50584     25.896     25.697     9.4503    33.0354      8.073     0.9281 3.3644e-01  1025.6265     9.4475    25.5090     9.1678    279.372    9.24626  281.76270     99.151 0.0000e+00
   39.71330  -73.50584     25.875     25.676     9.4521    33.0354      8.073     0.9281 3.3838e-01  1025.6259     9.4493    25.5086     9.1685    279.394    9.24626  281.76270     99.159 -9.990e-29
   39.71330  -73.50584     25.875     25.676     9.4534    33.0352      8.069     0.9281 3.3935e-01  1025.6254     9.4506    25.5082     9.1692    279.414    9.24629  281.76355     99.166 -9.990e-29
   39.71330  -73.50584     25.855     25.656     9.4544    33.0351      8.069     0.9281 3.3935e-01  1025.6251     9.4516    25.5080     9.1697    279.430    9.24632  281.76453     99.172 0.0000e+00
   39.71330  -73.50584     25.830     25.631     9.4547    33.0351      8.073     0.9281 3.4129e-01  1025.6250     9.4519    25.5079     9.1701    279.443    9.24632  281.76446     99.176 0.0000e+00
   39.71330  -73.50584     25.815     25.616     9.4552    33.0350      8.073     0.9281 3.4227e-01  1025.6246     9.4524    25.5077     9.1705    279.454    9.24638  281.76643     99.179 0.0000e+00
