CalculateIndicators/WaterTemperature/Data/CTD_NYOS/202200729_C23.cnv
* Sea-Bird SBE 9 Data File:
* FileName = C:\Seabird 9 CTD\Data\2022\202207_offshore\202200729_C23.hex
* Software Version Seasave V 7.23.2
* Temperature SN = 4590
* Conductivity SN = 3228
* Number of Bytes Per Scan = 44
* Number of Voltage Words = 5
* Number of Scans Averaged by the Deck Unit = 1
* NMEA Latitude = 40 06.55 N
* NMEA Longitude = 072 16.13 W
* NMEA UTC (Time) = Dec 13 2002  23:02:50
* NMEA baud rate = 4800
** Ship: seawolf
** Station: 3.3
** Operator: TDK
# nquan = 18
# nvalues = 16795                       
# units = specified
# name 0 = latitude: Latitude [deg]
# name 1 = longitude: Longitude [deg]
# name 2 = prDM: Pressure, Digiquartz [db]
# name 3 = depSM: Depth [salt water, m]
# name 4 = t090C: Temperature [ITS-90, deg C]
# name 5 = sal00: Salinity, Practical [PSU]
# name 6 = ph: pH
# name 7 = flECO-AFL: Fluorescence, WET Labs ECO-AFL/FL [mg/m^3]
# name 8 = cpar: CPAR/Corrected Irradiance [%]
# name 9 = density00: Density [density, kg/m^3]
# name 10 = potemp090C: Potential Temperature [ITS-90, deg C]
# name 11 = sigma-é00: Density [sigma-theta, kg/m^3]
# name 12 = sbeox0Mg/L: Oxygen, SBE 43 [mg/l]
# name 13 = sbox0Mm/Kg: Oxygen, SBE 43 [umol/kg]
# name 14 = oxsolMg/L: Oxygen Saturation, Garcia & Gordon [mg/l]
# name 15 = oxsolMm/Kg: Oxygen Saturation, Garcia & Gordon [umol/kg]
# name 16 = sbeox0PS: Oxygen, SBE 43 [% saturation]
# name 17 = flag:  0.000e+00
# span 0 =   40.10916,   40.11200       
# span 1 =  -72.26892,  -72.26748       
# span 2 =      1.945,     65.465       
# span 3 =      1.930,     64.952       
# span 4 =     8.4322,    24.5010       
# span 5 =    31.5821,    34.0013       
# span 6 =      7.938,      8.256       
# span 7 =    -0.0524,     2.0832       
# span 8 = 7.9124e-13, 3.3932e+01       
# span 9 =  1020.9307,  1026.3904       
# span 10 =     8.4286,    24.5003      
# span 11 =    20.9158,    26.0961      
# span 12 =     6.2282,     9.8659      
# span 13 =    189.685,    300.818      
# span 14 =    6.96317,    9.46284      
# span 15 =  213.14246,  288.32467      
# span 16 =     69.206,    124.354      
# span 17 = 0.0000e+00, 0.0000e+00      
# interval = seconds: 0.0416667
# start_time = Jul 29 2022 23:02:48 [System UTC, first data scan.]
# bad_flag = -9.990e-29
*END*
[from data line 10533]
   40.11096  -72.26796     15.917     15.794    11.3194    33.0178      8.108     1.0490 1.4748e+00  1025.2469    11.3175    25.1754     8.9849    273.884    8.89213  271.05618    101.043 -9.990e-29
   40.11096  -72.26796     15.917     15.794    11.3186    33.0179      8.108     1.0490 1.4748e+00  1025.2470    11.3166    25.1757     8.9823    273.806    8.89177  271.04531    101.018 -9.990e-29
   40.11096  -72.26796     15.917     15.794    11.3176    33.0179      8.104     1.0490 1.4705e+00  1025.2474    11.3156    25.1759     8.9741    273.554    8.89149  271.03676    100.929 -9.990e-29
   40.11096  -72.26796     15.917     15.794    11.3166    33.0180      8.104     1.0490 1.4748e+00  1025.2477    11.3146    25.1760     8.9716    273.480    8.89105  271.02341    100.906 -9.990e-29
   40.11096  -72.26796     15.928     15.805    11.3159    33.0180      8.104     1.0490 1.4748e+00  1025.2474    11.3140    25.1761     8.9692    273.405    8.89049  271.00643    100.885 -9.990e-29
   40.11096  -72.26796     15.928     15.805    11.3149    33.0181      8.108     1.0490 1.4748e+00  1025.2479    11.3130    25.1764     8.9668    273.333    8.88990  270.98884    100.865 -9.990e-29
   40.11096  -72.26796     15.927     15.804    11.3136    33.0184      8.108     1.0490 1.4705e+00  1025.2486    11.3117    25.1769     8.9581    273.067    8.88926  270.96945    100.774 -9.990e-29
   40.11096  -72.26796     15.938     15.815    11.3129    33.0186      8.108     1.0490 1.4705e+00  1025.2487    11.3110    25.1772     8.9552    272.980    8.88854  270.94747    100.750 -9.990e-29
   40.11096  -72.26796     15.938     15.815    11.3116    33.0186      8.108     1.0490 1.4705e+00  1025.2492    11.3096    25.1774     8.9532    272.919    8.88783  270.92626    100.735 -9.990e-29
   40.11096  -72.26796     15.938     15.815    11.3109    33.0186      8.104     1.0490 1.4662e+00  1025.2490    11.3090    25.1776     8.9443    272.648    8.88720  270.90698    100.643 -9.990e-29
   40.11096  -72.26796     15.949     15.826    11.3096    33.0187      8.104     1.0490 1.4662e+00  1025.2494    11.3076    25.1779     8.9421    272.581    8.88655  270.88757    100.625 -9.990e-29
   40.11096  -72.26796     15.949     15.826    11.3081    33.0189      8.104     1.0490 1.4618e+00  1025.2501    11.3061    25.1783     8.9402    272.524    8.88603  270.87189    100.610 -9.990e-29
   40.11096  -72.26796     15.957     15.834    11.3071    33.0189      8.108     1.0490 1.4575e+00  1025.2504    11.3051    25.1786     8.9385    272.471    8.88546  270.85490    100.597 -9.990e-29
   40.11096  -72.26796     15.968     15.845    11.3057    33.0189      8.104     1.0490 1.4575e+00  1025.2504    11.3037    25.1788     8.9363    272.404    8.88487  270.83708    100.579 -9.990e-29
   40.11096  -72.26796     15.958     15.835    11.3036    33.0189      8.104     1.0490 1.4618e+00  1025.2506    11.3017    25.1791     8.9349    272.362    8.88427  270.81908    100.570 -9.990e-29
   40.11096  -72.26796     15.979     15.856    11.3016    33.0189      8.108     1.0490 1.4618e+00  1025.2513    11.2997    25.1796     8.9273    272.130    8.88368  270.80131    100.491 -9.990e-29
   40.11096  -72.26796     15.979     15.856    11.2996    33.0188      8.104     1.0490 1.4618e+00  1025.2519    11.2977    25.1799     8.9257    272.084    8.88310  270.78397    100.480 -9.990e-29
   40.11096  -72.26796     15.979     15.856    11.2981    33.0187      8.104     1.0490 1.4575e+00  1025.2515    11.2961    25.1800     8.9176    271.834    8.88270  270.77207    100.392 -9.990e-29
   40.11096  -72.26796     15.998     15.875    11.2956    33.0185      8.104     1.0490 1.4489e+00  1025.2521    11.2936    25.1803     8.9226    271.989    8.88242  270.76370    100.453 -9.990e-29
   40.11096  -72.26796     15.998     15.875    11.2928    33.0185      8.104     1.0490 1.4489e+00  1025.2526    11.2908    25.1807     8.9158    271.782    8.88229  270.75991    100.377 -9.990e-29
   40.11096  -72.26796     15.998     15.875    11.2906    33.0185      8.104     1.0490 1.4489e+00  1025.2529    11.2887    25.1811     8.9152    271.763    8.88225  270.75893    100.371 -9.990e-29
   40.11096  -72.26796     16.019     15.895    11.2884    33.0185      8.104     1.0490 1.4447e+00  1025.2534    11.2865    25.1816     8.9078    271.539    8.88227  270.75968    100.288 -9.990e-29
   40.11096  -72.26796     16.009     15.886    11.2859    33.0186      8.108     1.0490 1.4447e+00  1025.2540    11.2840    25.1820     8.9066    271.503    8.88238  270.76314    100.273 -9.990e-29
   40.11096  -72.26796     16.030     15.906    11.2841    33.0186      8.104     1.0490 1.4447e+00  1025.2545    11.2822    25.1825     8.9058    271.476    8.88256  270.76855    100.261 -9.990e-29
   40.11096  -72.26796     16.039     15.916    11.2825    33.0186      8.104     1.0490 1.4404e+00  1025.2548    11.2805    25.1827     8.9051    271.456    8.88269  270.77265    100.252 -9.990e-29
   40.11096  -72.26796     16.019     15.895    11.2810    33.0187      8.104     1.0490 1.4404e+00  1025.2545    11.2791    25.1829     8.9049    271.451    8.88305  270.78411    100.246 -9.990e-29
   40.11096  -72.26796     16.060     15.936    11.2788    33.0187      8.104     1.0490 1.4361e+00  1025.2555    11.2769    25.1834     8.8996    271.288    8.88372  270.80500    100.178 -9.990e-29
   40.11096  -72.26796     16.049     15.925    11.2771    33.0189      8.104     1.0490 1.4277e+00  1025.2561    11.2752    25.1839     8.8997    271.292    8.88436  270.82488    100.172 -9.990e-29
   40.11096  -72.26796     16.049     15.925    11.2758    33.0190      8.104     1.0490 1.4277e+00  1025.2563    11.2739    25.1842     8.9006    271.320    8.88551  270.86066    100.170 -9.990e-29
   40.11096  -72.26796     16.070     15.946    11.2743    33.0191      8.104     1.0490 1.4235e+00  1025.2567    11.2724    25.1845     8.9015    271.349    8.88700  270.90636    100.163 -9.990e-29
   40.11096  -72.26796     16.049     15.925    11.2728    33.0191      8.108     1.0490 1.4192e+00  1025.2569    11.2708    25.1848     8.9030    271.396    8.88822  270.94450    100.167 -9.990e-29
   40.11096  -72.26796     16.070     15.946    11.2713    33.0192      8.104     1.0355 1.4192e+00  1025.2573    11.2694    25.1852     8.9044    271.438    8.88958  270.98673    100.166 -9.990e-29
   40.11096  -72.26796     16.079     15.955    11.2696    33.0194      8.104     1.0355 1.4192e+00  1025.2578    11.2677    25.1856     8.9053    271.466    8.89035  271.00991    100.168 -9.990e-29
   40.11096  -72.26796     16.070     15.946    11.2685    33.0197      8.104     1.0355 1.4151e+00  1025.2584    11.2665    25.1860     8.8996    271.292    8.89067  271.01943    100.101 -9.990e-29
   40.11096  -72.26796     16.079     15.955    11.2678    33.0198      8.104     1.0355 1.4151e+00  1025.2585    11.2659    25.1863     8.8998    271.297    8.89078  271.02286    100.101 -9.990e-29
   40.11096  -72.26796     16.079     15.955    11.2673    33.0198      8.104     1.0355 1.4151e+00  1025.2586    11.2654    25.1864     8.9003    271.314    8.89101  271.02967    100.105 -9.990e-29
   40.11096  -72.26796     16.079     15.955    11.2668    33.0199      8.104     1.0355 1.4067e+00  1025.2586    11.2649    25.1866     8.9010    271.334    8.89107  271.03160    100.112 -9.990e-29
   40.11096  -72.26796     16.079     15.955    11.2665    33.0201      8.104     1.0355 1.4025e+00  1025.2592    11.2646    25.1868     8.8949    271.150    8.89120  271.03588    100.042 -9.990e-29
   40.11096  -72.26796     16.079     15.955    11.2663    33.0203      8.104     1.0355 1.4025e+00  1025.2590    11.2644    25.1869     8.8950    271.151    8.89131  271.03958    100.041 -9.990e-29
   40.11096  -72.26796     16.090     15.966    11.2662    33.0205      8.104     1.0355 1.4025e+00  1025.2593    11.2642    25.1870     8.9018    271.359    8.89149  271.04545    100.116 -9.990e-29
   40.11096  -72.26796     16.070     15.946    11.2663    33.0207      8.104     1.0355 1.4025e+00  1025.2595    11.2644    25.1872     8.8965    271.200    8.89163  271.05042    100.055 -9.990e-29
   40.11096  -72.26796     16.070     15.946    11.2665    33.0208      8.104     1.0355 1.4025e+00  1025.2593    11.2646    25.1873     8.8972    271.221    8.89159  271.04955    100.063 -9.990e-29
   40.11096  -72.26796     16.070     15.946    11.2665    33.0210      8.104     1.0355 1.3984e+00  1025.2596    11.2646    25.1874     8.8981    271.250    8.89154  271.04832    100.074 -9.990e-29
   40.11096  -72.26796     16.060     15.936    11.2671    33.0210      8.104     1.0355 1.3984e+00  1025.2599    11.2652    25.1874     8.8987    271.266    8.89143  271.04518    100.082 -9.990e-29
   40.11096  -72.26796     16.059     15.935    11.2685    33.0210      8.104     1.0355 1.3943e+00  1025.2592    11.2665    25.1871     8.8995    271.290    8.89132  271.04201    100.092 -9.990e-29
   40.11096  -72.26796     16.049     15.925    11.2696    33.0209      8.104     1.0355 1.3984e+00  1025.2588    11.2677    25.1868     8.8998    271.301    8.89116  271.03725    100.097 -9.990e-29
   40.11096  -72.26796     16.049     15.925    11.2710    33.0208      8.104     1.0355 1.3984e+00  1025.2587    11.2690    25.1864     8.8940    271.123    8.89102  271.03316    100.033 -9.990e-29
   40.11096  -72.26796     16.039     15.916    11.2732    33.0208      8.104     1.0355 1.3984e+00  1025.2579    11.2712    25.1860     8.8943    271.133    8.89095  271.03104    100.038 -9.990e-29
   40.11096  -72.26796     16.019     15.895    11.2750    33.0208      8.104     1.0355 1.3943e+00  1025.2576    11.2730    25.1857     8.8948    271.149    8.89082  271.02730    100.045 -9.990e-29
   40.11096  -72.26796     16.019     15.895    11.2768    33.0209      8.104     1.0355 1.3943e+00  1025.2575    11.2749    25.1855     8.8957    271.176    8.89078  271.02609    100.055 -9.990e-29
   40.11096  -72.26796     15.998     15.875    11.2782    33.0211      8.104     1.0355 1.3943e+00  1025.2573    11.2763    25.1854     8.8904    271.014    8.89073  271.02472     99.996 -9.990e-29
   40.11096  -72.26796     15.989     15.865    11.2805    33.0212      8.104     1.0355 1.3943e+00  1025.2571    11.2785    25.1851     8.8906    271.021    8.89075  271.02528     99.998 -9.990e-29
   40.11096  -72.26796     15.989     15.865    11.2834    33.0212      8.104     1.0355 1.3984e+00  1025.2565    11.2815    25.1846     8.8975    271.231    8.89075  271.02562    100.076 -9.990e-29
   40.11096  -72.26796     15.958     15.835    11.2866    33.0212      8.104     1.0355 1.4025e+00  1025.2556    11.2847    25.1840     8.8924    271.075    8.89079  271.02673    100.018 -9.990e-29
   40.11096  -72.26796     15.949     15.826    11.2899    33.0212      8.104     1.0221 1.4025e+00  1025.2551    11.2880    25.1834     8.8935    271.109    8.89093  271.03125    100.029 -9.990e-29
   40.11096  -72.26796     15.928     15.805    11.2938    33.0212      8.104     0.9952 1.4151e+00  1025.2543    11.2918    25.1827     8.8941    271.129    8.89103  271.03407    100.035 -9.990e-29
   40.11096  -72.26796     15.928     15.805    11.2976    33.0211      8.104     0.9952 1.4192e+00  1025.2533    11.2957    25.1819     8.8951    271.157    8.89114  271.03760    100.044 -9.990e-29
   40.11096  -72.26796     15.887     15.764    11.3009    33.0210      8.104     0.9952 1.4192e+00  1025.2526    11.2990    25.1812     8.8962    271.192    8.89126  271.04126    100.056 -9.990e-29
   40.11096  -72.26796     15.887     15.764    11.3044    33.0206      8.104     0.9952 1.4235e+00  1025.2518    11.3025    25.1803     8.8971    271.219    8.89150  271.04826    100.063 -9.990e-29
   40.11096  -72.26796     15.868     15.745    11.3074    33.0200      8.104     0.9952 1.4277e+00  1025.2505    11.3055    25.1793     8.8980    271.246    8.89154  271.04957    100.072 -9.990e-29
   40.11096  -72.26796     15.847     15.725    11.3107    33.0194      8.104     0.9952 1.4319e+00  1025.2491    11.3088    25.1782     8.8992    271.282    8.89169  271.05397    100.084 -9.990e-29
   40.11096  -72.26796     15.826     15.704    11.3138    33.0189      8.104     0.9952 1.4447e+00  1025.2486    11.3119    25.1773     8.9005    271.323    8.89182  271.05788    100.098 -9.990e-29
   40.11096  -72.26796     15.817     15.695    11.3172    33.0186      8.104     0.9952 1.4532e+00  1025.2472    11.3153    25.1764     8.8956    271.173    8.89189  271.05998    100.042 -9.990e-29
   40.11096  -72.26796     15.785     15.663    11.3203    33.0183      8.104     0.9952 1.4575e+00  1025.2468    11.3183    25.1756     8.9031    271.402    8.89190  271.06048    100.126 -9.990e-29
   40.11096  -72.26796     15.775     15.654    11.3235    33.0178      8.104     0.9952 1.4662e+00  1025.2455    11.3216    25.1747     8.9045    271.443    8.89203  271.06436    100.140 -9.990e-29
   40.11096  -72.26796     15.745     15.624    11.3259    33.0171      8.104     0.9952 1.4748e+00  1025.2443    11.3240    25.1738     8.9060    271.490    8.89212  271.06709    100.156 -9.990e-29
   40.11096  -72.26796     15.735     15.614    11.3275    33.0163      8.104     0.9952 1.4748e+00  1025.2437    11.3256    25.1729     8.9070    271.521    8.89219  271.06928    100.167 -9.990e-29
   40.11096  -72.26796     15.715     15.594    11.3286    33.0154      8.103     0.9952 1.4836e+00  1025.2424    11.3267    25.1720     8.9090    271.582    8.89243  271.07663    100.186 -9.990e-29
   40.11096  -72.26796     15.694     15.573    11.3291    33.0145      8.103     0.9952 1.4968e+00  1025.2415    11.3272    25.1712     8.9105    271.627    8.89260  271.08155    100.201 -9.990e-29
   40.11096  -72.26796     15.675     15.554    11.3292    33.0137      8.103     0.9952 1.4968e+00  1025.2407    11.3273    25.1706     8.9056    271.477    8.89270  271.08433    100.145 -9.990e-29
   40.11096  -72.26798     15.654     15.534    11.3287    33.0132      8.103     0.9952 1.5012e+00  1025.2405    11.3268    25.1701     8.9123    271.683    8.89264  271.08249    100.221 -9.990e-29
   40.11096  -72.26798     15.634     15.513    11.3280    33.0125      8.103     0.9952 1.5056e+00  1025.2400    11.3261    25.1697     8.9134    271.715    8.89259  271.08078    100.234 -9.990e-29
   40.11096  -72.26798     15.613     15.493    11.3276    33.0113      8.104     0.9952 1.5101e+00  1025.2394    11.3256    25.1690     8.9208    271.940    8.89234  271.07232    100.320 -9.990e-29
   40.11096  -72.26798     15.592     15.472    11.3262    33.0095      8.104     0.9952 1.5145e+00  1025.2380    11.3243    25.1678     8.9220    271.975    8.89163  271.04977    100.341 -9.990e-29
   40.11096  -72.26798     15.573     15.453    11.3234    33.0071      8.104     0.9952 1.5325e+00  1025.2364    11.3215    25.1664     8.9170    271.822    8.89108  271.03254    100.291 -9.990e-29
   40.11096  -72.26798     15.562     15.442    11.3207    33.0042      8.104     0.9952 1.5416e+00  1025.2350    11.3188    25.1647     8.9173    271.832    8.89051  271.01480    100.301 -9.990e-29
   40.11096  -72.26798     15.532     15.412    11.3159    33.0004      8.104     0.9952 1.5461e+00  1025.2324    11.3140    25.1626     8.9240    272.034    8.88978  270.99156    100.385 -9.990e-29
   40.11096  -72.26798     15.532     15.412    11.3094    32.9959      8.104     0.9952 1.5553e+00  1025.2302    11.3075    25.1601     8.9246    272.053    8.88880  270.96156    100.403 -9.990e-29
   40.11096  -72.26798     15.500     15.381    11.3046    32.9914      8.104     0.9818 1.5645e+00  1025.2266    11.3027    25.1576     8.9257    272.087    8.88819  270.94273    100.422 -9.990e-29
   40.11096  -72.26798     15.492     15.373    11.2986    32.9880      8.104     0.9281 1.5645e+00  1025.2245    11.2967    25.1559     8.9270    272.126    8.88767  270.92632    100.443 -9.990e-29
