CalculateIndicators/WaterTemperature/Data/CTD_NYOS/20220928_C01.cnv
* Sea-Bird SBE 9 Data File:
* FileName = C:\Seabird 9 CTD\Data\2022\202209_offshore\20220928_C01.hex
* Software Version Seasave V 7.23.2
* Temperature SN = 4590
* Conductivity SN = 3228
* Number of Bytes Per Scan = 44
* Number of Voltage Words = 5
* Number of Scans Averaged by the Deck Unit = 1
* NMEA Latitude = 40 57.60 N
* NMEA Longitude = 073 34.76 W
* NMEA UTC (Time) = Feb 12 2003  02:13:49
* NMEA baud rate = 4800
** Ship: seawolf
** Station: lis_arig
** Operator: tcm
# nquan = 18
# nvalues = 9612                        
# units = specified
# name 0 = latitude: Latitude [deg]
# name 1 = longitude: Longitude [deg]
# name 2 = prDM: Pressure, Digiquartz [db]
# name 3 = depSM: Depth [salt water, m]
# name 4 = t090C: Temperature [ITS-90, deg C]
# name 5 = sal00: Salinity, Practical [PSU]
# name 6 = ph: pH
# name 7 = flECO-AFL: Fluorescence, WET Labs ECO-AFL/FL [mg/m^3]
# name 8 = cpar: CPAR/Corrected Irradiance [%]
# name 9 = density00: Density [density, kg/m^3]
# name 10 = potemp090C: Potential Temperature [ITS-90, deg C]
# name 11 = sigma-é00: Density [sigma-theta, kg/m^3]
# name 12 = sbeox0Mg/L: Oxygen, SBE 43 [mg/l]
# name 13 = sbox0Mm/Kg: Oxygen, SBE 43 [umol/kg]
# name 14 = oxsolMg/L: Oxygen Saturation, Garcia & Gordon [mg/l]
# name 15 = oxsolMm/Kg: Oxygen Saturation, Garcia & Gordon [umol/kg]
# name 16 = sbeox0PS: Oxygen, SBE 43 [% saturation]
# name 17 = flag:  0.000e+00
# span 0 =   40.95934,   40.96000       
# span 1 =  -73.58028,  -73.57946       
# span 2 =      1.508,     13.591       
# span 3 =      1.497,     13.485       
# span 4 =    21.5154,    21.5501       
# span 5 =    28.8814,    28.8887       
# span 6 =      6.849,      7.831       
# span 7 =     1.5996,     2.1234       
# span 8 = 5.0640e-11, 9.9999e+04       
# span 9 =  1019.7114,  1019.7664       
# span 10 =    21.5147,    21.5493      
# span 11 =    19.6983,    19.7111      
# span 12 =     6.2160,     6.2815      
# span 13 =    190.499,    192.507      
# span 14 =    7.45273,    7.45735      
# span 15 =  228.40168,  228.54101      
# span 16 =     83.377,     84.241      
# span 17 = 0.0000e+00, 0.0000e+00      
# interval = seconds: 0.0416667
# start_time = Sep 28 2022 02:13:52 [System UTC, first data scan.]
# bad_flag = -9.990e-29
*END*
[from data line 6031]
   40.95958  -73.57998      2.785      2.763    21.5318    28.8831      7.817     1.7071 5.0640e-11  1019.7156    21.5313    19.7037     6.2631    191.943    7.45558  228.48777     84.006 0.0000e+00
   40.95958  -73.57998      2.764      2.743    21.5315    28.8833      7.822     1.7205 5.0640e-11  1019.7159    21.5309    19.7040     6.2580    191.786    7.45562  228.48903     83.937 0.0000e+00
   40.95958  -73.57998      2.743      2.722    21.5311    28.8836      7.822     1.7071 5.0640e-11  1019.7162    21.5306    19.7042     6.2573    191.764    7.45560  228.48855     83.927 -9.990e-29
   40.95958  -73.57998      2.753      2.732    21.5310    28.8838      7.817     1.7071 5.0640e-11  1019.7162    21.5304    19.7044     6.2566    191.743    7.45563  228.48929     83.918 -9.990e-29
   40.95958  -73.57998      2.704      2.683    21.5310    28.8842      7.817     1.7071 5.0640e-11  1019.7164    21.5304    19.7047     6.2558    191.720    7.45564  228.48968     83.907 -9.990e-29
   40.95958  -73.57998      2.704      2.683    21.5310    28.8845      7.817     1.7205 1.2587e-02  1019.7170    21.5304    19.7049     6.2554    191.706    7.45565  228.49003     83.901 -9.990e-29
   40.95958  -73.57998      2.683      2.662    21.5323    28.8846      7.822     1.7071 2.5417e-01  1019.7162    21.5318    19.7047     6.2549    191.690    7.45562  228.48903     83.895 0.0000e+00
   40.95958  -73.57998      2.673      2.653    21.5331    28.8846      7.822     1.7071 3.8015e-01  1019.7161    21.5326    19.7045     6.2595    191.832    7.45564  228.48946     83.957 0.0000e+00
   40.95958  -73.57998      2.653      2.632    21.5340    28.8846      7.817     1.7205 3.9295e-01  1019.7158    21.5335    19.7043     6.2590    191.816    7.45563  228.48918     83.950 0.0000e+00
   40.95958  -73.57998      2.642      2.621    21.5343    28.8845      7.821     1.7071 4.4448e-01  1019.7156    21.5338    19.7040     6.2587    191.808    7.45562  228.48901     83.946 0.0000e+00
   40.95958  -73.57998      2.613      2.593    21.5346    28.8842      7.821     1.7071 4.8352e-01  1019.7152    21.5342    19.7037     6.2584    191.800    7.45562  228.48886     83.943 -9.990e-29
   40.95958  -73.57998      2.611      2.591    21.5352    28.8837      7.821     1.7071 4.8352e-01  1019.7146    21.5347    19.7033     6.2585    191.801    7.45564  228.48944     83.943 -9.990e-29
   40.95958  -73.57998      2.581      2.561    21.5354    28.8832      7.821     1.7071 1.2607e+00  1019.7138    21.5349    19.7028     6.2581    191.791    7.45561  228.48852     83.939 -9.990e-29
   40.95958  -73.57998      2.581      2.561    21.5352    28.8827      7.817     1.7071 1.8894e+00  1019.7137    21.5347    19.7025     6.2579    191.782    7.45564  228.48966     83.934 -9.990e-29
   40.95958  -73.57998      2.551      2.531    21.5350    28.8825      7.821     1.7071 2.0097e+00  1019.7133    21.5346    19.7024     6.2575    191.770    7.45563  228.48930     83.930 0.0000e+00
   40.95958  -73.57998      2.530      2.511    21.5346    28.8825      7.817     1.7071 1.6721e+00  1019.7134    21.5342    19.7025     6.2571    191.758    7.45562  228.48898     83.924 0.0000e+00
   40.95958  -73.57998      2.522      2.503    21.5340    28.8825      7.821     1.7071 1.3841e+00  1019.7135    21.5335    19.7027     6.2570    191.756    7.45565  228.48981     83.923 0.0000e+00
   40.95958  -73.57998      2.500      2.481    21.5332    28.8827      7.817     1.7071 1.3375e+00  1019.7139    21.5328    19.7029     6.2620    191.909    7.45563  228.48925     83.990 0.0000e+00
   40.95958  -73.57998      2.491      2.471    21.5331    28.8828      7.822     1.7071 1.6886e+00  1019.7139    21.5326    19.7031     6.2571    191.758    7.45563  228.48932     83.924 0.0000e+00
   40.95958  -73.57998      2.481      2.462    21.5324    28.8829      7.817     1.7071 2.2036e+00  1019.7142    21.5319    19.7033     6.2569    191.754    7.45561  228.48857     83.923 0.0000e+00
   40.95958  -73.57998      2.449      2.430    21.5322    28.8830      7.822     1.7205 2.3302e+00  1019.7141    21.5317    19.7035     6.2568    191.750    7.45564  228.48970     83.920 0.0000e+00
   40.95958  -73.57998      2.440      2.421    21.5318    28.8830      7.817     1.7205 1.8385e+00  1019.7142    21.5314    19.7036     6.2567    191.746    7.45567  228.49057     83.918 0.0000e+00
   40.95958  -73.57998      2.419      2.400    21.5316    28.8832      7.817     1.7205 9.7855e-01  1019.7142    21.5312    19.7038     6.2619    191.906    7.45567  228.49056     83.989 0.0000e+00
   40.95958  -73.57998      2.411      2.392    21.5313    28.8832      7.817     1.7205 7.3854e-01  1019.7146    21.5308    19.7040     6.2570    191.755    7.45572  228.49210     83.922 0.0000e+00
   40.95958  -73.57998      2.389      2.370    21.5310    28.8833      7.822     1.7339 1.4627e+00  1019.7145    21.5305    19.7040     6.2568    191.750    7.45576  228.49347     83.919 0.0000e+00
   40.95958  -73.57998      2.379      2.361    21.5310    28.8833      7.822     1.7205 4.3903e+00  1019.7140    21.5305    19.7040     6.2566    191.745    7.45580  228.49438     83.917 0.0000e+00
   40.95958  -73.57998      2.370      2.351    21.5302    28.8833      7.822     1.7205 5.7928e+00  1019.7146    21.5298    19.7042     6.2567    191.747    7.45580  228.49457     83.918 0.0000e+00
   40.95958  -73.57998      2.349      2.331    21.5301    28.8834      7.822     1.7205 5.4896e+00  1019.7147    21.5296    19.7044     6.2616    191.897    7.45582  228.49488     83.983 0.0000e+00
   40.95958  -73.57998      2.328      2.310    21.5301    28.8834      7.817     1.7205 3.9682e+00  1019.7144    21.5296    19.7044     6.2569    191.751    7.45577  228.49357     83.920 0.0000e+00
   40.95958  -73.57998      2.319      2.301    21.5301    28.8834      7.822     1.7205 3.3949e+00  1019.7142    21.5296    19.7044     6.2620    191.909    7.45578  228.49376     83.989 0.0000e+00
   40.95958  -73.57998      2.298      2.280    21.5299    28.8834      7.822     1.7205 3.3525e+00  1019.7145    21.5294    19.7044     6.2623    191.919    7.45576  228.49322     83.993 0.0000e+00
   40.95958  -73.57998      2.289      2.271    21.5299    28.8833      7.822     1.7205 3.1854e+00  1019.7141    21.5294    19.7043     6.2575    191.770    7.45571  228.49168     83.929 0.0000e+00
   40.95958  -73.57998      2.278      2.260    21.5299    28.8833      7.817     1.7205 3.1032e+00  1019.7141    21.5294    19.7043     6.2627    191.929    7.45575  228.49287     83.998 0.0000e+00
   40.95958  -73.57998      2.257      2.239    21.5295    28.8833      7.817     1.7205 3.0828e+00  1019.7143    21.5291    19.7044     6.2580    191.786    7.45571  228.49174     83.936 0.0000e+00
   40.95958  -73.57998      2.247      2.230    21.5295    28.8834      7.822     1.7205 2.0271e+00  1019.7143    21.5291    19.7045     6.2633    191.947    7.45570  228.49135     84.006 0.0000e+00
   40.95958  -73.57998      2.238      2.220    21.5292    28.8835      7.822     1.7205 1.4154e+00  1019.7142    21.5288    19.7046     6.2580    191.787    7.45575  228.49278     83.936 0.0000e+00
   40.95956  -73.57998      2.227      2.209    21.5288    28.8836      7.817     1.7205 1.3221e+00  1019.7146    21.5284    19.7048     6.2580    191.786    7.45574  228.49260     83.935 0.0000e+00
   40.95956  -73.57998      2.217      2.200    21.5288    28.8838      7.817     1.7205 1.8217e+00  1019.7145    21.5284    19.7049     6.2580    191.787    7.45571  228.49156     83.936 0.0000e+00
   40.95956  -73.57998      2.208      2.190    21.5288    28.8838      7.817     1.7205 2.2938e+00  1019.7146    21.5284    19.7050     6.2582    191.793    7.45573  228.49232     83.938 0.0000e+00
   40.95956  -73.57998      2.177      2.160    21.5290    28.8838      7.817     1.7205 2.3852e+00  1019.7144    21.5286    19.7050     6.2582    191.793    7.45576  228.49333     83.938 0.0000e+00
   40.95956  -73.57998      2.168      2.151    21.5290    28.8838      7.817     1.7339 3.6323e+00  1019.7144    21.5286    19.7050     6.2582    191.791    7.45581  228.49495     83.937 0.0000e+00
   40.95956  -73.57998      2.157      2.140    21.5292    28.8838      7.817     1.7205 5.5714e+00  1019.7142    21.5288    19.7050     6.2581    191.791    7.45582  228.49534     83.936 0.0000e+00
   40.95956  -73.57998      2.146      2.129    21.5285    28.8838      7.822     1.7205 6.1055e+00  1019.7148    21.5280    19.7050     6.2583    191.796    7.45592  228.49834     83.938 0.0000e+00
   40.95956  -73.57998      2.136      2.120    21.5297    28.8838      7.817     1.7205 5.4625e+00  1019.7137    21.5293    19.7049     6.2585    191.800    7.45598  228.50016     83.939 0.0000e+00
   40.95956  -73.57998      2.115      2.099    21.5290    28.8837      7.817     1.7205 4.4628e+00  1019.7141    21.5286    19.7048     6.2584    191.800    7.45600  228.50049     83.938 0.0000e+00
   40.95956  -73.57998      2.106      2.090    21.5292    28.8837      7.817     1.6937 4.2236e+00  1019.7138    21.5288    19.7048     6.2582    191.791    7.45609  228.50301     83.934 0.0000e+00
   40.95956  -73.57998      2.096      2.080    21.5290    28.8837      7.817     1.6668 4.6590e+00  1019.7140    21.5286    19.7048     6.2581    191.790    7.45608  228.50269     83.933 0.0000e+00
   40.95956  -73.57998      2.076      2.060    21.5292    28.8837      7.817     1.6668 5.9054e+00  1019.7138    21.5288    19.7048     6.2579    191.782    7.45606  228.50237     83.930 0.0000e+00
   40.95956  -73.57998      2.066      2.050    21.5290    28.8835      7.817     1.6668 6.3687e+00  1019.7138    21.5286    19.7047     6.2579    191.783    7.45609  228.50305     83.930 0.0000e+00
   40.95956  -73.57998      2.045      2.030    21.5288    28.8835      7.817     1.6668 6.6083e+00  1019.7134    21.5285    19.7047     6.2578    191.779    7.45605  228.50180     83.929 0.0000e+00
   40.95956  -73.57998      2.036      2.020    21.5288    28.8835      7.817     1.6668 7.7557e+00  1019.7136    21.5285    19.7048     6.2574    191.768    7.45604  228.50155     83.924 0.0000e+00
   40.95956  -73.57998      2.025      2.009    21.5286    28.8835      7.817     1.6668 8.2691e+00  1019.7136    21.5283    19.7048     6.2622    191.913    7.45599  228.49988     83.988 0.0000e+00
   40.95956  -73.57998      2.004      1.989    21.5286    28.8835      7.817     1.6668 7.8905e+00  1019.7134    21.5283    19.7048     6.2621    191.912    7.45594  228.49836     83.988 0.0000e+00
   40.95956  -73.57998      1.995      1.979    21.5285    28.8836      7.817     1.6668 4.7087e+00  1019.7136    21.5281    19.7049     6.2568    191.750    7.45589  228.49688     83.918 0.0000e+00
   40.95956  -73.57998      1.974      1.959    21.5286    28.8837      7.817     1.6668 3.4162e+00  1019.7135    21.5283    19.7050     6.2563    191.735    7.45582  228.49505     83.912 0.0000e+00
   40.95956  -73.57998      1.955      1.940    21.5285    28.8838      7.817     1.6668 3.3737e+00  1019.7137    21.5281    19.7051     6.2559    191.721    7.45577  228.49340     83.906 -9.990e-29
   40.95956  -73.57998      1.955      1.940    21.5286    28.8838      7.817     1.6668 5.5714e+00  1019.7134    21.5283    19.7050     6.2558    191.718    7.45576  228.49317     83.905 -9.990e-29
   40.95956  -73.57998      1.923      1.908    21.5286    28.8838      7.817     1.6668 7.2314e+00  1019.7133    21.5283    19.7050     6.2556    191.713    7.45569  228.49104     83.904 -9.990e-29
   40.95956  -73.57998      1.923      1.908    21.5286    28.8839      7.817     1.6668 7.4579e+00  1019.7134    21.5283    19.7051     6.2554    191.706    7.45564  228.48956     83.902 -9.990e-29
   40.95956  -73.57998      1.904      1.889    21.5285    28.8839      7.817     1.6668 6.8533e+00  1019.7135    21.5281    19.7052     6.2553    191.702    7.45561  228.48846     83.900 0.0000e+00
   40.95956  -73.57998      1.883      1.869    21.5286    28.8839      7.817     1.6668 6.3984e+00  1019.7134    21.5283    19.7052     6.2602    191.853    7.45553  228.48602     83.967 0.0000e+00
   40.95956  -73.57998      1.874      1.859    21.5285    28.8838      7.817     1.6668 6.3391e+00  1019.7132    21.5281    19.7051     6.2604    191.859    7.45553  228.48607     83.970 0.0000e+00
   40.95956  -73.57998      1.863      1.848    21.5286    28.8838      7.817     1.6668 5.8771e+00  1019.7129    21.5283    19.7050     6.2605    191.862    7.45550  228.48523     83.971 0.0000e+00
   40.95956  -73.57998      1.843      1.829    21.5286    28.8838      7.817     1.6668 5.3281e+00  1019.7130    21.5283    19.7050     6.2606    191.867    7.45550  228.48553     83.973 -9.990e-29
   40.95956  -73.57998      1.842      1.828    21.5285    28.8839      7.817     1.6668 5.1956e+00  1019.7130    21.5281    19.7051     6.2608    191.873    7.45553  228.48626     83.976 -9.990e-29
   40.95956  -73.57998      1.823      1.809    21.5285    28.8840      7.817     1.6668 7.2635e+00  1019.7132    21.5281    19.7052     6.2610    191.877    7.45554  228.48678     83.977 0.0000e+00
   40.95956  -73.57998      1.802      1.788    21.5285    28.8840      7.817     1.6668 1.1537e+01  1019.7131    21.5281    19.7053     6.2614    191.891    7.45556  228.48709     83.983 -9.990e-29
   40.95956  -73.57998      1.802      1.788    21.5286    28.8840      7.817     1.6668 1.2967e+01  1019.7130    21.5283    19.7052     6.2615    191.895    7.45558  228.48799     83.985 -9.990e-29
   40.95956  -73.57998      1.772      1.758    21.5285    28.8839      7.817     1.6668 1.1405e+01  1019.7128    21.5281    19.7051     6.2617    191.899    7.45561  228.48894     83.986 -9.990e-29
   40.95956  -73.57998      1.772      1.758    21.5283    28.8836 -9.990e-29     1.6937 8.4097e+00  1019.7127    21.5280    19.7050     6.2618    191.902    7.45564  228.48961     83.987 -9.990e-29
   40.95956  -73.57998      1.751      1.738    21.5285    28.8834 -9.990e-29     1.7205 7.5893e+00  1019.7122    21.5281    19.7048     6.2619    191.905    7.45566  228.49021     83.988 -9.990e-29
   40.95956  -73.57998      1.751      1.738    21.5281    28.8834 -9.990e-29     1.7205 7.0408e+00  1019.7123    21.5278    19.7047     6.2623    191.917    7.45566  228.49036     83.994 -9.990e-29
   40.95956  -73.57998      1.721      1.708    21.5278    28.8834 -9.990e-29     1.7205 5.0390e+00  1019.7123    21.5274    19.7049     6.2623    191.919    7.45566  228.49028     83.994 -9.990e-29
   40.95956  -73.57998      1.731      1.717    21.5274    28.8835 -9.990e-29     1.7205 4.3423e+00  1019.7126    21.5271    19.7051     6.2624    191.920    7.45565  228.48981     83.995 -9.990e-29
   40.95956  -73.57998      1.701      1.687    21.5272    28.8838 -9.990e-29     1.7205 4.7087e+00  1019.7129    21.5269    19.7054     6.2624    191.922    7.45565  228.48996     83.996 0.0000e+00
   40.95956  -73.57998      1.691      1.678    21.5271    28.8840 -9.990e-29     1.7205 8.1301e+00  1019.7130    21.5267    19.7056     6.2624    191.922    7.45563  228.48933     83.996 -9.990e-29
   40.95956  -73.57998      1.691      1.678    21.5274    28.8842 -9.990e-29     1.7205 1.0226e+01  1019.7129    21.5271    19.7057     6.2628    191.932    7.45564  228.48964     84.000 -9.990e-29
   40.95956  -73.57998      1.651      1.638    21.5272    28.8842 -9.990e-29     1.7205 1.0226e+01  1019.7131    21.5269    19.7057     6.2628    191.932    7.45563  228.48921     84.000 0.0000e+00
   40.95956  -73.57998      1.600      1.588    21.5274    28.8842 -9.990e-29     1.7205 7.0723e+00  1019.7127    21.5271    19.7056     6.2631    191.942    7.45562  228.48889     84.005 0.0000e+00
