CalculateIndicators/WaterTemperature/Data/CTD_NYOS/20220513_C05.cnv
* Sea-Bird SBE 9 Data File:
* FileName = C:\Seabird 9 CTD\Data\2022\202205_offshore\20220513_C05.hex
* Software Version Seasave V 7.23.2
* Temperature SN = 4590
* Conductivity SN = 3228
* Number of Bytes Per Scan = 44
* Number of Voltage Words = 5
* Number of Scans Averaged by the Deck Unit = 1
* NMEA Latitude = 39 42.81 N
* NMEA Longitude = 073 30.30 W
* NMEA UTC (Time) = Sep 27 2002  15:09:03
* NMEA baud rate = 4800
** Ship: seawolf
** Station: 7.3
** Operator: EIH
# nquan = 18
# nvalues = 12345                       
# units = specified
# name 0 = latitude: Latitude [deg]
# name 1 = longitude: Longitude [deg]
# name 2 = prDM: Pressure, Digiquartz [db]
# name 3 = depSM: Depth [salt water, m]
# name 4 = t090C: Temperature [ITS-90, deg C]
# name 5 = sal00: Salinity, Practical [PSU]
# name 6 = ph: pH
# name 7 = flECO-AFL: Fluorescence, WET Labs ECO-AFL/FL [mg/m^3]
# name 8 = cpar: CPAR/Corrected Irradiance [%]
# name 9 = density00: Density [density, kg/m^3]
# name 10 = potemp090C: Potential Temperature [ITS-90, deg C]
# name 11 = sigma-é00: Density [sigma-theta, kg/m^3]
# name 12 = sbeox0Mg/L: Oxygen, SBE 43 [mg/l]
# name 13 = sbox0Mm/Kg: Oxygen, SBE 43 [umol/kg]
# name 14 = oxsolMg/L: Oxygen Saturation, Garcia & Gordon [mg/l]
# name 15 = oxsolMm/Kg: Oxygen Saturation, Garcia & Gordon [umol/kg]
# name 16 = sbeox0PS: Oxygen, SBE 43 [% saturation]
# name 17 = flag:  0.000e+00
# span 0 =   39.71306,   39.71360       
# span 1 =  -73.50690,  -73.50500       
# span 2 =      1.310,     37.913       
# span 3 =      1.300,     37.620       
# span 4 =     9.3203,     9.6969       
# span 5 =    33.0236,    33.0520       
# span 6 =      8.064,      8.091       
# span 7 =     0.2700,     1.3713       
# span 8 = 3.8330e-02, 7.7827e+01       
# span 9 =  1025.4769,  1025.7005       
# span 10 =     9.3169,     9.6963      
# span 11 =    25.4707,    25.5294      
# span 12 =     9.0264,     9.2863      
# span 13 =    275.057,    282.990      
# span 14 =    9.19870,    9.27656      
# span 15 =  280.32101,  282.68947      
# span 16 =     97.323,    100.938      
# span 17 = 0.0000e+00, 0.0000e+00      
# interval = seconds: 0.0416667
# start_time = May 13 2022 15:09:03 [System UTC, first data scan.]
# bad_flag = -9.990e-29
*END*
[from data line 10453]
   39.71314  -73.50654      5.986      5.941     9.6925    33.0454      8.086     0.5789 1.1600e+01  1025.5040     9.6918    25.4769     9.2647    282.333    9.19921  280.33658    100.712 0.0000e+00
   39.71314  -73.50654      5.957      5.912     9.6928    33.0457      8.086     0.5789 1.1698e+01  1025.5040     9.6922    25.4771     9.2645    282.327    9.19922  280.33684    100.710 0.0000e+00
   39.71314  -73.50654      5.926      5.881     9.6922    33.0460      8.086     0.5789 1.1750e+01  1025.5045     9.6915    25.4774     9.2643    282.321    9.19927  280.33861    100.707 0.0000e+00
   39.71314  -73.50654      5.915      5.870     9.6930    33.0461      8.086     0.5789 1.1750e+01  1025.5043     9.6923    25.4775     9.2641    282.314    9.19937  280.34153    100.704 0.0000e+00
   39.71314  -73.50654      5.886      5.841     9.6931    33.0461      8.086     0.5789 1.1849e+01  1025.5040     9.6925    25.4774     9.2696    282.482    9.19942  280.34301    100.763 0.0000e+00
   39.71314  -73.50654      5.865      5.821     9.6935    33.0461      8.086     0.5923 1.1849e+01  1025.5039     9.6929    25.4773     9.2698    282.488    9.19942  280.34302    100.765 0.0000e+00
   39.71316  -73.50660      5.835      5.791     9.6941    33.0461      8.086     0.5789 1.1868e+01  1025.5035     9.6935    25.4772     9.2642    282.317    9.19955  280.34677    100.703 0.0000e+00
   39.71316  -73.50660      5.824      5.780     9.6941    33.0461      8.086     0.5923 1.1968e+01  1025.5034     9.6935    25.4772     9.2695    282.477    9.19956  280.34722    100.760 0.0000e+00
   39.71316  -73.50660      5.795      5.751     9.6935    33.0464      8.086     0.5789 1.2104e+01  1025.5038     9.6929    25.4774     9.2695    282.477    9.19958  280.34781    100.760 0.0000e+00
   39.71316  -73.50660      5.784      5.740     9.6940    33.0468      8.086     0.5789 1.2104e+01  1025.5038     9.6934    25.4777     9.2700    282.493    9.19955  280.34703    100.766 0.0000e+00
   39.71316  -73.50660      5.754      5.710     9.6940    33.0470      8.086     0.5654 1.2275e+01  1025.5041     9.6933    25.4780     9.2646    282.330    9.19953  280.34645    100.708 0.0000e+00
   39.71316  -73.50660      5.744      5.700     9.6938    33.0471      8.086     0.4849 1.2449e+01  1025.5041     9.6932    25.4780     9.2645    282.326    9.19956  280.34721    100.706 0.0000e+00
   39.71316  -73.50660      5.713      5.669     9.6943    33.0471      8.086     0.4580 1.2468e+01  1025.5037     9.6937    25.4780     9.2701    282.498    9.19956  280.34722    100.767 0.0000e+00
   39.71316  -73.50660      5.703      5.660     9.6945    33.0472      8.086     0.4580 1.2610e+01  1025.5039     9.6938    25.4780     9.2705    282.509    9.19953  280.34644    100.772 0.0000e+00
   39.71316  -73.50660      5.692      5.649     9.6950    33.0472      8.086     0.4580 1.2824e+01  1025.5036     9.6943    25.4779     9.2709    282.520    9.19956  280.34721    100.775 0.0000e+00
   39.71316  -73.50660      5.663      5.620     9.6951    33.0472      8.086     0.4580 1.2896e+01  1025.5035     9.6945    25.4779     9.2711    282.527    9.19950  280.34550    100.778 0.0000e+00
   39.71316  -73.50660      5.652      5.609     9.6950    33.0473      8.086     0.4580 1.3006e+01  1025.5037     9.6943    25.4780     9.2713    282.533    9.19947  280.34433    100.781 0.0000e+00
   39.71316  -73.50660      5.633      5.590     9.6951    33.0473      8.086     0.4580 1.3264e+01  1025.5036     9.6945    25.4781     9.2708    282.519    9.19949  280.34504    100.775 -9.990e-29
   39.71316  -73.50660      5.633      5.590     9.6956    33.0473      8.086     0.4580 1.3339e+01  1025.5036     9.6950    25.4780     9.2644    282.322    9.19946  280.34423    100.706 -9.990e-29
   39.71316  -73.50660      5.611      5.568     9.6965    33.0473      8.086     0.4580 1.3414e+01  1025.5031     9.6958    25.4778     9.2695    282.479    9.19936  280.34112    100.763 0.0000e+00
   39.71316  -73.50660      5.592      5.549     9.6965    33.0472      8.086     0.4580 1.3758e+01  1025.5031     9.6958    25.4777     9.2688    282.457    9.19930  280.33930    100.755 -9.990e-29
   39.71316  -73.50660      5.592      5.549     9.6968    33.0472      8.086     0.4580 1.3897e+01  1025.5026     9.6962    25.4776     9.2744    282.629    9.19923  280.33741    100.817 -9.990e-29
   39.71316  -73.50660      5.573      5.530     9.6969    33.0472      8.086     0.4580 1.3936e+01  1025.5028     9.6963    25.4777     9.2690    282.464    9.19918  280.33584    100.759 0.0000e+00
   39.71316  -73.50660      5.562      5.519     9.6965    33.0475      8.086     0.4580 1.4173e+01  1025.5032     9.6959    25.4780     9.2688    282.458    9.19922  280.33706    100.757 -9.990e-29
   39.71316  -73.50660      5.562      5.519     9.6961    33.0477      8.086     0.4580 1.4311e+01  1025.5034     9.6955    25.4781     9.2685    282.448    9.19916  280.33505    100.754 -9.990e-29
   39.71316  -73.50660      5.552      5.510     9.6965    33.0477      8.086     0.4580 1.4311e+01  1025.5030     9.6959    25.4781     9.2740    282.615    9.19916  280.33516    100.813 0.0000e+00
   39.71316  -73.50660      5.541      5.499     9.6961    33.0478      8.086     0.4580 1.4432e+01  1025.5036     9.6955    25.4783     9.2684    282.445    9.19919  280.33605    100.752 0.0000e+00
   39.71316  -73.50660      5.522      5.480     9.6965    33.0478      8.086     0.4580 1.4473e+01  1025.5033     9.6959    25.4783     9.2738    282.609    9.19919  280.33604    100.811 -9.990e-29
   39.71316  -73.50660      5.531      5.489     9.6961    33.0479      8.086     0.4580 1.4473e+01  1025.5033     9.6955    25.4783     9.2738    282.609    9.19912  280.33375    100.811 -9.990e-29
   39.71316  -73.50660      5.522      5.480     9.6961    33.0479      8.086     0.4580 1.4554e+01  1025.5031     9.6955    25.4783     9.2678    282.428    9.19904  280.33139    100.748 0.0000e+00
   39.71314  -73.50654      5.511      5.469     9.6960    33.0479      8.086     0.4580 1.4595e+01  1025.5032     9.6954    25.4784     9.2730    282.584    9.19903  280.33105    100.804 -9.990e-29
   39.71314  -73.50654      5.520      5.478     9.6958    33.0480      8.086     0.4580 1.4554e+01  1025.5036     9.6952    25.4784     9.2677    282.423    9.19900  280.33041    100.746 -9.990e-29
   39.71314  -73.50654      5.511      5.469     9.6963    33.0480      8.086     0.4580 1.4554e+01  1025.5032     9.6957    25.4784     9.2734    282.596    9.19902  280.33075    100.808 0.0000e+00
   39.71314  -73.50654      5.500      5.458     9.6961    33.0481      8.086     0.4580 1.4554e+01  1025.5033     9.6955    25.4785     9.2731    282.588    9.19893  280.32835    100.806 -9.990e-29
   39.71314  -73.50654      5.511      5.469     9.6955    33.0481      8.086     0.4580 1.4572e+01  1025.5035     9.6949    25.4786     9.2735    282.600    9.19896  280.32911    100.810 -9.990e-29
   39.71314  -73.50654      5.501      5.459     9.6948    33.0481      8.086     0.4177 1.4491e+01  1025.5037     9.6942    25.4787     9.2679    282.430    9.19891  280.32773    100.750 -9.990e-29
   39.71314  -73.50654      5.500      5.458     9.6948    33.0482      8.086     0.3908 1.4432e+01  1025.5035     9.6942    25.4787     9.2734    282.599    9.19893  280.32830    100.810 -9.990e-29
   39.71314  -73.50654      5.501      5.459     9.6943    33.0482      8.086     0.3908 1.4409e+01  1025.5037     9.6937    25.4787     9.2738    282.610    9.19904  280.33147    100.813 -9.990e-29
   39.71314  -73.50654      5.511      5.469     9.6946    33.0482      8.086     0.3908 1.4392e+01  1025.5035     9.6940    25.4788     9.2740    282.615    9.19902  280.33079    100.815 -9.990e-29
   39.71314  -73.50654      5.501      5.459     9.6946    33.0482      8.086     0.4043 1.4311e+01  1025.5041     9.6940    25.4789     9.2741    282.618    9.19897  280.32956    100.816 -9.990e-29
   39.71314  -73.50654      5.511      5.469     9.6951    33.0482      8.086     0.4043 1.4271e+01  1025.5037     9.6945    25.4788     9.2742    282.621    9.19901  280.33077    100.817 -9.990e-29
   39.71314  -73.50654      5.501      5.459     9.6948    33.0483      8.086     0.4043 1.4231e+01  1025.5035     9.6942    25.4787     9.2742    282.623    9.19903  280.33126    100.817 -9.990e-29
   39.71314  -73.50654      5.511      5.469     9.6946    33.0483      8.086     0.3908 1.4191e+01  1025.5036     9.6940    25.4787     9.2742    282.623    9.19904  280.33152    100.817 -9.990e-29
   39.71314  -73.50654      5.511      5.469     9.6945    33.0483      8.086     0.4043 1.4151e+01  1025.5038     9.6939    25.4788     9.2742    282.621    9.19908  280.33292    100.816 -9.990e-29
   39.71314  -73.50654      5.511      5.469     9.6940    33.0484      8.086     0.3908 1.4191e+01  1025.5040     9.6934    25.4790     9.2741    282.618    9.19910  280.33322    100.815 -9.990e-29
   39.71314  -73.50654      5.511      5.469     9.6940    33.0486      8.086     0.3908 1.4191e+01  1025.5041     9.6934    25.4791     9.2739    282.612    9.19909  280.33295    100.813 -9.990e-29
   39.71314  -73.50654      5.511      5.469     9.6941    33.0486      8.086     0.3908 1.4231e+01  1025.5042     9.6935    25.4791     9.2736    282.603    9.19904  280.33156    100.810 -9.990e-29
   39.71314  -73.50654      5.501      5.459     9.6946    33.0486      8.086     0.3908 1.4231e+01  1025.5038     9.6940    25.4791     9.2732    282.592    9.19896  280.32914    100.807 -9.990e-29
   39.71314  -73.50654      5.520      5.478     9.6945    33.0486      8.086     0.4043 1.4191e+01  1025.5042     9.6939    25.4791     9.2729    282.583    9.19900  280.33050    100.803 -9.990e-29
   39.71314  -73.50654      5.511      5.469     9.6945    33.0486      8.086     0.3908 1.4191e+01  1025.5041     9.6939    25.4790     9.2784    282.750    9.19905  280.33188    100.862 -9.990e-29
   39.71314  -73.50654      5.520      5.478     9.6943    33.0485      8.086     0.3908 1.4133e+01  1025.5038     9.6937    25.4790     9.2728    282.579    9.19912  280.33402    100.801 -9.990e-29
   39.71314  -73.50654      5.511      5.469     9.6938    33.0485      8.086     0.3908 1.4094e+01  1025.5039     9.6932    25.4790     9.2724    282.566    9.19921  280.33667    100.795 -9.990e-29
   39.71314  -73.50654      5.511      5.469     9.6935    33.0485      8.086     0.3908 1.4054e+01  1025.5041     9.6929    25.4791     9.2719    282.551    9.19931  280.33962    100.789 -9.990e-29
   39.71314  -73.50654      5.520      5.478     9.6935    33.0485      8.086     0.3908 1.4014e+01  1025.5042     9.6929    25.4792     9.2720    282.555    9.19939  280.34221    100.789 -9.990e-29
   39.71316  -73.50660      5.511      5.469     9.6929    33.0485      8.086     0.3908 1.4054e+01  1025.5043     9.6923    25.4793     9.2721    282.557    9.19945  280.34381    100.789 -9.990e-29
   39.71316  -73.50660      5.500      5.458     9.6928    33.0485      8.086     0.3908 1.4054e+01  1025.5042     9.6922    25.4793     9.2714    282.536    9.19948  280.34484    100.782 -9.990e-29
   39.71316  -73.50660      5.511      5.469     9.6927    33.0485      8.086     0.3908 1.4037e+01  1025.5043     9.6921    25.4793     9.2714    282.537    9.19958  280.34780    100.781 -9.990e-29
   39.71316  -73.50660      5.501      5.459     9.6929    33.0484      8.086     0.3908 1.4037e+01  1025.5041     9.6923    25.4792     9.2713    282.533    9.19954  280.34668    100.780 -9.990e-29
   39.71316  -73.50660      5.500      5.458     9.6930    33.0484      8.086     0.3908 1.4037e+01  1025.5040     9.6924    25.4792     9.2711    282.528    9.19951  280.34576    100.779 -9.990e-29
   39.71316  -73.50660      5.491      5.449     9.6928    33.0484      8.086     0.3908 1.4037e+01  1025.5041     9.6922    25.4792     9.2704    282.505    9.19955  280.34704    100.770 -9.990e-29
   39.71316  -73.50660      5.500      5.458     9.6928    33.0484      8.086     0.3774 1.4037e+01  1025.5042     9.6922    25.4792     9.2695    282.478    9.19956  280.34716    100.760 -9.990e-29
   39.71316  -73.50660      5.491      5.449     9.6930    33.0484      8.086     0.3774 1.4037e+01  1025.5040     9.6924    25.4792     9.2693    282.471    9.19958  280.34773    100.757 0.0000e+00
   39.71316  -73.50660      5.480      5.439     9.6928    33.0485      8.086     0.3774 1.4019e+01  1025.5041     9.6922    25.4793     9.2689    282.461    9.19954  280.34654    100.754 0.0000e+00
   39.71316  -73.50660      5.471      5.429     9.6930    33.0487      8.086     0.3774 1.4019e+01  1025.5042     9.6924    25.4794     9.2686    282.450    9.19949  280.34511    100.751 -9.990e-29
   39.71316  -73.50660      5.471      5.429     9.6932    33.0488      8.086     0.3774 1.4019e+01  1025.5042     9.6926    25.4794     9.2682    282.440    9.19953  280.34619    100.747 -9.990e-29
   39.71316  -73.50660      5.460      5.418     9.6931    33.0488      8.086     0.3774 1.4019e+01  1025.5040     9.6925    25.4794     9.2682    282.439    9.19978  280.35393    100.744 0.0000e+00
   39.71316  -73.50660      5.441      5.399     9.6931    33.0488      8.086     0.3774 1.4019e+01  1025.5042     9.6925    25.4795     9.2740    282.614    9.20010  280.36350    100.803 -9.990e-29
   39.71316  -73.50660      5.439      5.398     9.6937    33.0488      8.086     0.3774 1.4059e+01  1025.5041     9.6931    25.4795     9.2680    282.432    9.20040  280.37251    100.734 -9.990e-29
   39.71316  -73.50660      5.441      5.399     9.6940    33.0488      8.086     0.3774 1.4059e+01  1025.5041     9.6934    25.4793     9.2676    282.420    9.20051  280.37568    100.729 -9.990e-29
   39.71316  -73.50660      5.410      5.369     9.6945    33.0486      8.086     0.3774 1.4041e+01  1025.5034     9.6939    25.4791     9.2672    282.409    9.20063  280.37931    100.724 -9.990e-29
   39.71316  -73.50660      5.409      5.368     9.6946    33.0485      8.086     0.3774 1.4120e+01  1025.5035     9.6940    25.4790     9.2616    282.238    9.20074  280.38265    100.662 -9.990e-29
   39.71316  -73.50660      5.390      5.349     9.6945    33.0484      8.086     0.3774 1.4160e+01  1025.5033     9.6939    25.4789     9.2663    282.380    9.20074  280.38272    100.712 -9.990e-29
   39.71316  -73.50660      5.388      5.347     9.6948    33.0484      8.086     0.3774 1.4160e+01  1025.5033     9.6942    25.4789     9.2599    282.187    9.20076  280.38325    100.643 -9.990e-29
   39.71316  -73.50660      5.360      5.319     9.6948    33.0484      8.086     0.3774 1.4200e+01  1025.5031     9.6942    25.4789     9.2588    282.151    9.20079  280.38420    100.630 0.0000e+00
   39.71316  -73.50660      5.349      5.308     9.6946    33.0485      8.086     0.3774 1.4263e+01  1025.5032     9.6941    25.4790     9.2641    282.313    9.20075  280.38303    100.688 0.0000e+00
   39.71316  -73.50660      5.339      5.298     9.6946    33.0486      8.086     0.3774 1.4263e+01  1025.5032     9.6941    25.4790     9.2634    282.293    9.20066  280.38023    100.682 0.0000e+00
   39.71316  -73.50660      5.318      5.278     9.6950    33.0486      8.086     0.3774 1.4343e+01  1025.5031     9.6944    25.4790     9.2635    282.297    9.20069  280.38106    100.683 0.0000e+00
   39.71316  -73.50660      5.299      5.259     9.6953    33.0486      8.086     0.3774 1.4424e+01  1025.5030     9.6947    25.4790     9.2577    282.120    9.20061  280.37887    100.621 0.0000e+00
   39.71312  -73.50656      5.267      5.227     9.6955    33.0485      8.086     0.3774 1.4447e+01  1025.5027     9.6949    25.4789     9.2566    282.084    9.20062  280.37912    100.608 -9.990e-29
