CalculateIndicators/WaterTemperature/Data/CTD_NYOS/202200729_C17.cnv
* Sea-Bird SBE 9 Data File:
* FileName = C:\Seabird 9 CTD\Data\2022\202207_offshore\202200729_C17.hex
* Software Version Seasave V 7.23.2
* Temperature SN = 4590
* Conductivity SN = 3228
* Number of Bytes Per Scan = 44
* Number of Voltage Words = 5
* Number of Scans Averaged by the Deck Unit = 1
* NMEA Latitude = 40 06.34 N
* NMEA Longitude = 072 35.73 W
* NMEA UTC (Time) = Dec 13 2002  01:10:48
* NMEA baud rate = 4800
** Ship: seawolf
** Station: 4.3
** Operator: TDK
# nquan = 18
# nvalues = 14766                       
# units = specified
# name 0 = latitude: Latitude [deg]
# name 1 = longitude: Longitude [deg]
# name 2 = prDM: Pressure, Digiquartz [db]
# name 3 = depSM: Depth [salt water, m]
# name 4 = t090C: Temperature [ITS-90, deg C]
# name 5 = sal00: Salinity, Practical [PSU]
# name 6 = ph: pH
# name 7 = flECO-AFL: Fluorescence, WET Labs ECO-AFL/FL [mg/m^3]
# name 8 = cpar: CPAR/Corrected Irradiance [%]
# name 9 = density00: Density [density, kg/m^3]
# name 10 = potemp090C: Potential Temperature [ITS-90, deg C]
# name 11 = sigma-é00: Density [sigma-theta, kg/m^3]
# name 12 = sbeox0Mg/L: Oxygen, SBE 43 [mg/l]
# name 13 = sbox0Mm/Kg: Oxygen, SBE 43 [umol/kg]
# name 14 = oxsolMg/L: Oxygen Saturation, Garcia & Gordon [mg/l]
# name 15 = oxsolMm/Kg: Oxygen Saturation, Garcia & Gordon [umol/kg]
# name 16 = sbeox0PS: Oxygen, SBE 43 [% saturation]
# name 17 = flag:  0.000e+00
# span 0 =   40.10566,   40.10738       
# span 1 =  -72.59558,  -72.59254       
# span 2 =      1.751,     51.950       
# span 3 =      1.738,     51.545       
# span 4 =     8.1878,    23.5123       
# span 5 =    31.2304,    33.0051       
# span 6 =      7.944,      8.204       
# span 7 =     0.0282,     1.7474       
# span 8 = 5.0640e-11, 9.9999e+04       
# span 9 =  1020.9536,  1025.8949       
# span 10 =     8.1845,    23.5118      
# span 11 =    20.9379,    25.6586      
# span 12 =     7.4209,    10.6775      
# span 13 =    226.105,    325.596      
# span 14 =    7.09795,    9.51934      
# span 15 =  217.26181,  290.05150      
# span 16 =     78.227,    123.535      
# span 17 = 0.0000e+00, 0.0000e+00      
# interval = seconds: 0.0416667
# start_time = Jul 29 2022 01:10:47 [System UTC, first data scan.]
# bad_flag = -9.990e-29
*END*
[from data line 965]
 -9.990e-29  -72.59532      7.584      7.526    22.6015    31.7086      8.170     0.4177 5.0640e-11  1021.5849    22.5999    21.5523     8.4760    259.041    7.67026  234.41679    110.504 0.0000e+00
 -9.990e-29  -72.59532      7.621      7.563    22.5972    31.7097      8.170     0.4177 5.0640e-11  1021.5872    22.5957    21.5544     8.5109    260.101    7.70144  235.36349    110.510 0.0000e+00
 -9.990e-29  -72.59532      7.632      7.574    22.5927    31.7108      8.170     0.4177 5.0640e-11  1021.5894    22.5912    21.5564     8.5541    261.425    7.74876  236.81290    110.393 0.0000e+00
 -9.990e-29  -72.59532      7.652      7.593    22.5883    31.7117      8.170     0.4177 5.0640e-11  1021.5912    22.5868    21.5584     8.6083    263.044    7.80079  238.36839    110.352 0.0000e+00
 -9.990e-29  -72.59532      7.663      7.604    22.5837    31.7120      8.170     0.4177 5.0640e-11  1021.5932    22.5821    21.5602     8.6239    263.491    7.82575  239.10549    110.198 0.0000e+00
 -9.990e-29  -72.59532      7.693      7.634    22.5794    31.7120      8.170     0.4177 5.0640e-11  1021.5956    22.5779    21.5616     8.6545    264.397    7.85955  240.11195    110.114 0.0000e+00
 -9.990e-29  -72.59532      7.726      7.666    22.5767    31.7120      8.170     0.4177 5.0640e-11  1021.5951    22.5752    21.5623     8.6800    265.151    7.88976  241.01152    110.016 -9.990e-29
 -9.990e-29  -72.59532      7.723      7.664    22.5685    31.7112      8.170     0.4177 5.0640e-11  1021.5959    22.5670    21.5636     8.6804    265.137    7.90371  241.41299    109.827 -9.990e-29
 -9.990e-29  -72.59532      7.753      7.694    22.5591    31.7103      8.175     0.4177 5.0640e-11  1021.6009    22.5576    21.5648     8.6668    264.716    7.90715  241.51400    109.607 0.0000e+00
 -9.990e-29  -72.59532      7.774      7.714    22.5591    31.7067      8.170     0.4177 5.0640e-11  1021.5970    22.5576    21.5638     8.6670    264.720    7.92261  241.98305    109.396 0.0000e+00
 -9.990e-29  -72.59532      7.814      7.754    22.5493    31.7067      8.170     0.4177 5.0640e-11  1021.5934    22.5478    21.5635     8.6871    265.319    7.95102  242.83692    109.258 0.0000e+00
 -9.990e-29  -72.59532      7.834      7.774    22.5287    31.7067      8.170     0.4177 5.0640e-11  1021.5993    22.5272    21.5681     8.6887    265.329    7.97254  243.45826    108.983 0.0000e+00
 -9.990e-29  -72.59532      7.865      7.804    22.5104    31.7087      8.170     0.4177 5.0640e-11  1021.6110    22.5088    21.5768     8.6547    264.284    7.96579  243.24672    108.649 0.0000e+00
 -9.990e-29  -72.59532      7.878      7.818    22.5009    31.7148      8.170     0.4177 5.0640e-11  1021.6228    22.4993    21.5843     8.6252    263.400    7.95898  243.05550    108.370 0.0000e+00
 -9.990e-29  -72.59532      7.906      7.845    22.5009    31.7148      8.175     0.4177 5.0640e-11  1021.6210    22.4993    21.5874     8.6138    263.062    7.96774  243.33126    108.109 0.0000e+00
 -9.990e-29  -72.59532      7.925      7.864    22.4916    31.7148      8.175     0.4177 5.0640e-11  1021.6237    22.4901    21.5878     8.6044    262.777    7.98338  243.81038    107.779 0.0000e+00
 -9.990e-29  -72.59532      7.936      7.875    22.4861    31.7075      8.171     0.4177 5.0640e-11  1021.6223    22.4846    21.5851     8.5982    262.578    8.00267  244.39000    107.442 0.0000e+00
 -9.990e-29  -72.59532      7.966      7.905    22.4716    31.6964      8.171     0.4177 5.0640e-11  1021.6093    22.4700    21.5822     8.5977    262.545    8.02247  244.97841    107.171 0.0000e+00
 -9.990e-29  -72.59532      7.997      7.935    22.4293    31.6828      8.175     0.4177 5.0640e-11  1021.6237    22.4277    21.5808     8.5872    262.214    8.03875  245.46642    106.823 0.0000e+00
 -9.990e-29  -72.59532      8.027      7.965    22.4008    31.6634      8.175     0.4177 5.0640e-11  1021.6058    22.3993    21.5777     8.5718    261.732    8.05654  245.99776    106.396 0.0000e+00
 -9.990e-29  -72.59532      8.061      7.999    22.3376    31.6634      8.176     0.4177 5.0640e-11  1021.6057    22.3360    21.5821     8.5513    261.093    8.07062  246.41627    105.956 0.0000e+00
 -9.990e-29  -72.59532      8.098      8.036    22.2590    31.6634      8.176     0.4177 5.0640e-11  1021.6332    22.2575    21.6022     8.5381    260.679    8.08224  246.76208    105.640 0.0000e+00
 -9.990e-29  -72.59532      8.108      8.046    22.2059    31.6676      8.176     0.4311 5.0640e-11  1021.6687    22.2043    21.6294     8.5204    260.134    8.09491  247.14435    105.256 0.0000e+00
 -9.990e-29  -72.59532      8.138      8.076    22.1710    31.6676      8.176     0.4580 5.0640e-11  1021.6916    22.1694    21.6521     8.5103    259.815    8.10944  247.57758    104.943 0.0000e+00
 -9.990e-29  -72.59532      8.168      8.106    22.1334    31.6676      8.176     0.4580 5.0640e-11  1021.7089    22.1318    21.6632     8.4821    258.947    8.11811  247.83444    104.484 0.0000e+00
 -9.990e-29  -72.59532      8.199      8.136    22.0976    31.6629      8.177     0.4580 5.0640e-11  1021.6957    22.0960    21.6637     8.4508    257.987    8.12432  248.02113    104.018 0.0000e+00
 -9.990e-29  -72.59532      8.230      8.167    22.0097    31.6599      8.177     0.4580 5.0640e-11  1021.6918    22.0081    21.6682     8.4326    257.429    8.13249  248.26773    103.690 0.0000e+00
 -9.990e-29  -72.59532      8.270      8.207    21.8839    31.6599      8.177     0.4580 5.0640e-11  1021.7115    21.8823    21.6948     8.4089    256.702    8.14079  248.51741    103.294 0.0000e+00
 -9.990e-29  -72.59532      8.300      8.237    21.7544    31.6599      8.178     0.4580 5.0640e-11  1021.7840    21.7529    21.7430     8.3873    256.033    8.15128  248.82878    102.895 0.0000e+00
 -9.990e-29  -72.59532      8.331      8.267    21.6926    31.6767      8.178     0.4580 5.0640e-11  1021.8372    21.6910    21.7898     8.3701    255.501    8.16043  249.10032    102.570 0.0000e+00
 -9.990e-29  -72.59532      8.355      8.291    21.6556    31.6767      8.178     0.4580 5.0640e-11  1021.8696    21.6540    21.8135     8.3501    254.882    8.16605  249.26510    102.253 0.0000e+00
 -9.990e-29  -72.59532      8.402      8.338    21.6270    31.6767      8.178     0.4580 5.0640e-11  1021.8583    21.6254    21.8028     8.3260    254.144    8.16742  249.30383    101.942 0.0000e+00
 -9.990e-29  -72.59532      8.423      8.358    21.5613    31.6121      8.179     0.4580 5.0640e-11  1021.7849    21.5597    21.7783     8.3014    253.392    8.16729  249.29942    101.642 0.0000e+00
 -9.990e-29  -72.59532      8.463      8.398    21.3787    31.6121      8.179     0.4580 5.0640e-11  1021.7945    21.3771    21.7871     8.2787    252.701    8.16805  249.32408    101.354 0.0000e+00
 -9.990e-29  -72.59532      8.483      8.418    21.1835    31.6121      8.180     0.4580 5.0640e-11  1021.8664    21.1819    21.8467     8.2701    252.440    8.17128  249.42324    101.209 0.0000e+00
   40.10590  -72.59532      8.523      8.458    21.0226    31.6638      8.181     0.4580 -9.990e-29  1021.9715    21.0210    21.9386     8.2534    251.926    8.17590  249.56169    100.947 0.0000e+00
   40.10590  -72.59532      8.553      8.488    20.9597    31.7521      8.181     0.4580 -9.990e-29  1022.1024    20.9581    22.0212     8.2416    251.564    8.17912  249.65698    100.764 0.0000e+00
   40.10590  -72.59532      8.595      8.529    21.0283    31.7521      8.181     0.4580 -9.990e-29  1022.1138    21.0267    22.0502     8.2358    251.386    8.18103  249.71332    100.670 0.0000e+00
   40.10588  -72.59536      8.615      8.549    21.0499    31.7521      8.181     0.4580 -9.990e-29  1022.0766    21.0483    22.0254     8.2314    251.251    8.18264  249.76213    100.596 0.0000e+00
   40.10588  -72.59536      8.645      8.579    21.0147    31.6610      8.181     0.4580 -9.990e-29  1022.0236    21.0131    21.9636     8.2177    250.833    8.18493  249.83215    100.401 0.0000e+00
   40.10588  -72.59536      8.676      8.609    20.9000    31.5106      8.177     0.4580 -9.990e-29  1021.8903    20.8983    21.8922     8.2175    250.825    8.18845  249.93879    100.355 0.0000e+00
   40.10588  -72.59536      8.706      8.639    20.5579    31.5106      8.178     0.4580 -9.990e-29  1021.8404    20.5563    21.8906     8.2240    251.023    8.19130  250.02423    100.400 0.0000e+00
   40.10588  -72.59536      8.736      8.669    20.0491    31.5106      8.180     0.4580 -9.990e-29  1021.9931    20.0476    22.0279     8.2262    251.091    8.19400  250.10641    100.394 0.0000e+00
   40.10588  -72.59536      8.766      8.699    19.6176    31.6140      8.182     0.4580 -9.990e-29  1022.3513    19.6160    22.2444     8.2380    251.447    8.19883  250.25188    100.477 0.0000e+00
   40.10588  -72.59536      8.787      8.719    19.5596    31.7746      8.182     0.4580 -9.990e-29  1022.4887    19.5581    22.4098     8.2454    251.670    8.20304  250.37844    100.516 0.0000e+00
   40.10588  -72.59536      8.817      8.749    19.5098    31.7886      8.182     0.4580 -9.990e-29  1022.5612    19.5082    22.4842     8.2532    251.909    8.20709  250.50023    100.562 0.0000e+00
   40.10588  -72.59536      8.838      8.770    19.4857    31.7886      8.183     0.4580 -9.990e-29  1022.5466    19.4841    22.4956     8.2674    252.339    8.21003  250.58748    100.699 0.0000e+00
   40.10588  -72.59536      8.868      8.800    19.3446    31.7886      8.183     0.6192 -9.990e-29  1022.4943    19.3430    22.4954     8.2876    252.954    8.21165  250.63527    100.925 0.0000e+00
   40.10588  -72.59536      8.908      8.840    19.0670    31.7526      8.184     0.6863 -9.990e-29  1022.5721    19.0654    22.5220     8.3115    253.683    8.21502  250.73712    101.175 -9.990e-29
   40.10588  -72.59536      8.908      8.840    18.8610    31.7135      8.180     0.6998 -9.990e-29  1022.5990    18.8594    22.5536     8.3377    254.480    8.21879  250.85009    101.447 -9.990e-29
   40.10588  -72.59536      8.933      8.864    18.5716    31.7135      8.182     0.6863 -9.990e-29  1022.5847    18.5701    22.5990     8.3705    255.480    8.22098  250.91589    101.819 0.0000e+00
   40.10588  -72.59536      8.980      8.910    18.1945    31.7135      8.183     0.6863 -9.990e-29  1022.7343    18.1930    22.6906     8.3940    256.196    8.22371  250.99740    102.071 0.0000e+00
   40.10588  -72.59536      9.000      8.931    18.0011    31.7727      8.184     0.6863 -9.990e-29  1022.8431    17.9996    22.8032     8.4255    257.154    8.22726  251.10315    102.410 0.0000e+00
   40.10588  -72.59536      9.019      8.950    17.7536    31.8420      8.185     0.6863 -9.990e-29  1022.9553    17.7521    22.9107     8.4639    258.324    8.23070  251.20677    102.833 -9.990e-29
   40.10588  -72.59536      9.010      8.940    17.5341    31.9123      8.186     0.6863 -9.990e-29  1023.0546    17.5326    23.0107     8.4921    259.184    8.23353  251.29111    103.141 -9.990e-29
   40.10588  -72.59536      9.070      9.000    17.4110    31.9746      8.182     0.6863 -9.990e-29  1023.1598    17.4095    23.0891     8.5315    260.384    8.23486  251.33119    103.602 -9.990e-29
   40.10588  -72.59536      9.070      9.000    17.3839    32.0064      8.182     0.6863 -9.990e-29  1023.1772    17.3824    23.1338     8.5737    261.671    8.23745  251.41024    104.081 -9.990e-29
   40.10588  -72.59536      9.081      9.011    17.2867    32.0200      8.182     0.6863 -9.990e-29  1023.1897    17.2852    23.1697     8.6187    263.047    8.24138  251.52981    104.579 0.0000e+00
   40.10588  -72.59536      9.101      9.031    17.0952    32.0609      8.183     0.6863 -9.990e-29  1023.2491    17.0938    23.2354     8.6657    264.479    8.24580  251.66427    105.092 0.0000e+00
   40.10588  -72.59536      9.121      9.051    16.9118    32.1284      8.184     0.6863 -9.990e-29  1023.3992    16.9104    23.3143     8.7158    266.006    8.25147  251.83562    105.627 0.0000e+00
   40.10588  -72.59536      9.142      9.071    16.9432    32.1284      8.184     0.6863 -9.990e-29  1023.4223    16.9417    23.3442     8.7634    267.457    8.25948  252.07830    106.101 0.0000e+00
   40.10588  -72.59536      9.151      9.081    17.0097    32.1284      8.183     0.6863 -9.990e-29  1023.3521    17.0082    23.3197     8.8184    269.130    8.26861  252.35170    106.649 -9.990e-29
   40.10590  -72.59532      9.142      9.071    16.9708    32.0849      8.184     0.6863 -9.990e-29  1023.3171    16.9694    23.2916     8.8710    270.734    8.27471  252.53633    107.206 -9.990e-29
   40.10590  -72.59532      9.202      9.131    16.8808    32.0849      8.179     0.6863 -9.990e-29  1023.3110    16.8793    23.2909     8.9237    272.340    8.28511  252.85106    107.708 -9.990e-29
   40.10590  -72.59532      9.182      9.111    16.7521    32.0849      8.184     0.6863 -9.990e-29  1023.3512    16.7507    23.3224     8.9883    274.305    8.29558  253.16431    108.351 -9.990e-29
   40.10590  -72.59532      9.219      9.148    16.6108    32.0914      8.180     0.6863 -9.990e-29  1023.4191    16.6093    23.3711     9.0464    276.076    8.30485  253.44539    108.929 -9.990e-29
   40.10590  -72.59532      9.212      9.141    16.5012    32.1183      8.181     0.6863 -9.990e-29  1023.4578    16.4998    23.4193     9.1072    277.929    8.31579  253.77587    109.517 -9.990e-29
   40.10590  -72.59532      9.233      9.161    16.3794    32.1447      8.181     0.6863 -9.990e-29  1023.5070    16.3779    23.4651     9.1657    279.706    8.32457  254.03740    110.104 0.0000e+00
   40.10590  -72.59532      9.244      9.172    16.2804    32.1718      8.182     0.6863 -9.990e-29  1023.5536    16.2790    23.5086     9.2204    281.372    8.33082  254.22548    110.678 0.0000e+00
   40.10590  -72.59532      9.253      9.182    16.1993    32.1926      8.182     0.6863 -9.990e-29  1023.5911    16.1978    23.5445     9.2747    283.024    8.33727  254.41924    111.243 0.0000e+00
   40.10590  -72.59532      9.263      9.191    16.1191    32.2084      8.178     0.6863 -9.990e-29  1023.6100    16.1176    23.5758     9.3213    284.446    8.34231  254.57164    111.735 0.0000e+00
   40.10590  -72.59532      9.283      9.212    16.0192    32.2272      8.178     0.8475 -9.990e-29  1023.6536    16.0178    23.6087     9.3732    286.029    8.34765  254.73217    112.286 -9.990e-29
   40.10590  -72.59532      9.283      9.212    15.9575    32.2449      8.178     1.0087 -9.990e-29  1023.6859    15.9561    23.6372     9.4246    287.595    8.35268  254.88408    112.834 -9.990e-29
   40.10590  -72.59532      9.293      9.221    15.9176    32.2540      8.179     1.0490 -9.990e-29  1023.6975    15.9162    23.6557     9.4760    289.160    8.35862  255.06408    113.368 -9.990e-29
   40.10590  -72.59532      9.293      9.221    15.8664    32.2588      8.179     1.0490 -9.990e-29  1023.7093    15.8650    23.6708     9.5216    290.551    8.36576  255.28035    113.816 -9.990e-29
   40.10590  -72.59532      9.304      9.232    15.8132    32.2688      8.179     1.0355 -9.990e-29  1023.7249    15.8117    23.6912     9.5793    292.306    8.37364  255.51740    114.398 0.0000e+00
   40.10590  -72.59532      9.325      9.253    15.7399    32.2877      8.175     1.0355 -9.990e-29  1023.7613    15.7385    23.7197     9.6232    293.643    8.38061  255.72633    114.827 -9.990e-29
   40.10590  -72.59532      9.325      9.253    15.6757    32.3102      8.175     1.0355 -9.990e-29  1023.7938    15.6743    23.7498     9.6664    294.960    8.38836  255.96115    115.236 -9.990e-29
   40.10590  -72.59532      9.344      9.272    15.6337    32.3299      8.175     1.0355 -9.990e-29  1023.8213    15.6322    23.7736     9.7149    296.432    8.39639  256.20065    115.703 -9.990e-29
   40.10590  -72.59532      9.334      9.262    15.6212    32.3415      8.175     1.0355 -9.990e-29  1023.8338    15.6198    23.7874     9.7520    297.557    8.40117  256.34125    116.079 -9.990e-29
