CalculateIndicators/WaterTemperature/Data/CTD_NYOS/20220202_C04.cnv
* Sea-Bird SBE 9 Data File:
* FileName = C:\Seabird 9 CTD\Data\2022\202202_offshore\20220202_C04.hex
* Software Version Seasave V 7.23.2
* Temperature SN = 4590
* Conductivity SN = 3228
* Number of Bytes Per Scan = 44
* Number of Voltage Words = 5
* Number of Scans Averaged by the Deck Unit = 1
* NMEA Latitude = 40 06.15 N
* NMEA Longitude = 073 38.98 W
* NMEA UTC (Time) = Jun 19 2002  06:40:22
* NMEA baud rate = 4800
** Ship: rv seawolf
** Station: 7.2
** Operator: TCM
# nquan = 18
# nvalues = 13003                                 
# units = specified
# name 0 = latitude: Latitude [deg]
# name 1 = longitude: Longitude [deg]
# name 2 = prDM: Pressure, Digiquartz [db]
# name 3 = depSM: Depth [salt water, m]
# name 4 = t090C: Temperature [ITS-90, deg C]
# name 5 = sal00: Salinity, Practical [PSU]
# name 6 = ph: pH
# name 7 = flECO-AFL: Fluorescence, WET Labs ECO-AFL/FL [mg/m^3]
# name 8 = cpar: CPAR/Corrected Irradiance [%]
# name 9 = density00: Density [density, kg/m^3]
# name 10 = potemp090C: Potential Temperature [ITS-90, deg C]
# name 11 = sigma-é00: Density [sigma-theta, kg/m^3]
# name 12 = sbeox0Mg/L: Oxygen, SBE 43 [mg/l]
# name 13 = sbox0Mm/Kg: Oxygen, SBE 43 [umol/kg]
# name 14 = oxsolMg/L: Oxygen Saturation, Garcia & Gordon [mg/l]
# name 15 = oxsolMm/Kg: Oxygen Saturation, Garcia & Gordon [umol/kg]
# name 16 = sbeox0PS: Oxygen, SBE 43 [% saturation]
# name 17 = flag:  0.000e+00
# span 0 =   40.10186,   40.10256                 
# span 1 =  -73.65068,  -73.64966                 
# span 2 =      1.774,     34.896                 
# span 3 =      1.760,     34.625                 
# span 4 =     6.3276,     6.7688                 
# span 5 =    33.4485,    33.5887                 
# span 6 =      8.324,      8.335                 
# span 7 =     0.3774,     0.9952                 
# span 8 = 5.0640e-11, 9.9999e+04                 
# span 9 =  1026.2976,  1026.4988                 
# span 10 =     6.3273,     6.7658                
# span 11 =    26.2630,    26.3506                
# span 12 =     8.2279,     9.2927                
# span 13 =    250.529,    282.962                
# span 14 =    9.79023,    9.89912                
# span 15 =  298.09848,  301.42694                
# span 16 =     83.977,     93.963                
# span 17 = 0.0000e+00, 0.0000e+00                
# interval = seconds: 0.0416667
# start_time = Feb 02 2022 06:40:23 [System UTC, first data scan.]
# bad_flag = -9.990e-29
*END*
[from data line 4262]
   40.10244  -73.65008     34.029     33.765     6.7225    33.5725      8.329     0.4311 9.9999e+04  1026.4882     6.7195    26.3320     8.2948    252.567    9.80139  298.43913     84.629  0.000e+00
   40.10244  -73.65008     34.049     33.785     6.7232    33.5714      8.324     0.4311 9.9999e+04  1026.4874     6.7202    26.3311     8.2944    252.554    9.80132  298.43731     84.626  0.000e+00
   40.10244  -73.65008     34.049     33.785     6.7237    33.5724      8.329     0.4311 9.9999e+04  1026.4880     6.7207    26.3318     8.2931    252.515    9.80114  298.43166     84.614  0.000e+00
   40.10244  -73.65008     34.070     33.806     6.7250    33.5736      8.329     0.4311 9.9999e+04  1026.4890     6.7220    26.3326     8.2924    252.492    9.80077  298.42002     84.610  0.000e+00
   40.10244  -73.65008     34.059     33.795     6.7263    33.5749      8.324     0.4311 9.9999e+04  1026.4898     6.7232    26.3334     8.2850    252.266    9.80039  298.40836     84.537  0.000e+00
   40.10244  -73.65008     34.089     33.825     6.7305    33.5754      8.324     0.4446 9.9999e+04  1026.4897     6.7274    26.3332     8.2763    252.003    9.79941  298.37868     84.458  0.000e+00
   40.10244  -73.65008     34.089     33.825     6.7338    33.5730      8.324     0.4311 9.9999e+04  1026.4874     6.7308    26.3309     8.2807    252.136    9.79880  298.36067     84.507  0.000e+00
   40.10244  -73.65008     34.100     33.836     6.7340    33.5728      8.329     0.4311 9.9999e+04  1026.4872     6.7310    26.3307     8.2856    252.285    9.79877  298.35979     84.557  0.000e+00
   40.10244  -73.65008     34.120     33.855     6.7340    33.5740      8.329     0.4311 9.9999e+04  1026.4883     6.7310    26.3317     8.2845    252.251    9.79869  298.35723     84.547  0.000e+00
   40.10244  -73.65008     34.120     33.855     6.7343    33.5752      8.329     0.4311 9.9999e+04  1026.4892     6.7313    26.3326     8.2840    252.237    9.79855  298.35255     84.543  0.000e+00
   40.10244  -73.65008     34.140     33.876     6.7348    33.5755      8.324     0.4311 9.9999e+04  1026.4895     6.7318    26.3328     8.2835    252.222    9.79841  298.34830     84.540  0.000e+00
   40.10244  -73.65008     34.151     33.887     6.7353    33.5757      8.324     0.4311 5.0640e-11  1026.4896     6.7323    26.3328     8.2905    252.434    9.79829  298.34471     84.611  0.000e+00
   40.10244  -73.65008     34.161     33.896     6.7356    33.5771      8.324     0.4311 9.9999e+04  1026.4907     6.7326    26.3339     8.2988    252.687    9.79814  298.33959     84.698  0.000e+00
   40.10244  -73.65008     34.172     33.907     6.7364    33.5771      8.324     0.4177 9.9999e+04  1026.4906     6.7334    26.3338     8.2938    252.534    9.79796  298.33413     84.648  0.000e+00
   40.10244  -73.65008     34.191     33.926     6.7371    33.5780      8.329     0.4177 9.9999e+04  1026.4913     6.7341    26.3344     8.2947    252.562    9.79774  298.32753     84.659  0.000e+00
   40.10244  -73.65008     34.202     33.937     6.7380    33.5763      8.329     0.4177 9.9999e+04  1026.4899     6.7350    26.3330     8.2876    252.345    9.79764  298.32473     84.587  0.000e+00
   40.10244  -73.65008     34.212     33.947     6.7379    33.5747      8.329     0.4311 9.9999e+04  1026.4887     6.7349    26.3317     8.2866    252.316    9.79777  298.32920     84.576  0.000e+00
   40.10244  -73.65008     34.222     33.956     6.7369    33.5758      8.324     0.4177 9.9999e+04  1026.4898     6.7339    26.3327     8.2863    252.307    9.79792  298.33323     84.572  0.000e+00
   40.10244  -73.65008     34.233     33.967     6.7363    33.5779      8.324     0.4177 9.9999e+04  1026.4916     6.7332    26.3345     8.2860    252.296    9.79793  298.33320     84.568  0.000e+00
   40.10244  -73.65008     34.253     33.988     6.7376    33.5780      8.329     0.4177 9.9999e+04  1026.4915     6.7345    26.3343     8.2786    252.073    9.79764  298.32430     84.496  0.000e+00
   40.10244  -73.65008     34.252     33.986     6.7379    33.5765      8.324     0.4177 9.9999e+04  1026.4904     6.7349    26.3332     8.2776    252.040    9.79765  298.32515     84.485  0.000e+00
   40.10244  -73.65008     34.273     34.007     6.7366    33.5759      8.324     0.4311 9.9999e+04  1026.4901     6.7336    26.3329     8.2761    251.996    9.79799  298.33531     84.467  0.000e+00
   40.10244  -73.65008     34.284     34.018     6.7361    33.5758      8.324     0.4311 9.9999e+04  1026.4901     6.7331    26.3328     8.2818    252.170    9.79810  298.33892     84.525  0.000e+00
   40.10244  -73.65008     34.293     34.027     6.7355    33.5762      8.324     0.4177 9.9999e+04  1026.4906     6.7324    26.3332     8.2823    252.186    9.79823  298.34267     84.529  0.000e+00
   40.10244  -73.65008     34.314     34.048     6.7355    33.5762      8.329     0.4311 9.9999e+04  1026.4907     6.7324    26.3332     8.2820    252.176    9.79823  298.34254     84.526  0.000e+00
   40.10244  -73.65008     34.324     34.057     6.7361    33.5764      8.324     0.4177 9.9999e+04  1026.4909     6.7331    26.3333     8.2889    252.387    9.79806  298.33745     84.598  0.000e+00
   40.10244  -73.65008     34.324     34.057     6.7380    33.5745      8.329     0.4177 9.9999e+04  1026.4891     6.7350    26.3315     8.2898    252.412    9.79775  298.32865     84.609  0.000e+00
   40.10244  -73.65008     34.344     34.078     6.7369    33.5743      8.329     0.4177 5.0640e-11  1026.4891     6.7339    26.3315     8.2771    252.027    9.79802  298.33670     84.477  0.000e+00
   40.10244  -73.65008     34.355     34.089     6.7356    33.5765      8.329     0.4177 9.9999e+04  1026.4911     6.7326    26.3334     8.2763    252.001    9.79818  298.34101     84.468  0.000e+00
   40.10244  -73.65006     34.354     34.088     6.7363    33.5777      8.324     0.4311 9.9999e+04  1026.4920     6.7332    26.3343     8.2758    251.988    9.79794  298.33363     84.465  0.000e+00
   40.10244  -73.65006     34.375     34.108     6.7374    33.5759      8.324     0.4177 9.9999e+04  1026.4904     6.7344    26.3327     8.2755    251.979    9.79781  298.32995     84.463  0.000e+00
   40.10244  -73.65006     34.395     34.129     6.7372    33.5748      8.324     0.4177 9.9999e+04  1026.4897     6.7342    26.3319     8.2896    252.407    9.79792  298.33359     84.606  0.000e+00
   40.10244  -73.65006     34.384     34.118     6.7356    33.5747      8.329     0.4177 9.9999e+04  1026.4898     6.7326    26.3320     8.2912    252.457    9.79829  298.34498     84.619  0.000e+00
   40.10244  -73.65006     34.416     34.149     6.7350    33.5738      8.324     0.4177 9.9999e+04  1026.4893     6.7319    26.3314     8.2861    252.302    9.79849  298.35110     84.565  0.000e+00
   40.10244  -73.65006     34.416     34.149     6.7342    33.5736      8.324     0.4177 9.9999e+04  1026.4893     6.7311    26.3314     8.2870    252.327    9.79868  298.35703     84.572  0.000e+00
   40.10244  -73.65006     34.426     34.159     6.7334    33.5740      8.329     0.4177 9.9999e+04  1026.4898     6.7303    26.3318     8.2871    252.330    9.79884  298.36175     84.572  0.000e+00
   40.10244  -73.65006     34.426     34.159     6.7327    33.5738      8.329     0.4177 9.9999e+04  1026.4897     6.7297    26.3317     8.2805    252.130    9.79901  298.36670     84.503  0.000e+00
   40.10244  -73.65006     34.446     34.179     6.7322    33.5759      8.329     0.4177 9.9999e+04  1026.4915     6.7292    26.3334     8.2857    252.288    9.79898  298.36548     84.557  0.000e+00
   40.10244  -73.65006     34.456     34.189     6.7340    33.5778      8.329     0.4177 9.9999e+04  1026.4928     6.7310    26.3346     8.2778    252.047    9.79845  298.34895     84.480  0.000e+00
   40.10244  -73.65006     34.467     34.200     6.7358    33.5787      8.324     0.4311 9.9999e+04  1026.4933     6.7328    26.3352     8.2759    251.988    9.79799  298.33477     84.465  0.000e+00
   40.10244  -73.65006     34.467     34.200     6.7372    33.5799      8.324     0.4177 9.9999e+04  1026.4941     6.7342    26.3359     8.2740    251.931    9.79759  298.32230     84.449  0.000e+00
   40.10244  -73.65006     34.477     34.209     6.7397    33.5806      8.329     0.4177 9.9999e+04  1026.4943     6.7366    26.3361     8.2720    251.869    9.79700  298.30424     84.434  0.000e+00
   40.10244  -73.65006     34.486     34.219     6.7416    33.5804      8.324     0.4177 9.9999e+04  1026.4940     6.7386    26.3357     8.2708    251.834    9.79657  298.29129     84.425  0.000e+00
   40.10244  -73.65006     34.486     34.219     6.7428    33.5796      8.324     0.4311 9.9999e+04  1026.4932     6.7397    26.3349     8.2706    251.828    9.79636  298.28516     84.425  0.000e+00
   40.10244  -73.65006     34.507     34.239     6.7432    33.5788      8.329     0.4177 9.9999e+04  1026.4926     6.7402    26.3343     8.2773    252.031    9.79630  298.28355     84.494  0.000e+00
   40.10244  -73.65006     34.507     34.239     6.7434    33.5784      8.329     0.4177 9.9999e+04  1026.4923     6.7403    26.3339     8.2788    252.077    9.79629  298.28349     84.509  0.000e+00
   40.10244  -73.65006     34.507     34.239     6.7432    33.5782      8.329     0.4177 9.9999e+04  1026.4921     6.7402    26.3338     8.2738    251.924    9.79634  298.28492     84.458  0.000e+00
   40.10244  -73.65006     34.517     34.249     6.7436    33.5785      8.329     0.4177 9.9999e+04  1026.4924     6.7405    26.3340     8.2739    251.929    9.79625  298.28200     84.460  0.000e+00
   40.10244  -73.65006     34.518     34.250     6.7442    33.5787      8.324     0.4177 9.9999e+04  1026.4924     6.7411    26.3340     8.2814    252.159    9.79610  298.27742     84.538  0.000e+00
   40.10244  -73.65006     34.528     34.260     6.7449    33.5782      8.324     0.4177 9.9999e+04  1026.4920     6.7418    26.3336     8.2750    251.963    9.79597  298.27385     84.474  0.000e+00
   40.10244  -73.65006     34.537     34.269     6.7450    33.5780      8.324     0.4177 5.0640e-11  1026.4919     6.7419    26.3334     8.2747    251.952    9.79596  298.27334     84.470  0.000e+00
   40.10244  -73.65006     34.528     34.260     6.7450    33.5783      8.324     0.4177 9.9999e+04  1026.4920     6.7419    26.3336     8.2743    251.941    9.79594  298.27272     84.467  0.000e+00
   40.10244  -73.65006     34.548     34.280     6.7452    33.5779      8.324     0.4177 9.9999e+04  1026.4918     6.7421    26.3333     8.2740    251.932    9.79592  298.27231     84.464  0.000e+00
   40.10244  -73.65008     34.537     34.269     6.7453    33.5785      8.329     0.4177 9.9999e+04  1026.4922     6.7423    26.3337     8.2796    252.102    9.79585  298.26996     84.521  0.000e+00
   40.10244  -73.65008     34.537     34.269     6.7455    33.5788      8.329     0.4177 9.9999e+04  1026.4925     6.7424    26.3340     8.2785    252.068    9.79579  298.26823     84.511  0.000e+00
   40.10244  -73.65008     34.558     34.290     6.7455    33.5797      8.329     0.4177 9.9999e+04  1026.4932     6.7424    26.3346     8.2648    251.651    9.79574  298.26643     84.371  0.000e+00
   40.10244  -73.65008     34.548     34.280     6.7460    33.5789      8.324     0.4177 9.9999e+04  1026.4925     6.7429    26.3340     8.2637    251.617    9.79567  298.26441     84.360  0.000e+00
   40.10244  -73.65008     34.558     34.290     6.7458    33.5795      8.324     0.4177 9.9999e+04  1026.4930     6.7428    26.3344     8.2627    251.588    9.79568  298.26456     84.351  0.000e+00
   40.10244  -73.65008     34.558     34.290     6.7458    33.5799      8.329     0.4177 9.9999e+04  1026.4933     6.7428    26.3348     8.2684    251.763    9.79565  298.26365     84.409  0.000e+00
   40.10244  -73.65008     34.558     34.290     6.7460    33.5793      8.329     0.4177 9.9999e+04  1026.4928     6.7429    26.3343     8.2749    251.960    9.79565  298.26367     84.475  0.000e+00
   40.10244  -73.65008     34.558     34.290     6.7458    33.5785      8.324     0.4311 9.9999e+04  1026.4923     6.7428    26.3337     8.2829    252.203    9.79574  298.26668     84.556  0.000e+00
   40.10244  -73.65008     34.558     34.290     6.7450    33.5781      8.324     0.4446 9.9999e+04  1026.4920     6.7419    26.3334     8.2858    252.291    9.79595  298.27321     84.584  0.000e+00
   40.10244  -73.65008     34.558     34.290     6.7440    33.5779      8.329     0.4580 9.9999e+04  1026.4920     6.7410    26.3334     8.2880    252.358    9.79618  298.28011     84.605  0.000e+00
   40.10244  -73.65008     34.567     34.299     6.7432    33.5774      8.329     0.4446 9.9999e+04  1026.4917     6.7402    26.3331     8.2769    252.021    9.79639  298.28680     84.489  0.000e+00
   40.10244  -73.65008     34.558     34.290     6.7428    33.5770      8.324     0.4446 9.9999e+04  1026.4915     6.7397    26.3329     8.2769    252.021    9.79653  298.29084     84.489  0.000e+00
   40.10244  -73.65008     34.548     34.280     6.7428    33.5767      8.324     0.4580 9.9999e+04  1026.4912     6.7397    26.3326     8.2769    252.020    9.79655  298.29159     84.488  0.000e+00
   40.10244  -73.65008     34.569     34.301     6.7428    33.5765      8.324     0.4446 9.9999e+04  1026.4911     6.7397    26.3325     8.2835    252.223    9.79656  298.29207     84.556  0.000e+00
   40.10244  -73.65008     34.548     34.280     6.7428    33.5761      8.329     0.4446 9.9999e+04  1026.4907     6.7397    26.3321     8.2842    252.243    9.79659  298.29295     84.562  0.000e+00
   40.10244  -73.65008     34.548     34.280     6.7424    33.5754      8.329     0.4446 9.9999e+04  1026.4902     6.7394    26.3317     8.2909    252.447    9.79670  298.29664     84.630  0.000e+00
   40.10244  -73.65008     34.548     34.280     6.7411    33.5756      8.324     0.4580 9.9999e+04  1026.4906     6.7381    26.3320     8.2851    252.271    9.79698  298.30495     84.568  0.000e+00
   40.10244  -73.65008     34.527     34.260     6.7398    33.5757      8.329     0.4446 9.9999e+04  1026.4907     6.7368    26.3322     8.2852    252.274    9.79727  298.31370     84.567  0.000e+00
   40.10244  -73.65008     34.558     34.290     6.7384    33.5770      8.329     0.4580 9.9999e+04  1026.4920     6.7353    26.3334     8.2861    252.299    9.79752  298.32097     84.573  0.000e+00
   40.10244  -73.65008     34.527     34.260     6.7379    33.5768      8.329     0.4446 9.9999e+04  1026.4919     6.7348    26.3334     8.2867    252.318    9.79764  298.32454     84.578  0.000e+00
   40.10244  -73.65008     34.527     34.260     6.7377    33.5750      8.324     0.4446 9.9999e+04  1026.4904     6.7347    26.3319     8.2874    252.340    9.79779  298.32960     84.584  0.000e+00
   40.10244  -73.65008     34.527     34.260     6.7369    33.5744      8.329     0.4446 9.9999e+04  1026.4901     6.7339    26.3316     8.2889    252.385    9.79801  298.33644     84.598  0.000e+00
   40.10244  -73.65008     34.516     34.249     6.7358    33.5752      8.329     0.4446 9.9999e+04  1026.4908     6.7327    26.3324     8.2970    252.634    9.79821  298.34240     84.679  0.000e+00
   40.10244  -73.65008     34.497     34.230     6.7351    33.5759      8.324     0.4446 9.9999e+04  1026.4913     6.7321    26.3330     8.2977    252.653    9.79832  298.34552     84.685  0.000e+00
   40.10244  -73.65008     34.497     34.230     6.7353    33.5745      8.329     0.4446 9.9999e+04  1026.4902     6.7323    26.3319     8.2982    252.670    9.79837  298.34735     84.690  0.000e+00
   40.10244  -73.65008     34.497     34.230     6.7343    33.5728      8.324     0.4446 9.9999e+04  1026.4890     6.7313    26.3307     8.3056    252.895    9.79871  298.35796     84.762  0.000e+00
