CalculateIndicators/WaterTemperature/Data/CTD_NYOS/202200726_C03.cnv
* Sea-Bird SBE 9 Data File:
* FileName = C:\Seabird 9 CTD\Data\2022\202207_offshore\202200726_C03.hex
* Software Version Seasave V 7.23.2
* Temperature SN = 4590
* Conductivity SN = 3228
* Number of Bytes Per Scan = 44
* Number of Voltage Words = 5
* Number of Scans Averaged by the Deck Unit = 1
* NMEA Latitude = 40 30.84 N
* NMEA Longitude = 073 27.06 W
* NMEA UTC (Time) = Dec 10 2002  22:52:38
* NMEA baud rate = 4800
** Ship: seawolf
** Station: 6.1
** Operator: TDK
# nquan = 18
# nvalues = 11123                       
# units = specified
# name 0 = latitude: Latitude [deg]
# name 1 = longitude: Longitude [deg]
# name 2 = prDM: Pressure, Digiquartz [db]
# name 3 = depSM: Depth [salt water, m]
# name 4 = t090C: Temperature [ITS-90, deg C]
# name 5 = sal00: Salinity, Practical [PSU]
# name 6 = ph: pH
# name 7 = flECO-AFL: Fluorescence, WET Labs ECO-AFL/FL [mg/m^3]
# name 8 = cpar: CPAR/Corrected Irradiance [%]
# name 9 = density00: Density [density, kg/m^3]
# name 10 = potemp090C: Potential Temperature [ITS-90, deg C]
# name 11 = sigma-é00: Density [sigma-theta, kg/m^3]
# name 12 = sbeox0Mg/L: Oxygen, SBE 43 [mg/l]
# name 13 = sbox0Mm/Kg: Oxygen, SBE 43 [umol/kg]
# name 14 = oxsolMg/L: Oxygen Saturation, Garcia & Gordon [mg/l]
# name 15 = oxsolMm/Kg: Oxygen Saturation, Garcia & Gordon [umol/kg]
# name 16 = sbeox0PS: Oxygen, SBE 43 [% saturation]
# name 17 = flag:  0.000e+00
# span 0 =   40.51412,   40.51468       
# span 1 =  -73.45106,  -73.44946       
# span 2 =      1.519,     16.966       
# span 3 =      1.507,     16.834       
# span 4 =    13.8277,    23.3322       
# span 5 =    31.3399,    32.3447       
# span 6 =      7.860,      8.140       
# span 7 =     0.5117,     1.5862       
# span 8 = 3.7292e-01, 3.7871e+01       
# span 9 =  1021.1855,  1024.1728       
# span 10 =    13.8255,    23.3316      
# span 11 =    21.1794,    24.1014      
# span 12 =     5.7647,     7.3496      
# span 13 =    176.192,    224.407      
# span 14 =    7.11066,    8.47597      
# span 15 =  217.60159,  258.65889      
# span 16 =     69.700,     99.032      
# span 17 = 0.0000e+00, 0.0000e+00      
# interval = seconds: 0.0416667
# start_time = Jul 26 2022 22:52:39 [System UTC, first data scan.]
# bad_flag = -9.990e-29
*END*
[from data line 6593]
   40.51442  -73.45012      8.879      8.811    21.9025    31.5846      8.082     0.9549 4.5218e+00  1021.6903    21.9008    21.6525     7.0782    216.413    7.48882  228.96764     94.517 -9.990e-29
   40.51442  -73.45012      8.879      8.811    21.8975    31.5812      8.082     0.9415 4.5090e+00  1021.6893    21.8958    21.6512     7.0743    216.299    7.49244  229.08469     94.419 -9.990e-29
   40.51442  -73.45012      8.900      8.831    21.8919    31.5799      8.082     0.9415 4.5090e+00  1021.6881    21.8901    21.6509     7.0763    216.360    7.50178  229.36939     94.328 -9.990e-29
   40.51442  -73.45012      8.889      8.820    21.8836    31.5799      8.082     0.9415 4.5090e+00  1021.6896    21.8818    21.6524     7.0784    216.419    7.51145  229.65815     94.235 -9.990e-29
   40.51442  -73.45012      8.900      8.831    21.8763    31.5799      8.087     0.9415 4.4962e+00  1021.6938    21.8746    21.6556     7.0864    216.658    7.52214  229.98097     94.207 -9.990e-29
   40.51442  -73.45012      8.909      8.841    21.8715    31.5809      8.087     0.9415 4.4708e+00  1021.6986    21.8698    21.6589     7.0885    216.711    7.53174  230.26226     94.115 -9.990e-29
   40.51442  -73.45012      8.919      8.850    21.8687    31.5809      8.087     0.9415 4.4835e+00  1021.7001    21.8669    21.6606     7.0844    216.576    7.53560  230.36786     94.013 -9.990e-29
   40.51442  -73.45012      8.923      8.854    21.8653    31.5809      8.087     0.9415 4.4582e+00  1021.6999    21.8636    21.6600     7.0793    216.417    7.53854  230.45515     93.908 -9.990e-29
   40.51442  -73.45012      8.940      8.871    21.8605    31.5792      8.087     0.9415 4.4456e+00  1021.6952    21.8588    21.6582     7.0756    216.307    7.54359  230.61335     93.796 -9.990e-29
   40.51442  -73.45012      8.949      8.880    21.8472    31.5792      8.087     0.9415 4.4330e+00  1021.6934    21.8455    21.6596     7.0744    216.271    7.55101  230.84180     93.688 -9.990e-29
   40.51442  -73.45012      8.970      8.901    21.8331    31.5792      8.087     0.9549 4.4205e+00  1021.7052    21.8314    21.6662     7.0735    216.240    7.55894  231.07978     93.578 -9.990e-29
   40.51442  -73.45012      8.970      8.901    21.8292    31.5871      8.087     0.9415 4.4080e+00  1021.7145    21.8275    21.6737     7.0722    216.194    7.56630  231.29728     93.470 -9.990e-29
   40.51442  -73.45012      8.981      8.911    21.8287    31.5905      8.087     0.9415 4.3956e+00  1021.7190    21.8269    21.6782     7.0706    216.140    7.57357  231.51572     93.359 -9.990e-29
   40.51442  -73.45012      9.011      8.941    21.8299    31.5905      8.087     0.9415 4.3956e+00  1021.7194    21.8282    21.6789     7.0642    215.942    7.58156  231.75694     93.176 -9.990e-29
   40.51442  -73.45012      9.011      8.941    21.8299    31.5905      8.091     0.9415 4.3831e+00  1021.7161    21.8282    21.6771     7.0624    215.882    7.58940  231.99196     93.056 -9.990e-29
   40.51442  -73.45012      9.030      8.961    21.8260    31.5850      8.091     0.9415 4.3707e+00  1021.7140    21.8243    21.6739     7.0601    215.808    7.59660  232.20728     92.938 -9.990e-29
   40.51442  -73.45012      9.051      8.981    21.8202    31.5759      8.091     0.9415 4.3707e+00  1021.7094    21.8185    21.6689     7.0512    215.531    7.60258  232.38406     92.748 -9.990e-29
   40.51442  -73.45012      9.062      8.992    21.8112    31.5599      8.092     0.9415 4.3584e+00  1021.7029    21.8095    21.6602     7.0503    215.497    7.60643  232.49592     92.689 -9.990e-29
   40.51442  -73.45012      9.081      9.011    21.7910    31.5347      8.092     0.9415 4.3584e+00  1021.6859    21.7893    21.6481     7.0375    215.100    7.60824  232.54470     92.498 -9.990e-29
   40.51442  -73.45012      9.102      9.032    21.7467    31.5070      8.092     0.9415 4.3461e+00  1021.6707    21.7449    21.6393     7.0278    214.800    7.60830  232.54334     92.370 -9.990e-29
   40.51442  -73.45012      9.123      9.052    21.6756    31.5070      8.092     0.9415 4.3338e+00  1021.6709    21.6739    21.6455     7.0193    214.539    7.60964  232.58328     92.242 -9.990e-29
   40.51442  -73.45012      9.153      9.082    21.5908    31.5070      8.092     0.9415 4.3093e+00  1021.7054    21.5890    21.6718     7.0061    214.136    7.61164  232.64260     92.045 -9.990e-29
   40.51442  -73.45012      9.162      9.092    21.5205    31.5258      8.097     0.9415 4.3093e+00  1021.7511    21.5187    21.7096     6.9974    213.869    7.61279  232.67674     91.917 -9.990e-29
   40.51442  -73.45012      9.193      9.122    21.4686    31.5553      8.097     0.9549 4.2850e+00  1021.7902    21.4669    21.7465     6.9887    213.601    7.61380  232.70713     91.790 -9.990e-29
   40.51442  -73.45012      9.223      9.152    21.4292    31.5811      8.097     0.9952 4.2608e+00  1021.8200    21.4275    21.7772     6.9796    213.322    7.61444  232.72470     91.663 -9.990e-29
   40.51442  -73.45012      9.234      9.162    21.3990    31.6022      8.098     1.0087 4.2608e+00  1021.8447    21.3973    21.8015     6.9645    212.860    7.61417  232.71517     91.468 -9.990e-29
   40.51442  -73.45012      9.274      9.202    21.3777    31.6189      8.098     1.0221 4.2247e+00  1021.8622    21.3759    21.8203     6.9543    212.548    7.61379  232.70316     91.339 -9.990e-29
   40.51442  -73.45012      9.294      9.223    21.3620    31.6326      8.098     1.0087 4.2009e+00  1021.8766    21.3602    21.8351     6.9439    212.227    7.61302  232.67722     91.211 -9.990e-29
   40.51442  -73.45012      9.325      9.253    21.3514    31.6326      8.098     1.0087 4.1890e+00  1021.8907    21.3497    21.8452     6.9266    211.696    7.61038  232.59376     91.015 -9.990e-29
   40.51442  -73.45012      9.355      9.283    21.3500    31.6326      8.102     1.0087 4.1535e+00  1021.8936    21.3482    21.8461     6.9132    211.287    7.60655  232.47613     90.885 -9.990e-29
   40.51442  -73.45012      9.375      9.303    21.3463    31.6232      8.098     1.0087 4.1067e+00  1021.8808    21.3445    21.8351     6.8945    210.715    7.60238  232.34937     90.689 -9.990e-29
   40.51442  -73.45012      9.396      9.323    21.3262    31.5925      8.098     1.0087 4.1067e+00  1021.8535    21.3244    21.8182     6.8803    210.283    7.59760  232.20447     90.559 -9.990e-29
   40.51442  -73.45012      9.417      9.344    21.2776    31.5641      8.098     1.0087 4.0720e+00  1021.8404    21.2758    21.8082     6.8611    209.698    7.59277  232.05979     90.364 -9.990e-29
   40.51442  -73.45012      9.466      9.393    21.2205    31.5641      8.098     1.0087 4.0375e+00  1021.8457    21.2188    21.8125     6.8472    209.277    7.58812  231.92098     90.236 -9.990e-29
   40.51442  -73.45012      9.496      9.423    21.1523    31.5641      8.098     1.0087 4.0147e+00  1021.8647    21.1505    21.8325     6.8345    208.890    7.58394  231.79704     90.118 -9.990e-29
   40.51442  -73.45012      9.513      9.439    21.0826    31.5701      8.099     1.0087 4.0034e+00  1021.9097    21.0808    21.8610     6.8172    208.366    7.58060  231.69785     89.930 -9.990e-29
   40.51442  -73.45012      9.558      9.484    21.0395    31.5830      8.099     1.0087 3.9471e+00  1021.9300    21.0377    21.8846     6.8056    208.012    7.57766  231.61008     89.811 -9.990e-29
   40.51442  -73.45012      9.558      9.484    20.9952    31.5898      8.099     1.0087 3.9248e+00  1021.9400    20.9934    21.9025     6.7938    207.652    7.57415  231.50405     89.697 -9.990e-29
   40.51442  -73.45012      9.598      9.524    20.9411    31.5975      8.099     1.0087 3.9137e+00  1021.9646    20.9393    21.9216     6.7761    207.112    7.56956  231.36458     89.518 -9.990e-29
   40.51442  -73.45012      9.609      9.535    20.8937    31.5975      8.099     1.0087 3.8695e+00  1021.9826    20.8919    21.9412     6.7576    206.548    7.56404  231.19723     89.339 -9.990e-29
   40.51442  -73.45012      9.649      9.574    20.8418    31.5975      8.100     1.0087 3.8586e+00  1022.0086    20.8400    21.9546     6.7493    206.295    7.55813  231.01839     89.298 -9.990e-29
   40.51442  -73.45012      9.670      9.595    20.7914    31.5973      8.100     1.0087 3.8477e+00  1021.9959    20.7896    21.9587     6.7311    205.741    7.55237  230.84549     89.125 -9.990e-29
   40.51442  -73.45012      9.690      9.615    20.7120    31.5973      8.100     1.0221 3.8259e+00  1021.9931    20.7102    21.9708     6.7189    205.373    7.54743  230.69865     89.022 -9.990e-29
   40.51442  -73.45012      9.730      9.655    20.6267    31.5973      8.100     1.0087 3.8043e+00  1022.0490    20.6249    22.0017     6.7130    205.197    7.54359  230.58518     88.990 -9.990e-29
   40.51442  -73.45012      9.751      9.675    20.5792    31.5973      8.101     1.0087 3.8043e+00  1022.0878    20.5774    22.0292     6.7034    204.906    7.54052  230.49475     88.898 -9.990e-29
   40.51442  -73.45012      9.771      9.696    20.5431    31.6038      8.101     1.0087 3.7828e+00  1022.0845    20.5412    22.0349     6.6938    204.615    7.53739  230.40034     88.808 -9.990e-29
   40.51442  -73.45012      9.791      9.715    20.5031    31.6068      8.101     1.0087 3.7721e+00  1022.0566    20.5013    22.0366     6.6839    204.314    7.53344  230.28096     88.724 -9.990e-29
   40.51442  -73.45012      9.811      9.735    20.4390    31.6068      8.101     1.0087 3.7721e+00  1022.0976    20.4372    22.0576     6.6790    204.164    7.52913  230.15080     88.709 -9.990e-29
   40.51442  -73.45012      9.832      9.756    20.3956    31.6038      8.101     1.0087 3.7614e+00  1022.1471    20.3938    22.0803     6.6697    203.883    7.52491  230.02416     88.635 -9.990e-29
   40.51442  -73.45012      9.842      9.765    20.3824    31.6038      8.101     1.0087 3.7614e+00  1022.1194    20.3806    22.0848     6.6665    203.787    7.52120  229.91295     88.636 -9.990e-29
   40.51442  -73.45012      9.862      9.786    20.3203    31.6118      8.102     1.0087 3.7614e+00  1022.1223    20.3185    22.0905     6.6635    203.695    7.51722  229.79250     88.643 -9.990e-29
   40.51442  -73.45012      9.887      9.810    20.2453    31.6118      8.097     1.0087 3.7508e+00  1022.1536    20.2435    22.1104     6.6548    203.432    7.51226  229.64248     88.586 -9.990e-29
   40.51442  -73.45012      9.902      9.825    20.1686    31.6180      8.098     1.0087 3.7508e+00  1022.1722    20.1668    22.1409     6.6511    203.320    7.50701  229.48423     88.598 -9.990e-29
   40.51442  -73.45012      9.913      9.836    20.0859    31.6489      8.098     1.0087 3.7402e+00  1022.2257    20.0841    22.1823     6.6485    203.242    7.50216  229.33940     88.621 -9.990e-29
   40.51442  -73.45012      9.932      9.856    20.0400    31.6790      8.098     1.0087 3.7402e+00  1022.2807    20.0382    22.2208     6.6414    203.028    7.49768  229.20466     88.579 -9.990e-29
   40.51442  -73.45012      9.943      9.866    20.0167    31.6790      8.098     1.0087 3.7296e+00  1022.2920    20.0149    22.2372     6.6386    202.945    7.49222  229.03988     88.607 -9.990e-29
   40.51442  -73.45012      9.964      9.887    19.9901    31.6790      8.103     1.0087 3.7190e+00  1022.2760    19.9883    22.2355     6.6412    203.025    7.48653  228.86854     88.708 -9.990e-29
   40.51442  -73.45012      9.964      9.887    19.9447    31.6761      8.098     1.0087 3.7190e+00  1022.2689    19.9429    22.2360     6.6386    202.947    7.48013  228.67418     88.749 -9.990e-29
   40.51442  -73.45012      9.974      9.896    19.8863    31.6761      8.099     1.0087 3.7085e+00  1022.2880    19.8845    22.2505     6.6355    202.856    7.47288  228.45598     88.794 -9.990e-29
   40.51442  -73.45012      9.983      9.906    19.8261    31.6761      8.099     1.0087 3.7085e+00  1022.3215    19.8243    22.2732     6.6389    202.964    7.46682  228.27578     88.912 -9.990e-29
   40.51442  -73.45012      9.994      9.917    19.7731    31.6836      8.099     1.0087 3.6980e+00  1022.3381    19.7713    22.2932     6.6390    202.971    7.46207  228.13541     88.969 -9.990e-29
   40.51442  -73.45012     10.004      9.926    19.7165    31.6874      8.099     1.0221 3.6875e+00  1022.3519    19.7147    22.3105     6.6402    203.013    7.45836  228.02586     89.031 -9.990e-29
   40.51442  -73.45012     10.009      9.932    19.6586    31.6937      8.100     1.0087 3.6771e+00  1022.3719    19.6568    22.3297     6.6465    203.206    7.45458  227.91269     89.160 -9.990e-29
   40.51442  -73.45012     10.024      9.947    19.6043    31.7053      8.100     1.0221 3.6771e+00  1022.3936    19.6025    22.3520     6.6417    203.062    7.44937  227.75494     89.158 -9.990e-29
   40.51442  -73.45012     10.024      9.947    19.5558    31.7226      8.100     1.0221 3.6563e+00  1022.4204    19.5540    22.3767     6.6465    203.212    7.44368  227.58381     89.291 -9.990e-29
   40.51442  -73.45012     10.024      9.947    19.5217    31.7445      8.095     1.0221 3.6563e+00  1022.4457    19.5199    22.4021     6.6465    203.212    7.43810  227.41350     89.358 -9.990e-29
   40.51442  -73.45012     10.024      9.947    19.4995    31.7671      8.096     1.0087 3.6563e+00  1022.4738    19.4977    22.4250     6.6496    203.307    7.42986  227.16225     89.499 -9.990e-29
   40.51442  -73.45012     10.024      9.947    19.4934    31.7832      8.096     1.0221 3.6356e+00  1022.4888    19.4916    22.4405     6.6469    203.228    7.42087  226.89036     89.571 -9.990e-29
   40.51442  -73.45012     10.034      9.956    19.4836    31.7909      8.096     1.0087 3.6253e+00  1022.4923    19.4818    22.4492     6.6489    203.291    7.41132  226.60234     89.713 -9.990e-29
   40.51442  -73.45012     10.034      9.956    19.4677    31.7953      8.096     1.0221 3.6356e+00  1022.5004    19.4660    22.4556     6.6410    203.055    7.40177  226.31781     89.721 -9.990e-29
   40.51442  -73.45012     10.024      9.947    19.4585    31.7987      8.096     1.0221 3.6253e+00  1022.5054    19.4567    22.4608     6.6499    203.335    7.39456  226.10612     89.929 -9.990e-29
   40.51442  -73.45012     10.024      9.947    19.4515    31.8022      8.096     1.0087 3.6151e+00  1022.5068    19.4497    22.4654     6.6607    203.673    7.38878  225.93550     90.146 -9.990e-29
   40.51442  -73.45012     10.019      9.941    19.4441    31.8082      8.096     1.0490 3.6151e+00  1022.5155    19.4424    22.4713     6.6576    203.581    7.38358  225.78134     90.167 -9.990e-29
   40.51442  -73.45012     10.013      9.936    19.4435    31.8152      8.091     1.0893 3.6048e+00  1022.5217    19.4417    22.4771     6.6647    203.803    7.37893  225.64335     90.321 -9.990e-29
   40.51442  -73.45012     10.013      9.936    19.4450    31.8232      8.091     1.1027 3.6048e+00  1022.5239    19.4433    22.4829     6.6718    204.022    7.37425  225.50365     90.474 -9.990e-29
   40.51442  -73.45012      9.994      9.917    19.4461    31.8355      8.091     1.1027 3.6048e+00  1022.5341    19.4443    22.4910     6.6744    204.106    7.37001  225.37875     90.562 -9.990e-29
   40.51442  -73.45012      9.983      9.906    19.4583    31.8502      8.091     1.1027 3.5946e+00  1022.5462    19.4565    22.4990     6.6834    204.387    7.36730  225.30022     90.717 -9.990e-29
   40.51442  -73.45012      9.974      9.896    19.4820    31.8615      8.091     1.1027 3.5946e+00  1022.5482    19.4802    22.5024     6.6934    204.693    7.36561  225.25095     90.873 -9.990e-29
   40.51442  -73.45012      9.964      9.887    19.5094    31.8671      8.091     1.0893 3.5946e+00  1022.5460    19.5077    22.5004     6.7036    205.006    7.36405  225.20388     91.032 -9.990e-29
   40.51442  -73.45012      9.953      9.876    19.5425    31.8671      8.091     1.0893 3.5946e+00  1022.5396    19.5407    22.4937     6.7129    205.291    7.36170  225.13188     91.187 -9.990e-29
