CalculateIndicators/WaterTemperature/Data/CTD_NYOS/202200726_C02.cnv
* Sea-Bird SBE 9 Data File:
* FileName = C:\Seabird 9 CTD\Data\2022\202207_offshore\202200726_C02.hex
* Software Version Seasave V 7.23.2
* Temperature SN = 4590
* Conductivity SN = 3228
* Number of Bytes Per Scan = 44
* Number of Voltage Words = 5
* Number of Scans Averaged by the Deck Unit = 1
* NMEA Latitude = 40 30.11 N
* NMEA Longitude = 073 47.17 W
* NMEA UTC (Time) = Dec 10 2002  20:20:46
* NMEA baud rate = 4800
** Ship: seawolf
** Station: 7.1
** Operator: TCM
# nquan = 18
# nvalues = 9797                        
# units = specified
# name 0 = latitude: Latitude [deg]
# name 1 = longitude: Longitude [deg]
# name 2 = prDM: Pressure, Digiquartz [db]
# name 3 = depSM: Depth [salt water, m]
# name 4 = t090C: Temperature [ITS-90, deg C]
# name 5 = sal00: Salinity, Practical [PSU]
# name 6 = ph: pH
# name 7 = flECO-AFL: Fluorescence, WET Labs ECO-AFL/FL [mg/m^3]
# name 8 = cpar: CPAR/Corrected Irradiance [%]
# name 9 = density00: Density [density, kg/m^3]
# name 10 = potemp090C: Potential Temperature [ITS-90, deg C]
# name 11 = sigma-é00: Density [sigma-theta, kg/m^3]
# name 12 = sbeox0Mg/L: Oxygen, SBE 43 [mg/l]
# name 13 = sbox0Mm/Kg: Oxygen, SBE 43 [umol/kg]
# name 14 = oxsolMg/L: Oxygen Saturation, Garcia & Gordon [mg/l]
# name 15 = oxsolMm/Kg: Oxygen Saturation, Garcia & Gordon [umol/kg]
# name 16 = sbeox0PS: Oxygen, SBE 43 [% saturation]
# name 17 = flag:  0.000e+00
# span 0 =   40.50182,   40.50360       
# span 1 =  -73.78628,  -73.78502       
# span 2 =      1.085,     19.615       
# span 3 =      1.077,     19.463       
# span 4 =    12.5002,    22.7578       
# span 5 =    29.7779,    32.1450       
# span 6 =      7.787,      8.292       
# span 7 =     0.6192,     7.8048       
# span 8 = 7.3507e-03, 8.7274e+01       
# span 9 =  1020.0542,  1024.3596       
# span 10 =    12.4976,    22.7575      
# span 11 =    20.0465,    24.2723      
# span 12 =     5.1152,     9.8427      
# span 13 =    156.105,    301.537      
# span 14 =    7.25491,    8.71395      
# span 15 =  222.26342,  265.86224      
# span 16 =     60.084,    135.642      
# span 17 = 0.0000e+00, 0.0000e+00      
# interval = seconds: 0.0416667
# start_time = Jul 26 2022 20:20:44 [System UTC, first data scan.]
# bad_flag = -9.990e-29
*END*
[from data line 6191]
   40.50296  -73.78550      4.770      4.733    22.0027    30.3320      8.154     3.0770 2.6059e+00  1020.6952    22.0018    20.6750     8.2951    254.088    7.27898  222.96210    113.960 0.0000e+00
   40.50296  -73.78550      4.749      4.712    22.0271    30.3159      8.154     3.0770 2.6882e+00  1020.6759    22.0262    20.6563     8.3180    254.788    7.27858  222.95128    114.280 0.0000e+00
   40.50296  -73.78550      4.719      4.682    22.0497    30.3020      8.154     3.2382 2.7187e+00  1020.6571    22.0488    20.6404     8.3358    255.336    7.27806  222.93693    114.533 0.0000e+00
   40.50296  -73.78550      4.698      4.662    22.0612    30.2924      8.159     3.6277 2.7341e+00  1020.6476    22.0603    20.6297     8.3577    256.011    7.27706  222.90838    114.850 0.0000e+00
   40.50296  -73.78550      4.658      4.622    22.0667    30.2877      8.159     3.7486 2.8204e+00  1020.6418    22.0658    20.6244     8.3794    256.678    7.27583  222.87241    115.168 0.0000e+00
   40.50296  -73.78550      4.647      4.611    22.0641    30.2853      8.159     3.7352 2.8525e+00  1020.6445    22.0632    20.6218     8.4000    257.312    7.27379  222.81309    115.483 0.0000e+00
   40.50296  -73.78550      4.608      4.572    22.0712    30.2810      8.163     3.7217 2.8605e+00  1020.6388    22.0703    20.6170     8.4199    257.927    7.27128  222.74077    115.797 0.0000e+00
   40.50296  -73.78550      4.587      4.552    22.0809    30.2738      8.163     3.7083 2.9425e+00  1020.6287    22.0800    20.6093     8.4421    258.609    7.27033  222.71386    116.117 0.0000e+00
   40.50296  -73.78550      4.568      4.532    22.0917    30.2679      8.163     3.7217 2.9927e+00  1020.6189    22.0909    20.6028     8.4655    259.327    7.27022  222.71080    116.441 0.0000e+00
   40.50296  -73.78550      4.526      4.492    22.0907    30.2645      8.168     3.7083 2.9927e+00  1020.6208    22.0898    20.5987     8.4873    259.995    7.26920  222.68100    116.757 0.0000e+00
   40.50296  -73.78550      4.507      4.472    22.1009    30.2602      8.168     3.7083 3.0784e+00  1020.6137    22.1001    20.5932     8.5084    260.646    7.26758  222.63386    117.074 0.0000e+00
   40.50296  -73.78550      4.485      4.451    22.1100    30.2523      8.167     3.7217 3.1319e+00  1020.6065    22.1091    20.5841     8.5342    261.437    7.26583  222.58307    117.456 0.0000e+00
   40.50296  -73.78550      4.466      4.432    22.1283    30.2405      8.172     3.7217 3.1407e+00  1020.5913    22.1274    20.5709     8.5557    262.100    7.26447  222.54396    117.775 0.0000e+00
   40.50296  -73.78550      4.425      4.391    22.1483    30.2267      8.172     3.7217 3.2034e+00  1020.5731    22.1474    20.5562     8.5783    262.795    7.26396  222.53010    118.094 0.0000e+00
   40.50296  -73.78550      4.395      4.361    22.1572    30.2136      8.172     3.7217 3.2674e+00  1020.5619    22.1563    20.5431     8.6076    263.693    7.26469  222.55159    118.486 0.0000e+00
   40.50296  -73.78550      4.374      4.340    22.1614    30.1995      8.172     3.7217 3.2766e+00  1020.5517    22.1606    20.5296     8.6346    264.513    7.26681  222.61246    118.822 0.0000e+00
   40.50296  -73.78550      4.355      4.321    22.1778    30.1825      8.176     3.7217 3.3420e+00  1020.5329    22.1769    20.5124     8.6547    265.126    7.26783  222.64097    119.082 0.0000e+00
   40.50296  -73.78550      4.313      4.280    22.2032    30.1636      8.176     3.7217 3.4086e+00  1020.5103    22.2023    20.4920     8.6814    265.946    7.26676  222.60929    119.468 0.0000e+00
   40.50296  -73.78550      4.304      4.271    22.2287    30.1450      8.176     3.7217 3.4279e+00  1020.4896    22.2279    20.4712     8.7027    266.601    7.26543  222.57056    119.783 0.0000e+00
   40.50296  -73.78550      4.264      4.231    22.2524    30.1268      8.181     3.7217 3.4767e+00  1020.4690    22.2516    20.4509     8.7243    267.264    7.26448  222.54283    120.096 0.0000e+00
   40.50296  -73.78548      4.242      4.209    22.2771    30.1106      8.180     3.7217 3.5661e+00  1020.4473    22.2763    20.4331     8.7458    267.925    7.26345  222.51312    120.409 0.0000e+00
   40.50296  -73.78548      4.213      4.181    22.2873    30.0976      8.180     3.7217 3.5964e+00  1020.4374    22.2865    20.4192     8.7722    268.736    7.26259  222.48822    120.787 0.0000e+00
   40.50296  -73.78548      4.191      4.159    22.2980    30.0867      8.180     3.7217 3.6372e+00  1020.4249    22.2972    20.4078     8.7993    269.566    7.26202  222.47186    121.168 0.0000e+00
   40.50296  -73.78548      4.162      4.130    22.3066    30.0758      8.185     3.7217 3.7529e+00  1020.4167    22.3058    20.3959     8.8212    270.240    7.26139  222.45344    121.482 0.0000e+00
   40.50296  -73.78548      4.121      4.089    22.3308    30.0651      8.185     3.7083 3.7955e+00  1020.3979    22.3300    20.3835     8.8482    271.067    7.26086  222.43800    121.862 0.0000e+00
   40.50296  -73.78548      4.112      4.080    22.3420    30.0578      8.189     3.7217 3.8170e+00  1020.3890    22.3412    20.3748     8.8704    271.748    7.26032  222.42217    122.177 0.0000e+00
   40.50296  -73.78548      4.102      4.070    22.3449    30.0556      8.189     3.7620 3.9373e+00  1020.3881    22.3441    20.3718     8.8928    272.433    7.25993  222.41067    122.491 0.0000e+00
   40.50296  -73.78548      4.050      4.018    22.3444    30.0555      8.189     4.3127 3.9932e+00  1020.3898    22.3436    20.3711     8.9148    273.110    7.25969  222.40354    122.799 0.0000e+00
   40.50296  -73.78548      4.030      3.999    22.3429    30.0513      8.194     4.5947 4.0045e+00  1020.3915    22.3421    20.3661     8.9367    273.780    7.25937  222.39421    123.106 0.0000e+00
   40.50296  -73.78548      4.019      3.988    22.3657    30.0384      8.194     4.6216 4.1307e+00  1020.3713    22.3649    20.3519     8.9587    274.455    7.25909  222.38613    123.414 0.0000e+00
   40.50296  -73.78548      3.980      3.949    22.3900    30.0202      8.194     4.5947 4.1894e+00  1020.3492    22.3892    20.3318     8.9807    275.128    7.25886  222.37932    123.720 0.0000e+00
   40.50296  -73.78548      3.970      3.939    22.4169    30.0018      8.198     4.5813 4.2012e+00  1020.3265    22.4161    20.3112     9.0022    275.789    7.25872  222.37509    124.020 0.0000e+00
   40.50296  -73.78548      3.938      3.908    22.4404    29.9861      8.198     4.5813 4.3213e+00  1020.3078    22.4396    20.2933     9.0285    276.594    7.25853  222.36943    124.385 0.0000e+00
   40.50296  -73.78548      3.910      3.879    22.4576    29.9749      8.198     4.5947 4.3951e+00  1020.2935    22.4568    20.2804     9.0450    277.100    7.25838  222.36499    124.615 0.0000e+00
   40.50296  -73.78548      3.889      3.859    22.4648    29.9690      8.198     4.5813 4.4075e+00  1020.2875    22.4640    20.2738     9.0660    277.743    7.25826  222.36150    124.906 0.0000e+00
   40.50296  -73.78548      3.859      3.829    22.4606    29.9665      8.198     4.5813 4.5208e+00  1020.2893    22.4599    20.2715     9.0868    278.380    7.25816  222.35862    125.194 0.0000e+00
   40.50296  -73.78548      3.838      3.808    22.4619    29.9644      8.202     4.5813 4.6109e+00  1020.2863    22.4612    20.2696     9.1074    279.011    7.25811  222.35707    125.479 0.0000e+00
   40.50296  -73.78548      3.817      3.788    22.4651    29.9617      8.207     4.5813 4.6239e+00  1020.2838    22.4643    20.2667     9.1228    279.483    7.25805  222.35530    125.692 0.0000e+00
   40.50296  -73.78548      3.787      3.758    22.4721    29.9594      8.207     4.5813 4.7308e+00  1020.2787    22.4714    20.2639     9.1429    280.098    7.25798  222.35329    125.970 0.0000e+00
   40.50296  -73.78548      3.767      3.738    22.4720    29.9588      8.207     4.5813 4.8524e+00  1020.2781    22.4713    20.2627     9.1627    280.705    7.25793  222.35196    126.244 0.0000e+00
   40.50296  -73.78548      3.747      3.719    22.4714    29.9585      8.207     4.5813 4.8661e+00  1020.2801    22.4707    20.2624     9.1823    281.306    7.25790  222.35104    126.514 0.0000e+00
   40.50296  -73.78548      3.717      3.689    22.4767    29.9576      8.211     4.5813 4.9491e+00  1020.2782    22.4760    20.2604     9.2019    281.908    7.25790  222.35088    126.785 0.0000e+00
   40.50296  -73.78548      3.686      3.657    22.4844    29.9542      8.211     4.5813 5.0762e+00  1020.2715    22.4837    20.2561     9.2213    282.502    7.25809  222.35690    127.049 0.0000e+00
   40.50296  -73.78548      3.676      3.648    22.4883    29.9499      8.211     4.5813 5.1193e+00  1020.2679    22.4875    20.2510     9.2407    283.095    7.25828  222.36244    127.312 0.0000e+00
   40.50300  -73.78552      3.635      3.607    22.4991    29.9455      8.216     4.5813 5.1774e+00  1020.2604    22.4984    20.2455     9.2597    283.678    7.25847  222.36782    127.572 0.0000e+00
   40.50300  -73.78552      3.625      3.597    22.5064    29.9410      8.216     4.5813 5.3404e+00  1020.2564    22.5057    20.2398     9.2789    284.265    7.25874  222.37596    127.831 0.0000e+00
   40.50300  -73.78552      3.595      3.567    22.5147    29.9360      8.216     4.5813 5.4009e+00  1020.2488    22.5140    20.2341     9.2983    284.857    7.25929  222.39200    128.088 0.0000e+00
   40.50300  -73.78552      3.565      3.537    22.5191    29.9311      8.220     4.5813 5.4468e+00  1020.2442    22.5184    20.2289     9.3173    285.441    7.25971  222.40404    128.343 0.0000e+00
   40.50300  -73.78552      3.555      3.528    22.5234    29.9260      8.220     4.5813 5.6183e+00  1020.2400    22.5227    20.2237     9.3359    286.008    7.25982  222.40745    128.596 0.0000e+00
   40.50300  -73.78552      3.525      3.498    22.5287    29.9197      8.220     4.5813 5.6820e+00  1020.2332    22.5280    20.2174     9.3550    286.592    7.26028  222.42109    128.851 0.0000e+00
   40.50300  -73.78552      3.493      3.466    22.5353    29.9123      8.220     4.5813 5.7141e+00  1020.2253    22.5346    20.2096     9.3741    287.178    7.26080  222.43600    129.106 0.0000e+00
   40.50300  -73.78552      3.474      3.447    22.5456    29.9044      8.225     5.0648 5.9106e+00  1020.2163    22.5449    20.2009     9.3925    287.740    7.26106  222.44331    129.355 0.0000e+00
   40.50300  -73.78552      3.453      3.427    22.5573    29.8956      8.225     5.5752 6.0114e+00  1020.2078    22.5567    20.1905     9.4123    288.344    7.26216  222.47495    129.607 0.0000e+00
   40.50300  -73.78552      3.423      3.397    22.5769    29.8838      8.224     5.6692 6.0283e+00  1020.1933    22.5762    20.1766     9.4274    288.802    7.26343  222.51138    129.792 0.0000e+00
   40.50300  -73.78552      3.403      3.376    22.6022    29.8706      8.229     5.6424 6.2181e+00  1020.1724    22.6015    20.1615     9.4458    289.367    7.26397  222.52695    130.037 0.0000e+00
   40.50300  -73.78552      3.383      3.357    22.6128    29.8608      8.229     5.6155 6.3419e+00  1020.1617    22.6122    20.1506     9.4629    289.889    7.26369  222.51852    130.276 0.0000e+00
   40.50300  -73.78552      3.363      3.337    22.6143    29.8551      8.229     5.6155 6.3598e+00  1020.1599    22.6136    20.1443     9.4742    290.237    7.26295  222.49690    130.445 0.0000e+00
   40.50300  -73.78552      3.322      3.296    22.6235    29.8496      8.229     5.6155 6.5211e+00  1020.1539    22.6229    20.1375     9.4848    290.565    7.26198  222.46883    130.610 0.0000e+00
   40.50300  -73.78552      3.312      3.286    22.6388    29.8415      8.233     5.6155 6.6510e+00  1020.1430    22.6382    20.1276     9.5003    291.040    7.26113  222.44408    130.837 0.0000e+00
   40.50300  -73.78552      3.282      3.256    22.6561    29.8315      8.233     5.6155 6.6886e+00  1020.1294    22.6555    20.1159     9.5061    291.219    7.26043  222.42366    130.930 0.0000e+00
   40.50300  -73.78552      3.271      3.245    22.6703    29.8222      8.233     5.6155 6.8218e+00  1020.1170    22.6696    20.1055     9.5217    291.700    7.25986  222.40715    131.156 0.0000e+00
   40.50300  -73.78552      3.231      3.206    22.6768    29.8222      8.238     5.6155 6.9772e+00  1020.1090    22.6762    20.1006     9.5326    292.034    7.25938  222.39274    131.315 0.0000e+00
   40.50300  -73.78552      3.221      3.196    22.6700    29.8222      8.238     5.6155 7.0167e+00  1020.1134    22.6694    20.1048     9.5433    292.363    7.25895  222.38028    131.470 0.0000e+00
   40.50300  -73.78552      3.201      3.176    22.6483    29.8303      8.238     5.6155 7.1162e+00  1020.1319    22.6476    20.1156     9.5544    292.702    7.25867  222.37220    131.627 0.0000e+00
   40.50300  -73.78552      3.150      3.126    22.6367    29.8340      8.238     5.6155 7.2783e+00  1020.1435    22.6361    20.1235     9.5704    293.192    7.25854  222.36843    131.850 -9.990e-29
   40.50300  -73.78552      3.180      3.156    22.6458    29.8340      8.242     5.6155 7.3401e+00  1020.1391    22.6452    20.1229     9.5814    293.530    7.25852  222.36766    132.002 -9.990e-29
   40.50300  -73.78552      3.140      3.116    22.6582    29.8340      8.242     5.6155 7.4233e+00  1020.1304    22.6576    20.1169     9.5927    293.876    7.25862  222.37083    132.156 0.0000e+00
   40.50300  -73.78552      3.099      3.075    22.6675    29.8281      8.242     5.6155 7.6138e+00  1020.1232    22.6669    20.1097     9.5990    294.069    7.25880  222.37604    132.239 0.0000e+00
   40.50298  -73.78548      3.078      3.055    22.6777    29.8220      8.242     5.6155 7.6784e+00  1020.1152    22.6771    20.1024     9.6098    294.400    7.25896  222.38078    132.385 -9.990e-29
   40.50298  -73.78548      3.099      3.075    22.6862    29.8165      8.247     5.6155 7.7436e+00  1020.1085    22.6856    20.0959     9.6202    294.718    7.25901  222.38230    132.528 -9.990e-29
   40.50298  -73.78548      3.048      3.025    22.6919    29.8120      8.247     5.6155 7.9177e+00  1020.1036    22.6913    20.0907     9.6258    294.891    7.25906  222.38386    132.605 0.0000e+00
   40.50298  -73.78548      3.029      3.006    22.6981    29.8081      8.247     5.6155 7.9848e+00  1020.0988    22.6975    20.0861     9.6362    295.209    7.25903  222.38334    132.748 0.0000e+00
   40.50298  -73.78548      3.018      2.995    22.7033    29.8050      8.247     5.6155 8.0299e+00  1020.0947    22.7027    20.0823     9.6466    295.527    7.25907  222.38468    132.890 0.0000e+00
   40.50298  -73.78548      2.999      2.976    22.7081    29.8028      8.247     5.6155 8.1898e+00  1020.0918    22.7076    20.0794     9.6523    295.702    7.25912  222.38647    132.968 0.0000e+00
   40.50298  -73.78548      2.978      2.955    22.7114    29.8013      8.251     5.6155 8.2826e+00  1020.0901    22.7108    20.0773     9.6627    296.021    7.25925  222.39021    133.109 0.0000e+00
   40.50298  -73.78548      2.948      2.925    22.7139    29.8000      8.251     5.7767 8.3059e+00  1020.0881    22.7133    20.0755     9.6681    296.187    7.25934  222.39292    133.182 0.0000e+00
   40.50298  -73.78548      2.937      2.914    22.7168    29.7987      8.251     6.2199 8.4712e+00  1020.0862    22.7162    20.0737     9.6784    296.504    7.25960  222.40105    133.319 0.0000e+00
   40.50298  -73.78548      2.918      2.895    22.7192    29.7975      8.251     6.3676 8.5914e+00  1020.0846    22.7187    20.0722     9.6847    296.696    7.26040  222.42519    133.391 -9.990e-29
   40.50298  -73.78548      2.918      2.895    22.7214    29.7965      8.251     6.3542 8.5914e+00  1020.0832    22.7208    20.0708     9.6910    296.886    7.26133  222.45297    133.460 -9.990e-29
   40.50298  -73.78548      2.887      2.865    22.7228    29.7957      8.256     6.3274 8.7624e+00  1020.0820    22.7222    20.0697     9.6974    297.081    7.26247  222.48669    133.528 0.0000e+00
