CalculateIndicators/WaterTemperature/Data/CTD_NYOS/20220513_C02.cnv
* Sea-Bird SBE 9 Data File:
* FileName = C:\Seabird 9 CTD\Data\2022\202205_offshore\20220513_C02.hex
* Software Version Seasave V 7.23.2
* Temperature SN = 4590
* Conductivity SN = 3228
* Number of Bytes Per Scan = 44
* Number of Voltage Words = 5
* Number of Scans Averaged by the Deck Unit = 1
* NMEA Latitude = 40 52.81 N
* NMEA Longitude = 073 43.76 W
* NMEA UTC (Time) = Sep 27 2002  02:38:31
* NMEA baud rate = 4800
** Ship: seawolf
** Station: LIS_WLIS
** Operator: TDK
# nquan = 18
# nvalues = 7175                        
# units = specified
# name 0 = latitude: Latitude [deg]
# name 1 = longitude: Longitude [deg]
# name 2 = prDM: Pressure, Digiquartz [db]
# name 3 = depSM: Depth [salt water, m]
# name 4 = t090C: Temperature [ITS-90, deg C]
# name 5 = sal00: Salinity, Practical [PSU]
# name 6 = ph: pH
# name 7 = flECO-AFL: Fluorescence, WET Labs ECO-AFL/FL [mg/m^3]
# name 8 = cpar: CPAR/Corrected Irradiance [%]
# name 9 = density00: Density [density, kg/m^3]
# name 10 = potemp090C: Potential Temperature [ITS-90, deg C]
# name 11 = sigma-é00: Density [sigma-theta, kg/m^3]
# name 12 = sbeox0Mg/L: Oxygen, SBE 43 [mg/l]
# name 13 = sbox0Mm/Kg: Oxygen, SBE 43 [umol/kg]
# name 14 = oxsolMg/L: Oxygen Saturation, Garcia & Gordon [mg/l]
# name 15 = oxsolMm/Kg: Oxygen Saturation, Garcia & Gordon [umol/kg]
# name 16 = sbeox0PS: Oxygen, SBE 43 [% saturation]
# name 17 = flag:  0.000e+00
# span 0 =   40.88020,   40.88028       
# span 1 =  -73.72978,  -73.72940       
# span 2 =      1.780,     17.231       
# span 3 =      1.766,     17.097       
# span 4 =    11.5144,    12.6131       
# span 5 =    24.5811,    25.2991       
# span 6 =      8.073,      8.192       
# span 7 =     2.0563,     4.6485       
# span 8 = 9.9999e+04, 9.9999e+04       
# span 9 =  1018.4109,  1019.2284       
# span 10 =    11.5124,    12.6128      
# span 11 =    18.4056,    19.1506      
# span 12 =     9.4180,    11.0420      
# span 13 =    288.824,    338.811      
# span 14 =    9.11518,    9.28986      
# span 15 =  279.70635,  284.88115      
# span 16 =    101.496,    120.860      
# span 17 = 0.0000e+00, 0.0000e+00      
# interval = seconds: 0.0416667
# start_time = May 13 2022 02:38:32 [System UTC, first data scan.]
# bad_flag = -9.990e-29
*END*
[from data line 3779]
   40.88024  -73.72962     11.793     11.701    11.5875    25.2225      8.079     2.4055 9.9999e+04  1019.1326    11.5862    19.0789     9.4234    288.983    9.24335  283.46242    101.948 -9.990e-29
   40.88024  -73.72962     11.767     11.675    11.5897    25.2220      8.079     2.4055 9.9999e+04  1019.1309    11.5883    19.0779     9.4275    289.112    9.24188  283.41815    102.009 0.0000e+00
   40.88024  -73.72962     11.753     11.662    11.5910    25.2220      8.079     2.4055 9.9999e+04  1019.1304    11.5897    19.0775     9.4279    289.121    9.24223  283.42717    102.009 0.0000e+00
   40.88024  -73.72962     11.723     11.632    11.5907    25.2220      8.075     2.4055 9.9999e+04  1019.1309    11.5894    19.0781     9.4273    289.102    9.24164  283.40894    102.009 -9.990e-29
   40.88024  -73.72962     11.723     11.632    11.5902    25.2236      8.075     2.4055 9.9999e+04  1019.1325    11.5889    19.0793     9.4267    289.085    9.24111  283.39184    102.009 -9.990e-29
   40.88024  -73.72962     11.681     11.591    11.5902    25.2252      8.075     2.4055 9.9999e+04  1019.1339    11.5889    19.0805     9.4268    289.084    9.24047  283.37075    102.016 0.0000e+00
   40.88024  -73.72962     11.676     11.585    11.5909    25.2266      8.079     2.4055 9.9999e+04  1019.1346    11.5896    19.0816     9.4251    289.034    9.23883  283.32126    102.016 0.0000e+00
   40.88024  -73.72962     11.661     11.570    11.5910    25.2272      8.079     2.4055 9.9999e+04  1019.1356    11.5897    19.0823     9.4228    288.966    9.23602  283.23802    102.022 0.0000e+00
   40.88024  -73.72962     11.641     11.551    11.5914    25.2272      8.079     2.4055 9.9999e+04  1019.1356    11.5901    19.0824     9.4203    288.893    9.23357  283.16486    102.023 0.0000e+00
   40.88024  -73.72962     11.611     11.521    11.5927    25.2272      8.079     2.4055 9.9999e+04  1019.1351    11.5914    19.0815     9.4194    288.865    9.23196  283.11653    102.031 0.0000e+00
   40.88024  -73.72962     11.600     11.510    11.5972    25.2255      8.075     2.4055 9.9999e+04  1019.1326    11.5959    19.0797     9.4247    289.029    9.23130  283.09613    102.096 0.0000e+00
   40.88024  -73.72962     11.580     11.490    11.6026    25.2238      8.075     2.4055 9.9999e+04  1019.1292    11.6013    19.0776     9.4247    289.028    9.23051  283.07204    102.104 0.0000e+00
   40.88024  -73.72962     11.575     11.486    11.6033    25.2238      8.074     2.4055 9.9999e+04  1019.1287    11.6020    19.0768     9.4180    288.824    9.22890  283.02380    102.049 0.0000e+00
   40.88024  -73.72962     11.530     11.440    11.6029    25.2238      8.075     2.4055 9.9999e+04  1019.1293    11.6016    19.0774     9.4233    288.987    9.22818  283.00259    102.115 -9.990e-29
   40.88024  -73.72962     11.530     11.440    11.6017    25.2238      8.079     2.4055 9.9999e+04  1019.1321    11.6004    19.0779     9.4193    288.864    9.22846  283.01124    102.068 -9.990e-29
   40.88024  -73.72962     11.509     11.420    11.6107    25.2238      8.079     2.4055 9.9999e+04  1019.1294    11.6094    19.0763     9.4266    289.087    9.22903  283.02833    102.141 0.0000e+00
   40.88024  -73.72962     11.489     11.400    11.6238    25.2224      8.079     2.4726 9.9999e+04  1019.1255    11.6225    19.0727     9.4265    289.086    9.22817  283.00225    102.150 0.0000e+00
   40.88024  -73.72962     11.468     11.379    11.6389    25.2192      8.079     2.5129 9.9999e+04  1019.1200    11.6376    19.0680     9.4202    288.892    9.22676  282.95996    102.096 0.0000e+00
   40.88024  -73.72962     11.453     11.364    11.6515    25.2155      8.079     2.5264 9.9999e+04  1019.1145    11.6502    19.0632     9.4253    289.049    9.22570  282.92787    102.163 0.0000e+00
   40.88024  -73.72962     11.438     11.349    11.6579    25.2122      8.079     2.5129 9.9999e+04  1019.1111    11.6566    19.0594     9.4259    289.066    9.22529  282.91531    102.174 0.0000e+00
   40.88024  -73.72962     11.417     11.329    11.6635    25.2122      8.079     2.5129 9.9999e+04  1019.1069    11.6622    19.0571     9.4266    289.089    9.22513  282.91040    102.184 0.0000e+00
   40.88024  -73.72962     11.398     11.309    11.6610    25.2122      8.074     2.5264 9.9999e+04  1019.1077    11.6598    19.0579     9.4276    289.121    9.22521  282.91290    102.194 0.0000e+00
   40.88024  -73.72962     11.377     11.289    11.6523    25.2144      8.079     2.5129 9.9999e+04  1019.1138    11.6510    19.0612     9.4279    289.130    9.22516  282.91121    102.198 0.0000e+00
   40.88024  -73.72962     11.368     11.279    11.6537    25.2183      8.074     2.5129 9.9999e+04  1019.1169    11.6524    19.0640     9.4282    289.139    9.22511  282.90927    102.202 0.0000e+00
   40.88024  -73.72962     11.347     11.259    11.6627    25.2188      8.074     2.5129 9.9999e+04  1019.1172    11.6614    19.0646     9.4285    289.147    9.22510  282.90858    102.205 0.0000e+00
   40.88024  -73.72962     11.332     11.244    11.6738    25.2188      8.079     2.5129 9.9999e+04  1019.1155    11.6726    19.0629     9.4297    289.184    9.22542  282.91812    102.215 0.0000e+00
   40.88024  -73.72962     11.306     11.218    11.6853    25.2188      8.074     2.5264 9.9999e+04  1019.1108    11.6840    19.0599     9.4316    289.241    9.22636  282.94559    102.225 0.0000e+00
   40.88024  -73.72962     11.287     11.199    11.6927    25.2166      8.079     2.5129 9.9999e+04  1019.1083    11.6915    19.0567     9.4389    289.464    9.22750  282.97965    102.291 0.0000e+00
   40.88024  -73.72962     11.276     11.188    11.7016    25.2136      8.079     2.5129 9.9999e+04  1019.1051    11.7003    19.0528     9.4397    289.488    9.22746  282.97849    102.300 0.0000e+00
   40.88024  -73.72962     11.255     11.168    11.7133    25.2097      8.079     2.5129 9.9999e+04  1019.0980    11.7120    19.0484     9.4390    289.466    9.22607  282.93712    102.308 0.0000e+00
   40.88024  -73.72962     11.236     11.148    11.7170    25.2097      8.079     2.5129 9.9999e+04  1019.0947    11.7157    19.0461     9.4387    289.460    9.22463  282.89440    102.321 0.0000e+00
   40.88024  -73.72962     11.215     11.128    11.7181    25.2097      8.074     2.5129 9.9999e+04  1019.0980    11.7168    19.0463     9.4443    289.633    9.22383  282.87106    102.390 0.0000e+00
   40.88024  -73.72962     11.195     11.108    11.7314    25.2095      8.079     2.5129 9.9999e+04  1019.0991    11.7301    19.0456     9.4458    289.677    9.22409  282.87932    102.403 0.0000e+00
   40.88024  -73.72962     11.190     11.103    11.7522    25.2095      8.074     2.5129 9.9999e+04  1019.0928    11.7509    19.0421     9.4481    289.750    9.22528  282.91510    102.416 0.0000e+00
   40.88024  -73.72962     11.164     11.078    11.7655    25.2077      8.074     2.5129 9.9999e+04  1019.0876    11.7642    19.0382     9.4549    289.957    9.22521  282.91288    102.490 0.0000e+00
   40.88024  -73.72962     11.144     11.057    11.7698    25.2077      8.079     2.5129 9.9999e+04  1019.0860    11.7686    19.0359     9.4500    289.807    9.22461  282.89448    102.444 0.0000e+00
   40.88024  -73.72962     11.124     11.038    11.7722    25.2077      8.074     2.5129 9.9999e+04  1019.0839    11.7709    19.0358     9.4558    289.984    9.22377  282.86916    102.515 0.0000e+00
   40.88024  -73.72962     11.104     11.018    11.7669    25.2088      8.074     2.5129 9.9999e+04  1019.0895    11.7656    19.0376     9.4565    290.007    9.22322  282.85272    102.529 0.0000e+00
   40.88024  -73.72962     11.074     10.987    11.7729    25.2088      8.074     2.5129 9.9999e+04  1019.0903    11.7717    19.0384     9.4576    290.041    9.22305  282.84751    102.543 -9.990e-29
   40.88024  -73.72962     11.074     10.987    11.7797    25.2088      8.078     2.5264 9.9999e+04  1019.0876    11.7784    19.0369     9.4646    290.256    9.22310  282.84916    102.619 -9.990e-29
   40.88024  -73.72962     11.043     10.957    11.7807    25.2067      8.074     2.5801 9.9999e+04  1019.0839    11.7794    19.0344     9.4661    290.301    9.22298  282.84567    102.636 0.0000e+00
   40.88024  -73.72962     11.023     10.937    11.7805    25.2038      8.074     2.6741 9.9999e+04  1019.0824    11.7793    19.0321     9.4726    290.503    9.22288  282.84376    102.708 0.0000e+00
   40.88024  -73.72962     11.017     10.932    11.7825    25.2038      8.078     2.7010 9.9999e+04  1019.0783    11.7813    19.0315     9.4762    290.612    9.22438  282.89061    102.730 0.0000e+00
   40.88024  -73.72962     10.992     10.907    11.7669    25.2038      8.079     2.6875 9.9999e+04  1019.0832    11.7656    19.0337     9.4811    290.762    9.22725  282.97821    102.751 0.0000e+00
   40.88024  -73.72962     10.972     10.887    11.7549    25.2073      8.079     2.6875 9.9999e+04  1019.0860    11.7536    19.0393     9.4910    291.066    9.22969  283.05222    102.831 0.0000e+00
   40.88024  -73.72962     10.962     10.877    11.7353    25.2142      8.079     2.6875 9.9999e+04  1019.0995    11.7340    19.0464     9.4957    291.208    9.23195  283.11988    102.857 0.0000e+00
   40.88024  -73.72962     10.932     10.847    11.7359    25.2142      8.074     2.6875 9.9999e+04  1019.1041    11.7346    19.0493     9.4992    291.315    9.23347  283.16523    102.878 0.0000e+00
   40.88024  -73.72962     10.921     10.836    11.7564    25.2142      8.074     2.6875 9.9999e+04  1019.0954    11.7551    19.0454     9.5020    291.398    9.23445  283.19393    102.897 0.0000e+00
   40.88024  -73.72962     10.900     10.816    11.7734    25.2123      8.074     2.6875 9.9999e+04  1019.0866    11.7721    19.0396     9.5019    291.395    9.23358  283.16750    102.906 0.0000e+00
   40.88024  -73.72962     10.881     10.796    11.7815    25.2123      8.074     2.6875 9.9999e+04  1019.0834    11.7802    19.0373     9.5064    291.536    9.23170  283.11107    102.976 0.0000e+00
   40.88024  -73.72962     10.860     10.776    11.7777    25.2123      8.078     2.6875 9.9999e+04  1019.0892    11.7765    19.0389     9.5070    291.554    9.23063  283.07923    102.994 0.0000e+00
   40.88024  -73.72962     10.840     10.756    11.7802    25.2159      8.074     2.6875 9.9999e+04  1019.0900    11.7789    19.0415     9.5087    291.608    9.23091  283.08730    103.010 0.0000e+00
   40.88024  -73.72962     10.809     10.726    11.7815    25.2198      8.074     2.6875 9.9999e+04  1019.0931    11.7803    19.0442     9.5184    291.901    9.23320  283.15514    103.089 -9.990e-29
   40.88024  -73.72962     10.815     10.731    11.7828    25.2198      8.074     2.6875 9.9999e+04  1019.0980    11.7816    19.0459     9.5225    292.025    9.23538  283.22058    103.109 -9.990e-29
   40.88024  -73.72962     10.789     10.705    11.7915    25.2198      8.074     2.6875 9.9999e+04  1019.0952    11.7903    19.0433     9.5331    292.349    9.23847  283.31333    103.189 0.0000e+00
   40.88024  -73.72962     10.759     10.675    11.8084    25.2158      8.078     2.6875 9.9999e+04  1019.0850    11.8072    19.0368     9.5370    292.465    9.24033  283.36840    103.210 0.0000e+00
   40.88024  -73.72962     10.749     10.665    11.8227    25.2102      8.074     2.6875 9.9999e+04  1019.0774    11.8215    19.0303     9.5376    292.484    9.23943  283.34109    103.227 0.0000e+00
   40.88024  -73.72962     10.728     10.645    11.8316    25.2073      8.074     2.6875 9.9999e+04  1019.0737    11.8303    19.0265     9.5360    292.439    9.23688  283.26537    103.239 0.0000e+00
   40.88024  -73.72962     10.708     10.625    11.8347    25.2067      8.074     2.6875 9.9999e+04  1019.0737    11.8335    19.0251     9.5331    292.353    9.23325  283.15781    103.247 0.0000e+00
   40.88024  -73.72962     10.677     10.595    11.8384    25.2061      8.078     2.6875 9.9999e+04  1019.0736    11.8372    19.0238     9.5397    292.556    9.23269  283.14092    103.325 0.0000e+00
   40.88024  -73.72962     10.658     10.575    11.8474    25.2043      8.074     2.6875 9.9999e+04  1019.0696    11.8462    19.0214     9.5396    292.554    9.23098  283.09011    103.343 -9.990e-29
   40.88024  -73.72962     10.658     10.575    11.8519    25.2022      8.074     2.6875 9.9999e+04  1019.0665    11.8507    19.0191     9.5383    292.517    9.22898  283.03065    103.352 -9.990e-29
   40.88024  -73.72962     10.638     10.555    11.8509    25.2012      8.074     2.6875 9.9999e+04  1019.0656    11.8497    19.0183     9.5394    292.551    9.22884  283.02614    103.365 0.0000e+00
   40.88024  -73.72962     10.596     10.514    11.8474    25.2012      8.074     2.6875 9.9999e+04  1019.0675    11.8462    19.0183     9.5429    292.654    9.23158  283.10666    103.372 0.0000e+00
   40.88024  -73.72962     10.545     10.464    11.8521    25.2005      8.078     2.6875 9.9999e+04  1019.0657    11.8509    19.0171     9.5529    292.954    9.23463  283.19530    103.446 0.0000e+00
   40.88024  -73.72962     10.536     10.454    11.8599    25.1991      8.074     2.6607 9.9999e+04  1019.0624    11.8587    19.0151     9.5470    292.774    9.23354  283.16226    103.394 -9.990e-29
   40.88024  -73.72962     10.596     10.514    11.8656    25.1982      8.078     2.6473 9.9999e+04  1019.0608    11.8644    19.0135     9.5490    292.840    9.23051  283.07238    103.450 -9.990e-29
   40.88024  -73.72962     10.627     10.544    11.8675    25.1982      8.074     2.6473 9.9999e+04  1019.0612    11.8663    19.0129     9.5474    292.792    9.22855  283.01410    103.455 -9.990e-29
   40.88024  -73.72962     10.577     10.495    11.8684    25.1982      8.073     2.6473 9.9999e+04  1019.0604    11.8672    19.0127     9.5464    292.763    9.22742  282.98075    103.457 -9.990e-29
   40.88024  -73.72962     10.562     10.480    11.8680    25.1982      8.074     2.6473 9.9999e+04  1019.0605    11.8668    19.0129     9.5518    292.928    9.22705  282.96983    103.519 -9.990e-29
   40.88024  -73.72962     10.556     10.474    11.8680    25.1990      8.074     2.6607 9.9999e+04  1019.0612    11.8667    19.0136     9.5518    292.928    9.22679  282.96190    103.522 -9.990e-29
   40.88024  -73.72962     10.577     10.495    11.8678    25.2003      8.074     2.6473 9.9999e+04  1019.0625    11.8666    19.0147     9.5510    292.905    9.22610  282.94149    103.522 -9.990e-29
   40.88024  -73.72962     10.556     10.474    11.8675    25.2018      8.074     2.6473 9.9999e+04  1019.0635    11.8663    19.0160     9.5564    293.072    9.22603  282.93968    103.581 -9.990e-29
   40.88024  -73.72962     10.526     10.444    11.8653    25.2041      8.078     2.6473 9.9999e+04  1019.0652    11.8641    19.0182     9.5567    293.080    9.22628  282.94772    103.581 0.0000e+00
   40.88024  -73.72962     10.506     10.424    11.8594    25.2071      8.074     2.6473 9.9999e+04  1019.0692    11.8582    19.0213     9.5572    293.097    9.22710  282.97239    103.578 0.0000e+00
   40.88024  -73.72962     10.496     10.414    11.8526    25.2071      8.074     2.6473 9.9999e+04  1019.0730    11.8514    19.0237     9.5572    293.094    9.22760  282.98762    103.571 -9.990e-29
   40.88024  -73.72962     10.496     10.414    11.8528    25.2071      8.074     2.6473 9.9999e+04  1019.0730    11.8516    19.0235     9.5625    293.257    9.22749  282.98443    103.630 -9.990e-29
   40.88024  -73.72962     10.485     10.404    11.8609    25.2062      8.074     2.6473 9.9999e+04  1019.0685    11.8597    19.0202     9.5624    293.255    9.22752  282.98544    103.629 0.0000e+00
   40.88024  -73.72962     10.475     10.394    11.8699    25.2020      8.073     2.6473 9.9999e+04  1019.0624    11.8687    19.0158     9.5619    293.240    9.22742  282.98251    103.625 0.0000e+00
   40.88024  -73.72962     10.455     10.374    11.8750    25.1987      8.073     2.6473 9.9999e+04  1019.0588    11.8738    19.0125     9.5611    293.217    9.22740  282.98206    103.617 0.0000e+00
