CalculateIndicators/WaterTemperature/Data/CTD_NYOS/202200729_C23.cnv
* Sea-Bird SBE 9 Data File:
* FileName = C:\Seabird 9 CTD\Data\2022\202207_offshore\202200729_C23.hex
* Software Version Seasave V 7.23.2
* Temperature SN = 4590
* Conductivity SN = 3228
* Number of Bytes Per Scan = 44
* Number of Voltage Words = 5
* Number of Scans Averaged by the Deck Unit = 1
* NMEA Latitude = 40 06.55 N
* NMEA Longitude = 072 16.13 W
* NMEA UTC (Time) = Dec 13 2002  23:02:50
* NMEA baud rate = 4800
** Ship: seawolf
** Station: 3.3
** Operator: TDK
# nquan = 18
# nvalues = 16795                       
# units = specified
# name 0 = latitude: Latitude [deg]
# name 1 = longitude: Longitude [deg]
# name 2 = prDM: Pressure, Digiquartz [db]
# name 3 = depSM: Depth [salt water, m]
# name 4 = t090C: Temperature [ITS-90, deg C]
# name 5 = sal00: Salinity, Practical [PSU]
# name 6 = ph: pH
# name 7 = flECO-AFL: Fluorescence, WET Labs ECO-AFL/FL [mg/m^3]
# name 8 = cpar: CPAR/Corrected Irradiance [%]
# name 9 = density00: Density [density, kg/m^3]
# name 10 = potemp090C: Potential Temperature [ITS-90, deg C]
# name 11 = sigma-é00: Density [sigma-theta, kg/m^3]
# name 12 = sbeox0Mg/L: Oxygen, SBE 43 [mg/l]
# name 13 = sbox0Mm/Kg: Oxygen, SBE 43 [umol/kg]
# name 14 = oxsolMg/L: Oxygen Saturation, Garcia & Gordon [mg/l]
# name 15 = oxsolMm/Kg: Oxygen Saturation, Garcia & Gordon [umol/kg]
# name 16 = sbeox0PS: Oxygen, SBE 43 [% saturation]
# name 17 = flag:  0.000e+00
# span 0 =   40.10916,   40.11200       
# span 1 =  -72.26892,  -72.26748       
# span 2 =      1.945,     65.465       
# span 3 =      1.930,     64.952       
# span 4 =     8.4322,    24.5010       
# span 5 =    31.5821,    34.0013       
# span 6 =      7.938,      8.256       
# span 7 =    -0.0524,     2.0832       
# span 8 = 7.9124e-13, 3.3932e+01       
# span 9 =  1020.9307,  1026.3904       
# span 10 =     8.4286,    24.5003      
# span 11 =    20.9158,    26.0961      
# span 12 =     6.2282,     9.8659      
# span 13 =    189.685,    300.818      
# span 14 =    6.96317,    9.46284      
# span 15 =  213.14246,  288.32467      
# span 16 =     69.206,    124.354      
# span 17 = 0.0000e+00, 0.0000e+00      
# interval = seconds: 0.0416667
# start_time = Jul 29 2022 23:02:48 [System UTC, first data scan.]
# bad_flag = -9.990e-29
*END*
[from data line 8925]
   40.11068  -72.26808     40.733     40.416     8.4431    32.9969      7.948     0.0954 9.0428e-13  1025.8211     8.4391    25.6358     7.3400    223.646    9.46081  288.26448     77.584 -9.990e-29
   40.11068  -72.26808     40.733     40.416     8.4431    32.9971      7.948     0.0954 9.0428e-13  1025.8216     8.4391    25.6360     7.3399    223.641    9.46088  288.26660     77.581 -9.990e-29
   40.11068  -72.26808     40.753     40.437     8.4435    32.9975      7.948     0.0954 9.0428e-13  1025.8218     8.4394    25.6363     7.3396    223.633    9.46085  288.26585     77.579 -9.990e-29
   40.11068  -72.26808     40.760     40.444     8.4433    32.9981      7.948     0.0954 9.0428e-13  1025.8222     8.4392    25.6367     7.3394    223.626    9.46084  288.26555     77.576 -9.990e-29
   40.11068  -72.26808     40.764     40.448     8.4442    32.9992      7.948     0.0954 9.0428e-13  1025.8228     8.4401    25.6374     7.3399    223.643    9.46085  288.26588     77.582 -9.990e-29
   40.11068  -72.26808     40.784     40.467     8.4471    33.0008      7.948     0.0954 9.0428e-13  1025.8243     8.4430    25.6383     7.3397    223.635    9.46081  288.26469     77.580 -9.990e-29
   40.11068  -72.26808     40.774     40.457     8.4522    33.0020      7.948     0.0954 9.0428e-13  1025.8249     8.4481    25.6387     7.3395    223.630    9.46084  288.26536     77.578 -9.990e-29
   40.11068  -72.26808     40.795     40.478     8.4546    33.0020      7.948     0.0954 9.0428e-13  1025.8239     8.4505    25.6385     7.3393    223.623    9.46079  288.26397     77.576 -9.990e-29
   40.11068  -72.26808     40.802     40.485     8.4559    33.0020      7.948     0.0954 9.0428e-13  1025.8246     8.4518    25.6380     7.3391    223.618    9.46084  288.26561     77.573 -9.990e-29
   40.11068  -72.26808     40.804     40.487     8.4611    33.0022      7.948     0.0819 9.0428e-13  1025.8222     8.4570    25.6371     7.3397    223.635    9.46082  288.26504     77.580 -9.990e-29
   40.11068  -72.26808     40.815     40.498     8.4613    33.0022      7.948     0.0819 9.0428e-13  1025.8217     8.4572    25.6367     7.3395    223.629    9.46079  288.26391     77.578 -9.990e-29
   40.11068  -72.26808     40.825     40.508     8.4631    33.0015      7.948     0.0819 9.0428e-13  1025.8235     8.4590    25.6370     7.3401    223.648    9.46082  288.26472     77.584 -9.990e-29
   40.11068  -72.26808     40.822     40.505     8.4695    33.0014      7.948     0.0819 9.0428e-13  1025.8237     8.4654    25.6367     7.3407    223.666    9.46075  288.26285     77.591 -9.990e-29
   40.11068  -72.26808     40.835     40.517     8.4733    33.0012      7.948     0.0819 9.0428e-13  1025.8210     8.4691    25.6352     7.3406    223.663    9.46078  288.26365     77.590 -9.990e-29
   40.11068  -72.26808     40.835     40.517     8.4680    32.9985      7.948     0.0819 9.0428e-13  1025.8188     8.4639    25.6336     7.3404    223.658    9.46072  288.26183     77.589 -9.990e-29
   40.11068  -72.26808     40.846     40.528     8.4602    32.9966      7.948     0.0819 9.2072e-13  1025.8185     8.4560    25.6331     7.3404    223.656    9.46075  288.26278     77.587 -9.990e-29
   40.11068  -72.26808     40.846     40.528     8.4538    32.9964      7.948     0.0819 9.2072e-13  1025.8195     8.4497    25.6335     7.3410    223.676    9.46077  288.26311     77.594 -9.990e-29
   40.11068  -72.26808     40.842     40.524     8.4505    32.9964      7.948     0.0819 9.2072e-13  1025.8200     8.4464    25.6341     7.3409    223.673    9.46072  288.26172     77.594 -9.990e-29
   40.11068  -72.26808     40.855     40.538     8.4484    32.9964      7.948     0.0819 9.2072e-13  1025.8208     8.4443    25.6347     7.3409    223.672    9.46077  288.26321     77.593 -9.990e-29
   40.11068  -72.26808     40.846     40.528     8.4469    32.9969      7.948     0.0819 9.2072e-13  1025.8213     8.4428    25.6353     7.3407    223.667    9.46070  288.26120     77.592 -9.990e-29
   40.11068  -72.26808     40.846     40.528     8.4459    32.9973      7.948     0.0819 9.2072e-13  1025.8218     8.4418    25.6358     7.3407    223.667    9.46078  288.26347     77.591 -9.990e-29
   40.11068  -72.26808     40.853     40.535     8.4453    32.9978      7.948     0.0819 9.2072e-13  1025.8222     8.4412    25.6363     7.3406    223.663    9.46073  288.26200     77.590 -9.990e-29
   40.11070  -72.26808     40.846     40.528     8.4449    32.9984      7.948     0.0819 9.2072e-13  1025.8227     8.4408    25.6368     7.3405    223.661    9.46074  288.26239     77.589 -9.990e-29
   40.11070  -72.26808     40.846     40.528     8.4445    32.9992      7.948     0.0819 9.2072e-13  1025.8233     8.4404    25.6375     7.3405    223.659    9.46073  288.26209     77.589 -9.990e-29
   40.11070  -72.26808     40.855     40.538     8.4442    33.0005      7.948     0.0819 9.2072e-13  1025.8245     8.4401    25.6386     7.3334    223.443    9.46073  288.26208     77.514 -9.990e-29
   40.11070  -72.26808     40.835     40.517     8.4443    33.0022      7.948     0.0819 9.2072e-13  1025.8257     8.4402    25.6399     7.3395    223.630    9.46067  288.26012     77.579 -9.990e-29
   40.11070  -72.26808     40.842     40.524     8.4445    33.0039      7.948     0.0819 9.2072e-13  1025.8274     8.4404    25.6412     7.3395    223.630    9.46072  288.26163     77.579 -9.990e-29
   40.11070  -72.26808     40.835     40.517     8.4443    33.0039      7.948     0.0819 9.2072e-13  1025.8287     8.4402    25.6419     7.3394    223.627    9.46065  288.25976     77.578 -9.990e-29
   40.11070  -72.26808     40.825     40.508     8.4448    33.0039      7.948     0.0819 9.2072e-13  1025.8279     8.4407    25.6414     7.3394    223.626    9.46069  288.26091     77.578 -9.990e-29
   40.11070  -72.26808     40.835     40.517     8.4451    33.0023      7.948     0.0819 9.2072e-13  1025.8257     8.4410    25.6399     7.3401    223.648    9.46066  288.26000     77.586 -9.990e-29
   40.11070  -72.26808     40.822     40.505     8.4450    33.0003      7.948     0.0819 9.2072e-13  1025.8238     8.4409    25.6384     7.3401    223.648    9.46065  288.25971     77.585 -9.990e-29
   40.11070  -72.26808     40.815     40.498     8.4444    32.9991      7.948     0.0819 9.2072e-13  1025.8231     8.4403    25.6374     7.3401    223.647    9.46065  288.25962     77.585 -9.990e-29
   40.11070  -72.26808     40.804     40.487     8.4442    32.9982      7.948     0.0819 9.3777e-13  1025.8226     8.4401    25.6368     7.3401    223.647    9.46065  288.25954     77.585 -9.990e-29
   40.11070  -72.26808     40.795     40.478     8.4440    32.9976      7.948     0.0819 9.3777e-13  1025.8219     8.4399    25.6363     7.3400    223.646    9.46061  288.25843     77.585 -9.990e-29
   40.11070  -72.26808     40.795     40.478     8.4440    32.9972      7.948     0.0819 9.3777e-13  1025.8216     8.4399    25.6360     7.3400    223.645    9.46060  288.25813     77.585 -9.990e-29
   40.11070  -72.26808     40.781     40.464     8.4440    32.9972      7.948     0.0819 9.2072e-13  1025.8215     8.4399    25.6359     7.3400    223.645    9.46064  288.25936     77.585 -9.990e-29
   40.11070  -72.26808     40.774     40.457     8.4437    32.9972      7.948     0.0819 9.3777e-13  1025.8218     8.4396    25.6360     7.3407    223.667    9.46057  288.25706     77.593 -9.990e-29
   40.11070  -72.26808     40.764     40.448     8.4438    32.9972      7.948     0.0819 9.3777e-13  1025.8216     8.4397    25.6360     7.3337    223.453    9.46052  288.25554     77.519 -9.990e-29
   40.11070  -72.26808     40.753     40.437     8.4437    32.9972      7.948     0.0819 9.3777e-13  1025.8217     8.4396    25.6360     7.3399    223.642    9.46042  288.25277     77.586 -9.990e-29
   40.11070  -72.26808     40.741     40.424     8.4438    32.9971      7.948     0.0819 9.3777e-13  1025.8214     8.4397    25.6359     7.3400    223.644    9.46042  288.25274     77.586 -9.990e-29
   40.11070  -72.26808     40.733     40.416     8.4437    32.9971      7.948     0.0819 9.3777e-13  1025.8213     8.4396    25.6359     7.3401    223.647    9.46047  288.25419     77.587 -9.990e-29
   40.11070  -72.26808     40.723     40.407     8.4437    32.9971      7.948     0.0819 9.3777e-13  1025.8213     8.4396    25.6360     7.3402    223.650    9.46051  288.25529     77.587 -9.990e-29
   40.11070  -72.26808     40.702     40.386     8.4437    32.9971      7.948     0.0819 9.2072e-13  1025.8214     8.4396    25.6360     7.3402    223.652    9.46054  288.25640     77.588 -9.990e-29
   40.11070  -72.26808     40.690     40.374     8.4435    32.9971      7.948     0.0819 9.3777e-13  1025.8214     8.4394    25.6360     7.3404    223.657    9.46068  288.26053     77.589 -9.990e-29
   40.11070  -72.26808     40.672     40.356     8.4437    32.9970      7.948     0.0819 9.2072e-13  1025.8209     8.4396    25.6358     7.3405    223.661    9.46073  288.26199     77.589 -9.990e-29
   40.11070  -72.26808     40.672     40.356     8.4438    32.9970      7.948     0.0819 9.2072e-13  1025.8209     8.4397    25.6358     7.3407    223.665    9.46083  288.26509     77.590 -9.990e-29
   40.11070  -72.26806     40.642     40.326     8.4435    32.9970      7.948     0.0819 9.2072e-13  1025.8212     8.4394    25.6359     7.3407    223.667    9.46082  288.26496     77.591 -9.990e-29
   40.11070  -72.26806     40.639     40.323     8.4437    32.9970      7.948     0.0819 9.2072e-13  1025.8208     8.4396    25.6359     7.3408    223.669    9.46085  288.26578     77.591 -9.990e-29
   40.11070  -72.26806     40.621     40.305     8.4436    32.9970      7.948     0.0819 9.2072e-13  1025.8209     8.4395    25.6359     7.3409    223.671    9.46087  288.26627     77.592 -9.990e-29
   40.11070  -72.26806     40.600     40.285     8.4431    32.9970      7.948     0.0819 9.2072e-13  1025.8210     8.4391    25.6359     7.3409    223.673    9.46089  288.26680     77.592 -9.990e-29
   40.11070  -72.26806     40.600     40.285     8.4435    32.9968      7.948     0.0819 9.2072e-13  1025.8205     8.4394    25.6358     7.3410    223.675    9.46087  288.26654     77.593 -9.990e-29
   40.11070  -72.26806     40.577     40.262     8.4435    32.9968      7.948     0.0819 9.2072e-13  1025.8205     8.4394    25.6358     7.3411    223.677    9.46088  288.26666     77.594 -9.990e-29
   40.11070  -72.26806     40.560     40.245     8.4433    32.9968      7.948     0.0819 9.3777e-13  1025.8206     8.4393    25.6358     7.3411    223.678    9.46085  288.26577     77.594 -9.990e-29
   40.11070  -72.26806     40.540     40.225     8.4437    32.9968      7.948     0.0819 9.2072e-13  1025.8202     8.4396    25.6358     7.3412    223.680    9.46087  288.26653     77.595 -9.990e-29
   40.11070  -72.26806     40.519     40.204     8.4435    32.9968      7.948     0.0819 9.3777e-13  1025.8203     8.4394    25.6358     7.3343    223.470    9.46093  288.26813     77.522 -9.990e-29
   40.11070  -72.26806     40.516     40.201     8.4437    32.9968      7.948     0.0819 9.2072e-13  1025.8203     8.4396    25.6358     7.3406    223.662    9.46087  288.26625     77.589 -9.990e-29
   40.11070  -72.26806     40.489     40.174     8.4435    32.9968      7.948     0.0819 9.3777e-13  1025.8201     8.4394    25.6358     7.3407    223.666    9.46089  288.26681     77.590 -9.990e-29
   40.11070  -72.26806     40.479     40.164     8.4436    32.9968      7.948     0.0819 9.2072e-13  1025.8200     8.4395    25.6358     7.3408    223.668    9.46086  288.26597     77.591 -9.990e-29
   40.11070  -72.26806     40.458     40.144     8.4437    32.9968      7.948     0.1357 9.2072e-13  1025.8201     8.4396    25.6359     7.3409    223.672    9.46089  288.26709     77.592 -9.990e-29
   40.11070  -72.26806     40.435     40.121     8.4435    32.9968      7.948     0.1357 9.2072e-13  1025.8202     8.4394    25.6359     7.3410    223.675    9.46089  288.26696     77.593 -9.990e-29
   40.11070  -72.26806     40.428     40.114     8.4440    32.9969      7.948     0.1357 9.3777e-13  1025.8195     8.4399    25.6357     7.3410    223.677    9.46085  288.26578     77.594 -9.990e-29
   40.11070  -72.26806     40.398     40.084     8.4438    32.9969      7.948     0.1357 9.2072e-13  1025.8196     8.4397    25.6357     7.3412    223.681    9.46089  288.26682     77.595 -9.990e-29
   40.11070  -72.26806     40.384     40.070     8.4440    32.9969      7.948     0.1357 9.2072e-13  1025.8197     8.4399    25.6358     7.3413    223.684    9.46091  288.26746     77.596 -9.990e-29
   40.11070  -72.26806     40.366     40.052     8.4438    32.9971      7.948     0.1357 9.3777e-13  1025.8197     8.4397    25.6359     7.3414    223.688    9.46092  288.26795     77.597 -9.990e-29
   40.11070  -72.26806     40.346     40.033     8.4437    32.9971      7.948     0.1357 9.3777e-13  1025.8199     8.4396    25.6360     7.3415    223.691    9.46094  288.26845     77.598 -9.990e-29
   40.11070  -72.26806     40.335     40.022     8.4440    32.9971      7.948     0.1357 9.3777e-13  1025.8194     8.4400    25.6360     7.3346    223.481    9.46092  288.26790     77.525 -9.990e-29
   40.11070  -72.26806     40.312     39.999     8.4437    32.9970      7.948     0.1357 9.3777e-13  1025.8197     8.4396    25.6359     7.3410    223.675    9.46093  288.26818     77.593 -9.990e-29
   40.11070  -72.26806     40.295     39.982     8.4442    32.9970      7.948     0.1357 9.3777e-13  1025.8191     8.4401    25.6359     7.3411    223.679    9.46090  288.26717     77.594 -9.990e-29
   40.11070  -72.26806     40.284     39.971     8.4437    32.9970      7.948     0.1357 9.3777e-13  1025.8195     8.4396    25.6359     7.3413    223.683    9.46091  288.26745     77.596 -9.990e-29
   40.11070  -72.26806     40.261     39.948     8.4440    32.9971      7.948     0.1357 9.3777e-13  1025.8191     8.4399    25.6359     7.3414    223.688    9.46092  288.26802     77.597 -9.990e-29
   40.11070  -72.26806     40.244     39.932     8.4438    32.9972      7.948     0.1357 9.3777e-13  1025.8193     8.4398    25.6360     7.3415    223.692    9.46088  288.26681     77.599 -9.990e-29
   40.11070  -72.26806     40.224     39.911     8.4438    32.9973      7.948     0.1357 9.3777e-13  1025.8193     8.4398    25.6361     7.3417    223.695    9.46089  288.26679     77.600 -9.990e-29
   40.11070  -72.26806     40.214     39.902     8.4438    32.9973      7.948     0.1357 9.3777e-13  1025.8193     8.4398    25.6361     7.3419    223.701    9.46094  288.26840     77.602 -9.990e-29
   40.11070  -72.26806     40.189     39.877     8.4442    32.9973      7.948     0.1357 9.3777e-13  1025.8190     8.4401    25.6361     7.3341    223.465    9.46083  288.26517     77.521 -9.990e-29
   40.11070  -72.26806     40.173     39.861     8.4439    32.9972      7.948     0.1357 9.3777e-13  1025.8190     8.4399    25.6360     7.3335    223.446    9.46080  288.26414     77.514 -9.990e-29
   40.11070  -72.26806     40.163     39.851     8.4443    32.9970 -9.990e-29     0.1357 9.3777e-13  1025.8186     8.4403    25.6359     7.3398    223.640    9.46071  288.26147     77.582 -9.990e-29
   40.11070  -72.26806     40.138     39.826     8.4442    32.9970 -9.990e-29     0.1357 9.3777e-13  1025.8184     8.4401    25.6357     7.3400    223.645    9.46067  288.26025     77.584 -9.990e-29
   40.11070  -72.26806     40.131     39.820     8.4443    32.9970 -9.990e-29     0.1357 9.3777e-13  1025.8184     8.4403    25.6357     7.3401    223.648    9.46062  288.25875     77.586 -9.990e-29
   40.11070  -72.26806     40.112     39.800     8.4443    32.9971 -9.990e-29     0.1357 9.3777e-13  1025.8184     8.4403    25.6359     7.3403    223.654    9.46060  288.25816     77.588 -9.990e-29
   40.11070  -72.26806     40.098     39.787     8.4442    32.9971 -9.990e-29     0.1357 9.3777e-13  1025.8187     8.4401    25.6360     7.3404    223.657    9.46057  288.25712     77.590 -9.990e-29
