CalculateIndicators/WaterTemperature/Data/CTD_NYOS/20220928_C03.cnv
* Sea-Bird SBE 9 Data File:
* FileName = C:\Seabird 9 CTD\Data\2022\202209_offshore\20220928_C03.hex
* Software Version Seasave V 7.23.2
* Temperature SN = 4590
* Conductivity SN = 3228
* Number of Bytes Per Scan = 44
* Number of Voltage Words = 5
* Number of Scans Averaged by the Deck Unit = 1
* NMEA Latitude = 40 31.24 N
* NMEA Longitude = 073 26.32 W
* NMEA UTC (Time) = Feb 12 2003  12:09:33
* NMEA baud rate = 4800
** Ship: seawolf
** Station: 6.1
** Operator: TDK
# nquan = 18
# nvalues = 8185                        
# units = specified
# name 0 = latitude: Latitude [deg]
# name 1 = longitude: Longitude [deg]
# name 2 = prDM: Pressure, Digiquartz [db]
# name 3 = depSM: Depth [salt water, m]
# name 4 = t090C: Temperature [ITS-90, deg C]
# name 5 = sal00: Salinity, Practical [PSU]
# name 6 = ph: pH
# name 7 = flECO-AFL: Fluorescence, WET Labs ECO-AFL/FL [mg/m^3]
# name 8 = cpar: CPAR/Corrected Irradiance [%]
# name 9 = density00: Density [density, kg/m^3]
# name 10 = potemp090C: Potential Temperature [ITS-90, deg C]
# name 11 = sigma-é00: Density [sigma-theta, kg/m^3]
# name 12 = sbeox0Mg/L: Oxygen, SBE 43 [mg/l]
# name 13 = sbox0Mm/Kg: Oxygen, SBE 43 [umol/kg]
# name 14 = oxsolMg/L: Oxygen Saturation, Garcia & Gordon [mg/l]
# name 15 = oxsolMm/Kg: Oxygen Saturation, Garcia & Gordon [umol/kg]
# name 16 = sbeox0PS: Oxygen, SBE 43 [% saturation]
# name 17 = flag:  0.000e+00
# span 0 =   40.52062,   40.52070       
# span 1 =  -73.43866,  -73.43750       
# span 2 =      1.836,     16.030       
# span 3 =      1.822,     15.906       
# span 4 =    18.2806,    19.4062       
# span 5 =    31.9850,    32.8301       
# span 6 =      6.903,      7.379       
# span 7 =     0.6326,     1.3847       
# span 8 = 8.0365e-02, 4.2925e+00       
# span 9 =  1022.6598,  1023.6065       
# span 10 =    18.2779,    19.4039      
# span 11 =    22.6472,    23.5363      
# span 12 =     5.4905,     6.6978      
# span 13 =    167.640,    204.674      
# span 14 =    7.58510,    7.73571      
# span 15 =  231.69185,  236.18573      
# span 16 =     71.052,     87.779      
# span 17 = 0.0000e+00, 0.0000e+00      
# interval = seconds: 0.0416667
# start_time = Sep 28 2022 12:09:35 [System UTC, first data scan.]
# bad_flag = -9.990e-29
*END*
[from data line 483]
   40.52064  -73.43860      6.391      6.342    19.2798    31.9879 -9.990e-29     1.2639 7.0094e-01  1022.6784    19.2786    22.6505     6.6858    204.305    7.63047  233.17331     87.619 0.0000e+00
   40.52064  -73.43860      6.404      6.354    19.2798    31.9880 -9.990e-29     1.2639 6.8913e-01  1022.6783    19.2786    22.6506     6.6853    204.292    7.63022  233.16575     87.617 0.0000e+00
   40.52064  -73.43860      6.433      6.383    19.2799    31.9880 -9.990e-29     1.2639 6.8523e-01  1022.6787    19.2788    22.6506     6.6850    204.281    7.63007  233.16150     87.613 0.0000e+00
   40.52064  -73.43860      6.464      6.414    19.2801    31.9880 -9.990e-29     1.2639 6.8136e-01  1022.6787    19.2790    22.6505     6.6849    204.280    7.62993  233.15704     87.615 0.0000e+00
   40.52064  -73.43860      6.484      6.433    19.2803    31.9879 -9.990e-29     1.2639 6.7368e-01  1022.6784    19.2791    22.6504     6.6845    204.268    7.62979  233.15288     87.611 0.0000e+00
   40.52064  -73.43860      6.493      6.443    19.2803    31.9879 -9.990e-29     1.2639 6.6987e-01  1022.6787    19.2791    22.6504     6.6843    204.259    7.62982  233.15385     87.607 0.0000e+00
   40.52064  -73.43860      6.525      6.474    19.2804    31.9879 -9.990e-29     1.2639 6.6609e-01  1022.6787    19.2793    22.6504     6.6842    204.259    7.62975  233.15182     87.608 0.0000e+00
   40.52064  -73.43860      6.554      6.503    19.2804    31.9879 -9.990e-29     1.2639 6.6232e-01  1022.6789    19.2792    22.6504     6.6839    204.247    7.62972  233.15103     87.603 0.0000e+00
   40.52064  -73.43860      6.576      6.525    19.2806    31.9879 -9.990e-29     1.2639 6.5772e-01  1022.6789    19.2795    22.6503     6.6786    204.085    7.62968  233.14963     87.534 0.0000e+00
   40.52064  -73.43860      6.595      6.544    19.2806    31.9879 -9.990e-29     1.2639 6.5501e-01  1022.6790    19.2795    22.6503     6.6834    204.233    7.62961  233.14737     87.598 0.0000e+00
   40.52064  -73.43860      6.617      6.566    19.2804    31.9879 -9.990e-29     1.2639 6.4946e-01  1022.6790    19.2793    22.6503     6.6834    204.234    7.62966  233.14931     87.598 0.0000e+00
   40.52064  -73.43860      6.646      6.594    19.2806    31.9880 -9.990e-29     1.2639 6.4495e-01  1022.6791    19.2795    22.6504     6.6834    204.234    7.62971  233.15069     87.597 0.0000e+00
   40.52064  -73.43860      6.665      6.613    19.2804    31.9883 -9.990e-29     1.2639 6.4312e-01  1022.6796    19.2793    22.6506     6.6834    204.233    7.62975  233.15198     87.597 0.0000e+00
   40.52064  -73.43860      6.687      6.635    19.2806    31.9885 -9.990e-29     1.2639 6.3768e-01  1022.6801    19.2795    22.6509     6.6833    204.231    7.62972  233.15093     87.596 0.0000e+00
   40.52064  -73.43860      6.706      6.654    19.2808    31.9885 -9.990e-29     1.2639 6.3146e-01  1022.6802    19.2796    22.6509     6.6832    204.228    7.62973  233.15119     87.595 0.0000e+00
   40.52064  -73.43860      6.728      6.676    19.2813    31.9885 -9.990e-29     1.2639 6.3146e-01  1022.6797    19.2801    22.6507     6.6831    204.224    7.62967  233.14943     87.593 0.0000e+00
   40.52064  -73.43860      6.746      6.694    19.2810    31.9884 -9.990e-29     1.2639 6.2530e-01  1022.6800    19.2798    22.6506     6.6833    204.230    7.62961  233.14740     87.597 0.0000e+00
   40.52064 -9.990e-29      6.767      6.714    19.2812    31.9883      6.903     1.2639 6.2000e-01  1022.6800    19.2800    22.6505     6.6831    204.223    7.62950  233.14390     87.595 0.0000e+00
   40.52064 -9.990e-29      6.789      6.736    19.2812    31.9882      6.903     1.2639 6.2000e-01  1022.6799    19.2800    22.6504     6.6829    204.218    7.62945  233.14246     87.594 0.0000e+00
   40.52064 -9.990e-29      6.807      6.754    19.2812    31.9882      6.908     1.2773 6.1649e-01  1022.6799    19.2800    22.6504     6.6828    204.214    7.62947  233.14321     87.592 0.0000e+00
   40.52064 -9.990e-29      6.830      6.777    19.2810    31.9882      6.917     1.2907 6.1301e-01  1022.6803    19.2798    22.6504     6.6774    204.051    7.62955  233.14622     87.521 0.0000e+00
   40.52064 -9.990e-29      6.838      6.785    19.2812    31.9882      6.949     1.3042 6.1048e-01  1022.6801    19.2800    22.6504     6.6775    204.052    7.62972  233.15145     87.519 0.0000e+00
   40.52064 -9.990e-29      6.868      6.815    19.2808    31.9882      6.958     1.3042 6.0875e-01  1022.6803    19.2796    22.6504     6.6824    204.201    7.62984  233.15491     87.582 -9.990e-29
   40.52064 -9.990e-29      6.870      6.817    19.2812    31.9884      6.953     1.3042 6.0531e-01  1022.6803    19.2799    22.6506     6.6768    204.032    7.62973  233.15102     87.511 -9.990e-29
   40.52064 -9.990e-29      6.908      6.855    19.2808    31.9887      6.944     1.3042 6.0359e-01  1022.6812    19.2796    22.6509     6.6762    204.015    7.62965  233.14864     87.504 0.0000e+00
   40.52064 -9.990e-29      6.919      6.866    19.2812    31.9888      6.940     1.3042 6.0359e-01  1022.6811    19.2799    22.6509     6.6758    204.002    7.62975  233.15197     87.497 0.0000e+00
   40.52064 -9.990e-29      6.930      6.877    19.2813    31.9888      6.944     1.3042 6.0111e-01  1022.6808    19.2801    22.6508     6.6812    204.165    7.62995  233.15817     87.565 0.0000e+00
   40.52064 -9.990e-29      6.949      6.896    19.2813    31.9889      6.944     1.3042 6.0111e-01  1022.6810    19.2801    22.6509     6.6761    204.011    7.62998  233.15902     87.499 0.0000e+00
   40.52064 -9.990e-29      6.971      6.918    19.2818    31.9889      6.931     1.3042 5.9941e-01  1022.6816    19.2806    22.6511     6.6760    204.006    7.62992  233.15699     87.497 0.0000e+00
   40.52064 -9.990e-29      6.989      6.935    19.2821    31.9889      6.908     1.3042 5.9601e-01  1022.6819    19.2809    22.6510     6.6758    203.999    7.62981  233.15341     87.496 0.0000e+00
   40.52064 -9.990e-29      6.999      6.945    19.2825    31.9884      6.903     1.3042 5.9356e-01  1022.6807    19.2813    22.6503     6.6755    203.992    7.62966  233.14877     87.494 0.0000e+00
   40.52064 -9.990e-29      7.002      6.948    19.2822    31.9870      6.903     1.3042 5.9356e-01  1022.6801    19.2810    22.6493     6.6753    203.985    7.62949  233.14342     87.493 0.0000e+00
   40.52064 -9.990e-29      7.031      6.976    19.2815    31.9852      6.903     1.3042 5.8686e-01  1022.6784    19.2803    22.6481     6.6751    203.978    7.62931  233.13776     87.492 0.0000e+00
   40.52064 -9.990e-29      7.040      6.986    19.2801    31.9852      6.912     1.3042 5.8279e-01  1022.6772    19.2789    22.6474     6.6746    203.962    7.62919  233.13445     87.487 0.0000e+00
   40.52064 -9.990e-29      7.053      6.998    19.2784    31.9852      6.935     1.3042 5.8279e-01  1022.6781    19.2771    22.6479     6.6692    203.798    7.62913  233.13242     87.417 0.0000e+00
   40.52064 -9.990e-29      7.061      7.006    19.2768    31.9852      6.940     1.3042 5.7547e-01  1022.6801    19.2755    22.6491     6.6684    203.773    7.62905  233.13013     87.407 0.0000e+00
   40.52064 -9.990e-29      7.083      7.028    19.2766    31.9862      6.931     1.3042 5.7222e-01  1022.6815    19.2754    22.6500     6.6680    203.763    7.62906  233.13089     87.403 0.0000e+00
   40.52064 -9.990e-29      7.091      7.036    19.2771    31.9862      6.921     1.3042 5.7059e-01  1022.6809    19.2759    22.6501     6.6677    203.755    7.62912  233.13285     87.399 0.0000e+00
   40.52064 -9.990e-29      7.110      7.055    19.2764    31.9862      6.908     1.3042 5.6503e-01  1022.6808    19.2752    22.6501     6.6671    203.736    7.62917  233.13427     87.390 0.0000e+00
   40.52064 -9.990e-29      7.123      7.068    19.2764    31.9862      6.903     1.3042 5.6024e-01  1022.6812    19.2752    22.6502     6.6665    203.715    7.62914  233.13313     87.382 0.0000e+00
   40.52064 -9.990e-29      7.131      7.076    19.2764    31.9859      6.903     1.3042 5.6024e-01  1022.6813    19.2752    22.6500     6.6714    203.867    7.62910  233.13186     87.447 0.0000e+00
   40.52064 -9.990e-29      7.152      7.096    19.2761    31.9852      6.903     1.3042 5.5635e-01  1022.6802    19.2748    22.6495     6.6659    203.698    7.62908  233.13147     87.375 -9.990e-29
   40.52064 -9.990e-29      7.154      7.099    19.2754    31.9852      6.903     1.3042 5.5321e-01  1022.6803    19.2741    22.6494     6.6707    203.844    7.62921  233.13538     87.436 -9.990e-29
   40.52064 -9.990e-29      7.182      7.126    19.2745    31.9852      6.903     1.3042 5.5164e-01  1022.6810    19.2733    22.6497     6.6657    203.692    7.62938  233.14097     87.368 -9.990e-29
   40.52064 -9.990e-29      7.182      7.126    19.2740    31.9853      6.903     1.3042 5.5093e-01  1022.6814    19.2727    22.6500     6.6653    203.681    7.62959  233.14763     87.361 -9.990e-29
   40.52064 -9.990e-29      7.185      7.129    19.2738    31.9856      6.903     1.3042 5.4781e-01  1022.6814    19.2725    22.6502     6.6705    203.839    7.62971  233.15109     87.428 0.0000e+00
   40.52064 -9.990e-29      7.212      7.156    19.2733    31.9861      6.903     1.3042 5.4711e-01  1022.6818    19.2720    22.6507     6.6704    203.837    7.62984  233.15509     87.426 0.0000e+00
   40.52064 -9.990e-29      7.223      7.167    19.2731    31.9873      6.908     1.2907 5.4711e-01  1022.6829    19.2719    22.6517     6.6707    203.845    7.62992  233.15736     87.428 -9.990e-29
   40.52064 -9.990e-29      7.224      7.169    19.2735    31.9887      6.903     1.3042 5.4556e-01  1022.6847    19.2722    22.6526     6.6656    203.689    7.62989  233.15617     87.361 -9.990e-29
   40.52064 -9.990e-29      7.233      7.177    19.2750    31.9894      6.903     1.2907 5.4486e-01  1022.6847    19.2738    22.6528     6.6654    203.682    7.62980  233.15330     87.360 0.0000e+00
   40.52064 -9.990e-29      7.242      7.186    19.2763    31.9894      6.903     1.3042 5.4417e-01  1022.6839    19.2750    22.6526     6.6653    203.680    7.62985  233.15504     87.358 0.0000e+00
   40.52064 -9.990e-29      7.255      7.199    19.2771    31.9894      6.903     1.3042 5.4263e-01  1022.6841    19.2759    22.6523     6.6706    203.843    7.62998  233.15912     87.426 0.0000e+00
   40.52064 -9.990e-29      7.263      7.207    19.2782    31.9893      6.903     1.3042 5.4263e-01  1022.6837    19.2769    22.6521     6.6710    203.855    7.63010  233.16288     87.430 0.0000e+00
   40.52064 -9.990e-29      7.272      7.216    19.2782    31.9890      6.903     1.3042 5.4193e-01  1022.6833    19.2769    22.6517     6.6713    203.864    7.63006  233.16144     87.435 0.0000e+00
   40.52064 -9.990e-29      7.285      7.229    19.2787    31.9890      6.903     1.3042 5.4125e-01  1022.6831    19.2774    22.6515     6.6715    203.870    7.62996  233.15807     87.438 -9.990e-29
   40.52064 -9.990e-29      7.283      7.227    19.2789    31.9889      6.903     1.3042 5.4125e-01  1022.6830    19.2776    22.6516     6.6666    203.720    7.62998  233.15919     87.374 -9.990e-29
   40.52064 -9.990e-29      7.314      7.257    19.2789    31.9889      6.903     1.3042 5.4125e-01  1022.6839    19.2776    22.6517     6.6720    203.886    7.63012  233.16373     87.443 -9.990e-29
   40.52064 -9.990e-29      7.315      7.259    19.2796    31.9889      6.903     1.3042 5.3902e-01  1022.6834    19.2783    22.6514     6.6722    203.892    7.63031  233.16931     87.444 -9.990e-29
   40.52064 -9.990e-29      7.314      7.257    19.2796    31.9882      6.903     1.3042 5.3902e-01  1022.6824    19.2783    22.6508     6.6674    203.745    7.63042  233.17268     87.380 -9.990e-29
   40.52064 -9.990e-29      7.323      7.267    19.2794    31.9882      6.903     1.3042 5.3902e-01  1022.6822    19.2781    22.6505     6.6676    203.749    7.63048  233.17447     87.381 0.0000e+00
   40.52064 -9.990e-29      7.336      7.279    19.2791    31.9882      6.903     1.3042 5.3750e-01  1022.6824    19.2778    22.6506     6.6677    203.754    7.63053  233.17603     87.382 0.0000e+00
   40.52064 -9.990e-29      7.354      7.297    19.2791    31.9883      6.931     1.3042 5.3818e-01  1022.6830    19.2778    22.6510     6.6679    203.758    7.63058  233.17736     87.383 -9.990e-29
   40.52064 -9.990e-29      7.354      7.297    19.2789    31.9888      6.958     1.3042 5.3750e-01  1022.6834    19.2776    22.6514     6.6680    203.763    7.63058  233.17742     87.385 -9.990e-29
   40.52064 -9.990e-29      7.356      7.300    19.2791    31.9893      6.958     1.3042 5.3750e-01  1022.6838    19.2778    22.6518     6.6629    203.607    7.63059  233.17760     87.319 -9.990e-29
   40.52064 -9.990e-29      7.374      7.317    19.2793    31.9898      6.953     1.3042 5.3597e-01  1022.6844    19.2780    22.6522     6.6628    203.604    7.63061  233.17831     87.317 0.0000e+00
   40.52064 -9.990e-29      7.384      7.327    19.2799    31.9898      6.949     1.3042 5.3597e-01  1022.6845    19.2786    22.6522     6.6627    203.601    7.63062  233.17846     87.316 0.0000e+00
   40.52064 -9.990e-29      7.407      7.350    19.2803    31.9898      6.940     1.3042 5.3513e-01  1022.6845    19.2790    22.6519     6.6626    203.598    7.63058  233.17717     87.315 -9.990e-29
   40.52064 -9.990e-29      7.404      7.347    19.2806    31.9887      6.940     1.3042 5.3210e-01  1022.6833    19.2793    22.6510     6.6627    203.599    7.63058  233.17728     87.315 -9.990e-29
   40.52064 -9.990e-29      7.404      7.347    19.2806    31.9873      6.940     1.2907 5.3278e-01  1022.6818    19.2793    22.6499     6.6626    203.599    7.63054  233.17600     87.316 -9.990e-29
   40.52064 -9.990e-29      7.428      7.370    19.2799    31.9873      6.940     1.2773 5.3127e-01  1022.6810    19.2786    22.6495     6.6571    203.429    7.63053  233.17557     87.243 0.0000e+00
   40.52064 -9.990e-29      7.435      7.377    19.2787    31.9873      6.940     1.2773 5.2676e-01  1022.6823    19.2774    22.6501     6.6617    203.568    7.63041  233.17141     87.304 0.0000e+00
   40.52064 -9.990e-29      7.446      7.388    19.2787    31.9874      6.940     1.2773 5.2594e-01  1022.6842    19.2774    22.6510     6.6564    203.406    7.63020  233.16501     87.237 0.0000e+00
   40.52064 -9.990e-29      7.458      7.400    19.2794    31.9874      6.940     1.2773 5.2594e-01  1022.6838    19.2781    22.6510     6.6557    203.388    7.63009  233.16196     87.230 0.0000e+00
   40.52064 -9.990e-29      7.465      7.407    19.2793    31.9874      6.935     1.2773 5.2000e-01  1022.6825    19.2779    22.6504     6.6554    203.377    7.63017  233.16493     87.224 0.0000e+00
   40.52064 -9.990e-29      7.486      7.428    19.2780    31.9874      6.935     1.2773 5.1852e-01  1022.6825    19.2767    22.6502     6.6550    203.365    7.63024  233.16711     87.219 0.0000e+00
   40.52064 -9.990e-29      7.498      7.440    19.2777    31.9874      6.935     1.2773 5.1852e-01  1022.6830    19.2763    22.6506     6.6551    203.368    7.63032  233.16952     87.219 0.0000e+00
   40.52064 -9.990e-29      7.516      7.458    19.2777    31.9883      6.926     1.2773 5.1347e-01  1022.6840    19.2763    22.6514     6.6549    203.361    7.63040  233.17191     87.215 0.0000e+00
   40.52064 -9.990e-29      7.527      7.469    19.2780    31.9893      6.912     1.2773 5.1056e-01  1022.6850    19.2767    22.6521     6.6493    203.192    7.63040  233.17189     87.143 0.0000e+00
   40.52064 -9.990e-29      7.536      7.478    19.2789    31.9902      6.903     1.2773 5.0991e-01  1022.6853    19.2776    22.6526     6.6488    203.176    7.63042  233.17225     87.135 0.0000e+00
