CalculateIndicators/WaterTemperature/Data/CTD_NYOS/20220513_C02.cnv
* Sea-Bird SBE 9 Data File:
* FileName = C:\Seabird 9 CTD\Data\2022\202205_offshore\20220513_C02.hex
* Software Version Seasave V 7.23.2
* Temperature SN = 4590
* Conductivity SN = 3228
* Number of Bytes Per Scan = 44
* Number of Voltage Words = 5
* Number of Scans Averaged by the Deck Unit = 1
* NMEA Latitude = 40 52.81 N
* NMEA Longitude = 073 43.76 W
* NMEA UTC (Time) = Sep 27 2002  02:38:31
* NMEA baud rate = 4800
** Ship: seawolf
** Station: LIS_WLIS
** Operator: TDK
# nquan = 18
# nvalues = 7175                        
# units = specified
# name 0 = latitude: Latitude [deg]
# name 1 = longitude: Longitude [deg]
# name 2 = prDM: Pressure, Digiquartz [db]
# name 3 = depSM: Depth [salt water, m]
# name 4 = t090C: Temperature [ITS-90, deg C]
# name 5 = sal00: Salinity, Practical [PSU]
# name 6 = ph: pH
# name 7 = flECO-AFL: Fluorescence, WET Labs ECO-AFL/FL [mg/m^3]
# name 8 = cpar: CPAR/Corrected Irradiance [%]
# name 9 = density00: Density [density, kg/m^3]
# name 10 = potemp090C: Potential Temperature [ITS-90, deg C]
# name 11 = sigma-é00: Density [sigma-theta, kg/m^3]
# name 12 = sbeox0Mg/L: Oxygen, SBE 43 [mg/l]
# name 13 = sbox0Mm/Kg: Oxygen, SBE 43 [umol/kg]
# name 14 = oxsolMg/L: Oxygen Saturation, Garcia & Gordon [mg/l]
# name 15 = oxsolMm/Kg: Oxygen Saturation, Garcia & Gordon [umol/kg]
# name 16 = sbeox0PS: Oxygen, SBE 43 [% saturation]
# name 17 = flag:  0.000e+00
# span 0 =   40.88020,   40.88028       
# span 1 =  -73.72978,  -73.72940       
# span 2 =      1.780,     17.231       
# span 3 =      1.766,     17.097       
# span 4 =    11.5144,    12.6131       
# span 5 =    24.5811,    25.2991       
# span 6 =      8.073,      8.192       
# span 7 =     2.0563,     4.6485       
# span 8 = 9.9999e+04, 9.9999e+04       
# span 9 =  1018.4109,  1019.2284       
# span 10 =    11.5124,    12.6128      
# span 11 =    18.4056,    19.1506      
# span 12 =     9.4180,    11.0420      
# span 13 =    288.824,    338.811      
# span 14 =    9.11518,    9.28986      
# span 15 =  279.70635,  284.88115      
# span 16 =    101.496,    120.860      
# span 17 = 0.0000e+00, 0.0000e+00      
# interval = seconds: 0.0416667
# start_time = May 13 2022 02:38:32 [System UTC, first data scan.]
# bad_flag = -9.990e-29
*END*
[from data line 3217]
   40.88026 -9.990e-29     17.131     16.998    11.5209    25.2970 -9.990e-29     2.5264 9.9999e+04  1019.2257    11.5190    19.1478     9.4620    290.137    9.28834  284.81139    101.870 -9.990e-29
   40.88026 -9.990e-29     17.120     16.987    11.5212    25.2969 -9.990e-29     2.5264 9.9999e+04  1019.2255    11.5193    19.1477     9.4627    290.157    9.28833  284.81104    101.877 -9.990e-29
   40.88026 -9.990e-29     17.111     16.978    11.5216    25.2969 -9.990e-29     2.5264 9.9999e+04  1019.2253    11.5197    19.1477     9.4633    290.177    9.28833  284.81111    101.884 -9.990e-29
   40.88026 -9.990e-29     17.130     16.997    11.5212    25.2969 -9.990e-29     2.5264 9.9999e+04  1019.2254    11.5193    19.1477     9.4581    290.016    9.28821  284.80751    101.829 -9.990e-29
   40.88026 -9.990e-29     17.131     16.998    11.5211    25.2970 -9.990e-29     2.5264 9.9999e+04  1019.2257    11.5191    19.1478     9.4575    289.998    9.28820  284.80716    101.823 -9.990e-29
   40.88026 -9.990e-29     17.120     16.987    11.5211    25.2970 -9.990e-29     2.5264 9.9999e+04  1019.2256    11.5191    19.1479     9.4635    290.183    9.28826  284.80897    101.887 -9.990e-29
   40.88026 -9.990e-29     17.131     16.998    11.5211    25.2970 -9.990e-29     2.5264 9.9999e+04  1019.2258    11.5191    19.1479     9.4643    290.206    9.28831  284.81038    101.894 -9.990e-29
   40.88026 -9.990e-29     17.120     16.987    11.5212    25.2970 -9.990e-29     2.5264 9.9999e+04  1019.2257    11.5193    19.1478     9.4644    290.210    9.28837  284.81218    101.895 -9.990e-29
   40.88026 -9.990e-29     17.109     16.976    11.5216    25.2968 -9.990e-29     2.5264 9.9999e+04  1019.2252    11.5197    19.1476     9.4587    290.036    9.28847  284.81510    101.833 -9.990e-29
   40.88026 -9.990e-29     17.141     17.008    11.5216    25.2967 -9.990e-29     2.5264 9.9999e+04  1019.2256    11.5197    19.1476     9.4588    290.039    9.28850  284.81595    101.834 -9.990e-29
   40.88026 -9.990e-29     17.131     16.998    11.5217    25.2966 -9.990e-29     2.5264 9.9999e+04  1019.2252    11.5198    19.1474     9.4705    290.396    9.28839  284.81280    101.960 -9.990e-29
   40.88026 -9.990e-29     17.131     16.998    11.5216    25.2966 -9.990e-29     2.5264 9.9999e+04  1019.2251    11.5196    19.1474     9.4653    290.237    9.28837  284.81202    101.905 -9.990e-29
   40.88026 -9.990e-29     17.131     16.998    11.5214    25.2966 -9.990e-29     2.5264 9.9999e+04  1019.2254    11.5195    19.1475     9.4711    290.414    9.28830  284.81004    101.968 -9.990e-29
   40.88026 -9.990e-29     17.131     16.998    11.5212    25.2966 -9.990e-29     2.5264 9.9999e+04  1019.2255    11.5193    19.1476     9.4658    290.253    9.28831  284.81043    101.911 -9.990e-29
   40.88026 -9.990e-29     17.130     16.997    11.5214    25.2966 -9.990e-29     2.5398 9.9999e+04  1019.2255    11.5195    19.1475     9.4663    290.268    9.28824  284.80834    101.917 -9.990e-29
   40.88026 -9.990e-29     17.120     16.987    11.5214    25.2967 -9.990e-29     2.5264 9.9999e+04  1019.2252    11.5195    19.1475     9.4727    290.465    9.28824  284.80846    101.986 -9.990e-29
   40.88026 -9.990e-29     17.141     17.008    11.5214    25.2967 -9.990e-29     2.5264 9.9999e+04  1019.2253    11.5195    19.1475     9.4680    290.320    9.28821  284.80739    101.935 -9.990e-29
   40.88026 -9.990e-29     17.131     16.998    11.5214    25.2968 -9.990e-29     2.5398 9.9999e+04  1019.2255    11.5195    19.1476     9.4686    290.338    9.28824  284.80846    101.941 -9.990e-29
   40.88024 -9.990e-29     17.131     16.998    11.5212    25.2968 -9.990e-29     2.5129 9.9999e+04  1019.2257    11.5193    19.1477     9.4691    290.354    9.28822  284.80778    101.947 -9.990e-29
   40.88024 -9.990e-29     17.131     16.998    11.5214    25.2968 -9.990e-29     2.4995 9.9999e+04  1019.2254    11.5195    19.1476     9.4754    290.548    9.28820  284.80694    102.016 -9.990e-29
   40.88024 -9.990e-29     17.130     16.997    11.5212    25.2968 -9.990e-29     2.4995 9.9999e+04  1019.2254    11.5193    19.1476     9.4759    290.563    9.28819  284.80670    102.021 -9.990e-29
   40.88024 -9.990e-29     17.141     17.008    11.5214    25.2967 -9.990e-29     2.4995 9.9999e+04  1019.2255    11.5195    19.1476     9.4763    290.575    9.28812  284.80469    102.026 -9.990e-29
   40.88024 -9.990e-29     17.131     16.998    11.5214    25.2967 -9.990e-29     2.4995 9.9999e+04  1019.2253    11.5195    19.1476     9.4773    290.604    9.28808  284.80338    102.037 -9.990e-29
   40.88024 -9.990e-29     17.131     16.998    11.5211    25.2967 -9.990e-29     2.4995 9.9999e+04  1019.2254    11.5191    19.1476     9.4783    290.636    9.28810  284.80406    102.048 -9.990e-29
   40.88024 -9.990e-29     17.141     17.008    11.5212    25.2967 -9.990e-29     2.4995 9.9999e+04  1019.2253    11.5193    19.1476     9.4785    290.644    9.28801  284.80143    102.051 -9.990e-29
   40.88024 -9.990e-29     17.131     16.998    11.5209    25.2968 -9.990e-29     2.4995 9.9999e+04  1019.2256    11.5190    19.1477     9.4794    290.670    9.28795  284.79951    102.061 -9.990e-29
   40.88024 -9.990e-29     17.130     16.997    11.5211    25.2968 -9.990e-29     2.4995 9.9999e+04  1019.2255    11.5191    19.1477     9.4797    290.678    9.28796  284.79973    102.064 -9.990e-29
   40.88024 -9.990e-29     17.141     17.008    11.5211    25.2969 -9.990e-29     2.4995 9.9999e+04  1019.2256    11.5191    19.1478     9.4741    290.506    9.28797  284.80018    102.004 -9.990e-29
   40.88024 -9.990e-29     17.131     16.998    11.5209    25.2970 -9.990e-29     2.4995 9.9999e+04  1019.2258    11.5190    19.1479     9.4736    290.492    9.28788  284.79765    101.999 -9.990e-29
   40.88024 -9.990e-29     17.141     17.008    11.5211    25.2970 -9.990e-29     2.5129 9.9999e+04  1019.2258    11.5191    19.1478     9.4732    290.480    9.28793  284.79911    101.995 -9.990e-29
   40.88024 -9.990e-29     17.131     16.998    11.5212    25.2970 -9.990e-29     2.4995 9.9999e+04  1019.2255    11.5193    19.1478     9.4788    290.651    9.28810  284.80413    102.053 -9.990e-29
   40.88024 -9.990e-29     17.120     16.987    11.5212    25.2970 -9.990e-29     2.4995 9.9999e+04  1019.2257    11.5193    19.1478     9.4790    290.659    9.28826  284.80890    102.054 -9.990e-29
   40.88024 -9.990e-29     17.151     17.017    11.5212    25.2969 -9.990e-29     2.5129 9.9999e+04  1019.2256    11.5193    19.1477     9.4734    290.487    9.28842  284.81404    101.992 -9.990e-29
   40.88024 -9.990e-29     17.131     16.998    11.5214    25.2969 -9.990e-29     2.4995 9.9999e+04  1019.2255    11.5195    19.1477     9.4790    290.656    9.28866  284.82102    102.049 -9.990e-29
   40.88024 -9.990e-29     17.131     16.998    11.5212    25.2969 -9.990e-29     2.4995 9.9999e+04  1019.2256    11.5193    19.1477     9.4793    290.666    9.28897  284.83048    102.049 -9.990e-29
   40.88024 -9.990e-29     17.141     17.008    11.5214    25.2969 -9.990e-29     2.4995 9.9999e+04  1019.2254    11.5195    19.1477     9.4794    290.669    9.28914  284.83543    102.048 -9.990e-29
   40.88024 -9.990e-29     17.131     16.998    11.5214    25.2968 -9.990e-29     2.4995 9.9999e+04  1019.2256    11.5195    19.1477     9.4800    290.686    9.28921  284.83750    102.053 -9.990e-29
   40.88024 -9.990e-29     17.130     16.997    11.5212    25.2968 -9.990e-29     2.4995 9.9999e+04  1019.2255    11.5193    19.1477     9.4741    290.505    9.28930  284.84004    101.989 -9.990e-29
   40.88024 -9.990e-29     17.131     16.998    11.5214    25.2968 -9.990e-29     2.4995 9.9999e+04  1019.2254    11.5195    19.1476     9.4740    290.503    9.28937  284.84240    101.987 -9.990e-29
   40.88024 -9.990e-29     17.141     17.008    11.5217    25.2968 -9.990e-29     2.4995 9.9999e+04  1019.2253    11.5198    19.1475     9.4732    290.480    9.28938  284.84264    101.979 -9.990e-29
   40.88024 -9.990e-29     17.131     16.998    11.5217    25.2968 -9.990e-29     2.4995 9.9999e+04  1019.2253    11.5198    19.1475     9.4783    290.637    9.28944  284.84444    102.033 -9.990e-29
   40.88024 -9.990e-29     17.131     16.998    11.5219    25.2967 -9.990e-29     2.4995 9.9999e+04  1019.2253    11.5200    19.1476     9.4781    290.630    9.28947  284.84528    102.031 -9.990e-29
   40.88026 -9.990e-29     17.131     16.998    11.5219    25.2967 -9.990e-29     2.5264 9.9999e+04  1019.2255    11.5200    19.1476     9.4779    290.622    9.28952  284.84675    102.028 -9.990e-29
   40.88026 -9.990e-29     17.140     17.006    11.5223    25.2967 -9.990e-29     2.5398 9.9999e+04  1019.2253    11.5203    19.1475     9.4775    290.611    9.28951  284.84641    102.024 -9.990e-29
   40.88026 -9.990e-29     17.131     16.998    11.5221    25.2967 -9.990e-29     2.5532 9.9999e+04  1019.2251    11.5202    19.1474     9.4772    290.602    9.28959  284.84910    102.019 -9.990e-29
   40.88026 -9.990e-29     17.131     16.998    11.5223    25.2967 -9.990e-29     2.5398 9.9999e+04  1019.2252    11.5203    19.1474     9.4716    290.429    9.28963  284.85007    101.959 -9.990e-29
   40.88026 -9.990e-29     17.141     17.008    11.5223    25.2968 -9.990e-29     2.5398 9.9999e+04  1019.2254    11.5203    19.1474     9.4770    290.596    9.28964  284.85058    102.017 -9.990e-29
   40.88026 -9.990e-29     17.120     16.987    11.5222    25.2968 -9.990e-29     2.5398 9.9999e+04  1019.2251    11.5203    19.1474     9.4766    290.582    9.28967  284.85141    102.012 -9.990e-29
   40.88026 -9.990e-29     17.141     17.008    11.5224    25.2968 -9.990e-29     2.5398 9.9999e+04  1019.2254    11.5205    19.1475     9.4767    290.585    9.28968  284.85151    102.013 -9.990e-29
   40.88026 -9.990e-29     17.130     16.997    11.5224    25.2968 -9.990e-29     2.5532 9.9999e+04  1019.2255    11.5205    19.1475     9.4767    290.587    9.28966  284.85125    102.014 -9.990e-29
   40.88026 -9.990e-29     17.131     16.998    11.5226    25.2966 -9.990e-29     2.5532 9.9999e+04  1019.2250    11.5206    19.1473     9.4768    290.590    9.28972  284.85282    102.014 -9.990e-29
   40.88026 -9.990e-29     17.141     17.008    11.5232    25.2964 -9.990e-29     2.5532 9.9999e+04  1019.2248    11.5213    19.1470     9.4768    290.591    9.28971  284.85258    102.014 -9.990e-29
   40.88026 -9.990e-29     17.120     16.987    11.5232    25.2964 -9.990e-29     2.5532 9.9999e+04  1019.2248    11.5213    19.1470     9.4763    290.573    9.28972  284.85272    102.008 -9.990e-29
   40.88026 -9.990e-29     17.131     16.998    11.5229    25.2964 -9.990e-29     2.5398 9.9999e+04  1019.2249    11.5210    19.1470     9.4755    290.551    9.28970  284.85220    102.001 -9.990e-29
   40.88026 -9.990e-29     17.131     16.998    11.5228    25.2964 -9.990e-29     2.5532 9.9999e+04  1019.2248    11.5208    19.1471     9.4754    290.547    9.28969  284.85197    101.999 -9.990e-29
   40.88026 -9.990e-29     17.140     17.006    11.5224    25.2966 -9.990e-29     2.5398 9.9999e+04  1019.2251    11.5205    19.1473     9.4754    290.546    9.28976  284.85406    101.998 -9.990e-29
   40.88026 -9.990e-29     17.131     16.998    11.5217    25.2968 -9.990e-29     2.5398 9.9999e+04  1019.2256    11.5198    19.1476     9.4753    290.543    9.28979  284.85502    101.997 -9.990e-29
   40.88026 -9.990e-29     17.131     16.998    11.5216    25.2968 -9.990e-29     2.5398 9.9999e+04  1019.2256    11.5197    19.1476     9.4744    290.517    9.28977  284.85438    101.988 -9.990e-29
   40.88026 -9.990e-29     17.120     16.987    11.5223    25.2968 -9.990e-29     2.5398 9.9999e+04  1019.2251    11.5203    19.1475     9.4736    290.493    9.28980  284.85535    101.979 -9.990e-29
   40.88026 -9.990e-29     17.141     17.008    11.5223    25.2968 -9.990e-29     2.5532 9.9999e+04  1019.2255    11.5203    19.1474     9.4740    290.504    9.28982  284.85581    101.983 -9.990e-29
   40.88026 -9.990e-29     17.130     16.997    11.5228    25.2967 -9.990e-29     2.5532 9.9999e+04  1019.2250    11.5208    19.1474     9.4795    290.673    9.28978  284.85473    102.042 -9.990e-29
   40.88026 -9.990e-29     17.131     16.998    11.5226    25.2966 -9.990e-29     2.5532 9.9999e+04  1019.2253    11.5206    19.1473     9.4746    290.522    9.28978  284.85474    101.989 -9.990e-29
   40.88026 -9.990e-29     17.120     16.987    11.5231    25.2965 -9.990e-29     2.5532 9.9999e+04  1019.2248    11.5211    19.1471     9.4743    290.513    9.28984  284.85641    101.986 -9.990e-29
   40.88026 -9.990e-29     17.131     16.998    11.5231    25.2964 -9.990e-29     2.5532 9.9999e+04  1019.2248    11.5211    19.1470     9.4798    290.682    9.28986  284.85709    102.045 -9.990e-29
   40.88026 -9.990e-29     17.131     16.998    11.5232    25.2964 -9.990e-29     2.5398 9.9999e+04  1019.2248    11.5213    19.1470     9.4748    290.528    9.28984  284.85665    101.991 -9.990e-29
   40.88026 -9.990e-29     17.131     16.998    11.5231    25.2964 -9.990e-29     2.5398 9.9999e+04  1019.2248    11.5211    19.1471     9.4802    290.695    9.28985  284.85675    102.049 -9.990e-29
   40.88026 -9.990e-29     17.130     16.997    11.5231    25.2966 -9.990e-29     2.5398 9.9999e+04  1019.2251    11.5211    19.1471     9.4804    290.699    9.28985  284.85673    102.051 -9.990e-29
   40.88026 -9.990e-29     17.131     16.998    11.5232    25.2966 -9.990e-29     2.4861 9.9999e+04  1019.2249    11.5213    19.1471     9.4805    290.702    9.28983  284.85631    102.052 -9.990e-29
   40.88026 -9.990e-29     17.120     16.987    11.5232    25.2966 -9.990e-29     2.4592 9.9999e+04  1019.2250    11.5213    19.1471     9.4811    290.722    9.28981  284.85546    102.059 -9.990e-29
   40.88026 -9.990e-29     17.131     16.998    11.5236    25.2966 -9.990e-29     2.4592 9.9999e+04  1019.2249    11.5217    19.1472     9.4817    290.741    9.28978  284.85462    102.066 -9.990e-29
   40.88026 -9.990e-29     17.120     16.987    11.5237    25.2966 -9.990e-29     2.4592 9.9999e+04  1019.2250    11.5218    19.1472     9.4823    290.759    9.28976  284.85394    102.073 -9.990e-29
   40.88026 -9.990e-29     17.131     16.998    11.5237    25.2965 -9.990e-29     2.4592 9.9999e+04  1019.2248    11.5218    19.1470     9.4829    290.777    9.28975  284.85360    102.079 -9.990e-29
   40.88026 -9.990e-29     17.130     16.997    11.5243    25.2963 -9.990e-29     2.4592 9.9999e+04  1019.2245    11.5223    19.1468     9.4834    290.792    9.28968  284.85163    102.085 -9.990e-29
   40.88026 -9.990e-29     17.131     16.998    11.5246    25.2962 -9.990e-29     2.4592 9.9999e+04  1019.2244    11.5226    19.1466     9.4838    290.805    9.28958  284.84875    102.091 -9.990e-29
   40.88026 -9.990e-29     17.120     16.987    11.5246    25.2961 -9.990e-29     2.4592 9.9999e+04  1019.2243    11.5226    19.1465     9.4844    290.821    9.28955  284.84769    102.097 -9.990e-29
   40.88026 -9.990e-29     17.120     16.987    11.5246    25.2959 -9.990e-29     2.4592 9.9999e+04  1019.2241    11.5226    19.1464     9.4848    290.835    9.28952  284.84685    102.102 -9.990e-29
   40.88026 -9.990e-29     17.131     16.998    11.5251    25.2959 -9.990e-29     2.4592 9.9999e+04  1019.2239    11.5231    19.1463     9.4788    290.651    9.28950  284.84631    102.038 -9.990e-29
   40.88026 -9.990e-29     17.120     16.987    11.5247    25.2959 -9.990e-29     2.4592 9.9999e+04  1019.2241    11.5228    19.1463     9.4839    290.806    9.28949  284.84589    102.092 -9.990e-29
   40.88026 -9.990e-29     17.131     16.998    11.5239    25.2959 -9.990e-29     2.4592 9.9999e+04  1019.2243    11.5220    19.1465     9.4836    290.798    9.28948  284.84555    102.090 -9.990e-29
