CalculateIndicators/WaterTemperature/Data/CTD_NYOS/20220201_C02.cnv
* Sea-Bird SBE 9 Data File:
* FileName = C:\Seabird 9 CTD\Data\2022\202202_offshore\20220201_C02.hex
* Software Version Seasave V 7.23.2
* Temperature SN = 4590
* Conductivity SN = 3228
* Number of Bytes Per Scan = 44
* Number of Voltage Words = 5
* Number of Scans Averaged by the Deck Unit = 1
* NMEA Latitude = 40 52.87 N
* NMEA Longitude = 073 43.77 W
* NMEA UTC (Time) = Jun 18 2002  18:57:55
* NMEA baud rate = 4800
** Ship: rv seawolf
** Station: LIS-WLIS
** Operator: KAL
# nquan = 18
# nvalues = 9848                                  
# units = specified
# name 0 = latitude: Latitude [deg]
# name 1 = longitude: Longitude [deg]
# name 2 = prDM: Pressure, Digiquartz [db]
# name 3 = depSM: Depth [salt water, m]
# name 4 = t090C: Temperature [ITS-90, deg C]
# name 5 = sal00: Salinity, Practical [PSU]
# name 6 = ph: pH
# name 7 = flECO-AFL: Fluorescence, WET Labs ECO-AFL/FL [mg/m^3]
# name 8 = cpar: CPAR/Corrected Irradiance [%]
# name 9 = density00: Density [density, kg/m^3]
# name 10 = potemp090C: Potential Temperature [ITS-90, deg C]
# name 11 = sigma-é00: Density [sigma-theta, kg/m^3]
# name 12 = sbeox0Mg/L: Oxygen, SBE 43 [mg/l]
# name 13 = sbox0Mm/Kg: Oxygen, SBE 43 [umol/kg]
# name 14 = oxsolMg/L: Oxygen Saturation, Garcia & Gordon [mg/l]
# name 15 = oxsolMm/Kg: Oxygen Saturation, Garcia & Gordon [umol/kg]
# name 16 = sbeox0PS: Oxygen, SBE 43 [% saturation]
# name 17 = flag:  0.000e+00
# span 0 =   40.88116,   40.88220                 
# span 1 =  -73.72998,  -73.72950                 
# span 2 =      2.061,     16.742                 
# span 3 =      2.045,     16.611                 
# span 4 =     0.9259,     1.2568                 
# span 5 =    26.3710,    26.6027                 
# span 6 =      8.557,      8.607                 
# span 7 =     6.1393,    10.4775                 
# span 8 = 4.6204e-14, 2.2440e+00                 
# span 9 =  1021.1341,  1021.3681                 
# span 10 =     0.9256,     1.2563                
# span 11 =    21.1130,    21.2887                
# span 12 =    13.1655,    17.2570                
# span 13 =    402.895,    528.101                
# span 14 =   11.74687,   11.86461                
# span 15 =  359.44562,  363.09930                
# span 16 =    111.356,    146.017                
# span 17 = 0.0000e+00, 0.0000e+00                
# interval = seconds: 0.0416667
# start_time = Feb 01 2022 18:57:56 [System UTC, first data scan.]
# bad_flag = -9.990e-29
*END*
[from data line 7880]
   40.88200  -73.72988      2.630      2.610     0.9657    26.3847      8.597     9.2956 1.1537e+00  1021.1378     0.9656    21.1251    14.9344    457.050   11.85352  362.76429    125.991  0.000e+00
   40.88200  -73.72988      2.651      2.631     0.9654    26.3846      8.597     9.2956 1.1472e+00  1021.1378     0.9653    21.1251    14.9604    457.845   11.85363  362.76749    126.209  0.000e+00
   40.88200  -73.72988      2.661      2.640     0.9649    26.3847      8.597     9.2956 1.1090e+00  1021.1379     0.9649    21.1251    14.9672    458.055   11.85375  362.77123    126.266  0.000e+00
   40.88200  -73.72988      2.659      2.639     0.9651    26.3851      8.597     9.2956 1.0935e+00  1021.1383     0.9650    21.1255    14.9829    458.535   11.85367  362.76859    126.399  0.000e+00
   40.88200  -73.72988      2.701      2.680     0.9654    26.3849      8.597     9.2956 1.0904e+00  1021.1383     0.9653    21.1253    15.0297    459.966   11.85360  362.76660    126.794  0.000e+00
   40.88200  -73.72988      2.691      2.670     0.9654    26.3851      8.597     9.3090 1.0482e+00  1021.1384     0.9653    21.1254    15.0503    460.599   11.85359  362.76621    126.969  0.000e+00
   40.88200  -73.72988      2.712      2.691     0.9655    26.3848      8.597     9.2956 1.0277e+00  1021.1382     0.9654    21.1252    15.0582    460.841   11.85356  362.76550    127.036  0.000e+00
   40.88200  -73.72988      2.701      2.680     0.9658    26.3849      8.597     9.3359 1.0277e+00  1021.1382     0.9657    21.1253    15.0613    460.935   11.85346  362.76231    127.063  0.000e+00
   40.88200  -73.72988      2.732      2.711     0.9658    26.3848      8.597     9.3628 9.9067e-01  1021.1383     0.9657    21.1252    15.0626    460.974   11.85347  362.76255    127.073  0.000e+00
   40.88200  -73.72988      2.721      2.700     0.9658    26.3849      8.597     9.3762 9.6491e-01  1021.1384     0.9657    21.1253    15.1058    462.298   11.85345  362.76215    127.438  0.000e+00
   40.88200  -73.72988      2.742      2.721     0.9657    26.3851      8.597     9.3628 9.6128e-01  1021.1386     0.9656    21.1255    15.1297    463.028   11.85349  362.76310    127.639  0.000e+00
   40.88200  -73.72988      2.742      2.721     0.9655    26.3853      8.597     9.3628 9.3717e-01  1021.1388     0.9654    21.1256    15.1195    462.717   11.85352  362.76421    127.553  0.000e+00
   40.88200  -73.72988      2.751      2.730     0.9657    26.3849      8.597     9.3628 9.1365e-01  1021.1385     0.9656    21.1253    15.1017    462.172   11.85350  362.76368    127.403  0.000e+00
   40.88200  -73.72988      2.751      2.730     0.9654    26.3851      8.597     9.3628 9.0851e-01  1021.1387     0.9653    21.1255    15.0979    462.056   11.85358  362.76610    127.370  0.000e+00
   40.88200  -73.72988      2.751      2.730     0.9652    26.3852      8.597     9.3628 8.9577e-01  1021.1388     0.9651    21.1256    15.1103    462.435   11.85362  362.76721    127.474  0.000e+00
   40.88200  -73.72988      2.772      2.751     0.9655    26.3852      8.597     9.3628 8.7576e-01  1021.1388     0.9654    21.1255    15.1663    464.147   11.85353  362.76444    127.947  0.000e+00
   40.88200  -73.72988      2.751      2.730     0.9652    26.3851      8.597     9.3628 8.7083e-01  1021.1387     0.9651    21.1255    15.2811    467.660   11.85363  362.76759    128.915  0.000e+00
   40.88200  -73.72988      2.772      2.751     0.9651    26.3855      8.597     9.3628 8.6511e-01  1021.1391     0.9650    21.1258    15.3764    470.576   11.85364  362.76759    129.718  0.000e+00
   40.88200  -73.72988      2.772      2.751     0.9652    26.3853      8.597     9.3628 8.5058e-01  1021.1390     0.9651    21.1256    15.4028    471.386   11.85362  362.76704    129.942  0.000e+00
   40.88200  -73.72988      2.762      2.741     0.9652    26.3850      8.592     9.3628 8.4738e-01  1021.1387     0.9651    21.1254    15.4263    472.104   11.85364  362.76779    130.140  0.000e+00
   40.88200  -73.72988      2.772      2.751     0.9652    26.3850      8.592     9.3628 8.4499e-01  1021.1387     0.9651    21.1254    15.4636    473.248   11.85365  362.76800    130.455  0.000e+00
   40.88200  -73.72988      2.762      2.741     0.9652    26.3852      8.597     9.3628 8.3786e-01  1021.1388     0.9651    21.1255    15.5073    474.586   11.85363  362.76741    130.824  0.000e+00
   40.88200  -73.72988      2.772      2.751     0.9655    26.3850      8.597     9.3762 8.3392e-01  1021.1387     0.9654    21.1253    15.5138    474.784   11.85355  362.76501    130.879  0.000e+00
   40.88200  -73.72988      2.751      2.730     0.9654    26.3849      8.597     9.3628 8.3392e-01  1021.1385     0.9653    21.1253    15.5186    474.929   11.85360  362.76667    130.919  0.000e+00
   40.88200  -73.72988      2.762      2.741     0.9657    26.3846      8.597     9.3628 8.3707e-01  1021.1383     0.9656    21.1250    15.5352    475.440   11.85353  362.76465    131.060  0.000e+00
   40.88200  -73.72988      2.751      2.730     0.9655    26.3847      8.597     9.3628 8.3707e-01  1021.1384     0.9654    21.1251    15.5360    475.464   11.85357  362.76575    131.066  0.000e+00
   40.88200  -73.72988      2.751      2.730     0.9655    26.3847      8.597     9.3628 8.3786e-01  1021.1384     0.9654    21.1251    15.5416    475.633   11.85357  362.76575    131.113  0.000e+00
   40.88200  -73.72988      2.742      2.721     0.9654    26.3850      8.597     9.3762 8.4738e-01  1021.1386     0.9653    21.1254    15.5422    475.652   11.85359  362.76627    131.118  0.000e+00
   40.88200  -73.72988      2.721      2.700     0.9658    26.3845      8.597     9.3628 8.5459e-01  1021.1381     0.9657    21.1250    15.5207    474.993   11.85349  362.76329    130.938  0.000e+00
   40.88200  -73.72988      2.732      2.711     0.9657    26.3848      8.597     9.3628 8.5459e-01  1021.1383     0.9656    21.1252    15.4836    473.860   11.85351  362.76404    130.625  0.000e+00
   40.88200  -73.72988      2.712      2.691     0.9655    26.3850      8.597     9.3762 8.7247e-01  1021.1384     0.9654    21.1254    15.4535    472.938   11.85355  362.76493    130.370  0.000e+00
   40.88200  -73.72988      2.701      2.680     0.9657    26.3847      8.597     9.3359 8.8571e-01  1021.1381     0.9656    21.1251    15.4209    471.940   11.85352  362.76438    130.095  0.000e+00
   40.88200  -73.72988      2.691      2.670     0.9652    26.3852      8.597     9.2687 8.8822e-01  1021.1385     0.9651    21.1255    15.3899    470.992   11.85363  362.76732    129.833  0.000e+00
   40.88200  -73.72988      2.681      2.661     0.9655    26.3848      8.597     9.2553 9.1108e-01  1021.1381     0.9654    21.1252    15.3490    469.740   11.85356  362.76546    129.489  0.000e+00
   40.88200  -73.72988      2.670      2.650     0.9658    26.3847      8.592     9.2553 9.3364e-01  1021.1379     0.9657    21.1251    15.3093    468.525   11.85347  362.76285    129.155  0.000e+00
   40.88198  -73.72986      2.661      2.640     0.9658    26.3852      8.597     9.2553 9.4159e-01  1021.1383     0.9657    21.1255    15.2724    467.396   11.85343  362.76150    128.844  0.000e+00
   40.88198  -73.72986      2.640      2.620     0.9657    26.3852      8.597     9.2687 9.6491e-01  1021.1382     0.9656    21.1256    15.2387    466.363   11.85348  362.76277    128.559  0.000e+00
   40.88198  -73.72986      2.631      2.610     0.9658    26.3848      8.597     9.2553 1.0057e+00  1021.1379     0.9657    21.1252    15.2120    465.546   11.85346  362.76241    128.333  0.000e+00
   40.88198  -73.72986      2.610      2.590     0.9657    26.3849      8.597     9.2553 1.0162e+00  1021.1378     0.9656    21.1253    15.1890    464.842   11.85350  362.76369    128.139  0.000e+00
   40.88198  -73.72986      2.610      2.590     0.9660    26.3846      8.597     9.2687 1.0325e+00  1021.1376     0.9659    21.1251    15.1511    463.682   11.85343  362.76146    127.820  0.000e+00
   40.88198  -73.72986      2.580      2.560     0.9660    26.3847      8.597     9.2553 1.0843e+00  1021.1375     0.9659    21.1251    15.1301    463.039   11.85343  362.76142    127.643  0.000e+00
   40.88198  -73.72986      2.580      2.560     0.9663    26.3844      8.597     9.2553 1.1038e+00  1021.1373     0.9662    21.1249    15.0811    461.542   11.85335  362.75920    127.231  0.000e+00
   40.88198  -73.72986      2.550      2.530     0.9661    26.3845      8.597     9.2553 1.1206e+00  1021.1372     0.9661    21.1250    15.0474    460.511   11.85339  362.76027    126.946  0.000e+00
   40.88198  -73.72986      2.550      2.530     0.9661    26.3845      8.597     9.2553 1.1801e+00  1021.1372     0.9661    21.1250    15.0121    459.430   11.85339  362.76027    126.648  0.000e+00
   40.88198  -73.72986      2.529      2.509     0.9661    26.3848      8.597     9.2553 1.2059e+00  1021.1373     0.9661    21.1251    14.9848    458.594   11.85337  362.75967    126.418  0.000e+00
   40.88198  -73.72986      2.508      2.489     0.9661    26.3850      8.597     9.2553 1.2127e+00  1021.1374     0.9661    21.1254    14.9632    457.934   11.85335  362.75889    126.236  0.000e+00
   40.88198  -73.72986      2.499      2.479     0.9660    26.3848      8.597     9.2553 1.2782e+00  1021.1372     0.9659    21.1252    14.9390    457.192   11.85341  362.76094    126.031  0.000e+00
   40.88198  -73.72986      2.497      2.478     0.9661    26.3846      8.597     9.2553 1.3136e+00  1021.1370     0.9661    21.1250    14.8995    455.983   11.85339  362.76020    125.698  0.000e+00
   40.88198  -73.72986      2.469      2.449     0.9658    26.3848      8.597     9.2553 1.3185e+00  1021.1371     0.9658    21.1252    14.8862    455.577   11.85346  362.76239    125.585  0.000e+00
   40.88198  -73.72986      2.459      2.440     0.9657    26.3848      8.597     9.2553 1.3716e+00  1021.1370     0.9656    21.1252    14.8917    455.743   11.85351  362.76406    125.631  0.000e+00
   40.88198  -73.72986      2.459      2.440     0.9655    26.3848      8.597     9.2553 1.4095e+00  1021.1371     0.9654    21.1252    14.9023    456.068   11.85356  362.76536    125.720  0.000e+00
   40.88198  -73.72986      2.438      2.419     0.9657    26.3844      8.597     9.2553 1.4082e+00  1021.1366     0.9656    21.1249    14.8806    455.403   11.85354  362.76498    125.537  0.000e+00
   40.88198  -73.72986      2.448      2.429     0.9654    26.3850      8.597     9.2553 1.4539e+00  1021.1372     0.9653    21.1254    14.8403    454.172   11.85359  362.76627    125.197  0.000e+00
   40.88198  -73.72986      2.429      2.410     0.9654    26.3848      8.597     9.2553 1.4884e+00  1021.1369     0.9653    21.1252    14.7922    452.701   11.85361  362.76700    124.791  0.000e+00
   40.88198  -73.72986      2.429      2.410     0.9652    26.3850      8.597     9.2553 1.4926e+00  1021.1370     0.9651    21.1254    14.7575    451.637   11.85364  362.76792    124.497  0.000e+00
   40.88198  -73.72986      2.429      2.410     0.9654    26.3850      8.597     9.2553 1.5096e+00  1021.1370     0.9653    21.1254    14.7708    452.043   11.85359  362.76643    124.610  0.000e+00
   40.88198  -73.72986      2.429      2.410     0.9654    26.3850      8.597     9.2822 1.5281e+00  1021.1370     0.9653    21.1254    14.7786    452.283   11.85359  362.76643    124.676  0.000e+00
   40.88198  -73.72986      2.429      2.410     0.9657    26.3851      8.597     9.2822 1.5339e+00  1021.1371     0.9656    21.1255    14.7866    452.529   11.85349  362.76307    124.745  0.000e+00
   40.88198  -73.72986      2.429      2.410     0.9654    26.3855      8.597     9.2822 1.5267e+00  1021.1374     0.9653    21.1258    14.8093    453.222   11.85354  362.76454    124.936  0.000e+00
   40.88200  -73.72988      2.429      2.410     0.9655    26.3848      8.597     9.2822 1.5110e+00  1021.1369     0.9654    21.1252    14.8197    453.540   11.85356  362.76551    125.023  0.000e+00
   40.88200  -73.72988      2.448      2.429     0.9658    26.3845      8.597     9.2822 1.5067e+00  1021.1367     0.9658    21.1250    14.7866    452.527   11.85349  362.76331    124.745  0.000e+00
   40.88200  -73.72988      2.448      2.429     0.9654    26.3850      8.597     9.2822 1.4955e+00  1021.1371     0.9653    21.1254    14.7469    451.312   11.85360  362.76646    124.408  0.000e+00
   40.88200  -73.72988      2.448      2.429     0.9654    26.3850      8.597     9.2822 1.4580e+00  1021.1371     0.9653    21.1254    14.7615    451.761   11.85360  362.76646    124.532  0.000e+00
   40.88200  -73.72988      2.469      2.450     0.9654    26.3850      8.597     9.2822 1.4444e+00  1021.1372     0.9653    21.1254    14.8239    453.669   11.85360  362.76648    125.058  0.000e+00
   40.88200  -73.72988      2.478      2.459     0.9657    26.3847      8.597     9.2822 1.4308e+00  1021.1370     0.9656    21.1251    14.8942    455.822   11.85352  362.76427    125.653  0.000e+00
   40.88200  -73.72988      2.489      2.470     0.9654    26.3851      8.597     9.2822 1.3716e+00  1021.1374     0.9653    21.1255    14.9282    456.860   11.85357  362.76557    125.938  0.000e+00
   40.88200  -73.72988      2.499      2.480     0.9655    26.3851      8.597     9.2822 1.3499e+00  1021.1375     0.9654    21.1254    14.9386    457.179   11.85354  362.76465    126.026  0.000e+00
   40.88200  -73.72988      2.517      2.497     0.9655    26.3853      8.597     9.2822 1.3435e+00  1021.1377     0.9654    21.1256    14.9617    457.888   11.85352  362.76410    126.222  0.000e+00
   40.88200  -73.72988      2.529      2.510     0.9654    26.3853      8.597     9.2822 1.2819e+00  1021.1378     0.9653    21.1256    14.9999    459.056   11.85357  362.76561    126.543  0.000e+00
   40.88200  -73.72988      2.540      2.520     0.9655    26.3849      8.597     9.2822 1.2474e+00  1021.1375     0.9654    21.1253    15.0827    461.591   11.85356  362.76528    127.242  0.000e+00
   40.88200  -73.72988      2.559      2.540     0.9655    26.3850      8.597     9.2822 1.2486e+00  1021.1377     0.9654    21.1254    15.2000    465.180   11.85354  362.76492    128.232  0.000e+00
   40.88200  -73.72988      2.570      2.550     0.9655    26.3849      8.597     9.2822 1.2117e+00  1021.1376     0.9654    21.1253    15.2826    467.709   11.85356  362.76532    128.929  0.000e+00
   40.88200  -73.72988      2.570      2.550     0.9652    26.3850      8.597     9.2822 1.1835e+00  1021.1377     0.9652    21.1254    15.3259    469.034   11.85362  362.76736    129.293  0.000e+00
   40.88200  -73.72988      2.601      2.580     0.9652    26.3852      8.597     9.2822 1.1791e+00  1021.1381     0.9651    21.1256    15.3434    469.567   11.85362  362.76720    129.440  0.000e+00
   40.88200  -73.72988      2.610      2.590     0.9650    26.3854      8.597     9.2822 1.1484e+00  1021.1383     0.9650    21.1257    15.3633    470.176   11.85365  362.76813    129.608  0.000e+00
   40.88200  -73.72988      2.610      2.590     0.9652    26.3851      8.597     9.2822 1.1175e+00  1021.1380     0.9651    21.1255    15.4216    471.961   11.85363  362.76759    130.100  0.000e+00
   40.88200  -73.72988      2.631      2.610     0.9650    26.3854      8.597     9.2822 1.1091e+00  1021.1383     0.9650    21.1257    15.4820    473.809   11.85366  362.76835    130.609  0.000e+00
   40.88200  -73.72988      2.640      2.620     0.9654    26.3852      8.597     9.2822 1.0853e+00  1021.1382     0.9653    21.1255    15.5332    475.377   11.85358  362.76595    131.042  0.000e+00
   40.88200  -73.72988      2.651      2.631     0.9658    26.3850      8.597     9.2822 1.0561e+00  1021.1381     0.9657    21.1253    15.5308    475.304   11.85345  362.76206    131.024  0.000e+00
