CalculateIndicators/WaterTemperature/Data/CTD_NYOS/202200730_C29.cnv
* Sea-Bird SBE 9 Data File:
* FileName = C:\Seabird 9 CTD\Data\2022\202207_offshore\202200730_C29.hex
* Software Version Seasave V 7.23.2
* Temperature SN = 4590
* Conductivity SN = 3228
* Number of Bytes Per Scan = 44
* Number of Voltage Words = 5
* Number of Scans Averaged by the Deck Unit = 1
* NMEA Latitude = 40 59.81 N
* NMEA Longitude = 071 54.28 W
* NMEA UTC (Time) = Dec 14 2002  18:30:51
* NMEA baud rate = 4800
** Ship: seawolf
** Station: 1.1
** Operator: TCM
# nquan = 18
# nvalues = 7654                        
# units = specified
# name 0 = latitude: Latitude [deg]
# name 1 = longitude: Longitude [deg]
# name 2 = prDM: Pressure, Digiquartz [db]
# name 3 = depSM: Depth [salt water, m]
# name 4 = t090C: Temperature [ITS-90, deg C]
# name 5 = sal00: Salinity, Practical [PSU]
# name 6 = ph: pH
# name 7 = flECO-AFL: Fluorescence, WET Labs ECO-AFL/FL [mg/m^3]
# name 8 = cpar: CPAR/Corrected Irradiance [%]
# name 9 = density00: Density [density, kg/m^3]
# name 10 = potemp090C: Potential Temperature [ITS-90, deg C]
# name 11 = sigma-é00: Density [sigma-theta, kg/m^3]
# name 12 = sbeox0Mg/L: Oxygen, SBE 43 [mg/l]
# name 13 = sbox0Mm/Kg: Oxygen, SBE 43 [umol/kg]
# name 14 = oxsolMg/L: Oxygen Saturation, Garcia & Gordon [mg/l]
# name 15 = oxsolMm/Kg: Oxygen Saturation, Garcia & Gordon [umol/kg]
# name 16 = sbeox0PS: Oxygen, SBE 43 [% saturation]
# name 17 = flag:  0.000e+00
# span 0 =   40.99640,   40.99692       
# span 1 =  -71.90474,  -71.90458       
# span 2 =      1.811,     15.732       
# span 3 =      1.797,     15.609       
# span 4 =    18.4546,    21.1125       
# span 5 =    31.1556,    31.6269       
# span 6 =      8.062,      8.095       
# span 7 =     0.5117,     2.1637       
# span 8 = 1.8116e+00, 7.4364e+02       
# span 9 =  1021.6010,  1022.6491       
# span 10 =    18.4519,    21.1121      
# span 11 =    21.6004,    22.5808      
# span 12 =     7.8814,     8.2865      
# span 13 =    240.859,    253.395      
# span 14 =    7.40923,    7.76561      
# span 15 =  226.64514,  237.32022      
# span 16 =    101.501,    110.630      
# span 17 = 0.0000e+00, 0.0000e+00      
# interval = seconds: 0.0416667
# start_time = Jul 30 2022 18:30:48 [System UTC, first data scan.]
# bad_flag = -9.990e-29
*END*
[from data line 6674]
   40.99648  -71.90460      1.999      1.984    20.8598    31.2276 -9.990e-29     0.6192 4.3992e+01  1021.6706    20.8594    21.6621     8.1860    250.394    7.43980  227.56933    110.030 -9.990e-29
   40.99648  -71.90460      2.010      1.995    20.8592    31.2281 -9.990e-29     0.6192 4.6016e+01  1021.6715    20.8589    21.6625     8.1866    250.412    7.43994  227.57345    110.036 -9.990e-29
   40.99648  -71.90460      2.010      1.995    20.8613    31.2286 -9.990e-29     0.6192 7.2361e+01  1021.6715    20.8609    21.6625     8.1868    250.417    7.44001  227.57573    110.037 -9.990e-29
   40.99648  -71.90460      2.020      2.004    20.8638    31.2287 -9.990e-29     0.6192 9.1637e+01  1021.6708    20.8634    21.6621     8.1869    250.422    7.44010  227.57823    110.038 -9.990e-29
   40.99648  -71.90460      2.041      2.025    20.8652    31.2290 -9.990e-29     0.6192 9.2935e+01  1021.6702    20.8648    21.6617     8.1870    250.425    7.44015  227.57977    110.038 -9.990e-29
   40.99648  -71.90460      2.041      2.025    20.8671    31.2298 -9.990e-29     0.6192 6.9568e+01  1021.6708    20.8667    21.6617     8.1871    250.428    7.44023  227.58221    110.039 -9.990e-29
   40.99648  -71.90460      2.050      2.034    20.8703    31.2299 -9.990e-29     0.6192 5.7785e+01  1021.6710    20.8700    21.6615     8.1923    250.587    7.44032  227.58488    110.107 -9.990e-29
   40.99648  -71.90460      2.060      2.044    20.8745    31.2299 -9.990e-29     0.6192 5.6500e+01  1021.6695    20.8741    21.6606     8.1927    250.599    7.44042  227.58796    110.111 -9.990e-29
   40.99648  -71.90460      2.071      2.055    20.8770    31.2299 -9.990e-29     0.6192 6.2518e+01  1021.6683    20.8766    21.6595     8.1931    250.609    7.44054  227.59153    110.114 -9.990e-29
   40.99648  -71.90460      2.071      2.055    20.8788    31.2293 -9.990e-29     0.6192 6.8021e+01  1021.6672    20.8784    21.6586     8.1938    250.631    7.44071  227.59664    110.121 -9.990e-29
   40.99648  -71.90460      2.101      2.085    20.8790    31.2293 -9.990e-29     0.6192 6.8983e+01  1021.6672    20.8786    21.6582     8.1941    250.640    7.44083  227.60010    110.123 -9.990e-29
   40.99648  -71.90460      2.101      2.085    20.8793    31.2293 -9.990e-29     0.6192 5.7948e+01  1021.6673    20.8789    21.6580     8.1940    250.639    7.44100  227.60522    110.120 -9.990e-29
   40.99648  -71.90460      2.111      2.094    20.8816    31.2293 -9.990e-29     0.6192 4.6536e+01  1021.6669    20.8812    21.6576     8.1943    250.648    7.44117  227.61055    110.121 -9.990e-29
   40.99648  -71.90460      2.122      2.105    20.8849    31.2293 -9.990e-29     0.6192 4.4240e+01  1021.6663    20.8845    21.6570     8.1946    250.655    7.44136  227.61629    110.122 -9.990e-29
   40.99648  -71.90460      2.122      2.105    20.8874    31.2293 -9.990e-29     0.6192 5.4118e+01  1021.6654    20.8870    21.6563     8.1947    250.659    7.44149  227.62015    110.122 -9.990e-29
   40.99648  -71.90460      2.152      2.135    20.8888    31.2289 -9.990e-29     0.6192 7.5690e+01  1021.6649    20.8884    21.6556     8.1947    250.660    7.44159  227.62303    110.121 -9.990e-29
   40.99648  -71.90460      2.152      2.135    20.8895    31.2285 -9.990e-29     0.6192 8.3283e+01  1021.6642    20.8891    21.6550     8.1947    250.658    7.44160  227.62341    110.120 -9.990e-29
   40.99654  -71.90460      2.152      2.135    20.8900    31.2280 -9.990e-29     0.6192 7.2361e+01  1021.6638    20.8896    21.6545     8.1945    250.652    7.44156  227.62231    110.118 -9.990e-29
   40.99654  -71.90460      2.161      2.145    20.8904    31.2278 -9.990e-29     0.6192 4.9506e+01  1021.6635    20.8900    21.6542     8.1943    250.646    7.44155  227.62186    110.115 -9.990e-29
   40.99654  -71.90460      2.172      2.156    20.8904    31.2275 -9.990e-29     0.6192 4.3378e+01  1021.6634    20.8900    21.6540     8.1991    250.795    7.44155  227.62188    110.181 -9.990e-29
   40.99654  -71.90460      2.182      2.165    20.8900    31.2275 -9.990e-29     0.6192 4.3500e+01  1021.6633    20.8896    21.6540     8.1946    250.657    7.44173  227.62736    110.117 -9.990e-29
   40.99654  -71.90460      2.182      2.165    20.8895    31.2275 -9.990e-29     0.6192 4.4240e+01  1021.6637    20.8891    21.6541     8.1947    250.660    7.44203  227.63647    110.114 -9.990e-29
   40.99654  -71.90460      2.182      2.165    20.8899    31.2275 -9.990e-29     0.6192 4.4489e+01  1021.6635    20.8895    21.6542     8.1952    250.675    7.44247  227.64950    110.114 -9.990e-29
   40.99654  -71.90460      2.192      2.175    20.8899    31.2276 -9.990e-29     0.6192 4.5758e+01  1021.6638    20.8895    21.6542     8.1956    250.687    7.44281  227.66006    110.115 -9.990e-29
   40.99654  -71.90460      2.203      2.186    20.8899    31.2276 -9.990e-29     0.6192 5.9100e+01  1021.6637    20.8895    21.6543     8.1956    250.687    7.44315  227.67028    110.110 -9.990e-29
   40.99654  -71.90460      2.203      2.186    20.8893    31.2276 -9.990e-29     0.6192 6.7260e+01  1021.6641    20.8889    21.6544     8.1956    250.686    7.44347  227.67986    110.104 -9.990e-29
   40.99654  -71.90460      2.212      2.195    20.8891    31.2277      8.095     0.6192 6.8404e+01  1021.6639    20.8887    21.6545     8.1905    250.529    7.44385  227.69153    110.030 -9.990e-29
   40.99654  -71.90460      2.212      2.195    20.8886    31.2279      8.090     0.6192 9.5316e+01  1021.6644    20.8882    21.6547     8.1956    250.687    7.44429  227.70497    110.093 -9.990e-29
   40.99654  -71.90460      2.212      2.195    20.8890    31.2280      8.090     0.6192 1.1825e+02  1021.6643    20.8886    21.6547     8.1908    250.539    7.44469  227.71694    110.022 -9.990e-29
   40.99654  -71.90460      2.233      2.216    20.8888    31.2280      8.090     0.6192 1.2173e+02  1021.6643    20.8884    21.6549     8.1905    250.530    7.44489  227.72249    110.015 -9.990e-29
   40.99654  -71.90460      2.242      2.225    20.8877    31.2284      8.090     0.6192 7.9396e+01  1021.6649    20.8873    21.6553     8.1900    250.514    7.44490  227.72224    110.009 -9.990e-29
   40.99654  -71.90460      2.242      2.225    20.8877    31.2284      8.090     0.6729 5.6551e+01  1021.6657    20.8873    21.6555     8.1892    250.488    7.44467  227.71522    110.001 -9.990e-29
   40.99654  -71.90460      2.252      2.235    20.8891    31.2284      8.090     0.6998 5.3309e+01  1021.6652    20.8887    21.6553     8.1884    250.465    7.44452  227.71071    109.993 -9.990e-29
   40.99654  -71.90460      2.253      2.236    20.8906    31.2282      8.090     0.6998 4.7371e+01  1021.6642    20.8901    21.6546     8.1878    250.447    7.44449  227.71016    109.985 -9.990e-29
   40.99654  -71.90460      2.273      2.255    20.8916    31.2278      8.095     0.6998 4.0776e+01  1021.6637    20.8912    21.6540     8.1875    250.438    7.44446  227.70931    109.982 -9.990e-29
   40.99654  -71.90460      2.273      2.255    20.8922    31.2276      8.090     0.6998 3.9459e+01  1021.6633    20.8917    21.6536     8.1868    250.417    7.44438  227.70699    109.973 -9.990e-29
   40.99654  -71.90460      2.284      2.266    20.8920    31.2276      8.090     0.6998 3.4671e+01  1021.6634    20.8915    21.6536     8.1913    250.552    7.44431  227.70469    110.034 -9.990e-29
   40.99654  -71.90460      2.263      2.246    20.8918    31.2276      8.090     0.6998 2.7377e+01  1021.6635    20.8913    21.6537     8.1860    250.391    7.44416  227.69986    109.965 -9.990e-29
   40.99654  -71.90460      2.304      2.286    20.8914    31.2276      8.095     0.6998 2.5519e+01  1021.6639    20.8910    21.6538     8.1905    250.530    7.44395  227.69376    110.030 -9.990e-29
   40.99654  -71.90460      2.293      2.275    20.8916    31.2276      8.090     0.6998 3.5360e+01  1021.6637    20.8912    21.6538     8.1852    250.366    7.44372  227.68736    109.961 -9.990e-29
   40.99654  -71.90460      2.293      2.275    20.8918    31.2276      8.090     0.6998 7.3245e+01  1021.6636    20.8913    21.6537     8.1841    250.332    7.44333  227.67474    109.952 -9.990e-29
   40.99654  -71.90460      2.293      2.275    20.8916    31.2276      8.090     0.6998 9.2758e+01  1021.6635    20.8912    21.6537     8.1830    250.301    7.44275  227.65735    109.947 -9.990e-29
   40.99654  -71.90460      2.284      2.266    20.8916    31.2276      8.090     0.6998 8.4301e+01  1021.6638    20.8912    21.6537     8.1822    250.275    7.44228  227.64344    109.942 -9.990e-29
   40.99654  -71.90460      2.293      2.275    20.8916    31.2276      8.090     0.6998 5.8328e+01  1021.6636    20.8912    21.6537     8.1816    250.259    7.44212  227.63895    109.937 -9.990e-29
   40.99654  -71.90460      2.284      2.266    20.8913    31.2276      8.095     0.6998 5.0394e+01  1021.6637    20.8908    21.6538     8.1814    250.252    7.44218  227.64086    109.933 -9.990e-29
   40.99654  -71.90460      2.273      2.255    20.8913    31.2276      8.090     0.6998 4.9830e+01  1021.6639    20.8908    21.6538     8.1812    250.247    7.44233  227.64529    109.928 -9.990e-29
   40.99654  -71.90460      2.284      2.266    20.8915    31.2273      8.090     0.6998 4.6317e+01  1021.6635    20.8910    21.6536     8.1810    250.240    7.44242  227.64826    109.924 -9.990e-29
   40.99654  -71.90460      2.273      2.255    20.8913    31.2272      8.090     0.6998 4.4655e+01  1021.6629    20.8908    21.6535     8.1860    250.392    7.44257  227.65280    109.989 -9.990e-29
   40.99654  -71.90460      2.263      2.246    20.8902    31.2272      8.090     0.6998 4.4032e+01  1021.6636    20.8898    21.6537     8.1809    250.238    7.44265  227.65515    109.920 -9.990e-29
   40.99654  -71.90460      2.263      2.246    20.8892    31.2272      8.090     0.6998 3.6574e+01  1021.6640    20.8887    21.6541     8.1807    250.232    7.44274  227.65776    109.916 -9.990e-29
   40.99654  -71.90460      2.252      2.235    20.8886    31.2273      8.090     0.6998 3.2654e+01  1021.6640    20.8882    21.6543     8.1805    250.224    7.44282  227.66017    109.911 -9.990e-29
   40.99654  -71.90460      2.253      2.236    20.8879    31.2273      8.090     0.6998 3.2198e+01  1021.6644    20.8875    21.6545     8.1751    250.060    7.44288  227.66195    109.838 -9.990e-29
   40.99654  -71.90460      2.252      2.235    20.8876    31.2273      8.090     0.6998 3.3869e+01  1021.6644    20.8872    21.6547     8.1745    250.041    7.44289  227.66226    109.830 -9.990e-29
   40.99654  -71.90460      2.233      2.216    20.8870    31.2273      8.090     0.6998 3.5130e+01  1021.6644    20.8866    21.6548     8.1739    250.022    7.44287  227.66170    109.822 -9.990e-29
   40.99654  -71.90460      2.233      2.216    20.8863    31.2274      8.090     0.6998 3.5360e+01  1021.6647    20.8859    21.6551     8.1734    250.006    7.44297  227.66460    109.813 -9.990e-29
   40.99654  -71.90460      2.233      2.216    20.8854    31.2274      8.095     0.6863 4.4489e+01  1021.6652    20.8850    21.6553     8.1784    250.161    7.44314  227.66989    109.879 -9.990e-29
   40.99654  -71.90460      2.222      2.205    20.8847    31.2274      8.095     0.6729 5.6341e+01  1021.6650    20.8843    21.6555     8.1787    250.168    7.44329  227.67461    109.880 -9.990e-29
   40.99654  -71.90460      2.203      2.186    20.8835    31.2275      8.090     0.6863 5.9266e+01  1021.6652    20.8831    21.6558     8.1739    250.023    7.44351  227.68118    109.813 -9.990e-29
   40.99654  -71.90460      2.203      2.186    20.8825    31.2276      8.090     0.6863 5.2223e+01  1021.6659    20.8820    21.6562     8.1790    250.177    7.44365  227.68567    109.878 -9.990e-29
   40.99654  -71.90460      2.192      2.175    20.8812    31.2278      8.095     0.6863 4.3622e+01  1021.6661    20.8808    21.6567     8.1744    250.038    7.44398  227.69599    109.812 -9.990e-29
   40.99654  -71.90460      2.193      2.176    20.8798    31.2280      8.090     0.6863 4.1624e+01  1021.6667    20.8794    21.6571     8.1748    250.051    7.44451  227.71196    109.810 -9.990e-29
   40.99654  -71.90460      2.171      2.154    20.8784    31.2280      8.090     0.6863 4.2095e+01  1021.6670    20.8780    21.6575     8.1704    249.913    7.44512  227.73036    109.741 -9.990e-29
   40.99654  -71.90460      2.161      2.145    20.8775    31.2280      8.090     0.6863 4.2811e+01  1021.6672    20.8771    21.6577     8.1755    250.072    7.44555  227.74303    109.804 -9.990e-29
   40.99654  -71.90460      2.152      2.135    20.8768    31.2280      8.090     0.6863 4.2931e+01  1021.6672    20.8764    21.6579     8.1758    250.079    7.44582  227.75113    109.804 -9.990e-29
   40.99654  -71.90460      2.152      2.135    20.8767    31.2280      8.090     0.6863 4.5928e+01  1021.6674    20.8763    21.6580     8.1760    250.085    7.44603  227.75735    109.803 -9.990e-29
   40.99648  -71.90460      2.142      2.126    20.8770    31.2280      8.090     0.6863 5.7352e+01  1021.6672    20.8766    21.6580     8.1711    249.935    7.44621  227.76246    109.735 -9.990e-29
   40.99648  -71.90460      2.131      2.115    20.8770    31.2279      8.095     0.6863 6.2224e+01  1021.6672    20.8766    21.6579     8.1760    250.085    7.44630  227.76517    109.800 -9.990e-29
   40.99648  -71.90460      2.122      2.105    20.8772    31.2278      8.095     0.6863 6.0840e+01  1021.6668    20.8768    21.6578     8.1711    249.936    7.44644  227.76918    109.732 -9.990e-29
   40.99648  -71.90460      2.111      2.094    20.8759    31.2276      8.090     0.6863 5.1685e+01  1021.6670    20.8755    21.6581     8.1764    250.098    7.44653  227.77190    109.802 -9.990e-29
   40.99648  -71.90460      2.122      2.105    20.8737    31.2276      8.090     0.6863 4.8042e+01  1021.6676    20.8733    21.6586     8.1766    250.102    7.44652  227.77172    109.804 -9.990e-29
   40.99648  -71.90460      2.101      2.085    20.8703    31.2276      8.090     0.6863 4.7907e+01  1021.6687    20.8699    21.6593     8.1768    250.109    7.44659  227.77387    109.806 -9.990e-29
   40.99648  -71.90460      2.101      2.085    20.8680    31.2274      8.090     0.6863 4.8952e+01  1021.6689    20.8676    21.6599     8.1720    249.963    7.44671  227.77757    109.740 -9.990e-29
   40.99648  -71.90460      2.091      2.075    20.8654    31.2272      8.090     0.6863 4.9506e+01  1021.6697    20.8650    21.6604     8.1720    249.964    7.44681  227.78047    109.739 -9.990e-29
   40.99648  -71.90460      2.091      2.075    20.8633    31.2268      8.090     0.6863 4.9506e+01  1021.6697    20.8629    21.6607     8.1772    250.121    7.44691  227.78342    109.806 -9.990e-29
   40.99648  -71.90460      2.080      2.064    20.8607    31.2268      8.090     0.6863 5.1251e+01  1021.6699    20.8603    21.6612     8.1725    249.977    7.44699  227.78573    109.742 -9.990e-29
   40.99648  -71.90460      2.082      2.066    20.8575    31.2268      8.090     0.6863 5.2713e+01  1021.6706    20.8571    21.6619     8.1722    249.968    7.44703  227.78693    109.738 -9.990e-29
   40.99648  -71.90460      2.060      2.044    20.8543    31.2272      8.095     0.6863 5.2861e+01  1021.6718    20.8540    21.6632     8.1722    249.968    7.44700  227.78599    109.738 -9.990e-29
   40.99648  -71.90460      2.050      2.034    20.8522    31.2288      8.091     0.6863 5.4064e+01  1021.6739    20.8518    21.6650     8.1719    249.960    7.44700  227.78586    109.735 -9.990e-29
   40.99648  -71.90460      2.080      2.064    20.8514    31.2305      8.091     0.6863 5.5138e+01  1021.6762    20.8510    21.6664     8.1717    249.952    7.44698  227.78533    109.731 -9.990e-29
