CalculateIndicators/WaterTemperature/Data/CTD_NYOS/20220928_C04.cnv
* Sea-Bird SBE 9 Data File:
* FileName = C:\Seabird 9 CTD\Data\2022\202209_offshore\20220928_C04.hex
* Software Version Seasave V 7.23.2
* Temperature SN = 4590
* Conductivity SN = 3228
* Number of Bytes Per Scan = 44
* Number of Voltage Words = 5
* Number of Scans Averaged by the Deck Unit = 1
* NMEA Latitude = 40 09.90 N
* NMEA Longitude = 073 19.04 W
* NMEA UTC (Time) = Feb 12 2003  18:02:52
* NMEA baud rate = 4800
** Ship: seawolf
** Station: 6.2
** Operator: SJW
# nquan = 18
# nvalues = 11788                       
# units = specified
# name 0 = latitude: Latitude [deg]
# name 1 = longitude: Longitude [deg]
# name 2 = prDM: Pressure, Digiquartz [db]
# name 3 = depSM: Depth [salt water, m]
# name 4 = t090C: Temperature [ITS-90, deg C]
# name 5 = sal00: Salinity, Practical [PSU]
# name 6 = ph: pH
# name 7 = flECO-AFL: Fluorescence, WET Labs ECO-AFL/FL [mg/m^3]
# name 8 = cpar: CPAR/Corrected Irradiance [%]
# name 9 = density00: Density [density, kg/m^3]
# name 10 = potemp090C: Potential Temperature [ITS-90, deg C]
# name 11 = sigma-é00: Density [sigma-theta, kg/m^3]
# name 12 = sbeox0Mg/L: Oxygen, SBE 43 [mg/l]
# name 13 = sbox0Mm/Kg: Oxygen, SBE 43 [umol/kg]
# name 14 = oxsolMg/L: Oxygen Saturation, Garcia & Gordon [mg/l]
# name 15 = oxsolMm/Kg: Oxygen Saturation, Garcia & Gordon [umol/kg]
# name 16 = sbeox0PS: Oxygen, SBE 43 [% saturation]
# name 17 = flag:  0.000e+00
# span 0 =   40.16410,   40.16502       
# span 1 =  -73.31746,  -73.31566       
# span 2 =      1.523,     36.024       
# span 3 =      1.511,     35.744       
# span 4 =    13.1005,    20.5536       
# span 5 =    32.6545,    33.5333       
# span 6 =      6.888,      8.317       
# span 7 =     0.0148,     0.6998       
# span 8 = 2.9657e-01, 1.7009e+02       
# span 9 =  1022.8463,  1025.2392       
# span 10 =    13.0957,    20.5532      
# span 11 =    22.8381,    25.0885      
# span 12 =     4.7670,     8.0209      
# span 13 =    145.328,    244.606      
# span 14 =    7.41483,    8.54245      
# span 15 =  226.44333,  260.42597      
# span 16 =     55.811,     96.871      
# span 17 = 0.0000e+00, 0.0000e+00      
# interval = seconds: 0.0416667
# start_time = Sep 28 2022 18:02:53 [System UTC, first data scan.]
# bad_flag = -9.990e-29
*END*
[from data line 11337]
   40.16412  -73.31572      2.086      2.070    20.5448    32.6699      6.917 -9.990e-29 8.4210e+01  1022.8517    20.5444    22.8427     7.0374    215.009    7.42387  226.81783     94.794 -9.990e-29
   40.16412  -73.31572      2.086      2.070    20.5445    32.6699      6.917 -9.990e-29 8.0054e+01  1022.8517    20.5441    22.8427     7.0372    215.004    7.42385  226.81739     94.792 -9.990e-29
   40.16412  -73.31572      2.087      2.071    20.5441    32.6696      6.917 -9.990e-29 8.0054e+01  1022.8517    20.5437    22.8425     7.0371    215.001    7.42390  226.81873     94.790 -9.990e-29
   40.16412  -73.31572      2.106      2.090    20.5445    32.6692      6.917 -9.990e-29 7.9382e+01  1022.8511    20.5441    22.8422     7.0421    215.154    7.42392  226.81925     94.857 -9.990e-29
   40.16412  -73.31572      2.097      2.081    20.5439    32.6692      6.917 -9.990e-29 7.9089e+01  1022.8510    20.5435    22.8419     7.0372    215.004    7.42391  226.81909     94.791 -9.990e-29
   40.16412  -73.31572      2.097      2.081    20.5432    32.6692      6.917 -9.990e-29 7.8424e+01  1022.8508    20.5428    22.8421     7.0371    215.001    7.42394  226.81980     94.789 -9.990e-29
   40.16412  -73.31572      2.106      2.090    20.5425    32.6692      6.917 -9.990e-29 5.8706e+01  1022.8519    20.5421    22.8426     7.0421    215.153    7.42390  226.81861     94.857 -9.990e-29
   40.16412  -73.31572      2.106      2.090    20.5422    32.6696      6.917 -9.990e-29 4.8763e+01  1022.8523    20.5418    22.8429     7.0372    215.005    7.42392  226.81944     94.791 -9.990e-29
   40.16412  -73.31572      2.106      2.090    20.5420    32.6697      6.917 -9.990e-29 4.7544e+01  1022.8522    20.5416    22.8431     7.0371    215.001    7.42389  226.81840     94.790 -9.990e-29
   40.16412  -73.31572      2.097      2.081    20.5418    32.6697      6.917 -9.990e-29 4.3050e+01  1022.8522    20.5414    22.8431     7.0370    214.998    7.42386  226.81749     94.789 -9.990e-29
   40.16412  -73.31570      2.097      2.081    20.5418    32.6697      6.917 -9.990e-29 3.9568e+01  1022.8522    20.5415    22.8432     7.0421    215.153    7.42388  226.81804     94.857 -9.990e-29
   40.16412  -73.31570      2.106      2.090    20.5416    32.6699      6.917 -9.990e-29 3.8906e+01  1022.8524    20.5413    22.8434     7.0372    215.004    7.42385  226.81713     94.792 -9.990e-29
   40.16412  -73.31570      2.098      2.082    20.5418    32.6702      6.917 -9.990e-29 4.0241e+01  1022.8526    20.5414    22.8436     7.0372    215.003    7.42386  226.81751     94.791 -9.990e-29
   40.16412  -73.31570      2.097      2.081    20.5416    32.6705      6.917 -9.990e-29 4.1622e+01  1022.8530    20.5413    22.8438     7.0372    215.004    7.42390  226.81883     94.791 -9.990e-29
   40.16412  -73.31570      2.097      2.081    20.5420    32.6707      6.917 -9.990e-29 4.1974e+01  1022.8529    20.5416    22.8439     7.0375    215.013    7.42390  226.81866     94.795 -9.990e-29
   40.16412  -73.31570      2.086      2.070    20.5422    32.6707      6.917 -9.990e-29 3.7090e+01  1022.8530    20.5418    22.8439     7.0375    215.014    7.42392  226.81937     94.795 -9.990e-29
   40.16412  -73.31570      2.086      2.070    20.5423    32.6707      6.917 -9.990e-29 3.0463e+01  1022.8529    20.5420    22.8439     7.0375    215.015    7.42390  226.81857     94.796 -9.990e-29
   40.16412  -73.31570      2.086      2.070    20.5425    32.6707      6.917 -9.990e-29 2.8853e+01  1022.8528    20.5421    22.8438     7.0376    215.015    7.42389  226.81834     94.796 -9.990e-29
   40.16412  -73.31570      2.086      2.070    20.5429    32.6705      6.917 -9.990e-29 3.0436e+01  1022.8525    20.5425    22.8436     7.0329    214.872    7.42390  226.81895     94.733 -9.990e-29
   40.16412  -73.31570      2.076      2.060    20.5431    32.6704      6.917 -9.990e-29 3.4736e+01  1022.8524    20.5427    22.8434     7.0378    215.022    7.42393  226.81983     94.799 -9.990e-29
   40.16412  -73.31570      2.067      2.051    20.5436    32.6701      6.917 -9.990e-29 3.6335e+01  1022.8519    20.5432    22.8431     7.0379    215.026    7.42395  226.82024     94.800 -9.990e-29
   40.16412  -73.31570      2.078      2.062    20.5436    32.6701      6.917 -9.990e-29 3.6540e+01  1022.8519    20.5432    22.8430     7.0333    214.885    7.42398  226.82122     94.738 -9.990e-29
   40.16412  -73.31570      2.067      2.051    20.5436    32.6701      6.917 -9.990e-29 3.7266e+01  1022.8519    20.5432    22.8430     7.0332    214.881    7.42401  226.82199     94.735 -9.990e-29
   40.16412  -73.31570      2.056      2.040    20.5436    32.6702      6.917 -9.990e-29 3.7582e+01  1022.8520    20.5432    22.8431     7.0279    214.721    7.42401  226.82217     94.665 -9.990e-29
   40.16412  -73.31570      2.056      2.040    20.5438    32.6703      6.917 -9.990e-29 4.0092e+01  1022.8520    20.5434    22.8432     7.0326    214.864    7.42400  226.82186     94.728 -9.990e-29
   40.16412  -73.31570      2.056      2.040    20.5436    32.6704      6.917 -9.990e-29 6.0954e+01  1022.8522    20.5432    22.8432     7.0274    214.705    7.42397  226.82090     94.658 -9.990e-29
   40.16412  -73.31570      2.056      2.040    20.5438    32.6704      6.917 -9.990e-29 7.4213e+01  1022.8521    20.5434    22.8433     7.0325    214.861    7.42399  226.82150     94.727 -9.990e-29
   40.16412  -73.31570      2.046      2.030    20.5436    32.6704      6.917 -9.990e-29 7.5688e+01  1022.8522    20.5432    22.8433     7.0325    214.861    7.42400  226.82176     94.727 -9.990e-29
   40.16412  -73.31570      2.046      2.030    20.5439    32.6704      6.917 -9.990e-29 8.4459e+01  1022.8519    20.5435    22.8432     7.0271    214.695    7.42397  226.82102     94.654 -9.990e-29
   40.16412  -73.31570      2.036      2.021    20.5439    32.6704      6.917 -9.990e-29 9.0609e+01  1022.8520    20.5436    22.8432     7.0269    214.688    7.42400  226.82168     94.651 -9.990e-29
   40.16412  -73.31570      2.046      2.030    20.5441    32.6704      6.917 -9.990e-29 9.1377e+01  1022.8520    20.5437    22.8431     7.0266    214.681    7.42399  226.82143     94.647 -9.990e-29
   40.16412  -73.31570      2.046      2.030    20.5439    32.6703      6.917 -9.990e-29 9.6935e+01  1022.8520    20.5435    22.8431     7.0315    214.830    7.42395  226.82024     94.714 -9.990e-29
   40.16412  -73.31570      2.027      2.011    20.5441    32.6703      6.917 -9.990e-29 1.0168e+02  1022.8517    20.5437    22.8431     7.0266    214.680    7.42398  226.82118     94.647 -9.990e-29
   40.16412  -73.31570      2.046      2.030    20.5438    32.6703      6.917 -9.990e-29 1.0254e+02  1022.8522    20.5434    22.8431     7.0265    214.677    7.42399  226.82160     94.646 -9.990e-29
   40.16412  -73.31570      2.046      2.030    20.5441    32.6703      6.917 -9.990e-29 8.7357e+01  1022.8518    20.5437    22.8431     7.0261    214.664    7.42399  226.82146     94.640 -9.990e-29
   40.16412  -73.31570      2.036      2.021    20.5439    32.6703      6.917 -9.990e-29 7.4356e+01  1022.8520    20.5435    22.8431     7.0209    214.506    7.42399  226.82146     94.571 -9.990e-29
   40.16412  -73.31570      2.046      2.030    20.5439    32.6703      6.917 -9.990e-29 7.1953e+01  1022.8520    20.5435    22.8431     7.0254    214.643    7.42402  226.82220     94.630 -9.990e-29
   40.16412  -73.31570      2.046      2.030    20.5438    32.6702      6.917 -9.990e-29 6.0559e+01  1022.8520    20.5434    22.8430     7.0251    214.634    7.42403  226.82262     94.626 -9.990e-29
   40.16412  -73.31570      2.056      2.040    20.5436    32.6701      6.917 -9.990e-29 4.6756e+01  1022.8517    20.5432    22.8429     7.0248    214.625    7.42402  226.82222     94.622 -9.990e-29
   40.16412  -73.31570      2.056      2.040    20.5434    32.6701      6.917 -9.990e-29 4.3582e+01  1022.8517    20.5430    22.8430     7.0245    214.618    7.42404  226.82305     94.619 -9.990e-29
   40.16412  -73.31570      2.067      2.051    20.5427    32.6701      6.917 -9.990e-29 4.5332e+01  1022.8521    20.5424    22.8433     7.0243    214.611    7.42405  226.82333     94.616 -9.990e-29
   40.16412  -73.31570      2.076      2.060    20.5427    32.6705      6.917 -9.990e-29 4.8907e+01  1022.8526    20.5423    22.8436     7.0241    214.604    7.42405  226.82315     94.613 -9.990e-29
   40.16412  -73.31570      2.078      2.062    20.5425    32.6705      6.917 -9.990e-29 5.0161e+01  1022.8530    20.5421    22.8438     7.0239    214.598    7.42404  226.82278     94.610 -9.990e-29
   40.16412  -73.31570      2.097      2.081    20.5425    32.6705      6.917 -9.990e-29 5.1158e+01  1022.8527    20.5421    22.8437     7.0238    214.593    7.42405  226.82306     94.608 -9.990e-29
   40.16412  -73.31570      2.097      2.081    20.5425    32.6705      6.917 -9.990e-29 5.4883e+01  1022.8527    20.5422    22.8436     7.0185    214.434    7.42403  226.82268     94.538 -9.990e-29
   40.16412  -73.31570      2.117      2.101    20.5427    32.6702      6.917 -9.990e-29 5.6290e+01  1022.8526    20.5423    22.8434     7.0232    214.577    7.42404  226.82288     94.601 -9.990e-29
   40.16412  -73.31570      2.117      2.101    20.5427    32.6701      6.917 -9.990e-29 5.5817e+01  1022.8520    20.5423    22.8432     7.0231    214.574    7.42402  226.82236     94.600 -9.990e-29
   40.16412  -73.31570      2.148      2.131    20.5423    32.6701      6.917 -9.990e-29 5.2913e+01  1022.8526    20.5420    22.8433     7.0231    214.574    7.42406  226.82344     94.600 -9.990e-29
   40.16412  -73.31570      2.137      2.120    20.5422    32.6701      6.917 -9.990e-29 5.1736e+01  1022.8528    20.5418    22.8434     7.0231    214.573    7.42403  226.82258     94.600 -9.990e-29
   40.16412  -73.31570      2.167      2.150    20.5423    32.6701      6.917 -9.990e-29 5.2322e+01  1022.8528    20.5419    22.8434     7.0232    214.576    7.42411  226.82490     94.600 -9.990e-29
   40.16412  -73.31570      2.167      2.150    20.5422    32.6701      6.917 -9.990e-29 6.2461e+01  1022.8526    20.5418    22.8435     7.0231    214.575    7.42401  226.82200     94.600 -9.990e-29
   40.16412  -73.31570      2.179      2.163    20.5418    32.6704      6.917 -9.990e-29 6.8920e+01  1022.8532    20.5414    22.8437     7.0232    214.576    7.42402  226.82213     94.601 -9.990e-29
   40.16412  -73.31570      2.197      2.180    20.5417    32.6704      6.917 -9.990e-29 6.9504e+01  1022.8536    20.5413    22.8439     7.0236    214.590    7.42402  226.82221     94.607 -9.990e-29
   40.16412  -73.31570      2.197      2.180    20.5416    32.6705      6.917 -9.990e-29 7.6907e+01  1022.8534    20.5412    22.8439     7.0289    214.749    7.42400  226.82163     94.677 -9.990e-29
   40.16412  -73.31570      2.218      2.201    20.5420    32.6705      6.917 -9.990e-29 8.2508e+01  1022.8532    20.5416    22.8438     7.0242    214.608    7.42400  226.82185     94.615 -9.990e-29
   40.16412  -73.31570      2.229      2.212    20.5418    32.6705      6.917 -9.990e-29 8.3441e+01  1022.8533    20.5414    22.8438     7.0299    214.780    7.42403  226.82261     94.691 -9.990e-29
   40.16412  -73.31570      2.238      2.221    20.5418    32.6707      6.917 -9.990e-29 5.3409e+01  1022.8538    20.5414    22.8439     7.0304    214.797    7.42405  226.82307     94.698 -9.990e-29
   40.16412  -73.31570      2.248      2.231    20.5422    32.6707      6.917 -9.990e-29 3.4251e+01  1022.8536    20.5417    22.8439     7.0310    214.815    7.42410  226.82466     94.705 -9.990e-29
   40.16412  -73.31570      2.269      2.251    20.5420    32.6707      6.917 -9.990e-29 3.1276e+01  1022.8537    20.5416    22.8439     7.0265    214.676    7.42410  226.82473     94.644 -9.990e-29
   40.16412  -73.31570      2.270      2.253    20.5422    32.6707      6.917 -9.990e-29 3.3179e+01  1022.8537    20.5418    22.8439     7.0271    214.695    7.42413  226.82567     94.652 -9.990e-29
   40.16412  -73.31570      2.289      2.272    20.5422    32.6706      6.917 -9.990e-29 3.5495e+01  1022.8537    20.5417    22.8438     7.0325    214.861    7.42416  226.82635     94.725 -9.990e-29
   40.16412  -73.31570      2.310      2.292    20.5420    32.6704      6.917 -9.990e-29 3.5998e+01  1022.8535    20.5416    22.8436     7.0332    214.881    7.42417  226.82694     94.733 -9.990e-29
   40.16412  -73.31570      2.310      2.292    20.5420    32.6704      6.917 -9.990e-29 3.6849e+01  1022.8536    20.5416    22.8436     7.0389    215.057    7.42417  226.82677     94.811 -9.990e-29
   40.16412 -9.990e-29      2.319      2.302    20.5418    32.6704      6.917     0.0551 3.8619e+01  1022.8537    20.5414    22.8437     7.0348    214.931    7.42419  226.82739     94.755 -9.990e-29
   40.16412 -9.990e-29      2.350      2.332    20.5418    32.6704      6.917     0.0551 3.9166e+01  1022.8543    20.5414    22.8438     7.0355    214.952    7.42419  226.82730     94.764 -9.990e-29
   40.16412 -9.990e-29      2.359      2.341    20.5420    32.6704      6.917     0.0551 3.6920e+01  1022.8540    20.5416    22.8438     7.0413    215.128    7.42419  226.82736     94.842 -9.990e-29
   40.16412 -9.990e-29      2.380      2.362    20.5420    32.6702      6.917     0.0551 3.0840e+01  1022.8538    20.5416    22.8436     7.0423    215.159    7.42419  226.82727     94.856 -9.990e-29
   40.16412 -9.990e-29      2.391      2.373    20.5418    32.6702      6.917     0.0551 2.8908e+01  1022.8537    20.5414    22.8435     7.0378    215.023    7.42418  226.82701     94.796 -9.990e-29
   40.16412 -9.990e-29      2.410      2.392    20.5416    32.6702      6.917     0.0551 3.2532e+01  1022.8541    20.5412    22.8436     7.0386    215.046    7.42421  226.82798     94.806 -9.990e-29
   40.16412 -9.990e-29      2.431      2.412    20.5413    32.6703      6.917     0.0551 5.8058e+01  1022.8546    20.5408    22.8438     7.0444    215.223    7.42423  226.82864     94.884 -9.990e-29
   40.16412 -9.990e-29      2.440      2.422    20.5413    32.6703      6.917     0.0551 7.4356e+01  1022.8542    20.5408    22.8438     7.0401    215.091    7.42431  226.83115     94.824 -9.990e-29
   40.16412 -9.990e-29      2.451      2.432    20.5411    32.6703      6.917     0.0551 7.5197e+01  1022.8544    20.5407    22.8439     7.0404    215.102    7.42430  226.83071     94.829 -9.990e-29
   40.16412 -9.990e-29      2.461      2.442    20.5411    32.6705      6.917     0.0551 7.3524e+01  1022.8547    20.5406    22.8440     7.0456    215.260    7.42434  226.83188     94.898 -9.990e-29
   40.16412 -9.990e-29      2.471      2.452    20.5413    32.6705      6.917     0.0551 7.3112e+01  1022.8549    20.5408    22.8441     7.0462    215.280    7.42433  226.83149     94.907 -9.990e-29
   40.16412 -9.990e-29      2.482      2.462    20.5413    32.6705      6.917     0.0551 7.2702e+01  1022.8546    20.5408    22.8440     7.0465    215.288    7.42428  226.83014     94.912 -9.990e-29
   40.16412 -9.990e-29      2.482      2.462    20.5411    32.6704      6.917     0.0551 4.3951e+01  1022.8548    20.5407    22.8439     7.0471    215.307    7.42429  226.83019     94.920 -9.990e-29
   40.16412 -9.990e-29      2.491      2.472    20.5415    32.6704      6.917     0.0551 3.1101e+01  1022.8545    20.5410    22.8438     7.0477    215.326    7.42429  226.83039     94.928 -9.990e-29
   40.16412 -9.990e-29      2.502      2.483    20.5413    32.6704      6.917     0.0551 2.9540e+01  1022.8546    20.5408    22.8438     7.0480    215.334    7.42428  226.83011     94.932 -9.990e-29
   40.16412 -9.990e-29      2.502      2.483    20.5413    32.6705      6.917     0.0551 3.5464e+01  1022.8548    20.5408    22.8439     7.0482    215.341    7.42428  226.83012     94.935 -9.990e-29
   40.16412 -9.990e-29      2.512      2.492    20.5415    32.6705      6.917     0.0551 4.1745e+01  1022.8549    20.5410    22.8440     7.0484    215.347    7.42427  226.82981     94.938 -9.990e-29
