CalculateIndicators/WaterTemperature/Data/CTD_NYOS/202200729_C18.cnv
* Sea-Bird SBE 9 Data File:
* FileName = C:\Seabird 9 CTD\Data\2022\202207_offshore\202200729_C18.hex
* Software Version Seasave V 7.23.2
* Temperature SN = 4590
* Conductivity SN = 3228
* Number of Bytes Per Scan = 44
* Number of Voltage Words = 5
* Number of Scans Averaged by the Deck Unit = 1
* NMEA Latitude = 39 48.71 N
* NMEA Longitude = 072 29.86 W
* NMEA UTC (Time) = Dec 13 2002  04:22:12
* NMEA baud rate = 4800
** Ship: seawolf
** Station: 4.4
** Operator: TDK
# nquan = 18
# nvalues = 14185                       
# units = specified
# name 0 = latitude: Latitude [deg]
# name 1 = longitude: Longitude [deg]
# name 2 = prDM: Pressure, Digiquartz [db]
# name 3 = depSM: Depth [salt water, m]
# name 4 = t090C: Temperature [ITS-90, deg C]
# name 5 = sal00: Salinity, Practical [PSU]
# name 6 = ph: pH
# name 7 = flECO-AFL: Fluorescence, WET Labs ECO-AFL/FL [mg/m^3]
# name 8 = cpar: CPAR/Corrected Irradiance [%]
# name 9 = density00: Density [density, kg/m^3]
# name 10 = potemp090C: Potential Temperature [ITS-90, deg C]
# name 11 = sigma-é00: Density [sigma-theta, kg/m^3]
# name 12 = sbeox0Mg/L: Oxygen, SBE 43 [mg/l]
# name 13 = sbox0Mm/Kg: Oxygen, SBE 43 [umol/kg]
# name 14 = oxsolMg/L: Oxygen Saturation, Garcia & Gordon [mg/l]
# name 15 = oxsolMm/Kg: Oxygen Saturation, Garcia & Gordon [umol/kg]
# name 16 = sbeox0PS: Oxygen, SBE 43 [% saturation]
# name 17 = flag:  0.000e+00
# span 0 =   39.81182,   39.81228       
# span 1 =  -72.49766,  -72.49480       
# span 2 =      1.577,     64.284       
# span 3 =      1.565,     63.782       
# span 4 =     8.5921,    24.9062       
# span 5 =    31.3378,    34.1245       
# span 6 =      7.962,      8.221       
# span 7 =    -0.0524,     1.8414       
# span 8 = 5.0640e-11, 9.9999e+04       
# span 9 =  1020.6257,  1026.4318       
# span 10 =     8.5881,    24.9056      
# span 11 =    20.6178,    26.1439      
# span 12 =     6.4888,     9.4678      
# span 13 =    197.612,    288.825      
# span 14 =    6.92438,    9.42521      
# span 15 =  212.01822,  287.17111      
# span 16 =     72.616,    117.120      
# span 17 = 0.0000e+00, 0.0000e+00      
# interval = seconds: 0.0416667
# start_time = Jul 29 2022 04:22:11 [System UTC, first data scan.]
# bad_flag = -9.990e-29
*END*
[from data line 10292]
   39.81220  -72.49564      7.780      7.720    24.6899    31.3855      8.198     0.5789 5.0640e-11  1020.7385    24.6882    20.7052     7.3761    225.829    6.94891  212.75106    106.147 -9.990e-29
   39.81220  -72.49564      7.773      7.713    24.6902    31.3854      8.198     0.5789 5.0640e-11  1020.7382    24.6886    20.7050     7.3766    225.846    6.94933  212.76343    106.149 -9.990e-29
   39.81220  -72.49564      7.800      7.741    24.6908    31.3854      8.198     0.5789 5.0640e-11  1020.7383    24.6892    20.7048     7.3772    225.862    6.94967  212.77325    106.151 -9.990e-29
   39.81220  -72.49564      7.810      7.750    24.6922    31.3854      8.198     0.5789 5.0640e-11  1020.7379    24.6906    20.7045     7.3773    225.866    6.94986  212.77877    106.151 -9.990e-29
   39.81220  -72.49564      7.821      7.761    24.6933    31.3851      8.198     0.5789 5.0640e-11  1020.7374    24.6917    20.7039     7.3771    225.861    6.94971  212.77443    106.150 -9.990e-29
   39.81220  -72.49564      7.831      7.771    24.6940    31.3848      8.198     0.5789 5.0640e-11  1020.7366    24.6924    20.7034     7.3767    225.848    6.94932  212.76285    106.150 -9.990e-29
   39.81220  -72.49564      7.842      7.781    24.6933    31.3848      8.198     0.5789 5.0640e-11  1020.7367    24.6916    20.7034     7.3764    225.840    6.94900  212.75364    106.151 -9.990e-29
   39.81220  -72.49564      7.851      7.791    24.6926    31.3848      8.198     0.5789 5.0640e-11  1020.7376    24.6909    20.7038     7.3761    225.829    6.94880  212.74769    106.149 -9.990e-29
   39.81220  -72.49564      7.865      7.805    24.6921    31.3853 -9.990e-29     0.5789 5.0640e-11  1020.7377    24.6904    20.7043     7.3763    225.836    6.94885  212.74919    106.151 -9.990e-29
   39.81220  -72.49564      7.872      7.811    24.6924    31.3860 -9.990e-29     0.5789 5.0640e-11  1020.7385    24.6908    20.7047     7.3766    225.844    6.94909  212.75652    106.151 -9.990e-29
   39.81220  -72.49564      7.891      7.831    24.6937    31.3860 -9.990e-29     0.5789 5.0640e-11  1020.7392    24.6920    20.7047     7.3770    225.856    6.94942  212.76629    106.152 -9.990e-29
   39.81220  -72.49564      7.891      7.831    24.6967    31.3860 -9.990e-29     0.5789 5.0640e-11  1020.7375    24.6951    20.7038     7.3727    225.724    6.94969  212.77403    106.086 -9.990e-29
   39.81220  -72.49564      7.902      7.841    24.6984    31.3859 -9.990e-29     0.5789 5.0640e-11  1020.7360    24.6967    20.7029     7.3727    225.724    6.94981  212.77801    106.084 -9.990e-29
   39.81220  -72.49564      7.912      7.851    24.6982    31.3859 -9.990e-29     0.5789 5.0640e-11  1020.7362    24.6965    20.7027     7.3677    225.573    6.94967  212.77361    106.016 -9.990e-29
   39.81220  -72.49564      7.921      7.861    24.6978    31.3854 -9.990e-29     0.5789 5.0640e-11  1020.7371    24.6961    20.7030     7.3717    225.695    6.94931  212.76270    106.078 -9.990e-29
   39.81220  -72.49564      7.925      7.865    24.6989    31.3854 -9.990e-29     0.5789 5.0640e-11  1020.7374    24.6972    20.7026     7.3713    225.684    6.94916  212.75847    106.075 -9.990e-29
   39.81220  -72.49564      7.932      7.871    24.7027    31.3850 -9.990e-29     0.5789 5.0640e-11  1020.7352    24.7010    20.7012     7.3668    225.547    6.94930  212.76313    106.008 -9.990e-29
   39.81220  -72.49564      7.942      7.881    24.7056    31.3836 -9.990e-29     0.5789 5.0640e-11  1020.7328    24.7039    20.6994     7.3713    225.684    6.94944  212.76767    106.071 -9.990e-29
   39.81220  -72.49564      7.942      7.881    24.7061    31.3824 -9.990e-29     0.5789 5.0640e-11  1020.7318    24.7044    20.6982     7.3713    225.682    6.94947  212.76778    106.070 -9.990e-29
   39.81220  -72.49564      7.953      7.892    24.7065    31.3817 -9.990e-29     0.5789 5.0640e-11  1020.7313    24.7048    20.6976     7.3666    225.539    6.94952  212.76900    106.002 -9.990e-29
   39.81220  -72.49564      7.953      7.892    24.7057    31.3817 -9.990e-29     0.5789 5.0640e-11  1020.7311    24.7040    20.6977     7.3661    225.523    6.94927  212.76146    105.998 -9.990e-29
   39.81220  -72.49564      7.972      7.911    24.7032    31.3817 -9.990e-29     0.5789 5.0640e-11  1020.7324    24.7015    20.6984     7.3657    225.510    6.94906  212.75511    105.995 -9.990e-29
   39.81220  -72.49564      7.956      7.895    24.7016    31.3818 -9.990e-29     0.5789 5.0640e-11  1020.7334    24.6999    20.6992     7.3655    225.505    6.94903  212.75428    105.993 -9.990e-29
   39.81218  -72.49558      7.993      7.932    24.7010    31.3822 -9.990e-29     0.5789 5.0640e-11  1020.7342    24.6994    20.6995     7.3655    225.505    6.94912  212.75696    105.992 -9.990e-29
   39.81218  -72.49558      7.972      7.911    24.7003    31.3822 -9.990e-29     0.5789 5.0640e-11  1020.7327    24.6987    20.6994     7.3655    225.504    6.94910  212.75645    105.992 -9.990e-29
   39.81218  -72.49558      7.983      7.922    24.6991    31.3822 -9.990e-29     0.5789 5.0640e-11  1020.7335    24.6974    20.7000     7.3653    225.499    6.94896  212.75229    105.991 -9.990e-29
   39.81218  -72.49558      7.993      7.932    24.6978    31.3836 -9.990e-29     0.5789 5.0640e-11  1020.7359    24.6961    20.7014     7.3608    225.362    6.94906  212.75537    105.926 -9.990e-29
   39.81218  -72.49558      7.993      7.932    24.6967    31.3847 -9.990e-29     0.5789 5.0640e-11  1020.7372    24.6950    20.7026     7.3610    225.367    6.94929  212.76276    105.924 -9.990e-29
   39.81218  -72.49558      7.983      7.922    24.6964    31.3851 -9.990e-29     0.5789 5.0640e-11  1020.7372    24.6947    20.7030     7.3656    225.507    6.94926  212.76130    105.991 -9.990e-29
   39.81218  -72.49558      7.993      7.932    24.6969    31.3853 -9.990e-29     0.5789 5.0640e-11  1020.7373    24.6952    20.7031     7.3658    225.513    6.94922  212.75977    105.994 -9.990e-29
   39.81218  -72.49558      7.986      7.925    24.6973    31.3854 -9.990e-29     0.5789 5.0640e-11  1020.7371    24.6956    20.7032     7.3659    225.518    6.94909  212.75576    105.998 -9.990e-29
   39.81218  -72.49558      7.993      7.932    24.6964    31.3854 -9.990e-29     0.5789 5.0640e-11  1020.7379    24.6947    20.7033     7.3706    225.662    6.94880  212.74736    106.070 -9.990e-29
   39.81218  -72.49558      7.993      7.932    24.6967    31.3854 -9.990e-29     0.5789 5.0640e-11  1020.7372    24.6950    20.7031     7.3665    225.537    6.94875  212.74642    106.012 -9.990e-29
   39.81218  -72.49558      7.983      7.922    24.6973    31.3849 -9.990e-29     0.5789 5.0640e-11  1020.7370    24.6956    20.7026     7.3669    225.550    6.94874  212.74589    106.018 -9.990e-29
   39.81218  -72.49558      7.983      7.922    24.6977    31.3841 -9.990e-29     0.5789 5.0640e-11  1020.7360    24.6960    20.7018     7.3674    225.563    6.94891  212.75078    106.022 -9.990e-29
   39.81218  -72.49558      7.983      7.922    24.6987    31.3841 -9.990e-29     0.5789 5.0640e-11  1020.7345    24.6970    20.7013     7.3678    225.574    6.94898  212.75283    106.026 -9.990e-29
   39.81218  -72.49558      7.983      7.922    24.6984    31.3841 -9.990e-29     0.5654 5.0640e-11  1020.7358    24.6967    20.7016     7.3728    225.727    6.94898  212.75260    106.099 -9.990e-29
   39.81218  -72.49558      7.972      7.911    24.6975    31.3845 -9.990e-29     0.5520 5.0640e-11  1020.7366    24.6958    20.7022     7.3684    225.594    6.94897  212.75245    106.036 -9.990e-29
   39.81218  -72.49558      7.976      7.915    24.6971    31.3845 -9.990e-29     0.5520 5.0640e-11  1020.7368    24.6954    20.7025     7.3689    225.608    6.94926  212.76127    106.038 -9.990e-29
   39.81218  -72.49558      7.972      7.911    24.6975    31.3846 -9.990e-29     0.5520 5.0640e-11  1020.7363    24.6958    20.7023     7.3698    225.637    6.94971  212.77448    106.045 -9.990e-29
   39.81218  -72.49558      7.972      7.911    24.6982    31.3848 -9.990e-29     0.5520 5.0640e-11  1020.7358    24.6965    20.7023     7.3706    225.660    6.94998  212.78264    106.052 -9.990e-29
   39.81218  -72.49558      7.963      7.902    24.6962    31.3848 -9.990e-29     0.5520 5.0640e-11  1020.7359    24.6945    20.7034     7.3757    225.817    6.95015  212.78747    106.123 -9.990e-29
   39.81218  -72.49558      7.953      7.892    24.6883    31.3865 -9.990e-29     0.5520 5.0640e-11  1020.7406    24.6866    20.7061     7.3718    225.698    6.95038  212.79456    106.064 -9.990e-29
   39.81218  -72.49558      7.953      7.892    24.6841    31.3886 -9.990e-29     0.5520 5.0640e-11  1020.7432    24.6824    20.7089     7.3725    225.717    6.95068  212.80343    106.068 -9.990e-29
   39.81218  -72.49558      7.953      7.892    24.6825    31.3902 -9.990e-29     0.5520 5.0640e-11  1020.7456    24.6808    20.7105     7.3732    225.738    6.95100  212.81265    106.074 -9.990e-29
   39.81218  -72.49558      7.946      7.885    24.6850    31.3902 -9.990e-29     0.5520 5.0640e-11  1020.7451    24.6833    20.7105     7.3783    225.895    6.95107  212.81448    106.146 -9.990e-29
   39.81218  -72.49558      7.932      7.872    24.6886    31.3902 -9.990e-29     0.5520 5.0640e-11  1020.7433    24.6869    20.7093     7.3742    225.768    6.95097  212.81142    106.088 -9.990e-29
   39.81218  -72.49558      7.942      7.881    24.6917    31.3900 -9.990e-29     0.5520 5.0640e-11  1020.7411    24.6900    20.7082     7.3791    225.918    6.95084  212.80766    106.161 -9.990e-29
   39.81218  -72.49558      7.921      7.861    24.6904    31.3900 -9.990e-29     0.5520 5.0640e-11  1020.7414    24.6888    20.7082     7.3798    225.941    6.95090  212.80929    106.171 -9.990e-29
   39.81218  -72.49558      7.932      7.872    24.6866    31.3900 -9.990e-29     0.5520 5.0640e-11  1020.7433    24.6850    20.7095     7.3756    225.814    6.95096  212.81153    106.110 -9.990e-29
   39.81218  -72.49558      7.921      7.861    24.6834    31.3911 -9.990e-29     0.5520 5.0640e-11  1020.7452    24.6817    20.7112     7.3758    225.819    6.95093  212.81101    106.112 -9.990e-29
   39.81218  -72.49558      7.921      7.861    24.6813    31.3911 -9.990e-29     0.5520 5.0640e-11  1020.7471    24.6796    20.7123     7.3803    225.957    6.95059  212.80023    106.183 -9.990e-29
   39.81218  -72.49558      7.912      7.851    24.6825    31.3911 -9.990e-29     0.5520 5.0640e-11  1020.7465    24.6808    20.7120     7.3757    225.817    6.95024  212.78981    106.122 -9.990e-29
   39.81218  -72.49558      7.905      7.844    24.6863    31.3910 -9.990e-29     0.5520 5.0640e-11  1020.7442    24.6846    20.7105     7.3756    225.813    6.94993  212.78069    106.125 -9.990e-29
   39.81218  -72.49558      7.902      7.842    24.6894    31.3899 -9.990e-29     0.5520 5.0640e-11  1020.7422    24.6877    20.7089     7.3759    225.822    6.94991  212.78039    106.129 -9.990e-29
   39.81218  -72.49558      7.902      7.842    24.6913    31.3891 -9.990e-29     0.5520 5.0640e-11  1020.7411    24.6896    20.7078     7.3764    225.839    6.95014  212.78720    106.134 -9.990e-29
   39.81218  -72.49558      7.891      7.831    24.6911    31.3891 -9.990e-29     0.5520 5.0640e-11  1020.7407    24.6895    20.7075     7.3773    225.864    6.95058  212.80024    106.139 -9.990e-29
   39.81218  -72.49558      7.891      7.831    24.6890    31.3891 -9.990e-29     0.5520 5.0640e-11  1020.7415    24.6873    20.7081     7.3784    225.898    6.95124  212.82004    106.145 -9.990e-29
   39.81218  -72.49558      7.891      7.831    24.6859    31.3894 -9.990e-29     0.5520 5.0640e-11  1020.7431    24.6843    20.7093     7.3794    225.927    6.95173  212.83453    106.151 -9.990e-29
   39.81218  -72.49558      7.881      7.821    24.6834    31.3898 -9.990e-29     0.5520 5.0640e-11  1020.7446    24.6817    20.7101     7.3800    225.946    6.95195  212.84062    106.157 -9.990e-29
   39.81218  -72.49558      7.884      7.824    24.6829    31.3898 -9.990e-29     0.5520 5.0640e-11  1020.7436    24.6812    20.7103     7.3753    225.803    6.95182  212.83648    106.092 -9.990e-29
   39.81218  -72.49558      7.872      7.812    24.6836    31.3898 -9.990e-29     0.5654 5.0640e-11  1020.7444    24.6819    20.7100     7.3794    225.928    6.95138  212.82329    106.157 -9.990e-29
   39.81218  -72.49558      7.872      7.812    24.6868    31.3895 -9.990e-29     0.5654 5.0640e-11  1020.7430    24.6852    20.7094     7.3791    225.918    6.95118  212.81751    106.156 -9.990e-29
   39.81218  -72.49558      7.882      7.821    24.6883    31.3886 -9.990e-29     0.5654 5.0640e-11  1020.7421    24.6866    20.7082     7.3793    225.926    6.95126  212.82018    106.158 -9.990e-29
   39.81218  -72.49558      7.861      7.801    24.6879    31.3886 -9.990e-29     0.5654 5.0640e-11  1020.7403    24.6862    20.7072     7.3799    225.942    6.95154  212.82832    106.162 -9.990e-29
   39.81218  -72.49558      7.861      7.801    24.6872    31.3886 -9.990e-29     0.5654 5.0640e-11  1020.7394    24.6855    20.7072     7.3804    225.957    6.95201  212.84210    106.162 -9.990e-29
   39.81218  -72.49558      7.861      7.801    24.6857    31.3886 -9.990e-29     0.5654 5.0640e-11  1020.7426    24.6841    20.7087     7.3808    225.968    6.95217  212.84669    106.165 -9.990e-29
   39.81218  -72.49558      7.865      7.805    24.6845    31.3902 -9.990e-29     0.5654 5.0640e-11  1020.7448    24.6828    20.7100     7.3810    225.976    6.95220  212.84799    106.168 -9.990e-29
   39.81218  -72.49558      7.851      7.791    24.6868    31.3902 -9.990e-29     0.5654 5.0640e-11  1020.7436    24.6852    20.7099     7.3811    225.979    6.95232  212.85155    106.167 -9.990e-29
   39.81218  -72.49558      7.861      7.801    24.6888    31.3902 -9.990e-29     0.5654 5.0640e-11  1020.7426    24.6871    20.7093     7.3856    226.116    6.95219  212.84756    106.234 -9.990e-29
   39.81218  -72.49558      7.861      7.801    24.6892    31.3899 -9.990e-29     0.5654 5.0640e-11  1020.7422    24.6875    20.7089     7.3856    226.116    6.95200  212.84179    106.237 -9.990e-29
   39.81220  -72.49562      7.851      7.791    24.6883    31.3899 -9.990e-29     0.5654 5.0640e-11  1020.7426    24.6867    20.7089     7.3855    226.113    6.95176  212.83454    106.239 -9.990e-29
   39.81220  -72.49562      7.861      7.801    24.6884    31.3896 -9.990e-29     0.5654 5.0640e-11  1020.7427    24.6868    20.7087     7.3854    226.112    6.95159  212.82983    106.241 -9.990e-29
   39.81220  -72.49562      7.844      7.784    24.6901    31.3891 -9.990e-29     0.5654 5.0640e-11  1020.7412    24.6884    20.7082     7.3856    226.118    6.95163  212.83088    106.243 -9.990e-29
   39.81220  -72.49562      7.872      7.812    24.6892    31.3891 -9.990e-29     0.5654 5.0640e-11  1020.7416    24.6875    20.7078     7.3904    226.265    6.95159  212.82990    106.313 -9.990e-29
   39.81220  -72.49562      7.851      7.791    24.6879    31.3891 -9.990e-29     0.5654 5.0640e-11  1020.7404    24.6862    20.7078     7.3859    226.126    6.95160  212.83017    106.247 -9.990e-29
   39.81220  -72.49562      7.851      7.791    24.6874    31.3892 -9.990e-29     0.5654 5.0640e-11  1020.7424    24.6857    20.7087     7.3903    226.262    6.95153  212.82798    106.312 -9.990e-29
   39.81220  -72.49562      7.861      7.801    24.6872    31.3900 -9.990e-29     0.5654 5.0640e-11  1020.7437    24.6855    20.7096     7.3905    226.268    6.95143  212.82492    106.317 -9.990e-29
   39.81220  -72.49562      7.861      7.801    24.6881    31.3900 -9.990e-29     0.5654 5.0640e-11  1020.7439    24.6864    20.7096     7.3907    226.274    6.95132  212.82170    106.321 -9.990e-29
