CalculateIndicators/WaterTemperature/Data/CTD_NYOS/202200726_C01.cnv
* Sea-Bird SBE 9 Data File:
* FileName = C:\Seabird 9 CTD\Data\2022\202207_offshore\202200726_C01.hex
* Software Version Seasave V 7.23.2
* Temperature SN = 4590
* Conductivity SN = 3228
* Number of Bytes Per Scan = 44
* Number of Voltage Words = 5
* Number of Scans Averaged by the Deck Unit = 1
* NMEA Latitude = 40 57.59 N
* NMEA Longitude = 073 34.81 W
* NMEA UTC (Time) = Dec 10 2002  14:00:53
* NMEA baud rate = 4800
** Ship: seawolf
** Station: LIS_ARIG
** Operator: TDK
# nquan = 18
# nvalues = 11404                       
# units = specified
# name 0 = latitude: Latitude [deg]
# name 1 = longitude: Longitude [deg]
# name 2 = prDM: Pressure, Digiquartz [db]
# name 3 = depSM: Depth [salt water, m]
# name 4 = t090C: Temperature [ITS-90, deg C]
# name 5 = sal00: Salinity, Practical [PSU]
# name 6 = ph: pH
# name 7 = flECO-AFL: Fluorescence, WET Labs ECO-AFL/FL [mg/m^3]
# name 8 = cpar: CPAR/Corrected Irradiance [%]
# name 9 = density00: Density [density, kg/m^3]
# name 10 = potemp090C: Potential Temperature [ITS-90, deg C]
# name 11 = sigma-é00: Density [sigma-theta, kg/m^3]
# name 12 = sbeox0Mg/L: Oxygen, SBE 43 [mg/l]
# name 13 = sbox0Mm/Kg: Oxygen, SBE 43 [umol/kg]
# name 14 = oxsolMg/L: Oxygen Saturation, Garcia & Gordon [mg/l]
# name 15 = oxsolMm/Kg: Oxygen Saturation, Garcia & Gordon [umol/kg]
# name 16 = sbeox0PS: Oxygen, SBE 43 [% saturation]
# name 17 = flag:  0.000e+00
# span 0 =   40.95994,   40.95998       
# span 1 =  -73.58024,  -73.58004       
# span 2 =      1.528,     13.324       
# span 3 =      1.516,     13.220       
# span 4 =    19.0104,    22.9983       
# span 5 =    26.9958,    28.1797       
# span 6 =      7.563,      7.884       
# span 7 =     0.2834,     3.1711       
# span 8 = 4.6491e-02, 2.2275e+01       
# span 9 =  1017.8948,  1019.8712       
# span 10 =    19.0081,    22.9979      
# span 11 =    17.8880,    19.8128      
# span 12 =     3.3208,     6.6965      
# span 13 =    101.804,    205.463      
# span 14 =    7.34086,    7.84436      
# span 15 =  225.37338,  240.37747      
# span 16 =     42.892,     90.267      
# span 17 = 0.0000e+00, 0.0000e+00      
# interval = seconds: 0.0416667
# start_time = Jul 26 2022 14:00:51 [System UTC, first data scan.]
# bad_flag = -9.990e-29
*END*
[from data line 10292]
   40.95994 -9.990e-29      3.190      3.165    22.0728    27.2579 -9.990e-29     2.5532 7.7623e+00  1018.3411    22.0722    18.3272     5.6890    174.589    7.44589  228.50709     76.404 -9.990e-29
   40.95994 -9.990e-29      3.190      3.165    22.0747    27.2579 -9.990e-29     2.6338 7.7405e+00  1018.3398    22.0741    18.3267     5.6933    174.724    7.44477  228.47418     76.474 -9.990e-29
   40.95994 -9.990e-29      3.190      3.165    22.0742    27.2579 -9.990e-29     2.6607 7.7187e+00  1018.3404    22.0736    18.3274     5.6926    174.703    7.44343  228.43482     76.478 -9.990e-29
   40.95994 -9.990e-29      3.199      3.174    22.0708    27.2597 -9.990e-29     2.6607 7.7100e+00  1018.3434    22.0702    18.3292     5.6924    174.697    7.44235  228.40322     76.486 -9.990e-29
   40.95994 -9.990e-29      3.190      3.165    22.0692    27.2613 -9.990e-29     2.6473 7.6884e+00  1018.3453    22.0686    18.3308     5.6926    174.703    7.44224  228.40004     76.490 -9.990e-29
   40.95994 -9.990e-29      3.199      3.174    22.0697    27.2618 -9.990e-29     2.6473 7.6668e+00  1018.3457    22.0691    18.3313     5.6932    174.723    7.44279  228.41598     76.493 -9.990e-29
   40.95994 -9.990e-29      3.190      3.165    22.0714    27.2618 -9.990e-29     2.6473 7.6452e+00  1018.3448    22.0708    18.3310     5.6939    174.744    7.44311  228.42494     76.499 -9.990e-29
   40.95994 -9.990e-29      3.199      3.174    22.0724    27.2620 -9.990e-29     2.6473 7.6452e+00  1018.3443    22.0718    18.3306     5.6990    174.900    7.44307  228.42373     76.568 -9.990e-29
   40.95994  -73.58006      3.199      3.174    22.0733    27.2620 -9.990e-29     2.6473 7.6238e+00  1018.3440    22.0727    18.3303     5.6991    174.902    7.44289  228.41851     76.571 -9.990e-29
   40.95994  -73.58006      3.199      3.174    22.0739    27.2620 -9.990e-29     2.6473 7.6023e+00  1018.3440    22.0733    18.3304     5.7044    175.065    7.44264  228.41085     76.645 -9.990e-29
   40.95994  -73.58006      3.199      3.174    22.0736    27.2628 -9.990e-29     2.6607 7.6023e+00  1018.3444    22.0730    18.3313     5.6997    174.921    7.44230  228.40050     76.585 -9.990e-29
   40.95994  -73.58006      3.190      3.165    22.0699    27.2636 -9.990e-29     2.6473 7.5810e+00  1018.3472    22.0693    18.3329     5.7049    175.080    7.44213  228.39550     76.657 -9.990e-29
   40.95994  -73.58006      3.199      3.174    22.0675    27.2636 -9.990e-29     2.6607 7.5682e+00  1018.3492    22.0668    18.3338     5.7055    175.097    7.44225  228.39885     76.663 -9.990e-29
   40.95994  -73.58006      3.199      3.174    22.0692    27.2636 -9.990e-29     2.6473 7.5682e+00  1018.3484    22.0686    18.3318     5.7061    175.115    7.44252  228.40644     76.668 -9.990e-29
   40.95994  -73.58006      3.199      3.174    22.0793    27.2584 -9.990e-29     2.6473 7.5682e+00  1018.3412    22.0787    18.3255     5.7064    175.126    7.44264  228.40980     76.672 -9.990e-29
   40.95994  -73.58006      3.199      3.174    22.0956    27.2512 -9.990e-29     2.6473 7.5469e+00  1018.3293    22.0950    18.3168     5.7069    175.141    7.44264  228.41009     76.678 -9.990e-29
   40.95994  -73.58006      3.199      3.174    22.1057    27.2448 -9.990e-29     2.6473 7.5469e+00  1018.3218    22.1051    18.3093     5.7072    175.152    7.44261  228.40924     76.683 -9.990e-29
   40.95994  -73.58006      3.190      3.165    22.1127    27.2410 -9.990e-29     2.6473 7.5257e+00  1018.3166    22.1120    18.3043     5.7078    175.170    7.44295  228.41943     76.688 -9.990e-29
   40.95994  -73.58006      3.199      3.174    22.1162    27.2410 -9.990e-29     2.6473 7.5342e+00  1018.3140    22.1156    18.3025     5.7136    175.345    7.44347  228.43476     76.759 -9.990e-29
   40.95994  -73.58006      3.199      3.174    22.1130    27.2410 -9.990e-29     2.6607 7.5131e+00  1018.3169    22.1124    18.3043     5.7142    175.363    7.44403  228.45154     76.762 -9.990e-29
   40.95994  -73.58006      3.190      3.165    22.1056    27.2443 -9.990e-29     2.6473 7.5131e+00  1018.3228    22.1049    18.3081     5.7151    175.390    7.44474  228.47274     76.766 -9.990e-29
   40.95994  -73.58006      3.199      3.174    22.1020    27.2473 -9.990e-29     2.6473 7.4920e+00  1018.3259    22.1014    18.3114     5.7162    175.423    7.44579  228.50336     76.770 -9.990e-29
   40.95994  -73.58006      3.199      3.174    22.1006    27.2498 -9.990e-29     2.6473 7.5004e+00  1018.3272    22.1000    18.3142     5.7170    175.447    7.44698  228.53821     76.769 -9.990e-29
   40.95994  -73.58006      3.190      3.165    22.0960    27.2529 -9.990e-29     2.6473 7.5004e+00  1018.3314    22.0954    18.3175     5.7230    175.630    7.44804  228.56948     76.839 -9.990e-29
   40.95994  -73.58006      3.190      3.165    22.0905    27.2532 -9.990e-29     2.6473 7.4794e+00  1018.3360    22.0899    18.3203     5.7238    175.655    7.44884  228.59267     76.842 -9.990e-29
   40.95994  -73.58006      3.199      3.174    22.0906    27.2532 -9.990e-29     2.6070 7.4878e+00  1018.3362    22.0900    18.3203     5.7247    175.682    7.44943  228.60989     76.848 -9.990e-29
   40.95994  -73.58006      3.190      3.165    22.0976    27.2532 -9.990e-29     2.5935 7.4668e+00  1018.3311    22.0970    18.3174     5.7250    175.691    7.44982  228.62108     76.848 -9.990e-29
   40.95994  -73.58006      3.190      3.165    22.1029    27.2507 -9.990e-29     2.5935 7.4752e+00  1018.3267    22.1023    18.3146     5.7255    175.703    7.45012  228.62977     76.851 -9.990e-29
   40.95994  -73.58006      3.190      3.165    22.1013    27.2498 -9.990e-29     2.5935 7.4542e+00  1018.3274    22.1007    18.3138     5.7254    175.702    7.45037  228.63708     76.847 -9.990e-29
   40.95994  -73.58006      3.190      3.165    22.0988    27.2494 -9.990e-29     2.5935 7.4542e+00  1018.3284    22.0982    18.3138     5.7255    175.704    7.45051  228.64134     76.847 -9.990e-29
   40.95994  -73.58006      3.190      3.165    22.0992    27.2484 -9.990e-29     2.5935 7.4627e+00  1018.3270    22.0986    18.3131     5.7306    175.860    7.45068  228.64636     76.913 -9.990e-29
   40.95994  -73.58006      3.180      3.155    22.0997    27.2470 -9.990e-29     2.5935 7.4627e+00  1018.3258    22.0991    18.3119     5.7256    175.707    7.45078  228.64911     76.846 -9.990e-29
   40.95994  -73.58006      3.190      3.165    22.1013    27.2459 -9.990e-29     2.5935 7.4712e+00  1018.3242    22.1007    18.3108     5.7304    175.856    7.45092  228.65322     76.909 -9.990e-29
   40.95994  -73.58006      3.180      3.155    22.1015    27.2455 -9.990e-29     2.5935 7.4922e+00  1018.3239    22.1009    18.3104     5.7252    175.695    7.45096  228.65431     76.839 -9.990e-29
   40.95994  -73.58006      3.180      3.155    22.1007    27.2455 -9.990e-29     2.5935 7.4922e+00  1018.3246    22.1001    18.3103     5.7297    175.834    7.45098  228.65483     76.899 -9.990e-29
   40.95994  -73.58006      3.190      3.165    22.1022    27.2455 -9.990e-29     2.5935 7.5007e+00  1018.3236    22.1016    18.3102     5.7292    175.819    7.45083  228.65064     76.894 -9.990e-29
   40.95994  -73.58006      3.180      3.155    22.1025    27.2458 -9.990e-29     2.5935 7.5431e+00  1018.3236    22.1019    18.3107     5.7282    175.788    7.45026  228.63404     76.886 -9.990e-29
   40.95994  -73.58006      3.180      3.155    22.1000    27.2474 -9.990e-29     2.5935 7.5431e+00  1018.3257    22.0994    18.3124     5.7318    175.899    7.44923  228.60393     76.945 -9.990e-29
   40.95994  -73.58006      3.180      3.155    22.0958    27.2495 -9.990e-29     2.5935 7.5431e+00  1018.3291    22.0952    18.3148     5.7304    175.858    7.44777  228.56124     76.941 -9.990e-29
   40.95994  -73.58006      3.180      3.155    22.0933    27.2503 -9.990e-29     2.5935 7.5729e+00  1018.3311    22.0927    18.3164     5.7288    175.810    7.44616  228.51440     76.936 -9.990e-29
   40.95994  -73.58006      3.180      3.155    22.0940    27.2503 -9.990e-29     2.5935 7.6156e+00  1018.3312    22.0934    18.3165     5.7274    175.768    7.44459  228.46855     76.933 -9.990e-29
   40.95994  -73.58006      3.169      3.144    22.0977    27.2503 -9.990e-29     2.5935 7.6156e+00  1018.3292    22.0971    18.3149     5.7313    175.889    7.44341  228.43391     76.998 -9.990e-29
   40.95994  -73.58006      3.169      3.144    22.1022    27.2482 -9.990e-29     2.5935 7.6156e+00  1018.3263    22.1016    18.3121     5.7307    175.873    7.44272  228.41379     76.998 -9.990e-29
   40.95994  -73.58006      3.180      3.155    22.1075    27.2456 -9.990e-29     2.5935 7.6371e+00  1018.3223    22.1069    18.3089     5.7306    175.868    7.44259  228.40979     76.997 -9.990e-29
   40.95994  -73.58006      3.169      3.144    22.1119    27.2433 -9.990e-29     2.5935 7.6458e+00  1018.3195    22.1113    18.3060     5.7358    176.029    7.44300  228.42162     77.063 -9.990e-29
   40.95994  -73.58006      3.180      3.155    22.1153    27.2414 -9.990e-29     2.5935 7.6673e+00  1018.3175    22.1147    18.3034     5.7367    176.055    7.44363  228.43987     77.068 -9.990e-29
   40.95994  -73.58006      3.159      3.135    22.1203    27.2393 -9.990e-29     2.5935 7.6889e+00  1018.3145    22.1196    18.3005     5.7373    176.073    7.44449  228.46515     77.068 -9.990e-29
   40.95996  -73.58008      3.180      3.155    22.1254    27.2367 -9.990e-29     2.5935 7.6889e+00  1018.3114    22.1248    18.2970     5.7381    176.098    7.44536  228.49053     77.070 -9.990e-29
   40.95996  -73.58008      3.169      3.144    22.1323    27.2334 -9.990e-29     2.5935 7.6889e+00  1018.3070    22.1317    18.2926     5.7388    176.117    7.44616  228.51364     77.071 -9.990e-29
   40.95996  -73.58008      3.169      3.144    22.1419    27.2290 -9.990e-29     2.5264 7.6889e+00  1018.3014    22.1413    18.2867     5.7443    176.284    7.44678  228.53168     77.138 -9.990e-29
   40.95996  -73.58008      3.159      3.135    22.1542    27.2236 -9.990e-29     2.4592 7.6889e+00  1018.2928    22.1536    18.2800     5.7450    176.306    7.44724  228.54475     77.143 -9.990e-29
   40.95996  -73.58008      3.180      3.155    22.1641    27.2209 -9.990e-29     2.4592 7.6889e+00  1018.2858    22.1635    18.2749     5.7506    176.478    7.44762  228.55594     77.215 -9.990e-29
   40.95996  -73.58008      3.159      3.135    22.1648    27.2209 -9.990e-29     2.4458 7.6889e+00  1018.2857    22.1642    18.2739     5.7513    176.499    7.44796  228.56570     77.220 -9.990e-29
   40.95996  -73.58008      3.169      3.144    22.1595    27.2209 -9.990e-29     2.4592 7.6889e+00  1018.2901    22.1589    18.2760     5.7518    176.514    7.44821  228.57323     77.224 -9.990e-29
   40.95996  -73.58008      3.169      3.144    22.1563    27.2230 -9.990e-29     2.4592 7.6586e+00  1018.2930    22.1557    18.2782     5.7573    176.682    7.44848  228.58122     77.295 -9.990e-29
   40.95996  -73.58008      3.169      3.144    22.1565    27.2236 -9.990e-29     2.4592 7.6371e+00  1018.2931    22.1559    18.2788     5.7578    176.697    7.44869  228.58709     77.299 -9.990e-29
   40.95996  -73.58008      3.169      3.144    22.1580    27.2236 -9.990e-29     2.4592 7.6371e+00  1018.2922    22.1574    18.2785     5.7584    176.714    7.44881  228.59057     77.306 -9.990e-29
   40.95996  -73.58008      3.169      3.144    22.1599    27.2237 -9.990e-29     2.4592 7.6371e+00  1018.2918    22.1593    18.2780     5.7588    176.727    7.44885  228.59156     77.311 -9.990e-29
   40.95996  -73.58008      3.159      3.135    22.1625    27.2237 -9.990e-29     2.4592 7.6156e+00  1018.2908    22.1619    18.2776     5.7643    176.895    7.44870  228.58716     77.386 -9.990e-29
   40.95996  -73.58008      3.169      3.144    22.1636    27.2242 -9.990e-29     2.4592 7.5856e+00  1018.2909    22.1630    18.2779     5.7593    176.743    7.44833  228.57651     77.323 -9.990e-29
   40.95996  -73.58008      3.169      3.144    22.1621    27.2256 -9.990e-29     2.4592 7.5856e+00  1018.2925    22.1615    18.2791     5.7640    176.889    7.44761  228.55541     77.394 -9.990e-29
   40.95996  -73.58008      3.180      3.155    22.1595    27.2271 -9.990e-29     2.4592 7.5856e+00  1018.2949    22.1589    18.2806     5.7636    176.876    7.44652  228.52370     77.399 -9.990e-29
   40.95996  -73.58008      3.159      3.135    22.1583    27.2276 -9.990e-29     2.4592 7.5643e+00  1018.2960    22.1577    18.2815     5.7630    176.859    7.44546  228.49289     77.403 -9.990e-29
   40.95996  -73.58008      3.180      3.155    22.1586    27.2277 -9.990e-29     2.4592 7.5557e+00  1018.2951    22.1580    18.2815     5.7676    177.002    7.44469  228.47032     77.473 -9.990e-29
   40.95996  -73.58008      3.169      3.144    22.1589    27.2278 -9.990e-29     2.4592 7.5770e+00  1018.2947    22.1583    18.2817     5.7674    176.995    7.44398  228.44936     77.477 -9.990e-29
   40.95996  -73.58008      3.169      3.144    22.1561    27.2282 -9.990e-29     2.4592 7.5897e+00  1018.2961    22.1555    18.2828     5.7675    176.999    7.44382  228.44442     77.480 -9.990e-29
   40.95996  -73.58008      3.169      3.144    22.1518    27.2294 -9.990e-29     2.4592 7.5811e+00  1018.2983    22.1512    18.2848     5.7673    176.995    7.44351  228.43546     77.481 -9.990e-29
   40.95996  -73.58008      3.180      3.155    22.1472    27.2311 -9.990e-29     2.4592 7.6025e+00  1018.3006    22.1466    18.2874     5.7671    176.987    7.44288  228.41679     77.484 -9.990e-29
   40.95996  -73.58008      3.169      3.144    22.1412    27.2338 -9.990e-29     2.4592 7.6367e+00  1018.3038    22.1406    18.2913     5.7672    176.991    7.44283  228.41542     77.486 -9.990e-29
   40.95996  -73.58008      3.169      3.144    22.1320    27.2381 -9.990e-29     2.4592 7.6367e+00  1018.3098    22.1314    18.2968     5.7675    176.999    7.44312  228.42378     77.487 -9.990e-29
   40.95996  -73.58008      3.180      3.155    22.1212    27.2433 -9.990e-29     2.4592 7.6496e+00  1018.3174    22.1206    18.3033     5.7676    177.004    7.44339  228.43145     77.486 -9.990e-29
   40.95994  -73.58006      3.180      3.155    22.1116    27.2483 -9.990e-29     2.4592 7.6625e+00  1018.3238    22.1110    18.3095     5.7677    177.004    7.44367  228.43973     77.484 -9.990e-29
   40.95994  -73.58006      3.180      3.155    22.1043    27.2526 -9.990e-29     2.4592 7.6625e+00  1018.3290    22.1037    18.3148     5.7728    177.163    7.44382  228.44405     77.552 -9.990e-29
   40.95994  -73.58006      3.169      3.144    22.0986    27.2563 -9.990e-29     2.4861 7.6539e+00  1018.3334    22.0980    18.3191     5.7680    177.014    7.44390  228.44625     77.486 -9.990e-29
   40.95994  -73.58006      3.180      3.155    22.0949    27.2591 -9.990e-29     2.5532 7.6452e+00  1018.3365    22.0943    18.3223     5.7728    177.161    7.44388  228.44536     77.551 -9.990e-29
   40.95994  -73.58006      3.180      3.155    22.0921    27.2610 -9.990e-29     2.5801 7.6366e+00  1018.3387    22.0915    18.3246     5.7727    177.158    7.44387  228.44467     77.550 -9.990e-29
   40.95994  -73.58006      3.180      3.155    22.0899    27.2623 -9.990e-29     2.5667 7.6366e+00  1018.3402    22.0893    18.3262     5.7725    177.151    7.44385  228.44421     77.547 -9.990e-29
   40.95994  -73.58006      3.180      3.155    22.0885    27.2633 -9.990e-29     2.5667 7.6281e+00  1018.3411    22.0879    18.3274     5.7720    177.136    7.44365  228.43822     77.542 -9.990e-29
   40.95994  -73.58006      3.180      3.155    22.0869    27.2642 -9.990e-29     2.5667 7.6066e+00  1018.3423    22.0863    18.3283     5.7711    177.111    7.44326  228.42662     77.535 -9.990e-29
