CalculateIndicators/WaterTemperature/Data/CTD_NYOS/202200730_C28.cnv
* Sea-Bird SBE 9 Data File:
* FileName = C:\Seabird 9 CTD\Data\2022\202207_offshore\202200730_C28.hex
* Software Version Seasave V 7.23.2
* Temperature SN = 4590
* Conductivity SN = 3228
* Number of Bytes Per Scan = 44
* Number of Voltage Words = 5
* Number of Scans Averaged by the Deck Unit = 1
* NMEA Latitude = 40 41.78 N
* NMEA Longitude = 071 47.40 W
* NMEA UTC (Time) = Dec 14 2002  15:00:19
* NMEA baud rate = 4800
** Ship: seawolf
** Station: 1.2
** Operator: TCM
# nquan = 18
# nvalues = 13274                       
# units = specified
# name 0 = latitude: Latitude [deg]
# name 1 = longitude: Longitude [deg]
# name 2 = prDM: Pressure, Digiquartz [db]
# name 3 = depSM: Depth [salt water, m]
# name 4 = t090C: Temperature [ITS-90, deg C]
# name 5 = sal00: Salinity, Practical [PSU]
# name 6 = ph: pH
# name 7 = flECO-AFL: Fluorescence, WET Labs ECO-AFL/FL [mg/m^3]
# name 8 = cpar: CPAR/Corrected Irradiance [%]
# name 9 = density00: Density [density, kg/m^3]
# name 10 = potemp090C: Potential Temperature [ITS-90, deg C]
# name 11 = sigma-é00: Density [sigma-theta, kg/m^3]
# name 12 = sbeox0Mg/L: Oxygen, SBE 43 [mg/l]
# name 13 = sbox0Mm/Kg: Oxygen, SBE 43 [umol/kg]
# name 14 = oxsolMg/L: Oxygen Saturation, Garcia & Gordon [mg/l]
# name 15 = oxsolMm/Kg: Oxygen Saturation, Garcia & Gordon [umol/kg]
# name 16 = sbeox0PS: Oxygen, SBE 43 [% saturation]
# name 17 = flag:  0.000e+00
# span 0 =   40.69574,   40.69638       
# span 1 =  -71.79006,  -71.78978       
# span 2 =      1.897,     50.477       
# span 3 =      1.883,     50.081       
# span 4 =    10.1552,    23.5791       
# span 5 =    32.1723,    34.6662       
# span 6 =      7.928,      8.302       
# span 7 =    -0.0255,     1.4385       
# span 8 = 3.9426e-02, 9.4320e+01       
# span 9 =  1021.6403,  1026.1437       
# span 10 =    10.1495,    23.5786      
# span 11 =    21.6276,    25.9168      
# span 12 =     5.8863,     9.9204      
# span 13 =    179.305,    302.522      
# span 14 =    7.05196,    9.06927      
# span 15 =  215.71024,  276.26034      
# span 16 =     65.006,    129.189      
# span 17 = 0.0000e+00, 0.0000e+00      
# interval = seconds: 0.0416667
# start_time = Jul 30 2022 15:00:16 [System UTC, first data scan.]
# bad_flag = -9.990e-29
*END*
[from data line 2654]
   40.69628  -71.79000     32.655     32.400    11.1513    33.4137      8.010     0.0685 3.1783e-01  1025.6599    11.1473    25.5136     7.1132    216.757    8.91708  271.72665     79.770 -9.990e-29
   40.69628  -71.79000     32.674     32.419    11.1490    33.4136      8.010     0.0685 3.1693e-01  1025.6613    11.1450    25.5142     7.1131    216.755    8.91762  271.74328     79.765 -9.990e-29
   40.69628  -71.79000     32.674     32.419    11.1482    33.4133      8.010     0.0685 3.1662e-01  1025.6615    11.1442    25.5146     7.1077    216.590    8.91847  271.76933     79.696 -9.990e-29
   40.69628  -71.79000     32.685     32.430    11.1463    33.4133      8.010     0.0685 3.1572e-01  1025.6613    11.1424    25.5147     7.1142    216.788    8.91936  271.79634     79.761 0.0000e+00
   40.69628  -71.79000     32.716     32.460    11.1437    33.4133      8.010     0.0685 3.1482e-01  1025.6614    11.1397    25.5147     7.1086    216.618    8.92032  271.82564     79.690 0.0000e+00
   40.69624  -71.79002     32.725     32.470    11.1425    33.4133      8.010     0.0551 3.1451e-01  1025.6618    11.1385    25.5149     7.1091    216.632    8.92124  271.85343     79.687 -9.990e-29
   40.69624  -71.79002     32.716     32.460    11.1413    33.4135      8.010     0.0685 3.1451e-01  1025.6623    11.1374    25.5156     7.1098    216.655    8.92226  271.88432     79.686 -9.990e-29
   40.69624  -71.79002     32.736     32.481    11.1404    33.4140      8.010     0.0551 3.1330e-01  1025.6636    11.1364    25.5163     7.1107    216.682    8.92325  271.91445     79.688 0.0000e+00
   40.69624  -71.79002     32.747     32.492    11.1402    33.4140      8.010     0.0551 3.1361e-01  1025.6641    11.1362    25.5167     7.1110    216.689    8.92394  271.93519     79.684 0.0000e+00
   40.69624  -71.79002     32.756     32.500    11.1400    33.4140      8.010     0.0685 3.1241e-01  1025.6639    11.1361    25.5164     7.1054    216.519    8.92446  271.95074     79.617 0.0000e+00
   40.69624  -71.79002     32.767     32.511    11.1388    33.4127      8.010     0.0551 3.1152e-01  1025.6624    11.1349    25.5156     7.1056    216.524    8.92532  271.97729     79.611 0.0000e+00
   40.69624  -71.79002     32.787     32.531    11.1355    33.4115      8.010     0.0551 3.1152e-01  1025.6621    11.1316    25.5152     7.1063    216.548    8.92665  272.01775     79.608 -9.990e-29
   40.69624  -71.79002     32.787     32.531    11.1318    33.4108      8.010     0.0685 3.1183e-01  1025.6624    11.1279    25.5152     7.1077    216.589    8.92764  272.04745     79.614 -9.990e-29
   40.69624  -71.79002     32.798     32.542    11.1294    33.4099      8.010     0.0551 3.1183e-01  1025.6626    11.1254    25.5150     7.1023    216.425    8.92810  272.06085     79.550 0.0000e+00
   40.69624  -71.79002     32.818     32.561    11.1268    33.4088      8.010     0.0685 3.1064e-01  1025.6616    11.1229    25.5147     7.1024    216.426    8.92848  272.07209     79.547 -9.990e-29
   40.69624  -71.79002     32.807     32.550    11.1221    33.4088      8.010     0.0551 3.1152e-01  1025.6619    11.1182    25.5148     7.1086    216.618    8.92907  272.09026     79.612 -9.990e-29
   40.69624  -71.79002     32.838     32.582    11.1185    33.4088      8.010     0.0551 3.1064e-01  1025.6630    11.1145    25.5156     7.1033    216.454    8.93027  272.12729     79.542 0.0000e+00
   40.69624  -71.79002     32.849     32.593    11.1165    33.4095      8.010     0.0685 3.1064e-01  1025.6641    11.1125    25.5168     7.0977    216.284    8.93168  272.17021     79.466 -9.990e-29
   40.69624  -71.79002     32.848     32.592    11.1162    33.4110      8.010     0.0685 3.1064e-01  1025.6660    11.1122    25.5181     7.1046    216.493    8.93295  272.20832     79.532 -9.990e-29
   40.69624  -71.79002     32.869     32.612    11.1170    33.4114      8.010     0.0685 3.0976e-01  1025.6671    11.1130    25.5189     7.0991    216.327    8.93400  272.24043     79.462 0.0000e+00
   40.69624  -71.79002     32.878     32.622    11.1177    33.4114      8.010     0.0685 3.0976e-01  1025.6667    11.1137    25.5188     7.0933    216.148    8.93505  272.27193     79.387 -9.990e-29
   40.69624  -71.79002     32.878     32.622    11.1175    33.4114      8.010     0.0685 3.0976e-01  1025.6658    11.1135    25.5184     7.1000    216.354    8.93606  272.30255     79.453 -9.990e-29
   40.69624  -71.79002     32.900     32.643    11.1167    33.4109      8.010     0.0551 3.0976e-01  1025.6658    11.1127    25.5181     7.1008    216.379    8.93677  272.32399     79.457 0.0000e+00
   40.69624  -71.79002     32.908     32.652    11.1154    33.4105      8.010     0.0685 3.0887e-01  1025.6658    11.1114    25.5180     7.0946    216.188    8.93726  272.33845     79.382 0.0000e+00
   40.69624  -71.79002     32.920     32.663    11.1132    33.4099      8.010     0.0551 3.0857e-01  1025.6659    11.1092    25.5179     7.0942    216.178    8.93755  272.34723     79.376 0.0000e+00
   40.69624  -71.79002     32.929     32.672    11.1115    33.4092      8.010     0.0551 3.0857e-01  1025.6656    11.1075    25.5177     7.0875    215.973    8.93771  272.35181     79.299 0.0000e+00
   40.69624  -71.79002     32.939     32.682    11.1094    33.4080      8.010     0.0685 3.0800e-01  1025.6654    11.1054    25.5172     7.0934    216.150    8.93775  272.35308     79.364 0.0000e+00
   40.69624  -71.79002     32.961     32.704    11.1055    33.4065      8.010     0.0551 3.0800e-01  1025.6641    11.1015    25.5166     7.0929    216.137    8.93784  272.35574     79.358 0.0000e+00
   40.69624  -71.79002     32.971     32.713    11.1008    33.4061      8.010     0.0685 3.0800e-01  1025.6644    11.0969    25.5168     7.0862    215.933    8.93795  272.35919     79.282 -9.990e-29
   40.69628  -71.79000     32.971     32.713    11.0976    33.4059      8.010     0.0551 3.0800e-01  1025.6662    11.0937    25.5176     7.0864    215.939    8.93824  272.36798     79.282 -9.990e-29
   40.69628  -71.79000     32.990     32.732    11.0957    33.4058      8.010     0.0685 3.0712e-01  1025.6667    11.0917    25.5180     7.0870    215.958    8.93869  272.38173     79.285 0.0000e+00
   40.69628  -71.79000     33.001     32.743    11.0927    33.4048      8.010     0.0551 3.0742e-01  1025.6656    11.0887    25.5177     7.0873    215.965    8.93917  272.39642     79.283 -9.990e-29
   40.69628  -71.79000     33.002     32.745    11.0882    33.4038      8.010     0.0551 3.0712e-01  1025.6654    11.0842    25.5176     7.0878    215.980    8.93963  272.41046     79.285 -9.990e-29
   40.69628  -71.79000     33.031     32.773    11.0835    33.4034      8.010     0.0685 3.0655e-01  1025.6667    11.0795    25.5181     7.0884    216.001    8.94010  272.42470     79.288 -9.990e-29
   40.69628  -71.79000     33.031     32.773    11.0797    33.4032      8.010     0.0685 3.0655e-01  1025.6671    11.0757    25.5186     7.0830    215.834    8.94069  272.44279     79.222 -9.990e-29
   40.69628  -71.79000     33.052     32.794    11.0756    33.4030      8.010     0.0685 3.0655e-01  1025.6674    11.0716    25.5192     7.0830    215.834    8.94125  272.45974     79.217 -9.990e-29
   40.69628  -71.79000     33.052     32.794    11.0722    33.4030      8.010     0.0551 3.0655e-01  1025.6685    11.0682    25.5198     7.0832    215.841    8.94180  272.47632     79.215 -9.990e-29
   40.69628  -71.79000     33.061     32.803    11.0704    33.4027      8.010     0.0685 3.0625e-01  1025.6688    11.0664    25.5200     7.0770    215.653    8.94220  272.48850     79.142 0.0000e+00
   40.69628  -71.79000     33.084     32.825    11.0666    33.4019      8.010     0.0551 3.0625e-01  1025.6684    11.0626    25.5200     7.0836    215.851    8.94264  272.50176     79.211 0.0000e+00
   40.69628  -71.79000     33.092     32.834    11.0619    33.4011      8.010     0.0685 3.0567e-01  1025.6689    11.0579    25.5202     7.0779    215.679    8.94307  272.51454     79.144 -9.990e-29
   40.69628  -71.79000     33.092     32.834    11.0574    33.4003      8.010     0.0551 3.0567e-01  1025.6691    11.0534    25.5204     7.0783    215.692    8.94343  272.52555     79.146 -9.990e-29
   40.69628  -71.79000     33.112     32.854    11.0521    33.4003      8.010     0.0551 3.0567e-01  1025.6691    11.0481    25.5210     7.0783    215.690    8.94370  272.53362     79.143 0.0000e+00
   40.69628  -71.79000     33.122     32.864    11.0463    33.4001      8.010     0.0685 3.0537e-01  1025.6709    11.0423    25.5219     7.0784    215.694    8.94391  272.53988     79.142 0.0000e+00
   40.69628  -71.79000     33.135     32.876    11.0435    33.4000      8.010     0.0551 3.0537e-01  1025.6722    11.0395    25.5228     7.0788    215.706    8.94413  272.54625     79.145 0.0000e+00
   40.69628  -71.79000     33.143     32.884    11.0414    33.4000      8.010     0.0551 3.0537e-01  1025.6721    11.0374    25.5232     7.0785    215.698    8.94409  272.54436     79.142 0.0000e+00
   40.69628  -71.79000     33.152     32.894    11.0376    33.4001      8.010     0.0685 3.0507e-01  1025.6720    11.0337    25.5234     7.0721    215.499    8.94333  272.52015     79.076 -9.990e-29
   40.69628  -71.79000     33.152     32.894    11.0332    33.4001      8.010     0.0685 3.0507e-01  1025.6729    11.0292    25.5242     7.0710    215.466    8.94177  272.47305     79.078 -9.990e-29
   40.69628  -71.79000     33.184     32.925    11.0312    33.3998      8.010     0.0685 3.0451e-01  1025.6746    11.0272    25.5251     7.0704    215.450    8.94055  272.43689     79.083 0.0000e+00
   40.69628  -71.79000     33.194     32.935    11.0304    33.3998      8.010     0.0685 3.0421e-01  1025.6751    11.0264    25.5256     7.0707    215.460    8.94001  272.42094     79.091 -9.990e-29
   40.69628  -71.79000     33.195     32.936    11.0279    33.3998      8.010     0.0685 3.0421e-01  1025.6746    11.0239    25.5254     7.0642    215.262    8.93959  272.40844     79.022 -9.990e-29
   40.69628  -71.79000     33.214     32.955    11.0239    33.3984      8.010     0.0551 3.0391e-01  1025.6742    11.0199    25.5250     7.0706    215.455    8.93933  272.40093     79.095 -9.990e-29
   40.69628  -71.79000     33.214     32.955    11.0197    33.3973      8.010     0.0551 3.0391e-01  1025.6737    11.0157    25.5249     7.0708    215.462    8.93932  272.40087     79.097 -9.990e-29
   40.69628  -71.79000     33.235     32.976    11.0147    33.3966      8.010     0.0685 3.0391e-01  1025.6745    11.0107    25.5252     7.0656    215.304    8.93957  272.40871     79.037 0.0000e+00
   40.69624  -71.79002     33.245     32.985    11.0100    33.3963      8.011     0.0551 3.0391e-01  1025.6751    11.0060    25.5257     7.0658    215.311    8.93975  272.41447     79.038 0.0000e+00
   40.69624  -71.79002     33.265     33.006    11.0047    33.3959      8.011     0.0551 3.0361e-01  1025.6759    11.0007    25.5263     7.0600    215.134    8.94017  272.42722     78.969 -9.990e-29
   40.69624  -71.79002     33.267     33.007    10.9998    33.3956      8.011     0.0685 3.0331e-01  1025.6762    10.9958    25.5269     7.0602    215.140    8.94048  272.43650     78.969 -9.990e-29
   40.69624  -71.79002     33.285     33.025    10.9960    33.3956      8.011     0.0685 3.0245e-01  1025.6774    10.9920    25.5276     7.0606    215.153    8.94072  272.44341     78.972 0.0000e+00
   40.69624  -71.79002     33.296     33.036    10.9932    33.3953      8.011     0.0685 3.0245e-01  1025.6783    10.9892    25.5281     7.0677    215.368    8.94083  272.44686     79.050 0.0000e+00
   40.69624  -71.79002     33.305     33.045    10.9893    33.3945      8.011     0.0685 3.0245e-01  1025.6772    10.9853    25.5281     7.0619    215.192    8.94088  272.44822     78.985 0.0000e+00
   40.69624  -71.79002     33.316     33.056    10.9826    33.3945      8.011     0.0551 3.0129e-01  1025.6779    10.9786    25.5287     7.0622    215.201    8.94086  272.44732     78.988 0.0000e+00
   40.69624  -71.79002     33.336     33.076    10.9771    33.3945      8.011     0.0551 3.0100e-01  1025.6798    10.9731    25.5301     7.0626    215.212    8.94070  272.44267     78.994 0.0000e+00
   40.69624  -71.79002     33.347     33.086    10.9741    33.3949      8.011     0.0685 2.9985e-01  1025.6819    10.9701    25.5316     7.0567    215.032    8.94052  272.43668     78.929 0.0000e+00
   40.69624  -71.79002     33.358     33.097    10.9719    33.3949      8.006     0.0685 3.0041e-01  1025.6828    10.9679    25.5323     7.0562    215.017    8.94024  272.42792     78.926 0.0000e+00
   40.69624  -71.79002     33.377     33.117    10.9692    33.3949      8.011     0.0685 2.9926e-01  1025.6823    10.9652    25.5320     7.0558    215.006    8.93985  272.41606     78.926 -9.990e-29
   40.69624  -71.79002     33.377     33.117    10.9638    33.3931      8.006     0.0551 2.9926e-01  1025.6811    10.9598    25.5315     7.0565    215.026    8.93960  272.40858     78.935 -9.990e-29
   40.69624  -71.79002     33.398     33.137    10.9568    33.3917      8.006     0.0685 2.9926e-01  1025.6814    10.9528    25.5316     7.0568    215.037    8.93946  272.40429     78.940 0.0000e+00
   40.69624  -71.79002     33.407     33.147    10.9502    33.3911      8.006     0.0685 2.9812e-01  1025.6826    10.9462    25.5323     7.0569    215.038    8.93944  272.40354     78.941 0.0000e+00
   40.69624  -71.79002     33.428     33.167    10.9449    33.3908      8.011     0.0551 2.9783e-01  1025.6830    10.9409    25.5330     7.0578    215.065    8.93940  272.40241     78.951 0.0000e+00
   40.69624  -71.79002     33.438     33.177    10.9394    33.3908      8.006     0.0685 2.9698e-01  1025.6842    10.9354    25.5339     7.0583    215.081    8.93946  272.40397     78.957 0.0000e+00
   40.69624  -71.79002     33.450     33.189    10.9341    33.3908      8.006     0.0551 2.9585e-01  1025.6851    10.9301    25.5348     7.0518    214.884    8.93942  272.40313     78.884 0.0000e+00
   40.69624  -71.79002     33.468     33.207    10.9303    33.3911      8.006     0.0685 2.9585e-01  1025.6861    10.9263    25.5358     7.0520    214.889    8.93928  272.39928     78.888 -9.990e-29
   40.69624  -71.79002     33.468     33.207    10.9275    33.3918      8.011     0.0551 2.9472e-01  1025.6874    10.9235    25.5368     7.0526    214.909    8.93943  272.40366     78.893 -9.990e-29
   40.69624  -71.79002     33.489     33.227    10.9257    33.3925      8.006     0.0551 2.9388e-01  1025.6883    10.9217    25.5377     7.0529    214.917    8.93963  272.40911     78.895 0.0000e+00
   40.69624  -71.79002     33.500     33.238    10.9247    33.3931      8.006     0.0551 2.9360e-01  1025.6892    10.9207    25.5384     7.0532    214.925    8.93955  272.40669     78.898 0.0000e+00
   40.69624  -71.79002     33.519     33.257    10.9243    33.3933      8.006     0.0685 2.9248e-01  1025.6896    10.9203    25.5388     7.0529    214.917    8.93940  272.40177     78.897 -9.990e-29
   40.69624  -71.79002     33.519     33.257    10.9238    33.3933      8.006     0.0551 2.9219e-01  1025.6898    10.9198    25.5389     7.0536    214.937    8.93936  272.40064     78.905 -9.990e-29
   40.69624  -71.79002     33.541     33.279    10.9234    33.3933      8.006     0.0551 2.9136e-01  1025.6897    10.9193    25.5388     7.0546    214.969    8.93953  272.40581     78.915 0.0000e+00
   40.69628  -71.79000     33.549     33.287    10.9220    33.3927      8.006     0.0551 2.9053e-01  1025.6895    10.9180    25.5386     7.0490    214.797    8.93996  272.41901     78.848 0.0000e+00
   40.69628  -71.79000     33.570     33.308    10.9200    33.3919      8.006     0.0685 2.9053e-01  1025.6891    10.9160    25.5383     7.0495    214.812    8.94046  272.43466     78.849 -9.990e-29
