CalculateIndicators/WaterTemperature/Data/CTD_NYOS/20220201_C01.cnv
* Sea-Bird SBE 9 Data File:
* FileName = C:\Seabird 9 CTD\Data\2022\202202_offshore\20220201_C01.hex
* Software Version Seasave V 7.23.2
* Temperature SN = 4590
* Conductivity SN = 3228
* Number of Bytes Per Scan = 44
* Number of Voltage Words = 5
* Number of Scans Averaged by the Deck Unit = 1
* NMEA Latitude = 40 57.63 N
* NMEA Longitude = 073 34.93 W
* NMEA UTC (Time) = Jun 18 2002  17:33:16
* NMEA baud rate = 4800
** Ship: rv seawolf
** Station: LIS-ARIG
** Operator: EIH
# nquan = 18
# nvalues = 10589                                 
# units = specified
# name 0 = latitude: Latitude [deg]
# name 1 = longitude: Longitude [deg]
# name 2 = prDM: Pressure, Digiquartz [db]
# name 3 = depSM: Depth [salt water, m]
# name 4 = t090C: Temperature [ITS-90, deg C]
# name 5 = sal00: Salinity, Practical [PSU]
# name 6 = ph: pH
# name 7 = flECO-AFL: Fluorescence, WET Labs ECO-AFL/FL [mg/m^3]
# name 8 = cpar: CPAR/Corrected Irradiance [%]
# name 9 = density00: Density [density, kg/m^3]
# name 10 = potemp090C: Potential Temperature [ITS-90, deg C]
# name 11 = sigma-é00: Density [sigma-theta, kg/m^3]
# name 12 = sbeox0Mg/L: Oxygen, SBE 43 [mg/l]
# name 13 = sbox0Mm/Kg: Oxygen, SBE 43 [umol/kg]
# name 14 = oxsolMg/L: Oxygen Saturation, Garcia & Gordon [mg/l]
# name 15 = oxsolMm/Kg: Oxygen Saturation, Garcia & Gordon [umol/kg]
# name 16 = sbeox0PS: Oxygen, SBE 43 [% saturation]
# name 17 = flag:  0.000e+00
# span 0 =   40.96050,   40.96120                 
# span 1 =  -73.58376,  -73.58216                 
# span 2 =      1.420,     14.546                 
# span 3 =      1.409,     14.432                 
# span 4 =     1.5104,     2.3003                 
# span 5 =    26.8155,    27.0733                 
# span 6 =      8.340,      8.508                 
# span 7 =     3.8560,     7.8048                 
# span 8 = 4.5133e-14, 1.2675e+01                 
# span 9 =  1021.4568,  1021.6786                 
# span 10 =     1.5103,     2.2998                
# span 11 =    21.4458,    21.6097                
# span 12 =    13.3973,    19.3075                
# span 13 =    409.816,    590.698                
# span 14 =   11.39816,   11.65177                
# span 15 =  348.66365,  356.47690                
# span 16 =    117.521,    165.711                
# span 17 = 0.0000e+00, 0.0000e+00                
# interval = seconds: 0.0416667
# start_time = Feb 01 2022 17:33:17 [System UTC, first data scan.]
# bad_flag = -9.990e-29
*END*
[from data line 6915]
   40.96098  -73.58324      2.439      2.420     1.5323    26.8226      8.488     5.5484 1.8958e+00  1021.4626     1.5322    21.4509    16.5781    507.193   11.64484  356.26414    142.364  0.000e+00
   40.96098  -73.58324      2.439      2.420     1.5325    26.8222      8.488     5.5484 1.8782e+00  1021.4623     1.5324    21.4506    16.6187    508.436   11.64483  356.26382    142.713  0.000e+00
   40.96098  -73.58324      2.449      2.430     1.5323    26.8220      8.488     5.5484 1.8712e+00  1021.4622     1.5322    21.4504    16.6251    508.631   11.64489  356.26583    142.767  0.000e+00
   40.96098  -73.58324      2.460      2.441     1.5326    26.8220      8.488     5.5618 1.8279e+00  1021.4623     1.5325    21.4505    16.6490    509.364   11.64479  356.26279    142.974  0.000e+00
   40.96098  -73.58324      2.470      2.450     1.5328    26.8218      8.488     5.5484 1.8074e+00  1021.4621     1.5327    21.4503    16.6765    510.203   11.64476  356.26192    143.210  0.000e+00
   40.96098  -73.58324      2.470      2.450     1.5329    26.8219      8.488     5.5618 1.8106e+00  1021.4622     1.5328    21.4503    16.6998    510.918   11.64473  356.26084    143.411  0.000e+00
   40.96098  -73.58324      2.479      2.460     1.5325    26.8221      8.488     5.5484 1.7935e+00  1021.4624     1.5324    21.4505    16.6957    510.790   11.64483  356.26406    143.374  0.000e+00
   40.96098  -73.58324      2.490      2.471     1.5323    26.8224      8.488     5.5484 1.7917e+00  1021.4627     1.5322    21.4508    16.6789    510.278   11.64486  356.26477    143.230  0.000e+00
   40.96098  -73.58324      2.479      2.460     1.5323    26.8220      8.488     5.5484 1.7850e+00  1021.4624     1.5322    21.4505    16.6746    510.146   11.64489  356.26568    143.193  0.000e+00
   40.96098  -73.58324      2.490      2.471     1.5326    26.8216      8.488     5.5484 1.7716e+00  1021.4621     1.5325    21.4501    16.6590    509.668   11.64482  356.26394    143.059  0.000e+00
   40.96098  -73.58324      2.490      2.471     1.5325    26.8217      8.488     5.5618 1.7616e+00  1021.4621     1.5324    21.4502    16.6489    509.360   11.64487  356.26519    142.972  0.000e+00
   40.96098  -73.58324      2.492      2.472     1.5323    26.8222      8.488     5.5484 1.7616e+00  1021.4626     1.5322    21.4506    16.6288    508.744   11.64487  356.26514    142.799  0.000e+00
   40.96098  -73.58324      2.490      2.471     1.5328    26.8216      8.488     5.5484 1.7502e+00  1021.4621     1.5327    21.4501    16.5930    507.651   11.64478  356.26251    142.493  0.000e+00
   40.96098  -73.58324      2.490      2.471     1.5323    26.8216      8.488     5.5484 1.7372e+00  1021.4621     1.5322    21.4502    16.5411    506.063   11.64492  356.26681    142.046  0.000e+00
   40.96098  -73.58324      2.490      2.471     1.5318    26.8219      8.488     5.5484 1.7372e+00  1021.4624     1.5318    21.4504    16.5057    504.977   11.64503  356.27019    141.740  0.000e+00
   40.96098  -73.58324      2.490      2.471     1.5322    26.8217      8.488     5.5484 1.7421e+00  1021.4621     1.5321    21.4502    16.4740    504.010   11.64496  356.26806    141.469  0.000e+00
   40.96100  -73.58326      2.500      2.480     1.5318    26.8215      8.488     5.5081 1.7536e+00  1021.4621     1.5318    21.4501    16.4408    502.994   11.64506  356.27131    141.183  0.000e+00
   40.96100  -73.58326      2.490      2.471     1.5316    26.8216      8.488     5.4678 1.7551e+00  1021.4621     1.5315    21.4502    16.4220    502.418   11.64512  356.27309    141.020  0.000e+00
   40.96100  -73.58326      2.490      2.471     1.5317    26.8219      8.488     5.4678 1.7585e+00  1021.4624     1.5316    21.4504    16.3900    501.437   11.64508  356.27162    140.746  0.000e+00
   40.96100  -73.58326      2.479      2.460     1.5317    26.8219      8.488     5.4678 1.7669e+00  1021.4623     1.5316    21.4504    16.3604    500.534   11.64508  356.27179    140.492  0.000e+00
   40.96100  -73.58326      2.490      2.471     1.5317    26.8220      8.488     5.4678 1.7718e+00  1021.4624     1.5316    21.4505    16.3429    499.997   11.64507  356.27143    140.342  0.000e+00
   40.96100  -73.58326      2.479      2.460     1.5317    26.8219      8.488     5.4678 1.7753e+00  1021.4623     1.5316    21.4504    16.3137    499.106   11.64508  356.27179    140.091  0.000e+00
   40.96100  -73.58326      2.479      2.460     1.5315    26.8221      8.488     5.4678 1.7938e+00  1021.4625     1.5314    21.4506    16.2877    498.308   11.64511  356.27248    139.867  0.000e+00
   40.96100  -73.58326      2.479      2.460     1.5315    26.8220      8.488     5.4678 1.8004e+00  1021.4624     1.5314    21.4505    16.2378    496.783   11.64512  356.27285    139.439  0.000e+00
   40.96100  -73.58326      2.479      2.460     1.5317    26.8218      8.488     5.4678 1.8206e+00  1021.4622     1.5316    21.4503    16.2002    495.632   11.64509  356.27198    139.116  0.000e+00
   40.96100  -73.58326      2.470      2.450     1.5317    26.8220      8.488     5.4678 1.8637e+00  1021.4623     1.5316    21.4505    16.1782    494.959   11.64507  356.27141    138.927  0.000e+00
   40.96100  -73.58326      2.470      2.450     1.5317    26.8217      8.488     5.4678 1.8866e+00  1021.4621     1.5316    21.4502    16.1483    494.043   11.64510  356.27234    138.670  0.000e+00
   40.96100  -73.58326      2.460      2.441     1.5317    26.8217      8.488     5.4678 1.8919e+00  1021.4621     1.5316    21.4503    16.1350    493.639   11.64509  356.27214    138.557  0.000e+00
   40.96100  -73.58326      2.460      2.441     1.5315    26.8217      8.488     5.4678 1.9367e+00  1021.4621     1.5314    21.4503    16.1233    493.279   11.64514  356.27357    138.455  0.000e+00
   40.96100  -73.58326      2.449      2.430     1.5316    26.8213      8.488     5.4678 1.9660e+00  1021.4617     1.5316    21.4500    16.1209    493.207   11.64514  356.27378    138.435  0.000e+00
   40.96100  -73.58326      2.449      2.430     1.5312    26.8218      8.488     5.4678 1.9695e+00  1021.4621     1.5311    21.4504    16.1079    492.809   11.64523  356.27624    138.322  0.000e+00
   40.96100  -73.58326      2.439      2.421     1.5315    26.8219      8.488     5.4678 1.9936e+00  1021.4621     1.5314    21.4504    16.0829    492.043   11.64513  356.27317    138.108  0.000e+00
   40.96100  -73.58326      2.439      2.421     1.5315    26.8220      8.488     5.4678 2.0180e+00  1021.4621     1.5314    21.4505    16.0751    491.804   11.64512  356.27299    138.041  0.000e+00
   40.96100  -73.58326      2.430      2.411     1.5315    26.8222      8.488     5.4678 2.0180e+00  1021.4623     1.5314    21.4506    16.0679    491.584   11.64511  356.27242    137.980  0.000e+00
   40.96100  -73.58326      2.419      2.400     1.5317    26.8221      8.488     5.4678 2.0123e+00  1021.4622     1.5316    21.4506    16.0590    491.313   11.64507  356.27116    137.904  0.000e+00
   40.96100  -73.58326      2.419      2.400     1.5317    26.8219      8.488     5.4678 2.0141e+00  1021.4620     1.5316    21.4504    16.0568    491.246   11.64508  356.27171    137.885  0.000e+00
   40.96100  -73.58326      2.420      2.401     1.5315    26.8218      8.493     5.4678 2.0141e+00  1021.4619     1.5314    21.4503    16.0243    490.252   11.64514  356.27352    137.605  0.000e+00
   40.96100  -73.58326      2.400      2.381     1.5315    26.8219      8.488     5.4678 2.0028e+00  1021.4619     1.5314    21.4504    15.9842    489.023   11.64513  356.27312    137.261  0.000e+00
   40.96100  -73.58326      2.409      2.391     1.5315    26.8220      8.488     5.4678 1.9842e+00  1021.4620     1.5314    21.4505    15.9489    487.945   11.64512  356.27295    136.958  0.000e+00
   40.96100  -73.58326      2.400      2.381     1.5322    26.8216      8.493     5.4678 1.9786e+00  1021.4617     1.5321    21.4502    15.9277    487.295   11.64496  356.26813    136.777  0.000e+00
   40.96098  -73.58326      2.389      2.370     1.5315    26.8220      8.493     5.4543 1.9936e+00  1021.4620     1.5314    21.4505    15.9361    487.552   11.64512  356.27274    136.848  0.000e+00
   40.96098  -73.58326      2.389      2.370     1.5317    26.8221      8.488     5.4409 2.0105e+00  1021.4620     1.5316    21.4505    15.9415    487.718   11.64507  356.27130    136.895  0.000e+00
   40.96098  -73.58326      2.379      2.361     1.5323    26.8216      8.488     5.4409 2.0123e+00  1021.4616     1.5322    21.4502    15.9562    488.167   11.64493  356.26721    137.023  0.000e+00
   40.96098  -73.58326      2.379      2.361     1.5320    26.8221      8.488     5.4409 2.0180e+00  1021.4619     1.5319    21.4505    15.9771    488.805   11.64498  356.26842    137.201  0.000e+00
   40.96098  -73.58326      2.368      2.350     1.5320    26.8219      8.488     5.4409 2.0351e+00  1021.4618     1.5319    21.4504    15.9973    489.424   11.64499  356.26878    137.375  0.000e+00
   40.96098  -73.58326      2.368      2.350     1.5320    26.8221      8.488     5.4409 2.0408e+00  1021.4619     1.5319    21.4505    16.0107    489.833   11.64497  356.26841    137.490  0.000e+00
   40.96098  -73.58326      2.358      2.340     1.5322    26.8218      8.488     5.4409 2.0466e+00  1021.4616     1.5321    21.4503    16.0346    490.565   11.64495  356.26770    137.696  0.000e+00
   40.96098  -73.58326      2.358      2.340     1.5323    26.8220      8.488     5.4409 2.0932e+00  1021.4618     1.5322    21.4505    16.0580    491.282   11.64489  356.26571    137.898  0.000e+00
   40.96098  -73.58326      2.358      2.340     1.5326    26.8222      8.488     5.4409 2.1110e+00  1021.4619     1.5325    21.4506    16.0833    492.056   11.64478  356.26247    138.116  0.000e+00
   40.96098  -73.58326      2.349      2.331     1.5323    26.8223      8.493     5.4409 2.1151e+00  1021.4619     1.5322    21.4507    16.1231    493.273   11.64486  356.26496    138.457  0.000e+00
   40.96098  -73.58326      2.338      2.320     1.5326    26.8218      8.488     5.4409 2.1574e+00  1021.4614     1.5325    21.4503    16.1582    494.348   11.64481  356.26356    138.759  0.000e+00
   40.96098  -73.58326      2.338      2.320     1.5326    26.8221      8.488     5.4409 2.1799e+00  1021.4617     1.5325    21.4505    16.2082    495.876   11.64479  356.26263    139.188  0.000e+00
   40.96098  -73.58326      2.338      2.320     1.5328    26.8219      8.488     5.4409 2.1841e+00  1021.4615     1.5327    21.4504    16.2698    497.762   11.64476  356.26175    139.718  0.000e+00
   40.96098  -73.58326      2.338      2.320     1.5328    26.8218      8.488     5.4409 2.1965e+00  1021.4615     1.5327    21.4503    16.2958    498.558   11.64476  356.26194    139.941  0.000e+00
   40.96098  -73.58326      2.319      2.301     1.5327    26.8219      8.488     5.4409 2.2108e+00  1021.4614     1.5326    21.4503    16.3056    498.856   11.64477  356.26227    140.025  0.000e+00
   40.96098  -73.58326      2.328      2.310     1.5328    26.8218      8.488     5.4409 2.2191e+00  1021.4615     1.5327    21.4503    16.3185    499.251   11.64476  356.26193    140.136  0.000e+00
   40.96098  -73.58326      2.319      2.301     1.5326    26.8220      8.488     5.4409 2.2273e+00  1021.4615     1.5325    21.4504    16.3345    499.742   11.64480  356.26298    140.273  0.000e+00
   40.96098  -73.58326      2.308      2.290     1.5323    26.8220      8.488     5.4409 2.2419e+00  1021.4615     1.5322    21.4504    16.3323    499.672   11.64489  356.26583    140.253  0.000e+00
   40.96098  -73.58326      2.319      2.301     1.5323    26.8219      8.488     5.4409 2.2399e+00  1021.4615     1.5322    21.4504    16.3413    499.948   11.64490  356.26603    140.330  0.000e+00
   40.96098  -73.58326      2.308      2.290     1.5322    26.8223      8.493     5.4409 2.2422e+00  1021.4618     1.5321    21.4507    16.3319    499.661   11.64491  356.26634    140.249  0.000e+00
   40.96098  -73.58326      2.308      2.290     1.5328    26.8222      8.488     5.4409 2.2402e+00  1021.4617     1.5327    21.4506    16.3419    499.967   11.64473  356.26078    140.337  0.000e+00
   40.96098  -73.58326      2.298      2.280     1.5332    26.8216      8.488     5.4409 2.2445e+00  1021.4611     1.5332    21.4501    16.3654    500.687   11.64464  356.25832    140.541  0.000e+00
   40.96098  -73.58326      2.298      2.280     1.5332    26.8219      8.488     5.4409 2.2468e+00  1021.4613     1.5332    21.4503    16.3704    500.840   11.64462  356.25758    140.584  0.000e+00
   40.96098  -73.58326      2.298      2.280     1.5331    26.8221      8.493     5.4409 2.2702e+00  1021.4615     1.5330    21.4505    16.3743    500.957   11.64464  356.25827    140.616  0.000e+00
   40.96100  -73.58326      2.298      2.280     1.5332    26.8220      8.488     5.4543 2.2766e+00  1021.4614     1.5332    21.4504    16.3696    500.816   11.64461  356.25721    140.577  0.000e+00
   40.96100  -73.58326      2.298      2.280     1.5332    26.8222      8.488     5.5484 2.2702e+00  1021.4616     1.5332    21.4506    16.3639    500.639   11.64459  356.25665    140.528  0.000e+00
   40.96100  -73.58326      2.298      2.280     1.5331    26.8225      8.488     5.5886 2.2575e+00  1021.4618     1.5330    21.4508    16.3593    500.500   11.64462  356.25735    140.488  0.000e+00
   40.96100  -73.58326      2.298      2.280     1.5333    26.8220      8.488     5.6021 2.2511e+00  1021.4614     1.5333    21.4504    16.3454    500.074   11.64458  356.25632    140.369  0.000e+00
   40.96100  -73.58326      2.287      2.269     1.5332    26.8220      8.488     5.5886 2.2428e+00  1021.4614     1.5332    21.4504    16.3543    500.348   11.64461  356.25720    140.446  0.000e+00
   40.96100  -73.58326      2.298      2.280     1.5334    26.8219      8.488     5.5886 2.1786e+00  1021.4613     1.5333    21.4503    16.3820    501.194   11.64457  356.25615    140.684  0.000e+00
   40.96100  -73.58326      2.298      2.280     1.5329    26.8220      8.488     5.5886 2.1542e+00  1021.4615     1.5328    21.4505    16.3874    501.358   11.64470  356.25989    140.728  0.000e+00
   40.96100  -73.58326      2.298      2.280     1.5329    26.8220      8.488     5.5886 2.1462e+00  1021.4614     1.5328    21.4504    16.3832    501.229   11.64470  356.26008    140.692  0.000e+00
   40.96100  -73.58326      2.298      2.280     1.5328    26.8217      8.488     5.5886 2.1542e+00  1021.4612     1.5327    21.4502    16.3900    501.438   11.64477  356.26226    140.750  0.000e+00
   40.96100  -73.58326      2.308      2.290     1.5326    26.8217      8.488     5.5886 2.1481e+00  1021.4613     1.5325    21.4502    16.3954    501.604   11.64482  356.26370    140.796  0.000e+00
   40.96100  -73.58326      2.308      2.290     1.5326    26.8221      8.488     5.5886 2.1501e+00  1021.4616     1.5325    21.4505    16.3849    501.283   11.64478  356.26259    140.706  0.000e+00
   40.96100  -73.58326      2.308      2.290     1.5325    26.8224      8.488     5.5886 2.1683e+00  1021.4618     1.5324    21.4508    16.3720    500.889   11.64481  356.26328    140.595  0.000e+00
   40.96100  -73.58326      2.308      2.290     1.5325    26.8222      8.488     5.5886 2.1867e+00  1021.4616     1.5324    21.4506    16.3506    500.234   11.64483  356.26384    140.411  0.000e+00
   40.96100  -73.58326      2.319      2.301     1.5325    26.8223      8.488     5.5886 2.1867e+00  1021.4618     1.5324    21.4507    16.3527    500.297   11.64482  356.26348    140.429  0.000e+00
   40.96100  -73.58326      2.319      2.301     1.5326    26.8220      8.488     5.5886 2.2033e+00  1021.4616     1.5325    21.4505    16.3661    500.707   11.64479  356.26279    140.544  0.000e+00
