CalculateIndicators/WaterTemperature/Data/CTD_NYOS/20220201_C02.cnv
* Sea-Bird SBE 9 Data File:
* FileName = C:\Seabird 9 CTD\Data\2022\202202_offshore\20220201_C02.hex
* Software Version Seasave V 7.23.2
* Temperature SN = 4590
* Conductivity SN = 3228
* Number of Bytes Per Scan = 44
* Number of Voltage Words = 5
* Number of Scans Averaged by the Deck Unit = 1
* NMEA Latitude = 40 52.87 N
* NMEA Longitude = 073 43.77 W
* NMEA UTC (Time) = Jun 18 2002  18:57:55
* NMEA baud rate = 4800
** Ship: rv seawolf
** Station: LIS-WLIS
** Operator: KAL
# nquan = 18
# nvalues = 9848                                  
# units = specified
# name 0 = latitude: Latitude [deg]
# name 1 = longitude: Longitude [deg]
# name 2 = prDM: Pressure, Digiquartz [db]
# name 3 = depSM: Depth [salt water, m]
# name 4 = t090C: Temperature [ITS-90, deg C]
# name 5 = sal00: Salinity, Practical [PSU]
# name 6 = ph: pH
# name 7 = flECO-AFL: Fluorescence, WET Labs ECO-AFL/FL [mg/m^3]
# name 8 = cpar: CPAR/Corrected Irradiance [%]
# name 9 = density00: Density [density, kg/m^3]
# name 10 = potemp090C: Potential Temperature [ITS-90, deg C]
# name 11 = sigma-é00: Density [sigma-theta, kg/m^3]
# name 12 = sbeox0Mg/L: Oxygen, SBE 43 [mg/l]
# name 13 = sbox0Mm/Kg: Oxygen, SBE 43 [umol/kg]
# name 14 = oxsolMg/L: Oxygen Saturation, Garcia & Gordon [mg/l]
# name 15 = oxsolMm/Kg: Oxygen Saturation, Garcia & Gordon [umol/kg]
# name 16 = sbeox0PS: Oxygen, SBE 43 [% saturation]
# name 17 = flag:  0.000e+00
# span 0 =   40.88116,   40.88220                 
# span 1 =  -73.72998,  -73.72950                 
# span 2 =      2.061,     16.742                 
# span 3 =      2.045,     16.611                 
# span 4 =     0.9259,     1.2568                 
# span 5 =    26.3710,    26.6027                 
# span 6 =      8.557,      8.607                 
# span 7 =     6.1393,    10.4775                 
# span 8 = 4.6204e-14, 2.2440e+00                 
# span 9 =  1021.1341,  1021.3681                 
# span 10 =     0.9256,     1.2563                
# span 11 =    21.1130,    21.2887                
# span 12 =    13.1655,    17.2570                
# span 13 =    402.895,    528.101                
# span 14 =   11.74687,   11.86461                
# span 15 =  359.44562,  363.09930                
# span 16 =    111.356,    146.017                
# span 17 = 0.0000e+00, 0.0000e+00                
# interval = seconds: 0.0416667
# start_time = Feb 01 2022 18:57:56 [System UTC, first data scan.]
# bad_flag = -9.990e-29
*END*
[from data line 885]
   40.88138  -73.72966      6.498      6.448     0.9566    26.3828      8.607     6.7706 3.2766e-02  1021.1552     0.9564    21.1240    14.9900    458.755   11.85648  362.85522    126.429  0.000e+00
   40.88138  -73.72966      6.508      6.457     0.9543    26.3846      8.607     6.7571 3.2663e-02  1021.1568     0.9541    21.1255    14.9587    457.793   11.85706  362.87249    126.158  0.000e+00
   40.88138  -73.72966      6.529      6.478     0.9543    26.3852      8.607     6.7571 3.2663e-02  1021.1574     0.9541    21.1260    14.9401    457.226   11.85701  362.87080    126.003  0.000e+00
   40.88138  -73.72966      6.529      6.478     0.9555    26.3850      8.607     6.7706 3.2357e-02  1021.1572     0.9553    21.1258    14.9118    456.358   11.85664  362.85942    125.767  0.000e+00
   40.88138  -73.72966      6.540      6.489     0.9557    26.3847      8.607     6.7571 3.2154e-02  1021.1569     0.9555    21.1255    14.8758    455.258   11.85662  362.85890    125.464  0.000e+00
   40.88138  -73.72966      6.559      6.508     0.9565    26.3844      8.607     6.7571 3.2125e-02  1021.1568     0.9563    21.1253    14.8450    454.315   11.85638  362.85166    125.207  0.000e+00
   40.88138  -73.72966      6.560      6.509     0.9582    26.3841      8.607     6.7571 3.1823e-02  1021.1565     0.9580    21.1249    14.8433    454.264   11.85589  362.83675    125.198  0.000e+00
   40.88138  -73.72966      6.560      6.509     0.9594    26.3834      8.607     6.7571 3.1524e-02  1021.1558     0.9593    21.1243    14.8623    454.845   11.85556  362.82691    125.361  0.000e+00
   40.88138  -73.72966      6.589      6.538     0.9593    26.3833      8.607     6.7706 3.1524e-02  1021.1559     0.9591    21.1242    14.9055    456.166   11.85561  362.82863    125.725  0.000e+00
   40.88138  -73.72966      6.600      6.549     0.9604    26.3823      8.607     6.7706 3.1157e-02  1021.1551     0.9602    21.1234    14.9315    456.963   11.85536  362.82105    125.947  0.000e+00
   40.88138  -73.72966      6.599      6.547     0.9602    26.3817      8.607     6.7706 3.0600e-02  1021.1547     0.9600    21.1230    14.9221    456.677   11.85545  362.82407    125.867  0.000e+00
   40.88138  -73.72966      6.610      6.558     0.9596    26.3825      8.607     6.7706 3.0504e-02  1021.1553     0.9594    21.1236    14.9222    456.678   11.85558  362.82796    125.866  0.000e+00
   40.88138  -73.72966      6.640      6.588     0.9593    26.3831      8.607     6.7706 3.0311e-02  1021.1560     0.9591    21.1241    14.9073    456.222   11.85563  362.82908    125.740  0.000e+00
   40.88138  -73.72966      6.641      6.590     0.9593    26.3842      8.607     6.7571 2.9808e-02  1021.1569     0.9592    21.1249    14.9090    456.275   11.85552  362.82566    125.756  0.000e+00
   40.88138  -73.72966      6.650      6.598     0.9598    26.3853      8.607     6.7571 2.9619e-02  1021.1578     0.9596    21.1258    14.9287    456.876   11.85530  362.81851    125.924  0.000e+00
   40.88138  -73.72966      6.672      6.620     0.9601    26.3856      8.607     6.7437 2.9312e-02  1021.1582     0.9599    21.1261    14.9472    457.442   11.85518  362.81460    126.081  0.000e+00
   40.88138  -73.72966      6.681      6.629     0.9607    26.3843      8.607     6.7437 2.8485e-02  1021.1571     0.9605    21.1250    14.9665    458.033   11.85509  362.81246    126.245  0.000e+00
   40.88138  -73.72966      6.700      6.648     0.9599    26.3836      8.607     6.7437 2.8329e-02  1021.1567     0.9597    21.1245    15.0074    459.286   11.85539  362.82185    126.587  0.000e+00
   40.88138  -73.72966      6.702      6.650     0.9590    26.3836      8.607     6.7437 2.8149e-02  1021.1567     0.9588    21.1245    15.0209    459.698   11.85568  362.83062    126.698  0.000e+00
   40.88138  -73.72966      6.731      6.678     0.9590    26.3832      8.607     6.7437 2.7640e-02  1021.1565     0.9588    21.1242    15.0202    459.678   11.85572  362.83180    126.692  0.000e+00
   40.88138  -73.72966      6.742      6.689     0.9584    26.3837      8.607     6.7437 2.7376e-02  1021.1570     0.9582    21.1246    15.0136    459.474   11.85587  362.83645    126.634  0.000e+00
   40.88138  -73.72966      6.761      6.708     0.9582    26.3835      8.607     6.7437 2.7288e-02  1021.1570     0.9581    21.1245    15.0082    459.310   11.85592  362.83779    126.588  0.000e+00
   40.88136  -73.72960      6.762      6.710     0.9576    26.3838      8.607     6.7437 2.6597e-02  1021.1572     0.9574    21.1247    15.0336    460.088   11.85611  362.84357    126.801  0.000e+00
   40.88136  -73.72960      6.791      6.738     0.9563    26.3839      8.607     6.7437 2.6148e-02  1021.1575     0.9561    21.1248    15.0902    461.820   11.85649  362.85517    127.274  0.000e+00
   40.88136  -73.72960      6.793      6.740     0.9543    26.3855      8.607     6.7437 2.6148e-02  1021.1589     0.9541    21.1262    15.1524    463.721   11.85698  362.86981    127.793  0.000e+00
   40.88136  -73.72960      6.821      6.769     0.9549    26.3853      8.607     6.7437 2.5259e-02  1021.1588     0.9547    21.1260    15.2153    465.648   11.85681  362.86464    128.326  0.000e+00
   40.88136  -73.72960      6.843      6.790     0.9557    26.3849      8.607     6.7571 2.4773e-02  1021.1586     0.9555    21.1257    15.2268    465.998   11.85660  362.85816    128.424  0.000e+00
   40.88136  -73.72960      6.842      6.789     0.9554    26.3848      8.607     6.7571 2.4693e-02  1021.1586     0.9552    21.1257    15.2080    465.426   11.85670  362.86133    128.265  0.000e+00
   40.88136  -73.72960      6.874      6.820     0.9543    26.3858      8.607     6.7437 2.4216e-02  1021.1595     0.9541    21.1265    15.1932    464.970   11.85696  362.86897    128.137  0.000e+00
   40.88136  -73.72960      6.883      6.830     0.9544    26.3855      8.607     6.7437 2.3825e-02  1021.1593     0.9542    21.1262    15.2130    465.576   11.85694  362.86844    128.304  0.000e+00
   40.88136  -73.72960      6.904      6.850     0.9551    26.3850      8.607     6.7437 2.3748e-02  1021.1590     0.9549    21.1258    15.2444    466.538   11.85676  362.86327    128.571  0.000e+00
   40.88136  -73.72960      6.923      6.869     0.9551    26.3847      8.607     6.7571 2.3363e-02  1021.1589     0.9549    21.1256    15.2585    466.971   11.85681  362.86462    128.690  0.000e+00
   40.88136  -73.72960      6.925      6.871     0.9557    26.3841      8.607     6.7437 2.3005e-02  1021.1583     0.9555    21.1250    15.2427    466.487   11.85667  362.86055    128.558  0.000e+00
   40.88136  -73.72960      6.945      6.891     0.9558    26.3841      8.607     6.7571 2.2833e-02  1021.1585     0.9557    21.1251    15.2278    466.029   11.85661  362.85890    128.433  0.000e+00
   40.88136  -73.72960      6.964      6.910     0.9558    26.3840      8.607     6.7437 2.2684e-02  1021.1584     0.9557    21.1249    15.2146    465.627   11.85662  362.85930    128.322  0.000e+00
   40.88136  -73.72960      6.975      6.921     0.9560    26.3836      8.607     6.7437 2.2314e-02  1021.1581     0.9558    21.1246    15.1884    464.826   11.85661  362.85897    128.101  0.000e+00
   40.88136  -73.72960      6.995      6.940     0.9557    26.3838      8.607     6.7437 2.2241e-02  1021.1584     0.9555    21.1248    15.1626    464.034   11.85669  362.86141    127.882  0.000e+00
   40.88136  -73.72960      7.006      6.951     0.9557    26.3838      8.607     6.7437 2.2022e-02  1021.1585     0.9555    21.1248    15.1514    463.693   11.85669  362.86142    127.788  0.000e+00
   40.88136  -73.72960      7.025      6.970     0.9554    26.3833      8.607     7.9525 2.1448e-02  1021.1582     0.9552    21.1244    15.1564    463.846   11.85681  362.86521    127.829  0.000e+00
   40.88136  -73.72960      7.036      6.981     0.9546    26.3838      8.607     9.5777 2.1306e-02  1021.1587     0.9544    21.1248    15.1531    463.744   11.85703  362.87172    127.798  0.000e+00
   40.88136  -73.72960      7.044      6.990     0.9549    26.3837      8.607     9.9672 2.1255e-02  1021.1586     0.9547    21.1248    15.1879    464.809   11.85694  362.86894    128.093  0.000e+00
   40.88136  -73.72960      7.066      7.011     0.9552    26.3831      8.607     9.9000 2.0975e-02  1021.1582     0.9550    21.1243    15.2063    465.372   11.85689  362.86770    128.248  0.000e+00
   40.88136  -73.72960      7.065      7.010     0.9554    26.3830      8.607     9.8194 2.0836e-02  1021.1582     0.9552    21.1242    15.1836    464.679   11.85685  362.86639    128.058  0.000e+00
   40.88136  -73.72960      7.096      7.041     0.9557    26.3832      8.607     9.8060 2.0748e-02  1021.1585     0.9555    21.1244    15.1382    463.289   11.85673  362.86288    127.676  0.000e+00
   40.88136  -73.72960      7.095      7.040     0.9554    26.3833      8.607     9.8060 2.0202e-02  1021.1585     0.9552    21.1244    15.0865    461.706   11.85683  362.86567    127.239  0.000e+00
   40.88136  -73.72960      7.107      7.052     0.9552    26.3830      8.607     9.8060 1.9933e-02  1021.1584     0.9550    21.1242    15.0338    460.092   11.85690  362.86794    126.793  0.000e+00
   40.88138  -73.72966      7.116      7.060     0.9552    26.3827      8.607     9.8194 1.9951e-02  1021.1582     0.9550    21.1240    14.9949    458.902   11.85692  362.86872    126.465  0.000e+00
   40.88138  -73.72966      7.138      7.082     0.9551    26.3828      8.607     9.8060 1.9554e-02  1021.1583     0.9549    21.1240    14.9351    457.074   11.85695  362.86968    125.961  0.000e+00
   40.88138  -73.72966      7.146      7.090     0.9554    26.3829      8.607     9.8060 1.9293e-02  1021.1585     0.9552    21.1241    14.8933    455.794   11.85686  362.86669    125.609  0.000e+00
   40.88138  -73.72966      7.157      7.101     0.9549    26.3835      8.607     9.8060 1.9293e-02  1021.1590     0.9547    21.1246    14.8720    455.143   11.85696  362.86966    125.429  0.000e+00
   40.88138  -73.72966      7.156      7.100     0.9558    26.3827      8.607     9.8194 1.8970e-02  1021.1583     0.9556    21.1239    14.8581    454.716   11.85673  362.86299    125.313  0.000e+00
   40.88138  -73.72966      7.189      7.133     0.9560    26.3829      8.607     9.8194 1.8652e-02  1021.1587     0.9558    21.1241    14.8555    454.636   11.85666  362.86078    125.292  0.000e+00
   40.88138  -73.72966      7.176      7.121     0.9560    26.3831      8.607     9.8194 1.8635e-02  1021.1588     0.9558    21.1243    14.8638    454.890   11.85664  362.86019    125.362  0.000e+00
   40.88138  -73.72966      7.197      7.141     0.9563    26.3818      8.607     9.8194 1.8463e-02  1021.1578     0.9561    21.1232    14.8574    454.695   11.85666  362.86104    125.308  0.000e+00
   40.88138  -73.72966      7.208      7.152     0.9563    26.3820      8.607     9.8194 1.8276e-02  1021.1580     0.9561    21.1234    14.8265    453.751   11.85664  362.86029    125.048  0.000e+00
   40.88138  -73.72966      7.206      7.151     0.9563    26.3829      8.607     9.8060 1.8153e-02  1021.1587     0.9561    21.1240    14.7641    451.839   11.85657  362.85800    124.522  0.000e+00
   40.88138  -73.72966      7.219      7.163     0.9567    26.3828      8.607     9.8194 1.8029e-02  1021.1587     0.9565    21.1240    14.7020    449.938   11.85646  362.85466    124.000  0.000e+00
   40.88138  -73.72966      7.227      7.171     0.9566    26.3826      8.607     9.8060 1.7680e-02  1021.1586     0.9564    21.1238    14.6770    449.176   11.85649  362.85562    123.789  0.000e+00
   40.88138  -73.72966      7.219      7.163     0.9555    26.3826      8.607     9.8194 1.7620e-02  1021.1586     0.9553    21.1239    14.6909    449.600   11.85683  362.86606    123.902  0.000e+00
   40.88138  -73.72966      7.237      7.181     0.9535    26.3841      8.607     9.8060 1.7544e-02  1021.1599     0.9533    21.1251    14.7421    451.167   11.85734  362.88130    124.329  0.000e+00
   40.88138  -73.72966      7.259      7.202     0.9529    26.3843      8.607     9.8194 1.7468e-02  1021.1602     0.9527    21.1253    14.8099    453.241   11.85752  362.88654    124.899  0.000e+00
   40.88138  -73.72966      7.248      7.191     0.9532    26.3842      8.607     9.8060 1.7408e-02  1021.1601     0.9530    21.1252    14.8505    454.483   11.85743  362.88392    125.242  0.000e+00
   40.88138  -73.72966      7.259      7.202     0.9538    26.3844      8.607     9.9134 1.7392e-02  1021.1603     0.9536    21.1254    14.8617    454.827   11.85722  362.87739    125.339  0.000e+00
   40.88138  -73.72966      7.257      7.201     0.9543    26.3842      8.607    10.3164 1.7273e-02  1021.1601     0.9541    21.1252    14.8501    454.471   11.85709  362.87348    125.242  0.000e+00
   40.88138  -73.72966      7.270      7.213     0.9549    26.3835      8.607    10.4641 1.7198e-02  1021.1595     0.9547    21.1246    14.8209    453.577   11.85696  362.86962    124.997  0.000e+00
   40.88138  -73.72966      7.278      7.221     0.9544    26.3839      8.607    10.4775 1.7198e-02  1021.1599     0.9542    21.1249    14.7978    452.870   11.85709  362.87353    124.801  0.000e+00
   40.88138  -73.72966      7.279      7.223     0.9546    26.3839      8.607    10.4507 1.7198e-02  1021.1599     0.9544    21.1249    14.8261    453.737   11.85702  362.87147    125.041  0.000e+00
   40.88138  -73.72966      7.278      7.221     0.9543    26.3842      8.607    10.4507 1.7183e-02  1021.1602     0.9541    21.1252    14.8832    455.485   11.85709  362.87351    125.522  0.000e+00
   40.88138  -73.72966      7.289      7.232     0.9543    26.3842      8.607    10.4507 1.7124e-02  1021.1602     0.9541    21.1252    14.9527    457.612   11.85709  362.87352    126.108  0.000e+00
   40.88138  -73.72966      7.299      7.242     0.9552    26.3836      8.607    10.4507 1.6890e-02  1021.1598     0.9550    21.1247    14.9833    458.547   11.85685  362.86629    126.368  0.000e+00
   40.88136  -73.72962      7.310      7.253     0.9560    26.3831      8.607    10.4507 1.6789e-02  1021.1594     0.9558    21.1242    15.0286    459.933   11.85665  362.86036    126.752  0.000e+00
   40.88136  -73.72962      7.308      7.252     0.9554    26.3838      8.607    10.4507 1.6805e-02  1021.1600     0.9552    21.1248    15.1452    463.501   11.85678  362.86424    127.734  0.000e+00
   40.88136  -73.72962      7.319      7.262     0.9554    26.3837      8.607    10.4507 1.6720e-02  1021.1599     0.9552    21.1247    15.2769    467.533   11.85680  362.86463    128.845  0.000e+00
   40.88136  -73.72962      7.318      7.261     0.9554    26.3829      8.607    10.4507 1.6677e-02  1021.1593     0.9552    21.1241    15.3814    470.731   11.85686  362.86673    129.726  0.000e+00
   40.88136  -73.72962      7.340      7.283     0.9547    26.3824      8.607    10.4507 1.6620e-02  1021.1590     0.9545    21.1237    15.5123    474.737   11.85711  362.87463    130.827  0.000e+00
   40.88136  -73.72962      7.329      7.272     0.9535    26.3827      8.607    10.4507 1.6620e-02  1021.1592     0.9533    21.1240    15.6136    477.838   11.85746  362.88523    131.678  0.000e+00
   40.88136  -73.72962      7.338      7.282     0.9518    26.3838      8.607    10.4507 1.6562e-02  1021.1602     0.9516    21.1250    15.6519    479.008   11.85790  362.89843    131.995  0.000e+00
   40.88136  -73.72962      7.349      7.292     0.9508    26.3845      8.607    10.4507 1.6520e-02  1021.1609     0.9506    21.1256    15.6449    478.796   11.85813  362.90531    131.934  0.000e+00
   40.88136  -73.72962      7.359      7.302     0.9508    26.3843      8.607    10.4507 1.6349e-02  1021.1608     0.9506    21.1254    15.6449    478.794   11.85815  362.90590    131.934  0.000e+00
