CalculateIndicators/WaterTemperature/Data/CTD_NYOS/20220928_C04.cnv
* Sea-Bird SBE 9 Data File:
* FileName = C:\Seabird 9 CTD\Data\2022\202209_offshore\20220928_C04.hex
* Software Version Seasave V 7.23.2
* Temperature SN = 4590
* Conductivity SN = 3228
* Number of Bytes Per Scan = 44
* Number of Voltage Words = 5
* Number of Scans Averaged by the Deck Unit = 1
* NMEA Latitude = 40 09.90 N
* NMEA Longitude = 073 19.04 W
* NMEA UTC (Time) = Feb 12 2003  18:02:52
* NMEA baud rate = 4800
** Ship: seawolf
** Station: 6.2
** Operator: SJW
# nquan = 18
# nvalues = 11788                       
# units = specified
# name 0 = latitude: Latitude [deg]
# name 1 = longitude: Longitude [deg]
# name 2 = prDM: Pressure, Digiquartz [db]
# name 3 = depSM: Depth [salt water, m]
# name 4 = t090C: Temperature [ITS-90, deg C]
# name 5 = sal00: Salinity, Practical [PSU]
# name 6 = ph: pH
# name 7 = flECO-AFL: Fluorescence, WET Labs ECO-AFL/FL [mg/m^3]
# name 8 = cpar: CPAR/Corrected Irradiance [%]
# name 9 = density00: Density [density, kg/m^3]
# name 10 = potemp090C: Potential Temperature [ITS-90, deg C]
# name 11 = sigma-é00: Density [sigma-theta, kg/m^3]
# name 12 = sbeox0Mg/L: Oxygen, SBE 43 [mg/l]
# name 13 = sbox0Mm/Kg: Oxygen, SBE 43 [umol/kg]
# name 14 = oxsolMg/L: Oxygen Saturation, Garcia & Gordon [mg/l]
# name 15 = oxsolMm/Kg: Oxygen Saturation, Garcia & Gordon [umol/kg]
# name 16 = sbeox0PS: Oxygen, SBE 43 [% saturation]
# name 17 = flag:  0.000e+00
# span 0 =   40.16410,   40.16502       
# span 1 =  -73.31746,  -73.31566       
# span 2 =      1.523,     36.024       
# span 3 =      1.511,     35.744       
# span 4 =    13.1005,    20.5536       
# span 5 =    32.6545,    33.5333       
# span 6 =      6.888,      8.317       
# span 7 =     0.0148,     0.6998       
# span 8 = 2.9657e-01, 1.7009e+02       
# span 9 =  1022.8463,  1025.2392       
# span 10 =    13.0957,    20.5532      
# span 11 =    22.8381,    25.0885      
# span 12 =     4.7670,     8.0209      
# span 13 =    145.328,    244.606      
# span 14 =    7.41483,    8.54245      
# span 15 =  226.44333,  260.42597      
# span 16 =     55.811,     96.871      
# span 17 = 0.0000e+00, 0.0000e+00      
# interval = seconds: 0.0416667
# start_time = Sep 28 2022 18:02:53 [System UTC, first data scan.]
# bad_flag = -9.990e-29
*END*
[from data line 9166]
   40.16424  -73.31604      4.165      4.133    20.5223    32.6684      6.913     0.0819 3.4845e+01  1022.8656    20.5215    22.8474     7.0362    214.974    7.42567  226.87239     94.756 0.0000e+00
   40.16424  -73.31604      4.123      4.092    20.5228    32.6675      6.913     0.0954 3.5338e+01  1022.8647    20.5220    22.8467     7.0357    214.959    7.42573  226.87414     94.748 0.0000e+00
   40.16424  -73.31604      4.114      4.082    20.5230    32.6665      6.913     0.0954 4.6812e+01  1022.8634    20.5222    22.8459     7.0398    215.084    7.42566  226.87178     94.804 0.0000e+00
   40.16424  -73.31604      4.093      4.062    20.5221    32.6665      6.913     0.0954 5.4641e+01  1022.8628    20.5213    22.8456     7.0344    214.917    7.42558  226.86913     94.732 0.0000e+00
   40.16424  -73.31604      4.063      4.032    20.5205    32.6665      6.913     0.0954 5.5522e+01  1022.8636    20.5198    22.8461     7.0336    214.892    7.42541  226.86413     94.723 0.0000e+00
   40.16424  -73.31604      4.053      4.022    20.5196    32.6669      6.913     0.0954 4.2507e+01  1022.8645    20.5189    22.8469     7.0327    214.867    7.42524  226.85909     94.714 0.0000e+00
   40.16424  -73.31604      4.033      4.002    20.5189    32.6677      6.913     0.1088 3.5011e+01  1022.8652    20.5182    22.8478     7.0319    214.840    7.42503  226.85269     94.705 0.0000e+00
   40.16424  -73.31604      4.012      3.981    20.5186    32.6688      6.913     0.0954 3.3944e+01  1022.8657    20.5179    22.8487     7.0310    214.815    7.42487  226.84808     94.696 0.0000e+00
   40.16424  -73.31604      4.003      3.972    20.5177    32.6702      6.913     0.0954 3.3659e+01  1022.8675    20.5170    22.8499     7.0302    214.790    7.42475  226.84430     94.686 0.0000e+00
   40.16424  -73.31604      3.972      3.942    20.5179    32.6708      6.913     0.0954 3.3189e+01  1022.8684    20.5171    22.8506     7.0297    214.774    7.42461  226.84019     94.681 0.0000e+00
   40.16424  -73.31604      3.961      3.931    20.5193    32.6708      6.913     0.0954 3.3096e+01  1022.8680    20.5186    22.8504     7.0289    214.752    7.42457  226.83919     94.671 0.0000e+00
   40.16424  -73.31604      3.931      3.901    20.5219    32.6708      6.913     0.0954 3.4814e+01  1022.8662    20.5212    22.8495     7.0282    214.729    7.42454  226.83863     94.662 -9.990e-29
   40.16424  -73.31604      3.931      3.901    20.5233    32.6702      6.913     0.0954 3.7455e+01  1022.8654    20.5226    22.8486     7.0275    214.707    7.42453  226.83853     94.652 -9.990e-29
   40.16424  -73.31604      3.901      3.871    20.5240    32.6697      6.913     0.0954 3.8341e+01  1022.8650    20.5233    22.8481     7.0271    214.697    7.42463  226.84167     94.646 0.0000e+00
   40.16424  -73.31604      3.891      3.861    20.5242    32.6694      6.913     0.0954 3.5638e+01  1022.8643    20.5235    22.8477     7.0270    214.691    7.42483  226.84767     94.641 0.0000e+00
   40.16424  -73.31604      3.871      3.841    20.5240    32.6694      6.913     0.0954 3.0964e+01  1022.8641    20.5233    22.8476     7.0267    214.684    7.42499  226.85243     94.636 0.0000e+00
   40.16424  -73.31604      3.850      3.820    20.5228    32.6694      6.917     0.0954 2.9602e+01  1022.8646    20.5221    22.8481     7.0265    214.676    7.42515  226.85722     94.631 0.0000e+00
   40.16424  -73.31604      3.840      3.811    20.5214    32.6699      6.917     0.0954 3.0964e+01  1022.8655    20.5207    22.8488     7.0261    214.667    7.42522  226.85938     94.625 0.0000e+00
   40.16424  -73.31604      3.820      3.790    20.5202    32.6703      6.913     0.0954 3.5738e+01  1022.8660    20.5194    22.8493     7.0258    214.656    7.42528  226.86067     94.620 0.0000e+00
   40.16424  -73.31604      3.810      3.781    20.5198    32.6703      6.917     0.0954 3.7699e+01  1022.8662    20.5191    22.8496     7.0204    214.491    7.42538  226.86384     94.546 0.0000e+00
   40.16424  -73.31604      3.790      3.760    20.5200    32.6703      6.917     0.1088 3.7912e+01  1022.8663    20.5193    22.8495     7.0202    214.483    7.42550  226.86723     94.541 0.0000e+00
   40.16424  -73.31604      3.769      3.740    20.5211    32.6699      6.917     0.0954 3.9323e+01  1022.8654    20.5204    22.8489     7.0247    214.621    7.42559  226.87005     94.601 0.0000e+00
   40.16424  -73.31604      3.750      3.721    20.5219    32.6690      6.913     0.0954 3.9880e+01  1022.8640    20.5212    22.8480     7.0247    214.622    7.42567  226.87229     94.601 0.0000e+00
   40.16424  -73.31604      3.739      3.710    20.5219    32.6683      6.917     0.0954 3.9768e+01  1022.8635    20.5212    22.8475     7.0248    214.623    7.42571  226.87340     94.600 0.0000e+00
   40.16424  -73.31604      3.729      3.700    20.5218    32.6683      6.913     0.0954 3.5538e+01  1022.8631    20.5211    22.8473     7.0248    214.623    7.42571  226.87329     94.601 0.0000e+00
   40.16424  -73.31604      3.708      3.680    20.5212    32.6683      6.917     0.0954 3.3406e+01  1022.8637    20.5205    22.8475     7.0247    214.623    7.42568  226.87242     94.601 0.0000e+00
   40.16424  -73.31604      3.689      3.661    20.5212    32.6684      6.917     0.0819 3.3312e+01  1022.8636    20.5205    22.8478     7.0197    214.469    7.42569  226.87281     94.532 0.0000e+00
   40.16424  -73.31604      3.678      3.650    20.5212    32.6689      6.913     0.0819 3.9434e+01  1022.8640    20.5205    22.8480     7.0245    214.616    7.42568  226.87261     94.598 0.0000e+00
   40.16424  -73.31604      3.658      3.630    20.5218    32.6693      6.917     0.0819 4.4377e+01  1022.8643    20.5211    22.8482     7.0245    214.615    7.42560  226.87004     94.598 0.0000e+00
   40.16424  -73.31604      3.648      3.620    20.5226    32.6693      6.913     0.0819 4.5132e+01  1022.8640    20.5219    22.8482     7.0244    214.613    7.42545  226.86543     94.599 0.0000e+00
   40.16424  -73.31604      3.627      3.600    20.5235    32.6693      6.913     0.0819 3.9103e+01  1022.8635    20.5228    22.8479     7.0244    214.612    7.42530  226.86089     94.601 0.0000e+00
   40.16424  -73.31604      3.608      3.580    20.5239    32.6692      6.917     0.0819 3.4262e+01  1022.8633    20.5232    22.8477     7.0192    214.454    7.42514  226.85590     94.533 0.0000e+00
   40.16424  -73.31604      3.597      3.570    20.5238    32.6690      6.917     0.0819 3.3312e+01  1022.8629    20.5232    22.8475     7.0189    214.444    7.42497  226.85098     94.531 0.0000e+00
   40.16424  -73.31604      3.588      3.560    20.5239    32.6690      6.917     0.0819 3.5239e+01  1022.8629    20.5232    22.8475     7.0186    214.436    7.42487  226.84784     94.528 0.0000e+00
 -9.990e-29  -73.31604      3.577      3.549    20.5239    32.6690      6.917     0.0819 3.7699e+01  1022.8631    20.5232    22.8475     7.0184    214.428    7.42475  226.84409     94.527 0.0000e+00
 -9.990e-29  -73.31604      3.557      3.530    20.5244    32.6689      6.917     0.0819 3.8233e+01  1022.8627    20.5237    22.8473     7.0182    214.422    7.42466  226.84148     94.525 0.0000e+00
 -9.990e-29  -73.31604      3.537      3.510    20.5246    32.6688      6.913     0.0819 4.0902e+01  1022.8624    20.5239    22.8471     7.0180    214.417    7.42459  226.83937     94.524 0.0000e+00
 -9.990e-29  -73.31604      3.516      3.489    20.5245    32.6687      6.917     0.0819 4.6289e+01  1022.8622    20.5239    22.8470     7.0179    214.415    7.42454  226.83822     94.523 0.0000e+00
 -9.990e-29  -73.31604      3.506      3.480    20.5246    32.6687      6.917     0.0819 4.8147e+01  1022.8622    20.5239    22.8470     7.0178    214.411    7.42445  226.83535     94.523 0.0000e+00
 -9.990e-29  -73.31604      3.476      3.450    20.5247    32.6686      6.917     0.0819 4.4004e+01  1022.8622    20.5241    22.8468     7.0177    214.408    7.42435  226.83210     94.523 -9.990e-29
 -9.990e-29  -73.31604      3.476      3.450    20.5260    32.6686      6.917     0.0819 3.3974e+01  1022.8614    20.5253    22.8465     7.0178    214.412    7.42412  226.82518     94.527 -9.990e-29
 -9.990e-29  -73.31604      3.446      3.420    20.5265    32.6686      6.917     0.0819 3.0964e+01  1022.8610    20.5259    22.8463     7.0228    214.564    7.42393  226.81945     94.597 0.0000e+00
 -9.990e-29  -73.31604      3.435      3.409    20.5263    32.6686      6.917     0.0819 3.2117e+01  1022.8614    20.5256    22.8465     7.0231    214.572    7.42378  226.81495     94.602 0.0000e+00
 -9.990e-29  -73.31604      3.425      3.399    20.5263    32.6686      6.913     0.0954 3.8993e+01  1022.8616    20.5257    22.8465     7.0183    214.428    7.42374  226.81395     94.539 0.0000e+00
 -9.990e-29  -73.31604      3.405      3.379    20.5269    32.6686      6.913     0.0819 4.2306e+01  1022.8607    20.5262    22.8464     7.0184    214.430    7.42368  226.81217     94.541 0.0000e+00
 -9.990e-29  -73.31604      3.375      3.349    20.5267    32.6690      6.917     0.0819 4.1481e+01  1022.8614    20.5260    22.8466     7.0186    214.435    7.42369  226.81260     94.543 0.0000e+00
 -9.990e-29  -73.31604      3.365      3.339    20.5276    32.6693      6.913     0.0819 3.0617e+01  1022.8615    20.5269    22.8468     7.0187    214.439    7.42364  226.81142     94.545 0.0000e+00
 -9.990e-29  -73.31604      3.355      3.330    20.5287    32.6694      6.917     0.0819 2.6230e+01  1022.8611    20.5281    22.8466     7.0186    214.437    7.42367  226.81227     94.544 0.0000e+00
 -9.990e-29  -73.31604      3.335      3.309    20.5293    32.6694      6.917     0.0819 2.5864e+01  1022.8604    20.5287    22.8463     7.0189    214.446    7.42374  226.81457     94.547 0.0000e+00
 -9.990e-29  -73.31604      3.314      3.289    20.5288    32.6696      6.913     0.0819 2.5864e+01  1022.8607    20.5282    22.8466     7.0189    214.445    7.42382  226.81670     94.546 0.0000e+00
 -9.990e-29  -73.31604      3.294      3.268    20.5290    32.6703      6.913     0.0819 2.5792e+01  1022.8614    20.5284    22.8471     7.0138    214.289    7.42386  226.81801     94.476 0.0000e+00
 -9.990e-29  -73.31604      3.284      3.259    20.5293    32.6707      6.913     0.0954 2.5792e+01  1022.8619    20.5287    22.8473     7.0137    214.287    7.42384  226.81722     94.476 0.0000e+00
 -9.990e-29  -73.31604      3.263      3.238    20.5306    32.6707      6.913     0.0819 3.2571e+01  1022.8612    20.5300    22.8471     7.0185    214.432    7.42382  226.81670     94.540 0.0000e+00
 -9.990e-29  -73.31604      3.254      3.229    20.5319    32.6707      6.908     0.0954 4.0105e+01  1022.8607    20.5313    22.8466     7.0184    214.431    7.42378  226.81550     94.540 0.0000e+00
 -9.990e-29  -73.31604      3.223      3.199    20.5335    32.6705      6.913     0.0819 4.1715e+01  1022.8601    20.5329    22.8461     7.0185    214.433    7.42381  226.81638     94.540 -9.990e-29
 -9.990e-29  -73.31604      3.223      3.199    20.5349    32.6701      6.908     0.0819 4.3268e+01  1022.8592    20.5343    22.8454     7.0186    214.435    7.42384  226.81746     94.541 -9.990e-29
 -9.990e-29  -73.31604      3.192      3.167    20.5359    32.6697      6.913     0.0819 4.5642e+01  1022.8588    20.5353    22.8448     7.0185    214.434    7.42378  226.81548     94.541 0.0000e+00
 -9.990e-29  -73.31604      3.173      3.148    20.5370    32.6692      6.917     0.0819 4.6289e+01  1022.8580    20.5365    22.8442     7.0185    214.434    7.42371  226.81336     94.542 0.0000e+00
 -9.990e-29  -73.31604      3.162      3.137    20.5376    32.6685      6.913     0.0954 4.2187e+01  1022.8572    20.5370    22.8434     7.0186    214.435    7.42369  226.81252     94.543 0.0000e+00
 -9.990e-29  -73.31604      3.142      3.118    20.5381    32.6675      6.917     0.0819 3.5839e+01  1022.8562    20.5375    22.8425     7.0186    214.437    7.42366  226.81172     94.544 0.0000e+00
 -9.990e-29  -73.31604      3.131      3.107    20.5387    32.6665      6.917     0.0819 3.4136e+01  1022.8549    20.5381    22.8417     7.0187    214.438    7.42360  226.81006     94.545 0.0000e+00
 -9.990e-29  -73.31604      3.101      3.077    20.5381    32.6661      6.917     0.0819 3.9399e+01  1022.8545    20.5375    22.8415     7.0188    214.442    7.42361  226.81026     94.547 0.0000e+00
 -9.990e-29  -73.31604      3.092      3.068    20.5365    32.6661      6.917     0.0819 5.5678e+01  1022.8551    20.5360    22.8417     7.0190    214.448    7.42369  226.81290     94.549 0.0000e+00
 -9.990e-29  -73.31604      3.081      3.057    20.5353    32.6661      6.917     0.0819 6.2481e+01  1022.8555    20.5347    22.8422     7.0244    214.613    7.42383  226.81705     94.619 0.0000e+00
 -9.990e-29  -73.31604      3.052      3.028    20.5341    32.6663      6.922     0.0819 6.1956e+01  1022.8558    20.5335    22.8426     7.0199    214.476    7.42398  226.82157     94.557 0.0000e+00
 -9.990e-29  -73.31604      3.041      3.017    20.5335    32.6667      6.931     0.0819 6.0749e+01  1022.8561    20.5329    22.8432     7.0253    214.640    7.42409  226.82496     94.628 0.0000e+00
 -9.990e-29  -73.31604      3.031      3.008    20.5326    32.6674      6.931     0.0954 6.0238e+01  1022.8573    20.5321    22.8439     7.0258    214.656    7.42416  226.82700     94.634 0.0000e+00
 -9.990e-29  -73.31604      2.999      2.976    20.5318    32.6679      6.926     0.0819 5.8076e+01  1022.8576    20.5312    22.8446     7.0264    214.673    7.42423  226.82898     94.641 -9.990e-29
 -9.990e-29  -73.31604      3.001      2.978    20.5309    32.6684      6.926     0.0819 3.9957e+01  1022.8580    20.5303    22.8451     7.0265    214.678    7.42427  226.83009     94.643 -9.990e-29
 -9.990e-29  -73.31604      2.980      2.957    20.5299    32.6688      6.926     0.0819 3.3003e+01  1022.8586    20.5294    22.8456     7.0267    214.683    7.42431  226.83111     94.645 0.0000e+00
 -9.990e-29  -73.31604      2.969      2.946    20.5293    32.6693      6.926     0.0954 3.2634e+01  1022.8589    20.5288    22.8463     7.0272    214.697    7.42433  226.83193     94.650 0.0000e+00
 -9.990e-29  -73.31604      2.950      2.927    20.5286    32.6700      6.926     0.0819 4.1678e+01  1022.8599    20.5281    22.8469     7.0276    214.711    7.42434  226.83210     94.657 0.0000e+00
 -9.990e-29  -73.31604      2.939      2.916    20.5284    32.6700      6.922     0.0819 4.8512e+01  1022.8604    20.5279    22.8473     7.0280    214.724    7.42431  226.83107     94.663 0.0000e+00
 -9.990e-29  -73.31604      2.920      2.897    20.5288    32.6700      6.922     0.0819 4.9476e+01  1022.8599    20.5282    22.8471     7.0335    214.892    7.42428  226.83023     94.737 -9.990e-29
 -9.990e-29  -73.31604      2.920      2.897    20.5290    32.6703      6.922     0.0819 3.8307e+01  1022.8591    20.5285    22.8468     7.0292    214.761    7.42432  226.83151     94.679 -9.990e-29
 -9.990e-29  -73.31604      2.909      2.886    20.5290    32.6703      6.922     0.0819 3.0936e+01  1022.8593    20.5284    22.8468     7.0293    214.764    7.42432  226.83155     94.680 0.0000e+00
 -9.990e-29  -73.31604      2.888      2.866    20.5293    32.6704      6.922     0.0819 2.9852e+01  1022.8597    20.5288    22.8470     7.0349    214.933    7.42434  226.83209     94.754 0.0000e+00
 -9.990e-29  -73.31604      2.879      2.856    20.5304    32.6707      6.922     0.0819 3.2940e+01  1022.8595    20.5298    22.8470     7.0305    214.800    7.42437  226.83299     94.695 0.0000e+00
 -9.990e-29  -73.31604      2.869      2.847    20.5314    32.6708      6.922     0.0819 3.6551e+01  1022.8593    20.5309    22.8468     7.0360    214.969    7.42438  226.83344     94.769 0.0000e+00
 -9.990e-29  -73.31604      2.858      2.836    20.5328    32.6708      6.922     0.0819 3.7383e+01  1022.8587    20.5322    22.8465     7.0368    214.991    7.42439  226.83341     94.779 -9.990e-29
