CalculateIndicators/WaterTemperature/Data/CTD_NYOS/20220513_C07.cnv
* Sea-Bird SBE 9 Data File:
* FileName = C:\Seabird 9 CTD\Data\2022\202205_offshore\20220513_C07.hex
* Software Version Seasave V 7.23.2
* Temperature SN = 4590
* Conductivity SN = 3228
* Number of Bytes Per Scan = 44
* Number of Voltage Words = 5
* Number of Scans Averaged by the Deck Unit = 1
* NMEA Latitude = 38 55.65 N
* NMEA Longitude = 073 13.10 W
* NMEA UTC (Time) = Sep 27 2002  22:50:45
* NMEA baud rate = 4800
** Ship: seawolf
** Station: 7.5
** Operator: TDK
# nquan = 18
# nvalues = 15932                       
# units = specified
# name 0 = latitude: Latitude [deg]
# name 1 = longitude: Longitude [deg]
# name 2 = prDM: Pressure, Digiquartz [db]
# name 3 = depSM: Depth [salt water, m]
# name 4 = t090C: Temperature [ITS-90, deg C]
# name 5 = sal00: Salinity, Practical [PSU]
# name 6 = ph: pH
# name 7 = flECO-AFL: Fluorescence, WET Labs ECO-AFL/FL [mg/m^3]
# name 8 = cpar: CPAR/Corrected Irradiance [%]
# name 9 = density00: Density [density, kg/m^3]
# name 10 = potemp090C: Potential Temperature [ITS-90, deg C]
# name 11 = sigma-é00: Density [sigma-theta, kg/m^3]
# name 12 = sbeox0Mg/L: Oxygen, SBE 43 [mg/l]
# name 13 = sbox0Mm/Kg: Oxygen, SBE 43 [umol/kg]
# name 14 = oxsolMg/L: Oxygen Saturation, Garcia & Gordon [mg/l]
# name 15 = oxsolMm/Kg: Oxygen Saturation, Garcia & Gordon [umol/kg]
# name 16 = sbeox0PS: Oxygen, SBE 43 [% saturation]
# name 17 = flag:  0.000e+00
# span 0 =   38.92764,   38.92852       
# span 1 =  -73.21988,  -73.21832       
# span 2 =      1.456,     73.358       
# span 3 =      1.445,     72.790       
# span 4 =     9.9110,    11.3031       
# span 5 =    33.2626,    34.1949       
# span 6 =      8.083,      8.123       
# span 7 =     0.1625,     1.3713       
# span 8 = 1.6179e-13, 1.8185e+01       
# span 9 =  1025.3519,  1026.4868       
# span 10 =     9.9099,    11.2947      
# span 11 =    25.4473,    26.1602      
# span 12 =     8.1774,     9.3933      
# span 13 =    249.032,    286.169      
# span 14 =    8.82189,    9.13107      
# span 15 =  268.68053,  278.18114      
# span 16 =     92.004,    102.876      
# span 17 = 0.0000e+00, 0.0000e+00      
# interval = seconds: 0.0416667
# start_time = May 13 2022 22:50:45 [System UTC, first data scan.]
# bad_flag = -9.990e-29
*END*
[from data line 6352]
   38.92800  -73.21894     71.665     71.110    10.9422    34.1882      8.086     0.2162 2.7226e-13  1026.4768    10.9335    26.1552     8.2181    250.273    8.88921  270.71116     92.450 -9.990e-29
   38.92800  -73.21894     71.675     71.120    10.9421    34.1882      8.086     0.2162 2.7226e-13  1026.4768    10.9334    26.1553     8.2179    250.266    8.88923  270.71164     92.448 -9.990e-29
   38.92800  -73.21894     71.677     71.123    10.9419    34.1882      8.086     0.2162 2.7226e-13  1026.4772    10.9332    26.1554     8.2175    250.256    8.88917  270.70998     92.444 -9.990e-29
   38.92800  -73.21898     71.675     71.120    10.9420    34.1882      8.086     0.2028 2.7226e-13  1026.4771    10.9333    26.1554     8.2174    250.252    8.88939  270.71678     92.441 -9.990e-29
   38.92800  -73.21898     71.675     71.120    10.9421    34.1881      8.086     0.2028 2.7226e-13  1026.4768    10.9334    26.1552     8.2235    250.438    8.88960  270.72320     92.507 -9.990e-29
   38.92800  -73.21898     71.686     71.131    10.9419    34.1881      8.086     0.2028 2.7226e-13  1026.4769    10.9332    26.1552     8.2180    250.272    8.88966  270.72496     92.445 -9.990e-29
   38.92800  -73.21898     71.687     71.132    10.9422    34.1881      8.086     0.2028 2.7226e-13  1026.4768    10.9335    26.1552     8.2181    250.273    8.88958  270.72239     92.446 -9.990e-29
   38.92800  -73.21898     71.686     71.131    10.9421    34.1881      8.086     0.2028 2.7226e-13  1026.4768    10.9334    26.1552     8.2180    250.270    8.88937  270.71596     92.448 -9.990e-29
   38.92800  -73.21898     71.695     71.141    10.9419    34.1883      8.086     0.2028 2.7226e-13  1026.4773    10.9332    26.1554     8.2174    250.251    8.88928  270.71305     92.442 -9.990e-29
   38.92800  -73.21898     71.695     71.141    10.9419    34.1883      8.086     0.2028 2.7226e-13  1026.4771    10.9332    26.1554     8.2174    250.253    8.88930  270.71383     92.442 -9.990e-29
   38.92800  -73.21898     71.708     71.153    10.9421    34.1883      8.086     0.1894 2.7226e-13  1026.4770    10.9334    26.1554     8.2168    250.232    8.88923  270.71139     92.435 -9.990e-29
   38.92800  -73.21898     71.705     71.150    10.9421    34.1884      8.086     0.2028 2.7226e-13  1026.4774    10.9334    26.1554     8.2158    250.204    8.88896  270.70282     92.427 -9.990e-29
   38.92800  -73.21898     71.726     71.171    10.9424    34.1884      8.086     0.2028 2.7226e-13  1026.4774    10.9337    26.1554     8.2148    250.174    8.88869  270.69501     92.419 -9.990e-29
   38.92800  -73.21898     71.718     71.163    10.9424    34.1884      8.086     0.2028 2.7226e-13  1026.4772    10.9337    26.1554     8.2146    250.165    8.88855  270.69056     92.417 -9.990e-29
   38.92800  -73.21898     71.737     71.182    10.9424    34.1884      8.086     0.1894 2.7226e-13  1026.4774    10.9337    26.1554     8.2143    250.156    8.88841  270.68652     92.415 -9.990e-29
   38.92800  -73.21898     71.737     71.182    10.9422    34.1883      8.086     0.2028 2.7226e-13  1026.4772    10.9335    26.1553     8.2140    250.147    8.88828  270.68259     92.413 -9.990e-29
   38.92800  -73.21898     71.747     71.191    10.9422    34.1882      8.086     0.2028 2.7226e-13  1026.4773    10.9335    26.1552     8.2131    250.121    8.88828  270.68286     92.404 -9.990e-29
   38.92800  -73.21898     71.759     71.204    10.9419    34.1880      8.086     0.2028 2.7226e-13  1026.4771    10.9332    26.1552     8.2070    249.936    8.88812  270.67759     92.337 -9.990e-29
   38.92800  -73.21898     71.756     71.201    10.9419    34.1880      8.086     0.1894 2.7226e-13  1026.4770    10.9332    26.1552     8.2118    250.081    8.88806  270.67636     92.391 -9.990e-29
   38.92800  -73.21898     71.777     71.222    10.9417    34.1880      8.086     0.2028 2.7226e-13  1026.4775    10.9330    26.1553     8.2119    250.086    8.88855  270.69177     92.388 -9.990e-29
   38.92800  -73.21898     71.790     71.234    10.9419    34.1881      8.086     0.2028 2.7226e-13  1026.4774    10.9332    26.1553     8.2121    250.090    8.88903  270.70598     92.384 -9.990e-29
   38.92800  -73.21898     71.798     71.242    10.9416    34.1881      8.086     0.2028 2.7226e-13  1026.4775    10.9329    26.1554     8.2118    250.081    8.88906  270.70676     92.381 -9.990e-29
   38.92800  -73.21898     71.809     71.253    10.9414    34.1881      8.086     0.2028 2.7226e-13  1026.4778    10.9327    26.1554     8.2112    250.062    8.88880  270.69857     92.377 -9.990e-29
   38.92800  -73.21898     71.798     71.242    10.9412    34.1881      8.086     0.1894 2.7226e-13  1026.4775    10.9325    26.1553     8.2162    250.215    8.88857  270.69131     92.436 -9.990e-29
   38.92800  -73.21898     71.841     71.285    10.9410    34.1881      8.086     0.2028 2.7226e-13  1026.4776    10.9323    26.1553     8.2104    250.039    8.88827  270.68194     92.374 -9.990e-29
   38.92800  -73.21898     71.849     71.293    10.9409    34.1881      8.086     0.2028 2.7226e-13  1026.4777    10.9322    26.1554     8.2097    250.017    8.88803  270.67474     92.368 -9.990e-29
   38.92800  -73.21898     71.860     71.304    10.9410    34.1883      8.086     0.2028 2.7226e-13  1026.4780    10.9323    26.1555     8.2090    249.996    8.88781  270.66811     92.362 -9.990e-29
   38.92802  -73.21898     71.871     71.315    10.9412    34.1885      8.086     0.2028 2.7226e-13  1026.4783    10.9325    26.1557     8.2084    249.978    8.88774  270.66617     92.356 -9.990e-29
   38.92802  -73.21898     71.879     71.323    10.9415    34.1886      8.086     0.2162 2.7226e-13  1026.4783    10.9328    26.1557     8.2080    249.964    8.88783  270.66919     92.350 -9.990e-29
   38.92802  -73.21898     71.900     71.344    10.9421    34.1887      8.086     0.2162 2.7226e-13  1026.4783    10.9334    26.1557     8.2081    249.968    8.88792  270.67190     92.351 -9.990e-29
   38.92802  -73.21898     71.913     71.356    10.9421    34.1887      8.086     0.2297 2.7373e-13  1026.4786    10.9334    26.1557     8.2082    249.970    8.88794  270.67237     92.352 -9.990e-29
   38.92802  -73.21898     71.931     71.374    10.9422    34.1887      8.086     0.2297 2.7373e-13  1026.4785    10.9335    26.1557     8.2025    249.800    8.88795  270.67269     92.288 -9.990e-29
   38.92802  -73.21898     71.942     71.385    10.9421    34.1885      8.086     0.2297 2.7373e-13  1026.4784    10.9334    26.1556     8.2071    249.937    8.88797  270.67318     92.339 -9.990e-29
   38.92802  -73.21898     71.964     71.407    10.9420    34.1883      8.086     0.2297 2.7373e-13  1026.4783    10.9333    26.1554     8.2071    249.938    8.88793  270.67222     92.340 -9.990e-29
   38.92802  -73.21898     71.993     71.436    10.9419    34.1881      8.086     0.2297 2.7373e-13  1026.4785    10.9332    26.1552     8.2071    249.938    8.88790  270.67133     92.340 -9.990e-29
   38.92802  -73.21898     72.003     71.445    10.9417    34.1874      8.086     0.2162 2.7373e-13  1026.4781    10.9330    26.1547     8.2065    249.921    8.88793  270.67224     92.333 -9.990e-29
   38.92802  -73.21898     72.023     71.466    10.9419    34.1874      8.086     0.2162 2.7373e-13  1026.4764    10.9332    26.1543     8.2066    249.923    8.88796  270.67309     92.334 -9.990e-29
   38.92802  -73.21898     72.046     71.488    10.9417    34.1874      8.086     0.2297 2.7373e-13  1026.4782    10.9330    26.1547     8.2009    249.750    8.88793  270.67209     92.270 -9.990e-29
   38.92802  -73.21898     72.075     71.517    10.9417    34.1873      8.086     0.2162 2.7373e-13  1026.4791    10.9330    26.1551     8.2004    249.733    8.88794  270.67222     92.264 -9.990e-29
   38.92802  -73.21898     72.075     71.517    10.9414    34.1873      8.086     0.2297 2.7373e-13  1026.4785    10.9327    26.1549     8.2055    249.888    8.88791  270.67153     92.321 -9.990e-29
   38.92802  -73.21898     72.118     71.559    10.9409    34.1875      8.086     0.2297 2.7522e-13  1026.4776    10.9322    26.1546     8.2056    249.892    8.88798  270.67357     92.322 -9.990e-29
   38.92802  -73.21898     72.137     71.579    10.9397    34.1875      8.086     0.2162 2.7522e-13  1026.4786    10.9310    26.1549     8.2000    249.721    8.88797  270.67332     92.259 -9.990e-29
   38.92802  -73.21898     72.158     71.599    10.9396    34.1880      8.086     0.2297 2.7522e-13  1026.4795    10.9308    26.1555     8.2051    249.876    8.88792  270.67150     92.317 -9.990e-29
   38.92802  -73.21898     72.180     71.621    10.9399    34.1884      8.086     0.2297 2.7522e-13  1026.4799    10.9311    26.1558     8.2051    249.878    8.88791  270.67142     92.318 -9.990e-29
   38.92802  -73.21898     72.209     71.650    10.9402    34.1887      8.086     0.2297 2.7522e-13  1026.4799    10.9315    26.1560     8.1996    249.710    8.88796  270.67301     92.255 -9.990e-29
   38.92802  -73.21898     72.228     71.669    10.9405    34.1890      8.086     0.2162 2.7522e-13  1026.4805    10.9318    26.1562     8.1993    249.699    8.88812  270.67798     92.250 -9.990e-29
   38.92802  -73.21898     72.250     71.691    10.9416    34.1890      8.086     0.2297 2.7522e-13  1026.4804    10.9328    26.1562     8.1933    249.519    8.88833  270.68457     92.181 -9.990e-29
   38.92802  -73.21898     72.291     71.731    10.9419    34.1890      8.086     0.2297 2.7522e-13  1026.4806    10.9331    26.1560     8.1979    249.659    8.88830  270.68331     92.233 -9.990e-29
   38.92802  -73.21898     72.322     71.763    10.9426    34.1888      8.086     0.2162 2.7672e-13  1026.4800    10.9338    26.1558     8.1974    249.642    8.88814  270.67827     92.228 -9.990e-29
   38.92802  -73.21898     72.351     71.791    10.9424    34.1886      8.086     0.2162 2.7672e-13  1026.4804    10.9336    26.1555     8.1969    249.629    8.88808  270.67648     92.224 -9.990e-29
   38.92802  -73.21898     72.383     71.823    10.9429    34.1882      8.086     0.2297 2.7672e-13  1026.4800    10.9341    26.1552     8.1967    249.620    8.88816  270.67912     92.220 -9.990e-29
   38.92800  -73.21896     72.415     71.855    10.9419    34.1880      8.086     0.2297 2.7672e-13  1026.4799    10.9331    26.1550     8.1964    249.613    8.88823  270.68121     92.216 -9.990e-29
   38.92800  -73.21896     72.444     71.883    10.9409    34.1880      8.086     0.2297 2.7672e-13  1026.4799    10.9321    26.1551     8.1960    249.601    8.88818  270.67958     92.213 -9.990e-29
   38.92800  -73.21896     72.465     71.904    10.9404    34.1880      8.086     0.2162 2.7672e-13  1026.4806    10.9316    26.1554     8.1963    249.609    8.88807  270.67625     92.217 -9.990e-29
   38.92800  -73.21896     72.497     71.936    10.9405    34.1885      8.086     0.2297 2.7672e-13  1026.4813    10.9318    26.1558     8.1960    249.599    8.88800  270.67399     92.214 -9.990e-29
   38.92800  -73.21896     72.526     71.964    10.9416    34.1889      8.086     0.2162 2.7824e-13  1026.4815    10.9328    26.1559     8.1957    249.591    8.88794  270.67233     92.212 -9.990e-29
   38.92800  -73.21896     72.567     72.006    10.9421    34.1890      8.086     0.2297 2.7824e-13  1026.4816    10.9333    26.1559     8.1954    249.582    8.88783  270.66898     92.209 -9.990e-29
   38.92800  -73.21896     72.589     72.028    10.9421    34.1892      8.086     0.2297 2.7824e-13  1026.4814    10.9333    26.1561     8.1951    249.573    8.88771  270.66544     92.207 -9.990e-29
   38.92800  -73.21896     72.628     72.066    10.9420    34.1900      8.086     0.2297 2.7824e-13  1026.4827    10.9332    26.1567     8.1948    249.565    8.88756  270.66087     92.206 -9.990e-29
   38.92800  -73.21896     72.661     72.099    10.9431    34.1908      8.086     0.2297 2.7978e-13  1026.4837    10.9343    26.1571     8.1947    249.560    8.88753  270.66003     92.204 -9.990e-29
   38.92800  -73.21896     72.681     72.118    10.9445    34.1908      8.086     0.2297 2.7978e-13  1026.4833    10.9357    26.1571     8.1947    249.561    8.88767  270.66416     92.203 -9.990e-29
   38.92800  -73.21896     72.721     72.158    10.9454    34.1908      8.086     0.2297 2.7978e-13  1026.4831    10.9366    26.1568     8.1892    249.392    8.88783  270.66922     92.139 -9.990e-29
   38.92800  -73.21896     72.743     72.180    10.9462    34.1905      8.086     0.2297 2.7978e-13  1026.4828    10.9374    26.1564     8.1943    249.548    8.88793  270.67210     92.196 -9.990e-29
   38.92800  -73.21896     72.793     72.229    10.9470    34.1902      8.086     0.2297 2.7978e-13  1026.4825    10.9382    26.1560     8.1887    249.379    8.88804  270.67549     92.132 -9.990e-29
   38.92800  -73.21896     72.815     72.251    10.9470    34.1901      8.086     0.2297 2.7978e-13  1026.4825    10.9382    26.1559     8.1883    249.364    8.88809  270.67714     92.126 -9.990e-29
   38.92800  -73.21896     72.844     72.280    10.9477    34.1899      8.086     0.2297 2.7978e-13  1026.4831    10.9389    26.1556     8.1879    249.353    8.88823  270.68152     92.120 -9.990e-29
   38.92800  -73.21896     72.895     72.331    10.9485    34.1887      8.086     0.2297 2.8133e-13  1026.4818    10.9397    26.1547     8.1868    249.320    8.88819  270.68013     92.109 -9.990e-29
   38.92800  -73.21896     72.897     72.332    10.9467    34.1884      8.086     0.2297 2.8133e-13  1026.4802    10.9379    26.1540     8.1862    249.301    8.88801  270.67461     92.104 -9.990e-29
   38.92800  -73.21896     72.926     72.361    10.9440    34.1884      8.086     0.2297 2.8133e-13  1026.4812    10.9352    26.1542     8.1915    249.462    8.88800  270.67404     92.163 -9.990e-29
   38.92800  -73.21896     72.959     72.394    10.9434    34.1884      8.086     0.2162 2.8133e-13  1026.4827    10.9345    26.1551     8.1915    249.463    8.88781  270.66825     92.166 -9.990e-29
   38.92800  -73.21896     72.998     72.433    10.9444    34.1895      8.086     0.2162 2.8133e-13  1026.4836    10.9356    26.1559     8.1860    249.296    8.88769  270.66475     92.105 -9.990e-29
   38.92800  -73.21896     73.020     72.455    10.9454    34.1905      8.086     0.2162 2.8133e-13  1026.4842    10.9365    26.1564     8.1914    249.461    8.88773  270.66606     92.166 -9.990e-29
   38.92800  -73.21896     73.049     72.483    10.9467    34.1912      8.086     0.2297 2.8290e-13  1026.4848    10.9378    26.1568     8.1924    249.491    8.88776  270.66699     92.176 -9.990e-29
   38.92800  -73.21896     73.081     72.515    10.9478    34.1912      8.086     0.2297 2.8290e-13  1026.4850    10.9390    26.1568     8.1871    249.330    8.88774  270.66621     92.117 -9.990e-29
   38.92800  -73.21896     73.100     72.534    10.9490    34.1912      8.086     0.2297 2.8290e-13  1026.4847    10.9402    26.1565     8.1868    249.321    8.88758  270.66141     92.116 -9.990e-29
   38.92800  -73.21898     73.121     72.555    10.9497    34.1908      8.086     0.2297 2.8290e-13  1026.4840    10.9408    26.1560     8.1866    249.314    8.88746  270.65784     92.114 -9.990e-29
   38.92800  -73.21898     73.153     72.586    10.9494    34.1904      8.086     0.2297 2.8290e-13  1026.4837    10.9405    26.1557     8.1923    249.488    8.88756  270.66080     92.177 -9.990e-29
   38.92800  -73.21898     73.172     72.606    10.9489    34.1902      8.086     0.2297 2.8290e-13  1026.4840    10.9400    26.1556     8.1932    249.515    8.88789  270.67107     92.184 -9.990e-29
   38.92800  -73.21898     73.194     72.628    10.9487    34.1902      8.086     0.2162 2.8290e-13  1026.4843    10.9398    26.1556     8.1883    249.367    8.88809  270.67737     92.127 -9.990e-29
   38.92800  -73.21898     73.214     72.647    10.9489    34.1901      8.086     0.2297 2.8290e-13  1026.4838    10.9400    26.1556     8.1886    249.376    8.88836  270.68553     92.127 -9.990e-29
