CalculateIndicators/WaterTemperature/Data/CTD_NYOS/20220513_C06.cnv
* Sea-Bird SBE 9 Data File:
* FileName = C:\Seabird 9 CTD\Data\2022\202205_offshore\20220513_C06.hex
* Software Version Seasave V 7.23.2
* Temperature SN = 4590
* Conductivity SN = 3228
* Number of Bytes Per Scan = 44
* Number of Voltage Words = 5
* Number of Scans Averaged by the Deck Unit = 1
* NMEA Latitude = 39 19.72 N
* NMEA Longitude = 073 22.18 W
* NMEA UTC (Time) = Sep 27 2002  18:50:28
* NMEA baud rate = 4800
** Ship: seawolf
** Station: 7.4
** Operator: EIH
# nquan = 18
# nvalues = 13407                       
# units = specified
# name 0 = latitude: Latitude [deg]
# name 1 = longitude: Longitude [deg]
# name 2 = prDM: Pressure, Digiquartz [db]
# name 3 = depSM: Depth [salt water, m]
# name 4 = t090C: Temperature [ITS-90, deg C]
# name 5 = sal00: Salinity, Practical [PSU]
# name 6 = ph: pH
# name 7 = flECO-AFL: Fluorescence, WET Labs ECO-AFL/FL [mg/m^3]
# name 8 = cpar: CPAR/Corrected Irradiance [%]
# name 9 = density00: Density [density, kg/m^3]
# name 10 = potemp090C: Potential Temperature [ITS-90, deg C]
# name 11 = sigma-é00: Density [sigma-theta, kg/m^3]
# name 12 = sbeox0Mg/L: Oxygen, SBE 43 [mg/l]
# name 13 = sbox0Mm/Kg: Oxygen, SBE 43 [umol/kg]
# name 14 = oxsolMg/L: Oxygen Saturation, Garcia & Gordon [mg/l]
# name 15 = oxsolMm/Kg: Oxygen Saturation, Garcia & Gordon [umol/kg]
# name 16 = sbeox0PS: Oxygen, SBE 43 [% saturation]
# name 17 = flag:  0.000e+00
# span 0 =   39.32868,   39.32930       
# span 1 =  -73.37194,  -73.36966       
# span 2 =      1.806,     47.533       
# span 3 =      1.792,     47.166       
# span 4 =     8.8507,     9.6401       
# span 5 =    33.0454,    33.1760       
# span 6 =      8.085,      8.107       
# span 7 =     0.0954,     0.9684       
# span 8 = 6.0364e-02, 3.1410e+01       
# span 9 =  1025.5254,  1025.9253       
# span 10 =     8.8458,     9.6395      
# span 11 =    25.5035,    25.7097      
# span 12 =     9.0757,     9.4833      
# span 13 =    276.512,    288.960      
# span 14 =    9.20880,    9.36761      
# span 15 =  280.62128,  285.42243      
# span 16 =     96.917,    102.334      
# span 17 = 0.0000e+00, 0.0000e+00      
# interval = seconds: 0.0416667
# start_time = May 13 2022 18:50:28 [System UTC, first data scan.]
# bad_flag = -9.990e-29
*END*
[from data line 1287]
   39.32876  -73.37002     14.568     14.457     8.9336    33.1013 -9.990e-29     0.6192 2.8924e+00  1025.7086     8.9321    25.6422     9.3595    285.176    9.35362  284.99665    100.063 -9.990e-29
   39.32876  -73.37002     14.580     14.469     8.9346    33.1013 -9.990e-29     0.6192 2.8819e+00  1025.7083     8.9331    25.6422     9.3596    285.177    9.35359  284.99577    100.064 -9.990e-29
   39.32876  -73.37002     14.598     14.487     8.9350    33.1013 -9.990e-29     0.6192 2.8819e+00  1025.7085     8.9334    25.6420     9.3597    285.183    9.35360  284.99593    100.066 -9.990e-29
   39.32876  -73.37002     14.610     14.499     8.9357    33.1012 -9.990e-29     0.6192 2.8738e+00  1025.7081     8.9342    25.6418     9.3592    285.168    9.35360  284.99586    100.060 -9.990e-29
   39.32876  -73.37000     14.617     14.506     8.9351    33.1012 -9.990e-29     0.6192 2.8577e+00  1025.7079     8.9336    25.6417     9.3595    285.176    9.35359  284.99584    100.063 -9.990e-29
   39.32876  -73.37000     14.631     14.519     8.9343    33.1012 -9.990e-29     0.6192 2.8577e+00  1025.7081     8.9328    25.6418     9.3591    285.164    9.35361  284.99638    100.059 -9.990e-29
   39.32876  -73.37000     14.659     14.547     8.9337    33.1017 -9.990e-29     0.6057 2.8497e+00  1025.7088     8.9322    25.6423     9.3594    285.174    9.35359  284.99560    100.062 -9.990e-29
   39.32876  -73.37000     14.661     14.549     8.9353    33.1017 -9.990e-29     0.6192 2.8314e+00  1025.7099     8.9338    25.6427     9.3597    285.183    9.35355  284.99438    100.066 -9.990e-29
   39.32876  -73.37000     14.689     14.577     8.9385    33.1017 -9.990e-29     0.6057 2.8314e+00  1025.7095     8.9370    25.6425     9.3602    285.198    9.35357  284.99509    100.071 -9.990e-29
   39.32876  -73.37000     14.692     14.579     8.9397    33.1016 -9.990e-29     0.6192 2.8314e+00  1025.7086     8.9382    25.6416     9.3608    285.216    9.35366  284.99796    100.077 -9.990e-29
   39.32876  -73.37000     14.719     14.607     8.9391    33.0998 -9.990e-29     0.6057 2.8075e+00  1025.7072     8.9375    25.6403     9.3610    285.222    9.35398  285.00783    100.075 -9.990e-29
   39.32876  -73.37000     14.733     14.620     8.9359    33.0978 -9.990e-29     0.6192 2.8075e+00  1025.7054     8.9344    25.6392     9.3611    285.224    9.35415  285.01276    100.074 -9.990e-29
   39.32876  -73.37000     14.770     14.657     8.9312    33.0978 -9.990e-29     0.6192 2.7997e+00  1025.7057     8.9297    25.6390     9.3609    285.218    9.35405  285.00957    100.073 -9.990e-29
   39.32876  -73.37000     14.782     14.670     8.9278    33.0978      8.099     0.6192 2.7862e+00  1025.7065     8.9263    25.6397     9.3606    285.209    9.35385  285.00328    100.072 -9.990e-29
   39.32876  -73.37000     14.800     14.687     8.9250    33.0983      8.099     0.6057 2.7784e+00  1025.7081     8.9235    25.6410     9.3602    285.196    9.35347  284.99200    100.072 -9.990e-29
   39.32876  -73.37000     14.824     14.710     8.9242    33.0999      8.099     0.6057 2.7784e+00  1025.7100     8.9226    25.6424     9.3600    285.190    9.35330  284.98675    100.071 -9.990e-29
   39.32876  -73.37000     14.842     14.728     8.9254    33.1014      8.099     0.6057 2.7628e+00  1025.7111     8.9238    25.6435     9.3601    285.193    9.35337  284.98930    100.072 -9.990e-29
   39.32876  -73.37000     14.854     14.740     8.9271    33.1024      8.099     0.6057 2.7550e+00  1025.7116     8.9256    25.6442     9.3603    285.199    9.35351  284.99341    100.072 -9.990e-29
   39.32876  -73.37000     14.881     14.768     8.9304    33.1024      8.099     0.6192 2.7528e+00  1025.7131     8.9289    25.6442     9.3603    285.199    9.35345  284.99145    100.073 -9.990e-29
   39.32876  -73.37000     14.905     14.791     8.9360    33.1024      8.099     0.6192 2.7373e+00  1025.7107     8.9344    25.6429     9.3603    285.199    9.35334  284.98804    100.074 -9.990e-29
   39.32876  -73.37000     14.925     14.811     8.9360    33.1003      8.099     0.6192 2.7274e+00  1025.7084     8.9344    25.6413     9.3603    285.199    9.35320  284.98373    100.075 -9.990e-29
   39.32876  -73.37000     14.953     14.839     8.9331    33.0992      8.099     0.6057 2.7197e+00  1025.7078     8.9315    25.6405     9.3604    285.202    9.35314  284.98221    100.077 0.0000e+00
   39.32876  -73.37000     14.965     14.851     8.9306    33.0992      8.099     0.6057 2.7121e+00  1025.7084     8.9290    25.6407     9.3606    285.211    9.35324  284.98505    100.079 0.0000e+00
   39.32876  -73.37000     14.983     14.869     8.9288    33.0992      8.099     0.5923 2.6946e+00  1025.7096     8.9272    25.6413     9.3608    285.215    9.35317  284.98306    100.081 0.0000e+00
   39.32876  -73.37000     15.016     14.902     8.9280    33.0994      8.099     0.5923 2.6946e+00  1025.7099     8.9264    25.6416     9.3610    285.220    9.35307  284.98011    100.084 0.0000e+00
   39.32876  -73.37000     15.034     14.919     8.9273    33.0994      8.094     0.5789 2.6848e+00  1025.7099     8.9257    25.6417     9.3610    285.222    9.35287  284.97397    100.087 0.0000e+00
   39.32876  -73.37000     15.067     14.952     8.9262    33.0994      8.099     0.5923 2.6773e+00  1025.7104     8.9246    25.6418     9.3611    285.226    9.35272  284.96940    100.090 0.0000e+00
   39.32876  -73.37000     15.085     14.970     8.9256    33.0994      8.099     0.5789 2.6698e+00  1025.7104     8.9241    25.6420     9.3615    285.237    9.35273  284.96956    100.094 0.0000e+00
   39.32876  -73.37002     15.107     14.992     8.9254    33.0994      8.094     0.5923 2.6623e+00  1025.7108     8.9238    25.6420     9.3679    285.433    9.35284  284.97325    100.161 -9.990e-29
   39.32876  -73.37002     15.104     14.989     8.9250    33.0994      8.099     0.5923 2.6473e+00  1025.7107     8.9234    25.6420     9.3633    285.291    9.35310  284.98137    100.109 -9.990e-29
   39.32876  -73.37002     15.148     15.033     8.9250    33.0994      8.094     0.5789 2.6473e+00  1025.7105     8.9234    25.6419     9.3638    285.308    9.35325  284.98557    100.113 0.0000e+00
   39.32876  -73.37002     15.179     15.063     8.9245    33.0994      8.099     0.5789 2.6399e+00  1025.7112     8.9230    25.6421     9.3641    285.315    9.35308  284.98030    100.118 0.0000e+00
   39.32876  -73.37002     15.206     15.090     8.9244    33.0993      8.099     0.5789 2.6251e+00  1025.7114     8.9228    25.6421     9.3578    285.123    9.35302  284.97856    100.051 0.0000e+00
   39.32876  -73.37002     15.209     15.093     8.9244    33.0994      8.099     0.5789 2.6177e+00  1025.7109     8.9228    25.6421     9.3628    285.278    9.35302  284.97866    100.105 0.0000e+00
   39.32876  -73.37002     15.236     15.120     8.9235    33.0994      8.099     0.5923 2.6177e+00  1025.7114     8.9219    25.6421     9.3634    285.296    9.35315  284.98273    100.110 0.0000e+00
   39.32876  -73.37002     15.269     15.153     8.9232    33.0995      8.099     0.5789 2.6030e+00  1025.7116     8.9216    25.6423     9.3642    285.318    9.35332  284.98811    100.116 -9.990e-29
   39.32876  -73.37002     15.269     15.153     8.9231    33.0997      8.099     0.5789 2.5957e+00  1025.7121     8.9215    25.6425     9.3650    285.343    9.35360  284.99646    100.122 -9.990e-29
   39.32876  -73.37002     15.298     15.181     8.9231    33.0997      8.099     0.5789 2.5935e+00  1025.7119     8.9215    25.6425     9.3648    285.338    9.35358  284.99545    100.120 0.0000e+00
   39.32876  -73.37002     15.320     15.203     8.9226    33.0997      8.094     0.5923 2.5790e+00  1025.7121     8.9210    25.6426     9.3652    285.348    9.35339  284.98964    100.126 0.0000e+00
   39.32876  -73.37002     15.349     15.232     8.9224    33.0998      8.094     0.5923 2.5717e+00  1025.7125     8.9208    25.6427     9.3655    285.358    9.35313  284.98177    100.132 0.0000e+00
   39.32876  -73.37002     15.371     15.254     8.9226    33.0998      8.094     0.5923 2.5696e+00  1025.7128     8.9210    25.6427     9.3659    285.372    9.35300  284.97794    100.138 0.0000e+00
   39.32876  -73.37002     15.379     15.262     8.9229    33.0998      8.099     0.5923 2.5603e+00  1025.7124     8.9213    25.6426     9.3665    285.390    9.35296  284.97688    100.145 0.0000e+00
   39.32876  -73.37002     15.411     15.293     8.9232    33.0999      8.099     0.5923 2.5510e+00  1025.7123     8.9216    25.6426     9.3666    285.393    9.35303  284.97883    100.145 0.0000e+00
   39.32876  -73.37002     15.422     15.304     8.9232    33.1000      8.094     0.5923 2.5510e+00  1025.7130     8.9216    25.6428     9.3674    285.417    9.35316  284.98309    100.152 0.0000e+00
   39.32876  -73.37002     15.440     15.322     8.9244    33.1000      8.099     0.5923 2.5418e+00  1025.7130     8.9227    25.6429     9.3674    285.417    9.35318  284.98335    100.152 0.0000e+00
   39.32876  -73.37002     15.462     15.344     8.9245    33.1000      8.099     0.5923 2.5275e+00  1025.7130     8.9229    25.6427     9.3672    285.412    9.35302  284.97872    100.152 0.0000e+00
   39.32876  -73.37002     15.491     15.373     8.9249    33.1001      8.099     0.5789 2.5275e+00  1025.7126     8.9232    25.6426     9.3672    285.412    9.35303  284.97901    100.152 0.0000e+00
   39.32876  -73.37002     15.503     15.385     8.9244    33.1001      8.099     0.6192 2.5204e+00  1025.7131     8.9227    25.6426     9.3675    285.420    9.35328  284.98652    100.152 0.0000e+00
   39.32876  -73.37002     15.533     15.415     8.9245    33.1001      8.099     0.6460 2.5204e+00  1025.7132     8.9229    25.6426     9.3625    285.267    9.35352  284.99382    100.096 -9.990e-29
   39.32876  -73.37002     15.531     15.412     8.9247    33.1001      8.094     0.6595 2.5204e+00  1025.7132     8.9231    25.6426     9.3621    285.257    9.35379  285.00224    100.089 -9.990e-29
   39.32876  -73.37002     15.554     15.435     8.9247    33.1001      8.099     0.6460 2.5133e+00  1025.7132     8.9231    25.6427     9.3678    285.430    9.35409  285.01121    100.147 0.0000e+00
   39.32876  -73.37002     15.564     15.445     8.9245    33.1001      8.099     0.6460 2.5204e+00  1025.7136     8.9229    25.6427     9.3619    285.250    9.35409  285.01092    100.084 0.0000e+00
   39.32876  -73.37002     15.602     15.483     8.9247    33.1001      8.094     0.6460 2.5133e+00  1025.7135     8.9231    25.6426     9.3672    285.411    9.35400  285.00829    100.141 -9.990e-29
   39.32876  -73.37002     15.604     15.484     8.9247    33.1001      8.094     0.6460 2.5133e+00  1025.7133     8.9231    25.6425     9.3673    285.414    9.35398  285.00764    100.143 -9.990e-29
   39.32876  -73.37002     15.642     15.523     8.9247    33.1001      8.094     0.6460 2.5204e+00  1025.7137     8.9230    25.6426     9.3674    285.417    9.35399  285.00793    100.144 -9.990e-29
   39.32876  -73.37002     15.635     15.516     8.9249    33.1000      8.094     0.6460 2.5113e+00  1025.7137     8.9232    25.6426     9.3676    285.422    9.35403  285.00917    100.145 -9.990e-29
   39.32876  -73.37002     15.666     15.546     8.9249    33.0997      8.099     0.6460 2.5133e+00  1025.7136     8.9232    25.6423     9.3677    285.426    9.35406  285.01026    100.146 0.0000e+00
   39.32876  -73.37002     15.683     15.564     8.9247    33.0995      8.099     0.6460 2.5133e+00  1025.7130     8.9230    25.6421     9.3680    285.434    9.35420  285.01455    100.147 0.0000e+00
   39.32876  -73.37002     15.696     15.576     8.9232    33.0995      8.099     0.6460 2.5133e+00  1025.7131     8.9216    25.6421     9.3683    285.443    9.35440  285.02054    100.148 0.0000e+00
   39.32876  -73.37002     15.716     15.596     8.9222    33.0995      8.099     0.6460 2.5133e+00  1025.7138     8.9206    25.6425     9.3624    285.263    9.35435  285.01884    100.086 0.0000e+00
   39.32876  -73.37002     15.734     15.614     8.9224    33.1003      8.099     0.6460 2.5225e+00  1025.7147     8.9207    25.6431     9.3677    285.427    9.35430  285.01744    100.144 -9.990e-29
   39.32876  -73.37002     15.736     15.615     8.9231    33.1003      8.099     0.6460 2.5225e+00  1025.7154     8.9214    25.6433     9.3618    285.247    9.35425  285.01605    100.081 -9.990e-29
   39.32876  -73.37002     15.765     15.644     8.9252    33.1003      8.099     0.6460 2.5225e+00  1025.7144     8.9235    25.6430     9.3613    285.232    9.35426  285.01635    100.076 0.0000e+00
   39.32876  -73.37002     15.777     15.656     8.9260    33.1002      8.099     0.6460 2.5245e+00  1025.7143     8.9244    25.6425     9.3669    285.401    9.35432  285.01819    100.134 0.0000e+00
   39.32876  -73.37002     15.807     15.686     8.9260    33.1001      8.099     0.6460 2.5316e+00  1025.7136     8.9243    25.6422     9.3612    285.229    9.35448  285.02343    100.072 0.0000e+00
   39.32876  -73.37002     15.815     15.695     8.9252    33.1001      8.094     0.6460 2.5337e+00  1025.7141     8.9235    25.6422     9.3669    285.400    9.35457  285.02579    100.131 0.0000e+00
   39.32876  -73.37002     15.828     15.707     8.9253    33.1001      8.099     0.6460 2.5337e+00  1025.7145     8.9237    25.6425     9.3671    285.408    9.35462  285.02734    100.134 0.0000e+00
   39.32876  -73.37002     15.858     15.737     8.9258    33.1002      8.094     0.6460 2.5429e+00  1025.7147     8.9242    25.6426     9.3614    285.234    9.35466  285.02857    100.072 0.0000e+00
   39.32876  -73.37002     15.876     15.755     8.9265    33.1002      8.099     0.6460 2.5450e+00  1025.7147     8.9248    25.6425     9.3670    285.403    9.35467  285.02864    100.131 0.0000e+00
   39.32876  -73.37002     15.898     15.777     8.9268    33.1002      8.094     0.6460 2.5471e+00  1025.7146     8.9251    25.6425     9.3612    285.228    9.35467  285.02865    100.070 0.0000e+00
   39.32876  -73.37002     15.909     15.787     8.9263    33.1002      8.094     0.6460 2.5564e+00  1025.7147     8.9247    25.6424     9.3608    285.216    9.35465  285.02799    100.066 0.0000e+00
   39.32876  -73.37002     15.927     15.805     8.9268    33.1002      8.099     0.6460 2.5564e+00  1025.7144     8.9251    25.6423     9.3605    285.205    9.35467  285.02854    100.062 0.0000e+00
   39.32876  -73.37002     15.959     15.837     8.9272    33.1002      8.094     0.6460 2.5585e+00  1025.7147     8.9255    25.6423     9.3601    285.193    9.35465  285.02802    100.058 0.0000e+00
   39.32876  -73.37002     15.970     15.848     8.9280    33.1002      8.099     0.6326 2.5678e+00  1025.7151     8.9263    25.6424     9.3656    285.362    9.35454  285.02458    100.118 0.0000e+00
   39.32876  -73.37002     15.978     15.856     8.9288    33.1002      8.094     0.6326 2.5678e+00  1025.7148     8.9271    25.6422     9.3600    285.190    9.35450  285.02337    100.058 0.0000e+00
   39.32876  -73.37002     16.009     15.887     8.9288    33.1000      8.099     0.6326 2.5678e+00  1025.7149     8.9271    25.6419     9.3656    285.363    9.35450  285.02333    100.119 0.0000e+00
   39.32878  -73.37004     16.020     15.898     8.9286    33.0993      8.099     0.6326 2.5750e+00  1025.7140     8.9269    25.6414     9.3660    285.373    9.35444  285.02159    100.123 0.0000e+00
   39.32878  -73.37004     16.038     15.916     8.9275    33.0993      8.099     0.6326 2.5772e+00  1025.7138     8.9258    25.6412     9.3610    285.222    9.35437  285.01951    100.071 0.0000e+00
   39.32878  -73.37004     16.071     15.949     8.9267    33.0993      8.094     0.6326 2.5772e+00  1025.7145     8.9250    25.6415     9.3607    285.212    9.35429  285.01716    100.068 0.0000e+00
