CalculateIndicators/WaterTemperature/Data/CTD_NYOS/20220513_C07.cnv
* Sea-Bird SBE 9 Data File:
* FileName = C:\Seabird 9 CTD\Data\2022\202205_offshore\20220513_C07.hex
* Software Version Seasave V 7.23.2
* Temperature SN = 4590
* Conductivity SN = 3228
* Number of Bytes Per Scan = 44
* Number of Voltage Words = 5
* Number of Scans Averaged by the Deck Unit = 1
* NMEA Latitude = 38 55.65 N
* NMEA Longitude = 073 13.10 W
* NMEA UTC (Time) = Sep 27 2002  22:50:45
* NMEA baud rate = 4800
** Ship: seawolf
** Station: 7.5
** Operator: TDK
# nquan = 18
# nvalues = 15932                       
# units = specified
# name 0 = latitude: Latitude [deg]
# name 1 = longitude: Longitude [deg]
# name 2 = prDM: Pressure, Digiquartz [db]
# name 3 = depSM: Depth [salt water, m]
# name 4 = t090C: Temperature [ITS-90, deg C]
# name 5 = sal00: Salinity, Practical [PSU]
# name 6 = ph: pH
# name 7 = flECO-AFL: Fluorescence, WET Labs ECO-AFL/FL [mg/m^3]
# name 8 = cpar: CPAR/Corrected Irradiance [%]
# name 9 = density00: Density [density, kg/m^3]
# name 10 = potemp090C: Potential Temperature [ITS-90, deg C]
# name 11 = sigma-é00: Density [sigma-theta, kg/m^3]
# name 12 = sbeox0Mg/L: Oxygen, SBE 43 [mg/l]
# name 13 = sbox0Mm/Kg: Oxygen, SBE 43 [umol/kg]
# name 14 = oxsolMg/L: Oxygen Saturation, Garcia & Gordon [mg/l]
# name 15 = oxsolMm/Kg: Oxygen Saturation, Garcia & Gordon [umol/kg]
# name 16 = sbeox0PS: Oxygen, SBE 43 [% saturation]
# name 17 = flag:  0.000e+00
# span 0 =   38.92764,   38.92852       
# span 1 =  -73.21988,  -73.21832       
# span 2 =      1.456,     73.358       
# span 3 =      1.445,     72.790       
# span 4 =     9.9110,    11.3031       
# span 5 =    33.2626,    34.1949       
# span 6 =      8.083,      8.123       
# span 7 =     0.1625,     1.3713       
# span 8 = 1.6179e-13, 1.8185e+01       
# span 9 =  1025.3519,  1026.4868       
# span 10 =     9.9099,    11.2947      
# span 11 =    25.4473,    26.1602      
# span 12 =     8.1774,     9.3933      
# span 13 =    249.032,    286.169      
# span 14 =    8.82189,    9.13107      
# span 15 =  268.68053,  278.18114      
# span 16 =     92.004,    102.876      
# span 17 = 0.0000e+00, 0.0000e+00      
# interval = seconds: 0.0416667
# start_time = May 13 2022 22:50:45 [System UTC, first data scan.]
# bad_flag = -9.990e-29
*END*
[from data line 8282]
 -9.990e-29  -73.21914     49.514     49.134    10.7770    33.9515      8.110     0.6192 4.4886e-03  1026.2222    10.7711    25.9997     8.6467    263.368    8.96621  273.10106     96.436 0.0000e+00
 -9.990e-29  -73.21914     49.473     49.093    10.7773    33.9521      8.110     0.6192 5.0376e-03  1026.2224    10.7714    26.0001     8.6488    263.432    8.96827  273.16361     96.437 0.0000e+00
 -9.990e-29  -73.21914     49.445     49.065    10.7782    33.9529      8.110     0.6192 5.2762e-03  1026.2228    10.7723    26.0005     8.6502    263.475    8.96971  273.20722     96.438 0.0000e+00
 -9.990e-29  -73.21914     49.433     49.053    10.7805    33.9531      8.110     0.6192 5.2762e-03  1026.2232    10.7746    26.0007     8.6512    263.506    8.97076  273.23813     96.438 0.0000e+00
 -9.990e-29  -73.21914     49.391     49.012    10.7834    33.9531      8.110     0.6326 5.4364e-03  1026.2225    10.7775    26.0005     8.6463    263.355    8.97154  273.26232     96.374 0.0000e+00
 -9.990e-29  -73.21914     49.373     48.994    10.7847    33.9531      8.110     0.6192 5.4863e-03  1026.2217    10.7788    25.9998     8.6537    263.583    8.97388  273.33597     96.432 0.0000e+00
 -9.990e-29  -73.21914     49.340     48.961    10.7843    33.9522      8.110     0.6192 5.4863e-03  1026.2207    10.7785    25.9991     8.6582    263.722    8.97835  273.47314     96.434 0.0000e+00
 -9.990e-29  -73.21914     49.310     48.931    10.7830    33.9513      8.110     0.6192 5.3266e-03  1026.2202    10.7771    25.9987     8.6564    263.668    8.98220  273.59116     96.373 0.0000e+00
 -9.990e-29  -73.21914     49.292     48.913    10.7810    33.9511      8.110     0.6192 5.2470e-03  1026.2198    10.7751    25.9986     8.6597    263.766    8.98597  273.70501     96.369 0.0000e+00
 -9.990e-29  -73.21914     49.259     48.880    10.7789    33.9511      8.110     0.6192 5.2470e-03  1026.2202    10.7730    25.9989     8.6665    263.973    8.98765  273.75370     96.427 0.0000e+00
 -9.990e-29  -73.21914     49.220     48.842    10.7779    33.9511      8.110     0.6192 6.4640e-03  1026.2205    10.7720    25.9993     8.6605    263.787    8.98723  273.73998     96.364 0.0000e+00
 -9.990e-29  -73.21914     49.198     48.820    10.7775    33.9513      8.110     0.6192 7.6471e-03  1026.2207    10.7717    25.9995     8.6599    263.771    8.98726  273.74192     96.358 0.0000e+00
 -9.990e-29  -73.21914     49.166     48.789    10.7773    33.9513      8.110     0.6192 7.8200e-03  1026.2207    10.7715    25.9996     8.6616    263.824    8.98942  273.80847     96.353 0.0000e+00
 -9.990e-29  -73.21914     49.128     48.750    10.7780    33.9513      8.110     0.6192 7.9938e-03  1026.2205    10.7721    25.9995     8.6644    263.909    8.99265  273.90724     96.350 0.0000e+00
 -9.990e-29  -73.21914     49.096     48.719    10.7789    33.9512      8.110     0.6192 8.1686e-03  1026.2198    10.7730    25.9993     8.6604    263.787    8.99482  273.97331     96.282 0.0000e+00
 -9.990e-29  -73.21914     49.066     48.689    10.7792    33.9509      8.110     0.6192 8.2110e-03  1026.2194    10.7733    25.9990     8.6658    263.950    8.99547  273.99282     96.335 0.0000e+00
 -9.990e-29  -73.21914     49.016     48.639    10.7789    33.9508      8.110     0.6192 7.6909e-03  1026.2192    10.7730    25.9990     8.6602    263.780    8.99597  274.00761     96.267 0.0000e+00
 -9.990e-29  -73.21912     49.003     48.627    10.7787    33.9508      8.110     0.6192 6.7600e-03  1026.2191    10.7728    25.9990     8.6604    263.786    8.99712  274.04309     96.257 0.0000e+00
   38.92810  -73.21912     48.944     48.568    10.7783    33.9507      8.110     0.6192 6.5110e-03  1026.2192    10.7725    25.9989     8.6609    263.801    8.99847  274.08432     96.248 0.0000e+00
   38.92810  -73.21912     48.912     48.537    10.7784    33.9504      8.110     0.6192 6.6767e-03  1026.2183    10.7725    25.9988     8.6603    263.782    8.99874  274.09124     96.239 0.0000e+00
   38.92810  -73.21912     48.871     48.495    10.7777    33.9500      8.110     0.6057 7.3089e-03  1026.2184    10.7719    25.9986     8.6588    263.735    8.99801  274.06781     96.230 0.0000e+00
   38.92810  -73.21912     48.821     48.446    10.7769    33.9491      8.110     0.5923 7.4784e-03  1026.2181    10.7710    25.9980     8.6578    263.705    8.99714  274.04228     96.228 0.0000e+00
   38.92810  -73.21912     48.810     48.435    10.7754    33.9470      8.110     0.5923 7.3089e-03  1026.2162    10.7696    25.9969     8.6588    263.740    8.99890  274.09803     96.221 0.0000e+00
   38.92810  -73.21912     48.730     48.356    10.7686    33.9445      8.110     0.6057 6.4754e-03  1026.2140    10.7627    25.9959     8.6563    263.664    9.00265  274.21288     96.153 0.0000e+00
   38.92810  -73.21912     48.678     48.304    10.7599    33.9445      8.110     0.6057 6.0344e-03  1026.2141    10.7541    25.9962     8.6584    263.730    9.00587  274.31283     96.142 0.0000e+00
   38.92810  -73.21912     48.649     48.275    10.7561    33.9445      8.110     0.6057 6.1151e-03  1026.2162    10.7503    25.9975     8.6621    263.843    9.01056  274.45723     96.133 0.0000e+00
   38.92810  -73.21912     48.606     48.232    10.7559    33.9460      8.110     0.5923 7.5224e-03  1026.2180    10.7502    25.9991     8.6612    263.817    9.01632  274.63372     96.061 0.0000e+00
   38.92810  -73.21912     48.564     48.191    10.7575    33.9474      8.110     0.5923 8.2083e-03  1026.2186    10.7517    26.0000     8.6666    263.981    9.02313  274.84116     96.049 0.0000e+00
   38.92810  -73.21912     48.495     48.123    10.7578    33.9474      8.110     0.6057 8.2952e-03  1026.2186    10.7520    26.0002     8.6707    264.105    9.02856  275.00484     96.037 0.0000e+00
   38.92810  -73.21912     48.443     48.071    10.7588    33.9474      8.110     0.6057 8.5982e-03  1026.2178    10.7530    25.9999     8.6719    264.141    9.03103  275.07951     96.023 0.0000e+00
   38.92810  -73.21912     48.424     48.052    10.7595    33.9461      8.110     0.6057 8.7736e-03  1026.2172    10.7538    25.9990     8.6723    264.152    9.03259  275.12564     96.011 0.0000e+00
   38.92810  -73.21912     48.248     47.878    10.7568    33.9434      8.110     0.6057 8.8617e-03  1026.2140    10.7510    25.9976     8.6716    264.127    9.03292  275.13387     96.000 -9.990e-29
   38.92810  -73.21912     48.261     47.890    10.7450    33.9397      8.110     0.6057 9.5237e-03  1026.2133    10.7393    25.9961     8.6635    263.882    9.03161  275.09449     95.924 -9.990e-29
   38.92810  -73.21912     48.258     47.887    10.7370    33.9362      8.110     0.6057 1.0250e-02  1026.2112    10.7313    25.9948     8.6618    263.831    9.03204  275.10794     95.901 -9.990e-29
   38.92810  -73.21912     48.301     47.930    10.7313    33.9362      8.110     0.5923 1.0397e-02  1026.2099    10.7255    25.9945     8.6600    263.774    9.03156  275.09231     95.885 -9.990e-29
   38.92810  -73.21912     48.258     47.887    10.7248    33.9361      8.110     0.5923 9.8628e-03  1026.2133    10.7191    25.9961     8.6534    263.574    9.02632  274.93228     95.869 0.0000e+00
   38.92810  -73.21912     48.117     47.748    10.7228    33.9352      8.110     0.5923 9.1373e-03  1026.2146    10.7171    25.9979     8.6399    263.161    9.01972  274.72889     95.789 0.0000e+00
   38.92810  -73.21912     48.055     47.686    10.7160    33.9352      8.110     0.5923 9.0975e-03  1026.2160    10.7103    25.9985     8.6331    262.951    9.01446  274.56686     95.769 0.0000e+00
   38.92810  -73.21912     47.985     47.616    10.7096    33.9334      8.110     0.5923 9.0975e-03  1026.2132    10.7039    25.9975     8.6258    262.729    9.00863  274.39001     95.750 0.0000e+00
   38.92810  -73.21912     47.963     47.594    10.7032    33.9305      8.111     0.6057 9.1875e-03  1026.2111    10.6975    25.9962     8.6212    262.592    9.00532  274.29308     95.734 0.0000e+00
   38.92810  -73.21912     47.892     47.524    10.6998    33.9282      8.111     0.5923 9.2778e-03  1026.2117    10.6941    25.9949     8.6209    262.586    9.00619  274.32153     95.722 0.0000e+00
   38.92806  -73.21916     47.830     47.463    10.7031    33.9244      8.111     0.6057 9.5502e-03  1026.2076    10.6974    25.9922     8.6212    262.596    9.00744  274.36179     95.712 0.0000e+00
   38.92806  -73.21916     47.750     47.383    10.7006    33.9190      8.111     0.5923 1.0511e-02  1026.2026    10.6949    25.9885     8.6160    262.438    9.00873  274.40101     95.640 0.0000e+00
   38.92806  -73.21916     47.677     47.311    10.6907    33.9128      8.111     0.5923 1.0887e-02  1026.1996    10.6850    25.9853     8.6160    262.437    9.01008  274.43907     95.627 0.0000e+00
   38.92806  -73.21916     47.606     47.241    10.6768    33.9073      8.111     0.5923 1.1077e-02  1026.1954    10.6711    25.9832     8.6171    262.466    9.01205  274.49445     95.618 0.0000e+00
   38.92806  -73.21916     47.535     47.170    10.6584    33.9042      8.111     0.5923 1.2140e-02  1026.1965    10.6528    25.9834     8.6082    262.195    9.01037  274.44415     95.537 0.0000e+00
   38.92806  -73.21916     47.464     47.100    10.6460    33.9028      8.111     0.5923 1.2634e-02  1026.1991    10.6404    25.9846     8.6062    262.136    9.00958  274.42415     95.522 0.0000e+00
   38.92806  -73.21916     47.413     47.049    10.6372    33.9014      8.111     0.5923 1.2664e-02  1026.1983    10.6316    25.9854     8.6065    262.148    9.01110  274.47110     95.510 0.0000e+00
   38.92806  -73.21916     47.340     46.976    10.6258    33.9000      8.111     0.5923 1.3467e-02  1026.1991    10.6202    25.9862     8.6063    262.140    9.01175  274.49098     95.501 0.0000e+00
   38.92806  -73.21916     47.300     46.937    10.6156    33.8993      8.106     0.5923 1.3978e-02  1026.1996    10.6100    25.9872     8.6007    261.971    9.01261  274.51724     95.430 0.0000e+00
   38.92806  -73.21916     47.228     46.866    10.6080    33.8993      8.111     0.5789 1.4081e-02  1026.2007    10.6025    25.9887     8.6010    261.982    9.01402  274.56090     95.418 0.0000e+00
   38.92806  -73.21916     47.177     46.815    10.6017    33.8991      8.111     0.5923 1.4184e-02  1026.2040    10.5961    25.9898     8.6018    262.007    9.01562  274.61011     95.410 0.0000e+00
   38.92806  -73.21916     47.096     46.734    10.5982    33.8953      8.111     0.5923 1.4184e-02  1026.2026    10.5927    25.9878     8.5964    261.840    9.01648  274.63620     95.341 0.0000e+00
   38.92806  -73.21916     47.035     46.674    10.5903    33.8866      8.111     0.5923 1.4211e-02  1026.1928    10.5848    25.9828     8.5952    261.804    9.01690  274.64958     95.323 0.0000e+00
   38.92806  -73.21916     46.974     46.614    10.5700    33.8775      8.111     0.5923 1.5471e-02  1026.1887    10.5645    25.9784     8.5904    261.660    9.01859  274.70177     95.252 0.0000e+00
   38.92806  -73.21916     46.912     46.552    10.5523    33.8772      8.111     0.5923 1.6554e-02  1026.1855    10.5468    25.9774     8.5971    261.862    9.02058  274.76262     95.305 0.0000e+00
   38.92806  -73.21916     46.840     46.481    10.5323    33.8772      8.111     0.5789 1.6884e-02  1026.1899    10.5268    25.9806     8.5972    261.867    9.02159  274.79286     95.296 0.0000e+00
   38.92806  -73.21916     46.770     46.411    10.5210    33.8772      8.111     0.5923 1.6554e-02  1026.1985    10.5156    25.9859     8.5969    261.857    9.02187  274.80067     95.290 0.0000e+00
   38.92806  -73.21916     46.729     46.370    10.5220    33.8772      8.111     0.5923 1.6117e-02  1026.2014    10.5165    25.9886     8.5975    261.874    9.02217  274.80966     95.293 0.0000e+00
   38.92806  -73.21916     46.647     46.289    10.5229    33.8772      8.107     0.5923 1.6008e-02  1026.1980    10.5174    25.9876     8.5977    261.879    9.02246  274.81839     95.292 0.0000e+00
   38.92806  -73.21916     46.617     46.259    10.5137    33.8732      8.111     0.5923 1.6884e-02  1026.1943    10.5083    25.9854     8.5979    261.887    9.02262  274.82339     95.293 0.0000e+00
   38.92806  -73.21916     46.545     46.188    10.4985    33.8690      8.111     0.5923 1.8252e-02  1026.1927    10.4931    25.9840     8.5984    261.901    9.02268  274.82544     95.297 0.0000e+00
   38.92806  -73.21916     46.483     46.126    10.4879    33.8669      8.111     0.5923 1.8596e-02  1026.1928    10.4824    25.9840     8.5989    261.918    9.02266  274.82464     95.304 0.0000e+00
   38.92806  -73.21916     46.433     46.077    10.4843    33.8664      8.111     0.5923 1.8481e-02  1026.1939    10.4788    25.9846     8.5932    261.742    9.02243  274.81766     95.242 0.0000e+00
   38.92806  -73.21916     46.382     46.026    10.4816    33.8659      8.111     0.5923 1.7911e-02  1026.1944    10.4762    25.9849     8.5934    261.748    9.02219  274.81034     95.247 0.0000e+00
   38.92808  -73.21912     46.310     45.955    10.4767    33.8659      8.111     0.5789 1.7685e-02  1026.1924    10.4713    25.9847     8.5931    261.740    9.02185  274.79992     95.248 0.0000e+00
   38.92808  -73.21912     46.269     45.914    10.4700    33.8659      8.111     0.5923 1.8024e-02  1026.1924    10.4646    25.9856     8.5989    261.918    9.02166  274.79434     95.314 0.0000e+00
   38.92808  -73.21912     46.208     45.854    10.4672    33.8671      8.107     0.5789 1.9765e-02  1026.1965    10.4618    25.9883     8.5942    261.774    9.02157  274.79167     95.263 0.0000e+00
   38.92808  -73.21912     46.157     45.803    10.4691    33.8671      8.111     0.5789 2.0482e-02  1026.2009    10.4637    25.9901     8.5948    261.793    9.02146  274.78843     95.271 0.0000e+00
   38.92808  -73.21912     46.106     45.752    10.4745    33.8671      8.111     0.5520 2.0482e-02  1026.1972    10.4691    25.9878     8.5958    261.824    9.02152  274.79041     95.281 0.0000e+00
   38.92808  -73.21912     46.055     45.702    10.4691    33.8595      8.111     0.5386 2.0845e-02  1026.1885    10.4637    25.9828     8.5972    261.865    9.02167  274.79505     95.295 0.0000e+00
   38.92808  -73.21912     46.025     45.671    10.4517    33.8504      8.111     0.5520 2.1089e-02  1026.1863    10.4463    25.9779     8.5987    261.912    9.02181  274.79917     95.310 0.0000e+00
   38.92808  -73.21912     45.964     45.611    10.4384    33.8400      8.112     0.5386 2.1089e-02  1026.1795    10.4330    25.9726     8.5999    261.948    9.02195  274.80352     95.322 0.0000e+00
   38.92808  -73.21912     45.923     45.570    10.4181    33.8290      8.107     0.5520 2.0845e-02  1026.1729    10.4127    25.9676     8.6011    261.984    9.02193  274.80291     95.335 0.0000e+00
   38.92808  -73.21912     45.892     45.540    10.3913    33.8196      8.107     0.5520 2.0724e-02  1026.1698    10.3860    25.9646     8.5968    261.854    9.02202  274.80577     95.287 0.0000e+00
   38.92808  -73.21912     45.841     45.489    10.3586    33.8137      8.107     0.5386 2.0724e-02  1026.1692    10.3533    25.9650     8.5972    261.866    9.02201  274.80559     95.291 0.0000e+00
   38.92808  -73.21912     45.800     45.448    10.3305    33.8137      8.107     0.5520 2.1829e-02  1026.1748    10.3252    25.9680     8.5978    261.883    9.02196  274.80390     95.298 0.0000e+00
   38.92808  -73.21912     45.749     45.398    10.3177    33.8137      8.112     0.5520 2.2712e-02  1026.1770    10.3124    25.9719     8.5986    261.910    9.02199  274.80475     95.308 0.0000e+00
   38.92808  -73.21912     45.718     45.367    10.3083    33.8175      8.107     0.5520 2.2962e-02  1026.1823    10.3030    25.9765     8.6054    262.115    9.02195  274.80352     95.383 0.0000e+00
