CalculateIndicators/WaterTemperature/Data/CTD_NYOS/202200730_C25.cnv
* Sea-Bird SBE 9 Data File:
* FileName = C:\Seabird 9 CTD\Data\2022\202207_offshore\202200730_C25.hex
* Software Version Seasave V 7.23.2
* Temperature SN = 4590
* Conductivity SN = 3228
* Number of Bytes Per Scan = 44
* Number of Voltage Words = 5
* Number of Scans Averaged by the Deck Unit = 1
* NMEA Latitude = 40 45.00 N
* NMEA Longitude = 072 30.65 W
* NMEA UTC (Time) = Dec 14 2002  06:21:06
* NMEA baud rate = 4800
** Ship: seawolf
** Station: 3.1
** Operator: TDK
# nquan = 18
# nvalues = 9684                        
# units = specified
# name 0 = latitude: Latitude [deg]
# name 1 = longitude: Longitude [deg]
# name 2 = prDM: Pressure, Digiquartz [db]
# name 3 = depSM: Depth [salt water, m]
# name 4 = t090C: Temperature [ITS-90, deg C]
# name 5 = sal00: Salinity, Practical [PSU]
# name 6 = ph: pH
# name 7 = flECO-AFL: Fluorescence, WET Labs ECO-AFL/FL [mg/m^3]
# name 8 = cpar: CPAR/Corrected Irradiance [%]
# name 9 = density00: Density [density, kg/m^3]
# name 10 = potemp090C: Potential Temperature [ITS-90, deg C]
# name 11 = sigma-é00: Density [sigma-theta, kg/m^3]
# name 12 = sbeox0Mg/L: Oxygen, SBE 43 [mg/l]
# name 13 = sbox0Mm/Kg: Oxygen, SBE 43 [umol/kg]
# name 14 = oxsolMg/L: Oxygen Saturation, Garcia & Gordon [mg/l]
# name 15 = oxsolMm/Kg: Oxygen Saturation, Garcia & Gordon [umol/kg]
# name 16 = sbeox0PS: Oxygen, SBE 43 [% saturation]
# name 17 = flag:  0.000e+00
# span 0 =   40.74976,   40.75006       
# span 1 =  -72.51188,  -72.51082       
# span 2 =      1.746,     24.472       
# span 3 =      1.732,     24.282       
# span 4 =    11.6575,    21.8182       
# span 5 =    30.6842,    33.8998       
# span 6 =      8.060,      8.168       
# span 7 =     0.3371,     1.3579       
# span 8 = 5.0640e-11, 9.9999e+04       
# span 9 =  1021.4372,  1025.2496       
# span 10 =    11.6545,    21.8178      
# span 11 =    21.4233,    25.1702      
# span 12 =     5.8792,     9.5259      
# span 13 =    179.621,    290.526      
# span 14 =    7.31090,    8.83730      
# span 15 =  223.66167,  269.46631      
# span 16 =     75.533,    113.435      
# span 17 = 0.0000e+00, 0.0000e+00      
# interval = seconds: 0.0416667
# start_time = Jul 30 2022 06:21:04 [System UTC, first data scan.]
# bad_flag = -9.990e-29
*END*
[from data line 5789]
   40.74994  -72.51148     12.228     12.133    18.3025    31.9567 -9.990e-29     0.7535 5.0640e-11  1022.9235    18.3004    22.8698     8.2795    252.959    7.77618  237.58201    106.472 -9.990e-29
   40.74994  -72.51148     12.222     12.128    18.3038    31.9569 -9.990e-29     0.7535 5.0640e-11  1022.9227    18.3018    22.8697     8.2857    253.149    7.77622  237.58423    106.551 -9.990e-29
   40.74994  -72.51148     12.228     12.133    18.3033    31.9571 -9.990e-29     0.7535 5.0640e-11  1022.9233    18.3013    22.8699     8.2867    253.182    7.77615  237.58344    106.566 -9.990e-29
   40.74994  -72.51148     12.209     12.114    18.3035    31.9576 -9.990e-29     0.7535 5.0640e-11  1022.9236    18.3014    22.8701     8.2823    253.048    7.77606  237.58159    106.510 -9.990e-29
   40.74994  -72.51148     12.181     12.087    18.3042    31.9578 -9.990e-29     0.7535 5.0640e-11  1022.9235    18.3021    22.8703     8.2883    253.234    7.77600  237.58041    106.589 -9.990e-29
   40.74994  -72.51148     12.198     12.103    18.3047    31.9578 -9.990e-29     0.7535 5.0640e-11  1022.9238    18.3026    22.8703     8.2894    253.266    7.77595  237.57957    106.602 -9.990e-29
   40.74994  -72.51148     12.209     12.114    18.3052    31.9579 -9.990e-29     0.7535 5.0640e-11  1022.9232    18.3032    22.8701     8.2909    253.313    7.77632  237.59043    106.617 -9.990e-29
   40.74994  -72.51148     12.192     12.098    18.3051    31.9581 -9.990e-29     0.7535 5.0640e-11  1022.9228    18.3031    22.8703     8.2923    253.356    7.77663  237.59953    106.631 -9.990e-29
   40.74994  -72.51148     12.188     12.093    18.3025    31.9587 -9.990e-29     0.7535 5.0640e-11  1022.9242    18.3004    22.8715     8.2940    253.406    7.77681  237.60482    106.650 -9.990e-29
   40.74994  -72.51148     12.178     12.084    18.2981    31.9601 -9.990e-29     0.7535 5.0640e-11  1022.9270    18.2961    22.8734     8.2950    253.437    7.77677  237.60362    106.664 -9.990e-29
   40.74994  -72.51148     12.253     12.158    18.2950    31.9601 -9.990e-29     0.7535 5.0640e-11  1022.9292    18.2929    22.8746     8.2959    253.465    7.77667  237.60041    106.677 -9.990e-29
   40.74994  -72.51148     12.239     12.144    18.2948    31.9601 -9.990e-29     0.7535 5.0640e-11  1022.9281    18.2927    22.8741     8.2916    253.333    7.77672  237.60173    106.621 -9.990e-29
   40.74994  -72.51148     12.167     12.073    18.2962    31.9583 -9.990e-29     0.7535 5.0640e-11  1022.9256    18.2942    22.8726     8.2975    253.511    7.77689  237.60660    106.694 -9.990e-29
   40.74994  -72.51148     12.111     12.017    18.2976    31.9566 -9.990e-29     0.7535 5.0640e-11  1022.9235    18.2955    22.8709     8.2980    253.528    7.77686  237.60561    106.701 -9.990e-29
   40.74990  -72.51148     12.086     11.992    18.2988    31.9553 -9.990e-29     0.7535 5.0640e-11  1022.9222    18.2968    22.8696     8.2985    253.543    7.77677  237.60270    106.709 -9.990e-29
   40.74990  -72.51148     12.100     12.006    18.2997    31.9553 -9.990e-29     0.7535 5.0640e-11  1022.9211    18.2976    22.8691     8.2991    253.560    7.77681  237.60390    106.716 -9.990e-29
   40.74990  -72.51148     12.086     11.992    18.2983    31.9553 -9.990e-29     0.7535 5.0640e-11  1022.9223    18.2962    22.8698     8.2996    253.578    7.77685  237.60512    106.722 -9.990e-29
   40.74990  -72.51148     12.077     11.983    18.2960    31.9564 -9.990e-29     0.7535 5.0640e-11  1022.9240    18.2940    22.8711     8.2942    253.412    7.77677  237.60260    106.654 -9.990e-29
   40.74990  -72.51148     12.049     11.956    18.2938    31.9567 -9.990e-29     0.7400 5.0640e-11  1022.9252    18.2917    22.8723     8.2996    253.576    7.77668  237.59985    106.724 -9.990e-29
   40.74990  -72.51148     11.995     11.902    18.2917    31.9567 -9.990e-29     0.7132 5.0640e-11  1022.9256    18.2897    22.8729     8.2995    253.575    7.77664  237.59865    106.724 -9.990e-29
   40.74990  -72.51148     11.954     11.861    18.2902    31.9567 -9.990e-29     0.6998 5.0640e-11  1022.9252    18.2881    22.8727     8.2995    253.572    7.77659  237.59737    106.724 -9.990e-29
   40.74990  -72.51148     11.938     11.845    18.2893    31.9556 -9.990e-29     0.6998 5.0640e-11  1022.9245    18.2872    22.8720     8.2993    253.567    7.77653  237.59555    106.722 -9.990e-29
   40.74990  -72.51148     11.924     11.831    18.2895    31.9540 -9.990e-29     0.6998 5.0640e-11  1022.9230    18.2874    22.8708     8.2988    253.552    7.77653  237.59546    106.716 -9.990e-29
   40.74990  -72.51148     11.914     11.822    18.2903    31.9525 -9.990e-29     0.6998 5.0640e-11  1022.9213    18.2883    22.8696     8.2932    253.383    7.77658  237.59716    106.644 -9.990e-29
   40.74990  -72.51148     11.884     11.792    18.2908    31.9525 -9.990e-29     0.6998 5.0640e-11  1022.9203    18.2888    22.8691     8.2920    253.345    7.77638  237.59106    106.631 -9.990e-29
   40.74990  -72.51148     11.826     11.735    18.2902    31.9525 -9.990e-29     0.6998 5.0640e-11  1022.9209    18.2881    22.8696     8.2958    253.462    7.77593  237.57823    106.686 -9.990e-29
   40.74990  -72.51148     11.782     11.691    18.2882    31.9532 -9.990e-29     0.6998 5.0640e-11  1022.9225    18.2862    22.8708     8.2948    253.433    7.77570  237.57196    106.676 -9.990e-29
   40.74990  -72.51148     11.741     11.650    18.2863    31.9532 -9.990e-29     0.6998 5.0640e-11  1022.9234    18.2843    22.8715     8.2886    253.244    7.77572  237.57297    106.596 -9.990e-29
   40.74990  -72.51148     11.715     11.624    18.2848    31.9532 -9.990e-29     0.6998 5.0640e-11  1022.9229    18.2828    22.8714     8.2878    253.218    7.77567  237.57222    106.586 -9.990e-29
   40.74990  -72.51148     11.692     11.601    18.2839    31.9518 -9.990e-29     0.6998 5.0640e-11  1022.9217    18.2819    22.8706     8.2864    253.176    7.77558  237.57002    106.569 -9.990e-29
   40.74990  -72.51148     11.630     11.539    18.2829    31.9499 -9.990e-29     0.6998 5.0640e-11  1022.9204    18.2809    22.8694     8.2855    253.150    7.77557  237.57010    106.558 -9.990e-29
   40.74990  -72.51148     11.594     11.504    18.2822    31.9478 -9.990e-29     0.6998 5.0640e-11  1022.9185    18.2802    22.8679     8.2847    253.125    7.77568  237.57352    106.546 -9.990e-29
   40.74990  -72.51148     11.590     11.500    18.2813    31.9454 -9.990e-29     0.6998 5.0640e-11  1022.9173    18.2793    22.8662     8.2838    253.098    7.77575  237.57585    106.534 -9.990e-29
   40.74990  -72.51148     11.579     11.489    18.2817    31.9428 -9.990e-29     0.6998 5.0640e-11  1022.9146    18.2797    22.8643     8.2828    253.069    7.77581  237.57772    106.521 -9.990e-29
   40.74990  -72.51148     11.549     11.459    18.2813    31.9403 -9.990e-29     0.6998 5.0640e-11  1022.9128    18.2793    22.8625     8.2819    253.040    7.77586  237.57906    106.508 -9.990e-29
   40.74990  -72.51148     11.522     11.433    18.2805    31.9382 -9.990e-29     0.6998 5.0640e-11  1022.9110    18.2785    22.8610     8.2808    253.008    7.77585  237.57897    106.494 -9.990e-29
   40.74990  -72.51148     11.518     11.429    18.2801    31.9367 -9.990e-29     0.6998 5.0640e-11  1022.9102    18.2781    22.8599     8.2801    252.987    7.77586  237.57913    106.485 -9.990e-29
   40.74990  -72.51148     11.498     11.408    18.2805    31.9357 -9.990e-29     0.6998 5.0640e-11  1022.9091    18.2785    22.8591     8.2795    252.967    7.77592  237.58082    106.476 0.0000e+00
   40.74990  -72.51148     11.458     11.369    18.2806    31.9349 -9.990e-29     0.6998 5.0640e-11  1022.9085    18.2787    22.8585     8.2788    252.945    7.77595  237.58147    106.467 -9.990e-29
   40.74990  -72.51148     11.462     11.373    18.2806    31.9340 -9.990e-29     0.6998 5.0640e-11  1022.9079    18.2787    22.8578     8.2787    252.941    7.77612  237.58636    106.463 -9.990e-29
   40.74990  -72.51148     11.416     11.328    18.2808    31.9333 -9.990e-29     0.6998 5.0640e-11  1022.9068    18.2788    22.8572     8.2786    252.937    7.77631  237.59150    106.459 0.0000e+00
   40.74990  -72.51148     11.386     11.298    18.2805    31.9328 -9.990e-29     0.6998 5.0640e-11  1022.9066    18.2785    22.8569     8.2783    252.929    7.77639  237.59364    106.454 0.0000e+00
   40.74990  -72.51148     11.371     11.283    18.2803    31.9324 -9.990e-29     0.6863 5.0640e-11  1022.9066    18.2783    22.8565     8.2779    252.917    7.77638  237.59296    106.450 0.0000e+00
   40.74990  -72.51148     11.356     11.268    18.2813    31.9316 -9.990e-29     0.6326 5.0640e-11  1022.9055    18.2794    22.8558     8.2777    252.910    7.77646  237.59511    106.446 0.0000e+00
   40.74990  -72.51148     11.305     11.217    18.2820    31.9302 -9.990e-29     0.6192 5.0640e-11  1022.9042    18.2801    22.8545     8.2721    252.739    7.77660  237.59893    106.372 0.0000e+00
   40.74990  -72.51148     11.295     11.208    18.2830    31.9280 -9.990e-29     0.6192 5.0640e-11  1022.9023    18.2811    22.8524     8.2715    252.720    7.77666  237.60062    106.363 0.0000e+00
   40.74990  -72.51148     11.260     11.172    18.2862    31.9249 -9.990e-29     0.6192 5.0640e-11  1022.8988    18.2843    22.8495     8.2762    252.862    7.77662  237.59918    106.424 0.0000e+00
   40.74990  -72.51148     11.245     11.157    18.2889    31.9211 -9.990e-29     0.6192 5.0640e-11  1022.8951    18.2870    22.8460     8.2705    252.687    7.77663  237.59927    106.350 0.0000e+00
   40.74990  -72.51148     11.214     11.127    18.2905    31.9168 -9.990e-29     0.6192 5.0640e-11  1022.8914    18.2886    22.8422     8.2698    252.666    7.77661  237.59850    106.342 0.0000e+00
   40.74990  -72.51148     11.205     11.118    18.2919    31.9118 -9.990e-29     0.6192 5.0640e-11  1022.8871    18.2900    22.8380     8.2691    252.646    7.77663  237.59897    106.333 0.0000e+00
   40.74990  -72.51148     11.194     11.107    18.2941    31.9066 -9.990e-29     0.6192 5.0640e-11  1022.8821    18.2922    22.8335     8.2690    252.643    7.77677  237.60279    106.330 0.0000e+00
   40.74990  -72.51148     11.158     11.071    18.2962    31.9021 -9.990e-29     0.6192 5.0640e-11  1022.8779    18.2943    22.8296     8.2689    252.639    7.77685  237.60494    106.327 0.0000e+00
   40.74990  -72.51148     11.143     11.056    18.2978    31.8985 -9.990e-29     0.6192 5.0640e-11  1022.8746    18.2959    22.8265     8.2679    252.608    7.77648  237.59418    106.319 0.0000e+00
   40.74990  -72.51148     11.124     11.037    18.2990    31.8966 -9.990e-29     0.6192 5.0640e-11  1022.8721    18.2971    22.8249     8.2669    252.579    7.77578  237.57392    106.316 -9.990e-29
   40.74990  -72.51148     11.143     11.056    18.2964    31.8966 -9.990e-29     0.6192 5.0640e-11  1022.8732    18.2945    22.8249     8.2714    252.718    7.77518  237.55689    106.382 -9.990e-29
   40.74990  -72.51148     11.107     11.021    18.2940    31.8966 -9.990e-29     0.6192 5.0640e-11  1022.8744    18.2921    22.8258     8.2661    252.557    7.77507  237.55419    106.316 0.0000e+00
   40.74990  -72.51148     11.093     11.007    18.2924    31.8976 -9.990e-29     0.6192 5.0640e-11  1022.8755    18.2905    22.8268     8.2660    252.555    7.77506  237.55476    106.314 0.0000e+00
   40.74990  -72.51148     11.082     10.996    18.2924    31.8982 -9.990e-29     0.6192 5.0640e-11  1022.8761    18.2905    22.8275     8.2657    252.547    7.77489  237.55069    106.313 0.0000e+00
   40.74990  -72.51148     11.062     10.976    18.2931    31.8989 -9.990e-29     0.6192 5.0640e-11  1022.8759    18.2912    22.8281     8.2654    252.540    7.77470  237.54582    106.312 0.0000e+00
   40.74990  -72.51148     11.047     10.961    18.2922    31.8999 -9.990e-29     0.6192 5.0640e-11  1022.8772    18.2904    22.8289     8.2598    252.370    7.77455  237.54186    106.242 0.0000e+00
   40.74990  -72.51148     11.022     10.936    18.2908    31.9007 -9.990e-29     0.6192 5.0640e-11  1022.8781    18.2890    22.8297     8.2643    252.508    7.77441  237.53827    106.302 0.0000e+00
   40.74990  -72.51148     11.001     10.916    18.2910    31.9013 -9.990e-29     0.6192 5.0640e-11  1022.8781    18.2891    22.8302     8.2643    252.508    7.77435  237.53688    106.303 0.0000e+00
   40.74990  -72.51148     10.992     10.906    18.2914    31.9019 -9.990e-29     0.6192 5.0640e-11  1022.8786    18.2895    22.8307     8.2590    252.344    7.77432  237.53641    106.234 0.0000e+00
   40.74990  -72.51148     10.971     10.886    18.2908    31.9026 -9.990e-29     0.6192 5.0640e-11  1022.8792    18.2890    22.8312     8.2589    252.344    7.77450  237.54192    106.231 0.0000e+00
   40.74990  -72.51148     10.965     10.880    18.2903    31.9031 -9.990e-29     0.6192 5.0640e-11  1022.8798    18.2885    22.8316     8.2587    252.335    7.77444  237.54012    106.229 0.0000e+00
   40.74990  -72.51148     10.941     10.856    18.2908    31.9031 -9.990e-29     0.6192 5.0640e-11  1022.8796    18.2890    22.8318     8.2581    252.319    7.77408  237.52998    106.226 0.0000e+00
   40.74990  -72.51148     10.931     10.846    18.2915    31.9031 -9.990e-29     0.6192 5.0640e-11  1022.8793    18.2897    22.8317     8.2571    252.288    7.77363  237.51693    106.219 0.0000e+00
   40.74990  -72.51148     10.920     10.835    18.2917    31.9030 -9.990e-29     0.6595 5.0640e-11  1022.8793    18.2899    22.8314     8.2571    252.289    7.77371  237.51923    106.218 0.0000e+00
   40.74990  -72.51148     10.910     10.826    18.2924    31.9027 -9.990e-29     0.6998 5.0640e-11  1022.8783    18.2906    22.8309     8.2573    252.294    7.77387  237.52410    106.218 0.0000e+00
   40.74990  -72.51148     10.875     10.790    18.2928    31.9025 -9.990e-29     0.6998 5.0640e-11  1022.8781    18.2909    22.8307     8.2576    252.304    7.77415  237.53231    106.219 0.0000e+00
   40.74990  -72.51148     10.869     10.785    18.2928    31.9024 -9.990e-29     0.6998 5.0640e-11  1022.8782    18.2909    22.8306     8.2580    252.314    7.77437  237.53891    106.220 0.0000e+00
   40.74990  -72.51148     10.850     10.766    18.2924    31.9020 -9.990e-29     0.6998 5.0640e-11  1022.8781    18.2906    22.8301     8.2582    252.322    7.77450  237.54247    106.222 0.0000e+00
   40.74990  -72.51148     10.839     10.755    18.2941    31.9006 -9.990e-29     0.6998 5.0640e-11  1022.8769    18.2923    22.8286     8.2528    252.156    7.77466  237.54720    106.150 0.0000e+00
   40.74990  -72.51148     10.809     10.725    18.2983    31.8979 -9.990e-29     0.6998 5.0640e-11  1022.8731    18.2964    22.8260     8.2524    252.144    7.77480  237.55115    106.143 0.0000e+00
   40.74990  -72.51148     10.803     10.719    18.3009    31.8948 -9.990e-29     0.6998 5.0640e-11  1022.8699    18.2991    22.8231     8.2526    252.149    7.77504  237.55790    106.142 0.0000e+00
   40.74990  -72.51148     10.778     10.695    18.3016    31.8918 -9.990e-29     0.6998 5.0640e-11  1022.8676    18.2998    22.8204     8.2527    252.152    7.77519  237.56214    106.142 0.0000e+00
   40.74990  -72.51148     10.769     10.685    18.3030    31.8888 -9.990e-29     0.6998 5.0640e-11  1022.8646    18.3012    22.8178     8.2525    252.144    7.77531  237.56566    106.137 0.0000e+00
   40.74990  -72.51148     10.737     10.654    18.3046    31.8863 -9.990e-29     0.6998 5.0640e-11  1022.8618    18.3027    22.8156     8.2520    252.131    7.77519  237.56222    106.132 -9.990e-29
   40.74990  -72.51148     10.748     10.665    18.3051    31.8847 -9.990e-29     0.6998 5.0640e-11  1022.8606    18.3033    22.8142     8.2514    252.114    7.77497  237.55574    106.128 -9.990e-29
   40.74990  -72.51148     10.718     10.635    18.3044    31.8838 -9.990e-29     0.6998 5.0640e-11  1022.8604    18.3026    22.8136     8.2566    252.273    7.77501  237.55698    106.195 0.0000e+00
