CalculateIndicators/WaterTemperature/Data/CTD_NYOS/20220202_C05.cnv
* Sea-Bird SBE 9 Data File:
* FileName = C:\Seabird 9 CTD\Data\2022\202202_offshore\20220202_C05.hex
* Software Version Seasave V 7.23.2
* Temperature SN = 4590
* Conductivity SN = 3228
* Number of Bytes Per Scan = 44
* Number of Voltage Words = 5
* Number of Scans Averaged by the Deck Unit = 1
* NMEA Latitude = 39 42.75 N
* NMEA Longitude = 073 30.58 W
* NMEA UTC (Time) = Jun 19 2002  11:38:36
* NMEA baud rate = 4800
** Ship: rv seawolf
** Station: 7.3
** Operator: EIH
# nquan = 18
# nvalues = 15314                                 
# units = specified
# name 0 = latitude: Latitude [deg]
# name 1 = longitude: Longitude [deg]
# name 2 = prDM: Pressure, Digiquartz [db]
# name 3 = depSM: Depth [salt water, m]
# name 4 = t090C: Temperature [ITS-90, deg C]
# name 5 = sal00: Salinity, Practical [PSU]
# name 6 = ph: pH
# name 7 = flECO-AFL: Fluorescence, WET Labs ECO-AFL/FL [mg/m^3]
# name 8 = cpar: CPAR/Corrected Irradiance [%]
# name 9 = density00: Density [density, kg/m^3]
# name 10 = potemp090C: Potential Temperature [ITS-90, deg C]
# name 11 = sigma-é00: Density [sigma-theta, kg/m^3]
# name 12 = sbeox0Mg/L: Oxygen, SBE 43 [mg/l]
# name 13 = sbox0Mm/Kg: Oxygen, SBE 43 [umol/kg]
# name 14 = oxsolMg/L: Oxygen Saturation, Garcia & Gordon [mg/l]
# name 15 = oxsolMm/Kg: Oxygen Saturation, Garcia & Gordon [umol/kg]
# name 16 = sbeox0PS: Oxygen, SBE 43 [% saturation]
# name 17 = flag:  0.000e+00
# span 0 =   39.71250,   39.71340                 
# span 1 =  -73.51252,  -73.50966                 
# span 2 =      2.499,     40.138                 
# span 3 =      2.480,     39.828                 
# span 4 =     7.5573,     7.6209                 
# span 5 =    33.6676,    33.7833                 
# span 6 =      8.301,      8.311                 
# span 7 =     0.2162,     0.7400                 
# span 8 = 5.0640e-11, 9.9999e+04                 
# span 9 =  1026.3019,  1026.5662                 
# span 10 =     7.5536,     7.6204                
# span 11 =    26.2834,    26.3830                
# span 12 =     7.9728,     8.6938                
# span 13 =    242.759,    264.713                
# span 14 =    9.59134,    9.60267                
# span 15 =  292.04126,  292.37469                
# span 16 =     83.098,     90.616                
# span 17 = 0.0000e+00, 0.0000e+00                
# interval = seconds: 0.0416667
# start_time = Feb 02 2022 11:38:37 [System UTC, first data scan.]
# bad_flag = -9.990e-29
*END*
[from data line 13830]
   39.71330  -73.51220      3.930      3.900     7.6077    33.7413      8.306     0.2162 9.9999e+04  1026.3603     7.6073    26.3423     8.4265    256.574    9.59416  292.12631     87.830  0.000e+00
   39.71330  -73.51220      3.900      3.870     7.6080    33.7411      8.306     0.2162 9.9999e+04  1026.3600     7.6077    26.3422     8.4191    256.349    9.59410  292.12450     87.753  0.000e+00
   39.71330  -73.51220      3.860      3.830     7.6079    33.7412      8.306     0.2162 9.9999e+04  1026.3599     7.6075    26.3423     8.4126    256.150    9.59412  292.12510     87.685  0.000e+00
   39.71330  -73.51220      3.818      3.789     7.6080    33.7411      8.306     0.2162 9.9999e+04  1026.3596     7.6077    26.3422     8.4133    256.171    9.59409  292.12442     87.692  0.000e+00
   39.71330  -73.51220      3.779      3.750     7.6079    33.7407      8.306     0.2162 9.9999e+04  1026.3592     7.6075    26.3419     8.4149    256.221    9.59415  292.12618     87.709  0.000e+00
   39.71330  -73.51220      3.739      3.710     7.6080    33.7410      8.306     0.2162 9.9999e+04  1026.3591     7.6077    26.3420     8.4160    256.254    9.59410  292.12478     87.721  0.000e+00
   39.71330  -73.51220      3.707      3.679     7.6079    33.7408      8.306     0.2162 9.9999e+04  1026.3589     7.6076    26.3419     8.4167    256.275    9.59415  292.12611     87.728  0.000e+00
   39.71330  -73.51220      3.667      3.639     7.6080    33.7410      8.306     0.2162 9.9999e+04  1026.3588     7.6077    26.3421     8.4161    256.257    9.59410  292.12470     87.722  0.000e+00
   39.71330  -73.51220      3.626      3.598     7.6080    33.7409      8.306     0.2162 9.9999e+04  1026.3586     7.6077    26.3420     8.4279    256.614    9.59410  292.12481     87.844  0.000e+00
   39.71330  -73.51220      3.596      3.568     7.6079    33.7410      8.306     0.2162 9.9999e+04  1026.3585     7.6076    26.3421     8.4210    256.405    9.59413  292.12556     87.772  0.000e+00
   39.71330  -73.51220      3.556      3.529     7.6082    33.7405      8.306     0.2162 9.9999e+04  1026.3579     7.6078    26.3417     8.3992    255.741    9.59410  292.12483     87.545  0.000e+00
   39.71330  -73.51220      3.515      3.488     7.6079    33.7409      8.306     0.2162 9.9999e+04  1026.3581     7.6076    26.3420     8.3884    255.412    9.59414  292.12577     87.432  0.000e+00
   39.71330  -73.51220      3.475      3.448     7.6079    33.7411      8.306     0.2162 9.9999e+04  1026.3580     7.6076    26.3422     8.3899    255.457    9.59413  292.12544     87.448  0.000e+00
   39.71330  -73.51220      3.454      3.428     7.6077    33.7415      8.306     0.2162 9.9999e+04  1026.3583     7.6074    26.3425     8.3935    255.567    9.59414  292.12583     87.485  0.000e+00
   39.71330  -73.51220      3.404      3.377     7.6077    33.7408      8.306     0.2162 9.9999e+04  1026.3575     7.6074    26.3420     8.3978    255.699    9.59418  292.12723     87.530  0.000e+00
   39.71330  -73.51220      3.373      3.347     7.6077    33.7414      8.306     0.2162 9.9999e+04  1026.3578     7.6074    26.3424     8.3950    255.613    9.59415  292.12604     87.501  0.000e+00
   39.71330  -73.51220      3.335      3.309     7.6077    33.7411      8.306     0.2162 9.9999e+04  1026.3575     7.6074    26.3422     8.3915    255.508    9.59416  292.12658     87.465  0.000e+00
   39.71330  -73.51220      3.313      3.287     7.6076    33.7413      8.306     0.2162 9.9999e+04  1026.3575     7.6073    26.3424     8.3880    255.402    9.59418  292.12705     87.428  0.000e+00
   39.71330  -73.51220      3.262      3.237     7.6077    33.7411      8.306     0.2297 9.9999e+04  1026.3571     7.6074    26.3422     8.3987    255.727    9.59417  292.12665     87.540  0.000e+00
   39.71330  -73.51220      3.232      3.207     7.6077    33.7415      8.306     0.2431 9.9999e+04  1026.3573     7.6074    26.3425     8.4114    256.113    9.59414  292.12575     87.672  0.000e+00
   39.71330  -73.51220      3.202      3.177     7.6080    33.7409      8.306     0.2431 9.9999e+04  1026.3566     7.6077    26.3420     8.4195    256.361    9.59411  292.12496     87.757  0.000e+00
   39.71330  -73.51220      3.160      3.136     7.6076    33.7416      8.306     0.2431 9.9999e+04  1026.3570     7.6073    26.3426     8.4412    257.022    9.59417  292.12660     87.983  0.000e+00
   39.71330  -73.51220      3.141      3.117     7.6077    33.7412      8.306     0.2431 9.9999e+04  1026.3566     7.6074    26.3422     8.4518    257.345    9.59416  292.12653     88.094  0.000e+00
   39.71330  -73.51220      3.111      3.087     7.6077    33.7411      8.306     0.2431 9.9999e+04  1026.3564     7.6074    26.3422     8.4687    257.858    9.59417  292.12665     88.269  0.000e+00
   39.71330  -73.51220      3.079      3.056     7.6080    33.7410      8.306     0.2431 9.9999e+04  1026.3561     7.6078    26.3421     8.4723    257.968    9.59410  292.12469     88.307  0.000e+00
   39.71330  -73.51220      3.060      3.037     7.6079    33.7413      8.306     0.2431 9.9999e+04  1026.3563     7.6076    26.3423     8.4686    257.854    9.59411  292.12501     88.269  0.000e+00
   39.71330  -73.51220      3.019      2.996     7.6079    33.7410      8.306     0.2431 9.9999e+04  1026.3559     7.6076    26.3421     8.4690    257.866    9.59413  292.12556     88.272  0.000e+00
   39.71330  -73.51220      3.009      2.986     7.6080    33.7408      8.306     0.2431 9.9999e+04  1026.3557     7.6078    26.3419     8.4619    257.650    9.59411  292.12505     88.199  0.000e+00
   39.71330  -73.51220      2.979      2.956     7.6080    33.7408      8.306     0.2431 9.9999e+04  1026.3556     7.6078    26.3419     8.4588    257.558    9.59411  292.12502     88.167  0.000e+00
   39.71330  -73.51220      2.949      2.926     7.6079    33.7410      8.306     0.2431 9.9999e+04  1026.3556     7.6076    26.3421     8.4554    257.454    9.59413  292.12563     88.131  0.000e+00
   39.71330  -73.51220      2.938      2.915     7.6079    33.7412      8.306     0.2431 9.9999e+04  1026.3557     7.6076    26.3423     8.4587    257.554    9.59412  292.12518     88.165  0.000e+00
   39.71330  -73.51220      2.918      2.896     7.6080    33.7402      8.306     0.2431 9.9999e+04  1026.3548     7.6078    26.3414     8.4572    257.507    9.59415  292.12642     88.149  0.000e+00
   39.71330  -73.51220      2.898      2.876     7.6082    33.7405      8.306     0.2431 9.9999e+04  1026.3549     7.6079    26.3416     8.4566    257.490    9.59410  292.12489     88.144  0.000e+00
   39.71330  -73.51220      2.868      2.846     7.6079    33.7415      8.306     0.2431 9.9999e+04  1026.3556     7.6076    26.3425     8.4578    257.526    9.59410  292.12453     88.156  0.000e+00
   39.71330  -73.51220      2.857      2.835     7.6077    33.7411      8.306     0.2431 9.9999e+04  1026.3552     7.6074    26.3422     8.4531    257.383    9.59417  292.12668     88.107  0.000e+00
   39.71330  -73.51220      2.847      2.825     7.6077    33.7414      8.306     0.2431 9.9999e+04  1026.3554     7.6074    26.3424     8.4411    257.016    9.59415  292.12609     87.981  0.000e+00
   39.71330  -73.51220      2.826      2.805     7.6077    33.7410      8.306     0.2431 9.9999e+04  1026.3551     7.6074    26.3421     8.4334    256.783    9.59417  292.12679     87.901  0.000e+00
   39.71332  -73.51224      2.817      2.795     7.6077    33.7411      8.306     0.2431 9.9999e+04  1026.3551     7.6074    26.3422     8.4192    256.350    9.59417  292.12664     87.753  0.000e+00
   39.71332  -73.51224      2.807      2.786     7.6077    33.7412      8.306     0.2431 9.9999e+04  1026.3551     7.6074    26.3423     8.4179    256.311    9.59416  292.12634     87.740  0.000e+00
   39.71332  -73.51224      2.796      2.775     7.6079    33.7413      8.306     0.2431 9.9999e+04  1026.3551     7.6076    26.3423     8.4186    256.333    9.59411  292.12504     87.748  0.000e+00
   39.71332  -73.51224      2.787      2.765     7.6077    33.7413      8.306     0.2431 9.9999e+04  1026.3551     7.6075    26.3424     8.4280    256.620    9.59415  292.12617     87.846  0.000e+00
   39.71332  -73.51224      2.787      2.765     7.6077    33.7415      8.306     0.2431 9.9999e+04  1026.3552     7.6075    26.3425     8.4260    256.559    9.59414  292.12588     87.825  0.000e+00
   39.71332  -73.51224      2.787      2.765     7.6077    33.7410      8.306     0.2431 9.9999e+04  1026.3549     7.6075    26.3422     8.4314    256.723    9.59417  292.12675     87.881  0.000e+00
   39.71332  -73.51224      2.796      2.775     7.6079    33.7409      8.306     0.2297 9.9999e+04  1026.3548     7.6076    26.3420     8.4428    257.069    9.59414  292.12577     87.999  0.000e+00
   39.71332  -73.51224      2.776      2.754     7.6077    33.7413      8.306     0.2297 9.9999e+04  1026.3550     7.6075    26.3423     8.4415    257.030    9.59416  292.12630     87.986  0.000e+00
   39.71332  -73.51224      2.787      2.765     7.6077    33.7413      8.306     0.2297 9.9999e+04  1026.3550     7.6075    26.3423     8.4391    256.957    9.59416  292.12632     87.961  0.000e+00
   39.71332  -73.51224      2.807      2.786     7.6076    33.7414      8.306     0.2297 9.9999e+04  1026.3553     7.6073    26.3424     8.4414    257.026    9.59418  292.12697     87.984  0.000e+00
   39.71332  -73.51224      2.796      2.775     7.6074    33.7413      8.306     0.2297 9.9999e+04  1026.3552     7.6071    26.3424     8.4360    256.863    9.59423  292.12840     87.928  0.000e+00
   39.71332  -73.51224      2.807      2.786     7.6076    33.7412      8.306     0.2297 9.9999e+04  1026.3552     7.6073    26.3423     8.4287    256.640    9.59419  292.12727     87.852  0.000e+00
   39.71332  -73.51224      2.826      2.805     7.6077    33.7407      8.306     0.2297 9.9999e+04  1026.3548     7.6074    26.3419     8.4124    256.144    9.59419  292.12752     87.682  0.000e+00
   39.71332  -73.51224      2.837      2.816     7.6076    33.7414      8.306     0.2297 9.9999e+04  1026.3554     7.6073    26.3425     8.3942    255.589    9.59418  292.12686     87.493  0.000e+00
   39.71332  -73.51224      2.857      2.835     7.6077    33.7413      8.306     0.2297 9.9999e+04  1026.3554     7.6074    26.3423     8.3805    255.173    9.59415  292.12624     87.350  0.000e+00
   39.71332  -73.51224      2.877      2.855     7.6074    33.7415      8.306     0.2297 9.9999e+04  1026.3557     7.6071    26.3426     8.3535    254.351    9.59421  292.12790     87.068  0.000e+00
   39.71332  -73.51224      2.907      2.885     7.6076    33.7415      8.306     0.2297 9.9999e+04  1026.3558     7.6073    26.3426     8.3182    253.276    9.59417  292.12664     86.701  0.000e+00
   39.71332  -73.51224      2.938      2.915     7.6076    33.7411      8.306     0.2431 9.9999e+04  1026.3556     7.6073    26.3422     8.3000    252.721    9.59420  292.12754     86.511  0.000e+00
   39.71332  -73.51224      2.958      2.936     7.6076    33.7410      8.306     0.2297 9.9999e+04  1026.3556     7.6073    26.3421     8.2750    251.959    9.59421  292.12786     86.250  0.000e+00
   39.71332  -73.51224      2.999      2.977     7.6077    33.7410      8.306     0.2297 9.9999e+04  1026.3558     7.6074    26.3421     8.2619    251.561    9.59417  292.12682     86.114  0.000e+00
   39.71332  -73.51224      3.031      3.008     7.6074    33.7417      8.306     0.2297 9.9999e+04  1026.3565     7.6071    26.3427     8.2441    251.021    9.59420  292.12761     85.928  0.000e+00
   39.71332  -73.51224      3.070      3.046     7.6077    33.7412      8.306     0.2297 9.9999e+04  1026.3563     7.6074    26.3423     8.2448    251.041    9.59416  292.12646     85.936  0.000e+00
   39.71332  -73.51224      3.111      3.087     7.6076    33.7412      8.306     0.2297 9.9999e+04  1026.3565     7.6073    26.3423     8.2387    250.855    9.59419  292.12728     85.872  0.000e+00
   39.71332  -73.51224      3.141      3.117     7.6076    33.7417      8.306     0.2297 9.9999e+04  1026.3570     7.6073    26.3427     8.2328    250.676    9.59416  292.12629     85.811  0.000e+00
   39.71330  -73.51222      3.190      3.166     7.6075    33.7409      8.306     0.2297 9.9999e+04  1026.3566     7.6072    26.3421     8.2286    250.547    9.59422  292.12831     85.766  0.000e+00
   39.71330  -73.51222      3.222      3.197     7.6072    33.7405      8.306     0.2297 9.9999e+04  1026.3566     7.6069    26.3418     8.2259    250.465    9.59430  292.13092     85.737  0.000e+00
   39.71330  -73.51222      3.271      3.246     7.6072    33.7412      8.306     0.2297 9.9999e+04  1026.3573     7.6069    26.3424     8.2376    250.820    9.59426  292.12952     85.859  0.000e+00
   39.71330  -73.51222      3.322      3.297     7.6079    33.7408      8.306     0.2297 9.9999e+04  1026.3571     7.6076    26.3420     8.2448    251.041    9.59414  292.12601     85.936  0.000e+00
   39.71330  -73.51222      3.353      3.327     7.6077    33.7410      8.306     0.2297 9.9999e+04  1026.3574     7.6074    26.3421     8.2472    251.113    9.59417  292.12689     85.960  0.000e+00
   39.71330  -73.51222      3.403      3.377     7.6077    33.7414      8.306     0.2297 9.9999e+04  1026.3580     7.6074    26.3425     8.2502    251.206    9.59415  292.12592     85.992  0.000e+00
   39.71330  -73.51222      3.454      3.428     7.6077    33.7413      8.306     0.2431 9.9999e+04  1026.3582     7.6074    26.3424     8.2618    251.559    9.59415  292.12612     86.113  0.000e+00
   39.71330  -73.51222      3.494      3.467     7.6079    33.7413      8.306     0.2565 9.9999e+04  1026.3583     7.6076    26.3423     8.2697    251.798    9.59411  292.12502     86.195  0.000e+00
   39.71330  -73.51222      3.545      3.518     7.6077    33.7419      8.306     0.2565 9.9999e+04  1026.3590     7.6074    26.3428     8.2854    252.277    9.59412  292.12490     86.359  0.000e+00
   39.71330  -73.51222      3.596      3.568     7.6077    33.7414      8.306     0.2565 9.9999e+04  1026.3589     7.6074    26.3425     8.3110    253.057    9.59415  292.12597     86.626  0.000e+00
   39.71330  -73.51222      3.637      3.609     7.6077    33.7417      8.306     0.2565 9.9999e+04  1026.3593     7.6074    26.3427     8.3393    253.918    9.59413  292.12543     86.921  0.000e+00
   39.71330  -73.51222      3.707      3.679     7.6080    33.7415      8.306     0.2565 9.9999e+04  1026.3594     7.6077    26.3425     8.3709    254.879    9.59407  292.12358     87.250  0.000e+00
   39.71330  -73.51222      3.737      3.709     7.6077    33.7413      8.306     0.2565 9.9999e+04  1026.3594     7.6074    26.3423     8.3916    255.510    9.59416  292.12626     87.466  0.000e+00
   39.71330  -73.51222      3.798      3.769     7.6077    33.7416      8.306     0.2565 9.9999e+04  1026.3599     7.6074    26.3426     8.4057    255.940    9.59414  292.12560     87.613  0.000e+00
   39.71330  -73.51222      3.849      3.819     7.6077    33.7412      8.306     0.2565 9.9999e+04  1026.3599     7.6073    26.3423     8.4069    255.977    9.59416  292.12638     87.625  0.000e+00
   39.71330  -73.51222      3.899      3.870     7.6074    33.7416      8.306     0.2565 9.9999e+04  1026.3605     7.6070    26.3426     8.3997    255.756    9.59421  292.12777     87.550  0.000e+00
   39.71330  -73.51222      3.950      3.920     7.6074    33.7414      8.306     0.2565 9.9999e+04  1026.3606     7.6070    26.3425     8.3905    255.476    9.59422  292.12811     87.453  0.000e+00
   39.71330  -73.51222      3.990      3.960     7.6076    33.7412      8.306     0.2565 9.9999e+04  1026.3605     7.6072    26.3423     8.3923    255.530    9.59419  292.12745     87.472  0.000e+00
