CalculateIndicators/WaterTemperature/Data/CTD_NYOS/20220202_C05.cnv
* Sea-Bird SBE 9 Data File:
* FileName = C:\Seabird 9 CTD\Data\2022\202202_offshore\20220202_C05.hex
* Software Version Seasave V 7.23.2
* Temperature SN = 4590
* Conductivity SN = 3228
* Number of Bytes Per Scan = 44
* Number of Voltage Words = 5
* Number of Scans Averaged by the Deck Unit = 1
* NMEA Latitude = 39 42.75 N
* NMEA Longitude = 073 30.58 W
* NMEA UTC (Time) = Jun 19 2002  11:38:36
* NMEA baud rate = 4800
** Ship: rv seawolf
** Station: 7.3
** Operator: EIH
# nquan = 18
# nvalues = 15314                                 
# units = specified
# name 0 = latitude: Latitude [deg]
# name 1 = longitude: Longitude [deg]
# name 2 = prDM: Pressure, Digiquartz [db]
# name 3 = depSM: Depth [salt water, m]
# name 4 = t090C: Temperature [ITS-90, deg C]
# name 5 = sal00: Salinity, Practical [PSU]
# name 6 = ph: pH
# name 7 = flECO-AFL: Fluorescence, WET Labs ECO-AFL/FL [mg/m^3]
# name 8 = cpar: CPAR/Corrected Irradiance [%]
# name 9 = density00: Density [density, kg/m^3]
# name 10 = potemp090C: Potential Temperature [ITS-90, deg C]
# name 11 = sigma-é00: Density [sigma-theta, kg/m^3]
# name 12 = sbeox0Mg/L: Oxygen, SBE 43 [mg/l]
# name 13 = sbox0Mm/Kg: Oxygen, SBE 43 [umol/kg]
# name 14 = oxsolMg/L: Oxygen Saturation, Garcia & Gordon [mg/l]
# name 15 = oxsolMm/Kg: Oxygen Saturation, Garcia & Gordon [umol/kg]
# name 16 = sbeox0PS: Oxygen, SBE 43 [% saturation]
# name 17 = flag:  0.000e+00
# span 0 =   39.71250,   39.71340                 
# span 1 =  -73.51252,  -73.50966                 
# span 2 =      2.499,     40.138                 
# span 3 =      2.480,     39.828                 
# span 4 =     7.5573,     7.6209                 
# span 5 =    33.6676,    33.7833                 
# span 6 =      8.301,      8.311                 
# span 7 =     0.2162,     0.7400                 
# span 8 = 5.0640e-11, 9.9999e+04                 
# span 9 =  1026.3019,  1026.5662                 
# span 10 =     7.5536,     7.6204                
# span 11 =    26.2834,    26.3830                
# span 12 =     7.9728,     8.6938                
# span 13 =    242.759,    264.713                
# span 14 =    9.59134,    9.60267                
# span 15 =  292.04126,  292.37469                
# span 16 =     83.098,     90.616                
# span 17 = 0.0000e+00, 0.0000e+00                
# interval = seconds: 0.0416667
# start_time = Feb 02 2022 11:38:37 [System UTC, first data scan.]
# bad_flag = -9.990e-29
*END*
[from data line 9488]
   39.71308  -73.51144     18.646     18.503     7.6082    33.7414      8.306     0.2565 9.9999e+04  1026.4278     7.6064    26.3426     8.3417    253.992    9.59405  292.12284     86.947  0.000e+00
   39.71308  -73.51144     18.625     18.482     7.6080    33.7417      8.306     0.2565 9.9999e+04  1026.4279     7.6063    26.3428     8.3355    253.801    9.59406  292.12317     86.882  0.000e+00
   39.71308  -73.51144     18.586     18.443     7.6080    33.7416      8.306     0.2565 9.9999e+04  1026.4276     7.6063    26.3427     8.3291    253.608    9.59407  292.12342     86.815  0.000e+00
   39.71308  -73.51144     18.555     18.413     7.6079    33.7416      8.306     0.2565 9.9999e+04  1026.4276     7.6061    26.3428     8.3350    253.788    9.59409  292.12417     86.877  0.000e+00
   39.71308  -73.51144     18.524     18.381     7.6076    33.7420      8.306     0.2565 9.9999e+04  1026.4277     7.6058    26.3431     8.3416    253.986    9.59414  292.12563     86.944  0.000e+00
   39.71308  -73.51144     18.495     18.353     7.6076    33.7415      8.306     0.2565 9.9999e+04  1026.4272     7.6058    26.3427     8.3422    254.006    9.59418  292.12677     86.950  0.000e+00
   39.71308  -73.51144     18.453     18.312     7.6077    33.7414      8.306     0.2565 9.9999e+04  1026.4269     7.6060    26.3426     8.3362    253.823    9.59415  292.12594     86.888  0.000e+00
   39.71308  -73.51144     18.423     18.282     7.6076    33.7419      8.306     0.2565 9.9999e+04  1026.4272     7.6058    26.3431     8.3360    253.817    9.59415  292.12582     86.886  0.000e+00
   39.71308  -73.51144     18.393     18.252     7.6077    33.7414      8.306     0.2565 9.9999e+04  1026.4266     7.6060    26.3426     8.3351    253.789    9.59415  292.12602     86.877  0.000e+00
   39.71308  -73.51144     18.352     18.211     7.6074    33.7418      8.306     0.2565 9.9999e+04  1026.4268     7.6056    26.3430     8.3263    253.521    9.59420  292.12732     86.784  0.000e+00
   39.71308  -73.51144     18.312     18.171     7.6076    33.7417      8.306     0.2565 9.9999e+04  1026.4266     7.6058    26.3429     8.3159    253.206    9.59416  292.12614     86.677  0.000e+00
   39.71310  -73.51148     18.280     18.140     7.6074    33.7414      8.306     0.2565 9.9999e+04  1026.4262     7.6056    26.3427     8.3243    253.461    9.59422  292.12813     86.764  0.000e+00
   39.71310  -73.51148     18.240     18.100     7.6076    33.7416      8.306     0.2565 9.9999e+04  1026.4261     7.6058    26.3428     8.3143    253.157    9.59417  292.12651     86.660  0.000e+00
   39.71310  -73.51148     18.200     18.060     7.6077    33.7414      8.306     0.2565 9.9999e+04  1026.4258     7.6060    26.3426     8.3036    252.830    9.59415  292.12597     86.548  0.000e+00
   39.71310  -73.51148     18.159     18.019     7.6077    33.7415      8.306     0.2565 9.9999e+04  1026.4257     7.6060    26.3428     8.2992    252.698    9.59414  292.12564     86.503  0.000e+00
   39.71310  -73.51148     18.119     17.980     7.6074    33.7420      8.306     0.2565 9.9999e+04  1026.4259     7.6057    26.3432     8.2826    252.192    9.59418  292.12680     86.330  0.000e+00
   39.71310  -73.51148     18.089     17.950     7.6079    33.7415      8.306     0.2565 9.9999e+04  1026.4253     7.6062    26.3427     8.2775    252.036    9.59410  292.12443     86.277  0.000e+00
   39.71310  -73.51148     18.036     17.898     7.6079    33.7416      8.306     0.2565 9.9999e+04  1026.4251     7.6062    26.3427     8.2789    252.079    9.59410  292.12437     86.292  0.000e+00
   39.71310  -73.51148     17.997     17.858     7.6080    33.7414      8.306     0.2565 9.9999e+04  1026.4248     7.6063    26.3426     8.2809    252.140    9.59407  292.12370     86.313  0.000e+00
   39.71310  -73.51148     17.977     17.839     7.6079    33.7413      8.306     0.2565 9.9999e+04  1026.4247     7.6062    26.3425     8.2771    252.025    9.59411  292.12490     86.273  0.000e+00
   39.71310  -73.51148     17.926     17.789     7.6082    33.7412      8.306     0.2565 9.9999e+04  1026.4243     7.6065    26.3424     8.2732    251.905    9.59406  292.12328     86.233  0.000e+00
   39.71310  -73.51148     17.896     17.759     7.6077    33.7415      8.306     0.2565 9.9999e+04  1026.4245     7.6060    26.3427     8.2700    251.809    9.59414  292.12566     86.199  0.000e+00
   39.71310  -73.51148     17.853     17.716     7.6079    33.7418      8.306     0.2565 9.9999e+04  1026.4245     7.6062    26.3429     8.2660    251.687    9.59408  292.12390     86.158  0.000e+00
   39.71310  -73.51148     17.825     17.688     7.6079    33.7412      8.306     0.2565 9.9999e+04  1026.4239     7.6062    26.3424     8.2628    251.587    9.59412  292.12518     86.123  0.000e+00
   39.71310  -73.51148     17.783     17.647     7.6084    33.7410      8.306     0.2565 9.9999e+04  1026.4235     7.6067    26.3422     8.2607    251.524    9.59403  292.12243     86.102  0.000e+00
   39.71310  -73.51148     17.753     17.617     7.6079    33.7419      8.306     0.2565 9.9999e+04  1026.4241     7.6062    26.3430     8.2588    251.466    9.59408  292.12365     86.082  0.000e+00
   39.71310  -73.51148     17.721     17.585     7.6077    33.7420      8.306     0.2565 9.9999e+04  1026.4240     7.6060    26.3431     8.2576    251.429    9.59411  292.12476     86.069  0.000e+00
   39.71310  -73.51148     17.683     17.547     7.6079    33.7415      8.306     0.2565 9.9999e+04  1026.4234     7.6062    26.3426     8.2621    251.569    9.59410  292.12460     86.117  0.000e+00
   39.71310  -73.51148     17.641     17.506     7.6079    33.7416      8.306     0.2565 9.9999e+04  1026.4234     7.6062    26.3428     8.2551    251.356    9.59409  292.12426     86.044  0.000e+00
   39.71310  -73.51148     17.611     17.476     7.6079    33.7412      8.306     0.2565 9.9999e+04  1026.4229     7.6062    26.3425     8.2490    251.167    9.59412  292.12511     85.979  0.000e+00
   39.71310  -73.51148     17.589     17.454     7.6077    33.7417      8.306     0.2565 9.9999e+04  1026.4233     7.6060    26.3429     8.2572    251.418    9.59413  292.12521     86.065  0.000e+00
   39.71310  -73.51148     17.530     17.395     7.6077    33.7417      8.306     0.2431 9.9999e+04  1026.4229     7.6060    26.3429     8.2669    251.714    9.59413  292.12529     86.167  0.000e+00
   39.71310  -73.51148     17.509     17.375     7.6080    33.7413      8.306     0.2431 9.9999e+04  1026.4225     7.6064    26.3425     8.2711    251.840    9.59408  292.12393     86.210  0.000e+00
   39.71310  -73.51148     17.479     17.345     7.6080    33.7415      8.306     0.2431 9.9999e+04  1026.4225     7.6064    26.3427     8.2683    251.755    9.59407  292.12346     86.181  0.000e+00
   39.71310  -73.51148     17.458     17.324     7.6080    33.7419      8.306     0.2431 9.9999e+04  1026.4227     7.6064    26.3430     8.2572    251.417    9.59404  292.12271     86.065  0.000e+00
   39.71308  -73.51144     17.419     17.285     7.6082    33.7414      8.306     0.2431 9.9999e+04  1026.4221     7.6065    26.3425     8.2494    251.179    9.59405  292.12291     85.984  0.000e+00
   39.71308  -73.51144     17.377     17.244     7.6079    33.7415      8.306     0.2431 9.9999e+04  1026.4221     7.6063    26.3427     8.2468    251.103    9.59410  292.12443     85.957  0.000e+00
   39.71308  -73.51144     17.368     17.234     7.6085    33.7411      8.306     0.2431 9.9999e+04  1026.4216     7.6069    26.3423     8.2436    251.005    9.59399  292.12122     85.925  0.000e+00
   39.71308  -73.51144     17.326     17.193     7.6079    33.7419      8.306     0.2431 9.9999e+04  1026.4221     7.6063    26.3430     8.2407    250.915    9.59408  292.12365     85.893  0.000e+00
   39.71308  -73.51144     17.296     17.163     7.6084    33.7415      8.306     0.2431 9.9999e+04  1026.4216     7.6067    26.3426     8.2312    250.626    9.59400  292.12150     85.795  0.000e+00
   39.71308  -73.51144     17.266     17.133     7.6084    33.7415      8.306     0.2431 9.9999e+04  1026.4215     7.6067    26.3426     8.2290    250.561    9.59400  292.12146     85.773  0.000e+00
   39.71308  -73.51144     17.247     17.114     7.6084    33.7415      8.306     0.2431 9.9999e+04  1026.4214     7.6067    26.3426     8.2342    250.718    9.59400  292.12145     85.827  0.000e+00
   39.71308  -73.51144     17.225     17.092     7.6084    33.7415      8.306     0.2431 9.9999e+04  1026.4213     7.6067    26.3426     8.2344    250.725    9.59400  292.12142     85.829  0.000e+00
   39.71308  -73.51144     17.185     17.053     7.6084    33.7410      8.306     0.2431 9.9999e+04  1026.4207     7.6067    26.3422     8.2485    251.152    9.59403  292.12255     85.975  0.000e+00
   39.71308  -73.51144     17.165     17.034     7.6085    33.7412      8.306     0.2431 9.9999e+04  1026.4207     7.6069    26.3423     8.2574    251.426    9.59399  292.12116     86.069  0.000e+00
   39.71308  -73.51144     17.143     17.012     7.6085    33.7414      8.306     0.2431 9.9999e+04  1026.4208     7.6069    26.3425     8.2666    251.703    9.59397  292.12070     86.164  0.000e+00
   39.71308  -73.51144     17.124     16.993     7.6085    33.7409      8.306     0.2431 9.9999e+04  1026.4203     7.6069    26.3421     8.2680    251.746    9.59401  292.12185     86.179  0.000e+00
   39.71308  -73.51144     17.103     16.972     7.6085    33.7409      8.306     0.2431 9.9999e+04  1026.4203     7.6069    26.3421     8.2700    251.809    9.59400  292.12168     86.200  0.000e+00
   39.71308  -73.51144     17.083     16.952     7.6085    33.7411      8.306     0.2431 9.9999e+04  1026.4203     7.6069    26.3423     8.2721    251.872    9.59399  292.12137     86.222  0.000e+00
   39.71308  -73.51144     17.043     16.912     7.6087    33.7411      8.306     0.2431 9.9999e+04  1026.4201     7.6071    26.3423     8.2813    252.152    9.59395  292.12004     86.318  0.000e+00
   39.71308  -73.51144     17.033     16.903     7.6085    33.7412      8.306     0.2431 9.9999e+04  1026.4201     7.6069    26.3423     8.2777    252.042    9.59399  292.12117     86.280  0.000e+00
   39.71308  -73.51144     17.013     16.882     7.6085    33.7413      8.306     0.2431 9.9999e+04  1026.4202     7.6069    26.3424     8.2792    252.087    9.59398  292.12086     86.295  0.000e+00
   39.71308  -73.51144     16.991     16.860     7.6082    33.7418      8.306     0.2431 9.9999e+04  1026.4205     7.6066    26.3429     8.2814    252.154    9.59402  292.12203     86.318  0.000e+00
   39.71308  -73.51144     16.973     16.842     7.6085    33.7412      8.306     0.2431 9.9999e+04  1026.4199     7.6069    26.3423     8.2907    252.437    9.59399  292.12111     86.415  0.000e+00
   39.71308  -73.51144     16.941     16.811     7.6085    33.7411      8.306     0.2431 9.9999e+04  1026.4197     7.6069    26.3423     8.3071    252.938    9.59399  292.12123     86.587  0.000e+00
   39.71308  -73.51144     16.940     16.810     7.6082    33.7417      8.306     0.2565 9.9999e+04  1026.4201     7.6066    26.3428     8.3178    253.263    9.59403  292.12227     86.698  0.000e+00
   39.71308  -73.51144     16.922     16.792     7.6084    33.7414      8.306     0.2565 9.9999e+04  1026.4198     7.6068    26.3425     8.3290    253.604    9.59401  292.12170     86.814  0.000e+00
   39.71308  -73.51144     16.892     16.762     7.6080    33.7418      8.306     0.2565 9.9999e+04  1026.4201     7.6064    26.3429     8.3343    253.766    9.59405  292.12286     86.869  0.000e+00
   39.71308  -73.51144     16.870     16.740     7.6084    33.7411      8.306     0.2565 9.9999e+04  1026.4194     7.6068    26.3423     8.3259    253.509    9.59402  292.12223     86.782  0.000e+00
   39.71310  -73.51148     16.871     16.741     7.6082    33.7416      8.306     0.2565 9.9999e+04  1026.4198     7.6066    26.3427     8.3154    253.190    9.59403  292.12235     86.673  0.000e+00
   39.71310  -73.51148     16.850     16.721     7.6080    33.7414      8.306     0.2565 9.9999e+04  1026.4196     7.6064    26.3426     8.3049    252.872    9.59407  292.12370     86.563  0.000e+00
   39.71310  -73.51148     16.838     16.709     7.6084    33.7412      8.306     0.2565 9.9999e+04  1026.4193     7.6068    26.3424     8.2796    252.099    9.59402  292.12205     86.299  0.000e+00
   39.71310  -73.51148     16.820     16.691     7.6085    33.7412      8.306     0.2565 9.9999e+04  1026.4192     7.6069    26.3424     8.2704    251.819    9.59399  292.12110     86.204  0.000e+00
   39.71310  -73.51148     16.810     16.681     7.6080    33.7417      8.306     0.2565 9.9999e+04  1026.4196     7.6064    26.3428     8.2672    251.723    9.59406  292.12322     86.170  0.000e+00
   39.71310  -73.51148     16.798     16.669     7.6082    33.7417      8.306     0.2565 9.9999e+04  1026.4196     7.6066    26.3428     8.2757    251.980    9.59402  292.12213     86.258  0.000e+00
   39.71310  -73.51148     16.779     16.650     7.6085    33.7410      8.306     0.2565 9.9999e+04  1026.4188     7.6069    26.3422     8.2790    252.081    9.59400  292.12150     86.293  0.000e+00
   39.71310  -73.51148     16.779     16.650     7.6082    33.7414      8.306     0.2565 9.9999e+04  1026.4192     7.6066    26.3426     8.2837    252.226    9.59404  292.12284     86.342  0.000e+00
   39.71310  -73.51148     16.757     16.628     7.6082    33.7418      8.306     0.2565 9.9999e+04  1026.4194     7.6066    26.3428     8.2897    252.408    9.59402  292.12209     86.405  0.000e+00
   39.71310  -73.51148     16.759     16.631     7.6082    33.7416      8.306     0.2565 9.9999e+04  1026.4193     7.6066    26.3427     8.2835    252.220    9.59403  292.12238     86.340  0.000e+00
   39.71310  -73.51148     16.748     16.620     7.6084    33.7411      8.306     0.2565 9.9999e+04  1026.4188     7.6068    26.3423     8.2896    252.404    9.59402  292.12225     86.403  0.000e+00
   39.71310  -73.51148     16.737     16.609     7.6080    33.7414      8.306     0.2565 9.9999e+04  1026.4190     7.6065    26.3425     8.3028    252.806    9.59408  292.12387     86.541  0.000e+00
   39.71310  -73.51148     16.739     16.610     7.6080    33.7416      8.306     0.2565 9.9999e+04  1026.4192     7.6065    26.3427     8.3043    252.853    9.59407  292.12344     86.557  0.000e+00
   39.71310  -73.51148     16.729     16.601     7.6084    33.7414      8.306     0.2565 9.9999e+04  1026.4189     7.6068    26.3425     8.3122    253.092    9.59401  292.12165     86.639  0.000e+00
   39.71310  -73.51148     16.717     16.588     7.6080    33.7414      8.306     0.2565 9.9999e+04  1026.4190     7.6065    26.3426     8.3143    253.156    9.59407  292.12371     86.661  0.000e+00
   39.71310  -73.51148     16.729     16.601     7.6082    33.7414      8.306     0.2565 9.9999e+04  1026.4190     7.6066    26.3426     8.3162    253.216    9.59404  292.12279     86.681  0.000e+00
   39.71310  -73.51148     16.709     16.580     7.6080    33.7412      8.306     0.2565 9.9999e+04  1026.4187     7.6065    26.3424     8.3117    253.077    9.59409  292.12428     86.633  0.000e+00
   39.71310  -73.51148     16.696     16.568     7.6079    33.7414      8.306     0.2700 9.9999e+04  1026.4188     7.6063    26.3426     8.3136    253.134    9.59411  292.12476     86.653  0.000e+00
   39.71310  -73.51148     16.709     16.580     7.6082    33.7412      8.306     0.2565 9.9999e+04  1026.4187     7.6066    26.3424     8.3082    252.971    9.59406  292.12321     86.598  0.000e+00
   39.71310  -73.51148     16.698     16.569     7.6079    33.7417      8.306     0.2565 9.9999e+04  1026.4191     7.6063    26.3428     8.3016    252.769    9.59409  292.12403     86.528  0.000e+00
