CalculateIndicators/WaterTemperature/Data/CTD_NYOS/202200726_C03.cnv
* Sea-Bird SBE 9 Data File:
* FileName = C:\Seabird 9 CTD\Data\2022\202207_offshore\202200726_C03.hex
* Software Version Seasave V 7.23.2
* Temperature SN = 4590
* Conductivity SN = 3228
* Number of Bytes Per Scan = 44
* Number of Voltage Words = 5
* Number of Scans Averaged by the Deck Unit = 1
* NMEA Latitude = 40 30.84 N
* NMEA Longitude = 073 27.06 W
* NMEA UTC (Time) = Dec 10 2002  22:52:38
* NMEA baud rate = 4800
** Ship: seawolf
** Station: 6.1
** Operator: TDK
# nquan = 18
# nvalues = 11123                       
# units = specified
# name 0 = latitude: Latitude [deg]
# name 1 = longitude: Longitude [deg]
# name 2 = prDM: Pressure, Digiquartz [db]
# name 3 = depSM: Depth [salt water, m]
# name 4 = t090C: Temperature [ITS-90, deg C]
# name 5 = sal00: Salinity, Practical [PSU]
# name 6 = ph: pH
# name 7 = flECO-AFL: Fluorescence, WET Labs ECO-AFL/FL [mg/m^3]
# name 8 = cpar: CPAR/Corrected Irradiance [%]
# name 9 = density00: Density [density, kg/m^3]
# name 10 = potemp090C: Potential Temperature [ITS-90, deg C]
# name 11 = sigma-é00: Density [sigma-theta, kg/m^3]
# name 12 = sbeox0Mg/L: Oxygen, SBE 43 [mg/l]
# name 13 = sbox0Mm/Kg: Oxygen, SBE 43 [umol/kg]
# name 14 = oxsolMg/L: Oxygen Saturation, Garcia & Gordon [mg/l]
# name 15 = oxsolMm/Kg: Oxygen Saturation, Garcia & Gordon [umol/kg]
# name 16 = sbeox0PS: Oxygen, SBE 43 [% saturation]
# name 17 = flag:  0.000e+00
# span 0 =   40.51412,   40.51468       
# span 1 =  -73.45106,  -73.44946       
# span 2 =      1.519,     16.966       
# span 3 =      1.507,     16.834       
# span 4 =    13.8277,    23.3322       
# span 5 =    31.3399,    32.3447       
# span 6 =      7.860,      8.140       
# span 7 =     0.5117,     1.5862       
# span 8 = 3.7292e-01, 3.7871e+01       
# span 9 =  1021.1855,  1024.1728       
# span 10 =    13.8255,    23.3316      
# span 11 =    21.1794,    24.1014      
# span 12 =     5.7647,     7.3496      
# span 13 =    176.192,    224.407      
# span 14 =    7.11066,    8.47597      
# span 15 =  217.60159,  258.65889      
# span 16 =     69.700,     99.032      
# span 17 = 0.0000e+00, 0.0000e+00      
# interval = seconds: 0.0416667
# start_time = Jul 26 2022 22:52:39 [System UTC, first data scan.]
# bad_flag = -9.990e-29
*END*
[from data line 9327]
   40.51458  -73.44972      2.612      2.592    23.3278    31.4954      8.140     0.5654 2.2418e+01  1021.1940    23.3273    21.1844     7.0272    215.046    7.11182  217.63600     98.810 -9.990e-29
   40.51458  -73.44972      2.592      2.572    23.3275    31.4954      8.140     0.5654 2.2105e+01  1021.1963    23.3270    21.1851     7.0270    215.040    7.11188  217.63784     98.806 -9.990e-29
   40.51458  -73.44972      2.582      2.562    23.3273    31.4963      8.140     0.5520 2.2043e+01  1021.1977    23.3268    21.1860     7.0269    215.036    7.11197  217.64080     98.803 -9.990e-29
   40.51458  -73.44972      2.552      2.532    23.3271    31.4963      8.140     0.5654 2.1919e+01  1021.1974    23.3266    21.1862     7.0266    215.030    7.11200  217.64161     98.800 -9.990e-29
   40.51458  -73.44972      2.531      2.512    23.3269    31.4963      8.140     0.5654 2.1491e+01  1021.1969    23.3264    21.1859     7.0217    214.877    7.11208  217.64386     98.729 -9.990e-29
   40.51458  -73.44972      2.511      2.491    23.3264    31.4955      8.140     0.5654 2.1371e+01  1021.1961    23.3259    21.1854     7.0260    215.010    7.11212  217.64478     98.790 -9.990e-29
   40.51458  -73.44972      2.490      2.471    23.3257    31.4954      8.140     0.5654 2.1310e+01  1021.1954    23.3252    21.1854     7.0258    215.005    7.11214  217.64568     98.786 -9.990e-29
   40.51458  -73.44972      2.460      2.441    23.3252    31.4954      8.140     0.5654 2.1072e+01  1021.1972    23.3247    21.1857     7.0256    214.997    7.11214  217.64536     98.783 -9.990e-29
   40.51458  -73.44972      2.441      2.422    23.3245    31.4954      8.140     0.5520 2.0895e+01  1021.1955    23.3240    21.1856     7.0254    214.992    7.11217  217.64636     98.780 -9.990e-29
   40.51458  -73.44972      2.431      2.412    23.3241    31.4956      8.140     0.5654 2.0895e+01  1021.1959    23.3236    21.1861     7.0204    214.837    7.11217  217.64626     98.709 -9.990e-29
   40.51458  -73.44972      2.390      2.371    23.3237    31.4970      8.140     0.5654 2.0836e+01  1021.1981    23.3233    21.1872     7.0247    214.970    7.11218  217.64675     98.770 -9.990e-29
   40.51458  -73.44972      2.379      2.361    23.3237    31.4980      8.140     0.5520 2.0836e+01  1021.1984    23.3233    21.1880     7.0245    214.965    7.11222  217.64795     98.767 -9.990e-29
   40.51458  -73.44972      2.349      2.331    23.3241    31.4982      8.140     0.5654 2.0836e+01  1021.1984    23.3236    21.1882     7.0195    214.811    7.11221  217.64749     98.697 -9.990e-29
   40.51458  -73.44972      2.309      2.291    23.3241    31.4982      8.140     0.5654 2.1131e+01  1021.1981    23.3236    21.1882     7.0190    214.796    7.11220  217.64713     98.690 -9.990e-29
   40.51458  -73.44972      2.299      2.281    23.3243    31.4982      8.140     0.5654 2.1371e+01  1021.1980    23.3238    21.1881     7.0186    214.782    7.11219  217.64691     98.684 -9.990e-29
   40.51458  -73.44972      2.268      2.250    23.3241    31.4982      8.140     0.5654 2.1371e+01  1021.1977    23.3236    21.1881     7.0181    214.768    7.11217  217.64623     98.677 -9.990e-29
   40.51458  -73.44972      2.248      2.231    23.3241    31.4982      8.140     0.5923 2.1919e+01  1021.1977    23.3236    21.1881     7.0179    214.762    7.11213  217.64508     98.675 -9.990e-29
   40.51458  -73.44972      2.207      2.190    23.3239    31.4984      8.140     0.6057 2.2659e+01  1021.1977    23.3235    21.1882     7.0177    214.757    7.11208  217.64357     98.674 -9.990e-29
   40.51458  -73.44972      2.187      2.170    23.3237    31.4984      8.140     0.6057 2.2787e+01  1021.1979    23.3233    21.1883     7.0176    214.752    7.11204  217.64244     98.672 -9.990e-29
   40.51458  -73.44972      2.167      2.151    23.3237    31.4984      8.140     0.5923 2.3503e+01  1021.1977    23.3233    21.1882     7.0175    214.748    7.11199  217.64081     98.671 -9.990e-29
   40.51458  -73.44972      2.147      2.130    23.3245    31.4982      8.140     0.5923 2.4586e+01  1021.1970    23.3240    21.1880     7.0174    214.746    7.11197  217.64026     98.670 -9.990e-29
   40.51458  -73.44972      2.096      2.080    23.3248    31.4980      8.140     0.5923 2.4865e+01  1021.1969    23.3244    21.1877     7.0123    214.589    7.11198  217.64072     98.598 -9.990e-29
   40.51458  -73.44972      2.086      2.070    23.3254    31.4977      8.140     0.6057 2.5359e+01  1021.1963    23.3249    21.1874     7.0120    214.580    7.11195  217.63961     98.594 -9.990e-29
   40.51458  -73.44972      2.056      2.040    23.3254    31.4977      8.140     0.5923 2.6753e+01  1021.1958    23.3249    21.1871     7.0116    214.570    7.11189  217.63786     98.590 -9.990e-29
   40.51458  -73.44972      2.026      2.010    23.3257    31.4977      8.140     0.5923 2.7208e+01  1021.1956    23.3253    21.1871     7.0159    214.700    7.11182  217.63590     98.651 -9.990e-29
   40.51458  -73.44972      2.005      1.990    23.3260    31.4977      8.140     0.6057 2.7362e+01  1021.1959    23.3256    21.1872     7.0156    214.690    7.11170  217.63236     98.648 -9.990e-29
   40.51458  -73.44972      1.975      1.960    23.3266    31.4980      8.140     0.6057 2.7985e+01  1021.1956    23.3262    21.1872     7.0155    214.689    7.11159  217.62895     98.649 -9.990e-29
   40.51458  -73.44972      1.964      1.949    23.3271    31.4982      8.140     0.6057 2.8222e+01  1021.1957    23.3267    21.1871     7.0155    214.688    7.11146  217.62484     98.651 -9.990e-29
   40.51456  -73.44970      1.924      1.909    23.3278    31.4982      8.140     0.6057 2.8222e+01  1021.1951    23.3274    21.1870     7.0155    214.689    7.11136  217.62199     98.652 -9.990e-29
   40.51456  -73.44970      1.913      1.898    23.3287    31.4982      8.140     0.6057 2.8222e+01  1021.1952    23.3284    21.1867     7.0156    214.691    7.11128  217.61958     98.654 -9.990e-29
   40.51456  -73.44970      1.883      1.868    23.3298    31.4978      8.140     0.5923 2.8222e+01  1021.1942    23.3294    21.1863     7.0157    214.696    7.11125  217.61889     98.657 -9.990e-29
   40.51456  -73.44970      1.873      1.859    23.3302    31.4974      8.140     0.5923 2.8143e+01  1021.1938    23.3298    21.1858     7.0158    214.698    7.11113  217.61517     98.659 -9.990e-29
   40.51456  -73.44970      1.853      1.838    23.3300    31.4970      8.140     0.6057 2.7906e+01  1021.1932    23.3296    21.1855     7.0157    214.694    7.11108  217.61377     98.658 -9.990e-29
   40.51456  -73.44970      1.824      1.810    23.3296    31.4969      8.140     0.6057 2.7750e+01  1021.1931    23.3292    21.1854     7.0158    214.698    7.11099  217.61099     98.662 -9.990e-29
   40.51456  -73.44970      1.802      1.788    23.3291    31.4969      8.140     0.5923 2.7750e+01  1021.1933    23.3287    21.1856     7.0157    214.696    7.11093  217.60934     98.661 -9.990e-29
   40.51456  -73.44970      1.792      1.778    23.3282    31.4969      8.140     0.6057 2.7502e+01  1021.1937    23.3278    21.1859     7.0157    214.696    7.11095  217.61050     98.661 -9.990e-29
   40.51456  -73.44970      1.772      1.758    23.3275    31.4969      8.140     0.6057 2.7194e+01  1021.1937    23.3271    21.1860     7.0161    214.706    7.11100  217.61197     98.665 -9.990e-29
   40.51456  -73.44970      1.752      1.739    23.3268    31.4969      8.140     0.6057 2.7117e+01  1021.1934    23.3264    21.1862     7.0165    214.719    7.11111  217.61493     98.669 -9.990e-29
   40.51456  -73.44970      1.741      1.728    23.3257    31.4970      8.140     0.5923 2.6965e+01  1021.1941    23.3253    21.1867     7.0217    214.878    7.11115  217.61610     98.742 -9.990e-29
   40.51456  -73.44970      1.702      1.688    23.3245    31.4974      8.140     0.5923 2.6814e+01  1021.1948    23.3241    21.1874     7.0175    214.749    7.11116  217.61638     98.682 -9.990e-29
   40.51456  -73.44970      1.721      1.708    23.3237    31.4978      8.140     0.5923 2.6814e+01  1021.1953    23.3234    21.1879     7.0175    214.751    7.11114  217.61553     98.683 -9.990e-29
   40.51456  -73.44970      1.703      1.690    23.3232    31.4982      8.140     0.5923 2.6663e+01  1021.1956    23.3229    21.1882     7.0226    214.907    7.11107  217.61348     98.756 -9.990e-29
   40.51456  -73.44970      1.681      1.668    23.3230    31.4985      8.140     0.5923 2.6365e+01  1021.1958    23.3227    21.1885     7.0232    214.926    7.11104  217.61261     98.765 -9.990e-29
   40.51456  -73.44970      1.671      1.658    23.3228    31.4987      8.140     0.5923 2.6365e+01  1021.1961    23.3225    21.1887     7.0239    214.945    7.11101  217.61177     98.775 -9.990e-29
   40.51456  -73.44970      1.660      1.648    23.3228    31.4987      8.140     0.5923 2.6738e+01  1021.1959    23.3225    21.1888     7.0242    214.957    7.11101  217.61177     98.780 -9.990e-29
   40.51456  -73.44970      1.651      1.638    23.3227    31.4987      8.140     0.5923 2.7657e+01  1021.1960    23.3223    21.1889     7.0294    215.115    7.11100  217.61164     98.853 -9.990e-29
   40.51456  -73.44970      1.641      1.629    23.3223    31.4987      8.140     0.5789 2.7970e+01  1021.1961    23.3220    21.1890     7.0253    214.988    7.11102  217.61218     98.794 -9.990e-29
   40.51456  -73.44970      1.641      1.629    23.3223    31.4987      8.140     0.5923 2.8366e+01  1021.1959    23.3220    21.1890     7.0257    215.002    7.11108  217.61420     98.799 -9.990e-29
   40.51456  -73.44970      1.630      1.618    23.3219    31.4987      8.140     0.5923 2.9673e+01  1021.1962    23.3216    21.1890     7.0261    215.015    7.11114  217.61576     98.805 -9.990e-29
   40.51456  -73.44970      1.621      1.608    23.3216    31.4985      8.140     0.5923 3.0179e+01  1021.1960    23.3213    21.1890     7.0265    215.027    7.11116  217.61653     98.810 -9.990e-29
   40.51456  -73.44970      1.621      1.608    23.3211    31.4985      8.140     0.5923 3.0349e+01  1021.1956    23.3208    21.1890     7.0269    215.038    7.11119  217.61725     98.815 -9.990e-29
   40.51456  -73.44970      1.611      1.599    23.3207    31.4985      8.140     0.5923 3.1480e+01  1021.1960    23.3204    21.1893     7.0322    215.199    7.11124  217.61875     98.888 -9.990e-29
   40.51458  -73.44970      1.610      1.597    23.3198    31.4989      8.140     0.5923 3.2016e+01  1021.1969    23.3195    21.1898     7.0280    215.071    7.11124  217.61881     98.829 -9.990e-29
   40.51458  -73.44970      1.600      1.588    23.3195    31.4992      8.140     0.5923 3.2016e+01  1021.1971    23.3191    21.1901     7.0281    215.074    7.11128  217.62012     98.830 -9.990e-29
   40.51458  -73.44970      1.600      1.588    23.3193    31.4995      8.140     0.5923 3.2561e+01  1021.1971    23.3190    21.1904     7.0285    215.086    7.11134  217.62178     98.835 -9.990e-29
   40.51458  -73.44970      1.600      1.588    23.3191    31.4997      8.140     0.5923 3.2745e+01  1021.1977    23.3188    21.1906     7.0241    214.953    7.11144  217.62496     98.772 -9.990e-29
   40.51458  -73.44970      1.600      1.588    23.3188    31.4998      8.140     0.5789 3.2837e+01  1021.1979    23.3184    21.1908     7.0291    215.104    7.11146  217.62559     98.841 -9.990e-29
   40.51458  -73.44970      1.600      1.588    23.3189    31.4998      8.140     0.5789 3.2914e+01  1021.1976    23.3186    21.1908     7.0246    214.969    7.11151  217.62691     98.779 -9.990e-29
   40.51458  -73.44970      1.600      1.588    23.3188    31.4998      8.140     0.5923 3.2729e+01  1021.1977    23.3184    21.1907     7.0245    214.963    7.11151  217.62673     98.776 -9.990e-29
   40.51458  -73.44970      1.600      1.588    23.3186    31.4997      8.140     0.5923 3.2729e+01  1021.1975    23.3182    21.1907     7.0295    215.117    7.11162  217.63040     98.845 -9.990e-29
   40.51458  -73.44970      1.611      1.599    23.3186    31.4997      8.140     0.5789 3.1643e+01  1021.1978    23.3182    21.1907     7.0250    214.981    7.11161  217.63020     98.783 -9.990e-29
   40.51458  -73.44970      1.610      1.597    23.3188    31.4997      8.140     0.5923 3.0851e+01  1021.1975    23.3184    21.1907     7.0249    214.976    7.11163  217.63058     98.780 -9.990e-29
   40.51458  -73.44970      1.630      1.618    23.3188    31.4998      8.140     0.5789 3.0678e+01  1021.1977    23.3184    21.1908     7.0247    214.971    7.11165  217.63110     98.778 -9.990e-29
   40.51458  -73.44970      1.630      1.618    23.3188    31.5000      8.140     0.5789 3.0249e+01  1021.1981    23.3184    21.1910     7.0294    215.115    7.11170  217.63262     98.843 -9.990e-29
   40.51458  -73.44970      1.651      1.638    23.3191    31.5001      8.140     0.5789 2.9576e+01  1021.1980    23.3188    21.1910     7.0295    215.117    7.11170  217.63240     98.844 -9.990e-29
   40.51458  -73.44970      1.660      1.648    23.3193    31.5001      8.140     0.5654 2.9493e+01  1021.1984    23.3189    21.1910     7.0248    214.973    7.11173  217.63335     98.778 -9.990e-29
   40.51458  -73.44970      1.671      1.658    23.3198    31.5001      8.140     0.5654 2.8850e+01  1021.1979    23.3195    21.1907     7.0246    214.967    7.11175  217.63387     98.775 -9.990e-29
   40.51458  -73.44970      1.681      1.668    23.3204    31.4999      8.140     0.5520 2.8207e+01  1021.1975    23.3200    21.1904     7.0244    214.962    7.11177  217.63457     98.772 -9.990e-29
   40.51458  -73.44970      1.711      1.698    23.3205    31.4997      8.140     0.5654 2.8049e+01  1021.1976    23.3202    21.1902     7.0242    214.956    7.11177  217.63465     98.769 -9.990e-29
   40.51458  -73.44970      1.711      1.698    23.3205    31.4996      8.140     0.5654 2.8194e+01  1021.1973    23.3202    21.1901     7.0240    214.947    7.11171  217.63276     98.766 -9.990e-29
   40.51458  -73.44970      1.743      1.729    23.3207    31.4996      8.140     0.5654 2.7735e+01  1021.1976    23.3204    21.1901     7.0235    214.933    7.11172  217.63282     98.759 -9.990e-29
   40.51458  -73.44970      1.752      1.739    23.3212    31.4996      8.140     0.5654 2.7657e+01  1021.1974    23.3209    21.1898     7.0182    214.770    7.11171  217.63268     98.685 -9.990e-29
   40.51458  -73.44970      1.772      1.758    23.3219    31.4996      8.140     0.5654 2.7735e+01  1021.1969    23.3216    21.1896     7.0222    214.895    7.11174  217.63382     98.741 -9.990e-29
   40.51458  -73.44970      1.802      1.788    23.3227    31.4996      8.140     0.5520 2.7891e+01  1021.1973    23.3223    21.1895     7.0172    214.739    7.11171  217.63276     98.671 -9.990e-29
   40.51458  -73.44970      1.802      1.788    23.3234    31.4996      8.140     0.5654 2.7970e+01  1021.1975    23.3230    21.1894     7.0167    214.726    7.11175  217.63411     98.664 -9.990e-29
   40.51458  -73.44970      1.843      1.829    23.3246    31.4996      8.140     0.5654 2.7891e+01  1021.1969    23.3243    21.1890     7.0163    214.713    7.11179  217.63574     98.657 -9.990e-29
   40.51460  -73.44968      1.864      1.849    23.3255    31.4994      8.140     0.5654 2.7041e+01  1021.1965    23.3252    21.1886     7.0158    214.699    7.11180  217.63572     98.651 -9.990e-29
   40.51460  -73.44968      1.875      1.860    23.3263    31.4991      8.140     0.5654 2.6588e+01  1021.1962    23.3259    21.1881     7.0153    214.684    7.11175  217.63396     98.644 -9.990e-29
   40.51460  -73.44968      1.904      1.889    23.3266    31.4988      8.140     0.5654 2.6588e+01  1021.1959    23.3262    21.1877     7.0149    214.670    7.11173  217.63335     98.638 -9.990e-29
   40.51460  -73.44968      1.924      1.909    23.3276    31.4985      8.140     0.5654 2.5489e+01  1021.1955    23.3273    21.1874     7.0145    214.658    7.11177  217.63448     98.632 -9.990e-29
