CalculateIndicators/WaterTemperature/Data/CTD_NYOS/20220928_C01.cnv
* Sea-Bird SBE 9 Data File:
* FileName = C:\Seabird 9 CTD\Data\2022\202209_offshore\20220928_C01.hex
* Software Version Seasave V 7.23.2
* Temperature SN = 4590
* Conductivity SN = 3228
* Number of Bytes Per Scan = 44
* Number of Voltage Words = 5
* Number of Scans Averaged by the Deck Unit = 1
* NMEA Latitude = 40 57.60 N
* NMEA Longitude = 073 34.76 W
* NMEA UTC (Time) = Feb 12 2003  02:13:49
* NMEA baud rate = 4800
** Ship: seawolf
** Station: lis_arig
** Operator: tcm
# nquan = 18
# nvalues = 9612                        
# units = specified
# name 0 = latitude: Latitude [deg]
# name 1 = longitude: Longitude [deg]
# name 2 = prDM: Pressure, Digiquartz [db]
# name 3 = depSM: Depth [salt water, m]
# name 4 = t090C: Temperature [ITS-90, deg C]
# name 5 = sal00: Salinity, Practical [PSU]
# name 6 = ph: pH
# name 7 = flECO-AFL: Fluorescence, WET Labs ECO-AFL/FL [mg/m^3]
# name 8 = cpar: CPAR/Corrected Irradiance [%]
# name 9 = density00: Density [density, kg/m^3]
# name 10 = potemp090C: Potential Temperature [ITS-90, deg C]
# name 11 = sigma-é00: Density [sigma-theta, kg/m^3]
# name 12 = sbeox0Mg/L: Oxygen, SBE 43 [mg/l]
# name 13 = sbox0Mm/Kg: Oxygen, SBE 43 [umol/kg]
# name 14 = oxsolMg/L: Oxygen Saturation, Garcia & Gordon [mg/l]
# name 15 = oxsolMm/Kg: Oxygen Saturation, Garcia & Gordon [umol/kg]
# name 16 = sbeox0PS: Oxygen, SBE 43 [% saturation]
# name 17 = flag:  0.000e+00
# span 0 =   40.95934,   40.96000       
# span 1 =  -73.58028,  -73.57946       
# span 2 =      1.508,     13.591       
# span 3 =      1.497,     13.485       
# span 4 =    21.5154,    21.5501       
# span 5 =    28.8814,    28.8887       
# span 6 =      6.849,      7.831       
# span 7 =     1.5996,     2.1234       
# span 8 = 5.0640e-11, 9.9999e+04       
# span 9 =  1019.7114,  1019.7664       
# span 10 =    21.5147,    21.5493      
# span 11 =    19.6983,    19.7111      
# span 12 =     6.2160,     6.2815      
# span 13 =    190.499,    192.507      
# span 14 =    7.45273,    7.45735      
# span 15 =  228.40168,  228.54101      
# span 16 =     83.377,     84.241      
# span 17 = 0.0000e+00, 0.0000e+00      
# interval = seconds: 0.0416667
# start_time = Sep 28 2022 02:13:52 [System UTC, first data scan.]
# bad_flag = -9.990e-29
*END*
[from data line 1850]
   40.95986  -73.57958     13.497     13.392    21.5280    28.8854      7.649     2.1234 5.0640e-11  1019.7655    21.5254    19.7070     6.2494    191.521    7.45547  228.48384     83.822 -9.990e-29
   40.95986  -73.57958     13.500     13.395    21.5278    28.8854      7.649     2.1100 5.0640e-11  1019.7655    21.5252    19.7070     6.2495    191.524    7.45548  228.48431     83.824 -9.990e-29
   40.95986  -73.57958     13.497     13.392    21.5278    28.8853      7.649     2.1100 5.0640e-11  1019.7656    21.5252    19.7070     6.2495    191.525    7.45544  228.48300     83.825 -9.990e-29
   40.95986  -73.57958     13.486     13.381    21.5278    28.8853      7.653     2.1100 5.0640e-11  1019.7653    21.5252    19.7070     6.2496    191.527    7.45544  228.48285     83.825 -9.990e-29
   40.95986  -73.57958     13.510     13.405    21.5278    28.8853      7.653     2.1234 5.0640e-11  1019.7655    21.5252    19.7070     6.2499    191.538    7.45542  228.48237     83.830 -9.990e-29
   40.95986  -73.57958     13.486     13.381    21.5278    28.8854      7.653     2.1100 5.0640e-11  1019.7656    21.5252    19.7071     6.2554    191.705    7.45541  228.48213     83.904 -9.990e-29
   40.95986  -73.57958     13.500     13.395    21.5274    28.8855      7.653     2.1100 5.0640e-11  1019.7658    21.5249    19.7073     6.2560    191.725    7.45539  228.48139     83.913 -9.990e-29
   40.95986  -73.57958     13.497     13.392    21.5272    28.8855      7.653     2.1100 5.0640e-11  1019.7658    21.5247    19.7073     6.2512    191.578    7.45535  228.48032     83.849 -9.990e-29
   40.95986  -73.57958     13.500     13.395    21.5274    28.8855      7.658     2.1100 5.0640e-11  1019.7657    21.5249    19.7073     6.2516    191.589    7.45539  228.48138     83.853 -9.990e-29
   40.95986  -73.57958     13.497     13.392    21.5274    28.8855      7.658     2.1100 5.0640e-11  1019.7658    21.5249    19.7073     6.2519    191.599    7.45535  228.48032     83.858 -9.990e-29
   40.95986  -73.57958     13.500     13.395    21.5274    28.8855      7.658     2.1100 5.0640e-11  1019.7658    21.5249    19.7072     6.2522    191.609    7.45537  228.48079     83.862 -9.990e-29
   40.95986  -73.57958     13.497     13.392    21.5274    28.8855      7.658     2.1100 5.0640e-11  1019.7656    21.5249    19.7072     6.2577    191.776    7.45536  228.48048     83.935 -9.990e-29
   40.95986  -73.57958     13.497     13.392    21.5272    28.8855      7.658     2.1100 5.0640e-11  1019.7657    21.5247    19.7072     6.2529    191.630    7.45537  228.48103     83.871 -9.990e-29
   40.95986  -73.57958     13.491     13.386    21.5274    28.8855      7.663     2.1100 5.0640e-11  1019.7658    21.5249    19.7073     6.2580    191.785    7.45536  228.48055     83.939 -9.990e-29
   40.95986  -73.57958     13.497     13.392    21.5272    28.8855      7.663     2.1100 5.0640e-11  1019.7659    21.5247    19.7073     6.2586    191.804    7.45539  228.48130     83.947 -9.990e-29
   40.95986  -73.57958     13.500     13.395    21.5274    28.8856      7.663     2.0832 5.0640e-11  1019.7656    21.5249    19.7072     6.2592    191.821    7.45537  228.48079     83.955 -9.990e-29
   40.95986  -73.57958     13.497     13.392    21.5272    28.8856      7.663     2.0832 5.0640e-11  1019.7655    21.5247    19.7072     6.2594    191.829    7.45537  228.48079     83.958 -9.990e-29
   40.95986  -73.57960     13.491     13.386    21.5272    28.8856      7.663     2.0832 5.0640e-11  1019.7659    21.5247    19.7074     6.2600    191.846    7.45537  228.48079     83.966 -9.990e-29
   40.95986  -73.57960     13.497     13.392    21.5271    28.8857      7.663     2.0832 5.0640e-11  1019.7661    21.5245    19.7075     6.2601    191.852    7.45537  228.48079     83.968 -9.990e-29
   40.95986  -73.57960     13.500     13.395    21.5272    28.8857      7.667     2.0832 5.0640e-11  1019.7659    21.5247    19.7075     6.2603    191.858    7.45539  228.48142     83.971 -9.990e-29
   40.95986  -73.57960     13.497     13.392    21.5274    28.8858      7.667     2.0832 5.0640e-11  1019.7659    21.5249    19.7075     6.2608    191.871    7.45534  228.47996     83.977 -9.990e-29
   40.95986  -73.57960     13.486     13.381    21.5272    28.8859      7.667     2.0832 5.0640e-11  1019.7662    21.5247    19.7076     6.2610    191.876    7.45537  228.48079     83.979 -9.990e-29
   40.95986  -73.57960     13.510     13.405    21.5272    28.8859      7.667     2.0832 5.0640e-11  1019.7660    21.5247    19.7076     6.2614    191.890    7.45538  228.48111     83.985 -9.990e-29
   40.95986  -73.57960     13.497     13.392    21.5272    28.8859      7.667     2.0832 5.0640e-11  1019.7660    21.5247    19.7076     6.2615    191.892    7.45534  228.48012     83.986 -9.990e-29
   40.95986  -73.57960     13.500     13.395    21.5271    28.8859      7.667     2.0832 5.0640e-11  1019.7664    21.5245    19.7077     6.2616    191.895    7.45537  228.48095     83.987 -9.990e-29
   40.95986  -73.57960     13.497     13.392    21.5272    28.8859      7.672     2.0832 5.0640e-11  1019.7661    21.5247    19.7076     6.2616    191.897    7.45538  228.48111     83.988 -9.990e-29
   40.95986  -73.57960     13.500     13.395    21.5276    28.8859      7.672     2.0832 5.0640e-11  1019.7658    21.5251    19.7075     6.2616    191.897    7.45536  228.48047     83.988 -9.990e-29
   40.95986  -73.57960     13.497     13.392    21.5274    28.8859      7.672     2.0832 5.0640e-11  1019.7661    21.5249    19.7075     6.2617    191.898    7.45537  228.48079     83.989 -9.990e-29
   40.95986  -73.57960     13.510     13.405    21.5278    28.8858      7.672     2.0832 5.0640e-11  1019.7659    21.5252    19.7074     6.2616    191.897    7.45539  228.48142     83.988 -9.990e-29
   40.95986  -73.57960     13.497     13.392    21.5280    28.8857      7.672     2.0832 5.0640e-11  1019.7657    21.5254    19.7072     6.2616    191.895    7.45536  228.48055     83.987 -9.990e-29
   40.95986  -73.57960     13.500     13.395    21.5280    28.8857      7.676     2.0832 5.0640e-11  1019.7656    21.5254    19.7072     6.2615    191.893    7.45537  228.48094     83.986 -9.990e-29
   40.95986  -73.57960     13.507     13.402    21.5280    28.8856      7.676     2.0832 5.0640e-11  1019.7656    21.5254    19.7072     6.2665    192.046    7.45537  228.48103     84.053 -9.990e-29
   40.95986  -73.57960     13.497     13.392    21.5280    28.8856      7.676     2.0832 5.0640e-11  1019.7659    21.5254    19.7072     6.2616    191.896    7.45540  228.48170     83.987 -9.990e-29
   40.95986  -73.57960     13.500     13.395    21.5281    28.8856      7.676     2.0832 5.0640e-11  1019.7657    21.5256    19.7072     6.2614    191.889    7.45536  228.48055     83.985 -9.990e-29
   40.95986  -73.57960     13.507     13.402    21.5280    28.8853      7.676     2.0832 5.0640e-11  1019.7656    21.5254    19.7070     6.2612    191.884    7.45539  228.48130     83.983 -9.990e-29
   40.95986  -73.57960     13.500     13.395    21.5280    28.8853      7.676     2.0832 5.0640e-11  1019.7651    21.5254    19.7067     6.2610    191.877    7.45539  228.48138     83.979 -9.990e-29
   40.95986  -73.57960     13.507     13.402    21.5281    28.8853      7.676     2.0832 5.0640e-11  1019.7650    21.5256    19.7067     6.2608    191.870    7.45540  228.48170     83.976 -9.990e-29
   40.95986  -73.57960     13.510     13.405    21.5281    28.8853      7.681     2.0832 5.0640e-11  1019.7655    21.5256    19.7069     6.2605    191.862    7.45539  228.48154     83.973 -9.990e-29
   40.95986  -73.57960     13.497     13.392    21.5280    28.8855      7.681     2.0697 5.0640e-11  1019.7656    21.5254    19.7071     6.2602    191.852    7.45538  228.48110     83.969 -9.990e-29
   40.95986  -73.57960     13.510     13.405    21.5278    28.8856      7.681     1.9623 5.0640e-11  1019.7659    21.5252    19.7072     6.2599    191.843    7.45540  228.48178     83.964 -9.990e-29
   40.95986  -73.57960     13.507     13.402    21.5278    28.8856      7.681     1.9220 5.0640e-11  1019.7658    21.5252    19.7072     6.2595    191.833    7.45541  228.48213     83.960 -9.990e-29
   40.95984  -73.57960     13.507     13.402    21.5280    28.8856      7.681     1.9354 5.0640e-11  1019.7656    21.5254    19.7072     6.2591    191.820    7.45539  228.48138     83.954 -9.990e-29
   40.95984  -73.57960     13.500     13.395    21.5278    28.8856      7.681     1.9354 5.0640e-11  1019.7659    21.5252    19.7072     6.2642    191.974    7.45538  228.48111     84.022 -9.990e-29
   40.95984  -73.57960     13.507     13.402    21.5280    28.8856      7.681     1.9354 5.0640e-11  1019.7656    21.5254    19.7072     6.2589    191.815    7.45539  228.48154     83.952 -9.990e-29
   40.95984  -73.57960     13.510     13.405    21.5280    28.8857      7.681     1.9354 5.0640e-11  1019.7656    21.5254    19.7072     6.2639    191.967    7.45541  228.48201     84.019 -9.990e-29
   40.95984  -73.57960     13.497     13.392    21.5280    28.8860      7.685     1.9354 5.0640e-11  1019.7660    21.5254    19.7074     6.2590    191.817    7.45542  228.48253     83.952 -9.990e-29
   40.95984  -73.57960     13.510     13.405    21.5281    28.8862      7.685     1.9354 5.0640e-11  1019.7662    21.5256    19.7076     6.2585    191.800    7.45539  228.48154     83.946 -9.990e-29
   40.95984  -73.57960     13.507     13.402    21.5285    28.8863      7.685     1.9354 5.0640e-11  1019.7662    21.5259    19.7076     6.2579    191.784    7.45538  228.48110     83.939 -9.990e-29
   40.95984  -73.57960     13.510     13.405    21.5290    28.8863      7.685     1.9354 5.0640e-11  1019.7659    21.5264    19.7074     6.2577    191.777    7.45536  228.48056     83.936 -9.990e-29
   40.95984  -73.57960     13.507     13.402    21.5288    28.8863      7.685     1.9354 5.0640e-11  1019.7660    21.5263    19.7074     6.2575    191.770    7.45539  228.48130     83.933 -9.990e-29
   40.95984  -73.57960     13.497     13.392    21.5292    28.8863      7.685     1.9354 5.0640e-11  1019.7658    21.5266    19.7074     6.2573    191.763    7.45538  228.48111     83.929 -9.990e-29
   40.95984  -73.57960     13.510     13.405    21.5292    28.8863      7.690     1.9354 5.0640e-11  1019.7659    21.5266    19.7073     6.2570    191.755    7.45536  228.48072     83.926 -9.990e-29
   40.95984  -73.57960     13.507     13.402    21.5293    28.8863      7.685     1.9354 5.0640e-11  1019.7658    21.5268    19.7073     6.2567    191.746    7.45537  228.48095     83.922 -9.990e-29
   40.95984  -73.57960     13.500     13.395    21.5293    28.8863      7.690     1.9354 5.0640e-11  1019.7659    21.5268    19.7073     6.2565    191.738    7.45539  228.48138     83.919 -9.990e-29
   40.95984  -73.57960     13.507     13.402    21.5295    28.8862      7.690     1.9354 5.0640e-11  1019.7658    21.5270    19.7072     6.2565    191.738    7.45537  228.48079     83.919 -9.990e-29
   40.95984  -73.57960     13.500     13.395    21.5299    28.8862      7.690     1.9354 5.0640e-11  1019.7655    21.5273    19.7072     6.2565    191.739    7.45537  228.48079     83.919 -9.990e-29
   40.95984  -73.57960     13.497     13.392    21.5295    28.8862      7.690     1.9354 5.0640e-11  1019.7658    21.5270    19.7072     6.2562    191.730    7.45539  228.48142     83.915 -9.990e-29
   40.95984  -73.57960     13.510     13.405    21.5299    28.8862      7.690     1.9354 5.0640e-11  1019.7656    21.5273    19.7072     6.2559    191.721    7.45537  228.48103     83.911 -9.990e-29
   40.95984  -73.57960     13.497     13.392    21.5297    28.8863      7.694     1.9354 5.0640e-11  1019.7656    21.5272    19.7072     6.2556    191.711    7.45539  228.48142     83.907 -9.990e-29
   40.95984  -73.57960     13.507     13.402    21.5297    28.8863      7.694     1.9354 5.0640e-11  1019.7658    21.5272    19.7072     6.2501    191.544    7.45537  228.48102     83.834 -9.990e-29
   40.95984  -73.57960     13.500     13.395    21.5297    28.8863      7.694     1.9354 5.0640e-11  1019.7655    21.5272    19.7072     6.2549    191.691    7.45540  228.48170     83.898 -9.990e-29
   40.95984  -73.57960     13.497     13.392    21.5297    28.8863      7.694     1.9354 5.0640e-11  1019.7658    21.5272    19.7072     6.2495    191.524    7.45537  228.48095     83.825 -9.990e-29
   40.95984  -73.57960     13.491     13.386    21.5295    28.8863      7.694     1.9354 5.0640e-11  1019.7658    21.5270    19.7072     6.2542    191.671    7.45539  228.48138     83.889 -9.990e-29
   40.95984  -73.57960     13.497     13.392    21.5297    28.8862      7.694     2.0026 5.0640e-11  1019.7656    21.5272    19.7071     6.2491    191.514    7.45539  228.48142     83.820 -9.990e-29
   40.95984  -73.57960     13.500     13.395    21.5297    28.8862      7.694     2.0429 5.0640e-11  1019.7657    21.5272    19.7071     6.2539    191.661    7.45539  228.48161     83.885 -9.990e-29
   40.95984  -73.57960     13.507     13.402    21.5297    28.8862      7.694     2.0563 5.0640e-11  1019.7657    21.5272    19.7071     6.2539    191.661    7.45539  228.48138     83.885 -9.990e-29
   40.95984  -73.57960     13.491     13.386    21.5297    28.8861      7.694     2.0429 5.0640e-11  1019.7656    21.5272    19.7070     6.2488    191.504    7.45538  228.48110     83.816 -9.990e-29
   40.95984  -73.57960     13.497     13.392    21.5297    28.8860      7.699     2.0429 5.0640e-11  1019.7653    21.5272    19.7069     6.2485    191.496    7.45540  228.48173     83.812 -9.990e-29
   40.95984  -73.57960     13.491     13.386    21.5301    28.8860      7.699     2.0429 5.0640e-11  1019.7652    21.5275    19.7069     6.2482    191.486    7.45537  228.48071     83.808 -9.990e-29
   40.95984  -73.57960     13.497     13.392    21.5297    28.8859      7.699     2.0429 5.0640e-11  1019.7656    21.5272    19.7069     6.2480    191.479    7.45541  228.48197     83.805 -9.990e-29
   40.95984  -73.57960     13.497     13.392    21.5297    28.8860      7.699     2.0429 5.0640e-11  1019.7655    21.5272    19.7069     6.2477    191.470    7.45538  228.48110     83.801 -9.990e-29
   40.95984  -73.57960     13.491     13.386    21.5301    28.8860      7.699     2.0429 5.0640e-11  1019.7651    21.5275    19.7069     6.2475    191.463    7.45540  228.48177     83.798 -9.990e-29
   40.95984  -73.57960     13.497     13.392    21.5297    28.8860      7.699     2.0429 5.0640e-11  1019.7656    21.5272    19.7070     6.2472    191.456    7.45540  228.48177     83.795 -9.990e-29
   40.95984  -73.57960     13.500     13.395    21.5297    28.8860      7.699     2.0429 5.0640e-11  1019.7655    21.5272    19.7070     6.2470    191.449    7.45539  228.48154     83.792 -9.990e-29
   40.95984  -73.57960     13.486     13.381    21.5299    28.8860      7.703     2.0429 5.0640e-11  1019.7654    21.5273    19.7070     6.2468    191.443    7.45540  228.48170     83.789 -9.990e-29
   40.95984  -73.57960     13.500     13.395    21.5297    28.8860      7.703     2.0429 5.0640e-11  1019.7657    21.5272    19.7070     6.2415    191.281    7.45541  228.48213     83.718 -9.990e-29
   40.95984  -73.57960     13.486     13.381    21.5297    28.8859      7.703     2.0429 5.0640e-11  1019.7653    21.5272    19.7069     6.2410    191.266    7.45539  228.48138     83.712 -9.990e-29
   40.95984  -73.57960     13.500     13.395    21.5299    28.8859      7.703     2.0429 5.0640e-11  1019.7654    21.5273    19.7068     6.2406    191.251    7.45538  228.48110     83.706 -9.990e-29
   40.95984  -73.57960     13.486     13.381    21.5299    28.8859      7.703     2.0429 5.0640e-11  1019.7652    21.5273    19.7068     6.2402    191.239    7.45539  228.48154     83.700 -9.990e-29
