CalculateIndicators/WaterTemperature/Data/CTD_NYOS/202200730_C24.cnv
* Sea-Bird SBE 9 Data File:
* FileName = C:\Seabird 9 CTD\Data\2022\202207_offshore\202200730_C24.hex
* Software Version Seasave V 7.23.2
* Temperature SN = 4590
* Conductivity SN = 3228
* Number of Bytes Per Scan = 44
* Number of Voltage Words = 5
* Number of Scans Averaged by the Deck Unit = 1
* NMEA Latitude = 40 25.92 N
* NMEA Longitude = 072 22.69 W
* NMEA UTC (Time) = Dec 14 2002  02:52:22
* NMEA baud rate = 4800
** Ship: seawolf
** Station: 3.2
** Operator: TDK
# nquan = 18
# nvalues = 15471                       
# units = specified
# name 0 = latitude: Latitude [deg]
# name 1 = longitude: Longitude [deg]
# name 2 = prDM: Pressure, Digiquartz [db]
# name 3 = depSM: Depth [salt water, m]
# name 4 = t090C: Temperature [ITS-90, deg C]
# name 5 = sal00: Salinity, Practical [PSU]
# name 6 = ph: pH
# name 7 = flECO-AFL: Fluorescence, WET Labs ECO-AFL/FL [mg/m^3]
# name 8 = cpar: CPAR/Corrected Irradiance [%]
# name 9 = density00: Density [density, kg/m^3]
# name 10 = potemp090C: Potential Temperature [ITS-90, deg C]
# name 11 = sigma-é00: Density [sigma-theta, kg/m^3]
# name 12 = sbeox0Mg/L: Oxygen, SBE 43 [mg/l]
# name 13 = sbox0Mm/Kg: Oxygen, SBE 43 [umol/kg]
# name 14 = oxsolMg/L: Oxygen Saturation, Garcia & Gordon [mg/l]
# name 15 = oxsolMm/Kg: Oxygen Saturation, Garcia & Gordon [umol/kg]
# name 16 = sbeox0PS: Oxygen, SBE 43 [% saturation]
# name 17 = flag:  0.000e+00
# span 0 =   40.43200,   40.43300       
# span 1 =  -72.37832,  -72.37594       
# span 2 =      1.839,     49.623       
# span 3 =      1.825,     49.235       
# span 4 =     8.3738,    24.0671       
# span 5 =    31.7960,    32.9770       
# span 6 =      7.905,      8.277       
# span 7 =    -0.0389,     4.0709       
# span 8 = 5.0640e-11, 9.9999e+04       
# span 9 =  1021.3327,  1025.8197       
# span 10 =     8.3700,    24.0664      
# span 11 =    21.2941,    25.5978      
# span 12 =     7.0128,    10.2742      
# span 13 =    213.683,    313.280      
# span 14 =    7.00076,    9.47984      
# span 15 =  214.20737,  288.85753      
# span 16 =     73.980,    126.318      
# span 17 = 0.0000e+00, 0.0000e+00      
# interval = seconds: 0.0416667
# start_time = Jul 30 2022 02:52:19 [System UTC, first data scan.]
# bad_flag = -9.990e-29
*END*
[from data line 322]
   40.43214  -72.37826      2.464      2.445    24.0611    31.9724      8.250     1.0087 5.0640e-11  1021.3440    24.0606    21.3334     7.9212    242.370    7.00164  214.23405    113.133 -9.990e-29
   40.43214  -72.37826      2.434      2.415    24.0610    31.9722      8.250     1.0087 5.0640e-11  1021.3438    24.0605    21.3333     7.9164    242.223    7.00166  214.23459    113.064 -9.990e-29
   40.43214  -72.37826      2.424      2.405    24.0612    31.9722      8.250     0.9952 5.0640e-11  1021.3434    24.0607    21.3332     7.9253    242.494    7.00167  214.23474    113.191 -9.990e-29
   40.43214  -72.37826      2.424      2.405    24.0609    31.9722      8.250     0.9952 5.0640e-11  1021.3439    24.0604    21.3333     7.9208    242.357    7.00171  214.23593    113.126 -9.990e-29
   40.43214  -72.37826      2.394      2.375    24.0610    31.9722      8.250     1.0087 5.0640e-11  1021.3435    24.0605    21.3333     7.9204    242.345    7.00167  214.23462    113.121 -9.990e-29
   40.43214  -72.37826      2.394      2.375    24.0608    31.9722      8.250     1.0087 5.0640e-11  1021.3437    24.0603    21.3334     7.9247    242.478    7.00165  214.23409    113.184 -9.990e-29
   40.43214  -72.37826      2.373      2.355    24.0609    31.9722      8.250     0.9952 5.0640e-11  1021.3434    24.0604    21.3334     7.9249    242.485    7.00167  214.23474    113.186 -9.990e-29
   40.43214  -72.37826      2.373      2.355    24.0610    31.9722      8.250     0.9952 5.0640e-11  1021.3435    24.0605    21.3334     7.9249    242.482    7.00168  214.23503    113.185 -9.990e-29
   40.43214  -72.37826      2.354      2.336    24.0610    31.9722      8.250     0.9952 5.0640e-11  1021.3436    24.0605    21.3334     7.9250    242.487    7.00166  214.23458    113.188 -9.990e-29
   40.43214  -72.37824      2.352      2.334    24.0608    31.9722      8.250     0.9952 5.0640e-11  1021.3435    24.0603    21.3333     7.9249    242.484    7.00167  214.23473    113.186 -9.990e-29
   40.43214  -72.37824      2.343      2.325    24.0609    31.9722      8.250     1.0087 5.0640e-11  1021.3432    24.0604    21.3333     7.9250    242.487    7.00162  214.23337    113.188 -9.990e-29
   40.43214  -72.37824      2.332      2.314    24.0610    31.9722      8.250     0.9952 5.0640e-11  1021.3431    24.0605    21.3333     7.9297    242.630    7.00166  214.23458    113.254 -9.990e-29
   40.43214  -72.37824      2.322      2.304    24.0608    31.9724      8.250     0.9952 5.0640e-11  1021.3436    24.0603    21.3335     7.9301    242.641    7.00164  214.23401    113.260 -9.990e-29
   40.43214  -72.37824      2.322      2.304    24.0609    31.9724      8.250     0.9952 5.0640e-11  1021.3434    24.0604    21.3335     7.9257    242.507    7.00161  214.23299    113.198 -9.990e-29
   40.43214  -72.37824      2.313      2.295    24.0610    31.9724      8.250     0.9952 5.0640e-11  1021.3433    24.0605    21.3335     7.9258    242.511    7.00161  214.23292    113.200 -9.990e-29
   40.43214  -72.37824      2.313      2.295    24.0607    31.9725      8.250     0.9952 5.0640e-11  1021.3436    24.0602    21.3336     7.9259    242.515    7.00161  214.23309    113.201 -9.990e-29
   40.43214  -72.37824      2.302      2.284    24.0606    31.9725      8.250     0.9952 5.0640e-11  1021.3436    24.0601    21.3336     7.9260    242.518    7.00160  214.23274    113.203 -9.990e-29
   40.43214  -72.37824      2.302      2.284    24.0607    31.9725      8.250     0.9952 5.0640e-11  1021.3433    24.0602    21.3336     7.9308    242.666    7.00158  214.23214    113.272 -9.990e-29
   40.43214  -72.37824      2.303      2.285    24.0607    31.9725      8.250     0.9952 5.0640e-11  1021.3435    24.0602    21.3336     7.9315    242.685    7.00156  214.23150    113.282 -9.990e-29
   40.43214  -72.37824      2.302      2.284    24.0606    31.9725      8.250     0.9952 5.0640e-11  1021.3436    24.0601    21.3336     7.9321    242.704    7.00157  214.23172    113.291 -9.990e-29
   40.43214  -72.37824      2.292      2.274    24.0607    31.9725      8.250     0.9818 5.0640e-11  1021.3435    24.0602    21.3336     7.9280    242.579    7.00156  214.23150    113.232 -9.990e-29
   40.43214  -72.37824      2.302      2.284    24.0607    31.9724      8.250     0.9684 5.0640e-11  1021.3434    24.0602    21.3336     7.9331    242.735    7.00153  214.23065    113.305 -9.990e-29
   40.43214  -72.37824      2.292      2.274    24.0605    31.9723      8.250     0.9684 5.0640e-11  1021.3434    24.0600    21.3335     7.9291    242.611    7.00154  214.23073    113.247 -9.990e-29
   40.43214  -72.37824      2.292      2.274    24.0608    31.9723      8.250     0.9684 5.0640e-11  1021.3432    24.0603    21.3335     7.9339    242.759    7.00152  214.23038    113.317 -9.990e-29
   40.43214  -72.37824      2.303      2.285    24.0608    31.9723      8.250     0.9684 5.0640e-11  1021.3433    24.0603    21.3334     7.9298    242.634    7.00153  214.23065    113.258 -9.990e-29
   40.43214  -72.37824      2.292      2.274    24.0607    31.9722      8.250     0.9684 5.0640e-11  1021.3431    24.0602    21.3333     7.9349    242.791    7.00150  214.22974    113.332 -9.990e-29
   40.43214  -72.37824      2.302      2.284    24.0608    31.9722      8.250     0.9684 5.0640e-11  1021.3432    24.0603    21.3333     7.9356    242.812    7.00152  214.23039    113.341 -9.990e-29
   40.43214  -72.37824      2.292      2.274    24.0608    31.9722      8.250     0.9684 5.0640e-11  1021.3431    24.0603    21.3334     7.9360    242.824    7.00151  214.22994    113.347 -9.990e-29
   40.43214  -72.37824      2.292      2.274    24.0603    31.9724      8.250     0.9684 5.0640e-11  1021.3436    24.0598    21.3336     7.9364    242.835    7.00151  214.22989    113.353 -9.990e-29
   40.43214  -72.37824      2.292      2.274    24.0606    31.9724      8.250     0.9818 5.0640e-11  1021.3433    24.0601    21.3336     7.9368    242.847    7.00153  214.23046    113.358 -9.990e-29
   40.43214  -72.37824      2.302      2.284    24.0605    31.9724      8.250     0.9684 5.0640e-11  1021.3434    24.0600    21.3336     7.9371    242.858    7.00150  214.22968    113.363 -9.990e-29
   40.43214  -72.37824      2.292      2.274    24.0601    31.9723      8.250     0.9818 5.0640e-11  1021.3435    24.0596    21.3336     7.9376    242.872    7.00157  214.23166    113.369 -9.990e-29
   40.43214  -72.37824      2.302      2.284    24.0604    31.9722      8.250     0.9684 5.0640e-11  1021.3433    24.0599    21.3335     7.9379    242.882    7.00157  214.23181    113.374 -9.990e-29
   40.43212  -72.37826      2.292      2.274    24.0603    31.9722      8.250     0.9684 5.0640e-11  1021.3433    24.0598    21.3335     7.9383    242.893    7.00156  214.23152    113.379 -9.990e-29
   40.43212  -72.37826      2.303      2.285    24.0603    31.9722      8.250     0.9684 5.0640e-11  1021.3434    24.0598    21.3336     7.9386    242.901    7.00153  214.23068    113.383 -9.990e-29
   40.43212  -72.37826      2.302      2.284    24.0601    31.9723      8.250     0.9684 5.0640e-11  1021.3435    24.0596    21.3337     7.9386    242.904    7.00156  214.23138    113.384 -9.990e-29
   40.43212  -72.37826      2.313      2.295    24.0602    31.9724      8.250     0.9818 5.0640e-11  1021.3436    24.0597    21.3338     7.9386    242.904    7.00153  214.23069    113.384 -9.990e-29
   40.43212  -72.37826      2.302      2.284    24.0601    31.9724      8.250     0.9684 5.0640e-11  1021.3438    24.0596    21.3338     7.9434    243.049    7.00154  214.23091    113.452 -9.990e-29
   40.43212  -72.37826      2.313      2.295    24.0599    31.9724      8.250     0.9684 5.0640e-11  1021.3436    24.0594    21.3337     7.9436    243.057    7.00155  214.23114    113.455 -9.990e-29
   40.43212  -72.37826      2.303      2.285    24.0602    31.9724      8.250     0.9684 5.0640e-11  1021.3435    24.0597    21.3337     7.9438    243.063    7.00154  214.23100    113.458 -9.990e-29
   40.43212  -72.37826      2.302      2.284    24.0601    31.9724      8.250     0.9684 5.0640e-11  1021.3436    24.0596    21.3337     7.9437    243.060    7.00154  214.23088    113.457 -9.990e-29
   40.43212  -72.37826      2.313      2.295    24.0601    31.9724      8.250     0.9684 5.0640e-11  1021.3436    24.0596    21.3338     7.9436    243.055    7.00152  214.23044    113.455 -9.990e-29
   40.43212  -72.37826      2.313      2.295    24.0600    31.9725      8.250     0.9684 5.0640e-11  1021.3438    24.0595    21.3338     7.9437    243.059    7.00155  214.23119    113.456 -9.990e-29
   40.43212  -72.37826      2.313      2.295    24.0601    31.9725      8.250     0.9952 5.0640e-11  1021.3436    24.0596    21.3338     7.9484    243.204    7.00153  214.23072    113.524 -9.990e-29
   40.43212  -72.37826      2.302      2.284    24.0601    31.9725 -9.990e-29     1.0490 5.0640e-11  1021.3437    24.0596    21.3338     7.9440    243.069    7.00155  214.23132    113.461 -9.990e-29
   40.43212  -72.37826      2.313      2.295    24.0601    31.9725      8.250     1.0758 5.0640e-11  1021.3436    24.0596    21.3338     7.9440    243.067    7.00153  214.23069    113.461 -9.990e-29
   40.43212  -72.37826      2.313      2.295    24.0600    31.9725      8.250     1.0758 5.0640e-11  1021.3438    24.0595    21.3338     7.9484    243.202    7.00154  214.23073    113.523 -9.990e-29
   40.43212  -72.37826      2.302      2.284    24.0601    31.9724      8.250     1.0758 5.0640e-11  1021.3436    24.0596    21.3337     7.9485    243.205    7.00149  214.22938    113.526 -9.990e-29
   40.43212  -72.37826      2.313      2.295    24.0601    31.9724      8.250     1.0624 5.0640e-11  1021.3434    24.0596    21.3336     7.9486    243.208    7.00147  214.22899    113.527 -9.990e-29
   40.43212  -72.37826      2.302      2.284    24.0598    31.9724 -9.990e-29     1.0624 5.0640e-11  1021.3436    24.0594    21.3338     7.9486    243.209    7.00145  214.22817    113.528 -9.990e-29
   40.43212  -72.37826      2.303      2.285    24.0597    31.9726      8.250     1.0624 5.0640e-11  1021.3438    24.0592    21.3340     7.9437    243.058    7.00149  214.22924    113.457 -9.990e-29
   40.43212  -72.37826      2.302      2.284    24.0594    31.9726 -9.990e-29     1.0758 5.0640e-11  1021.3439    24.0589    21.3340     7.9436    243.057    7.00147  214.22870    113.457 -9.990e-29
   40.43212  -72.37826      2.302      2.284    24.0597    31.9726      8.250     1.0758 5.0640e-11  1021.3440    24.0592    21.3340     7.9433    243.047    7.00146  214.22841    113.452 -9.990e-29
   40.43212  -72.37826      2.292      2.274    24.0599    31.9726      8.250     1.0758 5.0640e-11  1021.3437    24.0594    21.3340     7.9477    243.183    7.00147  214.22884    113.515 -9.990e-29
   40.43212  -72.37826      2.292      2.274    24.0597    31.9725      8.250     1.0758 5.0640e-11  1021.3438    24.0592    21.3339     7.9431    243.041    7.00143  214.22762    113.450 -9.990e-29
   40.43212  -72.37826      2.292      2.274    24.0597    31.9725      8.250     1.0758 5.0640e-11  1021.3436    24.0592    21.3339     7.9478    243.183    7.00148  214.22907    113.516 -9.990e-29
   40.43212  -72.37826      2.282      2.265    24.0598    31.9725      8.250     1.0758 5.0640e-11  1021.3436    24.0594    21.3339     7.9479    243.186    7.00147  214.22892    113.517 -9.990e-29
   40.43212  -72.37826      2.282      2.265    24.0597    31.9725      8.250     1.0758 5.0640e-11  1021.3437    24.0592    21.3339     7.9479    243.187    7.00147  214.22872    113.518 -9.990e-29
   40.43212  -72.37826      2.282      2.265    24.0601    31.9725      8.250     1.0624 5.0640e-11  1021.3436    24.0596    21.3339     7.9479    243.189    7.00147  214.22873    113.518 -9.990e-29
   40.43212  -72.37826      2.271      2.254    24.0598    31.9725      8.250     1.0624 5.0640e-11  1021.3435    24.0594    21.3339     7.9480    243.189    7.00148  214.22923    113.518 -9.990e-29
   40.43212  -72.37826      2.273      2.255    24.0599    31.9726      8.250     1.0758 5.0640e-11  1021.3437    24.0594    21.3340     7.9482    243.195    7.00147  214.22864    113.521 -9.990e-29
   40.43212  -72.37826      2.262      2.244    24.0601    31.9726      8.250     1.0624 5.0640e-11  1021.3438    24.0596    21.3340     7.9484    243.202    7.00145  214.22829    113.524 -9.990e-29
   40.43212  -72.37826      2.262      2.244    24.0602    31.9726      8.250     1.0758 5.0640e-11  1021.3435    24.0597    21.3339     7.9483    243.200    7.00147  214.22879    113.523 -9.990e-29
   40.43212  -72.37826      2.262      2.244    24.0603    31.9724      8.250     1.0624 5.0640e-11  1021.3433    24.0598    21.3337     7.9529    243.341    7.00147  214.22887    113.589 -9.990e-29
   40.43212  -72.37826      2.251      2.233    24.0605    31.9724      8.250     1.0758 5.0640e-11  1021.3430    24.0600    21.3335     7.9483    243.198    7.00144  214.22796    113.523 -9.990e-29
   40.43212  -72.37826      2.241      2.224    24.0606    31.9724      8.250     1.0624 5.0640e-11  1021.3430    24.0601    21.3335     7.9528    243.339    7.00147  214.22898    113.588 -9.990e-29
   40.43212  -72.37826      2.262      2.244    24.0607    31.9724      8.250     1.0758 5.0640e-11  1021.3433    24.0602    21.3335     7.9531    243.346    7.00144  214.22793    113.592 -9.990e-29
   40.43212  -72.37826      2.241      2.224    24.0607    31.9724      8.250     1.0624 5.0640e-11  1021.3431    24.0602    21.3335     7.9534    243.355    7.00146  214.22853    113.596 -9.990e-29
   40.43212  -72.37826      2.241      2.224    24.0607    31.9724      8.250     1.0624 5.0640e-11  1021.3432    24.0602    21.3335     7.9536    243.361    7.00145  214.22816    113.599 -9.990e-29
   40.43212  -72.37826      2.241      2.224    24.0609    31.9724      8.250     1.0758 5.0640e-11  1021.3431    24.0604    21.3336     7.9488    243.214    7.00143  214.22755    113.531 -9.990e-29
   40.43212  -72.37826      2.251      2.233    24.0608    31.9724      8.250     1.0624 5.0640e-11  1021.3433    24.0603    21.3336     7.9487    243.211    7.00142  214.22742    113.529 -9.990e-29
   40.43212  -72.37826      2.242      2.225    24.0610    31.9724      8.250     1.0624 5.0640e-11  1021.3430    24.0605    21.3335     7.9530    243.344    7.00142  214.22742    113.591 -9.990e-29
   40.43212  -72.37826      2.241      2.224    24.0609    31.9724      8.250     1.0758 5.0640e-11  1021.3431    24.0604    21.3335     7.9484    243.203    7.00142  214.22743    113.525 -9.990e-29
   40.43212  -72.37826      2.251      2.233    24.0612    31.9724 -9.990e-29     1.0758 5.0640e-11  1021.3430    24.0607    21.3335     7.9526    243.333    7.00141  214.22713    113.586 -9.990e-29
   40.43212  -72.37826      2.251      2.233    24.0610    31.9724      8.250     1.0624 5.0640e-11  1021.3431    24.0605    21.3335     7.9528    243.336    7.00147  214.22869    113.587 -9.990e-29
   40.43212  -72.37826      2.262      2.244    24.0611    31.9724      8.250     1.0758 5.0640e-11  1021.3431    24.0606    21.3334     7.9527    243.335    7.00144  214.22797    113.587 -9.990e-29
   40.43212  -72.37826      2.262      2.244    24.0612    31.9723      8.250     1.0624 5.0640e-11  1021.3430    24.0607    21.3334     7.9527    243.334    7.00144  214.22802    113.587 -9.990e-29
   40.43212  -72.37826      2.262      2.244    24.0610    31.9723      8.250     1.0624 5.0640e-11  1021.3431    24.0605    21.3333     7.9526    243.331    7.00142  214.22743    113.586 -9.990e-29
   40.43212  -72.37826      2.271      2.254    24.0613    31.9723      8.250     1.0758 5.0640e-11  1021.3429    24.0608    21.3333     7.9525    243.329    7.00143  214.22752    113.584 -9.990e-29
   40.43212  -72.37826      2.282      2.265    24.0607    31.9723      8.250     1.0624 5.0640e-11  1021.3433    24.0602    21.3334     7.9477    243.181    7.00145  214.22824    113.515 -9.990e-29
