CalculateIndicators/WaterTemperature/Data/CTD_NYOS/202200728_C14.cnv
* Sea-Bird SBE 9 Data File:
* FileName = C:\Seabird 9 CTD\Data\2022\202207_offshore\202200728_C14.hex
* Software Version Seasave V 7.23.2
* Temperature SN = 4590
* Conductivity SN = 3228
* Number of Bytes Per Scan = 44
* Number of Voltage Words = 5
* Number of Scans Averaged by the Deck Unit = 1
* NMEA Latitude = 40 34.99 N
* NMEA Longitude = 073 07.59 W
* NMEA UTC (Time) = Dec 12 2002  16:08:56
* NMEA baud rate = 4800
** Ship: seawolf
** Station: 5.1
** Operator: TCM
# nquan = 18
# nvalues = 7827                        
# units = specified
# name 0 = latitude: Latitude [deg]
# name 1 = longitude: Longitude [deg]
# name 2 = prDM: Pressure, Digiquartz [db]
# name 3 = depSM: Depth [salt water, m]
# name 4 = t090C: Temperature [ITS-90, deg C]
# name 5 = sal00: Salinity, Practical [PSU]
# name 6 = ph: pH
# name 7 = flECO-AFL: Fluorescence, WET Labs ECO-AFL/FL [mg/m^3]
# name 8 = cpar: CPAR/Corrected Irradiance [%]
# name 9 = density00: Density [density, kg/m^3]
# name 10 = potemp090C: Potential Temperature [ITS-90, deg C]
# name 11 = sigma-é00: Density [sigma-theta, kg/m^3]
# name 12 = sbeox0Mg/L: Oxygen, SBE 43 [mg/l]
# name 13 = sbox0Mm/Kg: Oxygen, SBE 43 [umol/kg]
# name 14 = oxsolMg/L: Oxygen Saturation, Garcia & Gordon [mg/l]
# name 15 = oxsolMm/Kg: Oxygen Saturation, Garcia & Gordon [umol/kg]
# name 16 = sbeox0PS: Oxygen, SBE 43 [% saturation]
# name 17 = flag:  0.000e+00
# span 0 =   40.58316,   40.58368       
# span 1 =  -73.12660,  -73.12630       
# span 2 =      1.705,     18.687       
# span 3 =      1.692,     18.542       
# span 4 =    13.9428,    22.2599       
# span 5 =    31.4806,    32.3482       
# span 6 =      7.984,      8.173       
# span 7 =     0.4446,     2.1369       
# span 8 = 1.0287e+00, 7.1635e+01       
# span 9 =  1021.4918,  1024.2285       
# span 10 =    13.9402,    22.2595      
# span 11 =    21.5082,    24.1436      
# span 12 =     7.3784,     8.6966      
# span 13 =    225.234,    265.655      
# span 14 =    7.24333,    8.44825      
# span 15 =  221.58205,  257.78958      
# span 16 =     87.985,    114.084      
# span 17 = 0.0000e+00, 0.0000e+00      
# interval = seconds: 0.0416667
# start_time = Jul 28 2022 16:08:55 [System UTC, first data scan.]
# bad_flag = -9.990e-29
*END*
[from data line 965]
   40.58326  -73.12656     15.125     15.008    14.3868    32.3212      8.022     1.3579 2.2340e+00  1024.1053    14.3846    24.0381     7.5266    229.679    8.39438  256.16173     89.662 0.0000e+00
   40.58326  -73.12656     15.146     15.029    14.3777    32.3213      8.022     1.3444 2.2151e+00  1024.1070    14.3755    24.0400     7.5090    229.145    8.39448  256.16465     89.452 0.0000e+00
   40.58326  -73.12656     15.176     15.059    14.3685    32.3216      8.022     1.3444 2.2089e+00  1024.1092    14.3663    24.0421     7.4972    228.783    8.39444  256.16340     89.311 0.0000e+00
   40.58326  -73.12656     15.195     15.078    14.3593    32.3221      8.022     1.3444 2.2027e+00  1024.1120    14.3571    24.0443     7.4856    228.429    8.39430  256.15911     89.175 0.0000e+00
   40.58326  -73.12656     15.227     15.109    14.3516    32.3228      8.022     1.3444 2.1841e+00  1024.1138    14.3495    24.0466     7.4748    228.100    8.39420  256.15624     89.047 0.0000e+00
   40.58326  -73.12656     15.246     15.128    14.3439    32.3238      8.017     1.3444 2.1719e+00  1024.1168    14.3417    24.0489     7.4704    227.965    8.39412  256.15395     88.995 -9.990e-29
   40.58326  -73.12656     15.245     15.127    14.3377    32.3247      8.017     1.3444 2.1719e+00  1024.1187    14.3355    24.0509     7.4602    227.655    8.39403  256.15097     88.875 -9.990e-29
   40.58326  -73.12656     15.308     15.190    14.3315    32.3253      8.017     1.3579 2.1596e+00  1024.1206    14.3294    24.0527     7.4509    227.371    8.39396  256.14884     88.765 0.0000e+00
   40.58326  -73.12656     15.318     15.199    14.3258    32.3259      8.017     1.3444 2.1505e+00  1024.1223    14.3237    24.0544     7.4418    227.092    8.39373  256.14135     88.659 0.0000e+00
   40.58326  -73.12656     15.338     15.220    14.3197    32.3266      8.013     1.3444 2.1444e+00  1024.1242    14.3176    24.0562     7.4382    226.983    8.39329  256.12754     88.621 0.0000e+00
   40.58326  -73.12656     15.358     15.239    14.3143    32.3274      8.013     1.3579 2.1324e+00  1024.1261    14.3121    24.0579     7.4293    226.710    8.39261  256.10713     88.522 0.0000e+00
   40.58326  -73.12656     15.377     15.258    14.3099    32.3281      8.013     1.3444 2.1264e+00  1024.1277    14.3077    24.0594     7.4203    226.437    8.39158  256.07640     88.425 0.0000e+00
   40.58326  -73.12656     15.399     15.280    14.3059    32.3281      8.013     1.3444 2.1264e+00  1024.1293    14.3037    24.0606     7.4169    226.334    8.38977  256.02294     88.404 0.0000e+00
   40.58326  -73.12656     15.420     15.300    14.3019    32.3281      8.013     1.3444 2.1144e+00  1024.1296    14.2997    24.0613     7.4091    226.097    8.38895  255.99858     88.320 0.0000e+00
   40.58326  -73.12656     15.439     15.319    14.2970    32.3277      8.013     1.3444 2.0966e+00  1024.1305    14.2948    24.0619     7.4080    226.065    8.38872  255.99224     88.309 0.0000e+00
   40.58326  -73.12656     15.458     15.338    14.2912    32.3277      8.008     1.3444 2.0966e+00  1024.1309    14.2890    24.0627     7.4065    226.022    8.38774  255.96486     88.302 0.0000e+00
   40.58326  -73.12656     15.480     15.360    14.2851    32.3277      8.008     1.3579 2.0907e+00  1024.1324    14.2829    24.0640     7.3998    225.819    8.38746  255.95823     88.225 0.0000e+00
   40.58326  -73.12656     15.501     15.381    14.2798    32.3283      8.008     1.3579 2.0731e+00  1024.1345    14.2776    24.0657     7.3941    225.643    8.38815  255.97873     88.149 0.0000e+00
   40.58326  -73.12656     15.510     15.390    14.2756    32.3295      8.008     1.3444 2.0731e+00  1024.1363    14.2734    24.0675     7.3948    225.665    8.38928  256.01197     88.146 0.0000e+00
   40.58326  -73.12656     15.539     15.419    14.2723    32.3308      8.008     1.1967 2.0643e+00  1024.1383    14.2701    24.0692     7.3898    225.510    8.39049  256.04714     88.074 -9.990e-29
   40.58326  -73.12656     15.541     15.420    14.2699    32.3318      8.008     1.1161 2.0527e+00  1024.1399    14.2677    24.0706     7.3905    225.531    8.39130  256.07054     88.074 -9.990e-29
   40.58326  -73.12656     15.561     15.441    14.2680    32.3324      8.008     1.1027 2.0469e+00  1024.1408    14.2658    24.0714     7.3851    225.365    8.39176  256.08363     88.004 0.0000e+00
   40.58326  -73.12656     15.582     15.461    14.2670    32.3327      8.008     1.1161 2.0469e+00  1024.1409    14.2647    24.0719     7.3855    225.377    8.39201  256.09014     88.007 -9.990e-29
   40.58326  -73.12656     15.582     15.461    14.2658    32.3329      8.004     1.1161 2.0354e+00  1024.1416    14.2636    24.0722     7.3923    225.583    8.39210  256.09167     88.087 -9.990e-29
   40.58326  -73.12656     15.611     15.490    14.2654    32.3329      8.004     1.1295 2.0297e+00  1024.1419    14.2632    24.0725     7.3873    225.429    8.39171  256.07887     88.031 -9.990e-29
   40.58326  -73.12656     15.612     15.491    14.2646    32.3329      8.004     1.1161 2.0297e+00  1024.1416    14.2624    24.0725     7.3882    225.455    8.39127  256.06428     88.046 -9.990e-29
   40.58326  -73.12656     15.633     15.512    14.2644    32.3328      8.004     1.1295 2.0126e+00  1024.1420    14.2622    24.0726     7.3883    225.459    8.39058  256.04285     88.055 0.0000e+00
   40.58326  -73.12656     15.652     15.531    14.2638    32.3328      8.004     1.1161 2.0069e+00  1024.1422    14.2615    24.0727     7.3833    225.305    8.38970  256.01733     88.004 -9.990e-29
   40.58326  -73.12656     15.652     15.531    14.2631    32.3324      8.004     1.1161 2.0069e+00  1024.1420    14.2609    24.0725     7.3833    225.307    8.38909  255.99933     88.011 -9.990e-29
   40.58326  -73.12656     15.671     15.550    14.2624    32.3320      8.004     1.1161 1.9956e+00  1024.1416    14.2602    24.0723     7.3839    225.324    8.38868  255.98752     88.022 0.0000e+00
   40.58326  -73.12656     15.682     15.561    14.2612    32.3316      8.004     1.1161 1.9900e+00  1024.1420    14.2590    24.0723     7.3851    225.364    8.38867  255.98801     88.037 0.0000e+00
   40.58326  -73.12656     15.693     15.572    14.2604    32.3314      8.004     1.1161 1.9900e+00  1024.1419    14.2581    24.0722     7.3810    225.239    8.38900  255.99795     87.985 0.0000e+00
   40.58326  -73.12656     15.703     15.581    14.2597    32.3312      8.004     1.1295 1.9844e+00  1024.1417    14.2574    24.0722     7.3882    225.457    8.38929  256.00675     88.067 -9.990e-29
   40.58326  -73.12656     15.703     15.581    14.2586    32.3312      8.004     1.1295 1.9760e+00  1024.1419    14.2564    24.0724     7.3838    225.323    8.38975  256.02063     88.010 -9.990e-29
   40.58326  -73.12656     15.722     15.600    14.2580    32.3312      8.004     1.1161 1.9760e+00  1024.1423    14.2557    24.0727     7.3909    225.541    8.39006  256.02960     88.092 0.0000e+00
   40.58326  -73.12656     15.733     15.611    14.2570    32.3315      8.004     1.1161 1.9704e+00  1024.1429    14.2548    24.0730     7.3862    225.397    8.39021  256.03434     88.034 -9.990e-29
   40.58326  -73.12656     15.733     15.611    14.2565    32.3315      8.004     1.1295 1.9704e+00  1024.1431    14.2542    24.0732     7.3930    225.605    8.39030  256.03713     88.114 -9.990e-29
   40.58326  -73.12656     15.744     15.622    14.2558    32.3315      8.004     1.1295 1.9704e+00  1024.1432    14.2536    24.0734     7.3937    225.625    8.38997  256.02762     88.125 0.0000e+00
   40.58326  -73.12654     15.754     15.632    14.2553    32.3316      8.004     1.1161 1.9649e+00  1024.1433    14.2530    24.0735     7.3945    225.650    8.38975  256.02123     88.137 -9.990e-29
   40.58326  -73.12654     15.753     15.630    14.2544    32.3317      7.999     1.1295 1.9594e+00  1024.1436    14.2522    24.0737     7.3957    225.686    8.38980  256.02369     88.150 -9.990e-29
   40.58326  -73.12654     15.775     15.652    14.2539    32.3321      7.999     1.1161 1.9594e+00  1024.1438    14.2517    24.0742     7.3965    225.713    8.39002  256.03139     88.158 -9.990e-29
   40.58326  -73.12654     15.775     15.652    14.2529    32.3332      7.999     1.1295 1.9538e+00  1024.1451    14.2507    24.0751     7.4039    225.938    8.39085  256.05669     88.237 -9.990e-29
   40.58326  -73.12654     15.784     15.662    14.2527    32.3339      7.999     1.1295 1.9538e+00  1024.1465    14.2505    24.0762     7.4003    225.827    8.39221  256.09729     88.180 -9.990e-29
   40.58326  -73.12654     15.784     15.662    14.2531    32.3339      7.999     1.1295 1.9483e+00  1024.1480    14.2509    24.0764     7.4014    225.860    8.39329  256.12983     88.182 -9.990e-29
   40.58326  -73.12654     15.794     15.671    14.2570    32.3339      7.999     1.1430 1.9483e+00  1024.1450    14.2547    24.0751     7.4020    225.881    8.39400  256.15113     88.183 -9.990e-29
   40.58326  -73.12654     15.794     15.671    14.2577    32.3321      7.999     1.1430 1.9428e+00  1024.1431    14.2554    24.0735     7.4084    226.075    8.39450  256.16607     88.253 -9.990e-29
   40.58326  -73.12654     15.794     15.671    14.2575    32.3309      7.999     1.1430 1.9428e+00  1024.1422    14.2553    24.0725     7.4090    226.094    8.39478  256.17449     88.258 -9.990e-29
   40.58326  -73.12654     15.794     15.671    14.2575    32.3306      7.999     1.1295 1.9374e+00  1024.1419    14.2553    24.0722     7.4089    226.088    8.39492  256.17865     88.254 -9.990e-29
   40.58326  -73.12654     15.814     15.692    14.2572    32.3306      7.999     1.1430 1.9346e+00  1024.1424    14.2549    24.0723     7.4144    226.257    8.39499  256.18082     88.319 -9.990e-29
   40.58326  -73.12654     15.805     15.682    14.2565    32.3305      7.999     1.1295 1.9292e+00  1024.1428    14.2542    24.0724     7.4147    226.266    8.39501  256.18123     88.323 -9.990e-29
   40.58326  -73.12654     15.803     15.681    14.2568    32.3305      7.999     1.1430 1.9292e+00  1024.1425    14.2546    24.0724     7.4142    226.250    8.39495  256.17950     88.317 -9.990e-29
   40.58326  -73.12654     15.814     15.692    14.2577    32.3305      7.999     1.1430 1.9292e+00  1024.1423    14.2554    24.0722     7.4135    226.231    8.39504  256.18232     88.309 -9.990e-29
   40.58326  -73.12654     15.814     15.692    14.2583    32.3305      7.999     1.1430 1.9292e+00  1024.1420    14.2561    24.0719     7.4185    226.384    8.39510  256.18434     88.368 -9.990e-29
   40.58326  -73.12654     15.825     15.703    14.2588    32.3305      7.999     1.1295 1.9237e+00  1024.1418    14.2566    24.0719     7.4237    226.542    8.39517  256.18647     88.429 -9.990e-29
   40.58326  -73.12654     15.825     15.703    14.2592    32.3310      7.999     1.1430 1.9237e+00  1024.1423    14.2569    24.0722     7.4235    226.536    8.39516  256.18628     88.426 -9.990e-29
   40.58326  -73.12654     15.824     15.701    14.2593    32.3321      7.999     1.1430 1.9237e+00  1024.1428    14.2571    24.0730     7.4170    226.336    8.39517  256.18626     88.348 -9.990e-29
   40.58326  -73.12654     15.825     15.703    14.2598    32.3338      7.999     1.1430 1.9237e+00  1024.1448    14.2576    24.0740     7.4215    226.473    8.39514  256.18532     88.402 -9.990e-29
   40.58326  -73.12654     15.835     15.712    14.2621    32.3338      7.999     1.1430 1.9237e+00  1024.1454    14.2598    24.0744     7.4258    226.605    8.39483  256.17546     88.457 -9.990e-29
   40.58326  -73.12654     15.835     15.712    14.2659    32.3338      7.999     1.1430 1.9183e+00  1024.1448    14.2637    24.0733     7.4235    226.534    8.39316  256.12458     88.447 -9.990e-29
   40.58326  -73.12654     15.835     15.712    14.2729    32.3321      7.999     1.1430 1.9183e+00  1024.1412    14.2706    24.0699     7.4263    226.622    8.39116  256.06463     88.502 -9.990e-29
   40.58326  -73.12654     15.825     15.703    14.2853    32.3286      7.999     1.1430 1.9129e+00  1024.1341    14.2831    24.0654     7.4243    226.562    8.39033  256.04065     88.487 -9.990e-29
   40.58326  -73.12654     15.834     15.711    14.2904    32.3255      7.999     1.1430 1.9129e+00  1024.1324    14.2881    24.0617     7.4298    226.729    8.39121  256.06775     88.543 0.0000e+00
   40.58326  -73.12656     15.845     15.722    14.2926    32.3206      7.999     1.1430 1.9075e+00  1024.1298    14.2903    24.0569     7.4296    226.721    8.39236  256.10214     88.528 -9.990e-29
   40.58326  -73.12656     15.845     15.722    14.3021    32.3132      7.999     1.1430 1.9048e+00  1024.1186    14.2998    24.0500     7.4290    226.702    8.39314  256.12520     88.512 -9.990e-29
   40.58326  -73.12656     15.845     15.722    14.3059    32.3101      7.999     1.1430 1.8941e+00  1024.1121    14.3037    24.0451     7.4340    226.855    8.39362  256.13907     88.567 -9.990e-29
   40.58326  -73.12656     15.835     15.712    14.3017    32.3101      7.999     1.1430 1.8941e+00  1024.1134    14.2995    24.0451     7.4387    226.998    8.39386  256.14571     88.621 -9.990e-29
   40.58326  -73.12656     15.845     15.722    14.2938    32.3101      7.999     1.1430 1.8888e+00  1024.1184    14.2915    24.0490     7.4367    226.936    8.39336  256.13017     88.602 -9.990e-29
   40.58326  -73.12656     15.835     15.712    14.2846    32.3154      7.999     1.1564 1.8835e+00  1024.1253    14.2824    24.0546     7.4340    226.856    8.39235  256.10066     88.581 -9.990e-29
   40.58326  -73.12656     15.845     15.722    14.2782    32.3207      7.999     1.2101 1.8781e+00  1024.1309    14.2759    24.0601     7.4376    226.966    8.39233  256.10045     88.624 0.0000e+00
   40.58326  -73.12656     15.856     15.733    14.2741    32.3256      7.999     1.2370 1.8781e+00  1024.1353    14.2718    24.0648     7.4362    226.924    8.39305  256.12227     88.600 -9.990e-29
   40.58326  -73.12656     15.845     15.722    14.2712    32.3305      7.999     1.2370 1.8729e+00  1024.1394    14.2690    24.0692     7.4400    227.040    8.39363  256.14023     88.639 -9.990e-29
   40.58326  -73.12656     15.845     15.722    14.2690    32.3357      7.999     1.2370 1.8676e+00  1024.1442    14.2667    24.0735     7.4380    226.977    8.39401  256.15157     88.611 -9.990e-29
   40.58326  -73.12656     15.834     15.711    14.2697    32.3410      7.999     1.2370 1.8676e+00  1024.1479    14.2674    24.0776     7.4420    227.100    8.39419  256.15677     88.657 -9.990e-29
   40.58326  -73.12656     15.845     15.722    14.2704    32.3451      7.999     1.2370 1.8623e+00  1024.1527    14.2681    24.0807     7.4398    227.032    8.39431  256.16043     88.629 -9.990e-29
   40.58326  -73.12656     15.845     15.722    14.2739    32.3451      7.999     1.2370 1.8571e+00  1024.1533    14.2717    24.0811     7.4432    227.138    8.39436  256.16190     88.670 -9.990e-29
   40.58326  -73.12656     15.845     15.722    14.2802    32.3451      7.999     1.2370 1.8571e+00  1024.1492    14.2779    24.0789     7.4469    227.249    8.39436  256.16188     88.713 -9.990e-29
   40.58326  -73.12656     15.845     15.722    14.2848    32.3422      7.999     1.2370 1.8519e+00  1024.1457    14.2826    24.0758     7.4444    227.172    8.39445  256.16454     88.682 -9.990e-29
   40.58326  -73.12656     15.845     15.722    14.2880    32.3395      7.999     1.2370 1.8519e+00  1024.1431    14.2857    24.0730     7.4476    227.272    8.39465  256.17083     88.719 -9.990e-29
   40.58326  -73.12656     15.845     15.722    14.2890    32.3372      7.999     1.2370 1.8519e+00  1024.1404    14.2867    24.0711     7.4452    227.197    8.39489  256.17815     88.687 -9.990e-29
   40.58326  -73.12656     15.845     15.722    14.2873    32.3365      7.999     1.2370 1.8519e+00  1024.1401    14.2851    24.0703     7.4545    227.483    8.39538  256.19355     88.793 -9.990e-29
