CalculateIndicators/WaterTemperature/Data/CTD_NYOS/202200729_C22.cnv
* Sea-Bird SBE 9 Data File:
* FileName = C:\Seabird 9 CTD\Data\2022\202207_offshore\202200729_C22.hex
* Software Version Seasave V 7.23.2
* Temperature SN = 4590
* Conductivity SN = 3228
* Number of Bytes Per Scan = 44
* Number of Voltage Words = 5
* Number of Scans Averaged by the Deck Unit = 1
* NMEA Latitude = 39 47.39 N
* NMEA Longitude = 072 08.97 W
* NMEA UTC (Time) = Dec 13 2002  19:38:11
* NMEA baud rate = 4800
** Ship: seawolf
** Station: 3.4
** Operator: TCM
# nquan = 18
# nvalues = 20276                       
# units = specified
# name 0 = latitude: Latitude [deg]
# name 1 = longitude: Longitude [deg]
# name 2 = prDM: Pressure, Digiquartz [db]
# name 3 = depSM: Depth [salt water, m]
# name 4 = t090C: Temperature [ITS-90, deg C]
# name 5 = sal00: Salinity, Practical [PSU]
# name 6 = ph: pH
# name 7 = flECO-AFL: Fluorescence, WET Labs ECO-AFL/FL [mg/m^3]
# name 8 = cpar: CPAR/Corrected Irradiance [%]
# name 9 = density00: Density [density, kg/m^3]
# name 10 = potemp090C: Potential Temperature [ITS-90, deg C]
# name 11 = sigma-é00: Density [sigma-theta, kg/m^3]
# name 12 = sbeox0Mg/L: Oxygen, SBE 43 [mg/l]
# name 13 = sbox0Mm/Kg: Oxygen, SBE 43 [umol/kg]
# name 14 = oxsolMg/L: Oxygen Saturation, Garcia & Gordon [mg/l]
# name 15 = oxsolMm/Kg: Oxygen Saturation, Garcia & Gordon [umol/kg]
# name 16 = sbeox0PS: Oxygen, SBE 43 [% saturation]
# name 17 = flag:  0.000e+00
# span 0 =   39.78998,   39.79126       
# span 1 =  -72.15048,  -72.14948       
# span 2 =      2.015,     93.071       
# span 3 =      1.999,     92.339       
# span 4 =     9.9387,    25.7584       
# span 5 =    31.2434,    34.9602       
# span 6 =      8.008,      8.265       
# span 7 =    -0.0792,     1.3713       
# span 8 = 4.0609e-14, 1.4604e+02       
# span 9 =  1020.3163,  1026.8142       
# span 10 =     9.9343,    25.7578      
# span 11 =    20.3077,    26.4011      
# span 12 =     6.4827,     9.6811      
# span 13 =    197.375,    295.151      
# span 14 =    6.82710,    9.12257      
# span 15 =  209.10347,  277.91190      
# span 16 =     76.220,    119.504      
# span 17 = 0.0000e+00, 0.0000e+00      
# interval = seconds: 0.0416667
# start_time = Jul 29 2022 19:38:09 [System UTC, first data scan.]
# bad_flag = -9.990e-29
*END*
[from data line 20021]
   39.79124  -72.15048      2.553      2.534    25.7275    31.2871      8.234     0.2297 2.8831e+01  1020.3293    25.7269    20.3185     7.2872    223.195    6.83062  209.20910    106.685 -9.990e-29
   39.79124  -72.15048      2.563      2.543    25.7272    31.2871      8.234     0.2297 3.1281e+01  1020.3293    25.7266    20.3187     7.2873    223.198    6.83069  209.21115    106.685 -9.990e-29
   39.79124  -72.15048      2.542      2.523    25.7255    31.2873      8.234     0.2297 3.2537e+01  1020.3300    25.7250    20.3193     7.2828    223.059    6.83072  209.21209    106.619 -9.990e-29
   39.79124  -72.15048      2.542      2.523    25.7233    31.2876      8.234     0.2297 3.2905e+01  1020.3312    25.7227    20.3201     7.2872    223.195    6.83078  209.21377    106.683 -9.990e-29
   39.79124  -72.15048      2.542      2.523    25.7225    31.2876      8.234     0.2297 3.9282e+01  1020.3315    25.7219    20.3205     7.2827    223.055    6.83080  209.21442    106.616 -9.990e-29
   39.79124  -72.15048      2.542      2.523    25.7223    31.2876      8.234     0.2297 4.3958e+01  1020.3314    25.7218    20.3204     7.2870    223.188    6.83079  209.21400    106.680 -9.990e-29
   39.79124  -72.15048      2.533      2.513    25.7229    31.2871      8.234     0.2297 4.4455e+01  1020.3307    25.7224    20.3201     7.2825    223.050    6.83084  209.21557    106.612 -9.990e-29
   39.79124  -72.15048      2.533      2.513    25.7227    31.2869      8.234     0.2297 5.1165e+01  1020.3304    25.7221    20.3199     7.2822    223.041    6.83078  209.21395    106.609 -9.990e-29
   39.79124  -72.15048      2.533      2.513    25.7218    31.2869      8.238     0.2297 5.6934e+01  1020.3307    25.7212    20.3200     7.2820    223.033    6.83079  209.21399    106.605 -9.990e-29
   39.79124  -72.15048      2.523      2.504    25.7213    31.2869      8.234     0.2297 5.8066e+01  1020.3311    25.7207    20.3203     7.2818    223.026    6.83079  209.21416    106.602 -9.990e-29
   39.79124  -72.15048      2.523      2.504    25.7207    31.2872      8.234     0.2297 5.9722e+01  1020.3314    25.7201    20.3206     7.2815    223.019    6.83078  209.21404    106.598 -9.990e-29
   39.79124  -72.15048      2.523      2.504    25.7201    31.2874      8.234     0.2297 6.1945e+01  1020.3316    25.7196    20.3209     7.2813    223.013    6.83082  209.21519    106.595 -9.990e-29
   39.79124  -72.15048      2.523      2.504    25.7200    31.2879      8.234     0.2297 6.2470e+01  1020.3321    25.7195    20.3214     7.2765    222.865    6.83083  209.21538    106.524 -9.990e-29
   39.79124  -72.15048      2.512      2.493    25.7199    31.2880      8.234     0.2297 6.1252e+01  1020.3327    25.7194    20.3217     7.2761    222.852    6.83086  209.21631    106.518 -9.990e-29
   39.79124  -72.15048      2.523      2.504    25.7207    31.2880      8.234     0.2297 5.9554e+01  1020.3323    25.7201    20.3216     7.2757    222.841    6.83092  209.21804    106.511 -9.990e-29
   39.79124  -72.15048      2.523      2.504    25.7211    31.2880      8.238     0.2297 5.9220e+01  1020.3319    25.7206    20.3213     7.2753    222.827    6.83093  209.21839    106.505 -9.990e-29
   39.79124  -72.15048      2.512      2.493    25.7214    31.2877      8.234     0.2297 5.2329e+01  1020.3317    25.7208    20.3208     7.2748    222.813    6.83090  209.21763    106.498 -9.990e-29
   39.79124  -72.15048      2.512      2.493    25.7221    31.2872      8.234     0.2297 3.9726e+01  1020.3310    25.7216    20.3201     7.2744    222.801    6.83094  209.21857    106.492 -9.990e-29
   39.79124  -72.15048      2.523      2.504    25.7237    31.2872      8.234     0.2297 3.6237e+01  1020.3298    25.7231    20.3196     7.2741    222.792    6.83103  209.22150    106.486 -9.990e-29
   39.79124  -72.15048      2.523      2.504    25.7238    31.2872      8.234     0.2297 4.2024e+01  1020.3302    25.7232    20.3196     7.2739    222.785    6.83119  209.22615    106.481 -9.990e-29
   39.79124  -72.15048      2.512      2.493    25.7232    31.2874      8.234     0.2028 6.6269e+01  1020.3306    25.7227    20.3200     7.2740    222.787    6.83138  209.23201    106.479 -9.990e-29
   39.79124  -72.15048      2.523      2.504    25.7227    31.2874      8.234     0.1894 7.8447e+01  1020.3318    25.7222    20.3203     7.2740    222.789    6.83154  209.23683    106.477 -9.990e-29
   39.79124  -72.15048      2.523      2.504    25.7238    31.2874      8.234     0.1894 7.3328e+01  1020.3306    25.7232    20.3200     7.2783    222.921    6.83162  209.23916    106.539 -9.990e-29
   39.79124  -72.15048      2.523      2.504    25.7245    31.2873      8.234     0.1894 4.7425e+01  1020.3301    25.7239    20.3195     7.2737    222.780    6.83171  209.24187    106.470 -9.990e-29
   39.79124  -72.15048      2.533      2.514    25.7251    31.2873      8.234     0.1894 3.8952e+01  1020.3302    25.7246    20.3194     7.2780    222.911    6.83174  209.24273    106.532 -9.990e-29
   39.79124  -72.15048      2.523      2.504    25.7259    31.2873      8.234     0.1894 3.8300e+01  1020.3301    25.7254    20.3192     7.2780    222.910    6.83181  209.24478    106.531 -9.990e-29
   39.79124  -72.15048      2.533      2.514    25.7263    31.2873      8.234     0.1894 3.5801e+01  1020.3297    25.7257    20.3191     7.2781    222.914    6.83184  209.24557    106.532 -9.990e-29
   39.79124  -72.15048      2.543      2.523    25.7257    31.2874      8.234     0.1894 3.4322e+01  1020.3302    25.7251    20.3193     7.2780    222.911    6.83185  209.24598    106.531 -9.990e-29
   39.79124  -72.15048      2.554      2.534    25.7257    31.2876      8.234     0.1894 3.4130e+01  1020.3304    25.7252    20.3194     7.2779    222.907    6.83183  209.24537    106.529 -9.990e-29
   39.79124  -72.15048      2.563      2.544    25.7259    31.2877      8.238     0.1894 2.9847e+01  1020.3305    25.7253    20.3194     7.2778    222.904    6.83184  209.24555    106.527 -9.990e-29
   39.79124  -72.15048      2.554      2.534    25.7264    31.2877      8.238     0.1894 2.7049e+01  1020.3301    25.7258    20.3193     7.2776    222.900    6.83181  209.24468    106.526 -9.990e-29
   39.79124  -72.15048      2.573      2.553    25.7266    31.2879      8.238     0.1894 2.6597e+01  1020.3303    25.7261    20.3193     7.2778    222.904    6.83182  209.24519    106.528 -9.990e-29
   39.79124  -72.15048      2.584      2.564    25.7275    31.2879      8.238     0.1894 2.6299e+01  1020.3304    25.7270    20.3192     7.2777    222.900    6.83180  209.24460    106.526 -9.990e-29
   39.79124  -72.15048      2.573      2.553    25.7294    31.2879      8.238     0.1894 2.6005e+01  1020.3295    25.7288    20.3187     7.2777    222.902    6.83173  209.24219    106.528 -9.990e-29
   39.79124  -72.15048      2.593      2.574    25.7304    31.2879      8.238     0.1894 2.5932e+01  1020.3295    25.7298    20.3183     7.2778    222.905    6.83168  209.24106    106.530 -9.990e-29
   39.79124  -72.15048      2.593      2.574    25.7315    31.2877      8.234     0.1894 2.8694e+01  1020.3287    25.7310    20.3178     7.2780    222.909    6.83166  209.24024    106.533 -9.990e-29
   39.79124  -72.15048      2.604      2.584    25.7319    31.2874      8.234     0.1894 3.3026e+01  1020.3284    25.7313    20.3176     7.2781    222.915    6.83167  209.24070    106.535 -9.990e-29
   39.79124  -72.15048      2.604      2.584    25.7316    31.2874      8.238     0.1894 3.4255e+01  1020.3287    25.7311    20.3176     7.2783    222.920    6.83163  209.23944    106.538 -9.990e-29
   39.79124  -72.15048      2.614      2.594    25.7312    31.2874      8.234     0.1894 4.4996e+01  1020.3287    25.7306    20.3176     7.2739    222.785    6.83163  209.23928    106.474 -9.990e-29
   39.79124  -72.15048      2.624      2.604    25.7314    31.2875      8.238     0.1894 7.4013e+01  1020.3289    25.7308    20.3177     7.2784    222.924    6.83159  209.23820    106.541 -9.990e-29
   39.79124  -72.15048      2.614      2.594    25.7313    31.2876      8.234     0.1894 8.5665e+01  1020.3288    25.7307    20.3179     7.2786    222.931    6.83158  209.23801    106.544 -9.990e-29
   39.79124  -72.15048      2.635      2.614    25.7303    31.2877      8.238     0.1894 7.2980e+01  1020.3295    25.7297    20.3182     7.2743    222.798    6.83159  209.23836    106.480 -9.990e-29
   39.79124  -72.15048      2.624      2.604    25.7294    31.2877      8.238     0.1894 4.6150e+01  1020.3297    25.7288    20.3184     7.2744    222.801    6.83166  209.24053    106.481 -9.990e-29
   39.79124  -72.15048      2.635      2.614    25.7285    31.2877      8.238     0.1894 3.9095e+01  1020.3300    25.7279    20.3185     7.2747    222.809    6.83183  209.24549    106.482 -9.990e-29
   39.79124  -72.15048      2.635      2.614    25.7287    31.2875      8.238     0.2028 4.1125e+01  1020.3294    25.7282    20.3185     7.2749    222.815    6.83195  209.24909    106.483 -9.990e-29
   39.79124  -72.15048      2.624      2.604    25.7281    31.2875      8.234     0.2297 5.2374e+01  1020.3299    25.7275    20.3186     7.2751    222.822    6.83207  209.25260    106.485 -9.990e-29
   39.79124  -72.15048      2.635      2.615    25.7279    31.2875      8.238     0.2297 5.7953e+01  1020.3299    25.7273    20.3188     7.2752    222.824    6.83203  209.25134    106.486 -9.990e-29
   39.79124  -72.15048      2.635      2.615    25.7275    31.2875      8.238     0.2297 5.7144e+01  1020.3302    25.7269    20.3188     7.2752    222.826    6.83197  209.24948    106.488 -9.990e-29
   39.79124  -72.15048      2.635      2.615    25.7277    31.2871      8.234     0.2297 4.6803e+01  1020.3297    25.7271    20.3185     7.2754    222.830    6.83194  209.24871    106.490 -9.990e-29
   39.79124  -72.15048      2.624      2.604    25.7274    31.2870      8.238     0.2297 4.2179e+01  1020.3293    25.7268    20.3183     7.2754    222.832    6.83186  209.24623    106.493 -9.990e-29
   39.79124  -72.15048      2.635      2.615    25.7271    31.2870      8.234     0.2297 4.1824e+01  1020.3294    25.7265    20.3184     7.2757    222.840    6.83191  209.24803    106.496 -9.990e-29
   39.79124  -72.15048      2.614      2.594    25.7265    31.2870      8.234     0.2297 3.8767e+01  1020.3299    25.7259    20.3187     7.2758    222.843    6.83204  209.25171    106.495 -9.990e-29
   39.79124  -72.15048      2.614      2.594    25.7261    31.2872      8.234     0.2297 3.6782e+01  1020.3303    25.7255    20.3190     7.2806    222.991    6.83205  209.25222    106.566 -9.990e-29
   39.79124  -72.15048      2.614      2.594    25.7262    31.2874      8.234     0.2297 3.6473e+01  1020.3303    25.7256    20.3192     7.2808    222.998    6.83206  209.25220    106.569 -9.990e-29
   39.79124  -72.15048      2.604      2.585    25.7257    31.2874      8.238     0.2297 3.1600e+01  1020.3305    25.7252    20.3192     7.2813    223.011    6.83203  209.25144    106.576 -9.990e-29
   39.79124  -72.15048      2.604      2.585    25.7263    31.2874      8.234     0.2297 2.7766e+01  1020.3301    25.7257    20.3191     7.2861    223.159    6.83205  209.25200    106.646 -9.990e-29
   39.79124  -72.15048      2.584      2.564    25.7262    31.2873      8.234     0.2297 2.7073e+01  1020.3302    25.7256    20.3191     7.2820    223.033    6.83205  209.25201    106.586 -9.990e-29
   39.79124  -72.15048      2.584      2.564    25.7263    31.2871      8.234     0.2297 3.6370e+01  1020.3299    25.7257    20.3189     7.2822    223.041    6.83207  209.25267    106.589 -9.990e-29
   39.79124  -72.15048      2.584      2.564    25.7265    31.2867      8.234     0.2297 5.0823e+01  1020.3296    25.7259    20.3186     7.2870    223.186    6.83202  209.25106    106.659 -9.990e-29
   39.79124  -72.15048      2.563      2.544    25.7264    31.2867      8.238     0.2297 5.4831e+01  1020.3290    25.7258    20.3184     7.2873    223.196    6.83192  209.24807    106.666 -9.990e-29
   39.79124  -72.15048      2.554      2.534    25.7261    31.2867      8.234     0.2297 4.9693e+01  1020.3295    25.7255    20.3186     7.2877    223.207    6.83186  209.24635    106.672 -9.990e-29
   39.79124  -72.15048      2.543      2.523    25.7257    31.2868      8.234     0.2297 4.2573e+01  1020.3298    25.7252    20.3188     7.2924    223.351    6.83179  209.24425    106.742 -9.990e-29
   39.79124  -72.15048      2.543      2.523    25.7252    31.2869      8.234     0.2297 4.0814e+01  1020.3300    25.7247    20.3190     7.2881    223.219    6.83172  209.24191    106.680 -9.990e-29
   39.79124  -72.15048      2.523      2.504    25.7251    31.2869      8.238     0.2297 3.9239e+01  1020.3299    25.7246    20.3191     7.2881    223.220    6.83162  209.23891    106.682 -9.990e-29
   39.79124  -72.15048      2.512      2.493    25.7254    31.2869      8.234     0.2297 3.5293e+01  1020.3296    25.7248    20.3191     7.2880    223.217    6.83144  209.23328    106.683 -9.990e-29
   39.79124  -72.15048      2.503      2.484    25.7250    31.2869      8.234     0.2297 3.3931e+01  1020.3299    25.7245    20.3191     7.2878    223.212    6.83120  209.22627    106.684 -9.990e-29
   39.79124  -72.15048      2.482      2.463    25.7244    31.2869      8.238     0.2297 3.4315e+01  1020.3296    25.7238    20.3193     7.2877    223.207    6.83101  209.22037    106.685 -9.990e-29
   39.79124  -72.15048      2.482      2.463    25.7230    31.2869      8.238     0.2297 3.5995e+01  1020.3301    25.7225    20.3197     7.2920    223.341    6.83077  209.21308    106.753 -9.990e-29
   39.79124  -72.15048      2.452      2.433    25.7212    31.2869      8.234     0.2162 3.6814e+01  1020.3308    25.7207    20.3202     7.2874    223.201    6.83055  209.20674    106.689 -9.990e-29
   39.79124  -72.15048      2.452      2.433    25.7198    31.2871      8.234     0.2162 3.7125e+01  1020.3312    25.7193    20.3208     7.2918    223.334    6.83034  209.20038    106.756 -9.990e-29
   39.79124  -72.15048      2.431      2.413    25.7190    31.2872      8.238     0.2162 4.0542e+01  1020.3316    25.7185    20.3212     7.2868    223.180    6.82979  209.18372    106.691 -9.990e-29
   39.79124  -72.15048      2.412      2.394    25.7182    31.2874      8.238     0.2162 4.2288e+01  1020.3319    25.7177    20.3215     7.2865    223.173    6.82941  209.17225    106.693 -9.990e-29
   39.79124  -72.15048      2.401      2.383    25.7179    31.2876      8.238     0.2162 4.2169e+01  1020.3320    25.7174    20.3217     7.2862    223.162    6.82915  209.16484    106.692 -9.990e-29
   39.79124  -72.15048      2.392      2.373    25.7173    31.2877      8.238     0.2162 3.6433e+01  1020.3323    25.7167    20.3219     7.2863    223.167    6.82914  209.16481    106.694 -9.990e-29
   39.79124  -72.15048      2.371      2.353    25.7171    31.2877      8.239     0.2162 3.3298e+01  1020.3321    25.7166    20.3221     7.2821    223.039    6.82933  209.17043    106.630 -9.990e-29
   39.79124  -72.15048      2.350      2.332    25.7169    31.2877      8.239     0.2162 3.2926e+01  1020.3323    25.7164    20.3221     7.2824    223.046    6.82959  209.17815    106.630 -9.990e-29
   39.79124  -72.15048      2.341      2.323    25.7171    31.2877      8.239     0.2162 3.2131e+01  1020.3322    25.7166    20.3221     7.2826    223.053    6.82984  209.18574    106.629 -9.990e-29
   39.79124  -72.15048      2.320      2.302    25.7171    31.2877      8.239     0.2162 3.1328e+01  1020.3319    25.7166    20.3221     7.2826    223.054    6.82994  209.18852    106.628 -9.990e-29
   39.79124  -72.15048      2.311      2.293    25.7173    31.2876      8.234     0.2162 3.1240e+01  1020.3320    25.7167    20.3220     7.2825    223.051    6.82991  209.18780    106.627 -9.990e-29
