CalculateIndicators/WaterTemperature/Data/CTD_NYOS/20220928_C01.cnv
* Sea-Bird SBE 9 Data File:
* FileName = C:\Seabird 9 CTD\Data\2022\202209_offshore\20220928_C01.hex
* Software Version Seasave V 7.23.2
* Temperature SN = 4590
* Conductivity SN = 3228
* Number of Bytes Per Scan = 44
* Number of Voltage Words = 5
* Number of Scans Averaged by the Deck Unit = 1
* NMEA Latitude = 40 57.60 N
* NMEA Longitude = 073 34.76 W
* NMEA UTC (Time) = Feb 12 2003  02:13:49
* NMEA baud rate = 4800
** Ship: seawolf
** Station: lis_arig
** Operator: tcm
# nquan = 18
# nvalues = 9612                        
# units = specified
# name 0 = latitude: Latitude [deg]
# name 1 = longitude: Longitude [deg]
# name 2 = prDM: Pressure, Digiquartz [db]
# name 3 = depSM: Depth [salt water, m]
# name 4 = t090C: Temperature [ITS-90, deg C]
# name 5 = sal00: Salinity, Practical [PSU]
# name 6 = ph: pH
# name 7 = flECO-AFL: Fluorescence, WET Labs ECO-AFL/FL [mg/m^3]
# name 8 = cpar: CPAR/Corrected Irradiance [%]
# name 9 = density00: Density [density, kg/m^3]
# name 10 = potemp090C: Potential Temperature [ITS-90, deg C]
# name 11 = sigma-é00: Density [sigma-theta, kg/m^3]
# name 12 = sbeox0Mg/L: Oxygen, SBE 43 [mg/l]
# name 13 = sbox0Mm/Kg: Oxygen, SBE 43 [umol/kg]
# name 14 = oxsolMg/L: Oxygen Saturation, Garcia & Gordon [mg/l]
# name 15 = oxsolMm/Kg: Oxygen Saturation, Garcia & Gordon [umol/kg]
# name 16 = sbeox0PS: Oxygen, SBE 43 [% saturation]
# name 17 = flag:  0.000e+00
# span 0 =   40.95934,   40.96000       
# span 1 =  -73.58028,  -73.57946       
# span 2 =      1.508,     13.591       
# span 3 =      1.497,     13.485       
# span 4 =    21.5154,    21.5501       
# span 5 =    28.8814,    28.8887       
# span 6 =      6.849,      7.831       
# span 7 =     1.5996,     2.1234       
# span 8 = 5.0640e-11, 9.9999e+04       
# span 9 =  1019.7114,  1019.7664       
# span 10 =    21.5147,    21.5493      
# span 11 =    19.6983,    19.7111      
# span 12 =     6.2160,     6.2815      
# span 13 =    190.499,    192.507      
# span 14 =    7.45273,    7.45735      
# span 15 =  228.40168,  228.54101      
# span 16 =     83.377,     84.241      
# span 17 = 0.0000e+00, 0.0000e+00      
# interval = seconds: 0.0416667
# start_time = Sep 28 2022 02:13:52 [System UTC, first data scan.]
# bad_flag = -9.990e-29
*END*
[from data line 8121]
   40.95944  -73.58014      1.982      1.967    21.5221    28.8852      7.831     1.7608 3.0017e+00  1019.7164    21.5217    19.7078     6.2717    192.205    7.45633  228.51016     84.112 -9.990e-29
   40.95944  -73.58014      1.982      1.967    21.5223    28.8853      7.831     1.7742 2.9615e+00  1019.7164    21.5219    19.7078     6.2718    192.208    7.45632  228.51000     84.114 -9.990e-29
   40.95944  -73.58014      1.982      1.967    21.5226    28.8853      7.826     1.7742 3.1647e+00  1019.7165    21.5223    19.7078     6.2668    192.054    7.45632  228.50988     84.046 -9.990e-29
   40.95944  -73.58014      1.971      1.956    21.5232    28.8853      7.831     1.7608 3.4162e+00  1019.7163    21.5228    19.7078     6.2665    192.046    7.45632  228.51000     84.043 -9.990e-29
   40.95944  -73.58014      1.962      1.946    21.5233    28.8853      7.831     1.7742 3.4589e+00  1019.7162    21.5230    19.7076     6.2713    192.194    7.45634  228.51063     84.107 -9.990e-29
   40.95944  -73.58014      1.952      1.937    21.5239    28.8850      7.831     1.7608 3.3314e+00  1019.7156    21.5235    19.7072     6.2662    192.038    7.45637  228.51150     84.039 -9.990e-29
   40.95944  -73.58014      1.962      1.946    21.5241    28.8848      7.826     1.7608 3.0624e+00  1019.7154    21.5237    19.7070     6.2710    192.184    7.45640  228.51234     84.102 -9.990e-29
   40.95944  -73.58014      1.941      1.926    21.5240    28.8846      7.831     1.7608 2.9816e+00  1019.7152    21.5237    19.7069     6.2712    192.192    7.45643  228.51320     84.105 -9.990e-29
   40.95944  -73.58014      1.952      1.937    21.5239    28.8845      7.831     1.7608 3.4804e+00  1019.7153    21.5235    19.7069     6.2664    192.043    7.45645  228.51400     84.040 -9.990e-29
   40.95944  -73.58014      1.941      1.926    21.5237    28.8845      7.826     1.7742 5.0650e+00  1019.7153    21.5233    19.7069     6.2714    192.197    7.45649  228.51507     84.107 -9.990e-29
   40.95942  -73.58016      1.942      1.927    21.5237    28.8844      7.831     1.7608 5.7092e+00  1019.7153    21.5233    19.7068     6.2665    192.045    7.45648  228.51463     84.041 -9.990e-29
   40.95942  -73.58016      1.941      1.926    21.5237    28.8843      7.831     1.7608 5.8208e+00  1019.7151    21.5234    19.7067     6.2663    192.041    7.45650  228.51546     84.039 -9.990e-29
   40.95942  -73.58016      1.941      1.926    21.5237    28.8843      7.831     1.7608 6.3391e+00  1019.7150    21.5233    19.7067     6.2662    192.037    7.45652  228.51590     84.036 -9.990e-29
   40.95942  -73.58016      1.952      1.937    21.5235    28.8843      7.831     1.7608 6.5781e+00  1019.7152    21.5232    19.7068     6.2660    192.031    7.45652  228.51594     84.034 -9.990e-29
   40.95942  -73.58016      1.952      1.937    21.5230    28.8843      7.831     1.7608 6.4878e+00  1019.7154    21.5226    19.7069     6.2607    191.869    7.45653  228.51613     83.963 -9.990e-29
   40.95942  -73.58016      1.952      1.937    21.5230    28.8844      7.831     1.7742 5.4355e+00  1019.7154    21.5226    19.7070     6.2602    191.854    7.45652  228.51602     83.956 -9.990e-29
   40.95942  -73.58016      1.952      1.937    21.5225    28.8845      7.826     1.7608 4.9106e+00  1019.7158    21.5221    19.7072     6.2597    191.839    7.45655  228.51673     83.950 -9.990e-29
   40.95942  -73.58016      1.962      1.946    21.5228    28.8845      7.826     1.7608 4.9106e+00  1019.7156    21.5224    19.7072     6.2596    191.833    7.45654  228.51653     83.947 -9.990e-29
   40.95942  -73.58016      1.962      1.946    21.5226    28.8847      7.826     1.7742 5.9338e+00  1019.7158    21.5223    19.7073     6.2591    191.819    7.45655  228.51677     83.941 -9.990e-29
   40.95942  -73.58016      1.971      1.956    21.5228    28.8848      7.831     1.7608 6.6690e+00  1019.7159    21.5225    19.7074     6.2585    191.802    7.45651  228.51554     83.934 -9.990e-29
   40.95942  -73.58016      1.971      1.956    21.5226    28.8848      7.831     1.7608 6.7608e+00  1019.7160    21.5223    19.7074     6.2530    191.632    7.45654  228.51641     83.859 -9.990e-29
   40.95942  -73.58016      1.971      1.956    21.5230    28.8848      7.826     1.7608 4.6095e+00  1019.7158    21.5226    19.7073     6.2525    191.617    7.45651  228.51562     83.853 -9.990e-29
   40.95942  -73.58016      1.982      1.967    21.5230    28.8846      7.826     1.7608 3.0828e+00  1019.7157    21.5226    19.7071     6.2568    191.750    7.45651  228.51574     83.911 -9.990e-29
   40.95942  -73.58016      1.973      1.957    21.5233    28.8845      7.826     1.7608 2.8424e+00  1019.7155    21.5230    19.7071     6.2564    191.736    7.45652  228.51593     83.905 -9.990e-29
   40.95942  -73.58016      1.982      1.967    21.5228    28.8845      7.831     1.7474 2.3668e+00  1019.7157    21.5225    19.7071     6.2562    191.732    7.45650  228.51530     83.903 -9.990e-29
   40.95942  -73.58016      1.982      1.967    21.5230    28.8845      7.831     1.7205 1.7881e+00  1019.7157    21.5226    19.7071     6.2507    191.562    7.45649  228.51513     83.829 -9.990e-29
   40.95942  -73.58016      1.992      1.976    21.5225    28.8846      7.831     1.7205 1.6557e+00  1019.7158    21.5221    19.7072     6.2550    191.695    7.45648  228.51451     83.887 -9.990e-29
   40.95942  -73.58016      1.982      1.967    21.5224    28.8846      7.826     1.7205 2.6099e+00  1019.7160    21.5221    19.7073     6.2546    191.681    7.45645  228.51355     83.882 -9.990e-29
   40.95942  -73.58016      1.992      1.976    21.5224    28.8847      7.826     1.7205 4.6095e+00  1019.7158    21.5221    19.7074     6.2490    191.510    7.45640  228.51221     83.808 -9.990e-29
   40.95942  -73.58016      1.992      1.976    21.5221    28.8848      7.831     1.7205 5.2749e+00  1019.7163    21.5217    19.7075     6.2483    191.488    7.45640  228.51233     83.798 -9.990e-29
   40.95942  -73.58016      1.992      1.976    21.5221    28.8848      7.826     1.7205 5.4355e+00  1019.7161    21.5217    19.7075     6.2475    191.465    7.45634  228.51035     83.788 -9.990e-29
   40.95942  -73.58016      1.992      1.976    21.5221    28.8848      7.831     1.7205 5.9054e+00  1019.7161    21.5217    19.7075     6.2468    191.442    7.45627  228.50850     83.779 -9.990e-29
   40.95942  -73.58016      1.992      1.976    21.5221    28.8848      7.826     1.7339 6.0767e+00  1019.7161    21.5217    19.7075     6.2461    191.419    7.45623  228.50723     83.770 -9.990e-29
   40.95942  -73.58016      1.992      1.976    21.5219    28.8849      7.831     1.7205 5.9054e+00  1019.7163    21.5215    19.7076     6.2505    191.555    7.45621  228.50648     83.829 -9.990e-29
   40.95942  -73.58016      1.993      1.978    21.5221    28.8849      7.831     1.7205 5.2220e+00  1019.7162    21.5217    19.7076     6.2501    191.543    7.45619  228.50613     83.824 -9.990e-29
   40.95942  -73.58016      1.982      1.967    21.5219    28.8849      7.831     1.7205 4.9361e+00  1019.7163    21.5215    19.7076     6.2500    191.541    7.45617  228.50538     83.824 -9.990e-29
   40.95942  -73.58016      1.982      1.967    21.5221    28.8849      7.826     1.7205 4.7839e+00  1019.7162    21.5217    19.7076     6.2500    191.541    7.45619  228.50621     83.823 -9.990e-29
   40.95942  -73.58016      1.992      1.976    21.5221    28.8849      7.831     1.7205 3.6105e+00  1019.7164    21.5217    19.7076     6.2497    191.532    7.45622  228.50688     83.819 -9.990e-29
   40.95942  -73.58016      1.971      1.956    21.5223    28.8849      7.831     1.7205 3.0828e+00  1019.7161    21.5219    19.7075     6.2497    191.533    7.45627  228.50842     83.819 -9.990e-29
   40.95942  -73.58016      1.971      1.956    21.5223    28.8848      7.831     1.7205 3.0421e+00  1019.7160    21.5219    19.7075     6.2498    191.535    7.45633  228.51044     83.819 -9.990e-29
   40.95942  -73.58016      1.971      1.956    21.5221    28.8848      7.831     1.7205 3.5452e+00  1019.7160    21.5217    19.7075     6.2498    191.535    7.45634  228.51040     83.819 -9.990e-29
   40.95942  -73.58016      1.962      1.946    21.5224    28.8848      7.831     1.7205 3.8546e+00  1019.7159    21.5221    19.7075     6.2498    191.536    7.45634  228.51040     83.819 -9.990e-29
   40.95942  -73.58016      1.962      1.946    21.5223    28.8849      7.831     1.7205 3.8772e+00  1019.7163    21.5219    19.7077     6.2499    191.537    7.45634  228.51048     83.820 -9.990e-29
   40.95942  -73.58016      1.952      1.937    21.5224    28.8849      7.831     1.7205 3.6105e+00  1019.7162    21.5221    19.7077     6.2503    191.549    7.45635  228.51084     83.825 -9.990e-29
   40.95942  -73.58016      1.952      1.937    21.5226    28.8849      7.831     1.7205 3.4162e+00  1019.7159    21.5223    19.7075     6.2507    191.562    7.45636  228.51115     83.830 -9.990e-29
   40.95942  -73.58016      1.962      1.946    21.5226    28.8849      7.831     1.7205 3.3737e+00  1019.7159    21.5223    19.7074     6.2508    191.565    7.45637  228.51131     83.832 -9.990e-29
   40.95942  -73.58016      1.952      1.937    21.5228    28.8849      7.831     1.7205 4.9617e+00  1019.7161    21.5224    19.7074     6.2509    191.569    7.45637  228.51139     83.833 -9.990e-29
   40.95942  -73.58016      1.952      1.937    21.5230    28.8848      7.831     1.7205 7.0408e+00  1019.7157    21.5226    19.7073     6.2514    191.583    7.45638  228.51163     83.839 -9.990e-29
   40.95942  -73.58016      1.962      1.946    21.5231    28.8847      7.831     1.7205 7.5893e+00  1019.7156    21.5228    19.7072     6.2516    191.589    7.45642  228.51297     83.841 -9.990e-29
   40.95942  -73.58016      1.962      1.946    21.5231    28.8847      7.831     1.7474 7.5234e+00  1019.7157    21.5228    19.7072     6.2520    191.602    7.45637  228.51139     83.848 -9.990e-29
   40.95942  -73.58016      1.952      1.937    21.5232    28.8847      7.826     1.7608 7.5234e+00  1019.7157    21.5228    19.7072     6.2525    191.618    7.45637  228.51147     83.855 -9.990e-29
   40.95942  -73.58016      1.971      1.956    21.5231    28.8846      7.831     1.7608 7.5563e+00  1019.7158    21.5228    19.7071     6.2527    191.624    7.45635  228.51076     83.858 -9.990e-29
   40.95942  -73.58016      1.962      1.946    21.5231    28.8845      7.831     1.7474 7.8229e+00  1019.7154    21.5228    19.7071     6.2529    191.631    7.45634  228.51056     83.861 -9.990e-29
   40.95942  -73.58016      1.971      1.956    21.5228    28.8845      7.831     1.7608 8.4097e+00  1019.7157    21.5225    19.7072     6.2535    191.646    7.45627  228.50839     83.868 -9.990e-29
   40.95942  -73.58016      1.982      1.967    21.5226    28.8845      7.831     1.7474 8.5877e+00  1019.7158    21.5223    19.7072     6.2537    191.654    7.45624  228.50759     83.872 -9.990e-29
   40.95942  -73.58016      1.971      1.956    21.5225    28.8845      7.831     1.7474 8.0956e+00  1019.7157    21.5221    19.7072     6.2542    191.670    7.45617  228.50534     83.880 -9.990e-29
   40.95942  -73.58016      1.982      1.967    21.5223    28.8846      7.831     1.7474 6.3391e+00  1019.7159    21.5219    19.7073     6.2548    191.689    7.45615  228.50479     83.888 -9.990e-29
   40.95942  -73.58016      1.992      1.976    21.5219    28.8847      7.831     1.7474 5.7370e+00  1019.7162    21.5215    19.7075     6.2552    191.699    7.45612  228.50408     83.893 -9.990e-29
   40.95942  -73.58016      1.992      1.976    21.5219    28.8849      7.831     1.7474 5.3281e+00  1019.7163    21.5216    19.7077     6.2558    191.719    7.45611  228.50376     83.902 -9.990e-29
   40.95942  -73.58016      1.984      1.968    21.5218    28.8850      7.831     1.7474 3.0219e+00  1019.7163    21.5214    19.7078     6.2562    191.730    7.45611  228.50376     83.907 -9.990e-29
   40.95942  -73.58016      1.992      1.976    21.5216    28.8850      7.831     1.7474 2.1324e+00  1019.7166    21.5212    19.7078     6.2566    191.742    7.45611  228.50353     83.912 -9.990e-29
   40.95942  -73.58016      1.992      1.976    21.5216    28.8850      7.831     1.7474 2.1147e+00  1019.7165    21.5212    19.7078     6.2569    191.754    7.45609  228.50289     83.917 -9.990e-29
   40.95942  -73.58016      1.992      1.976    21.5216    28.8850      7.831     1.7474 2.7640e+00  1019.7164    21.5212    19.7078     6.2574    191.766    7.45609  228.50302     83.923 -9.990e-29
   40.95942  -73.58016      1.992      1.976    21.5216    28.8850      7.831     1.7474 3.1647e+00  1019.7164    21.5212    19.7078     6.2575    191.769    7.45608  228.50282     83.924 -9.990e-29
   40.95942  -73.58016      1.992      1.976    21.5214    28.8849      7.831     1.7474 3.2268e+00  1019.7166    21.5210    19.7078     6.2576    191.772    7.45607  228.50254     83.926 -9.990e-29
   40.95942  -73.58016      1.992      1.976    21.5216    28.8849      7.831     1.7474 5.0909e+00  1019.7162    21.5212    19.7077     6.2577    191.776    7.45609  228.50294     83.927 -9.990e-29
   40.95942  -73.58016      1.992      1.976    21.5214    28.8849      7.831     1.7474 6.8224e+00  1019.7165    21.5210    19.7077     6.2578    191.780    7.45609  228.50322     83.929 -9.990e-29
   40.95942  -73.58016      1.992      1.976    21.5218    28.8850      7.826     1.7474 7.1039e+00  1019.7163    21.5214    19.7078     6.2579    191.781    7.45605  228.50188     83.930 -9.990e-29
   40.95942  -73.58016      1.982      1.967    21.5214    28.8851      7.831     1.7474 7.1994e+00  1019.7167    21.5210    19.7080     6.2580    191.784    7.45604  228.50172     83.931 -9.990e-29
   40.95942  -73.58016      1.982      1.967    21.5216    28.8851      7.826     1.7608 7.3603e+00  1019.7166    21.5212    19.7080     6.2577    191.778    7.45605  228.50203     83.928 -9.990e-29
   40.95942  -73.58016      1.984      1.968    21.5216    28.8851      7.831     1.7474 7.3603e+00  1019.7166    21.5212    19.7079     6.2575    191.772    7.45607  228.50252     83.925 -9.990e-29
   40.95942  -73.58016      1.971      1.956    21.5216    28.8851      7.831     1.7474 7.6889e+00  1019.7164    21.5212    19.7078     6.2577    191.775    7.45612  228.50393     83.926 -9.990e-29
   40.95942  -73.58016      1.982      1.967    21.5218    28.8851      7.831     1.7608 8.1301e+00  1019.7164    21.5214    19.7078     6.2578    191.778    7.45614  228.50457     83.928 -9.990e-29
   40.95942  -73.58016      1.962      1.946    21.5218    28.8852      7.831     1.7474 8.2342e+00  1019.7164    21.5214    19.7079     6.2579    191.782    7.45619  228.50622     83.929 -9.990e-29
   40.95942  -73.58016      1.971      1.956    21.5218    28.8854      7.831     1.7608 9.5163e+00  1019.7167    21.5214    19.7081     6.2577    191.775    7.45622  228.50690     83.925 -9.990e-29
   40.95942  -73.58016      1.962      1.946    21.5219    28.8856      7.831     1.7474 1.2539e+01  1019.7168    21.5215    19.7082     6.2577    191.778    7.45623  228.50737     83.926 -9.990e-29
   40.95942  -73.58016      1.962      1.946    21.5223    28.8856      7.826     1.7474 1.3604e+01  1019.7166    21.5219    19.7081     6.2578    191.780    7.45625  228.50796     83.927 -9.990e-29
   40.95942  -73.58016      1.952      1.937    21.5223    28.8856      7.831     1.7474 1.2076e+01  1019.7166    21.5219    19.7080     6.2576    191.773    7.45626  228.50820     83.924 -9.990e-29
   40.95942  -73.58016      1.952      1.937    21.5228    28.8854      7.831     1.7474 8.1301e+00  1019.7163    21.5224    19.7078     6.2573    191.766    7.45630  228.50943     83.920 -9.990e-29
   40.95942  -73.58016      1.962      1.946    21.5234    28.8852 -9.990e-29     1.7474 6.9155e+00  1019.7159    21.5230    19.7076     6.2571    191.757    7.45631  228.50946     83.916 -9.990e-29
