CalculateIndicators/WaterTemperature/Data/CTD_NYOS/202200728_C13.cnv
* Sea-Bird SBE 9 Data File:
* FileName = C:\Seabird 9 CTD\Data\2022\202207_offshore\202200728_C13.hex
* Software Version Seasave V 7.23.2
* Temperature SN = 4590
* Conductivity SN = 3228
* Number of Bytes Per Scan = 44
* Number of Voltage Words = 5
* Number of Scans Averaged by the Deck Unit = 1
* NMEA Latitude = 40 15.89 N
* NMEA Longitude = 073 00.56 W
* NMEA UTC (Time) = Dec 12 2002  12:42:10
* NMEA baud rate = 4800
** Ship: seawolf
** Station: 5.2
** Operator: TCM
# nquan = 18
# nvalues = 11919                       
# units = specified
# name 0 = latitude: Latitude [deg]
# name 1 = longitude: Longitude [deg]
# name 2 = prDM: Pressure, Digiquartz [db]
# name 3 = depSM: Depth [salt water, m]
# name 4 = t090C: Temperature [ITS-90, deg C]
# name 5 = sal00: Salinity, Practical [PSU]
# name 6 = ph: pH
# name 7 = flECO-AFL: Fluorescence, WET Labs ECO-AFL/FL [mg/m^3]
# name 8 = cpar: CPAR/Corrected Irradiance [%]
# name 9 = density00: Density [density, kg/m^3]
# name 10 = potemp090C: Potential Temperature [ITS-90, deg C]
# name 11 = sigma-é00: Density [sigma-theta, kg/m^3]
# name 12 = sbeox0Mg/L: Oxygen, SBE 43 [mg/l]
# name 13 = sbox0Mm/Kg: Oxygen, SBE 43 [umol/kg]
# name 14 = oxsolMg/L: Oxygen Saturation, Garcia & Gordon [mg/l]
# name 15 = oxsolMm/Kg: Oxygen Saturation, Garcia & Gordon [umol/kg]
# name 16 = sbeox0PS: Oxygen, SBE 43 [% saturation]
# name 17 = flag:  0.000e+00
# span 0 =   40.26452,   40.26494       
# span 1 =  -73.00932,  -73.00830       
# span 2 =      1.488,     39.548       
# span 3 =      1.477,     39.240       
# span 4 =     9.1204,    24.4585       
# span 5 =    31.4028,    37.4304       
# span 6 =      7.880,      8.161       
# span 7 =     0.1625,     1.2773       
# span 8 = 3.1509e-02, 4.2707e+01       
# span 9 =  1020.9292,  1031.3417       
# span 10 =     9.1164,    24.4571      
# span 11 =    20.9212,    30.4988      
# span 12 =     6.8372,     9.8033      
# span 13 =    208.391,    299.054      
# span 14 =    6.96262,    9.33568      
# span 15 =  213.09982,  284.53983      
# span 16 =     73.249,    120.092      
# span 17 = 0.0000e+00, 0.0000e+00      
# interval = seconds: 0.0416667
# start_time = Jul 28 2022 12:42:10 [System UTC, first data scan.]
# bad_flag = -9.990e-29
*END*
[from data line 9488]
   40.26470  -73.00856      1.943      1.928    24.4315    31.5936      8.145     0.2565 1.7977e+01  1020.9471    24.4311    20.9385     7.0446    215.633    6.97190  213.40587    101.043 -9.990e-29
   40.26470  -73.00856      1.933      1.919    24.4313    31.5932      8.145     0.2565 1.8130e+01  1020.9464    24.4309    20.9382     7.0445    215.629    6.97192  213.40639    101.041 -9.990e-29
   40.26470  -73.00856      1.933      1.919    24.4308    31.5931      8.145     0.2565 1.8232e+01  1020.9458    24.4304    20.9380     7.0446    215.632    6.97191  213.40632    101.043 -9.990e-29
   40.26470  -73.00856      1.913      1.898    24.4304    31.5931      8.145     0.2565 1.8181e+01  1020.9463    24.4300    20.9382     7.0447    215.635    6.97190  213.40606    101.045 -9.990e-29
   40.26470  -73.00856      1.913      1.898    24.4299    31.5931      8.145     0.2565 1.8181e+01  1020.9468    24.4295    20.9385     7.0448    215.638    6.97189  213.40548    101.046 -9.990e-29
   40.26470  -73.00856      1.903      1.889    24.4295    31.5934      8.145     0.2565 1.8130e+01  1020.9469    24.4291    20.9389     7.0402    215.497    6.97188  213.40528    100.980 -9.990e-29
   40.26470  -73.00856      1.903      1.889    24.4289    31.5934      8.145     0.2565 1.8130e+01  1020.9475    24.4285    20.9391     7.0400    215.491    6.97182  213.40369    100.978 -9.990e-29
   40.26470  -73.00856      1.884      1.869    24.4288    31.5934      8.145     0.2565 1.7726e+01  1020.9473    24.4284    20.9391     7.0398    215.486    6.97177  213.40233    100.976 -9.990e-29
   40.26470  -73.00856      1.883      1.868    24.4288    31.5933      8.145     0.2565 1.7381e+01  1020.9470    24.4284    20.9390     7.0397    215.480    6.97173  213.40115    100.974 -9.990e-29
   40.26470  -73.00856      1.883      1.868    24.4288    31.5933      8.145     0.2565 1.7332e+01  1020.9468    24.4284    20.9389     7.0392    215.467    6.97165  213.39887    100.969 -9.990e-29
   40.26470  -73.00856      1.862      1.848    24.4284    31.5933      8.145     0.2565 1.7726e+01  1020.9471    24.4280    20.9390     7.0388    215.453    6.97157  213.39659    100.964 -9.990e-29
   40.26464  -73.00852      1.862      1.848    24.4283    31.5933      8.145     0.2565 1.8181e+01  1020.9471    24.4279    20.9392     7.0385    215.447    6.97147  213.39384    100.962 -9.990e-29
   40.26464  -73.00852      1.862      1.848    24.4279    31.5934      8.145     0.2565 1.8283e+01  1020.9472    24.4275    20.9393     7.0381    215.433    6.97137  213.39095    100.957 -9.990e-29
   40.26464  -73.00852      1.843      1.829    24.4281    31.5935      8.145     0.2565 1.8595e+01  1020.9473    24.4277    20.9393     7.0379    215.427    6.97130  213.38874    100.955 -9.990e-29
   40.26464  -73.00852      1.843      1.829    24.4284    31.5936      8.145     0.2431 1.9125e+01  1020.9473    24.4281    20.9393     7.0375    215.414    6.97124  213.38705    100.950 -9.990e-29
   40.26464  -73.00852      1.833      1.819    24.4288    31.5936      8.145     0.2431 1.9233e+01  1020.9470    24.4284    20.9393     7.0373    215.410    6.97119  213.38554    100.949 -9.990e-29
   40.26464  -73.00852      1.822      1.808    24.4284    31.5936      8.145     0.2431 1.9505e+01  1020.9472    24.4281    20.9393     7.0370    215.401    6.97123  213.38670    100.944 -9.990e-29
   40.26464  -73.00852      1.822      1.808    24.4284    31.5936      8.145     0.2431 2.0232e+01  1020.9471    24.4281    20.9394     7.0370    215.399    6.97124  213.38690    100.943 -9.990e-29
   40.26464  -73.00852      1.802      1.788    24.4282    31.5936      8.145     0.2431 2.0518e+01  1020.9472    24.4278    20.9394     7.0369    215.398    6.97128  213.38803    100.942 -9.990e-29
   40.26464  -73.00852      1.802      1.788    24.4281    31.5936      8.145     0.2431 2.0576e+01  1020.9472    24.4277    20.9394     7.0369    215.398    6.97133  213.38950    100.941 -9.990e-29
   40.26464  -73.00852      1.802      1.788    24.4283    31.5936      8.145     0.2431 2.0751e+01  1020.9469    24.4279    20.9394     7.0369    215.397    6.97133  213.38951    100.941 -9.990e-29
   40.26464  -73.00852      1.781      1.767    24.4279    31.5937      8.145     0.2431 2.0868e+01  1020.9472    24.4275    20.9395     7.0369    215.397    6.97138  213.39088    100.940 -9.990e-29
   40.26464  -73.00852      1.792      1.778    24.4279    31.5939      8.145     0.2431 2.0702e+01  1020.9474    24.4275    20.9397     7.0366    215.389    6.97139  213.39138    100.936 -9.990e-29
   40.26464  -73.00852      1.773      1.759    24.4279    31.5942      8.145     0.2431 2.0184e+01  1020.9471    24.4275    20.9399     7.0366    215.388    6.97141  213.39187    100.936 -9.990e-29
   40.26464  -73.00852      1.771      1.758    24.4276    31.5947      8.145     0.2431 1.9902e+01  1020.9482    24.4272    20.9403     7.0413    215.531    6.97139  213.39123    101.003 -9.990e-29
   40.26464  -73.00852      1.771      1.758    24.4274    31.5951      8.145     0.2431 1.9959e+01  1020.9483    24.4270    20.9407     7.0413    215.532    6.97144  213.39285    101.002 -9.990e-29
   40.26464  -73.00852      1.771      1.758    24.4270    31.5953      8.145     0.2431 2.0877e+01  1020.9486    24.4267    20.9410     7.0366    215.387    6.97147  213.39344    100.934 -9.990e-29
   40.26464  -73.00852      1.771      1.758    24.4268    31.5956      8.145     0.2431 2.1473e+01  1020.9490    24.4265    20.9413     7.0413    215.531    6.97149  213.39415    101.001 -9.990e-29
   40.26464  -73.00852      1.762      1.748    24.4270    31.5956      8.145     0.2431 2.1533e+01  1020.9489    24.4267    20.9415     7.0413    215.531    6.97154  213.39569    101.001 -9.990e-29
   40.26464  -73.00852      1.771      1.758    24.4272    31.5956      8.145     0.2431 2.1173e+01  1020.9493    24.4268    20.9415     7.0413    215.531    6.97158  213.39684    101.000 -9.990e-29
   40.26464  -73.00852      1.771      1.758    24.4273    31.5954      8.145     0.2431 2.0877e+01  1020.9495    24.4269    20.9410     7.0368    215.394    6.97163  213.39838    100.935 -9.990e-29
   40.26464  -73.00852      1.771      1.758    24.4276    31.5933      8.145     0.2431 2.0877e+01  1020.9472    24.4272    20.9393     7.0416    215.539    6.97170  213.40034    101.002 -9.990e-29
   40.26464  -73.00852      1.782      1.769    24.4279    31.5933      8.145     0.2431 2.1302e+01  1020.9431    24.4275    20.9381     7.0419    215.548    6.97178  213.40286    101.005 -9.990e-29
   40.26464  -73.00852      1.802      1.788    24.4283    31.5933      8.145     0.2431 2.1726e+01  1020.9470    24.4279    20.9390     7.0422    215.557    6.97188  213.40578    101.008 -9.990e-29
   40.26464  -73.00852      1.802      1.788    24.4286    31.5953      8.145     0.2431 2.1848e+01  1020.9490    24.4282    20.9406     7.0425    215.567    6.97200  213.40938    101.011 -9.990e-29
   40.26464  -73.00852      1.811      1.797    24.4288    31.5961      8.145     0.2431 2.1423e+01  1020.9491    24.4284    20.9412     7.0427    215.574    6.97203  213.41011    101.014 -9.990e-29
   40.26464  -73.00852      1.822      1.808    24.4290    31.5961      8.145     0.2431 2.0828e+01  1020.9489    24.4286    20.9412     7.0429    215.580    6.97204  213.41023    101.017 -9.990e-29
   40.26464  -73.00852      1.852      1.838    24.4290    31.5961      8.145     0.2431 2.0653e+01  1020.9491    24.4286    20.9410     7.0385    215.443    6.97206  213.41108    100.952 -9.990e-29
   40.26464  -73.00852      1.862      1.848    24.4294    31.5959      8.145     0.2297 2.0365e+01  1020.9487    24.4290    20.9407     7.0431    215.586    6.97205  213.41078    101.019 -9.990e-29
   40.26464  -73.00852      1.883      1.868    24.4299    31.5955      8.145     0.2162 1.9689e+01  1020.9485    24.4295    20.9402     7.0433    215.592    6.97207  213.41105    101.022 -9.990e-29
   40.26464  -73.00852      1.903      1.889    24.4310    31.5949      8.145     0.2162 1.9469e+01  1020.9475    24.4306    20.9396     7.0435    215.599    6.97208  213.41153    101.025 -9.990e-29
   40.26464  -73.00852      1.924      1.909    24.4311    31.5945      8.145     0.2162 1.9260e+01  1020.9474    24.4307    20.9391     7.0391    215.462    6.97209  213.41182    100.961 -9.990e-29
   40.26464  -73.00852      1.954      1.939    24.4319    31.5945      8.145     0.2162 1.8673e+01  1020.9470    24.4315    20.9389     7.0390    215.461    6.97211  213.41238    100.960 -9.990e-29
   40.26464  -73.00852      1.964      1.949    24.4320    31.5945      8.145     0.2162 1.8464e+01  1020.9473    24.4315    20.9390     7.0393    215.469    6.97212  213.41279    100.964 -9.990e-29
   40.26464  -73.00852      1.994      1.979    24.4317    31.5948      8.145     0.2162 1.8464e+01  1020.9478    24.4313    20.9393     7.0440    215.613    6.97212  213.41276    101.031 -9.990e-29
   40.26464  -73.00852      2.014      1.999    24.4317    31.5954      8.145     0.2162 1.8258e+01  1020.9483    24.4313    20.9398     7.0396    215.477    6.97215  213.41337    100.967 -9.990e-29
   40.26464  -73.00852      2.045      2.029    24.4310    31.5960      8.145     0.2162 1.8206e+01  1020.9493    24.4306    20.9404     7.0443    215.621    6.97213  213.41287    101.035 -9.990e-29
   40.26464  -73.00852      2.054      2.039    24.4308    31.5966      8.145     0.2162 1.8258e+01  1020.9496    24.4304    20.9410     7.0445    215.629    6.97213  213.41287    101.038 -9.990e-29
   40.26464  -73.00852      2.086      2.070    24.4299    31.5970      8.145     0.2162 1.8779e+01  1020.9507    24.4294    20.9414     7.0400    215.492    6.97209  213.41169    100.975 -9.990e-29
   40.26464  -73.00852      2.105      2.089    24.4299    31.5970      8.145     0.2162 1.9098e+01  1020.9505    24.4294    20.9416     7.0401    215.492    6.97208  213.41156    100.975 -9.990e-29
   40.26464  -73.00852      2.116      2.100    24.4299    31.5970      8.145     0.2162 1.9152e+01  1020.9506    24.4294    20.9415     7.0448    215.637    6.97207  213.41126    101.043 -9.990e-29
   40.26464  -73.00852      2.146      2.130    24.4301    31.5970      8.145     0.2162 1.8621e+01  1020.9504    24.4296    20.9415     7.0403    215.501    6.97205  213.41054    100.979 -9.990e-29
   40.26464  -73.00852      2.156      2.139    24.4301    31.5969      8.145     0.2162 1.8258e+01  1020.9508    24.4296    20.9414     7.0404    215.502    6.97205  213.41053    100.980 -9.990e-29
   40.26464  -73.00852      2.166      2.149    24.4303    31.5967      8.145     0.2162 1.8258e+01  1020.9505    24.4298    20.9411     7.0404    215.504    6.97207  213.41102    100.981 -9.990e-29
   40.26464  -73.00852      2.188      2.171    24.4310    31.5962      8.145     0.2162 1.7751e+01  1020.9498    24.4305    20.9406     7.0403    215.498    6.97207  213.41102    100.978 -9.990e-29
   40.26464  -73.00852      2.216      2.199    24.4315    31.5956      8.145     0.2162 1.7259e+01  1020.9495    24.4310    20.9400     7.0401    215.492    6.97207  213.41107    100.975 -9.990e-29
   40.26464  -73.00852      2.207      2.190    24.4321    31.5950      8.145     0.2162 1.7162e+01  1020.9488    24.4316    20.9393     7.0399    215.486    6.97206  213.41087    100.972 -9.990e-29
   40.26464  -73.00852      2.237      2.220    24.4330    31.5943      8.145     0.2162 1.7503e+01  1020.9482    24.4325    20.9385     7.0397    215.480    6.97207  213.41108    100.970 -9.990e-29
   40.26464  -73.00852      2.247      2.229    24.4339    31.5935      8.145     0.2162 1.7902e+01  1020.9472    24.4335    20.9376     7.0395    215.474    6.97204  213.41015    100.967 -9.990e-29
   40.26464  -73.00852      2.258      2.240    24.4351    31.5927      8.145     0.2162 1.8003e+01  1020.9461    24.4346    20.9367     7.0393    215.468    6.97205  213.41053    100.964 -9.990e-29
   40.26464  -73.00852      2.278      2.261    24.4360    31.5920      8.145     0.2162 1.7944e+01  1020.9457    24.4355    20.9360     7.0390    215.460    6.97200  213.40897    100.961 -9.990e-29
   40.26464  -73.00852      2.277      2.259    24.4369    31.5916      8.145     0.2162 1.7693e+01  1020.9449    24.4364    20.9353     7.0388    215.454    6.97197  213.40828    100.958 -9.990e-29
   40.26464  -73.00852      2.288      2.270    24.4375    31.5914      8.145     0.2431 1.7643e+01  1020.9446    24.4370    20.9349     7.0386    215.447    6.97195  213.40763    100.955 -9.990e-29
   40.26464  -73.00852      2.297      2.280    24.4380    31.5914      8.145     0.2565 1.7495e+01  1020.9443    24.4375    20.9347     7.0384    215.441    6.97196  213.40778    100.953 -9.990e-29
   40.26464  -73.00852      2.307      2.289    24.4375    31.5914      8.145     0.2565 1.7106e+01  1020.9449    24.4370    20.9350     7.0334    215.290    6.97192  213.40679    100.882 -9.990e-29
   40.26464  -73.00852      2.318      2.300    24.4373    31.5917      8.145     0.2565 1.6962e+01  1020.9452    24.4368    20.9353     7.0376    215.418    6.97188  213.40551    100.943 -9.990e-29
   40.26464  -73.00852      2.329      2.311    24.4369    31.5919      8.145     0.2565 1.7058e+01  1020.9455    24.4364    20.9356     7.0422    215.557    6.97190  213.40630    101.008 -9.990e-29
   40.26464  -73.00852      2.328      2.310    24.4364    31.5922      8.145     0.2565 1.7495e+01  1020.9460    24.4359    20.9359     7.0376    215.418    6.97190  213.40644    100.943 -9.990e-29
   40.26464  -73.00852      2.348      2.330    24.4364    31.5924      8.145     0.2565 1.7643e+01  1020.9460    24.4359    20.9361     7.0374    215.412    6.97193  213.40722    100.940 -9.990e-29
   40.26464  -73.00852      2.339      2.321    24.4358    31.5925      8.145     0.2565 1.7693e+01  1020.9464    24.4353    20.9363     7.0372    215.404    6.97190  213.40634    100.936 -9.990e-29
   40.26464  -73.00852      2.348      2.330    24.4357    31.5927      8.145     0.2565 1.7495e+01  1020.9466    24.4352    20.9365     7.0416    215.541    6.97188  213.40562    101.001 -9.990e-29
   40.26464  -73.00852      2.348      2.330    24.4355    31.5929      8.145     0.2565 1.7438e+01  1020.9468    24.4350    20.9367     7.0369    215.397    6.97181  213.40376    100.934 -9.990e-29
   40.26464  -73.00852      2.348      2.330    24.4357    31.5930      8.145     0.2565 1.7438e+01  1020.9467    24.4352    20.9368     7.0367    215.390    6.97178  213.40262    100.931 -9.990e-29
   40.26464  -73.00852      2.339      2.321    24.4351    31.5932      8.145     0.2565 1.6954e+01  1020.9470    24.4346    20.9371     7.0368    215.392    6.97176  213.40228    100.933 -9.990e-29
   40.26464  -73.00852      2.348      2.330    24.4348    31.5935      8.145     0.2565 1.6623e+01  1020.9475    24.4343    20.9374     7.0369    215.395    6.97177  213.40257    100.934 -9.990e-29
   40.26464  -73.00852      2.328      2.310    24.4346    31.5936      8.145     0.2565 1.6623e+01  1020.9475    24.4341    20.9376     7.0366    215.388    6.97175  213.40192    100.931 -9.990e-29
   40.26464  -73.00852      2.328      2.310    24.4340    31.5936      8.145     0.2565 1.6391e+01  1020.9479    24.4335    20.9378     7.0367    215.391    6.97178  213.40270    100.932 -9.990e-29
   40.26464  -73.00852      2.329      2.311    24.4338    31.5937      8.145     0.2565 1.6208e+01  1020.9477    24.4333    20.9378     7.0368    215.392    6.97175  213.40198    100.933 -9.990e-29
   40.26464  -73.00852      2.307      2.289    24.4335    31.5937      8.145     0.2565 1.6208e+01  1020.9475    24.4330    20.9378     7.0370    215.398    6.97175  213.40185    100.935 -9.990e-29
