CalculateIndicators/WaterTemperature/Data/CTD_NYOS/20220513_C07.cnv
* Sea-Bird SBE 9 Data File:
* FileName = C:\Seabird 9 CTD\Data\2022\202205_offshore\20220513_C07.hex
* Software Version Seasave V 7.23.2
* Temperature SN = 4590
* Conductivity SN = 3228
* Number of Bytes Per Scan = 44
* Number of Voltage Words = 5
* Number of Scans Averaged by the Deck Unit = 1
* NMEA Latitude = 38 55.65 N
* NMEA Longitude = 073 13.10 W
* NMEA UTC (Time) = Sep 27 2002  22:50:45
* NMEA baud rate = 4800
** Ship: seawolf
** Station: 7.5
** Operator: TDK
# nquan = 18
# nvalues = 15932                       
# units = specified
# name 0 = latitude: Latitude [deg]
# name 1 = longitude: Longitude [deg]
# name 2 = prDM: Pressure, Digiquartz [db]
# name 3 = depSM: Depth [salt water, m]
# name 4 = t090C: Temperature [ITS-90, deg C]
# name 5 = sal00: Salinity, Practical [PSU]
# name 6 = ph: pH
# name 7 = flECO-AFL: Fluorescence, WET Labs ECO-AFL/FL [mg/m^3]
# name 8 = cpar: CPAR/Corrected Irradiance [%]
# name 9 = density00: Density [density, kg/m^3]
# name 10 = potemp090C: Potential Temperature [ITS-90, deg C]
# name 11 = sigma-é00: Density [sigma-theta, kg/m^3]
# name 12 = sbeox0Mg/L: Oxygen, SBE 43 [mg/l]
# name 13 = sbox0Mm/Kg: Oxygen, SBE 43 [umol/kg]
# name 14 = oxsolMg/L: Oxygen Saturation, Garcia & Gordon [mg/l]
# name 15 = oxsolMm/Kg: Oxygen Saturation, Garcia & Gordon [umol/kg]
# name 16 = sbeox0PS: Oxygen, SBE 43 [% saturation]
# name 17 = flag:  0.000e+00
# span 0 =   38.92764,   38.92852       
# span 1 =  -73.21988,  -73.21832       
# span 2 =      1.456,     73.358       
# span 3 =      1.445,     72.790       
# span 4 =     9.9110,    11.3031       
# span 5 =    33.2626,    34.1949       
# span 6 =      8.083,      8.123       
# span 7 =     0.1625,     1.3713       
# span 8 = 1.6179e-13, 1.8185e+01       
# span 9 =  1025.3519,  1026.4868       
# span 10 =     9.9099,    11.2947      
# span 11 =    25.4473,    26.1602      
# span 12 =     8.1774,     9.3933      
# span 13 =    249.032,    286.169      
# span 14 =    8.82189,    9.13107      
# span 15 =  268.68053,  278.18114      
# span 16 =     92.004,    102.876      
# span 17 = 0.0000e+00, 0.0000e+00      
# interval = seconds: 0.0416667
# start_time = May 13 2022 22:50:45 [System UTC, first data scan.]
# bad_flag = -9.990e-29
*END*
[from data line 3056]
   38.92784  -73.21862     34.144     33.883    10.1510    33.7453      8.085     0.5386 1.3071e-01  1026.1014    10.1470    25.9472     8.6508    263.505    9.05733  275.88699     95.512 -9.990e-29
   38.92784  -73.21862     34.174     33.913    10.1511    33.7453      8.089     0.5252 1.2952e-01  1026.1015    10.1472    25.9473     8.6506    263.497    9.05739  275.88887     95.509 -9.990e-29
   38.92784  -73.21862     34.185     33.924    10.1513    33.7454      8.085     0.5252 1.2872e-01  1026.1016    10.1474    25.9473     8.6502    263.487    9.05736  275.88791     95.505 -9.990e-29
   38.92784  -73.21862     34.215     33.954    10.1511    33.7454      8.085     0.5386 1.2909e-01  1026.1014    10.1472    25.9473     8.6564    263.675    9.05736  275.88779     95.573 -9.990e-29
   38.92784  -73.21862     34.237     33.976    10.1511    33.7454      8.085     0.5252 1.2869e-01  1026.1016    10.1472    25.9474     8.6566    263.681    9.05726  275.88461     95.576 -9.990e-29
   38.92784  -73.21862     34.257     33.995    10.1510    33.7462      8.085     0.5386 1.2906e-01  1026.1022    10.1470    25.9480     8.6573    263.703    9.05713  275.88082     95.586 -9.990e-29
   38.92784  -73.21862     34.297     34.034    10.1514    33.7475      8.085     0.5386 1.2906e-01  1026.1035    10.1475    25.9489     8.6581    263.727    9.05711  275.88033     95.595 -9.990e-29
   38.92784  -73.21862     34.317     34.055    10.1534    33.7490      8.085     0.5252 1.2863e-01  1026.1048    10.1495    25.9498     8.6589    263.750    9.05712  275.88059     95.603 -9.990e-29
   38.92784  -73.21862     34.348     34.085    10.1564    33.7494      8.085     0.5386 1.2745e-01  1026.1053    10.1525    25.9500     8.6533    263.579    9.05711  275.88030     95.541 -9.990e-29
   38.92784  -73.21862     34.378     34.115    10.1595    33.7494      8.085     0.5386 1.2742e-01  1026.1049    10.1556    25.9496     8.6526    263.558    9.05695  275.87541     95.535 -9.990e-29
   38.92784  -73.21862     34.399     34.136    10.1613    33.7494      8.089     0.5386 1.2703e-01  1026.1040    10.1574    25.9489     8.6527    263.561    9.05690  275.87374     95.537 -9.990e-29
   38.92784  -73.21864     34.429     34.166    10.1617    33.7485      8.089     0.5386 1.2661e-01  1026.1031    10.1577    25.9480     8.6578    263.718    9.05682  275.87120     95.594 -9.990e-29
   38.92784  -73.21864     34.461     34.197    10.1620    33.7479      8.085     0.5386 1.2659e-01  1026.1025    10.1581    25.9475     8.6575    263.709    9.05653  275.86222     95.594 -9.990e-29
   38.92784  -73.21864     34.480     34.216    10.1617    33.7479      8.085     0.5386 1.2620e-01  1026.1030    10.1577    25.9475     8.6515    263.524    9.05623  275.85318     95.530 -9.990e-29
   38.92784  -73.21864     34.521     34.257    10.1618    33.7479      8.089     0.5386 1.2578e-01  1026.1031    10.1579    25.9475     8.6570    263.692    9.05604  275.84766     95.593 -9.990e-29
   38.92784  -73.21864     34.552     34.288    10.1618    33.7482      8.089     0.5386 1.2540e-01  1026.1031    10.1579    25.9478     8.6516    263.529    9.05592  275.84396     95.536 -9.990e-29
   38.92784  -73.21864     34.592     34.327    10.1618    33.7499      8.085     0.5520 1.2537e-01  1026.1039    10.1579    25.9489     8.6506    263.498    9.05560  275.83374     95.528 -9.990e-29
   38.92784  -73.21864     34.643     34.378    10.1633    33.7529      8.085     0.5520 1.2496e-01  1026.1079    10.1594    25.9509     8.6493    263.458    9.05504  275.81639     95.519 -9.990e-29
   38.92784  -73.21864     34.663     34.398    10.1689    33.7554      8.089     0.5520 1.2458e-01  1026.1093    10.1650    25.9521     8.6544    263.614    9.05455  275.80170     95.581 -9.990e-29
   38.92784  -73.21864     34.705     34.439    10.1742    33.7558      8.085     0.5386 1.2455e-01  1026.1088    10.1703    25.9521     8.6540    263.602    9.05430  275.79451     95.579 -9.990e-29
   38.92784  -73.21864     34.754     34.489    10.1783    33.7558      8.085     0.5520 1.2415e-01  1026.1081    10.1744    25.9513     8.6545    263.618    9.05438  275.79698     95.584 -9.990e-29
   38.92784  -73.21864     34.786     34.520    10.1813    33.7558      8.085     0.5520 1.2415e-01  1026.1070    10.1773    25.9504     8.6549    263.629    9.05435  275.79597     95.588 -9.990e-29
   38.92784  -73.21864     34.826     34.560    10.1831    33.7553      8.085     0.5520 1.2412e-01  1026.1067    10.1792    25.9497     8.6544    263.613    9.05410  275.78843     95.585 -9.990e-29
   38.92784  -73.21864     34.877     34.610    10.1851    33.7550      8.085     0.5520 1.2184e-01  1026.1063    10.1811    25.9491     8.6545    263.618    9.05394  275.78336     95.589 -9.990e-29
   38.92784  -73.21864     34.910     34.643    10.1863    33.7546      8.085     0.5520 1.2070e-01  1026.1063    10.1823    25.9486     8.6483    263.426    9.05376  275.77788     95.521 -9.990e-29
   38.92784  -73.21864     34.969     34.702    10.1871    33.7546      8.085     0.5520 1.2105e-01  1026.1055    10.1831    25.9481     8.6478    263.411    9.05363  275.77406     95.517 -9.990e-29
   38.92784  -73.21864     35.019     34.751    10.1876    33.7546      8.085     0.5520 1.1954e-01  1026.1054    10.1836    25.9480     8.6531    263.575    9.05360  275.77334     95.577 -9.990e-29
   38.92784  -73.21864     35.060     34.792    10.1884    33.7548      8.089     0.5520 1.1807e-01  1026.1066    10.1844    25.9483     8.6527    263.562    9.05357  275.77259     95.572 -9.990e-29
   38.92784  -73.21864     35.102     34.833    10.1902    33.7555      8.085     0.5520 1.1805e-01  1026.1070    10.1861    25.9486     8.6529    263.567    9.05356  275.77196     95.574 -9.990e-29
   38.92784  -73.21864     35.151     34.883    10.1916    33.7559      8.089     0.5386 1.1767e-01  1026.1072    10.1875    25.9487     8.6530    263.570    9.05353  275.77121     95.576 -9.990e-29
   38.92784  -73.21864     35.213     34.944    10.1927    33.7562      8.085     0.5520 1.1694e-01  1026.1075    10.1887    25.9487     8.6473    263.398    9.05349  275.76980     95.514 0.0000e+00
   38.92784  -73.21864     35.253     34.984    10.1937    33.7562      8.085     0.5386 1.1692e-01  1026.1078    10.1897    25.9487     8.6525    263.556    9.05343  275.76806     95.571 0.0000e+00
   38.92784  -73.21864     35.304     35.034    10.1954    33.7562      8.085     0.5386 1.1727e-01  1026.1079    10.1913    25.9484     8.6469    263.385    9.05347  275.76935     95.509 0.0000e+00
   38.92784  -73.21864     35.367     35.096    10.1962    33.7552      8.085     0.5520 1.1762e-01  1026.1074    10.1921    25.9475     8.6463    263.368    9.05345  275.76858     95.503 0.0000e+00
   38.92784  -73.21864     35.418     35.147    10.1959    33.7531      8.085     0.5386 1.1725e-01  1026.1056    10.1918    25.9460     8.6516    263.528    9.05346  275.76906     95.561 0.0000e+00
   38.92786  -73.21866     35.467     35.196    10.1934    33.7512      8.085     0.5520 1.1688e-01  1026.1038    10.1893    25.9448     8.6459    263.356    9.05347  275.76953     95.498 0.0000e+00
   38.92786  -73.21866     35.529     35.257    10.1901    33.7512      8.085     0.5520 1.1506e-01  1026.1047    10.1860    25.9448     8.6454    263.339    9.05350  275.77028     95.492 0.0000e+00
   38.92786  -73.21866     35.580     35.308    10.1884    33.7512      8.089     0.5520 1.1469e-01  1026.1058    10.1844    25.9453     8.6448    263.323    9.05349  275.76991     95.486 0.0000e+00
   38.92786  -73.21866     35.651     35.378    10.1871    33.7512      8.089     0.5386 1.1467e-01  1026.1066    10.1830    25.9458     8.6443    263.305    9.05349  275.76991     95.480 0.0000e+00
   38.92786  -73.21866     35.682     35.409    10.1860    33.7517      8.085     0.5654 1.1325e-01  1026.1069    10.1820    25.9464     8.6438    263.289    9.05352  275.77087     95.474 0.0000e+00
   38.92786  -73.21866     35.753     35.479    10.1851    33.7528      8.089     0.5923 1.1289e-01  1026.1081    10.1810    25.9473     8.6432    263.272    9.05351  275.77070     95.468 0.0000e+00
   38.92786  -73.21866     35.804     35.530    10.1856    33.7548      8.085     0.5923 1.1323e-01  1026.1102    10.1815    25.9488     8.6484    263.430    9.05351  275.77049     95.525 0.0000e+00
   38.92786  -73.21866     35.855     35.580    10.1881    33.7571      8.085     0.5923 1.1216e-01  1026.1123    10.1840    25.9501     8.6427    263.257    9.05351  275.77074     95.462 0.0000e+00
   38.92786  -73.21866     35.933     35.658    10.1919    33.7578      8.089     0.5923 1.1145e-01  1026.1133    10.1878    25.9506     8.6421    263.239    9.05354  275.77154     95.455 0.0000e+00
   38.92786  -73.21866     35.966     35.691    10.1957    33.7578      8.085     0.5923 1.1180e-01  1026.1122    10.1916    25.9501     8.6472    263.396    9.05353  275.77116     95.512 0.0000e+00
   38.92786  -73.21866     36.049     35.773    10.1977    33.7578      8.089     0.5923 1.1074e-01  1026.1117    10.1935    25.9492     8.6421    263.240    9.05350  275.77034     95.456 0.0000e+00
   38.92786  -73.21866     36.079     35.803    10.1988    33.7571      8.084     0.5923 1.1074e-01  1026.1110    10.1947    25.9485     8.6422    263.241    9.05350  275.77022     95.457 0.0000e+00
   38.92786  -73.21866     36.140     35.863    10.1993    33.7565      8.089     0.5923 1.1073e-01  1026.1108    10.1952    25.9480     8.6416    263.224    9.05351  275.77053     95.451 0.0000e+00
   38.92786  -73.21866     36.201     35.924    10.1998    33.7562      8.084     0.5923 1.1004e-01  1026.1106    10.1957    25.9476     8.6410    263.206    9.05349  275.76997     95.444 0.0000e+00
   38.92786  -73.21866     36.212     35.935    10.1995    33.7562      8.089     0.5923 1.0969e-01  1026.1108    10.1953    25.9475     8.6404    263.189    9.05346  275.76912     95.438 0.0000e+00
   38.92786  -73.21866     36.263     35.985    10.1997    33.7562      8.084     0.5923 1.0968e-01  1026.1109    10.1955    25.9475     8.6399    263.173    9.05350  275.77025     95.432 0.0000e+00
   38.92786  -73.21866     36.416     36.137    10.1997    33.7562      8.084     0.5923 1.0934e-01  1026.1117    10.1955    25.9476     8.6393    263.155    9.05350  275.77035     95.425 0.0000e+00
   38.92786  -73.21866     36.486     36.207    10.2000    33.7562      8.089     0.5923 1.0865e-01  1026.1124    10.1958    25.9477     8.6394    263.156    9.05345  275.76860     95.426 0.0000e+00
   38.92786  -73.21866     36.523     36.244    10.2007    33.7562      8.084     0.5923 1.0865e-01  1026.1124    10.1965    25.9476     8.6395    263.159    9.05344  275.76835     95.428 0.0000e+00
   38.92786  -73.21866     36.548     36.268    10.2010    33.7563      8.089     0.5789 1.0865e-01  1026.1119    10.1968    25.9473     8.6396    263.162    9.05341  275.76760     95.429 -9.990e-29
   38.92786  -73.21866     36.548     36.268    10.2010    33.7563      8.084     0.5923 1.0797e-01  1026.1118    10.1968    25.9472     8.6397    263.167    9.05341  275.76761     95.431 -9.990e-29
   38.92786  -73.21866     36.618     36.338    10.2008    33.7563      8.089     0.5923 1.0797e-01  1026.1126    10.1966    25.9474     8.6399    263.173    9.05343  275.76816     95.433 0.0000e+00
   38.92786  -73.21866     36.669     36.389    10.2015    33.7566      8.084     0.5923 1.0763e-01  1026.1132    10.1973    25.9477     8.6452    263.334    9.05338  275.76667     95.491 0.0000e+00
   38.92786  -73.21866     36.751     36.469    10.2018    33.7569      8.089     0.5923 1.0661e-01  1026.1133    10.1976    25.9478     8.6396    263.163    9.05338  275.76666     95.430 0.0000e+00
   38.92786  -73.21866     36.813     36.531    10.2022    33.7574      8.089     0.5923 1.0662e-01  1026.1138    10.1979    25.9480     8.6392    263.149    9.05340  275.76710     95.425 0.0000e+00
   38.92786  -73.21866     36.839     36.557    10.2031    33.7581      8.089     0.5923 1.0662e-01  1026.1149    10.1989    25.9484     8.6393    263.154    9.05339  275.76692     95.426 0.0000e+00
   38.92786  -73.21866     36.894     36.612    10.2046    33.7585      8.084     0.5923 1.0528e-01  1026.1150    10.2004    25.9485     8.6453    263.336    9.05337  275.76632     95.492 0.0000e+00
   38.92786  -73.21866     36.915     36.632    10.2058    33.7585      8.089     0.5923 1.0528e-01  1026.1144    10.2015    25.9483     8.6397    263.167    9.05340  275.76704     95.431 0.0000e+00
   38.92786  -73.21866     36.934     36.651    10.2063    33.7589      8.089     0.5789 1.0529e-01  1026.1147    10.2020    25.9485     8.6399    263.171    9.05333  275.76514     95.433 0.0000e+00
   38.92786  -73.21866     36.985     36.702    10.2074    33.7600      8.089     0.5789 1.0530e-01  1026.1160    10.2032    25.9491     8.6337    262.983    9.05333  275.76489     95.365 0.0000e+00
   38.92786  -73.21866     37.022     36.739    10.2099    33.7603      8.089     0.5789 1.0496e-01  1026.1169    10.2056    25.9495     8.6385    263.129    9.05339  275.76680     95.417 0.0000e+00
   38.92786  -73.21866     37.057     36.773    10.2124    33.7603      8.084     0.5789 1.0530e-01  1026.1166    10.2081    25.9492     8.6381    263.116    9.05333  275.76519     95.413 0.0000e+00
   38.92786  -73.21866     37.098     36.814    10.2141    33.7603      8.084     0.5789 1.0464e-01  1026.1154    10.2098    25.9485     8.6384    263.125    9.05338  275.76652     95.416 0.0000e+00
   38.92786  -73.21866     37.148     36.863    10.2139    33.7603      8.089     0.5654 1.0464e-01  1026.1151    10.2096    25.9480     8.6386    263.134    9.05338  275.76658     95.419 0.0000e+00
   38.92786  -73.21866     37.180     36.895    10.2139    33.7603      8.089     0.5789 1.0499e-01  1026.1157    10.2096    25.9482     8.6332    262.967    9.05336  275.76605     95.359 0.0000e+00
   38.92786  -73.21866     37.217     36.932    10.2149    33.7606      8.089     0.5654 1.0465e-01  1026.1163    10.2106    25.9484     8.6387    263.135    9.05336  275.76618     95.419 0.0000e+00
   38.92786  -73.21866     37.240     36.955    10.2156    33.7607      8.089     0.5789 1.0466e-01  1026.1165    10.2114    25.9485     8.6391    263.147    9.05338  275.76667     95.424 0.0000e+00
   38.92786  -73.21866     37.282     36.996    10.2165    33.7607      8.089     0.5789 1.0466e-01  1026.1166    10.2123    25.9483     8.6395    263.160    9.05340  275.76730     95.428 0.0000e+00
   38.92786  -73.21866     37.312     37.026    10.2174    33.7607      8.084     0.5789 1.0467e-01  1026.1162    10.2131    25.9481     8.6393    263.153    9.05339  275.76704     95.426 0.0000e+00
   38.92786  -73.21866     37.338     37.052    10.2175    33.7603      8.089     0.5789 1.0467e-01  1026.1161    10.2132    25.9478     8.6391    263.147    9.05338  275.76666     95.424 0.0000e+00
   38.92786  -73.21866     37.363     37.077    10.2179    33.7602      8.089     0.5789 1.0502e-01  1026.1157    10.2136    25.9476     8.6395    263.159    9.05334  275.76536     95.429 0.0000e+00
   38.92786  -73.21866     37.393     37.107    10.2179    33.7602      8.089     0.5789 1.0435e-01  1026.1161    10.2136    25.9476     8.6400    263.174    9.05337  275.76614     95.434 0.0000e+00
   38.92786  -73.21866     37.403     37.117    10.2179    33.7601      8.089     0.5654 1.0336e-01  1026.1162    10.2136    25.9476     8.6404    263.189    9.05338  275.76664     95.439 0.0000e+00
   38.92786  -73.21866     37.433     37.147    10.2182    33.7601      8.084     0.5654 1.0336e-01  1026.1164    10.2139    25.9475     8.6410    263.204    9.05335  275.76560     95.445 0.0000e+00
