CalculateIndicators/WaterTemperature/Data/CTD_NYOS/202200728_C11.cnv
* Sea-Bird SBE 9 Data File:
* FileName = C:\Seabird 9 CTD\Data\2022\202207_offshore\202200728_C11.hex
* Software Version Seasave V 7.23.2
* Temperature SN = 4590
* Conductivity SN = 3228
* Number of Bytes Per Scan = 44
* Number of Voltage Words = 5
* Number of Scans Averaged by the Deck Unit = 1
* NMEA Latitude = 39 38.35 N
* NMEA Longitude = 072 46.96 W
* NMEA UTC (Time) = Dec 12 2002  05:48:38
* NMEA baud rate = 4800
** Ship: seawolf
** Station: 5.4
** Operator: TDK
# nquan = 18
# nvalues = 16011                       
# units = specified
# name 0 = latitude: Latitude [deg]
# name 1 = longitude: Longitude [deg]
# name 2 = prDM: Pressure, Digiquartz [db]
# name 3 = depSM: Depth [salt water, m]
# name 4 = t090C: Temperature [ITS-90, deg C]
# name 5 = sal00: Salinity, Practical [PSU]
# name 6 = ph: pH
# name 7 = flECO-AFL: Fluorescence, WET Labs ECO-AFL/FL [mg/m^3]
# name 8 = cpar: CPAR/Corrected Irradiance [%]
# name 9 = density00: Density [density, kg/m^3]
# name 10 = potemp090C: Potential Temperature [ITS-90, deg C]
# name 11 = sigma-é00: Density [sigma-theta, kg/m^3]
# name 12 = sbeox0Mg/L: Oxygen, SBE 43 [mg/l]
# name 13 = sbox0Mm/Kg: Oxygen, SBE 43 [umol/kg]
# name 14 = oxsolMg/L: Oxygen Saturation, Garcia & Gordon [mg/l]
# name 15 = oxsolMm/Kg: Oxygen Saturation, Garcia & Gordon [umol/kg]
# name 16 = sbeox0PS: Oxygen, SBE 43 [% saturation]
# name 17 = flag:  0.000e+00
# span 0 =   39.63834,   39.63930       
# span 1 =  -72.78276,  -72.78252       
# span 2 =      1.321,     63.122       
# span 3 =      1.311,     62.631       
# span 4 =     9.2845,    24.9251       
# span 5 =    31.4033,    34.0014       
# span 6 =      7.991,      8.225       
# span 7 =    -0.0524,     2.0832       
# span 8 = 5.0640e-11, 9.9999e+04       
# span 9 =  1020.7207,  1026.3386       
# span 10 =     9.2802,    24.9243      
# span 11 =    20.7138,    26.0570      
# span 12 =     6.8988,     9.3875      
# span 13 =    210.117,    286.358      
# span 14 =    6.91661,    9.27157      
# span 15 =  211.75932,  282.48394      
# span 16 =     77.033,    118.381      
# span 17 = 0.0000e+00, 0.0000e+00      
# interval = seconds: 0.0416667
# start_time = Jul 28 2022 05:48:38 [System UTC, first data scan.]
# bad_flag = -9.990e-29
*END*
[from data line 9649]
   39.63872  -72.78254     22.941     22.765    10.5396    33.0301      8.059     0.6192 5.0640e-11  1025.4253    10.5370    25.3226     8.6570    263.873    8.93295  272.28422     96.911 -9.990e-29
   39.63872  -72.78254     22.941     22.765    10.5421    33.0301      8.059     0.6192 5.0640e-11  1025.4299    10.5395    25.3240     8.6708    264.291    8.93789  272.43181     97.012 -9.990e-29
   39.63872  -72.78254     22.924     22.748    10.5534    33.0301      8.059     0.6192 5.0640e-11  1025.4278    10.5507    25.3223     8.6670    264.176    8.93897  272.46672     96.957 0.0000e+00
   39.63872  -72.78254     22.911     22.734    10.5684    33.0296      8.059     0.6192 5.0640e-11  1025.4198    10.5657    25.3177     8.6747    264.411    8.93889  272.46461     97.044 0.0000e+00
   39.63872  -72.78254     22.894     22.718    10.5773    33.0267      8.059     0.6192 5.0640e-11  1025.4161    10.5747    25.3137     8.6774    264.503    8.93419  272.33053     97.126 0.0000e+00
   39.63872  -72.78254     22.890     22.714    10.5858    33.0256      8.059     0.6192 5.0640e-11  1025.4136    10.5832    25.3116     8.6776    264.517    8.93283  272.29770     97.142 0.0000e+00
   39.63872  -72.78254     22.869     22.694    10.5899    33.0250      8.059     0.6192 5.0640e-11  1025.4148    10.5873    25.3100     8.6875    264.815    8.94032  272.52131     97.172 0.0000e+00
   39.63872  -72.78254     22.843     22.668    10.5969    33.0235      8.059     0.6192 5.0640e-11  1025.4098    10.5942    25.3079     8.7047    265.335    8.94880  272.77444     97.273 0.0000e+00
   39.63872  -72.78254     22.829     22.654    10.6009    33.0223      8.059     0.6192 5.0640e-11  1025.4086    10.5982    25.3061     8.7215    265.841    8.95656  273.00470     97.376 0.0000e+00
   39.63872  -72.78254     22.820     22.644    10.6075    33.0207      8.059     0.6192 5.0640e-11  1025.4091    10.6048    25.3039     8.7258    265.968    8.95805  273.04708     97.408 0.0000e+00
   39.63872  -72.78254     22.792     22.617    10.6162    33.0175      8.054     0.6192 5.0640e-11  1025.4005    10.6136    25.3009     8.7322    266.159    8.95581  272.97393     97.503 0.0000e+00
   39.63872  -72.78254     22.778     22.603    10.6032    33.0175      8.054     0.6192 5.0640e-11  1025.4022    10.6005    25.3001     8.7280    266.026    8.94961  272.78269     97.523 0.0000e+00
   39.63872  -72.78254     22.762     22.587    10.5941    33.0175      8.059     0.6326 5.0640e-11  1025.4040    10.5914    25.3014     8.7309    266.115    8.94441  272.62271     97.613 0.0000e+00
   39.63872  -72.78254     22.737     22.562    10.6012    33.0161      8.059     0.6326 5.0640e-11  1025.4045    10.5986    25.3036     8.7300    266.087    8.94148  272.53391     97.635 0.0000e+00
   39.63872  -72.78254     22.718     22.543    10.6152    33.0161      8.059     0.6192 5.0640e-11  1025.4142    10.6126    25.3029     8.7304    266.103    8.94020  272.49712     97.654 0.0000e+00
   39.63872  -72.78254     22.701     22.527    10.6482    33.0148      8.059     0.6326 5.0640e-11  1025.3985    10.6455    25.2931     8.7406    266.413    8.94217  272.55752     97.746 0.0000e+00
   39.63872  -72.78254     22.677     22.502    10.6660    33.0011      8.059     0.6192 5.0640e-11  1025.3735    10.6633    25.2804     8.7433    266.497    8.94307  272.58686     97.766 0.0000e+00
   39.63872  -72.78254     22.650     22.476    10.6529    33.0011      8.059     0.6326 5.0640e-11  1025.3742    10.6503    25.2776     8.7522    266.771    8.94354  272.60280     97.861 0.0000e+00
   39.63874  -72.78254     22.626     22.452    10.6328    33.0011      8.059     0.6192 5.0640e-11  1025.3886    10.6301    25.2823     8.7552    266.863    8.94432  272.62713     97.886 0.0000e+00
   39.63874  -72.78254     22.606     22.433    10.6283    33.0039      8.059     0.6326 5.0640e-11  1025.3854    10.6256    25.2871     8.7558    266.885    8.94332  272.59909     97.904 0.0000e+00
   39.63874  -72.78254     22.579     22.405    10.6190    33.0153      8.059     0.6192 5.0640e-11  1025.3911    10.6163    25.2966     8.7564    266.902    8.94261  272.57807     97.918 0.0000e+00
   39.63874  -72.78254     22.565     22.392    10.6189    33.0380      8.059     0.6192 5.0640e-11  1025.4183    10.6162    25.3134     8.7636    267.120    8.94237  272.56957     98.001 0.0000e+00
   39.63874  -72.78254     22.528     22.355    10.6452    33.0632      8.059     0.6192 5.0640e-11  1025.4334    10.6425    25.3291     8.7633    267.111    8.94105  272.52810     98.012 0.0000e+00
   39.63874  -72.78254     22.514     22.341    10.6817    33.0826      8.059     0.6192 5.0640e-11  1025.4455    10.6791    25.3371     8.7616    267.056    8.93823  272.44005     98.024 0.0000e+00
   39.63874  -72.78254     22.484     22.311    10.7472    33.0826      8.059     0.6192 5.0640e-11  1025.4422    10.7445    25.3332     8.7577    266.940    8.93393  272.30972     98.028 0.0000e+00
   39.63874  -72.78254     22.467     22.295    10.8175    33.0826      8.058     0.6326 5.0640e-11  1025.4185    10.8149    25.3189     8.7558    266.882    8.93177  272.24420     98.030 0.0000e+00
   39.63874  -72.78254     22.444     22.271    10.8658    33.0768      8.058     0.6192 5.0640e-11  1025.4023    10.8631    25.3031     8.7548    266.852    8.93079  272.21574     98.030 0.0000e+00
   39.63874  -72.78254     22.437     22.265    10.9073    33.0680      8.058     0.6192 5.0640e-11  1025.3917    10.9046    25.2885     8.7538    266.823    8.93023  272.20040     98.024 0.0000e+00
   39.63874  -72.78254     22.412     22.240    10.9492    33.0570      8.058     0.6192 5.0640e-11  1025.3724    10.9465    25.2737     8.7611    267.045    8.93104  272.22565     98.097 0.0000e+00
   39.63874  -72.78254     22.376     22.204    10.9691    33.0457      8.058     0.6192 5.0640e-11  1025.3596    10.9664    25.2606     8.7619    267.072    8.93173  272.24797     98.099 0.0000e+00
   39.63874  -72.78254     22.363     22.191    10.9830    33.0365      8.058     0.6192 5.0640e-11  1025.3501    10.9803    25.2508     8.7567    266.912    8.93311  272.28969     98.025 0.0000e+00
   39.63874  -72.78254     22.331     22.159    10.9943    33.0332      8.058     0.6326 5.0640e-11  1025.3402    10.9917    25.2458     8.7576    266.937    8.93444  272.32760     98.021 0.0000e+00
   39.63874  -72.78254     22.295     22.124    10.9858    33.0329      8.058     0.6192 5.0640e-11  1025.3491    10.9832    25.2457     8.7633    267.109    8.93519  272.34968     98.076 0.0000e+00
   39.63874  -72.78254     22.261     22.090    10.9986    33.0329      8.058     0.6192 5.0640e-11  1025.3470    10.9960    25.2443     8.7640    267.131    8.93655  272.39004     98.069 0.0000e+00
   39.63874  -72.78254     22.244     22.073    11.0192    33.0332      8.058     0.6595 5.0640e-11  1025.3360    11.0166    25.2415     8.7564    266.899    8.93665  272.39297     97.983 0.0000e+00
   39.63874  -72.78254     22.219     22.049    11.0258    33.0368      8.058     0.6998 5.0640e-11  1025.3441    11.0232    25.2416     8.7584    266.961    8.93456  272.33164     98.028 0.0000e+00
   39.63874  -72.78254     22.193     22.023    11.0533    33.0409      8.053     0.7132 5.0640e-11  1025.3427    11.0506    25.2411     8.7551    266.859    8.93332  272.29288     98.005 0.0000e+00
   39.63874  -72.78254     22.180     22.009    11.0796    33.0421      8.057     0.7132 5.0640e-11  1025.3370    11.0769    25.2380     8.7577    266.938    8.93188  272.24768     98.050 0.0000e+00
   39.63874  -72.78254     22.152     21.982    11.0988    33.0441      8.057     0.6998 5.0640e-11  1025.3326    11.0962    25.2362     8.7519    266.767    8.92874  272.15596     98.020 0.0000e+00
   39.63874  -72.78254     22.129     21.959    11.1080    33.0441      8.057     0.6998 5.0640e-11  1025.3381    11.1053    25.2371     8.7481    266.653    8.92707  272.10836     97.995 0.0000e+00
   39.63874  -72.78254     22.108     21.938    11.1205    33.0441      8.057     0.7132 5.0640e-11  1025.3413    11.1178    25.2346     8.7447    266.550    8.92606  272.07873     97.968 0.0000e+00
   39.63874  -72.78254     22.091     21.922    11.1463    33.0399      8.052     0.6998 5.0640e-11  1025.3230    11.1437    25.2247     8.7485    266.668    8.92615  272.08314     98.010 0.0000e+00
   39.63876  -72.78254     22.078     21.908    11.1559    33.0278      8.057     0.6998 5.0640e-11  1025.3106    11.1533    25.2132     8.7428    266.494    8.92907  272.17183     97.914 0.0000e+00
   39.63876  -72.78254     22.061     21.892    11.1608    33.0179      8.057     0.6998 5.0640e-11  1025.3024    11.1582    25.2044     8.7438    266.523    8.93250  272.27469     97.888 0.0000e+00
   39.63876  -72.78254     22.047     21.878    11.1654    33.0147      8.057     0.6998 5.0640e-11  1025.2943    11.1627    25.1999     8.7427    266.483    8.93421  272.32209     97.856 0.0000e+00
   39.63876  -72.78254     22.031     21.862    11.1508    33.0147      8.057     0.7132 5.0640e-11  1025.2985    11.1481    25.2015     8.7419    266.450    8.92996  272.18272     97.894 0.0000e+00
   39.63876  -72.78254     22.006     21.837    11.1252    33.0147      8.057     0.6998 5.0640e-11  1025.3054    11.1225    25.2083     8.7219    265.826    8.91371  271.67248     97.848 0.0000e+00
   39.63876  -72.78254     22.001     21.832    11.1017    33.0249      8.057     0.7132 5.0640e-11  1025.3127    11.0991    25.2215     8.6844    264.682    8.88156  270.69211     97.780 0.0000e+00
   39.63876  -72.78254     21.976     21.807    11.0523    33.0402      8.057     0.6998 5.0640e-11  1025.3454    11.0497    25.2394     8.6456    263.513    8.84887  269.70745     97.703 0.0000e+00
   39.63876  -72.78254     21.959     21.791    11.0239    33.0402      8.058     0.7132 5.0640e-11  1025.3571    11.0212    25.2505     8.6219    262.811    8.82401  268.96972     97.710 0.0000e+00
   39.63876  -72.78254     21.945     21.777    11.0211    33.0402      8.058     0.6998 5.0640e-11  1025.3500    11.0184    25.2499     8.6008    262.178    8.81209  268.61939     97.602 0.0000e+00
   39.63876  -72.78254     21.929     21.760    11.0220    33.0331      8.058     0.6998 5.0640e-11  1025.3483    11.0194    25.2387     8.5903    261.863    8.80523  268.41599     97.559 0.0000e+00
   39.63876  -72.78254     21.925     21.756    11.0574    33.0090      8.057     0.7132 5.0640e-11  1025.3138    11.0548    25.2170     8.5871    261.770    8.79891  268.22809     97.592 0.0000e+00
   39.63876  -72.78254     21.899     21.730    11.0759    33.0006      8.057     0.7132 5.0640e-11  1025.2807    11.0733    25.2005     8.5801    261.567    8.79427  268.09406     97.565 0.0000e+00
   39.63876  -72.78254     21.895     21.726    11.0328    33.0006      8.058     0.7132 5.0640e-11  1025.2985    11.0302    25.2044     8.5703    261.267    8.79282  268.05041     97.469 0.0000e+00
   39.63876  -72.78254     21.878     21.710    10.9840    33.0006      8.058     0.6998 5.0640e-11  1025.3188    10.9814    25.2217     8.5710    261.284    8.79001  267.96134     97.508 0.0000e+00
   39.63876  -72.78254     21.864     21.696    10.9375    33.0168      8.058     0.6998 5.0640e-11  1025.3427    10.9349    25.2405     8.5653    261.116    8.78658  267.86186     97.482 -9.990e-29
   39.63876  -72.78254     21.868     21.700    10.9261    33.0340      8.058     0.6998 5.0640e-11  1025.3543    10.9235    25.2568     8.5662    261.142    8.78872  267.92489     97.469 -9.990e-29
   39.63876  -72.78254     21.855     21.687    10.9308    33.0526      8.058     0.7266 5.0640e-11  1025.3719    10.9282    25.2704     8.5625    261.024    8.78666  267.85828     97.448 0.0000e+00
   39.63876  -72.78254     21.837     21.669    10.9578    33.0692      8.058     0.7803 5.0640e-11  1025.3808    10.9552    25.2802     8.5612    260.986    8.78083  267.68100     97.499 -9.990e-29
   39.63876  -72.78254     21.844     21.676    10.9815    33.0775      8.058     0.7938 5.0640e-11  1025.3858    10.9789    25.2845     8.5543    260.776    8.77530  267.51413     97.481 -9.990e-29
   39.63876  -72.78254     21.827     21.659    10.9963    33.0775      8.058     0.7938 5.0640e-11  1025.3844    10.9937    25.2836     8.5504    260.658    8.77219  267.41995     97.471 0.0000e+00
   39.63876  -72.78254     21.813     21.646    11.0056    33.0775      8.058     0.7803 5.0640e-11  1025.3759    11.0030    25.2793     8.5556    260.814    8.77174  267.40418     97.535 0.0000e+00
   39.63876  -72.78254     21.797     21.629    10.9966    33.0711      8.062     0.7803 5.0640e-11  1025.3739    10.9940    25.2745     8.5459    260.520    8.76899  267.31993     97.456 -9.990e-29
   39.63876  -72.78254     21.804     21.636    10.9946    33.0638      8.058     0.7938 5.0640e-11  1025.3672    10.9920    25.2693     8.5424    260.411    8.76619  267.23303     97.447 -9.990e-29
   39.63876  -72.78254     21.776     21.609    10.9946    33.0568      8.058     0.7803 5.0640e-11  1025.3607    10.9920    25.2641     8.5421    260.402    8.76070  267.06514     97.505 0.0000e+00
   39.63872  -72.78252     21.762     21.595    10.9913    33.0508      8.058     0.7938 5.0640e-11  1025.3591    10.9887    25.2593     8.5423    260.412    8.75486  266.89014     97.573 -9.990e-29
   39.63872  -72.78252     21.776     21.609    10.9996    33.0473      8.058     0.7803 5.0640e-11  1025.3498    10.9970    25.2544     8.5452    260.501    8.75107  266.77807     97.647 -9.990e-29
   39.63872  -72.78252     21.762     21.595    11.0039    33.0473      8.058     0.7938 5.0640e-11  1025.3473    11.0013    25.2523     8.5437    260.459    8.74885  266.71289     97.655 0.0000e+00
   39.63872  -72.78252     21.746     21.579    11.0034    33.0473      8.058     0.7938 5.0640e-11  1025.3519    11.0008    25.2546     8.5503    260.660    8.74834  266.69723     97.736 -9.990e-29
   39.63872  -72.78252     21.753     21.586    11.0084    33.0544      8.062     0.7938 5.0640e-11  1025.3561    11.0058    25.2591     8.5580    260.894    8.74798  266.68704     97.828 -9.990e-29
   39.63872  -72.78252     21.736     21.569    11.0192    33.0618      8.062     0.7938 5.0640e-11  1025.3644    11.0166    25.2628     8.5605    260.971    8.74833  266.69734     97.853 -9.990e-29
   39.63872  -72.78252     21.743     21.576    11.0415    33.0618      8.058     0.7938 5.0640e-11  1025.3611    11.0389    25.2631     8.5619    261.013    8.74790  266.68407     97.873 -9.990e-29
   39.63872  -72.78252     21.725     21.558    11.0526    33.0618      8.062     0.7803 5.0640e-11  1025.3596    11.0500    25.2606     8.5671    261.173    8.74546  266.61183     97.960 -9.990e-29
   39.63872  -72.78252     21.732     21.565    11.0591    33.0615      8.057     0.7803 5.0640e-11  1025.3549    11.0565    25.2564     8.5805    261.585    8.74449  266.58486     98.124 -9.990e-29
   39.63872  -72.78252     21.705     21.538    11.0644    33.0562      8.062     0.7938 5.0640e-11  1025.3476    11.0618    25.2517     8.5846    261.711    8.74574  266.62490     98.157 0.0000e+00
   39.63872  -72.78252     21.702     21.535    11.0611    33.0513      8.062     0.7803 5.0640e-11  1025.3457    11.0585    25.2479     8.5961    262.064    8.74830  266.70449     98.260 0.0000e+00
   39.63872  -72.78252     21.685     21.519    11.0594    33.0513      8.062     0.7938 5.0640e-11  1025.3408    11.0568    25.2459     8.6109    262.517    8.75309  266.85009     98.376 0.0000e+00
   39.63872  -72.78252     21.681     21.515    11.0521    33.0513      8.062     0.7803 5.0640e-11  1025.3423    11.0495    25.2478     8.6226    262.869    8.76037  267.07025     98.427 0.0000e+00
