CalculateIndicators/WaterTemperature/Data/CTD_NYOS/202200729_C17.cnv
* Sea-Bird SBE 9 Data File:
* FileName = C:\Seabird 9 CTD\Data\2022\202207_offshore\202200729_C17.hex
* Software Version Seasave V 7.23.2
* Temperature SN = 4590
* Conductivity SN = 3228
* Number of Bytes Per Scan = 44
* Number of Voltage Words = 5
* Number of Scans Averaged by the Deck Unit = 1
* NMEA Latitude = 40 06.34 N
* NMEA Longitude = 072 35.73 W
* NMEA UTC (Time) = Dec 13 2002  01:10:48
* NMEA baud rate = 4800
** Ship: seawolf
** Station: 4.3
** Operator: TDK
# nquan = 18
# nvalues = 14766                       
# units = specified
# name 0 = latitude: Latitude [deg]
# name 1 = longitude: Longitude [deg]
# name 2 = prDM: Pressure, Digiquartz [db]
# name 3 = depSM: Depth [salt water, m]
# name 4 = t090C: Temperature [ITS-90, deg C]
# name 5 = sal00: Salinity, Practical [PSU]
# name 6 = ph: pH
# name 7 = flECO-AFL: Fluorescence, WET Labs ECO-AFL/FL [mg/m^3]
# name 8 = cpar: CPAR/Corrected Irradiance [%]
# name 9 = density00: Density [density, kg/m^3]
# name 10 = potemp090C: Potential Temperature [ITS-90, deg C]
# name 11 = sigma-é00: Density [sigma-theta, kg/m^3]
# name 12 = sbeox0Mg/L: Oxygen, SBE 43 [mg/l]
# name 13 = sbox0Mm/Kg: Oxygen, SBE 43 [umol/kg]
# name 14 = oxsolMg/L: Oxygen Saturation, Garcia & Gordon [mg/l]
# name 15 = oxsolMm/Kg: Oxygen Saturation, Garcia & Gordon [umol/kg]
# name 16 = sbeox0PS: Oxygen, SBE 43 [% saturation]
# name 17 = flag:  0.000e+00
# span 0 =   40.10566,   40.10738       
# span 1 =  -72.59558,  -72.59254       
# span 2 =      1.751,     51.950       
# span 3 =      1.738,     51.545       
# span 4 =     8.1878,    23.5123       
# span 5 =    31.2304,    33.0051       
# span 6 =      7.944,      8.204       
# span 7 =     0.0282,     1.7474       
# span 8 = 5.0640e-11, 9.9999e+04       
# span 9 =  1020.9536,  1025.8949       
# span 10 =     8.1845,    23.5118      
# span 11 =    20.9379,    25.6586      
# span 12 =     7.4209,    10.6775      
# span 13 =    226.105,    325.596      
# span 14 =    7.09795,    9.51934      
# span 15 =  217.26181,  290.05150      
# span 16 =     78.227,    123.535      
# span 17 = 0.0000e+00, 0.0000e+00      
# interval = seconds: 0.0416667
# start_time = Jul 29 2022 01:10:47 [System UTC, first data scan.]
# bad_flag = -9.990e-29
*END*
[from data line 4181]
   40.10618  -72.59462     51.439     51.038     8.3280    33.0019      7.949     0.0551 5.0640e-11  1025.8916     8.3229    25.6572     7.4430    226.780    9.48495  288.99411     78.472 -9.990e-29
   40.10618  -72.59462     51.428     51.027     8.3282    33.0020      7.944     0.0551 5.0640e-11  1025.8918     8.3231    25.6574     7.4430    226.779    9.48499  288.99539     78.472 -9.990e-29
   40.10618  -72.59462     51.428     51.027     8.3285    33.0020      7.944     0.0551 5.0640e-11  1025.8917     8.3234    25.6574     7.4429    226.777    9.48498  288.99496     78.471 -9.990e-29
   40.10618  -72.59462     51.428     51.027     8.3287    33.0020      7.944     0.0551 5.0640e-11  1025.8915     8.3236    25.6572     7.4429    226.774    9.48495  288.99413     78.470 -9.990e-29
   40.10618  -72.59462     51.418     51.017     8.3287    33.0019      7.944     0.0551 5.0640e-11  1025.8915     8.3236    25.6571     7.4428    226.772    9.48494  288.99378     78.470 -9.990e-29
   40.10618  -72.59462     51.418     51.017     8.3287    33.0019      7.949     0.0551 5.0640e-11  1025.8912     8.3236    25.6571     7.4427    226.770    9.48493  288.99329     78.469 -9.990e-29
   40.10618  -72.59462     51.397     50.997     8.3285    33.0019      7.949     0.0551 5.0640e-11  1025.8913     8.3234    25.6572     7.4497    226.981    9.48486  288.99135     78.543 -9.990e-29
   40.10618  -72.59462     51.418     51.017     8.3286    33.0019      7.949     0.0551 5.0640e-11  1025.8915     8.3234    25.6572     7.4433    226.787    9.48489  288.99225     78.475 -9.990e-29
   40.10618  -72.59462     51.408     51.008     8.3285    33.0018      7.944     0.0551 5.0640e-11  1025.8912     8.3234    25.6571     7.4432    226.785    9.48492  288.99322     78.474 -9.990e-29
   40.10618  -72.59462     51.397     50.997     8.3284    33.0018      7.944     0.0551 5.0640e-11  1025.8913     8.3232    25.6571     7.4431    226.783    9.48493  288.99352     78.473 -9.990e-29
   40.10618  -72.59462     51.397     50.997     8.3282    33.0018      7.949     0.0685 5.0640e-11  1025.8912     8.3231    25.6572     7.4432    226.784    9.48508  288.99826     78.472 -9.990e-29
   40.10618  -72.59462     51.388     50.987     8.3282    33.0020      7.944     0.0551 5.0640e-11  1025.8914     8.3231    25.6573     7.4431    226.783    9.48516  289.00070     78.471 -9.990e-29
   40.10618  -72.59462     51.376     50.976     8.3282    33.0021      7.949     0.0551 5.0640e-11  1025.8915     8.3231    25.6574     7.4432    226.784    9.48528  289.00431     78.471 -9.990e-29
   40.10618  -72.59462     51.376     50.976     8.3282    33.0021      7.949     0.0685 5.0640e-11  1025.8916     8.3231    25.6575     7.4431    226.783    9.48538  289.00739     78.470 -9.990e-29
   40.10622  -72.59458     51.376     50.976     8.3282    33.0021      7.944     0.0551 5.0640e-11  1025.8915     8.3231    25.6574     7.4501    226.996    9.48541  289.00801     78.543 -9.990e-29
   40.10622  -72.59458     51.376     50.976     8.3284    33.0018      7.949     0.0685 5.0640e-11  1025.8909     8.3233    25.6571     7.4436    226.798    9.48533  289.00557     78.475 -9.990e-29
   40.10622  -72.59458     51.367     50.966     8.3284    33.0018      7.949     0.0551 5.0640e-11  1025.8909     8.3233    25.6570     7.4434    226.791    9.48519  289.00145     78.474 -9.990e-29
   40.10622  -72.59458     51.367     50.966     8.3282    33.0018      7.944     0.0685 5.0640e-11  1025.8910     8.3231    25.6570     7.4432    226.786    9.48514  289.00000     78.473 -9.990e-29
   40.10622  -72.59458     51.357     50.957     8.3284    33.0018      7.949     0.0551 5.0640e-11  1025.8909     8.3233    25.6571     7.4430    226.779    9.48504  288.99672     78.471 -9.990e-29
   40.10622  -72.59458     51.367     50.966     8.3279    33.0019      7.949     0.0551 5.0640e-11  1025.8913     8.3227    25.6572     7.4499    226.990    9.48503  288.99657     78.544 -9.990e-29
   40.10622  -72.59458     51.357     50.957     8.3282    33.0019      7.944     0.0551 5.0640e-11  1025.8911     8.3231    25.6572     7.4433    226.789    9.48488  288.99169     78.476 -9.990e-29
   40.10622  -72.59458     51.357     50.957     8.3282    33.0020      7.949     0.0685 5.0640e-11  1025.8911     8.3231    25.6573     7.4503    226.999    9.48488  288.99184     78.549 -9.990e-29
   40.10622  -72.59458     51.346     50.946     8.3280    33.0021      7.949     0.0685 5.0640e-11  1025.8914     8.3229    25.6574     7.4429    226.776    9.48482  288.98996     78.472 -9.990e-29
   40.10622  -72.59458     51.346     50.946     8.3284    33.0023      7.944     0.0685 5.0640e-11  1025.8913     8.3233    25.6575     7.4498    226.985    9.48486  288.99113     78.544 -9.990e-29
   40.10622  -72.59458     51.346     50.946     8.3280    33.0023      7.944     0.0551 5.0640e-11  1025.8917     8.3229    25.6576     7.4440    226.809    9.48481  288.98975     78.483 -9.990e-29
   40.10622  -72.59458     51.346     50.946     8.3282    33.0023      7.944     0.0685 5.0640e-11  1025.8914     8.3231    25.6575     7.4438    226.802    9.48482  288.98996     78.481 -9.990e-29
   40.10622  -72.59458     51.346     50.946     8.3282    33.0021      7.949     0.0685 5.0640e-11  1025.8912     8.3231    25.6573     7.4436    226.797    9.48489  288.99227     78.479 -9.990e-29
   40.10622  -72.59458     51.336     50.936     8.3282    33.0020      7.944     0.0551 5.0640e-11  1025.8910     8.3231    25.6573     7.4442    226.814    9.48487  288.99177     78.485 -9.990e-29
   40.10622  -72.59458     51.336     50.936     8.3282    33.0020      7.944     0.0685 5.0640e-11  1025.8912     8.3231    25.6573     7.4440    226.809    9.48491  288.99260     78.483 -9.990e-29
   40.10622  -72.59458     51.331     50.931     8.3282    33.0020      7.949     0.0551 5.0640e-11  1025.8911     8.3231    25.6573     7.4438    226.803    9.48489  288.99212     78.481 -9.990e-29
   40.10622  -72.59458     51.346     50.946     8.3284    33.0020      7.949     0.0551 5.0640e-11  1025.8911     8.3233    25.6573     7.4437    226.798    9.48492  288.99302     78.479 -9.990e-29
   40.10622  -72.59458     51.336     50.936     8.3282    33.0020      7.944     0.0551 5.0640e-11  1025.8913     8.3231    25.6574     7.4427    226.770    9.48499  288.99512     78.469 -9.990e-29
   40.10622  -72.59458     51.325     50.925     8.3282    33.0020      7.949     0.0551 5.0640e-11  1025.8913     8.3231    25.6574     7.4424    226.761    9.48491  288.99274     78.466 -9.990e-29
   40.10622  -72.59458     51.336     50.936     8.3284    33.0020      7.944     0.0551 5.0640e-11  1025.8909     8.3233    25.6572     7.4422    226.754    9.48489  288.99228     78.464 -9.990e-29
   40.10622  -72.59458     51.336     50.936     8.3284    33.0019      7.949     0.0551 5.0640e-11  1025.8910     8.3233    25.6572     7.4420    226.747    9.48486  288.99128     78.461 -9.990e-29
   40.10622  -72.59458     51.325     50.925     8.3282    33.0019      7.949     0.0685 5.0640e-11  1025.8910     8.3231    25.6573     7.4417    226.738    9.48478  288.98892     78.459 -9.990e-29
   40.10622  -72.59458     51.336     50.936     8.3280    33.0019      7.949     0.0551 5.0640e-11  1025.8913     8.3229    25.6573     7.4415    226.732    9.48479  288.98928     78.457 -9.990e-29
   40.10622  -72.59458     51.325     50.925     8.3279    33.0016      7.944     0.0551 5.0640e-11  1025.8908     8.3227    25.6570     7.4413    226.727    9.48486  288.99129     78.455 -9.990e-29
   40.10622  -72.59458     51.336     50.936     8.3275    33.0012      7.949     0.0685 5.0640e-11  1025.8905     8.3224    25.6568     7.4481    226.934    9.48482  288.99012     78.526 -9.990e-29
   40.10622  -72.59458     51.336     50.936     8.3269    33.0012      7.949     0.0551 5.0640e-11  1025.8905     8.3218    25.6567     7.4416    226.736    9.48488  288.99172     78.458 -9.990e-29
   40.10622  -72.59458     51.336     50.936     8.3267    33.0012      7.949     0.0685 5.0640e-11  1025.8905     8.3216    25.6568     7.4414    226.729    9.48491  288.99291     78.455 -9.990e-29
   40.10622  -72.59458     51.336     50.936     8.3266    33.0013      7.949     0.0685 5.0640e-11  1025.8909     8.3214    25.6569     7.4419    226.746    9.48491  288.99299     78.461 -9.990e-29
   40.10622  -72.59458     51.346     50.946     8.3272    33.0017      7.949     0.0685 5.0640e-11  1025.8910     8.3221    25.6571     7.4417    226.740    9.48494  288.99375     78.458 -9.990e-29
   40.10622  -72.59458     51.336     50.936     8.3272    33.0019      7.944     0.0685 5.0640e-11  1025.8913     8.3221    25.6573     7.4416    226.735    9.48502  288.99605     78.456 -9.990e-29
   40.10622  -72.59458     51.336     50.936     8.3279    33.0019      7.944     0.0685 5.0640e-11  1025.8912     8.3227    25.6573     7.4413    226.728    9.48498  288.99501     78.454 -9.990e-29
   40.10622  -72.59458     51.346     50.946     8.3280    33.0019      7.944     0.0819 5.0640e-11  1025.8910     8.3229    25.6572     7.4419    226.746    9.48501  288.99572     78.460 -9.990e-29
   40.10622  -72.59458     51.346     50.946     8.3282    33.0019      7.949     0.0685 5.0640e-11  1025.8910     8.3231    25.6572     7.4417    226.739    9.48495  288.99412     78.458 -9.990e-29
   40.10622  -72.59458     51.346     50.946     8.3280    33.0019      7.949     0.0685 5.0640e-11  1025.8912     8.3229    25.6572     7.4415    226.733    9.48493  288.99336     78.456 -9.990e-29
   40.10622  -72.59458     51.346     50.946     8.3284    33.0019      7.944     0.0685 5.0640e-11  1025.8913     8.3233    25.6572     7.4484    226.943    9.48499  288.99531     78.528 -9.990e-29
   40.10622  -72.59458     51.357     50.957     8.3284    33.0020      7.949     0.0685 5.0640e-11  1025.8909     8.3233    25.6572     7.4489    226.960    9.48499  288.99519     78.534 -9.990e-29
   40.10622  -72.59458     51.346     50.946     8.3284    33.0020      7.949     0.0685 5.0640e-11  1025.8910     8.3233    25.6572     7.4495    226.976    9.48502  288.99617     78.540 -9.990e-29
   40.10622  -72.59458     51.357     50.957     8.3284    33.0021      7.944     0.0685 5.0640e-11  1025.8914     8.3233    25.6573     7.4428    226.774    9.48493  288.99352     78.470 -9.990e-29
   40.10622  -72.59458     51.357     50.957     8.3285    33.0021      7.944     0.0819 5.0640e-11  1025.8912     8.3234    25.6573     7.4425    226.763    9.48483  288.99032     78.467 -9.990e-29
   40.10622  -72.59458     51.357     50.957     8.3286    33.0021      7.944     0.0685 5.0640e-11  1025.8912     8.3234    25.6573     7.4492    226.967    9.48475  288.98768     78.539 -9.990e-29
   40.10622  -72.59458     51.367     50.966     8.3288    33.0021      7.944     0.0685 5.0640e-11  1025.8913     8.3237    25.6573     7.4496    226.981    9.48476  288.98817     78.543 -9.990e-29
   40.10622  -72.59458     51.357     50.957     8.3287    33.0021      7.949     0.0685 5.0640e-11  1025.8912     8.3236    25.6573     7.4508    227.017    9.48475  288.98805     78.556 -9.990e-29
   40.10622  -72.59458     51.357     50.957     8.3285    33.0019      7.949     0.0685 5.0640e-11  1025.8914     8.3234    25.6571     7.4443    226.817    9.48482  288.98993     78.486 -9.990e-29
   40.10622  -72.59458     51.367     50.966     8.3287    33.0016      7.944     0.0685 5.0640e-11  1025.8908     8.3236    25.6569     7.4510    227.022    9.48484  288.99071     78.557 -9.990e-29
   40.10622  -72.59458     51.367     50.966     8.3280    33.0014      7.949     0.0685 5.0640e-11  1025.8907     8.3229    25.6567     7.4514    227.034    9.48487  288.99140     78.561 -9.990e-29
   40.10622  -72.59458     51.367     50.966     8.3277    33.0013      7.944     0.0685 5.0640e-11  1025.8906     8.3226    25.6567     7.4447    226.830    9.48485  288.99086     78.490 -9.990e-29
   40.10622  -72.59458     51.367     50.966     8.3271    33.0011      7.944     0.0685 5.0640e-11  1025.8910     8.3219    25.6567     7.4443    226.817    9.48485  288.99079     78.486 -9.990e-29
   40.10622  -72.59458     51.367     50.966     8.3269    33.0011      7.944     0.0685 5.0640e-11  1025.8903     8.3218    25.6567     7.4439    226.806    9.48488  288.99170     78.482 -9.990e-29
   40.10622  -72.59458     51.367     50.966     8.3266    33.0011      7.944     0.0685 5.0640e-11  1025.8909     8.3214    25.6568     7.4506    227.009    9.48487  288.99179     78.552 -9.990e-29
   40.10622  -72.59458     51.367     50.966     8.3269    33.0014      7.949     0.0685 5.0640e-11  1025.8910     8.3218    25.6570     7.4446    226.829    9.48492  288.99318     78.489 -9.990e-29
   40.10622  -72.59458     51.367     50.966     8.3274    33.0015      7.944     0.0551 5.0640e-11  1025.8912     8.3223    25.6571     7.4442    226.816    9.48490  288.99256     78.485 -9.990e-29
   40.10622  -72.59458     51.367     50.966     8.3277    33.0017      7.944     0.0416 5.0640e-11  1025.8909     8.3226    25.6571     7.4438    226.804    9.48492  288.99319     78.481 -9.990e-29
   40.10622  -72.59458     51.376     50.976     8.3280    33.0019      7.949     0.0416 5.0640e-11  1025.8913     8.3229    25.6572     7.4434    226.792    9.48492  288.99298     78.477 -9.990e-29
   40.10622  -72.59458     51.367     50.966     8.3280    33.0022      7.949     0.0416 5.0640e-11  1025.8913     8.3229    25.6574     7.4431    226.780    9.48495  288.99389     78.472 -9.990e-29
   40.10622  -72.59458     51.357     50.957     8.3287    33.0024      7.949     0.0416 5.0640e-11  1025.8915     8.3236    25.6576     7.4435    226.792    9.48498  288.99486     78.476 -9.990e-29
   40.10622  -72.59458     51.376     50.976     8.3285    33.0026      7.949     0.0551 5.0640e-11  1025.8920     8.3234    25.6576     7.4501    226.994    9.48489  288.99223     78.547 -9.990e-29
   40.10622  -72.59458     51.367     50.966     8.3290    33.0026      7.949     0.0416 5.0640e-11  1025.8913     8.3239    25.6576     7.4441    226.812    9.48483  288.99019     78.484 -9.990e-29
   40.10622  -72.59458     51.367     50.966     8.3287    33.0026      7.944     0.0416 5.0640e-11  1025.8917     8.3236    25.6576     7.4436    226.797    9.48471  288.98644     78.480 -9.990e-29
   40.10622  -72.59458     51.376     50.976     8.3289    33.0025      7.949     0.0551 5.0640e-11  1025.8918     8.3238    25.6576     7.4440    226.807    9.48464  288.98434     78.484 -9.990e-29
   40.10622  -72.59458     51.367     50.966     8.3290    33.0023      7.944     0.0416 5.0640e-11  1025.8913     8.3239    25.6575     7.4436    226.796    9.48461  288.98330     78.481 -9.990e-29
   40.10622  -72.59458     51.376     50.976     8.3287    33.0023      7.944     0.0416 5.0640e-11  1025.8913     8.3236    25.6573     7.4431    226.783    9.48451  288.98058     78.477 -9.990e-29
   40.10622  -72.59458     51.367     50.966     8.3288    33.0023      7.949     0.0416 5.0640e-11  1025.8911     8.3237    25.6573     7.4428    226.773    9.48453  288.98108     78.473 -9.990e-29
   40.10622  -72.59458     51.367     50.966     8.3286    33.0024      7.949     0.0416 5.0640e-11  1025.8915     8.3234    25.6575     7.4495    226.978    9.48457  288.98239     78.544 -9.990e-29
   40.10622  -72.59458     51.376     50.976     8.3285    33.0025      7.944     0.0551 5.0640e-11  1025.8919     8.3234    25.6577     7.4429    226.774    9.48456  288.98211     78.474 -9.990e-29
   40.10622  -72.59458     51.376     50.976     8.3284    33.0025      7.949     0.0416 5.0640e-11  1025.8919     8.3232    25.6578     7.4425    226.764    9.48461  288.98357     78.469 -9.990e-29
   40.10622  -72.59458     51.376     50.976     8.3282    33.0025      7.944     0.0416 5.0640e-11  1025.8916     8.3231    25.6577     7.4492    226.967    9.48461  288.98349     78.540 -9.990e-29
