CalculateIndicators/WaterTemperature/Data/CTD_NYOS/202200727_C05.cnv
* Sea-Bird SBE 9 Data File:
* FileName = C:\Seabird 9 CTD\Data\2022\202207_offshore\202200727_C05.hex
* Software Version Seasave V 7.23.2
* Temperature SN = 4590
* Conductivity SN = 3228
* Number of Bytes Per Scan = 44
* Number of Voltage Words = 5
* Number of Scans Averaged by the Deck Unit = 1
* NMEA Latitude = 39 49.17 N
* NMEA Longitude = 073 11.65 W
* NMEA UTC (Time) = Dec 11 2002  06:23:58
* NMEA baud rate = 4800
** Ship: seawolf
** Station: 6.3
** Operator: TDK
# nquan = 18
# nvalues = 14261                       
# units = specified
# name 0 = latitude: Latitude [deg]
# name 1 = longitude: Longitude [deg]
# name 2 = prDM: Pressure, Digiquartz [db]
# name 3 = depSM: Depth [salt water, m]
# name 4 = t090C: Temperature [ITS-90, deg C]
# name 5 = sal00: Salinity, Practical [PSU]
# name 6 = ph: pH
# name 7 = flECO-AFL: Fluorescence, WET Labs ECO-AFL/FL [mg/m^3]
# name 8 = cpar: CPAR/Corrected Irradiance [%]
# name 9 = density00: Density [density, kg/m^3]
# name 10 = potemp090C: Potential Temperature [ITS-90, deg C]
# name 11 = sigma-é00: Density [sigma-theta, kg/m^3]
# name 12 = sbeox0Mg/L: Oxygen, SBE 43 [mg/l]
# name 13 = sbox0Mm/Kg: Oxygen, SBE 43 [umol/kg]
# name 14 = oxsolMg/L: Oxygen Saturation, Garcia & Gordon [mg/l]
# name 15 = oxsolMm/Kg: Oxygen Saturation, Garcia & Gordon [umol/kg]
# name 16 = sbeox0PS: Oxygen, SBE 43 [% saturation]
# name 17 = flag:  0.000e+00
# span 0 =   39.81916,   39.81956       
# span 1 =  -73.19420,  -73.19306       
# span 2 =      1.843,     41.841       
# span 3 =      1.829,     41.516       
# span 4 =     8.6949,    25.0538       
# span 5 =    31.2377,    32.8493       
# span 6 =      7.942,      8.154       
# span 7 =     0.0282,     2.1772       
# span 8 = 5.0640e-11, 9.9999e+04       
# span 9 =  1020.6154,  1025.6674       
# span 10 =     8.6907,    25.0532      
# span 11 =    20.5687,    25.4794      
# span 12 =     6.6592,     8.8028      
# span 13 =    203.829,    268.544      
# span 14 =    6.88687,    9.41726      
# span 15 =  210.79965,  286.98206      
# span 16 =     78.348,    110.016      
# span 17 = 0.0000e+00, 0.0000e+00      
# interval = seconds: 0.0416667
# start_time = Jul 27 2022 06:23:58 [System UTC, first data scan.]
# bad_flag = -9.990e-29
*END*
[from data line 4423]
   39.81942  -73.19388     40.718     40.403     8.7082    32.8406      7.943     0.0685 5.0640e-11  1025.6583     8.7040    25.4733     7.4621    227.402    9.41326  286.86229     79.272 -9.990e-29
   39.81942  -73.19388     40.718     40.403     8.7089    32.8401      7.943     0.0685 5.0640e-11  1025.6579     8.7047    25.4728     7.4626    227.417    9.41335  286.86469     79.277 -9.990e-29
   39.81942  -73.19388     40.688     40.373     8.7094    32.8397      7.943     0.0685 5.0640e-11  1025.6575     8.7052    25.4724     7.4630    227.429    9.41333  286.86410     79.281 -9.990e-29
   39.81942  -73.19388     40.665     40.350     8.7094    32.8395      7.943     0.0685 5.0640e-11  1025.6570     8.7052    25.4722     7.4634    227.440    9.41328  286.86239     79.285 -9.990e-29
   39.81942  -73.19388     40.637     40.322     8.7095    32.8395      7.943     0.0685 5.0640e-11  1025.6569     8.7054    25.4722     7.4637    227.450    9.41318  286.85920     79.290 -9.990e-29
   39.81942  -73.19388     40.637     40.322     8.7094    32.8395      7.943     0.0819 5.0640e-11  1025.6572     8.7052    25.4722     7.4633    227.438    9.41311  286.85709     79.286 -9.990e-29
   39.81942  -73.19388     40.602     40.288     8.7097    32.8395      7.943     0.0685 5.0640e-11  1025.6567     8.7055    25.4721     7.4636    227.448    9.41305  286.85554     79.290 -9.990e-29
   39.81942  -73.19388     40.586     40.272     8.7100    32.8395      7.943     0.0685 5.0640e-11  1025.6567     8.7059    25.4721     7.4640    227.458    9.41300  286.85413     79.294 -9.990e-29
   39.81942  -73.19388     40.576     40.262     8.7103    32.8396      7.943     0.0685 5.0640e-11  1025.6568     8.7062    25.4721     7.4636    227.447    9.41300  286.85409     79.290 -9.990e-29
   39.81942  -73.19388     40.542     40.228     8.7110    32.8396      7.943     0.0685 5.0640e-11  1025.6565     8.7068    25.4720     7.4640    227.459    9.41305  286.85566     79.294 -9.990e-29
   39.81942  -73.19388     40.535     40.221     8.7118    32.8396      7.943     0.0685 5.0640e-11  1025.6562     8.7077    25.4719     7.4635    227.446    9.41302  286.85487     79.289 -9.990e-29
   39.81942  -73.19388     40.495     40.181     8.7125    32.8396      7.943     0.0685 5.0640e-11  1025.6560     8.7083    25.4718     7.4631    227.432    9.41300  286.85393     79.285 -9.990e-29
   39.81942  -73.19388     40.514     40.200     8.7132    32.8394      7.943     0.0685 5.0640e-11  1025.6560     8.7090    25.4716     7.4626    227.417    9.41300  286.85423     79.280 -9.990e-29
   39.81942  -73.19388     40.481     40.168     8.7140    32.8391      7.943     0.0685 5.0640e-11  1025.6553     8.7098    25.4712     7.4630    227.428    9.41309  286.85713     79.283 -9.990e-29
   39.81942  -73.19388     40.463     40.150     8.7143    32.8387      7.943     0.0685 5.0640e-11  1025.6549     8.7101    25.4708     7.4625    227.413    9.41310  286.85728     79.277 -9.990e-29
   39.81942  -73.19388     40.433     40.120     8.7146    32.8384      7.943     0.0685 5.0640e-11  1025.6543     8.7105    25.4706     7.4619    227.396    9.41307  286.85647     79.272 -9.990e-29
   39.81942  -73.19388     40.430     40.117     8.7147    32.8383      7.943     0.0685 5.0640e-11  1025.6543     8.7106    25.4704     7.4621    227.401    9.41302  286.85499     79.274 -9.990e-29
   39.81942  -73.19388     40.423     40.110     8.7151    32.8382      7.943     0.0685 5.0640e-11  1025.6542     8.7109    25.4703     7.4623    227.407    9.41304  286.85556     79.276 -9.990e-29
   39.81942  -73.19388     40.402     40.090     8.7155    32.8382      7.943     0.0685 5.0640e-11  1025.6538     8.7113    25.4702     7.4625    227.415    9.41311  286.85776     79.278 -9.990e-29
   39.81942  -73.19388     40.398     40.086     8.7157    32.8382      7.943     0.0685 5.0640e-11  1025.6538     8.7116    25.4702     7.4628    227.422    9.41315  286.85908     79.280 -9.990e-29
   39.81942  -73.19388     40.382     40.069     8.7157    32.8384      7.943     0.0685 5.0640e-11  1025.6540     8.7116    25.4703     7.4630    227.430    9.41321  286.86053     79.283 -9.990e-29
   39.81942  -73.19388     40.372     40.060     8.7162    32.8384      7.943     0.0685 5.0640e-11  1025.6542     8.7121    25.4705     7.4625    227.414    9.41325  286.86198     79.277 -9.990e-29
   39.81942  -73.19388     40.368     40.055     8.7169    32.8384      7.943     0.0551 5.0640e-11  1025.6543     8.7127    25.4704     7.4628    227.422    9.41337  286.86548     79.278 -9.990e-29
   39.81942  -73.19388     40.351     40.039     8.7177    32.8383      7.943     0.0551 5.0640e-11  1025.6535     8.7136    25.4700     7.4630    227.429    9.41341  286.86680     79.280 -9.990e-29
   39.81942  -73.19388     40.351     40.039     8.7179    32.8378      7.943     0.0551 5.0640e-11  1025.6529     8.7138    25.4696     7.4632    227.436    9.41348  286.86880     79.282 -9.990e-29
   39.81942  -73.19388     40.342     40.029     8.7178    32.8375      7.943     0.0551 5.0640e-11  1025.6528     8.7137    25.4693     7.4634    227.443    9.41356  286.87135     79.284 -9.990e-29
   39.81942  -73.19388     40.338     40.025     8.7180    32.8375      7.943     0.0551 5.0640e-11  1025.6527     8.7139    25.4693     7.4630    227.428    9.41368  286.87479     79.278 -9.990e-29
   39.81942  -73.19388     40.342     40.029     8.7178    32.8375      7.943     0.0685 5.0640e-11  1025.6529     8.7137    25.4693     7.4631    227.433    9.41374  286.87670     79.279 -9.990e-29
   39.81942  -73.19388     40.331     40.018     8.7180    32.8375      7.943     0.0685 5.0640e-11  1025.6526     8.7139    25.4693     7.4634    227.442    9.41389  286.88139     79.281 -9.990e-29
   39.81942  -73.19388     40.338     40.025     8.7175    32.8376      7.943     0.0685 5.0640e-11  1025.6529     8.7134    25.4694     7.4636    227.448    9.41399  286.88439     79.282 -9.990e-29
   39.81942  -73.19388     40.331     40.018     8.7174    32.8377      7.943     0.0551 5.0640e-11  1025.6529     8.7132    25.4696     7.4639    227.455    9.41410  286.88734     79.284 -9.990e-29
   39.81942  -73.19388     40.342     40.029     8.7170    32.8377      7.943     0.0551 5.0640e-11  1025.6534     8.7128    25.4698     7.4640    227.460    9.41410  286.88728     79.285 -9.990e-29
   39.81942  -73.19388     40.338     40.025     8.7171    32.8377      7.943     0.0551 5.0640e-11  1025.6533     8.7129    25.4697     7.4642    227.466    9.41419  286.89025     79.287 -9.990e-29
   39.81942  -73.19388     40.342     40.029     8.7172    32.8377      7.943     0.0551 5.0640e-11  1025.6529     8.7131    25.4695     7.4644    227.473    9.41432  286.89415     79.288 -9.990e-29
   39.81942  -73.19388     40.342     40.029     8.7172    32.8375      7.943     0.0685 5.0640e-11  1025.6529     8.7131    25.4694     7.4639    227.458    9.41446  286.89833     79.282 -9.990e-29
   39.81942  -73.19388     40.358     40.046     8.7171    32.8375      7.943     0.0551 5.0640e-11  1025.6530     8.7129    25.4694     7.4642    227.464    9.41459  286.90224     79.283 -9.990e-29
   39.81942  -73.19388     40.362     40.050     8.7169    32.8375      7.943     0.0685 5.0640e-11  1025.6528     8.7127    25.4695     7.4566    227.236    9.41472  286.90630     79.202 -9.990e-29
   39.81942  -73.19388     40.362     40.050     8.7165    32.8377      7.943     0.0685 5.0640e-11  1025.6535     8.7123    25.4697     7.4632    227.434    9.41494  286.91336     79.269 -9.990e-29
   39.81942  -73.19388     40.389     40.076     8.7165    32.8377      7.943     0.0685 5.0640e-11  1025.6536     8.7124    25.4698     7.4635    227.445    9.41523  286.92221     79.271 -9.990e-29
   39.81942  -73.19388     40.393     40.080     8.7167    32.8378      7.943     0.0685 5.0640e-11  1025.6534     8.7126    25.4697     7.4639    227.455    9.41549  286.92994     79.272 -9.990e-29
   39.81942  -73.19388     40.402     40.090     8.7165    32.8378      7.943     0.0685 5.0640e-11  1025.6531     8.7124    25.4696     7.4572    227.251    9.41572  286.93642     79.199 -9.990e-29
   39.81942  -73.19388     40.419     40.106     8.7167    32.8377      7.943     0.0685 5.0640e-11  1025.6536     8.7126    25.4697     7.4629    227.424    9.41579  286.93835     79.259 -9.990e-29
   39.81942  -73.19388     40.423     40.110     8.7164    32.8376      7.943     0.0685 5.0640e-11  1025.6540     8.7123    25.4698     7.4630    227.428    9.41584  286.93956     79.260 -9.990e-29
   39.81942  -73.19388     40.444     40.131     8.7168    32.8376      7.943     0.0685 5.0640e-11  1025.6534     8.7126    25.4695     7.4559    227.213    9.41563  286.93298     79.187 -9.990e-29
   39.81942  -73.19388     40.460     40.147     8.7164    32.8372      7.943     0.0685 5.0640e-11  1025.6532     8.7123    25.4692     7.4620    227.399    9.41533  286.92386     79.254 -9.990e-29
   39.81942  -73.19388     40.474     40.161     8.7162    32.8372      7.943     0.0551 5.0640e-11  1025.6529     8.7121    25.4692     7.4550    227.184    9.41510  286.91667     79.181 -9.990e-29
   39.81942  -73.19388     40.495     40.181     8.7156    32.8372      7.943     0.0551 5.0640e-11  1025.6536     8.7114    25.4694     7.4541    227.158    9.41482  286.90839     79.174 -9.990e-29
   39.81942  -73.19388     40.514     40.200     8.7152    32.8376      7.943     0.0416 5.0640e-11  1025.6542     8.7111    25.4698     7.4534    227.137    9.41464  286.90327     79.168 -9.990e-29
   39.81942  -73.19388     40.532     40.218     8.7152    32.8378      7.943     0.0551 5.0640e-11  1025.6541     8.7111    25.4700     7.4521    227.096    9.41461  286.90251     79.155 -9.990e-29
   39.81942  -73.19388     40.546     40.232     8.7146    32.8382      7.943     0.0551 5.0640e-11  1025.6548     8.7105    25.4704     7.4585    227.291    9.41454  286.90060     79.223 -9.990e-29
   39.81942  -73.19388     40.576     40.262     8.7146    32.8387      7.943     0.0551 5.0640e-11  1025.6553     8.7104    25.4708     7.4587    227.298    9.41457  286.90135     79.225 -9.990e-29
   39.81942  -73.19388     40.583     40.269     8.7147    32.8391      7.943     0.0416 5.0640e-11  1025.6556     8.7106    25.4711     7.4519    227.092    9.41454  286.90053     79.153 -9.990e-29
   39.81942  -73.19388     40.616     40.302     8.7151    32.8391      7.943     0.0416 5.0640e-11  1025.6562     8.7109    25.4713     7.4514    227.075    9.41451  286.89942     79.148 -9.990e-29
   39.81942  -73.19388     40.627     40.313     8.7154    32.8391      7.943     0.0551 5.0640e-11  1025.6562     8.7112    25.4712     7.4579    227.272    9.41444  286.89751     79.217 -9.990e-29
   39.81942  -73.19388     40.647     40.332     8.7159    32.8391      7.943     0.0416 5.0640e-11  1025.6556     8.7117    25.4708     7.4511    227.066    9.41440  286.89612     79.146 -9.990e-29
   39.81942  -73.19388     40.665     40.350     8.7162    32.8387      7.943     0.0551 5.0640e-11  1025.6553     8.7121    25.4705     7.4575    227.262    9.41427  286.89215     79.215 -9.990e-29
   39.81942  -73.19388     40.698     40.382     8.7163    32.8385      7.943     0.0551 5.0640e-11  1025.6554     8.7121    25.4703     7.4578    227.271    9.41427  286.89228     79.218 -9.990e-29
   39.81942  -73.19388     40.698     40.382     8.7160    32.8383      7.943     0.0416 5.0640e-11  1025.6554     8.7119    25.4702     7.4582    227.284    9.41440  286.89639     79.222 -9.990e-29
   39.81942  -73.19388     40.725     40.410     8.7162    32.8383      7.943     0.0551 5.0640e-11  1025.6553     8.7121    25.4702     7.4516    227.081    9.41442  286.89669     79.151 -9.990e-29
   39.81942  -73.19388     40.749     40.433     8.7162    32.8383      7.943     0.0551 5.0640e-11  1025.6558     8.7120    25.4702     7.4581    227.280    9.41441  286.89621     79.220 -9.990e-29
   39.81942  -73.19388     40.769     40.454     8.7164    32.8381      7.943     0.0551 5.0640e-11  1025.6553     8.7122    25.4700     7.4515    227.077    9.41437  286.89525     79.150 -9.990e-29
   39.81942  -73.19388     40.790     40.474     8.7160    32.8378      7.943     0.0416 5.0640e-11  1025.6553     8.7119    25.4699     7.4510    227.062    9.41423  286.89086     79.146 -9.990e-29
   39.81942  -73.19388     40.807     40.491     8.7159    32.8378      7.943     0.0551 5.0640e-11  1025.6555     8.7118    25.4699     7.4506    227.050    9.41417  286.88935     79.142 -9.990e-29
   39.81942  -73.19388     40.820     40.504     8.7160    32.8378      7.943     0.0551 5.0640e-11  1025.6557     8.7119    25.4698     7.4502    227.039    9.41412  286.88784     79.138 -9.990e-29
   39.81942  -73.19388     40.841     40.525     8.7164    32.8376      7.943     0.0551 5.0640e-11  1025.6554     8.7122    25.4697     7.4499    227.030    9.41414  286.88851     79.135 -9.990e-29
   39.81942  -73.19388     40.871     40.555     8.7164    32.8374      7.943     0.0551 5.0640e-11  1025.6553     8.7122    25.4695     7.4497    227.025    9.41421  286.89062     79.133 -9.990e-29
   39.81942  -73.19388     40.878     40.562     8.7160    32.8374      7.943     0.0551 5.0640e-11  1025.6554     8.7119    25.4695     7.4496    227.019    9.41427  286.89240     79.130 -9.990e-29
   39.81942  -73.19388     40.892     40.575     8.7159    32.8374      7.943     0.0551 5.0640e-11  1025.6553     8.7117    25.4696     7.4495    227.017    9.41440  286.89635     79.128 -9.990e-29
   39.81942  -73.19388     40.922     40.606     8.7155    32.8376      7.943     0.0551 5.0640e-11  1025.6560     8.7113    25.4697     7.4563    227.225    9.41444  286.89750     79.201 -9.990e-29
   39.81942  -73.19388     40.932     40.615     8.7152    32.8376      7.943     0.0416 5.0640e-11  1025.6561     8.7111    25.4699     7.4499    227.031    9.41446  286.89824     79.133 -9.990e-29
   39.81942  -73.19388     40.939     40.622     8.7147    32.8376      7.943     0.0416 5.0640e-11  1025.6561     8.7106    25.4699     7.4498    227.027    9.41446  286.89817     79.132 -9.990e-29
   39.81942  -73.19388     40.964     40.647     8.7146    32.8376      7.943     0.0416 5.0640e-11  1025.6561     8.7104    25.4700     7.4497    227.023    9.41445  286.89760     79.130 -9.990e-29
   39.81942  -73.19388     40.983     40.666     8.7141    32.8376      7.943     0.0416 5.0640e-11  1025.6567     8.7099    25.4700     7.4496    227.021    9.41443  286.89717     79.130 -9.990e-29
   39.81942  -73.19388     40.994     40.677     8.7140    32.8375      7.943     0.0551 5.0640e-11  1025.6561     8.7098    25.4699     7.4495    227.019    9.41439  286.89594     79.129 -9.990e-29
   39.81942  -73.19388     41.011     40.693     8.7133    32.8374      7.943     0.0551 5.0640e-11  1025.6566     8.7091    25.4699     7.4495    227.018    9.41437  286.89538     79.129 -9.990e-29
   39.81942  -73.19388     41.004     40.686     8.7131    32.8374      7.943     0.0416 5.0640e-11  1025.6563     8.7089    25.4699     7.4495    227.019    9.41440  286.89620     79.129 -9.990e-29
   39.81942  -73.19388     41.034     40.716     8.7125    32.8374      7.943     0.0416 5.0640e-11  1025.6563     8.7083    25.4699     7.4566    227.233    9.41441  286.89680     79.204 -9.990e-29
   39.81942  -73.19388     41.034     40.716     8.7118    32.8375      7.943     0.0551 5.0640e-11  1025.6568     8.7076    25.4703     7.4504    227.045    9.41442  286.89686     79.138 -9.990e-29
   39.81942  -73.19388     41.052     40.734     8.7111    32.8380      7.943     0.0416 5.0640e-11  1025.6576     8.7069    25.4707     7.4505    227.048    9.41444  286.89726     79.139 -9.990e-29
