CalculateIndicators/WaterTemperature/Data/CTD_NYOS/20220928_C02.cnv
* Sea-Bird SBE 9 Data File:
* FileName = C:\Seabird 9 CTD\Data\2022\202209_offshore\20220928_C02.hex
* Software Version Seasave V 7.23.2
* Temperature SN = 4590
* Conductivity SN = 3228
* Number of Bytes Per Scan = 44
* Number of Voltage Words = 5
* Number of Scans Averaged by the Deck Unit = 1
* NMEA Latitude = 40 26.91 N
* NMEA Longitude = 073 46.13 W
* NMEA UTC (Time) = Feb 12 2003  08:54:39
* NMEA baud rate = 4800
** Ship: seawolf
** Station: 7.1
** Operator: tcm
# nquan = 18
# nvalues = 10106                       
# units = specified
# name 0 = latitude: Latitude [deg]
# name 1 = longitude: Longitude [deg]
# name 2 = prDM: Pressure, Digiquartz [db]
# name 3 = depSM: Depth [salt water, m]
# name 4 = t090C: Temperature [ITS-90, deg C]
# name 5 = sal00: Salinity, Practical [PSU]
# name 6 = ph: pH
# name 7 = flECO-AFL: Fluorescence, WET Labs ECO-AFL/FL [mg/m^3]
# name 8 = cpar: CPAR/Corrected Irradiance [%]
# name 9 = density00: Density [density, kg/m^3]
# name 10 = potemp090C: Potential Temperature [ITS-90, deg C]
# name 11 = sigma-é00: Density [sigma-theta, kg/m^3]
# name 12 = sbeox0Mg/L: Oxygen, SBE 43 [mg/l]
# name 13 = sbox0Mm/Kg: Oxygen, SBE 43 [umol/kg]
# name 14 = oxsolMg/L: Oxygen Saturation, Garcia & Gordon [mg/l]
# name 15 = oxsolMm/Kg: Oxygen Saturation, Garcia & Gordon [umol/kg]
# name 16 = sbeox0PS: Oxygen, SBE 43 [% saturation]
# name 17 = flag:  0.000e+00
# span 0 =   40.44804,   40.44854       
# span 1 =  -73.76890,  -73.76674       
# span 2 =      1.289,     23.899       
# span 3 =      1.279,     23.714       
# span 4 =    12.7990,    20.4344       
# span 5 =    32.2996,    33.5156       
# span 6 =      6.858,      8.159       
# span 7 =     0.1357,     1.1833       
# span 8 = 5.0640e-11, 9.9999e+04       
# span 9 =  1022.6924,  1025.3498       
# span 10 =    12.7959,    20.4320      
# span 11 =    22.6698,    25.2711      
# span 12 =     4.6663,     6.9448      
# span 13 =    142.320,    212.210      
# span 14 =    7.44188,    8.58880      
# span 15 =  227.37298,  261.79798      
# span 16 =     55.405,     92.787      
# span 17 = 0.0000e+00, 0.0000e+00      
# interval = seconds: 0.0416667
# start_time = Sep 28 2022 08:54:42 [System UTC, first data scan.]
# bad_flag = -9.990e-29
*END*
[from data line 7960]
   40.44814  -73.76720      2.440      2.421    20.0536    32.3143 -9.990e-29     1.0087 5.0640e-11  1022.7113    20.0532    22.7007     6.9281    211.700    7.50615  229.36369     92.299 -9.990e-29
   40.44814  -73.76720      2.440      2.421    20.0542    32.3143 -9.990e-29     1.0087 5.0640e-11  1022.7110    20.0538    22.7005     6.9279    211.696    7.50609  229.36222     92.298 -9.990e-29
   40.44814  -73.76720      2.421      2.402    20.0546    32.3143 -9.990e-29     1.0087 5.0640e-11  1022.7111    20.0541    22.7005     6.9279    211.694    7.50613  229.36332     92.296 -9.990e-29
   40.44814  -73.76716      2.410      2.391    20.0548    32.3142 -9.990e-29     1.0087 5.0640e-11  1022.7108    20.0543    22.7003     6.9281    211.700    7.50608  229.36194     92.299 -9.990e-29
   40.44814  -73.76716      2.410      2.391    20.0552    32.3141 -9.990e-29     1.0087 5.0640e-11  1022.7105    20.0548    22.7002     6.9283    211.706    7.50607  229.36143     92.303 -9.990e-29
   40.44814  -73.76716      2.389      2.371    20.0553    32.3141 -9.990e-29     1.0087 5.0640e-11  1022.7106    20.0548    22.7001     6.9281    211.701    7.50602  229.35992     92.301 -9.990e-29
   40.44814  -73.76716      2.389      2.371    20.0560    32.3141 -9.990e-29     1.0087 5.0640e-11  1022.7103    20.0555    22.6999     6.9279    211.695    7.50596  229.35805     92.299 -9.990e-29
   40.44814  -73.76716      2.380      2.361    20.0562    32.3139 -9.990e-29     1.0087 5.0640e-11  1022.7100    20.0557    22.6997     6.9278    211.691    7.50598  229.35880     92.297 -9.990e-29
   40.44814  -73.76716      2.359      2.341    20.0562    32.3139 -9.990e-29     1.0087 5.0640e-11  1022.7099    20.0558    22.6997     6.9276    211.687    7.50597  229.35855     92.295 -9.990e-29
   40.44814  -73.76716      2.349      2.331    20.0567    32.3138 -9.990e-29     1.0221 5.0640e-11  1022.7098    20.0563    22.6996     6.9275    211.681    7.50597  229.35838     92.293 -9.990e-29
   40.44814  -73.76716      2.329      2.311    20.0567    32.3137 -9.990e-29     1.0087 5.0640e-11  1022.7095    20.0563    22.6994     6.9221    211.517    7.50596  229.35811     92.221 -9.990e-29
   40.44814  -73.76716      2.341      2.323    20.0567    32.3137 -9.990e-29     1.0087 5.0640e-11  1022.7095    20.0563    22.6994     6.9216    211.501    7.50595  229.35785     92.214 -9.990e-29
   40.44814  -73.76716      2.319      2.301    20.0567    32.3137 -9.990e-29     0.9952 5.0640e-11  1022.7094    20.0563    22.6995     6.9211    211.486    7.50599  229.35912     92.207 -9.990e-29
   40.44814  -73.76716      2.299      2.281    20.0564    32.3138 -9.990e-29     0.9684 5.0640e-11  1022.7096    20.0560    22.6995     6.9206    211.470    7.50600  229.35943     92.200 -9.990e-29
   40.44814  -73.76716      2.299      2.281    20.0565    32.3139 -9.990e-29     0.9684 5.0640e-11  1022.7095    20.0561    22.6996     6.9200    211.453    7.50598  229.35876     92.193 -9.990e-29
   40.44814  -73.76716      2.289      2.271    20.0565    32.3139 -9.990e-29     0.9684 5.0640e-11  1022.7096    20.0561    22.6996     6.9195    211.438    7.50599  229.35917     92.186 -9.990e-29
   40.44814  -73.76716      2.268      2.251    20.0568    32.3139 -9.990e-29     0.9684 5.0640e-11  1022.7093    20.0564    22.6996     6.9190    211.422    7.50601  229.35977     92.179 -9.990e-29
   40.44814  -73.76716      2.259      2.241    20.0568    32.3139 -9.990e-29     0.9818 5.0640e-11  1022.7094    20.0564    22.6996     6.9185    211.406    7.50601  229.35986     92.172 -9.990e-29
   40.44814  -73.76716      2.259      2.241    20.0568    32.3138 -9.990e-29     0.9684 5.0640e-11  1022.7093    20.0564    22.6995     6.9180    211.392    7.50606  229.36137     92.165 -9.990e-29
   40.44814  -73.76716      2.248      2.230    20.0568    32.3137 -9.990e-29     0.9684 5.0640e-11  1022.7091    20.0564    22.6994     6.9175    211.375    7.50606  229.36152     92.158 -9.990e-29
   40.44814  -73.76716      2.228      2.211    20.0568    32.3137 -9.990e-29     0.9684 5.0640e-11  1022.7091    20.0564    22.6994     6.9169    211.360    7.50608  229.36193     92.151 -9.990e-29
   40.44814  -73.76716      2.228      2.211    20.0568    32.3137 -9.990e-29     0.9684 5.0640e-11  1022.7092    20.0564    22.6994     6.9164    211.342    7.50605  229.36100     92.144 -9.990e-29
   40.44814  -73.76716      2.228      2.211    20.0570    32.3136 -9.990e-29     0.9818 5.0640e-11  1022.7088    20.0566    22.6993     6.9107    211.170    7.50608  229.36196     92.068 -9.990e-29
   40.44814  -73.76716      2.208      2.191    20.0568    32.3136 -9.990e-29     0.9684 5.0640e-11  1022.7088    20.0564    22.6992     6.9150    211.300    7.50604  229.36070     92.126 -9.990e-29
   40.44814  -73.76716      2.209      2.192    20.0568    32.3136 -9.990e-29     0.9684 5.0640e-11  1022.7088    20.0564    22.6992     6.9145    211.285    7.50607  229.36169     92.119 -9.990e-29
   40.44814  -73.76716      2.197      2.180    20.0568    32.3136 -9.990e-29     0.9684 5.0640e-11  1022.7088    20.0564    22.6993     6.9088    211.112    7.50607  229.36167     92.043 -9.990e-29
   40.44814  -73.76716      2.197      2.180    20.0568    32.3136 -9.990e-29     0.9684 5.0640e-11  1022.7090    20.0564    22.6994     6.9132    211.245    7.50613  229.36345     92.101 -9.990e-29
   40.44814  -73.76718      2.197      2.180    20.0568    32.3136 -9.990e-29     0.9684 5.0640e-11  1022.7090    20.0564    22.6994     6.9075    211.072    7.50612  229.36348     92.025 -9.990e-29
   40.44814  -73.76718      2.197      2.180    20.0568    32.3137 -9.990e-29     0.9684 5.0640e-11  1022.7087    20.0564    22.6993     6.9067    211.046    7.50610  229.36270     92.014 -9.990e-29
   40.44814  -73.76718      2.187      2.170    20.0568    32.3137 -9.990e-29     0.9684 5.0640e-11  1022.7086    20.0564    22.6993     6.9110    211.179    7.50611  229.36291     92.072 -9.990e-29
   40.44814  -73.76718      2.187      2.170    20.0568    32.3136 -9.990e-29     0.9684 5.0640e-11  1022.7090    20.0564    22.6994     6.9106    211.165    7.50611  229.36291     92.066 -9.990e-29
   40.44814  -73.76718      2.197      2.180    20.0570    32.3136 -9.990e-29     0.9684 5.0640e-11  1022.7090    20.0566    22.6994     6.9104    211.161    7.50609  229.36235     92.064 -9.990e-29
   40.44814  -73.76718      2.187      2.170    20.0568    32.3136 -9.990e-29     0.9684 5.0640e-11  1022.7088    20.0564    22.6993     6.9103    211.157    7.50609  229.36243     92.063 -9.990e-29
   40.44814  -73.76718      2.187      2.170    20.0568    32.3135 -9.990e-29     0.9818 5.0640e-11  1022.7088    20.0564    22.6992     6.9102    211.153    7.50607  229.36174     92.061 -9.990e-29
   40.44814  -73.76718      2.197      2.180    20.0567    32.3135 -9.990e-29     0.9684 5.0640e-11  1022.7086    20.0563    22.6992     6.9101    211.151    7.50607  229.36174     92.060 -9.990e-29
   40.44814  -73.76718      2.197      2.180    20.0563    32.3135 -9.990e-29     0.9684 5.0640e-11  1022.7087    20.0559    22.6992     6.9100    211.148    7.50608  229.36210     92.059 -9.990e-29
   40.44814  -73.76718      2.197      2.180    20.0563    32.3136 -9.990e-29     0.9818 5.0640e-11  1022.7091    20.0559    22.6994     6.9100    211.147    7.50610  229.36246     92.058 -9.990e-29
   40.44814  -73.76718      2.208      2.191    20.0566    32.3137 -9.990e-29     0.9684 5.0640e-11  1022.7091    20.0562    22.6995     6.9099    211.145    7.50606  229.36131     92.058 -9.990e-29
   40.44814  -73.76718      2.208      2.191    20.0563    32.3137 -9.990e-29     0.9684 5.0640e-11  1022.7091    20.0559    22.6995     6.9102    211.155    7.50608  229.36190     92.062 -9.990e-29
   40.44814  -73.76718      2.209      2.192    20.0563    32.3137 -9.990e-29     0.9684 5.0640e-11  1022.7092    20.0559    22.6995     6.9106    211.165    7.50608  229.36178     92.066 -9.990e-29
   40.44814  -73.76718      2.217      2.200    20.0563    32.3137      7.209     0.9684 5.0640e-11  1022.7093    20.0559    22.6995     6.9161    211.335    7.50610  229.36262     92.140 -9.990e-29
   40.44814  -73.76718      2.228      2.211    20.0564    32.3134      7.209     0.9684 5.0640e-11  1022.7089    20.0560    22.6994     6.9168    211.356    7.50608  229.36198     92.150 -9.990e-29
   40.44814  -73.76718      2.238      2.221    20.0560    32.3130      7.209     0.9818 5.0640e-11  1022.7089    20.0556    22.6992     6.9176    211.379    7.50608  229.36189     92.160 -9.990e-29
   40.44814  -73.76718      2.238      2.221    20.0558    32.3130      7.209     0.9684 5.0640e-11  1022.7085    20.0554    22.6989     6.9183    211.402    7.50610  229.36246     92.169 -9.990e-29
   40.44814  -73.76718      2.248      2.230    20.0553    32.3130      7.209     0.9684 5.0640e-11  1022.7085    20.0549    22.6989     6.9191    211.426    7.50609  229.36241     92.180 -9.990e-29
   40.44814  -73.76718      2.259      2.241    20.0548    32.3130      7.214     0.9684 5.0640e-11  1022.7089    20.0544    22.6993     6.9199    211.450    7.50611  229.36288     92.190 -9.990e-29
   40.44814  -73.76718      2.278      2.260    20.0546    32.3138      7.209     0.9818 5.0640e-11  1022.7100    20.0542    22.7000     6.9207    211.474    7.50611  229.36288     92.201 -9.990e-29
   40.44814  -73.76718      2.278      2.260    20.0549    32.3140      7.209     0.9684 5.0640e-11  1022.7106    20.0545    22.7004     6.9215    211.499    7.50611  229.36289     92.212 -9.990e-29
   40.44814  -73.76718      2.289      2.271    20.0556    32.3140      7.209     0.9684 5.0640e-11  1022.7104    20.0552    22.7003     6.9168    211.355    7.50609  229.36224     92.149 -9.990e-29
   40.44814  -73.76718      2.298      2.281    20.0562    32.3140      7.209     0.9684 5.0640e-11  1022.7098    20.0558    22.6999     6.9221    211.518    7.50610  229.36276     92.220 -9.990e-29
   40.44814  -73.76718      2.319      2.301    20.0562    32.3140      7.214     0.9684 5.0640e-11  1022.7093    20.0558    22.6996     6.9175    211.376    7.50610  229.36263     92.158 -9.990e-29
   40.44812  -73.76716      2.329      2.311    20.0563    32.3140      7.214     0.9684 5.0640e-11  1022.7097    20.0559    22.6996     6.9228    211.538    7.50607  229.36167     92.229 -9.990e-29
   40.44812  -73.76716      2.341      2.323    20.0563    32.3142      7.209     0.9684 5.0640e-11  1022.7101    20.0559    22.6999     6.9182    211.397    7.50612  229.36307     92.167 -9.990e-29
   40.44812  -73.76716      2.349      2.331    20.0565    32.3142      7.214     0.9684 5.0640e-11  1022.7105    20.0561    22.7000     6.9183    211.402    7.50610  229.36252     92.170 -9.990e-29
   40.44812  -73.76716      2.359      2.341    20.0571    32.3142      7.209     0.9684 5.0640e-11  1022.7100    20.0567    22.6999     6.9186    211.409    7.50612  229.36326     92.172 -9.990e-29
   40.44812  -73.76716      2.359      2.341    20.0570    32.3141      7.214     0.9684 5.0640e-11  1022.7098    20.0566    22.6997     6.9188    211.416    7.50613  229.36336     92.175 -9.990e-29
   40.44812  -73.76716      2.379      2.361    20.0570    32.3141      7.209     0.9684 5.0640e-11  1022.7100    20.0566    22.6997     6.9191    211.424    7.50615  229.36409     92.178 -9.990e-29
   40.44812  -73.76716      2.389      2.371    20.0570    32.3141      7.209     0.9684 5.0640e-11  1022.7101    20.0566    22.6996     6.9193    211.433    7.50620  229.36575     92.182 -9.990e-29
   40.44812  -73.76716      2.379      2.361    20.0573    32.3139      7.209     0.9684 5.0640e-11  1022.7097    20.0568    22.6995     6.9196    211.442    7.50622  229.36609     92.185 -9.990e-29
   40.44812  -73.76716      2.400      2.382    20.0574    32.3137      7.214     0.9684 5.0640e-11  1022.7096    20.0570    22.6992     6.9196    211.440    7.50622  229.36612     92.184 -9.990e-29
   40.44812  -73.76716      2.389      2.371    20.0572    32.3137      7.214     0.9818 5.0640e-11  1022.7094    20.0568    22.6991     6.9195    211.437    7.50618  229.36509     92.183 -9.990e-29
   40.44812  -73.76716      2.400      2.382    20.0570    32.3137      7.209     0.9952 5.0640e-11  1022.7097    20.0566    22.6992     6.9142    211.277    7.50620  229.36562     92.114 -9.990e-29
   40.44812  -73.76716      2.400      2.382    20.0571    32.3136      7.209     0.9952 5.0640e-11  1022.7098    20.0567    22.6993     6.9138    211.265    7.50620  229.36554     92.108 -9.990e-29
   40.44812  -73.76716      2.401      2.383    20.0570    32.3136      7.209     1.0087 5.0640e-11  1022.7098    20.0566    22.6993     6.9135    211.254    7.50621  229.36605     92.104 -9.990e-29
   40.44812  -73.76716      2.400      2.382    20.0570    32.3135      7.209     1.0087 5.0640e-11  1022.7095    20.0566    22.6992     6.9183    211.401    7.50623  229.36663     92.167 -9.990e-29
   40.44812  -73.76716      2.400      2.382    20.0570    32.3133      7.214     0.9952 5.0640e-11  1022.7094    20.0566    22.6990     6.9183    211.401    7.50625  229.36731     92.167 -9.990e-29
   40.44812  -73.76716      2.410      2.391    20.0568    32.3133      7.209     0.9952 5.0640e-11  1022.7094    20.0563    22.6990     6.9132    211.244    7.50631  229.36889     92.098 -9.990e-29
   40.44812  -73.76716      2.400      2.382    20.0567    32.3133      7.214     0.9952 5.0640e-11  1022.7094    20.0563    22.6991     6.9128    211.232    7.50628  229.36795     92.093 -9.990e-29
   40.44812  -73.76716      2.400      2.382    20.0565    32.3133      7.209     0.9952 5.0640e-11  1022.7097    20.0561    22.6992     6.9124    211.222    7.50628  229.36807     92.089 -9.990e-29
   40.44812  -73.76716      2.389      2.371    20.0567    32.3133      7.214     0.9952 5.0640e-11  1022.7097    20.0563    22.6992     6.9121    211.213    7.50630  229.36872     92.085 -9.990e-29
   40.44812  -73.76716      2.400      2.382    20.0566    32.3133      7.209     0.9952 5.0640e-11  1022.7095    20.0561    22.6991     6.9118    211.204    7.50632  229.36911     92.080 -9.990e-29
   40.44812  -73.76716      2.389      2.371    20.0568    32.3132      7.214     0.9952 5.0640e-11  1022.7094    20.0564    22.6991     6.9112    211.183    7.50628  229.36806     92.072 -9.990e-29
   40.44812  -73.76716      2.389      2.371    20.0567    32.3132      7.214     0.9952 5.0640e-11  1022.7093    20.0563    22.6991     6.9109    211.174    7.50627  229.36783     92.068 -9.990e-29
   40.44812  -73.76716      2.389      2.371    20.0565    32.3132      7.209     0.9952 5.0640e-11  1022.7098    20.0561    22.6991     6.9106    211.165    7.50627  229.36760     92.064 -9.990e-29
   40.44812  -73.76716      2.381      2.362    20.0564    32.3129      7.214     0.9952 5.0640e-11  1022.7090    20.0560    22.6989     6.9099    211.145    7.50624  229.36667     92.056 -9.990e-29
   40.44814  -73.76718      2.379      2.361    20.0565    32.3129      7.214     0.9952 5.0640e-11  1022.7088    20.0561    22.6987     6.9097    211.138    7.50628  229.36799     92.052 -9.990e-29
   40.44814  -73.76718      2.379      2.361    20.0565    32.3129      7.209     0.9952 5.0640e-11  1022.7092    20.0561    22.6989     6.9091    211.119    7.50625  229.36703     92.044 -9.990e-29
   40.44814  -73.76718      2.370      2.352    20.0563    32.3132      7.214     0.9952 5.0640e-11  1022.7094    20.0559    22.6991     6.9085    211.101    7.50626  229.36753     92.036 -9.990e-29
   40.44814  -73.76718      2.370      2.352    20.0562    32.3133      7.214     0.9952 5.0640e-11  1022.7097    20.0558    22.6992     6.9082    211.092    7.50623  229.36656     92.033 -9.990e-29
   40.44814  -73.76718      2.370      2.352    20.0565    32.3133      7.214     0.9952 5.0640e-11  1022.7094    20.0561    22.6992     6.9079    211.084    7.50622  229.36626     92.029 -9.990e-29
