CalculateIndicators/WaterTemperature/Data/CTD_NYOS/202200728_C11.cnv
* Sea-Bird SBE 9 Data File:
* FileName = C:\Seabird 9 CTD\Data\2022\202207_offshore\202200728_C11.hex
* Software Version Seasave V 7.23.2
* Temperature SN = 4590
* Conductivity SN = 3228
* Number of Bytes Per Scan = 44
* Number of Voltage Words = 5
* Number of Scans Averaged by the Deck Unit = 1
* NMEA Latitude = 39 38.35 N
* NMEA Longitude = 072 46.96 W
* NMEA UTC (Time) = Dec 12 2002  05:48:38
* NMEA baud rate = 4800
** Ship: seawolf
** Station: 5.4
** Operator: TDK
# nquan = 18
# nvalues = 16011                       
# units = specified
# name 0 = latitude: Latitude [deg]
# name 1 = longitude: Longitude [deg]
# name 2 = prDM: Pressure, Digiquartz [db]
# name 3 = depSM: Depth [salt water, m]
# name 4 = t090C: Temperature [ITS-90, deg C]
# name 5 = sal00: Salinity, Practical [PSU]
# name 6 = ph: pH
# name 7 = flECO-AFL: Fluorescence, WET Labs ECO-AFL/FL [mg/m^3]
# name 8 = cpar: CPAR/Corrected Irradiance [%]
# name 9 = density00: Density [density, kg/m^3]
# name 10 = potemp090C: Potential Temperature [ITS-90, deg C]
# name 11 = sigma-é00: Density [sigma-theta, kg/m^3]
# name 12 = sbeox0Mg/L: Oxygen, SBE 43 [mg/l]
# name 13 = sbox0Mm/Kg: Oxygen, SBE 43 [umol/kg]
# name 14 = oxsolMg/L: Oxygen Saturation, Garcia & Gordon [mg/l]
# name 15 = oxsolMm/Kg: Oxygen Saturation, Garcia & Gordon [umol/kg]
# name 16 = sbeox0PS: Oxygen, SBE 43 [% saturation]
# name 17 = flag:  0.000e+00
# span 0 =   39.63834,   39.63930       
# span 1 =  -72.78276,  -72.78252       
# span 2 =      1.321,     63.122       
# span 3 =      1.311,     62.631       
# span 4 =     9.2845,    24.9251       
# span 5 =    31.4033,    34.0014       
# span 6 =      7.991,      8.225       
# span 7 =    -0.0524,     2.0832       
# span 8 = 5.0640e-11, 9.9999e+04       
# span 9 =  1020.7207,  1026.3386       
# span 10 =     9.2802,    24.9243      
# span 11 =    20.7138,    26.0570      
# span 12 =     6.8988,     9.3875      
# span 13 =    210.117,    286.358      
# span 14 =    6.91661,    9.27157      
# span 15 =  211.75932,  282.48394      
# span 16 =     77.033,    118.381      
# span 17 = 0.0000e+00, 0.0000e+00      
# interval = seconds: 0.0416667
# start_time = Jul 28 2022 05:48:38 [System UTC, first data scan.]
# bad_flag = -9.990e-29
*END*
[from data line 644]
   39.63918  -72.78276      7.234      7.178    24.5677    31.5230      8.198     0.2700 5.0640e-11  1020.8761    24.5662    20.8451     7.3948    226.364    6.96823  213.30716    106.121 0.0000e+00
   39.63918  -72.78276      7.245      7.189    24.5659    31.5234      8.198     0.2700 5.0640e-11  1020.8768    24.5644    20.8459     7.3951    226.374    6.96827  213.30810    106.125 0.0000e+00
   39.63918  -72.78276      7.264      7.208    24.5645    31.5239      8.198     0.2700 5.0640e-11  1020.8779    24.5629    20.8468     7.3955    226.385    6.96835  213.31068    106.129 0.0000e+00
   39.63918  -72.78276      7.284      7.229    24.5628    31.5245      8.198     0.2700 5.0640e-11  1020.8790    24.5613    20.8476     7.3959    226.399    6.96848  213.31456    106.134 0.0000e+00
   39.63918  -72.78276      7.308      7.252    24.5620    31.5245      8.198     0.2700 5.0640e-11  1020.8796    24.5604    20.8481     7.3963    226.411    6.96857  213.31734    106.138 0.0000e+00
   39.63918  -72.78276      7.335      7.279    24.5616    31.5245      8.198     0.2700 5.0640e-11  1020.8794    24.5600    20.8484     7.4014    226.567    6.96863  213.31904    106.210 0.0000e+00
   39.63918  -72.78276      7.345      7.289    24.5598    31.5246      8.198     0.2700 5.0640e-11  1020.8801    24.5583    20.8486     7.3973    226.440    6.96862  213.31863    106.151 0.0000e+00
   39.63918  -72.78276      7.366      7.309    24.5592    31.5246      8.198     0.2700 5.0640e-11  1020.8802    24.5576    20.8489     7.3974    226.444    6.96870  213.32127    106.152 0.0000e+00
   39.63918  -72.78276      7.386      7.330    24.5582    31.5245      8.203     0.2700 5.0640e-11  1020.8807    24.5566    20.8492     7.3978    226.458    6.96880  213.32410    106.157 0.0000e+00
   39.63918  -72.78276      7.430      7.373    24.5574    31.5245      8.203     0.2700 5.0640e-11  1020.8816    24.5558    20.8495     7.3980    226.462    6.96887  213.32614    106.158 0.0000e+00
   39.63918  -72.78276      7.437      7.380    24.5575    31.5243      8.203     0.2700 5.0640e-11  1020.8813    24.5559    20.8493     7.3934    226.322    6.96891  213.32738    106.091 0.0000e+00
   39.63918  -72.78276      7.467      7.410    24.5559    31.5232      8.203     0.2700 5.0640e-11  1020.8807    24.5544    20.8490     7.3979    226.460    6.96889  213.32664    106.156 0.0000e+00
   39.63918  -72.78276      7.498      7.440    24.5531    31.5232      8.203     0.2700 5.0640e-11  1020.8805    24.5515    20.8493     7.3979    226.458    6.96876  213.32277    106.157 0.0000e+00
   39.63918  -72.78276      7.518      7.461    24.5490    31.5232      8.203     0.2700 5.0640e-11  1020.8823    24.5475    20.8505     7.3932    226.314    6.96869  213.32067    106.091 0.0000e+00
   39.63918  -72.78276      7.551      7.493    24.5457    31.5246      8.203     0.2700 5.0640e-11  1020.8847    24.5441    20.8527     7.3978    226.456    6.96878  213.32358    106.156 0.0000e+00
   39.63918  -72.78276      7.579      7.521    24.5438    31.5267      8.203     0.2700 5.0640e-11  1020.8883    24.5422    20.8547     7.3932    226.317    6.96884  213.32509    106.090 0.0000e+00
   39.63918  -72.78276      7.609      7.551    24.5459    31.5267      8.203     0.2700 5.0640e-11  1020.8884    24.5443    20.8553     7.3931    226.312    6.96884  213.32510    106.088 0.0000e+00
   39.63918  -72.78276      7.639      7.581    24.5469    31.5267      8.203     0.2700 5.0640e-11  1020.8875    24.5453    20.8546     7.3880    226.158    6.96888  213.32653    106.015 0.0000e+00
   39.63918  -72.78276      7.669      7.611    24.5462    31.5251      8.203     0.2700 5.0640e-11  1020.8860    24.5446    20.8535     7.3875    226.141    6.96899  213.32962    106.006 0.0000e+00
   39.63918  -72.78276      7.700      7.641    24.5426    31.5246      8.203     0.2700 5.0640e-11  1020.8849    24.5410    20.8533     7.3869    226.123    6.96901  213.33017    105.997 0.0000e+00
   39.63918  -72.78276      7.734      7.675    24.5356    31.5246      8.203     0.2700 5.0640e-11  1020.8871    24.5340    20.8548     7.3865    226.110    6.96896  213.32868    105.991 0.0000e+00
   39.63918  -72.78276      7.760      7.701    24.5293    31.5246      8.203     0.2700 5.0640e-11  1020.8911    24.5276    20.8574     7.3859    226.092    6.96895  213.32842    105.983 0.0000e+00
   39.63918  -72.78276      7.781      7.721    24.5264    31.5261      8.203     0.2834 5.0640e-11  1020.8935    24.5248    20.8596     7.3854    226.076    6.96901  213.33017    105.975 0.0000e+00
   39.63918  -72.78276      7.832      7.772    24.5246    31.5261      8.203     0.2834 5.0640e-11  1020.8947    24.5229    20.8607     7.3852    226.069    6.96910  213.33270    105.970 0.0000e+00
   39.63918  -72.78276      7.852      7.792    24.5233    31.5261      8.203     0.2834 5.0640e-11  1020.8945    24.5217    20.8609     7.3849    226.061    6.96912  213.33357    105.966 0.0000e+00
   39.63918  -72.78276      7.873      7.813    24.5216    31.5263      8.203     0.2834 5.0640e-11  1020.8938    24.5199    20.8610     7.3846    226.051    6.96909  213.33245    105.962 0.0000e+00
   39.63918  -72.78276      7.915      7.855    24.5177    31.5263      8.203     0.2834 5.0640e-11  1020.8956    24.5161    20.8622     7.3797    225.901    6.96912  213.33358    105.891 0.0000e+00
   39.63918  -72.78276      7.943      7.882    24.5134    31.5270      8.203     0.2834 5.0640e-11  1020.8981    24.5117    20.8642     7.3794    225.894    6.96936  213.34118    105.884 0.0000e+00
   39.63918  -72.78276      7.973      7.912    24.5101    31.5280      8.203     0.2834 5.0640e-11  1020.9010    24.5084    20.8658     7.3787    225.872    6.96934  213.34035    105.874 0.0000e+00
   39.63918  -72.78276      8.003      7.942    24.5089    31.5282      8.203     0.2834 5.0640e-11  1020.9004    24.5072    20.8666     7.3829    225.998    6.96920  213.33598    105.935 0.0000e+00
   39.63918  -72.78276      8.034      7.972    24.5067    31.5282      8.203     0.2834 5.0640e-11  1020.9015    24.5051    20.8673     7.3781    225.852    6.96926  213.33768    105.866 0.0000e+00
   39.63918  -72.78276      8.065      8.004    24.5039    31.5287      8.203     0.2834 5.0640e-11  1020.9029    24.5022    20.8684     7.3779    225.845    6.96940  213.34187    105.861 0.0000e+00
   39.63918  -72.78276      8.095      8.034    24.5006    31.5293      8.203     0.2834 5.0640e-11  1020.9044    24.4989    20.8698     7.3777    225.840    6.96954  213.34615    105.856 0.0000e+00
   39.63918  -72.78276      8.126      8.064    24.4977    31.5304      8.203     0.2834 5.0640e-11  1020.9057    24.4960    20.8714     7.3775    225.834    6.96963  213.34861    105.852 0.0000e+00
   39.63918  -72.78276      8.159      8.096    24.4956    31.5319      8.203     0.2834 5.0640e-11  1020.9088    24.4939    20.8730     7.3774    225.830    6.96975  213.35226    105.848 0.0000e+00
   39.63918  -72.78276      8.177      8.114    24.4970    31.5319      8.203     0.2834 5.0640e-11  1020.9091    24.4953    20.8734     7.3772    225.824    6.96980  213.35371    105.845 0.0000e+00
   39.63918  -72.78276      8.216      8.154    24.4979    31.5319      8.203     0.2834 5.0640e-11  1020.9074    24.4962    20.8728     7.3722    225.672    6.96976  213.35235    105.774 0.0000e+00
   39.63918  -72.78276      8.247      8.184    24.4965    31.5310      8.203     0.2834 5.0640e-11  1020.9076    24.4947    20.8724     7.3718    225.658    6.96972  213.35102    105.768 0.0000e+00
   39.63918  -72.78276      8.267      8.204    24.4954    31.5301      8.203     0.2834 5.0640e-11  1020.9074    24.4937    20.8722     7.3713    225.643    6.96962  213.34796    105.763 0.0000e+00
   39.63918  -72.78276      8.307      8.244    24.4932    31.5294      8.203     0.2834 5.0640e-11  1020.9073    24.4915    20.8722     7.3708    225.630    6.96954  213.34561    105.758 0.0000e+00
   39.63918  -72.78276      8.328      8.264    24.4894    31.5294      8.203     0.2834 5.0640e-11  1020.9082    24.4877    20.8729     7.3658    225.475    6.96949  213.34413    105.686 0.0000e+00
   39.63918  -72.78276      8.348      8.285    24.4864    31.5294      8.203     0.2834 5.0640e-11  1020.9095    24.4846    20.8740     7.3654    225.463    6.96957  213.34658    105.679 0.0000e+00
   39.63918  -72.78276      8.388      8.324    24.4843    31.5304      8.203     0.2834 5.0640e-11  1020.9116    24.4825    20.8753     7.3652    225.456    6.96975  213.35203    105.673 0.0000e+00
   39.63918  -72.78276      8.419      8.354    24.4839    31.5313      8.203     0.2834 5.0640e-11  1020.9126    24.4821    20.8762     7.3649    225.448    6.96987  213.35545    105.668 0.0000e+00
   39.63918  -72.78276      8.434      8.369    24.4839    31.5316      8.203     0.2834 5.0640e-11  1020.9127    24.4821    20.8766     7.3600    225.299    6.97001  213.35972    105.596 0.0000e+00
   39.63918  -72.78276      8.450      8.385    24.4832    31.5316      8.203     0.2834 5.0640e-11  1020.9130    24.4814    20.8769     7.3596    225.285    6.97007  213.36130    105.588 0.0000e+00
   39.63918  -72.78276      8.480      8.415    24.4828    31.5316      8.203     0.3237 5.0640e-11  1020.9134    24.4810    20.8769     7.3591    225.270    6.97006  213.36077    105.582 0.0000e+00
   39.63928  -72.78274      8.511      8.446    24.4828    31.5314      8.203     0.3505 5.0640e-11  1020.9130    24.4810    20.8768     7.3539    225.112    6.97001  213.35923    105.509 0.0000e+00
   39.63928  -72.78274      8.531      8.466    24.4823    31.5313      8.203     0.3505 5.0640e-11  1020.9131    24.4805    20.8768     7.3534    225.096    6.97003  213.35989    105.500 0.0000e+00
   39.63928  -72.78274      8.550      8.485    24.4819    31.5313      8.203     0.3505 5.0640e-11  1020.9136    24.4801    20.8770     7.3530    225.082    6.97009  213.36157    105.493 0.0000e+00
   39.63928  -72.78274      8.571      8.506    24.4814    31.5313      8.203     0.3505 5.0640e-11  1020.9136    24.4796    20.8771     7.3528    225.077    6.97031  213.36834    105.488 0.0000e+00
   39.63928  -72.78274      8.601      8.536    24.4803    31.5313      8.203     0.3505 5.0640e-11  1020.9140    24.4785    20.8774     7.3526    225.071    6.97043  213.37142    105.483 0.0000e+00
   39.63928  -72.78274      8.611      8.545    24.4792    31.5317      8.203     0.3505 5.0640e-11  1020.9150    24.4774    20.8780     7.3477    224.919    6.97047  213.37248    105.411 0.0000e+00
   39.63928  -72.78274      8.643      8.576    24.4787    31.5317      8.203     0.3505 5.0640e-11  1020.9154    24.4768    20.8783     7.3473    224.908    6.97055  213.37456    105.405 0.0000e+00
   39.63928  -72.78274      8.662      8.596    24.4788    31.5317      8.203     0.3505 5.0640e-11  1020.9153    24.4770    20.8784     7.3471    224.903    6.97046  213.37196    105.404 -9.990e-29
   39.63928  -72.78274      8.662      8.596    24.4782    31.5318      8.203     0.3505 5.0640e-11  1020.9154    24.4764    20.8784     7.3469    224.894    6.97047  213.37231    105.400 -9.990e-29
   39.63928  -72.78274      8.703      8.636    24.4776    31.5318      8.203     0.3505 5.0640e-11  1020.9154    24.4758    20.8784     7.3469    224.895    6.97066  213.37763    105.398 0.0000e+00
   39.63928  -72.78274      8.713      8.646    24.4768    31.5318      8.203     0.3505 5.0640e-11  1020.9160    24.4750    20.8788     7.3471    224.899    6.97087  213.38370    105.397 0.0000e+00
   39.63928  -72.78274      8.733      8.667    24.4763    31.5324      8.203     0.3505 5.0640e-11  1020.9166    24.4745    20.8793     7.3473    224.907    6.97111  213.39067    105.397 0.0000e+00
   39.63928  -72.78274      8.754      8.687    24.4761    31.5324      8.203     0.3505 5.0640e-11  1020.9175    24.4743    20.8797     7.3428    224.767    6.97140  213.39882    105.327 0.0000e+00
   39.63928  -72.78274      8.773      8.706    24.4772    31.5324      8.203     0.3505 5.0640e-11  1020.9173    24.4754    20.8795     7.3478    224.919    6.97171  213.40753    105.394 0.0000e+00
   39.63928  -72.78274      8.805      8.737    24.4783    31.5322      8.203     0.3505 5.0640e-11  1020.9161    24.4764    20.8789     7.3437    224.793    6.97203  213.41656    105.331 0.0000e+00
   39.63928  -72.78274      8.808      8.740    24.4777    31.5322      8.203     0.3505 5.0640e-11  1020.9159    24.4758    20.8788     7.3438    224.797    6.97232  213.42504    105.328 0.0000e+00
   39.63928  -72.78274      8.814      8.747    24.4768    31.5322      8.203     0.3505 5.0640e-11  1020.9170    24.4750    20.8791     7.3491    224.958    6.97267  213.43548    105.399 0.0000e+00
   39.63928  -72.78274      8.845      8.777    24.4768    31.5324      8.203     0.3505 5.0640e-11  1020.9171    24.4750    20.8793     7.3450    224.832    6.97296  213.44433    105.335 0.0000e+00
   39.63928  -72.78274      8.865      8.797    24.4765    31.5324      8.203     0.3505 5.0640e-11  1020.9173    24.4746    20.8795     7.3455    224.847    6.97331  213.45484    105.337 0.0000e+00
   39.63928  -72.78274      8.875      8.807    24.4756    31.5326      8.203     0.3505 5.0640e-11  1020.9177    24.4737    20.8798     7.3456    224.850    6.97351  213.46001    105.336 0.0000e+00
   39.63928  -72.78274      8.896      8.827    24.4752    31.5329      8.203     0.3505 5.0640e-11  1020.9183    24.4733    20.8801     7.3459    224.858    6.97379  213.46782    105.336 0.0000e+00
   39.63928  -72.78274      8.916      8.848    24.4756    31.5331      8.203     0.3505 5.0640e-11  1020.9183    24.4737    20.8802     7.3464    224.874    6.97421  213.48000    105.337 0.0000e+00
   39.63928  -72.78274      8.946      8.878    24.4758    31.5331      8.203     0.3505 5.0640e-11  1020.9182    24.4739    20.8802     7.3471    224.894    6.97469  213.49407    105.339 0.0000e+00
   39.63928  -72.78274      8.956      8.888    24.4751    31.5333      8.203     0.3640 5.0640e-11  1020.9187    24.4733    20.8805     7.3478    224.913    6.97510  213.50578    105.343 0.0000e+00
   39.63918  -72.78276      8.977      8.908    24.4743    31.5333      8.203     0.3774 5.0640e-11  1020.9193    24.4724    20.8807     7.3485    224.936    6.97553  213.51816    105.347 0.0000e+00
   39.63918  -72.78276      8.997      8.928    24.4741    31.5333      8.203     0.3774 5.0640e-11  1020.9193    24.4723    20.8807     7.3447    224.816    6.97595  213.53032    105.285 0.0000e+00
   39.63918  -72.78276      9.017      8.948    24.4745    31.5333      8.203     0.3774 5.0640e-11  1020.9192    24.4726    20.8806     7.3454    224.837    6.97642  213.54402    105.288 0.0000e+00
   39.63918  -72.78276      9.037      8.968    24.4741    31.5327      8.203     0.3774 5.0640e-11  1020.9195    24.4722    20.8803     7.3464    224.867    6.97705  213.56267    105.293 -9.990e-29
   39.63918  -72.78276      9.037      8.968    24.4731    31.5327      8.203     0.3774 5.0640e-11  1020.9178    24.4712    20.8800     7.3474    224.897    6.97785  213.58655    105.295 -9.990e-29
   39.63918  -72.78276      9.067      8.998    24.4727    31.5327      8.203     0.3774 5.0640e-11  1020.9192    24.4708    20.8803     7.3488    224.941    6.97899  213.62025    105.299 0.0000e+00
   39.63918  -72.78276      9.088      9.018    24.4734    31.5331      8.203     0.3774 5.0640e-11  1020.9200    24.4715    20.8809     7.3504    224.987    6.98016  213.65456    105.304 0.0000e+00
   39.63918  -72.78276      9.109      9.039    24.4730    31.5334      8.203     0.3774 5.0640e-11  1020.9202    24.4711    20.8812     7.3472    224.889    6.98100  213.67891    105.246 0.0000e+00
