CalculateIndicators/WaterTemperature/Data/CTD_NYOS/202200728_C14.cnv
* Sea-Bird SBE 9 Data File:
* FileName = C:\Seabird 9 CTD\Data\2022\202207_offshore\202200728_C14.hex
* Software Version Seasave V 7.23.2
* Temperature SN = 4590
* Conductivity SN = 3228
* Number of Bytes Per Scan = 44
* Number of Voltage Words = 5
* Number of Scans Averaged by the Deck Unit = 1
* NMEA Latitude = 40 34.99 N
* NMEA Longitude = 073 07.59 W
* NMEA UTC (Time) = Dec 12 2002  16:08:56
* NMEA baud rate = 4800
** Ship: seawolf
** Station: 5.1
** Operator: TCM
# nquan = 18
# nvalues = 7827                        
# units = specified
# name 0 = latitude: Latitude [deg]
# name 1 = longitude: Longitude [deg]
# name 2 = prDM: Pressure, Digiquartz [db]
# name 3 = depSM: Depth [salt water, m]
# name 4 = t090C: Temperature [ITS-90, deg C]
# name 5 = sal00: Salinity, Practical [PSU]
# name 6 = ph: pH
# name 7 = flECO-AFL: Fluorescence, WET Labs ECO-AFL/FL [mg/m^3]
# name 8 = cpar: CPAR/Corrected Irradiance [%]
# name 9 = density00: Density [density, kg/m^3]
# name 10 = potemp090C: Potential Temperature [ITS-90, deg C]
# name 11 = sigma-é00: Density [sigma-theta, kg/m^3]
# name 12 = sbeox0Mg/L: Oxygen, SBE 43 [mg/l]
# name 13 = sbox0Mm/Kg: Oxygen, SBE 43 [umol/kg]
# name 14 = oxsolMg/L: Oxygen Saturation, Garcia & Gordon [mg/l]
# name 15 = oxsolMm/Kg: Oxygen Saturation, Garcia & Gordon [umol/kg]
# name 16 = sbeox0PS: Oxygen, SBE 43 [% saturation]
# name 17 = flag:  0.000e+00
# span 0 =   40.58316,   40.58368       
# span 1 =  -73.12660,  -73.12630       
# span 2 =      1.705,     18.687       
# span 3 =      1.692,     18.542       
# span 4 =    13.9428,    22.2599       
# span 5 =    31.4806,    32.3482       
# span 6 =      7.984,      8.173       
# span 7 =     0.4446,     2.1369       
# span 8 = 1.0287e+00, 7.1635e+01       
# span 9 =  1021.4918,  1024.2285       
# span 10 =    13.9402,    22.2595      
# span 11 =    21.5082,    24.1436      
# span 12 =     7.3784,     8.6966      
# span 13 =    225.234,    265.655      
# span 14 =    7.24333,    8.44825      
# span 15 =  221.58205,  257.78958      
# span 16 =     87.985,    114.084      
# span 17 = 0.0000e+00, 0.0000e+00      
# interval = seconds: 0.0416667
# start_time = Jul 28 2022 16:08:55 [System UTC, first data scan.]
# bad_flag = -9.990e-29
*END*
[from data line 1126]
   40.58326  -73.12654     16.718     16.589    14.2048    32.3244      8.004     1.1430 1.6152e+00  1024.1526    14.2025    24.0782     7.5037    228.980    8.40842  256.58786     89.240 -9.990e-29
   40.58326  -73.12654     16.728     16.598    14.2047    32.3244      8.004     1.1430 1.6107e+00  1024.1520    14.2023    24.0785     7.5047    229.009    8.40908  256.60795     89.245 0.0000e+00
   40.58326  -73.12654     16.749     16.619    14.2038    32.3257      8.004     1.1430 1.6084e+00  1024.1537    14.2014    24.0795     7.4991    228.840    8.40968  256.62606     89.173 0.0000e+00
   40.58326  -73.12654     16.758     16.628    14.2038    32.3257      8.004     1.1430 1.5993e+00  1024.1561    14.2014    24.0804     7.5051    229.021    8.41015  256.63996     89.238 0.0000e+00
   40.58326  -73.12654     16.768     16.638    14.2070    32.3257      8.004     1.1295 1.5948e+00  1024.1548    14.2046    24.0800     7.5002    228.872    8.41066  256.65552     89.175 0.0000e+00
   40.58326  -73.12654     16.800     16.669    14.2091    32.3254      8.004     1.1295 1.5948e+00  1024.1530    14.2067    24.0784     7.5063    229.059    8.41114  256.66958     89.243 -9.990e-29
   40.58326  -73.12654     16.800     16.669    14.2108    32.3236      7.999     1.1295 1.5858e+00  1024.1509    14.2084    24.0768     7.5068    229.073    8.41136  256.67626     89.246 -9.990e-29
   40.58326  -73.12654     16.809     16.679    14.2108    32.3223      7.999     1.1295 1.5814e+00  1024.1497    14.2084    24.0757     7.5015    228.910    8.41163  256.68424     89.180 0.0000e+00
   40.58326  -73.12654     16.830     16.699    14.2094    32.3223      7.999     1.1295 1.5814e+00  1024.1500    14.2070    24.0756     7.5078    229.103    8.41203  256.69642     89.251 0.0000e+00
   40.58326  -73.12654     16.839     16.709    14.2077    32.3223      7.999     1.1295 1.5725e+00  1024.1506    14.2053    24.0760     7.5028    228.951    8.41248  256.71018     89.186 0.0000e+00
   40.58326  -73.12654     16.849     16.718    14.2063    32.3224      7.999     1.1295 1.5658e+00  1024.1516    14.2039    24.0765     7.5035    228.973    8.41306  256.72801     89.189 0.0000e+00
   40.58326  -73.12654     16.870     16.739    14.2057    32.3226      7.999     1.1295 1.5658e+00  1024.1516    14.2033    24.0769     7.5045    229.002    8.41378  256.74996     89.193 0.0000e+00
   40.58326  -73.12654     16.881     16.750    14.2045    32.3228      7.999     1.1295 1.5614e+00  1024.1521    14.2021    24.0773     7.5050    229.018    8.41450  256.77141     89.191 0.0000e+00
   40.58326  -73.12654     16.900     16.769    14.2036    32.3233      7.999     1.1295 1.5526e+00  1024.1529    14.2012    24.0778     7.5114    229.213    8.41500  256.78653     89.262 -9.990e-29
   40.58326  -73.12654     16.900     16.769    14.2033    32.3239      7.999     1.1295 1.5526e+00  1024.1531    14.2009    24.0783     7.5064    229.060    8.41552  256.80233     89.197 -9.990e-29
   40.58326  -73.12654     16.921     16.789    14.2031    32.3240      7.999     1.1295 1.5526e+00  1024.1543    14.2007    24.0789     7.5075    229.094    8.41604  256.81799     89.205 0.0000e+00
   40.58326  -73.12654     16.941     16.810    14.2035    32.3240      7.999     1.1295 1.5439e+00  1024.1545    14.2011    24.0789     7.5024    228.938    8.41678  256.84056     89.136 0.0000e+00
   40.58326  -73.12654     16.951     16.819    14.2044    32.3240      8.004     1.1295 1.5395e+00  1024.1533    14.2020    24.0783     7.5031    228.958    8.41770  256.86878     89.134 0.0000e+00
   40.58326  -73.12654     16.981     16.849    14.2040    32.3232      7.999     1.1295 1.5395e+00  1024.1531    14.2016    24.0777     7.5032    228.963    8.41855  256.89397     89.128 0.0000e+00
   40.58326  -73.12654     16.992     16.860    14.2038    32.3226      7.999     1.1295 1.5308e+00  1024.1522    14.2014    24.0773     7.5097    229.161    8.41910  256.91031     89.199 0.0000e+00
   40.58326  -73.12654     17.002     16.870    14.2023    32.3226      7.999     1.1295 1.5265e+00  1024.1528    14.1999    24.0773     7.5047    229.008    8.41953  256.92329     89.135 0.0000e+00
   40.58326  -73.12656     17.022     16.890    14.2012    32.3226      7.999     1.1295 1.5243e+00  1024.1531    14.1988    24.0778     7.5046    229.004    8.41981  256.93143     89.130 0.0000e+00
   40.58326  -73.12656     17.032     16.900    14.1998    32.3230      7.999     1.1295 1.5115e+00  1024.1539    14.1973    24.0784     7.5047    229.006    8.42017  256.94215     89.127 0.0000e+00
   40.58326  -73.12656     17.062     16.930    14.1992    32.3230      7.999     1.1295 1.5072e+00  1024.1549    14.1968    24.0788     7.5049    229.012    8.42059  256.95526     89.125 0.0000e+00
   40.58326  -73.12656     17.083     16.950    14.1996    32.3230      7.999     1.1295 1.5072e+00  1024.1549    14.1972    24.0788     7.5058    229.040    8.42113  256.97160     89.130 0.0000e+00
   40.58326  -73.12656     17.093     16.960    14.1994    32.3229      7.999     1.1295 1.4945e+00  1024.1544    14.1970    24.0785     7.5064    229.058    8.42178  256.99123     89.131 0.0000e+00
   40.58326  -73.12656     17.113     16.980    14.1980    32.3228      7.999     1.1295 1.4861e+00  1024.1539    14.1956    24.0784     7.5072    229.082    8.42254  257.01444     89.132 0.0000e+00
   40.58326  -73.12656     17.134     17.001    14.1965    32.3228      7.999     1.1295 1.4861e+00  1024.1546    14.1941    24.0787     7.5081    229.111    8.42337  257.03972     89.135 0.0000e+00
   40.58326  -73.12656     17.154     17.021    14.1952    32.3228      7.999     1.0893 1.4777e+00  1024.1554    14.1928    24.0791     7.5092    229.144    8.42426  257.06649     89.138 0.0000e+00
   40.58326  -73.12656     17.174     17.041    14.1945    32.3230      7.999     1.0624 1.4694e+00  1024.1559    14.1921    24.0795     7.5044    228.996    8.42512  257.09253     89.071 0.0000e+00
   40.58326  -73.12656     17.205     17.072    14.1937    32.3230      7.999     1.0624 1.4694e+00  1024.1561    14.1912    24.0796     7.5051    229.017    8.42592  257.11682     89.071 0.0000e+00
   40.58326  -73.12656     17.215     17.082    14.1926    32.3230      7.999     1.0624 1.4611e+00  1024.1560    14.1902    24.0799     7.5058    229.038    8.42663  257.13787     89.072 0.0000e+00
   40.58326  -73.12656     17.245     17.112    14.1918    32.3234      7.999     1.0624 1.4529e+00  1024.1568    14.1893    24.0803     7.5065    229.061    8.42728  257.15732     89.074 0.0000e+00
   40.58326  -73.12656     17.266     17.132    14.1911    32.3240      7.999     1.0624 1.4488e+00  1024.1578    14.1887    24.0808     7.5133    229.268    8.42787  257.17488     89.149 0.0000e+00
   40.58326  -73.12656     17.287     17.153    14.1921    32.3240      7.999     1.0624 1.4407e+00  1024.1578    14.1897    24.0810     7.5082    229.111    8.42846  257.19276     89.081 0.0000e+00
   40.58326  -73.12656     17.317     17.183    14.1928    32.3240      7.999     1.0624 1.4265e+00  1024.1581    14.1903    24.0809     7.5086    229.124    8.42904  257.21027     89.080 0.0000e+00
   40.58326  -73.12656     17.336     17.202    14.1935    32.3235      7.999     1.0624 1.4225e+00  1024.1575    14.1910    24.0802     7.5096    229.153    8.42954  257.22501     89.087 0.0000e+00
   40.58326  -73.12656     17.368     17.233    14.1933    32.3225      7.999     1.0624 1.4185e+00  1024.1557    14.1909    24.0794     7.5102    229.172    8.43011  257.24236     89.088 0.0000e+00
   40.58326  -73.12656     17.398     17.263    14.1908    32.3225      7.999     1.0624 1.4025e+00  1024.1558    14.1883    24.0793     7.5109    229.192    8.43066  257.25876     89.090 0.0000e+00
   40.58326  -73.12656     17.428     17.293    14.1889    32.3225      7.999     1.0624 1.3986e+00  1024.1577    14.1865    24.0801     7.5116    229.212    8.43114  257.27330     89.093 0.0000e+00
   40.58326  -73.12656     17.438     17.303    14.1884    32.3232      7.999     1.0624 1.3946e+00  1024.1587    14.1859    24.0808     7.5123    229.234    8.43156  257.28572     89.097 0.0000e+00
   40.58326  -73.12656     17.479     17.344    14.1889    32.3232      7.999     1.0624 1.3790e+00  1024.1587    14.1864    24.0811     7.5131    229.258    8.43197  257.29789     89.102 0.0000e+00
   40.58326  -73.12656     17.500     17.364    14.1889    32.3232      7.999     1.0624 1.3712e+00  1024.1587    14.1864    24.0809     7.5139    229.284    8.43238  257.31044     89.108 0.0000e+00
   40.58326  -73.12656     17.540     17.404    14.1887    32.3225      7.999     1.0624 1.3673e+00  1024.1582    14.1862    24.0805     7.5088    229.127    8.43270  257.31988     89.044 0.0000e+00
   40.58326  -73.12656     17.560     17.424    14.1876    32.3218      7.999     1.0624 1.3558e+00  1024.1578    14.1851    24.0802     7.5093    229.141    8.43300  257.32851     89.046 0.0000e+00
   40.58326  -73.12654     17.591     17.454    14.1854    32.3214      7.999     1.0624 1.3482e+00  1024.1583    14.1829    24.0802     7.5093    229.141    8.43324  257.33538     89.044 0.0000e+00
   40.58326  -73.12654     17.611     17.475    14.1833    32.3211      7.999     1.0624 1.3482e+00  1024.1584    14.1808    24.0804     7.5092    229.137    8.43320  257.33367     89.043 0.0000e+00
   40.58326  -73.12654     17.642     17.505    14.1810    32.3207      7.999     1.0624 1.3330e+00  1024.1589    14.1785    24.0806     7.5137    229.274    8.43189  257.29318     89.110 0.0000e+00
   40.58326  -73.12654     17.672     17.535    14.1779    32.3206      7.999     1.0624 1.3255e+00  1024.1592    14.1754    24.0810     7.5055    229.024    8.42922  257.21138     89.041 0.0000e+00
   40.58326  -73.12654     17.712     17.574    14.1740    32.3206      7.999     1.0624 1.3218e+00  1024.1601    14.1715    24.0817     7.5026    228.937    8.42627  257.12326     89.038 0.0000e+00
   40.58326  -73.12654     17.723     17.585    14.1704    32.3206      7.999     1.0624 1.3106e+00  1024.1613    14.1678    24.0826     7.5072    229.079    8.42475  257.07829     89.109 0.0000e+00
   40.58326  -73.12654     17.763     17.625    14.1675    32.3210      7.999     1.0624 1.3032e+00  1024.1625    14.1649    24.0836     7.5001    228.863    8.42346  257.03923     89.038 0.0000e+00
   40.58326  -73.12654     17.783     17.645    14.1644    32.3216      7.999     1.0624 1.3032e+00  1024.1633    14.1619    24.0847     7.4983    228.809    8.42128  256.97411     89.040 0.0000e+00
   40.58326  -73.12654     17.814     17.675    14.1612    32.3224      7.999     1.0624 1.2959e+00  1024.1652    14.1587    24.0858     7.4966    228.760    8.41981  256.93041     89.036 0.0000e+00
   40.58326  -73.12654     17.834     17.696    14.1597    32.3226      7.999     1.0624 1.2886e+00  1024.1661    14.1572    24.0867     7.4969    228.769    8.41977  256.92875     89.040 0.0000e+00
   40.58326  -73.12654     17.874     17.735    14.1581    32.3226      7.999     1.0624 1.2868e+00  1024.1666    14.1556    24.0871     7.4966    228.757    8.41893  256.90200     89.044 0.0000e+00
   40.58326  -73.12654     17.904     17.766    14.1560    32.3226      7.999     1.0624 1.2832e+00  1024.1667    14.1534    24.0872     7.4938    228.673    8.41609  256.81641     89.042 0.0000e+00
   40.58326  -73.12654     17.925     17.786    14.1536    32.3219      7.999     1.0624 1.2759e+00  1024.1667    14.1510    24.0872     7.4860    228.438    8.41359  256.74206     88.976 0.0000e+00
   40.58326  -73.12654     17.955     17.816    14.1504    32.3212      7.999     1.0624 1.2723e+00  1024.1669    14.1478    24.0873     7.4845    228.392    8.41230  256.70417     88.971 0.0000e+00
   40.58326  -73.12654     17.987     17.847    14.1464    32.3212      7.999     1.0624 1.2688e+00  1024.1672    14.1439    24.0878     7.4843    228.387    8.41232  256.70491     88.969 0.0000e+00
   40.58326  -73.12654     18.006     17.867    14.1421    32.3212      7.999     1.0624 1.2580e+00  1024.1685    14.1396    24.0887     7.4842    228.382    8.41230  256.70419     88.967 0.0000e+00
   40.58326  -73.12654     18.037     17.897    14.1389    32.3209      7.999     1.0624 1.2545e+00  1024.1700    14.1363    24.0896     7.4841    228.378    8.41228  256.70293     88.966 0.0000e+00
   40.58326  -73.12654     18.057     17.917    14.1359    32.3209      8.000     1.0624 1.2510e+00  1024.1706    14.1333    24.0903     7.4840    228.377    8.41166  256.68359     88.972 0.0000e+00
   40.58326  -73.12654     18.087     17.947    14.1330    32.3207      8.000     1.0624 1.2404e+00  1024.1710    14.1304    24.0906     7.4826    228.335    8.41010  256.63598     88.972 0.0000e+00
   40.58326  -73.12654     18.108     17.968    14.1291    32.3199      8.000     1.0624 1.2369e+00  1024.1708    14.1266    24.0907     7.4756    228.121    8.40877  256.59642     88.903 0.0000e+00
   40.58326  -73.12654     18.138     17.998    14.1240    32.3199      8.000     1.0624 1.2334e+00  1024.1711    14.1215    24.0913     7.4808    228.279    8.40865  256.59280     88.965 0.0000e+00
   40.58326  -73.12654     18.159     18.018    14.1187    32.3199      8.000     1.0624 1.2230e+00  1024.1732    14.1162    24.0927     7.4748    228.095    8.40874  256.59580     88.893 0.0000e+00
   40.58326  -73.12654     18.169     18.028    14.1149    32.3212      8.000     1.0624 1.2196e+00  1024.1755    14.1124    24.0945     7.4743    228.082    8.40887  256.60104     88.886 0.0000e+00
   40.58326  -73.12654     18.209     18.067    14.1121    32.3223      8.000     1.0624 1.2179e+00  1024.1769    14.1095    24.0960     7.4752    228.111    8.40982  256.63031     88.887 0.0000e+00
   40.58326  -73.12654     18.220     18.078    14.1102    32.3226      8.000     1.0624 1.2076e+00  1024.1781    14.1076    24.0970     7.4756    228.122    8.41057  256.65300     88.884 0.0000e+00
   40.58326  -73.12654     18.240     18.099    14.1080    32.3226      8.000     1.0624 1.2042e+00  1024.1789    14.1054    24.0975     7.4753    228.112    8.41053  256.65158     88.880 0.0000e+00
   40.58326  -73.12654     18.250     18.108    14.1058    32.3226      8.000     1.0624 1.2008e+00  1024.1786    14.1033    24.0977     7.4808    228.279    8.41015  256.64012     88.949 0.0000e+00
   40.58326  -73.12654     18.281     18.140    14.1029    32.3220      8.000     1.0624 1.1906e+00  1024.1787    14.1004    24.0978     7.4808    228.280    8.40980  256.63024     88.953 0.0000e+00
   40.58326  -73.12654     18.291     18.149    14.0992    32.3215      8.000     1.0624 1.1839e+00  1024.1794    14.0966    24.0981     7.4873    228.479    8.40994  256.63507     89.029 0.0000e+00
 -9.990e-29 -9.990e-29     18.312     18.170    14.0950    32.3208      8.000     1.0624 1.1839e+00  1024.1797    14.0924    24.0985     7.4825    228.334    8.41019  256.64317     88.969 0.0000e+00
 -9.990e-29 -9.990e-29     18.342     18.200    14.0904    32.3203      8.000     1.0624 1.1773e+00  1024.1802    14.0878    24.0990     7.4836    228.367    8.41080  256.66099     88.976 0.0000e+00
 -9.990e-29 -9.990e-29     18.352     18.209    14.0852    32.3203      8.000     1.0624 1.1673e+00  1024.1812    14.0827    24.0998     7.4906    228.581    8.41124  256.67396     89.055 0.0000e+00
 -9.990e-29 -9.990e-29     18.363     18.220    14.0802    32.3203      8.000     1.0490 1.1673e+00  1024.1823    14.0776    24.1008     7.4923    228.631    8.41176  256.68939     89.069 0.0000e+00
 -9.990e-29 -9.990e-29     18.382     18.239    14.0754    32.3205      8.000     1.0355 1.1607e+00  1024.1835    14.0729    24.1022     7.4939    228.680    8.41270  256.71695     89.078 0.0000e+00
 -9.990e-29 -9.990e-29     18.393     18.250    14.0709    32.3214      8.000     1.0355 1.1526e+00  1024.1856    14.0683    24.1038     7.4897    228.549    8.41378  256.74864     89.017 0.0000e+00
