CalculateIndicators/WaterTemperature/Data/CTD_NYOS/202200729_C22.cnv
* Sea-Bird SBE 9 Data File:
* FileName = C:\Seabird 9 CTD\Data\2022\202207_offshore\202200729_C22.hex
* Software Version Seasave V 7.23.2
* Temperature SN = 4590
* Conductivity SN = 3228
* Number of Bytes Per Scan = 44
* Number of Voltage Words = 5
* Number of Scans Averaged by the Deck Unit = 1
* NMEA Latitude = 39 47.39 N
* NMEA Longitude = 072 08.97 W
* NMEA UTC (Time) = Dec 13 2002  19:38:11
* NMEA baud rate = 4800
** Ship: seawolf
** Station: 3.4
** Operator: TCM
# nquan = 18
# nvalues = 20276                       
# units = specified
# name 0 = latitude: Latitude [deg]
# name 1 = longitude: Longitude [deg]
# name 2 = prDM: Pressure, Digiquartz [db]
# name 3 = depSM: Depth [salt water, m]
# name 4 = t090C: Temperature [ITS-90, deg C]
# name 5 = sal00: Salinity, Practical [PSU]
# name 6 = ph: pH
# name 7 = flECO-AFL: Fluorescence, WET Labs ECO-AFL/FL [mg/m^3]
# name 8 = cpar: CPAR/Corrected Irradiance [%]
# name 9 = density00: Density [density, kg/m^3]
# name 10 = potemp090C: Potential Temperature [ITS-90, deg C]
# name 11 = sigma-é00: Density [sigma-theta, kg/m^3]
# name 12 = sbeox0Mg/L: Oxygen, SBE 43 [mg/l]
# name 13 = sbox0Mm/Kg: Oxygen, SBE 43 [umol/kg]
# name 14 = oxsolMg/L: Oxygen Saturation, Garcia & Gordon [mg/l]
# name 15 = oxsolMm/Kg: Oxygen Saturation, Garcia & Gordon [umol/kg]
# name 16 = sbeox0PS: Oxygen, SBE 43 [% saturation]
# name 17 = flag:  0.000e+00
# span 0 =   39.78998,   39.79126       
# span 1 =  -72.15048,  -72.14948       
# span 2 =      2.015,     93.071       
# span 3 =      1.999,     92.339       
# span 4 =     9.9387,    25.7584       
# span 5 =    31.2434,    34.9602       
# span 6 =      8.008,      8.265       
# span 7 =    -0.0792,     1.3713       
# span 8 = 4.0609e-14, 1.4604e+02       
# span 9 =  1020.3163,  1026.8142       
# span 10 =     9.9343,    25.7578      
# span 11 =    20.3077,    26.4011      
# span 12 =     6.4827,     9.6811      
# span 13 =    197.375,    295.151      
# span 14 =    6.82710,    9.12257      
# span 15 =  209.10347,  277.91190      
# span 16 =     76.220,    119.504      
# span 17 = 0.0000e+00, 0.0000e+00      
# interval = seconds: 0.0416667
# start_time = Jul 29 2022 19:38:09 [System UTC, first data scan.]
# bad_flag = -9.990e-29
*END*
[from data line 12222]
 -9.990e-29  -72.15010     23.838     23.654    12.7210    33.4650      8.089     0.5386 8.6418e-01  1025.3645    12.7179    25.2604     8.3417    254.257    8.56424  261.04050     97.401 0.0000e+00
 -9.990e-29  -72.15010     23.828     23.645    12.7323    33.4650      8.089     0.5386 8.6662e-01  1025.3591    12.7292    25.2558     8.3392    254.185    8.55698  260.82317     97.455 0.0000e+00
 -9.990e-29  -72.15010     23.792     23.609    12.7271    33.4650      8.089     0.5386 8.6907e-01  1025.3601    12.7239    25.2561     8.3320    253.970    8.55116  260.64975     97.437 0.0000e+00
 -9.990e-29  -72.15010     23.766     23.583    12.7175    33.4667      8.089     0.5386 8.6907e-01  1025.3642    12.7143    25.2615     8.3336    254.021    8.54733  260.53635     97.499 0.0000e+00
 -9.990e-29  -72.15010     23.736     23.553    12.7024    33.4754      8.089     0.5386 8.7080e-01  1025.3787    12.6993    25.2699     8.3367    254.119    8.54507  260.46968     97.562 0.0000e+00
 -9.990e-29  -72.15010     23.706     23.523    12.7012    33.4815      8.089     0.5386 8.7399e-01  1025.3848    12.6980    25.2753     8.3406    254.239    8.54308  260.41128     97.630 0.0000e+00
 -9.990e-29  -72.15010     23.675     23.493    12.7154    33.4823      8.089     0.5386 8.7646e-01  1025.3829    12.7123    25.2739     8.3392    254.199    8.54200  260.37958     97.626 0.0000e+00
 -9.990e-29  -72.15010     23.649     23.467    12.7387    33.4830      8.089     0.5386 8.7894e-01  1025.3694    12.7356    25.2707     8.3443    254.353    8.54129  260.35859     97.693 0.0000e+00
 -9.990e-29  -72.15010     23.615     23.433    12.7279    33.4830      8.089     0.5386 8.8142e-01  1025.3778    12.7248    25.2721     8.3373    254.141    8.54085  260.34559     97.617 0.0000e+00
 -9.990e-29  -72.15010     23.594     23.413    12.7299    33.4815      8.089     0.5386 8.8391e-01  1025.3857    12.7268    25.2723     8.3480    254.467    8.54042  260.33267     97.747 0.0000e+00
 -9.990e-29  -72.15010     23.553     23.372    12.7629    33.4809      8.089     0.5386 8.8391e-01  1025.3689    12.7598    25.2644     8.3474    254.450    8.53999  260.32005     97.745 0.0000e+00
 -9.990e-29  -72.15010     23.517     23.336    12.7807    33.4723      8.089     0.5386 8.9143e-01  1025.3559    12.7776    25.2545     8.3585    254.787    8.53969  260.31103     97.878 0.0000e+00
 -9.990e-29  -72.15010     23.502     23.321    12.7837    33.4663      8.093     0.5386 8.9647e-01  1025.3527    12.7806    25.2480     8.3583    254.782    8.53940  260.30256     97.879 0.0000e+00
 -9.990e-29  -72.15010     23.452     23.272    12.7914    33.4621      8.088     0.5386 8.9647e-01  1025.3475    12.7883    25.2433     8.3580    254.774    8.53920  260.29634     97.879 0.0000e+00
 -9.990e-29  -72.15010     23.421     23.240    12.8001    33.4595      8.093     0.5386 9.0410e-01  1025.3425    12.7970    25.2398     8.3634    254.938    8.53911  260.29359     97.943 0.0000e+00
 -9.990e-29  -72.15010     23.396     23.216    12.8016    33.4595      8.093     0.5386 9.0922e-01  1025.3417    12.7985    25.2389     8.3632    254.930    8.53909  260.29307     97.940 0.0000e+00
 -9.990e-29  -72.15010     23.360     23.180    12.7964    33.4595      8.088     0.5386 9.0922e-01  1025.3440    12.7933    25.2403     8.3683    255.088    8.53907  260.29260     98.001 0.0000e+00
 -9.990e-29  -72.15010     23.330     23.150    12.7942    33.4624      8.093     0.5386 9.1695e-01  1025.3458    12.7911    25.2432     8.3740    255.261    8.53917  260.29563     98.066 0.0000e+00
 -9.990e-29  -72.15010     23.294     23.115    12.7901    33.4665      8.093     0.5386 9.2214e-01  1025.3517    12.7870    25.2475     8.3739    255.256    8.53917  260.29527     98.064 0.0000e+00
 -9.990e-29  -72.15010     23.269     23.090    12.7839    33.4720      8.093     0.5386 9.2474e-01  1025.3531    12.7808    25.2543     8.3792    255.418    8.53917  260.29530     98.126 0.0000e+00
 -9.990e-29  -72.15010     23.228     23.049    12.7501    33.4839      8.093     0.5386 9.2998e-01  1025.3669    12.7470    25.2681     8.3786    255.401    8.53903  260.29098     98.121 0.0000e+00
 -9.990e-29  -72.15010     23.188     23.010    12.7106    33.4966      8.093     0.5386 9.3788e-01  1025.3989    12.7075    25.2825     8.3836    255.553    8.53897  260.28941     98.181 0.0000e+00
 -9.990e-29  -72.15010     23.162     22.984    12.7442    33.4966      8.093     0.5386 9.4053e-01  1025.3943    12.7411    25.2824     8.3896    255.736    8.53895  260.28861     98.251 0.0000e+00
 -9.990e-29  -72.15010     23.126     22.948    12.8033    33.4966      8.093     0.5386 9.4586e-01  1025.3686    12.8002    25.2699     8.4010    256.083    8.53890  260.28734     98.385 0.0000e+00
 -9.990e-29  -72.15010     23.077     22.899    12.8274    33.4892      8.093     0.5386 9.5579e-01  1025.3589    12.8244    25.2590     8.4017    256.106    8.53899  260.29000     98.392 0.0000e+00
 -9.990e-29  -72.15010     22.988     22.811    12.8308    33.4821      8.093     0.5386 9.5929e-01  1025.3576    12.8277    25.2513     8.4023    256.123    8.53904  260.29136     98.399 0.0000e+00
 -9.990e-29  -72.15010     22.944     22.768    12.8425    33.4821      8.093     0.5386 9.6392e-01  1025.3394    12.8395    25.2447     8.4082    256.302    8.53897  260.28911     98.468 0.0000e+00
 -9.990e-29  -72.15010     22.893     22.717    12.8216    33.4821      8.093     0.5386 9.7761e-01  1025.3423    12.8186    25.2462     8.4146    256.497    8.53899  260.28976     98.543 -9.990e-29
 -9.990e-29  -72.15010     22.918     22.742    12.8011    33.4836      8.093     0.5386 9.8315e-01  1025.3606    12.7981    25.2558     8.4147    256.500    8.53898  260.28940     98.544 -9.990e-29
 -9.990e-29  -72.15010     22.954     22.777    12.8105    33.4940      8.093     0.5386 9.8592e-01  1025.3713    12.8074    25.2628     8.4208    256.687    8.53903  260.29095     98.615 -9.990e-29
 -9.990e-29  -72.15010     23.026     22.848    12.8390    33.4963      8.093     0.5386 9.9993e-01  1025.3655    12.8359    25.2622     8.4269    256.871    8.53914  260.29428     98.685 -9.990e-29
 -9.990e-29  -72.15010     23.039     22.862    12.8518    33.4963      8.093     0.5386 1.0084e+00  1025.3592    12.8487    25.2590     8.4271    256.880    8.53922  260.29640     98.687 -9.990e-29
 -9.990e-29  -72.15010     22.954     22.777    12.8586    33.4963      8.093     0.5386 1.0084e+00  1025.3635    12.8556    25.2547     8.4327    257.050    8.53921  260.29600     98.753 -9.990e-29
 -9.990e-29  -72.15010     22.914     22.738    12.8959    33.4813      8.093     0.5252 1.0170e+00  1025.3555    12.8928    25.2380     8.4324    257.041    8.53908  260.29215     98.751 -9.990e-29
 -9.990e-29  -72.15010     22.933     22.757    12.9407    33.4499      8.093     0.5386 1.0199e+00  1025.2971    12.9376    25.2112     8.4382    257.217    8.53897  260.28907     98.820 -9.990e-29
 -9.990e-29  -72.15010     23.009     22.832    12.8902    33.4499      8.093     0.5386 1.0199e+00  1025.2850    12.8871    25.2021     8.4439    257.391    8.53899  260.28960     98.886 -9.990e-29
 -9.990e-29  -72.15010     23.026     22.848    12.8254    33.4499      8.098     0.5386 1.0190e+00  1025.3249    12.8224    25.2171     8.4439    257.392    8.53904  260.29113     98.886 -9.990e-29
 -9.990e-29  -72.15010     23.066     22.888    12.8127    33.4582      8.098     0.5520 1.0219e+00  1025.3414    12.8096    25.2348     8.4433    257.372    8.53912  260.29340     98.878 -9.990e-29
 -9.990e-29  -72.15010     23.039     22.862    12.8118    33.4741      8.098     0.5923 1.0219e+00  1025.3458    12.8088    25.2495     8.4492    257.553    8.53923  260.29664     98.946 -9.990e-29
 -9.990e-29  -72.15010     22.975     22.798    12.7908    33.4948      8.098     0.6057 1.0162e+00  1025.3722    12.7878    25.2673     8.4550    257.728    8.53930  260.29868     99.012 -9.990e-29
 -9.990e-29  -72.15010     22.933     22.757    12.7862    33.5108      8.098     0.6057 1.0133e+00  1025.3954    12.7831    25.2788     8.4610    257.913    8.53930  260.29851     99.084 0.0000e+00
 -9.990e-29  -72.15010     22.888     22.712    12.8291    33.5109      8.098     0.6057 1.0133e+00  1025.3766    12.8260    25.2760     8.4608    257.905    8.53923  260.29649     99.081 0.0000e+00
 -9.990e-29  -72.15010     22.882     22.706    12.8521    33.5124      8.098     0.6057 1.0104e+00  1025.3655    12.8491    25.2717     8.4666    258.083    8.53927  260.29756     99.149 -9.990e-29
 -9.990e-29  -72.15010     22.924     22.747    12.8408    33.5166      8.102     0.6057 1.0104e+00  1025.3780    12.8378    25.2760     8.4722    258.254    8.53925  260.29681     99.215 -9.990e-29
 -9.990e-29  -72.15010     22.928     22.751    12.8286    33.5225      8.098     0.6057 1.0133e+00  1025.3900    12.8255    25.2814     8.4660    258.063    8.53922  260.29596     99.142 -9.990e-29
 -9.990e-29  -72.15010     22.903     22.727    12.8377    33.5227      8.098     0.5923 1.0162e+00  1025.3828    12.8346    25.2807     8.4713    258.226    8.53919  260.29494     99.205 -9.990e-29
 -9.990e-29  -72.15010     22.852     22.676    12.8514    33.5227      8.102     0.6057 1.0219e+00  1025.3781    12.8484    25.2773     8.4704    258.197    8.53914  260.29320     99.195 0.0000e+00
 -9.990e-29  -72.15010     22.837     22.661    12.8749    33.5225      8.098     0.6057 1.0219e+00  1025.3783    12.8718    25.2731     8.4754    258.350    8.53905  260.29049     99.254 -9.990e-29
 -9.990e-29  -72.15010     22.882     22.706    12.9147    33.5215      8.102     0.6057 1.0248e+00  1025.3695    12.9116    25.2647     8.4748    258.332    8.53906  260.29072     99.248 -9.990e-29
 -9.990e-29  -72.15010     22.894     22.717    12.9584    33.5143      8.102     0.5923 1.0277e+00  1025.3540    12.9553    25.2514     8.4735    258.293    8.53899  260.28846     99.233 -9.990e-29
 -9.990e-29  -72.15010     22.928     22.751    12.9951    33.5043      8.102     0.5923 1.0306e+00  1025.3376    12.9920    25.2369     8.4844    258.624    8.53895  260.28739     99.361 -9.990e-29
 -9.990e-29  -72.15010     22.924     22.747    13.0200    33.4946      8.102     0.6057 1.0306e+00  1025.3244    13.0169    25.2244     8.4835    258.597    8.53899  260.28838     99.350 -9.990e-29
 -9.990e-29  -72.15010     22.894     22.717    13.0348    33.4865      8.102     0.6057 1.0306e+00  1025.3161    13.0317    25.2146     8.4886    258.751    8.53895  260.28709     99.410 -9.990e-29
 -9.990e-29  -72.15010     22.856     22.680    13.0485    33.4799      8.102     0.6057 1.0335e+00  1025.3072    13.0454    25.2069     8.4880    258.734    8.53896  260.28763     99.403 -9.990e-29
 -9.990e-29  -72.15010     22.852     22.676    13.0561    33.4751      8.102     0.6057 1.0335e+00  1025.3019    13.0530    25.2015     8.4873    258.712    8.53894  260.28695     99.395 -9.990e-29
 -9.990e-29  -72.15010     22.843     22.667    13.0607    33.4724      8.101     0.6057 1.0306e+00  1025.2994    13.0576    25.1983     8.4920    258.856    8.53887  260.28484     99.451 -9.990e-29
 -9.990e-29  -72.15010     22.867     22.691    13.0636    33.4708      8.101     0.6057 1.0335e+00  1025.2980    13.0605    25.1964     8.4911    258.828    8.53884  260.28368     99.441 -9.990e-29
 -9.990e-29  -72.15010     22.873     22.697    13.0664    33.4698      8.101     0.6057 1.0306e+00  1025.2967    13.0633    25.1951     8.4891    258.767    8.53887  260.28448     99.417 -9.990e-29
 -9.990e-29  -72.15010     22.883     22.706    13.0690    33.4689      8.101     0.6057 1.0277e+00  1025.2957    13.0659    25.1939     8.4937    258.907    8.53893  260.28634     99.470 -9.990e-29
 -9.990e-29  -72.15010     22.856     22.680    13.0710    33.4682      8.101     0.6057 1.0277e+00  1025.2945    13.0679    25.1929     8.4920    258.855    8.53890  260.28553     99.450 -9.990e-29
 -9.990e-29  -72.15010     22.852     22.676    13.0728    33.4677      8.106     0.6057 1.0277e+00  1025.2936    13.0697    25.1922     8.4908    258.818    8.53888  260.28478     99.437 -9.990e-29
 -9.990e-29  -72.15012     22.843     22.667    13.0740    33.4677      8.101     0.6057 1.0190e+00  1025.2932    13.0709    25.1919     8.4950    258.947    8.53878  260.28191     99.487 -9.990e-29
 -9.990e-29  -72.15012     22.877     22.701    13.0743    33.4677      8.101     0.6460 1.0133e+00  1025.2937    13.0712    25.1919     8.4993    259.079    8.53881  260.28261     99.538 -9.990e-29
 -9.990e-29  -72.15012     22.894     22.717    13.0743    33.4676      8.101     0.6729 1.0133e+00  1025.2941    13.0712    25.1919     8.4980    259.038    8.53882  260.28308     99.522 -9.990e-29
 -9.990e-29  -72.15012     22.914     22.738    13.0746    33.4677      8.101     0.6729 1.0104e+00  1025.2936    13.0715    25.1917     8.4959    258.976    8.53877  260.28146     99.499 -9.990e-29
 -9.990e-29  -72.15012     22.907     22.731    13.0742    33.4678      8.101     0.6729 1.0056e+00  1025.2934    13.0711    25.1917     8.5001    259.102    8.53879  260.28203     99.547 -9.990e-29
 -9.990e-29  -72.15012     22.894     22.717    13.0740    33.4679      8.101     0.6595 1.0028e+00  1025.2940    13.0709    25.1920     8.4985    259.055    8.53877  260.28153     99.529 -9.990e-29
 -9.990e-29  -72.15012     22.894     22.717    13.0738    33.4682      8.106     0.6595 9.9993e-01  1025.2943    13.0707    25.1922     8.5026    259.178    8.53877  260.28130     99.576 -9.990e-29
 -9.990e-29  -72.15012     22.888     22.712    13.0746    33.4682      8.101     0.6595 9.9711e-01  1025.2941    13.0716    25.1922     8.5009    259.127    8.53873  260.28002     99.557 -9.990e-29
 -9.990e-29  -72.15012     22.903     22.727    13.0749    33.4682      8.101     0.6595 9.9430e-01  1025.2941    13.0719    25.1921     8.5049    259.247    8.53875  260.28061     99.603 -9.990e-29
 -9.990e-29  -72.15012     22.914     22.738    13.0752    33.4681      8.101     0.6729 9.9430e-01  1025.2940    13.0721    25.1920     8.5031    259.195    8.53872  260.27981     99.583 -9.990e-29
 -9.990e-29  -72.15012     22.928     22.751    13.0755    33.4681      8.101     0.6729 9.8871e-01  1025.2937    13.0724    25.1917     8.5013    259.140    8.53865  260.27770     99.563 -9.990e-29
 -9.990e-29  -72.15012     22.933     22.757    13.0752    33.4681      8.101     0.6595 9.8871e-01  1025.2935    13.0721    25.1917     8.5002    259.105    8.53864  260.27738     99.549 -9.990e-29
 -9.990e-29  -72.15012     22.933     22.757    13.0746    33.4682      8.101     0.6595 9.8592e-01  1025.2942    13.0715    25.1920     8.5045    259.238    8.53859  260.27576     99.601 -9.990e-29
 -9.990e-29  -72.15012     22.933     22.757    13.0748    33.4686      8.101     0.6595 9.8315e-01  1025.2947    13.0717    25.1924     8.5090    259.373    8.53858  260.27535     99.653 -9.990e-29
 -9.990e-29  -72.15012     22.938     22.761    13.0746    33.4689      8.101     0.6595 9.8315e-01  1025.2949    13.0715    25.1927     8.5077    259.335    8.53850  260.27296     99.640 -9.990e-29
 -9.990e-29  -72.15012     22.954     22.777    13.0748    33.4689      8.101     0.6729 9.8315e-01  1025.2948    13.0717    25.1927     8.5066    259.301    8.53848  260.27239     99.627 -9.990e-29
 -9.990e-29  -72.15012     22.964     22.787    13.0745    33.4690      8.101     0.6595 9.8038e-01  1025.2948    13.0714    25.1929     8.5049    259.250    8.53845  260.27133     99.608 -9.990e-29
   39.79070  -72.15012     22.979     22.802    13.0736    33.4695      8.101     0.6595 9.7761e-01  1025.2956    13.0705    25.1934     8.5094    259.387    8.53841  260.27014     99.661 -9.990e-29
