CalculateIndicators/WaterTemperature/Data/CTD_NYOS/20220202_C06.cnv
* Sea-Bird SBE 9 Data File:
* FileName = C:\Seabird 9 CTD\Data\2022\202202_offshore\20220202_C06.hex
* Software Version Seasave V 7.23.2
* Temperature SN = 4590
* Conductivity SN = 3228
* Number of Bytes Per Scan = 44
* Number of Voltage Words = 5
* Number of Scans Averaged by the Deck Unit = 1
* NMEA Latitude = 39 19.07 N
* NMEA Longitude = 073 21.62 W
* NMEA UTC (Time) = Jun 19 2002  17:17:32
* NMEA baud rate = 4800
** Ship: rv seawolf
** Station: 7.4
** Operator: EIH
# nquan = 18
# nvalues = 18482                                 
# units = specified
# name 0 = latitude: Latitude [deg]
# name 1 = longitude: Longitude [deg]
# name 2 = prDM: Pressure, Digiquartz [db]
# name 3 = depSM: Depth [salt water, m]
# name 4 = t090C: Temperature [ITS-90, deg C]
# name 5 = sal00: Salinity, Practical [PSU]
# name 6 = ph: pH
# name 7 = flECO-AFL: Fluorescence, WET Labs ECO-AFL/FL [mg/m^3]
# name 8 = cpar: CPAR/Corrected Irradiance [%]
# name 9 = density00: Density [density, kg/m^3]
# name 10 = potemp090C: Potential Temperature [ITS-90, deg C]
# name 11 = sigma-é00: Density [sigma-theta, kg/m^3]
# name 12 = sbeox0Mg/L: Oxygen, SBE 43 [mg/l]
# name 13 = sbox0Mm/Kg: Oxygen, SBE 43 [umol/kg]
# name 14 = oxsolMg/L: Oxygen Saturation, Garcia & Gordon [mg/l]
# name 15 = oxsolMm/Kg: Oxygen Saturation, Garcia & Gordon [umol/kg]
# name 16 = sbeox0PS: Oxygen, SBE 43 [% saturation]
# name 17 = flag:  0.000e+00
# span 0 =   39.31706,   39.31794                 
# span 1 =  -73.36200,  -73.36032                 
# span 2 =      1.534,     48.501                 
# span 3 =      1.522,     48.127                 
# span 4 =     8.3398,     8.9375                 
# span 5 =    33.5817,    33.8671                 
# span 6 =      8.285,      8.298                 
# span 7 =     0.0685,     0.4311                 
# span 8 = 3.1932e-02, 6.8137e+01                 
# span 9 =  1026.0289,  1026.5414                 
# span 10 =     8.3350,     8.9373                
# span 11 =    26.0178,    26.3213                
# span 12 =     7.8893,     8.5039                
# span 13 =    240.254,    258.970                
# span 14 =    9.30935,    9.43068                
# span 15 =  283.49925,  287.15721                
# span 16 =     84.743,     91.340                
# span 17 = 0.0000e+00, 0.0000e+00                
# interval = seconds: 0.0416667
# start_time = Feb 02 2022 17:17:32 [System UTC, first data scan.]
# bad_flag = -9.990e-29
*END*
[from data line 11820]
   39.31738  -73.36138     25.391     25.196     8.6579    33.8360      8.291     0.2700 1.1829e+00  1026.3760     8.6553    26.2606     8.1494    248.155    9.36450  285.15630     87.024  0.000e+00
   39.31738  -73.36138     25.376     25.181     8.6577    33.8355      8.291     0.2700 1.1750e+00  1026.3755     8.6551    26.2602     8.1506    248.192    9.36457  285.15862     87.036  0.000e+00
   39.31738  -73.36138     25.406     25.211     8.6579    33.8354      8.291     0.2700 1.1750e+00  1026.3756     8.6553    26.2602     8.1586    248.436    9.36453  285.15723     87.123  0.000e+00
   39.31738  -73.36138     25.381     25.187     8.6577    33.8361      8.287     0.2700 1.1762e+00  1026.3761     8.6551    26.2608     8.1547    248.317    9.36453  285.15723     87.081  0.000e+00
   39.31738  -73.36138     25.406     25.211     8.6577    33.8363      8.291     0.2700 1.1741e+00  1026.3763     8.6551    26.2609     8.1496    248.161    9.36452  285.15698     87.026  0.000e+00
   39.31738  -73.36138     25.406     25.211     8.6577    33.8361      8.291     0.2700 1.1696e+00  1026.3762     8.6551    26.2608     8.1495    248.157    9.36452  285.15692     87.025  0.000e+00
   39.31738  -73.36138     25.417     25.222     8.6579    33.8360      8.291     0.2700 1.1684e+00  1026.3761     8.6553    26.2606     8.1430    247.962    9.36450  285.15633     86.956  0.000e+00
   39.31736  -73.36140     25.411     25.217     8.6581    33.8361      8.291     0.2700 1.1651e+00  1026.3761     8.6554    26.2607     8.1360    247.746    9.36446  285.15496     86.881  0.000e+00
   39.31736  -73.36140     25.417     25.222     8.6579    33.8363      8.291     0.2700 1.1606e+00  1026.3763     8.6553    26.2609     8.1422    247.936    9.36448  285.15563     86.947  0.000e+00
   39.31736  -73.36140     25.417     25.222     8.6579    33.8359      8.291     0.2700 1.1606e+00  1026.3760     8.6553    26.2605     8.1434    247.974    9.36451  285.15661     86.960  0.000e+00
   39.31736  -73.36140     25.426     25.232     8.6577    33.8363      8.291     0.2700 1.1574e+00  1026.3764     8.6551    26.2609     8.1391    247.842    9.36451  285.15652     86.914  0.000e+00
   39.31736  -73.36140     25.421     25.226     8.6577    33.8360      8.291     0.2700 1.1594e+00  1026.3761     8.6551    26.2606     8.1399    247.868    9.36454  285.15755     86.923  0.000e+00
   39.31736  -73.36140     25.426     25.232     8.6577    33.8361      8.291     0.2700 1.1562e+00  1026.3762     8.6551    26.2607     8.1465    248.067    9.36453  285.15728     86.993  0.000e+00
   39.31736  -73.36140     25.417     25.222     8.6577    33.8362      8.287     0.2700 1.1586e+00  1026.3763     8.6551    26.2608     8.1593    248.457    9.36452  285.15679     87.130  0.000e+00
   39.31736  -73.36140     25.421     25.226     8.6580    33.8361      8.291     0.2700 1.1622e+00  1026.3762     8.6554    26.2607     8.1670    248.691    9.36446  285.15517     87.213  0.000e+00
   39.31736  -73.36140     25.417     25.222     8.6577    33.8361      8.291     0.2700 1.1634e+00  1026.3761     8.6551    26.2607     8.1816    249.137    9.36454  285.15741     87.368  0.000e+00
   39.31736  -73.36140     25.417     25.222     8.6577    33.8359      8.291     0.2700 1.1634e+00  1026.3760     8.6551    26.2605     8.1905    249.406    9.36454  285.15749     87.462  0.000e+00
   39.31736  -73.36140     25.406     25.211     8.6576    33.8363      8.291     0.2700 1.1634e+00  1026.3763     8.6549    26.2609     8.1928    249.478    9.36455  285.15786     87.488  0.000e+00
   39.31736  -73.36140     25.400     25.206     8.6579    33.8358      8.291     0.2700 1.1634e+00  1026.3758     8.6553    26.2604     8.1824    249.162    9.36450  285.15653     87.377  0.000e+00
   39.31736  -73.36140     25.406     25.211     8.6580    33.8361      8.291     0.2700 1.1646e+00  1026.3761     8.6554    26.2607     8.1707    248.805    9.36447  285.15530     87.252  0.000e+00
   39.31736  -73.36140     25.396     25.202     8.6580    33.8360      8.291     0.2700 1.1691e+00  1026.3759     8.6554    26.2606     8.1646    248.620    9.36447  285.15557     87.187  0.000e+00
   39.31736  -73.36140     25.386     25.192     8.6579    33.8362      8.291     0.2700 1.1691e+00  1026.3761     8.6553    26.2608     8.1642    248.605    9.36448  285.15554     87.182  0.000e+00
   39.31736  -73.36140     25.381     25.187     8.6580    33.8360      8.291     0.2700 1.1691e+00  1026.3759     8.6554    26.2606     8.1643    248.610    9.36447  285.15541     87.184  0.000e+00
   39.31736  -73.36140     25.366     25.172     8.6577    33.8365      8.291     0.2700 1.1736e+00  1026.3763     8.6551    26.2610     8.1639    248.596    9.36451  285.15652     87.179  0.000e+00
   39.31736  -73.36140     25.355     25.161     8.6576    33.8365      8.291     0.2700 1.1757e+00  1026.3762     8.6549    26.2610     8.1634    248.581    9.36454  285.15739     87.173  0.000e+00
   39.31736  -73.36140     25.351     25.156     8.6579    33.8361      8.291     0.2700 1.1745e+00  1026.3759     8.6553    26.2607     8.1621    248.544    9.36449  285.15613     87.161  0.000e+00
   39.31736  -73.36140     25.336     25.141     8.6577    33.8360      8.291     0.2700 1.1778e+00  1026.3757     8.6551    26.2606     8.1541    248.297    9.36454  285.15761     87.074  0.000e+00
   39.31736  -73.36140     25.315     25.121     8.6577    33.8364      8.291     0.2700 1.1823e+00  1026.3759     8.6551    26.2609     8.1465    248.067    9.36451  285.15641     86.993  0.000e+00
   39.31736  -73.36140     25.315     25.121     8.6577    33.8364      8.291     0.2700 1.1836e+00  1026.3759     8.6551    26.2609     8.1509    248.202    9.36452  285.15675     87.041  0.000e+00
   39.31736  -73.36140     25.300     25.106     8.6579    33.8360      8.291     0.2700 1.1903e+00  1026.3756     8.6553    26.2606     8.1503    248.183    9.36449  285.15602     87.034  0.000e+00
   39.31736  -73.36140     25.285     25.091     8.6579    33.8361      8.291     0.2700 1.1924e+00  1026.3755     8.6553    26.2607     8.1566    248.376    9.36450  285.15620     87.102  0.000e+00
   39.31738  -73.36138     25.264     25.070     8.6577    33.8363      8.291     0.2700 1.1912e+00  1026.3757     8.6551    26.2609     8.1511    248.207    9.36452  285.15684     87.042  0.000e+00
   39.31738  -73.36138     25.258     25.065     8.6579    33.8360      8.291     0.2700 1.1933e+00  1026.3754     8.6553    26.2606     8.1499    248.172    9.36449  285.15598     87.030  0.000e+00
   39.31738  -73.36138     25.243     25.050     8.6582    33.8358      8.291     0.2700 1.2000e+00  1026.3751     8.6556    26.2604     8.1488    248.136    9.36445  285.15476     87.018  0.000e+00
   39.31738  -73.36138     25.234     25.040     8.6582    33.8359      8.291     0.2968 1.2022e+00  1026.3751     8.6556    26.2605     8.1414    247.911    9.36444  285.15461     86.939  0.000e+00
   39.31738  -73.36138     25.213     25.020     8.6584    33.8353      8.291     0.2968 1.2009e+00  1026.3746     8.6558    26.2600     8.1396    247.858    9.36443  285.15448     86.921  0.000e+00
   39.31738  -73.36138     25.198     25.005     8.6585    33.8354      8.291     0.2968 1.2077e+00  1026.3745     8.6559    26.2601     8.1442    247.996    9.36440  285.15345     86.969  0.000e+00
   39.31738  -73.36138     25.192     24.999     8.6583    33.8358      8.291     0.2968 1.2099e+00  1026.3749     8.6557    26.2604     8.1550    248.326    9.36443  285.15437     87.085  0.000e+00
   39.31738  -73.36138     25.162     24.969     8.6582    33.8355      8.291     0.2968 1.2111e+00  1026.3745     8.6556    26.2602     8.1538    248.290    9.36446  285.15524     87.072  0.000e+00
   39.31738  -73.36138     25.157     24.964     8.6585    33.8354      8.291     0.2968 1.2180e+00  1026.3744     8.6559    26.2601     8.1531    248.268    9.36440  285.15341     87.065  0.000e+00
   39.31738  -73.36138     25.132     24.939     8.6584    33.8357      8.291     0.2968 1.2214e+00  1026.3745     8.6558    26.2603     8.1530    248.264    9.36441  285.15371     87.063  0.000e+00
   39.31738  -73.36138     25.122     24.930     8.6584    33.8357      8.291     0.2968 1.2227e+00  1026.3744     8.6558    26.2603     8.1528    248.259    9.36442  285.15404     87.061  0.000e+00
   39.31738  -73.36138     25.106     24.913     8.6585    33.8353      8.291     0.2968 1.2322e+00  1026.3740     8.6559    26.2600     8.1526    248.252    9.36441  285.15364     87.059  0.000e+00
   39.31738  -73.36138     25.092     24.900     8.6587    33.8353      8.291     0.2968 1.2347e+00  1026.3739     8.6561    26.2599     8.1585    248.434    9.36437  285.15255     87.123  0.000e+00
   39.31738  -73.36138     25.081     24.889     8.6589    33.8352      8.291     0.2968 1.2421e+00  1026.3738     8.6563    26.2599     8.1525    248.250    9.36434  285.15180     87.059  0.000e+00
   39.31738  -73.36138     25.066     24.874     8.6585    33.8356      8.291     0.2968 1.2456e+00  1026.3740     8.6559    26.2602     8.1591    248.450    9.36439  285.15319     87.128  0.000e+00
   39.31738  -73.36138     25.041     24.849     8.6590    33.8351      8.291     0.2968 1.2478e+00  1026.3735     8.6565    26.2598     8.1604    248.491    9.36431  285.15082     87.144  0.000e+00
   39.31738  -73.36138     25.030     24.838     8.6592    33.8349      8.291     0.2968 1.2465e+00  1026.3733     8.6566    26.2596     8.1555    248.343    9.36429  285.15035     87.092  0.000e+00
   39.31738  -73.36138     25.020     24.828     8.6592    33.8348      8.291     0.2968 1.2488e+00  1026.3731     8.6566    26.2594     8.1557    248.348    9.36431  285.15075     87.094  0.000e+00
   39.31738  -73.36138     25.004     24.812     8.6594    33.8347      8.291     0.2968 1.2510e+00  1026.3730     8.6568    26.2594     8.1502    248.180    9.36427  285.14966     87.035  0.000e+00
   39.31738  -73.36138     24.990     24.798     8.6590    33.8351      8.291     0.2968 1.2497e+00  1026.3733     8.6564    26.2598     8.1504    248.187    9.36432  285.15111     87.037  0.000e+00
   39.31738  -73.36138     24.980     24.789     8.6592    33.8349      8.291     0.2968 1.2484e+00  1026.3730     8.6567    26.2596     8.1575    248.403    9.36429  285.15010     87.113  0.000e+00
   39.31738  -73.36138     24.954     24.763     8.6593    33.8349      8.291     0.2968 1.2484e+00  1026.3729     8.6567    26.2595     8.1583    248.428    9.36427  285.14953     87.122  0.000e+00
   39.31738  -73.36138     24.949     24.757     8.6592    33.8350      8.291     0.2968 1.2519e+00  1026.3729     8.6566    26.2596     8.1586    248.435    9.36429  285.15027     87.124  0.000e+00
   39.31738  -73.36138     24.939     24.748     8.6594    33.8351      8.291     0.2968 1.2497e+00  1026.3730     8.6568    26.2597     8.1525    248.249    9.36425  285.14890     87.059  0.000e+00
   39.31738  -73.36140     24.913     24.722     8.6592    33.8351      8.291     0.2968 1.2532e+00  1026.3729     8.6566    26.2597     8.1577    248.408    9.36428  285.14996     87.115  0.000e+00
   39.31738  -73.36140     24.929     24.738     8.6592    33.8347      8.291     0.2968 1.2532e+00  1026.3727     8.6566    26.2594     8.1566    248.375    9.36431  285.15081     87.103  0.000e+00
   39.31738  -73.36140     24.898     24.707     8.6594    33.8348      8.291     0.2968 1.2497e+00  1026.3725     8.6568    26.2594     8.1622    248.547    9.36427  285.14956     87.164  0.000e+00
   39.31738  -73.36140     24.892     24.701     8.6593    33.8349      8.291     0.2834 1.2497e+00  1026.3726     8.6568    26.2596     8.1622    248.546    9.36426  285.14947     87.163  0.000e+00
   39.31738  -73.36140     24.888     24.697     8.6597    33.8343      8.291     0.2565 1.2532e+00  1026.3720     8.6571    26.2590     8.1552    248.332    9.36423  285.14856     87.088  0.000e+00
   39.31738  -73.36140     24.878     24.688     8.6596    33.8349      8.287     0.2565 1.2497e+00  1026.3725     8.6570    26.2595     8.1475    248.097    9.36422  285.14818     87.006  0.000e+00
   39.31738  -73.36140     24.873     24.682     8.6595    33.8351      8.291     0.2565 1.2497e+00  1026.3727     8.6569    26.2597     8.1460    248.053    9.36422  285.14796     86.991  0.000e+00
   39.31738  -73.36140     24.858     24.667     8.6597    33.8346      8.291     0.2565 1.2510e+00  1026.3721     8.6572    26.2592     8.1458    248.045    9.36420  285.14764     86.988  0.000e+00
   39.31738  -73.36140     24.858     24.667     8.6597    33.8348      8.291     0.2565 1.2488e+00  1026.3723     8.6571    26.2594     8.1462    248.059    9.36420  285.14742     86.993  0.000e+00
   39.31738  -73.36140     24.841     24.651     8.6598    33.8348      8.291     0.2565 1.2501e+00  1026.3722     8.6573    26.2594     8.1417    247.921    9.36417  285.14652     86.945  0.000e+00
   39.31738  -73.36140     24.837     24.647     8.6602    33.8344      8.291     0.2565 1.2488e+00  1026.3718     8.6576    26.2590     8.1561    248.360    9.36411  285.14506     87.099  0.000e+00
   39.31738  -73.36140     24.827     24.637     8.6603    33.8345      8.291     0.2565 1.2488e+00  1026.3719     8.6578    26.2591     8.1656    248.648    9.36408  285.14389     87.201  0.000e+00
   39.31738  -73.36140     24.831     24.641     8.6605    33.8345      8.291     0.2565 1.2439e+00  1026.3719     8.6579    26.2591     8.1682    248.729    9.36405  285.14301     87.229  0.000e+00
   39.31738  -73.36140     24.816     24.626     8.6607    33.8343      8.291     0.2565 1.2452e+00  1026.3715     8.6581    26.2588     8.1758    248.961    9.36402  285.14214     87.311  0.000e+00
   39.31738  -73.36140     24.801     24.611     8.6607    33.8341      8.291     0.2565 1.2465e+00  1026.3714     8.6581    26.2587     8.1772    249.002    9.36404  285.14274     87.326  0.000e+00
   39.31738  -73.36140     24.816     24.626     8.6607    33.8345      8.291     0.2565 1.2443e+00  1026.3717     8.6581    26.2590     8.1722    248.850    9.36401  285.14192     87.272  0.000e+00
   39.31738  -73.36140     24.816     24.626     8.6605    33.8348      8.291     0.2565 1.2443e+00  1026.3720     8.6580    26.2592     8.1666    248.679    9.36402  285.14224     87.212  0.000e+00
   39.31738  -73.36140     24.790     24.600     8.6608    33.8345      8.291     0.2565 1.2430e+00  1026.3716     8.6582    26.2590     8.1665    248.676    9.36398  285.14102     87.212  0.000e+00
   39.31738  -73.36140     24.797     24.607     8.6608    33.8343      8.291     0.2565 1.2382e+00  1026.3715     8.6582    26.2588     8.1664    248.675    9.36399  285.14144     87.211  0.000e+00
   39.31738  -73.36140     24.786     24.596     8.6609    33.8344      8.291     0.2565 1.2369e+00  1026.3715     8.6583    26.2589     8.1789    249.053    9.36398  285.14095     87.344  0.000e+00
   39.31738  -73.36140     24.801     24.611     8.6611    33.8345      8.291     0.2565 1.2357e+00  1026.3716     8.6586    26.2589     8.1792    249.065    9.36392  285.13907     87.349  0.000e+00
   39.31738  -73.36140     24.776     24.587     8.6615    33.8342      8.291     0.2565 1.2322e+00  1026.3712     8.6590    26.2586     8.1788    249.053    9.36385  285.13696     87.345  0.000e+00
   39.31738  -73.36140     24.786     24.596     8.6624    33.8336      8.291     0.2565 1.2322e+00  1026.3706     8.6599    26.2580     8.1914    249.436    9.36370  285.13275     87.481  0.000e+00
   39.31738  -73.36140     24.781     24.591     8.6629    33.8332      8.291     0.2565 1.2274e+00  1026.3702     8.6604    26.2576     8.1926    249.472    9.36362  285.13040     87.494  0.000e+00
