CalculateIndicators/WaterTemperature/Data/CTD_NYOS/202200727_C04.cnv
* Sea-Bird SBE 9 Data File:
* FileName = C:\Seabird 9 CTD\Data\2022\202207_offshore\202200727_C04.hex
* Software Version Seasave V 7.23.2
* Temperature SN = 4590
* Conductivity SN = 3228
* Number of Bytes Per Scan = 44
* Number of Voltage Words = 5
* Number of Scans Averaged by the Deck Unit = 1
* NMEA Latitude = 40 10.17 N
* NMEA Longitude = 073 19.22 W
* NMEA UTC (Time) = Dec 11 2002  02:32:05
* NMEA baud rate = 4800
** Ship: seawolf
** Station: 6.2
** Operator: TDK
# nquan = 18
# nvalues = 13572                       
# units = specified
# name 0 = latitude: Latitude [deg]
# name 1 = longitude: Longitude [deg]
# name 2 = prDM: Pressure, Digiquartz [db]
# name 3 = depSM: Depth [salt water, m]
# name 4 = t090C: Temperature [ITS-90, deg C]
# name 5 = sal00: Salinity, Practical [PSU]
# name 6 = ph: pH
# name 7 = flECO-AFL: Fluorescence, WET Labs ECO-AFL/FL [mg/m^3]
# name 8 = cpar: CPAR/Corrected Irradiance [%]
# name 9 = density00: Density [density, kg/m^3]
# name 10 = potemp090C: Potential Temperature [ITS-90, deg C]
# name 11 = sigma-é00: Density [sigma-theta, kg/m^3]
# name 12 = sbeox0Mg/L: Oxygen, SBE 43 [mg/l]
# name 13 = sbox0Mm/Kg: Oxygen, SBE 43 [umol/kg]
# name 14 = oxsolMg/L: Oxygen Saturation, Garcia & Gordon [mg/l]
# name 15 = oxsolMm/Kg: Oxygen Saturation, Garcia & Gordon [umol/kg]
# name 16 = sbeox0PS: Oxygen, SBE 43 [% saturation]
# name 17 = flag:  0.000e+00
# span 0 =   40.16960,   40.17002       
# span 1 =  -73.32048,  -73.31762       
# span 2 =      1.796,     37.698       
# span 3 =      1.782,     37.405       
# span 4 =     9.1783,    23.4091       
# span 5 =    31.2068,    32.6910       
# span 6 =      7.931,      8.110       
# span 7 =     0.1222,     2.2309       
# span 8 = 2.5320e-11, 9.9999e+04       
# span 9 =  1021.1767,  1025.4312       
# span 10 =     9.1745,    23.4086      
# span 11 =    21.1691,    25.2717      
# span 12 =     6.7535,     7.8726      
# span 13 =    206.612,    239.984      
# span 14 =    7.09080,    9.32795      
# span 15 =  216.95797,  284.32208      
# span 16 =     79.957,    104.720      
# span 17 = 0.0000e+00, 0.0000e+00      
# interval = seconds: 0.0416667
# start_time = Jul 27 2022 02:32:07 [System UTC, first data scan.]
# bad_flag = -9.990e-29
*END*
[from data line 11176]
   40.16992  -73.31810      2.737      2.716    23.3948    31.7473      8.104     0.3505 9.4396e+00  1021.3678    23.3943    21.3563     7.0643    216.146    7.09357  217.04175     99.587 -9.990e-29
   40.16992  -73.31810      2.737      2.716    23.3948    31.7472      8.104     0.3505 7.2956e+00  1021.3680    23.3942    21.3562     7.0646    216.157    7.09359  217.04214     99.592 -9.990e-29
   40.16992  -73.31810      2.748      2.727    23.3948    31.7472      8.104     0.3505 5.4896e+00  1021.3681    23.3943    21.3561     7.0698    216.314    7.09359  217.04199     99.664 -9.990e-29
   40.16992  -73.31810      2.737      2.716    23.3955    31.7470      8.104     0.3505 5.1693e+00  1021.3676    23.3949    21.3559     7.0704    216.331    7.09358  217.04168     99.673 -9.990e-29
   40.16992  -73.31810      2.746      2.725    23.3955    31.7468      8.104     0.3505 6.0480e+00  1021.3674    23.3949    21.3557     7.0662    216.203    7.09359  217.04196     99.614 -9.990e-29
   40.16992  -73.31810      2.737      2.716    23.3955    31.7466      8.104     0.3505 7.3279e+00  1021.3674    23.3950    21.3556     7.0665    216.214    7.09359  217.04204     99.618 -9.990e-29
   40.16992  -73.31810      2.748      2.727    23.3958    31.7466      8.104     0.3640 7.6556e+00  1021.3671    23.3953    21.3555     7.0717    216.371    7.09358  217.04170     99.691 -9.990e-29
   40.16992  -73.31810      2.737      2.716    23.3959    31.7466      8.104     0.3774 8.8047e+00  1021.3673    23.3953    21.3555     7.0675    216.245    7.09363  217.04338     99.632 -9.990e-29
   40.16992  -73.31810      2.746      2.725    23.3957    31.7465      8.104     0.3774 1.1581e+01  1021.3672    23.3951    21.3555     7.0679    216.255    7.09359  217.04222     99.637 -9.990e-29
   40.16992  -73.31810      2.737      2.716    23.3958    31.7465      8.104     0.3774 1.2539e+01  1021.3672    23.3953    21.3555     7.0728    216.406    7.09362  217.04325     99.706 -9.990e-29
   40.16992  -73.31810      2.727      2.706    23.3955    31.7464      8.104     0.3774 1.2213e+01  1021.3673    23.3950    21.3554     7.0732    216.417    7.09364  217.04383     99.711 -9.990e-29
   40.16992  -73.31810      2.737      2.716    23.3957    31.7462      8.104     0.3774 1.1318e+01  1021.3669    23.3951    21.3553     7.0735    216.428    7.09365  217.04401     99.716 -9.990e-29
   40.16992  -73.31810      2.737      2.716    23.3955    31.7459      8.104     0.3774 1.1016e+01  1021.3668    23.3950    21.3550     7.0742    216.448    7.09368  217.04500     99.725 -9.990e-29
   40.16992  -73.31810      2.727      2.706    23.3955    31.7456      8.104     0.3774 1.1059e+01  1021.3666    23.3949    21.3548     7.0748    216.468    7.09371  217.04596     99.734 -9.990e-29
   40.16992  -73.31810      2.727      2.706    23.3955    31.7452      8.104     0.3774 1.1581e+01  1021.3660    23.3950    21.3546     7.0752    216.478    7.09371  217.04575     99.739 -9.990e-29
   40.16992  -73.31810      2.727      2.706    23.3950    31.7450      8.104     0.3774 1.1804e+01  1021.3663    23.3944    21.3545     7.0707    216.341    7.09370  217.04551     99.675 -9.990e-29
   40.16992  -73.31810      2.716      2.695    23.3948    31.7450      8.104     0.3774 1.1405e+01  1021.3660    23.3942    21.3545     7.0753    216.481    7.09370  217.04550     99.740 -9.990e-29
   40.16992  -73.31810      2.727      2.706    23.3943    31.7450      8.104     0.3774 6.9155e+00  1021.3663    23.3937    21.3547     7.0708    216.343    7.09371  217.04574     99.676 -9.990e-29
   40.16992  -73.31810      2.707      2.686    23.3937    31.7452      8.104     0.3774 5.0390e+00  1021.3666    23.3931    21.3550     7.0756    216.492    7.09371  217.04587     99.745 -9.990e-29
   40.16992  -73.31810      2.718      2.697    23.3930    31.7454      8.104     0.3774 4.8597e+00  1021.3670    23.3925    21.3554     7.0711    216.354    7.09373  217.04643     99.681 -9.990e-29
   40.16992  -73.31810      2.707      2.686    23.3925    31.7457      8.104     0.3774 4.2236e+00  1021.3674    23.3919    21.3558     7.0759    216.502    7.09374  217.04685     99.749 -9.990e-29
   40.16992  -73.31810      2.697      2.676    23.3921    31.7460      8.104     0.3774 3.7427e+00  1021.3677    23.3915    21.3560     7.0762    216.511    7.09374  217.04679     99.753 -9.990e-29
   40.16992  -73.31810      2.697      2.676    23.3923    31.7460      8.104     0.3774 3.6763e+00  1021.3678    23.3918    21.3562     7.0717    216.372    7.09374  217.04654     99.689 -9.990e-29
   40.16992  -73.31810      2.686      2.665    23.3923    31.7460      8.104     0.3774 6.7608e+00  1021.3678    23.3917    21.3562     7.0765    216.519    7.09375  217.04695     99.757 -9.990e-29
   40.16992  -73.31810      2.686      2.665    23.3919    31.7460 -9.990e-29     0.3774 1.0678e+01  1021.3678    23.3914    21.3562     7.0768    216.528    7.09379  217.04805     99.761 -9.990e-29
   40.16992  -73.31810      2.676      2.656    23.3918    31.7458 -9.990e-29     0.3774 1.1581e+01  1021.3675    23.3912    21.3561     7.0768    216.527    7.09378  217.04784     99.760 -9.990e-29
   40.16992  -73.31810      2.665      2.645    23.3912    31.7458 -9.990e-29     0.3774 1.0430e+01  1021.3673    23.3906    21.3561     7.0766    216.524    7.09374  217.04679     99.759 -9.990e-29
   40.16992  -73.31808      2.656      2.635    23.3907    31.7458 -9.990e-29     0.3774 9.2120e+00  1021.3677    23.3902    21.3563     7.0766    216.522    7.09377  217.04745     99.758 -9.990e-29
   40.16992  -73.31808      2.646      2.626    23.3905    31.7459 -9.990e-29     0.3774 8.9883e+00  1021.3680    23.3899    21.3566     7.0765    216.520    7.09379  217.04821     99.756 -9.990e-29
   40.16992  -73.31808      2.635      2.615    23.3901    31.7459 -9.990e-29     0.3774 9.7490e+00  1021.3680    23.3896    21.3567     7.0764    216.515    7.09375  217.04717     99.755 -9.990e-29
   40.16992  -73.31808      2.635      2.615    23.3902    31.7459 -9.990e-29     0.3774 1.1188e+01  1021.3680    23.3896    21.3567     7.0810    216.657    7.09374  217.04678     99.820 -9.990e-29
   40.16992  -73.31808      2.626      2.605    23.3898    31.7459 -9.990e-29     0.3640 1.1670e+01  1021.3682    23.3892    21.3567     7.0763    216.513    7.09376  217.04747     99.754 -9.990e-29
   40.16992  -73.31808      2.626      2.605    23.3898    31.7450 -9.990e-29     0.3640 1.1939e+01  1021.3679    23.3893    21.3561     7.0761    216.507    7.09376  217.04747     99.751 -9.990e-29
   40.16992  -73.31808      2.616      2.596    23.3894    31.7450 -9.990e-29     0.3640 1.2823e+01  1021.3652    23.3889    21.3554     7.0759    216.501    7.09379  217.04829     99.748 -9.990e-29
   40.16992  -73.31808      2.595      2.575    23.3896    31.7450 -9.990e-29     0.3640 1.3160e+01  1021.3670    23.3890    21.3557     7.0805    216.641    7.09381  217.04907     99.812 -9.990e-29
   40.16992  -73.31808      2.616      2.596    23.3895    31.7455 -9.990e-29     0.3640 1.1894e+01  1021.3681    23.3889    21.3564     7.0757    216.496    7.09386  217.05063     99.744 -9.990e-29
   40.16992  -73.31808      2.595      2.575    23.3894    31.7457 -9.990e-29     0.3640 7.0408e+00  1021.3677    23.3889    21.3568     7.0756    216.492    7.09378  217.04801     99.744 -9.990e-29
   40.16992  -73.31808      2.605      2.585    23.3889    31.7459 -9.990e-29     0.3640 5.4355e+00  1021.3681    23.3883    21.3570     7.0755    216.488    7.09367  217.04450     99.744 -9.990e-29
   40.16992  -73.31808      2.595      2.575    23.3884    31.7460 -9.990e-29     0.3774 5.4625e+00  1021.3685    23.3878    21.3572     7.0750    216.473    7.09353  217.03972     99.739 -9.990e-29
   40.16992  -73.31808      2.605      2.585    23.3885    31.7460 -9.990e-29     0.3640 6.7301e+00  1021.3683    23.3880    21.3572     7.0747    216.463    7.09328  217.03212     99.738 -9.990e-29
   40.16992  -73.31808      2.605      2.585    23.3884    31.7461 -9.990e-29     0.3640 7.3927e+00  1021.3685    23.3878    21.3572     7.0744    216.454    7.09307  217.02569     99.736 -9.990e-29
   40.16992  -73.31808      2.605      2.585    23.3883    31.7461 -9.990e-29     0.3640 7.5234e+00  1021.3682    23.3878    21.3572     7.0690    216.290    7.09289  217.02043     99.663 -9.990e-29
   40.16992  -73.31808      2.606      2.586    23.3878    31.7460 -9.990e-29     0.3640 1.1493e+01  1021.3687    23.3873    21.3574     7.0686    216.278    7.09287  217.02027     99.658 -9.990e-29
   40.16992  -73.31808      2.605      2.585    23.3877    31.7460 -9.990e-29     0.3640 1.4791e+01  1021.3689    23.3871    21.3575     7.0681    216.262    7.09273  217.01609     99.653 -9.990e-29
   40.16992  -73.31808      2.605      2.585    23.3876    31.7456 -9.990e-29     0.3640 1.5277e+01  1021.3686    23.3871    21.3571     7.0676    216.247    7.09260  217.01196     99.648 -9.990e-29
   40.16992  -73.31808      2.605      2.585    23.3874    31.7456 -9.990e-29     0.3640 1.3505e+01  1021.3668    23.3869    21.3566     7.0671    216.233    7.09251  217.00941     99.642 -9.990e-29
   40.16992  -73.31808      2.595      2.575    23.3873    31.7456 -9.990e-29     0.3640 1.2213e+01  1021.3682    23.3868    21.3570     7.0715    216.367    7.09244  217.00732     99.705 -9.990e-29
   40.16992  -73.31808      2.606      2.586    23.3871    31.7462 -9.990e-29     0.3640 1.2030e+01  1021.3692    23.3866    21.3576     7.0666    216.217    7.09245  217.00799     99.635 -9.990e-29
   40.16992  -73.31808      2.584      2.564    23.3869    31.7465 -9.990e-29     0.3640 1.1849e+01  1021.3690    23.3864    21.3579     7.0662    216.204    7.09241  217.00682     99.630 -9.990e-29
   40.16992  -73.31808      2.595      2.575    23.3867    31.7468 -9.990e-29     0.3774 1.1625e+01  1021.3693    23.3862    21.3581     7.0706    216.340    7.09242  217.00701     99.693 -9.990e-29
   40.16992  -73.31808      2.595      2.575    23.3867    31.7470 -9.990e-29     0.3640 1.1581e+01  1021.3694    23.3862    21.3583     7.0657    216.190    7.09243  217.00749     99.623 -9.990e-29
   40.16992  -73.31808      2.575      2.555    23.3866    31.7472 -9.990e-29     0.3640 1.3705e+01  1021.3698    23.3861    21.3586     7.0657    216.188    7.09249  217.00918     99.622 -9.990e-29
   40.16992  -73.31808      2.576      2.556    23.3865    31.7472 -9.990e-29     0.3640 1.7899e+01  1021.3698    23.3860    21.3587     7.0656    216.187    7.09253  217.01035     99.620 -9.990e-29
   40.16992  -73.31808      2.565      2.545    23.3865    31.7472 -9.990e-29     0.3640 1.9307e+01  1021.3697    23.3860    21.3586     7.0652    216.175    7.09251  217.00974     99.615 -9.990e-29
   40.16992  -73.31808      2.565      2.545    23.3868    31.7470 -9.990e-29     0.3640 1.5223e+01  1021.3693    23.3863    21.3584     7.0649    216.164    7.09251  217.00979     99.610 -9.990e-29
   40.16992  -73.31808      2.554      2.534    23.3863    31.7468 -9.990e-29     0.3640 7.9585e+00  1021.3694    23.3858    21.3583     7.0648    216.162    7.09254  217.01078     99.609 -9.990e-29
   40.16992  -73.31808      2.544      2.525    23.3868    31.7466 -9.990e-29     0.3505 6.1925e+00  1021.3689    23.3863    21.3581     7.0644    216.149    7.09251  217.00963     99.603 -9.990e-29
   40.16992  -73.31808      2.555      2.536    23.3865    31.7465 -9.990e-29     0.3505 6.6083e+00  1021.3690    23.3860    21.3581     7.0640    216.138    7.09252  217.00989     99.598 -9.990e-29
   40.16992  -73.31808      2.535      2.515    23.3863    31.7464 -9.990e-29     0.3505 8.3392e+00  1021.3690    23.3858    21.3581     7.0639    216.135    7.09249  217.00914     99.597 -9.990e-29
   40.16992  -73.31808      2.544      2.525    23.3864    31.7463 -9.990e-29     0.3505 9.0997e+00  1021.3688    23.3859    21.3580     7.0639    216.133    7.09250  217.00940     99.596 -9.990e-29
   40.16992  -73.31808      2.535      2.515    23.3862    31.7462 -9.990e-29     0.3505 9.2120e+00  1021.3688    23.3857    21.3579     7.0638    216.132    7.09252  217.01001     99.595 -9.990e-29
   40.16992  -73.31808      2.524      2.504    23.3860    31.7462 -9.990e-29     0.3505 9.8275e+00  1021.3686    23.3855    21.3580     7.0686    216.278    7.09252  217.01008     99.662 -9.990e-29
   40.16992  -73.31808      2.544      2.525    23.3859    31.7462 -9.990e-29     0.3505 1.0186e+01  1021.3691    23.3854    21.3581     7.0688    216.285    7.09255  217.01084     99.665 -9.990e-29
   40.16992  -73.31808      2.535      2.515    23.3860    31.7464 -9.990e-29     0.3505 1.0026e+01  1021.3689    23.3855    21.3582     7.0691    216.292    7.09256  217.01112     99.669 -9.990e-29
   40.16992  -73.31808      2.544      2.525    23.3858    31.7464 -9.990e-29     0.3505 5.8208e+00  1021.3694    23.3853    21.3583     7.0690    216.290    7.09256  217.01117     99.668 -9.990e-29
   40.16992  -73.31808      2.535      2.515    23.3859    31.7464 -9.990e-29     0.3505 3.8546e+00  1021.3690    23.3854    21.3583     7.0692    216.296    7.09255  217.01084     99.671 -9.990e-29
   40.16992  -73.31808      2.535      2.515    23.3858    31.7463 -9.990e-29     0.3505 3.6543e+00  1021.3691    23.3853    21.3582     7.0691    216.295    7.09258  217.01192     99.669 -9.990e-29
   40.16992  -73.31808      2.535      2.515    23.3859    31.7463 -9.990e-29     0.3505 3.6763e+00  1021.3687    23.3854    21.3581     7.0694    216.301    7.09260  217.01258     99.672 -9.990e-29
   40.16992  -73.31808      2.544      2.525    23.3856    31.7463 -9.990e-29     0.3505 3.6543e+00  1021.3691    23.3851    21.3582     7.0693    216.300    7.09264  217.01398     99.671 -9.990e-29
   40.16992  -73.31808      2.535      2.515    23.3855    31.7466 -9.990e-29     0.3505 3.6323e+00  1021.3694    23.3850    21.3585     7.0696    216.307    7.09270  217.01559     99.674 -9.990e-29
   40.16992  -73.31808      2.535      2.515    23.3855    31.7467 -9.990e-29     0.3505 6.4579e+00  1021.3695    23.3850    21.3586     7.0698    216.314    7.09272  217.01615     99.676 -9.990e-29
   40.16992  -73.31808      2.535      2.515    23.3855    31.7467 -9.990e-29     0.3505 1.0720e+01  1021.3693    23.3850    21.3586     7.0697    216.311    7.09273  217.01640     99.675 -9.990e-29
   40.16992  -73.31808      2.535      2.515    23.3851    31.7468 -9.990e-29     0.3505 1.1894e+01  1021.3696    23.3846    21.3587     7.0699    216.317    7.09274  217.01671     99.677 -9.990e-29
   40.16992  -73.31808      2.535      2.515    23.3852    31.7468 -9.990e-29     0.3505 1.1449e+01  1021.3696    23.3847    21.3587     7.0700    216.320    7.09270  217.01542     99.680 -9.990e-29
   40.16992  -73.31808      2.514      2.495    23.3855    31.7468 -9.990e-29     0.3505 1.1016e+01  1021.3693    23.3850    21.3586     7.0702    216.327    7.09274  217.01689     99.682 -9.990e-29
   40.16992  -73.31808      2.524      2.504    23.3853    31.7467 -9.990e-29     0.3505 1.0931e+01  1021.3695    23.3848    21.3586     7.0704    216.333    7.09278  217.01835     99.684 -9.990e-29
   40.16992  -73.31808      2.514      2.495    23.3852    31.7466 -9.990e-29     0.3505 1.0389e+01  1021.3693    23.3847    21.3585     7.0705    216.336    7.09273  217.01646     99.687 -9.990e-29
   40.16992  -73.31808      2.514      2.495    23.3855    31.7464 -9.990e-29     0.3505 9.2120e+00  1021.3691    23.3850    21.3583     7.0706    216.341    7.09271  217.01567     99.689 -9.990e-29
   40.16992  -73.31808      2.505      2.485    23.3857    31.7463 -9.990e-29     0.3505 8.8412e+00  1021.3688    23.3852    21.3582     7.0708    216.346    7.09271  217.01585     99.691 -9.990e-29
   40.16992  -73.31808      2.514      2.495    23.3855    31.7463 -9.990e-29     0.3505 9.3253e+00  1021.3690    23.3850    21.3582     7.0713    216.360    7.09273  217.01615     99.697 -9.990e-29
