CalculateIndicators/WaterTemperature/Data/CTD_NYOS/20220203_C07.cnv
* Sea-Bird SBE 9 Data File:
* FileName = C:\Seabird 9 CTD\Data\2022\202202_offshore\20220203_C07.hex
* Software Version Seasave V 7.23.2
* Temperature SN = 4590
* Conductivity SN = 3228
* Number of Bytes Per Scan = 44
* Number of Voltage Words = 5
* Number of Scans Averaged by the Deck Unit = 1
* NMEA Latitude = 38 55.57 N
* NMEA Longitude = 073 13.06 W
* NMEA UTC (Time) = Jun 20 2002  01:15:16
* NMEA baud rate = 4800
** Ship: rv seawolf
** Station: 7.5
** Operator: TCM
# nquan = 18
# nvalues = 16845                                 
# units = specified
# name 0 = latitude: Latitude [deg]
# name 1 = longitude: Longitude [deg]
# name 2 = prDM: Pressure, Digiquartz [db]
# name 3 = depSM: Depth [salt water, m]
# name 4 = t090C: Temperature [ITS-90, deg C]
# name 5 = sal00: Salinity, Practical [PSU]
# name 6 = ph: pH
# name 7 = flECO-AFL: Fluorescence, WET Labs ECO-AFL/FL [mg/m^3]
# name 8 = cpar: CPAR/Corrected Irradiance [%]
# name 9 = density00: Density [density, kg/m^3]
# name 10 = potemp090C: Potential Temperature [ITS-90, deg C]
# name 11 = sigma-é00: Density [sigma-theta, kg/m^3]
# name 12 = sbeox0Mg/L: Oxygen, SBE 43 [mg/l]
# name 13 = sbox0Mm/Kg: Oxygen, SBE 43 [umol/kg]
# name 14 = oxsolMg/L: Oxygen Saturation, Garcia & Gordon [mg/l]
# name 15 = oxsolMm/Kg: Oxygen Saturation, Garcia & Gordon [umol/kg]
# name 16 = sbeox0PS: Oxygen, SBE 43 [% saturation]
# name 17 = flag:  0.000e+00
# span 0 =   38.92616,   38.92634                 
# span 1 =  -73.21970,  -73.21766                 
# span 2 =      2.258,     70.004                 
# span 3 =      2.240,     69.463                 
# span 4 =    10.0549,    10.1939                 
# span 5 =    33.9966,    34.0501                 
# span 6 =      8.266,      8.275                 
# span 7 =     0.1222,     0.2968                 
# span 8 = 5.0640e-11, 9.9999e+04                 
# span 9 =  1026.1483,  1026.5008                 
# span 10 =    10.0484,    10.1935                
# span 11 =    26.1364,    26.1888                
# span 12 =     7.6953,     7.8982                
# span 13 =    234.346,    240.536                
# span 14 =    9.04447,    9.07112                
# span 15 =  275.44458,  276.24739                
# span 16 =     84.980,     87.312                
# span 17 = 0.0000e+00, 0.0000e+00                
# interval = seconds: 0.0416667
# start_time = Feb 03 2022 01:15:16 [System UTC, first data scan.]
# bad_flag = -9.990e-29
*END*
[from data line 12061]
   38.92628  -73.21918     19.614     19.464    10.1544    34.0071      8.271     0.2431 9.9999e+04  1026.2392    10.1521    26.1508     7.7602    236.330    9.05169  275.66044     85.732  0.000e+00
   38.92628  -73.21918     19.604     19.455    10.1541    34.0076      8.271     0.2431 9.9999e+04  1026.2396    10.1519    26.1512     7.7618    236.379    9.05171  275.66114     85.750  0.000e+00
   38.92628  -73.21918     19.593     19.444    10.1547    34.0077      8.271     0.2431 9.9999e+04  1026.2395    10.1525    26.1512     7.7635    236.430    9.05159  275.65743     85.770  0.000e+00
   38.92628  -73.21918     19.574     19.425    10.1552    34.0079      8.271     0.2431 9.9999e+04  1026.2395    10.1530    26.1512     7.7708    236.652    9.05149  275.65421     85.851  0.000e+00
   38.92628  -73.21918     19.563     19.414    10.1561    34.0078      8.275     0.2431 9.9999e+04  1026.2392    10.1538    26.1510     7.7716    236.676    9.05132  275.64927     85.861  0.000e+00
   38.92628  -73.21918     19.553     19.404    10.1570    34.0075      8.271     0.2431 9.9999e+04  1026.2388    10.1548    26.1506     7.7713    236.669    9.05115  275.64422     85.860  0.000e+00
   38.92628  -73.21918     19.553     19.404    10.1584    34.0064      8.271     0.2431 9.9999e+04  1026.2377    10.1561    26.1495     7.7705    236.644    9.05095  275.63829     85.853  0.000e+00
   38.92628  -73.21918     19.533     19.384    10.1580    34.0068      8.271     0.2431 9.9999e+04  1026.2380    10.1558    26.1499     7.7640    236.444    9.05100  275.63962     85.780  0.000e+00
   38.92628  -73.21918     19.533     19.384    10.1579    34.0069      8.271     0.2431 9.9999e+04  1026.2381    10.1556    26.1500     7.7623    236.394    9.05102  275.64030     85.762  0.000e+00
   38.92628  -73.21918     19.523     19.374    10.1574    34.0069      8.271     0.2431 9.9999e+04  1026.2381    10.1551    26.1501     7.7733    236.729    9.05112  275.64323     85.882  0.000e+00
   38.92628  -73.21918     19.512     19.363    10.1572    34.0069      8.271     0.2431 9.9999e+04  1026.2381    10.1550    26.1501     7.7728    236.713    9.05115  275.64435     85.876  0.000e+00
   38.92628  -73.21918     19.502     19.354    10.1569    34.0070      8.275     0.2431 9.9999e+04  1026.2382    10.1546    26.1502     7.7717    236.679    9.05121  275.64603     85.863  0.000e+00
   38.92628  -73.21918     19.502     19.354    10.1565    34.0072      8.271     0.2431 9.9999e+04  1026.2384    10.1543    26.1505     7.7765    236.827    9.05127  275.64776     85.917  0.000e+00
   38.92628  -73.21918     19.493     19.344    10.1564    34.0076      8.271     0.2431 9.9999e+04  1026.2387    10.1542    26.1508     7.7824    237.005    9.05127  275.64779     85.981  0.000e+00
   38.92628  -73.21918     19.493     19.344    10.1562    34.0078      8.271     0.2431 9.9999e+04  1026.2389    10.1540    26.1510     7.7773    236.851    9.05129  275.64839     85.925  0.000e+00
   38.92628  -73.21918     19.482     19.333    10.1562    34.0076      8.271     0.2431 9.9999e+04  1026.2387    10.1540    26.1509     7.7782    236.879    9.05130  275.64877     85.935  0.000e+00
   38.92628  -73.21918     19.472     19.324    10.1562    34.0078      8.271     0.2431 9.9999e+04  1026.2387    10.1540    26.1510     7.7732    236.724    9.05130  275.64850     85.879  0.000e+00
   38.92628  -73.21918     19.472     19.324    10.1564    34.0079      8.271     0.2431 9.9999e+04  1026.2388    10.1542    26.1511     7.7729    236.717    9.05125  275.64712     85.877  0.000e+00
   38.92628  -73.21918     19.462     19.314    10.1567    34.0079      8.271     0.2431 9.9999e+04  1026.2388    10.1545    26.1510     7.7792    236.909    9.05119  275.64517     85.947  0.000e+00
   38.92628  -73.21918     19.462     19.314    10.1570    34.0080      8.271     0.2431 9.9999e+04  1026.2387    10.1548    26.1510     7.7795    236.918    9.05112  275.64322     85.951  0.000e+00
   38.92628  -73.21918     19.451     19.303    10.1574    34.0085      8.271     0.2431 9.9999e+04  1026.2390    10.1552    26.1513     7.7858    237.108    9.05102  275.64004     86.021  0.000e+00
   38.92628  -73.21918     19.451     19.303    10.1584    34.0075      8.271     0.2431 9.9999e+04  1026.2381    10.1561    26.1504     7.7925    237.312    9.05088  275.63612     86.096  0.000e+00
   38.92628  -73.21918     19.431     19.283    10.1590    34.0074      8.271     0.2431 9.9999e+04  1026.2378    10.1568    26.1502     7.7948    237.383    9.05076  275.63248     86.123  0.000e+00
   38.92628  -73.21918     19.442     19.294    10.1595    34.0076      8.271     0.2297 9.9999e+04  1026.2379    10.1573    26.1503     7.7971    237.455    9.05066  275.62929     86.150  0.000e+00
   38.92628  -73.21918     19.431     19.283    10.1600    34.0068      8.271     0.2297 9.9999e+04  1026.2372    10.1578    26.1496     7.7995    237.526    9.05060  275.62777     86.176  0.000e+00
   38.92628  -73.21918     19.431     19.283    10.1603    34.0071      8.271     0.2297 9.9999e+04  1026.2374    10.1581    26.1498     7.7964    237.432    9.05052  275.62531     86.143  0.000e+00
   38.92628  -73.21918     19.421     19.273    10.1607    34.0067      8.271     0.2297 9.9999e+04  1026.2370    10.1585    26.1494     7.7982    237.487    9.05048  275.62396     86.164  0.000e+00
   38.92628  -73.21918     19.421     19.273    10.1608    34.0071      8.271     0.2297 9.9999e+04  1026.2372    10.1586    26.1496     7.7995    237.526    9.05043  275.62249     86.178  0.000e+00
   38.92628  -73.21918     19.411     19.264    10.1610    34.0070      8.271     0.2297 9.9999e+04  1026.2371    10.1588    26.1496     7.7887    237.199    9.05040  275.62148     86.060  0.000e+00
   38.92628  -73.21918     19.411     19.264    10.1613    34.0067      8.271     0.2297 9.9999e+04  1026.2368    10.1591    26.1493     7.7895    237.221    9.05035  275.62019     86.068  0.000e+00
   38.92628  -73.21920     19.400     19.253    10.1615    34.0068      8.271     0.2297 9.9999e+04  1026.2368    10.1593    26.1493     7.7908    237.262    9.05031  275.61893     86.083  0.000e+00
   38.92628  -73.21920     19.400     19.253    10.1614    34.0068      8.271     0.2297 9.9999e+04  1026.2368    10.1592    26.1493     7.7929    237.324    9.05033  275.61955     86.106  0.000e+00
   38.92628  -73.21920     19.391     19.243    10.1617    34.0067      8.271     0.2297 9.9999e+04  1026.2366    10.1595    26.1492     7.7889    237.205    9.05029  275.61818     86.063  0.000e+00
   38.92628  -73.21920     19.381     19.234    10.1620    34.0064      8.271     0.2297 9.9999e+04  1026.2363    10.1598    26.1489     7.7960    237.420    9.05024  275.61675     86.141  0.000e+00
   38.92628  -73.21920     19.381     19.234    10.1621    34.0064      8.271     0.2297 9.9999e+04  1026.2362    10.1599    26.1489     7.8031    237.637    9.05021  275.61607     86.220  0.000e+00
   38.92628  -73.21920     19.370     19.223    10.1621    34.0066      8.271     0.2297 9.9999e+04  1026.2364    10.1599    26.1490     7.8037    237.654    9.05020  275.61567     86.227  0.000e+00
   38.92628  -73.21920     19.360     19.213    10.1623    34.0065      8.271     0.2297 9.9999e+04  1026.2362    10.1601    26.1489     7.7977    237.471    9.05017  275.61479     86.160  0.000e+00
   38.92628  -73.21920     19.360     19.213    10.1625    34.0060      8.271     0.2431 9.9999e+04  1026.2358    10.1603    26.1486     7.7965    237.436    9.05016  275.61457     86.148  0.000e+00
   38.92628  -73.21920     19.349     19.202    10.1626    34.0064      8.271     0.2297 9.9999e+04  1026.2360    10.1604    26.1488     7.7953    237.398    9.05011  275.61310     86.134  0.000e+00
   38.92628  -73.21920     19.349     19.202    10.1628    34.0063      8.271     0.2297 9.9999e+04  1026.2360    10.1606    26.1487     7.8006    237.559    9.05008  275.61210     86.193  0.000e+00
   38.92628  -73.21920     19.340     19.193    10.1626    34.0063      8.271     0.2297 9.9999e+04  1026.2359    10.1604    26.1487     7.8004    237.555    9.05012  275.61322     86.191  0.000e+00
   38.92628  -73.21920     19.319     19.172    10.1630    34.0063      8.271     0.2297 9.9999e+04  1026.2358    10.1608    26.1487     7.8001    237.546    9.05005  275.61108     86.189  0.000e+00
   38.92628  -73.21920     19.319     19.172    10.1631    34.0064      8.271     0.2297 9.9999e+04  1026.2358    10.1609    26.1487     7.8064    237.737    9.05002  275.61013     86.258  0.000e+00
   38.92628  -73.21920     19.309     19.163    10.1631    34.0065      8.271     0.2297 9.9999e+04  1026.2358    10.1609    26.1488     7.8072    237.762    9.05001  275.61000     86.267  0.000e+00
   38.92628  -73.21920     19.300     19.153    10.1631    34.0064      8.271     0.2297 9.9999e+04  1026.2357    10.1609    26.1487     7.8080    237.785    9.05002  275.61012     86.276  0.000e+00
   38.92628  -73.21920     19.289     19.142    10.1630    34.0068      8.271     0.2297 9.9999e+04  1026.2360    10.1608    26.1491     7.8022    237.607    9.05002  275.61014     86.211  0.000e+00
   38.92628  -73.21920     19.279     19.132    10.1631    34.0065      8.271     0.2297 9.9999e+04  1026.2357    10.1609    26.1488     7.7951    237.394    9.05001  275.60997     86.134  0.000e+00
   38.92628  -73.21920     19.268     19.122    10.1635    34.0061      8.271     0.2297 9.9999e+04  1026.2353    10.1613    26.1484     7.7875    237.162    9.04996  275.60862     86.050  0.000e+00
   38.92628  -73.21920     19.249     19.102    10.1636    34.0062      8.271     0.2431 9.9999e+04  1026.2353    10.1614    26.1485     7.7913    237.276    9.04993  275.60752     86.092  0.000e+00
   38.92628  -73.21920     19.249     19.102    10.1640    34.0059      8.271     0.2431 9.9999e+04  1026.2350    10.1618    26.1482     7.7896    237.224    9.04987  275.60592     86.074  0.000e+00
   38.92628  -73.21920     19.238     19.091    10.1646    34.0056      8.271     0.2431 9.9999e+04  1026.2346    10.1624    26.1479     7.7877    237.169    9.04977  275.60281     86.054  0.000e+00
   38.92628  -73.21920     19.219     19.072    10.1651    34.0055      8.275     0.2431 9.9999e+04  1026.2343    10.1629    26.1477     7.7799    236.930    9.04968  275.60011     85.969  0.000e+00
   38.92628  -73.21920     19.219     19.072    10.1651    34.0056      8.271     0.2431 9.9999e+04  1026.2344    10.1629    26.1478     7.7781    236.876    9.04967  275.59985     85.949  0.000e+00
   38.92628  -73.21920     19.198     19.052    10.1651    34.0056      8.271     0.2431 9.9999e+04  1026.2343    10.1629    26.1477     7.7764    236.822    9.04967  275.59996     85.930  0.000e+00
   38.92630  -73.21920     19.198     19.052    10.1653    34.0057      8.271     0.2431 9.9999e+04  1026.2344    10.1631    26.1478     7.7805    236.950    9.04963  275.59858     85.976  0.000e+00
   38.92630  -73.21920     19.177     19.031    10.1653    34.0055      8.271     0.2431 9.9999e+04  1026.2341    10.1631    26.1476     7.7853    237.094    9.04964  275.59908     86.029  0.000e+00
   38.92630  -73.21920     19.168     19.022    10.1653    34.0057      8.271     0.2431 9.9999e+04  1026.2342    10.1631    26.1478     7.7899    237.236    9.04963  275.59855     86.080  0.000e+00
   38.92630  -73.21920     19.157     19.011    10.1651    34.0057      8.271     0.2431 9.9999e+04  1026.2342    10.1629    26.1478     7.7891    237.211    9.04967  275.59980     86.071  0.000e+00
   38.92630  -73.21920     19.136     18.990    10.1646    34.0056      8.275     0.2431 9.9999e+04  1026.2341    10.1624    26.1478     7.7834    237.037    9.04977  275.60285     86.007  0.000e+00
   38.92630  -73.21920     19.126     18.981    10.1648    34.0061      8.271     0.2431 9.9999e+04  1026.2344    10.1626    26.1482     7.7830    237.024    9.04971  275.60080     86.003  0.000e+00
   38.92630  -73.21920     19.117     18.971    10.1649    34.0058      8.271     0.2431 9.9999e+04  1026.2342    10.1628    26.1480     7.7826    237.012    9.04969  275.60050     85.998  0.000e+00
   38.92630  -73.21920     19.106     18.960    10.1649    34.0058      8.271     0.2431 9.9999e+04  1026.2341    10.1628    26.1480     7.7827    237.016    9.04969  275.60049     86.000  0.000e+00
   38.92630  -73.21920     19.096     18.951    10.1653    34.0058      8.271     0.2431 9.9999e+04  1026.2339    10.1631    26.1479     7.7834    237.036    9.04963  275.59849     86.008  0.000e+00
   38.92630  -73.21920     19.086     18.941    10.1653    34.0061      8.271     0.2431 9.9999e+04  1026.2342    10.1631    26.1481     7.7835    237.041    9.04961  275.59783     86.010  0.000e+00
   38.92630  -73.21920     19.066     18.921    10.1653    34.0059      8.271     0.2431 9.9999e+04  1026.2339    10.1631    26.1480     7.7837    237.046    9.04962  275.59820     86.012  0.000e+00
   38.92630  -73.21920     19.066     18.921    10.1649    34.0062      8.271     0.2431 9.9999e+04  1026.2342    10.1628    26.1482     7.7774    236.854    9.04967  275.59980     85.941  0.000e+00
   38.92630  -73.21920     19.055     18.910    10.1651    34.0061      8.271     0.2431 9.9999e+04  1026.2340    10.1629    26.1481     7.7764    236.824    9.04964  275.59893     85.931  0.000e+00
   38.92630  -73.21920     19.045     18.900    10.1649    34.0065      8.275     0.2431 9.9999e+04  1026.2343    10.1628    26.1485     7.7761    236.813    9.04966  275.59926     85.927  0.000e+00
   38.92630  -73.21920     19.055     18.910    10.1653    34.0062      8.275     0.2431 9.9999e+04  1026.2341    10.1631    26.1482     7.7817    236.984    9.04960  275.59767     85.989  0.000e+00
   38.92630  -73.21920     19.036     18.891    10.1651    34.0066      8.271     0.2431 9.9999e+04  1026.2344    10.1629    26.1486     7.7824    237.007    9.04961  275.59787     85.997  0.000e+00
   38.92630  -73.21920     19.036     18.891    10.1653    34.0061      8.271     0.2431 9.9999e+04  1026.2339    10.1631    26.1481     7.7778    236.866    9.04961  275.59791     85.946  0.000e+00
   38.92630  -73.21920     19.025     18.880    10.1651    34.0060      8.271     0.2431 9.9999e+04  1026.2339    10.1629    26.1481     7.7727    236.712    9.04965  275.59903     85.890  0.000e+00
   38.92630  -73.21920     19.036     18.891    10.1653    34.0061      8.271     0.2297 9.9999e+04  1026.2339    10.1631    26.1481     7.7731    236.724    9.04961  275.59778     85.895  0.000e+00
   38.92630  -73.21920     19.025     18.880    10.1649    34.0066      8.271     0.2297 9.9999e+04  1026.2343    10.1628    26.1486     7.7797    236.923    9.04965  275.59899     85.967  0.000e+00
   38.92630  -73.21920     19.036     18.891    10.1651    34.0064      8.271     0.2297 9.9999e+04  1026.2342    10.1629    26.1484     7.7802    236.940    9.04963  275.59839     85.973  0.000e+00
   38.92630  -73.21920     19.025     18.880    10.1649    34.0065      8.271     0.2297 9.9999e+04  1026.2343    10.1628    26.1485     7.7749    236.777    9.04965  275.59912     85.914  0.000e+00
   38.92630  -73.21920     19.036     18.891    10.1651    34.0061      8.271     0.2297 9.9999e+04  1026.2340    10.1629    26.1481     7.7690    236.599    9.04964  275.59891     85.849  0.000e+00
   38.92630  -73.21920     19.036     18.891    10.1649    34.0062      8.271     0.2297 9.9999e+04  1026.2341    10.1628    26.1483     7.7616    236.374    9.04967  275.59978     85.767  0.000e+00
   38.92630  -73.21920     19.045     18.900    10.1649    34.0062      8.271     0.2297 9.9999e+04  1026.2341    10.1628    26.1483     7.7597    236.315    9.04967  275.59979     85.746  0.000e+00
