CalculateIndicators/WaterTemperature/Data/CTD_NYOS/20220929_C06.cnv
* Sea-Bird SBE 9 Data File:
* FileName = C:\Seabird 9 CTD\Data\2022\202209_offshore\20220929_C06.hex
* Software Version Seasave V 7.23.2
* Temperature SN = 4590
* Conductivity SN = 3228
* Number of Bytes Per Scan = 44
* Number of Voltage Words = 5
* Number of Scans Averaged by the Deck Unit = 1
* NMEA Latitude = 39 28.65 N
* NMEA Longitude = 073 04.17 W
* NMEA UTC (Time) = Feb 13 2003  02:00:06
* NMEA baud rate = 4800
** Ship: seawolf
** Station: 6.4
** Operator: tcm
# nquan = 18
# nvalues = 20424                       
# units = specified
# name 0 = latitude: Latitude [deg]
# name 1 = longitude: Longitude [deg]
# name 2 = prDM: Pressure, Digiquartz [db]
# name 3 = depSM: Depth [salt water, m]
# name 4 = t090C: Temperature [ITS-90, deg C]
# name 5 = sal00: Salinity, Practical [PSU]
# name 6 = ph: pH
# name 7 = flECO-AFL: Fluorescence, WET Labs ECO-AFL/FL [mg/m^3]
# name 8 = cpar: CPAR/Corrected Irradiance [%]
# name 9 = density00: Density [density, kg/m^3]
# name 10 = potemp090C: Potential Temperature [ITS-90, deg C]
# name 11 = sigma-é00: Density [sigma-theta, kg/m^3]
# name 12 = sbeox0Mg/L: Oxygen, SBE 43 [mg/l]
# name 13 = sbox0Mm/Kg: Oxygen, SBE 43 [umol/kg]
# name 14 = oxsolMg/L: Oxygen Saturation, Garcia & Gordon [mg/l]
# name 15 = oxsolMm/Kg: Oxygen Saturation, Garcia & Gordon [umol/kg]
# name 16 = sbeox0PS: Oxygen, SBE 43 [% saturation]
# name 17 = flag:  0.000e+00
# span 0 =   39.47670,   39.47752       
# span 1 =  -73.06958,  -73.06884       
# span 2 =      1.698,     63.206       
# span 3 =      1.685,     62.715       
# span 4 =    12.3854,    21.9719       
# span 5 =    33.5441,    36.8105       
# span 6 =      8.075,      8.413       
# span 7 =    -0.0255,     1.4116       
# span 8 = 5.0640e-11, 9.9999e+04       
# span 9 =  1023.6038,  1028.4503       
# span 10 =    12.3775,    21.9661      
# span 11 =    23.5890,    27.5531      
# span 12 =     4.9090,     7.5499      
# span 13 =    149.583,    230.252      
# span 14 =    7.15845,    8.64237      
# span 15 =  218.49671,  263.33530      
# span 16 =     56.811,     98.721      
# span 17 = 0.0000e+00, 0.0000e+00      
# interval = seconds: 0.0416667
# start_time = Sep 29 2022 02:00:09 [System UTC, first data scan.]
# bad_flag = -9.990e-29
*END*
[from data line 16161]
   39.47688  -73.06900     17.944     17.807    21.1415    33.8844      8.399     0.0282 5.0640e-11  1023.6850    21.1381    23.6074     6.8434    208.928    7.28984  222.55684     93.876 -9.990e-29
   39.47688  -73.06900     17.933     17.796    21.1420    33.8844      8.399     0.0282 5.0640e-11  1023.6844    21.1386    23.6073     6.8429    208.912    7.28991  222.55877     93.868 -9.990e-29
   39.47688  -73.06900     17.933     17.796    21.1419    33.8844      8.394     0.0282 5.0640e-11  1023.6847    21.1385    23.6073     6.8474    209.048    7.28991  222.55887     93.929 -9.990e-29
   39.47688  -73.06900     17.924     17.787    21.1419    33.8843      8.399     0.0282 5.0640e-11  1023.6847    21.1385    23.6073     6.8472    209.042    7.28990  222.55841     93.927 -9.990e-29
   39.47688  -73.06900     17.914     17.777    21.1419    33.8840      8.394     0.0282 5.0640e-11  1023.6842    21.1385    23.6071     6.8419    208.882    7.28982  222.55595     93.856 -9.990e-29
   39.47688  -73.06900     17.903     17.766    21.1413    33.8836      8.394     0.0282 5.0640e-11  1023.6840    21.1379    23.6068     6.8416    208.871    7.28985  222.55711     93.851 -9.990e-29
   39.47688  -73.06900     17.903     17.766    21.1412    33.8830      8.399     0.0282 5.0640e-11  1023.6838    21.1378    23.6065     6.8409    208.851    7.28987  222.55761     93.841 -9.990e-29
   39.47688  -73.06900     17.894     17.757    21.1414    33.8824      8.399     0.0282 5.0640e-11  1023.6828    21.1380    23.6060     6.8405    208.839    7.28978  222.55510     93.837 -9.990e-29
   39.47688  -73.06900     17.894     17.757    21.1408    33.8824      8.399     0.0148 5.0640e-11  1023.6827    21.1374    23.6058     6.8452    208.982    7.28978  222.55491     93.902 -9.990e-29
   39.47688  -73.06900     17.883     17.746    21.1401    33.8824      8.399     0.0148 5.0640e-11  1023.6827    21.1367    23.6059     6.8454    208.989    7.28989  222.55862     93.903 0.0000e+00
   39.47688  -73.06900     17.873     17.736    21.1399    33.8827      8.399     0.0148 5.0640e-11  1023.6831    21.1365    23.6066     6.8457    208.996    7.29002  222.56258     93.904 -9.990e-29
   39.47688  -73.06900     17.873     17.736    21.1394    33.8843      8.399     0.0148 5.0640e-11  1023.6850    21.1360    23.6078     6.8460    209.007    7.29020  222.56814     93.907 -9.990e-29
   39.47688  -73.06900     17.873     17.736    21.1403    33.8859      8.399     0.0148 5.0640e-11  1023.6859    21.1369    23.6089     6.8464    209.020    7.29041  222.57434     93.910 -9.990e-29
   39.47688  -73.06900     17.863     17.726    21.1408    33.8871      8.399     0.0148 5.0640e-11  1023.6871    21.1374    23.6096     6.8464    209.020    7.29052  222.57775     93.909 -9.990e-29
   39.47688  -73.06900     17.863     17.726    21.1422    33.8871      8.399     0.0148 5.0640e-11  1023.6869    21.1388    23.6098     6.8515    209.176    7.29068  222.58277     93.977 -9.990e-29
   39.47688  -73.06900     17.852     17.716    21.1426    33.8871      8.399     0.0148 5.0640e-11  1023.6866    21.1392    23.6095     6.8473    209.047    7.29085  222.58778     93.916 -9.990e-29
   39.47688  -73.06900     17.852     17.716    21.1437    33.8869      8.399     0.0013 5.0640e-11  1023.6856    21.1402    23.6088     6.8471    209.040    7.29065  222.58112     93.916 -9.990e-29
   39.47688  -73.06900     17.852     17.716    21.1440    33.8864      8.394     0.0148 5.0640e-11  1023.6852    21.1406    23.6083     6.8521    209.193    7.29033  222.57107     93.989 -9.990e-29
   39.47688  -73.06900     17.843     17.706    21.1443    33.8860      8.399     0.0148 5.0640e-11  1023.6847    21.1409    23.6079     6.8521    209.192    7.28997  222.55963     93.994 -9.990e-29
   39.47688  -73.06900     17.843     17.706    21.1443    33.8859      8.394     0.0148 5.0640e-11  1023.6845    21.1409    23.6076     6.8522    209.193    7.28963  222.54924     93.999 -9.990e-29
   39.47688  -73.06900     17.852     17.716    21.1447    33.8859      8.399     0.0148 5.0640e-11  1023.6842    21.1413    23.6075     6.8572    209.349    7.28936  222.54103     94.072 -9.990e-29
   39.47688  -73.06900     17.843     17.706    21.1449    33.8859      8.399     0.0148 5.0640e-11  1023.6845    21.1415    23.6076     6.8577    209.364    7.28915  222.53489     94.081 0.0000e+00
   39.47688  -73.06900     17.833     17.696    21.1450    33.8861      8.399     0.0013 5.0640e-11  1023.6847    21.1416    23.6078     6.8583    209.381    7.28905  222.53204     94.090 -9.990e-29
   39.47688  -73.06900     17.843     17.706    21.1454    33.8862      8.394     0.0148 5.0640e-11  1023.6846    21.1420    23.6078     6.8590    209.403    7.28907  222.53304     94.100 -9.990e-29
   39.47688  -73.06900     17.833     17.696    21.1456    33.8862      8.399     0.0148 5.0640e-11  1023.6847    21.1422    23.6077     6.8598    209.426    7.28913  222.53498     94.109 -9.990e-29
   39.47688  -73.06900     17.843     17.706    21.1459    33.8862      8.394     0.0013 5.0640e-11  1023.6842    21.1425    23.6077     6.8605    209.448    7.28916  222.53603     94.119 -9.990e-29
   39.47688  -73.06900     17.833     17.696    21.1459    33.8864      8.399     0.0148 5.0640e-11  1023.6846    21.1425    23.6077     6.8662    209.623    7.28920  222.53702     94.197 -9.990e-29
   39.47688  -73.06900     17.843     17.706    21.1461    33.8864      8.399     0.0148 5.0640e-11  1023.6849    21.1427    23.6078     6.8622    209.499    7.28916  222.53559     94.142 -9.990e-29
   39.47688  -73.06900     17.843     17.706    21.1466    33.8864      8.399     0.0148 5.0640e-11  1023.6845    21.1432    23.6077     6.8627    209.516    7.28902  222.53131     94.151 -9.990e-29
   39.47688  -73.06900     17.833     17.696    21.1466    33.8864      8.399     0.0148 5.0640e-11  1023.6846    21.1432    23.6075     6.8637    209.546    7.28902  222.53140     94.165 -9.990e-29
   39.47688  -73.06900     17.843     17.706    21.1468    33.8859      8.399     0.0148 5.0640e-11  1023.6841    21.1434    23.6072     6.8694    209.722    7.28908  222.53382     94.243 -9.990e-29
   39.47688  -73.06900     17.843     17.706    21.1466    33.8859      8.399     0.0148 5.0640e-11  1023.6837    21.1432    23.6068     6.8655    209.604    7.28921  222.53791     94.188 -9.990e-29
   39.47688  -73.06900     17.843     17.706    21.1466    33.8859      8.399     0.0148 5.0640e-11  1023.6831    21.1432    23.6067     6.8667    209.639    7.28937  222.54285     94.202 -9.990e-29
   39.47688  -73.06900     17.843     17.706    21.1464    33.8860      8.399     0.0282 5.0640e-11  1023.6839    21.1430    23.6073     6.8724    209.813    7.28939  222.54318     94.280 -9.990e-29
   39.47688  -73.06900     17.852     17.716    21.1466    33.8874      8.399     0.0416 5.0640e-11  1023.6854    21.1432    23.6083     6.8683    209.688    7.28930  222.54010     94.225 -9.990e-29
   39.47688  -73.06900     17.843     17.706    21.1470    33.8874      8.399     0.0551 5.0640e-11  1023.6866    21.1436    23.6089     6.8689    209.705    7.28917  222.53579     94.234 -9.990e-29
   39.47688  -73.06900     17.863     17.726    21.1479    33.8874      8.399     0.0551 5.0640e-11  1023.6857    21.1445    23.6085     6.8744    209.872    7.28899  222.53032     94.312 -9.990e-29
   39.47688  -73.06900     17.852     17.716    21.1482    33.8878      8.399     0.0551 5.0640e-11  1023.6839    21.1448    23.6076     6.8703    209.747    7.28891  222.52773     94.257 -9.990e-29
   39.47688  -73.06900     17.852     17.716    21.1482    33.8878      8.394     0.0551 5.0640e-11  1023.6836    21.1448    23.6073     6.8755    209.906    7.28878  222.52381     94.330 -9.990e-29
   39.47688  -73.06900     17.873     17.736    21.1484    33.8878      8.399     0.0551 5.0640e-11  1023.6851    21.1450    23.6080     6.8713    209.780    7.28870  222.52125     94.274 -9.990e-29
   39.47688  -73.06900     17.852     17.716    21.1495    33.8890      8.399     0.0551 5.0640e-11  1023.6859    21.1460    23.6087     6.8766    209.940    7.28865  222.51992     94.347 -9.990e-29
   39.47688  -73.06900     17.863     17.726    21.1505    33.8897      8.399     0.0551 5.0640e-11  1023.6861    21.1471    23.6090     6.8772    209.957    7.28860  222.51835     94.355 -9.990e-29
   39.47688  -73.06900     17.883     17.746    21.1514    33.8897      8.399     0.0416 5.0640e-11  1023.6861    21.1480    23.6090     6.8777    209.975    7.28861  222.51873     94.363 -9.990e-29
   39.47688  -73.06900     17.873     17.736    21.1518    33.8897      8.399     0.0551 5.0640e-11  1023.6860    21.1484    23.6088     6.8783    209.993    7.28867  222.52080     94.370 -9.990e-29
   39.47688  -73.06900     17.873     17.736    21.1519    33.8892      8.399     0.0551 5.0640e-11  1023.6852    21.1485    23.6083     6.8789    210.011    7.28871  222.52215     94.377 -9.990e-29
   39.47688  -73.06900     17.883     17.746    21.1519    33.8888 -9.990e-29     0.0551 5.0640e-11  1023.6849    21.1485    23.6080     6.8791    210.016    7.28873  222.52260     94.380 -9.990e-29
   39.47688  -73.06900     17.894     17.757    21.1517    33.8885      8.399     0.0551 5.0640e-11  1023.6849    21.1483    23.6078     6.8792    210.021    7.28874  222.52304     94.382 -9.990e-29
   39.47688  -73.06900     17.894     17.757    21.1516    33.8882      8.399     0.0551 5.0640e-11  1023.6848    21.1482    23.6076     6.8797    210.034    7.28874  222.52285     94.387 -9.990e-29
   39.47688  -73.06900     17.894     17.757    21.1516    33.8882      8.399     0.0551 5.0640e-11  1023.6844    21.1482    23.6075     6.8797    210.035    7.28874  222.52291     94.388 -9.990e-29
   39.47688  -73.06900     17.894     17.757    21.1510    33.8882      8.399     0.0416 5.0640e-11  1023.6846    21.1476    23.6077     6.8794    210.025    7.28870  222.52165     94.384 -9.990e-29
   39.47688  -73.06900     17.903     17.766    21.1509    33.8884      8.399     0.0551 5.0640e-11  1023.6850    21.1475    23.6080     6.8740    209.860    7.28861  222.51875     94.311 -9.990e-29
   39.47688  -73.06900     17.914     17.777    21.1507    33.8884      8.399     0.0551 5.0640e-11  1023.6857    21.1473    23.6082     6.8735    209.846    7.28854  222.51648     94.306 -9.990e-29
   39.47688  -73.06900     17.903     17.766    21.1514    33.8884      8.399     0.0416 5.0640e-11  1023.6853    21.1480    23.6080     6.8731    209.833    7.28852  222.51578     94.300 -9.990e-29
   39.47688  -73.06900     17.924     17.787    21.1516    33.8879 -9.990e-29     0.0416 5.0640e-11  1023.6844    21.1482    23.6074     6.8723    209.809    7.28847  222.51436     94.290 -9.990e-29
   39.47688  -73.06900     17.924     17.787    21.1516    33.8875 -9.990e-29     0.0551 5.0640e-11  1023.6841    21.1482    23.6071     6.8765    209.939    7.28850  222.51540     94.348 -9.990e-29
   39.47688  -73.06900     17.933     17.796    21.1521    33.8874      8.399     0.0551 5.0640e-11  1023.6842    21.1487    23.6069     6.8710    209.769    7.28848  222.51485     94.272 -9.990e-29
   39.47688  -73.06900     17.924     17.787    21.1523    33.8870      8.399     0.0416 5.0640e-11  1023.6839    21.1489    23.6065     6.8751    209.894    7.28845  222.51408     94.328 -9.990e-29
   39.47688  -73.06900     17.944     17.807    21.1517    33.8863      8.399     0.0282 5.0640e-11  1023.6833    21.1483    23.6061     6.8697    209.731    7.28839  222.51219     94.256 -9.990e-29
   39.47688  -73.06900     17.933     17.796    21.1510    33.8855      8.399     0.0013 5.0640e-11  1023.6829    21.1476    23.6058     6.8691    209.711    7.28837  222.51148     94.247 -9.990e-29
   39.47688  -73.06900     17.954     17.817    21.1498    33.8851      8.399    -0.0121 5.0640e-11  1023.6829    21.1464    23.6058     6.8734    209.842    7.28834  222.51052     94.307 -9.990e-29
   39.47688  -73.06900     17.964     17.826    21.1482    33.8847 -9.990e-29    -0.0121 5.0640e-11  1023.6834    21.1448    23.6058     6.8680    209.679    7.28836  222.51129     94.233 -9.990e-29
   39.47688  -73.06900     17.954     17.817    21.1477    33.8847      8.399     0.0013 5.0640e-11  1023.6828    21.1443    23.6056     6.8673    209.657    7.28837  222.51139     94.223 -9.990e-29
   39.47688  -73.06900     17.975     17.837    21.1468    33.8847      8.399    -0.0121 5.0640e-11  1023.6824    21.1434    23.6056     6.8665    209.632    7.28831  222.50983     94.213 -9.990e-29
   39.47688  -73.06900     17.975     17.837    21.1452    33.8849      8.399     0.0013 5.0640e-11  1023.6834    21.1418    23.6066     6.8661    209.619    7.28831  222.50968     94.206 -9.990e-29
   39.47688  -73.06900     17.984     17.847    21.1455    33.8874      8.399     0.0013 5.0640e-11  1023.6862    21.1421    23.6085     6.8652    209.593    7.28826  222.50799     94.196 -9.990e-29
   39.47688  -73.06900     17.995     17.858    21.1470    33.8903      8.399     0.0013 5.0640e-11  1023.6881    21.1435    23.6104     6.8644    209.567    7.28822  222.50655     94.184 -9.990e-29
   39.47688  -73.06900     17.995     17.858    21.1488    33.8926      8.399     0.0013 5.0640e-11  1023.6899    21.1453    23.6117     6.8637    209.547    7.28810  222.50277     94.177 -9.990e-29
   39.47688  -73.06900     18.005     17.867    21.1510    33.8932      8.399    -0.0121 5.0640e-11  1023.6901    21.1476    23.6120     6.8631    209.528    7.28800  222.49961     94.170 -9.990e-29
   39.47688  -73.06900     18.015     17.877    21.1533    33.8932      8.399     0.0013 5.0640e-11  1023.6891    21.1499    23.6114     6.8574    209.355    7.28788  222.49625     94.094 -9.990e-29
   39.47688  -73.06900     18.026     17.888    21.1551    33.8932      8.399     0.0013 5.0640e-11  1023.6882    21.1517    23.6105     6.8618    209.489    7.28782  222.49447     94.155 -9.990e-29
   39.47688  -73.06900     18.026     17.888    21.1562    33.8923      8.399    -0.0121 5.0640e-11  1023.6871    21.1527    23.6096     6.8566    209.331    7.28784  222.49536     94.083 -9.990e-29
   39.47688  -73.06900     18.035     17.897    21.1563    33.8912      8.399    -0.0121 5.0640e-11  1023.6863    21.1529    23.6087     6.8561    209.315    7.28782  222.49476     94.076 -9.990e-29
   39.47688  -73.06900     18.045     17.907    21.1563    33.8905      8.399    -0.0121 5.0640e-11  1023.6853    21.1529    23.6080     6.8556    209.298    7.28779  222.49372     94.069 -9.990e-29
   39.47688  -73.06900     18.056     17.918    21.1561    33.8905      8.399     0.0013 5.0640e-11  1023.6853    21.1527    23.6078     6.8601    209.436    7.28779  222.49355     94.131 -9.990e-29
   39.47688  -73.06900     18.066     17.927    21.1556    33.8905      8.399     0.0013 5.0640e-11  1023.6860    21.1522    23.6082     6.8599    209.430    7.28778  222.49321     94.129 -9.990e-29
   39.47688  -73.06900     18.077     17.938    21.1556    33.8905      8.399     0.0013 5.0640e-11  1023.6868    21.1522    23.6085     6.8550    209.280    7.28774  222.49207     94.062 -9.990e-29
   39.47688  -73.06900     18.077     17.938    21.1567    33.8905      8.399     0.0013 5.0640e-11  1023.6865    21.1533    23.6085     6.8594    209.416    7.28767  222.48984     94.124 -9.990e-29
   39.47688  -73.06900     18.096     17.957    21.1569    33.8903      8.399     0.0013 5.0640e-11  1023.6862    21.1534    23.6078     6.8543    209.259    7.28767  222.49001     94.053 -9.990e-29
   39.47688  -73.06900     18.096     17.957    21.1570    33.8889      8.399     0.0013 5.0640e-11  1023.6845    21.1536    23.6067     6.8538    209.244    7.28764  222.48896     94.047 -9.990e-29
   39.47688  -73.06900     18.107     17.968    21.1567    33.8883      8.399     0.0013 5.0640e-11  1023.6833    21.1532    23.6058     6.8536    209.239    7.28759  222.48752     94.045 -9.990e-29
