CalculateIndicators/WaterTemperature/Data/CTD_NYOS/20220929_C06.cnv
* Sea-Bird SBE 9 Data File:
* FileName = C:\Seabird 9 CTD\Data\2022\202209_offshore\20220929_C06.hex
* Software Version Seasave V 7.23.2
* Temperature SN = 4590
* Conductivity SN = 3228
* Number of Bytes Per Scan = 44
* Number of Voltage Words = 5
* Number of Scans Averaged by the Deck Unit = 1
* NMEA Latitude = 39 28.65 N
* NMEA Longitude = 073 04.17 W
* NMEA UTC (Time) = Feb 13 2003  02:00:06
* NMEA baud rate = 4800
** Ship: seawolf
** Station: 6.4
** Operator: tcm
# nquan = 18
# nvalues = 20424                       
# units = specified
# name 0 = latitude: Latitude [deg]
# name 1 = longitude: Longitude [deg]
# name 2 = prDM: Pressure, Digiquartz [db]
# name 3 = depSM: Depth [salt water, m]
# name 4 = t090C: Temperature [ITS-90, deg C]
# name 5 = sal00: Salinity, Practical [PSU]
# name 6 = ph: pH
# name 7 = flECO-AFL: Fluorescence, WET Labs ECO-AFL/FL [mg/m^3]
# name 8 = cpar: CPAR/Corrected Irradiance [%]
# name 9 = density00: Density [density, kg/m^3]
# name 10 = potemp090C: Potential Temperature [ITS-90, deg C]
# name 11 = sigma-é00: Density [sigma-theta, kg/m^3]
# name 12 = sbeox0Mg/L: Oxygen, SBE 43 [mg/l]
# name 13 = sbox0Mm/Kg: Oxygen, SBE 43 [umol/kg]
# name 14 = oxsolMg/L: Oxygen Saturation, Garcia & Gordon [mg/l]
# name 15 = oxsolMm/Kg: Oxygen Saturation, Garcia & Gordon [umol/kg]
# name 16 = sbeox0PS: Oxygen, SBE 43 [% saturation]
# name 17 = flag:  0.000e+00
# span 0 =   39.47670,   39.47752       
# span 1 =  -73.06958,  -73.06884       
# span 2 =      1.698,     63.206       
# span 3 =      1.685,     62.715       
# span 4 =    12.3854,    21.9719       
# span 5 =    33.5441,    36.8105       
# span 6 =      8.075,      8.413       
# span 7 =    -0.0255,     1.4116       
# span 8 = 5.0640e-11, 9.9999e+04       
# span 9 =  1023.6038,  1028.4503       
# span 10 =    12.3775,    21.9661      
# span 11 =    23.5890,    27.5531      
# span 12 =     4.9090,     7.5499      
# span 13 =    149.583,    230.252      
# span 14 =    7.15845,    8.64237      
# span 15 =  218.49671,  263.33530      
# span 16 =     56.811,     98.721      
# span 17 = 0.0000e+00, 0.0000e+00      
# interval = seconds: 0.0416667
# start_time = Sep 29 2022 02:00:09 [System UTC, first data scan.]
# bad_flag = -9.990e-29
*END*
[from data line 1609]
   39.47742 -9.990e-29     17.637     17.502    21.1091    33.8624 -9.990e-29     0.0282 5.0640e-11  1023.6754    21.1057    23.5995     6.8556    209.302    7.29570  222.73792     93.968 -9.990e-29
   39.47742 -9.990e-29     17.647     17.512    21.1086    33.8629 -9.990e-29     0.0416 5.0640e-11  1023.6762    21.1052    23.5999     6.8567    209.335    7.29614  222.75166     93.977 0.0000e+00
   39.47742 -9.990e-29     17.657     17.521    21.1084    33.8632 -9.990e-29     0.0416 5.0640e-11  1023.6765    21.1050    23.6003     6.8526    209.211    7.29639  222.75896     93.918 -9.990e-29
   39.47742 -9.990e-29     17.657     17.521    21.1084    33.8633 -9.990e-29     0.0416 5.0640e-11  1023.6766    21.1050    23.6004     6.8532    209.228    7.29659  222.76506     93.923 -9.990e-29
   39.47742 -9.990e-29     17.668     17.532    21.1086    33.8636 -9.990e-29     0.0416 5.0640e-11  1023.6762    21.1052    23.6006     6.8434    208.928    7.29675  222.76942     93.787 -9.990e-29
   39.47742 -9.990e-29     17.668     17.532    21.1082    33.8646 -9.990e-29     0.0416 5.0640e-11  1023.6772    21.1048    23.6012     6.8482    209.075    7.29678  222.77021     93.852 -9.990e-29
   39.47742 -9.990e-29     17.668     17.532    21.1089    33.8663 -9.990e-29     0.0416 5.0640e-11  1023.6786    21.1056    23.6023     6.8530    209.221    7.29675  222.76922     93.918 -9.990e-29
   39.47742 -9.990e-29     17.677     17.542    21.1107    33.8679 -9.990e-29     0.0416 5.0640e-11  1023.6799    21.1073    23.6031     6.8681    209.682    7.29674  222.76880     94.125 -9.990e-29
   39.47742 -9.990e-29     17.677     17.542    21.1130    33.8684 -9.990e-29     0.0416 5.0640e-11  1023.6795    21.1096    23.6032     6.8591    209.407    7.29675  222.76892     94.002 -9.990e-29
   39.47742 -9.990e-29     17.688     17.553    21.1148    33.8684 -9.990e-29     0.0416 5.0640e-11  1023.6791    21.1114    23.6028     6.8644    209.571    7.29676  222.76936     94.075 -9.990e-29
   39.47742 -9.990e-29     17.688     17.553    21.1160    33.8686 -9.990e-29     0.0416 5.0640e-11  1023.6783    21.1126    23.6023     6.8651    209.591    7.29679  222.77024     94.084 -9.990e-29
   39.47742 -9.990e-29     17.688     17.553    21.1170    33.8687 -9.990e-29     0.0282 5.0640e-11  1023.6780    21.1137    23.6020     6.8662    209.623    7.29689  222.77371     94.097 -9.990e-29
   39.47742 -9.990e-29     17.698     17.562    21.1177    33.8687 -9.990e-29     0.0416 5.0640e-11  1023.6781    21.1144    23.6020     6.8573    209.352    7.29707  222.77932     93.973 -9.990e-29
   39.47742 -9.990e-29     17.688     17.553    21.1183    33.8692 -9.990e-29     0.0416 5.0640e-11  1023.6784    21.1149    23.6021     6.8575    209.358    7.29729  222.78599     93.973 -9.990e-29
   39.47742 -9.990e-29     17.698     17.562    21.1190    33.8696 -9.990e-29     0.0416 5.0640e-11  1023.6785    21.1156    23.6024     6.8526    209.211    7.29748  222.79187     93.904 -9.990e-29
   39.47742 -9.990e-29     17.698     17.562    21.1190    33.8696 -9.990e-29     0.0416 5.0640e-11  1023.6791    21.1156    23.6024     6.8475    209.054    7.29765  222.79704     93.832 -9.990e-29
   39.47742 -9.990e-29     17.698     17.562    21.1197    33.8696 -9.990e-29     0.0416 5.0640e-11  1023.6784    21.1163    23.6022     6.8571    209.345    7.29776  222.80015     93.961 -9.990e-29
   39.47742 -9.990e-29     17.708     17.572    21.1197    33.8693 -9.990e-29     0.0416 5.0640e-11  1023.6781    21.1163    23.6018     6.8571    209.345    7.29772  222.79889     93.962 0.0000e+00
   39.47742 -9.990e-29     17.719     17.583    21.1199    33.8690 -9.990e-29     0.0416 5.0640e-11  1023.6779    21.1165    23.6016     6.8618    209.489    7.29772  222.79878     94.026 -9.990e-29
   39.47742 -9.990e-29     17.708     17.572    21.1202    33.8688 -9.990e-29     0.0416 5.0640e-11  1023.6776    21.1168    23.6014     6.8621    209.501    7.29778  222.80072     94.031 -9.990e-29
   39.47742 -9.990e-29     17.708     17.572    21.1201    33.8687 -9.990e-29     0.0416 5.0640e-11  1023.6775    21.1167    23.6013     6.8622    209.503    7.29788  222.80394     94.030 -9.990e-29
   39.47742 -9.990e-29     17.728     17.592    21.1199    33.8685 -9.990e-29     0.0416 5.0640e-11  1023.6777    21.1165    23.6012     6.8722    209.809    7.29794  222.80566     94.167 -9.990e-29
   39.47742 -9.990e-29     17.728     17.592    21.1197    33.8681 -9.990e-29     0.0416 5.0640e-11  1023.6775    21.1163    23.6010     6.8678    209.672    7.29794  222.80529     94.106 -9.990e-29
   39.47742 -9.990e-29     17.719     17.583    21.1199    33.8676 -9.990e-29     0.0282 5.0640e-11  1023.6768    21.1165    23.6005     6.8629    209.523    7.29789  222.80369     94.039 -9.990e-29
   39.47742 -9.990e-29     17.749     17.613    21.1192    33.8671 -9.990e-29     0.0282 5.0640e-11  1023.6767    21.1158    23.6003     6.8627    209.517    7.29785  222.80263     94.037 -9.990e-29
   39.47742 -9.990e-29     17.738     17.602    21.1186    33.8667 -9.990e-29     0.0416 5.0640e-11  1023.6765    21.1152    23.6001     6.8625    209.511    7.29783  222.80206     94.034 -9.990e-29
   39.47742 -9.990e-29     17.738     17.602    21.1178    33.8667 -9.990e-29     0.0416 5.0640e-11  1023.6762    21.1144    23.6001     6.8573    209.352    7.29787  222.80307     93.963 -9.990e-29
   39.47742 -9.990e-29     17.758     17.622    21.1172    33.8667 -9.990e-29     0.0416 5.0640e-11  1023.6770    21.1138    23.6005     6.8617    209.488    7.29785  222.80263     94.024 -9.990e-29
   39.47742 -9.990e-29     17.758     17.622    21.1172    33.8673 -9.990e-29     0.0416 5.0640e-11  1023.6776    21.1138    23.6010     6.8618    209.490    7.29786  222.80291     94.025 -9.990e-29
   39.47742 -9.990e-29     17.769     17.633    21.1171    33.8677 -9.990e-29     0.0416 5.0640e-11  1023.6780    21.1137    23.6013     6.8615    209.479    7.29778  222.80015     94.021 -9.990e-29
   39.47742 -9.990e-29     17.769     17.633    21.1176    33.8677 -9.990e-29     0.0416 5.0640e-11  1023.6779    21.1142    23.6014     6.8557    209.303    7.29763  222.79553     93.944 -9.990e-29
   39.47742 -9.990e-29     17.789     17.652    21.1177    33.8677 -9.990e-29     0.0416 5.0640e-11  1023.6780    21.1143    23.6013     6.8549    209.279    7.29749  222.79104     93.935 -9.990e-29
   39.47742 -9.990e-29     17.789     17.652    21.1174    33.8676 -9.990e-29     0.0282 5.0640e-11  1023.6779    21.1140    23.6012     6.8596    209.422    7.29748  222.79091     93.999 -9.990e-29
   39.47742 -9.990e-29     17.789     17.652    21.1177    33.8676 -9.990e-29     0.0416 5.0640e-11  1023.6775    21.1143    23.6011     6.8545    209.266    7.29742  222.78911     93.930 -9.990e-29
   39.47742 -9.990e-29     17.819     17.683    21.1176    33.8676 -9.990e-29     0.0416 5.0640e-11  1023.6781    21.1142    23.6012     6.8591    209.409    7.29741  222.78897     93.994 -9.990e-29
   39.47742 -9.990e-29     17.819     17.683    21.1178    33.8675 -9.990e-29     0.0416 5.0640e-11  1023.6781    21.1144    23.6011     6.8540    209.253    7.29736  222.78733     93.925 -9.990e-29
   39.47742 -9.990e-29     17.830     17.693    21.1179    33.8671 -9.990e-29     0.0416 5.0640e-11  1023.6777    21.1145    23.6007     6.8537    209.241    7.29731  222.78590     93.920 0.0000e+00
   39.47742 -9.990e-29     17.840     17.703    21.1181    33.8661 -9.990e-29     0.0416 5.0640e-11  1023.6769    21.1147    23.5999     6.8532    209.228    7.29724  222.78381     93.915 0.0000e+00
   39.47742 -9.990e-29     17.860     17.723    21.1176    33.8647 -9.990e-29     0.0416 5.0640e-11  1023.6756    21.1142    23.5990     6.8529    209.217    7.29721  222.78279     93.911 -9.990e-29
   39.47742 -9.990e-29     17.851     17.714    21.1161    33.8647 -9.990e-29     0.0282 5.0640e-11  1023.6750    21.1127    23.5987     6.8531    209.223    7.29712  222.78024     93.915 -9.990e-29
   39.47742 -9.990e-29     17.881     17.744    21.1151    33.8647 -9.990e-29     0.0416 5.0640e-11  1023.6761    21.1117    23.5992     6.8530    209.222    7.29710  222.77964     93.914 0.0000e+00
   39.47742 -9.990e-29     17.891     17.754    21.1146    33.8650 -9.990e-29     0.0416 5.0640e-11  1023.6772    21.1112    23.5999     6.8527    209.212    7.29707  222.77878     93.910 0.0000e+00
   39.47742 -9.990e-29     17.900     17.763    21.1142    33.8656 -9.990e-29     0.0416 5.0640e-11  1023.6777    21.1108    23.6005     6.8573    209.354    7.29703  222.77744     93.975 -9.990e-29
   39.47742 -9.990e-29     17.900     17.763    21.1141    33.8663 -9.990e-29     0.0416 5.0640e-11  1023.6777    21.1106    23.6010     6.8523    209.199    7.29698  222.77587     93.906 -9.990e-29
   39.47742 -9.990e-29     17.932     17.794    21.1141    33.8676 -9.990e-29     0.0416 5.0640e-11  1023.6790    21.1106    23.6020     6.8569    209.342    7.29696  222.77525     93.970 -9.990e-29
   39.47742 -9.990e-29     17.932     17.794    21.1146    33.8676 -9.990e-29     0.0416 5.0640e-11  1023.6812    21.1112    23.6030     6.8572    209.350    7.29694  222.77458     93.974 -9.990e-29
   39.47742 -9.990e-29     17.951     17.814    21.1158    33.8676 -9.990e-29     0.0416 5.0640e-11  1023.6811    21.1124    23.6027     6.8575    209.358    7.29691  222.77380     93.978 0.0000e+00
   39.47742 -9.990e-29     17.962     17.825    21.1164    33.8662 -9.990e-29     0.0416 5.0640e-11  1023.6785    21.1130    23.6006     6.8574    209.357    7.29687  222.77281     93.978 0.0000e+00
   39.47742 -9.990e-29     17.981     17.844    21.1156    33.8625 -9.990e-29     0.0282 5.0640e-11  1023.6745    21.1122    23.5980     6.8574    209.355    7.29687  222.77281     93.977 -9.990e-29
   39.47742 -9.990e-29     17.981     17.844    21.1132    33.8601 -9.990e-29     0.0282 5.0640e-11  1023.6731    21.1097    23.5966     6.8577    209.364    7.29689  222.77335     93.981 -9.990e-29
   39.47742 -9.990e-29     18.002     17.864    21.1110    33.8601 -9.990e-29     0.0282 5.0640e-11  1023.6744    21.1076    23.5968     6.8529    209.220    7.29689  222.77323     93.916 0.0000e+00
   39.47742 -9.990e-29     18.013     17.875    21.1095    33.8601 -9.990e-29     0.0282 5.0640e-11  1023.6748    21.1061    23.5976     6.8526    209.210    7.29691  222.77386     93.911 0.0000e+00
   39.47742 -9.990e-29     18.023     17.885    21.1079    33.8610 -9.990e-29     0.0148 5.0640e-11  1023.6763    21.1045    23.5986     6.8573    209.353    7.29694  222.77496     93.975 0.0000e+00
   39.47742 -9.990e-29     18.032     17.894    21.1072    33.8622 -9.990e-29     0.0282 5.0640e-11  1023.6776    21.1037    23.5997     6.8566    209.333    7.29696  222.77564     93.966 0.0000e+00
   39.47742 -9.990e-29     18.043     17.905    21.1070    33.8631 -9.990e-29     0.0282 5.0640e-11  1023.6786    21.1036    23.6005     6.8563    209.322    7.29701  222.77715     93.960 0.0000e+00
   39.47742 -9.990e-29     18.053     17.915    21.1070    33.8635 -9.990e-29     0.0282 5.0640e-11  1023.6788    21.1036    23.6009     6.8562    209.319    7.29703  222.77767     93.959 0.0000e+00
   39.47742 -9.990e-29     18.074     17.935    21.1070    33.8635 -9.990e-29     0.0282 5.0640e-11  1023.6789    21.1035    23.6011     6.8571    209.347    7.29709  222.77941     93.970 0.0000e+00
   39.47742 -9.990e-29     18.083     17.945    21.1068    33.8635 -9.990e-29     0.0282 5.0640e-11  1023.6791    21.1034    23.6011     6.8573    209.353    7.29709  222.77944     93.973 -9.990e-29
   39.47742 -9.990e-29     18.083     17.945    21.1066    33.8630 -9.990e-29     0.0282 5.0640e-11  1023.6791    21.1032    23.6007     6.8579    209.372    7.29713  222.78049     93.981 -9.990e-29
   39.47742 -9.990e-29     18.094     17.956    21.1065    33.8619 -9.990e-29     0.0282 5.0640e-11  1023.6777    21.1030    23.5999     6.8586    209.391    7.29718  222.78232     93.989 0.0000e+00
   39.47742 -9.990e-29     18.113     17.975    21.1056    33.8605 -9.990e-29     0.0282 5.0640e-11  1023.6770    21.1021    23.5991     6.8642    209.563    7.29723  222.78386     94.065 0.0000e+00
   39.47742 -9.990e-29     18.124     17.986    21.1043    33.8594 -9.990e-29     0.0282 5.0640e-11  1023.6765    21.1009    23.5986     6.8644    209.571    7.29726  222.78483     94.069 -9.990e-29
   39.47742 -9.990e-29     18.124     17.986    21.1031    33.8594 -9.990e-29     0.0282 5.0640e-11  1023.6762    21.0997    23.5984     6.8647    209.579    7.29732  222.78650     94.072 -9.990e-29
   39.47742 -9.990e-29     18.134     17.995    21.1019    33.8594 -9.990e-29     0.0282 5.0640e-11  1023.6765    21.0984    23.5988     6.8646    209.577    7.29737  222.78822     94.070 0.0000e+00
   39.47742 -9.990e-29     18.144     18.005    21.1007    33.8595 -9.990e-29     0.0282 5.0640e-11  1023.6777    21.0972    23.5994     6.8642    209.562    7.29738  222.78850     94.063 0.0000e+00
   39.47742 -9.990e-29     18.155     18.016    21.1007    33.8601 -9.990e-29     0.0282 5.0640e-11  1023.6784    21.0972    23.6001     6.8593    209.413    7.29738  222.78850     93.996 -9.990e-29
   39.47740 -9.990e-29     18.155     18.016    21.1004    33.8601 -9.990e-29     0.0282 5.0640e-11  1023.6790    21.0970    23.6004     6.8590    209.406    7.29739  222.78867     93.993 -9.990e-29
   39.47740 -9.990e-29     18.175     18.036    21.1003    33.8601 -9.990e-29     0.0282 5.0640e-11  1023.6784    21.0969    23.6002     6.8641    209.560    7.29734  222.78731     94.063 -9.990e-29
   39.47740 -9.990e-29     18.164     18.025    21.0997    33.8601 -9.990e-29     0.0148 5.0640e-11  1023.6780    21.0963    23.6000     6.8645    209.572    7.29733  222.78674     94.068 -9.990e-29
   39.47740 -9.990e-29     18.175     18.036    21.0993    33.8601 -9.990e-29     0.0282 5.0640e-11  1023.6783    21.0958    23.6002     6.8648    209.583    7.29733  222.78671     94.073 0.0000e+00
   39.47740 -9.990e-29     18.185     18.046    21.0989    33.8605 -9.990e-29     0.0148 5.0640e-11  1023.6793    21.0955    23.6007     6.8609    209.462    7.29737  222.78795     94.019 -9.990e-29
   39.47740 -9.990e-29     18.185     18.046    21.0992    33.8610 -9.990e-29     0.0282 5.0640e-11  1023.6795    21.0957    23.6011     6.8613    209.475    7.29738  222.78828     94.024 -9.990e-29
   39.47740 -9.990e-29     18.185     18.046    21.0993    33.8613 -9.990e-29     0.0148 5.0640e-11  1023.6799    21.0958    23.6014     6.8664    209.632    7.29741  222.78920     94.094 -9.990e-29
   39.47740 -9.990e-29     18.195     18.055    21.0994    33.8613 -9.990e-29     0.0148 5.0640e-11  1023.6799    21.0959    23.6014     6.8618    209.491    7.29742  222.78969     94.031 0.0000e+00
   39.47740 -9.990e-29     18.206     18.066    21.0993    33.8614 -9.990e-29     0.0013 5.0640e-11  1023.6797    21.0958    23.6013     6.8619    209.494    7.29744  222.79038     94.032 -9.990e-29
   39.47740 -9.990e-29     18.195     18.055    21.0994    33.8614 -9.990e-29     0.0148 5.0640e-11  1023.6796    21.0960    23.6013     6.8614    209.479    7.29720  222.78189     94.029 -9.990e-29
   39.47740 -9.990e-29     18.206     18.066    21.0994    33.8615 -9.990e-29     0.0148 5.0640e-11  1023.6795    21.0959    23.6015     6.8608    209.458    7.29650  222.75925     94.029 -9.990e-29
   39.47740 -9.990e-29     18.206     18.066    21.0996    33.8623 -9.990e-29     0.0013 5.0640e-11  1023.6804    21.0962    23.6020     6.8603    209.441    7.29586  222.73964     94.029 -9.990e-29
   39.47740 -9.990e-29     18.195     18.055    21.1003    33.8634 -9.990e-29     0.0148 5.0640e-11  1023.6812    21.0968    23.6027     6.8597    209.425    7.29529  222.72232     94.030 -9.990e-29
