CalculateIndicators/WaterTemperature/Data/CTD_NYOS/202200728_C16.cnv
* Sea-Bird SBE 9 Data File:
* FileName = C:\Seabird 9 CTD\Data\2022\202207_offshore\202200728_C16.hex
* Software Version Seasave V 7.23.2
* Temperature SN = 4590
* Conductivity SN = 3228
* Number of Bytes Per Scan = 44
* Number of Voltage Words = 5
* Number of Scans Averaged by the Deck Unit = 1
* NMEA Latitude = 40 23.38 N
* NMEA Longitude = 072 42.75 W
* NMEA UTC (Time) = Dec 12 2002  21:52:29
* NMEA baud rate = 4800
** Ship: seawolf
** Station: 4.2
** Operator: TCM
# nquan = 18
# nvalues = 13629                       
# units = specified
# name 0 = latitude: Latitude [deg]
# name 1 = longitude: Longitude [deg]
# name 2 = prDM: Pressure, Digiquartz [db]
# name 3 = depSM: Depth [salt water, m]
# name 4 = t090C: Temperature [ITS-90, deg C]
# name 5 = sal00: Salinity, Practical [PSU]
# name 6 = ph: pH
# name 7 = flECO-AFL: Fluorescence, WET Labs ECO-AFL/FL [mg/m^3]
# name 8 = cpar: CPAR/Corrected Irradiance [%]
# name 9 = density00: Density [density, kg/m^3]
# name 10 = potemp090C: Potential Temperature [ITS-90, deg C]
# name 11 = sigma-é00: Density [sigma-theta, kg/m^3]
# name 12 = sbeox0Mg/L: Oxygen, SBE 43 [mg/l]
# name 13 = sbox0Mm/Kg: Oxygen, SBE 43 [umol/kg]
# name 14 = oxsolMg/L: Oxygen Saturation, Garcia & Gordon [mg/l]
# name 15 = oxsolMm/Kg: Oxygen Saturation, Garcia & Gordon [umol/kg]
# name 16 = sbeox0PS: Oxygen, SBE 43 [% saturation]
# name 17 = flag:  0.000e+00
# span 0 =   40.38972,   40.39096       
# span 1 =  -72.71270,  -72.71250       
# span 2 =      0.468,     46.312       
# span 3 =      0.465,     45.950       
# span 4 =     8.3259,    23.5841       
# span 5 =     3.4826,    32.9132       
# span 6 =      7.911,      8.243       
# span 7 =    -0.0121,     2.7950       
# span 8 = 6.3304e-03, 1.4005e+02       
# span 9 =   999.9141,  1025.7666       
# span 10 =     8.3215,    23.5840      
# span 11 =     0.0310,    25.5579      
# span 12 =     7.1725,    10.4108      
# span 13 =    218.560,    317.713      
# span 14 =    7.07023,    9.49351      
# span 15 =  216.33296,  289.28378      
# span 16 =     75.553,    126.150      
# span 17 = 0.0000e+00, 0.0000e+00      
# interval = seconds: 0.0416667
# start_time = Jul 28 2022 21:52:28 [System UTC, first data scan.]
# bad_flag = -9.990e-29
*END*
[from data line 2011]
   40.38988  -72.71260     28.254     28.035     8.4814    32.8555      7.925     0.2565 1.6329e-01  1025.6478     8.4786    25.5191     7.3240    223.182    9.46556  288.44088     77.375 0.0000e+00
   40.38988  -72.71260     28.307     28.087     8.4799    32.8559      7.925     0.2700 1.6240e-01  1025.6486     8.4771    25.5197     7.3242    223.189    9.46576  288.44693     77.376 0.0000e+00
   40.38988  -72.71260     28.325     28.105     8.4783    32.8564      7.925     0.2700 1.6095e-01  1025.6493     8.4755    25.5202     7.3244    223.193    9.46586  288.44969     77.377 0.0000e+00
   40.38988  -72.71260     28.366     28.146     8.4772    32.8567      7.925     0.2700 1.6047e-01  1025.6499     8.4743    25.5207     7.3246    223.200    9.46598  288.45352     77.378 0.0000e+00
   40.38988  -72.71260     28.398     28.177     8.4762    32.8571      7.925     0.2565 1.5952e-01  1025.6504     8.4733    25.5212     7.3249    223.208    9.46614  288.45825     77.380 0.0000e+00
   40.38988  -72.71260     28.427     28.206     8.4750    32.8576      7.925     0.2700 1.5762e-01  1025.6510     8.4722    25.5217     7.3251    223.214    9.46617  288.45881     77.382 0.0000e+00
   40.38988  -72.71260     28.457     28.236     8.4737    32.8581      7.925     0.2565 1.5668e-01  1025.6522     8.4709    25.5222     7.3182    223.005    9.46608  288.45606     77.310 0.0000e+00
   40.38988  -72.71260     28.490     28.269     8.4734    32.8585      7.925     0.2565 1.5668e-01  1025.6522     8.4705    25.5227     7.3168    222.961    9.46587  288.44970     77.296 0.0000e+00
   40.38988  -72.71260     28.529     28.307     8.4726    32.8588      7.925     0.2565 1.5481e-01  1025.6532     8.4697    25.5231     7.3161    222.941    9.46563  288.44235     77.291 0.0000e+00
   40.38988  -72.71260     28.538     28.317     8.4722    32.8591      7.925     0.2700 1.5397e-01  1025.6532     8.4694    25.5233     7.3217    223.110    9.46532  288.43295     77.353 0.0000e+00
   40.38988  -72.71260     28.579     28.358     8.4714    32.8592      7.925     0.2565 1.5351e-01  1025.6537     8.4686    25.5235     7.3141    222.880    9.46516  288.42863     77.274 0.0000e+00
   40.38988  -72.71260     28.592     28.370     8.4713    32.8593      7.925     0.2565 1.5213e-01  1025.6539     8.4684    25.5237     7.3138    222.872    9.46524  288.43150     77.270 0.0000e+00
   40.38988  -72.71260     28.621     28.399     8.4709    32.8593      7.925     0.2565 1.5122e-01  1025.6541     8.4681    25.5237     7.3140    222.876    9.46575  288.44699     77.268 0.0000e+00
   40.38988  -72.71260     28.651     28.429     8.4706    32.8593      7.925     0.2565 1.5077e-01  1025.6541     8.4677    25.5237     7.3140    222.878    9.46610  288.45762     77.266 0.0000e+00
   40.38988  -72.71260     28.662     28.440     8.4705    32.8593      7.925     0.2565 1.4987e-01  1025.6543     8.4676    25.5238     7.3134    222.860    9.46645  288.46811     77.256 0.0000e+00
   40.38988  -72.71260     28.681     28.459     8.4700    32.8594      7.925     0.2565 1.4897e-01  1025.6547     8.4671    25.5239     7.3135    222.862    9.46670  288.47548     77.255 0.0000e+00
   40.38988  -72.71260     28.702     28.479     8.4700    32.8594      7.925     0.2700 1.4860e-01  1025.6546     8.4671    25.5239     7.3128    222.839    9.46682  288.47911     77.246 0.0000e+00
   40.38988  -72.71260     28.713     28.490     8.4698    32.8596      7.925     0.2565 1.4771e-01  1025.6546     8.4669    25.5241     7.3121    222.818    9.46693  288.48226     77.238 0.0000e+00
   40.38988  -72.71260     28.742     28.519     8.4698    32.8596      7.925     0.2565 1.4683e-01  1025.6555     8.4669    25.5242     7.3113    222.793    9.46692  288.48172     77.230 -9.990e-29
   40.38988  -72.71260     28.742     28.519     8.4696    32.8596      7.925     0.2565 1.4683e-01  1025.6550     8.4667    25.5242     7.3106    222.773    9.46703  288.48527     77.222 -9.990e-29
   40.38988  -72.71260     28.754     28.531     8.4692    32.8595      7.925     0.2968 1.4639e-01  1025.6550     8.4663    25.5240     7.3100    222.754    9.46708  288.48658     77.215 0.0000e+00
   40.38988  -72.71260     28.772     28.549     8.4696    32.8593      7.925     0.3237 1.4639e-01  1025.6549     8.4667    25.5239     7.3101    222.758    9.46716  288.48915     77.215 0.0000e+00
   40.38988  -72.71260     28.783     28.560     8.4696    32.8591      7.925     0.3237 1.4639e-01  1025.6547     8.4667    25.5238     7.3095    222.739    9.46714  288.48829     77.209 -9.990e-29
   40.38988  -72.71260     28.785     28.561     8.4687    32.8590      7.925     0.3371 1.4603e-01  1025.6551     8.4658    25.5238     7.3027    222.532    9.46719  288.48998     77.137 -9.990e-29
   40.38988  -72.71260     28.803     28.579     8.4680    32.8590      7.925     0.3237 1.4559e-01  1025.6548     8.4651    25.5238     7.3092    222.732    9.46722  288.49091     77.206 -9.990e-29
   40.38988  -72.71260     28.803     28.579     8.4675    32.8590      7.925     0.3237 1.4559e-01  1025.6552     8.4646    25.5240     7.3019    222.506    9.46726  288.49198     77.127 -9.990e-29
   40.38988  -72.71260     28.815     28.591     8.4672    32.8591      7.925     0.3237 1.4559e-01  1025.6554     8.4643    25.5241     7.3015    222.496    9.46727  288.49229     77.124 0.0000e+00
   40.38988  -72.71260     28.823     28.599     8.4675    32.8591      7.925     0.3237 1.4515e-01  1025.6553     8.4646    25.5241     7.3013    222.488    9.46728  288.49271     77.121 -9.990e-29
   40.38988  -72.71260     28.814     28.590     8.4678    32.8592      7.925     0.3371 1.4515e-01  1025.6552     8.4649    25.5241     7.3074    222.675    9.46735  288.49463     77.185 -9.990e-29
   40.38988  -72.71260     28.815     28.591     8.4682    32.8593      7.925     0.3237 1.4515e-01  1025.6555     8.4653    25.5241     7.3010    222.481    9.46738  288.49548     77.118 -9.990e-29
   40.38988  -72.71260     28.834     28.610     8.4692    32.8593      7.925     0.3371 1.4515e-01  1025.6555     8.4663    25.5241     7.3010    222.480    9.46735  288.49469     77.117 -9.990e-29
   40.38988  -72.71260     28.814     28.590     8.4701    32.8593      7.929     0.3237 1.4515e-01  1025.6551     8.4672    25.5238     7.3003    222.459    9.46739  288.49610     77.110 -9.990e-29
   40.38988  -72.71260     28.836     28.612     8.4706    32.8590      7.925     0.3371 1.4515e-01  1025.6546     8.4677    25.5236     7.3004    222.463    9.46741  288.49653     77.111 0.0000e+00
   40.38988  -72.71260     28.844     28.620     8.4705    32.8588      7.925     0.3237 1.4515e-01  1025.6548     8.4676    25.5234     7.2999    222.446    9.46741  288.49664     77.105 -9.990e-29
   40.38988  -72.71260     28.845     28.621     8.4703    32.8585      7.925     0.3237 1.4515e-01  1025.6545     8.4674    25.5232     7.3001    222.453    9.46739  288.49590     77.108 -9.990e-29
   40.38988  -72.71260     28.844     28.620     8.4701    32.8584      7.925     0.3237 1.4472e-01  1025.6544     8.4672    25.5232     7.2928    222.229    9.46746  288.49822     77.030 -9.990e-29
   40.38988  -72.71260     28.854     28.630     8.4696    32.8584      7.925     0.3237 1.4472e-01  1025.6547     8.4667    25.5233     7.2987    222.411    9.46748  288.49873     77.093 -9.990e-29
   40.38988  -72.71260     28.836     28.612     8.4693    32.8584      7.925     0.3237 1.4472e-01  1025.6547     8.4664    25.5233     7.2984    222.402    9.46745  288.49785     77.090 -9.990e-29
   40.38988  -72.71260     28.854     28.630     8.4687    32.8583      7.925     0.3237 1.4428e-01  1025.6546     8.4658    25.5233     7.2991    222.422    9.46751  288.49960     77.096 -9.990e-29
   40.38988  -72.71260     28.854     28.630     8.4681    32.8580      7.925     0.3237 1.4428e-01  1025.6547     8.4652    25.5231     7.2989    222.418    9.46750  288.49920     77.095 -9.990e-29
   40.38988  -72.71260     28.866     28.642     8.4677    32.8577      7.925     0.3371 1.4385e-01  1025.6542     8.4648    25.5229     7.2927    222.227    9.46750  288.49923     77.029 0.0000e+00
   40.38988  -72.71260     28.874     28.650     8.4667    32.8575      7.925     0.3237 1.4385e-01  1025.6546     8.4638    25.5229     7.2921    222.210    9.46761  288.50265     77.022 0.0000e+00
   40.38988  -72.71260     28.885     28.661     8.4664    32.8572      7.925     0.3371 1.4385e-01  1025.6542     8.4635    25.5228     7.2923    222.215    9.46759  288.50211     77.024 -9.990e-29
   40.38988  -72.71260     28.876     28.651     8.4664    32.8570      7.925     0.3371 1.4385e-01  1025.6542     8.4635    25.5226     7.2919    222.203    9.46763  288.50330     77.019 -9.990e-29
   40.38988  -72.71260     28.874     28.650     8.4664    32.8569      7.925     0.2700 1.4385e-01  1025.6538     8.4635    25.5226     7.2924    222.217    9.46770  288.50541     77.024 -9.990e-29
   40.38988  -72.71260     28.885     28.661     8.4654    32.8569      7.925     0.2162 1.4342e-01  1025.6540     8.4625    25.5226     7.2922    222.212    9.46776  288.50744     77.021 -9.990e-29
   40.38988  -72.71260     28.887     28.662     8.4644    32.8569      7.925     0.2028 1.4256e-01  1025.6541     8.4615    25.5228     7.2921    222.208    9.46778  288.50801     77.020 -9.990e-29
   40.38988  -72.71260     28.905     28.680     8.4629    32.8571      7.925     0.2028 1.4256e-01  1025.6549     8.4600    25.5232     7.2920    222.207    9.46778  288.50767     77.019 0.0000e+00
   40.38992  -72.71266     28.916     28.691     8.4616    32.8573      7.925     0.2028 1.4299e-01  1025.6552     8.4587    25.5235     7.2920    222.207    9.46776  288.50720     77.020 0.0000e+00
   40.38992  -72.71266     28.938     28.713     8.4607    32.8576      7.925     0.2162 1.4299e-01  1025.6556     8.4578    25.5239     7.2922    222.213    9.46781  288.50882     77.021 -9.990e-29
   40.38992  -72.71266     28.935     28.710     8.4600    32.8578      7.925     0.2028 1.4342e-01  1025.6562     8.4571    25.5242     7.2925    222.222    9.46787  288.51063     77.024 -9.990e-29
   40.38992  -72.71266     28.946     28.721     8.4595    32.8580      7.925     0.2028 1.4342e-01  1025.6561     8.4566    25.5244     7.2929    222.234    9.46795  288.51300     77.027 0.0000e+00
   40.38992  -72.71266     28.968     28.743     8.4587    32.8584      7.925     0.2028 1.4342e-01  1025.6566     8.4558    25.5248     7.2933    222.247    9.46799  288.51439     77.032 0.0000e+00
   40.38992  -72.71266     28.986     28.761     8.4582    32.8591      7.925     0.2028 1.4342e-01  1025.6576     8.4553    25.5254     7.2939    222.265    9.46805  288.51601     77.037 0.0000e+00
   40.38992  -72.71266     29.008     28.783     8.4585    32.8596      7.925     0.2028 1.4342e-01  1025.6580     8.4556    25.5257     7.2875    222.069    9.46804  288.51574     76.970 0.0000e+00
   40.38992  -72.71266     29.027     28.802     8.4595    32.8596      7.925     0.2028 1.4256e-01  1025.6579     8.4566    25.5259     7.2867    222.046    9.46808  288.51707     76.961 0.0000e+00
   40.38992  -72.71266     29.037     28.811     8.4603    32.8596      7.925     0.2028 1.4213e-01  1025.6586     8.4574    25.5258     7.2861    222.025    9.46812  288.51804     76.954 0.0000e+00
   40.38992  -72.71266     29.059     28.833     8.4621    32.8594      7.925     0.2028 1.4248e-01  1025.6577     8.4592    25.5251     7.2855    222.007    9.46814  288.51867     76.947 0.0000e+00
   40.38992  -72.71266     29.088     28.862     8.4633    32.8581      7.925     0.2162 1.4119e-01  1025.6564     8.4603    25.5240     7.2857    222.015    9.46815  288.51883     76.950 0.0000e+00
   40.38992  -72.71266     29.099     28.873     8.4634    32.8567      7.929     0.2028 1.4043e-01  1025.6551     8.4605    25.5230     7.2924    222.218    9.46820  288.52063     77.020 0.0000e+00
   40.38992  -72.71266     29.131     28.904     8.4613    32.8563      7.925     0.2162 1.4077e-01  1025.6548     8.4584    25.5225     7.2858    222.017    9.46820  288.52064     76.950 0.0000e+00
   40.38992  -72.71266     29.150     28.923     8.4597    32.8563      7.925     0.2028 1.3992e-01  1025.6550     8.4568    25.5226     7.2855    222.007    9.46809  288.51725     76.948 0.0000e+00
   40.38992  -72.71266     29.191     28.964     8.4577    32.8563      7.925     0.2162 1.3950e-01  1025.6564     8.4548    25.5232     7.2923    222.215    9.46807  288.51657     77.020 0.0000e+00
   40.38992  -72.71266     29.210     28.984     8.4564    32.8568      7.929     0.2028 1.3908e-01  1025.6570     8.4535    25.5239     7.2859    222.022    9.46805  288.51610     76.953 0.0000e+00
   40.38992  -72.71266     29.241     29.014     8.4557    32.8573      7.925     0.2028 1.3908e-01  1025.6575     8.4528    25.5244     7.2859    222.019    9.46796  288.51340     76.953 0.0000e+00
   40.38992  -72.71266     29.283     29.056     8.4550    32.8579      7.925     0.2028 1.3866e-01  1025.6585     8.4520    25.5249     7.2859    222.021    9.46793  288.51229     76.954 0.0000e+00
   40.38992  -72.71266     29.301     29.074     8.4550    32.8582      7.925     0.2162 1.3866e-01  1025.6588     8.4520    25.5252     7.2861    222.028    9.46793  288.51245     76.956 0.0000e+00
   40.38992  -72.71266     29.314     29.086     8.4544    32.8582      7.925     0.2028 1.3824e-01  1025.6588     8.4515    25.5253     7.2864    222.037    9.46795  288.51315     76.959 0.0000e+00
   40.38992  -72.71266     29.383     29.154     8.4543    32.8583      7.925     0.2028 1.3741e-01  1025.6591     8.4513    25.5254     7.2868    222.049    9.46795  288.51301     76.963 0.0000e+00
   40.38992  -72.71266     29.394     29.165     8.4537    32.8585      7.925     0.2028 1.3700e-01  1025.6595     8.4508    25.5256     7.2872    222.061    9.46786  288.51018     76.968 0.0000e+00
   40.38992  -72.71266     29.435     29.206     8.4538    32.8586      7.925     0.1894 1.3658e-01  1025.6599     8.4508    25.5258     7.2876    222.072    9.46762  288.50269     76.974 0.0000e+00
   40.38992  -72.71266     29.464     29.235     8.4536    32.8586      7.925     0.1894 1.3494e-01  1025.6599     8.4506    25.5258     7.2881    222.087    9.46741  288.49633     76.981 0.0000e+00
   40.38990  -72.71260     29.486     29.257     8.4535    32.8586      7.925     0.1894 1.3413e-01  1025.6600     8.4505    25.5258     7.2882    222.089    9.46753  288.50029     76.981 0.0000e+00
   40.38990  -72.71260     29.526     29.297     8.4531    32.8587      7.925     0.1894 1.3372e-01  1025.6606     8.4502    25.5260     7.2821    221.906    9.46773  288.50634     76.915 0.0000e+00
   40.38990  -72.71260     29.556     29.327     8.4531    32.8588      7.925     0.1894 1.3252e-01  1025.6606     8.4502    25.5260     7.2885    222.101    9.46771  288.50579     76.983 0.0000e+00
   40.38990  -72.71260     29.567     29.338     8.4531    32.8588      7.925     0.1894 1.3211e-01  1025.6605     8.4502    25.5260     7.2887    222.106    9.46764  288.50359     76.986 0.0000e+00
   40.38990  -72.71260     29.617     29.387     8.4528    32.8588      7.925     0.1894 1.3171e-01  1025.6609     8.4498    25.5260     7.2819    221.898    9.46752  288.49992     76.915 0.0000e+00
   40.38990  -72.71260     29.639     29.409     8.4526    32.8587      7.925     0.1894 1.3052e-01  1025.6611     8.4497    25.5260     7.2822    221.909    9.46743  288.49703     76.919 0.0000e+00
   40.38990  -72.71260     29.679     29.448     8.4528    32.8587      7.925     0.1894 1.3013e-01  1025.6611     8.4498    25.5259     7.2819    221.898    9.46731  288.49350     76.916 0.0000e+00
