CalculateIndicators/WaterTemperature/Data/CTD_NYOS/20220513_C07.cnv
* Sea-Bird SBE 9 Data File:
* FileName = C:\Seabird 9 CTD\Data\2022\202205_offshore\20220513_C07.hex
* Software Version Seasave V 7.23.2
* Temperature SN = 4590
* Conductivity SN = 3228
* Number of Bytes Per Scan = 44
* Number of Voltage Words = 5
* Number of Scans Averaged by the Deck Unit = 1
* NMEA Latitude = 38 55.65 N
* NMEA Longitude = 073 13.10 W
* NMEA UTC (Time) = Sep 27 2002  22:50:45
* NMEA baud rate = 4800
** Ship: seawolf
** Station: 7.5
** Operator: TDK
# nquan = 18
# nvalues = 15932                       
# units = specified
# name 0 = latitude: Latitude [deg]
# name 1 = longitude: Longitude [deg]
# name 2 = prDM: Pressure, Digiquartz [db]
# name 3 = depSM: Depth [salt water, m]
# name 4 = t090C: Temperature [ITS-90, deg C]
# name 5 = sal00: Salinity, Practical [PSU]
# name 6 = ph: pH
# name 7 = flECO-AFL: Fluorescence, WET Labs ECO-AFL/FL [mg/m^3]
# name 8 = cpar: CPAR/Corrected Irradiance [%]
# name 9 = density00: Density [density, kg/m^3]
# name 10 = potemp090C: Potential Temperature [ITS-90, deg C]
# name 11 = sigma-é00: Density [sigma-theta, kg/m^3]
# name 12 = sbeox0Mg/L: Oxygen, SBE 43 [mg/l]
# name 13 = sbox0Mm/Kg: Oxygen, SBE 43 [umol/kg]
# name 14 = oxsolMg/L: Oxygen Saturation, Garcia & Gordon [mg/l]
# name 15 = oxsolMm/Kg: Oxygen Saturation, Garcia & Gordon [umol/kg]
# name 16 = sbeox0PS: Oxygen, SBE 43 [% saturation]
# name 17 = flag:  0.000e+00
# span 0 =   38.92764,   38.92852       
# span 1 =  -73.21988,  -73.21832       
# span 2 =      1.456,     73.358       
# span 3 =      1.445,     72.790       
# span 4 =     9.9110,    11.3031       
# span 5 =    33.2626,    34.1949       
# span 6 =      8.083,      8.123       
# span 7 =     0.1625,     1.3713       
# span 8 = 1.6179e-13, 1.8185e+01       
# span 9 =  1025.3519,  1026.4868       
# span 10 =     9.9099,    11.2947      
# span 11 =    25.4473,    26.1602      
# span 12 =     8.1774,     9.3933      
# span 13 =    249.032,    286.169      
# span 14 =    8.82189,    9.13107      
# span 15 =  268.68053,  278.18114      
# span 16 =     92.004,    102.876      
# span 17 = 0.0000e+00, 0.0000e+00      
# interval = seconds: 0.0416667
# start_time = May 13 2022 22:50:45 [System UTC, first data scan.]
# bad_flag = -9.990e-29
*END*
[from data line 11016]
   38.92822  -73.21938     22.229     22.060     9.9990    33.6667      8.095     0.6057 6.0835e-01  1026.0117     9.9965    25.9115     8.7272    265.839    9.10280  277.28200     95.873 -9.990e-29
   38.92822  -73.21938     22.232     22.063     9.9987    33.6667      8.095     0.6057 6.1010e-01  1026.0119     9.9962    25.9115     8.7275    265.851    9.10268  277.27824     95.879 -9.990e-29
   38.92822  -73.21938     22.229     22.060     9.9988    33.6667      8.095     0.6057 6.1010e-01  1026.0119     9.9963    25.9115     8.7273    265.845    9.10265  277.27742     95.877 -9.990e-29
   38.92822  -73.21938     22.232     22.063     9.9987    33.6667      8.095     0.6057 6.0835e-01  1026.0120     9.9962    25.9115     8.7214    265.663    9.10266  277.27779     95.811 -9.990e-29
   38.92822  -73.21938     22.229     22.060     9.9990    33.6666      8.095     0.6057 6.0835e-01  1026.0116     9.9965    25.9114     8.7264    265.816    9.10275  277.28078     95.865 0.0000e+00
   38.92822  -73.21938     22.221     22.052     9.9990    33.6664      8.095     0.5923 6.0835e-01  1026.0117     9.9965    25.9113     8.7260    265.806    9.10272  277.27957     95.862 0.0000e+00
   38.92822  -73.21938     22.209     22.040     9.9988    33.6661      8.095     0.6057 6.0835e-01  1026.0112     9.9963    25.9111     8.7256    265.792    9.10262  277.27650     95.858 0.0000e+00
   38.92822  -73.21938     22.202     22.033     9.9987    33.6661      8.095     0.6057 6.1010e-01  1026.0111     9.9962    25.9110     8.7258    265.798    9.10257  277.27493     95.861 -9.990e-29
   38.92822  -73.21938     22.212     22.042     9.9985    33.6661      8.095     0.6057 6.1010e-01  1026.0113     9.9960    25.9111     8.7255    265.788    9.10263  277.27677     95.857 -9.990e-29
   38.92822  -73.21938     22.198     22.029     9.9984    33.6663      8.095     0.6057 6.1010e-01  1026.0115     9.9959    25.9112     8.7193    265.599    9.10270  277.27887     95.788 -9.990e-29
   38.92822  -73.21938     22.202     22.033     9.9987    33.6663      8.095     0.6057 6.1010e-01  1026.0113     9.9962    25.9112     8.7240    265.742    9.10273  277.28016     95.839 -9.990e-29
   38.92822  -73.21938     22.209     22.040     9.9987    33.6663      8.095     0.6057 6.1201e-01  1026.0114     9.9962    25.9113     8.7234    265.726    9.10278  277.28166     95.833 -9.990e-29
   38.92822  -73.21938     22.191     22.022     9.9988    33.6665      8.095     0.6192 6.1201e-01  1026.0115     9.9963    25.9114     8.7235    265.728    9.10277  277.28137     95.833 0.0000e+00
   38.92822  -73.21938     22.188     22.019     9.9988    33.6665      8.095     0.6326 6.1201e-01  1026.0116     9.9963    25.9115     8.7178    265.555    9.10285  277.28368     95.770 -9.990e-29
   38.92822  -73.21938     22.191     22.022     9.9988    33.6665      8.095     0.6192 6.1201e-01  1026.0119     9.9963    25.9116     8.7173    265.539    9.10294  277.28644     95.763 -9.990e-29
   38.92822  -73.21938     22.188     22.019     9.9988    33.6665      8.095     0.6326 6.1201e-01  1026.0115     9.9963    25.9113     8.7166    265.518    9.10285  277.28319     95.757 -9.990e-29
   38.92822  -73.21938     22.202     22.033     9.9990    33.6661      8.095     0.6192 6.1201e-01  1026.0111     9.9965    25.9110     8.7151    265.471    9.10196  277.25476     95.750 -9.990e-29
   38.92822  -73.21938     22.191     22.022     9.9987    33.6661      8.095     0.6192 6.1377e-01  1026.0109     9.9962    25.9109     8.7192    265.594    9.10087  277.22155     95.806 -9.990e-29
   38.92822  -73.21938     22.198     22.029     9.9982    33.6660      8.095     0.6192 6.1377e-01  1026.0113     9.9957    25.9111     8.7192    265.597    9.10096  277.22542     95.806 -9.990e-29
   38.92822  -73.21940     22.191     22.022     9.9982    33.6660      8.095     0.6192 6.1377e-01  1026.0114     9.9957    25.9112     8.7139    265.434    9.10139  277.23896     95.742 -9.990e-29
   38.92822  -73.21940     22.198     22.029     9.9982    33.6660      8.095     0.6192 6.1377e-01  1026.0113     9.9957    25.9111     8.7136    265.425    9.10174  277.24991     95.735 -9.990e-29
   38.92822  -73.21940     22.202     22.033     9.9982    33.6659      8.095     0.6192 6.1570e-01  1026.0113     9.9957    25.9110     8.7130    265.408    9.10185  277.25277     95.728 -9.990e-29
   38.92822  -73.21940     22.198     22.029     9.9984    33.6658      8.095     0.6192 6.1393e-01  1026.0111     9.9959    25.9109     8.7122    265.383    9.10168  277.24775     95.720 -9.990e-29
   38.92822  -73.21940     22.212     22.042     9.9983    33.6658      8.095     0.6192 6.1393e-01  1026.0111     9.9958    25.9109     8.7113    265.357    9.10152  277.24236     95.713 -9.990e-29
   38.92822  -73.21940     22.218     22.049     9.9980    33.6657      8.095     0.6192 6.1393e-01  1026.0113     9.9955    25.9108     8.7111    265.349    9.10128  277.23480     95.713 -9.990e-29
   38.92822  -73.21940     22.212     22.042     9.9982    33.6656      8.095     0.6192 6.1393e-01  1026.0109     9.9957    25.9108     8.7102    265.323    9.10103  277.22731     95.706 -9.990e-29
   38.92822  -73.21940     22.221     22.052     9.9978    33.6656      8.095     0.6192 6.1410e-01  1026.0111     9.9953    25.9108     8.7100    265.315    9.10080  277.22021     95.706 -9.990e-29
   38.92822  -73.21940     22.229     22.060     9.9979    33.6656      8.095     0.6326 6.1410e-01  1026.0111     9.9954    25.9108     8.7099    265.314    9.10072  277.21774     95.706 -9.990e-29
   38.92822  -73.21940     22.221     22.052     9.9977    33.6655      8.095     0.6192 6.1234e-01  1026.0111     9.9952    25.9108     8.7092    265.293    9.10061  277.21434     95.700 -9.990e-29
   38.92822  -73.21940     22.239     22.070     9.9974    33.6655      8.095     0.6192 6.1428e-01  1026.0111     9.9949    25.9107     8.7150    265.468    9.10050  277.21073     95.764 -9.990e-29
   38.92822  -73.21940     22.262     22.093     9.9977    33.6655      8.095     0.6192 6.1428e-01  1026.0109     9.9952    25.9107     8.7097    265.307    9.10034  277.20579     95.708 -9.990e-29
   38.92822  -73.21940     22.260     22.090     9.9973    33.6656      8.095     0.6192 6.1428e-01  1026.0115     9.9948    25.9109     8.7097    265.306    9.10022  277.20233     95.709 -9.990e-29
   38.92822  -73.21940     22.262     22.093     9.9972    33.6656      8.095     0.6326 6.1252e-01  1026.0118     9.9947    25.9111     8.7091    265.289    9.10019  277.20155     95.703 -9.990e-29
   38.92822  -73.21940     22.279     22.109     9.9973    33.6657      8.095     0.6192 6.1270e-01  1026.0114     9.9948    25.9109     8.7085    265.270    9.10010  277.19884     95.697 -9.990e-29
   38.92822  -73.21940     22.293     22.123     9.9975    33.6657      8.095     0.6326 6.1270e-01  1026.0115     9.9950    25.9109     8.7080    265.255    9.10017  277.20078     95.691 -9.990e-29
   38.92822  -73.21940     22.293     22.123     9.9973    33.6656      8.095     0.6192 6.1094e-01  1026.0116     9.9948    25.9109     8.7077    265.245    9.10037  277.20671     95.685 -9.990e-29
   38.92822  -73.21940     22.320     22.150     9.9972    33.6656      8.095     0.6595 6.1113e-01  1026.0119     9.9946    25.9109     8.7074    265.236    9.10060  277.21333     95.679 -9.990e-29
   38.92822  -73.21940     22.334     22.164     9.9974    33.6654      8.095     0.6595 6.1113e-01  1026.0114     9.9949    25.9108     8.7070    265.224    9.10075  277.21772     95.673 -9.990e-29
   38.92822  -73.21940     22.330     22.160     9.9972    33.6652      8.095     0.6595 6.1113e-01  1026.0114     9.9946    25.9106     8.7065    265.208    9.10076  277.21799     95.668 -9.990e-29
   38.92822  -73.21940     22.364     22.194     9.9969    33.6652      8.095     0.6595 6.0938e-01  1026.0114     9.9943    25.9105     8.7064    265.206    9.10062  277.21387     95.668 -9.990e-29
   38.92822  -73.21940     22.371     22.201     9.9969    33.6652      8.095     0.6595 6.0957e-01  1026.0117     9.9944    25.9106     8.7065    265.207    9.10052  277.21106     95.670 -9.990e-29
   38.92822  -73.21940     22.384     22.213     9.9970    33.6651      8.095     0.6595 6.0782e-01  1026.0118     9.9945    25.9106     8.7001    265.014    9.10043  277.20847     95.601 -9.990e-29
   38.92822  -73.21940     22.402     22.231     9.9967    33.6650      8.095     0.6729 6.0608e-01  1026.0117     9.9942    25.9105     8.6987    264.972    9.10016  277.20039     95.589 -9.990e-29
   38.92822  -73.21942     22.435     22.264     9.9965    33.6647      8.095     0.6595 6.0628e-01  1026.0116     9.9940    25.9103     8.6975    264.934    9.10000  277.19536     95.577 -9.990e-29
   38.92822  -73.21942     22.432     22.261     9.9962    33.6645      8.095     0.6729 6.0628e-01  1026.0115     9.9936    25.9102     8.6970    264.921    9.09995  277.19362     95.572 -9.990e-29
   38.92822  -73.21942     22.466     22.295     9.9961    33.6645      8.095     0.6729 6.0280e-01  1026.0116     9.9935    25.9102     8.6964    264.900    9.09965  277.18391     95.568 -9.990e-29
   38.92822  -73.21942     22.483     22.311     9.9960    33.6645      8.095     0.6729 6.0280e-01  1026.0116     9.9935    25.9102     8.6957    264.878    9.09921  277.17059     95.565 -9.990e-29
   38.92822  -73.21942     22.486     22.314     9.9961    33.6646      8.095     0.6595 6.0474e-01  1026.0119     9.9935    25.9103     8.6951    264.862    9.09890  277.16117     95.562 -9.990e-29
   38.92822  -73.21942     22.523     22.351     9.9960    33.6646      8.095     0.6729 6.0128e-01  1026.0122     9.9935    25.9105     8.6947    264.848    9.09866  277.15428     95.560 -9.990e-29
   38.92822  -73.21942     22.527     22.355     9.9965    33.6646      8.095     0.6595 5.9955e-01  1026.0124     9.9940    25.9104     8.6947    264.849    9.09880  277.15930     95.558 -9.990e-29
   38.92822  -73.21942     22.554     22.383     9.9969    33.6645      8.095     0.6729 6.0148e-01  1026.0119     9.9943    25.9101     8.6950    264.859    9.09921  277.17221     95.558 -9.990e-29
   38.92822  -73.21942     22.578     22.406     9.9970    33.6645      8.095     0.6729 5.9804e-01  1026.0115     9.9945    25.9099     8.6951    264.864    9.09936  277.17776     95.557 -9.990e-29
   38.92822  -73.21942     22.587     22.415     9.9965    33.6645      8.095     0.6729 5.9804e-01  1026.0117     9.9940    25.9099     8.6945    264.847    9.09945  277.18125     95.550 -9.990e-29
   38.92822  -73.21942     22.615     22.443     9.9966    33.6645      8.095     0.6595 5.9997e-01  1026.0122     9.9940    25.9102     8.6954    264.875    9.10028  277.20676     95.551 -9.990e-29
   38.92822  -73.21942     22.638     22.466     9.9969    33.6649      8.095     0.6595 5.9653e-01  1026.0128     9.9943    25.9104     8.6965    264.908    9.10127  277.23638     95.553 -9.990e-29
   38.92822  -73.21942     22.655     22.482     9.9971    33.6649      8.095     0.6595 5.9482e-01  1026.0129     9.9945    25.9106     8.6975    264.936    9.10204  277.25974     95.555 -9.990e-29
   38.92822  -73.21942     22.689     22.516     9.9967    33.6649      8.095     0.6595 5.9675e-01  1026.0134     9.9941    25.9105     8.6981    264.956    9.10251  277.27379     95.558 -9.990e-29
   38.92822  -73.21942     22.696     22.523     9.9967    33.6646      8.095     0.6595 5.9504e-01  1026.0126     9.9941    25.9101     8.6987    264.973    9.10282  277.28299     95.561 -9.990e-29
   38.92822  -73.21942     22.729     22.556     9.9967    33.6641      8.095     0.6729 5.9162e-01  1026.0121     9.9941    25.9098     8.6985    264.966    9.10295  277.28682     95.557 -9.990e-29
   38.92822  -73.21942     22.736     22.563     9.9964    33.6641      8.095     0.6595 5.9355e-01  1026.0125     9.9938    25.9098     8.6989    264.980    9.10304  277.28959     95.561 -9.990e-29
   38.92822  -73.21942     22.766     22.593     9.9964    33.6641      8.095     0.6326 5.9185e-01  1026.0126     9.9938    25.9098     8.6993    264.992    9.10308  277.29063     95.565 -9.990e-29
   38.92822  -73.21942     22.791     22.618     9.9960    33.6641      8.095     0.6057 5.9015e-01  1026.0127     9.9935    25.9099     8.6997    265.003    9.10303  277.28915     95.569 -9.990e-29
   38.92822  -73.21942     22.798     22.624     9.9957    33.6648      8.095     0.5923 5.9208e-01  1026.0125     9.9931    25.9105     8.6996    265.000    9.10306  277.28993     95.568 -9.990e-29
   38.92822  -73.21942     22.822     22.648     9.9954    33.6674      8.095     0.6057 5.9038e-01  1026.0147     9.9928    25.9124     8.6994    264.995    9.10306  277.29005     95.566 -9.990e-29
   38.92822  -73.21942     22.848     22.674     9.9978    33.6694      8.095     0.6057 5.9038e-01  1026.0198     9.9953    25.9146     8.6993    264.990    9.10304  277.28910     95.565 -9.990e-29
   38.92822  -73.21942     22.861     22.687    10.0033    33.6694      8.095     0.6057 5.9231e-01  1026.0191    10.0007    25.9148     8.6991    264.985    9.10297  277.28703     95.564 -9.990e-29
   38.92822  -73.21942     22.868     22.694    10.0040    33.6694      8.095     0.6057 5.9061e-01  1026.0159    10.0014    25.9130     8.6996    265.001    9.10288  277.28438     95.570 -9.990e-29
   38.92822  -73.21940     22.903     22.728    10.0028    33.6671      8.095     0.5923 5.8891e-01  1026.0138    10.0002    25.9112     8.7003    265.020    9.10291  277.28516     95.577 -9.990e-29
   38.92822  -73.21940     22.919     22.745    10.0012    33.6671      8.095     0.6057 5.8915e-01  1026.0136     9.9986    25.9107     8.7003    265.022    9.10289  277.28471     95.578 -9.990e-29
   38.92822  -73.21940     22.933     22.758    10.0003    33.6671      8.095     0.6057 5.8915e-01  1026.0146     9.9978    25.9110     8.7002    265.019    9.10278  277.28127     95.578 -9.990e-29
   38.92822  -73.21940     22.950     22.775    10.0010    33.6673      8.095     0.6057 5.8746e-01  1026.0150     9.9984    25.9116     8.7003    265.022    9.10275  277.28044     95.579 -9.990e-29
   38.92822  -73.21940     22.963     22.788    10.0015    33.6683      8.095     0.6057 5.8577e-01  1026.0160     9.9989    25.9124     8.7005    265.026    9.10280  277.28197     95.580 -9.990e-29
   38.92822  -73.21940     22.970     22.795    10.0023    33.6694      8.095     0.6057 5.8771e-01  1026.0169     9.9997    25.9131     8.7006    265.032    9.10284  277.28333     95.582 -9.990e-29
   38.92822  -73.21940     23.005     22.829    10.0033    33.6701      8.095     0.6057 5.8602e-01  1026.0175    10.0007    25.9135     8.7009    265.039    9.10291  277.28540     95.583 -9.990e-29
   38.92822  -73.21940     23.001     22.825    10.0045    33.6705      8.095     0.6057 5.8602e-01  1026.0173    10.0019    25.9136     8.7011    265.045    9.10292  277.28582     95.586 -9.990e-29
   38.92822  -73.21940     23.024     22.848    10.0048    33.6709      8.095     0.5923 5.8602e-01  1026.0176    10.0022    25.9138     8.7012    265.049    9.10286  277.28389     95.588 -9.990e-29
   38.92822  -73.21940     23.031     22.855    10.0051    33.6714      8.095     0.6057 5.8627e-01  1026.0182    10.0025    25.9141     8.7014    265.055    9.10281  277.28228     95.590 -9.990e-29
   38.92822  -73.21940     23.056     22.880    10.0056    33.6717      8.095     0.5923 5.8458e-01  1026.0184    10.0030    25.9145     8.7016    265.063    9.10278  277.28166     95.593 -9.990e-29
   38.92822  -73.21940     23.051     22.876    10.0061    33.6717      8.095     0.6057 5.8458e-01  1026.0191    10.0035    25.9145     8.7026    265.092    9.10281  277.28240     95.604 -9.990e-29
