CalculateIndicators/WaterTemperature/Data/CTD_NYOS/20220928_C05.cnv
* Sea-Bird SBE 9 Data File:
* FileName = C:\Seabird 9 CTD\Data\2022\202209_offshore\20220928_C05.hex
* Software Version Seasave V 7.23.2
* Temperature SN = 4590
* Conductivity SN = 3228
* Number of Bytes Per Scan = 44
* Number of Voltage Words = 5
* Number of Scans Averaged by the Deck Unit = 1
* NMEA Latitude = 39 49.33 N
* NMEA Longitude = 073 11.75 W
* NMEA UTC (Time) = Feb 12 2003  21:38:11
* NMEA baud rate = 4800
** Ship: seawolf
** Station: 6.3
** Operator: SJW
# nquan = 18
# nvalues = 10852                       
# units = specified
# name 0 = latitude: Latitude [deg]
# name 1 = longitude: Longitude [deg]
# name 2 = prDM: Pressure, Digiquartz [db]
# name 3 = depSM: Depth [salt water, m]
# name 4 = t090C: Temperature [ITS-90, deg C]
# name 5 = sal00: Salinity, Practical [PSU]
# name 6 = ph: pH
# name 7 = flECO-AFL: Fluorescence, WET Labs ECO-AFL/FL [mg/m^3]
# name 8 = cpar: CPAR/Corrected Irradiance [%]
# name 9 = density00: Density [density, kg/m^3]
# name 10 = potemp090C: Potential Temperature [ITS-90, deg C]
# name 11 = sigma-é00: Density [sigma-theta, kg/m^3]
# name 12 = sbeox0Mg/L: Oxygen, SBE 43 [mg/l]
# name 13 = sbox0Mm/Kg: Oxygen, SBE 43 [umol/kg]
# name 14 = oxsolMg/L: Oxygen Saturation, Garcia & Gordon [mg/l]
# name 15 = oxsolMm/Kg: Oxygen Saturation, Garcia & Gordon [umol/kg]
# name 16 = sbeox0PS: Oxygen, SBE 43 [% saturation]
# name 17 = flag:  0.000e+00
# span 0 =   39.82202,   39.82222       
# span 1 =  -73.19590,  -73.19518       
# span 2 =      1.955,     40.753       
# span 3 =      1.940,     40.438       
# span 4 =    12.5401,    20.6069       
# span 5 =    33.2098,    33.8461       
# span 6 =      6.896,      8.221       
# span 7 =     0.0013,     1.4519       
# span 8 = 3.8181e-02, 6.0445e+01       
# span 9 =  1023.6117,  1025.5586       
# span 10 =    12.5347,    20.6064      
# span 11 =    23.6013,    25.3765      
# span 12 =     5.2719,     8.2844      
# span 13 =    160.674,    252.561      
# span 14 =    7.37075,    8.62857      
# span 15 =  225.02824,  262.97340      
# span 16 =     61.101,     98.034      
# span 17 = 0.0000e+00, 0.0000e+00      
# interval = seconds: 0.0416667
# start_time = Sep 28 2022 21:38:14 [System UTC, first data scan.]
# bad_flag = -9.990e-29
*END*
[from data line 724]
   39.82222  -73.19586      7.054      7.000    20.5976    33.6895      7.008 -9.990e-29 8.3570e+00  1023.6354    20.5963    23.6049     6.9577    212.418    7.37216  225.07035     94.379 -9.990e-29
   39.82222  -73.19586      7.052      6.998    20.5978    33.6895      6.999 -9.990e-29 8.5233e+00  1023.6354    20.5965    23.6049     6.9526    212.262    7.37211  225.06874     94.310 -9.990e-29
   39.82222  -73.19586      7.062      7.008    20.5977    33.6895      6.990 -9.990e-29 8.5473e+00  1023.6356    20.5964    23.6049     6.9472    212.098    7.37213  225.06960     94.236 -9.990e-29
   39.82222  -73.19586      7.065      7.010    20.5980    33.6895      6.986 -9.990e-29 8.4993e+00  1023.6351    20.5967    23.6048     6.9516    212.232    7.37210  225.06846     94.297 -9.990e-29
   39.82222  -73.19586      7.052      6.998    20.5979    33.6895      6.976 -9.990e-29 8.4516e+00  1023.6353    20.5966    23.6046     6.9463    212.068    7.37208  225.06784     94.224 -9.990e-29
   39.82222  -73.19586      6.990      6.937    20.5983    33.6895      6.972 -9.990e-29 8.4516e+00  1023.6345    20.5970    23.6046     6.9511    212.214    7.37206  225.06741     94.289 -9.990e-29
   39.82222  -73.19586      7.115      7.061    20.5981    33.6895      6.967 -9.990e-29 8.4993e+00  1023.6356    20.5968    23.6048     6.9512    212.218    7.37208  225.06791     94.291 -9.990e-29
   39.82222  -73.19586      7.103      7.049    20.5980    33.6895      6.958 -9.990e-29 8.5233e+00  1023.6357    20.5967    23.6049     6.9513    212.220    7.37204  225.06692     94.292 -9.990e-29
   39.82222  -73.19586      7.052      6.998    20.5981    33.6895      6.958 -9.990e-29 8.5473e+00  1023.6350    20.5968    23.6048     6.9514    212.225    7.37204  225.06679     94.294 -9.990e-29
   39.82222  -73.19586      7.065      7.010    20.5980    33.6894      6.954 -9.990e-29 8.4279e+00  1023.6353    20.5967    23.6047     6.9465    212.076    7.37205  225.06711     94.228 -9.990e-29
   39.82222  -73.19586      7.133      7.079    20.5979    33.6893      6.949 -9.990e-29 8.2172e+00  1023.6355    20.5966    23.6047     6.9515    212.228    7.37206  225.06741     94.295 0.0000e+00
   39.82222  -73.19586      7.173      7.118    20.5982    33.6892      6.945 -9.990e-29 8.1252e+00  1023.6356    20.5968    23.6046     6.9517    212.235    7.37205  225.06710     94.298 -9.990e-29
   39.82222  -73.19586      7.143      7.088    20.5979    33.6891      6.945 -9.990e-29 8.1024e+00  1023.6353    20.5966    23.6045     6.9470    212.089    7.37206  225.06741     94.234 -9.990e-29
   39.82222  -73.19586      7.125      7.070    20.5980    33.6891      6.940 -9.990e-29 7.9892e+00  1023.6353    20.5967    23.6045     6.9517    212.233    7.37205  225.06711     94.298 -9.990e-29
   39.82222  -73.19586      7.164      7.109    20.5979    33.6888      6.935 -9.990e-29 7.9667e+00  1023.6354    20.5966    23.6043     6.9520    212.243    7.37206  225.06741     94.302 0.0000e+00
   39.82220  -73.19586      7.194      7.139    20.5976    33.6883      6.935 -9.990e-29 7.9443e+00  1023.6352    20.5963    23.6040     6.9523    212.253    7.37204  225.06669     94.307 0.0000e+00
   39.82220  -73.19586      7.216      7.160    20.5972    33.6876      6.935 -9.990e-29 7.8998e+00  1023.6347    20.5959    23.6036     6.9527    212.265    7.37207  225.06767     94.312 -9.990e-29
   39.82220  -73.19586      7.194      7.139    20.5966    33.6870      6.931 -9.990e-29 7.8998e+00  1023.6341    20.5952    23.6033     6.9528    212.267    7.37205  225.06696     94.313 -9.990e-29
   39.82220  -73.19586      7.194      7.139    20.5956    33.6867      6.931 -9.990e-29 7.8998e+00  1023.6344    20.5943    23.6032     6.9529    212.269    7.37204  225.06672     94.314 -9.990e-29
   39.82220  -73.19586      7.227      7.171    20.5952    33.6864      6.931 -9.990e-29 7.8334e+00  1023.6344    20.5938    23.6033     6.9529    212.272    7.37203  225.06644     94.315 0.0000e+00
   39.82220  -73.19586      7.245      7.189    20.5941    33.6863      6.926 -9.990e-29 7.8113e+00  1023.6348    20.5927    23.6033     6.9531    212.276    7.37205  225.06683     94.317 -9.990e-29
   39.82220  -73.19586      7.245      7.189    20.5934    33.6863      6.926 -9.990e-29 7.8113e+00  1023.6344    20.5921    23.6034     6.9531    212.278    7.37199  225.06504     94.318 -9.990e-29
   39.82220  -73.19586      7.234      7.178    20.5925    33.6863      6.926 -9.990e-29 7.6590e+00  1023.6350    20.5911    23.6039     6.9536    212.291    7.37195  225.06390     94.325 -9.990e-29
   39.82220  -73.19586      7.236      7.181    20.5916    33.6870      6.922 -9.990e-29 7.5520e+00  1023.6359    20.5903    23.6046     6.9538    212.297    7.37195  225.06389     94.327 -9.990e-29
   39.82220  -73.19586      7.254      7.199    20.5913    33.6878      6.922 -9.990e-29 7.5308e+00  1023.6365    20.5899    23.6053     6.9543    212.312    7.37192  225.06296     94.334 -9.990e-29
   39.82220  -73.19586      7.254      7.199    20.5909    33.6888      6.922 -9.990e-29 7.3839e+00  1023.6371    20.5896    23.6060     6.9544    212.318    7.37191  225.06273     94.337 -9.990e-29
   39.82220  -73.19586      7.278      7.222    20.5915    33.6900      6.922 -9.990e-29 7.2399e+00  1023.6386    20.5901    23.6069     6.9546    212.323    7.37187  225.06161     94.340 -9.990e-29
   39.82220  -73.19586      7.275      7.219    20.5923    33.6907      6.917 -9.990e-29 7.2195e+00  1023.6392    20.5910    23.6072     6.9549    212.331    7.37189  225.06221     94.343 -9.990e-29
   39.82220  -73.19586      7.284      7.229    20.5936    33.6907      6.917 -9.990e-29 7.3218e+00  1023.6380    20.5922    23.6070     6.9551    212.337    7.37186  225.06116     94.347 0.0000e+00
   39.82220  -73.19586      7.305      7.249    20.5935    33.6908      6.917 -9.990e-29 7.4047e+00  1023.6386    20.5922    23.6070     6.9553    212.345    7.37184  225.06055     94.350 0.0000e+00
   39.82220  -73.19586      7.328      7.272    20.5943    33.6908      6.917 -9.990e-29 7.4465e+00  1023.6391    20.5929    23.6070     6.9556    212.353    7.37183  225.06039     94.354 -9.990e-29
   39.82220  -73.19586      7.326      7.270    20.5955    33.6908      6.917 -9.990e-29 7.4256e+00  1023.6380    20.5941    23.6065     6.9559    212.361    7.37181  225.05982     94.358 -9.990e-29
   39.82220  -73.19586      7.315      7.259    20.5957    33.6904      6.917 -9.990e-29 7.4162e+00  1023.6377    20.5943    23.6061     6.9561    212.369    7.37179  225.05914     94.362 -9.990e-29
   39.82220  -73.19586      7.317      7.261    20.5960    33.6901      6.917 -9.990e-29 7.3953e+00  1023.6374    20.5946    23.6058     6.9565    212.380    7.37180  225.05930     94.366 -9.990e-29
   39.82220  -73.19586      7.326      7.270    20.5960    33.6898      6.917 -9.990e-29 7.4371e+00  1023.6372    20.5947    23.6055     6.9564    212.379    7.37178  225.05881     94.366 -9.990e-29
   39.82220  -73.19586      7.326      7.270    20.5958    33.6894      6.917 -9.990e-29 7.5637e+00  1023.6369    20.5945    23.6053     6.9567    212.388    7.37175  225.05789     94.370 -9.990e-29
   39.82220  -73.19586      7.335      7.279    20.5957    33.6891      6.917 -9.990e-29 7.6064e+00  1023.6366    20.5943    23.6051     6.9571    212.400    7.37178  225.05857     94.375 -9.990e-29
   39.82220  -73.19586      7.328      7.272    20.5953    33.6888      6.917 -9.990e-29 7.5637e+00  1023.6368    20.5939    23.6050     6.9575    212.410    7.37176  225.05824     94.380 -9.990e-29
   39.82220  -73.19586      7.335      7.279    20.5952    33.6888      6.913 -9.990e-29 7.4162e+00  1023.6364    20.5938    23.6050     6.9578    212.421    7.37175  225.05785     94.385 -9.990e-29
   39.82220  -73.19588      7.335      7.279    20.5949    33.6888      6.917 -9.990e-29 7.3746e+00  1023.6368    20.5936    23.6050     6.9529    212.269    7.37179  225.05925     94.317 -9.990e-29
   39.82220  -73.19588      7.345      7.289    20.5946    33.6889      6.917 -9.990e-29 7.4068e+00  1023.6370    20.5933    23.6052     6.9526    212.262    7.37181  225.05976     94.314 0.0000e+00
   39.82220  -73.19588      7.348      7.291    20.5948    33.6890      6.913 -9.990e-29 7.7262e+00  1023.6369    20.5934    23.6052     6.9574    212.409    7.37179  225.05914     94.379 -9.990e-29
   39.82220  -73.19588      7.345      7.289    20.5946    33.6892      6.917 -9.990e-29 7.9021e+00  1023.6372    20.5933    23.6054     6.9575    212.412    7.37182  225.06007     94.380 -9.990e-29
   39.82220  -73.19588      7.345      7.289    20.5948    33.6895      6.917 -9.990e-29 7.9021e+00  1023.6372    20.5934    23.6057     6.9526    212.261    7.37187  225.06173     94.312 -9.990e-29
   39.82220  -73.19588      7.368      7.312    20.5948    33.6899      6.917 -9.990e-29 8.2659e+00  1023.6381    20.5934    23.6059     6.9524    212.256    7.37192  225.06335     94.309 -9.990e-29
   39.82220  -73.19588      7.366      7.309    20.5953    33.6899      6.917 -9.990e-29 8.5018e+00  1023.6378    20.5939    23.6059     6.9574    212.407    7.37201  225.06589     94.375 -9.990e-29
   39.82220  -73.19588      7.356      7.300    20.5959    33.6899      6.913 -9.990e-29 8.5390e+00  1023.6373    20.5945    23.6057     6.9524    212.256    7.37203  225.06667     94.308 -9.990e-29
   39.82220  -73.19588      7.356      7.300    20.5960    33.6898      6.913 -9.990e-29 8.4198e+00  1023.6373    20.5946    23.6056     6.9573    212.406    7.37208  225.06807     94.374 -9.990e-29
   39.82220  -73.19588      7.348      7.291    20.5960    33.6898      6.913 -9.990e-29 8.3255e+00  1023.6374    20.5947    23.6055     6.9524    212.256    7.37213  225.06968     94.307 -9.990e-29
   39.82220  -73.19588      7.375      7.319    20.5965    33.6897      6.913 -9.990e-29 8.3021e+00  1023.6372    20.5952    23.6054     6.9527    212.263    7.37220  225.07164     94.309 -9.990e-29
   39.82220  -73.19588      7.345      7.289    20.5964    33.6897      6.913 -9.990e-29 8.0718e+00  1023.6369    20.5950    23.6052     6.9576    212.415    7.37224  225.07317     94.376 -9.990e-29
   39.82220  -73.19588      7.348      7.291    20.5967    33.6897      6.913 -9.990e-29 7.8038e+00  1023.6368    20.5953    23.6052     6.9523    212.253    7.37219  225.07131     94.305 0.0000e+00
   39.82220  -73.19588      7.356      7.299    20.5967    33.6895      6.913 -9.990e-29 7.7382e+00  1023.6371    20.5954    23.6053     6.9572    212.402    7.37217  225.07057     94.371 -9.990e-29
   39.82220  -73.19588      7.356      7.299    20.5967    33.6895      6.913 -9.990e-29 7.7503e+00  1023.6373    20.5954    23.6053     6.9519    212.241    7.37214  225.06961     94.300 -9.990e-29
   39.82220  -73.19588      7.365      7.309    20.5969    33.6895      6.913 -9.990e-29 7.7285e+00  1023.6367    20.5955    23.6051     6.9568    212.390    7.37211  225.06890     94.367 -9.990e-29
   39.82220  -73.19588      7.359      7.302    20.5971    33.6895      6.913 -9.990e-29 7.7285e+00  1023.6367    20.5957    23.6050     6.9519    212.241    7.37212  225.06923     94.300 -9.990e-29
   39.82220  -73.19588      7.375      7.319    20.5970    33.6895      6.917 -9.990e-29 7.7940e+00  1023.6370    20.5957    23.6050     6.9518    212.238    7.37215  225.07018     94.298 0.0000e+00
   39.82220  -73.19588      7.386      7.329    20.5971    33.6895      6.913 -9.990e-29 7.9267e+00  1023.6368    20.5957    23.6050     6.9517    212.233    7.37215  225.06989     94.296 -9.990e-29
   39.82220  -73.19588      7.386      7.329    20.5969    33.6895      6.913 -9.990e-29 7.9714e+00  1023.6371    20.5955    23.6050     6.9563    212.375    7.37220  225.07180     94.359 -9.990e-29
   39.82220  -73.19588      7.378      7.321    20.5971    33.6895      6.913 -9.990e-29 7.9714e+00  1023.6367    20.5957    23.6050     6.9515    212.229    7.37230  225.07473     94.293 -9.990e-29
   39.82220  -73.19588      7.396      7.339    20.5969    33.6895      6.913 -9.990e-29 7.9491e+00  1023.6371    20.5955    23.6050     6.9514    212.226    7.37232  225.07524     94.291 -9.990e-29
   39.82220  -73.19588      7.396      7.339    20.5971    33.6895      6.913 -9.990e-29 7.9491e+00  1023.6368    20.5957    23.6050     6.9510    212.212    7.37230  225.07454     94.285 -9.990e-29
   39.82220  -73.19588      7.389      7.332    20.5969    33.6895      6.913 -9.990e-29 8.0064e+00  1023.6371    20.5955    23.6051     6.9509    212.210    7.37233  225.07560     94.284 -9.990e-29
   39.82220  -73.19586      7.407      7.350    20.5971    33.6895      6.913 -9.990e-29 8.3751e+00  1023.6371    20.5957    23.6051     6.9509    212.210    7.37242  225.07840     94.283 -9.990e-29
   39.82220  -73.19586      7.407      7.350    20.5969    33.6896      6.913 -9.990e-29 8.5417e+00  1023.6370    20.5955    23.6051     6.9509    212.208    7.37244  225.07909     94.282 -9.990e-29
   39.82220  -73.19586      7.396      7.339    20.5969    33.6897      6.913 -9.990e-29 8.5417e+00  1023.6372    20.5955    23.6052     6.9508    212.207    7.37245  225.07938     94.281 -9.990e-29
   39.82220  -73.19586      7.419      7.362    20.5970    33.6897      6.913 -9.990e-29 8.6141e+00  1023.6372    20.5957    23.6052     6.9508    212.207    7.37253  225.08174     94.280 -9.990e-29
   39.82220  -73.19586      7.416      7.359    20.5971    33.6898      6.913 -9.990e-29 8.6627e+00  1023.6372    20.5957    23.6053     6.9458    212.054    7.37262  225.08457     94.211 -9.990e-29
   39.82220  -73.19586      7.437      7.380    20.5969    33.6899      6.913 -9.990e-29 8.6627e+00  1023.6376    20.5955    23.6054     6.9506    212.201    7.37268  225.08656     94.275 -9.990e-29
   39.82220  -73.19586      7.437      7.380    20.5973    33.6900      6.917 -9.990e-29 8.9854e+00  1023.6376    20.5959    23.6054     6.9456    212.047    7.37269  225.08671     94.207 -9.990e-29
   39.82220  -73.19586      7.449      7.392    20.5976    33.6901      6.958 -9.990e-29 9.2418e+00  1023.6375    20.5962    23.6054     6.9453    212.038    7.37269  225.08648     94.203 0.0000e+00
   39.82220  -73.19586      7.467      7.410    20.5975    33.6902      6.976 -9.990e-29 9.2939e+00  1023.6379    20.5961    23.6055     6.9501    212.185    7.37272  225.08766     94.268 0.0000e+00
   39.82220  -73.19586      7.486      7.429    20.5977    33.6902      6.976 -9.990e-29 8.8350e+00  1023.6378    20.5963    23.6055     6.9455    212.045    7.37312  225.10082     94.200 -9.990e-29
   39.82220  -73.19586      7.486      7.429    20.5978    33.6902      6.967 -9.990e-29 8.3987e+00  1023.6377    20.5964    23.6054     6.9459    212.059    7.37379  225.12161     94.198 -9.990e-29
   39.82220  -73.19586      7.480      7.422    20.5981    33.6902      6.967 -9.990e-29 8.3047e+00  1023.6376    20.5967    23.6053     6.9462    212.066    7.37421  225.13325     94.196 -9.990e-29
   39.82220  -73.19586      7.507      7.449    20.5980    33.6902      6.963 -9.990e-29 8.1427e+00  1023.6377    20.5966    23.6053     6.9460    212.058    7.37416  225.13075     94.193 0.0000e+00
   39.82220  -73.19586      7.518      7.460    20.5983    33.6902      6.949     0.0551 7.8724e+00  1023.6376    20.5969    23.6053     6.9457    212.049    7.37400  225.12583     94.191 0.0000e+00
   39.82220  -73.19586      7.521      7.463    20.5982    33.6903      6.940     0.0551 7.8062e+00  1023.6382    20.5968    23.6055     6.9456    212.046    7.37401  225.12651     94.190 -9.990e-29
   39.82220  -73.19586      7.518      7.460    20.5983    33.6903      6.922     0.0551 7.6539e+00  1023.6380    20.5969    23.6055     6.9507    212.204    7.37420  225.13275     94.257 -9.990e-29
   39.82220  -73.19586      7.537      7.479    20.5985    33.6904      6.913     0.0551 7.3376e+00  1023.6378    20.5971    23.6053     6.9463    212.069    7.37460  225.14546     94.192 -9.990e-29
