CalculateIndicators/WaterTemperature/Data/CTD_NYOS/20220513_C06.cnv
* Sea-Bird SBE 9 Data File:
* FileName = C:\Seabird 9 CTD\Data\2022\202205_offshore\20220513_C06.hex
* Software Version Seasave V 7.23.2
* Temperature SN = 4590
* Conductivity SN = 3228
* Number of Bytes Per Scan = 44
* Number of Voltage Words = 5
* Number of Scans Averaged by the Deck Unit = 1
* NMEA Latitude = 39 19.72 N
* NMEA Longitude = 073 22.18 W
* NMEA UTC (Time) = Sep 27 2002  18:50:28
* NMEA baud rate = 4800
** Ship: seawolf
** Station: 7.4
** Operator: EIH
# nquan = 18
# nvalues = 13407                       
# units = specified
# name 0 = latitude: Latitude [deg]
# name 1 = longitude: Longitude [deg]
# name 2 = prDM: Pressure, Digiquartz [db]
# name 3 = depSM: Depth [salt water, m]
# name 4 = t090C: Temperature [ITS-90, deg C]
# name 5 = sal00: Salinity, Practical [PSU]
# name 6 = ph: pH
# name 7 = flECO-AFL: Fluorescence, WET Labs ECO-AFL/FL [mg/m^3]
# name 8 = cpar: CPAR/Corrected Irradiance [%]
# name 9 = density00: Density [density, kg/m^3]
# name 10 = potemp090C: Potential Temperature [ITS-90, deg C]
# name 11 = sigma-é00: Density [sigma-theta, kg/m^3]
# name 12 = sbeox0Mg/L: Oxygen, SBE 43 [mg/l]
# name 13 = sbox0Mm/Kg: Oxygen, SBE 43 [umol/kg]
# name 14 = oxsolMg/L: Oxygen Saturation, Garcia & Gordon [mg/l]
# name 15 = oxsolMm/Kg: Oxygen Saturation, Garcia & Gordon [umol/kg]
# name 16 = sbeox0PS: Oxygen, SBE 43 [% saturation]
# name 17 = flag:  0.000e+00
# span 0 =   39.32868,   39.32930       
# span 1 =  -73.37194,  -73.36966       
# span 2 =      1.806,     47.533       
# span 3 =      1.792,     47.166       
# span 4 =     8.8507,     9.6401       
# span 5 =    33.0454,    33.1760       
# span 6 =      8.085,      8.107       
# span 7 =     0.0954,     0.9684       
# span 8 = 6.0364e-02, 3.1410e+01       
# span 9 =  1025.5254,  1025.9253       
# span 10 =     8.8458,     9.6395      
# span 11 =    25.5035,    25.7097      
# span 12 =     9.0757,     9.4833      
# span 13 =    276.512,    288.960      
# span 14 =    9.20880,    9.36761      
# span 15 =  280.62128,  285.42243      
# span 16 =     96.917,    102.334      
# span 17 = 0.0000e+00, 0.0000e+00      
# interval = seconds: 0.0416667
# start_time = May 13 2022 18:50:28 [System UTC, first data scan.]
# bad_flag = -9.990e-29
*END*
[from data line 9970]
   39.32912  -73.37142     10.895     10.811     8.9623    33.1015 -9.990e-29     0.4043 3.4857e+00  1025.6874     8.9612    25.6378     9.3644    285.326    9.34557  284.75285    100.201 -9.990e-29
   39.32912  -73.37142     10.884     10.801     8.9627    33.1014 -9.990e-29     0.3908 3.4955e+00  1025.6871     8.9616    25.6376     9.3643    285.323    9.34572  284.75747    100.199 -9.990e-29
   39.32912  -73.37142     10.874     10.791     8.9628    33.1012 -9.990e-29     0.3908 3.4955e+00  1025.6869     8.9617    25.6374     9.3647    285.336    9.34570  284.75673    100.203 -9.990e-29
   39.32912  -73.37142     10.884     10.801     8.9631    33.1012 -9.990e-29     0.3908 3.4955e+00  1025.6864     8.9620    25.6372     9.3651    285.349    9.34561  284.75406    100.209 -9.990e-29
   39.32912  -73.37142     10.864     10.781     8.9630    33.1011 -9.990e-29     0.4043 3.4984e+00  1025.6867     8.9619    25.6373     9.3656    285.364    9.34555  284.75224    100.215 -9.990e-29
   39.32912  -73.37142     10.864     10.781     8.9628    33.1011 -9.990e-29     0.4043 3.5083e+00  1025.6870     8.9617    25.6374     9.3663    285.383    9.34555  284.75221    100.222 -9.990e-29
   39.32912  -73.37142     10.864     10.781     8.9630    33.1011 -9.990e-29     0.3908 3.5083e+00  1025.6867     8.9618    25.6374     9.3668    285.401    9.34547  284.74970    100.229 -9.990e-29
   39.32912  -73.37142     10.853     10.771     8.9630    33.1012 -9.990e-29     0.3908 3.5113e+00  1025.6864     8.9618    25.6373     9.3669    285.404    9.34552  284.75137    100.229 -9.990e-29
   39.32912  -73.37142     10.853     10.771     8.9629    33.1012 -9.990e-29     0.3908 3.5113e+00  1025.6866     8.9617    25.6375     9.3670    285.406    9.34554  284.75183    100.230 -9.990e-29
   39.32912  -73.37142     10.844     10.761     8.9628    33.1016 -9.990e-29     0.3908 3.5212e+00  1025.6873     8.9617    25.6378     9.3672    285.411    9.34558  284.75296    100.231 -9.990e-29
   39.32912  -73.37142     10.838     10.755     8.9626    33.1017 -9.990e-29     0.4043 3.5212e+00  1025.6872     8.9615    25.6379     9.3672    285.412    9.34553  284.75152    100.232 -9.990e-29
   39.32912  -73.37142     10.833     10.750     8.9627    33.1017 -9.990e-29     0.3908 3.5341e+00  1025.6870     8.9616    25.6378     9.3733    285.596    9.34546  284.74969    100.297 -9.990e-29
   39.32912  -73.37142     10.813     10.731     8.9631    33.1017 -9.990e-29     0.3908 3.5341e+00  1025.6869     8.9620    25.6378     9.3681    285.440    9.34548  284.75000    100.242 -9.990e-29
   39.32912  -73.37142     10.833     10.750     8.9631    33.1016 -9.990e-29     0.4043 3.5371e+00  1025.6869     8.9620    25.6377     9.3684    285.448    9.34553  284.75175    100.244 -9.990e-29
   39.32912  -73.37142     10.802     10.720     8.9636    33.1014 -9.990e-29     0.4043 3.5470e+00  1025.6865     8.9625    25.6375     9.3686    285.454    9.34554  284.75213    100.246 -9.990e-29
   39.32912  -73.37142     10.813     10.731     8.9637    33.1012 -9.990e-29     0.3908 3.5570e+00  1025.6864     8.9626    25.6373     9.3689    285.463    9.34558  284.75314    100.249 -9.990e-29
   39.32912  -73.37142     10.802     10.720     8.9636    33.1010 -9.990e-29     0.3908 3.5600e+00  1025.6864     8.9625    25.6372     9.3689    285.463    9.34537  284.74699    100.252 -9.990e-29
   39.32912  -73.37142     10.793     10.710     8.9639    33.1009 -9.990e-29     0.3908 3.5701e+00  1025.6860     8.9628    25.6371     9.3691    285.469    9.34527  284.74381    100.255 -9.990e-29
   39.32912  -73.37142     10.793     10.710     8.9639    33.1009 -9.990e-29     0.3908 3.5801e+00  1025.6859     8.9627    25.6370     9.3694    285.479    9.34526  284.74353    100.258 -9.990e-29
   39.32912  -73.37142     10.772     10.690     8.9636    33.1009 -9.990e-29     0.4043 3.5801e+00  1025.6860     8.9625    25.6370     9.3698    285.491    9.34533  284.74580    100.262 -9.990e-29
   39.32912  -73.37142     10.783     10.701     8.9636    33.1009 -9.990e-29     0.3908 3.5902e+00  1025.6860     8.9625    25.6371     9.3703    285.507    9.34546  284.74957    100.266 -9.990e-29
   39.32912  -73.37142     10.763     10.680     8.9633    33.1011 -9.990e-29     0.3908 3.6003e+00  1025.6864     8.9622    25.6373     9.3708    285.522    9.34553  284.75163    100.270 -9.990e-29
   39.32912  -73.37142     10.772     10.690     8.9635    33.1011 -9.990e-29     0.3908 3.6003e+00  1025.6863     8.9624    25.6374     9.3714    285.538    9.34565  284.75510    100.275 -9.990e-29
   39.32912  -73.37142     10.752     10.670     8.9636    33.1011 -9.990e-29     0.3908 3.6003e+00  1025.6861     8.9625    25.6373     9.3712    285.534    9.34573  284.75785    100.272 -9.990e-29
   39.32912  -73.37142     10.752     10.670     8.9636    33.1011 -9.990e-29     0.4043 3.6074e+00  1025.6861     8.9625    25.6372     9.3717    285.549    9.34577  284.75871    100.278 -9.990e-29
   39.32912  -73.37142     10.742     10.660     8.9634    33.1010 -9.990e-29     0.3908 3.6176e+00  1025.6859     8.9622    25.6371     9.3775    285.726    9.34582  284.76032    100.339 -9.990e-29
   39.32912  -73.37142     10.732     10.650     8.9636    33.1010 -9.990e-29     0.4043 3.6176e+00  1025.6855     8.9625    25.6371     9.3780    285.741    9.34588  284.76211    100.344 -9.990e-29
   39.32912  -73.37142     10.732     10.650     8.9631    33.1010 -9.990e-29     0.4177 3.6145e+00  1025.6863     8.9620    25.6372     9.3732    285.593    9.34587  284.76184    100.292 -9.990e-29
   39.32912  -73.37142     10.721     10.639     8.9636    33.1010 -9.990e-29     0.4177 3.6145e+00  1025.6856     8.9625    25.6372     9.3729    285.587    9.34590  284.76291    100.289 -9.990e-29
   39.32912  -73.37142     10.712     10.630     8.9634    33.1011 -9.990e-29     0.4311 3.6145e+00  1025.6860     8.9623    25.6373     9.3734    285.602    9.34591  284.76333    100.294 -9.990e-29
   39.32912  -73.37142     10.697     10.615     8.9636    33.1011 -9.990e-29     0.4177 3.6247e+00  1025.6861     8.9625    25.6374     9.3734    285.601    9.34609  284.76855    100.292 -9.990e-29
   39.32912  -73.37142     10.702     10.620     8.9639    33.1011 -9.990e-29     0.4177 3.6247e+00  1025.6859     8.9628    25.6373     9.3734    285.600    9.34626  284.77358    100.290 -9.990e-29
   39.32912  -73.37142     10.681     10.600     8.9637    33.1011 -9.990e-29     0.4177 3.6247e+00  1025.6858     8.9626    25.6372     9.3741    285.621    9.34643  284.77877    100.296 -9.990e-29
   39.32912  -73.37140     10.670     10.589     8.9636    33.1011 -9.990e-29     0.4177 3.6247e+00  1025.6856     8.9625    25.6372     9.3740    285.618    9.34649  284.78078    100.294 -9.990e-29
   39.32912  -73.37140     10.670     10.589     8.9638    33.1011 -9.990e-29     0.4177 3.6217e+00  1025.6857     8.9627    25.6372     9.3745    285.634    9.34651  284.78137    100.299 -9.990e-29
   39.32912  -73.37140     10.651     10.570     8.9637    33.1010 -9.990e-29     0.4177 3.6217e+00  1025.6857     8.9626    25.6371     9.3750    285.650    9.34646  284.77976    100.305 -9.990e-29
   39.32912  -73.37140     10.640     10.559     8.9639    33.1009 -9.990e-29     0.4177 3.6186e+00  1025.6850     8.9628    25.6369     9.3756    285.668    9.34648  284.78035    100.312 -9.990e-29
   39.32912  -73.37140     10.640     10.559     8.9636    33.1009 -9.990e-29     0.4177 3.6288e+00  1025.6852     8.9625    25.6369     9.3755    285.665    9.34645  284.77928    100.311 -9.990e-29
   39.32912  -73.37140     10.621     10.540     8.9636    33.1009 -9.990e-29     0.4177 3.6156e+00  1025.6852     8.9625    25.6371     9.3754    285.661    9.34645  284.77926    100.310 -9.990e-29
   39.32912  -73.37140     10.600     10.519     8.9632    33.1013 -9.990e-29     0.4177 3.6227e+00  1025.6856     8.9621    25.6375     9.3753    285.657    9.34641  284.77820    100.309 -9.990e-29
   39.32912  -73.37140     10.600     10.519     8.9626    33.1014 -9.990e-29     0.4177 3.6227e+00  1025.6861     8.9615    25.6378     9.3752    285.655    9.34639  284.77774    100.308 -9.990e-29
   39.32912  -73.37140     10.591     10.510     8.9630    33.1014 -9.990e-29     0.4177 3.6298e+00  1025.6859     8.9618    25.6378     9.3811    285.836    9.34646  284.77989    100.371 -9.990e-29
   39.32912  -73.37140     10.570     10.489     8.9634    33.1014 -9.990e-29     0.4177 3.6298e+00  1025.6857     8.9623    25.6375     9.3757    285.672    9.34649  284.78091    100.313 -9.990e-29
   39.32912  -73.37140     10.549     10.469     8.9636    33.1013 -9.990e-29     0.4177 3.6370e+00  1025.6849     8.9625    25.6373     9.3756    285.668    9.34645  284.77935    100.312 -9.990e-29
   39.32912  -73.37140     10.540     10.459     8.9635    33.1013 -9.990e-29     0.4177 3.6370e+00  1025.6852     8.9624    25.6373     9.3754    285.662    9.34639  284.77761    100.311 -9.990e-29
   39.32912  -73.37140     10.529     10.448     8.9635    33.1012 -9.990e-29     0.4177 3.6473e+00  1025.6853     8.9624    25.6374     9.3753    285.657    9.34633  284.77599    100.309 -9.990e-29
   39.32912  -73.37140     10.509     10.429     8.9635    33.1012 -9.990e-29     0.4177 3.6545e+00  1025.6852     8.9624    25.6374     9.3752    285.654    9.34635  284.77661    100.308 -9.990e-29
   39.32912  -73.37140     10.489     10.409     8.9635    33.1010 -9.990e-29     0.4177 3.6545e+00  1025.6847     8.9624    25.6372     9.3751    285.654    9.34644  284.77923    100.307 -9.990e-29
   39.32912  -73.37140     10.478     10.398     8.9631    33.1010 -9.990e-29     0.4177 3.6514e+00  1025.6847     8.9620    25.6372     9.3751    285.653    9.34650  284.78119    100.306 -9.990e-29
   39.32912  -73.37140     10.459     10.379     8.9624    33.1010 -9.990e-29     0.4177 3.6720e+00  1025.6848     8.9613    25.6372     9.3750    285.650    9.34653  284.78193    100.305 -9.990e-29
   39.32912  -73.37140     10.448     10.368     8.9625    33.1010 -9.990e-29     0.4177 3.6689e+00  1025.6847     8.9614    25.6373     9.3750    285.650    9.34660  284.78410    100.304 -9.990e-29
   39.32912  -73.37140     10.417     10.338     8.9628    33.1011 -9.990e-29     0.4177 3.6689e+00  1025.6848     8.9617    25.6373     9.3749    285.648    9.34667  284.78617    100.303 -9.990e-29
   39.32912  -73.37140     10.408     10.328     8.9631    33.1012 -9.990e-29     0.4177 3.6762e+00  1025.6846     8.9621    25.6374     9.3749    285.647    9.34673  284.78808    100.302 -9.990e-29
   39.32912  -73.37140     10.387     10.308     8.9630    33.1013 -9.990e-29     0.4177 3.6835e+00  1025.6847     8.9620    25.6375     9.3749    285.646    9.34679  284.78968    100.301 -9.990e-29
   39.32912  -73.37140     10.357     10.278     8.9635    33.1013 -9.990e-29     0.4177 3.6835e+00  1025.6845     8.9624    25.6375     9.3747    285.640    9.34673  284.78785    100.299 -9.990e-29
   39.32912  -73.37140     10.347     10.268     8.9631    33.1013 -9.990e-29     0.4177 3.6701e+00  1025.6846     8.9621    25.6375     9.3745    285.635    9.34665  284.78531    100.298 -9.990e-29
   39.32912  -73.37140     10.327     10.248     8.9632    33.1012 -9.990e-29     0.4177 3.6804e+00  1025.6843     8.9621    25.6375     9.3803    285.812    9.34660  284.78404    100.361 -9.990e-29
   39.32912  -73.37140     10.317     10.238     8.9630    33.1012 -9.990e-29     0.4177 3.6773e+00  1025.6844     8.9619    25.6374     9.3749    285.646    9.34658  284.78358    100.303 -9.990e-29
   39.32912  -73.37140     10.285     10.207     8.9633    33.1012 -9.990e-29     0.4177 3.6877e+00  1025.6839     8.9622    25.6373     9.3748    285.642    9.34659  284.78358    100.301 -9.990e-29
   39.32912  -73.37140     10.266     10.188     8.9636    33.1011 -9.990e-29     0.4177 3.6846e+00  1025.6837     8.9625    25.6373     9.3806    285.820    9.34658  284.78347    100.364 -9.990e-29
   39.32912  -73.37140     10.255     10.177     8.9634    33.1011 -9.990e-29     0.4177 3.6846e+00  1025.6842     8.9623    25.6373     9.3758    285.673    9.34652  284.78179    100.313 -9.990e-29
   39.32912  -73.37140     10.236     10.158     8.9633    33.1010 -9.990e-29     0.4177 3.6815e+00  1025.6836     8.9622    25.6372     9.3816    285.850    9.34650  284.78111    100.375 -9.990e-29
   39.32912  -73.37140     10.204     10.126     8.9633    33.1008 -9.990e-29     0.4177 3.6919e+00  1025.6833     8.9622    25.6371     9.3761    285.682    9.34643  284.77884    100.317 -9.990e-29
   39.32912  -73.37140     10.204     10.126     8.9630    33.1008 -9.990e-29     0.4177 3.6919e+00  1025.6835     8.9620    25.6370     9.3760    285.679    9.34648  284.78018    100.316 -9.990e-29
   39.32912  -73.37140     10.174     10.096     8.9641    33.1007 -9.990e-29     0.4177 3.6888e+00  1025.6831     8.9630    25.6369     9.3758    285.674    9.34649  284.78073    100.314 -9.990e-29
   39.32912  -73.37140     10.155     10.077     8.9646    33.1007 -9.990e-29     0.4177 3.6888e+00  1025.6829     8.9636    25.6368     9.3756    285.667    9.34640  284.77806    100.312 -9.990e-29
   39.32912  -73.37140     10.155     10.077     8.9646    33.1007 -9.990e-29     0.4177 3.6888e+00  1025.6830     8.9636    25.6368     9.3755    285.664    9.34647  284.77995    100.310 -9.990e-29
   39.32912  -73.37140     10.123     10.046     8.9643    33.1007 -9.990e-29     0.4177 3.6888e+00  1025.6827     8.9633    25.6368     9.3752    285.656    9.34638  284.77704    100.309 -9.990e-29
   39.32912  -73.37140     10.113     10.036     8.9638    33.1007 -9.990e-29     0.4177 3.6992e+00  1025.6826     8.9627    25.6369     9.3749    285.645    9.34619  284.77138    100.307 -9.990e-29
   39.32912  -73.37140     10.104     10.027     8.9633    33.1009 -9.990e-29     0.4311 3.6992e+00  1025.6831     8.9622    25.6372     9.3746    285.636    9.34608  284.76781    100.305 -9.990e-29
   39.32912  -73.37140     10.083     10.006     8.9625    33.1012 -9.990e-29     0.4177 3.7096e+00  1025.6835     8.9615    25.6375     9.3803    285.810    9.34596  284.76433    100.367 -9.990e-29
   39.32912  -73.37140     10.063      9.986     8.9623    33.1012 -9.990e-29     0.4177 3.7096e+00  1025.6830     8.9613    25.6375     9.3747    285.639    9.34584  284.76086    100.308 -9.990e-29
   39.32912  -73.37140     10.063      9.986     8.9620    33.1012 -9.990e-29     0.4177 3.7066e+00  1025.6835     8.9609    25.6376     9.3745    285.633    9.34583  284.76047    100.306 -9.990e-29
   39.32912  -73.37140     10.043      9.967     8.9619    33.1012 -9.990e-29     0.4177 3.7066e+00  1025.6830     8.9608    25.6376     9.3742    285.627    9.34579  284.75962    100.304 -9.990e-29
   39.32912  -73.37140     10.023      9.946     8.9615    33.1012 -9.990e-29     0.4311 3.7170e+00  1025.6833     8.9604    25.6377     9.3748    285.645    9.34587  284.76220    100.310 -9.990e-29
   39.32912  -73.37140     10.023      9.946     8.9615    33.1012 -9.990e-29     0.4446 3.7244e+00  1025.6834     8.9604    25.6377     9.3817    285.853    9.34615  284.77064    100.380 -9.990e-29
   39.32912  -73.37140     10.002      9.926     8.9615    33.1010 -9.990e-29     0.4580 3.7139e+00  1025.6829     8.9604    25.6375     9.3823    285.873    9.34626  284.77417    100.386 -9.990e-29
   39.32912  -73.37140     10.002      9.926     8.9616    33.1010 -9.990e-29     0.4446 3.7244e+00  1025.6825     8.9605    25.6374     9.3769    285.709    9.34638  284.77790    100.327 -9.990e-29
   39.32912  -73.37140      9.976      9.900     8.9606    33.1010 -9.990e-29     0.4446 3.7244e+00  1025.6827     8.9596    25.6375     9.3828    285.888    9.34647  284.78060    100.389 -9.990e-29
   39.32912  -73.37140      9.972      9.896     8.9597    33.1011 -9.990e-29     0.4446 3.7244e+00  1025.6833     8.9586    25.6378     9.3775    285.724    9.34657  284.78348    100.330 -9.990e-29
