CalculateIndicators/WaterTemperature/Data/CTD_NYOS/202200729_C17.cnv
* Sea-Bird SBE 9 Data File:
* FileName = C:\Seabird 9 CTD\Data\2022\202207_offshore\202200729_C17.hex
* Software Version Seasave V 7.23.2
* Temperature SN = 4590
* Conductivity SN = 3228
* Number of Bytes Per Scan = 44
* Number of Voltage Words = 5
* Number of Scans Averaged by the Deck Unit = 1
* NMEA Latitude = 40 06.34 N
* NMEA Longitude = 072 35.73 W
* NMEA UTC (Time) = Dec 13 2002  01:10:48
* NMEA baud rate = 4800
** Ship: seawolf
** Station: 4.3
** Operator: TDK
# nquan = 18
# nvalues = 14766                       
# units = specified
# name 0 = latitude: Latitude [deg]
# name 1 = longitude: Longitude [deg]
# name 2 = prDM: Pressure, Digiquartz [db]
# name 3 = depSM: Depth [salt water, m]
# name 4 = t090C: Temperature [ITS-90, deg C]
# name 5 = sal00: Salinity, Practical [PSU]
# name 6 = ph: pH
# name 7 = flECO-AFL: Fluorescence, WET Labs ECO-AFL/FL [mg/m^3]
# name 8 = cpar: CPAR/Corrected Irradiance [%]
# name 9 = density00: Density [density, kg/m^3]
# name 10 = potemp090C: Potential Temperature [ITS-90, deg C]
# name 11 = sigma-é00: Density [sigma-theta, kg/m^3]
# name 12 = sbeox0Mg/L: Oxygen, SBE 43 [mg/l]
# name 13 = sbox0Mm/Kg: Oxygen, SBE 43 [umol/kg]
# name 14 = oxsolMg/L: Oxygen Saturation, Garcia & Gordon [mg/l]
# name 15 = oxsolMm/Kg: Oxygen Saturation, Garcia & Gordon [umol/kg]
# name 16 = sbeox0PS: Oxygen, SBE 43 [% saturation]
# name 17 = flag:  0.000e+00
# span 0 =   40.10566,   40.10738       
# span 1 =  -72.59558,  -72.59254       
# span 2 =      1.751,     51.950       
# span 3 =      1.738,     51.545       
# span 4 =     8.1878,    23.5123       
# span 5 =    31.2304,    33.0051       
# span 6 =      7.944,      8.204       
# span 7 =     0.0282,     1.7474       
# span 8 = 5.0640e-11, 9.9999e+04       
# span 9 =  1020.9536,  1025.8949       
# span 10 =     8.1845,    23.5118      
# span 11 =    20.9379,    25.6586      
# span 12 =     7.4209,    10.6775      
# span 13 =    226.105,    325.596      
# span 14 =    7.09795,    9.51934      
# span 15 =  217.26181,  290.05150      
# span 16 =     78.227,    123.535      
# span 17 = 0.0000e+00, 0.0000e+00      
# interval = seconds: 0.0416667
# start_time = Jul 29 2022 01:10:47 [System UTC, first data scan.]
# bad_flag = -9.990e-29
*END*
[from data line 6031]
   40.10640  -72.59422     45.345     44.993     8.3171    32.9976 -9.990e-29     0.0551 5.0640e-11  1025.8621     8.3125    25.6555     7.4231    226.172    9.48762  289.07612     78.240 0.0000e+00
   40.10640  -72.59422     45.304     44.951     8.3172    32.9976 -9.990e-29     0.0416 5.0640e-11  1025.8617     8.3126    25.6554     7.4235    226.186    9.48764  289.07678     78.244 0.0000e+00
   40.10640  -72.59422     45.294     44.942     8.3172    32.9976 -9.990e-29     0.0551 5.0640e-11  1025.8617     8.3127    25.6554     7.4232    226.177    9.48764  289.07667     78.241 0.0000e+00
   40.10640  -72.59422     45.264     44.912     8.3174    32.9976 -9.990e-29     0.0416 5.0640e-11  1025.8616     8.3129    25.6554     7.4230    226.169    9.48764  289.07670     78.238 0.0000e+00
   40.10640  -72.59422     45.234     44.882     8.3172    32.9976 -9.990e-29     0.0416 5.0640e-11  1025.8615     8.3126    25.6554     7.4298    226.377    9.48764  289.07660     78.310 0.0000e+00
   40.10640  -72.59422     45.202     44.850     8.3172    32.9976 -9.990e-29     0.0551 5.0640e-11  1025.8612     8.3127    25.6554     7.4303    226.392    9.48759  289.07523     78.316 0.0000e+00
   40.10640  -72.59422     45.183     44.831     8.3173    32.9976 -9.990e-29     0.0416 5.0640e-11  1025.8612     8.3128    25.6554     7.4238    226.195    9.48764  289.07674     78.247 0.0000e+00
   40.10640  -72.59422     45.151     44.799     8.3176    32.9976 -9.990e-29     0.0416 5.0640e-11  1025.8611     8.3131    25.6553     7.4236    226.189    9.48763  289.07656     78.245 0.0000e+00
   40.10640  -72.59422     45.131     44.780     8.3175    32.9976 -9.990e-29     0.0551 5.0640e-11  1025.8608     8.3130    25.6553     7.4243    226.210    9.48771  289.07897     78.252 0.0000e+00
   40.10640  -72.59422     45.100     44.749     8.3172    32.9976 -9.990e-29     0.0416 5.0640e-11  1025.8609     8.3128    25.6554     7.4242    226.207    9.48772  289.07935     78.251 0.0000e+00
   40.10640  -72.59422     45.069     44.719     8.3173    32.9976 -9.990e-29     0.0551 5.0640e-11  1025.8607     8.3128    25.6554     7.4242    226.207    9.48779  289.08134     78.250 0.0000e+00
   40.10640  -72.59422     45.049     44.698     8.3171    32.9976 -9.990e-29     0.0416 5.0640e-11  1025.8605     8.3126    25.6554     7.4242    226.207    9.48783  289.08263     78.250 0.0000e+00
   40.10638  -72.59424     45.018     44.668     8.3171    32.9976 -9.990e-29     0.0416 5.0640e-11  1025.8607     8.3126    25.6554     7.4242    226.207    9.48782  289.08226     78.250 0.0000e+00
   40.10638  -72.59424     44.988     44.638     8.3172    32.9976 -9.990e-29     0.0282 5.0640e-11  1025.8604     8.3127    25.6554     7.4314    226.424    9.48789  289.08445     78.325 0.0000e+00
   40.10638  -72.59424     44.958     44.608     8.3171    32.9974 -9.990e-29     0.0282 5.0640e-11  1025.8601     8.3126    25.6553     7.4252    226.236    9.48794  289.08598     78.259 0.0000e+00
   40.10638  -72.59424     44.927     44.578     8.3175    32.9974 -9.990e-29     0.0282 5.0640e-11  1025.8596     8.3130    25.6552     7.4252    226.236    9.48788  289.08405     78.260 0.0000e+00
   40.10638  -72.59424     44.907     44.557     8.3172    32.9974 -9.990e-29     0.0282 5.0640e-11  1025.8598     8.3128    25.6552     7.4253    226.239    9.48787  289.08376     78.261 0.0000e+00
   40.10638  -72.59424     44.876     44.527     8.3176    32.9974 -9.990e-29     0.0282 5.0640e-11  1025.8595     8.3132    25.6552     7.4254    226.243    9.48788  289.08415     78.262 0.0000e+00
   40.10638  -72.59424     44.835     44.486     8.3174    32.9975 -9.990e-29     0.0282 5.0640e-11  1025.8595     8.3129    25.6553     7.4257    226.251    9.48800  289.08775     78.264 0.0000e+00
   40.10638  -72.59424     44.825     44.476     8.3176    32.9975 -9.990e-29     0.0282 5.0640e-11  1025.8595     8.3131    25.6553     7.4259    226.259    9.48805  289.08927     78.266 0.0000e+00
   40.10638  -72.59424     44.784     44.435     8.3175    32.9975 -9.990e-29     0.0416 5.0640e-11  1025.8595     8.3130    25.6553     7.4261    226.265    9.48800  289.08800     78.268 0.0000e+00
   40.10638  -72.59424     44.753     44.405     8.3180    32.9975 -9.990e-29     0.0282 5.0640e-11  1025.8589     8.3136    25.6551     7.4264    226.275    9.48808  289.09035     78.271 0.0000e+00
   40.10638  -72.59424     44.712     44.364     8.3179    32.9975 -9.990e-29     0.0282 5.0640e-11  1025.8586     8.3135    25.6550     7.4269    226.288    9.48825  289.09542     78.275 0.0000e+00
   40.10638  -72.59424     44.693     44.345     8.3179    32.9975 -9.990e-29     0.0282 5.0640e-11  1025.8588     8.3134    25.6551     7.4274    226.303    9.48840  289.10016     78.278 0.0000e+00
   40.10638  -72.59424     44.651     44.304     8.3178    32.9975 -9.990e-29     0.0282 5.0640e-11  1025.8587     8.3134    25.6552     7.4277    226.314    9.48840  289.10035     78.282 0.0000e+00
   40.10638  -72.59424     44.621     44.274     8.3179    32.9975 -9.990e-29     0.0282 5.0640e-11  1025.8586     8.3135    25.6552     7.4274    226.303    9.48844  289.10125     78.278 0.0000e+00
   40.10638  -72.59424     44.600     44.253     8.3179    32.9974 -9.990e-29     0.0416 5.0640e-11  1025.8582     8.3135    25.6551     7.4270    226.292    9.48845  289.10180     78.274 0.0000e+00
   40.10638  -72.59424     44.559     44.212     8.3177    32.9973 -9.990e-29     0.0282 5.0640e-11  1025.8581     8.3133    25.6551     7.4266    226.280    9.48844  289.10151     78.270 0.0000e+00
   40.10638  -72.59424     44.528     44.182     8.3176    32.9972 -9.990e-29     0.0416 5.0640e-11  1025.8579     8.3131    25.6551     7.4270    226.292    9.48843  289.10109     78.274 0.0000e+00
   40.10638  -72.59424     44.488     44.142     8.3175    32.9972 -9.990e-29     0.0282 5.0640e-11  1025.8577     8.3130    25.6551     7.4267    226.281    9.48844  289.10150     78.271 0.0000e+00
   40.10638  -72.59424     44.447     44.101     8.3174    32.9972 -9.990e-29     0.0282 5.0640e-11  1025.8575     8.3130    25.6550     7.4263    226.271    9.48847  289.10234     78.267 0.0000e+00
   40.10638  -72.59424     44.417     44.071     8.3175    32.9972 -9.990e-29     0.0282 5.0640e-11  1025.8572     8.3131    25.6550     7.4267    226.283    9.48842  289.10066     78.271 0.0000e+00
   40.10638  -72.59424     44.377     44.031     8.3174    32.9971 -9.990e-29     0.0282 5.0640e-11  1025.8571     8.3130    25.6551     7.4271    226.296    9.48834  289.09820     78.276 0.0000e+00
   40.10638  -72.59424     44.345     44.000     8.3172    32.9971 -9.990e-29     0.0416 5.0640e-11  1025.8572     8.3127    25.6551     7.4276    226.310    9.48828  289.09612     78.282 0.0000e+00
   40.10638  -72.59424     44.315     43.970     8.3172    32.9971 -9.990e-29     0.0282 5.0640e-11  1025.8568     8.3128    25.6550     7.4351    226.538    9.48819  289.09339     78.362 0.0000e+00
   40.10638  -72.59424     44.273     43.929     8.3175    32.9970 -9.990e-29     0.0416 5.0640e-11  1025.8565     8.3131    25.6548     7.4293    226.363    9.48818  289.09326     78.301 0.0000e+00
   40.10640  -72.59420     44.243     43.899     8.3174    32.9970 -9.990e-29     0.0416 5.0640e-11  1025.8563     8.3130    25.6548     7.4292    226.357    9.48822  289.09467     78.299 0.0000e+00
   40.10640  -72.59420     44.192     43.848     8.3172    32.9970 -9.990e-29     0.0416 5.0640e-11  1025.8562     8.3128    25.6549     7.4298    226.377    9.48831  289.09761     78.305 0.0000e+00
   40.10640  -72.59420     44.163     43.819     8.3172    32.9972 -9.990e-29     0.0416 5.0640e-11  1025.8563     8.3128    25.6550     7.4298    226.376    9.48847  289.10236     78.303 0.0000e+00
   40.10640  -72.59420     44.121     43.778     8.3172    32.9972 -9.990e-29     0.0416 5.0640e-11  1025.8562     8.3129    25.6551     7.4297    226.373    9.48857  289.10538     78.301 0.0000e+00
   40.10640  -72.59420     44.070     43.728     8.3175    32.9972 -9.990e-29     0.0551 5.0640e-11  1025.8558     8.3131    25.6550     7.4296    226.370    9.48864  289.10769     78.299 0.0000e+00
   40.10640  -72.59420     44.039     43.696     8.3174    32.9970 -9.990e-29     0.0416 5.0640e-11  1025.8555     8.3130    25.6549     7.4294    226.366    9.48871  289.10979     78.297 0.0000e+00
   40.10640  -72.59420     43.988     43.645     8.3176    32.9969 -9.990e-29     0.0551 5.0640e-11  1025.8552     8.3132    25.6548     7.4301    226.386    9.48876  289.11119     78.304 0.0000e+00
   40.10640  -72.59420     43.968     43.626     8.3176    32.9969 -9.990e-29     0.0551 5.0640e-11  1025.8550     8.3132    25.6547     7.4300    226.382    9.48876  289.11136     78.303 0.0000e+00
   40.10640  -72.59420     43.927     43.585     8.3175    32.9969 -9.990e-29     0.0416 5.0640e-11  1025.8548     8.3131    25.6547     7.4299    226.380    9.48887  289.11473     78.301 0.0000e+00
   40.10640  -72.59420     43.876     43.535     8.3176    32.9969 -9.990e-29     0.0551 5.0640e-11  1025.8546     8.3132    25.6548     7.4306    226.402    9.48898  289.11799     78.308 0.0000e+00
   40.10640  -72.59420     43.836     43.495     8.3174    32.9970 -9.990e-29     0.0416 5.0640e-11  1025.8546     8.3130    25.6549     7.4304    226.396    9.48884  289.11364     78.307 0.0000e+00
   40.10640  -72.59420     43.794     43.454     8.3172    32.9970 -9.990e-29     0.0416 5.0640e-11  1025.8544     8.3128    25.6549     7.4302    226.388    9.48870  289.10924     78.305 0.0000e+00
   40.10640  -72.59420     43.753     43.413     8.3174    32.9970 -9.990e-29     0.0416 5.0640e-11  1025.8541     8.3130    25.6549     7.4301    226.385    9.48868  289.10871     78.304 0.0000e+00
   40.10640  -72.59420     43.713     43.373     8.3173    32.9970 -9.990e-29     0.0416 5.0640e-11  1025.8539     8.3129    25.6549     7.4301    226.385    9.48883  289.11363     78.303 0.0000e+00
   40.10640  -72.59420     43.672     43.332     8.3172    32.9970 -9.990e-29     0.0416 5.0640e-11  1025.8539     8.3129    25.6549     7.4373    226.606    9.48918  289.12453     78.377 0.0000e+00
   40.10640  -72.59420     43.632     43.292     8.3173    32.9970 -9.990e-29     0.0416 5.0640e-11  1025.8536     8.3129    25.6549     7.4310    226.414    9.48935  289.12984     78.309 0.0000e+00
   40.10640  -72.59420     43.601     43.262     8.3172    32.9970 -9.990e-29     0.0416 5.0640e-11  1025.8536     8.3129    25.6549     7.4311    226.417    9.48960  289.13753     78.308 0.0000e+00
   40.10640  -72.59420     43.550     43.211     8.3175    32.9970 -9.990e-29     0.0416 5.0640e-11  1025.8533     8.3131    25.6548     7.4388    226.652    9.48962  289.13795     78.389 0.0000e+00
   40.10640  -72.59420     43.518     43.180     8.3174    32.9968 -9.990e-29     0.0416 5.0640e-11  1025.8528     8.3131    25.6547     7.4331    226.478    9.48957  289.13636     78.329 0.0000e+00
   40.10640  -72.59420     43.478     43.140     8.3174    32.9966 -9.990e-29     0.0416 5.0640e-11  1025.8527     8.3131    25.6545     7.4330    226.474    9.48956  289.13564     78.328 0.0000e+00
   40.10640  -72.59420     43.448     43.110     8.3172    32.9964 -9.990e-29     0.0551 5.0640e-11  1025.8523     8.3128    25.6544     7.4326    226.464    9.48928  289.12700     78.327 0.0000e+00
   40.10640  -72.59420     43.407     43.069     8.3171    32.9963 -9.990e-29     0.0551 5.0640e-11  1025.8522     8.3127    25.6544     7.4393    226.665    9.48894  289.11638     78.399 0.0000e+00
   40.10640  -72.59420     43.376     43.039     8.3168    32.9963 -9.990e-29     0.0416 5.0640e-11  1025.8519     8.3125    25.6544     7.4327    226.465    9.48880  289.11215     78.331 0.0000e+00
   40.10640  -72.59420     43.336     42.999     8.3166    32.9963 -9.990e-29     0.0416 5.0640e-11  1025.8518     8.3123    25.6544     7.4324    226.458    9.48869  289.10888     78.330 0.0000e+00
   40.10640  -72.59420     43.316     42.979     8.3166    32.9963 -9.990e-29     0.0551 5.0640e-11  1025.8518     8.3123    25.6544     7.4323    226.454    9.48871  289.10967     78.328 0.0000e+00
   40.10640  -72.59420     43.274     42.938     8.3163    32.9963 -9.990e-29     0.0685 5.0640e-11  1025.8517     8.3120    25.6545     7.4323    226.455    9.48895  289.11749     78.326 0.0000e+00
   40.10640  -72.59420     43.265     42.928     8.3161    32.9963 -9.990e-29     0.0685 5.0640e-11  1025.8516     8.3118    25.6545     7.4334    226.486    9.48939  289.13125     78.333 0.0000e+00
   40.10640  -72.59420     43.223     42.887     8.3163    32.9963 -9.990e-29     0.0819 5.0640e-11  1025.8515     8.3120    25.6545     7.4407    226.711    9.48992  289.14752     78.407 0.0000e+00
   40.10640  -72.59420     43.202     42.867     8.3164    32.9962 -9.990e-29     0.0685 5.0640e-11  1025.8513     8.3121    25.6544     7.4416    226.737    9.49020  289.15588     78.413 0.0000e+00
   40.10640  -72.59420     43.172     42.836     8.3165    32.9960 -9.990e-29     0.0685 5.0640e-11  1025.8507     8.3122    25.6542     7.4422    226.757    9.49029  289.15845     78.420 0.0000e+00
   40.10640  -72.59420     43.151     42.816     8.3159    32.9959 -9.990e-29     0.0685 5.0640e-11  1025.8507     8.3116    25.6542     7.4358    226.560    9.49036  289.16053     78.351 0.0000e+00
   40.10640  -72.59420     43.131     42.795     8.3157    32.9959 -9.990e-29     0.0685 5.0640e-11  1025.8508     8.3114    25.6542     7.4426    226.768    9.49036  289.16047     78.423 0.0000e+00
   40.10640  -72.59420     43.111     42.776     8.3159    32.9957 -9.990e-29     0.0685 5.0640e-11  1025.8505     8.3117    25.6541     7.4431    226.782    9.49032  289.15905     78.428 0.0000e+00
   40.10640  -72.59420     43.091     42.756     8.3157    32.9955 -9.990e-29     0.0685 5.0640e-11  1025.8502     8.3114    25.6539     7.4364    226.580    9.49025  289.15730     78.359 0.0000e+00
   40.10640  -72.59420     43.070     42.735     8.3150    32.9954 -9.990e-29     0.0685 5.0640e-11  1025.8500     8.3107    25.6539     7.4362    226.573    9.49035  289.16015     78.356 -9.990e-29
   40.10640  -72.59420     43.070     42.735     8.3141    32.9952 -9.990e-29     0.0685 5.0640e-11  1025.8504     8.3098    25.6539     7.4431    226.782    9.49046  289.16378     78.427 -9.990e-29
   40.10640  -72.59420     43.040     42.705     8.3144    32.9950 -9.990e-29     0.0685 5.0640e-11  1025.8496     8.3101    25.6537     7.4365    226.583    9.49058  289.16753     78.357 -9.990e-29
   40.10640  -72.59420     43.040     42.705     8.3141    32.9950 -9.990e-29     0.0685 5.0640e-11  1025.8498     8.3098    25.6537     7.4363    226.576    9.49067  289.17026     78.354 -9.990e-29
   40.10640  -72.59420     43.030     42.695     8.3140    32.9950 -9.990e-29     0.0685 5.0640e-11  1025.8498     8.3098    25.6537     7.4361    226.570    9.49080  289.17415     78.351 0.0000e+00
   40.10640  -72.59420     43.019     42.684     8.3141    32.9949 -9.990e-29     0.0685 5.0640e-11  1025.8496     8.3098    25.6537     7.4428    226.773    9.49080  289.17424     78.421 -9.990e-29
   40.10640  -72.59420     43.019     42.684     8.3142    32.9949 -9.990e-29     0.0685 5.0640e-11  1025.8496     8.3099    25.6537     7.4432    226.787    9.49083  289.17528     78.425 -9.990e-29
   40.10640  -72.59420     43.009     42.675     8.3141    32.9949 -9.990e-29     0.0819 5.0640e-11  1025.8496     8.3098    25.6537     7.4436    226.797    9.49083  289.17517     78.429 -9.990e-29
   40.10640  -72.59420     43.009     42.675     8.3139    32.9950 -9.990e-29     0.0685 5.0640e-11  1025.8498     8.3097    25.6537     7.4368    226.591    9.49077  289.17320     78.358 -9.990e-29
