CalculateIndicators/WaterTemperature/Data/CTD_NYOS/20220203_C07.cnv
* Sea-Bird SBE 9 Data File:
* FileName = C:\Seabird 9 CTD\Data\2022\202202_offshore\20220203_C07.hex
* Software Version Seasave V 7.23.2
* Temperature SN = 4590
* Conductivity SN = 3228
* Number of Bytes Per Scan = 44
* Number of Voltage Words = 5
* Number of Scans Averaged by the Deck Unit = 1
* NMEA Latitude = 38 55.57 N
* NMEA Longitude = 073 13.06 W
* NMEA UTC (Time) = Jun 20 2002  01:15:16
* NMEA baud rate = 4800
** Ship: rv seawolf
** Station: 7.5
** Operator: TCM
# nquan = 18
# nvalues = 16845                                 
# units = specified
# name 0 = latitude: Latitude [deg]
# name 1 = longitude: Longitude [deg]
# name 2 = prDM: Pressure, Digiquartz [db]
# name 3 = depSM: Depth [salt water, m]
# name 4 = t090C: Temperature [ITS-90, deg C]
# name 5 = sal00: Salinity, Practical [PSU]
# name 6 = ph: pH
# name 7 = flECO-AFL: Fluorescence, WET Labs ECO-AFL/FL [mg/m^3]
# name 8 = cpar: CPAR/Corrected Irradiance [%]
# name 9 = density00: Density [density, kg/m^3]
# name 10 = potemp090C: Potential Temperature [ITS-90, deg C]
# name 11 = sigma-é00: Density [sigma-theta, kg/m^3]
# name 12 = sbeox0Mg/L: Oxygen, SBE 43 [mg/l]
# name 13 = sbox0Mm/Kg: Oxygen, SBE 43 [umol/kg]
# name 14 = oxsolMg/L: Oxygen Saturation, Garcia & Gordon [mg/l]
# name 15 = oxsolMm/Kg: Oxygen Saturation, Garcia & Gordon [umol/kg]
# name 16 = sbeox0PS: Oxygen, SBE 43 [% saturation]
# name 17 = flag:  0.000e+00
# span 0 =   38.92616,   38.92634                 
# span 1 =  -73.21970,  -73.21766                 
# span 2 =      2.258,     70.004                 
# span 3 =      2.240,     69.463                 
# span 4 =    10.0549,    10.1939                 
# span 5 =    33.9966,    34.0501                 
# span 6 =      8.266,      8.275                 
# span 7 =     0.1222,     0.2968                 
# span 8 = 5.0640e-11, 9.9999e+04                 
# span 9 =  1026.1483,  1026.5008                 
# span 10 =    10.0484,    10.1935                
# span 11 =    26.1364,    26.1888                
# span 12 =     7.6953,     7.8982                
# span 13 =    234.346,    240.536                
# span 14 =    9.04447,    9.07112                
# span 15 =  275.44458,  276.24739                
# span 16 =     84.980,     87.312                
# span 17 = 0.0000e+00, 0.0000e+00                
# interval = seconds: 0.0416667
# start_time = Feb 03 2022 01:15:16 [System UTC, first data scan.]
# bad_flag = -9.990e-29
*END*
[from data line 7960]
   38.92630  -73.21868     52.872     52.465    10.0601    34.0027      8.271     0.1491 9.9999e+04  1026.4024    10.0541    26.1640     7.7572    236.236    9.07048  276.22905     85.522  0.000e+00
   38.92630  -73.21868     52.862     52.455    10.0602    34.0026      8.271     0.1491 9.9999e+04  1026.4023    10.0542    26.1640     7.7632    236.419    9.07045  276.22836     85.588  0.000e+00
   38.92630  -73.21868     52.852     52.446    10.0597    34.0028      8.266     0.1491 9.9999e+04  1026.4025    10.0537    26.1642     7.7639    236.439    9.07054  276.23104     85.594  0.000e+00
   38.92628  -73.21868     52.841     52.435    10.0597    34.0033      8.266     0.1491 9.9999e+04  1026.4028    10.0537    26.1646     7.7650    236.471    9.07051  276.22999     85.607  0.000e+00
   38.92628  -73.21868     52.820     52.414    10.0601    34.0031      8.271     0.1491 9.9999e+04  1026.4025    10.0541    26.1644     7.7600    236.319    9.07045  276.22822     85.552  0.000e+00
   38.92628  -73.21868     52.811     52.405    10.0606    34.0029      8.271     0.1491 9.9999e+04  1026.4022    10.0546    26.1641     7.7544    236.151    9.07037  276.22578     85.492  0.000e+00
   38.92628  -73.21868     52.811     52.405    10.0610    34.0024      8.271     0.1491 9.9999e+04  1026.4017    10.0550    26.1636     7.7484    235.967    9.07031  276.22406     85.426  0.000e+00
   38.92628  -73.21868     52.790     52.384    10.0614    34.0019      8.271     0.1491 9.9999e+04  1026.4012    10.0554    26.1632     7.7419    235.769    9.07026  276.22282     85.355  0.000e+00
   38.92628  -73.21868     52.780     52.374    10.0617    34.0018      8.271     0.1491 9.9999e+04  1026.4010    10.0557    26.1631     7.7409    235.740    9.07021  276.22112     85.345  0.000e+00
   38.92628  -73.21868     52.780     52.374    10.0619    34.0020      8.271     0.1491 9.9999e+04  1026.4012    10.0559    26.1632     7.7461    235.898    9.07016  276.21960     85.402  0.000e+00
   38.92628  -73.21868     52.760     52.354    10.0624    34.0014      8.271     0.1491 9.9999e+04  1026.4005    10.0564    26.1626     7.7525    236.093    9.07010  276.21793     85.473  0.000e+00
   38.92628  -73.21868     52.760     52.354    10.0619    34.0020      8.271     0.1491 9.9999e+04  1026.4011    10.0559    26.1632     7.7596    236.310    9.07016  276.21958     85.551  0.000e+00
   38.92628  -73.21868     52.760     52.354    10.0622    34.0018      8.271     0.1625 9.9999e+04  1026.4008    10.0562    26.1630     7.7607    236.341    9.07011  276.21815     85.563  0.000e+00
   38.92628  -73.21868     52.750     52.344    10.0627    34.0013      8.271     0.1491 9.9999e+04  1026.4004    10.0567    26.1625     7.7611    236.354    9.07004  276.21610     85.569  0.000e+00
   38.92628  -73.21868     52.739     52.333    10.0630    34.0010      8.271     0.1491 9.9999e+04  1026.4000    10.0570    26.1622     7.7676    236.552    9.06999  276.21480     85.641  0.000e+00
   38.92628  -73.21868     52.729     52.324    10.0632    34.0009      8.271     0.1625 9.9999e+04  1026.3998    10.0572    26.1621     7.7620    236.381    9.06997  276.21405     85.579  0.000e+00
   38.92628  -73.21868     52.718     52.313    10.0630    34.0011      8.266     0.1491 9.9999e+04  1026.3999    10.0570    26.1622     7.7619    236.378    9.06999  276.21478     85.578  0.000e+00
   38.92628  -73.21868     52.718     52.313    10.0629    34.0008      8.266     0.1625 9.9999e+04  1026.3997    10.0568    26.1621     7.7618    236.375    9.07004  276.21643     85.576  0.000e+00
   38.92628  -73.21868     52.709     52.303    10.0625    34.0011      8.271     0.1491 9.9999e+04  1026.4000    10.0565    26.1624     7.7622    236.389    9.07008  276.21759     85.581  0.000e+00
   38.92628  -73.21868     52.699     52.294    10.0629    34.0009      8.266     0.1491 9.9999e+04  1026.3998    10.0568    26.1622     7.7686    236.584    9.07004  276.21616     85.652  0.000e+00
   38.92628  -73.21868     52.699     52.294    10.0630    34.0007      8.266     0.1491 9.9999e+04  1026.3996    10.0570    26.1620     7.7690    236.594    9.07001  276.21541     85.656  0.000e+00
   38.92628  -73.21868     52.688     52.283    10.0630    34.0010      8.271     0.1491 9.9999e+04  1026.3998    10.0570    26.1622     7.7632    236.420    9.06999  276.21488     85.593  0.000e+00
   38.92628  -73.21868     52.678     52.273    10.0634    34.0010      8.266     0.1491 9.9999e+04  1026.3996    10.0573    26.1621     7.7623    236.392    9.06993  276.21305     85.583  0.000e+00
   38.92628  -73.21868     52.671     52.266    10.0634    34.0011      8.266     0.1491 9.9999e+04  1026.3997    10.0574    26.1622     7.7614    236.365    9.06992  276.21260     85.573  0.000e+00
   38.92628  -73.21868     52.669     52.263    10.0634    34.0014      8.266     0.1625 9.9999e+04  1026.3999    10.0573    26.1624     7.7731    236.721    9.06991  276.21226     85.703  0.000e+00
   38.92628  -73.21868     52.657     52.252    10.0634    34.0012      8.271     0.1491 9.9999e+04  1026.3997    10.0573    26.1623     7.7738    236.742    9.06992  276.21264     85.710  0.000e+00
   38.92628  -73.21868     52.648     52.243    10.0634    34.0009      8.271     0.1491 9.9999e+04  1026.3994    10.0574    26.1620     7.7745    236.761    9.06993  276.21297     85.717  0.000e+00
   38.92628  -73.21870     52.637     52.232    10.0634    34.0008      8.266     0.1491 9.9999e+04  1026.3993    10.0573    26.1620     7.7690    236.595    9.06994  276.21341     85.657  0.000e+00
   38.92628  -73.21870     52.637     52.232    10.0637    34.0007      8.266     0.1491 9.9999e+04  1026.3992    10.0577    26.1619     7.7634    236.425    9.06988  276.21140     85.596  0.000e+00
   38.92628  -73.21870     52.627     52.222    10.0635    34.0010      8.266     0.1491 9.9999e+04  1026.3994    10.0575    26.1621     7.7580    236.259    9.06990  276.21200     85.535  0.000e+00
   38.92628  -73.21870     52.617     52.213    10.0640    34.0010      8.271     0.1491 9.9999e+04  1026.3992    10.0580    26.1620     7.7579    236.257    9.06980  276.20904     85.536  0.000e+00
   38.92628  -73.21870     52.606     52.202    10.0640    34.0012      8.266     0.1491 9.9999e+04  1026.3993    10.0580    26.1622     7.7580    236.260    9.06979  276.20864     85.537  0.000e+00
   38.92628  -73.21870     52.606     52.202    10.0644    34.0011      8.271     0.1491 9.9999e+04  1026.3993    10.0583    26.1621     7.7581    236.262    9.06973  276.20682     85.538  0.000e+00
   38.92628  -73.21870     52.586     52.181    10.0645    34.0010      8.266     0.1491 9.9999e+04  1026.3991    10.0585    26.1620     7.7642    236.450    9.06970  276.20593     85.606  0.000e+00
   38.92628  -73.21870     52.576     52.172    10.0649    34.0010      8.266     0.1491 9.9999e+04  1026.3989    10.0589    26.1619     7.7721    236.690    9.06963  276.20378     85.694  0.000e+00
   38.92628  -73.21870     52.576     52.172    10.0649    34.0008      8.266     0.1491 9.9999e+04  1026.3988    10.0589    26.1617     7.7747    236.768    9.06965  276.20449     85.722  0.000e+00
   38.92628  -73.21870     52.555     52.151    10.0654    34.0005      8.266     0.1491 9.9999e+04  1026.3983    10.0594    26.1614     7.7700    236.624    9.06957  276.20217     85.671  0.000e+00
   38.92628  -73.21870     52.555     52.151    10.0652    34.0008      8.271     0.1491 9.9999e+04  1026.3986    10.0592    26.1617     7.7769    236.835    9.06958  276.20234     85.747  0.000e+00
   38.92628  -73.21870     52.535     52.130    10.0654    34.0004      8.271     0.1894 9.9999e+04  1026.3982    10.0594    26.1613     7.7717    236.677    9.06958  276.20242     85.690  0.000e+00
   38.92628  -73.21870     52.525     52.121    10.0649    34.0007      8.266     0.1894 9.9999e+04  1026.3985    10.0589    26.1617     7.7720    236.688    9.06964  276.20439     85.693  0.000e+00
   38.92628  -73.21870     52.525     52.121    10.0647    34.0007      8.271     0.1894 9.9999e+04  1026.3985    10.0587    26.1617     7.7664    236.514    9.06969  276.20571     85.630  0.000e+00
   38.92628  -73.21870     52.508     52.104    10.0650    34.0003      8.271     0.1894 9.9999e+04  1026.3980    10.0590    26.1613     7.7715    236.672    9.06964  276.20448     85.687  0.000e+00
   38.92628  -73.21870     52.495     52.091    10.0650    34.0009      8.271     0.1894 9.9999e+04  1026.3984    10.0590    26.1618     7.7772    236.845    9.06961  276.20329     85.750  0.000e+00
   38.92628  -73.21870     52.483     52.080    10.0647    34.0013      8.271     0.1894 9.9999e+04  1026.3988    10.0587    26.1621     7.7709    236.652    9.06966  276.20463     85.680  0.000e+00
   38.92628  -73.21870     52.474     52.070    10.0647    34.0005      8.271     0.1894 9.9999e+04  1026.3981    10.0587    26.1615     7.7814    236.974    9.06970  276.20619     85.796  0.000e+00
   38.92628  -73.21870     52.464     52.061    10.0640    34.0015      8.271     0.1894 9.9999e+04  1026.3990    10.0580    26.1624     7.7810    236.959    9.06977  276.20799     85.790  0.000e+00
   38.92628  -73.21870     52.443     52.040    10.0645    34.0011      8.271     0.1894 9.9999e+04  1026.3985    10.0585    26.1620     7.7808    236.954    9.06969  276.20580     85.789  0.000e+00
   38.92628  -73.21870     52.443     52.040    10.0654    34.0007      8.271     0.1894 9.9999e+04  1026.3980    10.0594    26.1616     7.7871    237.146    9.06954  276.20137     85.860  0.000e+00
   38.92628  -73.21870     52.423     52.020    10.0657    34.0010      8.271     0.1894 9.9999e+04  1026.3981    10.0597    26.1618     7.7885    237.188    9.06947  276.19919     85.876  0.000e+00
   38.92628  -73.21870     52.402     51.999    10.0660    34.0011      8.271     0.1894 9.9999e+04  1026.3980    10.0600    26.1618     7.7777    236.861    9.06941  276.19722     85.758  0.000e+00
   38.92628  -73.21870     52.402     51.999    10.0664    34.0008      8.271     0.1894 9.9999e+04  1026.3977    10.0604    26.1615     7.7725    236.701    9.06935  276.19561     85.701  0.000e+00
   38.92628  -73.21868     52.392     51.989    10.0662    34.0010      8.271     0.1894 9.9999e+04  1026.3979    10.0602    26.1616     7.7668    236.527    9.06938  276.19634     85.637  0.000e+00
   38.92628  -73.21868     52.372     51.969    10.0662    34.0007      8.271     0.1894 9.9999e+04  1026.3975    10.0602    26.1614     7.7666    236.521    9.06940  276.19698     85.635  0.000e+00
   38.92628  -73.21868     52.362     51.959    10.0659    34.0009      8.271     0.1894 9.9999e+04  1026.3977    10.0599    26.1616     7.7659    236.499    9.06945  276.19839     85.627  0.000e+00
   38.92628  -73.21868     52.351     51.948    10.0660    34.0008      8.266     0.1894 9.9999e+04  1026.3976    10.0600    26.1616     7.7705    236.642    9.06942  276.19770     85.679  0.000e+00
   38.92628  -73.21868     52.334     51.932    10.0662    34.0009      8.271     0.1894 9.9999e+04  1026.3976    10.0602    26.1616     7.7691    236.599    9.06938  276.19642     85.663  0.000e+00
   38.92628  -73.21868     52.311     51.909    10.0660    34.0011      8.271     0.1894 9.9999e+04  1026.3976    10.0601    26.1618     7.7672    236.539    9.06940  276.19682     85.642  0.000e+00
   38.92628  -73.21868     52.311     51.909    10.0659    34.0010      8.271     0.1894 5.0640e-11  1026.3975    10.0599    26.1617     7.7712    236.662    9.06944  276.19822     85.686  0.000e+00
   38.92628  -73.21868     52.300     51.898    10.0657    34.0010      8.271     0.1894 9.9999e+04  1026.3976    10.0597    26.1618     7.7762    236.815    9.06947  276.19890     85.741  0.000e+00
   38.92628  -73.21868     52.279     51.877    10.0660    34.0009      8.266     0.1894 9.9999e+04  1026.3973    10.0600    26.1616     7.7823    236.999    9.06942  276.19763     85.808  0.000e+00
   38.92628  -73.21868     52.260     51.858    10.0660    34.0005      8.271     0.1894 9.9999e+04  1026.3970    10.0600    26.1613     7.7773    236.848    9.06944  276.19827     85.753  0.000e+00
   38.92628  -73.21868     52.249     51.847    10.0660    34.0010      8.271     0.1894 9.9999e+04  1026.3972    10.0601    26.1617     7.7778    236.862    9.06941  276.19716     85.758  0.000e+00
   38.92628  -73.21868     52.239     51.837    10.0664    34.0009      8.271     0.1894 9.9999e+04  1026.3971    10.0604    26.1615     7.7721    236.690    9.06935  276.19546     85.696  0.000e+00
   38.92628  -73.21868     52.209     51.807    10.0664    34.0013      8.271     0.1894 9.9999e+04  1026.3973    10.0604    26.1619     7.7725    236.701    9.06932  276.19452     85.701  0.000e+00
   38.92628  -73.21868     52.198     51.796    10.0662    34.0011      8.271     0.1759 9.9999e+04  1026.3971    10.0603    26.1618     7.7663    236.514    9.06936  276.19572     85.633  0.000e+00
   38.92628  -73.21868     52.192     51.791    10.0667    34.0011      8.271     0.1894 9.9999e+04  1026.3970    10.0607    26.1617     7.7595    236.307    9.06927  276.19308     85.559  0.000e+00
   38.92628  -73.21868     52.167     51.766    10.0667    34.0013      8.271     0.1894 9.9999e+04  1026.3970    10.0607    26.1618     7.7583    236.268    9.06926  276.19279     85.545  0.000e+00
   38.92628  -73.21868     52.158     51.756    10.0667    34.0010      8.271     0.1894 9.9999e+04  1026.3967    10.0608    26.1616     7.7510    236.048    9.06927  276.19299     85.465  0.000e+00
   38.92628  -73.21868     52.158     51.756    10.0670    34.0011      8.271     0.1894 9.9999e+04  1026.3968    10.0610    26.1616     7.7559    236.195    9.06921  276.19123     85.519  0.000e+00
   38.92628  -73.21868     52.116     51.715    10.0672    34.0009      8.266     0.1894 9.9999e+04  1026.3964    10.0612    26.1614     7.7613    236.361    9.06919  276.19058     85.579  0.000e+00
   38.92628  -73.21868     52.116     51.715    10.0673    34.0009      8.266     0.1894 9.9999e+04  1026.3964    10.0614    26.1614     7.7668    236.527    9.06915  276.18945     85.639  0.000e+00
   38.92628  -73.21868     52.086     51.685    10.0672    34.0009      8.271     0.1759 9.9999e+04  1026.3962    10.0612    26.1614     7.7668    236.527    9.06919  276.19055     85.639  0.000e+00
   38.92628  -73.21868     52.086     51.685    10.0672    34.0010      8.266     0.1894 9.9999e+04  1026.3963    10.0613    26.1615     7.7667    236.526    9.06917  276.19011     85.639  0.000e+00
   38.92628  -73.21868     52.055     51.655    10.0662    34.0019      8.266     0.1894 9.9999e+04  1026.3971    10.0602    26.1624     7.7680    236.563    9.06933  276.19447     85.651  0.000e+00
   38.92628  -73.21868     52.048     51.648    10.0657    34.0023      8.271     0.1894 9.9999e+04  1026.3974    10.0597    26.1627     7.7631    236.416    9.06940  276.19677     85.597  0.000e+00
   38.92628  -73.21868     52.035     51.634    10.0665    34.0022      8.266     0.1894 9.9999e+04  1026.3971    10.0606    26.1625     7.7636    236.430    9.06924  276.19179     85.604  0.000e+00
   38.92628  -73.21868     52.014     51.614    10.0672    34.0017      8.271     0.1759 9.9999e+04  1026.3965    10.0612    26.1620     7.7636    236.430    9.06914  276.18905     85.604  0.000e+00
   38.92628  -73.21868     51.993     51.593    10.0669    34.0023      8.266     0.1894 9.9999e+04  1026.3970    10.0609    26.1626     7.7571    236.232    9.06917  276.18968     85.533  0.000e+00
   38.92628  -73.21868     51.993     51.593    10.0670    34.0016      8.271     0.1894 9.9999e+04  1026.3964    10.0611    26.1620     7.7555    236.184    9.06917  276.18998     85.515  0.000e+00
   38.92628  -73.21868     51.974     51.574    10.0669    34.0022      8.271     0.1759 9.9999e+04  1026.3968    10.0609    26.1625     7.7539    236.135    9.06917  276.18979     85.498  0.000e+00
