CalculateIndicators/WaterTemperature/Data/CTD_NYOS/202200728_C14.cnv
* Sea-Bird SBE 9 Data File:
* FileName = C:\Seabird 9 CTD\Data\2022\202207_offshore\202200728_C14.hex
* Software Version Seasave V 7.23.2
* Temperature SN = 4590
* Conductivity SN = 3228
* Number of Bytes Per Scan = 44
* Number of Voltage Words = 5
* Number of Scans Averaged by the Deck Unit = 1
* NMEA Latitude = 40 34.99 N
* NMEA Longitude = 073 07.59 W
* NMEA UTC (Time) = Dec 12 2002  16:08:56
* NMEA baud rate = 4800
** Ship: seawolf
** Station: 5.1
** Operator: TCM
# nquan = 18
# nvalues = 7827                        
# units = specified
# name 0 = latitude: Latitude [deg]
# name 1 = longitude: Longitude [deg]
# name 2 = prDM: Pressure, Digiquartz [db]
# name 3 = depSM: Depth [salt water, m]
# name 4 = t090C: Temperature [ITS-90, deg C]
# name 5 = sal00: Salinity, Practical [PSU]
# name 6 = ph: pH
# name 7 = flECO-AFL: Fluorescence, WET Labs ECO-AFL/FL [mg/m^3]
# name 8 = cpar: CPAR/Corrected Irradiance [%]
# name 9 = density00: Density [density, kg/m^3]
# name 10 = potemp090C: Potential Temperature [ITS-90, deg C]
# name 11 = sigma-é00: Density [sigma-theta, kg/m^3]
# name 12 = sbeox0Mg/L: Oxygen, SBE 43 [mg/l]
# name 13 = sbox0Mm/Kg: Oxygen, SBE 43 [umol/kg]
# name 14 = oxsolMg/L: Oxygen Saturation, Garcia & Gordon [mg/l]
# name 15 = oxsolMm/Kg: Oxygen Saturation, Garcia & Gordon [umol/kg]
# name 16 = sbeox0PS: Oxygen, SBE 43 [% saturation]
# name 17 = flag:  0.000e+00
# span 0 =   40.58316,   40.58368       
# span 1 =  -73.12660,  -73.12630       
# span 2 =      1.705,     18.687       
# span 3 =      1.692,     18.542       
# span 4 =    13.9428,    22.2599       
# span 5 =    31.4806,    32.3482       
# span 6 =      7.984,      8.173       
# span 7 =     0.4446,     2.1369       
# span 8 = 1.0287e+00, 7.1635e+01       
# span 9 =  1021.4918,  1024.2285       
# span 10 =    13.9402,    22.2595      
# span 11 =    21.5082,    24.1436      
# span 12 =     7.3784,     8.6966      
# span 13 =    225.234,    265.655      
# span 14 =    7.24333,    8.44825      
# span 15 =  221.58205,  257.78958      
# span 16 =     87.985,    114.084      
# span 17 = 0.0000e+00, 0.0000e+00      
# interval = seconds: 0.0416667
# start_time = Jul 28 2022 16:08:55 [System UTC, first data scan.]
# bad_flag = -9.990e-29
*END*
[from data line 5468]
   40.58350  -73.12640      2.273      2.256    22.1442    31.5817      8.167     0.5117 3.6798e+01  1021.5919    22.1438    21.5827     8.0436    246.051    7.26081  222.10737    110.780 -9.990e-29
   40.58350  -73.12640      2.283      2.265    22.1377    31.5817      8.167     0.5117 3.5878e+01  1021.5947    22.1372    21.5847     8.0378    245.875    7.26054  222.09934    110.705 -9.990e-29
   40.58350  -73.12640      2.283      2.265    22.1334    31.5832      8.167     0.5117 3.3784e+01  1021.5967    22.1329    21.5870     8.0367    245.842    7.26024  222.09005    110.695 -9.990e-29
   40.58350  -73.12640      2.294      2.276    22.1300    31.5832      8.167     0.5117 3.3125e+01  1021.6002    22.1296    21.5888     8.0404    245.955    7.25974  222.07500    110.753 -9.990e-29
   40.58350  -73.12640      2.313      2.295    22.1316    31.5832      8.167     0.5117 3.3974e+01  1021.5995    22.1312    21.5888     8.0345    245.775    7.25916  222.05781    110.681 -9.990e-29
   40.58350  -73.12640      2.303      2.286    22.1314    31.5820      8.167     0.5117 3.6654e+01  1021.5972    22.1310    21.5872     8.0333    245.738    7.25854  222.03932    110.673 -9.990e-29
   40.58350  -73.12640      2.324      2.306    22.1284    31.5789      8.167     0.5117 3.7699e+01  1021.5950    22.1280    21.5853     8.0325    245.714    7.25820  222.02937    110.667 -9.990e-29
   40.58350  -73.12640      2.324      2.306    22.1261    31.5789      8.167     0.5117 3.7806e+01  1021.5932    22.1257    21.5844     8.0270    245.548    7.25803  222.02426    110.595 -9.990e-29
   40.58350  -73.12640      2.334      2.316    22.1253    31.5789      8.167     0.5117 3.8233e+01  1021.5944    22.1248    21.5851     8.0314    245.682    7.25798  222.02282    110.656 -9.990e-29
   40.58350  -73.12640      2.334      2.316    22.1236    31.5794      8.167     0.5117 3.8449e+01  1021.5972    22.1232    21.5871     8.0260    245.517    7.25794  222.02174    110.582 -9.990e-29
   40.58350  -73.12640      2.354      2.336    22.1215    31.5819      8.167     0.5117 3.8126e+01  1021.5999    22.1211    21.5894     8.0305    245.656    7.25788  222.01998    110.646 -9.990e-29
   40.58350  -73.12640      2.354      2.336    22.1203    31.5836      8.167     0.5117 3.4262e+01  1021.6021    22.1198    21.5909     8.0305    245.656    7.25784  222.01889    110.646 -9.990e-29
   40.58350  -73.12640      2.364      2.346    22.1224    31.5836      8.167     0.5117 3.2353e+01  1021.6013    22.1219    21.5912     8.0305    245.655    7.25795  222.02214    110.644 -9.990e-29
   40.58350  -73.12640      2.375      2.356    22.1219    31.5836      8.167     0.5117 3.2262e+01  1021.6014    22.1214    21.5910     8.0359    245.818    7.25811  222.02672    110.716 -9.990e-29
   40.58350  -73.12640      2.375      2.356    22.1213    31.5821      8.167     0.5117 3.4129e+01  1021.6017    22.1209    21.5901     8.0365    245.837    7.25814  222.02780    110.724 -9.990e-29
   40.58350  -73.12640      2.384      2.366    22.1199    31.5766      8.163     0.5117 3.5399e+01  1021.5986    22.1194    21.5870     8.0371    245.856    7.25811  222.02662    110.733 -9.990e-29
   40.58350  -73.12640      2.395      2.377    22.1117    31.5705      8.167     0.5117 3.5499e+01  1021.5899    22.1113    21.5839     8.0374    245.866    7.25805  222.02476    110.738 -9.990e-29
   40.58350  -73.12640      2.394      2.375    22.0881    31.5705      8.168     0.5117 3.4807e+01  1021.5928    22.0876    21.5862     8.0428    246.030    7.25798  222.02271    110.813 -9.990e-29
   40.58350  -73.12640      2.405      2.386    22.0706    31.5705      8.168     0.5117 3.4225e+01  1021.6055    22.0702    21.5931     8.0435    246.052    7.25788  222.01974    110.824 -9.990e-29
   40.58350  -73.12640      2.415      2.396    22.0712    31.5708      8.168     0.5252 3.4129e+01  1021.6114    22.0707    21.5986     8.0492    246.227    7.25781  222.01759    110.904 -9.990e-29
   40.58350  -73.12640      2.415      2.396    22.0741    31.5708      8.168     0.5252 3.7658e+01  1021.6126    22.0736    21.5993     8.0504    246.262    7.25776  222.01635    110.921 -9.990e-29
   40.58350  -73.12640      2.415      2.396    22.0715    31.5757      8.168     0.5252 4.2452e+01  1021.6061    22.0711    21.5963     8.0566    246.453    7.25782  222.01827    111.006 -9.990e-29
   40.58350  -73.12640      2.424      2.405    22.0586    31.5757      8.168     0.5252 4.3785e+01  1021.5979    22.0581    21.5971     8.0582    246.503    7.25787  222.01981    111.027 -9.990e-29
   40.58354  -73.12638      2.424      2.405    22.0321    31.5757      8.168     0.5252 3.9793e+01  1021.6184    22.0316    21.6071     8.0596    246.544    7.25796  222.02236    111.045 -9.990e-29
   40.58354  -73.12638      2.424      2.405    22.0304    31.5874      8.168     0.5252 3.3616e+01  1021.6352    22.0300    21.6172     8.0610    246.588    7.25806  222.02548    111.063 -9.990e-29
   40.58354  -73.12638      2.435      2.416    22.0435    31.5875      8.168     0.5252 3.1957e+01  1021.6310    22.0431    21.6186     8.0675    246.788    7.25831  222.03346    111.149 -9.990e-29
   40.58354  -73.12638      2.424      2.405    22.0449    31.5875      8.168     0.5252 3.4188e+01  1021.6228    22.0444    21.6165     8.0691    246.837    7.25832  222.03385    111.171 -9.990e-29
   40.58354  -73.12638      2.435      2.416    22.0365    31.5875      8.168     0.5252 4.0928e+01  1021.6298    22.0360    21.6158     8.0707    246.884    7.25827  222.03200    111.193 -9.990e-29
   40.58354  -73.12638      2.424      2.405    22.0459    31.5847      8.168     0.5252 4.3540e+01  1021.6248    22.0455    21.6131     8.0773    247.085    7.25829  222.03252    111.283 -9.990e-29
   40.58354  -73.12638      2.435      2.416    22.0521    31.5796      8.168     0.5252 4.3053e+01  1021.6156    22.0516    21.6095     8.0792    247.144    7.25835  222.03440    111.309 -9.990e-29
   40.58354  -73.12638      2.424      2.405    22.0354    31.5791      8.168     0.5117 4.1114e+01  1021.6181    22.0350    21.6111     8.0861    247.355    7.25840  222.03603    111.403 -9.990e-29
   40.58354  -73.12638      2.435      2.416    22.0076    31.5784      8.168     0.5252 4.0313e+01  1021.6291    22.0071    21.6174     8.0884    247.427    7.25860  222.04211    111.432 -9.990e-29
 -9.990e-29  -73.12638      2.424      2.405    21.9905    31.5784      8.163     0.5252 4.0426e+01  1021.6356    21.9900    21.6235     8.0908    247.500    7.25883  222.04881    111.462 -9.990e-29
 -9.990e-29  -73.12638      2.415      2.396    21.9746    31.5791      8.168     0.5252 4.2406e+01  1021.6368    21.9741    21.6284     8.0931    247.570    7.25902  222.05481    111.491 -9.990e-29
 -9.990e-29  -73.12638      2.415      2.396    21.9488    31.5793      8.168     0.5252 4.3492e+01  1021.6437    21.9483    21.6354     8.0954    247.641    7.25946  222.06786    111.516 -9.990e-29
 -9.990e-29  -73.12638      2.415      2.396    21.9186    31.5831      8.168     0.5252 4.3370e+01  1021.6572    21.9182    21.6443     8.0977    247.708    7.25987  222.07994    111.540 -9.990e-29
 -9.990e-29  -73.12638      2.405      2.386    21.9110    31.5913      8.168     0.5252 3.7261e+01  1021.6594    21.9105    21.6544     8.0997    247.769    7.26013  222.08754    111.564 -9.990e-29
 -9.990e-29  -73.12638      2.394      2.375    21.8998    31.6080      8.164     0.5252 3.3959e+01  1021.6783    21.8994    21.6687     8.1064    247.974    7.26022  222.09024    111.655 -9.990e-29
 -9.990e-29  -73.12638      2.395      2.377    21.9014    31.6289      8.168     0.5252 3.3448e+01  1021.7002    21.9010    21.6832     8.1083    248.033    7.26024  222.09079    111.681 -9.990e-29
 -9.990e-29  -73.12638      2.384      2.366    21.9234    31.6347      8.168     0.5252 3.5483e+01  1021.7068    21.9229    21.6873     8.1102    248.091    7.26029  222.09232    111.706 -9.990e-29
 -9.990e-29  -73.12638      2.375      2.356    21.9688    31.6347      8.168     0.5252 3.7116e+01  1021.6912    21.9684    21.6774     8.1116    248.133    7.26044  222.09700    111.723 -9.990e-29
 -9.990e-29  -73.12638      2.364      2.345    22.0154    31.6347      8.168     0.5252 3.7430e+01  1021.6695    22.0150    21.6602     8.1135    248.191    7.26084  222.10902    111.743 -9.990e-29
 -9.990e-29  -73.12638      2.364      2.345    22.0502    31.6244      8.168     0.5386 3.6597e+01  1021.6512    22.0497    21.6429     8.1151    248.243    7.26135  222.12544    111.758 -9.990e-29
 -9.990e-29  -73.12638      2.354      2.336    22.0740    31.6145      8.168     0.5654 3.5783e+01  1021.6375    22.0736    21.6284     8.1176    248.319    7.26258  222.16389    111.773 -9.990e-29
 -9.990e-29  -73.12638      2.343      2.325    22.0919    31.6058      8.168     0.5654 3.5683e+01  1021.6249    22.0914    21.6168     8.1210    248.423    7.26487  222.23313    111.785 -9.990e-29
 -9.990e-29  -73.12638      2.343      2.325    22.1031    31.5991      8.168     0.5654 3.7116e+01  1021.6170    22.1026    21.6082     8.1249    248.538    7.26755  222.31188    111.797 -9.990e-29
 -9.990e-29  -73.12638      2.324      2.306    22.1112    31.5944      8.167     0.5654 3.9664e+01  1021.6116    22.1108    21.6022     8.1261    248.576    7.26797  222.32427    111.808 -9.990e-29
 -9.990e-29  -73.12638      2.324      2.306    22.1184    31.5910      8.167     0.5654 4.0338e+01  1021.6068    22.1179    21.5977     8.1215    248.432    7.26788  222.32129    111.744 -9.990e-29
 -9.990e-29  -73.12638      2.313      2.295    22.1226    31.5888      8.167     0.5654 3.9775e+01  1021.6039    22.1221    21.5948     8.1217    248.438    7.26806  222.32567    111.745 -9.990e-29
 -9.990e-29  -73.12638      2.313      2.295    22.1249    31.5880      8.167     0.5654 3.8456e+01  1021.6028    22.1244    21.5934     8.1226    248.464    7.26885  222.34796    111.746 -9.990e-29
 -9.990e-29  -73.12638      2.303      2.286    22.1268    31.5880      8.167     0.5654 3.8025e+01  1021.6031    22.1264    21.5926     8.1225    248.462    7.26916  222.35718    111.740 -9.990e-29
 -9.990e-29  -73.12638      2.283      2.265    22.1309    31.5877      8.167     0.5654 3.7919e+01  1021.6014    22.1305    21.5913     8.1176    248.310    7.26960  222.37090    111.665 -9.990e-29
 -9.990e-29  -73.12638      2.284      2.266    22.1357    31.5868      8.167     0.5654 3.7812e+01  1021.5992    22.1353    21.5894     8.1180    248.323    7.27047  222.39731    111.658 -9.990e-29
 -9.990e-29  -73.12638      2.273      2.256    22.1409    31.5858      8.167     0.5654 3.7706e+01  1021.5969    22.1404    21.5875     8.1175    248.308    7.27085  222.40849    111.645 -9.990e-29
 -9.990e-29  -73.12638      2.262      2.245    22.1437    31.5849      8.167     0.5654 3.7878e+01  1021.5955    22.1432    21.5859     8.1160    248.262    7.27049  222.39751    111.630 -9.990e-29
 -9.990e-29  -73.12638      2.262      2.245    22.1455    31.5840      8.167     0.5654 4.0295e+01  1021.5940    22.1450    21.5847     8.1144    248.212    7.27007  222.38474    111.614 -9.990e-29
 -9.990e-29  -73.12638      2.252      2.235    22.1460    31.5835      8.167     0.5654 4.1560e+01  1021.5935    22.1456    21.5841     8.1127    248.161    7.26996  222.38152    111.593 -9.990e-29
 -9.990e-29  -73.12638      2.243      2.226    22.1462    31.5834      8.167     0.5654 4.1560e+01  1021.5937    22.1457    21.5839     8.1110    248.110    7.26960  222.37130    111.575 -9.990e-29
 -9.990e-29  -73.12638      2.232      2.215    22.1467    31.5833      8.167     0.5654 4.2745e+01  1021.5933    22.1463    21.5837     8.1038    247.890    7.26914  222.35800    111.482 -9.990e-29
 -9.990e-29  -73.12638      2.222      2.205    22.1471    31.5833      8.167     0.5654 4.3473e+01  1021.5930    22.1466    21.5835     8.1012    247.811    7.26844  222.33706    111.458 -9.990e-29
 -9.990e-29  -73.12638      2.222      2.205    22.1464    31.5833      8.167     0.5654 4.3595e+01  1021.5929    22.1459    21.5837     8.0982    247.719    7.26742  222.30694    111.431 -9.990e-29
 -9.990e-29  -73.12638      2.213      2.196    22.1449    31.5834      8.167     0.5654 3.6724e+01  1021.5938    22.1445    21.5841     8.0949    247.622    7.26630  222.27393    111.404 -9.990e-29
 -9.990e-29  -73.12638      2.213      2.196    22.1446    31.5837      8.167     0.5654 3.1907e+01  1021.5941    22.1441    21.5845     8.0930    247.563    7.26603  222.26538    111.382 -9.990e-29
 -9.990e-29  -73.12638      2.202      2.185    22.1447    31.5840      8.167     0.5654 3.1110e+01  1021.5942    22.1443    21.5848     8.0911    247.502    7.26577  222.25665    111.359 -9.990e-29
 -9.990e-29  -73.12638      2.192      2.175    22.1451    31.5845      8.163     0.5654 3.4290e+01  1021.5944    22.1447    21.5850     8.0884    247.422    7.26500  222.23291    111.334 -9.990e-29
 -9.990e-29  -73.12638      2.182      2.166    22.1453    31.5845      8.167     0.5654 3.7943e+01  1021.5950    22.1449    21.5852     8.0856    247.336    7.26414  222.20685    111.309 -9.990e-29
 -9.990e-29  -73.12638      2.192      2.175    22.1462    31.5845      8.167     0.5654 3.8697e+01  1021.5945    22.1457    21.5850     8.0834    247.267    7.26349  222.18743    111.288 -9.990e-29
 -9.990e-29  -73.12638      2.182      2.166    22.1469    31.5843      8.167     0.5117 4.0592e+01  1021.5939    22.1465    21.5844     8.0764    247.054    7.26308  222.17512    111.198 -9.990e-29
 -9.990e-29  -73.12638      2.182      2.166    22.1476    31.5837      8.167     0.4983 4.3793e+01  1021.5930    22.1471    21.5838     8.0795    247.148    7.26282  222.16720    111.244 -9.990e-29
 -9.990e-29  -73.12638      2.171      2.155    22.1472    31.5832      8.167     0.4983 4.4664e+01  1021.5927    22.1468    21.5835     8.0728    246.944    7.26243  222.15564    111.158 -9.990e-29
 -9.990e-29  -73.12638      2.171      2.155    22.1469    31.5830      8.167     0.4983 4.2940e+01  1021.5927    22.1465    21.5834     8.0710    246.889    7.26200  222.14312    111.140 -9.990e-29
 -9.990e-29  -73.12638      2.162      2.145    22.1464    31.5828      8.167     0.4983 3.9356e+01  1021.5926    22.1459    21.5835     8.0691    246.834    7.26154  222.12956    111.122 -9.990e-29
 -9.990e-29  -73.12638      2.171      2.155    22.1453    31.5823      8.167     0.4983 3.8264e+01  1021.5935    22.1449    21.5833     8.0724    246.935    7.26123  222.12048    111.172 -9.990e-29
 -9.990e-29  -73.12638      2.162      2.145    22.1444    31.5816      8.167     0.4983 3.9245e+01  1021.5913    22.1440    21.5826     8.0714    246.903    7.26118  222.11950    111.158 -9.990e-29
 -9.990e-29  -73.12638      2.162      2.145    22.1444    31.5816      8.167     0.4983 4.3182e+01  1021.5911    22.1440    21.5825     8.0664    246.749    7.26171  222.13497    111.081 -9.990e-29
 -9.990e-29  -73.12638      2.162      2.145    22.1440    31.5816      8.167     0.4983 4.4790e+01  1021.5929    22.1436    21.5831     8.0657    246.729    7.26197  222.14260    111.068 -9.990e-29
 -9.990e-29  -73.12638      2.173      2.156    22.1439    31.5816      8.163     0.4983 4.4413e+01  1021.5931    22.1434    21.5835     8.0649    246.704    7.26209  222.14590    111.055 -9.990e-29
 -9.990e-29  -73.12638      2.151      2.134    22.1437    31.5816      8.167     0.4983 4.1632e+01  1021.5924    22.1433    21.5833     8.0641    246.680    7.26198  222.14218    111.046 -9.990e-29
 -9.990e-29  -73.12638      2.171      2.155    22.1433    31.5813      8.167     0.4983 4.0478e+01  1021.5925    22.1429    21.5832     8.0629    246.643    7.26148  222.12710    111.037 -9.990e-29
