CalculateIndicators/WaterTemperature/Data/CTD_NYOS/202200730_C26.cnv
* Sea-Bird SBE 9 Data File:
* FileName = C:\Seabird 9 CTD\Data\2022\202207_offshore\202200730_C26.hex
* Software Version Seasave V 7.23.2
* Temperature SN = 4590
* Conductivity SN = 3228
* Number of Bytes Per Scan = 44
* Number of Voltage Words = 5
* Number of Scans Averaged by the Deck Unit = 1
* NMEA Latitude = 40 51.70 N
* NMEA Longitude = 072 12.07 W
* NMEA UTC (Time) = Dec 14 2002  09:09:39
* NMEA baud rate = 4800
** Ship: seawolf
** Station: 2.1
** Operator: TDK
# nquan = 18
# nvalues = 10868                       
# units = specified
# name 0 = latitude: Latitude [deg]
# name 1 = longitude: Longitude [deg]
# name 2 = prDM: Pressure, Digiquartz [db]
# name 3 = depSM: Depth [salt water, m]
# name 4 = t090C: Temperature [ITS-90, deg C]
# name 5 = sal00: Salinity, Practical [PSU]
# name 6 = ph: pH
# name 7 = flECO-AFL: Fluorescence, WET Labs ECO-AFL/FL [mg/m^3]
# name 8 = cpar: CPAR/Corrected Irradiance [%]
# name 9 = density00: Density [density, kg/m^3]
# name 10 = potemp090C: Potential Temperature [ITS-90, deg C]
# name 11 = sigma-é00: Density [sigma-theta, kg/m^3]
# name 12 = sbeox0Mg/L: Oxygen, SBE 43 [mg/l]
# name 13 = sbox0Mm/Kg: Oxygen, SBE 43 [umol/kg]
# name 14 = oxsolMg/L: Oxygen Saturation, Garcia & Gordon [mg/l]
# name 15 = oxsolMm/Kg: Oxygen Saturation, Garcia & Gordon [umol/kg]
# name 16 = sbeox0PS: Oxygen, SBE 43 [% saturation]
# name 17 = flag:  0.000e+00
# span 0 =   40.86132,   40.86178       
# span 1 =  -72.20266,  -72.20114       
# span 2 =      1.560,     27.075       
# span 3 =      1.548,     26.864       
# span 4 =    12.6540,    20.8141       
# span 5 =    31.0889,    32.7645       
# span 6 =      8.013,      8.118       
# span 7 =     0.4043,     1.1295       
# span 8 = 5.0640e-11, 9.9999e+04       
# span 9 =  1021.5809,  1024.8425       
# span 10 =    12.6505,    20.8137      
# span 11 =    21.5719,    24.7218      
# span 12 =     5.1861,     8.5098      
# span 13 =    158.629,    259.813      
# span 14 =    7.44818,    8.65264      
# span 15 =  227.81339,  263.87674      
# span 16 =     69.606,    109.745      
# span 17 = 0.0000e+00, 0.0000e+00      
# interval = seconds: 0.0416667
# start_time = Jul 30 2022 09:09:37 [System UTC, first data scan.]
# bad_flag = -9.990e-29
*END*
[from data line 8362]
   40.86138  -72.20230      1.919      1.904    20.7841    31.2742 -9.990e-29     0.4714 5.0640e-11  1021.7259    20.7838    21.7176     8.0008    244.717    7.45118  227.90589    107.376 -9.990e-29
   40.86138  -72.20230      1.929      1.914    20.7843    31.2741 -9.990e-29     0.4714 5.0640e-11  1021.7259    20.7839    21.7175     7.9999    244.690    7.45118  227.90582    107.365 -9.990e-29
   40.86138  -72.20230      1.908      1.893    20.7847    31.2740 -9.990e-29     0.4714 5.0640e-11  1021.7256    20.7843    21.7173     7.9889    244.354    7.45120  227.90639    107.217 -9.990e-29
   40.86138  -72.20230      1.919      1.904    20.7843    31.2738 -9.990e-29     0.4714 5.0640e-11  1021.7257    20.7840    21.7172     7.9824    244.155    7.45118  227.90589    107.130 -9.990e-29
   40.86138  -72.20230      1.889      1.874    20.7843    31.2738 -9.990e-29     0.4714 5.0640e-11  1021.7252    20.7840    21.7171     7.9757    243.949    7.45117  227.90561    107.040 -9.990e-29
   40.86138  -72.20230      1.910      1.895    20.7843    31.2738 -9.990e-29     0.4714 5.0640e-11  1021.7252    20.7839    21.7171     7.9637    243.581    7.45116  227.90534    106.878 -9.990e-29
   40.86138  -72.20230      1.889      1.874    20.7843    31.2738 -9.990e-29     0.4714 5.0640e-11  1021.7256    20.7840    21.7172     7.9511    243.197    7.45117  227.90566    106.710 -9.990e-29
   40.86138  -72.20230      1.889      1.874    20.7845    31.2738 -9.990e-29     0.4714 5.0640e-11  1021.7256    20.7841    21.7172     7.9381    242.801    7.45119  227.90643    106.535 -9.990e-29
   40.86138  -72.20230      1.889      1.874    20.7855    31.2738 -9.990e-29     0.4714 5.0640e-11  1021.7252    20.7851    21.7170     7.9298    242.544    7.45118  227.90615    106.423 -9.990e-29
   40.86140  -72.20230      1.889      1.874    20.7861    31.2738 -9.990e-29     0.4714 5.0640e-11  1021.7249    20.7857    21.7168     7.9110    241.972    7.45115  227.90532    106.172 -9.990e-29
   40.86140  -72.20230      1.878      1.863    20.7863    31.2738 -9.990e-29     0.4714 5.0640e-11  1021.7249    20.7859    21.7168     7.8968    241.535    7.45119  227.90642    105.980 -9.990e-29
   40.86140  -72.20230      1.878      1.863    20.7861    31.2738 -9.990e-29     0.4714 5.0640e-11  1021.7251    20.7857    21.7169     7.8774    240.942    7.45127  227.90865    105.719 -9.990e-29
   40.86140  -72.20230      1.899      1.884    20.7860    31.2738 -9.990e-29     0.4714 5.0640e-11  1021.7250    20.7857    21.7169     7.8571    240.322    7.45139  227.91221    105.445 -9.990e-29
   40.86140  -72.20230      1.889      1.874    20.7857    31.2738 -9.990e-29     0.4714 5.0640e-11  1021.7252    20.7854    21.7169     7.8413    239.839    7.45151  227.91578    105.231 -9.990e-29
   40.86140  -72.20230      1.889      1.874    20.7854    31.2738 -9.990e-29     0.4714 5.0640e-11  1021.7251    20.7850    21.7170     7.8201    239.190    7.45163  227.91914    104.945 -9.990e-29
   40.86140  -72.20230      1.899      1.884    20.7853    31.2739 -9.990e-29     0.4714 5.0640e-11  1021.7254    20.7850    21.7170     7.7932    238.368    7.45170  227.92118    104.583 -9.990e-29
   40.86140  -72.20230      1.908      1.893    20.7855    31.2739 -9.990e-29     0.4714 5.0640e-11  1021.7253    20.7852    21.7170     7.7757    237.833    7.45176  227.92312    104.348 -9.990e-29
   40.86140  -72.20230      1.908      1.893    20.7863    31.2740 -9.990e-29     0.4714 5.0640e-11  1021.7253    20.7859    21.7169     7.7479    236.979    7.45179  227.92393    103.973 -9.990e-29
   40.86140  -72.20230      1.919      1.904    20.7868    31.2740 -9.990e-29     0.4714 5.0640e-11  1021.7252    20.7864    21.7168     7.7243    236.260    7.45182  227.92473    103.657 -9.990e-29
   40.86140  -72.20230      1.919      1.904    20.7867    31.2740 -9.990e-29     0.4714 5.0640e-11  1021.7250    20.7864    21.7168     7.6953    235.371    7.45180  227.92434    103.267 -9.990e-29
   40.86140  -72.20230      1.938      1.923    20.7864    31.2740 -9.990e-29     0.4714 5.0640e-11  1021.7254    20.7861    21.7168     7.6707    234.621    7.45183  227.92503    102.938 -9.990e-29
   40.86140  -72.20230      1.930      1.915    20.7871    31.2740 -9.990e-29     0.4714 5.0640e-11  1021.7249    20.7868    21.7168     7.6455    233.850    7.45181  227.92475    102.600 -9.990e-29
   40.86140  -72.20230      1.949      1.934    20.7865    31.2740 -9.990e-29     0.4714 5.0640e-11  1021.7253    20.7862    21.7169     7.6154    232.927    7.45183  227.92529    102.195 -9.990e-29
   40.86140  -72.20230      1.949      1.934    20.7857    31.2740 -9.990e-29     0.4714 5.0640e-11  1021.7257    20.7854    21.7170     7.5846    231.988    7.45183  227.92538    101.782 -9.990e-29
   40.86140  -72.20230      1.970      1.955    20.7855    31.2739 -9.990e-29     0.4714 5.0640e-11  1021.7254    20.7852    21.7170     7.5532    231.025    7.45184  227.92545    101.360 -9.990e-29
   40.86140  -72.20230      1.970      1.955    20.7854    31.2739 -9.990e-29     0.4714 5.0640e-11  1021.7257    20.7850    21.7170     7.5264    230.205    7.45184  227.92556    101.000 -9.990e-29
   40.86140  -72.20230      1.980      1.964    20.7862    31.2739 -9.990e-29     0.4714 5.0640e-11  1021.7255    20.7858    21.7169     7.4995    229.384    7.45185  227.92596    100.639 -9.990e-29
   40.86140  -72.20230      1.980      1.964    20.7855    31.2737 -9.990e-29     0.4714 5.0640e-11  1021.7253    20.7852    21.7169     7.4676    228.406    7.45187  227.92652    100.210 -9.990e-29
   40.86140  -72.20230      1.989      1.974    20.7836    31.2733 -9.990e-29     0.4714 5.0640e-11  1021.7265    20.7833    21.7166     7.4353    227.419    7.45186  227.92614     99.778 -9.990e-29
   40.86140  -72.20230      2.000      1.985    20.7859    31.2723 -9.990e-29     0.4714 5.0640e-11  1021.7246    20.7856    21.7145     7.4028    226.427    7.45190  227.92755     99.342 -9.990e-29
   40.86140  -72.20230      2.010      1.994    20.7932    31.2713 -9.990e-29     0.4714 5.0640e-11  1021.7184    20.7929    21.7110     7.3702    225.429    7.45191  227.92794     98.903 -9.990e-29
   40.86140  -72.20230      2.010      1.994    20.7954    31.2697 -9.990e-29     0.4714 5.0640e-11  1021.7164    20.7950    21.7088     7.3426    224.584    7.45195  227.92937     98.532 -9.990e-29
   40.86140  -72.20230      2.019      2.004    20.7951    31.2681 -9.990e-29     0.4714 5.0640e-11  1021.7167    20.7947    21.7081     7.3100    223.589    7.45195  227.92957     98.096 -9.990e-29
   40.86138  -72.20230      2.019      2.004    20.7948 -9.990e-29 -9.990e-29     0.4714 5.0640e-11  1021.7167    20.7944    21.7082     7.2826    222.750    7.45199  227.93068     97.727 -9.990e-29
   40.86138  -72.20230      2.030      2.015    20.7940 -9.990e-29 -9.990e-29     0.4714 5.0640e-11  1021.7174    20.7936    21.7084     7.2555    221.920    7.45195  227.92982     97.363 -9.990e-29
   40.86138  -72.20230      2.030      2.015    20.7937 -9.990e-29 -9.990e-29     0.4714 5.0640e-11  1021.7173    20.7933    21.7086     7.2236    220.947    7.45200  227.93123     96.936 -9.990e-29
   40.86138  -72.20230      2.030      2.015    20.7932    31.2660 -9.990e-29     0.4714 5.0640e-11  1021.7175    20.7929    21.7086     7.1919    219.977    7.45201  227.93163     96.510 -9.990e-29
   40.86138  -72.20230      2.040      2.024    20.7931    31.2655 -9.990e-29     0.4714 5.0640e-11  1021.7175    20.7927    21.7086     7.1604    219.011    7.45204  227.93261     96.086 -9.990e-29
   40.86138 -9.990e-29      2.050      2.034    20.7935    31.2651      8.104     0.4714 5.0640e-11  1021.7172    20.7931    21.7084     7.1344    218.218    7.45203  227.93231     95.738 -9.990e-29
   40.86138 -9.990e-29      2.050      2.034    20.7934    31.2647      8.104     0.4714 5.0640e-11  1021.7173    20.7930    21.7081     7.1088    217.434    7.45209  227.93411     95.393 -9.990e-29
   40.86138 -9.990e-29      2.050      2.034    20.7940    31.2644      8.104     0.4714 5.0640e-11  1021.7164    20.7936    21.7076     7.0786    216.512    7.45209  227.93446     94.989 -9.990e-29
   40.86138 -9.990e-29      2.050      2.034    20.7942    31.2640      8.104     0.4714 5.0640e-11  1021.7160    20.7938    21.7072     7.0540    215.757    7.45213  227.93577     94.657 -9.990e-29
   40.86138 -9.990e-29      2.061      2.045    20.7944    31.2637      8.104     0.4714 5.0640e-11  1021.7159    20.7941    21.7069     7.0246    214.858    7.45219  227.93752     94.262 -9.990e-29
   40.86138 -9.990e-29      2.062      2.046    20.7946    31.2634      8.104     0.4714 5.0640e-11  1021.7158    20.7942    21.7067     7.0010    214.138    7.45223  227.93926     93.945 -9.990e-29
   40.86138 -9.990e-29      2.050      2.034    20.7947    31.2630      8.104     0.4714 5.0640e-11  1021.7152    20.7943    21.7064     6.9783    213.444    7.45231  227.94202     93.640 -9.990e-29
   40.86138 -9.990e-29      2.061      2.045    20.7948    31.2628      8.104     0.4714 5.0640e-11  1021.7151    20.7944    21.7062     6.9514    212.621    7.45243  227.94618     93.277 -9.990e-29
   40.86138 -9.990e-29      2.061      2.045    20.7947    31.2626      8.104     0.4714 5.0640e-11  1021.7149    20.7943    21.7060     6.9302    211.973    7.45261  227.95232     92.990 -9.990e-29
   40.86138 -9.990e-29      2.061      2.045    20.7949    31.2625 -9.990e-29     0.4714 5.0640e-11  1021.7150    20.7945    21.7059     6.9045    211.187    7.45278  227.95827     92.643 -9.990e-29
   40.86138 -9.990e-29      2.061      2.045    20.7951    31.2624      8.104     0.4714 5.0640e-11  1021.7147    20.7947    21.7058     6.8844    210.575    7.45288  227.96168     92.373 -9.990e-29
   40.86138 -9.990e-29      2.050      2.034    20.7951    31.2622      8.104     0.4714 5.0640e-11  1021.7145    20.7948    21.7056     6.8698    210.127    7.45288  227.96172     92.176 -9.990e-29
   40.86138 -9.990e-29      2.051      2.035    20.7951    31.2620      8.104     0.4714 5.0640e-11  1021.7144    20.7947    21.7055     6.8462    209.405    7.45282  227.95996     91.861 -9.990e-29
   40.86138 -9.990e-29      2.040      2.024    20.7953    31.2617      8.104     0.4714 5.0640e-11  1021.7141    20.7949    21.7052     6.8278    208.843    7.45281  227.95948     91.614 -9.990e-29
   40.86138 -9.990e-29      2.050      2.034    20.7955    31.2615 -9.990e-29     0.4714 5.0640e-11  1021.7138    20.7951    21.7050     6.8102    208.304    7.45278  227.95866     91.378 -9.990e-29
   40.86138 -9.990e-29      2.040      2.024    20.7956    31.2612      8.104     0.4714 5.0640e-11  1021.7136    20.7952    21.7048     6.7934    207.789    7.45276  227.95810     91.152 -9.990e-29
   40.86138 -9.990e-29      2.019      2.004    20.7956    31.2610 -9.990e-29     0.4714 5.0640e-11  1021.7133    20.7952    21.7046     6.7770    207.287    7.45273  227.95707     90.933 -9.990e-29
   40.86138 -9.990e-29      2.030      2.015    20.7955    31.2608      8.104     0.4714 5.0640e-11  1021.7133    20.7951    21.7045     6.7611    206.803    7.45276  227.95828     90.720 -9.990e-29
   40.86138 -9.990e-29      2.010      1.994    20.7956    31.2608 -9.990e-29     0.4714 5.0640e-11  1021.7130    20.7952    21.7044     6.7458    206.333    7.45281  227.95977     90.513 -9.990e-29
   40.86138 -9.990e-29      2.010      1.994    20.7958    31.2608 -9.990e-29     0.4714 5.0640e-11  1021.7130    20.7954    21.7044     6.7313    205.891    7.45291  227.96319     90.318 -9.990e-29
   40.86138 -9.990e-29      2.000      1.985    20.7955    31.2608      8.104     0.4714 5.0640e-11  1021.7131    20.7951    21.7046     6.7119    205.299    7.45300  227.96624     90.057 -9.990e-29
   40.86138 -9.990e-29      1.989      1.974    20.7949    31.2611      8.104     0.4714 5.0640e-11  1021.7133    20.7945    21.7049     6.6978    204.868    7.45303  227.96726     89.867 -9.990e-29
   40.86138 -9.990e-29      1.980      1.964    20.7939    31.2615 -9.990e-29     0.4714 5.0640e-11  1021.7139    20.7935    21.7055     6.6890    204.599    7.45303  227.96757     89.749 -9.990e-29
   40.86138 -9.990e-29      1.980      1.964    20.7927    31.2622      8.104     0.4714 5.0640e-11  1021.7149    20.7923    21.7063     6.6757    204.192    7.45308  227.96920     89.570 -9.990e-29
   40.86138 -9.990e-29      1.959      1.944    20.7916    31.2628      8.104     0.4580 5.0640e-11  1021.7157    20.7912    21.7070     6.6578    203.645    7.45311  227.97032     89.329 -9.990e-29
   40.86138 -9.990e-29      1.949      1.934    20.7910    31.2632      8.104     0.4580 5.0640e-11  1021.7159    20.7907    21.7075     6.6501    203.408    7.45318  227.97271     89.225 -9.990e-29
   40.86138 -9.990e-29      1.938      1.923    20.7904    31.2635      8.104     0.4580 5.0640e-11  1021.7163    20.7900    21.7078     6.6375    203.023    7.45326  227.97540     89.055 -9.990e-29
   40.86138 -9.990e-29      1.929      1.914    20.7901    31.2636      8.104     0.4580 5.0640e-11  1021.7165    20.7898    21.7080     6.6255    202.656    7.45343  227.98126     88.892 -9.990e-29
   40.86138 -9.990e-29      1.919      1.904    20.7900    31.2636 -9.990e-29     0.4580 5.0640e-11  1021.7164    20.7896    21.7080     6.6083    202.132    7.45362  227.98793     88.659 -9.990e-29
   40.86138 -9.990e-29      1.908      1.893    20.7901    31.2636 -9.990e-29     0.4580 5.0640e-11  1021.7162    20.7898    21.7080     6.6014    201.920    7.45395  227.99889     88.562 -9.990e-29
   40.86138 -9.990e-29      1.899      1.884    20.7899    31.2635      8.104     0.4580 5.0640e-11  1021.7164    20.7895    21.7079     6.5895    201.560    7.45434  228.01260     88.399 -9.990e-29
   40.86138 -9.990e-29      1.889      1.874    20.7901    31.2634 -9.990e-29     0.4580 5.0640e-11  1021.7159    20.7898    21.7078     6.5780    201.208    7.45477  228.02741     88.239 -9.990e-29
   40.86138 -9.990e-29      1.889      1.874    20.7900    31.2632 -9.990e-29     0.4580 5.0640e-11  1021.7160    20.7896    21.7077     6.5666    200.861    7.45513  228.04014     88.081 -9.990e-29
   40.86138 -9.990e-29      1.868      1.854    20.7900    31.2631      8.104     0.4580 5.0640e-11  1021.7157    20.7897    21.7077     6.5549    200.506    7.45542  228.05003     87.922 -9.990e-29
   40.86138 -9.990e-29      1.868      1.854    20.7900    31.2630      8.104     0.4580 5.0640e-11  1021.7158    20.7896    21.7076     6.5431    200.144    7.45561  228.05691     87.761 -9.990e-29
   40.86138 -9.990e-29      1.857      1.843    20.7901    31.2629      8.104     0.4580 5.0640e-11  1021.7154    20.7898    21.7074     6.5361    199.930    7.45565  228.05909     87.666 -9.990e-29
   40.86138 -9.990e-29      1.849      1.835    20.7900    31.2626      8.104     0.4580 5.0640e-11  1021.7153    20.7897    21.7073     6.5244    199.574    7.45568  228.06078     87.509 -9.990e-29
   40.86138 -9.990e-29      1.848      1.833    20.7900    31.2624 -9.990e-29     0.4580 5.0640e-11  1021.7152    20.7896    21.7071     6.5077    199.064    7.45567  228.06145     87.285 -9.990e-29
   40.86138 -9.990e-29      1.848      1.833    20.7901    31.2621 -9.990e-29     0.4580 5.0640e-11  1021.7150    20.7898    21.7068     6.4956    198.695    7.45562  228.06062     87.124 -9.990e-29
   40.86138 -9.990e-29      1.838      1.824    20.7901    31.2615 -9.990e-29     0.4580 5.0640e-11  1021.7143    20.7898    21.7063     6.4885    198.478    7.45566  228.06238     87.028 -9.990e-29
   40.86138 -9.990e-29      1.827      1.813    20.7902    31.2607      8.104     0.4580 5.0640e-11  1021.7138    20.7899    21.7058     6.4764    198.109    7.45572  228.06493     86.865 -9.990e-29
   40.86138 -9.990e-29      1.818      1.803    20.7903    31.2599 -9.990e-29     0.4580 5.0640e-11  1021.7128    20.7900    21.7051     6.4641    197.732    7.45577  228.06711     86.699 -9.990e-29
