CalculateIndicators/WaterTemperature/Data/CTD_NYOS/202200728_C11.cnv
* Sea-Bird SBE 9 Data File:
* FileName = C:\Seabird 9 CTD\Data\2022\202207_offshore\202200728_C11.hex
* Software Version Seasave V 7.23.2
* Temperature SN = 4590
* Conductivity SN = 3228
* Number of Bytes Per Scan = 44
* Number of Voltage Words = 5
* Number of Scans Averaged by the Deck Unit = 1
* NMEA Latitude = 39 38.35 N
* NMEA Longitude = 072 46.96 W
* NMEA UTC (Time) = Dec 12 2002  05:48:38
* NMEA baud rate = 4800
** Ship: seawolf
** Station: 5.4
** Operator: TDK
# nquan = 18
# nvalues = 16011                       
# units = specified
# name 0 = latitude: Latitude [deg]
# name 1 = longitude: Longitude [deg]
# name 2 = prDM: Pressure, Digiquartz [db]
# name 3 = depSM: Depth [salt water, m]
# name 4 = t090C: Temperature [ITS-90, deg C]
# name 5 = sal00: Salinity, Practical [PSU]
# name 6 = ph: pH
# name 7 = flECO-AFL: Fluorescence, WET Labs ECO-AFL/FL [mg/m^3]
# name 8 = cpar: CPAR/Corrected Irradiance [%]
# name 9 = density00: Density [density, kg/m^3]
# name 10 = potemp090C: Potential Temperature [ITS-90, deg C]
# name 11 = sigma-é00: Density [sigma-theta, kg/m^3]
# name 12 = sbeox0Mg/L: Oxygen, SBE 43 [mg/l]
# name 13 = sbox0Mm/Kg: Oxygen, SBE 43 [umol/kg]
# name 14 = oxsolMg/L: Oxygen Saturation, Garcia & Gordon [mg/l]
# name 15 = oxsolMm/Kg: Oxygen Saturation, Garcia & Gordon [umol/kg]
# name 16 = sbeox0PS: Oxygen, SBE 43 [% saturation]
# name 17 = flag:  0.000e+00
# span 0 =   39.63834,   39.63930       
# span 1 =  -72.78276,  -72.78252       
# span 2 =      1.321,     63.122       
# span 3 =      1.311,     62.631       
# span 4 =     9.2845,    24.9251       
# span 5 =    31.4033,    34.0014       
# span 6 =      7.991,      8.225       
# span 7 =    -0.0524,     2.0832       
# span 8 = 5.0640e-11, 9.9999e+04       
# span 9 =  1020.7207,  1026.3386       
# span 10 =     9.2802,    24.9243      
# span 11 =    20.7138,    26.0570      
# span 12 =     6.8988,     9.3875      
# span 13 =    210.117,    286.358      
# span 14 =    6.91661,    9.27157      
# span 15 =  211.75932,  282.48394      
# span 16 =     77.033,    118.381      
# span 17 = 0.0000e+00, 0.0000e+00      
# interval = seconds: 0.0416667
# start_time = Jul 28 2022 05:48:38 [System UTC, first data scan.]
# bad_flag = -9.990e-29
*END*
[from data line 6191]
   39.63892  -72.78254     49.480     49.096     9.8141    33.5003      8.010     0.0416 5.0640e-11  1026.0362     9.8086    25.8135     7.6404    232.749    9.14205  278.49353     83.574 0.0000e+00
   39.63892  -72.78254     49.462     49.078     9.8022    33.4944      8.010     0.0551 5.0640e-11  1026.0350     9.7967    25.8101     7.6380    232.676    9.13963  278.41928     83.570 -9.990e-29
   39.63892  -72.78254     49.470     49.087     9.7958    33.4881      8.010     0.0416 5.0640e-11  1026.0287     9.7903    25.8064     7.6358    232.608    9.13783  278.36582     83.562 -9.990e-29
   39.63892  -72.78254     49.459     49.076     9.7894    33.4833      8.010     0.0416 5.0640e-11  1026.0261     9.7839    25.8037     7.6410    232.767    9.13726  278.34932     83.624 0.0000e+00
   39.63892  -72.78254     49.449     49.066     9.7835    33.4799      8.010     0.0416 5.0640e-11  1026.0270     9.7780    25.8018     7.6407    232.760    9.13702  278.34357     83.623 -9.990e-29
   39.63892  -72.78254     49.449     49.066     9.7848    33.4754      8.010     0.0416 5.0640e-11  1026.0220     9.7793    25.7986     7.6469    232.953    9.13708  278.34773     83.691 -9.990e-29
   39.63892  -72.78254     49.462     49.078     9.7824    33.4699      8.010     0.0551 5.0640e-11  1026.0181     9.7768    25.7948     7.6477    232.978    9.13817  278.38163     83.690 -9.990e-29
   39.63892  -72.78254     49.449     49.066     9.7744    33.4664      8.005     0.0416 5.0640e-11  1026.0138     9.7689    25.7923     7.6486    233.007    9.13988  278.43616     83.684 0.0000e+00
   39.63892  -72.78254     49.438     49.055     9.7628    33.4664      8.010     0.0551 5.0640e-11  1026.0144     9.7573    25.7926     7.6519    233.108    9.14377  278.55659     83.684 -9.990e-29
   39.63892 -9.990e-29     49.449     49.066     9.7533    33.4664      8.010     0.0416 5.0640e-11  1026.0181     9.7478    25.7962     7.6554    233.215    9.14838  278.69650     83.681 -9.990e-29
   39.63892 -9.990e-29     49.452     49.069     9.7480    33.4734      8.006     0.0416 5.0640e-11  1026.0254     9.7425    25.8023     7.6636    233.462    9.15113  278.77884     83.745 -9.990e-29
   39.63892 -9.990e-29     49.438     49.055     9.7513    33.4826      8.010     0.0416 5.0640e-11  1026.0336     9.7458    25.8093     7.6643    233.485    9.15225  278.81199     83.743 -9.990e-29
   39.63892 -9.990e-29     49.459     49.076     9.7580    33.4935      8.010     0.0416 5.0640e-11  1026.0378     9.7525    25.8169     7.6709    233.683    9.15281  278.82873     83.809 -9.990e-29
   39.63892 -9.990e-29     49.449     49.066     9.7642    33.5093      8.010     0.0551 5.0640e-11  1026.0486     9.7587    25.8278     7.6718    233.714    9.15368  278.85620     83.812 -9.990e-29
   39.63892 -9.990e-29     49.462     49.078     9.7784    33.5281      8.005     0.0551 5.0640e-11  1026.0685     9.7729    25.8401     7.6741    233.782    9.15628  278.93642     83.812 -9.990e-29
   39.63892 -9.990e-29     49.459     49.076     9.8011    33.5326      8.010     0.0416 5.0640e-11  1026.0763     9.7955    25.8455     7.6757    233.833    9.15877  279.01224     83.808 -9.990e-29
   39.63892 -9.990e-29     49.470     49.087     9.8191    33.5336      8.005     0.0416 5.0640e-11  1026.0646     9.8136    25.8416     7.6769    233.867    9.16032  279.05916     83.806 -9.990e-29
   39.63892 -9.990e-29     49.459     49.076     9.8254    33.5371      8.010     0.0416 5.0640e-11  1026.0560     9.8199    25.8365     7.6760    233.839    9.16017  279.05353     83.797 -9.990e-29
   39.63892 -9.990e-29     49.489     49.106     9.8294    33.5349      8.010     0.0551 5.0640e-11  1026.0582     9.8238    25.8362     7.6801    233.966    9.15874  279.01166     83.855 -9.990e-29
   39.63892 -9.990e-29     49.473     49.089     9.8379    33.5336      8.010     0.0416 5.0640e-11  1026.0642     9.8324    25.8380     7.6812    234.003    9.16024  279.06174     83.853 -9.990e-29
   39.63894 -9.990e-29     49.489     49.106     9.8475    33.5336      8.010     0.0416 5.0640e-11  1026.0647     9.8419    25.8348     7.6847    234.111    9.16464  279.19562     83.852 -9.990e-29
   39.63894 -9.990e-29     49.489     49.106     9.8517    33.5217      8.010     0.0416 5.0640e-11  1026.0479     9.8462    25.8242     7.6868    234.170    9.16696  279.26202     83.853 -9.990e-29
   39.63894 -9.990e-29     49.500     49.117     9.8443    33.5062      8.005     0.0416 5.0640e-11  1026.0316     9.8388    25.8129     7.6852    234.120    9.16668  279.25039     83.839 -9.990e-29
   39.63894 -9.990e-29     49.503     49.120     9.8317    33.5035      8.005     0.0416 5.0640e-11  1026.0277     9.8262    25.8085     7.6830    234.054    9.16554  279.21696     83.825 -9.990e-29
   39.63894 -9.990e-29     49.510     49.126     9.8231    33.5035      8.010     0.0416 5.0640e-11  1026.0353     9.8176    25.8104     7.6811    233.997    9.16434  279.18014     83.816 -9.990e-29
   39.63894 -9.990e-29     49.510     49.126     9.8218    33.5035      8.010     0.0416 5.0640e-11  1026.0358     9.8163    25.8142     7.6845    234.099    9.16192  279.10551     83.875 -9.990e-29
   39.63894 -9.990e-29     49.521     49.137     9.8171    33.5112      8.005     0.0416 5.0640e-11  1026.0422     9.8116    25.8207     7.6810    233.991    9.15899  279.01738     83.862 -9.990e-29
   39.63894 -9.990e-29     49.533     49.150     9.8157    33.5216      8.005     0.0416 5.0640e-11  1026.0561     9.8102    25.8288     7.6793    233.943    9.15856  279.00782     83.848 -9.990e-29
   39.63894 -9.990e-29     49.531     49.147     9.8228    33.5252      8.010     0.0416 5.0640e-11  1026.0600     9.8172    25.8329     7.6795    233.951    9.16039  279.06464     83.834 -9.990e-29
   39.63894 -9.990e-29     49.540     49.157     9.8299    33.5262      8.010     0.0416 5.0640e-11  1026.0566     9.8243    25.8317     7.6774    233.886    9.15939  279.03377     83.820 -9.990e-29
   39.63894 -9.990e-29     49.551     49.167     9.8337    33.5274      8.010     0.0551 5.0640e-11  1026.0500     9.8281    25.8293     7.6811    233.999    9.15780  278.98605     83.875 -9.990e-29
   39.63894 -9.990e-29     49.551     49.167     9.8363    33.5274      8.010     0.0416 5.0640e-11  1026.0530     9.8308    25.8296     7.6739    233.779    9.15777  278.98482     83.796 -9.990e-29
   39.63894 -9.990e-29     49.554     49.170     9.8389    33.5327      8.010     0.0416 5.0640e-11  1026.0529     9.8334    25.8342     7.6791    233.938    9.15847  279.00624     83.847 -9.990e-29
   39.63894 -9.990e-29     49.561     49.177     9.8399    33.5445      8.010     0.0416 5.0640e-11  1026.0688     9.8344    25.8426     7.6731    233.757    9.16057  279.07163     83.763 -9.990e-29
   39.63894 -9.990e-29     49.561     49.177     9.8519    33.5445      8.010     0.0416 5.0640e-11  1026.0788     9.8464    25.8475     7.6743    233.796    9.16422  279.18578     83.742 -9.990e-29
   39.63894 -9.990e-29     49.561     49.177     9.8635    33.5445      8.010     0.0551 5.0640e-11  1026.0717     9.8579    25.8404     7.6758    233.843    9.16846  279.31715     83.720 -9.990e-29
   39.63894 -9.990e-29     49.564     49.180     9.8684    33.5204      8.010     0.0416 5.0640e-11  1026.0484     9.8629    25.8207     7.6783    233.922    9.17341  279.47138     83.702 -9.990e-29
   39.63894 -9.990e-29     49.561     49.177     9.8609    33.4935      8.005     0.0416 5.0640e-11  1026.0117     9.8553    25.7986     7.6813    234.012    9.17902  279.64172     83.683 -9.990e-29
   39.63894 -9.990e-29     49.572     49.188     9.8345    33.4935      8.010     0.0416 5.0640e-11  1026.0014     9.8289    25.7923     7.6820    234.030    9.18246  279.74220     83.659 -9.990e-29
   39.63894 -9.990e-29     49.561     49.177     9.8136    33.4935      8.010     0.0416 5.0640e-11  1026.0282     9.8081    25.8062     7.6872    234.187    9.18313  279.76035     83.710 -9.990e-29
   39.63894 -9.990e-29     49.572     49.188     9.8179    33.5188      8.010     0.0416 5.0640e-11  1026.0558     9.8123    25.8262     7.6851    234.123    9.18282  279.74922     83.690 -9.990e-29
   39.63894 -9.990e-29     49.575     49.191     9.8279    33.5319      8.010     0.0551 5.0640e-11  1026.0692     9.8224    25.8384     7.6821    234.028    9.18181  279.71740     83.666 -9.990e-29
   39.63894 -9.990e-29     49.572     49.188     9.8368    33.5319      8.010     0.0551 5.0640e-11  1026.0672     9.8313    25.8396     7.6790    233.936    9.18039  279.67406     83.646 -9.990e-29
   39.63894 -9.990e-29     49.561     49.177     9.8398    33.5319      8.010     0.0551 5.0640e-11  1026.0583     9.8342    25.8335     7.6758    233.838    9.17906  279.63505     83.623 -9.990e-29
   39.63894 -9.990e-29     49.572     49.188     9.8418    33.5223      8.010     0.0551 5.0640e-11  1026.0479     9.8362    25.8258     7.6665    233.557    9.17878  279.62803     83.524 -9.990e-29
   39.63894 -9.990e-29     49.564     49.180     9.8416    33.5223      8.005     0.0551 5.0640e-11  1026.0405     9.8360    25.8219     7.6719    233.725    9.18001  279.66851     83.572 -9.990e-29
   39.63894 -9.990e-29     49.572     49.188     9.8348    33.5223      8.010     0.0551 5.0640e-11  1026.0455     9.8293    25.8263     7.6674    233.588    9.18449  279.80666     83.482 -9.990e-29
   39.63894 -9.990e-29     49.551     49.167     9.8292    33.5352      8.010     0.0551 5.0640e-11  1026.0622     9.8237    25.8372     7.6694    233.649    9.18893  279.94038     83.464 -9.990e-29
   39.63894 -9.990e-29     49.561     49.177     9.8313    33.5483      8.010     0.0551 5.0640e-11  1026.0755     9.8258    25.8470     7.6750    233.819    9.19011  279.97582     83.514 -9.990e-29
   39.63894 -9.990e-29     49.561     49.177     9.8421    33.5494      8.010     0.0685 5.0640e-11  1026.0774     9.8365    25.8505     7.6730    233.757    9.18989  279.96861     83.494 -9.990e-29
   39.63894 -9.990e-29     49.554     49.170     9.8521    33.5494      8.010     0.0551 5.0640e-11  1026.0729     9.8466    25.8486     7.6711    233.698    9.18996  279.97015     83.472 -9.990e-29
   39.63894 -9.990e-29     49.540     49.156     9.8561    33.5494      8.010     0.0551 5.0640e-11  1026.0693     9.8505    25.8445     7.6701    233.668    9.19130  280.01200     83.449 -9.990e-29
   39.63894 -9.990e-29     49.531     49.147     9.8594    33.5427      8.010     0.0551 5.0640e-11  1026.0632     9.8538    25.8387     7.6715    233.712    9.19465  280.11609     83.434 -9.990e-29
   39.63894 -9.990e-29     49.531     49.147     9.8622    33.5349      8.010     0.0685 5.0640e-11  1026.0545     9.8566    25.8325     7.6656    233.535    9.19767  280.20822     83.343 -9.990e-29
   39.63894 -9.990e-29     49.513     49.129     9.8579    33.5269      8.010     0.0551 5.0640e-11  1026.0520     9.8523    25.8267     7.6648    233.507    9.19884  280.24271     83.323 -9.990e-29
   39.63894 -9.990e-29     49.510     49.126     9.8529    33.5173      8.005     0.0685 5.0640e-11  1026.0434     9.8473    25.8206     7.6642    233.490    9.20051  280.29474     83.302 -9.990e-29
   39.63894 -9.990e-29     49.510     49.126     9.8370    33.5086      8.010     0.0551 5.0640e-11  1026.0364     9.8314    25.8161     7.6651    233.519    9.20390  280.39924     83.281 -9.990e-29
   39.63894 -9.990e-29     49.480     49.096     9.8146    33.5076      8.010     0.0551 5.0640e-11  1026.0381     9.8091    25.8161     7.6651    233.518    9.20640  280.47429     83.258 -9.990e-29
   39.63894 -9.990e-29     49.489     49.106     9.7999    33.5071      8.010     0.0551 5.0640e-11  1026.0430     9.7944    25.8191     7.6637    233.473    9.20746  280.50437     83.233 -9.990e-29
   39.63894 -9.990e-29     49.462     49.078     9.7933    33.5058      8.010     0.0551 5.0640e-11  1026.0467     9.7878    25.8219     7.6612    233.395    9.20671  280.47836     83.213 -9.990e-29
   39.63894 -9.990e-29     49.459     49.076     9.7904    33.5058      8.010     0.0551 5.0640e-11  1026.0474     9.7849    25.8223     7.6563    233.246    9.20353  280.38032     83.189 -9.990e-29
   39.63894 -9.990e-29     49.438     49.055     9.7876    33.5036      8.010     0.0551 5.0640e-11  1026.0438     9.7821    25.8205     7.6540    233.180    9.20260  280.35896     83.172 0.0000e+00
   39.63894 -9.990e-29     49.429     49.046     9.7764    33.4993      8.010     0.0551 5.0640e-11  1026.0407     9.7709    25.8185     7.6566    233.267    9.20713  280.50447     83.160 0.0000e+00
   39.63894 -9.990e-29     49.401     49.018     9.7647    33.4966      8.010     0.0551 5.0640e-11  1026.0405     9.7592    25.8180     7.6607    233.393    9.21312  280.68929     83.150 0.0000e+00
   39.63894 -9.990e-29     49.398     49.015     9.7569    33.4964      8.010     0.0551 5.0640e-11  1026.0420     9.7514    25.8188     7.6559    233.248    9.21691  280.80728     83.064 0.0000e+00
   39.63894 -9.990e-29     49.377     48.995     9.7565    33.4957      8.010     0.0551 5.0640e-11  1026.0450     9.7510    25.8184     7.6649    233.525    9.22175  280.95571     83.118 0.0000e+00
   39.63894 -9.990e-29     49.347     48.965     9.7651    33.4894      8.010     0.0551 5.0640e-11  1026.0394     9.7597    25.8133     7.6672    233.590    9.22575  281.07389     83.106 0.0000e+00
   39.63894 -9.990e-29     49.340     48.958     9.7638    33.4857      8.010     0.0551 5.0640e-11  1026.0233     9.7583    25.8064     7.6671    233.585    9.22654  281.09323     83.099 0.0000e+00
   39.63892 -9.990e-29     49.317     48.935     9.7430    33.4857      8.006     0.0551 5.0640e-11  1026.0235     9.7375    25.8067     7.6591    233.338    9.22615  281.07879     83.015 0.0000e+00
   39.63892 -9.990e-29     49.285     48.903     9.7265    33.4857      8.006     0.0551 5.0640e-11  1026.0393     9.7210    25.8151     7.6640    233.484    9.22572  281.06319     83.072 0.0000e+00
   39.63892 -9.990e-29     49.275     48.893     9.7237    33.4941      8.010     0.0551 5.0640e-11  1026.0508     9.7182    25.8223     7.6558    233.233    9.22523  281.04743     82.987 0.0000e+00
   39.63892 -9.990e-29     49.257     48.876     9.7309    33.4968      8.010     0.0551 5.0640e-11  1026.0454     9.7255    25.8239     7.6628    233.448    9.22730  281.11044     83.045 0.0000e+00
   39.63892 -9.990e-29     49.224     48.843     9.7364    33.4976      8.010     0.0685 5.0640e-11  1026.0458     9.7309    25.8241     7.6628    233.447    9.22833  281.14140     83.035 0.0000e+00
   39.63892 -9.990e-29     49.203     48.822     9.7465    33.4976      8.006     0.0551 5.0640e-11  1026.0492     9.7410    25.8241     7.6617    233.417    9.22838  281.14561     83.024 0.0000e+00
   39.63892 -9.990e-29     49.173     48.792     9.7615    33.4976      8.010     0.0551 5.0640e-11  1026.0456     9.7560    25.8202     7.6654    233.531    9.23275  281.28086     83.024 0.0000e+00
   39.63892 -9.990e-29     49.145     48.765     9.7682    33.4899      8.010     0.0685 5.0640e-11  1026.0323     9.7627    25.8132     7.6614    233.411    9.23616  281.38541     82.950 0.0000e+00
   39.63892 -9.990e-29     49.122     48.741     9.7609    33.4841      8.010     0.0551 5.0640e-11  1026.0286     9.7554    25.8086     7.6608    233.393    9.23662  281.40026     82.940 0.0000e+00
   39.63892 -9.990e-29     49.101     48.721     9.7652    33.4825      8.010     0.0551 5.0640e-11  1026.0295     9.7598    25.8069     7.6599    233.365    9.23665  281.40183     82.929 0.0000e+00
   39.63892 -9.990e-29     49.064     48.684     9.7736    33.4822      8.010     0.0551 5.0640e-11  1026.0269     9.7681    25.8060     7.6593    233.348    9.23705  281.41435     82.920 0.0000e+00
   39.63892 -9.990e-29     49.041     48.661     9.7735    33.4816      8.010     0.0551 5.0640e-11  1026.0275     9.7680    25.8054     7.6668    233.577    9.23798  281.44324     82.992 0.0000e+00
