CalculateIndicators/WaterTemperature/Data/CTD_NYOS/20220513_C06.cnv
* Sea-Bird SBE 9 Data File:
* FileName = C:\Seabird 9 CTD\Data\2022\202205_offshore\20220513_C06.hex
* Software Version Seasave V 7.23.2
* Temperature SN = 4590
* Conductivity SN = 3228
* Number of Bytes Per Scan = 44
* Number of Voltage Words = 5
* Number of Scans Averaged by the Deck Unit = 1
* NMEA Latitude = 39 19.72 N
* NMEA Longitude = 073 22.18 W
* NMEA UTC (Time) = Sep 27 2002  18:50:28
* NMEA baud rate = 4800
** Ship: seawolf
** Station: 7.4
** Operator: EIH
# nquan = 18
# nvalues = 13407                       
# units = specified
# name 0 = latitude: Latitude [deg]
# name 1 = longitude: Longitude [deg]
# name 2 = prDM: Pressure, Digiquartz [db]
# name 3 = depSM: Depth [salt water, m]
# name 4 = t090C: Temperature [ITS-90, deg C]
# name 5 = sal00: Salinity, Practical [PSU]
# name 6 = ph: pH
# name 7 = flECO-AFL: Fluorescence, WET Labs ECO-AFL/FL [mg/m^3]
# name 8 = cpar: CPAR/Corrected Irradiance [%]
# name 9 = density00: Density [density, kg/m^3]
# name 10 = potemp090C: Potential Temperature [ITS-90, deg C]
# name 11 = sigma-é00: Density [sigma-theta, kg/m^3]
# name 12 = sbeox0Mg/L: Oxygen, SBE 43 [mg/l]
# name 13 = sbox0Mm/Kg: Oxygen, SBE 43 [umol/kg]
# name 14 = oxsolMg/L: Oxygen Saturation, Garcia & Gordon [mg/l]
# name 15 = oxsolMm/Kg: Oxygen Saturation, Garcia & Gordon [umol/kg]
# name 16 = sbeox0PS: Oxygen, SBE 43 [% saturation]
# name 17 = flag:  0.000e+00
# span 0 =   39.32868,   39.32930       
# span 1 =  -73.37194,  -73.36966       
# span 2 =      1.806,     47.533       
# span 3 =      1.792,     47.166       
# span 4 =     8.8507,     9.6401       
# span 5 =    33.0454,    33.1760       
# span 6 =      8.085,      8.107       
# span 7 =     0.0954,     0.9684       
# span 8 = 6.0364e-02, 3.1410e+01       
# span 9 =  1025.5254,  1025.9253       
# span 10 =     8.8458,     9.6395      
# span 11 =    25.5035,    25.7097      
# span 12 =     9.0757,     9.4833      
# span 13 =    276.512,    288.960      
# span 14 =    9.20880,    9.36761      
# span 15 =  280.62128,  285.42243      
# span 16 =     96.917,    102.334      
# span 17 = 0.0000e+00, 0.0000e+00      
# interval = seconds: 0.0416667
# start_time = May 13 2022 18:50:28 [System UTC, first data scan.]
# bad_flag = -9.990e-29
*END*
[from data line 9568]
   39.32910  -73.37134     12.172     12.080     8.9595    33.1000 -9.990e-29     0.5654 3.3369e+00  1025.6925     8.9583    25.6371     9.3729    285.586    9.34650  284.78112    100.283 -9.990e-29
   39.32910  -73.37134     12.156     12.063     8.9588    33.0997 -9.990e-29     0.5520 3.3492e+00  1025.6920     8.9575    25.6370     9.3728    285.584    9.34661  284.78454    100.281 -9.990e-29
   39.32910  -73.37134     12.161     12.069     8.9579    33.0996 -9.990e-29     0.5520 3.3492e+00  1025.6923     8.9566    25.6370     9.3728    285.583    9.34677  284.78929    100.279 -9.990e-29
   39.32910  -73.37134     12.161     12.069     8.9572    33.0996 -9.990e-29     0.5520 3.3520e+00  1025.6926     8.9560    25.6371     9.3728    285.581    9.34691  284.79372    100.277 -9.990e-29
   39.32910  -73.37134     12.161     12.069     8.9568    33.0996 -9.990e-29     0.5520 3.3614e+00  1025.6921     8.9555    25.6371     9.3733    285.597    9.34696  284.79505    100.281 -9.990e-29
   39.32910  -73.37134     12.152     12.059     8.9563    33.0997 -9.990e-29     0.5520 3.3642e+00  1025.6925     8.9550    25.6373     9.3729    285.586    9.34686  284.79209    100.279 -9.990e-29
   39.32910  -73.37134     12.177     12.084     8.9559    33.1001 -9.990e-29     0.5520 3.3737e+00  1025.6929     8.9547    25.6377     9.3785    285.757    9.34679  284.79017    100.339 -9.990e-29
   39.32910  -73.37134     12.161     12.069     8.9558    33.1005 -9.990e-29     0.5520 3.3766e+00  1025.6934     8.9545    25.6380     9.3796    285.790    9.34683  284.79122    100.351 0.0000e+00
   39.32910  -73.37134     12.152     12.059     8.9563    33.1007 -9.990e-29     0.5520 3.3861e+00  1025.6933     8.9550    25.6381     9.3799    285.800    9.34685  284.79188    100.354 -9.990e-29
   39.32910  -73.37134     12.172     12.080     8.9566    33.1009 -9.990e-29     0.5520 3.3889e+00  1025.6935     8.9553    25.6382     9.3801    285.806    9.34681  284.79055    100.357 -9.990e-29
   39.32910  -73.37134     12.156     12.063     8.9571    33.1009 -9.990e-29     0.5520 3.3889e+00  1025.6935     8.9558    25.6382     9.3743    285.627    9.34669  284.78682    100.295 -9.990e-29
   39.32910  -73.37134     12.161     12.069     8.9576    33.1009 -9.990e-29     0.5520 3.3985e+00  1025.6932     8.9563    25.6381     9.3797    285.792    9.34667  284.78612    100.353 -9.990e-29
   39.32910  -73.37134     12.161     12.069     8.9574    33.1007 -9.990e-29     0.5654 3.3889e+00  1025.6932     8.9561    25.6379     9.3805    285.816    9.34664  284.78523    100.362 -9.990e-29
   39.32910  -73.37134     12.152     12.059     8.9576    33.1007 -9.990e-29     0.5520 3.3985e+00  1025.6930     8.9563    25.6379     9.3806    285.820    9.34669  284.78697    100.363 -9.990e-29
   39.32910  -73.37134     12.152     12.059     8.9577    33.1007 -9.990e-29     0.5386 3.4014e+00  1025.6930     8.9565    25.6379     9.3806    285.819    9.34664  284.78539    100.363 -9.990e-29
   39.32910  -73.37134     12.156     12.063     8.9581    33.1009 -9.990e-29     0.5117 3.4014e+00  1025.6934     8.9568    25.6380     9.3805    285.816    9.34660  284.78426    100.362 -9.990e-29
   39.32910  -73.37134     12.152     12.059     8.9585    33.1010 -9.990e-29     0.4983 3.4042e+00  1025.6931     8.9573    25.6380     9.3864    285.996    9.34661  284.78454    100.425 0.0000e+00
   39.32910  -73.37134     12.141     12.048     8.9586    33.1010 -9.990e-29     0.4983 3.4042e+00  1025.6931     8.9573    25.6380     9.3816    285.852    9.34664  284.78537    100.374 -9.990e-29
   39.32910  -73.37134     12.152     12.059     8.9587    33.1013 -9.990e-29     0.5117 3.4042e+00  1025.6933     8.9574    25.6382     9.3821    285.867    9.34664  284.78556    100.380 -9.990e-29
   39.32910  -73.37134     12.141     12.048     8.9585    33.1013 -9.990e-29     0.4983 3.4042e+00  1025.6938     8.9573    25.6385     9.3820    285.861    9.34669  284.78692    100.377 0.0000e+00
   39.32910  -73.37134     12.135     12.043     8.9589    33.1013 -9.990e-29     0.5117 3.4042e+00  1025.6939     8.9576    25.6385     9.3824    285.875    9.34674  284.78829    100.382 -9.990e-29
   39.32910  -73.37134     12.141     12.048     8.9595    33.1013 -9.990e-29     0.4983 3.4042e+00  1025.6935     8.9583    25.6381     9.3820    285.864    9.34667  284.78626    100.378 -9.990e-29
   39.32910  -73.37134     12.131     12.039     8.9600    33.1004 -9.990e-29     0.5117 3.4071e+00  1025.6924     8.9587    25.6373     9.3824    285.875    9.34670  284.78725    100.382 -9.990e-29
   39.32910  -73.37134     12.131     12.039     8.9594    33.0994 -9.990e-29     0.5117 3.4071e+00  1025.6914     8.9581    25.6366     9.3820    285.862    9.34669  284.78707    100.377 -9.990e-29
   39.32910  -73.37134     12.126     12.033     8.9579    33.0994 -9.990e-29     0.5117 3.4071e+00  1025.6911     8.9567    25.6364     9.3874    286.027    9.34662  284.78475    100.436 0.0000e+00
   39.32910  -73.37134     12.111     12.018     8.9563    33.0994 -9.990e-29     0.5117 3.3975e+00  1025.6915     8.9550    25.6368     9.3815    285.847    9.34656  284.78289    100.374 -9.990e-29
   39.32910  -73.37134     12.122     12.029     8.9553    33.0999 -9.990e-29     0.4983 3.4004e+00  1025.6929     8.9540    25.6376     9.3816    285.851    9.34656  284.78295    100.375 -9.990e-29
   39.32910  -73.37134     12.101     12.009     8.9553    33.1005 -9.990e-29     0.4983 3.3908e+00  1025.6931     8.9540    25.6381     9.3818    285.856    9.34666  284.78580    100.376 -9.990e-29
   39.32910  -73.37134     12.101     12.009     8.9558    33.1008 -9.990e-29     0.4983 3.4004e+00  1025.6934     8.9545    25.6383     9.3818    285.857    9.34665  284.78565    100.376 -9.990e-29
   39.32910  -73.37134     12.095     12.003     8.9558    33.1008 -9.990e-29     0.4983 3.3880e+00  1025.6934     8.9545    25.6384     9.3879    286.043    9.34677  284.78924    100.440 0.0000e+00
   39.32910  -73.37134     12.080     11.988     8.9558    33.1008 -9.990e-29     0.5117 3.3785e+00  1025.6932     8.9545    25.6382     9.3885    286.061    9.34674  284.78854    100.447 0.0000e+00
   39.32910  -73.37134     12.071     11.979     8.9559    33.1005 -9.990e-29     0.4983 3.3785e+00  1025.6927     8.9547    25.6381     9.3891    286.080    9.34678  284.78972    100.453 0.0000e+00
   39.32910  -73.37134     12.060     11.968     8.9553    33.1004      8.099     0.4983 3.3785e+00  1025.6929     8.9540    25.6381     9.3831    285.895    9.34686  284.79217    100.387 -9.990e-29
   39.32910  -73.37134     12.060     11.968     8.9551    33.1004      8.099     0.4983 3.3690e+00  1025.6929     8.9539    25.6381     9.3821    285.867    9.34687  284.79253    100.377 -9.990e-29
   39.32910  -73.37134     12.035     11.943     8.9551    33.1004      8.099     0.4983 3.3756e+00  1025.6926     8.9539    25.6380     9.3872    286.022    9.34692  284.79386    100.431 -9.990e-29
   39.32910  -73.37134     12.040     11.948     8.9551    33.1004      8.099     0.4983 3.3661e+00  1025.6926     8.9539    25.6380     9.3876    286.033    9.34695  284.79478    100.435 -9.990e-29
   39.32910  -73.37134     12.029     11.938     8.9553    33.1003      8.099     0.4983 3.3567e+00  1025.6926     8.9540    25.6380     9.3879    286.041    9.34698  284.79553    100.437 0.0000e+00
   39.32910  -73.37134     12.010     11.918     8.9554    33.1003      8.099     0.5117 3.3567e+00  1025.6928     8.9542    25.6381     9.3881    286.050    9.34703  284.79720    100.440 0.0000e+00
   39.32910  -73.37134     11.999     11.908     8.9564    33.1003      8.103     0.4983 3.3472e+00  1025.6923     8.9552    25.6378     9.3883    286.056    9.34707  284.79831    100.442 0.0000e+00
   39.32910  -73.37134     11.984     11.893     8.9572    33.1002      8.099     0.4849 3.3472e+00  1025.6919     8.9560    25.6376     9.3884    286.057    9.34699  284.79613    100.443 0.0000e+00
   39.32910  -73.37134     11.978     11.887     8.9579    33.1002      8.099     0.4849 3.3378e+00  1025.6920     8.9567    25.6375     9.3884    286.058    9.34700  284.79615    100.443 0.0000e+00
   39.32910  -73.37134     11.959     11.868     8.9585    33.1001      8.099     0.4849 3.3284e+00  1025.6917     8.9573    25.6374     9.3883    286.055    9.34692  284.79398    100.443 0.0000e+00
   39.32910  -73.37134     11.948     11.857     8.9587    33.1001      8.099     0.4849 3.3256e+00  1025.6914     8.9575    25.6372     9.3882    286.052    9.34688  284.79260    100.442 0.0000e+00
   39.32910  -73.37134     11.918     11.827     8.9589    33.1001      8.099     0.4983 3.3163e+00  1025.6911     8.9577    25.6371     9.3881    286.047    9.34685  284.79169    100.441 -9.990e-29
   39.32910  -73.37134     11.918     11.827     8.9585    33.1002      8.099     0.4983 3.3135e+00  1025.6914     8.9573    25.6373     9.3877    286.037    9.34673  284.78809    100.439 -9.990e-29
   39.32910  -73.37134     11.882     11.792     8.9582    33.1002      8.099     0.4983 3.3042e+00  1025.6917     8.9570    25.6375     9.3875    286.029    9.34669  284.78706    100.436 0.0000e+00
   39.32910  -73.37134     11.878     11.787     8.9588    33.1002      8.099     0.4849 3.3042e+00  1025.6914     8.9575    25.6374     9.3871    286.019    9.34663  284.78501    100.433 0.0000e+00
   39.32910  -73.37134     11.857     11.767     8.9592    33.1001      8.099     0.4849 3.3014e+00  1025.6908     8.9580    25.6372     9.3867    286.007    9.34660  284.78431    100.429 0.0000e+00
   39.32910  -73.37134     11.848     11.757     8.9589    33.0999      8.099     0.4849 3.2921e+00  1025.6911     8.9576    25.6372     9.3871    286.018    9.34665  284.78576    100.433 0.0000e+00
   39.32910  -73.37134     11.818     11.727     8.9584    33.0999      8.099     0.4849 3.2986e+00  1025.6907     8.9572    25.6372     9.3868    286.008    9.34675  284.78879    100.428 0.0000e+00
   39.32910  -73.37134     11.801     11.711     8.9576    33.0999      8.099     0.4849 3.2986e+00  1025.6910     8.9563    25.6373     9.3862    285.990    9.34666  284.78590    100.423 0.0000e+00
   39.32910  -73.37134     11.776     11.686     8.9569    33.0999      8.099     0.4849 3.2986e+00  1025.6909     8.9557    25.6374     9.3856    285.972    9.34661  284.78445    100.417 0.0000e+00
   39.32910  -73.37134     11.756     11.666     8.9567    33.0998      8.099     0.4849 3.3079e+00  1025.6907     8.9555    25.6373     9.3848    285.949    9.34647  284.78006    100.410 0.0000e+00
   39.32910  -73.37134     11.746     11.656     8.9573    33.0997      8.103     0.4849 3.3079e+00  1025.6904     8.9561    25.6371     9.3842    285.929    9.34646  284.77997    100.403 0.0000e+00
   39.32910  -73.37134     11.716     11.626     8.9576    33.0997      8.099     0.4849 3.3079e+00  1025.6903     8.9563    25.6371     9.3835    285.908    9.34649  284.78089    100.396 0.0000e+00
   39.32910  -73.37134     11.686     11.596     8.9574    33.0997      8.103     0.4849 3.3145e+00  1025.6902     8.9562    25.6371     9.3893    286.086    9.34644  284.77945    100.459 0.0000e+00
   39.32910  -73.37134     11.669     11.580     8.9573    33.0999      8.099     0.4849 3.3145e+00  1025.6901     8.9561    25.6373     9.3900    286.107    9.34654  284.78253    100.465 0.0000e+00
   39.32910  -73.37134     11.635     11.546     8.9572    33.1003      8.099     0.4849 3.3145e+00  1025.6906     8.9560    25.6376     9.3845    285.940    9.34655  284.78256    100.407 0.0000e+00
   39.32910  -73.37134     11.624     11.535     8.9577    33.1003      8.103     0.4849 3.3210e+00  1025.6907     8.9565    25.6378     9.3844    285.936    9.34661  284.78450    100.404 0.0000e+00
   39.32910  -73.37134     11.584     11.495     8.9579    33.1003      8.103     0.4849 3.3276e+00  1025.6903     8.9567    25.6377     9.3835    285.909    9.34664  284.78535    100.395 0.0000e+00
   39.32910  -73.37134     11.563     11.475     8.9581    33.1003      8.099     0.4849 3.3276e+00  1025.6902     8.9569    25.6375     9.3833    285.903    9.34671  284.78741    100.392 0.0000e+00
   39.32910  -73.37134     11.533     11.445     8.9581    33.1003      8.099     0.4849 3.3341e+00  1025.6894     8.9569    25.6374     9.3890    286.075    9.34671  284.78766    100.452 0.0000e+00
   39.32910  -73.37134     11.512     11.424     8.9581    33.1002      8.099     0.4849 3.3435e+00  1025.6898     8.9569    25.6374     9.3893    286.085    9.34671  284.78764    100.455 0.0000e+00
   39.32910  -73.37134     11.467     11.379     8.9582    33.1001      8.103     0.4714 3.3407e+00  1025.6898     8.9570    25.6374     9.3896    286.093    9.34673  284.78822    100.458 0.0000e+00
   39.32910  -73.37134     11.452     11.364     8.9584    33.1001      8.099     0.4446 3.3502e+00  1025.6891     8.9572    25.6373     9.3838    285.919    9.34677  284.78922    100.397 0.0000e+00
   39.32910  -73.37134     11.412     11.325     8.9583    33.1001      8.099     0.4446 3.3568e+00  1025.6890     8.9571    25.6372     9.3841    285.925    9.34678  284.78974    100.399 0.0000e+00
   39.32910  -73.37134     11.391     11.304     8.9582    33.1001      8.099     0.4446 3.3663e+00  1025.6889     8.9570    25.6373     9.3836    285.910    9.34679  284.79006    100.393 0.0000e+00
   39.32910  -73.37134     11.350     11.263     8.9579    33.1003      8.099     0.4446 3.3729e+00  1025.6891     8.9567    25.6375     9.3831    285.895    9.34682  284.79099    100.388 0.0000e+00
   39.32910  -73.37134     11.310     11.224     8.9576    33.1003      8.099     0.4446 3.3824e+00  1025.6892     8.9564    25.6376     9.3826    285.881    9.34689  284.79307    100.382 0.0000e+00
   39.32910  -73.37134     11.289     11.203     8.9579    33.1003      8.099     0.4446 3.3824e+00  1025.6889     8.9567    25.6376     9.3820    285.863    9.34690  284.79338    100.375 0.0000e+00
   39.32910  -73.37134     11.259     11.173     8.9579    33.1003      8.099     0.4446 3.3920e+00  1025.6885     8.9567    25.6374     9.3814    285.845    9.34692  284.79371    100.369 0.0000e+00
   39.32910  -73.37134     11.219     11.134     8.9579    33.1003      8.103     0.4446 3.4111e+00  1025.6884     8.9567    25.6374     9.3868    286.008    9.34693  284.79423    100.426 0.0000e+00
   39.32910  -73.37134     11.184     11.098     8.9583    33.1003      8.099     0.4446 3.4179e+00  1025.6882     8.9571    25.6375     9.3808    285.826    9.34692  284.79389    100.362 0.0000e+00
   39.32910  -73.37134     11.148     11.063     8.9584    33.1003      8.103     0.4446 3.4275e+00  1025.6884     8.9572    25.6375     9.3807    285.824    9.34688  284.79260    100.362 0.0000e+00
   39.32910  -73.37134     11.127     11.042     8.9585    33.1003      8.099     0.4446 3.4468e+00  1025.6879     8.9574    25.6375     9.3860    285.985    9.34692  284.79379    100.418 0.0000e+00
   39.32910  -73.37134     11.087     11.003     8.9579    33.1003      8.099     0.4446 3.4594e+00  1025.6882     8.9568    25.6375     9.3859    285.983    9.34695  284.79493    100.417 0.0000e+00
   39.32910  -73.37134     11.057     10.973     8.9582    33.1002      8.103     0.4446 3.4692e+00  1025.6874     8.9571    25.6374     9.3859    285.981    9.34703  284.79715    100.416 0.0000e+00
   39.32910  -73.37134     11.006     10.922     8.9576    33.1000      8.099     0.4446 3.4986e+00  1025.6874     8.9564    25.6373     9.3856    285.972    9.34695  284.79462    100.413 0.0000e+00
   39.32910  -73.37134     10.976     10.892     8.9577    33.1000      8.099     0.4446 3.5085e+00  1025.6871     8.9566    25.6373     9.3799    285.800    9.34683  284.79078    100.354 0.0000e+00
   39.32910  -73.37134     10.935     10.851     8.9576    33.1000      8.099     0.4446 3.5055e+00  1025.6869     8.9564    25.6374     9.3793    285.780    9.34643  284.77863    100.351 0.0000e+00
