CalculateIndicators/WaterTemperature/Data/CTD_NYOS/202200727_C04.cnv
* Sea-Bird SBE 9 Data File:
* FileName = C:\Seabird 9 CTD\Data\2022\202207_offshore\202200727_C04.hex
* Software Version Seasave V 7.23.2
* Temperature SN = 4590
* Conductivity SN = 3228
* Number of Bytes Per Scan = 44
* Number of Voltage Words = 5
* Number of Scans Averaged by the Deck Unit = 1
* NMEA Latitude = 40 10.17 N
* NMEA Longitude = 073 19.22 W
* NMEA UTC (Time) = Dec 11 2002  02:32:05
* NMEA baud rate = 4800
** Ship: seawolf
** Station: 6.2
** Operator: TDK
# nquan = 18
# nvalues = 13572                       
# units = specified
# name 0 = latitude: Latitude [deg]
# name 1 = longitude: Longitude [deg]
# name 2 = prDM: Pressure, Digiquartz [db]
# name 3 = depSM: Depth [salt water, m]
# name 4 = t090C: Temperature [ITS-90, deg C]
# name 5 = sal00: Salinity, Practical [PSU]
# name 6 = ph: pH
# name 7 = flECO-AFL: Fluorescence, WET Labs ECO-AFL/FL [mg/m^3]
# name 8 = cpar: CPAR/Corrected Irradiance [%]
# name 9 = density00: Density [density, kg/m^3]
# name 10 = potemp090C: Potential Temperature [ITS-90, deg C]
# name 11 = sigma-é00: Density [sigma-theta, kg/m^3]
# name 12 = sbeox0Mg/L: Oxygen, SBE 43 [mg/l]
# name 13 = sbox0Mm/Kg: Oxygen, SBE 43 [umol/kg]
# name 14 = oxsolMg/L: Oxygen Saturation, Garcia & Gordon [mg/l]
# name 15 = oxsolMm/Kg: Oxygen Saturation, Garcia & Gordon [umol/kg]
# name 16 = sbeox0PS: Oxygen, SBE 43 [% saturation]
# name 17 = flag:  0.000e+00
# span 0 =   40.16960,   40.17002       
# span 1 =  -73.32048,  -73.31762       
# span 2 =      1.796,     37.698       
# span 3 =      1.782,     37.405       
# span 4 =     9.1783,    23.4091       
# span 5 =    31.2068,    32.6910       
# span 6 =      7.931,      8.110       
# span 7 =     0.1222,     2.2309       
# span 8 = 2.5320e-11, 9.9999e+04       
# span 9 =  1021.1767,  1025.4312       
# span 10 =     9.1745,    23.4086      
# span 11 =    21.1691,    25.2717      
# span 12 =     6.7535,     7.8726      
# span 13 =    206.612,    239.984      
# span 14 =    7.09080,    9.32795      
# span 15 =  216.95797,  284.32208      
# span 16 =     79.957,    104.720      
# span 17 = 0.0000e+00, 0.0000e+00      
# interval = seconds: 0.0416667
# start_time = Jul 27 2022 02:32:07 [System UTC, first data scan.]
# bad_flag = -9.990e-29
*END*
[from data line 2332]
   40.16964  -73.31996     36.694     36.409     9.1790    32.6621      7.941     0.1491 -9.990e-29  1025.4270     9.1751    25.2604     7.4839    228.114    9.32728  284.30021     80.237 0.0000e+00
   40.16964  -73.31996     36.745     36.460     9.1790    32.6620      7.941     0.1491 -9.990e-29  1025.4270     9.1751    25.2603     7.4839    228.112    9.32735  284.30227     80.236 0.0000e+00
   40.16964  -73.31996     36.781     36.495     9.1791    32.6619      7.941     0.1491 -9.990e-29  1025.4272     9.1752    25.2602     7.4837    228.108    9.32729  284.30058     80.235 0.0000e+00
   40.16964  -73.31996     36.815     36.529     9.1790    32.6619      7.941     0.1625 -9.990e-29  1025.4271     9.1751    25.2602     7.4837    228.108    9.32732  284.30144     80.234 0.0000e+00
   40.16964  -73.31996     36.857     36.570     9.1788    32.6619      7.941     0.1491 -9.990e-29  1025.4277     9.1749    25.2603     7.4837    228.108    9.32733  284.30171     80.234 0.0000e+00
   40.16964  -73.31996     36.908     36.621     9.1790    32.6620      7.941     0.1491 -9.990e-29  1025.4277     9.1751    25.2604     7.4836    228.105    9.32721  284.29799     80.234 0.0000e+00
   40.16964  -73.31996     36.945     36.658     9.1788    32.6620      7.941     0.1491 -9.990e-29  1025.4283     9.1749    25.2604     7.4835    228.101    9.32701  284.29168     80.235 0.0000e+00
   40.16964  -73.31996     36.968     36.681     9.1790    32.6620      7.941     0.1491 -9.990e-29  1025.4282     9.1751    25.2603     7.4834    228.098    9.32682  284.28616     80.235 0.0000e+00
   40.16964  -73.31996     37.019     36.732     9.1790    32.6619      7.941     0.1625 -9.990e-29  1025.4280     9.1751    25.2602     7.4835    228.100    9.32679  284.28521     80.236 0.0000e+00
   40.16964  -73.31996     37.057     36.769     9.1788    32.6618      7.941     0.1491 -9.990e-29  1025.4284     9.1749    25.2602     7.4837    228.107    9.32689  284.28848     80.238 0.0000e+00
   40.16964  -73.31996     37.081     36.793     9.1788    32.6618      7.941     0.1491 -9.990e-29  1025.4287     9.1749    25.2603     7.4907    228.322    9.32693  284.28992     80.313 0.0000e+00
   40.16964  -73.31996     37.121     36.833     9.1788    32.6618      7.941     0.1491 -9.990e-29  1025.4288     9.1749    25.2602     7.4848    228.140    9.32701  284.29235     80.248 0.0000e+00
   40.16964  -73.31996     37.163     36.874     9.1790    32.6618      7.941     0.1491 -9.990e-29  1025.4287     9.1751    25.2602     7.4850    228.147    9.32705  284.29349     80.251 0.0000e+00
   40.16964  -73.31996     37.199     36.910     9.1788    32.6618      7.941     0.1491 -9.990e-29  1025.4292     9.1748    25.2602     7.4860    228.176    9.32705  284.29360     80.261 0.0000e+00
   40.16964  -73.31996     37.223     36.934     9.1788    32.6618      7.941     0.1491 -9.990e-29  1025.4292     9.1749    25.2602     7.4863    228.186    9.32709  284.29452     80.264 0.0000e+00
   40.16966  -73.31996     37.254     36.964     9.1790    32.6616      7.941     0.1491 -9.990e-29  1025.4289     9.1750    25.2600     7.4866    228.195    9.32710  284.29497     80.267 0.0000e+00
   40.16966  -73.31996     37.301     37.011     9.1790    32.6616      7.941     0.1491 -9.990e-29  1025.4294     9.1751    25.2600     7.4862    228.184    9.32713  284.29602     80.263 0.0000e+00
   40.16966  -73.31996     37.325     37.036     9.1788    32.6616      7.941     0.1491 -9.990e-29  1025.4294     9.1748    25.2600     7.4865    228.192    9.32709  284.29458     80.266 0.0000e+00
   40.16966  -73.31996     37.356     37.066     9.1788    32.6616      7.941     0.1491 -9.990e-29  1025.4296     9.1749    25.2600     7.4869    228.204    9.32713  284.29569     80.270 0.0000e+00
   40.16966  -73.31996     37.372     37.082     9.1790    32.6617      7.941     0.1491 -9.990e-29  1025.4296     9.1750    25.2601     7.4872    228.215    9.32709  284.29479     80.274 0.0000e+00
   40.16966  -73.31996     37.407     37.116     9.1788    32.6618      7.941     0.1491 -9.990e-29  1025.4300     9.1749    25.2602     7.4876    228.227    9.32707  284.29402     80.279 0.0000e+00
   40.16966  -73.31996     37.437     37.146     9.1791    32.6618      7.941     0.1491 -9.990e-29  1025.4300     9.1751    25.2602     7.4880    228.238    9.32700  284.29198     80.283 0.0000e+00
   40.16966  -73.31996     37.463     37.172     9.1788    32.6618      7.941     0.1357 -9.990e-29  1025.4304     9.1749    25.2602     7.4808    228.020    9.32695  284.29035     80.207 0.0000e+00
   40.16966  -73.31996     37.478     37.187     9.1788    32.6617      7.941     0.1357 -9.990e-29  1025.4302     9.1749    25.2601     7.4868    228.200    9.32696  284.29045     80.270 0.0000e+00
   40.16966  -73.31996     37.518     37.227     9.1790    32.6617      7.941     0.1357 -9.990e-29  1025.4304     9.1750    25.2601     7.4864    228.190    9.32681  284.28595     80.268 0.0000e+00
   40.16966  -73.31996     37.535     37.243     9.1788    32.6617      7.941     0.1357 -9.990e-29  1025.4307     9.1749    25.2601     7.4800    227.994    9.32677  284.28476     80.199 0.0000e+00
   40.16966  -73.31996     37.550     37.259     9.1790    32.6616      7.941     0.1357 -9.990e-29  1025.4302     9.1750    25.2600     7.4866    228.197    9.32668  284.28227     80.271 0.0000e+00
   40.16966  -73.31996     37.569     37.278     9.1788    32.6614      7.941     0.1357 -9.990e-29  1025.4305     9.1749    25.2599     7.4804    228.007    9.32674  284.28398     80.204 0.0000e+00
   40.16966  -73.31996     37.596     37.304     9.1791    32.6614      7.941     0.1357 -9.990e-29  1025.4304     9.1751    25.2599     7.4865    228.193    9.32682  284.28649     80.269 0.0000e+00
   40.16966  -73.31996     37.620     37.328     9.1788    32.6614      7.941     0.1357 -9.990e-29  1025.4308     9.1748    25.2599     7.4865    228.191    9.32683  284.28701     80.268 0.0000e+00
   40.16966  -73.31996     37.651     37.358     9.1791    32.6614      7.941     0.1357 -9.990e-29  1025.4308     9.1751    25.2599     7.4795    227.980    9.32685  284.28731     80.193 0.0000e+00
   40.16966  -73.31996     37.698     37.405     9.1791    32.6614      7.941     0.1357 -9.990e-29  1025.4309     9.1752    25.2599     7.4856    228.165    9.32684  284.28714     80.259 0.0000e+00
   40.16966  -73.31996     37.692     37.399     9.1793    32.6614      7.941     0.1357 -9.990e-29  1025.4308     9.1753    25.2599     7.4795    227.979    9.32691  284.28933     80.192 0.0000e+00
   40.16966  -73.31996     37.688     37.395     9.1791    32.6614      7.941     0.1357 -9.990e-29  1025.4312     9.1752    25.2599     7.4787    227.956    9.32687  284.28796     80.185 0.0000e+00
   40.16966  -73.31996     37.641     37.349     9.1790    32.6614      7.941     0.1491 -9.990e-29  1025.4309     9.1750    25.2599     7.4780    227.935    9.32684  284.28686     80.178 0.0000e+00
   40.16966  -73.31996     37.620     37.328     9.1790    32.6614      7.941     0.1357 -9.990e-29  1025.4304     9.1750    25.2598     7.4842    228.122    9.32678  284.28502     80.244 -9.990e-29
   40.16966  -73.31996     37.626     37.334     9.1791    32.6614      7.941     0.1357 -9.990e-29  1025.4305     9.1751    25.2598     7.4781    227.935    9.32671  284.28291     80.179 -9.990e-29
   40.16966  -73.31996     37.632     37.339     9.1790    32.6614      7.941     0.1357 -9.990e-29  1025.4307     9.1750    25.2598     7.4775    227.919    9.32675  284.28451     80.173 -9.990e-29
   40.16966  -73.31996     37.651     37.358     9.1793    32.6614      7.941     0.1357 -9.990e-29  1025.4307     9.1753    25.2598     7.4838    228.110    9.32672  284.28327     80.240 -9.990e-29
   40.16968  -73.31996     37.658     37.365     9.1790    32.6614      7.941     0.1357 -9.990e-29  1025.4308     9.1750    25.2598     7.4771    227.906    9.32674  284.28392     80.168 -9.990e-29
   40.16968  -73.31996     37.662     37.369     9.1793    32.6613      7.941     0.1357 -9.990e-29  1025.4306     9.1753    25.2598     7.4765    227.889    9.32670  284.28269     80.163 -9.990e-29
   40.16968  -73.31996     37.632     37.339     9.1790    32.6613      7.941     0.1357 -9.990e-29  1025.4307     9.1750    25.2598     7.4768    227.896    9.32668  284.28226     80.165 0.0000e+00
   40.16968  -73.31996     37.616     37.324     9.1790    32.6613      7.941     0.1357 -9.990e-29  1025.4304     9.1750    25.2598     7.4832    228.093    9.32671  284.28319     80.234 -9.990e-29
   40.16968  -73.31996     37.620     37.328     9.1791    32.6613      7.941     0.1357 -9.990e-29  1025.4307     9.1751    25.2597     7.4835    228.100    9.32667  284.28189     80.237 -9.990e-29
   40.16968  -73.31996     37.611     37.319     9.1795    32.6613      7.941     0.1357 -9.990e-29  1025.4302     9.1755    25.2597     7.4776    227.920    9.32661  284.28000     80.174 0.0000e+00
   40.16968  -73.31996     37.607     37.315     9.1791    32.6613      7.941     0.1357 -9.990e-29  1025.4305     9.1751    25.2598     7.4772    227.908    9.32661  284.28004     80.170 0.0000e+00
   40.16968  -73.31996     37.600     37.308     9.1791    32.6615      7.941     0.1491 -9.990e-29  1025.4306     9.1752    25.2599     7.4769    227.900    9.32665  284.28132     80.167 0.0000e+00
   40.16968  -73.31996     37.590     37.298     9.1793    32.6615      7.941     0.1894 -9.990e-29  1025.4307     9.1753    25.2600     7.4766    227.892    9.32675  284.28444     80.163 0.0000e+00
   40.16968  -73.31996     37.575     37.283     9.1796    32.6615      7.941     0.1894 -9.990e-29  1025.4304     9.1757    25.2598     7.4764    227.885    9.32680  284.28590     80.161 0.0000e+00
   40.16968  -73.31996     37.550     37.258     9.1794    32.6613      7.941     0.1759 -9.990e-29  1025.4301     9.1755    25.2597     7.4762    227.879    9.32686  284.28777     80.158 0.0000e+00
   40.16968  -73.31996     37.535     37.243     9.1796    32.6613      7.941     0.1894 -9.990e-29  1025.4301     9.1757    25.2596     7.4829    228.081    9.32683  284.28675     80.229 0.0000e+00
   40.16968  -73.31996     37.518     37.227     9.1796    32.6613      7.941     0.1759 -9.990e-29  1025.4298     9.1756    25.2596     7.4765    227.887    9.32683  284.28675     80.161 -9.990e-29
   40.16968  -73.31996     37.518     37.227     9.1795    32.6615      7.941     0.1894 -9.990e-29  1025.4299     9.1755    25.2599     7.4763    227.882    9.32685  284.28776     80.159 -9.990e-29
   40.16968  -73.31996     37.494     37.202     9.1797    32.6620      7.941     0.1894 -9.990e-29  1025.4306     9.1758    25.2602     7.4762    227.880    9.32696  284.29110     80.157 0.0000e+00
   40.16968  -73.31996     37.488     37.197     9.1807    32.6620      7.941     0.1894 -9.990e-29  1025.4307     9.1767    25.2604     7.4762    227.879    9.32707  284.29437     80.156 0.0000e+00
   40.16968  -73.31996     37.458     37.167     9.1816    32.6620      7.941     0.1894 -9.990e-29  1025.4303     9.1776    25.2601     7.4829    228.084    9.32701  284.29237     80.229 0.0000e+00
   40.16968  -73.31996     37.433     37.142     9.1819    32.6617      7.941     0.1894 -9.990e-29  1025.4296     9.1780    25.2597     7.4767    227.893    9.32700  284.29194     80.162 0.0000e+00
   40.16968  -73.31996     37.416     37.126     9.1817    32.6611      7.941     0.1759 -9.990e-29  1025.4289     9.1778    25.2592     7.4766    227.891    9.32700  284.29235     80.161 0.0000e+00
   40.16968  -73.31996     37.376     37.086     9.1816    32.6607      7.941     0.1894 -9.990e-29  1025.4284     9.1777    25.2589     7.4767    227.893    9.32707  284.29437     80.161 0.0000e+00
   40.16968  -73.31996     37.321     37.031     9.1812    32.6606      7.941     0.1894 -9.990e-29  1025.4283     9.1773    25.2589     7.4774    227.917    9.32714  284.29657     80.169 0.0000e+00
   40.16968  -73.31996     37.316     37.026     9.1810    32.6606      7.941     0.1894 -9.990e-29  1025.4284     9.1770    25.2589     7.4776    227.921    9.32723  284.29919     80.169 0.0000e+00
   40.16968  -73.31996     37.295     37.005     9.1811    32.6606      7.941     0.1759 -9.990e-29  1025.4280     9.1771    25.2589     7.4778    227.926    9.32732  284.30220     80.170 0.0000e+00
   40.16968  -73.31996     37.274     36.985     9.1808    32.6606      7.941     0.1759 -9.990e-29  1025.4283     9.1769    25.2590     7.4779    227.930    9.32730  284.30134     80.172 0.0000e+00
   40.16964  -73.31994     37.250     36.960     9.1807    32.6606      7.941     0.1759 -9.990e-29  1025.4281     9.1768    25.2590     7.4780    227.935    9.32733  284.30227     80.173 0.0000e+00
   40.16964  -73.31994     37.223     36.934     9.1807    32.6606      7.941     0.1759 -9.990e-29  1025.4278     9.1767    25.2590     7.4783    227.942    9.32738  284.30363     80.176 0.0000e+00
   40.16964  -73.31994     37.193     36.904     9.1808    32.6607      7.941     0.1894 -9.990e-29  1025.4279     9.1769    25.2591     7.4785    227.950    9.32744  284.30543     80.178 0.0000e+00
   40.16964  -73.31994     37.159     36.870     9.1806    32.6608      7.941     0.1894 -9.990e-29  1025.4279     9.1766    25.2591     7.4788    227.957    9.32746  284.30610     80.180 0.0000e+00
   40.16964  -73.31994     37.121     36.833     9.1808    32.6609      7.941     0.1894 -9.990e-29  1025.4275     9.1769    25.2592     7.4791    227.967    9.32749  284.30698     80.183 0.0000e+00
   40.16964  -73.31994     37.101     36.812     9.1807    32.6610      7.941     0.1894 5.0640e-11  1025.4278     9.1768    25.2593     7.4794    227.975    9.32746  284.30610     80.186 0.0000e+00
   40.16964  -73.31994     37.056     36.769     9.1811    32.6611      7.941     0.1894 5.0640e-11  1025.4274     9.1772    25.2593     7.4797    227.986    9.32749  284.30711     80.190 0.0000e+00
   40.16964  -73.31994     37.040     36.752     9.1814    32.6611      7.941     0.1625 5.0640e-11  1025.4273     9.1775    25.2593     7.4800    227.996    9.32745  284.30598     80.194 0.0000e+00
   40.16964  -73.31994     36.999     36.711     9.1813    32.6612      7.941     0.1357 5.0640e-11  1025.4273     9.1774    25.2594     7.4797    227.986    9.32750  284.30712     80.190 0.0000e+00
   40.16964  -73.31994     36.989     36.702     9.1819    32.6612      7.941     0.1222 5.0640e-11  1025.4274     9.1780    25.2595     7.4801    227.999    9.32753  284.30833     80.194 0.0000e+00
   40.16964  -73.31994     36.934     36.647     9.1821    32.6612      7.941     0.1222 5.0640e-11  1025.4271     9.1782    25.2593     7.4805    228.011    9.32752  284.30799     80.199 0.0000e+00
   40.16964  -73.31994     36.917     36.630     9.1827    32.6611      7.941     0.1222 5.0640e-11  1025.4264     9.1788    25.2590     7.4803    228.003    9.32754  284.30841     80.196 0.0000e+00
   40.16964  -73.31994     36.877     36.591     9.1824    32.6607      7.941     0.1357 5.0640e-11  1025.4263     9.1786    25.2587     7.4807    228.016    9.32753  284.30841     80.200 0.0000e+00
   40.16964  -73.31994     36.836     36.550     9.1824    32.6603      7.941     0.1222 5.0640e-11  1025.4254     9.1785    25.2584     7.4804    228.008    9.32752  284.30793     80.197 0.0000e+00
   40.16964  -73.31994     36.812     36.527     9.1823    32.6603      7.941     0.1222 5.0640e-11  1025.4253     9.1784    25.2584     7.4810    228.024    9.32758  284.30982     80.203 0.0000e+00
   40.16964  -73.31994     36.785     36.499     9.1820    32.6603      7.941     0.1222 5.0640e-11  1025.4256     9.1782    25.2585     7.4815    228.039    9.32757  284.30935     80.208 0.0000e+00
   40.16964  -73.31994     36.745     36.459     9.1821    32.6603      7.941     0.1222 5.0640e-11  1025.4253     9.1782    25.2585     7.4813    228.033    9.32758  284.30981     80.206 0.0000e+00
