CalculateIndicators/WaterTemperature/Data/CTD_NYOS/202200730_C24.cnv
* Sea-Bird SBE 9 Data File:
* FileName = C:\Seabird 9 CTD\Data\2022\202207_offshore\202200730_C24.hex
* Software Version Seasave V 7.23.2
* Temperature SN = 4590
* Conductivity SN = 3228
* Number of Bytes Per Scan = 44
* Number of Voltage Words = 5
* Number of Scans Averaged by the Deck Unit = 1
* NMEA Latitude = 40 25.92 N
* NMEA Longitude = 072 22.69 W
* NMEA UTC (Time) = Dec 14 2002  02:52:22
* NMEA baud rate = 4800
** Ship: seawolf
** Station: 3.2
** Operator: TDK
# nquan = 18
# nvalues = 15471                       
# units = specified
# name 0 = latitude: Latitude [deg]
# name 1 = longitude: Longitude [deg]
# name 2 = prDM: Pressure, Digiquartz [db]
# name 3 = depSM: Depth [salt water, m]
# name 4 = t090C: Temperature [ITS-90, deg C]
# name 5 = sal00: Salinity, Practical [PSU]
# name 6 = ph: pH
# name 7 = flECO-AFL: Fluorescence, WET Labs ECO-AFL/FL [mg/m^3]
# name 8 = cpar: CPAR/Corrected Irradiance [%]
# name 9 = density00: Density [density, kg/m^3]
# name 10 = potemp090C: Potential Temperature [ITS-90, deg C]
# name 11 = sigma-é00: Density [sigma-theta, kg/m^3]
# name 12 = sbeox0Mg/L: Oxygen, SBE 43 [mg/l]
# name 13 = sbox0Mm/Kg: Oxygen, SBE 43 [umol/kg]
# name 14 = oxsolMg/L: Oxygen Saturation, Garcia & Gordon [mg/l]
# name 15 = oxsolMm/Kg: Oxygen Saturation, Garcia & Gordon [umol/kg]
# name 16 = sbeox0PS: Oxygen, SBE 43 [% saturation]
# name 17 = flag:  0.000e+00
# span 0 =   40.43200,   40.43300       
# span 1 =  -72.37832,  -72.37594       
# span 2 =      1.839,     49.623       
# span 3 =      1.825,     49.235       
# span 4 =     8.3738,    24.0671       
# span 5 =    31.7960,    32.9770       
# span 6 =      7.905,      8.277       
# span 7 =    -0.0389,     4.0709       
# span 8 = 5.0640e-11, 9.9999e+04       
# span 9 =  1021.3327,  1025.8197       
# span 10 =     8.3700,    24.0664      
# span 11 =    21.2941,    25.5978      
# span 12 =     7.0128,    10.2742      
# span 13 =    213.683,    313.280      
# span 14 =    7.00076,    9.47984      
# span 15 =  214.20737,  288.85753      
# span 16 =     73.980,    126.318      
# span 17 = 0.0000e+00, 0.0000e+00      
# interval = seconds: 0.0416667
# start_time = Jul 30 2022 02:52:19 [System UTC, first data scan.]
# bad_flag = -9.990e-29
*END*
[from data line 15438]
   40.43300  -72.37594      2.164      2.148    24.0547    31.9732 -9.990e-29     0.9415 5.0640e-11  1021.3452    24.0543    21.3359 -9.990e-29 -9.990e-29 -9.990e-29 -9.990e-29 -9.990e-29 -9.990e-29
   40.43300  -72.37594      2.164      2.148    24.0547    31.9731 -9.990e-29     0.9415 5.0640e-11  1021.3450    24.0543    21.3358 -9.990e-29 -9.990e-29 -9.990e-29 -9.990e-29 -9.990e-29 -9.990e-29
   40.43300  -72.37594      2.195      2.178    24.0547    31.9731 -9.990e-29     0.9415 5.0640e-11  1021.3452    24.0542    21.3359 -9.990e-29 -9.990e-29 -9.990e-29 -9.990e-29 -9.990e-29 -9.990e-29
   40.43300  -72.37594      2.195      2.178    24.0545    31.9731 -9.990e-29     0.9415 5.0640e-11  1021.3453    24.0541    21.3359 -9.990e-29 -9.990e-29 -9.990e-29 -9.990e-29 -9.990e-29 -9.990e-29
   40.43300  -72.37594      2.215      2.198    24.0545    31.9732 -9.990e-29     0.9415 5.0640e-11  1021.3455    24.0541    21.3360 -9.990e-29 -9.990e-29 -9.990e-29 -9.990e-29 -9.990e-29 -9.990e-29
   40.43300  -72.37594      2.215      2.198    24.0543    31.9733 -9.990e-29     0.9415 5.0640e-11  1021.3457    24.0539    21.3361 -9.990e-29 -9.990e-29 -9.990e-29 -9.990e-29 -9.990e-29 -9.990e-29
   40.43300  -72.37594      2.236      2.219    24.0545    31.9733 -9.990e-29     0.9415 5.0640e-11  1021.3454    24.0540    21.3361 -9.990e-29 -9.990e-29 -9.990e-29 -9.990e-29 -9.990e-29 -9.990e-29
   40.43300  -72.37594      2.236      2.219    24.0543    31.9734 -9.990e-29     0.9415 5.0640e-11  1021.3457    24.0539    21.3361 -9.990e-29 -9.990e-29 -9.990e-29 -9.990e-29 -9.990e-29 -9.990e-29
   40.43300  -72.37594      2.255      2.238    24.0543    31.9735 -9.990e-29     0.9415 5.0640e-11  1021.3460    24.0539    21.3362 -9.990e-29 -9.990e-29 -9.990e-29 -9.990e-29 -9.990e-29 -9.990e-29
   40.43300  -72.37594      2.266      2.249    24.0545    31.9735 -9.990e-29     0.9415 5.0640e-11  1021.3460    24.0540    21.3362 -9.990e-29 -9.990e-29 -9.990e-29 -9.990e-29 -9.990e-29 -9.990e-29
   40.43300  -72.37594      2.266      2.249    24.0545    31.9735 -9.990e-29     0.9818 5.0640e-11  1021.3458    24.0540    21.3362 -9.990e-29 -9.990e-29 -9.990e-29 -9.990e-29 -9.990e-29 -9.990e-29
   40.43300  -72.37594      2.276      2.258    24.0547    31.9735 -9.990e-29     0.9952 5.0640e-11  1021.3460    24.0542    21.3361 -9.990e-29 -9.990e-29 -9.990e-29 -9.990e-29 -9.990e-29 -9.990e-29
   40.43300  -72.37594      2.287      2.269    24.0549    31.9734 -9.990e-29     0.9952 5.0640e-11  1021.3458    24.0544    21.3360 -9.990e-29 -9.990e-29 -9.990e-29 -9.990e-29 -9.990e-29 -9.990e-29
   40.43298  -72.37594      2.287      2.269    24.0552    31.9733 -9.990e-29     1.0087 5.0640e-11  1021.3455    24.0547    21.3359 -9.990e-29 -9.990e-29 -9.990e-29 -9.990e-29 -9.990e-29 -9.990e-29
   40.43298  -72.37594      2.296      2.279    24.0551    31.9733 -9.990e-29     0.9952 5.0640e-11  1021.3458    24.0546    21.3359 -9.990e-29 -9.990e-29 -9.990e-29 -9.990e-29 -9.990e-29 -9.990e-29
   40.43298  -72.37594      2.296      2.279    24.0551    31.9733 -9.990e-29     0.9952 5.0640e-11  1021.3457    24.0546    21.3359 -9.990e-29 -9.990e-29 -9.990e-29 -9.990e-29 -9.990e-29 -9.990e-29
   40.43298  -72.37594      2.306      2.288    24.0552    31.9733 -9.990e-29     0.9952 5.0640e-11  1021.3457    24.0547    21.3358 -9.990e-29 -9.990e-29 -9.990e-29 -9.990e-29 -9.990e-29 -9.990e-29
   40.43298  -72.37594      2.306      2.288    24.0549    31.9732 -9.990e-29     0.9952 5.0640e-11  1021.3457    24.0544    21.3358 -9.990e-29 -9.990e-29 -9.990e-29 -9.990e-29 -9.990e-29 -9.990e-29
   40.43298  -72.37594      2.306      2.288    24.0549    31.9732 -9.990e-29     0.9952 5.0640e-11  1021.3456    24.0544    21.3358 -9.990e-29 -9.990e-29 -9.990e-29 -9.990e-29 -9.990e-29 -9.990e-29
   40.43298  -72.37594      2.306      2.288    24.0547    31.9732 -9.990e-29     0.9952 5.0640e-11  1021.3458    24.0542    21.3359 -9.990e-29 -9.990e-29 -9.990e-29 -9.990e-29 -9.990e-29 -9.990e-29
   40.43298  -72.37594      2.307      2.290    24.0547    31.9732 -9.990e-29     0.9952 5.0640e-11  1021.3458    24.0542    21.3359 -9.990e-29 -9.990e-29 -9.990e-29 -9.990e-29 -9.990e-29 -9.990e-29
   40.43298  -72.37594      2.306      2.288    24.0545    31.9732 -9.990e-29     0.9952 5.0640e-11  1021.3459    24.0540    21.3359 -9.990e-29 -9.990e-29 -9.990e-29 -9.990e-29 -9.990e-29 -9.990e-29
   40.43298  -72.37594      2.306      2.288    24.0547    31.9733 -9.990e-29     0.9952 5.0640e-11  1021.3458    24.0542    21.3360 -9.990e-29 -9.990e-29 -9.990e-29 -9.990e-29 -9.990e-29 -9.990e-29
   40.43298  -72.37594      2.306      2.288    24.0549    31.9733 -9.990e-29     0.9952 5.0640e-11  1021.3459    24.0544    21.3360 -9.990e-29 -9.990e-29 -9.990e-29 -9.990e-29 -9.990e-29 -9.990e-29
   40.43298  -72.37594      2.296      2.279    24.0550    31.9733 -9.990e-29     0.9952 5.0640e-11  1021.3457    24.0546    21.3359 -9.990e-29 -9.990e-29 -9.990e-29 -9.990e-29 -9.990e-29 -9.990e-29
   40.43298  -72.37594      2.306      2.288    24.0553    31.9733 -9.990e-29     0.9952 5.0640e-11  1021.3457    24.0548    21.3359 -9.990e-29 -9.990e-29 -9.990e-29 -9.990e-29 -9.990e-29 -9.990e-29
   40.43298  -72.37594      2.296      2.279    24.0553    31.9733 -9.990e-29     0.9952 5.0640e-11  1021.3457    24.0548    21.3359 -9.990e-29 -9.990e-29 -9.990e-29 -9.990e-29 -9.990e-29 -9.990e-29
   40.43298  -72.37594      2.296      2.279    24.0552    31.9733 -9.990e-29     0.9952 5.0640e-11  1021.3458    24.0547    21.3358 -9.990e-29 -9.990e-29 -9.990e-29 -9.990e-29 -9.990e-29 -9.990e-29
   40.43298  -72.37594      2.296      2.279    24.0554    31.9731 -9.990e-29     0.9952 5.0640e-11  1021.3454    24.0549    21.3356 -9.990e-29 -9.990e-29 -9.990e-29 -9.990e-29 -9.990e-29 -9.990e-29
   40.43298  -72.37594      2.306      2.288    24.0553    31.9731 -9.990e-29     0.9952 5.0640e-11  1021.3455    24.0548    21.3356 -9.990e-29 -9.990e-29 -9.990e-29 -9.990e-29 -9.990e-29 -9.990e-29
   40.43298  -72.37594      2.287      2.269    24.0551    31.9731 -9.990e-29     0.9952 5.0640e-11  1021.3454    24.0546    21.3356 -9.990e-29 -9.990e-29 -9.990e-29 -9.990e-29 -9.990e-29 -9.990e-29
   40.43298  -72.37594      2.287      2.269    24.0550    31.9731 -9.990e-29     0.9952 5.0640e-11  1021.3454    24.0546    21.3357 -9.990e-29 -9.990e-29 -9.990e-29 -9.990e-29 -9.990e-29 -9.990e-29
   40.43298  -72.37594      2.276      2.258    24.0549    31.9731 -9.990e-29     0.9952 5.0640e-11  1021.3456    24.0544    21.3357 -9.990e-29 -9.990e-29 -9.990e-29 -9.990e-29 -9.990e-29 -9.990e-29
