CalculateIndicators/WaterTemperature/Data/CTD_NYOS/20220202_C06.cnv
* Sea-Bird SBE 9 Data File:
* FileName = C:\Seabird 9 CTD\Data\2022\202202_offshore\20220202_C06.hex
* Software Version Seasave V 7.23.2
* Temperature SN = 4590
* Conductivity SN = 3228
* Number of Bytes Per Scan = 44
* Number of Voltage Words = 5
* Number of Scans Averaged by the Deck Unit = 1
* NMEA Latitude = 39 19.07 N
* NMEA Longitude = 073 21.62 W
* NMEA UTC (Time) = Jun 19 2002  17:17:32
* NMEA baud rate = 4800
** Ship: rv seawolf
** Station: 7.4
** Operator: EIH
# nquan = 18
# nvalues = 18482                                 
# units = specified
# name 0 = latitude: Latitude [deg]
# name 1 = longitude: Longitude [deg]
# name 2 = prDM: Pressure, Digiquartz [db]
# name 3 = depSM: Depth [salt water, m]
# name 4 = t090C: Temperature [ITS-90, deg C]
# name 5 = sal00: Salinity, Practical [PSU]
# name 6 = ph: pH
# name 7 = flECO-AFL: Fluorescence, WET Labs ECO-AFL/FL [mg/m^3]
# name 8 = cpar: CPAR/Corrected Irradiance [%]
# name 9 = density00: Density [density, kg/m^3]
# name 10 = potemp090C: Potential Temperature [ITS-90, deg C]
# name 11 = sigma-é00: Density [sigma-theta, kg/m^3]
# name 12 = sbeox0Mg/L: Oxygen, SBE 43 [mg/l]
# name 13 = sbox0Mm/Kg: Oxygen, SBE 43 [umol/kg]
# name 14 = oxsolMg/L: Oxygen Saturation, Garcia & Gordon [mg/l]
# name 15 = oxsolMm/Kg: Oxygen Saturation, Garcia & Gordon [umol/kg]
# name 16 = sbeox0PS: Oxygen, SBE 43 [% saturation]
# name 17 = flag:  0.000e+00
# span 0 =   39.31706,   39.31794                 
# span 1 =  -73.36200,  -73.36032                 
# span 2 =      1.534,     48.501                 
# span 3 =      1.522,     48.127                 
# span 4 =     8.3398,     8.9375                 
# span 5 =    33.5817,    33.8671                 
# span 6 =      8.285,      8.298                 
# span 7 =     0.0685,     0.4311                 
# span 8 = 3.1932e-02, 6.8137e+01                 
# span 9 =  1026.0289,  1026.5414                 
# span 10 =     8.3350,     8.9373                
# span 11 =    26.0178,    26.3213                
# span 12 =     7.8893,     8.5039                
# span 13 =    240.254,    258.970                
# span 14 =    9.30935,    9.43068                
# span 15 =  283.49925,  287.15721                
# span 16 =     84.743,     91.340                
# span 17 = 0.0000e+00, 0.0000e+00                
# interval = seconds: 0.0416667
# start_time = Feb 02 2022 17:17:32 [System UTC, first data scan.]
# bad_flag = -9.990e-29
*END*
[from data line 3297]
   39.31780  -73.36056     37.964     37.672     8.3520    33.8502      8.298     0.2297 2.5726e-01  1026.4914     8.3481    26.3187     8.1621    248.528    9.42782  287.06820     86.575  0.000e+00
   39.31780  -73.36056     37.973     37.681     8.3513    33.8501      8.298     0.2297 2.5652e-01  1026.4915     8.3475    26.3188     8.1590    248.434    9.42796  287.07247     86.540  0.000e+00
   39.31780  -73.36056     37.973     37.681     8.3510    33.8503      8.298     0.2297 2.5578e-01  1026.4917     8.3472    26.3190     8.1545    248.297    9.42802  287.07418     86.492  0.000e+00
   39.31780  -73.36056     38.001     37.709     8.3500    33.8504      8.298     0.2297 2.5547e-01  1026.4921     8.3462    26.3192     8.1565    248.357    9.42822  287.08017     86.511  0.000e+00
   39.31780  -73.36056     38.005     37.713     8.3497    33.8502      8.298     0.2297 2.5474e-01  1026.4920     8.3458    26.3192     8.1525    248.236    9.42830  287.08259     86.468  0.000e+00
   39.31780  -73.36056     38.024     37.732     8.3494    33.8512      8.298     0.2297 2.5401e-01  1026.4929     8.3455    26.3200     8.1497    248.151    9.42830  287.08263     86.439  0.000e+00
   39.31780  -73.36056     38.035     37.743     8.3503    33.8510      8.298     0.2297 2.5401e-01  1026.4927     8.3465    26.3197     8.1537    248.271    9.42811  287.07681     86.483  0.000e+00
   39.31780  -73.36056     38.056     37.763     8.3502    33.8504      8.298     0.2297 2.5328e-01  1026.4923     8.3463    26.3192     8.1535    248.266    9.42819  287.07933     86.480  0.000e+00
   39.31780  -73.36056     38.073     37.780     8.3494    33.8508      8.298     0.2297 2.5328e-01  1026.4928     8.3455    26.3196     8.1527    248.242    9.42833  287.08352     86.470  0.000e+00
   39.31780  -73.36056     38.086     37.793     8.3490    33.8519      8.298     0.2297 2.5328e-01  1026.4938     8.3452    26.3205     8.1531    248.255    9.42833  287.08341     86.475  0.000e+00
   39.31780  -73.36058     38.107     37.814     8.3495    33.8516      8.298     0.2297 2.5183e-01  1026.4936     8.3457    26.3203     8.1472    248.074    9.42824  287.08062     86.413  0.000e+00
   39.31780  -73.36058     38.126     37.833     8.3497    33.8520      8.298     0.2297 2.5039e-01  1026.4939     8.3458    26.3205     8.1407    247.877    9.42819  287.07904     86.345  0.000e+00
   39.31780  -73.36058     38.143     37.849     8.3502    33.8517      8.298     0.2297 2.5008e-01  1026.4937     8.3463    26.3202     8.1330    247.643    9.42810  287.07639     86.264  0.000e+00
   39.31780  -73.36058     38.168     37.874     8.3505    33.8530      8.298     0.2297 2.4865e-01  1026.4948     8.3467    26.3212     8.1311    247.585    9.42795  287.07147     86.245  0.000e+00
   39.31780  -73.36058     38.177     37.884     8.3522    33.8523      8.298     0.2297 2.4794e-01  1026.4940     8.3483    26.3204     8.1285    247.505    9.42765  287.06266     86.220  0.000e+00
   39.31780  -73.36058     38.198     37.904     8.3531    33.8506      8.298     0.2297 2.4794e-01  1026.4927     8.3493    26.3189     8.1261    247.433    9.42755  287.05981     86.196  0.000e+00
   39.31780  -73.36058     38.228     37.934     8.3523    33.8509      8.293     0.2431 2.4683e-01  1026.4932     8.3484    26.3193     8.1311    247.585    9.42770  287.06449     86.247  0.000e+00
   39.31780  -73.36058     38.235     37.941     8.3523    33.8506      8.298     0.2297 2.4511e-01  1026.4930     8.3484    26.3190     8.1436    247.965    9.42772  287.06520     86.379  0.000e+00
   39.31780  -73.36058     38.259     37.964     8.3523    33.8505      8.298     0.2297 2.4481e-01  1026.4930     8.3484    26.3190     8.1517    248.213    9.42773  287.06537     86.466  0.000e+00
   39.31780  -73.36058     38.300     38.005     8.3523    33.8505      8.298     0.2431 2.4411e-01  1026.4932     8.3484    26.3190     8.1606    248.482    9.42773  287.06541     86.559  0.000e+00
   39.31780  -73.36058     38.321     38.026     8.3516    33.8513      8.298     0.2565 2.4132e-01  1026.4940     8.3478    26.3197     8.1498    248.154    9.42782  287.06786     86.445  0.000e+00
   39.31780  -73.36058     38.347     38.052     8.3523    33.8510      8.298     0.2565 2.4132e-01  1026.4938     8.3484    26.3194     8.1503    248.169    9.42770  287.06433     86.451  0.000e+00
   39.31780  -73.36058     38.381     38.086     8.3523    33.8506      8.298     0.2565 2.4063e-01  1026.4936     8.3484    26.3190     8.1440    247.977    9.42772  287.06521     86.383  0.000e+00
   39.31780  -73.36058     38.423     38.127     8.3522    33.8508      8.293     0.2700 2.3857e-01  1026.4940     8.3483    26.3192     8.1377    247.786    9.42774  287.06572     86.317  0.000e+00
   39.31780  -73.36058     38.449     38.153     8.3523    33.8515      8.298     0.2700 2.3788e-01  1026.4947     8.3484    26.3198     8.1371    247.768    9.42767  287.06330     86.311  0.000e+00
   39.31780  -73.36058     38.493     38.197     8.3529    33.8516      8.298     0.2565 2.3788e-01  1026.4948     8.3491    26.3197     8.1302    247.558    9.42752  287.05894     86.239  0.000e+00
   39.31780  -73.36058     38.514     38.218     8.3536    33.8506      8.297     0.2565 2.3517e-01  1026.4941     8.3497    26.3189     8.1292    247.526    9.42745  287.05681     86.229  0.000e+00
   39.31780  -73.36058     38.555     38.259     8.3528    33.8510      8.298     0.2565 2.3449e-01  1026.4946     8.3489    26.3193     8.1348    247.698    9.42759  287.06116     86.287  0.000e+00
   39.31780  -73.36058     38.602     38.305     8.3531    33.8510      8.293     0.2565 2.3382e-01  1026.4949     8.3492    26.3193     8.1353    247.711    9.42752  287.05893     86.293  0.000e+00
   39.31780  -73.36058     38.637     38.339     8.3539    33.8512      8.297     0.2565 2.3181e-01  1026.4950     8.3500    26.3193     8.1300    247.552    9.42734  287.05353     86.239  0.000e+00
   39.31780  -73.36058     38.677     38.379     8.3544    33.8522      8.297     0.2565 2.2982e-01  1026.4959     8.3505    26.3200     8.1250    247.399    9.42717  287.04823     86.187  0.000e+00
   39.31780  -73.36058     38.718     38.420     8.3561    33.8518      8.297     0.2565 2.3010e-01  1026.4955     8.3521    26.3194     8.1194    247.228    9.42685  287.03860     86.131  0.000e+00
   39.31780  -73.36058     38.765     38.467     8.3566    33.8516      8.297     0.2565 2.2775e-01  1026.4955     8.3527    26.3192     8.1320    247.611    9.42676  287.03585     86.265  0.000e+00
   39.31780  -73.36058     38.799     38.501     8.3572    33.8512      8.297     0.2565 2.2607e-01  1026.4952     8.3533    26.3188     8.1383    247.803    9.42666  287.03281     86.333  0.000e+00
   39.31780  -73.36062     38.860     38.561     8.3577    33.8515      8.297     0.2565 2.2607e-01  1026.4957     8.3538    26.3190     8.1383    247.804    9.42653  287.02880     86.334  0.000e+00
   39.31780  -73.36062     38.886     38.587     8.3583    33.8514      8.297     0.2565 2.2321e-01  1026.4956     8.3544    26.3187     8.1314    247.594    9.42640  287.02498     86.262  0.000e+00
   39.31780  -73.36062     38.941     38.642     8.3591    33.8515      8.297     0.2565 2.2039e-01  1026.4958     8.3552    26.3187     8.1233    247.345    9.42623  287.01974     86.177  0.000e+00
   39.31780  -73.36062     38.992     38.692     8.3592    33.8498      8.297     0.2565 2.2003e-01  1026.4948     8.3552    26.3174     8.1154    247.107    9.42632  287.02283     86.093  0.000e+00
   39.31780  -73.36062     39.050     38.750     8.3572    33.8486      8.297     0.2565 2.1903e-01  1026.4944     8.3532    26.3168     8.1081    246.884    9.42681  287.03813     86.011  0.000e+00
   39.31780  -73.36062     39.085     38.784     8.3548    33.8491      8.297     0.2565 2.1617e-01  1026.4953     8.3508    26.3175     8.1003    246.646    9.42729  287.05256     85.924  0.000e+00
   39.31780  -73.36062     39.145     38.844     8.3529    33.8497      8.298     0.2565 2.1528e-01  1026.4963     8.3490    26.3182     8.0926    246.411    9.42764  287.06296     85.839  0.000e+00
   39.31780  -73.36062     39.192     38.891     8.3523    33.8501      8.298     0.2565 2.1405e-01  1026.4969     8.3483    26.3187     8.0969    246.543    9.42776  287.06628     85.883  0.000e+00
   39.31780  -73.36062     39.238     38.936     8.3516    33.8505      8.298     0.2565 2.1073e-01  1026.4976     8.3477    26.3191     8.0957    246.507    9.42787  287.06960     85.870  0.000e+00
   39.31780  -73.36062     39.310     39.007     8.3513    33.8499      8.293     0.2565 2.1012e-01  1026.4975     8.3473    26.3186     8.0948    246.478    9.42797  287.07292     85.859  0.000e+00
   39.31780  -73.36062     39.334     39.032     8.3502    33.8500      8.298     0.2431 2.0926e-01  1026.4978     8.3462    26.3189     8.0941    246.458    9.42821  287.08016     85.850  0.000e+00
   39.31780  -73.36062     39.391     39.088     8.3489    33.8494      8.298     0.2297 2.0543e-01  1026.4978     8.3449    26.3186     8.1007    246.659    9.42851  287.08938     85.917  0.000e+00
   39.31780  -73.36062     39.447     39.144     8.3475    33.8499      8.298     0.2297 2.0341e-01  1026.4987     8.3436    26.3193     8.1075    246.865    9.42877  287.09689     85.987  0.000e+00
   39.31780  -73.36062     39.493     39.189     8.3474    33.8497      8.298     0.2297 2.0341e-01  1026.4988     8.3434    26.3191     8.1142    247.068    9.42881  287.09825     86.057  0.000e+00
   39.31780  -73.36062     39.554     39.249     8.3466    33.8499      8.298     0.2297 1.9992e-01  1026.4993     8.3426    26.3194     8.1084    246.892    9.42898  287.10325     85.994  0.000e+00
   39.31780  -73.36062     39.590     39.285     8.3451    33.8501      8.298     0.2297 1.9877e-01  1026.4998     8.3411    26.3198     8.1079    246.876    9.42927  287.11200     85.986  0.000e+00
   39.31780  -73.36062     39.645     39.340     8.3445    33.8504      8.298     0.2297 1.9844e-01  1026.5004     8.3405    26.3201     8.1199    247.244    9.42939  287.11561     86.113  0.000e+00
   39.31780  -73.36062     39.692     39.386     8.3446    33.8499      8.298     0.2297 1.9560e-01  1026.5003     8.3406    26.3197     8.1268    247.454    9.42939  287.11561     86.186  0.000e+00
   39.31780  -73.36062     39.727     39.422     8.3440    33.8506      8.298     0.2297 1.9391e-01  1026.5011     8.3400    26.3204     8.1288    247.513    9.42947  287.11801     86.206  0.000e+00
   39.31780  -73.36062     39.778     39.472     8.3438    33.8502      8.298     0.2297 1.9368e-01  1026.5010     8.3398    26.3200     8.1307    247.572    9.42955  287.12049     86.226  0.000e+00
   39.31780  -73.36062     39.824     39.518     8.3430    33.8507      8.298     0.2297 1.9224e-01  1026.5017     8.3390    26.3205     8.1327    247.634    9.42968  287.12422     86.246  0.000e+00
   39.31780  -73.36062     39.860     39.553     8.3429    33.8509      8.298     0.2297 1.9058e-01  1026.5021     8.3389    26.3207     8.1353    247.712    9.42968  287.12424     86.274  0.000e+00
   39.31780  -73.36062     39.905     39.598     8.3434    33.8511      8.298     0.2297 1.9058e-01  1026.5024     8.3393    26.3208     8.1379    247.790    9.42958  287.12118     86.301  0.000e+00
   39.31780  -73.36062     39.941     39.634     8.3438    33.8517      8.298     0.2297 1.8894e-01  1026.5029     8.3397    26.3212     8.1468    248.060    9.42946  287.11740     86.397  0.000e+00
   39.31780  -73.36062     39.966     39.658     8.3445    33.8514      8.298     0.2297 1.8731e-01  1026.5027     8.3404    26.3209     8.1499    248.158    9.42932  287.11338     86.432  0.000e+00
   39.31780  -73.36062     40.023     39.715     8.3448    33.8510      8.298     0.2297 1.8731e-01  1026.5026     8.3407    26.3205     8.1526    248.240    9.42929  287.11250     86.461  0.000e+00
   39.31780  -73.36062     40.038     39.730     8.3451    33.8506      8.298     0.2297 1.8592e-01  1026.5023     8.3411    26.3201     8.1483    248.107    9.42924  287.11102     86.415  0.000e+00
   39.31780  -73.36062     40.083     39.775     8.3446    33.8505      8.298     0.2297 1.8531e-01  1026.5025     8.3406    26.3202     8.1555    248.327    9.42935  287.11444     86.491  0.000e+00
   39.31780  -73.36062     40.104     39.795     8.3443    33.8501      8.298     0.2297 1.8500e-01  1026.5023     8.3403    26.3199     8.1506    248.177    9.42944  287.11709     86.438  0.000e+00
   39.31780  -73.36062     40.140     39.831     8.3438    33.8509      8.293     0.2297 1.8447e-01  1026.5032     8.3397    26.3206     8.1513    248.200    9.42950  287.11887     86.445  0.000e+00
   39.31780  -73.36062     40.165     39.856     8.3440    33.8506      8.298     0.2297 1.8416e-01  1026.5031     8.3400    26.3204     8.1520    248.219    9.42947  287.11801     86.452  0.000e+00
   39.31780  -73.36062     40.191     39.882     8.3438    33.8505      8.298     0.2297 1.8386e-01  1026.5031     8.3398    26.3202     8.1596    248.452    9.42952  287.11956     86.533  0.000e+00
   39.31780  -73.36062     40.206     39.897     8.3435    33.8510      8.298     0.2297 1.8333e-01  1026.5036     8.3394    26.3207     8.1692    248.743    9.42957  287.12092     86.634  0.000e+00
   39.31780  -73.36062     40.221     39.912     8.3438    33.8512      8.298     0.2297 1.8249e-01  1026.5038     8.3398    26.3208     8.1799    249.069    9.42948  287.11804     86.748  0.000e+00
   39.31780  -73.36062     40.247     39.938     8.3448    33.8515      8.298     0.2431 1.8197e-01  1026.5040     8.3407    26.3209     8.1854    249.238    9.42926  287.11145     86.809  0.000e+00
   39.31780  -73.36062     40.261     39.951     8.3455    33.8509      8.298     0.2565 1.8189e-01  1026.5035     8.3414    26.3203     8.2024    249.756    9.42915  287.10826     86.990  0.000e+00
   39.31780  -73.36062     40.278     39.968     8.3459    33.8509      8.298     0.2700 1.8204e-01  1026.5034     8.3418    26.3202     8.2080    249.925    9.42905  287.10540     87.050  0.000e+00
   39.31780  -73.36062     40.303     39.992     8.3458    33.8502      8.298     0.2565 1.8174e-01  1026.5030     8.3417    26.3197     8.2193    250.269    9.42913  287.10772     87.169  0.000e+00
   39.31780  -73.36062     40.297     39.987     8.3449    33.8496      8.298     0.2565 1.8174e-01  1026.5027     8.3409    26.3194     8.2242    250.419    9.42934  287.11421     87.219  0.000e+00
   39.31780  -73.36062     40.312     40.002     8.3447    33.8487      8.298     0.2565 1.8152e-01  1026.5021     8.3406    26.3188     8.2289    250.563    9.42945  287.11784     87.268  0.000e+00
   39.31780  -73.36062     40.329     40.018     8.3442    33.8491      8.298     0.2565 1.8129e-01  1026.5026     8.3402    26.3191     8.2328    250.680    9.42951  287.11969     87.308  0.000e+00
   39.31780  -73.36062     40.323     40.013     8.3435    33.8497      8.293     0.2565 1.8129e-01  1026.5031     8.3394    26.3197     8.2365    250.792    9.42964  287.12323     87.347  0.000e+00
   39.31780  -73.36062     40.338     40.028     8.3428    33.8505      8.298     0.2565 1.8099e-01  1026.5039     8.3387    26.3204     8.2406    250.919    9.42973  287.12602     87.390  0.000e+00
   39.31780  -73.36062     40.333     40.022     8.3432    33.8508      8.298     0.2565 1.8047e-01  1026.5040     8.3391    26.3206     8.2508    251.227    9.42964  287.12311     87.498  0.000e+00
   39.31780  -73.36062     40.329     40.018     8.3441    33.8505      8.298     0.2565 1.8002e-01  1026.5037     8.3400    26.3203     8.2543    251.334    9.42946  287.11762     87.537  0.000e+00
