CalculateIndicators/WaterTemperature/Data/CTD_NYOS/202200728_C14.cnv
* Sea-Bird SBE 9 Data File:
* FileName = C:\Seabird 9 CTD\Data\2022\202207_offshore\202200728_C14.hex
* Software Version Seasave V 7.23.2
* Temperature SN = 4590
* Conductivity SN = 3228
* Number of Bytes Per Scan = 44
* Number of Voltage Words = 5
* Number of Scans Averaged by the Deck Unit = 1
* NMEA Latitude = 40 34.99 N
* NMEA Longitude = 073 07.59 W
* NMEA UTC (Time) = Dec 12 2002  16:08:56
* NMEA baud rate = 4800
** Ship: seawolf
** Station: 5.1
** Operator: TCM
# nquan = 18
# nvalues = 7827                        
# units = specified
# name 0 = latitude: Latitude [deg]
# name 1 = longitude: Longitude [deg]
# name 2 = prDM: Pressure, Digiquartz [db]
# name 3 = depSM: Depth [salt water, m]
# name 4 = t090C: Temperature [ITS-90, deg C]
# name 5 = sal00: Salinity, Practical [PSU]
# name 6 = ph: pH
# name 7 = flECO-AFL: Fluorescence, WET Labs ECO-AFL/FL [mg/m^3]
# name 8 = cpar: CPAR/Corrected Irradiance [%]
# name 9 = density00: Density [density, kg/m^3]
# name 10 = potemp090C: Potential Temperature [ITS-90, deg C]
# name 11 = sigma-é00: Density [sigma-theta, kg/m^3]
# name 12 = sbeox0Mg/L: Oxygen, SBE 43 [mg/l]
# name 13 = sbox0Mm/Kg: Oxygen, SBE 43 [umol/kg]
# name 14 = oxsolMg/L: Oxygen Saturation, Garcia & Gordon [mg/l]
# name 15 = oxsolMm/Kg: Oxygen Saturation, Garcia & Gordon [umol/kg]
# name 16 = sbeox0PS: Oxygen, SBE 43 [% saturation]
# name 17 = flag:  0.000e+00
# span 0 =   40.58316,   40.58368       
# span 1 =  -73.12660,  -73.12630       
# span 2 =      1.705,     18.687       
# span 3 =      1.692,     18.542       
# span 4 =    13.9428,    22.2599       
# span 5 =    31.4806,    32.3482       
# span 6 =      7.984,      8.173       
# span 7 =     0.4446,     2.1369       
# span 8 = 1.0287e+00, 7.1635e+01       
# span 9 =  1021.4918,  1024.2285       
# span 10 =    13.9402,    22.2595      
# span 11 =    21.5082,    24.1436      
# span 12 =     7.3784,     8.6966      
# span 13 =    225.234,    265.655      
# span 14 =    7.24333,    8.44825      
# span 15 =  221.58205,  257.78958      
# span 16 =     87.985,    114.084      
# span 17 = 0.0000e+00, 0.0000e+00      
# interval = seconds: 0.0416667
# start_time = Jul 28 2022 16:08:55 [System UTC, first data scan.]
# bad_flag = -9.990e-29
*END*
[from data line 4583]
   40.58346  -73.12642      2.040      2.024    21.5517    31.6292      8.156     0.7266 3.7336e+01  1021.7649    21.5513    21.7677     8.2505    252.327    7.33648  224.37307    112.459 -9.990e-29
   40.58346  -73.12642      2.051      2.035    21.5144    31.6353      8.156     0.7266 3.7864e+01  1021.8099    21.5140    21.7910     8.2464    252.205    7.33380  224.29330    112.444 -9.990e-29
   40.58346  -73.12642      2.071      2.055    21.5302    31.6540      8.156     0.7266 3.8726e+01  1021.8245    21.5298    21.8051     8.2435    252.116    7.33217  224.24400    112.429 -9.990e-29
   40.58346  -73.12642      2.081      2.065    21.5490    31.6540      8.156     0.6863 3.8944e+01  1021.8122    21.5486    21.8056     8.2379    251.947    7.32866  224.13987    112.406 -9.990e-29
   40.58346  -73.12642      2.091      2.075    21.5530    31.6540      8.156     0.6595 3.8078e+01  1021.8145    21.5526    21.8013     8.2327    251.794    7.32573  224.05505    112.380 -9.990e-29
   40.58346  -73.12642      2.111      2.095    21.5706    31.6535      8.156     0.6460 3.6199e+01  1021.8007    21.5702    21.7963     8.2264    251.602    7.32605  224.06625    112.289 -9.990e-29
   40.58346  -73.12642      2.132      2.115    21.5691    31.6535      8.156     0.6460 3.5593e+01  1021.8034    21.5687    21.7938     8.2276    251.639    7.32858  224.14253    112.267 -9.990e-29
   40.58346  -73.12642      2.142      2.125    21.5805    31.6535      8.156     0.6595 3.5549e+01  1021.8022    21.5801    21.7935     8.2235    251.510    7.33122  224.22046    112.171 -9.990e-29
   40.58346  -73.12642      2.162      2.145    21.5749    31.6588      8.156     0.6595 3.5850e+01  1021.7986    21.5745    21.7974     8.2220    251.460    7.33209  224.24355    112.137 -9.990e-29
   40.58346  -73.12642      2.172      2.155    21.5668    31.6781      8.156     0.6595 3.5951e+01  1021.8182    21.5663    21.8103     8.2120    251.149    7.32999  224.17568    112.032 -9.990e-29
   40.58346  -73.12642      2.173      2.156    21.5968    31.7010      8.156     0.6595 3.6052e+01  1021.8439    21.5963    21.8229     8.2071    250.997    7.32819  224.11757    111.993 -9.990e-29
   40.58346  -73.12642      2.183      2.166    21.6581    31.7010      8.156     0.6460 3.6769e+01  1021.8438    21.6577    21.8165     8.1968    250.683    7.32628  224.06034    111.882 -9.990e-29
   40.58346  -73.12642      2.202      2.185    21.7529    31.7010      8.155     0.6595 3.7185e+01  1021.8013    21.7525    21.7826     8.1851    250.332    7.32371  223.98643    111.762 -9.990e-29
   40.58346  -73.12642      2.213      2.196    21.8366    31.6614      8.150     0.6595 3.7185e+01  1021.7377    21.8362    21.7340     8.1837    250.286    7.32535  224.03474    111.718 -9.990e-29
   40.58346  -73.12642      2.213      2.196    21.8699    31.6195      8.155     0.6595 3.6665e+01  1021.6900    21.8695    21.6920     8.1763    250.061    7.32615  224.05897    111.605 -9.990e-29
   40.58346  -73.12642      2.234      2.216    21.8708    31.5944      8.150     0.6595 3.6358e+01  1021.6674    21.8704    21.6696     8.1642    249.697    7.32326  223.97670    111.483 -9.990e-29
   40.58346  -73.12642      2.232      2.215    21.8466    31.5944      8.150     0.6595 3.6312e+01  1021.6682    21.8461    21.6692     8.1577    249.505    7.32119  223.91956    111.426 -9.990e-29
   40.58346  -73.12642      2.243      2.226    21.7960    31.5944      8.151     0.6595 3.5906e+01  1021.6947    21.7955    21.6846     8.1546    249.404    7.32147  223.92407    111.379 -9.990e-29
   40.58346  -73.12642      2.253      2.235    21.7788    31.6084      8.151     0.6595 3.5605e+01  1021.7235    21.7783    21.6965     8.1441    249.070    7.31970  223.85840    111.262 -9.990e-29
   40.58346  -73.12642      2.264      2.246    21.8374    31.6108      8.150     0.6595 3.5605e+01  1021.7007    21.8369    21.6921     8.1337    248.750    7.31388  223.67736    111.209 -9.990e-29
   40.58346  -73.12642      2.262      2.245    21.8713    31.6108      8.150     0.6595 3.7243e+01  1021.6867    21.8709    21.6836     8.1171    248.254    7.30320  223.36104    111.145 -9.990e-29
   40.58346  -73.12642      2.273      2.256    21.8728    31.6108      8.150     0.6595 3.9067e+01  1021.6937    21.8723    21.6804     8.1007    247.762    7.29263  223.04810    111.080 -9.990e-29
   40.58346  -73.12642      2.273      2.256    21.8849    31.6108      8.150     0.6595 3.9398e+01  1021.6873    21.8844    21.6763     8.0837    247.253    7.28549  222.83837    110.956 -9.990e-29
   40.58346  -73.12642      2.283      2.265    21.8997    31.6114      8.150     0.6595 4.1095e+01  1021.6769    21.8992    21.6715     8.0761    247.025    7.28185  222.73197    110.907 -9.990e-29
   40.58346  -73.12642      2.294      2.276    21.9027    31.6114      8.150     0.6595 4.3663e+01  1021.6771    21.9023    21.6732     8.0689    246.807    7.27825  222.62385    110.863 -9.990e-29
   40.58346  -73.12642      2.294      2.276    21.8944    31.6140      8.150     0.6595 4.4281e+01  1021.6953    21.8939    21.6803     8.0612    246.572    7.27418  222.50064    110.819 -9.990e-29
   40.58346  -73.12642      2.304      2.286    21.9041    31.6140      8.150     0.6595 4.4157e+01  1021.7001    21.9037    21.6806     8.0527    246.316    7.26948  222.36017    110.773 -9.990e-29
   40.58346  -73.12642      2.304      2.286    21.9320    31.6140      8.150     0.6595 4.3786e+01  1021.6825    21.9316    21.6662     8.0447    246.077    7.26497  222.22712    110.732 -9.990e-29
   40.58346  -73.12642      2.294      2.276    21.9612    31.5895      8.150     0.6595 4.3663e+01  1021.6489    21.9608    21.6431     8.0385    245.894    7.26195  222.13956    110.693 -9.990e-29
   40.58346  -73.12642      2.315      2.297    21.9633    31.5663      8.150     0.6729 4.2096e+01  1021.6238    21.9629    21.6276     8.0351    245.791    7.26086  222.10832    110.663 -9.990e-29
   40.58346  -73.12642      2.313      2.295    21.9117    31.5663      8.150     0.6729 3.6885e+01  1021.6322    21.9113    21.6318     8.0371    245.855    7.25995  222.08118    110.705 -9.990e-29
   40.58346  -73.12642      2.304      2.286    21.8331    31.5663      8.150     0.6729 3.5064e+01  1021.6599    21.8327    21.6535     8.0348    245.785    7.25920  222.05986    110.684 -9.990e-29
   40.58346  -73.12642      2.313      2.295    21.7580    31.5769      8.151     0.6729 3.5119e+01  1021.6925    21.7576    21.6839     8.0336    245.750    7.25941  222.06750    110.665 -9.990e-29
   40.58346  -73.12642      2.304      2.286    21.6940    31.5964      8.151     0.6729 3.6121e+01  1021.7310    21.6936    21.7141     8.0336    245.748    7.25999  222.08480    110.655 -9.990e-29
   40.58346  -73.12642      2.304      2.286    21.6652    31.6119      8.151     0.6729 3.6632e+01  1021.7505    21.6647    21.7357     8.0324    245.713    7.25986  222.08011    110.641 -9.990e-29
   40.58346  -73.12642      2.304      2.286    21.6500    31.6208      8.151     0.6729 3.6839e+01  1021.7594    21.6495    21.7489     8.0310    245.670    7.25923  222.06085    110.632 -9.990e-29
   40.58346  -73.12642      2.294      2.276    21.6295    31.6250      8.151     0.6729 3.9857e+01  1021.7696    21.6290    21.7587     8.0341    245.765    7.25817  222.02893    110.690 -9.990e-29
   40.58346  -73.12642      2.294      2.276    21.5982    31.6274      8.151     0.6729 4.1574e+01  1021.7742    21.5977    21.7698     8.0375    245.869    7.25706  221.99569    110.754 -9.990e-29
   40.58346  -73.12642      2.294      2.276    21.5433    31.6340      8.152     0.6729 4.1808e+01  1021.7947    21.5429    21.7868     8.0314    245.685    7.25581  221.95901    110.689 -9.990e-29
   40.58346  -73.12642      2.283      2.265    21.4971    31.6466      8.152     0.6729 3.9252e+01  1021.8184    21.4967    21.8082     8.0363    245.835    7.25565  221.95466    110.759 -9.990e-29
   40.58346  -73.12642      2.273      2.256    21.4592    31.6631      8.152     0.6729 3.7631e+01  1021.8408    21.4588    21.8297     8.0371    245.859    7.25589  221.96157    110.766 -9.990e-29
   40.58346  -73.12642      2.273      2.256    21.4356    31.6631      8.152     0.6729 3.7314e+01  1021.8668    21.4352    21.8429     8.0482    246.197    7.25617  221.96990    110.915 -9.990e-29
   40.58346  -73.12642      2.262      2.245    21.4706    31.6631      8.152     0.6729 3.7314e+01  1021.8582    21.4702    21.8361     8.0505    246.268    7.25661  221.98324    110.940 -9.990e-29
   40.58346  -73.12642      2.264      2.246    21.5382    31.6607      8.152     0.6729 3.7210e+01  1021.8176    21.5378    21.8129     8.0580    246.498    7.25750  222.00993    111.030 -9.990e-29
   40.58346  -73.12642      2.253      2.235    21.5660    31.6451      8.151     0.6729 3.7164e+01  1021.7925    21.5656    21.7944     8.0605    246.575    7.25809  222.02734    111.056 -9.990e-29
   40.58346  -73.12642      2.253      2.235    21.5518    31.6451      8.152     0.6729 3.7584e+01  1021.7976    21.5514    21.7913     8.0679    246.801    7.25833  222.03456    111.154 -9.990e-29
   40.58346  -73.12642      2.243      2.226    21.5345    31.6451      8.152     0.6729 3.8439e+01  1021.8063    21.5340    21.7976     8.0760    247.047    7.25882  222.04958    111.257 -9.990e-29
   40.58346  -73.12642      2.243      2.226    21.5207    31.6522      8.152     0.6729 3.8656e+01  1021.8166    21.5203    21.8058     8.0854    247.336    7.26001  222.08587    111.369 -9.990e-29
   40.58346  -73.12642      2.232      2.215    21.5203    31.6563      8.152     0.6729 3.7059e+01  1021.8263    21.5199    21.8100     8.0925    247.549    7.26326  222.18132    111.417 -9.990e-29
   40.58346  -73.12642      2.232      2.215    21.5422    31.6563      8.152     0.6595 3.4061e+01  1021.8165    21.5418    21.8074     8.1006    247.798    7.26333  222.18445    111.528 -9.990e-29
   40.58346  -73.12642      2.243      2.226    21.5543    31.6563      8.152     0.6729 3.3169e+01  1021.8138    21.5539    21.8000     8.1015    247.830    7.26139  222.12957    111.570 -9.990e-29
   40.58346  -73.12642      2.223      2.205    21.5835    31.6483      8.151     0.6729 3.2891e+01  1021.7996    21.5831    21.7878     8.1019    247.849    7.25907  222.06380    111.611 -9.990e-29
   40.58346  -73.12642      2.234      2.216    21.6116    31.6369      8.151     0.6460 3.2250e+01  1021.7782    21.6112    21.7741     8.1089    248.064    7.25802  222.03414    111.723 -9.990e-29
   40.58346  -73.12642      2.232      2.215    21.6120    31.6368      8.151     0.6326 3.1889e+01  1021.7716    21.6115    21.7675     8.1135    248.203    7.25880  222.05781    111.774 -9.990e-29
   40.58346  -73.12642      2.223      2.205    21.5928    31.6368      8.151     0.6326 3.2120e+01  1021.7767    21.5924    21.7707     8.1239    248.520    7.26058  222.11051    111.890 -9.990e-29
   40.58346  -73.12642      2.243      2.226    21.5705    31.6368      8.151     0.6192 3.3692e+01  1021.7885    21.5700    21.7810     8.1320    248.762    7.26421  222.21697    111.946 -9.990e-29
   40.58346  -73.12642      2.223      2.205    21.5584    31.6523      8.151     0.6326 3.4556e+01  1021.8045    21.5580    21.7951     8.1432    249.101    7.26666  222.28814    112.062 -9.990e-29
   40.58346  -73.12642      2.243      2.226    21.5662    31.6719      8.151     0.6326 3.4653e+01  1021.8214    21.5658    21.8096     8.1450    249.157    7.26538  222.25030    112.107 -9.990e-29
   40.58346  -73.12642      2.243      2.226    21.5728    31.6815      8.151     0.6326 3.6510e+01  1021.8361    21.5723    21.8183     8.1481    249.255    7.26550  222.25684    112.147 -9.990e-29
   40.58346  -73.12642      2.243      2.226    21.5878    31.6815      8.151     0.6326 3.7551e+01  1021.8308    21.5873    21.8155     8.1572    249.535    7.27058  222.41185    112.195 -9.990e-29
   40.58346  -73.12642      2.243      2.226    21.6139    31.6815      8.151     0.6326 3.7657e+01  1021.8082    21.6135    21.8079     8.1741    250.047    7.27812  222.63823    112.311 -9.990e-29
   40.58346  -73.12642      2.262      2.245    21.5991    31.6781      8.151     0.6326 3.3556e+01  1021.8178    21.5986    21.8050     8.1777    250.150    7.28295  222.77965    112.286 -9.990e-29
   40.58346  -73.12642      2.264      2.246    21.5934    31.6712      8.151     0.6326 3.0891e+01  1021.8186    21.5929    21.7987     8.1864    250.412    7.28423  222.81684    112.385 -9.990e-29
   40.58346  -73.12642      2.262      2.245    21.6240    31.6635      8.151     0.6192 3.0545e+01  1021.7900    21.6235    21.7820     8.1934    250.627    7.28841  222.94339    112.417 -9.990e-29
   40.58346  -73.12642      2.273      2.256    21.6484    31.6635      8.151     0.6326 3.3799e+01  1021.7630    21.6479    21.7707     8.2043    250.949    7.29583  223.16221    112.451 -9.990e-29
   40.58346  -73.12642      2.283      2.265    21.6397    31.6635      8.151     0.6326 3.7190e+01  1021.7807    21.6393    21.7833     8.2067    251.022    7.29668  223.18760    112.471 -9.990e-29
   40.58346  -73.12642      2.283      2.265    21.6312    31.7004      8.151     0.6326 3.7776e+01  1021.8341    21.6308    21.8089     8.2097    251.116    7.29822  223.23424    112.490 -9.990e-29
   40.58346  -73.12642      2.294      2.276    21.6655    31.7004      8.151     0.6326 3.8854e+01  1021.8480    21.6651    21.8142     8.2121    251.181    7.30348  223.38929    112.441 -9.990e-29
   40.58348  -73.12640      2.313      2.295    21.7564    31.7004      8.151     0.6326 4.0300e+01  1021.8009    21.7560    21.7873     8.2231    251.512    7.30800  223.52313    112.522 -9.990e-29
   40.58348  -73.12640      2.313      2.295    21.8467    31.6856      8.150     0.6326 4.0756e+01  1021.7536    21.8463    21.7468     8.2254    251.578    7.30945  223.56423    112.530 -9.990e-29
   40.58348  -73.12640      2.313      2.295    21.9108    31.6611      8.150     0.6326 4.2155e+01  1021.7138    21.9104    21.7112     8.2206    251.430    7.30940  223.55984    112.466 -9.990e-29
   40.58348  -73.12640      2.334      2.316    21.9447    31.6448      8.150     0.6326 4.4916e+01  1021.6908    21.9443    21.6871     8.2189    251.377    7.30842  223.52989    112.458 -9.990e-29
   40.58348  -73.12640      2.334      2.316    21.9727    31.6386      8.150     0.6326 4.5809e+01  1021.6820    21.9723    21.6734     8.2171    251.325    7.30757  223.50550    112.447 -9.990e-29
   40.58348  -73.12640      2.343      2.325    22.0030    31.6362      8.150     0.6326 4.5042e+01  1021.6759    22.0026    21.6626     8.2157    251.283    7.30714  223.49432    112.434 -9.990e-29
   40.58348  -73.12640      2.354      2.336    22.0409    31.6298      8.154     0.6192 4.2940e+01  1021.6613    22.0405    21.6480     8.2097    251.101    7.30715  223.49679    112.351 -9.990e-29
   40.58348  -73.12640      2.364      2.346    22.0805    31.6172      8.154     0.6326 4.2170e+01  1021.6390    22.0801    21.6290     8.2140    251.235    7.30782  223.51916    112.400 -9.990e-29
   40.58348  -73.12640      2.364      2.346    22.1102    31.6033      8.149     0.6326 4.1232e+01  1021.6160    22.1097    21.6110     8.2102    251.118    7.30985  223.58083    112.317 -9.990e-29
   40.58348  -73.12640      2.375      2.357    22.1212    31.5938      8.154     0.6460 3.7158e+01  1021.6069    22.1207    21.5994     8.2122    251.178    7.31290  223.67073    112.298 -9.990e-29
   40.58348  -73.12640      2.385      2.366    22.1288    31.5881      8.149     0.6460 3.5423e+01  1021.6035    22.1283    21.5925     8.2078    251.038    7.31482  223.72640    112.208 -9.990e-29
   40.58348  -73.12640      2.394      2.376    22.1369    31.5827      8.154     0.6460 3.5380e+01  1021.5958    22.1365    21.5868     8.2061    250.985    7.31508  223.73244    112.181 -9.990e-29
