CalculateIndicators/WaterTemperature/Data/CTD_NYOS/20220203_C07.cnv
* Sea-Bird SBE 9 Data File:
* FileName = C:\Seabird 9 CTD\Data\2022\202202_offshore\20220203_C07.hex
* Software Version Seasave V 7.23.2
* Temperature SN = 4590
* Conductivity SN = 3228
* Number of Bytes Per Scan = 44
* Number of Voltage Words = 5
* Number of Scans Averaged by the Deck Unit = 1
* NMEA Latitude = 38 55.57 N
* NMEA Longitude = 073 13.06 W
* NMEA UTC (Time) = Jun 20 2002  01:15:16
* NMEA baud rate = 4800
** Ship: rv seawolf
** Station: 7.5
** Operator: TCM
# nquan = 18
# nvalues = 16845                                 
# units = specified
# name 0 = latitude: Latitude [deg]
# name 1 = longitude: Longitude [deg]
# name 2 = prDM: Pressure, Digiquartz [db]
# name 3 = depSM: Depth [salt water, m]
# name 4 = t090C: Temperature [ITS-90, deg C]
# name 5 = sal00: Salinity, Practical [PSU]
# name 6 = ph: pH
# name 7 = flECO-AFL: Fluorescence, WET Labs ECO-AFL/FL [mg/m^3]
# name 8 = cpar: CPAR/Corrected Irradiance [%]
# name 9 = density00: Density [density, kg/m^3]
# name 10 = potemp090C: Potential Temperature [ITS-90, deg C]
# name 11 = sigma-é00: Density [sigma-theta, kg/m^3]
# name 12 = sbeox0Mg/L: Oxygen, SBE 43 [mg/l]
# name 13 = sbox0Mm/Kg: Oxygen, SBE 43 [umol/kg]
# name 14 = oxsolMg/L: Oxygen Saturation, Garcia & Gordon [mg/l]
# name 15 = oxsolMm/Kg: Oxygen Saturation, Garcia & Gordon [umol/kg]
# name 16 = sbeox0PS: Oxygen, SBE 43 [% saturation]
# name 17 = flag:  0.000e+00
# span 0 =   38.92616,   38.92634                 
# span 1 =  -73.21970,  -73.21766                 
# span 2 =      2.258,     70.004                 
# span 3 =      2.240,     69.463                 
# span 4 =    10.0549,    10.1939                 
# span 5 =    33.9966,    34.0501                 
# span 6 =      8.266,      8.275                 
# span 7 =     0.1222,     0.2968                 
# span 8 = 5.0640e-11, 9.9999e+04                 
# span 9 =  1026.1483,  1026.5008                 
# span 10 =    10.0484,    10.1935                
# span 11 =    26.1364,    26.1888                
# span 12 =     7.6953,     7.8982                
# span 13 =    234.346,    240.536                
# span 14 =    9.04447,    9.07112                
# span 15 =  275.44458,  276.24739                
# span 16 =     84.980,     87.312                
# span 17 = 0.0000e+00, 0.0000e+00                
# interval = seconds: 0.0416667
# start_time = Feb 03 2022 01:15:16 [System UTC, first data scan.]
# bad_flag = -9.990e-29
*END*
[from data line 10051]
   38.92628  -73.21894     29.837     29.609    10.1214    34.0107      8.271     0.2162 9.9999e+04  1026.2939    10.1180    26.1594     7.8074    237.766    9.05796  275.84922     86.194  0.000e+00
   38.92628  -73.21894     29.757     29.530    10.1216    34.0100      8.271     0.2162 9.9999e+04  1026.2930    10.1182    26.1589     7.8087    237.803    9.05796  275.84945     86.208  0.000e+00
   38.92628  -73.21894     29.693     29.467    10.1217    34.0101      8.271     0.2162 9.9999e+04  1026.2927    10.1183    26.1589     7.8038    237.656    9.05793  275.84827     86.155  0.000e+00
   38.92628  -73.21894     29.633     29.407    10.1216    34.0105      8.271     0.2162 9.9999e+04  1026.2928    10.1182    26.1592     7.8033    237.641    9.05794  275.84856     86.149  0.000e+00
   38.92628  -73.21894     29.572     29.346    10.1221    34.0100      8.271     0.2162 9.9999e+04  1026.2920    10.1187    26.1587     7.8021    237.603    9.05787  275.84661     86.136  0.000e+00
   38.92628  -73.21894     29.503     29.278    10.1219    34.0105      8.271     0.2162 9.9999e+04  1026.2921    10.1185    26.1591     7.7948    237.382    9.05787  275.84645     86.056  0.000e+00
   38.92628  -73.21894     29.440     29.215    10.1222    34.0102      8.271     0.2162 9.9999e+04  1026.2916    10.1189    26.1589     7.7935    237.341    9.05782  275.84510     86.041  0.000e+00
   38.92628  -73.21894     29.378     29.154    10.1222    34.0103      8.271     0.2162 9.9999e+04  1026.2914    10.1189    26.1589     7.7916    237.282    9.05782  275.84491     86.020  0.000e+00
   38.92628  -73.21894     29.308     29.084    10.1222    34.0103      8.271     0.2162 9.9999e+04  1026.2910    10.1189    26.1589     7.7896    237.222    9.05782  275.84498     85.998  0.000e+00
   38.92628  -73.21894     29.246     29.022    10.1222    34.0103      8.271     0.2162 9.9999e+04  1026.2908    10.1189    26.1590     7.7875    237.159    9.05781  275.84480     85.975  0.000e+00
   38.92628  -73.21894     29.188     28.965    10.1224    34.0104      8.271     0.2162 9.9999e+04  1026.2906    10.1190    26.1590     7.7853    237.093    9.05778  275.84380     85.952  0.000e+00
   38.92628  -73.21894     29.124     28.902    10.1222    34.0105      8.271     0.2162 9.9999e+04  1026.2904    10.1189    26.1591     7.7843    237.062    9.05781  275.84456     85.940  0.000e+00
   38.92628  -73.21894     29.043     28.821    10.1224    34.0102      8.271     0.2162 9.9999e+04  1026.2898    10.1190    26.1589     7.7772    236.846    9.05779  275.84420     85.862  0.000e+00
   38.92628  -73.21894     28.992     28.771    10.1224    34.0101      8.271     0.2162 9.9999e+04  1026.2894    10.1191    26.1587     7.7750    236.780    9.05780  275.84454     85.838  0.000e+00
   38.92628  -73.21894     28.932     28.711    10.1226    34.0103      8.271     0.2297 9.9999e+04  1026.2893    10.1192    26.1589     7.7734    236.728    9.05775  275.84297     85.820  0.000e+00
   38.92628  -73.21894     28.870     28.649    10.1226    34.0103      8.271     0.2297 9.9999e+04  1026.2890    10.1192    26.1589     7.7657    236.495    9.05775  275.84304     85.735  0.000e+00
   38.92628  -73.21894     28.812     28.592    10.1226    34.0104      8.271     0.2297 9.9999e+04  1026.2889    10.1193    26.1590     7.7695    236.612    9.05775  275.84273     85.778  0.000e+00
   38.92628  -73.21894     28.758     28.538    10.1227    34.0107      8.271     0.2297 9.9999e+04  1026.2888    10.1194    26.1591     7.7690    236.596    9.05770  275.84116     85.773  0.000e+00
   38.92628  -73.21894     28.707     28.488    10.1224    34.0107      8.271     0.2297 9.9999e+04  1026.2887    10.1191    26.1592     7.7747    236.768    9.05775  275.84293     85.834  0.000e+00
   38.92628  -73.21894     28.635     28.417    10.1229    34.0104      8.271     0.2297 9.9999e+04  1026.2880    10.1196    26.1589     7.7807    236.953    9.05769  275.84102     85.902  0.000e+00
   38.92628  -73.21894     28.575     28.357    10.1231    34.0107      8.271     0.2297 9.9999e+04  1026.2879    10.1198    26.1591     7.7814    236.973    9.05763  275.83932     85.910  0.000e+00
   38.92628  -73.21894     28.524     28.306    10.1229    34.0108      8.271     0.2297 9.9999e+04  1026.2878    10.1196    26.1592     7.7821    236.995    9.05766  275.84014     85.917  0.000e+00
   38.92628  -73.21894     28.463     28.246    10.1229    34.0104      8.271     0.2297 9.9999e+04  1026.2872    10.1196    26.1589     7.7828    237.017    9.05768  275.84087     85.925  0.000e+00
   38.92628  -73.21894     28.433     28.216    10.1227    34.0103      8.271     0.2297 9.9999e+04  1026.2870    10.1195    26.1588     7.7830    237.022    9.05772  275.84192     85.927  0.000e+00
   38.92628  -73.21894     28.371     28.154    10.1232    34.0105      8.271     0.2297 9.9999e+04  1026.2868    10.1200    26.1589     7.7824    237.005    9.05761  275.83866     85.922  0.000e+00
   38.92628  -73.21894     28.310     28.094    10.1234    34.0102      8.271     0.2297 9.9999e+04  1026.2863    10.1201    26.1587     7.7813    236.971    9.05760  275.83831     85.909  0.000e+00
   38.92628  -73.21894     28.273     28.057    10.1237    34.0105      8.271     0.2297 9.9999e+04  1026.2863    10.1204    26.1588     7.7741    236.752    9.05752  275.83594     85.831  0.000e+00
   38.92628  -73.21894     28.229     28.013    10.1237    34.0108      8.271     0.2297 9.9999e+04  1026.2863    10.1205    26.1591     7.7604    236.333    9.05750  275.83525     85.679  0.000e+00
   38.92628  -73.21894     28.189     27.974    10.1239    34.0103      8.271     0.2297 9.9999e+04  1026.2858    10.1206    26.1587     7.7527    236.098    9.05749  275.83513     85.594  0.000e+00
   38.92628  -73.21894     28.138     27.923    10.1237    34.0105      8.271     0.2431 9.9999e+04  1026.2857    10.1205    26.1589     7.7331    235.502    9.05752  275.83582     85.378  0.000e+00
   38.92628  -73.21894     28.097     27.882    10.1237    34.0104      8.271     0.2297 9.9999e+04  1026.2854    10.1205    26.1587     7.7360    235.591    9.05752  275.83586     85.410  0.000e+00
   38.92628  -73.21894     28.066     27.852    10.1239    34.0107      8.271     0.2297 9.9999e+04  1026.2855    10.1207    26.1589     7.7336    235.517    9.05747  275.83450     85.383  0.000e+00
   38.92628  -73.21894     28.025     27.811    10.1239    34.0104      8.271     0.2297 9.9999e+04  1026.2851    10.1207    26.1587     7.7373    235.631    9.05749  275.83499     85.425  0.000e+00
   38.92628  -73.21894     27.995     27.781    10.1239    34.0101      8.271     0.2297 9.9999e+04  1026.2847    10.1207    26.1585     7.7352    235.565    9.05751  275.83561     85.401  0.000e+00
   38.92628  -73.21894     27.955     27.741    10.1239    34.0100      8.271     0.2297 9.9999e+04  1026.2844    10.1207    26.1584     7.7391    235.685    9.05751  275.83584     85.444  0.000e+00
   38.92628  -73.21894     27.944     27.730    10.1237    34.0102      8.271     0.2297 9.9999e+04  1026.2846    10.1205    26.1586     7.7437    235.825    9.05754  275.83644     85.494  0.000e+00
   38.92628  -73.21894     27.904     27.691    10.1236    34.0106      8.271     0.2297 9.9999e+04  1026.2847    10.1204    26.1589     7.7428    235.798    9.05754  275.83656     85.485  0.000e+00
   38.92628  -73.21894     27.894     27.681    10.1237    34.0106      8.271     0.2297 9.9999e+04  1026.2847    10.1205    26.1589     7.7486    235.973    9.05750  275.83543     85.549  0.000e+00
   38.92628  -73.21894     27.862     27.650    10.1236    34.0110      8.271     0.2297 9.9999e+04  1026.2848    10.1204    26.1592     7.7435    235.820    9.05752  275.83574     85.493  0.000e+00
   38.92628  -73.21894     27.862     27.650    10.1237    34.0105      8.271     0.2431 9.9999e+04  1026.2844    10.1205    26.1588     7.7440    235.835    9.05752  275.83597     85.498  0.000e+00
   38.92628  -73.21894     27.822     27.610    10.1237    34.0105      8.271     0.2431 9.9999e+04  1026.2842    10.1205    26.1588     7.7440    235.834    9.05752  275.83594     85.498  0.000e+00
   38.92628  -73.21894     27.822     27.610    10.1239    34.0102      8.271     0.2431 9.9999e+04  1026.2840    10.1207    26.1585     7.7501    236.019    9.05750  275.83546     85.565  0.000e+00
   38.92628  -73.21894     27.802     27.590    10.1239    34.0102      8.271     0.2431 9.9999e+04  1026.2839    10.1207    26.1585     7.7513    236.057    9.05750  275.83544     85.579  0.000e+00
   38.92628  -73.21894     27.792     27.580    10.1237    34.0107      8.271     0.2431 9.9999e+04  1026.2843    10.1205    26.1590     7.7526    236.097    9.05750  275.83521     85.594  0.000e+00
   38.92628  -73.21894     27.792     27.580    10.1242    34.0103      8.271     0.2565 9.9999e+04  1026.2839    10.1210    26.1586     7.7474    235.938    9.05743  275.83336     85.536  0.000e+00
   38.92628  -73.21894     27.781     27.569    10.1242    34.0109      8.271     0.2431 9.9999e+04  1026.2843    10.1210    26.1590     7.7477    235.947    9.05740  275.83217     85.540  0.000e+00
   38.92628  -73.21894     27.781     27.569    10.1242    34.0110      8.271     0.2431 9.9999e+04  1026.2843    10.1210    26.1591     7.7415    235.759    9.05740  275.83204     85.472  0.000e+00
   38.92628  -73.21894     27.792     27.580    10.1244    34.0106      8.271     0.2431 9.9999e+04  1026.2841    10.1212    26.1588     7.7475    235.940    9.05738  275.83158     85.538  0.000e+00
   38.92628  -73.21896     27.781     27.569    10.1245    34.0105      8.271     0.2431 9.9999e+04  1026.2840    10.1214    26.1587     7.7480    235.955    9.05735  275.83070     85.544  0.000e+00
   38.92628  -73.21896     27.792     27.580    10.1242    34.0103      8.271     0.2431 9.9999e+04  1026.2839    10.1210    26.1586     7.7493    235.995    9.05743  275.83336     85.557  0.000e+00
   38.92628  -73.21896     27.792     27.580    10.1241    34.0106      8.271     0.2431 9.9999e+04  1026.2841    10.1209    26.1588     7.7505    236.034    9.05744  275.83334     85.571  0.000e+00
   38.92628  -73.21896     27.811     27.599    10.1239    34.0105      8.271     0.2431 9.9999e+04  1026.2842    10.1207    26.1588     7.7514    236.060    9.05748  275.83480     85.580  0.000e+00
   38.92628  -73.21896     27.832     27.620    10.1236    34.0103      8.271     0.2431 9.9999e+04  1026.2841    10.1204    26.1587     7.7584    236.272    9.05756  275.83715     85.656  0.000e+00
   38.92628  -73.21896     27.822     27.610    10.1234    34.0102      8.271     0.2431 9.9999e+04  1026.2841    10.1202    26.1586     7.7599    236.318    9.05760  275.83841     85.672  0.000e+00
   38.92628  -73.21896     27.862     27.650    10.1232    34.0101      8.271     0.2431 9.9999e+04  1026.2842    10.1200    26.1586     7.7669    236.531    9.05764  275.83957     85.750  0.000e+00
   38.92628  -73.21896     27.883     27.670    10.1227    34.0104      8.271     0.2431 9.9999e+04  1026.2846    10.1195    26.1589     7.7625    236.397    9.05771  275.84170     85.700  0.000e+00
   38.92628  -73.21896     27.913     27.700    10.1224    34.0108      8.271     0.2431 9.9999e+04  1026.2851    10.1192    26.1593     7.7575    236.245    9.05775  275.84289     85.645  0.000e+00
   38.92628  -73.21896     27.918     27.704    10.1226    34.0106      8.271     0.2431 9.9999e+04  1026.2849    10.1194    26.1591     7.7579    236.259    9.05774  275.84247     85.650  0.000e+00
   38.92628  -73.21896     27.944     27.730    10.1224    34.0108      8.271     0.2431 9.9999e+04  1026.2853    10.1192    26.1593     7.7585    236.276    9.05776  275.84310     85.656  0.000e+00
   38.92628  -73.21896     27.964     27.751    10.1226    34.0106      8.271     0.2565 9.9999e+04  1026.2851    10.1194    26.1591     7.7590    236.292    9.05774  275.84251     85.662  0.000e+00
   38.92628  -73.21896     27.985     27.771    10.1226    34.0109      8.271     0.2431 9.9999e+04  1026.2855    10.1193    26.1593     7.7596    236.311    9.05772  275.84187     85.669  0.000e+00
   38.92628  -73.21896     28.036     27.822    10.1226    34.0104      8.271     0.2431 9.9999e+04  1026.2853    10.1193    26.1589     7.7718    236.681    9.05775  275.84283     85.803  0.000e+00
   38.92628  -73.21896     28.076     27.862    10.1222    34.0108      8.271     0.2431 9.9999e+04  1026.2859    10.1190    26.1593     7.7670    236.535    9.05779  275.84390     85.750  0.000e+00
   38.92628  -73.21896     28.108     27.893    10.1226    34.0108      8.271     0.2162 9.9999e+04  1026.2859    10.1193    26.1592     7.7676    236.552    9.05773  275.84211     85.756  0.000e+00
   38.92628  -73.21896     28.148     27.933    10.1229    34.0111      8.271     0.2028 9.9999e+04  1026.2863    10.1196    26.1594     7.7676    236.552    9.05764  275.83955     85.757  0.000e+00
   38.92628  -73.21896     28.178     27.963    10.1232    34.0112      8.271     0.2028 9.9999e+04  1026.2865    10.1200    26.1594     7.7681    236.568    9.05758  275.83750     85.764  0.000e+00
   38.92628  -73.21896     28.219     28.004    10.1234    34.0111      8.271     0.2028 9.9999e+04  1026.2866    10.1201    26.1594     7.7627    236.404    9.05755  275.83654     85.704  0.000e+00
   38.92628  -73.21896     28.259     28.043    10.1237    34.0107      8.271     0.2028 9.9999e+04  1026.2864    10.1205    26.1590     7.7693    236.605    9.05751  275.83541     85.778  0.000e+00
   38.92628  -73.21896     28.310     28.094    10.1234    34.0103      8.271     0.2028 9.9999e+04  1026.2863    10.1202    26.1587     7.7772    236.846    9.05759  275.83800     85.864  0.000e+00
   38.92628  -73.21896     28.340     28.124    10.1231    34.0105      8.271     0.2028 9.9999e+04  1026.2867    10.1198    26.1589     7.7796    236.919    9.05764  275.83963     85.890  0.000e+00
   38.92628  -73.21896     28.402     28.186    10.1234    34.0103      8.271     0.2028 9.9999e+04  1026.2868    10.1201    26.1587     7.7760    236.809    9.05759  275.83813     85.851  0.000e+00
   38.92628  -73.21896     28.433     28.216    10.1231    34.0101      8.271     0.2028 9.9999e+04  1026.2868    10.1198    26.1586     7.7720    236.686    9.05767  275.84050     85.805  0.000e+00
   38.92628  -73.21896     28.484     28.266    10.1226    34.0101      8.271     0.2028 9.9999e+04  1026.2872    10.1193    26.1587     7.7555    236.184    9.05776  275.84336     85.622  0.000e+00
   38.92628  -73.21896     28.547     28.329    10.1221    34.0107      8.271     0.2028 9.9999e+04  1026.2880    10.1188    26.1593     7.7555    236.183    9.05783  275.84518     85.622  0.000e+00
   38.92628  -73.21896     28.586     28.367    10.1222    34.0106      8.271     0.2162 9.9999e+04  1026.2881    10.1190    26.1592     7.7555    236.184    9.05780  275.84422     85.622  0.000e+00
   38.92628  -73.21896     28.635     28.417    10.1221    34.0107      8.271     0.2028 9.9999e+04  1026.2883    10.1188    26.1592     7.7551    236.173    9.05782  275.84495     85.618  0.000e+00
   38.92628  -73.21896     28.677     28.458    10.1219    34.0107      8.271     0.2162 9.9999e+04  1026.2886    10.1186    26.1593     7.7597    236.313    9.05786  275.84630     85.668  0.000e+00
   38.92628  -73.21896     28.728     28.508    10.1221    34.0104      8.271     0.2028 9.9999e+04  1026.2885    10.1188    26.1590     7.7523    236.088    9.05785  275.84586     85.587  0.000e+00
   38.92628  -73.21896     28.788     28.568    10.1219    34.0103      8.271     0.2028 9.9999e+04  1026.2888    10.1186    26.1590     7.7547    236.161    9.05789  275.84705     85.613  0.000e+00
