CalculateIndicators/WaterTemperature/Data/CTD_NYOS/202200728_C12.cnv
* Sea-Bird SBE 9 Data File:
* FileName = C:\Seabird 9 CTD\Data\2022\202207_offshore\202200728_C12.hex
* Software Version Seasave V 7.23.2
* Temperature SN = 4590
* Conductivity SN = 3228
* Number of Bytes Per Scan = 44
* Number of Voltage Words = 5
* Number of Scans Averaged by the Deck Unit = 1
* NMEA Latitude = 39 57.30 N
* NMEA Longitude = 072 53.95 W
* NMEA UTC (Time) = Dec 12 2002  09:09:37
* NMEA baud rate = 4800
** Ship: seawolf
** Station: 5.3
** Operator: TDK
# nquan = 18
# nvalues = 14393                       
# units = specified
# name 0 = latitude: Latitude [deg]
# name 1 = longitude: Longitude [deg]
# name 2 = prDM: Pressure, Digiquartz [db]
# name 3 = depSM: Depth [salt water, m]
# name 4 = t090C: Temperature [ITS-90, deg C]
# name 5 = sal00: Salinity, Practical [PSU]
# name 6 = ph: pH
# name 7 = flECO-AFL: Fluorescence, WET Labs ECO-AFL/FL [mg/m^3]
# name 8 = cpar: CPAR/Corrected Irradiance [%]
# name 9 = density00: Density [density, kg/m^3]
# name 10 = potemp090C: Potential Temperature [ITS-90, deg C]
# name 11 = sigma-é00: Density [sigma-theta, kg/m^3]
# name 12 = sbeox0Mg/L: Oxygen, SBE 43 [mg/l]
# name 13 = sbox0Mm/Kg: Oxygen, SBE 43 [umol/kg]
# name 14 = oxsolMg/L: Oxygen Saturation, Garcia & Gordon [mg/l]
# name 15 = oxsolMm/Kg: Oxygen Saturation, Garcia & Gordon [umol/kg]
# name 16 = sbeox0PS: Oxygen, SBE 43 [% saturation]
# name 17 = flag:  0.000e+00
# span 0 =   39.95500,   39.95594       
# span 1 =  -72.89970,  -72.89930       
# span 2 =      2.230,     48.600       
# span 3 =      2.213,     48.222       
# span 4 =     8.3628,    24.2805       
# span 5 =    31.2779,    34.2167       
# span 6 =      7.932,      8.184       
# span 7 =     0.0148,     1.7339       
# span 8 = 5.0640e-11, 9.9999e+04       
# span 9 =  1020.9482,  1026.2457       
# span 10 =     8.3579,    24.2798      
# span 11 =    20.9171,    25.8719      
# span 12 =     7.0182,     9.5079      
# span 13 =    214.788,    290.055      
# span 14 =    6.99085,    9.48865      
# span 15 =  213.98039,  289.15888      
# span 16 =     80.791,    114.488      
# span 17 = 0.0000e+00, 0.0000e+00      
# interval = seconds: 0.0416667
# start_time = Jul 28 2022 09:09:37 [System UTC, first data scan.]
# bad_flag = -9.990e-29
*END*
[from data line 7719]
   39.95554  -72.89944     20.676     20.517    12.1125    32.5628      8.082     1.4250 5.0640e-11  1024.7691    12.1099    24.6760     8.8834    271.012    8.61934  262.95649    103.064 -9.990e-29
   39.95554  -72.89944     20.653     20.494    12.1388    32.5585      8.082     1.4250 5.0640e-11  1024.7603    12.1361    24.6678     8.8928    271.300    8.61900  262.94613    103.177 -9.990e-29
   39.95554  -72.89944     20.635     20.476    12.1670    32.5541      8.081     1.4250 5.0640e-11  1024.7517    12.1644    24.6591     8.8963    271.405    8.61872  262.93775    103.220 -9.990e-29
   39.95554  -72.89944     20.616     20.457    12.1972    32.5495      8.081     1.4385 5.0640e-11  1024.7425    12.1946    24.6502     8.9064    271.714    8.61871  262.93782    103.338 -9.990e-29
   39.95554  -72.89942     20.602     20.443    12.2248    32.5441      8.081     1.4250 5.0640e-11  1024.7333    12.2221    24.6411     8.9159    272.004    8.61856  262.93379    103.450 -9.990e-29
   39.95554  -72.89942     20.595     20.436    12.2468    32.5393      8.081     1.4250 5.0640e-11  1024.7226    12.2441    24.6335     8.9253    272.292    8.61828  262.92638    103.562 -9.990e-29
   39.95554  -72.89942     20.575     20.416    12.2567    32.5373      8.081     1.4250 5.0640e-11  1024.7207    12.2541    24.6291     8.9358    272.613    8.61837  262.92998    103.683 -9.990e-29
   39.95554  -72.89942     20.562     20.404    12.2715    32.5368      8.081     1.4250 5.0640e-11  1024.7195    12.2688    24.6257     8.9465    272.941    8.61862  262.93791    103.805 -9.990e-29
   39.95554  -72.89942     20.554     20.395    12.2929    32.5358      8.081     1.4250 5.0640e-11  1024.7121    12.2903    24.6215     8.9569    273.257    8.61895  262.94805    103.921 -9.990e-29
   39.95554  -72.89942     20.532     20.374    12.3086    32.5345      8.081     1.4250 5.0640e-11  1024.7108    12.3060    24.6166     8.9675    273.581    8.61953  262.96585    104.037 -9.990e-29
   39.95554  -72.89942     20.524     20.365    12.3348    32.5319      8.081     1.4250 5.0640e-11  1024.7017    12.3322    24.6104     8.9788    273.927    8.62072  263.00153    104.154 -9.990e-29
   39.95554  -72.89942     20.514     20.356    12.3559    32.5272      8.085     1.4250 5.0640e-11  1024.6967    12.3533    24.6021     8.9838    274.079    8.62176  263.03299    104.199 -9.990e-29
   39.95554  -72.89942     20.502     20.344    12.3879    32.5190      8.081     1.4250 5.0640e-11  1024.6834    12.3852    24.5906     8.9942    274.396    8.62223  263.04705    104.314 -9.990e-29
   39.95554  -72.89942     20.484     20.326    12.4159    32.5085      8.081     1.4250 5.0640e-11  1024.6668    12.4132    24.5781     9.0046    274.711    8.62314  263.07466    104.423 -9.990e-29
   39.95554  -72.89942     20.484     20.326    12.4268    32.5003      8.081     1.4250 5.0640e-11  1024.6577    12.4241    24.5693     9.0100    274.877    8.62470  263.12137    104.468 -9.990e-29
   39.95554  -72.89942     20.460     20.303    12.4252    32.4955      8.081     1.3713 5.0640e-11  1024.6571    12.4226    24.5648     9.0210    275.210    8.62624  263.16768    104.576 -9.990e-29
   39.95554  -72.89942     20.463     20.305    12.4273    32.4903      8.080     1.3579 5.0640e-11  1024.6534    12.4246    24.5602     9.0321    275.550    8.62801  263.22091    104.684 -9.990e-29
   39.95554  -72.89942     20.442     20.285    12.4359    32.4903      8.080     1.3579 5.0640e-11  1024.6435    12.4332    24.5548     9.0430    275.879    8.62956  263.26715    104.790 -9.990e-29
   39.95554  -72.89942     20.430     20.273    12.4365    32.4903      8.085     1.3579 5.0640e-11  1024.6397    12.4339    24.5537     9.0539    276.210    8.63130  263.31871    104.896 -9.990e-29
   39.95554  -72.89942     20.422     20.264    12.4271    32.4860      8.080     1.3579 5.0640e-11  1024.6498    12.4245    24.5595     9.0587    276.357    8.63327  263.37689    104.928 -9.990e-29
   39.95554  -72.89942     20.422     20.264    12.4257    32.4860      8.085     1.3579 5.0640e-11  1024.6679    12.4231    24.5616     9.0627    276.475    8.63457  263.41489    104.958 -9.990e-29
   39.95554  -72.89942     20.409     20.252    12.4779    32.4860      8.085     1.3579 5.0640e-11  1024.6446    12.4753    24.5463     9.0715    276.743    8.63538  263.43812    105.051 -9.990e-29
   39.95554  -72.89942     20.412     20.255    12.5398    32.4613      8.085     1.3713 5.0640e-11  1024.6077    12.5371    24.5174     9.0802    277.008    8.63623  263.46271    105.141 -9.990e-29
   39.95554  -72.89942     20.391     20.234    12.5881    32.4341      8.085     1.3579 5.0640e-11  1024.5753    12.5855    24.4874     9.0831    277.094    8.63701  263.48521    105.165 -9.990e-29
   39.95554  -72.89942     20.390     20.233    12.6236    32.4117      8.080     1.3579 5.0640e-11  1024.5495    12.6210    24.4633     9.0844    277.133    8.63711  263.48801    105.179 -9.990e-29
   39.95554  -72.89942     20.391     20.234    12.6466    32.3987      8.084     1.3579 5.0640e-11  1024.5326    12.6439    24.4491     9.0846    277.139    8.63689  263.48167    105.184 -9.990e-29
   39.95554  -72.89942     20.382     20.225    12.6483    32.3949      8.084     1.3579 5.0640e-11  1024.5363    12.6456    24.4438     9.0844    277.134    8.63697  263.48331    105.181 -9.990e-29
   39.95554  -72.89942     20.369     20.212    12.6604    32.3937      8.084     1.3579 5.0640e-11  1024.5319    12.6577    24.4408     9.0893    277.281    8.63616  263.45899    105.246 -9.990e-29
   39.95554  -72.89944     20.372     20.215    12.6733    32.3937      8.084     1.3579 5.0640e-11  1024.5273    12.6706    24.4378     9.0876    277.231    8.63521  263.43010    105.239 -9.990e-29
   39.95554  -72.89944     20.372     20.215    12.6807    32.3937      8.084     1.3579 5.0640e-11  1024.5254    12.6780    24.4381     9.0853    277.159    8.63430  263.40239    105.223 -9.990e-29
   39.95554  -72.89944     20.358     20.202    12.6751    32.4000      8.084     1.3579 5.0640e-11  1024.5329    12.6725    24.4431     9.0832    277.097    8.63327  263.37101    105.212 -9.990e-29
   39.95554  -72.89944     20.361     20.204    12.6677    32.4085      8.084     1.3579 5.0640e-11  1024.5430    12.6650    24.4502     9.0798    276.993    8.63165  263.32171    105.192 -9.990e-29
   39.95554  -72.89944     20.352     20.195    12.6684    32.4117      8.084     1.3579 5.0640e-11  1024.5484    12.6658    24.4548     9.0687    276.654    8.62933  263.25135    105.091 -9.990e-29
   39.95554  -72.89944     20.358     20.202    12.6840    32.4117      8.084     1.3579 5.0640e-11  1024.5499    12.6814    24.4527     9.0682    276.642    8.62661  263.16950    105.119 -9.990e-29
   39.95554  -72.89944     20.352     20.195    12.7220    32.4117      8.084     1.3579 5.0640e-11  1024.5350    12.7193    24.4427     9.0621    276.455    8.62385  263.08671    105.081 -9.990e-29
   39.95554  -72.89944     20.341     20.184    12.7578    32.3995      8.084     1.3713 5.0640e-11  1024.5220    12.7551    24.4258     9.0493    276.066    8.62126  263.00914    104.964 -9.990e-29
   39.95554  -72.89944     20.349     20.192    12.8103    32.3824      8.084     1.3579 5.0640e-11  1024.4921    12.8076    24.4045     9.0482    276.036    8.61867  262.93168    104.984 -9.990e-29
   39.95554  -72.89944     20.352     20.195    12.8451    32.3670      8.079     1.3579 5.0640e-11  1024.4724    12.8424    24.3857     9.0350    275.633    8.61623  262.85881    104.860 -9.990e-29
   39.95554  -72.89944     20.341     20.184    12.8679    32.3576      8.084     1.3713 5.0640e-11  1024.4624    12.8652    24.3735     9.0270    275.392    8.61353  262.77806    104.800 -9.990e-29
   39.95554  -72.89944     20.349     20.192    12.8855    32.3522      8.083     1.3444 5.0640e-11  1024.4553    12.8828    24.3655     9.0124    274.950    8.61093  262.70075    104.663 -9.990e-29
   39.95554  -72.89944     20.341     20.184    12.9007    32.3522      8.083     1.3310 5.0640e-11  1024.4494    12.8980    24.3604     9.0039    274.692    8.60869  262.63428    104.591 -9.990e-29
   39.95554  -72.89944     20.352     20.195    12.9145    32.3522      8.083     1.3310 5.0640e-11  1024.4476    12.9118    24.3582     8.9961    274.456    8.60696  262.58285    104.522 -9.990e-29
   39.95554  -72.89944     20.341     20.184    12.9251    32.3523      8.079     1.3310 5.0640e-11  1024.4492    12.9224    24.3577     8.9828    274.051    8.60572  262.54601    104.382 -9.990e-29
   39.95554  -72.89944     20.358     20.202    12.9360    32.3523      8.083     1.3310 5.0640e-11  1024.4484    12.9333    24.3568     8.9810    273.994    8.60455  262.51080    104.375 -9.990e-29
   39.95554  -72.89944     20.352     20.195    12.9455    32.3523      8.083     1.3310 5.0640e-11  1024.4461    12.9428    24.3543     8.9609    273.383    8.60309  262.46692    104.159 -9.990e-29
   39.95554  -72.89944     20.352     20.195    12.9550    32.3507      8.083     1.3310 5.0640e-11  1024.4411    12.9523    24.3509     8.9526    273.131    8.60196  262.43320    104.076 -9.990e-29
   39.95554  -72.89944     20.358     20.202    12.9587    32.3479      8.083     1.3310 5.0640e-11  1024.4383    12.9560    24.3479     8.9440    272.868    8.60081  262.39890    103.990 -9.990e-29
   39.95554  -72.89944     20.352     20.195    12.9608    32.3460      8.083     1.3310 5.0640e-11  1024.4359    12.9580    24.3459     8.9295    272.428    8.59936  262.35601    103.839 -9.990e-29
   39.95554  -72.89944     20.372     20.215    12.9614    32.3453      8.078     1.3310 5.0640e-11  1024.4357    12.9587    24.3451     8.9207    272.159    8.59815  262.31959    103.751 -9.990e-29
   39.95554  -72.89944     20.358     20.202    12.9631    32.3451      8.083     1.3310 5.0640e-11  1024.4359    12.9604    24.3446     8.9124    271.908    8.59723  262.29127    103.666 -9.990e-29
   39.95554  -72.89944     20.372     20.215    12.9650    32.3442      8.083     1.3310 5.0640e-11  1024.4348    12.9623    24.3437     8.9041    271.655    8.59601  262.25517    103.584 -9.990e-29
   39.95554  -72.89944     20.372     20.215    12.9656    32.3425      8.083     1.3310 5.0640e-11  1024.4333    12.9629    24.3421     8.8894    271.209    8.59486  262.22114    103.427 -9.990e-29
   39.95554  -72.89942     20.379     20.222    12.9671    32.3397      8.083     1.3310 5.0640e-11  1024.4312    12.9644    24.3396     8.8812    270.958    8.59412  262.19918    103.341 -9.990e-29
   39.95554  -72.89942     20.382     20.225    12.9700    32.3360      8.078     1.3310 5.0640e-11  1024.4273    12.9673    24.3364     8.8734    270.722    8.59349  262.18011    103.258 -9.990e-29
   39.95554  -72.89942     20.391     20.234    12.9710    32.3324      8.078     1.3310 5.0640e-11  1024.4233    12.9683    24.3334     8.8597    270.303    8.59271  262.15594    103.108 -9.990e-29
   39.95554  -72.89942     20.390     20.233    12.9701    32.3301      8.083     1.3310 5.0640e-11  1024.4222    12.9674    24.3318     8.8575    270.233    8.59129  262.11197    103.098 -9.990e-29
   39.95554  -72.89942     20.402     20.245    12.9685    32.3289      8.078     1.3310 5.0640e-11  1024.4220    12.9658    24.3312     8.8501    270.006    8.58990  262.06914    103.029 -9.990e-29
   39.95554  -72.89942     20.402     20.245    12.9656    32.3289      8.078     1.3310 5.0640e-11  1024.4216    12.9629    24.3316     8.8371    269.609    8.58864  262.02942    102.892 -9.990e-29
   39.95554  -72.89942     20.400     20.242    12.9586    32.3289      8.083     1.3310 5.0640e-11  1024.4239    12.9559    24.3330     8.8296    269.380    8.58687  261.97504    102.827 -9.990e-29
   39.95554  -72.89942     20.422     20.264    12.9523    32.3297      8.079     1.3310 5.0640e-11  1024.4262    12.9496    24.3346     8.8222    269.156    8.58481  261.91259    102.766 -9.990e-29
   39.95554  -72.89942     20.412     20.255    12.9496    32.3302      8.079     1.3310 5.0640e-11  1024.4269    12.9469    24.3359     8.8089    268.749    8.58287  261.85441    102.633 -9.990e-29
   39.95554  -72.89942     20.420     20.263    12.9446    32.3307      8.079     1.3310 5.0640e-11  1024.4277    12.9419    24.3374     8.8022    268.545    8.58139  261.80979    102.573 -9.990e-29
   39.95554  -72.89942     20.433     20.275    12.9353    32.3318      8.079     1.3310 5.0640e-11  1024.4310    12.9326    24.3398     8.8021    268.544    8.57989  261.76499    102.590 -9.990e-29
   39.95554  -72.89942     20.433     20.275    12.9264    32.3332      8.079     1.3847 5.0640e-11  1024.4335    12.9237    24.3427     8.7908    268.200    8.57881  261.73287    102.471 -9.990e-29
   39.95554  -72.89942     20.430     20.273    12.9159    32.3352      8.079     1.4788 5.0640e-11  1024.4369    12.9132    24.3461     8.7860    268.057    8.57806  261.71120    102.425 -9.990e-29
   39.95554  -72.89942     20.442     20.285    12.9065    32.3382      8.079     1.4922 5.0640e-11  1024.4409    12.9038    24.3504     8.7821    267.938    8.57752  261.69627    102.385 -9.990e-29
   39.95554  -72.89942     20.442     20.285    12.8955    32.3425      8.079     1.4922 5.0640e-11  1024.4463    12.8928    24.3559     8.7795    267.859    8.57759  261.69932    102.354 -9.990e-29
   39.95554  -72.89942     20.451     20.293    12.8826    32.3481      8.079     1.4788 5.0640e-11  1024.4538    12.8799    24.3624     8.7783    267.825    8.57840  261.72505    102.331 -9.990e-29
   39.95554  -72.89942     20.442     20.285    12.8732    32.3542      8.079     1.4788 5.0640e-11  1024.4608    12.8705    24.3690     8.7775    267.800    8.57937  261.75662    102.309 -9.990e-29
   39.95554  -72.89942     20.453     20.296    12.8672    32.3597      8.079     1.4788 5.0640e-11  1024.4662    12.8645    24.3747     8.7709    267.603    8.58066  261.79790    102.217 -9.990e-29
   39.95554  -72.89942     20.451     20.293    12.8610    32.3647      8.079     1.4788 5.0640e-11  1024.4711    12.8583    24.3797     8.7711    267.608    8.58230  261.84896    102.199 -9.990e-29
   39.95554  -72.89942     20.463     20.305    12.8549    32.3687      8.079     1.4788 5.0640e-11  1024.4766    12.8522    24.3837     8.7793    267.859    8.58502  261.93103    102.263 -9.990e-29
   39.95554  -72.89942     20.453     20.296    12.8539    32.3707      8.079     1.4788 5.0640e-11  1024.4778    12.8512    24.3855     8.7824    267.952    8.58800  262.02054    102.264 -9.990e-29
   39.95554  -72.89942     20.460     20.303    12.8556    32.3714      8.079     1.4788 5.0640e-11  1024.4764    12.8529    24.3860     8.7790    267.846    8.59049  262.09506    102.194 -9.990e-29
   39.95554  -72.89942     20.453     20.296    12.8544    32.3721      8.079     1.4788 5.0640e-11  1024.4786    12.8517    24.3863     8.7812    267.913    8.59289  262.16626    102.192 -9.990e-29
   39.95554  -72.89942     20.442     20.285    12.8591    32.3727      8.079     1.4788 5.0640e-11  1024.4772    12.8564    24.3861     8.7842    268.001    8.59572  262.25095    102.193 -9.990e-29
   39.95554  -72.89944     20.471     20.314    12.8641    32.3736      8.079     1.4788 5.0640e-11  1024.4771    12.8614    24.3859     8.7879    268.114    8.59866  262.33901    102.201 -9.990e-29
   39.95554  -72.89944     20.453     20.296    12.8687    32.3748      8.074     1.4788 5.0640e-11  1024.4774    12.8660    24.3860     8.7912    268.211    8.60093  262.40647    102.212 -9.990e-29
   39.95554  -72.89944     20.451     20.293    12.8740    32.3762      8.079     1.4788 5.0640e-11  1024.4773    12.8713    24.3858     8.7944    268.309    8.60301  262.47059    102.224 -9.990e-29
