CalculateIndicators/WaterTemperature/Data/CTD_NYOS/202200730_C24.cnv
* Sea-Bird SBE 9 Data File:
* FileName = C:\Seabird 9 CTD\Data\2022\202207_offshore\202200730_C24.hex
* Software Version Seasave V 7.23.2
* Temperature SN = 4590
* Conductivity SN = 3228
* Number of Bytes Per Scan = 44
* Number of Voltage Words = 5
* Number of Scans Averaged by the Deck Unit = 1
* NMEA Latitude = 40 25.92 N
* NMEA Longitude = 072 22.69 W
* NMEA UTC (Time) = Dec 14 2002  02:52:22
* NMEA baud rate = 4800
** Ship: seawolf
** Station: 3.2
** Operator: TDK
# nquan = 18
# nvalues = 15471                       
# units = specified
# name 0 = latitude: Latitude [deg]
# name 1 = longitude: Longitude [deg]
# name 2 = prDM: Pressure, Digiquartz [db]
# name 3 = depSM: Depth [salt water, m]
# name 4 = t090C: Temperature [ITS-90, deg C]
# name 5 = sal00: Salinity, Practical [PSU]
# name 6 = ph: pH
# name 7 = flECO-AFL: Fluorescence, WET Labs ECO-AFL/FL [mg/m^3]
# name 8 = cpar: CPAR/Corrected Irradiance [%]
# name 9 = density00: Density [density, kg/m^3]
# name 10 = potemp090C: Potential Temperature [ITS-90, deg C]
# name 11 = sigma-é00: Density [sigma-theta, kg/m^3]
# name 12 = sbeox0Mg/L: Oxygen, SBE 43 [mg/l]
# name 13 = sbox0Mm/Kg: Oxygen, SBE 43 [umol/kg]
# name 14 = oxsolMg/L: Oxygen Saturation, Garcia & Gordon [mg/l]
# name 15 = oxsolMm/Kg: Oxygen Saturation, Garcia & Gordon [umol/kg]
# name 16 = sbeox0PS: Oxygen, SBE 43 [% saturation]
# name 17 = flag:  0.000e+00
# span 0 =   40.43200,   40.43300       
# span 1 =  -72.37832,  -72.37594       
# span 2 =      1.839,     49.623       
# span 3 =      1.825,     49.235       
# span 4 =     8.3738,    24.0671       
# span 5 =    31.7960,    32.9770       
# span 6 =      7.905,      8.277       
# span 7 =    -0.0389,     4.0709       
# span 8 = 5.0640e-11, 9.9999e+04       
# span 9 =  1021.3327,  1025.8197       
# span 10 =     8.3700,    24.0664      
# span 11 =    21.2941,    25.5978      
# span 12 =     7.0128,    10.2742      
# span 13 =    213.683,    313.280      
# span 14 =    7.00076,    9.47984      
# span 15 =  214.20737,  288.85753      
# span 16 =     73.980,    126.318      
# span 17 = 0.0000e+00, 0.0000e+00      
# interval = seconds: 0.0416667
# start_time = Jul 30 2022 02:52:19 [System UTC, first data scan.]
# bad_flag = -9.990e-29
*END*
[from data line 3940]
   40.43232  -72.37768     48.714     48.333     8.3758    32.9285      7.911     0.0013 5.0640e-11  1025.8145     8.3709    25.5925     7.0634    215.226    9.47938  288.84253     74.513 -9.990e-29
   40.43232  -72.37768     48.715     48.334     8.3761    32.9285      7.911     0.0148 5.0640e-11  1025.8141     8.3712    25.5924     7.0644    215.255    9.47935  288.84156     74.524 -9.990e-29
   40.43232  -72.37768     48.714     48.333     8.3759    32.9285      7.911     0.0013 5.0640e-11  1025.8144     8.3711    25.5925     7.0646    215.262    9.47934  288.84137     74.526 -9.990e-29
   40.43232  -72.37768     48.703     48.322     8.3759    32.9285      7.911     0.0148 5.0640e-11  1025.8144     8.3711    25.5925     7.0648    215.270    9.47937  288.84228     74.529 -9.990e-29
   40.43232  -72.37768     48.715     48.334     8.3759    32.9285      7.911     0.0148 5.0640e-11  1025.8145     8.3711    25.5925     7.0651    215.277    9.47938  288.84257     74.531 -9.990e-29
   40.43232  -72.37768     48.703     48.322     8.3761    32.9285      7.911     0.0148 5.0640e-11  1025.8141     8.3712    25.5925     7.0583    215.069    9.47937  288.84237     74.459 -9.990e-29
   40.43232  -72.37768     48.693     48.313     8.3759    32.9286      7.911     0.0148 5.0640e-11  1025.8145     8.3711    25.5926     7.0578    215.055    9.47940  288.84320     74.454 -9.990e-29
   40.43232  -72.37768     48.696     48.315     8.3759    32.9286      7.911     0.0148 5.0640e-11  1025.8143     8.3711    25.5926     7.0643    215.255    9.47939  288.84287     74.523 -9.990e-29
   40.43232  -72.37768     48.693     48.313     8.3758    32.9286      7.911     0.0148 5.0640e-11  1025.8145     8.3709    25.5926     7.0646    215.264    9.47939  288.84302     74.526 -9.990e-29
   40.43232  -72.37768     48.682     48.302     8.3759    32.9286      7.911     0.0148 5.0640e-11  1025.8143     8.3711    25.5926     7.0649    215.273    9.47939  288.84280     74.529 -9.990e-29
   40.43232  -72.37768     48.696     48.315     8.3761    32.9286      7.911     0.0013 5.0640e-11  1025.8142     8.3712    25.5926     7.0644    215.257    9.47936  288.84184     74.524 -9.990e-29
   40.43232  -72.37768     48.672     48.292     8.3758    32.9285      7.911     0.0148 5.0640e-11  1025.8143     8.3709    25.5925     7.0647    215.266    9.47939  288.84304     74.527 -9.990e-29
   40.43232  -72.37768     48.672     48.292     8.3761    32.9283      7.911     0.0148 5.0640e-11  1025.8139     8.3712    25.5924     7.0712    215.464    9.47939  288.84282     74.596 -9.990e-29
   40.43232  -72.37768     48.675     48.295     8.3759    32.9283      7.911     0.0148 5.0640e-11  1025.8141     8.3711    25.5924     7.0651    215.278    9.47936  288.84214     74.531 -9.990e-29
   40.43232  -72.37768     48.672     48.292     8.3761    32.9283      7.911     0.0013 5.0640e-11  1025.8139     8.3712    25.5923     7.0653    215.284    9.47938  288.84263     74.533 -9.990e-29
   40.43232  -72.37768     48.672     48.292     8.3759    32.9283      7.911     0.0148 5.0640e-11  1025.8140     8.3711    25.5923     7.0655    215.289    9.47937  288.84207     74.535 -9.990e-29
   40.43232  -72.37768     48.664     48.284     8.3761    32.9283      7.911     0.0148 5.0640e-11  1025.8141     8.3712    25.5923     7.0657    215.295    9.47936  288.84194     74.537 -9.990e-29
   40.43232  -72.37768     48.672     48.292     8.3761    32.9283      7.911     0.0148 5.0640e-11  1025.8140     8.3712    25.5923     7.0659    215.301    9.47936  288.84194     74.539 -9.990e-29
   40.43232  -72.37768     48.663     48.282     8.3759    32.9283      7.911     0.0013 5.0640e-11  1025.8139     8.3711    25.5923     7.0660    215.306    9.47934  288.84152     74.541 -9.990e-29
   40.43232  -72.37768     48.664     48.284     8.3759    32.9284      7.911     0.0148 5.0640e-11  1025.8141     8.3711    25.5924     7.0662    215.312    9.47934  288.84145     74.543 -9.990e-29
   40.43232  -72.37768     48.663     48.282     8.3759    32.9284      7.911     0.0148 5.0640e-11  1025.8141     8.3711    25.5924     7.0664    215.318    9.47937  288.84236     74.545 -9.990e-29
   40.43232  -72.37768     48.663     48.282     8.3759    32.9284      7.911     0.0148 5.0640e-11  1025.8140     8.3711    25.5924     7.0658    215.300    9.47936  288.84203     74.539 -9.990e-29
   40.43232  -72.37768     48.664     48.284     8.3759    32.9285      7.911     0.0148 5.0640e-11  1025.8140     8.3711    25.5925     7.0652    215.281    9.47936  288.84194     74.532 -9.990e-29
   40.43232  -72.37768     48.663     48.282     8.3756    32.9286      7.911     0.0148 5.0640e-11  1025.8145     8.3707    25.5926     7.0645    215.259    9.47932  288.84075     74.525 -9.990e-29
   40.43232  -72.37768     48.672     48.292     8.3759    32.9286      7.911     0.0013 5.0640e-11  1025.8140     8.3711    25.5926     7.0646    215.264    9.47937  288.84230     74.526 -9.990e-29
   40.43232  -72.37768     48.675     48.295     8.3758    32.9286      7.911     0.0013 5.0640e-11  1025.8145     8.3709    25.5927     7.0647    215.266    9.47937  288.84221     74.527 -9.990e-29
   40.43232  -72.37768     48.672     48.292     8.3756    32.9286      7.911     0.0013 5.0640e-11  1025.8147     8.3707    25.5927     7.0648    215.270    9.47938  288.84264     74.528 -9.990e-29
   40.43232  -72.37768     48.672     48.292     8.3759    32.9287      7.911     0.0013 5.0640e-11  1025.8141     8.3711    25.5926     7.0641    215.248    9.47936  288.84186     74.521 -9.990e-29
   40.43232  -72.37768     48.685     48.304     8.3759    32.9287      7.911    -0.0121 5.0640e-11  1025.8141     8.3711    25.5925     7.0642    215.249    9.47935  288.84179     74.522 -9.990e-29
   40.43232  -72.37768     48.682     48.302     8.3759    32.9286      7.911     0.0013 5.0640e-11  1025.8145     8.3711    25.5926     7.0642    215.251    9.47933  288.84116     74.522 -9.990e-29
   40.43232  -72.37768     48.693     48.312     8.3757    32.9286      7.911    -0.0121 5.0640e-11  1025.8146     8.3709    25.5927     7.0643    215.253    9.47938  288.84247     74.523 -9.990e-29
   40.43232  -72.37768     48.696     48.315     8.3759    32.9286      7.911     0.0013 5.0640e-11  1025.8143     8.3711    25.5926     7.0643    215.255    9.47935  288.84164     74.523 -9.990e-29
   40.43232  -72.37768     48.703     48.322     8.3758    32.9286      7.911    -0.0121 5.0640e-11  1025.8145     8.3709    25.5926     7.0644    215.256    9.47935  288.84162     74.524 -9.990e-29
   40.43232  -72.37768     48.714     48.333     8.3759    32.9286      7.911    -0.0121 5.0640e-11  1025.8144     8.3711    25.5925     7.0644    215.257    9.47931  288.84058     74.525 -9.990e-29
   40.43232  -72.37768     48.726     48.345     8.3761    32.9286      7.911     0.0013 5.0640e-11  1025.8143     8.3712    25.5925     7.0637    215.236    9.47938  288.84245     74.517 -9.990e-29
   40.43232  -72.37768     48.733     48.352     8.3758    32.9286      7.911    -0.0121 5.0640e-11  1025.8147     8.3709    25.5926     7.0637    215.237    9.47935  288.84175     74.517 -9.990e-29
   40.43232  -72.37768     48.733     48.352     8.3757    32.9286      7.911     0.0013 5.0640e-11  1025.8147     8.3709    25.5926     7.0638    215.237    9.47935  288.84181     74.517 -9.990e-29
   40.43232  -72.37768     48.757     48.375     8.3761    32.9286      7.911     0.0013 5.0640e-11  1025.8141     8.3712    25.5924     7.0638    215.238    9.47934  288.84139     74.518 -9.990e-29
   40.43232  -72.37768     48.754     48.373     8.3759    32.9286      7.911     0.0013 5.0640e-11  1025.8145     8.3711    25.5924     7.0638    215.240    9.47938  288.84256     74.518 -9.990e-29
   40.43232  -72.37768     48.765     48.384     8.3759    32.9285      7.911     0.0013 5.0640e-11  1025.8147     8.3711    25.5925     7.0638    215.239    9.47933  288.84115     74.518 -9.990e-29
   40.43232  -72.37768     48.784     48.403     8.3759    32.9285      7.911    -0.0121 5.0640e-11  1025.8147     8.3711    25.5925     7.0638    215.239    9.47931  288.84039     74.518 -9.990e-29
   40.43232  -72.37768     48.777     48.396     8.3759    32.9285      7.911     0.0013 5.0640e-11  1025.8148     8.3711    25.5925     7.0639    215.241    9.47937  288.84225     74.519 -9.990e-29
   40.43232  -72.37768     48.795     48.414     8.3759    32.9285      7.911     0.0013 5.0640e-11  1025.8147     8.3710    25.5924     7.0639    215.241    9.47932  288.84092     74.519 -9.990e-29
   40.43232  -72.37768     48.816     48.434     8.3759    32.9285      7.911    -0.0121 5.0640e-11  1025.8147     8.3710    25.5924     7.0639    215.242    9.47935  288.84155     74.519 -9.990e-29
   40.43232  -72.37768     48.817     48.436     8.3759    32.9285      7.911     0.0013 5.0640e-11  1025.8149     8.3710    25.5924     7.0639    215.242    9.47931  288.84049     74.519 -9.990e-29
   40.43232  -72.37768     48.826     48.444     8.3761    32.9284      7.911    -0.0121 5.0640e-11  1025.8147     8.3712    25.5924     7.0640    215.244    9.47934  288.84139     74.520 -9.990e-29
   40.43232  -72.37768     48.835     48.454     8.3761    32.9284      7.911     0.0013 5.0640e-11  1025.8148     8.3712    25.5924     7.0640    215.244    9.47932  288.84089     74.520 -9.990e-29
   40.43232  -72.37768     48.849     48.467     8.3761    32.9284      7.911    -0.0121 5.0640e-11  1025.8148     8.3712    25.5924     7.0640    215.244    9.47931  288.84046     74.520 -9.990e-29
   40.43232  -72.37768     48.856     48.474     8.3759    32.9284      7.911     0.0013 5.0640e-11  1025.8150     8.3710    25.5924     7.0641    215.246    9.47935  288.84179     74.520 -9.990e-29
   40.43232  -72.37768     48.866     48.484     8.3761    32.9285      7.911     0.0013 5.0640e-11  1025.8150     8.3712    25.5925     7.0570    215.031    9.47933  288.84100     74.446 -9.990e-29
   40.43232  -72.37768     48.879     48.497     8.3761    32.9285      7.911     0.0013 5.0640e-11  1025.8152     8.3712    25.5926     7.0563    215.011    9.47936  288.84211     74.439 -9.990e-29
   40.43232  -72.37768     48.886     48.504     8.3759    32.9285      7.911     0.0013 5.0640e-11  1025.8153     8.3710    25.5926     7.0557    214.991    9.47936  288.84204     74.432 -9.990e-29
   40.43232  -72.37768     48.897     48.515     8.3759    32.9285      7.911     0.0013 5.0640e-11  1025.8152     8.3710    25.5925     7.0620    215.185    9.47933  288.84098     74.499 -9.990e-29
   40.43232  -72.37768     48.907     48.525     8.3761    32.9285      7.911     0.0013 5.0640e-11  1025.8150     8.3712    25.5924     7.0622    215.190    9.47938  288.84242     74.501 -9.990e-29
   40.43232  -72.37768     48.910     48.527     8.3758    32.9285      7.911     0.0013 5.0640e-11  1025.8154     8.3709    25.5925     7.0545    214.955    9.47940  288.84305     74.419 -9.990e-29
   40.43232  -72.37768     48.917     48.534     8.3759    32.9285      7.911     0.0013 5.0640e-11  1025.8152     8.3710    25.5925     7.0531    214.911    9.47936  288.84207     74.404 -9.990e-29
   40.43232  -72.37768     48.928     48.545     8.3759    32.9285      7.911     0.0013 5.0640e-11  1025.8152     8.3710    25.5925     7.0524    214.892    9.47936  288.84199     74.398 -9.990e-29
   40.43232  -72.37768     48.931     48.548     8.3758    32.9285      7.911     0.0013 5.0640e-11  1025.8156     8.3709    25.5925     7.0518    214.873    9.47935  288.84156     74.391 -9.990e-29
   40.43232  -72.37768     48.937     48.555     8.3761    32.9285      7.911     0.0013 5.0640e-11  1025.8153     8.3712    25.5925     7.0512    214.856    9.47936  288.84204     74.385 -9.990e-29
   40.43232  -72.37768     48.949     48.566     8.3759    32.9285      7.911     0.0013 5.0640e-11  1025.8153     8.3710    25.5925     7.0507    214.838    9.47933  288.84106     74.379 -9.990e-29
   40.43232  -72.37768     48.951     48.569     8.3758    32.9285      7.911     0.0013 5.0640e-11  1025.8157     8.3709    25.5925     7.0572    215.037    9.47931  288.84036     74.448 -9.990e-29
   40.43232  -72.37768     48.958     48.575     8.3761    32.9285      7.911     0.0013 5.0640e-11  1025.8153     8.3712    25.5925     7.0512    214.855    9.47934  288.84146     74.385 -9.990e-29
   40.43232  -72.37768     48.958     48.575     8.3759    32.9285      7.911     0.0013 5.0640e-11  1025.8155     8.3710    25.5925     7.0578    215.055    9.47932  288.84077     74.455 -9.990e-29
   40.43232  -72.37768     48.958     48.575     8.3759    32.9287      7.911     0.0013 5.0640e-11  1025.8157     8.3710    25.5927     7.0581    215.065    9.47933  288.84118     74.458 -9.990e-29
   40.43232  -72.37768     48.971     48.588     8.3759    32.9287      7.911     0.0013 5.0640e-11  1025.8158     8.3710    25.5927     7.0584    215.075    9.47935  288.84172     74.461 -9.990e-29
   40.43232  -72.37768     48.968     48.585     8.3759    32.9287      7.911     0.0013 5.0640e-11  1025.8158     8.3710    25.5926     7.0517    214.870    9.47937  288.84234     74.390 -9.990e-29
   40.43232  -72.37768     48.968     48.585     8.3761    32.9285      7.911     0.0013 5.0640e-11  1025.8155     8.3712    25.5925     7.0583    215.071    9.47936  288.84192     74.460 -9.990e-29
   40.43232  -72.37768     48.971     48.588     8.3761    32.9285      7.911     0.0013 5.0640e-11  1025.8156     8.3712    25.5925     7.0516    214.867    9.47933  288.84130     74.389 -9.990e-29
   40.43232  -72.37768     48.968     48.585     8.3759    32.9284      7.911     0.0013 5.0640e-11  1025.8156     8.3710    25.5924     7.0512    214.856    9.47936  288.84190     74.385 -9.990e-29
   40.43232  -72.37768     48.979     48.596     8.3763    32.9284      7.911     0.0013 5.0640e-11  1025.8150     8.3714    25.5923     7.0509    214.845    9.47936  288.84190     74.382 -9.990e-29
   40.43232  -72.37768     48.968     48.585     8.3759    32.9284      7.911    -0.0121 5.0640e-11  1025.8158     8.3710    25.5924     7.0506    214.836    9.47939  288.84301     74.378 -9.990e-29
   40.43232  -72.37768     48.961     48.578     8.3763    32.9283      7.911     0.0013 5.0640e-11  1025.8154     8.3714    25.5924     7.0503    214.827    9.47935  288.84176     74.375 -9.990e-29
   40.43232  -72.37768     48.979     48.596     8.3761    32.9284      7.911     0.0013 5.0640e-11  1025.8153     8.3712    25.5923     7.0500    214.819    9.47937  288.84230     74.372 -9.990e-29
   40.43232  -72.37768     48.958     48.575     8.3761    32.9284      7.911     0.0013 5.0640e-11  1025.8151     8.3712    25.5923     7.0568    215.026    9.47937  288.84215     74.444 -9.990e-29
   40.43232  -72.37768     48.971     48.588     8.3759    32.9284      7.911     0.0013 5.0640e-11  1025.8155     8.3710    25.5924     7.0574    215.043    9.47937  288.84217     74.450 -9.990e-29
   40.43232  -72.37768     48.958     48.575     8.3761    32.9284      7.911     0.0148 5.0640e-11  1025.8154     8.3712    25.5924     7.0579    215.058    9.47933  288.84111     74.456 -9.990e-29
   40.43232  -72.37768     48.958     48.575     8.3761    32.9284      7.911     0.0148 5.0640e-11  1025.8153     8.3712    25.5923     7.0584    215.074    9.47933  288.84117     74.461 -9.990e-29
   40.43232  -72.37768     48.951     48.569     8.3763    32.9284      7.911     0.0148 5.0640e-11  1025.8152     8.3714    25.5923     7.0590    215.091    9.47936  288.84172     74.467 -9.990e-29
   40.43232  -72.37768     48.937     48.555     8.3759    32.9284      7.911     0.0148 5.0640e-11  1025.8154     8.3710    25.5924     7.0595    215.106    9.47931  288.84055     74.472 -9.990e-29
   40.43232  -72.37768     48.948     48.566     8.3761    32.9284      7.911     0.0148 5.0640e-11  1025.8153     8.3712    25.5924     7.0600    215.123    9.47933  288.84089     74.478 -9.990e-29
