CalculateIndicators/WaterTemperature/Data/CTD_NYOS/20220513_C01.cnv
* Sea-Bird SBE 9 Data File:
* FileName = C:\Seabird 9 CTD\Data\2022\202205_offshore\20220513_C01.hex
* Software Version Seasave V 7.23.2
* Temperature SN = 4590
* Conductivity SN = 3228
* Number of Bytes Per Scan = 44
* Number of Voltage Words = 5
* Number of Scans Averaged by the Deck Unit = 1
* NMEA Latitude = 40 57.54 N
* NMEA Longitude = 073 34.90 W
* NMEA UTC (Time) = Sep 27 2002  01:27:03
* NMEA baud rate = 4800
** Ship: seawolf
** Station: LIS_ARIG
** Operator: TCM
# nquan = 18
# nvalues = 9299                        
# units = specified
# name 0 = latitude: Latitude [deg]
# name 1 = longitude: Longitude [deg]
# name 2 = prDM: Pressure, Digiquartz [db]
# name 3 = depSM: Depth [salt water, m]
# name 4 = t090C: Temperature [ITS-90, deg C]
# name 5 = sal00: Salinity, Practical [PSU]
# name 6 = ph: pH
# name 7 = flECO-AFL: Fluorescence, WET Labs ECO-AFL/FL [mg/m^3]
# name 8 = cpar: CPAR/Corrected Irradiance [%]
# name 9 = density00: Density [density, kg/m^3]
# name 10 = potemp090C: Potential Temperature [ITS-90, deg C]
# name 11 = sigma-é00: Density [sigma-theta, kg/m^3]
# name 12 = sbeox0Mg/L: Oxygen, SBE 43 [mg/l]
# name 13 = sbox0Mm/Kg: Oxygen, SBE 43 [umol/kg]
# name 14 = oxsolMg/L: Oxygen Saturation, Garcia & Gordon [mg/l]
# name 15 = oxsolMm/Kg: Oxygen Saturation, Garcia & Gordon [umol/kg]
# name 16 = sbeox0PS: Oxygen, SBE 43 [% saturation]
# name 17 = flag:  0.000e+00
# span 0 =   40.95902,   40.95912       
# span 1 =  -73.58310,  -73.58166       
# span 2 =      1.619,     14.438       
# span 3 =      1.606,     14.326       
# span 4 =    10.2949,    12.2633       
# span 5 =    25.7329,    25.8471       
# span 6 =      7.991,      8.083       
# span 7 =     1.0624,     1.8414       
# span 8 = 9.9999e+04, 9.9999e+04       
# span 9 =  1019.4270,  1019.8336       
# span 10 =    10.2934,    12.2629      
# span 11 =    19.4063,    19.7680      
# span 12 =     9.0233,    10.0490      
# span 13 =    276.516,    308.022      
# span 14 =    9.11288,    9.50762      
# span 15 =  279.35883,  291.35794      
# span 16 =     94.911,    108.967      
# span 17 = 0.0000e+00, 0.0000e+00      
# interval = seconds: 0.0416667
# start_time = May 13 2022 01:27:04 [System UTC, first data scan.]
# bad_flag = -9.990e-29
*END*
[from data line 6272]
   40.95908  -73.58260      6.590      6.539    11.6406    25.7791      8.070     1.2907 9.9999e+04  1019.5317    11.6399    19.5013     9.9560    305.177    9.24274  283.31329    107.717 -9.990e-29
   40.95908  -73.58260      6.589      6.537    11.6421    25.7791      8.070     1.2907 9.9999e+04  1019.5310    11.6414    19.5011     9.9560    305.176    9.24245  283.30447    107.720 -9.990e-29
   40.95908  -73.58260      6.580      6.529    11.6411    25.7781      8.070     1.2907 9.9999e+04  1019.5305    11.6404    19.5004     9.9558    305.169    9.24188  283.28663    107.725 -9.990e-29
   40.95908  -73.58260      6.589      6.537    11.6388    25.7768      8.070     1.3042 9.9999e+04  1019.5293    11.6380    19.4997     9.9555    305.159    9.24112  283.26328    107.730 -9.990e-29
   40.95908  -73.58260      6.589      6.537    11.6360    25.7755      8.070     1.3310 9.9999e+04  1019.5291    11.6352    19.4992     9.9553    305.154    9.24042  283.24214    107.736 -9.990e-29
   40.95908  -73.58260      6.580      6.529    11.6341    25.7755      8.070     1.3310 9.9999e+04  1019.5282    11.6334    19.4990     9.9555    305.161    9.23999  283.22884    107.743 -9.990e-29
   40.95908  -73.58260      6.578      6.527    11.6301    25.7755      8.070     1.3310 9.9999e+04  1019.5291    11.6293    19.4999     9.9566    305.195    9.23971  283.22056    107.759 -9.990e-29
   40.95908  -73.58260      6.590      6.539    11.6249    25.7767      8.070     1.3310 9.9999e+04  1019.5316    11.6241    19.5018     9.9631    305.396    9.23956  283.21607    107.831 -9.990e-29
   40.95908  -73.58260      6.589      6.537    11.6219    25.7788      8.070     1.3310 9.9999e+04  1019.5340    11.6212    19.5039     9.9588    305.261    9.23940  283.21094    107.786 -9.990e-29
   40.95908  -73.58260      6.589      6.537    11.6216    25.7810      8.070     1.3310 9.9999e+04  1019.5359    11.6208    19.5057     9.9592    305.276    9.23885  283.19392    107.798 -9.990e-29
   40.95908  -73.58260      6.580      6.529    11.6231    25.7826      8.070     1.3310 9.9999e+04  1019.5372    11.6223    19.5068     9.9596    305.286    9.23806  283.17055    107.810 -9.990e-29
   40.95908  -73.58260      6.578      6.527    11.6260    25.7826      8.070     1.3310 9.9999e+04  1019.5372    11.6253    19.5069     9.9605    305.316    9.23778  283.16176    107.824 -9.990e-29
   40.95908  -73.58260      6.589      6.537    11.6279    25.7826      8.070     1.3310 9.9999e+04  1019.5361    11.6272    19.5060     9.9613    305.340    9.23723  283.14461    107.839 -9.990e-29
   40.95908  -73.58260      6.590      6.539    11.6291    25.7813      8.070     1.3310 9.9999e+04  1019.5347    11.6284    19.5049     9.9614    305.343    9.23652  283.12306    107.848 -9.990e-29
   40.95908  -73.58260      6.578      6.527    11.6302    25.7800      8.070     1.3310 9.9999e+04  1019.5334    11.6294    19.5037     9.9617    305.351    9.23593  283.10519    107.858 -9.990e-29
   40.95908  -73.58260      6.580      6.529    11.6304    25.7789      8.070     1.3310 9.9999e+04  1019.5325    11.6297    19.5028     9.9622    305.367    9.23546  283.09098    107.869 -9.990e-29
   40.95908  -73.58260      6.589      6.537    11.6296    25.7780      8.070     1.3310 9.9999e+04  1019.5319    11.6289    19.5022     9.9633    305.401    9.23546  283.09086    107.881 -9.990e-29
   40.95908  -73.58260      6.589      6.537    11.6282    25.7780      8.070     1.3310 9.9999e+04  1019.5316    11.6274    19.5021     9.9646    305.441    9.23559  283.09497    107.894 -9.990e-29
   40.95908  -73.58260      6.580      6.529    11.6271    25.7780      8.070     1.3310 9.9999e+04  1019.5323    11.6263    19.5023     9.9652    305.459    9.23554  283.09342    107.901 -9.990e-29
   40.95908  -73.58260      6.589      6.537    11.6292    25.7787      8.070     1.3310 9.9999e+04  1019.5328    11.6285    19.5025     9.9657    305.474    9.23537  283.08844    107.908 -9.990e-29
   40.95908  -73.58260      6.580      6.529    11.6333    25.7794      8.070     1.3310 9.9999e+04  1019.5321    11.6326    19.5026     9.9664    305.497    9.23537  283.08883    107.916 -9.990e-29
   40.95908  -73.58260      6.589      6.537    11.6359    25.7804      8.070     1.3310 9.9999e+04  1019.5327    11.6352    19.5030     9.9678    305.540    9.23593  283.10572    107.924 -9.990e-29
   40.95908  -73.58260      6.589      6.537    11.6376    25.7815      8.070     1.3310 9.9999e+04  1019.5337    11.6369    19.5037     9.9696    305.594    9.23675  283.13069    107.934 -9.990e-29
   40.95908  -73.58260      6.590      6.539    11.6378    25.7815      8.070     1.3310 9.9999e+04  1019.5343    11.6370    19.5042     9.9721    305.669    9.23815  283.17281    107.944 -9.990e-29
   40.95908  -73.58260      6.578      6.527    11.6346    25.7815      8.070     1.3310 9.9999e+04  1019.5352    11.6339    19.5039     9.9750    305.759    9.23993  283.22690    107.956 -9.990e-29
   40.95908  -73.58260      6.580      6.529    11.6333    25.7789      8.070     1.3310 9.9999e+04  1019.5320    11.6325    19.5024     9.9766    305.808    9.24103  283.26109    107.960 -9.990e-29
   40.95908  -73.58260      6.589      6.537    11.6298    25.7770      8.070     1.3310 9.9999e+04  1019.5297    11.6291    19.5008     9.9781    305.855    9.24203  283.29174    107.965 -9.990e-29
   40.95908  -73.58260      6.578      6.527    11.6276    25.7770      8.070     1.3176 9.9999e+04  1019.5296    11.6269    19.5007     9.9792    305.887    9.24260  283.30875    107.970 -9.990e-29
   40.95908  -73.58260      6.590      6.539    11.6281    25.7770 -9.990e-29     1.2370 9.9999e+04  1019.5324    11.6273    19.5014     9.9802    305.918    9.24309  283.32393    107.975 -9.990e-29
   40.95908  -73.58260      6.578      6.527    11.6343    25.7776 -9.990e-29     1.2101 9.9999e+04  1019.5311    11.6335    19.5014     9.9810    305.942    9.24339  283.33314    107.980 -9.990e-29
   40.95908  -73.58260      6.589      6.538    11.6346    25.7777 -9.990e-29     1.2101 9.9999e+04  1019.5307    11.6339    19.5014     9.9821    305.976    9.24392  283.34933    107.986 -9.990e-29
   40.95908  -73.58260      6.569      6.518    11.6298    25.7779 -9.990e-29     1.2236 9.9999e+04  1019.5316    11.6290    19.5020     9.9824    305.984    9.24369  283.34155    107.991 -9.990e-29
   40.95908  -73.58260      6.589      6.538    11.6263    25.7786 -9.990e-29     1.2236 9.9999e+04  1019.5328    11.6255    19.5031     9.9804    305.924    9.24205  283.29131    107.989 -9.990e-29
   40.95908  -73.58260      6.569      6.518    11.6242    25.7798 -9.990e-29     1.2236 -9.990e-29  1019.5343    11.6234    19.5044     9.9793    305.889    9.24053  283.24492    107.994 -9.990e-29
   40.95908  -73.58260      6.578      6.527    11.6227    25.7811 -9.990e-29     1.2236 9.9999e+04  1019.5358    11.6220    19.5057     9.9794    305.892    9.24015  283.23368    108.000 -9.990e-29
   40.95908  -73.58260      6.578      6.527    11.6218    25.7818 -9.990e-29     1.2236 9.9999e+04  1019.5367    11.6210    19.5064     9.9803    305.921    9.24097  283.25908    108.000 -9.990e-29
   40.95908  -73.58260      6.580      6.529    11.6215    25.7819 -9.990e-29     1.2236 9.9999e+04  1019.5365    11.6208    19.5066     9.9816    305.961    9.24215  283.29513    108.001 -9.990e-29
   40.95908  -73.58260      6.568      6.517    11.6211    25.7819 -9.990e-29     1.2236 9.9999e+04  1019.5361    11.6203    19.5066     9.9883    306.168    9.24303  283.32202    108.064 -9.990e-29
   40.95908  -73.58260      6.580      6.529    11.6199    25.7819 -9.990e-29     1.2236 9.9999e+04  1019.5367    11.6191    19.5067     9.9838    306.028    9.24362  283.34015    108.007 -9.990e-29
   40.95908  -73.58260      6.578      6.527    11.6206    25.7818 -9.990e-29     1.2236 9.9999e+04  1019.5367    11.6198    19.5066     9.9902    306.225    9.24424  283.35887    108.070 -9.990e-29
   40.95908  -73.58260      6.568      6.517    11.6220    25.7816 -9.990e-29     1.2236 9.9999e+04  1019.5360    11.6213    19.5062     9.9911    306.251    9.24454  283.36787    108.075 -9.990e-29
   40.95908  -73.58260      6.569      6.518    11.6233    25.7812 -9.990e-29     1.2236 9.9999e+04  1019.5353    11.6225    19.5059     9.9863    306.105    9.24499  283.38177    108.018 -9.990e-29
   40.95908  -73.58260      6.568      6.517    11.6221    25.7810 -9.990e-29     1.2236 9.9999e+04  1019.5356    11.6213    19.5059     9.9933    306.320    9.24617  283.41758    108.081 -9.990e-29
   40.95908  -73.58260      6.569      6.518    11.6195    25.7808 -9.990e-29     1.2236 9.9999e+04  1019.5362    11.6188    19.5060     9.9896    306.204    9.24757  283.45924    108.024 -9.990e-29
   40.95908  -73.58260      6.578      6.527    11.6181    25.7798 -9.990e-29     1.2236 9.9999e+04  1019.5358    11.6173    19.5055     9.9955    306.384    9.24774  283.46448    108.085 -9.990e-29
   40.95908  -73.58260      6.557      6.506    11.6177    25.7783 -9.990e-29     1.2236 9.9999e+04  1019.5337    11.6170    19.5046     9.9896    306.204    9.24728  283.45053    108.027 -9.990e-29
   40.95908  -73.58260      6.569      6.518    11.6142    25.7783 -9.990e-29     1.2236 9.9999e+04  1019.5335    11.6135    19.5044     9.9888    306.180    9.24670  283.43289    108.025 -9.990e-29
   40.95908  -73.58260      6.568      6.517    11.6106    25.7783 -9.990e-29     1.2236 9.9999e+04  1019.5351    11.6098    19.5051     9.9883    306.166    9.24644  283.42510    108.023 -9.990e-29
   40.95908  -73.58260      6.569      6.518    11.6094    25.7787 -9.990e-29     1.2236 9.9999e+04  1019.5359    11.6087    19.5059     9.9878    306.150    9.24610  283.41492    108.022 -9.990e-29
   40.95908  -73.58260      6.557      6.506    11.6107    25.7797 -9.990e-29     1.2236 9.9999e+04  1019.5359    11.6100    19.5065     9.9874    306.139    9.24590  283.40910    108.020 -9.990e-29
   40.95908  -73.58260      6.557      6.506    11.6129    25.7810 -9.990e-29     1.2236 9.9999e+04  1019.5374    11.6122    19.5072     9.9873    306.135    9.24593  283.40989    108.018 -9.990e-29
   40.95908  -73.58260      6.569      6.518    11.6164    25.7819 -9.990e-29     1.2236 9.9999e+04  1019.5377    11.6157    19.5074     9.9870    306.127    9.24582  283.40671    108.017 -9.990e-29
   40.95908  -73.58260      6.557      6.506    11.6201    25.7819 -9.990e-29     1.2370 9.9999e+04  1019.5366    11.6193    19.5070     9.9868    306.118    9.24570  283.40279    108.015 -9.990e-29
   40.95908  -73.58260      6.557      6.506    11.6222    25.7819 -9.990e-29     1.2504 9.9999e+04  1019.5363    11.6215    19.5065     9.9866    306.113    9.24567  283.40221    108.014 -9.990e-29
   40.95908  -73.58260      6.569      6.518    11.6237    25.7819 -9.990e-29     1.2504 9.9999e+04  1019.5359    11.6230    19.5061     9.9923    306.287    9.24570  283.40315    108.075 -9.990e-29
   40.95908  -73.58260      6.557      6.506    11.6246    25.7819 -9.990e-29     1.2504 9.9999e+04  1019.5353    11.6238    19.5058     9.9860    306.093    9.24489  283.37765    108.016 -9.990e-29
   40.95908  -73.58260      6.560      6.509    11.6253    25.7820 -9.990e-29     1.2504 9.9999e+04  1019.5356    11.6245    19.5058     9.9836    306.020    9.24238  283.30083    108.019 -9.990e-29
   40.95908  -73.58260      6.557      6.506    11.6277    25.7820 -9.990e-29     1.2504 9.9999e+04  1019.5360    11.6270    19.5055     9.9859    306.092    9.23946  283.21148    108.079 -9.990e-29
   40.95908  -73.58260      6.557      6.506    11.6322    25.7821 -9.990e-29     1.2504 9.9999e+04  1019.5339    11.6314    19.5050     9.9834    306.014    9.23683  283.13125    108.082 -9.990e-29
   40.95908  -73.58260      6.560      6.509    11.6333    25.7825 -9.990e-29     1.2504 9.9999e+04  1019.5345    11.6325    19.5051     9.9758    305.783    9.23494  283.07396    108.022 -9.990e-29
   40.95908  -73.58260      6.557      6.506    11.6354    25.7830 -9.990e-29     1.2504 9.9999e+04  1019.5357    11.6347    19.5053     9.9745    305.745    9.23399  283.04571    108.020 -9.990e-29
   40.95908  -73.58260      6.560      6.509    11.6391    25.7830 -9.990e-29     1.2504 9.9999e+04  1019.5348    11.6384    19.5049     9.9755    305.774    9.23502  283.07720    108.018 -9.990e-29
   40.95908  -73.58260      6.557      6.506    11.6424    25.7830 -9.990e-29     1.2504 9.9999e+04  1019.5334    11.6417    19.5040     9.9766    305.809    9.23619  283.11269    108.017 -9.990e-29
   40.95908  -73.58260      6.568      6.517    11.6448    25.7828 -9.990e-29     1.2504 9.9999e+04  1019.5331    11.6440    19.5035     9.9752    305.766    9.23511  283.07948    108.014 -9.990e-29
   40.95908  -73.58260      6.560      6.509    11.6448    25.7828 -9.990e-29     1.2504 9.9999e+04  1019.5331    11.6440    19.5034     9.9732    305.704    9.23351  283.03103    108.011 -9.990e-29
   40.95908  -73.58260      6.557      6.506    11.6441    25.7827 -9.990e-29     1.2504 9.9999e+04  1019.5331    11.6434    19.5033     9.9718    305.663    9.23248  282.99931    108.008 -9.990e-29
   40.95908  -73.58260      6.570      6.519    11.6444    25.7824 -9.990e-29     1.2504 9.9999e+04  1019.5330    11.6437    19.5030     9.9708    305.630    9.23171  282.97571    108.006 -9.990e-29
   40.95908  -73.58260      6.557      6.506    11.6455    25.7818 -9.990e-29     1.2504 9.9999e+04  1019.5323    11.6447    19.5025     9.9701    305.610    9.23131  282.96351    108.003 -9.990e-29
   40.95908  -73.58260      6.568      6.517    11.6458    25.7811 -9.990e-29     1.2504 9.9999e+04  1019.5313    11.6451    19.5020     9.9699    305.605    9.23132  282.96405    108.001 -9.990e-29
   40.95908  -73.58260      6.560      6.509    11.6431    25.7811 -9.990e-29     1.2504 9.9999e+04  1019.5315    11.6424    19.5022     9.9688    305.570    9.23049  282.93878    107.999 -9.990e-29
   40.95908  -73.58260      6.568      6.517    11.6389    25.7811 -9.990e-29     1.2504 9.9999e+04  1019.5324    11.6382    19.5032     9.9670    305.515    9.22907  282.89563    107.996 -9.990e-29
   40.95908  -73.58260      6.560      6.509    11.6314    25.7811 -9.990e-29     1.2504 9.9999e+04  1019.5349    11.6307    19.5050     9.9659    305.483    9.22830  282.87251    107.993 -9.990e-29
   40.95908  -73.58260      6.568      6.517    11.6222    25.7811 -9.990e-29     1.2504 9.9999e+04  1019.5372    11.6215    19.5061     9.9661    305.488    9.22860  282.88237    107.991 -9.990e-29
   40.95908  -73.58260      6.557      6.506    11.6176    25.7806 -9.990e-29     1.2504 9.9999e+04  1019.5355    11.6168    19.5061     9.9685    305.564    9.23097  282.95535    107.990 -9.990e-29
   40.95908  -73.58260      6.570      6.519    11.6129    25.7795 -9.990e-29     1.2504 9.9999e+04  1019.5355    11.6122    19.5060     9.9723    305.678    9.23442  283.06066    107.990 -9.990e-29
   40.95908  -73.58260      6.568      6.517    11.6099    25.7792 -9.990e-29     1.2504 9.9999e+04  1019.5365    11.6091    19.5063     9.9754    305.773    9.23737  283.15031    107.990 -9.990e-29
   40.95908  -73.58260      6.568      6.517    11.6076    25.7792 -9.990e-29     1.2639 9.9999e+04  1019.5364    11.6068    19.5064     9.9777    305.843    9.23956  283.21736    107.989 -9.990e-29
   40.95908  -73.58260      6.560      6.509    11.6064    25.7792 -9.990e-29     1.3042 9.9999e+04  1019.5358    11.6056    19.5065     9.9851    306.070    9.24118  283.26666    108.050 -9.990e-29
   40.95908  -73.58260      6.568      6.517    11.6035    25.7792 -9.990e-29     1.3042 9.9999e+04  1019.5367    11.6028    19.5073     9.9868    306.121    9.24231  283.30084    108.055 -9.990e-29
