CalculateIndicators/WaterTemperature/Data/CTD_NYOS/202200728_C13.cnv
* Sea-Bird SBE 9 Data File:
* FileName = C:\Seabird 9 CTD\Data\2022\202207_offshore\202200728_C13.hex
* Software Version Seasave V 7.23.2
* Temperature SN = 4590
* Conductivity SN = 3228
* Number of Bytes Per Scan = 44
* Number of Voltage Words = 5
* Number of Scans Averaged by the Deck Unit = 1
* NMEA Latitude = 40 15.89 N
* NMEA Longitude = 073 00.56 W
* NMEA UTC (Time) = Dec 12 2002  12:42:10
* NMEA baud rate = 4800
** Ship: seawolf
** Station: 5.2
** Operator: TCM
# nquan = 18
# nvalues = 11919                       
# units = specified
# name 0 = latitude: Latitude [deg]
# name 1 = longitude: Longitude [deg]
# name 2 = prDM: Pressure, Digiquartz [db]
# name 3 = depSM: Depth [salt water, m]
# name 4 = t090C: Temperature [ITS-90, deg C]
# name 5 = sal00: Salinity, Practical [PSU]
# name 6 = ph: pH
# name 7 = flECO-AFL: Fluorescence, WET Labs ECO-AFL/FL [mg/m^3]
# name 8 = cpar: CPAR/Corrected Irradiance [%]
# name 9 = density00: Density [density, kg/m^3]
# name 10 = potemp090C: Potential Temperature [ITS-90, deg C]
# name 11 = sigma-é00: Density [sigma-theta, kg/m^3]
# name 12 = sbeox0Mg/L: Oxygen, SBE 43 [mg/l]
# name 13 = sbox0Mm/Kg: Oxygen, SBE 43 [umol/kg]
# name 14 = oxsolMg/L: Oxygen Saturation, Garcia & Gordon [mg/l]
# name 15 = oxsolMm/Kg: Oxygen Saturation, Garcia & Gordon [umol/kg]
# name 16 = sbeox0PS: Oxygen, SBE 43 [% saturation]
# name 17 = flag:  0.000e+00
# span 0 =   40.26452,   40.26494       
# span 1 =  -73.00932,  -73.00830       
# span 2 =      1.488,     39.548       
# span 3 =      1.477,     39.240       
# span 4 =     9.1204,    24.4585       
# span 5 =    31.4028,    37.4304       
# span 6 =      7.880,      8.161       
# span 7 =     0.1625,     1.2773       
# span 8 = 3.1509e-02, 4.2707e+01       
# span 9 =  1020.9292,  1031.3417       
# span 10 =     9.1164,    24.4571      
# span 11 =    20.9212,    30.4988      
# span 12 =     6.8372,     9.8033      
# span 13 =    208.391,    299.054      
# span 14 =    6.96262,    9.33568      
# span 15 =  213.09982,  284.53983      
# span 16 =     73.249,    120.092      
# span 17 = 0.0000e+00, 0.0000e+00      
# interval = seconds: 0.0416667
# start_time = Jul 28 2022 12:42:10 [System UTC, first data scan.]
# bad_flag = -9.990e-29
*END*
[from data line 2332]
   40.26486  -73.00914     31.928     31.680     9.1449    32.7333 -9.990e-29     0.2431 1.6159e-01  1025.4659     9.1416    25.3214     6.9024    210.376    9.33263  284.44616     73.960 0.0000e+00
   40.26486  -73.00914     31.937     31.689     9.1451    32.7321 -9.990e-29     0.2297 1.6094e-01  1025.4655     9.1417    25.3205     6.9025    210.378    9.33251  284.44268     73.961 0.0000e+00
   40.26486  -73.00914     31.948     31.700     9.1451    32.7311 -9.990e-29     0.2431 1.6076e-01  1025.4646     9.1417    25.3198     6.9026    210.383    9.33234  284.43781     73.965 0.0000e+00
   40.26486  -73.00914     31.968     31.720     9.1436    32.7301 -9.990e-29     0.2297 1.6029e-01  1025.4643     9.1402    25.3191     6.9032    210.400    9.33248  284.44232     73.969 0.0000e+00
   40.26486  -73.00914     31.988     31.740     9.1423    32.7292 -9.990e-29     0.2297 1.6011e-01  1025.4635     9.1389    25.3186     6.9041    210.427    9.33284  284.45306     73.976 -9.990e-29
   40.26486  -73.00914     31.988     31.740     9.1389    32.7292 -9.990e-29     0.2431 1.5947e-01  1025.4635     9.1355    25.3186     6.8982    210.249    9.33317  284.46314     73.911 -9.990e-29
   40.26486  -73.00914     32.009     31.761     9.1362    32.7292 -9.990e-29     0.2297 1.5930e-01  1025.4642     9.1328    25.3191     6.9056    210.473    9.33346  284.47188     73.987 0.0000e+00
   40.26486  -73.00914     32.030     31.781     9.1344    32.7293 -9.990e-29     0.2431 1.5960e-01  1025.4654     9.1310    25.3198     6.8999    210.300    9.33363  284.47678     73.925 0.0000e+00
   40.26486  -73.00914     32.039     31.791     9.1336    32.7299 -9.990e-29     0.2431 1.5896e-01  1025.4658     9.1303    25.3204     6.9005    210.319    9.33371  284.47915     73.931 -9.990e-29
   40.26486  -73.00914     32.039     31.791     9.1328    32.7304 -9.990e-29     0.2297 1.5849e-01  1025.4665     9.1294    25.3210     6.9005    210.320    9.33376  284.48062     73.931 -9.990e-29
   40.26486  -73.00914     32.060     31.811     9.1323    32.7308 -9.990e-29     0.2431 1.5879e-01  1025.4672     9.1289    25.3214     6.9007    210.324    9.33379  284.48137     73.933 0.0000e+00
   40.26486  -73.00914     32.070     31.821     9.1325    32.7308 -9.990e-29     0.2297 1.5862e-01  1025.4668     9.1291    25.3214     6.9010    210.333    9.33382  284.48231     73.935 0.0000e+00
   40.26486  -73.00914     32.081     31.832     9.1324    32.7308 -9.990e-29     0.2431 1.5892e-01  1025.4671     9.1291    25.3214     6.9015    210.348    9.33387  284.48387     73.940 0.0000e+00
   40.26486  -73.00914     32.090     31.841     9.1321    32.7307 -9.990e-29     0.2431 1.5922e-01  1025.4672     9.1287    25.3213     6.8952    210.157    9.33392  284.48543     73.873 0.0000e+00
   40.26486  -73.00914     32.111     31.862     9.1323    32.7304 -9.990e-29     0.2431 1.5811e-01  1025.4666     9.1289    25.3211     6.9022    210.369    9.33397  284.48678     73.947 0.0000e+00
   40.26488  -73.00918     32.121     31.871     9.1315    32.7304 -9.990e-29     0.2431 1.5748e-01  1025.4670     9.1281    25.3211     6.8961    210.185    9.33388  284.48425     73.883 -9.990e-29
   40.26488  -73.00918     32.121     31.871     9.1311    32.7304 -9.990e-29     0.2297 1.5748e-01  1025.4668     9.1277    25.3212     6.8957    210.173    9.33384  284.48299     73.879 -9.990e-29
   40.26488  -73.00918     32.132     31.882     9.1303    32.7304 -9.990e-29     0.2431 1.5778e-01  1025.4674     9.1269    25.3213     6.8963    210.189    9.33387  284.48393     73.884 0.0000e+00
   40.26488  -73.00918     32.141     31.892     9.1300    32.7304 -9.990e-29     0.2431 1.5762e-01  1025.4673     9.1267    25.3215     6.8962    210.188    9.33388  284.48435     73.884 0.0000e+00
   40.26488  -73.00918     32.151     31.901     9.1298    32.7306 -9.990e-29     0.2431 1.5762e-01  1025.4675     9.1264    25.3217     6.8964    210.193    9.33394  284.48605     73.885 0.0000e+00
   40.26488  -73.00918     32.162     31.912     9.1298    32.7310 -9.990e-29     0.2297 1.5792e-01  1025.4679     9.1264    25.3219     6.8967    210.202    9.33402  284.48841     73.888 0.0000e+00
   40.26488  -73.00918     32.172     31.922     9.1295    32.7312 -9.990e-29     0.2028 1.5775e-01  1025.4684     9.1262    25.3221     6.8972    210.216    9.33409  284.49064     73.892 0.0000e+00
   40.26488  -73.00918     32.181     31.931     9.1298    32.7312 -9.990e-29     0.2028 1.5729e-01  1025.4682     9.1264    25.3222     6.8978    210.235    9.33416  284.49288     73.898 -9.990e-29
   40.26488  -73.00918     32.172     31.922     9.1298    32.7312 -9.990e-29     0.2162 1.5759e-01  1025.4683     9.1264    25.3221     6.8985    210.258    9.33423  284.49484     73.906 -9.990e-29
   40.26488  -73.00918     32.202     31.952     9.1301    32.7310 -9.990e-29     0.2028 1.5666e-01  1025.4682     9.1267    25.3219     6.8994    210.284    9.33425  284.49525     73.915 -9.990e-29
   40.26488  -73.00918     32.192     31.942     9.1304    32.7307 -9.990e-29     0.2028 1.5696e-01  1025.4676     9.1270    25.3216     6.8996    210.292    9.33425  284.49527     73.917 -9.990e-29
   40.26488  -73.00918     32.213     31.963     9.1303    32.7306 -9.990e-29     0.2028 1.5650e-01  1025.4678     9.1269    25.3215     6.8931    210.094    9.33426  284.49582     73.848 0.0000e+00
   40.26488  -73.00918     32.223     31.973     9.1300    32.7306 -9.990e-29     0.2162 1.5634e-01  1025.4678     9.1266    25.3215     6.8999    210.299    9.33433  284.49778     73.919 -9.990e-29
   40.26488  -73.00918     32.223     31.973     9.1300    32.7306 -9.990e-29     0.2162 1.5618e-01  1025.4678     9.1267    25.3216     6.9006    210.321    9.33442  284.50069     73.926 -9.990e-29
   40.26488  -73.00918     32.232     31.982     9.1296    32.7307 -9.990e-29     0.2028 1.5618e-01  1025.4681     9.1262    25.3218     6.9014    210.345    9.33445  284.50137     73.935 0.0000e+00
   40.26488  -73.00918     32.243     31.993     9.1293    32.7308 -9.990e-29     0.2162 1.5602e-01  1025.4684     9.1259    25.3219     6.8953    210.161    9.33441  284.50010     73.870 -9.990e-29
   40.26488  -73.00918     32.243     31.993     9.1294    32.7309 -9.990e-29     0.2162 1.5572e-01  1025.4681     9.1260    25.3219     6.8949    210.146    9.33434  284.49825     73.866 -9.990e-29
   40.26488  -73.00918     32.253     32.003     9.1291    32.7311 -9.990e-29     0.2028 1.5512e-01  1025.4687     9.1257    25.3221     6.9022    210.369    9.33433  284.49800     73.944 0.0000e+00
   40.26488  -73.00918     32.263     32.012     9.1293    32.7312 -9.990e-29     0.2162 1.5391e-01  1025.4687     9.1259    25.3221     6.8958    210.175    9.33435  284.49854     73.876 0.0000e+00
   40.26488  -73.00918     32.274     32.023     9.1293    32.7312 -9.990e-29     0.2162 1.5345e-01  1025.4685     9.1259    25.3221     6.8957    210.171    9.33427  284.49609     73.875 -9.990e-29
   40.26488  -73.00918     32.274     32.023     9.1295    32.7312 -9.990e-29     0.2028 1.5316e-01  1025.4689     9.1261    25.3222     6.8957    210.172    9.33427  284.49582     73.875 -9.990e-29
   40.26488  -73.00918     32.294     32.044     9.1296    32.7312 -9.990e-29     0.2162 1.5271e-01  1025.4690     9.1262    25.3222     6.8959    210.178    9.33428  284.49612     73.877 -9.990e-29
   40.26488  -73.00918     32.294     32.044     9.1296    32.7310 -9.990e-29     0.2028 1.5271e-01  1025.4684     9.1262    25.3220     6.8962    210.185    9.33423  284.49487     73.880 -9.990e-29
   40.26488  -73.00918     32.304     32.053     9.1290    32.7310 -9.990e-29     0.2028 1.5255e-01  1025.4684     9.1256    25.3219     6.8966    210.199    9.33430  284.49703     73.885 -9.990e-29
   40.26486  -73.00914     32.304     32.053     9.1283    32.7310 -9.990e-29     0.2162 1.5210e-01  1025.4688     9.1249    25.3220     6.8964    210.193    9.33432  284.49758     73.882 -9.990e-29
   40.26486  -73.00914     32.325     32.074     9.1282    32.7313 -9.990e-29     0.2028 1.5165e-01  1025.4687     9.1248    25.3224     6.8894    209.981    9.33435  284.49841     73.807 0.0000e+00
   40.26486  -73.00914     32.336     32.085     9.1283    32.7323 -9.990e-29     0.2028 1.5165e-01  1025.4700     9.1248    25.3232     6.8956    210.167    9.33434  284.49802     73.873 -9.990e-29
   40.26486  -73.00914     32.334     32.083     9.1287    32.7330 -9.990e-29     0.2162 1.5194e-01  1025.4712     9.1253    25.3238     6.8895    209.984    9.33438  284.49925     73.808 -9.990e-29
   40.26486  -73.00914     32.355     32.104     9.1314    32.7330 -9.990e-29     0.2162 1.5149e-01  1025.4706     9.1280    25.3236     6.8898    209.992    9.33438  284.49927     73.811 -9.990e-29
   40.26486  -73.00914     32.355     32.104     9.1334    32.7330 -9.990e-29     0.2028 1.5149e-01  1025.4699     9.1300    25.3231     6.8964    210.193    9.33446  284.50178     73.881 -9.990e-29
   40.26486  -73.00914     32.366     32.115     9.1341    32.7324 -9.990e-29     0.2162 1.5133e-01  1025.4695     9.1307    25.3224     6.8900    209.998    9.33448  284.50227     73.812 -9.990e-29
   40.26486  -73.00914     32.365     32.113     9.1344    32.7317 -9.990e-29     0.2162 1.5089e-01  1025.4686     9.1310    25.3218     6.8907    210.018    9.33455  284.50456     73.819 -9.990e-29
   40.26486  -73.00914     32.385     32.134     9.1342    32.7312 -9.990e-29     0.2297 1.5118e-01  1025.4683     9.1308    25.3215     6.8907    210.021    9.33460  284.50601     73.819 0.0000e+00
   40.26486  -73.00914     32.406     32.154     9.1334    32.7310 -9.990e-29     0.2297 1.5118e-01  1025.4686     9.1300    25.3213     6.8910    210.027    9.33470  284.50911     73.821 -9.990e-29
   40.26486  -73.00914     32.406     32.154     9.1341    32.7305 -9.990e-29     0.2162 1.5073e-01  1025.4682     9.1307    25.3208     6.8913    210.037    9.33477  284.51127     73.824 -9.990e-29
   40.26486  -73.00914     32.427     32.175     9.1352    32.7297 -9.990e-29     0.2297 1.5029e-01  1025.4673     9.1318    25.3201     6.8917    210.051    9.33488  284.51458     73.828 -9.990e-29
   40.26486  -73.00914     32.427     32.175     9.1349    32.7289 -9.990e-29     0.2162 1.5058e-01  1025.4664     9.1315    25.3196     6.8922    210.066    9.33488  284.51447     73.833 -9.990e-29
   40.26486  -73.00914     32.427     32.175     9.1333    32.7289 -9.990e-29     0.2162 1.4969e-01  1025.4665     9.1299    25.3195     6.8928    210.084    9.33484  284.51320     73.840 -9.990e-29
   40.26486  -73.00914     32.446     32.194     9.1316    32.7289 -9.990e-29     0.2162 1.4969e-01  1025.4669     9.1282    25.3198     6.9004    210.316    9.33485  284.51356     73.921 0.0000e+00
   40.26486  -73.00914     32.467     32.215     9.1300    32.7290 -9.990e-29     0.2297 1.4998e-01  1025.4677     9.1266    25.3203     6.8943    210.129    9.33481  284.51237     73.856 0.0000e+00
   40.26486  -73.00914     32.478     32.225     9.1290    32.7295 -9.990e-29     0.2297 1.4909e-01  1025.4685     9.1256    25.3208     6.8952    210.157    9.33483  284.51285     73.866 0.0000e+00
   40.26486  -73.00914     32.498     32.246     9.1287    32.7298 -9.990e-29     0.2162 1.4865e-01  1025.4686     9.1252    25.3212     6.8954    210.164    9.33474  284.51019     73.869 -9.990e-29
   40.26486  -73.00914     32.497     32.245     9.1283    32.7300 -9.990e-29     0.2297 1.4894e-01  1025.4689     9.1249    25.3214     6.8958    210.175    9.33470  284.50901     73.873 -9.990e-29
   40.26486  -73.00914     32.518     32.265     9.1281    32.7302 -9.990e-29     0.2162 1.4894e-01  1025.4693     9.1246    25.3216     6.8962    210.186    9.33459  284.50565     73.878 -9.990e-29
   40.26486  -73.00914     32.518     32.265     9.1280    32.7302 -9.990e-29     0.2162 1.4894e-01  1025.4692     9.1246    25.3217     6.8967    210.202    9.33456  284.50461     73.883 -9.990e-29
   40.26486  -73.00914     32.538     32.286     9.1277    32.7303 -9.990e-29     0.2162 1.4850e-01  1025.4695     9.1242    25.3218     6.8973    210.222    9.33456  284.50490     73.890 0.0000e+00
   40.26486  -73.00914     32.548     32.295     9.1274    32.7304 -9.990e-29     0.2162 1.4791e-01  1025.4695     9.1240    25.3219     6.8912    210.034    9.33455  284.50445     73.824 0.0000e+00
   40.26486  -73.00914     32.569     32.316     9.1271    32.7304 -9.990e-29     0.2162 1.4747e-01  1025.4698     9.1237    25.3219     6.8906    210.016    9.33460  284.50587     73.818 0.0000e+00
   40.26486  -73.00914     32.589     32.336     9.1275    32.7304 -9.990e-29     0.2297 1.4776e-01  1025.4699     9.1241    25.3219     6.8977    210.233    9.33460  284.50602     73.894 0.0000e+00
   40.26486  -73.00914     32.600     32.347     9.1278    32.7304 -9.990e-29     0.2297 1.4732e-01  1025.4697     9.1244    25.3219     6.8911    210.032    9.33462  284.50657     73.823 0.0000e+00
   40.26486  -73.00914     32.610     32.357     9.1276    32.7304 -9.990e-29     0.2297 1.4688e-01  1025.4700     9.1241    25.3218     6.8909    210.025    9.33470  284.50910     73.820 0.0000e+00
   40.26486  -73.00914     32.620     32.366     9.1277    32.7303 -9.990e-29     0.2162 1.4746e-01  1025.4697     9.1242    25.3218     6.8906    210.016    9.33468  284.50863     73.817 0.0000e+00
   40.26486  -73.00914     32.640     32.387     9.1273    32.7302 -9.990e-29     0.2162 1.4702e-01  1025.4700     9.1239    25.3218     6.8904    210.009    9.33462  284.50649     73.815 0.0000e+00
   40.26486  -73.00914     32.661     32.407     9.1269    32.7302      7.903     0.2162 1.4658e-01  1025.4702     9.1235    25.3218     6.8903    210.006    9.33457  284.50502     73.814 0.0000e+00
   40.26486  -73.00914     32.671     32.417     9.1267    32.7301      7.903     0.2297 1.4687e-01  1025.4700     9.1233    25.3217     6.8903    210.007    9.33457  284.50519     73.815 0.0000e+00
   40.26486  -73.00914     32.691     32.437     9.1264    32.7301      7.903     0.2297 1.4644e-01  1025.4700     9.1229    25.3217     6.8972    210.218    9.33452  284.50358     73.889 0.0000e+00
   40.26486  -73.00914     32.711     32.457     9.1260    32.7301      7.903     0.2297 1.4586e-01  1025.4704     9.1225    25.3218     6.8912    210.035    9.33450  284.50313     73.825 0.0000e+00
   40.26486  -73.00914     32.722     32.468     9.1259    32.7302      7.903     0.2162 1.4586e-01  1025.4706     9.1224    25.3219     6.8915    210.044    9.33457  284.50509     73.828 0.0000e+00
   40.26486  -73.00914     32.742     32.488     9.1259    32.7302      7.903     0.2162 1.4542e-01  1025.4707     9.1224    25.3219     6.8849    209.844    9.33453  284.50404     73.758 0.0000e+00
   40.26486  -73.00914     32.752     32.498     9.1259    32.7302      7.903     0.2297 1.4485e-01  1025.4705     9.1224    25.3219     6.8916    210.046    9.33455  284.50465     73.829 0.0000e+00
   40.26486  -73.00914     32.773     32.518     9.1254    32.7302      7.903     0.2162 1.4442e-01  1025.4709     9.1220    25.3220     6.8913    210.038    9.33448  284.50245     73.826 0.0000e+00
   40.26486  -73.00914     32.792     32.537     9.1250    32.7303      7.903     0.2162 1.4442e-01  1025.4709     9.1216    25.3222     6.8919    210.057    9.33449  284.50286     73.833 0.0000e+00
   40.26486  -73.00914     32.814     32.559     9.1248    32.7303      7.903     0.2297 1.4342e-01  1025.4712     9.1214    25.3223     6.8857    209.868    9.33446  284.50194     73.767 0.0000e+00
   40.26486  -73.00914     32.824     32.569     9.1250    32.7303      7.903     0.2162 1.4327e-01  1025.4714     9.1215    25.3223     6.8927    210.081    9.33446  284.50208     73.842 0.0000e+00
   40.26486  -73.00914     32.843     32.588     9.1254    32.7303      7.903     0.2297 1.4327e-01  1025.4713     9.1219    25.3222     6.8929    210.085    9.33445  284.50177     73.843 0.0000e+00
