CalculateIndicators/WaterTemperature/Data/CTD_NYOS/20220928_C02.cnv
* Sea-Bird SBE 9 Data File:
* FileName = C:\Seabird 9 CTD\Data\2022\202209_offshore\20220928_C02.hex
* Software Version Seasave V 7.23.2
* Temperature SN = 4590
* Conductivity SN = 3228
* Number of Bytes Per Scan = 44
* Number of Voltage Words = 5
* Number of Scans Averaged by the Deck Unit = 1
* NMEA Latitude = 40 26.91 N
* NMEA Longitude = 073 46.13 W
* NMEA UTC (Time) = Feb 12 2003  08:54:39
* NMEA baud rate = 4800
** Ship: seawolf
** Station: 7.1
** Operator: tcm
# nquan = 18
# nvalues = 10106                       
# units = specified
# name 0 = latitude: Latitude [deg]
# name 1 = longitude: Longitude [deg]
# name 2 = prDM: Pressure, Digiquartz [db]
# name 3 = depSM: Depth [salt water, m]
# name 4 = t090C: Temperature [ITS-90, deg C]
# name 5 = sal00: Salinity, Practical [PSU]
# name 6 = ph: pH
# name 7 = flECO-AFL: Fluorescence, WET Labs ECO-AFL/FL [mg/m^3]
# name 8 = cpar: CPAR/Corrected Irradiance [%]
# name 9 = density00: Density [density, kg/m^3]
# name 10 = potemp090C: Potential Temperature [ITS-90, deg C]
# name 11 = sigma-é00: Density [sigma-theta, kg/m^3]
# name 12 = sbeox0Mg/L: Oxygen, SBE 43 [mg/l]
# name 13 = sbox0Mm/Kg: Oxygen, SBE 43 [umol/kg]
# name 14 = oxsolMg/L: Oxygen Saturation, Garcia & Gordon [mg/l]
# name 15 = oxsolMm/Kg: Oxygen Saturation, Garcia & Gordon [umol/kg]
# name 16 = sbeox0PS: Oxygen, SBE 43 [% saturation]
# name 17 = flag:  0.000e+00
# span 0 =   40.44804,   40.44854       
# span 1 =  -73.76890,  -73.76674       
# span 2 =      1.289,     23.899       
# span 3 =      1.279,     23.714       
# span 4 =    12.7990,    20.4344       
# span 5 =    32.2996,    33.5156       
# span 6 =      6.858,      8.159       
# span 7 =     0.1357,     1.1833       
# span 8 = 5.0640e-11, 9.9999e+04       
# span 9 =  1022.6924,  1025.3498       
# span 10 =    12.7959,    20.4320      
# span 11 =    22.6698,    25.2711      
# span 12 =     4.6663,     6.9448      
# span 13 =    142.320,    212.210      
# span 14 =    7.44188,    8.58880      
# span 15 =  227.37298,  261.79798      
# span 16 =     55.405,     92.787      
# span 17 = 0.0000e+00, 0.0000e+00      
# interval = seconds: 0.0416667
# start_time = Sep 28 2022 08:54:42 [System UTC, first data scan.]
# bad_flag = -9.990e-29
*END*
[from data line 4262]
   40.44836  -73.76794     15.324     15.206    17.1132    33.0869      6.866     0.9012 9.9999e+04  1024.0919    17.1107    24.0214     5.4979    167.942    7.50458  229.23668     73.261 0.0000e+00
   40.44836  -73.76794     15.306     15.188    17.1591    33.0608      6.870     0.9012 9.9999e+04  1024.0603    17.1566    23.9923     5.5091    168.287    7.50534  229.26717     73.402 0.0000e+00
   40.44836  -73.76794     15.297     15.178    17.1824    33.0298      6.866     0.9012 9.9999e+04  1024.0231    17.1799    23.9646     5.5198    168.612    7.51103  229.43705     73.489 0.0000e+00
   40.44836  -73.76794     15.294     15.176    17.1629    33.0069      6.866     0.9012 9.9999e+04  1024.0059    17.1604    23.9503     5.5240    168.739    7.50868  229.36377     73.568 0.0000e+00
   40.44836  -73.76794     15.286     15.167    17.1153    32.9986      6.870     0.9012 9.9999e+04  1024.0174    17.1128    23.9518     5.5311    168.961    7.51038  229.42280     73.646 0.0000e+00
   40.44836  -73.76794     15.276     15.158    17.0749    32.9986      6.870     0.9012 9.9999e+04  1024.0269    17.0724    23.9600     5.5489    169.499    7.51815  229.65161     73.807 0.0000e+00
   40.44836  -73.76794     15.264     15.146    17.0367    32.9986      6.870     0.9012 9.9999e+04  1024.0340    17.0342    23.9706     5.5563    169.720    7.51293  229.48780     73.956 0.0000e+00
   40.44836  -73.76794     15.256     15.137    16.9978    33.0098      6.870     0.9012 9.9999e+04  1024.0477    16.9953    23.9881     5.5603    169.846    7.50349  229.20148     74.103 -9.990e-29
   40.44836  -73.76794     15.254     15.136    16.9580    33.0345      6.865     0.9012 9.9999e+04  1024.0806    16.9555    24.0148     5.5719    170.203    7.49690  229.00764     74.322 -9.990e-29
   40.44836  -73.76794     15.235     15.117    16.9343    33.0639      6.870     0.9012 9.9999e+04  1024.1172    16.9318    24.0420     5.5868    170.668    7.49985  229.10797     74.492 0.0000e+00
   40.44836  -73.76794     15.225     15.107    16.9375    33.0855      6.865     0.9549 9.9999e+04  1024.1311    16.9351    24.0589     5.6115    171.421    7.51352  229.52459     74.685 -9.990e-29
   40.44836  -73.76794     15.224     15.106    16.9523    33.0973      6.870     1.0087 9.9999e+04  1024.1347    16.9498    24.0651     5.6385    172.240    7.52314  229.81036     74.949 -9.990e-29
   40.44836  -73.76794     15.235     15.117    16.9753    33.1052      6.870     1.0087 9.9999e+04  1024.1320    16.9728    24.0665     5.6556    172.758    7.52684  229.92020     75.138 -9.990e-29
   40.44836  -73.76794     15.213     15.095    16.9959    33.1103      6.865     0.9952 9.9999e+04  1024.1357    16.9934    24.0668     5.6746    173.340    7.53260  230.09535     75.334 -9.990e-29
   40.44836  -73.76794     15.216     15.098    17.0262    33.1103      6.865     0.9952 9.9999e+04  1024.1360    17.0237    24.0624     5.7015    174.153    7.54076  230.33274     75.609 -9.990e-29
   40.44836  -73.76794     15.195     15.077    17.0698    33.1103      6.866     0.9952 9.9999e+04  1024.1177    17.0673    24.0495     5.7108    174.426    7.53416  230.11909     75.798 -9.990e-29
   40.44836  -73.76794     15.203     15.086    17.1025    33.0968      6.870     0.9952 9.9999e+04  1024.0976    17.1000    24.0320     5.7191    174.690    7.52066  229.71814     76.045 -9.990e-29
   40.44836  -73.76794     15.185     15.068    17.1215    33.0823      6.866     0.9952 9.9999e+04  1024.0792    17.1190    24.0161     5.7373    175.259    7.51817  229.66134     76.312 0.0000e+00
   40.44836  -73.76794     15.173     15.056    17.1299    33.0746      6.866     0.9952 9.9999e+04  1024.0691    17.1275    24.0051     5.7687    176.231    7.53055  230.05336     76.605 0.0000e+00
   40.44836  -73.76794     15.165     15.047    17.1343    33.0746      6.866     0.9952 9.9999e+04  1024.0618    17.1318    24.0006     5.8111    177.533    7.56026  230.97030     76.864 -9.990e-29
   40.44836  -73.76794     15.165     15.047    17.1346    33.0746      6.866     0.9952 9.9999e+04  1024.0657    17.1321    24.0050     5.8558    178.876    7.59091  231.87943     77.142 -9.990e-29
   40.44836  -73.76794     15.152     15.035    17.1412    33.0957      6.866     1.0087 9.9999e+04  1024.0830    17.1387    24.0180     5.8891    179.870    7.60246  232.20269     77.463 0.0000e+00
   40.44836  -73.76794     15.134     15.017    17.1679    33.1299      6.866     1.0087 9.9999e+04  1024.1002    17.1654    24.0360     5.9107    180.521    7.60722  232.33621     77.698 0.0000e+00
   40.44836  -73.76794     15.122     15.005    17.2314    33.1612      6.866     0.9952 9.9999e+04  1024.1313    17.2289    24.0489     5.9416    181.453    7.61618  232.59629     78.012 0.0000e+00
   40.44836  -73.76794     15.114     14.997    17.3569    33.1612      6.870     1.0087 9.9999e+04  1024.1253    17.3544    24.0360     5.9693    182.287    7.62097  232.72262     78.328 0.0000e+00
   40.44836  -73.76794     15.093     14.976    17.4916    33.1612      6.870     0.9952 9.9999e+04  1024.0594    17.4891    23.9921     5.9886    182.867    7.61637  232.57075     78.629 0.0000e+00
   40.44836  -73.76794     15.081     14.964    17.5724    33.1315      6.870     1.0087 9.9999e+04  1023.9930    17.5699    23.9440     6.0043    183.343    7.60789  232.30980     78.922 0.0000e+00
   40.44836  -73.76794     15.063     14.946    17.6231    33.1262      6.870     0.9952 9.9999e+04  1023.9689    17.6206    23.9199     6.0144    183.646    7.59912  232.03502     79.146 0.0000e+00
   40.44836  -73.76794     15.041     14.924    17.7036    33.1228      6.866     0.9952 9.9999e+04  1024.0005    17.7010    23.9066     6.0243    183.957    7.58536  231.62383     79.420 0.0000e+00
   40.44836  -73.76794     15.033     14.916    17.8735    33.1183      6.866     0.9952 9.9999e+04  1023.9449    17.8710    23.8696     6.0373    184.374    7.57585  231.36103     79.691 0.0000e+00
   40.44836  -73.76794     15.002     14.886    17.9871    33.0964      6.866     0.9952 9.9999e+04  1023.8654    17.9845    23.8188     6.0551    184.925    7.57111  231.22594     79.976 0.0000e+00
   40.44836  -73.76794     14.990     14.874    18.0937    33.0808      6.871     1.0087 9.9999e+04  1023.8527    18.0912    23.7762     6.0640    185.191    7.55620  230.76115     80.252 0.0000e+00
   40.44836  -73.76794     14.972     14.856    18.2603    33.0664      6.871     1.0087 9.9999e+04  1023.7968    18.2578    23.7325     6.0631    185.178    7.53762  230.21317     80.438 0.0000e+00
   40.44836  -73.76794     14.939     14.823    18.3760    33.0664      6.866     0.9952 9.9999e+04  1023.7396    18.3734    23.6934     6.0911    186.083    7.54601  230.53140     80.719 0.0000e+00
   40.44836  -73.76794     14.921     14.806    18.4572    33.0664      6.871     1.0221 9.9999e+04  1023.7387    18.4546    23.6727     6.1579    188.143    7.59342  232.00292     81.095 0.0000e+00
   40.44836  -73.76794     14.899     14.784    18.6004    33.0677      6.871     1.0490 9.9999e+04  1023.7314    18.5978    23.6544     6.2243    190.152    7.64319  233.49871     81.436 0.0000e+00
   40.44836  -73.76794     14.880     14.765    18.8016    33.0677      6.871     1.0758 9.9999e+04  1023.6995    18.7990    23.6141     6.2821    191.871    7.67707  234.47732     81.829 0.0000e+00
   40.44836  -73.76794     14.840     14.725    19.0339    33.0677      6.866     1.0758 9.9999e+04  1023.6198    19.0313    23.5409     6.3090    192.644    7.68476  234.65394     82.097 0.0000e+00
   40.44836  -73.76794     14.807     14.692    19.2270    33.0090      6.871     1.0758 9.9999e+04  1023.5011    19.2244    23.4507     6.3227    193.048    7.67587  234.36340     82.371 0.0000e+00
   40.44836  -73.76794     14.779     14.665    19.3454    32.9538      6.871     1.0624 9.9999e+04  1023.4248    19.3428    23.3729     6.3239    193.064    7.65999  233.85285     82.558 0.0000e+00
   40.44836  -73.76794     14.756     14.642    19.4585    32.9163      6.880     1.0758 9.9999e+04  1023.3772    19.4558    23.3143     6.3062    192.522    7.62671  232.83556     82.686 0.0000e+00
   40.44836  -73.76794     14.749     14.635    19.5710    32.8848      6.912     1.0758 9.9999e+04  1023.3267    19.5683    23.2630     6.2866    191.942    7.59331  231.83838     82.791 0.0000e+00
   40.44836  -73.76794     14.696     14.582    19.6633    32.8525      6.922     1.0624 9.9999e+04  1023.2739    19.6607    23.2150     6.2783    191.711    7.56687  231.05786     82.971 0.0000e+00
   40.44836  -73.76794     14.678     14.564    19.7337    32.8231      6.922     1.0624 9.9999e+04  1023.2334    19.7311    23.1735     6.2712    191.515    7.54710  230.48004     83.094 0.0000e+00
   40.44836  -73.76794     14.654     14.541    19.7941    32.7980      6.917     1.0624 9.9999e+04  1023.2004    19.7914    23.1390     6.2692    191.466    7.53259  230.05267     83.227 0.0000e+00
   40.44836  -73.76794     14.627     14.514    19.8397    32.7750      6.917     1.0758 9.9999e+04  1023.1706    19.8371    23.1092     6.2719    191.558    7.51808  229.62071     83.424 0.0000e+00
   40.44836  -73.76794     14.614     14.501    19.8744    32.7556      6.917     1.0624 9.9999e+04  1023.1430    19.8717    23.0850     6.2768    191.720    7.50612  229.26684     83.623 0.0000e+00
   40.44836  -73.76794     14.566     14.454    19.9014    32.7419      6.917     1.0624 9.9999e+04  1023.1301    19.8987    23.0669     6.2808    191.849    7.49816  229.03258     83.765 0.0000e+00
   40.44836  -73.76794     14.546     14.433    19.9321    32.7265      6.917     1.0758 9.9999e+04  1023.1160    19.9295    23.0497     6.2862    192.016    7.49198  228.84952     83.905 0.0000e+00
   40.44836  -73.76794     14.524     14.411    19.9392    32.7102      6.912     1.0624 9.9999e+04  1023.0842    19.9366    23.0368     6.2960    192.321    7.48582  228.66773     84.105 0.0000e+00
   40.44836  -73.76794     14.485     14.373    19.8956    32.7052      6.912     1.0758 9.9999e+04  1023.1013    19.8930    23.0361     6.3016    192.500    7.48063  228.51650     84.239 0.0000e+00
   40.44836  -73.76794     14.473     14.361    19.9080    32.7052      6.912     1.0758 9.9999e+04  1023.1087    19.9054    23.0358     6.3036    192.565    7.47747  228.42509     84.301 0.0000e+00
   40.44836  -73.76794     14.434     14.323    19.9093    32.7052      6.908     1.0758 9.9999e+04  1023.0760    19.9067    23.0348     6.3109    192.790    7.47526  228.36037     84.424 0.0000e+00
   40.44834  -73.76790     14.411     14.299    19.8442    32.7073      6.908     1.0624 9.9999e+04  1023.1143    19.8416    23.0470     6.3124    192.837    7.47302  228.29416     84.469 0.0000e+00
   40.44834  -73.76790     14.383     14.272    19.8707    32.7108      6.908     1.0624 9.9999e+04  1023.1338    19.8681    23.0589     6.3140    192.890    7.47157  228.25177     84.508 0.0000e+00
   40.44834  -73.76790     14.350     14.239    19.9358    32.7108      6.903     1.0624 9.9999e+04  1023.1241    19.9332    23.0514     6.3156    192.939    7.47057  228.22303     84.540 0.0000e+00
   40.44834  -73.76790     14.332     14.221    19.9911    32.7108      6.903     1.0758 9.9999e+04  1023.0915    19.9885    23.0264     6.3233    193.174    7.47107  228.23825     84.637 0.0000e+00
   40.44834  -73.76790     14.299     14.189    19.9892    32.6756      6.903     1.0624 9.9999e+04  1023.0457    19.9866    23.0021     6.3318    193.431    7.47218  228.27002     84.738 0.0000e+00
   40.44834  -73.76790     14.292     14.182    19.8990    32.6646      6.903     1.0624 9.9999e+04  1023.0490    19.8964    23.0004     6.3345    193.514    7.47296  228.29232     84.766 0.0000e+00
   40.44834  -73.76790     14.248     14.138    19.8228    32.6646      6.899     0.9818 9.9999e+04  1023.0848    19.8202    23.0179     6.3365    193.574    7.47358  228.31029     84.785 0.0000e+00
   40.44834  -73.76790     14.242     14.131    19.7931    32.6646      6.899     0.9415 9.9999e+04  1023.0997    19.7905    23.0359     6.3436    193.789    7.47434  228.33259     84.871 0.0000e+00
   40.44834  -73.76790     14.209     14.099    19.7544    32.6779      6.885     0.9415 9.9999e+04  1023.1032    19.7518    23.0571     6.3509    194.012    7.47557  228.36913     84.955 0.0000e+00
   40.44834  -73.76790     14.171     14.062    19.6814    32.7113      6.871     0.9415 9.9999e+04  1023.1561    19.6788    23.0906     6.3582    194.232    7.47690  228.40758     85.038 0.0000e+00
   40.44834  -73.76790     14.118     14.009    19.7040    32.7113      6.867     0.9415 9.9999e+04  1023.2088    19.7015    23.1090     6.3637    194.400    7.47644  228.39272     85.117 0.0000e+00
   40.44834  -73.76790     14.090     13.981    19.8108    32.7113      6.867     0.9415 9.9999e+04  1023.1581    19.8082    23.0799     6.3680    194.534    7.47510  228.35322     85.190 0.0000e+00
   40.44834  -73.76790     14.086     13.977    19.8594    32.6498      6.867     0.9415 9.9999e+04  1023.0724    19.8569    23.0198     6.3685    194.550    7.47484  228.34597     85.200 -9.990e-29
   40.44834  -73.76790     14.090     13.981    19.8023    32.5618      6.867     0.9415 9.9999e+04  1023.0112    19.7998    22.9685     6.3803    194.909    7.47565  228.37003     85.348 -9.990e-29
   40.44834  -73.76790     14.199     14.089    19.6263    32.5618      6.871     0.9415 9.9999e+04  1022.9696    19.6238    22.9678     6.3826    194.977    7.47670  228.40056     85.366 -9.990e-29
   40.44834  -73.76790     14.167     14.058    19.3837    32.5618      6.871     0.9415 9.9999e+04  1023.0903    19.3812    23.0381     6.3890    195.172    7.47727  228.41717     85.446 -9.990e-29
   40.44834  -73.76790     14.090     13.981    19.2606    32.6255      6.867     0.9415 9.9999e+04  1023.2204    19.2581    23.1341     6.3897    195.193    7.47746  228.42332     85.453 -9.990e-29
   40.44834  -73.76790     14.056     13.947    19.2107    32.6976      6.866     0.9549 9.9999e+04  1023.2718    19.2082    23.2105     6.3955    195.371    7.47768  228.42984     85.528 -9.990e-29
   40.44834  -73.76790     14.090     13.981    19.1307    32.7633      6.866     0.9415 9.9999e+04  1023.3325    19.1282    23.2776     6.4061    195.694    7.47769  228.42921     85.670 -9.990e-29
   40.44834  -73.76790     14.137     14.028    19.0675    32.8357      6.871     0.9415 9.9999e+04  1023.4194    19.0650    23.3439     6.4067    195.713    7.47743  228.42091     85.681 -9.990e-29
   40.44834  -73.76790     14.171     14.062    19.0779    32.8983      6.871     0.9415 9.9999e+04  1023.4696    19.0754    23.3916     6.4124    195.885    7.47713  228.41172     85.759 -9.990e-29
   40.44834  -73.76790     14.158     14.048    19.1284    32.9430      6.866     0.9415 9.9999e+04  1023.4785    19.1259    23.4166     6.4131    195.909    7.47689  228.40417     85.773 -9.990e-29
   40.44834  -73.76790     14.140     14.030    19.1724    32.9430      6.866     0.9415 9.9999e+04  1023.5099    19.1699    23.4196     6.4140    195.934    7.47673  228.39942     85.786 -9.990e-29
   40.44834  -73.76790     14.127     14.018    19.2752    32.9430      6.871     0.9415 9.9999e+04  1023.4706    19.2727    23.3807     6.4198    196.111    7.47675  228.40014     85.863 -9.990e-29
   40.44836  -73.76794     14.121     14.011    19.3823    32.8841      6.867     0.9415 9.9999e+04  1023.3485    19.3798    23.3130     6.4261    196.306    7.47703  228.40839     85.945 -9.990e-29
   40.44836  -73.76794     14.148     14.039    19.4294    32.8509      6.871     0.9415 9.9999e+04  1023.3050    19.4268    23.2683     6.4280    196.364    7.47762  228.42627     85.964 -9.990e-29
