CalculateIndicators/WaterTemperature/Data/CTD_NYOS/202200727_C06.cnv
* Sea-Bird SBE 9 Data File:
* FileName = C:\Seabird 9 CTD\Data\2022\202207_offshore\202200727_C06.hex
* Software Version Seasave V 7.23.2
* Temperature SN = 4590
* Conductivity SN = 3228
* Number of Bytes Per Scan = 44
* Number of Voltage Words = 5
* Number of Scans Averaged by the Deck Unit = 1
* NMEA Latitude = 39 28.56 N
* NMEA Longitude = 073 04.13 W
* NMEA UTC (Time) = Dec 11 2002  10:11:30
* NMEA baud rate = 4800
** Ship: seawolf
** Station: 6.4
** Operator: TDK
# nquan = 18
# nvalues = 17748                       
# units = specified
# name 0 = latitude: Latitude [deg]
# name 1 = longitude: Longitude [deg]
# name 2 = prDM: Pressure, Digiquartz [db]
# name 3 = depSM: Depth [salt water, m]
# name 4 = t090C: Temperature [ITS-90, deg C]
# name 5 = sal00: Salinity, Practical [PSU]
# name 6 = ph: pH
# name 7 = flECO-AFL: Fluorescence, WET Labs ECO-AFL/FL [mg/m^3]
# name 8 = cpar: CPAR/Corrected Irradiance [%]
# name 9 = density00: Density [density, kg/m^3]
# name 10 = potemp090C: Potential Temperature [ITS-90, deg C]
# name 11 = sigma-é00: Density [sigma-theta, kg/m^3]
# name 12 = sbeox0Mg/L: Oxygen, SBE 43 [mg/l]
# name 13 = sbox0Mm/Kg: Oxygen, SBE 43 [umol/kg]
# name 14 = oxsolMg/L: Oxygen Saturation, Garcia & Gordon [mg/l]
# name 15 = oxsolMm/Kg: Oxygen Saturation, Garcia & Gordon [umol/kg]
# name 16 = sbeox0PS: Oxygen, SBE 43 [% saturation]
# name 17 = flag:  0.000e+00
# span 0 =   39.47540,   39.47610       
# span 1 =  -73.06884,  -73.06788       
# span 2 =      1.514,     63.090       
# span 3 =      1.503,     62.600       
# span 4 =     8.6290,    25.0131       
# span 5 =    31.3649,    33.1996       
# span 6 =      7.966,      8.219       
# span 7 =    -0.0255,     2.0697       
# span 8 = 1.9477e-12, 4.5000e+01       
# span 9 =  1020.7157,  1026.0348       
# span 10 =     8.6235,    25.0122      
# span 11 =    20.7045,    25.7477      
# span 12 =     6.8892,     9.2057      
# span 13 =    210.894,    280.554      
# span 14 =    6.90149,    9.41840      
# span 15 =  211.28329,  286.96852      
# span 16 =     77.955,    107.040      
# span 17 = 0.0000e+00, 0.0000e+00      
# interval = seconds: 0.0416667
# start_time = Jul 27 2022 10:11:31 [System UTC, first data scan.]
# bad_flag = -9.990e-29
*END*
[from data line 5709]
   39.47586  -73.06848     62.700     62.213     8.7563    33.1304 -9.990e-29     0.0148 2.0256e-12  1025.9783     8.7499    25.6932     7.4392    226.660    9.39832  286.35080     79.155 -9.990e-29
   39.47586  -73.06848     62.691     62.205     8.7565    33.1306 -9.990e-29     0.0282 2.0256e-12  1025.9782     8.7500    25.6934     7.4390    226.655    9.39899  286.37142     79.147 -9.990e-29
   39.47586  -73.06848     62.691     62.205     8.7567    33.1306 -9.990e-29     0.0148 2.0256e-12  1025.9784     8.7502    25.6934     7.4389    226.651    9.39962  286.39094     79.140 -9.990e-29
   39.47586  -73.06848     62.679     62.192     8.7570    33.1306 -9.990e-29     0.0282 2.0256e-12  1025.9782     8.7505    25.6934     7.4310    226.409    9.40018  286.40792     79.051 -9.990e-29
   39.47586  -73.06848     62.691     62.205     8.7568    33.1306 -9.990e-29     0.0282 2.0256e-12  1025.9784     8.7503    25.6933     7.4300    226.381    9.40073  286.42450     79.037 -9.990e-29
   39.47586  -73.06848     62.682     62.195     8.7568    33.1299 -9.990e-29     0.0282 2.0256e-12  1025.9776     8.7503    25.6927     7.4369    226.589    9.40120  286.43914     79.105 -9.990e-29
   39.47586  -73.06848     62.679     62.192     8.7565    33.1288 -9.990e-29     0.0282 2.0256e-12  1025.9766     8.7500    25.6919     7.4368    226.587    9.40172  286.45520     79.100 -9.990e-29
   39.47586  -73.06848     62.671     62.184     8.7565    33.1279 -9.990e-29     0.0282 2.0256e-12  1025.9759     8.7500    25.6912     7.4367    226.584    9.40216  286.46879     79.095 -9.990e-29
   39.47586  -73.06848     62.661     62.174     8.7563    33.1272 -9.990e-29     0.0148 2.0256e-12  1025.9754     8.7499    25.6907     7.4372    226.601    9.40247  286.47798     79.099 -9.990e-29
   39.47586  -73.06848     62.661     62.174     8.7561    33.1266 -9.990e-29     0.0148 2.0256e-12  1025.9749     8.7497    25.6903     7.4300    226.379    9.40260  286.48171     79.020 -9.990e-29
   39.47586  -73.06848     62.658     62.172     8.7555    33.1262 -9.990e-29     0.0148 2.0256e-12  1025.9747     8.7490    25.6900     7.4290    226.350    9.40274  286.48579     79.009 -9.990e-29
   39.47586  -73.06848     62.640     62.154     8.7553    33.1257 -9.990e-29     0.0013 2.0256e-12  1025.9746     8.7488    25.6897     7.4350    226.534    9.40283  286.48895     79.072 -9.990e-29
   39.47586  -73.06848     62.640     62.154     8.7547    33.1249 -9.990e-29     0.0013 2.0256e-12  1025.9738     8.7482    25.6891     7.4287    226.340    9.40294  286.49222     79.004 -9.990e-29
   39.47586  -73.06848     62.639     62.152     8.7543    33.1238 -9.990e-29     0.0013 2.0256e-12  1025.9732     8.7479    25.6884     7.4349    226.530    9.40311  286.49786     79.069 -9.990e-29
   39.47586  -73.06848     62.620     62.133     8.7537    33.1224 -9.990e-29     0.0013 2.0256e-12  1025.9720     8.7472    25.6873     7.4282    226.327    9.40363  286.51477     78.993 -9.990e-29
   39.47586  -73.06848     62.610     62.124     8.7529    33.1209 -9.990e-29     0.0148 2.0256e-12  1025.9703     8.7464    25.6863     7.4290    226.353    9.40462  286.54603     78.993 -9.990e-29
   39.47586  -73.06848     62.607     62.121     8.7516    33.1209 -9.990e-29     0.0013 2.0256e-12  1025.9700     8.7451    25.6861     7.4300    226.381    9.40561  286.57631     78.995 -9.990e-29
   39.47586  -73.06848     62.599     62.113     8.7506    33.1209 -9.990e-29     0.0013 2.0256e-12  1025.9710     8.7441    25.6865     7.4372    226.600    9.40656  286.60493     79.064 -9.990e-29
   39.47586  -73.06848     62.599     62.113     8.7501    33.1217 -9.990e-29     0.0013 2.0256e-12  1025.9717     8.7436    25.6873     7.4318    226.437    9.40734  286.62873     79.000 -9.990e-29
   39.47586  -73.06848     62.577     62.091     8.7494    33.1217 -9.990e-29     0.0013 2.0256e-12  1025.9729     8.7430    25.6880     7.4326    226.460    9.40790  286.64604     79.003 -9.990e-29
   39.47586  -73.06848     62.568     62.083     8.7494    33.1217 -9.990e-29     0.0013 2.0256e-12  1025.9726     8.7430    25.6880     7.4255    226.244    9.40821  286.65540     78.925 -9.990e-29
   39.47586  -73.06848     62.568     62.082     8.7491    33.1217 -9.990e-29     0.0013 2.0256e-12  1025.9716     8.7427    25.6875     7.4316    226.432    9.40850  286.66409     78.989 -9.990e-29
   39.47590  -73.06848     62.548     62.062     8.7485    33.1211 -9.990e-29     0.0013 2.0256e-12  1025.9712     8.7420    25.6871     7.4316    226.431    9.40873  286.67127     78.986 -9.990e-29
   39.47590  -73.06848     62.546     62.061     8.7476    33.1207 -9.990e-29     0.0013 2.0256e-12  1025.9711     8.7412    25.6869     7.4316    226.431    9.40893  286.67722     78.984 -9.990e-29
   39.47590  -73.06848     62.528     62.043     8.7471    33.1201 -9.990e-29     0.0013 2.0256e-12  1025.9713     8.7407    25.6865     7.4316    226.432    9.40912  286.68318     78.983 -9.990e-29
   39.47590  -73.06848     62.517     62.032     8.7467    33.1186 -9.990e-29     0.0013 2.0256e-12  1025.9697     8.7402    25.6855     7.4317    226.433    9.40923  286.68669     78.983 -9.990e-29
   39.47590  -73.06848     62.516     62.030     8.7452    33.1168 -9.990e-29     0.0013 2.0256e-12  1025.9680     8.7387    25.6842     7.4318    226.436    9.40935  286.69003     78.983 -9.990e-29
   39.47590  -73.06848     62.496     62.011     8.7436    33.1156 -9.990e-29     0.0148 2.0256e-12  1025.9670     8.7371    25.6834     7.4319    226.440    9.40940  286.69168     78.984 -9.990e-29
   39.47590  -73.06848     62.487     62.002     8.7418    33.1156 -9.990e-29     0.0013 2.0256e-12  1025.9669     8.7353    25.6834     7.4321    226.445    9.40948  286.69394     78.985 -9.990e-29
   39.47590  -73.06848     62.487     62.002     8.7401    33.1156 -9.990e-29     0.0148 2.0256e-12  1025.9680     8.7337    25.6840     7.4323    226.453    9.40953  286.69565     78.987 -9.990e-29
   39.47590  -73.06848     62.465     61.980     8.7391    33.1156 -9.990e-29     0.0013 2.0256e-12  1025.9692     8.7327    25.6847     7.4326    226.461    9.40957  286.69661     78.990 -9.990e-29
   39.47590  -73.06848     62.445     61.960     8.7388    33.1156 -9.990e-29     0.0013 2.0256e-12  1025.9688     8.7324    25.6846     7.4251    226.231    9.40944  286.69249     78.911 -9.990e-29
   39.47590  -73.06848     62.456     61.971     8.7388    33.1150 -9.990e-29     0.0013 2.0256e-12  1025.9679     8.7324    25.6839     7.4324    226.454    9.40934  286.68939     78.989 -9.990e-29
   39.47590  -73.06848     62.423     61.938     8.7383    33.1137 -9.990e-29     0.0013 2.0256e-12  1025.9665     8.7319    25.6830     7.4335    226.489    9.40922  286.68563     79.002 -9.990e-29
   39.47590  -73.06848     62.426     61.941     8.7365    33.1124 -9.990e-29     0.0013 2.0256e-12  1025.9656     8.7301    25.6821     7.4410    226.715    9.40907  286.68055     79.083 -9.990e-29
   39.47590  -73.06848     62.405     61.921     8.7355    33.1115 -9.990e-29     0.0013 2.0256e-12  1025.9648     8.7291    25.6816     7.4349    226.531    9.40864  286.66694     79.022 -9.990e-29
   39.47590  -73.06848     62.394     61.910     8.7344    33.1112 -9.990e-29     0.0013 2.0256e-12  1025.9650     8.7279    25.6815     7.4346    226.519    9.40832  286.65688     79.021 -9.990e-29
   39.47590  -73.06848     62.383     61.899     8.7336    33.1112 -9.990e-29     0.0148 2.0256e-12  1025.9654     8.7271    25.6816     7.4342    226.509    9.40804  286.64864     79.020 -9.990e-29
   39.47590  -73.06848     62.375     61.890     8.7331    33.1108 -9.990e-29     0.0013 2.0256e-12  1025.9654     8.7266    25.6814     7.4278    226.313    9.40785  286.64284     78.953 -9.990e-29
   39.47590  -73.06848     62.364     61.879     8.7324    33.1090 -9.990e-29     0.0013 2.0256e-12  1025.9644     8.7260    25.6801     7.4346    226.520    9.40755  286.63316     79.028 -9.990e-29
   39.47590  -73.06848     62.342     61.858     8.7316    33.1063 -9.990e-29     0.0013 2.0256e-12  1025.9607     8.7252    25.6783     7.4350    226.534    9.40705  286.61769     79.037 -9.990e-29
   39.47590  -73.06848     62.333     61.849     8.7293    33.1047 -9.990e-29     0.0013 2.0256e-12  1025.9596     8.7229    25.6773     7.4357    226.553    9.40670  286.60652     79.047 -9.990e-29
   39.47590  -73.06848     62.324     61.840     8.7272    33.1043 -9.990e-29     0.0013 2.0256e-12  1025.9611     8.7208    25.6773     7.4356    226.551    9.40638  286.59713     79.049 -9.990e-29
   39.47590  -73.06848     62.313     61.829     8.7257    33.1032 -9.990e-29     0.0013 2.0256e-12  1025.9607     8.7193    25.6767     7.4362    226.568    9.40584  286.58027     79.059 -9.990e-29
   39.47590  -73.06848     62.300     61.816     8.7234    33.1005 -9.990e-29     0.0013 2.0256e-12  1025.9580     8.7170    25.6749     7.4297    226.369    9.40509  286.55627     78.996 -9.990e-29
   39.47590  -73.06848     62.271     61.788     8.7198    33.0976 -9.990e-29     0.0013 2.0256e-12  1025.9556     8.7134    25.6731     7.4363    226.571    9.40420  286.52795     79.075 -9.990e-29
   39.47586  -73.06848     62.282     61.799     8.7165    33.0954 -9.990e-29     0.0013 2.0256e-12  1025.9549     8.7101    25.6719     7.4362    226.566    9.40349  286.50622     79.079 -9.990e-29
   39.47586  -73.06848     62.261     61.778     8.7146    33.0938 -9.990e-29     0.0013 2.0256e-12  1025.9538     8.7082    25.6709     7.4363    226.569    9.40299  286.49122     79.084 -9.990e-29
   39.47586  -73.06848     62.249     61.766     8.7125    33.0924 -9.990e-29     0.0013 2.0256e-12  1025.9531     8.7061    25.6702     7.4362    226.565    9.40226  286.46775     79.089 -9.990e-29
   39.47586  -73.06848     62.241     61.757     8.7097    33.0912 -9.990e-29     0.0013 2.0256e-12  1025.9523     8.7033    25.6696     7.4360    226.559    9.40138  286.43949     79.095 -9.990e-29
   39.47586  -73.06848     62.231     61.748     8.7069    33.0903 -9.990e-29     0.0148 2.0256e-12  1025.9520     8.7005    25.6693     7.4359    226.556    9.40058  286.41481     79.101 -9.990e-29
   39.47586  -73.06848     62.220     61.737     8.7043    33.0897 -9.990e-29     0.0148 2.0256e-12  1025.9523     8.6979    25.6693     7.4430    226.771    9.39997  286.39663     79.181 -9.990e-29
   39.47586  -73.06848     62.209     61.726     8.7018    33.0889 -9.990e-29     0.0013 2.0256e-12  1025.9522     8.6954    25.6690     7.4362    226.566    9.39955  286.38458     79.112 -9.990e-29
   39.47586  -73.06848     62.201     61.718     8.7002    33.0876 -9.990e-29     0.0013 2.0256e-12  1025.9509     8.6938    25.6683     7.4359    226.556    9.39934  286.37893     79.111 -9.990e-29
   39.47586  -73.06848     62.189     61.707     8.6981    33.0865 -9.990e-29     0.0013 2.0256e-12  1025.9501     8.6917    25.6677     7.4363    226.569    9.39913  286.37307     79.117 -9.990e-29
   39.47586  -73.06848     62.189     61.707     8.6961    33.0865 -9.990e-29     0.0013 2.0256e-12  1025.9500     8.6897    25.6676     7.4437    226.795    9.39887  286.36512     79.198 -9.990e-29
   39.47586  -73.06848     62.167     61.685     8.6945    33.0865 -9.990e-29     0.0013 2.0256e-12  1025.9506     8.6881    25.6681     7.4449    226.832    9.39864  286.35823     79.213 -9.990e-29
   39.47586  -73.06848     62.169     61.686     8.6936    33.0864 -9.990e-29     0.0013 2.0256e-12  1025.9514     8.6872    25.6686     7.4460    226.866    9.39833  286.34854     79.227 -9.990e-29
   39.47586  -73.06848     62.159     61.676     8.6928    33.0864 -9.990e-29     0.0013 2.0256e-12  1025.9517     8.6865    25.6688     7.4392    226.656    9.39771  286.32905     79.159 -9.990e-29
   39.47586  -73.06848     62.149     61.667     8.6927    33.0864 -9.990e-29     0.0013 2.0256e-12  1025.9510     8.6863    25.6685     7.4454    226.847    9.39703  286.30823     79.232 -9.990e-29
   39.47586  -73.06848     62.147     61.664     8.6922    33.0854 -9.990e-29     0.0148 2.0256e-12  1025.9509     8.6858    25.6677     7.4463    226.874    9.39648  286.29110     79.246 -9.990e-29
   39.47586  -73.06848     62.138     61.656     8.6919    33.0829 -9.990e-29     0.0013 2.0256e-12  1025.9494     8.6855    25.6659     7.4467    226.885    9.39621  286.28293     79.252 -9.990e-29
   39.47586  -73.06848     62.129     61.646     8.6912    33.0787 -9.990e-29     0.0013 2.0256e-12  1025.9449     8.6848    25.6629     7.4476    226.913    9.39571  286.26684     79.266 -9.990e-29
   39.47586  -73.06848     62.129     61.646     8.6879    33.0748 -9.990e-29     0.0013 2.0256e-12  1025.9414     8.6816    25.6602     7.4472    226.898    9.39454  286.22755     79.272 -9.990e-29
   39.47586  -73.06848     62.127     61.645     8.6835    33.0728 -9.990e-29     0.0013 2.0256e-12  1025.9412     8.6772    25.6593     7.4535    227.087    9.39306  286.17997     79.351 -9.990e-29
   39.47586  -73.06848     62.118     61.635     8.6790    33.0721 -9.990e-29     0.0148 2.0256e-12  1025.9420     8.6726    25.6593     7.4534    227.083    9.39154  286.13182     79.363 -9.990e-29
   39.47586  -73.06848     62.118     61.635     8.6755    33.0715 -9.990e-29     0.0013 2.0256e-12  1025.9418     8.6692    25.6593     7.4541    227.103    9.39014  286.08870     79.382 -9.990e-29
   39.47586  -73.06848     62.118     61.635     8.6731    33.0709 -9.990e-29     0.0013 2.0256e-12  1025.9415     8.6667    25.6593     7.4543    227.112    9.38918  286.06046     79.393 -9.990e-29
   39.47586  -73.06848     62.116     61.634     8.6716    33.0706 -9.990e-29     0.0013 2.0256e-12  1025.9419     8.6652    25.6593     7.4480    226.922    9.38882  286.05187     79.329 -9.990e-29
   39.47586  -73.06848     62.118     61.635     8.6703    33.0703 -9.990e-29     0.0013 2.0256e-12  1025.9418     8.6639    25.6593     7.4544    227.115    9.38867  286.04870     79.397 -9.990e-29
   39.47586  -73.06848     62.108     61.626     8.6693    33.0701 -9.990e-29     0.0013 2.0256e-12  1025.9415     8.6630    25.6593     7.4550    227.136    9.38840  286.04107     79.407 -9.990e-29
   39.47586  -73.06848     62.118     61.635     8.6683    33.0699 -9.990e-29     0.0013 2.0256e-12  1025.9420     8.6619    25.6592     7.4560    227.167    9.38856  286.04747     79.416 -9.990e-29
   39.47586  -73.06848     62.106     61.624     8.6677    33.0694 -9.990e-29     0.0013 2.0256e-12  1025.9412     8.6613    25.6590     7.4640    227.410    9.38878  286.05530     79.499 -9.990e-29
   39.47586  -73.06848     62.118     61.635     8.6673    33.0691 -9.990e-29     0.0013 2.0256e-12  1025.9408     8.6610    25.6588     7.4722    227.661    9.38858  286.04855     79.588 -9.990e-29
   39.47586  -73.06848     62.118     61.635     8.6666    33.0691 -9.990e-29     0.0013 2.0256e-12  1025.9413     8.6603    25.6588     7.4671    227.503    9.38825  286.03743     79.536 -9.990e-29
   39.47586  -73.06848     62.129     61.646     8.6664    33.0691 -9.990e-29     0.0013 2.0256e-12  1025.9414     8.6600    25.6590     7.4679    227.529    9.38780  286.02269     79.549 -9.990e-29
   39.47586  -73.06848     62.127     61.645     8.6660    33.0691 -9.990e-29     0.0148 2.0256e-12  1025.9414     8.6597    25.6590     7.4755    227.758    9.38715  286.00203     79.635 -9.990e-29
   39.47586  -73.06848     62.129     61.646     8.6658    33.0692 -9.990e-29     0.0013 2.0256e-12  1025.9414     8.6594    25.6591     7.4766    227.790    9.38634  285.97576     79.654 -9.990e-29
   39.47586  -73.06848     62.138     61.656     8.6655    33.0696 -9.990e-29     0.0013 2.0256e-12  1025.9418     8.6592    25.6595     7.4769    227.799    9.38483  285.92768     79.670 -9.990e-29
