CalculateIndicators/WaterTemperature/Data/CTD_NYOS/202200728_C15.cnv
* Sea-Bird SBE 9 Data File:
* FileName = C:\Seabird 9 CTD\Data\2022\202207_offshore\202200728_C15.hex
* Software Version Seasave V 7.23.2
* Temperature SN = 4590
* Conductivity SN = 3228
* Number of Bytes Per Scan = 44
* Number of Voltage Words = 5
* Number of Scans Averaged by the Deck Unit = 1
* NMEA Latitude = 40 40.36 N
* NMEA Longitude = 072 49.31 W
* NMEA UTC (Time) = Dec 12 2002  18:46:52
* NMEA baud rate = 4800
** Ship: seawolf
** Station: 4.1
** Operator: TCM
# nquan = 18
# nvalues = 9038                        
# units = specified
# name 0 = latitude: Latitude [deg]
# name 1 = longitude: Longitude [deg]
# name 2 = prDM: Pressure, Digiquartz [db]
# name 3 = depSM: Depth [salt water, m]
# name 4 = t090C: Temperature [ITS-90, deg C]
# name 5 = sal00: Salinity, Practical [PSU]
# name 6 = ph: pH
# name 7 = flECO-AFL: Fluorescence, WET Labs ECO-AFL/FL [mg/m^3]
# name 8 = cpar: CPAR/Corrected Irradiance [%]
# name 9 = density00: Density [density, kg/m^3]
# name 10 = potemp090C: Potential Temperature [ITS-90, deg C]
# name 11 = sigma-é00: Density [sigma-theta, kg/m^3]
# name 12 = sbeox0Mg/L: Oxygen, SBE 43 [mg/l]
# name 13 = sbox0Mm/Kg: Oxygen, SBE 43 [umol/kg]
# name 14 = oxsolMg/L: Oxygen Saturation, Garcia & Gordon [mg/l]
# name 15 = oxsolMm/Kg: Oxygen Saturation, Garcia & Gordon [umol/kg]
# name 16 = sbeox0PS: Oxygen, SBE 43 [% saturation]
# name 17 = flag:  0.000e+00
# span 0 =   40.67266,   40.67288       
# span 1 =  -72.82286,  -72.82182       
# span 2 =      2.063,     24.252       
# span 3 =      2.047,     24.063       
# span 4 =    12.6760,    21.5802       
# span 5 =    31.4819,    32.5454       
# span 6 =      7.986,      8.141       
# span 7 =     0.7535,     2.4458       
# span 8 = 2.9143e-01, 6.1098e+01       
# span 9 =  1021.6541,  1024.6559       
# span 10 =    12.6728,    21.5797      
# span 11 =    21.6881,    24.5467      
# span 12 =     7.5868,     9.0879      
# span 13 =    231.418,    277.802      
# span 14 =    7.33229,    8.66049      
# span 15 =  224.25627,  264.16065      
# span 16 =     87.748,    120.977      
# span 17 = 0.0000e+00, 0.0000e+00      
# interval = seconds: 0.0416667
# start_time = Jul 28 2022 18:46:51 [System UTC, first data scan.]
# bad_flag = -9.990e-29
*END*
[from data line 3619]
   40.67284  -72.82234     16.202     16.076    13.9813    32.3050      8.005     1.2907 1.3760e+00  1024.1772    13.9790    24.1075     7.9939    243.930    8.43764  257.47018     94.741 0.0000e+00
   40.67284  -72.82234     16.181     16.055    13.9749    32.3050      8.005     1.2907 1.3760e+00  1024.1812    13.9726    24.1108     7.9941    243.930    8.43907  257.50913     94.727 0.0000e+00
   40.67284  -72.82234     16.160     16.035    13.9683    32.3107      8.005     1.2907 1.3838e+00  1024.1889    13.9660    24.1163     7.9977    244.040    8.43797  257.47354     94.782 0.0000e+00
   40.67284  -72.82234     16.151     16.025    13.9656    32.3168      8.005     1.2907 1.3838e+00  1024.1939    13.9633    24.1218     7.9940    243.929    8.43499  257.38377     94.772 0.0000e+00
   40.67284  -72.82234     16.110     15.984    13.9637    32.3219      8.005     1.2907 1.3838e+00  1024.1986    13.9615    24.1261     7.9902    243.814    8.43212  257.29754     94.759 -9.990e-29
   40.67284  -72.82234     16.110     15.984    13.9632    32.3264      8.005     1.2907 1.3916e+00  1024.2007    13.9610    24.1299     7.9927    243.892    8.42986  257.23067     94.815 -9.990e-29
   40.67284  -72.82234     16.079     15.954    13.9612    32.3323      8.005     1.3042 1.3956e+00  1024.2046    13.9589    24.1347     7.9845    243.643    8.42856  257.19260     94.732 -9.990e-29
   40.67284  -72.82234     16.079     15.954    13.9585    32.3392      8.005     1.3444 1.3995e+00  1024.2139    13.9562    24.1402     7.9894    243.791    8.42853  257.19162     94.790 -9.990e-29
   40.67284  -72.82234     16.049     15.924    13.9620    32.3392      8.005     1.3579 1.4074e+00  1024.2167    13.9597    24.1429     7.9832    243.601    8.42911  257.20896     94.709 0.0000e+00
   40.67284  -72.82234     16.008     15.883    13.9668    32.3392      8.005     1.3579 1.4114e+00  1024.2144    13.9645    24.1412     7.9820    243.566    8.42955  257.22236     94.691 0.0000e+00
   40.67284  -72.82234     15.998     15.874    13.9737    32.3370      8.005     1.3579 1.4114e+00  1024.2078    13.9715    24.1359     7.9809    243.532    8.42976  257.22828     94.675 0.0000e+00
   40.67284  -72.82234     15.977     15.853    13.9795    32.3295      8.005     1.3579 1.4194e+00  1024.1993    13.9772    24.1291     7.9791    243.476    8.42950  257.22003     94.657 0.0000e+00
   40.67284  -72.82234     15.968     15.844    13.9820    32.3228      8.005     1.3579 1.4274e+00  1024.1930    13.9798    24.1235     7.9827    243.587    8.42898  257.20472     94.706 0.0000e+00
   40.67284  -72.82234     15.927     15.803    13.9800    32.3228      8.005     1.3579 1.4287e+00  1024.1897    13.9778    24.1201     7.9808    243.528    8.42812  257.17824     94.692 0.0000e+00
   40.67284  -72.82234     15.917     15.793    13.9800    32.3228      8.005     1.3579 1.4327e+00  1024.1875    13.9778    24.1203     7.9778    243.438    8.42647  257.12742     94.676 0.0000e+00
   40.67284  -72.82234     15.887     15.763    13.9784    32.3244      8.005     1.3579 1.4408e+00  1024.1946    13.9762    24.1248     7.9750    243.351    8.42465  257.07232     94.662 0.0000e+00
   40.67284  -72.82234     15.856     15.733    13.9796    32.3304      8.005     1.3579 1.4408e+00  1024.2045    13.9774    24.1293     7.9778    243.439    8.42279  257.01677     94.717 0.0000e+00
   40.67284  -72.82234     15.845     15.722    13.9915    32.3304      8.005     1.3579 1.4489e+00  1024.2012    13.9892    24.1288     7.9690    243.172    8.42102  256.96413     94.633 0.0000e+00
   40.67284  -72.82234     15.815     15.692    14.0043    32.3304      8.005     1.3579 1.4571e+00  1024.1937    14.0021    24.1247     7.9661    243.084    8.41977  256.92672     94.612 0.0000e+00
   40.67284  -72.82234     15.796     15.673    14.0141    32.3281      8.005     1.3579 1.4571e+00  1024.1906    14.0119    24.1211     7.9647    243.040    8.41963  256.92267     94.597 0.0000e+00
   40.67284  -72.82234     15.764     15.642    14.0201    32.3260      8.005     1.3579 1.4667e+00  1024.1889    14.0179    24.1182     7.9644    243.032    8.42026  256.94063     94.587 0.0000e+00
   40.67284  -72.82234     15.734     15.612    14.0238    32.3260      8.005     1.3579 1.4749e+00  1024.1835    14.0216    24.1159     7.9691    243.172    8.42051  256.94720     94.639 0.0000e+00
   40.67284  -72.82234     15.704     15.582    14.0203    32.3260      8.005     1.3579 1.4791e+00  1024.1842    14.0181    24.1164     7.9676    243.127    8.41991  256.92829     94.628 0.0000e+00
   40.67284  -72.82234     15.684     15.563    14.0180    32.3266      8.005     1.3579 1.4833e+00  1024.1904    14.0158    24.1188     7.9656    243.068    8.41899  256.90129     94.615 0.0000e+00
   40.67284  -72.82232     15.664     15.542    14.0241    32.3266      8.005     1.3579 1.4959e+00  1024.1911    14.0219    24.1193     7.9641    243.023    8.41871  256.89583     94.600 0.0000e+00
   40.67284  -72.82232     15.634     15.512    14.0311    32.3266      8.005     1.3579 1.5014e+00  1024.1863    14.0289    24.1164     7.9627    242.984    8.41880  256.90270     94.582 0.0000e+00
   40.67284  -72.82232     15.603     15.482    14.0330    32.3220      8.009     1.3579 1.5057e+00  1024.1808    14.0308    24.1123     7.9618    242.959    8.41899  256.91149     94.569 0.0000e+00
   40.67284  -72.82232     15.581     15.460    14.0323    32.3179      8.005     1.3579 1.5241e+00  1024.1775    14.0301    24.1092     7.9613    242.944    8.41973  256.93257     94.556 0.0000e+00
   40.67284  -72.82232     15.552     15.432    14.0302    32.3179      8.005     1.3579 1.5284e+00  1024.1756    14.0280    24.1080     7.9661    243.088    8.41935  256.91900     94.617 0.0000e+00
   40.67284  -72.82232     15.522     15.402    14.0257    32.3179      8.009     1.3579 1.5340e+00  1024.1771    14.0235    24.1094     7.9648    243.047    8.41857  256.89400     94.610 0.0000e+00
   40.67284  -72.82232     15.501     15.381    14.0191    32.3193      8.005     1.3579 1.5514e+00  1024.1814    14.0169    24.1126     7.9636    243.007    8.41800  256.87401     94.602 0.0000e+00
   40.67284  -72.82232     15.471     15.351    14.0150    32.3225      8.005     1.3713 1.5616e+00  1024.1859    14.0128    24.1158     7.9622    242.964    8.41698  256.84209     94.597 0.0000e+00
   40.67284  -72.82232     15.440     15.320    14.0140    32.3225      8.005     1.3713 1.5674e+00  1024.1873    14.0118    24.1170     7.9610    242.928    8.41630  256.82237     94.590 0.0000e+00
   40.67284  -72.82232     15.409     15.290    14.0146    32.3225      8.009     1.3713 1.5865e+00  1024.1840    14.0124    24.1166     7.9601    242.902    8.41607  256.81721     94.582 0.0000e+00
   40.67284  -72.82232     15.390     15.271    14.0116    32.3223      8.005     1.3713 1.6014e+00  1024.1844    14.0094    24.1168     7.9651    243.057    8.41595  256.81391     94.643 0.0000e+00
   40.67284  -72.82232     15.369     15.250    14.0067    32.3223      8.005     1.3713 1.6074e+00  1024.1873    14.0045    24.1174     7.9643    243.031    8.41557  256.80016     94.638 0.0000e+00
   40.67284  -72.82232     15.328     15.209    14.0055    32.3201      8.005     1.3713 1.6285e+00  1024.1858    14.0033    24.1159     7.9693    243.183    8.41470  256.77309     94.707 0.0000e+00
   40.67284  -72.82232     15.309     15.190    14.0089    32.3152      8.005     1.3713 1.6452e+00  1024.1795    14.0068    24.1120     7.9690    243.172    8.41413  256.75358     94.710 0.0000e+00
   40.67284  -72.82232     15.279     15.160    14.0092    32.3122      8.005     1.3579 1.6543e+00  1024.1739    14.0071    24.1089     7.9680    243.138    8.41301  256.71791     94.710 0.0000e+00
   40.67284  -72.82232     15.247     15.129    14.0040    32.3122      8.009     1.3713 1.6743e+00  1024.1764    14.0019    24.1089     7.9661    243.082    8.41133  256.66766     94.707 0.0000e+00
   40.67284  -72.82232     15.226     15.108    14.0030    32.3122      8.009     1.3713 1.7024e+00  1024.1778    14.0008    24.1106     7.9704    243.214    8.40947  256.61226     94.779 0.0000e+00
   40.67284  -72.82232     15.186     15.069    14.0028    32.3122      8.005     1.3713 1.7165e+00  1024.1808    14.0007    24.1123     7.9633    243.000    8.40789  256.56571     94.712 0.0000e+00
   40.67284  -72.82232     15.177     15.059    14.0043    32.3122      8.009     1.3713 1.7421e+00  1024.1818    14.0022    24.1118     7.9681    243.147    8.40681  256.53486     94.781 0.0000e+00
   40.67284  -72.82232     15.156     15.039    14.0094    32.3106      8.009     1.3713 1.7731e+00  1024.1755    14.0073    24.1084     7.9740    243.328    8.40652  256.52702     94.855 0.0000e+00
   40.67284  -72.82232     15.124     15.007    14.0108    32.3088      8.009     1.3713 1.7913e+00  1024.1703    14.0086    24.1046     7.9748    243.352    8.40669  256.53244     94.862 0.0000e+00
   40.67284  -72.82232     15.085     14.968    14.0102    32.3088      8.009     1.3713 1.8165e+00  1024.1681    14.0081    24.1037     7.9698    243.202    8.40682  256.53656     94.802 0.0000e+00
   40.67284  -72.82232     15.075     14.958    14.0099    32.3088      8.009     1.3713 1.8561e+00  1024.1730    14.0078    24.1065     7.9767    243.413    8.40746  256.55690     94.877 0.0000e+00
   40.67284  -72.82232     15.054     14.938    14.0123    32.3156      8.009     1.3713 1.8772e+00  1024.1766    14.0102    24.1120     7.9780    243.450    8.40806  256.57339     94.885 0.0000e+00
   40.67284  -72.82234     15.034     14.917    14.0062    32.3265      8.009     1.3713 1.8968e+00  1024.1850    14.0041    24.1214     7.9780    243.445    8.40700  256.53627     94.897 0.0000e+00
   40.67284  -72.82234     15.014     14.898    13.9916    32.3400      8.009     1.3713 1.9385e+00  1024.2038    13.9895    24.1331     7.9810    243.535    8.40384  256.43667     94.969 0.0000e+00
   40.67284  -72.82234     14.984     14.868    13.9947    32.3490      8.009     1.3713 1.9627e+00  1024.2116    13.9926    24.1399     7.9687    243.154    8.39704  256.22472     94.899 0.0000e+00
   40.67284  -72.82234     14.962     14.846    14.0123    32.3490      8.009     1.3713 1.9761e+00  1024.2071    14.0102    24.1390     7.9641    243.010    8.38638  255.89451     94.965 0.0000e+00
   40.67284  -72.82234     14.954     14.838    14.0300    32.3490      8.009     1.3713 2.0102e+00  1024.2010    14.0279    24.1338     7.9538    242.700    8.37589  255.57982     94.961 0.0000e+00
   40.67284  -72.82234     14.933     14.817    14.0453    32.3445      8.009     1.3713 2.0315e+00  1024.1926    14.0432    24.1275     7.9532    242.693    8.36934  255.39119     95.028 0.0000e+00
   40.67284  -72.82234     14.913     14.797    14.0543    32.3408      8.009     1.3713 2.0416e+00  1024.1869    14.0522    24.1230     7.9516    242.653    8.36665  255.31853     95.039 0.0000e+00
   40.67284  -72.82234     14.891     14.775    14.0544    32.3403      8.009     1.3713 2.0671e+00  1024.1870    14.0523    24.1216     7.9518    242.665    8.36626  255.31102     95.047 0.0000e+00
   40.67284  -72.82234     14.873     14.757    14.0509    32.3403      8.009     1.3847 2.0849e+00  1024.1880    14.0488    24.1219     7.9531    242.705    8.36647  255.31891     95.060 0.0000e+00
   40.67284  -72.82234     14.862     14.746    14.0483    32.3403      8.009     1.3847 2.0912e+00  1024.1883    14.0463    24.1228     7.9599    242.912    8.36689  255.33301     95.135 0.0000e+00
   40.67284  -72.82234     14.851     14.736    14.0465    32.3414      8.009     1.3847 2.1072e+00  1024.1903    14.0444    24.1239     7.9606    242.936    8.36696  255.33820     95.143 0.0000e+00
   40.67284  -72.82234     14.831     14.716    14.0475    32.3423      8.009     1.3847 2.1234e+00  1024.1913    14.0454    24.1244     7.9614    242.964    8.36737  255.35336     95.148 0.0000e+00
   40.67284  -72.82234     14.822     14.707    14.0512    32.3427      8.009     1.3847 2.1336e+00  1024.1888    14.0491    24.1241     7.9608    242.947    8.36656  255.32979     95.150 0.0000e+00
   40.67284  -72.82234     14.792     14.677    14.0554    32.3446      8.009     1.3847 2.1418e+00  1024.1900    14.0533    24.1245     7.9606    242.943    8.36585  255.31222     95.155 -9.990e-29
   40.67284  -72.82234     14.790     14.675    14.0634    32.3451      8.009     1.3847 2.1500e+00  1024.1922    14.0614    24.1248     7.9690    243.205    8.36796  255.38162     95.232 -9.990e-29
   40.67284  -72.82234     14.781     14.666    14.0741    32.3451      8.009     1.3847 2.1522e+00  1024.1900    14.0720    24.1229     7.9761    243.423    8.37411  255.56935     95.247 0.0000e+00
   40.67284  -72.82234     14.771     14.656    14.0861    32.3451      8.009     1.3847 2.1583e+00  1024.1845    14.0841    24.1190     7.9834    243.641    8.38048  255.75898     95.262 0.0000e+00
   40.67284  -72.82234     14.749     14.635    14.0975    32.3423      8.009     1.3847 2.1644e+00  1024.1793    14.0955    24.1147     7.9868    243.737    8.38274  255.81994     95.277 -9.990e-29
   40.67284  -72.82234     14.750     14.636    14.1055    32.3423      8.009     1.3847 2.1644e+00  1024.1761    14.1034    24.1120     7.9841    243.656    8.38010  255.73927     95.275 -9.990e-29
   40.67284  -72.82234     14.730     14.615    14.1065    32.3423      8.009     1.3847 2.1705e+00  1024.1754    14.1044    24.1121     7.9892    243.808    8.37930  255.71448     95.344 -9.990e-29
   40.67284  -72.82234     14.728     14.614    14.1012    32.3442      8.009     1.3847 2.1766e+00  1024.1804    14.0991    24.1149     7.9931    243.919    8.37700  255.63413     95.417 -9.990e-29
   40.67284  -72.82234     14.720     14.606    14.0984    32.3445      8.009     1.3847 2.1766e+00  1024.1845    14.0963    24.1181     7.9866    243.717    8.37036  255.42597     95.416 0.0000e+00
   40.67284  -72.82234     14.699     14.585    14.1007    32.3445      8.009     1.3847 2.1766e+00  1024.1868    14.0987    24.1186     7.9796    243.504    8.36306  255.20492     95.415 -9.990e-29
   40.67284  -72.82234     14.698     14.584    14.1070    32.3445      8.009     1.3847 2.1805e+00  1024.1832    14.1049    24.1141     7.9791    243.491    8.35662  255.00957     95.483 -9.990e-29
   40.67284  -72.82234     14.690     14.576    14.1132    32.3325      8.009     1.3847 2.1805e+00  1024.1704    14.1112    24.1037     7.9773    243.433    8.35416  254.93390     95.489 0.0000e+00
   40.67284  -72.82234     14.680     14.566    14.1187    32.3177      8.009     1.3847 2.1783e+00  1024.1539    14.1167    24.0913     7.9758    243.384    8.35224  254.87063     95.493 -9.990e-29
   40.67284  -72.82234     14.680     14.566    14.1219    32.3160      8.009     1.3847 2.1823e+00  1024.1425    14.1198    24.0838     7.9713    243.241    8.34204  254.55456     95.556 -9.990e-29
   40.67284  -72.82234     14.658     14.544    14.1157    32.3160      8.009     1.3713 2.1862e+00  1024.1482    14.1137    24.0847     7.9616    242.946    8.32688  254.09351     95.613 -9.990e-29
   40.67284  -72.82234     14.660     14.546    14.1151    32.3160      8.009     1.3847 2.1840e+00  1024.1555    14.1131    24.0902     7.9412    242.329    8.31267  253.66551     95.531 -9.990e-29
   40.67284  -72.82234     14.649     14.535    14.1175    32.3247      8.009     1.3847 2.1880e+00  1024.1606    14.1154    24.0967     7.9308    242.020    8.30266  253.36880     95.521 -9.990e-29
   40.67284  -72.82234     14.647     14.534    14.1169    32.3332      8.009     1.3713 2.1898e+00  1024.1707    14.1148    24.1030     7.9311    242.037    8.29746  253.21726     95.585 -9.990e-29
