CalculateIndicators/WaterTemperature/Data/CTD_NYOS/20220928_C05.cnv
* Sea-Bird SBE 9 Data File:
* FileName = C:\Seabird 9 CTD\Data\2022\202209_offshore\20220928_C05.hex
* Software Version Seasave V 7.23.2
* Temperature SN = 4590
* Conductivity SN = 3228
* Number of Bytes Per Scan = 44
* Number of Voltage Words = 5
* Number of Scans Averaged by the Deck Unit = 1
* NMEA Latitude = 39 49.33 N
* NMEA Longitude = 073 11.75 W
* NMEA UTC (Time) = Feb 12 2003  21:38:11
* NMEA baud rate = 4800
** Ship: seawolf
** Station: 6.3
** Operator: SJW
# nquan = 18
# nvalues = 10852                       
# units = specified
# name 0 = latitude: Latitude [deg]
# name 1 = longitude: Longitude [deg]
# name 2 = prDM: Pressure, Digiquartz [db]
# name 3 = depSM: Depth [salt water, m]
# name 4 = t090C: Temperature [ITS-90, deg C]
# name 5 = sal00: Salinity, Practical [PSU]
# name 6 = ph: pH
# name 7 = flECO-AFL: Fluorescence, WET Labs ECO-AFL/FL [mg/m^3]
# name 8 = cpar: CPAR/Corrected Irradiance [%]
# name 9 = density00: Density [density, kg/m^3]
# name 10 = potemp090C: Potential Temperature [ITS-90, deg C]
# name 11 = sigma-é00: Density [sigma-theta, kg/m^3]
# name 12 = sbeox0Mg/L: Oxygen, SBE 43 [mg/l]
# name 13 = sbox0Mm/Kg: Oxygen, SBE 43 [umol/kg]
# name 14 = oxsolMg/L: Oxygen Saturation, Garcia & Gordon [mg/l]
# name 15 = oxsolMm/Kg: Oxygen Saturation, Garcia & Gordon [umol/kg]
# name 16 = sbeox0PS: Oxygen, SBE 43 [% saturation]
# name 17 = flag:  0.000e+00
# span 0 =   39.82202,   39.82222       
# span 1 =  -73.19590,  -73.19518       
# span 2 =      1.955,     40.753       
# span 3 =      1.940,     40.438       
# span 4 =    12.5401,    20.6069       
# span 5 =    33.2098,    33.8461       
# span 6 =      6.896,      8.221       
# span 7 =     0.0013,     1.4519       
# span 8 = 3.8181e-02, 6.0445e+01       
# span 9 =  1023.6117,  1025.5586       
# span 10 =    12.5347,    20.6064      
# span 11 =    23.6013,    25.3765      
# span 12 =     5.2719,     8.2844      
# span 13 =    160.674,    252.561      
# span 14 =    7.37075,    8.62857      
# span 15 =  225.02824,  262.97340      
# span 16 =     61.101,     98.034      
# span 17 = 0.0000e+00, 0.0000e+00      
# interval = seconds: 0.0416667
# start_time = Sep 28 2022 21:38:14 [System UTC, first data scan.]
# bad_flag = -9.990e-29
*END*
[from data line 4905]
   39.82212  -73.19560     24.066     23.880    14.6156    33.5183      6.911     1.2370 9.7479e-01  1024.9741    14.6121    24.8985     7.2217    220.271    8.01810  244.56327     90.067 0.0000e+00
   39.82212  -73.19560     24.030     23.845    14.5427    33.5183      6.911     1.2504 9.8032e-01  1025.0125    14.5392    24.9230     7.2461    221.015    8.01780  244.55285     90.375 0.0000e+00
   39.82212  -73.19560     24.016     23.831    14.5349    33.5436      6.911     1.2504 9.8152e-01  1025.1013    14.5314    24.9634     7.2692    221.718    8.01611  244.49860     90.683 0.0000e+00
   39.82212  -73.19560     23.984     23.800    14.6440    33.5436      6.911     1.2504 9.8989e-01  1025.1046    14.6405    24.9652     7.2903    222.364    8.01314  244.41021     90.980 0.0000e+00
   39.82212  -73.19560     23.975     23.790    14.7310    33.5436      6.911     1.2370 9.9551e-01  1025.0309    14.7275    24.9143     7.3087    222.933    8.01294  244.41240     91.212 0.0000e+00
   39.82212  -73.19560     23.939     23.755    14.7454    33.4472      6.911     1.2504 9.9551e-01  1024.9446    14.7419    24.8354     7.3359    223.768    8.01600  244.51163     91.516 0.0000e+00
   39.82212  -73.19560     23.924     23.740    14.7188    33.3342      6.911     1.2504 1.0012e+00  1024.8486    14.7153    24.7529     7.3649    224.649    8.02041  244.64440     91.827 0.0000e+00
   39.82212  -73.19560     23.894     23.709    14.6627    33.2386      6.911     1.1161 1.0040e+00  1024.7700    14.6592    24.6913     7.3937    225.523    8.02442  244.76191     92.140 0.0000e+00
   39.82212  -73.19560     23.888     23.704    14.5675    33.2386      6.911     0.9818 1.0052e+00  1024.7483    14.5640    24.6771     7.4171    226.231    8.02842  244.87783     92.385 0.0000e+00
   39.82212  -73.19560     23.863     23.679    14.4494    33.2386      6.911     0.9549 1.0109e+00  1024.8016    14.4460    24.7212     7.4423    226.996    8.02951  244.90700     92.687 0.0000e+00
   39.82212  -73.19558     23.833     23.649    14.3518    33.3151      6.911     0.9684 1.0167e+00  1024.9101    14.3484    24.8080     7.4554    227.390    8.02495  244.76069     92.903 0.0000e+00
   39.82212  -73.19558     23.827     23.644    14.3005    33.4206      6.911     0.9684 1.0167e+00  1025.0266    14.2971    24.9000     7.4624    227.598    8.01558  244.46846     93.099 0.0000e+00
   39.82212  -73.19558     23.812     23.629    14.2938    33.4959      6.911     0.9684 1.0196e+00  1025.0931    14.2903    24.9600     7.4794    228.115    8.00578  244.16955     93.425 0.0000e+00
   39.82212  -73.19558     23.792     23.608    14.3376    33.5298      6.911     0.9684 1.0253e+00  1025.0893    14.3342    24.9820     7.4869    228.345    7.99723  243.91032     93.619 0.0000e+00
   39.82212  -73.19558     23.776     23.593    14.3601    33.5446      6.911     0.9684 1.0282e+00  1025.0947    14.3567    24.9880     7.4890    228.414    7.98907  243.66627     93.740 0.0000e+00
   39.82212  -73.19558     23.761     23.578    14.3758    33.5491      6.911     0.9684 1.0312e+00  1025.1021    14.3724    24.9865     7.4998    228.751    7.98402  243.51987     93.935 0.0000e+00
   39.82212  -73.19558     23.741     23.558    14.4306    33.5507      6.911     0.9684 1.0354e+00  1025.0766    14.4272    24.9769     7.5191    229.344    7.98159  243.45112     94.205 0.0000e+00
   39.82212  -73.19558     23.735     23.552    14.4715    33.5555      6.911     0.9684 1.0383e+00  1025.0665    14.4680    24.9730     7.5343    229.811    7.98030  243.41510     94.411 0.0000e+00
   39.82212  -73.19558     23.721     23.539    14.5018    33.5732      6.911     0.9684 1.0412e+00  1025.0938    14.4983    24.9768     7.5445    230.126    7.97983  243.40320     94.545 0.0000e+00
   39.82212  -73.19558     23.710     23.528    14.5750    33.5824      6.911     0.9684 1.0471e+00  1025.0830    14.5715    24.9709     7.5607    230.619    7.97980  243.40332     94.748 -9.990e-29
   39.82212  -73.19558     23.715     23.532    14.6503    33.5882      6.911     0.9684 1.0501e+00  1025.0472    14.6468    24.9609     7.5772    231.124    7.98040  243.42241     94.948 -9.990e-29
   39.82212  -73.19558     23.690     23.507    14.7086    33.6185 -9.990e-29     0.9684 1.0484e+00  1025.0642    14.7051    24.9704     7.6005    231.835    7.98180  243.46600     95.223 -9.990e-29
   39.82212  -73.19558     23.690     23.507    14.7655    33.6679 -9.990e-29     0.9684 1.0574e+00  1025.1104    14.7620    24.9936     7.6128    232.211    7.98332  243.51182     95.359 -9.990e-29
   39.82212  -73.19558     23.684     23.502    14.8511    33.7158 -9.990e-29     0.9684 1.0634e+00  1025.1149    14.8475    25.0106     7.6235    232.536    7.98402  243.53159     95.485 0.0000e+00
   39.82212  -73.19558     23.670     23.488    14.9658    33.7575 -9.990e-29     0.9684 1.0617e+00  1025.1349    14.9623    25.0145     7.6385    232.989    7.98379  243.52252     95.674 -9.990e-29
   39.82212  -73.19558     23.670     23.488    15.1920    33.7575 -9.990e-29     0.9684 1.0677e+00  1025.1231    15.1885    24.9887     7.6462    233.223    7.98252  243.48235     95.786 -9.990e-29
   39.82212  -73.19558     23.664     23.481    15.4546    33.7575 -9.990e-29     0.9684 1.0707e+00  1025.0357    15.4510    24.9214     7.6587    233.608    7.98138  243.45112     95.957 0.0000e+00
   39.82212  -73.19558     23.659     23.477    15.6418    33.6943 -9.990e-29     0.9684 1.0720e+00  1024.9308    15.6382    24.8332     7.6674    233.877    7.98231  243.48156     96.056 0.0000e+00
   39.82212  -73.19558     23.654     23.472    15.7448    33.6229 -9.990e-29     0.9684 1.0751e+00  1024.8434    15.7412    24.7530     7.6767    234.163    7.98391  243.53351     96.152 -9.990e-29
   39.82212  -73.19558     23.659     23.477    15.7923    33.5660      6.907     0.9684 1.0781e+00  1024.7862    15.7887    24.6951     7.6940    234.691    7.98790  243.65540     96.321 -9.990e-29
   39.82212  -73.19558     23.650     23.468    15.8234    33.5437      6.911     0.9684 1.0764e+00  1024.7536    15.8198    24.6625     7.7098    235.173    7.99084  243.74572     96.483 0.0000e+00
   39.82212  -73.19558     23.644     23.462    15.8353    33.5437      6.911     0.9281 1.0795e+00  1024.7463    15.8316    24.6543     7.7236    235.595    7.99738  243.94580     96.577 0.0000e+00
   39.82212  -73.19558     23.640     23.458    15.8351    33.5437      6.911     0.7938 1.0808e+00  1024.7683    15.8314    24.6633     7.7479    236.329    8.00809  244.26622     96.751 -9.990e-29
   39.82212  -73.19558     23.650     23.468    15.8616    33.5644      6.911     0.7535 1.0808e+00  1024.7852    15.8580    24.6735     7.7709    237.014    8.02163  244.66306     96.874 -9.990e-29
   39.82210  -73.19558     23.633     23.451    15.9104    33.5644      6.911     0.7535 1.0839e+00  1024.7832    15.9067    24.6724     7.7938    237.697    8.03562  245.07220     96.990 -9.990e-29
   39.82210  -73.19558     23.640     23.458    15.9547    33.5644      6.911     0.7535 1.0869e+00  1024.7661    15.9510    24.6597     7.8108    238.217    8.04159  245.25673     97.130 -9.990e-29
   39.82210  -73.19558     23.629     23.447    15.9867    33.5573      6.911     0.7669 1.0869e+00  1024.7438    15.9831    24.6428     7.8175    238.428    8.04412  245.33941     97.183 0.0000e+00
   39.82210  -73.19558     23.624     23.442    16.0100    33.5471      6.911     0.7535 1.0883e+00  1024.7296    16.0063    24.6292     7.8250    238.653    8.04692  245.42046     97.243 -9.990e-29
   39.82210  -73.19558     23.629     23.447    16.0290    33.5416      6.911     0.7535 1.0914e+00  1024.7245    16.0253    24.6200     7.8254    238.659    8.04459  245.34488     97.275 -9.990e-29
   39.82210  -73.19558     23.629     23.447    16.0528    33.5369      6.911     0.7535 1.0896e+00  1024.7157    16.0491    24.6118     7.8166    238.395    8.03520  245.06115     97.280 -9.990e-29
   39.82210  -73.19558     23.614     23.432    16.0697    33.5369      6.911     0.7535 1.0896e+00  1024.7046    16.0660    24.6057     7.8088    238.162    8.02676  244.80986     97.284 -9.990e-29
   39.82210  -73.19558     23.620     23.438    16.0764    33.5369      6.911     0.7535 1.0896e+00  1024.7082    16.0727    24.6041     7.8088    238.166    8.02510  244.76334     97.305 -9.990e-29
   39.82210  -73.19558     23.599     23.417    16.0945    33.5400      6.911     0.7535 1.0910e+00  1024.7087    16.0909    24.6038     7.8133    238.304    8.02700  244.82068     97.338 -9.990e-29
   39.82210  -73.19558     23.603     23.421    16.1138    33.5400      6.911     0.7535 1.0879e+00  1024.7068    16.1101    24.6012     7.8154    238.356    8.02668  244.79941     97.368 -9.990e-29
   39.82210  -73.19558     23.599     23.417    16.1415    33.5400      6.911     0.7535 1.0862e+00  1024.7009    16.1378    24.5955     7.8110    238.207    8.02037  244.59163     97.390 -9.990e-29
   39.82210  -73.19558     23.599     23.417    16.1735    33.5389      6.911     0.7535 1.0862e+00  1024.6916    16.1698    24.5865     7.7913    237.604    8.00654  244.16941     97.311 -9.990e-29
   39.82210  -73.19558     23.582     23.401    16.1938    33.5303      6.911     0.7535 1.0862e+00  1024.6785    16.1901    24.5757     7.7790    237.237    7.99487  243.82229     97.299 0.0000e+00
   39.82210  -73.19558     23.578     23.397    16.1981    33.5205      6.911     0.7535 1.0862e+00  1024.6669    16.1943    24.5662     7.7670    236.886    7.98823  243.63233     97.231 0.0000e+00
   39.82210  -73.19558     23.573     23.391    16.1984    33.5205      6.911     0.7535 1.0845e+00  1024.6611    16.1947    24.5619     7.7660    236.862    7.98632  243.58343     97.241 0.0000e+00
   39.82210  -73.19558     23.569     23.387    16.1984    33.5192      6.911     0.7535 1.0845e+00  1024.6658    16.1947    24.5639     7.7602    236.690    7.98474  243.53958     97.188 0.0000e+00
   39.82210  -73.19558     23.559     23.377    16.2041    33.5157      6.911     0.7535 1.0845e+00  1024.6772    16.2004    24.5656     7.7591    236.657    7.98226  243.46273     97.205 0.0000e+00
   39.82210  -73.19558     23.552     23.371    16.2245    33.5145      6.911     0.7535 1.0876e+00  1024.6687    16.2208    24.5557     7.7502    236.384    7.97754  243.31727     97.151 0.0000e+00
   39.82210  -73.19558     23.527     23.346    16.2386    33.4889      6.911     0.7535 1.0876e+00  1024.6338    16.2349    24.5344     7.7400    236.072    7.97179  243.14252     97.092 0.0000e+00
   39.82210  -73.19558     23.508     23.327    16.2300    33.4738      6.911     0.7535 1.0906e+00  1024.6087    16.2264    24.5184     7.7277    235.704    7.96487  242.93763     97.022 0.0000e+00
   39.82210  -73.19558     23.471     23.290    16.2013    33.4738      6.911     0.7535 1.0906e+00  1024.6164    16.1976    24.5200     7.7186    235.430    7.96052  242.81040     96.961 0.0000e+00
   39.82210  -73.19558     23.427     23.246    16.1707    33.4738      6.911     0.7400 1.0906e+00  1024.6357    16.1671    24.5358     7.7167    235.370    7.95712  242.70288     96.979 -9.990e-29
   39.82210  -73.19558     23.457     23.276    16.1378    33.4939      6.911     0.5923 1.0937e+00  1024.6618    16.1341    24.5568     7.7043    234.987    7.94890  242.44835     96.922 -9.990e-29
   39.82210  -73.19558     23.512     23.331    16.1253    33.5206      6.911     0.5117 1.0968e+00  1024.6786    16.1216    24.5792     7.6838    234.366    7.93905  242.15158     96.785 -9.990e-29
   39.82210  -73.19558     23.487     23.306    16.1407    33.5566      6.911     0.5117 1.0999e+00  1024.7085    16.1370    24.6034     7.6659    233.824    7.93156  241.92868     96.650 -9.990e-29
   39.82210  -73.19558     23.461     23.280    16.1851    33.5925      6.911     0.5117 1.0999e+00  1024.7361    16.1814    24.6224     7.6605    233.666    7.92575  241.75632     96.653 -9.990e-29
   39.82210  -73.19558     23.478     23.297    16.2426    33.6108      6.911     0.5117 1.1030e+00  1024.7358    16.2389    24.6276     7.6571    233.566    7.92128  241.62402     96.665 -9.990e-29
   39.82210  -73.19558     23.518     23.336    16.2952    33.6108      6.911     0.5117 1.1030e+00  1024.7293    16.2914    24.6198     7.6453    233.208    7.91804  241.52773     96.555 -9.990e-29
   39.82210  -73.19558     23.531     23.350    16.3506    33.6108      6.911     0.5117 1.0999e+00  1024.7091    16.3468    24.6015     7.6395    233.034    7.91557  241.45455     96.513 -9.990e-29
   39.82210  -73.19558     23.548     23.367    16.3918    33.5910      6.911     0.5117 1.0968e+00  1024.6779    16.3881    24.5773     7.6281    232.686    7.91330  241.38727     96.395 -9.990e-29
   39.82210  -73.19558     23.538     23.357    16.4146    33.5702      6.911     0.5117 1.0937e+00  1024.6550    16.4109    24.5554     7.6276    232.674    7.91124  241.32621     96.415 -9.990e-29
   39.82210  -73.19558     23.542     23.361    16.4277    33.5541      6.911     0.5117 1.0937e+00  1024.6403    16.4240    24.5397     7.6228    232.528    7.90934  241.26919     96.377 -9.990e-29
   39.82210  -73.19558     23.527     23.346    16.4342    33.5432      6.911     0.5117 1.0906e+00  1024.6302    16.4305    24.5295     7.6233    232.546    7.90720  241.20528     96.410 -9.990e-29
   39.82210  -73.19558     23.538     23.357    16.4360    33.5359      6.911     0.5117 1.0876e+00  1024.6260    16.4322    24.5234     7.6141    232.266    7.90607  241.17217     96.307 -9.990e-29
   39.82210  -73.19558     23.512     23.331    16.4339    33.5302      6.911     0.5117 1.0876e+00  1024.6220    16.4302    24.5195     7.6110    232.171    7.90560  241.15905     96.273 -9.990e-29
   39.82210  -73.19558     23.538     23.357    16.4270    33.5302      6.911     0.5117 1.0845e+00  1024.6184    16.4233    24.5177     7.6144    232.275    7.90581  241.16610     96.313 -9.990e-29
   39.82210  -73.19558     23.531     23.350    16.4171    33.5302      6.911     0.5117 1.0845e+00  1024.6210    16.4134    24.5198     7.6135    232.250    7.90621  241.17912     96.298 -9.990e-29
   39.82210  -73.19558     23.518     23.336    16.4103    33.5321      6.911     0.5117 1.0828e+00  1024.6280    16.4066    24.5254     7.6125    232.218    7.90654  241.18959     96.280 -9.990e-29
   39.82210  -73.19558     23.487     23.306    16.4084    33.5342      6.911     0.5117 1.0797e+00  1024.6367    16.4047    24.5314     7.6110    232.173    7.90660  241.19183     96.261 -9.990e-29
   39.82210  -73.19558     23.471     23.290    16.4139    33.5342      6.911     0.5117 1.0767e+00  1024.6419    16.4102    24.5320     7.6100    232.146    7.90689  241.20304     96.245 -9.990e-29
   39.82210  -73.19558     23.478     23.297    16.4260    33.5342      6.911     0.5117 1.0767e+00  1024.6275    16.4223    24.5250     7.6163    232.341    7.90880  241.26363     96.302 -9.990e-29
   39.82210  -73.19558     23.487     23.306    16.4239    33.5210      6.911     0.5117 1.0797e+00  1024.6184    16.4202    24.5149     7.6196    232.444    7.91233  241.37462     96.300 -9.990e-29
   39.82210  -73.19558     23.491     23.310    16.4194    33.5076      6.911     0.5117 1.0814e+00  1024.6055    16.4156    24.5066     7.6275    232.687    7.92000  241.60885     96.307 -9.990e-29
   39.82210  -73.19558     23.497     23.316    16.3961    33.4968      6.911     0.5117 1.0814e+00  1024.6050    16.3924    24.5022     7.6329    232.846    7.93015  241.91213     96.252 -9.990e-29
   39.82210  -73.19558     23.491     23.310    16.3798    33.4968      6.911     0.5117 1.0784e+00  1024.6022    16.3761    24.5015     7.6476    233.286    7.93863  242.16358     96.334 -9.990e-29
