CalculateIndicators/WaterTemperature/Data/CTD_NYOS/202200730_C25.cnv
* Sea-Bird SBE 9 Data File:
* FileName = C:\Seabird 9 CTD\Data\2022\202207_offshore\202200730_C25.hex
* Software Version Seasave V 7.23.2
* Temperature SN = 4590
* Conductivity SN = 3228
* Number of Bytes Per Scan = 44
* Number of Voltage Words = 5
* Number of Scans Averaged by the Deck Unit = 1
* NMEA Latitude = 40 45.00 N
* NMEA Longitude = 072 30.65 W
* NMEA UTC (Time) = Dec 14 2002  06:21:06
* NMEA baud rate = 4800
** Ship: seawolf
** Station: 3.1
** Operator: TDK
# nquan = 18
# nvalues = 9684                        
# units = specified
# name 0 = latitude: Latitude [deg]
# name 1 = longitude: Longitude [deg]
# name 2 = prDM: Pressure, Digiquartz [db]
# name 3 = depSM: Depth [salt water, m]
# name 4 = t090C: Temperature [ITS-90, deg C]
# name 5 = sal00: Salinity, Practical [PSU]
# name 6 = ph: pH
# name 7 = flECO-AFL: Fluorescence, WET Labs ECO-AFL/FL [mg/m^3]
# name 8 = cpar: CPAR/Corrected Irradiance [%]
# name 9 = density00: Density [density, kg/m^3]
# name 10 = potemp090C: Potential Temperature [ITS-90, deg C]
# name 11 = sigma-é00: Density [sigma-theta, kg/m^3]
# name 12 = sbeox0Mg/L: Oxygen, SBE 43 [mg/l]
# name 13 = sbox0Mm/Kg: Oxygen, SBE 43 [umol/kg]
# name 14 = oxsolMg/L: Oxygen Saturation, Garcia & Gordon [mg/l]
# name 15 = oxsolMm/Kg: Oxygen Saturation, Garcia & Gordon [umol/kg]
# name 16 = sbeox0PS: Oxygen, SBE 43 [% saturation]
# name 17 = flag:  0.000e+00
# span 0 =   40.74976,   40.75006       
# span 1 =  -72.51188,  -72.51082       
# span 2 =      1.746,     24.472       
# span 3 =      1.732,     24.282       
# span 4 =    11.6575,    21.8182       
# span 5 =    30.6842,    33.8998       
# span 6 =      8.060,      8.168       
# span 7 =     0.3371,     1.3579       
# span 8 = 5.0640e-11, 9.9999e+04       
# span 9 =  1021.4372,  1025.2496       
# span 10 =    11.6545,    21.8178      
# span 11 =    21.4233,    25.1702      
# span 12 =     5.8792,     9.5259      
# span 13 =    179.621,    290.526      
# span 14 =    7.31090,    8.83730      
# span 15 =  223.66167,  269.46631      
# span 16 =     75.533,    113.435      
# span 17 = 0.0000e+00, 0.0000e+00      
# interval = seconds: 0.0416667
# start_time = Jul 30 2022 06:21:04 [System UTC, first data scan.]
# bad_flag = -9.990e-29
*END*
[from data line 7478]
   40.74984  -72.51164      2.221      2.204    21.7817    31.3652      8.142     0.6863 5.0640e-11  1021.5283    21.7812    21.5185     8.1082    248.048    7.31194  223.68943    110.890 -9.990e-29
   40.74984  -72.51164      2.221      2.204    21.7823    31.3647      8.142     0.6863 5.0640e-11  1021.5276    21.7819    21.5180     8.1082    248.049    7.31205  223.69266    110.888 -9.990e-29
   40.74984  -72.51164      2.221      2.204    21.7834    31.3647      8.142     0.6729 5.0640e-11  1021.5268    21.7830    21.5176     8.1027    247.882    7.31196  223.69032    110.815 -9.990e-29
   40.74984  -72.51164      2.242      2.225    21.7837    31.3647      8.142     0.6863 5.0640e-11  1021.5272    21.7833    21.5176     8.1024    247.870    7.31188  223.68780    110.811 -9.990e-29
   40.74984  -72.51164      2.242      2.225    21.7832    31.3649      8.142     0.6863 5.0640e-11  1021.5277    21.7828    21.5180     8.1018    247.854    7.31188  223.68784    110.803 -9.990e-29
   40.74984  -72.51164      2.242      2.225    21.7827    31.3651      8.137     0.6863 5.0640e-11  1021.5279    21.7822    21.5182     8.1014    247.842    7.31198  223.69106    110.797 -9.990e-29
   40.74984  -72.51164      2.252      2.234    21.7822    31.3651      8.137     0.6863 5.0640e-11  1021.5281    21.7818    21.5183     8.1012    247.835    7.31216  223.69623    110.791 -9.990e-29
   40.74984  -72.51164      2.263      2.245    21.7816    31.3651      8.142     0.6863 5.0640e-11  1021.5284    21.7812    21.5184     8.0959    247.672    7.31219  223.69720    110.717 -9.990e-29
   40.74984  -72.51164      2.263      2.245    21.7813    31.3650      8.142     0.7132 5.0640e-11  1021.5282    21.7809    21.5184     8.1001    247.803    7.31213  223.69568    110.777 -9.990e-29
   40.74984  -72.51164      2.263      2.245    21.7813    31.3650      8.142     0.7266 5.0640e-11  1021.5281    21.7808    21.5184     8.0950    247.645    7.31223  223.69850    110.705 -9.990e-29
   40.74984  -72.51164      2.272      2.255    21.7811    31.3650      8.142     0.7266 5.0640e-11  1021.5282    21.7807    21.5186     8.0945    247.631    7.31230  223.70044    110.698 -9.990e-29
   40.74984  -72.51164      2.272      2.255    21.7807    31.3650      8.142     0.7266 5.0640e-11  1021.5290    21.7803    21.5187     8.0889    247.459    7.31216  223.69654    110.623 -9.990e-29
   40.74984  -72.51164      2.282      2.264    21.7818    31.3650      8.142     0.7266 5.0640e-11  1021.5282    21.7814    21.5184     8.0882    247.436    7.31211  223.69494    110.613 -9.990e-29
   40.74984  -72.51164      2.282      2.264    21.7830    31.3650      8.142     0.7266 5.0640e-11  1021.5275    21.7826    21.5180     8.0872    247.407    7.31206  223.69354    110.601 -9.990e-29
   40.74984  -72.51164      2.282      2.264    21.7838    31.3650      8.142     0.7266 5.0640e-11  1021.5276    21.7833    21.5178     8.0867    247.390    7.31207  223.69393    110.593 -9.990e-29
   40.74984  -72.51164      2.293      2.275    21.7837    31.3650      8.142     0.7266 5.0640e-11  1021.5278    21.7833    21.5179     8.0860    247.369    7.31215  223.69619    110.583 -9.990e-29
   40.74984  -72.51164      2.293      2.275    21.7838    31.3650      8.142     0.7266 5.0640e-11  1021.5279    21.7833    21.5179     8.0852    247.346    7.31213  223.69576    110.572 -9.990e-29
   40.74984  -72.51164      2.293      2.275    21.7837    31.3650      8.142     0.7266 5.0640e-11  1021.5277    21.7833    21.5178     8.0848    247.333    7.31205  223.69324    110.568 -9.990e-29
   40.74984  -72.51164      2.302      2.285    21.7840    31.3649      8.142     0.7266 5.0640e-11  1021.5276    21.7835    21.5176     8.0844    247.323    7.31201  223.69220    110.564 -9.990e-29
   40.74984  -72.51164      2.293      2.275    21.7846    31.3648      8.142     0.7266 5.0640e-11  1021.5274    21.7842    21.5174     8.0842    247.315    7.31196  223.69047    110.561 -9.990e-29
   40.74984  -72.51164      2.293      2.275    21.7854    31.3645      8.142     0.7266 5.0640e-11  1021.5269    21.7850    21.5170     8.0887    247.454    7.31196  223.69046    110.623 -9.990e-29
   40.74984  -72.51164      2.302      2.285    21.7860    31.3644      8.142     0.7266 5.0640e-11  1021.5266    21.7856    21.5168     8.0890    247.461    7.31197  223.69074    110.627 -9.990e-29
   40.74984 -9.990e-29      2.293      2.275    21.7861    31.3644      8.137     0.7132 5.0640e-11  1021.5267    21.7856    21.5168     8.0894    247.473    7.31205  223.69316    110.630 -9.990e-29
   40.74984 -9.990e-29      2.302      2.285    21.7859    31.3644      8.142     0.7266 5.0640e-11  1021.5268    21.7854    21.5168     8.0895    247.478    7.31216  223.69639    110.631 -9.990e-29
   40.74984 -9.990e-29      2.293      2.275    21.7860    31.3642      8.142     0.7266 5.0640e-11  1021.5266    21.7856    21.5166     8.0900    247.493    7.31223  223.69829    110.637 -9.990e-29
   40.74984 -9.990e-29      2.293      2.275    21.7864    31.3640      8.142     0.7266 5.0640e-11  1021.5261    21.7860    21.5163     8.0902    247.498    7.31224  223.69869    110.639 -9.990e-29
   40.74984 -9.990e-29      2.304      2.286    21.7866    31.3636      8.142     0.7266 5.0640e-11  1021.5263    21.7862    21.5158     8.0908    247.517    7.31234  223.70152    110.646 -9.990e-29
   40.74984 -9.990e-29      2.293      2.275    21.7889    31.3627      8.142     0.7132 5.0640e-11  1021.5246    21.7884    21.5146     8.0961    247.679    7.31236  223.70227    110.718 -9.990e-29
   40.74984 -9.990e-29      2.293      2.275    21.7916    31.3618      8.142     0.7266 5.0640e-11  1021.5230    21.7911    21.5132     8.0966    247.695    7.31230  223.70060    110.726 -9.990e-29
   40.74986 -9.990e-29      2.293      2.275    21.7947    31.3611      8.141     0.7266 5.0640e-11  1021.5217    21.7943    21.5119     8.0973    247.715    7.31233  223.70146    110.735 -9.990e-29
   40.74986 -9.990e-29      2.282      2.264    21.7976    31.3609      8.141     0.7266 5.0640e-11  1021.5204    21.7971    21.5109     8.0985    247.751    7.31245  223.70503    110.749 -9.990e-29
   40.74986 -9.990e-29      2.283      2.265    21.7995    31.3609      8.141     0.7266 5.0640e-11  1021.5199    21.7991    21.5103     8.0993    247.777    7.31257  223.70853    110.759 -9.990e-29
   40.74986 -9.990e-29      2.282      2.264    21.8011    31.3609      8.141     0.6998 5.0640e-11  1021.5197    21.8007    21.5101     8.0999    247.794    7.31265  223.71080    110.765 -9.990e-29
   40.74986 -9.990e-29      2.282      2.264    21.8018    31.3612      8.141     0.6998 5.0640e-11  1021.5201    21.8014    21.5100     8.1012    247.834    7.31282  223.71598    110.781 -9.990e-29
   40.74986 -9.990e-29      2.263      2.245    21.8030    31.3612      8.141     0.6998 5.0640e-11  1021.5195    21.8026    21.5098     8.1072    248.019    7.31299  223.72105    110.861 -9.990e-29
   40.74986 -9.990e-29      2.272      2.255    21.8036    31.3612      8.141     0.6998 5.0640e-11  1021.5195    21.8032    21.5095     8.1036    247.909    7.31316  223.72604    110.809 -9.990e-29
   40.74986 -9.990e-29      2.263      2.245    21.8046    31.3611      8.141     0.6998 5.0640e-11  1021.5188    21.8042    21.5092     8.1098    248.098    7.31341  223.73346    110.890 -9.990e-29
   40.74986 -9.990e-29      2.263      2.245    21.8052    31.3611      8.141     0.6998 5.0640e-11  1021.5187    21.8047    21.5091     8.1113    248.142    7.31357  223.73813    110.907 -9.990e-29
   40.74986 -9.990e-29      2.252      2.234    21.8054    31.3611      8.141     0.6998 5.0640e-11  1021.5188    21.8049    21.5090     8.1127    248.184    7.31366  223.74116    110.925 -9.990e-29
   40.74986 -9.990e-29      2.242      2.225    21.8062    31.3611      8.141     0.6998 5.0640e-11  1021.5183    21.8058    21.5088     8.1137    248.215    7.31370  223.74246    110.938 -9.990e-29
   40.74986 -9.990e-29      2.242      2.225    21.8066    31.3611      8.141     0.6998 5.0640e-11  1021.5182    21.8062    21.5086     8.1151    248.258    7.31378  223.74477    110.956 -9.990e-29
   40.74986 -9.990e-29      2.231      2.214    21.8069    31.3611      8.141     0.6998 5.0640e-11  1021.5182    21.8065    21.5086     8.1161    248.289    7.31379  223.74498    110.970 -9.990e-29
   40.74986 -9.990e-29      2.221      2.204    21.8069    31.3612      8.141     0.6998 5.0640e-11  1021.5183    21.8065    21.5086     8.1172    248.323    7.31385  223.74694    110.984 -9.990e-29
   40.74986 -9.990e-29      2.223      2.205    21.8073    31.3613      8.141     0.6998 5.0640e-11  1021.5183    21.8069    21.5086     8.1183    248.355    7.31384  223.74675    110.998 -9.990e-29
   40.74986 -9.990e-29      2.212      2.195    21.8080    31.3613      8.141     0.6998 5.0640e-11  1021.5176    21.8076    21.5084     8.1192    248.386    7.31380  223.74544    111.013 -9.990e-29
   40.74986 -9.990e-29      2.201      2.184    21.8081    31.3614      8.141     0.6998 5.0640e-11  1021.5179    21.8076    21.5085     8.1252    248.567    7.31366  223.74142    111.096 -9.990e-29
   40.74986 -9.990e-29      2.191      2.174    21.8080    31.3617      8.141     0.6998 5.0640e-11  1021.5181    21.8076    21.5088     8.1209    248.436    7.31338  223.73316    111.041 -9.990e-29
   40.74986 -9.990e-29      2.181      2.165    21.8075    31.3624      8.141     0.6998 5.0640e-11  1021.5182    21.8071    21.5096     8.1214    248.452    7.31316  223.72651    111.052 -9.990e-29
   40.74986 -9.990e-29      2.172      2.155    21.8038    31.3630      8.141     0.6998 5.0640e-11  1021.5213    21.8033    21.5109     8.1269    248.622    7.31298  223.72113    111.130 -9.990e-29
   40.74986 -9.990e-29      2.161      2.144    21.8030    31.3630      8.141     0.6863 5.0640e-11  1021.5213    21.8026    21.5113     8.1229    248.497    7.31287  223.71763    111.076 -9.990e-29
   40.74986 -9.990e-29      2.140      2.124    21.8041    31.3630      8.141     0.6998 5.0640e-11  1021.5198    21.8037    21.5107     8.1233    248.510    7.31259  223.70955    111.086 -9.990e-29
   40.74986 -9.990e-29      2.140      2.124    21.8050    31.3625      8.141     0.6998 5.0640e-11  1021.5191    21.8046    21.5102     8.1183    248.359    7.31226  223.69971    111.024 -9.990e-29
   40.74986 -9.990e-29      2.131      2.114    21.8050    31.3625      8.141     0.6998 5.0640e-11  1021.5190    21.8046    21.5101     8.1183    248.357    7.31208  223.69412    111.025 -9.990e-29
   40.74984 -9.990e-29      2.110      2.094    21.8041    31.3624      8.141     0.6998 5.0640e-11  1021.5194    21.8037    21.5104     8.1182    248.357    7.31194  223.68986    111.027 -9.990e-29
   40.74984 -9.990e-29      2.089      2.073    21.8025    31.3624      8.141     0.6998 5.0640e-11  1021.5203    21.8021    21.5107     8.1232    248.509    7.31180  223.68545    111.097 -9.990e-29
   40.74984 -9.990e-29      2.100      2.084    21.8025    31.3624      8.141     0.6863 5.0640e-11  1021.5198    21.8021    21.5106     8.1185    248.365    7.31170  223.68249    111.035 -9.990e-29
   40.74984 -9.990e-29      2.080      2.064    21.8032    31.3624      8.141     0.6998 5.0640e-11  1021.5189    21.8028    21.5105     8.1183    248.358    7.31164  223.68072    111.032 -9.990e-29
   40.74984 -9.990e-29      2.059      2.043    21.8022    31.3624      8.141     0.7266 5.0640e-11  1021.5197    21.8018    21.5108     8.1183    248.359    7.31157  223.67861    111.034 -9.990e-29
   40.74984 -9.990e-29      2.050      2.034    21.8015    31.3622      8.141     0.7266 5.0640e-11  1021.5204    21.8011    21.5109     8.1181    248.352    7.31153  223.67747    111.031 -9.990e-29
   40.74984 -9.990e-29      2.029      2.013    21.8029    31.3620      8.141     0.7266 5.0640e-11  1021.5189    21.8025    21.5104     8.1129    248.193    7.31152  223.67699    110.960 -9.990e-29
   40.74984 -9.990e-29      2.019      2.004    21.8034    31.3615      8.141     0.7266 5.0640e-11  1021.5186    21.8030    21.5099     8.1170    248.318    7.31147  223.67564    111.017 -9.990e-29
   40.74984 -9.990e-29      2.010      1.994    21.8039    31.3615      8.141     0.7266 5.0640e-11  1021.5180    21.8036    21.5096     8.1164    248.301    7.31144  223.67475    111.010 -9.990e-29
   40.74984 -9.990e-29      1.999      1.983    21.8038    31.3614      8.141     0.7266 5.0640e-11  1021.5182    21.8034    21.5097     8.1159    248.284    7.31146  223.67514    111.002 -9.990e-29
   40.74984 -9.990e-29      1.978      1.963    21.8030    31.3613      8.141     0.7266 5.0640e-11  1021.5186    21.8026    21.5098     8.1104    248.116    7.31151  223.67655    110.926 -9.990e-29
   40.74984 -9.990e-29      1.959      1.944    21.8033    31.3613      8.141     0.7266 5.0640e-11  1021.5182    21.8029    21.5096     8.1097    248.094    7.31167  223.68134    110.914 -9.990e-29
   40.74984 -9.990e-29      1.959      1.944    21.8041    31.3610      8.141     0.7266 5.0640e-11  1021.5176    21.8037    21.5092     8.1142    248.231    7.31202  223.69170    110.970 -9.990e-29
   40.74984 -9.990e-29      1.938      1.923    21.8045    31.3610      8.141     0.7266 5.0640e-11  1021.5171    21.8041    21.5090     8.1088    248.067    7.31226  223.69893    110.893 -9.990e-29
   40.74984 -9.990e-29      1.927      1.912    21.8048    31.3610      8.141     0.7266 5.0640e-11  1021.5172    21.8045    21.5090     8.1081    248.045    7.31244  223.70445    110.881 -9.990e-29
   40.74984 -9.990e-29      1.919      1.904    21.8046    31.3612      8.141     0.7266 5.0640e-11  1021.5176    21.8043    21.5093     8.1072    248.017    7.31250  223.70625    110.867 -9.990e-29
   40.74984 -9.990e-29      1.908      1.893    21.8045    31.3615      8.141     0.7266 5.0640e-11  1021.5178    21.8041    21.5096     8.1064    247.994    7.31244  223.70447    110.858 -9.990e-29
   40.74984 -9.990e-29      1.887      1.873    21.8038    31.3619      8.141     0.7266 5.0640e-11  1021.5181    21.8034    21.5101     8.1057    247.971    7.31237  223.70260    110.849 -9.990e-29
   40.74984 -9.990e-29      1.887      1.873    21.8027    31.3624      8.141     0.7266 5.0640e-11  1021.5188    21.8024    21.5106     8.1049    247.949    7.31233  223.70137    110.839 -9.990e-29
   40.74984 -9.990e-29      1.867      1.852    21.8021    31.3628      8.141     0.7266 5.0640e-11  1021.5191    21.8018    21.5111     8.1042    247.928    7.31232  223.70097    110.830 -9.990e-29
   40.74984 -9.990e-29      1.857      1.843    21.8018    31.3631      8.141     0.7266 5.0640e-11  1021.5196    21.8015    21.5115     8.1036    247.908    7.31234  223.70169    110.821 -9.990e-29
   40.74984 -9.990e-29      1.857      1.843    21.8011    31.3632      8.141     0.7132 5.0640e-11  1021.5198    21.8008    21.5118     8.0979    247.734    7.31233  223.70129    110.743 -9.990e-29
   40.74984 -9.990e-29      1.837      1.822    21.8008    31.3632      8.141     0.7266 5.0640e-11  1021.5201    21.8004    21.5119     8.0969    247.702    7.31228  223.69971    110.730 -9.990e-29
   40.74984 -9.990e-29      1.848      1.833    21.8015    31.3632      8.141     0.7266 5.0640e-11  1021.5194    21.8011    21.5117     8.0963    247.685    7.31235  223.70201    110.721 -9.990e-29
   40.74984 -9.990e-29      1.816      1.802    21.8013    31.3632      8.141     0.7266 5.0640e-11  1021.5193    21.8009    21.5117     8.0958    247.668    7.31240  223.70329    110.713 -9.990e-29
   40.74984 -9.990e-29      1.848      1.833    21.8002    31.3632      8.141     0.7266 5.0640e-11  1021.5200    21.7999    21.5120     8.0951    247.649    7.31239  223.70300    110.705 -9.990e-29
