CalculateIndicators/WaterTemperature/Data/CTD_NYOS/20220201_C01.cnv
* Sea-Bird SBE 9 Data File:
* FileName = C:\Seabird 9 CTD\Data\2022\202202_offshore\20220201_C01.hex
* Software Version Seasave V 7.23.2
* Temperature SN = 4590
* Conductivity SN = 3228
* Number of Bytes Per Scan = 44
* Number of Voltage Words = 5
* Number of Scans Averaged by the Deck Unit = 1
* NMEA Latitude = 40 57.63 N
* NMEA Longitude = 073 34.93 W
* NMEA UTC (Time) = Jun 18 2002  17:33:16
* NMEA baud rate = 4800
** Ship: rv seawolf
** Station: LIS-ARIG
** Operator: EIH
# nquan = 18
# nvalues = 10589                                 
# units = specified
# name 0 = latitude: Latitude [deg]
# name 1 = longitude: Longitude [deg]
# name 2 = prDM: Pressure, Digiquartz [db]
# name 3 = depSM: Depth [salt water, m]
# name 4 = t090C: Temperature [ITS-90, deg C]
# name 5 = sal00: Salinity, Practical [PSU]
# name 6 = ph: pH
# name 7 = flECO-AFL: Fluorescence, WET Labs ECO-AFL/FL [mg/m^3]
# name 8 = cpar: CPAR/Corrected Irradiance [%]
# name 9 = density00: Density [density, kg/m^3]
# name 10 = potemp090C: Potential Temperature [ITS-90, deg C]
# name 11 = sigma-é00: Density [sigma-theta, kg/m^3]
# name 12 = sbeox0Mg/L: Oxygen, SBE 43 [mg/l]
# name 13 = sbox0Mm/Kg: Oxygen, SBE 43 [umol/kg]
# name 14 = oxsolMg/L: Oxygen Saturation, Garcia & Gordon [mg/l]
# name 15 = oxsolMm/Kg: Oxygen Saturation, Garcia & Gordon [umol/kg]
# name 16 = sbeox0PS: Oxygen, SBE 43 [% saturation]
# name 17 = flag:  0.000e+00
# span 0 =   40.96050,   40.96120                 
# span 1 =  -73.58376,  -73.58216                 
# span 2 =      1.420,     14.546                 
# span 3 =      1.409,     14.432                 
# span 4 =     1.5104,     2.3003                 
# span 5 =    26.8155,    27.0733                 
# span 6 =      8.340,      8.508                 
# span 7 =     3.8560,     7.8048                 
# span 8 = 4.5133e-14, 1.2675e+01                 
# span 9 =  1021.4568,  1021.6786                 
# span 10 =     1.5103,     2.2998                
# span 11 =    21.4458,    21.6097                
# span 12 =    13.3973,    19.3075                
# span 13 =    409.816,    590.698                
# span 14 =   11.39816,   11.65177                
# span 15 =  348.66365,  356.47690                
# span 16 =    117.521,    165.711                
# span 17 = 0.0000e+00, 0.0000e+00                
# interval = seconds: 0.0416667
# start_time = Feb 01 2022 17:33:17 [System UTC, first data scan.]
# bad_flag = -9.990e-29
*END*
[from data line 8845]
   40.96108  -73.58352      2.280      2.262     1.5362    26.8217      8.488     6.0990 1.9630e+00  1021.4610     1.5362    21.4501    16.1417    493.841   11.64372  356.23032    138.630  0.000e+00
   40.96108  -73.58352      2.271      2.253     1.5362    26.8216      8.488     6.0990 1.9685e+00  1021.4608     1.5362    21.4500    16.1464    493.985   11.64374  356.23068    138.670  0.000e+00
   40.96108  -73.58352      2.280      2.262     1.5362    26.8217      8.488     6.0990 2.0003e+00  1021.4610     1.5362    21.4501    16.1804    495.027   11.64372  356.23032    138.963  0.000e+00
   40.96108  -73.58352      2.271      2.253     1.5364    26.8217      8.488     6.0990 2.0173e+00  1021.4609     1.5363    21.4500    16.2166    496.135   11.64368  356.22906    139.274  0.000e+00
   40.96108  -73.58352      2.271      2.253     1.5362    26.8213      8.488     6.1125 2.0173e+00  1021.4606     1.5362    21.4497    16.2550    497.309   11.64376  356.23142    139.603  0.000e+00
   40.96108  -73.58352      2.280      2.263     1.5362    26.8216      8.488     6.1125 2.0116e+00  1021.4609     1.5362    21.4500    16.2785    498.027   11.64374  356.23069    139.805  0.000e+00
   40.96108  -73.58350      2.280      2.263     1.5362    26.8216      8.488     6.1125 2.0003e+00  1021.4609     1.5362    21.4500    16.2942    498.509   11.64374  356.23069    139.940  0.000e+00
   40.96108  -73.58350      2.280      2.263     1.5365    26.8215      8.488     6.1125 2.0003e+00  1021.4607     1.5365    21.4498    16.2845    498.210   11.64365  356.22819    139.857  0.000e+00
   40.96108  -73.58350      2.290      2.272     1.5361    26.8217      8.488     6.0990 1.9761e+00  1021.4610     1.5360    21.4501    16.2899    498.376   11.64377  356.23177    139.902  0.000e+00
   40.96108  -73.58350      2.280      2.263     1.5359    26.8220      8.488     6.1125 1.9650e+00  1021.4612     1.5359    21.4503    16.3111    499.025   11.64380  356.23245    140.084  0.000e+00
   40.96108  -73.58350      2.301      2.283     1.5362    26.8213      8.488     6.1796 1.9595e+00  1021.4607     1.5362    21.4497    16.3431    500.004   11.64376  356.23146    140.359  0.000e+00
   40.96108  -73.58350      2.301      2.283     1.5364    26.8213      8.488     6.2199 1.9650e+00  1021.4607     1.5363    21.4497    16.3753    500.990   11.64372  356.23021    140.637  0.000e+00
   40.96108  -73.58350      2.310      2.293     1.5361    26.8219      8.488     6.2199 1.9706e+00  1021.4612     1.5360    21.4502    16.3820    501.193   11.64376  356.23142    140.693  0.000e+00
   40.96108  -73.58350      2.310      2.293     1.5362    26.8214      8.488     6.2199 1.9706e+00  1021.4608     1.5361    21.4498    16.3721    500.890   11.64377  356.23183    140.608  0.000e+00
   40.96108  -73.58350      2.331      2.313     1.5359    26.8216      8.488     6.2199 1.9706e+00  1021.4612     1.5358    21.4500    16.3603    500.532   11.64383  356.23344    140.507  0.000e+00
   40.96108  -73.58350      2.323      2.305     1.5356    26.8220      8.488     6.2065 1.9761e+00  1021.4615     1.5355    21.4503    16.3374    499.829   11.64389  356.23519    140.309  0.000e+00
   40.96108  -73.58350      2.331      2.313     1.5361    26.8214      8.488     6.2065 1.9761e+00  1021.4609     1.5360    21.4498    16.3372    499.825   11.64380  356.23275    140.309  0.000e+00
   40.96108  -73.58350      2.341      2.323     1.5362    26.8214      8.488     6.2199 1.9650e+00  1021.4610     1.5362    21.4498    16.3295    499.588   11.64375  356.23133    140.243  0.000e+00
   40.96108  -73.58350      2.352      2.333     1.5362    26.8212      8.488     6.2199 1.9267e+00  1021.4609     1.5362    21.4497    16.3285    499.558   11.64377  356.23171    140.234  0.000e+00
   40.96108  -73.58350      2.352      2.333     1.5361    26.8215      8.488     6.2199 1.9122e+00  1021.4611     1.5360    21.4499    16.3259    499.478   11.64379  356.23240    140.211  0.000e+00
   40.96108  -73.58350      2.371      2.353     1.5359    26.8204      8.488     6.2199 1.9014e+00  1021.4604     1.5358    21.4490    16.3230    499.389   11.64393  356.23683    140.185  0.000e+00
   40.96108  -73.58350      2.371      2.353     1.5361    26.8209      8.488     6.2065 1.8382e+00  1021.4607     1.5360    21.4494    16.3285    499.557   11.64384  356.23410    140.233  0.000e+00
   40.96108  -73.58350      2.382      2.363     1.5359    26.8210      8.488     6.2065 1.8074e+00  1021.4609     1.5358    21.4495    16.3172    499.211   11.64388  356.23518    140.135  0.000e+00
   40.96108  -73.58350      2.382      2.363     1.5359    26.8213      8.488     6.2065 1.8023e+00  1021.4611     1.5358    21.4497    16.3030    498.777   11.64385  356.23443    140.014  0.000e+00
   40.96108  -73.58350      2.392      2.373     1.5359    26.8214      8.488     6.2199 1.7622e+00  1021.4613     1.5358    21.4498    16.3060    498.868   11.64384  356.23408    140.039  0.000e+00
   40.96108  -73.58350      2.403      2.384     1.5361    26.8211      8.488     6.2199 1.7375e+00  1021.4610     1.5360    21.4495    16.3424    499.984   11.64383  356.23358    140.353  0.000e+00
   40.96108  -73.58350      2.412      2.393     1.5361    26.8212      8.488     6.2065 1.7326e+00  1021.4612     1.5360    21.4496    16.3660    500.704   11.64381  356.23322    140.555  0.000e+00
   40.96108  -73.58350      2.412      2.393     1.5356    26.8219      8.488     6.2065 1.6988e+00  1021.4617     1.5355    21.4502    16.3815    501.180   11.64390  356.23567    140.688  0.000e+00
   40.96108  -73.58350      2.422      2.403     1.5360    26.8212      8.488     6.2199 1.6750e+00  1021.4612     1.5360    21.4496    16.4144    502.185   11.64383  356.23378    140.971  0.000e+00
   40.96108  -73.58350      2.433      2.414     1.5361    26.8210      8.488     6.2199 1.6765e+00  1021.4611     1.5360    21.4495    16.4174    502.278   11.64383  356.23381    140.997  0.000e+00
   40.96108  -73.58352      2.442      2.423     1.5358    26.8212      8.488     6.2199 1.6577e+00  1021.4614     1.5357    21.4497    16.4040    501.868   11.64390  356.23595    140.881  0.000e+00
   40.96108  -73.58352      2.442      2.423     1.5359    26.8213      8.488     6.2199 1.6423e+00  1021.4614     1.5358    21.4497    16.3882    501.384   11.64385  356.23433    140.746  0.000e+00
   40.96108  -73.58352      2.452      2.433     1.5356    26.8216      8.488     6.2199 1.6377e+00  1021.4618     1.5355    21.4500    16.3740    500.949   11.64392  356.23628    140.623  0.000e+00
   40.96108  -73.58352      2.463      2.444     1.5358    26.8215      8.488     6.2199 1.6285e+00  1021.4617     1.5357    21.4499    16.3765    501.027   11.64388  356.23523    140.645  0.000e+00
   40.96108  -73.58352      2.463      2.444     1.5359    26.8212      8.488     6.2736 1.6162e+00  1021.4614     1.5358    21.4496    16.3807    501.156   11.64386  356.23472    140.681  0.000e+00
   40.96108  -73.58352      2.473      2.453     1.5359    26.8213      8.488     6.3274 1.6117e+00  1021.4616     1.5358    21.4497    16.3927    501.523   11.64385  356.23437    140.785  0.000e+00
   40.96108  -73.58352      2.482      2.463     1.5358    26.8213      8.488     6.3274 1.6071e+00  1021.4616     1.5357    21.4497    16.3889    501.405   11.64390  356.23581    140.751  0.000e+00
   40.96108  -73.58352      2.482      2.463     1.5359    26.8211      8.488     6.3274 1.5950e+00  1021.4614     1.5358    21.4496    16.3927    501.521   11.64387  356.23493    140.784  0.000e+00
   40.96108  -73.58352      2.493      2.474     1.5358    26.8214      8.488     6.3274 1.5919e+00  1021.4618     1.5357    21.4498    16.4066    501.947   11.64389  356.23546    140.903  0.000e+00
   40.96108  -73.58352      2.493      2.474     1.5361    26.8212      8.488     6.3274 1.5875e+00  1021.4616     1.5360    21.4497    16.4139    502.171   11.64381  356.23314    140.967  0.000e+00
   40.96108  -73.58352      2.503      2.483     1.5358    26.8213      8.488     6.3139 1.5830e+00  1021.4617     1.5357    21.4497    16.4211    502.392   11.64390  356.23584    141.028  0.000e+00
   40.96108  -73.58352      2.503      2.483     1.5358    26.8214      8.488     6.3274 1.5785e+00  1021.4618     1.5357    21.4498    16.4020    501.806   11.64389  356.23547    140.864  0.000e+00
   40.96108  -73.58352      2.493      2.474     1.5360    26.8213      8.488     6.3274 1.5785e+00  1021.4616     1.5359    21.4497    16.3875    501.363   11.64382  356.23350    140.740  0.000e+00
   40.96108  -73.58352      2.514      2.494     1.5359    26.8209      8.488     6.3274 1.5828e+00  1021.4615     1.5358    21.4494    16.3770    501.040   11.64388  356.23535    140.649  0.000e+00
   40.96108  -73.58352      2.504      2.485     1.5359    26.8212      8.488     6.3274 1.5856e+00  1021.4616     1.5358    21.4497    16.3676    500.752   11.64386  356.23459    140.568  0.000e+00
   40.96108  -73.58352      2.493      2.474     1.5361    26.8210      8.488     6.3274 1.5884e+00  1021.4614     1.5360    21.4495    16.3461    500.096   11.64383  356.23370    140.384  0.000e+00
   40.96108  -73.58352      2.503      2.483     1.5361    26.8212      8.488     6.3274 1.5943e+00  1021.4616     1.5360    21.4496    16.3302    499.611   11.64382  356.23334    140.248  0.000e+00
   40.96108  -73.58352      2.503      2.483     1.5359    26.8212      8.488     6.3274 1.5943e+00  1021.4616     1.5358    21.4496    16.3221    499.361   11.64386  356.23478    140.178  0.000e+00
   40.96108  -73.58352      2.503      2.483     1.5361    26.8212      8.488     6.3274 1.5929e+00  1021.4616     1.5360    21.4496    16.3367    499.809   11.64382  356.23334    140.304  0.000e+00
   40.96108  -73.58352      2.493      2.474     1.5359    26.8212      8.488     6.3274 1.5929e+00  1021.4615     1.5358    21.4496    16.3620    500.582   11.64386  356.23476    140.520  0.000e+00
   40.96108  -73.58352      2.482      2.463     1.5362    26.8210      8.488     6.3274 1.5943e+00  1021.4614     1.5362    21.4495    16.3429    500.000   11.64378  356.23225    140.358  0.000e+00
   40.96108  -73.58352      2.482      2.463     1.5359    26.8214      8.488     6.3274 1.5972e+00  1021.4617     1.5358    21.4498    16.2936    498.489   11.64385  356.23419    139.933  0.000e+00
   40.96108  -73.58352      2.482      2.463     1.5362    26.8211      8.488     6.3139 1.6015e+00  1021.4614     1.5362    21.4496    16.2506    497.175   11.64378  356.23207    139.565  0.000e+00
   40.96108  -73.58352      2.482      2.463     1.5362    26.8213      8.488     6.3139 1.6089e+00  1021.4616     1.5362    21.4497    16.2241    496.364   11.64376  356.23151    139.338  0.000e+00
   40.96108  -73.58350      2.463      2.444     1.5362    26.8212      8.488     6.3274 1.6104e+00  1021.4614     1.5362    21.4496    16.2141    496.058   11.64377  356.23186    139.252  0.000e+00
   40.96108  -73.58350      2.463      2.444     1.5364    26.8208      8.488     6.3274 1.6135e+00  1021.4611     1.5363    21.4493    16.1971    495.536   11.64376  356.23153    139.105  0.000e+00
   40.96108  -73.58350      2.463      2.444     1.5364    26.8211      8.488     6.3274 1.6166e+00  1021.4613     1.5363    21.4496    16.2015    495.672   11.64373  356.23061    139.144  0.000e+00
   40.96108  -73.58350      2.442      2.423     1.5365    26.8214      8.488     6.3274 1.6197e+00  1021.4615     1.5364    21.4498    16.2162    496.122   11.64367  356.22876    139.271  0.000e+00
   40.96108  -73.58350      2.452      2.433     1.5361    26.8214      8.488     6.3139 1.6228e+00  1021.4615     1.5360    21.4498    16.2201    496.240   11.64380  356.23272    139.302  0.000e+00
   40.96108  -73.58350      2.442      2.423     1.5365    26.8211      8.488     6.2736 1.6351e+00  1021.4612     1.5365    21.4495    16.2195    496.224   11.64369  356.22933    139.299  0.000e+00
   40.96108  -73.58350      2.433      2.414     1.5362    26.8212      8.488     6.2602 1.6382e+00  1021.4613     1.5362    21.4496    16.2062    495.817   11.64377  356.23182    139.184  0.000e+00
   40.96108  -73.58350      2.422      2.403     1.5364    26.8210      8.488     6.2602 1.6414e+00  1021.4611     1.5363    21.4495    16.1661    494.589   11.64374  356.23092    138.839  0.000e+00
   40.96108  -73.58350      2.422      2.403     1.5362    26.8209      8.488     6.2602 1.6585e+00  1021.4610     1.5362    21.4494    16.1437    493.903   11.64379  356.23254    138.646  0.000e+00
   40.96108  -73.58350      2.422      2.403     1.5365    26.8208      8.488     6.2736 1.6679e+00  1021.4609     1.5365    21.4493    16.1418    493.846   11.64371  356.23005    138.631  0.000e+00
   40.96108  -73.58350      2.403      2.384     1.5365    26.8211      8.488     6.2736 1.6711e+00  1021.4610     1.5365    21.4495    16.1216    493.226   11.64368  356.22928    138.458  0.000e+00
   40.96108  -73.58350      2.412      2.394     1.5364    26.8211      8.488     6.2736 1.6900e+00  1021.4611     1.5363    21.4495    16.1089    492.838   11.64373  356.23073    138.348  0.000e+00
   40.96108  -73.58350      2.403      2.384     1.5364    26.8210      8.488     6.2602 1.7011e+00  1021.4610     1.5363    21.4495    16.0952    492.419   11.64374  356.23090    138.230  0.000e+00
   40.96108  -73.58350      2.403      2.384     1.5365    26.8211      8.488     6.2736 1.7074e+00  1021.4610     1.5365    21.4495    16.0734    491.752   11.64368  356.22928    138.044  0.000e+00
   40.96108  -73.58350      2.382      2.364     1.5364    26.8211      8.488     6.2736 1.7204e+00  1021.4609     1.5363    21.4495    16.0508    491.062   11.64373  356.23069    137.849  0.000e+00
   40.96108  -73.58350      2.392      2.373     1.5365    26.8211      8.488     6.2736 1.7334e+00  1021.4610     1.5365    21.4495    16.0603    491.352   11.64368  356.22927    137.931  0.000e+00
   40.96108  -73.58350      2.371      2.353     1.5364    26.8214      8.488     6.2736 1.7286e+00  1021.4611     1.5363    21.4498    16.0661    491.529   11.64371  356.22993    137.981  0.000e+00
   40.96108  -73.58350      2.371      2.353     1.5365    26.8208      8.488     6.2736 1.7368e+00  1021.4606     1.5365    21.4493    16.0647    491.488   11.64371  356.23017    137.969  0.000e+00
   40.96108  -73.58350      2.374      2.355     1.5362    26.8211      8.488     6.2602 1.7481e+00  1021.4609     1.5361    21.4496    16.0470    490.946   11.64379  356.23247    137.816  0.000e+00
   40.96108  -73.58350      2.361      2.343     1.5362    26.8212      8.488     6.2736 1.7481e+00  1021.4609     1.5362    21.4496    16.0209    490.148   11.64377  356.23191    137.592  0.000e+00
   40.96108  -73.58350      2.361      2.343     1.5362    26.8212      8.488     6.2602 1.7630e+00  1021.4609     1.5362    21.4496    16.0067    489.713   11.64377  356.23191    137.470  0.000e+00
   40.96108  -73.58350      2.352      2.334     1.5365    26.8211      8.488     6.2736 1.7814e+00  1021.4608     1.5365    21.4495    15.9950    489.355   11.64368  356.22921    137.371  0.000e+00
   40.96108  -73.58350      2.341      2.323     1.5369    26.8214      8.488     6.2736 1.7848e+00  1021.4610     1.5368    21.4497    16.0015    489.553   11.64357  356.22559    137.428  0.000e+00
   40.96108  -73.58350      2.341      2.323     1.5365    26.8216      8.488     6.2602 1.8085e+00  1021.4611     1.5365    21.4499    16.0062    489.697   11.64364  356.22790    137.467  0.000e+00
   40.96108  -73.58352      2.331      2.313     1.5367    26.8214      8.488     6.2736 1.8445e+00  1021.4609     1.5366    21.4498    15.9951    489.357   11.64361  356.22701    137.372  0.000e+00
