CalculateIndicators/WaterTemperature/Data/CTD_NYOS/202200730_C29.cnv
* Sea-Bird SBE 9 Data File:
* FileName = C:\Seabird 9 CTD\Data\2022\202207_offshore\202200730_C29.hex
* Software Version Seasave V 7.23.2
* Temperature SN = 4590
* Conductivity SN = 3228
* Number of Bytes Per Scan = 44
* Number of Voltage Words = 5
* Number of Scans Averaged by the Deck Unit = 1
* NMEA Latitude = 40 59.81 N
* NMEA Longitude = 071 54.28 W
* NMEA UTC (Time) = Dec 14 2002  18:30:51
* NMEA baud rate = 4800
** Ship: seawolf
** Station: 1.1
** Operator: TCM
# nquan = 18
# nvalues = 7654                        
# units = specified
# name 0 = latitude: Latitude [deg]
# name 1 = longitude: Longitude [deg]
# name 2 = prDM: Pressure, Digiquartz [db]
# name 3 = depSM: Depth [salt water, m]
# name 4 = t090C: Temperature [ITS-90, deg C]
# name 5 = sal00: Salinity, Practical [PSU]
# name 6 = ph: pH
# name 7 = flECO-AFL: Fluorescence, WET Labs ECO-AFL/FL [mg/m^3]
# name 8 = cpar: CPAR/Corrected Irradiance [%]
# name 9 = density00: Density [density, kg/m^3]
# name 10 = potemp090C: Potential Temperature [ITS-90, deg C]
# name 11 = sigma-é00: Density [sigma-theta, kg/m^3]
# name 12 = sbeox0Mg/L: Oxygen, SBE 43 [mg/l]
# name 13 = sbox0Mm/Kg: Oxygen, SBE 43 [umol/kg]
# name 14 = oxsolMg/L: Oxygen Saturation, Garcia & Gordon [mg/l]
# name 15 = oxsolMm/Kg: Oxygen Saturation, Garcia & Gordon [umol/kg]
# name 16 = sbeox0PS: Oxygen, SBE 43 [% saturation]
# name 17 = flag:  0.000e+00
# span 0 =   40.99640,   40.99692       
# span 1 =  -71.90474,  -71.90458       
# span 2 =      1.811,     15.732       
# span 3 =      1.797,     15.609       
# span 4 =    18.4546,    21.1125       
# span 5 =    31.1556,    31.6269       
# span 6 =      8.062,      8.095       
# span 7 =     0.5117,     2.1637       
# span 8 = 1.8116e+00, 7.4364e+02       
# span 9 =  1021.6010,  1022.6491       
# span 10 =    18.4519,    21.1121      
# span 11 =    21.6004,    22.5808      
# span 12 =     7.8814,     8.2865      
# span 13 =    240.859,    253.395      
# span 14 =    7.40923,    7.76561      
# span 15 =  226.64514,  237.32022      
# span 16 =    101.501,    110.630      
# span 17 = 0.0000e+00, 0.0000e+00      
# interval = seconds: 0.0416667
# start_time = Jul 30 2022 18:30:48 [System UTC, first data scan.]
# bad_flag = -9.990e-29
*END*
[from data line 7317]
   40.99642  -71.90458      2.131      2.115    20.8326    31.2251      8.091     0.7266 4.2171e+01  1021.6768    20.8322    21.6674     8.1938    250.631    7.44510  227.72972    110.056 -9.990e-29
   40.99642  -71.90458      2.122      2.105    20.8318    31.2254      8.091     0.7266 4.1699e+01  1021.6772    20.8314    21.6679     8.1944    250.648    7.44531  227.73605    110.061 -9.990e-29
   40.99642  -71.90458      2.122      2.105    20.8318    31.2255      8.095     0.7266 5.9261e+01  1021.6773    20.8314    21.6680     8.1951    250.672    7.44572  227.74868    110.065 -9.990e-29
   40.99642  -71.90458      2.131      2.115    20.8324    31.2255      8.095     0.7266 7.9094e+01  1021.6771    20.8320    21.6679     8.2012    250.858    7.44607  227.75898    110.142 -9.990e-29
   40.99642  -71.90458      2.112      2.096    20.8332    31.2256      8.091     0.7266 8.3200e+01  1021.6768    20.8328    21.6678     8.1972    250.734    7.44651  227.77213    110.081 -9.990e-29
   40.99642  -71.90458      2.122      2.105    20.8331    31.2258      8.095     0.7266 7.6539e+01  1021.6770    20.8327    21.6679     8.1976    250.745    7.44669  227.77743    110.083 -9.990e-29
   40.99642  -71.90458      2.122      2.105    20.8326    31.2261      8.095     0.7266 6.9954e+01  1021.6775    20.8322    21.6682     8.2026    250.900    7.44654  227.77317    110.153 -9.990e-29
   40.99642  -71.90458      2.122      2.105    20.8327    31.2263      8.091     0.7266 6.8590e+01  1021.6777    20.8323    21.6684     8.2031    250.914    7.44662  227.77571    110.158 -9.990e-29
   40.99642  -71.90458      2.101      2.085    20.8332    31.2267      8.091     0.7266 6.1467e+01  1021.6771    20.8328    21.6688     8.2036    250.930    7.44678  227.78064    110.163 -9.990e-29
   40.99642  -71.90458      2.122      2.105    20.8308    31.2276      8.091     0.7266 5.0485e+01  1021.6793    20.8304    21.6697     8.2039    250.938    7.44704  227.78811    110.163 -9.990e-29
   40.99642  -71.90458      2.111      2.094    20.8300    31.2284      8.095     0.7266 4.7725e+01  1021.6799    20.8296    21.6706     8.2043    250.952    7.44724  227.79397    110.166 -9.990e-29
   40.99642  -71.90458      2.091      2.075    20.8296    31.2284      8.095     0.7266 4.9086e+01  1021.6804    20.8292    21.6709     8.2045    250.958    7.44726  227.79467    110.168 -9.990e-29
   40.99642  -71.90458      2.111      2.094    20.8309    31.2284      8.091     0.7266 5.2071e+01  1021.6798    20.8305    21.6706     8.2046    250.961    7.44727  227.79493    110.170 -9.990e-29
   40.99642  -71.90458      2.091      2.075    20.8324    31.2281      8.095     0.7266 5.2957e+01  1021.6796    20.8320    21.6698     8.2047    250.964    7.44728  227.79550    110.171 -9.990e-29
   40.99642  -71.90458      2.091      2.075    20.8344    31.2268      8.095     0.7266 5.0157e+01  1021.6773    20.8340    21.6683     8.2048    250.965    7.44734  227.79706    110.171 -9.990e-29
   40.99642  -71.90458      2.091      2.075    20.8371    31.2257      8.095     0.7266 3.9419e+01  1021.6753    20.8367    21.6669     8.2048    250.967    7.44741  227.79926    110.170 -9.990e-29
   40.99642  -71.90458      2.091      2.075    20.8387    31.2253      8.095     0.7266 3.5725e+01  1021.6752    20.8383    21.6661     8.2100    251.124    7.44754  227.80302    110.237 -9.990e-29
   40.99642  -71.90458      2.080      2.064    20.8399    31.2249      8.091     0.7266 3.5325e+01  1021.6747    20.8395    21.6655     8.2052    250.979    7.44770  227.80810    110.171 -9.990e-29
   40.99642  -71.90458      2.071      2.055    20.8407    31.2242      8.095     0.7266 3.3206e+01  1021.6734    20.8404    21.6649     8.2051    250.976    7.44782  227.81159    110.168 -9.990e-29
   40.99642  -71.90458      2.071      2.055    20.8403    31.2242      8.095     0.7266 3.2014e+01  1021.6732    20.8399    21.6647     8.2050    250.971    7.44791  227.81411    110.165 -9.990e-29
   40.99642  -71.90458      2.071      2.055    20.8394    31.2242      8.095     0.7132 3.2468e+01  1021.6739    20.8390    21.6649     8.2047    250.964    7.44797  227.81623    110.161 -9.990e-29
   40.99642  -71.90458      2.060      2.044    20.8381    31.2243      8.095     0.6863 4.7324e+01  1021.6744    20.8378    21.6654     8.2099    251.122    7.44807  227.81925    110.228 -9.990e-29
   40.99648  -71.90460      2.060      2.044    20.8364    31.2244      8.095     0.6863 5.9261e+01  1021.6749    20.8360    21.6659     8.2103    251.134    7.44822  227.82370    110.232 -9.990e-29
   40.99648  -71.90460      2.050      2.034    20.8348    31.2244      8.095     0.6863 6.0779e+01  1021.6752    20.8345    21.6664     8.2057    250.992    7.44848  227.83144    110.166 -9.990e-29
   40.99648  -71.90460      2.041      2.025    20.8333    31.2244      8.091     0.6863 6.1870e+01  1021.6761    20.8330    21.6669     8.2112    251.160    7.44898  227.84618    110.232 -9.990e-29
   40.99648  -71.90460      2.041      2.025    20.8322    31.2246      8.095     0.6863 6.3099e+01  1021.6757    20.8318    21.6672     8.2164    251.320    7.44931  227.85592    110.298 -9.990e-29
   40.99648  -71.90460      2.020      2.004    20.8298    31.2246      8.091     0.6863 6.3455e+01  1021.6760    20.8295    21.6678     8.2067    251.024    7.44948  227.86078    110.165 -9.990e-29
   40.99648  -71.90460      2.030      2.014    20.8259    31.2249      8.095     0.6863 5.2166e+01  1021.6779    20.8255    21.6690     8.2113    251.162    7.44930  227.85582    110.229 -9.990e-29
   40.99648  -71.90460      2.010      1.995    20.8235    31.2256      8.095     0.6863 4.1893e+01  1021.6791    20.8231    21.6702     8.2109    251.152    7.44909  227.84982    110.227 -9.990e-29
   40.99648  -71.90460      2.010      1.995    20.8222    31.2262      8.095     0.6863 3.9938e+01  1021.6800    20.8218    21.6709     8.2106    251.141    7.44894  227.84537    110.225 -9.990e-29
   40.99648  -71.90460      1.990      1.974    20.8227    31.2264      8.095     0.6863 3.6707e+01  1021.6798    20.8224    21.6710     8.2105    251.140    7.44907  227.84919    110.222 -9.990e-29
   40.99648  -71.90460      1.990      1.974    20.8237    31.2264      8.091     0.6863 3.1893e+01  1021.6793    20.8233    21.6709     8.2108    251.149    7.44926  227.85502    110.223 -9.990e-29
   40.99648  -71.90460      1.980      1.965    20.8246    31.2265      8.091     0.6863 3.0662e+01  1021.6792    20.8243    21.6706     8.2110    251.156    7.44942  227.85972    110.224 -9.990e-29
   40.99648  -71.90460      1.980      1.965    20.8263    31.2268      8.095     0.6863 4.4316e+01  1021.6789    20.8259    21.6703     8.2108    251.147    7.44948  227.86124    110.219 -9.990e-29
   40.99648  -71.90460      1.959      1.944    20.8283    31.2273      8.095     0.6863 1.0476e+02  1021.6783    20.8280    21.6701     8.2104    251.135    7.44949  227.86124    110.214 -9.990e-29
   40.99648  -71.90460      1.950      1.935    20.8307    31.2282      8.091     0.6863 1.3878e+02  1021.6789    20.8303    21.6698     8.2102    251.129    7.44941  227.85879    110.213 -9.990e-29
   40.99648  -71.90460      1.959      1.944    20.8381    31.2282      8.095     0.6863 1.1430e+02  1021.6779    20.8378    21.6685     8.2095    251.108    7.44922  227.85379    110.206 -9.990e-29
   40.99648  -71.90460      1.939      1.924    20.8498    31.2282      8.095     0.6863 5.5965e+01  1021.6744    20.8494    21.6657     8.2095    251.110    7.44944  227.86052    110.203 -9.990e-29
   40.99648  -71.90460      1.939      1.924    20.8587    31.2271      8.090     0.6863 4.2367e+01  1021.6704    20.8584    21.6625     8.2094    251.104    7.44952  227.86284    110.200 -9.990e-29
   40.99648  -71.90460      1.918      1.903    20.8641    31.2257      8.090     0.6863 4.3698e+01  1021.6676    20.8637    21.6600     8.2091    251.098    7.44958  227.86478    110.196 -9.990e-29
   40.99648  -71.90460      1.929      1.914    20.8668    31.2249      8.090     0.6863 5.5807e+01  1021.6664    20.8664    21.6584     8.2091    251.095    7.44977  227.87022    110.192 -9.990e-29
   40.99648  -71.90460      1.918      1.903    20.8680    31.2242      8.090     0.6863 6.2100e+01  1021.6660    20.8677    21.6575     8.2090    251.092    7.45000  227.87714    110.187 -9.990e-29
   40.99648  -71.90460      1.918      1.903    20.8688    31.2235      8.090     0.6863 6.1233e+01  1021.6647    20.8685    21.6569     8.2085    251.077    7.45018  227.88267    110.178 -9.990e-29
   40.99648  -71.90460      1.909      1.894    20.8672    31.2231      8.095     0.6729 4.0961e+01  1021.6648    20.8668    21.6569     8.2085    251.079    7.45035  227.88785    110.176 -9.990e-29
   40.99648  -71.90460      1.909      1.894    20.8642    31.2231      8.095     0.6863 3.2344e+01  1021.6659    20.8639    21.6575     8.2087    251.083    7.45059  227.89475    110.175 -9.990e-29
   40.99648  -71.90460      1.899      1.884    20.8608    31.2231      8.090     0.6863 3.1625e+01  1021.6660    20.8605    21.6584     8.2136    251.232    7.45083  227.90235    110.237 -9.990e-29
   40.99646  -71.90460      1.899      1.884    20.8554    31.2231      8.091     0.6863 5.0339e+01  1021.6683    20.8550    21.6596     8.2093    251.101    7.45146  227.92151    110.170 -9.990e-29
   40.99646  -71.90460      1.899      1.884    20.8535    31.2231      8.091     0.6863 7.0278e+01  1021.6691    20.8531    21.6607     8.2151    251.279    7.45227  227.94604    110.236 -9.990e-29
   40.99646  -71.90460      1.899      1.884    20.8522    31.2231      8.091     0.6863 7.3926e+01  1021.6696    20.8519    21.6611     8.2103    251.131    7.45275  227.96039    110.164 -9.990e-29
   40.99646  -71.90460      1.899      1.884    20.8510    31.2233      8.095     0.6863 7.7111e+01  1021.6692    20.8506    21.6612     8.2153    251.285    7.45295  227.96627    110.229 -9.990e-29
   40.99646  -71.90460      1.899      1.884    20.8482    31.2233      8.091     0.6863 8.1342e+01  1021.6695    20.8478    21.6617     8.2154    251.287    7.45307  227.96948    110.228 -9.990e-29
   40.99646  -71.90460      1.889      1.875    20.8453    31.2233      8.091     0.6863 8.2262e+01  1021.6708    20.8450    21.6628     8.2102    251.127    7.45306  227.96931    110.158 -9.990e-29
   40.99646  -71.90460      1.888      1.873    20.8417    31.2235      8.091     0.6863 7.0081e+01  1021.6727    20.8413    21.6640     8.2101    251.124    7.45307  227.96956    110.157 -9.990e-29
   40.99646  -71.90460      1.899      1.884    20.8402    31.2235      8.095     0.6863 5.6598e+01  1021.6734    20.8399    21.6644     8.2148    251.269    7.45313  227.97142    110.219 -9.990e-29
   40.99646  -71.90460      1.899      1.884    20.8418    31.2235      8.095     0.6863 5.3503e+01  1021.6719    20.8415    21.6639     8.2145    251.259    7.45302  227.96800    110.217 -9.990e-29
   40.99646  -71.90460      1.899      1.884    20.8415    31.2235      8.095     0.6863 6.2450e+01  1021.6714    20.8411    21.6637     8.2143    251.252    7.45274  227.95945    110.218 -9.990e-29
   40.99646  -71.90460      1.899      1.884    20.8401    31.2235      8.095     0.6863 8.3192e+01  1021.6722    20.8397    21.6642     8.2141    251.248    7.45255  227.95376    110.219 -9.990e-29
   40.99646  -71.90460      1.909      1.894    20.8380    31.2239      8.091     0.6863 9.0769e+01  1021.6734    20.8376    21.6651     8.2140    251.243    7.45237  227.94796    110.220 -9.990e-29
   40.99646  -71.90460      1.909      1.894    20.8362    31.2245      8.091     0.6863 7.7258e+01  1021.6745    20.8359    21.6660     8.2133    251.223    7.45177  227.92914    110.220 -9.990e-29
   40.99646  -71.90460      1.909      1.894    20.8358    31.2246      8.095     0.6863 4.6444e+01  1021.6751    20.8355    21.6664     8.2066    251.018    7.45044  227.88895    110.149 -9.990e-29
   40.99646  -71.90460      1.909      1.894    20.8359    31.2246      8.091     0.6863 3.8361e+01  1021.6748    20.8355    21.6664     8.2048    250.964    7.44921  227.85244    110.143 -9.990e-29
   40.99646  -71.90460      1.909      1.894    20.8360    31.2246      8.095     0.6863 4.2807e+01  1021.6742    20.8357    21.6663     8.2038    250.932    7.44864  227.83511    110.138 -9.990e-29
   40.99646  -71.90460      1.909      1.894    20.8355    31.2246      8.091     0.6863 8.3351e+01  1021.6745    20.8352    21.6663     8.2029    250.906    7.44821  227.82239    110.132 -9.990e-29
   40.99646  -71.90460      1.929      1.914    20.8349    31.2246      8.091     0.6863 1.1261e+02  1021.6750    20.8346    21.6665     8.2020    250.881    7.44782  227.81064    110.127 -9.990e-29
   40.99646  -71.90460      1.918      1.903    20.8341    31.2246      8.095     0.6863 1.0979e+02  1021.6749    20.8338    21.6668     8.2014    250.860    7.44758  227.80356    110.121 -9.990e-29
   40.99646  -71.90460      1.929      1.914    20.8328    31.2247      8.091     0.6863 6.9234e+01  1021.6754    20.8325    21.6671     8.2011    250.852    7.44741  227.79848    110.120 -9.990e-29
   40.99646  -71.90460      1.929      1.914    20.8319    31.2248      8.095     0.6863 5.4211e+01  1021.6759    20.8315    21.6675     8.2005    250.835    7.44726  227.79418    110.115 -9.990e-29
   40.99646  -71.90460      1.929      1.914    20.8310    31.2248      8.091     0.6863 5.3005e+01  1021.6765    20.8307    21.6678     8.2001    250.820    7.44722  227.79293    110.109 -9.990e-29
   40.99646  -71.90460      1.940      1.925    20.8308    31.2249      8.095     0.6863 5.1826e+01  1021.6760    20.8304    21.6678     8.1995    250.804    7.44712  227.79008    110.103 -9.990e-29
   40.99646  -71.90460      1.939      1.924    20.8302    31.2249      8.095     0.6595 5.0577e+01  1021.6760    20.8298    21.6679     8.1991    250.793    7.44718  227.79200    110.097 -9.990e-29
   40.99642  -71.90458      1.948      1.933    20.8289    31.2249      8.091     0.6460 5.0435e+01  1021.6768    20.8285    21.6684     8.1991    250.791    7.44721  227.79292    110.096 -9.990e-29
   40.99642  -71.90458      1.939      1.924    20.8270    31.2254      8.095     0.6460 6.6810e+01  1021.6772    20.8266    21.6694     8.1937    250.627    7.44711  227.78980    110.026 -9.990e-29
   40.99642  -71.90458      1.959      1.944    20.8229    31.2263      8.095     0.6460 8.5728e+01  1021.6795    20.8225    21.6708     8.1932    250.611    7.44728  227.79521    110.016 -9.990e-29
   40.99642  -71.90458      1.950      1.935    20.8201    31.2268      8.095     0.6460 8.9925e+01  1021.6810    20.8198    21.6722     8.1984    250.770    7.44772  227.80884    110.079 -9.990e-29
   40.99642  -71.90458      1.969      1.954    20.8185    31.2268      8.091     0.6460 8.5969e+01  1021.6823    20.8182    21.6727     8.1995    250.806    7.44851  227.83329    110.083 -9.990e-29
   40.99642  -71.90458      1.959      1.944    20.8202    31.2268      8.091     0.6460 8.2187e+01  1021.6808    20.8199    21.6720     8.1953    250.677    7.44961  227.86663    110.010 -9.990e-29
   40.99642  -71.90458      1.969      1.954    20.8224    31.2255      8.095     0.6460 8.1268e+01  1021.6788    20.8220    21.6706     8.1960    250.696    7.45050  227.89332    110.006 -9.990e-29
   40.99642  -71.90458      1.980      1.965    20.8239    31.2251      8.095     0.6460 7.4627e+01  1021.6775    20.8236    21.6698     8.1963    250.704    7.45106  227.90960    110.002 -9.990e-29
   40.99642  -71.90458      1.980      1.965    20.8228    31.2251      8.091     0.6460 6.3935e+01  1021.6783    20.8224    21.6699     8.1962    250.700    7.45129  227.91601    109.997 -9.990e-29
