CalculateIndicators/WaterTemperature/Data/CTD_NYOS/20220513_C01.cnv
* Sea-Bird SBE 9 Data File:
* FileName = C:\Seabird 9 CTD\Data\2022\202205_offshore\20220513_C01.hex
* Software Version Seasave V 7.23.2
* Temperature SN = 4590
* Conductivity SN = 3228
* Number of Bytes Per Scan = 44
* Number of Voltage Words = 5
* Number of Scans Averaged by the Deck Unit = 1
* NMEA Latitude = 40 57.54 N
* NMEA Longitude = 073 34.90 W
* NMEA UTC (Time) = Sep 27 2002  01:27:03
* NMEA baud rate = 4800
** Ship: seawolf
** Station: LIS_ARIG
** Operator: TCM
# nquan = 18
# nvalues = 9299                        
# units = specified
# name 0 = latitude: Latitude [deg]
# name 1 = longitude: Longitude [deg]
# name 2 = prDM: Pressure, Digiquartz [db]
# name 3 = depSM: Depth [salt water, m]
# name 4 = t090C: Temperature [ITS-90, deg C]
# name 5 = sal00: Salinity, Practical [PSU]
# name 6 = ph: pH
# name 7 = flECO-AFL: Fluorescence, WET Labs ECO-AFL/FL [mg/m^3]
# name 8 = cpar: CPAR/Corrected Irradiance [%]
# name 9 = density00: Density [density, kg/m^3]
# name 10 = potemp090C: Potential Temperature [ITS-90, deg C]
# name 11 = sigma-é00: Density [sigma-theta, kg/m^3]
# name 12 = sbeox0Mg/L: Oxygen, SBE 43 [mg/l]
# name 13 = sbox0Mm/Kg: Oxygen, SBE 43 [umol/kg]
# name 14 = oxsolMg/L: Oxygen Saturation, Garcia & Gordon [mg/l]
# name 15 = oxsolMm/Kg: Oxygen Saturation, Garcia & Gordon [umol/kg]
# name 16 = sbeox0PS: Oxygen, SBE 43 [% saturation]
# name 17 = flag:  0.000e+00
# span 0 =   40.95902,   40.95912       
# span 1 =  -73.58310,  -73.58166       
# span 2 =      1.619,     14.438       
# span 3 =      1.606,     14.326       
# span 4 =    10.2949,    12.2633       
# span 5 =    25.7329,    25.8471       
# span 6 =      7.991,      8.083       
# span 7 =     1.0624,     1.8414       
# span 8 = 9.9999e+04, 9.9999e+04       
# span 9 =  1019.4270,  1019.8336       
# span 10 =    10.2934,    12.2629      
# span 11 =    19.4063,    19.7680      
# span 12 =     9.0233,    10.0490      
# span 13 =    276.516,    308.022      
# span 14 =    9.11288,    9.50762      
# span 15 =  279.35883,  291.35794      
# span 16 =     94.911,    108.967      
# span 17 = 0.0000e+00, 0.0000e+00      
# interval = seconds: 0.0416667
# start_time = May 13 2022 01:27:04 [System UTC, first data scan.]
# bad_flag = -9.990e-29
*END*
[from data line 8202]
   40.95906  -73.58292      2.048      2.032    12.1741    25.8146      8.068     1.3579 9.9999e+04  1019.4462    12.1739    19.4370     9.8138    300.838    9.12952  279.86155    107.495 -9.990e-29
   40.95906  -73.58292      2.038      2.022    12.1741    25.8146      8.068     1.3579 9.9999e+04  1019.4464    12.1738    19.4371     9.8187    300.989    9.12948  279.86041    107.550 -9.990e-29
   40.95906  -73.58292      2.038      2.022    12.1741    25.8147      8.068     1.3579 9.9999e+04  1019.4465    12.1738    19.4371     9.8184    300.980    9.12940  279.85809    107.547 -9.990e-29
   40.95906  -73.58292      2.030      2.014    12.1741    25.8147      8.068     1.3579 9.9999e+04  1019.4462    12.1739    19.4371     9.8182    300.974    9.12938  279.85729    107.545 -9.990e-29
   40.95906  -73.58292      2.028      2.013    12.1738    25.8147      8.068     1.3579 9.9999e+04  1019.4464    12.1735    19.4372     9.8180    300.966    9.12932  279.85569    107.543 -9.990e-29
   40.95906  -73.58292      2.038      2.022    12.1738    25.8147      8.068     1.3579 9.9999e+04  1019.4466    12.1735    19.4373     9.8177    300.959    9.12927  279.85428    107.541 -9.990e-29
   40.95906  -73.58292      2.028      2.013    12.1739    25.8147      8.068     1.3579 9.9999e+04  1019.4463    12.1737    19.4372     9.8175    300.951    9.12924  279.85314    107.539 -9.990e-29
   40.95906  -73.58292      2.017      2.002    12.1738    25.8146      8.068     1.3579 9.9999e+04  1019.4462    12.1735    19.4371     9.8173    300.947    9.12927  279.85417    107.537 -9.990e-29
   40.95906  -73.58292      2.028      2.013    12.1739    25.8143      8.068     1.3579 9.9999e+04  1019.4462    12.1737    19.4369     9.8177    300.957    9.12922  279.85267    107.541 -9.990e-29
   40.95906  -73.58292      2.028      2.013    12.1749    25.8140      8.068     1.3579 9.9999e+04  1019.4455    12.1747    19.4365     9.8176    300.954    9.12928  279.85461    107.539 -9.990e-29
   40.95906  -73.58292      2.028      2.013    12.1753    25.8137      8.068     1.3579 9.9999e+04  1019.4454    12.1750    19.4362     9.8174    300.949    9.12928  279.85439    107.538 -9.990e-29
   40.95906  -73.58292      2.017      2.002    12.1757    25.8134      8.068     1.3579 9.9999e+04  1019.4452    12.1755    19.4359     9.8184    300.980    9.12928  279.85460    107.549 -9.990e-29
   40.95906  -73.58292      2.028      2.013    12.1766    25.8128      8.068     1.3579 9.9999e+04  1019.4446    12.1764    19.4352     9.8189    300.995    9.12930  279.85499    107.554 -9.990e-29
   40.95906  -73.58292      2.028      2.013    12.1786    25.8120      8.068     1.3579 9.9999e+04  1019.4433    12.1784    19.4343     9.8188    300.991    9.12928  279.85460    107.553 -9.990e-29
   40.95906  -73.58292      2.028      2.013    12.1798    25.8112      8.068     1.3579 9.9999e+04  1019.4426    12.1795    19.4335     9.8187    300.988    9.12926  279.85392    107.552 -9.990e-29
   40.95906  -73.58292      2.028      2.013    12.1808    25.8112      8.068     1.3579 9.9999e+04  1019.4420    12.1806    19.4330     9.8185    300.982    9.12918  279.85151    107.551 -9.990e-29
   40.95906  -73.58292      2.028      2.013    12.1814    25.8112      8.068     1.3579 9.9999e+04  1019.4417    12.1812    19.4329     9.8184    300.979    9.12917  279.85135    107.550 -9.990e-29
   40.95906  -73.58292      2.030      2.014    12.1804    25.8113      8.068     1.3579 9.9999e+04  1019.4422    12.1802    19.4335     9.8183    300.976    9.12916  279.85113    107.549 -9.990e-29
   40.95906  -73.58292      2.028      2.013    12.1781    25.8126      8.068     1.3579 9.9999e+04  1019.4440    12.1779    19.4349     9.8182    300.973    9.12917  279.85135    107.548 -9.990e-29
   40.95906  -73.58292      2.028      2.013    12.1756    25.8141      8.068     1.3579 9.9999e+04  1019.4458    12.1754    19.4364     9.8250    301.180    9.12914  279.85033    107.622 -9.990e-29
   40.95906  -73.58292      2.038      2.022    12.1738    25.8150      8.068     1.3176 9.9999e+04  1019.4471    12.1735    19.4374     9.8209    301.056    9.12912  279.84977    107.578 -9.990e-29
   40.95906  -73.58292      2.028      2.013    12.1736    25.8154      8.068     1.1833 9.9999e+04  1019.4470    12.1733    19.4378     9.8209    301.057    9.12915  279.85080    107.578 -9.990e-29
   40.95906  -73.58292      2.038      2.022    12.1729    25.8154      8.068     1.1295 9.9999e+04  1019.4475    12.1727    19.4380     9.8208    301.053    9.12907  279.84817    107.577 -9.990e-29
   40.95906  -73.58292      2.038      2.022    12.1729    25.8154      8.068     1.1295 9.9999e+04  1019.4470    12.1727    19.4379     9.8209    301.056    9.12916  279.85074    107.577 -9.990e-29
   40.95906  -73.58292      2.038      2.022    12.1728    25.8154      8.068     1.1430 9.9999e+04  1019.4471    12.1725    19.4379     9.8209    301.057    9.12923  279.85289    107.577 -9.990e-29
   40.95906  -73.58292      2.038      2.022    12.1728    25.8154      8.068     1.1430 9.9999e+04  1019.4472    12.1725    19.4379     9.8222    301.094    9.12928  279.85440    107.590 -9.990e-29
   40.95906  -73.58292      2.038      2.022    12.1726    25.8152      8.068     1.1430 -9.990e-29  1019.4473    12.1723    19.4378     9.8228    301.113    9.12926  279.85382    107.596 -9.990e-29
   40.95906  -73.58292      2.038      2.022    12.1729    25.8149      8.068     1.1430 9.9999e+04  1019.4467    12.1727    19.4375     9.8228    301.113    9.12922  279.85279    107.597 -9.990e-29
   40.95906  -73.58292      2.038      2.022    12.1733    25.8146      8.068     1.1430 9.9999e+04  1019.4462    12.1730    19.4373     9.8285    301.287    9.12917  279.85108    107.660 -9.990e-29
   40.95906  -73.58292      2.038      2.022    12.1729    25.8146      8.068     1.1430 9.9999e+04  1019.4466    12.1727    19.4372     9.8348    301.481    9.12919  279.85188    107.729 -9.990e-29
   40.95906  -73.58292      2.048      2.032    12.1732    25.8146      8.068     1.1430 9.9999e+04  1019.4466    12.1730    19.4372     9.8359    301.516    9.12922  279.85269    107.741 -9.990e-29
   40.95906  -73.58292      2.049      2.033    12.1736    25.8146      8.068     1.1430 9.9999e+04  1019.4463    12.1733    19.4371     9.8312    301.372    9.12917  279.85108    107.690 -9.990e-29
   40.95906  -73.58292      2.048      2.032    12.1732    25.8146      8.068     1.1430 9.9999e+04  1019.4463    12.1730    19.4371     9.8260    301.212    9.12917  279.85109    107.633 -9.990e-29
   40.95906  -73.58292      2.048      2.032    12.1729    25.8147      8.068     1.1430 9.9999e+04  1019.4466    12.1727    19.4373     9.8265    301.229    9.12921  279.85236    107.638 -9.990e-29
   40.95906  -73.58292      2.048      2.032    12.1729    25.8147      8.068     1.1430 9.9999e+04  1019.4468    12.1727    19.4374     9.8270    301.244    9.12920  279.85213    107.644 -9.990e-29
   40.95906  -73.58292      2.059      2.043    12.1734    25.8147      8.068     1.1430 9.9999e+04  1019.4466    12.1732    19.4373     9.8270    301.242    9.12918  279.85134    107.644 -9.990e-29
   40.95906  -73.58292      2.048      2.032    12.1741    25.8145      8.068     1.1430 9.9999e+04  1019.4462    12.1738    19.4370     9.8383    301.589    9.12914  279.85037    107.768 -9.990e-29
   40.95906  -73.58292      2.048      2.032    12.1746    25.8142      8.068     1.1430 9.9999e+04  1019.4460    12.1744    19.4367     9.8393    301.620    9.12911  279.84935    107.779 -9.990e-29
   40.95906  -73.58292      2.059      2.043    12.1751    25.8139      8.068     1.1430 9.9999e+04  1019.4457    12.1748    19.4363     9.8288    301.299    9.12910  279.84910    107.665 -9.990e-29
   40.95906  -73.58292      2.059      2.043    12.1754    25.8136      8.068     1.1430 9.9999e+04  1019.4454    12.1752    19.4360     9.8287    301.296    9.12912  279.84979    107.663 -9.990e-29
   40.95906  -73.58292      2.059      2.043    12.1759    25.8136      8.068     1.1430 9.9999e+04  1019.4450    12.1757    19.4359     9.8287    301.294    9.12919  279.85188    107.662 -9.990e-29
   40.95906  -73.58292      2.059      2.043    12.1757    25.8136      8.068     1.1430 9.9999e+04  1019.4453    12.1755    19.4360     9.8286    301.291    9.12924  279.85346    107.660 -9.990e-29
   40.95906  -73.58292      2.059      2.043    12.1756    25.8138      8.068     1.1430 9.9999e+04  1019.4455    12.1754    19.4362     9.8284    301.284    9.12916  279.85114    107.659 -9.990e-29
   40.95906  -73.58292      2.068      2.052    12.1751    25.8140      8.068     1.1430 9.9999e+04  1019.4457    12.1748    19.4364     9.8282    301.281    9.12921  279.85232    107.657 -9.990e-29
   40.95906  -73.58292      2.060      2.044    12.1746    25.8142      8.068     1.1430 9.9999e+04  1019.4463    12.1744    19.4366     9.8395    301.627    9.12923  279.85321    107.781 -9.990e-29
   40.95906  -73.58292      2.059      2.043    12.1749    25.8143      8.068     1.1967 9.9999e+04  1019.4458    12.1747    19.4368     9.8348    301.481    9.12922  279.85265    107.728 -9.990e-29
   40.95906  -73.58292      2.068      2.052    12.1744    25.8147      8.068     1.2370 9.9999e+04  1019.4464    12.1742    19.4371     9.8294    301.316    9.12918  279.85152    107.670 -9.990e-29
   40.95906  -73.58292      2.059      2.043    12.1736    25.8152      8.068     1.2370 9.9999e+04  1019.4471    12.1733    19.4376     9.8285    301.290    9.12916  279.85092    107.661 -9.990e-29
   40.95906  -73.58292      2.059      2.043    12.1734    25.8154      8.068     1.2370 9.9999e+04  1019.4472    12.1732    19.4378     9.8265    301.229    9.12915  279.85058    107.639 -9.990e-29
   40.95904  -73.58294      2.059      2.043    12.1736    25.8154      8.068     1.2370 9.9999e+04  1019.4472    12.1733    19.4378     9.8256    301.200    9.12910  279.84920    107.629 -9.990e-29
   40.95904  -73.58294      2.048      2.032    12.1741    25.8154      8.068     1.2370 9.9999e+04  1019.4469    12.1738    19.4377     9.8252    301.189    9.12910  279.84931    107.626 -9.990e-29
   40.95904  -73.58294      2.059      2.043    12.1742    25.8152      8.068     1.2370 9.9999e+04  1019.4468    12.1740    19.4375     9.8420    301.702    9.12905  279.84771    107.809 -9.990e-29
   40.95904  -73.58294      2.059      2.043    12.1746    25.8150      8.068     1.2370 -9.990e-29  1019.4466    12.1744    19.4373     9.8375    301.565    9.12899  279.84597    107.761 -9.990e-29
   40.95904  -73.58294      2.059      2.043    12.1749    25.8148      8.068     1.2370 9.9999e+04  1019.4463    12.1747    19.4371     9.8323    301.405    9.12879  279.84011    107.706 -9.990e-29
   40.95904  -73.58294      2.048      2.032    12.1751    25.8148      8.068     1.2370 9.9999e+04  1019.4463    12.1748    19.4370     9.8265    301.229    9.12868  279.83655    107.644 -9.990e-29
   40.95904  -73.58294      2.059      2.043    12.1749    25.8147      8.068     1.2370 9.9999e+04  1019.4464    12.1747    19.4370     9.8261    301.215    9.12871  279.83757    107.639 -9.990e-29
   40.95904  -73.58294      2.048      2.032    12.1753    25.8146      8.068     1.2370 9.9999e+04  1019.4460    12.1750    19.4369     9.8254    301.196    9.12856  279.83310    107.634 -9.990e-29
   40.95904  -73.58294      2.048      2.032    12.1749    25.8146      8.068     1.2370 9.9999e+04  1019.4462    12.1747    19.4369     9.8247    301.172    9.12828  279.82495    107.629 -9.990e-29
   40.95904  -73.58294      2.049      2.033    12.1749    25.8146      8.068     1.2370 9.9999e+04  1019.4463    12.1747    19.4369     9.8356    301.507    9.12828  279.82494    107.748 -9.990e-29
   40.95904  -73.58294      2.038      2.022    12.1749    25.8146      8.068     1.2370 9.9999e+04  1019.4461    12.1747    19.4370     9.8311    301.368    9.12878  279.83958    107.693 -9.990e-29
   40.95904  -73.58294      2.048      2.032    12.1748    25.8146      8.068     1.2370 9.9999e+04  1019.4463    12.1745    19.4370     9.8261    301.214    9.12938  279.85704    107.631 -9.990e-29
   40.95904  -73.58294      2.038      2.022    12.1749    25.8145      8.068     1.2370 9.9999e+04  1019.4461    12.1747    19.4369     9.8259    301.209    9.12974  279.86794    107.625 -9.990e-29
   40.95904  -73.58294      2.048      2.032    12.1751    25.8143      8.068     1.2370 9.9999e+04  1019.4460    12.1748    19.4366     9.8310    301.366    9.12969  279.86654    107.682 -9.990e-29
   40.95904  -73.58294      2.048      2.032    12.1756    25.8140      8.068     1.2370 9.9999e+04  1019.4456    12.1754    19.4364     9.8365    301.535    9.12953  279.86195    107.744 -9.990e-29
   40.95904  -73.58294      2.038      2.022    12.1757    25.8138      8.068     1.2370 9.9999e+04  1019.4453    12.1755    19.4362     9.8314    301.377    9.12954  279.86243    107.687 -9.990e-29
   40.95904  -73.58294      2.048      2.032    12.1757    25.8138      8.068     1.2370 9.9999e+04  1019.4454    12.1755    19.4362     9.8255    301.197    9.12946  279.86010    107.624 -9.990e-29
   40.95904  -73.58294      2.038      2.022    12.1757    25.8138      8.068     1.2370 9.9999e+04  1019.4453    12.1755    19.4362     9.8306    301.352    9.12945  279.85983    107.680 -9.990e-29
   40.95904  -73.58294      2.048      2.032    12.1759    25.8138      8.068     1.2370 9.9999e+04  1019.4453    12.1757    19.4362     9.8361    301.523    9.12944  279.85949    107.741 -9.990e-29
   40.95904  -73.58294      2.038      2.022    12.1759    25.8139      8.068     1.2370 9.9999e+04  1019.4455    12.1757    19.4363     9.8257    301.203    9.12938  279.85767    107.627 -9.990e-29
   40.95904  -73.58294      2.048      2.032    12.1757    25.8140      8.068     1.2639 9.9999e+04  1019.4456    12.1755    19.4363     9.8249    301.180    9.12929  279.85520    107.620 -9.990e-29
   40.95904  -73.58294      2.048      2.032    12.1763    25.8140      8.068     1.2907 9.9999e+04  1019.4453    12.1760    19.4363     9.8356    301.508    9.12929  279.85519    107.737 -9.990e-29
   40.95904  -73.58294      2.059      2.043    12.1756    25.8142      8.068     1.3176 9.9999e+04  1019.4460    12.1754    19.4365     9.8304    301.347    9.12933  279.85655    107.679 -9.990e-29
   40.95904  -73.58294      2.039      2.024    12.1753    25.8144      8.068     1.3042 9.9999e+04  1019.4459    12.1750    19.4367     9.8244    301.164    9.12926  279.85457    107.615 -9.990e-29
   40.95906  -73.58294      2.059      2.043    12.1749    25.8144      8.068     1.3042 9.9999e+04  1019.4463    12.1747    19.4368     9.8350    301.489    9.12922  279.85310    107.731 -9.990e-29
   40.95906  -73.58294      2.068      2.052    12.1751    25.8144      8.068     1.3042 9.9999e+04  1019.4461    12.1748    19.4368     9.8353    301.497    9.12914  279.85083    107.735 -9.990e-29
   40.95906  -73.58294      2.059      2.043    12.1753    25.8144      8.068     1.3042 9.9999e+04  1019.4460    12.1750    19.4367     9.8299    301.332    9.12919  279.85222    107.676 -9.990e-29
   40.95906  -73.58294      2.068      2.052    12.1756    25.8144      8.068     1.3042 9.9999e+04  1019.4459    12.1754    19.4366     9.8296    301.323    9.12920  279.85236    107.672 -9.990e-29
   40.95906  -73.58294      2.068      2.052    12.1754    25.8143      8.068     1.3042 9.9999e+04  1019.4460    12.1752    19.4367     9.8356    301.506    9.12920  279.85229    107.738 -9.990e-29
   40.95906  -73.58294      2.068      2.052    12.1753    25.8143      8.068     1.3042 9.9999e+04  1019.4461    12.1750    19.4367     9.8369    301.547    9.12916  279.85111    107.753 -9.990e-29
