CalculateIndicators/WaterTemperature/Data/CTD_NYOS/20220202_C04.cnv
* Sea-Bird SBE 9 Data File:
* FileName = C:\Seabird 9 CTD\Data\2022\202202_offshore\20220202_C04.hex
* Software Version Seasave V 7.23.2
* Temperature SN = 4590
* Conductivity SN = 3228
* Number of Bytes Per Scan = 44
* Number of Voltage Words = 5
* Number of Scans Averaged by the Deck Unit = 1
* NMEA Latitude = 40 06.15 N
* NMEA Longitude = 073 38.98 W
* NMEA UTC (Time) = Jun 19 2002  06:40:22
* NMEA baud rate = 4800
** Ship: rv seawolf
** Station: 7.2
** Operator: TCM
# nquan = 18
# nvalues = 13003                                 
# units = specified
# name 0 = latitude: Latitude [deg]
# name 1 = longitude: Longitude [deg]
# name 2 = prDM: Pressure, Digiquartz [db]
# name 3 = depSM: Depth [salt water, m]
# name 4 = t090C: Temperature [ITS-90, deg C]
# name 5 = sal00: Salinity, Practical [PSU]
# name 6 = ph: pH
# name 7 = flECO-AFL: Fluorescence, WET Labs ECO-AFL/FL [mg/m^3]
# name 8 = cpar: CPAR/Corrected Irradiance [%]
# name 9 = density00: Density [density, kg/m^3]
# name 10 = potemp090C: Potential Temperature [ITS-90, deg C]
# name 11 = sigma-é00: Density [sigma-theta, kg/m^3]
# name 12 = sbeox0Mg/L: Oxygen, SBE 43 [mg/l]
# name 13 = sbox0Mm/Kg: Oxygen, SBE 43 [umol/kg]
# name 14 = oxsolMg/L: Oxygen Saturation, Garcia & Gordon [mg/l]
# name 15 = oxsolMm/Kg: Oxygen Saturation, Garcia & Gordon [umol/kg]
# name 16 = sbeox0PS: Oxygen, SBE 43 [% saturation]
# name 17 = flag:  0.000e+00
# span 0 =   40.10186,   40.10256                 
# span 1 =  -73.65068,  -73.64966                 
# span 2 =      1.774,     34.896                 
# span 3 =      1.760,     34.625                 
# span 4 =     6.3276,     6.7688                 
# span 5 =    33.4485,    33.5887                 
# span 6 =      8.324,      8.335                 
# span 7 =     0.3774,     0.9952                 
# span 8 = 5.0640e-11, 9.9999e+04                 
# span 9 =  1026.2976,  1026.4988                 
# span 10 =     6.3273,     6.7658                
# span 11 =    26.2630,    26.3506                
# span 12 =     8.2279,     9.2927                
# span 13 =    250.529,    282.962                
# span 14 =    9.79023,    9.89912                
# span 15 =  298.09848,  301.42694                
# span 16 =     83.977,     93.963                
# span 17 = 0.0000e+00, 0.0000e+00                
# interval = seconds: 0.0416667
# start_time = Feb 02 2022 06:40:23 [System UTC, first data scan.]
# bad_flag = -9.990e-29
*END*
[from data line 11900]
   40.10194  -73.65060      3.285      3.260     6.3636    33.4618      8.330     0.5654 9.9999e+04  1026.3064     6.3633    26.2912     8.9663    273.024    9.89044  301.16257     90.657  0.000e+00
   40.10194  -73.65060      3.285      3.260     6.3636    33.4620      8.330     0.5654 9.9999e+04  1026.3065     6.3633    26.2914     8.9723    273.206    9.89042  301.16210     90.717  0.000e+00
   40.10194  -73.65060      3.295      3.269     6.3636    33.4615      8.330     0.5654 9.9999e+04  1026.3062     6.3633    26.2910     8.9903    273.752    9.89046  301.16319     90.898  0.000e+00
   40.10194  -73.65060      3.295      3.269     6.3634    33.4617      8.335     0.5654 9.9999e+04  1026.3064     6.3632    26.2913     9.0013    274.090    9.89047  301.16357     91.010  0.000e+00
   40.10194  -73.65060      3.306      3.280     6.3638    33.4618      8.335     0.5654 9.9999e+04  1026.3064     6.3635    26.2912     9.0182    274.603    9.89039  301.16121     91.181  0.000e+00
   40.10194  -73.65060      3.306      3.280     6.3634    33.4617      8.330     0.5654 9.9999e+04  1026.3064     6.3632    26.2912     9.0432    275.364    9.89048  301.16374     91.433  0.000e+00
   40.10194  -73.65060      3.295      3.269     6.3633    33.4621      8.335     0.5654 9.9999e+04  1026.3067     6.3630    26.2915     9.0618    275.932    9.89048  301.16380     91.622  0.000e+00
   40.10194  -73.65060      3.306      3.280     6.3634    33.4620      8.330     0.5654 9.9999e+04  1026.3066     6.3632    26.2914     9.0743    276.310    9.89046  301.16312     91.748  0.000e+00
   40.10194  -73.65060      3.295      3.269     6.3633    33.4618      8.335     0.5654 9.9999e+04  1026.3064     6.3630    26.2913     9.0864    276.681    9.89050  301.16457     91.870  0.000e+00
   40.10194  -73.65060      3.295      3.269     6.3631    33.4615      8.330     0.5654 9.9999e+04  1026.3063     6.3628    26.2911     9.0909    276.818    9.89056  301.16641     91.915  0.000e+00
   40.10194  -73.65060      3.285      3.260     6.3631    33.4615      8.335     0.5654 9.9999e+04  1026.3062     6.3628    26.2911     9.1003    277.104    9.89056  301.16640     92.010  0.000e+00
   40.10194  -73.65060      3.285      3.260     6.3628    33.4613      8.330     0.5654 9.9999e+04  1026.3061     6.3625    26.2909     9.1080    277.338    9.89065  301.16900     92.087  0.000e+00
   40.10194  -73.65060      3.275      3.250     6.3623    33.4616      8.330     0.5654 9.9999e+04  1026.3064     6.3620    26.2913     9.1213    277.743    9.89074  301.17182     92.221  0.000e+00
   40.10194  -73.65060      3.275      3.250     6.3622    33.4618      8.330     0.5654 9.9999e+04  1026.3065     6.3619    26.2914     9.1200    277.702    9.89077  301.17251     92.207  0.000e+00
   40.10194  -73.65060      3.255      3.230     6.3622    33.4618      8.330     0.5654 9.9999e+04  1026.3064     6.3619    26.2915     9.1159    277.578    9.89077  301.17249     92.166  0.000e+00
   40.10194  -73.65060      3.255      3.230     6.3626    33.4611      8.335     0.5520 9.9999e+04  1026.3058     6.3624    26.2909     9.1024    277.167    9.89070  301.17066     92.030  0.000e+00
   40.10194  -73.65060      3.245      3.220     6.3624    33.4614      8.330     0.5252 9.9999e+04  1026.3061     6.3622    26.2911     9.0923    276.858    9.89072  301.17126     91.927  0.000e+00
   40.10194  -73.65060      3.234      3.209     6.3620    33.4617      8.335     0.5252 9.9999e+04  1026.3063     6.3617    26.2914     9.0854    276.651    9.89080  301.17361     91.858  0.000e+00
   40.10194  -73.65060      3.225      3.200     6.3623    33.4616      8.330     0.5252 9.9999e+04  1026.3061     6.3621    26.2912     9.0779    276.420    9.89074  301.17169     91.782  0.000e+00
   40.10194  -73.65060      3.204      3.179     6.3620    33.4618      8.335     0.5252 9.9999e+04  1026.3062     6.3617    26.2915     9.0631    275.971    9.89081  301.17381     91.632  0.000e+00
   40.10194  -73.65060      3.194      3.170     6.3620    33.4611      8.335     0.5252 9.9999e+04  1026.3056     6.3617    26.2909     9.0471    275.482    9.89085  301.17511     91.469  0.000e+00
   40.10194  -73.65060      3.183      3.159     6.3617    33.4611      8.330     0.5252 9.9999e+04  1026.3056     6.3614    26.2909     9.0373    275.184    9.89092  301.17747     91.369  0.000e+00
   40.10194  -73.65060      3.174      3.149     6.3607    33.4622      8.335     0.5252 9.9999e+04  1026.3066     6.3604    26.2920     9.0203    274.668    9.89108  301.18196     91.197  0.000e+00
   40.10194  -73.65062      3.164      3.140     6.3609    33.4619      8.335     0.5252 9.9999e+04  1026.3062     6.3606    26.2917     9.0109    274.382    9.89106  301.18134     91.102  0.000e+00
   40.10194  -73.65062      3.144      3.119     6.3609    33.4620      8.330     0.5252 9.9999e+04  1026.3063     6.3606    26.2918     9.0094    274.334    9.89105  301.18101     91.086  0.000e+00
   40.10194  -73.65062      3.144      3.119     6.3612    33.4622      8.335     0.5252 9.9999e+04  1026.3064     6.3609    26.2919     9.0148    274.499    9.89096  301.17818     91.142  0.000e+00
   40.10194  -73.65062      3.123      3.099     6.3616    33.4623      8.335     0.5252 9.9999e+04  1026.3063     6.3614    26.2919     9.0145    274.490    9.89085  301.17502     91.140  0.000e+00
   40.10194  -73.65062      3.104      3.080     6.3622    33.4619      8.330     0.5252 9.9999e+04  1026.3058     6.3619    26.2915     9.0063    274.240    9.89076  301.17232     91.058  0.000e+00
   40.10194  -73.65062      3.104      3.080     6.3625    33.4621      8.330     0.5252 9.9999e+04  1026.3059     6.3622    26.2916     8.9961    273.930    9.89067  301.16949     90.955  0.000e+00
   40.10194  -73.65062      3.072      3.048     6.3626    33.4618      8.335     0.5252 9.9999e+04  1026.3055     6.3624    26.2914     8.9854    273.604    9.89066  301.16923     90.847  0.000e+00
   40.10194  -73.65062      3.062      3.039     6.3630    33.4614      8.335     0.5252 9.9999e+04  1026.3052     6.3627    26.2911     8.9823    273.510    9.89060  301.16761     90.816  0.000e+00
   40.10194  -73.65062      3.053      3.029     6.3630    33.4615      8.330     0.5252 9.9999e+04  1026.3052     6.3627    26.2911     8.9876    273.672    9.89060  301.16745     90.870  0.000e+00
   40.10194  -73.65062      3.042      3.018     6.3631    33.4612      8.335     0.5252 9.9999e+04  1026.3049     6.3629    26.2909     8.9760    273.317    9.89058  301.16706     90.753  0.000e+00
   40.10194  -73.65062      3.023      2.999     6.3628    33.4616      8.330     0.5252 9.9999e+04  1026.3052     6.3625    26.2913     8.9714    273.179    9.89063  301.16848     90.706  0.000e+00
   40.10194  -73.65062      3.002      2.979     6.3628    33.4613      8.335     0.5252 9.9999e+04  1026.3048     6.3626    26.2910     8.9605    272.847    9.89064  301.16885     90.596  0.000e+00
   40.10194  -73.65062      2.992      2.969     6.3623    33.4615      8.335     0.5252 9.9999e+04  1026.3050     6.3621    26.2912     8.9502    272.533    9.89074  301.17175     90.491  0.000e+00
   40.10194  -73.65062      2.981      2.958     6.3623    33.4614      8.330     0.5252 9.9999e+04  1026.3049     6.3620    26.2912     8.9463    272.415    9.89076  301.17227     90.452  0.000e+00
   40.10194  -73.65062      2.951      2.928     6.3622    33.4616      8.330     0.5252 9.9999e+04  1026.3049     6.3619    26.2913     8.9415    272.268    9.89078  301.17292     90.403  0.000e+00
   40.10194  -73.65062      2.951      2.928     6.3622    33.4619      8.330     0.5252 9.9999e+04  1026.3051     6.3619    26.2915     8.9350    272.069    9.89076  301.17231     90.337  0.000e+00
   40.10194  -73.65062      2.921      2.898     6.3622    33.4617      8.330     0.5252 9.9999e+04  1026.3048     6.3619    26.2914     8.9282    271.862    9.89077  301.17274     90.268  0.000e+00
   40.10194  -73.65062      2.911      2.889     6.3623    33.4614      8.335     0.5386 9.9999e+04  1026.3045     6.3621    26.2911     8.9166    271.511    9.89075  301.17196     90.151  0.000e+00
   40.10194  -73.65062      2.891      2.868     6.3622    33.4616      8.335     0.5386 9.9999e+04  1026.3046     6.3619    26.2913     8.8991    270.976    9.89078  301.17286     89.973  0.000e+00
   40.10194  -73.65062      2.881      2.859     6.3620    33.4613      8.335     0.5386 5.0640e-11  1026.3043     6.3618    26.2911     8.8875    270.624    9.89083  301.17461     89.856  0.000e+00
   40.10194  -73.65062      2.860      2.838     6.3620    33.4616      8.330     0.5386 9.9999e+04  1026.3045     6.3617    26.2913     8.8692    270.067    9.89082  301.17420     89.671  0.000e+00
   40.10194  -73.65062      2.849      2.828     6.3617    33.4619      8.330     0.5386 9.9999e+04  1026.3047     6.3614    26.2916     8.8646    269.927    9.89087  301.17557     89.624  0.000e+00
   40.10194  -73.65062      2.819      2.798     6.3622    33.4613      8.335     0.5386 9.9999e+04  1026.3040     6.3619    26.2911     8.8608    269.810    9.89080  301.17355     89.586  0.000e+00
   40.10194  -73.65062      2.819      2.798     6.3618    33.4616      8.330     0.5386 9.9999e+04  1026.3043     6.3616    26.2914     8.8581    269.727    9.89085  301.17515     89.558  0.000e+00
   40.10194  -73.65062      2.800      2.778     6.3622    33.4614      8.330     0.5386 9.9999e+04  1026.3040     6.3619    26.2911     8.8621    269.851    9.89079  301.17338     89.600  0.000e+00
   40.10194  -73.65062      2.779      2.758     6.3618    33.4619      8.335     0.5386 9.9999e+04  1026.3044     6.3616    26.2916     8.8673    270.007    9.89083  301.17449     89.651  0.000e+00
   40.10194  -73.65062      2.768      2.747     6.3615    33.4618      8.330     0.5386 9.9999e+04  1026.3043     6.3613    26.2915     8.8852    270.554    9.89091  301.17678     89.832  0.000e+00
   40.10194  -73.65062      2.749      2.728     6.3613    33.4618      8.335     0.5386 9.9999e+04  1026.3042     6.3611    26.2916     8.8912    270.735    9.89095  301.17814     89.892  0.000e+00
   40.10194  -73.65062      2.737      2.716     6.3612    33.4622      8.330     0.5386 9.9999e+04  1026.3045     6.3610    26.2919     8.8985    270.958    9.89096  301.17820     89.966  0.000e+00
   40.10194  -73.65062      2.719      2.698     6.3615    33.4620      8.335     0.5386 9.9999e+04  1026.3042     6.3613    26.2917     8.9199    271.609    9.89090  301.17642     90.183  0.000e+00
   40.10194  -73.65062      2.708      2.687     6.3616    33.4619      8.330     0.5386 9.9999e+04  1026.3041     6.3614    26.2916     8.9307    271.938    9.89088  301.17595     90.292  0.000e+00
   40.10194  -73.65062      2.689      2.668     6.3615    33.4621      8.330     0.5386 9.9999e+04  1026.3041     6.3613    26.2917     8.9369    272.126    9.89089  301.17623     90.355  0.000e+00
   40.10194  -73.65062      2.678      2.657     6.3617    33.4621      8.330     0.5386 9.9999e+04  1026.3041     6.3614    26.2918     8.9504    272.539    9.89085  301.17507     90.492  0.000e+00
   40.10194  -73.65062      2.668      2.648     6.3620    33.4617      8.335     0.5386 9.9999e+04  1026.3037     6.3617    26.2914     8.9646    272.971    9.89081  301.17399     90.636  0.000e+00
   40.10194  -73.65062      2.647      2.627     6.3617    33.4619      8.335     0.5386 9.9999e+04  1026.3038     6.3614    26.2916     8.9795    273.426    9.89087  301.17565     90.786  0.000e+00
   40.10194  -73.65062      2.638      2.618     6.3618    33.4615      8.330     0.5386 9.9999e+04  1026.3034     6.3616    26.2913     8.9942    273.873    9.89086  301.17542     90.935  0.000e+00
   40.10194  -73.65062      2.627      2.607     6.3615    33.4617      8.335     0.5386 9.9999e+04  1026.3035     6.3613    26.2914     8.9962    273.932    9.89092  301.17709     90.954  0.000e+00
   40.10194  -73.65062      2.617      2.597     6.3618    33.4620      8.330     0.5386 9.9999e+04  1026.3037     6.3616    26.2916     8.9971    273.959    9.89083  301.17447     90.964  0.000e+00
   40.10194  -73.65062      2.608      2.588     6.3617    33.4620      8.330     0.5386 9.9999e+04  1026.3036     6.3614    26.2916     8.9913    273.784    9.89086  301.17546     90.905  0.000e+00
   40.10194  -73.65062      2.587      2.567     6.3618    33.4618      8.335     0.5386 9.9999e+04  1026.3034     6.3616    26.2915     8.9832    273.539    9.89084  301.17490     90.824  0.000e+00
   40.10194  -73.65062      2.587      2.567     6.3618    33.4618      8.335     0.5386 9.9999e+04  1026.3034     6.3616    26.2915     8.9798    273.433    9.89084  301.17475     90.789  0.000e+00
   40.10194  -73.65062      2.577      2.558     6.3615    33.4620      8.330     0.5654 9.9999e+04  1026.3036     6.3613    26.2917     8.9674    273.057    9.89089  301.17626     90.663  0.000e+00
   40.10194  -73.65062      2.566      2.547     6.3617    33.4619      8.330     0.5789 9.9999e+04  1026.3034     6.3615    26.2916     8.9461    272.408    9.89087  301.17557     90.448  0.000e+00
   40.10194  -73.65062      2.557      2.537     6.3613    33.4620      8.330     0.5789 9.9999e+04  1026.3035     6.3611    26.2917     8.9295    271.903    9.89094  301.17777     90.280  0.000e+00
   40.10194  -73.65062      2.544      2.525     6.3615    33.4616      8.330     0.5789 9.9999e+04  1026.3031     6.3613    26.2913     8.9048    271.151    9.89094  301.17769     90.030  0.000e+00
   40.10194  -73.65062      2.536      2.517     6.3613    33.4618      8.335     0.5789 9.9999e+04  1026.3033     6.3611    26.2916     8.8909    270.726    9.89095  301.17806     89.889  0.000e+00
   40.10194  -73.65062      2.536      2.517     6.3612    33.4618      8.335     0.5789 9.9999e+04  1026.3033     6.3610    26.2916     8.8891    270.672    9.89098  301.17906     89.871  0.000e+00
   40.10194  -73.65062      2.516      2.496     6.3611    33.4620      8.335     0.5789 9.9999e+04  1026.3033     6.3609    26.2918     8.8948    270.847    9.89098  301.17895     89.929  0.000e+00
   40.10194  -73.65062      2.527      2.507     6.3613    33.4619      8.330     0.5789 9.9999e+04  1026.3033     6.3611    26.2916     8.9014    271.045    9.89095  301.17790     89.995  0.000e+00
   40.10194  -73.65062      2.506      2.487     6.3612    33.4621      8.335     0.5789 9.9999e+04  1026.3033     6.3610    26.2918     8.9160    271.492    9.89097  301.17856     90.143  0.000e+00
   40.10194  -73.65062      2.496      2.477     6.3610    33.4623      8.335     0.5789 9.9999e+04  1026.3034     6.3608    26.2920     8.9134    271.412    9.89100  301.17947     90.116  0.000e+00
   40.10194  -73.65062      2.496      2.477     6.3607    33.4625      8.335     0.5789 9.9999e+04  1026.3037     6.3605    26.2922     8.9123    271.377    9.89105  301.18084     90.104  0.000e+00
   40.10194  -73.65062      2.496      2.477     6.3609    33.4618      8.335     0.5789 9.9999e+04  1026.3031     6.3606    26.2917     8.9051    271.160    9.89106  301.18139     90.032  0.000e+00
   40.10194  -73.65062      2.485      2.466     6.3609    33.4620      8.335     0.5789 9.9999e+04  1026.3032     6.3606    26.2918     8.8973    270.922    9.89105  301.18107     89.953  0.000e+00
   40.10194  -73.65062      2.485      2.466     6.3613    33.4617      8.330     0.5789 9.9999e+04  1026.3029     6.3611    26.2914     8.8955    270.866    9.89096  301.17847     89.935  0.000e+00
   40.10194  -73.65062      2.485      2.466     6.3609    33.4618      8.335     0.5789 9.9999e+04  1026.3030     6.3606    26.2916     8.8872    270.615    9.89106  301.18153     89.851  0.000e+00
