CalculateIndicators/WaterTemperature/Data/CTD_NYOS/202200728_C11.cnv
* Sea-Bird SBE 9 Data File:
* FileName = C:\Seabird 9 CTD\Data\2022\202207_offshore\202200728_C11.hex
* Software Version Seasave V 7.23.2
* Temperature SN = 4590
* Conductivity SN = 3228
* Number of Bytes Per Scan = 44
* Number of Voltage Words = 5
* Number of Scans Averaged by the Deck Unit = 1
* NMEA Latitude = 39 38.35 N
* NMEA Longitude = 072 46.96 W
* NMEA UTC (Time) = Dec 12 2002  05:48:38
* NMEA baud rate = 4800
** Ship: seawolf
** Station: 5.4
** Operator: TDK
# nquan = 18
# nvalues = 16011                       
# units = specified
# name 0 = latitude: Latitude [deg]
# name 1 = longitude: Longitude [deg]
# name 2 = prDM: Pressure, Digiquartz [db]
# name 3 = depSM: Depth [salt water, m]
# name 4 = t090C: Temperature [ITS-90, deg C]
# name 5 = sal00: Salinity, Practical [PSU]
# name 6 = ph: pH
# name 7 = flECO-AFL: Fluorescence, WET Labs ECO-AFL/FL [mg/m^3]
# name 8 = cpar: CPAR/Corrected Irradiance [%]
# name 9 = density00: Density [density, kg/m^3]
# name 10 = potemp090C: Potential Temperature [ITS-90, deg C]
# name 11 = sigma-é00: Density [sigma-theta, kg/m^3]
# name 12 = sbeox0Mg/L: Oxygen, SBE 43 [mg/l]
# name 13 = sbox0Mm/Kg: Oxygen, SBE 43 [umol/kg]
# name 14 = oxsolMg/L: Oxygen Saturation, Garcia & Gordon [mg/l]
# name 15 = oxsolMm/Kg: Oxygen Saturation, Garcia & Gordon [umol/kg]
# name 16 = sbeox0PS: Oxygen, SBE 43 [% saturation]
# name 17 = flag:  0.000e+00
# span 0 =   39.63834,   39.63930       
# span 1 =  -72.78276,  -72.78252       
# span 2 =      1.321,     63.122       
# span 3 =      1.311,     62.631       
# span 4 =     9.2845,    24.9251       
# span 5 =    31.4033,    34.0014       
# span 6 =      7.991,      8.225       
# span 7 =    -0.0524,     2.0832       
# span 8 = 5.0640e-11, 9.9999e+04       
# span 9 =  1020.7207,  1026.3386       
# span 10 =     9.2802,    24.9243      
# span 11 =    20.7138,    26.0570      
# span 12 =     6.8988,     9.3875      
# span 13 =    210.117,    286.358      
# span 14 =    6.91661,    9.27157      
# span 15 =  211.75932,  282.48394      
# span 16 =     77.033,    118.381      
# span 17 = 0.0000e+00, 0.0000e+00      
# interval = seconds: 0.0416667
# start_time = Jul 28 2022 05:48:38 [System UTC, first data scan.]
# bad_flag = -9.990e-29
*END*
[from data line 6754]
   39.63890  -72.78254     40.029     39.720     9.3042    33.2355      8.002     0.1222 5.0640e-11  1025.8691     9.2999    25.6888     7.8444    239.001    9.26889  282.40431     84.631 0.0000e+00
   39.63890  -72.78254     40.023     39.714     9.3012    33.2364      8.002     0.1222 5.0640e-11  1025.8712     9.2969    25.6900     7.8374    238.788    9.26861  282.39570     84.558 0.0000e+00
   39.63890  -72.78254     40.003     39.694     9.3012    33.2381      8.002     0.1222 5.0640e-11  1025.8739     9.2969    25.6914     7.8359    238.742    9.26843  282.39017     84.543 0.0000e+00
   39.63890  -72.78254     39.989     39.680     9.3045    33.2381      8.002     0.1222 5.0640e-11  1025.8725     9.3002    25.6916     7.8417    238.922    9.26816  282.38211     84.610 0.0000e+00
   39.63890  -72.78254     39.972     39.664     9.3032    33.2381      8.002     0.1222 5.0640e-11  1025.8726     9.2989    25.6916     7.8417    238.921    9.26814  282.38145     84.609 0.0000e+00
   39.63890  -72.78254     39.952     39.643     9.3002    33.2381      8.002     0.1222 5.0640e-11  1025.8728     9.2960    25.6917     7.8414    238.912    9.26795  282.37546     84.608 0.0000e+00
   39.63890  -72.78254     39.938     39.629     9.2972    33.2381      8.002     0.1222 5.0640e-11  1025.8729     9.2929    25.6920     7.8411    238.901    9.26771  282.36808     84.606 0.0000e+00
   39.63890  -72.78254     39.921     39.613     9.2947    33.2381      8.002     0.1222 5.0640e-11  1025.8730     9.2904    25.6923     7.8406    238.888    9.26749  282.36139     84.604 0.0000e+00
   39.63890  -72.78254     39.910     39.602     9.2930    33.2381      8.002     0.1222 5.0640e-11  1025.8737     9.2887    25.6927     7.8341    238.689    9.26730  282.35604     84.535 0.0000e+00
   39.63888  -72.78254     39.897     39.588     9.2945    33.2388      8.002     0.1222 5.0640e-11  1025.8737     9.2902    25.6930     7.8398    238.863    9.26714  282.35111     84.598 0.0000e+00
   39.63888  -72.78254     39.880     39.572     9.2968    33.2398      8.002     0.1222 5.0640e-11  1025.8742     9.2925    25.6935     7.8331    238.658    9.26683  282.34150     84.528 0.0000e+00
   39.63888  -72.78254     39.857     39.549     9.3001    33.2410      8.002     0.1222 5.0640e-11  1025.8749     9.2958    25.6939     7.8325    238.642    9.26658  282.33408     84.525 0.0000e+00
   39.63888  -72.78254     39.840     39.532     9.3050    33.2419      8.002     0.1222 5.0640e-11  1025.8746     9.3007    25.6940     7.8319    238.624    9.26625  282.32416     84.521 0.0000e+00
   39.63888  -72.78254     39.829     39.521     9.3076    33.2423      8.002     0.1222 5.0640e-11  1025.8742     9.3034    25.6939     7.8383    238.818    9.26609  282.31925     84.591 0.0000e+00
   39.63888  -72.78254     39.815     39.508     9.3078    33.2428      8.002     0.1222 5.0640e-11  1025.8742     9.3035    25.6942     7.8316    238.613    9.26579  282.31009     84.521 0.0000e+00
   39.63888  -72.78254     39.789     39.482     9.3065    33.2438      8.002     0.1222 5.0640e-11  1025.8754     9.3022    25.6952     7.8310    238.596    9.26553  282.30250     84.518 0.0000e+00
   39.63888  -72.78254     39.768     39.461     9.3045    33.2438      8.002     0.1222 5.0640e-11  1025.8770     9.3002    25.6959     7.8373    238.788    9.26534  282.29688     84.588 0.0000e+00
   39.63888  -72.78254     39.764     39.457     9.3042    33.2438      7.998     0.1222 5.0640e-11  1025.8760     9.2999    25.6955     7.8376    238.795    9.26523  282.29358     84.591 0.0000e+00
   39.63888  -72.78254     39.727     39.420     9.3071    33.2429      8.002     0.1222 5.0640e-11  1025.8745     9.3029    25.6943     7.8371    238.780    9.26514  282.29113     84.587 0.0000e+00
   39.63888  -72.78254     39.713     39.406     9.3106    33.2419      8.002     0.1222 5.0640e-11  1025.8726     9.3063    25.6931     7.8365    238.764    9.26507  282.28877     84.581 0.0000e+00
   39.63888  -72.78254     39.708     39.401     9.3109    33.2410      7.998     0.1222 5.0640e-11  1025.8725     9.3067    25.6923     7.8294    238.548    9.26457  282.27346     84.510 0.0000e+00
   39.63888  -72.78254     39.676     39.369     9.3108    33.2394      7.998     0.1222 5.0640e-11  1025.8718     9.3065    25.6911     7.8346    238.704    9.26408  282.25848     84.569 0.0000e+00
   39.63888  -72.78254     39.652     39.346     9.3085    33.2364      7.998     0.1222 5.0640e-11  1025.8684     9.3042    25.6891     7.8346    238.704    9.26391  282.25323     84.571 0.0000e+00
   39.63888  -72.78254     39.645     39.339     9.3040    33.2332      8.002     0.1222 5.0640e-11  1025.8668     9.2998    25.6871     7.8347    238.707    9.26391  282.25269     84.572 0.0000e+00
   39.63888  -72.78254     39.615     39.309     9.3037    33.2308      7.998     0.1222 5.0640e-11  1025.8642     9.2994    25.6855     7.8347    238.709    9.26388  282.25207     84.573 0.0000e+00
   39.63888  -72.78254     39.590     39.284     9.3036    33.2308      8.002     0.1357 5.0640e-11  1025.8635     9.2993    25.6849     7.8347    238.707    9.26374  282.24771     84.574 0.0000e+00
   39.63888  -72.78254     39.585     39.279     9.3032    33.2308      8.002     0.1222 5.0640e-11  1025.8650     9.2989    25.6851     7.8275    238.489    9.26337  282.23681     84.500 0.0000e+00
   39.63888  -72.78254     39.550     39.245     9.3062    33.2307      8.002     0.1222 5.0640e-11  1025.8646     9.3019    25.6851     7.8330    238.657    9.26270  282.21658     84.565 0.0000e+00
   39.63888  -72.78254     39.524     39.219     9.3086    33.2307      7.998     0.1222 5.0640e-11  1025.8635     9.3044    25.6848     7.8324    238.639    9.26207  282.19808     84.564 0.0000e+00
   39.63888  -72.78254     39.513     39.208     9.3083    33.2307      8.002     0.1222 5.0640e-11  1025.8638     9.3040    25.6847     7.8321    238.629    9.26175  282.18803     84.564 0.0000e+00
   39.63888  -72.78254     39.488     39.183     9.3070    33.2300      7.998     0.1222 5.0640e-11  1025.8642     9.3028    25.6843     7.8317    238.615    9.26130  282.17246     84.563 0.0000e+00
   39.63888  -72.78254     39.462     39.157     9.3062    33.2282      7.998     0.1222 5.0640e-11  1025.8619     9.3019    25.6831     7.8303    238.572    9.25992  282.12954     84.561 0.0000e+00
   39.63888  -72.78254     39.437     39.133     9.3037    33.2264      7.998     0.1222 5.0640e-11  1025.8598     9.2995    25.6821     7.8291    238.536    9.25800  282.07199     84.566 0.0000e+00
   39.63890  -72.78254     39.411     39.107     9.2991    33.2262      7.998     0.1222 5.0640e-11  1025.8607     9.2949    25.6822     7.8339    238.683    9.25601  282.01286     84.635 0.0000e+00
   39.63890  -72.78254     39.397     39.093     9.2961    33.2262      7.998     0.1088 5.0640e-11  1025.8619     9.2919    25.6828     7.8327    238.649    9.25428  281.96199     84.639 0.0000e+00
   39.63890  -72.78254     39.360     39.056     9.2940    33.2262      7.998     0.1222 5.0640e-11  1025.8614     9.2898    25.6833     7.8322    238.634    9.25328  281.93224     84.642 0.0000e+00
   39.63890  -72.78254     39.330     39.026     9.2925    33.2267      7.998     0.1222 5.0640e-11  1025.8620     9.2883    25.6838     7.8320    238.629    9.25267  281.91458     84.646 0.0000e+00
   39.63890  -72.78254     39.305     39.001     9.2941    33.2267      7.998     0.1357 5.0640e-11  1025.8629     9.2899    25.6840     7.8255    238.433    9.25269  281.91589     84.576 0.0000e+00
   39.63890  -72.78254     39.290     38.986     9.2969    33.2267      7.998     0.1357 5.0640e-11  1025.8614     9.2927    25.6835     7.8326    238.649    9.25338  281.93647     84.646 0.0000e+00
   39.63890  -72.78254     39.265     38.962     9.2967    33.2263      8.002     0.1357 5.0640e-11  1025.8606     9.2925    25.6830     7.8268    238.471    9.25413  281.95841     84.577 0.0000e+00
   39.63890  -72.78254     39.218     38.915     9.2957    33.2263      7.998     0.1357 5.0640e-11  1025.8606     9.2915    25.6830     7.8258    238.436    9.25340  281.93339     84.572 0.0000e+00
   39.63890  -72.78254     39.203     38.900     9.2960    33.2262      7.998     0.1357 5.0640e-11  1025.8609     9.2918    25.6831     7.8290    238.534    9.25012  281.83180     84.637 0.0000e+00
   39.63890  -72.78254     39.177     38.874     9.2968    33.2261      7.998     0.1357 5.0640e-11  1025.8605     9.2926    25.6830     7.8253    238.420    9.24600  281.70762     84.634 0.0000e+00
   39.63890  -72.78254     39.142     38.840     9.2966    33.2261      7.998     0.1357 5.0640e-11  1025.8606     9.2924    25.6828     7.8153    238.117    9.24257  281.60466     84.557 0.0000e+00
   39.63890  -72.78254     39.116     38.814     9.2971    33.2254      8.002     0.1357 5.0640e-11  1025.8593     9.2929    25.6822     7.8203    238.271    9.24062  281.54574     84.630 0.0000e+00
   39.63890  -72.78254     39.085     38.784     9.2968    33.2250      7.998     0.1357 5.0640e-11  1025.8586     9.2926    25.6818     7.8205    238.276    9.24073  281.54882     84.630 0.0000e+00
   39.63890  -72.78254     39.051     38.749     9.2969    33.2250      8.002     0.1357 5.0640e-11  1025.8587     9.2928    25.6817     7.8229    238.352    9.24263  281.60789     84.640 0.0000e+00
   39.63890  -72.78254     39.034     38.733     9.2981    33.2250      7.998     0.1357 5.0640e-11  1025.8586     9.2939    25.6817     7.8273    238.486    9.24655  281.72828     84.651 0.0000e+00
   39.63890  -72.78254     39.000     38.699     9.2992    33.2252      7.998     0.1357 5.0640e-11  1025.8587     9.2951    25.6817     7.8319    238.625    9.25066  281.85348     84.663 0.0000e+00
   39.63890  -72.78254     38.963     38.662     9.3007    33.2254      7.998     0.1357 5.0640e-11  1025.8581     9.2965    25.6817     7.8352    238.726    9.25349  281.93844     84.673 0.0000e+00
   39.63890  -72.78254     38.938     38.637     9.3014    33.2256      7.998     0.1357 5.0640e-11  1025.8584     9.2972    25.6816     7.8430    238.962    9.25461  281.97121     84.747 0.0000e+00
   39.63890  -72.78254     38.912     38.611     9.3029    33.2257      8.002     0.1357 5.0640e-11  1025.8576     9.2987    25.6816     7.8364    238.760    9.25430  281.96033     84.679 0.0000e+00
   39.63890  -72.78254     38.877     38.577     9.3027    33.2261      7.998     0.1357 5.0640e-11  1025.8581     9.2986    25.6818     7.8430    238.961    9.25357  281.93848     84.756 0.0000e+00
   39.63890  -72.78254     38.841     38.541     9.3036    33.2265      7.998     0.1357 5.0640e-11  1025.8581     9.2994    25.6821     7.8436    238.979    9.25303  281.92232     84.768 0.0000e+00
   39.63890  -72.78254     38.815     38.515     9.3045    33.2266      7.998     0.1357 5.0640e-11  1025.8584     9.3003    25.6822     7.8375    238.793    9.25268  281.91132     84.705 0.0000e+00
   39.63890  -72.78254     38.779     38.480     9.3057    33.2266      7.998     0.1357 5.0640e-11  1025.8579     9.3015    25.6820     7.8447    239.012    9.25275  281.91305     84.782 0.0000e+00
   39.63890  -72.78254     38.745     38.446     9.3068    33.2267      7.998     0.1357 5.0640e-11  1025.8569     9.3026    25.6816     7.8385    238.823    9.25238  281.90136     84.719 0.0000e+00
   39.63890  -72.78254     38.719     38.420     9.3074    33.2266      7.998     0.1357 5.0640e-11  1025.8570     9.3033    25.6815     7.8437    238.981    9.25119  281.86424     84.786 0.0000e+00
   39.63890  -72.78254     38.683     38.384     9.3090    33.2266      7.998     0.1357 5.0640e-11  1025.8567     9.3048    25.6813     7.8422    238.934    9.24866  281.78499     84.793 0.0000e+00
   39.63890  -72.78254     38.647     38.348     9.3102    33.2266      7.998     0.1357 5.0640e-11  1025.8562     9.3061    25.6810     7.8383    238.814    9.24448  281.65655     84.789 0.0000e+00
   39.63890  -72.78254     38.622     38.324     9.3119    33.2264      7.998     0.1357 5.0640e-11  1025.8557     9.3078    25.6807     7.8346    238.701    9.24057  281.53757     84.785 0.0000e+00
   39.63890  -72.78254     38.596     38.298     9.3127    33.2264      7.998     0.1222 5.0640e-11  1025.8553     9.3086    25.6805     7.8313    238.600    9.23723  281.43677     84.779 0.0000e+00
   39.63890  -72.78254     38.550     38.253     9.3141    33.2263      7.998     0.1088 5.0640e-11  1025.8552     9.3100    25.6802     7.8294    238.545    9.23476  281.36295     84.782 0.0000e+00
   39.63890  -72.78254     38.526     38.228     9.3155    33.2259      7.998     0.1088 5.0640e-11  1025.8544     9.3114    25.6797     7.8276    238.493    9.23324  281.31845     84.777 0.0000e+00
   39.63890  -72.78254     38.490     38.192     9.3167    33.2253      7.998     0.1088 5.0640e-11  1025.8535     9.3125    25.6790     7.8333    238.668    9.23248  281.29719     84.845 0.0000e+00
   39.63890  -72.78254     38.454     38.157     9.3175    33.2250      7.998     0.1088 5.0640e-11  1025.8525     9.3134    25.6785     7.8275    238.491    9.23253  281.29968     84.782 0.0000e+00
   39.63890  -72.78254     38.429     38.132     9.3180    33.2250      7.998     0.1088 5.0640e-11  1025.8520     9.3139    25.6783     7.8349    238.715    9.23290  281.31162     84.858 0.0000e+00
   39.63890  -72.78254     38.403     38.106     9.3181    33.2250      7.998     0.1088 5.0640e-11  1025.8525     9.3140    25.6785     7.8295    238.553    9.23358  281.33252     84.794 0.0000e+00
   39.63890  -72.78254     38.367     38.071     9.3203    33.2258      7.998     0.1088 5.0640e-11  1025.8527     9.3162    25.6789     7.8368    238.775    9.23403  281.34632     84.869 0.0000e+00
   39.63890  -72.78254     38.331     38.035     9.3224    33.2267      7.998     0.1088 5.0640e-11  1025.8530     9.3183    25.6792     7.8313    238.610    9.23552  281.39424     84.796 0.0000e+00
   39.63890  -72.78254     38.316     38.020     9.3231    33.2274      7.998     0.1088 5.0640e-11  1025.8532     9.3190    25.6797     7.8425    238.955    9.24041  281.54653     84.872 0.0000e+00
   39.63890  -72.78254     38.276     37.980     9.3228    33.2279      7.998     0.1088 5.0640e-11  1025.8540     9.3187    25.6802     7.8479    239.117    9.24548  281.70064     84.883 0.0000e+00
   39.63890  -72.78254     38.240     37.945     9.3229    33.2279      7.998     0.1088 5.0640e-11  1025.8537     9.3188    25.6803     7.8501    239.181    9.24724  281.74983     84.891 0.0000e+00
   39.63890  -72.78254     38.225     37.930     9.3237    33.2279      7.998     0.1088 5.0640e-11  1025.8532     9.3196    25.6798     7.8502    239.184    9.24699  281.74091     84.895 0.0000e+00
   39.63890  -72.78254     38.179     37.885     9.3257    33.2273      7.998     0.1088 5.0640e-11  1025.8522     9.3216    25.6789     7.8446    239.013    9.24802  281.77335     84.825 0.0000e+00
   39.63890  -72.78254     38.163     37.868     9.3293    33.2273      7.998     0.1088 5.0640e-11  1025.8508     9.3252    25.6778     7.8458    239.051    9.25063  281.85334     84.814 0.0000e+00
   39.63890  -72.78254     38.128     37.834     9.3329    33.2273      7.998     0.1088 5.0640e-11  1025.8485     9.3288    25.6772     7.8474    239.098    9.25288  281.92206     84.810 0.0000e+00
   39.63890  -72.78254     38.102     37.808     9.3339    33.2288      7.998     0.1088 5.0640e-11  1025.8498     9.3298    25.6790     7.8547    239.321    9.25412  281.95792     84.878 0.0000e+00
   39.63890  -72.78254     38.081     37.787     9.3336    33.2337      7.998     0.1088 5.0640e-11  1025.8565     9.3295    25.6825     7.8540    239.297    9.25334  281.93161     84.878 0.0000e+00
   39.63890  -72.78254     38.057     37.763     9.3390    33.2337      7.998     0.1088 5.0640e-11  1025.8592     9.3349    25.6843     7.8534    239.277    9.25280  281.91453     84.876 0.0000e+00
