CalculateIndicators/WaterTemperature/Data/CTD_NYOS/202200727_C05.cnv
* Sea-Bird SBE 9 Data File:
* FileName = C:\Seabird 9 CTD\Data\2022\202207_offshore\202200727_C05.hex
* Software Version Seasave V 7.23.2
* Temperature SN = 4590
* Conductivity SN = 3228
* Number of Bytes Per Scan = 44
* Number of Voltage Words = 5
* Number of Scans Averaged by the Deck Unit = 1
* NMEA Latitude = 39 49.17 N
* NMEA Longitude = 073 11.65 W
* NMEA UTC (Time) = Dec 11 2002  06:23:58
* NMEA baud rate = 4800
** Ship: seawolf
** Station: 6.3
** Operator: TDK
# nquan = 18
# nvalues = 14261                       
# units = specified
# name 0 = latitude: Latitude [deg]
# name 1 = longitude: Longitude [deg]
# name 2 = prDM: Pressure, Digiquartz [db]
# name 3 = depSM: Depth [salt water, m]
# name 4 = t090C: Temperature [ITS-90, deg C]
# name 5 = sal00: Salinity, Practical [PSU]
# name 6 = ph: pH
# name 7 = flECO-AFL: Fluorescence, WET Labs ECO-AFL/FL [mg/m^3]
# name 8 = cpar: CPAR/Corrected Irradiance [%]
# name 9 = density00: Density [density, kg/m^3]
# name 10 = potemp090C: Potential Temperature [ITS-90, deg C]
# name 11 = sigma-é00: Density [sigma-theta, kg/m^3]
# name 12 = sbeox0Mg/L: Oxygen, SBE 43 [mg/l]
# name 13 = sbox0Mm/Kg: Oxygen, SBE 43 [umol/kg]
# name 14 = oxsolMg/L: Oxygen Saturation, Garcia & Gordon [mg/l]
# name 15 = oxsolMm/Kg: Oxygen Saturation, Garcia & Gordon [umol/kg]
# name 16 = sbeox0PS: Oxygen, SBE 43 [% saturation]
# name 17 = flag:  0.000e+00
# span 0 =   39.81916,   39.81956       
# span 1 =  -73.19420,  -73.19306       
# span 2 =      1.843,     41.841       
# span 3 =      1.829,     41.516       
# span 4 =     8.6949,    25.0538       
# span 5 =    31.2377,    32.8493       
# span 6 =      7.942,      8.154       
# span 7 =     0.0282,     2.1772       
# span 8 = 5.0640e-11, 9.9999e+04       
# span 9 =  1020.6154,  1025.6674       
# span 10 =     8.6907,    25.0532      
# span 11 =    20.5687,    25.4794      
# span 12 =     6.6592,     8.8028      
# span 13 =    203.829,    268.544      
# span 14 =    6.88687,    9.41726      
# span 15 =  210.79965,  286.98206      
# span 16 =     78.348,    110.016      
# span 17 = 0.0000e+00, 0.0000e+00      
# interval = seconds: 0.0416667
# start_time = Jul 27 2022 06:23:58 [System UTC, first data scan.]
# bad_flag = -9.990e-29
*END*
[from data line 12624]
   39.81922 -9.990e-29      2.339      2.321    25.0363    31.8639      8.147     0.4177 5.0640e-11  1020.9725    25.0358    20.9625     6.8124    208.519    6.88917  210.86942     98.886 -9.990e-29
   39.81922 -9.990e-29      2.349      2.331    25.0364    31.8639      8.147     0.4311 5.0640e-11  1020.9724    25.0359    20.9624     6.8128    208.530    6.88921  210.87037     98.890 -9.990e-29
   39.81922 -9.990e-29      2.339      2.321    25.0365    31.8637      8.147     0.4177 5.0640e-11  1020.9724    25.0360    20.9623     6.8131    208.539    6.88920  210.87021     98.895 -9.990e-29
   39.81922 -9.990e-29      2.349      2.331    25.0364    31.8635      8.147     0.4177 5.0640e-11  1020.9721    25.0359    20.9621     6.8134    208.550    6.88921  210.87057     98.899 -9.990e-29
   39.81922 -9.990e-29      2.350      2.332    25.0364    31.8631      8.147     0.4311 5.0640e-11  1020.9720    25.0359    20.9619     6.8137    208.559    6.88922  210.87109     98.904 -9.990e-29
   39.81922 -9.990e-29      2.370      2.351    25.0365    31.8629      8.147     0.4177 5.0640e-11  1020.9715    25.0360    20.9615     6.8139    208.567    6.88915  210.86845     98.908 -9.990e-29
   39.81922 -9.990e-29      2.360      2.342    25.0362    31.8629      8.147     0.4177 5.0640e-11  1020.9708    25.0357    20.9613     6.8188    208.716    6.88909  210.86672     98.980 -9.990e-29
   39.81922 -9.990e-29      2.379      2.361    25.0366    31.8629      8.147     0.4177 5.0640e-11  1020.9717    25.0361    20.9616     6.8191    208.724    6.88907  210.86611     98.984 -9.990e-29
   39.81922 -9.990e-29      2.379      2.361    25.0368    31.8637      8.147     0.4177 5.0640e-11  1020.9725    25.0363    20.9622     6.8147    208.590    6.88905  210.86551     98.921 -9.990e-29
   39.81922 -9.990e-29      2.390      2.372    25.0366    31.8642      8.147     0.4177 5.0640e-11  1020.9729    25.0361    20.9626     6.8194    208.732    6.88903  210.86491     98.989 -9.990e-29
   39.81922 -9.990e-29      2.400      2.381    25.0368    31.8642      8.152     0.4177 5.0640e-11  1020.9729    25.0363    20.9627     6.8150    208.597    6.88903  210.86480     98.925 -9.990e-29
   39.81922 -9.990e-29      2.409      2.391    25.0372    31.8642      8.147     0.4177 5.0640e-11  1020.9729    25.0366    20.9625     6.8149    208.597    6.88901  210.86441     98.925 -9.990e-29
   39.81922 -9.990e-29      2.409      2.391    25.0373    31.8642      8.147     0.4177 5.0640e-11  1020.9726    25.0368    20.9623     6.8149    208.595    6.88897  210.86316     98.924 -9.990e-29
   39.81922 -9.990e-29      2.420      2.402    25.0375    31.8637      8.147     0.4177 5.0640e-11  1020.9725    25.0370    20.9620     6.8195    208.737    6.88900  210.86404     98.991 -9.990e-29
   39.81922 -9.990e-29      2.441      2.422    25.0377    31.8635      8.147     0.4177 5.0640e-11  1020.9716    25.0372    20.9616     6.8197    208.742    6.88898  210.86358     98.994 -9.990e-29
   39.81922 -9.990e-29      2.440      2.421    25.0375    31.8635      8.152     0.4446 5.0640e-11  1020.9718    25.0370    20.9615     6.8198    208.747    6.88896  210.86269     98.996 -9.990e-29
   39.81922 -9.990e-29      2.460      2.441    25.0377    31.8635      8.147     0.4580 5.0640e-11  1020.9723    25.0372    20.9617     6.8153    208.610    6.88896  210.86273     98.931 -9.990e-29
   39.81922 -9.990e-29      2.451      2.432    25.0379    31.8639      8.152     0.4580 5.0640e-11  1020.9725    25.0374    20.9619     6.8199    208.749    6.88895  210.86268     98.997 -9.990e-29
   39.81922 -9.990e-29      2.471      2.452    25.0379    31.8639      8.147     0.4580 5.0640e-11  1020.9727    25.0373    20.9620     6.8200    208.752    6.88895  210.86272     98.999 -9.990e-29
   39.81922 -9.990e-29      2.481      2.462    25.0379    31.8639      8.147     0.4580 5.0640e-11  1020.9727    25.0373    20.9620     6.8201    208.756    6.88896  210.86286     99.001 -9.990e-29
   39.81922 -9.990e-29      2.471      2.452    25.0379    31.8637      8.147     0.4580 5.0640e-11  1020.9724    25.0374    20.9618     6.8202    208.759    6.88895  210.86264     99.002 -9.990e-29
   39.81922 -9.990e-29      2.511      2.492    25.0380    31.8631      8.147     0.4580 5.0640e-11  1020.9723    25.0375    20.9614     6.8203    208.760    6.88892  210.86173     99.003 -9.990e-29
   39.81922 -9.990e-29      2.501      2.482    25.0379    31.8626      8.147     0.4714 5.0640e-11  1020.9713    25.0373    20.9608     6.8157    208.620    6.88895  210.86242     98.937 -9.990e-29
   39.81922 -9.990e-29      2.511      2.492    25.0381    31.8626      8.147     0.4580 5.0640e-11  1020.9705    25.0375    20.9605     6.8155    208.614    6.88894  210.86220     98.934 -9.990e-29
   39.81922 -9.990e-29      2.501      2.482    25.0379    31.8626      8.147     0.4580 5.0640e-11  1020.9719    25.0373    20.9609     6.8153    208.608    6.88894  210.86223     98.931 -9.990e-29
   39.81922 -9.990e-29      2.511      2.492    25.0377    31.8630      8.147     0.4714 5.0640e-11  1020.9723    25.0372    20.9613     6.8197    208.744    6.88895  210.86263     98.995 -9.990e-29
   39.81922 -9.990e-29      2.511      2.492    25.0380    31.8632      8.147     0.4580 5.0640e-11  1020.9720    25.0375    20.9614     6.8151    208.603    6.88895  210.86249     98.928 -9.990e-29
   39.81922 -9.990e-29      2.511      2.492    25.0380    31.8632      8.147     0.4580 5.0640e-11  1020.9722    25.0375    20.9615     6.8197    208.744    6.88893  210.86202     98.996 -9.990e-29
   39.81922 -9.990e-29      2.501      2.482    25.0381    31.8632      8.147     0.4580 5.0640e-11  1020.9725    25.0375    20.9616     6.8198    208.746    6.88897  210.86324     98.996 -9.990e-29
   39.81922 -9.990e-29      2.501      2.482    25.0379    31.8632      8.152     0.4580 5.0640e-11  1020.9721    25.0373    20.9614     6.8197    208.744    6.88893  210.86181     98.996 -9.990e-29
   39.81922 -9.990e-29      2.501      2.482    25.0377    31.8632      8.147     0.4580 5.0640e-11  1020.9716    25.0372    20.9613     6.8243    208.885    6.88895  210.86244     99.062 -9.990e-29
   39.81922 -9.990e-29      2.490      2.471    25.0379    31.8632      8.147     0.4580 5.0640e-11  1020.9721    25.0373    20.9614     6.8199    208.749    6.88895  210.86252     98.998 -9.990e-29
   39.81922 -9.990e-29      2.481      2.462    25.0380    31.8635      8.147     0.4580 5.0640e-11  1020.9722    25.0375    20.9617     6.8197    208.744    6.88891  210.86128     98.996 -9.990e-29
   39.81922 -9.990e-29      2.471      2.452    25.0379    31.8638      8.147     0.4580 5.0640e-11  1020.9724    25.0374    20.9619     6.8196    208.741    6.88890  210.86093     98.995 -9.990e-29
   39.81922 -9.990e-29      2.462      2.443    25.0380    31.8640      8.147     0.4580 5.0640e-11  1020.9726    25.0375    20.9621     6.8241    208.877    6.88886  210.85984     99.060 -9.990e-29
   39.81922 -9.990e-29      2.451      2.432    25.0379    31.8640      8.147     0.4580 5.0640e-11  1020.9726    25.0374    20.9621     6.8242    208.880    6.88886  210.85985     99.061 -9.990e-29
   39.81922 -9.990e-29      2.440      2.421    25.0380    31.8640      8.152     0.4580 5.0640e-11  1020.9724    25.0375    20.9620     6.8288    209.022    6.88882  210.85861     99.129 -9.990e-29
   39.81922 -9.990e-29      2.430      2.411    25.0380    31.8638      8.147     0.4580 5.0640e-11  1020.9721    25.0375    20.9618     6.8245    208.889    6.88884  210.85905     99.066 -9.990e-29
   39.81922 -9.990e-29      2.409      2.391    25.0381    31.8637      8.152     0.4580 5.0640e-11  1020.9720    25.0376    20.9618     6.8245    208.889    6.88884  210.85942     99.065 -9.990e-29
   39.81922 -9.990e-29      2.390      2.372    25.0379    31.8636      8.147     0.4580 5.0640e-11  1020.9721    25.0373    20.9618     6.8245    208.891    6.88896  210.86302     99.065 -9.990e-29
   39.81922 -9.990e-29      2.390      2.372    25.0380    31.8634      8.147     0.4580 5.0640e-11  1020.9718    25.0375    20.9616     6.8294    209.039    6.88897  210.86350     99.135 -9.990e-29
   39.81922 -9.990e-29      2.379      2.361    25.0373    31.8629      8.152     0.4446 5.0640e-11  1020.9714    25.0368    20.9614     6.8248    208.900    6.88895  210.86254     99.069 -9.990e-29
   39.81922 -9.990e-29      2.349      2.331    25.0370    31.8629      8.147     0.4446 5.0640e-11  1020.9713    25.0365    20.9614     6.8294    209.038    6.88894  210.86231     99.135 -9.990e-29
   39.81922 -9.990e-29      2.349      2.331    25.0365    31.8629      8.152     0.4446 5.0640e-11  1020.9717    25.0360    20.9617     6.8296    209.047    6.88891  210.86122     99.139 -9.990e-29
   39.81922 -9.990e-29      2.330      2.312    25.0362    31.8631      8.152     0.4580 5.0640e-11  1020.9718    25.0357    20.9619     6.8299    209.055    6.88892  210.86158     99.143 -9.990e-29
   39.81922 -9.990e-29      2.309      2.291    25.0361    31.8632      8.147     0.4446 5.0640e-11  1020.9719    25.0356    20.9620     6.8302    209.063    6.88891  210.86137     99.147 -9.990e-29
   39.81922 -9.990e-29      2.289      2.271    25.0359    31.8632      8.152     0.4446 5.0640e-11  1020.9716    25.0354    20.9621     6.8304    209.070    6.88891  210.86123     99.150 -9.990e-29
   39.81922 -9.990e-29      2.279      2.261    25.0355    31.8633      8.152     0.4446 5.0640e-11  1020.9721    25.0351    20.9622     6.8305    209.075    6.88889  210.86076     99.153 -9.990e-29
   39.81922 -9.990e-29      2.258      2.241    25.0354    31.8633      8.152     0.4446 5.0640e-11  1020.9718    25.0349    20.9622     6.8356    209.230    6.88891  210.86124     99.226 -9.990e-29
   39.81922 -9.990e-29      2.238      2.221    25.0350    31.8633      8.152     0.4446 5.0640e-11  1020.9720    25.0345    20.9623     6.8360    209.242    6.88894  210.86254     99.232 -9.990e-29
   39.81922 -9.990e-29      2.209      2.192    25.0350    31.8633      8.152     0.4446 5.0640e-11  1020.9719    25.0345    20.9624     6.8363    209.252    6.88895  210.86261     99.236 -9.990e-29
   39.81922 -9.990e-29      2.198      2.181    25.0350    31.8634      8.152     0.4446 5.0640e-11  1020.9717    25.0345    20.9622     6.8366    209.260    6.88893  210.86189     99.240 -9.990e-29
   39.81922 -9.990e-29      2.168      2.151    25.0352    31.8634      8.152     0.4446 5.0640e-11  1020.9709    25.0347    20.9621     6.8415    209.409    6.88891  210.86139     99.311 -9.990e-29
   39.81922 -9.990e-29      2.157      2.140    25.0354    31.8635      8.152     0.4446 5.0640e-11  1020.9719    25.0349    20.9625     6.8373    209.281    6.88890  210.86104     99.251 -9.990e-29
   39.81922 -9.990e-29      2.126      2.110    25.0357    31.8639      8.152     0.4446 5.0640e-11  1020.9719    25.0352    20.9627     6.8374    209.285    6.88889  210.86071     99.253 -9.990e-29
   39.81922 -9.990e-29      2.096      2.080    25.0361    31.8639      8.152     0.4446 5.0640e-11  1020.9713    25.0356    20.9626     6.8378    209.297    6.88892  210.86162     99.258 -9.990e-29
   39.81922 -9.990e-29      2.077      2.061    25.0361    31.8640      8.152     0.4446 5.0640e-11  1020.9715    25.0356    20.9626     6.8381    209.307    6.88890  210.86112     99.263 -9.990e-29
   39.81922 -9.990e-29      2.066      2.050    25.0362    31.8640      8.152     0.4446 5.0640e-11  1020.9714    25.0358    20.9626     6.8382    209.309    6.88889  210.86072     99.264 -9.990e-29
   39.81922 -9.990e-29      2.036      2.020    25.0363    31.8640      8.147     0.4446 5.0640e-11  1020.9713    25.0358    20.9626     6.8431    209.459    6.88890  210.86106     99.335 -9.990e-29
   39.81922 -9.990e-29      2.015      2.000    25.0364    31.8640      8.147     0.4446 5.0640e-11  1020.9711    25.0360    20.9625     6.8433    209.465    6.88889  210.86065     99.338 -9.990e-29
   39.81922 -9.990e-29      1.995      1.979    25.0368    31.8639      8.152     0.4446 5.0640e-11  1020.9708    25.0364    20.9623     6.8435    209.470    6.88890  210.86099     99.341 -9.990e-29
   39.81922 -9.990e-29      1.975      1.960    25.0366    31.8639      8.152     0.4446 5.0640e-11  1020.9706    25.0362    20.9623     6.8436    209.474    6.88887  210.86026     99.342 -9.990e-29
   39.81922 -9.990e-29      1.955      1.940    25.0368    31.8638      8.152     0.4446 5.0640e-11  1020.9704    25.0364    20.9623     6.8439    209.483    6.88887  210.86012     99.347 -9.990e-29
   39.81922 -9.990e-29      1.935      1.921    25.0368    31.8638      8.147     0.4446 5.0640e-11  1020.9708    25.0364    20.9623     6.8442    209.492    6.88886  210.85998     99.351 -9.990e-29
   39.81922 -9.990e-29      1.913      1.899    25.0370    31.8638      8.152     0.4446 5.0640e-11  1020.9703    25.0366    20.9621     6.8397    209.357    6.88886  210.85969     99.287 -9.990e-29
   39.81922 -9.990e-29      1.904      1.889    25.0372    31.8638      8.147     0.4311 5.0640e-11  1020.9699    25.0367    20.9620     6.8441    209.489    6.88885  210.85953     99.350 0.0000e+00
   39.81922 -9.990e-29      1.883      1.869    25.0370    31.8638      8.152     0.4311 5.0640e-11  1020.9702    25.0366    20.9621     6.8443    209.495    6.88886  210.85989     99.353 0.0000e+00
   39.81922 -9.990e-29      1.874      1.859    25.0370    31.8638      8.152     0.4311 5.0640e-11  1020.9701    25.0366    20.9621     6.8397    209.356    6.88885  210.85966     99.287 0.0000e+00
   39.81922 -9.990e-29      1.864      1.850    25.0370    31.8639      8.147     0.4311 5.0640e-11  1020.9701    25.0366    20.9622     6.8396    209.352    6.88888  210.86064     99.285 0.0000e+00
   39.81922 -9.990e-29      1.853      1.839    25.0372    31.8640      8.152     0.4311 5.0640e-11  1020.9702    25.0368    20.9623     6.8394    209.346    6.88887  210.86021     99.282 0.0000e+00
   39.81922 -9.990e-29      1.843      1.829    25.0370    31.8640      8.147     0.4311 5.0640e-11  1020.9702    25.0366    20.9623     6.8392    209.339    6.88886  210.85989     99.279 -9.990e-29
   39.81922 -9.990e-29      1.845      1.831    25.0370    31.8640      8.147     0.4311 5.0640e-11  1020.9703    25.0366    20.9622     6.8341    209.183    6.88888  210.86035     99.204 -9.990e-29
   39.81922 -9.990e-29      1.853      1.839    25.0372    31.8639      8.152     0.4311 5.0640e-11  1020.9699    25.0368    20.9622     6.8333    209.158    6.88887  210.86013     99.193 -9.990e-29
   39.81922 -9.990e-29      1.853      1.839    25.0370    31.8639      8.152     0.4311 5.0640e-11  1020.9701    25.0366    20.9622     6.8325    209.134    6.88887  210.86028     99.181 -9.990e-29
   39.81922 -9.990e-29      1.864      1.850    25.0370    31.8639      8.152     0.4446 5.0640e-11  1020.9702    25.0366    20.9622     6.8319    209.116    6.88887  210.86013     99.173 -9.990e-29
   39.81922 -9.990e-29      1.864      1.850    25.0372    31.8639      8.147     0.4311 5.0640e-11  1020.9701    25.0368    20.9622     6.8310    209.089    6.88885  210.85961     99.160 -9.990e-29
   39.81922  -73.19316      1.883      1.869    25.0368    31.8639      8.147     0.4311 5.0640e-11  1020.9702    25.0364    20.9622     6.8304    209.070    6.88887  210.86028     99.151 -9.990e-29
   39.81922  -73.19316      1.894      1.880    25.0372    31.8640      8.147     0.4311 5.0640e-11  1020.9703    25.0367    20.9622     6.8298    209.051    6.88890  210.86118     99.142 -9.990e-29
   39.81922  -73.19316      1.905      1.891    25.0370    31.8640      8.147     0.4311 5.0640e-11  1020.9704    25.0366    20.9622     6.8244    208.888    6.88888  210.86049     99.065 -9.990e-29
