CalculateIndicators/WaterTemperature/Data/CTD_NYOS/202200727_C06.cnv
* Sea-Bird SBE 9 Data File:
* FileName = C:\Seabird 9 CTD\Data\2022\202207_offshore\202200727_C06.hex
* Software Version Seasave V 7.23.2
* Temperature SN = 4590
* Conductivity SN = 3228
* Number of Bytes Per Scan = 44
* Number of Voltage Words = 5
* Number of Scans Averaged by the Deck Unit = 1
* NMEA Latitude = 39 28.56 N
* NMEA Longitude = 073 04.13 W
* NMEA UTC (Time) = Dec 11 2002  10:11:30
* NMEA baud rate = 4800
** Ship: seawolf
** Station: 6.4
** Operator: TDK
# nquan = 18
# nvalues = 17748                       
# units = specified
# name 0 = latitude: Latitude [deg]
# name 1 = longitude: Longitude [deg]
# name 2 = prDM: Pressure, Digiquartz [db]
# name 3 = depSM: Depth [salt water, m]
# name 4 = t090C: Temperature [ITS-90, deg C]
# name 5 = sal00: Salinity, Practical [PSU]
# name 6 = ph: pH
# name 7 = flECO-AFL: Fluorescence, WET Labs ECO-AFL/FL [mg/m^3]
# name 8 = cpar: CPAR/Corrected Irradiance [%]
# name 9 = density00: Density [density, kg/m^3]
# name 10 = potemp090C: Potential Temperature [ITS-90, deg C]
# name 11 = sigma-é00: Density [sigma-theta, kg/m^3]
# name 12 = sbeox0Mg/L: Oxygen, SBE 43 [mg/l]
# name 13 = sbox0Mm/Kg: Oxygen, SBE 43 [umol/kg]
# name 14 = oxsolMg/L: Oxygen Saturation, Garcia & Gordon [mg/l]
# name 15 = oxsolMm/Kg: Oxygen Saturation, Garcia & Gordon [umol/kg]
# name 16 = sbeox0PS: Oxygen, SBE 43 [% saturation]
# name 17 = flag:  0.000e+00
# span 0 =   39.47540,   39.47610       
# span 1 =  -73.06884,  -73.06788       
# span 2 =      1.514,     63.090       
# span 3 =      1.503,     62.600       
# span 4 =     8.6290,    25.0131       
# span 5 =    31.3649,    33.1996       
# span 6 =      7.966,      8.219       
# span 7 =    -0.0255,     2.0697       
# span 8 = 1.9477e-12, 4.5000e+01       
# span 9 =  1020.7157,  1026.0348       
# span 10 =     8.6235,    25.0122      
# span 11 =    20.7045,    25.7477      
# span 12 =     6.8892,     9.2057      
# span 13 =    210.894,    280.554      
# span 14 =    6.90149,    9.41840      
# span 15 =  211.28329,  286.96852      
# span 16 =     77.955,    107.040      
# span 17 = 0.0000e+00, 0.0000e+00      
# interval = seconds: 0.0416667
# start_time = Jul 27 2022 10:11:31 [System UTC, first data scan.]
# bad_flag = -9.990e-29
*END*
[from data line 15920]
   39.47546  -73.06794      1.949      1.934    24.9965    31.6167 -9.990e-29     0.3774 4.0272e+01  1020.7961    24.9960    20.7878     7.0002    214.305    6.90336  211.33956    101.403 -9.990e-29
   39.47546  -73.06794      1.940      1.926    24.9963    31.6167 -9.990e-29     0.3774 3.9932e+01  1020.7961    24.9959    20.7879     7.0005    214.314    6.90334  211.33899    101.408 -9.990e-29
   39.47546  -73.06794      1.939      1.924    24.9961    31.6169 -9.990e-29     0.3774 3.9820e+01  1020.7966    24.9957    20.7881     7.0008    214.323    6.90333  211.33888    101.412 -9.990e-29
   39.47546  -73.06794      1.930      1.915    24.9961    31.6171 -9.990e-29     0.3774 3.9484e+01  1020.7964    24.9957    20.7883     7.0011    214.331    6.90332  211.33835    101.416 -9.990e-29
   39.47546  -73.06794      1.930      1.915    24.9959    31.6172 -9.990e-29     0.3774 3.9262e+01  1020.7967    24.9955    20.7884     7.0013    214.338    6.90331  211.33811    101.419 -9.990e-29
   39.47546  -73.06794      1.930      1.915    24.9961    31.6174 -9.990e-29     0.3774 3.9262e+01  1020.7969    24.9957    20.7886     7.0015    214.345    6.90333  211.33886    101.423 -9.990e-29
   39.47546  -73.06794      1.930      1.915    24.9959    31.6174 -9.990e-29     0.3774 3.7955e+01  1020.7970    24.9955    20.7886     7.0017    214.351    6.90335  211.33932    101.425 -9.990e-29
   39.47546  -73.06794      1.909      1.894    24.9963    31.6174 -9.990e-29     0.3774 3.7212e+01  1020.7966    24.9959    20.7885     6.9972    214.213    6.90332  211.33865    101.360 -9.990e-29
   39.47546  -73.06794      1.930      1.915    24.9965    31.6172 -9.990e-29     0.3908 3.7107e+01  1020.7965    24.9960    20.7883     6.9971    214.210    6.90333  211.33875    101.358 -9.990e-29
   39.47546  -73.06794      1.910      1.896    24.9965    31.6170 -9.990e-29     0.4043 3.6279e+01  1020.7963    24.9960    20.7882     6.9970    214.206    6.90334  211.33900    101.357 -9.990e-29
   39.47546  -73.06794      1.909      1.894    24.9965    31.6168 -9.990e-29     0.4177 3.5670e+01  1020.7963    24.9960    20.7879     6.9968    214.201    6.90334  211.33897    101.354 -9.990e-29
   39.47548  -73.06794      1.909      1.894    24.9966    31.6166 -9.990e-29     0.4177 3.5469e+01  1020.7954    24.9962    20.7877     7.0013    214.337    6.90331  211.33829    101.419 -9.990e-29
   39.47548  -73.06794      1.909      1.894    24.9963    31.6166 -9.990e-29     0.4177 3.5973e+01  1020.7959    24.9959    20.7877     6.9966    214.195    6.90329  211.33757    101.352 -9.990e-29
   39.47548  -73.06794      1.909      1.894    24.9965    31.6166 -9.990e-29     0.4177 3.6484e+01  1020.7960    24.9960    20.7878     6.9964    214.189    6.90330  211.33781    101.349 -9.990e-29
   39.47548  -73.06794      1.899      1.885    24.9959    31.6167 -9.990e-29     0.4177 3.6587e+01  1020.7962    24.9955    20.7880     6.9962    214.181    6.90329  211.33770    101.345 -9.990e-29
   39.47548  -73.06794      1.899      1.885    24.9959    31.6167 -9.990e-29     0.4177 3.7317e+01  1020.7962    24.9955    20.7881     6.9959    214.173    6.90329  211.33767    101.342 -9.990e-29
   39.47548  -73.06794      1.899      1.885    24.9954    31.6167 -9.990e-29     0.4177 3.8712e+01  1020.7963    24.9950    20.7882     6.9956    214.164    6.90329  211.33749    101.338 -9.990e-29
   39.47548  -73.06794      1.899      1.885    24.9954    31.6169 -9.990e-29     0.4177 3.9151e+01  1020.7965    24.9950    20.7884     6.9906    214.012    6.90327  211.33713    101.266 -9.990e-29
   39.47548  -73.06794      1.888      1.874    24.9952    31.6173 -9.990e-29     0.4177 3.9373e+01  1020.7967    24.9948    20.7886     6.9898    213.987    6.90327  211.33702    101.254 -9.990e-29
   39.47548  -73.06794      1.888      1.874    24.9952    31.6175 -9.990e-29     0.4177 4.0158e+01  1020.7970    24.9948    20.7889     6.9890    213.963    6.90330  211.33792    101.242 -9.990e-29
   39.47548  -73.06794      1.888      1.874    24.9955    31.6175 -9.990e-29     0.4177 4.0386e+01  1020.7969    24.9951    20.7889     6.9884    213.944    6.90329  211.33769    101.233 -9.990e-29
   39.47548  -73.06794      1.879      1.864    24.9956    31.6175 -9.990e-29     0.4177 4.0386e+01  1020.7969    24.9952    20.7888     6.9879    213.926    6.90331  211.33829    101.225 -9.990e-29
   39.47548  -73.06794      1.879      1.864    24.9961    31.6175 -9.990e-29     0.4177 4.0045e+01  1020.7966    24.9957    20.7886     6.9826    213.765    6.90332  211.33861    101.148 -9.990e-29
   39.47548  -73.06794      1.879      1.864    24.9961    31.6173 -9.990e-29     0.4177 3.9820e+01  1020.7964    24.9957    20.7884     6.9864    213.881    6.90332  211.33851    101.203 -9.990e-29
   39.47548  -73.06794      1.869      1.855    24.9961    31.6171 -9.990e-29     0.4177 3.9820e+01  1020.7963    24.9957    20.7883     6.9811    213.720    6.90332  211.33840    101.127 -9.990e-29
   39.47548  -73.06794      1.869      1.855    24.9961    31.6169 -9.990e-29     0.4177 3.9151e+01  1020.7960    24.9957    20.7881     6.9849    213.836    6.90334  211.33895    101.181 -9.990e-29
   39.47548  -73.06794      1.869      1.855    24.9959    31.6168 -9.990e-29     0.4177 3.8821e+01  1020.7962    24.9955    20.7881     6.9843    213.817    6.90335  211.33948    101.172 -9.990e-29
   39.47548  -73.06794      1.869      1.855    24.9959    31.6167 -9.990e-29     0.4177 3.8821e+01  1020.7963    24.9955    20.7881     6.9836    213.797    6.90335  211.33936    101.163 -9.990e-29
   39.47548  -73.06794      1.858      1.844    24.9958    31.6162 -9.990e-29     0.4177 3.9041e+01  1020.7960    24.9954    20.7878     6.9830    213.777    6.90337  211.33989    101.153 -9.990e-29
   39.47548  -73.06794      1.858      1.844    24.9955    31.6161 -9.990e-29     0.4177 3.9151e+01  1020.7948    24.9951    20.7871     6.9826    213.764    6.90336  211.33959    101.147 -9.990e-29
   39.47548  -73.06794      1.849      1.834    24.9956    31.6161 -9.990e-29     0.4177 3.9151e+01  1020.7941    24.9952    20.7871     6.9821    213.751    6.90335  211.33932    101.141 -9.990e-29
   39.47548  -73.06794      1.850      1.836    24.9954    31.6161 -9.990e-29     0.4177 3.8821e+01  1020.7960    24.9950    20.7878     6.9820    213.746    6.90335  211.33945    101.139 -9.990e-29
   39.47548  -73.06794      1.849      1.834    24.9955    31.6169 -9.990e-29     0.4177 3.8494e+01  1020.7965    24.9951    20.7884     6.9816    213.734    6.90337  211.34000    101.133 -9.990e-29
   39.47548  -73.06794      1.838      1.824    24.9956    31.6169 -9.990e-29     0.3908 3.8494e+01  1020.7966    24.9952    20.7885     6.9811    213.721    6.90334  211.33893    101.127 -9.990e-29
   39.47548  -73.06794      1.849      1.834    24.9957    31.6169 -9.990e-29     0.3774 3.8712e+01  1020.7964    24.9953    20.7883     6.9810    213.716    6.90335  211.33933    101.125 -9.990e-29
   39.47548  -73.06794      1.838      1.824    24.9956    31.6159 -9.990e-29     0.3774 3.8821e+01  1020.7959    24.9952    20.7874     6.9809    213.713    6.90339  211.34087    101.123 -9.990e-29
   39.47548  -73.06794      1.838      1.824    24.9958    31.6159 -9.990e-29     0.3774 3.8821e+01  1020.7932    24.9954    20.7868     6.9807    213.708    6.90335  211.33934    101.121 -9.990e-29
   39.47548  -73.06794      1.838      1.824    24.9959    31.6159 -9.990e-29     0.3774 3.9373e+01  1020.7952    24.9955    20.7873     6.9803    213.695    6.90331  211.33824    101.115 -9.990e-29
   39.47548  -73.06794      1.828      1.814    24.9958    31.6169 -9.990e-29     0.3774 4.0158e+01  1020.7965    24.9954    20.7882     6.9799    213.684    6.90333  211.33870    101.110 -9.990e-29
   39.47548  -73.06794      1.850      1.836    24.9959    31.6173 -9.990e-29     0.3774 4.0272e+01  1020.7965    24.9955    20.7885     6.9798    213.680    6.90333  211.33879    101.108 -9.990e-29
   39.47548  -73.06794      1.838      1.824    24.9959    31.6173 -9.990e-29     0.3774 4.0614e+01  1020.7965    24.9955    20.7885     6.9797    213.676    6.90331  211.33822    101.106 -9.990e-29
   39.47548  -73.06794      1.849      1.834    24.9963    31.6173 -9.990e-29     0.3774 4.1424e+01  1020.7962    24.9959    20.7885     6.9798    213.680    6.90330  211.33794    101.108 -9.990e-29
   39.47548  -73.06794      1.849      1.834    24.9963    31.6174 -9.990e-29     0.3774 4.1541e+01  1020.7964    24.9959    20.7885     6.9844    213.820    6.90332  211.33837    101.174 -9.990e-29
   39.47548  -73.06794      1.858      1.844    24.9963    31.6175 -9.990e-29     0.3774 4.1776e+01  1020.7966    24.9959    20.7885     6.9848    213.833    6.90332  211.33845    101.180 -9.990e-29
   39.47548  -73.06794      1.849      1.834    24.9966    31.6175 -9.990e-29     0.3774 4.2131e+01  1020.7962    24.9962    20.7884     6.9850    213.838    6.90333  211.33869    101.183 -9.990e-29
   39.47548  -73.06794      1.869      1.855    24.9965    31.6175 -9.990e-29     0.3774 4.2370e+01  1020.7963    24.9961    20.7884     6.9852    213.844    6.90333  211.33879    101.185 -9.990e-29
   39.47548  -73.06794      1.869      1.855    24.9968    31.6175 -9.990e-29     0.3774 4.2131e+01  1020.7965    24.9964    20.7884     6.9809    213.714    6.90334  211.33910    101.124 -9.990e-29
   39.47548  -73.06794      1.880      1.866    24.9970    31.6175 -9.990e-29     0.3774 4.0272e+01  1020.7962    24.9966    20.7884     6.9858    213.863    6.90333  211.33887    101.194 -9.990e-29
   39.47548  -73.06794      1.879      1.864    24.9970    31.6175 -9.990e-29     0.3774 3.9484e+01  1020.7966    24.9966    20.7884     6.9816    213.734    6.90333  211.33873    101.134 -9.990e-29
   39.47548  -73.06794      1.888      1.874    24.9972    31.6175 -9.990e-29     0.3774 3.9373e+01  1020.7964    24.9968    20.7883     6.9818    213.741    6.90334  211.33911    101.137 -9.990e-29
   39.47548  -73.06794      1.899      1.885    24.9974    31.6173 -9.990e-29     0.3774 3.8494e+01  1020.7961    24.9970    20.7881     6.9821    213.750    6.90337  211.33984    101.141 -9.990e-29
   39.47548  -73.06794      1.909      1.894    24.9975    31.6172 -9.990e-29     0.3774 3.8062e+01  1020.7961    24.9971    20.7880     6.9870    213.900    6.90335  211.33931    101.212 -9.990e-29
   39.47548  -73.06794      1.909      1.894    24.9976    31.6171 -9.990e-29     0.3774 3.7955e+01  1020.7962    24.9971    20.7879     6.9875    213.916    6.90334  211.33924    101.219 -9.990e-29
   39.47548  -73.06794      1.930      1.915    24.9975    31.6170 -9.990e-29     0.3774 3.6897e+01  1020.7959    24.9971    20.7878     6.9880    213.932    6.90334  211.33906    101.227 -9.990e-29
   39.47548  -73.06794      1.930      1.915    24.9974    31.6170 -9.990e-29     0.3774 3.8277e+01  1020.7960    24.9970    20.7878     6.9839    213.806    6.90333  211.33875    101.167 -9.990e-29
   39.47548  -73.06794      1.941      1.926    24.9975    31.6170 -9.990e-29     0.3774 3.8277e+01  1020.7961    24.9971    20.7879     6.9888    213.957    6.90329  211.33751    101.239 -9.990e-29
   39.47548  -73.06794      1.949      1.934    24.9974    31.6172 -9.990e-29     0.3774 3.7529e+01  1020.7964    24.9970    20.7880     6.9892    213.967    6.90330  211.33794    101.244 -9.990e-29
   39.47548  -73.06794      1.969      1.954    24.9973    31.6172 -9.990e-29     0.3774 3.6898e+01  1020.7964    24.9969    20.7880     6.9895    213.976    6.90329  211.33756    101.248 -9.990e-29
   39.47548  -73.06794      1.960      1.945    24.9974    31.6172 -9.990e-29     0.3774 3.6691e+01  1020.7963    24.9970    20.7880     6.9898    213.985    6.90327  211.33682    101.253 -9.990e-29
   39.47546  -73.06794      1.990      1.975    24.9976    31.6171 -9.990e-29     0.3774 3.7107e+01  1020.7964    24.9971    20.7879     6.9900    213.993    6.90323  211.33555    101.258 -9.990e-29
   39.47546  -73.06794      1.980      1.965    24.9979    31.6171 -9.990e-29     0.3774 3.7529e+01  1020.7960    24.9975    20.7878     6.9906    214.010    6.90322  211.33524    101.266 -9.990e-29
   39.47546  -73.06794      2.000      1.984    24.9977    31.6171 -9.990e-29     0.3774 3.7635e+01  1020.7963    24.9973    20.7878     6.9909    214.019    6.90317  211.33390    101.270 -9.990e-29
   39.47546  -73.06794      2.011      1.995    24.9977    31.6172 -9.990e-29     0.3774 3.7423e+01  1020.7965    24.9973    20.7879     6.9912    214.028    6.90315  211.33328    101.275 -9.990e-29
   39.47546  -73.06794      2.011      1.995    24.9977    31.6172 -9.990e-29     0.3774 3.5769e+01  1020.7964    24.9973    20.7879     6.9915    214.038    6.90315  211.33324    101.280 -9.990e-29
   39.47546  -73.06794      2.030      2.014    24.9977    31.6172 -9.990e-29     0.3774 3.6898e+01  1020.7967    24.9973    20.7879     6.9918    214.047    6.90311  211.33204    101.285 -9.990e-29
   39.47546  -73.06794      2.030      2.014    24.9979    31.6171 -9.990e-29     0.3774 3.6794e+01  1020.7964    24.9975    20.7877     6.9921    214.056    6.90308  211.33118    101.289 -9.990e-29
   39.47546  -73.06794      2.051      2.035    24.9981    31.6170 -9.990e-29     0.3774 3.6484e+01  1020.7961    24.9977    20.7876     6.9921    214.057    6.90305  211.33020    101.290 -9.990e-29
   39.47546  -73.06794      2.041      2.025    24.9977    31.6170 -9.990e-29     0.3774 3.6279e+01  1020.7965    24.9973    20.7877     6.9922    214.059    6.90306  211.33051    101.291 -9.990e-29
   39.47546  -73.06794      2.062      2.046    24.9977    31.6170 -9.990e-29     0.3774 3.6279e+01  1020.7967    24.9973    20.7878     6.9969    214.204    6.90308  211.33150    101.359 -9.990e-29
   39.47546  -73.06794      2.071      2.055    24.9977    31.6169 -9.990e-29     0.3774 3.6177e+01  1020.7964    24.9973    20.7877     6.9973    214.217    6.90321  211.33590    101.363 -9.990e-29
   39.47546  -73.06794      2.071      2.055    24.9976    31.6169 -9.990e-29     0.3774 3.6177e+01  1020.7966    24.9971    20.7877     6.9975    214.221    6.90311  211.33221    101.367 -9.990e-29
   39.47546  -73.06794      2.071      2.055    24.9977    31.6169 -9.990e-29     0.3774 3.6075e+01  1020.7963    24.9973    20.7877     6.9975    214.221    6.90313  211.33265    101.367 -9.990e-29
   39.47546  -73.06794      2.092      2.076    24.9976    31.6170 -9.990e-29     0.3774 3.5469e+01  1020.7968    24.9971    20.7878     6.9977    214.227    6.90311  211.33220    101.370 -9.990e-29
   39.47546  -73.06794      2.092      2.076    24.9974    31.6171 -9.990e-29     0.3774 3.5071e+01  1020.7969    24.9969    20.7879     6.9976    214.225    6.90313  211.33262    101.369 -9.990e-29
   39.47546  -73.06794      2.101      2.085    24.9973    31.6171 -9.990e-29     0.3774 3.4972e+01  1020.7968    24.9969    20.7880     6.9977    214.228    6.90309  211.33143    101.371 -9.990e-29
   39.47546  -73.06794      2.112      2.096    24.9972    31.6172 -9.990e-29     0.3774 3.4287e+01  1020.7972    24.9967    20.7881     6.9979    214.234    6.90314  211.33291    101.373 -9.990e-29
   39.47546  -73.06794      2.111      2.095    24.9972    31.6172 -9.990e-29     0.3774 3.2680e+01  1020.7970    24.9967    20.7881     6.9980    214.237    6.90312  211.33241    101.374 -9.990e-29
   39.47546  -73.06794      2.132      2.115    24.9972    31.6173 -9.990e-29     0.3774 3.3711e+01  1020.7972    24.9967    20.7882     6.9981    214.241    6.90317  211.33410    101.376 -9.990e-29
   39.47546  -73.06794      2.132      2.115    24.9972    31.6174 -9.990e-29     0.3774 3.3807e+01  1020.7974    24.9967    20.7882     7.0028    214.385    6.90316  211.33379    101.444 -9.990e-29
   39.47546  -73.06794      2.141      2.125    24.9972    31.6174 -9.990e-29     0.3774 3.3807e+01  1020.7973    24.9967    20.7882     6.9986    214.254    6.90322  211.33541    101.381 -9.990e-29
