CalculateIndicators/WaterTemperature/Data/CTD_NYOS/202200728_C15.cnv
* Sea-Bird SBE 9 Data File:
* FileName = C:\Seabird 9 CTD\Data\2022\202207_offshore\202200728_C15.hex
* Software Version Seasave V 7.23.2
* Temperature SN = 4590
* Conductivity SN = 3228
* Number of Bytes Per Scan = 44
* Number of Voltage Words = 5
* Number of Scans Averaged by the Deck Unit = 1
* NMEA Latitude = 40 40.36 N
* NMEA Longitude = 072 49.31 W
* NMEA UTC (Time) = Dec 12 2002  18:46:52
* NMEA baud rate = 4800
** Ship: seawolf
** Station: 4.1
** Operator: TCM
# nquan = 18
# nvalues = 9038                        
# units = specified
# name 0 = latitude: Latitude [deg]
# name 1 = longitude: Longitude [deg]
# name 2 = prDM: Pressure, Digiquartz [db]
# name 3 = depSM: Depth [salt water, m]
# name 4 = t090C: Temperature [ITS-90, deg C]
# name 5 = sal00: Salinity, Practical [PSU]
# name 6 = ph: pH
# name 7 = flECO-AFL: Fluorescence, WET Labs ECO-AFL/FL [mg/m^3]
# name 8 = cpar: CPAR/Corrected Irradiance [%]
# name 9 = density00: Density [density, kg/m^3]
# name 10 = potemp090C: Potential Temperature [ITS-90, deg C]
# name 11 = sigma-é00: Density [sigma-theta, kg/m^3]
# name 12 = sbeox0Mg/L: Oxygen, SBE 43 [mg/l]
# name 13 = sbox0Mm/Kg: Oxygen, SBE 43 [umol/kg]
# name 14 = oxsolMg/L: Oxygen Saturation, Garcia & Gordon [mg/l]
# name 15 = oxsolMm/Kg: Oxygen Saturation, Garcia & Gordon [umol/kg]
# name 16 = sbeox0PS: Oxygen, SBE 43 [% saturation]
# name 17 = flag:  0.000e+00
# span 0 =   40.67266,   40.67288       
# span 1 =  -72.82286,  -72.82182       
# span 2 =      2.063,     24.252       
# span 3 =      2.047,     24.063       
# span 4 =    12.6760,    21.5802       
# span 5 =    31.4819,    32.5454       
# span 6 =      7.986,      8.141       
# span 7 =     0.7535,     2.4458       
# span 8 = 2.9143e-01, 6.1098e+01       
# span 9 =  1021.6541,  1024.6559       
# span 10 =    12.6728,    21.5797      
# span 11 =    21.6881,    24.5467      
# span 12 =     7.5868,     9.0879      
# span 13 =    231.418,    277.802      
# span 14 =    7.33229,    8.66049      
# span 15 =  224.25627,  264.16065      
# span 16 =     87.748,    120.977      
# span 17 = 0.0000e+00, 0.0000e+00      
# interval = seconds: 0.0416667
# start_time = Jul 28 2022 18:46:51 [System UTC, first data scan.]
# bad_flag = -9.990e-29
*END*
[from data line 6433]
   40.67286  -72.82260      2.408      2.390    21.4001    31.6585      8.129     0.8341 3.6427e+01  1021.8555    21.3996    21.8444     8.6606    264.858    7.36345  225.18865    117.616 -9.990e-29
   40.67286  -72.82260      2.418      2.399    21.4018    31.6585      8.129     0.8341 3.5293e+01  1021.8569    21.4014    21.8455     8.6609    264.869    7.36404  225.20750    117.611 -9.990e-29
   40.67286  -72.82260      2.427      2.409    21.4091    31.6585      8.129     0.8475 3.4914e+01  1021.8573    21.4086    21.8438     8.6565    264.736    7.36487  225.23328    117.538 -9.990e-29
   40.67286  -72.82260      2.427      2.409    21.4197    31.6551      8.129     0.8475 3.3907e+01  1021.8504    21.4192    21.8379     8.6620    264.902    7.36548  225.25213    117.603 -9.990e-29
   40.67286  -72.82260      2.448      2.429    21.4241    31.6465      8.129     0.8475 3.1443e+01  1021.8364    21.4236    21.8312     8.6571    264.752    7.36586  225.26405    117.530 -9.990e-29
   40.67286  -72.82260      2.438      2.420    21.4084    31.6440      8.129     0.8341 3.0621e+01  1021.8380    21.4079    21.8301     8.6627    264.921    7.36680  225.29082    117.591 -9.990e-29
   40.67286  -72.82260      2.459      2.440    21.3929    31.6440      8.129     0.8475 3.0500e+01  1021.8457    21.3924    21.8333     8.6630    264.928    7.36726  225.30251    117.588 -9.990e-29
   40.67286  -72.82260      2.469      2.450    21.3918    31.6440      8.134     0.8341 2.9906e+01  1021.8470    21.3913    21.8356     8.6624    264.909    7.36682  225.28868    117.586 -9.990e-29
   40.67286  -72.82260      2.478      2.459    21.3948    31.6445      8.129     0.8475 2.9620e+01  1021.8467    21.3943    21.8364     8.6566    264.732    7.36649  225.27881    117.513 -9.990e-29
   40.67286  -72.82260      2.478      2.459    21.3958    31.6445      8.129     0.8341 2.9703e+01  1021.8485    21.3954    21.8367     8.6553    264.694    7.36600  225.26518    117.503 -9.990e-29
   40.67286  -72.82260      2.489      2.470    21.3967    31.6445      8.129     0.8475 3.0465e+01  1021.8478    21.3962    21.8355     8.6545    264.672    7.36567  225.25562    117.498 -9.990e-29
   40.67286  -72.82260      2.499      2.480    21.3951    31.6401      8.129     0.8341 3.0860e+01  1021.8424    21.3947    21.8332     8.6589    264.803    7.36531  225.24428    117.563 -9.990e-29
   40.67286  -72.82260      2.499      2.480    21.3849    31.6356      8.129     0.8341 3.0947e+01  1021.8423    21.3844    21.8321     8.6535    264.638    7.36500  225.23489    117.494 -9.990e-29
   40.67286  -72.82260      2.519      2.500    21.3706    31.6307      8.130     0.8341 3.2009e+01  1021.8440    21.3701    21.8319     8.6537    264.646    7.36538  225.24730    117.491 -9.990e-29
   40.67286  -72.82260      2.519      2.500    21.3575    31.6255      8.130     0.8341 3.2645e+01  1021.8399    21.3571    21.8322     8.6553    264.693    7.36701  225.29578    117.487 -9.990e-29
   40.67286  -72.82260      2.519      2.500    21.3357    31.6255      8.130     0.8475 3.2699e+01  1021.8455    21.3352    21.8355     8.6566    264.731    7.36817  225.32969    117.486 -9.990e-29
   40.67286  -72.82260      2.540      2.520    21.3138    31.6255      8.130     0.8341 3.7006e+01  1021.8519    21.3134    21.8416     8.6570    264.741    7.36858  225.34019    117.485 -9.990e-29
   40.67286  -72.82260      2.540      2.520    21.2895    31.6274      8.130     0.8206 4.0604e+01  1021.8571    21.2890    21.8509     8.6565    264.723    7.36826  225.32901    117.483 -9.990e-29
   40.67282  -72.82264      2.550      2.530    21.2652    31.6406      8.130     0.8206 4.1295e+01  1021.8747    21.2648    21.8662     8.6502    264.532    7.36738  225.30293    117.412 -9.990e-29
   40.67282  -72.82264      2.559      2.540    21.2518    31.6614      8.130     0.8341 3.9701e+01  1021.8992    21.2513    21.8849     8.6539    264.648    7.36671  225.28306    117.474 -9.990e-29
   40.67282  -72.82264      2.559      2.540    21.2568    31.6764      8.130     0.8341 3.8276e+01  1021.9168    21.2563    21.8977     8.6531    264.625    7.36615  225.26697    117.472 -9.990e-29
   40.67282  -72.82264      2.570      2.550    21.2746    31.6764      8.130     0.8341 3.8061e+01  1021.9160    21.2741    21.8980     8.6529    264.620    7.36603  225.26531    117.470 -9.990e-29
   40.67282  -72.82264      2.580      2.560    21.2953    31.6764      8.130     0.8206 3.5180e+01  1021.8993    21.2949    21.8872     8.6531    264.628    7.36624  225.27264    117.470 -9.990e-29
   40.67282  -72.82264      2.580      2.560    21.3119    31.6640      8.130     0.8341 3.1261e+01  1021.8818    21.3115    21.8735     8.6530    264.624    7.36610  225.26828    117.470 -9.990e-29
   40.67282  -72.82264      2.590      2.570    21.3237    31.6549      8.130     0.8206 3.0224e+01  1021.8718    21.3232    21.8634     8.6524    264.606    7.36561  225.25358    117.470 -9.990e-29
   40.67282  -72.82264      2.590      2.570    21.3312    31.6509      8.130     0.8341 3.0224e+01  1021.8676    21.3307    21.8582     8.6526    264.609    7.36565  225.25383    117.472 -9.990e-29
   40.67282  -72.82264      2.601      2.580    21.3355    31.6494      8.130     0.8341 3.0139e+01  1021.8677    21.3350    21.8555     8.6530    264.623    7.36592  225.26088    117.474 -9.990e-29
   40.67282  -72.82264      2.601      2.580    21.3403    31.6467      8.130     0.8341 3.0054e+01  1021.8644    21.3398    21.8525     8.6586    264.793    7.36625  225.27073    117.544 -9.990e-29
   40.67282  -72.82264      2.610      2.590    21.3417    31.6423      8.130     0.8341 3.0566e+01  1021.8593    21.3412    21.8489     8.6547    264.674    7.36678  225.28654    117.483 -9.990e-29
   40.67282  -72.82264      2.610      2.590    21.3389    31.6382      8.130     0.8341 3.2425e+01  1021.8565    21.3384    21.8462     8.6602    264.842    7.36679  225.28677    117.558 -9.990e-29
   40.67282  -72.82264      2.610      2.590    21.3351    31.6356      8.130     0.8341 3.3162e+01  1021.8557    21.3346    21.8448     8.6599    264.833    7.36613  225.26790    117.564 -9.990e-29
   40.67282  -72.82264      2.620      2.600    21.3336    31.6342      8.130     0.8341 3.3069e+01  1021.8558    21.3331    21.8442     8.6600    264.838    7.36584  225.26016    117.570 -9.990e-29
   40.67282  -72.82264      2.620      2.600    21.3343    31.6329      8.130     0.8341 3.1972e+01  1021.8547    21.3338    21.8433     8.6553    264.696    7.36573  225.25731    117.508 -9.990e-29
   40.67282  -72.82264      2.631      2.610    21.3350    31.6329      8.130     0.8341 3.1437e+01  1021.8530    21.3345    21.8424     8.6657    265.013    7.36577  225.25870    117.648 -9.990e-29
   40.67282  -72.82264      2.621      2.601    21.3332    31.6329      8.130     0.8206 3.1349e+01  1021.8531    21.3327    21.8428     8.6613    264.878    7.36558  225.25225    117.592 -9.990e-29
   40.67282  -72.82264      2.631      2.610    21.3290    31.6331      8.130     0.8341 3.0480e+01  1021.8551    21.3285    21.8452     8.6613    264.876    7.36508  225.23608    117.599 -9.990e-29
   40.67282  -72.82264      2.620      2.600    21.3214    31.6367      8.130     0.8341 3.0054e+01  1021.8608    21.3209    21.8495     8.6656    265.008    7.36408  225.20523    117.674 -9.990e-29
   40.67282  -72.82264      2.631      2.610    21.3143    31.6407      8.130     0.8341 2.9970e+01  1021.8665    21.3138    21.8542     8.6652    264.995    7.36303  225.17384    117.685 -9.990e-29
   40.67282  -72.82264      2.631      2.610    21.3112    31.6454      8.130     0.8341 2.8571e+01  1021.8683    21.3107    21.8592     8.6650    264.992    7.36224  225.15055    117.696 -9.990e-29
   40.67282  -72.82264      2.631      2.610    21.3045    31.6529      8.130     0.8341 2.7545e+01  1021.8769    21.3040    21.8663     8.6650    264.994    7.36183  225.13920    117.702 -9.990e-29
   40.67282  -72.82264      2.620      2.600    21.2989    31.6577      8.130     0.8341 2.7391e+01  1021.8885    21.2984    21.8735     8.6656    265.013    7.36187  225.14121    117.710 -9.990e-29
   40.67282  -72.82264      2.631      2.610    21.2967    31.6577      8.130     0.8475 2.9386e+01  1021.8915    21.2962    21.8754     8.6668    265.050    7.36212  225.14855    117.722 -9.990e-29
   40.67286  -72.82260      2.620      2.600    21.3010    31.6609      8.130     0.8475 3.1437e+01  1021.8820    21.3005    21.8708     8.6676    265.073    7.36227  225.15423    117.729 -9.990e-29
   40.67286  -72.82260      2.620      2.600    21.3082    31.6617      8.130     0.8475 3.1972e+01  1021.8714    21.3077    21.8680     8.6686    265.107    7.36271  225.16812    117.737 -9.990e-29
   40.67286  -72.82260      2.620      2.600    21.3017    31.6617      8.130     0.8475 3.2334e+01  1021.8830    21.3012    21.8741     8.6699    265.145    7.36329  225.18571    117.745 -9.990e-29
   40.67286  -72.82260      2.621      2.601    21.2913    31.6622      8.130     0.8341 3.2976e+01  1021.9022    21.2908    21.8822     8.6717    265.199    7.36426  225.21519    117.753 -9.990e-29
   40.67286  -72.82260      2.610      2.590    21.3026    31.6622      8.130     0.8341 3.3201e+01  1021.8966    21.3021    21.8807     8.6787    265.412    7.36538  225.24884    117.830 -9.990e-29
   40.67286  -72.82260      2.610      2.590    21.3160    31.6622      8.130     0.8341 3.2554e+01  1021.8816    21.3155    21.8712     8.6811    265.487    7.36692  225.29742    117.838 -9.990e-29
   40.67286  -72.82260      2.601      2.580    21.3221    31.6517      8.130     0.8475 3.1385e+01  1021.8700    21.3216    21.8617     8.6809    265.485    7.37045  225.40860    117.779 -9.990e-29
   40.67286  -72.82260      2.601      2.580    21.3197    31.6444      8.130     0.8475 3.1070e+01  1021.8660    21.3192    21.8563     8.6934    265.869    7.37599  225.57907    117.860 -9.990e-29
   40.67286  -72.82260      2.590      2.570    21.3145    31.6402      8.130     0.8475 3.0983e+01  1021.8646    21.3140    21.8540     8.7013    266.101    7.38147  225.73844    117.880 -9.990e-29
   40.67286  -72.82260      2.590      2.570    21.3107    31.6402      8.130     0.8341 3.0672e+01  1021.8639    21.3102    21.8532     8.6995    266.040    7.38362  225.79903    117.821 -9.990e-29
   40.67286  -72.82260      2.580      2.560    21.3086    31.6402      8.130     0.8475 3.0535e+01  1021.8627    21.3081    21.8550     8.7014    266.097    7.38482  225.83522    117.828 -9.990e-29
   40.67286  -72.82260      2.570      2.550    21.2991    31.6440      8.130     0.8341 3.0657e+01  1021.8711    21.2986    21.8609     8.7028    266.139    7.38591  225.86741    117.830 -9.990e-29
   40.67286  -72.82260      2.570      2.550    21.2918    31.6513      8.130     0.8341 3.1215e+01  1021.8820    21.2913    21.8677     8.7036    266.163    7.38631  225.87814    117.835 -9.990e-29
   40.67286  -72.82260      2.550      2.530    21.2939    31.6522      8.130     0.8475 3.1553e+01  1021.8840    21.2934    21.8709     8.7091    266.327    7.38636  225.87845    117.907 -9.990e-29
   40.67286  -72.82260      2.550      2.530    21.2967    31.6522      8.130     0.8341 3.1627e+01  1021.8825    21.2963    21.8699     8.7047    266.195    7.38648  225.88183    117.847 -9.990e-29
   40.67286  -72.82260      2.540      2.520    21.3022    31.6522      8.130     0.8341 3.1970e+01  1021.8767    21.3017    21.8667     8.7050    266.203    7.38674  225.89029    117.846 -9.990e-29
   40.67286  -72.82260      2.529      2.510    21.3056    31.6510      8.130     0.8341 3.2135e+01  1021.8737    21.3051    21.8645     8.7103    266.366    7.38705  225.90007    117.913 -9.990e-29
   40.67286  -72.82260      2.529      2.510    21.3072    31.6506      8.130     0.8341 3.2302e+01  1021.8759    21.3067    21.8643     8.7057    266.224    7.38725  225.90612    117.847 -9.990e-29
   40.67286  -72.82260      2.508      2.489    21.3093    31.6506      8.130     0.8475 3.5626e+01  1021.8756    21.3088    21.8639     8.7110    266.388    7.38735  225.90916    117.918 -9.990e-29
   40.67286  -72.82260      2.510      2.490    21.3084    31.6510      8.130     0.8341 3.7990e+01  1021.8714    21.3079    21.8640     8.7111    266.390    7.38734  225.90883    117.919 -9.990e-29
   40.67286  -72.82260      2.499      2.480    21.2952    31.6513      8.130     0.8475 3.8402e+01  1021.8773    21.2947    21.8676     8.7111    266.390    7.38729  225.90722    117.920 -9.990e-29
   40.67286  -72.82260      2.489      2.470    21.2847    31.6571      8.130     0.8341 3.7321e+01  1021.8842    21.2842    21.8745     8.7111    266.390    7.38727  225.90633    117.921 -9.990e-29
   40.67286  -72.82260      2.489      2.470    21.2779    31.6649      8.130     0.8475 3.6373e+01  1021.8946    21.2774    21.8819     8.7116    266.404    7.38763  225.91668    117.921 -9.990e-29
   40.67286  -72.82260      2.480      2.460    21.2778    31.6683      8.130     0.8609 3.6212e+01  1021.9005    21.2774    21.8861     8.7120    266.415    7.38794  225.92563    117.921 -9.990e-29
   40.67282  -72.82266      2.469      2.450    21.2850    31.6683      8.130     0.8744 3.5053e+01  1021.8970    21.2846    21.8854     8.7070    266.262    7.38807  225.92939    117.852 -9.990e-29
   40.67282  -72.82266      2.469      2.450    21.2909    31.6683      8.130     0.8744 3.3417e+01  1021.8934    21.2905    21.8818     8.7062    266.237    7.38801  225.92768    117.842 -9.990e-29
   40.67282  -72.82266      2.459      2.440    21.2967    31.6630      8.130     0.8744 3.2990e+01  1021.8881    21.2963    21.8764     8.7109    266.381    7.38812  225.93085    117.904 -9.990e-29
   40.67282  -72.82266      2.459      2.440    21.3010    31.6562      8.130     0.8744 3.3645e+01  1021.8791    21.3005    21.8703     8.7059    266.229    7.38833  225.93684    117.833 -9.990e-29
   40.67282  -72.82266      2.448      2.429    21.3011    31.6521      8.134     0.8609 3.4702e+01  1021.8750    21.3007    21.8663     8.7055    266.217    7.38843  225.94021    117.826 -9.990e-29
   40.67282  -72.82266      2.448      2.429    21.3019    31.6521      8.130     0.8609 3.5053e+01  1021.8755    21.3014    21.8651     8.7050    266.201    7.38845  225.94137    117.818 -9.990e-29
   40.67282  -72.82266      2.448      2.429    21.3054    31.6521      8.130     0.8744 3.6052e+01  1021.8748    21.3050    21.8660     8.7044    266.185    7.38850  225.94318    117.811 -9.990e-29
   40.67282  -72.82266      2.438      2.420    21.3035    31.6555      8.130     0.8744 3.9069e+01  1021.8792    21.3030    21.8690     8.7042    266.178    7.38880  225.95237    117.803 -9.990e-29
   40.67282  -72.82266      2.438      2.420    21.2997    31.6593      8.130     0.8609 4.0022e+01  1021.8842    21.2993    21.8727     8.7042    266.178    7.38929  225.96776    117.795 -9.990e-29
   40.67282  -72.82266      2.427      2.409    21.2967    31.6609      8.130     0.8744 3.9259e+01  1021.8861    21.2963    21.8752     8.6995    266.035    7.39012  225.99399    117.718 -9.990e-29
   40.67282  -72.82266      2.438      2.420    21.2925    31.6609      8.130     0.8744 3.5537e+01  1021.8878    21.2921    21.8762     8.7001    266.052    7.39108  226.02240    117.711 -9.990e-29
   40.67282  -72.82266      2.427      2.409    21.2926    31.6609      8.130     0.8609 3.3989e+01  1021.8874    21.2922    21.8751     8.6990    266.020    7.39105  226.02106    117.697 -9.990e-29
   40.67282  -72.82266      2.438      2.420    21.2991    31.6575      8.130     0.8744 3.4195e+01  1021.8822    21.2986    21.8716     8.6978    265.985    7.39064  226.01200    117.686 -9.990e-29
