CalculateIndicators/WaterTemperature/Data/CTD_NYOS/202200727_C04.cnv
* Sea-Bird SBE 9 Data File:
* FileName = C:\Seabird 9 CTD\Data\2022\202207_offshore\202200727_C04.hex
* Software Version Seasave V 7.23.2
* Temperature SN = 4590
* Conductivity SN = 3228
* Number of Bytes Per Scan = 44
* Number of Voltage Words = 5
* Number of Scans Averaged by the Deck Unit = 1
* NMEA Latitude = 40 10.17 N
* NMEA Longitude = 073 19.22 W
* NMEA UTC (Time) = Dec 11 2002  02:32:05
* NMEA baud rate = 4800
** Ship: seawolf
** Station: 6.2
** Operator: TDK
# nquan = 18
# nvalues = 13572                       
# units = specified
# name 0 = latitude: Latitude [deg]
# name 1 = longitude: Longitude [deg]
# name 2 = prDM: Pressure, Digiquartz [db]
# name 3 = depSM: Depth [salt water, m]
# name 4 = t090C: Temperature [ITS-90, deg C]
# name 5 = sal00: Salinity, Practical [PSU]
# name 6 = ph: pH
# name 7 = flECO-AFL: Fluorescence, WET Labs ECO-AFL/FL [mg/m^3]
# name 8 = cpar: CPAR/Corrected Irradiance [%]
# name 9 = density00: Density [density, kg/m^3]
# name 10 = potemp090C: Potential Temperature [ITS-90, deg C]
# name 11 = sigma-é00: Density [sigma-theta, kg/m^3]
# name 12 = sbeox0Mg/L: Oxygen, SBE 43 [mg/l]
# name 13 = sbox0Mm/Kg: Oxygen, SBE 43 [umol/kg]
# name 14 = oxsolMg/L: Oxygen Saturation, Garcia & Gordon [mg/l]
# name 15 = oxsolMm/Kg: Oxygen Saturation, Garcia & Gordon [umol/kg]
# name 16 = sbeox0PS: Oxygen, SBE 43 [% saturation]
# name 17 = flag:  0.000e+00
# span 0 =   40.16960,   40.17002       
# span 1 =  -73.32048,  -73.31762       
# span 2 =      1.796,     37.698       
# span 3 =      1.782,     37.405       
# span 4 =     9.1783,    23.4091       
# span 5 =    31.2068,    32.6910       
# span 6 =      7.931,      8.110       
# span 7 =     0.1222,     2.2309       
# span 8 = 2.5320e-11, 9.9999e+04       
# span 9 =  1021.1767,  1025.4312       
# span 10 =     9.1745,    23.4086      
# span 11 =    21.1691,    25.2717      
# span 12 =     6.7535,     7.8726      
# span 13 =    206.612,    239.984      
# span 14 =    7.09080,    9.32795      
# span 15 =  216.95797,  284.32208      
# span 16 =     79.957,    104.720      
# span 17 = 0.0000e+00, 0.0000e+00      
# interval = seconds: 0.0416667
# start_time = Jul 27 2022 02:32:07 [System UTC, first data scan.]
# bad_flag = -9.990e-29
*END*
[from data line 8202]
 -9.990e-29  -73.31874     13.963     13.855    23.3921    31.7252 -9.990e-29     0.4849 5.0640e-11  1021.4009    23.3892    21.3410     7.0491    215.679    7.10110  217.27136     99.267 -9.990e-29
 -9.990e-29  -73.31876     13.985     13.877    23.3917    31.7252 -9.990e-29     0.4714 5.0640e-11  1021.4009    23.3889    21.3411     7.0488    215.670    7.10133  217.27822     99.260 -9.990e-29
 -9.990e-29  -73.31876     13.982     13.874    23.3912    31.7252 -9.990e-29     0.4714 5.0640e-11  1021.4010    23.3884    21.3413     7.0434    215.505    7.10132  217.27734     99.184 -9.990e-29
 -9.990e-29  -73.31876     14.015     13.907    23.3910    31.7257 -9.990e-29     0.4714 5.0640e-11  1021.4019    23.3882    21.3417     7.0470    215.615    7.10101  217.26782     99.239 -9.990e-29
 -9.990e-29  -73.31876     14.023     13.915    23.3911    31.7261 -9.990e-29     0.4714 5.0640e-11  1021.4022    23.3882    21.3420     7.0460    215.586    7.10067  217.25784     99.230 -9.990e-29
 -9.990e-29  -73.31876     14.045     13.937    23.3910    31.7264 -9.990e-29     0.4714 5.0640e-11  1021.4025    23.3882    21.3422     7.0451    215.559    7.10046  217.25189     99.221 -9.990e-29
 -9.990e-29  -73.31876     14.056     13.948    23.3912    31.7264 -9.990e-29     0.4849 5.0640e-11  1021.4026    23.3883    21.3423     7.0447    215.546    7.10040  217.25011     99.216 -9.990e-29
 -9.990e-29  -73.31876     14.084     13.975    23.3914    31.7264 -9.990e-29     0.4714 5.0640e-11  1021.4028    23.3885    21.3422     7.0443    215.533    7.10038  217.24911     99.210 -9.990e-29
 -9.990e-29  -73.31876     14.096     13.987    23.3917    31.7258 -9.990e-29     0.4849 5.0640e-11  1021.4025    23.3889    21.3416     7.0438    215.517    7.10025  217.24540     99.204 -9.990e-29
 -9.990e-29  -73.31876     14.104     13.995    23.3918    31.7253 -9.990e-29     0.4849 5.0640e-11  1021.4007    23.3889    21.3408     7.0433    215.503    7.10046  217.25169     99.195 -9.990e-29
 -9.990e-29  -73.31876     14.126     14.017    23.3919    31.7253 -9.990e-29     0.4714 5.0640e-11  1021.4005    23.3890    21.3406     7.0483    215.656    7.10105  217.26891     99.258 -9.990e-29
 -9.990e-29  -73.31876     14.145     14.036    23.3921    31.7253 -9.990e-29     0.4714 5.0640e-11  1021.4022    23.3892    21.3411     7.0435    215.506    7.10112  217.26990     99.188 -9.990e-29
 -9.990e-29  -73.31876     14.158     14.049    23.3925    31.7253 -9.990e-29     0.4714 5.0640e-11  1021.4023    23.3896    21.3413     7.0426    215.479    7.10077  217.25854     99.181 -9.990e-29
 -9.990e-29  -73.31876     14.177     14.068    23.3925    31.7253 -9.990e-29     0.4714 5.0640e-11  1021.4018    23.3896    21.3411     7.0417    215.451    7.10034  217.24581     99.174 -9.990e-29
 -9.990e-29  -73.31876     14.195     14.086    23.3914    31.7257 -9.990e-29     0.4714 5.0640e-11  1021.4016    23.3885    21.3412     7.0461    215.587    7.09992  217.23382     99.242 -9.990e-29
 -9.990e-29  -73.31876     14.207     14.098    23.3907    31.7257 -9.990e-29     0.4177 5.0640e-11  1021.4029    23.3878    21.3418     7.0410    215.431    7.09959  217.22459     99.174 -9.990e-29
 -9.990e-29  -73.31876     14.227     14.117    23.3905    31.7257 -9.990e-29     0.3774 5.0640e-11  1021.4035    23.3876    21.3423     7.0405    215.419    7.09940  217.21916     99.171 -9.990e-29
 -9.990e-29  -73.31876     14.239     14.129    23.3904    31.7257 -9.990e-29     0.3774 5.0640e-11  1021.4037    23.3875    21.3421     7.0406    215.419    7.09935  217.21808     99.172 -9.990e-29
 -9.990e-29  -73.31876     14.258     14.148    23.3905    31.7246 -9.990e-29     0.3774 5.0640e-11  1021.4030    23.3876    21.3412     7.0409    215.429    7.09957  217.22560     99.173 -9.990e-29
 -9.990e-29  -73.31876     14.276     14.166    23.3894    31.7220 -9.990e-29     0.3774 5.0640e-11  1021.4004    23.3865    21.3397     7.0463    215.597    7.10034  217.25022     99.239 -9.990e-29
 -9.990e-29  -73.31876     14.279     14.169    23.3855    31.7203 -9.990e-29     0.3774 5.0640e-11  1021.3992    23.3826    21.3390     7.0432    215.502    7.10186  217.29706     99.174 -9.990e-29
 -9.990e-29  -73.31876     14.297     14.187    23.3799    31.7203 -9.990e-29     0.3774 5.0640e-11  1021.4005    23.3770    21.3399     7.0452    215.562    7.10359  217.34965     99.178 -9.990e-29
 -9.990e-29  -73.31876     14.309     14.199    23.3744    31.7203 -9.990e-29     0.3774 5.0640e-11  1021.4032    23.3715    21.3422     7.0519    215.767    7.10525  217.39908     99.249 -9.990e-29
 -9.990e-29  -73.31876     14.330     14.219    23.3705    31.7223 -9.990e-29     0.3774 5.0640e-11  1021.4068    23.3676    21.3448     7.0488    215.672    7.10648  217.43573     99.189 -9.990e-29
 -9.990e-29  -73.31876     14.338     14.227    23.3683    31.7237 -9.990e-29     0.3774 5.0640e-11  1021.4088    23.3654    21.3468     7.0499    215.704    7.10739  217.46198     99.192 -9.990e-29
 -9.990e-29  -73.31876     14.350     14.240    23.3660    31.7243 -9.990e-29     0.3774 5.0640e-11  1021.4093    23.3631    21.3479     7.0508    215.729    7.10801  217.48009     99.195 -9.990e-29
 -9.990e-29  -73.31876     14.368     14.257    23.3633    31.7249 -9.990e-29     0.3774 5.0640e-11  1021.4105    23.3604    21.3490     7.0515    215.750    7.10854  217.49551     99.198 -9.990e-29
 -9.990e-29  -73.31876     14.370     14.259    23.3611    31.7257 -9.990e-29     0.3774 5.0640e-11  1021.4122    23.3582    21.3502     7.0523    215.775    7.10916  217.51294     99.201 -9.990e-29
 -9.990e-29  -73.31876     14.370     14.259    23.3597    31.7262 -9.990e-29     0.3774 5.0640e-11  1021.4129    23.3568    21.3511     7.0577    215.938    7.10949  217.52152     99.272 -9.990e-29
 -9.990e-29  -73.31876     14.399     14.288    23.3581    31.7266 -9.990e-29     0.3774 5.0640e-11  1021.4134    23.3552    21.3518     7.0579    215.944    7.10928  217.51449     99.278 -9.990e-29
 -9.990e-29  -73.31876     14.390     14.279    23.3565    31.7270 -9.990e-29     0.3774 5.0640e-11  1021.4144    23.3536    21.3526     7.0580    215.945    7.10892  217.50412     99.283 -9.990e-29
 -9.990e-29  -73.31876     14.408     14.297    23.3554    31.7273 -9.990e-29     0.3774 5.0640e-11  1021.4152    23.3525    21.3534     7.0530    215.792    7.10862  217.49539     99.217 -9.990e-29
 -9.990e-29  -73.31876     14.411     14.300    23.3547    31.7273 -9.990e-29     0.3774 5.0640e-11  1021.4161    23.3517    21.3539     7.0576    215.934    7.10829  217.48581     99.286 -9.990e-29
 -9.990e-29  -73.31876     14.421     14.309    23.3540    31.7273 -9.990e-29     0.3774 5.0640e-11  1021.4158    23.3510    21.3539     7.0578    215.941    7.10810  217.48031     99.292 -9.990e-29
 -9.990e-29  -73.31876     14.419     14.308    23.3511    31.7264 -9.990e-29     0.3774 5.0640e-11  1021.4149    23.3482    21.3539     7.0581    215.952    7.10804  217.47865     99.298 -9.990e-29
 -9.990e-29  -73.31876     14.421     14.309    23.3466    31.7258 -9.990e-29     0.3774 5.0640e-11  1021.4166    23.3437    21.3543     7.0581    215.950    7.10783  217.47249     99.300 -9.990e-29
 -9.990e-29  -73.31876     14.441     14.330    23.3447    31.7244 -9.990e-29     0.3774 5.0640e-11  1021.4174    23.3417    21.3541     7.0578    215.942    7.10748  217.46162     99.301 -9.990e-29
 -9.990e-29  -73.31876     14.438     14.327    23.3427    31.7212 -9.990e-29     0.3774 5.0640e-11  1021.4140    23.3398    21.3526     7.0577    215.940    7.10704  217.44835     99.306 -9.990e-29
 -9.990e-29  -73.31876     14.441     14.330    23.3366    31.7212 -9.990e-29     0.3774 5.0640e-11  1021.4116    23.3337    21.3525     7.0580    215.950    7.10695  217.44637     99.312 -9.990e-29
 -9.990e-29  -73.31876     14.438     14.327    23.3277    31.7212 -9.990e-29     0.3908 5.0640e-11  1021.4166    23.3248    21.3559     7.0582    215.956    7.10702  217.44824     99.314 -9.990e-29
 -9.990e-29  -73.31876     14.451     14.339    23.3227    31.7268 -9.990e-29     0.4043 5.0640e-11  1021.4239    23.3197    21.3616     7.0583    215.957    7.10694  217.44634     99.315 -9.990e-29
 -9.990e-29  -73.31876     14.441     14.330    23.3219    31.7336 -9.990e-29     0.4043 5.0640e-11  1021.4301    23.3190    21.3671     7.0587    215.970    7.10725  217.45626     99.317 -9.990e-29
 -9.990e-29  -73.31876     14.449     14.338    23.3237    31.7367 -9.990e-29     0.3908 5.0640e-11  1021.4345    23.3208    21.3704     7.0594    215.991    7.10779  217.47207     99.319 -9.990e-29
 -9.990e-29  -73.31876     14.462     14.350    23.3289    31.7367 -9.990e-29     0.3908 5.0640e-11  1021.4346    23.3260    21.3702     7.0600    216.007    7.10823  217.48376     99.321 -9.990e-29
 -9.990e-29  -73.31876     14.449     14.338    23.3355    31.7367 -9.990e-29     0.3908 5.0640e-11  1021.4288    23.3326    21.3665     7.0598    216.003    7.10804  217.47760     99.322 -9.990e-29
 -9.990e-29  -73.31876     14.451     14.339    23.3382    31.7320 -9.990e-29     0.3908 5.0640e-11  1021.4224    23.3353    21.3621     7.0597    215.999    7.10787  217.47221     99.322 -9.990e-29
 -9.990e-29  -73.31876     14.451     14.339    23.3368    31.7288 -9.990e-29     0.3908 5.0640e-11  1021.4206    23.3339    21.3597     7.0597    215.997    7.10779  217.46918     99.323 -9.990e-29
 -9.990e-29  -73.31876     14.449     14.338    23.3352    31.7288 -9.990e-29     0.3908 5.0640e-11  1021.4209    23.3323    21.3596     7.0593    215.985    7.10741  217.45740     99.323 -9.990e-29
 -9.990e-29  -73.31876     14.441     14.330    23.3325    31.7288 -9.990e-29     0.4043 5.0640e-11  1021.4224    23.3296    21.3607     7.0586    215.966    7.10682  217.44008     99.322 -9.990e-29
 -9.990e-29  -73.31874     14.451     14.339    23.3301    31.7299 -9.990e-29     0.4043 5.0640e-11  1021.4242    23.3272    21.3621     7.0581    215.950    7.10630  217.42515     99.321 -9.990e-29
 -9.990e-29  -73.31874     14.449     14.338    23.3296    31.7313 -9.990e-29     0.3908 5.0640e-11  1021.4258    23.3267    21.3632     7.0578    215.942    7.10605  217.41864     99.321 -9.990e-29
 -9.990e-29  -73.31874     14.441     14.330    23.3318    31.7313 -9.990e-29     0.3908 5.0640e-11  1021.4260    23.3288    21.3635     7.0574    215.931    7.10601  217.41794     99.316 -9.990e-29
 -9.990e-29  -73.31874     14.449     14.338    23.3345    31.7313 -9.990e-29     0.4043 5.0640e-11  1021.4251    23.3315    21.3626     7.0572    215.925    7.10589  217.41390     99.315 -9.990e-29
 -9.990e-29  -73.31874     14.432     14.320    23.3370    31.7308 -9.990e-29     0.3908 5.0640e-11  1021.4226    23.3340    21.3612     7.0568    215.913    7.10554  217.40334     99.314 -9.990e-29
 -9.990e-29  -73.31874     14.441     14.330    23.3379    31.7308 -9.990e-29     0.4043 5.0640e-11  1021.4215    23.3349    21.3605     7.0563    215.898    7.10517  217.39249     99.313 -9.990e-29
 -9.990e-29  -73.31874     14.438     14.327    23.3373    31.7308 -9.990e-29     0.3908 5.0640e-11  1021.4232    23.3344    21.3609     7.0561    215.892    7.10504  217.38897     99.311 -9.990e-29
 -9.990e-29  -73.31874     14.432     14.320    23.3382    31.7314 -9.990e-29     0.4043 5.0640e-11  1021.4233    23.3352    21.3615     7.0561    215.892    7.10512  217.39090     99.310 -9.990e-29
 -9.990e-29  -73.31874     14.429     14.318    23.3368    31.7324 -9.990e-29     0.4043 5.0640e-11  1021.4230    23.3339    21.3627     7.0557    215.879    7.10483  217.38139     99.309 -9.990e-29
 -9.990e-29  -73.31874     14.421     14.309    23.3309    31.7353 -9.990e-29     0.3908 5.0640e-11  1021.4274    23.3280    21.3659     7.0549    215.853    7.10416  217.36130     99.306 -9.990e-29
 -9.990e-29  -73.31874     14.432     14.320    23.3284    31.7394 -9.990e-29     0.3908 5.0640e-11  1021.4326    23.3255    21.3695     7.0592    215.987    7.10361  217.34475     99.375 -9.990e-29
 -9.990e-29  -73.31874     14.419     14.308    23.3300    31.7400 -9.990e-29     0.3908 5.0640e-11  1021.4349    23.3271    21.3714     7.0542    215.832    7.10324  217.33269     99.309 -9.990e-29
 -9.990e-29  -73.31874     14.421     14.309    23.3336    31.7400 -9.990e-29     0.4043 5.0640e-11  1021.4335    23.3307    21.3705     7.0530    215.793    7.10222  217.30060     99.306 -9.990e-29
 -9.990e-29  -73.31874     14.419     14.308    23.3380    31.7400 -9.990e-29     0.4043 5.0640e-11  1021.4297    23.3351    21.3678     7.0511    215.739    7.10072  217.25581     99.302 -9.990e-29
 -9.990e-29  -73.31874     14.411     14.300    23.3417    31.7371 -9.990e-29     0.3908 5.0640e-11  1021.4261    23.3388    21.3646     7.0503    215.715    7.09989  217.23140     99.302 -9.990e-29
 -9.990e-29  -73.31874     14.421     14.309    23.3441    31.7343 -9.990e-29     0.3774 5.0640e-11  1021.4236    23.3412    21.3619     7.0494    215.689    7.09925  217.21294     99.298 -9.990e-29
 -9.990e-29  -73.31874     14.408     14.297    23.3452    31.7309 -9.990e-29     0.3640 5.0640e-11  1021.4216    23.3423    21.3590     7.0486    215.665    7.09868  217.19620     99.295 -9.990e-29
 -9.990e-29  -73.31874     14.411     14.300    23.3454    31.7257 -9.990e-29     0.3640 5.0640e-11  1021.4173    23.3424    21.3553     7.0524    215.782    7.09795  217.17465     99.359 -9.990e-29
 -9.990e-29  -73.31874     14.421     14.309    23.3418    31.7194 -9.990e-29     0.3640 5.0640e-11  1021.4123    23.3389    21.3519     7.0518    215.763    7.09733  217.15619     99.359 -9.990e-29
 -9.990e-29  -73.31874     14.399     14.288    23.3316    31.7144 -9.990e-29     0.3774 5.0640e-11  1021.4106    23.3287    21.3506     7.0516    215.759    7.09691  217.14400     99.362 -9.990e-29
 -9.990e-29  -73.31874     14.411     14.300    23.3184    31.7144 -9.990e-29     0.3640 5.0640e-11  1021.4128    23.3155    21.3526     7.0467    215.607    7.09672  217.13862     99.294 -9.990e-29
 -9.990e-29  -73.31874     14.408     14.297    23.3043    31.7144 -9.990e-29     0.3640 5.0640e-11  1021.4188    23.3013    21.3572     7.0464    215.599    7.09673  217.13824     99.291 -9.990e-29
 -9.990e-29  -73.31874     14.411     14.300    23.2933    31.7169 -9.990e-29     0.3774 5.0640e-11  1021.4245    23.2903    21.3628     7.0460    215.585    7.09630  217.12502     99.291 -9.990e-29
 -9.990e-29  -73.31874     14.400     14.289    23.2844    31.7208 -9.990e-29     0.3640 5.0640e-11  1021.4306    23.2815    21.3682     7.0498    215.704    7.09571  217.10744     99.354 -9.990e-29
 -9.990e-29  -73.31872     14.408     14.297    23.2784    31.7247 -9.990e-29     0.3774 5.0640e-11  1021.4349    23.2755    21.3731     7.0494    215.690    7.09530  217.09535     99.353 -9.990e-29
 -9.990e-29  -73.31872     14.411     14.300    23.2730    31.7290 -9.990e-29     0.3640 5.0640e-11  1021.4390    23.2701    21.3782     7.0490    215.679    7.09500  217.08664     99.352 -9.990e-29
 -9.990e-29  -73.31872     14.399     14.288    23.2659    31.7349 -9.990e-29     0.3640 5.0640e-11  1021.4460    23.2629    21.3843     7.0487    215.669    7.09479  217.08053     99.350 -9.990e-29
 -9.990e-29  -73.31872     14.400     14.289    23.2603    31.7408 -9.990e-29     0.3640 5.0640e-11  1021.4541    23.2574    21.3899     7.0532    215.808    7.09459  217.07465     99.416 -9.990e-29
 -9.990e-29  -73.31872     14.411     14.300    23.2612    31.7419 -9.990e-29     0.3640 5.0640e-11  1021.4559    23.2583    21.3922     7.0486    215.666    7.09437  217.06822     99.354 -9.990e-29
 -9.990e-29  -73.31872     14.399     14.288    23.2646    31.7419 -9.990e-29     0.3640 5.0640e-11  1021.4535    23.2617    21.3914     7.0486    215.666    7.09425  217.06443     99.356 -9.990e-29
