CalculateIndicators/WaterTemperature/Data/CTD_NYOS/20220202_C04.cnv
* Sea-Bird SBE 9 Data File:
* FileName = C:\Seabird 9 CTD\Data\2022\202202_offshore\20220202_C04.hex
* Software Version Seasave V 7.23.2
* Temperature SN = 4590
* Conductivity SN = 3228
* Number of Bytes Per Scan = 44
* Number of Voltage Words = 5
* Number of Scans Averaged by the Deck Unit = 1
* NMEA Latitude = 40 06.15 N
* NMEA Longitude = 073 38.98 W
* NMEA UTC (Time) = Jun 19 2002  06:40:22
* NMEA baud rate = 4800
** Ship: rv seawolf
** Station: 7.2
** Operator: TCM
# nquan = 18
# nvalues = 13003                                 
# units = specified
# name 0 = latitude: Latitude [deg]
# name 1 = longitude: Longitude [deg]
# name 2 = prDM: Pressure, Digiquartz [db]
# name 3 = depSM: Depth [salt water, m]
# name 4 = t090C: Temperature [ITS-90, deg C]
# name 5 = sal00: Salinity, Practical [PSU]
# name 6 = ph: pH
# name 7 = flECO-AFL: Fluorescence, WET Labs ECO-AFL/FL [mg/m^3]
# name 8 = cpar: CPAR/Corrected Irradiance [%]
# name 9 = density00: Density [density, kg/m^3]
# name 10 = potemp090C: Potential Temperature [ITS-90, deg C]
# name 11 = sigma-é00: Density [sigma-theta, kg/m^3]
# name 12 = sbeox0Mg/L: Oxygen, SBE 43 [mg/l]
# name 13 = sbox0Mm/Kg: Oxygen, SBE 43 [umol/kg]
# name 14 = oxsolMg/L: Oxygen Saturation, Garcia & Gordon [mg/l]
# name 15 = oxsolMm/Kg: Oxygen Saturation, Garcia & Gordon [umol/kg]
# name 16 = sbeox0PS: Oxygen, SBE 43 [% saturation]
# name 17 = flag:  0.000e+00
# span 0 =   40.10186,   40.10256                 
# span 1 =  -73.65068,  -73.64966                 
# span 2 =      1.774,     34.896                 
# span 3 =      1.760,     34.625                 
# span 4 =     6.3276,     6.7688                 
# span 5 =    33.4485,    33.5887                 
# span 6 =      8.324,      8.335                 
# span 7 =     0.3774,     0.9952                 
# span 8 = 5.0640e-11, 9.9999e+04                 
# span 9 =  1026.2976,  1026.4988                 
# span 10 =     6.3273,     6.7658                
# span 11 =    26.2630,    26.3506                
# span 12 =     8.2279,     9.2927                
# span 13 =    250.529,    282.962                
# span 14 =    9.79023,    9.89912                
# span 15 =  298.09848,  301.42694                
# span 16 =     83.977,     93.963                
# span 17 = 0.0000e+00, 0.0000e+00                
# interval = seconds: 0.0416667
# start_time = Feb 02 2022 06:40:23 [System UTC, first data scan.]
# bad_flag = -9.990e-29
*END*
[from data line 4423]
   40.10244  -73.65010     33.926     33.663     6.7306    33.5750      8.329     0.4983 9.9999e+04  1026.4886     6.7276    26.3329     8.3104    253.042    9.79941  298.37860     84.806  0.000e+00
   40.10244  -73.65010     33.947     33.684     6.7308    33.5746      8.324     0.4849 9.9999e+04  1026.4884     6.7278    26.3326     8.2975    252.648    9.79939  298.37803     84.674  0.000e+00
   40.10244  -73.65010     33.947     33.684     6.7311    33.5754      8.329     0.4849 9.9999e+04  1026.4890     6.7281    26.3332     8.2963    252.612    9.79926  298.37403     84.663  0.000e+00
   40.10244  -73.65010     33.967     33.704     6.7316    33.5760      8.324     0.4849 9.9999e+04  1026.4894     6.7286    26.3335     8.2900    252.418    9.79912  298.36954     84.599  0.000e+00
   40.10244  -73.65010     33.977     33.714     6.7319    33.5772      8.324     0.4849 9.9999e+04  1026.4904     6.7289    26.3345     8.2837    252.226    9.79896  298.36450     84.536  0.000e+00
   40.10244  -73.65010     33.987     33.723     6.7334    33.5775      8.329     0.4849 9.9999e+04  1026.4905     6.7304    26.3345     8.2899    252.415    9.79862  298.35401     84.603  0.000e+00
   40.10244  -73.65010     33.998     33.734     6.7355    33.5773      8.324     0.4849 9.9999e+04  1026.4901     6.7325    26.3341     8.2953    252.581    9.79815  298.34008     84.662  0.000e+00
   40.10244  -73.65010     34.007     33.744     6.7371    33.5786      8.329     0.4849 9.9999e+04  1026.4909     6.7341    26.3349     8.3007    252.745    9.79771  298.32627     84.721  0.000e+00
   40.10244  -73.65010     34.018     33.755     6.7390    33.5791      8.329     0.4849 9.9999e+04  1026.4912     6.7360    26.3350     8.3001    252.727    9.79723  298.31166     84.719  0.000e+00
   40.10244  -73.65010     34.028     33.764     6.7401    33.5785      8.324     0.4849 5.0640e-11  1026.4905     6.7371    26.3344     8.3004    252.736    9.79702  298.30561     84.724  0.000e+00
   40.10244  -73.65010     34.038     33.774     6.7401    33.5791      8.329     0.4849 9.9999e+04  1026.4911     6.7371    26.3349     8.3075    252.952    9.79698  298.30411     84.797  0.000e+00
   40.10244  -73.65010     34.058     33.794     6.7419    33.5805      8.324     0.4849 9.9999e+04  1026.4921     6.7389    26.3358     8.2942    252.545    9.79648  298.28866     84.665  0.000e+00
   40.10242  -73.65008     34.058     33.794     6.7444    33.5810      8.329     0.4983 9.9999e+04  1026.4921     6.7414    26.3358     8.2793    252.091    9.79590  298.27104     84.518  0.000e+00
   40.10242  -73.65008     34.079     33.815     6.7457    33.5801      8.324     0.4849 9.9999e+04  1026.4913     6.7427    26.3350     8.2833    252.214    9.79567  298.26412     84.560  0.000e+00
   40.10242  -73.65008     34.069     33.805     6.7461    33.5779      8.329     0.4849 9.9999e+04  1026.4895     6.7431    26.3332     8.2749    251.959    9.79570  298.26566     84.475  0.000e+00
   40.10242  -73.65008     34.100     33.835     6.7452    33.5771      8.324     0.4849 9.9999e+04  1026.4891     6.7422    26.3327     8.2735    251.917    9.79597  298.27395     84.458  0.000e+00
   40.10242  -73.65008     34.109     33.845     6.7437    33.5784      8.324     0.4849 9.9999e+04  1026.4904     6.7407    26.3339     8.2729    251.898    9.79622  298.28119     84.450  0.000e+00
   40.10242  -73.65008     34.130     33.865     6.7440    33.5794      8.329     0.4849 9.9999e+04  1026.4912     6.7410    26.3346     8.2713    251.848    9.79608  298.27677     84.434  0.000e+00
   40.10242  -73.65008     34.140     33.875     6.7449    33.5793      8.324     0.4849 9.9999e+04  1026.4911     6.7418    26.3344     8.2696    251.799    9.79590  298.27147     84.419  0.000e+00
   40.10242  -73.65008     34.130     33.865     6.7447    33.5788      8.329     0.4849 9.9999e+04  1026.4907     6.7416    26.3340     8.2816    252.162    9.79598  298.27387     84.541  0.000e+00
   40.10242  -73.65008     34.160     33.895     6.7445    33.5789      8.329     0.4849 9.9999e+04  1026.4909     6.7415    26.3342     8.2809    252.142    9.79600  298.27457     84.533  0.000e+00
   40.10242  -73.65008     34.160     33.895     6.7447    33.5794      8.324     0.4446 9.9999e+04  1026.4913     6.7416    26.3345     8.2793    252.095    9.79594  298.27253     84.518  0.000e+00
   40.10242  -73.65008     34.170     33.905     6.7452    33.5787      8.324     0.4043 9.9999e+04  1026.4907     6.7422    26.3339     8.2711    251.843    9.79586  298.27039     84.434  0.000e+00
   40.10242  -73.65008     34.181     33.916     6.7452    33.5782      8.324     0.4043 9.9999e+04  1026.4904     6.7422    26.3335     8.2755    251.977    9.79590  298.27161     84.479  0.000e+00
   40.10242  -73.65008     34.191     33.926     6.7444    33.5781      8.329     0.4043 9.9999e+04  1026.4904     6.7414    26.3335     8.2755    251.978    9.79609  298.27739     84.478  0.000e+00
   40.10242  -73.65008     34.202     33.936     6.7449    33.5776      8.329     0.4043 9.9999e+04  1026.4900     6.7418    26.3331     8.2753    251.970    9.79601  298.27517     84.476  0.000e+00
   40.10242  -73.65008     34.211     33.946     6.7447    33.5781      8.324     0.4043 5.0640e-11  1026.4905     6.7416    26.3335     8.2751    251.966    9.79603  298.27547     84.474  0.000e+00
   40.10242  -73.65008     34.222     33.957     6.7450    33.5781      8.324     0.4043 9.9999e+04  1026.4905     6.7420    26.3334     8.2815    252.161    9.79595  298.27316     84.540  0.000e+00
   40.10242  -73.65008     34.221     33.956     6.7455    33.5780      8.324     0.4043 9.9999e+04  1026.4903     6.7425    26.3333     8.2753    251.971    9.79585  298.27016     84.477  0.000e+00
   40.10242  -73.65008     34.242     33.976     6.7455    33.5775      8.329     0.4043 9.9999e+04  1026.4901     6.7424    26.3329     8.2818    252.168    9.79588  298.27109     84.543  0.000e+00
   40.10242  -73.65008     34.242     33.976     6.7445    33.5767      8.324     0.4043 9.9999e+04  1026.4896     6.7415    26.3324     8.2825    252.190    9.79614  298.27935     84.548  0.000e+00
   40.10242  -73.65008     34.251     33.986     6.7429    33.5761      8.324     0.4043 9.9999e+04  1026.4894     6.7399    26.3322     8.2767    252.013    9.79655  298.29181     84.485  0.000e+00
   40.10242  -73.65008     34.262     33.997     6.7416    33.5755      8.324     0.4043 9.9999e+04  1026.4891     6.7386    26.3319     8.2693    251.790    9.79688  298.30195     84.408  0.000e+00
   40.10242  -73.65008     34.272     34.006     6.7409    33.5754      8.324     0.4043 9.9999e+04  1026.4891     6.7379    26.3319     8.2619    251.563    9.79704  298.30676     84.330  0.000e+00
   40.10242  -73.65008     34.283     34.017     6.7401    33.5767      8.329     0.4043 9.9999e+04  1026.4903     6.7371    26.3330     8.2463    251.090    9.79714  298.30952     84.171  0.000e+00
   40.10242  -73.65008     34.283     34.017     6.7398    33.5768      8.329     0.4043 9.9999e+04  1026.4905     6.7368    26.3331     8.2501    251.205    9.79720  298.31116     84.209  0.000e+00
   40.10244  -73.65010     34.304     34.038     6.7401    33.5770      8.329     0.4043 9.9999e+04  1026.4907     6.7371    26.3332     8.2553    251.363    9.79712  298.30878     84.263  0.000e+00
   40.10244  -73.65010     34.293     34.027     6.7407    33.5772      8.329     0.4177 9.9999e+04  1026.4907     6.7376    26.3333     8.2619    251.565    9.79699  298.30480     84.331  0.000e+00
   40.10244  -73.65010     34.313     34.047     6.7415    33.5775      8.324     0.4177 9.9999e+04  1026.4909     6.7384    26.3334     8.2634    251.610    9.79679  298.29859     84.348  0.000e+00
   40.10244  -73.65010     34.323     34.057     6.7413    33.5781      8.329     0.4043 9.9999e+04  1026.4915     6.7382    26.3339     8.2645    251.641    9.79679  298.29859     84.359  0.000e+00
   40.10244  -73.65010     34.323     34.057     6.7409    33.5777      8.329     0.4043 9.9999e+04  1026.4912     6.7379    26.3336     8.2590    251.476    9.79689  298.30182     84.302  0.000e+00
   40.10244  -73.65010     34.334     34.068     6.7408    33.5778      8.324     0.4043 9.9999e+04  1026.4913     6.7378    26.3338     8.2596    251.493    9.79692  298.30250     84.308  0.000e+00
   40.10244  -73.65010     34.334     34.068     6.7403    33.5789      8.329     0.4043 9.9999e+04  1026.4923     6.7373    26.3347     8.2603    251.513    9.79695  298.30338     84.315  0.000e+00
   40.10244  -73.65010     34.344     34.077     6.7408    33.5785      8.329     0.4043 9.9999e+04  1026.4919     6.7378    26.3343     8.2676    251.737    9.79687  298.30100     84.390  0.000e+00
   40.10244  -73.65010     34.353     34.087     6.7417    33.5779      8.324     0.4043 9.9999e+04  1026.4914     6.7387    26.3337     8.2683    251.758    9.79671  298.29615     84.399  0.000e+00
   40.10244  -73.65010     34.353     34.087     6.7419    33.5776      8.324     0.4043 9.9999e+04  1026.4911     6.7389    26.3334     8.2617    251.559    9.79667  298.29518     84.332  0.000e+00
   40.10244  -73.65010     34.364     34.098     6.7426    33.5775      8.329     0.4043 9.9999e+04  1026.4910     6.7395    26.3333     8.2611    251.540    9.79654  298.29108     84.327  0.000e+00
   40.10244  -73.65010     34.374     34.107     6.7419    33.5784      8.329     0.4043 9.9999e+04  1026.4918     6.7389    26.3341     8.2549    251.349    9.79662  298.29339     84.262  0.000e+00
   40.10244  -73.65010     34.384     34.117     6.7418    33.5786      8.324     0.3908 9.9999e+04  1026.4921     6.7387    26.3343     8.2613    251.544    9.79665  298.29414     84.327  0.000e+00
   40.10244  -73.65010     34.385     34.118     6.7423    33.5778      8.324     0.4043 9.9999e+04  1026.4914     6.7392    26.3336     8.2691    251.782    9.79658  298.29244     84.408  0.000e+00
   40.10244  -73.65010     34.384     34.117     6.7424    33.5781      8.324     0.4043 9.9999e+04  1026.4916     6.7394    26.3338     8.2762    252.000    9.79653  298.29071     84.481  0.000e+00
   40.10244  -73.65010     34.404     34.137     6.7428    33.5782      8.329     0.3908 9.9999e+04  1026.4917     6.7397    26.3338     8.2841    252.239    9.79645  298.28826     84.562  0.000e+00
   40.10244  -73.65010     34.406     34.139     6.7431    33.5785      8.329     0.3908 9.9999e+04  1026.4919     6.7401    26.3340     8.2852    252.273    9.79635  298.28533     84.574  0.000e+00
   40.10244  -73.65010     34.395     34.128     6.7430    33.5779      8.324     0.3908 9.9999e+04  1026.4914     6.7400    26.3336     8.2724    251.882    9.79640  298.28690     84.443  0.000e+00
   40.10244  -73.65010     34.415     34.148     6.7429    33.5772      8.324     0.4043 9.9999e+04  1026.4910     6.7399    26.3330     8.2788    252.078    9.79648  298.28941     84.508  0.000e+00
   40.10244  -73.65010     34.415     34.148     6.7424    33.5763      8.324     0.3908 9.9999e+04  1026.4903     6.7394    26.3324     8.2801    252.117    9.79665  298.29468     84.519  0.000e+00
   40.10244  -73.65010     34.415     34.148     6.7413    33.5758      8.329     0.3908 9.9999e+04  1026.4900     6.7382    26.3321     8.2822    252.181    9.79694  298.30368     84.539  0.000e+00
   40.10244  -73.65010     34.425     34.158     6.7402    33.5760      8.329     0.3908 9.9999e+04  1026.4904     6.7372    26.3325     8.2843    252.245    9.79716  298.31028     84.558  0.000e+00
   40.10244  -73.65010     34.415     34.148     6.7408    33.5762      8.324     0.4043 9.9999e+04  1026.4905     6.7378    26.3325     8.2860    252.299    9.79702  298.30592     84.577  0.000e+00
   40.10244  -73.65010     34.425     34.158     6.7416    33.5769      8.324     0.3908 9.9999e+04  1026.4909     6.7386    26.3329     8.2885    252.374    9.79679  298.29895     84.604  0.000e+00
   40.10244  -73.65010     34.434     34.167     6.7418    33.5782      8.324     0.3908 9.9999e+04  1026.4920     6.7387    26.3340     8.2897    252.409    9.79668  298.29511     84.617  0.000e+00
   40.10244  -73.65010     34.434     34.167     6.7419    33.5786      8.329     0.3908 9.9999e+04  1026.4923     6.7389    26.3343     8.2894    252.401    9.79660  298.29285     84.615  0.000e+00
   40.10244  -73.65010     34.425     34.158     6.7423    33.5789      8.324     0.3908 9.9999e+04  1026.4924     6.7392    26.3344     8.2898    252.412    9.79651  298.29006     84.620  0.000e+00
   40.10244  -73.65010     34.434     34.167     6.7428    33.5791      8.329     0.3908 9.9999e+04  1026.4926     6.7397    26.3346     8.2894    252.400    9.79639  298.28617     84.617  0.000e+00
   40.10244  -73.65010     34.434     34.167     6.7428    33.5791      8.329     0.4043 9.9999e+04  1026.4925     6.7397    26.3345     8.2824    252.187    9.79639  298.28632     84.545  0.000e+00
   40.10244  -73.65010     34.436     34.169     6.7426    33.5784      8.329     0.3908 9.9999e+04  1026.4920     6.7395    26.3340     8.2814    252.157    9.79648  298.28918     84.534  0.000e+00
   40.10244  -73.65010     34.445     34.178     6.7419    33.5772      8.324     0.4043 9.9999e+04  1026.4913     6.7389    26.3332     8.2805    252.129    9.79669  298.29589     84.523  0.000e+00
   40.10244  -73.65010     34.445     34.178     6.7408    33.5768      8.329     0.3908 9.9999e+04  1026.4910     6.7378    26.3330     8.2796    252.103    9.79698  298.30474     84.512  0.000e+00
   40.10244  -73.65010     34.434     34.167     6.7392    33.5768      8.324     0.4043 9.9999e+04  1026.4912     6.7361    26.3332     8.2802    252.122    9.79735  298.31582     84.515  0.000e+00
   40.10244  -73.65010     34.436     34.169     6.7379    33.5771      8.329     0.4043 9.9999e+04  1026.4917     6.7349    26.3336     8.2808    252.139    9.79762  298.32383     84.519  0.000e+00
   40.10244  -73.65010     34.434     34.167     6.7380    33.5773      8.324     0.4580 9.9999e+04  1026.4918     6.7350    26.3337     8.2745    251.946    9.79757  298.32256     84.454  0.000e+00
   40.10244  -73.65010     34.445     34.178     6.7388    33.5764      8.324     0.4983 5.0640e-11  1026.4910     6.7358    26.3329     8.2667    251.709    9.79745  298.31891     84.376  0.000e+00
   40.10244  -73.65010     34.436     34.169     6.7390    33.5761      8.329     0.4983 9.9999e+04  1026.4907     6.7360    26.3327     8.2657    251.680    9.79743  298.31831     84.366  0.000e+00
   40.10244  -73.65010     34.445     34.178     6.7387    33.5755      8.329     0.4849 9.9999e+04  1026.4903     6.7357    26.3322     8.2716    251.860    9.79754  298.32201     84.426  0.000e+00
   40.10244  -73.65010     34.434     34.167     6.7382    33.5751      8.324     0.4849 9.9999e+04  1026.4900     6.7352    26.3320     8.2716    251.861    9.79767  298.32605     84.425  0.000e+00
   40.10244  -73.65010     34.436     34.169     6.7377    33.5754      8.329     0.4849 5.0640e-11  1026.4903     6.7347    26.3323     8.2717    251.862    9.79776  298.32875     84.424  0.000e+00
   40.10244  -73.65010     34.434     34.167     6.7380    33.5744      8.329     0.4849 9.9999e+04  1026.4895     6.7350    26.3315     8.2791    252.088    9.79776  298.32892     84.500  0.000e+00
   40.10244  -73.65010     34.434     34.167     6.7372    33.5747      8.324     0.4849 9.9999e+04  1026.4898     6.7342    26.3318     8.2801    252.117    9.79793  298.33378     84.508  0.000e+00
   40.10244  -73.65010     34.425     34.158     6.7371    33.5754      8.329     0.4849 9.9999e+04  1026.4904     6.7340    26.3324     8.2749    251.961    9.79791  298.33323     84.456  0.000e+00
