CalculateIndicators/WaterTemperature/Data/CTD_NYOS/202200726_C02.cnv
* Sea-Bird SBE 9 Data File:
* FileName = C:\Seabird 9 CTD\Data\2022\202207_offshore\202200726_C02.hex
* Software Version Seasave V 7.23.2
* Temperature SN = 4590
* Conductivity SN = 3228
* Number of Bytes Per Scan = 44
* Number of Voltage Words = 5
* Number of Scans Averaged by the Deck Unit = 1
* NMEA Latitude = 40 30.11 N
* NMEA Longitude = 073 47.17 W
* NMEA UTC (Time) = Dec 10 2002  20:20:46
* NMEA baud rate = 4800
** Ship: seawolf
** Station: 7.1
** Operator: TCM
# nquan = 18
# nvalues = 9797                        
# units = specified
# name 0 = latitude: Latitude [deg]
# name 1 = longitude: Longitude [deg]
# name 2 = prDM: Pressure, Digiquartz [db]
# name 3 = depSM: Depth [salt water, m]
# name 4 = t090C: Temperature [ITS-90, deg C]
# name 5 = sal00: Salinity, Practical [PSU]
# name 6 = ph: pH
# name 7 = flECO-AFL: Fluorescence, WET Labs ECO-AFL/FL [mg/m^3]
# name 8 = cpar: CPAR/Corrected Irradiance [%]
# name 9 = density00: Density [density, kg/m^3]
# name 10 = potemp090C: Potential Temperature [ITS-90, deg C]
# name 11 = sigma-é00: Density [sigma-theta, kg/m^3]
# name 12 = sbeox0Mg/L: Oxygen, SBE 43 [mg/l]
# name 13 = sbox0Mm/Kg: Oxygen, SBE 43 [umol/kg]
# name 14 = oxsolMg/L: Oxygen Saturation, Garcia & Gordon [mg/l]
# name 15 = oxsolMm/Kg: Oxygen Saturation, Garcia & Gordon [umol/kg]
# name 16 = sbeox0PS: Oxygen, SBE 43 [% saturation]
# name 17 = flag:  0.000e+00
# span 0 =   40.50182,   40.50360       
# span 1 =  -73.78628,  -73.78502       
# span 2 =      1.085,     19.615       
# span 3 =      1.077,     19.463       
# span 4 =    12.5002,    22.7578       
# span 5 =    29.7779,    32.1450       
# span 6 =      7.787,      8.292       
# span 7 =     0.6192,     7.8048       
# span 8 = 7.3507e-03, 8.7274e+01       
# span 9 =  1020.0542,  1024.3596       
# span 10 =    12.4976,    22.7575      
# span 11 =    20.0465,    24.2723      
# span 12 =     5.1152,     9.8427      
# span 13 =    156.105,    301.537      
# span 14 =    7.25491,    8.71395      
# span 15 =  222.26342,  265.86224      
# span 16 =     60.084,    135.642      
# span 17 = 0.0000e+00, 0.0000e+00      
# interval = seconds: 0.0416667
# start_time = Jul 26 2022 20:20:44 [System UTC, first data scan.]
# bad_flag = -9.990e-29
*END*
[from data line 7719]
   40.50322  -73.78530      2.405      2.387    22.7090    29.8307      8.287     7.0258 1.5819e+01  1020.1103    22.7085    20.1002     9.6611    295.966    7.25914  222.38147    133.089 -9.990e-29
   40.50322  -73.78530      2.394      2.376    22.7087    29.8308      8.292     7.0258 1.6089e+01  1020.1107    22.7082    20.1002     9.6617    295.984    7.25910  222.38039    133.098 -9.990e-29
   40.50322  -73.78530      2.394      2.376    22.7093    29.8308      8.287     7.0258 1.6363e+01  1020.1102    22.7088    20.1001     9.6625    296.006    7.25916  222.38225    133.107 -9.990e-29
   40.50322  -73.78530      2.375      2.357    22.7094    29.8310      8.292     7.0123 1.6409e+01  1020.1105    22.7089    20.1001     9.6632    296.029    7.25923  222.38424    133.116 -9.990e-29
   40.50328  -73.78534      2.375      2.357    22.7096    29.8310      8.292     7.0258 1.6688e+01  1020.1105    22.7091    20.1001     9.6688    296.202    7.25928  222.38577    133.193 -9.990e-29
   40.50328  -73.78534      2.364      2.346    22.7098    29.8310      8.292     7.0258 1.7068e+01  1020.1100    22.7094    20.1000     9.6696    296.224    7.25935  222.38779    133.202 -9.990e-29
   40.50328  -73.78534      2.354      2.336    22.7098    29.8310      8.292     7.0258 1.7164e+01  1020.1102    22.7093    20.1000     9.6705    296.253    7.25941  222.38924    133.214 -9.990e-29
   40.50328  -73.78534      2.354      2.336    22.7097    29.8311      8.292     7.0258 1.7310e+01  1020.1102    22.7092    20.1001     9.6712    296.275    7.25949  222.39163    133.222 -9.990e-29
   40.50328  -73.78534      2.345      2.327    22.7092    29.8312      8.292     7.0123 1.7704e+01  1020.1105    22.7088    20.1004     9.6719    296.294    7.25953  222.39281    133.230 -9.990e-29
   40.50328  -73.78534      2.345      2.327    22.7088    29.8315      8.292     6.9989 1.7804e+01  1020.1107    22.7083    20.1006     9.6728    296.321    7.25958  222.39442    133.241 -9.990e-29
   40.50328  -73.78534      2.334      2.316    22.7085    29.8318      8.287     6.9855 1.7854e+01  1020.1110    22.7081    20.1010     9.6733    296.338    7.25959  222.39470    133.249 -9.990e-29
   40.50328  -73.78534      2.324      2.306    22.7081    29.8320      8.287     6.9989 1.8056e+01  1020.1115    22.7076    20.1012     9.6689    296.201    7.25958  222.39410    133.188 -9.990e-29
   40.50328  -73.78534      2.334      2.316    22.7080    29.8322      8.287     6.9855 1.8214e+01  1020.1114    22.7075    20.1014     9.6740    296.358    7.25957  222.39377    133.258 -9.990e-29
   40.50328  -73.78534      2.314      2.297    22.7080    29.8324      8.287     6.9989 1.8214e+01  1020.1116    22.7075    20.1016     9.6741    296.362    7.25955  222.39318    133.260 -9.990e-29
   40.50328  -73.78534      2.324      2.306    22.7077    29.8326      8.287     6.9855 1.8163e+01  1020.1119    22.7073    20.1018     9.6693    296.214    7.25951  222.39209    133.194 -9.990e-29
   40.50328  -73.78534      2.313      2.295    22.7078    29.8328      8.292     6.9989 1.8112e+01  1020.1119    22.7073    20.1020     9.6690    296.207    7.25948  222.39122    133.192 -9.990e-29
   40.50328  -73.78534      2.303      2.286    22.7075    29.8331      8.287     6.9855 1.8061e+01  1020.1122    22.7071    20.1023     9.6691    296.209    7.25945  222.39046    133.193 -9.990e-29
   40.50328  -73.78534      2.313      2.295    22.7073    29.8331      8.292     6.9855 1.7709e+01  1020.1125    22.7068    20.1024     9.6737    296.351    7.25941  222.38913    133.258 -9.990e-29
   40.50328  -73.78534      2.314      2.297    22.7073    29.8331      8.292     6.9989 1.7560e+01  1020.1121    22.7069    20.1023     9.6689    296.202    7.25942  222.38952    133.191 -9.990e-29
   40.50328  -73.78534      2.303      2.286    22.7069    29.8330      8.287     6.9989 1.7511e+01  1020.1124    22.7065    20.1023     9.6688    296.202    7.25938  222.38844    133.191 -9.990e-29
   40.50328  -73.78534      2.313      2.295    22.7069    29.8330      8.292     6.9989 1.7169e+01  1020.1122    22.7065    20.1024     9.6685    296.192    7.25935  222.38745    133.187 -9.990e-29
   40.50328  -73.78534      2.313      2.295    22.7068    29.8330      8.287     6.9989 1.6977e+01  1020.1125    22.7064    20.1024     9.6682    296.182    7.25934  222.38703    133.183 -9.990e-29
   40.50328  -73.78534      2.305      2.287    22.7069    29.8330      8.292     6.9989 1.6930e+01  1020.1122    22.7065    20.1023     9.6681    296.180    7.25929  222.38560    133.183 -9.990e-29
   40.50328  -73.78534      2.303      2.286    22.7070    29.8329      8.292     6.9855 1.6787e+01  1020.1121    22.7066    20.1021     9.6678    296.169    7.25929  222.38582    133.178 -9.990e-29
   40.50328  -73.78534      2.313      2.295    22.7075    29.8327      8.287     6.9989 1.6646e+01  1020.1120    22.7070    20.1020     9.6674    296.157    7.25924  222.38436    133.173 -9.990e-29
   40.50328  -73.78534      2.303      2.286    22.7073    29.8324      8.292     6.9989 1.6651e+01  1020.1117    22.7069    20.1017     9.6673    296.154    7.25924  222.38421    133.172 -9.990e-29
   40.50328  -73.78534      2.303      2.286    22.7075    29.8321      8.292     6.9855 1.6604e+01  1020.1114    22.7070    20.1015     9.6669    296.141    7.25922  222.38373    133.167 -9.990e-29
   40.50328  -73.78534      2.305      2.287    22.7076    29.8320      8.292     6.9989 1.6511e+01  1020.1111    22.7072    20.1014     9.6618    295.985    7.25919  222.38275    133.097 -9.990e-29
   40.50324  -73.78528      2.303      2.286    22.7073    29.8320      8.292     6.9989 1.6511e+01  1020.1115    22.7069    20.1014     9.6663    296.123    7.25916  222.38183    133.160 -9.990e-29
   40.50324  -73.78528      2.303      2.286    22.7073    29.8319      8.292     6.9989 1.6465e+01  1020.1113    22.7068    20.1013     9.6658    296.110    7.25915  222.38181    133.154 -9.990e-29
   40.50324  -73.78528      2.303      2.286    22.7072    29.8317      8.292     6.9989 1.6418e+01  1020.1112    22.7067    20.1013     9.6653    296.094    7.25909  222.37997    133.148 -9.990e-29
   40.50324  -73.78528      2.294      2.276    22.7073    29.8316      8.292     6.9989 1.6372e+01  1020.1111    22.7068    20.1012     9.6648    296.077    7.25904  222.37850    133.141 -9.990e-29
   40.50324  -73.78528      2.294      2.276    22.7075    29.8314      8.292     6.9989 1.6326e+01  1020.1108    22.7071    20.1010     9.6642    296.060    7.25899  222.37698    133.134 -9.990e-29
   40.50324  -73.78528      2.294      2.276    22.7075    29.8313      8.287     7.0392 1.6280e+01  1020.1107    22.7070    20.1009     9.6636    296.042    7.25894  222.37550    133.127 -9.990e-29
   40.50324  -73.78528      2.294      2.276    22.7073    29.8313      8.292     7.0526 1.6331e+01  1020.1108    22.7069    20.1009     9.6631    296.025    7.25893  222.37528    133.120 -9.990e-29
   40.50324  -73.78528      2.283      2.265    22.7076    29.8311      8.292     7.0526 1.6331e+01  1020.1107    22.7072    20.1007     9.6628    296.017    7.25892  222.37505    133.116 -9.990e-29
   40.50324  -73.78528      2.283      2.265    22.7078    29.8306      8.292     7.0392 1.6377e+01  1020.1102    22.7074    20.1003     9.6622    295.999    7.25891  222.37474    133.108 -9.990e-29
   40.50324  -73.78528      2.264      2.246    22.7077    29.8305      8.287     7.0526 1.6377e+01  1020.1095    22.7073    20.1000     9.6619    295.988    7.25889  222.37411    133.104 -9.990e-29
   40.50324  -73.78528      2.264      2.246    22.7073    29.8305      8.287     7.0526 1.6423e+01  1020.1097    22.7068    20.1001     9.6616    295.982    7.25894  222.37573    133.100 -9.990e-29
   40.50324  -73.78528      2.253      2.235    22.7070    29.8305      8.287     7.0526 1.6563e+01  1020.1100    22.7066    20.1004     9.6613    295.971    7.25892  222.37503    133.095 -9.990e-29
   40.50324  -73.78528      2.243      2.226    22.7066    29.8310      8.287     7.0526 1.6656e+01  1020.1107    22.7061    20.1009     9.6610    295.962    7.25896  222.37643    133.091 -9.990e-29
   40.50324  -73.78528      2.243      2.226    22.7067    29.8313      8.287     7.0526 1.6703e+01  1020.1109    22.7062    20.1012     9.6558    295.803    7.25902  222.37799    133.018 -9.990e-29
   40.50324  -73.78528      2.224      2.207    22.7069    29.8313      8.287     7.0392 1.6940e+01  1020.1110    22.7065    20.1012     9.6552    295.783    7.25902  222.37790    133.009 -9.990e-29
   40.50324  -73.78528      2.233      2.216    22.7071    29.8313      8.287     7.0526 1.7035e+01  1020.1107    22.7066    20.1010     9.6546    295.764    7.25902  222.37799    133.001 -9.990e-29
   40.50324  -73.78528      2.213      2.196    22.7077    29.8310      8.287     7.0392 1.7083e+01  1020.1101    22.7073    20.1006     9.6589    295.896    7.25902  222.37794    133.060 -9.990e-29
   40.50324  -73.78528      2.213      2.196    22.7080    29.8305      8.287     7.0526 1.7277e+01  1020.1098    22.7076    20.1002     9.6587    295.893    7.25898  222.37664    133.059 -9.990e-29
   40.50324  -73.78528      2.202      2.185    22.7084    29.8301      8.287     7.0392 1.7472e+01  1020.1090    22.7080    20.0998     9.6536    295.736    7.25890  222.37425    132.990 -9.990e-29
   40.50324  -73.78528      2.194      2.177    22.7081    29.8300      8.287     7.0392 1.7472e+01  1020.1092    22.7077    20.0997     9.6533    295.725    7.25888  222.37331    132.986 -9.990e-29
   40.50324  -73.78528      2.192      2.175    22.7083    29.8300      8.287     7.0526 1.7670e+01  1020.1092    22.7078    20.0997     9.6528    295.711    7.25879  222.37072    132.981 -9.990e-29
   40.50324  -73.78528      2.183      2.166    22.7085    29.8300      8.287     7.0526 1.7920e+01  1020.1091    22.7081    20.0997     9.6476    295.550    7.25878  222.37057    132.909 -9.990e-29
   40.50324  -73.78528      2.172      2.155    22.7081    29.8300      8.287     7.0526 1.7971e+01  1020.1090    22.7077    20.0996     9.6519    295.683    7.25877  222.37024    132.969 -9.990e-29
   40.50324  -73.78528      2.162      2.145    22.7079    29.8300      8.287     7.0526 1.8180e+01  1020.1085    22.7075    20.0996     9.6515    295.672    7.25872  222.36880    132.965 -9.990e-29
   40.50328  -73.78534      2.152      2.136    22.7073    29.8300      8.287     7.0392 1.8380e+01  1020.1091    22.7068    20.1000     9.6463    295.513    7.25870  222.36825    132.893 -9.990e-29
   40.50328  -73.78534      2.152      2.136    22.7063    29.8309      8.287     7.0526 1.8489e+01  1020.1103    22.7059    20.1008     9.6510    295.655    7.25867  222.36740    132.958 -9.990e-29
   40.50328  -73.78534      2.132      2.115    22.7057    29.8316      8.287     7.0526 1.8594e+01  1020.1108    22.7053    20.1016     9.6462    295.507    7.25867  222.36733    132.892 -9.990e-29
   40.50328  -73.78534      2.132      2.115    22.7049    29.8320      8.287     7.0526 1.8804e+01  1020.1114    22.7045    20.1021     9.6460    295.502    7.25868  222.36742    132.889 -9.990e-29
   40.50328  -73.78534      2.122      2.106    22.7046    29.8322      8.287     7.0526 1.8910e+01  1020.1115    22.7042    20.1024     9.6459    295.499    7.25870  222.36798    132.888 -9.990e-29
   40.50328  -73.78534      2.102      2.085    22.7041    29.8325      8.287     7.0661 1.9017e+01  1020.1118    22.7036    20.1027     9.6458    295.495    7.25868  222.36737    132.886 -9.990e-29
   40.50328  -73.78534      2.102      2.085    22.7038    29.8329      8.287     7.0929 1.9395e+01  1020.1122    22.7034    20.1031     9.6458    295.495    7.25870  222.36789    132.885 -9.990e-29
   40.50328  -73.78534      2.091      2.074    22.7037    29.8332      8.287     7.0929 1.9560e+01  1020.1127    22.7033    20.1035     9.6457    295.493    7.25868  222.36743    132.885 -9.990e-29
   40.50328  -73.78534      2.081      2.065    22.7038    29.8332      8.292     7.0929 1.9670e+01  1020.1125    22.7034    20.1035     9.6454    295.484    7.25866  222.36686    132.881 -9.990e-29
   40.50328  -73.78534      2.060      2.044    22.7041    29.8332      8.287     7.0929 2.0460e+01  1020.1122    22.7036    20.1033     9.6455    295.486    7.25870  222.36776    132.882 -9.990e-29
   40.50328  -73.78534      2.071      2.055    22.7045    29.8328      8.287     7.0795 2.0808e+01  1020.1118    22.7041    20.1029     9.6456    295.489    7.25872  222.36850    132.883 -9.990e-29
   40.50328  -73.78534      2.051      2.035    22.7050    29.8325      8.287     7.0929 2.0867e+01  1020.1111    22.7046    20.1026     9.6405    295.332    7.25871  222.36809    132.812 -9.990e-29
   40.50328  -73.78534      2.051      2.035    22.7050    29.8325      8.287     7.0795 2.1584e+01  1020.1115    22.7046    20.1025     9.6450    295.471    7.25873  222.36864    132.874 -9.990e-29
   40.50328  -73.78534      2.030      2.014    22.7054    29.8323      8.287     7.0929 2.2006e+01  1020.1111    22.7050    20.1023     9.6448    295.466    7.25873  222.36865    132.872 -9.990e-29
   40.50328  -73.78534      2.041      2.025    22.7055    29.8321      8.287     7.0929 2.2137e+01  1020.1107    22.7051    20.1020     9.6450    295.472    7.25873  222.36872    132.875 -9.990e-29
   40.50328  -73.78534      2.030      2.015    22.7058    29.8320      8.287     7.0795 2.2317e+01  1020.1106    22.7054    20.1019     9.6450    295.470    7.25873  222.36858    132.874 -9.990e-29
   40.50328  -73.78534      2.041      2.025    22.7060    29.8320      8.287     7.0929 2.2570e+01  1020.1106    22.7056    20.1018     9.6449    295.469    7.25872  222.36852    132.873 -9.990e-29
   40.50328  -73.78534      2.021      2.005    22.7061    29.8319      8.287     7.0929 2.2634e+01  1020.1105    22.7057    20.1017     9.6498    295.619    7.25874  222.36896    132.941 -9.990e-29
   40.50328  -73.78534      2.041      2.025    22.7066    29.8318      8.292     7.0929 2.2443e+01  1020.1103    22.7061    20.1016     9.6501    295.628    7.25874  222.36881    132.945 -9.990e-29
   40.50328  -73.78534      2.030      2.015    22.7066    29.8317      8.292     7.0929 2.2317e+01  1020.1102    22.7062    20.1014     9.6504    295.637    7.25876  222.36960    132.949 -9.990e-29
   40.50328  -73.78534      2.041      2.025    22.7070    29.8315      8.292     7.0929 2.2317e+01  1020.1099    22.7066    20.1012     9.6507    295.647    7.25877  222.36989    132.953 -9.990e-29
   40.50328  -73.78534      2.041      2.025    22.7071    29.8314      8.292     7.0795 2.1944e+01  1020.1098    22.7067    20.1010     9.6510    295.656    7.25877  222.37013    132.957 -9.990e-29
   40.50328  -73.78534      2.041      2.025    22.7072    29.8313      8.292     7.0929 2.1395e+01  1020.1098    22.7068    20.1009     9.6562    295.815    7.25872  222.36901    133.029 -9.990e-29
   40.50328  -73.78534      2.051      2.035    22.7076    29.8311      8.292     7.0795 2.1216e+01  1020.1094    22.7072    20.1006     9.6565    295.825    7.25854  222.36385    133.037 -9.990e-29
   40.50328  -73.78534      2.060      2.045    22.7079    29.8309      8.287     7.0929 2.1037e+01  1020.1093    22.7075    20.1004     9.6565    295.826    7.25834  222.35805    133.040 -9.990e-29
   40.50328  -73.78534      2.060      2.045    22.7080    29.8306      8.292     7.0929 2.0454e+01  1020.1091    22.7076    20.1001     9.6567    295.832    7.25807  222.35029    133.048 -9.990e-29
   40.50328  -73.78534      2.081      2.065    22.7085    29.8304      8.292     7.0929 2.0282e+01  1020.1089    22.7081    20.0999     9.6570    295.842    7.25789  222.34493    133.055 -9.990e-29
