CalculateIndicators/WaterTemperature/Data/CTD_NYOS/202200728_C16.cnv
* Sea-Bird SBE 9 Data File:
* FileName = C:\Seabird 9 CTD\Data\2022\202207_offshore\202200728_C16.hex
* Software Version Seasave V 7.23.2
* Temperature SN = 4590
* Conductivity SN = 3228
* Number of Bytes Per Scan = 44
* Number of Voltage Words = 5
* Number of Scans Averaged by the Deck Unit = 1
* NMEA Latitude = 40 23.38 N
* NMEA Longitude = 072 42.75 W
* NMEA UTC (Time) = Dec 12 2002  21:52:29
* NMEA baud rate = 4800
** Ship: seawolf
** Station: 4.2
** Operator: TCM
# nquan = 18
# nvalues = 13629                       
# units = specified
# name 0 = latitude: Latitude [deg]
# name 1 = longitude: Longitude [deg]
# name 2 = prDM: Pressure, Digiquartz [db]
# name 3 = depSM: Depth [salt water, m]
# name 4 = t090C: Temperature [ITS-90, deg C]
# name 5 = sal00: Salinity, Practical [PSU]
# name 6 = ph: pH
# name 7 = flECO-AFL: Fluorescence, WET Labs ECO-AFL/FL [mg/m^3]
# name 8 = cpar: CPAR/Corrected Irradiance [%]
# name 9 = density00: Density [density, kg/m^3]
# name 10 = potemp090C: Potential Temperature [ITS-90, deg C]
# name 11 = sigma-é00: Density [sigma-theta, kg/m^3]
# name 12 = sbeox0Mg/L: Oxygen, SBE 43 [mg/l]
# name 13 = sbox0Mm/Kg: Oxygen, SBE 43 [umol/kg]
# name 14 = oxsolMg/L: Oxygen Saturation, Garcia & Gordon [mg/l]
# name 15 = oxsolMm/Kg: Oxygen Saturation, Garcia & Gordon [umol/kg]
# name 16 = sbeox0PS: Oxygen, SBE 43 [% saturation]
# name 17 = flag:  0.000e+00
# span 0 =   40.38972,   40.39096       
# span 1 =  -72.71270,  -72.71250       
# span 2 =      0.468,     46.312       
# span 3 =      0.465,     45.950       
# span 4 =     8.3259,    23.5841       
# span 5 =     3.4826,    32.9132       
# span 6 =      7.911,      8.243       
# span 7 =    -0.0121,     2.7950       
# span 8 = 6.3304e-03, 1.4005e+02       
# span 9 =   999.9141,  1025.7666       
# span 10 =     8.3215,    23.5840      
# span 11 =     0.0310,    25.5579      
# span 12 =     7.1725,    10.4108      
# span 13 =    218.560,    317.713      
# span 14 =    7.07023,    9.49351      
# span 15 =  216.33296,  289.28378      
# span 16 =     75.553,    126.150      
# span 17 = 0.0000e+00, 0.0000e+00      
# interval = seconds: 0.0416667
# start_time = Jul 28 2022 21:52:28 [System UTC, first data scan.]
# bad_flag = -9.990e-29
*END*
[from data line 1528]
   40.38986  -72.71264     19.478     19.327     8.8440    32.8581      7.966     0.5117 5.5392e-01  1025.5544     8.8420    25.4659     7.6852    234.198    9.41493  286.90977     81.628 -9.990e-29
   40.38986  -72.71264     19.478     19.327     8.8442    32.8558      7.966     0.5117 5.5392e-01  1025.5525     8.8422    25.4642     7.6823    234.110    9.41466  286.90114     81.600 -9.990e-29
   40.38986  -72.71264     19.478     19.327     8.8414    32.8539      7.966     0.5117 5.5392e-01  1025.5508     8.8394    25.4631     7.6861    234.225    9.41463  286.90071     81.640 -9.990e-29
   40.38986  -72.71264     19.486     19.335     8.8347    32.8530      7.966     0.5117 5.5392e-01  1025.5512     8.8327    25.4631     7.6843    234.171    9.41519  286.91807     81.616 0.0000e+00
   40.38986  -72.71264     19.497     19.346     8.8284    32.8529      7.966     0.5117 5.5392e-01  1025.5530     8.8264    25.4639     7.6883    234.294    9.41594  286.94126     81.652 -9.990e-29
   40.38986  -72.71264     19.497     19.346     8.8247    32.8529      7.966     0.5117 5.5392e-01  1025.5531     8.8227    25.4645     7.6924    234.417    9.41656  286.95996     81.690 -9.990e-29
   40.38986  -72.71264     19.488     19.337     8.8215    32.8529      7.966     0.5117 5.5392e-01  1025.5535     8.8195    25.4652     7.6895    234.329    9.41711  286.97628     81.654 -9.990e-29
   40.38986  -72.71264     19.508     19.357     8.8186    32.8535      7.966     0.5117 5.5392e-01  1025.5546     8.8166    25.4661     7.6928    234.430    9.41752  286.98863     81.686 -9.990e-29
   40.38986  -72.71264     19.486     19.335     8.8156    32.8542      7.966     0.5117 5.5234e-01  1025.5560     8.8136    25.4670     7.6900    234.343    9.41789  286.99966     81.653 -9.990e-29
   40.38986  -72.71264     19.508     19.357     8.8129    32.8544      7.966     0.5117 5.5234e-01  1025.5565     8.8109    25.4676     7.6932    234.441    9.41798  287.00206     81.686 -9.990e-29
   40.38986  -72.71264     19.508     19.357     8.8114    32.8544      7.966     0.5117 5.5234e-01  1025.5565     8.8094    25.4679     7.6893    234.321    9.41780  286.99646     81.646 -9.990e-29
   40.38986  -72.71264     19.508     19.357     8.8094    32.8546      7.966     0.5117 5.5234e-01  1025.5570     8.8074    25.4682     7.6846    234.181    9.41759  286.98996     81.599 -9.990e-29
   40.38986  -72.71264     19.516     19.365     8.8081    32.8549      7.966     0.5117 5.5234e-01  1025.5573     8.8061    25.4687     7.6864    234.234    9.41746  286.98629     81.618 -9.990e-29
   40.38986  -72.71264     19.508     19.357     8.8071    32.8554      7.966     0.5117 5.5234e-01  1025.5581     8.8051    25.4693     7.6882    234.289    9.41739  286.98434     81.638 -9.990e-29
   40.38986  -72.71264     19.508     19.357     8.8055    32.8554      7.966     0.5117 5.5365e-01  1025.5587     8.8035    25.4698     7.6903    234.352    9.41760  286.99102     81.658 -9.990e-29
   40.38986  -72.71264     19.529     19.378     8.8038    32.8554      7.966     0.5117 5.5365e-01  1025.5591     8.8018    25.4700     7.6864    234.236    9.41817  287.00861     81.613 -9.990e-29
   40.38986  -72.71264     19.526     19.375     8.8023    32.8552      7.966     0.5252 5.5365e-01  1025.5590     8.8003    25.4698     7.6888    234.307    9.41870  287.02492     81.633 -9.990e-29
   40.38986  -72.71264     19.529     19.378     8.8019    32.8542      7.966     0.5386 5.5207e-01  1025.5578     8.7999    25.4692     7.6918    234.401    9.41921  287.04008     81.661 0.0000e+00
   40.38986  -72.71264     19.548     19.397     8.8010    32.8534      7.966     0.5386 5.5207e-01  1025.5573     8.7990    25.4688     7.6878    234.278    9.41961  287.05203     81.615 -9.990e-29
   40.38986  -72.71264     19.548     19.397     8.7986    32.8532      7.966     0.5520 5.5339e-01  1025.5574     8.7966    25.4688     7.6830    234.131    9.41995  287.06211     81.561 -9.990e-29
   40.38986  -72.71264     19.556     19.405     8.7950    32.8529      7.966     0.5386 5.5181e-01  1025.5578     8.7930    25.4692     7.6850    234.190    9.42007  287.06547     81.581 0.0000e+00
   40.38986  -72.71264     19.569     19.417     8.7914    32.8529      7.966     0.5386 5.5181e-01  1025.5595     8.7894    25.4699     7.6864    234.232    9.41963  287.05140     81.599 0.0000e+00
   40.38986  -72.71264     19.589     19.438     8.7889    32.8528      7.966     0.5520 5.5181e-01  1025.5594     8.7869    25.4702     7.6803    234.047    9.41869  287.02275     81.543 0.0000e+00
   40.38986  -72.71264     19.599     19.447     8.7847    32.8519      7.966     0.5386 5.5023e-01  1025.5591     8.7827    25.4701     7.6749    233.883    9.41852  287.01821     81.487 0.0000e+00
   40.38986  -72.71264     19.607     19.455     8.7796    32.8519      7.966     0.5386 5.4866e-01  1025.5592     8.7776    25.4702     7.6684    233.686    9.41887  287.02894     81.416 0.0000e+00
   40.38986  -72.71264     19.620     19.468     8.7742    32.8519      7.966     0.5386 5.4997e-01  1025.5593     8.7722    25.4710     7.6756    233.906    9.41901  287.03341     81.491 0.0000e+00
   40.38986  -72.71264     19.629     19.477     8.7688    32.8528      7.966     0.5386 5.4840e-01  1025.5618     8.7668    25.4730     7.6704    233.748    9.41926  287.04125     81.434 0.0000e+00
   40.38984  -72.71258     19.661     19.509     8.7670    32.8550      7.966     0.5386 5.4527e-01  1025.5658     8.7649    25.4751     7.6637    233.542    9.41950  287.04853     81.360 -9.990e-29
   40.38984  -72.71258     19.658     19.506     8.7689    32.8550      7.966     0.5386 5.4657e-01  1025.5659     8.7668    25.4756     7.6638    233.545    9.41967  287.05405     81.359 -9.990e-29
   40.38984  -72.71258     19.680     19.528     8.7712    32.8551      7.966     0.5386 5.4501e-01  1025.5639     8.7692    25.4748     7.6577    233.361    9.42004  287.06568     81.292 0.0000e+00
   40.38984  -72.71258     19.701     19.548     8.7692    32.8555      7.966     0.5386 5.4320e-01  1025.5627     8.7672    25.4746     7.6582    233.375    9.42077  287.08826     81.290 0.0000e+00
   40.38984  -72.71258     19.711     19.558     8.7666    32.8550      7.966     0.5386 5.4320e-01  1025.5657     8.7646    25.4757     7.6592    233.406    9.42139  287.10658     81.296 0.0000e+00
   40.38984  -72.71258     19.730     19.577     8.7686    32.8546      7.966     0.5386 5.4295e-01  1025.5688     8.7666    25.4754     7.6526    233.204    9.42134  287.10426     81.226 0.0000e+00
   40.38984  -72.71258     19.742     19.589     8.7704    32.8503      7.966     0.5386 5.4116e-01  1025.5610     8.7684    25.4717     7.6445    232.955    9.42046  287.07662     81.147 0.0000e+00
   40.38984  -72.71258     19.772     19.619     8.7606    32.8475      7.966     0.5386 5.4223e-01  1025.5548     8.7586    25.4681     7.6431    232.915    9.41954  287.04865     81.141 0.0000e+00
   40.38984  -72.71258     19.790     19.637     8.7476    32.8475      7.966     0.5386 5.4355e-01  1025.5568     8.7456    25.4689     7.6361    232.700    9.41924  287.04014     81.069 0.0000e+00
   40.38984  -72.71258     19.803     19.649     8.7393    32.8475      7.966     0.5520 5.4309e-01  1025.5639     8.7373    25.4730     7.6295    232.501    9.41954  287.04985     80.997 0.0000e+00
   40.38984  -72.71258     19.833     19.679     8.7392    32.8481      7.966     0.5386 5.4286e-01  1025.5691     8.7371    25.4759     7.6286    232.472    9.42003  287.06539     80.982 0.0000e+00
   40.38984  -72.71258     19.854     19.700     8.7424    32.8486      7.966     0.5386 5.4576e-01  1025.5657     8.7404    25.4754     7.6214    232.253    9.42060  287.08311     80.901 0.0000e+00
   40.38984  -72.71258     19.872     19.718     8.7386    32.8500      7.966     0.5386 5.4397e-01  1025.5630     8.7366    25.4743     7.6211    232.244    9.42111  287.09855     80.893 0.0000e+00
   40.38984  -72.71258     19.894     19.740     8.7332    32.8500      7.966     0.5386 5.4087e-01  1025.5647     8.7312    25.4752     7.6143    232.039    9.42140  287.10691     80.820 0.0000e+00
   40.38984  -72.71258     19.914     19.760     8.7305    32.8486      7.966     0.5252 5.4087e-01  1025.5693     8.7284    25.4772     7.6137    232.018    9.42156  287.11157     80.811 0.0000e+00
   40.38984  -72.71258     19.943     19.789     8.7293    32.8486      7.966     0.5117 5.3778e-01  1025.5699     8.7273    25.4777     7.6061    231.786    9.42180  287.11873     80.728 0.0000e+00
   40.38984  -72.71258     19.956     19.801     8.7255    32.8483      7.966     0.5117 5.3339e-01  1025.5662     8.7235    25.4765     7.5983    231.549    9.42187  287.12079     80.645 0.0000e+00
   40.38984  -72.71258     19.975     19.820     8.7183    32.8471      7.966     0.5117 5.3339e-01  1025.5661     8.7163    25.4758     7.5968    231.503    9.42206  287.12649     80.627 0.0000e+00
   40.38984  -72.71258     20.005     19.850     8.7123    32.8471      7.962     0.5117 5.2904e-01  1025.5669     8.7102    25.4764     7.5891    231.268    9.42230  287.13391     80.544 0.0000e+00
   40.38984  -72.71258     20.034     19.879     8.7074    32.8471      7.967     0.5117 5.2753e-01  1025.5689     8.7053    25.4780     7.5813    231.032    9.42251  287.14016     80.460 0.0000e+00
   40.38984  -72.71258     20.046     19.891     8.7040    32.8490      7.967     0.5117 5.2624e-01  1025.5713     8.7019    25.4799     7.5805    231.006    9.42259  287.14279     80.450 0.0000e+00
   40.38984  -72.71258     20.077     19.921     8.7033    32.8505      7.962     0.5117 5.2195e-01  1025.5734     8.7013    25.4816     7.5728    230.773    9.42286  287.15091     80.367 0.0000e+00
   40.38984  -72.71258     20.095     19.939     8.7041    32.8505      7.962     0.5117 5.1897e-01  1025.5746     8.7021    25.4821     7.5720    230.748    9.42296  287.15358     80.357 0.0000e+00
   40.38984  -72.71258     20.118     19.962     8.7049    32.8505      7.962     0.5117 5.1748e-01  1025.5729     8.7029    25.4814     7.5642    230.509    9.42298  287.15427     80.274 0.0000e+00
   40.38984  -72.71258     20.137     19.981     8.7029    32.8489      7.962     0.5117 5.1600e-01  1025.5715     8.7009    25.4803     7.5565    230.277    9.42322  287.16134     80.191 0.0000e+00
   40.38984  -72.71258     20.166     20.010     8.6997    32.8483      7.962     0.5252 5.1327e-01  1025.5711     8.6976    25.4799     7.5549    230.225    9.42310  287.15750     80.174 0.0000e+00
   40.38984  -72.71258     20.179     20.022     8.6966    32.8483      7.962     0.5117 5.1180e-01  1025.5720     8.6945    25.4803     7.5469    229.982    9.42284  287.14956     80.091 0.0000e+00
   40.38984  -72.71258     20.199     20.043     8.6938    32.8483      7.962     0.5117 5.1034e-01  1025.5731     8.6918    25.4811     7.5390    229.742    9.42266  287.14429     80.009 0.0000e+00
   40.38984  -72.71258     20.227     20.070     8.6918    32.8488      7.962     0.5117 5.0742e-01  1025.5737     8.6897    25.4818     7.5374    229.693    9.42242  287.13724     79.994 0.0000e+00
   40.38984  -72.71258     20.239     20.082     8.6899    32.8495      7.962     0.5117 5.0597e-01  1025.5745     8.6878    25.4827     7.5367    229.673    9.42241  287.13677     79.987 0.0000e+00
   40.38984  -72.71258     20.260     20.103     8.6889    32.8506      7.962     0.5117 5.0452e-01  1025.5761     8.6868    25.4836     7.5293    229.447    9.42257  287.14159     79.907 0.0000e+00
   40.38984  -72.71258     20.287     20.130     8.6896    32.8509      7.962     0.5117 5.0163e-01  1025.5767     8.6875    25.4841     7.5220    229.223    9.42274  287.14696     79.828 0.0000e+00
   40.38984  -72.71258     20.300     20.142     8.6906    32.8509      7.962     0.5117 4.9876e-01  1025.5765     8.6886    25.4840     7.5140    228.980    9.42297  287.15403     79.741 0.0000e+00
   40.38984  -72.71258     20.320     20.163     8.6914    32.8509      7.962     0.5117 4.9876e-01  1025.5761     8.6893    25.4836     7.5122    228.924    9.42302  287.15562     79.721 0.0000e+00
   40.38984  -72.71258     20.349     20.192     8.6919    32.8500      7.957     0.5117 4.9449e-01  1025.5757     8.6898    25.4829     7.4973    228.471    9.42313  287.15936     79.562 0.0000e+00
   40.38984  -72.71258     20.371     20.213     8.6914    32.8488      7.957     0.5117 4.9307e-01  1025.5746     8.6893    25.4820     7.4958    228.427    9.42343  287.16878     79.544 0.0000e+00
   40.38984  -72.71258     20.401     20.243     8.6891    32.8476      7.957     0.5252 4.9307e-01  1025.5737     8.6871    25.4814     7.4882    228.194    9.42365  287.17495     79.462 -9.990e-29
   40.38984  -72.71258     20.399     20.241     8.6866    32.8476      7.957     0.5117 4.9025e-01  1025.5739     8.6846    25.4815     7.4869    228.155    9.42387  287.18159     79.446 -9.990e-29
   40.38984  -72.71258     20.432     20.273     8.6840    32.8476      7.957     0.4849 4.8745e-01  1025.5751     8.6819    25.4821     7.4795    227.928    9.42399  287.18496     79.366 0.0000e+00
   40.38984  -72.71258     20.452     20.294     8.6821    32.8481      7.957     0.4580 4.8885e-01  1025.5757     8.6800    25.4828     7.4789    227.912    9.42387  287.18127     79.362 0.0000e+00
   40.38984  -72.71258     20.470     20.312     8.6803    32.8490      7.952     0.4580 4.8466e-01  1025.5766     8.6782    25.4838     7.4715    227.685    9.42369  287.17593     79.284 0.0000e+00
   40.38984  -72.71258     20.494     20.335     8.6791    32.8508      7.952     0.4580 4.8327e-01  1025.5783     8.6770    25.4852     7.4706    227.659    9.42377  287.17877     79.274 0.0000e+00
   40.38984  -72.71258     20.513     20.354     8.6803    32.8520      7.952     0.4580 4.8327e-01  1025.5808     8.6782    25.4864     7.4640    227.458    9.42430  287.19520     79.200 0.0000e+00
   40.38984  -72.71258     20.521     20.362     8.6847    32.8520      7.952     0.4580 4.7912e-01  1025.5803     8.6826    25.4863     7.4575    227.258    9.42466  287.20612     79.127 0.0000e+00
   40.38984  -72.71258     20.545     20.385     8.6861    32.8520      7.952     0.4580 4.7501e-01  1025.5784     8.6840    25.4854     7.4571    227.248    9.42490  287.21297     79.122 0.0000e+00
   40.38984  -72.71258     20.575     20.416     8.6847    32.8510      7.952     0.4580 4.7501e-01  1025.5783     8.6826    25.4846     7.4567    227.236    9.42489  287.21313     79.118 0.0000e+00
   40.38984  -72.71258     20.582     20.422     8.6843    32.8501      7.952     0.4580 4.7481e-01  1025.5775     8.6822    25.4840     7.4495    227.016    9.42494  287.21459     79.041 0.0000e+00
   40.38984  -72.71258     20.605     20.446     8.6832    32.8494      7.952     0.4580 4.7209e-01  1025.5775     8.6811    25.4836     7.4434    226.829    9.42521  287.22305     78.973 0.0000e+00
   40.38984  -72.71258     20.612     20.452     8.6824    32.8485      7.952     0.4580 4.7073e-01  1025.5769     8.6803    25.4831     7.4366    226.623    9.42542  287.22924     78.900 0.0000e+00
   40.38984  -72.71258     20.635     20.476     8.6817    32.8473      7.952     0.4580 4.7053e-01  1025.5766     8.6796    25.4823     7.4295    226.404    9.42582  287.24125     78.820 0.0000e+00
   40.38984  -72.71258     20.656     20.496     8.6808    32.8463      7.952     0.4580 4.6898e-01  1025.5748     8.6787    25.4814     7.4293    226.399    9.42607  287.24868     78.816 0.0000e+00
   40.38984  -72.71258     20.663     20.503     8.6777    32.8463      7.948     0.4580 4.6764e-01  1025.5742     8.6756    25.4811     7.4292    226.396    9.42623  287.25328     78.814 0.0000e+00
   40.38984  -72.71258     20.696     20.536     8.6744    32.8463      7.948     0.4714 4.6879e-01  1025.5758     8.6723    25.4824     7.4229    226.204    9.42623  287.25307     78.747 -9.990e-29
