CalculateIndicators/WaterTemperature/Data/CTD_NYOS/202200726_C02.cnv
* Sea-Bird SBE 9 Data File:
* FileName = C:\Seabird 9 CTD\Data\2022\202207_offshore\202200726_C02.hex
* Software Version Seasave V 7.23.2
* Temperature SN = 4590
* Conductivity SN = 3228
* Number of Bytes Per Scan = 44
* Number of Voltage Words = 5
* Number of Scans Averaged by the Deck Unit = 1
* NMEA Latitude = 40 30.11 N
* NMEA Longitude = 073 47.17 W
* NMEA UTC (Time) = Dec 10 2002  20:20:46
* NMEA baud rate = 4800
** Ship: seawolf
** Station: 7.1
** Operator: TCM
# nquan = 18
# nvalues = 9797                        
# units = specified
# name 0 = latitude: Latitude [deg]
# name 1 = longitude: Longitude [deg]
# name 2 = prDM: Pressure, Digiquartz [db]
# name 3 = depSM: Depth [salt water, m]
# name 4 = t090C: Temperature [ITS-90, deg C]
# name 5 = sal00: Salinity, Practical [PSU]
# name 6 = ph: pH
# name 7 = flECO-AFL: Fluorescence, WET Labs ECO-AFL/FL [mg/m^3]
# name 8 = cpar: CPAR/Corrected Irradiance [%]
# name 9 = density00: Density [density, kg/m^3]
# name 10 = potemp090C: Potential Temperature [ITS-90, deg C]
# name 11 = sigma-é00: Density [sigma-theta, kg/m^3]
# name 12 = sbeox0Mg/L: Oxygen, SBE 43 [mg/l]
# name 13 = sbox0Mm/Kg: Oxygen, SBE 43 [umol/kg]
# name 14 = oxsolMg/L: Oxygen Saturation, Garcia & Gordon [mg/l]
# name 15 = oxsolMm/Kg: Oxygen Saturation, Garcia & Gordon [umol/kg]
# name 16 = sbeox0PS: Oxygen, SBE 43 [% saturation]
# name 17 = flag:  0.000e+00
# span 0 =   40.50182,   40.50360       
# span 1 =  -73.78628,  -73.78502       
# span 2 =      1.085,     19.615       
# span 3 =      1.077,     19.463       
# span 4 =    12.5002,    22.7578       
# span 5 =    29.7779,    32.1450       
# span 6 =      7.787,      8.292       
# span 7 =     0.6192,     7.8048       
# span 8 = 7.3507e-03, 8.7274e+01       
# span 9 =  1020.0542,  1024.3596       
# span 10 =    12.4976,    22.7575      
# span 11 =    20.0465,    24.2723      
# span 12 =     5.1152,     9.8427      
# span 13 =    156.105,    301.537      
# span 14 =    7.25491,    8.71395      
# span 15 =  222.26342,  265.86224      
# span 16 =     60.084,    135.642      
# span 17 = 0.0000e+00, 0.0000e+00      
# interval = seconds: 0.0416667
# start_time = Jul 26 2022 20:20:44 [System UTC, first data scan.]
# bad_flag = -9.990e-29
*END*
[from data line 6593]
   40.50306  -73.78548      2.138      2.122    22.6461    29.8530      8.288     7.2944 1.8851e+01  1020.1455    22.6457    20.1341     9.5805    293.498    7.25971  222.39924    131.969 -9.990e-29
   40.50306  -73.78548      2.109      2.093    22.6518    29.8455      8.288     7.2944 1.9226e+01  1020.1363    22.6514    20.1270     9.5801    293.484    7.25967  222.39831    131.963 -9.990e-29
   40.50306  -73.78548      2.108      2.092    22.6581    29.8406      8.288     7.2944 1.9335e+01  1020.1263    22.6577    20.1203     9.5801    293.483    7.25965  222.39767    131.963 -9.990e-29
   40.50306  -73.78548      2.078      2.062    22.6648    29.8406      8.287     7.2944 1.9498e+01  1020.1239    22.6644    20.1178     9.5750    293.328    7.25964  222.39737    131.893 -9.990e-29
   40.50306  -73.78548      2.068      2.052    22.6688    29.8406      8.287     7.2944 1.9949e+01  1020.1291    22.6683    20.1188     9.5750    293.328    7.25966  222.39791    131.893 -9.990e-29
   40.50306  -73.78548      2.057      2.041    22.6723    29.8414      8.287     7.2944 2.0061e+01  1020.1290    22.6719    20.1195     9.5748    293.323    7.25966  222.39776    131.891 -9.990e-29
   40.50306  -73.78548      2.038      2.022    22.6743    29.8414      8.287     7.2944 2.0174e+01  1020.1278    22.6739    20.1186     9.5748    293.322    7.25966  222.39777    131.891 -9.990e-29
   40.50306  -73.78548      2.028      2.013    22.6772    29.8414      8.287     7.2944 2.0692e+01  1020.1261    22.6768    20.1168     9.5749    293.324    7.25964  222.39754    131.892 -9.990e-29
   40.50306  -73.78548      2.006      1.991    22.6816    29.8395      8.287     7.2944 2.0926e+01  1020.1230    22.6812    20.1143     9.5751    293.331    7.25965  222.39753    131.895 -9.990e-29
   40.50306  -73.78548      2.006      1.991    22.6859    29.8371      8.287     7.2944 2.1044e+01  1020.1201    22.6855    20.1112     9.5752    293.333    7.25964  222.39722    131.896 -9.990e-29
   40.50306  -73.78548      1.976      1.961    22.6912    29.8346      8.287     7.2944 2.2013e+01  1020.1162    22.6908    20.1081     9.5754    293.339    7.25967  222.39815    131.898 -9.990e-29
   40.50306  -73.78548      1.987      1.972    22.6948    29.8326      8.287     7.2944 2.2451e+01  1020.1134    22.6944    20.1057     9.5707    293.198    7.25967  222.39836    131.834 -9.990e-29
   40.50306  -73.78548      1.967      1.952    22.6958    29.8326      8.287     7.2944 2.2514e+01  1020.1125    22.6954    20.1048     9.5759    293.355    7.25971  222.39954    131.904 -9.990e-29
   40.50306  -73.78548      1.957      1.942    22.6946    29.8326      8.287     7.2944 2.3352e+01  1020.1129    22.6942    20.1055     9.5761    293.362    7.25971  222.39944    131.908 -9.990e-29
   40.50306  -73.78548      1.936      1.922    22.6896    29.8337      8.287     7.2675 2.3817e+01  1020.1153    22.6892    20.1080     9.5716    293.224    7.25976  222.40099    131.845 -9.990e-29
   40.50306  -73.78548      1.946      1.931    22.6830    29.8365      8.287     7.2138 2.3951e+01  1020.1204    22.6827    20.1117     9.5768    293.384    7.25982  222.40275    131.916 -9.990e-29
   40.50306  -73.78548      1.936      1.922    22.6759    29.8395      8.287     7.2138 2.4427e+01  1020.1237    22.6755    20.1158     9.5774    293.402    7.25981  222.40246    131.924 -9.990e-29
   40.50306  -73.78548      1.927      1.912    22.6688    29.8430      8.287     7.2004 2.4921e+01  1020.1288    22.6684    20.1201     9.5778    293.414    7.25981  222.40262    131.929 -9.990e-29
   40.50306  -73.78548      1.936      1.922    22.6654    29.8464      8.287     7.2138 2.4913e+01  1020.1332    22.6650    20.1238     9.5786    293.439    7.25985  222.40377    131.940 -9.990e-29
   40.50306  -73.78548      1.917      1.902    22.6646    29.8486      8.287     7.2138 2.4983e+01  1020.1346    22.6642    20.1259     9.5797    293.473    7.25999  222.40846    131.952 -9.990e-29
   40.50306  -73.78548      1.906      1.892    22.6634    29.8498      8.287     7.2138 2.4983e+01  1020.1352    22.6630    20.1272     9.5810    293.511    7.26037  222.41960    131.963 -9.990e-29
   40.50306  -73.78548      1.916      1.901    22.6618    29.8509      8.288     7.2138 2.5062e+01  1020.1368    22.6614    20.1284     9.5823    293.550    7.26072  222.43019    131.974 -9.990e-29
   40.50306  -73.78548      1.916      1.901    22.6604    29.8518      8.288     7.2138 2.4773e+01  1020.1379    22.6600    20.1294     9.5836    293.591    7.26104  222.43972    131.987 -9.990e-29
   40.50306  -73.78548      1.927      1.912    22.6598    29.8524      8.288     7.2138 2.4496e+01  1020.1383    22.6594    20.1301     9.5848    293.628    7.26140  222.45040    131.997 -9.990e-29
   40.50306  -73.78548      1.916      1.901    22.6588    29.8524      8.288     7.2138 2.4427e+01  1020.1392    22.6584    20.1307     9.5865    293.678    7.26180  222.46244    132.012 -9.990e-29
   40.50306  -73.78548      1.927      1.912    22.6584    29.8524      8.288     7.2138 2.4359e+01  1020.1398    22.6580    20.1306     9.5929    293.875    7.26226  222.47623    132.093 -9.990e-29
   40.50308  -73.78548      1.937      1.922    22.6602    29.8516      8.288     7.2138 2.4222e+01  1020.1381    22.6598    20.1291     9.5896    293.773    7.26272  222.48984    132.039 -9.990e-29
   40.50308  -73.78548      1.946      1.931    22.6651    29.8496      8.287     7.2138 2.4222e+01  1020.1350    22.6647    20.1264     9.5909    293.812    7.26315  222.50250    132.049 -9.990e-29
   40.50308  -73.78548      1.957      1.942    22.6709    29.8472      8.287     7.2138 2.4086e+01  1020.1317    22.6705    20.1231     9.5970    293.998    7.26339  222.50933    132.129 -9.990e-29
   40.50308  -73.78548      1.967      1.952    22.6766    29.8446      8.287     7.2138 2.3817e+01  1020.1279    22.6762    20.1197     9.5982    294.035    7.26346  222.51119    132.144 -9.990e-29
   40.50308  -73.78548      1.976      1.961    22.6803    29.8421      8.287     7.2138 2.3683e+01  1020.1250    22.6800    20.1167     9.5995    294.072    7.26347  222.51127    132.161 -9.990e-29
   40.50308  -73.78548      1.987      1.972    22.6838    29.8398      8.287     7.2138 2.3550e+01  1020.1225    22.6834    20.1140     9.6056    294.260    7.26343  222.51013    132.246 -9.990e-29
   40.50308  -73.78548      1.997      1.982    22.6871    29.8377      8.287     7.2138 2.2577e+01  1020.1200    22.6867    20.1115     9.6068    294.297    7.26338  222.50867    132.263 -9.990e-29
   40.50308  -73.78548      2.018      2.002    22.6902    29.8358      8.287     7.2138 2.2137e+01  1020.1176    22.6898    20.1092     9.6080    294.334    7.26329  222.50580    132.281 -9.990e-29
   40.50308  -73.78548      2.038      2.022    22.6919    29.8343      8.287     7.2138 2.2075e+01  1020.1160    22.6915    20.1076     9.6138    294.511    7.26294  222.49445    132.368 -9.990e-29
   40.50308  -73.78548      2.048      2.032    22.6930    29.8334      8.287     7.2138 2.1044e+01  1020.1153    22.6926    20.1065     9.6092    294.369    7.26221  222.47215    132.317 -9.990e-29
   40.50308  -73.78548      2.059      2.043    22.6941    29.8328      8.287     7.2138 2.0518e+01  1020.1147    22.6937    20.1058     9.6140    294.520    7.26141  222.44870    132.399 -9.990e-29
   40.50308  -73.78548      2.068      2.052    22.6950    29.8323      8.287     7.2138 2.0460e+01  1020.1140    22.6946    20.1052     9.6146    294.537    7.26081  222.43139    132.417 -9.990e-29
   40.50308  -73.78548      2.088      2.072    22.6953    29.8319      8.287     7.2272 1.9670e+01  1020.1137    22.6949    20.1047     9.6204    294.717    7.26048  222.42213    132.504 -9.990e-29
   40.50308  -73.78548      2.108      2.092    22.6956    29.8316      8.287     7.3481 1.9178e+01  1020.1135    22.6952    20.1044     9.6221    294.770    7.26047  222.42258    132.527 -9.990e-29
   40.50308  -73.78548      2.108      2.092    22.6958    29.8313      8.283     7.4018 1.9124e+01  1020.1132    22.6954    20.1040     9.6239    294.826    7.26077  222.43158    132.547 -9.990e-29
   40.50308  -73.78548      2.129      2.112    22.6967    29.8310      8.287     7.3884 1.8541e+01  1020.1128    22.6963    20.1036     9.6259    294.885    7.26113  222.44249    132.567 -9.990e-29
   40.50308  -73.78548      2.140      2.123    22.6972    29.8308      8.287     7.3884 1.8027e+01  1020.1126    22.6968    20.1033     9.6277    294.940    7.26142  222.45086    132.587 -9.990e-29
   40.50308  -73.78548      2.150      2.133    22.6978    29.8303      8.287     7.3884 1.7876e+01  1020.1124    22.6974    20.1028     9.6341    295.137    7.26149  222.45235    132.674 -9.990e-29
   40.50308  -73.78548      2.150      2.133    22.6994    29.8296      8.287     7.3884 1.7676e+01  1020.1112    22.6989    20.1019     9.6356    295.180    7.26134  222.44703    132.697 -9.990e-29
   40.50308  -73.78548      2.159      2.142    22.7007    29.8287      8.287     7.3884 1.7380e+01  1020.1103    22.7003    20.1008     9.6361    295.197    7.26079  222.43030    132.714 -9.990e-29
   40.50308  -73.78548      2.169      2.152    22.7026    29.8278      8.287     7.3884 1.7282e+01  1020.1089    22.7022    20.0997     9.6364    295.208    7.26014  222.41114    132.731 -9.990e-29
   40.50308  -73.78548      2.170      2.153    22.7042    29.8270      8.287     7.3884 1.7234e+01  1020.1078    22.7037    20.0987     9.6418    295.372    7.25956  222.39419    132.815 -9.990e-29
   40.50308  -73.78548      2.180      2.163    22.7051    29.8264      8.287     7.3884 1.7089e+01  1020.1072    22.7047    20.0979     9.6427    295.400    7.25917  222.38284    132.834 -9.990e-29
   40.50308  -73.78548      2.189      2.172    22.7056    29.8260      8.287     7.3884 1.7041e+01  1020.1066    22.7051    20.0975     9.6484    295.576    7.25893  222.37603    132.917 -9.990e-29
   40.50304  -73.78544      2.180      2.163    22.7057    29.8260      8.287     7.3884 1.6940e+01  1020.1067    22.7053    20.0973     9.6495    295.610    7.25876  222.37099    132.936 -9.990e-29
   40.50304  -73.78544      2.189      2.172    22.7058    29.8260      8.287     7.3884 1.6750e+01  1020.1067    22.7053    20.0974     9.6456    295.492    7.25861  222.36672    132.885 -9.990e-29
   40.50304  -73.78544      2.191      2.174    22.7055    29.8260      8.287     7.3884 1.6703e+01  1020.1070    22.7051    20.0975     9.6509    295.656    7.25845  222.36197    132.962 -9.990e-29
   40.50304  -73.78544      2.189      2.173    22.7055    29.8260      8.287     7.3884 1.6703e+01  1020.1071    22.7051    20.0976     9.6565    295.827    7.25834  222.35884    133.041 -9.990e-29
   40.50304  -73.78544      2.189      2.173    22.7056    29.8260      8.287     7.3884 1.6609e+01  1020.1069    22.7051    20.0974     9.6576    295.859    7.25833  222.35855    133.055 -9.990e-29
   40.50304  -73.78544      2.199      2.182    22.7058    29.8259      8.287     7.3884 1.6563e+01  1020.1065    22.7054    20.0972     9.6586    295.891    7.25841  222.36096    133.068 -9.990e-29
   40.50304  -73.78544      2.189      2.173    22.7058    29.8258      8.287     7.3884 1.6563e+01  1020.1066    22.7053    20.0972     9.6595    295.918    7.25844  222.36163    133.079 -9.990e-29
   40.50304  -73.78544      2.200      2.183    22.7057    29.8258      8.287     7.3884 1.6516e+01  1020.1070    22.7052    20.0973     9.6653    296.095    7.25850  222.36347    133.158 -9.990e-29
   40.50304  -73.78544      2.189      2.173    22.7056    29.8258      8.287     7.3884 1.6470e+01  1020.1067    22.7051    20.0973     9.6662    296.123    7.25850  222.36322    133.171 -9.990e-29
   40.50304  -73.78544      2.199      2.182    22.7057    29.8256      8.287     7.3884 1.6418e+01  1020.1064    22.7052    20.0971     9.6669    296.145    7.25842  222.36108    133.182 -9.990e-29
   40.50304  -73.78544      2.199      2.182    22.7053    29.8256      8.287     7.3884 1.6372e+01  1020.1067    22.7049    20.0971     9.6672    296.153    7.25833  222.35865    133.187 -9.990e-29
   40.50304  -73.78544      2.199      2.182    22.7054    29.8256      8.287     7.3884 1.6326e+01  1020.1064    22.7050    20.0971     9.6726    296.319    7.25824  222.35605    133.263 -9.990e-29
   40.50304  -73.78544      2.200      2.183    22.7050    29.8256      8.287     7.3884 1.6326e+01  1020.1067    22.7045    20.0973     9.6732    296.338    7.25814  222.35311    133.273 -9.990e-29
   40.50304  -73.78544      2.210      2.193    22.7044    29.8256      8.287     7.2810 1.6465e+01  1020.1072    22.7039    20.0975     9.6734    296.346    7.25811  222.35212    133.278 -9.990e-29
   40.50304  -73.78544      2.210      2.193    22.7044    29.8256      8.287     7.1869 1.6511e+01  1020.1072    22.7040    20.0975     9.6788    296.511    7.25807  222.35100    133.353 -9.990e-29
   40.50304  -73.78544      2.210      2.193    22.7045    29.8253      8.287     7.1735 1.6558e+01  1020.1069    22.7041    20.0972     9.6794    296.530    7.25804  222.35022    133.362 -9.990e-29
   40.50304  -73.78544      2.210      2.193    22.7046    29.8246      8.287     7.1869 1.6745e+01  1020.1062    22.7041    20.0967     9.6849    296.696    7.25801  222.34922    133.437 -9.990e-29
   40.50304  -73.78544      2.200      2.183    22.7039    29.8246      8.287     7.1869 1.6982e+01  1020.1053    22.7034    20.0966     9.6855    296.715    7.25799  222.34858    133.446 -9.990e-29
   40.50304  -73.78544      2.210      2.193    22.7008    29.8246      8.287     7.1869 1.6977e+01  1020.1067    22.7004    20.0974     9.6860    296.731    7.25799  222.34854    133.453 -9.990e-29
   40.50304  -73.78544      2.199      2.182    22.6977    29.8249      8.287     7.1869 1.7121e+01  1020.1083    22.6972    20.0987     9.6864    296.742    7.25796  222.34774    133.458 -9.990e-29
   40.50304  -73.78544      2.199      2.182    22.6949    29.8255      8.287     7.1869 1.7364e+01  1020.1097    22.6945    20.1001     9.6865    296.748    7.25792  222.34661    133.462 -9.990e-29
   40.50304  -73.78544      2.199      2.182    22.6921    29.8260      8.287     7.1735 1.7462e+01  1020.1106    22.6917    20.1012     9.6915    296.901    7.25789  222.34589    133.531 -9.990e-29
   40.50304  -73.78544      2.200      2.184    22.6889    29.8265      8.287     7.1869 1.7506e+01  1020.1117    22.6885    20.1025     9.6917    296.907    7.25787  222.34538    133.534 -9.990e-29
   40.50304  -73.78544      2.189      2.173    22.6850    29.8272      8.283     7.1869 1.7754e+01  1020.1135    22.6846    20.1040     9.6918    296.910    7.25790  222.34612    133.535 -9.990e-29
   40.50310  -73.78548      2.199      2.182    22.6814    29.8282      8.287     7.1869 1.7904e+01  1020.1148    22.6810    20.1058     9.6921    296.919    7.25793  222.34709    133.538 -9.990e-29
   40.50310  -73.78548      2.180      2.163    22.6773    29.8298      8.287     7.1869 1.7955e+01  1020.1176    22.6769    20.1080     9.6919    296.912    7.25794  222.34744    133.535 -9.990e-29
   40.50310  -73.78548      2.199      2.182    22.6749    29.8317      8.287     7.1869 1.8415e+01  1020.1197    22.6745    20.1101     9.6966    297.055    7.25801  222.34955    133.598 -9.990e-29
   40.50310  -73.78548      2.180      2.163    22.6736    29.8333      8.287     7.1869 1.8624e+01  1020.1217    22.6731    20.1117     9.6968    297.061    7.25812  222.35290    133.599 -9.990e-29
   40.50310  -73.78548      2.190      2.173    22.6732    29.8342      8.287     7.1869 1.8624e+01  1020.1225    22.6728    20.1126     9.6969    297.066    7.25833  222.35930    133.597 -9.990e-29
   40.50310  -73.78548      2.190      2.173    22.6736    29.8345      8.287     7.1869 1.8994e+01  1020.1223    22.6731    20.1127     9.6971    297.071    7.25863  222.36842    133.594 -9.990e-29
