CalculateIndicators/WaterTemperature/Data/CTD_NYOS/202200728_C12.cnv
* Sea-Bird SBE 9 Data File:
* FileName = C:\Seabird 9 CTD\Data\2022\202207_offshore\202200728_C12.hex
* Software Version Seasave V 7.23.2
* Temperature SN = 4590
* Conductivity SN = 3228
* Number of Bytes Per Scan = 44
* Number of Voltage Words = 5
* Number of Scans Averaged by the Deck Unit = 1
* NMEA Latitude = 39 57.30 N
* NMEA Longitude = 072 53.95 W
* NMEA UTC (Time) = Dec 12 2002  09:09:37
* NMEA baud rate = 4800
** Ship: seawolf
** Station: 5.3
** Operator: TDK
# nquan = 18
# nvalues = 14393                       
# units = specified
# name 0 = latitude: Latitude [deg]
# name 1 = longitude: Longitude [deg]
# name 2 = prDM: Pressure, Digiquartz [db]
# name 3 = depSM: Depth [salt water, m]
# name 4 = t090C: Temperature [ITS-90, deg C]
# name 5 = sal00: Salinity, Practical [PSU]
# name 6 = ph: pH
# name 7 = flECO-AFL: Fluorescence, WET Labs ECO-AFL/FL [mg/m^3]
# name 8 = cpar: CPAR/Corrected Irradiance [%]
# name 9 = density00: Density [density, kg/m^3]
# name 10 = potemp090C: Potential Temperature [ITS-90, deg C]
# name 11 = sigma-é00: Density [sigma-theta, kg/m^3]
# name 12 = sbeox0Mg/L: Oxygen, SBE 43 [mg/l]
# name 13 = sbox0Mm/Kg: Oxygen, SBE 43 [umol/kg]
# name 14 = oxsolMg/L: Oxygen Saturation, Garcia & Gordon [mg/l]
# name 15 = oxsolMm/Kg: Oxygen Saturation, Garcia & Gordon [umol/kg]
# name 16 = sbeox0PS: Oxygen, SBE 43 [% saturation]
# name 17 = flag:  0.000e+00
# span 0 =   39.95500,   39.95594       
# span 1 =  -72.89970,  -72.89930       
# span 2 =      2.230,     48.600       
# span 3 =      2.213,     48.222       
# span 4 =     8.3628,    24.2805       
# span 5 =    31.2779,    34.2167       
# span 6 =      7.932,      8.184       
# span 7 =     0.0148,     1.7339       
# span 8 = 5.0640e-11, 9.9999e+04       
# span 9 =  1020.9482,  1026.2457       
# span 10 =     8.3579,    24.2798      
# span 11 =    20.9171,    25.8719      
# span 12 =     7.0182,     9.5079      
# span 13 =    214.788,    290.055      
# span 14 =    6.99085,    9.48865      
# span 15 =  213.98039,  289.15888      
# span 16 =     80.791,    114.488      
# span 17 = 0.0000e+00, 0.0000e+00      
# interval = seconds: 0.0416667
# start_time = Jul 28 2022 09:09:37 [System UTC, first data scan.]
# bad_flag = -9.990e-29
*END*
[from data line 4583]
   39.95538  -72.89930     48.161     47.786     8.3863    32.8347      7.944     0.0551 5.0640e-11  1025.7366     8.3814    25.5174     7.7495    236.147    9.48368  288.99401     81.714 -9.990e-29
   39.95538  -72.89930     48.173     47.799     8.3856    32.8352      7.944     0.0551 5.0640e-11  1025.7371     8.3807    25.5179     7.7495    236.150    9.48363  288.99255     81.715 -9.990e-29
   39.95538  -72.89930     48.170     47.796     8.3843    32.8359      7.944     0.0685 5.0640e-11  1025.7380     8.3794    25.5186     7.7418    235.913    9.48355  288.99012     81.634 -9.990e-29
   39.95538  -72.89930     48.173     47.799     8.3835    32.8367      7.944     0.0551 5.0640e-11  1025.7390     8.3787    25.5194     7.7481    236.107    9.48350  288.98865     81.701 -9.990e-29
   39.95538  -72.89930     48.170     47.796     8.3835    32.8374      7.944     0.0551 5.0640e-11  1025.7394     8.3787    25.5199     7.7490    236.135    9.48351  288.98879     81.711 -9.990e-29
   39.95538  -72.89930     48.181     47.807     8.3836    32.8378      7.944     0.0551 5.0640e-11  1025.7398     8.3788    25.5202     7.7500    236.164    9.48350  288.98865     81.721 -9.990e-29
   39.95538  -72.89930     48.173     47.799     8.3838    32.8378      7.944     0.0551 5.0640e-11  1025.7400     8.3790    25.5203     7.7423    235.929    9.48346  288.98746     81.640 -9.990e-29
   39.95538  -72.89930     48.181     47.807     8.3846    32.8378      7.944     0.0551 5.0640e-11  1025.7395     8.3798    25.5201     7.7487    236.126    9.48342  288.98622     81.708 -9.990e-29
   39.95538  -72.89930     48.183     47.808     8.3844    32.8375      7.944     0.0551 5.0640e-11  1025.7395     8.3796    25.5199     7.7497    236.154    9.48336  288.98468     81.718 -9.990e-29
   39.95538  -72.89930     48.191     47.816     8.3844    32.8370      7.944     0.0551 5.0640e-11  1025.7390     8.3796    25.5194     7.7436    235.969    9.48334  288.98386     81.655 -9.990e-29
   39.95538  -72.89930     48.181     47.807     8.3846    32.8369      7.944     0.0551 5.0640e-11  1025.7382     8.3798    25.5191     7.7502    236.169    9.48332  288.98343     81.724 -9.990e-29
   39.95538  -72.89930     48.183     47.808     8.3838    32.8369      7.944     0.0551 5.0640e-11  1025.7388     8.3790    25.5193     7.7496    236.152    9.48328  288.98210     81.719 -9.990e-29
   39.95538  -72.89930     48.191     47.816     8.3833    32.8369      7.944     0.0685 5.0640e-11  1025.7393     8.3785    25.5196     7.7428    235.946    9.48330  288.98279     81.647 -9.990e-29
   39.95538  -72.89930     48.191     47.816     8.3833    32.8371      7.944     0.0819 5.0640e-11  1025.7390     8.3785    25.5197     7.7424    235.932    9.48330  288.98280     81.642 -9.990e-29
   39.95538  -72.89930     48.194     47.819     8.3831    32.8373      7.944     0.0819 5.0640e-11  1025.7392     8.3783    25.5199     7.7560    236.346    9.48325  288.98127     81.786 -9.990e-29
   39.95538  -72.89930     48.191     47.816     8.3823    32.8377      7.944     0.0819 5.0640e-11  1025.7401     8.3775    25.5203     7.7499    236.162    9.48324  288.98098     81.722 -9.990e-29
   39.95538  -72.89930     48.194     47.819     8.3820    32.8377      7.944     0.0819 5.0640e-11  1025.7403     8.3772    25.5206     7.7431    235.955    9.48320  288.97973     81.651 -9.990e-29
   39.95538  -72.89930     48.191     47.816     8.3818    32.8377      7.944     0.0819 5.0640e-11  1025.7404     8.3770    25.5206     7.7490    236.133    9.48319  288.97939     81.713 -9.990e-29
   39.95538  -72.89930     48.202     47.827     8.3823    32.8376      7.944     0.0819 5.0640e-11  1025.7401     8.3775    25.5202     7.7492    236.141    9.48319  288.97945     81.715 -9.990e-29
   39.95538  -72.89930     48.194     47.819     8.3836    32.8369      7.944     0.0819 5.0640e-11  1025.7387     8.3788    25.5196     7.7425    235.936    9.48322  288.98036     81.644 -9.990e-29
   39.95536  -72.89934     48.191     47.816     8.3836    32.8367      7.944     0.0819 5.0640e-11  1025.7387     8.3788    25.5194     7.7491    236.137    9.48321  288.98008     81.714 -9.990e-29
   39.95536  -72.89934     48.203     47.829     8.3829    32.8367      7.944     0.0819 5.0640e-11  1025.7393     8.3781    25.5194     7.7431    235.955    9.48321  288.97979     81.651 -9.990e-29
   39.95536  -72.89934     48.202     47.827     8.3835    32.8363      7.944     0.0819 5.0640e-11  1025.7386     8.3786    25.5191     7.7428    235.945    9.48323  288.98058     81.647 -9.990e-29
   39.95536  -72.89934     48.191     47.816     8.3843    32.8363      7.944     0.0819 5.0640e-11  1025.7379     8.3794    25.5188     7.7487    236.125    9.48324  288.98105     81.710 -9.990e-29
   39.95536  -72.89934     48.203     47.829     8.3836    32.8362      7.944     0.0819 5.0640e-11  1025.7387     8.3788    25.5190     7.7420    235.921    9.48322  288.98027     81.639 -9.990e-29
   39.95536  -72.89934     48.202     47.827     8.3831    32.8360      7.944     0.0819 5.0640e-11  1025.7390     8.3783    25.5190     7.7417    235.911    9.48322  288.98014     81.636 -9.990e-29
   39.95536  -72.89934     48.191     47.816     8.3843    32.8357      7.944     0.0819 5.0640e-11  1025.7383     8.3794    25.5185     7.7475    236.088    9.48309  288.97632     81.698 -9.990e-29
   39.95536  -72.89934     48.203     47.829     8.3859    32.8346      7.944     0.0819 5.0640e-11  1025.7370     8.3811    25.5174     7.7416    235.909    9.48304  288.97478     81.636 -9.990e-29
   39.95536  -72.89934     48.202     47.827     8.3874    32.8337      7.944     0.0819 5.0640e-11  1025.7356     8.3826    25.5165     7.7554    236.330    9.48308  288.97610     81.782 -9.990e-29
   39.95536  -72.89934     48.203     47.829     8.3872    32.8335      7.944     0.0819 5.0640e-11  1025.7356     8.3824    25.5162     7.7488    236.127    9.48303  288.97464     81.712 -9.990e-29
   39.95536  -72.89934     48.202     47.827     8.3866    32.8335      7.944     0.0819 5.0640e-11  1025.7360     8.3818    25.5163     7.7492    236.140    9.48305  288.97492     81.716 -9.990e-29
   39.95536  -72.89934     48.202     47.827     8.3862    32.8334      7.944     0.0819 5.0640e-11  1025.7359     8.3814    25.5164     7.7418    235.913    9.48303  288.97443     81.638 -9.990e-29
   39.95536  -72.89934     48.203     47.829     8.3856    32.8334      7.944     0.0819 5.0640e-11  1025.7363     8.3807    25.5165     7.7555    236.332    9.48305  288.97498     81.783 -9.990e-29
   39.95536  -72.89934     48.202     47.827     8.3854    32.8334      7.944     0.0819 5.0640e-11  1025.7362     8.3806    25.5165     7.7496    236.152    9.48306  288.97526     81.721 -9.990e-29
   39.95536  -72.89934     48.203     47.829     8.3854    32.8331      7.944     0.0819 5.0640e-11  1025.7359     8.3806    25.5162     7.7429    235.947    9.48299  288.97317     81.650 -9.990e-29
   39.95536  -72.89934     48.202     47.827     8.3856    32.8331      7.944     0.0819 5.0640e-11  1025.7354     8.3807    25.5160     7.7558    236.342    9.48298  288.97304     81.787 -9.990e-29
   39.95536  -72.89934     48.202     47.827     8.3856    32.8331      7.944     0.0819 5.0640e-11  1025.7354     8.3808    25.5160     7.7499    236.160    9.48296  288.97255     81.724 -9.990e-29
   39.95536  -72.89934     48.203     47.829     8.3852    32.8331      7.944     0.0819 5.0640e-11  1025.7358     8.3804    25.5163     7.7432    235.957    9.48300  288.97345     81.654 -9.990e-29
   39.95536  -72.89934     48.202     47.827     8.3848    32.8336      7.944     0.0685 5.0640e-11  1025.7362     8.3799    25.5168     7.7561    236.351    9.48300  288.97352     81.790 -9.990e-29
   39.95536  -72.89934     48.183     47.808     8.3839    32.8342      7.944     0.0685 5.0640e-11  1025.7371     8.3791    25.5174     7.7510    236.194    9.48304  288.97469     81.735 -9.990e-29
   39.95536  -72.89934     48.212     47.837     8.3833    32.8348      7.944     0.0685 5.0640e-11  1025.7374     8.3785    25.5179     7.7522    236.230    9.48309  288.97622     81.747 -9.990e-29
   39.95536  -72.89934     48.202     47.827     8.3826    32.8354      7.944     0.0685 5.0640e-11  1025.7380     8.3778    25.5185     7.7517    236.216    9.48308  288.97572     81.743 -9.990e-29
   39.95536  -72.89934     48.194     47.819     8.3822    32.8361      7.944     0.0685 5.0640e-11  1025.7386     8.3773    25.5191     7.7450    236.012    9.48308  288.97579     81.672 -9.990e-29
   39.95536  -72.89934     48.202     47.827     8.3820    32.8367      7.944     0.0685 5.0640e-11  1025.7391     8.3772    25.5195     7.7524    236.237    9.48298  288.97295     81.751 -9.990e-29
   39.95538  -72.89930     48.191     47.816     8.3820    32.8372      7.944     0.0685 5.0640e-11  1025.7396     8.3772    25.5200     7.7527    236.247    9.48292  288.97105     81.755 -9.990e-29
   39.95538  -72.89930     48.203     47.829     8.3815    32.8375      7.944     0.0685 5.0640e-11  1025.7399     8.3767    25.5202     7.7453    236.021    9.48291  288.97085     81.676 -9.990e-29
   39.95538  -72.89930     48.181     47.807     8.3815    32.8375      7.944     0.0685 5.0640e-11  1025.7400     8.3767    25.5204     7.7520    236.224    9.48288  288.96987     81.747 -9.990e-29
   39.95538  -72.89930     48.203     47.829     8.3818    32.8375      7.944     0.0685 5.0640e-11  1025.7401     8.3770    25.5203     7.7453    236.021    9.48287  288.96973     81.677 -9.990e-29
   39.95538  -72.89930     48.181     47.807     8.3822    32.8373      7.944     0.0685 5.0640e-11  1025.7395     8.3773    25.5201     7.7442    235.986    9.48283  288.96875     81.665 -9.990e-29
   39.95538  -72.89930     48.181     47.807     8.3825    32.8373      7.944     0.0685 5.0640e-11  1025.7392     8.3777    25.5199     7.7509    236.193    9.48288  288.97008     81.736 -9.990e-29
   39.95538  -72.89930     48.194     47.819     8.3828    32.8373      7.944     0.0685 5.0640e-11  1025.7393     8.3780    25.5199     7.7443    235.992    9.48290  288.97083     81.666 -9.990e-29
   39.95538  -72.89930     48.181     47.807     8.3829    32.8372      7.944     0.0685 5.0640e-11  1025.7394     8.3781    25.5199     7.7433    235.961    9.48298  288.97312     81.655 -9.990e-29
   39.95538  -72.89930     48.183     47.808     8.3829    32.8372      7.944     0.0685 5.0640e-11  1025.7394     8.3781    25.5199     7.7431    235.953    9.48301  288.97394     81.652 -9.990e-29
   39.95538  -72.89930     48.181     47.807     8.3829    32.8372      7.944     0.0685 5.0640e-11  1025.7394     8.3781    25.5198     7.7428    235.944    9.48297  288.97261     81.649 -9.990e-29
   39.95538  -72.89930     48.170     47.796     8.3833    32.8370      7.944     0.0685 5.0640e-11  1025.7390     8.3785    25.5197     7.7496    236.152    9.48297  288.97267     81.721 -9.990e-29
   39.95538  -72.89930     48.183     47.808     8.3835    32.8368      7.944     0.0685 5.0640e-11  1025.7391     8.3786    25.5194     7.7423    235.929    9.48292  288.97114     81.644 -9.990e-29
   39.95538  -72.89930     48.170     47.796     8.3839    32.8365      7.944     0.0685 5.0640e-11  1025.7384     8.3791    25.5192     7.7491    236.138    9.48300  288.97349     81.716 -9.990e-29
   39.95538  -72.89930     48.181     47.807     8.3841    32.8364      7.944     0.0685 5.0640e-11  1025.7383     8.3793    25.5190     7.7426    235.940    9.48301  288.97361     81.647 -9.990e-29
   39.95538  -72.89930     48.173     47.799     8.3841    32.8363      7.944     0.0685 5.0640e-11  1025.7384     8.3793    25.5190     7.7485    236.119    9.48283  288.96834     81.711 -9.990e-29
   39.95538  -72.89930     48.170     47.796     8.3843    32.8363      7.944     0.0685 5.0640e-11  1025.7385     8.3794    25.5190     7.7418    235.914    9.48260  288.96151     81.642 -9.990e-29
   39.95538  -72.89930     48.162     47.788     8.3843    32.8363      7.944     0.0685 5.0640e-11  1025.7382     8.3794    25.5189     7.7415    235.905    9.48245  288.95713     81.640 -9.990e-29
   39.95538  -72.89930     48.170     47.796     8.3843    32.8363      7.944     0.0551 5.0640e-11  1025.7383     8.3794    25.5188     7.7475    236.090    9.48245  288.95689     81.704 -9.990e-29
   39.95538  -72.89930     48.170     47.796     8.3844    32.8363      7.944     0.0282 5.0640e-11  1025.7383     8.3796    25.5189     7.7403    235.869    9.48247  288.95737     81.627 -9.990e-29
   39.95538  -72.89930     48.162     47.788     8.3844    32.8363      7.944     0.0282 5.0640e-11  1025.7384     8.3796    25.5189     7.7479    236.101    9.48245  288.95702     81.708 -9.990e-29
   39.95538  -72.89930     48.161     47.786     8.3846    32.8363      7.944     0.0282 5.0640e-11  1025.7384     8.3798    25.5189     7.7415    235.906    9.48252  288.95903     81.640 -9.990e-29
   39.95538  -72.89930     48.173     47.799     8.3848    32.8361      7.944     0.0282 5.0640e-11  1025.7382     8.3800    25.5188     7.7476    236.092    9.48250  288.95846     81.705 -9.990e-29
   39.95538  -72.89930     48.161     47.786     8.3849    32.8361      7.944     0.0282 5.0640e-11  1025.7378     8.3801    25.5186     7.7411    235.893    9.48241  288.95588     81.636 -9.990e-29
   39.95538  -72.89930     48.161     47.786     8.3848    32.8361      7.944     0.0282 5.0640e-11  1025.7378     8.3800    25.5186     7.7409    235.888    9.48238  288.95511     81.635 -9.990e-29
   39.95538  -72.89930     48.162     47.788     8.3846    32.8363      7.944     0.0282 5.0640e-11  1025.7384     8.3798    25.5189     7.7400    235.861    9.48236  288.95448     81.626 -9.990e-29
   39.95538  -72.89930     48.161     47.786     8.3846    32.8363      7.944     0.0282 5.0640e-11  1025.7385     8.3798    25.5189     7.7399    235.858    9.48238  288.95503     81.624 -9.990e-29
   39.95538  -72.89930     48.173     47.799     8.3846    32.8363      7.944     0.0282 5.0640e-11  1025.7381     8.3798    25.5188     7.7461    236.044    9.48231  288.95258     81.690 -9.990e-29
   39.95538  -72.89930     48.161     47.786     8.3846    32.8364      7.944     0.0282 5.0640e-11  1025.7380     8.3798    25.5188     7.7387    235.819    9.48208  288.94575     81.614 -9.990e-29
   39.95538  -72.89930     48.151     47.777     8.3844    32.8364      7.944     0.0282 5.0640e-11  1025.7386     8.3796    25.5191     7.7455    236.026    9.48192  288.94074     81.687 -9.990e-29
   39.95538  -72.89930     48.162     47.788     8.3844    32.8365      7.944     0.0282 5.0640e-11  1025.7387     8.3796    25.5191     7.7381    235.803    9.48176  288.93592     81.611 -9.990e-29
   39.95538  -72.89930     48.161     47.786     8.3852    32.8365      7.944     0.0282 5.0640e-11  1025.7381     8.3804    25.5190     7.7372    235.774    9.48168  288.93390     81.601 -9.990e-29
   39.95538  -72.89930     48.161     47.786     8.3854    32.8366      7.944     0.0282 5.0640e-11  1025.7382     8.3806    25.5190     7.7370    235.769    9.48162  288.93225     81.600 -9.990e-29
   39.95538  -72.89930     48.152     47.778     8.3851    32.8366      7.944     0.0282 5.0640e-11  1025.7385     8.3803    25.5190     7.7362    235.745    9.48167  288.93355     81.591 -9.990e-29
   39.95538  -72.89930     48.161     47.786     8.3854    32.8367      7.944     0.0282 5.0640e-11  1025.7383     8.3806    25.5191     7.7369    235.766    9.48167  288.93354     81.599 -9.990e-29
   39.95538  -72.89930     48.162     47.788     8.3852    32.8368      7.944     0.0282 5.0640e-11  1025.7387     8.3804    25.5192     7.7369    235.766    9.48168  288.93395     81.599 -9.990e-29
   39.95538  -72.89930     48.161     47.786     8.3853    32.8370      7.944     0.0282 5.0640e-11  1025.7387     8.3805    25.5194     7.7371    235.770    9.48178  288.93659     81.599 -9.990e-29
