CalculateIndicators/WaterTemperature/Data/CTD_NYOS/202200729_C22.cnv
* Sea-Bird SBE 9 Data File:
* FileName = C:\Seabird 9 CTD\Data\2022\202207_offshore\202200729_C22.hex
* Software Version Seasave V 7.23.2
* Temperature SN = 4590
* Conductivity SN = 3228
* Number of Bytes Per Scan = 44
* Number of Voltage Words = 5
* Number of Scans Averaged by the Deck Unit = 1
* NMEA Latitude = 39 47.39 N
* NMEA Longitude = 072 08.97 W
* NMEA UTC (Time) = Dec 13 2002  19:38:11
* NMEA baud rate = 4800
** Ship: seawolf
** Station: 3.4
** Operator: TCM
# nquan = 18
# nvalues = 20276                       
# units = specified
# name 0 = latitude: Latitude [deg]
# name 1 = longitude: Longitude [deg]
# name 2 = prDM: Pressure, Digiquartz [db]
# name 3 = depSM: Depth [salt water, m]
# name 4 = t090C: Temperature [ITS-90, deg C]
# name 5 = sal00: Salinity, Practical [PSU]
# name 6 = ph: pH
# name 7 = flECO-AFL: Fluorescence, WET Labs ECO-AFL/FL [mg/m^3]
# name 8 = cpar: CPAR/Corrected Irradiance [%]
# name 9 = density00: Density [density, kg/m^3]
# name 10 = potemp090C: Potential Temperature [ITS-90, deg C]
# name 11 = sigma-é00: Density [sigma-theta, kg/m^3]
# name 12 = sbeox0Mg/L: Oxygen, SBE 43 [mg/l]
# name 13 = sbox0Mm/Kg: Oxygen, SBE 43 [umol/kg]
# name 14 = oxsolMg/L: Oxygen Saturation, Garcia & Gordon [mg/l]
# name 15 = oxsolMm/Kg: Oxygen Saturation, Garcia & Gordon [umol/kg]
# name 16 = sbeox0PS: Oxygen, SBE 43 [% saturation]
# name 17 = flag:  0.000e+00
# span 0 =   39.78998,   39.79126       
# span 1 =  -72.15048,  -72.14948       
# span 2 =      2.015,     93.071       
# span 3 =      1.999,     92.339       
# span 4 =     9.9387,    25.7584       
# span 5 =    31.2434,    34.9602       
# span 6 =      8.008,      8.265       
# span 7 =    -0.0792,     1.3713       
# span 8 = 4.0609e-14, 1.4604e+02       
# span 9 =  1020.3163,  1026.8142       
# span 10 =     9.9343,    25.7578      
# span 11 =    20.3077,    26.4011      
# span 12 =     6.4827,     9.6811      
# span 13 =    197.375,    295.151      
# span 14 =    6.82710,    9.12257      
# span 15 =  209.10347,  277.91190      
# span 16 =     76.220,    119.504      
# span 17 = 0.0000e+00, 0.0000e+00      
# interval = seconds: 0.0416667
# start_time = Jul 29 2022 19:38:09 [System UTC, first data scan.]
# bad_flag = -9.990e-29
*END*
[from data line 724]
   39.79000  -72.14952      3.493      3.466    25.6719    31.2931      8.216     0.2162 3.4325e+01  1020.3549    25.6711    20.3400     7.2933    223.379    6.83512  209.34434    106.704 0.0000e+00
   39.79000  -72.14952      3.513      3.486    25.6724    31.2931      8.216     0.2162 3.4838e+01  1020.3549    25.6716    20.3400     7.2933    223.379    6.83498  209.34054    106.706 0.0000e+00
   39.79000  -72.14952      3.554      3.527    25.6723    31.2931      8.216     0.2162 4.1422e+01  1020.3551    25.6715    20.3399     7.2937    223.390    6.83510  209.34438    106.709 0.0000e+00
   39.79000  -72.14952      3.574      3.546    25.6724    31.2930      8.216     0.2162 4.5871e+01  1020.3550    25.6717    20.3398     7.2946    223.417    6.83589  209.36812    106.710 0.0000e+00
   39.79000  -72.14952      3.585      3.557    25.6726    31.2930      8.216     0.2162 4.6558e+01  1020.3551    25.6718    20.3398     7.2961    223.463    6.83701  209.40148    106.715 0.0000e+00
   39.79000  -72.14952      3.604      3.576    25.6723    31.2929      8.216     0.2162 4.3589e+01  1020.3552    25.6715    20.3398     7.2918    223.331    6.83706  209.40215    106.652 0.0000e+00
   39.79000  -72.14952      3.634      3.606    25.6726    31.2929      8.216     0.2162 4.1471e+01  1020.3552    25.6718    20.3396     7.2907    223.295    6.83628  209.37818    106.647 -9.990e-29
   39.79000  -72.14952      3.636      3.608    25.6737    31.2928      8.216     0.2162 4.1304e+01  1020.3549    25.6729    20.3393     7.2898    223.269    6.83575  209.36254    106.643 -9.990e-29
   39.79000  -72.14952      3.664      3.636    25.6746    31.2924      8.216     0.2162 4.1337e+01  1020.3545    25.6738    20.3387     7.2942    223.404    6.83576  209.36296    106.706 0.0000e+00
   39.79000  -72.14952      3.685      3.657    25.6752    31.2919      8.216     0.2162 4.1403e+01  1020.3535    25.6744    20.3382     7.2897    223.264    6.83580  209.36393    106.639 -9.990e-29
   39.79000  -72.14952      3.685      3.657    25.6751    31.2919      8.216     0.2162 4.1320e+01  1020.3537    25.6743    20.3380     7.2894    223.256    6.83574  209.36242    106.636 -9.990e-29
   39.79000  -72.14952      3.715      3.687    25.6748    31.2919      8.216     0.2162 3.3802e+01  1020.3539    25.6740    20.3382     7.2849    223.119    6.83599  209.36993    106.567 0.0000e+00
   39.79000  -72.14952      3.736      3.707    25.6746    31.2924      8.216     0.2162 2.4414e+01  1020.3547    25.6738    20.3385     7.2844    223.103    6.83594  209.36812    106.560 0.0000e+00
   39.79000  -72.14952      3.745      3.717    25.6758    31.2924      8.216     0.2162 2.2286e+01  1020.3549    25.6750    20.3385     7.2883    223.223    6.83569  209.36062    106.621 0.0000e+00
   39.79000  -72.14952      3.787      3.758    25.6779    31.2924      8.216     0.2162 2.6723e+01  1020.3543    25.6770    20.3381     7.2835    223.076    6.83544  209.35277    106.555 0.0000e+00
   39.79000  -72.14952      3.796      3.767    25.6791    31.2924      8.216     0.2162 3.9014e+01  1020.3534    25.6782    20.3374     7.2829    223.059    6.83507  209.34165    106.553 0.0000e+00
   39.79000  -72.14952      3.826      3.797    25.6795    31.2921      8.216     0.2297 4.4063e+01  1020.3531    25.6787    20.3370     7.2825    223.046    6.83497  209.33881    106.548 0.0000e+00
   39.79000  -72.14952      3.837      3.808    25.6802    31.2920      8.216     0.2297 4.3396e+01  1020.3531    25.6793    20.3367     7.2826    223.048    6.83512  209.34367    106.547 0.0000e+00
   39.79000  -72.14952      3.857      3.827    25.6813    31.2919      8.216     0.2297 4.1672e+01  1020.3529    25.6805    20.3364     7.2828    223.054    6.83529  209.34908    106.546 0.0000e+00
   39.79000  -72.14952      3.868      3.838    25.6822    31.2917      8.216     0.2297 4.1041e+01  1020.3523    25.6813    20.3360     7.2828    223.055    6.83552  209.35577    106.543 0.0000e+00
   39.79000  -72.14952      3.887      3.857    25.6824    31.2915      8.216     0.2297 3.9521e+01  1020.3522    25.6816    20.3357     7.2829    223.059    6.83565  209.35960    106.543 0.0000e+00
   39.79000  -72.14952      3.919      3.889    25.6825    31.2915      8.216     0.2297 3.0563e+01  1020.3524    25.6817    20.3356     7.2828    223.055    6.83572  209.36176    106.541 0.0000e+00
   39.79000  -72.14952      3.928      3.898    25.6830    31.2915      8.216     0.2297 2.7104e+01  1020.3523    25.6821    20.3356     7.2781    222.912    6.83579  209.36378    106.471 0.0000e+00
   39.79000  -72.14952      3.947      3.917    25.6831    31.2914      8.216     0.2297 2.7225e+01  1020.3524    25.6822    20.3354     7.2825    223.047    6.83576  209.36269    106.536 -9.990e-29
   39.79000  -72.14952      3.949      3.919    25.6835    31.2913      8.216     0.2297 3.3015e+01  1020.3518    25.6826    20.3353     7.2775    222.894    6.83551  209.35530    106.467 -9.990e-29
   39.79000  -72.14952      3.978      3.947    25.6825    31.2913      8.216     0.2297 3.6695e+01  1020.3523    25.6817    20.3354     7.2769    222.876    6.83508  209.34272    106.465 0.0000e+00
   39.79000  -72.14952      4.000      3.969    25.6826    31.2912      8.216     0.2297 3.7171e+01  1020.3530    25.6817    20.3355     7.2764    222.861    6.83493  209.33847    106.460 0.0000e+00
   39.79000  -72.14952      4.009      3.979    25.6831    31.2909      8.216     0.2297 4.1664e+01  1020.3521    25.6822    20.3352     7.2768    222.873    6.83528  209.34972    106.460 0.0000e+00
   39.79000  -72.14952      4.050      4.019    25.6813    31.2902      8.216     0.2297 4.5405e+01  1020.3524    25.6804    20.3350     7.2778    222.903    6.83608  209.37368    106.462 -9.990e-29
   39.79000  -72.14952      4.050      4.019    25.6802    31.2895      8.216     0.2297 4.6124e+01  1020.3521    25.6793    20.3348     7.2740    222.785    6.83688  209.39768    106.393 -9.990e-29
   39.79000  -72.14952      4.070      4.038    25.6790    31.2886      8.216     0.2297 4.3307e+01  1020.3518    25.6781    20.3347     7.2788    222.931    6.83757  209.41778    106.453 0.0000e+00
   39.79000  -72.14952      4.090      4.059    25.6764    31.2878      8.216     0.2297 4.0777e+01  1020.3520    25.6756    20.3349     7.2782    222.913    6.83717  209.40549    106.450 0.0000e+00
   39.79000  -72.14952      4.109      4.078    25.6722    31.2878      8.216     0.2297 4.0388e+01  1020.3528    25.6713    20.3357     7.2777    222.898    6.83683  209.39506    106.448 0.0000e+00
   39.79000  -72.14952      4.120      4.089    25.6673    31.2878      8.216     0.2297 4.1725e+01  1020.3543    25.6665    20.3373     7.2773    222.886    6.83676  209.39323    106.444 0.0000e+00
   39.79000  -72.14952      4.140      4.108    25.6632    31.2892      8.216     0.2431 4.3229e+01  1020.3572    25.6623    20.3394     7.2819    223.026    6.83680  209.39472    106.510 -9.990e-29
   39.79000  -72.14952      4.141      4.109    25.6624    31.2909      8.216     0.2297 4.3791e+01  1020.3597    25.6615    20.3410     7.2776    222.895    6.83709  209.40360    106.443 -9.990e-29
   39.79000  -72.14952      4.170      4.138    25.6646    31.2915      8.216     0.2297 4.0806e+01  1020.3593    25.6637    20.3412     7.2775    222.892    6.83720  209.40693    106.439 -9.990e-29
   39.79000  -72.14952      4.162      4.130    25.6663    31.2915      8.216     0.2297 3.5513e+01  1020.3583    25.6654    20.3407     7.2828    223.054    6.83780  209.42505    106.508 -9.990e-29
   39.79000  -72.14952      4.151      4.119    25.6679    31.2916      8.216     0.2297 3.4104e+01  1020.3579    25.6670    20.3401     7.2841    223.095    6.83872  209.45259    106.513 -9.990e-29
   39.79000  -72.14952      4.202      4.169    25.6693    31.2916      8.216     0.2297 3.2048e+01  1020.3573    25.6684    20.3399     7.2851    223.122    6.83924  209.46784    106.519 0.0000e+00
   39.79000  -72.14952      4.273      4.240    25.6684    31.2920      8.216     0.2297 2.6515e+01  1020.3582    25.6675    20.3403     7.2853    223.127    6.83934  209.47019    106.520 -9.990e-29
   39.79000  -72.14952      4.232      4.199    25.6677    31.2926      8.216     0.2297 2.4827e+01  1020.3597    25.6668    20.3409     7.2853    223.130    6.83915  209.46485    106.524 -9.990e-29
   39.79000  -72.14952      4.232      4.199    25.6694    31.2926      8.216     0.2297 2.4336e+01  1020.3591    25.6684    20.3406     7.2906    223.291    6.83944  209.47385    106.596 -9.990e-29
   39.79000  -72.14952      4.251      4.218    25.6723    31.2926      8.216     0.2297 2.1907e+01  1020.3575    25.6713    20.3395     7.2864    223.162    6.83948  209.47519    106.534 0.0000e+00
   39.79000  -72.14952      4.273      4.240    25.6751    31.2920      8.216     0.2297 2.0879e+01  1020.3566    25.6742    20.3383     7.2866    223.169    6.83937  209.47159    106.539 0.0000e+00
   39.79000  -72.14952      4.322      4.289    25.6773    31.2916      8.216     0.2297 2.1408e+01  1020.3554    25.6764    20.3371     7.2917    223.326    6.83949  209.47574    106.612 -9.990e-29
   39.79000  -72.14952      4.303      4.270    25.6809    31.2909      8.216     0.2297 2.8114e+01  1020.3548    25.6799    20.3354     7.2928    223.360    6.83993  209.48894    106.621 -9.990e-29
   39.79000  -72.14952      4.313      4.280    25.6877    31.2894      8.216     0.2297 3.2413e+01  1020.3510    25.6867    20.3330     7.2938    223.390    6.84025  209.49887    106.631 0.0000e+00
   39.79000  -72.14952      4.324      4.291    25.6890    31.2874      8.216     0.2297 3.2864e+01  1020.3488    25.6881    20.3306     7.2952    223.432    6.84086  209.51752    106.641 -9.990e-29
   39.79000  -72.14952      4.322      4.289    25.6908    31.2856      8.216     0.2297 3.3321e+01  1020.3469    25.6898    20.3291     7.2966    223.476    6.84155  209.53814    106.652 -9.990e-29
   39.79000  -72.14952      4.354      4.321    25.6903    31.2856      8.216     0.2297 3.3785e+01  1020.3461    25.6893    20.3288     7.2977    223.508    6.84187  209.54731    106.662 0.0000e+00
   39.79000  -72.14952      4.373      4.340    25.6835    31.2856      8.216     0.2297 3.3968e+01  1020.3482    25.6825    20.3309     7.2984    223.530    6.84192  209.54823    106.672 -9.990e-29
   39.79000  -72.14952      4.354      4.321    25.6727    31.2874      8.216     0.2297 2.9589e+01  1020.3538    25.6718    20.3345     7.2993    223.555    6.84205  209.55240    106.682 -9.990e-29
   39.79000  -72.14952      4.383      4.349    25.6710    31.2903      8.216     0.2297 2.6288e+01  1020.3575    25.6700    20.3373     7.2955    223.441    6.84221  209.55724    106.626 -9.990e-29
   39.79000  -72.14952      4.384      4.351    25.6769    31.2922      8.216     0.2297 2.5843e+01  1020.3575    25.6760    20.3379     7.2959    223.454    6.84237  209.56233    106.629 -9.990e-29
   39.79000  -72.14952      4.403      4.370    25.6817    31.2922      8.216     0.2297 2.5143e+01  1020.3555    25.6807    20.3372     7.2963    223.464    6.84242  209.56323    106.633 0.0000e+00
   39.79000  -72.14952      4.414      4.381    25.6818    31.2922      8.216     0.2297 2.4236e+01  1020.3551    25.6808    20.3365     7.2953    223.433    6.84136  209.53023    106.635 0.0000e+00
   39.79000  -72.14952      4.424      4.390    25.6815    31.2918      8.216     0.2297 2.4028e+01  1020.3553    25.6805    20.3360     7.2938    223.389    6.83972  209.48102    106.639 0.0000e+00
   39.79000  -72.14952      4.435      4.401    25.6825    31.2918      8.216     0.2297 2.4432e+01  1020.3538    25.6816    20.3358     7.2931    223.369    6.83893  209.45777    106.642 0.0000e+00
   39.79000  -72.14952      4.454      4.420    25.6800    31.2918      8.216     0.2297 2.5147e+01  1020.3553    25.6791    20.3361     7.2887    223.234    6.83883  209.45514    106.578 -9.990e-29
   39.79000  -72.14952      4.445      4.411    25.6803    31.2919      8.216     0.2297 2.5427e+01  1020.3556    25.6794    20.3364     7.2890    223.243    6.83922  209.46826    106.576 -9.990e-29
   39.79000  -72.14952      4.474      4.439    25.6824    31.2926      8.216     0.2297 2.5375e+01  1020.3553    25.6814    20.3366     7.2912    223.312    6.84125  209.53098    106.577 -9.990e-29
   39.79000  -72.14952      4.475      4.441    25.6839    31.2926      8.216     0.2297 2.5087e+01  1020.3562    25.6830    20.3366     7.2943    223.404    6.84374  209.60597    106.583 -9.990e-29
   39.79000  -72.14952      4.474      4.439    25.6871    31.2926      8.216     0.2297 2.5106e+01  1020.3552    25.6862    20.3359     7.2917    223.323    6.84554  209.65923    106.517 -9.990e-29
   39.79000  -72.14952      4.496      4.461    25.6885    31.2925      8.216     0.2297 2.5103e+01  1020.3538    25.6875    20.3349     7.2928    223.356    6.84674  209.69488    106.515 -9.990e-29
   39.79000  -72.14952      4.486      4.452    25.6877    31.2914      8.216     0.2297 2.4982e+01  1020.3529    25.6867    20.3341     7.2982    223.520    6.84767  209.72337    106.579 -9.990e-29
   39.79000  -72.14952      4.504      4.469    25.6865    31.2909      8.216     0.2297 2.4909e+01  1020.3526    25.6855    20.3339     7.3015    223.621    6.85053  209.81015    106.583 0.0000e+00
   39.79000  -72.14952      4.535      4.501    25.6844    31.2909      8.216     0.2297 2.5640e+01  1020.3537    25.6834    20.3343     7.3050    223.724    6.85349  209.89640    106.588 -9.990e-29
   39.79000  -72.14952      4.515      4.480    25.6832    31.2909      8.216     0.2297 3.0692e+01  1020.3541    25.6823    20.3349     7.3006    223.591    6.85376  209.90446    106.520 -9.990e-29
   39.79000  -72.14952      4.535      4.501    25.6824    31.2912      8.216     0.2297 3.3704e+01  1020.3549    25.6814    20.3354     7.3024    223.642    6.85545  209.95370    106.520 0.0000e+00
   39.79000  -72.14952      4.545      4.510    25.6818    31.2916      8.216     0.2297 3.4179e+01  1020.3552    25.6808    20.3358     7.3018    223.621    6.85508  209.94127    106.516 0.0000e+00
   39.79000  -72.14952      4.567      4.532    25.6819    31.2916      8.216     0.2297 3.7711e+01  1020.3558    25.6809    20.3359     7.2988    223.532    6.85301  209.87937    106.505 0.0000e+00
   39.79000  -72.14952      4.575      4.540    25.6838    31.2916      8.216     0.2297 4.0152e+01  1020.3556    25.6828    20.3351     7.3016    223.618    6.85167  209.83986    106.566 0.0000e+00
   39.79000  -72.14952      4.585      4.550    25.6882    31.2901      8.216     0.2297 4.0490e+01  1020.3526    25.6872    20.3332     7.2954    223.433    6.85059  209.80840    106.494 -9.990e-29
   39.79000  -72.14952      4.586      4.551    25.6904    31.2879      8.216     0.2297 3.4981e+01  1020.3500    25.6895    20.3312     7.2986    223.529    6.84975  209.78352    106.552 -9.990e-29
   39.79000  -72.14952      4.596      4.561    25.6882    31.2863      8.216     0.2297 3.1171e+01  1020.3487    25.6872    20.3305     7.2935    223.374    6.84951  209.77663    106.482 0.0000e+00
   39.79000  -72.14952      4.616      4.581    25.6812    31.2863      8.216     0.2297 3.0735e+01  1020.3512    25.6802    20.3316     7.2931    223.363    6.84958  209.77902    106.475 0.0000e+00
   39.79000  -72.14952      4.626      4.591    25.6746    31.2863      8.216     0.2297 3.1789e+01  1020.3528    25.6736    20.3340     7.2921    223.333    6.84914  209.76526    106.468 0.0000e+00
   39.79000  -72.14952      4.648      4.612    25.6673    31.2881      8.216     0.2297 3.2787e+01  1020.3581    25.6663    20.3366     7.2909    223.296    6.84865  209.75054    106.458 -9.990e-29
   39.79000  -72.14952      4.636      4.600    25.6704    31.2898      8.216     0.2297 3.2972e+01  1020.3580    25.6694    20.3380     7.2901    223.272    6.84837  209.74208    106.451 -9.990e-29
