CalculateIndicators/WaterTemperature/Data/CTD_NYOS/20220513_C04.cnv
* Sea-Bird SBE 9 Data File:
* FileName = C:\Seabird 9 CTD\Data\2022\202205_offshore\20220513_C04.hex
* Software Version Seasave V 7.23.2
* Temperature SN = 4590
* Conductivity SN = 3228
* Number of Bytes Per Scan = 44
* Number of Voltage Words = 5
* Number of Scans Averaged by the Deck Unit = 1
* NMEA Latitude = 40 06.53 N
* NMEA Longitude = 073 39.05 W
* NMEA UTC (Time) = Sep 27 2002  11:45:28
* NMEA baud rate = 4800
** Ship: seawolf
** Station: 7.2
** Operator: EIH
# nquan = 18
# nvalues = 12565                       
# units = specified
# name 0 = latitude: Latitude [deg]
# name 1 = longitude: Longitude [deg]
# name 2 = prDM: Pressure, Digiquartz [db]
# name 3 = depSM: Depth [salt water, m]
# name 4 = t090C: Temperature [ITS-90, deg C]
# name 5 = sal00: Salinity, Practical [PSU]
# name 6 = ph: pH
# name 7 = flECO-AFL: Fluorescence, WET Labs ECO-AFL/FL [mg/m^3]
# name 8 = cpar: CPAR/Corrected Irradiance [%]
# name 9 = density00: Density [density, kg/m^3]
# name 10 = potemp090C: Potential Temperature [ITS-90, deg C]
# name 11 = sigma-é00: Density [sigma-theta, kg/m^3]
# name 12 = sbeox0Mg/L: Oxygen, SBE 43 [mg/l]
# name 13 = sbox0Mm/Kg: Oxygen, SBE 43 [umol/kg]
# name 14 = oxsolMg/L: Oxygen Saturation, Garcia & Gordon [mg/l]
# name 15 = oxsolMm/Kg: Oxygen Saturation, Garcia & Gordon [umol/kg]
# name 16 = sbeox0PS: Oxygen, SBE 43 [% saturation]
# name 17 = flag:  0.000e+00
# span 0 =   40.10844,   40.10890       
# span 1 =  -73.65252,  -73.65082       
# span 2 =      1.643,     37.664       
# span 3 =      1.631,     37.372       
# span 4 =     9.3275,     9.6836       
# span 5 =    32.3232,    32.6852       
# span 6 =      8.027,      8.054       
# span 7 =     0.5252,     1.5862       
# span 8 = 2.3553e-13, 3.9218e+01       
# span 9 =  1024.9377,  1025.3995       
# span 10 =     9.3248,     9.6834      
# span 11 =    24.9257,    25.2289      
# span 12 =     8.7849,     9.2456      
# span 13 =    267.809,    281.902      
# span 14 =    9.24273,    9.30695      
# span 15 =  281.81198,  283.72359      
# span 16 =     94.399,    100.008      
# span 17 = 0.0000e+00, 0.0000e+00      
# interval = seconds: 0.0416667
# start_time = May 13 2022 11:45:28 [System UTC, first data scan.]
# bad_flag = -9.990e-29
*END*
[from data line 8121]
   40.10854  -73.65190     17.006     16.875     9.5933    32.3459 -9.990e-29     1.3713 3.5004e-01  1025.0238     9.5915    24.9469     9.1499    278.980    9.26057  282.35465     98.805 0.0000e+00
   40.10854  -73.65190     16.987     16.856     9.5935    32.3458 -9.990e-29     1.3713 3.5107e-01  1025.0239     9.5916    24.9468     9.1493    278.963    9.26055  282.35424     98.799 -9.990e-29
   40.10854  -73.65190     16.987     16.856     9.5928    32.3456 -9.990e-29     1.3579 3.5107e-01  1025.0238     9.5910    24.9467     9.1487    278.944    9.26057  282.35473     98.792 -9.990e-29
   40.10854  -73.65190     16.976     16.845     9.5927    32.3453 -9.990e-29     1.3713 3.5211e-01  1025.0235     9.5908    24.9466     9.1538    279.098    9.26043  282.35037     98.848 0.0000e+00
   40.10854  -73.65190     16.955     16.825     9.5928    32.3453 -9.990e-29     1.3579 3.5315e-01  1025.0230     9.5910    24.9463     9.1476    278.911    9.26031  282.34698     98.783 -9.990e-29
   40.10854  -73.65190     16.957     16.826     9.5930    32.3453 -9.990e-29     1.3444 3.5315e-01  1025.0227     9.5911    24.9465     9.1527    279.066    9.26031  282.34697     98.838 -9.990e-29
   40.10854  -73.65190     16.936     16.805     9.5905    32.3460 -9.990e-29     1.3444 3.5419e-01  1025.0244     9.5887    24.9474     9.1531    279.078    9.26028  282.34595     98.843 0.0000e+00
   40.10854  -73.65190     16.925     16.794     9.5882    32.3470 -9.990e-29     1.3444 3.5419e-01  1025.0253     9.5864    24.9484     9.1528    279.068    9.26023  282.34467     98.839 0.0000e+00
   40.10854  -73.65190     16.914     16.784     9.5869    32.3477 -9.990e-29     1.3444 3.5523e-01  1025.0260     9.5851    24.9492     9.1472    278.898    9.26024  282.34492     98.779 0.0000e+00
   40.10854  -73.65190     16.895     16.764     9.5861    32.3477 -9.990e-29     1.3444 3.5627e-01  1025.0267     9.5843    24.9495     9.1467    278.884    9.26017  282.34292     98.775 0.0000e+00
   40.10858  -73.65200     16.875     16.745     9.5879    32.3477 -9.990e-29     1.3579 3.5732e-01  1025.0257     9.5860    24.9491     9.1463    278.870    9.26015  282.34197     98.770 0.0000e+00
   40.10858  -73.65200     16.864     16.734     9.5895    32.3477 -9.990e-29     1.3444 3.5732e-01  1025.0245     9.5877    24.9487     9.1459    278.859    9.26021  282.34387     98.766 0.0000e+00
   40.10858  -73.65200     16.833     16.703     9.5874    32.3475 -9.990e-29     1.3444 3.5837e-01  1025.0252     9.5856    24.9489     9.1454    278.844    9.26020  282.34344     98.761 0.0000e+00
   40.10858  -73.65200     16.814     16.684     9.5858    32.3473 -9.990e-29     1.3444 3.6049e-01  1025.0258     9.5839    24.9493     9.1509    279.011    9.26025  282.34508     98.819 0.0000e+00
   40.10858  -73.65200     16.794     16.665     9.5864    32.3473 -9.990e-29     1.3444 3.6261e-01  1025.0259     9.5846    24.9490     9.1517    279.034    9.26022  282.34394     98.828 0.0000e+00
   40.10858  -73.65200     16.774     16.644     9.5902    32.3468 -9.990e-29     1.3444 3.6155e-01  1025.0240     9.5884    24.9481     9.1517    279.036    9.26022  282.34396     98.828 0.0000e+00
   40.10858  -73.65200     16.752     16.622     9.5923    32.3459 -9.990e-29     1.3444 3.6475e-01  1025.0229     9.5905    24.9471     9.1458    278.854    9.26013  282.34132     98.765 0.0000e+00
   40.10858  -73.65200     16.732     16.603     9.5933    32.3451 -9.990e-29     1.3444 3.6689e-01  1025.0223     9.5915    24.9462     9.1451    278.834    9.26012  282.34103     98.758 0.0000e+00
   40.10858  -73.65200     16.702     16.573     9.5948    32.3442 -9.990e-29     1.3444 3.6582e-01  1025.0209     9.5930    24.9453     9.1504    278.994    9.26016  282.34233     98.814 0.0000e+00
   40.10858  -73.65200     16.692     16.564     9.5959    32.3433 -9.990e-29     1.3444 3.6905e-01  1025.0199     9.5941    24.9444     9.1503    278.993    9.26018  282.34264     98.814 0.0000e+00
   40.10858  -73.65200     16.661     16.532     9.5964    32.3427 -9.990e-29     1.3444 3.7123e-01  1025.0193     9.5946    24.9439     9.1510    279.013    9.26030  282.34618     98.819 0.0000e+00
   40.10858  -73.65200     16.632     16.504     9.5968    32.3423 -9.990e-29     1.3444 3.7123e-01  1025.0189     9.5950    24.9435     9.1509    279.011    9.26042  282.34963     98.818 0.0000e+00
   40.10858  -73.65200     16.611     16.483     9.5973    32.3420 -9.990e-29     1.3444 3.7341e-01  1025.0184     9.5955    24.9432     9.1515    279.029    9.26050  282.35214     98.823 0.0000e+00
   40.10858  -73.65200     16.580     16.452     9.5973    32.3417 -9.990e-29     1.3444 3.7561e-01  1025.0181     9.5955    24.9430     9.1519    279.041    9.26047  282.35126     98.828 0.0000e+00
   40.10858  -73.65200     16.560     16.433     9.5976    32.3415 -9.990e-29     1.3444 3.7818e-01  1025.0179     9.5958    24.9427     9.1522    279.050    9.26037  282.34827     98.832 0.0000e+00
   40.10858  -73.65200     16.509     16.382     9.5979    32.3412 -9.990e-29     1.3444 3.7929e-01  1025.0172     9.5961    24.9425     9.1519    279.040    9.26034  282.34727     98.829 0.0000e+00
   40.10858  -73.65200     16.487     16.360     9.5981    32.3411 -9.990e-29     1.3444 3.8377e-01  1025.0169     9.5963    24.9424     9.1573    279.204    9.26020  282.34323     98.888 0.0000e+00
   40.10858  -73.65200     16.470     16.343     9.5978    32.3411 -9.990e-29     1.3444 3.8489e-01  1025.0171     9.5960    24.9424     9.1575    279.211    9.26017  282.34230     98.891 0.0000e+00
   40.10858  -73.65200     16.439     16.313     9.5976    32.3409 -9.990e-29     1.3579 3.8602e-01  1025.0168     9.5958    24.9422     9.1575    279.211    9.26006  282.33910     98.892 0.0000e+00
   40.10858  -73.65200     16.408     16.281     9.5979    32.3406 -9.990e-29     1.3713 3.9057e-01  1025.0163     9.5961    24.9420     9.1574    279.208    9.25991  282.33460     98.892 0.0000e+00
   40.10858  -73.65200     16.376     16.250     9.5982    32.3403 -9.990e-29     1.3713 3.9172e-01  1025.0160     9.5965    24.9417     9.1578    279.220    9.25966  282.32695     98.900 0.0000e+00
   40.10858  -73.65200     16.337     16.212     9.5986    32.3400 -9.990e-29     1.3713 3.9402e-01  1025.0155     9.5968    24.9414     9.1582    279.233    9.25947  282.32153     98.906 0.0000e+00
   40.10858  -73.65200     16.317     16.191     9.5990    32.3400 -9.990e-29     1.3713 3.9866e-01  1025.0149     9.5973    24.9412     9.1588    279.253    9.25959  282.32515     98.912 0.0000e+00
   40.10858  -73.65200     16.274     16.149     9.5989    32.3400 -9.990e-29     1.3713 4.0100e-01  1025.0149     9.5972    24.9412     9.1597    279.279    9.25992  282.33468     98.918 0.0000e+00
   40.10854  -73.65190     16.256     16.131     9.5986    32.3402 -9.990e-29     1.3713 4.0217e-01  1025.0151     9.5968    24.9415     9.1603    279.297    9.26007  282.33914     98.922 0.0000e+00
   40.10854  -73.65190     16.226     16.101     9.5982    32.3403 -9.990e-29     1.3713 4.0970e-01  1025.0158     9.5965    24.9419     9.1606    279.306    9.25999  282.33696     98.927 0.0000e+00
   40.10854  -73.65190     16.193     16.068     9.5982    32.3403 -9.990e-29     1.3713 4.1331e-01  1025.0153     9.5965    24.9419     9.1611    279.323    9.26020  282.34294     98.930 0.0000e+00
   40.10854  -73.65190     16.175     16.050     9.5985    32.3403 -9.990e-29     1.3713 4.1331e-01  1025.0148     9.5968    24.9417     9.1676    279.520    9.26046  282.35078     98.997 0.0000e+00
   40.10854  -73.65190     16.134     16.009     9.5987    32.3402 -9.990e-29     1.3713 4.1816e-01  1025.0147     9.5970    24.9416     9.1685    279.547    9.26050  282.35202     99.007 0.0000e+00
   40.10854  -73.65190     16.112     15.988     9.5989    32.3402 -9.990e-29     1.3713 4.2184e-01  1025.0145     9.5972    24.9415     9.1693    279.571    9.26051  282.35213     99.015 0.0000e+00
   40.10854  -73.65190     16.083     15.959     9.5990    32.3400 -9.990e-29     1.3847 4.2184e-01  1025.0143     9.5973    24.9413     9.1700    279.591    9.26050  282.35186     99.022 0.0000e+00
   40.10854  -73.65190     16.064     15.940     9.5992    32.3396 -9.990e-29     1.3713 4.2680e-01  1025.0138     9.5975    24.9410     9.1707    279.614    9.26060  282.35496     99.029 0.0000e+00
   40.10854  -73.65190     16.021     15.898     9.5992    32.3393 -9.990e-29     1.3713 4.3055e-01  1025.0133     9.5975    24.9408     9.1713    279.631    9.26065  282.35620     99.035 0.0000e+00
   40.10854  -73.65190     16.013     15.889     9.5995    32.3393 -9.990e-29     1.3713 4.3351e-01  1025.0131     9.5978    24.9407     9.1718    279.646    9.26069  282.35732     99.040 0.0000e+00
   40.10854  -73.65190     15.983     15.859     9.5994    32.3393 -9.990e-29     1.3713 4.3605e-01  1025.0132     9.5977    24.9408     9.1722    279.660    9.26078  282.36027     99.044 0.0000e+00
   40.10854  -73.65190     15.949     15.827     9.5995    32.3394 -9.990e-29     1.3713 4.3988e-01  1025.0133     9.5978    24.9410     9.1784    279.848    9.26076  282.35973     99.110 0.0000e+00
   40.10854  -73.65190     15.911     15.788     9.5992    32.3394 -9.990e-29     1.3713 4.4117e-01  1025.0134     9.5975    24.9410     9.1733    279.692    9.26070  282.35794     99.056 0.0000e+00
   40.10854  -73.65190     15.899     15.776     9.5995    32.3394 -9.990e-29     1.3713 4.4504e-01  1025.0127     9.5978    24.9407     9.1733    279.693    9.26062  282.35564     99.057 0.0000e+00
   40.10854  -73.65190     15.860     15.738     9.5994    32.3394 -9.990e-29     1.3713 4.4895e-01  1025.0124     9.5977    24.9406     9.1791    279.871    9.26056  282.35385     99.121 0.0000e+00
   40.10854  -73.65190     15.850     15.728     9.5994    32.3393 -9.990e-29     1.3713 4.5026e-01  1025.0125     9.5977    24.9407     9.1797    279.889    9.26059  282.35450     99.127 0.0000e+00
   40.10854  -73.65190     15.808     15.686     9.5992    32.3392 -9.990e-29     1.3713 4.5289e-01  1025.0126     9.5975    24.9408     9.1802    279.902    9.26058  282.35410     99.132 0.0000e+00
   40.10854  -73.65190     15.790     15.668     9.6001    32.3392 -9.990e-29     1.3713 4.5953e-01  1025.0121     9.5983    24.9405     9.1804    279.911    9.26051  282.35219     99.135 0.0000e+00
   40.10854  -73.65190     15.760     15.638     9.6007    32.3389 -9.990e-29     1.3713 4.6222e-01  1025.0116     9.5990    24.9403     9.1813    279.936    9.26043  282.34974     99.145 0.0000e+00
   40.10854  -73.65190     15.747     15.626     9.6007    32.3388 -9.990e-29     1.3713 4.6540e-01  1025.0115     9.5990    24.9402     9.1814    279.939    9.26036  282.34784     99.147 0.0000e+00
   40.10854  -73.65190     15.709     15.588     9.6009    32.3388 -9.990e-29     1.3713 4.6948e-01  1025.0114     9.5992    24.9401     9.1821    279.960    9.26034  282.34743     99.155 0.0000e+00
   40.10854  -73.65190     15.685     15.564     9.6012    32.3387 -9.990e-29     1.3713 4.7409e-01  1025.0110     9.5995    24.9400     9.1827    279.979    9.26033  282.34683     99.162 0.0000e+00
   40.10854  -73.65190     15.667     15.547     9.6012    32.3387 -9.990e-29     1.3713 4.7598e-01  1025.0108     9.5995    24.9398     9.1832    279.997    9.26031  282.34631     99.168 0.0000e+00
   40.10854  -73.65190     15.637     15.517     9.6016    32.3387 -9.990e-29     1.3713 4.8489e-01  1025.0105     9.5999    24.9399     9.1830    279.988    9.26024  282.34406     99.166 0.0000e+00
   40.10858  -73.65200     15.604     15.484     9.6014    32.3391 -9.990e-29     1.3713 4.8771e-01  1025.0112     9.5997    24.9403     9.1826    279.978    9.26024  282.34437     99.162 0.0000e+00
   40.10858  -73.65200     15.597     15.477     9.6011    32.3396 -9.990e-29     1.3713 4.8967e-01  1025.0112     9.5994    24.9407     9.1822    279.964    9.26024  282.34432     99.157 0.0000e+00
   40.10858  -73.65200     15.555     15.435     9.6009    32.3398 -9.990e-29     1.3713 4.9253e-01  1025.0117     9.5992    24.9409     9.1816    279.946    9.26015  282.34163     99.151 0.0000e+00
   40.10858  -73.65200     15.546     15.427     9.6007    32.3399 -9.990e-29     1.3713 4.9540e-01  1025.0113     9.5991    24.9410     9.1810    279.929    9.26015  282.34169     99.146 0.0000e+00
   40.10858  -73.65200     15.523     15.403     9.6009    32.3399 -9.990e-29     1.3847 4.9540e-01  1025.0113     9.5992    24.9410     9.1811    279.931    9.26012  282.34088     99.147 0.0000e+00
   40.10858  -73.65200     15.475     15.356     9.6007    32.3399 -9.990e-29     1.3713 5.0119e-01  1025.0114     9.5991    24.9410     9.1810    279.928    9.26011  282.34046     99.146 0.0000e+00
   40.10858  -73.65200     15.465     15.346     9.6014    32.3398 -9.990e-29     1.3713 5.0558e-01  1025.0108     9.5997    24.9408     9.1865    280.097    9.26007  282.33921     99.206 0.0000e+00
   40.10858  -73.65200     15.442     15.323     9.6016    32.3398 -9.990e-29     1.3713 5.0705e-01  1025.0103     9.5999    24.9406     9.1802    279.903    9.26003  282.33808     99.137 0.0000e+00
   40.10858  -73.65200     15.414     15.295     9.6012    32.3398 -9.990e-29     1.3713 5.1206e-01  1025.0106     9.5995    24.9408     9.1850    280.051    9.26003  282.33815     99.190 0.0000e+00
   40.10858  -73.65200     15.402     15.283     9.6011    32.3402 -9.990e-29     1.3713 5.1654e-01  1025.0108     9.5994    24.9412     9.1794    279.879    9.26012  282.34084     99.128 0.0000e+00
   40.10858  -73.65200     15.373     15.255     9.6002    32.3407 -9.990e-29     1.3713 5.1804e-01  1025.0114     9.5986    24.9416     9.1789    279.865    9.26020  282.34316     99.122 0.0000e+00
   40.10858  -73.65200     15.330     15.212     9.5995    32.3411 -9.990e-29     1.3713 5.2106e-01  1025.0116     9.5979    24.9421     9.1843    280.029    9.26036  282.34800     99.179 -9.990e-29
   40.10858  -73.65200     15.333     15.215     9.5990    32.3414 -9.990e-29     1.3713 5.2867e-01  1025.0120     9.5973    24.9424     9.1782    279.843    9.26040  282.34902     99.113 -9.990e-29
   40.10858  -73.65200     15.303     15.185     9.5990    32.3414 -9.990e-29     1.3713 5.3021e-01  1025.0121     9.5974    24.9425     9.1772    279.813    9.26033  282.34697     99.102 0.0000e+00
   40.10858  -73.65200     15.279     15.162     9.5997    32.3414 -9.990e-29     1.3713 5.3329e-01  1025.0114     9.5981    24.9423     9.1761    279.779    9.26025  282.34465     99.091 0.0000e+00
   40.10858  -73.65200     15.262     15.144     9.5999    32.3412 -9.990e-29     1.3713 5.3639e-01  1025.0114     9.5982    24.9421     9.1751    279.747    9.26023  282.34410     99.080 0.0000e+00
   40.10858  -73.65200     15.240     15.122     9.6007    32.3410 -9.990e-29     1.3713 5.3951e-01  1025.0107     9.5991    24.9419     9.1741    279.717    9.26033  282.34693     99.069 0.0000e+00
   40.10858  -73.65200     15.231     15.114     9.6007    32.3409 -9.990e-29     1.3713 5.3951e-01  1025.0110     9.5991    24.9417     9.1736    279.703    9.26040  282.34886     99.063 0.0000e+00
   40.10858  -73.65200     15.198     15.081     9.6014    32.3407 -9.990e-29     1.3847 5.4580e-01  1025.0104     9.5997    24.9415     9.1730    279.683    9.26039  282.34891     99.056 0.0000e+00
   40.10858  -73.65200     15.171     15.054     9.6022    32.3404 -9.990e-29     1.3982 5.4898e-01  1025.0100     9.6006    24.9410     9.1723    279.662    9.26041  282.34923     99.048 0.0000e+00
   40.10858  -73.65200     15.168     15.051     9.6037    32.3399 -9.990e-29     1.4250 5.5057e-01  1025.0092     9.6020    24.9405     9.1715    279.640    9.26038  282.34833     99.041 0.0000e+00
   40.10858  -73.65200     15.150     15.033     9.6047    32.3399      8.045     1.4250 5.5537e-01  1025.0087     9.6030    24.9402     9.1709    279.619    9.26042  282.34970     99.033 0.0000e+00
