CalculateIndicators/WaterTemperature/Data/CTD_NYOS/202200729_C18.cnv
* Sea-Bird SBE 9 Data File:
* FileName = C:\Seabird 9 CTD\Data\2022\202207_offshore\202200729_C18.hex
* Software Version Seasave V 7.23.2
* Temperature SN = 4590
* Conductivity SN = 3228
* Number of Bytes Per Scan = 44
* Number of Voltage Words = 5
* Number of Scans Averaged by the Deck Unit = 1
* NMEA Latitude = 39 48.71 N
* NMEA Longitude = 072 29.86 W
* NMEA UTC (Time) = Dec 13 2002  04:22:12
* NMEA baud rate = 4800
** Ship: seawolf
** Station: 4.4
** Operator: TDK
# nquan = 18
# nvalues = 14185                       
# units = specified
# name 0 = latitude: Latitude [deg]
# name 1 = longitude: Longitude [deg]
# name 2 = prDM: Pressure, Digiquartz [db]
# name 3 = depSM: Depth [salt water, m]
# name 4 = t090C: Temperature [ITS-90, deg C]
# name 5 = sal00: Salinity, Practical [PSU]
# name 6 = ph: pH
# name 7 = flECO-AFL: Fluorescence, WET Labs ECO-AFL/FL [mg/m^3]
# name 8 = cpar: CPAR/Corrected Irradiance [%]
# name 9 = density00: Density [density, kg/m^3]
# name 10 = potemp090C: Potential Temperature [ITS-90, deg C]
# name 11 = sigma-é00: Density [sigma-theta, kg/m^3]
# name 12 = sbeox0Mg/L: Oxygen, SBE 43 [mg/l]
# name 13 = sbox0Mm/Kg: Oxygen, SBE 43 [umol/kg]
# name 14 = oxsolMg/L: Oxygen Saturation, Garcia & Gordon [mg/l]
# name 15 = oxsolMm/Kg: Oxygen Saturation, Garcia & Gordon [umol/kg]
# name 16 = sbeox0PS: Oxygen, SBE 43 [% saturation]
# name 17 = flag:  0.000e+00
# span 0 =   39.81182,   39.81228       
# span 1 =  -72.49766,  -72.49480       
# span 2 =      1.577,     64.284       
# span 3 =      1.565,     63.782       
# span 4 =     8.5921,    24.9062       
# span 5 =    31.3378,    34.1245       
# span 6 =      7.962,      8.221       
# span 7 =    -0.0524,     1.8414       
# span 8 = 5.0640e-11, 9.9999e+04       
# span 9 =  1020.6257,  1026.4318       
# span 10 =     8.5881,    24.9056      
# span 11 =    20.6178,    26.1439      
# span 12 =     6.4888,     9.4678      
# span 13 =    197.612,    288.825      
# span 14 =    6.92438,    9.42521      
# span 15 =  212.01822,  287.17111      
# span 16 =     72.616,    117.120      
# span 17 = 0.0000e+00, 0.0000e+00      
# interval = seconds: 0.0416667
# start_time = Jul 29 2022 04:22:11 [System UTC, first data scan.]
# bad_flag = -9.990e-29
*END*
[from data line 1367]
   39.81198  -72.49734     25.686     25.488     9.9372    33.1979      8.029     0.3640 5.0640e-11  1025.6717     9.9343    25.5559     8.0373    244.905    9.16934  279.39883     87.654 0.0000e+00
   39.81198  -72.49734     25.707     25.509     9.9245    33.1974      8.029     0.3640 5.0640e-11  1025.6738     9.9216    25.5576     8.0281    244.624    9.16937  279.39955     87.553 0.0000e+00
   39.81198  -72.49734     25.758     25.559     9.9116    33.1970      8.029     0.3640 5.0640e-11  1025.6760     9.9088    25.5594     8.0186    244.334    9.16935  279.39902     87.450 0.0000e+00
   39.81198  -72.49734     25.778     25.580     9.8994    33.1962      8.033     0.3640 5.0640e-11  1025.6777     9.8965    25.5608     8.0095    244.058    9.16936  279.39937     87.351 0.0000e+00
   39.81198  -72.49734     25.818     25.619     9.8876    33.1958      8.029     0.3640 5.0640e-11  1025.6783     9.8847    25.5620     8.0010    243.798    9.16939  279.40037     87.258 0.0000e+00
   39.81198  -72.49734     25.849     25.650     9.8745    33.1958      8.029     0.3505 5.0640e-11  1025.6798     9.8716    25.5638     7.9923    243.533    9.16944  279.40206     87.162 0.0000e+00
   39.81198  -72.49734     25.890     25.691     9.8630    33.1958      8.029     0.3640 5.0640e-11  1025.6836     9.8601    25.5665     7.9833    243.258    9.16940  279.40070     87.064 0.0000e+00
   39.81198  -72.49734     25.911     25.711     9.8541    33.1974      8.029     0.3640 5.0640e-11  1025.6866     9.8512    25.5693     7.9748    242.999    9.16931  279.39788     86.972 0.0000e+00
   39.81198  -72.49734     25.941     25.741     9.8462    33.1987      8.029     0.3640 5.0640e-11  1025.6892     9.8433    25.5717     7.9668    242.755    9.16923  279.39548     86.886 0.0000e+00
   39.81198  -72.49734     25.960     25.760     9.8391    33.1996      8.029     0.3640 5.0640e-11  1025.6910     9.8362    25.5735     7.9588    242.513    9.16934  279.39910     86.798 -9.990e-29
   39.81198  -72.49734     25.951     25.751     9.8328    33.2003      8.029     0.3640 5.0640e-11  1025.6923     9.8300    25.5751     7.9581    242.493    9.16947  279.40343     86.790 -9.990e-29
   39.81198  -72.49734     25.941     25.741     9.8270    33.2003      8.029     0.3640 5.0640e-11  1025.6942     9.8241    25.5764     7.9514    242.289    9.16976  279.41215     86.714 -9.990e-29
   39.81198  -72.49734     26.083     25.882     9.8235    33.2003      8.029     0.3640 5.0640e-11  1025.6955     9.8206    25.5771     7.9445    242.079    9.16996  279.41839     86.637 -9.990e-29
   39.81198  -72.49734     26.083     25.882     9.8190    33.2004      8.029     0.3640 5.0640e-11  1025.6947     9.8161    25.5772     7.9383    241.890    9.17032  279.43003     86.566 -9.990e-29
   39.81198  -72.49734     26.062     25.861     9.8134    33.2004      8.029     0.3640 5.0640e-11  1025.6954     9.8105    25.5778     7.9324    241.708    9.17106  279.45223     86.494 -9.990e-29
   39.81198  -72.49734     26.164     25.962     9.8092    33.2004      8.029     0.3505 5.0640e-11  1025.6970     9.8063    25.5791     7.9259    241.512    9.17141  279.46279     86.420 -9.990e-29
   39.81198  -72.49734     26.164     25.962     9.8060    33.2020      8.029     0.2968 5.0640e-11  1025.6991     9.8031    25.5808     7.9267    241.535    9.17165  279.47016     86.426 -9.990e-29
   39.81198  -72.49734     26.164     25.962     9.8040    33.2041      8.029     0.2834 5.0640e-11  1025.7012     9.8011    25.5828     7.9212    241.368    9.17177  279.47372     86.365 -9.990e-29
   39.81198  -72.49734     26.134     25.932     9.8040    33.2063      8.024     0.2834 5.0640e-11  1025.7028     9.8011    25.5845     7.9165    241.224    9.17206  279.48266     86.311 -9.990e-29
   39.81198  -72.49734     26.154     25.953     9.8057    33.2064      8.024     0.2834 5.0640e-11  1025.7047     9.8028    25.5853     7.9110    241.058    9.17246  279.49506     86.248 0.0000e+00
   39.81192  -72.49732     26.164     25.962     9.8085    33.2064      8.024     0.2834 5.0640e-11  1025.7033     9.8056    25.5848     7.9056    240.893    9.17298  279.51082     86.184 0.0000e+00
   39.81192  -72.49732     26.185     25.983     9.8108    33.2064      8.029     0.2834 5.0640e-11  1025.7016     9.8079    25.5837     7.9007    240.743    9.17344  279.52452     86.126 0.0000e+00
   39.81192  -72.49732     26.194     25.992     9.8110    33.2057      8.024     0.2834 5.0640e-11  1025.7014     9.8081    25.5830     7.9023    240.792    9.17375  279.53350     86.141 -9.990e-29
   39.81192  -72.49732     26.185     25.983     9.8095    33.2051      8.024     0.2834 5.0640e-11  1025.7011     9.8066    25.5828     7.8974    240.642    9.17364  279.52958     86.088 -9.990e-29
   39.81192  -72.49732     26.194     25.992     9.8077    33.2049      8.024     0.2834 5.0640e-11  1025.7011     9.8048    25.5829     7.8924    240.490    9.17356  279.52827     86.034 -9.990e-29
   39.81192  -72.49732     26.164     25.962     9.8058    33.2049      8.024     0.2834 5.0640e-11  1025.7017     9.8029    25.5832     7.8882    240.365    9.17457  279.56055     85.979 -9.990e-29
   39.81192  -72.49732     26.174     25.972     9.8048    33.2049      8.024     0.2834 5.0640e-11  1025.7018     9.8019    25.5834     7.8910    240.448    9.17590  279.60096     85.997 -9.990e-29
   39.81192  -72.49732     26.164     25.962     9.8039    33.2046      8.029     0.2834 5.0640e-11  1025.7018     9.8010    25.5834     7.8870    240.326    9.17662  279.62188     85.947 -9.990e-29
   39.81192  -72.49732     26.185     25.983     9.8034    33.2043      8.024     0.2834 5.0640e-11  1025.7014     9.8005    25.5832     7.8822    240.179    9.17656  279.61937     85.895 -9.990e-29
   39.81192  -72.49732     26.185     25.983     9.8027    33.2043      8.024     0.2834 5.0640e-11  1025.7016     9.7998    25.5831     7.8838    240.227    9.17630  279.61132     85.915 -9.990e-29
   39.81192  -72.49732     26.194     25.992     9.8021    33.2043      8.024     0.2834 5.0640e-11  1025.7015     9.7992    25.5833     7.8797    240.102    9.17662  279.62216     85.867 -9.990e-29
   39.81192  -72.49732     26.194     25.992     9.8016    33.2048      8.024     0.2834 5.0640e-11  1025.7018     9.7987    25.5839     7.8774    240.036    9.17843  279.67938     85.825 -9.990e-29
   39.81192  -72.49732     26.164     25.962     9.8010    33.2061      8.024     0.2834 5.0640e-11  1025.7035     9.7981    25.5849     7.8753    239.971    9.18127  279.76675     85.775 -9.990e-29
   39.81192  -72.49732     26.174     25.972     9.8029    33.2061      8.024     0.2834 5.0640e-11  1025.7045     9.8000    25.5854     7.8795    240.099    9.18391  279.84649     85.797 -9.990e-29
   39.81192  -72.49732     26.164     25.962     9.8058    33.2061      8.024     0.2834 5.0640e-11  1025.7036     9.8029    25.5848     7.8778    240.045    9.18606  279.91117     85.758 -9.990e-29
   39.81192  -72.49732     26.154     25.953     9.8077    33.2053      8.024     0.2834 5.0640e-11  1025.7019     9.8048    25.5834     7.8818    240.169    9.18738  279.95008     85.790 -9.990e-29
   39.81192  -72.49732     26.154     25.953     9.8077    33.2031      8.024     0.2834 5.0640e-11  1025.6993     9.8048    25.5816     7.8788    240.075    9.18852  279.98482     85.746 -9.990e-29
   39.81192  -72.49732     26.154     25.953     9.8057    33.2014      8.020     0.2834 5.0640e-11  1025.6984     9.8028    25.5805     7.8766    240.010    9.19011  280.03357     85.708 -9.990e-29
   39.81192  -72.49732     26.143     25.942     9.8036    33.2005      8.024     0.2834 5.0640e-11  1025.6982     9.8007    25.5801     7.8810    240.144    9.19249  280.10722     85.733 -9.990e-29
   39.81192  -72.49732     26.143     25.942     9.8020    33.2005      8.024     0.2834 5.0640e-11  1025.6983     9.7991    25.5802     7.8793    240.094    9.19520  280.18968     85.690 -9.990e-29
   39.81192  -72.49732     26.134     25.932     9.8011    33.2005      8.024     0.3505 5.0640e-11  1025.6986     9.7982    25.5804     7.8843    240.246    9.19727  280.25176     85.725 -9.990e-29
   39.81192  -72.49732     26.143     25.942     9.8004    33.2004      8.024     0.3908 5.0640e-11  1025.6989     9.7975    25.5807     7.8827    240.194    9.19895  280.30200     85.691 -9.990e-29
   39.81192  -72.49732     26.143     25.942     9.7999    33.2004      8.020     0.4043 5.0640e-11  1025.6992     9.7970    25.5808     7.8799    240.111    9.20052  280.34986     85.647 -9.990e-29
   39.81192  -72.49732     26.154     25.953     9.7996    33.2005      8.020     0.3908 5.0640e-11  1025.6988     9.7967    25.5808     7.8842    240.241    9.20271  280.41701     85.673 -9.990e-29
   39.81198  -72.49732     26.134     25.932     9.7993    33.2005      8.020     0.3908 5.0640e-11  1025.6989     9.7964    25.5808     7.8827    240.195    9.20553  280.50404     85.630 -9.990e-29
   39.81198  -72.49732     26.168     25.967     9.7989    33.2005      8.020     0.3908 5.0640e-11  1025.6994     9.7960    25.5810     7.8887    240.378    9.20876  280.60293     85.665 -9.990e-29
   39.81198  -72.49732     26.154     25.953     9.7988    33.2005      8.024     0.3908 5.0640e-11  1025.6992     9.7959    25.5810     7.8882    240.363    9.21183  280.69600     85.631 -9.990e-29
   39.81198  -72.49732     26.154     25.953     9.7988    33.2005      8.020     0.3908 5.0640e-11  1025.6995     9.7959    25.5809     7.8873    240.337    9.21490  280.78923     85.593 -9.990e-29
   39.81198  -72.49732     26.154     25.953     9.7987    33.2002      8.024     0.3908 5.0640e-11  1025.6987     9.7958    25.5807     7.8930    240.510    9.21803  280.88432     85.626 -9.990e-29
   39.81198  -72.49732     26.174     25.972     9.7986    33.2000      8.024     0.3908 5.0640e-11  1025.6989     9.7957    25.5806     7.8917    240.468    9.22053  280.95863     85.589 -9.990e-29
   39.81198  -72.49732     26.164     25.962     9.7986    33.1999      8.020     0.3908 5.0640e-11  1025.6990     9.7957    25.5805     7.8892    240.391    9.22204  281.00360     85.547 -9.990e-29
   39.81198  -72.49732     26.174     25.972     9.7987    33.1996      8.024     0.3908 5.0640e-11  1025.6986     9.7958    25.5802     7.8934    240.521    9.22400  281.06361     85.575 -9.990e-29
   39.81198  -72.49732     26.185     25.983     9.7988    33.1992      8.024     0.3908 5.0640e-11  1025.6982     9.7959    25.5799     7.8989    240.686    9.22686  281.15162     85.607 -9.990e-29
   39.81198  -72.49732     26.185     25.983     9.7986    33.1991      8.024     0.3908 5.0640e-11  1025.6980     9.7957    25.5798     7.8984    240.672    9.23040  281.26035     85.569 -9.990e-29
   39.81198  -72.49732     26.185     25.983     9.7987    33.1990      8.024     0.3908 5.0640e-11  1025.6981     9.7958    25.5798     7.9050    240.875    9.23471  281.39275     85.601 -9.990e-29
   39.81198  -72.49732     26.215     26.013     9.7991    33.1990      8.024     0.3908 5.0640e-11  1025.6985     9.7962    25.5798     7.9053    240.882    9.23918  281.52788     85.563 -9.990e-29
   39.81198  -72.49732     26.215     26.013     9.7994    33.1988      8.020     0.3908 5.0640e-11  1025.6986     9.7965    25.5796     7.9042    240.848    9.24260  281.63135     85.519 -9.990e-29
   39.81198  -72.49732     26.225     26.023     9.7994    33.1979      8.020     0.3908 5.0640e-11  1025.6973     9.7965    25.5788     7.9027    240.802    9.24613  281.73866     85.470 0.0000e+00
   39.81198  -72.49732     26.245     26.043     9.7991    33.1968      8.020     0.3908 5.0640e-11  1025.6964     9.7962    25.5781     7.9078    240.957    9.24987  281.85238     85.491 0.0000e+00
   39.81198  -72.49732     26.256     26.054     9.7978    33.1959      8.020     0.3908 5.0640e-11  1025.6964     9.7949    25.5776     7.9135    241.132    9.25328  281.95528     85.521 0.0000e+00
   39.81198  -72.49732     26.276     26.073     9.7971    33.1949      8.020     0.3908 5.0640e-11  1025.6959     9.7941    25.5769     7.9190    241.299    9.25617  282.04191     85.554 0.0000e+00
   39.81198  -72.49732     26.296     26.094     9.7958    33.1938      8.020     0.4043 5.0640e-11  1025.6946     9.7929    25.5764     7.9106    241.041    9.25845  282.11083     85.442 0.0000e+00
   39.81198  -72.49732     26.317     26.114     9.7922    33.1935      8.020     0.3908 5.0640e-11  1025.6952     9.7893    25.5764     7.9153    241.185    9.26154  282.20552     85.464 0.0000e+00
   39.81198  -72.49732     26.327     26.124     9.7903    33.1934      8.020     0.3908 5.0640e-11  1025.6960     9.7874    25.5768     7.9211    241.363    9.26560  282.33006     85.490 0.0000e+00
   39.81198  -72.49732     26.347     26.144     9.7891    33.1934      8.020     0.3640 5.0640e-11  1025.6962     9.7862    25.5771     7.9204    241.340    9.26971  282.45426     85.444 0.0000e+00
   39.81198  -72.49732     26.368     26.165     9.7884    33.1934      8.020     0.3237 5.0640e-11  1025.6967     9.7855    25.5772     7.9194    241.307    9.27329  282.56285     85.400 0.0000e+00
   39.81198  -72.49732     26.387     26.184     9.7871    33.1929      8.020     0.3237 5.0640e-11  1025.6965     9.7842    25.5770     7.9246    241.466    9.27683  282.66985     85.423 0.0000e+00
   39.81198  -72.49732     26.408     26.204     9.7856    33.1923      8.020     0.3237 5.0640e-11  1025.6955     9.7827    25.5767     7.9227    241.407    9.27979  282.75888     85.376 0.0000e+00
   39.81198  -72.49730     26.438     26.234     9.7830    33.1923      8.020     0.3237 5.0640e-11  1025.6962     9.7801    25.5768     7.9269    241.534    9.28254  282.84192     85.395 0.0000e+00
   39.81198  -72.49730     26.470     26.266     9.7807    33.1923      8.020     0.3237 5.0640e-11  1025.6968     9.7778    25.5775     7.9241    241.449    9.28501  282.91604     85.343 0.0000e+00
   39.81198  -72.49730     26.489     26.285     9.7787    33.1923      8.020     0.3237 5.0640e-11  1025.6984     9.7758    25.5785     7.9204    241.336    9.28709  282.97876     85.284 0.0000e+00
   39.81198  -72.49730     26.540     26.335     9.7785    33.1923      8.020     0.3237 5.0640e-11  1025.7007     9.7756    25.5787     7.9163    241.210    9.28851  283.01989     85.227 0.0000e+00
   39.81198  -72.49730     26.561     26.356     9.7800    33.1906      8.020     0.3237 5.0640e-11  1025.6975     9.7771    25.5766     7.9238    241.436    9.28821  283.00955     85.310 0.0000e+00
   39.81198  -72.49730     26.605     26.400     9.7773    33.1867      8.020     0.3237 5.0640e-11  1025.6921     9.7743    25.5738     7.9252    241.479    9.28790  282.99968     85.328 0.0000e+00
   39.81198  -72.49730     26.621     26.416     9.7711    33.1867      8.020     0.3237 5.0640e-11  1025.6920     9.7682    25.5733     7.9137    241.129    9.28832  283.01347     85.201 0.0000e+00
   39.81198  -72.49730     26.652     26.446     9.7664    33.1867      8.020     0.3237 5.0640e-11  1025.6960     9.7634    25.5752     7.9161    241.203    9.28960  283.05382     85.214 0.0000e+00
   39.81198  -72.49730     26.693     26.487     9.7655    33.1867      8.020     0.3237 5.0640e-11  1025.6993     9.7626    25.5772     7.9122    241.084    9.29135  283.10649     85.157 0.0000e+00
   39.81198  -72.49730     26.723     26.517     9.7667    33.1867      8.020     0.3237 5.0640e-11  1025.6995     9.7638    25.5767     7.9069    240.923    9.29225  283.13350     85.092 0.0000e+00
   39.81198  -72.49730     26.765     26.558     9.7667    33.1834      8.020     0.3237 5.0640e-11  1025.6955     9.7638    25.5733     7.9015    240.759    9.29281  283.15037     85.029 0.0000e+00
   39.81198  -72.49730     26.805     26.598     9.7609    33.1763      8.020     0.3237 5.0640e-11  1025.6882     9.7579    25.5688     7.9023    240.780    9.29323  283.16280     85.032 0.0000e+00
