CalculateIndicators/WaterTemperature/Data/CTD_NYOS/20220929_C06.cnv
* Sea-Bird SBE 9 Data File:
* FileName = C:\Seabird 9 CTD\Data\2022\202209_offshore\20220929_C06.hex
* Software Version Seasave V 7.23.2
* Temperature SN = 4590
* Conductivity SN = 3228
* Number of Bytes Per Scan = 44
* Number of Voltage Words = 5
* Number of Scans Averaged by the Deck Unit = 1
* NMEA Latitude = 39 28.65 N
* NMEA Longitude = 073 04.17 W
* NMEA UTC (Time) = Feb 13 2003  02:00:06
* NMEA baud rate = 4800
** Ship: seawolf
** Station: 6.4
** Operator: tcm
# nquan = 18
# nvalues = 20424                       
# units = specified
# name 0 = latitude: Latitude [deg]
# name 1 = longitude: Longitude [deg]
# name 2 = prDM: Pressure, Digiquartz [db]
# name 3 = depSM: Depth [salt water, m]
# name 4 = t090C: Temperature [ITS-90, deg C]
# name 5 = sal00: Salinity, Practical [PSU]
# name 6 = ph: pH
# name 7 = flECO-AFL: Fluorescence, WET Labs ECO-AFL/FL [mg/m^3]
# name 8 = cpar: CPAR/Corrected Irradiance [%]
# name 9 = density00: Density [density, kg/m^3]
# name 10 = potemp090C: Potential Temperature [ITS-90, deg C]
# name 11 = sigma-é00: Density [sigma-theta, kg/m^3]
# name 12 = sbeox0Mg/L: Oxygen, SBE 43 [mg/l]
# name 13 = sbox0Mm/Kg: Oxygen, SBE 43 [umol/kg]
# name 14 = oxsolMg/L: Oxygen Saturation, Garcia & Gordon [mg/l]
# name 15 = oxsolMm/Kg: Oxygen Saturation, Garcia & Gordon [umol/kg]
# name 16 = sbeox0PS: Oxygen, SBE 43 [% saturation]
# name 17 = flag:  0.000e+00
# span 0 =   39.47670,   39.47752       
# span 1 =  -73.06958,  -73.06884       
# span 2 =      1.698,     63.206       
# span 3 =      1.685,     62.715       
# span 4 =    12.3854,    21.9719       
# span 5 =    33.5441,    36.8105       
# span 6 =      8.075,      8.413       
# span 7 =    -0.0255,     1.4116       
# span 8 = 5.0640e-11, 9.9999e+04       
# span 9 =  1023.6038,  1028.4503       
# span 10 =    12.3775,    21.9661      
# span 11 =    23.5890,    27.5531      
# span 12 =     4.9090,     7.5499      
# span 13 =    149.583,    230.252      
# span 14 =    7.15845,    8.64237      
# span 15 =  218.49671,  263.33530      
# span 16 =     56.811,     98.721      
# span 17 = 0.0000e+00, 0.0000e+00      
# interval = seconds: 0.0416667
# start_time = Sep 29 2022 02:00:09 [System UTC, first data scan.]
# bad_flag = -9.990e-29
*END*
[from data line 16724]
   39.47684  -73.06898     18.107     17.968    21.1271    33.8762      8.399     0.0148 5.0640e-11  1023.6830    21.1236    23.6050     6.8720    209.801    7.29350  222.66871     94.221 -9.990e-29
   39.47684  -73.06898     18.116     17.978    21.1270    33.8763      8.399     0.0013 5.0640e-11  1023.6833    21.1235    23.6053     6.8720    209.801    7.29351  222.66918     94.221 -9.990e-29
   39.47684  -73.06898     18.116     17.978    21.1266    33.8767      8.399     0.0148 5.0640e-11  1023.6835    21.1231    23.6056     6.8717    209.790    7.29348  222.66816     94.216 -9.990e-29
   39.47684  -73.06898     18.107     17.968    21.1264    33.8774      8.399     0.0013 5.0640e-11  1023.6844    21.1229    23.6062     6.8713    209.779    7.29346  222.66752     94.212 -9.990e-29
   39.47684  -73.06898     18.116     17.978    21.1266    33.8782      8.399     0.0013 5.0640e-11  1023.6848    21.1232    23.6068     6.8709    209.767    7.29341  222.66575     94.207 -9.990e-29
   39.47684  -73.06898     18.116     17.978    21.1271    33.8789      8.399     0.0148 5.0640e-11  1023.6854    21.1236    23.6072     6.8655    209.602    7.29340  222.66549     94.133 -9.990e-29
   39.47684  -73.06898     18.107     17.968    21.1274    33.8795      8.399     0.0013 5.0640e-11  1023.6857    21.1240    23.6075     6.8651    209.590    7.29336  222.66443     94.128 -9.990e-29
   39.47684  -73.06898     18.107     17.968    21.1281    33.8799      8.399     0.0148 5.0640e-11  1023.6856    21.1247    23.6076     6.8695    209.723    7.29337  222.66472     94.188 -9.990e-29
   39.47684  -73.06898     18.107     17.968    21.1289    33.8802      8.399     0.0148 5.0640e-11  1023.6857    21.1255    23.6076     6.8690    209.710    7.29332  222.66317     94.183 -9.990e-29
   39.47684  -73.06898     18.116     17.978    21.1295    33.8803      8.399     0.0013 5.0640e-11  1023.6857    21.1261    23.6076     6.8640    209.556    7.29331  222.66283     94.114 -9.990e-29
   39.47684  -73.06898     18.116     17.978    21.1301    33.8805      8.399     0.0148 5.0640e-11  1023.6855    21.1266    23.6076     6.8683    209.687    7.29329  222.66244     94.173 -9.990e-29
   39.47684  -73.06898     18.107     17.968    21.1307    33.8807      8.399     0.0148 5.0640e-11  1023.6856    21.1272    23.6076     6.8679    209.676    7.29332  222.66337     94.167 -9.990e-29
   39.47684  -73.06898     18.107     17.968    21.1313    33.8810      8.399     0.0013 5.0640e-11  1023.6856    21.1279    23.6077     6.8629    209.523    7.29334  222.66422     94.098 -9.990e-29
   39.47684  -73.06898     18.107     17.968    21.1317    33.8814      8.399     0.0013 5.0640e-11  1023.6861    21.1282    23.6078     6.8673    209.656    7.29342  222.66635     94.157 -9.990e-29
   39.47684  -73.06898     18.107     17.968    21.1327    33.8814 -9.990e-29     0.0148 5.0640e-11  1023.6857    21.1293    23.6077     6.8672    209.653    7.29336  222.66458     94.156 -9.990e-29
   39.47684  -73.06898     18.116     17.978    21.1334    33.8814      8.399     0.0013 5.0640e-11  1023.6855    21.1299    23.6075     6.8667    209.640    7.29333  222.66374     94.151 -9.990e-29
   39.47684  -73.06898     18.107     17.968    21.1336    33.8812      8.399     0.0148 5.0640e-11  1023.6852    21.1301    23.6072     6.8667    209.637    7.29334  222.66382     94.150 -9.990e-29
   39.47684  -73.06898     18.116     17.978    21.1341    33.8808      8.399     0.0148 5.0640e-11  1023.6848    21.1307    23.6068     6.8666    209.636    7.29336  222.66454     94.149 -9.990e-29
   39.47684  -73.06898     18.107     17.968    21.1343    33.8803      8.399     0.0148 5.0640e-11  1023.6846    21.1308    23.6062     6.8666    209.635    7.29341  222.66592     94.148 -9.990e-29
   39.47684  -73.06898     18.107     17.968    21.1348    33.8794      8.399     0.0148 5.0640e-11  1023.6835    21.1313    23.6055     6.8665    209.631    7.29338  222.66529     94.146 -9.990e-29
   39.47684  -73.06898     18.107     17.968    21.1341    33.8783      8.399     0.0013 5.0640e-11  1023.6827    21.1307    23.6047     6.8668    209.640    7.29343  222.66676     94.150 -9.990e-29
   39.47684  -73.06898     18.116     17.978    21.1338    33.8774 -9.990e-29     0.0148 5.0640e-11  1023.6819    21.1303    23.6043     6.8667    209.638    7.29343  222.66663     94.149 -9.990e-29
   39.47684  -73.06898     18.107     17.968    21.1329    33.8772      8.399     0.0148 5.0640e-11  1023.6823    21.1294    23.6043     6.8616    209.484    7.29346  222.66764     94.079 -9.990e-29
   39.47684  -73.06898     18.116     17.978    21.1321    33.8770      8.399     0.0148 5.0640e-11  1023.6826    21.1287    23.6044     6.8663    209.626    7.29348  222.66822     94.143 -9.990e-29
   39.47684  -73.06898     18.107     17.968    21.1315    33.8767 -9.990e-29     0.0148 5.0640e-11  1023.6821    21.1281    23.6044     6.8662    209.625    7.29347  222.66798     94.142 -9.990e-29
   39.47684  -73.06898     18.116     17.978    21.1308    33.8765      8.399     0.0148 5.0640e-11  1023.6825    21.1273    23.6044     6.8662    209.623    7.29349  222.66839     94.142 -9.990e-29
   39.47684  -73.06898     18.107     17.968    21.1299    33.8765      8.399     0.0148 5.0640e-11  1023.6824    21.1265    23.6045     6.8662    209.623    7.29352  222.66954     94.141 -9.990e-29
   39.47684  -73.06898     18.116     17.978    21.1295    33.8765      8.399     0.0013 5.0640e-11  1023.6826    21.1260    23.6046     6.8665    209.632    7.29354  222.67013     94.144 -9.990e-29
   39.47684  -73.06898     18.107     17.968    21.1288    33.8765      8.399     0.0013 5.0640e-11  1023.6828    21.1254    23.6049     6.8665    209.632    7.29359  222.67167     94.144 -9.990e-29
   39.47684  -73.06898     18.107     17.968    21.1285    33.8768      8.399     0.0148 5.0640e-11  1023.6831    21.1250    23.6052     6.8664    209.631    7.29360  222.67181     94.143 -9.990e-29
   39.47684  -73.06898     18.107     17.968    21.1279    33.8772      8.399     0.0282 5.0640e-11  1023.6837    21.1244    23.6056     6.8664    209.630    7.29360  222.67173     94.143 -9.990e-29
   39.47684  -73.06898     18.107     17.968    21.1279    33.8772      8.399     0.0282 5.0640e-11  1023.6841    21.1245    23.6058     6.8713    209.780    7.29356  222.67065     94.211 -9.990e-29
   39.47684  -73.06898     18.116     17.978    21.1279    33.8772      8.399     0.0282 5.0640e-11  1023.6838    21.1245    23.6058     6.8716    209.787    7.29353  222.66949     94.215 -9.990e-29
   39.47684  -73.06898     18.107     17.968    21.1279    33.8771      8.399     0.0282 5.0640e-11  1023.6837    21.1245    23.6057     6.8721    209.803    7.29349  222.66844     94.222 -9.990e-29
   39.47684  -73.06898     18.096     17.957    21.1277    33.8768      8.399     0.0282 5.0640e-11  1023.6833    21.1242    23.6055     6.8673    209.658    7.29350  222.66907     94.157 -9.990e-29
   39.47684  -73.06898     18.107     17.968    21.1274    33.8768      8.399     0.0282 5.0640e-11  1023.6832    21.1240    23.6054     6.8674    209.659    7.29359  222.67185     94.156 -9.990e-29
   39.47684  -73.06898     18.107     17.968    21.1271    33.8768      8.399     0.0282 5.0640e-11  1023.6836    21.1236    23.6055     6.8724    209.813    7.29367  222.67422     94.224 -9.990e-29
   39.47684  -73.06898     18.107     17.968    21.1270    33.8769      8.399     0.0282 5.0640e-11  1023.6836    21.1235    23.6057     6.8727    209.821    7.29372  222.67580     94.227 -9.990e-29
   39.47684  -73.06898     18.096     17.957    21.1267    33.8771      8.399     0.0282 5.0640e-11  1023.6838    21.1233    23.6059     6.8732    209.839    7.29375  222.67664     94.235 -9.990e-29
   39.47684  -73.06898     18.086     17.947    21.1267    33.8775      8.399     0.0148 5.0640e-11  1023.6842    21.1233    23.6063     6.8688    209.704    7.29378  222.67780     94.174 -9.990e-29
   39.47684  -73.06898     18.096     17.957    21.1266    33.8779      8.399     0.0282 5.0640e-11  1023.6846    21.1231    23.6065     6.8741    209.866    7.29384  222.67939     94.246 -9.990e-29
   39.47684  -73.06898     18.096     17.957    21.1268    33.8779 -9.990e-29     0.0282 5.0640e-11  1023.6846    21.1233    23.6066     6.8694    209.721    7.29387  222.68050     94.180 -9.990e-29
   39.47684  -73.06898     18.086     17.947    21.1273    33.8779      8.399     0.0282 5.0640e-11  1023.6845    21.1238    23.6065     6.8697    209.729    7.29389  222.68100     94.184 -9.990e-29
   39.47684  -73.06898     18.076     17.938    21.1276    33.8779      8.399     0.0282 5.0640e-11  1023.6843    21.1242    23.6063     6.8700    209.738    7.29394  222.68226     94.187 -9.990e-29
   39.47684  -73.06898     18.086     17.947    21.1275    33.8776      8.399     0.0282 5.0640e-11  1023.6839    21.1241    23.6061     6.8702    209.747    7.29393  222.68207     94.191 -9.990e-29
   39.47684  -73.06898     18.086     17.947    21.1274    33.8773      8.399     0.0282 5.0640e-11  1023.6838    21.1240    23.6059     6.8702    209.747    7.29397  222.68322     94.191 -9.990e-29
   39.47684  -73.06898     18.065     17.927    21.1274    33.8773      8.399     0.0282 5.0640e-11  1023.6833    21.1240    23.6057     6.8702    209.745    7.29395  222.68281     94.190 -9.990e-29
   39.47686  -73.06898     18.065     17.927    21.1273    33.8773      8.399     0.0282 5.0640e-11  1023.6836    21.1238    23.6057     6.8705    209.755    7.29401  222.68454     94.194 -9.990e-29
   39.47686  -73.06898     18.065     17.927    21.1272    33.8773      8.399     0.0282 5.0640e-11  1023.6839    21.1237    23.6059     6.8705    209.754    7.29399  222.68395     94.194 -9.990e-29
   39.47686  -73.06898     18.065     17.927    21.1271    33.8775      8.399     0.0282 5.0640e-11  1023.6838    21.1237    23.6062     6.8705    209.755    7.29402  222.68488     94.194 -9.990e-29
   39.47686  -73.06898     18.056     17.917    21.1271    33.8779      8.399     0.0282 5.0640e-11  1023.6843    21.1237    23.6064     6.8705    209.755    7.29405  222.68582     94.193 -9.990e-29
   39.47686  -73.06898     18.045     17.907    21.1272    33.8781      8.399     0.0282 5.0640e-11  1023.6844    21.1237    23.6066     6.8705    209.755    7.29409  222.68713     94.193 -9.990e-29
   39.47686  -73.06898     18.056     17.917    21.1276    33.8783      8.399     0.0282 5.0640e-11  1023.6844    21.1242    23.6066     6.8705    209.756    7.29413  222.68811     94.193 -9.990e-29
   39.47686  -73.06898     18.035     17.897    21.1276    33.8783      8.399     0.0148 5.0640e-11  1023.6844    21.1242    23.6066     6.8705    209.754    7.29409  222.68684     94.192 -9.990e-29
   39.47686  -73.06898     18.035     17.897    21.1279    33.8783      8.399     0.0148 5.0640e-11  1023.6842    21.1245    23.6065     6.8701    209.744    7.29412  222.68785     94.187 -9.990e-29
   39.47686  -73.06898     18.035     17.897    21.1280    33.8781      8.399     0.0013 5.0640e-11  1023.6838    21.1246    23.6063     6.8648    209.581    7.29414  222.68867     94.114 -9.990e-29
   39.47686  -73.06898     18.014     17.876    21.1283    33.8780      8.399     0.0148 5.0640e-11  1023.6838    21.1249    23.6061     6.8645    209.573    7.29421  222.69079     94.109 -9.990e-29
   39.47686  -73.06898     18.025     17.887    21.1285    33.8779      8.399     0.0148 5.0640e-11  1023.6837    21.1251    23.6060     6.8693    209.718    7.29431  222.69374     94.173 -9.990e-29
   39.47686  -73.06898     18.014     17.876    21.1286    33.8776      8.399     0.0148 5.0640e-11  1023.6837    21.1251    23.6058     6.8690    209.709    7.29436  222.69521     94.169 -9.990e-29
   39.47686  -73.06898     18.005     17.867    21.1287    33.8771      8.399     0.0148 5.0640e-11  1023.6829    21.1253    23.6054     6.8690    209.709    7.29439  222.69606     94.168 -9.990e-29
   39.47686  -73.06898     18.005     17.867    21.1287    33.8771      8.399     0.0013 5.0640e-11  1023.6824    21.1253    23.6052     6.8689    209.706    7.29433  222.69423     94.168 -9.990e-29
   39.47686  -73.06898     17.995     17.857    21.1279    33.8771      8.399     0.0148 5.0640e-11  1023.6830    21.1245    23.6054     6.8686    209.695    7.29435  222.69476     94.163 -9.990e-29
   39.47686  -73.06898     17.995     17.857    21.1282    33.8772      8.399     0.0148 5.0640e-11  1023.6833    21.1248    23.6056     6.8685    209.694    7.29434  222.69449     94.162 -9.990e-29
   39.47686  -73.06898     17.984     17.846    21.1285    33.8772      8.399     0.0013 5.0640e-11  1023.6830    21.1251    23.6056     6.8684    209.690    7.29426  222.69188     94.162 -9.990e-29
   39.47686  -73.06898     17.984     17.846    21.1285    33.8772      8.399     0.0148 5.0640e-11  1023.6830    21.1251    23.6055     6.8682    209.684    7.29411  222.68723     94.161 -9.990e-29
   39.47686  -73.06898     17.975     17.837    21.1284    33.8772      8.399     0.0148 5.0640e-11  1023.6828    21.1250    23.6055     6.8681    209.681    7.29407  222.68585     94.160 -9.990e-29
   39.47686  -73.06898     17.975     17.837    21.1279    33.8772      8.399     0.0148 5.0640e-11  1023.6831    21.1245    23.6056     6.8730    209.830    7.29400  222.68393     94.228 -9.990e-29
   39.47686  -73.06898     17.964     17.826    21.1281    33.8771      8.399     0.0148 5.0640e-11  1023.6830    21.1247    23.6056     6.8682    209.684    7.29396  222.68264     94.163 -9.990e-29
   39.47686  -73.06898     17.964     17.826    21.1278    33.8771      8.399     0.0148 5.0640e-11  1023.6830    21.1244    23.6056     6.8681    209.680    7.29394  222.68173     94.161 -9.990e-29
   39.47686  -73.06898     17.964     17.826    21.1279    33.8770      8.399     0.0148 5.0640e-11  1023.6829    21.1244    23.6056     6.8680    209.677    7.29389  222.68037     94.161 -9.990e-29
   39.47686  -73.06898     17.954     17.816    21.1276    33.8770      8.399     0.0148 5.0640e-11  1023.6830    21.1242    23.6055     6.8678    209.673    7.29381  222.67783     94.160 -9.990e-29
   39.47686  -73.06898     17.944     17.807    21.1276    33.8770      8.399     0.0148 5.0640e-11  1023.6826    21.1242    23.6055     6.8675    209.661    7.29383  222.67846     94.154 -9.990e-29
   39.47686  -73.06898     17.954     17.816    21.1274    33.8769      8.399     0.0148 5.0640e-11  1023.6831    21.1240    23.6057     6.8673    209.657    7.29377  222.67681     94.153 -9.990e-29
   39.47686  -73.06898     17.944     17.807    21.1273    33.8769      8.399     0.0148 5.0640e-11  1023.6831    21.1239    23.6057     6.8672    209.655    7.29377  222.67677     94.152 -9.990e-29
   39.47686  -73.06898     17.954     17.816    21.1273    33.8769      8.399     0.0148 5.0640e-11  1023.6828    21.1238    23.6055     6.8672    209.652    7.29375  222.67619     94.151 -9.990e-29
   39.47686  -73.06898     17.933     17.796    21.1271    33.8769      8.399     0.0148 5.0640e-11  1023.6827    21.1237    23.6055     6.8670    209.648    7.29368  222.67414     94.150 -9.990e-29
   39.47686  -73.06898     17.954     17.816    21.1268    33.8769      8.399     0.0148 5.0640e-11  1023.6827    21.1234    23.6056     6.8669    209.645    7.29370  222.67458     94.149 -9.990e-29
   39.47686  -73.06898     17.933     17.796    21.1266    33.8769      8.399     0.0148 5.0640e-11  1023.6831    21.1231    23.6057     6.8719    209.796    7.29370  222.67491     94.216 -9.990e-29
   39.47686  -73.06898     17.944     17.807    21.1266    33.8771      8.399     0.0282 5.0640e-11  1023.6832    21.1231    23.6059     6.8671    209.650    7.29372  222.67540     94.151 -9.990e-29
   39.47686  -73.06898     17.933     17.796    21.1268    33.8772      8.399     0.0282 5.0640e-11  1023.6832    21.1234    23.6060     6.8670    209.648    7.29373  222.67572     94.150 -9.990e-29
