CalculateIndicators/WaterTemperature/Data/CTD_NYOS/202200727_C07.cnv
* Sea-Bird SBE 9 Data File:
* FileName = C:\Seabird 9 CTD\Data\2022\202207_offshore\202200727_C07.hex
* Software Version Seasave V 7.23.2
* Temperature SN = 4590
* Conductivity SN = 3228
* Number of Bytes Per Scan = 44
* Number of Voltage Words = 5
* Number of Scans Averaged by the Deck Unit = 1
* NMEA Latitude = 39 07.76 N
* NMEA Longitude = 072 56.44 W
* NMEA UTC (Time) = Dec 11 2002  13:40:07
* NMEA baud rate = 4800
** Ship: seawolf
** Station: 6.5
** Operator: tcm
# nquan = 18
# nvalues = 19850                       
# units = specified
# name 0 = latitude: Latitude [deg]
# name 1 = longitude: Longitude [deg]
# name 2 = prDM: Pressure, Digiquartz [db]
# name 3 = depSM: Depth [salt water, m]
# name 4 = t090C: Temperature [ITS-90, deg C]
# name 5 = sal00: Salinity, Practical [PSU]
# name 6 = ph: pH
# name 7 = flECO-AFL: Fluorescence, WET Labs ECO-AFL/FL [mg/m^3]
# name 8 = cpar: CPAR/Corrected Irradiance [%]
# name 9 = density00: Density [density, kg/m^3]
# name 10 = potemp090C: Potential Temperature [ITS-90, deg C]
# name 11 = sigma-é00: Density [sigma-theta, kg/m^3]
# name 12 = sbeox0Mg/L: Oxygen, SBE 43 [mg/l]
# name 13 = sbox0Mm/Kg: Oxygen, SBE 43 [umol/kg]
# name 14 = oxsolMg/L: Oxygen Saturation, Garcia & Gordon [mg/l]
# name 15 = oxsolMm/Kg: Oxygen Saturation, Garcia & Gordon [umol/kg]
# name 16 = sbeox0PS: Oxygen, SBE 43 [% saturation]
# name 17 = flag:  0.000e+00
# span 0 =   39.12774,   39.12948       
# span 1 =  -72.94072,  -72.94042       
# span 2 =      1.726,     78.942       
# span 3 =      1.713,     78.328       
# span 4 =     8.8787,    25.4949       
# span 5 =    31.5457,    34.2895       
# span 6 =      7.975,      8.224       
# span 7 =    -0.0792,     0.9549       
# span 8 = 3.7180e-14, 1.2266e+01       
# span 9 =  1020.6201,  1026.6068       
# span 10 =     8.8748,    25.4944      
# span 11 =    20.6106,    26.2377      
# span 12 =     6.8454,     9.1537      
# span 13 =    208.469,    279.096      
# span 14 =    6.84616,    9.35615      
# span 15 =  209.62403,  285.04656      
# span 16 =     76.604,    117.644      
# span 17 = 0.0000e+00, 0.0000e+00      
# interval = seconds: 0.0416667
# start_time = Jul 27 2022 13:40:09 [System UTC, first data scan.]
# bad_flag = -9.990e-29
*END*
[from data line 1367]
   39.12932  -72.94068     17.028     16.898    17.1419    33.2288      8.201     0.9415 1.1044e+00  1024.1958    17.1391    24.1222     9.0414    275.746    8.24173  251.35651    109.703 0.0000e+00
   39.12932  -72.94068     17.047     16.917    17.1254    33.2286      8.201     0.9415 1.0962e+00  1024.2007    17.1226    24.1266     9.0326    275.476    8.24568  251.47604    109.544 0.0000e+00
   39.12932  -72.94068     17.068     16.938    17.1104    33.2284      8.201     0.9415 1.0899e+00  1024.2085    17.1077    24.1303     9.0228    275.175    8.24890  251.57137    109.382 0.0000e+00
   39.12932  -72.94068     17.078     16.947    17.0982    33.2234      8.201     0.9147 1.0859e+00  1024.2078    17.0954    24.1289     9.0077    274.712    8.25226  251.67349    109.154 0.0000e+00
   39.12932  -72.94068     17.109     16.979    17.0839    33.2109      8.202     0.8744 1.0819e+00  1024.1955    17.0811    24.1235     9.0040    274.599    8.25587  251.78409    109.061 0.0000e+00
   39.12932  -72.94068     17.129     16.998    17.0593    33.1995      8.202     0.8609 1.0741e+00  1024.1919    17.0565    24.1207     8.9889    274.139    8.25942  251.89219    108.832 0.0000e+00
   39.12932  -72.94068     17.159     17.028    17.0236    33.1920      8.202     0.8609 1.0711e+00  1024.1978    17.0208    24.1231     8.9800    273.871    8.26372  252.02638    108.667 0.0000e+00
   39.12932  -72.94068     17.179     17.049    16.9806    33.1823      8.197     0.8609 1.0673e+00  1024.2049    16.9779    24.1261     8.9726    273.651    8.26899  252.19102    108.509 0.0000e+00
   39.12932  -72.94068     17.210     17.079    16.9270    33.1607      8.202     0.8609 1.0635e+00  1024.2047    16.9243    24.1225     8.9604    273.279    8.27461  252.36296    108.288 0.0000e+00
   39.12932  -72.94068     17.240     17.109    16.8598    33.1272      8.202     0.8609 1.0569e+00  1024.1835    16.8570    24.1133     8.9532    273.057    8.28021  252.53267    108.127 0.0000e+00
   39.12932  -72.94068     17.251     17.119    16.7688    33.1218      8.203     0.8609 1.0571e+00  1024.1743    16.7660    24.1128     8.9462    272.843    8.28557  252.69467    107.973 0.0000e+00
   39.12932  -72.94068     17.281     17.150    16.6572    33.1218      8.203     0.8609 1.0505e+00  1024.1974    16.6545    24.1348     8.9392    272.628    8.29075  252.85117    107.822 0.0000e+00
   39.12932  -72.94068     17.302     17.170    16.5403    33.1218      8.204     0.8609 1.0478e+00  1024.2488    16.5376    24.1801     8.9320    272.404    8.29561  252.99747    107.671 0.0000e+00
   39.12932  -72.94068     17.342     17.210    16.4288    33.1663      8.204     0.8609 1.0451e+00  1024.3143    16.4260    24.2390     8.9247    272.183    8.30035  253.14056    107.523 0.0000e+00
   39.12932  -72.94068     17.353     17.221    16.3307    33.2176      8.205     0.8609 1.0425e+00  1024.3801    16.3279    24.3006     8.9180    271.977    8.30534  253.29371    107.376 0.0000e+00
   39.12932  -72.94068     17.372     17.240    16.2487    33.2663      8.205     0.8609 1.0369e+00  1024.4381    16.2460    24.3570     8.9120    271.796    8.31043  253.44820    107.239 0.0000e+00
   39.12932  -72.94068     17.413     17.281    16.1803    33.3084      8.205     0.8609 1.0344e+00  1024.4856    16.1776    24.4052     8.9115    271.775    8.31480  253.57810    107.176 0.0000e+00
   39.12932  -72.94068     17.423     17.290    16.1226    33.3439      8.206     0.8609 1.0319e+00  1024.5254    16.1198    24.4458     8.8990    271.389    8.31835  253.68252    106.980 0.0000e+00
   39.12932  -72.94068     17.453     17.320    16.0742    33.3745      8.201     0.8609 1.0272e+00  1024.5594    16.0714    24.4804     8.8916    271.163    8.32144  253.77383    106.852 0.0000e+00
   39.12932  -72.94068     17.485     17.352    16.0334    33.4014      8.201     0.8609 1.0284e+00  1024.5893    16.0307    24.5104     8.8849    270.957    8.32434  253.86107    106.734 0.0000e+00
   39.12930  -72.94064     17.504     17.371    16.0001    33.4244      8.201     0.8609 1.0231e+00  1024.6161    15.9974    24.5356     8.8840    270.928    8.32685  253.93545    106.692 0.0000e+00
   39.12930  -72.94064     17.534     17.401    15.9743    33.4244      8.202     0.8609 1.0186e+00  1024.6371    15.9715    24.5531     8.8775    270.726    8.32880  253.99227    106.588 0.0000e+00
   39.12930  -72.94064     17.566     17.432    15.9537    33.4244      8.202     0.8609 1.0198e+00  1024.6451    15.9509    24.5567     8.8768    270.701    8.33026  254.03499    106.560 0.0000e+00
   39.12930  -72.94064     17.585     17.451    15.9348    33.4109      8.202     0.8609 1.0190e+00  1024.6285    15.9321    24.5415     8.8647    270.331    8.33137  254.06710    106.401 0.0000e+00
   39.12930  -72.94064     17.606     17.472    15.9099    33.3630      8.202     0.8609 1.0145e+00  1024.5895    15.9072    24.5113     8.8647    270.330    8.33230  254.09491    106.390 0.0000e+00
   39.12930  -72.94064     17.657     17.522    15.8695    33.3069      8.202     0.8609 1.0137e+00  1024.5512    15.8668    24.4772     8.8594    270.166    8.33289  254.11081    106.318 0.0000e+00
   39.12930  -72.94064     17.667     17.532    15.8139    33.2534      8.202     0.8609 1.0129e+00  1024.5219    15.8112    24.4482     8.8529    269.963    8.33239  254.09197    106.246 0.0000e+00
   39.12930  -72.94064     17.708     17.573    15.7467    33.2107      8.202     0.8475 1.0093e+00  1024.4975    15.7440    24.4301     8.8511    269.905    8.33038  254.02588    106.251 0.0000e+00
   39.12930  -72.94064     17.717     17.582    15.6691    33.2106      8.203     0.8206 1.0113e+00  1024.4952    15.6664    24.4310     8.8424    269.632    8.32649  253.90157    106.195 0.0000e+00
   39.12930  -72.94064     17.748     17.612    15.5870    33.2106      8.203     0.8072 1.0113e+00  1024.5268    15.5843    24.4518     8.8373    269.477    8.32069  253.72298    106.209 0.0000e+00
   39.12930  -72.94064     17.778     17.642    15.5135    33.2106      8.199     0.8072 1.0084e+00  1024.5634    15.5108    24.4798     8.8284    269.211    8.31588  253.58189    106.163 0.0000e+00
   39.12930  -72.94064     17.799     17.663    15.4500    33.2200      8.199     0.8072 1.0084e+00  1024.5859    15.4473    24.5014     8.8223    269.031    8.31407  253.53292    106.113 0.0000e+00
   39.12930  -72.94064     17.829     17.693    15.3925    33.2212      8.199     0.8072 1.0112e+00  1024.5925    15.3898    24.5155     8.8189    268.934    8.31433  253.54603    106.069 0.0000e+00
   39.12930  -72.94064     17.850     17.713    15.3354    33.2248      8.200     0.8072 1.0091e+00  1024.6042    15.3327    24.5308     8.8178    268.904    8.31659  253.61900    106.027 0.0000e+00
   39.12930  -72.94064     17.880     17.743    15.2797    33.2386      8.200     0.8072 1.0098e+00  1024.6291    15.2770    24.5533     8.8233    269.073    8.31944  253.70806    106.056 0.0000e+00
   39.12930  -72.94064     17.891     17.754    15.2300    33.2600      8.200     0.8072 1.0105e+00  1024.6611    15.2273    24.5804     8.8229    269.059    8.32188  253.78137    106.020 0.0000e+00
   39.12930  -72.94064     17.931     17.794    15.1883    33.2789      8.200     0.8072 1.0084e+00  1024.6897    15.1857    24.6041     8.8273    269.193    8.32336  253.82440    106.055 0.0000e+00
   39.12930  -72.94064     17.951     17.814    15.1542    33.2867      8.200     0.8072 1.0091e+00  1024.7019    15.1515    24.6191     8.8261    269.155    8.32468  253.86367    106.024 0.0000e+00
   39.12930  -72.94064     17.972     17.835    15.1229    33.2871      8.200     0.8072 1.0127e+00  1024.7078    15.1203    24.6266     8.8306    269.289    8.32579  253.89539    106.063 0.0000e+00
   39.12930  -72.94064     17.991     17.854    15.0925    33.2882      8.196     0.8072 1.0112e+00  1024.7087    15.0899    24.6318     8.8346    269.410    8.32615  253.90376    106.107 0.0000e+00
   39.12930  -72.94064     18.012     17.875    15.0614    33.2888      8.196     0.8072 1.0098e+00  1024.7177    15.0587    24.6386     8.8319    269.325    8.32585  253.89200    106.078 0.0000e+00
   39.12930  -72.94064     18.033     17.895    15.0323    33.2905      8.196     0.8072 1.0134e+00  1024.7262    15.0296    24.6475     8.8349    269.413    8.32494  253.86337    106.125 0.0000e+00
   39.12930  -72.94064     18.063     17.925    15.0057    33.2963      8.196     0.8206 1.0149e+00  1024.7371    15.0031    24.6577     8.8389    269.536    8.32465  253.85480    106.177 0.0000e+00
   39.12930  -72.94064     18.083     17.946    14.9818    33.3000      8.196     0.8072 1.0135e+00  1024.7505    14.9791    24.6672     8.8383    269.520    8.32525  253.87517    106.162 0.0000e+00
   39.12932  -72.94068     18.103     17.965    14.9615    33.3000      8.196     0.8072 1.0149e+00  1024.7545    14.9588    24.6726     8.8443    269.707    8.32659  253.91979    106.217 0.0000e+00
   39.12932  -72.94068     18.134     17.996    14.9422    33.3000      8.197     0.8072 1.0135e+00  1024.7546    14.9395    24.6747     8.8449    269.726    8.32803  253.96505    106.206 -9.990e-29
   39.12932  -72.94068     18.133     17.995    14.9213    33.2948      8.197     0.8072 1.0150e+00  1024.7572    14.9186    24.6751     8.8512    269.921    8.32992  254.02464    106.258 -9.990e-29
   39.12932  -72.94068     18.174     18.036    14.9015    33.2872      8.192     0.8072 1.0136e+00  1024.7538    14.8988    24.6738     8.8595    270.179    8.33333  254.13224    106.314 0.0000e+00
   39.12932  -72.94068     18.184     18.045    14.8791    33.2802      8.192     0.8072 1.0122e+00  1024.7505    14.8764    24.6732     8.8687    270.457    8.33713  254.24674    106.376 0.0000e+00
   39.12932  -72.94068     18.205     18.066    14.8555    33.2802      8.192     0.8072 1.0108e+00  1024.7547    14.8528    24.6768     8.8757    270.666    8.33919  254.30518    106.433 0.0000e+00
   39.12932  -72.94068     18.225     18.086    14.8332    33.2786      8.192     0.8072 1.0129e+00  1024.7666    14.8305    24.6826     8.8875    271.023    8.34007  254.32869    106.564 0.0000e+00
   39.12932  -72.94068     18.246     18.107    14.8140    33.2783      8.192     0.8072 1.0115e+00  1024.7678    14.8113    24.6856     8.8996    271.388    8.34060  254.34198    106.702 0.0000e+00
   39.12932  -72.94068     18.255     18.116    14.7946    33.2724      8.193     0.7938 1.0101e+00  1024.7660    14.7919    24.6853     8.9058    271.580    8.34111  254.35903    106.770 0.0000e+00
   39.12932  -72.94068     18.276     18.137    14.7743    33.2623      8.193     0.7669 1.0094e+00  1024.7674    14.7716    24.6818     8.9142    271.842    8.34309  254.42563    106.846 0.0000e+00
   39.12932  -72.94068     18.297     18.157    14.7550    33.2452      8.193     0.7669 1.0081e+00  1024.7550    14.7523    24.6731     8.9308    272.353    8.34738  254.56133    106.989 0.0000e+00
   39.12932  -72.94068     18.306     18.167    14.7313    33.2257      8.193     0.7669 1.0074e+00  1024.7395    14.7287    24.6632     8.9370    272.542    8.35239  254.71451    106.999 0.0000e+00
   39.12932  -72.94068     18.327     18.187    14.7013    33.2122      8.188     0.7669 1.0067e+00  1024.7365    14.6986    24.6591     8.9478    272.870    8.35661  254.84091    107.075 0.0000e+00
   39.12932  -72.94068     18.346     18.206    14.6686    33.2063      8.188     0.7669 1.0053e+00  1024.7410    14.6659    24.6612     8.9575    273.163    8.36026  254.94944    107.144 -9.990e-29
   39.12932  -72.94068     18.348     18.208    14.6366    33.2045      8.193     0.7669 1.0053e+00  1024.7473    14.6339    24.6665     8.9721    273.605    8.36301  255.02993    107.284 -9.990e-29
   39.12932  -72.94068     18.387     18.247    14.6054    33.2041      8.193     0.7669 1.0075e+00  1024.7541    14.6028    24.6728     8.9803    273.850    8.36489  255.08418    107.357 -9.990e-29
   39.12932  -72.94068     18.378     18.238    14.5760    33.2038      8.193     0.7669 1.0068e+00  1024.7611    14.5733    24.6788     8.9878    274.080    8.36637  255.12804    107.428 -9.990e-29
   39.12932  -72.94068     18.408     18.268    14.5478    33.2010      8.194     0.7669 1.0061e+00  1024.7667    14.5452    24.6827     9.0011    274.483    8.36773  255.16867    107.569 0.0000e+00
   39.12932  -72.94068     18.418     18.277    14.5213    33.2005      8.189     0.7669 1.0054e+00  1024.7639    14.5186    24.6846     9.0084    274.703    8.36871  255.19746    107.643 0.0000e+00
   39.12932  -72.94068     18.429     18.288    14.4923    33.2005      8.189     0.7669 1.0075e+00  1024.7664    14.4897    24.6893     9.0153    274.914    8.36955  255.22255    107.715 0.0000e+00
   39.12932  -72.94068     18.438     18.298    14.4630    33.2005      8.189     0.7669 1.0075e+00  1024.7807    14.4603    24.7000     9.0222    275.124    8.37054  255.25230    107.785 0.0000e+00
   39.12932  -72.94068     18.459     18.318    14.4377    33.2104      8.189     0.7669 1.0069e+00  1024.7963    14.4351    24.7129     9.0293    275.341    8.37148  255.28075    107.858 0.0000e+00
   39.12932  -72.94068     18.467     18.326    14.4166    33.2186      8.189     0.7669 1.0090e+00  1024.8078    14.4139    24.7238     9.0357    275.536    8.37238  255.30761    107.923 0.0000e+00
   39.12932  -72.94068     18.489     18.348    14.3987    33.2243      8.189     0.7669 1.0119e+00  1024.8132    14.3960    24.7321     9.0418    275.722    8.37325  255.33408    107.985 -9.990e-29
   39.12930  -72.94064     18.489     18.348    14.3817    33.2304      8.190     0.7803 1.0112e+00  1024.8217    14.3791    24.7403     9.0481    275.914    8.37452  255.37300    108.044 -9.990e-29
   39.12930  -72.94064     18.510     18.369    14.3674    33.2379      8.190     0.7669 1.0140e+00  1024.8317    14.3648    24.7491     9.0548    276.117    8.37587  255.41430    108.105 -9.990e-29
   39.12930  -72.94064     18.510     18.369    14.3564    33.2451      8.190     0.7669 1.0133e+00  1024.8399    14.3537    24.7570     9.0617    276.329    8.37773  255.47319    108.164 -9.990e-29
   39.12930  -72.94064     18.540     18.399    14.3479    33.2509      8.190     0.7669 1.0133e+00  1024.8466    14.3452    24.7633     9.0695    276.569    8.38019  255.54807    108.226 -9.990e-29
   39.12930  -72.94064     18.540     18.399    14.3419    33.2567      8.185     0.7669 1.0184e+00  1024.8491    14.3392    24.7692     9.0749    276.729    8.38117  255.57568    108.277 -9.990e-29
   39.12930  -72.94064     18.559     18.418    14.3357    33.2669      8.185     0.7669 1.0184e+00  1024.8573    14.3330    24.7781     9.0788    276.847    8.38079  255.56099    108.329 -9.990e-29
   39.12930  -72.94064     18.559     18.418    14.3329    33.2846      8.190     0.7669 1.0177e+00  1024.8722    14.3302    24.7920     9.0828    276.968    8.38079  255.56105    108.376 -9.990e-29
   39.12930  -72.94064     18.570     18.429    14.3370    33.3087      8.190     0.7669 1.0199e+00  1024.8912    14.3344    24.8095     9.0816    276.932    8.38183  255.59380    108.349 0.0000e+00
   39.12930  -72.94064     18.591     18.449    14.3498    33.3323      8.190     0.7669 1.0256e+00  1024.9147    14.3471    24.8248     9.0925    277.268    8.38335  255.64200    108.460 0.0000e+00
   39.12930  -72.94064     18.601     18.459    14.3792    33.3323      8.185     0.7400 1.0256e+00  1024.9216    14.3765    24.8273     9.0928    277.279    8.38585  255.72086    108.430 -9.990e-29
   39.12930  -72.94064     18.601     18.459    14.4142    33.3323      8.185     0.7400 1.0278e+00  1024.8983    14.4115    24.8137     9.0998    277.496    8.38933  255.82918    108.469 -9.990e-29
   39.12930  -72.94064     18.621     18.479    14.4332    33.3101      8.185     0.7400 1.0307e+00  1024.8738    14.4305    24.7926     9.1012    277.539    8.39337  255.95408    108.433 0.0000e+00
