CalculateIndicators/WaterTemperature/Data/CTD_NYOS/20220928_C01.cnv
* Sea-Bird SBE 9 Data File:
* FileName = C:\Seabird 9 CTD\Data\2022\202209_offshore\20220928_C01.hex
* Software Version Seasave V 7.23.2
* Temperature SN = 4590
* Conductivity SN = 3228
* Number of Bytes Per Scan = 44
* Number of Voltage Words = 5
* Number of Scans Averaged by the Deck Unit = 1
* NMEA Latitude = 40 57.60 N
* NMEA Longitude = 073 34.76 W
* NMEA UTC (Time) = Feb 12 2003  02:13:49
* NMEA baud rate = 4800
** Ship: seawolf
** Station: lis_arig
** Operator: tcm
# nquan = 18
# nvalues = 9612                        
# units = specified
# name 0 = latitude: Latitude [deg]
# name 1 = longitude: Longitude [deg]
# name 2 = prDM: Pressure, Digiquartz [db]
# name 3 = depSM: Depth [salt water, m]
# name 4 = t090C: Temperature [ITS-90, deg C]
# name 5 = sal00: Salinity, Practical [PSU]
# name 6 = ph: pH
# name 7 = flECO-AFL: Fluorescence, WET Labs ECO-AFL/FL [mg/m^3]
# name 8 = cpar: CPAR/Corrected Irradiance [%]
# name 9 = density00: Density [density, kg/m^3]
# name 10 = potemp090C: Potential Temperature [ITS-90, deg C]
# name 11 = sigma-é00: Density [sigma-theta, kg/m^3]
# name 12 = sbeox0Mg/L: Oxygen, SBE 43 [mg/l]
# name 13 = sbox0Mm/Kg: Oxygen, SBE 43 [umol/kg]
# name 14 = oxsolMg/L: Oxygen Saturation, Garcia & Gordon [mg/l]
# name 15 = oxsolMm/Kg: Oxygen Saturation, Garcia & Gordon [umol/kg]
# name 16 = sbeox0PS: Oxygen, SBE 43 [% saturation]
# name 17 = flag:  0.000e+00
# span 0 =   40.95934,   40.96000       
# span 1 =  -73.58028,  -73.57946       
# span 2 =      1.508,     13.591       
# span 3 =      1.497,     13.485       
# span 4 =    21.5154,    21.5501       
# span 5 =    28.8814,    28.8887       
# span 6 =      6.849,      7.831       
# span 7 =     1.5996,     2.1234       
# span 8 = 5.0640e-11, 9.9999e+04       
# span 9 =  1019.7114,  1019.7664       
# span 10 =    21.5147,    21.5493      
# span 11 =    19.6983,    19.7111      
# span 12 =     6.2160,     6.2815      
# span 13 =    190.499,    192.507      
# span 14 =    7.45273,    7.45735      
# span 15 =  228.40168,  228.54101      
# span 16 =     83.377,     84.241      
# span 17 = 0.0000e+00, 0.0000e+00      
# interval = seconds: 0.0416667
# start_time = Sep 28 2022 02:13:52 [System UTC, first data scan.]
# bad_flag = -9.990e-29
*END*
[from data line 2252]
   40.95982  -73.57964     13.500     13.395    21.5301    28.8862      7.781     1.9354 5.0640e-11  1019.7655    21.5275    19.7071     6.2337    191.042    7.45535  228.48032     83.614 -9.990e-29
   40.95982  -73.57964     13.497     13.392    21.5299    28.8863      7.781     1.9354 5.0640e-11  1019.7658    21.5273    19.7072     6.2342    191.057    7.45536  228.48063     83.621 -9.990e-29
   40.95982  -73.57964     13.497     13.392    21.5301    28.8863      7.781     1.9354 5.0640e-11  1019.7656    21.5275    19.7072     6.2347    191.073    7.45537  228.48095     83.628 -9.990e-29
   40.95982  -73.57964     13.500     13.395    21.5301    28.8863      7.785     1.9354 5.0640e-11  1019.7657    21.5275    19.7072     6.2301    190.931    7.45532  228.47941     83.566 -9.990e-29
   40.95982  -73.57964     13.497     13.392    21.5297    28.8863      7.781     1.9354 5.0640e-11  1019.7657    21.5272    19.7072     6.2355    191.097    7.45537  228.48103     83.638 -9.990e-29
   40.95982  -73.57964     13.490     13.385    21.5301    28.8863      7.785     1.9354 5.0640e-11  1019.7657    21.5275    19.7072     6.2307    190.948    7.45534  228.48008     83.573 -9.990e-29
   40.95982  -73.57964     13.507     13.402    21.5299    28.8862      7.785     1.9354 5.0640e-11  1019.7656    21.5273    19.7071     6.2358    191.105    7.45537  228.48071     83.641 -9.990e-29
   40.95982  -73.57964     13.509     13.404    21.5301    28.8862      7.785     1.9354 5.0640e-11  1019.7656    21.5275    19.7071     6.2361    191.114    7.45536  228.48047     83.646 -9.990e-29
   40.95982  -73.57964     13.497     13.392    21.5299    28.8862      7.781     1.9354 5.0640e-11  1019.7658    21.5273    19.7071     6.2364    191.123    7.45534  228.47984     83.650 -9.990e-29
   40.95982  -73.57964     13.500     13.395    21.5301    28.8862      7.781     1.9354 5.0640e-11  1019.7654    21.5275    19.7071     6.2367    191.133    7.45534  228.47984     83.654 -9.990e-29
   40.95982  -73.57964     13.507     13.402    21.5299    28.8862      7.781     1.9354 5.0640e-11  1019.7657    21.5273    19.7071     6.2371    191.145    7.45535  228.48024     83.659 -9.990e-29
   40.95982  -73.57964     13.500     13.395    21.5299    28.8862      7.781     1.9354 5.0640e-11  1019.7656    21.5273    19.7071     6.2374    191.156    7.45536  228.48047     83.664 -9.990e-29
   40.95982  -73.57964     13.507     13.402    21.5299    28.8862      7.785     1.9354 5.0640e-11  1019.7656    21.5273    19.7071     6.2378    191.168    7.45536  228.48056     83.669 -9.990e-29
   40.95982  -73.57964     13.507     13.402    21.5297    28.8862      7.785     1.9220 5.0640e-11  1019.7657    21.5272    19.7071     6.2382    191.179    7.45536  228.48071     83.674 -9.990e-29
   40.95982  -73.57964     13.500     13.395    21.5299    28.8862      7.785     1.9354 5.0640e-11  1019.7655    21.5273    19.7070     6.2386    191.192    7.45537  228.48095     83.680 -9.990e-29
   40.95982  -73.57964     13.507     13.402    21.5299    28.8862      7.785     1.9354 5.0640e-11  1019.7654    21.5273    19.7070     6.2391    191.205    7.45540  228.48170     83.685 -9.990e-29
   40.95982  -73.57964     13.500     13.395    21.5299    28.8862      7.785     1.9354 5.0640e-11  1019.7657    21.5273    19.7071     6.2394    191.217    7.45536  228.48047     83.691 -9.990e-29
   40.95982  -73.57964     13.507     13.402    21.5299    28.8862      7.785     1.9354 5.0640e-11  1019.7656    21.5273    19.7071     6.2399    191.231    7.45536  228.48048     83.697 -9.990e-29
   40.95982  -73.57964     13.509     13.404    21.5299    28.8863      7.785     1.9354 5.0640e-11  1019.7657    21.5273    19.7072     6.2404    191.245    7.45537  228.48072     83.703 -9.990e-29
   40.95982  -73.57964     13.507     13.402    21.5299    28.8863      7.785     1.9354 5.0640e-11  1019.7659    21.5273    19.7073     6.2408    191.259    7.45538  228.48106     83.709 -9.990e-29
   40.95982  -73.57964     13.500     13.395    21.5299    28.8863      7.785     1.9354 5.0640e-11  1019.7656    21.5273    19.7072     6.2410    191.264    7.45536  228.48055     83.711 -9.990e-29
   40.95982  -73.57964     13.507     13.402    21.5299    28.8863      7.785     1.9354 5.0640e-11  1019.7657    21.5273    19.7072     6.2462    191.426    7.45539  228.48154     83.782 -9.990e-29
   40.95982  -73.57964     13.518     13.412    21.5297    28.8862      7.785     1.9354 5.0640e-11  1019.7658    21.5272    19.7071     6.2416    191.282    7.45536  228.48048     83.719 -9.990e-29
   40.95982  -73.57964     13.500     13.395    21.5301    28.8862      7.785     1.9354 5.0640e-11  1019.7654    21.5275    19.7071     6.2468    191.443    7.45537  228.48071     83.790 -9.990e-29
   40.95982  -73.57964     13.497     13.392    21.5297    28.8862      7.785     1.9354 5.0640e-11  1019.7658    21.5272    19.7071     6.2476    191.466    7.45537  228.48079     83.800 -9.990e-29
   40.95982  -73.57964     13.509     13.404    21.5299    28.8862      7.785     1.9354 5.0640e-11  1019.7656    21.5273    19.7071     6.2480    191.480    7.45537  228.48079     83.806 -9.990e-29
   40.95982  -73.57964     13.507     13.402    21.5299    28.8862      7.785     1.8817 5.0640e-11  1019.7656    21.5273    19.7070     6.2484    191.493    7.45537  228.48079     83.811 -9.990e-29
   40.95982  -73.57964     13.490     13.385    21.5301    28.8862      7.785     1.8280 5.0640e-11  1019.7653    21.5275    19.7070     6.2488    191.505    7.45534  228.48000     83.817 -9.990e-29
   40.95982  -73.57964     13.507     13.402    21.5301    28.8862      7.785     1.8280 5.0640e-11  1019.7656    21.5275    19.7071     6.2489    191.507    7.45534  228.47984     83.818 -9.990e-29
   40.95982  -73.57964     13.509     13.404    21.5299    28.8863      7.785     1.8280 5.0640e-11  1019.7658    21.5273    19.7072     6.2493    191.519    7.45534  228.47984     83.823 -9.990e-29
   40.95982  -73.57964     13.497     13.392    21.5299    28.8863      7.785     1.8280 5.0640e-11  1019.7656    21.5273    19.7072     6.2496    191.530    7.45533  228.47961     83.828 -9.990e-29
   40.95982  -73.57964     13.507     13.402    21.5299    28.8863      7.785     1.8280 5.0640e-11  1019.7659    21.5273    19.7072     6.2500    191.540    7.45534  228.47976     83.832 -9.990e-29
   40.95982  -73.57964     13.500     13.395    21.5297    28.8863      7.785     1.8280 5.0640e-11  1019.7656    21.5272    19.7072     6.2500    191.541    7.45535  228.48032     83.833 -9.990e-29
   40.95982  -73.57964     13.497     13.392    21.5299    28.8863      7.785     1.8280 5.0640e-11  1019.7658    21.5273    19.7073     6.2503    191.550    7.45534  228.47984     83.837 -9.990e-29
   40.95982  -73.57964     13.500     13.395    21.5295    28.8863      7.785     1.8280 5.0640e-11  1019.7659    21.5270    19.7073     6.2503    191.550    7.45535  228.48024     83.837 -9.990e-29
   40.95982  -73.57964     13.507     13.402    21.5299    28.8863      7.785     1.8280 5.0640e-11  1019.7657    21.5273    19.7072     6.2503    191.548    7.45535  228.48031     83.836 -9.990e-29
   40.95982  -73.57964     13.490     13.385    21.5299    28.8863      7.785     1.8280 5.0640e-11  1019.7655    21.5273    19.7072     6.2502    191.546    7.45535  228.48032     83.835 -9.990e-29
   40.95982  -73.57964     13.497     13.392    21.5297    28.8863      7.785     1.8280 5.0640e-11  1019.7658    21.5272    19.7072     6.2504    191.552    7.45533  228.47972     83.838 -9.990e-29
   40.95982  -73.57964     13.500     13.395    21.5297    28.8863      7.785     1.8280 5.0640e-11  1019.7657    21.5272    19.7072     6.2503    191.549    7.45535  228.48032     83.836 -9.990e-29
   40.95982  -73.57964     13.497     13.392    21.5297    28.8862      7.785     1.8280 5.0640e-11  1019.7656    21.5272    19.7071     6.2501    191.544    7.45531  228.47909     83.834 -9.990e-29
   40.95982  -73.57964     13.507     13.402    21.5299    28.8862      7.785     1.8280 5.0640e-11  1019.7656    21.5273    19.7070     6.2499    191.538    7.45531  228.47909     83.832 -9.990e-29
   40.95982  -73.57964     13.490     13.385    21.5299    28.8862      7.785     1.8280 5.0640e-11  1019.7655    21.5273    19.7070     6.2501    191.543    7.45532  228.47940     83.834 -9.990e-29
   40.95982  -73.57964     13.497     13.392    21.5299    28.8862      7.785     1.8280 5.0640e-11  1019.7655    21.5273    19.7071     6.2553    191.703    7.45533  228.47965     83.904 -9.990e-29
   40.95982  -73.57964     13.500     13.395    21.5301    28.8862      7.785     1.8280 5.0640e-11  1019.7657    21.5275    19.7071     6.2554    191.705    7.45531  228.47925     83.905 -9.990e-29
   40.95982  -73.57964     13.497     13.392    21.5297    28.8862      7.785     1.8280 5.0640e-11  1019.7656    21.5272    19.7071     6.2554    191.707    7.45535  228.48031     83.905 -9.990e-29
   40.95982  -73.57964     13.500     13.395    21.5301    28.8862      7.785     1.8280 5.0640e-11  1019.7655    21.5275    19.7071     6.2554    191.706    7.45533  228.47972     83.905 -9.990e-29
   40.95982  -73.57964     13.497     13.392    21.5299    28.8862      7.785     1.8280 5.0640e-11  1019.7656    21.5273    19.7071     6.2557    191.716    7.45537  228.48079     83.909 -9.990e-29
   40.95982  -73.57964     13.490     13.385    21.5297    28.8862      7.785     1.8280 5.0640e-11  1019.7656    21.5272    19.7071     6.2560    191.724    7.45538  228.48111     83.913 -9.990e-29
   40.95982  -73.57964     13.497     13.392    21.5299    28.8861      7.785     1.8280 5.0640e-11  1019.7655    21.5273    19.7070     6.2562    191.732    7.45539  228.48154     83.916 -9.990e-29
   40.95982  -73.57964     13.486     13.381    21.5299    28.8861      7.767     1.8280 5.0640e-11  1019.7653    21.5273    19.7070     6.2564    191.737    7.45534  228.48000     83.918 -9.990e-29
   40.95982  -73.57964     13.509     13.404    21.5297    28.8861      7.703     1.8414 5.0640e-11  1019.7656    21.5272    19.7070     6.2566    191.744    7.45539  228.48130     83.921 -9.990e-29
   40.95982  -73.57964     13.497     13.392    21.5301    28.8861      7.631     1.8548 5.0640e-11  1019.7655    21.5275    19.7070     6.2568    191.747    7.45536  228.48047     83.923 -9.990e-29
   40.95982  -73.57964     13.500     13.395    21.5297    28.8862      7.558     1.8683 5.0640e-11  1019.7655    21.5272    19.7070     6.2566    191.741    7.45535  228.48024     83.920 -9.990e-29
   40.95982  -73.57964     13.497     13.392    21.5299    28.8863      7.494     1.8683 5.0640e-11  1019.7656    21.5273    19.7071     6.2566    191.744    7.45535  228.48031     83.921 -9.990e-29
   40.95982  -73.57964     13.500     13.395    21.5297    28.8863      7.440     1.8683 5.0640e-11  1019.7657    21.5272    19.7072     6.2564    191.736    7.45534  228.48000     83.918 -9.990e-29
   40.95982  -73.57964     13.497     13.392    21.5297    28.8863      7.385     1.8683 5.0640e-11  1019.7658    21.5272    19.7073     6.2564    191.736    7.45532  228.47925     83.918 -9.990e-29
   40.95982  -73.57964     13.500     13.395    21.5299    28.8863      7.340     1.8683 5.0640e-11  1019.7658    21.5273    19.7073     6.2564    191.736    7.45533  228.47964     83.918 -9.990e-29
   40.95982  -73.57964     13.497     13.392    21.5299    28.8863      7.295     1.8683 5.0640e-11  1019.7658    21.5273    19.7072     6.2564    191.736    7.45533  228.47972     83.918 -9.990e-29
   40.95982  -73.57964     13.500     13.395    21.5299    28.8863      7.254     1.8683 5.0640e-11  1019.7656    21.5273    19.7072     6.2512    191.578    7.45534  228.48000     83.849 -9.990e-29
   40.95982  -73.57964     13.486     13.381    21.5297    28.8862      7.217     1.8683 5.0640e-11  1019.7658    21.5272    19.7071     6.2559    191.723    7.45533  228.47964     83.912 -9.990e-29
   40.95982  -73.57964     13.507     13.401    21.5299    28.8860      7.186     1.8683 5.0640e-11  1019.7654    21.5273    19.7070     6.2559    191.720    7.45533  228.47972     83.911 -9.990e-29
   40.95982  -73.57964     13.500     13.395    21.5299    28.8860      7.154     1.8683 5.0640e-11  1019.7653    21.5273    19.7069     6.2506    191.560    7.45532  228.47941     83.841 -9.990e-29
   40.95982  -73.57964     13.497     13.392    21.5297    28.8860      7.126     1.8683 5.0640e-11  1019.7656    21.5272    19.7070     6.2502    191.547    7.45533  228.47965     83.835 -9.990e-29
   40.95982  -73.57964     13.490     13.385    21.5295    28.8861      7.104     1.8683 5.0640e-11  1019.7656    21.5270    19.7071     6.2497    191.533    7.45533  228.47972     83.829 -9.990e-29
   40.95982  -73.57964     13.497     13.392    21.5299    28.8862      7.081     1.8683 5.0640e-11  1019.7654    21.5273    19.7071     6.2493    191.519    7.45534  228.48000     83.823 -9.990e-29
   40.95982  -73.57964     13.500     13.395    21.5297    28.8863      7.063     1.8683 5.0640e-11  1019.7658    21.5272    19.7072     6.2488    191.503    7.45532  228.47925     83.817 -9.990e-29
   40.95982  -73.57964     13.507     13.401    21.5297    28.8863      7.045     1.8683 5.0640e-11  1019.7657    21.5272    19.7072     6.2483    191.489    7.45534  228.47984     83.810 -9.990e-29
   40.95982  -73.57964     13.490     13.385    21.5295    28.8863      7.027     1.8683 5.0640e-11  1019.7659    21.5270    19.7072     6.2478    191.473    7.45532  228.47925     83.803 -9.990e-29
   40.95982  -73.57964     13.497     13.392    21.5299    28.8863      7.013     1.8683 5.0640e-11  1019.7654    21.5273    19.7072     6.2473    191.458    7.45536  228.48055     83.796 -9.990e-29
   40.95982  -73.57964     13.497     13.392    21.5295    28.8863      6.995     1.8683 5.0640e-11  1019.7657    21.5270    19.7072     6.2468    191.441    7.45534  228.48008     83.789 -9.990e-29
   40.95982  -73.57964     13.500     13.395    21.5297    28.8862      6.986     1.8683 5.0640e-11  1019.7658    21.5272    19.7072     6.2465    191.434    7.45533  228.47964     83.786 -9.990e-29
   40.95982  -73.57964     13.497     13.392    21.5297    28.8862      6.972     1.8683 5.0640e-11  1019.7657    21.5272    19.7072     6.2460    191.418    7.45532  228.47941     83.779 -9.990e-29
   40.95982  -73.57964     13.490     13.385    21.5297    28.8862      6.963     1.8683 5.0640e-11  1019.7656    21.5272    19.7071     6.2509    191.568    7.45535  228.48024     83.844 -9.990e-29
   40.95982  -73.57964     13.507     13.401    21.5297    28.8862      6.954     1.8683 5.0640e-11  1019.7657    21.5272    19.7071     6.2458    191.412    7.45532  228.47956     83.777 -9.990e-29
   40.95982  -73.57964     13.490     13.385    21.5297    28.8862      6.945     1.8683 5.0640e-11  1019.7656    21.5272    19.7071     6.2456    191.405    7.45531  228.47917     83.773 -9.990e-29
   40.95982  -73.57964     13.497     13.392    21.5299    28.8863      6.936     1.9220 5.0640e-11  1019.7657    21.5273    19.7072     6.2453    191.397    7.45531  228.47885     83.770 -9.990e-29
   40.95982  -73.57964     13.490     13.385    21.5299    28.8864      6.931     1.9354 5.0640e-11  1019.7657    21.5273    19.7073     6.2451    191.389    7.45529  228.47838     83.767 -9.990e-29
   40.95982  -73.57964     13.497     13.392    21.5299    28.8865      6.922     1.9354 5.0640e-11  1019.7658    21.5273    19.7073     6.2499    191.539    7.45533  228.47957     83.832 -9.990e-29
   40.95982  -73.57964     13.497     13.392    21.5299    28.8865      6.918     1.9354 5.0640e-11  1019.7659    21.5273    19.7073     6.2500    191.540    7.45532  228.47941     83.833 -9.990e-29
