CalculateIndicators/WaterTemperature/Data/CTD_NYOS/20220202_C03.cnv
* Sea-Bird SBE 9 Data File:
* FileName = C:\Seabird 9 CTD\Data\2022\202202_offshore\20220202_C03.hex
* Software Version Seasave V 7.23.2
* Temperature SN = 4590
* Conductivity SN = 3228
* Number of Bytes Per Scan = 44
* Number of Voltage Words = 5
* Number of Scans Averaged by the Deck Unit = 1
* NMEA Latitude = 40 29.79 N
* NMEA Longitude = 073 47.78 W
* NMEA UTC (Time) = Jun 19 2002  01:42:36
* NMEA baud rate = 4800
** Ship: rv seawolf
** Station: 7.1
** Operator: TCM
# nquan = 18
# nvalues = 9283                                  
# units = specified
# name 0 = latitude: Latitude [deg]
# name 1 = longitude: Longitude [deg]
# name 2 = prDM: Pressure, Digiquartz [db]
# name 3 = depSM: Depth [salt water, m]
# name 4 = t090C: Temperature [ITS-90, deg C]
# name 5 = sal00: Salinity, Practical [PSU]
# name 6 = ph: pH
# name 7 = flECO-AFL: Fluorescence, WET Labs ECO-AFL/FL [mg/m^3]
# name 8 = cpar: CPAR/Corrected Irradiance [%]
# name 9 = density00: Density [density, kg/m^3]
# name 10 = potemp090C: Potential Temperature [ITS-90, deg C]
# name 11 = sigma-é00: Density [sigma-theta, kg/m^3]
# name 12 = sbeox0Mg/L: Oxygen, SBE 43 [mg/l]
# name 13 = sbox0Mm/Kg: Oxygen, SBE 43 [umol/kg]
# name 14 = oxsolMg/L: Oxygen Saturation, Garcia & Gordon [mg/l]
# name 15 = oxsolMm/Kg: Oxygen Saturation, Garcia & Gordon [umol/kg]
# name 16 = sbeox0PS: Oxygen, SBE 43 [% saturation]
# name 17 = flag:  0.000e+00
# span 0 =   40.49622,   40.49662                 
# span 1 =  -73.79706,  -73.79632                 
# span 2 =      0.981,     19.164                 
# span 3 =      0.973,     19.015                 
# span 4 =     4.9829,     5.7416                 
# span 5 =    32.8689,    33.2080                 
# span 6 =      8.333,      8.346                 
# span 7 =     0.2700,     0.5252                 
# span 8 = 5.0640e-11, 9.9999e+04                 
# span 9 =  1025.9983,  1026.2572                 
# span 10 =     4.9824,     5.7402                
# span 11 =    25.9870,    26.1697                
# span 12 =     8.3716,     9.8288                
# span 13 =    254.945,    299.370                
# span 14 =   10.05349,   10.25651                
# span 15 =  306.16866,  312.39739                
# span 16 =     83.260,     95.859                
# span 17 = 0.0000e+00, 0.0000e+00                
# interval = seconds: 0.0416667
# start_time = Feb 02 2022 01:42:37 [System UTC, first data scan.]
# bad_flag = -9.990e-29
*END*
[from data line 2895]
   40.49648  -73.79660     14.940     14.825     5.6087    33.1550      8.339     0.3237 5.0640e-11  1026.2116     5.6076    26.1425     8.4974    258.781   10.08727  307.20072     84.238  0.000e+00
   40.49648  -73.79660     14.903     14.788     5.6022    33.1555      8.339     0.3237 5.0640e-11  1026.2125     5.6010    26.1436     8.4923    258.628   10.08881  307.24703     84.176  0.000e+00
   40.49648  -73.79660     14.859     14.744     5.6020    33.1557      8.339     0.3237 5.0640e-11  1026.2125     5.6008    26.1438     8.4996    258.849   10.08884  307.24794     84.248  0.000e+00
   40.49648  -73.79660     14.838     14.724     5.6078    33.1529      8.339     0.3237 5.0640e-11  1026.2095     5.6066    26.1410     8.4919    258.614   10.08764  307.21219     84.181  0.000e+00
   40.49648  -73.79660     14.822     14.707     5.6110    33.1513      8.339     0.3237 5.0640e-11  1026.2078     5.6098    26.1393     8.4838    258.369   10.08698  307.19278     84.107  0.000e+00
   40.49648  -73.79660     14.799     14.684     5.6102    33.1498      8.339     0.3237 5.0640e-11  1026.2066     5.6090    26.1382     8.4759    258.127   10.08728  307.20210     84.025  0.000e+00
   40.49648  -73.79660     14.757     14.643     5.6096    33.1471      8.339     0.3237 5.0640e-11  1026.2044     5.6084    26.1362     8.4733    258.049   10.08761  307.21283     83.997  0.000e+00
   40.49648  -73.79660     14.731     14.617     5.6060    33.1453      8.339     0.3237 5.0640e-11  1026.2032     5.6049    26.1351     8.4781    258.197   10.08858  307.24263     84.037  0.000e+00
   40.49648  -73.79660     14.717     14.603     5.6010    33.1475      8.339     0.3237 5.0640e-11  1026.2055     5.5999    26.1375     8.4769    258.160   10.08962  307.27362     84.016  0.000e+00
   40.49648  -73.79660     14.697     14.583     5.6023    33.1477      8.339     0.3237 5.0640e-11  1026.2054     5.6012    26.1375     8.4683    257.896   10.08929  307.26359     83.933  0.000e+00
   40.49648  -73.79660     14.671     14.557     5.6027    33.1514      8.339     0.3237 5.0640e-11  1026.2082     5.6015    26.1404     8.4588    257.608   10.08896  307.25280     83.842  0.000e+00
   40.49648  -73.79660     14.666     14.553     5.6059    33.1533      8.339     0.3237 5.0640e-11  1026.2093     5.6047    26.1415     8.4627    257.727   10.08807  307.22528     83.888  0.000e+00
   40.49648  -73.79660     14.629     14.516     5.6089    33.1522      8.339     0.3237 5.0640e-11  1026.2079     5.6078    26.1403     8.4607    257.665   10.08742  307.20578     83.874  0.000e+00
   40.49648  -73.79660     14.625     14.512     5.6096    33.1475      8.339     0.3237 5.0640e-11  1026.2040     5.6084    26.1364     8.4595    257.629   10.08759  307.21204     83.860  0.000e+00
   40.49648  -73.79660     14.606     14.493     5.6059    33.1423      8.339     0.3237 5.0640e-11  1026.2003     5.6047    26.1328     8.4593    257.624   10.08881  307.25038     83.848  0.000e+00
   40.49648  -73.79660     14.589     14.476     5.6007    33.1374      8.339     0.3237 5.0640e-11  1026.1970     5.5996    26.1295     8.4663    257.839   10.09036  307.29866     83.905  0.000e+00
   40.49648  -73.79660     14.576     14.463     5.5933    33.1349      8.339     0.3371 5.0640e-11  1026.1958     5.5922    26.1284     8.4737    258.064   10.09230  307.35796     83.962  0.000e+00
   40.49648  -73.79660     14.576     14.463     5.5863    33.1382      8.339     0.3505 5.0640e-11  1026.1993     5.5851    26.1319     8.4684    257.902   10.09375  307.40119     83.897  0.000e+00
   40.49648  -73.79660     14.559     14.446     5.5823    33.1369      8.339     0.3371 5.0640e-11  1026.1986     5.5811    26.1313     8.4619    257.704   10.09479  307.43305     83.824  0.000e+00
   40.49648  -73.79660     14.555     14.442     5.5787    33.1346      8.339     0.3371 5.0640e-11  1026.1972     5.5775    26.1299     8.4684    257.903   10.09580  307.46428     83.881  0.000e+00
   40.49648  -73.79660     14.534     14.422     5.5732    33.1299      8.339     0.3371 5.0640e-11  1026.1941     5.5721    26.1269     8.4701    257.956   10.09741  307.51408     83.884  0.000e+00
   40.49648  -73.79660     14.548     14.436     5.5647    33.1303      8.339     0.3371 5.0640e-11  1026.1954     5.5636    26.1281     8.4784    258.208   10.09942  307.57506     83.950  0.000e+00
   40.49648  -73.79660     14.534     14.422     5.5599    33.1305      8.339     0.3371 5.0640e-11  1026.1961     5.5588    26.1289     8.4866    258.457   10.10056  307.60932     84.021  0.000e+00
   40.49648  -73.79660     14.534     14.422     5.5570    33.1316      8.339     0.3371 5.0640e-11  1026.1973     5.5559    26.1301     8.4873    258.479   10.10117  307.62755     84.023  0.000e+00
   40.49648  -73.79660     14.534     14.422     5.5551    33.1328      8.339     0.3371 5.0640e-11  1026.1985     5.5539    26.1313     8.4954    258.725   10.10155  307.63880     84.100  0.000e+00
   40.49648  -73.79660     14.528     14.415     5.5529    33.1329      8.339     0.3371 5.0640e-11  1026.1988     5.5517    26.1316     8.4913    258.600   10.10207  307.65469     84.055  0.000e+00
   40.49648  -73.79660     14.534     14.422     5.5508    33.1342      8.339     0.3371 5.0640e-11  1026.2001     5.5496    26.1329     8.4932    258.657   10.10248  307.66684     84.071  0.000e+00
   40.49648  -73.79660     14.544     14.431     5.5515    33.1400      8.339     0.3371 5.0640e-11  1026.2046     5.5504    26.1374     8.5011    258.896   10.10191  307.64798     84.153  0.000e+00
   40.49648  -73.79660     14.539     14.426     5.5567    33.1621      8.339     0.3371 5.0640e-11  1026.2215     5.5555    26.1542     8.5008    258.884   10.09920  307.56028     84.173  0.000e+00
   40.49648  -73.79660     14.544     14.431     5.5756    33.1782      8.339     0.3505 5.0640e-11  1026.2320     5.5745    26.1648     8.4916    258.601   10.09360  307.38662     84.129  0.000e+00
   40.49648  -73.79660     14.555     14.442     5.5980    33.1798      8.339     0.3371 5.0640e-11  1026.2307     5.5968    26.1634     8.4749    258.091   10.08817  307.22183     84.008  0.000e+00
   40.49648  -73.79660     14.548     14.436     5.6162    33.1668      8.339     0.3371 5.0640e-11  1026.2182     5.6150    26.1510     8.4729    258.035   10.08472  307.12032     84.018  0.000e+00
   40.49648  -73.79660     14.565     14.452     5.6202    33.1510      8.339     0.3371 5.0640e-11  1026.2053     5.6190    26.1379     8.4737    258.062   10.08482  307.12745     84.024  0.000e+00
   40.49648  -73.79660     14.565     14.452     5.6168    33.1428      8.339     0.3371 5.0640e-11  1026.1992     5.6156    26.1319     8.4819    258.311   10.08618  307.17055     84.094  0.000e+00
   40.49648  -73.79660     14.578     14.466     5.6059    33.1412      8.339     0.3371 5.0640e-11  1026.1993     5.6047    26.1319     8.4783    258.204   10.08889  307.25305     84.036  0.000e+00
   40.49648  -73.79660     14.585     14.472     5.5994    33.1467      8.339     0.3371 5.0640e-11  1026.2044     5.5982    26.1370     8.4788    258.216   10.09007  307.28739     84.031  0.000e+00
   40.49648  -73.79660     14.585     14.472     5.5989    33.1491      8.339     0.3371 5.0640e-11  1026.2064     5.5978    26.1390     8.4849    258.402   10.09000  307.28494     84.092  0.000e+00
   40.49648  -73.79660     14.599     14.486     5.5998    33.1441      8.339     0.3371 5.0640e-11  1026.2024     5.5986    26.1349     8.4781    258.197   10.09014  307.29042     84.024  0.000e+00
   40.49648  -73.79660     14.616     14.502     5.5970    33.1372      8.343     0.3371 5.0640e-11  1026.1974     5.5959    26.1298     8.4715    257.996   10.09125  307.32575     83.949  0.000e+00
   40.49648  -73.79660     14.616     14.502     5.5898    33.1338      8.339     0.3237 5.0640e-11  1026.1955     5.5887    26.1280     8.4718    258.006   10.09321  307.38571     83.936  0.000e+00
   40.49648  -73.79660     14.620     14.507     5.5826    33.1333      8.339     0.3103 5.0640e-11  1026.1960     5.5814    26.1284     8.4720    258.013   10.09496  307.43917     83.923  0.000e+00
   40.49648  -73.79660     14.636     14.523     5.5767    33.1318      8.339     0.2968 5.0640e-11  1026.1956     5.5756    26.1280     8.4712    257.988   10.09645  307.48454     83.903  0.000e+00
   40.49648  -73.79660     14.640     14.527     5.5737    33.1400      8.339     0.2968 5.0640e-11  1026.2025     5.5726    26.1348     8.4700    257.949   10.09662  307.48754     83.889  0.000e+00
   40.49648  -73.79660     14.666     14.553     5.5837    33.1492      8.339     0.2968 5.0640e-11  1026.2087     5.5825    26.1409     8.4666    257.846   10.09362  307.39461     83.881  0.000e+00
   40.49648  -73.79660     14.666     14.553     5.5919    33.1441      8.339     0.2968 5.0640e-11  1026.2036     5.5907    26.1359     8.4714    257.993   10.09202  307.34720     83.942  0.000e+00
   40.49648  -73.79660     14.671     14.557     5.5877    33.1363      8.339     0.2968 5.0640e-11  1026.1980     5.5865    26.1302     8.4869    258.465   10.09355  307.39542     84.082  0.000e+00
   40.49648  -73.79660     14.687     14.573     5.5798    33.1311      8.339     0.2968 5.0640e-11  1026.1949     5.5787    26.1270     8.4830    258.348   10.09577  307.46415     84.026  0.000e+00
   40.49648  -73.79660     14.687     14.573     5.5735    33.1261      8.339     0.2968 5.0640e-11  1026.1917     5.5724    26.1238     8.4857    258.430   10.09760  307.52078     84.037  0.000e+00
   40.49648  -73.79660     14.701     14.587     5.5639    33.1247      8.339     0.2968 5.0640e-11  1026.1918     5.5628    26.1239     8.4828    258.342   10.09998  307.59330     83.988  0.000e+00
   40.49648  -73.79660     14.706     14.593     5.5557    33.1255      8.339     0.2968 5.0640e-11  1026.1934     5.5546    26.1254     8.4857    258.429   10.10189  307.65087     84.001  0.000e+00
   40.49648  -73.79660     14.727     14.613     5.5512    33.1275      8.339     0.2968 5.0640e-11  1026.1957     5.5501    26.1276     8.4869    258.466   10.10282  307.67854     84.005  0.000e+00
   40.49648  -73.79660     14.731     14.617     5.5492    33.1285      8.339     0.2968 5.0640e-11  1026.1967     5.5480    26.1286     8.4816    258.304   10.10325  307.69148     83.949  0.000e+00
   40.49646  -73.79664     14.717     14.603     5.5483    33.1288      8.339     0.2968 5.0640e-11  1026.1970     5.5472    26.1289     8.4814    258.298   10.10343  307.69669     83.946  0.000e+00
   40.49646  -73.79664     14.738     14.624     5.5471    33.1289      8.339     0.2968 5.0640e-11  1026.1973     5.5459    26.1292     8.4737    258.065   10.10372  307.70555     83.868  0.000e+00
   40.49646  -73.79664     14.741     14.627     5.5455    33.1287      8.339     0.2968 5.0640e-11  1026.1973     5.5444    26.1292     8.4716    257.999   10.10410  307.71728     83.843  0.000e+00
   40.49646  -73.79664     14.757     14.643     5.5450    33.1284      8.339     0.2968 5.0640e-11  1026.1972     5.5438    26.1290     8.4692    257.927   10.10425  307.72187     83.818  0.000e+00
   40.49646  -73.79664     14.757     14.643     5.5440    33.1285      8.339     0.2968 5.0640e-11  1026.1974     5.5429    26.1292     8.4746    258.092   10.10448  307.72862     83.870  0.000e+00
   40.49646  -73.79664     14.761     14.647     5.5435    33.1282      8.339     0.2968 5.0640e-11  1026.1973     5.5424    26.1290     8.4739    258.069   10.10461  307.73280     83.861  0.000e+00
   40.49646  -73.79664     14.768     14.654     5.5432    33.1290      8.339     0.2968 5.0640e-11  1026.1980     5.5420    26.1297     8.4791    258.230   10.10464  307.73338     83.913  0.000e+00
   40.49646  -73.79664     14.768     14.654     5.5429    33.1284      8.339     0.2968 5.0640e-11  1026.1975     5.5417    26.1293     8.4775    258.180   10.10475  307.73691     83.896  0.000e+00
   40.49646  -73.79664     14.771     14.657     5.5427    33.1283      8.339     0.2968 5.0640e-11  1026.1975     5.5415    26.1292     8.4697    257.942   10.10481  307.73867     83.818  0.000e+00
   40.49646  -73.79664     14.778     14.663     5.5430    33.1279      8.339     0.2968 5.0640e-11  1026.1972     5.5419    26.1289     8.4679    257.887   10.10475  307.73699     83.801  0.000e+00
   40.49646  -73.79664     14.782     14.668     5.5427    33.1283      8.339     0.2968 5.0640e-11  1026.1975     5.5415    26.1292     8.4662    257.835   10.10481  307.73869     83.784  0.000e+00
   40.49646  -73.79664     14.778     14.663     5.5427    33.1286      8.339     0.2968 5.0640e-11  1026.1978     5.5415    26.1294     8.4644    257.781   10.10478  307.73788     83.766  0.000e+00
   40.49646  -73.79664     14.788     14.673     5.5423    33.1280      8.339     0.3103 5.0640e-11  1026.1974     5.5411    26.1290     8.4636    257.756   10.10493  307.74246     83.757  0.000e+00
   40.49646  -73.79664     14.782     14.668     5.5419    33.1275      8.339     0.3103 5.0640e-11  1026.1970     5.5408    26.1286     8.4636    257.756   10.10504  307.74607     83.756  0.000e+00
   40.49646  -73.79664     14.788     14.673     5.5413    33.1277      8.339     0.3103 5.0640e-11  1026.1972     5.5401    26.1289     8.4629    257.734   10.10518  307.75017     83.748  0.000e+00
   40.49646  -73.79664     14.788     14.673     5.5409    33.1280      8.339     0.3103 5.0640e-11  1026.1976     5.5398    26.1292     8.4751    258.106   10.10524  307.75186     83.868  0.000e+00
   40.49646  -73.79664     14.782     14.668     5.5411    33.1291      8.339     0.3103 5.0640e-11  1026.1983     5.5399    26.1300     8.4756    258.123   10.10513  307.74842     83.875  0.000e+00
   40.49646  -73.79664     14.788     14.673     5.5421    33.1300      8.339     0.3103 5.0640e-11  1026.1990     5.5409    26.1306     8.4760    258.133   10.10484  307.73928     83.880  0.000e+00
   40.49646  -73.79664     14.788     14.673     5.5432    33.1297      8.339     0.3103 5.0640e-11  1026.1986     5.5420    26.1302     8.4771    258.168   10.10460  307.73196     83.894  0.000e+00
   40.49646  -73.79664     14.771     14.657     5.5439    33.1286      8.339     0.3103 5.0640e-11  1026.1976     5.5427    26.1293     8.4792    258.230   10.10451  307.72952     83.915  0.000e+00
   40.49646  -73.79664     14.778     14.663     5.5432    33.1276      8.339     0.3103 5.0640e-11  1026.1969     5.5421    26.1286     8.4747    258.094   10.10472  307.73634     83.868  0.000e+00
   40.49646  -73.79664     14.768     14.654     5.5424    33.1281      8.339     0.3103 5.0640e-11  1026.1974     5.5413    26.1291     8.4702    257.958   10.10488  307.74108     83.823  0.000e+00
   40.49646  -73.79664     14.771     14.657     5.5419    33.1274      8.339     0.3103 5.0640e-11  1026.1969     5.5408    26.1286     8.4712    257.989   10.10505  307.74621     83.832  0.000e+00
   40.49646  -73.79664     14.757     14.643     5.5413    33.1278      8.339     0.3103 5.0640e-11  1026.1972     5.5401    26.1290     8.4654    257.810   10.10517  307.74982     83.773  0.000e+00
   40.49648  -73.79662     14.752     14.638     5.5411    33.1275      8.339     0.3103 5.0640e-11  1026.1969     5.5399    26.1287     8.4735    258.057   10.10524  307.75206     83.852  0.000e+00
   40.49648  -73.79662     14.748     14.633     5.5405    33.1275      8.339     0.3103 5.0640e-11  1026.1970     5.5393    26.1288     8.4756    258.122   10.10539  307.75663     83.872  0.000e+00
   40.49648  -73.79662     14.738     14.624     5.5403    33.1271      8.339     0.3103 5.0640e-11  1026.1966     5.5392    26.1285     8.4770    258.164   10.10546  307.75862     83.885  0.000e+00
