CalculateIndicators/WaterTemperature/Data/CTD_NYOS/20220928_C03.cnv
* Sea-Bird SBE 9 Data File:
* FileName = C:\Seabird 9 CTD\Data\2022\202209_offshore\20220928_C03.hex
* Software Version Seasave V 7.23.2
* Temperature SN = 4590
* Conductivity SN = 3228
* Number of Bytes Per Scan = 44
* Number of Voltage Words = 5
* Number of Scans Averaged by the Deck Unit = 1
* NMEA Latitude = 40 31.24 N
* NMEA Longitude = 073 26.32 W
* NMEA UTC (Time) = Feb 12 2003  12:09:33
* NMEA baud rate = 4800
** Ship: seawolf
** Station: 6.1
** Operator: TDK
# nquan = 18
# nvalues = 8185                        
# units = specified
# name 0 = latitude: Latitude [deg]
# name 1 = longitude: Longitude [deg]
# name 2 = prDM: Pressure, Digiquartz [db]
# name 3 = depSM: Depth [salt water, m]
# name 4 = t090C: Temperature [ITS-90, deg C]
# name 5 = sal00: Salinity, Practical [PSU]
# name 6 = ph: pH
# name 7 = flECO-AFL: Fluorescence, WET Labs ECO-AFL/FL [mg/m^3]
# name 8 = cpar: CPAR/Corrected Irradiance [%]
# name 9 = density00: Density [density, kg/m^3]
# name 10 = potemp090C: Potential Temperature [ITS-90, deg C]
# name 11 = sigma-é00: Density [sigma-theta, kg/m^3]
# name 12 = sbeox0Mg/L: Oxygen, SBE 43 [mg/l]
# name 13 = sbox0Mm/Kg: Oxygen, SBE 43 [umol/kg]
# name 14 = oxsolMg/L: Oxygen Saturation, Garcia & Gordon [mg/l]
# name 15 = oxsolMm/Kg: Oxygen Saturation, Garcia & Gordon [umol/kg]
# name 16 = sbeox0PS: Oxygen, SBE 43 [% saturation]
# name 17 = flag:  0.000e+00
# span 0 =   40.52062,   40.52070       
# span 1 =  -73.43866,  -73.43750       
# span 2 =      1.836,     16.030       
# span 3 =      1.822,     15.906       
# span 4 =    18.2806,    19.4062       
# span 5 =    31.9850,    32.8301       
# span 6 =      6.903,      7.379       
# span 7 =     0.6326,     1.3847       
# span 8 = 8.0365e-02, 4.2925e+00       
# span 9 =  1022.6598,  1023.6065       
# span 10 =    18.2779,    19.4039      
# span 11 =    22.6472,    23.5363      
# span 12 =     5.4905,     6.6978      
# span 13 =    167.640,    204.674      
# span 14 =    7.58510,    7.73571      
# span 15 =  231.69185,  236.18573      
# span 16 =     71.052,     87.779      
# span 17 = 0.0000e+00, 0.0000e+00      
# interval = seconds: 0.0416667
# start_time = Sep 28 2022 12:09:35 [System UTC, first data scan.]
# bad_flag = -9.990e-29
*END*
[from data line 2413]
   40.52062  -73.43832     15.473     15.353    18.3313    32.8137      6.912     0.8341 1.0833e-01  1023.5855    18.3286    23.5179     5.5377    169.078    7.73277  236.09702     71.614 -9.990e-29
   40.52062  -73.43832     15.491     15.371    18.3316    32.8137      6.912     0.8341 1.0829e-01  1023.5871    18.3290    23.5187     5.5372    169.062    7.73245  236.08745     71.610 -9.990e-29
   40.52062  -73.43832     15.504     15.383    18.3341    32.8137      6.912     0.8341 1.0857e-01  1023.5866    18.3315    23.5180     5.5316    168.891    7.73200  236.07364     71.542 -9.990e-29
   40.52062  -73.43832     15.532     15.412    18.3360    32.8121      6.912     0.8341 1.0840e-01  1023.5832    18.3333    23.5160     5.5306    168.862    7.73146  236.05758     71.534 -9.990e-29
   40.52062  -73.43832     15.554     15.434    18.3352    32.8096      6.912     0.8341 1.0758e-01  1023.5813    18.3326    23.5142     5.5298    168.837    7.73108  236.04633     71.527 -9.990e-29
   40.52062  -73.43832     15.575     15.454    18.3327    32.8078      6.912     0.8341 1.0708e-01  1023.5812    18.3300    23.5132     5.5291    168.816    7.73077  236.03705     71.521 -9.990e-29
   40.52062  -73.43830     15.583     15.463    18.3302    32.8078      6.912     0.8341 1.0708e-01  1023.5798    18.3276    23.5132     5.5284    168.795    7.73044  236.02702     71.515 -9.990e-29
   40.52062  -73.43830     15.615     15.494    18.3254    32.8078      6.912     0.8341 1.0614e-01  1023.5819    18.3227    23.5149     5.5224    168.612    7.73009  236.01677     71.441 -9.990e-29
   40.52062  -73.43830     15.636     15.514    18.3208    32.8105      6.912     0.8341 1.0551e-01  1023.5873    18.3181    23.5178     5.5269    168.749    7.72985  236.00970     71.501 -9.990e-29
   40.52062  -73.43830     15.664     15.543    18.3196    32.8124      6.912     0.8341 1.0565e-01  1023.5886    18.3170    23.5198     5.5211    168.572    7.72963  236.00321     71.428 -9.990e-29
   40.52062  -73.43830     15.687     15.565    18.3186    32.8128      6.912     0.8341 1.0517e-01  1023.5890    18.3159    23.5205     5.5204    168.551    7.72948  235.99866     71.420 -9.990e-29
   40.52062  -73.43830     15.687     15.565    18.3176    32.8128      6.912     0.8341 1.0455e-01  1023.5891    18.3149    23.5208     5.5198    168.531    7.72929  235.99304     71.414 -9.990e-29
   40.52062  -73.43830     15.715     15.594    18.3165    32.8128      6.912     0.8341 1.0410e-01  1023.5894    18.3138    23.5210     5.5192    168.514    7.72915  235.98883     71.408 -9.990e-29
   40.52062  -73.43830     15.747     15.625    18.3151    32.8128      6.912     0.8341 1.0349e-01  1023.5900    18.3124    23.5213     5.5187    168.499    7.72900  235.98452     71.402 -9.990e-29
   40.52062  -73.43830     15.757     15.635    18.3137    32.8130      6.912     0.8341 1.0227e-01  1023.5903    18.3110    23.5218     5.5182    168.484    7.72879  235.97809     71.398 -9.990e-29
   40.52062  -73.43830     15.786     15.663    18.3124    32.8132      6.912     0.8341 1.0227e-01  1023.5912    18.3097    23.5223     5.5124    168.307    7.72859  235.97225     71.325 -9.990e-29
   40.52062  -73.43830     15.808     15.685    18.3110    32.8132      6.912     0.8341 1.0150e-01  1023.5921    18.3083    23.5228     5.5117    168.285    7.72837  235.96543     71.318 -9.990e-29
   40.52062  -73.43830     15.828     15.706    18.3099    32.8133      6.912     0.8341 1.0043e-01  1023.5918    18.3072    23.5229     5.5111    168.266    7.72820  235.96041     71.311 -9.990e-29
   40.52062  -73.43830     15.836     15.714    18.3087    32.8132      6.912     0.8341 1.0010e-01  1023.5919    18.3060    23.5232     5.5106    168.252    7.72809  235.95743     71.306 -9.990e-29
   40.52062  -73.43830     15.868     15.745    18.3071    32.8132      6.912     0.8341 1.0023e-01  1023.5935    18.3044    23.5236     5.5102    168.241    7.72806  235.95650     71.302 -9.990e-29
   40.52062  -73.43830     15.879     15.756    18.3071    32.8127      6.912     0.8341 9.9179e-02  1023.5933    18.3044    23.5234     5.5099    168.231    7.72798  235.95408     71.298 -9.990e-29
   40.52062  -73.43830     15.897     15.774    18.3056    32.8111      6.912     0.8341 9.9145e-02  1023.5911    18.3029    23.5225     5.5043    168.060    7.72790  235.95148     71.227 0.0000e+00
   40.52062  -73.43830     15.900     15.777    18.3016    32.8111      6.912     0.8341 9.9276e-02  1023.5908    18.2989    23.5227     5.5037    168.042    7.72770  235.94514     71.221 0.0000e+00
   40.52062  -73.43830     15.930     15.807    18.2965    32.8111      6.912     0.8341 9.8234e-02  1023.5937    18.2938    23.5244     5.5032    168.026    7.72747  235.93848     71.216 -9.990e-29
   40.52062  -73.43830     15.930     15.807    18.2926    32.8129      6.912     0.8341 9.8072e-02  1023.5965    18.2898    23.5267     5.5028    168.013    7.72727  235.93269     71.212 -9.990e-29
   40.52062  -73.43830     15.948     15.824    18.2903    32.8146      6.912     0.8341 9.8202e-02  1023.5986    18.2876    23.5286     5.5024    168.003    7.72706  235.92658     71.210 0.0000e+00
   40.52062  -73.43830     15.960     15.837    18.2889    32.8157      6.912     0.8341 9.7011e-02  1023.5997    18.2862    23.5300     5.5024    168.002    7.72709  235.92797     71.209 0.0000e+00
   40.52062  -73.43830     15.970     15.846    18.2875    32.8164      6.912     0.8341 9.6277e-02  1023.6007    18.2848    23.5308     5.5025    168.005    7.72720  235.93141     71.209 0.0000e+00
   40.52062  -73.43830     15.978     15.854    18.2869    32.8168      6.912     0.8341 9.6405e-02  1023.6009    18.2841    23.5313     5.5023    167.999    7.72732  235.93494     71.206 0.0000e+00
   40.52062  -73.43830     16.000     15.876    18.2862    32.8170      6.912     0.8341 9.6119e-02  1023.6015    18.2834    23.5317     5.4968    167.833    7.72746  235.93923     71.134 -9.990e-29
   40.52062  -73.43830     16.000     15.876    18.2856    32.8172      6.912     0.8341 9.5549e-02  1023.6018    18.2829    23.5319     5.4968    167.832    7.72757  235.94246     71.133 -9.990e-29
   40.52062  -73.43830     16.010     15.886    18.2850    32.8172      6.912     0.8341 9.5422e-02  1023.6018    18.2822    23.5321     5.4965    167.823    7.72766  235.94518     71.128 0.0000e+00
   40.52062  -73.43830     16.021     15.897    18.2841    32.8174      6.912     0.8341 9.4605e-02  1023.6022    18.2813    23.5324     5.4963    167.817    7.72777  235.94841     71.125 -9.990e-29
   40.52062  -73.43830     16.021     15.897    18.2827    32.8176      6.912     0.8341 9.3919e-02  1023.6028    18.2800    23.5329     5.4962    167.813    7.72781  235.94930     71.122 -9.990e-29
   40.52062  -73.43830     16.019     15.895    18.2820    32.8179      6.912     0.8341 9.3640e-02  1023.6032    18.2792    23.5333     5.4908    167.647    7.72785  235.95019     71.052 -9.990e-29
   40.52062  -73.43830     16.021     15.897    18.2817    32.8181      6.912     0.8341 9.3764e-02  1023.6035    18.2789    23.5336     5.4957    167.798    7.72778  235.94786     71.117 -9.990e-29
   40.52062  -73.43830     16.030     15.906    18.2813    32.8183      6.912     0.8206 9.3764e-02  1023.6037    18.2786    23.5338     5.4958    167.800    7.72771  235.94556     71.118 0.0000e+00
   40.52062  -73.43830     16.021     15.897    18.2810    32.8185      6.912     0.7669 9.3764e-02  1023.6039    18.2782    23.5340     5.4960    167.805    7.72765  235.94380     71.121 -9.990e-29
   40.52062  -73.43830     16.019     15.895    18.2808    32.8187      6.912     0.7400 9.3516e-02  1023.6040    18.2780    23.5342     5.4958    167.800    7.72752  235.93987     71.120 -9.990e-29
   40.52062  -73.43830     16.011     15.887    18.2806    32.8191      6.912     0.7535 9.2992e-02  1023.6043    18.2779    23.5346     5.4957    167.797    7.72739  235.93580     71.120 -9.990e-29
   40.52062  -73.43830     16.011     15.887    18.2808    32.8199      6.912     0.7535 9.2626e-02  1023.6050    18.2780    23.5351     5.4956    167.795    7.72721  235.93059     71.120 -9.990e-29
   40.52062  -73.43830     16.010     15.886    18.2813    32.8210      6.912     0.7535 9.2384e-02  1023.6057    18.2786    23.5358     5.4956    167.796    7.72705  235.92579     71.122 -9.990e-29
   40.52062  -73.43830     15.990     15.867    18.2827    32.8222      6.912     0.7535 9.2538e-02  1023.6065    18.2800    23.5363     5.4908    167.648    7.72691  235.92139     71.061 -9.990e-29
   40.52062  -73.43830     15.990     15.867    18.2855    32.8222      6.912     0.7535 9.2693e-02  1023.6063    18.2828    23.5360     5.4906    167.642    7.72672  235.91571     71.060 -9.990e-29
   40.52062  -73.43830     15.968     15.845    18.2896    32.8222      6.912     0.7535 9.2572e-02  1023.6048    18.2869    23.5350     5.4905    167.640    7.72653  235.90982     71.061 -9.990e-29
   40.52062  -73.43830     15.970     15.846    18.2932    32.8218      6.912     0.7535 9.2572e-02  1023.6032    18.2905    23.5336     5.4906    167.641    7.72637  235.90523     71.063 -9.990e-29
   40.52062  -73.43830     15.949     15.826    18.2959    32.8210      6.912     0.7535 9.2969e-02  1023.6017    18.2931    23.5323     5.4907    167.645    7.72624  235.90145     71.066 0.0000e+00
   40.52062  -73.43830     15.940     15.816    18.2980    32.8205      6.912     0.7535 9.2969e-02  1023.6010    18.2952    23.5314     5.4964    167.818    7.72617  235.89964     71.140 0.0000e+00
   40.52062  -73.43830     15.927     15.804    18.3004    32.8202      6.912     0.7535 9.3402e-02  1023.5998    18.2977    23.5305     5.4972    167.843    7.72618  235.90019     71.150 0.0000e+00
   40.52062  -73.43830     15.909     15.786    18.3026    32.8201      6.912     0.7535 9.3680e-02  1023.5990    18.2999    23.5299     5.4981    167.870    7.72620  235.90074     71.161 0.0000e+00
   40.52062  -73.43830     15.889     15.766    18.3054    32.8200      6.912     0.7535 9.3558e-02  1023.5990    18.3027    23.5293     5.4936    167.733    7.72612  235.89828     71.104 -9.990e-29
   40.52062  -73.43830     15.887     15.764    18.3092    32.8199      6.912     0.7535 9.3837e-02  1023.5977    18.3065    23.5283     5.4992    167.905    7.72607  235.89683     71.177 -9.990e-29
   40.52062  -73.43830     15.858     15.736    18.3122    32.8192      6.912     0.7535 9.4397e-02  1023.5960    18.3095    23.5269     5.5000    167.928    7.72614  235.89909     71.186 0.0000e+00
   40.52062  -73.43830     15.849     15.726    18.3146    32.8185      6.912     0.7535 9.4274e-02  1023.5946    18.3119    23.5258     5.5008    167.955    7.72626  235.90283     71.197 0.0000e+00
   40.52062  -73.43830     15.827     15.704    18.3169    32.8179      6.912     0.7400 9.5277e-02  1023.5940    18.3142    23.5247     5.5017    167.981    7.72627  235.90306     71.208 0.0000e+00
   40.52062  -73.43830     15.807     15.685    18.3196    32.8172      6.912     0.7535 9.6291e-02  1023.5924    18.3169    23.5236     5.5026    168.008    7.72624  235.90177     71.220 0.0000e+00
   40.52062  -73.43830     15.798     15.675    18.3215    32.8163      6.912     0.7535 9.6452e-02  1023.5912    18.3188    23.5224     5.5031    168.025    7.72620  235.90053     71.227 0.0000e+00
   40.52062  -73.43830     15.776     15.654    18.3233    32.8157      6.912     0.7535 9.6901e-02  1023.5900    18.3206    23.5216     5.5041    168.055    7.72617  235.89961     71.240 0.0000e+00
   40.52062  -73.43830     15.747     15.625    18.3243    32.8153      6.912     0.7535 9.7931e-02  1023.5897    18.3216    23.5210     5.5048    168.075    7.72609  235.89719     71.249 0.0000e+00
   40.52062  -73.43830     15.737     15.615    18.3257    32.8151      6.912     0.7535 9.7805e-02  1023.5891    18.3230    23.5205     5.5055    168.096    7.72604  235.89579     71.259 0.0000e+00
   40.52062  -73.43830     15.715     15.594    18.3268    32.8149      6.912     0.7535 9.8387e-02  1023.5885    18.3241    23.5200     5.5115    168.281    7.72594  235.89272     71.338 0.0000e+00
   40.52062  -73.43830     15.696     15.574    18.3278    32.8147      6.912     0.7669 9.9304e-02  1023.5880    18.3251    23.5196     5.5127    168.317    7.72588  235.89095     71.354 0.0000e+00
   40.52062  -73.43830     15.675     15.554    18.3293    32.8144      6.912     0.7938 9.9470e-02  1023.5875    18.3266    23.5191     5.5138    168.351    7.72576  235.88724     71.369 0.0000e+00
   40.52062  -73.43830     15.653     15.532    18.3307    32.8141      6.912     0.7938 9.9637e-02  1023.5868    18.3281    23.5185     5.5149    168.385    7.72555  235.88083     71.385 0.0000e+00
   40.52062  -73.43830     15.635     15.514    18.3325    32.8137      6.912     0.7938 1.0070e-01  1023.5859    18.3298    23.5178     5.5156    168.405    7.72526  235.87201     71.397 0.0000e+00
   40.52062  -73.43830     15.615     15.494    18.3337    32.8132      6.912     0.7938 1.0099e-01  1023.5853    18.3311    23.5171     5.5162    168.425    7.72491  235.86168     71.408 0.0000e+00
   40.52062  -73.43830     15.602     15.482    18.3347    32.8127      6.912     0.7803 1.0142e-01  1023.5843    18.3321    23.5165     5.5170    168.447    7.72467  235.85442     71.420 0.0000e+00
   40.52062  -73.43830     15.585     15.464    18.3352    32.8127      6.912     0.7938 1.0203e-01  1023.5836    18.3325    23.5160     5.5177    168.470    7.72441  235.84684     71.432 0.0000e+00
   40.52062  -73.43830     15.554     15.434    18.3356    32.8127      6.912     0.7938 1.0233e-01  1023.5836    18.3330    23.5162     5.5186    168.498    7.72435  235.84520     71.444 0.0000e+00
   40.52062  -73.43830     15.542     15.422    18.3356    32.8136      6.912     0.7938 1.0250e-01  1023.5848    18.3330    23.5167     5.5195    168.526    7.72429  235.84342     71.457 0.0000e+00
   40.52062  -73.43830     15.513     15.393    18.3367    32.8136      6.912     0.7938 1.0328e-01  1023.5852    18.3340    23.5169     5.5201    168.545    7.72430  235.84411     71.464 0.0000e+00
   40.52062  -73.43830     15.502     15.382    18.3385    32.8136      6.912     0.7938 1.0389e-01  1023.5839    18.3359    23.5162     5.5209    168.569    7.72456  235.85259     71.472 0.0000e+00
   40.52062  -73.43830     15.483     15.363    18.3402    32.8126      6.912     0.7938 1.0376e-01  1023.5828    18.3375    23.5149     5.5219    168.599    7.72507  235.86811     71.480 0.0000e+00
   40.52062  -73.43830     15.464     15.344    18.3424    32.8110      6.912     0.7803 1.0455e-01  1023.5805    18.3397    23.5134     5.5282    168.791    7.72549  235.88057     71.558 0.0000e+00
   40.52062  -73.43830     15.440     15.321    18.3426    32.8095      6.912     0.7938 1.0504e-01  1023.5792    18.3399    23.5121     5.5293    168.825    7.72570  235.88670     71.570 0.0000e+00
   40.52062  -73.43830     15.422     15.303    18.3422    32.8085      6.912     0.7803 1.0490e-01  1023.5783    18.3396    23.5114     5.5304    168.858    7.72586  235.89085     71.583 -9.990e-29
   40.52062  -73.43830     15.422     15.303    18.3415    32.8079      6.912     0.7938 1.0508e-01  1023.5783    18.3389    23.5111     5.5313    168.886    7.72587  235.89117     71.595 -9.990e-29
   40.52062  -73.43830     15.400     15.281    18.3407    32.8079      6.912     0.7803 1.0539e-01  1023.5781    18.3380    23.5112     5.5322    168.914    7.72590  235.89200     71.607 0.0000e+00
   40.52062  -73.43830     15.382     15.263    18.3398    32.8079      6.912     0.7938 1.0539e-01  1023.5785    18.3372    23.5115     5.5329    168.933    7.72604  235.89651     71.613 0.0000e+00
