CalculateIndicators/WaterTemperature/Data/CTD_NYOS/202200728_C13.cnv
* Sea-Bird SBE 9 Data File:
* FileName = C:\Seabird 9 CTD\Data\2022\202207_offshore\202200728_C13.hex
* Software Version Seasave V 7.23.2
* Temperature SN = 4590
* Conductivity SN = 3228
* Number of Bytes Per Scan = 44
* Number of Voltage Words = 5
* Number of Scans Averaged by the Deck Unit = 1
* NMEA Latitude = 40 15.89 N
* NMEA Longitude = 073 00.56 W
* NMEA UTC (Time) = Dec 12 2002  12:42:10
* NMEA baud rate = 4800
** Ship: seawolf
** Station: 5.2
** Operator: TCM
# nquan = 18
# nvalues = 11919                       
# units = specified
# name 0 = latitude: Latitude [deg]
# name 1 = longitude: Longitude [deg]
# name 2 = prDM: Pressure, Digiquartz [db]
# name 3 = depSM: Depth [salt water, m]
# name 4 = t090C: Temperature [ITS-90, deg C]
# name 5 = sal00: Salinity, Practical [PSU]
# name 6 = ph: pH
# name 7 = flECO-AFL: Fluorescence, WET Labs ECO-AFL/FL [mg/m^3]
# name 8 = cpar: CPAR/Corrected Irradiance [%]
# name 9 = density00: Density [density, kg/m^3]
# name 10 = potemp090C: Potential Temperature [ITS-90, deg C]
# name 11 = sigma-é00: Density [sigma-theta, kg/m^3]
# name 12 = sbeox0Mg/L: Oxygen, SBE 43 [mg/l]
# name 13 = sbox0Mm/Kg: Oxygen, SBE 43 [umol/kg]
# name 14 = oxsolMg/L: Oxygen Saturation, Garcia & Gordon [mg/l]
# name 15 = oxsolMm/Kg: Oxygen Saturation, Garcia & Gordon [umol/kg]
# name 16 = sbeox0PS: Oxygen, SBE 43 [% saturation]
# name 17 = flag:  0.000e+00
# span 0 =   40.26452,   40.26494       
# span 1 =  -73.00932,  -73.00830       
# span 2 =      1.488,     39.548       
# span 3 =      1.477,     39.240       
# span 4 =     9.1204,    24.4585       
# span 5 =    31.4028,    37.4304       
# span 6 =      7.880,      8.161       
# span 7 =     0.1625,     1.2773       
# span 8 = 3.1509e-02, 4.2707e+01       
# span 9 =  1020.9292,  1031.3417       
# span 10 =     9.1164,    24.4571      
# span 11 =    20.9212,    30.4988      
# span 12 =     6.8372,     9.8033      
# span 13 =    208.391,    299.054      
# span 14 =    6.96262,    9.33568      
# span 15 =  213.09982,  284.53983      
# span 16 =     73.249,    120.092      
# span 17 = 0.0000e+00, 0.0000e+00      
# interval = seconds: 0.0416667
# start_time = Jul 28 2022 12:42:10 [System UTC, first data scan.]
# bad_flag = -9.990e-29
*END*
[from data line 4021]
   40.26480  -73.00902     39.294     38.988     9.1388    32.7223      7.884     0.1894 3.6740e-02  1025.4922     9.1347    25.3139     6.8472    208.695    9.33314  284.46359     73.364 -9.990e-29
   40.26480  -73.00902     39.279     38.973     9.1385    32.7223      7.884     0.1894 3.7338e-02  1025.4923     9.1344    25.3139     6.8531    208.874    9.33318  284.46494     73.427 -9.990e-29
   40.26480  -73.00902     39.253     38.947     9.1386    32.7224      7.889     0.1894 3.7599e-02  1025.4921     9.1344    25.3140     6.8534    208.884    9.33317  284.46482     73.431 -9.990e-29
   40.26480  -73.00902     39.238     38.932     9.1380    32.7224      7.884     0.1894 3.7681e-02  1025.4923     9.1339    25.3140     6.8469    208.686    9.33318  284.46468     73.361 -9.990e-29
   40.26480  -73.00902     39.222     38.917     9.1384    32.7224      7.889     0.1894 3.8159e-02  1025.4920     9.1342    25.3139     6.8464    208.671    9.33298  284.45872     73.357 -9.990e-29
   40.26480  -73.00902     39.186     38.882     9.1387    32.7222      7.884     0.1894 3.8425e-02  1025.4918     9.1346    25.3138     6.8461    208.660    9.33289  284.45605     73.354 -9.990e-29
   40.26480  -73.00902     39.160     38.856     9.1391    32.7220      7.884     0.1894 3.8642e-02  1025.4912     9.1350    25.3136     6.8526    208.859    9.33276  284.45189     73.425 -9.990e-29
   40.26480  -73.00902     39.146     38.842     9.1391    32.7220      7.884     0.1894 3.8109e-02  1025.4912     9.1350    25.3135     6.8530    208.873    9.33276  284.45217     73.430 -9.990e-29
   40.26480  -73.00902     39.130     38.826     9.1397    32.7220      7.889     0.1894 3.7795e-02  1025.4909     9.1356    25.3135     6.8535    208.887    9.33277  284.45245     73.435 -9.990e-29
   40.26480  -73.00902     39.095     38.791     9.1395    32.7220      7.889     0.1894 3.7746e-02  1025.4912     9.1354    25.3135     6.8539    208.900    9.33274  284.45146     73.439 -9.990e-29
   40.26480  -73.00902     39.069     38.765     9.1397    32.7220      7.889     0.2162 3.8010e-02  1025.4907     9.1355    25.3135     6.8475    208.705    9.33277  284.45248     73.371 -9.990e-29
   40.26480  -73.00902     39.065     38.761     9.1390    32.7220      7.889     0.2297 3.8493e-02  1025.4911     9.1349    25.3135     6.8542    208.908    9.33277  284.45249     73.442 -9.990e-29
   40.26480  -73.00902     39.028     38.724     9.1391    32.7219      7.889     0.2297 3.8627e-02  1025.4906     9.1350    25.3135     6.8547    208.923    9.33280  284.45338     73.447 -9.990e-29
   40.26480  -73.00902     39.014     38.711     9.1393    32.7217      7.889     0.2162 3.8981e-02  1025.4904     9.1352    25.3133     6.8552    208.939    9.33282  284.45405     73.452 -9.990e-29
   40.26480  -73.00902     38.988     38.685     9.1395    32.7216      7.884     0.2297 3.9389e-02  1025.4901     9.1354    25.3131     6.8557    208.954    9.33287  284.45539     73.458 -9.990e-29
   40.26480  -73.00902     38.958     38.654     9.1400    32.7216      7.889     0.2162 3.9612e-02  1025.4899     9.1359    25.3130     6.8562    208.968    9.33282  284.45401     73.463 -9.990e-29
   40.26480  -73.00902     38.933     38.630     9.1402    32.7216      7.889     0.2162 3.9612e-02  1025.4896     9.1361    25.3130     6.8566    208.981    9.33276  284.45213     73.468 -9.990e-29
   40.26480  -73.00902     38.927     38.624     9.1402    32.7216      7.889     0.2162 3.9699e-02  1025.4898     9.1361    25.3131     6.8572    209.000    9.33289  284.45625     73.473 -9.990e-29
   40.26480  -73.00902     38.882     38.579     9.1397    32.7218      7.884     0.2162 3.9837e-02  1025.4899     9.1356    25.3133     6.8577    209.016    9.33295  284.45827     73.479 -9.990e-29
   40.26480  -73.00902     38.876     38.574     9.1397    32.7218      7.889     0.2297 3.9837e-02  1025.4898     9.1356    25.3133     6.8583    209.034    9.33306  284.46151     73.484 -9.990e-29
   40.26480  -73.00902     38.850     38.548     9.1397    32.7219      7.889     0.2162 4.0063e-02  1025.4898     9.1356    25.3134     6.8589    209.050    9.33313  284.46346     73.489 -9.990e-29
   40.26480  -73.00902     38.820     38.518     9.1397    32.7219      7.889     0.2297 4.0063e-02  1025.4899     9.1356    25.3135     6.8593    209.063    9.33306  284.46124     73.494 -9.990e-29
   40.26480  -73.00902     38.835     38.533     9.1395    32.7219      7.884     0.2297 4.0063e-02  1025.4896     9.1354    25.3134     6.8597    209.077    9.33302  284.45985     73.500 -9.990e-29
   40.26480  -73.00902     38.799     38.497     9.1392    32.7219      7.889     0.2297 4.0202e-02  1025.4894     9.1351    25.3134     6.8602    209.091    9.33300  284.45919     73.505 -9.990e-29
   40.26480  -73.00902     38.774     38.472     9.1387    32.7219      7.889     0.2297 4.0341e-02  1025.4896     9.1346    25.3135     6.8599    209.081    9.33292  284.45691     73.502 -9.990e-29
   40.26480  -73.00902     38.769     38.467     9.1382    32.7220      7.884     0.2162 4.0430e-02  1025.4897     9.1341    25.3137     6.8596    209.072    9.33289  284.45592     73.499 -9.990e-29
   40.26480  -73.00902     38.753     38.452     9.1379    32.7222      7.884     0.2297 4.0851e-02  1025.4898     9.1338    25.3139     6.8600    209.086    9.33294  284.45747     73.503 -9.990e-29
   40.26480  -73.00902     38.738     38.437     9.1379    32.7224      7.884     0.2162 4.1133e-02  1025.4899     9.1338    25.3140     6.8604    209.098    9.33289  284.45588     73.508 -9.990e-29
   40.26480  -73.00902     38.723     38.422     9.1379    32.7226      7.889     0.2162 4.1133e-02  1025.4899     9.1338    25.3142     6.8601    209.087    9.33287  284.45548     73.504 -9.990e-29
   40.26480  -73.00902     38.718     38.416     9.1379    32.7226      7.889     0.2162 4.1275e-02  1025.4903     9.1338    25.3144     6.8598    209.079    9.33295  284.45805     73.501 -9.990e-29
   40.26480  -73.00902     38.702     38.401     9.1380    32.7226      7.889     0.2162 4.1559e-02  1025.4902     9.1339    25.3143     6.8595    209.071    9.33307  284.46155     73.497 -9.990e-29
   40.26480  -73.00902     38.698     38.397     9.1385    32.7225      7.884     0.2162 4.1559e-02  1025.4898     9.1344    25.3141     6.8600    209.084    9.33320  284.46558     73.501 0.0000e+00
   40.26480  -73.00902     38.693     38.392     9.1387    32.7221      7.889     0.2162 4.1417e-02  1025.4894     9.1346    25.3138     6.8603    209.095    9.33323  284.46661     73.504 0.0000e+00
   40.26480  -73.00902     38.687     38.386     9.1387    32.7218      7.889     0.2162 4.1224e-02  1025.4891     9.1346    25.3135     6.8531    208.874    9.33327  284.46775     73.426 0.0000e+00
   40.26480  -73.00902     38.672     38.371     9.1387    32.7215      7.889     0.1894 4.1224e-02  1025.4886     9.1346    25.3133     6.8527    208.862    9.33325  284.46702     73.422 -9.990e-29
   40.26480  -73.00902     38.678     38.377     9.1380    32.7215      7.884     0.1894 4.1366e-02  1025.4891     9.1340    25.3133     6.8523    208.850    9.33320  284.46534     73.418 -9.990e-29
   40.26480  -73.00902     38.672     38.371     9.1375    32.7215      7.889     0.1894 4.1938e-02  1025.4887     9.1335    25.3133     6.8587    209.046    9.33302  284.45984     73.489 0.0000e+00
   40.26480  -73.00902     38.667     38.366     9.1367    32.7215      7.889     0.1894 4.1938e-02  1025.4889     9.1326    25.3134     6.8590    209.054    9.33288  284.45540     73.493 0.0000e+00
   40.26480  -73.00902     38.662     38.362     9.1357    32.7215      7.889     0.1894 4.1795e-02  1025.4893     9.1317    25.3137     6.8593    209.062    9.33274  284.45126     73.497 -9.990e-29
   40.26480  -73.00902     38.667     38.366     9.1351    32.7216      7.889     0.1894 4.1458e-02  1025.4892     9.1310    25.3139     6.8596    209.073    9.33268  284.44959     73.501 -9.990e-29
   40.26480  -73.00902     38.672     38.371     9.1344    32.7216      7.889     0.1894 4.1316e-02  1025.4900     9.1303    25.3141     6.8523    208.852    9.33265  284.44886     73.423 -9.990e-29
   40.26480  -73.00902     38.678     38.377     9.1348    32.7216      7.889     0.1894 4.1316e-02  1025.4897     9.1307    25.3141     6.8583    209.033    9.33281  284.45363     73.486 -9.990e-29
   40.26480  -73.00902     38.672     38.371     9.1347    32.7216      7.884     0.1894 4.1458e-02  1025.4892     9.1307    25.3139     6.8580    209.023    9.33288  284.45593     73.482 -9.990e-29
   40.26480  -73.00902     38.687     38.386     9.1346    32.7216      7.884     0.1894 4.1458e-02  1025.4895     9.1305    25.3139     6.8576    209.011    9.33291  284.45666     73.477 -9.990e-29
   40.26480  -73.00902     38.693     38.392     9.1343    32.7216      7.889     0.1894 4.1550e-02  1025.4896     9.1302    25.3141     6.8580    209.024    9.33306  284.46129     73.481 -9.990e-29
   40.26480  -73.00902     38.687     38.386     9.1337    32.7218      7.889     0.1894 4.1408e-02  1025.4901     9.1297    25.3143     6.8584    209.036    9.33316  284.46439     73.484 -9.990e-29
   40.26480  -73.00902     38.708     38.407     9.1337    32.7219      7.889     0.1894 4.1408e-02  1025.4899     9.1296    25.3143     6.8580    209.025    9.33326  284.46741     73.479 -9.990e-29
   40.26480  -73.00902     38.702     38.401     9.1336    32.7220      7.889     0.1894 4.1408e-02  1025.4901     9.1296    25.3144     6.8584    209.036    9.33337  284.47071     73.482 -9.990e-29
   40.26480  -73.00902     38.718     38.416     9.1336    32.7220      7.889     0.1894 4.1643e-02  1025.4903     9.1295    25.3144     6.8587    209.046    9.33346  284.47325     73.485 -9.990e-29
   40.26480  -73.00902     38.733     38.431     9.1334    32.7220      7.889     0.1894 4.1643e-02  1025.4903     9.1293    25.3144     6.8584    209.035    9.33357  284.47660     73.480 -9.990e-29
   40.26480  -73.00902     38.738     38.437     9.1336    32.7221      7.889     0.1894 4.1643e-02  1025.4899     9.1295    25.3144     6.8588    209.048    9.33383  284.48411     73.483 -9.990e-29
   40.26480  -73.00902     38.744     38.442     9.1333    32.7224      7.889     0.1894 4.0932e-02  1025.4907     9.1292    25.3147     6.8592    209.060    9.33401  284.48935     73.486 -9.990e-29
   40.26480  -73.00902     38.759     38.457     9.1341    32.7226      7.889     0.1894 4.0321e-02  1025.4911     9.1300    25.3149     6.8585    209.039    9.33378  284.48257     73.480 -9.990e-29
   40.26480  -73.00902     38.774     38.472     9.1346    32.7226      7.884     0.1894 4.0321e-02  1025.4910     9.1305    25.3149     6.8578    209.017    9.33356  284.47606     73.474 -9.990e-29
   40.26478  -73.00908     38.780     38.478     9.1353    32.7226      7.889     0.1894 4.0182e-02  1025.4907     9.1312    25.3147     6.8502    208.786    9.33338  284.47057     73.395 -9.990e-29
   40.26478  -73.00908     38.784     38.482     9.1354    32.7224      7.884     0.1894 4.0043e-02  1025.4904     9.1313    25.3144     6.8565    208.977    9.33327  284.46728     73.462 -9.990e-29
   40.26478  -73.00908     38.799     38.497     9.1354    32.7221      7.889     0.1894 3.9904e-02  1025.4904     9.1313    25.3142     6.8565    208.979    9.33313  284.46299     73.464 -9.990e-29
   40.26478  -73.00908     38.804     38.503     9.1356    32.7220      7.884     0.1894 3.9717e-02  1025.4902     9.1315    25.3141     6.8566    208.982    9.33303  284.45991     73.466 -9.990e-29
   40.26478  -73.00908     38.831     38.529     9.1354    32.7220      7.889     0.1894 3.9305e-02  1025.4905     9.1313    25.3141     6.8567    208.984    9.33289  284.45616     73.468 -9.990e-29
   40.26478  -73.00908     38.835     38.533     9.1354    32.7220      7.884     0.2028 3.9032e-02  1025.4905     9.1313    25.3141     6.8561    208.967    9.33290  284.45643     73.462 -9.990e-29
   40.26478  -73.00908     38.850     38.548     9.1354    32.7220      7.884     0.2162 3.9257e-02  1025.4901     9.1313    25.3140     6.8564    208.974    9.33302  284.45993     73.464 -9.990e-29
   40.26478  -73.00908     38.855     38.553     9.1352    32.7220      7.889     0.2162 3.9393e-02  1025.4904     9.1311    25.3141     6.8497    208.772    9.33313  284.46335     73.392 -9.990e-29
   40.26478  -73.00908     38.861     38.559     9.1349    32.7221      7.889     0.2028 3.9393e-02  1025.4908     9.1308    25.3143     6.8561    208.968    9.33321  284.46584     73.460 -9.990e-29
   40.26478  -73.00908     38.886     38.583     9.1351    32.7221      7.889     0.2162 3.9257e-02  1025.4909     9.1310    25.3143     6.8564    208.974    9.33325  284.46692     73.462 -9.990e-29
   40.26478  -73.00908     38.891     38.589     9.1354    32.7221      7.889     0.2028 3.9072e-02  1025.4909     9.1313    25.3143     6.8566    208.981    9.33328  284.46752     73.464 -9.990e-29
   40.26478  -73.00908     38.907     38.604     9.1349    32.7218      7.889     0.2162 3.9072e-02  1025.4907     9.1308    25.3140     6.8567    208.984    9.33322  284.46603     73.465 -9.990e-29
   40.26478  -73.00908     38.912     38.609     9.1348    32.7218      7.889     0.2162 3.9072e-02  1025.4902     9.1307    25.3138     6.8568    208.987    9.33309  284.46196     73.467 -9.990e-29
   40.26478  -73.00908     38.927     38.624     9.1342    32.7218      7.884     0.2028 3.8936e-02  1025.4904     9.1301    25.3139     6.8569    208.990    9.33299  284.45895     73.469 -9.990e-29
   40.26478  -73.00908     38.942     38.639     9.1337    32.7218      7.889     0.2162 3.8888e-02  1025.4910     9.1296    25.3142     6.8501    208.784    9.33295  284.45759     73.397 -9.990e-29
   40.26478  -73.00908     38.947     38.644     9.1340    32.7221      7.884     0.2028 3.8888e-02  1025.4913     9.1299    25.3144     6.8496    208.768    9.33290  284.45614     73.392 -9.990e-29
   40.26478  -73.00908     38.963     38.660     9.1341    32.7224      7.884     0.2028 3.9024e-02  1025.4916     9.1300    25.3147     6.8560    208.962    9.33285  284.45472     73.461 -9.990e-29
   40.26478  -73.00908     38.978     38.675     9.1341    32.7224      7.884     0.2028 3.9297e-02  1025.4919     9.1300    25.3148     6.8561    208.967    9.33276  284.45205     73.463 -9.990e-29
   40.26478  -73.00908     38.982     38.679     9.1346    32.7224      7.889     0.2028 3.9160e-02  1025.4916     9.1304    25.3146     6.8563    208.973    9.33267  284.44958     73.466 -9.990e-29
   40.26478  -73.00908     38.998     38.694     9.1348    32.7223      7.889     0.2028 3.8704e-02  1025.4915     9.1307    25.3144     6.8565    208.978    9.33259  284.44711     73.468 -9.990e-29
   40.26478  -73.00908     39.003     38.700     9.1346    32.7222      7.889     0.2162 3.8300e-02  1025.4915     9.1304    25.3144     6.8567    208.986    9.33259  284.44712     73.471 -9.990e-29
   40.26478  -73.00908     39.028     38.724     9.1347    32.7221      7.889     0.2028 3.8166e-02  1025.4917     9.1306    25.3143     6.8570    208.993    9.33259  284.44711     73.473 -9.990e-29
   40.26478  -73.00908     39.024     38.720     9.1351    32.7217      7.889     0.2028 3.8032e-02  1025.4909     9.1310    25.3140     6.8572    209.001    9.33262  284.44821     73.476 -9.990e-29
   40.26478  -73.00908     39.039     38.735     9.1347    32.7215      7.889     0.2028 3.7899e-02  1025.4910     9.1306    25.3138     6.8576    209.012    9.33275  284.45204     73.479 -9.990e-29
   40.26480  -73.00902     39.054     38.750     9.1341    32.7215      7.889     0.2028 3.7985e-02  1025.4913     9.1300    25.3139     6.8580    209.024    9.33293  284.45741     73.482 -9.990e-29
