CalculateIndicators/WaterTemperature/Data/CTD_NYOS/202200728_C12.cnv
* Sea-Bird SBE 9 Data File:
* FileName = C:\Seabird 9 CTD\Data\2022\202207_offshore\202200728_C12.hex
* Software Version Seasave V 7.23.2
* Temperature SN = 4590
* Conductivity SN = 3228
* Number of Bytes Per Scan = 44
* Number of Voltage Words = 5
* Number of Scans Averaged by the Deck Unit = 1
* NMEA Latitude = 39 57.30 N
* NMEA Longitude = 072 53.95 W
* NMEA UTC (Time) = Dec 12 2002  09:09:37
* NMEA baud rate = 4800
** Ship: seawolf
** Station: 5.3
** Operator: TDK
# nquan = 18
# nvalues = 14393                       
# units = specified
# name 0 = latitude: Latitude [deg]
# name 1 = longitude: Longitude [deg]
# name 2 = prDM: Pressure, Digiquartz [db]
# name 3 = depSM: Depth [salt water, m]
# name 4 = t090C: Temperature [ITS-90, deg C]
# name 5 = sal00: Salinity, Practical [PSU]
# name 6 = ph: pH
# name 7 = flECO-AFL: Fluorescence, WET Labs ECO-AFL/FL [mg/m^3]
# name 8 = cpar: CPAR/Corrected Irradiance [%]
# name 9 = density00: Density [density, kg/m^3]
# name 10 = potemp090C: Potential Temperature [ITS-90, deg C]
# name 11 = sigma-é00: Density [sigma-theta, kg/m^3]
# name 12 = sbeox0Mg/L: Oxygen, SBE 43 [mg/l]
# name 13 = sbox0Mm/Kg: Oxygen, SBE 43 [umol/kg]
# name 14 = oxsolMg/L: Oxygen Saturation, Garcia & Gordon [mg/l]
# name 15 = oxsolMm/Kg: Oxygen Saturation, Garcia & Gordon [umol/kg]
# name 16 = sbeox0PS: Oxygen, SBE 43 [% saturation]
# name 17 = flag:  0.000e+00
# span 0 =   39.95500,   39.95594       
# span 1 =  -72.89970,  -72.89930       
# span 2 =      2.230,     48.600       
# span 3 =      2.213,     48.222       
# span 4 =     8.3628,    24.2805       
# span 5 =    31.2779,    34.2167       
# span 6 =      7.932,      8.184       
# span 7 =     0.0148,     1.7339       
# span 8 = 5.0640e-11, 9.9999e+04       
# span 9 =  1020.9482,  1026.2457       
# span 10 =     8.3579,    24.2798      
# span 11 =    20.9171,    25.8719      
# span 12 =     7.0182,     9.5079      
# span 13 =    214.788,    290.055      
# span 14 =    6.99085,    9.48865      
# span 15 =  213.98039,  289.15888      
# span 16 =     80.791,    114.488      
# span 17 = 0.0000e+00, 0.0000e+00      
# interval = seconds: 0.0416667
# start_time = Jul 28 2022 09:09:37 [System UTC, first data scan.]
# bad_flag = -9.990e-29
*END*
[from data line 81]
   39.95516  -72.89930      3.445      3.418    24.2800    31.5748 -9.990e-29     0.5386 5.0640e-11  1020.9836    24.2793    20.9689     7.2263    221.186    6.99105  213.98616    103.364 -9.990e-29
   39.95516  -72.89930      3.435      3.409    24.2800    31.5747 -9.990e-29     0.5386 5.0640e-11  1020.9836    24.2793    20.9689     7.2310    221.332    6.99106  213.98664    103.433 -9.990e-29
   39.95516  -72.89930      3.426      3.399    24.2800    31.5745 -9.990e-29     0.5386 5.0640e-11  1020.9837    24.2793    20.9687     7.2269    221.205    6.99109  213.98743    103.373 -9.990e-29
   39.95516  -72.89930      3.415      3.388    24.2798    31.5737 -9.990e-29     0.5386 5.0640e-11  1020.9829    24.2791    20.9682     7.2269    221.206    6.99109  213.98725    103.373 -9.990e-29
   39.95516  -72.89930      3.415      3.388    24.2798    31.5735 -9.990e-29     0.5386 5.0640e-11  1020.9814    24.2791    20.9678     7.2316    221.350    6.99107  213.98668    103.441 -9.990e-29
   39.95516  -72.89930      3.405      3.379    24.2793    31.5735 -9.990e-29     0.5386 5.0640e-11  1020.9831    24.2786    20.9679     7.2275    221.223    6.99110  213.98754    103.381 -9.990e-29
   39.95516  -72.89930      3.375      3.349    24.2796    31.5735 -9.990e-29     0.5386 5.0640e-11  1020.9819    24.2789    20.9681     7.2324    221.375    6.99109  213.98740    103.452 -9.990e-29
   39.95516  -72.89930      3.375      3.349    24.2791    31.5739 -9.990e-29     0.5386 5.0640e-11  1020.9831    24.2784    20.9685     7.2282    221.246    6.99107  213.98682    103.392 -9.990e-29
   39.95516  -72.89930      3.345      3.319    24.2791    31.5745 -9.990e-29     0.5386 5.0640e-11  1020.9834    24.2784    20.9690     7.2332    221.397    6.99107  213.98666    103.463 -9.990e-29
   39.95516  -72.89930      3.345      3.319    24.2787    31.5747 -9.990e-29     0.5386 5.0640e-11  1020.9835    24.2780    20.9692     7.2290    221.269    6.99106  213.98653    103.403 -9.990e-29
   39.95516  -72.89930      3.303      3.278    24.2785    31.5749 -9.990e-29     0.5520 5.0640e-11  1020.9836    24.2779    20.9694     7.2292    221.276    6.99107  213.98689    103.406 -9.990e-29
   39.95516  -72.89930      3.303      3.278    24.2785    31.5750 -9.990e-29     0.5386 5.0640e-11  1020.9837    24.2779    20.9695     7.2292    221.275    6.99106  213.98660    103.406 -9.990e-29
   39.95516  -72.89930      3.284      3.259    24.2784    31.5750 -9.990e-29     0.5386 5.0640e-11  1020.9835    24.2777    20.9695     7.2339    221.420    6.99108  213.98709    103.473 -9.990e-29
   39.95516  -72.89930      3.264      3.239    24.2784    31.5751 -9.990e-29     0.5386 5.0640e-11  1020.9836    24.2777    20.9696     7.2341    221.425    6.99105  213.98630    103.476 -9.990e-29
   39.95516  -72.89930      3.243      3.218    24.2782    31.5751 -9.990e-29     0.5386 5.0640e-11  1020.9837    24.2775    20.9697     7.2298    221.293    6.99102  213.98526    103.415 -9.990e-29
   39.95516  -72.89930      3.213      3.188    24.2784    31.5751 -9.990e-29     0.5386 5.0640e-11  1020.9833    24.2777    20.9696     7.2344    221.435    6.99101  213.98508    103.481 -9.990e-29
   39.95516  -72.89930      3.203      3.179    24.2786    31.5751 -9.990e-29     0.5252 5.0640e-11  1020.9832    24.2780    20.9695     7.2345    221.439    6.99098  213.98407    103.484 -9.990e-29
   39.95516  -72.89930      3.192      3.168    24.2785    31.5751 -9.990e-29     0.5117 5.0640e-11  1020.9832    24.2779    20.9695     7.2346    221.442    6.99093  213.98276    103.486 -9.990e-29
   39.95516  -72.89930      3.162      3.138    24.2785    31.5750 -9.990e-29     0.5117 5.0640e-11  1020.9831    24.2779    20.9695     7.2348    221.446    6.99094  213.98290    103.488 -9.990e-29
   39.95516  -72.89930      3.141      3.117    24.2787    31.5750 -9.990e-29     0.5117 5.0640e-11  1020.9829    24.2781    20.9694     7.2348    221.448    6.99093  213.98246    103.489 -9.990e-29
   39.95516  -72.89930      3.111      3.087    24.2788    31.5748 -9.990e-29     0.5117 5.0640e-11  1020.9825    24.2781    20.9692     7.2352    221.459    6.99093  213.98246    103.494 -9.990e-29
   39.95516  -72.89930      3.092      3.068    24.2787    31.5744 -9.990e-29     0.5117 5.0640e-11  1020.9824    24.2781    20.9689     7.2352    221.460    6.99089  213.98147    103.495 -9.990e-29
   39.95516  -72.89930      3.071      3.048    24.2784    31.5744 -9.990e-29     0.5117 5.0640e-11  1020.9813    24.2777    20.9687     7.2353    221.463    6.99094  213.98276    103.496 -9.990e-29
   39.95516  -72.89930      3.041      3.018    24.2784    31.5744 -9.990e-29     0.5117 5.0640e-11  1020.9819    24.2777    20.9690     7.2353    221.464    6.99093  213.98246    103.496 -9.990e-29
   39.95516  -72.89930      3.020      2.997    24.2781    31.5748 -9.990e-29     0.5117 5.0640e-11  1020.9826    24.2774    20.9694     7.2354    221.465    6.99094  213.98283    103.496 -9.990e-29
   39.95516  -72.89930      2.990      2.967    24.2780    31.5749 -9.990e-29     0.5117 5.0640e-11  1020.9826    24.2774    20.9696     7.2354    221.465    6.99097  213.98369    103.496 -9.990e-29
   39.95516  -72.89930      2.970      2.947    24.2782    31.5749 -9.990e-29     0.5117 5.0640e-11  1020.9821    24.2776    20.9695     7.2353    221.463    6.99094  213.98290    103.496 -9.990e-29
   39.95516  -72.89930      2.950      2.928    24.2782    31.5750 -9.990e-29     0.5117 5.0640e-11  1020.9820    24.2776    20.9695     7.2353    221.463    6.99096  213.98369    103.495 -9.990e-29
   39.95516  -72.89930      2.919      2.896    24.2781    31.5750 -9.990e-29     0.5117 5.0640e-11  1020.9822    24.2775    20.9696     7.2352    221.460    6.99095  213.98310    103.494 -9.990e-29
   39.95516  -72.89930      2.888      2.866    24.2782    31.5750 -9.990e-29     0.5117 5.0640e-11  1020.9818    24.2776    20.9696     7.2396    221.593    6.99095  213.98312    103.556 -9.990e-29
   39.95516  -72.89930      2.869      2.847    24.2782    31.5750 -9.990e-29     0.5117 5.0640e-11  1020.9820    24.2776    20.9696     7.2347    221.444    6.99096  213.98339    103.487 -9.990e-29
   39.95516  -72.89930      2.849      2.827    24.2783    31.5750 -9.990e-29     0.5117 5.0640e-11  1020.9817    24.2777    20.9696     7.2345    221.439    6.99095  213.98310    103.484 -9.990e-29
   39.95516  -72.89930      2.818      2.797    24.2782    31.5750 -9.990e-29     0.5252 5.0640e-11  1020.9816    24.2776    20.9696     7.2343    221.433    6.99093  213.98275    103.482 -9.990e-29
   39.95516  -72.89930      2.798      2.776    24.2782    31.5748 -9.990e-29     0.5117 5.0640e-11  1020.9814    24.2776    20.9694     7.2341    221.427    6.99095  213.98319    103.478 -9.990e-29
   39.95514  -72.89930      2.768      2.746    24.2784    31.5744 -9.990e-29     0.5117 5.0640e-11  1020.9810    24.2778    20.9691     7.2292    221.276    6.99098  213.98428    103.408 -9.990e-29
   39.95514  -72.89930      2.737      2.716    24.2786    31.5743 -9.990e-29     0.5117 5.0640e-11  1020.9802    24.2780    20.9686     7.2335    221.406    6.99101  213.98504    103.468 -9.990e-29
   39.95514  -72.89930      2.726      2.705    24.2789    31.5743 -9.990e-29     0.5117 5.0640e-11  1020.9797    24.2783    20.9685     7.2288    221.262    6.99101  213.98517    103.401 -9.990e-29
   39.95514  -72.89930      2.686      2.666    24.2791    31.5743 -9.990e-29     0.5117 5.0640e-11  1020.9805    24.2785    20.9688     7.2285    221.253    6.99097  213.98391    103.397 -9.990e-29
   39.95514  -72.89930      2.666      2.645    24.2795    31.5747 -9.990e-29     0.5117 5.0640e-11  1020.9805    24.2789    20.9690     7.2280    221.238    6.99099  213.98458    103.390 -9.990e-29
   39.95514  -72.89930      2.647      2.626    24.2795    31.5747 -9.990e-29     0.5117 9.9999e+04  1020.9804    24.2790    20.9691     7.2274    221.222    6.99100  213.98465    103.382 -9.990e-29
   39.95514  -72.89930      2.615      2.595    24.2795    31.5747 -9.990e-29     0.4983 9.9999e+04  1020.9802    24.2789    20.9690     7.2269    221.206    6.99103  213.98554    103.374 -9.990e-29
   39.95514  -72.89930      2.596      2.576    24.2795    31.5748 -9.990e-29     0.4849 9.9999e+04  1020.9800    24.2789    20.9690     7.2219    221.054    6.99103  213.98564    103.303 -9.990e-29
   39.95514  -72.89930      2.575      2.555    24.2791    31.5748 -9.990e-29     0.4714 9.9999e+04  1020.9802    24.2786    20.9691     7.2261    221.182    6.99104  213.98601    103.363 -9.990e-29
   39.95514  -72.89930      2.555      2.535    24.2793    31.5749 -9.990e-29     0.4714 9.9999e+04  1020.9801    24.2788    20.9693     7.2212    221.029    6.99105  213.98621    103.291 -9.990e-29
   39.95514  -72.89930      2.524      2.505    24.2791    31.5749 -9.990e-29     0.4714 9.9999e+04  1020.9802    24.2786    20.9693     7.2206    221.013    6.99106  213.98640    103.284 -9.990e-29
   39.95514  -72.89930      2.515      2.495    24.2791    31.5749 -9.990e-29     0.4714 9.9999e+04  1020.9799    24.2786    20.9692     7.2201    220.997    6.99103  213.98571    103.277 -9.990e-29
   39.95514  -72.89930      2.494      2.475    24.2791    31.5748 -9.990e-29     0.4714 9.9999e+04  1020.9796    24.2786    20.9691     7.2196    220.982    6.99105  213.98613    103.270 -9.990e-29
   39.95514  -72.89930      2.474      2.455    24.2790    31.5748 -9.990e-29     0.4714 9.9999e+04  1020.9797    24.2784    20.9691     7.2192    220.968    6.99106  213.98650    103.263 -9.990e-29
   39.95514  -72.89930      2.464      2.445    24.2789    31.5748 -9.990e-29     0.4714 9.9999e+04  1020.9797    24.2784    20.9692     7.2187    220.953    6.99106  213.98647    103.256 -9.990e-29
   39.95514  -72.89930      2.443      2.425    24.2787    31.5749 -9.990e-29     0.4714 9.9999e+04  1020.9797    24.2782    20.9693     7.2182    220.940    6.99108  213.98707    103.249 -9.990e-29
   39.95514  -72.89930      2.434      2.415    24.2784    31.5751 -9.990e-29     0.4714 9.9999e+04  1020.9799    24.2779    20.9695     7.2134    220.791    6.99111  213.98815    103.179 -9.990e-29
   39.95514  -72.89930      2.413      2.395    24.2784    31.5752 -9.990e-29     0.4714 9.9999e+04  1020.9801    24.2779    20.9697     7.2127    220.769    6.99110  213.98778    103.169 -9.990e-29
   39.95514  -72.89930      2.392      2.374    24.2785    31.5752 -9.990e-29     0.4714 9.9999e+04  1020.9799    24.2780    20.9697     7.2120    220.750    6.99111  213.98824    103.160 -9.990e-29
   39.95514  -72.89930      2.394      2.376    24.2784    31.5752 -9.990e-29     0.4849 9.9999e+04  1020.9799    24.2779    20.9696     7.2117    220.739    6.99113  213.98862    103.155 -9.990e-29
   39.95514  -72.89930      2.362      2.344    24.2784    31.5752 -9.990e-29     0.4714 9.9999e+04  1020.9797    24.2779    20.9696     7.2111    220.721    6.99114  213.98889    103.146 -9.990e-29
   39.95514  -72.89930      2.372      2.354    24.2785    31.5752 -9.990e-29     0.4714 9.9999e+04  1020.9798    24.2781    20.9696     7.2108    220.711    6.99114  213.98889    103.141 -9.990e-29
   39.95514  -72.89930      2.342      2.324    24.2785    31.5752 -9.990e-29     0.4714 9.9999e+04  1020.9797    24.2781    20.9695     7.2102    220.694    6.99114  213.98879    103.134 -9.990e-29
   39.95514  -72.89930      2.353      2.335    24.2787    31.5751 -9.990e-29     0.4714 9.9999e+04  1020.9794    24.2782    20.9694     7.2099    220.686    6.99113  213.98859    103.130 -9.990e-29
   39.95516  -72.89930      2.322      2.305    24.2786    31.5750 -9.990e-29     0.4714 9.9999e+04  1020.9793    24.2781    20.9694     7.2094    220.670    6.99111  213.98795    103.122 -9.990e-29
   39.95516  -72.89930      2.322      2.305    24.2787    31.5750 -9.990e-29     0.4714 9.9999e+04  1020.9792    24.2782    20.9694     7.2089    220.655    6.99111  213.98785    103.116 -9.990e-29
   39.95516  -72.89930      2.322      2.305    24.2785    31.5750 -9.990e-29     0.4714 9.9999e+04  1020.9794    24.2781    20.9695     7.2037    220.496    6.99110  213.98755    103.042 -9.990e-29
   39.95516  -72.89930      2.311      2.294    24.2787    31.5751 -9.990e-29     0.4714 9.9999e+04  1020.9794    24.2782    20.9695     7.2033    220.484    6.99111  213.98814    103.036 -9.990e-29
   39.95516  -72.89930      2.302      2.284    24.2790    31.5751 -9.990e-29     0.4714 9.9999e+04  1020.9794    24.2785    20.9694     7.2030    220.474    6.99113  213.98876    103.031 -9.990e-29
   39.95516  -72.89930      2.292      2.275    24.2791    31.5751 -9.990e-29     0.4714 9.9999e+04  1020.9791    24.2786    20.9694     7.2071    220.599    6.99113  213.98849    103.089 -9.990e-29
   39.95516  -72.89930      2.292      2.275    24.2793    31.5751 -9.990e-29     0.4849 9.9999e+04  1020.9792    24.2788    20.9693     7.2071    220.598    6.99113  213.98845    103.089 -9.990e-29
   39.95516  -72.89930      2.302      2.284    24.2798    31.5750 -9.990e-29     0.5386 9.9999e+04  1020.9788    24.2793    20.9691     7.2071    220.599    6.99116  213.98953    103.089 -9.990e-29
   39.95516  -72.89930      2.281      2.264    24.2797    31.5750 -9.990e-29     0.5520 9.9999e+04  1020.9789    24.2792    20.9691     7.2071    220.599    6.99115  213.98916    103.089 -9.990e-29
   39.95516  -72.89930      2.281      2.264    24.2798    31.5750 -9.990e-29     0.5654 9.9999e+04  1020.9789    24.2793    20.9691     7.2024    220.457    6.99117  213.98993    103.022 -9.990e-29
   39.95516  -72.89930      2.292      2.275    24.2798    31.5750 -9.990e-29     0.5520 9.9999e+04  1020.9789    24.2793    20.9690     7.2070    220.596    6.99118  213.99025    103.087 -9.990e-29
   39.95516  -72.89930      2.281      2.264    24.2802    31.5750 -9.990e-29     0.5520 9.9999e+04  1020.9786    24.2797    20.9690     7.2071    220.599    6.99116  213.98954    103.089 -9.990e-29
   39.95516  -72.89930      2.281      2.264    24.2797    31.5750 -9.990e-29     0.5520 9.9999e+04  1020.9790    24.2792    20.9690     7.2073    220.604    6.99116  213.98939    103.091 -9.990e-29
   39.95516  -72.89930      2.272      2.254    24.2798    31.5750 -9.990e-29     0.5520 9.9999e+04  1020.9788    24.2793    20.9690     7.2122    220.754    6.99117  213.98979    103.161 -9.990e-29
   39.95516  -72.89930      2.281      2.264    24.2798    31.5749 -9.990e-29     0.5520 9.9999e+04  1020.9787    24.2793    20.9690     7.2079    220.624    6.99116  213.98962    103.100 -9.990e-29
   39.95516  -72.89930      2.272      2.254    24.2795    31.5749 -9.990e-29     0.5520 9.9999e+04  1020.9788    24.2790    20.9690     7.2129    220.776    6.99117  213.98977    103.171 -9.990e-29
   39.95516  -72.89930      2.272      2.254    24.2798    31.5749 -9.990e-29     0.5520 9.9999e+04  1020.9786    24.2793    20.9690     7.2134    220.791    6.99117  213.98977    103.179 -9.990e-29
   39.95516  -72.89930      2.281      2.264    24.2796    31.5749 -9.990e-29     0.5520 9.9999e+04  1020.9786    24.2791    20.9690     7.2139    220.808    6.99117  213.98987    103.186 -9.990e-29
   39.95516  -72.89930      2.272      2.254    24.2796    31.5750 -9.990e-29     0.5520 9.9999e+04  1020.9789    24.2791    20.9691     7.2144    220.824    6.99114  213.98891    103.194 -9.990e-29
   39.95516  -72.89930      2.272      2.254    24.2797    31.5750 -9.990e-29     0.5520 9.9999e+04  1020.9787    24.2792    20.9691     7.2150    220.841    6.99114  213.98875    103.202 -9.990e-29
   39.95516  -72.89930      2.272      2.254    24.2796    31.5750 -9.990e-29     0.5520 9.9999e+04  1020.9787    24.2791    20.9691     7.2159    220.868    6.99113  213.98841    103.215 -9.990e-29
