CalculateIndicators/WaterTemperature/Data/CTD_NYOS/20220202_C06.cnv
* Sea-Bird SBE 9 Data File:
* FileName = C:\Seabird 9 CTD\Data\2022\202202_offshore\20220202_C06.hex
* Software Version Seasave V 7.23.2
* Temperature SN = 4590
* Conductivity SN = 3228
* Number of Bytes Per Scan = 44
* Number of Voltage Words = 5
* Number of Scans Averaged by the Deck Unit = 1
* NMEA Latitude = 39 19.07 N
* NMEA Longitude = 073 21.62 W
* NMEA UTC (Time) = Jun 19 2002  17:17:32
* NMEA baud rate = 4800
** Ship: rv seawolf
** Station: 7.4
** Operator: EIH
# nquan = 18
# nvalues = 18482                                 
# units = specified
# name 0 = latitude: Latitude [deg]
# name 1 = longitude: Longitude [deg]
# name 2 = prDM: Pressure, Digiquartz [db]
# name 3 = depSM: Depth [salt water, m]
# name 4 = t090C: Temperature [ITS-90, deg C]
# name 5 = sal00: Salinity, Practical [PSU]
# name 6 = ph: pH
# name 7 = flECO-AFL: Fluorescence, WET Labs ECO-AFL/FL [mg/m^3]
# name 8 = cpar: CPAR/Corrected Irradiance [%]
# name 9 = density00: Density [density, kg/m^3]
# name 10 = potemp090C: Potential Temperature [ITS-90, deg C]
# name 11 = sigma-é00: Density [sigma-theta, kg/m^3]
# name 12 = sbeox0Mg/L: Oxygen, SBE 43 [mg/l]
# name 13 = sbox0Mm/Kg: Oxygen, SBE 43 [umol/kg]
# name 14 = oxsolMg/L: Oxygen Saturation, Garcia & Gordon [mg/l]
# name 15 = oxsolMm/Kg: Oxygen Saturation, Garcia & Gordon [umol/kg]
# name 16 = sbeox0PS: Oxygen, SBE 43 [% saturation]
# name 17 = flag:  0.000e+00
# span 0 =   39.31706,   39.31794                 
# span 1 =  -73.36200,  -73.36032                 
# span 2 =      1.534,     48.501                 
# span 3 =      1.522,     48.127                 
# span 4 =     8.3398,     8.9375                 
# span 5 =    33.5817,    33.8671                 
# span 6 =      8.285,      8.298                 
# span 7 =     0.0685,     0.4311                 
# span 8 = 3.1932e-02, 6.8137e+01                 
# span 9 =  1026.0289,  1026.5414                 
# span 10 =     8.3350,     8.9373                
# span 11 =    26.0178,    26.3213                
# span 12 =     7.8893,     8.5039                
# span 13 =    240.254,    258.970                
# span 14 =    9.30935,    9.43068                
# span 15 =  283.49925,  287.15721                
# span 16 =     84.743,     91.340                
# span 17 = 0.0000e+00, 0.0000e+00                
# interval = seconds: 0.0416667
# start_time = Feb 02 2022 17:17:32 [System UTC, first data scan.]
# bad_flag = -9.990e-29
*END*
[from data line 5468]
   39.31766  -73.36078     45.325     44.976     8.3414    33.8502      8.293     0.2700 5.6191e-02  1026.5266     8.3368    26.3205     8.1577    248.394    9.43005  287.13558     86.508  0.000e+00
   39.31766  -73.36078     45.346     44.997     8.3412    33.8503      8.293     0.2700 5.6191e-02  1026.5268     8.3366    26.3206     8.1572    248.379    9.43009  287.13690     86.502  0.000e+00
   39.31766  -73.36078     45.367     45.017     8.3412    33.8502      8.293     0.2700 5.5788e-02  1026.5268     8.3366    26.3205     8.1700    248.767    9.43009  287.13686     86.637  0.000e+00
   39.31766  -73.36078     45.407     45.057     8.3412    33.8499      8.293     0.2700 5.5450e-02  1026.5268     8.3366    26.3203     8.1783    249.022    9.43011  287.13766     86.726  0.000e+00
   39.31766  -73.36078     45.399     45.049     8.3412    33.8503      8.293     0.2700 5.5450e-02  1026.5271     8.3366    26.3206     8.1682    248.713    9.43008  287.13661     86.618  0.000e+00
   39.31766  -73.36078     45.437     45.087     8.3413    33.8504      8.293     0.2700 5.4945e-02  1026.5273     8.3367    26.3206     8.1569    248.368    9.43006  287.13581     86.499  0.000e+00
   39.31766  -73.36078     45.469     45.118     8.3412    33.8506      8.293     0.2700 5.4611e-02  1026.5277     8.3366    26.3209     8.1514    248.201    9.43006  287.13583     86.440  0.000e+00
   39.31766  -73.36078     45.488     45.138     8.3412    33.8505      8.293     0.2700 5.4611e-02  1026.5277     8.3366    26.3208     8.1511    248.192    9.43008  287.13633     86.437  0.000e+00
   39.31766  -73.36078     45.499     45.149     8.3414    33.8500      8.293     0.2700 5.4445e-02  1026.5273     8.3368    26.3203     8.1578    248.398    9.43006  287.13603     86.509  0.000e+00
   39.31766  -73.36078     45.539     45.188     8.3415    33.8500      8.293     0.2700 5.4055e-02  1026.5275     8.3369    26.3203     8.1583    248.414    9.43004  287.13538     86.514  0.000e+00
   39.31766  -73.36078     45.560     45.209     8.3415    33.8498      8.293     0.2700 5.3890e-02  1026.5274     8.3369    26.3202     8.1589    248.432    9.43004  287.13548     86.521  0.000e+00
   39.31766  -73.36078     45.590     45.239     8.3413    33.8502      8.293     0.2700 5.3890e-02  1026.5278     8.3367    26.3205     8.1590    248.434    9.43007  287.13624     86.521  0.000e+00
   39.31766  -73.36078     45.601     45.250     8.3412    33.8504      8.293     0.2700 5.3562e-02  1026.5281     8.3366    26.3207     8.1457    248.030    9.43008  287.13638     86.380  0.000e+00
   39.31766  -73.36078     45.653     45.301     8.3412    33.8504      8.293     0.2700 5.3562e-02  1026.5283     8.3366    26.3206     8.1440    247.977    9.43008  287.13643     86.362  0.000e+00
   39.31766  -73.36078     45.664     45.312     8.3412    33.8504      8.293     0.2700 5.3399e-02  1026.5284     8.3366    26.3207     8.1417    247.906    9.43008  287.13664     86.337  0.000e+00
   39.31766  -73.36078     45.693     45.340     8.3414    33.8502      8.293     0.2700 5.2589e-02  1026.5283     8.3368    26.3205     8.1387    247.816    9.43005  287.13565     86.306  0.000e+00
   39.31766  -73.36078     45.723     45.370     8.3413    33.8502      8.293     0.2700 5.2269e-02  1026.5285     8.3367    26.3205     8.1352    247.708    9.43007  287.13609     86.268  0.000e+00
   39.31766  -73.36078     45.755     45.402     8.3414    33.8499      8.293     0.2700 5.2269e-02  1026.5283     8.3368    26.3202     8.1259    247.427    9.43007  287.13628     86.170  0.000e+00
   39.31766  -73.36078     45.774     45.421     8.3413    33.8499      8.293     0.2700 5.1633e-02  1026.5285     8.3367    26.3202     8.1295    247.534    9.43009  287.13684     86.208  0.000e+00
   39.31766  -73.36078     45.815     45.462     8.3414    33.8502      8.293     0.2700 5.1475e-02  1026.5289     8.3368    26.3205     8.1279    247.488    9.43005  287.13549     86.192  0.000e+00
   39.31766  -73.36078     45.825     45.472     8.3413    33.8503      8.293     0.2700 5.1532e-02  1026.5290     8.3367    26.3205     8.1329    247.638    9.43006  287.13605     86.244  0.000e+00
   39.31766  -73.36078     45.868     45.514     8.3412    33.8500      8.293     0.2700 5.1060e-02  1026.5290     8.3366    26.3203     8.1322    247.617    9.43010  287.13720     86.236  0.000e+00
   39.31766  -73.36078     45.887     45.533     8.3413    33.8503      8.293     0.2700 5.0748e-02  1026.5293     8.3367    26.3206     8.1245    247.382    9.43006  287.13597     86.155  0.000e+00
   39.31766  -73.36080     45.918     45.563     8.3412    33.8500      8.293     0.2700 5.0748e-02  1026.5292     8.3366    26.3204     8.1169    247.152    9.43010  287.13711     86.075  0.000e+00
   39.31766  -73.36080     45.948     45.594     8.3413    33.8500      8.293     0.2700 5.0129e-02  1026.5293     8.3367    26.3203     8.1151    247.097    9.43008  287.13659     86.056  0.000e+00
   39.31766  -73.36080     45.969     45.614     8.3412    33.8504      8.293     0.2700 4.9725e-02  1026.5298     8.3366    26.3207     8.1071    246.853    9.43007  287.13631     85.971  0.000e+00
   39.31766  -73.36080     45.999     45.644     8.3412    33.8508      8.293     0.2700 4.9725e-02  1026.5302     8.3365    26.3210     8.1056    246.807    9.43006  287.13584     85.955  0.000e+00
   39.31766  -73.36080     46.029     45.674     8.3414    33.8501      8.293     0.2700 4.9475e-02  1026.5298     8.3368    26.3204     8.0979    246.572    9.43005  287.13570     85.873  0.000e+00
   39.31766  -73.36080     46.051     45.696     8.3413    33.8503      8.293     0.2700 4.9377e-02  1026.5300     8.3367    26.3206     8.1031    246.730    9.43006  287.13599     85.928  0.000e+00
   39.31766  -73.36080     46.071     45.715     8.3412    33.8505      8.293     0.2700 4.9377e-02  1026.5303     8.3366    26.3208     8.1097    246.933    9.43007  287.13613     85.998  0.000e+00
   39.31766  -73.36080     46.101     45.746     8.3412    33.8505      8.293     0.2700 4.9075e-02  1026.5305     8.3365    26.3208     8.1045    246.774    9.43008  287.13636     85.943  0.000e+00
   39.31766  -73.36080     46.122     45.766     8.3414    33.8500      8.293     0.2700 4.8678e-02  1026.5301     8.3367    26.3204     8.1109    246.968    9.43006  287.13593     86.011  0.000e+00
   39.31766  -73.36080     46.162     45.806     8.3414    33.8501      8.293     0.2700 4.8528e-02  1026.5304     8.3367    26.3204     8.1168    247.147    9.43005  287.13569     86.073  0.000e+00
   39.31766  -73.36080     46.173     45.817     8.3415    33.8502      8.293     0.2700 4.8528e-02  1026.5305     8.3368    26.3205     8.1233    247.346    9.43003  287.13501     86.143  0.000e+00
   39.31766  -73.36080     46.203     45.847     8.3411    33.8508      8.293     0.2700 4.8135e-02  1026.5312     8.3364    26.3210     8.1306    247.569    9.43008  287.13645     86.220  0.000e+00
   39.31766  -73.36080     46.213     45.856     8.3415    33.8502      8.293     0.2700 4.8040e-02  1026.5307     8.3368    26.3205     8.1328    247.635    9.43003  287.13491     86.243  0.000e+00
   39.31766  -73.36080     46.254     45.898     8.3414    33.8500      8.293     0.2700 4.8094e-02  1026.5307     8.3367    26.3203     8.1421    247.918    9.43006  287.13606     86.342  0.000e+00
   39.31766  -73.36080     46.264     45.907     8.3412    33.8501      8.293     0.2700 4.7851e-02  1026.5309     8.3365    26.3205     8.1381    247.796    9.43010  287.13723     86.299  0.000e+00
   39.31766  -73.36080     46.294     45.937     8.3412    33.8503      8.293     0.2700 4.7757e-02  1026.5311     8.3365    26.3206     8.1398    247.848    9.43008  287.13663     86.317  0.000e+00
   39.31766  -73.36080     46.316     45.959     8.3412    33.8504      8.293     0.2700 4.7757e-02  1026.5314     8.3365    26.3207     8.1352    247.707    9.43008  287.13657     86.268  0.000e+00
   39.31766  -73.36080     46.326     45.969     8.3411    33.8505      8.293     0.2700 4.7610e-02  1026.5315     8.3364    26.3208     8.1300    247.549    9.43010  287.13699     86.213  0.000e+00
   39.31766  -73.36080     46.356     45.999     8.3412    33.8504      8.293     0.2700 4.7463e-02  1026.5316     8.3365    26.3207     8.1172    247.161    9.43008  287.13661     86.078  0.000e+00
   39.31766  -73.36080     46.377     46.019     8.3414    33.8502      8.293     0.2700 4.7317e-02  1026.5314     8.3367    26.3205     8.1096    246.931    9.43005  287.13561     85.998  0.000e+00
   39.31766  -73.36080     46.407     46.050     8.3413    33.8502      8.293     0.2700 4.7026e-02  1026.5316     8.3366    26.3205     8.1016    246.686    9.43006  287.13605     85.913  0.000e+00
   39.31766  -73.36080     46.407     46.050     8.3414    33.8504      8.293     0.2700 4.6933e-02  1026.5317     8.3367    26.3206     8.1197    247.237    9.43004  287.13522     86.105  0.000e+00
   39.31766  -73.36080     46.448     46.089     8.3413    33.8503      8.293     0.2700 4.6788e-02  1026.5319     8.3366    26.3206     8.1273    247.467    9.43006  287.13595     86.185  0.000e+00
   39.31766  -73.36080     46.459     46.100     8.3411    33.8509      8.293     0.2700 4.6408e-02  1026.5324     8.3364    26.3211     8.1412    247.890    9.43007  287.13613     86.332  0.000e+00
   39.31766  -73.36080     46.489     46.130     8.3415    33.8499      8.293     0.2700 4.6031e-02  1026.5317     8.3368    26.3202     8.1430    247.946    9.43005  287.13560     86.352  0.000e+00
   39.31766  -73.36080     46.499     46.140     8.3414    33.8498      8.293     0.2700 4.6082e-02  1026.5317     8.3367    26.3202     8.1449    248.003    9.43007  287.13644     86.371  0.000e+00
   39.31766  -73.36080     46.519     46.160     8.3415    33.8499      8.293     0.2700 4.5900e-02  1026.5318     8.3368    26.3202     8.1474    248.079    9.43005  287.13563     86.398  0.000e+00
   39.31766  -73.36080     46.550     46.191     8.3412    33.8503      8.293     0.2700 4.5861e-02  1026.5323     8.3365    26.3206     8.1499    248.157    9.43008  287.13660     86.425  0.000e+00
   39.31766  -73.36080     46.581     46.222     8.3415    33.8500      8.293     0.2700 4.5771e-02  1026.5322     8.3368    26.3203     8.1538    248.274    9.43004  287.13541     86.466  0.000e+00
   39.31766  -73.36080     46.581     46.222     8.3415    33.8497      8.293     0.2700 4.5681e-02  1026.5319     8.3368    26.3201     8.1584    248.414    9.43005  287.13577     86.515  0.000e+00
   39.31766  -73.36080     46.612     46.252     8.3412    33.8504      8.293     0.2700 4.5398e-02  1026.5327     8.3365    26.3207     8.1491    248.133    9.43008  287.13638     86.416  0.000e+00
   39.31766  -73.36080     46.642     46.282     8.3413    33.8505      8.293     0.2700 4.5347e-02  1026.5329     8.3366    26.3207     8.1374    247.775    9.43005  287.13557     86.292  0.000e+00
   39.31766  -73.36080     46.672     46.312     8.3415    33.8504      8.293     0.2700 4.5207e-02  1026.5330     8.3368    26.3207     8.1301    247.554    9.43000  287.13416     86.216  0.000e+00
   39.31766  -73.36080     46.682     46.322     8.3413    33.8503      8.293     0.2700 4.5066e-02  1026.5329     8.3366    26.3206     8.1288    247.513    9.43006  287.13604     86.201  0.000e+00
   39.31766  -73.36080     46.714     46.354     8.3414    33.8502      8.293     0.2700 4.4876e-02  1026.5330     8.3367    26.3205     8.1281    247.494    9.43005  287.13552     86.194  0.000e+00
   39.31766  -73.36080     46.724     46.363     8.3416    33.8496      8.293     0.2700 4.4826e-02  1026.5325     8.3369    26.3200     8.1276    247.478    9.43004  287.13536     86.189  0.000e+00
   39.31766  -73.36080     46.765     46.404     8.3412    33.8503      8.293     0.2700 4.4360e-02  1026.5333     8.3365    26.3206     8.1210    247.276    9.43008  287.13652     86.118  0.000e+00
   39.31766  -73.36080     46.795     46.434     8.3416    33.8498      8.293     0.2834 4.4272e-02  1026.5330     8.3369    26.3202     8.1137    247.056    9.43002  287.13486     86.042  0.000e+00
   39.31766  -73.36080     46.816     46.455     8.3411    33.8503      8.293     0.2700 4.4372e-02  1026.5336     8.3363    26.3206     8.1049    246.786    9.43011  287.13747     85.947  0.000e+00
   39.31766  -73.36080     46.837     46.475     8.3413    33.8505      8.293     0.2700 4.4059e-02  1026.5338     8.3366    26.3208     8.1144    247.077    9.43005  287.13548     86.049  0.000e+00
   39.31766  -73.36080     46.867     46.506     8.3412    33.8503      8.293     0.2700 4.3873e-02  1026.5338     8.3365    26.3206     8.1064    246.833    9.43008  287.13662     85.964  0.000e+00
   39.31766  -73.36080     46.897     46.536     8.3413    33.8502      8.293     0.2700 4.3687e-02  1026.5339     8.3366    26.3205     8.1042    246.766    9.43007  287.13610     85.940  0.000e+00
   39.31766  -73.36080     46.928     46.566     8.3412    33.8504      8.293     0.2700 4.3232e-02  1026.5342     8.3365    26.3207     8.1149    247.089    9.43007  287.13626     86.053  0.000e+00
   39.31766  -73.36080     46.949     46.586     8.3415    33.8504      8.293     0.2700 4.3098e-02  1026.5342     8.3368    26.3206     8.1197    247.238    9.43002  287.13463     86.105  0.000e+00
   39.31766  -73.36080     46.979     46.617     8.3412    33.8505      8.293     0.2700 4.2963e-02  1026.5344     8.3365    26.3208     8.1197    247.237    9.43007  287.13617     86.105  0.000e+00
   39.31766  -73.36080     47.009     46.647     8.3412    33.8506      8.293     0.2700 4.2563e-02  1026.5347     8.3364    26.3209     8.1197    247.237    9.43007  287.13612     86.104  0.000e+00
   39.31766  -73.36080     47.040     46.677     8.3412    33.8504      8.293     0.2700 4.2035e-02  1026.5347     8.3365    26.3207     8.1204    247.258    9.43007  287.13623     86.112  0.000e+00
   39.31766  -73.36080     47.070     46.707     8.3415    33.8503      8.293     0.2700 4.1988e-02  1026.5347     8.3367    26.3206     8.1211    247.280    9.43002  287.13475     86.120  0.000e+00
   39.31766  -73.36080     47.081     46.718     8.3414    33.8500      8.293     0.2700 4.1549e-02  1026.5345     8.3366    26.3203     8.1213    247.286    9.43006  287.13602     86.121  0.000e+00
   39.31766  -73.36080     47.132     46.769     8.3414    33.8500      8.293     0.2700 4.1069e-02  1026.5348     8.3366    26.3204     8.1146    247.081    9.43006  287.13593     86.050  0.000e+00
   39.31766  -73.36080     47.162     46.799     8.3412    33.8508      8.293     0.2700 4.0940e-02  1026.5356     8.3364    26.3210     8.1072    246.858    9.43006  287.13570     85.972  0.000e+00
   39.31766  -73.36080     47.183     46.819     8.3412    33.8502      8.293     0.2700 4.0767e-02  1026.5351     8.3364    26.3205     8.1051    246.791    9.43009  287.13679     85.949  0.000e+00
   39.31766  -73.36080     47.204     46.840     8.3412    33.8505      8.293     0.2700 4.0340e-02  1026.5355     8.3364    26.3208     8.0966    246.532    9.43008  287.13645     85.859  0.000e+00
   39.31766  -73.36080     47.254     46.889     8.3414    33.8504      8.293     0.2700 4.0169e-02  1026.5356     8.3366    26.3207     8.1059    246.816    9.43003  287.13506     85.958  0.000e+00
   39.31766  -73.36080     47.265     46.900     8.3416    33.8499      8.293     0.2700 3.9873e-02  1026.5353     8.3369    26.3203     8.1171    247.157    9.43001  287.13461     86.077  0.000e+00
   39.31766  -73.36080     47.306     46.941     8.3414    33.8501      8.293     0.2700 3.9375e-02  1026.5356     8.3366    26.3204     8.1239    247.365    9.43006  287.13581     86.149  0.000e+00
