CalculateIndicators/WaterTemperature/Data/CTD_NYOS/202200730_C28.cnv
* Sea-Bird SBE 9 Data File:
* FileName = C:\Seabird 9 CTD\Data\2022\202207_offshore\202200730_C28.hex
* Software Version Seasave V 7.23.2
* Temperature SN = 4590
* Conductivity SN = 3228
* Number of Bytes Per Scan = 44
* Number of Voltage Words = 5
* Number of Scans Averaged by the Deck Unit = 1
* NMEA Latitude = 40 41.78 N
* NMEA Longitude = 071 47.40 W
* NMEA UTC (Time) = Dec 14 2002  15:00:19
* NMEA baud rate = 4800
** Ship: seawolf
** Station: 1.2
** Operator: TCM
# nquan = 18
# nvalues = 13274                       
# units = specified
# name 0 = latitude: Latitude [deg]
# name 1 = longitude: Longitude [deg]
# name 2 = prDM: Pressure, Digiquartz [db]
# name 3 = depSM: Depth [salt water, m]
# name 4 = t090C: Temperature [ITS-90, deg C]
# name 5 = sal00: Salinity, Practical [PSU]
# name 6 = ph: pH
# name 7 = flECO-AFL: Fluorescence, WET Labs ECO-AFL/FL [mg/m^3]
# name 8 = cpar: CPAR/Corrected Irradiance [%]
# name 9 = density00: Density [density, kg/m^3]
# name 10 = potemp090C: Potential Temperature [ITS-90, deg C]
# name 11 = sigma-é00: Density [sigma-theta, kg/m^3]
# name 12 = sbeox0Mg/L: Oxygen, SBE 43 [mg/l]
# name 13 = sbox0Mm/Kg: Oxygen, SBE 43 [umol/kg]
# name 14 = oxsolMg/L: Oxygen Saturation, Garcia & Gordon [mg/l]
# name 15 = oxsolMm/Kg: Oxygen Saturation, Garcia & Gordon [umol/kg]
# name 16 = sbeox0PS: Oxygen, SBE 43 [% saturation]
# name 17 = flag:  0.000e+00
# span 0 =   40.69574,   40.69638       
# span 1 =  -71.79006,  -71.78978       
# span 2 =      1.897,     50.477       
# span 3 =      1.883,     50.081       
# span 4 =    10.1552,    23.5791       
# span 5 =    32.1723,    34.6662       
# span 6 =      7.928,      8.302       
# span 7 =    -0.0255,     1.4385       
# span 8 = 3.9426e-02, 9.4320e+01       
# span 9 =  1021.6403,  1026.1437       
# span 10 =    10.1495,    23.5786      
# span 11 =    21.6276,    25.9168      
# span 12 =     5.8863,     9.9204      
# span 13 =    179.305,    302.522      
# span 14 =    7.05196,    9.06927      
# span 15 =  215.71024,  276.26034      
# span 16 =     65.006,    129.189      
# span 17 = 0.0000e+00, 0.0000e+00      
# interval = seconds: 0.0416667
# start_time = Jul 30 2022 15:00:16 [System UTC, first data scan.]
# bad_flag = -9.990e-29
*END*
[from data line 10533]
   40.69586  -71.78986      9.785      9.709    21.4361    34.4594      8.279     0.6729 1.9004e+00  1024.0062    21.4342    23.9639     8.1662    249.240    7.22301  220.45425    113.058 -9.990e-29
   40.69586  -71.78986      9.775      9.699    21.4361    34.4597      8.279     0.6729 1.9039e+00  1024.0065    21.4342    23.9645     8.1664    249.245    7.22258  220.43996    113.067 -9.990e-29
   40.69586  -71.78986      9.775      9.699    21.4351    34.4597      8.279     0.6595 1.9021e+00  1024.0071    21.4332    23.9648     8.1613    249.089    7.22206  220.42285    113.005 -9.990e-29
   40.69586  -71.78986      9.785      9.709    21.4345    34.4597      8.279     0.6595 1.8968e+00  1024.0073    21.4326    23.9644     8.1665    249.248    7.22211  220.42351    113.077 -9.990e-29
   40.69586  -71.78986      9.775      9.699    21.4354    34.4581      8.279     0.6460 1.8968e+00  1024.0053    21.4335    23.9630     8.1640    249.167    7.22353  220.46445    113.019 -9.990e-29
   40.69586  -71.78986      9.775      9.699    21.4368    34.4558      8.279     0.6460 1.8986e+00  1024.0030    21.4349    23.9610     8.1660    249.226    7.22481  220.50152    113.027 -9.990e-29
   40.69586  -71.78986      9.764      9.688    21.4377    34.4534      8.279     0.6460 1.8932e+00  1024.0006    21.4358    23.9590     8.1724    249.420    7.22563  220.52537    113.103 -9.990e-29
   40.69586  -71.78986      9.764      9.688    21.4381    34.4514      8.279     0.6460 1.8861e+00  1023.9993    21.4362    23.9572     8.1733    249.448    7.22595  220.53489    113.110 -9.990e-29
   40.69586  -71.78986      9.755      9.679    21.4396    34.4496      8.279     0.6460 1.8844e+00  1023.9973    21.4378    23.9554     8.1687    249.309    7.22581  220.53053    113.049 -9.990e-29
   40.69586  -71.78986      9.745      9.669    21.4416    34.4480      8.279     0.6326 1.8861e+00  1023.9956    21.4397    23.9537     8.1688    249.310    7.22559  220.52424    113.053 -9.990e-29
   40.69586  -71.78986      9.734      9.658    21.4434    34.4467      8.279     0.6460 1.8808e+00  1023.9939    21.4415    23.9522     8.1739    249.466    7.22568  220.52670    113.123 -9.990e-29
   40.69586  -71.78986      9.734      9.658    21.4451    34.4455      8.279     0.6326 1.8755e+00  1023.9928    21.4432    23.9507     8.1742    249.477    7.22563  220.52511    113.128 -9.990e-29
   40.69586  -71.78986      9.704      9.628    21.4473    34.4443      8.279     0.6326 1.8755e+00  1023.9911    21.4454    23.9491     8.1744    249.482    7.22543  220.51930    113.134 -9.990e-29
   40.69586  -71.78986      9.713      9.638    21.4510    34.4428      8.279     0.6326 1.8616e+00  1023.9889    21.4491    23.9471     8.1751    249.502    7.22556  220.52328    113.141 -9.990e-29
   40.69586  -71.78986      9.689      9.613    21.4552    34.4413      8.279     0.6460 1.8531e+00  1023.9867    21.4533    23.9448     8.1758    249.525    7.22578  220.52973    113.148 -9.990e-29
   40.69586  -71.78986      9.673      9.598    21.4591    34.4392      8.279     0.6460 1.8548e+00  1023.9845    21.4572    23.9420     8.1766    249.548    7.22595  220.53437    113.156 -9.990e-29
   40.69586  -71.78986      9.673      9.598    21.4653    34.4358      8.279     0.6460 1.8581e+00  1023.9799    21.4634    23.9379     8.1822    249.720    7.22603  220.53685    113.233 -9.990e-29
   40.69586  -71.78986      9.653      9.578    21.4714    34.4316      8.279     0.6460 1.8580e+00  1023.9743    21.4695    23.9330     8.1831    249.747    7.22626  220.54372    113.241 -9.990e-29
   40.69586  -71.78986      9.643      9.568    21.4776    34.4274      8.279     0.6460 1.8615e+00  1023.9696    21.4758    23.9280     8.1844    249.785    7.22653  220.55145    113.255 -9.990e-29
   40.69586  -71.78986      9.623      9.548    21.4851    34.4234      8.279     0.6326 1.8493e+00  1023.9643    21.4832    23.9232     8.1855    249.818    7.22691  220.56263    113.264 -9.990e-29
   40.69586  -71.78986      9.613      9.538    21.4913    34.4200      8.279     0.6326 1.8493e+00  1023.9595    21.4894    23.9190     8.1917    250.007    7.22714  220.56942    113.346 -9.990e-29
   40.69586  -71.78986      9.613      9.538    21.4948    34.4177      8.279     0.6326 1.8493e+00  1023.9568    21.4930    23.9163     8.1928    250.040    7.22722  220.57181    113.360 -9.990e-29
   40.69590  -71.78988      9.592      9.518    21.4965    34.4165      8.279     0.6460 1.8338e+00  1023.9558    21.4947    23.9147     8.1938    250.072    7.22731  220.57462    113.373 -9.990e-29
   40.69590  -71.78988      9.572      9.497    21.4986    34.4158      8.279     0.6460 1.8287e+00  1023.9546    21.4967    23.9137     8.1948    250.101    7.22731  220.57468    113.386 -9.990e-29
   40.69590  -71.78988      9.562      9.488    21.4994    34.4153      8.279     0.6460 1.8304e+00  1023.9539    21.4976    23.9130     8.2008    250.285    7.22737  220.57656    113.468 -9.990e-29
   40.69590  -71.78988      9.562      9.488    21.4997    34.4148      8.279     0.6460 1.8320e+00  1023.9540    21.4979    23.9124     8.2023    250.331    7.22757  220.58241    113.486 -9.990e-29
   40.69590  -71.78988      9.532      9.458    21.5012    34.4139      8.279     0.6460 1.8303e+00  1023.9525    21.4994    23.9114     8.2037    250.374    7.22772  220.58681    113.504 -9.990e-29
   40.69590  -71.78988      9.532      9.458    21.5022    34.4126      8.279     0.6326 1.8303e+00  1023.9510    21.5004    23.9101     8.2099    250.562    7.22768  220.58547    113.589 -9.990e-29
   40.69590  -71.78988      9.532      9.458    21.5030    34.4112      8.279     0.6326 1.8286e+00  1023.9501    21.5011    23.9088     8.2111    250.598    7.22742  220.57771    113.610 -9.990e-29
   40.69590  -71.78988      9.511      9.437    21.5036    34.4095      8.279     0.6192 1.8234e+00  1023.9483    21.5018    23.9075     8.2164    250.763    7.22664  220.55512    113.696 -9.990e-29
   40.69590  -71.78988      9.502      9.428    21.5033    34.4074      8.279     0.6192 1.8234e+00  1023.9469    21.5015    23.9059     8.2164    250.764    7.22557  220.52443    113.713 -9.990e-29
   40.69590  -71.78988      9.491      9.417    21.5031    34.4051      8.279     0.6192 1.8234e+00  1023.9448    21.5013    23.9042     8.2168    250.777    7.22483  220.50297    113.730 -9.990e-29
   40.69590  -71.78988      9.491      9.417    21.5024    34.4029      8.279     0.6326 1.8234e+00  1023.9435    21.5006    23.9026     8.2223    250.946    7.22427  220.48671    113.815 -9.990e-29
   40.69590  -71.78988      9.481      9.407    21.5021    34.4008      8.279     0.6326 1.8234e+00  1023.9418    21.5003    23.9012     8.2234    250.982    7.22394  220.47705    113.836 -9.990e-29
   40.69590  -71.78988      9.491      9.417    21.5012    34.3990      8.279     0.6192 1.8269e+00  1023.9410    21.4994    23.9000     8.2246    251.018    7.22369  220.46953    113.856 -9.990e-29
   40.69590  -71.78988      9.471      9.398    21.5006    34.3969      8.279     0.6326 1.8286e+00  1023.9394    21.4988    23.8986     8.2253    251.041    7.22316  220.45411    113.875 -9.990e-29
   40.69590  -71.78988      9.471      9.398    21.5000    34.3949      8.279     0.6192 1.8303e+00  1023.9379    21.4981    23.8972     8.2262    251.069    7.22282  220.44489    113.892 -9.990e-29
   40.69590  -71.78988      9.481      9.407    21.4996    34.3930      8.279     0.6326 1.8303e+00  1023.9366    21.4978    23.8959     8.2271    251.099    7.22278  220.44481    113.905 -9.990e-29
   40.69590  -71.78988      9.471      9.398    21.4992    34.3910      8.279     0.6326 1.8354e+00  1023.9353    21.4974    23.8944     8.2282    251.132    7.22294  220.45041    113.918 -9.990e-29
   40.69590  -71.78988      9.471      9.398    21.4991    34.3886      8.279     0.6192 1.8354e+00  1023.9338    21.4972    23.8928     8.2342    251.317    7.22318  220.45890    113.997 -9.990e-29
   40.69590  -71.78988      9.481      9.407    21.4987    34.3859      8.279     0.6192 1.8354e+00  1023.9316    21.4969    23.8908     8.2303    251.199    7.22349  220.46950    113.938 -9.990e-29
   40.69590  -71.78988      9.477      9.403    21.4984    34.3831      8.279     0.6326 1.8354e+00  1023.9292    21.4965    23.8888     8.2314    251.233    7.22387  220.48224    113.947 -9.990e-29
   40.69590  -71.78988      9.481      9.407    21.4982    34.3821      8.279     0.6326 1.8389e+00  1023.9273    21.4963    23.8874     8.2324    251.265    7.22425  220.49528    113.955 -9.990e-29
   40.69590  -71.78988      9.491      9.417    21.4978    34.3821      8.279     0.6192 1.8372e+00  1023.9275    21.4960    23.8872     8.2329    251.283    7.22455  220.50571    113.958 -9.990e-29
   40.69590  -71.78988      9.502      9.428    21.4978    34.3821      8.279     0.6192 1.8424e+00  1023.9285    21.4960    23.8880     8.2383    251.448    7.22460  220.50748    114.032 -9.990e-29
   40.69590  -71.78988      9.502      9.428    21.4978    34.3841      8.279     0.6192 1.8424e+00  1023.9304    21.4960    23.8896     8.2334    251.299    7.22415  220.49455    113.971 -9.990e-29
   40.69586  -71.78986      9.511      9.437    21.4982    34.3867      8.279     0.6192 1.8441e+00  1023.9323    21.4963    23.8916     8.2324    251.270    7.22347  220.47410    113.968 -9.990e-29
   40.69586  -71.78986      9.521      9.447    21.4986    34.3900      8.279     0.6192 1.8493e+00  1023.9343    21.4967    23.8939     8.2308    251.219    7.22226  220.43750    113.964 -9.990e-29
   40.69586  -71.78986      9.532      9.458    21.4991    34.3947      8.279     0.6326 1.8545e+00  1023.9373    21.4972    23.8973     8.2268    251.100    7.21905  220.34036    113.960 -9.990e-29
   40.69586  -71.78986      9.541      9.467    21.4999    34.4010      8.283     0.6192 1.8528e+00  1023.9429    21.4981    23.9019     8.2210    250.925    7.21447  220.20256    113.952 -9.990e-29
   40.69586  -71.78986      9.551      9.477    21.5016    34.4075      8.279     0.6192 1.8598e+00  1023.9481    21.4997    23.9070     8.2157    250.766    7.21032  220.07870    113.944 -9.990e-29
   40.69586  -71.78986      9.562      9.488    21.4998    34.4141      8.279     0.6192 1.8650e+00  1023.9519    21.4979    23.9131     8.2071    250.505    7.20776  220.00158    113.865 -9.990e-29
   40.69586  -71.78986      9.572      9.497    21.4858    34.4214      8.284     0.6460 1.8650e+00  1023.9628    21.4840    23.9212     8.2024    250.361    7.20441  219.90046    113.852 -9.990e-29
   40.69586  -71.78986      9.583      9.508    21.4734    34.4283      8.279     0.6595 1.8703e+00  1023.9721    21.4716    23.9293     8.1960    250.170    7.20005  219.76965    113.833 -9.990e-29
   40.69586  -71.78986      9.592      9.518    21.4656    34.4329      8.284     0.6595 1.8790e+00  1023.9778    21.4637    23.9349     8.1912    250.028    7.19708  219.68231    113.814 -9.990e-29
   40.69586  -71.78986      9.602      9.528    21.4624    34.4350      8.284     0.6460 1.8895e+00  1023.9801    21.4606    23.9375     8.1895    249.976    7.19631  219.65984    113.802 -9.990e-29
   40.69586  -71.78986      9.623      9.548    21.4637    34.4352      8.284     0.6460 1.8984e+00  1023.9796    21.4618    23.9378     8.1875    249.916    7.19534  219.63185    113.789 -9.990e-29
   40.69586  -71.78986      9.632      9.558    21.4658    34.4353      8.279     0.6460 1.8843e+00  1023.9780    21.4640    23.9376     8.1858    249.862    7.19490  219.61660    113.772 -9.990e-29
   40.69586  -71.78986      9.632      9.558    21.4646    34.4353      8.284     0.6460 1.8791e+00  1023.9796    21.4627    23.9378     8.1806    249.707    7.19179  219.52439    113.749 -9.990e-29
   40.69586  -71.78986      9.664      9.589    21.4647    34.4352      8.284     0.6595 1.8826e+00  1023.9802    21.4629    23.9378     8.1694    249.375    7.18773  219.40881    113.658 -9.990e-29
   40.69586  -71.78986      9.653      9.578    21.4671    34.4356      8.284     0.6595 1.8773e+00  1023.9778    21.4652    23.9372     8.1736    249.505    7.18829  219.42717    113.708 -9.990e-29
   40.69586  -71.78986      9.683      9.608    21.4659    34.4356      8.284     0.6460 1.8826e+00  1023.9784    21.4641    23.9374     8.1746    249.531    7.18989  219.47262    113.696 -9.990e-29
   40.69586  -71.78986      9.683      9.608    21.4637    34.4361      8.284     0.6595 1.8773e+00  1023.9803    21.4618    23.9385     8.1659    249.266    7.18781  219.40964    113.608 -9.990e-29
   40.69586  -71.78986      9.694      9.619    21.4621    34.4370      8.284     0.6460 1.8773e+00  1023.9816    21.4602    23.9396     8.1589    249.052    7.18336  219.27481    113.580 -9.990e-29
   40.69586  -71.78986      9.704      9.628    21.4614    34.4377      8.284     0.6460 1.8878e+00  1023.9819    21.4595    23.9405     8.1540    248.911    7.17687  219.08189    113.616 -9.990e-29
   40.69586  -71.78986      9.709      9.634    21.4593    34.4385      8.284     0.6595 1.9073e+00  1023.9833    21.4574    23.9416     8.1478    248.727    7.17277  218.96147    113.594 -9.990e-29
   40.69586  -71.78986      9.724      9.649    21.4570    34.4396      8.284     0.6460 1.9092e+00  1023.9846    21.4551    23.9432     8.1467    248.693    7.17274  218.96059    113.579 -9.990e-29
   40.69586  -71.78986      9.724      9.649    21.4533    34.4410      8.284     0.6595 1.9074e+00  1023.9873    21.4514    23.9450     8.1532    248.888    7.17490  219.02362    113.635 -9.990e-29
   40.69586  -71.78986      9.745      9.669    21.4512    34.4419      8.279     0.6460 1.8843e+00  1023.9888    21.4493    23.9463     8.1529    248.878    7.17534  219.03587    113.624 -9.990e-29
   40.69586  -71.78986      9.745      9.669    21.4506    34.4419      8.284     0.6595 1.8685e+00  1023.9888    21.4487    23.9468     8.1523    248.857    7.17533  219.03555    113.615 -9.990e-29
   40.69588  -71.78986      9.745      9.669    21.4499    34.4419      8.284     0.6595 1.8615e+00  1023.9889    21.4480    23.9467     8.1568    248.998    7.17566  219.04686    113.673 -9.990e-29
   40.69588  -71.78986      9.734      9.658    21.4503    34.4413      8.284     0.6460 1.8685e+00  1023.9880    21.4484    23.9463     8.1616    249.147    7.17601  219.05978    113.735 -9.990e-29
   40.69588  -71.78986      9.785      9.709    21.4501    34.4413      8.284     0.6460 1.8633e+00  1023.9877    21.4482    23.9462     8.1616    249.147    7.17619  219.06665    113.731 -9.990e-29
   40.69588  -71.78986      9.805      9.729    21.4483    34.4413      8.284     0.6595 1.8580e+00  1023.9888    21.4464    23.9467     8.1682    249.348    7.17758  219.10626    113.802 -9.990e-29
   40.69588  -71.78986      9.826      9.750    21.4469    34.4413      8.284     0.6460 1.8563e+00  1023.9899    21.4450    23.9473     8.1684    249.351    7.17751  219.10401    113.805 -9.990e-29
   40.69588  -71.78986      9.856      9.780    21.4471    34.4413      8.284     0.6595 1.8563e+00  1023.9903    21.4452    23.9473     8.1717    249.460    7.17628  219.07162    113.871 -9.990e-29
   40.69588  -71.78986      9.866      9.789    21.4490    34.4406      8.284     0.6595 1.8528e+00  1023.9900    21.4471    23.9454     8.1740    249.544    7.17389  219.01171    113.941 -9.990e-29
   40.69588  -71.78986      9.815      9.739    21.4566    34.4367      8.284     0.6460 1.8511e+00  1023.9839    21.4547    23.9406     8.1721    249.505    7.17203  218.97059    113.945 -9.990e-29
   40.69588  -71.78986      9.724      9.649    21.4672    34.4312      8.284     0.6460 1.8494e+00  1023.9751    21.4653    23.9342     8.1710    249.497    7.16680  218.83337    114.012 -9.990e-29
   40.69588  -71.78986      9.683      9.608    21.4745    34.4267      8.284     0.6460 1.8459e+00  1023.9693    21.4726    23.9287     8.1709    249.511    7.16208  218.70607    114.085 -9.990e-29
