CalculateIndicators/WaterTemperature/Data/CTD_NYOS/20220201_C01.cnv
* Sea-Bird SBE 9 Data File:
* FileName = C:\Seabird 9 CTD\Data\2022\202202_offshore\20220201_C01.hex
* Software Version Seasave V 7.23.2
* Temperature SN = 4590
* Conductivity SN = 3228
* Number of Bytes Per Scan = 44
* Number of Voltage Words = 5
* Number of Scans Averaged by the Deck Unit = 1
* NMEA Latitude = 40 57.63 N
* NMEA Longitude = 073 34.93 W
* NMEA UTC (Time) = Jun 18 2002  17:33:16
* NMEA baud rate = 4800
** Ship: rv seawolf
** Station: LIS-ARIG
** Operator: EIH
# nquan = 18
# nvalues = 10589                                 
# units = specified
# name 0 = latitude: Latitude [deg]
# name 1 = longitude: Longitude [deg]
# name 2 = prDM: Pressure, Digiquartz [db]
# name 3 = depSM: Depth [salt water, m]
# name 4 = t090C: Temperature [ITS-90, deg C]
# name 5 = sal00: Salinity, Practical [PSU]
# name 6 = ph: pH
# name 7 = flECO-AFL: Fluorescence, WET Labs ECO-AFL/FL [mg/m^3]
# name 8 = cpar: CPAR/Corrected Irradiance [%]
# name 9 = density00: Density [density, kg/m^3]
# name 10 = potemp090C: Potential Temperature [ITS-90, deg C]
# name 11 = sigma-é00: Density [sigma-theta, kg/m^3]
# name 12 = sbeox0Mg/L: Oxygen, SBE 43 [mg/l]
# name 13 = sbox0Mm/Kg: Oxygen, SBE 43 [umol/kg]
# name 14 = oxsolMg/L: Oxygen Saturation, Garcia & Gordon [mg/l]
# name 15 = oxsolMm/Kg: Oxygen Saturation, Garcia & Gordon [umol/kg]
# name 16 = sbeox0PS: Oxygen, SBE 43 [% saturation]
# name 17 = flag:  0.000e+00
# span 0 =   40.96050,   40.96120                 
# span 1 =  -73.58376,  -73.58216                 
# span 2 =      1.420,     14.546                 
# span 3 =      1.409,     14.432                 
# span 4 =     1.5104,     2.3003                 
# span 5 =    26.8155,    27.0733                 
# span 6 =      8.340,      8.508                 
# span 7 =     3.8560,     7.8048                 
# span 8 = 4.5133e-14, 1.2675e+01                 
# span 9 =  1021.4568,  1021.6786                 
# span 10 =     1.5103,     2.2998                
# span 11 =    21.4458,    21.6097                
# span 12 =    13.3973,    19.3075                
# span 13 =    409.816,    590.698                
# span 14 =   11.39816,   11.65177                
# span 15 =  348.66365,  356.47690                
# span 16 =    117.521,    165.711                
# span 17 = 0.0000e+00, 0.0000e+00                
# interval = seconds: 0.0416667
# start_time = Feb 01 2022 17:33:17 [System UTC, first data scan.]
# bad_flag = -9.990e-29
*END*
[from data line 81]
   40.96062  -73.58230      2.521      2.501     1.5113    26.8191      8.508     5.9781 1.7935e+00  1021.4612     1.5113    21.4492    18.9082    578.482   11.65143  356.46641    162.282  0.000e+00
   40.96062  -73.58230      2.521      2.501     1.5113    26.8186      8.508     5.9781 1.7718e+00  1021.4608     1.5113    21.4487    18.9048    578.376   11.65147  356.46790    162.252  0.000e+00
   40.96062  -73.58230      2.531      2.511     1.5112    26.8190      8.508     5.9781 1.7472e+00  1021.4612     1.5111    21.4491    18.8918    577.979   11.65149  356.46823    162.140  0.000e+00
   40.96062  -73.58230      2.541      2.522     1.5107    26.8191      8.508     5.9781 1.7391e+00  1021.4614     1.5106    21.4492    18.8921    577.990   11.65162  356.47218    162.142  0.000e+00
   40.96062  -73.58230      2.531      2.511     1.5104    26.8188      8.508     5.9781 1.7342e+00  1021.4611     1.5103    21.4490    18.9066    578.432   11.65175  356.47633    162.264  0.000e+00
   40.96062  -73.58230      2.531      2.511     1.5104    26.8184      8.508     5.9781 1.7245e+00  1021.4608     1.5103    21.4487    18.9226    578.923   11.65177  356.47690    162.401  0.000e+00
   40.96062  -73.58230      2.551      2.531     1.5104    26.8190      8.508     5.9781 1.7212e+00  1021.4614     1.5103    21.4491    18.9404    579.466   11.65172  356.47526    162.554  0.000e+00
   40.96062  -73.58230      2.543      2.523     1.5107    26.8194      8.508     5.9781 1.7179e+00  1021.4616     1.5106    21.4494    18.9277    579.079   11.65160  356.47144    162.447  0.000e+00
   40.96062  -73.58230      2.551      2.531     1.5109    26.8196      8.508     6.0184 1.7130e+00  1021.4618     1.5108    21.4496    18.9232    578.940   11.65154  356.46946    162.409  0.000e+00
   40.96062  -73.58230      2.541      2.522     1.5112    26.8196      8.508     6.0453 1.7051e+00  1021.4618     1.5111    21.4496    18.9184    578.793   11.65144  356.46639    162.369  0.000e+00
   40.96062  -73.58230      2.551      2.531     1.5118    26.8190      8.503     6.0453 1.7020e+00  1021.4613     1.5117    21.4490    18.9205    578.859   11.65130  356.46251    162.390  0.000e+00
   40.96062  -73.58230      2.561      2.541     1.5113    26.8195      8.508     6.0453 1.6973e+00  1021.4618     1.5112    21.4495    18.9077    578.466   11.65141  356.46570    162.278  0.000e+00
   40.96062  -73.58230      2.541      2.522     1.5113    26.8194      8.508     6.0453 1.6942e+00  1021.4616     1.5113    21.4494    18.9067    578.435   11.65141  356.46569    162.269  0.000e+00
   40.96062  -73.58230      2.561      2.541     1.5113    26.8195      8.508     6.0453 1.6849e+00  1021.4617     1.5113    21.4495    18.8974    578.151   11.65140  356.46535    162.190  0.000e+00
   40.96062  -73.58230      2.551      2.531     1.5118    26.8192      8.508     6.0453 1.6771e+00  1021.4614     1.5117    21.4492    18.8796    577.606   11.65129  356.46196    162.039  0.000e+00
   40.96062  -73.58230      2.541      2.522     1.5112    26.8195      8.508     6.0453 1.6739e+00  1021.4617     1.5111    21.4495    18.8850    577.771   11.65145  356.46676    162.083  0.000e+00
   40.96062  -73.58230      2.551      2.531     1.5117    26.8190      8.508     6.0453 1.6784e+00  1021.4613     1.5116    21.4491    18.8745    577.452   11.65134  356.46376    161.994  0.000e+00
   40.96062  -73.58230      2.541      2.522     1.5113    26.8191      8.508     6.0453 1.6767e+00  1021.4613     1.5112    21.4492    18.8684    577.262   11.65145  356.46698    161.940  0.000e+00
   40.96062  -73.58230      2.541      2.522     1.5113    26.8192      8.508     6.0453 1.6798e+00  1021.4614     1.5113    21.4492    18.8619    577.065   11.65143  356.46625    161.885  0.000e+00
   40.96062  -73.58230      2.541      2.522     1.5112    26.8194      8.508     6.0453 1.6782e+00  1021.4616     1.5111    21.4494    18.8544    576.835   11.65145  356.46695    161.820  0.000e+00
   40.96062  -73.58230      2.530      2.511     1.5110    26.8193      8.508     6.0453 1.6894e+00  1021.4615     1.5110    21.4493    18.8386    576.351   11.65151  356.46874    161.683  0.000e+00
   40.96062  -73.58230      2.521      2.501     1.5110    26.8194      8.508     6.0453 1.7007e+00  1021.4615     1.5110    21.4495    18.8440    576.517   11.65150  356.46836    161.730  0.000e+00
   40.96062  -73.58230      2.521      2.501     1.5109    26.8197      8.508     6.0453 1.7007e+00  1021.4617     1.5108    21.4497    18.8349    576.240   11.65152  356.46905    161.652  0.000e+00
   40.96062  -73.58230      2.511      2.492     1.5113    26.8195      8.508     6.0453 1.7328e+00  1021.4615     1.5113    21.4495    18.8276    576.016   11.65140  356.46528    161.591  0.000e+00
   40.96062  -73.58230      2.500      2.481     1.5116    26.8196      8.508     6.0453 1.7739e+00  1021.4615     1.5115    21.4495    18.8225    575.858   11.65132  356.46275    161.548  0.000e+00
   40.96062  -73.58230      2.491      2.471     1.5118    26.8195      8.508     6.0453 1.7823e+00  1021.4614     1.5117    21.4494    18.8184    575.735   11.65126  356.46113    161.514  0.000e+00
   40.96062  -73.58230      2.491      2.471     1.5118    26.8199      8.508     6.0453 1.8076e+00  1021.4617     1.5117    21.4498    18.8051    575.328   11.65123  356.46002    161.400  0.000e+00
   40.96062  -73.58230      2.470      2.451     1.5121    26.8191      8.508     6.0453 1.8593e+00  1021.4610     1.5120    21.4492    18.8000    575.172   11.65119  356.45916    161.357  0.000e+00
   40.96062  -73.58230      2.470      2.451     1.5120    26.8197      8.508     6.0453 1.8750e+00  1021.4614     1.5119    21.4496    18.8116    575.526   11.65120  356.45911    161.456  0.000e+00
   40.96062  -73.58230      2.441      2.422     1.5120    26.8195      8.508     6.0453 1.8927e+00  1021.4611     1.5119    21.4495    18.8170    575.690   11.65121  356.45963    161.502  0.000e+00
   40.96062  -73.58230      2.449      2.430     1.5121    26.8192      8.508     6.0453 1.9341e+00  1021.4610     1.5120    21.4492    18.8069    575.381   11.65119  356.45895    161.416  0.000e+00
   40.96062  -73.58230      2.430      2.411     1.5119    26.8194      8.508     6.0453 1.9505e+00  1021.4610     1.5118    21.4494    18.8039    575.292   11.65124  356.46035    161.390  0.000e+00
   40.96062  -73.58230      2.419      2.400     1.5121    26.8192      8.508     6.0184 1.9560e+00  1021.4608     1.5120    21.4492    18.8079    575.414   11.65119  356.45891    161.425  0.000e+00
   40.96062  -73.58230      2.419      2.400     1.5124    26.8194      8.508     5.9916 2.0024e+00  1021.4609     1.5124    21.4493    18.8035    575.277   11.65108  356.45567    161.388  0.000e+00
   40.96062  -73.58230      2.410      2.391     1.5124    26.8196      8.508     5.9781 2.0118e+00  1021.4610     1.5124    21.4495    18.7907    574.886   11.65107  356.45510    161.279  0.000e+00
   40.96062  -73.58230      2.389      2.370     1.5123    26.8199      8.508     5.9781 2.0193e+00  1021.4612     1.5122    21.4498    18.7861    574.746   11.65108  356.45558    161.239  0.000e+00
   40.96062  -73.58230      2.400      2.381     1.5124    26.8194      8.508     5.9781 2.0441e+00  1021.4609     1.5124    21.4494    18.7991    575.142   11.65108  356.45546    161.350  0.000e+00
   40.96062  -73.58230      2.389      2.370     1.5124    26.8193      8.508     5.9781 2.0614e+00  1021.4607     1.5124    21.4493    18.8140    575.600   11.65109  356.45581    161.479  0.000e+00
   40.96062  -73.58230      2.379      2.361     1.5124    26.8196      8.508     5.9781 2.0633e+00  1021.4609     1.5123    21.4495    18.8144    575.611   11.65108  356.45560    161.482  0.000e+00
   40.96062  -73.58230      2.379      2.361     1.5127    26.8193      8.508     5.9781 2.0633e+00  1021.4607     1.5127    21.4493    18.7908    574.889   11.65099  356.45293    161.281  0.000e+00
   40.96062  -73.58230      2.379      2.361     1.5123    26.8197      8.508     5.9781 2.0633e+00  1021.4610     1.5122    21.4496    18.7901    574.869   11.65110  356.45612    161.274  0.000e+00
   40.96062  -73.58230      2.368      2.350     1.5126    26.8197      8.508     5.9781 2.0633e+00  1021.4609     1.5125    21.4496    18.7913    574.906   11.65101  356.45342    161.285  0.000e+00
   40.96062  -73.58230      2.379      2.361     1.5124    26.8197      8.508     5.9781 2.0459e+00  1021.4610     1.5124    21.4496    18.7929    574.955   11.65106  356.45487    161.298  0.000e+00
   40.96062  -73.58230      2.379      2.361     1.5121    26.8197      8.508     5.9781 2.0212e+00  1021.4610     1.5120    21.4496    18.7793    574.538   11.65115  356.45775    161.180  0.000e+00
   40.96062  -73.58230      2.379      2.361     1.5124    26.8193      8.508     5.9781 2.0175e+00  1021.4607     1.5124    21.4493    18.7811    574.592   11.65109  356.45580    161.196  0.000e+00
   40.96062  -73.58230      2.389      2.370     1.5121    26.8196      8.508     5.9781 2.0005e+00  1021.4610     1.5120    21.4496    18.7928    574.949   11.65117  356.45830    161.295  0.000e+00
   40.96062  -73.58230      2.389      2.370     1.5121    26.8196      8.508     5.9781 1.9763e+00  1021.4610     1.5120    21.4495    18.8045    575.308   11.65116  356.45794    161.396  0.000e+00
   40.96062  -73.58230      2.400      2.381     1.5120    26.8199      8.508     5.9781 1.9708e+00  1021.4613     1.5119    21.4498    18.8247    575.925   11.65118  356.45847    161.569  0.000e+00
   40.96062  -73.58230      2.400      2.381     1.5127    26.8193      8.508     5.9781 1.9652e+00  1021.4608     1.5127    21.4493    18.8395    576.379   11.65099  356.45296    161.698  0.000e+00
   40.96062  -73.58230      2.410      2.391     1.5126    26.8194      8.508     5.9781 1.9452e+00  1021.4609     1.5125    21.4494    18.8465    576.594   11.65103  356.45403    161.758  0.000e+00
   40.96062  -73.58230      2.410      2.391     1.5124    26.8194      8.508     5.9781 1.9434e+00  1021.4609     1.5124    21.4493    18.8607    577.027   11.65108  356.45566    161.879  0.000e+00
   40.96062  -73.58230      2.419      2.400     1.5126    26.8194      8.508     5.9781 1.9291e+00  1021.4609     1.5125    21.4493    18.8569    576.913   11.65103  356.45423    161.848  0.000e+00
   40.96062  -73.58230      2.430      2.411     1.5125    26.8195      8.508     5.9781 1.9111e+00  1021.4611     1.5125    21.4494    18.8686    577.269   11.65104  356.45441    161.948  0.000e+00
   40.96062  -73.58230      2.430      2.411     1.5123    26.8195      8.508     5.9781 1.9004e+00  1021.4611     1.5122    21.4494    18.8917    577.977   11.65112  356.45675    162.145  0.000e+00
   40.96062  -73.58230      2.440      2.421     1.5124    26.8193      8.508     5.9781 1.8987e+00  1021.4610     1.5124    21.4493    18.9189    578.807   11.65109  356.45588    162.378  0.000e+00
   40.96062  -73.58230      2.440      2.421     1.5126    26.8196      8.508     5.9781 1.9023e+00  1021.4612     1.5125    21.4495    18.9419    579.512   11.65102  356.45370    162.577  0.000e+00
   40.96062  -73.58230      2.440      2.421     1.5120    26.8196      8.508     5.9781 1.8989e+00  1021.4612     1.5119    21.4495    18.9476    579.687   11.65121  356.45945    162.624  0.000e+00
   40.96062  -73.58230      2.460      2.441     1.5123    26.8187      8.508     5.9916 1.8989e+00  1021.4606     1.5122    21.4488    18.9506    579.779   11.65119  356.45902    162.650  0.000e+00
   40.96062  -73.58234      2.449      2.430     1.5120    26.8185      8.508     5.9916 1.9043e+00  1021.4604     1.5119    21.4487    18.9596    580.056   11.65129  356.46225    162.726  0.000e+00
   40.96062  -73.58234      2.449      2.430     1.5114    26.8185      8.508     5.9916 1.9096e+00  1021.4604     1.5114    21.4487    18.9521    579.825   11.65145  356.46710    162.659  0.000e+00
   40.96062  -73.58234      2.471      2.452     1.5112    26.8188      8.508     5.9916 1.9096e+00  1021.4608     1.5111    21.4489    18.9481    579.704   11.65150  356.46871    162.624  0.000e+00
   40.96062  -73.58234      2.460      2.441     1.5113    26.8182      8.508     5.9916 1.8953e+00  1021.4603     1.5113    21.4485    18.9592    580.042   11.65150  356.46875    162.719  0.000e+00
   40.96062  -73.58234      2.470      2.451     1.5113    26.8181      8.508     5.9916 1.8916e+00  1021.4602     1.5113    21.4484    18.9701    580.375   11.65151  356.46913    162.812  0.000e+00
   40.96062  -73.58234      2.460      2.441     1.5117    26.8176      8.508     5.9916 1.8880e+00  1021.4598     1.5116    21.4480    18.9628    580.153   11.65145  356.46755    162.751  0.000e+00
   40.96062  -73.58234      2.470      2.451     1.5113    26.8174      8.508     5.9916 1.8738e+00  1021.4596     1.5113    21.4478    18.9639    580.185   11.65157  356.47118    162.758  0.000e+00
   40.96062  -73.58234      2.470      2.451     1.5117    26.8166      8.508     5.9916 1.8580e+00  1021.4589     1.5116    21.4471    18.9549    579.912   11.65154  356.47054    162.682  0.000e+00
   40.96062  -73.58234      2.480      2.460     1.5118    26.8167      8.508     5.9916 1.8564e+00  1021.4591     1.5117    21.4473    18.9364    579.344   11.65150  356.46909    162.523  0.000e+00
   40.96062  -73.58234      2.470      2.451     1.5115    26.8167      8.508     5.9916 1.8391e+00  1021.4591     1.5114    21.4472    18.9239    578.962   11.65158  356.47160    162.415  0.000e+00
   40.96062  -73.58234      2.480      2.460     1.5115    26.8170      8.508     5.9916 1.8236e+00  1021.4593     1.5114    21.4474    18.9100    578.537   11.65156  356.47087    162.296  0.000e+00
   40.96062  -73.58234      2.470      2.451     1.5117    26.8170      8.508     5.9916 1.8185e+00  1021.4593     1.5116    21.4474    18.9019    578.289   11.65151  356.46942    162.227  0.000e+00
   40.96062  -73.58234      2.480      2.460     1.5120    26.8167      8.508     5.9916 1.8168e+00  1021.4591     1.5119    21.4472    18.8959    578.105   11.65144  356.46730    162.176  0.000e+00
   40.96062  -73.58234      2.480      2.460     1.5120    26.8167      8.508     5.9916 1.8117e+00  1021.4591     1.5119    21.4472    18.9063    578.426   11.65144  356.46730    162.266  0.000e+00
   40.96062  -73.58234      2.480      2.460     1.5117    26.8170      8.508     5.9916 1.8185e+00  1021.4594     1.5116    21.4475    18.9189    578.811   11.65150  356.46925    162.373  0.000e+00
   40.96062  -73.58234      2.480      2.460     1.5116    26.8170      8.508     5.9916 1.8201e+00  1021.4594     1.5115    21.4475    18.9333    579.250   11.65152  356.46979    162.496  0.000e+00
   40.96062  -73.58234      2.480      2.460     1.5110    26.8173      8.508     5.9916 1.8287e+00  1021.4596     1.5110    21.4477    18.9332    579.248   11.65167  356.47425    162.494  0.000e+00
   40.96062  -73.58234      2.480      2.460     1.5107    26.8175      8.508     5.9916 1.8339e+00  1021.4598     1.5106    21.4479    18.9315    579.196   11.65175  356.47656    162.478  0.000e+00
   40.96062  -73.58234      2.491      2.471     1.5110    26.8172      8.508     5.9916 1.8323e+00  1021.4596     1.5110    21.4477    18.9127    578.620   11.65168  356.47445    162.317  0.000e+00
   40.96062  -73.58234      2.480      2.460     1.5110    26.8172      8.508     5.9916 1.8374e+00  1021.4596     1.5110    21.4477    18.9184    578.796   11.65168  356.47444    162.367  0.000e+00
   40.96062  -73.58234      2.480      2.460     1.5109    26.8171      8.508     5.9916 1.8426e+00  1021.4595     1.5108    21.4476    18.9345    579.287   11.65173  356.47606    162.504  0.000e+00
