CalculateIndicators/WaterTemperature/Data/CTD_NYOS/202200729_C23.cnv
* Sea-Bird SBE 9 Data File:
* FileName = C:\Seabird 9 CTD\Data\2022\202207_offshore\202200729_C23.hex
* Software Version Seasave V 7.23.2
* Temperature SN = 4590
* Conductivity SN = 3228
* Number of Bytes Per Scan = 44
* Number of Voltage Words = 5
* Number of Scans Averaged by the Deck Unit = 1
* NMEA Latitude = 40 06.55 N
* NMEA Longitude = 072 16.13 W
* NMEA UTC (Time) = Dec 13 2002  23:02:50
* NMEA baud rate = 4800
** Ship: seawolf
** Station: 3.3
** Operator: TDK
# nquan = 18
# nvalues = 16795                       
# units = specified
# name 0 = latitude: Latitude [deg]
# name 1 = longitude: Longitude [deg]
# name 2 = prDM: Pressure, Digiquartz [db]
# name 3 = depSM: Depth [salt water, m]
# name 4 = t090C: Temperature [ITS-90, deg C]
# name 5 = sal00: Salinity, Practical [PSU]
# name 6 = ph: pH
# name 7 = flECO-AFL: Fluorescence, WET Labs ECO-AFL/FL [mg/m^3]
# name 8 = cpar: CPAR/Corrected Irradiance [%]
# name 9 = density00: Density [density, kg/m^3]
# name 10 = potemp090C: Potential Temperature [ITS-90, deg C]
# name 11 = sigma-é00: Density [sigma-theta, kg/m^3]
# name 12 = sbeox0Mg/L: Oxygen, SBE 43 [mg/l]
# name 13 = sbox0Mm/Kg: Oxygen, SBE 43 [umol/kg]
# name 14 = oxsolMg/L: Oxygen Saturation, Garcia & Gordon [mg/l]
# name 15 = oxsolMm/Kg: Oxygen Saturation, Garcia & Gordon [umol/kg]
# name 16 = sbeox0PS: Oxygen, SBE 43 [% saturation]
# name 17 = flag:  0.000e+00
# span 0 =   40.10916,   40.11200       
# span 1 =  -72.26892,  -72.26748       
# span 2 =      1.945,     65.465       
# span 3 =      1.930,     64.952       
# span 4 =     8.4322,    24.5010       
# span 5 =    31.5821,    34.0013       
# span 6 =      7.938,      8.256       
# span 7 =    -0.0524,     2.0832       
# span 8 = 7.9124e-13, 3.3932e+01       
# span 9 =  1020.9307,  1026.3904       
# span 10 =     8.4286,    24.5003      
# span 11 =    20.9158,    26.0961      
# span 12 =     6.2282,     9.8659      
# span 13 =    189.685,    300.818      
# span 14 =    6.96317,    9.46284      
# span 15 =  213.14246,  288.32467      
# span 16 =     69.206,    124.354      
# span 17 = 0.0000e+00, 0.0000e+00      
# interval = seconds: 0.0416667
# start_time = Jul 29 2022 23:02:48 [System UTC, first data scan.]
# bad_flag = -9.990e-29
*END*
[from data line 12704]
 -9.990e-29  -72.26782      8.924      8.856    22.6620    32.1477      8.251     0.7132 5.8373e+00  1021.9065    22.6602    21.8680     8.1273    248.658    7.08550  216.78461    114.703 -9.990e-29
 -9.990e-29  -72.26782      8.915      8.846    22.6664    32.1475      8.251     0.7400 5.8373e+00  1021.9049    22.6646    21.8667     8.1269    248.648    7.08484  216.76471    114.709 -9.990e-29
 -9.990e-29  -72.26782      8.915      8.846    22.6707    32.1474      8.251     0.7535 5.8207e+00  1021.9037    22.6690    21.8654     8.1350    248.896    7.08338  216.72089    114.846 -9.990e-29
 -9.990e-29  -72.26782      8.904      8.835    22.6750    32.1470      8.251     0.7535 5.8041e+00  1021.9027    22.6732    21.8638     8.1338    248.860    7.08207  216.68219    114.850 -9.990e-29
 -9.990e-29  -72.26782      8.904      8.835    22.6800    32.1452      8.251     0.7535 5.8041e+00  1021.9003    22.6782    21.8610     8.1335    248.852    7.08159  216.66829    114.854 -9.990e-29
 -9.990e-29  -72.26782      8.894      8.826    22.6866    32.1419      8.251     0.7400 5.8041e+00  1021.8949    22.6848    21.8569     8.1327    248.829    7.08102  216.65158    114.852 -9.990e-29
 -9.990e-29  -72.26782      8.894      8.826    22.6909    32.1379      8.251     0.7535 5.7876e+00  1021.8909    22.6891    21.8525     8.1361    248.933    7.08005  216.62281    114.915 -9.990e-29
 -9.990e-29  -72.26782      8.885      8.816    22.6960    32.1338      8.251     0.7535 5.7876e+00  1021.8862    22.6942    21.8479     8.1397    249.044    7.07936  216.60265    114.977 -9.990e-29
 -9.990e-29  -72.26782      8.874      8.805    22.7025    32.1295      8.251     0.7535 5.7876e+00  1021.8811    22.7007    21.8428     8.1391    249.027    7.07904  216.59305    114.975 -9.990e-29
 -9.990e-29  -72.26782      8.864      8.796    22.7101    32.1256      8.251     0.7400 5.7711e+00  1021.8750    22.7083    21.8376     8.1381    248.995    7.07846  216.57553    114.969 -9.990e-29
 -9.990e-29  -72.26782      8.864      8.796    22.7189    32.1228      8.251     0.7400 5.7711e+00  1021.8709    22.7171    21.8328     8.1415    249.099    7.07789  216.55795    115.027 -9.990e-29
 -9.990e-29  -72.26782      8.854      8.786    22.7308    32.1206      8.251     0.7535 5.7383e+00  1021.8667    22.7291    21.8278     8.1454    249.220    7.07742  216.54324    115.090 -9.990e-29
 -9.990e-29  -72.26782      8.843      8.775    22.7452    32.1178      8.251     0.7400 5.7383e+00  1021.8604    22.7434    21.8215     8.1346    248.889    7.07694  216.52871    114.945 -9.990e-29
 -9.990e-29  -72.26782      8.834      8.766    22.7633    32.1137      8.251     0.7535 5.7383e+00  1021.8525    22.7616    21.8129     8.1373    248.973    7.07656  216.51730    114.990 -9.990e-29
 -9.990e-29  -72.26782      8.834      8.766    22.7879    32.1078      8.251     0.7400 5.7383e+00  1021.8407    22.7861    21.8019     8.1402    249.063    7.07620  216.50682    115.037 -9.990e-29
 -9.990e-29  -72.26782      8.813      8.745    22.8159    32.1009      8.251     0.7535 5.7383e+00  1021.8272    22.8141    21.7892     8.1385    249.010    7.07580  216.49503    115.019 -9.990e-29
 -9.990e-29  -72.26782      8.803      8.736    22.8440    32.0939      8.251     0.7535 5.7383e+00  1021.8131    22.8422    21.7765     8.1269    248.656    7.07530  216.48002    114.863 -9.990e-29
 -9.990e-29  -72.26782      8.792      8.725    22.8672    32.0876      8.250     0.7400 5.7383e+00  1021.8025    22.8655    21.7649     8.1292    248.725    7.07481  216.46535    114.903 -9.990e-29
 -9.990e-29  -72.26782      8.792      8.725    22.8880    32.0805      8.250     0.7535 5.7547e+00  1021.7928    22.8863    21.7531     8.1267    248.650    7.07448  216.45586    114.873 -9.990e-29
 -9.990e-29  -72.26782      8.773      8.706    22.9111    32.0703      8.250     0.7535 5.7547e+00  1021.7778    22.9093    21.7387     8.1249    248.594    7.07468  216.46175    114.844 -9.990e-29
 -9.990e-29  -72.26782      8.762      8.695    22.9366    32.0578      8.250     0.7535 5.7547e+00  1021.7598    22.9348    21.7219     8.1182    248.388    7.07482  216.46560    114.747 -9.990e-29
 -9.990e-29  -72.26782      8.753      8.685    22.9664    32.0454      8.245     0.7535 5.7876e+00  1021.7415    22.9647    21.7042     8.1152    248.298    7.07464  216.46034    114.709 -9.990e-29
 -9.990e-29  -72.26782      8.732      8.665    22.9977    32.0332      8.250     0.7535 5.8041e+00  1021.7249    22.9960    21.6862     8.1082    248.084    7.07483  216.46625    114.606 -9.990e-29
 -9.990e-29  -72.26782      8.722      8.655    23.0289    32.0182      8.250     0.7400 5.8207e+00  1021.7068    23.0272    21.6650     8.1106    248.159    7.07534  216.48185    114.633 -9.990e-29
 -9.990e-29  -72.26782      8.711      8.644    23.0717    31.9984      8.250     0.7535 5.8539e+00  1021.6766    23.0700    21.6389     8.1039    247.954    7.07601  216.50236    114.527 -9.990e-29
 -9.990e-29  -72.26782      8.702      8.635    23.1153    31.9776      8.249     0.7400 5.8706e+00  1021.6463    23.1135    21.6121     8.0974    247.755    7.07701  216.53330    114.419 -9.990e-29
 -9.990e-29  -72.26782      8.681      8.614    23.1485    31.9607      8.249     0.7400 5.8706e+00  1021.6234    23.1468    21.5902     8.0955    247.696    7.07828  216.57189    114.371 -9.990e-29
 -9.990e-29  -72.26782      8.671      8.605    23.1692    31.9491      8.249     0.7266 5.8873e+00  1021.6097    23.1675    21.5748     8.0937    247.635    7.08306  216.71252    114.269 -9.990e-29
 -9.990e-29  -72.26782      8.645      8.579    23.1834    31.9402      8.249     0.7400 5.9041e+00  1021.6012    23.1817    21.5630     8.0959    247.694    7.08756  216.84347    114.227 -9.990e-29
 -9.990e-29  -72.26782      8.641      8.575    23.2013    31.9308      8.249     0.7400 5.9041e+00  1021.5877    23.1995    21.5515     8.0888    247.474    7.08832  216.86426    114.115 -9.990e-29
 -9.990e-29  -72.26782      8.621      8.554    23.2146    31.9224      8.249     0.7400 5.9548e+00  1021.5760    23.2128    21.5416     8.0774    247.127    7.08615  216.80037    113.988 -9.990e-29
 -9.990e-29  -72.26782      8.600      8.534    23.2168    31.9147      8.249     0.7266 5.9718e+00  1021.5737    23.2151    21.5330     8.0733    247.002    7.08602  216.79693    113.932 -9.990e-29
 -9.990e-29  -72.26782      8.590      8.524    23.2330    31.9047      8.249     0.7400 5.9718e+00  1021.5594    23.2313    21.5214     8.0645    246.733    7.08591  216.79264    113.811 -9.990e-29
 -9.990e-29  -72.26782      8.570      8.504    23.2529    31.8925      8.249     0.7266 6.0574e+00  1021.5439    23.2512    21.5066     8.0597    246.586    7.08520  216.77162    113.754 -9.990e-29
 -9.990e-29  -72.26782      8.549      8.483    23.2760    31.8798      8.249     0.7400 6.1093e+00  1021.5279    23.2743    21.4903     8.0510    246.320    7.08512  216.77044    113.632 -9.990e-29
 -9.990e-29  -72.26780      8.540      8.474    23.3062    31.8681      8.249     0.7266 6.1093e+00  1021.5080    23.3045    21.4744     8.0432    246.082    7.08584  216.79223    113.510 -9.990e-29
 -9.990e-29  -72.26780      8.509      8.444    23.3259    31.8593      8.248     0.7266 6.1793e+00  1021.4968    23.3242    21.4618     8.0352    245.838    7.08669  216.81685    113.385 -9.990e-29
 -9.990e-29  -72.26780      8.500      8.434    23.3407    31.8524      8.248     0.7266 6.2500e+00  1021.4887    23.3390    21.4518     8.0267    245.577    7.08716  216.83064    113.258 -9.990e-29
 -9.990e-29  -72.26780      8.489      8.423    23.3572    31.8460      8.248     0.7400 6.2500e+00  1021.4777    23.3555    21.4430     8.0227    245.454    7.08739  216.83817    113.197 -9.990e-29
 -9.990e-29  -72.26780      8.458      8.393    23.3670    31.8419      8.248     0.7266 6.3036e+00  1021.4701    23.3653    21.4375     8.0144    245.200    7.08787  216.85254    113.072 -9.990e-29
 -9.990e-29  -72.26780      8.449      8.384    23.3627    31.8411      8.248     0.7400 6.3757e+00  1021.4734    23.3610    21.4357     8.0067    244.963    7.08879  216.87998    112.949 -9.990e-29
 -9.990e-29  -72.26780      8.428      8.363    23.3709    31.8400      8.244     0.7266 6.3939e+00  1021.4719    23.3692    21.4327     8.0000    244.758    7.09055  216.93287    112.827 -9.990e-29
 -9.990e-29  -72.26780      8.419      8.354    23.3867    31.8360      8.244     0.7266 6.4304e+00  1021.4622    23.3850    21.4263     7.9920    244.505    7.09522  217.06868    112.640 -9.990e-29
 -9.990e-29  -72.26780      8.387      8.322    23.3980    31.8308      8.248     0.7400 6.4855e+00  1021.4543    23.3963    21.4191     7.9889    244.401    7.10038  217.21916    112.514 -9.990e-29
 -9.990e-29  -72.26780      8.368      8.303    23.4084    31.8267      8.244     0.7266 6.5225e+00  1021.4484    23.4067    21.4131     7.9849    244.272    7.10457  217.34144    112.391 -9.990e-29
 -9.990e-29  -72.26780      8.357      8.292    23.4166    31.8238      8.248     0.7266 6.5410e+00  1021.4434    23.4149    21.4087     7.9762    244.005    7.10518  217.35911    112.259 -9.990e-29
 -9.990e-29  -72.26780      8.337      8.273    23.4219    31.8232      8.244     0.7400 6.5971e+00  1021.4408    23.4202    21.4059     7.9689    243.782    7.10660  217.40254    112.134 -9.990e-29
 -9.990e-29  -72.26780      8.326      8.262    23.4254    31.8232      8.244     0.7266 6.6159e+00  1021.4398    23.4237    21.4049     7.9617    243.561    7.10823  217.45177    112.007 -9.990e-29
 -9.990e-29  -72.26780      8.300      8.237    23.4264    31.8224      8.244     0.7266 6.6347e+00  1021.4412    23.4247    21.4045     7.9542    243.326    7.10937  217.48321    111.883 -9.990e-29
 -9.990e-29  -72.26780      8.296      8.232    23.4317    31.8224      8.244     0.7132 6.7106e+00  1021.4397    23.4300    21.4028     7.9472    243.110    7.11086  217.52717    111.761 -9.990e-29
 -9.990e-29  -72.26780      8.276      8.212    23.4439    31.8220      8.243     0.6595 6.7489e+00  1021.4352    23.4422    21.3991     7.9432    242.987    7.11491  217.65034    111.641 -9.990e-29
 -9.990e-29  -72.26780      8.256      8.193    23.4555    31.8193      8.243     0.6326 6.8739e+00  1021.4292    23.4538    21.3943     7.9460    243.068    7.12422  217.92967    111.535 -9.990e-29
 -9.990e-29  -72.26780      8.245      8.182    23.4607    31.8163      8.243     0.6326 6.8067e+00  1021.4246    23.4591    21.3900     7.9546    243.314    7.13822  218.34137    111.437 -9.990e-29
 -9.990e-29  -72.26780      8.236      8.172    23.4656    31.8138      8.248     0.6326 6.8261e+00  1021.4223    23.4640    21.3863     7.9563    243.347    7.14648  218.57905    111.331 -9.990e-29
 -9.990e-29  -72.26780      8.215      8.152    23.4746    31.8113      8.243     0.6460 6.8455e+00  1021.4171    23.4729    21.3824     7.9472    243.067    7.14597  218.56001    111.213 -9.990e-29
 -9.990e-29  -72.26780      8.215      8.152    23.4810    31.8091      8.243     0.6460 6.9041e+00  1021.4133    23.4793    21.3790     7.9372    242.763    7.14452  218.51832    111.095 -9.990e-29
 -9.990e-29  -72.26780      8.206      8.142    23.4839    31.8091      8.243     0.6326 6.9435e+00  1021.4118    23.4822    21.3769     7.9320    242.602    7.14675  218.58500    110.988 0.0000e+00
 -9.990e-29  -72.26780      8.195      8.132    23.4887    31.8091      8.243     0.6326 6.9632e+00  1021.4101    23.4870    21.3759     7.9258    242.411    7.14812  218.62593    110.879 0.0000e+00
 -9.990e-29  -72.26780      8.185      8.122    23.4925    31.8099      8.243     0.6326 6.9830e+00  1021.4109    23.4908    21.3760     7.9234    242.332    7.15258  218.75826    110.776 -9.990e-29
 -9.990e-29  -72.26782      8.185      8.122    23.4953    31.8118      8.248     0.6326 7.0029e+00  1021.4122    23.4936    21.3766     7.9228    242.309    7.15834  218.92831    110.680 -9.990e-29
 -9.990e-29  -72.26782      8.185      8.122    23.4989    31.8118      8.243     0.6326 7.0029e+00  1021.4119    23.4972    21.3763     7.9251    242.373    7.16203  219.03692    110.654 -9.990e-29
 -9.990e-29  -72.26782      8.178      8.115    23.5021    31.8118      8.243     0.6326 7.0428e+00  1021.4106    23.5004    21.3752     7.9164    242.106    7.16495  219.12333    110.488 0.0000e+00
 -9.990e-29  -72.26782      8.175      8.112    23.5055    31.8118      8.243     0.6326 7.0830e+00  1021.4084    23.5038    21.3736     7.9181    242.157    7.16830  219.22486    110.461 -9.990e-29
 -9.990e-29  -72.26782      8.175      8.112    23.5088    31.8111      8.243     0.6326 7.2141e+00  1021.4071    23.5072    21.3721     7.9186    242.168    7.17413  219.40001    110.377 -9.990e-29
 -9.990e-29  -72.26782      8.175      8.112    23.5130    31.8106      8.243     0.6326 7.1031e+00  1021.4057    23.5113    21.3706     7.9189    242.170    7.17965  219.56407    110.296 -9.990e-29
 -9.990e-29  -72.26782      8.185      8.122    23.5171    31.8097      8.243     0.6326 7.2759e+00  1021.4041    23.5154    21.3689     7.9220    242.263    7.18388  219.68970    110.275 -9.990e-29
 -9.990e-29  -72.26782      8.175      8.112    23.5205    31.8087      8.243     0.6460 7.1436e+00  1021.4014    23.5189    21.3675     7.9150    242.046    7.18715  219.78722    110.127 -9.990e-29
 -9.990e-29  -72.26782      8.185      8.122    23.5189    31.8087      8.243     0.6460 7.1436e+00  1021.4020    23.5172    21.3673     7.9174    242.118    7.19027  219.88109    110.113 -9.990e-29
 -9.990e-29  -72.26782      8.206      8.142    23.5173    31.8085      8.243     0.6326 7.2966e+00  1021.4037    23.5156    21.3676     7.9174    242.112    7.19501  220.02245    110.040 -9.990e-29
 -9.990e-29  -72.26782      8.215      8.152    23.5191    31.8083      8.243     0.6460 7.1639e+00  1021.4024    23.5174    21.3673     7.9176    242.115    7.20013  220.17447    109.965 -9.990e-29
 -9.990e-29  -72.26782      8.215      8.152    23.5180    31.8074      8.243     0.6326 7.3174e+00  1021.4017    23.5163    21.3670     7.9171    242.093    7.20439  220.29997    109.892 -9.990e-29
 -9.990e-29  -72.26782      8.236      8.172    23.5139    31.8063      8.243     0.6326 7.3382e+00  1021.4029    23.5122    21.3672     7.9149    242.022    7.20736  220.38769    109.817 -9.990e-29
 -9.990e-29  -72.26782      8.245      8.182    23.5093    31.8061      8.243     0.6326 7.3382e+00  1021.4025    23.5076    21.3673     7.9123    241.941    7.20958  220.45286    109.747 -9.990e-29
 -9.990e-29  -72.26782      8.270      8.207    23.5025    31.8061      8.243     0.6326 7.3382e+00  1021.4016    23.5008    21.3685     7.9082    241.813    7.21057  220.48105    109.675 -9.990e-29
 -9.990e-29  -72.26782      8.276      8.212    23.4930    31.8061      8.243     0.6192 7.3382e+00  1021.4026    23.4913    21.3765     7.9032    241.657    7.21079  220.48647    109.602 -9.990e-29
 -9.990e-29  -72.26782      8.307      8.243    23.4484    31.8192      8.243     0.6192 7.3382e+00  1021.4295    23.4467    21.3956     7.9025    241.636    7.21039  220.47391    109.599 -9.990e-29
 -9.990e-29  -72.26782      8.327      8.263    23.4043    31.8360      8.244     0.6192 7.3174e+00  1021.4604    23.4026    21.4172     7.8969    241.464    7.20976  220.45387    109.531 -9.990e-29
 -9.990e-29  -72.26782      8.347      8.283    23.3939    31.8449      8.244     0.6192 7.2966e+00  1021.4732    23.3922    21.4279     7.8913    241.293    7.20897  220.42851    109.465 -9.990e-29
 -9.990e-29  -72.26782      8.368      8.303    23.4144    31.8454      8.244     0.6192 7.2759e+00  1021.4604    23.4127    21.4270     7.8857    241.121    7.20818  220.40481    109.399 -9.990e-29
