CalculateIndicators/WaterTemperature/Data/CTD_NYOS/20220929_C06.cnv
* Sea-Bird SBE 9 Data File:
* FileName = C:\Seabird 9 CTD\Data\2022\202209_offshore\20220929_C06.hex
* Software Version Seasave V 7.23.2
* Temperature SN = 4590
* Conductivity SN = 3228
* Number of Bytes Per Scan = 44
* Number of Voltage Words = 5
* Number of Scans Averaged by the Deck Unit = 1
* NMEA Latitude = 39 28.65 N
* NMEA Longitude = 073 04.17 W
* NMEA UTC (Time) = Feb 13 2003  02:00:06
* NMEA baud rate = 4800
** Ship: seawolf
** Station: 6.4
** Operator: tcm
# nquan = 18
# nvalues = 20424                       
# units = specified
# name 0 = latitude: Latitude [deg]
# name 1 = longitude: Longitude [deg]
# name 2 = prDM: Pressure, Digiquartz [db]
# name 3 = depSM: Depth [salt water, m]
# name 4 = t090C: Temperature [ITS-90, deg C]
# name 5 = sal00: Salinity, Practical [PSU]
# name 6 = ph: pH
# name 7 = flECO-AFL: Fluorescence, WET Labs ECO-AFL/FL [mg/m^3]
# name 8 = cpar: CPAR/Corrected Irradiance [%]
# name 9 = density00: Density [density, kg/m^3]
# name 10 = potemp090C: Potential Temperature [ITS-90, deg C]
# name 11 = sigma-é00: Density [sigma-theta, kg/m^3]
# name 12 = sbeox0Mg/L: Oxygen, SBE 43 [mg/l]
# name 13 = sbox0Mm/Kg: Oxygen, SBE 43 [umol/kg]
# name 14 = oxsolMg/L: Oxygen Saturation, Garcia & Gordon [mg/l]
# name 15 = oxsolMm/Kg: Oxygen Saturation, Garcia & Gordon [umol/kg]
# name 16 = sbeox0PS: Oxygen, SBE 43 [% saturation]
# name 17 = flag:  0.000e+00
# span 0 =   39.47670,   39.47752       
# span 1 =  -73.06958,  -73.06884       
# span 2 =      1.698,     63.206       
# span 3 =      1.685,     62.715       
# span 4 =    12.3854,    21.9719       
# span 5 =    33.5441,    36.8105       
# span 6 =      8.075,      8.413       
# span 7 =    -0.0255,     1.4116       
# span 8 = 5.0640e-11, 9.9999e+04       
# span 9 =  1023.6038,  1028.4503       
# span 10 =    12.3775,    21.9661      
# span 11 =    23.5890,    27.5531      
# span 12 =     4.9090,     7.5499      
# span 13 =    149.583,    230.252      
# span 14 =    7.15845,    8.64237      
# span 15 =  218.49671,  263.33530      
# span 16 =     56.811,     98.721      
# span 17 = 0.0000e+00, 0.0000e+00      
# interval = seconds: 0.0416667
# start_time = Sep 29 2022 02:00:09 [System UTC, first data scan.]
# bad_flag = -9.990e-29
*END*
[from data line 18171]
   39.47680  -73.06890      4.036      4.005    21.0706    33.8565 -9.990e-29     0.0282 5.0640e-11  1023.6221    21.0698    23.6048     6.8553    209.290    7.30196  222.92731     93.883 0.0000e+00
   39.47680  -73.06890      4.015      3.984    21.0706    33.8563 -9.990e-29     0.0282 5.0640e-11  1023.6218    21.0698    23.6046     6.8554    209.292    7.30196  222.92713     93.884 0.0000e+00
   39.47680  -73.06890      3.996      3.965    21.0702    33.8563 -9.990e-29     0.0282 5.0640e-11  1023.6218    21.0695    23.6046     6.8558    209.306    7.30195  222.92680     93.890 0.0000e+00
   39.47680  -73.06890      3.985      3.954    21.0700    33.8563 -9.990e-29     0.0282 5.0640e-11  1023.6220    21.0693    23.6047     6.8562    209.320    7.30194  222.92658     93.896 0.0000e+00
   39.47680  -73.06890      3.975      3.945    21.0702    33.8563 -9.990e-29     0.0282 5.0640e-11  1023.6218    21.0695    23.6047     6.8568    209.337    7.30197  222.92772     93.903 0.0000e+00
   39.47680  -73.06890      3.945      3.915    21.0700    33.8563 -9.990e-29     0.0282 5.0640e-11  1023.6217    21.0693    23.6048     6.8573    209.352    7.30193  222.92633     93.911 -9.990e-29
   39.47680  -73.06890      3.945      3.915    21.0699    33.8563 -9.990e-29     0.0282 5.0640e-11  1023.6220    21.0691    23.6048     6.8579    209.369    7.30193  222.92636     93.919 -9.990e-29
   39.47680  -73.06890      3.924      3.894    21.0702    33.8563 -9.990e-29     0.0282 5.0640e-11  1023.6217    21.0695    23.6048     6.8582    209.379    7.30193  222.92641     93.923 0.0000e+00
   39.47680  -73.06890      3.894      3.864    21.0699    33.8563 -9.990e-29     0.0282 5.0640e-11  1023.6215    21.0692    23.6048     6.8585    209.389    7.30193  222.92634     93.927 -9.990e-29
   39.47680  -73.06890      3.894      3.864    21.0697    33.8563 -9.990e-29     0.0282 5.0640e-11  1023.6217    21.0690    23.6048     6.8592    209.409    7.30192  222.92605     93.937 -9.990e-29
   39.47680  -73.06890      3.874      3.844    21.0697    33.8563 -9.990e-29     0.0282 5.0640e-11  1023.6213    21.0690    23.6048     6.8596    209.422    7.30194  222.92668     93.942 0.0000e+00
   39.47680  -73.06890      3.854      3.825    21.0695    33.8564 -9.990e-29     0.0282 5.0640e-11  1023.6216    21.0688    23.6049     6.8600    209.435    7.30193  222.92623     93.948 0.0000e+00
   39.47680  -73.06890      3.843      3.814    21.0693    33.8564 -9.990e-29     0.0282 5.0640e-11  1023.6217    21.0686    23.6050     6.8605    209.448    7.30192  222.92591     93.954 0.0000e+00
   39.47680  -73.06890      3.813      3.784    21.0695    33.8564 -9.990e-29     0.0282 5.0640e-11  1023.6212    21.0688    23.6050     6.8609    209.461    7.30187  222.92449     93.960 0.0000e+00
   39.47680  -73.06890      3.803      3.774    21.0695    33.8565 -9.990e-29     0.0282 5.0640e-11  1023.6215    21.0688    23.6050     6.8664    209.630    7.30190  222.92545     94.036 0.0000e+00
   39.47680  -73.06890      3.792      3.764    21.0695    33.8565 -9.990e-29     0.0282 5.0640e-11  1023.6213    21.0688    23.6051     6.8622    209.501    7.30184  222.92363     93.979 0.0000e+00
   39.47680  -73.06890      3.762      3.734    21.0693    33.8565 -9.990e-29     0.0282 5.0640e-11  1023.6215    21.0686    23.6051     6.8627    209.518    7.30187  222.92448     93.986 0.0000e+00
   39.47680  -73.06890      3.753      3.724    21.0697    33.8565 -9.990e-29     0.0282 5.0640e-11  1023.6210    21.0690    23.6050     6.8680    209.678    7.30189  222.92519     94.058 0.0000e+00
   39.47680  -73.06890      3.732      3.704    21.0695    33.8564 -9.990e-29     0.0416 5.0640e-11  1023.6210    21.0688    23.6050     6.8635    209.542    7.30189  222.92498     93.997 0.0000e+00
   39.47680  -73.06890      3.711      3.683    21.0694    33.8564 -9.990e-29     0.0416 5.0640e-11  1023.6211    21.0686    23.6050     6.8638    209.551    7.30190  222.92536     94.000 0.0000e+00
   39.47680  -73.06890      3.692      3.664    21.0695    33.8564 -9.990e-29     0.0416 5.0640e-11  1023.6208    21.0688    23.6050     6.8690    209.710    7.30188  222.92484     94.072 0.0000e+00
   39.47680  -73.06890      3.672      3.644    21.0694    33.8564 -9.990e-29     0.0416 5.0640e-11  1023.6209    21.0687    23.6050     6.8646    209.576    7.30188  222.92466     94.012 -9.990e-29
   39.47680  -73.06890      3.672      3.644    21.0697    33.8562 -9.990e-29     0.0416 5.0640e-11  1023.6206    21.0690    23.6048     6.8646    209.574    7.30188  222.92480     94.011 -9.990e-29
   39.47680  -73.06890      3.630      3.603    21.0697    33.8559 -9.990e-29     0.0416 5.0640e-11  1023.6202    21.0690    23.6046     6.8699    209.735    7.30188  222.92482     94.083 -9.990e-29
   39.47680  -73.06890      3.630      3.603    21.0695    33.8557 -9.990e-29     0.0416 5.0640e-11  1023.6199    21.0688    23.6044     6.8655    209.601    7.30190  222.92526     94.023 -9.990e-29
   39.47680  -73.06890      3.600      3.573    21.0694    33.8555 -9.990e-29     0.0416 5.0640e-11  1023.6199    21.0687    23.6043     6.8655    209.601    7.30192  222.92596     94.023 -9.990e-29
   39.47680  -73.06890      3.600      3.573    21.0693    33.8555 -9.990e-29     0.0416 5.0640e-11  1023.6197    21.0686    23.6043     6.8654    209.599    7.30188  222.92479     94.022 -9.990e-29
   39.47680  -73.06890      3.570      3.543    21.0694    33.8555 -9.990e-29     0.0416 5.0640e-11  1023.6197    21.0687    23.6043     6.8654    209.599    7.30191  222.92570     94.022 0.0000e+00
   39.47680  -73.06890      3.551      3.524    21.0692    33.8555 -9.990e-29     0.0416 5.0640e-11  1023.6197    21.0685    23.6043     6.8653    209.597    7.30190  222.92549     94.021 0.0000e+00
   39.47680 -9.990e-29      3.540      3.513    21.0693    33.8556      8.399     0.0416 5.0640e-11  1023.6196    21.0686    23.6043     6.8653    209.597    7.30193  222.92630     94.021 0.0000e+00
   39.47680 -9.990e-29      3.509      3.483    21.0695    33.8557      8.395     0.0416 5.0640e-11  1023.6195    21.0689    23.6044     6.8653    209.596    7.30193  222.92633     94.020 -9.990e-29
   39.47680 -9.990e-29      3.509      3.483    21.0693    33.8557      8.395     0.0416 5.0640e-11  1023.6196    21.0686    23.6044     6.8653    209.595    7.30192  222.92610     94.020 -9.990e-29
   39.47680 -9.990e-29      3.500      3.473    21.0694    33.8557      8.395     0.0416 5.0640e-11  1023.6196    21.0687    23.6045     6.8652    209.594    7.30192  222.92599     94.020 0.0000e+00
   39.47680 -9.990e-29      3.470      3.443    21.0693    33.8558      8.395     0.0282 5.0640e-11  1023.6194    21.0687    23.6046     6.8652    209.592    7.30190  222.92541     94.019 0.0000e+00
   39.47680 -9.990e-29      3.459      3.432    21.0690    33.8558      8.399     0.0282 5.0640e-11  1023.6196    21.0683    23.6046     6.8648    209.581    7.30190  222.92537     94.014 0.0000e+00
   39.47680 -9.990e-29      3.449      3.423    21.0693    33.8558      8.395     0.0282 5.0640e-11  1023.6193    21.0687    23.6045     6.8597    209.426    7.30188  222.92474     93.945 0.0000e+00
   39.47680 -9.990e-29      3.428      3.402    21.0692    33.8557      8.395     0.0416 5.0640e-11  1023.6193    21.0685    23.6044     6.8594    209.416    7.30189  222.92501     93.940 0.0000e+00
   39.47680 -9.990e-29      3.419      3.393    21.0693    33.8556      8.395     0.0416 5.0640e-11  1023.6190    21.0687    23.6044     6.8591    209.407    7.30193  222.92628     93.936 0.0000e+00
   39.47680 -9.990e-29      3.408      3.382    21.0692    33.8555      8.395     0.0282 5.0640e-11  1023.6192    21.0685    23.6044     6.8638    209.551    7.30196  222.92740     93.999 0.0000e+00
   39.47680 -9.990e-29      3.389      3.363    21.0692    33.8555      8.395     0.0416 5.0640e-11  1023.6188    21.0685    23.6043     6.8589    209.400    7.30203  222.92932     93.931 -9.990e-29
   39.47680 -9.990e-29      3.389      3.363    21.0694    33.8555      8.395     0.0148 5.0640e-11  1023.6189    21.0687    23.6043     6.8586    209.391    7.30206  222.93034     93.927 -9.990e-29
   39.47680 -9.990e-29      3.368      3.342    21.0693    33.8556      8.395     0.0013 5.0640e-11  1023.6188    21.0687    23.6044     6.8583    209.384    7.30211  222.93191     93.923 0.0000e+00
   39.47680 -9.990e-29      3.358      3.333    21.0692    33.8558      8.395     0.0013 5.0640e-11  1023.6191    21.0685    23.6045     6.8581    209.377    7.30216  222.93355     93.919 0.0000e+00
   39.47680 -9.990e-29      3.338      3.312    21.0693    33.8561      8.395     0.0013 5.0640e-11  1023.6190    21.0687    23.6047     6.8576    209.360    7.30222  222.93511     93.911 -9.990e-29
   39.47680 -9.990e-29      3.347      3.322    21.0692    33.8563      8.395     0.0013 5.0640e-11  1023.6194    21.0685    23.6049     6.8573    209.352    7.30221  222.93495     93.907 -9.990e-29
   39.47680 -9.990e-29      3.328      3.303    21.0693    33.8565      8.395     0.0013 5.0640e-11  1023.6193    21.0687    23.6050     6.8520    209.191    7.30220  222.93467     93.835 0.0000e+00
   39.47680 -9.990e-29      3.317      3.292    21.0693    33.8565      8.395     0.0013 5.0640e-11  1023.6194    21.0687    23.6050     6.8515    209.175    7.30224  222.93596     93.828 0.0000e+00
   39.47680 -9.990e-29      3.307      3.282    21.0695    33.8565      8.395     0.0013 5.0640e-11  1023.6192    21.0689    23.6050     6.8510    209.160    7.30227  222.93673     93.820 -9.990e-29
   39.47680 -9.990e-29      3.307      3.282    21.0697    33.8566      8.399     0.0013 5.0640e-11  1023.6193    21.0691    23.6050     6.8555    209.298    7.30228  222.93698     93.882 -9.990e-29
   39.47680 -9.990e-29      3.287      3.262    21.0697    33.8566      8.399     0.0013 5.0640e-11  1023.6193    21.0691    23.6051     6.8553    209.292    7.30225  222.93624     93.880 -9.990e-29
   39.47680 -9.990e-29      3.296      3.271    21.0697    33.8566      8.399    -0.0121 5.0640e-11  1023.6195    21.0691    23.6051     6.8502    209.134    7.30224  222.93591     93.809 -9.990e-29
   39.47680 -9.990e-29      3.277      3.252    21.0700    33.8567      8.399     0.0013 5.0640e-11  1023.6187    21.0694    23.6049     6.8547    209.274    7.30227  222.93671     93.871 -9.990e-29
   39.47680 -9.990e-29      3.277      3.252    21.0697    33.8567      8.399     0.0013 5.0640e-11  1023.6189    21.0691    23.6049     6.8497    209.119    7.30230  222.93761     93.801 -9.990e-29
   39.47680 -9.990e-29      3.277      3.252    21.0699    33.8568      8.399     0.0013 5.0640e-11  1023.6192    21.0693    23.6051     6.8493    209.107    7.30234  222.93901     93.796 -9.990e-29
   39.47680 -9.990e-29      3.247      3.222    21.0697    33.8568      8.399     0.0013 5.0640e-11  1023.6195    21.0691    23.6052     6.8489    209.096    7.30234  222.93900     93.791 -9.990e-29
   39.47680 -9.990e-29      3.266      3.241    21.0699    33.8568      8.399    -0.0121 5.0640e-11  1023.6191    21.0693    23.6051     6.8536    209.238    7.30236  222.93975     93.854 -9.990e-29
   39.47680 -9.990e-29      3.246      3.221    21.0699    33.8567      8.399     0.0013 5.0640e-11  1023.6191    21.0692    23.6051     6.8486    209.087    7.30243  222.94173     93.785 0.0000e+00
   39.47680 -9.990e-29      3.236      3.211    21.0700    33.8567      8.399     0.0013 5.0640e-11  1023.6188    21.0694    23.6050     6.8483    209.076    7.30241  222.94114     93.781 -9.990e-29
   39.47680 -9.990e-29      3.236      3.211    21.0699    33.8567      8.399     0.0013 5.0640e-11  1023.6189    21.0692    23.6050     6.8530    209.221    7.30244  222.94205     93.845 -9.990e-29
   39.47680 -9.990e-29      3.236      3.211    21.0699    33.8568      8.399     0.0013 5.0640e-11  1023.6191    21.0693    23.6051     6.8480    209.069    7.30244  222.94206     93.777 -9.990e-29
   39.47680 -9.990e-29      3.226      3.202    21.0699    33.8570      8.399    -0.0121 5.0640e-11  1023.6193    21.0692    23.6052     6.8478    209.061    7.30242  222.94150     93.774 0.0000e+00
   39.47680 -9.990e-29      3.215      3.191    21.0702    33.8570      8.399    -0.0121 5.0640e-11  1023.6191    21.0696    23.6052     6.8476    209.055    7.30245  222.94229     93.771 -9.990e-29
   39.47680 -9.990e-29      3.217      3.192    21.0700    33.8570      8.399     0.0013 5.0640e-11  1023.6190    21.0694    23.6052     6.8474    209.049    7.30247  222.94312     93.768 -9.990e-29
   39.47680 -9.990e-29      3.215      3.191    21.0704    33.8570      8.399     0.0013 5.0640e-11  1023.6192    21.0698    23.6052     6.8525    209.207    7.30248  222.94331     93.838 -9.990e-29
   39.47680 -9.990e-29      3.206      3.181    21.0702    33.8570      8.399     0.0013 5.0640e-11  1023.6190    21.0696    23.6052     6.8577    209.363    7.30246  222.94262     93.909 -9.990e-29
   39.47680 -9.990e-29      3.206      3.181    21.0700    33.8570      8.399     0.0148 5.0640e-11  1023.6191    21.0694    23.6052     6.8531    209.225    7.30245  222.94225     93.847 -9.990e-29
   39.47680 -9.990e-29      3.185      3.161    21.0702    33.8570      8.395     0.0148 5.0640e-11  1023.6187    21.0696    23.6052     6.8537    209.241    7.30247  222.94310     93.854 -9.990e-29
   39.47680 -9.990e-29      3.206      3.181    21.0700    33.8570      8.395     0.0148 5.0640e-11  1023.6190    21.0694    23.6052     6.8539    209.247    7.30248  222.94325     93.857 -9.990e-29
   39.47680 -9.990e-29      3.176      3.151    21.0700    33.8570      8.395     0.0148 5.0640e-11  1023.6192    21.0694    23.6053     6.8591    209.406    7.30246  222.94275     93.928 -9.990e-29
   39.47680 -9.990e-29      3.185      3.161    21.0702    33.8571      8.395     0.0148 5.0640e-11  1023.6189    21.0696    23.6052     6.8549    209.279    7.30247  222.94305     93.871 -9.990e-29
   39.47680 -9.990e-29      3.176      3.151    21.0702    33.8571      8.395     0.0148 5.0640e-11  1023.6187    21.0696    23.6051     6.8602    209.440    7.30249  222.94366     93.943 0.0000e+00
   39.47680 -9.990e-29      3.166      3.142    21.0702    33.8571      8.395     0.0148 5.0640e-11  1023.6188    21.0696    23.6052     6.8557    209.304    7.30251  222.94413     93.882 0.0000e+00
   39.47680 -9.990e-29      3.155      3.131    21.0699    33.8571      8.395     0.0148 5.0640e-11  1023.6192    21.0693    23.6054     6.8563    209.322    7.30249  222.94381     93.890 0.0000e+00
   39.47680 -9.990e-29      3.145      3.121    21.0699    33.8571      8.399     0.0013 5.0640e-11  1023.6189    21.0693    23.6054     6.8616    209.483    7.30248  222.94340     93.962 -9.990e-29
   39.47680 -9.990e-29      3.145      3.121    21.0702    33.8571      8.395     0.0148 5.0640e-11  1023.6186    21.0696    23.6053     6.8622    209.501    7.30248  222.94333     93.970 -9.990e-29
   39.47680 -9.990e-29      3.136      3.112    21.0699    33.8571      8.395     0.0013 5.0640e-11  1023.6190    21.0693    23.6053     6.8628    209.519    7.30248  222.94336     93.979 0.0000e+00
   39.47680 -9.990e-29      3.125      3.101    21.0700    33.8571      8.395     0.0013 5.0640e-11  1023.6186    21.0695    23.6053     6.8633    209.537    7.30247  222.94296     93.987 -9.990e-29
   39.47680 -9.990e-29      3.125      3.101    21.0697    33.8571      8.395     0.0148 5.0640e-11  1023.6190    21.0691    23.6053     6.8640    209.555    7.30248  222.94348     93.995 -9.990e-29
   39.47680 -9.990e-29      3.104      3.080    21.0699    33.8571      8.395     0.0013 5.0640e-11  1023.6184    21.0693    23.6052     6.8646    209.574    7.30249  222.94374     94.003 0.0000e+00
   39.47680 -9.990e-29      3.085      3.061    21.0699    33.8571      8.395     0.0148 5.0640e-11  1023.6186    21.0693    23.6052     6.8651    209.591    7.30246  222.94270     94.011 -9.990e-29
