CalculateIndicators/WaterTemperature/Data/CTD_NYOS/20220928_C05.cnv
* Sea-Bird SBE 9 Data File:
* FileName = C:\Seabird 9 CTD\Data\2022\202209_offshore\20220928_C05.hex
* Software Version Seasave V 7.23.2
* Temperature SN = 4590
* Conductivity SN = 3228
* Number of Bytes Per Scan = 44
* Number of Voltage Words = 5
* Number of Scans Averaged by the Deck Unit = 1
* NMEA Latitude = 39 49.33 N
* NMEA Longitude = 073 11.75 W
* NMEA UTC (Time) = Feb 12 2003  21:38:11
* NMEA baud rate = 4800
** Ship: seawolf
** Station: 6.3
** Operator: SJW
# nquan = 18
# nvalues = 10852                       
# units = specified
# name 0 = latitude: Latitude [deg]
# name 1 = longitude: Longitude [deg]
# name 2 = prDM: Pressure, Digiquartz [db]
# name 3 = depSM: Depth [salt water, m]
# name 4 = t090C: Temperature [ITS-90, deg C]
# name 5 = sal00: Salinity, Practical [PSU]
# name 6 = ph: pH
# name 7 = flECO-AFL: Fluorescence, WET Labs ECO-AFL/FL [mg/m^3]
# name 8 = cpar: CPAR/Corrected Irradiance [%]
# name 9 = density00: Density [density, kg/m^3]
# name 10 = potemp090C: Potential Temperature [ITS-90, deg C]
# name 11 = sigma-é00: Density [sigma-theta, kg/m^3]
# name 12 = sbeox0Mg/L: Oxygen, SBE 43 [mg/l]
# name 13 = sbox0Mm/Kg: Oxygen, SBE 43 [umol/kg]
# name 14 = oxsolMg/L: Oxygen Saturation, Garcia & Gordon [mg/l]
# name 15 = oxsolMm/Kg: Oxygen Saturation, Garcia & Gordon [umol/kg]
# name 16 = sbeox0PS: Oxygen, SBE 43 [% saturation]
# name 17 = flag:  0.000e+00
# span 0 =   39.82202,   39.82222       
# span 1 =  -73.19590,  -73.19518       
# span 2 =      1.955,     40.753       
# span 3 =      1.940,     40.438       
# span 4 =    12.5401,    20.6069       
# span 5 =    33.2098,    33.8461       
# span 6 =      6.896,      8.221       
# span 7 =     0.0013,     1.4519       
# span 8 = 3.8181e-02, 6.0445e+01       
# span 9 =  1023.6117,  1025.5586       
# span 10 =    12.5347,    20.6064      
# span 11 =    23.6013,    25.3765      
# span 12 =     5.2719,     8.2844      
# span 13 =    160.674,    252.561      
# span 14 =    7.37075,    8.62857      
# span 15 =  225.02824,  262.97340      
# span 16 =     61.101,     98.034      
# span 17 = 0.0000e+00, 0.0000e+00      
# interval = seconds: 0.0416667
# start_time = Sep 28 2022 21:38:14 [System UTC, first data scan.]
# bad_flag = -9.990e-29
*END*
[from data line 5468]
   39.82210 -9.990e-29     23.162     22.983    17.0276    33.6032      6.912     0.2700 1.1711e+00  1024.5384    17.0238    24.4370     7.4788    228.145    7.89440  240.82329     94.735 -9.990e-29
   39.82210 -9.990e-29     23.162     22.983    17.0278    33.6029      6.912     0.2700 1.1711e+00  1024.5378    17.0240    24.4365     7.4803    228.190    7.89612  240.87447     94.734 -9.990e-29
   39.82210 -9.990e-29     23.166     22.987    17.0276    33.6025 -9.990e-29     0.2834 1.1777e+00  1024.5377    17.0238    24.4362     7.4752    228.031    7.89614  240.87049     94.669 -9.990e-29
   39.82210 -9.990e-29     23.162     22.983    17.0279    33.6018      6.912     0.2834 1.1811e+00  1024.5373    17.0242    24.4357     7.4737    227.981    7.89491  240.82988     94.665 -9.990e-29
   39.82210 -9.990e-29     23.155     22.976    17.0279    33.6008      6.912     0.2968 1.1792e+00  1024.5360    17.0242    24.4350     7.4780    228.112    7.89385  240.79765     94.732 -9.990e-29
   39.82210 -9.990e-29     23.182     23.004    17.0267    33.6008      6.912     0.2968 1.1792e+00  1024.5358    17.0229    24.4345     7.4730    227.963    7.89403  240.80556     94.667 -9.990e-29
   39.82210 -9.990e-29     23.175     22.997    17.0255    33.6008      6.912     0.2968 1.1825e+00  1024.5356    17.0217    24.4349     7.4740    227.997    7.89535  240.84845     94.664 -9.990e-29
   39.82210 -9.990e-29     23.171     22.993    17.0248    33.6012      6.912     0.2968 1.1806e+00  1024.5375    17.0210    24.4359     7.4755    228.042    7.89687  240.89683     94.664 -9.990e-29
   39.82210 -9.990e-29     23.182     23.004    17.0248    33.6012      6.912     0.2834 1.1806e+00  1024.5387    17.0210    24.4366     7.4770    228.090    7.89833  240.94297     94.665 -9.990e-29
   39.82210 -9.990e-29     23.175     22.997    17.0248    33.6012      6.912     0.2834 1.1806e+00  1024.5383    17.0210    24.4364     7.4786    228.140    7.89976  240.98694     94.669 -9.990e-29
   39.82210 -9.990e-29     23.182     23.004    17.0241    33.6009      6.912     0.2968 1.1820e+00  1024.5371    17.0203    24.4358     7.4800    228.181    7.90074  241.01597     94.675 -9.990e-29
   39.82210 -9.990e-29     23.196     23.017    17.0236    33.6009      6.912     0.2968 1.1787e+00  1024.5365    17.0199    24.4354     7.4750    228.025    7.90068  241.01089     94.612 -9.990e-29
   39.82210 -9.990e-29     23.182     23.004    17.0229    33.6009      6.912     0.2968 1.1754e+00  1024.5366    17.0192    24.4360     7.4742    227.998    7.89999  240.98666     94.610 -9.990e-29
   39.82210 -9.990e-29     23.201     23.023    17.0219    33.6030 -9.990e-29     0.2834 1.1720e+00  1024.5392    17.0181    24.4378     7.4792    228.149    7.89944  240.96862     94.680 -9.990e-29
   39.82210 -9.990e-29     23.185     23.006    17.0221    33.6037      6.912     0.2834 1.1735e+00  1024.5424    17.0183    24.4395     7.4742    227.998    7.89944  240.96894     94.617 -9.990e-29
   39.82210 -9.990e-29     23.201     23.023    17.0248    33.6037      6.912     0.2968 1.1702e+00  1024.5419    17.0210    24.4394     7.4813    228.214    7.90069  241.00790     94.692 -9.990e-29
   39.82210 -9.990e-29     23.206     23.027    17.0272    33.6037      6.912     0.2834 1.1683e+00  1024.5394    17.0234    24.4374     7.4838    228.290    7.90230  241.05651     94.704 -9.990e-29
   39.82210 -9.990e-29     23.201     23.023    17.0278    33.6008      6.912     0.2968 1.1683e+00  1024.5358    17.0240    24.4351     7.4798    228.166    7.90322  241.08375     94.642 -9.990e-29
   39.82210 -9.990e-29     23.212     23.034    17.0255    33.6008      6.912     0.2834 1.1650e+00  1024.5345    17.0217    24.4339     7.4810    228.205    7.90420  241.11395     94.646 -9.990e-29
   39.82210 -9.990e-29     23.206     23.027    17.0236    33.6008 -9.990e-29     0.2968 1.1650e+00  1024.5355    17.0199    24.4346     7.4816    228.221    7.90432  241.11554     94.652 -9.990e-29
   39.82210 -9.990e-29     23.222     23.043    17.0228    33.6012      6.912     0.2834 1.1631e+00  1024.5380    17.0190    24.4363     7.4813    228.209    7.90343  241.08653     94.659 -9.990e-29
   39.82210 -9.990e-29     23.217     23.038    17.0228    33.6015      6.912     0.2834 1.1598e+00  1024.5402    17.0190    24.4378     7.4865    228.371    7.90249  241.05870     94.737 -9.990e-29
   39.82210 -9.990e-29     23.222     23.043    17.0236    33.6015 -9.990e-29     0.2834 1.1580e+00  1024.5407    17.0198    24.4382     7.4825    228.250    7.90281  241.07196     94.681 -9.990e-29
   39.82210 -9.990e-29     23.222     23.043    17.0238    33.6015      6.912     0.2968 1.1580e+00  1024.5399    17.0200    24.4365     7.4854    228.344    7.90527  241.15081     94.689 -9.990e-29
   39.82210 -9.990e-29     23.226     23.047    17.0233    33.5958      6.912     0.2968 1.1580e+00  1024.5346    17.0195    24.4327     7.4915    228.528    7.91014  241.29997     94.707 -9.990e-29
   39.82210 -9.990e-29     23.232     23.053    17.0167    33.5892      6.912     0.2968 1.1561e+00  1024.5284    17.0130    24.4288     7.4992    228.765    7.91655  241.49523     94.729 -9.990e-29
   39.82210 -9.990e-29     23.236     23.057    17.0080    33.5892      6.912     0.2968 1.1528e+00  1024.5280    17.0042    24.4277     7.5059    228.966    7.92217  241.66371     94.746 -9.990e-29
   39.82210 -9.990e-29     23.232     23.053    17.0016    33.5892      6.912     0.2834 1.1528e+00  1024.5287    16.9978    24.4305     7.5123    229.161    7.92739  241.82322     94.764 -9.990e-29
   39.82210 -9.990e-29     23.243     23.064    16.9922    33.5936      6.912     0.2700 1.1510e+00  1024.5393    16.9885    24.4371     7.5197    229.384    7.93341  242.00535     94.785 -9.990e-29
   39.82210 -9.990e-29     23.236     23.057    16.9908    33.6015      6.912     0.2834 1.1510e+00  1024.5480    16.9870    24.4436     7.5251    229.546    7.93784  242.13526     94.801 -9.990e-29
   39.82210 -9.990e-29     23.243     23.064    16.9947    33.6062      6.912     0.2834 1.1510e+00  1024.5496    16.9910    24.4466     7.5278    229.624    7.93943  242.18018     94.815 -9.990e-29
   39.82210 -9.990e-29     23.247     23.068    16.9999    33.6062      6.912     0.2834 1.1492e+00  1024.5495    16.9961    24.4467     7.5288    229.650    7.93969  242.18328     94.825 -9.990e-29
   39.82210  -73.19554     23.252     23.073    17.0045    33.6062      6.912     0.2700 1.1492e+00  1024.5478    17.0008    24.4447     7.5286    229.641    7.93873  242.15118     94.834 -9.990e-29
   39.82210  -73.19554     23.243     23.064    17.0074    33.6019      6.912     0.2700 1.1441e+00  1024.5427    17.0037    24.4406     7.5286    229.641    7.93752  242.11344     94.848 -9.990e-29
   39.82210  -73.19554     23.256     23.077    17.0095    33.5959      6.912     0.2700 1.1441e+00  1024.5375    17.0057    24.4356     7.5282    229.628    7.93579  242.05993     94.864 -9.990e-29
   39.82210  -73.19554     23.252     23.073    17.0111    33.5884      6.912     0.2834 1.1423e+00  1024.5326    17.0073    24.4299     7.5266    229.581    7.93330  241.98470     94.874 -9.990e-29
   39.82210  -73.19554     23.252     23.073    17.0076    33.5853      6.912     0.2700 1.1423e+00  1024.5230    17.0038    24.4252     7.5262    229.571    7.93226  241.95737     94.881 -9.990e-29
   39.82210  -73.19554     23.256     23.077    16.9935    33.5853      6.912     0.2700 1.1372e+00  1024.5236    16.9897    24.4260     7.5295    229.678    7.93449  242.03119     94.896 -9.990e-29
   39.82210  -73.19554     23.263     23.084    16.9824    33.5853      6.912     0.2700 1.1354e+00  1024.5345    16.9786    24.4329     7.5341    229.820    7.93822  242.14791     94.909 -9.990e-29
   39.82210  -73.19554     23.256     23.077    16.9782    33.5953      6.912     0.2700 1.1354e+00  1024.5445    16.9744    24.4418     7.5380    229.940    7.94114  242.23692     94.923 -9.990e-29
   39.82210  -73.19554     23.263     23.084    16.9786    33.6044      6.916     0.2700 1.1336e+00  1024.5530    16.9748    24.4488     7.5417    230.051    7.94378  242.31653     94.938 -9.990e-29
   39.82210  -73.19554     23.263     23.084    16.9832    33.6073      6.912     0.2700 1.1336e+00  1024.5558    16.9794    24.4521     7.5473    230.224    7.94827  242.45683     94.955 -9.990e-29
   39.82210  -73.19554     23.267     23.088    16.9883    33.6073      6.912     0.2700 1.1319e+00  1024.5551    16.9846    24.4517     7.5503    230.318    7.95603  242.69344     94.901 -9.990e-29
   39.82210  -73.19554     23.263     23.084    16.9929    33.6073      6.912     0.2834 1.1287e+00  1024.5509    16.9891    24.4483     7.5632    230.704    7.96269  242.88944     94.983 -9.990e-29
   39.82210  -73.19554     23.267     23.088    16.9957    33.6021      6.912     0.2700 1.1269e+00  1024.5449    16.9919    24.4437     7.5615    230.648    7.96562  242.97384     94.927 -9.990e-29
   39.82210  -73.19554     23.273     23.094    16.9961    33.5966      6.912     0.2700 1.1269e+00  1024.5413    16.9923    24.4394     7.5695    230.887    7.96739  243.02475     95.006 -9.990e-29
   39.82210  -73.19554     23.263     23.084    16.9947    33.5894      6.912     0.2700 1.1251e+00  1024.5384    16.9910    24.4342     7.5662    230.787    7.96920  243.07808     94.944 -9.990e-29
   39.82210  -73.19554     23.277     23.098    16.9913    33.5789      6.912     0.2700 1.1251e+00  1024.5280    16.9875    24.4272     7.5685    230.853    7.97078  243.12499     94.953 -9.990e-29
   39.82210  -73.19554     23.273     23.094    16.9825    33.5789      6.912     0.2834 1.1251e+00  1024.5190    16.9787    24.4231     7.5695    230.884    7.97159  243.14881     94.956 -9.990e-29
   39.82210  -73.19554     23.267     23.088    16.9701    33.5789      6.912     0.2700 1.1219e+00  1024.5245    16.9664    24.4279     7.5641    230.717    7.97152  243.14526     94.889 -9.990e-29
   39.82210  -73.19554     23.283     23.103    16.9628    33.5884      6.912     0.2700 1.1219e+00  1024.5440    16.9590    24.4398     7.5681    230.840    7.97012  243.10105     94.956 -9.990e-29
   39.82210  -73.19554     23.283     23.103    16.9653    33.5942      6.912     0.2700 1.1219e+00  1024.5569    16.9616    24.4491     7.5605    230.607    7.96823  243.04213     94.884 -9.990e-29
   39.82210  -73.19554     23.277     23.098    16.9720    33.5942      6.912     0.2700 1.1251e+00  1024.5560    16.9682    24.4497     7.5646    230.730    7.96714  243.00944     94.947 -9.990e-29
   39.82210  -73.19554     23.283     23.103    16.9748    33.5942      6.912     0.2565 1.1233e+00  1024.5457    16.9710    24.4429     7.5650    230.744    7.96714  243.01155     94.952 -9.990e-29
   39.82210  -73.19554     23.277     23.098    16.9710    33.5815      6.912     0.2565 1.1233e+00  1024.5347    16.9672    24.4338     7.5664    230.791    7.96854  243.05690     94.953 -9.990e-29
   39.82210  -73.19554     23.294     23.114    16.9650    33.5694      6.912     0.2565 1.1265e+00  1024.5265    16.9612    24.4257     7.5630    230.688    7.97061  243.12176     94.886 -9.990e-29
   39.82210  -73.19554     23.294     23.114    16.9586    33.5606      6.912     0.2565 1.1247e+00  1024.5201    16.9548    24.4203     7.5650    230.752    7.97291  243.19259     94.884 -9.990e-29
   39.82210  -73.19554     23.287     23.107    16.9509    33.5606      6.912     0.2700 1.1247e+00  1024.5178    16.9471    24.4190     7.5672    230.818    7.97524  243.26320     94.884 -9.990e-29
   39.82210  -73.19554     23.294     23.114    16.9435    33.5606      6.916     0.2700 1.1247e+00  1024.5219    16.9397    24.4236     7.5692    230.877    7.97735  243.32537     94.884 -9.990e-29
   39.82210  -73.19554     23.298     23.118    16.9389    33.5721      6.912     0.2700 1.1262e+00  1024.5353    16.9351    24.4334     7.5706    230.917    7.97877  243.36612     94.885 -9.990e-29
   39.82210  -73.19554     23.303     23.124    16.9380    33.5850      6.916     0.2700 1.1262e+00  1024.5487    16.9343    24.4437     7.5706    230.913    7.97915  243.37499     94.879 -9.990e-29
   39.82210  -73.19554     23.303     23.124    16.9391    33.5909      6.912     0.2565 1.1294e+00  1024.5547    16.9353    24.4497     7.5746    231.033    7.97804  243.33719     94.944 -9.990e-29
   39.82210  -73.19554     23.317     23.137    16.9394    33.5909      6.912     0.2700 1.1294e+00  1024.5538    16.9356    24.4506     7.5662    230.773    7.97484  243.23583     94.876 -9.990e-29
   39.82210  -73.19554     23.303     23.124    16.9334    33.5909      6.916     0.2565 1.1294e+00  1024.5499    16.9296    24.4499     7.5603    230.591    7.96944  243.07070     94.866 -9.990e-29
   39.82210  -73.19554     23.313     23.133    16.9227    33.5909      6.912     0.2700 1.1326e+00  1024.5527    16.9189    24.4507     7.5544    230.413    7.96367  242.89679     94.860 -9.990e-29
   39.82210  -73.19554     23.328     23.148    16.9164    33.5909      6.912     0.2565 1.1326e+00  1024.5550    16.9126    24.4523     7.5441    230.102    7.95901  242.75808     94.787 -9.990e-29
   39.82210  -73.19554     23.324     23.144    16.9110    33.5915      6.912     0.2565 1.1326e+00  1024.5539    16.9072    24.4550     7.5405    229.995    7.95622  242.67476     94.775 -9.990e-29
   39.82210  -73.19554     23.338     23.158    16.9068    33.5974      6.912     0.2700 1.1326e+00  1024.5631    16.9030    24.4601     7.5436    230.090    7.95443  242.62003     94.836 -9.990e-29
   39.82210  -73.19554     23.333     23.154    16.9094    33.5974      6.912     0.2700 1.1311e+00  1024.5705    16.9056    24.4639     7.5465    230.178    7.95197  242.54477     94.901 -9.990e-29
   39.82210  -73.19554     23.345     23.165    16.9160    33.5974      6.912     0.2700 1.1311e+00  1024.5677    16.9123    24.4605     7.5367    229.878    7.94756  242.41089     94.830 -9.990e-29
   39.82210  -73.19554     23.349     23.169    16.9197    33.5855      6.916     0.2565 1.1311e+00  1024.5527    16.9159    24.4499     7.5321    229.738    7.94274  242.26409     94.829 -9.990e-29
   39.82210  -73.19554     23.354     23.174    16.9112    33.5678      6.912     0.2700 1.1311e+00  1024.5361    16.9075    24.4390     7.5272    229.589    7.93804  242.12087     94.824 -9.990e-29
   39.82210  -73.19554     23.358     23.178    16.8830    33.5539      6.912     0.2565 1.1329e+00  1024.5337    16.8793    24.4341     7.5280    229.614    7.93343  241.97985     94.890 -9.990e-29
   39.82210  -73.19554     23.375     23.195    16.8444    33.5463      6.912     0.2700 1.1297e+00  1024.5348    16.8407    24.4362     7.5230    229.461    7.92816  241.82007     94.889 -9.990e-29
   39.82210  -73.19554     23.364     23.184    16.8063    33.5425      6.916     0.2565 1.1329e+00  1024.5472    16.8025    24.4417     7.5174    229.295    7.92241  241.64965     94.888 -9.990e-29
   39.82210  -73.19554     23.379     23.199    16.7753    33.5425      6.912     0.2565 1.1329e+00  1024.5469    16.7716    24.4471     7.5127    229.157    7.91750  241.50372     94.888 -9.990e-29
   39.82210  -73.19554     23.384     23.204    16.7372    33.5425      6.912     0.2565 1.1297e+00  1024.5532    16.7334    24.4563     7.5153    229.237    7.91420  241.40450     94.960 -9.990e-29
   39.82210  -73.19554     23.395     23.215    16.7027    33.5517      6.912     0.2565 1.1297e+00  1024.5752    16.6990    24.4715     7.5136    229.187    7.91176  241.33146     94.968 -9.990e-29
   39.82210  -73.19554     23.389     23.208    16.6876    33.5685      6.912     0.2700 1.1283e+00  1024.5904    16.6838    24.4888     7.5112    229.116    7.90860  241.23786     94.975 -9.990e-29
