CalculateIndicators/WaterTemperature/Data/CTD_NYOS/202200729_C23.cnv
* Sea-Bird SBE 9 Data File:
* FileName = C:\Seabird 9 CTD\Data\2022\202207_offshore\202200729_C23.hex
* Software Version Seasave V 7.23.2
* Temperature SN = 4590
* Conductivity SN = 3228
* Number of Bytes Per Scan = 44
* Number of Voltage Words = 5
* Number of Scans Averaged by the Deck Unit = 1
* NMEA Latitude = 40 06.55 N
* NMEA Longitude = 072 16.13 W
* NMEA UTC (Time) = Dec 13 2002  23:02:50
* NMEA baud rate = 4800
** Ship: seawolf
** Station: 3.3
** Operator: TDK
# nquan = 18
# nvalues = 16795                       
# units = specified
# name 0 = latitude: Latitude [deg]
# name 1 = longitude: Longitude [deg]
# name 2 = prDM: Pressure, Digiquartz [db]
# name 3 = depSM: Depth [salt water, m]
# name 4 = t090C: Temperature [ITS-90, deg C]
# name 5 = sal00: Salinity, Practical [PSU]
# name 6 = ph: pH
# name 7 = flECO-AFL: Fluorescence, WET Labs ECO-AFL/FL [mg/m^3]
# name 8 = cpar: CPAR/Corrected Irradiance [%]
# name 9 = density00: Density [density, kg/m^3]
# name 10 = potemp090C: Potential Temperature [ITS-90, deg C]
# name 11 = sigma-é00: Density [sigma-theta, kg/m^3]
# name 12 = sbeox0Mg/L: Oxygen, SBE 43 [mg/l]
# name 13 = sbox0Mm/Kg: Oxygen, SBE 43 [umol/kg]
# name 14 = oxsolMg/L: Oxygen Saturation, Garcia & Gordon [mg/l]
# name 15 = oxsolMm/Kg: Oxygen Saturation, Garcia & Gordon [umol/kg]
# name 16 = sbeox0PS: Oxygen, SBE 43 [% saturation]
# name 17 = flag:  0.000e+00
# span 0 =   40.10916,   40.11200       
# span 1 =  -72.26892,  -72.26748       
# span 2 =      1.945,     65.465       
# span 3 =      1.930,     64.952       
# span 4 =     8.4322,    24.5010       
# span 5 =    31.5821,    34.0013       
# span 6 =      7.938,      8.256       
# span 7 =    -0.0524,     2.0832       
# span 8 = 7.9124e-13, 3.3932e+01       
# span 9 =  1020.9307,  1026.3904       
# span 10 =     8.4286,    24.5003      
# span 11 =    20.9158,    26.0961      
# span 12 =     6.2282,     9.8659      
# span 13 =    189.685,    300.818      
# span 14 =    6.96317,    9.46284      
# span 15 =  213.14246,  288.32467      
# span 16 =     69.206,    124.354      
# span 17 = 0.0000e+00, 0.0000e+00      
# interval = seconds: 0.0416667
# start_time = Jul 29 2022 23:02:48 [System UTC, first data scan.]
# bad_flag = -9.990e-29
*END*
[from data line 4181]
   40.10996  -72.26848     65.188     64.678    10.4388    33.9903      7.961    -0.0255 8.4399e-13  1026.3829    10.4311    26.0896     6.2662    190.844    8.99746  274.02564     69.645 -9.990e-29
   40.10996  -72.26848     65.178     64.668    10.4383    33.9902      7.961    -0.0255 8.4399e-13  1026.3828    10.4306    26.0896     6.2666    190.856    8.99757  274.02934     69.648 -9.990e-29
   40.10996  -72.26848     65.192     64.682    10.4378    33.9900      7.961    -0.0255 8.4399e-13  1026.3832    10.4301    26.0896     6.2598    190.649    8.99773  274.03415     69.571 -9.990e-29
   40.10996  -72.26848     65.188     64.678    10.4379    33.9896      7.961    -0.0255 8.4399e-13  1026.3826    10.4303    26.0893     6.2656    190.825    8.99793  274.04028     69.634 -9.990e-29
   40.10996  -72.26848     65.178     64.668    10.4374    33.9891      7.961    -0.0255 8.4399e-13  1026.3822    10.4298    26.0890     6.2663    190.847    8.99840  274.05461     69.638 -9.990e-29
   40.10996  -72.26848     65.202     64.692    10.4364    33.9887      7.961    -0.0255 8.4399e-13  1026.3821    10.4288    26.0887     6.2671    190.871    8.99888  274.06921     69.643 -9.990e-29
   40.10996  -72.26848     65.188     64.678    10.4356    33.9887      7.961    -0.0255 8.4399e-13  1026.3817    10.4280    26.0887     6.2678    190.892    8.99927  274.08126     69.648 -9.990e-29
   40.10996  -72.26848     65.192     64.682    10.4348    33.9887      7.961    -0.0255 8.4399e-13  1026.3820    10.4272    26.0890     6.2614    190.697    8.99977  274.09650     69.573 -9.990e-29
   40.10996  -72.26848     65.188     64.678    10.4354    33.9895      7.961    -0.0255 8.4399e-13  1026.3831    10.4278    26.0895     6.2673    190.876    8.99996  274.10177     69.637 -9.990e-29
   40.10996  -72.26848     65.198     64.687    10.4371    33.9898      7.961    -0.0255 8.4399e-13  1026.3836    10.4295    26.0898     6.2676    190.886    8.99977  274.09602     69.642 -9.990e-29
   40.10996  -72.26848     65.172     64.661    10.4384    33.9900      7.961    -0.0255 8.4399e-13  1026.3832    10.4308    26.0896     6.2681    190.900    8.99971  274.09441     69.648 -9.990e-29
   40.10996  -72.26848     65.188     64.678    10.4389    33.9901      7.961    -0.0255 8.4399e-13  1026.3819    10.4313    26.0892     6.2679    190.895    8.99967  274.09303     69.646 -9.990e-29
   40.10996  -72.26848     65.188     64.678    10.4394    33.9901      7.961    -0.0255 8.4399e-13  1026.3824    10.4318    26.0893     6.2609    190.680    8.99928  274.08125     69.571 -9.990e-29
   40.10996  -72.26848     65.172     64.661    10.4393    33.9910      7.961    -0.0255 8.4399e-13  1026.3834    10.4316    26.0900     6.2668    190.861    8.99942  274.08569     69.636 -9.990e-29
   40.10996  -72.26848     65.178     64.668    10.4393    33.9919      7.961    -0.0255 8.4399e-13  1026.3842    10.4316    26.0908     6.2669    190.865    8.99975  274.09598     69.634 -9.990e-29
   40.10996  -72.26848     65.158     64.648    10.4396    33.9926      7.961    -0.0255 8.4399e-13  1026.3846    10.4319    26.0913     6.2603    190.664    8.99987  274.09950     69.560 -9.990e-29
   40.10996  -72.26848     65.172     64.661    10.4399    33.9926      7.961    -0.0255 8.4399e-13  1026.3850    10.4323    26.0916     6.2660    190.836    8.99959  274.09086     69.625 -9.990e-29
   40.10996  -72.26848     65.147     64.637    10.4396    33.9926      7.961    -0.0255 8.4399e-13  1026.3849    10.4319    26.0915     6.2598    190.646    8.99933  274.08282     69.558 -9.990e-29
   40.10996  -72.26848     65.147     64.637    10.4394    33.9925      7.961    -0.0255 8.4399e-13  1026.3843    10.4318    26.0912     6.2600    190.656    8.99975  274.09796     69.558 -9.990e-29
   40.10996  -72.26848     65.131     64.622    10.4396    33.9921      7.961    -0.0255 8.4399e-13  1026.3839    10.4319    26.0909     6.2591    190.628    8.99938  274.08569     69.551 -9.990e-29
   40.10996  -72.26848     65.127     64.617    10.4396    33.9921      7.961    -0.0255 8.4399e-13  1026.3835    10.4319    26.0907     6.2650    190.805    8.99913  274.07679     69.617 -9.990e-29
   40.10996  -72.26848     65.120     64.611    10.4393    33.9921      7.961    -0.0255 8.4399e-13  1026.3838    10.4316    26.0908     6.2588    190.617    8.99874  274.06434     69.552 -9.990e-29
   40.10996  -72.26848     65.107     64.597    10.4393    33.9920      7.961    -0.0255 8.4399e-13  1026.3842    10.4316    26.0911     6.2583    190.601    8.99790  274.03865     69.553 -9.990e-29
   40.10996  -72.26848     65.107     64.597    10.4398    33.9920      7.961    -0.0255 8.4399e-13  1026.3841    10.4321    26.0910     6.2583    190.601    8.99763  274.03076     69.554 -9.990e-29
   40.10996  -72.26848     65.080     64.571    10.4396    33.9916      7.961    -0.0255 8.4399e-13  1026.3834    10.4320    26.0905     6.2589    190.621    8.99816  274.04721     69.558 -9.990e-29
   40.10996  -72.26848     65.076     64.567    10.4393    33.9908      7.961    -0.0255 8.4399e-13  1026.3828    10.4316    26.0900     6.2590    190.625    8.99884  274.06809     69.554 -9.990e-29
   40.10996  -72.26848     65.065     64.556    10.4386    33.9906      7.961    -0.0255 8.4399e-13  1026.3820    10.4310    26.0896     6.2590    190.624    8.99927  274.08107     69.550 -9.990e-29
   40.10996  -72.26848     65.049     64.539    10.4378    33.9904      7.961    -0.0255 8.4399e-13  1026.3823    10.4302    26.0898     6.2584    190.605    8.99885  274.06784     69.546 -9.990e-29
   40.10996  -72.26848     65.044     64.535    10.4378    33.9903      7.961    -0.0255 8.4399e-13  1026.3831    10.4302    26.0900     6.2576    190.579    8.99815  274.04619     69.543 -9.990e-29
   40.10996  -72.26848     65.025     64.516    10.4379    33.9904      7.961    -0.0255 8.4399e-13  1026.3826    10.4303    26.0900     6.2635    190.760    8.99767  274.03181     69.612 -9.990e-29
   40.10996  -72.26848     64.997     64.489    10.4379    33.9905      7.961    -0.0255 8.4399e-13  1026.3820    10.4303    26.0898     6.2574    190.575    8.99783  274.03667     69.544 -9.990e-29
   40.10996  -72.26848     64.993     64.484    10.4373    33.9905      7.961    -0.0255 8.4399e-13  1026.3819    10.4297    26.0899     6.2572    190.567    8.99779  274.03535     69.541 -9.990e-29
   40.10996  -72.26848     64.988     64.479    10.4378    33.9911      7.961    -0.0255 8.4399e-13  1026.3833    10.4302    26.0904     6.2631    190.749    8.99728  274.01928     69.611 -9.990e-29
   40.10996  -72.26848     64.963     64.454    10.4396    33.9914      7.961    -0.0255 8.4399e-13  1026.3830    10.4320    26.0906     6.2573    190.570    8.99676  274.00346     69.550 -9.990e-29
   40.10996  -72.26848     64.953     64.445    10.4398    33.9914      7.961    -0.0255 8.4399e-13  1026.3828    10.4321    26.0905     6.2569    190.559    8.99650  273.99557     69.548 -9.990e-29
   40.10996  -72.26848     64.925     64.417    10.4389    33.9914      7.961    -0.0255 8.4399e-13  1026.3824    10.4313    26.0904     6.2567    190.553    8.99644  273.99391     69.547 -9.990e-29
   40.10996  -72.26848     64.912     64.404    10.4379    33.9913      7.961    -0.0255 8.4399e-13  1026.3826    10.4303    26.0905     6.2566    190.550    8.99641  273.99280     69.545 -9.990e-29
   40.10996  -72.26848     64.895     64.387    10.4383    33.9913      7.961    -0.0255 8.4399e-13  1026.3826    10.4307    26.0905     6.2564    190.543    8.99622  273.98705     69.545 -9.990e-29
   40.10996  -72.26848     64.881     64.373    10.4388    33.9911      7.961    -0.0121 8.4399e-13  1026.3824    10.4312    26.0903     6.2561    190.535    8.99597  273.97906     69.544 -9.990e-29
   40.10996  -72.26848     64.851     64.343    10.4396    33.9907      7.961    -0.0121 8.4399e-13  1026.3815    10.4320    26.0898     6.2560    190.532    8.99582  273.97460     69.544 -9.990e-29
   40.10996  -72.26848     64.855     64.347    10.4396    33.9903      7.961    -0.0121 8.4399e-13  1026.3811    10.4320    26.0895     6.2566    190.550    8.99572  273.97167     69.551 -9.990e-29
   40.10996  -72.26848     64.819     64.312    10.4391    33.9903      7.961    -0.0121 8.4399e-13  1026.3813    10.4315    26.0895     6.2567    190.552    8.99572  273.97173     69.552 -9.990e-29
   40.10996  -72.26848     64.830     64.323    10.4393    33.9903      7.961    -0.0121 8.4399e-13  1026.3813    10.4317    26.0896     6.2569    190.558    8.99585  273.97606     69.553 -9.990e-29
   40.10996  -72.26848     64.783     64.276    10.4388    33.9903      7.961    -0.0121 8.4399e-13  1026.3810    10.4312    26.0896     6.2569    190.560    8.99582  273.97494     69.554 -9.990e-29
   40.10996  -72.26848     64.779     64.272    10.4383    33.9904      7.961    -0.0121 8.4399e-13  1026.3813    10.4307    26.0898     6.2571    190.566    8.99588  273.97667     69.556 -9.990e-29
   40.10996  -72.26848     64.751     64.244    10.4384    33.9904      7.961    -0.0121 8.4399e-13  1026.3814    10.4308    26.0899     6.2573    190.572    8.99591  273.97784     69.558 -9.990e-29
   40.10996  -72.26848     64.737     64.231    10.4388    33.9904      7.961    -0.0121 8.4399e-13  1026.3814    10.4312    26.0897     6.2577    190.584    8.99615  273.98566     69.560 -9.990e-29
   40.10996  -72.26848     64.721     64.214    10.4389    33.9896      7.961    -0.0121 8.4399e-13  1026.3803    10.4313    26.0891     6.2576    190.582    8.99663  274.00017     69.555 -9.990e-29
   40.10996  -72.26848     64.707     64.200    10.4379    33.9886      7.961    -0.0121 8.4399e-13  1026.3796    10.4303    26.0885     6.2578    190.585    8.99647  273.99493     69.558 -9.990e-29
   40.10996  -72.26848     64.697     64.191    10.4376    33.9879      7.961    -0.0255 8.4399e-13  1026.3789    10.4300    26.0880     6.2578    190.586    8.99620  273.98643     69.560 -9.990e-29
   40.10996  -72.26848     64.681     64.174    10.4368    33.9874      7.961    -0.0121 8.4399e-13  1026.3789    10.4292    26.0878     6.2579    190.591    8.99602  273.98104     69.563 -9.990e-29
   40.10996  -72.26848     64.656     64.150    10.4359    33.9869      7.961    -0.0121 8.4399e-13  1026.3785    10.4284    26.0876     6.2575    190.578    8.99598  273.97967     69.559 -9.990e-29
   40.10996  -72.26848     64.649     64.143    10.4338    33.9862      7.961    -0.0121 8.4399e-13  1026.3781    10.4262    26.0873     6.2578    190.586    8.99589  273.97693     69.563 -9.990e-29
   40.10996  -72.26848     64.635     64.129    10.4315    33.9854      7.961    -0.0121 8.4399e-13  1026.3781    10.4239    26.0870     6.2583    190.600    8.99609  273.98330     69.566 -9.990e-29
   40.10996  -72.26848     64.605     64.099    10.4298    33.9854      7.961    -0.0121 8.4399e-13  1026.3772    10.4223    26.0869     6.2590    190.625    8.99664  274.00058     69.571 -9.990e-29
   40.10996  -72.26848     64.609     64.103    10.4272    33.9854      7.961    -0.0121 8.4399e-13  1026.3779    10.4196    26.0873     6.2599    190.649    8.99719  274.01749     69.576 -9.990e-29
   40.10996  -72.26848     64.595     64.089    10.4259    33.9855      7.961    -0.0121 8.4399e-13  1026.3790    10.4183    26.0880     6.2596    190.641    8.99717  274.01652     69.573 -9.990e-29
   40.10996  -72.26848     64.567     64.062    10.4267    33.9856      7.961    -0.0121 8.4399e-13  1026.3791    10.4191    26.0883     6.2599    190.651    8.99704  274.01247     69.577 -9.990e-29
   40.10996  -72.26848     64.563     64.058    10.4272    33.9856      7.961    -0.0121 8.4399e-13  1026.3785    10.4196    26.0881     6.2604    190.665    8.99706  274.01312     69.582 -9.990e-29
   40.10996  -72.26848     64.558     64.052    10.4273    33.9856      7.961    -0.0121 8.4399e-13  1026.3786    10.4198    26.0879     6.2608    190.676    8.99695  274.00952     69.588 -9.990e-29
   40.10996  -72.26848     64.544     64.039    10.4295    33.9852      7.961    -0.0121 8.4399e-13  1026.3779    10.4219    26.0874     6.2610    190.683    8.99656  273.99739     69.593 -9.990e-29
   40.10996  -72.26848     64.533     64.028    10.4290    33.9845      7.961    -0.0255 8.4399e-13  1026.3773    10.4214    26.0869     6.2673    190.874    8.99636  273.99115     69.664 -9.990e-29
   40.10998  -72.26852     64.526     64.021    10.4277    33.9845      7.961    -0.0389 8.4399e-13  1026.3765    10.4201    26.0866     6.2617    190.704    8.99619  273.98607     69.604 -9.990e-29
   40.10998  -72.26852     64.512     64.007    10.4269    33.9842      7.961    -0.0524 8.4399e-13  1026.3770    10.4193    26.0868     6.2621    190.718    8.99608  273.98269     69.610 -9.990e-29
   40.10998  -72.26852     64.506     64.002    10.4278    33.9840      7.961    -0.0389 8.4399e-13  1026.3780    10.4203    26.0870     6.2619    190.711    8.99595  273.97855     69.608 -9.990e-29
   40.10998  -72.26852     64.493     63.988    10.4290    33.9827      7.961    -0.0389 8.4399e-13  1026.3783    10.4214    26.0854     6.2690    190.929    8.99595  273.97879     69.687 -9.990e-29
   40.10998  -72.26852     64.495     63.991    10.4303    33.9827      7.961    -0.0524 8.4399e-13  1026.3689    10.4228    26.0830     6.2629    190.742    8.99588  273.97670     69.620 -9.990e-29
   40.10998  -72.26852     64.482     63.977    10.4305    33.9827      7.961    -0.0389 8.4399e-13  1026.3733    10.4229    26.0837     6.2694    190.938    8.99584  273.97527     69.692 0.0000e+00
   40.10998  -72.26852     64.472     63.967    10.4301    33.9847      7.961    -0.0389 8.4399e-13  1026.3776    10.4226    26.0867     6.2698    190.950    8.99570  273.97110     69.697 -9.990e-29
   40.10998  -72.26852     64.475     63.970    10.4313    33.9876      7.961    -0.0389 8.4399e-13  1026.3797    10.4238    26.0886     6.2709    190.984    8.99566  273.96974     69.710 -9.990e-29
   40.10998  -72.26852     64.472     63.967    10.4354    33.9876      7.961    -0.0389 8.4399e-13  1026.3796    10.4279    26.0890     6.2713    190.997    8.99558  273.96754     69.715 0.0000e+00
   40.10998  -72.26852     64.465     63.960    10.4371    33.9876      7.961    -0.0389 8.4399e-13  1026.3785    10.4295    26.0884     6.2651    190.810    8.99561  273.96853     69.647 -9.990e-29
   40.10998  -72.26852     64.472     63.967    10.4349    33.9867      7.961    -0.0389 8.4399e-13  1026.3774    10.4274    26.0875     6.2650    190.805    8.99564  273.96945     69.645 -9.990e-29
   40.10998  -72.26852     64.465     63.960    10.4319    33.9867      7.961    -0.0389 8.4399e-13  1026.3765    10.4244    26.0872     6.2648    190.800    8.99572  273.97201     69.642 0.0000e+00
   40.10998  -72.26852     64.451     63.947    10.4293    33.9867      7.961    -0.0389 8.4399e-13  1026.3779    10.4218    26.0879     6.2648    190.799    8.99592  273.97831     69.640 -9.990e-29
   40.10998  -72.26852     64.465     63.960    10.4310    33.9878      7.961    -0.0389 8.4399e-13  1026.3791    10.4234    26.0889     6.2714    190.999    8.99618  273.98591     69.711 -9.990e-29
   40.10998  -72.26852     64.472     63.967    10.4339    33.9892      7.961    -0.0389 8.4399e-13  1026.3803    10.4264    26.0896     6.2653    190.813    8.99626  273.98861     69.643 -9.990e-29
   40.10998  -72.26852     64.461     63.956    10.4364    33.9897      7.961    -0.0524 8.4399e-13  1026.3798    10.4289    26.0897     6.2717    191.008    8.99632  273.99033     69.714 -9.990e-29
   40.10998  -72.26852     64.465     63.960    10.4358    33.9899      7.961    -0.0389 8.4399e-13  1026.3794    10.4282    26.0898     6.2727    191.040    8.99628  273.98892     69.725 -9.990e-29
   40.10998  -72.26852     64.472     63.967    10.4356    33.9907      7.961    -0.0389 8.4399e-13  1026.3804    10.4281    26.0904     6.2664    190.848    8.99616  273.98531     69.656 -9.990e-29
