CalculateIndicators/WaterTemperature/Data/CTD_NYOS/202200727_C05.cnv
* Sea-Bird SBE 9 Data File:
* FileName = C:\Seabird 9 CTD\Data\2022\202207_offshore\202200727_C05.hex
* Software Version Seasave V 7.23.2
* Temperature SN = 4590
* Conductivity SN = 3228
* Number of Bytes Per Scan = 44
* Number of Voltage Words = 5
* Number of Scans Averaged by the Deck Unit = 1
* NMEA Latitude = 39 49.17 N
* NMEA Longitude = 073 11.65 W
* NMEA UTC (Time) = Dec 11 2002  06:23:58
* NMEA baud rate = 4800
** Ship: seawolf
** Station: 6.3
** Operator: TDK
# nquan = 18
# nvalues = 14261                       
# units = specified
# name 0 = latitude: Latitude [deg]
# name 1 = longitude: Longitude [deg]
# name 2 = prDM: Pressure, Digiquartz [db]
# name 3 = depSM: Depth [salt water, m]
# name 4 = t090C: Temperature [ITS-90, deg C]
# name 5 = sal00: Salinity, Practical [PSU]
# name 6 = ph: pH
# name 7 = flECO-AFL: Fluorescence, WET Labs ECO-AFL/FL [mg/m^3]
# name 8 = cpar: CPAR/Corrected Irradiance [%]
# name 9 = density00: Density [density, kg/m^3]
# name 10 = potemp090C: Potential Temperature [ITS-90, deg C]
# name 11 = sigma-é00: Density [sigma-theta, kg/m^3]
# name 12 = sbeox0Mg/L: Oxygen, SBE 43 [mg/l]
# name 13 = sbox0Mm/Kg: Oxygen, SBE 43 [umol/kg]
# name 14 = oxsolMg/L: Oxygen Saturation, Garcia & Gordon [mg/l]
# name 15 = oxsolMm/Kg: Oxygen Saturation, Garcia & Gordon [umol/kg]
# name 16 = sbeox0PS: Oxygen, SBE 43 [% saturation]
# name 17 = flag:  0.000e+00
# span 0 =   39.81916,   39.81956       
# span 1 =  -73.19420,  -73.19306       
# span 2 =      1.843,     41.841       
# span 3 =      1.829,     41.516       
# span 4 =     8.6949,    25.0538       
# span 5 =    31.2377,    32.8493       
# span 6 =      7.942,      8.154       
# span 7 =     0.0282,     2.1772       
# span 8 = 5.0640e-11, 9.9999e+04       
# span 9 =  1020.6154,  1025.6674       
# span 10 =     8.6907,    25.0532      
# span 11 =    20.5687,    25.4794      
# span 12 =     6.6592,     8.8028      
# span 13 =    203.829,    268.544      
# span 14 =    6.88687,    9.41726      
# span 15 =  210.79965,  286.98206      
# span 16 =     78.348,    110.016      
# span 17 = 0.0000e+00, 0.0000e+00      
# interval = seconds: 0.0416667
# start_time = Jul 27 2022 06:23:58 [System UTC, first data scan.]
# bad_flag = -9.990e-29
*END*
[from data line 7558]
   39.81936  -73.19360     25.336     25.141     9.7643    32.6256 -9.990e-29     0.3371 5.0640e-11  1025.2523     9.7615    25.1377     8.5106    259.440    9.20723  280.67572     92.434 -9.990e-29
   39.81936  -73.19360     25.329     25.134     9.7649    32.6254 -9.990e-29     0.3371 5.0640e-11  1025.2521     9.7621    25.1375     8.5109    259.450    9.20723  280.67566     92.438 -9.990e-29
   39.81936  -73.19360     25.319     25.124     9.7656    32.6253 -9.990e-29     0.3237 5.0640e-11  1025.2517     9.7629    25.1373     8.5039    259.235    9.20724  280.67584     92.361 -9.990e-29
   39.81936  -73.19360     25.310     25.115     9.7661    32.6253 -9.990e-29     0.3371 5.0640e-11  1025.2517     9.7633    25.1372     8.5105    259.437    9.20723  280.67553     92.433 -9.990e-29
   39.81936  -73.19360     25.310     25.115     9.7666    32.6253 -9.990e-29     0.3237 5.0640e-11  1025.2517     9.7638    25.1371     8.5112    259.457    9.20726  280.67636     92.440 -9.990e-29
   39.81936  -73.19360     25.299     25.104     9.7673    32.6251 -9.990e-29     0.3371 5.0640e-11  1025.2514     9.7645    25.1368     8.5112    259.458    9.20723  280.67559     92.441 -9.990e-29
   39.81936  -73.19360     25.289     25.094     9.7679    32.6249 -9.990e-29     0.3237 5.0640e-11  1025.2510     9.7651    25.1366     8.5114    259.463    9.20725  280.67612     92.442 -9.990e-29
   39.81936  -73.19360     25.278     25.083     9.7683    32.6247 -9.990e-29     0.3371 5.0640e-11  1025.2507     9.7655    25.1364     8.5049    259.264    9.20724  280.67585     92.371 -9.990e-29
   39.81936  -73.19360     25.278     25.083     9.7690    32.6247 -9.990e-29     0.3371 5.0640e-11  1025.2506     9.7662    25.1362     8.5053    259.277    9.20728  280.67715     92.375 -9.990e-29
   39.81936  -73.19360     25.268     25.074     9.7693    32.6247 -9.990e-29     0.3371 5.0640e-11  1025.2506     9.7665    25.1361     8.5058    259.293    9.20728  280.67743     92.381 -9.990e-29
   39.81936  -73.19360     25.264     25.070     9.7698    32.6246 -9.990e-29     0.3371 5.0640e-11  1025.2502     9.7671    25.1360     8.5125    259.497    9.20730  280.67795     92.454 -9.990e-29
   39.81936  -73.19360     25.259     25.064     9.7700    32.6246 -9.990e-29     0.3371 5.0640e-11  1025.2504     9.7672    25.1359     8.5065    259.313    9.20731  280.67807     92.388 -9.990e-29
   39.81936  -73.19360     25.259     25.064     9.7709    32.6246 -9.990e-29     0.3371 5.0640e-11  1025.2498     9.7681    25.1357     8.5066    259.318    9.20734  280.67878     92.390 -9.990e-29
   39.81936  -73.19360     25.238     25.044     9.7713    32.6245 -9.990e-29     0.3237 5.0640e-11  1025.2501     9.7686    25.1357     8.5069    259.326    9.20732  280.67860     92.392 -9.990e-29
   39.81936  -73.19360     25.248     25.053     9.7716    32.6245 -9.990e-29     0.3237 5.0640e-11  1025.2501     9.7688    25.1357     8.5073    259.339    9.20738  280.68022     92.397 -9.990e-29
   39.81936  -73.19360     25.238     25.044     9.7723    32.6245 -9.990e-29     0.3371 5.0640e-11  1025.2495     9.7695    25.1355     8.5078    259.354    9.20741  280.68093     92.402 -9.990e-29
   39.81936  -73.19360     25.227     25.033     9.7727    32.6244 -9.990e-29     0.3237 5.0640e-11  1025.2495     9.7700    25.1354     8.5077    259.352    9.20743  280.68166     92.401 -9.990e-29
   39.81936  -73.19360     25.227     25.033     9.7731    32.6244 -9.990e-29     0.3237 5.0640e-11  1025.2497     9.7703    25.1353     8.5151    259.578    9.20742  280.68166     92.481 -9.990e-29
   39.81936  -73.19360     25.218     25.023     9.7736    32.6243 -9.990e-29     0.3371 5.0640e-11  1025.2493     9.7708    25.1351     8.5099    259.418    9.20746  280.68277     92.424 -9.990e-29
   39.81936  -73.19360     25.208     25.014     9.7741    32.6241 -9.990e-29     0.3237 5.0640e-11  1025.2488     9.7713    25.1349     8.5168    259.627    9.20744  280.68210     92.499 -9.990e-29
   39.81936  -73.19360     25.223     25.029     9.7744    32.6241 -9.990e-29     0.3237 5.0640e-11  1025.2490     9.7717    25.1348     8.5184    259.678    9.20748  280.68302     92.516 -9.990e-29
   39.81936  -73.19362     25.208     25.014     9.7747    32.6241 -9.990e-29     0.3237 5.0640e-11  1025.2490     9.7720    25.1348     8.5194    259.708    9.20747  280.68276     92.527 -9.990e-29
   39.81936  -73.19362     25.208     25.014     9.7751    32.6240 -9.990e-29     0.3371 5.0640e-11  1025.2487     9.7723    25.1347     8.5137    259.535    9.20749  280.68340     92.465 -9.990e-29
   39.81936  -73.19362     25.197     25.003     9.7754    32.6239 -9.990e-29     0.3505 5.0640e-11  1025.2487     9.7727    25.1346     8.5209    259.754    9.20748  280.68314     92.543 -9.990e-29
   39.81936  -73.19362     25.197     25.003     9.7759    32.6239 -9.990e-29     0.3505 5.0640e-11  1025.2483     9.7731    25.1344     8.5154    259.585    9.20749  280.68340     92.483 -9.990e-29
   39.81936  -73.19362     25.197     25.003     9.7763    32.6239 -9.990e-29     0.3371 5.0640e-11  1025.2483     9.7735    25.1344     8.5160    259.602    9.20746  280.68263     92.490 -9.990e-29
   39.81936  -73.19362     25.197     25.003     9.7763    32.6240 -9.990e-29     0.3505 5.0640e-11  1025.2486     9.7735    25.1345     8.5167    259.624    9.20750  280.68374     92.497 -9.990e-29
   39.81936  -73.19362     25.187     24.993     9.7764    32.6241 -9.990e-29     0.3505 5.0640e-11  1025.2486     9.7737    25.1345     8.5234    259.831    9.20747  280.68289     92.571 -9.990e-29
   39.81936  -73.19362     25.187     24.993     9.7769    32.6241 -9.990e-29     0.3505 5.0640e-11  1025.2484     9.7741    25.1345     8.5250    259.877    9.20753  280.68477     92.587 -9.990e-29
   39.81936  -73.19362     25.193     24.999     9.7769    32.6241 -9.990e-29     0.3505 5.0640e-11  1025.2488     9.7741    25.1345     8.5258    259.902    9.20751  280.68419     92.596 -9.990e-29
   39.81936  -73.19362     25.178     24.984     9.7773    32.6241 -9.990e-29     0.3371 5.0640e-11  1025.2483     9.7745    25.1344     8.5266    259.928    9.20753  280.68464     92.605 -9.990e-29
   39.81936  -73.19362     25.178     24.984     9.7771    32.6240 -9.990e-29     0.3371 5.0640e-11  1025.2484     9.7743    25.1343     8.5275    259.954    9.20750  280.68387     92.615 -9.990e-29
   39.81936  -73.19362     25.178     24.984     9.7776    32.6240 -9.990e-29     0.3505 5.0640e-11  1025.2480     9.7748    25.1342     8.5284    259.982    9.20751  280.68393     92.624 -9.990e-29
   39.81936  -73.19362     25.167     24.973     9.7777    32.6240 -9.990e-29     0.3505 5.0640e-11  1025.2482     9.7749    25.1342     8.5227    259.807    9.20758  280.68601     92.561 -9.990e-29
   39.81936  -73.19362     25.178     24.984     9.7777    32.6240 -9.990e-29     0.3505 5.0640e-11  1025.2483     9.7749    25.1342     8.5297    260.021    9.20753  280.68464     92.638 -9.990e-29
   39.81936  -73.19362     25.178     24.984     9.7784    32.6240 -9.990e-29     0.3371 5.0640e-11  1025.2477     9.7756    25.1341     8.5307    260.053    9.20758  280.68601     92.649 -9.990e-29
   39.81936  -73.19362     25.167     24.973     9.7782    32.6240 -9.990e-29     0.3505 5.0640e-11  1025.2481     9.7754    25.1341     8.5318    260.085    9.20757  280.68582     92.661 -9.990e-29
   39.81936  -73.19362     25.167     24.973     9.7784    32.6239 -9.990e-29     0.3505 5.0640e-11  1025.2481     9.7756    25.1341     8.5396    260.323    9.20756  280.68555     92.745 -9.990e-29
   39.81936  -73.19362     25.172     24.978     9.7789    32.6239 -9.990e-29     0.3505 5.0640e-11  1025.2478     9.7761    25.1339     8.5347    260.173    9.20762  280.68759     92.691 -9.990e-29
   39.81936  -73.19362     25.167     24.973     9.7789    32.6239 -9.990e-29     0.3505 5.0640e-11  1025.2479     9.7761    25.1339     8.5358    260.207    9.20762  280.68759     92.703 -9.990e-29
   39.81936  -73.19362     25.167     24.973     9.7789    32.6239 -9.990e-29     0.3505 5.0640e-11  1025.2477     9.7761    25.1339     8.5363    260.221    9.20768  280.68908     92.708 -9.990e-29
   39.81936  -73.19362     25.167     24.973     9.7789    32.6238 -9.990e-29     0.3505 5.0640e-11  1025.2479     9.7761    25.1338     8.5367    260.235    9.20768  280.68935     92.713 -9.990e-29
   39.81936  -73.19362     25.178     24.984     9.7794    32.6236      8.015     0.3505 5.0640e-11  1025.2474     9.7766    25.1337     8.5372    260.250    9.20775  280.69143     92.717 -9.990e-29
   39.81936  -73.19362     25.167     24.973     9.7790    32.6235      8.015     0.3505 5.0640e-11  1025.2476     9.7763    25.1335     8.5376    260.263    9.20777  280.69208     92.722 -9.990e-29
   39.81936  -73.19362     25.167     24.973     9.7795    32.6235      8.015     0.3505 5.0640e-11  1025.2473     9.7768    25.1335     8.5449    260.484    9.20782  280.69345     92.800 -9.990e-29
   39.81936  -73.19362     25.167     24.973     9.7792    32.6235      8.015     0.3505 5.0640e-11  1025.2477     9.7764    25.1336     8.5460    260.519    9.20790  280.69587     92.812 -9.990e-29
   39.81936  -73.19362     25.167     24.973     9.7795    32.6236      8.015     0.3371 5.0640e-11  1025.2475     9.7768    25.1336     8.5403    260.346    9.20791  280.69626     92.750 -9.990e-29
   39.81936  -73.19362     25.172     24.978     9.7794    32.6236      8.015     0.3371 5.0640e-11  1025.2478     9.7766    25.1336     8.5408    260.360    9.20800  280.69894     92.754 -9.990e-29
   39.81936  -73.19362     25.178     24.984     9.7794    32.6236      8.015     0.3371 5.0640e-11  1025.2476     9.7766    25.1336     8.5480    260.579    9.20805  280.70044     92.832 -9.990e-29
   39.81936  -73.19362     25.178     24.984     9.7795    32.6235      8.015     0.3371 5.0640e-11  1025.2473     9.7768    25.1335     8.5491    260.612    9.20811  280.70253     92.843 -9.990e-29
   39.81936  -73.19362     25.167     24.973     9.7794    32.6235      8.015     0.3371 5.0640e-11  1025.2475     9.7766    25.1335     8.5502    260.645    9.20820  280.70500     92.854 -9.990e-29
   39.81936  -73.19362     25.187     24.993     9.7795    32.6235      8.015     0.3371 5.0640e-11  1025.2473     9.7768    25.1335     8.5505    260.655    9.20826  280.70696     92.857 -9.990e-29
   39.81936  -73.19362     25.178     24.984     9.7792    32.6235      8.015     0.3371 5.0640e-11  1025.2478     9.7764    25.1336     8.5515    260.685    9.20834  280.70931     92.867 -9.990e-29
   39.81936  -73.19362     25.178     24.984     9.7794    32.6235      8.015     0.3371 5.0640e-11  1025.2476     9.7766    25.1336     8.5524    260.715    9.20841  280.71160     92.876 -9.990e-29
   39.81936  -73.19362     25.187     24.993     9.7794    32.6235      8.015     0.3237 5.0640e-11  1025.2475     9.7766    25.1336     8.5533    260.742    9.20847  280.71343     92.886 -9.990e-29
   39.81936  -73.19362     25.178     24.984     9.7794    32.6235      8.015     0.3371 5.0640e-11  1025.2475     9.7766    25.1336     8.5543    260.772    9.20858  280.71682     92.895 -9.990e-29
   39.81936  -73.19362     25.183     24.989     9.7792    32.6232      8.015     0.3371 5.0640e-11  1025.2475     9.7764    25.1334     8.5477    260.572    9.20868  280.71989     92.823 -9.990e-29
   39.81936  -73.19362     25.187     24.993     9.7794    32.6232      8.015     0.3371 5.0640e-11  1025.2470     9.7766    25.1332     8.5540    260.762    9.20879  280.72309     92.890 -9.990e-29
   39.81936  -73.19362     25.197     25.003     9.7792    32.6232      8.015     0.3371 5.0640e-11  1025.2473     9.7764    25.1333     8.5541    260.765    9.20886  280.72530     92.890 -9.990e-29
   39.81936  -73.19362     25.187     24.993     9.7790    32.6232      8.015     0.3371 5.0640e-11  1025.2476     9.7763    25.1335     8.5551    260.795    9.20917  280.73475     92.897 -9.990e-29
   39.81936  -73.19362     25.187     24.993     9.7789    32.6233      8.015     0.3237 5.0640e-11  1025.2477     9.7761    25.1335     8.5551    260.794    9.20925  280.73703     92.896 -9.990e-29
   39.81936  -73.19362     25.187     24.993     9.7792    32.6233      8.015     0.3237 5.0640e-11  1025.2470     9.7764    25.1334     8.5551    260.796    9.20942  280.74238     92.895 -9.990e-29
   39.81936  -73.19362     25.197     25.003     9.7787    32.6233      8.015     0.3371 5.0640e-11  1025.2476     9.7759    25.1335     8.5619    261.002    9.20963  280.74864     92.967 -9.990e-29
   39.81936  -73.19362     25.187     24.993     9.7786    32.6232      8.015     0.3371 5.0640e-11  1025.2477     9.7758    25.1336     8.5625    261.020    9.20980  280.75373     92.971 -9.990e-29
   39.81936  -73.19362     25.197     25.003     9.7785    32.6232      8.015     0.3237 5.0640e-11  1025.2475     9.7758    25.1334     8.5562    260.830    9.20995  280.75842     92.902 -9.990e-29
   39.81936  -73.19362     25.193     24.999     9.7787    32.6232      8.015     0.3371 5.0640e-11  1025.2471     9.7759    25.1333     8.5560    260.823    9.21016  280.76459     92.897 -9.990e-29
   39.81936  -73.19362     25.197     25.003     9.7784    32.6232      8.015     0.3371 5.0640e-11  1025.2475     9.7756    25.1334     8.5564    260.836    9.21032  280.76950     92.900 -9.990e-29
   39.81936  -73.19362     25.187     24.993     9.7784    32.6233      8.015     0.3371 5.0640e-11  1025.2477     9.7756    25.1336     8.5561    260.826    9.21050  280.77476     92.895 -9.990e-29
   39.81936  -73.19362     25.197     25.003     9.7782    32.6235      8.015     0.3371 5.0640e-11  1025.2478     9.7754    25.1338     8.5563    260.832    9.21055  280.77614     92.897 -9.990e-29
   39.81936  -73.19362     25.197     25.003     9.7782    32.6236      8.015     0.3371 5.0640e-11  1025.2479     9.7754    25.1339     8.5565    260.838    9.21063  280.77841     92.898 -9.990e-29
   39.81936  -73.19362     25.197     25.003     9.7780    32.6237      8.015     0.3371 5.0640e-11  1025.2481     9.7753    25.1339     8.5635    261.051    9.21076  280.78252     92.973 -9.990e-29
   39.81936  -73.19362     25.187     24.993     9.7782    32.6237      8.015     0.3505 5.0640e-11  1025.2477     9.7754    25.1339     8.5636    261.053    9.21083  280.78467     92.973 -9.990e-29
   39.81936  -73.19362     25.197     25.003     9.7780    32.6237      8.015     0.3640 5.0640e-11  1025.2481     9.7753    25.1339     8.5644    261.078    9.21098  280.78912     92.980 -9.990e-29
   39.81936  -73.19362     25.197     25.003     9.7782    32.6237      8.015     0.3505 5.0640e-11  1025.2480     9.7754    25.1339     8.5576    260.871    9.21107  280.79191     92.905 -9.990e-29
   39.81936  -73.19362     25.204     25.009     9.7781    32.6236      8.015     0.3640 5.0640e-11  1025.2479     9.7753    25.1338     8.5635    261.052    9.21114  280.79408     92.969 -9.990e-29
   39.81936  -73.19362     25.197     25.003     9.7782    32.6236      8.015     0.3640 5.0640e-11  1025.2479     9.7754    25.1338     8.5567    260.844    9.21134  280.80019     92.893 -9.990e-29
   39.81936  -73.19362     25.197     25.003     9.7779    32.6236      8.015     0.3640 5.0640e-11  1025.2480     9.7751    25.1338     8.5565    260.838    9.21145  280.80346     92.890 -9.990e-29
   39.81936  -73.19362     25.197     25.003     9.7780    32.6236      8.015     0.3640 5.0640e-11  1025.2478     9.7753    25.1339     8.5631    261.038    9.21158  280.80750     92.960 -9.990e-29
   39.81936  -73.19362     25.197     25.003     9.7779    32.6236      8.015     0.3640 5.0640e-11  1025.2480     9.7751    25.1339     8.5635    261.052    9.21177  280.81310     92.963 -9.990e-29
   39.81936  -73.19362     25.197     25.003     9.7781    32.6236      8.015     0.3640 5.0640e-11  1025.2478     9.7753    25.1339     8.5639    261.064    9.21190  280.81687     92.966 -9.990e-29
