CalculateIndicators/WaterTemperature/Data/CTD_NYOS/202200726_C01.cnv
* Sea-Bird SBE 9 Data File:
* FileName = C:\Seabird 9 CTD\Data\2022\202207_offshore\202200726_C01.hex
* Software Version Seasave V 7.23.2
* Temperature SN = 4590
* Conductivity SN = 3228
* Number of Bytes Per Scan = 44
* Number of Voltage Words = 5
* Number of Scans Averaged by the Deck Unit = 1
* NMEA Latitude = 40 57.59 N
* NMEA Longitude = 073 34.81 W
* NMEA UTC (Time) = Dec 10 2002  14:00:53
* NMEA baud rate = 4800
** Ship: seawolf
** Station: LIS_ARIG
** Operator: TDK
# nquan = 18
# nvalues = 11404                       
# units = specified
# name 0 = latitude: Latitude [deg]
# name 1 = longitude: Longitude [deg]
# name 2 = prDM: Pressure, Digiquartz [db]
# name 3 = depSM: Depth [salt water, m]
# name 4 = t090C: Temperature [ITS-90, deg C]
# name 5 = sal00: Salinity, Practical [PSU]
# name 6 = ph: pH
# name 7 = flECO-AFL: Fluorescence, WET Labs ECO-AFL/FL [mg/m^3]
# name 8 = cpar: CPAR/Corrected Irradiance [%]
# name 9 = density00: Density [density, kg/m^3]
# name 10 = potemp090C: Potential Temperature [ITS-90, deg C]
# name 11 = sigma-é00: Density [sigma-theta, kg/m^3]
# name 12 = sbeox0Mg/L: Oxygen, SBE 43 [mg/l]
# name 13 = sbox0Mm/Kg: Oxygen, SBE 43 [umol/kg]
# name 14 = oxsolMg/L: Oxygen Saturation, Garcia & Gordon [mg/l]
# name 15 = oxsolMm/Kg: Oxygen Saturation, Garcia & Gordon [umol/kg]
# name 16 = sbeox0PS: Oxygen, SBE 43 [% saturation]
# name 17 = flag:  0.000e+00
# span 0 =   40.95994,   40.95998       
# span 1 =  -73.58024,  -73.58004       
# span 2 =      1.528,     13.324       
# span 3 =      1.516,     13.220       
# span 4 =    19.0104,    22.9983       
# span 5 =    26.9958,    28.1797       
# span 6 =      7.563,      7.884       
# span 7 =     0.2834,     3.1711       
# span 8 = 4.6491e-02, 2.2275e+01       
# span 9 =  1017.8948,  1019.8712       
# span 10 =    19.0081,    22.9979      
# span 11 =    17.8880,    19.8128      
# span 12 =     3.3208,     6.6965      
# span 13 =    101.804,    205.463      
# span 14 =    7.34086,    7.84436      
# span 15 =  225.37338,  240.37747      
# span 16 =     42.892,     90.267      
# span 17 = 0.0000e+00, 0.0000e+00      
# interval = seconds: 0.0416667
# start_time = Jul 26 2022 14:00:51 [System UTC, first data scan.]
# bad_flag = -9.990e-29
*END*
[from data line 10212]
   40.95996 -9.990e-29      3.220      3.195    22.0218    27.2829 -9.990e-29     2.6741 7.3240e+00  1018.3748    22.0211    18.3599     5.6526    173.460    7.45810  228.86619     75.791 -9.990e-29
   40.95996 -9.990e-29      3.220      3.195    22.0253    27.2816 -9.990e-29     2.6741 7.3320e+00  1018.3726    22.0247    18.3581     5.6524    173.455    7.45752  228.84945     75.795 -9.990e-29
   40.95996 -9.990e-29      3.230      3.205    22.0306    27.2798 -9.990e-29     2.6741 7.3401e+00  1018.3691    22.0300    18.3557     5.6470    173.290    7.45712  228.83782     75.726 -9.990e-29
   40.95996 -9.990e-29      3.220      3.195    22.0329    27.2784 -9.990e-29     2.6741 7.3481e+00  1018.3673    22.0323    18.3541     5.6465    173.276    7.45686  228.83039     75.723 -9.990e-29
   40.95996 -9.990e-29      3.220      3.195    22.0328    27.2779 -9.990e-29     2.6741 7.3562e+00  1018.3674    22.0322    18.3535     5.6461    173.265    7.45662  228.82374     75.720 -9.990e-29
   40.95996 -9.990e-29      3.220      3.195    22.0331    27.2779 -9.990e-29     2.6741 7.3850e+00  1018.3674    22.0325    18.3534     5.6507    173.405    7.45621  228.81185     75.785 -9.990e-29
   40.95996 -9.990e-29      3.220      3.195    22.0331    27.2779 -9.990e-29     2.6607 7.3932e+00  1018.3675    22.0325    18.3533     5.6457    173.253    7.45615  228.81031     75.719 -9.990e-29
   40.95994 -9.990e-29      3.230      3.205    22.0331    27.2775 -9.990e-29     2.6473 7.4013e+00  1018.3673    22.0325    18.3528     5.6507    173.405    7.45651  228.82069     75.782 -9.990e-29
   40.95994 -9.990e-29      3.220      3.195    22.0351    27.2763 -9.990e-29     2.5801 7.4177e+00  1018.3660    22.0344    18.3513     5.6458    173.256    7.45690  228.83196     75.713 -9.990e-29
   40.95994 -9.990e-29      3.210      3.186    22.0393    27.2743 -9.990e-29     2.5667 7.4259e+00  1018.3628    22.0387    18.3490     5.6457    173.251    7.45717  228.83965     75.708 -9.990e-29
   40.95994 -9.990e-29      3.220      3.195    22.0430    27.2724 -9.990e-29     2.5667 7.4341e+00  1018.3603    22.0424    18.3467     5.6457    173.249    7.45754  228.85065     75.704 -9.990e-29
   40.95994 -9.990e-29      3.220      3.195    22.0447    27.2708 -9.990e-29     2.5667 7.4424e+00  1018.3589    22.0441    18.3448     5.6457    173.249    7.45792  228.86180     75.700 -9.990e-29
   40.95994 -9.990e-29      3.220      3.195    22.0469    27.2691 -9.990e-29     2.5667 7.4716e+00  1018.3572    22.0463    18.3428     5.6454    173.241    7.45799  228.86373     75.696 -9.990e-29
   40.95994 -9.990e-29      3.220      3.195    22.0508    27.2668 -9.990e-29     2.5667 7.5010e+00  1018.3542    22.0502    18.3402     5.6450    173.228    7.45783  228.85891     75.692 -9.990e-29
   40.95994 -9.990e-29      3.199      3.175    22.0545    27.2647 -9.990e-29     2.5667 7.5177e+00  1018.3510    22.0539    18.3379     5.6444    173.211    7.45745  228.84769     75.689 -9.990e-29
   40.95994 -9.990e-29      3.230      3.205    22.0560    27.2635 -9.990e-29     2.5667 7.5261e+00  1018.3498    22.0553    18.3365     5.6437    173.191    7.45690  228.83176     75.685 -9.990e-29
   40.95994 -9.990e-29      3.220      3.195    22.0556    27.2635 -9.990e-29     2.5667 7.5770e+00  1018.3501    22.0550    18.3363     5.6429    173.166    7.45616  228.81004     75.681 -9.990e-29
   40.95994 -9.990e-29      3.210      3.186    22.0552    27.2635 -9.990e-29     2.5667 7.6068e+00  1018.3504    22.0546    18.3365     5.6424    173.150    7.45571  228.79683     75.678 -9.990e-29
   40.95994 -9.990e-29      3.210      3.186    22.0549    27.2640 -9.990e-29     2.5667 7.6153e+00  1018.3506    22.0543    18.3370     5.6415    173.123    7.45481  228.77042     75.675 -9.990e-29
   40.95994 -9.990e-29      3.210      3.186    22.0536    27.2649 -9.990e-29     2.5667 7.6669e+00  1018.3517    22.0530    18.3381     5.6404    173.090    7.45364  228.73624     75.672 -9.990e-29
   40.95994 -9.990e-29      3.210      3.186    22.0514    27.2663 -9.990e-29     2.5667 7.6971e+00  1018.3534    22.0508    18.3397     5.6396    173.069    7.45290  228.71462     75.670 -9.990e-29
   40.95994 -9.990e-29      3.210      3.186    22.0488    27.2680 -9.990e-29     2.5667 7.7057e+00  1018.3554    22.0482    18.3418     5.6394    173.061    7.45268  228.70823     75.669 -9.990e-29
   40.95994 -9.990e-29      3.199      3.175    22.0450    27.2701 -9.990e-29     2.5667 7.7361e+00  1018.3580    22.0444    18.3443     5.6394    173.064    7.45283  228.71267     75.669 -9.990e-29
   40.95994 -9.990e-29      3.199      3.175    22.0412    27.2724 -9.990e-29     2.5667 7.7666e+00  1018.3612    22.0406    18.3470     5.6395    173.066    7.45297  228.71649     75.668 -9.990e-29
   40.95994 -9.990e-29      3.199      3.175    22.0379    27.2743 -9.990e-29     2.5667 7.7754e+00  1018.3635    22.0373    18.3492     5.6396    173.068    7.45303  228.71835     75.668 -9.990e-29
   40.95994 -9.990e-29      3.210      3.186    22.0363    27.2749 -9.990e-29     2.5667 7.8061e+00  1018.3648    22.0357    18.3503     5.6397    173.070    7.45308  228.71993     75.669 -9.990e-29
   40.95994 -9.990e-29      3.190      3.165    22.0365    27.2749 -9.990e-29     2.5667 7.7929e+00  1018.3647    22.0359    18.3504     5.6398    173.074    7.45318  228.72296     75.670 -9.990e-29
   40.95994 -9.990e-29      3.190      3.165    22.0374    27.2749 -9.990e-29     2.5667 7.8237e+00  1018.3638    22.0368    18.3498     5.6400    173.079    7.45331  228.72664     75.671 -9.990e-29
   40.95994 -9.990e-29      3.199      3.175    22.0393    27.2749 -9.990e-29     2.5667 7.8546e+00  1018.3625    22.0387    18.3492     5.6400    173.081    7.45326  228.72510     75.672 -9.990e-29
   40.95994 -9.990e-29      3.180      3.156    22.0397    27.2749 -9.990e-29     2.5667 7.8635e+00  1018.3623    22.0391    18.3492     5.6401    173.083    7.45318  228.72290     75.674 -9.990e-29
   40.95994 -9.990e-29      3.190      3.165    22.0381    27.2752 -9.990e-29     2.5667 7.8946e+00  1018.3638    22.0375    18.3500     5.6452    173.241    7.45306  228.71945     75.744 -9.990e-29
   40.95994 -9.990e-29      3.190      3.165    22.0363    27.2760 -9.990e-29     2.5667 7.9036e+00  1018.3653    22.0357    18.3509     5.6405    173.097    7.45298  228.71691     75.682 -9.990e-29
   40.95994 -9.990e-29      3.190      3.165    22.0362    27.2760 -9.990e-29     2.5667 7.9482e+00  1018.3650    22.0356    18.3511     5.6457    173.256    7.45288  228.71413     75.752 -9.990e-29
   40.95994 -9.990e-29      3.180      3.156    22.0361    27.2761 -9.990e-29     2.5532 7.9348e+00  1018.3647    22.0355    18.3511     5.6460    173.266    7.45267  228.70780     75.759 -9.990e-29
   40.95994 -9.990e-29      3.180      3.156    22.0362    27.2763 -9.990e-29     2.5532 7.9887e+00  1018.3648    22.0356    18.3513     5.6517    173.439    7.45271  228.70890     75.834 -9.990e-29
   40.95994 -9.990e-29      3.180      3.156    22.0361    27.2769 -9.990e-29     2.5532 8.0203e+00  1018.3655    22.0355    18.3518     5.6480    173.326    7.45304  228.71856     75.781 -9.990e-29
   40.95994 -9.990e-29      3.169      3.145    22.0367    27.2778 -9.990e-29     2.5532 8.0203e+00  1018.3662    22.0361    18.3522     5.6487    173.346    7.45317  228.72214     75.789 -9.990e-29
   40.95994 -9.990e-29      3.180      3.156    22.0382    27.2781 -9.990e-29     2.5532 8.0521e+00  1018.3664    22.0376    18.3523     5.6542    173.516    7.45307  228.71887     75.864 -9.990e-29
   40.95994 -9.990e-29      3.169      3.145    22.0402    27.2783 -9.990e-29     2.5532 8.0748e+00  1018.3660    22.0396    18.3518     5.6498    173.381    7.45287  228.71304     75.807 -9.990e-29
   40.95994 -9.990e-29      3.169      3.145    22.0429    27.2785 -9.990e-29     2.5532 8.0975e+00  1018.3643    22.0423    18.3511     5.6500    173.386    7.45275  228.70936     75.811 -9.990e-29
   40.95994 -9.990e-29      3.169      3.145    22.0437    27.2785 -9.990e-29     2.5532 8.1068e+00  1018.3639    22.0431    18.3512     5.6555    173.556    7.45264  228.70592     75.886 -9.990e-29
   40.95994 -9.990e-29      3.169      3.145    22.0409    27.2798 -9.990e-29     2.5532 8.1525e+00  1018.3661    22.0403    18.3529     5.6563    173.581    7.45255  228.70337     75.898 -9.990e-29
   40.95994 -9.990e-29      3.169      3.145    22.0359    27.2823 -9.990e-29     2.5532 8.1525e+00  1018.3695    22.0353    18.3559     5.6572    173.608    7.45256  228.70355     75.909 -9.990e-29
   40.95994 -9.990e-29      3.169      3.145    22.0308    27.2850 -9.990e-29     2.5532 8.1525e+00  1018.3732    22.0302    18.3592     5.6584    173.644    7.45296  228.71500     75.921 -9.990e-29
   40.95994 -9.990e-29      3.160      3.135    22.0262    27.2875 -9.990e-29     2.5532 8.1848e+00  1018.3764    22.0256    18.3623     5.6592    173.667    7.45322  228.72255     75.929 -9.990e-29
   40.95994 -9.990e-29      3.169      3.145    22.0224    27.2893 -9.990e-29     2.5532 8.1525e+00  1018.3788    22.0218    18.3646     5.6595    173.678    7.45299  228.71587     75.936 -9.990e-29
   40.95994 -9.990e-29      3.160      3.135    22.0198    27.2893 -9.990e-29     2.5532 8.1848e+00  1018.3808    22.0192    18.3660     5.6645    173.832    7.45189  228.68376     76.014 -9.990e-29
   40.95994 -9.990e-29      3.169      3.145    22.0203    27.2893 -9.990e-29     2.5532 8.1525e+00  1018.3804    22.0197    18.3655     5.6638    173.813    7.45013  228.63233     76.023 -9.990e-29
   40.95994 -9.990e-29      3.160      3.135    22.0241    27.2875 -9.990e-29     2.5532 8.1525e+00  1018.3774    22.0235    18.3629     5.6637    173.810    7.44904  228.60063     76.032 -9.990e-29
   40.95994 -9.990e-29      3.160      3.135    22.0299    27.2840 -9.990e-29     2.5532 8.1525e+00  1018.3722    22.0293    18.3590     5.6638    173.815    7.44830  228.57888     76.042 -9.990e-29
   40.95994 -9.990e-29      3.160      3.135    22.0340    27.2808 -9.990e-29     2.5532 8.1068e+00  1018.3687    22.0334    18.3555     5.6591    173.672    7.44791  228.56765     75.983 -9.990e-29
   40.95994 -9.990e-29      3.160      3.135    22.0366    27.2782 -9.990e-29     2.5532 8.0975e+00  1018.3663    22.0360    18.3526     5.6646    173.840    7.44823  228.57690     76.053 -9.990e-29
   40.95994 -9.990e-29      3.169      3.145    22.0392    27.2757 -9.990e-29     2.5532 8.0975e+00  1018.3637    22.0386    18.3500     5.6656    173.870    7.44901  228.59935     76.059 -9.990e-29
   40.95994 -9.990e-29      3.160      3.135    22.0432    27.2745 -9.990e-29     2.5532 8.0975e+00  1018.3604    22.0426    18.3478     5.6612    173.734    7.44937  228.60964     75.996 -9.990e-29
   40.95994 -9.990e-29      3.160      3.135    22.0438    27.2745 -9.990e-29     2.5532 8.0656e+00  1018.3597    22.0432    18.3473     5.6667    173.903    7.44950  228.61360     76.069 -9.990e-29
   40.95996 -9.990e-29      3.160      3.135    22.0405    27.2745 -9.990e-29     2.5532 8.0656e+00  1018.3621    22.0399    18.3488     5.6674    173.923    7.44995  228.62647     76.073 -9.990e-29
   40.95996 -9.990e-29      3.160      3.135    22.0369    27.2766 -9.990e-29     2.5264 8.0564e+00  1018.3650    22.0363    18.3513     5.6735    174.110    7.45051  228.64261     76.149 -9.990e-29
   40.95996 -9.990e-29      3.160      3.135    22.0340    27.2789 -9.990e-29     2.5129 8.0246e+00  1018.3678    22.0334    18.3539     5.6689    173.970    7.45049  228.64173     76.088 -9.990e-29
   40.95996 -9.990e-29      3.160      3.135    22.0306    27.2808 -9.990e-29     2.5129 8.0246e+00  1018.3700    22.0300    18.3561     5.6735    174.112    7.44973  228.61970     76.158 -9.990e-29
   40.95996 -9.990e-29      3.169      3.145    22.0273    27.2821 -9.990e-29     2.5129 8.0246e+00  1018.3723    22.0267    18.3578     5.6684    173.955    7.44919  228.60400     76.095 -9.990e-29
   40.95996 -9.990e-29      3.160      3.135    22.0266    27.2821 -9.990e-29     2.5129 8.0155e+00  1018.3729    22.0260    18.3584     5.6738    174.119    7.44939  228.60993     76.164 -9.990e-29
   40.95996 -9.990e-29      3.159      3.135    22.0280    27.2821 -9.990e-29     2.5129 8.0064e+00  1018.3720    22.0274    18.3577     5.6744    174.137    7.44970  228.61937     76.169 -9.990e-29
   40.95996 -9.990e-29      3.169      3.145    22.0314    27.2806 -9.990e-29     2.5129 8.0064e+00  1018.3699    22.0307    18.3556     5.6747    174.147    7.44973  228.62045     76.173 -9.990e-29
   40.95996 -9.990e-29      3.169      3.145    22.0362    27.2781 -9.990e-29     2.5129 7.9749e+00  1018.3667    22.0356    18.3525     5.6749    174.154    7.44972  228.62041     76.176 -9.990e-29
   40.95996 -9.990e-29      3.159      3.135    22.0429    27.2751 -9.990e-29     2.5129 7.9749e+00  1018.3621    22.0423    18.3488     5.6750    174.156    7.44957  228.61630     76.178 -9.990e-29
   40.95996 -9.990e-29      3.169      3.145    22.0468    27.2720 -9.990e-29     2.5129 7.9435e+00  1018.3596    22.0462    18.3448     5.6751    174.159    7.44955  228.61585     76.180 -9.990e-29
   40.95996 -9.990e-29      3.169      3.145    22.0549    27.2679 -9.990e-29     2.5129 7.9435e+00  1018.3541    22.0543    18.3397     5.6752    174.164    7.44963  228.61790     76.181 -9.990e-29
   40.95996 -9.990e-29      3.169      3.145    22.0655    27.2632 -9.990e-29     2.5129 7.9212e+00  1018.3467    22.0649    18.3339     5.6751    174.161    7.44947  228.61321     76.182 -9.990e-29
   40.95996 -9.990e-29      3.169      3.145    22.0725    27.2594 -9.990e-29     2.5129 7.9122e+00  1018.3415    22.0719    18.3293     5.6751    174.159    7.44941  228.61152     76.181 -9.990e-29
   40.95996 -9.990e-29      3.169      3.145    22.0745    27.2582 -9.990e-29     2.5129 7.8900e+00  1018.3399    22.0739    18.3273     5.6803    174.320    7.44967  228.61895     76.249 -9.990e-29
   40.95996 -9.990e-29      3.180      3.155    22.0731    27.2582 -9.990e-29     2.5129 7.8679e+00  1018.3410    22.0725    18.3273     5.6809    174.336    7.45011  228.63184     76.252 -9.990e-29
   40.95996 -9.990e-29      3.169      3.145    22.0719    27.2582 -9.990e-29     2.5129 7.8590e+00  1018.3418    22.0713    18.3279     5.6863    174.502    7.45037  228.63923     76.322 -9.990e-29
   40.95996 -9.990e-29      3.180      3.155    22.0714    27.2584 -9.990e-29     2.5129 7.8369e+00  1018.3421    22.0708    18.3283     5.6865    174.509    7.45025  228.63567     76.326 -9.990e-29
   40.95996 -9.990e-29      3.180      3.155    22.0710    27.2585 -9.990e-29     2.5129 7.8149e+00  1018.3422    22.0704    18.3285     5.6864    174.506    7.44981  228.62248     76.329 -9.990e-29
   40.95996 -9.990e-29      3.180      3.155    22.0703    27.2588 -9.990e-29     2.5129 7.8149e+00  1018.3424    22.0697    18.3289     5.6861    174.499    7.44931  228.60793     76.331 -9.990e-29
   40.95996 -9.990e-29      3.180      3.155    22.0691    27.2592 -9.990e-29     2.5129 7.7929e+00  1018.3433    22.0684    18.3294     5.6858    174.488    7.44874  228.59136     76.332 -9.990e-29
   40.95996 -9.990e-29      3.190      3.165    22.0692    27.2592 -9.990e-29     2.5129 7.7623e+00  1018.3438    22.0686    18.3296     5.6904    174.632    7.44824  228.57644     76.400 -9.990e-29
   40.95996 -9.990e-29      3.180      3.155    22.0699    27.2592 -9.990e-29     2.5129 7.7841e+00  1018.3432    22.0693    18.3292     5.6853    174.475    7.44785  228.56494     76.335 -9.990e-29
   40.95996 -9.990e-29      3.190      3.165    22.0712    27.2585 -9.990e-29     2.5129 7.7623e+00  1018.3421    22.0705    18.3285     5.6897    174.611    7.44727  228.54797     76.400 -9.990e-29
