CalculateIndicators/WaterTemperature/Data/CTD_NYOS/202200730_C27.cnv
* Sea-Bird SBE 9 Data File:
* FileName = C:\Seabird 9 CTD\Data\2022\202207_offshore\202200730_C27.hex
* Software Version Seasave V 7.23.2
* Temperature SN = 4590
* Conductivity SN = 3228
* Number of Bytes Per Scan = 44
* Number of Voltage Words = 5
* Number of Scans Averaged by the Deck Unit = 1
* NMEA Latitude = 40 34.23 N
* NMEA Longitude = 072 05.27 W
* NMEA UTC (Time) = Dec 14 2002  12:15:42
* NMEA baud rate = 4800
** Ship: seawolf
** Station: 2.2
** Operator: TCM
# nquan = 18
# nvalues = 12986                       
# units = specified
# name 0 = latitude: Latitude [deg]
# name 1 = longitude: Longitude [deg]
# name 2 = prDM: Pressure, Digiquartz [db]
# name 3 = depSM: Depth [salt water, m]
# name 4 = t090C: Temperature [ITS-90, deg C]
# name 5 = sal00: Salinity, Practical [PSU]
# name 6 = ph: pH
# name 7 = flECO-AFL: Fluorescence, WET Labs ECO-AFL/FL [mg/m^3]
# name 8 = cpar: CPAR/Corrected Irradiance [%]
# name 9 = density00: Density [density, kg/m^3]
# name 10 = potemp090C: Potential Temperature [ITS-90, deg C]
# name 11 = sigma-é00: Density [sigma-theta, kg/m^3]
# name 12 = sbeox0Mg/L: Oxygen, SBE 43 [mg/l]
# name 13 = sbox0Mm/Kg: Oxygen, SBE 43 [umol/kg]
# name 14 = oxsolMg/L: Oxygen Saturation, Garcia & Gordon [mg/l]
# name 15 = oxsolMm/Kg: Oxygen Saturation, Garcia & Gordon [umol/kg]
# name 16 = sbeox0PS: Oxygen, SBE 43 [% saturation]
# name 17 = flag:  0.000e+00
# span 0 =   40.56992,   40.57062       
# span 1 =  -72.08866,  -72.08782       
# span 2 =      1.607,     49.582       
# span 3 =      1.595,     49.194       
# span 4 =     8.5856,    23.0441       
# span 5 =    31.6423,    33.9021       
# span 6 =      7.895,      8.254       
# span 7 =    -0.0389,     2.6338       
# span 8 = 2.0196e-03, 2.2809e+01       
# span 9 =  1021.6289,  1026.0643       
# span 10 =     8.5816,    23.0436      
# span 11 =    21.6197,    25.5900      
# span 12 =     6.6574,    10.9547      
# span 13 =    202.865,    334.028      
# span 14 =    7.12747,    9.43382      
# span 15 =  218.02262,  287.45897      
# span 16 =     70.672,    133.037      
# span 17 = 0.0000e+00, 0.0000e+00      
# interval = seconds: 0.0416667
# start_time = Jul 30 2022 12:15:40 [System UTC, first data scan.]
# bad_flag = -9.990e-29
*END*
[from data line 8845]
   40.57012  -72.08840      9.584      9.510    18.7101    32.1083      8.213     1.9085 2.3757e+00  1022.9820    18.7085    22.8241     8.5305    260.836    7.31222  223.58458    116.661 0.0000e+00
   40.57012  -72.08840      9.565      9.491    18.6806    32.2954      8.213     1.9085 2.3892e+00  1023.1308    18.6790    23.0034     8.4971    259.829    7.28997  222.91520    116.559 0.0000e+00
   40.57012  -72.08840      9.554      9.480    18.9042    32.2954      8.212     1.9085 2.3892e+00  1023.0902    18.9026    23.0395     8.4665    258.908    7.26975  222.31174    116.462 0.0000e+00
   40.57012  -72.08840      9.524      9.450    19.0180    32.2954      8.212     1.9085 2.3856e+00  1023.1198    19.0163    22.9765     8.4490    258.389    7.25570  221.89460    116.447 0.0000e+00
   40.57012  -72.08840      9.493      9.420    19.4328    32.2369      8.210     1.9085 2.3990e+00  1022.8602    19.4312    22.8033     8.4397    258.113    7.24814  221.67024    116.440 0.0000e+00
   40.57012  -72.08840      9.484      9.410    19.8267    32.0646      8.209     1.9085 2.4058e+00  1022.5748    19.8250    22.5960     8.4295    257.806    7.24337  221.52870    116.376 0.0000e+00
   40.57010  -72.08840      9.463      9.390    19.9680    32.0207      8.208     1.9085 2.4058e+00  1022.4475    19.9663    22.4742     8.4263    257.710    7.23985  221.42473    116.387 0.0000e+00
   40.57010  -72.08840      9.443      9.370    19.8953    32.0207      8.213     1.9085 2.4158e+00  1022.4598    19.8936    22.4750     8.4248    257.669    7.23753  221.35646    116.405 0.0000e+00
   40.57010  -72.08840      9.403      9.330    19.6843    32.0207      8.214     1.9085 2.4226e+00  1022.6055    19.6826    22.5608     8.4201    257.526    7.23621  221.31793    116.360 0.0000e+00
   40.57010  -72.08840      9.392      9.319    19.5549    32.0207      8.214     1.9085 2.4226e+00  1022.7758    19.5532    22.6094     8.4219    257.582    7.23626  221.31965    116.384 0.0000e+00
   40.57010  -72.08840      9.371      9.299    19.8849    32.0207      8.213     1.9085 2.4326e+00  1022.5879    19.8833    22.5237     8.4287    257.791    7.23641  221.32437    116.476 0.0000e+00
   40.57010  -72.08840      9.361      9.289    20.1734    31.9094      8.212     1.9085 2.4395e+00  1022.3512    20.1717    22.3956     8.4313    257.872    7.23681  221.33723    116.506 0.0000e+00
   40.57010  -72.08840      9.322      9.249    20.0914    31.9094      8.212     1.9085 2.4395e+00  1022.3553    20.0897    22.3598     8.4367    258.037    7.23971  221.42561    116.534 0.0000e+00
   40.57010  -72.08840      9.311      9.239    19.9379    31.9094      8.213     1.9085 2.4533e+00  1022.4739    19.9362    22.3847     8.4441    258.253    7.24417  221.55510    116.564 0.0000e+00
   40.57010  -72.08840      9.291      9.219    20.1266    31.8988      8.212     1.9085 2.4671e+00  1022.4261    20.1249    22.3826     8.4449    258.277    7.24345  221.53166    116.587 0.0000e+00
   40.57010  -72.08840      9.271      9.199    20.2522    31.9099      8.211     1.9085 2.4671e+00  1022.3893    20.2505    22.3581     8.4453    258.290    7.24250  221.50412    116.607 0.0000e+00
   40.57010  -72.08840      9.250      9.179    20.2253    31.9165      8.216     1.9085 2.4774e+00  1022.3649    20.2236    22.3554     8.4512    258.472    7.24232  221.49844    116.692 0.0000e+00
   40.57010  -72.08840      9.220      9.149    20.0597    31.9231      8.212     1.8145 2.4843e+00  1022.4083    20.0580    22.4034     8.4508    258.458    7.24096  221.45686    116.708 0.0000e+00
   40.57010  -72.08840      9.210      9.139    19.8714    31.9904      8.218     1.5190 2.4843e+00  1022.5553    19.8697    22.4860     8.4581    258.685    7.24237  221.50260    116.786 0.0000e+00
   40.57010  -72.08840      9.179      9.108    19.8440    32.0532      8.218     1.3982 2.5054e+00  1022.6087    19.8424    22.5465     8.4701    259.046    7.24776  221.66346    116.865 0.0000e+00
   40.57010  -72.08840      9.159      9.088    19.9054    32.0926      8.213     1.4116 2.5125e+00  1022.6082    19.9037    22.5741     8.4826    259.426    7.24942  221.71064    117.011 0.0000e+00
   40.57010  -72.08840      9.139      9.068    19.9276    32.1067      8.217     1.4250 2.5125e+00  1022.6262    19.9259    22.6057     8.4900    259.652    7.24652  221.62198    117.160 0.0000e+00
   40.57010  -72.08840      9.118      9.048    19.8034    32.1067      8.218     1.4250 2.5229e+00  1022.7327    19.8017    22.6258     8.4945    259.793    7.24103  221.45685    117.311 0.0000e+00
   40.57010  -72.08840      9.097      9.027    19.8610    32.1197      8.213     1.4250 2.5443e+00  1022.6181    19.8594    22.6007     8.5008    259.989    7.23685  221.33157    117.466 0.0000e+00
   40.57010  -72.08840      9.078      9.008    19.8144    32.1197      8.218     1.4250 2.5443e+00  1022.5740    19.8128    22.5925     8.4996    259.954    7.23447  221.26136    117.487 0.0000e+00
   40.57010  -72.08840      9.067      8.997    19.6631    32.1197      8.218     1.4250 2.5515e+00  1022.7126    19.6615    22.6301     8.5050    260.120    7.23359  221.23578    117.576 0.0000e+00
   40.57010  -72.08840      9.048      8.978    19.7727    32.1197      8.218     1.4250 2.5693e+00  1022.7071    19.7711    22.6410     8.5116    260.324    7.23381  221.24387    117.664 0.0000e+00
   40.57010  -72.08840      9.027      8.958    19.9433    32.1197      8.217     1.4250 2.5766e+00  1022.6690    19.9417    22.5825     8.5147    260.420    7.23506  221.28255    117.687 0.0000e+00
   40.57010  -72.08840      9.007      8.937    20.2530    32.1033      8.216     1.4250 2.5839e+00  1022.4673    20.2514    22.5001     8.5229    260.668    7.23653  221.32577    117.776 0.0000e+00
   40.57010  -72.08840      8.976      8.907    20.1915    32.1033      8.212     1.4250 2.5985e+00  1022.4802    20.1898    22.4854     8.5299    260.881    7.23701  221.33847    117.865 0.0000e+00
   40.57012  -72.08840      8.967      8.898    19.9710    32.1033      8.217     1.4250 2.6058e+00  1022.5766    19.9693    22.5574     8.5306    260.901    7.23658  221.32413    117.882 0.0000e+00
   40.57012  -72.08840      8.946      8.877    19.7493    32.1033      8.218     1.4250 2.6092e+00  1022.7640    19.7477    22.6177     8.5367    261.087    7.23623  221.31390    117.971 0.0000e+00
   40.57012  -72.08840      8.926      8.857    19.9938    32.1033      8.217     1.4250 2.6240e+00  1022.6475    19.9921    22.5606     8.5388    261.152    7.23660  221.32509    117.995 0.0000e+00
   40.57012  -72.08840      8.909      8.840    20.3578    32.0324      8.216     1.4250 2.6388e+00  1022.4262    20.3561    22.4212     8.5397    261.181    7.23627  221.31480    118.013 0.0000e+00
   40.57012  -72.08840      8.905      8.836    20.5193    31.9272      8.215     1.4250 2.6388e+00  1022.3407    20.5177    22.2807     8.5401    261.192    7.23568  221.29693    118.028 0.0000e+00
   40.57012  -72.08840      8.865      8.797    20.7566    31.8080      8.214     1.4250 2.6463e+00  1022.1755    20.7549    22.1345     8.5404    261.201    7.23531  221.28554    118.038 -9.990e-29
   40.57012  -72.08840      8.865      8.797    21.0031    31.7872      8.213     1.4250 2.6612e+00  1021.9760    21.0015    22.0105     8.5402    261.194    7.23474  221.26873    118.044 -9.990e-29
   40.57012  -72.08840      8.845      8.776    20.9851    31.7872      8.213     1.4250 2.6612e+00  1021.9495    20.9835    21.9965     8.5347    261.029    7.23423  221.25318    117.977 0.0000e+00
   40.57012  -72.08840      8.824      8.756    20.7366    31.7872      8.214     1.4250 2.6723e+00  1022.1195    20.7349    22.1174     8.5291    260.855    7.23397  221.24468    117.903 0.0000e+00
   40.57012  -72.08840      8.805      8.737    20.5015    31.9474      8.210     1.4250 2.6798e+00  1022.4013    20.4999    22.2687     8.5225    260.654    7.23347  221.22929    117.821 0.0000e+00
   40.57012  -72.08840      8.794      8.726    20.6329    31.9982      8.214     1.4250 2.6798e+00  1022.4210    20.6312    22.3123     8.5151    260.425    7.23278  221.20802    117.729 0.0000e+00
   40.57012  -72.08840      8.774      8.707    20.8982    31.9982      8.213     1.4250 2.6874e+00  1022.2553    20.8965    22.2649     8.5070    260.180    7.23212  221.18822    117.628 0.0000e+00
   40.57012  -72.08840      8.744      8.677    20.9238    31.9982      8.213     1.3982 2.6949e+00  1022.2625    20.9222    22.2331     8.5036    260.076    7.23166  221.17475    117.588 0.0000e+00
   40.57012  -72.08840      8.713      8.645    20.9446    31.9952      8.213     1.3713 2.6949e+00  1022.2913    20.9429    22.2124     8.4952    259.821    7.23123  221.16201    117.480 0.0000e+00
   40.57012  -72.08840      8.631      8.565    21.1010    31.9684      8.212     1.3713 2.7026e+00  1022.1820    21.0994    22.1662     8.4859    259.537    7.23075  221.14777    117.359 0.0000e+00
   40.57012  -72.08840      8.612      8.546    21.1690    31.9627      8.208     1.3713 2.7102e+00  1022.1569    21.1674    22.1221     8.4760    259.234    7.23030  221.13436    117.229 0.0000e+00
   40.57012  -72.08840      8.592      8.525    21.3073    31.9627      8.207     1.3713 2.7102e+00  1022.1262    21.3057    22.0921     8.4705    259.065    7.22990  221.12205    117.159 -9.990e-29
   40.57012  -72.08840      8.663      8.596    21.4377    31.9592      8.207     1.3713 2.7138e+00  1022.1076    21.4361    22.0623     8.4597    258.736    7.22952  221.11054    117.016 -9.990e-29
   40.57012  -72.08840      8.809      8.741    21.6037    31.9592      8.210     1.3713 2.7138e+00  1022.0674    21.6020    22.0237     8.4434    258.238    7.22917  221.10031    116.797 -9.990e-29
   40.57012  -72.08840      8.805      8.737    21.7749    31.9592      8.210     1.3713 2.7214e+00  1022.0169    21.7732    21.9728     8.4317    257.880    7.22899  221.09502    116.638 -9.990e-29
   40.57012  -72.08840      8.592      8.525    21.9394    31.9374      8.204     1.3713 2.7214e+00  1021.9482    21.9378    21.9154     8.4192    257.496    7.22862  221.08382    116.470 -9.990e-29
   40.57012  -72.08840      8.622      8.555    22.0582    31.9118      8.204     1.3713 2.7061e+00  1021.8907    22.0565    21.8643     8.4061    257.095    7.22833  221.07479    116.293 -9.990e-29
   40.57012  -72.08840      8.724      8.656    22.1222    31.8919      8.204     1.3713 2.7061e+00  1021.8602    22.1205    21.8284     8.3929    256.692    7.22819  221.07069    116.113 -9.990e-29
   40.57012  -72.08840      8.784      8.716    22.1632    31.8778      8.204     1.3713 2.6985e+00  1021.8396    22.1615    21.8046     8.3844    256.433    7.22814  221.06953    115.997 -9.990e-29
   40.57010  -72.08840      8.835      8.767    22.1939    31.8668      8.203     1.3713 2.6909e+00  1021.8231    22.1922    21.7874     8.3711    256.026    7.22836  221.07598    115.809 -9.990e-29
   40.57010  -72.08840      8.794      8.726    22.2148    31.8581 -9.990e-29     1.3713 2.6834e+00  1021.8106    22.2130    21.7748     8.3572    255.601    7.22839  221.07657    115.617 -9.990e-29
   40.57010  -72.08840      8.693      8.626    22.2274    31.8520 -9.990e-29     1.3713 2.6834e+00  1021.8011    22.2257    21.7669     8.3380    255.012    7.22824  221.07170    115.352 -9.990e-29
   40.57010  -72.08840      8.652      8.585    22.2275    31.8490 -9.990e-29     1.3713 2.6643e+00  1021.7998    22.2258    21.7635     8.3275    254.691    7.22793  221.06212    115.212 -9.990e-29
   40.57010  -72.08840      8.713      8.645    22.2263    31.8478 -9.990e-29     1.3713 2.6568e+00  1021.8003    22.2246    21.7625     8.3119    254.214    7.22746  221.04811    115.004 -9.990e-29
   40.57010  -72.08840      8.763      8.696    22.2245    31.8478 -9.990e-29     1.3713 2.6493e+00  1021.7980    22.2228    21.7629     8.2966    253.747    7.22717  221.03959    114.797 -9.990e-29
   40.57010  -72.08840      8.805      8.737    22.2043    31.8478 -9.990e-29     1.3713 2.6568e+00  1021.7986    22.2026    21.7704     8.2862    253.430    7.22708  221.03719    114.655 -9.990e-29
   40.57010  -72.08840      8.754      8.686    22.1613    31.8588 -9.990e-29     1.3713 2.6493e+00  1021.8302    22.1596    21.7847     8.2666    252.830    7.22743  221.04756    114.378 -9.990e-29
   40.57010  -72.08840      8.656      8.589    22.1637    31.8677 -9.990e-29     1.3713 2.6568e+00  1021.8363    22.1621    21.7937     8.2512    252.359    7.22761  221.05297    114.162 -9.990e-29
   40.57010  -72.08840      8.652      8.585    22.1724    31.8677 -9.990e-29     1.3847 2.6568e+00  1021.8306    22.1708    21.7943     8.2401    252.021    7.22748  221.04963    114.011 -9.990e-29
   40.57010  -72.08840      8.703      8.636    22.1737    31.8677 -9.990e-29     1.3713 2.6568e+00  1021.8308    22.1720    21.7930     8.2253    251.567    7.22819  221.07119    113.794 -9.990e-29
   40.57010  -72.08840      8.774      8.707    22.1833    31.8670 -9.990e-29     1.3713 2.6528e+00  1021.8307    22.1816    21.7910     8.2106    251.118    7.22899  221.09453    113.579 -9.990e-29
   40.57010  -72.08840      8.763      8.696    22.1778    31.8670 -9.990e-29     1.2907 2.6528e+00  1021.8195    22.1761    21.7915     8.1948    250.633    7.22889  221.09134    113.362 -9.990e-29
   40.57010  -72.08840      8.724      8.656    22.1334    31.8670 -9.990e-29     1.1833 2.6678e+00  1021.8380    22.1317    21.8001     8.1788    250.144    7.22856  221.08144    113.146 -9.990e-29
   40.57010  -72.08840      8.682      8.615    22.1157    31.8761 -9.990e-29     1.1564 2.6678e+00  1021.8541    22.1140    21.8101     8.1685    249.829    7.22872  221.08708    113.000 -9.990e-29
   40.57010  -72.08840      8.713      8.645    22.1357    31.8796 -9.990e-29     1.1698 2.6754e+00  1021.8542    22.1340    21.8110     8.1593    249.548    7.22917  221.10111    112.866 -9.990e-29
   40.57010  -72.08840      8.744      8.677    22.1787    31.8796 -9.990e-29     1.1698 2.6754e+00  1021.8413    22.1769    21.8031     8.1454    249.124    7.22909  221.09982    112.675 -9.990e-29
   40.57010  -72.08840      8.763      8.696    22.2121    31.8796 -9.990e-29     1.1698 2.6829e+00  1021.8296    22.2104    21.7921     8.1376    248.885    7.22958  221.11385    112.560 -9.990e-29
   40.57010  -72.08840      8.744      8.677    22.2331    31.8739 -9.990e-29     1.1698 2.6789e+00  1021.8178    22.2313    21.7821     8.1299    248.650    7.22940  221.10791    112.456 -9.990e-29
   40.57010  -72.08840      8.713      8.645    22.2417    31.8674 -9.990e-29     1.1698 2.6865e+00  1021.8112    22.2400    21.7743     8.1173    248.264    7.22899  221.09444    112.289 -9.990e-29
   40.57010  -72.08840      8.693      8.626    22.2428    31.8623 -9.990e-29     1.1698 2.6941e+00  1021.8041    22.2411    21.7694     8.1096    248.029    7.22827  221.07298    112.193 -9.990e-29
   40.57010  -72.08840      8.713      8.645    22.2347    31.8623 -9.990e-29     1.1698 2.7017e+00  1021.8029    22.2329    21.7692     8.0988    247.697    7.22857  221.08219    112.039 -9.990e-29
   40.57010  -72.08840      8.737      8.670    22.2213    31.8623 -9.990e-29     1.1698 2.7017e+00  1021.8112    22.2196    21.7742     8.0922    247.494    7.22819  221.06994    111.953 -9.990e-29
   40.57010  -72.08840      8.744      8.677    22.2146    31.8688 -9.990e-29     1.1698 2.7093e+00  1021.8202    22.2129    21.7807     8.0849    247.273    7.22674  221.02671    111.875 -9.990e-29
   40.57012  -72.08840      8.724      8.656    22.2158    31.8736 -9.990e-29     1.1698 2.7053e+00  1021.8248    22.2141    21.7847     8.0740    246.941    7.22581  221.00009    111.738 -9.990e-29
