CalculateIndicators/WaterTemperature/Data/CTD_NYOS/20220513_C03.cnv
* Sea-Bird SBE 9 Data File:
* FileName = C:\Seabird 9 CTD\Data\2022\202205_offshore\20220513_C03.hex
* Software Version Seasave V 7.23.2
* Temperature SN = 4590
* Conductivity SN = 3228
* Number of Bytes Per Scan = 44
* Number of Voltage Words = 5
* Number of Scans Averaged by the Deck Unit = 1
* NMEA Latitude = 40 30.15 N
* NMEA Longitude = 073 47.69 W
* NMEA UTC (Time) = Sep 27 2002  07:49:20
* NMEA baud rate = 4800
** Ship: seawolf
** Station: 7.1
** Operator: TCM
# nquan = 18
# nvalues = 7906                        
# units = specified
# name 0 = latitude: Latitude [deg]
# name 1 = longitude: Longitude [deg]
# name 2 = prDM: Pressure, Digiquartz [db]
# name 3 = depSM: Depth [salt water, m]
# name 4 = t090C: Temperature [ITS-90, deg C]
# name 5 = sal00: Salinity, Practical [PSU]
# name 6 = ph: pH
# name 7 = flECO-AFL: Fluorescence, WET Labs ECO-AFL/FL [mg/m^3]
# name 8 = cpar: CPAR/Corrected Irradiance [%]
# name 9 = density00: Density [density, kg/m^3]
# name 10 = potemp090C: Potential Temperature [ITS-90, deg C]
# name 11 = sigma-é00: Density [sigma-theta, kg/m^3]
# name 12 = sbeox0Mg/L: Oxygen, SBE 43 [mg/l]
# name 13 = sbox0Mm/Kg: Oxygen, SBE 43 [umol/kg]
# name 14 = oxsolMg/L: Oxygen Saturation, Garcia & Gordon [mg/l]
# name 15 = oxsolMm/Kg: Oxygen Saturation, Garcia & Gordon [umol/kg]
# name 16 = sbeox0PS: Oxygen, SBE 43 [% saturation]
# name 17 = flag:  0.000e+00
# span 0 =   40.50250,   40.50312       
# span 1 =  -73.79586,  -73.79492       
# span 2 =      1.553,     18.648       
# span 3 =      1.541,     18.503       
# span 4 =     9.7169,    10.8844       
# span 5 =    31.7024,    32.1865       
# span 6 =      7.997,      8.038       
# span 7 =     0.9952,     1.6131       
# span 8 = 5.0640e-11, 9.9999e+04       
# span 9 =  1024.2619,  1024.8856       
# span 10 =     9.7149,    10.8834      
# span 11 =    24.2563,    24.8019      
# span 12 =     8.6734,     9.3566      
# span 13 =    264.517,    285.391      
# span 14 =    9.02792,    9.24781      
# span 15 =  275.40079,  282.01992      
# span 16 =     93.926,    102.851      
# span 17 = 0.0000e+00, 0.0000e+00      
# interval = seconds: 0.0416667
# start_time = May 13 2022 07:49:21 [System UTC, first data scan.]
# bad_flag = -9.990e-29
*END*
[from data line 644]
   40.50256  -73.79500      5.792      5.747    10.7145    31.7092 -9.990e-29     1.2907 9.9999e+04  1024.2887    10.7138    24.2629     9.0912    277.373    9.07594  276.90834    100.168 -9.990e-29
   40.50256  -73.79500      5.811      5.766    10.7128    31.7092 -9.990e-29     1.2907 -9.990e-29  1024.2883    10.7122    24.2629     9.0857    277.207    9.07587  276.90638    100.109 0.0000e+00
   40.50256  -73.79500      5.822      5.777    10.7115    31.7092 -9.990e-29     1.2907 9.9999e+04  1024.2901    10.7109    24.2639     9.0855    277.200    9.07585  276.90557    100.106 0.0000e+00
   40.50256  -73.79500      5.831      5.786    10.7127    31.7110 -9.990e-29     1.2907 9.9999e+04  1024.2919    10.7120    24.2652     9.0853    277.195    9.07590  276.90715    100.104 0.0000e+00
   40.50256  -73.79500      5.842      5.797    10.7142    31.7110 -9.990e-29     1.2907 9.9999e+04  1024.2930    10.7135    24.2659     9.0909    277.366    9.07602  276.91061    100.164 -9.990e-29
   40.50256  -73.79500      5.841      5.796    10.7154    31.7110 -9.990e-29     1.2907 -9.990e-29  1024.2919    10.7147    24.2656     9.0857    277.205    9.07611  276.91332    100.105 -9.990e-29
   40.50256  -73.79500      5.873      5.827    10.7149    31.7110 -9.990e-29     1.2907 9.9999e+04  1024.2914    10.7142    24.2650     9.0854    277.197    9.07609  276.91270    100.103 -9.990e-29
   40.50256  -73.79500      5.862      5.816    10.7144    31.7102 -9.990e-29     1.2907 9.9999e+04  1024.2909    10.7137    24.2644     9.0851    277.189    9.07606  276.91182    100.100 -9.990e-29
   40.50256  -73.79500      5.873      5.827    10.7139    31.7095 -9.990e-29     1.2907 -9.990e-29  1024.2903    10.7132    24.2639     9.0790    277.001    9.07588  276.90641    100.034 -9.990e-29
   40.50256  -73.79500      5.873      5.827    10.7135    31.7093 -9.990e-29     1.2907 -9.990e-29  1024.2899    10.7128    24.2635     9.0839    277.150    9.07589  276.90678    100.088 -9.990e-29
   40.50256  -73.79500      5.873      5.827    10.7133    31.7093 -9.990e-29     1.2907 9.9999e+04  1024.2896    10.7127    24.2635     9.0838    277.148    9.07602  276.91070    100.086 -9.990e-29
   40.50256  -73.79500      5.884      5.838    10.7128    31.7093 -9.990e-29     1.3176 9.9999e+04  1024.2905    10.7122    24.2639     9.0836    277.142    9.07603  276.91101    100.083 0.0000e+00
   40.50256  -73.79500      5.892      5.846    10.7132    31.7098 -9.990e-29     1.3310 9.9999e+04  1024.2913    10.7125    24.2644     9.0839    277.152    9.07598  276.90963    100.088 -9.990e-29
   40.50256  -73.79500      5.893      5.848    10.7130    31.7099 -9.990e-29     1.3310 9.9999e+04  1024.2910    10.7123    24.2644     9.0838    277.148    9.07602  276.91072    100.086 -9.990e-29
   40.50256  -73.79500      5.903      5.857    10.7125    31.7100 -9.990e-29     1.3310 9.9999e+04  1024.2907    10.7119    24.2646     9.0836    277.141    9.07602  276.91070    100.083 -9.990e-29
   40.50256  -73.79500      5.893      5.848    10.7124    31.7109 -9.990e-29     1.3310 -9.990e-29  1024.2919    10.7117    24.2652     9.0834    277.136    9.07603  276.91115    100.081 -9.990e-29
   40.50256  -73.79500      5.903      5.857    10.7135    31.7120 -9.990e-29     1.3310 9.9999e+04  1024.2927    10.7128    24.2659     9.0832    277.129    9.07598  276.90952    100.079 -9.990e-29
   40.50256  -73.79500      5.893      5.848    10.7149    31.7120 -9.990e-29     1.3310 9.9999e+04  1024.2934    10.7142    24.2662     9.0835    277.137    9.07586  276.90580    100.084 -9.990e-29
   40.50256  -73.79500      5.912      5.867    10.7162    31.7120 -9.990e-29     1.3310 9.9999e+04  1024.2927    10.7155    24.2659     9.0833    277.133    9.07587  276.90624    100.082 -9.990e-29
   40.50256  -73.79500      5.903      5.857    10.7162    31.7114 -9.990e-29     1.3444 9.9999e+04  1024.2917    10.7155    24.2651     9.0833    277.132    9.07601  276.91053    100.080 -9.990e-29
   40.50256  -73.79500      5.903      5.857    10.7159    31.7104 -9.990e-29     1.3310 -9.990e-29  1024.2909    10.7152    24.2643     9.0832    277.130    9.07610  276.91323    100.078 -9.990e-29
   40.50256  -73.79500      5.903      5.857    10.7154    31.7093 -9.990e-29     1.3310 9.9999e+04  1024.2901    10.7147    24.2636     9.0774    276.954    9.07620  276.91621    100.013 -9.990e-29
   40.50256  -73.79500      5.903      5.857    10.7144    31.7084 -9.990e-29     1.3310 9.9999e+04  1024.2894    10.7137    24.2630     9.0824    277.106    9.07624  276.91746    100.068 -9.990e-29
   40.50256  -73.79500      5.903      5.857    10.7135    31.7080 -9.990e-29     1.3310 9.9999e+04  1024.2893    10.7128    24.2628     9.0829    277.121    9.07627  276.91815    100.073 -9.990e-29
   40.50256  -73.79500      5.903      5.857    10.7127    31.7080 -9.990e-29     1.3310 9.9999e+04  1024.2897    10.7120    24.2629     9.0829    277.120    9.07632  276.91969    100.072 -9.990e-29
   40.50256  -73.79500      5.903      5.857    10.7125    31.7080 -9.990e-29     1.3310 9.9999e+04  1024.2896    10.7119    24.2630     9.0826    277.112    9.07620  276.91597    100.071 -9.990e-29
   40.50256  -73.79500      5.903      5.857    10.7122    31.7080 -9.990e-29     1.3444 9.9999e+04  1024.2898    10.7115    24.2630     9.0829    277.122    9.07602  276.91063    100.076 -9.990e-29
   40.50256  -73.79500      5.914      5.868    10.7122    31.7080 -9.990e-29     1.3310 9.9999e+04  1024.2895    10.7115    24.2630     9.0828    277.119    9.07600  276.91032    100.075 -9.990e-29
   40.50256  -73.79500      5.912      5.867    10.7120    31.7082 -9.990e-29     1.3310 -9.990e-29  1024.2898    10.7114    24.2632     9.0834    277.135    9.07602  276.91057    100.081 -9.990e-29
   40.50256  -73.79500      5.914      5.868    10.7122    31.7082 -9.990e-29     1.3310 9.9999e+04  1024.2902    10.7115    24.2633     9.0833    277.133    9.07601  276.91019    100.080 -9.990e-29
   40.50256  -73.79500      5.912      5.867    10.7124    31.7082 -9.990e-29     1.3310 -9.990e-29  1024.2900    10.7117    24.2633     9.0831    277.126    9.07587  276.90623    100.079 -9.990e-29
   40.50256  -73.79500      5.914      5.868    10.7125    31.7081 -9.990e-29     1.3310 9.9999e+04  1024.2896    10.7119    24.2631     9.0830    277.124    9.07584  276.90543    100.079 -9.990e-29
   40.50256  -73.79500      5.914      5.868    10.7125    31.7081 -9.990e-29     1.3310 9.9999e+04  1024.2899    10.7119    24.2631     9.0829    277.121    9.07582  276.90455    100.078 -9.990e-29
   40.50256  -73.79500      5.922      5.876    10.7125    31.7079 -9.990e-29     1.3310 9.9999e+04  1024.2897    10.7119    24.2630     9.0825    277.108    9.07550  276.89488    100.077 -9.990e-29
   40.50256  -73.79500      5.923      5.878    10.7122    31.7076 -9.990e-29     1.3310 9.9999e+04  1024.2893    10.7115    24.2627     9.0823    277.103    9.07541  276.89218    100.076 -9.990e-29
   40.50256  -73.79500      5.922      5.876    10.7117    31.7074 -9.990e-29     1.3444 9.9999e+04  1024.2892    10.7110    24.2626     9.0829    277.120    9.07539  276.89156    100.083 -9.990e-29
   40.50256  -73.79500      5.923      5.878    10.7114    31.7074 -9.990e-29     1.3444 -9.990e-29  1024.2894    10.7107    24.2626     9.0833    277.134    9.07528  276.88798    100.089 -9.990e-29
   40.50256  -73.79500      5.933      5.887    10.7117    31.7074 -9.990e-29     1.3444 9.9999e+04  1024.2893    10.7110    24.2627     9.0833    277.134    9.07527  276.88793    100.089 -9.990e-29
   40.50256  -73.79500      5.934      5.889    10.7115    31.7074 -9.990e-29     1.3444 9.9999e+04  1024.2897    10.7109    24.2628     9.0834    277.136    9.07535  276.89050    100.089 -9.990e-29
   40.50256  -73.79500      5.933      5.887    10.7114    31.7074 -9.990e-29     1.3444 9.9999e+04  1024.2898    10.7107    24.2629     9.0836    277.141    9.07550  276.89511    100.089 -9.990e-29
   40.50256  -73.79500      5.944      5.898    10.7114    31.7075 -9.990e-29     1.3444 -9.990e-29  1024.2896    10.7107    24.2628     9.0836    277.143    9.07560  276.89818    100.088 -9.990e-29
   40.50256  -73.79500      5.933      5.887    10.7112    31.7076 -9.990e-29     1.3444 9.9999e+04  1024.2894    10.7105    24.2628     9.0838    277.147    9.07573  276.90192    100.089 -9.990e-29
   40.50256  -73.79500      5.954      5.908    10.7104    31.7076 -9.990e-29     1.3444 9.9999e+04  1024.2899    10.7097    24.2631     9.0837    277.145    9.07566  276.89992    100.088 -9.990e-29
   40.50256  -73.79500      5.952      5.906    10.7104    31.7078 -9.990e-29     1.3444 9.9999e+04  1024.2902    10.7097    24.2633     9.0837    277.144    9.07564  276.89937    100.088 -9.990e-29
   40.50256  -73.79500      5.954      5.908    10.7104    31.7080 -9.990e-29     1.3444 9.9999e+04  1024.2902    10.7097    24.2634     9.0837    277.146    9.07572  276.90194    100.088 -9.990e-29
   40.50256  -73.79500      5.963      5.917    10.7099    31.7080 -9.990e-29     1.3444 -9.990e-29  1024.2906    10.7092    24.2635     9.0844    277.168    9.07581  276.90458    100.095 -9.990e-29
   40.50256  -73.79500      5.965      5.919    10.7099    31.7080 -9.990e-29     1.3444 9.9999e+04  1024.2904    10.7092    24.2634     9.0902    277.343    9.07581  276.90473    100.158 -9.990e-29
   40.50256  -73.79500      5.963      5.917    10.7101    31.7080 -9.990e-29     1.3444 9.9999e+04  1024.2900    10.7094    24.2634     9.0851    277.189    9.07587  276.90645    100.102 -9.990e-29
   40.50256  -73.79500      5.974      5.928    10.7096    31.7080 -9.990e-29     1.3444 9.9999e+04  1024.2908    10.7089    24.2634     9.0851    277.189    9.07587  276.90622    100.102 -9.990e-29
   40.50256  -73.79500      5.973      5.927    10.7101    31.7080 -9.990e-29     1.3444 9.9999e+04  1024.2903    10.7094    24.2634     9.0857    277.205    9.07580  276.90434    100.109 -9.990e-29
   40.50256  -73.79500      5.984      5.938    10.7102    31.7080 -9.990e-29     1.3444 9.9999e+04  1024.2903    10.7095    24.2634     9.0856    277.203    9.07571  276.90098    100.109 -9.990e-29
   40.50256  -73.79500      5.984      5.938    10.7099    31.7080 -9.990e-29     1.3444 9.9999e+04  1024.2905    10.7092    24.2635     9.0854    277.198    9.07553  276.89571    100.109 -9.990e-29
   40.50256  -73.79500      5.984      5.938    10.7092    31.7082 -9.990e-29     1.3444 -9.990e-29  1024.2908    10.7085    24.2637     9.0854    277.198    9.07550  276.89491    100.109 -9.990e-29
   40.50256  -73.79500      5.994      5.947    10.7087    31.7083 -9.990e-29     1.3444 9.9999e+04  1024.2910    10.7080    24.2639     9.0861    277.219    9.07554  276.89600    100.117 0.0000e+00
   40.50256  -73.79500      6.005      5.958    10.7089    31.7083 -9.990e-29     1.3444 9.9999e+04  1024.2909    10.7082    24.2639     9.0861    277.218    9.07545  276.89343    100.117 -9.990e-29
   40.50256  -73.79500      5.994      5.947    10.7089    31.7083 -9.990e-29     1.3444 -9.990e-29  1024.2912    10.7082    24.2639     9.0920    277.398    9.07558  276.89783    100.181 -9.990e-29
   40.50256  -73.79500      6.005      5.958    10.7099    31.7082 -9.990e-29     1.3444 9.9999e+04  1024.2909    10.7092    24.2637     9.0869    277.243    9.07559  276.89792    100.125 -9.990e-29
   40.50256  -73.79500      6.003      5.957    10.7101    31.7081 -9.990e-29     1.3444 9.9999e+04  1024.2903    10.7094    24.2635     9.0862    277.222    9.07549  276.89465    100.118 -9.990e-29
   40.50256  -73.79500      6.025      5.979    10.7093    31.7081 -9.990e-29     1.3444 9.9999e+04  1024.2906    10.7087    24.2635     9.0918    277.391    9.07534  276.88994    100.181 -9.990e-29
   40.50256  -73.79500      6.014      5.968    10.7092    31.7081 -9.990e-29     1.3444 9.9999e+04  1024.2908    10.7085    24.2636     9.0865    277.229    9.07517  276.88451    100.124 -9.990e-29
   40.50256  -73.79500      6.014      5.968    10.7094    31.7083 -9.990e-29     1.3310 9.9999e+04  1024.2909    10.7087    24.2638     9.0920    277.398    9.07502  276.87993    100.187 -9.990e-29
   40.50256  -73.79500      6.033      5.987    10.7091    31.7083 -9.990e-29     1.3310 5.0640e-11  1024.2913    10.7084    24.2640     9.0869    277.244    9.07513  276.88382    100.130 -9.990e-29
   40.50256  -73.79500      6.014      5.968    10.7091    31.7083 -9.990e-29     1.3310 5.0640e-11  1024.2913    10.7084    24.2639     9.0929    277.425    9.07537  276.89101    100.193 -9.990e-29
   40.50256  -73.79500      6.033      5.987    10.7092    31.7082 -9.990e-29     1.3310 9.9999e+04  1024.2908    10.7085    24.2637     9.0935    277.444    9.07545  276.89367    100.199 0.0000e+00
   40.50256  -73.79500      6.046      5.999    10.7096    31.7080 -9.990e-29     1.3310 9.9999e+04  1024.2906    10.7089    24.2635     9.0942    277.465    9.07559  276.89785    100.205 -9.990e-29
   40.50256  -73.79500      6.033      5.987    10.7101    31.7079 -9.990e-29     1.3310 9.9999e+04  1024.2908    10.7094    24.2634     9.0947    277.481    9.07565  276.89964    100.210 -9.990e-29
   40.50256  -73.79500      6.046      5.999    10.7102    31.7079 -9.990e-29     1.3310 9.9999e+04  1024.2903    10.7095    24.2634     9.0950    277.491    9.07551  276.89516    100.215 -9.990e-29
   40.50256  -73.79500      6.044      5.998    10.7094    31.7079 -9.990e-29     1.3310 9.9999e+04  1024.2907    10.7087    24.2635     9.0893    277.313    9.07504  276.87953    100.157 -9.990e-29
   40.50256  -73.79500      6.046      5.999    10.7089    31.7080 -9.990e-29     1.3444 9.9999e+04  1024.2909    10.7082    24.2637     9.0937    277.448    9.07396  276.84575    100.218 -9.990e-29
   40.50256  -73.79500      6.064      6.017    10.7082    31.7082 -9.990e-29     1.3310 9.9999e+04  1024.2914    10.7075    24.2639     9.0932    277.431    9.07306  276.81796    100.222 -9.990e-29
   40.50256  -73.79500      6.055      6.009    10.7080    31.7083 -9.990e-29     1.3310 9.9999e+04  1024.2914    10.7073    24.2640     9.0924    277.407    9.07254  276.80219    100.218 -9.990e-29
   40.50258  -73.79500      6.046      5.999    10.7079    31.7084 -9.990e-29     1.3310 5.0640e-11  1024.2914    10.7072    24.2641     9.0925    277.410    9.07231  276.79531    100.222 -9.990e-29
   40.50258  -73.79500      6.084      6.037    10.7075    31.7085 -9.990e-29     1.3310 5.0640e-11  1024.2919    10.7068    24.2642     9.0926    277.415    9.07219  276.79166    100.225 -9.990e-29
   40.50258  -73.79500      6.076      6.029    10.7082    31.7085 -9.990e-29     1.3310 9.9999e+04  1024.2916    10.7075    24.2642     9.0928    277.421    9.07209  276.78873    100.228 -9.990e-29
   40.50258  -73.79500      6.075      6.028    10.7091    31.7085 -9.990e-29     1.3444 9.9999e+04  1024.2916    10.7084    24.2640     9.0988    277.603    9.07208  276.78839    100.294 -9.990e-29
   40.50258  -73.79500      6.095      6.048    10.7094    31.7083 -9.990e-29     1.3310 9.9999e+04  1024.2910    10.7087    24.2638     9.0937    277.449    9.07196  276.78440    100.240 -9.990e-29
   40.50258  -73.79500      6.084      6.037    10.7092    31.7083 -9.990e-29     1.3310 9.9999e+04  1024.2913    10.7085    24.2638     9.0938    277.452    9.07187  276.78177    100.242 -9.990e-29
   40.50258  -73.79500      6.086      6.039    10.7092    31.7083 -9.990e-29     1.3310 9.9999e+04  1024.2914    10.7085    24.2638     9.0941    277.461    9.07203  276.78693    100.244 -9.990e-29
   40.50258  -73.79500      6.095      6.048    10.7101    31.7083 -9.990e-29     1.3310 9.9999e+04  1024.2909    10.7094    24.2636     9.0944    277.468    9.07212  276.78982    100.245 0.0000e+00
