CalculateIndicators/WaterTemperature/Data/CTD_NYOS/202200729_C22.cnv
* Sea-Bird SBE 9 Data File:
* FileName = C:\Seabird 9 CTD\Data\2022\202207_offshore\202200729_C22.hex
* Software Version Seasave V 7.23.2
* Temperature SN = 4590
* Conductivity SN = 3228
* Number of Bytes Per Scan = 44
* Number of Voltage Words = 5
* Number of Scans Averaged by the Deck Unit = 1
* NMEA Latitude = 39 47.39 N
* NMEA Longitude = 072 08.97 W
* NMEA UTC (Time) = Dec 13 2002  19:38:11
* NMEA baud rate = 4800
** Ship: seawolf
** Station: 3.4
** Operator: TCM
# nquan = 18
# nvalues = 20276                       
# units = specified
# name 0 = latitude: Latitude [deg]
# name 1 = longitude: Longitude [deg]
# name 2 = prDM: Pressure, Digiquartz [db]
# name 3 = depSM: Depth [salt water, m]
# name 4 = t090C: Temperature [ITS-90, deg C]
# name 5 = sal00: Salinity, Practical [PSU]
# name 6 = ph: pH
# name 7 = flECO-AFL: Fluorescence, WET Labs ECO-AFL/FL [mg/m^3]
# name 8 = cpar: CPAR/Corrected Irradiance [%]
# name 9 = density00: Density [density, kg/m^3]
# name 10 = potemp090C: Potential Temperature [ITS-90, deg C]
# name 11 = sigma-é00: Density [sigma-theta, kg/m^3]
# name 12 = sbeox0Mg/L: Oxygen, SBE 43 [mg/l]
# name 13 = sbox0Mm/Kg: Oxygen, SBE 43 [umol/kg]
# name 14 = oxsolMg/L: Oxygen Saturation, Garcia & Gordon [mg/l]
# name 15 = oxsolMm/Kg: Oxygen Saturation, Garcia & Gordon [umol/kg]
# name 16 = sbeox0PS: Oxygen, SBE 43 [% saturation]
# name 17 = flag:  0.000e+00
# span 0 =   39.78998,   39.79126       
# span 1 =  -72.15048,  -72.14948       
# span 2 =      2.015,     93.071       
# span 3 =      1.999,     92.339       
# span 4 =     9.9387,    25.7584       
# span 5 =    31.2434,    34.9602       
# span 6 =      8.008,      8.265       
# span 7 =    -0.0792,     1.3713       
# span 8 = 4.0609e-14, 1.4604e+02       
# span 9 =  1020.3163,  1026.8142       
# span 10 =     9.9343,    25.7578      
# span 11 =    20.3077,    26.4011      
# span 12 =     6.4827,     9.6811      
# span 13 =    197.375,    295.151      
# span 14 =    6.82710,    9.12257      
# span 15 =  209.10347,  277.91190      
# span 16 =     76.220,    119.504      
# span 17 = 0.0000e+00, 0.0000e+00      
# interval = seconds: 0.0416667
# start_time = Jul 29 2022 19:38:09 [System UTC, first data scan.]
# bad_flag = -9.990e-29
*END*
[from data line 10533]
   39.79052  -72.14998     49.351     48.968    10.6622    33.8757      8.026    -0.0121 4.3756e-02  1026.1830    10.6564    25.9610     7.2589    221.104    8.96231  272.99029     80.993 -9.990e-29
   39.79052  -72.14998     49.327     48.944    10.6620    33.8752      8.026    -0.0121 4.4192e-02  1026.1826    10.6562    25.9606     7.2593    221.117    8.96224  272.98771     80.999 -9.990e-29
   39.79052  -72.14998     49.306     48.924    10.6622    33.8743      8.031    -0.0121 4.4326e-02  1026.1820    10.6564    25.9599     7.2531    220.928    8.96206  272.98209     80.931 -9.990e-29
   39.79052  -72.14998     49.306     48.924    10.6615    33.8729      8.026    -0.0121 4.4363e-02  1026.1806    10.6557    25.9590     7.2594    221.119    8.96188  272.97649     81.003 -9.990e-29
   39.79052  -72.14998     49.287     48.905    10.6591    33.8715      8.026    -0.0121 4.4669e-02  1026.1796    10.6532    25.9582     7.2599    221.134    8.96187  272.97611     81.009 -9.990e-29
   39.79052  -72.14998     49.280     48.898    10.6572    33.8715      8.026    -0.0121 4.4669e-02  1026.1791    10.6514    25.9581     7.2609    221.166    8.96172  272.97151     81.022 -9.990e-29
   39.79052  -72.14998     49.266     48.884    10.6566    33.8715      8.031    -0.0121 4.4707e-02  1026.1801    10.6507    25.9586     7.2613    221.178    8.96153  272.96577     81.028 -9.990e-29
   39.79052  -72.14998     49.266     48.884    10.6569    33.8723      8.031    -0.0121 4.4978e-02  1026.1812    10.6511    25.9592     7.2618    221.192    8.96143  272.96282     81.034 -9.990e-29
   39.79052  -72.14998     49.246     48.864    10.6574    33.8726      8.026     0.0013 4.5152e-02  1026.1811    10.6516    25.9594     7.2621    221.202    8.96121  272.95589     81.040 -9.990e-29
   39.79052  -72.14998     49.248     48.866    10.6577    33.8726      8.031    -0.0121 4.5152e-02  1026.1806    10.6519    25.9594     7.2625    221.213    8.96103  272.95009     81.045 -9.990e-29
   39.79052  -72.14998     49.246     48.864    10.6577    33.8726      8.026    -0.0121 4.5189e-02  1026.1809    10.6519    25.9594     7.2629    221.226    8.96087  272.94486     81.052 -9.990e-29
   39.79052  -72.14998     49.246     48.864    10.6576    33.8726      8.031    -0.0121 4.5053e-02  1026.1812    10.6518    25.9593     7.2633    221.236    8.96064  272.93745     81.057 -9.990e-29
   39.79052  -72.14998     49.225     48.843    10.6581    33.8719      8.031    -0.0121 4.5053e-02  1026.1802    10.6523    25.9588     7.2639    221.255    8.96072  272.93956     81.064 -9.990e-29
   39.79052  -72.14998     49.236     48.854    10.6576    33.8708      8.031    -0.0121 4.5090e-02  1026.1796    10.6518    25.9580     7.2709    221.468    8.96062  272.93656     81.143 -9.990e-29
   39.79052  -72.14998     49.239     48.857    10.6564    33.8693      8.031    -0.0121 4.5090e-02  1026.1782    10.6506    25.9570     7.2719    221.500    8.96054  272.93412     81.155 -9.990e-29
   39.79052  -72.14998     49.225     48.843    10.6548    33.8680      8.031     0.0013 4.5128e-02  1026.1775    10.6489    25.9563     7.2731    221.536    8.96058  272.93566     81.168 -9.990e-29
   39.79052  -72.14998     49.236     48.854    10.6533    33.8668      8.026    -0.0121 4.5128e-02  1026.1771    10.6474    25.9556     7.2743    221.572    8.96068  272.93881     81.180 -9.990e-29
   39.79052  -72.14998     49.246     48.864    10.6518    33.8656      8.026    -0.0121 4.5029e-02  1026.1763    10.6460    25.9548     7.2747    221.586    8.96073  272.94029     81.185 -9.990e-29
   39.79052  -72.14998     49.229     48.847    10.6511    33.8644      8.031    -0.0121 4.5029e-02  1026.1755    10.6453    25.9540     7.2751    221.598    8.96076  272.94141     81.189 -9.990e-29
   39.79052  -72.14998     49.266     48.884    10.6503    33.8632      8.031    -0.0121 4.5166e-02  1026.1748    10.6444    25.9533     7.2761    221.628    8.96080  272.94272     81.199 -9.990e-29
   39.79052  -72.14998     49.255     48.873    10.6493    33.8624      8.031    -0.0121 4.5166e-02  1026.1741    10.6435    25.9529     7.2771    221.657    8.96082  272.94306     81.210 -9.990e-29
   39.79052  -72.14998     49.266     48.884    10.6483    33.8621      8.031    -0.0121 4.5302e-02  1026.1742    10.6425    25.9528     7.2773    221.665    8.96082  272.94326     81.213 -9.990e-29
   39.79052  -72.14998     49.276     48.894    10.6480    33.8620      8.031    -0.0121 4.5166e-02  1026.1746    10.6421    25.9528     7.2847    221.890    8.96083  272.94375     81.295 -9.990e-29
   39.79052  -72.14998     49.290     48.907    10.6477    33.8619      8.026    -0.0121 4.5203e-02  1026.1743    10.6419    25.9526     7.2856    221.916    8.96090  272.94587     81.304 -9.990e-29
   39.79052  -72.14998     49.287     48.905    10.6473    33.8619      8.031    -0.0121 4.5067e-02  1026.1738    10.6415    25.9524     7.2868    221.954    8.96080  272.94274     81.319 -9.990e-29
   39.79052  -72.14998     49.306     48.924    10.6468    33.8619      8.031    -0.0121 4.5067e-02  1026.1735    10.6410    25.9529     7.2881    221.993    8.96074  272.94102     81.334 -9.990e-29
   39.79052  -72.14998     49.327     48.944    10.6459    33.8643      8.031    -0.0255 4.5067e-02  1026.1762    10.6401    25.9548     7.2893    222.030    8.96071  272.94000     81.348 -9.990e-29
   39.79052  -72.14998     49.327     48.944    10.6473    33.8678      8.031    -0.0255 4.5067e-02  1026.1800    10.6415    25.9573     7.2899    222.046    8.96071  272.93983     81.354 -9.990e-29
   39.79052  -72.14998     49.341     48.958    10.6496    33.8703      8.031    -0.0255 4.4930e-02  1026.1813    10.6438    25.9590     7.2975    222.280    8.96072  272.93992     81.439 -9.990e-29
   39.79052  -72.14998     49.358     48.974    10.6514    33.8713      8.026    -0.0255 4.4794e-02  1026.1819    10.6456    25.9597     7.2927    222.132    8.96072  272.93983     81.385 -9.990e-29
   39.79052  -72.14998     49.378     48.995    10.6531    33.8713      8.031    -0.0255 4.4659e-02  1026.1820    10.6473    25.9597     7.2936    222.161    8.96070  272.93910     81.396 -9.990e-29
   39.79052  -72.14998     49.389     49.006    10.6541    33.8713      8.031    -0.0255 4.4659e-02  1026.1816    10.6482    25.9591     7.2939    222.170    8.96071  272.93953     81.399 -9.990e-29
   39.79052  -72.14998     49.409     49.025    10.6541    33.8697      8.031    -0.0255 4.4389e-02  1026.1802    10.6482    25.9578     7.2948    222.198    8.96077  272.94114     81.409 -9.990e-29
   39.79052  -72.14998     49.422     49.039    10.6533    33.8683      8.031    -0.0255 4.4389e-02  1026.1780    10.6474    25.9566     7.3016    222.404    8.96090  272.94476     81.483 -9.990e-29
   39.79052  -72.14998     49.429     49.046    10.6527    33.8683      8.031    -0.0255 4.4218e-02  1026.1783    10.6469    25.9564     7.3024    222.428    8.96100  272.94781     81.491 -9.990e-29
   39.79052  -72.14998     49.460     49.076    10.6528    33.8681      8.026    -0.0255 4.4352e-02  1026.1798    10.6469    25.9569     7.2966    222.250    8.96115  272.95216     81.424 -9.990e-29
   39.79052  -72.14998     49.460     49.076    10.6528    33.8681      8.031    -0.0255 4.4218e-02  1026.1796    10.6469    25.9571     7.2965    222.248    8.96126  272.95523     81.423 -9.990e-29
   39.79052  -72.14998     49.491     49.107    10.6523    33.8681      8.031    -0.0255 4.4352e-02  1026.1795    10.6464    25.9568     7.2969    222.260    8.96121  272.95359     81.428 -9.990e-29
   39.79052  -72.14998     49.494     49.110    10.6519    33.8681      8.031    -0.0255 4.4218e-02  1026.1790    10.6461    25.9563     7.2966    222.250    8.96119  272.95329     81.424 -9.990e-29
   39.79052  -72.14998     49.522     49.137    10.6521    33.8681      8.031    -0.0255 4.4084e-02  1026.1777    10.6462    25.9561     7.3028    222.439    8.96122  272.95398     81.493 -9.990e-29
   39.79052  -72.14998     49.531     49.147    10.6519    33.8686      8.031    -0.0255 4.4047e-02  1026.1795    10.6461    25.9571     7.3030    222.447    8.96132  272.95711     81.495 -9.990e-29
   39.79052  -72.14998     49.552     49.168    10.6541    33.8709      8.031    -0.0255 4.3914e-02  1026.1822    10.6482    25.9586     7.3031    222.448    8.96131  272.95664     81.496 -9.990e-29
   39.79052  -72.14998     49.573     49.188    10.6562    33.8709      8.031    -0.0255 4.3781e-02  1026.1830    10.6504    25.9591     7.3031    222.447    8.96134  272.95718     81.495 -9.990e-29
   39.79052  -72.14998     49.583     49.198    10.6572    33.8709      8.031    -0.0255 4.3781e-02  1026.1811    10.6514    25.9582     7.3167    222.863    8.96138  272.95848     81.647 -9.990e-29
   39.79052  -72.14998     49.606     49.221    10.6567    33.8694      8.031    -0.0255 4.3612e-02  1026.1797    10.6509    25.9571     7.3046    222.494    8.96137  272.95838     81.512 -9.990e-29
   39.79052  -72.14998     49.613     49.228    10.6561    33.8687      8.031    -0.0255 4.3612e-02  1026.1795    10.6502    25.9566     7.3042    222.483    8.96141  272.95946     81.508 -9.990e-29
   39.79054  -72.14998     49.624     49.239    10.6553    33.8687      8.031    -0.0255 4.3612e-02  1026.1796    10.6494    25.9565     7.3110    222.687    8.96141  272.95960     81.583 -9.990e-29
   39.79054  -72.14998     49.654     49.269    10.6553    33.8687      8.031    -0.0255 4.3576e-02  1026.1797    10.6494    25.9566     7.3108    222.684    8.96129  272.95584     81.583 -9.990e-29
   39.79054  -72.14998     49.664     49.279    10.6553    33.8692      8.031    -0.0255 4.3443e-02  1026.1802    10.6494    25.9572     7.3041    222.478    8.96113  272.95142     81.508 -9.990e-29
   39.79054  -72.14998     49.675     49.289    10.6551    33.8704      8.031    -0.0255 4.3443e-02  1026.1817    10.6492    25.9580     7.3103    222.669    8.96104  272.94880     81.579 -9.990e-29
   39.79054  -72.14998     49.699     49.313    10.6557    33.8712      8.031    -0.0255 4.3443e-02  1026.1824    10.6499    25.9586     7.3173    222.880    8.96106  272.94935     81.656 -9.990e-29
   39.79054  -72.14998     49.715     49.329    10.6567    33.8716      8.031    -0.0121 4.3276e-02  1026.1822    10.6509    25.9587     7.3109    222.687    8.96111  272.95071     81.585 -9.990e-29
   39.79054  -72.14998     49.726     49.340    10.6567    33.8718      8.026    -0.0255 4.3276e-02  1026.1824    10.6509    25.9589     7.3044    222.489    8.96106  272.94919     81.513 -9.990e-29
   39.79054  -72.14998     49.736     49.350    10.6574    33.8722      8.031    -0.0255 4.3276e-02  1026.1826    10.6515    25.9591     7.3103    222.669    8.96106  272.94945     81.579 -9.990e-29
   39.79054  -72.14998     49.757     49.370    10.6581    33.8726      8.031    -0.0255 4.3109e-02  1026.1833    10.6522    25.9593     7.3102    222.665    8.96105  272.94884     81.578 -9.990e-29
   39.79054  -72.14998     49.766     49.380    10.6588    33.8730      8.031    -0.0255 4.2978e-02  1026.1829    10.6529    25.9595     7.3166    222.859    8.96107  272.94944     81.648 -9.990e-29
   39.79054  -72.14998     49.780     49.394    10.6596    33.8739      8.031    -0.0121 4.2978e-02  1026.1837    10.6537    25.9600     7.3169    222.869    8.96111  272.95046     81.652 -9.990e-29
   39.79054  -72.14998     49.777     49.391    10.6601    33.8754      8.031    -0.0255 4.2942e-02  1026.1847    10.6542    25.9611     7.3106    222.676    8.96116  272.95223     81.580 -9.990e-29
   39.79054  -72.14998     49.808     49.421    10.6602    33.8773      8.031    -0.0255 4.2942e-02  1026.1866    10.6543    25.9625     7.3099    222.656    8.96109  272.95021     81.574 -9.990e-29
   39.79054  -72.14998     49.808     49.421    10.6609    33.8789      8.031    -0.0255 4.2942e-02  1026.1879    10.6550    25.9637     7.3026    222.434    8.96103  272.94844     81.493 -9.990e-29
   39.79054  -72.14998     49.828     49.442    10.6601    33.8797      8.031    -0.0255 4.2647e-02  1026.1892    10.6542    25.9646     7.3012    222.390    8.96096  272.94633     81.477 -9.990e-29
   39.79054  -72.14998     49.828     49.442    10.6606    33.8797      8.031    -0.0255 4.2517e-02  1026.1891    10.6547    25.9648     7.3061    222.542    8.96090  272.94477     81.534 -9.990e-29
   39.79054  -72.14998     49.838     49.451    10.6612    33.8797      8.031    -0.0255 4.2482e-02  1026.1885    10.6553    25.9644     7.3058    222.532    8.96086  272.94351     81.530 -9.990e-29
   39.79054  -72.14998     49.852     49.465    10.6612    33.8789      8.031    -0.0255 4.2353e-02  1026.1879    10.6553    25.9637     7.3054    222.518    8.96077  272.94063     81.526 -9.990e-29
   39.79054  -72.14998     49.859     49.472    10.6611    33.8783      8.031    -0.0255 4.2225e-02  1026.1871    10.6551    25.9632     7.3049    222.504    8.96075  272.94016     81.521 -9.990e-29
   39.79054  -72.14998     49.859     49.472    10.6609    33.8779      8.031    -0.0255 4.2062e-02  1026.1870    10.6550    25.9629     7.3109    222.687    8.96073  272.93970     81.588 -9.990e-29
   39.79054  -72.14998     49.879     49.492    10.6607    33.8777      8.026    -0.0255 4.2190e-02  1026.1871    10.6548    25.9627     7.3109    222.688    8.96077  272.94081     81.588 -9.990e-29
   39.79054  -72.14998     49.879     49.492    10.6606    33.8776 -9.990e-29    -0.0255 4.2283e-02  1026.1869    10.6547    25.9627     7.3042    222.484    8.96073  272.93966     81.514 -9.990e-29
   39.79054  -72.14998     49.889     49.502    10.6604    33.8776 -9.990e-29    -0.0255 4.2283e-02  1026.1873    10.6545    25.9627     7.3034    222.459    8.96075  272.94030     81.505 -9.990e-29
   39.79054  -72.14998     49.889     49.502    10.6604    33.8774 -9.990e-29    -0.0255 4.2155e-02  1026.1871    10.6545    25.9626     7.3026    222.433    8.96079  272.94139     81.495 -9.990e-29
   39.79054  -72.14998     49.903     49.515    10.6606    33.8769 -9.990e-29    -0.0255 4.1865e-02  1026.1866    10.6546    25.9622     7.2951    222.205    8.96086  272.94342     81.411 -9.990e-29
   39.79054  -72.14998     49.899     49.511    10.6604    33.8769 -9.990e-29    -0.0255 4.1738e-02  1026.1862    10.6545    25.9620     7.3007    222.374    8.96088  272.94409     81.472 -9.990e-29
   39.79054  -72.14998     49.899     49.511    10.6609    33.8769 -9.990e-29    -0.0255 4.1703e-02  1026.1862    10.6550    25.9619     7.3003    222.364    8.96099  272.94691     81.468 -9.990e-29
   39.79054  -72.14998     49.919     49.532    10.6611    33.8769 -9.990e-29    -0.0255 4.1703e-02  1026.1865    10.6551    25.9621     7.3000    222.354    8.96114  272.95139     81.463 -9.990e-29
   39.79054  -72.14998     49.910     49.522    10.6611    33.8774 -9.990e-29    -0.0255 4.1542e-02  1026.1869    10.6551    25.9625     7.2996    222.340    8.96124  272.95434     81.457 -9.990e-29
   39.79054  -72.14998     49.919     49.532    10.6609    33.8779 -9.990e-29    -0.0389 4.1542e-02  1026.1874    10.6550    25.9629     7.2925    222.125    8.96131  272.95624     81.378 -9.990e-29
   39.79054  -72.14998     49.919     49.532    10.6607    33.8785 -9.990e-29    -0.0389 4.1669e-02  1026.1879    10.6548    25.9634     7.2912    222.087    8.96130  272.95606     81.364 -9.990e-29
   39.79054  -72.14998     49.933     49.546    10.6606    33.8790 -9.990e-29    -0.0255 4.1508e-02  1026.1883    10.6546    25.9638     7.2972    222.269    8.96135  272.95737     81.430 -9.990e-29
   39.79054  -72.14998     49.931     49.543    10.6604    33.8795 -9.990e-29    -0.0389 4.1508e-02  1026.1889    10.6545    25.9642     7.3030    222.446    8.96129  272.95586     81.495 -9.990e-29
   39.79054  -72.14998     49.931     49.543    10.6604    33.8798 -9.990e-29    -0.0389 4.1761e-02  1026.1889    10.6545    25.9645     7.2898    222.043    8.96125  272.95446     81.348 -9.990e-29
