CalculateIndicators/WaterTemperature/Data/CTD_NYOS/202200730_C24.cnv
* Sea-Bird SBE 9 Data File:
* FileName = C:\Seabird 9 CTD\Data\2022\202207_offshore\202200730_C24.hex
* Software Version Seasave V 7.23.2
* Temperature SN = 4590
* Conductivity SN = 3228
* Number of Bytes Per Scan = 44
* Number of Voltage Words = 5
* Number of Scans Averaged by the Deck Unit = 1
* NMEA Latitude = 40 25.92 N
* NMEA Longitude = 072 22.69 W
* NMEA UTC (Time) = Dec 14 2002  02:52:22
* NMEA baud rate = 4800
** Ship: seawolf
** Station: 3.2
** Operator: TDK
# nquan = 18
# nvalues = 15471                       
# units = specified
# name 0 = latitude: Latitude [deg]
# name 1 = longitude: Longitude [deg]
# name 2 = prDM: Pressure, Digiquartz [db]
# name 3 = depSM: Depth [salt water, m]
# name 4 = t090C: Temperature [ITS-90, deg C]
# name 5 = sal00: Salinity, Practical [PSU]
# name 6 = ph: pH
# name 7 = flECO-AFL: Fluorescence, WET Labs ECO-AFL/FL [mg/m^3]
# name 8 = cpar: CPAR/Corrected Irradiance [%]
# name 9 = density00: Density [density, kg/m^3]
# name 10 = potemp090C: Potential Temperature [ITS-90, deg C]
# name 11 = sigma-é00: Density [sigma-theta, kg/m^3]
# name 12 = sbeox0Mg/L: Oxygen, SBE 43 [mg/l]
# name 13 = sbox0Mm/Kg: Oxygen, SBE 43 [umol/kg]
# name 14 = oxsolMg/L: Oxygen Saturation, Garcia & Gordon [mg/l]
# name 15 = oxsolMm/Kg: Oxygen Saturation, Garcia & Gordon [umol/kg]
# name 16 = sbeox0PS: Oxygen, SBE 43 [% saturation]
# name 17 = flag:  0.000e+00
# span 0 =   40.43200,   40.43300       
# span 1 =  -72.37832,  -72.37594       
# span 2 =      1.839,     49.623       
# span 3 =      1.825,     49.235       
# span 4 =     8.3738,    24.0671       
# span 5 =    31.7960,    32.9770       
# span 6 =      7.905,      8.277       
# span 7 =    -0.0389,     4.0709       
# span 8 = 5.0640e-11, 9.9999e+04       
# span 9 =  1021.3327,  1025.8197       
# span 10 =     8.3700,    24.0664      
# span 11 =    21.2941,    25.5978      
# span 12 =     7.0128,    10.2742      
# span 13 =    213.683,    313.280      
# span 14 =    7.00076,    9.47984      
# span 15 =  214.20737,  288.85753      
# span 16 =     73.980,    126.318      
# span 17 = 0.0000e+00, 0.0000e+00      
# interval = seconds: 0.0416667
# start_time = Jul 30 2022 02:52:19 [System UTC, first data scan.]
# bad_flag = -9.990e-29
*END*
[from data line 7478]
   40.43264  -72.37722     30.059     29.825     9.1160    32.9015      7.946     0.4580 9.9999e+04  1025.5941     9.1128    25.4575     7.3018    222.518    9.33717  284.54467     78.201 -9.990e-29
   40.43264  -72.37722     30.049     29.816     9.1153    32.9013      7.946     0.4714 9.9999e+04  1025.5938     9.1122    25.4575     7.3030    222.553    9.33760  284.55745     78.210 -9.990e-29
   40.43264  -72.37722     30.059     29.825     9.1147    32.9013      7.946     0.4714 9.9999e+04  1025.5937     9.1115    25.4575     7.3040    222.586    9.33795  284.56806     78.219 -9.990e-29
   40.43264  -72.37722     30.070     29.836     9.1135    32.9013      7.946     0.4580 9.9999e+04  1025.5940     9.1104    25.4577     7.3043    222.595    9.33823  284.57666     78.220 -9.990e-29
   40.43264  -72.37722     30.068     29.835     9.1122    32.9017      7.946     0.4714 9.9999e+04  1025.5947     9.1091    25.4582     7.3044    222.598    9.33836  284.58051     78.220 -9.990e-29
   40.43264  -72.37720     30.070     29.836     9.1117    32.9024      7.946     0.4714 9.9999e+04  1025.5954     9.1085    25.4589     7.3046    222.604    9.33860  284.58797     78.220 -9.990e-29
   40.43264  -72.37720     30.078     29.844     9.1117    32.9030      7.946     0.4580 9.9999e+04  1025.5960     9.1085    25.4593     7.3116    222.817    9.33877  284.59287     78.293 -9.990e-29
   40.43264  -72.37720     30.079     29.846     9.1116    32.9030      7.946     0.4580 9.9999e+04  1025.5964     9.1084    25.4595     7.3056    222.632    9.33904  284.60105     78.226 -9.990e-29
   40.43264  -72.37720     30.078     29.844     9.1116    32.9030      7.946     0.4714 9.9999e+04  1025.5959     9.1084    25.4593     7.3057    222.636    9.33934  284.60994     78.225 -9.990e-29
   40.43264  -72.37720     30.100     29.866     9.1114    32.9025      7.946     0.4580 9.9999e+04  1025.5955     9.1082    25.4590     7.3056    222.634    9.33946  284.61379     78.223 -9.990e-29
   40.43264  -72.37720     30.099     29.865     9.1109    32.9020      7.946     0.4714 9.9999e+04  1025.5950     9.1077    25.4587     7.3124    222.841    9.33960  284.61808     78.295 -9.990e-29
   40.43264  -72.37720     30.100     29.866     9.1098    32.9019      7.946     0.4983 9.9999e+04  1025.5955     9.1066    25.4587     7.3062    222.652    9.33985  284.62542     78.226 -9.990e-29
   40.43264  -72.37720     30.119     29.885     9.1093    32.9017      7.946     0.5117 9.9999e+04  1025.5954     9.1061    25.4587     7.3062    222.651    9.34014  284.63442     78.223 -9.990e-29
   40.43264  -72.37720     30.100     29.866     9.1079    32.9015      7.946     0.5117 9.9999e+04  1025.5951     9.1048    25.4587     7.3069    222.672    9.34046  284.64397     78.228 -9.990e-29
   40.43264  -72.37720     30.129     29.895     9.1066    32.9015      7.946     0.5117 9.9999e+04  1025.5958     9.1035    25.4589     7.3076    222.692    9.34075  284.65258     78.233 -9.990e-29
   40.43264  -72.37720     30.121     29.887     9.1058    32.9015      7.946     0.5117 9.9999e+04  1025.5957     9.1026    25.4591     7.3073    222.686    9.34089  284.65682     78.230 -9.990e-29
   40.43264  -72.37720     30.140     29.906     9.1047    32.9017      7.946     0.5117 9.9999e+04  1025.5961     9.1015    25.4594     7.3078    222.699    9.34093  284.65795     78.234 -9.990e-29
   40.43264  -72.37720     30.130     29.896     9.1036    32.9019      7.946     0.5117 9.9999e+04  1025.5968     9.1004    25.4597     7.3075    222.690    9.34100  284.66031     78.230 -9.990e-29
   40.43264  -72.37720     30.150     29.915     9.1029    32.9019      7.946     0.5117 9.9999e+04  1025.5968     9.0997    25.4599     7.3073    222.685    9.34127  284.66824     78.226 -9.990e-29
   40.43264  -72.37720     30.140     29.906     9.1020    32.9019      7.946     0.5117 9.9999e+04  1025.5967     9.0989    25.4600     7.3072    222.681    9.34156  284.67720     78.222 -9.990e-29
   40.43264  -72.37720     30.151     29.917     9.1009    32.9019      7.946     0.5117 9.9999e+04  1025.5970     9.0977    25.4602     7.3069    222.673    9.34179  284.68419     78.218 -9.990e-29
   40.43264  -72.37720     30.170     29.936     9.0999    32.9019      7.946     0.4983 9.9999e+04  1025.5976     9.0967    25.4603     7.3071    222.678    9.34165  284.67946     78.220 -9.990e-29
   40.43264  -72.37720     30.161     29.926     9.0990    32.9016 -9.990e-29     0.5117 9.9999e+04  1025.5971     9.0958    25.4603     7.3065    222.660    9.34152  284.67590     78.215 -9.990e-29
   40.43264  -72.37720     30.170     29.936     9.0979    32.9013 -9.990e-29     0.5117 9.9999e+04  1025.5971     9.0947    25.4602     7.3061    222.647    9.34161  284.67840     78.210 -9.990e-29
   40.43264  -72.37720     30.170     29.936     9.0967    32.9010 -9.990e-29     0.5117 9.9999e+04  1025.5972     9.0936    25.4601     7.3056    222.632    9.34167  284.68056     78.204 -9.990e-29
   40.43264  -72.37720     30.191     29.956     9.0960    32.9010 -9.990e-29     0.4983 9.9999e+04  1025.5967     9.0928    25.4600     7.3050    222.615    9.34171  284.68140     78.198 -9.990e-29
   40.43264  -72.37720     30.191     29.956     9.0943    32.9010 -9.990e-29     0.5117 9.9999e+04  1025.5971     9.0911    25.4602     7.3044    222.597    9.34167  284.68041     78.192 -9.990e-29
   40.43264  -72.37720     30.201     29.966     9.0926    32.9010 -9.990e-29     0.5117 9.9999e+04  1025.5978     9.0895    25.4608     7.3037    222.576    9.34163  284.67906     78.185 -9.990e-29
   40.43264  -72.37720     30.202     29.967     9.0913    32.9015 -9.990e-29     0.5117 9.9999e+04  1025.5986     9.0881    25.4614     7.3031    222.556    9.34162  284.67880     78.178 -9.990e-29
   40.43266  -72.37720     30.210     29.975     9.0900    32.9015 -9.990e-29     0.5117 9.9999e+04  1025.5991     9.0868    25.4618     7.3031    222.557    9.34161  284.67873     78.178 -9.990e-29
   40.43266  -72.37720     30.212     29.977     9.0889    32.9015 -9.990e-29     0.5117 9.9999e+04  1025.5992     9.0857    25.4619     7.3033    222.561    9.34170  284.68147     78.179 -9.990e-29
   40.43266  -72.37720     30.221     29.986     9.0880    32.9013 -9.990e-29     0.5117 9.9999e+04  1025.5987     9.0849    25.4617     7.3032    222.560    9.34159  284.67797     78.180 -9.990e-29
   40.43266  -72.37720     30.232     29.997     9.0866    32.9008 -9.990e-29     0.5117 9.9999e+04  1025.5990     9.0834    25.4615     7.3033    222.563    9.34164  284.67916     78.180 -9.990e-29
   40.43266  -72.37720     30.231     29.996     9.0853    32.9002 -9.990e-29     0.5117 9.9999e+04  1025.5987     9.0821    25.4613     7.3033    222.562    9.34154  284.67655     78.181 -9.990e-29
   40.43266  -72.37720     30.232     29.997     9.0838    32.8998 -9.990e-29     0.5117 9.9999e+04  1025.5979     9.0806    25.4611     7.3033    222.564    9.34154  284.67656     78.181 -9.990e-29
   40.43266  -72.37720     30.252     30.016     9.0810    32.8998 -9.990e-29     0.4983 9.9999e+04  1025.5985     9.0778    25.4613     7.2965    222.356    9.34154  284.67639     78.108 -9.990e-29
   40.43266  -72.37720     30.252     30.016     9.0790    32.8998 -9.990e-29     0.4849 9.9999e+04  1025.5994     9.0758    25.4620     7.3027    222.543    9.34141  284.67236     78.175 -9.990e-29
   40.43266  -72.37720     30.261     30.026     9.0776    32.9004 -9.990e-29     0.4849 9.9999e+04  1025.5998     9.0744    25.4628     7.2957    222.332    9.34128  284.66824     78.102 -9.990e-29
   40.43266  -72.37720     30.263     30.027     9.0744    32.9010 -9.990e-29     0.4849 9.9999e+04  1025.6011     9.0712    25.4636     7.3011    222.496    9.34110  284.66293     78.161 -9.990e-29
   40.43266  -72.37720     30.282     30.047     9.0731    32.9010 -9.990e-29     0.4849 9.9999e+04  1025.6020     9.0700    25.4640     7.2934    222.260    9.34087  284.65600     78.080 -9.990e-29
   40.43266  -72.37720     30.272     30.037     9.0735    32.9010 -9.990e-29     0.4983 9.9999e+04  1025.6015     9.0703    25.4639     7.2919    222.215    9.34077  284.65297     78.065 -9.990e-29
   40.43266  -72.37720     30.293     30.057     9.0731    32.9007 -9.990e-29     0.4849 9.9999e+04  1025.6010     9.0700    25.4636     7.2912    222.193    9.34068  284.65020     78.058 -9.990e-29
   40.43266  -72.37720     30.293     30.057     9.0723    32.9005 -9.990e-29     0.4983 9.9999e+04  1025.6008     9.0691    25.4635     7.2903    222.166    9.34035  284.64046     78.052 -9.990e-29
   40.43266  -72.37720     30.293     30.057     9.0707    32.9005 -9.990e-29     0.4849 9.9999e+04  1025.6011     9.0675    25.4637     7.2895    222.142    9.34008  284.63217     78.045 -9.990e-29
   40.43266  -72.37720     30.303     30.067     9.0688    32.9005 -9.990e-29     0.4849 9.9999e+04  1025.6018     9.0656    25.4641     7.2888    222.122    9.33997  284.62875     78.039 -9.990e-29
   40.43266  -72.37720     30.312     30.077     9.0669    32.9007 -9.990e-29     0.4983 9.9999e+04  1025.6022     9.0637    25.4646     7.2882    222.104    9.33987  284.62578     78.034 -9.990e-29
   40.43266  -72.37720     30.323     30.088     9.0651    32.9008 -9.990e-29     0.4849 9.9999e+04  1025.6026     9.0619    25.4650     7.2877    222.086    9.33977  284.62274     78.028 -9.990e-29
   40.43266  -72.37720     30.323     30.088     9.0634    32.9009 -9.990e-29     0.4849 9.9999e+04  1025.6030     9.0602    25.4653     7.2863    222.045    9.33960  284.61754     78.015 -9.990e-29
   40.43266  -72.37720     30.323     30.088     9.0620    32.9010 -9.990e-29     0.4849 9.9999e+04  1025.6032     9.0588    25.4656     7.2857    222.025    9.33935  284.60981     78.010 -9.990e-29
   40.43266  -72.37720     30.343     30.107     9.0598    32.9010 -9.990e-29     0.4849 9.9999e+04  1025.6038     9.0566    25.4659     7.2920    222.218    9.33921  284.60571     78.079 -9.990e-29
   40.43266  -72.37720     30.334     30.098     9.0582    32.9011 -9.990e-29     0.4983 9.9999e+04  1025.6039     9.0550    25.4662     7.2853    222.014    9.33907  284.60147     78.009 -9.990e-29
   40.43266  -72.37720     30.343     30.107     9.0567    32.9011 -9.990e-29     0.4849 9.9999e+04  1025.6044     9.0535    25.4664     7.2847    221.997    9.33893  284.59702     78.004 -9.990e-29
   40.43266  -72.37720     30.354     30.118     9.0562    32.9011 -9.990e-29     0.4849 9.9999e+04  1025.6043     9.0530    25.4665     7.2842    221.980    9.33866  284.58882     78.000 -9.990e-29
   40.43266  -72.37718     30.354     30.118     9.0550    32.9011 -9.990e-29     0.4849 9.9999e+04  1025.6044     9.0519    25.4667     7.2836    221.963    9.33843  284.58206     77.996 -9.990e-29
   40.43266  -72.37718     30.365     30.129     9.0541    32.9014 -9.990e-29     0.4983 9.9999e+04  1025.6050     9.0509    25.4671     7.2833    221.952    9.33836  284.57974     77.993 -9.990e-29
   40.43266  -72.37718     30.354     30.118     9.0526    32.9018 -9.990e-29     0.4849 9.9999e+04  1025.6056     9.0494    25.4676     7.2836    221.964    9.33826  284.57678     77.998 -9.990e-29
   40.43266  -72.37718     30.374     30.138     9.0511    32.9018 -9.990e-29     0.4849 9.9999e+04  1025.6060     9.0479    25.4679     7.2764    221.744    9.33809  284.57180     77.922 -9.990e-29
   40.43266  -72.37718     30.384     30.148     9.0506    32.9018 -9.990e-29     0.4849 9.9999e+04  1025.6059     9.0474    25.4680     7.2754    221.711    9.33788  284.56534     77.912 -9.990e-29
   40.43266  -72.37718     30.374     30.138     9.0500    32.9016 -9.990e-29     0.4849 9.9999e+04  1025.6059     9.0468    25.4680     7.2813    221.894    9.33778  284.56253     77.977 -9.990e-29
   40.43266  -72.37718     30.384     30.148     9.0488    32.9016 -9.990e-29     0.4983 9.9999e+04  1025.6060     9.0456    25.4681     7.2751    221.704    9.33774  284.56115     77.911 -9.990e-29
   40.43266  -72.37718     30.384     30.148     9.0474    32.9016 -9.990e-29     0.5117 9.9999e+04  1025.6064     9.0442    25.4684     7.2813    221.892    9.33771  284.56022     77.977 -9.990e-29
   40.43266  -72.37718     30.384     30.148     9.0459    32.9016 -9.990e-29     0.4983 9.9999e+04  1025.6065     9.0427    25.4686     7.2813    221.893    9.33770  284.55987     77.978 -9.990e-29
   40.43266  -72.37718     30.394     30.157     9.0444    32.9017 -9.990e-29     0.5117 9.9999e+04  1025.6070     9.0412    25.4689     7.2745    221.685    9.33767  284.55903     77.905 -9.990e-29
   40.43266  -72.37718     30.395     30.159     9.0437    32.9019 -9.990e-29     0.5117 9.9999e+04  1025.6071     9.0405    25.4691     7.2739    221.668    9.33767  284.55918     77.899 -9.990e-29
   40.43266  -72.37718     30.394     30.157     9.0434    32.9021 -9.990e-29     0.5117 9.9999e+04  1025.6075     9.0402    25.4693     7.2803    221.862    9.33765  284.55863     77.967 -9.990e-29
   40.43266  -72.37718     30.395     30.159     9.0431    32.9022 -9.990e-29     0.5117 9.9999e+04  1025.6074     9.0399    25.4695     7.2737    221.660    9.33767  284.55945     77.896 -9.990e-29
   40.43266  -72.37718     30.394     30.157     9.0418    32.9022 -9.990e-29     0.5117 9.9999e+04  1025.6077     9.0386    25.4697     7.2733    221.649    9.33773  284.56133     77.891 -9.990e-29
   40.43266  -72.37718     30.405     30.168     9.0405    32.9022 -9.990e-29     0.5117 9.9999e+04  1025.6077     9.0373    25.4699     7.2799    221.850    9.33781  284.56383     77.961 -9.990e-29
   40.43266  -72.37718     30.405     30.168     9.0392    32.9026 -9.990e-29     0.5117 9.9999e+04  1025.6083     9.0360    25.4703     7.2803    221.861    9.33778  284.56275     77.966 -9.990e-29
   40.43266  -72.37718     30.405     30.168     9.0396    32.9027 -9.990e-29     0.5117 9.9999e+04  1025.6090     9.0364    25.4706     7.2807    221.876    9.33786  284.56525     77.970 -9.990e-29
   40.43266  -72.37718     30.394     30.157     9.0403    32.9027 -9.990e-29     0.4983 9.9999e+04  1025.6085     9.0371    25.4706     7.2813    221.894    9.33800  284.56964     77.975 -9.990e-29
   40.43266  -72.37718     30.405     30.168     9.0400    32.9027 -9.990e-29     0.5117 9.9999e+04  1025.6084     9.0368    25.4704     7.2750    221.702    9.33815  284.57408     77.907 -9.990e-29
   40.43266  -72.37718     30.405     30.168     9.0398    32.9027 -9.990e-29     0.4983 9.9999e+04  1025.6081     9.0366    25.4703     7.2819    221.910    9.33829  284.57846     77.979 -9.990e-29
   40.43266  -72.37718     30.384     30.148     9.0395    32.9027 -9.990e-29     0.5117 9.9999e+04  1025.6085     9.0363    25.4704     7.2827    221.936    9.33860  284.58809     77.985 -9.990e-29
   40.43266  -72.37718     30.405     30.168     9.0396    32.9027 -9.990e-29     0.5117 9.9999e+04  1025.6086     9.0364    25.4705     7.2835    221.960    9.33879  284.59393     77.992 -9.990e-29
   40.43266  -72.37718     30.395     30.159     9.0398    32.9027 -9.990e-29     0.5117 9.9999e+04  1025.6086     9.0366    25.4705     7.2843    221.983    9.33893  284.59834     77.999 -9.990e-29
   40.43266  -72.37718     30.394     30.157     9.0400    32.9026 -9.990e-29     0.5117 9.9999e+04  1025.6082     9.0368    25.4702     7.2853    222.015    9.33936  284.61113     78.007 -9.990e-29
   40.43266  -72.37718     30.384     30.148     9.0401    32.9026 -9.990e-29     0.5117 9.9999e+04  1025.6079     9.0369    25.4701     7.2797    221.843    9.33994  284.62871     77.941 -9.990e-29
   40.43266  -72.37718     30.374     30.138     9.0396    32.9026 -9.990e-29     0.4983 9.9999e+04  1025.6081     9.0364    25.4703     7.2799    221.851    9.34023  284.63743     77.942 -9.990e-29
