CalculateIndicators/WaterTemperature/Data/CTD_NYOS/202200726_C03.cnv
* Sea-Bird SBE 9 Data File:
* FileName = C:\Seabird 9 CTD\Data\2022\202207_offshore\202200726_C03.hex
* Software Version Seasave V 7.23.2
* Temperature SN = 4590
* Conductivity SN = 3228
* Number of Bytes Per Scan = 44
* Number of Voltage Words = 5
* Number of Scans Averaged by the Deck Unit = 1
* NMEA Latitude = 40 30.84 N
* NMEA Longitude = 073 27.06 W
* NMEA UTC (Time) = Dec 10 2002  22:52:38
* NMEA baud rate = 4800
** Ship: seawolf
** Station: 6.1
** Operator: TDK
# nquan = 18
# nvalues = 11123                       
# units = specified
# name 0 = latitude: Latitude [deg]
# name 1 = longitude: Longitude [deg]
# name 2 = prDM: Pressure, Digiquartz [db]
# name 3 = depSM: Depth [salt water, m]
# name 4 = t090C: Temperature [ITS-90, deg C]
# name 5 = sal00: Salinity, Practical [PSU]
# name 6 = ph: pH
# name 7 = flECO-AFL: Fluorescence, WET Labs ECO-AFL/FL [mg/m^3]
# name 8 = cpar: CPAR/Corrected Irradiance [%]
# name 9 = density00: Density [density, kg/m^3]
# name 10 = potemp090C: Potential Temperature [ITS-90, deg C]
# name 11 = sigma-é00: Density [sigma-theta, kg/m^3]
# name 12 = sbeox0Mg/L: Oxygen, SBE 43 [mg/l]
# name 13 = sbox0Mm/Kg: Oxygen, SBE 43 [umol/kg]
# name 14 = oxsolMg/L: Oxygen Saturation, Garcia & Gordon [mg/l]
# name 15 = oxsolMm/Kg: Oxygen Saturation, Garcia & Gordon [umol/kg]
# name 16 = sbeox0PS: Oxygen, SBE 43 [% saturation]
# name 17 = flag:  0.000e+00
# span 0 =   40.51412,   40.51468       
# span 1 =  -73.45106,  -73.44946       
# span 2 =      1.519,     16.966       
# span 3 =      1.507,     16.834       
# span 4 =    13.8277,    23.3322       
# span 5 =    31.3399,    32.3447       
# span 6 =      7.860,      8.140       
# span 7 =     0.5117,     1.5862       
# span 8 = 3.7292e-01, 3.7871e+01       
# span 9 =  1021.1855,  1024.1728       
# span 10 =    13.8255,    23.3316      
# span 11 =    21.1794,    24.1014      
# span 12 =     5.7647,     7.3496      
# span 13 =    176.192,    224.407      
# span 14 =    7.11066,    8.47597      
# span 15 =  217.60159,  258.65889      
# span 16 =     69.700,     99.032      
# span 17 = 0.0000e+00, 0.0000e+00      
# interval = seconds: 0.0416667
# start_time = Jul 26 2022 22:52:39 [System UTC, first data scan.]
# bad_flag = -9.990e-29
*END*
[from data line 1609]
 -9.990e-29  -73.45078     15.850     15.727    13.8801    32.1885      7.870     1.0087 7.6958e-01  1024.1110    13.8779    24.0404     5.9709    182.213    8.46673  258.37768     70.522 -9.990e-29
 -9.990e-29  -73.45078     15.860     15.737    13.8803    32.1885      7.870     1.0087 7.6734e-01  1024.1107    13.8781    24.0403     5.9706    182.204    8.46670  258.37658     70.519 -9.990e-29
 -9.990e-29  -73.45078     15.871     15.748    13.8803    32.1883      7.870     1.0087 7.6511e-01  1024.1106    13.8781    24.0402     5.9702    182.191    8.46664  258.37491     70.514 -9.990e-29
 -9.990e-29  -73.45078     15.890     15.767    13.8803    32.1883      7.870     1.0087 7.6067e-01  1024.1108    13.8781    24.0402     5.9758    182.362    8.46667  258.37572     70.580 -9.990e-29
 -9.990e-29  -73.45078     15.901     15.778    13.8801    32.1883      7.870     1.0087 7.5186e-01  1024.1108    13.8779    24.0402     5.9697    182.175    8.46661  258.37397     70.508 -9.990e-29
 -9.990e-29  -73.45078     15.922     15.798    13.8801    32.1883      7.870     1.0087 7.4749e-01  1024.1109    13.8779    24.0402     5.9690    182.156    8.46665  258.37538     70.501 -9.990e-29
 -9.990e-29  -73.45078     15.931     15.808    13.8803    32.1884      7.870     1.0087 7.4531e-01  1024.1109    13.8781    24.0402     5.9688    182.150    8.46663  258.37483     70.498 -9.990e-29
 -9.990e-29  -73.45078     15.941     15.817    13.8803    32.1884      7.870     1.0087 7.3453e-01  1024.1112    13.8781    24.0402     5.9746    182.326    8.46664  258.37509     70.566 -9.990e-29
 -9.990e-29  -73.45078     15.941     15.817    13.8805    32.1884      7.874     1.0087 7.3239e-01  1024.1110    13.8783    24.0401     5.9743    182.316    8.46672  258.37748     70.562 -9.990e-29
 -9.990e-29  -73.45078     15.973     15.849    13.8803    32.1882      7.874     1.0087 7.3026e-01  1024.1110    13.8781    24.0400     5.9744    182.319    8.46674  258.37824     70.563 -9.990e-29
 -9.990e-29  -73.45078     15.962     15.838    13.8803    32.1882      7.874     0.9952 7.2179e-01  1024.1109    13.8781    24.0399     5.9744    182.319    8.46678  258.37962     70.562 -9.990e-29
 -9.990e-29  -73.45078     15.992     15.868    13.8803    32.1882      7.870     1.0087 7.1969e-01  1024.1110    13.8781    24.0399     5.9743    182.316    8.46680  258.37989     70.561 -9.990e-29
 -9.990e-29  -73.45078     15.992     15.868    13.8800    32.1882      7.870     1.0087 7.1759e-01  1024.1111    13.8777    24.0400     5.9741    182.311    8.46685  258.38161     70.559 -9.990e-29
 -9.990e-29  -73.45078     16.011     15.887    13.8800    32.1882      7.870     1.0087 7.1341e-01  1024.1115    13.8777    24.0402     5.9738    182.303    8.46687  258.38220     70.555 -9.990e-29
 -9.990e-29  -73.45078     16.022     15.898    13.8800    32.1882      7.870     0.9952 7.0926e-01  1024.1115    13.8777    24.0401     5.9735    182.291    8.46688  258.38236     70.551 -9.990e-29
 -9.990e-29  -73.45078     16.033     15.909    13.8800    32.1878      7.874     1.0087 7.0465e-01  1024.1111    13.8777    24.0398     5.9731    182.279    8.46692  258.38356     70.546 -9.990e-29
 -9.990e-29  -73.45078     16.043     15.918    13.8798    32.1873      7.874     1.0087 7.0055e-01  1024.1108    13.8776    24.0394     5.9725    182.262    8.46689  258.38285     70.539 -9.990e-29
 -9.990e-29  -73.45078     16.063     15.939    13.8795    32.1871      7.874     1.0087 6.9647e-01  1024.1103    13.8773    24.0392     5.9724    182.260    8.46694  258.38413     70.538 -9.990e-29
 -9.990e-29  -73.45078     16.063     15.939    13.8788    32.1871      7.874     1.0355 6.9444e-01  1024.1106    13.8766    24.0392     5.9723    182.256    8.46696  258.38489     70.537 -9.990e-29
 -9.990e-29  -73.45078     16.073     15.948    13.8786    32.1871      7.870     1.0355 6.9040e-01  1024.1110    13.8764    24.0395     5.9776    182.417    8.46698  258.38540     70.599 -9.990e-29
 -9.990e-29  -73.45078     16.084     15.959    13.8785    32.1871      7.874     1.0355 6.8637e-01  1024.1111    13.8762    24.0396     5.9717    182.238    8.46696  258.38478     70.530 -9.990e-29
 -9.990e-29  -73.45078     16.094     15.969    13.8783    32.1871      7.870     1.0355 6.8637e-01  1024.1108    13.8761    24.0396     5.9713    182.227    8.46697  258.38501     70.525 -9.990e-29
 -9.990e-29  -73.45078     16.114     15.989    13.8779    32.1873      7.874     1.0355 6.8437e-01  1024.1114    13.8757    24.0398     5.9714    182.230    8.46700  258.38610     70.526 -9.990e-29
 -9.990e-29  -73.45078     16.103     15.979    13.8781    32.1877      7.870     1.0355 6.8237e-01  1024.1119    13.8759    24.0401     5.9710    182.215    8.46702  258.38655     70.520 -9.990e-29
 -9.990e-29  -73.45078     16.124     15.999    13.8783    32.1880      7.874     1.0221 6.8237e-01  1024.1121    13.8761    24.0403     5.9704    182.198    8.46704  258.38736     70.514 -9.990e-29
 -9.990e-29  -73.45078     16.124     15.999    13.8786    32.1880      7.874     1.0355 6.7839e-01  1024.1118    13.8764    24.0402     5.9698    182.179    8.46706  258.38781     70.506 -9.990e-29
 -9.990e-29  -73.45078     16.134     16.009    13.8786    32.1880      7.870     1.0355 6.7444e-01  1024.1120    13.8764    24.0402     5.9752    182.344    8.46711  258.38954     70.569 -9.990e-29
 -9.990e-29  -73.45078     16.145     16.019    13.8786    32.1879      7.870     1.0355 6.7247e-01  1024.1121    13.8764    24.0402     5.9749    182.336    8.46714  258.39036     70.566 -9.990e-29
 -9.990e-29  -73.45078     16.145     16.019    13.8788    32.1877      7.870     1.0355 6.7247e-01  1024.1117    13.8766    24.0400     5.9691    182.158    8.46716  258.39083     70.497 -9.990e-29
 -9.990e-29  -73.45078     16.175     16.050    13.8788    32.1876      7.870     1.0355 6.6855e-01  1024.1116    13.8765    24.0398     5.9748    182.332    8.46723  258.39312     70.564 -9.990e-29
 -9.990e-29  -73.45078     16.173     16.048    13.8788    32.1876      7.874     1.0355 6.6659e-01  1024.1116    13.8766    24.0398     5.9750    182.337    8.46732  258.39601     70.565 -9.990e-29
 -9.990e-29  -73.45078     16.175     16.050    13.8785    32.1876      7.874     1.0355 6.6229e-01  1024.1119    13.8762    24.0399     5.9751    182.341    8.46749  258.40123     70.565 -9.990e-29
 -9.990e-29  -73.45078     16.184     16.059    13.8785    32.1877      7.874     1.0355 6.5843e-01  1024.1119    13.8762    24.0400     5.9751    182.343    8.46763  258.40571     70.565 -9.990e-29
 -9.990e-29  -73.45078     16.195     16.070    13.8786    32.1877      7.870     1.0355 6.5651e-01  1024.1120    13.8764    24.0400     5.9752    182.345    8.46786  258.41259     70.563 -9.990e-29
 -9.990e-29  -73.45078     16.195     16.070    13.8783    32.1877      7.874     1.0355 6.5651e-01  1024.1122    13.8761    24.0400     5.9751    182.342    8.46799  258.41635     70.561 -9.990e-29
 -9.990e-29  -73.45078     16.205     16.080    13.8785    32.1877      7.870     1.0355 6.5077e-01  1024.1118    13.8762    24.0399     5.9750    182.337    8.46809  258.41960     70.558 -9.990e-29
 -9.990e-29  -73.45078     16.215     16.089    13.8786    32.1877      7.874     1.0355 6.4886e-01  1024.1118    13.8763    24.0399     5.9747    182.330    8.46819  258.42234     70.555 -9.990e-29
 -9.990e-29  -73.45078     16.215     16.089    13.8786    32.1877      7.874     1.0355 6.4697e-01  1024.1121    13.8764    24.0400     5.9743    182.317    8.46815  258.42103     70.551 -9.990e-29
 -9.990e-29  -73.45078     16.235     16.110    13.8788    32.1877      7.874     1.0355 6.4319e-01  1024.1121    13.8766    24.0400     5.9738    182.303    8.46811  258.41961     70.545 -9.990e-29
 -9.990e-29  -73.45078     16.235     16.110    13.8790    32.1877      7.874     1.0355 6.4131e-01  1024.1122    13.8767    24.0399     5.9739    182.305    8.46816  258.42099     70.546 -9.990e-29
 -9.990e-29  -73.45078     16.246     16.120    13.8791    32.1876      7.870     1.0355 6.3943e-01  1024.1119    13.8769    24.0397     5.9739    182.304    8.46816  258.42137     70.545 -9.990e-29
 -9.990e-29  -73.45078     16.266     16.140    13.8795    32.1875      7.870     1.0221 6.3570e-01  1024.1118    13.8772    24.0397     5.9799    182.488    8.46824  258.42361     70.616 -9.990e-29
 -9.990e-29  -73.45076     16.266     16.140    13.8792    32.1875      7.870     1.0221 6.3198e-01  1024.1124    13.8769    24.0398     5.9743    182.318    8.46832  258.42624     70.549 -9.990e-29
 -9.990e-29  -73.45076     16.277     16.151    13.8795    32.1874      7.870     1.0221 6.3013e-01  1024.1120    13.8772    24.0396     5.9742    182.315    8.46840  258.42865     70.547 -9.990e-29
 -9.990e-29  -73.45076     16.286     16.160    13.8796    32.1871      7.870     1.0221 6.2645e-01  1024.1116    13.8774    24.0393     5.9741    182.310    8.46847  258.43064     70.545 -9.990e-29
 -9.990e-29  -73.45076     16.307     16.181    13.8793    32.1867      7.870     1.0221 6.2278e-01  1024.1116    13.8771    24.0391     5.9739    182.305    8.46859  258.43405     70.542 -9.990e-29
 -9.990e-29  -73.45076     16.317     16.190    13.8790    32.1867      7.874     1.0221 6.2278e-01  1024.1111    13.8767    24.0389     5.9737    182.297    8.46865  258.43585     70.539 -9.990e-29
 -9.990e-29  -73.45076     16.328     16.201    13.8788    32.1867      7.870     1.0221 6.2096e-01  1024.1116    13.8765    24.0392     5.9734    182.288    8.46871  258.43777     70.535 -9.990e-29
 -9.990e-29  -73.45076     16.347     16.220    13.8785    32.1873      7.870     1.0221 6.1733e-01  1024.1125    13.8762    24.0397     5.9735    182.292    8.46868  258.43678     70.537 -9.990e-29
 -9.990e-29  -73.45076     16.347     16.220    13.8785    32.1876      7.874     1.0221 6.1552e-01  1024.1130    13.8762    24.0400     5.9730    182.278    8.46859  258.43375     70.532 -9.990e-29
 -9.990e-29  -73.45076     16.377     16.250    13.8790    32.1876      7.874     1.0221 6.1371e-01  1024.1126    13.8767    24.0399     5.9786    182.446    8.46852  258.43183     70.598 -9.990e-29
 -9.990e-29  -73.45076     16.388     16.261    13.8788    32.1876      7.874     1.0221 6.0833e-01  1024.1128    13.8765    24.0399     5.9725    182.261    8.46849  258.43076     70.526 -9.990e-29
 -9.990e-29  -73.45076     16.409     16.282    13.8792    32.1875      7.874     1.0221 6.0655e-01  1024.1127    13.8769    24.0397     5.9725    182.261    8.46848  258.43069     70.526 -9.990e-29
 -9.990e-29  -73.45076     16.418     16.291    13.8790    32.1872      7.874     1.0221 6.0477e-01  1024.1126    13.8767    24.0395     5.9719    182.244    8.46853  258.43218     70.519 -9.990e-29
 -9.990e-29  -73.45076     16.439     16.312    13.8793    32.1870      7.870     1.0221 5.9596e-01  1024.1122    13.8770    24.0393     5.9713    182.225    8.46852  258.43187     70.512 -9.990e-29
 -9.990e-29  -73.45076     16.449     16.321    13.8792    32.1868      7.874     1.0221 5.9421e-01  1024.1124    13.8769    24.0392     5.9707    182.206    8.46857  258.43359     70.504 -9.990e-29
 -9.990e-29  -73.45076     16.469     16.342    13.8788    32.1867      7.870     1.0221 5.9246e-01  1024.1123    13.8765    24.0392     5.9705    182.202    8.46862  258.43535     70.502 -9.990e-29
 -9.990e-29  -73.45076     16.490     16.362    13.8786    32.1865      7.874     1.0221 5.8382e-01  1024.1125    13.8764    24.0391     5.9705    182.200    8.46879  258.44073     70.500 -9.990e-29
 -9.990e-29  -73.45076     16.509     16.381    13.8786    32.1864      7.874     1.0221 5.7869e-01  1024.1121    13.8763    24.0389     5.9705    182.200    8.46906  258.44867     70.497 -9.990e-29
 -9.990e-29  -73.45076     16.530     16.402    13.8785    32.1864      7.870     1.0221 5.7699e-01  1024.1124    13.8762    24.0389     5.9703    182.195    8.46919  258.45242     70.495 -9.990e-29
 -9.990e-29  -73.45076     16.539     16.411    13.8781    32.1864      7.874     1.0221 5.6856e-01  1024.1125    13.8758    24.0390     5.9701    182.189    8.46927  258.45511     70.492 -9.990e-29
 -9.990e-29  -73.45076     16.560     16.432    13.8779    32.1866      7.874     1.0221 5.6190e-01  1024.1129    13.8756    24.0392     5.9700    182.184    8.46943  258.45991     70.488 -9.990e-29
 -9.990e-29  -73.45076     16.581     16.452    13.8778    32.1866      7.870     1.0221 5.6190e-01  1024.1132    13.8755    24.0393     5.9758    182.363    8.46959  258.46488     70.556 -9.990e-29
 -9.990e-29  -73.45076     16.611     16.482    13.8776    32.1866      7.874     1.0221 5.5205e-01  1024.1133    13.8753    24.0393     5.9701    182.187    8.46971  258.46808     70.487 -9.990e-29
 -9.990e-29  -73.45076     16.621     16.492    13.8780    32.1866      7.874     1.0221 5.4719e-01  1024.1128    13.8756    24.0392     5.9757    182.357    8.46964  258.46591     70.554 -9.990e-29
 -9.990e-29  -73.45076     16.641     16.512    13.8776    32.1866      7.874     1.0221 5.4558e-01  1024.1131    13.8753    24.0392     5.9696    182.174    8.46953  258.46248     70.484 -9.990e-29
 -9.990e-29  -73.45076     16.662     16.533    13.8774    32.1867      7.870     1.0087 5.4077e-01  1024.1133    13.8751    24.0394     5.9692    182.161    8.46953  258.46279     70.479 -9.990e-29
 -9.990e-29  -73.45076     16.662     16.533    13.8771    32.1869      7.870     1.0087 5.3600e-01  1024.1140    13.8748    24.0397     5.9748    182.331    8.46952  258.46234     70.544 -9.990e-29
 -9.990e-29  -73.45076     16.692     16.563    13.8773    32.1869      7.870     1.0087 5.3442e-01  1024.1139    13.8750    24.0397     5.9753    182.346    8.46944  258.45973     70.551 -9.990e-29
 -9.990e-29  -73.45076     16.713     16.583    13.8773    32.1869      7.870     1.0087 5.3128e-01  1024.1139    13.8749    24.0396     5.9752    182.343    8.46937  258.45734     70.551 -9.990e-29
 -9.990e-29  -73.45076     16.722     16.593    13.8771    32.1868      7.874     0.9952 5.2659e-01  1024.1139    13.8748    24.0395     5.9751    182.341    8.46931  258.45595     70.550 -9.990e-29
 -9.990e-29  -73.45076     16.743     16.613    13.8771    32.1866      7.870     1.0087 5.2349e-01  1024.1138    13.8748    24.0394     5.9750    182.338    8.46931  258.45611     70.549 -9.990e-29
 -9.990e-29  -73.45076     16.753     16.623    13.8770    32.1864      7.874     1.0087 5.2040e-01  1024.1138    13.8746    24.0393     5.9690    182.155    8.46955  258.46394     70.476 0.0000e+00
 -9.990e-29  -73.45076     16.773     16.643    13.8770    32.1863      7.874     1.0087 5.1428e-01  1024.1137    13.8746    24.0393     5.9686    182.143    8.46988  258.47402     70.468 0.0000e+00
 -9.990e-29  -73.45076     16.794     16.664    13.8766    32.1861      7.870     1.0087 5.1125e-01  1024.1139    13.8743    24.0392     5.9742    182.312    8.47016  258.48233     70.532 0.0000e+00
 -9.990e-29  -73.45076     16.804     16.673    13.8766    32.1861      7.874     1.0087 5.0973e-01  1024.1137    13.8743    24.0392     5.9685    182.141    8.47029  258.48630     70.464 0.0000e+00
 -9.990e-29  -73.45076     16.824     16.694    13.8763    32.1860      7.874     0.9952 5.0373e-01  1024.1143    13.8739    24.0392     5.9684    182.135    8.47034  258.48762     70.462 0.0000e+00
 -9.990e-29  -73.45076     16.834     16.703    13.8761    32.1856      7.874     1.0087 5.0076e-01  1024.1138    13.8738    24.0389     5.9677    182.115    8.47044  258.49075     70.453 0.0000e+00
 -9.990e-29  -73.45076     16.854     16.724    13.8759    32.1849      7.874     1.0087 4.9928e-01  1024.1132    13.8736    24.0385     5.9676    182.113    8.47061  258.49575     70.451 -9.990e-29
