CalculateIndicators/WaterTemperature/Data/CTD_NYOS/202200726_C02.cnv
* Sea-Bird SBE 9 Data File:
* FileName = C:\Seabird 9 CTD\Data\2022\202207_offshore\202200726_C02.hex
* Software Version Seasave V 7.23.2
* Temperature SN = 4590
* Conductivity SN = 3228
* Number of Bytes Per Scan = 44
* Number of Voltage Words = 5
* Number of Scans Averaged by the Deck Unit = 1
* NMEA Latitude = 40 30.11 N
* NMEA Longitude = 073 47.17 W
* NMEA UTC (Time) = Dec 10 2002  20:20:46
* NMEA baud rate = 4800
** Ship: seawolf
** Station: 7.1
** Operator: TCM
# nquan = 18
# nvalues = 9797                        
# units = specified
# name 0 = latitude: Latitude [deg]
# name 1 = longitude: Longitude [deg]
# name 2 = prDM: Pressure, Digiquartz [db]
# name 3 = depSM: Depth [salt water, m]
# name 4 = t090C: Temperature [ITS-90, deg C]
# name 5 = sal00: Salinity, Practical [PSU]
# name 6 = ph: pH
# name 7 = flECO-AFL: Fluorescence, WET Labs ECO-AFL/FL [mg/m^3]
# name 8 = cpar: CPAR/Corrected Irradiance [%]
# name 9 = density00: Density [density, kg/m^3]
# name 10 = potemp090C: Potential Temperature [ITS-90, deg C]
# name 11 = sigma-é00: Density [sigma-theta, kg/m^3]
# name 12 = sbeox0Mg/L: Oxygen, SBE 43 [mg/l]
# name 13 = sbox0Mm/Kg: Oxygen, SBE 43 [umol/kg]
# name 14 = oxsolMg/L: Oxygen Saturation, Garcia & Gordon [mg/l]
# name 15 = oxsolMm/Kg: Oxygen Saturation, Garcia & Gordon [umol/kg]
# name 16 = sbeox0PS: Oxygen, SBE 43 [% saturation]
# name 17 = flag:  0.000e+00
# span 0 =   40.50182,   40.50360       
# span 1 =  -73.78628,  -73.78502       
# span 2 =      1.085,     19.615       
# span 3 =      1.077,     19.463       
# span 4 =    12.5002,    22.7578       
# span 5 =    29.7779,    32.1450       
# span 6 =      7.787,      8.292       
# span 7 =     0.6192,     7.8048       
# span 8 = 7.3507e-03, 8.7274e+01       
# span 9 =  1020.0542,  1024.3596       
# span 10 =    12.4976,    22.7575      
# span 11 =    20.0465,    24.2723      
# span 12 =     5.1152,     9.8427      
# span 13 =    156.105,    301.537      
# span 14 =    7.25491,    8.71395      
# span 15 =  222.26342,  265.86224      
# span 16 =     60.084,    135.642      
# span 17 = 0.0000e+00, 0.0000e+00      
# interval = seconds: 0.0416667
# start_time = Jul 26 2022 20:20:44 [System UTC, first data scan.]
# bad_flag = -9.990e-29
*END*
[from data line 3056]
   40.50244  -73.78590     19.037     18.890    12.6468    32.1227      7.841     0.7938 1.1671e-02  1024.3187    12.6443    24.2337     5.9380    181.174    8.68819  265.08585     68.345 -9.990e-29
   40.50244  -73.78590     19.039     18.891    12.6473    32.1227      7.841     0.7938 1.1741e-02  1024.3185    12.6448    24.2336     5.9377    181.164    8.68824  265.08751     68.341 -9.990e-29
   40.50244  -73.78590     19.019     18.872    12.6475    32.1227      7.841     0.7938 1.1254e-02  1024.3187    12.6450    24.2336     5.9371    181.146    8.68825  265.08775     68.334 -9.990e-29
   40.50244  -73.78590     19.019     18.872    12.6478    32.1227      7.841     0.7938 1.1049e-02  1024.3185    12.6453    24.2335     5.9368    181.139    8.68831  265.08944     68.331 -9.990e-29
   40.50244  -73.78590     19.019     18.872    12.6481    32.1227      7.841     0.7938 1.0981e-02  1024.3182    12.6457    24.2334     5.9358    181.108    8.68828  265.08860     68.320 -9.990e-29
   40.50244  -73.78590     19.007     18.860    12.6481    32.1227      7.841     0.7938 1.1049e-02  1024.3186    12.6457    24.2334     5.9413    181.277    8.68832  265.08965     68.383 -9.990e-29
   40.50244  -73.78590     19.019     18.872    12.6485    32.1226      7.841     0.7938 1.1117e-02  1024.3182    12.6460    24.2333     5.9410    181.267    8.68833  265.09002     68.379 -9.990e-29
   40.50244  -73.78590     18.999     18.851    12.6488    32.1225      7.841     0.7938 1.1117e-02  1024.3180    12.6463    24.2332     5.9410    181.267    8.68839  265.09184     68.379 -9.990e-29
   40.50244  -73.78590     18.999     18.851    12.6490    32.1225      7.841     0.7938 1.1254e-02  1024.3181    12.6465    24.2331     5.9409    181.262    8.68845  265.09396     68.376 -9.990e-29
   40.50244  -73.78590     18.999     18.851    12.6491    32.1222      7.841     0.7938 1.1531e-02  1024.3179    12.6467    24.2328     5.9404    181.249    8.68848  265.09475     68.371 -9.990e-29
   40.50244  -73.78590     18.997     18.850    12.6493    32.1222      7.841     0.7938 1.1671e-02  1024.3169    12.6468    24.2325     5.9398    181.230    8.68852  265.09588     68.364 -9.990e-29
   40.50246  -73.78590     18.999     18.851    12.6497    32.1222      7.841     0.7938 1.1392e-02  1024.3175    12.6472    24.2326     5.9390    181.205    8.68854  265.09635     68.354 -9.990e-29
   40.50246  -73.78590     18.978     18.831    12.6498    32.1222      7.841     0.7938 1.0913e-02  1024.3177    12.6473    24.2327     5.9447    181.380    8.68857  265.09749     68.420 -9.990e-29
   40.50246  -73.78590     18.999     18.851    12.6500    32.1222      7.841     0.7938 1.0778e-02  1024.3174    12.6475    24.2326     5.9446    181.377    8.68860  265.09840     68.419 -9.990e-29
   40.50246  -73.78590     18.988     18.840    12.6501    32.1223      7.841     0.7938 1.0913e-02  1024.3175    12.6477    24.2326     5.9443    181.368    8.68865  265.09971     68.415 -9.990e-29
   40.50246  -73.78590     18.978     18.831    12.6503    32.1223      7.841     0.7938 1.1531e-02  1024.3174    12.6478    24.2326     5.9438    181.351    8.68865  265.09982     68.409 -9.990e-29
   40.50246  -73.78590     18.997     18.850    12.6503    32.1223      7.841     0.7938 1.1811e-02  1024.3175    12.6478    24.2326     5.9430    181.328    8.68867  265.10051     68.400 -9.990e-29
   40.50246  -73.78590     18.968     18.821    12.6505    32.1223      7.841     0.7938 1.1741e-02  1024.3175    12.6480    24.2327     5.9421    181.299    8.68869  265.10097     68.389 -9.990e-29
   40.50246  -73.78590     18.999     18.851    12.6503    32.1223      7.841     0.7938 1.1531e-02  1024.3176    12.6478    24.2327     5.9415    181.282    8.68872  265.10178     68.382 -9.990e-29
   40.50246  -73.78590     18.978     18.831    12.6503    32.1221      7.841     0.7938 1.1531e-02  1024.3175    12.6478    24.2325     5.9408    181.259    8.68876  265.10326     68.373 -9.990e-29
   40.50246  -73.78590     18.978     18.831    12.6503    32.1212      7.841     0.7938 1.1601e-02  1024.3173    12.6478    24.2318     5.9404    181.247    8.68878  265.10370     68.368 -9.990e-29
   40.50246  -73.78590     18.986     18.839    12.6505    32.1208      7.841     0.7938 1.2670e-02  1024.3150    12.6480    24.2308     5.9461    181.421    8.68880  265.10423     68.434 -9.990e-29
   40.50246  -73.78590     18.978     18.831    12.6505    32.1208      7.841     0.7535 1.3259e-02  1024.3144    12.6480    24.2306     5.9459    181.416    8.68885  265.10583     68.432 -9.990e-29
   40.50246  -73.78590     18.988     18.841    12.6503    32.1208      7.841     0.7400 1.3333e-02  1024.3168    12.6478    24.2315     5.9518    181.597    8.68888  265.10675     68.499 -9.990e-29
   40.50246  -73.78590     18.978     18.831    12.6501    32.1218      7.841     0.7400 1.1882e-02  1024.3176    12.6477    24.2322     5.9524    181.614    8.68890  265.10733     68.506 -9.990e-29
   40.50246  -73.78590     18.988     18.841    12.6503    32.1218      7.845     0.7400 1.0913e-02  1024.3171    12.6478    24.2324     5.9529    181.628    8.68902  265.11107     68.510 -9.990e-29
   40.50246  -73.78590     18.986     18.839    12.6500    32.1218      7.841     0.7400 1.0845e-02  1024.3175    12.6475    24.2323     5.9469    181.445    8.68908  265.11297     68.441 -9.990e-29
   40.50246  -73.78590     18.988     18.841    12.6503    32.1219      7.841     0.7400 1.1323e-02  1024.3169    12.6478    24.2323     5.9527    181.622    8.68920  265.11650     68.506 -9.990e-29
   40.50246  -73.78590     18.999     18.851    12.6498    32.1219      7.841     0.7400 1.1741e-02  1024.3174    12.6474    24.2324     5.9526    181.621    8.68934  265.12100     68.505 -9.990e-29
   40.50246  -73.78590     18.978     18.831    12.6497    32.1219      7.841     0.7400 1.1882e-02  1024.3173    12.6472    24.2325     5.9524    181.613    8.68947  265.12483     68.501 -9.990e-29
   40.50246  -73.78590     18.999     18.851    12.6497    32.1219      7.841     0.7400 1.1882e-02  1024.3174    12.6472    24.2325     5.9520    181.601    8.68967  265.13109     68.495 -9.990e-29
   40.50246  -73.78590     18.999     18.851    12.6495    32.1219      7.841     0.7400 1.1882e-02  1024.3175    12.6470    24.2326     5.9514    181.584    8.68986  265.13687     68.487 -9.990e-29
   40.50246  -73.78590     18.986     18.839    12.6493    32.1219      7.841     0.7400 1.1882e-02  1024.3174    12.6468    24.2326     5.9513    181.579    8.69007  265.14341     68.483 -9.990e-29
   40.50246  -73.78590     19.008     18.861    12.6491    32.1219      7.841     0.7400 1.2237e-02  1024.3176    12.6467    24.2326     5.9572    181.760    8.69031  265.15077     68.550 -9.990e-29
   40.50246  -73.78590     18.999     18.851    12.6488    32.1218      7.841     0.7400 1.2889e-02  1024.3174    12.6463    24.2326     5.9511    181.574    8.69060  265.15931     68.477 -9.990e-29
   40.50246  -73.78588     19.008     18.861    12.6487    32.1218      7.841     0.7400 1.3110e-02  1024.3175    12.6462    24.2326     5.9510    181.571    8.69086  265.16715     68.474 -9.990e-29
   40.50246  -73.78588     18.999     18.851    12.6483    32.1218      7.841     0.7400 1.2670e-02  1024.3176    12.6458    24.2327     5.9571    181.757    8.69115  265.17587     68.542 -9.990e-29
   40.50246  -73.78588     19.007     18.860    12.6481    32.1218      7.841     0.7400 1.1671e-02  1024.3177    12.6457    24.2327     5.9573    181.763    8.69143  265.18434     68.542 -9.990e-29
   40.50246  -73.78588     19.008     18.861    12.6481    32.1218      7.841     0.7400 1.1392e-02  1024.3175    12.6457    24.2327     5.9573    181.763    8.69162  265.19002     68.541 -9.990e-29
   40.50246  -73.78588     19.008     18.861    12.6478    32.1218      7.841     0.7400 1.1392e-02  1024.3177    12.6453    24.2328     5.9571    181.758    8.69183  265.19621     68.537 -9.990e-29
   40.50246  -73.78588     19.029     18.881    12.6475    32.1218      7.841     0.7400 1.1671e-02  1024.3180    12.6450    24.2328     5.9567    181.746    8.69195  265.20003     68.532 -9.990e-29
   40.50246  -73.78588     19.008     18.861    12.6475    32.1215      7.841     0.7400 1.1741e-02  1024.3176    12.6450    24.2326     5.9562    181.730    8.69212  265.20484     68.524 -9.990e-29
   40.50246  -73.78588     19.028     18.880    12.6471    32.1215      7.841     0.7400 1.1741e-02  1024.3173    12.6446    24.2324     5.9555    181.708    8.69224  265.20838     68.515 -9.990e-29
   40.50246  -73.78588     19.019     18.872    12.6471    32.1215      7.841     0.7400 1.1882e-02  1024.3173    12.6446    24.2325     5.9546    181.681    8.69235  265.21173     68.504 -9.990e-29
   40.50246  -73.78588     19.019     18.872    12.6466    32.1215 -9.990e-29     0.7400 1.1952e-02  1024.3179    12.6441    24.2328     5.9535    181.647    8.69238  265.21253     68.491 -9.990e-29
   40.50246  -73.78588     19.050     18.902    12.6465    32.1215 -9.990e-29     0.7400 1.1952e-02  1024.3182    12.6440    24.2329     5.9529    181.627    8.69247  265.21542     68.483 -9.990e-29
   40.50246  -73.78588     19.019     18.872    12.6463    32.1215 -9.990e-29     0.7266 1.2237e-02  1024.3178    12.6438    24.2328     5.9520    181.601    8.69247  265.21519     68.473 -9.990e-29
   40.50246  -73.78588     19.050     18.902    12.6461    32.1214 -9.990e-29     0.7132 1.2453e-02  1024.3179    12.6436    24.2328     5.9516    181.588    8.69244  265.21416     68.468 -9.990e-29
   40.50246  -73.78588     19.028     18.880    12.6458    32.1214 -9.990e-29     0.7132 1.2525e-02  1024.3179    12.6433    24.2328     5.9510    181.571    8.69242  265.21346     68.462 -9.990e-29
   40.50246  -73.78588     19.050     18.902    12.6455    32.1214 -9.990e-29     0.7132 1.1952e-02  1024.3180    12.6430    24.2328     5.9503    181.551    8.69239  265.21267     68.455 -9.990e-29
   40.50246  -73.78588     19.059     18.912    12.6455    32.1214 -9.990e-29     0.7132 1.1531e-02  1024.3180    12.6430    24.2329     5.9496    181.528    8.69241  265.21335     68.446 -9.990e-29
   40.50246  -73.78588     19.039     18.891    12.6451    32.1215 -9.990e-29     0.7132 1.1462e-02  1024.3181    12.6426    24.2330     5.9487    181.500    8.69239  265.21268     68.436 -9.990e-29
   40.50246  -73.78588     19.069     18.921    12.6452    32.1216 -9.990e-29     0.7132 1.1531e-02  1024.3184    12.6427    24.2332     5.9477    181.470    8.69240  265.21308     68.424 -9.990e-29
   40.50246  -73.78588     19.037     18.890    12.6449    32.1217 -9.990e-29     0.7132 1.1671e-02  1024.3184    12.6425    24.2333     5.9466    181.437    8.69246  265.21485     68.411 -9.990e-29
   40.50246  -73.78588     19.080     18.932    12.6448    32.1217 -9.990e-29     0.7132 1.1741e-02  1024.3189    12.6423    24.2334     5.9461    181.420    8.69254  265.21737     68.404 -9.990e-29
   40.50246  -73.78588     19.069     18.921    12.6446    32.1217 -9.990e-29     0.7132 1.1462e-02  1024.3185    12.6421    24.2333     5.9391    181.206    8.69253  265.21713     68.324 -9.990e-29
   40.50246  -73.78588     19.080     18.932    12.6443    32.1215 -9.990e-29     0.7132 1.1117e-02  1024.3184    12.6418    24.2332     5.9377    181.166    8.69260  265.21930     68.308 -9.990e-29
   40.50246  -73.78588     19.080     18.932    12.6441    32.1215 -9.990e-29     0.7132 1.1049e-02  1024.3185    12.6416    24.2332     5.9363    181.123    8.69263  265.22016     68.292 -9.990e-29
   40.50246  -73.78588     19.068     18.920    12.6439    32.1215 -9.990e-29     0.7132 1.0981e-02  1024.3184    12.6415    24.2332     5.9411    181.268    8.69266  265.22105     68.346 -9.990e-29
   40.50246  -73.78588     19.101     18.953    12.6438    32.1215 -9.990e-29     0.7132 1.0981e-02  1024.3188    12.6413    24.2332     5.9338    181.046    8.69267  265.22115     68.262 -9.990e-29
   40.50246  -73.78588     19.080     18.932    12.6438    32.1215 -9.990e-29     0.7132 1.0913e-02  1024.3182    12.6413    24.2332     5.9321    180.993    8.69259  265.21888     68.243 -9.990e-29
   40.50246  -73.78588     19.101     18.953    12.6434    32.1215 -9.990e-29     0.7132 1.1049e-02  1024.3188    12.6409    24.2333     5.9309    180.956    8.69254  265.21723     68.230 -9.990e-29
   40.50246  -73.78588     19.101     18.953    12.6431    32.1217 -9.990e-29     0.7132 1.1323e-02  1024.3190    12.6406    24.2335     5.9296    180.918    8.69246  265.21495     68.216 -9.990e-29
   40.50246  -73.78588     19.098     18.950    12.6431    32.1217 -9.990e-29     0.7132 1.1495e-02  1024.3190    12.6406    24.2336     5.9283    180.877    8.69237  265.21193     68.201 -9.990e-29
   40.50246  -73.78588     19.110     18.962    12.6429    32.1217 -9.990e-29     0.7132 1.1425e-02  1024.3192    12.6404    24.2336     5.9269    180.835    8.69226  265.20862     68.186 -9.990e-29
   40.50246  -73.78588     19.120     18.972    12.6429    32.1217 -9.990e-29     0.7132 1.1288e-02  1024.3190    12.6404    24.2336     5.9254    180.790    8.69210  265.20376     68.170 -9.990e-29
   40.50246  -73.78588     19.131     18.983    12.6428    32.1217 -9.990e-29     0.7132 1.1150e-02  1024.3192    12.6403    24.2336     5.9240    180.745    8.69199  265.20059     68.154 -9.990e-29
   40.50246  -73.78588     19.131     18.983    12.6425    32.1217 -9.990e-29     0.7132 1.1150e-02  1024.3192    12.6400    24.2337     5.9224    180.699    8.69186  265.19657     68.138 -9.990e-29
   40.50246  -73.78588     19.118     18.970    12.6424    32.1217 -9.990e-29     0.7132 1.0609e-02  1024.3192    12.6399    24.2337     5.9208    180.650    8.69174  265.19308     68.120 -9.990e-29
   40.50246  -73.78588     19.141     18.992    12.6423    32.1216 -9.990e-29     0.7132 1.0277e-02  1024.3194    12.6398    24.2337     5.9192    180.601    8.69161  265.18897     68.103 -9.990e-29
   40.50246  -73.78588     19.141     18.992    12.6421    32.1215 -9.990e-29     0.7266 1.0211e-02  1024.3191    12.6396    24.2336     5.9181    180.566    8.69144  265.18391     68.091 -9.990e-29
   40.50246  -73.78588     19.161     19.013    12.6419    32.1214 -9.990e-29     0.7535 1.0676e-02  1024.3193    12.6394    24.2335     5.9108    180.343    8.69137  265.18157     68.007 -9.990e-29
   40.50246  -73.78588     19.161     19.013    12.6419    32.1213 -9.990e-29     0.7535 1.1082e-02  1024.3190    12.6394    24.2335     5.9159    180.500    8.69124  265.17770     68.068 -9.990e-29
   40.50246  -73.78588     19.149     19.000    12.6412    32.1212 -9.990e-29     0.7535 1.1150e-02  1024.3191    12.6387    24.2335     5.9091    180.293    8.69108  265.17274     67.991 -9.990e-29
   40.50246  -73.78588     19.171     19.022    12.6409    32.1210 -9.990e-29     0.7535 1.0609e-02  1024.3192    12.6384    24.2334     5.9080    180.260    8.69095  265.16892     67.979 -9.990e-29
   40.50246  -73.78588     19.171     19.022    12.6404    32.1208 -9.990e-29     0.7535 1.0080e-02  1024.3190    12.6379    24.2334     5.9064    180.211    8.69084  265.16552     67.962 -9.990e-29
   40.50246  -73.78588     19.182     19.033    12.6396    32.1206 -9.990e-29     0.7535 9.9498e-03  1024.3193    12.6371    24.2334     5.8991    179.987    8.69063  265.15943     67.879 -9.990e-29
   40.50246  -73.78588     19.201     19.052    12.6389    32.1204 -9.990e-29     0.7535 9.6912e-03  1024.3194    12.6364    24.2333     5.8975    179.940    8.69053  265.15642     67.862 -9.990e-29
   40.50246  -73.78588     19.179     19.030    12.6380    32.1198 -9.990e-29     0.7535 9.4355e-03  1024.3188    12.6356    24.2331     5.8961    179.894    8.69043  265.15341     67.845 -9.990e-29
