CalculateIndicators/WaterTemperature/Data/CTD_NYOS/20220513_C03.cnv
* Sea-Bird SBE 9 Data File:
* FileName = C:\Seabird 9 CTD\Data\2022\202205_offshore\20220513_C03.hex
* Software Version Seasave V 7.23.2
* Temperature SN = 4590
* Conductivity SN = 3228
* Number of Bytes Per Scan = 44
* Number of Voltage Words = 5
* Number of Scans Averaged by the Deck Unit = 1
* NMEA Latitude = 40 30.15 N
* NMEA Longitude = 073 47.69 W
* NMEA UTC (Time) = Sep 27 2002  07:49:20
* NMEA baud rate = 4800
** Ship: seawolf
** Station: 7.1
** Operator: TCM
# nquan = 18
# nvalues = 7906                        
# units = specified
# name 0 = latitude: Latitude [deg]
# name 1 = longitude: Longitude [deg]
# name 2 = prDM: Pressure, Digiquartz [db]
# name 3 = depSM: Depth [salt water, m]
# name 4 = t090C: Temperature [ITS-90, deg C]
# name 5 = sal00: Salinity, Practical [PSU]
# name 6 = ph: pH
# name 7 = flECO-AFL: Fluorescence, WET Labs ECO-AFL/FL [mg/m^3]
# name 8 = cpar: CPAR/Corrected Irradiance [%]
# name 9 = density00: Density [density, kg/m^3]
# name 10 = potemp090C: Potential Temperature [ITS-90, deg C]
# name 11 = sigma-é00: Density [sigma-theta, kg/m^3]
# name 12 = sbeox0Mg/L: Oxygen, SBE 43 [mg/l]
# name 13 = sbox0Mm/Kg: Oxygen, SBE 43 [umol/kg]
# name 14 = oxsolMg/L: Oxygen Saturation, Garcia & Gordon [mg/l]
# name 15 = oxsolMm/Kg: Oxygen Saturation, Garcia & Gordon [umol/kg]
# name 16 = sbeox0PS: Oxygen, SBE 43 [% saturation]
# name 17 = flag:  0.000e+00
# span 0 =   40.50250,   40.50312       
# span 1 =  -73.79586,  -73.79492       
# span 2 =      1.553,     18.648       
# span 3 =      1.541,     18.503       
# span 4 =     9.7169,    10.8844       
# span 5 =    31.7024,    32.1865       
# span 6 =      7.997,      8.038       
# span 7 =     0.9952,     1.6131       
# span 8 = 5.0640e-11, 9.9999e+04       
# span 9 =  1024.2619,  1024.8856       
# span 10 =     9.7149,    10.8834      
# span 11 =    24.2563,    24.8019      
# span 12 =     8.6734,     9.3566      
# span 13 =    264.517,    285.391      
# span 14 =    9.02792,    9.24781      
# span 15 =  275.40079,  282.01992      
# span 16 =     93.926,    102.851      
# span 17 = 0.0000e+00, 0.0000e+00      
# interval = seconds: 0.0416667
# start_time = May 13 2022 07:49:21 [System UTC, first data scan.]
# bad_flag = -9.990e-29
*END*
[from data line 3619]
   40.50278  -73.79534     10.968     10.883     9.9934    32.0362 -9.990e-29     1.3444 9.9999e+04  1024.6894     9.9922    24.6399     8.8514    269.964    9.18834  280.23937     96.334 -9.990e-29
   40.50278  -73.79534     10.977     10.893     9.9944    32.0360 -9.990e-29     1.3579 9.9999e+04  1024.6892     9.9932    24.6394     8.8519    269.977    9.18740  280.21082     96.348 -9.990e-29
   40.50278  -73.79534     10.957     10.872     9.9962    32.0356      8.001     1.3579 -9.990e-29  1024.6885     9.9950    24.6389     8.8561    270.108    9.18505  280.14025     96.419 -9.990e-29
   40.50278  -73.79534     10.957     10.872     9.9974    32.0352      8.001     1.3579 9.9999e+04  1024.6879     9.9962    24.6384     8.8553    270.084    9.18265  280.06842     96.435 -9.990e-29
   40.50278  -73.79534     10.957     10.872     9.9983    32.0349      8.001     1.3579 9.9999e+04  1024.6875     9.9971    24.6380     8.8602    270.236    9.18066  280.00925     96.510 -9.990e-29
   40.50278  -73.79534     10.947     10.863     9.9992    32.0348 -9.990e-29     1.3579 -9.990e-29  1024.6875     9.9980    24.6378     8.8660    270.413    9.17937  279.97050     96.586 0.0000e+00
   40.50278  -73.79534     10.938     10.853    10.0000    32.0347      8.001     1.3444 9.9999e+04  1024.6869     9.9988    24.6376     8.8664    270.427    9.17837  279.94083     96.601 -9.990e-29
   40.50278  -73.79534     10.947     10.863    10.0005    32.0347      8.001     1.3310 9.9999e+04  1024.6869     9.9993    24.6374     8.8723    270.607    9.17755  279.91627     96.674 -9.990e-29
   40.50278  -73.79534     10.938     10.853    10.0012    32.0347      8.001     1.3310 9.9999e+04  1024.6867    10.0000    24.6372     8.8738    270.651    9.17734  279.90918     96.692 0.0000e+00
   40.50278  -73.79534     10.917     10.833    10.0020    32.0347      8.001     1.3310 -9.990e-29  1024.6865    10.0008    24.6372     8.8786    270.798    9.17531  279.84758     96.766 -9.990e-29
   40.50278  -73.79534     10.932     10.848    10.0028    32.0347      8.001     1.3310 9.9999e+04  1024.6868    10.0016    24.6371     8.8768    270.744    9.17243  279.76162     96.777 -9.990e-29
   40.50278  -73.79534     10.927     10.842    10.0051    32.0347 -9.990e-29     1.3310 9.9999e+04  1024.6863    10.0039    24.6368     8.8761    270.725    9.17057  279.70631     96.789 0.0000e+00
   40.50278  -73.79534     10.917     10.833    10.0076    32.0345      8.001     1.3444 9.9999e+04  1024.6856    10.0064    24.6362     8.8821    270.907    9.16998  279.68874     96.860 -9.990e-29
   40.50278  -73.79534     10.917     10.833    10.0094    32.0341      8.001     1.3310 9.9999e+04  1024.6849    10.0082    24.6357     8.8889    271.114    9.17007  279.69056     96.934 -9.990e-29
   40.50278  -73.79534     10.917     10.833    10.0099    32.0339      8.001     1.3444 -9.990e-29  1024.6846    10.0087    24.6353     8.8891    271.120    9.16937  279.66773     96.944 -9.990e-29
   40.50278  -73.79534     10.907     10.823    10.0107    32.0338      8.001     1.3310 9.9999e+04  1024.6844    10.0095    24.6351     8.8867    271.047    9.16689  279.59144     96.944 -9.990e-29
   40.50278  -73.79534     10.917     10.833    10.0112    32.0338      8.001     1.3310 9.9999e+04  1024.6846    10.0100    24.6349     8.8890    271.118    9.16287  279.47035     97.012 -9.990e-29
   40.50278  -73.79534     10.896     10.812    10.0127    32.0334      8.001     1.3444 9.9999e+04  1024.6837    10.0115    24.6344     8.8871    271.061    9.16073  279.40703     97.013 -9.990e-29
   40.50278  -73.79534     10.896     10.812    10.0141    32.0334      8.001     1.3310 9.9999e+04  1024.6830    10.0129    24.6339     8.8937    271.263    9.16105  279.41709     97.082 -9.990e-29
   40.50278  -73.79534     10.907     10.823    10.0146    32.0334      8.001     1.3444 -9.990e-29  1024.6829    10.0133    24.6339     8.8946    271.288    9.16125  279.42244     97.089 -9.990e-29
   40.50278  -73.79534     10.896     10.812    10.0146    32.0335      8.001     1.3310 9.9999e+04  1024.6836    10.0134    24.6341     8.8978    271.387    9.15874  279.34499     97.151 0.0000e+00
   40.50278  -73.79534     10.887     10.803    10.0160    32.0339      8.001     1.3444 9.9999e+04  1024.6838    10.0148    24.6343     8.8931    271.241    9.15414  279.20427     97.148 -9.990e-29
   40.50278  -73.79534     10.887     10.803    10.0183    32.0339      8.001     1.3444 -9.990e-29  1024.6834    10.0171    24.6341     8.8949    271.298    9.15030  279.08837     97.209 -9.990e-29
   40.50278  -73.79534     10.876     10.792    10.0197    32.0339      8.001     1.3444 9.9999e+04  1024.6830    10.0185    24.6336     8.8934    271.253    9.14879  279.04244     97.209 0.0000e+00
   40.50274  -73.79536     10.872     10.788    10.0216    32.0335      8.001     1.3310 9.9999e+04  1024.6821    10.0204    24.6330     8.8972    271.371    9.14675  278.98159     97.272 0.0000e+00
   40.50274  -73.79536     10.866     10.782    10.0233    32.0331      8.001     1.3444 -9.990e-29  1024.6816    10.0221    24.6325     8.8945    271.289    9.14397  278.89825     97.272 0.0000e+00
   40.50274  -73.79536     10.856     10.773    10.0244    32.0329      8.001     1.3310 -9.990e-29  1024.6812    10.0231    24.6321     8.8977    271.389    9.14196  278.83805     97.329 0.0000e+00
   40.50274  -73.79536     10.845     10.762    10.0253    32.0326      8.001     1.3310 9.9999e+04  1024.6809    10.0241    24.6317     8.8982    271.402    9.14210  278.84169     97.332 -9.990e-29
   40.50274  -73.79536     10.845     10.762    10.0270    32.0324      8.001     1.3310 9.9999e+04  1024.6804    10.0258    24.6313     8.9051    271.613    9.14346  278.88220     97.393 -9.990e-29
   40.50274  -73.79536     10.836     10.752    10.0283    32.0320      8.001     1.3310 -9.990e-29  1024.6800    10.0271    24.6308     8.9051    271.613    9.14377  278.89215     97.390 0.0000e+00
   40.50274  -73.79536     10.826     10.743    10.0303    32.0313      8.001     1.3444 9.9999e+04  1024.6792    10.0291    24.6299     8.9102    271.773    9.14347  278.88659     97.449 0.0000e+00
   40.50274  -73.79536     10.815     10.732    10.0331    32.0303      8.001     1.3713 9.9999e+04  1024.6774    10.0319    24.6286     8.9146    271.904    9.14781  279.01866     97.450 0.0000e+00
   40.50274  -73.79536     10.806     10.722    10.0359    32.0293      8.001     1.3713 9.9999e+04  1024.6761    10.0347    24.6274     8.9261    272.252    9.15338  279.18442     97.517 0.0000e+00
   40.50274  -73.79536     10.795     10.711    10.0382    32.0284      8.001     1.3713 9.9999e+04  1024.6753    10.0370    24.6263     8.9283    272.311    9.15548  279.24097     97.518 0.0000e+00
   40.50274  -73.79536     10.785     10.702    10.0408    32.0277      8.001     1.3713 9.9999e+04  1024.6741    10.0396    24.6254     8.9292    272.330    9.15151  279.11017     97.571 0.0000e+00
   40.50274  -73.79536     10.775     10.692    10.0432    32.0271      8.001     1.3713 9.9999e+04  1024.6732    10.0420    24.6245     8.9192    272.030    9.13703  278.67244     97.616 0.0000e+00
   40.50274  -73.79536     10.755     10.672    10.0446    32.0267      8.001     1.3713 9.9999e+04  1024.6724    10.0434    24.6240     8.9033    271.550    9.12239  278.23355     97.598 0.0000e+00
   40.50274  -73.79536     10.734     10.651    10.0445    32.0267      8.001     1.3713 -9.990e-29  1024.6722    10.0433    24.6238     8.8904    271.166    9.11074  277.88534     97.582 -9.990e-29
   40.50274  -73.79536     10.734     10.651    10.0434    32.0267      8.001     1.3579 9.9999e+04  1024.6722    10.0423    24.6242     8.8881    271.100    9.10346  277.66813     97.635 -9.990e-29
   40.50274  -73.79536     10.713     10.631    10.0403    32.0275      8.001     1.3713 9.9999e+04  1024.6740    10.0391    24.6252     8.8880    271.102    9.09829  277.51477     97.689 0.0000e+00
   40.50274  -73.79536     10.704     10.621    10.0395    32.0282      8.001     1.3713 9.9999e+04  1024.6746    10.0384    24.6259     8.8850    271.011    9.09514  277.42179     97.689 0.0000e+00
   40.50274  -73.79536     10.674     10.591    10.0397    32.0282      8.001     1.3713 9.9999e+04  1024.6745    10.0385    24.6261     8.8891    271.139    9.09388  277.38442     97.749 0.0000e+00
   40.50274  -73.79536     10.669     10.587    10.0407    32.0282      8.001     1.3713 -9.990e-29  1024.6747    10.0395    24.6259     8.8935    271.272    9.09225  277.33547     97.814 0.0000e+00
   40.50274  -73.79536     10.653     10.571    10.0433    32.0278      8.001     1.3579 9.9999e+04  1024.6734    10.0421    24.6250     8.8924    271.242    9.09097  277.29793     97.816 0.0000e+00
   40.50274  -73.79536     10.623     10.541    10.0460    32.0268      8.001     1.3713 9.9999e+04  1024.6719    10.0448    24.6238     8.8988    271.436    9.09185  277.32469     97.877 0.0000e+00
   40.50274  -73.79536     10.613     10.531    10.0482    32.0259      8.001     1.3713 9.9999e+04  1024.6705    10.0470    24.6228     8.8999    271.468    9.09257  277.34524     97.881 0.0000e+00
   40.50274  -73.79536     10.602     10.520    10.0487    32.0256      8.001     1.3713 9.9999e+04  1024.6698    10.0475    24.6222     8.9036    271.582    9.09037  277.27928     97.945 0.0000e+00
   40.50274  -73.79536     10.572     10.490    10.0484    32.0253      8.001     1.3713 9.9999e+04  1024.6699    10.0472    24.6221     8.9078    271.711    9.08871  277.23018     98.009 0.0000e+00
   40.50278  -73.79534     10.553     10.471    10.0489    32.0253      8.001     1.3579 9.9999e+04  1024.6702    10.0477    24.6220     8.9087    271.740    9.08880  277.23209     98.019 0.0000e+00
   40.50278  -73.79534     10.532     10.451    10.0533    32.0251      8.001     1.3713 9.9999e+04  1024.6701    10.0521    24.6207     8.9088    271.742    9.08865  277.22661     98.021 0.0000e+00
   40.50278  -73.79534     10.511     10.430    10.0660    32.0230      8.001     1.3713 9.9999e+04  1024.6654    10.0648    24.6174     8.9126    271.857    9.08720  277.18392     98.078 0.0000e+00
   40.50278  -73.79534     10.481     10.400    10.0790    32.0197      8.001     1.3713 9.9999e+04  1024.6602    10.0779    24.6129     8.9123    271.850    9.08681  277.17224     98.080 0.0000e+00
   40.50278  -73.79534     10.471     10.390    10.0901    32.0167      8.001     1.3579 -9.990e-29  1024.6554    10.0889    24.6088     8.9180    272.022    9.08715  277.18202     98.138 0.0000e+00
   40.50278  -73.79534     10.430     10.350    10.0970    32.0142      8.001     1.3713 9.9999e+04  1024.6528    10.0958    24.6056     8.9183    272.031    9.08734  277.18701     98.140 0.0000e+00
   40.50278  -73.79534     10.421     10.340    10.1028    32.0123      8.001     1.3713 9.9999e+04  1024.6498    10.1016    24.6031     8.9237    272.195    9.08688  277.17206     98.204 0.0000e+00
   40.50278  -73.79534     10.400     10.320    10.1074    32.0123      8.001     1.3713 9.9999e+04  1024.6476    10.1062    24.6020     8.9286    272.344    9.08600  277.14364     98.268 0.0000e+00
   40.50278  -73.79534     10.379     10.299    10.1075    32.0120      8.001     1.3713 9.9999e+04  1024.6500    10.1063    24.6018     8.9331    272.480    9.08421  277.08845     98.337 0.0000e+00
   40.50278  -73.79534     10.339     10.260    10.1174    32.0116      8.001     1.3713 9.9999e+04  1024.6487    10.1163    24.6001     8.9373    272.609    9.08220  277.02786     98.405 0.0000e+00
   40.50278  -73.79534     10.328     10.249    10.1331    32.0093      8.001     1.3713 -9.990e-29  1024.6426    10.1320    24.5960     8.9426    272.771    9.08068  276.98342     98.479 0.0000e+00
   40.50278  -73.79534     10.298     10.219    10.1438    32.0086      8.001     1.3847 9.9999e+04  1024.6369    10.1427    24.5920     8.9437    272.807    9.08073  276.98574     98.491 0.0000e+00
   40.50278  -73.79534     10.258     10.179    10.1473    32.0086      8.001     1.3713 9.9999e+04  1024.6349    10.1461    24.5908     8.9511    273.032    9.08187  277.01996     98.560 0.0000e+00
   40.50278  -73.79534     10.238     10.159    10.1455    32.0086      8.001     1.3713 9.9999e+04  1024.6386    10.1443    24.5928     8.9584    273.255    9.08246  277.03803     98.635 0.0000e+00
   40.50278  -73.79534     10.228     10.149    10.1471    32.0135      8.001     1.3713 9.9999e+04  1024.6433    10.1460    24.5960     8.9604    273.315    9.08289  277.05126     98.651 0.0000e+00
   40.50278  -73.79534     10.055      9.977    10.1577    32.0135      8.001     1.3713 9.9999e+04  1024.6456    10.1566    24.5969     8.9667    273.506    9.08264  277.04357     98.723 -9.990e-29
   40.50278  -73.79534     10.328     10.249    10.1787    32.0135      8.001     1.3847 9.9999e+04  1024.6412    10.1775    24.5938     8.9717    273.662    9.08140  277.00695     98.793 -9.990e-29
   40.50278  -73.79534     10.177     10.099    10.1912    32.0132      8.001     1.3847 9.9999e+04  1024.6335    10.1901    24.5894     8.9766    273.811    9.07949  276.94955     98.867 0.0000e+00
   40.50278  -73.79534     10.085     10.007    10.1904    32.0132      8.001     1.3847 9.9999e+04  1024.6312    10.1893    24.5875     8.9819    273.971    9.07804  276.90497     98.940 0.0000e+00
   40.50278  -73.79534     10.075      9.998    10.1886    32.0132 -9.990e-29     1.3847 9.9999e+04  1024.6337    10.1874    24.5887     8.9819    273.974    9.07666  276.86436     98.956 -9.990e-29
   40.50278  -73.79534     10.085     10.007    10.1992    32.0182      8.001     1.3847 9.9999e+04  1024.6373    10.1980    24.5909     8.9891    274.192    9.07725  276.88257     99.028 -9.990e-29
   40.50278  -73.79534     10.066      9.988    10.2202    32.0225      8.000     1.3713 9.9999e+04  1024.6392    10.2190    24.5916     8.9908    274.245    9.07773  276.89687     99.042 0.0000e+00
   40.50278  -73.79534     10.036      9.958    10.2398    32.0225      8.000     1.3713 9.9999e+04  1024.6348    10.2387    24.5900     8.9971    274.439    9.07777  276.89836     99.112 0.0000e+00
   40.50278  -73.79534      9.994      9.917    10.2473    32.0225      8.000     1.3713 9.9999e+04  1024.6337    10.2462    24.5872     9.0049    274.675    9.07855  276.92155     99.189 0.0000e+00
   40.50276  -73.79538      9.974      9.897    10.2587    32.0204 -9.990e-29     1.3713 9.9999e+04  1024.6285    10.2576    24.5832     9.0066    274.725    9.07899  276.93421     99.202 0.0000e+00
   40.50276  -73.79538      9.964      9.887    10.2739    32.0172 -9.990e-29     1.3713 9.9999e+04  1024.6229    10.2728    24.5787     9.0131    274.923    9.07911  276.93732     99.273 0.0000e+00
   40.50276  -73.79538      9.938      9.861    10.2849    32.0171 -9.990e-29     1.3847 9.9999e+04  1024.6186    10.2838    24.5762     9.0134    274.932    9.07894  276.93193     99.278 0.0000e+00
   40.50276  -73.79538      9.904      9.827    10.2832    32.0166 -9.990e-29     1.3847 9.9999e+04  1024.6212    10.2821    24.5767     9.0192    275.108    9.07852  276.91832     99.346 0.0000e+00
   40.50276  -73.79538      9.883      9.807    10.2755    32.0157 -9.990e-29     1.3847 9.9999e+04  1024.6247    10.2744    24.5776     9.0235    275.241    9.07676  276.86588     99.413 0.0000e+00
   40.50276  -73.79538      9.862      9.786    10.2748    32.0131 -9.990e-29     1.3713 9.9999e+04  1024.6226    10.2737    24.5748     9.0240    275.257    9.07640  276.85619     99.422 0.0000e+00
   40.50276  -73.79538      9.843      9.767    10.2808    32.0131 -9.990e-29     1.3847 9.9999e+04  1024.6095    10.2797    24.5704     9.0320    275.500    9.07843  276.91729     99.488 0.0000e+00
