CalculateIndicators/WaterTemperature/Data/CTD_NYOS/202200730_C27.cnv
* Sea-Bird SBE 9 Data File:
* FileName = C:\Seabird 9 CTD\Data\2022\202207_offshore\202200730_C27.hex
* Software Version Seasave V 7.23.2
* Temperature SN = 4590
* Conductivity SN = 3228
* Number of Bytes Per Scan = 44
* Number of Voltage Words = 5
* Number of Scans Averaged by the Deck Unit = 1
* NMEA Latitude = 40 34.23 N
* NMEA Longitude = 072 05.27 W
* NMEA UTC (Time) = Dec 14 2002  12:15:42
* NMEA baud rate = 4800
** Ship: seawolf
** Station: 2.2
** Operator: TCM
# nquan = 18
# nvalues = 12986                       
# units = specified
# name 0 = latitude: Latitude [deg]
# name 1 = longitude: Longitude [deg]
# name 2 = prDM: Pressure, Digiquartz [db]
# name 3 = depSM: Depth [salt water, m]
# name 4 = t090C: Temperature [ITS-90, deg C]
# name 5 = sal00: Salinity, Practical [PSU]
# name 6 = ph: pH
# name 7 = flECO-AFL: Fluorescence, WET Labs ECO-AFL/FL [mg/m^3]
# name 8 = cpar: CPAR/Corrected Irradiance [%]
# name 9 = density00: Density [density, kg/m^3]
# name 10 = potemp090C: Potential Temperature [ITS-90, deg C]
# name 11 = sigma-é00: Density [sigma-theta, kg/m^3]
# name 12 = sbeox0Mg/L: Oxygen, SBE 43 [mg/l]
# name 13 = sbox0Mm/Kg: Oxygen, SBE 43 [umol/kg]
# name 14 = oxsolMg/L: Oxygen Saturation, Garcia & Gordon [mg/l]
# name 15 = oxsolMm/Kg: Oxygen Saturation, Garcia & Gordon [umol/kg]
# name 16 = sbeox0PS: Oxygen, SBE 43 [% saturation]
# name 17 = flag:  0.000e+00
# span 0 =   40.56992,   40.57062       
# span 1 =  -72.08866,  -72.08782       
# span 2 =      1.607,     49.582       
# span 3 =      1.595,     49.194       
# span 4 =     8.5856,    23.0441       
# span 5 =    31.6423,    33.9021       
# span 6 =      7.895,      8.254       
# span 7 =    -0.0389,     2.6338       
# span 8 = 2.0196e-03, 2.2809e+01       
# span 9 =  1021.6289,  1026.0643       
# span 10 =     8.5816,    23.0436      
# span 11 =    21.6197,    25.5900      
# span 12 =     6.6574,    10.9547      
# span 13 =    202.865,    334.028      
# span 14 =    7.12747,    9.43382      
# span 15 =  218.02262,  287.45897      
# span 16 =     70.672,    133.037      
# span 17 = 0.0000e+00, 0.0000e+00      
# interval = seconds: 0.0416667
# start_time = Jul 30 2022 12:15:40 [System UTC, first data scan.]
# bad_flag = -9.990e-29
*END*
[from data line 1448]
   40.57056 -9.990e-29     12.430     12.334    11.5770    32.9395      8.220     1.6131 1.4284e+00  1025.1230    11.5755    25.0676    10.1456    309.290    8.89504  271.16614    114.059 0.0000e+00
   40.57056 -9.990e-29     12.440     12.344    11.5676    32.9377      8.220     1.6265 1.4248e+00  1025.1235    11.5660    25.0679    10.1293    308.792    8.89559  271.18269    113.869 0.0000e+00
   40.57056 -9.990e-29     12.444     12.348    11.5592    32.9365      8.220     1.6131 1.4252e+00  1025.1245    11.5577    25.0685    10.1201    308.512    8.89639  271.20717    113.755 0.0000e+00
   40.57056 -9.990e-29     12.461     12.364    11.5521    32.9365      8.220     1.6131 1.4297e+00  1025.1247    11.5505    25.0690    10.0979    307.835    8.89727  271.23392    113.494 -9.990e-29
   40.57056 -9.990e-29     12.461     12.364    11.5446    32.9365      8.220     1.6131 1.4301e+00  1025.1252    11.5430    25.0699    10.0882    307.540    8.89797  271.25508    113.377 -9.990e-29
   40.57056 -9.990e-29     12.463     12.367    11.5389    32.9382      8.220     1.6131 1.4266e+00  1025.1257    11.5374    25.0731    10.0787    307.250    8.89847  271.27010    113.263 -9.990e-29
   40.57056 -9.990e-29     12.481     12.385    11.5351    32.9480      8.220     1.6265 1.4311e+00  1025.1361    11.5335    25.0797    10.0631    306.774    8.89882  271.28046    113.084 0.0000e+00
   40.57056 -9.990e-29     12.500     12.404    11.5636    32.9628      8.220     1.6265 1.4275e+00  1025.1439    11.5620    25.0877    10.0467    306.274    8.89918  271.29147    112.895 0.0000e+00
   40.57056 -9.990e-29     12.505     12.408    11.5937    32.9669      8.220     1.6131 1.4280e+00  1025.1560    11.5922    25.0910    10.0372    305.985    8.89951  271.30149    112.784 0.0000e+00
   40.57056 -9.990e-29     12.511     12.415    11.6323    32.9669      8.220     1.6131 1.4326e+00  1025.1427    11.6307    25.0847    10.0284    305.715    8.89993  271.31441    112.679 0.0000e+00
   40.57056 -9.990e-29     12.525     12.428    11.6606    32.9669      8.220     1.6131 1.4291e+00  1025.1264    11.6590    25.0743    10.0009    304.878    8.90058  271.33410    112.363 0.0000e+00
   40.57054 -9.990e-29     12.531     12.434    11.6774    32.9640      8.220     1.6131 1.4273e+00  1025.1227    11.6758    25.0677     9.9917    304.597    8.90132  271.35676    112.250 0.0000e+00
   40.57054 -9.990e-29     12.551     12.454    11.7033    32.9639      8.220     1.6265 1.4279e+00  1025.1221    11.7017    25.0628     9.9824    304.312    8.90202  271.37795    112.136 0.0000e+00
   40.57054 -9.990e-29     12.555     12.458    11.7389    32.9607      8.215     1.6265 1.4284e+00  1025.1128    11.7373    25.0547     9.9740    304.058    8.90258  271.39472    112.035 0.0000e+00
   40.57054 -9.990e-29     12.572     12.475    11.7689    32.9528      8.215     1.6265 1.4250e+00  1025.0996    11.7673    25.0437     9.9590    303.601    8.90298  271.40662    111.862 0.0000e+00
   40.57054 -9.990e-29     12.575     12.477    11.7899    32.9394      8.214     1.6265 1.4273e+00  1025.0904    11.7883    25.0308     9.9445    303.158    8.90328  271.41580    111.695 0.0000e+00
   40.57054 -9.990e-29     12.602     12.505    11.7929    32.9181      8.214     1.6131 1.4279e+00  1025.0687    11.7913    25.0172     9.9296    302.704    8.90377  271.43052    111.522 0.0000e+00
   40.57054 -9.990e-29     12.612     12.514    11.7127    32.8963      8.215     1.6131 1.4222e+00  1025.0588    11.7112    25.0109     9.9213    302.449    8.90433  271.44764    111.421 0.0000e+00
   40.57054 -9.990e-29     12.616     12.518    11.6157    32.8963      8.215     1.6131 1.4228e+00  1025.0698    11.6142    25.0175     9.9073    302.023    8.90501  271.46842    111.255 0.0000e+00
   40.57054 -9.990e-29     12.623     12.525    11.5476    32.8963      8.216     1.6131 1.4251e+00  1025.0891    11.5460    25.0321     9.8934    301.599    8.90578  271.49191    111.089 0.0000e+00
   40.57054 -9.990e-29     12.643     12.546    11.5026    32.8979      8.216     1.6265 1.4217e+00  1025.1063    11.5011    25.0476     9.8796    301.178    8.90652  271.51438    110.925 0.0000e+00
   40.57054 -9.990e-29     12.656     12.558    11.4715    32.9058      8.211     1.6131 1.4160e+00  1025.1190    11.4700    25.0599     9.8716    300.933    8.90721  271.53522    110.827 0.0000e+00
   40.57054 -9.990e-29     12.663     12.565    11.4493    32.9112      8.211     1.6265 1.4207e+00  1025.1265    11.4478    25.0685     9.8514    300.318    8.90791  271.55613    110.591 0.0000e+00
   40.57054 -9.990e-29     12.686     12.588    11.4313    32.9144      8.211     1.6131 1.4150e+00  1025.1320    11.4298    25.0744     9.8435    300.077    8.90849  271.57393    110.495 -9.990e-29
   40.57054 -9.990e-29     12.683     12.585    11.4164    32.9165      8.211     1.6265 1.4094e+00  1025.1361    11.4149    25.0788     9.8299    299.663    8.90914  271.59342    110.335 -9.990e-29
   40.57054 -9.990e-29     12.704     12.606    11.4046    32.9183      8.211     1.7071 1.4117e+00  1025.1396    11.4030    25.0824     9.8165    299.253    8.90973  271.61146    110.177 0.0000e+00
   40.57054 -9.990e-29     12.727     12.629    11.3944    32.9200      8.211     1.7608 1.4061e+00  1025.1430    11.3928    25.0856     9.8026    298.830    8.91038  271.63125    110.013 0.0000e+00
   40.57054 -9.990e-29     12.734     12.636    11.3853    32.9219      8.207     1.7742 1.4029e+00  1025.1454    11.3838    25.0886     9.7889    298.411    8.91098  271.64929    109.852 0.0000e+00
   40.57054 -9.990e-29     12.737     12.638    11.3782    32.9219      8.207     1.7608 1.4052e+00  1025.1495    11.3767    25.0913     9.7817    298.194    8.91156  271.66686    109.765 0.0000e+00
   40.57054 -9.990e-29     12.744     12.645    11.3807    32.9219      8.207     1.7608 1.3996e+00  1025.1532    11.3792    25.0911     9.7682    297.783    8.91206  271.68181    109.607 0.0000e+00
   40.57054 -9.990e-29     12.764     12.666    11.3966    32.9213      8.207     1.7608 1.3941e+00  1025.1413    11.3950    25.0874     9.7548    297.372    8.91240  271.69126    109.452 0.0000e+00
   40.57054 -9.990e-29     12.778     12.679    11.3921    32.9208      8.202     1.7608 1.3925e+00  1025.1411    11.3906    25.0860     9.7411    296.952    8.91229  271.68691    109.299 0.0000e+00
   40.57054 -9.990e-29     12.785     12.686    11.3871    32.9200      8.202     1.7608 1.3909e+00  1025.1471    11.3855    25.0871     9.7331    296.710    8.91135  271.65842    109.222 0.0000e+00
   40.57054 -9.990e-29     12.808     12.709    11.3931    32.9196      8.202     1.7608 1.3854e+00  1025.1452    11.3915    25.0861     9.7178    296.245    8.90935  271.59918    109.074 0.0000e+00
   40.57054 -9.990e-29     12.815     12.716    11.3973    32.9168      8.202     1.7608 1.3877e+00  1025.1390    11.3957    25.0830     9.7024    295.778    8.90705  271.53245    108.929 -9.990e-29
   40.57054 -9.990e-29     12.815     12.716    11.3954    32.9117      8.197     1.7608 1.3822e+00  1025.1405    11.3938    25.0784     9.6895    295.385    8.90674  271.52358    108.788 -9.990e-29
   40.57054 -9.990e-29     12.839     12.739    11.4107    32.9042      8.197     1.7608 1.3767e+00  1025.1253    11.4091    25.0723     9.6767    294.995    8.90687  271.52661    108.643 0.0000e+00
   40.57054 -9.990e-29     12.855     12.756    11.3991    32.9042      8.197     1.7608 1.3752e+00  1025.1236    11.3975    25.0707     9.6637    294.598    8.90591  271.49749    108.509 0.0000e+00
   40.57054 -9.990e-29     12.859     12.760    11.3723    32.9042      8.197     1.7608 1.3736e+00  1025.1336    11.3707    25.0760     9.6577    294.415    8.90573  271.49137    108.443 0.0000e+00
   40.57054 -9.990e-29     12.876     12.776    11.3509    32.9074      8.193     1.7608 1.3682e+00  1025.1420    11.3493    25.0834     9.6459    294.054    8.90585  271.49427    108.309 0.0000e+00
   40.57054 -9.990e-29     12.880     12.780    11.3354    32.9116      8.193     1.7608 1.3705e+00  1025.1484    11.3338    25.0895     9.6344    293.703    8.90657  271.51462    108.172 0.0000e+00
   40.57054 -9.990e-29     12.906     12.806    11.3235    32.9147      8.193     1.7608 1.3690e+00  1025.1526    11.3220    25.0941     9.6211    293.297    8.90588  271.49340    108.031 -9.990e-29
   40.57054 -9.990e-29     12.906     12.806    11.3143    32.9170      8.193     1.7608 1.3613e+00  1025.1560    11.3127    25.0977     9.6078    292.893    8.90492  271.46456    107.894 -9.990e-29
   40.57054 -9.990e-29     12.929     12.829    11.3073    32.9188      8.193     1.7608 1.3598e+00  1025.1589    11.3057    25.1004     9.6008    292.680    8.90402  271.43929    107.825 0.0000e+00
   40.57054 -9.990e-29     12.936     12.836    11.3023    32.9201      8.188     1.7608 1.3621e+00  1025.1608    11.3007    25.1023     9.5960    292.535    8.90430  271.44939    107.768 0.0000e+00
   40.57054 -9.990e-29     12.950     12.850    11.2981    32.9208      8.188     1.7608 1.3506e+00  1025.1621    11.2965    25.1037     9.5854    292.213    8.90548  271.48611    107.635 0.0000e+00
   40.57054 -9.990e-29     12.968     12.867    11.2947    32.9211      8.188     1.7608 1.3491e+00  1025.1628    11.2932    25.1046     9.5811    292.081    8.90682  271.52704    107.570 0.0000e+00
   40.57054 -9.990e-29     12.971     12.870    11.2916    32.9211      8.188     1.7608 1.3491e+00  1025.1638    11.2900    25.1054     9.5645    291.575    8.90852  271.57794    107.363 0.0000e+00
   40.57054 -9.990e-29     12.987     12.887    11.2891    32.9211      8.188     1.7742 1.3400e+00  1025.1643    11.2875    25.1059     9.5603    291.447    8.91005  271.62320    107.298 0.0000e+00
   40.57054 -9.990e-29     12.998     12.898    11.2863    32.9209      8.188     1.7474 1.3385e+00  1025.1647    11.2847    25.1060     9.5493    291.109    8.91090  271.64848    107.164 0.0000e+00
   40.57054 -9.990e-29     13.011     12.910    11.2826    32.9201      8.188     1.7205 1.3385e+00  1025.1640    11.2811    25.1060     9.5439    290.946    8.91141  271.66380    107.098 0.0000e+00
   40.57054 -9.990e-29     13.017     12.917    11.2780    32.9201      8.184     1.7071 1.3310e+00  1025.1649    11.2764    25.1065     9.5390    290.797    8.91149  271.66695    107.042 0.0000e+00
   40.57054  -72.08802     13.041     12.940    11.2741    32.9201      8.184     1.7205 1.3258e+00  1025.1660    11.2725    25.1073     9.5273    290.441    8.91161  271.67127    106.909 -9.990e-29
   40.57054  -72.08802     13.028     12.928    11.2715    32.9200      8.184     1.7205 1.3220e+00  1025.1665    11.2699    25.1080     9.5234    290.320    8.91268  271.70316    106.852 -9.990e-29
   40.57054  -72.08802     13.072     12.971    11.2695    32.9200      8.184     1.7205 1.3183e+00  1025.1674    11.2679    25.1085     9.5142    290.038    8.91407  271.74430    106.732 -9.990e-29
   40.57054  -72.08802     13.068     12.967    11.2677    32.9200      8.184     1.7205 1.3131e+00  1025.1675    11.2661    25.1087     9.5104    289.924    8.91487  271.76815    106.680 -9.990e-29
   40.57054  -72.08802     13.079     12.978    11.2662    32.9196      8.184     1.7205 1.3131e+00  1025.1673    11.2646    25.1086     9.5000    289.604    8.91521  271.77846    106.559 0.0000e+00
   40.57054  -72.08802     13.112     13.011    11.2640    32.9191      8.179     1.7205 1.3094e+00  1025.1676    11.2624    25.1086     9.4974    289.526    8.91667  271.82241    106.513 -9.990e-29
   40.57054  -72.08802     13.099     12.997    11.2609    32.9185      8.179     1.7205 1.3006e+00  1025.1674    11.2593    25.1088     9.4961    289.486    8.91851  271.87764    106.477 -9.990e-29
   40.57054  -72.08802     13.122     13.020    11.2570    32.9185      8.179     1.7205 1.3006e+00  1025.1679    11.2554    25.1091     9.4866    289.194    8.91960  271.91022    106.356 0.0000e+00
   40.57054  -72.08802     13.130     13.028    11.2534    32.9185      8.179     1.7205 1.2969e+00  1025.1685    11.2518    25.1097     9.4832    289.091    8.92029  271.93066    106.310 0.0000e+00
   40.57054  -72.08802     13.143     13.041    11.2502    32.9186      8.179     1.7205 1.2896e+00  1025.1697    11.2486    25.1105     9.4807    289.013    8.92097  271.95077    106.274 0.0000e+00
   40.57054  -72.08802     13.149     13.048    11.2479    32.9186      8.179     1.7205 1.2882e+00  1025.1707    11.2463    25.1112     9.4725    288.762    8.92164  271.97054    106.174 0.0000e+00
   40.57054  -72.08802     13.154     13.052    11.2466    32.9186      8.174     1.7205 1.2882e+00  1025.1704    11.2450    25.1114     9.4702    288.694    8.92224  271.98878    106.142 0.0000e+00
   40.57054  -72.08802     13.170     13.068    11.2441    32.9182      8.174     1.7205 1.2809e+00  1025.1707    11.2425    25.1116     9.4682    288.631    8.92279  272.00584    106.112 0.0000e+00
   40.57054  -72.08802     13.173     13.071    11.2412    32.9178      8.174     1.7205 1.2773e+00  1025.1710    11.2396    25.1117     9.4597    288.373    8.92333  272.02195    106.011 0.0000e+00
   40.57054  -72.08802     13.200     13.098    11.2379    32.9172      8.174     1.7205 1.2795e+00  1025.1709    11.2363    25.1118     9.4574    288.302    8.92338  272.02244    105.985 -9.990e-29
   40.57054  -72.08802     13.191     13.089    11.2339    32.9166      8.174     1.7071 1.2759e+00  1025.1714    11.2323    25.1120     9.4466    287.973    8.92139  271.96205    105.887 -9.990e-29
   40.57054  -72.08802     13.214     13.112    11.2303    32.9162      8.170     1.7205 1.2723e+00  1025.1716    11.2287    25.1124     9.4413    287.813    8.91897  271.88932    105.857 -9.990e-29
   40.57054  -72.08802     13.211     13.109    11.2266    32.9162      8.170     1.7071 1.2723e+00  1025.1723    11.2250    25.1130     9.4368    287.676    8.91708  271.83385    105.828 -9.990e-29
   40.57054  -72.08802     13.224     13.121    11.2228    32.9162      8.170     1.7205 1.2651e+00  1025.1733    11.2212    25.1137     9.4349    287.620    8.91705  271.83325    105.808 0.0000e+00
   40.57054  -72.08802     13.231     13.128    11.2198    32.9161      8.170     1.7205 1.2651e+00  1025.1736    11.2182    25.1142     9.4271    287.382    8.91795  271.86010    105.710 0.0000e+00
   40.57054  -72.08802     13.244     13.142    11.2165    32.9160      8.170     1.7205 1.2651e+00  1025.1742    11.2149    25.1147     9.4261    287.351    8.91911  271.89467    105.685 0.0000e+00
   40.57054  -72.08802     13.251     13.149    11.2134    32.9158      8.170     1.7608 1.2638e+00  1025.1746    11.2118    25.1151     9.4189    287.130    8.92038  271.93252    105.589 -9.990e-29
   40.57054  -72.08802     13.244     13.142    11.2100    32.9158      8.165     1.9085 1.2602e+00  1025.1751    11.2084    25.1156     9.4234    287.265    8.92103  271.95178    105.631 -9.990e-29
   40.57054  -72.08802     13.261     13.158    11.2069    32.9158      8.165     1.9623 1.2602e+00  1025.1758    11.2052    25.1161     9.4156    287.030    8.92174  271.97479    105.536 0.0000e+00
   40.57054  -72.08802     13.265     13.162    11.2039    32.9158      8.165     1.9623 1.2566e+00  1025.1762    11.2023    25.1167     9.4159    287.038    8.92441  272.05640    105.507 -9.990e-29
   40.57054  -72.08802     13.261     13.158    11.2012    32.9170      8.165     1.9488 1.2531e+00  1025.1768    11.1996    25.1181     9.4106    286.876    8.92731  272.14395    105.413 -9.990e-29
   40.57054  -72.08802     13.275     13.172    11.1984    32.9197      8.165     1.9623 1.2531e+00  1025.1800    11.1968    25.1206     9.4167    287.062    8.92941  272.20726    105.457 -9.990e-29
