CalculateIndicators/WaterTemperature/Data/CTD_NYOS/202200730_C25.cnv
* Sea-Bird SBE 9 Data File:
* FileName = C:\Seabird 9 CTD\Data\2022\202207_offshore\202200730_C25.hex
* Software Version Seasave V 7.23.2
* Temperature SN = 4590
* Conductivity SN = 3228
* Number of Bytes Per Scan = 44
* Number of Voltage Words = 5
* Number of Scans Averaged by the Deck Unit = 1
* NMEA Latitude = 40 45.00 N
* NMEA Longitude = 072 30.65 W
* NMEA UTC (Time) = Dec 14 2002  06:21:06
* NMEA baud rate = 4800
** Ship: seawolf
** Station: 3.1
** Operator: TDK
# nquan = 18
# nvalues = 9684                        
# units = specified
# name 0 = latitude: Latitude [deg]
# name 1 = longitude: Longitude [deg]
# name 2 = prDM: Pressure, Digiquartz [db]
# name 3 = depSM: Depth [salt water, m]
# name 4 = t090C: Temperature [ITS-90, deg C]
# name 5 = sal00: Salinity, Practical [PSU]
# name 6 = ph: pH
# name 7 = flECO-AFL: Fluorescence, WET Labs ECO-AFL/FL [mg/m^3]
# name 8 = cpar: CPAR/Corrected Irradiance [%]
# name 9 = density00: Density [density, kg/m^3]
# name 10 = potemp090C: Potential Temperature [ITS-90, deg C]
# name 11 = sigma-é00: Density [sigma-theta, kg/m^3]
# name 12 = sbeox0Mg/L: Oxygen, SBE 43 [mg/l]
# name 13 = sbox0Mm/Kg: Oxygen, SBE 43 [umol/kg]
# name 14 = oxsolMg/L: Oxygen Saturation, Garcia & Gordon [mg/l]
# name 15 = oxsolMm/Kg: Oxygen Saturation, Garcia & Gordon [umol/kg]
# name 16 = sbeox0PS: Oxygen, SBE 43 [% saturation]
# name 17 = flag:  0.000e+00
# span 0 =   40.74976,   40.75006       
# span 1 =  -72.51188,  -72.51082       
# span 2 =      1.746,     24.472       
# span 3 =      1.732,     24.282       
# span 4 =    11.6575,    21.8182       
# span 5 =    30.6842,    33.8998       
# span 6 =      8.060,      8.168       
# span 7 =     0.3371,     1.3579       
# span 8 = 5.0640e-11, 9.9999e+04       
# span 9 =  1021.4372,  1025.2496       
# span 10 =    11.6545,    21.8178      
# span 11 =    21.4233,    25.1702      
# span 12 =     5.8792,     9.5259      
# span 13 =    179.621,    290.526      
# span 14 =    7.31090,    8.83730      
# span 15 =  223.66167,  269.46631      
# span 16 =     75.533,    113.435      
# span 17 = 0.0000e+00, 0.0000e+00      
# interval = seconds: 0.0416667
# start_time = Jul 30 2022 06:21:04 [System UTC, first data scan.]
# bad_flag = -9.990e-29
*END*
[from data line 1046]
   40.75004  -72.51098     14.090     13.980    17.4675    32.4421      8.140     0.6326 5.0640e-11  1023.5045    17.4651    23.4424     8.0514    245.836    7.87479  240.44415    102.243 0.0000e+00
   40.75004  -72.51098     14.108     13.998    17.4642    32.4524      8.140     0.6326 5.0640e-11  1023.5131    17.4619    23.4510     8.0103    244.564    7.87030  240.29076    101.778 -9.990e-29
   40.75004  -72.51098     14.110     14.001    17.4616    32.4617      8.140     0.6192 5.0640e-11  1023.5210    17.4593    23.4588     7.9808    243.671    7.87200  240.34971    101.382 -9.990e-29
   40.75004  -72.51098     14.138     14.028    17.4593    32.4702      8.135     0.6326 5.0640e-11  1023.5280    17.4570    23.4658     7.9474    242.661    7.87455  240.43762    100.925 0.0000e+00
   40.75004  -72.51098     14.141     14.031    17.4575    32.4782      8.140     0.6326 5.0640e-11  1023.5343    17.4552    23.4724     7.9159    241.697    7.87326  240.39397    100.542 0.0000e+00
   40.75004  -72.51098     14.150     14.040    17.4558    32.4859      8.136     0.6326 5.0640e-11  1023.5410    17.4535    23.4787     7.8850    240.749    7.87203  240.35254    100.165 0.0000e+00
   40.75004  -72.51098     14.179     14.069    17.4543    32.4931      8.136     0.6326 5.0640e-11  1023.5468    17.4519    23.4846     7.8445    239.509    7.87126  240.32701     99.660 0.0000e+00
   40.75004  -72.51098     14.191     14.081    17.4532    32.4999      8.136     0.6326 5.0640e-11  1023.5525    17.4509    23.4901     7.8191    238.727    7.86937  240.26279     99.361 0.0000e+00
   40.75004  -72.51098     14.198     14.088    17.4520    32.5063      8.136     0.6326 5.0640e-11  1023.5574    17.4497    23.4953     7.7832    237.625    7.86699  240.18176     98.935 0.0000e+00
   40.75004  -72.51098     14.222     14.111    17.4512    32.5126      8.136     0.6326 5.0640e-11  1023.5627    17.4488    23.5004     7.7501    236.612    7.86660  240.16931     98.519 0.0000e+00
   40.75004  -72.51098     14.240     14.129    17.4499    32.5188      8.136     0.6326 5.0640e-11  1023.5677    17.4476    23.5054     7.7229    235.783    7.86635  240.16169     98.177 -9.990e-29
   40.75004  -72.51098     14.241     14.130    17.4491    32.5248      8.136     0.6326 5.0640e-11  1023.5726    17.4467    23.5102     7.6923    234.855    7.86777  240.21121     97.770 -9.990e-29
   40.75004  -72.51098     14.273     14.162    17.4486    32.5306      8.136     0.6326 5.0640e-11  1023.5772    17.4462    23.5148     7.6642    233.988    7.86560  240.13761     97.439 0.0000e+00
   40.75004  -72.51098     14.300     14.189    17.4473    32.5362      8.136     0.6326 5.0640e-11  1023.5821    17.4450    23.5192     7.6327    233.023    7.86426  240.09275     97.055 0.0000e+00
   40.75004  -72.51098     14.303     14.192    17.4470    32.5414      8.136     0.6326 5.0640e-11  1023.5859    17.4447    23.5234     7.6060    232.201    7.86202  240.01669     96.744 0.0000e+00
   40.75004  -72.51098     14.322     14.211    17.4465    32.5466      8.131     0.6326 5.0640e-11  1023.5902    17.4441    23.5275     7.5778    231.325    7.85757  239.86541     96.440 0.0000e+00
   40.75004  -72.51098     14.351     14.240    17.4458    32.5518      8.131     0.6326 5.0640e-11  1023.5945    17.4434    23.5316     7.5549    230.627    7.85751  239.86402     96.149 -9.990e-29
   40.75004  -72.51098     14.352     14.241    17.4453    32.5567      8.136     0.6057 5.0640e-11  1023.5985    17.4429    23.5354     7.5275    229.791    7.85767  239.87107     95.798 -9.990e-29
   40.75004  -72.51098     14.381     14.270    17.4451    32.5612      8.131     0.5789 5.0640e-11  1023.6019    17.4427    23.5390     7.5057    229.126    7.85765  239.87116     95.521 0.0000e+00
   40.75004  -72.51098     14.403     14.291    17.4444    32.5658      8.136     0.5789 5.0640e-11  1023.6055    17.4420    23.5426     7.4850    228.498    7.85802  239.88492     95.253 0.0000e+00
   40.75004  -72.51098     14.414     14.302    17.4438    32.5703      8.131     0.5789 5.0640e-11  1023.6097    17.4414    23.5462     7.4629    227.816    7.85593  239.81446     94.997 0.0000e+00
   40.75004  -72.51098     14.432     14.320    17.4438    32.5744      8.136     0.5789 5.0640e-11  1023.6127    17.4414    23.5494     7.4318    226.845    7.84972  239.60277     94.676 0.0000e+00
   40.75004  -72.51098     14.465     14.353    17.4437    32.5781      8.136     0.5789 5.0640e-11  1023.6154    17.4413    23.5522     7.4095    226.156    7.84655  239.49535     94.430 0.0000e+00
   40.75004  -72.51098     14.483     14.371    17.4432    32.5817      8.131     0.5789 5.0640e-11  1023.6186    17.4408    23.5551     7.3896    225.543    7.84525  239.45219     94.191 0.0000e+00
   40.75004  -72.51098     14.495     14.383    17.4427    32.5850      8.136     0.5789 5.0640e-11  1023.6215    17.4403    23.5578     7.3653    224.799    7.84418  239.41660     93.895 0.0000e+00
   40.75004  -72.51098     14.515     14.402    17.4429    32.5880      8.136     0.5789 5.0640e-11  1023.6236    17.4405    23.5601     7.3462    224.214    7.84308  239.38029     93.664 0.0000e+00
   40.75004  -72.51098     14.544     14.431    17.4427    32.5907      8.136     0.5789 5.0640e-11  1023.6258    17.4403    23.5622     7.3277    223.648    7.84204  239.34608     93.441 0.0000e+00
   40.75004  -72.51098     14.566     14.453    17.4425    32.5933      8.136     0.5789 5.0640e-11  1023.6280    17.4401    23.5642     7.3098    223.101    7.84103  239.31253     93.226 0.0000e+00
   40.75004  -72.51098     14.596     14.483    17.4424    32.5956      8.136     0.5789 5.0640e-11  1023.6299    17.4400    23.5660     7.2922    222.561    7.84007  239.28136     93.012 0.0000e+00
   40.75004  -72.51098     14.604     14.491    17.4422    32.5976      8.136     0.5789 5.0640e-11  1023.6318    17.4398    23.5676     7.2749    222.030    7.83918  239.25235     92.802 0.0000e+00
   40.75004  -72.51098     14.647     14.533    17.4422    32.5992      8.140     0.5789 5.0640e-11  1023.6331    17.4398    23.5687     7.2586    221.532    7.83840  239.22660     92.603 0.0000e+00
   40.75004  -72.51098     14.658     14.544    17.4425    32.5992      8.140     0.5789 5.0640e-11  1023.6338    17.4401    23.5694     7.2425    221.040    7.83758  239.20001     92.408 0.0000e+00
   40.75004  -72.51098     14.685     14.571    17.4422    32.5992      8.140     0.5789 5.0640e-11  1023.6344    17.4397    23.5689     7.2213    220.391    7.83686  239.17686     92.145 0.0000e+00
   40.75004  -72.51098     14.707     14.593    17.4425    32.5964      8.140     0.5789 5.0640e-11  1023.6317    17.4401    23.5666     7.2058    219.917    7.83619  239.15536     91.956 0.0000e+00
   40.75004  -72.51098     14.736     14.622    17.4425    32.5912      8.140     0.5789 5.0640e-11  1023.6279    17.4401    23.5626     7.1903    219.442    7.83561  239.13683     91.764 0.0000e+00
   40.75004  -72.51098     14.749     14.634    17.4427    32.5849      8.140     0.5789 5.0640e-11  1023.6216    17.4403    23.5578     7.1750    218.975    7.83504  239.11894     91.576 0.0000e+00
   40.75004  -72.51098     14.779     14.664    17.4431    32.5794      8.145     0.5789 5.0640e-11  1023.6176    17.4406    23.5534     7.1601    218.520    7.83467  239.10748     91.390 0.0000e+00
   40.75004  -72.51098     14.808     14.693    17.4432    32.5750      8.145     0.5789 5.0640e-11  1023.6149    17.4407    23.5500     7.1509    218.239    7.83429  239.09595     91.277 0.0000e+00
   40.75004  -72.51098     14.830     14.715    17.4434    32.5695      8.145     0.5789 5.0640e-11  1023.6128    17.4409    23.5457     7.1369    217.813    7.83400  239.08732     91.102 0.0000e+00
   40.75004  -72.51098     14.860     14.745    17.4437    32.5563      8.145     0.5789 5.0640e-11  1023.6082    17.4413    23.5355     7.1177    217.228    7.83377  239.08081     90.860 0.0000e+00
   40.75004  -72.51098     14.879     14.764    17.4446    32.5276      8.149     0.5789 5.0640e-11  1023.5860    17.4422    23.5135     7.1094    216.973    7.83357  239.07554     90.755 0.0000e+00
   40.75004  -72.51098     14.901     14.786    17.4446    32.4917      8.149     0.5654 5.0640e-11  1023.5401    17.4422    23.4858     7.0903    216.393    7.83344  239.07252     90.514 0.0000e+00
   40.75004  -72.51098     14.932     14.816    17.4453    32.4682      8.149     0.5520 5.0640e-11  1023.5278    17.4428    23.4678     7.0820    216.140    7.83329  239.06878     90.409 0.0000e+00
   40.75004  -72.51098     14.951     14.835    17.4460    32.4572      8.149     0.5520 5.0640e-11  1023.5265    17.4435    23.4592     7.0634    215.573    7.83320  239.06670     90.173 0.0000e+00
   40.75004  -72.51098     15.000     14.884    17.4463    32.4482      8.149     0.5520 5.0640e-11  1023.5161    17.4439    23.4521     7.0552    215.322    7.83311  239.06520     90.068 0.0000e+00
   40.75004  -72.51098     15.022     14.906    17.4472    32.4482      8.149     0.5520 5.0640e-11  1023.5103    17.4447    23.4467     7.0424    214.934    7.83302  239.06350     89.907 0.0000e+00
   40.75004  -72.51098     15.043     14.926    17.4475    32.4482      8.149     0.5520 5.0640e-11  1023.5083    17.4451    23.4458     7.0295    214.540    7.83293  239.06191     89.742 0.0000e+00
   40.75004  -72.51098     15.072     14.955    17.4487    32.4556      8.154     0.5520 5.0640e-11  1023.5067    17.4462    23.4573     7.0167    214.151    7.83286  239.06079     89.580 0.0000e+00
   40.75004  -72.51098     15.104     14.986    17.4494    32.4978      8.154     0.5520 5.0640e-11  1023.5490    17.4469    23.4894     7.0038    213.758    7.83287  239.06242     89.415 0.0000e+00
   40.75004  -72.51098     15.124     15.007    17.4501    32.5121      8.154     0.5520 5.0640e-11  1023.6195    17.4476    23.5192     6.9911    213.372    7.83294  239.06603     89.252 0.0000e+00
   40.75004  -72.51098     15.153     15.035    17.4513    32.5137      8.154     0.5654 5.0640e-11  1023.5891    17.4488    23.5161     6.9837    213.150    7.83319  239.07554     89.156 0.0000e+00
   40.75004  -72.51098     15.164     15.046    17.4520    32.5310      8.154     0.5520 5.0640e-11  1023.5462    17.4495    23.4997     6.9715    212.777    7.83341  239.08454     88.996 0.0000e+00
   40.75004  -72.51098     15.185     15.067    17.4530    32.5310      8.154     0.5520 5.0640e-11  1023.5643    17.4505    23.5007     6.9644    212.564    7.83373  239.09670     88.903 0.0000e+00
   40.75004  -72.51098     15.226     15.108    17.4543    32.5310      8.159     0.5520 5.0640e-11  1023.5811    17.4518    23.5136     6.9525    212.203    7.83414  239.11184     88.746 0.0000e+00
   40.75004  -72.51098     15.255     15.136    17.4553    32.5528      8.159     0.5520 5.0640e-11  1023.5908    17.4528    23.5301     6.9409    211.850    7.83472  239.13254     88.591 0.0000e+00
   40.75004  -72.51098     15.266     15.147    17.4567    32.5829      8.154     0.5520 5.0640e-11  1023.6177    17.4541    23.5529     6.9394    211.809    7.83536  239.15574     88.565 0.0000e+00
   40.75004  -72.51098     15.286     15.168    17.4577    32.6122      8.159     0.5520 5.0640e-11  1023.6534    17.4552    23.5751     6.9284    211.475    7.83604  239.17993     88.417 0.0000e+00
   40.75004  -72.51098     15.325     15.206    17.4591    32.6211      8.159     0.5520 5.0640e-11  1023.6562    17.4565    23.5852     6.9226    211.302    7.83694  239.21155     88.333 0.0000e+00
   40.75004  -72.51098     15.347     15.228    17.4604    32.6231      8.159     0.5520 5.0640e-11  1023.6566    17.4579    23.5827     6.9168    211.130    7.83788  239.24451     88.249 0.0000e+00
   40.75004  -72.51098     15.368     15.248    17.4621    32.6258      8.159     0.5654 5.0640e-11  1023.6295    17.4595    23.5808     6.9115    210.971    7.83888  239.27930     88.169 0.0000e+00
   40.75004  -72.51098     15.398     15.278    17.4634    32.6378      8.159     0.5520 5.0640e-11  1023.6612    17.4608    23.5933     6.9061    210.810    7.83984  239.31285     88.090 0.0000e+00
   40.75004  -72.51098     15.417     15.297    17.4651    32.6698      8.159     0.5520 5.0640e-11  1023.6783    17.4625    23.6174     6.9010    210.658    7.84077  239.34532     88.014 0.0000e+00
   40.75004  -72.51098     15.449     15.329    17.4666    32.7154      8.159     0.5520 5.0640e-11  1023.7107    17.4640    23.6519     6.9012    210.666    7.84163  239.37508     88.007 0.0000e+00
   40.75004  -72.51098     15.468     15.348    17.4683    32.7616      8.158     0.5520 5.0640e-11  1023.7778    17.4658    23.6870     6.8965    210.527    7.84243  239.40288     87.938 0.0000e+00
   40.75004  -72.51098     15.489     15.368    17.4699    32.7752      8.158     0.5520 5.0640e-11  1023.7748    17.4674    23.7014     6.8974    210.558    7.84311  239.42643     87.943 0.0000e+00
   40.75004  -72.51098     15.518     15.397    17.4719    32.7792      8.158     0.5654 5.0640e-11  1023.7668    17.4694    23.6996     6.8935    210.440    7.84379  239.45000     87.885 0.0000e+00
   40.75004  -72.51098     15.540     15.419    17.4734    32.7810      8.163     0.5654 5.0640e-11  1023.7635    17.4708    23.6962     6.8894    210.318    7.84451  239.47477     87.825 0.0000e+00
   40.75004  -72.51098     15.560     15.439    17.4751    32.7833      8.163     0.5654 5.0640e-11  1023.7529    17.4725    23.7020     6.8909    210.367    7.84524  239.49991     87.836 0.0000e+00
   40.75004  -72.51098     15.591     15.469    17.4773    32.8280      8.163     0.5654 5.0640e-11  1023.7809    17.4748    23.7357     6.8930    210.433    7.84599  239.52557     87.854 0.0000e+00
   40.75004  -72.51098     15.610     15.489    17.4794    32.9031      8.163     0.5789 5.0640e-11  1023.8759    17.4768    23.7927     6.9012    210.684    7.84686  239.55493     87.948 0.0000e+00
   40.75004  -72.51098     15.630     15.509    17.4815    32.9652      8.163     0.5654 5.0640e-11  1023.9217    17.4789    23.8398     6.8987    210.612    7.84766  239.58244     87.908 0.0000e+00
   40.75004  -72.51098     15.651     15.529    17.4837    32.9987      8.163     0.5654 5.0640e-11  1023.9369    17.4811    23.8650     6.9018    210.709    7.84848  239.60979     87.938 0.0000e+00
   40.75004  -72.51098     15.681     15.560    17.4856    33.0187      8.163     0.5654 5.0640e-11  1023.9492    17.4830    23.8798     6.9107    210.984    7.84930  239.63777     88.043 0.0000e+00
   40.75004  -72.51098     15.691     15.569    17.4879    33.0352      8.163     0.5654 5.0640e-11  1023.9610    17.4853    23.8919     6.9146    211.103    7.85020  239.66782     88.082 0.0000e+00
   40.75004  -72.51098     15.723     15.600    17.4901    33.0505      8.163     0.5654 5.0640e-11  1023.9721    17.4875    23.9031     6.9241    211.397    7.85104  239.69598     88.194 0.0000e+00
   40.75004  -72.51098     15.732     15.610    17.4922    33.0646      8.163     0.5654 5.0640e-11  1023.9830    17.4896    23.9133     6.9288    211.543    7.85191  239.72509     88.244 0.0000e+00
   40.75004  -72.51098     15.762     15.640    17.4947    33.0773      8.168     0.5654 5.0640e-11  1023.9918    17.4921    23.9225     6.9447    212.030    7.85277  239.75386     88.437 0.0000e+00
   40.75004  -72.51098     15.793     15.670    17.4970    33.0886      8.168     0.5789 5.0640e-11  1024.0002    17.4944    23.9306     6.9560    212.377    7.85360  239.78144     88.571 0.0000e+00
   40.75004  -72.51098     15.804     15.681    17.4990    33.0990      8.168     0.5789 5.0640e-11  1024.0076    17.4964    23.9381     6.9678    212.738    7.85443  239.80911     88.711 0.0000e+00
