CalculateIndicators/WaterTemperature/Data/CTD_NYOS/20230517_C20.cnv
* Sea-Bird SBE 9 Data File:
* FileName = C:\Seabird 9 CTD\Data\2023\202305_offshore\20230517_C20.hex
* Software Version Seasave V 7.23.2
* Temperature SN = 4590
* Conductivity SN = 3228
* Number of Bytes Per Scan = 44
* Number of Voltage Words = 5
* Number of Scans Averaged by the Deck Unit = 1
* NMEA Latitude = 40 21.13 N
* NMEA Longitude = 072 19.05 W
* NMEA UTC (Time) = May 17 2023  12:13:08
* NMEA baud rate = 4800
** Ship: Seawolf
** Station: 10.3
** Operator: SJW
# nquan = 18
# nvalues = 11926                       
# units = specified
# name 0 = latitude: Latitude [deg]
# name 1 = longitude: Longitude [deg]
# name 2 = prDM: Pressure, Digiquartz [db]
# name 3 = depSM: Depth [salt water, m]
# name 4 = t090C: Temperature [ITS-90, deg C]
# name 5 = sal00: Salinity, Practical [PSU]
# name 6 = ph: pH
# name 7 = flECO-AFL: Fluorescence, WET Labs ECO-AFL/FL [mg/m^3]
# name 8 = cpar: CPAR/Corrected Irradiance [%]
# name 9 = density00: Density [density, kg/m^3]
# name 10 = potemp090C: Potential Temperature [ITS-90, deg C]
# name 11 = sigma-é00: Density [sigma-theta, kg/m^3]
# name 12 = sbeox0Mg/L: Oxygen, SBE 43 [mg/l]
# name 13 = sbox0Mm/Kg: Oxygen, SBE 43 [umol/kg]
# name 14 = oxsolMg/L: Oxygen Saturation, Garcia & Gordon [mg/l]
# name 15 = oxsolMm/Kg: Oxygen Saturation, Garcia & Gordon [umol/kg]
# name 16 = sbeox0PS: Oxygen, SBE 43 [% saturation]
# name 17 = flag:  0.000e+00
# span 0 =   40.34954,   40.35226       
# span 1 =  -72.31920,  -72.31760       
# span 2 =      1.229,     53.272       
# span 3 =      1.219,     52.856       
# span 4 =     6.4389,    13.2386       
# span 5 =    30.2331,    32.6943       
# span 6 =      7.865,      8.077       
# span 7 =    -0.0524,     0.7535       
# span 8 = 7.5654e-03, 9.2406e+01       
# span 9 =  1021.7795,  1025.8347       
# span 10 =     6.4346,    13.2384      
# span 11 =    22.3912,    25.5921      
# span 12 =     8.4707,     9.8347      
# span 13 =    258.136,    299.803      
# span 14 =    8.61678,    9.93069      
# span 15 =  263.06532,  302.59544      
# span 16 =     85.685,    109.485      
# span 17 = 0.0000e+00, 0.0000e+00      
# interval = seconds: 0.0416667
# start_time = May 17 2023 12:13:10 [System UTC, first data scan.]
# bad_flag = -9.990e-29
*END*
[from data line 11096]
 -9.990e-29  -72.31906      2.683      2.663    13.2290    31.4929 -9.990e-29     0.1222 2.2900e+01  1023.6446    13.2287    23.6328     8.7117    265.959    8.61755  263.08486    101.092 -9.990e-29
 -9.990e-29  -72.31906      2.682      2.661    13.2289    31.4928 -9.990e-29     0.1222 2.2617e+01  1023.6449    13.2285    23.6327     8.7072    265.821    8.61755  263.08463    101.040 -9.990e-29
 -9.990e-29  -72.31906      2.693      2.672    13.2290    31.4928 -9.990e-29     0.1222 2.2553e+01  1023.6445    13.2287    23.6327     8.7079    265.844    8.61752  263.08396    101.049 -9.990e-29
 -9.990e-29  -72.31906      2.693      2.672    13.2287    31.4928 -9.990e-29     0.1222 2.3393e+01  1023.6447    13.2283    23.6327     8.7134    266.011    8.61758  263.08575    101.112 -9.990e-29
   40.34970  -72.31906      2.712      2.691    13.2287    31.4929      8.023     0.1222 2.3925e+01  1023.6449    13.2283    23.6328     8.7147    266.050    8.61753  263.08419    101.127 -9.990e-29
   40.34970  -72.31906      2.703      2.682    13.2289    31.4929      8.023     0.1222 2.3963e+01  1023.6449    13.2285    23.6328     8.7101    265.911    8.61757  263.08530    101.074 -9.990e-29
   40.34970  -72.31906      2.703      2.682    13.2289    31.4929      8.023     0.1222 2.4234e+01  1023.6449    13.2285    23.6328     8.7154    266.073    8.61755  263.08464    101.136 -9.990e-29
   40.34970  -72.31906      2.712      2.691    13.2289    31.4929      8.023     0.1222 2.4577e+01  1023.6449    13.2285    23.6328     8.7166    266.110    8.61755  263.08464    101.150 -9.990e-29
   40.34970  -72.31906      2.723      2.702    13.2289    31.4929      8.023     0.1222 2.4646e+01  1023.6449    13.2285    23.6328     8.7179    266.147    8.61756  263.08509    101.164 -9.990e-29
   40.34970  -72.31906      2.723      2.702    13.2287    31.4930      8.023     0.1222 2.5066e+01  1023.6451    13.2283    23.6329     8.7185    266.166    8.61761  263.08649    101.170 -9.990e-29
   40.34970  -72.31906      2.712      2.691    13.2287    31.4931      8.023     0.1222 2.5636e+01  1023.6450    13.2283    23.6330     8.7189    266.180    8.61758  263.08566    101.176 -9.990e-29
   40.34970  -72.31906      2.723      2.702    13.2287    31.4931      8.023     0.1222 2.5708e+01  1023.6452    13.2283    23.6330     8.7195    266.196    8.61763  263.08712    101.182 -9.990e-29
   40.34970  -72.31906      2.723      2.702    13.2287    31.4931      8.023     0.1222 2.5492e+01  1023.6451    13.2283    23.6330     8.7199    266.209    8.61764  263.08756    101.186 -9.990e-29
   40.34970  -72.31906      2.723      2.702    13.2287    31.4931      8.023     0.0954 2.5066e+01  1023.6451    13.2283    23.6330     8.7202    266.219    8.61760  263.08629    101.191 -9.990e-29
   40.34970  -72.31906      2.712      2.691    13.2290    31.4931      8.023     0.0685 2.5026e+01  1023.6449    13.2287    23.6330     8.7205    266.227    8.61756  263.08512    101.194 -9.990e-29
   40.34970  -72.31906      2.712      2.691    13.2287    31.4931      8.023     0.0685 2.4816e+01  1023.6453    13.2283    23.6330     8.7208    266.236    8.61759  263.08592    101.197 -9.990e-29
   40.34970  -72.31906      2.703      2.682    13.2287    31.4930      8.023     0.0685 2.4060e+01  1023.6449    13.2283    23.6329     8.7209    266.240    8.61754  263.08446    101.200 -9.990e-29
   40.34970  -72.31906      2.693      2.672    13.2289    31.4930      8.023     0.0685 2.3887e+01  1023.6449    13.2285    23.6329     8.7264    266.406    8.61752  263.08393    101.263 -9.990e-29
   40.34970  -72.31906      2.693      2.672    13.2290    31.4930      8.023     0.0685 2.3686e+01  1023.6447    13.2287    23.6329     8.7271    266.428    8.61756  263.08515    101.271 -9.990e-29
   40.34970  -72.31906      2.682      2.661    13.2289    31.4931      8.023     0.0685 2.2929e+01  1023.6451    13.2285    23.6329     8.7277    266.447    8.61756  263.08495    101.278 -9.990e-29
   40.34970  -72.31906      2.661      2.641    13.2290    31.4931      8.023     0.0685 2.2608e+01  1023.6446    13.2287    23.6330     8.7282    266.463    8.61756  263.08517    101.284 -9.990e-29
   40.34970  -72.31906      2.652      2.631    13.2287    31.4931      8.023     0.0685 2.2573e+01  1023.6451    13.2283    23.6330     8.7287    266.478    8.61757  263.08530    101.289 -9.990e-29
   40.34970  -72.31906      2.642      2.622    13.2289    31.4930      8.023     0.0685 2.2411e+01  1023.6445    13.2285    23.6329     8.7291    266.490    8.61759  263.08597    101.294 -9.990e-29
   40.34970  -72.31906      2.622      2.601    13.2287    31.4928      8.023     0.0685 2.2312e+01  1023.6446    13.2283    23.6328     8.7294    266.499    8.61758  263.08564    101.298 -9.990e-29
   40.34970  -72.31906      2.622      2.601    13.2287    31.4928      8.023     0.0685 2.2312e+01  1023.6443    13.2283    23.6327     8.7243    266.345    8.61754  263.08443    101.239 -9.990e-29
   40.34970  -72.31906      2.591      2.571    13.2289    31.4928      8.023     0.0685 2.0941e+01  1023.6441    13.2285    23.6327     8.7292    266.493    8.61755  263.08455    101.296 -9.990e-29
   40.34970  -72.31906      2.571      2.551    13.2287    31.4928      8.023     0.0685 2.0076e+01  1023.6444    13.2283    23.6328     8.7293    266.496    8.61753  263.08411    101.297 -9.990e-29
   40.34970  -72.31906      2.541      2.521    13.2287    31.4930      8.023     0.0685 1.9988e+01  1023.6443    13.2284    23.6329     8.7293    266.498    8.61755  263.08467    101.297 -9.990e-29
   40.34970  -72.31906      2.531      2.511    13.2287    31.4930      8.023     0.0685 2.0069e+01  1023.6442    13.2284    23.6329     8.7293    266.496    8.61752  263.08380    101.297 -9.990e-29
   40.34970  -72.31906      2.502      2.483    13.2289    31.4930      8.023     0.0685 2.0094e+01  1023.6440    13.2285    23.6329     8.7292    266.493    8.61754  263.08424    101.296 -9.990e-29
   40.34970  -72.31906      2.480      2.461    13.2289    31.4931      8.023     0.0685 2.0094e+01  1023.6441    13.2285    23.6330     8.7237    266.325    8.61752  263.08381    101.232 -9.990e-29
   40.34970  -72.31906      2.470      2.451    13.2287    31.4932      8.023     0.0685 1.9893e+01  1023.6443    13.2284    23.6331     8.7229    266.302    8.61757  263.08538    101.223 -9.990e-29
   40.34970  -72.31906      2.439      2.420    13.2289    31.4932      8.023     0.0685 1.9640e+01  1023.6440    13.2285    23.6331     8.7272    266.434    8.61751  263.08371    101.273 -9.990e-29
   40.34970  -72.31906      2.429      2.411    13.2289    31.4932      8.023     0.0685 1.9634e+01  1023.6439    13.2285    23.6330     8.7269    266.423    8.61754  263.08449    101.269 -9.990e-29
   40.34970  -72.31906      2.409      2.390    13.2289    31.4928      8.023     0.0685 2.0767e+01  1023.6439    13.2285    23.6328     8.7264    266.409    8.61751  263.08360    101.264 -9.990e-29
   40.34968  -72.31906      2.389      2.371    13.2289    31.4928      8.023     0.0685 2.3091e+01  1023.6425    13.2285    23.6323     8.7266    266.413    8.61751  263.08362    101.265 -9.990e-29
   40.34968  -72.31906      2.378      2.360    13.2290    31.4928      8.023     0.0685 2.4432e+01  1023.6426    13.2287    23.6323     8.7213    266.253    8.61751  263.08362    101.205 -9.990e-29
   40.34968  -72.31906      2.358      2.340    13.2289    31.4927      8.023     0.0954 2.5698e+01  1023.6435    13.2285    23.6327     8.7208    266.236    8.61752  263.08373    101.198 -9.990e-29
   40.34968  -72.31906      2.348      2.330    13.2289    31.4927      8.023     0.1357 2.8811e+01  1023.6436    13.2285    23.6329     8.7196    266.199    8.61753  263.08408    101.184 -9.990e-29
   40.34968  -72.31906      2.348      2.330    13.2287    31.4927      8.023     0.1491 2.9759e+01  1023.6434    13.2284    23.6327     8.7189    266.178    8.61750  263.08319    101.177 -9.990e-29
   40.34968  -72.31906      2.328      2.310    13.2289    31.4924      8.023     0.1625 2.9164e+01  1023.6423    13.2286    23.6322     8.7229    266.300    8.61749  263.08298    101.223 -9.990e-29
   40.34968  -72.31906      2.318      2.300    13.2287    31.4924      8.023     0.1491 2.9897e+01  1023.6422    13.2284    23.6321     8.7228    266.297    8.61754  263.08430    101.221 -9.990e-29
   40.34968  -72.31906      2.318      2.300    13.2290    31.4924      8.023     0.1491 3.0066e+01  1023.6428    13.2287    23.6324     8.7219    266.271    8.61752  263.08387    101.212 -9.990e-29
   40.34968  -72.31906      2.299      2.281    13.2289    31.4929      8.023     0.1491 2.9561e+01  1023.6433    13.2286    23.6328     8.7217    266.263    8.61750  263.08332    101.209 -9.990e-29
   40.34968  -72.31906      2.308      2.291    13.2287    31.4929      8.023     0.1491 2.9711e+01  1023.6434    13.2284    23.6330     8.7213    266.253    8.61749  263.08298    101.205 -9.990e-29
   40.34968  -72.31906      2.297      2.280    13.2289    31.4929      8.023     0.1491 2.9605e+01  1023.6432    13.2286    23.6329     8.7209    266.241    8.61749  263.08293    101.200 -9.990e-29
   40.34968  -72.31906      2.288      2.270    13.2289    31.4930      8.023     0.1491 2.9493e+01  1023.6429    13.2286    23.6328     8.7206    266.229    8.61752  263.08388    101.196 -9.990e-29
   40.34968  -72.31906      2.288      2.270    13.2289    31.4930      8.023     0.1491 2.8045e+01  1023.6429    13.2286    23.6328     8.7200    266.212    8.61746  263.08197    101.190 -9.990e-29
   40.34968  -72.31906      2.297      2.280    13.2287    31.4930      8.023     0.1491 2.7156e+01  1023.6432    13.2284    23.6329     8.7196    266.199    8.61752  263.08377    101.184 -9.990e-29
   40.34968  -72.31906      2.288      2.270    13.2287    31.4931      8.023     0.1491 2.7046e+01  1023.6433    13.2284    23.6330     8.7196    266.200    8.61750  263.08332    101.185 -9.990e-29
   40.34968  -72.31906      2.288      2.270    13.2289    31.4931      8.023     0.1491 2.5567e+01  1023.6431    13.2286    23.6330     8.7190    266.180    8.61747  263.08248    101.178 -9.990e-29
   40.34968  -72.31906      2.297      2.280    13.2285    31.4931      8.023     0.1491 2.4305e+01  1023.6433    13.2282    23.6330     8.7130    265.999    8.61748  263.08264    101.109 -9.990e-29
   40.34968  -72.31906      2.288      2.270    13.2289    31.4931      8.023     0.1491 2.4101e+01  1023.6430    13.2286    23.6330     8.7177    266.141    8.61748  263.08281    101.162 -9.990e-29
   40.34968  -72.31906      2.297      2.280    13.2285    31.4931      8.023     0.1491 2.4858e+01  1023.6434    13.2282    23.6331     8.7123    265.978    8.61752  263.08398    101.100 -9.990e-29
   40.34968  -72.31906      2.297      2.280    13.2287    31.4931      8.023     0.1491 2.5856e+01  1023.6433    13.2284    23.6331     8.7163    266.100    8.61754  263.08442    101.146 -9.990e-29
   40.34968  -72.31906      2.297      2.280    13.2287    31.4931      8.023     0.1491 2.6108e+01  1023.6433    13.2284    23.6330     8.7162    266.095    8.61751  263.08352    101.145 -9.990e-29
   40.34968  -72.31906      2.308      2.291    13.2287    31.4930      8.023     0.1491 2.7080e+01  1023.6432    13.2284    23.6330     8.7160    266.090    8.61750  263.08317    101.143 -9.990e-29
   40.34968  -72.31906      2.308      2.291    13.2284    31.4929      8.023     0.1491 2.8889e+01  1023.6433    13.2281    23.6329     8.7158    266.084    8.61749  263.08289    101.141 -9.990e-29
   40.34968  -72.31906      2.318      2.300    13.2287    31.4928      8.023     0.1491 2.9464e+01  1023.6430    13.2284    23.6328     8.7156    266.078    8.61752  263.08382    101.138 -9.990e-29
   40.34968  -72.31904      2.329      2.311    13.2283    31.4928      8.023     0.1491 2.9881e+01  1023.6433    13.2280    23.6328     8.7153    266.070    8.61750  263.08337    101.135 -9.990e-29
   40.34968  -72.31904      2.328      2.310    13.2283    31.4928      8.023     0.1491 3.0906e+01  1023.6431    13.2280    23.6329     8.7151    266.063    8.61753  263.08413    101.132 -9.990e-29
   40.34968  -72.31904      2.348      2.330    13.2284    31.4930      8.023     0.1491 3.1432e+01  1023.6436    13.2281    23.6329     8.7148    266.053    8.61750  263.08312    101.129 -9.990e-29
   40.34968  -72.31904      2.348      2.330    13.2287    31.4930      8.023     0.0954 3.1168e+01  1023.6433    13.2284    23.6329     8.7092    265.883    8.61753  263.08399    101.064 -9.990e-29
   40.34968  -72.31904      2.369      2.351    13.2285    31.4930      8.023     0.0819 3.0049e+01  1023.6435    13.2282    23.6330     8.7135    266.015    8.61752  263.08375    101.114 -9.990e-29
   40.34968  -72.31904      2.369      2.351    13.2287    31.4930      8.023     0.0819 2.9592e+01  1023.6437    13.2284    23.6330     8.7132    266.005    8.61750  263.08330    101.110 -9.990e-29
   40.34968  -72.31904      2.399      2.381    13.2289    31.4930      8.023     0.0819 2.9509e+01  1023.6436    13.2285    23.6329     8.7128    265.993    8.61749  263.08300    101.106 -9.990e-29
   40.34968  -72.31904      2.389      2.371    13.2287    31.4930      8.023     0.0819 2.8934e+01  1023.6435    13.2284    23.6329     8.7131    266.000    8.61753  263.08415    101.108 -9.990e-29
   40.34968  -72.31904      2.420      2.401    13.2287    31.4930      8.023     0.0819 2.8611e+01  1023.6437    13.2284    23.6329     8.7133    266.008    8.61754  263.08448    101.111 -9.990e-29
   40.34968  -72.31904      2.420      2.401    13.2287    31.4930      8.023     0.0819 2.8611e+01  1023.6436    13.2284    23.6328     8.7083    265.854    8.61756  263.08523    101.052 -9.990e-29
   40.34968  -72.31904      2.439      2.420    13.2287    31.4930      8.023     0.0819 2.7581e+01  1023.6437    13.2284    23.6328     8.7132    266.006    8.61759  263.08589    101.110 -9.990e-29
   40.34968  -72.31904      2.450      2.431    13.2285    31.4930      8.023     0.0819 2.7882e+01  1023.6439    13.2282    23.6329     8.7135    266.013    8.61760  263.08631    101.112 -9.990e-29
   40.34968  -72.31904      2.459      2.441    13.2285    31.4931      8.023     0.0819 2.8682e+01  1023.6440    13.2282    23.6331     8.7137    266.022    8.61763  263.08708    101.115 -9.990e-29
   40.34968  -72.31904      2.480      2.461    13.2287    31.4933      8.023     0.0819 2.6505e+01  1023.6442    13.2284    23.6332     8.7140    266.030    8.61766  263.08817    101.118 -9.990e-29
   40.34968  -72.31904      2.491      2.472    13.2285    31.4933      8.023     0.0819 2.3993e+01  1023.6446    13.2282    23.6333     8.7136    266.018    8.61764  263.08760    101.114 -9.990e-29
   40.34968  -72.31904      2.501      2.481    13.2287    31.4933      8.023     0.0819 2.2964e+01  1023.6444    13.2284    23.6333     8.7138    266.024    8.61764  263.08751    101.116 -9.990e-29
   40.34968  -72.31904      2.510      2.491    13.2287    31.4932      8.023     0.0819 2.1227e+01  1023.6442    13.2284    23.6331     8.7140    266.030    8.61759  263.08588    101.119 -9.990e-29
   40.34968  -72.31904      2.531      2.511    13.2289    31.4931      8.023     0.0819 1.9642e+01  1023.6443    13.2285    23.6330     8.7142    266.036    8.61757  263.08521    101.122 -9.990e-29
   40.34968  -72.31904      2.531      2.511    13.2287    31.4931      8.023     0.0819 1.9195e+01  1023.6445    13.2284    23.6330     8.7144    266.042    8.61754  263.08452    101.124 -9.990e-29
   40.34968  -72.31904      2.541      2.521    13.2290    31.4929      8.023     0.0819 1.8860e+01  1023.6439    13.2287    23.6328     8.7146    266.048    8.61752  263.08383    101.127 -9.990e-29
