CalculateIndicators/WaterTemperature/Data/CTD_NYOS/20230515_C08B.cnv
* Sea-Bird SBE 9 Data File:
* FileName = C:\Seabird 9 CTD\Data\2023\202305_offshore\20230515_C09.hex
* Software Version Seasave V 7.23.2
* Temperature SN = 4590
* Conductivity SN = 3228
* Number of Bytes Per Scan = 44
* Number of Voltage Words = 5
* Number of Scans Averaged by the Deck Unit = 1
* NMEA Latitude = 39 06.89 N
* NMEA Longitude = 072 24.92 W
* NMEA UTC (Time) = May 16 2023  02:52:46
* NMEA baud rate = 4800
** Ship: seawolf
** Station: 8.7
** Operator: TDK
# nquan = 18
# nvalues = 603                         
# units = specified
# name 0 = latitude: Latitude [deg]
# name 1 = longitude: Longitude [deg]
# name 2 = prDM: Pressure, Digiquartz [db]
# name 3 = depSM: Depth [salt water, m]
# name 4 = t090C: Temperature [ITS-90, deg C]
# name 5 = sal00: Salinity, Practical [PSU]
# name 6 = ph: pH
# name 7 = flECO-AFL: Fluorescence, WET Labs ECO-AFL/FL [mg/m^3]
# name 8 = cpar: CPAR/Corrected Irradiance [%]
# name 9 = density00: Density [density, kg/m^3]
# name 10 = potemp090C: Potential Temperature [ITS-90, deg C]
# name 11 = sigma-100: Density [sigma-1, kg/m^3 ]
# name 12 = sbeox0Mg/L: Oxygen, SBE 43 [mg/l]
# name 13 = sbox0Mm/Kg: Oxygen, SBE 43 [umol/kg]
# name 14 = oxsolMg/L: Oxygen Saturation, Garcia & Gordon [mg/l]
# name 15 = oxsolMm/Kg: Oxygen Saturation, Garcia & Gordon [umol/kg]
# name 16 = sbeox0PS: Oxygen, SBE 43 [% saturation]
# name 17 = flag: flag
# span 0 =   39.11497,   39.11818       
# span 1 =  -72.41533,  -72.40152       
# span 2 =      3.000,    304.000       
# span 3 =      2.977,    301.473       
# span 4 =     9.4749,    14.7145       
# span 5 =    33.4401,    35.8176       
# span 6 =      7.820,      8.096       
# span 7 =    -0.0863,     1.1517       
# span 8 = -5.516e+03, 1.0094e+05       
# span 9 =  1025.1841,  1028.6101       
# span 10 =     9.4715,    14.6989      
# span 11 =    29.5719,    31.6944      
# span 12 =     1.9915,     9.6445      
# span 13 =     60.625,    293.820      
# span 14 =    8.15044,    9.22132      
# span 15 =  248.12505,  280.91734      
# span 16 =     24.144,    109.307      
# span 17 = 0.0000e+00, 0.0000e+00      
# interval = decibars: 1                
# start_time = May 16 2023 02:52:45 [System UTC, first data scan.]
# bad_flag = -9.990e-29
*END*
[from data line 81]
   39.11514  -72.41397     84.000     83.346    14.0299    35.3476      8.010    -0.0175 5.0640e-11  1026.8233    14.0178    30.8241     7.2368    220.324    8.25602  251.35413     87.655 0.0000e+00
   39.11515  -72.41394     85.000     84.338    14.1637    35.3852      8.010    -0.0228 5.0640e-11  1026.8280    14.1513    30.8218     7.1931    218.988    8.22673  250.45665     87.436 0.0000e+00
   39.11515 -9.990e-29     86.000     85.330    14.2412    35.4306      8.011    -0.0383 -9.990e-29  1026.8510    14.2286    30.8388     7.1976    219.127    8.21592  250.12790     87.606 0.0000e+00
   39.11516  -72.41394     87.000     86.322    14.3687    35.4767      8.014    -0.0368 5.0640e-11  1026.8635    14.3559    30.8444     7.1688    218.250    8.20277  249.72682     87.395 0.0000e+00
   39.11516  -72.41392     88.000     87.314    14.4310    35.4964      8.014    -0.0387 5.0640e-11  1026.8696    14.4180    30.8450     7.1558    217.853    8.19940  249.62421     87.272 0.0000e+00
   39.11517  -72.41390     89.000     88.306    14.4448    35.4987      8.014    -0.0389 5.0640e-11  1026.8727    14.4317    30.8434     7.1565    217.875    8.19692  249.54853     87.308 0.0000e+00
   39.11517 -9.990e-29     90.000     89.298    14.4739    35.5200      8.014    -0.0366 5.0640e-11  1026.8876    14.4606    30.8533     7.1373    217.289    8.18166  249.08232     87.236 0.0000e+00
   39.11517 -9.990e-29     91.000     90.290    14.5172    35.5301      8.014    -0.0161 5.0640e-11  1026.8902    14.5037    30.8507     7.1244    216.895    8.18510  249.18752     87.041 0.0000e+00
   39.11519  -72.41384     92.000     91.282    14.5472    35.5420      8.013    -0.0538 5.0640e-11  1026.8974    14.5335    30.8529     7.1149    216.605    8.18100  249.06142     86.968 0.0000e+00
   39.11519  -72.41384     93.000     92.274    14.5611    35.5461 -9.990e-29 -9.990e-29 -9.990e-29  1026.9018    14.5473    30.8527     7.1171    216.672    8.18100  249.06085     86.996 0.0000e+00
   39.11520  -72.41383     94.000     93.266    14.5529    35.5473 -9.990e-29    -0.0369 5.0640e-11  1026.9090    14.5389    30.8556     7.1100    216.455    8.17701  248.93878     86.951 0.0000e+00
   39.11519  -72.41382     95.000     94.258    14.5843    35.5628 -9.990e-29    -0.0383 5.0640e-11  1026.9185    14.5701    30.8601     7.0897    215.837    8.17639  248.91923     86.710 0.0000e+00
   39.11518  -72.41380     96.000     95.250    14.5764    35.5597 -9.990e-29    -0.0404 5.0640e-11  1026.9222    14.5622    30.8596     7.0695    215.222    8.17644  248.92027     86.462 0.0000e+00
   39.11520  -72.41380     97.000     96.242    14.5701    35.5619 -9.990e-29    -0.0519 5.0640e-11  1026.9298    14.5557    30.8629     7.0765    215.434    8.16901  248.69284     86.627 0.0000e+00
   39.11520  -72.41378     98.000     97.234    14.5893    35.5783 -9.990e-29    -0.0512 5.0640e-11  1026.9428    14.5747    30.8711     7.0828    215.625    8.16137  248.45958     86.785 0.0000e+00
 -9.990e-29  -72.41376     99.000     98.226    14.6471    35.5953 -9.990e-29    -0.0532 5.0640e-11  1026.9473    14.6324    30.8701     7.0569    214.834    8.15964  248.40578     86.485 0.0000e+00
   39.11522  -72.41374    100.000     99.218    14.6563    35.6010 -9.990e-29    -0.0474 5.0640e-11  1026.9544    14.6414    30.8726     7.0275    213.940    8.15536  248.27500     86.171 0.0000e+00
   39.11521  -72.41373    101.000    100.210    14.6840    35.6131 -9.990e-29    -0.0520 5.7827e+04  1026.9621    14.6689    30.8754     7.0224    213.783    8.15246  248.18672     86.138 0.0000e+00
   39.11522  -72.41372    102.000    101.201    14.6975    35.6169 -9.990e-29    -0.0658 9.9930e+04  1026.9665    14.6822    30.8752     7.0163    213.599    8.15157  248.15964     86.073 0.0000e+00
   39.11522  -72.41372    103.000    102.194    14.7047    35.6189 -9.990e-29    -0.0683 9.9999e+04  1026.9709    14.6892    30.8750     7.0143    213.538    8.15044  248.12505     86.061 0.0000e+00
   39.11522  -72.41370    104.000    103.186    14.7145    35.6224 -9.990e-29    -0.0701 8.1107e+04  1026.9759    14.6989    30.8754     6.9852    212.651    8.15294  248.20101     85.677 0.0000e+00
   39.11523  -72.41368    105.000    104.177    14.7062    35.6193 -9.990e-29    -0.0655 -5.516e+03  1026.9797    14.6905    30.8750     6.9786    212.449    8.16355  248.52242     85.485 0.0000e+00
 -9.990e-29  -72.41368    106.000    105.169    14.6666    35.6117 -9.990e-29    -0.0658 5.0640e-11  1026.9869    14.6507    30.8785     6.9832    212.588    8.16554  248.58208     85.520 0.0000e+00
 -9.990e-29  -72.41366    107.000    106.161    14.6267    35.6095 -9.990e-29    -0.0658 5.0640e-11  1026.9984    14.6107    30.8863     6.9860    212.674    8.17724  248.93799     85.433 0.0000e+00
   39.11524  -72.41366    108.000    107.153    14.6099    35.5987      8.011    -0.0658 5.0640e-11  1026.9982    14.5938    30.8820     6.9716    212.231    8.19585  249.50093     85.062 0.0000e+00
   39.11524  -72.41365    109.000    108.145    14.4693    35.5749      8.012    -0.0711 -9.990e-29  1027.0150    14.4531    30.8969     6.9604    211.891    8.19236  249.39492     84.962 0.0000e+00
   39.11526  -72.41362    110.000    109.137    14.4712    35.5901      8.009    -0.0753 9.9999e+04  1027.0306    14.4549    30.9080     6.9649    212.028    8.16628  248.60009     85.289 0.0000e+00
   39.11525  -72.41362    111.000    110.129    14.6004    35.6344 -9.990e-29    -0.0746 9.9999e+04  1027.0414    14.5838    30.9120     6.9196    210.648    8.16425  248.53871     84.755 0.0000e+00
   39.11524  -72.41358    112.000    111.120    14.6282    35.6331 -9.990e-29    -0.0791 9.9999e+04  1027.0385    14.6115    30.9042     6.8703    209.147    8.16684  248.61694     84.124 0.0000e+00
   39.11526  -72.41358    113.000    112.113    14.6202    35.6330 -9.990e-29    -0.0792 9.9999e+04  1027.0445    14.6033    30.9060     6.8728    209.222    8.16704  248.62247     84.153 0.0000e+00
   39.11527  -72.41357    114.000    113.104    14.6082    35.6314 -9.990e-29    -0.0592 -9.990e-29  1027.0504    14.5912    30.9077     6.8657    209.009    8.16957  248.70021     84.040 0.0000e+00
   39.11527  -72.41355    115.000    114.096    14.5909    35.6274      8.008    -0.0630 5.0640e-11  1027.0555    14.5738    30.9087     6.8854    209.608    8.19921  249.60366     83.976 0.0000e+00
   39.11527  -72.41353    116.000    115.088    14.5116    35.6004      8.008    -0.0581 5.0640e-11  1027.0561    14.4943    30.9064     6.8830    209.529    8.22274  250.31309     83.707 0.0000e+00
   39.11526  -72.41352    117.000    116.080    14.2866    35.5723      8.007    -0.0576 5.0640e-11  1027.0880    14.2694    30.9377     6.9150    210.500    8.22370  250.33871     84.086 0.0000e+00
   39.11528  -72.41350    118.000    117.072    14.2782    35.5863      8.005    -0.0685 5.0640e-11  1027.1051    14.2609    30.9505     6.8708    209.154    8.22498  250.37630     83.536 0.0000e+00
   39.11528  -72.41350    119.000    118.064    14.2682    35.5925      8.000    -0.0743 5.0640e-11  1027.1165    14.2507    30.9576     6.7892    206.669    8.22644  250.42047     82.529 0.0000e+00
   39.11528  -72.41348    120.000    119.056    14.2571    35.5912      8.000    -0.0731 5.0640e-11  1027.1224    14.2395    30.9592     6.7868    206.597    8.22532  250.38571     82.512 0.0000e+00
   39.11528  -72.41347    121.000    120.047    14.2598    35.5940      8.000    -0.0753 5.0640e-11  1027.1284    14.2421    30.9608     6.8097    207.293    8.22428  250.35356     82.800 0.0000e+00
   39.11529  -72.41345    122.000    121.039    14.2682    35.6002      8.000    -0.0701 5.0640e-11  1027.1358    14.2502    30.9636     6.7836    206.498    8.22738  250.44648     82.452 0.0000e+00
   39.11529  -72.41345    123.000    122.031    14.2549    35.6012      8.000    -0.0541 5.0640e-11  1027.1439    14.2369    30.9675     6.7720    206.144    8.22748  250.44924     82.310 0.0000e+00
   39.11529  -72.41343    124.000    123.023    14.2420    35.6009      8.000    -0.0628 5.0640e-11  1027.1508    14.2239    30.9702     6.7685    206.036    8.22843  250.47696     82.258 0.0000e+00
   39.11532  -72.41342    125.000    124.015    14.2324    35.6058      8.000    -0.0513 5.0640e-11  1027.1611    14.2141    30.9763     6.7522    205.540    8.22887  250.48990     82.055 0.0000e+00
   39.11530  -72.41341    126.000    125.006    14.2376    35.6097      8.000    -0.0595 5.0640e-11  1027.1674    14.2191    30.9781     6.7762    206.271    8.22837  250.47433     82.352 0.0000e+00
   39.11532  -72.41339    127.000    125.998    14.2423    35.6143      8.000    -0.0706 5.0640e-11  1027.1744    14.2236    30.9806     6.8052    207.153    8.22745  250.44576     82.713 0.0000e+00
   39.11530  -72.41337    128.000    126.990    14.2440    35.6158      8.000    -0.0659 5.0640e-11  1027.1796    14.2253    30.9814     6.8466    208.413    8.22735  250.44246     83.218 0.0000e+00
   39.11531  -72.41336    129.000    127.982    14.2449    35.6174 -9.990e-29    -0.0760 5.0640e-11  1027.1851    14.2260    30.9824     6.8640    208.941    8.22652  250.41656     83.438 0.0000e+00
   39.11531  -72.41334    130.000    128.974    14.2461    35.6198 -9.990e-29    -0.0656 5.0640e-11  1027.1912    14.2271    30.9840     6.8643    208.948    8.22508  250.37219     83.455 0.0000e+00
   39.11530  -72.41333    131.000    129.965    14.2545    35.6244 -9.990e-29    -0.0579 5.0640e-11  1027.1973    14.2353    30.9856     6.8404    208.222    8.22517  250.37554     83.164 0.0000e+00
   39.11532  -72.41330    132.000    130.957    14.2593    35.6209      8.007    -0.0527 5.0640e-11  1027.1980    14.2399    30.9819     5.9970    182.550    8.22437  250.35175     72.917 0.0000e+00
   39.11532  -72.41330    133.000    131.949    14.2600    35.6216      8.009    -0.0793 5.0640e-11  1027.2028    14.2404    30.9822     5.7949    176.397    8.22410  250.34403     70.462 0.0000e+00
   39.11532  -72.41330    134.000    132.941    14.2622    35.6213      8.008    -0.0580 5.0640e-11  1027.2065    14.2425    30.9815     5.5163    167.917    8.22369  250.33194     67.078 0.0000e+00
   39.11532 -9.990e-29    135.000    133.933    14.2665    35.6200      8.008    -0.0491 5.0640e-11  1027.2091    14.2467    30.9796     5.0985    155.201    8.22334  250.32111     62.001 0.0000e+00
   39.11533 -9.990e-29    136.000    134.924    14.2677    35.6202      8.009    -0.0390 5.0640e-11  1027.2133    14.2477    30.9795     4.9717    151.341    8.22327  250.31876     60.459 0.0000e+00
   39.11532  -72.41324    137.000    135.916    14.2686    35.6212      8.007    -0.0358 5.0640e-11  1027.2184    14.2485    30.9801     4.7668    145.102    8.22321  250.31653     57.968 0.0000e+00
   39.11532  -72.41323    138.000    136.908    14.2685    35.6223      8.006    -0.0436 5.0640e-11  1027.2237    14.2483    30.9810     4.6419    141.300    8.22320  250.31593     56.449 0.0000e+00
   39.11534  -72.41320    139.000    137.900    14.2682    35.6238      8.006    -0.0296 5.0640e-11  1027.2294    14.2477    30.9823     4.5073    137.204    8.22323  250.31663     54.812 0.0000e+00
   39.11534  -72.41320    140.000    138.891    14.2677    35.6248      8.006 -9.990e-29 5.0640e-11  1027.2347    14.2472    30.9832     4.4266    134.745    8.22327  250.31772     53.830 0.0000e+00
   39.11535  -72.41318    141.000    139.883    14.2668    35.6263      8.007    -0.0268 5.0640e-11  1027.2404    14.2461    30.9846     4.3165    131.394    8.22338  250.32064     52.490 0.0000e+00
   39.11534  -72.41316    142.000    140.875    14.2659    35.6277      8.007    -0.0256 5.0640e-11  1027.2462    14.2450    30.9859     4.2260    128.641    8.22349  250.32361     51.390 0.0000e+00
   39.11535  -72.41315    143.000    141.866    14.2649    35.6288      8.007    -0.0355 5.0640e-11  1027.2517    14.2439    30.9870     4.1555    126.492    8.22361  250.32701     50.531 0.0000e+00
   39.11535 -9.990e-29    144.000    142.858    14.2639    35.6301 -9.990e-29    -0.0319 5.0640e-11  1027.2573    14.2427    30.9882     4.0969    124.708    8.22372  250.33011     49.818 0.0000e+00
   39.11535  -72.41312    145.000    143.850    14.2628    35.6312      8.003    -0.0426 5.0640e-11  1027.2628    14.2415    30.9893     4.0446    123.119    8.22388  250.33484     49.182 0.0000e+00
   39.11536  -72.41310    146.000    144.842    14.2603    35.6334      8.002    -0.0242 5.0640e-11  1027.2695    14.2388    30.9917     3.9531    120.331    8.22441  250.35058     48.065 0.0000e+00
   39.11538  -72.41310    147.000    145.834    14.2594    35.6330      8.000    -0.0378 5.0640e-11  1027.2738    14.2378    30.9916     3.9612    120.578    8.22475  250.36127     48.162 0.0000e+00
   39.11536  -72.41308    148.000    146.825    14.2555    35.6143      8.000    -0.0467 5.0640e-11  1027.2648    14.2338    30.9783     4.2797    130.282    8.22915  250.50821     52.007 0.0000e+00
   39.11536  -72.41308    149.000    147.817    14.2530    35.5079      7.999    -0.0490 5.0640e-11  1027.1870    14.2312    30.8968     4.7681    145.145    8.22796  250.46561     57.950 0.0000e+00
   39.11536  -72.41305    150.000    148.809    14.2480    35.5842      7.998    -0.0524 5.0640e-11  1027.2520    14.2259    30.9571     5.7328    174.507    8.22802  250.46328     69.674 0.0000e+00
   39.11537  -72.41303    151.000    149.800    14.2400    35.6173 -9.990e-29    -0.0655 5.0640e-11  1027.2837    14.2178    30.9843     6.4446    196.173    8.22920  250.49701     78.314 0.0000e+00
   39.11537  -72.41304    152.000    150.792    14.2366    35.6216 -9.990e-29    -0.0526 5.0640e-11  1027.2921    14.2143    30.9884     6.5588    199.650    8.23043  250.53268     79.690 0.0000e+00
 -9.990e-29  -72.41301    153.000    151.784    14.2222    35.6298 -9.990e-29    -0.0583 4.6496e+04  1027.3060    14.1998    30.9980     6.5397    199.064    8.23230  250.58769     79.439 0.0000e+00
   39.11538  -72.41300    154.000    152.775    14.2099    35.6358 -9.990e-29    -0.0593 3.5424e+04  1027.3177    14.1873    31.0055     6.5652    199.841    8.23349  250.62241     79.738 0.0000e+00
   39.11540  -72.41296    155.000    153.767    14.1967    35.6437 -9.990e-29    -0.0653 -9.990e-29  1027.3311    14.1740    31.0146     6.4832    197.342    8.23517  250.67130     78.725 0.0000e+00
   39.11542  -72.41294    156.000    154.759    14.1911    35.6504      7.991    -0.0782 5.0640e-11  1027.3419    14.1682    31.0211     6.5157    198.332    8.23586  250.69205     79.114 0.0000e+00
   39.11541  -72.41294    157.000    155.750    14.1837    35.6495      7.988    -0.0843 5.0640e-11  1027.3473    14.1607    31.0222     6.4408    196.050    8.23654  250.70973     78.198 0.0000e+00
   39.11539  -72.41294    158.000    156.742    14.1765    35.6556      7.985    -0.0612 5.0640e-11  1027.3579    14.1534    31.0285     6.3919    194.558    8.23679  250.71461     77.602 0.0000e+00
 -9.990e-29  -72.41292    159.000    157.734    14.1701    35.6743      7.982    -0.0831 5.0640e-11  1027.3782    14.1468    31.0444     6.2596    190.533    8.23747  250.73412     75.990 0.0000e+00
   39.11540  -72.41289    160.000    158.725    14.1621    35.6809      7.981    -0.0852 5.0640e-11  1027.3895    14.1387    31.0514     6.2020    188.779    8.23838  250.76102     75.282 0.0000e+00
   39.11540  -72.41288    161.000    159.717    14.1605    35.6810      7.979    -0.0813 5.0640e-11  1027.3943    14.1369    31.0518     6.2554    190.401    8.23847  250.76343     75.929 0.0000e+00
   39.11542  -72.41288    162.000    160.709    14.1583    35.6828      7.978    -0.0801 5.0640e-11  1027.4006    14.1346    31.0537     6.1727    187.887    8.23926  250.78934     74.919 0.0000e+00
