CalculateIndicators/WaterTemperature/Data/CTD_NYOS/20230515_C08.cnv
* Sea-Bird SBE 9 Data File:
* FileName = C:\Seabird 9 CTD\Data\2023\202305_offshore\20230515_C08.hex
* Software Version Seasave V 7.23.2
* Temperature SN = 4590
* Conductivity SN = 3228
* Number of Bytes Per Scan = 44
* Number of Voltage Words = 5
* Number of Scans Averaged by the Deck Unit = 1
* NMEA Latitude = 39 07.16 N
* NMEA Longitude = 072 23.96 W
* NMEA UTC (Time) = May 16 2023  02:03:04
* NMEA baud rate = 4800
** Ship: seawolf
** Station: 8.7
** Operator: TDK
# nquan = 18
# nvalues = 18898                       
# units = specified
# name 0 = latitude: Latitude [deg]
# name 1 = longitude: Longitude [deg]
# name 2 = prDM: Pressure, Digiquartz [db]
# name 3 = depSM: Depth [salt water, m]
# name 4 = t090C: Temperature [ITS-90, deg C]
# name 5 = sal00: Salinity, Practical [PSU]
# name 6 = ph: pH
# name 7 = flECO-AFL: Fluorescence, WET Labs ECO-AFL/FL [mg/m^3]
# name 8 = cpar: CPAR/Corrected Irradiance [%]
# name 9 = density00: Density [density, kg/m^3]
# name 10 = potemp090C: Potential Temperature [ITS-90, deg C]
# name 11 = sigma-é00: Density [sigma-theta, kg/m^3]
# name 12 = sbeox0Mg/L: Oxygen, SBE 43 [mg/l]
# name 13 = sbox0Mm/Kg: Oxygen, SBE 43 [umol/kg]
# name 14 = oxsolMg/L: Oxygen Saturation, Garcia & Gordon [mg/l]
# name 15 = oxsolMm/Kg: Oxygen Saturation, Garcia & Gordon [umol/kg]
# name 16 = sbeox0PS: Oxygen, SBE 43 [% saturation]
# name 17 = flag:  0.000e+00
# span 0 =   39.11946,   39.12106       
# span 1 =  -72.39946,  -72.39282       
# span 2 =      2.119,    102.790       
# span 3 =      2.103,    101.985       
# span 4 =     9.5594,    14.7550       
# span 5 =    33.3963,    35.6406       
# span 6 =      7.991,      8.096       
# span 7 =    -0.0927,     1.2101       
# span 8 = 5.0640e-11, 9.9999e+04       
# span 9 =  1025.1736,  1026.9772       
# span 10 =     9.5553,    14.7396      
# span 11 =    25.1528,    26.5325      
# span 12 =     6.9400,     9.5623      
# span 13 =    211.273,    291.316      
# span 14 =    8.14271,    9.20122      
# span 15 =  247.88862,  280.30153      
# span 16 =     84.358,    109.446      
# span 17 = 0.0000e+00, 0.0000e+00      
# interval = seconds: 0.0416667
# start_time = May 16 2023 02:03:03 [System UTC, first data scan.]
# bad_flag = -9.990e-29
*END*
[from data line 10533]
   39.12040  -72.39576     64.906     64.403    13.4826    34.9747      8.031     0.0819 9.9999e+04  1026.5666    13.4735    26.2777     7.7117    234.805    8.41056  256.08380     91.691 0.0000e+00
   39.12040  -72.39576     64.871     64.369    13.4743    34.9568      8.036     0.0819 9.9999e+04  1026.5543    13.4652    26.2655     7.7101    234.762    8.40778  256.00670     91.702 -9.990e-29
   39.12040  -72.39576     64.874     64.372    13.4596    34.9338      8.031     0.0685 9.9999e+04  1026.5398    13.4505    26.2506     7.7091    234.751    8.41130  256.13158     91.652 -9.990e-29
   39.12040  -72.39576     64.830     64.328    13.4418    34.9072      8.036     0.0819 9.9999e+04  1026.5201    13.4327    26.2341     7.7213    235.126    8.41803  256.34460     91.723 0.0000e+00
   39.12040  -72.39576     64.823     64.321    13.4133    34.8822      8.031     0.0819 9.9999e+04  1026.5032    13.4042    26.2204     7.7276    235.320    8.42346  256.50979     91.739 0.0000e+00
   39.12040  -72.39576     64.820     64.318    13.3773    34.8661      8.031     0.0819 9.9999e+04  1026.4961    13.3682    26.2146     7.7320    235.449    8.42679  256.60749     91.754 0.0000e+00
   39.12040  -72.39576     64.802     64.301    13.3411    34.8661      8.036     0.0819 9.9999e+04  1026.5037    13.3321    26.2169     7.7293    235.365    8.42833  256.65003     91.706 0.0000e+00
   39.12040  -72.39576     64.790     64.288    13.3132    34.8661      8.032     0.0819 9.9999e+04  1026.5089    13.3042    26.2236     7.7360    235.565    8.42931  256.67785     91.774 0.0000e+00
   39.12040  -72.39576     64.783     64.281    13.2884    34.8678      8.032     0.0819 9.9999e+04  1026.5190    13.2794    26.2333     7.7382    235.632    8.43055  256.71487     91.787 -9.990e-29
   39.12040  -72.39576     64.792     64.291    13.2726    34.8798      8.036     0.0819 9.9999e+04  1026.5321    13.2637    26.2460     7.7404    235.700    8.43181  256.75253     91.800 -9.990e-29
   39.12040  -72.39576     64.779     64.277    13.2616    34.9023      8.032     0.0685 9.9999e+04  1026.5427    13.2526    26.2658     7.7421    235.751    8.43259  256.77535     91.812 -9.990e-29
   39.12040  -72.39576     64.792     64.291    13.2499    34.9389      8.032     0.0819 9.9999e+04  1026.5846    13.2410    26.2954     7.7437    235.798    8.43324  256.79456     91.824 -9.990e-29
   39.12040  -72.39576     64.779     64.277    13.2553    34.9725      8.032     0.0819 9.9999e+04  1026.6238    13.2464    26.3207     7.7452    235.843    8.43381  256.81159     91.835 -9.990e-29
   39.12040  -72.39576     64.792     64.291    13.2734    34.9746      8.032     0.0819 9.9999e+04  1026.6215    13.2644    26.3261     7.7465    235.884    8.43426  256.82509     91.846 -9.990e-29
   39.12040  -72.39576     64.790     64.288    13.2856    34.9751      8.032     0.0819 9.9999e+04  1026.6010    13.2766    26.3183     7.7477    235.920    8.43460  256.83501     91.857 -9.990e-29
   39.12040  -72.39576     64.792     64.291    13.2894    34.9824      8.032     0.0819 9.9999e+04  1026.5927    13.2804    26.3163     7.7489    235.955    8.43492  256.84472     91.867 -9.990e-29
   39.12040  -72.39576     64.810     64.309    13.2949    34.9954      8.032     0.0819 9.9999e+04  1026.6108    13.2859    26.3302     7.7499    235.986    8.43514  256.85114     91.876 -9.990e-29
   39.12040  -72.39576     64.823     64.321    13.3149    35.0263      8.032     0.0819 9.9999e+04  1026.6499    13.3059    26.3499     7.7508    236.011    8.43520  256.85229     91.886 -9.990e-29
   39.12040  -72.39576     64.823     64.321    13.3532    35.0263      8.032     0.0685 9.9999e+04  1026.6546    13.3442    26.3548     7.7516    236.037    8.43529  256.85512     91.895 -9.990e-29
   39.12040  -72.39576     64.830     64.328    13.3810    35.0263      8.031     0.0819 9.9999e+04  1026.6302    13.3720    26.3404     7.7526    236.067    8.43554  256.86320     91.904 -9.990e-29
   39.12040  -72.39576     64.853     64.351    13.3941    35.0060      8.031     0.0954 9.9999e+04  1026.6022    13.3851    26.3205     7.7535    236.095    8.43575  256.86975     91.912 -9.990e-29
   39.12040  -72.39576     64.881     64.379    13.3957    34.9913      8.031     0.0954 9.9999e+04  1026.5893    13.3866    26.3079     7.7545    236.125    8.43606  256.87912     91.921 -9.990e-29
   39.12040  -72.39576     64.885     64.383    13.3965    34.9842      8.031     0.0819 9.9999e+04  1026.5941    13.3874    26.3019     7.7546    236.129    8.43618  256.88239     91.921 -9.990e-29
   39.12040  -72.39576     64.881     64.379    13.4027    34.9806      8.031     0.0954 9.9999e+04  1026.5821    13.3937    26.2942     7.7492    235.962    8.43592  256.87340     91.859 -9.990e-29
   39.12040  -72.39576     64.906     64.403    13.3994    34.9806      8.031     0.0954 9.9999e+04  1026.5650    13.3903    26.2902     7.7531    236.080    8.43525  256.85200     91.913 -9.990e-29
   39.12040  -72.39576     64.902     64.399    13.3901    34.9806      8.031     0.0819 9.9999e+04  1026.5849    13.3810    26.2995     7.7468    235.888    8.43419  256.81925     91.850 -9.990e-29
   39.12040  -72.39576     64.906     64.403    13.3963    34.9943      8.031     0.0954 9.9999e+04  1026.6095    13.3872    26.3128     7.7447    235.825    8.43281  256.77661     91.840 -9.990e-29
   39.12040  -72.39576     64.913     64.410    13.4103    34.9943      8.031     0.0954 9.9999e+04  1026.6096    13.4012    26.3150     7.7424    235.756    8.43122  256.72865     91.831 -9.990e-29
   39.12040  -72.39576     64.925     64.423    13.4192    34.9943      8.031     0.0954 9.9999e+04  1026.5937    13.4101    26.3060     7.7408    235.707    8.43036  256.70300     91.821 -9.990e-29
   39.12040  -72.39576     64.946     64.443    13.4196    34.9808      8.031     0.0819 9.9999e+04  1026.5799    13.4105    26.2952     7.7399    235.679    8.43025  256.70003     91.811 -9.990e-29
   39.12040  -72.39576     64.964     64.461    13.4147    34.9774      8.031     0.0954 9.9999e+04  1026.5738    13.4056    26.2890     7.7389    235.649    8.43009  256.69460     91.801 -9.990e-29
   39.12040  -72.39576     64.987     64.484    13.4078    34.9774      8.031     0.0954 9.9999e+04  1026.5732    13.3987    26.2895     7.7368    235.584    8.42936  256.67195     91.784 -9.990e-29
   39.12040  -72.39576     64.973     64.471    13.4029    34.9763      8.031     0.0819 9.9999e+04  1026.5845    13.3938    26.2949     7.7342    235.504    8.42823  256.63806     91.765 -9.990e-29
   39.12040  -72.39576     64.997     64.494    13.4049    34.9763      8.031     0.0954 9.9999e+04  1026.5922    13.3958    26.2984     7.7264    235.269    8.42723  256.60883     91.684 -9.990e-29
   39.12040  -72.39576     65.004     64.501    13.4091    34.9763      8.031     0.0819 9.9999e+04  1026.5854    13.4000    26.2939     7.7236    235.185    8.42662  256.59168     91.657 -9.990e-29
   39.12040  -72.39576     65.018     64.515    13.4076    34.9641      8.031     0.0954 9.9999e+04  1026.5698    13.3985    26.2848     7.7265    235.273    8.42649  256.58828     91.693 -9.990e-29
   39.12040  -72.39576     65.036     64.532    13.3994    34.9553      8.031     0.0954 9.9999e+04  1026.5635    13.3903    26.2790     7.7196    235.064    8.42653  256.58930     91.611 -9.990e-29
   39.12040  -72.39576     65.038     64.535    13.3931    34.9518      8.031     0.0819 9.9999e+04  1026.5679    13.3840    26.2774     7.7183    235.026    8.42692  256.60194     91.592 -9.990e-29
   39.12040  -72.39576     65.066     64.563    13.3916    34.9518      8.031     0.0954 9.9999e+04  1026.5642    13.3825    26.2751     7.7177    235.009    8.42803  256.63724     91.572 -9.990e-29
   39.12040  -72.39576     65.048     64.545    13.3837    34.9518      8.031     0.0954 9.9999e+04  1026.5530    13.3746    26.2769     7.7173    234.995    8.42928  256.67557     91.553 -9.990e-29
   39.12040  -72.39576     65.087     64.583    13.3697    34.9657      8.031     0.0954 9.9999e+04  1026.5772    13.3607    26.2918     7.7170    234.986    8.43011  256.70018     91.541 -9.990e-29
   39.12040  -72.39576     65.090     64.586    13.3734    34.9657      8.031     0.0819 9.9999e+04  1026.6125    13.3643    26.3081     7.7163    234.962    8.43036  256.70717     91.529 -9.990e-29
   39.12040  -72.39576     65.076     64.572    13.3918    34.9657      8.031     0.0954 9.9999e+04  1026.6067    13.3827    26.3035     7.7151    234.927    8.43021  256.70148     91.518 -9.990e-29
   39.12040  -72.39576     65.090     64.586    13.3975    34.9521      8.031     0.0819 9.9999e+04  1026.5637    13.3884    26.2788     7.7138    234.885    8.42979  256.68826     91.506 -9.990e-29
   39.12040  -72.39576     65.097     64.593    13.3815    34.9249      8.031     0.0685 9.9999e+04  1026.5333    13.3724    26.2559     7.7127    234.855    8.42975  256.68787     91.494 -9.990e-29
   39.12040  -72.39576     65.110     64.606    13.3586    34.9249      8.031     0.0551 9.9999e+04  1026.5289    13.3496    26.2502     7.7123    234.841    8.43023  256.70339     91.484 -9.990e-29
   39.12038  -72.39578     65.120     64.616    13.3383    34.9249      8.032     0.0685 9.9999e+04  1026.5396    13.3292    26.2673     7.7118    234.827    8.43066  256.71692     91.473 -9.990e-29
   39.12038  -72.39578     65.127     64.623    13.3245    34.9688      8.032     0.0685 9.9999e+04  1026.5961    13.3155    26.3029     7.7113    234.811    8.43103  256.72814     91.463 -9.990e-29
   39.12038  -72.39578     65.131     64.627    13.3351    34.9688      8.032     0.0685 9.9999e+04  1026.6468    13.3260    26.3271     7.7113    234.812    8.43131  256.73635     91.460 -9.990e-29
   39.12038  -72.39578     65.127     64.623    13.3610    34.9688      8.031     0.0685 9.9999e+04  1026.6169    13.3519    26.3109     7.7113    234.812    8.43151  256.74239     91.458 -9.990e-29
   39.12038  -72.39578     65.141     64.637    13.3683    34.9311      8.031     0.0685 9.9999e+04  1026.5451    13.3592    26.2693     7.7168    234.980    8.43197  256.75673     91.519 -9.990e-29
   39.12038  -72.39578     65.127     64.623    13.3437    34.8879      8.032     0.0551 9.9999e+04  1026.5132    13.3346    26.2390     7.7173    234.996    8.43263  256.77703     91.518 -9.990e-29
   39.12038  -72.39578     65.141     64.637    13.3143    34.8879      8.032     0.0551 9.9999e+04  1026.5139    13.3052    26.2328     7.7184    235.027    8.43318  256.79413     91.524 -9.990e-29
   39.12038  -72.39578     65.138     64.634    13.2907    34.8879      8.032     0.0685 9.9999e+04  1026.5293    13.2817    26.2417     7.7196    235.065    8.43391  256.81644     91.530 -9.990e-29
   39.12038  -72.39578     65.131     64.627    13.2763    34.8915      8.032     0.0685 9.9999e+04  1026.5462    13.2673    26.2542     7.7209    235.105    8.43472  256.84091     91.537 -9.990e-29
   39.12038  -72.39578     65.127     64.623    13.2680    34.9002      8.032     0.0685 9.9999e+04  1026.5546    13.2589    26.2631     7.7216    235.127    8.43555  256.86629     91.537 -9.990e-29
   39.12038  -72.39578     65.131     64.627    13.2605    34.9042      8.032     0.0551 -9.990e-29  1026.5569    13.2515    26.2678     7.7232    235.177    8.43663  256.90018     91.544 -9.990e-29
   39.12038  -72.39578     65.138     64.634    13.2527    34.9065      8.032     0.0551 -9.990e-29  1026.5600    13.2436    26.2711     7.7250    235.232    8.43790  256.93949     91.552 -9.990e-29
   39.12038  -72.39578     65.120     64.616    13.2472    34.9089      8.032     0.0685 -9.990e-29  1026.5634    13.2382    26.2741     7.7269    235.290    8.43923  256.98021     91.560 -9.990e-29
   39.12038  -72.39578     65.106     64.602    13.2428    34.9110      8.032     0.0551 -9.990e-29  1026.5657    13.2338    26.2766     7.7288    235.348    8.44055  257.02014     91.568 -9.990e-29
   39.12038  -72.39578     65.099     64.595    13.2391    34.9124      8.032     0.0685 -9.990e-29  1026.5675    13.2301    26.2784     7.7305    235.399    8.44160  257.05224     91.576 -9.990e-29
   39.12038  -72.39578     65.097     64.593    13.2363    34.9133      8.032     0.0685 -9.990e-29  1026.5686    13.2273    26.2798     7.7317    235.434    8.44211  257.06672     91.585 -9.990e-29
   39.12038  -72.39578     65.099     64.595    13.2341    34.9140      8.032     0.0685 -9.990e-29  1026.5698    13.2250    26.2808     7.7328    235.468    8.44247  257.07915     91.593 -9.990e-29
   39.12038  -72.39578     65.076     64.572    13.2322    34.9146      8.032     0.0685 -9.990e-29  1026.5701    13.2232    26.2816     7.7351    235.540    8.44411  257.13080     91.603 -9.990e-29
   39.12038  -72.39578     65.069     64.565    13.2306    34.9157      8.032     0.0551 -9.990e-29  1026.5713    13.2215    26.2828     7.7377    235.622    8.44610  257.19258     91.613 -9.990e-29
   39.12038  -72.39578     65.055     64.552    13.2295    34.9157      8.032     0.0685 -9.990e-29  1026.5733    13.2205    26.2838     7.7404    235.703    8.44805  257.25284     91.623 -9.990e-29
   39.12038  -72.39578     65.038     64.535    13.2292    34.9157      8.032     0.0685 -9.990e-29  1026.5728    13.2202    26.2838     7.7434    235.797    8.45035  257.32426     91.634 -9.990e-29
   39.12038  -72.39578     65.045     64.542    13.2284    34.9155      8.032     0.0685 5.0640e-11  1026.5713    13.2194    26.2831     7.7461    235.879    8.45227  257.38248     91.645 -9.990e-29
   39.12038  -72.39578     65.008     64.505    13.2273    34.9155      8.032     0.0819 5.0640e-11  1026.5708    13.2184    26.2829     7.7484    235.948    8.45375  257.42632     91.656 -9.990e-29
   39.12038  -72.39578     64.994     64.491    13.2255    34.9155      8.032     0.0954 5.0640e-11  1026.5713    13.2165    26.2836     7.7503    236.004    8.45472  257.45471     91.668 -9.990e-29
   39.12040  -72.39572     64.987     64.484    13.2243    34.9176      8.032     0.0819 5.0640e-11  1026.5728    13.2153    26.2855     7.7515    236.039    8.45500  257.46188     91.679 -9.990e-29
   39.12040  -72.39572     64.976     64.473    13.2241    34.9217      8.032     0.0954 5.0640e-11  1026.5770    13.2152    26.2886     7.7527    236.077    8.45530  257.47038     91.691 -9.990e-29
   39.12040  -72.39572     64.943     64.440    13.2265    34.9264      8.032     0.0819 5.0640e-11  1026.5802    13.2175    26.2918     7.7532    236.091    8.45542  257.47433     91.695 -9.990e-29
   39.12040  -72.39572     64.936     64.434    13.2312    34.9310      8.032     0.0954 5.0640e-11  1026.5828    13.2222    26.2944     7.7541    236.118    8.45532  257.47152     91.706 -9.990e-29
   39.12040  -72.39572     64.913     64.410    13.2378    34.9341      8.032     0.0954 5.0640e-11  1026.5850    13.2288    26.2955     7.7544    236.129    8.45533  257.47165     91.711 -9.990e-29
   39.12040  -72.39572     64.906     64.403    13.2470    34.9341      8.032     0.0819 5.0640e-11  1026.5831    13.2380    26.2947     7.7544    236.126    8.45486  257.45661     91.715 -9.990e-29
   39.12040  -72.39572     64.871     64.369    13.2526    34.9343      8.032     0.0819 5.0640e-11  1026.5802    13.2436    26.2931     7.7537    236.103    8.45373  257.42087     91.719 -9.990e-29
   39.12040  -72.39572     64.853     64.351    13.2536    34.9350      8.032     0.0819 5.0640e-11  1026.5790    13.2446    26.2924     7.7580    236.237    8.45246  257.38184     91.784 -9.990e-29
   39.12040  -72.39572     64.830     64.328    13.2539    34.9355      8.032     0.0954 5.0640e-11  1026.5806    13.2449    26.2932     7.7530    236.081    8.45162  257.35632     91.733 -9.990e-29
   39.12040  -72.39572     64.823     64.321    13.2568    34.9355      8.032     0.0954 5.0640e-11  1026.5831    13.2478    26.2939     7.7531    236.087    8.45144  257.35180     91.737 -9.990e-29
