CalculateIndicators/WaterTemperature/Data/CTD_NYOS/20230516_C14.cnv
* Sea-Bird SBE 9 Data File:
* FileName = C:\Seabird 9 CTD\Data\2023\202305_offshore\20230516_C14.hex
* Software Version Seasave V 7.23.2
* Temperature SN = 4590
* Conductivity SN = 3228
* Number of Bytes Per Scan = 44
* Number of Voltage Words = 5
* Number of Scans Averaged by the Deck Unit = 1
* NMEA Latitude = 39 59.49 N
* NMEA Longitude = 072 32.03 W
* NMEA UTC (Time) = May 16 2023  17:33:19
* NMEA baud rate = 4800
** Ship: Seawolf
** Station: 9.4
** Operator: tcm
# nquan = 18
# nvalues = 12248                       
# units = specified
# name 0 = latitude: Latitude [deg]
# name 1 = longitude: Longitude [deg]
# name 2 = prDM: Pressure, Digiquartz [db]
# name 3 = depSM: Depth [salt water, m]
# name 4 = t090C: Temperature [ITS-90, deg C]
# name 5 = sal00: Salinity, Practical [PSU]
# name 6 = ph: pH
# name 7 = flECO-AFL: Fluorescence, WET Labs ECO-AFL/FL [mg/m^3]
# name 8 = cpar: CPAR/Corrected Irradiance [%]
# name 9 = density00: Density [density, kg/m^3]
# name 10 = potemp090C: Potential Temperature [ITS-90, deg C]
# name 11 = sigma-é00: Density [sigma-theta, kg/m^3]
# name 12 = sbeox0Mg/L: Oxygen, SBE 43 [mg/l]
# name 13 = sbox0Mm/Kg: Oxygen, SBE 43 [umol/kg]
# name 14 = oxsolMg/L: Oxygen Saturation, Garcia & Gordon [mg/l]
# name 15 = oxsolMm/Kg: Oxygen Saturation, Garcia & Gordon [umol/kg]
# name 16 = sbeox0PS: Oxygen, SBE 43 [% saturation]
# name 17 = flag:  0.000e+00
# span 0 =   39.99154,   39.99214       
# span 1 =  -72.53382,  -72.53210       
# span 2 =      1.396,     61.369       
# span 3 =      1.386,     60.890       
# span 4 =     6.9952,    13.4044       
# span 5 =    32.3528,    32.9264       
# span 6 =      7.854,      8.086       
# span 7 =    -0.2136,     2.0966       
# span 8 = 1.8508e-02, 1.1150e+02       
# span 9 =  1024.2559,  1026.0441       
# span 10 =     6.9910,    13.4041      
# span 11 =    24.2609,    25.7801      
# span 12 =     8.5499,     9.9621      
# span 13 =    260.479,    303.667      
# span 14 =    8.53906,    9.78351      
# span 15 =  260.52269,  298.06026      
# span 16 =     87.400,    111.292      
# span 17 = 0.0000e+00, 0.0000e+00      
# interval = seconds: 0.0416667
# start_time = May 16 2023 17:33:19 [System UTC, first data scan.]
# bad_flag = -9.990e-29
*END*
[from data line 403]
   39.99162  -72.53366      2.539      2.520    13.3861    32.3845      8.059 -9.990e-29 4.3571e+01  1024.3026    13.3857    24.2910     8.8914    271.269    8.54203  260.61156    104.090 -9.990e-29
   39.99162  -72.53366      2.540      2.521    13.3864    32.3845      8.059 -9.990e-29 4.2007e+01  1024.3021    13.3860    24.2910     8.8924    271.302    8.54202  260.61147    104.102 -9.990e-29
   39.99162  -72.53366      2.528      2.509    13.3864    32.3845      8.059 -9.990e-29 3.7434e+01  1024.3024    13.3860    24.2910     8.8929    271.316    8.54201  260.61123    104.108 -9.990e-29
   39.99162  -72.53366      2.539      2.520    13.3865    32.3845      8.059 -9.990e-29 3.5888e+01  1024.3023    13.3862    24.2910     8.8941    271.352    8.54201  260.61128    104.121 -9.990e-29
   39.99162  -72.53366      2.498      2.479    13.3865    32.3845 -9.990e-29 -9.990e-29 3.7401e+01  1024.3021    13.3862    24.2910     8.8945    271.365    8.54198  260.61009    104.127 -9.990e-29
   39.99162  -72.53366      2.498      2.479    13.3865    32.3845      8.059 -9.990e-29 4.6182e+01  1024.3022    13.3862    24.2910     8.8954    271.394    8.54196  260.60964    104.138 -9.990e-29
   39.99162  -72.53366      2.468      2.449    13.3867    32.3845      8.059 -9.990e-29 5.0530e+01  1024.3020    13.3864    24.2910     8.8957    271.404    8.54196  260.60971    104.142 -9.990e-29
   39.99162  -72.53366      2.468      2.449    13.3865    32.3845      8.059     0.2834 5.1101e+01  1024.3020    13.3862    24.2910     8.8961    271.414    8.54199  260.61058    104.145 -9.990e-29
   39.99162  -72.53366      2.539      2.520    13.3867    32.3845      8.059     0.0819 5.5132e+01  1024.3022    13.3864    24.2910     8.8964    271.423    8.54198  260.61029    104.149 -9.990e-29
   39.99162  -72.53366      2.549      2.529    13.3867    32.3844      8.059     0.0282 5.7506e+01  1024.3023    13.3864    24.2909     8.8967    271.433    8.54205  260.61254    104.152 -9.990e-29
   39.99162  -72.53366      2.509      2.490    13.3869    32.3844      8.059     0.0282 5.7831e+01  1024.3019    13.3865    24.2908     8.8963    271.420    8.54209  260.61345    104.147 -9.990e-29
   39.99162  -72.53366      2.499      2.480    13.3869    32.3844      8.059     0.0282 6.1004e+01  1024.3019    13.3865    24.2908     8.8918    271.283    8.54210  260.61397    104.094 -9.990e-29
   39.99162  -72.53366      2.528      2.509    13.3869    32.3845      8.059     0.0416 6.3632e+01  1024.3021    13.3865    24.2910     8.8966    271.430    8.54216  260.61573    104.150 -9.990e-29
   39.99162  -72.53366      2.558      2.539    13.3865    32.3846      8.059     0.0282 6.3811e+01  1024.3027    13.3862    24.2910     8.8968    271.435    8.54222  260.61762    104.151 -9.990e-29
   39.99162  -72.53366      2.569      2.550    13.3871    32.3846      8.059     0.0282 5.1534e+01  1024.3022    13.3867    24.2910     8.9014    271.576    8.54221  260.61741    104.205 -9.990e-29
   39.99162  -72.53366      2.549      2.529    13.3865    32.3846      8.059     0.0416 4.2208e+01  1024.3025    13.3862    24.2910     8.8967    271.433    8.54227  260.61903    104.149 -9.990e-29
   39.99162  -72.53366      2.539      2.520    13.3865    32.3846      8.059     0.0416 4.0544e+01  1024.3025    13.3862    24.2911     8.8966    271.429    8.54227  260.61891    104.148 -9.990e-29
   39.99162  -72.53366      2.539      2.520    13.3867    32.3846      8.059     0.0416 4.0579e+01  1024.3023    13.3864    24.2910     8.8964    271.423    8.54222  260.61749    104.146 -9.990e-29
   39.99162  -72.53366      2.549      2.529    13.3867    32.3845      8.059     0.0416 4.0317e+01  1024.3023    13.3864    24.2909     8.8910    271.258    8.54228  260.61914    104.082 -9.990e-29
   39.99162  -72.53366      2.549      2.529    13.3869    32.3845      8.059     0.0282 4.0204e+01  1024.3022    13.3865    24.2909     8.8959    271.408    8.54222  260.61728    104.140 -9.990e-29
   39.99162  -72.53366      2.528      2.509    13.3869    32.3845      8.059     0.0416 3.8005e+01  1024.3021    13.3865    24.2909     8.8956    271.399    8.54222  260.61729    104.137 -9.990e-29
   39.99162  -72.53366      2.529      2.510    13.3869    32.3845      8.059     0.0416 3.4183e+01  1024.3023    13.3865    24.2909     8.8953    271.389    8.54221  260.61696    104.133 -9.990e-29
   39.99162  -72.53366      2.518      2.499    13.3869    32.3845      8.059     0.0282 3.3142e+01  1024.3021    13.3865    24.2909     8.8891    271.200    8.54223  260.61775    104.060 -9.990e-29
   39.99162  -72.53366      2.528      2.509    13.3867    32.3843      8.059     0.0282 3.4961e+01  1024.3022    13.3864    24.2907     8.8887    271.189    8.54228  260.61920    104.056 -9.990e-29
   39.99156  -72.53380      2.528      2.509    13.3867    32.3837      8.059     0.0282 4.1038e+01  1024.3023    13.3864    24.2897     8.8936    271.339    8.54234  260.62125    104.112 -9.990e-29
   39.99156  -72.53380      2.518      2.499    13.3867    32.3824      8.059     0.0416 4.3412e+01  1024.2982    13.3864    24.2877     8.8932    271.326    8.54234  260.62116    104.107 -9.990e-29
   39.99156  -72.53380      2.528      2.509    13.3867    32.3824      8.059     0.0282 4.3657e+01  1024.2957    13.3864    24.2866     8.8927    271.311    8.54236  260.62145    104.102 -9.990e-29
   39.99156  -72.53380      2.539      2.520    13.3869    32.3824      8.059     0.0282 4.4775e+01  1024.2993    13.3865    24.2880     8.8921    271.293    8.54232  260.62015    104.095 -9.990e-29
   39.99156  -72.53380      2.549      2.529    13.3865    32.3837      8.059     0.0282 4.5282e+01  1024.3021    13.3862    24.2898     8.8921    271.291    8.54222  260.61727    104.096 -9.990e-29
   39.99156  -72.53380      2.539      2.520    13.3871    32.3842 -9.990e-29     0.0282 4.5665e+01  1024.3020    13.3867    24.2907     8.8869    271.132    8.54223  260.61764    104.034 -9.990e-29
   39.99156  -72.53380      2.549      2.529    13.3867    32.3844      8.059     0.0416 4.9406e+01  1024.3023    13.3864    24.2909     8.8909    271.255    8.54224  260.61810    104.081 -9.990e-29
   39.99156  -72.53380      2.550      2.530    13.3865    32.3845      8.059     0.0282 5.1578e+01  1024.3025    13.3862    24.2909     8.8857    271.096    8.54229  260.61953    104.020 -9.990e-29
   39.99156  -72.53380      2.539      2.520    13.3869    32.3845      8.059     0.0416 5.2015e+01  1024.3020    13.3865    24.2909     8.8903    271.237    8.54233  260.62078    104.073 -9.990e-29
   39.99156  -72.53380      2.539      2.520    13.3865    32.3845      8.059     0.0551 6.0544e+01  1024.3024    13.3862    24.2910     8.8850    271.074    8.54231  260.62034    104.011 -9.990e-29
   39.99156  -72.53380      2.509      2.490    13.3867    32.3845      8.059     0.0551 6.7181e+01  1024.3022    13.3864    24.2910     8.8837    271.036    8.54232  260.62051    103.996 -9.990e-29
   39.99156  -72.53380      2.528      2.509    13.3865    32.3845 -9.990e-29     0.0551 6.7941e+01  1024.3022    13.3862    24.2910     8.8831    271.017    8.54237  260.62220    103.989 -9.990e-29
   39.99156  -72.53380      2.549      2.529    13.3862    32.3845      8.059     0.0551 4.9910e+01  1024.3025    13.3859    24.2910     8.8876    271.156    8.54241  260.62323    104.041 -9.990e-29
   39.99156  -72.53380      2.528      2.509    13.3865    32.3844      8.059     0.0551 3.7783e+01  1024.3020    13.3862    24.2909     8.8882    271.172    8.54242  260.62362    104.047 -9.990e-29
   39.99156  -72.53380      2.539      2.520    13.3864    32.3843      8.059     0.0551 3.5817e+01  1024.3023    13.3860    24.2909     8.8829    271.012    8.54252  260.62673    103.985 -9.990e-29
   39.99156  -72.53380      2.599      2.580    13.3865    32.3841      8.059     0.0551 4.7983e+01  1024.3024    13.3862    24.2908     8.8822    270.991    8.54254  260.62729    103.977 0.0000e+00
   39.99156  -72.53380      2.630      2.610    13.3865    32.3841      8.059     0.0551 6.6862e+01  1024.3020    13.3862    24.2906     8.8815    270.969    8.54249  260.62578    103.968 -9.990e-29
   39.99156  -72.53380      2.631      2.611    13.3862    32.3841      8.059     0.0551 7.2197e+01  1024.3023    13.3859    24.2907     8.8860    271.105    8.54246  260.62479    104.021 -9.990e-29
   39.99156  -72.53380      2.650      2.630    13.3859    32.3842      8.059     0.0551 6.3617e+01  1024.3027    13.3855    24.2909     8.8858    271.101    8.54245  260.62414    104.020 0.0000e+00
   39.99156  -72.53380      2.690      2.670    13.3857    32.3844      8.059     0.0551 5.2104e+01  1024.3032    13.3853    24.2911     8.8857    271.096    8.54243  260.62361    104.018 0.0000e+00
   39.99156  -72.53380      2.741      2.720    13.3860    32.3844 -9.990e-29     0.0551 4.9394e+01  1024.3033    13.3856    24.2912     8.8802    270.928    8.54237  260.62190    103.955 0.0000e+00
   39.99156  -72.53380      2.792      2.770    13.3861    32.3844      8.059     0.0551 4.8024e+01  1024.3036    13.3857    24.2911     8.8794    270.905    8.54237  260.62204    103.945 0.0000e+00
   39.99156  -72.53380      2.812      2.791    13.3865    32.3844      8.059     0.0551 4.4016e+01  1024.3035    13.3862    24.2910     8.8838    271.040    8.54237  260.62205    103.997 0.0000e+00
   39.99156  -72.53380      2.832      2.810    13.3864    32.3843      8.059     0.0551 4.2712e+01  1024.3035    13.3860    24.2909     8.8837    271.034    8.54238  260.62219    103.995 -9.990e-29
   39.99156  -72.53380      2.801      2.780    13.3862    32.3842      8.059     0.0551 4.1997e+01  1024.3034    13.3859    24.2908     8.8834    271.026    8.54236  260.62157    103.992 -9.990e-29
   39.99156  -72.53380      2.722      2.701    13.3864    32.3841      8.059     0.0551 3.8384e+01  1024.3027    13.3860    24.2907     8.8837    271.037    8.54237  260.62207    103.996 -9.990e-29
   39.99156  -72.53380      2.701      2.680    13.3864    32.3841      8.059     0.0551 3.6902e+01  1024.3027    13.3860    24.2907     8.8841    271.049    8.54241  260.62314    104.000 -9.990e-29
   39.99156  -72.53380      2.771      2.750    13.3864    32.3840      8.059     0.0551 3.8061e+01  1024.3030    13.3860    24.2907     8.8846    271.062    8.54247  260.62525    104.004 -9.990e-29
   39.99156  -72.53380      2.801      2.780    13.3865    32.3840      8.059     0.0551 5.0989e+01  1024.3032    13.3862    24.2907     8.8850    271.074    8.54254  260.62725    104.008 -9.990e-29
   39.99156  -72.53380      2.771      2.750    13.3867    32.3840      8.059     0.0551 5.9183e+01  1024.3029    13.3863    24.2906     8.8803    270.932    8.54269  260.63206    103.952 -9.990e-29
   39.99156  -72.53380      2.711      2.690    13.3867    32.3839      8.059     0.0551 5.9852e+01  1024.3026    13.3863    24.2905     8.8853    271.086    8.54275  260.63356    104.010 -9.990e-29
   39.99156  -72.53380      2.701      2.680    13.3865    32.3838      8.059     0.0551 5.6947e+01  1024.3026    13.3862    24.2905     8.8858    271.100    8.54284  260.63620    104.015 -9.990e-29
   39.99156  -72.53380      2.731      2.710    13.3867    32.3837      8.059     0.0416 5.5369e+01  1024.3024    13.3863    24.2905     8.8862    271.112    8.54286  260.63684    104.019 -9.990e-29
   39.99156  -72.53380      2.763      2.742    13.3862    32.3837      8.059     0.0282 5.5213e+01  1024.3028    13.3859    24.2905     8.8865    271.121    8.54278  260.63425    104.023 -9.990e-29
   39.99156  -72.53380      2.741      2.720    13.3860    32.3837      8.059     0.0148 4.9898e+01  1024.3028    13.3856    24.2905     8.8869    271.133    8.54281  260.63513    104.028 -9.990e-29
   39.99156  -72.53380      2.751      2.730    13.3861    32.3836      8.059     0.0282 4.5733e+01  1024.3025    13.3857    24.2904     8.8873    271.146    8.54288  260.63756    104.032 -9.990e-29
   39.99156  -72.53380      2.771      2.750    13.3857    32.3836      8.059     0.0282 4.4968e+01  1024.3027    13.3853    24.2904     8.8871    271.141    8.54293  260.63908    104.029 -9.990e-29
   39.99156  -72.53380      2.822      2.800    13.3854    32.3836      8.059     0.0148 4.2629e+01  1024.3030    13.3850    24.2904     8.8876    271.154    8.54301  260.64143    104.033 0.0000e+00
   39.99156  -72.53380      2.832      2.810    13.3854    32.3836      8.059     0.0148 3.9959e+01  1024.3031    13.3850    24.2906     8.8879    271.164    8.54300  260.64089    104.037 -9.990e-29
   39.99156  -72.53380      2.822      2.800    13.3850    32.3838      8.059     0.0148 3.9291e+01  1024.3032    13.3846    24.2908     8.8888    271.190    8.54294  260.63901    104.048 -9.990e-29
   39.99156  -72.53380      2.833      2.811    13.3848    32.3842      8.059     0.0148 4.1916e+01  1024.3038    13.3845    24.2911     8.8838    271.037    8.54281  260.63508    103.991 0.0000e+00
   39.99156  -72.53380      2.862      2.840    13.3850    32.3844 -9.990e-29     0.0282 4.6905e+01  1024.3041    13.3846    24.2913     8.8887    271.187    8.54270  260.63154    104.050 0.0000e+00
   39.99156  -72.53380      2.873      2.851    13.3847    32.3846      8.059     0.0282 4.8378e+01  1024.3043    13.3843    24.2914     8.8889    271.193    8.54255  260.62717    104.054 0.0000e+00
   39.99156  -72.53380      2.883      2.860    13.3850    32.3846      8.059     0.0282 4.8378e+01  1024.3043    13.3846    24.2914     8.8833    271.024    8.54244  260.62387    103.990 0.0000e+00
   39.99156  -72.53380      2.893      2.871    13.3850    32.3846      8.059     0.0282 4.8515e+01  1024.3043    13.3846    24.2914     8.8831    271.016    8.54241  260.62288    103.988 0.0000e+00
   39.99156  -72.53380      2.903      2.881    13.3850    32.3846      8.059     0.0148 4.8515e+01  1024.3045    13.3846    24.2914     8.8880    271.168    8.54235  260.62105    104.047 0.0000e+00
   39.99156  -72.53380      2.913      2.890    13.3850    32.3844      8.059     0.0282 4.8066e+01  1024.3042    13.3846    24.2913     8.8831    271.019    8.54229  260.61952    103.990 0.0000e+00
   39.99156  -72.53380      2.924      2.901    13.3848    32.3842      8.059     0.0148 4.5822e+01  1024.3041    13.3845    24.2911     8.8877    271.157    8.54236  260.62163    104.043 0.0000e+00
   39.99156  -72.53380      2.954      2.931    13.3845    32.3842 -9.990e-29     0.0148 4.4929e+01  1024.3041    13.3841    24.2910     8.8875    271.150    8.54236  260.62164    104.040 0.0000e+00
   39.99156  -72.53380      2.984      2.961    13.3845    32.3842 -9.990e-29     0.0282 4.4803e+01  1024.3042    13.3841    24.2911     8.8878    271.161    8.54233  260.62078    104.044 0.0000e+00
   39.99156  -72.53380      2.994      2.971    13.3842    32.3845      8.059     0.0148 4.4677e+01  1024.3050    13.3838    24.2915     8.8829    271.012    8.54231  260.62007    103.987 0.0000e+00
   39.99156  -72.53380      3.024      3.001    13.3844    32.3846 -9.990e-29     0.0282 4.4427e+01  1024.3053    13.3840    24.2917     8.8827    271.006    8.54231  260.62022    103.985 0.0000e+00
   39.99156  -72.53380      3.054      3.031    13.3848    32.3846      8.059     0.0282 4.4302e+01  1024.3055    13.3844    24.2916     8.8825    271.001    8.54230  260.61995    103.983 0.0000e+00
   39.99156  -72.53380      3.075      3.051    13.3850    32.3846      8.059     0.0282 3.9589e+01  1024.3050    13.3846    24.2914     8.8824    270.996    8.54228  260.61942    103.981 0.0000e+00
   39.99156  -72.53380      3.086      3.062    13.3850    32.3843      8.059     0.0148 3.6799e+01  1024.3048    13.3846    24.2912     8.8817    270.974    8.54232  260.62055    103.973 0.0000e+00
