CalculateIndicators/WaterTemperature/Data/CTD_NYOS/20230516_C15.cnv
* Sea-Bird SBE 9 Data File:
* FileName = C:\Seabird 9 CTD\Data\2023\202305_offshore\20230516_C15.hex
* Software Version Seasave V 7.23.2
* Temperature SN = 4590
* Conductivity SN = 3228
* Number of Bytes Per Scan = 44
* Number of Voltage Words = 5
* Number of Scans Averaged by the Deck Unit = 1
* NMEA Latitude = 40 13.41 N
* NMEA Longitude = 072 40.86 W
* NMEA UTC (Time) = May 16 2023  20:29:31
* NMEA baud rate = 4800
** Ship: Seawolf
** Station: 9.3
** Operator: tcm
# nquan = 18
# nvalues = 11861                       
# units = specified
# name 0 = latitude: Latitude [deg]
# name 1 = longitude: Longitude [deg]
# name 2 = prDM: Pressure, Digiquartz [db]
# name 3 = depSM: Depth [salt water, m]
# name 4 = t090C: Temperature [ITS-90, deg C]
# name 5 = sal00: Salinity, Practical [PSU]
# name 6 = ph: pH
# name 7 = flECO-AFL: Fluorescence, WET Labs ECO-AFL/FL [mg/m^3]
# name 8 = cpar: CPAR/Corrected Irradiance [%]
# name 9 = density00: Density [density, kg/m^3]
# name 10 = potemp090C: Potential Temperature [ITS-90, deg C]
# name 11 = sigma-é00: Density [sigma-theta, kg/m^3]
# name 12 = sbeox0Mg/L: Oxygen, SBE 43 [mg/l]
# name 13 = sbox0Mm/Kg: Oxygen, SBE 43 [umol/kg]
# name 14 = oxsolMg/L: Oxygen Saturation, Garcia & Gordon [mg/l]
# name 15 = oxsolMm/Kg: Oxygen Saturation, Garcia & Gordon [umol/kg]
# name 16 = sbeox0PS: Oxygen, SBE 43 [% saturation]
# name 17 = flag:  0.000e+00
# span 0 =   40.22350,   40.22568       
# span 1 =  -72.68110,  -72.67896       
# span 2 =      1.567,     53.299       
# span 3 =      1.555,     52.882       
# span 4 =     6.8142,    13.7524       
# span 5 =    31.8536,    32.8828       
# span 6 =      7.845,      8.087       
# span 7 =     0.0013,     6.7706       
# span 8 = 7.5257e-03, 5.5546e+01       
# span 9 =  1023.8192,  1026.0082       
# span 10 =     6.8110,    13.7519      
# span 11 =    23.8084,    25.7750      
# span 12 =     8.3964,    10.3794      
# span 13 =    255.799,    316.402      
# span 14 =    8.50607,    9.82684      
# span 15 =  259.63667,  299.38480      
# span 16 =     85.556,    112.481      
# span 17 = 0.0000e+00, 0.0000e+00      
# interval = seconds: 0.0416667
# start_time = May 16 2023 20:29:29 [System UTC, first data scan.]
# bad_flag = -9.990e-29
*END*
[from data line 9810]
   40.22530 -9.990e-29      7.302      7.246    13.7163    31.8633 -9.990e-29     0.3237 1.3189e+01  1023.8545    13.7153    23.8221     8.8725    270.816    8.51629  259.94186    104.183 -9.990e-29
   40.22532 -9.990e-29      7.301      7.245    13.7162    31.8631 -9.990e-29     0.3237 1.3189e+01  1023.8546    13.7152    23.8220     8.8675    270.662    8.51629  259.94197    104.124 -9.990e-29
   40.22532 -9.990e-29      7.290      7.234    13.7162    31.8630 -9.990e-29     0.3237 1.3226e+01  1023.8543    13.7152    23.8219     8.8659    270.613    8.51633  259.94306    104.105 -9.990e-29
   40.22532 -9.990e-29      7.282      7.226    13.7162    31.8630 -9.990e-29     0.3237 1.3202e+01  1023.8543    13.7152    23.8219     8.8647    270.577    8.51631  259.94241    104.091 -9.990e-29
   40.22532 -9.990e-29      7.260      7.204    13.7163    31.8630 -9.990e-29     0.3237 1.3202e+01  1023.8542    13.7153    23.8219     8.8694    270.719    8.51635  259.94408    104.145 -9.990e-29
   40.22532 -9.990e-29      7.260      7.204    13.7169    31.8630 -9.990e-29     0.3237 1.3202e+01  1023.8541    13.7159    23.8219     8.8706    270.758    8.51708  259.96625    104.151 -9.990e-29
   40.22532 -9.990e-29      7.251      7.196    13.7169    31.8630 -9.990e-29     0.3237 1.3202e+01  1023.8541    13.7159    23.8218     8.8725    270.812    8.51887  260.01901    104.151 -9.990e-29
   40.22532 -9.990e-29      7.239      7.183    13.7170    31.8628 -9.990e-29     0.3237 1.3202e+01  1023.8538    13.7160    23.8216     8.8683    270.682    8.51997  260.05063    104.088 -9.990e-29
   40.22532 -9.990e-29      7.229      7.174    13.7170    31.8627 -9.990e-29     0.3237 1.3165e+01  1023.8536    13.7160    23.8215     8.8725    270.810    8.51987  260.04699    104.139 -9.990e-29
   40.22532 -9.990e-29      7.232      7.176    13.7170    31.8627 -9.990e-29     0.3237 1.3104e+01  1023.8537    13.7160    23.8215     8.8672    270.648    8.51954  260.03705    104.080 -9.990e-29
   40.22532 -9.990e-29      7.220      7.164    13.7172    31.8627 -9.990e-29     0.3237 1.3141e+01  1023.8537    13.7162    23.8214     8.8667    270.633    8.51885  260.01657    104.083 -9.990e-29
   40.22532 -9.990e-29      7.229      7.174    13.7175    31.8627 -9.990e-29     0.3237 1.3104e+01  1023.8535    13.7166    23.8214     8.8708    270.759    8.51820  259.99732    104.139 -9.990e-29
   40.22532 -9.990e-29      7.211      7.156    13.7175    31.8627 -9.990e-29     0.3103 1.3030e+01  1023.8536    13.7166    23.8214     8.8647    270.573    8.51776  259.98458    104.073 -9.990e-29
   40.22532 -9.990e-29      7.220      7.164    13.7175    31.8627 -9.990e-29     0.3103 1.3030e+01  1023.8535    13.7166    23.8214     8.8632    270.528    8.51740  259.97404    104.060 -9.990e-29
   40.22532 -9.990e-29      7.220      7.164    13.7174    31.8627 -9.990e-29     0.3103 1.2994e+01  1023.8536    13.7164    23.8214     8.8667    270.638    8.51693  259.96036    104.107 -9.990e-29
   40.22532 -9.990e-29      7.221      7.166    13.7175    31.8627 -9.990e-29     0.3103 1.2957e+01  1023.8535    13.7166    23.8214     8.8604    270.443    8.51641  259.94485    104.039 -9.990e-29
   40.22532 -9.990e-29      7.220      7.164    13.7183    31.8627 -9.990e-29     0.3103 1.2957e+01  1023.8537    13.7173    23.8213     8.8641    270.556    8.51617  259.93781    104.085 -9.990e-29
   40.22532 -9.990e-29      7.229      7.174    13.7192    31.8626 -9.990e-29     0.3103 1.2897e+01  1023.8534    13.7182    23.8210     8.8577    270.364    8.51580  259.92693    104.015 -9.990e-29
   40.22532 -9.990e-29      7.221      7.166    13.7204    31.8621 -9.990e-29     0.3103 1.2861e+01  1023.8523    13.7194    23.8205     8.8571    270.346    8.51541  259.91531    104.013 -9.990e-29
   40.22532 -9.990e-29      7.229      7.174    13.7204    31.8620 -9.990e-29     0.3103 1.2861e+01  1023.8523    13.7194    23.8203     8.8614    270.476    8.51524  259.91039    104.065 -9.990e-29
   40.22532 -9.990e-29      7.239      7.183    13.7201    31.8620 -9.990e-29     0.3103 1.2825e+01  1023.8526    13.7191    23.8203     8.8551    270.284    8.51502  259.90403    103.994 -9.990e-29
   40.22532 -9.990e-29      7.251      7.196    13.7201    31.8619 -9.990e-29     0.3103 1.2789e+01  1023.8527    13.7191    23.8203     8.8595    270.419    8.51508  259.90600    104.045 -9.990e-29
   40.22532 -9.990e-29      7.260      7.204    13.7204    31.8619 -9.990e-29     0.3103 1.2789e+01  1023.8525    13.7194    23.8203     8.8600    270.435    8.51530  259.91283    104.048 -9.990e-29
   40.22532 -9.990e-29      7.260      7.204    13.7204    31.8619 -9.990e-29     0.3103 1.2789e+01  1023.8525    13.7194    23.8203     8.8550    270.281    8.51578  259.92711    103.983 -9.990e-29
   40.22532 -9.990e-29      7.272      7.216    13.7203    31.8619 -9.990e-29     0.3103 1.2717e+01  1023.8528    13.7193    23.8203     8.8554    270.291    8.51641  259.94570    103.980 -9.990e-29
   40.22532 -9.990e-29      7.290      7.234    13.7206    31.8619 -9.990e-29     0.3103 1.2681e+01  1023.8527    13.7196    23.8201     8.8549    270.277    8.51689  259.95944    103.969 -9.990e-29
   40.22532 -9.990e-29      7.301      7.245    13.7209    31.8616 -9.990e-29     0.3103 1.2681e+01  1023.8524    13.7199    23.8198     8.8541    270.252    8.51703  259.96347    103.958 -9.990e-29
   40.22532 -9.990e-29      7.302      7.246    13.7211    31.8613 -9.990e-29     0.3103 1.2610e+01  1023.8519    13.7201    23.8196     8.8538    270.243    8.51713  259.96634    103.953 -9.990e-29
   40.22532 -9.990e-29      7.320      7.264    13.7201    31.8613 -9.990e-29     0.3103 1.2575e+01  1023.8518    13.7191    23.8196     8.8524    270.199    8.51674  259.95414    103.941 -9.990e-29
   40.22532 -9.990e-29      7.331      7.275    13.7179    31.8613 -9.990e-29     0.3103 1.2575e+01  1023.8528    13.7169    23.8202     8.8509    270.155    8.51582  259.92678    103.935 -9.990e-29
   40.22532 -9.990e-29      7.343      7.287    13.7165    31.8620 -9.990e-29     0.3103 1.2516e+01  1023.8537    13.7155    23.8210     8.8496    270.116    8.51499  259.90253    103.930 -9.990e-29
   40.22532 -9.990e-29      7.361      7.305    13.7150    31.8627 -9.990e-29     0.3103 1.2504e+01  1023.8548    13.7140    23.8218     8.8486    270.086    8.51449  259.88794    103.924 -9.990e-29
   40.22532 -9.990e-29      7.381      7.324    13.7142    31.8632 -9.990e-29     0.3103 1.2469e+01  1023.8554    13.7131    23.8225     8.8478    270.061    8.51412  259.87686    103.919 -9.990e-29
   40.22532 -9.990e-29      7.383      7.326    13.7135    31.8636 -9.990e-29     0.3103 1.2411e+01  1023.8559    13.7125    23.8229     8.8469    270.036    8.51377  259.86652    103.913 -9.990e-29
   40.22532 -9.990e-29      7.401      7.344    13.7127    31.8641 -9.990e-29     0.3103 1.2399e+01  1023.8561    13.7117    23.8235     8.8462    270.014    8.51348  259.85821    103.908 -9.990e-29
   40.22532 -9.990e-29      7.412      7.355    13.7113    31.8649 -9.990e-29     0.3103 1.2399e+01  1023.8575    13.7103    23.8243     8.8461    270.011    8.51323  259.85090    103.910 -9.990e-29
   40.22532 -9.990e-29      7.444      7.386    13.7111    31.8649 -9.990e-29     0.2968 1.2364e+01  1023.8581    13.7101    23.8247     8.8507    270.151    8.51304  259.84535    103.966 -9.990e-29
   40.22532 -9.990e-29      7.442      7.385    13.7113    31.8649 -9.990e-29     0.2968 1.2295e+01  1023.8581    13.7103    23.8247     8.8455    269.994    8.51295  259.84253    103.907 -9.990e-29
   40.22532 -9.990e-29      7.462      7.404    13.7120    31.8649 -9.990e-29     0.2968 1.2260e+01  1023.8574    13.7109    23.8244     8.8456    269.996    8.51286  259.84002    103.909 -9.990e-29
   40.22532 -9.990e-29      7.482      7.425    13.7109    31.8648 -9.990e-29     0.2968 1.2226e+01  1023.8573    13.7099    23.8243     8.8452    269.983    8.51282  259.83895    103.904 -9.990e-29
   40.22532 -9.990e-29      7.495      7.437    13.7089    31.8648 -9.990e-29     0.2968 1.2157e+01  1023.8581    13.7079    23.8247     8.8453    269.988    8.51280  259.83835    103.906 -9.990e-29
   40.22532 -9.990e-29      7.524      7.466    13.7061    31.8648 -9.990e-29     0.2968 1.2157e+01  1023.8583    13.7050    23.8255     8.8501    270.133    8.51271  259.83574    103.963 -9.990e-29
   40.22532 -9.990e-29      7.524      7.466    13.7010    31.8657 -9.990e-29     0.2968 1.2123e+01  1023.8605    13.7000    23.8270     8.8450    269.977    8.51264  259.83334    103.904 -9.990e-29
   40.22532 -9.990e-29      7.536      7.478    13.6966    31.8672 -9.990e-29     0.2968 1.2055e+01  1023.8625    13.6956    23.8290     8.8450    269.979    8.51253  259.83019    103.906 -9.990e-29
   40.22532 -9.990e-29      7.554      7.496    13.6932    31.8689 -9.990e-29     0.2968 1.1987e+01  1023.8649    13.6922    23.8310     8.8445    269.964    8.51242  259.82677    103.901 -9.990e-29
   40.22532 -9.990e-29      7.563      7.505    13.6909    31.8706 -9.990e-29     0.2968 1.1987e+01  1023.8667    13.6898    23.8328     8.8441    269.950    8.51234  259.82448    103.897 -9.990e-29
   40.22532 -9.990e-29      7.576      7.517    13.6894    31.8719 -9.990e-29     0.2968 1.1920e+01  1023.8682    13.6883    23.8342     8.8442    269.954    8.51225  259.82202    103.900 -9.990e-29
   40.22532 -9.990e-29      7.584      7.526    13.6888    31.8728 -9.990e-29     0.2968 1.1887e+01  1023.8690    13.6878    23.8350     8.8439    269.945    8.51230  259.82352    103.895 -9.990e-29
   40.22532 -9.990e-29      7.605      7.546    13.6883    31.8732 -9.990e-29     0.2968 1.1887e+01  1023.8694    13.6873    23.8354     8.8494    270.114    8.51237  259.82545    103.960 -9.990e-29
   40.22534 -9.990e-29      7.605      7.546    13.6883    31.8732 -9.990e-29     0.2968 1.1820e+01  1023.8694    13.6873    23.8355     8.8503    270.139    8.51238  259.82587    103.969 -9.990e-29
   40.22534 -9.990e-29      7.617      7.558    13.6882    31.8732 -9.990e-29     0.2968 1.1808e+01  1023.8694    13.6871    23.8355     8.8453    269.988    8.51241  259.82651    103.911 -9.990e-29
   40.22534 -9.990e-29      7.624      7.565    13.6882    31.8733 -9.990e-29     0.2968 1.1808e+01  1023.8697    13.6871    23.8354     8.8501    270.134    8.51236  259.82507    103.968 -9.990e-29
   40.22534 -9.990e-29      7.635      7.576    13.6883    31.8733 -9.990e-29     0.2968 1.1775e+01  1023.8686    13.6873    23.8354     8.8451    269.981    8.51234  259.82452    103.909 -9.990e-29
   40.22534 -9.990e-29      7.638      7.579    13.6845    31.8739 -9.990e-29     0.2968 1.1709e+01  1023.8686    13.6834    23.8373     8.8505    270.145    8.51228  259.82291    103.973 -9.990e-29
   40.22534 -9.990e-29      7.665      7.606    13.6723    31.8783 -9.990e-29     0.2968 1.1709e+01  1023.8761    13.6712    23.8424     8.8512    270.169    8.51227  259.82246    103.982 -9.990e-29
   40.22534 -9.990e-29      7.654      7.595    13.6634    31.8837 -9.990e-29     0.2968 1.1676e+01  1023.8843    13.6623    23.8479     8.8520    270.193    8.51223  259.82127    103.992 -9.990e-29
   40.22534 -9.990e-29      7.668      7.609    13.6634    31.8860 -9.990e-29     0.2968 1.1644e+01  1023.8860    13.6623    23.8506     8.8522    270.198    8.51220  259.82029    103.994 -9.990e-29
   40.22534 -9.990e-29      7.654      7.595    13.6652    31.8860 -9.990e-29     0.2968 1.1644e+01  1023.8856    13.6642    23.8507     8.8477    270.062    8.51215  259.81887    103.942 -9.990e-29
   40.22534 -9.990e-29      7.665      7.606    13.6696    31.8860 -9.990e-29     0.2968 1.1644e+01  1023.8836    13.6686    23.8491     8.8525    270.209    8.51215  259.81897    103.999 -9.990e-29
   40.22534 -9.990e-29      7.665      7.606    13.6742    31.8840 -9.990e-29     0.2968 1.1611e+01  1023.8807    13.6731    23.8467     8.8475    270.056    8.51216  259.81908    103.940 -9.990e-29
   40.22534 -9.990e-29      7.668      7.609    13.6774    31.8819 -9.990e-29     0.3103 1.1611e+01  1023.8783    13.6763    23.8445     8.8530    270.221    8.51216  259.81908    104.004 -9.990e-29
   40.22534 -9.990e-29      7.665      7.606    13.6799    31.8801 -9.990e-29     0.3371 1.1611e+01  1023.8766    13.6789    23.8424     8.8531    270.227    8.51218  259.81972    104.006 -9.990e-29
   40.22534 -9.990e-29      7.654      7.595    13.6831    31.8783 -9.990e-29     0.3371 1.1578e+01  1023.8745    13.6821    23.8404     8.8482    270.076    8.51224  259.82157    103.947 -9.990e-29
   40.22534 -9.990e-29      7.657      7.598    13.6868    31.8767 -9.990e-29     0.3371 1.1578e+01  1023.8722    13.6857    23.8386     8.8485    270.085    8.51233  259.82439    103.949 -9.990e-29
   40.22534 -9.990e-29      7.654      7.595    13.6883    31.8755 -9.990e-29     0.3371 1.1578e+01  1023.8714    13.6873    23.8372     8.8535    270.237    8.51250  259.82941    104.006 -9.990e-29
   40.22534 -9.990e-29      7.654      7.595    13.6907    31.8745 -9.990e-29     0.3371 1.1546e+01  1023.8702    13.6896    23.8360     8.8544    270.266    8.51266  259.83404    104.015 -9.990e-29
   40.22534 -9.990e-29      7.644      7.586    13.6934    31.8733 -9.990e-29     0.3371 1.1513e+01  1023.8685    13.6923    23.8346     8.8546    270.271    8.51266  259.83403    104.017 -9.990e-29
   40.22534 -9.990e-29      7.627      7.568    13.6947    31.8720 -9.990e-29     0.3371 1.1513e+01  1023.8673    13.6937    23.8333     8.8495    270.115    8.51261  259.83250    103.957 -9.990e-29
   40.22534 -9.990e-29      7.614      7.556    13.6965    31.8709 -9.990e-29     0.3371 1.1481e+01  1023.8657    13.6954    23.8322     8.8494    270.114    8.51243  259.82708    103.959 -9.990e-29
   40.22534 -9.990e-29      7.614      7.556    13.6963    31.8709 -9.990e-29     0.3371 1.1481e+01  1023.8653    13.6952    23.8317     8.8541    270.256    8.51229  259.82281    104.015 -9.990e-29
   40.22534 -9.990e-29      7.596      7.538    13.6951    31.8709 -9.990e-29     0.3371 1.1449e+01  1023.8652    13.6940    23.8320     8.8547    270.274    8.51218  259.81933    104.024 -9.990e-29
   40.22534 -9.990e-29      7.584      7.526    13.6921    31.8713 -9.990e-29     0.3371 1.1449e+01  1023.8665    13.6910    23.8333     8.8553    270.294    8.51208  259.81655    104.033 -9.990e-29
   40.22534 -9.990e-29      7.573      7.515    13.6877    31.8732 -9.990e-29     0.3371 1.1416e+01  1023.8692    13.6866    23.8355     8.8554    270.296    8.51201  259.81468    104.034 -9.990e-29
   40.22534 -9.990e-29      7.563      7.505    13.6841    31.8754 -9.990e-29     0.3371 1.1416e+01  1023.8721    13.6831    23.8378     8.8556    270.303    8.51209  259.81719    104.036 -9.990e-29
   40.22534 -9.990e-29      7.557      7.498    13.6830    31.8770 -9.990e-29     0.3371 1.1416e+01  1023.8731    13.6819    23.8394     8.8560    270.314    8.51235  259.82539    104.037 -9.990e-29
   40.22534 -9.990e-29      7.524      7.466    13.6819    31.8774 -9.990e-29     0.3371 1.1384e+01  1023.8743    13.6809    23.8404     8.8566    270.332    8.51282  259.83929    104.038 -9.990e-29
   40.22534 -9.990e-29      7.513      7.455    13.6837    31.8774 -9.990e-29     0.3371 1.1384e+01  1023.8750    13.6827    23.8403     8.8571    270.349    8.51329  259.85312    104.039 -9.990e-29
   40.22534 -9.990e-29      7.495      7.437    13.6895    31.8774 -9.990e-29     0.3371 1.1384e+01  1023.8724    13.6885    23.8383     8.8574    270.358    8.51353  259.86003    104.040 -9.990e-29
   40.22534 -9.990e-29      7.482      7.425    13.6954    31.8748 -9.990e-29     0.3371 1.1384e+01  1023.8683    13.6944    23.8354     8.8576    270.363    8.51370  259.86500    104.040 -9.990e-29
