CalculateIndicators/WaterTemperature/Data/CTD_NYOS/20230517_C22B.cnv
* Sea-Bird SBE 9 Data File:
* FileName = C:\Seabird 9 CTD\Data\2023\202305_offshore\20230517_C24B.hex
* Software Version Seasave V 7.23.2
* Temperature SN = 4590
* Conductivity SN = 3228
* Number of Bytes Per Scan = 44
* Number of Voltage Words = 5
* Number of Scans Averaged by the Deck Unit = 1
* NMEA Latitude = 39 31.93 N
* NMEA Longitude = 071 44.24 W
* NMEA UTC (Time) = May 18 2023  00:37:02
* NMEA baud rate = 4800
** Ship: Seawolf
** Station: 10.7
** Operator: TDK
# nquan = 18
# nvalues = 606                         
# units = specified
# name 0 = latitude: Latitude [deg]
# name 1 = longitude: Longitude [deg]
# name 2 = prDM: Pressure, Digiquartz [db]
# name 3 = depSM: Depth [salt water, m]
# name 4 = t090C: Temperature [ITS-90, deg C]
# name 5 = sal00: Salinity, Practical [PSU]
# name 6 = ph: pH
# name 7 = flECO-AFL: Fluorescence, WET Labs ECO-AFL/FL [mg/m^3]
# name 8 = cpar: CPAR/Corrected Irradiance [%]
# name 9 = density00: Density [density, kg/m^3]
# name 10 = potemp090C: Potential Temperature [ITS-90, deg C]
# name 11 = sigma-100: Density [sigma-1, kg/m^3 ]
# name 12 = sbeox0Mg/L: Oxygen, SBE 43 [mg/l]
# name 13 = sbox0Mm/Kg: Oxygen, SBE 43 [umol/kg]
# name 14 = oxsolMg/L: Oxygen Saturation, Garcia & Gordon [mg/l]
# name 15 = oxsolMm/Kg: Oxygen Saturation, Garcia & Gordon [umol/kg]
# name 16 = sbeox0PS: Oxygen, SBE 43 [% saturation]
# name 17 = flag: flag
# span 0 =   39.53195,   39.53234       
# span 1 =  -71.73736,  -71.73205       
# span 2 =      1.000,    304.000       
# span 3 =      0.993,    301.462       
# span 4 =    10.4516,    15.1461       
# span 5 =    34.0817,    35.7734       
# span 6 =      7.852,      8.130       
# span 7 =    -0.1069,     0.6135       
# span 8 = -2.238e+04, 1.0336e+05       
# span 9 =  1025.3568,  1028.5194       
# span 10 =    10.4150,    15.1309      
# span 11 =    29.7125,    31.6015      
# span 12 =     4.2281,     8.7695      
# span 13 =    128.644,    267.137      
# span 14 =    8.07468,    8.91490      
# span 15 =  245.81960,  271.22813      
# span 16 =     47.831,    103.853      
# span 17 = 0.0000e+00, 0.0000e+00      
# interval = decibars: 1                
# start_time = May 18 2023 00:37:05 [System UTC, first data scan.]
# bad_flag = -9.990e-29
*END*
[from data line 483]
   39.53203  -71.73277    123.000    122.026    14.7053    35.6725 -9.990e-29    -0.0888 5.0640e-11  1027.1006    14.6869    30.9165     6.7985    206.961    8.14594  247.97859     83.459 0.0000e+00
   39.53202  -71.73273    122.000    121.035    14.7197    35.6749      8.050    -0.0783 5.0640e-11  1027.0948    14.7014    30.9149     6.8032    207.103    8.14467  247.94015     83.529 0.0000e+00
   39.53203  -71.73275    121.000    120.043    14.7343    35.6758      8.050    -0.0709 5.0640e-11  1027.0879    14.7161    30.9121     6.8039    207.124    8.14348  247.90405     83.550 0.0000e+00
   39.53204  -71.73276    120.000    119.051    14.7395    35.6778      8.050    -0.0843 5.0640e-11  1027.0839    14.7215    30.9124     6.8160    207.493    8.14161  247.84692     83.718 0.0000e+00
   39.53204  -71.73276    119.000    118.059    14.7413    35.6786      8.050    -0.0837 5.0640e-11  1027.0797    14.7234    30.9126     6.7980    206.945    8.13972  247.79031     83.516 0.0000e+00
   39.53202  -71.73273    118.000    117.067    14.7552    35.6806      8.050    -0.0808 5.0640e-11  1027.0737    14.7375    30.9108     6.8148    207.457    8.13713  247.71148     83.749 0.0000e+00
   39.53201  -71.73270    117.000    116.076    14.7687    35.6828      8.050    -0.0928 5.0640e-11  1027.0680    14.7511    30.9092     6.8291    207.893    8.13116  247.53017     83.987 0.0000e+00
   39.53200  -71.73269    116.000    115.084    14.7886    35.6871      8.051    -0.0838 5.0640e-11  1027.0625    14.7712    30.9078     6.8301    207.926    8.12241  247.26630     84.090 0.0000e+00
   39.53204  -71.73275    115.000    114.092    14.8503    35.6944      8.053    -0.0784 5.0640e-11  1027.0501    14.8330    30.8987     6.8601    208.838    8.11312  246.98464     84.555 0.0000e+00
 -9.990e-29 -9.990e-29    114.000    113.100    14.9302    35.7047      8.055    -0.0720 5.0640e-11  1027.0357    14.9129    30.8874     6.9082    210.304    8.10831  246.83807     85.199 0.0000e+00
 -9.990e-29 -9.990e-29    113.000    112.108    14.9373    35.7097      8.056    -0.0948 5.0640e-11  1027.0337    14.9201    30.8896     6.9079    210.293    8.10575  246.76040     85.222 0.0000e+00
   39.53204  -71.73274    112.000    111.116    14.9513    35.7118      8.056    -0.0864 5.0640e-11  1027.0278    14.9343    30.8878     6.9059    210.236    8.10159  246.63456     85.242 0.0000e+00
   39.53201  -71.73268    111.000    110.125    14.9701    35.7156 -9.990e-29    -0.0827 5.0640e-11  1027.0221    14.9532    30.8862     6.9103    210.370    8.10008  246.58938     85.312 0.0000e+00
   39.53202  -71.73269    110.000    109.133    14.9940    35.7164      8.058    -0.0835 5.0640e-11  1027.0130    14.9773    30.8811     6.9161    210.546    8.09753  246.51199     85.410 0.0000e+00
   39.53204  -71.73271    109.000    108.141    15.0129    35.7198      8.058    -0.0884 5.0640e-11  1027.0070    14.9963    30.8792     6.9132    210.458    8.09606  246.46675     85.390 0.0000e+00
   39.53201  -71.73266    108.000    107.149    15.0122    35.7216      8.058    -0.0926 5.0640e-11  1027.0041    14.9957    30.8807     6.9133    210.462    8.09302  246.37524     85.423 0.0000e+00
   39.53202  -71.73268    107.000    106.157    15.0321    35.7236      8.058    -0.0920 5.0640e-11  1026.9968    15.0158    30.8774     6.9217    210.716    8.09150  246.32894     85.542 0.0000e+00
   39.53200  -71.73262    106.000    105.165    15.0450    35.7260      8.058    -0.0924 5.0640e-11  1026.9914    15.0288    30.8761     6.9158    210.536    8.08893  246.25052     85.497 0.0000e+00
   39.53201  -71.73265    105.000    104.173    15.0499    35.7284      8.058    -0.1064 5.0640e-11  1026.9877    15.0339    30.8768     6.9156    210.530    8.08494  246.12943     85.536 0.0000e+00
   39.53201  -71.73264    104.000    103.182    15.0684    35.7321      8.058    -0.0867 5.0640e-11  1026.9820    15.0526    30.8751     6.9327    211.052    8.08202  246.04143     85.779 0.0000e+00
   39.53203  -71.73267    103.000    102.190    15.1046    35.7358 -9.990e-29    -0.0786 5.0640e-11  1026.9722    15.0889    30.8691     6.9330    211.062    8.07857  245.93724     85.820 0.0000e+00
   39.53200  -71.73260    102.000    101.198    15.1108    35.7372      8.058    -0.0846 5.0640e-11  1026.9676    15.0952    30.8687     6.9301    210.975    8.07861  245.93875     85.783 0.0000e+00
   39.53201  -71.73263    101.000    100.206    15.1199    35.7383      8.059    -0.0925 4.9976e+04  1026.9619    15.1044    30.8673     6.9357    211.144    8.07802  245.92076     85.858 0.0000e+00
   39.53200  -71.73258    100.000     99.214    15.1278    35.7380      8.060    -0.0783 1.0264e+05  1026.9555    15.1125    30.8652     6.9490    211.550    8.07616  245.86508     86.043 0.0000e+00
   39.53201  -71.73264     99.000     98.222    15.1387    35.7374      8.060    -0.0851 -9.990e-29  1026.9483    15.1236    30.8621     6.9474    211.501    8.07729  245.89989     86.011 0.0000e+00
   39.53198  -71.73258     98.000     97.230    15.1348    35.7353      8.061    -0.0822 -9.990e-29  1026.9430    15.1198    30.8614     6.9582    211.832    8.07735  245.90201     86.145 0.0000e+00
   39.53200  -71.73262     97.000     96.238    15.1326    35.7316      8.061    -0.0787 5.0640e-11  1026.9362    15.1178    30.8590     6.9643    212.016    8.07643  245.87449     86.229 0.0000e+00
   39.53199  -71.73260     96.000     95.246    15.1401    35.7306 -9.990e-29 -9.990e-29 5.0640e-11  1026.9294    15.1255    30.8565     6.9790    212.464    8.07731  245.90159     86.402 0.0000e+00
   39.53202  -71.73264     95.000     94.254    15.1391    35.7297      8.062    -0.0927 5.0640e-11  1026.9245    15.1246    30.8559     6.9793    212.476    8.07969  245.97430     86.381 0.0000e+00
 -9.990e-29  -71.73263     94.000     93.262    15.1312    35.7262      8.062    -0.0687 5.0640e-11  1026.9192    15.1168    30.8551     6.9864    212.690    8.08081  246.00855     86.457 0.0000e+00
   39.53198  -71.73260     93.000     92.271    15.1182    35.7204      8.062    -0.0682 5.0640e-11  1026.9131    15.1040    30.8538     7.0128    213.494    8.07999  245.98378     86.792 0.0000e+00
   39.53202  -71.73262     92.000     91.279    15.1223    35.7208      8.063    -0.0775 5.0640e-11  1026.9081    15.1083    30.8531     7.0195    213.699    8.08370  246.09739     86.835 0.0000e+00
   39.53202  -71.73262     91.000     90.287    15.1235    35.7198      8.063    -0.0652 5.0640e-11  1026.9026    15.1096    30.8519     7.0132    213.508    8.08619  246.17291     86.731 0.0000e+00
   39.53199  -71.73254     90.000     89.295    15.0962    35.7116      8.063    -0.0595 5.0640e-11  1026.8982    15.0825    30.8524     7.0240    213.837    8.08810  246.23051     86.844 0.0000e+00
   39.53200  -71.73257     89.000     88.303    15.0732    35.7070      8.064    -0.0583 5.0640e-11  1026.8951    15.0596    30.8542     7.0520    214.687    8.09073  246.31125     87.161 0.0000e+00
   39.53198  -71.73252     88.000     87.311    15.0641    35.7014      8.064    -0.0595 5.0640e-11  1026.8884    15.0507    30.8520     7.0517    214.679    8.09860  246.55131     87.073 0.0000e+00
   39.53198  -71.73252     87.000     86.319    15.0281    35.6899      8.065    -0.0766 5.0640e-11  1026.8832    15.0149    30.8518     7.0741    215.363    8.09983  246.58866     87.337 0.0000e+00
   39.53199  -71.73253     86.000     85.327    15.0097    35.6827      8.066 -9.990e-29 5.0640e-11  1026.8772    14.9967    30.8506     7.0829    215.630    8.10002  246.59439     87.443 0.0000e+00
   39.53200  -71.73254     85.000     84.335    15.0067    35.6828      8.066 -9.990e-29 5.0640e-11  1026.8737    14.9938    30.8515     7.0721    215.300    8.10045  246.60776     87.305 0.0000e+00
   39.53202  -71.73258     84.000     83.343    15.0049    35.6810      8.067    -0.0572 5.0640e-11  1026.8682    14.9921    30.8504     7.0771    215.453    8.10092  246.62220     87.362 0.0000e+00
   39.53200  -71.73253     83.000     82.351    15.0023    35.6800 -9.990e-29    -0.0573 5.0640e-11  1026.8636    14.9897    30.8503     7.0714    215.280    8.10184  246.65013     87.282 0.0000e+00
   39.53198  -71.73250     82.000     81.359    15.0000    35.6790      8.067    -0.0519 5.0640e-11  1026.8589    14.9876    30.8500     7.0743    215.367    8.11918  247.17825     87.130 0.0000e+00
   39.53198  -71.73249     81.000     80.367    14.9650    35.6671      8.067    -0.0623 5.0640e-11  1026.8531    14.9528    30.8493     7.0697    215.230    8.12610  247.38908     87.001 0.0000e+00
   39.53200  -71.73252     80.000     79.375    14.8443    35.6375      8.066    -0.0522 5.0640e-11  1026.8528    14.8323    30.8556     7.0803    215.552    8.15490  248.26679     86.823 0.0000e+00
   39.53199  -71.73252     79.000     78.383    14.6956    35.5826      8.064    -0.0585 5.0640e-11  1026.8384    14.6838    30.8484     7.0955    216.015    8.16722  248.64381     86.877 0.0000e+00
   39.53200  -71.73256     78.000     77.391    14.6575    35.5681 -9.990e-29    -0.0645 -9.990e-29  1026.8313    14.6459    30.8464     7.1073    216.375    8.16843  248.68035     87.009 0.0000e+00
   39.53199  -71.73252     77.000     76.399    14.6252    35.5572 -9.990e-29    -0.0481 5.0640e-11  1026.8254    14.6138    30.8455     7.1127    216.539    8.16773  248.65924     87.083 0.0000e+00
   39.53200  -71.73255     76.000     75.407    14.6275    35.5561 -9.990e-29    -0.0392 5.0640e-11  1026.8197    14.6162    30.8442     7.1071    216.370    8.16855  248.68425     87.006 0.0000e+00
   39.53199  -71.73253     75.000     74.415    14.6230    35.5557 -9.990e-29    -0.0423 5.0640e-11  1026.8159    14.6119    30.8449     7.1335    217.173    8.17967  249.02427     87.210 0.0000e+00
   39.53199  -71.73250     74.000     73.423    14.6086    35.5456      8.063    -0.0389 5.0640e-11  1026.8067    14.5976    30.8403     7.1224    216.834    8.18965  249.32689     86.968 0.0000e+00
   39.53199  -71.73252     73.000     72.431    14.5197    35.5202      8.061 -9.990e-29 5.0640e-11  1026.8022    14.5089    30.8420     7.1145    216.596    8.19416  249.46551     86.824 0.0000e+00
   39.53199  -71.73249     72.000     71.439    14.4851    35.5109      8.060 -9.990e-29 5.0640e-11  1026.7980    14.4744    30.8428     7.1186    216.723    8.21183  250.00639     86.687 0.0000e+00
   39.53198  -71.73245     71.000     70.447    14.4260    35.4830      8.060    -0.0376 5.0640e-11  1026.7851    14.4155    30.8355     7.1550    217.833    8.23678  250.76721     86.867 0.0000e+00
   39.53199  -71.73250     70.000     69.455    14.2883    35.4310      8.061    -0.0380 5.0640e-11  1026.7698    14.2781    30.8273     7.1816    218.644    8.24898  251.13963     87.061 0.0000e+00
   39.53199  -71.73248     69.000     68.463    14.1791    35.4007      8.061    -0.0476 5.0640e-11  1026.7658    14.1690    30.8298     7.2429    220.513    8.25545  251.34014     87.735 0.0000e+00
   39.53200  -71.73252     68.000     67.471    14.1664    35.3808      8.062    -0.0332 5.0640e-11  1026.7486    14.1565    30.8173     7.2558    220.905    8.25699  251.38620     87.875 0.0000e+00
   39.53198  -71.73244     67.000     66.479    14.1453    35.3731      8.064    -0.0227 5.0640e-11  1026.7427    14.1356    30.8162     7.2557    220.903    8.25630  251.36538     87.881 0.0000e+00
   39.53200  -71.73252     66.000     65.487    14.1454    35.3705      8.063    -0.0155 5.0640e-11  1026.7362    14.1358    30.8142     7.2701    221.340    8.25668  251.37739     88.051 0.0000e+00
   39.53198  -71.73245     65.000     64.495    14.1464    35.3701 -9.990e-29    -0.0383 5.0640e-11  1026.7313    14.1370    30.8136     7.2620    221.093    8.25740  251.39937     87.945 0.0000e+00
   39.53199  -71.73248     64.000     63.502    14.1437    35.3685 -9.990e-29    -0.0384 5.0640e-11  1026.7261    14.1344    30.8130     7.2567    220.933    8.25908  251.45092     87.863 0.0000e+00
   39.53199  -71.73244     63.000     62.510    14.1254    35.3634      8.066    -0.0376 5.0640e-11  1026.7216    14.1163    30.8132     7.2581    220.977    8.27711  252.00022     87.689 0.0000e+00
   39.53199  -71.73246     62.000     61.518    14.0325    35.3335      8.063    -0.0309 5.0640e-11  1026.7142    14.0236    30.8120     7.2579    220.972    8.29264  252.47529     87.522 0.0000e+00
   39.53199  -71.73246     61.000     60.526    14.0121    35.3230      8.062    -0.0252 5.0640e-11  1026.7057    14.0033    30.8083     7.2679    221.281    8.32225  253.38304     87.331 0.0000e+00
   39.53200  -71.73246     60.000     59.534    13.9550    35.3008      8.062    -0.0486 5.0640e-11  1026.6965    13.9463    30.8047     7.2427    220.508    8.31350  253.10949     87.120 0.0000e+00
   39.53196  -71.73237     59.000     58.542    13.8373    35.2535      8.060    -0.0364 5.0640e-11  1026.6793    13.8289    30.7943     7.2520    220.796    8.31842  253.26458     87.180 0.0000e+00
   39.53196  -71.73236     58.000     57.550    13.8033    35.2348      8.058    -0.0155 5.0640e-11  1026.6684    13.7950    30.7886     7.2890    221.925    8.33796  253.86273     87.419 0.0000e+00
   39.53199  -71.73239     57.000     56.558    13.7181    35.2018 -9.990e-29    -0.0117 5.0640e-11  1026.6562    13.7100    30.7825     7.3240    222.993    8.34386  254.04440     87.777 0.0000e+00
   39.53196  -71.73236     56.000     55.566    13.6922    35.1819      8.058     0.0096 5.0640e-11  1026.6415    13.6843    30.7728     7.3872    224.920    8.35550  254.40165     88.411 0.0000e+00
   39.53197  -71.73238     55.000     54.574    13.6397    35.1554      8.063     0.0131 5.0640e-11  1026.6274    13.6319    30.7643     7.4531    226.930    8.36520  254.70026     89.097 0.0000e+00
   39.53198  -71.73239     54.000     53.581    13.5953    35.1300      8.067     0.0322 5.0640e-11  1026.6128    13.5877    30.7551     7.5012    228.395    8.36764  254.77549     89.645 0.0000e+00
   39.53198  -71.73237     53.000     52.589    13.5687    35.1114      8.068     0.0415 5.0640e-11  1026.5995    13.5612    30.7467     7.5545    230.017    8.36982  254.84248     90.259 0.0000e+00
   39.53197  -71.73236     52.000     51.597    13.5588    35.1060 -9.990e-29     0.0726 5.0640e-11  1026.5929    13.5514    30.7449     7.6084    231.659    8.37732  255.07129     90.821 0.0000e+00
   39.53198  -71.73236     51.000     50.605    13.5211    35.0925 -9.990e-29     0.0630 6.9237e+04  1026.5860    13.5139    30.7432     7.6324    232.395    8.39989  255.76505     90.863 0.0000e+00
   39.53197  -71.73235     50.000     49.613    13.4146    35.0286      8.076     0.0805 7.7293e+04  1026.5538    13.4076    30.7176     7.6735    233.652    8.41184  256.13364     91.223 0.0000e+00
   39.53198  -71.73236     49.000     48.621    13.3340    34.9941      8.078     0.0723 1.7221e+04  1026.5393    13.3272    30.7093     7.7097    234.762    8.40369  255.89351     91.742 0.0000e+00
   39.53196  -71.73233     48.000     47.629    13.3548    34.9685      8.082     0.0853 -2.676e+02  1026.5108    13.3481    30.6851     7.7119    234.829    8.39960  255.77022     91.813 0.0000e+00
   39.53197  -71.73234     47.000     46.636    13.4129    34.9592      8.083     0.0864 5.0640e-11  1026.4872    13.4063    30.6649     7.7158    234.949    8.39879  255.74520     91.868 0.0000e+00
   39.53196  -71.73231     46.000     45.644    13.4353    34.9560 -9.990e-29     0.1020 5.0640e-11  1026.4756    13.4289    30.6573     7.7408    235.716    8.40496  255.93965     92.098 0.0000e+00
   39.53195  -71.73231     45.000     44.652    13.4246    34.9261      8.092     0.1173 5.0640e-11  1026.4502    13.4183    30.6367     7.8217    238.183    8.42551  256.57021     92.833 0.0000e+00
