CalculateIndicators/WaterTemperature/Data/CTD_NYOS/20230516_C10_2.cnv
* Sea-Bird SBE 9 Data File:
* FileName = C:\Seabird 9 CTD\Data\2023\202305_offshore\20230516_C10_2.hex
* Software Version Seasave V 7.23.2
* Temperature SN = 4590
* Conductivity SN = 3228
* Number of Bytes Per Scan = 44
* Number of Voltage Words = 5
* Number of Scans Averaged by the Deck Unit = 1
* NMEA Latitude = 39 19.60 N
* NMEA Longitude = 072 04.59 W
* NMEA UTC (Time) = May 16 2023  06:40:41
* NMEA baud rate = 4800
** Ship: seawolf
** Station: 9.7
** Operator: TDK
# nquan = 18
# nvalues = 10961                       
# units = specified
# name 0 = latitude: Latitude [deg]
# name 1 = longitude: Longitude [deg]
# name 2 = prDM: Pressure, Digiquartz [db]
# name 3 = depSM: Depth [salt water, m]
# name 4 = t090C: Temperature [ITS-90, deg C]
# name 5 = sal00: Salinity, Practical [PSU]
# name 6 = ph: pH
# name 7 = flECO-AFL: Fluorescence, WET Labs ECO-AFL/FL [mg/m^3]
# name 8 = cpar: CPAR/Corrected Irradiance [%]
# name 9 = density00: Density [density, kg/m^3]
# name 10 = potemp090C: Potential Temperature [ITS-90, deg C]
# name 11 = sigma-é00: Density [sigma-theta, kg/m^3]
# name 12 = sbeox0Mg/L: Oxygen, SBE 43 [mg/l]
# name 13 = sbox0Mm/Kg: Oxygen, SBE 43 [umol/kg]
# name 14 = oxsolMg/L: Oxygen Saturation, Garcia & Gordon [mg/l]
# name 15 = oxsolMm/Kg: Oxygen Saturation, Garcia & Gordon [umol/kg]
# name 16 = sbeox0PS: Oxygen, SBE 43 [% saturation]
# name 17 = flag:  0.000e+00
# span 0 =   39.32666,   39.32784       
# span 1 =  -72.07650,  -72.07332       
# span 2 =      0.221,    103.056       
# span 3 =      0.219,    102.247       
# span 4 =    13.8218,    15.1531       
# span 5 =     1.7799,    35.7187       
# span 6 =      8.018,      8.094       
# span 7 =    -0.2136,     4.6753       
# span 8 = 5.0640e-11, 9.9999e+04       
# span 9 =  1000.5150,  1026.9479       
# span 10 =    13.8218,    15.1375      
# span 11 =     0.5916,    26.4960      
# span 12 =     7.0869,    10.3380      
# span 13 =    215.753,    322.900      
# span 14 =    8.07470,   10.23538      
# span 15 =  245.82460,  319.69622      
# span 16 =     83.226,    101.417      
# span 17 = 0.0000e+00, 0.0000e+00      
# interval = seconds: 0.0416667
# start_time = May 16 2023 06:40:42 [System UTC, first data scan.]
# bad_flag = -9.990e-29
*END*
[from data line 6995]
   39.32742  -72.07438     29.426     29.200    14.6134    34.9652      8.092     0.3640 5.0640e-11  1026.1602    14.6091    26.0298     8.2459    251.141    8.20029  249.75174    100.556 0.0000e+00
   39.32742  -72.07438     29.417     29.191    14.6135    34.9743      8.092     0.3640 5.0640e-11  1026.1665    14.6092    26.0372     8.2437    251.073    8.19832  249.69175    100.553 -9.990e-29
   39.32742  -72.07438     29.426     29.200    14.6136    34.9820      8.092     0.3640 5.0640e-11  1026.1767    14.6092    26.0430     8.2422    251.029    8.19710  249.65607    100.550 -9.990e-29
   39.32742  -72.07438     29.408     29.183    14.6176    34.9856      8.092     0.3640 5.0640e-11  1026.1750    14.6133    26.0453     8.2461    251.150    8.19642  249.63680    100.606 -9.990e-29
   39.32742  -72.07438     29.417     29.191    14.6182    34.9914      8.092     0.3505 5.0640e-11  1026.1719    14.6138    26.0494     8.2457    251.138    8.19596  249.62392    100.607 -9.990e-29
   39.32742  -72.07438     29.406     29.180    14.6186    35.0059      8.092     0.3371 5.0640e-11  1026.1909    14.6143    26.0600     8.2407    250.989    8.19602  249.62721    100.546 0.0000e+00
   39.32742  -72.07438     29.397     29.172    14.6279    35.0059      8.092     0.3371 5.0640e-11  1026.2074    14.6235    26.0681     8.2354    250.828    8.19633  249.63736    100.477 -9.990e-29
   39.32742  -72.07438     29.406     29.180    14.6393    35.0059      8.092     0.3505 5.0640e-11  1026.1994    14.6349    26.0635     8.2397    250.959    8.19634  249.63731    100.529 -9.990e-29
   39.32742  -72.07438     29.406     29.180    14.6439    34.9986      8.092     0.3371 5.0640e-11  1026.1760    14.6395    26.0502     8.2394    250.947    8.19617  249.63209    100.527 -9.990e-29
   39.32742  -72.07438     29.396     29.170    14.6400    34.9826      8.092     0.3371 5.0640e-11  1026.1669    14.6356    26.0382     8.2391    250.939    8.19621  249.63369    100.523 -9.990e-29
   39.32742  -72.07438     29.397     29.172    14.6366    34.9701      8.092     0.3371 5.0640e-11  1026.1580    14.6322    26.0293     8.2388    250.932    8.19632  249.63725    100.519 -9.990e-29
   39.32742  -72.07438     29.396     29.170    14.6299    34.9613      8.092     0.3371 5.0640e-11  1026.1496    14.6256    26.0238     8.2436    251.076    8.19646  249.64143    100.575 -9.990e-29
   39.32742  -72.07438     29.396     29.170    14.6224    34.9583      8.092     0.3505 5.0640e-11  1026.1518    14.6180    26.0229     8.2387    250.929    8.19659  249.64636    100.514 -9.990e-29
   39.32742  -72.07438     29.417     29.191    14.6171    34.9583      8.092     0.3371 5.0640e-11  1026.1548    14.6128    26.0241     8.2387    250.930    8.19713  249.66383    100.507 -9.990e-29
   39.32742  -72.07438     29.418     29.192    14.6121    34.9571      8.092     0.3371 5.0640e-11  1026.1554    14.6077    26.0242     8.2387    250.929    8.19773  249.68249    100.499 -9.990e-29
   39.32742  -72.07438     29.417     29.191    14.6085    34.9539      8.092     0.3371 5.0640e-11  1026.1521    14.6041    26.0228     8.2434    251.074    8.19821  249.69692    100.552 -9.990e-29
   39.32742  -72.07438     29.436     29.210    14.6030    34.9539      8.092     0.3371 5.0640e-11  1026.1500    14.5987    26.0221     8.2438    251.086    8.19880  249.71562    100.549 -9.990e-29
   39.32742  -72.07438     29.439     29.213    14.5978    34.9539      8.092     0.3371 5.0640e-11  1026.1524    14.5934    26.0242     8.2453    251.132    8.20004  249.75512    100.551 -9.990e-29
   39.32742  -72.07438     29.447     29.221    14.5953    34.9577      8.092     0.3371 5.0640e-11  1026.1594    14.5909    26.0282     8.2465    251.171    8.20162  249.80481    100.547 -9.990e-29
   39.32742  -72.07438     29.457     29.231    14.5956    34.9609      8.092     0.3371 5.0640e-11  1026.1628    14.5912    26.0308     8.2477    251.208    8.20329  249.85627    100.541 -9.990e-29
   39.32742  -72.07438     29.477     29.251    14.5954    34.9613      8.092     0.3371 5.0640e-11  1026.1607    14.5911    26.0313     8.2539    251.399    8.20455  249.89424    100.602 -9.990e-29
   39.32742  -72.07438     29.469     29.243    14.5940    34.9613      8.092     0.3505 5.0640e-11  1026.1611    14.5897    26.0315     8.2552    251.437    8.20537  249.91872    100.607 -9.990e-29
   39.32742  -72.07438     29.487     29.261    14.5940    34.9613      8.092     0.3371 5.0640e-11  1026.1633    14.5896    26.0316     8.2561    251.464    8.20593  249.93541    100.611 -9.990e-29
   39.32742  -72.07438     29.487     29.261    14.5940    34.9614      8.092     0.3371 5.0640e-11  1026.1596    14.5897    26.0309     8.2568    251.485    8.20639  249.94937    100.614 -9.990e-29
   39.32742  -72.07438     29.509     29.282    14.5921    34.9635      8.092     0.3371 5.0640e-11  1026.1582    14.5877    26.0334     8.2624    251.655    8.20683  249.96262    100.677 -9.990e-29
   39.32742  -72.07438     29.528     29.302    14.5912    34.9752      8.092     0.3505 5.0640e-11  1026.1715    14.5868    26.0423     8.2633    251.684    8.20721  249.97385    100.684 -9.990e-29
   39.32742  -72.07438     29.528     29.302    14.5971    34.9896      8.092     0.3371 5.0640e-11  1026.1872    14.5928    26.0524     8.2640    251.702    8.20739  249.97936    100.689 -9.990e-29
   39.32742  -72.07438     29.538     29.311    14.6059    34.9896      8.092     0.3371 5.0640e-11  1026.1909    14.6015    26.0564     8.2649    251.732    8.20745  249.98118    100.700 -9.990e-29
   39.32742  -72.07438     29.550     29.323    14.6141    34.9896      8.092     0.3237 5.0640e-11  1026.1865    14.6097    26.0521     8.2709    251.915    8.20765  249.98739    100.771 -9.990e-29
   39.32742  -72.07438     29.549     29.322    14.6194    34.9806      8.092     0.3237 5.0640e-11  1026.1723    14.6150    26.0415     8.2725    251.963    8.20801  249.99906    100.786 -9.990e-29
   39.32742  -72.07438     29.549     29.322    14.6186    34.9641      8.087     0.3237 5.0640e-11  1026.1583    14.6143    26.0288     8.2745    252.026    8.20887  250.02643    100.800 -9.990e-29
   39.32742  -72.07438     29.571     29.344    14.6144    34.9486      8.092     0.3237 5.0640e-11  1026.1459    14.6101    26.0177     8.2815    252.240    8.20984  250.05667    100.873 -9.990e-29
   39.32742  -72.07436     29.568     29.341    14.6065    34.9359      8.088     0.3237 5.0640e-11  1026.1394    14.6021    26.0093     8.2785    252.148    8.21040  250.07360    100.830 -9.990e-29
   39.32742  -72.07436     29.579     29.352    14.5979    34.9245      8.092     0.3237 5.0640e-11  1026.1330    14.5936    26.0025     8.2796    252.182    8.21074  250.08366    100.839 -9.990e-29
   39.32742  -72.07436     29.598     29.371    14.5868    34.9145      8.088     0.3237 5.0640e-11  1026.1249    14.5825    25.9971     8.2855    252.361    8.21096  250.09049    100.908 -9.990e-29
   39.32742  -72.07436     29.601     29.374    14.5740    34.9075      8.092     0.3237 5.0640e-11  1026.1250    14.5696    25.9942     8.2870    252.407    8.21142  250.10475    100.920 -9.990e-29
   39.32742  -72.07436     29.609     29.382    14.5634    34.9047      8.092     0.3237 5.0640e-11  1026.1226    14.5591    25.9927     8.2892    252.474    8.21212  250.12597    100.939 -9.990e-29
   39.32742  -72.07436     29.619     29.392    14.5507    34.9047      8.092     0.3237 5.0640e-11  1026.1208    14.5463    25.9936     8.2905    252.515    8.21261  250.14218    100.949 -9.990e-29
   39.32742  -72.07436     29.631     29.404    14.5395    34.9047      8.092     0.3237 5.0640e-11  1026.1277    14.5351    25.9990     8.2971    252.719    8.21407  250.18872    101.011 -9.990e-29
   39.32742  -72.07436     29.630     29.403    14.5341    34.9152      8.092     0.3237 5.0640e-11  1026.1387    14.5297    26.0082     8.2956    252.674    8.21642  250.26249    100.964 -9.990e-29
   39.32742  -72.07436     29.640     29.412    14.5358    34.9270      8.092     0.3237 5.0640e-11  1026.1509    14.5314    26.0172     8.3035    252.915    8.21883  250.33681    101.030 -9.990e-29
   39.32742  -72.07436     29.630     29.403    14.5419    34.9348      8.092     0.3237 5.0640e-11  1026.1554    14.5375    26.0223     8.3010    252.839    8.22055  250.38835    100.979 -9.990e-29
   39.32742  -72.07436     29.631     29.404    14.5468    34.9396      8.092     0.3237 5.0640e-11  1026.1529    14.5424    26.0253     8.3061    252.993    8.22057  250.38709    101.041 -9.990e-29
   39.32742  -72.07436     29.640     29.412    14.5465    34.9493      8.092     0.3237 5.0640e-11  1026.1586    14.5421    26.0322     8.3076    253.041    8.22163  250.42278    101.046 -9.990e-29
   39.32742  -72.07436     29.619     29.392    14.5502    34.9664      8.092     0.3237 5.0640e-11  1026.1760    14.5458    26.0443     8.3116    253.165    8.22513  250.53278    101.051 -9.990e-29
   39.32742  -72.07436     29.622     29.395    14.5615    34.9835      8.092     0.3237 5.0640e-11  1026.1902    14.5571    26.0554     8.3151    253.273    8.22781  250.61472    101.061 -9.990e-29
   39.32742  -72.07436     29.619     29.392    14.5750    34.9948      8.092     0.3237 5.0640e-11  1026.1933    14.5706    26.0616     8.3177    253.353    8.22980  250.67600    101.068 -9.990e-29
   39.32742  -72.07436     29.609     29.382    14.5858    35.0026      8.092     0.3237 5.0640e-11  1026.1953    14.5815    26.0652     8.3206    253.443    8.23218  250.74971    101.074 -9.990e-29
   39.32742  -72.07436     29.601     29.374    14.5961    35.0085      8.092     0.3237 5.0640e-11  1026.2005    14.5917    26.0677     8.3238    253.541    8.23493  250.83447    101.079 -9.990e-29
   39.32742  -72.07436     29.589     29.362    14.6073    35.0085      8.092     0.3237 5.0640e-11  1026.2001    14.6029    26.0673     8.3216    253.473    8.23745  250.91103    101.021 -9.990e-29
   39.32742  -72.07436     29.598     29.371    14.6163    35.0085      8.092     0.3237 5.0640e-11  1026.1944    14.6119    26.0634     8.3275    253.654    8.23883  250.95136    101.077 -9.990e-29
   39.32742  -72.07436     29.579     29.352    14.6223    35.0035      8.092     0.3237 5.0640e-11  1026.1883    14.6179    26.0582     8.3279    253.665    8.23928  250.96436    101.076 -9.990e-29
   39.32742  -72.07436     29.560     29.333    14.6266    34.9979      8.092     0.3237 5.0640e-11  1026.1835    14.6222    26.0529     8.3290    253.697    8.24001  250.98642    101.080 -9.990e-29
   39.32742  -72.07436     29.558     29.332    14.6286    34.9924      8.092     0.3237 5.0640e-11  1026.1772    14.6242    26.0483     8.3250    253.575    8.24077  251.00933    101.022 -9.990e-29
   39.32742  -72.07436     29.538     29.311    14.6279    34.9893      8.092     0.3237 5.0640e-11  1026.1743    14.6235    26.0458     8.3247    253.566    8.24146  251.02993    101.010 -9.990e-29
   39.32742  -72.07436     29.520     29.293    14.6271    34.9888      8.092     0.3237 5.0640e-11  1026.1761    14.6227    26.0455     8.3234    253.528    8.24187  251.04315    100.990 -9.990e-29
   39.32742  -72.07434     29.517     29.291    14.6280    34.9886      8.092     0.3237 5.0640e-11  1026.1762    14.6237    26.0452     8.3228    253.507    8.24245  251.05977    100.975 -9.990e-29
   39.32742  -72.07434     29.487     29.261    14.6286    34.9874      8.092     0.3237 5.0640e-11  1026.1740    14.6242    26.0443     8.3219    253.477    8.24284  251.06973    100.959 -9.990e-29
   39.32742  -72.07434     29.466     29.240    14.6282    34.9860      8.092     0.3237 5.0640e-11  1026.1732    14.6239    26.0432     8.3206    253.438    8.24307  251.07468    100.941 -9.990e-29
   39.32742  -72.07434     29.459     29.233    14.6276    34.9841      8.092     0.3237 5.0640e-11  1026.1728    14.6233    26.0418     8.3188    253.378    8.24278  251.06366    100.922 -9.990e-29
   39.32742  -72.07434     29.426     29.200    14.6281    34.9805      8.092     0.3237 5.0640e-11  1026.1693    14.6237    26.0392     8.3164    253.308    8.24168  251.03027    100.907 -9.990e-29
   39.32742  -72.07434     29.416     29.191    14.6267    34.9762      8.092     0.3237 5.0640e-11  1026.1649    14.6223    26.0360     8.3198    253.413    8.24186  251.03815    100.946 -9.990e-29
   39.32742  -72.07434     29.385     29.159    14.6241    34.9730      8.092     0.3237 5.0640e-11  1026.1627    14.6197    26.0341     8.3143    253.244    8.24270  251.06396    100.868 0.0000e+00
   39.32742  -72.07434     29.346     29.121    14.6209    34.9707      8.092     0.3237 5.0640e-11  1026.1638    14.6165    26.0329     8.3077    253.043    8.24316  251.07856    100.782 0.0000e+00
   39.32742  -72.07434     29.334     29.109    14.6186    34.9660      8.092     0.3237 5.0640e-11  1026.1609    14.6143    26.0300     8.3115    253.160    8.24402  251.10593    100.818 0.0000e+00
   39.32742  -72.07434     29.294     29.069    14.6141    34.9581      8.092     0.3237 5.0640e-11  1026.1541    14.6098    26.0249     8.3058    252.990    8.24507  251.13878    100.737 0.0000e+00
   39.32742  -72.07434     29.276     29.051    14.6077    34.9499      8.092     0.3237 5.0640e-11  1026.1474    14.6033    26.0199     8.3097    253.109    8.24615  251.17323    100.771 0.0000e+00
   39.32742  -72.07434     29.222     28.998    14.5993    34.9445      8.092     0.3237 5.0640e-11  1026.1445    14.5950    26.0174     8.3087    253.078    8.24693  251.19710    100.749 0.0000e+00
   39.32742  -72.07434     29.192     28.968    14.5917    34.9441      8.092     0.3237 5.0640e-11  1026.1457    14.5874    26.0176     8.3081    253.063    8.24821  251.23880    100.726 0.0000e+00
   39.32742  -72.07434     29.171     28.947    14.5862    34.9441      8.092     0.3237 5.0640e-11  1026.1482    14.5819    26.0192     8.3040    252.939    8.25049  251.31002    100.648 0.0000e+00
   39.32742  -72.07434     29.131     28.908    14.5824    34.9439      8.092     0.3237 5.0640e-11  1026.1497    14.5781    26.0206     8.3032    252.913    8.25163  251.34376    100.624 0.0000e+00
   39.32742  -72.07434     29.113     28.890    14.5797    34.9440      8.092     0.3237 5.0640e-11  1026.1499    14.5754    26.0212     8.3014    252.859    8.25193  251.35185    100.599 0.0000e+00
   39.32742  -72.07434     29.069     28.846    14.5774    34.9441      8.092     0.3237 5.0640e-11  1026.1495    14.5731    26.0217     8.3001    252.818    8.25269  251.37484    100.574 0.0000e+00
   39.32742  -72.07434     29.039     28.816    14.5748    34.9440      8.092     0.3237 5.0640e-11  1026.1505    14.5705    26.0222     8.2996    252.805    8.25380  251.40914    100.555 0.0000e+00
   39.32742  -72.07434     28.988     28.766    14.5736    34.9439      8.092     0.3237 5.0640e-11  1026.1507    14.5693    26.0226     8.2990    252.784    8.25472  251.43681    100.536 0.0000e+00
   39.32742  -72.07434     28.960     28.738    14.5731    34.9439      8.092     0.3237 5.0640e-11  1026.1510    14.5688    26.0225     8.2977    252.744    8.25504  251.44557    100.516 0.0000e+00
   39.32742  -72.07434     28.927     28.705    14.5724    34.9420      8.092     0.3237 5.0640e-11  1026.1498    14.5682    26.0212     8.2960    252.691    8.25500  251.44329    100.496 0.0000e+00
   39.32742  -72.07434     28.876     28.655    14.5716    34.9379      8.092     0.3237 5.0640e-11  1026.1464    14.5673    26.0184     8.2950    252.660    8.25512  251.44642    100.483 0.0000e+00
   39.32742  -72.07434     28.856     28.634    14.5685    34.9329      8.092     0.3237 5.0640e-11  1026.1415    14.5643    26.0152     8.2936    252.618    8.25488  251.43862    100.469 0.0000e+00
   39.32742  -72.07434     28.816     28.595    14.5638    34.9293      8.092     0.3237 5.0640e-11  1026.1393    14.5596    26.0131     8.2869    252.415    8.25439  251.42360    100.394 0.0000e+00
