CalculateIndicators/WaterTemperature/Data/CTD_NYOS/20230518_C24_r2.cnv
* Sea-Bird SBE 9 Data File:
* FileName = C:\Seabird 9 CTD\Data\2023\202305_offshore\20230518_C26_r2.hex
* Software Version Seasave V 7.23.2
* Temperature SN = 4590
* Conductivity SN = 3228
* Number of Bytes Per Scan = 44
* Number of Voltage Words = 5
* Number of Scans Averaged by the Deck Unit = 1
* NMEA Latitude = 39 55.39 N
* NMEA Longitude = 071 32.80 W
* NMEA UTC (Time) = May 18 2023  08:52:34
* NMEA baud rate = 4800
** Ship: Seawolf
** Station: 11.6
** Operator: TDK
# nquan = 18
# nvalues = 350                         
# units = specified
# name 0 = latitude: Latitude [deg]
# name 1 = longitude: Longitude [deg]
# name 2 = prDM: Pressure, Digiquartz [db]
# name 3 = depSM: Depth [salt water, m]
# name 4 = t090C: Temperature [ITS-90, deg C]
# name 5 = sal00: Salinity, Practical [PSU]
# name 6 = ph: pH
# name 7 = flECO-AFL: Fluorescence, WET Labs ECO-AFL/FL [mg/m^3]
# name 8 = cpar: CPAR/Corrected Irradiance [%]
# name 9 = density00: Density [density, kg/m^3]
# name 10 = potemp090C: Potential Temperature [ITS-90, deg C]
# name 11 = sigma-100: Density [sigma-1, kg/m^3 ]
# name 12 = sbeox0Mg/L: Oxygen, SBE 43 [mg/l]
# name 13 = sbox0Mm/Kg: Oxygen, SBE 43 [umol/kg]
# name 14 = oxsolMg/L: Oxygen Saturation, Garcia & Gordon [mg/l]
# name 15 = oxsolMm/Kg: Oxygen Saturation, Garcia & Gordon [umol/kg]
# name 16 = sbeox0PS: Oxygen, SBE 43 [% saturation]
# name 17 = flag: flag
# span 0 =   39.92038,   39.92329       
# span 1 =  -71.55463,  -71.54680       
# span 2 =      2.000,    177.000       
# span 3 =      1.985,    175.570       
# span 4 =     8.0801,    13.9365       
# span 5 =    32.9741,    35.6356       
# span 6 =      7.914,      8.165       
# span 7 =    -0.0948,     1.4602       
# span 8 = -6.547e+03, 1.0110e+05       
# span 9 =  1024.9926,  1027.5264       
# span 10 =     8.0752,    13.9154      
# span 11 =    29.3991,    31.1218      
# span 12 =     5.7662,     9.6353      
# span 13 =    175.504,    293.678      
# span 14 =    8.27795,    9.50749      
# span 15 =  251.96289,  289.57630      
# span 16 =     69.235,    107.946      
# span 17 = 0.0000e+00, 0.0000e+00      
# interval = decibars: 1                
# start_time = May 18 2023 08:52:35 [System UTC, first data scan.]
# bad_flag = -9.990e-29
*END*
   39.92329  -71.54680      3.000      2.977    12.2250    32.9816      8.162     1.0801 6.1367e+04  1024.9929    12.2246    29.4024     9.2974    283.466    8.71778  265.79492    106.649 0.0000e+00
   39.92327  -71.54692      4.000      3.969    12.2223    32.9815      8.162     1.0771 -7.291e+02  1024.9978    12.2218    29.4029     9.3023    283.617    8.71778  265.79481    106.705 0.0000e+00
   39.92328  -71.54696      5.000      4.962    12.2247    32.9818      8.162     1.0637 5.0640e-11  1025.0021    12.2241    29.4027     9.3184    284.108    8.71707  265.77358    106.898 0.0000e+00
   39.92328  -71.54696      6.000      5.954    12.2265    32.9817      8.162     1.0529 5.0640e-11  1025.0062    12.2257    29.4023     9.3065    283.745    8.71747  265.78563    106.757 0.0000e+00
   39.92326  -71.54698      7.000      6.946    12.2262    32.9816      8.162     1.0016 5.0640e-11  1025.0106    12.2253    29.4022     9.3033    283.648    8.71662  265.76033    106.731 0.0000e+00
   39.92324  -71.54698      8.000      7.939    12.2311    32.9816      8.162     1.0095 5.0640e-11  1025.0142    12.2301    29.4013     9.3240    284.274    8.73661  266.36435    106.724 0.0000e+00
   39.92322  -71.54698      9.000      8.931    12.2128    32.9741      8.162     1.0252 5.0640e-11  1025.0161    12.2116    29.3991     9.2860    283.109    8.74349  266.57046    106.204 0.0000e+00
   39.92324  -71.54700     10.000      9.923    12.1097    32.9854 -9.990e-29     1.1504 5.0640e-11  1025.0492    12.1085    29.4298     9.3420    284.815    8.75517  266.92433    106.702 0.0000e+00
   39.92323  -71.54701     11.000     10.915    12.0430    32.9857 -9.990e-29     1.2561 5.0640e-11  1025.0662    12.0416    29.4436     9.4329    287.579    8.77482  267.51614    107.500 0.0000e+00
   39.92324  -71.54703     12.000     11.908    11.9133    32.9947      8.164     1.3587 5.0640e-11  1025.1022    11.9118    29.4776     9.4845    289.142    8.81392  268.69725    107.609 0.0000e+00
   39.92322  -71.54705     13.000     12.900    11.8084    32.9881      8.164     1.4444 5.0640e-11  1025.1212    11.8068    29.4943     9.5422    290.875    8.87480  270.53148    107.520 0.0000e+00
   39.92322  -71.54706     14.000     13.892    11.6022    32.9897      8.165     1.4602 5.0640e-11  1025.1646    11.6004    29.5374     9.5339    290.624    8.87242  270.45943    107.456 0.0000e+00
   39.92320  -71.54708     15.000     14.885    11.4232    33.0155      8.162     1.4484 5.0640e-11  1025.2220    11.4214    29.5938     9.5710    291.752    8.87815  270.63329    107.803 0.0000e+00
   39.92320  -71.54708     16.000     15.877    11.3430    33.0226      8.159     1.4335 5.0640e-11  1025.2466    11.3410    29.6155     9.5632    291.512    8.88736  270.91048    107.604 0.0000e+00
   39.92320  -71.54708     17.000     16.869    11.2928    33.0248      8.157     1.3799 5.0640e-11  1025.2621    11.2907    29.6275     9.6353    293.678    8.99474  274.15303    107.126 0.0000e+00
   39.92318  -71.54710     18.000     17.862    10.9893    32.9942      8.156     1.3603 5.0640e-11  1025.2966    10.9871    29.6640     9.5712    291.682    9.10785  277.56101    105.087 0.0000e+00
   39.92318  -71.54710     19.000     18.854    10.5060    33.0494      8.145     1.4219 5.0640e-11  1025.4292    10.5038    29.8017     9.5321    290.493    9.10839  277.57942    104.652 0.0000e+00
   39.92318  -71.54712     20.000     19.846    10.0100    33.0851      8.128     1.3458 5.0640e-11  1025.5450    10.0077    29.9232     9.5484    290.930    9.28711  282.96998    102.826 0.0000e+00
   39.92318  -71.54712     21.000     20.838     9.3959    33.1101      8.107     1.2910 5.0640e-11  1025.6706     9.3936    30.0573     9.2966    283.232    9.34687  284.76339     99.462 0.0000e+00
   39.92318  -71.54712     22.000     21.830     9.0022    33.1774      8.069     1.1893 5.0640e-11  1025.7911     8.9999    30.1813     9.1834    279.781    9.34941  284.84027     98.224 0.0000e+00
   39.92318  -71.54715     23.000     22.823     8.8953    33.2389      8.041     1.0811 5.0640e-11  1025.8604     8.8929    30.2479     9.0139    274.605    9.39145  286.10825     95.983 0.0000e+00
   39.92317  -71.54717     24.000     23.815     8.8154    33.2321      8.030     1.0381 5.0640e-11  1025.8720     8.8129    30.2568     8.8522    269.673    9.43727  287.49503     93.801 0.0000e+00
   39.92314  -71.54718     25.000     24.807     8.5952    33.2271      8.015     0.9779 5.0640e-11  1025.9066     8.5927    30.2918     8.7382    266.197    9.43820  287.52341     92.583 0.0000e+00
   39.92315  -71.54720     26.000     25.799     8.4920    33.2421      7.997     0.8452 5.0640e-11  1025.9389     8.4894    30.3217     8.6260    262.782    9.44038  287.59005     91.374 0.0000e+00
   39.92314  -71.54722     27.000     26.792     8.4395    33.2356      7.987     0.7276 5.0640e-11  1025.9462     8.4368    30.3257     8.5803    261.389    9.45793  288.12362     90.721 0.0000e+00
 -9.990e-29  -71.54723     28.000     27.784     8.3983    33.2338      7.983     0.7251 5.0640e-11  1025.9557     8.3954    30.3316     8.5925    261.756    9.48004  288.79238     90.638 0.0000e+00
 -9.990e-29  -71.54725     29.000     28.776     8.3844    33.2269      7.982     0.7017 5.0640e-11  1025.9570     8.3815    30.3286     8.5814    261.415    9.47898  288.75838     90.531 0.0000e+00
 -9.990e-29  -71.54726     30.000     29.768     8.2904    33.2275      7.976     0.6754 5.0640e-11  1025.9760     8.2874    30.3452     8.5509    260.486    9.47787  288.72507     90.219 0.0000e+00
   39.92312  -71.54727     31.000     30.760     8.2876    33.2359      7.968     0.6072 5.0640e-11  1025.9878     8.2845    30.3524     8.4728    258.103    9.49046  289.10494     89.276 0.0000e+00
   39.92312  -71.54728     32.000     31.753     8.2637    33.2334      7.965     0.5750 5.0640e-11  1025.9938     8.2606    30.3544     8.4584    257.666    9.49109  289.12355     89.120 0.0000e+00
   39.92311  -71.54729     33.000     32.745     8.2358    33.2399      7.961     0.5244 5.0640e-11  1026.0077     8.2325    30.3643     8.3875    255.504    9.48930  289.06832     88.388 0.0000e+00
   39.92310  -71.54731     34.000     33.737     8.2288    33.2452      7.954     0.4502 5.0640e-11  1026.0175     8.2254    30.3696     8.2080    250.035    9.47559  288.64818     86.623 0.0000e+00
   39.92310  -71.54732     35.000     34.729     8.2751    33.2663      7.951     0.4310 5.0640e-11  1026.0317     8.2717    30.3782     8.1802    249.186    9.46479  288.31683     86.428 0.0000e+00
   39.92310  -71.54734     36.000     35.721     8.3314    33.2893      7.950     0.4161 5.0640e-11  1026.0458     8.3278    30.3863     8.1250    247.505    9.45185  287.92255     85.963 0.0000e+00
   39.92310  -71.54734     37.000     36.713     8.3779    33.2984      7.949     0.4205 5.0640e-11  1026.0506     8.3741    30.3854     8.0885    246.392    9.45376  287.98063     85.559 0.0000e+00
   39.92308  -71.54738     38.000     37.706     8.3847    33.3004      7.945     0.6814 5.0640e-11  1026.0556     8.3809    30.3858     8.0363    244.797    9.46705  288.37978     84.887 0.0000e+00
   39.92308  -71.54738     39.000     38.698     8.3346    33.3047      7.943     0.6969 5.0640e-11  1026.0711     8.3307    30.3978     8.0319    244.660    9.47061  288.48587     84.808 0.0000e+00
   39.92308  -71.54738     40.000     39.690     8.3182    33.3137      7.941     0.7512 5.0640e-11  1026.0852     8.3142    30.4076     8.0439    245.024    9.47520  288.62404     84.894 0.0000e+00
   39.92307  -71.54741     41.000     40.682     8.2952    33.3203      7.941     0.9647 5.0640e-11  1026.0984     8.2911    30.4167     8.0627    245.597    9.48025  288.77550     85.047 0.0000e+00
   39.92308  -71.54743     42.000     41.674     8.2135    33.3318      7.941     0.9482 5.0640e-11  1026.1242     8.2094    30.4397     8.1122    247.098    9.49619  289.25356     85.426 0.0000e+00
   39.92308  -71.54744     43.000     42.666     8.1916    33.3376      7.945     0.7271 5.0640e-11  1026.1367     8.1873    30.4480     8.1417    247.996    9.49592  289.24562     85.739 0.0000e+00
   39.92306  -71.54745     44.000     43.659     8.1792    33.3449      7.946     0.1992 5.0640e-11  1026.1488     8.1748    30.4558     8.1682    248.804    9.49567  289.23748     86.021 0.0000e+00
 -9.990e-29  -71.54746     45.000     44.651     8.1778    33.3518      7.946     0.0556 5.0640e-11  1026.1590     8.1733    30.4615     8.1487    248.207    9.49237  289.13494     85.845 0.0000e+00
 -9.990e-29  -71.54747     46.000     45.643     8.1823    33.3570      7.946     0.0361 5.0640e-11  1026.1669     8.1778    30.4647     8.1587    248.512    9.49183  289.11797     85.955 0.0000e+00
   39.92303  -71.54749     47.000     46.635     8.1907    33.3637      7.946     0.0181 5.0640e-11  1026.1756     8.1861    30.4686     8.1544    248.376    9.48744  288.98108     85.949 0.0000e+00
   39.92302  -71.54750     48.000     47.627     8.2014    33.3811      7.946     0.0153 5.0640e-11  1026.1921     8.1966    30.4802     8.1261    247.511    9.47961  288.73611     85.722 0.0000e+00
   39.92302  -71.54753     49.000     48.619     8.2234    33.4042      7.946    -0.0162 5.0640e-11  1026.2116     8.2185    30.4945     8.1105    247.035    9.48123  288.78505     85.543 0.0000e+00
   39.92302  -71.54755     50.000     49.611     8.2305    33.4152      7.941    -0.0250 3.4044e+04  1026.2237     8.2255    30.5018     8.0532    245.285    9.48247  288.81874     84.927 0.0000e+00
   39.92301  -71.54756     51.000     50.603     8.2179    33.4269      7.938    -0.0157 4.3847e+04  1026.2392     8.2128    30.5130     7.9936    243.468    9.47237  288.50737     84.389 0.0000e+00
   39.92301  -71.54758     52.000     51.595     8.2646    33.4672      7.932    -0.0188 5.0579e+04  1026.2684     8.2595    30.5363     7.8811    240.035    9.44687  287.72496     83.425 0.0000e+00
   39.92300  -71.54758     53.000     52.587     8.2921    33.4805      7.930    -0.0280 4.8736e+02  1026.2793     8.2868    30.5420     7.8604    239.408    9.43921  287.49290     83.274 0.0000e+00
   39.92300  -71.54759     54.000     53.580     8.3711    33.5029      7.927    -0.0387 5.0640e-11  1026.2895     8.3657    30.5458     7.8511    239.122    9.43479  287.35744     83.214 0.0000e+00
   39.92298  -71.54763     55.000     54.572     8.4222    33.5119 -9.990e-29    -0.0524 5.0640e-11  1026.2933     8.4166    30.5438     7.8531    239.183    9.44124  287.55375     83.178 0.0000e+00
   39.92298  -71.54764     56.000     55.564     8.4021    33.5084      7.931    -0.0524 5.0640e-11  1026.2981     8.3965    30.5445     7.8489    239.054    9.44368  287.62703     83.112 0.0000e+00
   39.92296  -71.54763     57.000     56.556     8.3757    33.5086      7.931    -0.0420 5.0640e-11  1026.3069     8.3699    30.5494     7.8420    238.844    9.44279  287.59995     83.047 0.0000e+00
   39.92298  -71.54766     58.000     57.548     8.3782    33.5099      7.927    -0.0453 5.0640e-11  1026.3121     8.3723    30.5500     7.8369    238.688    9.44155  287.56201     83.004 0.0000e+00
   39.92297  -71.54768     59.000     58.540     8.3860    33.5123      7.928    -0.0432 5.0640e-11  1026.3174     8.3801    30.5505     7.8246    238.313    9.43414  287.33494     82.939 0.0000e+00
   39.92295  -71.54768     60.000     59.532     8.3979    33.5188 -9.990e-29    -0.0345 5.0640e-11  1026.3251     8.3919    30.5534     7.8195    238.156    9.42688  287.11247     82.948 0.0000e+00
   39.92294  -71.54770     61.000     60.524     8.4338    33.5315      7.928    -0.0340 5.0640e-11  1026.3342     8.4276    30.5571     7.8167    238.072    9.42592  287.08305     82.928 0.0000e+00
   39.92294  -71.54771     62.000     61.516     8.4513    33.5367      7.928    -0.0412 5.0640e-11  1026.3401     8.4450    30.5581     7.7769    236.857    9.42244  286.97632     82.535 0.0000e+00
   39.92292  -71.54770     63.000     62.508     8.4634    33.5411      7.927    -0.0510 5.0640e-11  1026.3463     8.4570    30.5594     7.7727    236.730    9.40937  286.57517     82.607 0.0000e+00
   39.92292  -71.54771     64.000     63.500     8.4962    33.5575      7.926    -0.0383 5.0640e-11  1026.3587     8.4896    30.5665     7.7758    236.821    9.39472  286.12737     82.768 0.0000e+00
   39.92291  -71.54773     65.000     64.492     8.5699    33.5844      7.926    -0.0422 5.0640e-11  1026.3730     8.5632    30.5745     7.7606    236.360    9.40085  286.31450     82.553 0.0000e+00
   39.92292  -71.54778     66.000     65.484     8.5518    33.5812      7.926    -0.0530 5.0640e-11  1026.3779     8.5450    30.5752     7.7219    235.178    9.39871  286.24650     82.159 0.0000e+00
   39.92290  -71.54776     67.000     66.476     8.5594    33.5939      7.925 -9.990e-29 5.0640e-11  1026.3912     8.5525    30.5838     7.7181    235.062    9.39388  286.09884     82.161 0.0000e+00
   39.92291  -71.54779     68.000     67.468     8.5837    33.6023      7.925 -9.990e-29 5.0640e-11  1026.3985     8.5768    30.5860     7.6856    234.071    9.39398  286.10160     81.814 0.0000e+00
   39.92291  -71.54782     69.000     68.460     8.5841    33.6016      7.925    -0.0484 5.0640e-11  1026.4025     8.5771    30.5854     7.6801    233.904    9.39260  286.05928     81.768 0.0000e+00
   39.92288  -71.54781     70.000     69.452     8.6076    33.6144 -9.990e-29    -0.0643 5.0640e-11  1026.4134     8.6004    30.5912     7.6778    233.833    9.37996  285.67316     81.853 0.0000e+00
   39.92290  -71.54785     71.000     70.444     8.6369    33.6197 -9.990e-29    -0.0527 5.0640e-11  1026.4176     8.6296    30.5902     7.6712    233.632    9.38060  285.69271     81.777 0.0000e+00
   39.92289  -71.54788     72.000     71.436     8.6430    33.6209 -9.990e-29    -0.0460 5.0640e-11  1026.4221     8.6356    30.5901     7.6746    233.734    9.38016  285.67922     81.817 0.0000e+00
   39.92286  -71.54786     73.000     72.428     8.6471    33.6226      7.925    -0.0340 5.0640e-11  1026.4273     8.6396    30.5906     7.6605    233.304    9.36814  285.31069     81.772 0.0000e+00
   39.92288  -71.54789     74.000     73.420     8.6565    33.6264      7.925    -0.0520 5.0640e-11  1026.4335     8.6488    30.5920     7.6617    233.340    9.35674  284.96534     81.884 0.0000e+00
   39.92286  -71.54791     75.000     74.412     8.7242    33.6456      7.925    -0.0555 5.0640e-11  1026.4422     8.7164    30.5947     7.6429    232.763    9.30803  283.47462     82.111 0.0000e+00
   39.92286  -71.54791     76.000     75.404     8.9426    33.7204      7.928    -0.0585 5.0640e-11  1026.4716     8.9345    30.6144     7.6115    231.806    9.23406  281.21846     82.429 0.0000e+00
 -9.990e-29  -71.54791     77.000     76.396     9.2015    33.7910      7.934    -0.0605 5.0640e-11  1026.4896     9.1932    30.6221     7.6041    231.574    9.20437  280.30977     82.613 0.0000e+00
 -9.990e-29  -71.54793     78.000     77.388     9.4127    33.8451      7.943    -0.0499 5.0640e-11  1026.5020     9.4042    30.6255     7.5889    231.113    9.19055  279.89016     82.573 0.0000e+00
   39.92285  -71.54795     79.000     78.380     9.4947    33.8619      7.947    -0.0520 5.0640e-11  1026.5059     9.4860    30.6230     7.5310    229.340    9.12248  277.80377     82.555 0.0000e+00
   39.92284  -71.54796     80.000     79.372     9.6140    33.9188      7.948    -0.0635 5.0640e-11  1026.5353     9.6052    30.6451     7.4776    227.709    8.95790  272.78583     83.476 0.0000e+00
   39.92286  -71.54798     81.000     80.364    10.0394    34.0691      7.953    -0.0543 5.0640e-11  1026.5848    10.0301    30.6807     7.5688    230.487    8.94751  272.47232     84.591 0.0000e+00
   39.92284  -71.54799     82.000     81.356    10.5675    34.1792      7.971    -0.0517 5.0640e-11  1026.5832    10.5578    30.6635     7.5274    229.223    8.93806  272.18107     84.217 0.0000e+00
