CalculateIndicators/WaterTemperature/Data/CTD_NYOS/20230516_C16.cnv
* Sea-Bird SBE 9 Data File:
* FileName = C:\Seabird 9 CTD\Data\2023\202305_offshore\20230516_C16.hex
* Software Version Seasave V 7.23.2
* Temperature SN = 4590
* Conductivity SN = 3228
* Number of Bytes Per Scan = 44
* Number of Voltage Words = 5
* Number of Scans Averaged by the Deck Unit = 1
* NMEA Latitude = 40 25.93 N
* NMEA Longitude = 072 49.56 W
* NMEA UTC (Time) = May 16 2023  23:27:59
* NMEA baud rate = 4800
** Ship: Seawolf
** Station: 9.2
** Operator: TDK
# nquan = 18
# nvalues = 12750                       
# units = specified
# name 0 = latitude: Latitude [deg]
# name 1 = longitude: Longitude [deg]
# name 2 = prDM: Pressure, Digiquartz [db]
# name 3 = depSM: Depth [salt water, m]
# name 4 = t090C: Temperature [ITS-90, deg C]
# name 5 = sal00: Salinity, Practical [PSU]
# name 6 = ph: pH
# name 7 = flECO-AFL: Fluorescence, WET Labs ECO-AFL/FL [mg/m^3]
# name 8 = cpar: CPAR/Corrected Irradiance [%]
# name 9 = density00: Density [density, kg/m^3]
# name 10 = potemp090C: Potential Temperature [ITS-90, deg C]
# name 11 = sigma-é00: Density [sigma-theta, kg/m^3]
# name 12 = sbeox0Mg/L: Oxygen, SBE 43 [mg/l]
# name 13 = sbox0Mm/Kg: Oxygen, SBE 43 [umol/kg]
# name 14 = oxsolMg/L: Oxygen Saturation, Garcia & Gordon [mg/l]
# name 15 = oxsolMm/Kg: Oxygen Saturation, Garcia & Gordon [umol/kg]
# name 16 = sbeox0PS: Oxygen, SBE 43 [% saturation]
# name 17 = flag:  0.000e+00
# span 0 =   40.43216,   40.43402       
# span 1 =  -72.82598,  -72.82236       
# span 2 =      1.589,     40.534       
# span 3 =      1.577,     40.218       
# span 4 =     6.7690,    13.6497       
# span 5 =    30.9740,    32.8163       
# span 6 =      7.845,      8.077       
# span 7 =     0.0551,     4.7022       
# span 8 = 9.5546e-13, 3.9481e+01       
# span 9 =  1022.9546,  1025.8191       
# span 10 =     6.7656,    13.6480      
# span 11 =    23.0468,    25.6533      
# span 12 =     8.3968,    10.0304      
# span 13 =    255.879,    305.746      
# span 14 =    8.55482,    9.84832      
# span 15 =  261.23375,  300.07654      
# span 16 =     86.203,    107.952      
# span 17 = 0.0000e+00, 0.0000e+00      
# interval = seconds: 0.0416667
# start_time = May 16 2023 23:27:58 [System UTC, first data scan.]
# bad_flag = -9.990e-29
*END*
[from data line 7880]
   40.43332  -72.82372     17.815     17.677    10.5343    32.4584      8.051     0.4446 2.1980e+00  1024.9659    10.5323    24.8790     9.5052    289.846    9.01832  274.99931    105.399 -9.990e-29
   40.43332  -72.82372     17.836     17.697    10.5793    32.4584      8.051     0.4446 2.1915e+00  1024.9638    10.5772    24.8765     9.4976    289.620    9.01065  274.77107    105.404 -9.990e-29
   40.43332  -72.82372     17.836     17.697    10.6237    32.4584      8.051     0.4446 2.2560e+00  1024.9457    10.6216    24.8635     9.4938    289.507    9.00558  274.61909    105.421 -9.990e-29
   40.43332  -72.82372     17.836     17.697    10.6577    32.4436      8.055     0.4446 2.2426e+00  1024.9254    10.6557    24.8462     9.4869    289.299    8.99838  274.40029    105.429 -9.990e-29
   40.43332  -72.82372     17.856     17.718    10.6822    32.4293      8.051     0.4446 2.2360e+00  1024.9085    10.6801    24.8306     9.4774    289.007    8.98880  274.10703    105.436 -9.990e-29
   40.43332  -72.82372     17.856     17.718    10.6996    32.4189      8.051     0.4446 2.2294e+00  1024.8976    10.6975    24.8192     9.4651    288.630    8.97733  273.75746    105.433 -9.990e-29
   40.43332  -72.82372     17.856     17.718    10.7147    32.4128      8.051     0.4446 2.2228e+00  1024.8910    10.7126    24.8117     9.4532    288.274    8.96645  273.43043    105.429 -9.990e-29
   40.43332  -72.82372     17.856     17.718    10.7300    32.4087      8.050     0.4446 2.2228e+00  1024.8871    10.7279    24.8058     9.4442    288.006    8.95806  273.18122    105.427 -9.990e-29
   40.43332  -72.82372     17.866     17.727    10.7467    32.4041      8.050     0.4446 2.2228e+00  1024.8802    10.7446    24.7996     9.4364    287.776    8.95140  272.98417    105.419 -9.990e-29
   40.43332  -72.82372     17.856     17.718    10.7591    32.3992      8.050     0.4446 2.2096e+00  1024.8726    10.7570    24.7937     9.4300    287.585    8.94591  272.82128    105.412 -9.990e-29
   40.43332  -72.82372     17.856     17.718    10.7668    32.3958      8.050     0.4446 2.1965e+00  1024.8692    10.7647    24.7893     9.4305    287.606    8.94165  272.69630    105.467 -9.990e-29
   40.43334  -72.82370     17.866     17.727    10.7749    32.3935      8.050     0.4446 2.2631e+00  1024.8672    10.7728    24.7861     9.4232    287.386    8.94035  272.66101    105.401 -9.990e-29
   40.43334  -72.82370     17.845     17.707    10.7840    32.3904      8.050     0.4580 2.2631e+00  1024.8635    10.7819    24.7822     9.4227    287.373    8.94078  272.67699    105.390 -9.990e-29
   40.43334  -72.82370     17.836     17.697    10.7917    32.3853      8.050     0.4580 2.2631e+00  1024.8579    10.7896    24.7772     9.4232    287.393    8.94218  272.72306    105.379 -9.990e-29
   40.43334  -72.82370     17.825     17.686    10.7950    32.3786      8.050     0.4580 2.2564e+00  1024.8516    10.7929    24.7715     9.4240    287.417    8.94383  272.77273    105.369 -9.990e-29
   40.43334  -72.82370     17.815     17.677    10.7928    32.3708      8.050     0.4580 2.2631e+00  1024.8463    10.7907    24.7658     9.4210    287.327    8.94283  272.74282    105.347 -9.990e-29
   40.43334  -72.82370     17.805     17.667    10.7870    32.3639      8.050     0.4580 2.1965e+00  1024.8386    10.7849    24.7614     9.4200    287.297    8.94363  272.76852    105.326 -9.990e-29
   40.43334  -72.82370     17.794     17.656    10.7681    32.3639      8.050     0.4580 2.1965e+00  1024.8372    10.7660    24.7620     9.4204    287.309    8.94509  272.81416    105.313 -9.990e-29
   40.43334  -72.82370     17.764     17.626    10.7410    32.3639      8.050     0.4580 2.1965e+00  1024.8494    10.7390    24.7685     9.4258    287.475    8.94617  272.84688    105.361 -9.990e-29
   40.43334  -72.82370     17.754     17.617    10.7221    32.3692      8.051     0.4580 2.2031e+00  1024.8572    10.7201    24.7762     9.4263    287.489    8.94726  272.87786    105.355 -9.990e-29
   40.43334  -72.82370     17.724     17.587    10.7032    32.3767      8.051     0.4580 2.2096e+00  1024.8597    10.7012    24.7853     9.4306    287.620    8.94685  272.86453    105.407 -9.990e-29
   40.43334  -72.82370     17.713     17.576    10.6822    32.3893      8.051     0.4580 2.2096e+00  1024.8811    10.6802    24.7972     9.4296    287.584    8.94607  272.83888    105.404 -9.990e-29
   40.43334  -72.82370     17.673     17.536    10.6890    32.3957      8.051     0.4580 2.2162e+00  1024.8902    10.6869    24.8053     9.4288    287.558    8.94565  272.82411    105.401 -9.990e-29
   40.43334  -72.82370     17.641     17.505    10.6991    32.3957      8.051     0.4580 2.2228e+00  1024.8878    10.6971    24.8051     9.4341    287.719    8.94521  272.80950    105.465 -9.990e-29
   40.43334  -72.82370     17.613     17.476    10.7027    32.3957      8.051     0.4580 2.2228e+00  1024.8765    10.7007    24.8013     9.4397    287.890    8.94452  272.78731    105.536 -9.990e-29
   40.43334  -72.82370     17.571     17.435    10.6925    32.3933      8.051     0.4580 2.2360e+00  1024.8785    10.6905    24.8004     9.4394    287.880    8.94306  272.74166    105.550 -9.990e-29
   40.43334  -72.82370     17.562     17.426    10.6824    32.3933      8.051     0.4580 2.2426e+00  1024.8827    10.6804    24.8016     9.4429    287.989    8.94022  272.65759    105.623 -9.990e-29
   40.43334  -72.82370     17.541     17.405    10.6726    32.3933      8.051     0.4580 2.2426e+00  1024.8792    10.6706    24.8030     9.4426    287.985    8.93853  272.61079    105.640 -9.990e-29
   40.43334  -72.82370     17.480     17.345    10.6557    32.3944      8.051     0.4580 2.2493e+00  1024.8840    10.6537    24.8070     9.4518    288.265    8.93971  272.64663    105.728 -9.990e-29
   40.43334  -72.82370     17.450     17.315    10.6463    32.4000      8.051     0.4580 2.2627e+00  1024.8942    10.6443    24.8127     9.4557    288.380    8.94122  272.69063    105.754 -9.990e-29
   40.43334  -72.82370     17.430     17.295    10.6470    32.4043      8.051     0.4580 2.2627e+00  1024.8956    10.6450    24.8165     9.4643    288.641    8.94158  272.70090    105.845 -9.990e-29
   40.43334  -72.82370     17.388     17.254    10.6467    32.4066      8.051     0.4580 2.2761e+00  1024.8971    10.6447    24.8183     9.4663    288.700    8.94059  272.66770    105.880 -9.990e-29
   40.43334  -72.82370     17.358     17.224    10.6486    32.4087      8.051     0.4580 2.3520e+00  1024.8976    10.6466    24.8197     9.4659    288.686    8.93706  272.55759    105.918 -9.990e-29
   40.43334  -72.82370     17.297     17.164    10.6519    32.4098      8.051     0.4580 2.3520e+00  1024.8994    10.6499    24.8208     9.4695    288.796    8.93238  272.41419    106.014 0.0000e+00
   40.43334  -72.82370     17.267     17.134    10.6567    32.4098      8.051     0.4580 2.3660e+00  1024.9004    10.6547    24.8207     9.4668    288.714    8.92660  272.23829    106.052 0.0000e+00
   40.43334  -72.82370     17.207     17.073    10.6589    32.4098      8.051     0.4580 2.3801e+00  1024.8955    10.6569    24.8192     9.4680    288.753    8.91966  272.02894    106.148 0.0000e+00
   40.43334  -72.82370     17.175     17.042    10.6551    32.4098      8.051     0.4446 2.3871e+00  1024.8951    10.6531    24.8185     9.4652    288.672    8.91430  271.86988    106.180 0.0000e+00
   40.43334  -72.82370     17.134     17.001    10.6553    32.4098      8.051     0.4446 2.3942e+00  1024.8965    10.6533    24.8190     9.4665    288.715    8.91213  271.80709    106.221 0.0000e+00
   40.43334  -72.82370     17.094     16.961    10.6569    32.4104      8.051     0.4446 2.4156e+00  1024.8970    10.6549    24.8197     9.4690    288.794    8.91119  271.78014    106.260 0.0000e+00
   40.43334  -72.82370     17.033     16.901    10.6591    32.4104      8.051     0.4446 2.4227e+00  1024.8974    10.6571    24.8197     9.4696    288.810    8.90867  271.70234    106.296 0.0000e+00
   40.43334  -72.82370     17.003     16.871    10.6625    32.4104      8.051     0.4446 2.3584e+00  1024.8954    10.6606    24.8188     9.4666    288.718    8.90389  271.55716    106.319 0.0000e+00
   40.43334  -72.82370     16.952     16.821    10.6641    32.4102      8.051     0.4446 2.3935e+00  1024.8941    10.6621    24.8176     9.4693    288.803    8.89958  271.42816    106.401 0.0000e+00
   40.43334  -72.82370     16.912     16.781    10.6672    32.4102      8.051     0.4446 2.4006e+00  1024.8924    10.6652    24.8167     9.4629    288.615    8.89607  271.32588    106.372 0.0000e+00
   40.43334  -72.82370     16.860     16.729    10.6703    32.4102      8.051     0.4446 2.4077e+00  1024.8914    10.6683    24.8170     9.4680    288.774    8.89429  271.27466    106.451 0.0000e+00
   40.43334  -72.82370     16.810     16.680    10.6746    32.4144      8.051     0.4446 2.4363e+00  1024.8950    10.6727    24.8191     9.4693    288.812    8.89294  271.23456    106.481 0.0000e+00
   40.43334  -72.82370     16.759     16.630    10.6879    32.4219      8.051     0.4446 2.4508e+00  1024.8965    10.6859    24.8225     9.4686    288.793    8.89079  271.16953    106.499 0.0000e+00
   40.43334  -72.82370     16.709     16.579    10.7082    32.4314      8.051     0.4446 2.3878e+00  1024.9043    10.7063    24.8261     9.4679    288.774    8.88824  271.09387    106.522 0.0000e+00
   40.43334  -72.82370     16.677     16.548    10.7455    32.4336      8.050     0.4446 2.4161e+00  1024.9038    10.7436    24.8263     9.4731    288.935    8.88684  271.05382    106.597 0.0000e+00
   40.43334  -72.82370     16.608     16.480    10.7868    32.4336      8.050     0.4446 2.4304e+00  1024.9007    10.7849    24.8200     9.4741    288.969    8.88636  271.04089    106.614 0.0000e+00
   40.43334  -72.82370     16.567     16.439    10.8312    32.4336      8.050     0.4446 2.4304e+00  1024.8801    10.8292    24.8084     9.4756    289.014    8.88643  271.04363    106.630 0.0000e+00
   40.43334  -72.82370     16.516     16.388    10.8596    32.4336      8.050     0.4446 2.4665e+00  1024.8691    10.8577    24.7985     9.4765    289.042    8.88629  271.04001    106.642 0.0000e+00
   40.43334  -72.82370     16.464     16.336    10.8952    32.4336      8.050     0.4446 2.4958e+00  1024.8668    10.8933    24.7948     9.4769    289.055    8.88600  271.03055    106.650 0.0000e+00
   40.43334  -72.82370     16.414     16.287    10.9405    32.4407      8.054     0.4446 2.5031e+00  1024.8701    10.9386    24.7940     9.4764    289.039    8.88513  271.00508    106.654 0.0000e+00
   40.43334  -72.82370     16.374     16.247    10.9965    32.4407      8.050     0.4446 2.5253e+00  1024.8695    10.9945    24.7888     9.4764    289.041    8.88505  271.00383    106.656 0.0000e+00
   40.43334  -72.82370     16.314     16.187    11.0561    32.4407      8.049     0.4446 2.5552e+00  1024.8509    11.0542    24.7743     9.4822    289.218    8.88542  271.01503    106.717 0.0000e+00
   40.43334  -72.82370     16.261     16.136    11.1058    32.4251      8.049     0.4446 2.5628e+00  1024.8263    11.1038    24.7534     9.4834    289.258    8.88634  271.04686    106.719 0.0000e+00
   40.43334  -72.82370     16.221     16.096    11.1465    32.4073      8.049     0.4446 2.5855e+00  1024.8032    11.1446    24.7323     9.4889    289.428    8.89126  271.19943    106.721 0.0000e+00
   40.43334  -72.82370     16.182     16.056    11.1795    32.3904      8.049     0.4446 2.6238e+00  1024.7861    11.1775    24.7133     9.4968    289.665    8.89840  271.41419    106.724 0.0000e+00
   40.43334  -72.82370     16.131     16.006    11.2070    32.3736      8.049     0.4446 2.6315e+00  1024.7672    11.2051    24.6958     9.5032    289.855    8.90451  271.59485    106.723 0.0000e+00
   40.43334  -72.82370     16.078     15.954    11.2192    32.3571      8.049     0.4446 2.6548e+00  1024.7508    11.2172    24.6805     9.5141    290.184    8.90945  271.74196    106.787 0.0000e+00
   40.43334  -72.82370     16.029     15.905    11.2211    32.3420      8.049     0.4311 2.6941e+00  1024.7394    11.2191    24.6680     9.5189    290.327    8.91421  271.88360    106.783 0.0000e+00
   40.43334  -72.82370     15.989     15.865    11.2188    32.3311      8.049     0.4311 2.7020e+00  1024.7264    11.2169    24.6598     9.5271    290.573    8.91745  271.97757    106.837 0.0000e+00
   40.43334  -72.82370     15.937     15.813    11.2095    32.3261      8.049     0.4311 2.7099e+00  1024.7294    11.2076    24.6565     9.5212    290.384    8.91773  271.97989    106.767 0.0000e+00
   40.43334  -72.82370     15.897     15.774    11.2155    32.3228      8.049     0.4311 2.7419e+00  1024.7263    11.2136    24.6540     9.5202    290.351    8.91373  271.85385    106.804 0.0000e+00
   40.43334  -72.82370     15.857     15.734    11.2133    32.3180      8.049     0.4311 2.7500e+00  1024.7213    11.2114    24.6506     9.5108    290.065    8.90707  271.65266    106.778 0.0000e+00
   40.43334  -72.82370     15.814     15.692    11.2074    32.3180      8.049     0.4311 2.7580e+00  1024.7176    11.2055    24.6484     9.5027    289.823    8.90199  271.50208    106.748 0.0000e+00
   40.43334  -72.82370     15.776     15.654    11.2019    32.3180      8.049     0.4311 2.8895e+00  1024.7181    11.2000    24.6497     9.4967    289.644    8.89902  271.41456    106.717 0.0000e+00
   40.43334  -72.82370     15.734     15.613    11.1937    32.3192      8.049     0.4311 2.9065e+00  1024.7257    11.1919    24.6541     9.4965    289.640    8.89597  271.32339    106.751 0.0000e+00
   40.43334  -72.82370     15.693     15.572    11.1944    32.3258      8.049     0.4311 2.9065e+00  1024.7292    11.1925    24.6595     9.4907    289.464    8.89257  271.22214    106.726 0.0000e+00
   40.43334  -72.82370     15.653     15.532    11.1958    32.3337      8.049     0.4311 2.9494e+00  1024.7357    11.1940    24.6656     9.4849    289.290    8.88895  271.11398    106.704 0.0000e+00
   40.43334  -72.82370     15.613     15.493    11.1951    32.3417      8.049     0.4311 2.9754e+00  1024.7434    11.1932    24.6718     9.4734    288.944    8.88553  271.01301    106.616 0.0000e+00
   40.43334  -72.82370     15.571     15.450    11.1959    32.3485      8.049     0.4311 3.0656e+00  1024.7470    11.1940    24.6769     9.4787    289.109    8.88317  270.94414    106.704 0.0000e+00
   40.43334  -72.82370     15.542     15.422    11.1974    32.3495      8.049     0.4311 3.1108e+00  1024.7520    11.1955    24.6806     9.4689    288.815    8.88063  270.87025    106.625 0.0000e+00
   40.43334  -72.82370     15.492     15.372    11.2034    32.3495      8.049     0.4311 3.1382e+00  1024.7552    11.2015    24.6805     9.4644    288.679    8.87810  270.79606    106.604 0.0000e+00
   40.43334  -72.82370     15.450     15.330    11.2206    32.3495      8.049     0.4311 3.1382e+00  1024.7457    11.2188    24.6737     9.4604    288.558    8.87627  270.74191    106.581 0.0000e+00
   40.43334  -72.82370     15.421     15.301    11.2351    32.3404      8.049     0.4311 3.2743e+00  1024.7283    11.2332    24.6650     9.4523    288.314    8.87535  270.71632    106.500 0.0000e+00
   40.43334  -72.82370     15.388     15.269    11.2293    32.3404      8.044     0.4311 3.3032e+00  1024.7282    11.2274    24.6626     9.4493    288.226    8.87485  270.70320    106.473 0.0000e+00
   40.43334  -72.82370     15.349     15.230    11.2190    32.3404      8.049     0.4311 3.3032e+00  1024.7361    11.2171    24.6662     9.4466    288.144    8.87418  270.68379    106.450 0.0000e+00
   40.43334  -72.82370     15.330     15.211    11.2164    32.3474      8.044     0.4311 3.3225e+00  1024.7383    11.2145    24.6721     9.4382    287.887    8.87352  270.66399    106.363 0.0000e+00
