CalculateIndicators/WaterTemperature/Data/CTD_NYOS/20230517_C18.cnv
* Sea-Bird SBE 9 Data File:
* FileName = C:\Seabird 9 CTD\Data\2023\202305_offshore\20230517_C18.hex
* Software Version Seasave V 7.23.2
* Temperature SN = 4590
* Conductivity SN = 3228
* Number of Bytes Per Scan = 44
* Number of Voltage Words = 5
* Number of Scans Averaged by the Deck Unit = 1
* NMEA Latitude = 40 46.55 N
* NMEA Longitude = 072 34.45 W
* NMEA UTC (Time) = May 17 2023  06:57:41
* NMEA baud rate = 4800
** Ship: Seawolf
** Station: 10.1
** Operator: TDK
# nquan = 18
# nvalues = 8897                        
# units = specified
# name 0 = latitude: Latitude [deg]
# name 1 = longitude: Longitude [deg]
# name 2 = prDM: Pressure, Digiquartz [db]
# name 3 = depSM: Depth [salt water, m]
# name 4 = t090C: Temperature [ITS-90, deg C]
# name 5 = sal00: Salinity, Practical [PSU]
# name 6 = ph: pH
# name 7 = flECO-AFL: Fluorescence, WET Labs ECO-AFL/FL [mg/m^3]
# name 8 = cpar: CPAR/Corrected Irradiance [%]
# name 9 = density00: Density [density, kg/m^3]
# name 10 = potemp090C: Potential Temperature [ITS-90, deg C]
# name 11 = sigma-é00: Density [sigma-theta, kg/m^3]
# name 12 = sbeox0Mg/L: Oxygen, SBE 43 [mg/l]
# name 13 = sbox0Mm/Kg: Oxygen, SBE 43 [umol/kg]
# name 14 = oxsolMg/L: Oxygen Saturation, Garcia & Gordon [mg/l]
# name 15 = oxsolMm/Kg: Oxygen Saturation, Garcia & Gordon [umol/kg]
# name 16 = sbeox0PS: Oxygen, SBE 43 [% saturation]
# name 17 = flag:  0.000e+00
# span 0 =   40.77582,   40.77638       
# span 1 =  -72.57424,  -72.57362       
# span 2 =      1.622,     19.322       
# span 3 =      1.609,     19.172       
# span 4 =     9.2381,    10.6717       
# span 5 =    31.6519,    32.0100       
# span 6 =      7.918,      7.962       
# span 7 =     0.5923,     0.9415       
# span 8 = 5.0640e-11, 9.9999e+04       
# span 9 =  1024.2384,  1024.8254       
# span 10 =     9.2360,    10.6707      
# span 11 =    24.2297,    24.7409      
# span 12 =     8.4609,     8.9104      
# span 13 =    258.024,    271.797      
# span 14 =    9.08632,    9.35643      
# span 15 =  277.23399,  285.34349      
# span 16 =     90.449,     97.568      
# span 17 = 0.0000e+00, 0.0000e+00      
# interval = seconds: 0.0416667
# start_time = May 17 2023 06:57:45 [System UTC, first data scan.]
# bad_flag = -9.990e-29
*END*
[from data line 3458]
   40.77614  -72.57396     10.797     10.713     9.7865    31.8456      7.945     0.7803 5.0640e-11  1024.5738     9.7853    24.5243     8.7257    266.154    9.24250  281.91775     94.408 -9.990e-29
   40.77614  -72.57396     10.834     10.750     9.7863    31.8545      7.950     0.7938 5.0640e-11  1024.5820     9.7851    24.5314     8.7288    266.249    9.24116  281.87727     94.455 -9.990e-29
   40.77614  -72.57396     10.838     10.754     9.7911    31.8545      7.950     0.7803 5.0640e-11  1024.5880     9.7899    24.5350     8.7264    266.177    9.23987  281.83825     94.443 -9.990e-29
   40.77614  -72.57396     10.848     10.763     9.8018    31.8545      7.950     0.7938 5.0640e-11  1024.5848     9.8006    24.5325     8.7244    266.116    9.23865  281.80157     94.434 -9.990e-29
   40.77614  -72.57396     10.868     10.784     9.8113    31.8553      7.950     0.7803 5.0640e-11  1024.5727     9.8101    24.5268     8.7277    266.219    9.23739  281.76447     94.483 -9.990e-29
   40.77614  -72.57396     10.878     10.793     9.8103    31.8553      7.945     0.7938 5.0640e-11  1024.5702     9.8091    24.5248     8.7261    266.169    9.23663  281.74231     94.472 -9.990e-29
   40.77614  -72.57396     10.889     10.804     9.8065    31.8553      7.950     0.7803 5.0640e-11  1024.5768     9.8053    24.5286     8.7242    266.114    9.23620  281.73004     94.457 -9.990e-29
   40.77614  -72.57396     10.909     10.825     9.8119    31.8553      7.945     0.7803 5.0640e-11  1024.5873     9.8108    24.5330     8.7231    266.079    9.23606  281.72683     94.446 -9.990e-29
   40.77614  -72.57396     10.919     10.834     9.8300    31.8553      7.950     0.7938 5.0640e-11  1024.5851     9.8288    24.5310     8.7218    266.042    9.23628  281.73331     94.430 -9.990e-29
   40.77614  -72.57396     10.919     10.834     9.8475    31.8544      7.945     0.7803 5.0640e-11  1024.5719     9.8463    24.5223     8.7209    266.013    9.23643  281.73820     94.418 -9.990e-29
   40.77614  -72.57396     10.949     10.864     9.8580    31.8443      7.950     0.7803 5.0640e-11  1024.5596     9.8568    24.5127     8.7252    266.143    9.23640  281.73747     94.465 -9.990e-29
   40.77614  -72.57396     10.959     10.874     9.8618    31.8372      7.950     0.7938 5.0640e-11  1024.5549     9.8606    24.5063     8.7247    266.128    9.23633  281.73523     94.460 -9.990e-29
   40.77614  -72.57396     10.970     10.885     9.8645    31.8315      7.950     0.7938 5.0640e-11  1024.5529     9.8633    24.5015     8.7237    266.100    9.23625  281.73311     94.451 -9.990e-29
   40.77614  -72.57396     10.991     10.905     9.8643    31.8298      7.950     0.7803 5.0640e-11  1024.5441     9.8631    24.4970     8.7231    266.080    9.23605  281.72726     94.446 -9.990e-29
   40.77614  -72.57396     11.000     10.915     9.8518    31.8298      7.950     0.7803 5.0640e-11  1024.5415     9.8506    24.4967     8.7227    266.068    9.23645  281.73884     94.438 -9.990e-29
   40.77614  -72.57396     11.000     10.915     9.8360    31.8298      7.950     0.7938 5.0640e-11  1024.5507     9.8348    24.5040     8.7278    266.222    9.23690  281.75192     94.488 -9.990e-29
   40.77614  -72.57396     11.021     10.935     9.8282    31.8429      7.950     0.7803 5.0640e-11  1024.5681     9.8270    24.5153     8.7269    266.194    9.23684  281.74989     94.479 -9.990e-29
   40.77614  -72.57396     11.026     10.941     9.8315    31.8500      7.950     0.7803 5.0640e-11  1024.5777     9.8303    24.5230     8.7261    266.172    9.23659  281.74278     94.473 -9.990e-29
   40.77614  -72.57396     11.040     10.954     9.8379    31.8500      7.950     0.7803 5.0640e-11  1024.5763     9.8367    24.5237     8.7308    266.315    9.23636  281.73612     94.526 -9.990e-29
   40.77614  -72.57396     11.051     10.965     9.8429    31.8500      7.945     0.8072 5.0640e-11  1024.5702     9.8417    24.5192     8.7303    266.301    9.23641  281.73780     94.521 -9.990e-29
   40.77614  -72.57396     11.051     10.965     9.8473    31.8431      7.950     0.8341 5.0640e-11  1024.5620     9.8461    24.5133     8.7353    266.454    9.23654  281.74166     94.574 -9.990e-29
   40.77614  -72.57396     11.061     10.975     9.8476    31.8369      7.950     0.8475 5.0640e-11  1024.5582     9.8464    24.5084     8.7359    266.470    9.23689  281.75185     94.576 -9.990e-29
   40.77614  -72.57396     11.070     10.984     9.8462    31.8326      7.950     0.8475 5.0640e-11  1024.5538     9.8450    24.5054     8.7358    266.467    9.23700  281.75476     94.574 -9.990e-29
   40.77614  -72.57396     11.081     10.995     9.8378    31.8326      7.950     0.8341 5.0640e-11  1024.5541     9.8366    24.5049     8.7359    266.471    9.23697  281.75397     94.576 -9.990e-29
   40.77614  -72.57396     11.081     10.995     9.8294    31.8326      7.950     0.8341 5.0640e-11  1024.5560     9.8282    24.5067     8.7409    266.623    9.23716  281.75979     94.628 -9.990e-29
   40.77614  -72.57396     11.102     11.016     9.8202    31.8336      7.945     0.8475 5.0640e-11  1024.5598     9.8190    24.5100     8.7414    266.637    9.23755  281.77138     94.629 -9.990e-29
   40.77614  -72.57396     11.091     11.005     9.8124    31.8375      7.950     0.8341 5.0640e-11  1024.5646     9.8112    24.5142     8.7411    266.628    9.23758  281.77260     94.625 -9.990e-29
   40.77614  -72.57396     11.112     11.025     9.8068    31.8414      7.950     0.8341 5.0640e-11  1024.5693     9.8056    24.5182     8.7410    266.627    9.23747  281.76986     94.626 -9.990e-29
   40.77614  -72.57396     11.102     11.016     9.8036    31.8443      7.950     0.8341 5.0640e-11  1024.5721     9.8024    24.5210     8.7466    266.797    9.23760  281.77401     94.685 -9.990e-29
   40.77614  -72.57396     11.106     11.020     9.8015    31.8461      7.945     0.8341 5.0640e-11  1024.5728     9.8003    24.5229     8.7414    266.640    9.23817  281.79120     94.623 -9.990e-29
   40.77614  -72.57396     11.121     11.035     9.7997    31.8479      7.950     0.8475 5.0640e-11  1024.5753     9.7985    24.5245     8.7468    266.804    9.23883  281.81112     94.675 -9.990e-29
   40.77614  -72.57396     11.112     11.025     9.7991    31.8493      7.950     0.8341 5.0640e-11  1024.5766     9.7979    24.5257     8.7472    266.816    9.23920  281.82194     94.675 -9.990e-29
   40.77614  -72.57396     11.121     11.035     9.7987    31.8495      7.945     0.8475 5.0640e-11  1024.5767     9.7975    24.5260     8.7471    266.812    9.23943  281.82859     94.672 -9.990e-29
   40.77614  -72.57396     11.121     11.035     9.7985    31.8496      7.950     0.8475 5.0640e-11  1024.5761     9.7973    24.5260     8.7466    266.795    9.23961  281.83395     94.664 -9.990e-29
   40.77614  -72.57396     11.121     11.035     9.7975    31.8497      7.945     0.8475 5.0640e-11  1024.5764     9.7963    24.5263     8.7466    266.796    9.23995  281.84447     94.661 -9.990e-29
   40.77614  -72.57396     11.112     11.025     9.7962    31.8506      7.950     0.8475 5.0640e-11  1024.5772     9.7950    24.5271     8.7462    266.785    9.24025  281.85328     94.654 -9.990e-29
   40.77614  -72.57396     11.121     11.035     9.7948    31.8518      7.950     0.8475 5.0640e-11  1024.5790     9.7936    24.5283     8.7515    266.945    9.24071  281.86725     94.706 -9.990e-29
   40.77614  -72.57396     11.121     11.035     9.7950    31.8528      7.945     0.8475 5.0640e-11  1024.5797     9.7938    24.5291     8.7513    266.940    9.24116  281.88057     94.700 -9.990e-29
   40.77614  -72.57396     11.132     11.046     9.7957    31.8536      7.950     0.8475 5.0640e-11  1024.5800     9.7945    24.5296     8.7512    266.936    9.24128  281.88338     94.697 -9.990e-29
   40.77614  -72.57396     11.112     11.025     9.7965    31.8543      7.945     0.8475 5.0640e-11  1024.5806     9.7953    24.5300     8.7502    266.905    9.24085  281.86954     94.691 -9.990e-29
   40.77614  -72.57396     11.121     11.035     9.7978    31.8545      7.950     0.8475 5.0640e-11  1024.5810     9.7966    24.5301     8.7479    266.832    9.23948  281.82813     94.679 -9.990e-29
   40.77614  -72.57396     11.117     11.031     9.8001    31.8545      7.945     0.8341 5.0640e-11  1024.5799     9.7989    24.5298     8.7455    266.762    9.23851  281.79918     94.664 -9.990e-29
   40.77614  -72.57396     11.121     11.035     9.8022    31.8545      7.950     0.8341 5.0640e-11  1024.5801     9.8010    24.5292     8.7500    266.899    9.23804  281.78470     94.717 -9.990e-29
   40.77614  -72.57396     11.121     11.035     9.8050    31.8545      7.950     0.8475 5.0640e-11  1024.5787     9.8038    24.5285     8.7486    266.855    9.23707  281.75544     94.711 -9.990e-29
   40.77614  -72.57396     11.121     11.035     9.8077    31.8545      7.950     0.8744 5.0640e-11  1024.5778     9.8065    24.5280     8.7476    266.827    9.23695  281.75303     94.703 -9.990e-29
   40.77614  -72.57396     11.121     11.035     9.8100    31.8549      7.950     0.8878 5.0640e-11  1024.5786     9.8088    24.5281     8.7463    266.788    9.23678  281.74797     94.690 -9.990e-29
   40.77614  -72.57396     11.121     11.035     9.8160    31.8559      7.950     0.8878 5.0640e-11  1024.5792     9.8148    24.5280     8.7446    266.734    9.23575  281.71442     94.682 -9.990e-29
   40.77614  -72.57396     11.112     11.025     9.8245    31.8559      7.945     0.8878 5.0640e-11  1024.5775     9.8233    24.5271     8.7483    266.845    9.23464  281.67892     94.734 -9.990e-29
   40.77614  -72.57396     11.121     11.035     9.8299    31.8559      7.945     0.8878 5.0640e-11  1024.5763     9.8287    24.5259     8.7403    266.604    9.23317  281.63578     94.663 -9.990e-29
   40.77614  -72.57396     11.121     11.035     9.8365    31.8558      7.945     0.8878 5.0640e-11  1024.5752     9.8353    24.5247     8.7442    266.723    9.23295  281.63211     94.706 -9.990e-29
   40.77614  -72.57396     11.121     11.035     9.8429    31.8552      7.945     0.8878 5.0640e-11  1024.5741     9.8417    24.5232     8.7453    266.758    9.23448  281.67941     94.703 -9.990e-29
   40.77614  -72.57396     11.112     11.025     9.8493    31.8535      7.945     0.8878 5.0640e-11  1024.5720     9.8481    24.5207     8.7459    266.775    9.23576  281.71786     94.696 -9.990e-29
   40.77614  -72.57396     11.121     11.035     9.8567    31.8504      7.945     0.8878 5.0640e-11  1024.5676     9.8555    24.5173     8.7456    266.765    9.23649  281.73951     94.685 -9.990e-29
   40.77614  -72.57396     11.117     11.031     9.8615    31.8467      7.950     0.8878 5.0640e-11  1024.5641     9.8603    24.5136     8.7452    266.753    9.23670  281.74573     94.678 -9.990e-29
   40.77614  -72.57396     11.112     11.025     9.8650    31.8430      7.945     0.8878 5.0640e-11  1024.5600     9.8637    24.5102     8.7442    266.722    9.23661  281.74302     94.669 -9.990e-29
   40.77614  -72.57396     11.112     11.025     9.8666    31.8403      7.950     0.8878 5.0640e-11  1024.5571     9.8654    24.5079     8.7428    266.682    9.23648  281.73939     94.656 -9.990e-29
   40.77614  -72.57396     11.112     11.025     9.8656    31.8389      7.950     0.8744 5.0640e-11  1024.5570     9.8644    24.5068     8.7414    266.637    9.23648  281.73925     94.640 -9.990e-29
   40.77614  -72.57396     11.102     11.016     9.8650    31.8383      7.945     0.8878 5.0640e-11  1024.5568     9.8637    24.5063     8.7396    266.582    9.23643  281.73706     94.621 -9.990e-29
   40.77614  -72.57396     11.112     11.025     9.8655    31.8376      7.945     0.8744 5.0640e-11  1024.5559     9.8642    24.5058     8.7428    266.679    9.23585  281.71890     94.661 -9.990e-29
   40.77614  -72.57396     11.102     11.016     9.8658    31.8371      7.950     0.8878 5.0640e-11  1024.5558     9.8646    24.5053     8.7409    266.623    9.23487  281.68971     94.651 -9.990e-29
   40.77614  -72.57396     11.091     11.005     9.8665    31.8371      7.950     0.8878 5.0640e-11  1024.5550     9.8652    24.5048     8.7392    266.570    9.23424  281.67116     94.639 -9.990e-29
   40.77614  -72.57396     11.091     11.005     9.8678    31.8371      7.950     0.8878 5.0640e-11  1024.5539     9.8666    24.5049     8.7431    266.691    9.23378  281.65777     94.686 -9.990e-29
   40.77614  -72.57396     11.091     11.005     9.8650    31.8381      7.945     0.8878 5.0640e-11  1024.5565     9.8637    24.5062     8.7359    266.473    9.23338  281.64588     94.613 -9.990e-29
   40.77614  -72.57396     11.081     10.995     9.8620    31.8390      7.945     0.8878 5.0640e-11  1024.5589     9.8608    24.5078     8.7394    266.579    9.23303  281.63569     94.654 -9.990e-29
   40.77614  -72.57396     11.081     10.995     9.8623    31.8390      7.950     0.8744 5.0640e-11  1024.5589     9.8611    24.5081     8.7387    266.558    9.23308  281.63732     94.646 -9.990e-29
   40.77614  -72.57396     11.076     10.990     9.8640    31.8390      7.945     0.8744 5.0640e-11  1024.5575     9.8627    24.5072     8.7378    266.528    9.23312  281.63849     94.635 -9.990e-29
   40.77614  -72.57396     11.061     10.975     9.8656    31.8377      7.945     0.8744 5.0640e-11  1024.5557     9.8644    24.5060     8.7425    266.672    9.23334  281.64485     94.684 -9.990e-29
   40.77614  -72.57396     11.061     10.975     9.8656    31.8377      7.945     0.8878 5.0640e-11  1024.5551     9.8644    24.5055     8.7424    266.671    9.23336  281.64537     94.683 -9.990e-29
   40.77614  -72.57396     11.051     10.965     9.8650    31.8377      7.950     0.8609 5.0640e-11  1024.5553     9.8637    24.5058     8.7417    266.648    9.23298  281.63410     94.679 -9.990e-29
   40.77614  -72.57396     11.040     10.954     9.8626    31.8385      7.950     0.8341 5.0640e-11  1024.5572     9.8614    24.5070     8.7414    266.638    9.23253  281.62041     94.680 -9.990e-29
   40.77614  -72.57396     11.040     10.954     9.8616    31.8396      7.945     0.8341 5.0640e-11  1024.5586     9.8604    24.5080     8.7404    266.608    9.23167  281.59454     94.678 -9.990e-29
   40.77614  -72.57396     11.030     10.945     9.8618    31.8401      7.945     0.8341 5.0640e-11  1024.5584     9.8606    24.5084     8.7389    266.564    9.23059  281.56225     94.673 -9.990e-29
   40.77614  -72.57396     11.021     10.935     9.8609    31.8401      7.945     0.8341 5.0640e-11  1024.5585     9.8597    24.5087     8.7379    266.534    9.23024  281.55158     94.666 -9.990e-29
   40.77614  -72.57396     11.000     10.915     9.8587    31.8401      7.945     0.8341 5.0640e-11  1024.5593     9.8575    24.5087     8.7380    266.537    9.23038  281.55567     94.666 -9.990e-29
   40.77614  -72.57396     11.000     10.915     9.8590    31.8391      7.945     0.8341 5.0640e-11  1024.5580     9.8578    24.5080     8.7434    266.700    9.23024  281.55092     94.725 -9.990e-29
   40.77614  -72.57396     10.991     10.905     9.8602    31.8375      7.945     0.8341 5.0640e-11  1024.5562     9.8590    24.5067     8.7433    266.700    9.23002  281.54546     94.727 -9.990e-29
   40.77614  -72.57396     10.970     10.885     9.8600    31.8374      7.945     0.8341 5.0640e-11  1024.5549     9.8588    24.5061     8.7437    266.712    9.23043  281.55806     94.727 -9.990e-29
   40.77614  -72.57396     10.970     10.885     9.8569    31.8374      7.945     0.8341 5.0640e-11  1024.5561     9.8557    24.5066     8.7443    266.729    9.23049  281.55900     94.733 -9.990e-29
   40.77614  -72.57396     10.959     10.874     9.8534    31.8374      7.945     0.8341 5.0640e-11  1024.5571     9.8522    24.5076     8.7429    266.686    9.22960  281.53048     94.727 -9.990e-29
