CalculateIndicators/WaterTemperature/Data/CTD_NYOS/20230518_C23B.cnv
* Sea-Bird SBE 9 Data File:
* FileName = C:\Seabird 9 CTD\Data\2023\202305_offshore\20230518_C25B.hex
* Software Version Seasave V 7.23.2
* Temperature SN = 4590
* Conductivity SN = 3228
* Number of Bytes Per Scan = 44
* Number of Voltage Words = 5
* Number of Scans Averaged by the Deck Unit = 1
* NMEA Latitude = 39 44.13 N
* NMEA Longitude = 071 24.97 W
* NMEA UTC (Time) = May 18 2023  05:17:01
* NMEA baud rate = 4800
** Ship: Seawolf
** Station: 11.7
** Operator: TDK
# nquan = 18
# nvalues = 606                         
# units = specified
# name 0 = latitude: Latitude [deg]
# name 1 = longitude: Longitude [deg]
# name 2 = prDM: Pressure, Digiquartz [db]
# name 3 = depSM: Depth [salt water, m]
# name 4 = t090C: Temperature [ITS-90, deg C]
# name 5 = sal00: Salinity, Practical [PSU]
# name 6 = ph: pH
# name 7 = flECO-AFL: Fluorescence, WET Labs ECO-AFL/FL [mg/m^3]
# name 8 = cpar: CPAR/Corrected Irradiance [%]
# name 9 = density00: Density [density, kg/m^3]
# name 10 = potemp090C: Potential Temperature [ITS-90, deg C]
# name 11 = sigma-100: Density [sigma-1, kg/m^3 ]
# name 12 = sbeox0Mg/L: Oxygen, SBE 43 [mg/l]
# name 13 = sbox0Mm/Kg: Oxygen, SBE 43 [umol/kg]
# name 14 = oxsolMg/L: Oxygen Saturation, Garcia & Gordon [mg/l]
# name 15 = oxsolMm/Kg: Oxygen Saturation, Garcia & Gordon [umol/kg]
# name 16 = sbeox0PS: Oxygen, SBE 43 [% saturation]
# name 17 = flag: flag
# span 0 =   39.73402,   39.73550       
# span 1 =  -71.42145,  -71.41628       
# span 2 =      2.000,    305.000       
# span 3 =      1.985,    302.447       
# span 4 =     9.9657,    14.3476       
# span 5 =    33.4819,    35.8615       
# span 6 =      7.855,      8.154       
# span 7 =    -0.0951,     0.8958       
# span 8 = -4.481e+04, 1.0770e+05       
# span 9 =  1025.1323,  1028.5851       
# span 10 =     9.9300,    14.3462      
# span 11 =    29.4847,    31.7947      
# span 12 =     3.2753,     8.8271      
# span 13 =     99.634,    269.075      
# span 14 =    8.28661,    9.01348      
# span 15 =  252.21480,  274.21897      
# span 16 =     36.751,    103.898      
# span 17 = 0.0000e+00, 0.0000e+00      
# interval = decibars: 1                
# start_time = May 18 2023 05:17:03 [System UTC, first data scan.]
# bad_flag = -9.990e-29
*END*
[from data line 242]
   39.73514  -71.41770    245.000    242.984    11.6806    35.6636      7.882    -0.0522 5.0640e-11  1028.2629    11.6489    31.5876     3.4980    106.421    8.67546  263.93765     40.320 0.0000e+00
   39.73518  -71.41766    246.000    243.976    11.6724    35.6616      7.881    -0.0524 5.0640e-11  1028.2674    11.6406    31.5878     3.4965    106.373    8.67913  264.04532     40.286 0.0000e+00
   39.73516  -71.41768    247.000    244.967    11.6519    35.6680      7.878    -0.0355 5.0640e-11  1028.2808    11.6200    31.5971     3.4864    106.064    8.68485  264.21360     40.143 0.0000e+00
   39.73515  -71.41769    248.000    245.958    11.5754    35.7063      7.878    -0.0690 5.0640e-11  1028.3298    11.5435    31.6425     3.4678    105.497    8.69772  264.60005     39.870 0.0000e+00
   39.73514  -71.41770    249.000    246.949    11.5198    35.7129 -9.990e-29    -0.0553 5.0640e-11  1028.3501    11.4878    31.6593     3.4731    105.660    8.70576  264.84550     39.895 0.0000e+00
   39.73514  -71.41772    250.000    247.940    11.4929    35.7030 -9.990e-29    -0.0646 5.0640e-11  1028.3521    11.4609    31.6572     3.4748    105.711    8.70945  264.95854     39.897 0.0000e+00
   39.73517  -71.41769    251.000    248.932    11.4674    35.6918      7.877    -0.0492 1.8316e+04  1028.3527    11.4353    31.6539     3.4672    105.480    8.71398  265.09691     39.789 0.0000e+00
   39.73518  -71.41768    252.000    249.923    11.4332    35.6777      7.877    -0.0542 1.0616e+05  1028.3528    11.4010    31.6502     3.4606    105.277    8.72131  265.31925     39.679 0.0000e+00
   39.73516  -71.41771    253.000    250.914    11.4155    35.6742      7.875    -0.0472 9.9999e+04  1028.3580    11.3832    31.6511     3.4621    105.324    8.72567  265.44956     39.678 0.0000e+00
   39.73514  -71.41771    254.000    251.905    11.3700    35.6789      7.874    -0.0592 4.2521e+04  1028.3748    11.3377    31.6642     3.4547    105.098    8.73368  265.69121     39.556 0.0000e+00
   39.73514  -71.41773    255.000    252.896    11.3449    35.6815      7.874    -0.0621 4.0132e+02  1028.3860    11.3125    31.6713     3.4546    105.094    8.73789  265.81888     39.536 0.0000e+00
   39.73513  -71.41773    256.000    253.887    11.3074    35.6769      7.874    -0.0615 5.0640e-11  1028.3942    11.2749    31.6756     3.4469    104.860    8.74588  266.05972     39.412 0.0000e+00
   39.73514  -71.41771    257.000    254.879    11.2671    35.6759      7.872    -0.0608 5.0640e-11  1028.4055    11.2346    31.6831     3.4485    104.906    8.75422  266.31034     39.392 0.0000e+00
   39.73514  -71.41772    258.000    255.870    11.2373    35.6780      7.870    -0.0600 5.0640e-11  1028.4172    11.2047    31.6908     3.4458    104.823    8.76083  266.50771     39.332 0.0000e+00
   39.73513  -71.41774    259.000    256.861    11.1866    35.6886      7.870    -0.0298 5.0640e-11  1028.4396    11.1539    31.7095     3.4407    104.665    8.77015  266.78679     39.232 0.0000e+00
   39.73514  -71.41773    260.000    257.852    11.1505    35.6960 -9.990e-29    -0.0581 5.0640e-11  1028.4567    11.1178    31.7226     3.4363    104.529    8.77724  266.99775     39.150 0.0000e+00
   39.73512  -71.41777    261.000    258.843    11.0860    35.7127      7.866    -0.0559 5.0640e-11  1028.4863    11.0533    31.7487     3.4243    104.160    8.78831  267.32532     38.964 0.0000e+00
   39.73512  -71.41778    262.000    259.834    11.0220    35.7388      7.867    -0.0663 5.0640e-11  1028.5231    10.9893    31.7818     3.4106    103.743    8.79659  267.57138     38.772 0.0000e+00
   39.73516  -71.41773    263.000    260.825    10.9977    35.7490      7.866    -0.0663 5.0640e-11  1028.5401    10.9649    31.7947     3.3921    103.183    8.80205  267.74272     38.538 0.0000e+00
   39.73514  -71.41775    264.000    261.816    10.9265    35.6595      7.866    -0.0658 5.0640e-11  1028.4883    10.8938    31.7400     3.4878    106.108    8.82724  268.54672     39.511 0.0000e+00
   39.73512  -71.41777    265.000    262.807    10.8826    35.5395 -9.990e-29    -0.0658 5.0640e-11  1028.4077    10.8499    31.6562     3.7381    113.727    8.83844  268.89878     42.294 0.0000e+00
   39.73514  -71.41774    266.000    263.799    10.8605    35.4933 -9.990e-29    -0.0541 5.0640e-11  1028.3803    10.8276    31.6250     3.9527    120.256    8.84301  269.03979     44.698 0.0000e+00
   39.73514  -71.41775    267.000    264.789    10.8374    35.4674      7.866    -0.0525 5.0640e-11  1028.3689    10.8045    31.6096     4.0633    123.622    8.84792  269.19095     45.923 0.0000e+00
   39.73512  -71.41781    268.000    265.781    10.7589    35.4205      7.866 -9.990e-29 5.0640e-11  1028.3516    10.7261    31.5892     4.0698    123.820    8.86122  269.59764     45.928 0.0000e+00
   39.73512  -71.41780    269.000    266.772    10.7482    35.4198      7.866    -0.0658 5.0640e-11  1028.3574    10.7152    31.5908     4.0801    124.137    8.86484  269.70963     46.026 0.0000e+00
   39.73510  -71.41780    270.000    267.763    10.7322    35.4107      7.866    -0.0553 5.0640e-11  1028.3578    10.6992    31.5870     4.0781    124.076    8.86939  269.84972     45.980 0.0000e+00
   39.73512  -71.41781    271.000    268.754    10.6915    35.3840      7.867    -0.0542 5.0640e-11  1028.3490    10.6585    31.5745     4.1008    124.768    8.87932  270.15409     46.184 0.0000e+00
   39.73510  -71.41782    272.000    269.745    10.6589    35.3726      7.866    -0.0662 5.0640e-11  1028.3506    10.6258    31.5723     4.1058    124.923    8.89029  270.49327     46.183 0.0000e+00
   39.73511  -71.41782    273.000    270.736    10.6392    35.3595      7.864    -0.0658 5.0640e-11  1028.3485    10.6060    31.5661     4.1102    125.052    8.89253  270.55185     46.221 0.0000e+00
   39.73512  -71.41782    274.000    271.727    10.5761    35.3936      7.863    -0.0530 5.0640e-11  1028.3911    10.5429    31.6050     3.9941    121.508    8.89463  270.59134     44.905 0.0000e+00
   39.73510  -71.41784    275.000    272.718    10.5241    35.4925 -9.990e-29    -0.0575 5.0640e-11  1028.4821    10.4908    31.6918     3.6980    112.493    8.89667  270.63670     41.566 0.0000e+00
   39.73511  -71.41783    276.000    273.709    10.5087    35.5244 -9.990e-29    -0.0587 5.0640e-11  1028.5143    10.4753    31.7195     3.5462    107.873    8.89805  270.67513     39.853 0.0000e+00
   39.73510  -71.41786    277.000    274.700    10.4931    35.5578 -9.990e-29    -0.0521 5.0640e-11  1028.5476    10.4597    31.7485     3.4325    104.416    8.90043  270.74653     38.566 0.0000e+00
   39.73510  -71.41786    278.000    275.691    10.4838    35.5659      7.862    -0.0524 5.0640e-11  1028.5601    10.4502    31.7566     3.3864    103.014    8.90225  270.80214     38.040 0.0000e+00
   39.73510 -9.990e-29    279.000    276.682    10.4737    35.5638      7.863    -0.0528 5.0640e-11  1028.5648    10.4400    31.7570     3.3426    101.679    8.90450  270.87112     37.538 0.0000e+00
   39.73512 -9.990e-29    280.000    277.673    10.4415    35.5461      7.863    -0.0666 5.0640e-11  1028.5613    10.4078    31.7497     3.2753     99.634    8.91193  271.10284     36.751 0.0000e+00
   39.73512 -9.990e-29    281.000    278.664    10.4367    35.5364      7.863    -0.0641 5.0640e-11  1028.5591    10.4028    31.7431     3.2862     99.969    8.91382  271.16116     36.867 0.0000e+00
   39.73511 -9.990e-29    282.000    279.655    10.4231    35.5209      7.863    -0.0521 5.0640e-11  1028.5541    10.3892    31.7339     3.3042    100.516    8.91868  271.30894     37.049 0.0000e+00
   39.73510  -71.41786    283.000    280.646    10.4065    35.5125      7.863    -0.0524 5.0640e-11  1028.5550    10.3725    31.7307     3.3362    101.488    8.92412  271.47288     37.384 0.0000e+00
   39.73510  -71.41786    284.000    281.637    10.3943    35.5115      7.863    -0.0524 5.0640e-11  1028.5609    10.3602    31.7323     3.3520    101.967    8.92726  271.56824     37.547 0.0000e+00
   39.73512  -71.41786    285.000    282.628    10.3403    35.5004      7.861    -0.0624 5.0640e-11  1028.5666    10.3061    31.7344     3.4403    104.655    8.93731  271.87832     38.493 0.0000e+00
   39.73512  -71.41786    286.000    283.619    10.3076    35.4793      7.862    -0.0533 5.0640e-11  1028.5606    10.2734    31.7245     3.5268    107.289    8.94316  272.05945     39.436 0.0000e+00
   39.73510  -71.41788    287.000    284.610    10.2931    35.4664      7.860    -0.0541 5.0640e-11  1028.5576    10.2588    31.7173     3.5683    108.551    8.94597  272.14666     39.887 0.0000e+00
   39.73512  -71.41786    288.000    285.601    10.2821    35.4569      7.861    -0.0655 5.0640e-11  1028.5567    10.2477    31.7122     3.5974    109.437    8.94814  272.21375     40.203 0.0000e+00
   39.73510  -71.41788    289.000    286.592    10.2607    35.4382      7.860    -0.0655 5.0640e-11  1028.5505    10.2263    31.7020     3.6514    111.082    8.95214  272.33839     40.788 0.0000e+00
   39.73510  -71.41790    290.000    287.583    10.2468    35.4225      7.859    -0.0658 5.0640e-11  1028.5453    10.2123    31.6926     3.7084    112.818    8.95479  272.42107     41.413 0.0000e+00
   39.73510  -71.41790    291.000    288.574    10.2429    35.4170      7.859    -0.0658 5.0640e-11  1028.5462    10.2083    31.6890     3.7150    113.017    8.95579  272.45208     41.482 0.0000e+00
   39.73510  -71.41787    292.000    289.565    10.2378    35.4111      7.859    -0.0597 5.0640e-11  1028.5470    10.2030    31.6855     3.7169    113.075    8.95720  272.49575     41.496 0.0000e+00
   39.73510  -71.41792    293.000    290.556    10.2214    35.3948      7.859    -0.0550 5.0640e-11  1028.5418    10.1866    31.6761     3.7730    114.783    8.96154  272.62977     42.102 0.0000e+00
   39.73508  -71.41792    294.000    291.547    10.2155    35.3888      7.859    -0.0524 5.0640e-11  1028.5426    10.1806    31.6726     3.7909    115.328    8.96423  272.71118     42.290 0.0000e+00
   39.73509  -71.41792    295.000    292.538    10.2050    35.3870      7.859    -0.0647 5.0640e-11  1028.5476    10.1700    31.6733     3.7922    115.369    8.96811  272.83008     42.286 0.0000e+00
   39.73510  -71.41788    296.000    293.529    10.1875    35.3837      7.859    -0.0614 5.0640e-11  1028.5527    10.1525    31.6742     3.8066    115.805    8.97261  272.96762     42.424 0.0000e+00
   39.73510  -71.41788    297.000    294.520    10.1699    35.3758      7.859    -0.0461 5.0640e-11  1028.5542    10.1347    31.6715     3.8250    116.365    8.97653  273.08741     42.611 0.0000e+00
   39.73510  -71.41790    298.000    295.511    10.1221    35.3559      7.859    -0.0563 5.0640e-11  1028.5517    10.0869    31.6654     3.8776    117.965    8.98564  273.36440     43.153 0.0000e+00
   39.73509  -71.41793    299.000    296.502    10.1143    35.3543      7.859    -0.0615 4.1741e+03  1028.5564    10.0791    31.6658     3.8772    117.953    8.98808  273.43862     43.137 0.0000e+00
   39.73507  -71.41796    300.000    297.492    10.0839    35.3514      7.858    -0.0583 1.0770e+05  1028.5641    10.0485    31.6694     3.8908    118.366    8.99418  273.62541     43.259 0.0000e+00
   39.73510  -71.41794    301.000    298.483    10.0645    35.3433      7.857    -0.0643 4.4714e+04  1028.5657    10.0291    31.6669     3.9149    119.102    8.99743  273.72424     43.512 0.0000e+00
   39.73509  -71.41795    302.000    299.474    10.0488    35.3392      7.856    -0.0637 1.8925e+04  1028.5698    10.0133    31.6668     3.9236    119.367    8.99994  273.80045     43.596 0.0000e+00
   39.73510  -71.41794    303.000    300.465    10.0181    35.3331      7.856    -0.0525 8.9570e+04  1028.5750     9.9826    31.6680     3.9524    120.241    9.00476  273.94660     43.892 0.0000e+00
   39.73508  -71.41796    304.000    301.456    10.0081    35.3322      7.855    -0.0582 5.6250e+04  1028.5806     9.9724    31.6693     3.9539    120.288    9.00660  274.00287     43.900 0.0000e+00
   39.73508  -71.41796    305.000    302.447     9.9657    35.3225      7.856    -0.0601 -4.481e+04  1028.5851     9.9300    31.6700     3.9906    121.403    9.01303  274.19925     44.276 0.0000e+00
   39.73506  -71.41799    304.000    301.456     9.9794    35.3249 -9.990e-29    -0.0771 5.0640e-11  1028.5800     9.9439    31.6692     3.9837    121.195    9.01076  274.13009     44.211 0.0000e+00
   39.73505  -71.41808    303.000    300.465     9.9692    35.2907      7.855    -0.0612 5.0640e-11  1028.5506     9.9338    31.6446     4.1065    124.932    9.01348  274.21897     45.559 0.0000e+00
   39.73500  -71.41818    302.000    299.474     9.9724    35.2797      7.855    -0.0564 5.0640e-11  1028.5370     9.9371    31.6355     4.1716    126.914    9.01337  274.21792     46.282 0.0000e+00
   39.73500  -71.41818    301.000    298.484     9.9736    35.2800      7.855    -0.0705 5.0640e-11  1028.5325     9.9384    31.6354     4.1770    127.078    9.01281  274.20113     46.345 0.0000e+00
   39.73501  -71.41818    300.000    297.493     9.9764    35.2816      7.855    -0.0554 5.0640e-11  1028.5288     9.9413    31.6361     4.1727    126.947    9.01167  274.16595     46.303 0.0000e+00
   39.73500  -71.41820    299.000    296.502     9.9819    35.2844 -9.990e-29    -0.0580 5.0640e-11  1028.5255     9.9469    31.6372     4.1741    126.989    9.01002  274.11559     46.327 0.0000e+00
   39.73502  -71.41816    298.000    295.511     9.9850    35.2843      7.855    -0.0751 5.0640e-11  1028.5205     9.9501    31.6366     4.1759    127.046    9.00855  274.07055     46.355 0.0000e+00
   39.73501  -71.41819    297.000    294.520     9.9901    35.2869      7.856    -0.0611 5.0640e-11  1028.5170     9.9554    31.6375     4.1708    126.890    9.00626  273.99998     46.310 0.0000e+00
   39.73501  -71.41819    296.000    293.529    10.0107    35.2978      7.856    -0.0648 5.0640e-11  1028.5174     9.9761    31.6419     4.1726    126.943    9.00111  273.84366     46.356 0.0000e+00
   39.73501  -71.41821    295.000    292.538    10.0339    35.3018      7.857    -0.0581 5.0640e-11  1028.5119     9.9993    31.6405     4.1721    126.931    8.99650  273.70424     46.375 0.0000e+00
   39.73499  -71.41822    294.000    291.547    10.0432    35.2986      7.857    -0.0531 5.0640e-11  1028.5032    10.0087    31.6363     4.1755    127.032    8.99295  273.59530     46.431 0.0000e+00
   39.73502  -71.41818    293.000    290.556    10.0613    35.3056      7.858    -0.0640 5.0640e-11  1028.5010    10.0269    31.6382     4.1699    126.862    8.98876  273.46822     46.390 0.0000e+00
   39.73501  -71.41821    292.000    289.565    10.0877    35.3121 -9.990e-29    -0.0581 5.0640e-11  1028.4968    10.0534    31.6381     4.1667    126.765    8.98316  273.29822     46.383 0.0000e+00
   39.73500  -71.41822    291.000    288.574    10.1264    35.3171      7.859    -0.0582 5.0640e-11  1028.4893    10.0921    31.6344     4.1709    126.894    8.97670  273.10436     46.463 0.0000e+00
   39.73498  -71.41824    290.000    287.583    10.1469    35.3137      7.859    -0.0521 5.0640e-11  1028.4785    10.1126    31.6278     4.1767    127.070    8.97430  273.03332     46.540 0.0000e+00
   39.73502  -71.41820    289.000    286.592    10.1564    35.3093      7.859    -0.0537 5.0640e-11  1028.4689    10.1223    31.6225     4.1768    127.073    8.97332  273.00449     46.546 0.0000e+00
   39.73501  -71.41822    288.000    285.601    10.1693    35.3037      7.859    -0.0646 5.0640e-11  1028.4577    10.1352    31.6157     4.1711    126.903    8.97171  272.95645     46.492 0.0000e+00
   39.73500  -71.41823    287.000    284.610    10.1886    35.2965      7.859    -0.0485 5.0640e-11  1028.4441    10.1546    31.6063     4.1755    127.036    8.96888  272.87181     46.555 0.0000e+00
