CalculateIndicators/WaterTemperature/Data/CTD_NYOS/20230515_C02.cnv
* Sea-Bird SBE 9 Data File:
* FileName = C:\Seabird 9 CTD\Data\2023\202305_offshore\20230515_C02.hex
* Software Version Seasave V 7.23.2
* Temperature SN = 4590
* Conductivity SN = 3228
* Number of Bytes Per Scan = 44
* Number of Voltage Words = 5
* Number of Scans Averaged by the Deck Unit = 1
* NMEA Latitude = 40 34.18 N
* NMEA Longitude = 073 24.20 W
* NMEA UTC (Time) = May 15 2023  09:25:38
* NMEA baud rate = 4800
** Ship: Seawolf
** Station: 8.1
** Operator: TDK
# nquan = 18
# nvalues = 8612                        
# units = specified
# name 0 = latitude: Latitude [deg]
# name 1 = longitude: Longitude [deg]
# name 2 = prDM: Pressure, Digiquartz [db]
# name 3 = depSM: Depth [salt water, m]
# name 4 = t090C: Temperature [ITS-90, deg C]
# name 5 = sal00: Salinity, Practical [PSU]
# name 6 = ph: pH
# name 7 = flECO-AFL: Fluorescence, WET Labs ECO-AFL/FL [mg/m^3]
# name 8 = cpar: CPAR/Corrected Irradiance [%]
# name 9 = density00: Density [density, kg/m^3]
# name 10 = potemp090C: Potential Temperature [ITS-90, deg C]
# name 11 = sigma-é00: Density [sigma-theta, kg/m^3]
# name 12 = sbeox0Mg/L: Oxygen, SBE 43 [mg/l]
# name 13 = sbox0Mm/Kg: Oxygen, SBE 43 [umol/kg]
# name 14 = oxsolMg/L: Oxygen Saturation, Garcia & Gordon [mg/l]
# name 15 = oxsolMm/Kg: Oxygen Saturation, Garcia & Gordon [umol/kg]
# name 16 = sbeox0PS: Oxygen, SBE 43 [% saturation]
# name 17 = flag:  0.000e+00
# span 0 =   40.56956,   40.56982       
# span 1 =  -73.40344,  -73.40326       
# span 2 =      1.746,     14.663       
# span 3 =      1.732,     14.549       
# span 4 =    10.0250,    13.4078       
# span 5 =    30.4530,    31.5498       
# span 6 =      7.859,      8.027       
# span 7 =     0.6192,     1.2504       
# span 8 = 1.2660e-11, 9.9999e+04       
# span 9 =  1022.8175,  1024.3179       
# span 10 =    10.0234,    13.4074      
# span 11 =    22.8054,    24.2523      
# span 12 =     8.0913,     9.5580      
# span 13 =    246.871,    291.937      
# span 14 =    8.63933,    9.22161      
# span 15 =  263.95772,  281.35655      
# span 16 =     87.763,    109.471      
# span 17 = 0.0000e+00, 0.0000e+00      
# interval = seconds: 0.0416667
# start_time = May 15 2023 09:25:38 [System UTC, first data scan.]
# bad_flag = -9.990e-29
*END*
[from data line 2654]
   40.56978  -73.40338     14.250     14.139    10.0394    31.5365      7.859     1.2101 9.9999e+04  1024.3071    10.0378    24.2425     8.1145    247.579    9.21953  281.29505     88.014 -9.990e-29
   40.56978  -73.40338     14.236     14.126    10.0397    31.5365      7.864     1.2101 9.9999e+04  1024.3069    10.0381    24.2425     8.1142    247.570    9.21964  281.29818     88.010 -9.990e-29
   40.56978  -73.40338     14.236     14.126    10.0395    31.5365      7.859     1.2101 9.9999e+04  1024.3070    10.0380    24.2425     8.1139    247.562    9.21975  281.30159     88.006 -9.990e-29
   40.56978  -73.40338     14.229     14.119    10.0397    31.5365      7.864     1.2101 9.9999e+04  1024.3068    10.0381    24.2425     8.1137    247.554    9.21981  281.30354     88.002 -9.990e-29
   40.56978  -73.40338     14.236     14.126    10.0397    31.5365      7.859     1.1833 9.9999e+04  1024.3068    10.0382    24.2425     8.1134    247.546    9.21986  281.30463     87.999 -9.990e-29
   40.56972  -73.40336     14.239     14.129    10.0395    31.5365      7.859     1.1698 9.9999e+04  1024.3074    10.0379    24.2426     8.1130    247.535    9.21977  281.30172     87.996 -9.990e-29
   40.56972  -73.40336     14.226     14.116    10.0398    31.5365      7.859     1.1833 9.9999e+04  1024.3070    10.0383    24.2426     8.1127    247.524    9.21965  281.29828     87.993 -9.990e-29
   40.56972  -73.40336     14.229     14.119    10.0399    31.5364      7.859     1.1833 9.9999e+04  1024.3067    10.0383    24.2424     8.1124    247.515    9.21958  281.29624     87.991 -9.990e-29
   40.56972  -73.40336     14.236     14.126    10.0398    31.5363      7.864     1.1833 9.9999e+04  1024.3068    10.0383    24.2423     8.1122    247.509    9.21956  281.29559     87.989 -9.990e-29
   40.56972  -73.40336     14.229     14.119    10.0399    31.5362      7.864     1.1833 9.9999e+04  1024.3068    10.0383    24.2422     8.1063    247.328    9.21956  281.29595     87.925 -9.990e-29
   40.56972  -73.40336     14.236     14.126    10.0400    31.5361      7.864     1.1833 9.9999e+04  1024.3065    10.0384    24.2421     8.1105    247.456    9.21960  281.29693     87.970 -9.990e-29
   40.56972  -73.40336     14.229     14.119    10.0399    31.5361      7.859     1.1833 9.9999e+04  1024.3066    10.0383    24.2421     8.1047    247.280    9.21969  281.29961     87.906 -9.990e-29
   40.56972  -73.40336     14.236     14.126    10.0400    31.5361      7.859     1.1698 9.9999e+04  1024.3064    10.0384    24.2421     8.1039    247.257    9.21970  281.30026     87.898 -9.990e-29
   40.56972  -73.40336     14.239     14.129    10.0399    31.5361      7.864     1.1833 9.9999e+04  1024.3068    10.0383    24.2422     8.1032    247.236    9.21976  281.30197     87.890 -9.990e-29
   40.56972  -73.40336     14.226     14.116    10.0400    31.5361      7.859     1.1833 9.9999e+04  1024.3066    10.0384    24.2422     8.1018    247.192    9.21975  281.30157     87.875 -9.990e-29
   40.56972  -73.40336     14.239     14.129    10.0399    31.5361      7.864     1.1698 9.9999e+04  1024.3067    10.0383    24.2421     8.1012    247.175    9.21981  281.30341     87.868 -9.990e-29
   40.56972  -73.40336     14.236     14.126    10.0400    31.5361      7.864     1.1698 9.9999e+04  1024.3064    10.0384    24.2421     8.1007    247.159    9.21985  281.30446     87.862 -9.990e-29
   40.56972  -73.40336     14.247     14.137    10.0400    31.5361      7.859     1.1833 9.9999e+04  1024.3068    10.0384    24.2421     8.1060    247.321    9.21985  281.30459     87.919 -9.990e-29
   40.56972  -73.40336     14.250     14.139    10.0399    31.5361      7.859     1.1833 9.9999e+04  1024.3068    10.0383    24.2421     8.1005    247.154    9.21989  281.30589     87.859 -9.990e-29
   40.56972  -73.40336     14.236     14.126    10.0400    31.5360      7.859     1.1833 9.9999e+04  1024.3064    10.0384    24.2420     8.1002    247.144    9.21996  281.30779     87.855 -9.990e-29
   40.56972  -73.40336     14.250     14.139    10.0395    31.5359      7.864     1.1698 9.9999e+04  1024.3066    10.0380    24.2420     8.0999    247.134    9.21999  281.30890     87.851 -9.990e-29
   40.56972  -73.40336     14.257     14.146    10.0397    31.5359      7.864     1.1833 9.9999e+04  1024.3065    10.0381    24.2420     8.0997    247.129    9.22011  281.31232     87.849 -9.990e-29
   40.56972  -73.40336     14.259     14.149    10.0392    31.5359      7.864     1.1833 9.9999e+04  1024.3067    10.0377    24.2421     8.0996    247.124    9.22019  281.31438     87.846 -9.990e-29
   40.56972  -73.40336     14.257     14.146    10.0392    31.5360      7.859     1.1833 9.9999e+04  1024.3068    10.0376    24.2421     8.0995    247.122    9.22027  281.31675     87.845 -9.990e-29
   40.56972  -73.40336     14.259     14.149    10.0392    31.5360      7.864     1.1833 9.9999e+04  1024.3067    10.0377    24.2422     8.0994    247.120    9.22029  281.31716     87.844 -9.990e-29
   40.56972  -73.40336     14.277     14.167    10.0390    31.5361      7.859     1.1698 9.9999e+04  1024.3070    10.0374    24.2423     8.0993    247.115    9.22018  281.31393     87.843 -9.990e-29
   40.56972  -73.40336     14.280     14.169    10.0391    31.5361      7.859     1.1833 9.9999e+04  1024.3069    10.0375    24.2423     8.0993    247.115    9.22013  281.31256     87.843 -9.990e-29
   40.56972  -73.40336     14.277     14.167    10.0390    31.5361      7.859     1.1833 9.9999e+04  1024.3069    10.0374    24.2423     8.0993    247.115    9.22006  281.31028     87.844 -9.990e-29
   40.56972  -73.40336     14.290     14.179    10.0387    31.5363      7.864     1.1564 9.9999e+04  1024.3072    10.0372    24.2424     8.0993    247.116    9.21992  281.30635     87.846 -9.990e-29
   40.56972  -73.40336     14.287     14.176    10.0387    31.5366      7.859     1.1430 -9.990e-29  1024.3075    10.0371    24.2427     8.0986    247.095    9.21978  281.30222     87.840 -9.990e-29
   40.56972  -73.40336     14.310     14.200    10.0388    31.5366      7.859     1.1295 -9.990e-29  1024.3077    10.0372    24.2428     8.0931    246.925    9.21977  281.30187     87.779 -9.990e-29
   40.56972  -73.40336     14.308     14.197    10.0387    31.5366      7.859     1.1430 -9.990e-29  1024.3075    10.0372    24.2427     8.0918    246.886    9.21967  281.29894     87.767 -9.990e-29
   40.56972  -73.40336     14.310     14.200    10.0390    31.5364      7.859     1.1295 -9.990e-29  1024.3073    10.0374    24.2425     8.0913    246.873    9.21958  281.29631     87.763 -9.990e-29
   40.56972  -73.40336     14.317     14.206    10.0391    31.5363      7.859     1.1430 -9.990e-29  1024.3073    10.0375    24.2425     8.0968    247.039    9.21950  281.29388     87.823 -9.990e-29
   40.56972  -73.40336     14.328     14.217    10.0385    31.5362      7.859     1.1295 -9.990e-29  1024.3074    10.0369    24.2424     8.0915    246.878    9.21944  281.29203     87.766 -9.990e-29
   40.56972  -73.40336     14.341     14.230    10.0386    31.5361      7.864     1.1430 -9.990e-29  1024.3073    10.0370    24.2423     8.0964    247.028    9.21944  281.29223     87.819 -9.990e-29
   40.56972  -73.40336     14.338     14.227    10.0387    31.5361      7.859     1.1295 -9.990e-29  1024.3072    10.0371    24.2423     8.0913    246.871    9.21940  281.29116     87.763 -9.990e-29
   40.56972  -73.40336     14.350     14.239    10.0384    31.5361      7.859     1.1295 -9.990e-29  1024.3075    10.0368    24.2424     8.0970    247.047    9.21936  281.28979     87.826 -9.990e-29
   40.56972  -73.40336     14.359     14.247    10.0384    31.5361      7.859     1.1430 9.9999e+04  1024.3073    10.0368    24.2424     8.0978    247.071    9.21931  281.28835     87.836 -9.990e-29
   40.56972  -73.40336     14.361     14.250    10.0381    31.5362      7.864     1.1295 9.9999e+04  1024.3075    10.0365    24.2425     8.0922    246.898    9.21933  281.28886     87.774 -9.990e-29
   40.56972  -73.40336     14.378     14.266    10.0377    31.5363      7.864     1.1430 9.9999e+04  1024.3077    10.0361    24.2426     8.0924    246.905    9.21933  281.28892     87.776 -9.990e-29
   40.56972  -73.40336     14.382     14.270    10.0376    31.5364      7.864     1.1430 9.9999e+04  1024.3080    10.0360    24.2428     8.0985    247.091    9.21933  281.28886     87.842 -9.990e-29
   40.56972  -73.40336     14.389     14.277    10.0374    31.5365      7.864     1.1295 9.9999e+04  1024.3080    10.0358    24.2428     8.0930    246.924    9.21929  281.28780     87.783 -9.990e-29
   40.56972  -73.40336     14.392     14.280    10.0374    31.5366      7.859     1.1430 9.9999e+04  1024.3078    10.0358    24.2430     8.0992    247.113    9.21928  281.28741     87.851 -9.990e-29
   40.56972  -73.40336     14.409     14.298    10.0372    31.5370      7.859     1.1295 9.9999e+04  1024.3087    10.0356    24.2432     8.0997    247.127    9.21929  281.28767     87.856 -9.990e-29
   40.56972  -73.40336     14.422     14.310    10.0374    31.5370      7.859     1.1430 9.9999e+04  1024.3090    10.0358    24.2434     8.1009    247.165    9.21924  281.28602     87.870 -9.990e-29
   40.56972  -73.40336     14.409     14.298    10.0376    31.5370      7.864     1.1295 5.0640e-11  1024.3085    10.0360    24.2432     8.1014    247.181    9.21923  281.28576     87.875 -9.990e-29
   40.56972  -73.40336     14.431     14.320    10.0377    31.5366      7.864     1.1430 2.5320e-11  1024.3082    10.0361    24.2430     8.1020    247.198    9.21920  281.28496     87.882 -9.990e-29
   40.56972  -73.40336     14.440     14.328    10.0372    31.5366      7.864     1.1295 1.6880e-11  1024.3082    10.0356    24.2429     8.1034    247.240    9.21917  281.28398     87.897 -9.990e-29
   40.56972  -73.40336     14.442     14.331    10.0367    31.5366      7.859     1.1430 1.6880e-11  1024.3083    10.0351    24.2430     8.1040    247.260    9.21915  281.28351     87.904 -9.990e-29
   40.56972  -73.40336     14.449     14.337    10.0361    31.5366      7.859     1.1295 1.6880e-11  1024.3087    10.0345    24.2431     8.1047    247.281    9.21912  281.28254     87.912 -9.990e-29
   40.56972  -73.40336     14.462     14.350    10.0359    31.5368      7.864     1.1295 1.2660e-11  1024.3084    10.0343    24.2433     8.1054    247.303    9.21911  281.28207     87.920 -9.990e-29
   40.56972  -73.40336     14.459     14.347    10.0352    31.5374      7.859     1.1295 1.2660e-11  1024.3096    10.0336    24.2438     8.1063    247.328    9.21914  281.28330     87.929 -9.990e-29
   40.56972  -73.40336     14.473     14.361    10.0356    31.5378      7.859     1.1430 1.2660e-11  1024.3100    10.0340    24.2443     8.1070    247.352    9.21911  281.28237     87.937 -9.990e-29
   40.56972  -73.40336     14.480     14.367    10.0361    31.5378      7.859     1.1430 1.2660e-11  1024.3101    10.0345    24.2443     8.1079    247.378    9.21912  281.28252     87.946 -9.990e-29
   40.56972  -73.40336     14.482     14.370    10.0366    31.5378      7.859     1.1295 1.2660e-11  1024.3096    10.0350    24.2441     8.1087    247.404    9.21914  281.28308     87.956 -9.990e-29
   40.56972  -73.40336     14.491     14.378    10.0367    31.5374      7.864     1.1430 1.2660e-11  1024.3094    10.0351    24.2437     8.1096    247.432    9.21913  281.28294     87.965 -9.990e-29
   40.56972  -73.40336     14.493     14.381    10.0370    31.5369      7.859     1.1430 1.2660e-11  1024.3086    10.0354    24.2433     8.1106    247.461    9.21917  281.28411     87.975 -9.990e-29
   40.56972  -73.40336     14.500     14.388    10.0369    31.5366      7.864     1.1430 1.2660e-11  1024.3086    10.0353    24.2431     8.1108    247.466    9.21914  281.28314     87.978 -9.990e-29
   40.56972  -73.40336     14.503     14.391    10.0364    31.5366      7.859     1.1295 1.2660e-11  1024.3089    10.0348    24.2431     8.1118    247.497    9.21920  281.28496     87.988 -9.990e-29
   40.56972  -73.40336     14.510     14.397    10.0364    31.5366      7.864     1.1430 1.2660e-11  1024.3086    10.0348    24.2431     8.1120    247.502    9.21917  281.28409     87.990 -9.990e-29
   40.56972  -73.40336     14.503     14.391    10.0359    31.5366      7.859     1.1430 1.2660e-11  1024.3091    10.0343    24.2431     8.1122    247.509    9.21918  281.28429     87.993 -9.990e-29
   40.56972  -73.40336     14.521     14.408    10.0362    31.5366      7.864     1.1430 1.2660e-11  1024.3086    10.0346    24.2431     8.1124    247.515    9.21916  281.28370     87.995 -9.990e-29
   40.56972  -73.40336     14.513     14.400    10.0357    31.5366      7.859     1.1430 1.2660e-11  1024.3090    10.0341    24.2432     8.1126    247.521    9.21915  281.28337     87.997 -9.990e-29
   40.56972  -73.40336     14.521     14.408    10.0356    31.5367      7.859     1.1430 1.2660e-11  1024.3091    10.0340    24.2433     8.1185    247.703    9.21910  281.28179     88.062 -9.990e-29
   40.56972  -73.40336     14.524     14.411    10.0356    31.5367      7.859     1.1430 1.2660e-11  1024.3091    10.0340    24.2433     8.1137    247.555    9.21911  281.28213     88.010 -9.990e-29
   40.56972  -73.40336     14.521     14.408    10.0354    31.5367      7.864     1.1295 1.2660e-11  1024.3090    10.0338    24.2433     8.1204    247.761    9.21910  281.28205     88.083 -9.990e-29
   40.56972  -73.40336     14.533     14.421    10.0351    31.5368      7.859     1.1430 1.2660e-11  1024.3092    10.0335    24.2435     8.1156    247.612    9.21908  281.28145     88.030 -9.990e-29
   40.56972  -73.40336     14.521     14.408    10.0347    31.5372      7.859     1.1430 1.2660e-11  1024.3095    10.0331    24.2438     8.1158    247.618    9.21910  281.28204     88.032 -9.990e-29
   40.56972  -73.40336     14.524     14.411    10.0339    31.5379      7.859     1.1295 1.2660e-11  1024.3102    10.0323    24.2445     8.1159    247.623    9.21907  281.28106     88.034 -9.990e-29
   40.56972  -73.40336     14.530     14.418    10.0332    31.5387      7.859     1.1430 1.2660e-11  1024.3112    10.0316    24.2453     8.1161    247.629    9.21910  281.28191     88.036 -9.990e-29
   40.56972  -73.40336     14.524     14.411    10.0326    31.5394      7.864     1.1430 1.2660e-11  1024.3118    10.0310    24.2459     8.1163    247.635    9.21911  281.28223     88.038 -9.990e-29
   40.56972  -73.40336     14.530     14.418    10.0324    31.5394      7.864     1.1430 1.2660e-11  1024.3122    10.0308    24.2461     8.1164    247.639    9.21905  281.28064     88.040 -9.990e-29
   40.56972  -73.40336     14.513     14.400    10.0331    31.5394      7.859     1.1295 1.2660e-11  1024.3116    10.0315    24.2459     8.1167    247.646    9.21909  281.28175     88.042 -9.990e-29
   40.56972  -73.40336     14.521     14.408    10.0334    31.5393      7.859     1.1295 1.2660e-11  1024.3114    10.0318    24.2457     8.1169    247.654    9.21917  281.28441     88.044 -9.990e-29
   40.56972  -73.40336     14.513     14.400    10.0337    31.5391      7.859     1.1295 1.2660e-11  1024.3114    10.0321    24.2455     8.1170    247.657    9.21908  281.28149     88.046 -9.990e-29
   40.56972  -73.40336     14.521     14.408    10.0346    31.5388      7.864     1.1430 1.2660e-11  1024.3109    10.0330    24.2452     8.1172    247.662    9.21905  281.28051     88.048 -9.990e-29
   40.56978  -73.40338     14.513     14.400    10.0354    31.5384      7.859     1.1698 1.2660e-11  1024.3103    10.0338    24.2447     8.1174    247.668    9.21908  281.28124     88.050 -9.990e-29
   40.56978  -73.40338     14.500     14.388    10.0356    31.5381      7.864     1.1967 1.2660e-11  1024.3100    10.0340    24.2444     8.1176    247.674    9.21907  281.28105     88.052 -9.990e-29
