CalculateIndicators/WaterTemperature/Data/CTD_NYOS/20231002_C01.cnv
* Sea-Bird SBE 9 Data File:
* FileName = C:\Seabird 9 CTD\Data\2023\202309_offshore\20231002_C01.hex
* Software Version Seasave V 7.23.2
* Temperature SN = 4590
* Conductivity SN = 3228
* Number of Bytes Per Scan = 44
* Number of Voltage Words = 5
* Number of Scans Averaged by the Deck Unit = 1
* NMEA Latitude = 40 57.68 N
* NMEA Longitude = 073 34.80 W
* NMEA UTC (Time) = Oct 02 2023  21:29:41
* NMEA baud rate = 4800
** Ship: seawolf
** Station: LIS-ARIG
** Operator: SW
# nquan = 18
# nvalues = 10505                       
# units = specified
# name 0 = latitude: Latitude [deg]
# name 1 = longitude: Longitude [deg]
# name 2 = prDM: Pressure, Digiquartz [db]
# name 3 = depSM: Depth [salt water, m]
# name 4 = t090C: Temperature [ITS-90, deg C]
# name 5 = sal00: Salinity, Practical [PSU]
# name 6 = ph: pH
# name 7 = flECO-AFL: Fluorescence, WET Labs ECO-AFL/FL [mg/m^3]
# name 8 = cpar: CPAR/Corrected Irradiance [%]
# name 9 = density00: Density [density, kg/m^3]
# name 10 = potemp090C: Potential Temperature [ITS-90, deg C]
# name 11 = sigma-é00: Density [sigma-theta, kg/m^3]
# name 12 = sbeox0Mg/L: Oxygen, SBE 43 [mg/l]
# name 13 = sbox0Mm/Kg: Oxygen, SBE 43 [umol/kg]
# name 14 = oxsolMg/L: Oxygen Saturation, Garcia & Gordon [mg/l]
# name 15 = oxsolMm/Kg: Oxygen Saturation, Garcia & Gordon [umol/kg]
# name 16 = sbeox0PS: Oxygen, SBE 43 [% saturation]
# name 17 = flag:  0.000e+00
# span 0 =   40.96132,   40.96226       
# span 1 =  -73.58006,  -73.57906       
# span 2 =      1.788,     13.480       
# span 3 =      1.774,     13.375       
# span 4 =    18.7983,    19.9451       
# span 5 =    25.7101,    26.2117       
# span 6 =      7.612,      7.857       
# span 7 =     0.4177,     3.4800       
# span 8 = 2.1034e-02, 4.8857e+01       
# span 9 =  1017.8032,  1018.4263       
# span 10 =    18.7961,    19.9446      
# span 11 =    17.7961,    18.3673      
# span 12 =     6.7649,     8.9303      
# span 13 =    207.596,    274.167      
# span 14 =    7.80927,    7.97269      
# span 15 =  239.75086,  244.69566      
# span 16 =     84.893,    114.329      
# span 17 = 0.0000e+00, 0.0000e+00      
# interval = seconds: 0.0416667
# start_time = Oct 02 2023 21:29:44 [System UTC, first data scan.]
# bad_flag = -9.990e-29
*END*
[from data line 161]
   40.96162  -73.57992      1.939      1.924    19.8816    25.9749 -9.990e-29     2.4995 1.4245e+01  1017.9313    19.8813    17.9227     8.7939    269.974    7.81809  240.01781    112.481 -9.990e-29
   40.96162  -73.57992      1.929      1.914    19.8828    25.9742 -9.990e-29     2.4995 1.4144e+01  1017.9303    19.8825    17.9219     8.7938    269.973    7.81809  240.01762    112.480 -9.990e-29
   40.96146  -73.58004      1.929      1.914    19.8835    25.9736 -9.990e-29     2.4995 1.3752e+01  1017.9294    19.8832    17.9213     8.7938    269.973    7.81808  240.01731    112.480 -9.990e-29
   40.96146  -73.58004      1.939      1.924    19.8828    25.9733 -9.990e-29     2.4995 1.3598e+01  1017.9297    19.8825    17.9211     8.7988    270.126    7.81801  240.01502    112.545 -9.990e-29
   40.96146  -73.58004      1.929      1.914    19.8830    25.9728 -9.990e-29     2.4995 1.3637e+01  1017.9295    19.8826    17.9206     8.7991    270.136    7.81785  240.01022    112.552 -9.990e-29
   40.96146  -73.58004      1.918      1.903    19.8849    25.9719 -9.990e-29     2.4995 1.4921e+01  1017.9279    19.8846    17.9195     8.7948    270.003    7.81764  240.00388    112.499 -9.990e-29
   40.96146  -73.58004      1.929      1.914    19.8867    25.9708 -9.990e-29     2.4995 1.5740e+01  1017.9266    19.8863    17.9183     8.7994    270.145    7.81746  239.99864    112.561 -9.990e-29
   40.96146  -73.58004      1.929      1.914    19.8875    25.9700 -9.990e-29     2.4995 1.5829e+01  1017.9256    19.8872    17.9173     8.7999    270.158    7.81731  239.99402    112.569 -9.990e-29
   40.96146  -73.58004      1.920      1.905    19.8882    25.9700 -9.990e-29     2.4995 1.4795e+01  1017.9247    19.8879    17.9169     8.7953    270.020    7.81719  239.99051    112.513 -9.990e-29
   40.96146  -73.58004      1.929      1.914    19.8879    25.9700 -9.990e-29     2.4995 1.4065e+01  1017.9257    19.8876    17.9173     8.7997    270.154    7.81709  239.98739    112.570 -9.990e-29
   40.96146  -73.58004      1.929      1.914    19.8881    25.9709 -9.990e-29     2.4995 1.3947e+01  1017.9266    19.8878    17.9179     8.8003    270.172    7.81698  239.98384    112.579 -9.990e-29
   40.96146  -73.58004      1.918      1.903    19.8890    25.9715 -9.990e-29     2.4995 1.4105e+01  1017.9267    19.8886    17.9182     8.8004    270.175    7.81680  239.97848    112.583 -9.990e-29
   40.96146  -73.58004      1.918      1.903    19.8900    25.9719 -9.990e-29     2.4995 1.4184e+01  1017.9266    19.8896    17.9183     8.8005    270.180    7.81662  239.97313    112.587 -9.990e-29
   40.96146  -73.58004      1.918      1.903    19.8905    25.9721 -9.990e-29     2.4995 1.4224e+01  1017.9268    19.8902    17.9183     8.8007    270.186    7.81650  239.96949    112.592 -9.990e-29
   40.96146  -73.58004      1.918      1.903    19.8907    25.9721 -9.990e-29     2.4995 1.4901e+01  1017.9269    19.8904    17.9183     8.8010    270.194    7.81640  239.96650    112.596 -9.990e-29
   40.96146  -73.58004      1.920      1.905    19.8912    25.9722 -9.990e-29     2.4995 1.5852e+01  1017.9265    19.8909    17.9182     8.8013    270.203    7.81632  239.96404    112.602 -9.990e-29
   40.96146  -73.58004      1.918      1.903    19.8910    25.9722 -9.990e-29     2.4995 1.6076e+01  1017.9264    19.8907    17.9181     8.8016    270.214    7.81629  239.96335    112.606 -9.990e-29
   40.96146  -73.58004      1.918      1.903    19.8907    25.9722 -9.990e-29     2.4995 1.6190e+01  1017.9267    19.8904    17.9183     8.8020    270.225    7.81624  239.96170    112.612 -9.990e-29
   40.96146  -73.58004      1.918      1.903    19.8903    25.9724 -9.990e-29     2.4861 1.6374e+01  1017.9270    19.8900    17.9185     8.8075    270.394    7.81626  239.96233    112.682 -9.990e-29
   40.96146  -73.58004      1.918      1.903    19.8904    25.9724 -9.990e-29     2.4458 1.6466e+01  1017.9272    19.8900    17.9186     8.8036    270.275    7.81620  239.96039    112.633 -9.990e-29
   40.96146  -73.58004      1.909      1.894    19.8903    25.9724 -9.990e-29     2.4189 1.6936e+01  1017.9269    19.8900    17.9185     8.8041    270.291    7.81622  239.96124    112.639 -9.990e-29
   40.96146  -73.58004      1.920      1.905    19.8909    25.9722 -9.990e-29     2.4189 1.8530e+01  1017.9266    19.8906    17.9183     8.8097    270.460    7.81622  239.96116    112.710 -9.990e-29
   40.96146  -73.58004      1.909      1.894    19.8910    25.9719 -9.990e-29     2.4189 1.9167e+01  1017.9264    19.8907    17.9180     8.8105    270.486    7.81618  239.95983    112.721 -9.990e-29
   40.96146  -73.58004      1.918      1.903    19.8914    25.9717 -9.990e-29     2.4189 1.8583e+01  1017.9262    19.8911    17.9177     8.8114    270.513    7.81617  239.95944    112.733 -9.990e-29
   40.96146  -73.58004      1.918      1.903    19.8916    25.9712 -9.990e-29     2.4189 1.5697e+01  1017.9259    19.8913    17.9173     8.8119    270.528    7.81618  239.95954    112.739 -9.990e-29
   40.96146  -73.58004      1.899      1.884    19.8923    25.9707 -9.990e-29     2.4189 1.4590e+01  1017.9249    19.8919    17.9168     8.8127    270.554    7.81617  239.95913    112.750 -9.990e-29
   40.96146  -73.58004      1.918      1.903    19.8925    25.9703 -9.990e-29     2.4189 1.4839e+01  1017.9248    19.8921    17.9164     8.8182    270.723    7.81616  239.95902    112.821 -9.990e-29
   40.96146  -73.58004      1.910      1.895    19.8928    25.9698 -9.990e-29     2.4189 1.8740e+01  1017.9244    19.8924    17.9159     8.8191    270.750    7.81620  239.96003    112.831 -9.990e-29
   40.96146  -73.58004      1.909      1.894    19.8937    25.9693 -9.990e-29     2.4189 2.1268e+01  1017.9237    19.8933    17.9154     8.8153    270.634    7.81622  239.96085    112.783 -9.990e-29
   40.96146  -73.58004      1.909      1.894    19.8940    25.9689 -9.990e-29     2.4189 2.1480e+01  1017.9233    19.8937    17.9150     8.8161    270.657    7.81618  239.95962    112.793 -9.990e-29
   40.96146  -73.58004      1.909      1.894    19.8935    25.9686 -9.990e-29     2.4189 1.8196e+01  1017.9232    19.8931    17.9149     8.8212    270.813    7.81622  239.96076    112.857 -9.990e-29
   40.96146  -73.58004      1.909      1.894    19.8928    25.9686 -9.990e-29     2.4189 1.6260e+01  1017.9234    19.8925    17.9150     8.8219    270.835    7.81620  239.96011    112.867 -9.990e-29
   40.96146  -73.58004      1.899      1.884    19.8926    25.9686 -9.990e-29     2.4189 1.6033e+01  1017.9233    19.8923    17.9152     8.8180    270.717    7.81621  239.96065    112.817 -9.990e-29
   40.96146  -73.58004      1.918      1.903    19.8919    25.9688 -9.990e-29     2.4189 1.7741e+01  1017.9238    19.8916    17.9154     8.8183    270.725    7.81619  239.96002    112.821 -9.990e-29
   40.96146  -73.58004      1.899      1.884    19.8912    25.9691 -9.990e-29     2.4189 1.9466e+01  1017.9241    19.8909    17.9159     8.8233    270.878    7.81623  239.96145    112.884 -9.990e-29
   40.96146  -73.58004      1.899      1.884    19.8900    25.9695 -9.990e-29     2.4189 1.9742e+01  1017.9248    19.8897    17.9165     8.8240    270.901    7.81630  239.96402    112.892 -9.990e-29
   40.96146  -73.58004      1.909      1.894    19.8891    25.9699 -9.990e-29     2.4189 1.7968e+01  1017.9254    19.8888    17.9170     8.8202    270.785    7.81649  239.96972    112.841 -9.990e-29
   40.96146  -73.58004      1.899      1.884    19.8882    25.9701 -9.990e-29     2.4189 1.5945e+01  1017.9259    19.8879    17.9173     8.8254    270.945    7.81681  239.97950    112.903 -9.990e-29
   40.96146  -73.58004      1.909      1.894    19.8882    25.9701 -9.990e-29     2.4189 1.5525e+01  1017.9256    19.8879    17.9173     8.8259    270.958    7.81706  239.98708    112.905 -9.990e-29
   40.96146  -73.58004      1.899      1.884    19.8882    25.9702 -9.990e-29     2.4189 1.4948e+01  1017.9257    19.8879    17.9174     8.8262    270.969    7.81729  239.99397    112.907 -9.990e-29
   40.96146  -73.58004      1.910      1.895    19.8886    25.9706 -9.990e-29     2.4189 1.3914e+01  1017.9260    19.8883    17.9176     8.8270    270.991    7.81751  240.00057    112.913 -9.990e-29
   40.96146  -73.58004      1.899      1.884    19.8893    25.9709 -9.990e-29     2.4189 1.3624e+01  1017.9261    19.8890    17.9177     8.8271    270.997    7.81762  240.00397    112.913 -9.990e-29
   40.96146  -73.58004      1.909      1.894    19.8893    25.9709 -9.990e-29     2.4189 1.4113e+01  1017.9259    19.8890    17.9178     8.8318    271.140    7.81771  240.00642    112.972 -9.990e-29
   40.96146  -73.58004      1.909      1.894    19.8882    25.9710 -9.990e-29     2.5264 1.5421e+01  1017.9263    19.8879    17.9182     8.8276    271.011    7.81778  240.00862    112.917 -9.990e-29
   40.96146  -73.58004      1.909      1.894    19.8863    25.9710 -9.990e-29     2.6070 1.5906e+01  1017.9272    19.8860    17.9186     8.8275    271.009    7.81785  240.01105    112.915 -9.990e-29
   40.96146  -73.58004      1.899      1.884    19.8853    25.9710 -9.990e-29     2.6204 1.5996e+01  1017.9273    19.8850    17.9189     8.8279    271.019    7.81794  240.01373    112.918 -9.990e-29
   40.96146  -73.58004      1.910      1.895    19.8845    25.9711 -9.990e-29     2.6070 1.6406e+01  1017.9271    19.8842    17.9189     8.8323    271.156    7.81797  240.01488    112.975 -9.990e-29
   40.96146  -73.58004      1.909      1.894    19.8842    25.9711 -9.990e-29     2.6070 1.6545e+01  1017.9273    19.8839    17.9190     8.8329    271.175    7.81804  240.01702    112.981 -9.990e-29
   40.96146  -73.58004      1.909      1.894    19.8837    25.9711 -9.990e-29     2.6070 1.6498e+01  1017.9274    19.8834    17.9192     8.8289    271.050    7.81815  240.02038    112.928 -9.990e-29
   40.96146  -73.58004      1.909      1.894    19.8835    25.9717 -9.990e-29     2.6070 1.5488e+01  1017.9279    19.8832    17.9197     8.8287    271.043    7.81826  240.02370    112.924 -9.990e-29
   40.96162  -73.57990      1.918      1.903    19.8832    25.9724 -9.990e-29     2.6070 1.5016e+01  1017.9289    19.8828    17.9203     8.8284    271.034    7.81836  240.02667    112.918 -9.990e-29
   40.96162  -73.57990      1.909      1.894    19.8835    25.9726 -9.990e-29     2.6070 1.5016e+01  1017.9291    19.8832    17.9205     8.8281    271.024    7.81851  240.03107    112.912 -9.990e-29
   40.96162  -73.57990      1.918      1.903    19.8846    25.9726 -9.990e-29     2.6070 1.5619e+01  1017.9289    19.8843    17.9203     8.8280    271.024    7.81860  240.03365    112.911 -9.990e-29
   40.96162  -73.57990      1.910      1.895    19.8862    25.9726 -9.990e-29     2.6070 1.5974e+01  1017.9282    19.8858    17.9198     8.8280    271.023    7.81870  240.03643    112.909 -9.990e-29
   40.96162  -73.57990      1.929      1.914    19.8875    25.9722 -9.990e-29     2.6070 1.6064e+01  1017.9275    19.8872    17.9191     8.8229    270.865    7.81875  240.03809    112.843 -9.990e-29
   40.96162  -73.57990      1.918      1.903    19.8888    25.9721 -9.990e-29     2.6070 1.7332e+01  1017.9268    19.8884    17.9187     8.8269    270.988    7.81874  240.03757    112.894 -9.990e-29
   40.96162  -73.57990      1.918      1.903    19.8895    25.9721 -9.990e-29     2.6070 1.8490e+01  1017.9268    19.8891    17.9185     8.8221    270.840    7.81877  240.03850    112.832 -9.990e-29
   40.96162  -73.57990      1.918      1.903    19.8900    25.9721 -9.990e-29     2.6070 1.8699e+01  1017.9270    19.8897    17.9184     8.8256    270.948    7.81872  240.03706    112.878 -9.990e-29
   40.96162  -73.57990      1.929      1.914    19.8909    25.9721 -9.990e-29     2.6070 1.6851e+01  1017.9267    19.8905    17.9182     8.8253    270.939    7.81873  240.03743    112.874 -9.990e-29
   40.96162  -73.57990      1.920      1.905    19.8921    25.9721 -9.990e-29     2.6070 1.4974e+01  1017.9263    19.8918    17.9179     8.8250    270.929    7.81874  240.03771    112.870 -9.990e-29
   40.96162  -73.57990      1.929      1.914    19.8933    25.9720 -9.990e-29     2.6070 1.4599e+01  1017.9260    19.8930    17.9176     8.8200    270.777    7.81877  240.03879    112.806 -9.990e-29
   40.96162  -73.57990      1.929      1.914    19.8942    25.9719 -9.990e-29     2.6070 1.5885e+01  1017.9257    19.8939    17.9173     8.8192    270.754    7.81878  240.03906    112.796 -9.990e-29
   40.96162  -73.57990      1.918      1.903    19.8949    25.9717 -9.990e-29     2.6070 1.8130e+01  1017.9253    19.8946    17.9169     8.8185    270.730    7.81879  240.03926    112.786 -9.990e-29
   40.96162  -73.57990      1.939      1.924    19.8956    25.9715 -9.990e-29     2.6070 1.8886e+01  1017.9250    19.8953    17.9166     8.8131    270.565    7.81886  240.04106    112.716 -9.990e-29
   40.96162  -73.57990      1.918      1.903    19.8958    25.9714 -9.990e-29     2.6070 1.8156e+01  1017.9248    19.8955    17.9164     8.8165    270.670    7.81888  240.04176    112.760 -9.990e-29
   40.96162  -73.57990      1.940      1.925    19.8961    25.9714 -9.990e-29     2.6070 1.6687e+01  1017.9249    19.8958    17.9164     8.8111    270.503    7.81888  240.04163    112.690 -9.990e-29
   40.96162  -73.57990      1.939      1.924    19.8960    25.9714 -9.990e-29     2.6070 1.6225e+01  1017.9250    19.8956    17.9164     8.8099    270.466    7.81891  240.04251    112.674 -9.990e-29
   40.96162  -73.57990      1.929      1.914    19.8965    25.9714 -9.990e-29     2.4995 1.5908e+01  1017.9246    19.8961    17.9164     8.8138    270.585    7.81897  240.04422    112.723 -9.990e-29
   40.96162  -73.57990      1.939      1.924    19.8963    25.9714 -9.990e-29     2.3249 1.4621e+01  1017.9247    19.8959    17.9164     8.8130    270.560    7.81897  240.04423    112.713 -9.990e-29
   40.96162  -73.57990      1.939      1.924    19.8962    25.9716 -9.990e-29     2.2846 1.4176e+01  1017.9251    19.8958    17.9165     8.8121    270.532    7.81891  240.04241    112.702 -9.990e-29
   40.96162  -73.57990      1.939      1.924    19.8965    25.9717 -9.990e-29     2.2846 1.4357e+01  1017.9250    19.8961    17.9165     8.8115    270.516    7.81882  240.03959    112.696 -9.990e-29
   40.96162  -73.57990      1.929      1.914    19.8965    25.9719 -9.990e-29     2.2980 1.5842e+01  1017.9250    19.8962    17.9167     8.8109    270.496    7.81865  240.03447    112.691 -9.990e-29
   40.96162  -73.57990      1.950      1.935    19.8963    25.9724 -9.990e-29     2.2980 1.6618e+01  1017.9256    19.8959    17.9171     8.8102    270.477    7.81849  240.02976    112.685 -9.990e-29
   40.96162  -73.57990      1.939      1.924    19.8962    25.9728 -9.990e-29     2.2980 1.6596e+01  1017.9260    19.8958    17.9174     8.8097    270.460    7.81840  240.02668    112.679 -9.990e-29
   40.96148  -73.58004      1.939      1.924    19.8961    25.9728 -9.990e-29     2.2980 1.4218e+01  1017.9262    19.8958    17.9176     8.8091    270.442    7.81827  240.02232    112.674 -9.990e-29
   40.96148  -73.58004      1.939      1.924    19.8959    25.9728 -9.990e-29     2.2980 1.3050e+01  1017.9262    19.8956    17.9177     8.8043    270.293    7.81812  240.01750    112.614 -9.990e-29
   40.96148  -73.58004      1.948      1.933    19.8958    25.9728 -9.990e-29     2.2980 1.2868e+01  1017.9261    19.8955    17.9175     8.8081    270.410    7.81775  240.00570    112.668 -9.990e-29
   40.96148  -73.58004      1.939      1.924    19.8963    25.9727 -9.990e-29     2.2980 1.3087e+01  1017.9255    19.8959    17.9174     8.8074    270.387    7.81744  239.99599    112.663 -9.990e-29
   40.96148  -73.58004      1.940      1.925    19.8958    25.9727 -9.990e-29     2.2980 1.3254e+01  1017.9261    19.8955    17.9174     8.8065    270.361    7.81704  239.98395    112.658 -9.990e-29
   40.96148  -73.58004      1.939      1.924    19.8959    25.9726 -9.990e-29     2.2980 1.3292e+01  1017.9261    19.8956    17.9173     8.8058    270.339    7.81637  239.96392    112.658 -9.990e-29
