CalculateIndicators/WaterTemperature/Data/CTD_NYOS/20230518_C31.cnv
* Sea-Bird SBE 9 Data File:
* FileName = C:\Seabird 9 CTD\Data\2023\202305_offshore\20230518_C31.hex
* Software Version Seasave V 7.23.2
* Temperature SN = 4590
* Conductivity SN = 3228
* Number of Bytes Per Scan = 44
* Number of Voltage Words = 5
* Number of Scans Averaged by the Deck Unit = 1
* NMEA Latitude = 40 53.51 N
* NMEA Longitude = 072 12.16 W
* NMEA UTC (Time) = May 18 2023  20:43:15
* NMEA baud rate = 4800
** Ship: Seawolf
** Station: 11.1
** Operator: sjw
# nquan = 18
# nvalues = 7109                        
# units = specified
# name 0 = latitude: Latitude [deg]
# name 1 = longitude: Longitude [deg]
# name 2 = prDM: Pressure, Digiquartz [db]
# name 3 = depSM: Depth [salt water, m]
# name 4 = t090C: Temperature [ITS-90, deg C]
# name 5 = sal00: Salinity, Practical [PSU]
# name 6 = ph: pH
# name 7 = flECO-AFL: Fluorescence, WET Labs ECO-AFL/FL [mg/m^3]
# name 8 = cpar: CPAR/Corrected Irradiance [%]
# name 9 = density00: Density [density, kg/m^3]
# name 10 = potemp090C: Potential Temperature [ITS-90, deg C]
# name 11 = sigma-é00: Density [sigma-theta, kg/m^3]
# name 12 = sbeox0Mg/L: Oxygen, SBE 43 [mg/l]
# name 13 = sbox0Mm/Kg: Oxygen, SBE 43 [umol/kg]
# name 14 = oxsolMg/L: Oxygen Saturation, Garcia & Gordon [mg/l]
# name 15 = oxsolMm/Kg: Oxygen Saturation, Garcia & Gordon [umol/kg]
# name 16 = sbeox0PS: Oxygen, SBE 43 [% saturation]
# name 17 = flag:  0.000e+00
# span 0 =   40.89194,   40.89234       
# span 1 =  -72.20276,  -72.20244       
# span 2 =      1.575,     20.526       
# span 3 =      1.562,     20.366       
# span 4 =    10.5257,    11.9603       
# span 5 =    31.3360,    31.5989       
# span 6 =      7.966,      8.015       
# span 7 =    -0.0121,     1.2773       
# span 8 = 6.3668e-01, 2.3514e+02       
# span 9 =  1023.7805,  1024.3024       
# span 10 =    10.5234,    11.9601      
# span 11 =    23.7735,    24.2102      
# span 12 =     8.5046,     8.9203      
# span 13 =    259.492,    272.269      
# span 14 =    8.85623,    9.11854      
# span 15 =  270.33405,  278.22290      
# span 16 =     93.287,    100.281      
# span 17 = 0.0000e+00, 0.0000e+00      
# interval = seconds: 0.0416667
# start_time = May 18 2023 20:43:16 [System UTC, first data scan.]
# bad_flag = -9.990e-29
*END*
[from data line 4262]
   40.89214  -72.20262     11.397     11.309    11.3284    31.3491      7.992     0.6729 6.5320e+00  1023.9285    11.3270    23.8766     8.8057    268.781    8.91052  271.97941     98.824 0.0000e+00
   40.89214  -72.20262     11.377     11.288    11.3314    31.3488      7.992     0.6057 6.7557e+00  1023.9270    11.3300    23.8759     8.8035    268.714    8.90929  271.94427     98.812 0.0000e+00
   40.89214  -72.20262     11.341     11.253    11.3345    31.3484      7.992     0.5520 6.9318e+00  1023.9256    11.3331    23.8750     8.8087    268.875    8.90961  271.95417     98.868 0.0000e+00
   40.89214  -72.20262     11.337     11.249    11.3361    31.3483      7.992     0.5386 7.2272e+00  1023.9258    11.3347    23.8745     8.8075    268.837    8.90869  271.92604     98.864 0.0000e+00
   40.89214  -72.20262     11.296     11.208    11.3387    31.3483      7.992     0.5386 7.7091e+00  1023.9250    11.3374    23.8740     8.8065    268.808    8.90772  271.89731     98.864 0.0000e+00
   40.89214  -72.20262     11.276     11.189    11.3414    31.3483      7.992     0.5386 8.2402e+00  1023.9237    11.3400    23.8735     8.8060    268.792    8.90748  271.89024     98.860 0.0000e+00
   40.89214  -72.20262     11.256     11.168    11.3442    31.3492      7.992     0.5386 8.8876e+00  1023.9243    11.3429    23.8737     8.8044    268.745    8.90661  271.86389     98.853 0.0000e+00
   40.89214  -72.20262     11.214     11.127    11.3492    31.3510      7.992     0.5386 9.7633e+00  1023.9251    11.3479    23.8741     8.8082    268.859    8.90582  271.83964     98.903 0.0000e+00
   40.89214  -72.20262     11.184     11.097    11.3575    31.3510      7.992     0.5386 1.0725e+01  1023.9249    11.3562    23.8737     8.8074    268.837    8.90509  271.81799     98.903 0.0000e+00
   40.89214  -72.20262     11.154     11.067    11.3681    31.3510      7.992     0.5386 1.1657e+01  1023.9231    11.3668    23.8720     8.8068    268.819    8.90478  271.80869     98.900 0.0000e+00
   40.89214  -72.20262     11.133     11.047    11.3791    31.3508      7.992     0.5386 1.2696e+01  1023.9190    11.3777    23.8693     8.8113    268.955    8.90436  271.79638     98.955 0.0000e+00
   40.89214  -72.20262     11.088     11.002    11.3839    31.3491      7.992     0.5386 1.3589e+01  1023.9164    11.3825    23.8670     8.8051    268.766    8.90401  271.78559     98.889 0.0000e+00
   40.89214  -72.20262     11.073     10.987    11.3870    31.3480      7.992     0.5386 1.4143e+01  1023.9150    11.3857    23.8654     8.8108    268.940    8.90473  271.80782     98.945 0.0000e+00
   40.89214  -72.20262     11.042     10.957    11.3899    31.3473      7.992     0.5386 1.4799e+01  1023.9140    11.3886    23.8644     8.8114    268.958    8.90554  271.83243     98.943 0.0000e+00
   40.89214  -72.20262     11.022     10.936    11.3932    31.3469      7.992     0.5386 1.5245e+01  1023.9131    11.3918    23.8635     8.8118    268.970    8.90581  271.84044     98.944 0.0000e+00
   40.89214  -72.20262     10.992     10.906    11.3949    31.3463      7.992     0.5386 1.5495e+01  1023.9122    11.3936    23.8627     8.8227    269.303    8.90590  271.84257     99.066 0.0000e+00
   40.89214  -72.20262     10.961     10.876    11.3956    31.3455      7.992     0.5520 1.5978e+01  1023.9111    11.3943    23.8620     8.8233    269.322    8.90580  271.83954     99.074 0.0000e+00
   40.89214  -72.20262     10.931     10.846    11.3952    31.3450      7.992     0.5386 1.6294e+01  1023.9105    11.3939    23.8617     8.8237    269.332    8.90572  271.83718     99.078 0.0000e+00
   40.89214  -72.20262     10.910     10.826    11.3943    31.3448      7.992     0.5386 1.6385e+01  1023.9109    11.3930    23.8617     8.8299    269.525    8.90643  271.85916     99.141 0.0000e+00
   40.89214  -72.20262     10.871     10.786    11.3920    31.3448      7.992     0.5386 1.6804e+01  1023.9105    11.3907    23.8620     8.8321    269.591    8.90752  271.89221     99.154 0.0000e+00
   40.89214  -72.20262     10.840     10.756    11.3847    31.3448      7.992     0.5520 1.7091e+01  1023.9109    11.3834    23.8633     8.8337    269.638    8.90835  271.91715     99.162 0.0000e+00
   40.89214  -72.20262     10.820     10.736    11.3761    31.3465      7.996     0.5386 1.7045e+01  1023.9151    11.3748    23.8658     8.8403    269.840    8.90911  271.94049     99.228 0.0000e+00
   40.89214  -72.20262     10.795     10.711    11.3745    31.3487      7.992     0.5520 1.7010e+01  1023.9166    11.3732    23.8684     8.8476    270.063    8.91023  271.97429     99.297 0.0000e+00
   40.89214  -72.20262     10.759     10.676    11.3676    31.3513      7.992     0.5386 1.6637e+01  1023.9191    11.3663    23.8713     8.8493    270.115    8.91106  271.99921     99.307 0.0000e+00
   40.89214  -72.20262     10.739     10.655    11.3595    31.3533      7.996     0.5520 1.5614e+01  1023.9251    11.3583    23.8736     8.8562    270.323    8.91126  272.00444     99.382 0.0000e+00
   40.89214  -72.20262     10.708     10.625    11.3642    31.3534      7.996     0.5252 1.4340e+01  1023.9211    11.3629    23.8736     8.8570    270.349    8.91080  271.99045     99.397 0.0000e+00
   40.89214  -72.20262     10.678     10.595    11.3659    31.3535      7.996     0.4983 1.3152e+01  1023.9209    11.3647    23.8726     8.8573    270.358    8.91023  271.97302     99.406 0.0000e+00
   40.89214  -72.20262     10.648     10.565    11.3767    31.3535      7.996     0.4849 1.1852e+01  1023.9200    11.3754    23.8714     8.8634    270.542    8.90959  271.95343     99.481 0.0000e+00
   40.89214  -72.20262     10.627     10.545    11.3916    31.3533      7.996     0.4849 1.0733e+01  1023.9180    11.3903    23.8688     8.8646    270.580    8.90937  271.94728     99.497 0.0000e+00
   40.89214  -72.20262     10.607     10.524    11.4064    31.3510      7.996     0.4849 9.8106e+00  1023.9122    11.4051    23.8648     8.8714    270.790    8.90967  271.95654     99.571 0.0000e+00
   40.89214  -72.20262     10.586     10.504    11.4148    31.3478      7.996     0.4849 9.0654e+00  1023.9073    11.4135    23.8607     8.8729    270.835    8.90989  271.96338     99.585 0.0000e+00
   40.89214  -72.20262     10.567     10.485    11.4187    31.3456      7.996     0.4849 8.4230e+00  1023.9047    11.4174    23.8580     8.8741    270.871    8.91022  271.97337     99.595 0.0000e+00
   40.89214  -72.20262     10.525     10.444    11.4212    31.3456      7.996     0.4849 7.8699e+00  1023.9038    11.4199    23.8568     8.8752    270.906    8.91030  271.97554     99.607 0.0000e+00
   40.89214  -72.20262     10.516     10.434    11.4239    31.3456      7.996     0.4849 7.5004e+00  1023.9032    11.4226    23.8565     8.8815    271.095    8.91032  271.97620     99.676 0.0000e+00
   40.89214  -72.20262     10.495     10.414    11.4293    31.3457      7.996     0.4983 7.2591e+00  1023.9049    11.4281    23.8562     8.8828    271.135    8.91011  271.96983     99.693 0.0000e+00
   40.89214  -72.20262     10.465     10.384    11.4438    31.3457      7.996     0.4849 6.9927e+00  1023.9021    11.4426    23.8546     8.8894    271.337    8.91004  271.96771     99.768 0.0000e+00
   40.89214  -72.20262     10.444     10.363    11.4517    31.3457      7.996     0.4849 6.8389e+00  1023.8981    11.4505    23.8523     8.8909    271.384    8.91020  271.97275     99.783 0.0000e+00
   40.89214  -72.20262     10.435     10.354    11.4546    31.3453      7.996     0.4849 6.7818e+00  1023.8983    11.4533    23.8506     8.8920    271.418    8.91039  271.97852     99.794 0.0000e+00
   40.89214  -72.20262     10.393     10.313    11.4675    31.3448      7.996     0.4849 6.7395e+00  1023.8963    11.4663    23.8486     8.8928    271.441    8.91063  271.98569     99.800 0.0000e+00
   40.89214  -72.20262     10.384     10.303    11.4800    31.3432      7.996     0.4849 6.6997e+00  1023.8916    11.4788    23.8457     8.8990    271.629    8.91057  271.98347     99.870 0.0000e+00
   40.89214  -72.20262     10.363     10.283    11.4820    31.3432      7.996     0.4849 6.6978e+00  1023.8893    11.4808    23.8438     8.9047    271.803    8.90987  271.96211     99.942 0.0000e+00
   40.89214  -72.20262     10.343     10.262    11.4808    31.3432      7.996     0.4849 6.7286e+00  1023.8900    11.4796    23.8434     8.9002    271.667    8.90979  271.96024     99.892 -9.990e-29
   40.89214  -72.20262     10.343     10.262    11.4888    31.3440      7.996     0.4849 6.7717e+00  1023.8896    11.4875    23.8437     8.9008    271.687    8.91036  271.97786     99.893 -9.990e-29
   40.89214  -72.20262     10.333     10.253    11.4990    31.3509      7.996     0.4849 6.7647e+00  1023.8885    11.4977    23.8471     8.9018    271.716    8.91099  271.99672     99.897 0.0000e+00
   40.89214  -72.20262     10.303     10.223    11.5104    31.3638      7.996     0.4849 6.8413e+00  1023.9044    11.5092    23.8532     8.9071    271.879    8.91095  271.99528     99.957 -9.990e-29
   40.89214  -72.20262     10.303     10.223    11.5567    31.3638      7.996     0.4849 6.9506e+00  1023.9073    11.5555    23.8535     8.9071    271.877    8.91083  271.99163     99.958 -9.990e-29
   40.89214  -72.20262     10.282     10.202    11.6133    31.3638      7.995     0.4849 6.9702e+00  1023.8908    11.6120    23.8440     8.9121    272.032    8.91074  271.98907    100.016 0.0000e+00
   40.89214  -72.20262     10.261     10.182    11.6504    31.3631      7.995     0.4849 6.9506e+00  1023.8760    11.6492    23.8312     8.9122    272.032    8.91093  271.99506    100.014 0.0000e+00
   40.89214  -72.20262     10.242     10.163    11.6740    31.3544      7.995     0.4849 6.8851e+00  1023.8646    11.6728    23.8201     8.9127    272.049    8.91137  272.00804    100.015 0.0000e+00
   40.89214  -72.20262     10.231     10.152    11.6833    31.3476      7.995     0.4849 6.8851e+00  1023.8556    11.6821    23.8127     8.9124    272.039    8.91142  272.00931    100.011 0.0000e+00
   40.89214  -72.20262     10.212     10.133    11.6820    31.3446      7.995     0.4580 6.8658e+00  1023.8547    11.6808    23.8096     8.9114    272.010    8.91133  272.00645    100.001 0.0000e+00
   40.89214  -72.20262     10.201     10.122    11.6865    31.3437      7.995     0.4446 6.8343e+00  1023.8549    11.6853    23.8082     8.9163    272.160    8.91129  272.00546    100.057 0.0000e+00
   40.89214  -72.20262     10.182     10.103    11.6923    31.3429      7.995     0.4446 6.8081e+00  1023.8520    11.6910    23.8068     8.9156    272.137    8.91095  271.99478    100.052 0.0000e+00
   40.89214  -72.20262     10.161     10.082    11.6936    31.3421      7.995     0.4446 6.7890e+00  1023.8514    11.6924    23.8056     8.9143    272.098    8.91052  271.98209    100.043 0.0000e+00
   40.89214  -72.20262     10.140     10.062    11.6985    31.3418      7.995     0.4446 6.7699e+00  1023.8499    11.6972    23.8047     8.9135    272.073    8.91093  271.99487    100.029 0.0000e+00
   40.89214  -72.20262     10.131     10.052    11.7023    31.3418      7.995     0.4446 6.7509e+00  1023.8501    11.7011    23.8040     8.9133    272.066    8.91228  272.03623    100.011 0.0000e+00
   40.89214  -72.20262     10.120     10.041    11.7064    31.3413      8.000     0.4446 6.7319e+00  1023.8485    11.7052    23.8030     8.9193    272.252    8.91411  272.09211    100.059 0.0000e+00
   40.89214  -72.20262     10.100     10.022    11.7085    31.3404      7.995     0.4446 6.6941e+00  1023.8471    11.7072    23.8018     8.9152    272.123    8.91648  272.16251     99.986 0.0000e+00
   40.89214  -72.20262     10.089     10.011    11.7109    31.3395      8.000     0.4446 6.6566e+00  1023.8458    11.7097    23.8007     8.9191    272.242    8.91710  272.18043    100.023 0.0000e+00
   40.89214  -72.20262     10.069      9.991    11.7129    31.3387      7.995     0.4446 6.6498e+00  1023.8452    11.7117    23.8000     8.9175    272.193    8.91692  272.17515    100.007 0.0000e+00
   40.89214  -72.20262     10.059      9.981    11.7096    31.3387      8.000     0.4446 6.6498e+00  1023.8443    11.7084    23.7999     8.9148    272.111    8.91677  272.17060     99.978 0.0000e+00
   40.89214  -72.20262     10.029      9.951    11.7051    31.3387      7.995     0.4446 6.6498e+00  1023.8456    11.7039    23.8005     8.9119    272.024    8.91619  272.15325     99.952 0.0000e+00
   40.89214  -72.20262     10.019      9.942    11.7035    31.3388      8.000     0.4580 6.6498e+00  1023.8464    11.7022    23.8014     8.9143    272.095    8.91574  272.13857     99.984 0.0000e+00
   40.89214  -72.20262     10.008      9.931    11.7026    31.3398      8.000     0.4446 6.7820e+00  1023.8476    11.7014    23.8023     8.9101    271.965    8.91408  272.08779     99.955 0.0000e+00
   40.89214  -72.20262      9.968      9.891    11.7028    31.3398      7.995     0.4580 6.8975e+00  1023.8482    11.7016    23.8028     8.9067    271.864    8.91242  272.03796     99.936 -9.990e-29
   40.89214  -72.20262      9.968      9.891    11.7035    31.3398      8.000     0.4446 6.9169e+00  1023.8475    11.7022    23.8025     8.9092    271.941    8.91138  272.00741     99.976 -9.990e-29
   40.89214  -72.20262      9.938      9.861    11.7003    31.3388      7.995     0.4580 7.0346e+00  1023.8464    11.6991    23.8022     8.9078    271.898    8.91160  272.01404     99.957 0.0000e+00
   40.89214  -72.20262      9.927      9.850    11.6947    31.3382      8.000     0.4446 7.2150e+00  1023.8468    11.6935    23.8025     8.9062    271.849    8.91139  272.00751     99.942 0.0000e+00
   40.89214  -72.20262      9.908      9.831    11.6901    31.3382      7.995     0.4446 7.2557e+00  1023.8481    11.6889    23.8032     8.9047    271.805    8.91165  272.01595     99.922 0.0000e+00
   40.89214  -72.20262      9.887      9.811    11.6864    31.3382      7.995     0.4446 7.3585e+00  1023.8478    11.6852    23.8039     8.9044    271.794    8.91330  272.06567     99.900 0.0000e+00
   40.89214  -72.20262      9.867      9.790    11.6804    31.3383      8.000     0.4446 7.5260e+00  1023.8492    11.6791    23.8051     8.9023    271.729    8.91305  272.05700     99.880 0.0000e+00
   40.89214  -72.20262      9.857      9.781    11.6755    31.3397      8.000     0.4446 7.5684e+00  1023.8511    11.6743    23.8069     8.8983    271.607    8.91074  271.98681     99.860 0.0000e+00
   40.89214  -72.20262      9.836      9.760    11.6737    31.3415      7.995     0.4580 7.6326e+00  1023.8536    11.6725    23.8086     8.8936    271.466    8.90815  271.90859     99.837 0.0000e+00
   40.89214  -72.20262      9.816      9.740    11.6757    31.3429      8.000     0.4446 7.8283e+00  1023.8540    11.6745    23.8095     8.8903    271.364    8.90642  271.85729     99.819 0.0000e+00
   40.89214  -72.20262      9.786      9.710    11.6785    31.3429      8.000     0.4446 7.8946e+00  1023.8540    11.6773    23.8096     8.8938    271.472    8.90624  271.85230     99.860 0.0000e+00
   40.89214  -72.20262      9.776      9.700    11.6819    31.3429      8.000     0.4446 7.9310e+00  1023.8534    11.6807    23.8089     8.8924    271.429    8.90628  271.85321     99.844 0.0000e+00
   40.89214  -72.20262      9.765      9.689    11.6838    31.3421      8.000     0.4580 8.0434e+00  1023.8510    11.6826    23.8078     8.8900    271.355    8.90502  271.81454     99.831 0.0000e+00
   40.89214  -72.20262      9.746      9.670    11.6824    31.3412      8.000     0.4446 8.1115e+00  1023.8508    11.6812    23.8071     8.8859    271.230    8.90250  271.73714     99.813 0.0000e+00
   40.89214  -72.20262      9.718      9.643    11.6813    31.3412      8.000     0.4580 8.1427e+00  1023.8505    11.6801    23.8071     8.8867    271.257    8.89911  271.63456     99.861 0.0000e+00
