CalculateIndicators/WaterTemperature/Data/CTD_NYOS/20231004_C10.cnv
* Sea-Bird SBE 9 Data File:
* FileName = C:\Seabird 9 CTD\Data\2023\202309_offshore\20231004_C10.hex
* Software Version Seasave V 7.23.2
* Temperature SN = 4590
* Conductivity SN = 3228
* Number of Bytes Per Scan = 44
* Number of Voltage Words = 5
* Number of Scans Averaged by the Deck Unit = 1
* NMEA Latitude = 39 19.31 N
* NMEA Longitude = 072 05.19 W
* NMEA UTC (Time) = Oct 04 2023  03:26:22
* NMEA baud rate = 4800
** Ship: seawolf
** Station: 9.7
** Operator: TCM
# nquan = 18
# nvalues = 17562                       
# units = specified
# name 0 = latitude: Latitude [deg]
# name 1 = longitude: Longitude [deg]
# name 2 = prDM: Pressure, Digiquartz [db]
# name 3 = depSM: Depth [salt water, m]
# name 4 = t090C: Temperature [ITS-90, deg C]
# name 5 = sal00: Salinity, Practical [PSU]
# name 6 = ph: pH
# name 7 = flECO-AFL: Fluorescence, WET Labs ECO-AFL/FL [mg/m^3]
# name 8 = cpar: CPAR/Corrected Irradiance [%]
# name 9 = density00: Density [density, kg/m^3]
# name 10 = potemp090C: Potential Temperature [ITS-90, deg C]
# name 11 = sigma-é00: Density [sigma-theta, kg/m^3]
# name 12 = sbeox0Mg/L: Oxygen, SBE 43 [mg/l]
# name 13 = sbox0Mm/Kg: Oxygen, SBE 43 [umol/kg]
# name 14 = oxsolMg/L: Oxygen Saturation, Garcia & Gordon [mg/l]
# name 15 = oxsolMm/Kg: Oxygen Saturation, Garcia & Gordon [umol/kg]
# name 16 = sbeox0PS: Oxygen, SBE 43 [% saturation]
# name 17 = flag:  0.000e+00
# span 0 =   39.32040,   39.32190       
# span 1 =  -72.08818,  -72.08660       
# span 2 =      2.088,    101.591       
# span 3 =      2.072,    100.794       
# span 4 =    14.3892,    23.2316       
# span 5 =    34.1329,    35.9096       
# span 6 =      7.848,      8.074       
# span 7 =    -0.0927,     0.4849       
# span 8 = 5.0640e-11, 9.9999e+04       
# span 9 =  1024.0665,  1027.1412       
# span 10 =    14.3742,    23.2306      
# span 11 =    24.0374,    26.6933      
# span 12 =     4.8780,     6.7656      
# span 13 =    148.485,    206.270      
# span 14 =    6.96926,    8.22708      
# span 15 =  212.67168,  250.59505      
# span 16 =     60.468,     94.726      
# span 17 = 0.0000e+00, 0.0000e+00      
# interval = seconds: 0.0416667
# start_time = Oct 04 2023 03:26:23 [System UTC, first data scan.]
# bad_flag = -9.990e-29
*END*
[from data line 10935]
   39.32106  -72.08754     58.918     58.461    14.8805    35.2983      7.858     0.0819 -9.990e-29  1026.4896    14.8716    26.2301     5.4496    165.952    8.14275  247.96273     66.926 0.0000e+00
   39.32106  -72.08754     58.887     58.431    14.8806    35.2978      7.853     0.0819 -9.990e-29  1026.4889    14.8717    26.2298     5.4547    166.106    8.14290  247.96747     66.987 0.0000e+00
   39.32106  -72.08754     58.847     58.392    14.8802    35.2976      7.858     0.0819 -9.990e-29  1026.4888    14.8714    26.2296     5.4553    166.124    8.14305  247.97163     66.993 0.0000e+00
   39.32106  -72.08754     58.815     58.360    14.8802    35.2974      7.853     0.0819 -9.990e-29  1026.4884    14.8713    26.2296     5.4552    166.120    8.14298  247.96912     66.992 0.0000e+00
   39.32106  -72.08754     58.764     58.309    14.8799    35.2974      7.853     0.0819 -9.990e-29  1026.4884    14.8711    26.2296     5.4550    166.115    8.14285  247.96533     66.991 0.0000e+00
   39.32106  -72.08754     58.724     58.270    14.8802    35.2974      7.858     0.0819 -9.990e-29  1026.4880    14.8713    26.2296     5.4498    165.957    8.14268  247.96011     66.929 0.0000e+00
   39.32106  -72.08754     58.683     58.228    14.8801    35.2974      7.858     0.0819 -9.990e-29  1026.4881    14.8713    26.2298     5.4546    166.102    8.14250  247.95422     66.989 0.0000e+00
   39.32106  -72.08754     58.643     58.189    14.8800    35.2974      7.853     0.0819 -9.990e-29  1026.4881    14.8712    26.2298     5.4542    166.091    8.14218  247.94410     66.987 0.0000e+00
   39.32106  -72.08754     58.590     58.137    14.8799    35.2973      7.858     0.0819 -9.990e-29  1026.4876    14.8711    26.2295     5.4539    166.080    8.14184  247.93338     66.986 0.0000e+00
   39.32106  -72.08754     58.560     58.106    14.8803    35.2969      7.858     0.0819 -9.990e-29  1026.4869    14.8715    26.2292     5.4535    166.070    8.14158  247.92552     66.984 0.0000e+00
   39.32106  -72.08754     58.509     58.056    14.8802    35.2967      7.853     0.0819 -9.990e-29  1026.4864    14.8715    26.2290     5.4533    166.061    8.14141  247.92037     66.982 0.0000e+00
   39.32106  -72.08754     58.468     58.016    14.8802    35.2966      7.858     0.0819 -9.990e-29  1026.4864    14.8714    26.2290     5.4530    166.052    8.14128  247.91659     66.979 0.0000e+00
   39.32106  -72.08754     58.416     57.964    14.8802    35.2966      7.858     0.0819 -9.990e-29  1026.4863    14.8715    26.2291     5.4527    166.044    8.14117  247.91330     66.977 0.0000e+00
   39.32106  -72.08754     58.397     57.945    14.8804    35.2966      7.858     0.0819 -9.990e-29  1026.4860    14.8716    26.2290     5.4530    166.054    8.14118  247.91362     66.980 0.0000e+00
   39.32106  -72.08754     58.345     57.894    14.8800    35.2963      7.858     0.0819 -9.990e-29  1026.4857    14.8712    26.2288     5.4528    166.047    8.14118  247.91379     66.978 0.0000e+00
   39.32106  -72.08754     58.304     57.853    14.8802    35.2961      7.858     0.0819 -9.990e-29  1026.4852    14.8715    26.2286     5.4530    166.055    8.14117  247.91334     66.981 0.0000e+00
   39.32106  -72.08754     58.272     57.821    14.8800    35.2960      7.858     0.0819 -9.990e-29  1026.4850    14.8712    26.2285     5.4528    166.048    8.14119  247.91407     66.978 0.0000e+00
   39.32106  -72.08754     58.213     57.762    14.8801    35.2960      7.858     0.0551 -9.990e-29  1026.4847    14.8713    26.2285     5.4531    166.057    8.14123  247.91558     66.981 0.0000e+00
   39.32106  -72.08754     58.182     57.732    14.8798    35.2960      7.858     0.0551 -9.990e-29  1026.4848    14.8711    26.2286     5.4529    166.052    8.14139  247.92095     66.978 0.0000e+00
   39.32106  -72.08754     58.141     57.691    14.8801    35.2962      7.858     0.0551 -9.990e-29  1026.4846    14.8713    26.2287     5.4527    166.046    8.14155  247.92616     66.974 0.0000e+00
   39.32106  -72.08754     58.088     57.639    14.8798    35.2962      7.858     0.0551 -9.990e-29  1026.4847    14.8711    26.2289     5.4525    166.040    8.14174  247.93208     66.970 0.0000e+00
   39.32106  -72.08754     58.059     57.610    14.8799    35.2962      7.858     0.0551 -9.990e-29  1026.4846    14.8712    26.2288     5.4529    166.051    8.14193  247.93762     66.973 0.0000e+00
   39.32106  -72.08754     58.029     57.580    14.8800    35.2959      7.853     0.0551 -9.990e-29  1026.4839    14.8713    26.2285     5.4526    166.041    8.14201  247.93958     66.968 0.0000e+00
   39.32106  -72.08754     57.978     57.529    14.8797    35.2952      7.858     0.0551 -9.990e-29  1026.4833    14.8710    26.2280     5.4522    166.030    8.14201  247.93921     66.964 0.0000e+00
   39.32106  -72.08754     57.935     57.487    14.8796    35.2951      7.853     0.0551 -9.990e-29  1026.4822    14.8709    26.2275     5.4568    166.170    8.14206  247.94063     67.020 0.0000e+00
   39.32106  -72.08754     57.916     57.467    14.8790    35.2951      7.858     0.0551 -9.990e-29  1026.4824    14.8703    26.2276     5.4520    166.023    8.14211  247.94219     66.960 0.0000e+00
   39.32106  -72.08754     57.865     57.417    14.8786    35.2951      7.858     0.0551 -9.990e-29  1026.4829    14.8699    26.2281     5.4515    166.009    8.14212  247.94256     66.955 0.0000e+00
   39.32106  -72.08754     57.833     57.385    14.8781    35.2951      7.853     0.0551 -9.990e-29  1026.4835    14.8694    26.2284     5.4516    166.011    8.14214  247.94337     66.955 0.0000e+00
   39.32106  -72.08754     57.783     57.336    14.8786    35.2951      7.858     0.0551 -9.990e-29  1026.4826    14.8699    26.2282     5.4518    166.017    8.14229  247.94825     66.956 0.0000e+00
   39.32106  -72.08754     57.762     57.315    14.8783    35.2947      7.858     0.0551 -9.990e-29  1026.4821    14.8696    26.2279     5.4564    166.157    8.14242  247.95262     67.012 0.0000e+00
   39.32106  -72.08754     57.720     57.273    14.8779    35.2943      7.853     0.0551 -9.990e-29  1026.4818    14.8692    26.2277     5.4564    166.159    8.14251  247.95533     67.012 0.0000e+00
   39.32106  -72.08754     57.690     57.244    14.8781    35.2941      7.858     0.0551 -9.990e-29  1026.4814    14.8695    26.2274     5.4520    166.026    8.14262  247.95897     66.957 0.0000e+00
   39.32106  -72.08754     57.650     57.204    14.8781    35.2936      7.858     0.0551 -9.990e-29  1026.4811    14.8694    26.2271     5.4565    166.161    8.14270  247.96119     67.011 0.0000e+00
   39.32106  -72.08754     57.628     57.182    14.8775    35.2931      7.858     0.0551 -9.990e-29  1026.4802    14.8688    26.2269     5.4570    166.177    8.14278  247.96350     67.017 0.0000e+00
   39.32106  -72.08754     57.579     57.133    14.8767    35.2929      7.858     0.0551 -9.990e-29  1026.4804    14.8680    26.2269     5.4570    166.176    8.14287  247.96618     67.016 0.0000e+00
   39.32106  -72.08754     57.558     57.112    14.8762    35.2925      7.853     0.0551 -9.990e-29  1026.4808    14.8676    26.2266     5.4525    166.038    8.14294  247.96838     66.959 0.0000e+00
   39.32106  -72.08754     57.515     57.070    14.8764    35.2912      7.853     0.0685 -9.990e-29  1026.4789    14.8677    26.2256     5.4574    166.188    8.14302  247.97090     67.019 0.0000e+00
   39.32106  -72.08754     57.497     57.052    14.8753    35.2894      7.858     0.0551 -9.990e-29  1026.4773    14.8667    26.2245     5.4529    166.050    8.14314  247.97453     66.963 0.0000e+00
   39.32106  -72.08754     57.456     57.011    14.8735    35.2888      7.858     0.0551 -9.990e-29  1026.4763    14.8649    26.2238     5.4577    166.199    8.14322  247.97724     67.022 0.0000e+00
   39.32106  -72.08754     57.433     56.989    14.8721    35.2888      7.858     0.0551 -9.990e-29  1026.4764    14.8635    26.2240     5.4582    166.214    8.14339  247.98248     67.026 0.0000e+00
   39.32106  -72.08754     57.404     56.960    14.8710    35.2888      7.853     0.0551 -9.990e-29  1026.4778    14.8623    26.2248     5.4587    166.228    8.14355  247.98772     67.031 0.0000e+00
   39.32106  -72.08754     57.374     56.930    14.8709    35.2888      7.858     0.0819 -9.990e-29  1026.4786    14.8623    26.2255     5.4591    166.240    8.14369  247.99211     67.034 0.0000e+00
   39.32106  -72.08754     57.341     56.897    14.8715    35.2888      7.858     0.0819 -9.990e-29  1026.4782    14.8629    26.2253     5.4595    166.254    8.14390  247.99855     67.038 0.0000e+00
   39.32106  -72.08754     57.333     56.889    14.8714    35.2882      7.853     0.0819 -9.990e-29  1026.4770    14.8628    26.2244     5.4649    166.417    8.14406  248.00319     67.103 0.0000e+00
   39.32106  -72.08754     57.290     56.846    14.8708    35.2863      7.858     0.0819 -9.990e-29  1026.4753    14.8622    26.2231     5.4607    166.290    8.14413  248.00517     67.051 0.0000e+00
   39.32106  -72.08754     57.272     56.829    14.8699    35.2842      7.858     0.0819 -9.990e-29  1026.4737    14.8613    26.2217     5.4609    166.297    8.14416  248.00621     67.054 0.0000e+00
   39.32106  -72.08754     57.241     56.798    14.8684    35.2826      7.858     0.0819 -9.990e-29  1026.4722    14.8598    26.2207     5.4612    166.304    8.14424  248.00838     67.056 0.0000e+00
   39.32106  -72.08754     57.219     56.777    14.8667    35.2818      7.858     0.0819 -9.990e-29  1026.4722    14.8581    26.2204     5.4619    166.326    8.14426  248.00871     67.065 0.0000e+00
   39.32106  -72.08754     57.190     56.748    14.8657    35.2818      7.858     0.0819 -9.990e-29  1026.4723    14.8571    26.2205     5.4621    166.331    8.14425  248.00855     67.067 0.0000e+00
   39.32106  -72.08754     57.160     56.718    14.8648    35.2818      7.858     0.0819 -9.990e-29  1026.4721    14.8562    26.2209     5.4618    166.321    8.14439  248.01322     67.062 0.0000e+00
   39.32106  -72.08754     57.136     56.694    14.8635    35.2827      7.858     0.0819 -9.990e-29  1026.4734    14.8549    26.2217     5.4619    166.327    8.14453  248.01757     67.063 0.0000e+00
   39.32106  -72.08754     57.109     56.667    14.8635    35.2836      7.854     0.0819 -9.990e-29  1026.4744    14.8549    26.2224     5.4621    166.332    8.14464  248.02094     67.064 0.0000e+00
   39.32106  -72.08754     57.096     56.655    14.8643    35.2842      7.854     0.0819 -9.990e-29  1026.4740    14.8557    26.2228     5.4622    166.334    8.14465  248.02084     67.064 0.0000e+00
   39.32106  -72.08754     57.058     56.616    14.8652    35.2852      7.854     0.0819 -9.990e-29  1026.4741    14.8566    26.2234     5.4623    166.337    8.14477  248.02481     67.065 0.0000e+00
   39.32106  -72.08754     57.037     56.596    14.8655    35.2871      7.853     0.0819 -9.990e-29  1026.4759    14.8569    26.2247     5.4619    166.326    8.14503  248.03302     67.058 0.0000e+00
   39.32106  -72.08754     57.013     56.572    14.8667    35.2892      7.858     0.0819 -9.990e-29  1026.4775    14.8581    26.2261     5.4621    166.331    8.14529  248.04154     67.058 0.0000e+00
   39.32106  -72.08754     56.995     56.554    14.8683    35.2908      7.858     0.0819 -9.990e-29  1026.4784    14.8597    26.2270     5.4621    166.332    8.14542  248.04552     67.057 0.0000e+00
   39.32106  -72.08754     56.962     56.522    14.8697    35.2915      7.853     0.0819 -9.990e-29  1026.4782    14.8612    26.2273     5.4671    166.484    8.14556  248.04990     67.117 0.0000e+00
   39.32106  -72.08754     56.944     56.504    14.8708    35.2915      7.858     0.0819 -9.990e-29  1026.4779    14.8622    26.2272     5.4626    166.349    8.14573  248.05529     67.061 0.0000e+00
   39.32106  -72.08754     56.902     56.461    14.8716    35.2915      7.858     0.0819 -9.990e-29  1026.4775    14.8630    26.2269     5.4625    166.346    8.14580  248.05727     67.059 -9.990e-29
   39.32106  -72.08754     56.904     56.464    14.8723    35.2913      7.858     0.0819 -9.990e-29  1026.4772    14.8638    26.2266     5.4674    166.494    8.14589  248.05959     67.119 -9.990e-29
   39.32106  -72.08754     56.873     56.432    14.8725    35.2909      7.858     0.0819 -9.990e-29  1026.4766    14.8639    26.2263     5.4628    166.354    8.14596  248.06149     67.061 0.0000e+00
   39.32106  -72.08754     56.850     56.411    14.8725    35.2907      7.858     0.0819 -9.990e-29  1026.4763    14.8640    26.2261     5.4627    166.349    8.14608  248.06518     67.059 0.0000e+00
   39.32106  -72.08754     56.821     56.382    14.8726    35.2904      7.853     0.0819 -9.990e-29  1026.4761    14.8641    26.2259     5.4625    166.344    8.14618  248.06846     67.056 0.0000e+00
   39.32106  -72.08754     56.790     56.350    14.8725    35.2900      7.858     0.0819 -9.990e-29  1026.4759    14.8640    26.2255     5.4622    166.337    8.14627  248.07154     67.052 0.0000e+00
   39.32106  -72.08754     56.770     56.331    14.8726    35.2886      7.858     0.0551 5.0640e-11  1026.4748    14.8641    26.2244     5.4621    166.331    8.14641  248.07598     67.049 0.0000e+00
   39.32106  -72.08754     56.738     56.299    14.8725    35.2865      7.853     0.0551 5.0640e-11  1026.4726    14.8640    26.2228     5.4618    166.325    8.14656  248.08072     67.045 0.0000e+00
   39.32106  -72.08754     56.730     56.291    14.8725    35.2848      7.858     0.0416 5.0640e-11  1026.4703    14.8640    26.2213     5.4616    166.316    8.14667  248.08427     67.040 0.0000e+00
   39.32106  -72.08754     56.700     56.261    14.8715    35.2848      7.853     0.0416 5.0640e-11  1026.4698    14.8630    26.2210     5.4612    166.305    8.14664  248.08294     67.036 0.0000e+00
   39.32106  -72.08754     56.676     56.238    14.8699    35.2848      7.858     0.0416 5.0640e-11  1026.4711    14.8614    26.2220     5.4658    166.445    8.14666  248.08314     67.092 0.0000e+00
   39.32106  -72.08754     56.649     56.210    14.8686    35.2864      7.858     0.0416 5.0640e-11  1026.4733    14.8601    26.2235     5.4609    166.296    8.14663  248.08215     67.033 0.0000e+00
   39.32106  -72.08754     56.625     56.187    14.8682    35.2877      7.858     0.0416 5.0640e-11  1026.4743    14.8597    26.2247     5.4655    166.435    8.14668  248.08354     67.088 0.0000e+00
   39.32106  -72.08754     56.598     56.160    14.8677    35.2877      7.853     0.0416 5.0640e-11  1026.4746    14.8592    26.2252     5.4605    166.283    8.14663  248.08193     67.027 0.0000e+00
   39.32106  -72.08754     56.564     56.127    14.8674    35.2877      7.858     0.0416 5.0640e-11  1026.4747    14.8589    26.2252     5.4605    166.284    8.14663  248.08190     67.028 0.0000e+00
   39.32106  -72.08754     56.556     56.119    14.8676    35.2875      7.853     0.0416 5.0640e-11  1026.4740    14.8591    26.2246     5.4600    166.268    8.14659  248.08052     67.022 0.0000e+00
   39.32106  -72.08754     56.513     56.076    14.8680    35.2861      7.858     0.0416 5.0640e-11  1026.4723    14.8595    26.2235     5.4644    166.403    8.14661  248.08137     67.076 0.0000e+00
   39.32106  -72.08754     56.495     56.058    14.8676    35.2846      7.858     0.0416 5.0640e-11  1026.4711    14.8591    26.2224     5.4594    166.249    8.14657  248.08003     67.014 0.0000e+00
   39.32106  -72.08754     56.481     56.045    14.8674    35.2832      7.853     0.0416 5.0640e-11  1026.4696    14.8589    26.2214     5.4587    166.229    8.14648  248.07690     67.007 0.0000e+00
   39.32106  -72.08754     56.444     56.008    14.8669    35.2824      7.853     0.0416 5.0640e-11  1026.4694    14.8584    26.2209     5.4585    166.224    8.14635  248.07297     67.006 0.0000e+00
   39.32106  -72.08754     56.414     55.977    14.8663    35.2821      7.853     0.0416 5.0640e-11  1026.4689    14.8579    26.2208     5.4584    166.221    8.14631  248.07179     67.005 0.0000e+00
