CalculateIndicators/WaterTemperature/Data/CTD_NYOS/20230518_C23B.cnv
* Sea-Bird SBE 9 Data File:
* FileName = C:\Seabird 9 CTD\Data\2023\202305_offshore\20230518_C25B.hex
* Software Version Seasave V 7.23.2
* Temperature SN = 4590
* Conductivity SN = 3228
* Number of Bytes Per Scan = 44
* Number of Voltage Words = 5
* Number of Scans Averaged by the Deck Unit = 1
* NMEA Latitude = 39 44.13 N
* NMEA Longitude = 071 24.97 W
* NMEA UTC (Time) = May 18 2023  05:17:01
* NMEA baud rate = 4800
** Ship: Seawolf
** Station: 11.7
** Operator: TDK
# nquan = 18
# nvalues = 606                         
# units = specified
# name 0 = latitude: Latitude [deg]
# name 1 = longitude: Longitude [deg]
# name 2 = prDM: Pressure, Digiquartz [db]
# name 3 = depSM: Depth [salt water, m]
# name 4 = t090C: Temperature [ITS-90, deg C]
# name 5 = sal00: Salinity, Practical [PSU]
# name 6 = ph: pH
# name 7 = flECO-AFL: Fluorescence, WET Labs ECO-AFL/FL [mg/m^3]
# name 8 = cpar: CPAR/Corrected Irradiance [%]
# name 9 = density00: Density [density, kg/m^3]
# name 10 = potemp090C: Potential Temperature [ITS-90, deg C]
# name 11 = sigma-100: Density [sigma-1, kg/m^3 ]
# name 12 = sbeox0Mg/L: Oxygen, SBE 43 [mg/l]
# name 13 = sbox0Mm/Kg: Oxygen, SBE 43 [umol/kg]
# name 14 = oxsolMg/L: Oxygen Saturation, Garcia & Gordon [mg/l]
# name 15 = oxsolMm/Kg: Oxygen Saturation, Garcia & Gordon [umol/kg]
# name 16 = sbeox0PS: Oxygen, SBE 43 [% saturation]
# name 17 = flag: flag
# span 0 =   39.73402,   39.73550       
# span 1 =  -71.42145,  -71.41628       
# span 2 =      2.000,    305.000       
# span 3 =      1.985,    302.447       
# span 4 =     9.9657,    14.3476       
# span 5 =    33.4819,    35.8615       
# span 6 =      7.855,      8.154       
# span 7 =    -0.0951,     0.8958       
# span 8 = -4.481e+04, 1.0770e+05       
# span 9 =  1025.1323,  1028.5851       
# span 10 =     9.9300,    14.3462      
# span 11 =    29.4847,    31.7947      
# span 12 =     3.2753,     8.8271      
# span 13 =     99.634,    269.075      
# span 14 =    8.28661,    9.01348      
# span 15 =  252.21480,  274.21897      
# span 16 =     36.751,    103.898      
# span 17 = 0.0000e+00, 0.0000e+00      
# interval = decibars: 1                
# start_time = May 18 2023 05:17:03 [System UTC, first data scan.]
# bad_flag = -9.990e-29
*END*
[from data line 161]
   39.73530  -71.41730    164.000    162.683    13.7819    35.6174      7.977    -0.0762 5.0640e-11  1027.4395    13.7584    31.0901     5.4226    165.051    8.30797  252.87295     65.271 0.0000e+00
   39.73532  -71.41728    165.000    163.674    13.7517    35.6199      7.974    -0.0907 5.0640e-11  1027.4524    13.7280    31.0990     5.3651    163.307    8.31811  253.19340     64.499 0.0000e+00
   39.73531  -71.41730    166.000    164.666    13.7453    35.6098      7.973    -0.0660 5.0640e-11  1027.4503    13.7215    31.0927     5.3285    162.197    8.32210  253.31942     64.029 0.0000e+00
   39.73528  -71.41736    167.000    165.657    13.7349    35.5632      7.969    -0.0763 5.0640e-11  1027.4210    13.7109    31.0594     5.3083    161.583    8.32568  253.43137     63.758 0.0000e+00
   39.73532  -71.41730    168.000    166.649    13.7156    35.5151      7.965    -0.0786 5.0640e-11  1027.3923    13.6916    31.0269     5.3039    161.449    8.32876  253.52428     63.682 0.0000e+00
   39.73531  -71.41732    169.000    167.641    13.6742    35.4854      7.962    -0.0752 5.0640e-11  1027.3826    13.6501    31.0136     5.1625    157.143    8.33474  253.70274     61.940 0.0000e+00
   39.73530  -71.41731    170.000    168.632    13.6380    35.4982      7.960    -0.0711 5.0640e-11  1027.4045    13.6138    31.0316     5.0173    152.718    8.33843  253.80951     60.170 0.0000e+00
   39.73528  -71.41737    171.000    169.624    13.6132    35.5168      7.961    -0.0739 5.0640e-11  1027.4286    13.5889    31.0516     4.9448    150.510    8.34065  253.87540     59.285 0.0000e+00
   39.73529  -71.41734    172.000    170.615    13.6028    35.5248      7.961    -0.0890 5.0640e-11  1027.4414    13.5784    31.0601     4.9168    149.659    8.34181  253.91025     58.942 0.0000e+00
   39.73526  -71.41738    173.000    171.607    13.5953    35.5224      7.961    -0.0727 5.0640e-11  1027.4456    13.5707    31.0599     4.8268    146.919    8.34420  253.97960     57.847 0.0000e+00
   39.73528  -71.41734    174.000    172.598    13.5780    35.5319 -9.990e-29    -0.0775 5.0640e-11  1027.4610    13.5533    31.0712     4.8822    148.598    8.35008  254.14679     58.469 0.0000e+00
   39.73527  -71.41737    175.000    173.590    13.5355    35.5719      7.961    -0.0636 5.0640e-11  1027.5053    13.5106    31.1115     4.8223    146.764    8.35732  254.34914     57.702 0.0000e+00
   39.73528  -71.41737    176.000    174.581    13.4483    35.6715      7.958    -0.0620 5.0640e-11  1027.6050    13.4234    31.2076     4.4908    136.672    8.35969  254.41524     53.720 0.0000e+00
   39.73528  -71.41736    177.000    175.573    13.4414    35.6804      7.957    -0.0693 5.0640e-11  1027.6177    13.4164    31.2160     4.2694    129.933    8.36079  254.44630     51.065 0.0000e+00
   39.73528  -71.41737    178.000    176.564    13.4265    35.6952      7.956    -0.0614 5.0640e-11  1027.6368    13.4013    31.2308     4.0800    124.165    8.36311  254.51504     48.785 0.0000e+00
   39.73526  -71.41741    179.000    177.556    13.4173    35.7004      7.956    -0.0681 5.0640e-11  1027.6472    13.3920    31.2370     4.0303    122.655    8.36476  254.56391     48.183 0.0000e+00
   39.73527  -71.41739    180.000    178.547    13.4064    35.7030      7.957    -0.0576 5.0640e-11  1027.6560    13.3809    31.2414     3.9996    121.719    8.36649  254.61545     47.805 0.0000e+00
   39.73527  -71.41740    181.000    179.539    13.3914    35.7078      7.956    -0.0592 5.0640e-11  1027.6672    13.3659    31.2485     3.9788    121.084    8.36914  254.69439     47.541 0.0000e+00
   39.73525  -71.41741    182.000    180.530    13.3629    35.7156      7.952    -0.0668 5.0640e-11  1027.6836    13.3373    31.2609     4.0117    122.086    8.37448  254.85357     47.904 0.0000e+00
   39.73527  -71.41740    183.000    181.522    13.3513    35.7169      7.947    -0.0558 5.0640e-11  1027.6915    13.3255    31.2645     4.0308    122.664    8.37643  254.91155     48.120 0.0000e+00
   39.73525  -71.41743    184.000    182.513    13.3337    35.7224      7.943    -0.0603 5.0640e-11  1027.7039    13.3078    31.2727     4.0318    122.696    8.37920  254.99320     48.117 0.0000e+00
   39.73527  -71.41742    185.000    183.505    13.3149    35.7288      7.940    -0.0520 5.0640e-11  1027.7172    13.2889    31.2819     4.0359    122.819    8.38190  255.07317     48.150 0.0000e+00
   39.73526  -71.41743    186.000    184.496    13.3035    35.7347      7.938    -0.0622 5.0640e-11  1027.7286    13.2774    31.2890     4.0235    122.440    8.38400  255.13715     47.990 0.0000e+00
   39.73525  -71.41743    187.000    185.488    13.2759    35.7356      7.938    -0.0661 5.0640e-11  1027.7395    13.2496    31.2959     4.0430    123.034    8.38931  255.29842     48.192 0.0000e+00
   39.73526  -71.41742    188.000    186.479    13.2430    35.7280      7.935    -0.0555 5.0640e-11  1027.7449    13.2167    31.2975     4.1172    125.292    8.39540  255.48299     49.041 0.0000e+00
   39.73526  -71.41743    189.000    187.471    13.2242    35.7264      7.934    -0.0710 5.0640e-11  1027.7520    13.1978    31.3005     4.1733    126.999    8.39952  255.60661     49.685 0.0000e+00
   39.73524  -71.41748    190.000    188.462    13.2038    35.7266      7.932    -0.0641 5.0640e-11  1027.7608    13.1773    31.3052     4.2084    128.066    8.40430  255.75009     50.075 0.0000e+00
   39.73524  -71.41748    191.000    189.453    13.1833    35.7287      7.929    -0.0621 5.0640e-11  1027.7711    13.1566    31.3114     4.2201    128.421    8.40857  255.87748     50.189 0.0000e+00
   39.73524  -71.41747    192.000    190.445    13.1463    35.7345      7.927    -0.0607 5.0640e-11  1027.7877    13.1195    31.3242     4.2237    128.529    8.41497  256.06760     50.193 0.0000e+00
   39.73523  -71.41748    193.000    191.436    13.0778    35.7544      7.925    -0.0667 5.0640e-11  1027.8217    13.0510    31.3547     4.1942    127.623    8.42582  256.38730     49.778 0.0000e+00
   39.73523  -71.41747    194.000    192.428    13.0475    35.7723      7.921    -0.0569 5.0640e-11  1027.8463    13.0206    31.3752     4.1541    126.401    8.43056  256.52784     49.274 0.0000e+00
   39.73523  -71.41749    195.000    193.419    13.0120    35.7882      7.920    -0.0640 5.0640e-11  1027.8704    12.9849    31.3953     4.1067    124.959    8.43619  256.69596     48.680 0.0000e+00
   39.73523  -71.41748    196.000    194.411    12.9659    35.8013      7.921    -0.0720 5.0640e-11  1027.8945    12.9388    31.4157     4.0559    123.409    8.44356  256.91620     48.035 0.0000e+00
   39.73523  -71.41748    197.000    195.402    12.9100    35.8121      7.920    -0.0620 5.0640e-11  1027.9188    12.8829    31.4363     4.0152    122.169    8.45228  257.17627     47.504 0.0000e+00
   39.73524  -71.41746    198.000    196.393    12.8663    35.8217 -9.990e-29    -0.0523 5.0640e-11  1027.9395    12.8391    31.4533     4.0045    121.842    8.45847  257.36033     47.343 0.0000e+00
   39.73522  -71.41751    199.000    197.385    12.8395    35.8291 -9.990e-29    -0.0529 5.0640e-11  1027.9552    12.8121    31.4649     3.9944    121.535    8.46172  257.45581     47.206 0.0000e+00
   39.73522  -71.41752    200.000    198.376    12.8074    35.8408      7.916    -0.0608 5.0640e-11  1027.9753    12.7800    31.4810     3.9706    120.809    8.46614  257.58786     46.900 0.0000e+00
   39.73523  -71.41749    201.000    199.368    12.7719    35.8615      7.916    -0.0606 -9.990e-29  1028.0031    12.7443    31.5049     3.9444    120.019    8.47677  257.92797     46.532 0.0000e+00
   39.73522  -71.41753    202.000    200.359    12.7301    35.7561      7.917    -0.0611 9.5651e+04  1027.9343    12.7024    31.4329     4.1872    127.411    8.48720  258.25421     49.335 0.0000e+00
   39.73524  -71.41749    203.000    201.350    12.6985    35.7018      7.915    -0.0562 5.7210e+04  1027.9032    12.6708    31.3981     4.5374    138.065    8.49447  258.47332     53.416 0.0000e+00
   39.73524  -71.41748    204.000    202.342    12.6785    35.6985      7.912    -0.0633 5.2395e+04  1027.9091    12.6507    31.4000     4.5917    139.716    8.49796  258.57695     54.033 0.0000e+00
   39.73522  -71.41751    205.000    203.333    12.6581    35.7024      7.912    -0.0675 1.8772e+03  1027.9208    12.6302    31.4075     4.5472    138.362    8.50085  258.66319     53.491 0.0000e+00
   39.73520  -71.41754    206.000    204.325    12.6068    35.7208      7.911    -0.0671 5.0640e-11  1027.9498    12.5788    31.4328     4.2980    130.776    8.50620  258.81718     50.529 0.0000e+00
   39.73524  -71.41748    207.000    205.316    12.5683    35.7517      7.909    -0.0673 5.0640e-11  1027.9860    12.5402    31.4650     4.0867    124.342    8.51060  258.94310     48.019 0.0000e+00
   39.73522  -71.41751    208.000    206.307    12.5371    35.7809 -9.990e-29    -0.0634 5.0640e-11  1028.0194    12.5090    31.4943     3.9358    119.748    8.51435  259.05236     46.225 0.0000e+00
   39.73520  -71.41754    209.000    207.299    12.5253    35.7888 -9.990e-29    -0.0525 5.0640e-11  1028.0324    12.4970    31.5030     3.8821    118.114    8.51602  259.10087     45.586 0.0000e+00
   39.73522  -71.41750    210.000    208.290    12.5071    35.8009      7.908    -0.0527 5.0640e-11  1028.0498    12.4788    31.5162     3.8068    115.821    8.51860  259.17570     44.688 0.0000e+00
 -9.990e-29  -71.41752    211.000    209.281    12.4634    35.8325      7.907 -9.990e-29 5.0640e-11  1028.0876    12.4349    31.5501     3.6740    111.779    8.52496  259.36461     43.097 0.0000e+00
 -9.990e-29  -71.41752    212.000    210.273    12.4535    35.8392      7.907 -9.990e-29 5.0640e-11  1028.0992    12.4249    31.5573     3.6532    111.148    8.52856  259.47983     42.835 0.0000e+00
   39.73520  -71.41753    213.000    211.264    12.4392    35.8340      7.904    -0.0658 5.0640e-11  1028.1025    12.4104    31.5565     3.6555    111.221    8.53289  259.61720     42.840 0.0000e+00
   39.73521  -71.41756    214.000    212.255    12.4076    35.7656 -9.990e-29    -0.0699 5.0640e-11  1028.0603    12.3788    31.5107     3.7838    115.131    8.54280  259.93283     44.293 0.0000e+00
   39.73521  -71.41754    215.000    213.247    12.3888    35.7182 -9.990e-29    -0.0728 5.0640e-11  1028.0318    12.3599    31.4783     3.9686    120.755    8.54642  260.04449     46.436 0.0000e+00
   39.73520  -71.41757    216.000    214.238    12.3739    35.6787      7.904    -0.0660 5.0640e-11  1028.0086    12.3449    31.4512     4.2016    127.843    8.54967  260.14353     49.143 0.0000e+00
   39.73520  -71.41755    217.000    215.229    12.3474    35.6767      7.904    -0.0569 5.0640e-11  1028.0168    12.3183    31.4554     4.2569    129.525    8.55534  260.31521     49.757 0.0000e+00
   39.73520  -71.41754    218.000    216.221    12.3096    35.6711      7.900    -0.0443 5.0640e-11  1028.0245    12.2804    31.4592     4.1595    126.561    8.56220  260.52363     48.579 0.0000e+00
   39.73518  -71.41758    219.000    217.212    12.2961    35.6680      7.899    -0.0536 5.0640e-11  1028.0292    12.2669    31.4598     4.1329    125.752    8.56405  260.57997     48.258 0.0000e+00
   39.73518  -71.41758    220.000    218.203    12.2828    35.6647      7.899    -0.0653 5.0640e-11  1028.0338    12.2534    31.4602     4.0792    124.120    8.56584  260.63424     47.622 0.0000e+00
   39.73520  -71.41756    221.000    219.195    12.2515    35.6641      7.899    -0.0690 5.0640e-11  1028.0440    12.2220    31.4664     3.9611    120.523    8.57167  260.80566     46.212 0.0000e+00
   39.73519  -71.41757    222.000    220.186    12.2380    35.6733      7.897    -0.0794 5.0640e-11  1028.0583    12.2085    31.4764     3.9215    119.316    8.57446  260.88865     45.734 0.0000e+00
   39.73518  -71.41758    223.000    221.177    12.2251    35.6782      7.896    -0.0792 5.0640e-11  1028.0691    12.1954    31.4830     3.8720    117.811    8.57684  260.96072     45.145 0.0000e+00
   39.73518  -71.41760    224.000    222.169    12.1863    35.6779      7.895    -0.0593 5.0640e-11  1028.0810    12.1566    31.4911     3.7763    114.901    8.58326  261.15785     43.997 0.0000e+00
   39.73519  -71.41759    225.000    223.160    12.1608    35.6649 -9.990e-29    -0.0659 5.0640e-11  1028.0805    12.1309    31.4865     3.7823    115.083    8.58702  261.27245     44.047 0.0000e+00
   39.73517  -71.41759    226.000    224.151    12.1517    35.6606 -9.990e-29    -0.0555 5.0640e-11  1028.0834    12.1217    31.4852     3.7889    115.282    8.58823  261.30886     44.117 0.0000e+00
   39.73519  -71.41759    227.000    225.142    12.1338    35.6612      7.895    -0.0567 5.0640e-11  1028.0919    12.1037    31.4895     3.7582    114.348    8.59098  261.39203     43.746 0.0000e+00
   39.73520  -71.41760    228.000    226.134    12.1201    35.6609      7.895    -0.0524 5.0640e-11  1028.0989    12.0899    31.4923     3.7427    113.876    8.59314  261.45779     43.554 0.0000e+00
   39.73518  -71.41761    229.000    227.125    12.1113    35.6585      7.895    -0.0604 5.0640e-11  1028.1032    12.0810    31.4923     3.7186    113.144    8.59469  261.50509     43.267 0.0000e+00
   39.73516  -71.41762    230.000    228.116    12.0993    35.6548 -9.990e-29    -0.0490 5.0640e-11  1028.1072    12.0689    31.4921     3.6875    112.196    8.59681  261.56989     42.894 0.0000e+00
   39.73516  -71.41762    231.000    229.107    12.0951    35.6523 -9.990e-29    -0.0557 5.0640e-11  1028.1105    12.0646    31.4910     3.6846    112.109    8.59830  261.61447     42.853 0.0000e+00
   39.73517  -71.41763    232.000    230.099    12.0813    35.6528 -9.990e-29    -0.0744 5.0640e-11  1028.1181    12.0506    31.4944     3.6682    111.609    8.60314  261.75701     42.638 0.0000e+00
   39.73517  -71.41763    233.000    231.090    12.0564    35.6647 -9.990e-29 -9.990e-29 5.0640e-11  1028.1367    12.0257    31.5089     3.6577    111.286    8.60860  261.91910     42.489 0.0000e+00
   39.73518  -71.41762    234.000    232.081    12.0253    35.6773 -9.990e-29 -9.990e-29 5.0640e-11  1028.1570    11.9945    31.5252     3.6551    111.208    8.61394  262.08051     42.433 0.0000e+00
   39.73517  -71.41763    235.000    233.072    11.9799    35.6774      7.890    -0.0464 5.0640e-11  1028.1705    11.9490    31.5349     3.6395    110.733    8.62143  262.30799     42.215 0.0000e+00
   39.73518  -71.41762    236.000    234.064    11.9595    35.6723      7.888    -0.0643 5.0640e-11  1028.1750    11.9285    31.5354     3.6377    110.677    8.62567  262.43504     42.173 0.0000e+00
   39.73517  -71.41764    237.000    235.055    11.9368    35.6718      7.886    -0.0657 5.0640e-11  1028.1835    11.9057    31.5398     3.6258    110.313    8.63102  262.59467     42.009 0.0000e+00
   39.73517  -71.41765    238.000    236.046    11.8869    35.6826      7.886    -0.0753 5.0640e-11  1028.2062    11.8558    31.5587     3.6075    109.753    8.64079  262.88719     41.749 0.0000e+00
   39.73518  -71.41764    239.000    237.037    11.8585    35.6877      7.884    -0.0561 5.0640e-11  1028.2201    11.8273    31.5686     3.6053    109.686    8.64551  263.02882     41.701 0.0000e+00
   39.73516  -71.41766    240.000    238.029    11.8072    35.6932      7.883    -0.0648 5.0640e-11  1028.2389    11.7759    31.5838     3.5823    108.986    8.65305  263.25746     41.399 0.0000e+00
   39.73517  -71.41765    241.000    239.020    11.7671    35.6906 -9.990e-29    -0.0539 5.0640e-11  1028.2492    11.7357    31.5902     3.5613    108.349    8.65889  263.43561     41.129 0.0000e+00
   39.73518  -71.41764    242.000    240.011    11.7533    35.6851 -9.990e-29    -0.0525 5.0640e-11  1028.2521    11.7219    31.5889     3.5544    108.140    8.66123  263.50717     41.039 0.0000e+00
   39.73518  -71.41764    243.000    241.002    11.7346    35.6782      7.882    -0.0704 5.0640e-11  1028.2548    11.7031    31.5875     3.5332    107.492    8.66459  263.60925     40.777 0.0000e+00
