CalculateIndicators/WaterTemperature/Data/CTD_NYOS/20230515_C08.cnv
* Sea-Bird SBE 9 Data File:
* FileName = C:\Seabird 9 CTD\Data\2023\202305_offshore\20230515_C08.hex
* Software Version Seasave V 7.23.2
* Temperature SN = 4590
* Conductivity SN = 3228
* Number of Bytes Per Scan = 44
* Number of Voltage Words = 5
* Number of Scans Averaged by the Deck Unit = 1
* NMEA Latitude = 39 07.16 N
* NMEA Longitude = 072 23.96 W
* NMEA UTC (Time) = May 16 2023  02:03:04
* NMEA baud rate = 4800
** Ship: seawolf
** Station: 8.7
** Operator: TDK
# nquan = 18
# nvalues = 18898                       
# units = specified
# name 0 = latitude: Latitude [deg]
# name 1 = longitude: Longitude [deg]
# name 2 = prDM: Pressure, Digiquartz [db]
# name 3 = depSM: Depth [salt water, m]
# name 4 = t090C: Temperature [ITS-90, deg C]
# name 5 = sal00: Salinity, Practical [PSU]
# name 6 = ph: pH
# name 7 = flECO-AFL: Fluorescence, WET Labs ECO-AFL/FL [mg/m^3]
# name 8 = cpar: CPAR/Corrected Irradiance [%]
# name 9 = density00: Density [density, kg/m^3]
# name 10 = potemp090C: Potential Temperature [ITS-90, deg C]
# name 11 = sigma-é00: Density [sigma-theta, kg/m^3]
# name 12 = sbeox0Mg/L: Oxygen, SBE 43 [mg/l]
# name 13 = sbox0Mm/Kg: Oxygen, SBE 43 [umol/kg]
# name 14 = oxsolMg/L: Oxygen Saturation, Garcia & Gordon [mg/l]
# name 15 = oxsolMm/Kg: Oxygen Saturation, Garcia & Gordon [umol/kg]
# name 16 = sbeox0PS: Oxygen, SBE 43 [% saturation]
# name 17 = flag:  0.000e+00
# span 0 =   39.11946,   39.12106       
# span 1 =  -72.39946,  -72.39282       
# span 2 =      2.119,    102.790       
# span 3 =      2.103,    101.985       
# span 4 =     9.5594,    14.7550       
# span 5 =    33.3963,    35.6406       
# span 6 =      7.991,      8.096       
# span 7 =    -0.0927,     1.2101       
# span 8 = 5.0640e-11, 9.9999e+04       
# span 9 =  1025.1736,  1026.9772       
# span 10 =     9.5553,    14.7396      
# span 11 =    25.1528,    26.5325      
# span 12 =     6.9400,     9.5623      
# span 13 =    211.273,    291.316      
# span 14 =    8.14271,    9.20122      
# span 15 =  247.88862,  280.30153      
# span 16 =     84.358,    109.446      
# span 17 = 0.0000e+00, 0.0000e+00      
# interval = seconds: 0.0416667
# start_time = May 16 2023 02:03:03 [System UTC, first data scan.]
# bad_flag = -9.990e-29
*END*
[from data line 6674]
   39.12004  -72.39708    101.893    101.096    14.7481    35.6399 -9.990e-29    -0.0792 5.0640e-11  1026.9726    14.7329    26.5242     6.9731    212.281    8.14434  247.93809     85.619 -9.990e-29
   39.12004  -72.39708    101.872    101.075    14.7487    35.6399 -9.990e-29    -0.0792 5.0640e-11  1026.9724    14.7334    26.5241     6.9733    212.287    8.14435  247.93838     85.621 -9.990e-29
   39.12004  -72.39708    101.829    101.032    14.7488    35.6399 -9.990e-29    -0.0792 5.0640e-11  1026.9721    14.7335    26.5240     6.9734    212.291    8.14438  247.93908     85.622 -9.990e-29
   39.12004  -72.39708    101.789    100.992    14.7493    35.6398 -9.990e-29    -0.0792 5.0640e-11  1026.9719    14.7341    26.5239     6.9735    212.295    8.14439  247.93953     85.624 -9.990e-29
   39.12004  -72.39708    101.749    100.952    14.7497    35.6395 -9.990e-29    -0.0792 5.0640e-11  1026.9713    14.7344    26.5236     6.9736    212.298    8.14437  247.93869     85.625 -9.990e-29
   39.12004  -72.39708    101.718    100.922    14.7498    35.6392 -9.990e-29    -0.0792 5.0640e-11  1026.9710    14.7346    26.5234     6.9737    212.301    8.14436  247.93859     85.626 -9.990e-29
   39.12004  -72.39708    101.666    100.870    14.7498    35.6388 -9.990e-29    -0.0792 5.0640e-11  1026.9704    14.7346    26.5230     6.9733    212.287    8.14434  247.93784     85.621 -9.990e-29
   39.12004  -72.39708    101.634    100.838    14.7500    35.6386 -9.990e-29    -0.0792 5.0640e-11  1026.9699    14.7348    26.5228     6.9734    212.291    8.14436  247.93864     85.622 -9.990e-29
   39.12004  -72.39708    101.574    100.779    14.7497    35.6386 -9.990e-29    -0.0792 5.0640e-11  1026.9696    14.7344    26.5227     6.9735    212.295    8.14441  247.94019     85.623 -9.990e-29
   39.12004  -72.39708    101.563    100.768    14.7498    35.6386 -9.990e-29    -0.0792 5.0640e-11  1026.9697    14.7346    26.5229     6.9737    212.300    8.14449  247.94263     85.625 -9.990e-29
   39.12004  -72.39708    101.521    100.727    14.7495    35.6389 -9.990e-29    -0.0792 5.0640e-11  1026.9699    14.7343    26.5231     6.9738    212.305    8.14454  247.94443     85.626 -9.990e-29
   39.12004  -72.39708    101.500    100.706    14.7493    35.6390 -9.990e-29    -0.0658 5.0640e-11  1026.9700    14.7341    26.5232     6.9734    212.291    8.14458  247.94556     85.620 -9.990e-29
   39.12004  -72.39708    101.470    100.676    14.7495    35.6390 -9.990e-29    -0.0524 5.0640e-11  1026.9697    14.7343    26.5232     6.9735    212.294    8.14463  247.94683     85.621 -9.990e-29
   39.12004  -72.39708    101.439    100.645    14.7495    35.6390 -9.990e-29    -0.0524 5.0640e-11  1026.9696    14.7343    26.5232     6.9730    212.280    8.14465  247.94770     85.615 -9.990e-29
   39.12004  -72.39708    101.418    100.625    14.7495    35.6392 -9.990e-29    -0.0524 5.0640e-11  1026.9695    14.7343    26.5234     6.9731    212.283    8.14472  247.94963     85.615 -9.990e-29
   39.12004  -72.39708    101.396    100.603    14.7495    35.6395 -9.990e-29    -0.0389 5.0640e-11  1026.9699    14.7343    26.5236     6.9732    212.284    8.14473  247.94995     85.616 -9.990e-29
   39.12004  -72.39708    101.388    100.594    14.7497    35.6398 -9.990e-29    -0.0524 5.0640e-11  1026.9702    14.7345    26.5238     6.9732    212.287    8.14476  247.95088     85.616 -9.990e-29
   39.12002  -72.39710    101.367    100.574    14.7500    35.6399 -9.990e-29    -0.0524 5.0640e-11  1026.9697    14.7348    26.5238     6.9728    212.272    8.14484  247.95320     85.610 -9.990e-29
   39.12002  -72.39710    101.357    100.564    14.7500    35.6400 -9.990e-29    -0.0524 5.0640e-11  1026.9700    14.7348    26.5239     6.9778    212.426    8.14486  247.95378     85.672 -9.990e-29
   39.12002  -72.39710    101.355    100.561    14.7503    35.6400 -9.990e-29    -0.0524 5.0640e-11  1026.9700    14.7351    26.5239     6.9728    212.272    8.14486  247.95391     85.610 -9.990e-29
   39.12002  -72.39710    101.346    100.553    14.7505    35.6400 -9.990e-29    -0.0524 5.0640e-11  1026.9697    14.7353    26.5238     6.9721    212.251    8.14476  247.95062     85.602 -9.990e-29
   39.12002  -72.39710    101.346    100.553    14.7505    35.6400 -9.990e-29    -0.0524 5.0640e-11  1026.9696    14.7353    26.5237     6.9719    212.247    8.14467  247.94776     85.601 -9.990e-29
   39.12002  -72.39710    101.346    100.553    14.7505    35.6400 -9.990e-29    -0.0524 5.0640e-11  1026.9698    14.7353    26.5237     6.9668    212.091    8.14462  247.94641     85.539 -9.990e-29
   39.12002  -72.39710    101.355    100.561    14.7507    35.6398 -9.990e-29    -0.0524 5.0640e-11  1026.9695    14.7355    26.5236     6.9712    212.224    8.14458  247.94517     85.593 -9.990e-29
   39.12002  -72.39710    101.357    100.564    14.7509    35.6396 -9.990e-29    -0.0524 5.0640e-11  1026.9696    14.7356    26.5234     6.9711    212.222    8.14456  247.94450     85.593 -9.990e-29
   39.12002  -72.39710    101.377    100.583    14.7509    35.6392 -9.990e-29    -0.0524 5.0640e-11  1026.9693    14.7356    26.5231     6.9711    212.221    8.14456  247.94449     85.592 -9.990e-29
   39.12002  -72.39710    101.388    100.594    14.7507    35.6386 -9.990e-29    -0.0524 -9.990e-29  1026.9688    14.7355    26.5226     6.9711    212.221    8.14460  247.94613     85.591 -9.990e-29
   39.12002  -72.39710    101.427    100.633    14.7505    35.6386 -9.990e-29    -0.0524 -9.990e-29  1026.9683    14.7353    26.5223     6.9705    212.203    8.14465  247.94747     85.584 -9.990e-29
   39.12002  -72.39710    101.449    100.655    14.7498    35.6386 -9.990e-29    -0.0524 -9.990e-29  1026.9688    14.7346    26.5225     6.9704    212.201    8.14466  247.94788     85.583 -9.990e-29
   39.12002  -72.39710    101.491    100.696    14.7497    35.6386 -9.990e-29    -0.0524 -9.990e-29  1026.9695    14.7344    26.5228     6.9703    212.198    8.14466  247.94756     85.582 -9.990e-29
   39.12002  -72.39710    101.521    100.727    14.7495    35.6390 -9.990e-29    -0.0524 -9.990e-29  1026.9698    14.7342    26.5232     6.9702    212.195    8.14462  247.94647     85.581 -9.990e-29
   39.12002  -72.39710    101.552    100.757    14.7492    35.6393 -9.990e-29    -0.0524 -9.990e-29  1026.9707    14.7339    26.5235     6.9700    212.188    8.14450  247.94257     85.579 -9.990e-29
   39.12002  -72.39710    101.604    100.809    14.7493    35.6393 -9.990e-29    -0.0524 -9.990e-29  1026.9707    14.7341    26.5235     6.9648    212.030    8.14439  247.93933     85.517 -9.990e-29
   39.12002  -72.39710    101.635    100.839    14.7493    35.6393 -9.990e-29    -0.0524 -9.990e-29  1026.9707    14.7341    26.5235     6.9691    212.161    8.14429  247.93611     85.571 -9.990e-29
   39.12002  -72.39710    101.677    100.881    14.7493    35.6393 -9.990e-29    -0.0389 -9.990e-29  1026.9709    14.7341    26.5235     6.9690    212.156    8.14420  247.93350     85.570 -9.990e-29
   39.12002  -72.39710    101.717    100.921    14.7495    35.6392 -9.990e-29    -0.0524 -9.990e-29  1026.9710    14.7342    26.5234     6.9689    212.153    8.14414  247.93184     85.569 -9.990e-29
   39.12002  -72.39710    101.718    100.922    14.7492    35.6390 -9.990e-29    -0.0658 -9.990e-29  1026.9710    14.7339    26.5233     6.9687    212.149    8.14409  247.93013     85.568 -9.990e-29
   39.12002  -72.39710    101.779    100.983    14.7492    35.6387 -9.990e-29    -0.0658 -9.990e-29  1026.9711    14.7339    26.5231     6.9635    211.991    8.14398  247.92678     85.505 -9.990e-29
   39.12002  -72.39710    101.821    101.024    14.7490    35.6385 -9.990e-29    -0.0658 -9.990e-29  1026.9708    14.7337    26.5229     6.9679    212.125    8.14396  247.92652     85.560 -9.990e-29
   39.12002  -72.39710    101.882    101.085    14.7487    35.6384 -9.990e-29    -0.0658 -9.990e-29  1026.9712    14.7334    26.5229     6.9678    212.122    8.14392  247.92506     85.559 -9.990e-29
   39.12002  -72.39710    101.922    101.124    14.7487    35.6384 -9.990e-29    -0.0524 -9.990e-29  1026.9717    14.7334    26.5230     6.9678    212.120    8.14389  247.92414     85.558 -9.990e-29
   39.12002  -72.39708    101.965    101.167    14.7487    35.6383 -9.990e-29    -0.0658 -9.990e-29  1026.9717    14.7334    26.5229     6.9677    212.117    8.14384  247.92308     85.558 -9.990e-29
   39.12002  -72.39708    101.996    101.197    14.7485    35.6379 -9.990e-29    -0.0658 -9.990e-29  1026.9714    14.7332    26.5226     6.9676    212.115    8.14385  247.92316     85.557 -9.990e-29
   39.12002  -72.39708    102.058    101.259    14.7480    35.6374 -9.990e-29    -0.0658 -9.990e-29  1026.9714    14.7327    26.5223     6.9682    212.133    8.14390  247.92491     85.563 -9.990e-29
   39.12002  -72.39708    102.058    101.259    14.7475    35.6369 -9.990e-29    -0.0658 -9.990e-29  1026.9712    14.7322    26.5221     6.9687    212.148    8.14389  247.92434     85.570 -9.990e-29
   39.12002  -72.39708    102.118    101.319    14.7470    35.6369 -9.990e-29    -0.0658 -9.990e-29  1026.9710    14.7316    26.5219     6.9693    212.165    8.14387  247.92367     85.577 -9.990e-29
   39.12002  -72.39708    102.171    101.371    14.7463    35.6369 -9.990e-29    -0.0658 -9.990e-29  1026.9715    14.7310    26.5221     6.9693    212.166    8.14391  247.92495     85.577 -9.990e-29
   39.12002  -72.39708    102.243    101.443    14.7458    35.6372 -9.990e-29    -0.0658 -9.990e-29  1026.9725    14.7304    26.5227     6.9693    212.167    8.14392  247.92526     85.577 -9.990e-29
   39.12002  -72.39708    102.212    101.412    14.7454    35.6378 -9.990e-29    -0.0658 -9.990e-29  1026.9733    14.7301    26.5232     6.9694    212.168    8.14395  247.92626     85.577 -9.990e-29
   39.12002  -72.39708    102.305    101.504    14.7454    35.6381 -9.990e-29    -0.0658 -9.990e-29  1026.9736    14.7301    26.5234     6.9694    212.169    8.14397  247.92687     85.577 -9.990e-29
   39.12002  -72.39708    102.336    101.535    14.7451    35.6383 -9.990e-29    -0.0658 -9.990e-29  1026.9742    14.7297    26.5236     6.9694    212.169    8.14397  247.92685     85.577 -9.990e-29
   39.12002  -72.39708    102.357    101.555    14.7451    35.6385 -9.990e-29    -0.0658 -9.990e-29  1026.9741    14.7297    26.5238     6.9694    212.169    8.14396  247.92637     85.577 -9.990e-29
   39.12002  -72.39708    102.397    101.595    14.7451    35.6385 -9.990e-29    -0.0658 -9.990e-29  1026.9746    14.7297    26.5239     6.9694    212.170    8.14398  247.92713     85.578 -9.990e-29
   39.12002  -72.39708    102.408    101.606    14.7451    35.6385 -9.990e-29    -0.0658 -9.990e-29  1026.9747    14.7297    26.5239     6.9695    212.171    8.14400  247.92745     85.578 -9.990e-29
   39.12002  -72.39708    102.471    101.668    14.7454    35.6384 -9.990e-29    -0.0658 -9.990e-29  1026.9745    14.7301    26.5237     6.9745    212.324    8.14399  247.92732     85.640 -9.990e-29
   39.12002  -72.39708    102.501    101.699    14.7453    35.6382 -9.990e-29    -0.0658 -9.990e-29  1026.9747    14.7299    26.5235     6.9700    212.187    8.14395  247.92617     85.585 -9.990e-29
   39.12002  -72.39708    102.522    101.719    14.7451    35.6378 -9.990e-29    -0.0658 -9.990e-29  1026.9745    14.7297    26.5232     6.9699    212.185    8.14391  247.92484     85.585 -9.990e-29
   39.12002  -72.39708    102.553    101.750    14.7449    35.6373 -9.990e-29    -0.0658 -9.990e-29  1026.9740    14.7295    26.5229     6.9699    212.185    8.14390  247.92458     85.584 -9.990e-29
   39.12002  -72.39708    102.594    101.791    14.7446    35.6371 -9.990e-29    -0.0658 -9.990e-29  1026.9742    14.7292    26.5228     6.9699    212.184    8.14388  247.92389     85.584 -9.990e-29
   39.12002  -72.39708    102.604    101.801    14.7443    35.6371 -9.990e-29    -0.0658 -9.990e-29  1026.9745    14.7289    26.5229     6.9748    212.335    8.14383  247.92222     85.646 -9.990e-29
   39.12002  -72.39708    102.634    101.831    14.7440    35.6371 -9.990e-29    -0.0658 -9.990e-29  1026.9746    14.7286    26.5229     6.9703    212.197    8.14379  247.92098     85.591 -9.990e-29
   39.12002  -72.39708    102.655    101.851    14.7439    35.6371 -9.990e-29    -0.0792 -9.990e-29  1026.9746    14.7285    26.5230     6.9703    212.196    8.14377  247.92062     85.590 -9.990e-29
   39.12002  -72.39708    102.697    101.893    14.7434    35.6371 -9.990e-29    -0.0792 -9.990e-29  1026.9751    14.7280    26.5231     6.9702    212.194    8.14374  247.91969     85.590 -9.990e-29
   39.12002  -72.39708    102.697    101.893    14.7434    35.6372 -9.990e-29    -0.0792 -9.990e-29  1026.9750    14.7280    26.5232     6.9702    212.193    8.14371  247.91868     85.590 -9.990e-29
   39.12002  -72.39708    102.727    101.923    14.7431    35.6373 -9.990e-29    -0.0792 -9.990e-29  1026.9755    14.7277    26.5233     6.9701    212.192    8.14370  247.91843     85.589 -9.990e-29
   39.12004  -72.39704    102.727    101.923    14.7427    35.6373 -9.990e-29    -0.0792 -9.990e-29  1026.9753    14.7273    26.5233     6.9701    212.192    8.14374  247.91964     85.589 -9.990e-29
   39.12004  -72.39704    102.748    101.944    14.7426    35.6374 -9.990e-29    -0.0792 -9.990e-29  1026.9755    14.7271    26.5235     6.9751    212.344    8.14370  247.91851     85.651 0.0000e+00
   39.12004  -72.39704    102.759    101.955    14.7424    35.6378 -9.990e-29    -0.0792 -9.990e-29  1026.9759    14.7270    26.5238     6.9762    212.376    8.14371  247.91873     85.664 0.0000e+00
   39.12004  -72.39704    102.780    101.975    14.7427    35.6385 -9.990e-29    -0.0792 -9.990e-29  1026.9767    14.7273    26.5243     6.9767    212.391    8.14368  247.91812     85.670 -9.990e-29
   39.12004  -72.39704    102.780    101.975    14.7431    35.6385 -9.990e-29    -0.0792 -9.990e-29  1026.9772    14.7276    26.5245     6.9772    212.407    8.14374  247.91979     85.676 -9.990e-29
   39.12004  -72.39704    102.790    101.985    14.7436    35.6385 -9.990e-29    -0.0792 -9.990e-29  1026.9766    14.7282    26.5243     6.9727    212.269    8.14376  247.92043     85.620 0.0000e+00
   39.12004  -72.39704    102.780    101.975    14.7439    35.6385 -9.990e-29    -0.0792 -9.990e-29  1026.9763    14.7285    26.5241     6.9771    212.403    8.14377  247.92088     85.674 -9.990e-29
   39.12004  -72.39704    102.780    101.975    14.7441    35.6383 -9.990e-29    -0.0792 -9.990e-29  1026.9762    14.7287    26.5239     6.9725    212.263    8.14377  247.92077     85.617 -9.990e-29
   39.12004  -72.39704    102.769    101.964    14.7441    35.6380 -9.990e-29    -0.0792 -9.990e-29  1026.9761    14.7287    26.5237     6.9724    212.259    8.14378  247.92089     85.616 -9.990e-29
   39.12004  -72.39704    102.769    101.964    14.7441    35.6377 -9.990e-29    -0.0792 -9.990e-29  1026.9754    14.7287    26.5234     6.9773    212.408    8.14378  247.92111     85.676 -9.990e-29
   39.12004  -72.39704    102.769    101.964    14.7437    35.6377 -9.990e-29    -0.0792 -9.990e-29  1026.9756    14.7283    26.5233     6.9727    212.269    8.14381  247.92198     85.619 -9.990e-29
   39.12004  -72.39704    102.739    101.934    14.7437    35.6377 -9.990e-29    -0.0792 -9.990e-29  1026.9753    14.7283    26.5234     6.9725    212.265    8.14381  247.92188     85.618 0.0000e+00
   39.12004  -72.39704    102.727    101.923    14.7436    35.6380 -9.990e-29    -0.0792 -9.990e-29  1026.9758    14.7282    26.5237     6.9724    212.262    8.14383  247.92244     85.616 0.0000e+00
   39.12004  -72.39704    102.718    101.913    14.7436    35.6387 -9.990e-29    -0.0792 -9.990e-29  1026.9762    14.7282    26.5242     6.9723    212.256    8.14381  247.92187     85.614 0.0000e+00
