CalculateIndicators/WaterTemperature/Data/CTD_NYOS/20230517_C20.cnv
* Sea-Bird SBE 9 Data File:
* FileName = C:\Seabird 9 CTD\Data\2023\202305_offshore\20230517_C20.hex
* Software Version Seasave V 7.23.2
* Temperature SN = 4590
* Conductivity SN = 3228
* Number of Bytes Per Scan = 44
* Number of Voltage Words = 5
* Number of Scans Averaged by the Deck Unit = 1
* NMEA Latitude = 40 21.13 N
* NMEA Longitude = 072 19.05 W
* NMEA UTC (Time) = May 17 2023  12:13:08
* NMEA baud rate = 4800
** Ship: Seawolf
** Station: 10.3
** Operator: SJW
# nquan = 18
# nvalues = 11926                       
# units = specified
# name 0 = latitude: Latitude [deg]
# name 1 = longitude: Longitude [deg]
# name 2 = prDM: Pressure, Digiquartz [db]
# name 3 = depSM: Depth [salt water, m]
# name 4 = t090C: Temperature [ITS-90, deg C]
# name 5 = sal00: Salinity, Practical [PSU]
# name 6 = ph: pH
# name 7 = flECO-AFL: Fluorescence, WET Labs ECO-AFL/FL [mg/m^3]
# name 8 = cpar: CPAR/Corrected Irradiance [%]
# name 9 = density00: Density [density, kg/m^3]
# name 10 = potemp090C: Potential Temperature [ITS-90, deg C]
# name 11 = sigma-é00: Density [sigma-theta, kg/m^3]
# name 12 = sbeox0Mg/L: Oxygen, SBE 43 [mg/l]
# name 13 = sbox0Mm/Kg: Oxygen, SBE 43 [umol/kg]
# name 14 = oxsolMg/L: Oxygen Saturation, Garcia & Gordon [mg/l]
# name 15 = oxsolMm/Kg: Oxygen Saturation, Garcia & Gordon [umol/kg]
# name 16 = sbeox0PS: Oxygen, SBE 43 [% saturation]
# name 17 = flag:  0.000e+00
# span 0 =   40.34954,   40.35226       
# span 1 =  -72.31920,  -72.31760       
# span 2 =      1.229,     53.272       
# span 3 =      1.219,     52.856       
# span 4 =     6.4389,    13.2386       
# span 5 =    30.2331,    32.6943       
# span 6 =      7.865,      8.077       
# span 7 =    -0.0524,     0.7535       
# span 8 = 7.5654e-03, 9.2406e+01       
# span 9 =  1021.7795,  1025.8347       
# span 10 =     6.4346,    13.2384      
# span 11 =    22.3912,    25.5921      
# span 12 =     8.4707,     9.8347      
# span 13 =    258.136,    299.803      
# span 14 =    8.61678,    9.93069      
# span 15 =  263.06532,  302.59544      
# span 16 =     85.685,    109.485      
# span 17 = 0.0000e+00, 0.0000e+00      
# interval = seconds: 0.0416667
# start_time = May 17 2023 12:13:10 [System UTC, first data scan.]
# bad_flag = -9.990e-29
*END*
[from data line 7237]
   40.35062  -72.31848     25.451     25.254     9.3034    32.6230      8.023     0.5789 4.7787e-01  1025.3256     9.3007    25.2101     9.2718    282.622    9.29686  283.38519     99.731 -9.990e-29
   40.35062  -72.31848     25.462     25.265     9.3025    32.6230      8.023     0.5923 4.7727e-01  1025.3255     9.2998    25.2101     9.2706    282.584    9.29584  283.35389     99.728 -9.990e-29
   40.35062  -72.31848     25.472     25.274     9.3011    32.6230      8.023     0.5789 4.7727e-01  1025.3258     9.2984    25.2102     9.2693    282.547    9.29475  283.32084     99.727 -9.990e-29
   40.35062  -72.31848     25.483     25.285     9.2999    32.6230      8.023     0.5789 4.7533e-01  1025.3260     9.2972    25.2105     9.2683    282.516    9.29380  283.29219     99.726 -9.990e-29
   40.35062  -72.31848     25.477     25.280     9.2986    32.6230      8.023     0.5789 4.7474e-01  1025.3263     9.2959    25.2107     9.2615    282.307    9.29282  283.26267     99.663 -9.990e-29
   40.35062  -72.31848     25.483     25.285     9.2978    32.6234      8.023     0.5923 4.7474e-01  1025.3265     9.2951    25.2111     9.2659    282.441    9.29203  283.23854     99.719 -9.990e-29
   40.35062  -72.31848     25.493     25.295     9.2969    32.6241      8.023     0.5789 4.7474e-01  1025.3276     9.2942    25.2118     9.2653    282.425    9.29131  283.21694     99.720 -9.990e-29
   40.35062  -72.31848     25.513     25.315     9.2965    32.6248      8.023     0.5789 4.7416e-01  1025.3282     9.2938    25.2124     9.2591    282.236    9.29072  283.19906     99.660 -9.990e-29
   40.35062  -72.31848     25.502     25.304     9.2961    32.6252      8.023     0.5789 4.7357e-01  1025.3287     9.2934    25.2128     9.2641    282.388    9.29025  283.18532     99.718 -9.990e-29
   40.35062  -72.31848     25.502     25.304     9.2963    32.6256      8.023     0.5923 4.7492e-01  1025.3286     9.2936    25.2131     9.2643    282.394    9.29000  283.17822     99.723 -9.990e-29
   40.35062  -72.31848     25.519     25.321     9.2958    32.6261      8.023     0.5789 4.7434e-01  1025.3295     9.2931    25.2135     9.2646    282.405    9.28983  283.17302     99.729 -9.990e-29
   40.35062  -72.31848     25.513     25.315     9.2961    32.6261      8.023     0.5789 4.7434e-01  1025.3297     9.2934    25.2137     9.2648    282.411    9.28946  283.16187     99.735 -9.990e-29
   40.35062  -72.31848     25.523     25.325     9.2966    32.6261      8.023     0.5789 4.7375e-01  1025.3292     9.2939    25.2136     9.2651    282.421    9.28914  283.15223     99.742 -9.990e-29
   40.35062  -72.31848     25.513     25.315     9.2963    32.6261      8.023     0.5789 4.7375e-01  1025.3294     9.2936    25.2135     9.2656    282.435    9.28889  283.14465     99.749 -9.990e-29
   40.35062  -72.31848     25.523     25.325     9.2965    32.6261      8.023     0.5789 4.7375e-01  1025.3289     9.2938    25.2133     9.2662    282.452    9.28864  283.13688     99.758 -9.990e-29
   40.35062  -72.31848     25.528     25.330     9.2965    32.6261      8.023     0.5789 4.7452e-01  1025.3290     9.2938    25.2132     9.2667    282.469    9.28836  283.12844     99.767 -9.990e-29
   40.35062  -72.31848     25.523     25.325     9.2963    32.6261      8.023     0.5789 4.7587e-01  1025.3292     9.2936    25.2135     9.2674    282.490    9.28814  283.12152     99.777 -9.990e-29
   40.35062  -72.31848     25.523     25.325     9.2958    32.6261      8.023     0.5789 4.7587e-01  1025.3297     9.2930    25.2137     9.2681    282.510    9.28781  283.11170     99.788 -9.990e-29
   40.35062  -72.31848     25.513     25.315     9.2958    32.6261      8.023     0.5789 4.7528e-01  1025.3296     9.2931    25.2137     9.2681    282.512    9.28765  283.10685     99.790 -9.990e-29
   40.35062  -72.31848     25.513     25.315     9.2961    32.6261      8.023     0.5789 4.7605e-01  1025.3293     9.2934    25.2135     9.2682    282.513    9.28742  283.09980     99.793 -9.990e-29
   40.35062  -72.31848     25.519     25.321     9.2960    32.6257      8.023     0.5923 4.7605e-01  1025.3290     9.2933    25.2133     9.2682    282.513    9.28710  283.08964     99.796 -9.990e-29
   40.35062  -72.31848     25.513     25.315     9.2957    32.6255      8.023     0.5789 4.7605e-01  1025.3288     9.2930    25.2131     9.2690    282.538    9.28679  283.08055     99.808 -9.990e-29
   40.35062  -72.31848     25.493     25.295     9.2955    32.6253      8.023     0.5789 4.7741e-01  1025.3286     9.2928    25.2130     9.2701    282.573    9.28668  283.07753     99.822 -9.990e-29
   40.35062  -72.31848     25.502     25.304     9.2953    32.6252      8.023     0.5923 4.7682e-01  1025.3287     9.2926    25.2130     9.2706    282.586    9.28666  283.07671     99.827 -9.990e-29
   40.35062  -72.31848     25.493     25.295     9.2952    32.6252      8.023     0.5923 4.7818e-01  1025.3286     9.2924    25.2130     9.2710    282.600    9.28655  283.07369     99.833 -9.990e-29
   40.35062  -72.31848     25.477     25.280     9.2952    32.6252      8.023     0.5923 4.7818e-01  1025.3287     9.2924    25.2130     9.2716    282.617    9.28658  283.07496     99.838 -9.990e-29
   40.35062  -72.31848     25.483     25.285     9.2952    32.6252      8.023     0.5789 4.7895e-01  1025.3285     9.2925    25.2130     9.2666    282.465    9.28682  283.08248     99.782 -9.990e-29
   40.35062  -72.31848     25.472     25.274     9.2955    32.6251      8.023     0.5789 4.7895e-01  1025.3285     9.2928    25.2129     9.2725    282.646    9.28702  283.08859     99.844 -9.990e-29
   40.35062  -72.31848     25.462     25.265     9.2955    32.6250      8.023     0.5789 4.8032e-01  1025.3283     9.2928    25.2128     9.2733    282.671    9.28712  283.09118     99.852 -9.990e-29
   40.35062  -72.31848     25.451     25.254     9.2955    32.6250      8.023     0.5789 4.8168e-01  1025.3281     9.2928    25.2127     9.2740    282.690    9.28704  283.08851     99.859 -9.990e-29
   40.35060  -72.31848     25.436     25.239     9.2955    32.6250      8.023     0.5789 4.8168e-01  1025.3281     9.2928    25.2127     9.2747    282.711    9.28696  283.08626     99.867 -9.990e-29
   40.35060  -72.31848     25.421     25.224     9.2955    32.6250      8.023     0.5654 4.8246e-01  1025.3282     9.2928    25.2128     9.2754    282.734    9.28691  283.08442     99.876 -9.990e-29
   40.35060  -72.31848     25.411     25.214     9.2953    32.6251      8.023     0.5654 4.8384e-01  1025.3283     9.2926    25.2129     9.2754    282.735    9.28692  283.08505     99.876 -9.990e-29
   40.35060  -72.31848     25.402     25.205     9.2953    32.6252      8.023     0.5789 4.8384e-01  1025.3281     9.2926    25.2129     9.2766    282.772    9.28728  283.09642     99.885 -9.990e-29
   40.35060  -72.31848     25.391     25.194     9.2955    32.6255      8.023     0.5654 4.8521e-01  1025.3282     9.2928    25.2131     9.2779    282.810    9.28762  283.10693     99.895 -9.990e-29
   40.35060  -72.31848     25.366     25.169     9.2959    32.6260      8.023     0.5654 4.8719e-01  1025.3286     9.2932    25.2135     9.2790    282.843    9.28779  283.11199     99.905 -9.990e-29
   40.35060  -72.31848     25.351     25.154     9.2968    32.6267      8.023     0.5654 4.8719e-01  1025.3288     9.2941    25.2139     9.2794    282.855    9.28803  283.11937     99.907 -9.990e-29
   40.35060  -72.31848     25.340     25.143     9.2980    32.6274      8.023     0.5654 4.8857e-01  1025.3293     9.2953    25.2142     9.2798    282.870    9.28836  283.12962     99.908 -9.990e-29
   40.35060  -72.31848     25.309     25.113     9.2989    32.6279      8.023     0.5654 4.8996e-01  1025.3294     9.2962    25.2145     9.2803    282.883    9.28864  283.13793     99.910 -9.990e-29
   40.35060  -72.31848     25.309     25.113     9.3006    32.6283      8.023     0.5789 4.9056e-01  1025.3293     9.2979    25.2145     9.2806    282.893    9.28885  283.14425     99.911 -9.990e-29
   40.35060  -72.31848     25.294     25.098     9.3025    32.6289      8.018     0.5654 4.9196e-01  1025.3292     9.2999    25.2147     9.2811    282.909    9.28920  283.15497     99.913 -9.990e-29
   40.35060  -72.31848     25.269     25.073     9.3043    32.6300      8.023     0.5654 4.9476e-01  1025.3297     9.3016    25.2152     9.2814    282.919    9.28940  283.16108     99.914 -9.990e-29
   40.35060  -72.31848     25.258     25.062     9.3073    32.6317      8.023     0.5654 4.9537e-01  1025.3305     9.3046    25.2161     9.2819    282.934    9.28974  283.17162     99.916 -9.990e-29
   40.35060  -72.31848     25.239     25.043     9.3108    32.6338      8.023     0.5654 4.9537e-01  1025.3316     9.3081    25.2171     9.2831    282.970    9.29070  283.20182     99.918 -9.990e-29
   40.35060  -72.31848     25.223     25.027     9.3150    32.6358      8.023     0.5654 4.9819e-01  1025.3331     9.3123    25.2181     9.2844    283.011    9.29183  283.23674     99.920 -9.990e-29
   40.35060  -72.31848     25.198     25.002     9.3203    32.6369      8.023     0.5654 4.9880e-01  1025.3330     9.3176    25.2181     9.2860    283.060    9.29321  283.27916     99.923 -9.990e-29
   40.35060  -72.31848     25.177     24.982     9.3257    32.6370      8.023     0.5654 5.0022e-01  1025.3314     9.3230    25.2174     9.2935    283.287    9.29450  283.31787     99.989 -9.990e-29
   40.35060  -72.31848     25.177     24.982     9.3300    32.6370      8.022     0.5654 5.0369e-01  1025.3307     9.3273    25.2167     9.2897    283.170    9.29560  283.35097     99.936 -9.990e-29
   40.35060  -72.31848     25.152     24.957     9.3346    32.6375      8.022     0.5654 5.0512e-01  1025.3302     9.3319    25.2163     9.2910    283.209    9.29669  283.38391     99.938 -9.990e-29
   40.35060  -72.31848     25.126     24.931     9.3392    32.6381      8.022     0.5789 5.0574e-01  1025.3304     9.3365    25.2161     9.2924    283.254    9.29795  283.42224     99.940 -9.990e-29
   40.35060  -72.31848     25.116     24.922     9.3445    32.6381      8.022     0.5654 5.1007e-01  1025.3296     9.3418    25.2154     9.2939    283.298    9.29921  283.46025     99.943 -9.990e-29
   40.35060  -72.31848     25.107     24.912     9.3494    32.6381      8.022     0.5654 5.1215e-01  1025.3281     9.3467    25.2145     9.3011    283.517    9.30030  283.49328    100.008 -9.990e-29
   40.35060  -72.31848     25.086     24.892     9.3541    32.6379      8.022     0.5654 5.1278e-01  1025.3273     9.3514    25.2136     9.2970    283.394    9.30125  283.52189     99.955 -9.990e-29
   40.35060  -72.31848     25.081     24.886     9.3579    32.6378      8.022     0.5654 5.1424e-01  1025.3268     9.3552    25.2129     9.3030    283.575    9.30201  283.54426    100.011 -9.990e-29
   40.35060  -72.31848     25.056     24.862     9.3615    32.6376      8.022     0.5789 5.1570e-01  1025.3258     9.3589    25.2122     9.3042    283.609    9.30233  283.55379    100.020 -9.990e-29
   40.35060  -72.31848     25.045     24.851     9.3645    32.6369      8.022     0.5789 5.1634e-01  1025.3250     9.3618    25.2111     9.3053    283.643    9.30269  283.56466    100.028 -9.990e-29
   40.35060  -72.31848     25.026     24.832     9.3673    32.6357      8.022     0.5789 5.1845e-01  1025.3231     9.3646    25.2098     9.2995    283.467    9.30291  283.57104     99.963 -9.990e-29
   40.35060  -72.31848     25.020     24.826     9.3689    32.6347      8.022     0.5789 5.2140e-01  1025.3218     9.3663    25.2087     9.3054    283.647    9.30304  283.57477    100.025 -9.990e-29
   40.35060  -72.31848     24.994     24.800     9.3697    32.6341      8.022     0.5789 5.2140e-01  1025.3215     9.3671    25.2080     9.3061    283.667    9.30307  283.57550    100.032 -9.990e-29
   40.35060  -72.31848     24.984     24.791     9.3718    32.6341      8.022     0.5789 5.2353e-01  1025.3207     9.3691    25.2075     9.3068    283.689    9.30318  283.57903    100.039 -9.990e-29
   40.35060  -72.31848     24.969     24.776     9.3734    32.6341      8.022     0.5789 5.2567e-01  1025.3202     9.3707    25.2073     9.3073    283.703    9.30310  283.57656    100.045 -9.990e-29
   40.35060  -72.31848     24.964     24.770     9.3744    32.6341      8.022     0.5789 5.2716e-01  1025.3206     9.3717    25.2073     9.3077    283.716    9.30302  283.57403    100.050 -9.990e-29
   40.35060  -72.31848     24.964     24.770     9.3755    32.6344      8.022     0.5789 5.2781e-01  1025.3206     9.3729    25.2074     9.3080    283.724    9.30282  283.56809    100.055 -9.990e-29
   40.35060  -72.31848     24.954     24.760     9.3768    32.6348      8.022     0.5789 5.2781e-01  1025.3207     9.3741    25.2075     9.3084    283.738    9.30279  283.56738    100.060 -9.990e-29
   40.35060  -72.31848     24.948     24.755     9.3777    32.6351      8.022     0.5923 5.3148e-01  1025.3210     9.3750    25.2076     9.3088    283.750    9.30280  283.56776    100.064 -9.990e-29
   40.35060  -72.31848     24.944     24.751     9.3793    32.6351      8.022     0.5789 5.2997e-01  1025.3205     9.3767    25.2074     9.3092    283.761    9.30277  283.56669    100.069 -9.990e-29
   40.35060  -72.31848     24.933     24.740     9.3803    32.6352      8.022     0.5789 5.3214e-01  1025.3199     9.3776    25.2072     9.3093    283.764    9.30256  283.56034    100.072 -9.990e-29
   40.35060  -72.31848     24.924     24.730     9.3811    32.6357      8.022     0.5789 5.3214e-01  1025.3205     9.3784    25.2075     9.3095    283.771    9.30249  283.55813    100.075 -9.990e-29
   40.35060  -72.31848     24.939     24.745     9.3823    32.6357      8.022     0.5789 5.3280e-01  1025.3215     9.3796    25.2078     9.3096    283.775    9.30234  283.55350    100.078 -9.990e-29
   40.35060  -72.31848     24.924     24.730     9.3840    32.6357      8.022     0.5923 5.3498e-01  1025.3207     9.3813    25.2073     9.3094    283.769    9.30197  283.54181    100.080 -9.990e-29
   40.35060  -72.31848     24.944     24.751     9.3850    32.6352      8.022     0.5789 5.3651e-01  1025.3191     9.3824    25.2065     9.3090    283.755    9.30135  283.52212    100.082 -9.990e-29
   40.35060  -72.31848     24.924     24.730     9.3850    32.6346      8.022     0.5789 5.3717e-01  1025.3193     9.3824    25.2059     9.3081    283.728    9.30038  283.49225    100.083 -9.990e-29
   40.35060  -72.31848     24.948     24.755     9.3859    32.6338      8.022     0.5789 5.3565e-01  1025.3185     9.3832    25.2053     9.3071    283.696    9.29932  283.45994    100.083 -9.990e-29
   40.35060  -72.31848     24.933     24.740     9.3861    32.6328      8.022     0.5789 5.3565e-01  1025.3174     9.3834    25.2044     9.3062    283.669    9.29840  283.43205    100.084 -9.990e-29
   40.35060  -72.31848     24.954     24.760     9.3852    32.6327      8.022     0.5789 5.3632e-01  1025.3168     9.3826    25.2039     9.3051    283.636    9.29737  283.40060    100.083 -9.990e-29
   40.35060  -72.31848     24.954     24.760     9.3844    32.6327      8.022     0.5789 5.3480e-01  1025.3166     9.3817    25.2040     9.3089    283.751    9.29614  283.36263    100.137 -9.990e-29
   40.35060  -72.31848     24.979     24.785     9.3834    32.6327      8.022     0.5789 5.3329e-01  1025.3181     9.3808    25.2047     9.3079    283.721    9.29458  283.31486    100.143 -9.990e-29
   40.35060  -72.31848     24.975     24.781     9.3834    32.6336      8.022     0.5789 5.3395e-01  1025.3191     9.3808    25.2055     9.3010    283.512    9.29307  283.26897    100.086 -9.990e-29
   40.35060  -72.31848     24.984     24.791     9.3838    32.6336      8.022     0.5789 5.3244e-01  1025.3191     9.3811    25.2058     9.2993    283.460    9.29169  283.22728    100.082 -9.990e-29
