CalculateIndicators/WaterTemperature/Data/CTD_NYOS/20230516_C09B.cnv
* Sea-Bird SBE 9 Data File:
* FileName = C:\Seabird 9 CTD\Data\2023\202305_offshore\20230516_C11.hex
* Software Version Seasave V 7.23.2
* Temperature SN = 4590
* Conductivity SN = 3228
* Number of Bytes Per Scan = 44
* Number of Voltage Words = 5
* Number of Scans Averaged by the Deck Unit = 1
* NMEA Latitude = 39 19.48 N
* NMEA Longitude = 072 04.74 W
* NMEA UTC (Time) = May 16 2023  08:05:18
* NMEA baud rate = 4800
** Ship: Seawolf
** Station: 9.7
** Operator: TDK
# nquan = 18
# nvalues = 483                         
# units = specified
# name 0 = latitude: Latitude [deg]
# name 1 = longitude: Longitude [deg]
# name 2 = prDM: Pressure, Digiquartz [db]
# name 3 = depSM: Depth [salt water, m]
# name 4 = t090C: Temperature [ITS-90, deg C]
# name 5 = sal00: Salinity, Practical [PSU]
# name 6 = ph: pH
# name 7 = flECO-AFL: Fluorescence, WET Labs ECO-AFL/FL [mg/m^3]
# name 8 = cpar: CPAR/Corrected Irradiance [%]
# name 9 = density00: Density [density, kg/m^3]
# name 10 = potemp090C: Potential Temperature [ITS-90, deg C]
# name 11 = sigma-100: Density [sigma-1, kg/m^3 ]
# name 12 = sbeox0Mg/L: Oxygen, SBE 43 [mg/l]
# name 13 = sbox0Mm/Kg: Oxygen, SBE 43 [umol/kg]
# name 14 = oxsolMg/L: Oxygen Saturation, Garcia & Gordon [mg/l]
# name 15 = oxsolMm/Kg: Oxygen Saturation, Garcia & Gordon [umol/kg]
# name 16 = sbeox0PS: Oxygen, SBE 43 [% saturation]
# name 17 = flag: flag
# span 0 =   39.32472,   39.32850       
# span 1 =  -72.07899,  -72.06935       
# span 2 =      2.000,    304.000       
# span 3 =      1.985,    301.467       
# span 4 =    10.5931,    15.1107       
# span 5 =    34.0577,    37.6178       
# span 6 =      7.819,      8.091       
# span 7 =    -0.0872,     0.8326       
# span 8 = -8.164e+03, 1.0866e+05       
# span 9 =  1025.4683,  1030.1709       
# span 10 =    10.5553,    15.0930      
# span 11 =    29.8403,    33.2812      
# span 12 =     3.2018,     8.4368      
# span 13 =     97.535,    257.068      
# span 14 =    8.08689,    8.80957      
# span 15 =  246.21233,  267.87823      
# span 16 =     38.521,    102.073      
# span 17 = 0.0000e+00, 0.0000e+00      
# interval = decibars: 1                
# start_time = May 16 2023 08:05:18 [System UTC, first data scan.]
# bad_flag = -9.990e-29
*END*
[from data line 322]
 -9.990e-29  -72.07388    284.000    281.647    10.9130    35.9363      7.826    -0.0557 5.0640e-11  1028.7957    10.8776    31.9572     4.5534    138.492    8.78821  267.29588     51.812 0.0000e+00
   39.32670  -72.07384    283.000    280.657    10.9832    35.8523      7.828    -0.0530 5.0640e-11  1028.7126    10.9479    31.8779     4.5394    138.071    8.78706  267.26762     51.660 0.0000e+00
   39.32670  -72.07383    282.000    279.666    10.9833    35.8489 -9.990e-29    -0.0686 5.0640e-11  1028.7056    10.9481    31.8753     4.5419    138.149    8.78610  267.24097     51.694 0.0000e+00
   39.32670  -72.07381    281.000    278.674    10.9945    35.8296 -9.990e-29    -0.0548 5.0640e-11  1028.6839    10.9594    31.8581     4.5333    137.892    8.78222  267.13254     51.619 0.0000e+00
 -9.990e-29  -72.07380    280.000    277.683    10.9967    35.8201 -9.990e-29    -0.0692 5.0640e-11  1028.6716    10.9617    31.8503     4.5174    137.421    8.76961  266.77423     51.512 0.0000e+00
   39.32672  -72.07379    279.000    276.692    11.0755    35.7387 -9.990e-29    -0.0564 2.8831e+04  1028.5890    11.0405    31.7713     4.5114    137.246    8.76139  266.54089     51.491 0.0000e+00
   39.32673  -72.07377    278.000    275.701    11.2155    35.5940 -9.990e-29    -0.0562 1.0087e+05  1028.4456    11.1805    31.6310     4.4917    136.657    8.75426  266.33951     51.309 0.0000e+00
   39.32674  -72.07376    277.000    274.710    11.2413    35.5654      7.832    -0.0589 -9.990e-29  1028.4140    11.2063    31.6036     4.4883    136.563    8.74440  266.05850     51.328 0.0000e+00
   39.32674  -72.07376    276.000    273.719    11.2888    35.5167      7.834    -0.0473 5.0640e-11  1028.3627    11.2539    31.5563     4.4880    136.556    8.74037  265.94390     51.348 0.0000e+00
   39.32676  -72.07372    275.000    272.728    11.3662    35.4367      7.836    -0.0534 5.0640e-11  1028.2814    11.3313    31.4787     4.4730    136.107    8.73602  265.82083     51.202 0.0000e+00
   39.32676  -72.07372    274.000    271.737    11.3733    35.4291      7.836    -0.0741 5.0640e-11  1028.2696    11.3385    31.4713     4.4774    136.239    8.73507  265.79378     51.257 0.0000e+00
   39.32676  -72.07372    273.000    270.746    11.4007    35.4010      7.836    -0.0673 5.0640e-11  1028.2380    11.3660    31.4439     4.4619    135.769    8.73480  265.78645     51.082 0.0000e+00
   39.32676 -9.990e-29    272.000    269.755    11.4063    35.3950 -9.990e-29    -0.0610 5.0640e-11  1028.2278    11.3717    31.4381     4.4551    135.563    8.73465  265.78198     51.005 0.0000e+00
   39.32676  -72.07366    271.000    268.764    11.4081    35.3937      7.836    -0.0621 5.0640e-11  1028.2220    11.3737    31.4367     4.4459    135.283    8.73470  265.78318     50.900 0.0000e+00
   39.32676  -72.07366    270.000    267.773    11.4074    35.3954      7.836    -0.0572 5.0640e-11  1028.2190    11.3730    31.4382     4.4435    135.208    8.73489  265.78796     50.871 0.0000e+00
   39.32678  -72.07364    269.000    266.782    11.4050    35.4008      7.836    -0.0525 5.0640e-11  1028.2192    11.3708    31.4428     4.4339    134.915    8.73487  265.78626     50.761 0.0000e+00
   39.32678  -72.07364    268.000    265.790    11.4038    35.4044 -9.990e-29    -0.0702 -9.990e-29  1028.2177    11.3697    31.4458     4.4312    134.833    8.73405  265.76204     50.735 0.0000e+00
   39.32678  -72.07364    267.000    264.799    11.4042    35.4060      7.836    -0.0685 5.0640e-11  1028.2144    11.3702    31.4469     4.4250    134.651    8.72839  265.59926     50.697 0.0000e+00
   39.32680  -72.07360    266.000    263.808    11.4605    35.3581      7.841    -0.0671 5.0640e-11  1028.1620    11.4266    31.3984     4.4033    133.998    8.71702  265.27228     50.513 0.0000e+00
   39.32680  -72.07360    265.000    262.817    11.4992    35.3234      7.841    -0.0676 5.0640e-11  1028.1232    11.4653    31.3636     4.4018    133.959    8.70896  265.04105     50.543 0.0000e+00
   39.32680  -72.07359    264.000    261.826    11.6033    35.2289      7.844    -0.0614 5.0640e-11  1028.0252    11.5695    31.2690     4.3840    133.428    8.69667  264.68796     50.410 0.0000e+00
   39.32680  -72.07358    263.000    260.835    11.7025    35.1398      7.847    -0.0676 5.0640e-11  1027.9325    11.6686    31.1797     4.3652    132.864    8.68688  264.40616     50.250 0.0000e+00
   39.32682  -72.07356    262.000    259.844    11.7530    35.0962      7.849 -9.990e-29 5.0640e-11  1027.8845    11.7191    31.1356     4.3566    132.609    8.67949  264.19334     50.194 0.0000e+00
   39.32682  -72.07355    261.000    258.852    11.8119    35.0457      7.850    -0.0529 5.0640e-11  1027.8295    11.7780    31.0844     4.3435    132.219    8.66831  263.87149     50.108 0.0000e+00
   39.32682  -72.07354    260.000    257.862    11.8815    34.9860      7.854    -0.0450 5.0640e-11  1027.7651    11.8477    31.0238     4.3230    131.609    8.65204  263.40374     49.965 0.0000e+00
   39.32684  -72.07352    259.000    256.870    12.0011    34.8810      7.854    -0.0427 5.0640e-11  1027.6560    11.9672    30.9178     4.3130    131.311    8.64485  263.19539     49.891 0.0000e+00
 -9.990e-29 -9.990e-29    258.000    255.879    12.0771    34.8201      7.857    -0.0535 5.0640e-11  1027.5894    12.0433    30.8548     4.2953    130.781    8.63377  262.87482     49.750 0.0000e+00
 -9.990e-29 -9.990e-29    257.000    254.888    12.0995    34.8029      7.857    -0.0524 5.0640e-11  1027.5672    12.0658    30.8369     4.2932    130.721    8.62731  262.68851     49.763 0.0000e+00
   39.32685  -72.07348    256.000    253.897    12.1870    34.7330      7.858    -0.0616 5.0640e-11  1027.4913    12.1532    30.7645     4.2794    130.305    8.62133  262.51334     49.638 0.0000e+00
   39.32686  -72.07346    255.000    252.905    12.2394    34.6974      7.860    -0.0522 5.0640e-11  1027.4490    12.2057    30.7260     4.2628    129.801    8.61704  262.38623     49.469 0.0000e+00
   39.32686  -72.07346    254.000    251.914    12.2540    34.6905 -9.990e-29 -9.990e-29 3.9539e+04  1027.4362    12.2204    30.7175     4.2617    129.771    8.61388  262.29363     49.475 0.0000e+00
   39.32686  -72.07344    253.000    250.923    12.3017    34.6658      7.862    -0.0542 9.6327e+04  1027.4032    12.2682    30.6883     4.2384    129.062    8.60840  262.13054     49.236 0.0000e+00
   39.32691  -72.07326    252.000    249.932    12.3303    34.8220      7.863    -0.0519 4.4581e+04  1027.5141    12.2969    30.8024     4.0958    124.706    8.59535  261.70298     47.649 0.0000e+00
   39.32704  -72.07298    251.000    248.941    12.3535    35.0574      7.866    -0.0616 1.5542e+03  1027.6873    12.3201    30.9785     3.8816    118.174    8.56519  260.76456     45.318 0.0000e+00
   39.32705  -72.07293    250.000    247.950    12.4572    34.9826      7.869    -0.0592 5.0640e-11  1027.6043    12.4237    30.8987     3.8558    117.399    8.54805  260.26755     45.107 0.0000e+00
   39.32706  -72.07292    249.000    246.958    12.5524    34.9026      7.874    -0.0658 5.0640e-11  1027.5188    12.5189    30.8167     3.8403    116.940    8.52990  259.74518     45.021 0.0000e+00
   39.32706  -72.07291    248.000    245.967    12.6855    34.7869      7.877    -0.0624 5.0640e-11  1027.3980    12.6519    30.6989     3.8317    116.683    8.52407  259.57608     44.951 0.0000e+00
   39.32706  -72.07288    247.000    244.976    12.8093    34.6919      7.880    -0.0580 5.0640e-11  1027.2949    12.7757    30.5990     3.8063    115.914    8.51377  259.27539     44.707 0.0000e+00
 -9.990e-29  -72.07288    246.000    243.985    12.8425    34.6706      7.881    -0.0630 5.0640e-11  1027.2673    12.8089    30.5754     3.8008    115.753    8.50638  259.06091     44.682 0.0000e+00
   39.32708  -72.07288    245.000    242.993    12.8729    34.6475      7.882    -0.0556 5.0640e-11  1027.2388    12.8395    30.5510     3.7980    115.671    8.50382  258.98609     44.663 0.0000e+00
   39.32708  -72.07285    244.000    242.002    12.9272    34.6218      7.883    -0.0672 5.0640e-11  1027.2034    12.8938    30.5194     3.7817    115.178    8.49541  258.73770     44.515 0.0000e+00
   39.32710  -72.07284    243.000    241.011    12.9445    34.6173      7.883    -0.0658 5.0640e-11  1027.1920    12.9113    30.5121     3.7705    114.844    8.48337  258.38918     44.446 0.0000e+00
   39.32710  -72.07284    242.000    240.020    12.9745    34.5952      7.886    -0.0658 5.0640e-11  1027.1643    12.9413    30.4886     3.7715    114.875    8.47930  258.27089     44.478 0.0000e+00
   39.32710  -72.07282    241.000    239.029    13.1018    34.5030      7.891    -0.0766 5.0640e-11  1027.0624    13.0685    30.3897     3.7581    114.475    8.46684  257.90673     44.386 0.0000e+00
   39.32711  -72.07280    240.000    238.037    13.1586    34.4673      7.892    -0.0626 5.0640e-11  1027.0188    13.1254    30.3498     3.7458    114.104    8.46026  257.71327     44.275 0.0000e+00
   39.32711  -72.07278    239.000    237.046    13.2547    34.4133 -9.990e-29    -0.0648 5.0640e-11  1026.9528    13.2215    30.2871     3.7284    113.572    8.45430  257.53253     44.100 0.0000e+00
   39.32711  -72.07277    238.000    236.055    13.2496    34.4244 -9.990e-29    -0.0521 5.0640e-11  1026.9580    13.2165    30.2968     3.7284    113.577    8.44769  257.34117     44.135 0.0000e+00
   39.32712  -72.07276    237.000    235.063    13.2624    34.4195 -9.990e-29    -0.0524 5.0640e-11  1026.9471    13.2295    30.2901     3.7251    113.480    8.44507  257.26403     44.110 0.0000e+00
   39.32714  -72.07272    236.000    234.072    13.3445    34.3849      7.901    -0.0655 5.0640e-11  1026.8990    13.3116    30.2454     3.7032    112.809    8.44064  257.12530     43.873 0.0000e+00
 -9.990e-29  -72.07272    235.000    233.081    13.3480    34.3915      7.901    -0.0650 5.0640e-11  1026.8989    13.3153    30.2496     3.7012    112.750    8.43913  257.07903     43.858 0.0000e+00
   39.32716  -72.07271    234.000    232.090    13.3716    34.4013      7.904    -0.0648 5.0640e-11  1026.8972    13.3390    30.2519     3.6791    112.075    8.43505  256.95284     43.617 0.0000e+00
   39.32714  -72.07270    233.000    231.098    13.3848    34.4091 -9.990e-29    -0.0562 5.0640e-11  1026.8960    13.3522    30.2549     3.6662    111.682    8.43150  256.84540     43.482 0.0000e+00
   39.32715  -72.07268    232.000    230.107    13.4052    34.4116 -9.990e-29    -0.0492 5.0640e-11  1026.8892    13.3728    30.2522     3.6568    111.398    8.42644  256.69422     43.397 0.0000e+00
   39.32715  -72.07266    231.000    229.116    13.4473    34.4061 -9.990e-29 -9.990e-29 5.0640e-11  1026.8718    13.4149    30.2386     3.6356    110.754    8.41842  256.45502     43.187 0.0000e+00
   39.32716  -72.07265    230.000    228.125    13.4882    34.3920      7.914    -0.0630 5.0640e-11  1026.8479    13.4559    30.2187     3.6236    110.386    8.41493  256.34832     43.061 0.0000e+00
   39.32717  -72.07263    229.000    227.133    13.5028    34.3973      7.914    -0.0603 -9.990e-29  1026.8446    13.4706    30.2194     3.6140    110.095    8.41274  256.28020     42.959 0.0000e+00
   39.32717  -72.07261    228.000    226.142    13.5157    34.4168      7.914    -0.0553 5.0640e-11  1026.8525    13.4836    30.2315     3.5963    109.552    8.41105  256.22291     42.757 0.0000e+00
 -9.990e-29  -72.07258    227.000    225.151    13.5154    34.4412      7.914    -0.0656 5.0640e-11  1026.8669    13.4835    30.2502     3.5844    109.189    8.40988  256.18229     42.621 0.0000e+00
   39.32718  -72.07257    226.000    224.159    13.5154    34.4628      7.914    -0.0658 5.0640e-11  1026.8791    13.4836    30.2667     3.5703    108.757    8.40829  256.13061     42.461 0.0000e+00
   39.32718  -72.07255    225.000    223.168    13.5184    34.4854 -9.990e-29 -9.990e-29 5.0640e-11  1026.8916    13.4868    30.2834     3.5541    108.263    8.40573  256.04983     42.282 0.0000e+00
   39.32720  -72.07254    224.000    222.177    13.5262    34.4971 -9.990e-29    -0.0524 5.0640e-11  1026.8945    13.4947    30.2905     3.5398    107.829    8.40174  255.93021     42.132 0.0000e+00
   39.32721  -72.07253    223.000    221.185    13.5455    34.5027 -9.990e-29    -0.0651 5.0640e-11  1026.8904    13.5141    30.2906     3.5246    107.364    8.39862  255.83413     41.966 0.0000e+00
   39.32721  -72.07250    222.000    220.194    13.5662    34.5114 -9.990e-29    -0.0707 5.0640e-11  1026.8883    13.5349    30.2925     3.5048    106.760    8.39594  255.74991     41.744 0.0000e+00
   39.32721  -72.07250    221.000    219.203    13.5767    34.5231 -9.990e-29    -0.0694 5.0640e-11  1026.8907    13.5455    30.2991     3.4897    106.301    8.39371  255.67994     41.576 0.0000e+00
   39.32721  -72.07248    220.000    218.212    13.5890    34.5360 -9.990e-29    -0.0659 5.0640e-11  1026.8937    13.5579    30.3062     3.4697    105.689    8.39043  255.57897     41.353 0.0000e+00
   39.32723  -72.07246    219.000    217.220    13.6056    34.5491      7.923    -0.0616 5.0640e-11  1026.8958    13.5747    30.3125     3.4476    105.017    8.38568  255.43507     41.113 0.0000e+00
   39.32723  -72.07245    218.000    216.229    13.6311    34.5484      7.923    -0.0660 5.0640e-11  1026.8855    13.6003    30.3062     3.4312    104.516    8.38272  255.34379     40.932 0.0000e+00
   39.32720  -72.07244    217.000    215.238    13.6397    34.5536      7.925    -0.0384 5.0640e-11  1026.8832    13.6090    30.3082     3.4175    104.105    8.37477  255.11232     40.807 0.0000e+00
   39.32723  -72.07243    216.000    214.246    13.6944    34.5303      7.928    -0.0609 5.0640e-11  1026.8494    13.6638    30.2781     3.3984    103.527    8.36516  254.82985     40.626 0.0000e+00
   39.32724  -72.07240    215.000    213.255    13.7691    34.4882 -9.990e-29    -0.0429 5.0640e-11  1026.7967    13.7385    30.2290     3.3781    102.911    8.35828  254.62535     40.417 0.0000e+00
   39.32723  -72.07240    214.000    212.263    13.7892    34.4778 -9.990e-29    -0.0479 5.0640e-11  1026.7800    13.7587    30.2164     3.3724    102.734    8.35739  254.59771     40.352 0.0000e+00
   39.32724  -72.07238    213.000    211.272    13.8242    34.4708 -9.990e-29    -0.0629 5.0640e-11  1026.7627    13.7938    30.2030     3.3566    102.255    8.35106  254.40958     40.193 0.0000e+00
   39.32725  -72.07237    212.000    210.281    13.8636    34.4630 -9.990e-29    -0.0548 5.0640e-11  1026.7439    13.8333    30.1881     3.3343    101.579    8.34142  254.12537     39.972 0.0000e+00
   39.32724  -72.07237    211.000    209.289    13.9235    34.4302 -9.990e-29    -0.0592 5.0640e-11  1026.7014    13.8933    30.1493     3.3190    101.117    8.33494  253.93377     39.820 0.0000e+00
   39.32724  -72.07234    210.000    208.298    13.9946    34.4016      7.936    -0.0621 5.0640e-11  1026.6599    13.9644    30.1113     3.2948    100.379    8.32982  253.77706     39.554 0.0000e+00
   39.32724  -72.07234    209.000    207.306    13.9824    34.4267      7.936    -0.0523 5.0640e-11  1026.6774    13.9524    30.1333     3.2810     99.964    8.32308  253.57973     39.421 0.0000e+00
   39.32726  -72.07231    208.000    206.315    14.0512    34.3930      7.939    -0.0572 5.0640e-11  1026.6322    14.0212    30.0916     3.2671     99.539    8.31772  253.41830     39.279 0.0000e+00
   39.32727  -72.07228    207.000    205.324    14.0739    34.3967      7.941    -0.0656 5.0640e-11  1026.6260    14.0440    30.0894     3.2575     99.248    8.31467  253.32396     39.178 0.0000e+00
   39.32727  -72.07228    206.000    204.332    14.0899    34.4020      7.948    -0.0530 5.0640e-11  1026.6221    14.0601    30.0897     3.2475     98.939    8.31527  253.33545     39.054 0.0000e+00
   39.32729  -72.07226    205.000    203.341    14.0752    34.4479      7.953    -0.0629 -9.990e-29  1026.6562    14.0456    30.1282     3.2344     98.535    8.31685  253.37117     38.890 0.0000e+00
