CalculateIndicators/WaterTemperature/Data/CTD_NYOS/20230515_C02.cnv
* Sea-Bird SBE 9 Data File:
* FileName = C:\Seabird 9 CTD\Data\2023\202305_offshore\20230515_C02.hex
* Software Version Seasave V 7.23.2
* Temperature SN = 4590
* Conductivity SN = 3228
* Number of Bytes Per Scan = 44
* Number of Voltage Words = 5
* Number of Scans Averaged by the Deck Unit = 1
* NMEA Latitude = 40 34.18 N
* NMEA Longitude = 073 24.20 W
* NMEA UTC (Time) = May 15 2023  09:25:38
* NMEA baud rate = 4800
** Ship: Seawolf
** Station: 8.1
** Operator: TDK
# nquan = 18
# nvalues = 8612                        
# units = specified
# name 0 = latitude: Latitude [deg]
# name 1 = longitude: Longitude [deg]
# name 2 = prDM: Pressure, Digiquartz [db]
# name 3 = depSM: Depth [salt water, m]
# name 4 = t090C: Temperature [ITS-90, deg C]
# name 5 = sal00: Salinity, Practical [PSU]
# name 6 = ph: pH
# name 7 = flECO-AFL: Fluorescence, WET Labs ECO-AFL/FL [mg/m^3]
# name 8 = cpar: CPAR/Corrected Irradiance [%]
# name 9 = density00: Density [density, kg/m^3]
# name 10 = potemp090C: Potential Temperature [ITS-90, deg C]
# name 11 = sigma-é00: Density [sigma-theta, kg/m^3]
# name 12 = sbeox0Mg/L: Oxygen, SBE 43 [mg/l]
# name 13 = sbox0Mm/Kg: Oxygen, SBE 43 [umol/kg]
# name 14 = oxsolMg/L: Oxygen Saturation, Garcia & Gordon [mg/l]
# name 15 = oxsolMm/Kg: Oxygen Saturation, Garcia & Gordon [umol/kg]
# name 16 = sbeox0PS: Oxygen, SBE 43 [% saturation]
# name 17 = flag:  0.000e+00
# span 0 =   40.56956,   40.56982       
# span 1 =  -73.40344,  -73.40326       
# span 2 =      1.746,     14.663       
# span 3 =      1.732,     14.549       
# span 4 =    10.0250,    13.4078       
# span 5 =    30.4530,    31.5498       
# span 6 =      7.859,      8.027       
# span 7 =     0.6192,     1.2504       
# span 8 = 1.2660e-11, 9.9999e+04       
# span 9 =  1022.8175,  1024.3179       
# span 10 =    10.0234,    13.4074      
# span 11 =    22.8054,    24.2523      
# span 12 =     8.0913,     9.5580      
# span 13 =    246.871,    291.937      
# span 14 =    8.63933,    9.22161      
# span 15 =  263.95772,  281.35655      
# span 16 =     87.763,    109.471      
# span 17 = 0.0000e+00, 0.0000e+00      
# interval = seconds: 0.0416667
# start_time = May 15 2023 09:25:38 [System UTC, first data scan.]
# bad_flag = -9.990e-29
*END*
[from data line 7397]
   40.56964  -73.40328      2.698      2.677    13.3936    30.4971      8.027     0.7266 1.1940e+01  1022.8429    13.3933    22.8309     8.9100    272.228    8.64131  264.01737    103.110 -9.990e-29
   40.56964  -73.40328      2.708      2.687    13.3933    30.4974      8.022     0.7132 1.2083e+01  1022.8433    13.3929    22.8311     8.9113    272.267    8.64130  264.01693    103.125 -9.990e-29
   40.56964  -73.40328      2.698      2.677    13.3934    30.4976      8.022     0.7132 1.2155e+01  1022.8433    13.3931    22.8313     8.9120    272.287    8.64130  264.01687    103.132 -9.990e-29
   40.56964  -73.40328      2.687      2.666    13.3933    30.4978      8.022     0.7132 1.2708e+01  1022.8436    13.3929    22.8315     8.9074    272.146    8.64131  264.01705    103.079 -9.990e-29
   40.56964  -73.40328      2.687      2.666    13.3933    30.4979      8.022     0.7132 1.2975e+01  1022.8435    13.3929    22.8316     8.9127    272.310    8.64128  264.01610    103.141 -9.990e-29
   40.56964  -73.40328      2.698      2.677    13.3931    30.4981      8.022     0.7132 1.3013e+01  1022.8438    13.3927    22.8317     8.9135    272.332    8.64133  264.01783    103.149 -9.990e-29
   40.56964  -73.40328      2.687      2.666    13.3933    30.4981      8.022     0.7132 1.3013e+01  1022.8437    13.3929    22.8318     8.9142    272.353    8.64132  264.01738    103.157 -9.990e-29
   40.56964  -73.40328      2.687      2.666    13.3930    30.4983      8.022     0.7266 1.3052e+01  1022.8439    13.3926    22.8319     8.9148    272.374    8.64131  264.01715    103.165 -9.990e-29
   40.56964  -73.40328      2.688      2.668    13.3931    30.4984      8.027     0.7266 1.3052e+01  1022.8440    13.3927    22.8320     8.9155    272.395    8.64131  264.01716    103.173 -9.990e-29
   40.56964  -73.40328      2.687      2.666    13.3929    30.4984      8.027     0.7266 1.3013e+01  1022.8440    13.3926    22.8320     8.9162    272.417    8.64132  264.01728    103.181 -9.990e-29
   40.56964  -73.40328      2.687      2.666    13.3931    30.4984      8.022     0.7266 1.3013e+01  1022.8439    13.3927    22.8320     8.9170    272.440    8.64138  264.01907    103.190 -9.990e-29
   40.56964  -73.40328      2.677      2.657    13.3931    30.4983      8.022     0.7266 1.3013e+01  1022.8440    13.3927    22.8319     8.9177    272.460    8.64135  264.01844    103.197 -9.990e-29
   40.56964  -73.40328      2.687      2.666    13.3934    30.4983      8.022     0.7266 1.3052e+01  1022.8436    13.3931    22.8318     8.9184    272.484    8.64141  264.02017    103.206 -9.990e-29
   40.56964  -73.40328      2.687      2.666    13.3934    30.4983      8.027     0.7266 1.3090e+01  1022.8439    13.3931    22.8318     8.9191    272.503    8.64137  264.01916    103.214 -9.990e-29
   40.56960  -73.40326      2.677      2.657    13.3934    30.4983      8.022     0.7266 1.3090e+01  1022.8438    13.3931    22.8318     8.9198    272.525    8.64140  264.01984    103.222 -9.990e-29
   40.56960  -73.40326      2.687      2.666    13.3938    30.4983      8.022     0.7266 1.2860e+01  1022.8438    13.3935    22.8318     8.9205    272.547    8.64140  264.01984    103.230 -9.990e-29
   40.56960  -73.40326      2.687      2.666    13.3941    30.4984      8.027     0.7266 1.2558e+01  1022.8436    13.3938    22.8318     8.9211    272.567    8.64137  264.01915    103.238 -9.990e-29
   40.56960  -73.40326      2.687      2.666    13.3941    30.4984      8.022     0.7266 1.2447e+01  1022.8440    13.3938    22.8318     8.9219    272.589    8.64138  264.01929    103.246 -9.990e-29
   40.56960  -73.40326      2.679      2.658    13.3941    30.4984      8.027     0.7266 1.2484e+01  1022.8437    13.3938    22.8317     8.9225    272.609    8.64137  264.01884    103.254 -9.990e-29
   40.56960  -73.40326      2.687      2.666    13.3943    30.4984      8.022     0.7266 1.2558e+01  1022.8437    13.3939    22.8317     8.9232    272.630    8.64135  264.01849    103.262 -9.990e-29
   40.56960  -73.40326      2.687      2.666    13.3943    30.4983      8.022     0.7266 1.2596e+01  1022.8437    13.3939    22.8316     8.9239    272.652    8.64138  264.01924    103.270 -9.990e-29
   40.56960  -73.40326      2.687      2.666    13.3941    30.4982      8.027     0.7266 1.2558e+01  1022.8435    13.3938    22.8316     8.9240    272.654    8.64139  264.01940    103.271 -9.990e-29
   40.56960  -73.40326      2.677      2.657    13.3941    30.4982      8.027     0.7266 1.2410e+01  1022.8436    13.3938    22.8317     8.9241    272.656    8.64138  264.01907    103.271 -9.990e-29
   40.56960  -73.40326      2.687      2.666    13.3940    30.4982      8.022     0.7266 1.2337e+01  1022.8438    13.3936    22.8317     8.9247    272.674    8.64135  264.01808    103.279 -9.990e-29
   40.56960  -73.40326      2.687      2.666    13.3941    30.4981      8.022     0.7266 1.2337e+01  1022.8436    13.3938    22.8316     8.9252    272.691    8.64125  264.01517    103.286 -9.990e-29
   40.56960  -73.40326      2.687      2.666    13.3943    30.4981      8.027     0.7266 1.2119e+01  1022.8433    13.3939    22.8315     8.9311    272.872    8.64125  264.01516    103.355 -9.990e-29
   40.56960  -73.40326      2.687      2.666    13.3945    30.4981      8.022     0.7266 1.2011e+01  1022.8434    13.3941    22.8315     8.9317    272.890    8.64124  264.01492    103.361 -9.990e-29
   40.56960  -73.40326      2.687      2.666    13.3943    30.4983      8.022     0.7266 1.1975e+01  1022.8437    13.3939    22.8316     8.9323    272.906    8.64124  264.01486    103.368 -9.990e-29
   40.56960  -73.40326      2.699      2.678    13.3946    30.4985      8.022     0.7266 1.1834e+01  1022.8439    13.3942    22.8318     8.9275    272.760    8.64125  264.01507    103.312 -9.990e-29
   40.56960  -73.40326      2.677      2.657    13.3945    30.4986      8.022     0.7266 1.1764e+01  1022.8439    13.3941    22.8318     8.9273    272.755    8.64120  264.01374    103.311 -9.990e-29
   40.56960  -73.40326      2.698      2.677    13.3945    30.4986      8.022     0.7266 1.1729e+01  1022.8439    13.3941    22.8318     8.9272    272.751    8.64122  264.01429    103.309 -9.990e-29
   40.56960  -73.40326      2.687      2.666    13.3941    30.4987      8.022     0.7266 1.1904e+01  1022.8439    13.3938    22.8320     8.9270    272.746    8.64123  264.01473    103.307 -9.990e-29
   40.56960  -73.40326      2.698      2.677    13.3942    30.4990      8.022     0.7132 1.2011e+01  1022.8444    13.3938    22.8322     8.9268    272.740    8.64124  264.01495    103.305 -9.990e-29
   40.56960  -73.40326      2.687      2.666    13.3943    30.4990      8.022     0.7132 1.2011e+01  1022.8443    13.3939    22.8322     8.9266    272.734    8.64125  264.01539    103.302 -9.990e-29
   40.56960  -73.40326      2.698      2.677    13.3945    30.4990      8.022     0.7132 1.2264e+01  1022.8441    13.3941    22.8321     8.9264    272.727    8.64129  264.01651    103.299 -9.990e-29
   40.56960  -73.40326      2.698      2.677    13.3948    30.4989      8.027     0.7132 1.2484e+01  1022.8442    13.3944    22.8320     8.9261    272.717    8.64122  264.01449    103.296 -9.990e-29
   40.56960  -73.40326      2.698      2.677    13.3951    30.4987      8.022     0.7132 1.2521e+01  1022.8441    13.3948    22.8318     8.9252    272.691    8.64127  264.01607    103.286 -9.990e-29
   40.56960  -73.40326      2.698      2.677    13.3956    30.4983      8.022     0.7132 1.2784e+01  1022.8433    13.3953    22.8314     8.9242    272.660    8.64124  264.01517    103.274 -9.990e-29
   40.56964  -73.40328      2.709      2.688    13.3955    30.4980      8.027     0.7132 1.3207e+01  1022.8433    13.3951    22.8311     8.9238    272.647    8.64122  264.01443    103.270 -9.990e-29
   40.56964  -73.40328      2.698      2.677    13.3958    30.4976      8.027     0.7132 1.3325e+01  1022.8428    13.3955    22.8309     8.9234    272.636    8.64128  264.01619    103.265 -9.990e-29
   40.56964  -73.40328      2.708      2.687    13.3958    30.4973      8.022     0.7132 1.3207e+01  1022.8427    13.3955    22.8306     8.9229    272.622    8.64126  264.01571    103.260 -9.990e-29
   40.56964  -73.40328      2.698      2.677    13.3960    30.4970      8.022     0.7132 1.3052e+01  1022.8424    13.3957    22.8303     8.9218    272.588    8.64125  264.01537    103.247 -9.990e-29
   40.56964  -73.40328      2.708      2.687    13.3962    30.4968      8.027     0.7132 1.2975e+01  1022.8421    13.3958    22.8301     8.9213    272.573    8.64127  264.01606    103.241 -9.990e-29
   40.56964  -73.40328      2.717      2.696    13.3960    30.4967      8.027     0.7132 1.2936e+01  1022.8423    13.3956    22.8301     8.9155    272.395    8.64126  264.01583    103.174 -9.990e-29
   40.56964  -73.40328      2.708      2.687    13.3965    30.4967      8.027     0.7132 1.2708e+01  1022.8420    13.3961    22.8300     8.9197    272.523    8.64130  264.01705    103.222 -9.990e-29
   40.56964  -73.40328      2.708      2.687    13.3963    30.4967      8.022     0.7132 1.2633e+01  1022.8420    13.3959    22.8300     8.9191    272.505    8.64129  264.01662    103.215 -9.990e-29
   40.56964  -73.40328      2.708      2.687    13.3962    30.4967      8.027     0.7132 1.2633e+01  1022.8422    13.3958    22.8300     8.9192    272.506    8.64130  264.01685    103.215 -9.990e-29
   40.56964  -73.40328      2.709      2.688    13.3963    30.4967      8.027     0.7132 1.2746e+01  1022.8419    13.3959    22.8300     8.9185    272.487    8.64126  264.01573    103.209 -9.990e-29
   40.56964  -73.40328      2.708      2.687    13.3962    30.4967      8.022     0.7132 1.2784e+01  1022.8420    13.3958    22.8300     8.9126    272.307    8.64126  264.01572    103.140 -9.990e-29
   40.56964  -73.40328      2.717      2.696    13.3962    30.4967      8.022     0.7132 1.2822e+01  1022.8423    13.3958    22.8300     8.9173    272.451    8.64129  264.01662    103.194 -9.990e-29
   40.56964  -73.40328      2.708      2.687    13.3962    30.4968      8.022     0.7132 1.3013e+01  1022.8421    13.3958    22.8301     8.9120    272.289    8.64129  264.01662    103.133 -9.990e-29
   40.56964  -73.40328      2.708      2.687    13.3960    30.4969      8.022     0.7132 1.3129e+01  1022.8426    13.3956    22.8302     8.9168    272.435    8.64131  264.01751    103.188 -9.990e-29
   40.56964  -73.40328      2.717      2.696    13.3963    30.4969      8.022     0.7132 1.3168e+01  1022.8423    13.3959    22.8302     8.9162    272.417    8.64133  264.01785    103.181 -9.990e-29
   40.56964  -73.40328      2.708      2.687    13.3960    30.4969      8.027     0.7132 1.3286e+01  1022.8423    13.3956    22.8302     8.9162    272.416    8.64131  264.01742    103.181 -9.990e-29
   40.56964  -73.40328      2.708      2.687    13.3960    30.4969      8.022     0.7132 1.3404e+01  1022.8425    13.3956    22.8302     8.9162    272.416    8.64130  264.01697    103.181 -9.990e-29
   40.56964  -73.40328      2.708      2.687    13.3962    30.4969      8.022     0.7132 1.3444e+01  1022.8421    13.3958    22.8302     8.9109    272.255    8.64130  264.01709    103.120 -9.990e-29
   40.56964  -73.40328      2.708      2.687    13.3960    30.4970      8.022     0.6998 1.3523e+01  1022.8425    13.3956    22.8303     8.9104    272.237    8.64131  264.01731    103.113 -9.990e-29
   40.56964  -73.40328      2.709      2.688    13.3960    30.4970      8.022     0.6863 1.3644e+01  1022.8425    13.3956    22.8304     8.9150    272.381    8.64125  264.01553    103.168 -9.990e-29
   40.56964  -73.40328      2.708      2.687    13.3956    30.4970      8.022     0.6863 1.3644e+01  1022.8426    13.3953    22.8304     8.9099    272.222    8.64130  264.01709    103.108 -9.990e-29
   40.56964  -73.40328      2.698      2.677    13.3959    30.4969      8.022     0.6863 1.3523e+01  1022.8423    13.3955    22.8302     8.9093    272.205    8.64126  264.01585    103.102 -9.990e-29
   40.56964  -73.40328      2.708      2.687    13.3956    30.4967      8.022     0.6863 1.3286e+01  1022.8421    13.3953    22.8301     8.9088    272.189    8.64123  264.01485    103.096 -9.990e-29
   40.56964  -73.40328      2.698      2.677    13.3958    30.4967      8.022     0.6863 1.3246e+01  1022.8421    13.3955    22.8301     8.9136    272.337    8.64125  264.01541    103.152 -9.990e-29
   40.56960  -73.40326      2.698      2.677    13.3956    30.4967      8.022     0.6863 1.3013e+01  1022.8422    13.3953    22.8302     8.9138    272.342    8.64127  264.01608    103.153 -9.990e-29
   40.56960  -73.40326      2.698      2.677    13.3956    30.4967      8.022     0.6863 1.2521e+01  1022.8422    13.3953    22.8302     8.9086    272.184    8.64127  264.01608    103.094 -9.990e-29
   40.56960  -73.40326      2.687      2.666    13.3958    30.4968      8.027     0.6863 1.2373e+01  1022.8420    13.3955    22.8302     8.9081    272.170    8.64125  264.01564    103.089 -9.990e-29
   40.56960  -73.40326      2.698      2.677    13.3956    30.4970      8.022     0.6863 1.2264e+01  1022.8425    13.3953    22.8303     8.9077    272.158    8.64127  264.01610    103.084 -9.990e-29
   40.56960  -73.40326      2.687      2.666    13.3956    30.4971      8.022     0.6863 1.1799e+01  1022.8426    13.3953    22.8304     8.9074    272.146    8.64127  264.01610    103.079 -9.990e-29
   40.56960  -73.40326      2.688      2.668    13.3958    30.4972      8.027     0.6863 1.1624e+01  1022.8423    13.3955    22.8305     8.9122    272.295    8.64125  264.01554    103.136 -9.990e-29
   40.56960  -73.40326      2.687      2.666    13.3955    30.4973      8.022     0.6863 1.1590e+01  1022.8428    13.3952    22.8307     8.9125    272.302    8.64125  264.01542    103.139 -9.990e-29
   40.56960  -73.40326      2.687      2.666    13.3955    30.4976      8.027     0.6863 1.1521e+01  1022.8428    13.3951    22.8308     8.9074    272.148    8.64126  264.01577    103.080 -9.990e-29
   40.56960  -73.40326      2.687      2.666    13.3955    30.4978      8.027     0.6863 1.1486e+01  1022.8429    13.3951    22.8310     8.9123    272.298    8.64124  264.01531    103.137 -9.990e-29
   40.56960  -73.40326      2.687      2.666    13.3955    30.4981      8.027     0.6863 1.1486e+01  1022.8433    13.3951    22.8312     8.9127    272.308    8.64130  264.01710    103.140 -9.990e-29
   40.56960  -73.40326      2.687      2.666    13.3960    30.4981      8.022     0.6863 1.1694e+01  1022.8433    13.3956    22.8313     8.9129    272.314    8.64126  264.01587    103.143 -9.990e-29
   40.56960  -73.40326      2.677      2.657    13.3960    30.4981      8.022     0.6863 1.1799e+01  1022.8433    13.3956    22.8312     8.9131    272.323    8.64128  264.01643    103.146 -9.990e-29
   40.56960  -73.40326      2.677      2.657    13.3962    30.4979      8.027     0.6863 1.1799e+01  1022.8429    13.3958    22.8310     8.9140    272.350    8.64130  264.01723    103.156 -9.990e-29
   40.56960  -73.40326      2.687      2.666    13.3963    30.4976      8.027     0.6863 1.1975e+01  1022.8427    13.3959    22.8308     8.9150    272.378    8.64132  264.01757    103.167 -9.990e-29
   40.56960  -73.40326      2.668      2.647    13.3963    30.4974      8.027     0.6863 1.2083e+01  1022.8425    13.3959    22.8306     8.9158    272.405    8.64129  264.01668    103.177 -9.990e-29
   40.56960  -73.40326      2.688      2.668    13.3965    30.4974      8.022     0.6863 1.2083e+01  1022.8425    13.3962    22.8305     8.9162    272.417    8.64132  264.01780    103.181 -9.990e-29
   40.56960  -73.40326      2.677      2.657    13.3965    30.4973      8.027     0.6863 1.2337e+01  1022.8424    13.3961    22.8304     8.9165    272.426    8.64130  264.01691    103.185 -9.990e-29
   40.56960  -73.40326      2.677      2.657    13.3965    30.4971      8.027     0.6863 1.2558e+01  1022.8423    13.3961    22.8303     8.9168    272.436    8.64131  264.01736    103.189 -9.990e-29
