CalculateIndicators/WaterTemperature/Data/CTD_NYOS/20230518_C29.cnv
* Sea-Bird SBE 9 Data File:
* FileName = C:\Seabird 9 CTD\Data\2023\202305_offshore\20230518_C29.hex
* Software Version Seasave V 7.23.2
* Temperature SN = 4590
* Conductivity SN = 3228
* Number of Bytes Per Scan = 44
* Number of Voltage Words = 5
* Number of Scans Averaged by the Deck Unit = 1
* NMEA Latitude = 40 29.55 N
* NMEA Longitude = 071 55.48 W
* NMEA UTC (Time) = May 18 2023  16:14:45
* NMEA baud rate = 4800
** Ship: Seawolf
** Station: 11.3
** Operator: TCM
# nquan = 18
# nvalues = 12598                       
# units = specified
# name 0 = latitude: Latitude [deg]
# name 1 = longitude: Longitude [deg]
# name 2 = prDM: Pressure, Digiquartz [db]
# name 3 = depSM: Depth [salt water, m]
# name 4 = t090C: Temperature [ITS-90, deg C]
# name 5 = sal00: Salinity, Practical [PSU]
# name 6 = ph: pH
# name 7 = flECO-AFL: Fluorescence, WET Labs ECO-AFL/FL [mg/m^3]
# name 8 = cpar: CPAR/Corrected Irradiance [%]
# name 9 = density00: Density [density, kg/m^3]
# name 10 = potemp090C: Potential Temperature [ITS-90, deg C]
# name 11 = sigma-é00: Density [sigma-theta, kg/m^3]
# name 12 = sbeox0Mg/L: Oxygen, SBE 43 [mg/l]
# name 13 = sbox0Mm/Kg: Oxygen, SBE 43 [umol/kg]
# name 14 = oxsolMg/L: Oxygen Saturation, Garcia & Gordon [mg/l]
# name 15 = oxsolMm/Kg: Oxygen Saturation, Garcia & Gordon [umol/kg]
# name 16 = sbeox0PS: Oxygen, SBE 43 [% saturation]
# name 17 = flag:  0.000e+00
# span 0 =   40.49192,   40.49276       
# span 1 =  -71.92498,  -71.92476       
# span 2 =      2.108,     61.540       
# span 3 =      2.092,     61.057       
# span 4 =     6.6865,    12.6631       
# span 5 =    32.5033,    32.9437       
# span 6 =      7.845,      8.122       
# span 7 =    -0.0389,     1.0624       
# span 8 = 5.9513e-03, 1.2302e+02       
# span 9 =  1024.5344,  1026.1215       
# span 10 =     6.6832,    12.6625      
# span 11 =    24.5301,    25.8394      
# span 12 =     7.8595,     9.6242      
# span 13 =    239.428,    293.361      
# span 14 =    8.66104,    9.85729      
# span 15 =  264.16917,  300.31113      
# span 16 =     79.830,    105.177      
# span 17 = 0.0000e+00, 0.0000e+00      
# interval = seconds: 0.0416667
# start_time = May 18 2023 16:14:45 [System UTC, first data scan.]
# bad_flag = -9.990e-29
*END*
[from data line 11820]
   40.49198  -71.92496      2.636      2.616    12.6171    32.5546      8.104     0.0551 5.6396e+01  1024.5859    12.6167    24.5738     8.9294    272.355    8.67164  264.49234    102.973 -9.990e-29
   40.49198  -71.92496      2.636      2.616    12.6180    32.5538      8.104     0.0551 5.2317e+01  1024.5848    12.6176    24.5729     8.9291    272.347    8.67140  264.48578    102.972 -9.990e-29
   40.49198  -71.92496      2.626      2.606    12.6183    32.5524      8.104     0.0551 5.1010e+01  1024.5832    12.6179    24.5717     8.9291    272.345    8.67132  264.48305    102.972 -9.990e-29
   40.49198  -71.92496      2.615      2.595    12.6171    32.5512      8.104     0.0551 4.9693e+01  1024.5823    12.6168    24.5711     8.9289    272.339    8.67117  264.47760    102.972 -9.990e-29
   40.49198  -71.92496      2.625      2.605    12.6143    32.5512      8.104     0.0551 4.5163e+01  1024.5825    12.6139    24.5711     8.9285    272.326    8.67080  264.46599    102.972 -9.990e-29
   40.49198  -71.92496      2.604      2.584    12.6106    32.5512      8.105     0.0551 4.3579e+01  1024.5832    12.6102    24.5718     8.9333    272.472    8.67029  264.45043    103.033 -9.990e-29
   40.49198  -71.92496      2.604      2.584    12.6085    32.5519      8.105     0.0551 4.4233e+01  1024.5847    12.6082    24.5730     8.9278    272.305    8.66960  264.42939    102.978 -9.990e-29
   40.49198  -71.92496      2.595      2.575    12.6079    32.5530      8.105     0.0551 4.9498e+01  1024.5859    12.6075    24.5740     8.9267    272.272    8.66922  264.41852    102.970 -9.990e-29
   40.49198  -71.92496      2.585      2.565    12.6079    32.5538      8.105     0.0551 5.2259e+01  1024.5863    12.6075    24.5747     8.9265    272.266    8.66910  264.41552    102.969 -9.990e-29
   40.49198  -71.92496      2.585      2.565    12.6082    32.5543      8.105     0.0551 5.2010e+01  1024.5867    12.6079    24.5750     8.9263    272.260    8.66896  264.41141    102.968 -9.990e-29
   40.49198  -71.92496      2.574      2.554    12.6082    32.5545      8.105     0.0551 4.6087e+01  1024.5867    12.6079    24.5752     8.9267    272.274    8.66882  264.40721    102.975 -9.990e-29
   40.49198  -71.92496      2.574      2.554    12.6088    32.5545      8.105     0.0551 4.2838e+01  1024.5867    12.6084    24.5752     8.9266    272.269    8.66871  264.40371    102.975 -9.990e-29
   40.49198  -71.92496      2.555      2.535    12.6092    32.5545      8.105     0.0551 4.2598e+01  1024.5867    12.6089    24.5750     8.9264    272.263    8.66854  264.39865    102.974 -9.990e-29
   40.49198  -71.92496      2.555      2.535    12.6098    32.5541      8.105     0.0551 3.8314e+01  1024.5860    12.6094    24.5747     8.9262    272.257    8.66842  264.39511    102.974 -9.990e-29
   40.49198  -71.92496      2.544      2.524    12.6096    32.5537      8.105     0.0551 3.5116e+01  1024.5854    12.6093    24.5743     8.9259    272.249    8.66820  264.38842    102.973 -9.990e-29
   40.49198  -71.92496      2.534      2.515    12.6094    32.5534      8.105     0.0551 3.4596e+01  1024.5854    12.6091    24.5742     8.9310    272.405    8.66805  264.38401    103.034 -9.990e-29
   40.49198  -71.92496      2.545      2.526    12.6092    32.5532      8.105     0.0551 3.4694e+01  1024.5855    12.6089    24.5740     8.9264    272.265    8.66818  264.38850    102.979 -9.990e-29
   40.49198  -71.92496      2.523      2.504    12.6091    32.5528      8.105     0.0551 3.4664e+01  1024.5847    12.6087    24.5737     8.9264    272.263    8.66821  264.38909    102.978 -9.990e-29
   40.49198  -71.92496      2.523      2.504    12.6084    32.5528      8.105     0.0551 3.4664e+01  1024.5848    12.6081    24.5736     8.9262    272.258    8.66811  264.38623    102.977 -9.990e-29
   40.49198  -71.92496      2.514      2.494    12.6082    32.5528      8.105     0.0551 3.6259e+01  1024.5847    12.6079    24.5737     8.9315    272.419    8.66810  264.38592    103.038 -9.990e-29
   40.49198  -71.92496      2.504      2.485    12.6077    32.5531      8.105     0.0551 3.8933e+01  1024.5855    12.6074    24.5742     8.9321    272.438    8.66819  264.38903    103.044 -9.990e-29
   40.49198  -71.92496      2.514      2.494    12.6076    32.5535      8.105     0.0551 3.9707e+01  1024.5861    12.6072    24.5744     8.9329    272.463    8.66850  264.39827    103.050 -9.990e-29
   40.49198  -71.92496      2.493      2.474    12.6081    32.5535      8.105     0.0551 4.3899e+01  1024.5854    12.6078    24.5744     8.9343    272.505    8.66876  264.40579    103.063 -9.990e-29
   40.49198  -71.92496      2.493      2.474    12.6081    32.5535      8.105     0.0551 5.4052e+01  1024.5856    12.6077    24.5744     8.9350    272.527    8.66897  264.41163    103.069 -9.990e-29
   40.49198  -71.92496      2.493      2.474    12.6082    32.5537      8.105     0.0551 5.7712e+01  1024.5857    12.6079    24.5745     8.9361    272.560    8.66898  264.41154    103.082 -9.990e-29
   40.49198  -71.92496      2.474      2.455    12.6082    32.5538      8.105     0.0551 6.0538e+01  1024.5856    12.6079    24.5746     8.9312    272.409    8.66891  264.40934    103.025 -9.990e-29
   40.49198  -71.92496      2.483      2.464    12.6086    32.5541      8.105     0.0551 7.1060e+01  1024.5858    12.6083    24.5747     8.9359    272.553    8.66852  264.39734    103.084 -9.990e-29
   40.49198  -71.92496      2.474      2.455    12.6091    32.5543      8.105     0.0551 7.5318e+01  1024.5860    12.6087    24.5748     8.9357    272.547    8.66796  264.38094    103.089 -9.990e-29
   40.49198  -71.92496      2.463      2.444    12.6099    32.5544      8.105     0.0551 7.4959e+01  1024.5858    12.6096    24.5748     8.9359    272.555    8.66784  264.37754    103.093 -9.990e-29
   40.49198  -71.92496      2.453      2.434    12.6101    32.5544      8.105     0.0551 7.1662e+01  1024.5857    12.6097    24.5748     8.9363    272.566    8.66783  264.37734    103.097 -9.990e-29
   40.49198  -71.92496      2.444      2.425    12.6104    32.5544      8.105     0.0551 7.0325e+01  1024.5858    12.6101    24.5747     8.9366    272.577    8.66785  264.37803    103.101 -9.990e-29
   40.49206  -71.92494      2.453      2.434    12.6109    32.5544      8.105     0.0416 7.0662e+01  1024.5857    12.6106    24.5745     8.9423    272.748    8.66784  264.37795    103.166 -9.990e-29
   40.49206  -71.92494      2.434      2.415    12.6116    32.5540      8.105     0.0416 7.6384e+01  1024.5849    12.6113    24.5741     8.9432    272.778    8.66794  264.38126    103.176 -9.990e-29
   40.49206  -71.92494      2.433      2.414    12.6118    32.5536      8.105     0.0416 7.9675e+01  1024.5847    12.6114    24.5738     8.9389    272.647    8.66811  264.38650    103.124 -9.990e-29
   40.49206  -71.92494      2.412      2.393    12.6122    32.5534      8.105     0.0416 7.9967e+01  1024.5841    12.6119    24.5735     8.9446    272.821    8.66831  264.39260    103.188 -9.990e-29
   40.49206  -71.92494      2.423      2.404    12.6122    32.5531      8.105     0.0416 6.1568e+01  1024.5842    12.6119    24.5733     8.9402    272.684    8.66841  264.39505    103.135 -9.990e-29
   40.49206  -71.92494      2.412      2.393    12.6124    32.5529      8.105     0.0416 5.1183e+01  1024.5840    12.6121    24.5731     8.9450    272.830    8.66843  264.39554    103.190 -9.990e-29
   40.49206  -71.92494      2.412      2.393    12.6122    32.5526      8.105     0.0416 4.9764e+01  1024.5834    12.6119    24.5730     8.9456    272.848    8.66839  264.39466    103.197 -9.990e-29
   40.49206  -71.92494      2.412      2.393    12.6114    32.5525      8.105     0.0416 5.7648e+01  1024.5841    12.6111    24.5730     8.9411    272.712    8.66863  264.40227    103.143 -9.990e-29
   40.49206  -71.92494      2.412      2.393    12.6109    32.5523      8.105     0.0416 6.6090e+01  1024.5837    12.6106    24.5730     8.9468    272.887    8.66906  264.41542    103.204 -9.990e-29
   40.49206  -71.92494      2.412      2.393    12.6103    32.5520      8.105     0.0416 6.7975e+01  1024.5836    12.6100    24.5728     8.9477    272.913    8.66939  264.42529    103.210 -9.990e-29
   40.49206  -71.92494      2.423      2.404    12.6102    32.5516      8.105     0.0416 5.7909e+01  1024.5833    12.6099    24.5725     8.9483    272.931    8.66952  264.42893    103.215 -9.990e-29
   40.49206  -71.92494      2.433      2.414    12.6099    32.5513      8.105     0.0416 4.6426e+01  1024.5830    12.6096    24.5724     8.9488    272.947    8.66966  264.43302    103.220 -9.990e-29
   40.49206  -71.92494      2.433      2.414    12.6089    32.5513      8.105     0.0416 4.3604e+01  1024.5835    12.6086    24.5724     8.9493    272.962    8.66977  264.43641    103.224 -9.990e-29
   40.49206  -71.92494      2.453      2.434    12.6081    32.5513      8.105     0.0416 4.5778e+01  1024.5831    12.6077    24.5726     8.9497    272.973    8.66985  264.43895    103.227 -9.990e-29
   40.49206  -71.92494      2.463      2.444    12.6072    32.5520      8.105     0.0416 4.9905e+01  1024.5838    12.6069    24.5734     8.9500    272.984    8.66996  264.44205    103.230 -9.990e-29
   40.49206  -71.92494      2.483      2.464    12.6059    32.5534      8.105     0.0416 5.1140e+01  1024.5862    12.6055    24.5746     8.9503    272.994    8.67005  264.44487    103.233 -9.990e-29
   40.49206  -71.92494      2.504      2.485    12.6064    32.5536      8.105     0.0416 5.0710e+01  1024.5870    12.6061    24.5753     8.9506    273.003    8.67020  264.44958    103.234 -9.990e-29
   40.49206  -71.92494      2.514      2.494    12.6069    32.5541      8.105     0.0416 4.9905e+01  1024.5868    12.6065    24.5750     8.9456    272.850    8.67043  264.45656    103.174 -9.990e-29
   40.49206  -71.92494      2.536      2.516    12.6089    32.5543      8.105     0.0416 4.9485e+01  1024.5847    12.6086    24.5744     8.9507    273.005    8.67070  264.46475    103.229 -9.990e-29
   40.49206  -71.92494      2.564      2.545    12.6091    32.5545      8.105     0.0416 5.2895e+01  1024.5855    12.6087    24.5751     8.9509    273.011    8.67087  264.46978    103.229 -9.990e-29
   40.49206  -71.92494      2.585      2.565    12.6086    32.5569      8.105     0.0416 7.7031e+01  1024.5891    12.6082    24.5769     8.9509    273.012    8.67097  264.47260    103.229 -9.990e-29
   40.49206  -71.92494      2.604      2.584    12.6101    32.5591      8.105     0.0416 9.0854e+01  1024.5903    12.6097    24.5783     8.9508    273.009    8.67097  264.47256    103.228 -9.990e-29
   40.49206  -71.92494      2.625      2.605    12.6124    32.5591      8.105     0.0416 8.8583e+01  1024.5911    12.6121    24.5787     8.9507    273.004    8.67093  264.47125    103.226 -9.990e-29
   40.49206  -71.92494      2.646      2.625    12.6163    32.5591      8.104     0.0416 5.0058e+01  1024.5905    12.6159    24.5779     8.9508    273.009    8.67068  264.46359    103.231 -9.990e-29
   40.49198  -71.92496      2.676      2.655    12.6193    32.5582      8.104     0.0416 3.6259e+01  1024.5877    12.6189    24.5761     8.9504    272.994    8.67046  264.45672    103.228 -9.990e-29
   40.49198  -71.92496      2.685      2.665    12.6206    32.5564      8.104     0.0416 3.5026e+01  1024.5857    12.6203    24.5743     8.9496    272.972    8.67005  264.44448    103.225 -9.990e-29
   40.49198  -71.92496      2.706      2.685    12.6215    32.5555      8.104     0.0416 3.3864e+01  1024.5854    12.6211    24.5734     8.9490    272.953    8.66976  264.43565    103.221 -9.990e-29
   40.49198  -71.92496      2.727      2.706    12.6225    32.5555      8.104     0.0416 3.2833e+01  1024.5848    12.6221    24.5729     8.9484    272.935    8.66955  264.42962    103.216 -9.990e-29
   40.49198  -71.92496      2.747      2.726    12.6230    32.5553      8.104     0.0416 3.2677e+01  1024.5851    12.6226    24.5729     8.9479    272.921    8.66953  264.42896    103.211 -9.990e-29
   40.49198  -71.92496      2.766      2.745    12.6236    32.5552      8.104     0.0416 4.0919e+01  1024.5856    12.6233    24.5729     8.9475    272.908    8.66958  264.43056    103.206 -9.990e-29
   40.49198  -71.92496      2.768      2.746    12.6245    32.5552      8.104     0.0416 5.0810e+01  1024.5851    12.6241    24.5726     8.9470    272.893    8.66963  264.43202    103.200 -9.990e-29
   40.49198  -71.92496      2.797      2.775    12.6258    32.5548      8.104     0.0416 5.2909e+01  1024.5847    12.6255    24.5720     8.9465    272.878    8.66970  264.43404    103.193 -9.990e-29
   40.49198  -71.92496      2.808      2.786    12.6270    32.5539      8.104     0.0416 5.4265e+01  1024.5836    12.6266    24.5712     8.9460    272.861    8.66977  264.43636    103.186 -9.990e-29
   40.49198  -71.92496      2.827      2.805    12.6267    32.5531      8.104     0.0416 5.6587e+01  1024.5827    12.6263    24.5706     8.9461    272.863    8.66987  264.43931    103.186 -9.990e-29
   40.49198  -71.92496      2.827      2.805    12.6263    32.5529      8.104     0.0416 5.7486e+01  1024.5832    12.6260    24.5704     8.9454    272.843    8.66989  264.44023    103.177 -9.990e-29
   40.49198  -71.92496      2.838      2.816    12.6270    32.5526      8.104     0.0416 5.2688e+01  1024.5828    12.6266    24.5702     8.9447    272.822    8.66994  264.44183    103.169 -9.990e-29
   40.49198  -71.92496      2.858      2.836    12.6272    32.5524      8.104     0.0416 4.3727e+01  1024.5826    12.6268    24.5698     8.9439    272.799    8.67000  264.44347    103.160 -9.990e-29
   40.49198  -71.92496      2.858      2.836    12.6270    32.5524      8.104     0.0416 4.1150e+01  1024.5818    12.6266    24.5697     8.9439    272.797    8.67014  264.44766    103.157 -9.990e-29
   40.49198  -71.92496      2.868      2.846    12.6250    32.5524      8.104     0.0416 4.0054e+01  1024.5829    12.6246    24.5704     8.9438    272.794    8.67025  264.45100    103.155 -9.990e-29
   40.49198  -71.92496      2.868      2.846    12.6232    32.5538      8.104     0.0416 3.6238e+01  1024.5843    12.6228    24.5717     8.9384    272.628    8.67039  264.45523    103.091 -9.990e-29
   40.49198  -71.92496      2.879      2.857    12.6213    32.5554      8.104     0.0416 3.4839e+01  1024.5865    12.6209    24.5732     8.9376    272.605    8.67052  264.45901    103.080 -9.990e-29
   40.49198  -71.92496      2.889      2.866    12.6210    32.5567      8.104     0.0416 3.5204e+01  1024.5874    12.6206    24.5743     8.9368    272.580    8.67052  264.45925    103.071 -9.990e-29
   40.49198  -71.92496      2.889      2.866    12.6210    32.5567      8.104     0.0416 3.8194e+01  1024.5883    12.6206    24.5748     8.9413    272.719    8.67062  264.46218    103.122 -9.990e-29
   40.49198  -71.92496      2.889      2.866    12.6232    32.5567      8.104     0.0416 3.9583e+01  1024.5879    12.6228    24.5742     8.9351    272.527    8.67061  264.46160    103.050 -9.990e-29
   40.49198  -71.92496      2.889      2.866    12.6270    32.5559      8.104     0.0416 4.0336e+01  1024.5853    12.6266    24.5728     8.9341    272.499    8.67061  264.46170    103.039 -9.990e-29
   40.49198  -71.92496      2.889      2.866    12.6280    32.5548      8.104     0.0416 4.9805e+01  1024.5842    12.6276    24.5716     8.9332    272.471    8.67061  264.46164    103.029 -9.990e-29
   40.49198  -71.92496      2.898      2.876    12.6282    32.5541      8.104     0.0416 5.5937e+01  1024.5839    12.6278    24.5710     8.9323    272.442    8.67058  264.46056    103.018 -9.990e-29
   40.49198  -71.92496      2.889      2.866    12.6282    32.5535      8.104     0.0416 5.6570e+01  1024.5836    12.6278    24.5705     8.9313    272.414    8.67054  264.45947    103.008 -9.990e-29
