CalculateIndicators/WaterTemperature/Data/CTD_NYOS/20231004_C12.cnv
* Sea-Bird SBE 9 Data File:
* FileName = C:\Seabird 9 CTD\Data\2023\202309_offshore\20231004_C12.hex
* Software Version Seasave V 7.23.2
* Temperature SN = 4590
* Conductivity SN = 3228
* Number of Bytes Per Scan = 44
* Number of Voltage Words = 5
* Number of Scans Averaged by the Deck Unit = 1
* NMEA Latitude = 39 32.82 N
* NMEA Longitude = 072 14.47 W
* NMEA UTC (Time) = Oct 04 2023  06:56:41
* NMEA baud rate = 4800
** Ship: seawolf
** Station: 9.6
** Operator: tcm
# nquan = 18
# nvalues = 2736                        
# units = specified
# name 0 = latitude: Latitude [deg]
# name 1 = longitude: Longitude [deg]
# name 2 = prDM: Pressure, Digiquartz [db]
# name 3 = depSM: Depth [salt water, m]
# name 4 = t090C: Temperature [ITS-90, deg C]
# name 5 = sal00: Salinity, Practical [PSU]
# name 6 = ph: pH
# name 7 = flECO-AFL: Fluorescence, WET Labs ECO-AFL/FL [mg/m^3]
# name 8 = cpar: CPAR/Corrected Irradiance [%]
# name 9 = density00: Density [density, kg/m^3]
# name 10 = potemp090C: Potential Temperature [ITS-90, deg C]
# name 11 = sigma-é00: Density [sigma-theta, kg/m^3]
# name 12 = sbeox0Mg/L: Oxygen, SBE 43 [mg/l]
# name 13 = sbox0Mm/Kg: Oxygen, SBE 43 [umol/kg]
# name 14 = oxsolMg/L: Oxygen Saturation, Garcia & Gordon [mg/l]
# name 15 = oxsolMm/Kg: Oxygen Saturation, Garcia & Gordon [umol/kg]
# name 16 = sbeox0PS: Oxygen, SBE 43 [% saturation]
# name 17 = flag:  0.000e+00
# span 0 =   39.54688,   39.54712       
# span 1 =  -72.24168,  -72.24134       
# span 2 =     -0.068,     35.252       
# span 3 =     -0.068,     34.981       
# span 4 =    18.1141,    18.4461       
# span 5 =    32.8254,   109.6512       
# span 6 =      7.995,      9.179       
# span 7 =     0.1759,     0.3103       
# span 8 = 5.0640e-11, 9.9999e+04       
# span 9 =  1005.7239,  1298.8938       
# span 10 =    18.1123,    19.0137      
# span 11 =    23.5220,   136.4000      
# span 12 =     4.3127,     7.9806      
# span 13 =    131.514,    243.654      
# span 14 =    7.63707,    7.75834      
# span 15 =  232.88826,  236.86065      
# span 16 =     75.225,     98.406      
# span 17 = 0.0000e+00, 0.0000e+00      
# interval = seconds: 0.0416667
# start_time = Oct 04 2023 06:56:42 [System UTC, first data scan.]
# bad_flag = -9.990e-29
*END*
[from data line 1528]
   39.54698  -72.24152      2.358      2.340    18.3652    32.8704      8.000     0.2028 2.1880e+01  1023.5629    18.3648    23.5525     6.8147    208.061    7.72157  235.74940     88.255 0.0000e+00
   39.54698  -72.24152      2.349      2.331    18.3653    32.8704      8.000     0.2162 1.8656e+01  1023.5626    18.3649    23.5524     6.8149    208.067    7.72156  235.74895     88.258 -9.990e-29
   39.54698  -72.24152      2.349      2.331    18.3653    32.8704      8.000     0.2162 1.8528e+01  1023.5627    18.3649    23.5524     6.8105    207.933    7.72158  235.74961     88.201 -9.990e-29
   39.54698  -72.24152      2.368      2.350    18.3654    32.8703      8.000     0.2028 1.8979e+01  1023.5626    18.3650    23.5523     6.8195    208.206    7.72159  235.74992     88.317 -9.990e-29
   39.54698  -72.24152      2.358      2.340    18.3656    32.8701      8.000     0.2028 1.9175e+01  1023.5623    18.3652    23.5521     6.8108    207.943    7.72161  235.75039     88.205 -9.990e-29
   39.54698  -72.24152      2.360      2.342    18.3658    32.8700      8.000     0.2162 1.9241e+01  1023.5623    18.3654    23.5521     6.8151    208.073    7.72161  235.75056     88.260 -9.990e-29
   39.54698  -72.24152      2.368      2.350    18.3658    32.8699      8.000     0.2162 1.7775e+01  1023.5625    18.3654    23.5519     6.8110    207.949    7.72165  235.75160     88.207 -9.990e-29
   39.54698  -72.24152      2.379      2.361    18.3658    32.8696      8.000     0.2028 1.6810e+01  1023.5619    18.3654    23.5517     6.8152    208.078    7.72163  235.75106     88.262 -9.990e-29
   39.54698  -72.24152      2.368      2.350    18.3660    32.8694      8.000     0.2162 1.6576e+01  1023.5616    18.3656    23.5515     6.8107    207.940    7.72169  235.75284     88.202 -9.990e-29
   39.54698  -72.24152      2.368      2.350    18.3656    32.8694      8.000     0.2028 1.3907e+01  1023.5618    18.3652    23.5515     6.8149    208.068    7.72170  235.75314     88.257 -9.990e-29
   39.54698  -72.24152      2.368      2.350    18.3658    32.8694      8.000     0.2162 1.1581e+01  1023.5619    18.3654    23.5516     6.8103    207.928    7.72174  235.75424     88.197 -9.990e-29
   39.54698  -72.24152      2.398      2.380    18.3653    32.8694      8.000     0.2162 1.1145e+01  1023.5622    18.3649    23.5517     6.8145    208.055    7.72175  235.75474     88.250 -9.990e-29
   39.54698  -72.24152      2.379      2.361    18.3653    32.8695      8.000     0.2162 1.8592e+01  1023.5621    18.3649    23.5518     6.8098    207.913    7.72180  235.75623     88.190 -9.990e-29
   39.54698  -72.24152      2.379      2.361    18.3651    32.8698      8.000     0.2028 3.7252e+01  1023.5624    18.3647    23.5521     6.8140    208.038    7.72182  235.75659     88.243 -9.990e-29
   39.54698  -72.24152      2.389      2.370    18.3646    32.8700      8.000     0.2162 4.4451e+01  1023.5627    18.3642    23.5523     6.8138    208.033    7.72178  235.75549     88.241 -9.990e-29
   39.54698  -72.24152      2.398      2.380    18.3644    32.8704      8.000     0.2162 4.0897e+01  1023.5631    18.3640    23.5527     6.8090    207.887    7.72177  235.75494     88.179 -9.990e-29
   39.54698  -72.24152      2.398      2.380    18.3642    32.8706      8.000     0.2162 3.4768e+01  1023.5635    18.3638    23.5529     6.8130    208.011    7.72181  235.75621     88.231 -9.990e-29
   39.54698  -72.24152      2.389      2.370    18.3638    32.8709      8.000     0.2028 3.3056e+01  1023.5634    18.3633    23.5532     6.8082    207.863    7.72177  235.75503     88.169 -9.990e-29
   39.54698  -72.24152      2.398      2.380    18.3636    32.8712      8.000     0.2028 3.2330e+01  1023.5640    18.3632    23.5535     6.8080    207.855    7.72175  235.75430     88.166 -9.990e-29
   39.54698  -72.24152      2.411      2.392    18.3635    32.8714      8.000     0.2028 2.9663e+01  1023.5642    18.3631    23.5537     6.8077    207.849    7.72173  235.75385     88.163 -9.990e-29
   39.54698  -72.24152      2.398      2.380    18.3632    32.8716      8.000     0.2162 2.8725e+01  1023.5645    18.3628    23.5539     6.8117    207.969    7.72174  235.75391     88.214 -9.990e-29
   39.54698  -72.24152      2.409      2.391    18.3632    32.8716      8.000     0.2028 2.7993e+01  1023.5644    18.3628    23.5539     6.8119    207.974    7.72172  235.75330     88.217 -9.990e-29
   39.54698  -72.24152      2.398      2.380    18.3631    32.8716      8.000     0.2162 2.4332e+01  1023.5646    18.3627    23.5539     6.8070    207.825    7.72172  235.75329     88.154 -9.990e-29
   39.54698  -72.24152      2.409      2.391    18.3635    32.8715      8.000     0.2162 2.2774e+01  1023.5640    18.3631    23.5537     6.8067    207.816    7.72172  235.75356     88.150 -9.990e-29
   39.54698  -72.24152      2.398      2.380    18.3634    32.8714      8.000     0.2028 2.2398e+01  1023.5643    18.3630    23.5537     6.8106    207.936    7.72177  235.75499     88.200 -9.990e-29
   39.54698  -72.24152      2.419      2.400    18.3634    32.8714      8.000     0.2028 1.8914e+01  1023.5641    18.3630    23.5536     6.8061    207.799    7.72177  235.75524     88.142 -9.990e-29
   39.54698  -72.24152      2.400      2.381    18.3637    32.8714      8.000     0.2028 9.9999e+04  1023.5640    18.3633    23.5536     6.8100    207.919    7.72186  235.75780     88.192 -9.990e-29
   39.54698  -72.24152      2.409      2.391    18.3638    32.8714      8.000     0.2162 9.9999e+04  1023.5641    18.3633    23.5536     6.8097    207.909    7.72189  235.75879     88.187 -9.990e-29
   39.54698  -72.24152      2.398      2.380    18.3638    32.8713      8.000     0.2028 9.9999e+04  1023.5639    18.3633    23.5535     6.8139    208.037    7.72189  235.75862     88.241 -9.990e-29
   39.54698  -72.24152      2.409      2.391    18.3638    32.8713      8.000     0.2162 9.9999e+04  1023.5638    18.3634    23.5534     6.8052    207.770    7.72195  235.76040     88.128 -9.990e-29
   39.54698  -72.24152      2.398      2.380    18.3641    32.8713      8.000     0.2028 9.9999e+04  1023.5639    18.3637    23.5534     6.8094    207.898    7.72198  235.76155     88.182 -9.990e-29
   39.54698  -72.24152      2.398      2.380    18.3641    32.8712      8.000     0.2028 9.9999e+04  1023.5640    18.3637    23.5534     6.8140    208.038    7.72200  235.76200     88.241 -9.990e-29
   39.54698  -72.24152      2.398      2.380    18.3642    32.8712      8.000     0.2028 9.9999e+04  1023.5638    18.3638    23.5533     6.8051    207.769    7.72202  235.76247     88.127 -9.990e-29
   39.54698  -72.24152      2.390      2.372    18.3643    32.8711      8.000     0.2028 9.9999e+04  1023.5634    18.3639    23.5532     6.8139    208.035    7.72204  235.76291     88.239 -9.990e-29
   39.54698  -72.24152      2.389      2.370    18.3644    32.8711      8.000     0.2028 9.9999e+04  1023.5637    18.3640    23.5533     6.8050    207.764    7.72199  235.76155     88.124 -9.990e-29
   39.54698  -72.24152      2.389      2.370    18.3643    32.8711      8.000     0.2028 9.9999e+04  1023.5637    18.3639    23.5533     6.8136    208.028    7.72200  235.76183     88.237 -9.990e-29
   39.54698  -72.24152      2.379      2.361    18.3644    32.8711      8.000     0.2028 9.9999e+04  1023.5635    18.3640    23.5533     6.8139    208.037    7.72199  235.76148     88.241 -9.990e-29
   39.54698  -72.24152      2.338      2.320    18.3630    32.8711      8.000     0.2162 9.9999e+04  1023.5636    18.3626    23.5535     6.8050    207.763    7.72195  235.76006     88.125 0.0000e+00
   39.54698  -72.24154      2.328      2.310    18.3626    32.8713      8.000     0.2028 9.9999e+04  1023.5637    18.3622    23.5538     6.8089    207.884    7.72190  235.75844     88.177 0.0000e+00
   39.54698  -72.24154      2.318      2.301    18.3618    32.8718      8.000     0.2028 9.9999e+04  1023.5646    18.3614    23.5543     6.8183    208.170    7.72179  235.75533     88.299 -9.990e-29
   39.54698  -72.24154      2.318      2.301    18.3616    32.8722      8.000     0.2028 9.9999e+04  1023.5649    18.3612    23.5546     6.8051    207.767    7.72174  235.75366     88.129 -9.990e-29
   39.54698  -72.24154      2.307      2.290    18.3613    32.8723      8.000     0.2028 9.9999e+04  1023.5649    18.3609    23.5548     6.8094    207.899    7.72167  235.75184     88.186 0.0000e+00
   39.54698  -72.24154      2.298      2.280    18.3610    32.8724      8.000     0.2028 9.9999e+04  1023.5651    18.3606    23.5550     6.8137    208.032    7.72162  235.75032     88.242 0.0000e+00
   39.54698  -72.24154      2.277      2.260    18.3608    32.8724      8.000     0.2028 9.9999e+04  1023.5650    18.3604    23.5551     6.8143    208.048    7.72154  235.74795     88.250 -9.990e-29
   39.54698  -72.24154      2.288      2.271    18.3607    32.8725      8.000     0.2028 9.9999e+04  1023.5651    18.3604    23.5552     6.8144    208.051    7.72148  235.74621     88.252 -9.990e-29
   39.54698  -72.24154      2.277      2.260    18.3605    32.8727      8.000     0.2162 9.9999e+04  1023.5654    18.3601    23.5554     6.8061    207.799    7.72142  235.74413     88.146 0.0000e+00
   39.54698  -72.24154      2.268      2.250    18.3605    32.8727      8.000     0.2162 9.9999e+04  1023.5654    18.3601    23.5554     6.8150    208.071    7.72136  235.74246     88.262 0.0000e+00
   39.54698  -72.24154      2.247      2.230    18.3606    32.8727      8.000     0.2028 9.9999e+04  1023.5651    18.3602    23.5554     6.8201    208.226    7.72127  235.73974     88.329 -9.990e-29
   39.54698  -72.24154      2.247      2.230    18.3603    32.8728      8.000     0.2028 9.9999e+04  1023.5653    18.3599    23.5554     6.8164    208.114    7.72120  235.73787     88.282 -9.990e-29
   39.54698  -72.24154      2.237      2.220    18.3605    32.8728      8.000     0.2028 9.9999e+04  1023.5650    18.3601    23.5555     6.8169    208.128    7.72115  235.73644     88.288 0.0000e+00
   39.54698  -72.24154      2.226      2.209    18.3601    32.8729      8.000     0.2028 9.9999e+04  1023.5655    18.3597    23.5556     6.8081    207.860    7.72105  235.73331     88.176 -9.990e-29
   39.54698  -72.24154      2.226      2.209    18.3601    32.8730      8.000     0.2028 9.9999e+04  1023.5654    18.3597    23.5557     6.8119    207.976    7.72101  235.73210     88.226 -9.990e-29
   39.54698  -72.24154      2.218      2.201    18.3599    32.8730      8.000     0.2162 9.9999e+04  1023.5655    18.3596    23.5557     6.8170    208.131    7.72095  235.73042     88.292 0.0000e+00
   39.54698  -72.24154      2.196      2.179    18.3599    32.8730      8.000     0.2028 9.9999e+04  1023.5653    18.3596    23.5557     6.8216    208.272    7.72091  235.72914     88.352 -9.990e-29
   39.54698  -72.24154      2.206      2.189    18.3597    32.8730      8.000     0.2028 9.9999e+04  1023.5654    18.3593    23.5558     6.8179    208.158    7.72091  235.72932     88.304 -9.990e-29
   39.54698  -72.24154      2.196      2.179    18.3598    32.8730      8.000     0.2028 9.9999e+04  1023.5654    18.3594    23.5558     6.8178    208.156    7.72085  235.72754     88.304 0.0000e+00
   39.54698  -72.24154      2.187      2.170    18.3594    32.8730      8.000     0.2162 9.9999e+04  1023.5654    18.3590    23.5558     6.8136    208.028    7.72085  235.72749     88.249 0.0000e+00
   39.54698  -72.24154      2.176      2.159    18.3594    32.8730      8.000     0.2162 9.9999e+04  1023.5653    18.3590    23.5559     6.8085    207.873    7.72085  235.72764     88.184 -9.990e-29
   39.54698  -72.24154      2.176      2.159    18.3591    32.8731      8.000     0.2028 9.9999e+04  1023.5655    18.3587    23.5560     6.8172    208.140    7.72082  235.72695     88.297 -9.990e-29
   39.54698  -72.24154      2.176      2.159    18.3589    32.8732      8.000     0.2028 9.9999e+04  1023.5656    18.3585    23.5562     6.8172    208.137    7.72080  235.72630     88.296 -9.990e-29
   39.54698  -72.24154      2.145      2.129    18.3585    32.8733      8.000     0.2028 9.9999e+04  1023.5657    18.3582    23.5563     6.8175    208.148    7.72080  235.72631     88.301 -9.990e-29
   39.54698  -72.24154      2.177      2.160    18.3583    32.8735      8.000     0.2162 9.9999e+04  1023.5661    18.3580    23.5565     6.8128    208.004    7.72080  235.72634     88.239 -9.990e-29
   39.54698  -72.24154      2.156      2.140    18.3585    32.8737      8.000     0.2028 9.9999e+04  1023.5661    18.3582    23.5567     6.8081    207.860    7.72080  235.72641     88.178 -9.990e-29
   39.54698  -72.24154      2.156      2.140    18.3585    32.8739      8.000     0.2028 9.9999e+04  1023.5663    18.3582    23.5568     6.8167    208.124    7.72080  235.72632     88.291 -9.990e-29
   39.54698  -72.24154      2.156      2.140    18.3583    32.8740      8.000     0.2028 9.9999e+04  1023.5662    18.3580    23.5568     6.8212    208.261    7.72080  235.72635     88.348 -9.990e-29
   39.54698  -72.24154      2.156      2.140    18.3585    32.8740      8.000     0.2028 9.9999e+04  1023.5663    18.3582    23.5568     6.8127    208.000    7.72080  235.72642     88.238 -9.990e-29
   39.54698  -72.24154      2.145      2.129    18.3587    32.8740      8.000     0.2028 9.9999e+04  1023.5661    18.3584    23.5569     6.8075    207.843    7.72084  235.72749     88.171 -9.990e-29
   39.54698  -72.24154      2.156      2.140    18.3587    32.8742      8.000     0.2162 9.9999e+04  1023.5664    18.3584    23.5570     6.8157    208.092    7.72086  235.72811     88.276 -9.990e-29
   39.54698  -72.24154      2.156      2.140    18.3587    32.8744      8.000     0.2028 9.9999e+04  1023.5665    18.3583    23.5571     6.8155    208.087    7.72093  235.73027     88.273 -9.990e-29
   39.54698  -72.24154      2.166      2.149    18.3587    32.8744      8.000     0.2028 9.9999e+04  1023.5667    18.3584    23.5571     6.8203    208.233    7.72093  235.73036     88.335 -9.990e-29
   39.54698  -72.24154      2.156      2.140    18.3587    32.8744      8.000     0.2162 9.9999e+04  1023.5666    18.3584    23.5571     6.8163    208.111    7.72098  235.73175     88.283 -9.990e-29
   39.54698  -72.24154      2.156      2.140    18.3589    32.8743      8.000     0.2028 9.9999e+04  1023.5662    18.3585    23.5570     6.8068    207.821    7.72099  235.73199     88.160 -9.990e-29
 -9.990e-29  -72.24154      2.176      2.159    18.3584    32.8741      8.000     0.2162 9.9999e+04  1023.5668    18.3580    23.5568     6.8148    208.066    7.72097  235.73136     88.264 -9.990e-29
 -9.990e-29  -72.24154      2.176      2.159    18.3587    32.8737      8.000     0.2162 9.9999e+04  1023.5658    18.3584    23.5566     6.8149    208.069    7.72098  235.73171     88.265 -9.990e-29
 -9.990e-29  -72.24154      2.176      2.159    18.3582    32.8737      8.000     0.2297 9.9999e+04  1023.5658    18.3578    23.5565     6.8054    207.777    7.72099  235.73180     88.141 -9.990e-29
 -9.990e-29  -72.24154      2.187      2.170    18.3578    32.8737      8.000     0.2162 9.9999e+04  1023.5663    18.3574    23.5568     6.8138    208.034    7.72100  235.73218     88.250 -9.990e-29
 -9.990e-29  -72.24154      2.196      2.179    18.3577    32.8738      8.000     0.2297 9.9999e+04  1023.5667    18.3573    23.5570     6.8139    208.037    7.72106  235.73380     88.251 -9.990e-29
 -9.990e-29  -72.24154      2.206      2.189    18.3573    32.8739      8.000     0.2162 9.9999e+04  1023.5668    18.3569    23.5570     6.8144    208.052    7.72108  235.73443     88.257 -9.990e-29
 -9.990e-29  -72.24154      2.218      2.201    18.3573    32.8739      8.000     0.2297 9.9999e+04  1023.5664    18.3569    23.5570     6.8186    208.181    7.72109  235.73491     88.311 -9.990e-29
 -9.990e-29  -72.24154      2.226      2.209    18.3570    32.8740      8.000     0.2162 9.9999e+04  1023.5669    18.3566    23.5572     6.8144    208.053    7.72109  235.73491     88.257 -9.990e-29
