CalculateIndicators/WaterTemperature/Data/CTD_NYOS/20231004_C17.cnv
* Sea-Bird SBE 9 Data File:
* FileName = C:\Seabird 9 CTD\Data\2023\202309_offshore\20231004_C17.hex
* Software Version Seasave V 7.23.2
* Temperature SN = 4590
* Conductivity SN = 3228
* Number of Bytes Per Scan = 44
* Number of Voltage Words = 5
* Number of Scans Averaged by the Deck Unit = 1
* NMEA Latitude = 40 39.91 N
* NMEA Longitude = 072 58.72 W
* NMEA UTC (Time) = Oct 04 2023  22:54:26
* NMEA baud rate = 4800
** Ship: seawolf
** Station: 9.1
** Operator: Tcm
# nquan = 18
# nvalues = 6617                        
# units = specified
# name 0 = latitude: Latitude [deg]
# name 1 = longitude: Longitude [deg]
# name 2 = prDM: Pressure, Digiquartz [db]
# name 3 = depSM: Depth [salt water, m]
# name 4 = t090C: Temperature [ITS-90, deg C]
# name 5 = sal00: Salinity, Practical [PSU]
# name 6 = ph: pH
# name 7 = flECO-AFL: Fluorescence, WET Labs ECO-AFL/FL [mg/m^3]
# name 8 = cpar: CPAR/Corrected Irradiance [%]
# name 9 = density00: Density [density, kg/m^3]
# name 10 = potemp090C: Potential Temperature [ITS-90, deg C]
# name 11 = sigma-é00: Density [sigma-theta, kg/m^3]
# name 12 = sbeox0Mg/L: Oxygen, SBE 43 [mg/l]
# name 13 = sbox0Mm/Kg: Oxygen, SBE 43 [umol/kg]
# name 14 = oxsolMg/L: Oxygen Saturation, Garcia & Gordon [mg/l]
# name 15 = oxsolMm/Kg: Oxygen Saturation, Garcia & Gordon [umol/kg]
# name 16 = sbeox0PS: Oxygen, SBE 43 [% saturation]
# name 17 = flag:  0.000e+00
# span 0 =   40.66516,   40.66550       
# span 1 =  -72.97866,  -72.97850       
# span 2 =      1.790,     13.693       
# span 3 =      1.776,     13.587       
# span 4 =    17.7182,    19.1656       
# span 5 =    30.9197,    31.3784       
# span 6 =      7.822,      7.967       
# span 7 =     0.8609,     2.3786       
# span 8 = 5.0640e-11, 9.9999e+04       
# span 9 =  1021.8929,  1022.6276       
# span 10 =    17.7162,    19.1653      
# span 11 =    21.8915,    22.5670      
# span 12 =     6.7418,     8.9385      
# span 13 =    206.072,    273.294      
# span 14 =    7.69115,    7.89509      
# span 15 =  235.19550,  241.32472      
# span 16 =     85.398,    115.523      
# span 17 = 0.0000e+00, 0.0000e+00      
# interval = seconds: 0.0416667
# start_time = Oct 04 2023 22:54:27 [System UTC, first data scan.]
# bad_flag = -9.990e-29
*END*
[from data line 2895]
   40.66536  -72.97856     10.043      9.965    17.7362    31.2082      7.840     1.0355 5.0640e-11  1022.4765    17.7345    22.4340     7.0449    215.334    7.89415  241.29074     89.242 0.0000e+00
   40.66536  -72.97856     10.032      9.955    17.7360    31.2082      7.840     1.0221 5.0640e-11  1022.4758    17.7343    22.4327     7.0456    215.354    7.89415  241.29070     89.251 0.0000e+00
   40.66536  -72.97856     10.013      9.935    17.7361    31.2082      7.840     1.0221 5.0640e-11  1022.4765    17.7344    22.4333     7.0458    215.361    7.89404  241.28658     89.255 0.0000e+00
   40.66536  -72.97856      9.981      9.904    17.7363    31.2082      7.840     1.0355 5.0640e-11  1022.4787    17.7347    22.4346     7.0461    215.368    7.89385  241.28033     89.260 0.0000e+00
   40.66534  -72.97860      9.962      9.885    17.7365    31.2082      7.840     1.0355 5.0640e-11  1022.4801    17.7349    22.4353     7.0471    215.400    7.89395  241.28380     89.273 0.0000e+00
   40.66534  -72.97860      9.941      9.864    17.7365    31.2082      7.840     1.0221 -9.990e-29  1022.4791    17.7349    22.4338     7.0434    215.289    7.89440  241.29927     89.221 0.0000e+00
   40.66534  -72.97860      9.932      9.855    17.7366    31.2034      7.840     1.0355 -9.990e-29  1022.4737    17.7349    22.4302     7.0483    215.439    7.89477  241.31194     89.278 0.0000e+00
   40.66534  -72.97860      9.896      9.819    17.7365    31.1981      7.845     1.0355 -9.990e-29  1022.4685    17.7349    22.4261     7.0441    215.310    7.89491  241.31705     89.223 0.0000e+00
   40.66534  -72.97860      9.891      9.814    17.7365    31.1943      7.840     1.0221 -9.990e-29  1022.4658    17.7349    22.4232     7.0441    215.312    7.89497  241.31942     89.223 0.0000e+00
   40.66534  -72.97860      9.860      9.784    17.7363    31.1924      7.840     1.0355 -9.990e-29  1022.4644    17.7347    22.4218     7.0489    215.459    7.89499  241.32014     89.283 0.0000e+00
   40.66534  -72.97860      9.851      9.774    17.7362    31.1924      7.840     1.0355 -9.990e-29  1022.4641    17.7346    22.4213     7.0447    215.330    7.89489  241.31663     89.231 0.0000e+00
   40.66534  -72.97860      9.830      9.754    17.7364    31.1924      7.840     1.0355 -9.990e-29  1022.4644    17.7348    22.4218     7.0496    215.479    7.89482  241.31429     89.294 0.0000e+00
   40.66534  -72.97860      9.800      9.724    17.7362    31.1938      7.840     1.0355 -9.990e-29  1022.4656    17.7346    22.4228     7.0504    215.503    7.89483  241.31491     89.304 0.0000e+00
   40.66534  -72.97860      9.789      9.713    17.7363    31.1961      7.840     1.0221 9.9999e+04  1022.4668    17.7347    22.4246     7.0513    215.531    7.89490  241.31699     89.314 0.0000e+00
   40.66534  -72.97860      9.770      9.694    17.7363    31.1993      7.840     1.0355 9.9999e+04  1022.4703    17.7347    22.4271     7.0522    215.560    7.89493  241.31807     89.326 0.0000e+00
   40.66534  -72.97860      9.749      9.673    17.7364    31.2018      7.840     1.0221 9.9999e+04  1022.4726    17.7348    22.4290     7.0485    215.447    7.89496  241.31918     89.279 0.0000e+00
   40.66534  -72.97860      9.728      9.653    17.7367    31.2030      7.840     1.0355 9.9999e+04  1022.4725    17.7351    22.4298     7.0539    215.612    7.89501  241.32094     89.347 0.0000e+00
   40.66534  -72.97860      9.719      9.643    17.7363    31.2035      7.840     1.0221 9.9999e+04  1022.4728    17.7347    22.4302     7.0499    215.489    7.89503  241.32160     89.296 0.0000e+00
   40.66534  -72.97860      9.688      9.613    17.7369    31.2042      7.840     1.0221 9.9999e+04  1022.4728    17.7353    22.4307     7.0503    215.501    7.89507  241.32317     89.300 0.0000e+00
   40.66534  -72.97860      9.677      9.603    17.7365    31.2055      7.840     1.0355 9.9999e+04  1022.4739    17.7349    22.4317     7.0506    215.512    7.89503  241.32198     89.305 0.0000e+00
   40.66534  -72.97860      9.658      9.583    17.7367    31.2076      7.840     1.0355 9.9999e+04  1022.4753    17.7352    22.4333     7.0558    215.668    7.89497  241.31976     89.370 0.0000e+00
   40.66534  -72.97860      9.647      9.573    17.7369    31.2099      7.840     1.0221 9.9999e+04  1022.4778    17.7353    22.4351     7.0520    215.552    7.89492  241.31796     89.323 0.0000e+00
   40.66534  -72.97860      9.627      9.552    17.7369    31.2115      7.840     1.0221 9.9999e+04  1022.4790    17.7353    22.4363     7.0526    215.570    7.89492  241.31804     89.330 0.0000e+00
   40.66534  -72.97860      9.617      9.543    17.7370    31.2119      7.840     1.0355 9.9999e+04  1022.4788    17.7354    22.4365     7.0532    215.590    7.89489  241.31732     89.339 0.0000e+00
   40.66534  -72.97860      9.596      9.522    17.7369    31.2119      7.840     1.1295 9.9999e+04  1022.4783    17.7354    22.4365     7.0540    215.615    7.89497  241.32000     89.348 0.0000e+00
   40.66534  -72.97860      9.577      9.503    17.7369    31.2122      7.840     1.2639 9.9999e+04  1022.4786    17.7353    22.4368     7.0549    215.641    7.89500  241.32093     89.359 0.0000e+00
   40.66534  -72.97860      9.556      9.482    17.7367    31.2129      7.840     1.3042 9.9999e+04  1022.4792    17.7351    22.4373     7.0553    215.654    7.89498  241.32043     89.364 0.0000e+00
   40.66534  -72.97860      9.545      9.472    17.7369    31.2133      7.840     1.2907 9.9999e+04  1022.4798    17.7353    22.4378     7.0558    215.670    7.89503  241.32194     89.370 0.0000e+00
   40.66536  -72.97856      9.536      9.462    17.7370    31.2133      7.840     1.2907 9.9999e+04  1022.4800    17.7355    22.4380     7.0564    215.688    7.89505  241.32269     89.377 0.0000e+00
   40.66536  -72.97856      9.515      9.442    17.7369    31.2133      7.840     1.2907 9.9999e+04  1022.4797    17.7354    22.4376     7.0570    215.706    7.89506  241.32320     89.385 0.0000e+00
   40.66536  -72.97856      9.506      9.432    17.7369    31.2123      7.840     1.2907 9.9999e+04  1022.4784    17.7353    22.4369     7.0525    215.569    7.89509  241.32433     89.327 0.0000e+00
   40.66536  -72.97856      9.475      9.402    17.7370    31.2123      7.840     1.2907 9.9999e+04  1022.4773    17.7355    22.4362     7.0523    215.563    7.89509  241.32472     89.325 -9.990e-29
   40.66536  -72.97856      9.475      9.402    17.7369    31.2123      7.840     1.2907 9.9999e+04  1022.4772    17.7353    22.4363     7.0568    215.703    7.89507  241.32438     89.383 -9.990e-29
   40.66536  -72.97856      9.455      9.382    17.7367    31.2129      7.840     1.2907 9.9999e+04  1022.4784    17.7352    22.4373     7.0524    215.567    7.89500  241.32259     89.327 0.0000e+00
   40.66536  -72.97856      9.445      9.372    17.7370    31.2129      7.840     1.2907 9.9999e+04  1022.4810    17.7355    22.4384     7.0523    215.564    7.89492  241.32038     89.327 0.0000e+00
   40.66536  -72.97856      9.434      9.361    17.7370    31.2129      7.840     1.2907 9.9999e+04  1022.4812    17.7355    22.4373     7.0522    215.561    7.89485  241.31844     89.327 0.0000e+00
   40.66536  -72.97856      9.415      9.342    17.7372    31.2069      7.840     1.2907 9.9999e+04  1022.4750    17.7356    22.4326     7.0522    215.562    7.89478  241.31641     89.327 0.0000e+00
   40.66536  -72.97856      9.394      9.322    17.7374    31.1982      7.840     1.2907 9.9999e+04  1022.4666    17.7358    22.4260     7.0518    215.550    7.89475  241.31567     89.323 -9.990e-29
   40.66536  -72.97856      9.394      9.322    17.7371    31.1909      7.840     1.2907 9.9999e+04  1022.4596    17.7356    22.4204     7.0519    215.552    7.89462  241.31170     89.325 -9.990e-29
   40.66536  -72.97856      9.364      9.291    17.7372    31.1874      7.840     1.2907 9.9999e+04  1022.4572    17.7356    22.4177     7.0515    215.540    7.89450  241.30834     89.321 -9.990e-29
   40.66536  -72.97856      9.364      9.291    17.7374    31.1870      7.840     1.2773 9.9999e+04  1022.4586    17.7358    22.4174     7.0510    215.525    7.89417  241.29881     89.319 -9.990e-29
   40.66536  -72.97856      9.353      9.281    17.7374    31.1866      7.840     1.2907 9.9999e+04  1022.4594    17.7359    22.4171     7.0505    215.511    7.89384  241.28957     89.316 0.0000e+00
   40.66536  -72.97856      9.334      9.261    17.7374    31.1836      7.840     1.2907 9.9999e+04  1022.4571    17.7359    22.4148     7.0453    215.354    7.89351  241.28024     89.255 0.0000e+00
   40.66536  -72.97856      9.313      9.241    17.7373    31.1778      7.836     1.2907 9.9999e+04  1022.4516    17.7357    22.4104     7.0445    215.328    7.89315  241.26979     89.248 -9.990e-29
   40.66536  -72.97856      9.313      9.241    17.7374    31.1712      7.840     1.2773 9.9999e+04  1022.4452    17.7359    22.4053     7.0438    215.308    7.89293  241.26369     89.242 -9.990e-29
   40.66536  -72.97856      9.293      9.221    17.7372    31.1662      7.840     1.2907 9.9999e+04  1022.4410    17.7357    22.4014     7.0432    215.290    7.89275  241.25842     89.236 0.0000e+00
   40.66536  -72.97856      9.283      9.211    17.7376    31.1644      7.840     1.2907 9.9999e+04  1022.4392    17.7360    22.3996     7.0423    215.262    7.89263  241.25514     89.226 0.0000e+00
   40.66536  -72.97856      9.262      9.191    17.7374    31.1644      7.840     1.2907 9.9999e+04  1022.4401    17.7359    22.3996     7.0418    215.249    7.89252  241.25200     89.222 0.0000e+00
   40.66536  -72.97856      9.253      9.181    17.7377    31.1644      7.840     1.3176 9.9999e+04  1022.4405    17.7362    22.4001     7.0415    215.238    7.89242  241.24917     89.218 0.0000e+00
   40.66536  -72.97856      9.232      9.161    17.7376    31.1657      7.840     1.4385 9.9999e+04  1022.4408    17.7360    22.4010     7.0413    215.233    7.89247  241.25063     89.215 -9.990e-29
   40.66536  -72.97856      9.232      9.161    17.7374    31.1661      7.840     1.4788 9.9999e+04  1022.4431    17.7359    22.4026     7.0364    215.083    7.89246  241.25043     89.153 -9.990e-29
   40.66536  -72.97856      9.222      9.151    17.7374    31.1661      7.840     1.4788 9.9999e+04  1022.4460    17.7359    22.4035     7.0359    215.068    7.89248  241.25096     89.147 0.0000e+00
   40.66536  -72.97856      9.202      9.131    17.7376    31.1661      7.836     1.4788 9.9999e+04  1022.4437    17.7361    22.4013     7.0402    215.199    7.89254  241.25270     89.201 0.0000e+00
   40.66536  -72.97856      9.191      9.120    17.7377    31.1595      7.840     1.4788 9.9999e+04  1022.4362    17.7362    22.3963     7.0355    215.056    7.89254  241.25256     89.141 0.0000e+00
   40.66536  -72.97856      9.172      9.101    17.7377    31.1528      7.840     1.4788 9.9999e+04  1022.4302    17.7362    22.3912     7.0347    215.032    7.89254  241.25268     89.131 0.0000e+00
   40.66536  -72.97856      9.161      9.090    17.7381    31.1483      7.840     1.4788 9.9999e+04  1022.4269    17.7366    22.3876     7.0345    215.024    7.89256  241.25341     89.128 0.0000e+00
   40.66536  -72.97856      9.151      9.080    17.7384    31.1460      7.840     1.4788 9.9999e+04  1022.4250    17.7369    22.3857     7.0339    215.006    7.89261  241.25510     89.120 0.0000e+00
   40.66536  -72.97856      9.130      9.060    17.7383    31.1460      7.840     1.4788 9.9999e+04  1022.4248    17.7368    22.3853     7.0332    214.986    7.89257  241.25418     89.112 -9.990e-29
   40.66536  -72.97856      9.130      9.060    17.7386    31.1460      7.840     1.4788 9.9999e+04  1022.4258    17.7371    22.3858     7.0331    214.982    7.89253  241.25330     89.111 -9.990e-29
   40.66536  -72.97856      9.100      9.030    17.7386    31.1460      7.836     1.4788 9.9999e+04  1022.4268    17.7371    22.3862     7.0325    214.966    7.89246  241.25137     89.105 0.0000e+00
   40.66536  -72.97856      9.090      9.020    17.7388    31.1460      7.840     1.4788 9.9999e+04  1022.4260    17.7373    22.3860     7.0325    214.964    7.89234  241.24809     89.105 0.0000e+00
   40.66536  -72.97856      9.079      9.009    17.7386    31.1457      7.840     1.4788 9.9999e+04  1022.4252    17.7372    22.3854     7.0325    214.967    7.89230  241.24725     89.106 0.0000e+00
   40.66536  -72.97856      9.070      9.000    17.7388    31.1448      7.840     1.4788 9.9999e+04  1022.4244    17.7373    22.3848     7.0327    214.973    7.89230  241.24736     89.109 0.0000e+00
   40.66536  -72.97856      9.060      8.990    17.7388    31.1439      7.840     1.4788 9.9999e+04  1022.4238    17.7373    22.3841     7.0330    214.980    7.89226  241.24644     89.112 0.0000e+00
   40.66536  -72.97856      9.040      8.970    17.7388    31.1430      7.836     1.4788 9.9999e+04  1022.4229    17.7373    22.3834     7.0329    214.977    7.89227  241.24692     89.111 0.0000e+00
   40.66536  -72.97856      9.019      8.949    17.7389    31.1421      7.840     1.4788 9.9999e+04  1022.4221    17.7374    22.3827     7.0332    214.987    7.89220  241.24489     89.116 0.0000e+00
   40.66536  -72.97856      9.013      8.944    17.7389    31.1421      7.836     1.4788 9.9999e+04  1022.4216    17.7374    22.3823     7.0331    214.985    7.89212  241.24258     89.116 0.0000e+00
   40.66536  -72.97856      8.998      8.929    17.7391    31.1421      7.836     1.4788 9.9999e+04  1022.4215    17.7376    22.3823     7.0284    214.842    7.89209  241.24175     89.057 0.0000e+00
   40.66536  -72.97856      8.979      8.910    17.7393    31.1425      7.836     1.4788 9.9999e+04  1022.4220    17.7378    22.3828     7.0328    214.977    7.89210  241.24211     89.112 0.0000e+00
   40.66536  -72.97856      8.968      8.899    17.7391    31.1427      7.840     1.4788 9.9999e+04  1022.4232    17.7376    22.3835     7.0335    214.997    7.89209  241.24196     89.121 0.0000e+00
   40.66536  -72.97856      8.949      8.880    17.7391    31.1427      7.836     1.4788 9.9999e+04  1022.4231    17.7376    22.3835     7.0337    215.004    7.89209  241.24186     89.124 0.0000e+00
   40.66536  -72.97856      8.938      8.869    17.7397    31.1427      7.840     1.4788 9.9999e+04  1022.4219    17.7382    22.3830     7.0340    215.012    7.89201  241.23934     89.128 0.0000e+00
   40.66536  -72.97856      8.917      8.848    17.7393    31.1421      7.836     1.4788 9.9999e+04  1022.4217    17.7378    22.3826     7.0296    214.878    7.89196  241.23786     89.073 0.0000e+00
   40.66536  -72.97856      8.908      8.839    17.7393    31.1416      7.836     1.5862 9.9999e+04  1022.4212    17.7378    22.3822     7.0296    214.878    7.89194  241.23711     89.073 0.0000e+00
   40.66536  -72.97856      8.887      8.818    17.7395    31.1413      7.836     1.6534 9.9999e+04  1022.4208    17.7380    22.3819     7.0297    214.879    7.89192  241.23617     89.074 0.0000e+00
   40.66536  -72.97856      8.877      8.809    17.7393    31.1408      7.836     1.6668 9.9999e+04  1022.4206    17.7378    22.3816     7.0298    214.884    7.89193  241.23631     89.076 0.0000e+00
   40.66534  -72.97860      8.868      8.799    17.7393    31.1402      7.840     1.6534 9.9999e+04  1022.4200    17.7379    22.3811     7.0300    214.889    7.89189  241.23483     89.079 0.0000e+00
   40.66534  -72.97860      8.847      8.779    17.7395    31.1393      7.836     1.6534 9.9999e+04  1022.4194    17.7380    22.3804     7.0304    214.900    7.89195  241.23645     89.083 0.0000e+00
   40.66534  -72.97860      8.826      8.758    17.7396    31.1382      7.836     1.6534 9.9999e+04  1022.4184    17.7382    22.3795     7.0261    214.770    7.89203  241.23877     89.028 0.0000e+00
