CalculateIndicators/WaterTemperature/Data/CTD_NYOS/20230515_C02.cnv
* Sea-Bird SBE 9 Data File:
* FileName = C:\Seabird 9 CTD\Data\2023\202305_offshore\20230515_C02.hex
* Software Version Seasave V 7.23.2
* Temperature SN = 4590
* Conductivity SN = 3228
* Number of Bytes Per Scan = 44
* Number of Voltage Words = 5
* Number of Scans Averaged by the Deck Unit = 1
* NMEA Latitude = 40 34.18 N
* NMEA Longitude = 073 24.20 W
* NMEA UTC (Time) = May 15 2023  09:25:38
* NMEA baud rate = 4800
** Ship: Seawolf
** Station: 8.1
** Operator: TDK
# nquan = 18
# nvalues = 8612                        
# units = specified
# name 0 = latitude: Latitude [deg]
# name 1 = longitude: Longitude [deg]
# name 2 = prDM: Pressure, Digiquartz [db]
# name 3 = depSM: Depth [salt water, m]
# name 4 = t090C: Temperature [ITS-90, deg C]
# name 5 = sal00: Salinity, Practical [PSU]
# name 6 = ph: pH
# name 7 = flECO-AFL: Fluorescence, WET Labs ECO-AFL/FL [mg/m^3]
# name 8 = cpar: CPAR/Corrected Irradiance [%]
# name 9 = density00: Density [density, kg/m^3]
# name 10 = potemp090C: Potential Temperature [ITS-90, deg C]
# name 11 = sigma-é00: Density [sigma-theta, kg/m^3]
# name 12 = sbeox0Mg/L: Oxygen, SBE 43 [mg/l]
# name 13 = sbox0Mm/Kg: Oxygen, SBE 43 [umol/kg]
# name 14 = oxsolMg/L: Oxygen Saturation, Garcia & Gordon [mg/l]
# name 15 = oxsolMm/Kg: Oxygen Saturation, Garcia & Gordon [umol/kg]
# name 16 = sbeox0PS: Oxygen, SBE 43 [% saturation]
# name 17 = flag:  0.000e+00
# span 0 =   40.56956,   40.56982       
# span 1 =  -73.40344,  -73.40326       
# span 2 =      1.746,     14.663       
# span 3 =      1.732,     14.549       
# span 4 =    10.0250,    13.4078       
# span 5 =    30.4530,    31.5498       
# span 6 =      7.859,      8.027       
# span 7 =     0.6192,     1.2504       
# span 8 = 1.2660e-11, 9.9999e+04       
# span 9 =  1022.8175,  1024.3179       
# span 10 =    10.0234,    13.4074      
# span 11 =    22.8054,    24.2523      
# span 12 =     8.0913,     9.5580      
# span 13 =    246.871,    291.937      
# span 14 =    8.63933,    9.22161      
# span 15 =  263.95772,  281.35655      
# span 16 =     87.763,    109.471      
# span 17 = 0.0000e+00, 0.0000e+00      
# interval = seconds: 0.0416667
# start_time = May 15 2023 09:25:38 [System UTC, first data scan.]
# bad_flag = -9.990e-29
*END*
[from data line 483]
   40.56978  -73.40342      1.838      1.824    13.3559    30.5078      8.017     0.7400 1.8847e+01  1022.8546    13.3557    22.8463     8.9127    272.305    8.64612  264.16124    103.083 -9.990e-29
   40.56978  -73.40342      1.827      1.813    13.3561    30.5078      8.013     0.7400 2.0199e+01  1022.8545    13.3558    22.8463     8.9129    272.311    8.64635  264.16795    103.083 -9.990e-29
   40.56978  -73.40342      1.817      1.803    13.3563    30.5078      8.013     0.7400 2.0628e+01  1022.8545    13.3560    22.8464     8.9131    272.317    8.64657  264.17485    103.082 -9.990e-29
   40.56978  -73.40342      1.827      1.813    13.3563    30.5081      8.013     0.7400 2.0690e+01  1022.8549    13.3560    22.8466     8.9134    272.327    8.64692  264.18536    103.082 -9.990e-29
   40.56978  -73.40342      1.817      1.803    13.3568    30.5081      8.013     0.7400 2.0814e+01  1022.8549    13.3565    22.8467     8.9139    272.343    8.64744  264.20094    103.082 -9.990e-29
   40.56978  -73.40342      1.808      1.794    13.3578    30.5081      8.017     0.7400 2.0940e+01  1022.8545    13.3575    22.8465     8.9137    272.336    8.64786  264.21340    103.074 -9.990e-29
   40.56978  -73.40342      1.817      1.803    13.3588    30.5080      8.017     0.7400 2.1256e+01  1022.8544    13.3586    22.8461     8.9132    272.320    8.64802  264.21761    103.066 -9.990e-29
   40.56978  -73.40342      1.808      1.794    13.3595    30.5075      8.017     0.7400 2.2498e+01  1022.8538    13.3592    22.8456     8.9123    272.291    8.64779  264.21038    103.058 -9.990e-29
   40.56978  -73.40342      1.808      1.794    13.3600    30.5069      8.017     0.7266 2.3042e+01  1022.8530    13.3597    22.8450     8.9113    272.261    8.64758  264.20402    103.050 -9.990e-29
   40.56978  -73.40342      1.808      1.794    13.3598    30.5062      8.013     0.7266 2.2701e+01  1022.8525    13.3596    22.8445     8.9163    272.413    8.64742  264.19890    103.109 -9.990e-29
   40.56978  -73.40342      1.797      1.783    13.3588    30.5057      8.017     0.7132 2.0382e+01  1022.8523    13.3586    22.8443     8.9103    272.229    8.64694  264.18383    103.045 -9.990e-29
   40.56978  -73.40342      1.797      1.783    13.3578    30.5057      8.013     0.7132 1.9366e+01  1022.8521    13.3575    22.8443     8.9088    272.184    8.64632  264.16452    103.036 -9.990e-29
   40.56978  -73.40342      1.797      1.783    13.3564    30.5057      8.017     0.7132 1.9249e+01  1022.8525    13.3562    22.8446     8.9074    272.141    8.64579  264.14896    103.026 -9.990e-29
   40.56978  -73.40342      1.787      1.773    13.3549    30.5060      8.017     0.7132 1.8621e+01  1022.8531    13.3547    22.8453     8.9068    272.125    8.64553  264.14199    103.022 -9.990e-29
   40.56978  -73.40342      1.787      1.773    13.3531    30.5069      8.017     0.7132 1.8231e+01  1022.8541    13.3528    22.8463     8.9118    272.276    8.64542  264.13915    103.081 -9.990e-29
   40.56978  -73.40342      1.787      1.773    13.3519    30.5084      8.017     0.7132 1.8176e+01  1022.8557    13.3516    22.8477     8.9117    272.275    8.64509  264.12861    103.084 -9.990e-29
   40.56978  -73.40340      1.776      1.762    13.3522    30.5100      8.013     0.7132 1.8790e+01  1022.8572    13.3520    22.8488     8.9117    272.274    8.64479  264.11966    103.087 -9.990e-29
   40.56978  -73.40340      1.776      1.762    13.3542    30.5107 -9.990e-29     0.7132 1.9249e+01  1022.8575    13.3540    22.8492     8.9118    272.279    8.64464  264.11571    103.091 -9.990e-29
   40.56978  -73.40340      1.767      1.753    13.3570    30.5107 -9.990e-29     0.7132 1.9366e+01  1022.8570    13.3567    22.8489     8.9121    272.287    8.64467  264.11671    103.094 -9.990e-29
   40.56978  -73.40340      1.767      1.753    13.3595    30.5107 -9.990e-29     0.7132 2.0752e+01  1022.8561    13.3593    22.8480     8.9069    272.129    8.64455  264.11315    103.035 -9.990e-29
   40.56978  -73.40340      1.767      1.753    13.3621    30.5099 -9.990e-29     0.7132 2.2364e+01  1022.8547    13.3619    22.8469     8.9063    272.111    8.64434  264.10720    103.031 -9.990e-29
   40.56978  -73.40340      1.757      1.743    13.3637    30.5090 -9.990e-29     0.7132 2.2701e+01  1022.8538    13.3635    22.8460     8.9059    272.098    8.64430  264.10616    103.026 -9.990e-29
   40.56978  -73.40340      1.757      1.743    13.3649    30.5083 -9.990e-29     0.7132 2.2701e+01  1022.8530    13.3646    22.8452     8.9056    272.088    8.64433  264.10703    103.022 -9.990e-29
   40.56978  -73.40340      1.757      1.743    13.3659    30.5079 -9.990e-29     0.7132 2.2836e+01  1022.8522    13.3657    22.8446     8.9056    272.090    8.64419  264.10219    103.024 -9.990e-29
   40.56978  -73.40340      1.757      1.743    13.3669    30.5076 -9.990e-29     0.7132 2.2836e+01  1022.8519    13.3667    22.8442     8.9101    272.226    8.64380  264.08993    103.081 -9.990e-29
   40.56978  -73.40340      1.757      1.743    13.3679    30.5076 -9.990e-29     0.7132 2.2836e+01  1022.8519    13.3676    22.8439     8.9046    272.057    8.64322  264.07243    103.024 -9.990e-29
   40.56978  -73.40340      1.746      1.732    13.3692    30.5074 -9.990e-29     0.7132 2.2905e+01  1022.8515    13.3690    22.8437     8.9037    272.031    8.64277  264.05910    103.019 -9.990e-29
   40.56978  -73.40340      1.757      1.743    13.3702    30.5071 -9.990e-29     0.7132 2.2836e+01  1022.8512    13.3700    22.8432     8.9084    272.177    8.64270  264.05782    103.075 -9.990e-29
   40.56978  -73.40340      1.757      1.743    13.3715    30.5068 -9.990e-29     0.7132 2.2099e+01  1022.8504    13.3713    22.8427     8.9041    272.046    8.64283  264.06206    103.023 -9.990e-29
   40.56978  -73.40340      1.757      1.743    13.3724    30.5067 -9.990e-29     0.7132 1.9424e+01  1022.8503    13.3722    22.8424     8.9046    272.059    8.64298  264.06665    103.027 -9.990e-29
   40.56978  -73.40340      1.757      1.743    13.3733    30.5066 -9.990e-29     0.7132 1.8453e+01  1022.8501    13.3730    22.8422     8.9051    272.076    8.64317  264.07290    103.030 -9.990e-29
   40.56978  -73.40340      1.767      1.753    13.3738    30.5063 -9.990e-29     0.7132 1.8397e+01  1022.8499    13.3735    22.8418     8.9051    272.074    8.64347  264.08201    103.027 -9.990e-29
   40.56978  -73.40340      1.767      1.753    13.3744    30.5055 -9.990e-29     0.7132 1.8231e+01  1022.8494    13.3742    22.8411     8.9103    272.233    8.64367  264.08778    103.084 -9.990e-29
   40.56978  -73.40340      1.767      1.753    13.3752    30.5041 -9.990e-29     0.7266 1.8121e+01  1022.8477    13.3750    22.8400     8.9051    272.075    8.64358  264.08421    103.026 -9.990e-29
   40.56978  -73.40340      1.776      1.762    13.3753    30.5028 -9.990e-29     0.7266 1.8176e+01  1022.8464    13.3750    22.8389     8.9050    272.072    8.64321  264.07241    103.029 -9.990e-29
   40.56978  -73.40340      1.776      1.762    13.3749    30.5025 -9.990e-29     0.7266 1.9307e+01  1022.8460    13.3747    22.8384     8.9100    272.225    8.64266  264.05587    103.094 -9.990e-29
   40.56978  -73.40340      1.787      1.773    13.3743    30.5025 -9.990e-29     0.7266 2.0018e+01  1022.8463    13.3740    22.8385     8.9045    272.056    8.64220  264.04194    103.035 -9.990e-29
   40.56978  -73.40340      1.787      1.773    13.3731    30.5023 -9.990e-29     0.7266 2.0078e+01  1022.8470    13.3729    22.8390     8.9098    272.217    8.64184  264.03143    103.100 -9.990e-29
   40.56978  -73.40340      1.787      1.773    13.3723    30.5023 -9.990e-29     0.7266 2.0078e+01  1022.8477    13.3721    22.8393     8.9104    272.237    8.64159  264.02406    103.111 -9.990e-29
   40.56978  -73.40340      1.787      1.773    13.3724    30.5023 -9.990e-29     0.7266 2.0078e+01  1022.8472    13.3722    22.8391     8.9104    272.238    8.64135  264.01701    103.114 -9.990e-29
   40.56982  -73.40344      1.797      1.783    13.3714    30.5023 -9.990e-29     0.7266 2.0078e+01  1022.8463    13.3712    22.8387     8.9105    272.241    8.64122  264.01323    103.116 -9.990e-29
   40.56982  -73.40344      1.808      1.794    13.3694    30.5023 -9.990e-29     0.7266 2.1256e+01  1022.8463    13.3692    22.8391     8.9106    272.244    8.64109  264.00951    103.119 -9.990e-29
   40.56982  -73.40344      1.797      1.783    13.3665    30.5027 -9.990e-29     0.7266 2.2565e+01  1022.8482    13.3663    22.8405     8.9107    272.248    8.64100  264.00678    103.122 -9.990e-29
   40.56982  -73.40344      1.808      1.794    13.3642    30.5046 -9.990e-29     0.7266 2.2905e+01  1022.8510    13.3640    22.8423     8.9109    272.254    8.64096  264.00555    103.124 -9.990e-29
   40.56982  -73.40344      1.817      1.803    13.3640    30.5046 -9.990e-29     0.7266 2.1512e+01  1022.8522    13.3638    22.8431     8.9110    272.257    8.64094  264.00507    103.126 -9.990e-29
   40.56982  -73.40344      1.817      1.803    13.3659    30.5046 -9.990e-29     0.7266 1.9719e+01  1022.8509    13.3656    22.8426     8.9118    272.280    8.64093  264.00486    103.134 -9.990e-29
   40.56982  -73.40344      1.817      1.803    13.3679    30.5043 -9.990e-29     0.7266 1.9249e+01  1022.8493    13.3676    22.8416     8.9119    272.285    8.64094  264.00510    103.136 -9.990e-29
   40.56982  -73.40344      1.827      1.813    13.3681    30.5043 -9.990e-29     0.7266 1.9778e+01  1022.8490    13.3678    22.8413     8.9121    272.289    8.64091  264.00445    103.138 -9.990e-29
   40.56982  -73.40344      1.827      1.813    13.3669    30.5043 -9.990e-29     0.7266 2.0814e+01  1022.8497    13.3667    22.8415     8.9121    272.290    8.64088  264.00344    103.139 -9.990e-29
   40.56982  -73.40344      1.838      1.824    13.3655    30.5044 -9.990e-29     0.7266 2.1129e+01  1022.8504    13.3653    22.8420     8.9121    272.290    8.64084  264.00232    103.139 -9.990e-29
   40.56982  -73.40344      1.838      1.824    13.3643    30.5044 -9.990e-29     0.7266 2.0690e+01  1022.8504    13.3641    22.8423     8.9175    272.454    8.64086  264.00278    103.201 -9.990e-29
   40.56982  -73.40344      1.848      1.833    13.3625    30.5044 -9.990e-29     0.7266 1.9134e+01  1022.8506    13.3622    22.8427     8.9180    272.471    8.64083  264.00204    103.208 -9.990e-29
   40.56982  -73.40344      1.857      1.843    13.3595    30.5049 -9.990e-29     0.7266 1.8621e+01  1022.8515    13.3593    22.8435     8.9132    272.323    8.64075  263.99959    103.153 -9.990e-29
   40.56982  -73.40344      1.857      1.843    13.3568    30.5063 -9.990e-29     0.7266 1.8734e+01  1022.8530    13.3565    22.8451     8.9184    272.482    8.64075  263.99980    103.213 -9.990e-29
   40.56982  -73.40344      1.857      1.843    13.3549    30.5083 -9.990e-29     0.7266 1.9600e+01  1022.8558    13.3547    22.8470     8.9188    272.496    8.64076  263.99992    103.218 -9.990e-29
   40.56982  -73.40344      1.878      1.863    13.3556    30.5099 -9.990e-29     0.7266 2.0018e+01  1022.8572    13.3554    22.8482     8.9193    272.510    8.64077  264.00029    103.223 -9.990e-29
   40.56982  -73.40344      1.878      1.863    13.3570    30.5109 -9.990e-29     0.7266 2.0078e+01  1022.8566    13.3567    22.8488     8.9197    272.522    8.64082  264.00154    103.227 -9.990e-29
   40.56982  -73.40344      1.878      1.863    13.3573    30.5124 -9.990e-29     0.7266 2.0814e+01  1022.8578    13.3571    22.8497     8.9253    272.693    8.64080  264.00131    103.292 -9.990e-29
   40.56982  -73.40344      1.887      1.873    13.3591    30.5138 -9.990e-29     0.7266 2.1192e+01  1022.8597    13.3589    22.8508     8.9215    272.578    8.64087  264.00329    103.248 -9.990e-29
   40.56982  -73.40344      1.898      1.884    13.3620    30.5138 -9.990e-29     0.7266 2.1256e+01  1022.8608    13.3618    22.8510     8.9271    272.749    8.64095  264.00587    103.312 -9.990e-29
   40.56982  -73.40344      1.908      1.893    13.3655    30.5138 -9.990e-29     0.7266 2.2431e+01  1022.8586    13.3653    22.8493     8.9228    272.617    8.64116  264.01190    103.259 -9.990e-29
   40.56982  -73.40344      1.898      1.884    13.3685    30.5111 -9.990e-29     0.7266 2.3318e+01  1022.8542    13.3683    22.8467     8.9283    272.786    8.64130  264.01624    103.321 -9.990e-29
   40.56982  -73.40344      1.919      1.904    13.3696    30.5099 -9.990e-29     0.7266 2.3457e+01  1022.8529    13.3693    22.8454     8.9290    272.806    8.64138  264.01830    103.329 -9.990e-29
   40.56982  -73.40344      1.929      1.914    13.3707    30.5097 -9.990e-29     0.7266 2.1129e+01  1022.8545    13.3705    22.8452     8.9301    272.841    8.64135  264.01712    103.342 -9.990e-29
   40.56982  -73.40344      1.919      1.904    13.3726    30.5094 -9.990e-29     0.7266 1.9076e+01  1022.8536    13.3723    22.8445     8.9312    272.873    8.64131  264.01590    103.355 -9.990e-29
   40.56982  -73.40344      1.938      1.923    13.3742    30.5082 -9.990e-29     0.7266 1.8677e+01  1022.8514    13.3739    22.8434     8.9270    272.744    8.64130  264.01573    103.306 -9.990e-29
   40.56982  -73.40344      1.938      1.923    13.3741    30.5071 -9.990e-29     0.7266 1.8565e+01  1022.8512    13.3738    22.8424     8.9326    272.916    8.64120  264.01281    103.372 -9.990e-29
   40.56982  -73.40344      1.949      1.934    13.3751    30.5061 -9.990e-29     0.7266 1.8397e+01  1022.8503    13.3748    22.8415     8.9336    272.945    8.64119  264.01237    103.383 -9.990e-29
   40.56982  -73.40344      1.949      1.934    13.3768    30.5049 -9.990e-29     0.7266 1.8342e+01  1022.8487    13.3765    22.8403     8.9338    272.952    8.64111  264.01013    103.387 -9.990e-29
   40.56982  -73.40344      1.949      1.934    13.3773    30.5049 -9.990e-29     0.7266 1.9542e+01  1022.8478    13.3770    22.8397     8.9340    272.958    8.64107  264.00912    103.390 -9.990e-29
   40.56982  -73.40344      1.959      1.944    13.3769    30.5049 -9.990e-29     0.7266 2.2364e+01  1022.8485    13.3766    22.8401     8.9342    272.965    8.64110  264.00995    103.392 -9.990e-29
   40.56982  -73.40344      1.929      1.914    13.3771    30.5064 -9.990e-29     0.7266 2.3318e+01  1022.8498    13.3769    22.8411     8.9343    272.969    8.64115  264.01148    103.393 -9.990e-29
   40.56982  -73.40344      1.878      1.863    13.3786    30.5066 -9.990e-29     0.7266 2.3110e+01  1022.8510    13.3784    22.8419     8.9343    272.968    8.64113  264.01063    103.393 -9.990e-29
   40.56982  -73.40344      2.030      2.015    13.3817    30.5066 -9.990e-29     0.7266 2.2498e+01  1022.8516    13.3814    22.8416     8.9349    272.985    8.64110  264.00963    103.400 -9.990e-29
   40.56982  -73.40344      2.010      1.994    13.3848    30.5066 -9.990e-29     0.7266 2.2298e+01  1022.8492    13.3846    22.8400     8.9346    272.978    8.64102  264.00744    103.398 -9.990e-29
   40.56982  -73.40344      1.949      1.934    13.3862    30.5044 -9.990e-29     0.7266 2.2099e+01  1022.8461    13.3860    22.8381     8.9344    272.971    8.64098  264.00631    103.396 -9.990e-29
   40.56982  -73.40344      1.968      1.953    13.3859    30.5026 -9.990e-29     0.7266 2.0877e+01  1022.8453    13.3856    22.8367     8.9294    272.819    8.64091  264.00429    103.339 -9.990e-29
   40.56982  -73.40344      1.999      1.983    13.3854    30.5013 -9.990e-29     0.7266 2.0321e+01  1022.8447    13.3851    22.8357     8.9337    272.951    8.64085  264.00237    103.390 0.0000e+00
   40.56982  -73.40344      2.040      2.024    13.3848    30.5013 -9.990e-29     0.7266 2.0321e+01  1022.8436    13.3846    22.8350     8.9281    272.777    8.64082  264.00169    103.324 -9.990e-29
