CalculateIndicators/WaterTemperature/Data/CTD_NYOS/20230515_C05.cnv
* Sea-Bird SBE 9 Data File:
* FileName = C:\Seabird 9 CTD\Data\2023\202305_offshore\20230515_C05.hex
* Software Version Seasave V 7.23.2
* Temperature SN = 4590
* Conductivity SN = 3228
* Number of Bytes Per Scan = 44
* Number of Voltage Words = 5
* Number of Scans Averaged by the Deck Unit = 1
* NMEA Latitude = 39 50.64 N
* NMEA Longitude = 072 54.40 W
* NMEA UTC (Time) = May 15 2023  16:51:13
* NMEA baud rate = 4800
** Ship: Seawolf
** Station: 8.4
** Operator: TCM
# nquan = 18
# nvalues = 13780                       
# units = specified
# name 0 = latitude: Latitude [deg]
# name 1 = longitude: Longitude [deg]
# name 2 = prDM: Pressure, Digiquartz [db]
# name 3 = depSM: Depth [salt water, m]
# name 4 = t090C: Temperature [ITS-90, deg C]
# name 5 = sal00: Salinity, Practical [PSU]
# name 6 = ph: pH
# name 7 = flECO-AFL: Fluorescence, WET Labs ECO-AFL/FL [mg/m^3]
# name 8 = cpar: CPAR/Corrected Irradiance [%]
# name 9 = density00: Density [density, kg/m^3]
# name 10 = potemp090C: Potential Temperature [ITS-90, deg C]
# name 11 = sigma-é00: Density [sigma-theta, kg/m^3]
# name 12 = sbeox0Mg/L: Oxygen, SBE 43 [mg/l]
# name 13 = sbox0Mm/Kg: Oxygen, SBE 43 [umol/kg]
# name 14 = oxsolMg/L: Oxygen Saturation, Garcia & Gordon [mg/l]
# name 15 = oxsolMm/Kg: Oxygen Saturation, Garcia & Gordon [umol/kg]
# name 16 = sbeox0PS: Oxygen, SBE 43 [% saturation]
# name 17 = flag:  0.000e+00
# span 0 =   39.84378,   39.84412       
# span 1 =  -72.90682,  -72.90542       
# span 2 =      0.587,     56.102       
# span 3 =      0.583,     55.665       
# span 4 =     7.2982,    13.6570       
# span 5 =     3.1322,    33.1015       
# span 6 =      7.839,      8.067       
# span 7 =    -0.6971,     2.1772       
# span 8 = 1.2033e-02, 1.2764e+02       
# span 9 =  1001.4367,  1026.0951       
# span 10 =     7.2940,    13.6567      
# span 11 =     1.5776,    25.8496      
# span 12 =     8.4120,    10.8984      
# span 13 =    256.322,    340.063      
# span 14 =    8.48478,   10.24581      
# span 15 =  258.83988,  319.67913      
# span 16 =     87.043,    112.982      
# span 17 = 0.0000e+00, 0.0000e+00      
# interval = seconds: 0.0416667
# start_time = May 15 2023 16:51:15 [System UTC, first data scan.]
# bad_flag = -9.990e-29
*END*
[from data line 1769]
   39.84404  -72.90646     30.268     30.035     9.3285    32.8588      8.018     1.7339 6.3766e-01  1025.5243     9.3253    25.3889     9.8205    299.296    9.30252  283.50913    105.568 0.0000e+00
   39.84404  -72.90646     30.278     30.044     9.3262    32.8588      8.018     1.7205 6.3766e-01  1025.5227     9.3230    25.3878     9.8218    299.334    9.30323  283.53069    105.574 0.0000e+00
   39.84404  -72.90646     30.288     30.054     9.3236    32.8588      8.018     1.7205 6.3586e-01  1025.5264     9.3204    25.3910     9.8176    299.206    9.30399  283.55379    105.520 -9.990e-29
   39.84404  -72.90646     30.289     30.055     9.3231    32.8663      8.018     1.7205 6.3407e-01  1025.5350     9.3198    25.3968     9.8193    299.260    9.30513  283.58963    105.526 -9.990e-29
   39.84404  -72.90646     30.297     30.063     9.3277    32.8663      8.018     1.7205 6.3407e-01  1025.5414     9.3244    25.4013     9.8219    299.341    9.30669  283.63815    105.536 0.0000e+00
   39.84404  -72.90646     30.319     30.085     9.3351    32.8663      8.018     1.7205 6.3099e-01  1025.5423     9.3318    25.4007     9.8244    299.415    9.30839  283.69029    105.543 -9.990e-29
   39.84404  -72.90646     30.318     30.084     9.3428    32.8663      8.018     1.7608 6.3099e-01  1025.5331     9.3396    25.3943     9.8271    299.497    9.30998  283.73785    105.554 -9.990e-29
   39.84404  -72.90646     30.329     30.095     9.3451    32.8565      8.018     1.8011 6.3099e-01  1025.5206     9.3418    25.3863     9.8290    299.555    9.31124  283.77563    105.560 0.0000e+00
   39.84404  -72.90646     30.339     30.104     9.3423    32.8562      8.018     1.8145 6.2921e-01  1025.5163     9.3391    25.3825     9.8312    299.622    9.31246  283.81277    105.570 0.0000e+00
   39.84404  -72.90646     30.359     30.125     9.3384    32.8562      8.018     1.8145 6.2921e-01  1025.5214     9.3351    25.3841     9.8341    299.711    9.31396  283.85894    105.584 -9.990e-29
   39.84404  -72.90646     30.350     30.115     9.3375    32.8562      8.018     1.8145 6.2743e-01  1025.5261     9.3343    25.3869     9.8310    299.615    9.31578  283.91444    105.530 -9.990e-29
   39.84404  -72.90646     30.379     30.144     9.3370    32.8562      8.013     1.8145 6.2566e-01  1025.5266     9.3338    25.3879     9.8331    299.681    9.31740  283.96288    105.535 -9.990e-29
   39.84404  -72.90646     30.380     30.145     9.3366    32.8562      8.018     1.8145 6.2389e-01  1025.5249     9.3333    25.3873     9.8293    299.563    9.31864  283.99946    105.480 -9.990e-29
   39.84404  -72.90646     30.390     30.155     9.3359    32.8551      8.013     1.8145 6.2389e-01  1025.5243     9.3326    25.3863     9.8299    299.579    9.31962  284.02845    105.475 0.0000e+00
   39.84404  -72.90646     30.410     30.175     9.3357    32.8530      8.013     1.8145 6.2389e-01  1025.5235     9.3325    25.3847     9.8239    299.397    9.32048  284.05428    105.401 0.0000e+00
   39.84404  -72.90646     30.420     30.185     9.3349    32.8496      8.018     1.8145 6.2213e-01  1025.5200     9.3317    25.3824     9.8303    299.592    9.32146  284.08386    105.459 0.0000e+00
   39.84404  -72.90646     30.440     30.205     9.3315    32.8478      8.018     1.8011 6.2038e-01  1025.5172     9.3282    25.3804     9.8261    299.464    9.32252  284.11608    105.402 -9.990e-29
   39.84404  -72.90646     30.442     30.207     9.3268    32.8478      8.013     1.8145 6.2038e-01  1025.5171     9.3236    25.3804     9.8276    299.508    9.32368  284.15104    105.405 -9.990e-29
   39.84404  -72.90646     30.471     30.236     9.3229    32.8478      8.013     1.8145 6.1688e-01  1025.5202     9.3196    25.3826     9.8292    299.557    9.32465  284.18007    105.411 0.0000e+00
   39.84404  -72.90646     30.491     30.256     9.3208    32.8487      8.013     1.8145 6.1688e-01  1025.5246     9.3175    25.3855     9.8362    299.771    9.32553  284.20598    105.477 -9.990e-29
   39.84404  -72.90646     30.491     30.256     9.3201    32.8487      8.013     1.8145 6.1514e-01  1025.5276     9.3168    25.3866     9.8323    299.650    9.32619  284.22571    105.427 -9.990e-29
   39.84404  -72.90646     30.533     30.297     9.3208    32.8487      8.013     1.8145 6.1167e-01  1025.5238     9.3175    25.3839     9.8337    299.692    9.32671  284.24077    105.436 0.0000e+00
   39.84404  -72.90646     30.542     30.307     9.3179    32.8424      8.013     1.8145 6.1167e-01  1025.5162     9.3146    25.3795     9.8294    299.559    9.32708  284.25140    105.385 0.0000e+00
   39.84404  -72.90646     30.562     30.326     9.3113    32.8393      8.018     1.8145 6.1167e-01  1025.5139     9.3080    25.3771     9.8304    299.589    9.32728  284.25695    105.394 0.0000e+00
   39.84404  -72.90646     30.573     30.337     9.3042    32.8393      8.013     1.8145 6.0822e-01  1025.5154     9.3009    25.3777     9.8300    299.579    9.32743  284.26115    105.389 0.0000e+00
   39.84404  -72.90646     30.593     30.357     9.2980    32.8393      8.013     1.8145 6.0651e-01  1025.5186     9.2947    25.3799     9.8307    299.600    9.32748  284.26234    105.396 0.0000e+00
   39.84408  -72.90666     30.614     30.378     9.2934    32.8418      8.013     1.8145 6.0651e-01  1025.5215     9.2901    25.3826     9.8249    299.422    9.32738  284.25885    105.334 0.0000e+00
   39.84408  -72.90666     30.643     30.406     9.2894    32.8442      8.013     1.8145 6.0309e-01  1025.5245     9.2862    25.3851     9.8186    299.230    9.32727  284.25526    105.268 0.0000e+00
   39.84408  -72.90666     30.655     30.419     9.2868    32.8461      8.013     1.8145 6.0139e-01  1025.5264     9.2835    25.3871     9.8188    299.238    9.32805  284.28178    105.261 0.0000e+00
   39.84408  -72.90666     30.684     30.447     9.2843    32.8474      8.013     1.8011 6.0139e-01  1025.5278     9.2811    25.3886     9.8221    299.344    9.33126  284.38352    105.261 0.0000e+00
   39.84408  -72.90666     30.705     30.468     9.2825    32.8485      8.013     1.8280 5.9799e-01  1025.5290     9.2792    25.3897     9.8270    299.491    9.33539  284.50877    105.266 0.0000e+00
   39.84408  -72.90666     30.715     30.477     9.2809    32.8489      8.013     1.9085 5.9631e-01  1025.5302     9.2776    25.3904     9.8299    299.575    9.33809  284.58787    105.266 0.0000e+00
   39.84408  -72.90666     30.737     30.499     9.2794    32.8489      8.013     1.9220 5.9631e-01  1025.5302     9.2761    25.3907     9.8257    299.446    9.33953  284.62811    105.206 0.0000e+00
   39.84408  -72.90666     30.756     30.518     9.2779    32.8489      8.013     1.9220 5.9295e-01  1025.5299     9.2746    25.3907     9.8263    299.460    9.34023  284.64735    105.204 0.0000e+00
   39.84408  -72.90666     30.777     30.539     9.2761    32.8488      8.013     1.9220 5.8960e-01  1025.5308     9.2728    25.3909     9.8214    299.311    9.34104  284.67198    105.142 0.0000e+00
   39.84408  -72.90666     30.807     30.569     9.2746    32.8484      8.013     1.9220 5.8960e-01  1025.5306     9.2714    25.3909     9.8218    299.321    9.34164  284.68812    105.140 0.0000e+00
   39.84408  -72.90666     30.826     30.588     9.2724    32.8477      8.013     1.9220 5.8628e-01  1025.5305     9.2692    25.3907     9.8213    299.302    9.34095  284.66482    105.142 0.0000e+00
   39.84408  -72.90666     30.858     30.620     9.2702    32.8475      8.013     1.9220 5.8297e-01  1025.5304     9.2669    25.3907     9.8199    299.262    9.34002  284.63652    105.138 0.0000e+00
   39.84408  -72.90666     30.898     30.659     9.2682    32.8475      8.013     1.9220 5.8297e-01  1025.5308     9.2649    25.3909     9.8194    299.245    9.33939  284.61802    105.139 0.0000e+00
   39.84408  -72.90666     30.919     30.680     9.2656    32.8475      8.013     1.9220 5.8133e-01  1025.5318     9.2623    25.3915     9.8200    299.266    9.33949  284.62295    105.145 0.0000e+00
   39.84408  -72.90666     30.928     30.689     9.2638    32.8480      8.013     1.9220 5.7805e-01  1025.5324     9.2605    25.3923     9.8153    299.126    9.34055  284.65665    105.083 0.0000e+00
   39.84408  -72.90666     30.960     30.721     9.2619    32.8482      8.009     1.9220 5.7642e-01  1025.5337     9.2586    25.3930     9.8162    299.153    9.34156  284.68732    105.081 0.0000e+00
   39.84408  -72.90666     30.990     30.751     9.2605    32.8482      8.013     1.9220 5.7479e-01  1025.5343     9.2572    25.3934     9.8113    299.004    9.34239  284.71258    105.020 0.0000e+00
   39.84408  -72.90666     31.000     30.760     9.2594    32.8482      8.009     1.9220 5.6993e-01  1025.5338     9.2561    25.3932     9.8171    299.179    9.34315  284.73537    105.072 0.0000e+00
   39.84408  -72.90666     31.041     30.801     9.2573    32.8473      8.013     1.9220 5.6832e-01  1025.5335     9.2540    25.3927     9.8118    299.017    9.34366  284.74993    105.011 -9.990e-29
   39.84408  -72.90666     31.041     30.801     9.2550    32.8465      8.013     1.9220 5.6832e-01  1025.5331     9.2517    25.3925     9.8121    299.025    9.34414  284.76426    105.008 -9.990e-29
   39.84408  -72.90666     31.081     30.841     9.2522    32.8458      8.013     1.9085 5.6352e-01  1025.5336     9.2489    25.3923     9.8126    299.041    9.34455  284.77616    105.009 0.0000e+00
   39.84408  -72.90666     31.102     30.862     9.2499    32.8450      8.009     1.9220 5.5876e-01  1025.5331     9.2466    25.3921     9.8126    299.038    9.34475  284.78150    105.006 0.0000e+00
   39.84408  -72.90666     31.111     30.871     9.2466    32.8441      8.009     1.9220 5.6035e-01  1025.5330     9.2433    25.3919     9.8066    298.857    9.34474  284.78096    104.943 0.0000e+00
   39.84408  -72.90666     31.153     30.912     9.2433    32.8430      8.013     1.9220 5.5561e-01  1025.5334     9.2399    25.3916     9.8069    298.866    9.34531  284.79946    104.939 0.0000e+00
   39.84408  -72.90666     31.173     30.933     9.2400    32.8406      8.013     1.9220 5.5404e-01  1025.5329     9.2367    25.3903     9.8081    298.904    9.34638  284.83316    104.940 0.0000e+00
   39.84408  -72.90666     31.204     30.963     9.2361    32.8365      8.009     1.9220 5.5248e-01  1025.5293     9.2328    25.3878     9.8030    298.749    9.34752  284.86750    104.873 0.0000e+00
   39.84408  -72.90666     31.224     30.983     9.2302    32.8322      8.009     1.9220 5.4936e-01  1025.5258     9.2269    25.3854     9.8031    298.751    9.34828  284.88992    104.865 0.0000e+00
   39.84408  -72.90666     31.234     30.993     9.2226    32.8308      8.009     1.9220 5.4626e-01  1025.5251     9.2193    25.3848     9.8034    298.760    9.34892  284.90903    104.862 0.0000e+00
   39.84408  -72.90666     31.255     31.013     9.2144    32.8301      8.009     1.9220 5.4626e-01  1025.5279     9.2111    25.3860     9.8038    298.772    9.34927  284.91905    104.862 0.0000e+00
   39.84408  -72.90666     31.285     31.043     9.2079    32.8301      8.013     1.9085 5.4165e-01  1025.5302     9.2046    25.3876     9.7985    298.608    9.34942  284.92291    104.803 0.0000e+00
   39.84408  -72.90666     31.306     31.064     9.2020    32.8301      8.009     1.9085 5.3859e-01  1025.5310     9.1987    25.3881     9.7983    298.602    9.34925  284.91682    104.803 0.0000e+00
   39.84408  -72.90666     31.336     31.094     9.1958    32.8288      8.009     1.9085 5.3859e-01  1025.5294     9.1925    25.3878     9.7986    298.610    9.34907  284.91137    104.808 0.0000e+00
   39.84408  -72.90666     31.346     31.104     9.1876    32.8288      8.009     1.9085 5.3555e-01  1025.5290     9.1843    25.3882     9.7993    298.633    9.34893  284.90707    104.818 0.0000e+00
   39.84408  -72.90666     31.376     31.134     9.1790    32.8288      8.009     1.9085 5.3103e-01  1025.5324     9.1757    25.3907     9.7939    298.468    9.34895  284.90815    104.759 0.0000e+00
   39.84408  -72.90666     31.387     31.145     9.1717    32.8318      8.009     1.9085 5.2953e-01  1025.5370     9.1684    25.3941     9.7943    298.479    9.34917  284.91520    104.761 0.0000e+00
   39.84408  -72.90666     31.406     31.164     9.1661    32.8343      8.009     1.9085 5.2803e-01  1025.5402     9.1628    25.3969     9.7942    298.476    9.34932  284.91931    104.758 0.0000e+00
   39.84408  -72.90666     31.428     31.186     9.1617    32.8356      8.009     1.9085 5.2505e-01  1025.5417     9.1584    25.3987     9.7940    298.470    9.34903  284.90998    104.759 0.0000e+00
   39.84408  -72.90666     31.438     31.195     9.1568    32.8361      8.009     1.9085 5.2505e-01  1025.5428     9.1535    25.3999     9.7932    298.446    9.34863  284.89765    104.756 0.0000e+00
   39.84408  -72.90666     31.459     31.216     9.1518    32.8363      8.009     1.9085 5.2209e-01  1025.5433     9.1485    25.4009     9.7940    298.470    9.34852  284.89446    104.765 0.0000e+00
   39.84408  -72.90666     31.489     31.246     9.1460    32.8370      8.009     1.9085 5.1915e-01  1025.5448     9.1427    25.4023     9.7883    298.297    9.34832  284.88848    104.706 -9.990e-29
   39.84408  -72.90666     31.489     31.246     9.1408    32.8386      8.009     1.9085 5.1768e-01  1025.5471     9.1375    25.4044     9.7882    298.295    9.34823  284.88617    104.707 -9.990e-29
   39.84408  -72.90666     31.519     31.276     9.1359    32.8407      8.009     1.9085 5.1622e-01  1025.5498     9.1326    25.4068     9.7888    298.313    9.34832  284.88954    104.712 0.0000e+00
   39.84408  -72.90666     31.529     31.285     9.1320    32.8430      8.009     1.9085 5.1185e-01  1025.5523     9.1287    25.4091     9.7850    298.197    9.34870  284.90109    104.667 0.0000e+00
   39.84408  -72.90666     31.550     31.306     9.1288    32.8452      8.009     1.9085 5.1041e-01  1025.5547     9.1255    25.4114     9.7856    298.215    9.34876  284.90264    104.673 0.0000e+00
   39.84408  -72.90666     31.570     31.326     9.1264    32.8474      8.009     1.9085 5.1041e-01  1025.5569     9.1230    25.4135     9.7864    298.240    9.34864  284.89886    104.683 0.0000e+00
   39.84408  -72.90666     31.591     31.347     9.1248    32.8494      8.009     1.9085 5.0753e-01  1025.5588     9.1215    25.4153     9.7810    298.075    9.34859  284.89748    104.625 0.0000e+00
   39.84408  -72.90666     31.601     31.356     9.1235    32.8512      8.009     1.9085 5.0609e-01  1025.5606     9.1202    25.4169     9.7811    298.079    9.34855  284.89621    104.627 0.0000e+00
   39.84408  -72.90666     31.610     31.366     9.1229    32.8512      8.009     1.9085 5.0466e-01  1025.5618     9.1195    25.4182     9.7818    298.100    9.34860  284.89792    104.634 0.0000e+00
   39.84404  -72.90644     31.642     31.397     9.1229    32.8512      8.009     1.9085 5.0324e-01  1025.5633     9.1195    25.4190     9.7768    297.948    9.34852  284.89530    104.582 -9.990e-29
   39.84404  -72.90644     31.640     31.396     9.1227    32.8510      8.009     1.9085 5.0040e-01  1025.5650     9.1194    25.4170     9.7767    297.944    9.34849  284.89472    104.580 -9.990e-29
   39.84404  -72.90644     31.661     31.417     9.1228    32.8413      8.009     1.9085 5.0040e-01  1025.5547     9.1195    25.4099     9.7763    297.932    9.34859  284.89765    104.575 0.0000e+00
   39.84404  -72.90644     31.682     31.437     9.1134    32.8354      8.009     1.9085 4.9898e-01  1025.5401     9.1100    25.4027     9.7703    297.749    9.34859  284.89735    104.511 0.0000e+00
   39.84404  -72.90644     31.691     31.447     9.0935    32.8354      8.009     1.9085 4.9757e-01  1025.5430     9.0901    25.4034     9.7697    297.732    9.34854  284.89607    104.506 0.0000e+00
   39.84404  -72.90644     31.712     31.467     9.0769    32.8354      8.009     1.9488 4.9617e-01  1025.5550     9.0736    25.4116     9.7699    297.738    9.34869  284.90066    104.506 0.0000e+00
