CalculateIndicators/WaterTemperature/Data/CTD_NYOS/20230517_C18.cnv
* Sea-Bird SBE 9 Data File:
* FileName = C:\Seabird 9 CTD\Data\2023\202305_offshore\20230517_C18.hex
* Software Version Seasave V 7.23.2
* Temperature SN = 4590
* Conductivity SN = 3228
* Number of Bytes Per Scan = 44
* Number of Voltage Words = 5
* Number of Scans Averaged by the Deck Unit = 1
* NMEA Latitude = 40 46.55 N
* NMEA Longitude = 072 34.45 W
* NMEA UTC (Time) = May 17 2023  06:57:41
* NMEA baud rate = 4800
** Ship: Seawolf
** Station: 10.1
** Operator: TDK
# nquan = 18
# nvalues = 8897                        
# units = specified
# name 0 = latitude: Latitude [deg]
# name 1 = longitude: Longitude [deg]
# name 2 = prDM: Pressure, Digiquartz [db]
# name 3 = depSM: Depth [salt water, m]
# name 4 = t090C: Temperature [ITS-90, deg C]
# name 5 = sal00: Salinity, Practical [PSU]
# name 6 = ph: pH
# name 7 = flECO-AFL: Fluorescence, WET Labs ECO-AFL/FL [mg/m^3]
# name 8 = cpar: CPAR/Corrected Irradiance [%]
# name 9 = density00: Density [density, kg/m^3]
# name 10 = potemp090C: Potential Temperature [ITS-90, deg C]
# name 11 = sigma-é00: Density [sigma-theta, kg/m^3]
# name 12 = sbeox0Mg/L: Oxygen, SBE 43 [mg/l]
# name 13 = sbox0Mm/Kg: Oxygen, SBE 43 [umol/kg]
# name 14 = oxsolMg/L: Oxygen Saturation, Garcia & Gordon [mg/l]
# name 15 = oxsolMm/Kg: Oxygen Saturation, Garcia & Gordon [umol/kg]
# name 16 = sbeox0PS: Oxygen, SBE 43 [% saturation]
# name 17 = flag:  0.000e+00
# span 0 =   40.77582,   40.77638       
# span 1 =  -72.57424,  -72.57362       
# span 2 =      1.622,     19.322       
# span 3 =      1.609,     19.172       
# span 4 =     9.2381,    10.6717       
# span 5 =    31.6519,    32.0100       
# span 6 =      7.918,      7.962       
# span 7 =     0.5923,     0.9415       
# span 8 = 5.0640e-11, 9.9999e+04       
# span 9 =  1024.2384,  1024.8254       
# span 10 =     9.2360,    10.6707      
# span 11 =    24.2297,    24.7409      
# span 12 =     8.4609,     8.9104      
# span 13 =    258.024,    271.797      
# span 14 =    9.08632,    9.35643      
# span 15 =  277.23399,  285.34349      
# span 16 =     90.449,     97.568      
# span 17 = 0.0000e+00, 0.0000e+00      
# interval = seconds: 0.0416667
# start_time = May 17 2023 06:57:45 [System UTC, first data scan.]
# bad_flag = -9.990e-29
*END*
[from data line 7076]
 -9.990e-29  -72.57380      2.076      2.060    10.6533    31.6573 -9.990e-29     0.7400 5.0640e-11  1024.2430    10.6530    24.2337     8.8315    269.459    9.09052  277.36103     97.151 -9.990e-29
 -9.990e-29  -72.57380      2.076      2.060    10.6533    31.6574 -9.990e-29     0.7400 5.0640e-11  1024.2432    10.6530    24.2337     8.8321    269.476    9.09051  277.36067     97.157 -9.990e-29
 -9.990e-29  -72.57380      2.058      2.042    10.6532    31.6576 -9.990e-29     0.7400 5.0640e-11  1024.2429    10.6530    24.2338     8.8319    269.470    9.09050  277.36029     97.155 -9.990e-29
 -9.990e-29  -72.57380      2.066      2.050    10.6531    31.6578 -9.990e-29     0.7535 5.0640e-11  1024.2435    10.6529    24.2340     8.8317    269.465    9.09050  277.36037     97.154 -9.990e-29
 -9.990e-29  -72.57380      2.057      2.041    10.6536    31.6578 -9.990e-29     0.7803 5.0640e-11  1024.2436    10.6534    24.2341     8.8322    269.479    9.09039  277.35701     97.160 -9.990e-29
 -9.990e-29  -72.57380      2.057      2.041    10.6544    31.6578 -9.990e-29     0.7803 5.0640e-11  1024.2431    10.6542    24.2339     8.8328    269.499    9.09043  277.35834     97.166 -9.990e-29
 -9.990e-29  -72.57380      2.046      2.030    10.6549    31.6578 -9.990e-29     0.7803 5.0640e-11  1024.2430    10.6547    24.2337     8.8334    269.516    9.09035  277.35590     97.173 -9.990e-29
 -9.990e-29  -72.57380      2.046      2.030    10.6554    31.6577 -9.990e-29     0.7803 5.0640e-11  1024.2427    10.6552    24.2336     8.8333    269.513    9.09033  277.35547     97.173 -9.990e-29
 -9.990e-29  -72.57380      2.036      2.020    10.6553    31.6576 -9.990e-29     0.7803 5.0640e-11  1024.2428    10.6550    24.2335     8.8332    269.509    9.09033  277.35538     97.171 -9.990e-29
 -9.990e-29  -72.57380      2.046      2.030    10.6557    31.6576 -9.990e-29     0.7803 5.0640e-11  1024.2425    10.6555    24.2334     8.8339    269.530    9.09035  277.35601     97.178 -9.990e-29
 -9.990e-29  -72.57380      2.036      2.020    10.6554    31.6576 -9.990e-29     0.7803 5.0640e-11  1024.2428    10.6552    24.2334     8.8345    269.551    9.09032  277.35509     97.186 -9.990e-29
 -9.990e-29  -72.57380      2.036      2.020    10.6557    31.6575 -9.990e-29     0.7803 5.0640e-11  1024.2425    10.6555    24.2333     8.8345    269.550    9.09033  277.35527     97.186 -9.990e-29
 -9.990e-29  -72.57380      2.036      2.020    10.6557    31.6573 -9.990e-29     0.7803 5.0640e-11  1024.2423    10.6555    24.2332     8.8345    269.550    9.09037  277.35653     97.186 -9.990e-29
 -9.990e-29  -72.57380      2.046      2.030    10.6556    31.6573 -9.990e-29     0.7803 5.0640e-11  1024.2424    10.6553    24.2332     8.8345    269.549    9.09036  277.35638     97.185 -9.990e-29
 -9.990e-29  -72.57380      2.036      2.020    10.6556    31.6572 -9.990e-29     0.7803 5.0640e-11  1024.2424    10.6553    24.2331     8.8345    269.548    9.09037  277.35659     97.185 -9.990e-29
 -9.990e-29  -72.57380      2.046      2.030    10.6556    31.6571 -9.990e-29     0.7803 5.0640e-11  1024.2423    10.6553    24.2330     8.8345    269.548    9.09040  277.35741     97.184 -9.990e-29
 -9.990e-29  -72.57380      2.057      2.041    10.6556    31.6569 -9.990e-29     0.7803 5.0640e-11  1024.2421    10.6553    24.2328     8.8344    269.546    9.09035  277.35601     97.184 -9.990e-29
 -9.990e-29  -72.57380      2.046      2.030    10.6553    31.6567 -9.990e-29     0.7803 5.0640e-11  1024.2420    10.6550    24.2328     8.8344    269.546    9.09040  277.35739     97.184 -9.990e-29
 -9.990e-29  -72.57380      2.066      2.050    10.6549    31.6563 -9.990e-29     0.7803 5.0640e-11  1024.2423    10.6547    24.2326     8.8343    269.545    9.09040  277.35751     97.183 -9.990e-29
 -9.990e-29  -72.57380      2.066      2.050    10.6546    31.6563 -9.990e-29     0.7803 5.0640e-11  1024.2410    10.6543    24.2322     8.8342    269.542    9.09036  277.35624     97.183 -9.990e-29
 -9.990e-29  -72.57380      2.066      2.050    10.6544    31.6563 -9.990e-29     0.7803 5.0640e-11  1024.2414    10.6542    24.2323     8.8342    269.541    9.09034  277.35573     97.182 -9.990e-29
 -9.990e-29  -72.57380      2.087      2.071    10.6539    31.6563 -9.990e-29     0.7803 5.0640e-11  1024.2422    10.6537    24.2327     8.8341    269.538    9.09033  277.35520     97.181 -9.990e-29
 -9.990e-29  -72.57380      2.096      2.080    10.6536    31.6566 -9.990e-29     0.7803 5.0640e-11  1024.2426    10.6533    24.2329     8.8340    269.535    9.09027  277.35350     97.181 -9.990e-29
 -9.990e-29  -72.57380      2.106      2.090    10.6534    31.6567 -9.990e-29     0.7803 5.0640e-11  1024.2424    10.6532    24.2331     8.8339    269.531    9.09019  277.35095     97.180 -9.990e-29
   40.77626  -72.57380      2.127      2.110    10.6524    31.6569 -9.990e-29     0.7803 5.0640e-11  1024.2432    10.6522    24.2333     8.8337    269.526    9.09009  277.34809     97.180 -9.990e-29
   40.77626  -72.57380      2.157      2.140    10.6526    31.6571 -9.990e-29     0.7803 5.0640e-11  1024.2430    10.6524    24.2336     8.8344    269.546    9.09007  277.34749     97.187 -9.990e-29
   40.77626  -72.57380      2.168      2.151    10.6524    31.6574 -9.990e-29     0.7803 5.0640e-11  1024.2437    10.6522    24.2338     8.8343    269.545    9.09005  277.34698     97.187 -9.990e-29
   40.77626  -72.57380      2.187      2.170    10.6526    31.6576 -9.990e-29     0.7803 5.0640e-11  1024.2439    10.6523    24.2339     8.8343    269.543    9.09000  277.34526     97.187 -9.990e-29
   40.77626  -72.57380      2.208      2.191    10.6526    31.6577 -9.990e-29     0.7803 5.0640e-11  1024.2439    10.6523    24.2340     8.8342    269.540    9.08996  277.34397     97.186 -9.990e-29
   40.77626  -72.57380      2.228      2.211    10.6526    31.6579 -9.990e-29     0.7669 5.0640e-11  1024.2444    10.6523    24.2342     8.8285    269.368    9.08998  277.34471     97.124 -9.990e-29
   40.77626  -72.57380      2.238      2.221    10.6531    31.6579 -9.990e-29     0.7669 5.0640e-11  1024.2443    10.6528    24.2342     8.8335    269.518    9.08996  277.34419     97.178 -9.990e-29
   40.77626  -72.57380      2.268      2.251    10.6532    31.6579 -9.990e-29     0.7669 5.0640e-11  1024.2446    10.6530    24.2342     8.8335    269.518    9.08994  277.34342     97.178 -9.990e-29
   40.77626  -72.57380      2.279      2.261    10.6536    31.6579 -9.990e-29     0.7669 5.0640e-11  1024.2443    10.6533    24.2340     8.8334    269.517    9.08993  277.34313     97.178 -9.990e-29
   40.77626  -72.57380      2.319      2.301    10.6536    31.6575 -9.990e-29     0.7669 5.0640e-11  1024.2442    10.6533    24.2337     8.8334    269.518    9.08993  277.34337     97.178 -9.990e-29
   40.77626  -72.57380      2.349      2.331    10.6538    31.6573 -9.990e-29     0.7669 5.0640e-11  1024.2439    10.6535    24.2335     8.8335    269.518    9.08995  277.34402     97.178 -9.990e-29
   40.77626  -72.57380      2.370      2.351    10.6536    31.6572 -9.990e-29     0.7669 5.0640e-11  1024.2442    10.6533    24.2335     8.8336    269.522    9.09004  277.34709     97.178 -9.990e-29
   40.77626  -72.57380      2.400      2.381    10.6535    31.6572 -9.990e-29     0.7669 5.0640e-11  1024.2447    10.6532    24.2336     8.8335    269.519    9.08997  277.34455     97.178 -9.990e-29
   40.77626  -72.57380      2.421      2.402    10.6539    31.6571 -9.990e-29     0.7669 5.0640e-11  1024.2442    10.6537    24.2334     8.8334    269.517    9.08991  277.34265     97.178 -9.990e-29
   40.77626  -72.57380      2.441      2.422    10.6535    31.6568 -9.990e-29     0.7803 5.0640e-11  1024.2443    10.6532    24.2332     8.8334    269.517    9.08992  277.34294     97.178 -9.990e-29
   40.77626  -72.57380      2.460      2.441    10.6534    31.6565 -9.990e-29     0.7669 5.0640e-11  1024.2439    10.6531    24.2330     8.8334    269.516    9.08990  277.34222     97.178 -9.990e-29
   40.77626  -72.57380      2.481      2.462    10.6526    31.6565 -9.990e-29     0.7669 5.0640e-11  1024.2442    10.6523    24.2330     8.8335    269.518    9.08994  277.34373     97.178 -9.990e-29
   40.77626  -72.57380      2.513      2.493    10.6521    31.6565 -9.990e-29     0.7669 5.0640e-11  1024.2446    10.6518    24.2332     8.8391    269.691    9.08994  277.34359     97.241 -9.990e-29
   40.77626  -72.57380      2.521      2.501    10.6518    31.6566 -9.990e-29     0.7669 5.0640e-11  1024.2448    10.6515    24.2333     8.8398    269.712    9.08995  277.34381     97.248 -9.990e-29
   40.77626  -72.57380      2.541      2.522    10.6514    31.6566 -9.990e-29     0.7669 5.0640e-11  1024.2447    10.6511    24.2333     8.8348    269.560    9.08995  277.34374     97.193 -9.990e-29
   40.77626  -72.57380      2.541      2.522    10.6509    31.6567 -9.990e-29     0.7669 5.0640e-11  1024.2450    10.6506    24.2335     8.8348    269.558    9.08993  277.34328     97.193 -9.990e-29
   40.77626  -72.57380      2.572      2.552    10.6504    31.6569 -9.990e-29     0.7669 5.0640e-11  1024.2454    10.6501    24.2338     8.8347    269.556    9.08991  277.34264     97.192 -9.990e-29
   40.77626  -72.57380      2.592      2.572    10.6501    31.6571 -9.990e-29     0.7669 5.0640e-11  1024.2458    10.6498    24.2340     8.8347    269.555    9.08992  277.34288     97.192 -9.990e-29
   40.77626  -72.57380      2.592      2.572    10.6503    31.6572 -9.990e-29     0.7669 5.0640e-11  1024.2456    10.6500    24.2340     8.8346    269.553    9.08991  277.34255     97.191 -9.990e-29
   40.77626  -72.57380      2.613      2.593    10.6503    31.6573 -9.990e-29     0.7669 5.0640e-11  1024.2460    10.6500    24.2341     8.8403    269.725    9.08994  277.34374     97.253 -9.990e-29
   40.77626  -72.57380      2.634      2.613    10.6503    31.6575 -9.990e-29     0.7669 5.0640e-11  1024.2462    10.6500    24.2343     8.8352    269.572    9.08996  277.34423     97.198 -9.990e-29
   40.77626  -72.57380      2.623      2.602    10.6503    31.6575 -9.990e-29     0.7669 5.0640e-11  1024.2463    10.6500    24.2344     8.8352    269.570    9.08994  277.34372     97.197 -9.990e-29
   40.77626  -72.57380      2.643      2.623    10.6503    31.6575 -9.990e-29     0.7669 5.0640e-11  1024.2465    10.6500    24.2344     8.8351    269.568    9.08996  277.34421     97.196 -9.990e-29
   40.77626  -72.57380      2.643      2.623    10.6509    31.6575 -9.990e-29     0.7535 5.0640e-11  1024.2461    10.6506    24.2342     8.8350    269.565    9.08994  277.34358     97.195 -9.990e-29
   40.77626  -72.57380      2.653      2.632    10.6508    31.6574 -9.990e-29     0.7535 2.0476e-01  1024.2460    10.6505    24.2341     8.8350    269.564    9.08997  277.34445     97.195 -9.990e-29
   40.77626  -72.57380      2.675      2.654    10.6511    31.6574 -9.990e-29     0.7400 1.9751e+00  1024.2462    10.6508    24.2341     8.8349    269.561    9.08994  277.34344     97.194 -9.990e-29
   40.77626  -72.57380      2.683      2.662    10.6513    31.6574 -9.990e-29     0.7400 -9.990e-29  1024.2461    10.6509    24.2340     8.8348    269.559    9.08992  277.34312     97.193 -9.990e-29
   40.77626  -72.57380      2.653      2.632    10.6513    31.6574 -9.990e-29     0.7400 -9.990e-29  1024.2459    10.6510    24.2340     8.8404    269.730    9.08994  277.34344     97.255 -9.990e-29
   40.77626  -72.57380      2.653      2.632    10.6511    31.6574 -9.990e-29     0.7400 -9.990e-29  1024.2461    10.6508    24.2341     8.8354    269.578    9.08997  277.34458     97.200 -9.990e-29
   40.77626  -72.57380      2.683      2.662    10.6513    31.6574 -9.990e-29     0.7400 2.5909e+00  1024.2463    10.6509    24.2341     8.8353    269.575    9.08996  277.34420     97.199 -9.990e-29
   40.77626  -72.57380      2.673      2.653    10.6513    31.6573 -9.990e-29     0.7400 2.5909e+00  1024.2460    10.6510    24.2340     8.8352    269.573    9.08998  277.34495     97.198 -9.990e-29
   40.77626  -72.57380      2.673      2.653    10.6511    31.6571 -9.990e-29     0.7400 2.1147e+00  1024.2460    10.6508    24.2338     8.8352    269.570    9.08997  277.34433     97.197 -9.990e-29
   40.77626  -72.57380      2.653      2.632    10.6513    31.6571 -9.990e-29     0.7535 1.7881e+00  1024.2455    10.6510    24.2337     8.8408    269.742    9.09005  277.34667     97.258 -9.990e-29
   40.77626  -72.57380      2.664      2.643    10.6511    31.6571 -9.990e-29     0.7400 1.2303e+00  1024.2460    10.6508    24.2339     8.8414    269.761    9.09004  277.34630     97.265 -9.990e-29
   40.77626  -72.57380      2.664      2.643    10.6509    31.6571 -9.990e-29     0.7400 1.9249e-01  1024.2460    10.6506    24.2339     8.8420    269.779    9.09007  277.34732     97.271 -9.990e-29
   40.77626  -72.57380      2.664      2.643    10.6513    31.6571 -9.990e-29     0.7400 5.0640e-11  1024.2457    10.6510    24.2339     8.8369    269.621    9.09002  277.34594     97.215 -9.990e-29
   40.77626  -72.57380      2.643      2.623    10.6509    31.6572 -9.990e-29     0.7400 5.0640e-11  1024.2460    10.6506    24.2340     8.8367    269.616    9.09002  277.34606     97.213 -9.990e-29
   40.77626  -72.57380      2.634      2.613    10.6509    31.6573 -9.990e-29     0.7400 5.0640e-11  1024.2459    10.6506    24.2340     8.8366    269.613    9.09008  277.34759     97.211 -9.990e-29
   40.77626  -72.57380      2.623      2.602    10.6511    31.6573 -9.990e-29     0.7400 5.0640e-11  1024.2459    10.6508    24.2340     8.8364    269.607    9.09006  277.34714     97.209 -9.990e-29
   40.77626  -72.57380      2.623      2.602    10.6513    31.6575 -9.990e-29     0.7400 5.0640e-11  1024.2456    10.6510    24.2340     8.8419    269.777    9.09011  277.34886     97.270 -9.990e-29
   40.77626  -72.57380      2.583      2.563    10.6511    31.6577 -9.990e-29     0.7400 5.0640e-11  1024.2461    10.6508    24.2342     8.8425    269.794    9.09016  277.35020     97.276 -9.990e-29
   40.77626  -72.57380      2.583      2.563    10.6514    31.6578 -9.990e-29     0.7400 5.0640e-11  1024.2460    10.6511    24.2343     8.8430    269.810    9.09017  277.35060     97.281 -9.990e-29
   40.77626  -72.57380      2.552      2.533    10.6518    31.6578 -9.990e-29     0.7400 5.0640e-11  1024.2459    10.6515    24.2343     8.8434    269.822    9.09012  277.34902     97.286 -9.990e-29
   40.77626  -72.57380      2.532      2.512    10.6523    31.6578 -9.990e-29     0.7400 5.0640e-11  1024.2457    10.6520    24.2342     8.8382    269.663    9.09015  277.34974     97.229 -9.990e-29
   40.77626  -72.57380      2.511      2.492    10.6526    31.6576 -9.990e-29     0.7400 5.0640e-11  1024.2451    10.6523    24.2339     8.8436    269.826    9.09011  277.34867     97.288 -9.990e-29
   40.77626  -72.57380      2.491      2.471    10.6526    31.6575 -9.990e-29     0.7400 5.0640e-11  1024.2452    10.6523    24.2338     8.8440    269.840    9.09016  277.35014     97.292 -9.990e-29
   40.77626  -72.57380      2.481      2.462    10.6529    31.6575 -9.990e-29     0.7400 5.0640e-11  1024.2450    10.6526    24.2338     8.8443    269.850    9.09010  277.34845     97.296 -9.990e-29
   40.77626  -72.57380      2.441      2.422    10.6531    31.6574 -9.990e-29     0.7400 5.0640e-11  1024.2449    10.6528    24.2338     8.8447    269.860    9.09010  277.34839     97.300 -9.990e-29
   40.77626  -72.57380      2.430      2.411    10.6531    31.6574 -9.990e-29     0.7669 5.0640e-11  1024.2446    10.6528    24.2337     8.8450    269.871    9.09013  277.34916     97.304 -9.990e-29
   40.77626  -72.57380      2.400      2.381    10.6531    31.6574 -9.990e-29     0.7669 5.0640e-11  1024.2446    10.6528    24.2337     8.8502    270.030    9.09015  277.34992     97.361 -9.990e-29
