CalculateIndicators/WaterTemperature/Data/CTD_NYOS/20231004_C14.cnv
* Sea-Bird SBE 9 Data File:
* FileName = C:\Seabird 9 CTD\Data\2023\202309_offshore\20231004_C14.hex
* Software Version Seasave V 7.23.2
* Temperature SN = 4590
* Conductivity SN = 3228
* Number of Bytes Per Scan = 44
* Number of Voltage Words = 5
* Number of Scans Averaged by the Deck Unit = 1
* NMEA Latitude = 40 00.02 N
* NMEA Longitude = 072 32.05 W
* NMEA UTC (Time) = Oct 04 2023  15:16:20
* NMEA baud rate = 4800
** Ship: seawolf
** Station: 9.4
** Operator: TDK
# nquan = 18
# nvalues = 15576                       
# units = specified
# name 0 = latitude: Latitude [deg]
# name 1 = longitude: Longitude [deg]
# name 2 = prDM: Pressure, Digiquartz [db]
# name 3 = depSM: Depth [salt water, m]
# name 4 = t090C: Temperature [ITS-90, deg C]
# name 5 = sal00: Salinity, Practical [PSU]
# name 6 = ph: pH
# name 7 = flECO-AFL: Fluorescence, WET Labs ECO-AFL/FL [mg/m^3]
# name 8 = cpar: CPAR/Corrected Irradiance [%]
# name 9 = density00: Density [density, kg/m^3]
# name 10 = potemp090C: Potential Temperature [ITS-90, deg C]
# name 11 = sigma-é00: Density [sigma-theta, kg/m^3]
# name 12 = sbeox0Mg/L: Oxygen, SBE 43 [mg/l]
# name 13 = sbox0Mm/Kg: Oxygen, SBE 43 [umol/kg]
# name 14 = oxsolMg/L: Oxygen Saturation, Garcia & Gordon [mg/l]
# name 15 = oxsolMm/Kg: Oxygen Saturation, Garcia & Gordon [umol/kg]
# name 16 = sbeox0PS: Oxygen, SBE 43 [% saturation]
# name 17 = flag:  0.000e+00
# span 0 =   40.00032,   40.00192       
# span 1 =  -72.53426,  -72.53276       
# span 2 =      1.991,     60.639       
# span 3 =      1.976,     60.165       
# span 4 =    11.7720,    18.3763       
# span 5 =    32.4182,    32.8712       
# span 6 =      7.642,      8.024       
# span 7 =    -0.1598,     0.8072       
# span 8 = 4.8821e-02, 1.8323e+02       
# span 9 =  1023.4768,  1024.9729       
# span 10 =    11.7645,    18.3758      
# span 11 =    23.4677,    24.7037      
# span 12 =     3.9909,     7.4511      
# span 13 =    121.712,    227.507      
# span 14 =    7.72401,    8.82765      
# span 15 =  235.84294,  269.21984      
# span 16 =     45.211,     96.401      
# span 17 = 0.0000e+00, 0.0000e+00      
# interval = seconds: 0.0416667
# start_time = Oct 04 2023 15:16:21 [System UTC, first data scan.]
# bad_flag = -9.990e-29
*END*
[from data line 10372]
   40.00140  -72.53326     20.516     20.358    18.0563    32.7602      8.010     0.2565 4.9496e+00  1023.6342    18.0528    23.5446     7.3913    225.669    7.77108  237.26375     95.113 -9.990e-29
   40.00140  -72.53326     20.518     20.359    18.0565    32.7602      8.010     0.2565 4.9496e+00  1023.6342    18.0530    23.5446     7.3916    225.676    7.77111  237.26452     95.116 -9.990e-29
   40.00140  -72.53326     20.518     20.359    18.0566    32.7602      8.010     0.2565 4.9733e+00  1023.6340    18.0532    23.5445     7.3913    225.668    7.77112  237.26485     95.112 -9.990e-29
   40.00140  -72.53326     20.516     20.358    18.0565    32.7602      8.010     0.2565 5.0014e+00  1023.6339    18.0530    23.5445     7.3868    225.530    7.77112  237.26461     95.054 -9.990e-29
   40.00140  -72.53326     20.518     20.359    18.0563    32.7602      8.010     0.2700 5.0155e+00  1023.6343    18.0528    23.5445     7.3864    225.520    7.77111  237.26432     95.050 -9.990e-29
   40.00140  -72.53326     20.518     20.359    18.0566    32.7602      8.010     0.2565 5.0296e+00  1023.6338    18.0532    23.5445     7.3907    225.651    7.77109  237.26382     95.106 -9.990e-29
   40.00140  -72.53326     20.516     20.358    18.0565    32.7601      8.010     0.2700 5.1009e+00  1023.6340    18.0530    23.5445     7.3856    225.495    7.77104  237.26228     95.040 -9.990e-29
   40.00140  -72.53326     20.518     20.359    18.0566    32.7601      8.010     0.2700 5.1152e+00  1023.6341    18.0532    23.5445     7.3847    225.468    7.77100  237.26094     95.029 -9.990e-29
   40.00140  -72.53326     20.518     20.359    18.0566    32.7600      8.010     0.2565 5.1110e+00  1023.6340    18.0532    23.5443     7.3884    225.580    7.77094  237.25924     95.078 -9.990e-29
   40.00140  -72.53326     20.518     20.359    18.0566    32.7597      8.010     0.2700 5.0966e+00  1023.6336    18.0532    23.5441     7.3883    225.577    7.77089  237.25779     95.077 -9.990e-29
   40.00140  -72.53326     20.505     20.347    18.0566    32.7597      8.010     0.2565 5.0966e+00  1023.6334    18.0532    23.5440     7.3835    225.430    7.77085  237.25635     95.015 -9.990e-29
   40.00140  -72.53326     20.518     20.359    18.0567    32.7597      8.010     0.2297 5.0966e+00  1023.6335    18.0533    23.5441     7.3824    225.398    7.77081  237.25533     95.002 -9.990e-29
   40.00140  -72.53326     20.508     20.350    18.0565    32.7596      8.010     0.2297 5.1110e+00  1023.6340    18.0530    23.5442     7.3818    225.379    7.77077  237.25418     94.995 -9.990e-29
   40.00140  -72.53326     20.516     20.358    18.0565    32.7596      8.010     0.2297 5.1110e+00  1023.6339    18.0530    23.5440     7.3812    225.361    7.77082  237.25561     94.987 -9.990e-29
   40.00140  -72.53326     20.498     20.340    18.0566    32.7586      8.010     0.2162 5.1254e+00  1023.6329    18.0532    23.5433     7.3807    225.345    7.77091  237.25846     94.979 -9.990e-29
   40.00130  -72.53336     20.518     20.359    18.0566    32.7586      8.010     0.2162 5.0966e+00  1023.6314    18.0532    23.5428     7.3802    225.329    7.77104  237.26248     94.970 -9.990e-29
   40.00130  -72.53336     20.505     20.347    18.0563    32.7586      8.010     0.2162 5.0823e+00  1023.6325    18.0528    23.5431     7.3797    225.314    7.77124  237.26815     94.962 -9.990e-29
   40.00130  -72.53336     20.487     20.329    18.0556    32.7591      8.010     0.2162 5.0823e+00  1023.6336    18.0522    23.5438     7.3792    225.297    7.77139  237.27227     94.953 -9.990e-29
   40.00130  -72.53336     20.508     20.350    18.0553    32.7591      8.010     0.2162 5.0538e+00  1023.6339    18.0518    23.5442     7.3785    225.275    7.77138  237.27178     94.944 -9.990e-29
   40.00130  -72.53336     20.496     20.338    18.0553    32.7591      8.010     0.2162 5.0212e+00  1023.6336    18.0518    23.5442     7.3781    225.263    7.77124  237.26732     94.941 -9.990e-29
   40.00130  -72.53336     20.487     20.329    18.0549    32.7591      8.010     0.2297 5.0212e+00  1023.6333    18.0514    23.5440     7.3772    225.237    7.77109  237.26288     94.931 -9.990e-29
   40.00130  -72.53336     20.498     20.340    18.0547    32.7589      8.010     0.2162 5.0212e+00  1023.6335    18.0513    23.5439     7.3763    225.210    7.77095  237.25891     94.922 -9.990e-29
   40.00130  -72.53336     20.486     20.328    18.0549    32.7589      8.010     0.2162 5.0354e+00  1023.6332    18.0514    23.5438     7.3755    225.184    7.77085  237.25600     94.912 -9.990e-29
   40.00130  -72.53336     20.478     20.320    18.0551    32.7589      8.010     0.2297 5.0354e+00  1023.6329    18.0516    23.5440     7.3751    225.173    7.77080  237.25447     94.908 -9.990e-29
   40.00130  -72.53336     20.487     20.329    18.0544    32.7596      8.010     0.2162 5.0071e+00  1023.6341    18.0510    23.5446     7.3747    225.160    7.77070  237.25131     94.904 -9.990e-29
   40.00130  -72.53336     20.487     20.329    18.0539    32.7604      8.010     0.2297 4.9931e+00  1023.6347    18.0504    23.5452     7.3739    225.135    7.77065  237.24993     94.894 -9.990e-29
   40.00130  -72.53336     20.465     20.307    18.0539    32.7609      8.010     0.2162 4.9790e+00  1023.6352    18.0504    23.5457     7.3734    225.122    7.77056  237.24734     94.889 -9.990e-29
   40.00130  -72.53336     20.467     20.309    18.0540    32.7612      8.010     0.2162 4.9650e+00  1023.6353    18.0505    23.5459     7.3726    225.096    7.77049  237.24516     94.879 -9.990e-29
   40.00130 -9.990e-29     20.467     20.309    18.0541    32.7612      8.010     0.2162 4.9233e+00  1023.6354    18.0506    23.5460     7.3722    225.085    7.77046  237.24425     94.875 -9.990e-29
   40.00130 -9.990e-29     20.465     20.307    18.0542    32.7612      8.010     0.2162 4.8957e+00  1023.6353    18.0508    23.5459     7.3718    225.071    7.77039  237.24234     94.870 -9.990e-29
   40.00130 -9.990e-29     20.447     20.290    18.0547    32.7612      8.010     0.2162 4.8957e+00  1023.6349    18.0513    23.5457     7.3714    225.059    7.77035  237.24091     94.865 -9.990e-29
   40.00130 -9.990e-29     20.457     20.299    18.0551    32.7610      8.010     0.2162 4.8545e+00  1023.6348    18.0516    23.5454     7.3710    225.048    7.77033  237.24040     94.861 -9.990e-29
   40.00130 -9.990e-29     20.454     20.297    18.0556    32.7609      8.010     0.2297 4.8273e+00  1023.6343    18.0522    23.5452     7.3711    225.050    7.77032  237.24023     94.862 -9.990e-29
   40.00130 -9.990e-29     20.447     20.290    18.0556    32.7609      8.010     0.2162 4.8409e+00  1023.6345    18.0522    23.5451     7.3707    225.040    7.77032  237.24029     94.857 -9.990e-29
   40.00130 -9.990e-29     20.436     20.279    18.0556    32.7609      8.010     0.2162 4.8002e+00  1023.6343    18.0522    23.5452     7.3755    225.185    7.77032  237.24041     94.919 -9.990e-29
   40.00130 -9.990e-29     20.435     20.277    18.0556    32.7612      8.010     0.2565 4.7827e+00  1023.6348    18.0522    23.5454     7.3755    225.187    7.77029  237.23940     94.920 -9.990e-29
   40.00130 -9.990e-29     20.436     20.279    18.0561    32.7612      8.010     0.2700 4.7693e+00  1023.6347    18.0527    23.5455     7.3761    225.205    7.77034  237.24084     94.927 -9.990e-29
   40.00130 -9.990e-29     20.417     20.260    18.0563    32.7612      8.010     0.2700 4.7292e+00  1023.6347    18.0529    23.5455     7.3766    225.220    7.77030  237.23978     94.933 -9.990e-29
   40.00130 -9.990e-29     20.427     20.269    18.0565    32.7611      8.010     0.2700 4.7027e+00  1023.6344    18.0530    23.5452     7.3771    225.236    7.77032  237.24042     94.940 -9.990e-29
   40.00130 -9.990e-29     20.414     20.257    18.0570    32.7609      8.010     0.2700 4.6895e+00  1023.6338    18.0536    23.5450     7.3777    225.253    7.77035  237.24140     94.947 -9.990e-29
   40.00130 -9.990e-29     20.417     20.260    18.0568    32.7608      8.010     0.2700 4.6763e+00  1023.6340    18.0534    23.5448     7.3778    225.257    7.77040  237.24299     94.948 -9.990e-29
   40.00130 -9.990e-29     20.406     20.249    18.0572    32.7606      8.010     0.2565 4.6631e+00  1023.6339    18.0537    23.5446     7.3784    225.274    7.77045  237.24444     94.954 -9.990e-29
   40.00130 -9.990e-29     20.405     20.247    18.0580    32.7602      8.010     0.2700 4.6500e+00  1023.6330    18.0546    23.5441     7.3790    225.292    7.77053  237.24708     94.961 -9.990e-29
   40.00130 -9.990e-29     20.396     20.239    18.0581    32.7599      8.010     0.2565 4.6631e+00  1023.6329    18.0546    23.5439     7.3795    225.309    7.77059  237.24870     94.967 -9.990e-29
   40.00130 -9.990e-29     20.406     20.249    18.0584    32.7598      8.010     0.2565 4.6631e+00  1023.6329    18.0549    23.5438     7.3801    225.326    7.77064  237.25028     94.974 -9.990e-29
   40.00130 -9.990e-29     20.394     20.236    18.0586    32.7597      8.010     0.2700 4.6631e+00  1023.6325    18.0551    23.5437     7.3806    225.341    7.77062  237.24963     94.980 -9.990e-29
   40.00130 -9.990e-29     20.376     20.219    18.0584    32.7597      8.010     0.2700 4.6631e+00  1023.6327    18.0549    23.5437     7.3811    225.358    7.77066  237.25088     94.987 -9.990e-29
   40.00130 -9.990e-29     20.385     20.228    18.0586    32.7597      8.010     0.2565 4.6895e+00  1023.6325    18.0551    23.5435     7.3816    225.374    7.77068  237.25148     94.994 -9.990e-29
   40.00130 -9.990e-29     20.384     20.227    18.0587    32.7597      8.010     0.2565 4.6855e+00  1023.6323    18.0553    23.5435     7.3822    225.389    7.77068  237.25148     95.000 -9.990e-29
   40.00130 -9.990e-29     20.376     20.219    18.0584    32.7598      8.010     0.2700 4.6987e+00  1023.6327    18.0549    23.5437     7.3827    225.405    7.77070  237.25184     95.007 -9.990e-29
   40.00130 -9.990e-29     20.376     20.219    18.0582    32.7602      8.010     0.2700 4.7253e+00  1023.6330    18.0548    23.5441     7.3878    225.562    7.77070  237.25203     95.073 -9.990e-29
   40.00130 -9.990e-29     20.376     20.219    18.0580    32.7605      8.010     0.2700 4.7253e+00  1023.6335    18.0546    23.5444     7.3841    225.450    7.77072  237.25264     95.025 -9.990e-29
   40.00130 -9.990e-29     20.363     20.206    18.0580    32.7608      8.010     0.2700 4.7386e+00  1023.6335    18.0546    23.5445     7.3841    225.450    7.77071  237.25213     95.025 -9.990e-29
   40.00130 -9.990e-29     20.376     20.219    18.0582    32.7608      8.010     0.2700 4.7653e+00  1023.6335    18.0548    23.5445     7.3842    225.452    7.77074  237.25315     95.026 -9.990e-29
   40.00130 -9.990e-29     20.355     20.198    18.0586    32.7608      8.010     0.2565 4.7653e+00  1023.6332    18.0551    23.5445     7.3893    225.609    7.77078  237.25426     95.091 -9.990e-29
   40.00130 -9.990e-29     20.363     20.206    18.0587    32.7608      8.010     0.2565 4.7787e+00  1023.6335    18.0553    23.5444     7.3898    225.621    7.77078  237.25436     95.097 -9.990e-29
   40.00130 -9.990e-29     20.366     20.209    18.0593    32.7608      8.010     0.2700 4.7922e+00  1023.6330    18.0559    23.5443     7.3855    225.491    7.77077  237.25399     95.042 -9.990e-29
   40.00130 -9.990e-29     20.366     20.209    18.0596    32.7607      8.010     0.2700 4.7922e+00  1023.6330    18.0561    23.5441     7.3859    225.503    7.77079  237.25469     95.047 -9.990e-29
   40.00130 -9.990e-29     20.355     20.198    18.0599    32.7606      8.010     0.2565 4.8057e+00  1023.6328    18.0565    23.5439     7.3863    225.515    7.77080  237.25487     95.052 -9.990e-29
   40.00130 -9.990e-29     20.354     20.197    18.0603    32.7604      8.010     0.2565 4.8057e+00  1023.6325    18.0568    23.5437     7.3862    225.514    7.77083  237.25576     95.051 -9.990e-29
   40.00130 -9.990e-29     20.355     20.198    18.0606    32.7602      8.010     0.2565 4.8057e+00  1023.6322    18.0572    23.5435     7.3862    225.511    7.77082  237.25548     95.050 -9.990e-29
   40.00130 -9.990e-29     20.355     20.198    18.0603    32.7602      8.010     0.2565 4.8057e+00  1023.6324    18.0568    23.5435     7.3861    225.508    7.77084  237.25591     95.049 -9.990e-29
   40.00130 -9.990e-29     20.363     20.206    18.0598    32.7602      8.010     0.2431 4.8057e+00  1023.6322    18.0563    23.5436     7.3906    225.647    7.77087  237.25692     95.107 -9.990e-29
   40.00130 -9.990e-29     20.355     20.198    18.0589    32.7602      8.010     0.2431 4.8192e+00  1023.6324    18.0555    23.5440     7.3862    225.513    7.77085  237.25638     95.051 -9.990e-29
   40.00130 -9.990e-29     20.346     20.189    18.0572    32.7612      8.010     0.2565 4.8192e+00  1023.6337    18.0537    23.5451     7.3861    225.510    7.77090  237.25800     95.048 -9.990e-29
   40.00130 -9.990e-29     20.363     20.206    18.0556    32.7627      8.010     0.2565 4.8192e+00  1023.6355    18.0522    23.5464     7.3859    225.504    7.77091  237.25810     95.046 -9.990e-29
   40.00130 -9.990e-29     20.355     20.198    18.0551    32.7639      8.010     0.2431 4.8192e+00  1023.6369    18.0517    23.5475     7.3904    225.639    7.77092  237.25860     95.103 -9.990e-29
   40.00130 -9.990e-29     20.355     20.198    18.0559    32.7642      8.010     0.2565 4.8192e+00  1023.6370    18.0525    23.5479     7.3906    225.646    7.77093  237.25890     95.105 -9.990e-29
   40.00130 -9.990e-29     20.366     20.209    18.0570    32.7642      8.010     0.2565 4.8328e+00  1023.6367    18.0536    23.5477     7.3908    225.652    7.77098  237.26047     95.107 -9.990e-29
   40.00130 -9.990e-29     20.363     20.206    18.0580    32.7642      8.010     0.2565 4.8738e+00  1023.6361    18.0546    23.5472     7.3863    225.514    7.77101  237.26128     95.049 -9.990e-29
   40.00130 -9.990e-29     20.355     20.198    18.0589    32.7637      8.010     0.2431 4.8738e+00  1023.6354    18.0555    23.5466     7.3859    225.504    7.77101  237.26122     95.045 -9.990e-29
   40.00130 -9.990e-29     20.366     20.209    18.0594    32.7635      8.010     0.2431 4.8875e+00  1023.6350    18.0560    23.5463     7.3856    225.493    7.77103  237.26173     95.040 -9.990e-29
   40.00130 -9.990e-29     20.363     20.206    18.0599    32.7635      8.010     0.2431 4.9289e+00  1023.6353    18.0565    23.5462     7.3899    225.626    7.77110  237.26396     95.095 -9.990e-29
   40.00130 -9.990e-29     20.366     20.209    18.0605    32.7634      8.010     0.2565 4.9428e+00  1023.6347    18.0570    23.5459     7.3854    225.487    7.77117  237.26610     95.036 -9.990e-29
   40.00130 -9.990e-29     20.366     20.209    18.0610    32.7631      8.010     0.2431 4.9428e+00  1023.6347    18.0576    23.5457     7.3896    225.617    7.77121  237.26736     95.090 -9.990e-29
   40.00130 -9.990e-29     20.363     20.206    18.0617    32.7629      8.010     0.2431 4.9568e+00  1023.6341    18.0582    23.5453     7.3850    225.475    7.77124  237.26829     95.030 -9.990e-29
   40.00130 -9.990e-29     20.385     20.228    18.0620    32.7626      8.010     0.2565 4.9568e+00  1023.6339    18.0586    23.5450     7.3846    225.463    7.77129  237.26997     95.024 -9.990e-29
   40.00130 -9.990e-29     20.376     20.219    18.0624    32.7626      8.010     0.2565 4.9707e+00  1023.6339    18.0589    23.5449     7.3842    225.452    7.77144  237.27476     95.017 -9.990e-29
   40.00130 -9.990e-29     20.376     20.219    18.0627    32.7625      8.010     0.2431 4.9847e+00  1023.6337    18.0593    23.5447     7.3839    225.442    7.77165  237.28108     95.011 -9.990e-29
   40.00130 -9.990e-29     20.373     20.216    18.0629    32.7622      8.010     0.2431 5.0129e+00  1023.6335    18.0595    23.5444     7.3882    225.573    7.77182  237.28613     95.064 -9.990e-29
