CalculateIndicators/WaterTemperature/Data/CTD_NYOS/20230516_C09B.cnv
* Sea-Bird SBE 9 Data File:
* FileName = C:\Seabird 9 CTD\Data\2023\202305_offshore\20230516_C11.hex
* Software Version Seasave V 7.23.2
* Temperature SN = 4590
* Conductivity SN = 3228
* Number of Bytes Per Scan = 44
* Number of Voltage Words = 5
* Number of Scans Averaged by the Deck Unit = 1
* NMEA Latitude = 39 19.48 N
* NMEA Longitude = 072 04.74 W
* NMEA UTC (Time) = May 16 2023  08:05:18
* NMEA baud rate = 4800
** Ship: Seawolf
** Station: 9.7
** Operator: TDK
# nquan = 18
# nvalues = 483                         
# units = specified
# name 0 = latitude: Latitude [deg]
# name 1 = longitude: Longitude [deg]
# name 2 = prDM: Pressure, Digiquartz [db]
# name 3 = depSM: Depth [salt water, m]
# name 4 = t090C: Temperature [ITS-90, deg C]
# name 5 = sal00: Salinity, Practical [PSU]
# name 6 = ph: pH
# name 7 = flECO-AFL: Fluorescence, WET Labs ECO-AFL/FL [mg/m^3]
# name 8 = cpar: CPAR/Corrected Irradiance [%]
# name 9 = density00: Density [density, kg/m^3]
# name 10 = potemp090C: Potential Temperature [ITS-90, deg C]
# name 11 = sigma-100: Density [sigma-1, kg/m^3 ]
# name 12 = sbeox0Mg/L: Oxygen, SBE 43 [mg/l]
# name 13 = sbox0Mm/Kg: Oxygen, SBE 43 [umol/kg]
# name 14 = oxsolMg/L: Oxygen Saturation, Garcia & Gordon [mg/l]
# name 15 = oxsolMm/Kg: Oxygen Saturation, Garcia & Gordon [umol/kg]
# name 16 = sbeox0PS: Oxygen, SBE 43 [% saturation]
# name 17 = flag: flag
# span 0 =   39.32472,   39.32850       
# span 1 =  -72.07899,  -72.06935       
# span 2 =      2.000,    304.000       
# span 3 =      1.985,    301.467       
# span 4 =    10.5931,    15.1107       
# span 5 =    34.0577,    37.6178       
# span 6 =      7.819,      8.091       
# span 7 =    -0.0872,     0.8326       
# span 8 = -8.164e+03, 1.0866e+05       
# span 9 =  1025.4683,  1030.1709       
# span 10 =    10.5553,    15.0930      
# span 11 =    29.8403,    33.2812      
# span 12 =     3.2018,     8.4368      
# span 13 =     97.535,    257.068      
# span 14 =    8.08689,    8.80957      
# span 15 =  246.21233,  267.87823      
# span 16 =     38.521,    102.073      
# span 17 = 0.0000e+00, 0.0000e+00      
# interval = decibars: 1                
# start_time = May 16 2023 08:05:18 [System UTC, first data scan.]
# bad_flag = -9.990e-29
*END*
[from data line 161]
 -9.990e-29  -72.07667    163.000    161.697    14.5109    35.8576 -9.990e-29    -0.0630 5.0640e-11  1027.4632    14.4866    31.1055     3.8806    118.110    8.17328  248.76328     47.479 0.0000e+00
   39.32564  -72.07666    164.000    162.689    14.5038    35.8613      7.998    -0.0727 5.0640e-11  1027.4720    14.4794    31.1100     3.8616    117.531    8.17433  248.79393     47.240 0.0000e+00
   39.32564 -9.990e-29    165.000    163.680    14.4744    35.8766      7.997    -0.0531 5.0640e-11  1027.4947    14.4498    31.1287     3.8335    116.675    8.17837  248.91261     46.874 0.0000e+00
   39.32564 -9.990e-29    166.000    164.672    14.4705    35.8787 -9.990e-29    -0.0395 5.0640e-11  1027.5016    14.4458    31.1312     3.8307    116.590    8.17893  248.92901     46.837 0.0000e+00
   39.32564 -9.990e-29    167.000    165.664    14.4650    35.8814 -9.990e-29    -0.0629 5.0640e-11  1027.5093    14.4402    31.1346     3.8183    116.210    8.17972  248.95240     46.680 0.0000e+00
   39.32564  -72.07660    168.000    166.655    14.4350    35.8954      7.995    -0.0775 5.0640e-11  1027.5311    14.4100    31.1524     3.8273    116.484    8.18350  249.06390     46.769 0.0000e+00
   39.32564  -72.07659    169.000    167.647    14.4285    35.8981      7.990    -0.0672 5.0640e-11  1027.5390    14.4034    31.1560     3.8079    115.891    8.18493  249.10577     46.523 0.0000e+00
   39.32565  -72.07656    170.000    168.639    14.4014    35.9111      7.986    -0.0548 5.0640e-11  1027.5594    14.3762    31.1723     3.8021    115.714    8.18763  249.18594     46.437 0.0000e+00
   39.32566  -72.07656    171.000    169.630    14.3964    35.9115      7.986    -0.0586 5.0640e-11  1027.5653    14.3710    31.1739     3.8060    115.832    8.18789  249.19452     46.483 0.0000e+00
   39.32566  -72.07653    172.000    170.621    14.3942    35.9053      7.985    -0.0645 5.0640e-11  1027.5654    14.3686    31.1697     3.8404    116.881    8.18848  249.21355     46.900 0.0000e+00
   39.32567  -72.07652    173.000    171.613    14.3933    35.9010      7.982    -0.0525 5.0640e-11  1027.5667    14.3676    31.1666     3.8605    117.493    8.18864  249.21950     47.144 0.0000e+00
   39.32568  -72.07651    174.000    172.605    14.3941    35.8969      7.981    -0.0612 5.0640e-11  1027.5677    14.3683    31.1633     3.8573    117.396    8.18862  249.22002     47.105 0.0000e+00
   39.32569  -72.07646    175.000    173.596    14.3991    35.8822      7.978    -0.0681 5.0640e-11  1027.5597    14.3731    31.1509     3.8561    117.361    8.18837  249.21559     47.092 0.0000e+00
   39.32570  -72.07644    176.000    174.588    14.4016    35.8761      7.978    -0.0696 5.0640e-11  1027.5590    14.3755    31.1457     3.8590    117.449    8.18825  249.21313     47.128 0.0000e+00
   39.32570  -72.07642    177.000    175.579    14.4049    35.8685      7.976    -0.0581 5.0640e-11  1027.5568    14.3787    31.1391     3.8566    117.378    8.18817  249.21199     47.099 0.0000e+00
   39.32570  -72.07640    178.000    176.571    14.4079    35.8606      7.973    -0.0608 5.0640e-11  1027.5544    14.3815    31.1324     3.8673    117.704    8.18826  249.21592     47.230 0.0000e+00
   39.32572  -72.07640    179.000    177.562    14.4091    35.8545      7.972    -0.0634 5.0640e-11  1027.5539    14.3826    31.1275     3.8896    118.383    8.18855  249.22545     47.500 0.0000e+00
   39.32572  -72.07638    180.000    178.554    14.4084    35.8516      7.972    -0.0830 5.0640e-11  1027.5562    14.3817    31.1255     3.9132    119.103    8.18896  249.23831     47.787 0.0000e+00
   39.32572  -72.07636    181.000    179.545    14.4062    35.8489      7.972    -0.0531 5.0640e-11  1027.5591    14.3794    31.1240     3.9529    120.311    8.18961  249.25821     48.268 0.0000e+00
   39.32573  -72.07634    182.000    180.537    14.4036    35.8478      7.968    -0.0631 5.0640e-11  1027.5632    14.3766    31.1238     3.9657    120.698    8.19013  249.27411     48.420 0.0000e+00
   39.32574  -72.07632    183.000    181.529    14.3991    35.8464      7.967    -0.0522 5.0640e-11  1027.5675    14.3720    31.1238     3.9973    121.661    8.19090  249.29773     48.801 0.0000e+00
   39.32573  -72.07631    184.000    182.520    14.3965    35.8449      7.965    -0.0637 5.0640e-11  1027.5714    14.3692    31.1233     4.0038    121.858    8.19141  249.31333     48.878 0.0000e+00
   39.32574  -72.07628    185.000    183.512    14.3934    35.8434 -9.990e-29 -9.990e-29 5.0640e-11  1027.5753    14.3659    31.1229     4.0145    122.186    8.19206  249.33304     49.005 0.0000e+00
   39.32574  -72.07628    186.000    184.503    14.3885    35.8423 -9.990e-29    -0.0524 5.0640e-11  1027.5800    14.3609    31.1232     4.0133    122.148    8.19303  249.36237     48.984 0.0000e+00
   39.32574  -72.07627    187.000    185.495    14.3839    35.8423 -9.990e-29    -0.0641 5.0640e-11  1027.5854    14.3562    31.1243     4.0146    122.188    8.19383  249.38641     48.995 0.0000e+00
   39.32576  -72.07624    188.000    186.486    14.3793    35.8428 -9.990e-29    -0.0641 5.0640e-11  1027.5912    14.3514    31.1258     4.0047    121.887    8.19467  249.41119     48.870 0.0000e+00
   39.32576  -72.07624    189.000    187.478    14.3713    35.8447 -9.990e-29    -0.0599 5.0640e-11  1027.5988    14.3433    31.1292     3.9929    121.528    8.19607  249.45285     48.718 0.0000e+00
   39.32576  -72.07622    190.000    188.469    14.3633    35.8476      7.963    -0.0658 5.0640e-11  1027.6073    14.3351    31.1333     3.9858    121.311    8.19735  249.49065     48.623 0.0000e+00
   39.32576  -72.07620    191.000    189.461    14.3554    35.8507      7.963    -0.0548 5.0640e-11  1027.6158    14.3272    31.1376     3.9740    120.952    8.19851  249.52478     48.473 0.0000e+00
   39.32576  -72.07618    192.000    190.452    14.3431    35.8560      7.963    -0.0589 5.0640e-11  1027.6270    14.3146    31.1445     3.9557    120.393    8.20030  249.57762     48.239 0.0000e+00
   39.32576  -72.07617    193.000    191.443    14.3377    35.8584 -9.990e-29 -9.990e-29 5.0640e-11  1027.6344    14.3092    31.1476     3.9501    120.222    8.20117  249.60316     48.165 0.0000e+00
   39.32576  -72.07614    194.000    192.435    14.3218    35.8663 -9.990e-29 -9.990e-29 5.0640e-11  1027.6485    14.2931    31.1575     3.9250    119.455    8.20372  249.67789     47.844 0.0000e+00
   39.32578  -72.07613    195.000    193.426    14.3090    35.8736 -9.990e-29 -9.990e-29 5.0640e-11  1027.6613    14.2802    31.1660     3.9157    119.173    8.20556  249.73171     47.721 0.0000e+00
   39.32578  -72.07612    196.000    194.418    14.2960    35.8810 -9.990e-29    -0.0658 5.0640e-11  1027.6742    14.2671    31.1748     3.9021    118.757    8.20737  249.78475     47.544 0.0000e+00
   39.32580  -72.07610    197.000    195.409    14.2829    35.8885 -9.990e-29    -0.0566 5.0640e-11  1027.6873    14.2538    31.1836     3.8895    118.374    8.20922  249.83889     47.380 0.0000e+00
   39.32578  -72.07608    198.000    196.401    14.2575    35.9027      7.964    -0.0662 5.0640e-11  1027.7083    14.2283    31.2005     3.8770    117.990    8.21279  249.94335     47.207 0.0000e+00
   39.32578  -72.07608    199.000    197.392    14.2475    35.9085      7.965    -0.0658 5.0640e-11  1027.7193    14.2181    31.2073     3.8842    118.208    8.21421  249.98482     47.286 0.0000e+00
   39.32579  -72.07606    200.000    198.384    14.2410    35.9122      7.965    -0.0557 5.0640e-11  1027.7280    14.2115    31.2116     3.8744    117.911    8.21515  250.01243     47.162 0.0000e+00
 -9.990e-29  -72.07604    201.000    199.375    14.2066    35.9316      7.964    -0.0523 5.0640e-11  1027.7549    14.1770    31.2345     3.8888    118.345    8.21988  250.15074     47.310 0.0000e+00
 -9.990e-29  -72.07604    202.000    200.366    14.2024    35.9339      7.967    -0.0524 5.0640e-11  1027.7620    14.1726    31.2373     3.8764    117.966    8.22059  250.17163     47.154 0.0000e+00
   39.32582  -72.07600    203.000    201.358    14.1833    35.9450      7.967    -0.0668 5.0640e-11  1027.7792    14.1535    31.2503     3.8636    117.575    8.22344  250.25470     46.982 0.0000e+00
   39.32581  -72.07600    204.000    202.349    14.1509    35.9648      7.964    -0.0665 -9.990e-29  1027.8059    14.1210    31.2730     3.8704    117.780    8.22777  250.38123     47.040 0.0000e+00
   39.32580  -72.07599    205.000    203.341    14.1359    35.9730      7.956    -0.0655 5.0640e-11  1027.8199    14.1059    31.2828     3.8501    117.161    8.22922  250.42418     46.785 0.0000e+00
   39.32580  -72.07597    206.000    204.332    14.1143    35.9786      7.945    -0.0575 5.0640e-11  1027.8333    14.0841    31.2921     3.8463    117.049    8.23146  250.49245     46.728 0.0000e+00
   39.32580  -72.07596    207.000    205.324    14.1115    35.9762      7.941    -0.0524 5.0640e-11  1027.8365    14.0811    31.2910     3.8526    117.240    8.23211  250.51226     46.800 0.0000e+00
   39.32581  -72.07595    208.000    206.315    14.1082    35.9743      7.938    -0.0732 5.0640e-11  1027.8402    14.0777    31.2903     3.8481    117.101    8.23281  250.53383     46.741 0.0000e+00
   39.32582  -72.07592    209.000    207.306    14.0984    35.9701      7.935    -0.0580 5.0640e-11  1027.8435    14.0677    31.2894     3.8561    117.345    8.23477  250.59344     46.827 0.0000e+00
   39.32582 -9.990e-29    210.000    208.298    14.0941    35.9693      7.935    -0.0658 5.0640e-11  1027.8483    14.0634    31.2898     3.8634    117.568    8.23570  250.62115     46.911 0.0000e+00
   39.32582  -72.07589    211.000    209.289    14.0887    35.9695      7.932    -0.0605 5.0640e-11  1027.8540    14.0578    31.2913     3.8598    117.458    8.23730  250.66822     46.858 0.0000e+00
 -9.990e-29  -72.07587    212.000    210.281    14.0581    35.9848 -9.990e-29    -0.0661 5.0640e-11  1027.8768    14.0271    31.3100     3.8758    117.943    8.24226  250.81318     47.024 0.0000e+00
   39.32584  -72.07587    213.000    211.272    14.0495    35.9897 -9.990e-29    -0.0541 5.0640e-11  1027.8870    14.0183    31.3159     3.8732    117.862    8.24357  250.85162     46.985 0.0000e+00
   39.32586 -9.990e-29    214.000    212.263    14.0204    36.0071 -9.990e-29    -0.0561 5.0640e-11  1027.9111    13.9891    31.3360     3.8706    117.778    8.24781  250.97530     46.928 0.0000e+00
   39.32586  -72.07581    215.000    213.255    13.9915    36.0250      7.931    -0.0475 5.0640e-11  1027.9355    13.9601    31.3563     3.8778    117.996    8.25212  251.10081     46.992 0.0000e+00
   39.32586  -72.07580    216.000    214.246    13.9712    36.0379      7.929    -0.0689 5.0640e-11  1027.9544    13.9397    31.3710     3.8846    118.201    8.25627  251.22088     47.051 0.0000e+00
   39.32586  -72.07580    217.000    215.237    13.8928    36.1029      7.924    -0.0622 5.0640e-11  1028.0258    13.8613    31.4389     3.9049    118.802    8.27361  251.71746     47.196 0.0000e+00
   39.32586  -72.07579    218.000    216.229    13.7636    36.2149      7.923    -0.0712 -9.990e-29  1028.1445    13.7321    31.5545     3.9300    119.561    8.28166  251.94974     47.454 0.0000e+00
   39.32587  -72.07576    219.000    217.220    13.7205    36.2457      7.923    -0.0657 5.0640e-11  1028.1820    13.6889    31.5880     3.9415    119.908    8.28603  252.07704     47.568 0.0000e+00
   39.32588  -72.07575    220.000    218.211    13.7074    36.2528      7.922    -0.0636 5.0640e-11  1028.1947    13.6757    31.5965     3.9464    120.054    8.28950  252.17773     47.607 0.0000e+00
   39.32588  -72.07574    221.000    219.203    13.6674    36.2749      7.922    -0.0611 5.0640e-11  1028.2247    13.6356    31.6226     3.9619    120.525    8.29405  252.31181     47.768 0.0000e+00
   39.32588  -72.07574    222.000    220.194    13.6598    36.2762 -9.990e-29 -9.990e-29 5.0640e-11  1028.2318    13.6278    31.6253     3.9648    120.609    8.29681  252.39231     47.786 0.0000e+00
   39.32589  -72.07572    223.000    221.185    13.6200    36.3003      7.918    -0.0613 5.0640e-11  1028.2633    13.5879    31.6529     3.9530    120.251    8.30041  252.49881     47.624 0.0000e+00
   39.32590  -72.07571    224.000    222.177    13.5906    36.3156      7.917    -0.0539 5.0640e-11  1028.2859    13.5584    31.6714     3.9520    120.220    8.30313  252.58012     47.597 0.0000e+00
   39.32590  -72.07569    225.000    223.168    13.5755    36.3195      7.914    -0.0524 5.0640e-11  1028.2966    13.5432    31.6779     3.9487    120.121    8.30420  252.61368     47.551 0.0000e+00
   39.32592  -72.07566    226.000    224.159    13.5673    36.3081      7.914    -0.0632 5.0640e-11  1028.2938    13.5349    31.6710     3.9520    120.221    8.30626  252.67814     47.578 0.0000e+00
   39.32592  -72.07566    227.000    225.151    13.5648    36.3045      7.914 -9.990e-29 5.0640e-11  1028.2961    13.5322    31.6689     3.9611    120.496    8.30742  252.71292     47.681 0.0000e+00
   39.32592  -72.07564    228.000    226.142    13.5593    36.2981      7.914    -0.0792 5.0640e-11  1028.2967    13.5266    31.6652     3.9597    120.454    8.31009  252.79222     47.649 0.0000e+00
   39.32594  -72.07564    229.000    227.133    13.5468    36.2936      7.913    -0.0600 5.0640e-11  1028.3003    13.5140    31.6646     3.9737    120.875    8.31641  252.97716     47.781 0.0000e+00
   39.32593  -72.07563    230.000    228.125    13.5136    36.3154      7.909    -0.0559 5.0640e-11  1028.3286    13.4807    31.6889     3.9673    120.680    8.31999  253.08174     47.684 0.0000e+00
   39.32594  -72.07560    231.000    229.116    13.4642    36.3431      7.910    -0.0615 5.0640e-11  1028.3650    13.4312    31.7214     3.9764    120.954    8.32641  253.27026     47.757 0.0000e+00
   39.32595  -72.07559    232.000    230.107    13.4365    36.3624      7.907    -0.0529 5.0640e-11  1028.3902    13.4034    31.7425     3.9738    120.872    8.32850  253.33192     47.713 0.0000e+00
   39.32594  -72.07556    233.000    231.099    13.4056    36.3772      7.905    -0.0556 5.0640e-11  1028.4126    13.3724    31.7609     3.9713    120.798    8.33050  253.39312     47.672 0.0000e+00
   39.32596  -72.07556    234.000    232.090    13.3963    36.3671      7.905    -0.0679 5.0640e-11  1028.4112    13.3630    31.7553     3.9885    121.320    8.33299  253.46970     47.864 0.0000e+00
   39.32596  -72.07554    235.000    233.081    13.3925    36.3666      7.905    -0.0664 5.0640e-11  1028.4160    13.3590    31.7558     3.9982    121.613    8.33470  253.51949     47.970 0.0000e+00
   39.32597  -72.07552    236.000    234.072    13.3768    36.3669      7.903    -0.0652 5.0640e-11  1028.4240    13.3432    31.7596     3.9913    121.403    8.33715  253.59368     47.873 0.0000e+00
   39.32596  -72.07552    237.000    235.064    13.3598    36.3691 -9.990e-29    -0.0658 5.0640e-11  1028.4337    13.3262    31.7652     4.0032    121.764    8.34081  253.70194     47.995 0.0000e+00
   39.32596  -72.07552    238.000    236.055    13.3461    36.3755 -9.990e-29    -0.0741 5.0640e-11  1028.4460    13.3123    31.7732     4.0000    121.667    8.34209  253.74045     47.949 0.0000e+00
   39.32597  -72.07552    239.000    237.046    13.3230    36.3845 -9.990e-29    -0.0631 5.0640e-11  1028.4622    13.2891    31.7853     3.9984    121.616    8.34619  253.86085     47.906 0.0000e+00
   39.32599  -72.07549    240.000    238.037    13.2905    36.3943 -9.990e-29    -0.0568 5.0640e-11  1028.4811    13.2565    31.8002     4.0141    122.093    8.35220  254.03818     48.061 0.0000e+00
   39.32600  -72.07548    241.000    239.029    13.2852    36.3937      7.900    -0.0658 5.0640e-11  1028.4862    13.2511    31.8010     4.0319    122.627    8.35986  254.25815     48.229 0.0000e+00
 -9.990e-29  -72.07547    242.000    240.020    13.2666    36.4060      7.897    -0.0549 5.0640e-11  1028.5040    13.2323    31.8146     4.0236    122.373    8.36026  254.27099     48.127 0.0000e+00
