CalculateIndicators/WaterTemperature/Data/CTD_NYOS/20230518_C27.cnv
* Sea-Bird SBE 9 Data File:
* FileName = C:\Seabird 9 CTD\Data\2023\202305_offshore\20230518_C27.hex
* Software Version Seasave V 7.23.2
* Temperature SN = 4590
* Conductivity SN = 3228
* Number of Bytes Per Scan = 44
* Number of Voltage Words = 5
* Number of Scans Averaged by the Deck Unit = 1
* NMEA Latitude = 40 07.05 N
* NMEA Longitude = 071 40.36 W
* NMEA UTC (Time) = May 18 2023  11:34:06
* NMEA baud rate = 4800
** Ship: Seawolf
** Station: 11.5
** Operator: tcm
# nquan = 18
# nvalues = 18466                       
# units = specified
# name 0 = latitude: Latitude [deg]
# name 1 = longitude: Longitude [deg]
# name 2 = prDM: Pressure, Digiquartz [db]
# name 3 = depSM: Depth [salt water, m]
# name 4 = t090C: Temperature [ITS-90, deg C]
# name 5 = sal00: Salinity, Practical [PSU]
# name 6 = ph: pH
# name 7 = flECO-AFL: Fluorescence, WET Labs ECO-AFL/FL [mg/m^3]
# name 8 = cpar: CPAR/Corrected Irradiance [%]
# name 9 = density00: Density [density, kg/m^3]
# name 10 = potemp090C: Potential Temperature [ITS-90, deg C]
# name 11 = sigma-é00: Density [sigma-theta, kg/m^3]
# name 12 = sbeox0Mg/L: Oxygen, SBE 43 [mg/l]
# name 13 = sbox0Mm/Kg: Oxygen, SBE 43 [umol/kg]
# name 14 = oxsolMg/L: Oxygen Saturation, Garcia & Gordon [mg/l]
# name 15 = oxsolMm/Kg: Oxygen Saturation, Garcia & Gordon [umol/kg]
# name 16 = sbeox0PS: Oxygen, SBE 43 [% saturation]
# name 17 = flag:  0.000e+00
# span 0 =   40.11734,   40.11770       
# span 1 =  -71.67634,  -71.67266       
# span 2 =      2.144,     81.600       
# span 3 =      2.128,     80.958       
# span 4 =     7.0837,    11.6441       
# span 5 =    32.9234,    33.1893       
# span 6 =      7.877,      8.203       
# span 7 =    -0.0389,     1.8548       
# span 8 = 6.2441e-14, 1.5029e+02       
# span 9 =  1025.1789,  1026.2973       
# span 10 =     7.0801,    11.6437      
# span 11 =    25.1633,    25.9267      
# span 12 =     8.0722,     9.7570      
# span 13 =    245.885,    297.422      
# span 14 =    8.81912,    9.75209      
# span 15 =  268.83485,  297.06543      
# span 16 =     83.189,    110.487      
# span 17 = 0.0000e+00, 0.0000e+00      
# interval = seconds: 0.0416667
# start_time = May 18 2023 11:34:08 [System UTC, first data scan.]
# bad_flag = -9.990e-29
*END*
[from data line 1850]
   40.11746 -9.990e-29     26.989     26.781     7.7767    33.0912      7.961     0.6192 3.3540e-01  1025.9313     7.7741    25.8076     8.7238    265.760    9.59891  292.41925     90.883 0.0000e+00
   40.11746 -9.990e-29     27.010     26.801     7.7749    33.0917      7.961     0.6192 3.3569e-01  1025.9314     7.7723    25.8083     8.7312    265.986    9.59887  292.41821     90.961 0.0000e+00
   40.11746 -9.990e-29     27.031     26.822     7.7729    33.0923      7.961     0.6192 3.3599e-01  1025.9325     7.7703    25.8090     8.7276    265.875    9.59886  292.41794     90.923 0.0000e+00
   40.11746 -9.990e-29     27.040     26.831     7.7715    33.0932      7.961     0.6326 3.3373e-01  1025.9335     7.7689    25.8099     8.7288    265.913    9.59892  292.41945     90.935 0.0000e+00
   40.11746 -9.990e-29     27.061     26.852     7.7705    33.0939      7.961     0.6192 3.3245e-01  1025.9342     7.7679    25.8106     8.7243    265.774    9.59893  292.41969     90.888 -9.990e-29
   40.11746 -9.990e-29     27.061     26.852     7.7697    33.0945      7.961     0.6192 3.3149e-01  1025.9351     7.7671    25.8111     8.7245    265.780    9.59888  292.41812     90.890 -9.990e-29
   40.11746 -9.990e-29     27.102     26.893     7.7694    33.0948      7.961     0.6192 3.2991e-01  1025.9352     7.7668    25.8115     8.7250    265.795    9.59871  292.41276     90.897 -9.990e-29
   40.11746 -9.990e-29     27.102     26.893     7.7690    33.0952      7.961     0.6192 3.2523e-01  1025.9356     7.7664    25.8118     8.7258    265.819    9.59846  292.40482     90.908 -9.990e-29
   40.11746 -9.990e-29     27.122     26.912     7.7690    33.0954      7.961     0.6192 3.2220e-01  1025.9361     7.7664    25.8120     8.7199    265.640    9.59823  292.39774     90.849 0.0000e+00
   40.11746 -9.990e-29     27.142     26.932     7.7690    33.0956      7.961     0.6192 3.1598e-01  1025.9361     7.7664    25.8122     8.7259    265.824    9.59805  292.39204     90.914 0.0000e+00
   40.11746 -9.990e-29     27.148     26.938     7.7689    33.0956      7.961     0.6326 3.0708e-01  1025.9364     7.7663    25.8123     8.7209    265.670    9.59784  292.38577     90.863 0.0000e+00
   40.11746 -9.990e-29     27.163     26.953     7.7690    33.0956      7.961     0.6326 2.9816e-01  1025.9368     7.7664    25.8123     8.7216    265.692    9.59775  292.38314     90.871 0.0000e+00
   40.11746 -9.990e-29     27.193     26.983     7.7694    33.0956      7.961     0.6192 2.8858e-01  1025.9362     7.7668    25.8121     8.7227    265.727    9.59764  292.37996     90.884 0.0000e+00
   40.11746 -9.990e-29     27.203     26.992     7.7692    33.0956      7.961     0.6192 2.7369e-01  1025.9360     7.7666    25.8119     8.7171    265.557    9.59752  292.37610     90.827 0.0000e+00
   40.11746 -9.990e-29     27.224     27.013     7.7687    33.0956      7.961     0.6192 2.6145e-01  1025.9363     7.7661    25.8120     8.7225    265.719    9.59736  292.37146     90.884 0.0000e+00
   40.11746 -9.990e-29     27.233     27.022     7.7689    33.0959      7.961     0.6057 2.5016e-01  1025.9369     7.7663    25.8124     8.7166    265.541    9.59714  292.36415     90.825 0.0000e+00
   40.11746 -9.990e-29     27.254     27.043     7.7689    33.0964      7.961     0.5923 2.3843e-01  1025.9375     7.7663    25.8128     8.7163    265.532    9.59681  292.35408     90.825 0.0000e+00
   40.11746 -9.990e-29     27.274     27.063     7.7694    33.0965      7.961     0.5789 2.2983e-01  1025.9374     7.7668    25.8128     8.7163    265.529    9.59636  292.34035     90.829 0.0000e+00
   40.11746 -9.990e-29     27.284     27.073     7.7695    33.0965      7.957     0.5789 2.2423e-01  1025.9374     7.7669    25.8128     8.7104    265.350    9.59589  292.32585     90.772 0.0000e+00
   40.11746 -9.990e-29     27.305     27.093     7.7695    33.0966      7.957     0.5923 2.1875e-01  1025.9377     7.7669    25.8129     8.7103    265.348    9.59552  292.31493     90.775 0.0000e+00
   40.11746 -9.990e-29     27.316     27.104     7.7697    33.0967      7.957     0.5923 2.1520e-01  1025.9377     7.7671    25.8129     8.7098    265.331    9.59522  292.30580     90.772 0.0000e+00
   40.11746 -9.990e-29     27.346     27.134     7.7698    33.0968      7.957     0.5923 2.1289e-01  1025.9379     7.7672    25.8131     8.7097    265.330    9.59504  292.30038     90.773 0.0000e+00
   40.11746 -9.990e-29     27.365     27.154     7.7695    33.0968      7.957     0.5923 2.1057e-01  1025.9384     7.7669    25.8132     8.7029    265.124    9.59487  292.29525     90.704 0.0000e+00
   40.11746 -9.990e-29     27.376     27.165     7.7698    33.0969      7.957     0.5923 2.0821e-01  1025.9380     7.7672    25.8130     8.7028    265.121    9.59478  292.29278     90.704 0.0000e+00
   40.11746 -9.990e-29     27.397     27.185     7.7698    33.0970      7.961     0.5923 2.0768e-01  1025.9380     7.7672    25.8130     8.7022    265.102    9.59469  292.29021     90.698 0.0000e+00
   40.11746 -9.990e-29     27.416     27.204     7.7695    33.0971      7.961     0.5789 2.0562e-01  1025.9384     7.7669    25.8133     8.7020    265.095    9.59463  292.28838     90.696 0.0000e+00
   40.11746 -9.990e-29     27.447     27.234     7.7698    33.0980      7.961     0.5923 2.0417e-01  1025.9392     7.7672    25.8140     8.6961    264.914    9.59468  292.28988     90.634 -9.990e-29
   40.11746 -9.990e-29     27.447     27.234     7.7700    33.0990      7.957     0.5789 2.0358e-01  1025.9403     7.7674    25.8147     8.6957    264.902    9.59456  292.28639     90.631 -9.990e-29
   40.11746 -9.990e-29     27.478     27.266     7.7707    33.0999      7.961     0.5923 2.0215e-01  1025.9408     7.7680    25.8153     8.6948    264.878    9.59455  292.28597     90.623 0.0000e+00
   40.11746 -9.990e-29     27.488     27.275     7.7709    33.1005      7.961     0.5923 2.0041e-01  1025.9416     7.7682    25.8157     8.6945    264.867    9.59463  292.28870     90.618 0.0000e+00
   40.11746 -9.990e-29     27.518     27.305     7.7716    33.1005      7.957     0.5923 1.9983e-01  1025.9415     7.7690    25.8158     8.6884    264.681    9.59475  292.29241     90.554 0.0000e+00
   40.11746 -9.990e-29     27.539     27.326     7.7720    33.1005      7.957     0.5923 1.9868e-01  1025.9414     7.7694    25.8156     8.6879    264.666    9.59479  292.29342     90.548 0.0000e+00
   40.11746 -9.990e-29     27.560     27.346     7.7721    33.1005      7.961     0.5923 1.9697e-01  1025.9412     7.7695    25.8154     8.6868    264.633    9.59474  292.29207     90.537 0.0000e+00
   40.11746 -9.990e-29     27.569     27.356     7.7723    33.1005      7.957     0.5923 1.9615e-01  1025.9412     7.7697    25.8155     8.6860    264.608    9.59465  292.28905     90.530 0.0000e+00
   40.11746 -9.990e-29     27.590     27.376     7.7723    33.1009      7.957     0.5923 1.9558e-01  1025.9417     7.7696    25.8159     8.6857    264.598    9.59463  292.28871     90.526 0.0000e+00
   40.11746 -9.990e-29     27.611     27.397     7.7723    33.1020      7.957     0.5923 1.9333e-01  1025.9429     7.7697    25.8167     8.6857    264.599    9.59460  292.28765     90.527 0.0000e+00
   40.11746 -9.990e-29     27.641     27.427     7.7726    33.1032      7.957     0.5923 1.9278e-01  1025.9440     7.7700    25.8176     8.6860    264.610    9.59458  292.28707     90.531 0.0000e+00
   40.11746 -9.990e-29     27.671     27.457     7.7729    33.1041      7.957     0.5923 1.9278e-01  1025.9450     7.7703    25.8182     8.6869    264.636    9.59466  292.28980     90.539 0.0000e+00
   40.11746 -9.990e-29     27.681     27.467     7.7738    33.1046      7.957     0.5923 1.9111e-01  1025.9449     7.7711    25.8186     8.6881    264.672    9.59472  292.29174     90.551 0.0000e+00
   40.11746 -9.990e-29     27.701     27.487     7.7739    33.1046      7.957     0.6057 1.9001e-01  1025.9457     7.7713    25.8188     8.6888    264.694    9.59485  292.29574     90.557 0.0000e+00
   40.11746 -9.990e-29     27.732     27.517     7.7741    33.1046      7.957     0.6192 1.9001e-01  1025.9454     7.7714    25.8185     8.6836    264.535    9.59488  292.29667     90.502 0.0000e+00
   40.11744 -9.990e-29     27.743     27.528     7.7739    33.1039      7.961     0.6192 1.8837e-01  1025.9447     7.7713    25.8180     8.6840    264.548    9.59491  292.29745     90.506 0.0000e+00
   40.11744 -9.990e-29     27.773     27.558     7.7730    33.1037      7.957     0.6192 1.8704e-01  1025.9444     7.7703    25.8177     8.6785    264.381    9.59483  292.29516     90.450 0.0000e+00
   40.11744 -9.990e-29     27.792     27.577     7.7718    33.1037      7.957     0.6192 1.8650e-01  1025.9444     7.7691    25.8178     8.6849    264.574    9.59473  292.29201     90.517 0.0000e+00
   40.11744 -9.990e-29     27.813     27.598     7.7702    33.1037      7.957     0.6057 1.8543e-01  1025.9452     7.7675    25.8184     8.6802    264.433    9.59470  292.29129     90.469 0.0000e+00
   40.11744 -9.990e-29     27.834     27.618     7.7694    33.1048      7.957     0.6192 1.8382e-01  1025.9463     7.7667    25.8193     8.6805    264.441    9.59484  292.29546     90.471 0.0000e+00
   40.11744 -9.990e-29     27.864     27.648     7.7689    33.1060      7.957     0.6192 1.8382e-01  1025.9479     7.7662    25.8204     8.6812    264.462    9.59502  292.30086     90.476 0.0000e+00
   40.11744 -9.990e-29     27.874     27.658     7.7687    33.1069      7.957     0.6192 1.8276e-01  1025.9487     7.7660    25.8212     8.6822    264.493    9.59515  292.30525     90.485 0.0000e+00
   40.11744 -9.990e-29     27.894     27.678     7.7686    33.1074      7.957     0.6192 1.8147e-01  1025.9491     7.7659    25.8215     8.6826    264.506    9.59527  292.30876     90.489 0.0000e+00
   40.11744 -9.990e-29     27.925     27.708     7.7687    33.1076      7.957     0.6192 1.8147e-01  1025.9492     7.7660    25.8216     8.6834    264.530    9.59541  292.31310     90.496 0.0000e+00
   40.11744  -71.67314     27.945     27.729     7.7687    33.1078      7.957     0.6192 1.8043e-01  1025.9494     7.7660    25.8218     8.6793    264.403    9.59552  292.31631     90.451 0.0000e+00
   40.11744  -71.67314     27.956     27.740     7.7684    33.1081      7.957     0.6192 1.7887e-01  1025.9498     7.7657    25.8220     8.6799    264.424    9.59567  292.32097     90.457 0.0000e+00
   40.11744  -71.67314     27.986     27.770     7.7682    33.1085      7.957     0.6192 1.7835e-01  1025.9502     7.7656    25.8224     8.6809    264.455    9.59581  292.32540     90.466 0.0000e+00
   40.11744  -71.67314     28.006     27.789     7.7682    33.1093      7.957     0.6192 1.7783e-01  1025.9508     7.7656    25.8231     8.6752    264.278    9.59586  292.32668     90.405 0.0000e+00
   40.11744  -71.67314     28.026     27.810     7.7686    33.1105      7.957     0.6192 1.7675e-01  1025.9521     7.7659    25.8239     8.6749    264.272    9.59582  292.32517     90.403 0.0000e+00
   40.11744  -71.67314     28.047     27.830     7.7694    33.1115      7.957     0.6192 1.7761e-01  1025.9530     7.7667    25.8246     8.6751    264.277    9.59583  292.32545     90.405 0.0000e+00
   40.11744  -71.67314     28.057     27.840     7.7703    33.1121      7.957     0.6192 1.8066e-01  1025.9531     7.7677    25.8250     8.6756    264.293    9.59579  292.32424     90.411 0.0000e+00
   40.11744  -71.67314     28.087     27.870     7.7710    33.1121      7.957     0.6192 1.8498e-01  1025.9537     7.7683    25.8250     8.6756    264.293    9.59579  292.32453     90.411 0.0000e+00
   40.11744  -71.67314     28.108     27.890     7.7721    33.1121      7.957     0.6192 1.9283e-01  1025.9532     7.7694    25.8248     8.6769    264.333    9.59585  292.32632     90.424 0.0000e+00
   40.11744  -71.67314     28.119     27.901     7.7726    33.1122      7.957     0.6192 2.0414e-01  1025.9529     7.7700    25.8245     8.6714    264.164    9.59578  292.32388     90.367 0.0000e+00
   40.11744  -71.67314     28.149     27.931     7.7733    33.1122      7.957     0.6192 2.1629e-01  1025.9526     7.7706    25.8243     8.6715    264.166    9.59565  292.32016     90.369 0.0000e+00
   40.11744  -71.67314     28.159     27.941     7.7736    33.1122      7.957     0.6192 2.3044e-01  1025.9531     7.7709    25.8245     8.6720    264.182    9.59562  292.31903     90.375 0.0000e+00
   40.11744  -71.67314     28.170     27.952     7.7742    33.1130      7.957     0.6192 2.4380e-01  1025.9533     7.7715    25.8250     8.6718    264.176    9.59542  292.31294     90.374 0.0000e+00
   40.11744  -71.67314     28.189     27.971     7.7747    33.1141      7.957     0.6057 2.5125e-01  1025.9549     7.7720    25.8258     8.6667    264.020    9.59521  292.30659     90.323 0.0000e+00
   40.11744  -71.67314     28.210     27.991     7.7759    33.1151      7.957     0.6057 2.5533e-01  1025.9557     7.7732    25.8264     8.6663    264.008    9.59493  292.29779     90.322 0.0000e+00
   40.11742  -71.67316     28.219     28.001     7.7779    33.1156      7.957     0.6057 2.5361e-01  1025.9555     7.7752    25.8266     8.6663    264.008    9.59470  292.29079     90.324 0.0000e+00
   40.11742  -71.67316     28.240     28.021     7.7800    33.1156      7.957     0.6057 2.4814e-01  1025.9557     7.7773    25.8265     8.6668    264.022    9.59459  292.28722     90.330 0.0000e+00
   40.11742  -71.67316     28.254     28.035     7.7817    33.1156      7.957     0.6057 2.4003e-01  1025.9553     7.7790    25.8263     8.6605    263.832    9.59443  292.28252     90.266 0.0000e+00
   40.11742  -71.67316     28.270     28.051     7.7831    33.1156      7.961     0.6057 2.3041e-01  1025.9552     7.7804    25.8259     8.6661    264.001    9.59430  292.27882     90.325 0.0000e+00
   40.11742  -71.67316     28.281     28.062     7.7841    33.1151      7.957     0.6057 2.2126e-01  1025.9546     7.7814    25.8254     8.6604    263.829    9.59403  292.27002     90.269 0.0000e+00
   40.11742  -71.67316     28.291     28.072     7.7851    33.1146      7.957     0.6057 2.1277e-01  1025.9541     7.7824    25.8248     8.6599    263.814    9.59331  292.24756     90.271 0.0000e+00
   40.11742  -71.67316     28.312     28.092     7.7857    33.1140      7.957     0.6057 2.0578e-01  1025.9535     7.7830    25.8243     8.6585    263.771    9.59218  292.21267     90.267 -9.990e-29
   40.11742  -71.67316     28.312     28.092     7.7863    33.1136      7.957     0.6057 1.9956e-01  1025.9530     7.7835    25.8239     8.6500    263.507    9.58966  292.13392     90.201 -9.990e-29
   40.11742  -71.67316     28.332     28.113     7.7865    33.1134      7.957     0.5923 1.9481e-01  1025.9531     7.7838    25.8236     8.6471    263.423    9.58732  292.06631     90.193 -9.990e-29
   40.11742  -71.67316     28.332     28.113     7.7864    33.1132      7.957     0.6057 1.9140e-01  1025.9529     7.7837    25.8235     8.6474    263.436    9.58789  292.08611     90.191 -9.990e-29
   40.11742  -71.67316     28.342     28.122     7.7869    33.1131      7.957     0.6057 1.8837e-01  1025.9529     7.7842    25.8234     8.6471    263.424    9.58815  292.09271     90.185 0.0000e+00
   40.11742  -71.67316     28.351     28.132     7.7870    33.1129      7.957     0.6057 1.8622e-01  1025.9528     7.7843    25.8231     8.6454    263.371    9.58673  292.04756     90.181 -9.990e-29
   40.11742  -71.67316     28.351     28.132     7.7869    33.1124      7.957     0.6057 1.8516e-01  1025.9521     7.7842    25.8228     8.6375    263.131    9.58497  291.99471     90.115 -9.990e-29
   40.11742  -71.67316     28.351     28.132     7.7863    33.1124      7.957     0.6057 1.8516e-01  1025.9521     7.7836    25.8228     8.6422    263.276    9.58408  291.96944     90.172 -9.990e-29
