CalculateIndicators/WaterTemperature/Data/CTD_NYOS/20231003_C03.cnv
* Sea-Bird SBE 9 Data File:
* FileName = C:\Seabird 9 CTD\Data\2023\202309_offshore\20231003_C03.hex
* Software Version Seasave V 7.23.2
* Temperature SN = 4590
* Conductivity SN = 3228
* Number of Bytes Per Scan = 44
* Number of Voltage Words = 5
* Number of Scans Averaged by the Deck Unit = 1
* NMEA Latitude = 40 17.99 N
* NMEA Longitude = 073 13.34 W
* NMEA UTC (Time) = Oct 03 2023  09:26:17
* NMEA baud rate = 4800
** Ship: seawolf
** Station: 8.2
** Operator: SW
# nquan = 18
# nvalues = 10218                       
# units = specified
# name 0 = latitude: Latitude [deg]
# name 1 = longitude: Longitude [deg]
# name 2 = prDM: Pressure, Digiquartz [db]
# name 3 = depSM: Depth [salt water, m]
# name 4 = t090C: Temperature [ITS-90, deg C]
# name 5 = sal00: Salinity, Practical [PSU]
# name 6 = ph: pH
# name 7 = flECO-AFL: Fluorescence, WET Labs ECO-AFL/FL [mg/m^3]
# name 8 = cpar: CPAR/Corrected Irradiance [%]
# name 9 = density00: Density [density, kg/m^3]
# name 10 = potemp090C: Potential Temperature [ITS-90, deg C]
# name 11 = sigma-é00: Density [sigma-theta, kg/m^3]
# name 12 = sbeox0Mg/L: Oxygen, SBE 43 [mg/l]
# name 13 = sbox0Mm/Kg: Oxygen, SBE 43 [umol/kg]
# name 14 = oxsolMg/L: Oxygen Saturation, Garcia & Gordon [mg/l]
# name 15 = oxsolMm/Kg: Oxygen Saturation, Garcia & Gordon [umol/kg]
# name 16 = sbeox0PS: Oxygen, SBE 43 [% saturation]
# name 17 = flag:  0.000e+00
# span 0 =   40.29982,   40.29992       
# span 1 =  -73.22332,  -73.22232       
# span 2 =      1.571,     30.484       
# span 3 =      1.559,     30.248       
# span 4 =    18.6373,    18.7951       
# span 5 =    32.2399,    32.2629       
# span 6 =      7.985,      8.012       
# span 7 =     0.3237,     1.0490       
# span 8 = 5.0640e-11, 9.9999e+04       
# span 9 =  1022.9344,  1023.1536       
# span 10 =    18.6320,    18.7949      
# span 11 =    22.9620,    23.0209      
# span 12 =     7.0511,     7.5060      
# span 13 =    215.393,    229.299      
# span 14 =    7.68744,    7.70954      
# span 15 =  234.84211,  235.50510      
# span 16 =     91.464,     97.622      
# span 17 = 0.0000e+00, 0.0000e+00      
# interval = seconds: 0.0416667
# start_time = Oct 03 2023 09:26:18 [System UTC, first data scan.]
# bad_flag = -9.990e-29
*END*
[from data line 242]
   40.29992  -73.22232      2.987      2.964    18.7863    32.2434      8.007     0.5923 1.0348e+01  1022.9822    18.7858    22.9691     7.4780    228.443    7.68860  234.87725     97.261 -9.990e-29
   40.29992  -73.22232      2.876      2.854    18.7865    32.2434      8.007     0.6057 9.3633e+00  1022.9816    18.7860    22.9691     7.4784    228.456    7.68864  234.87843     97.266 -9.990e-29
   40.29992  -73.22232      2.876      2.854    18.7865    32.2434      8.007     0.6057 9.5934e+00  1022.9815    18.7860    22.9691     7.4788    228.468    7.68863  234.87827     97.271 -9.990e-29
   40.29992  -73.22232      2.896      2.874    18.7863    32.2435      8.007     0.6057 1.3406e+01  1022.9819    18.7858    22.9691     7.4746    228.340    7.68864  234.87828     97.216 -9.990e-29
   40.29992  -73.22232      2.896      2.874    18.7866    32.2435      8.007     0.6057 1.5944e+01  1022.9817    18.7861    22.9691     7.4791    228.477    7.68859  234.87681     97.275 -9.990e-29
   40.29992  -73.22232      2.885      2.863    18.7866    32.2435      8.007     0.6057 1.6172e+01  1022.9816    18.7861    22.9691     7.4749    228.349    7.68861  234.87769     97.220 -9.990e-29
   40.29992  -73.22232      2.936      2.914    18.7868    32.2434      8.007     0.6057 1.6693e+01  1022.9819    18.7863    22.9690     7.4749    228.349    7.68864  234.87858     97.220 0.0000e+00
   40.29992  -73.22232      2.967      2.944    18.7870    32.2434      8.007     0.6057 1.7167e+01  1022.9817    18.7865    22.9689     7.4749    228.348    7.68868  234.87981     97.219 0.0000e+00
   40.29992  -73.22232      2.987      2.964    18.7872    32.2434      8.007     0.6057 1.7227e+01  1022.9818    18.7866    22.9688     7.4748    228.346    7.68867  234.87936     97.218 0.0000e+00
   40.29992  -73.22232      2.997      2.974    18.7868    32.2434      8.007     0.5923 1.4898e+01  1022.9821    18.7863    22.9690     7.4748    228.344    7.68868  234.87952     97.218 -9.990e-29
   40.29992  -73.22232      2.987      2.964    18.7868    32.2435      8.007     0.6057 1.2919e+01  1022.9823    18.7863    22.9691     7.4747    228.343    7.68869  234.87982     97.217 -9.990e-29
   40.29992  -73.22232      2.947      2.925    18.7870    32.2435      8.007     0.5923 1.2586e+01  1022.9818    18.7865    22.9691     7.4746    228.340    7.68866  234.87888     97.216 -9.990e-29
   40.29992  -73.22232      2.947      2.925    18.7868    32.2435      8.007     0.5923 9.9063e+00  1022.9821    18.7863    22.9691     7.4700    228.199    7.68867  234.87925     97.156 -9.990e-29
   40.29992  -73.22232      2.977      2.955    18.7872    32.2435      8.007     0.6057 7.0723e+00  1022.9819    18.7866    22.9690     7.4695    228.184    7.68866  234.87889     97.150 -9.990e-29
   40.29992  -73.22232      2.997      2.974    18.7870    32.2435      8.007     0.6057 6.4878e+00  1022.9818    18.7865    22.9689     7.4737    228.311    7.68868  234.87950     97.204 -9.990e-29
   40.29992  -73.22232      2.987      2.964    18.7870    32.2435      8.007     0.6057 8.1994e+00  1022.9819    18.7865    22.9690     7.4736    228.309    7.68866  234.87907     97.203 -9.990e-29
   40.29992  -73.22232      2.927      2.904    18.7870    32.2437      8.007     0.6057 9.9999e+04  1022.9821    18.7865    22.9692     7.4732    228.296    7.68868  234.87952     97.197 -9.990e-29
   40.29992  -73.22234      2.916      2.893    18.7870    32.2437      8.007     0.6057 1.3356e+01  1022.9820    18.7865    22.9693     7.4731    228.294    7.68866  234.87904     97.197 -9.990e-29
   40.29992  -73.22234      2.947      2.925    18.7868    32.2437      8.007     0.6057 9.9999e+04  1022.9823    18.7863    22.9692     7.4685    228.152    7.68863  234.87824     97.136 -9.990e-29
   40.29992  -73.22234      2.936      2.914    18.7873    32.2436      8.007     0.6057 1.4685e+01  1022.9817    18.7868    22.9691     7.4727    228.280    7.68869  234.87983     97.190 -9.990e-29
   40.29992  -73.22234      2.968      2.945    18.7873    32.2435      8.007     0.5923 1.5114e+01  1022.9819    18.7868    22.9690     7.4680    228.139    7.68868  234.87979     97.130 -9.990e-29
   40.29992  -73.22234      2.997      2.974    18.7872    32.2434      8.007     0.5923 1.4422e+01  1022.9821    18.7866    22.9690     7.4676    228.127    7.68868  234.87976     97.125 0.0000e+00
   40.29992  -73.22234      3.017      2.994    18.7872    32.2433      8.007     0.5789 1.1581e+01  1022.9820    18.7866    22.9689     7.4672    228.114    7.68867  234.87937     97.120 0.0000e+00
   40.29992  -73.22234      3.048      3.024    18.7872    32.2433      8.007     0.5654 1.0512e+01  1022.9821    18.7866    22.9689     7.4668    228.102    7.68870  234.88019     97.114 0.0000e+00
   40.29992  -73.22234      3.059      3.035    18.7872    32.2433      8.007     0.5654 1.0554e+01  1022.9821    18.7866    22.9689     7.4664    228.090    7.68866  234.87912     97.110 -9.990e-29
   40.29992  -73.22234      3.049      3.025    18.7872    32.2433      8.007     0.5789 1.1361e+01  1022.9820    18.7866    22.9689     7.4656    228.066    7.68865  234.87873     97.099 -9.990e-29
   40.29992  -73.22234      3.038      3.015    18.7872    32.2435      8.007     0.5789 1.1804e+01  1022.9824    18.7866    22.9690     7.4653    228.055    7.68866  234.87887     97.095 -9.990e-29
   40.29992  -73.22234      3.048      3.024    18.7872    32.2437      8.007     0.5789 1.1759e+01  1022.9825    18.7867    22.9691     7.4695    228.184    7.68867  234.87941     97.149 -9.990e-29
   40.29992  -73.22234      3.089      3.065    18.7873    32.2437      8.007     0.5789 8.8778e+00  1022.9827    18.7868    22.9691     7.4650    228.046    7.68866  234.87888     97.091 0.0000e+00
   40.29992  -73.22234      3.119      3.095    18.7875    32.2437      8.007     0.5789 7.2956e+00  1022.9826    18.7870    22.9691     7.4692    228.175    7.68863  234.87799     97.146 -9.990e-29
   40.29992  -73.22234      3.079      3.055    18.7875    32.2437      8.007     0.5789 7.0723e+00  1022.9827    18.7870    22.9691     7.4693    228.177    7.68861  234.87746     97.147 -9.990e-29
   40.29992  -73.22234      3.068      3.045    18.7877    32.2437      8.007     0.5654 5.3816e+00  1022.9823    18.7871    22.9691     7.4694    228.179    7.68860  234.87707     97.148 -9.990e-29
   40.29992  -73.22234      3.089      3.065    18.7877    32.2437      8.007     0.5654 4.0833e+00  1022.9826    18.7871    22.9691     7.4648    228.041    7.68856  234.87602     97.090 -9.990e-29
   40.29992  -73.22234      3.089      3.065    18.7878    32.2437      8.007     0.5654 3.8546e+00  1022.9826    18.7873    22.9691     7.4641    228.018    7.68854  234.87541     97.080 -9.990e-29
   40.29992  -73.22234      3.108      3.084    18.7878    32.2436      8.007     0.5654 4.2709e+00  1022.9825    18.7873    22.9689     7.4637    228.007    7.68851  234.87447     97.076 0.0000e+00
   40.29992  -73.22234      3.149      3.125    18.7880    32.2433      8.007     0.5789 4.7337e+00  1022.9823    18.7875    22.9686     7.4634    227.997    7.68846  234.87300     97.073 0.0000e+00
   40.29992  -73.22234      3.170      3.145    18.7882    32.2430      8.007     0.5654 4.0601e+00  1022.9820    18.7876    22.9684     7.4631    227.988    7.68846  234.87291     97.069 0.0000e+00
   40.29992  -73.22234      3.210      3.185    18.7877    32.2428      8.007     0.5789 8.5006e-01  1022.9824    18.7871    22.9682     7.4628    227.979    7.68841  234.87157     97.066 0.0000e+00
   40.29992  -73.22234      3.240      3.215    18.7878    32.2428      8.007     0.5654 5.0640e-11  1022.9821    18.7873    22.9682     7.4626    227.972    7.68843  234.87202     97.062 0.0000e+00
   40.29992  -73.22234      3.270      3.245    18.7873    32.2428      8.007     0.5789 5.0640e-11  1022.9828    18.7867    22.9683     7.4624    227.966    7.68844  234.87248     97.060 0.0000e+00
   40.29992  -73.22234      3.302      3.276    18.7875    32.2430      8.007     0.5654 5.0640e-11  1022.9827    18.7869    22.9686     7.4667    228.098    7.68843  234.87221     97.116 0.0000e+00
   40.29992  -73.22234      3.342      3.316    18.7872    32.2433      8.007     0.5789 5.0640e-11  1022.9836    18.7866    22.9688     7.4628    227.979    7.68847  234.87326     97.065 0.0000e+00
   40.29992  -73.22234      3.362      3.336    18.7872    32.2435      8.007     0.5789 7.1715e-02  1022.9837    18.7866    22.9690     7.4672    228.113    7.68846  234.87300     97.122 0.0000e+00
   40.29992  -73.22234      3.392      3.366    18.7873    32.2435      8.007     0.5789 2.1324e+00  1022.9838    18.7867    22.9690     7.4674    228.121    7.68849  234.87377     97.125 0.0000e+00
   40.29992  -73.22234      3.423      3.396    18.7872    32.2435      8.007     0.5654 3.6763e+00  1022.9840    18.7866    22.9690     7.4676    228.127    7.68845  234.87255     97.128 0.0000e+00
   40.29992  -73.22234      3.463      3.436    18.7872    32.2432      8.007     0.5923 2.2215e+00  1022.9840    18.7866    22.9687     7.4683    228.147    7.68843  234.87203     97.137 0.0000e+00
   40.29992  -73.22234      3.474      3.447    18.7875    32.2431      8.007     0.6326 9.9999e+04  1022.9832    18.7869    22.9685     7.4690    228.167    7.68842  234.87180     97.145 0.0000e+00
   40.29992  -73.22234      3.504      3.477    18.7872    32.2431      8.007     0.6460 5.0640e-11  1022.9839    18.7865    22.9685     7.4693    228.178    7.68848  234.87375     97.149 0.0000e+00
   40.29992  -73.22234      3.544      3.516    18.7873    32.2431      8.007     0.6460 5.0640e-11  1022.9842    18.7867    22.9687     7.4700    228.201    7.68853  234.87526     97.158 0.0000e+00
   40.29992  -73.22234      3.555      3.527    18.7870    32.2433      8.007     0.6460 5.0640e-11  1022.9844    18.7864    22.9689     7.4708    228.224    7.68857  234.87639     97.168 0.0000e+00
   40.29992  -73.22234      3.594      3.567    18.7870    32.2435      8.007     0.6460 5.0640e-11  1022.9847    18.7864    22.9691     7.4715    228.246    7.68855  234.87577     97.177 0.0000e+00
   40.29992  -73.22234      3.636      3.608    18.7868    32.2435      8.007     0.6460 5.0640e-11  1022.9853    18.7862    22.9693     7.4723    228.268    7.68855  234.87534     97.187 0.0000e+00
   40.29992  -73.22234      3.666      3.638    18.7872    32.2435      8.007     0.6460 5.0640e-11  1022.9853    18.7865    22.9691     7.4771    228.415    7.68845  234.87239     97.251 0.0000e+00
   40.29992  -73.22234      3.696      3.668    18.7873    32.2432      8.007     0.6460 5.0640e-11  1022.9846    18.7867    22.9688     7.4782    228.450    7.68841  234.87128     97.266 0.0000e+00
   40.29992  -73.22234      3.747      3.718    18.7872    32.2432      8.007     0.6460 5.0640e-11  1022.9848    18.7865    22.9686     7.4789    228.472    7.68839  234.87070     97.276 0.0000e+00
   40.29992  -73.22234      3.777      3.748    18.7868    32.2432      8.007     0.6595 5.0640e-11  1022.9852    18.7861    22.9688     7.4796    228.493    7.68839  234.87084     97.285 0.0000e+00
   40.29992  -73.22234      3.796      3.767    18.7868    32.2433      8.007     0.6460 5.0640e-11  1022.9855    18.7861    22.9690     7.4804    228.516    7.68842  234.87199     97.294 0.0000e+00
   40.29992  -73.22234      3.838      3.808    18.7866    32.2435      8.007     0.6460 5.0640e-11  1022.9860    18.7860    22.9692     7.4765    228.399    7.68846  234.87312     97.243 0.0000e+00
   40.29992  -73.22234      3.877      3.848    18.7866    32.2435      8.007     0.6460 5.0640e-11  1022.9860    18.7860    22.9692     7.4767    228.405    7.68841  234.87137     97.247 0.0000e+00
   40.29992  -73.22234      3.898      3.868    18.7868    32.2435      8.007     0.6460 5.0640e-11  1022.9862    18.7861    22.9691     7.4816    228.552    7.68838  234.87030     97.310 0.0000e+00
   40.29992  -73.22234      3.919      3.889    18.7868    32.2435      8.007     0.6460 5.0640e-11  1022.9861    18.7861    22.9691     7.4822    228.570    7.68828  234.86733     97.319 0.0000e+00
   40.29992  -73.22234      3.928      3.898    18.7868    32.2436      8.007     0.6460 5.0640e-11  1022.9863    18.7861    22.9692     7.4822    228.573    7.68815  234.86328     97.322 0.0000e+00
   40.29992  -73.22234      3.970      3.939    18.7866    32.2436      8.007     0.6460 5.0640e-11  1022.9866    18.7859    22.9693     7.4824    228.577    7.68808  234.86108     97.324 -9.990e-29
   40.29992  -73.22234      3.970      3.939    18.7867    32.2436      8.007     0.6460 5.0640e-11  1022.9866    18.7860    22.9693     7.4829    228.592    7.68799  234.85839     97.332 -9.990e-29
   40.29992  -73.22234      4.009      3.979    18.7866    32.2436      8.007     0.6460 5.0640e-11  1022.9867    18.7859    22.9692     7.4833    228.606    7.68783  234.85368     97.340 0.0000e+00
   40.29990  -73.22238      4.030      3.999    18.7868    32.2435      8.007     0.6460 5.0640e-11  1022.9867    18.7861    22.9691     7.4838    228.621    7.68776  234.85162     97.347 0.0000e+00
   40.29990  -73.22238      4.051      4.019    18.7870    32.2434      8.007     0.6460 5.0640e-11  1022.9867    18.7863    22.9691     7.4843    228.636    7.68770  234.84996     97.354 0.0000e+00
   40.29990  -73.22238      4.081      4.049    18.7866    32.2433      8.007     0.6460 9.9999e+04  1022.9869    18.7859    22.9690     7.4843    228.637    7.68766  234.84872     97.355 0.0000e+00
   40.29990  -73.22238      4.090      4.059    18.7868    32.2433      8.007     0.6595 5.0640e-11  1022.9866    18.7861    22.9690     7.4849    228.653    7.68768  234.84951     97.362 0.0000e+00
   40.29990  -73.22238      4.121      4.089    18.7866    32.2433      8.007     0.6460 5.0640e-11  1022.9871    18.7859    22.9691     7.4848    228.653    7.68763  234.84781     97.362 0.0000e+00
   40.29990  -73.22238      4.151      4.119    18.7868    32.2434      8.007     0.6192 5.0640e-11  1022.9871    18.7861    22.9691     7.4849    228.656    7.68769  234.84999     97.362 0.0000e+00
   40.29990  -73.22238      4.162      4.130    18.7865    32.2435      8.007     0.6192 5.0640e-11  1022.9875    18.7858    22.9692     7.4849    228.656    7.68773  234.85128     97.362 0.0000e+00
   40.29990  -73.22238      4.192      4.160    18.7868    32.2436      8.007     0.6192 5.0640e-11  1022.9874    18.7861    22.9693     7.4849    228.656    7.68778  234.85265     97.362 0.0000e+00
   40.29990  -73.22238      4.213      4.180    18.7866    32.2436      8.007     0.6192 5.0640e-11  1022.9880    18.7859    22.9694     7.4849    228.654    7.68779  234.85295     97.361 0.0000e+00
   40.29990  -73.22238      4.222      4.190    18.7868    32.2436      8.007     0.6192 5.0640e-11  1022.9876    18.7861    22.9692     7.4893    228.788    7.68773  234.85080     97.418 0.0000e+00
   40.29990  -73.22238      4.232      4.199    18.7868    32.2436      8.007     0.6192 5.0640e-11  1022.9874    18.7861    22.9691     7.4849    228.654    7.68768  234.84908     97.362 0.0000e+00
   40.29990  -73.22238      4.253      4.220    18.7868    32.2436      8.007     0.6192 5.0640e-11  1022.9877    18.7861    22.9692     7.4851    228.660    7.68763  234.84777     97.365 0.0000e+00
   40.29990  -73.22238      4.262      4.229    18.7870    32.2437      8.007     0.6192 5.0640e-11  1022.9877    18.7863    22.9693     7.4849    228.654    7.68764  234.84815     97.362 0.0000e+00
   40.29990  -73.22238      4.283      4.250    18.7870    32.2438      8.007     0.6057 5.0640e-11  1022.9881    18.7863    22.9693     7.4851    228.661    7.68768  234.84951     97.365 0.0000e+00
