CalculateIndicators/WaterTemperature/Data/CTD_NYOS/20231004_C14.cnv
* Sea-Bird SBE 9 Data File:
* FileName = C:\Seabird 9 CTD\Data\2023\202309_offshore\20231004_C14.hex
* Software Version Seasave V 7.23.2
* Temperature SN = 4590
* Conductivity SN = 3228
* Number of Bytes Per Scan = 44
* Number of Voltage Words = 5
* Number of Scans Averaged by the Deck Unit = 1
* NMEA Latitude = 40 00.02 N
* NMEA Longitude = 072 32.05 W
* NMEA UTC (Time) = Oct 04 2023  15:16:20
* NMEA baud rate = 4800
** Ship: seawolf
** Station: 9.4
** Operator: TDK
# nquan = 18
# nvalues = 15576                       
# units = specified
# name 0 = latitude: Latitude [deg]
# name 1 = longitude: Longitude [deg]
# name 2 = prDM: Pressure, Digiquartz [db]
# name 3 = depSM: Depth [salt water, m]
# name 4 = t090C: Temperature [ITS-90, deg C]
# name 5 = sal00: Salinity, Practical [PSU]
# name 6 = ph: pH
# name 7 = flECO-AFL: Fluorescence, WET Labs ECO-AFL/FL [mg/m^3]
# name 8 = cpar: CPAR/Corrected Irradiance [%]
# name 9 = density00: Density [density, kg/m^3]
# name 10 = potemp090C: Potential Temperature [ITS-90, deg C]
# name 11 = sigma-é00: Density [sigma-theta, kg/m^3]
# name 12 = sbeox0Mg/L: Oxygen, SBE 43 [mg/l]
# name 13 = sbox0Mm/Kg: Oxygen, SBE 43 [umol/kg]
# name 14 = oxsolMg/L: Oxygen Saturation, Garcia & Gordon [mg/l]
# name 15 = oxsolMm/Kg: Oxygen Saturation, Garcia & Gordon [umol/kg]
# name 16 = sbeox0PS: Oxygen, SBE 43 [% saturation]
# name 17 = flag:  0.000e+00
# span 0 =   40.00032,   40.00192       
# span 1 =  -72.53426,  -72.53276       
# span 2 =      1.991,     60.639       
# span 3 =      1.976,     60.165       
# span 4 =    11.7720,    18.3763       
# span 5 =    32.4182,    32.8712       
# span 6 =      7.642,      8.024       
# span 7 =    -0.1598,     0.8072       
# span 8 = 4.8821e-02, 1.8323e+02       
# span 9 =  1023.4768,  1024.9729       
# span 10 =    11.7645,    18.3758      
# span 11 =    23.4677,    24.7037      
# span 12 =     3.9909,     7.4511      
# span 13 =    121.712,    227.507      
# span 14 =    7.72401,    8.82765      
# span 15 =  235.84294,  269.21984      
# span 16 =     45.211,     96.401      
# span 17 = 0.0000e+00, 0.0000e+00      
# interval = seconds: 0.0416667
# start_time = Oct 04 2023 15:16:21 [System UTC, first data scan.]
# bad_flag = -9.990e-29
*END*
[from data line 10935]
   40.00144  -72.53320     20.830     20.669    18.0480    32.7589      8.010     0.2297 4.7773e+00  1023.6372    18.0445    23.5459     7.3451    224.258    7.77115  237.26509     94.518 -9.990e-29
   40.00144  -72.53320     20.833     20.672    18.0478    32.7586      8.015     0.2162 4.7813e+00  1023.6365    18.0443    23.5455     7.3446    224.243    7.77117  237.26584     94.511 -9.990e-29
   40.00144  -72.53320     20.853     20.693    18.0474    32.7578      8.015     0.2162 4.7813e+00  1023.6356    18.0439    23.5450     7.3442    224.231    7.77121  237.26733     94.506 -9.990e-29
   40.00144  -72.53320     20.860     20.699    18.0468    32.7576      8.010     0.2297 4.7947e+00  1023.6356    18.0433    23.5448     7.3439    224.221    7.77125  237.26856     94.501 -9.990e-29
   40.00146  -72.53320     20.863     20.702    18.0461    32.7576      8.010     0.2162 4.7813e+00  1023.6360    18.0426    23.5450     7.3437    224.213    7.77131  237.27038     94.497 -9.990e-29
   40.00146  -72.53320     20.884     20.723    18.0457    32.7575      8.010     0.2162 4.7544e+00  1023.6363    18.0422    23.5452     7.3436    224.210    7.77146  237.27467     94.494 -9.990e-29
   40.00146  -72.53320     20.881     20.720    18.0450    32.7575      8.015     0.2297 4.7544e+00  1023.6367    18.0415    23.5454     7.3434    224.205    7.77144  237.27415     94.492 -9.990e-29
   40.00146  -72.53320     20.893     20.732    18.0445    32.7575      8.015     0.2297 4.7411e+00  1023.6366    18.0410    23.5453     7.3434    224.204    7.77150  237.27614     94.491 -9.990e-29
   40.00146  -72.53320     20.884     20.723    18.0440    32.7571      8.015     0.2431 4.7277e+00  1023.6362    18.0405    23.5451     7.3481    224.348    7.77157  237.27808     94.550 -9.990e-29
   40.00146  -72.53320     20.932     20.770    18.0435    32.7571      8.010     0.2297 4.7145e+00  1023.6362    18.0399    23.5451     7.3440    224.224    7.77168  237.28166     94.497 -9.990e-29
   40.00146  -72.53320     20.904     20.743    18.0426    32.7571      8.010     0.2431 4.7317e+00  1023.6367    18.0391    23.5455     7.3488    224.371    7.77177  237.28432     94.558 -9.990e-29
   40.00146  -72.53320     20.922     20.761    18.0421    32.7578      8.010     0.2431 4.7317e+00  1023.6373    18.0386    23.5461     7.3494    224.390    7.77177  237.28424     94.566 -9.990e-29
   40.00146  -72.53320     20.925     20.764    18.0417    32.7585      8.015     0.2431 4.7317e+00  1023.6383    18.0382    23.5467     7.3500    224.408    7.77173  237.28266     94.574 -9.990e-29
   40.00146  -72.53320     20.935     20.773    18.0417    32.7590      8.015     0.2297 4.7450e+00  1023.6387    18.0382    23.5471     7.3465    224.301    7.77168  237.28114     94.530 -9.990e-29
   40.00146  -72.53320     20.932     20.770    18.0419    32.7591      8.010     0.2431 4.7317e+00  1023.6386    18.0384    23.5472     7.3468    224.311    7.77163  237.27983     94.534 -9.990e-29
   40.00146  -72.53320     20.935     20.773    18.0417    32.7591      8.010     0.2431 4.7184e+00  1023.6386    18.0382    23.5472     7.3519    224.465    7.77163  237.27963     94.599 -9.990e-29
   40.00146  -72.53320     20.935     20.773    18.0417    32.7592      8.010     0.2297 4.7184e+00  1023.6387    18.0382    23.5473     7.3528    224.493    7.77163  237.27962     94.611 -9.990e-29
   40.00146  -72.53320     20.941     20.780    18.0419    32.7593      8.010     0.2431 4.7317e+00  1023.6389    18.0384    23.5473     7.3538    224.523    7.77159  237.27861     94.624 -9.990e-29
   40.00146  -72.53320     20.935     20.773    18.0421    32.7594      8.010     0.2431 4.7317e+00  1023.6387    18.0386    23.5474     7.3548    224.553    7.77157  237.27790     94.637 -9.990e-29
   40.00146  -72.53320     20.941     20.780    18.0421    32.7595      8.010     0.2431 4.7450e+00  1023.6389    18.0386    23.5475     7.3559    224.586    7.77154  237.27701     94.651 -9.990e-29
   40.00146  -72.53320     20.944     20.783    18.0425    32.7597      8.010     0.2431 4.7490e+00  1023.6390    18.0389    23.5476     7.3523    224.478    7.77151  237.27602     94.606 -9.990e-29
   40.00146  -72.53320     20.935     20.773    18.0425    32.7599      8.010     0.2431 4.7357e+00  1023.6390    18.0389    23.5476     7.3578    224.644    7.77151  237.27592     94.676 -9.990e-29
   40.00146  -72.53320     20.941     20.780    18.0428    32.7602      8.010     0.2431 4.7357e+00  1023.6392    18.0393    23.5478     7.3589    224.680    7.77140  237.27287     94.692 -9.990e-29
   40.00146  -72.53320     20.935     20.773    18.0431    32.7608      8.015     0.2431 4.7357e+00  1023.6395    18.0396    23.5482     7.3602    224.718    7.77136  237.27146     94.709 -9.990e-29
   40.00146  -72.53320     20.925     20.764    18.0435    32.7615      8.010     0.2431 4.7091e+00  1023.6403    18.0399    23.5486     7.3611    224.744    7.77126  237.26833     94.721 -9.990e-29
   40.00146  -72.53320     20.932     20.770    18.0445    32.7618      8.010     0.2431 4.7091e+00  1023.6399    18.0410    23.5486     7.3619    224.771    7.77117  237.26565     94.734 -9.990e-29
   40.00146  -72.53320     20.925     20.764    18.0454    32.7619      8.010     0.2297 4.7091e+00  1023.6399    18.0419    23.5485     7.3633    224.813    7.77109  237.26323     94.752 -9.990e-29
   40.00146  -72.53320     20.914     20.753    18.0461    32.7620      8.010     0.2431 4.6959e+00  1023.6397    18.0426    23.5484     7.3643    224.843    7.77102  237.26114     94.766 -9.990e-29
   40.00146  -72.53320     20.911     20.750    18.0469    32.7622      8.010     0.2431 4.6959e+00  1023.6394    18.0434    23.5484     7.3653    224.875    7.77096  237.25939     94.780 -9.990e-29
   40.00146  -72.53320     20.904     20.743    18.0471    32.7625      8.010     0.2431 4.6959e+00  1023.6403    18.0436    23.5485     7.3659    224.893    7.77088  237.25678     94.789 -9.990e-29
   40.00146  -72.53320     20.902     20.740    18.0478    32.7625      8.010     0.2431 4.7091e+00  1023.6396    18.0443    23.5484     7.3666    224.913    7.77084  237.25570     94.798 -9.990e-29
   40.00146  -72.53320     20.893     20.732    18.0485    32.7626      8.010     0.2297 4.7091e+00  1023.6395    18.0450    23.5482     7.3672    224.933    7.77079  237.25408     94.807 -9.990e-29
   40.00146  -72.53320     20.884     20.723    18.0494    32.7626      8.010     0.2297 4.7091e+00  1023.6390    18.0458    23.5480     7.3680    224.955    7.77078  237.25385     94.816 -9.990e-29
   40.00146  -72.53320     20.871     20.710    18.0497    32.7626      8.010     0.2162 4.6827e+00  1023.6392    18.0462    23.5480     7.3732    225.117    7.77067  237.25064     94.886 -9.990e-29
   40.00146  -72.53320     20.874     20.713    18.0503    32.7626      8.015     0.2162 4.6695e+00  1023.6391    18.0467    23.5480     7.3698    225.010    7.77063  237.24926     94.841 -9.990e-29
   40.00146  -72.53320     20.853     20.693    18.0504    32.7627      8.010     0.2297 4.6564e+00  1023.6389    18.0469    23.5480     7.3747    225.160    7.77058  237.24775     94.905 -9.990e-29
   40.00146  -72.53320     20.851     20.690    18.0501    32.7627      8.010     0.2297 4.6303e+00  1023.6391    18.0465    23.5480     7.3754    225.181    7.77053  237.24628     94.914 -9.990e-29
   40.00146  -72.53320     20.842     20.682    18.0501    32.7629      8.015     0.2162 4.6173e+00  1023.6386    18.0465    23.5482     7.3714    225.061    7.77052  237.24600     94.864 -9.990e-29
   40.00146  -72.53320     20.823     20.663    18.0499    32.7637      8.010     0.2162 4.6173e+00  1023.6397    18.0464    23.5487     7.3763    225.211    7.77049  237.24513     94.927 -9.990e-29
   40.00146  -72.53320     20.820     20.660    18.0506    32.7640      8.010     0.2297 4.5784e+00  1023.6405    18.0471    23.5492     7.3770    225.231    7.77047  237.24460     94.936 -9.990e-29
   40.00146  -72.53320     20.812     20.652    18.0518    32.7640      8.010     0.2297 4.5656e+00  1023.6401    18.0483    23.5491     7.3776    225.251    7.77043  237.24322     94.945 -9.990e-29
   40.00146  -72.53320     20.802     20.642    18.0525    32.7640      8.010     0.2297 4.5656e+00  1023.6393    18.0490    23.5484     7.3829    225.411    7.77036  237.24122     95.013 -9.990e-29
   40.00146  -72.53320     20.779     20.619    18.0528    32.7632      8.010     0.2162 4.5528e+00  1023.6382    18.0493    23.5477     7.3834    225.427    7.77028  237.23851     95.021 -9.990e-29
   40.00146  -72.53320     20.782     20.622    18.0534    32.7632      8.010     0.2162 4.5400e+00  1023.6375    18.0499    23.5472     7.3839    225.442    7.77022  237.23675     95.028 -9.990e-29
   40.00146  -72.53320     20.752     20.591    18.0535    32.7632      8.015     0.2162 4.5400e+00  1023.6379    18.0500    23.5473     7.3843    225.455    7.77013  237.23430     95.035 -9.990e-29
   40.00146  -72.53320     20.760     20.600    18.0547    32.7635      8.010     0.2297 4.5272e+00  1023.6383    18.0512    23.5475     7.3847    225.468    7.77010  237.23320     95.041 -9.990e-29
   40.00146  -72.53320     20.742     20.582    18.0556    32.7635      8.015     0.2297 4.5018e+00  1023.6383    18.0521    23.5475     7.3851    225.479    7.77007  237.23236     95.046 -9.990e-29
   40.00146  -72.53320     20.731     20.571    18.0566    32.7635      8.015     0.2162 4.5018e+00  1023.6376    18.0531    23.5470     7.3854    225.488    7.77003  237.23128     95.050 -9.990e-29
   40.00146  -72.53320     20.718     20.559    18.0572    32.7628      8.010     0.2297 4.4892e+00  1023.6368    18.0537    23.5464     7.3857    225.496    7.77000  237.23023     95.054 -9.990e-29
   40.00146  -72.53320     20.701     20.541    18.0574    32.7620      8.010     0.2162 4.4514e+00  1023.6359    18.0539    23.5457     7.3859    225.502    7.76997  237.22953     95.057 -9.990e-29
   40.00146  -72.53320     20.691     20.531    18.0574    32.7613      8.010     0.2297 4.4389e+00  1023.6352    18.0539    23.5452     7.3860    225.506    7.76992  237.22781     95.059 -9.990e-29
   40.00146  -72.53320     20.668     20.508    18.0570    32.7610      8.010     0.2297 4.4389e+00  1023.6353    18.0535    23.5450     7.3861    225.509    7.76987  237.22637     95.061 -9.990e-29
   40.00134  -72.53332     20.661     20.501    18.0568    32.7610      8.010     0.2297 4.4264e+00  1023.6348    18.0533    23.5450     7.3861    225.510    7.76986  237.22592     95.061 -9.990e-29
   40.00134  -72.53332     20.650     20.490    18.0556    32.7610      8.010     0.2297 4.4140e+00  1023.6356    18.0521    23.5452     7.3861    225.510    7.76983  237.22513     95.062 -9.990e-29
   40.00134  -72.53332     20.628     20.469    18.0558    32.7609      8.015     0.2162 4.4140e+00  1023.6354    18.0523    23.5453     7.3861    225.508    7.76981  237.22443     95.061 -9.990e-29
   40.00134  -72.53332     20.619     20.460    18.0554    32.7608      8.010     0.2162 4.4016e+00  1023.6352    18.0519    23.5452     7.3860    225.505    7.76978  237.22364     95.060 -9.990e-29
   40.00134  -72.53332     20.599     20.440    18.0551    32.7607      8.010     0.2162 4.4016e+00  1023.6350    18.0516    23.5452     7.3858    225.499    7.76973  237.22202     95.058 -9.990e-29
   40.00134  -72.53332     20.597     20.439    18.0544    32.7607      8.010     0.2162 4.4016e+00  1023.6349    18.0509    23.5452     7.3813    225.364    7.76969  237.22095     95.002 -9.990e-29
   40.00134  -72.53332     20.568     20.410    18.0537    32.7607      8.015     0.2162 4.4264e+00  1023.6352    18.0502    23.5456     7.3853    225.486    7.76970  237.22123     95.053 -9.990e-29
   40.00134  -72.53332     20.568     20.410    18.0534    32.7613      8.010     0.2297 4.4264e+00  1023.6358    18.0500    23.5460     7.3901    225.632    7.76966  237.22018     95.115 -9.990e-29
   40.00134  -72.53332     20.535     20.377    18.0535    32.7617      8.010     0.2297 4.4264e+00  1023.6363    18.0501    23.5464     7.3907    225.650    7.76969  237.22106     95.122 -9.990e-29
   40.00134  -72.53332     20.548     20.389    18.0539    32.7619      8.010     0.2162 4.4640e+00  1023.6362    18.0504    23.5465     7.3865    225.522    7.76964  237.21939     95.069 -9.990e-29
   40.00134  -72.53332     20.529     20.370    18.0542    32.7619      8.010     0.2297 4.4765e+00  1023.6360    18.0507    23.5464     7.3861    225.509    7.76963  237.21906     95.064 -9.990e-29
   40.00134  -72.53332     20.505     20.347    18.0542    32.7620      8.010     0.2162 4.4892e+00  1023.6359    18.0508    23.5464     7.3856    225.495    7.76964  237.21930     95.058 -9.990e-29
   40.00134  -72.53332     20.487     20.329    18.0542    32.7620      8.010     0.2162 4.5107e+00  1023.6359    18.0508    23.5464     7.3856    225.494    7.76966  237.22008     95.057 -9.990e-29
   40.00134  -72.53332     20.487     20.329    18.0544    32.7621      8.015     0.2162 4.5400e+00  1023.6359    18.0510    23.5464     7.3855    225.490    7.76963  237.21916     95.056 -9.990e-29
   40.00134  -72.53332     20.465     20.307    18.0546    32.7621      8.010     0.2297 4.5528e+00  1023.6357    18.0511    23.5464     7.3853    225.486    7.76965  237.21991     95.054 -9.990e-29
   40.00134  -72.53332     20.457     20.299    18.0547    32.7622      8.010     0.2297 4.5913e+00  1023.6357    18.0513    23.5465     7.3898    225.623    7.76965  237.21995     95.111 -9.990e-29
   40.00134  -72.53332     20.447     20.290    18.0549    32.7623      8.010     0.2162 4.6433e+00  1023.6358    18.0514    23.5465     7.3900    225.628    7.76965  237.21967     95.114 -9.990e-29
   40.00134  -72.53332     20.435     20.277    18.0549    32.7624      8.010     0.2162 4.6564e+00  1023.6358    18.0514    23.5465     7.3897    225.620    7.76966  237.22005     95.110 -9.990e-29
   40.00134  -72.53332     20.427     20.269    18.0556    32.7626      8.010     0.2162 4.6959e+00  1023.6355    18.0522    23.5466     7.3898    225.621    7.76964  237.21963     95.111 -9.990e-29
   40.00134  -72.53332     20.406     20.249    18.0556    32.7631      8.010     0.2297 4.7490e+00  1023.6361    18.0522    23.5469     7.3898    225.621    7.76962  237.21888     95.111 -9.990e-29
   40.00134  -72.53332     20.406     20.249    18.0561    32.7635      8.015     0.2297 4.7624e+00  1023.6364    18.0527    23.5471     7.3898    225.622    7.76967  237.22047     95.111 -9.990e-29
   40.00134  -72.53332     20.394     20.236    18.0568    32.7635      8.010     0.2162 4.7893e+00  1023.6359    18.0534    23.5470     7.3897    225.619    7.76966  237.22015     95.109 -9.990e-29
   40.00134  -72.53332     20.376     20.219    18.0574    32.7635      8.010     0.2297 4.8435e+00  1023.6357    18.0539    23.5468     7.3895    225.614    7.76965  237.21987     95.108 -9.990e-29
   40.00134  -72.53332     20.366     20.209    18.0578    32.7635      8.015     0.2297 4.8708e+00  1023.6356    18.0544    23.5467     7.3893    225.608    7.76966  237.22006     95.105 -9.990e-29
   40.00146  -72.53320     20.363     20.206    18.0583    32.7634      8.010     0.2297 4.8845e+00  1023.6354    18.0548    23.5465     7.3891    225.602    7.76970  237.22150     95.102 -9.990e-29
   40.00146  -72.53320     20.355     20.198    18.0589    32.7634      8.014     0.2297 4.9677e+00  1023.6351    18.0555    23.5464     7.3888    225.593    7.76971  237.22183     95.098 -9.990e-29
   40.00146  -72.53320     20.345     20.189    18.0591    32.7634      8.010     0.2162 4.9957e+00  1023.6352    18.0556    23.5464     7.3885    225.582    7.76970  237.22136     95.093 -9.990e-29
   40.00146  -72.53320     20.333     20.176    18.0594    32.7634      8.014     0.2297 4.9957e+00  1023.6351    18.0560    23.5463     7.3881    225.569    7.76971  237.22155     95.088 -9.990e-29
