CalculateIndicators/WaterTemperature/Data/CTD_NYOS/20230517_C21.cnv
* Sea-Bird SBE 9 Data File:
* FileName = C:\Seabird 9 CTD\Data\2023\202305_offshore\20230517_C21.hex
* Software Version Seasave V 7.23.2
* Temperature SN = 4590
* Conductivity SN = 3228
* Number of Bytes Per Scan = 44
* Number of Voltage Words = 5
* Number of Scans Averaged by the Deck Unit = 1
* NMEA Latitude = 40 09.15 N
* NMEA Longitude = 072 11.21 W
* NMEA UTC (Time) = May 17 2023  14:32:34
* NMEA baud rate = 4800
** Ship: Seawolf
** Station: 10.4
** Operator: TCM
# nquan = 18
# nvalues = 14882                       
# units = specified
# name 0 = latitude: Latitude [deg]
# name 1 = longitude: Longitude [deg]
# name 2 = prDM: Pressure, Digiquartz [db]
# name 3 = depSM: Depth [salt water, m]
# name 4 = t090C: Temperature [ITS-90, deg C]
# name 5 = sal00: Salinity, Practical [PSU]
# name 6 = ph: pH
# name 7 = flECO-AFL: Fluorescence, WET Labs ECO-AFL/FL [mg/m^3]
# name 8 = cpar: CPAR/Corrected Irradiance [%]
# name 9 = density00: Density [density, kg/m^3]
# name 10 = potemp090C: Potential Temperature [ITS-90, deg C]
# name 11 = sigma-é00: Density [sigma-theta, kg/m^3]
# name 12 = sbeox0Mg/L: Oxygen, SBE 43 [mg/l]
# name 13 = sbox0Mm/Kg: Oxygen, SBE 43 [umol/kg]
# name 14 = oxsolMg/L: Oxygen Saturation, Garcia & Gordon [mg/l]
# name 15 = oxsolMm/Kg: Oxygen Saturation, Garcia & Gordon [umol/kg]
# name 16 = sbeox0PS: Oxygen, SBE 43 [% saturation]
# name 17 = flag:  0.000e+00
# span 0 =   40.14944,   40.15252       
# span 1 =  -72.19002,  -72.18682       
# span 2 =      1.976,     64.930       
# span 3 =      1.960,     64.422       
# span 4 =     6.3184,    13.3110       
# span 5 =    31.9648,    32.9723       
# span 6 =      7.869,      8.065       
# span 7 =     0.0954,     0.7400       
# span 8 = 5.3696e-04, 2.7457e+01       
# span 9 =  1023.9748,  1026.1530       
# span 10 =     6.3159,    13.3102      
# span 11 =    23.9814,    25.8554      
# span 12 =     8.3774,     9.6807      
# span 13 =    255.201,    294.966      
# span 14 =    8.57728,    9.95512      
# span 15 =  261.76468,  303.32313      
# span 16 =     85.190,    106.490      
# span 17 = 0.0000e+00, 0.0000e+00      
# interval = seconds: 0.0416667
# start_time = May 17 2023 14:32:37 [System UTC, first data scan.]
# bad_flag = -9.990e-29
*END*
[from data line 10694]
   40.15030  -72.18910     22.239     22.067     8.2844    32.6687      7.988     0.4177 1.3956e+00  1025.5033     8.2822    25.4026     9.4678    288.562    9.54127  290.79981     99.230 0.0000e+00
   40.15030  -72.18910     22.232     22.060     8.3243    32.6679      7.988     0.4043 1.4035e+00  1025.5019     8.3221    25.3979     9.4686    288.586    9.54224  290.82924     99.229 0.0000e+00
   40.15030  -72.18910     22.211     22.040     8.3582    32.6677      7.988     0.4177 1.4035e+00  1025.4923     8.3560    25.3911     9.4687    288.587    9.54296  290.85063     99.222 -9.990e-29
   40.15030  -72.18910     22.209     22.037     8.3792    32.6645      7.993     0.4043 1.4114e+00  1025.4822     8.3770    25.3848     9.4738    288.744    9.54325  290.85954     99.273 -9.990e-29
   40.15030  -72.18910     22.202     22.030     8.3958    32.6638      7.993     0.4043 1.4194e+00  1025.4850     8.3936    25.3809     9.4729    288.715    9.54327  290.85976     99.263 0.0000e+00
   40.15028  -72.18910     22.199     22.027     8.4277    32.6615      7.992     0.4043 1.4194e+00  1025.4781     8.4255    25.3750     9.4721    288.689    9.54303  290.85209     99.256 0.0000e+00
   40.15028  -72.18910     22.181     22.010     8.4597    32.6552      7.992     0.4043 1.4194e+00  1025.4668     8.4575    25.3657     9.4705    288.640    9.54257  290.83756     99.244 -9.990e-29
   40.15028  -72.18910     22.188     22.016     8.4853    32.6477      7.992     0.4043 1.4274e+00  1025.4558     8.4831    25.3560     9.4681    288.569    9.54193  290.81766     99.227 -9.990e-29
   40.15028  -72.18910     22.181     22.010     8.5056    32.6415      7.997     0.4043 1.4290e+00  1025.4481     8.5034    25.3478     9.4652    288.480    9.54120  290.79494     99.204 -9.990e-29
   40.15028  -72.18910     22.191     22.019     8.5246    32.6359      7.997     0.4043 1.4315e+00  1025.4425     8.5224    25.3404     9.4616    288.367    9.54023  290.76496     99.175 -9.990e-29
   40.15028  -72.18910     22.178     22.007     8.5464    32.6292      7.997     0.4043 1.4315e+00  1025.4335     8.5441    25.3321     9.4571    288.232    9.53902  290.72750     99.141 -9.990e-29
   40.15028  -72.18910     22.191     22.019     8.5656    32.6212      7.997     0.4043 1.4315e+00  1025.4240     8.5633    25.3230     9.4527    288.096    9.53745  290.67963     99.111 -9.990e-29
   40.15028  -72.18910     22.199     22.027     8.5816    32.6127      7.997     0.4043 1.4315e+00  1025.4146     8.5794    25.3140     9.4466    287.910    9.53562  290.62365     99.066 -9.990e-29
   40.15028  -72.18910     22.191     22.019     8.5936    32.6044      8.001     0.4043 1.4436e+00  1025.4063     8.5913    25.3057     9.4343    287.536    9.53336  290.55432     98.961 -9.990e-29
   40.15028  -72.18910     22.211     22.040     8.6013    32.5966      8.001     0.4043 1.4436e+00  1025.3987     8.5990    25.2984     9.4262    287.288    9.53049  290.46679     98.906 -9.990e-29
   40.15028  -72.18910     22.220     22.048     8.6039    32.5898      8.001     0.4043 1.4396e+00  1025.3929     8.6017    25.2927     9.4245    287.237    9.52755  290.37754     98.918 -9.990e-29
   40.15028  -72.18910     22.211     22.040     8.6032    32.5842      8.001     0.4043 1.4396e+00  1025.3890     8.6010    25.2884     9.4177    287.032    9.52514  290.30501     98.872 -9.990e-29
   40.15028  -72.18910     22.250     22.078     8.5995    32.5796      8.001     0.4043 1.4315e+00  1025.3861     8.5972    25.2852     9.4110    286.827    9.52313  290.24425     98.823 -9.990e-29
   40.15028  -72.18910     22.253     22.081     8.5939    32.5758      8.006     0.4043 1.4315e+00  1025.3837     8.5917    25.2831     9.3984    286.443    9.52087  290.17518     98.714 -9.990e-29
   40.15028  -72.18910     22.253     22.081     8.5857    32.5731      8.006     0.4043 1.4274e+00  1025.3827     8.5834    25.2822     9.3973    286.409    9.51828  290.09590     98.729 -9.990e-29
   40.15028  -72.18910     22.290     22.117     8.5773    32.5731      8.006     0.4043 1.4234e+00  1025.3834     8.5751    25.2826     9.3901    286.188    9.51518  290.00131     98.685 -9.990e-29
   40.15028  -72.18910     22.283     22.111     8.5688    32.5731      8.006     0.4043 1.4234e+00  1025.3856     8.5666    25.2842     9.3880    286.125    9.51162  289.89193     98.700 -9.990e-29
   40.15028  -72.18910     22.320     22.148     8.5616    32.5737      8.006     0.4043 1.4194e+00  1025.3879     8.5594    25.2860     9.3744    285.708    9.50728  289.75928     98.602 -9.990e-29
   40.15028  -72.18910     22.334     22.161     8.5555    32.5738      8.006     0.4043 1.4098e+00  1025.3895     8.5533    25.2876     9.3651    285.425    9.50249  289.61296     98.554 -9.990e-29
   40.15028  -72.18910     22.350     22.178     8.5499    32.5738      8.006     0.4043 1.4098e+00  1025.3910     8.5477    25.2887     9.3560    285.149    9.49737  289.45793     98.511 -9.990e-29
   40.15028  -72.18910     22.374     22.201     8.5449    32.5738      8.006     0.4043 1.4019e+00  1025.3916     8.5426    25.2888     9.3469    284.872    9.49251  289.31020     98.466 -9.990e-29
   40.15028  -72.18910     22.394     22.221     8.5388    32.5714      8.011     0.4043 1.3940e+00  1025.3898     8.5366    25.2879     9.3380    284.601    9.48803  289.17506     98.418 -9.990e-29
   40.15028  -72.18910     22.412     22.239     8.5303    32.5683      8.011     0.4043 1.3901e+00  1025.3889     8.5281    25.2867     9.3302    284.367    9.48411  289.05631     98.378 -9.990e-29
   40.15028  -72.18910     22.445     22.272     8.5197    32.5653      8.006     0.4043 1.3862e+00  1025.3872     8.5174    25.2861     9.3219    284.113    9.47982  288.92610     98.334 -9.990e-29
   40.15028  -72.18910     22.473     22.299     8.5054    32.5632      8.011     0.4043 1.3629e+00  1025.3888     8.5032    25.2863     9.3143    283.883    9.47567  288.80085     98.297 -9.990e-29
   40.15028  -72.18910     22.485     22.311     8.4932    32.5612      8.011     0.4043 1.3576e+00  1025.3895     8.4909    25.2867     9.3133    283.855    9.47223  288.69823     98.322 -9.990e-29
   40.15028  -72.18910     22.524     22.350     8.4793    32.5579      8.011     0.4043 1.3522e+00  1025.3898     8.4770    25.2862     9.3083    283.704    9.47012  288.63556     98.291 -9.990e-29
   40.15028  -72.18910     22.536     22.362     8.4644    32.5523      8.011     0.4043 1.3408e+00  1025.3879     8.4622    25.2842     9.3101    283.759    9.46806  288.57276     98.332 -9.990e-29
   40.15028  -72.18910     22.568     22.393     8.4459    32.5450      8.011     0.4177 1.3356e+00  1025.3832     8.4437    25.2813     9.3051    283.606    9.46477  288.47219     98.313 -9.990e-29
   40.15028  -72.18910     22.564     22.389     8.4220    32.5386      8.012     0.4580 1.3318e+00  1025.3808     8.4197    25.2797     9.2999    283.447    9.46071  288.34761     98.300 -9.990e-29
   40.15028  -72.18910     22.608     22.433     8.3958    32.5386      8.012     0.4849 1.3169e+00  1025.3824     8.3936    25.2813     9.2942    283.274    9.45639  288.21570     98.285 -9.990e-29
   40.15028  -72.18910     22.635     22.460     8.3691    32.5386      8.012     0.4714 1.3117e+00  1025.3881     8.3668    25.2863     9.2948    283.291    9.45169  288.07183     98.340 -9.990e-29
   40.15028  -72.18910     22.649     22.474     8.3449    32.5419      8.012     0.4714 1.3117e+00  1025.3970     8.3427    25.2933     9.2904    283.157    9.44741  287.94356     98.338 -9.990e-29
   40.15028  -72.18910     22.686     22.511     8.3248    32.5470      8.012     0.4714 1.2956e+00  1025.4044     8.3225    25.3003     9.2870    283.058    9.44435  287.85317     98.334 -9.990e-29
   40.15028  -72.18910     22.679     22.504     8.3071    32.5513      8.012     0.4714 1.2919e+00  1025.4103     8.3049    25.3065     9.2813    282.881    9.43912  287.68986     98.328 -9.990e-29
   40.15028  -72.18910     22.717     22.541     8.2901    32.5547      8.012     0.4714 1.2919e+00  1025.4160     8.2878    25.3116     9.2718    282.587    9.42979  287.40298     98.324 -9.990e-29
   40.15028  -72.18910     22.740     22.564     8.2740    32.5566      8.012     0.4849 1.2832e+00  1025.4202     8.2718    25.3155     9.2619    282.286    9.42038  287.11604     98.318 -9.990e-29
   40.15028  -72.18910     22.737     22.561     8.2592    32.5572      8.012     0.4714 1.2760e+00  1025.4217     8.2569    25.3182     9.2597    282.223    9.41204  286.86544     98.382 -9.990e-29
   40.15028  -72.18910     22.781     22.605     8.2439    32.5578      8.012     0.4714 1.2796e+00  1025.4246     8.2417    25.3209     9.2614    282.278    9.40743  286.72822     98.448 -9.990e-29
   40.15028  -72.18910     22.767     22.591     8.2300    32.5594      8.012     0.4714 1.2674e+00  1025.4274     8.2278    25.3242     9.2663    282.430    9.40447  286.64157     98.531 -9.990e-29
   40.15028  -72.18910     22.791     22.615     8.2167    32.5621      8.012     0.4849 1.2638e+00  1025.4324     8.2144    25.3282     9.2642    282.369    9.40004  286.51013     98.555 -9.990e-29
   40.15028  -72.18910     22.821     22.645     8.2048    32.5655      8.012     0.4714 1.2624e+00  1025.4367     8.2025    25.3326     9.2601    282.244    9.39391  286.32350     98.575 -9.990e-29
   40.15028  -72.18910     22.798     22.622     8.1956    32.5688      8.012     0.4714 1.2553e+00  1025.4412     8.1934    25.3365     9.2507    281.949    9.38290  285.97817     98.591 -9.990e-29
   40.15028  -72.18910     22.831     22.654     8.1896    32.5713      8.012     0.4849 1.2504e+00  1025.4444     8.1873    25.3394     9.2381    281.568    9.36952  285.57200     98.598 -9.990e-29
   40.15028  -72.18910     22.828     22.652     8.1849    32.5727      8.012     0.4714 1.2504e+00  1025.4456     8.1826    25.3413     9.2397    281.621    9.36397  285.40919     98.673 -9.990e-29
   40.15028  -72.18910     22.821     22.645     8.1813    32.5735      8.012     0.4714 1.2504e+00  1025.4468     8.1790    25.3424     9.2375    281.554    9.35979  285.28266     98.693 -9.990e-29
   40.15028  -72.18910     22.828     22.652     8.1798    32.5743      8.012     0.4714 1.2455e+00  1025.4474     8.1775    25.3433     9.2374    281.550    9.35230  285.05282     98.771 -9.990e-29
   40.15028  -72.18910     22.831     22.654     8.1794    32.5756      8.012     0.4714 1.2455e+00  1025.4481     8.1772    25.3443     9.2388    281.595    9.34509  284.83520     98.862 -9.990e-29
   40.15026  -72.18910     22.838     22.661     8.1798    32.5776      8.012     0.4714 1.2442e+00  1025.4502     8.1775    25.3458     9.2357    281.502    9.33871  284.64209     98.897 -9.990e-29
   40.15026  -72.18910     22.831     22.654     8.1813    32.5798      8.012     0.4714 1.2407e+00  1025.4517     8.1790    25.3474     9.2321    281.394    9.33216  284.44482     98.927 -9.990e-29
   40.15026  -72.18910     22.828     22.652     8.1837    32.5819      8.012     0.4714 1.2393e+00  1025.4528     8.1815    25.3487     9.2327    281.408    9.32419  284.19639     99.019 -9.990e-29
   40.15026  -72.18910     22.821     22.645     8.1865    32.5843      8.012     0.4714 1.2393e+00  1025.4541     8.1843    25.3502     9.2209    281.046    9.30996  283.76025     99.044 -9.990e-29
   40.15026  -72.18910     22.807     22.631     8.1901    32.5871      8.012     0.4714 1.2414e+00  1025.4559     8.1878    25.3518     9.2167    280.925    9.29785  283.39884     99.127 -9.990e-29
   40.15026  -72.18910     22.791     22.615     8.1948    32.5899      8.012     0.4714 1.2414e+00  1025.4577     8.1926    25.3533     9.2163    280.919    9.28881  283.12845     99.220 -9.990e-29
   40.15026  -72.18910     22.788     22.612     8.2015    32.5923      8.012     0.4714 1.2414e+00  1025.4583     8.1992    25.3543     9.2114    280.771    9.28058  282.87971     99.255 -9.990e-29
   40.15026  -72.18910     22.770     22.594     8.2095    32.5948      8.008     0.4714 1.2401e+00  1025.4585     8.2072    25.3550     9.2153    280.896    9.27549  282.73159     99.351 -9.990e-29
   40.15026  -72.18910     22.747     22.571     8.2188    32.5977      8.007     0.4714 1.2436e+00  1025.4602     8.2166    25.3558     9.2156    280.907    9.27202  282.62730     99.391 -9.990e-29
   40.15026  -72.18910     22.740     22.564     8.2315    32.5999      8.007     0.4714 1.2436e+00  1025.4601     8.2293    25.3558     9.2111    280.767    9.25994  282.25459     99.473 -9.990e-29
   40.15026  -72.18910     22.707     22.531     8.2450    32.6001      8.007     0.4714 1.2492e+00  1025.4587     8.2427    25.3545     9.1983    280.369    9.24521  281.79945     99.493 -9.990e-29
   40.15026  -72.18910     22.689     22.514     8.2568    32.6005      8.007     0.4714 1.2528e+00  1025.4552     8.2546    25.3525     9.1918    280.174    9.23097  281.36872     99.575 -9.990e-29
   40.15026  -72.18910     22.656     22.481     8.2662    32.6006      8.007     0.4714 1.2528e+00  1025.4538     8.2639    25.3513     9.1876    280.053    9.21869  281.00180     99.662 -9.990e-29
   40.15026  -72.18910     22.628     22.454     8.2760    32.6027      8.007     0.4849 1.2585e+00  1025.4542     8.2738    25.3514     9.1836    279.936    9.20635  280.62985     99.753 -9.990e-29
   40.15026  -72.18910     22.598     22.423     8.2870    32.6059      8.007     0.4849 1.2656e+00  1025.4553     8.2848    25.3522     9.1805    279.844    9.19528  280.29543     99.839 -9.990e-29
   40.15026  -72.18910     22.564     22.389     8.3005    32.6101      8.007     0.4714 1.2692e+00  1025.4557     8.2983    25.3534     9.1762    279.719    9.18761  280.06749     99.875 -9.990e-29
   40.15026  -72.18910     22.527     22.352     8.3154    32.6151      8.007     0.4714 1.2764e+00  1025.4581     8.3132    25.3551     9.1799    279.833    9.18234  279.90754     99.973 -9.990e-29
   40.15026  -72.18910     22.503     22.329     8.3341    32.6203      8.007     0.4714 1.2858e+00  1025.4598     8.3318    25.3564     9.1775    279.762    9.17597  279.71494    100.017 -9.990e-29
   40.15026  -72.18910     22.466     22.292     8.3552    32.6242      8.007     0.4714 1.2858e+00  1025.4600     8.3530    25.3564     9.1799    279.839    9.17004  279.53845    100.108 -9.990e-29
   40.15026  -72.18910     22.422     22.249     8.3789    32.6263      8.007     0.4714 1.2967e+00  1025.4572     8.3766    25.3547     9.1838    279.963    9.16535  279.39995    100.202 -9.990e-29
   40.15026  -72.18910     22.374     22.201     8.4014    32.6269      8.007     0.4714 1.3078e+00  1025.4545     8.3991    25.3520     9.1882    280.101    9.16099  279.27087    100.297 -9.990e-29
   40.15026  -72.18910     22.343     22.171     8.4227    32.6269      8.007     0.4714 1.3152e+00  1025.4501     8.4205    25.3488     9.1931    280.253    9.15705  279.15402    100.394 -9.990e-29
   40.15026  -72.18910     22.280     22.108     8.4411    32.6269      8.007     0.4714 1.3226e+00  1025.4474     8.4388    25.3459     9.1985    280.420    9.15348  279.04833    100.491 -9.990e-29
   40.15026  -72.18910     22.242     22.070     8.4610    32.6267      8.007     0.4714 1.3376e+00  1025.4450     8.4588    25.3428     9.2049    280.617    9.15085  278.97047    100.590 -9.990e-29
   40.15026  -72.18912     22.188     22.016     8.4809    32.6245      8.007     0.4714 1.3414e+00  1025.4406     8.4787    25.3382     9.2117    280.827    9.14860  278.90419    100.690 0.0000e+00
   40.15026  -72.18912     22.141     21.970     8.4991    32.6202      8.006     0.4714 1.3490e+00  1025.4324     8.4969    25.3324     9.2132    280.876    9.14682  278.85129    100.726 0.0000e+00
