CalculateIndicators/WaterTemperature/Data/CTD_NYOS/20231004_C17.cnv
* Sea-Bird SBE 9 Data File:
* FileName = C:\Seabird 9 CTD\Data\2023\202309_offshore\20231004_C17.hex
* Software Version Seasave V 7.23.2
* Temperature SN = 4590
* Conductivity SN = 3228
* Number of Bytes Per Scan = 44
* Number of Voltage Words = 5
* Number of Scans Averaged by the Deck Unit = 1
* NMEA Latitude = 40 39.91 N
* NMEA Longitude = 072 58.72 W
* NMEA UTC (Time) = Oct 04 2023  22:54:26
* NMEA baud rate = 4800
** Ship: seawolf
** Station: 9.1
** Operator: Tcm
# nquan = 18
# nvalues = 6617                        
# units = specified
# name 0 = latitude: Latitude [deg]
# name 1 = longitude: Longitude [deg]
# name 2 = prDM: Pressure, Digiquartz [db]
# name 3 = depSM: Depth [salt water, m]
# name 4 = t090C: Temperature [ITS-90, deg C]
# name 5 = sal00: Salinity, Practical [PSU]
# name 6 = ph: pH
# name 7 = flECO-AFL: Fluorescence, WET Labs ECO-AFL/FL [mg/m^3]
# name 8 = cpar: CPAR/Corrected Irradiance [%]
# name 9 = density00: Density [density, kg/m^3]
# name 10 = potemp090C: Potential Temperature [ITS-90, deg C]
# name 11 = sigma-é00: Density [sigma-theta, kg/m^3]
# name 12 = sbeox0Mg/L: Oxygen, SBE 43 [mg/l]
# name 13 = sbox0Mm/Kg: Oxygen, SBE 43 [umol/kg]
# name 14 = oxsolMg/L: Oxygen Saturation, Garcia & Gordon [mg/l]
# name 15 = oxsolMm/Kg: Oxygen Saturation, Garcia & Gordon [umol/kg]
# name 16 = sbeox0PS: Oxygen, SBE 43 [% saturation]
# name 17 = flag:  0.000e+00
# span 0 =   40.66516,   40.66550       
# span 1 =  -72.97866,  -72.97850       
# span 2 =      1.790,     13.693       
# span 3 =      1.776,     13.587       
# span 4 =    17.7182,    19.1656       
# span 5 =    30.9197,    31.3784       
# span 6 =      7.822,      7.967       
# span 7 =     0.8609,     2.3786       
# span 8 = 5.0640e-11, 9.9999e+04       
# span 9 =  1021.8929,  1022.6276       
# span 10 =    17.7162,    19.1653      
# span 11 =    21.8915,    22.5670      
# span 12 =     6.7418,     8.9385      
# span 13 =    206.072,    273.294      
# span 14 =    7.69115,    7.89509      
# span 15 =  235.19550,  241.32472      
# span 16 =     85.398,    115.523      
# span 17 = 0.0000e+00, 0.0000e+00      
# interval = seconds: 0.0416667
# start_time = Oct 04 2023 22:54:27 [System UTC, first data scan.]
# bad_flag = -9.990e-29
*END*
[from data line 3458]
   40.66538  -72.97856      7.215      7.160    17.8326    31.0997 -9.990e-29     1.9085 -9.990e-29  1022.3598    17.8314    22.3279     7.8494    239.941    7.88383  240.99217     99.564 -9.990e-29
   40.66538  -72.97856      7.206      7.150    17.8332    31.0997 -9.990e-29     1.9085 -9.990e-29  1022.3592    17.8320    22.3276     7.8478    239.890    7.88389  240.99420     99.542 -9.990e-29
   40.66538  -72.97856      7.215      7.160    17.8337    31.0994 -9.990e-29     1.9085 -9.990e-29  1022.3589    17.8325    22.3273     7.8460    239.836    7.88398  240.99684     99.518 -9.990e-29
   40.66538  -72.97856      7.218      7.162    17.8342    31.0990 -9.990e-29     1.9085 -9.990e-29  1022.3586    17.8330    22.3269     7.8486    239.915    7.88391  240.99456     99.552 -9.990e-29
   40.66538  -72.97856      7.226      7.170    17.8344    31.0984 -9.990e-29     1.9085 -9.990e-29  1022.3581    17.8332    22.3265     7.8378    239.586    7.88390  240.99419     99.416 -9.990e-29
   40.66538  -72.97856      7.226      7.170    17.8345    31.0979 -9.990e-29     1.9085 -9.990e-29  1022.3575    17.8333    22.3261     7.8402    239.657    7.88383  240.99208     99.446 -9.990e-29
   40.66538  -72.97856      7.229      7.173    17.8345    31.0979 -9.990e-29     1.9085 -9.990e-29  1022.3574    17.8333    22.3259     7.8381    239.593    7.88379  240.99094     99.420 -9.990e-29
   40.66538  -72.97856      7.236      7.180    17.8345    31.0979 -9.990e-29     1.9085 -9.990e-29  1022.3575    17.8333    22.3259     7.8363    239.540    7.88378  240.99059     99.398 -9.990e-29
   40.66538  -72.97856      7.257      7.200    17.8347    31.0979 -9.990e-29     1.9085 -9.990e-29  1022.3578    17.8335    22.3261     7.8349    239.497    7.88376  240.99015     99.380 -9.990e-29
   40.66538  -72.97856      7.236      7.180    17.8342    31.0983 -9.990e-29     1.9085 -9.990e-29  1022.3580    17.8330    22.3264     7.8335    239.453    7.88383  240.99206     99.361 -9.990e-29
   40.66538  -72.97856      7.250      7.194    17.8335    31.0986 -9.990e-29     1.9085 -9.990e-29  1022.3586    17.8323    22.3267     7.8273    239.263    7.88396  240.99622     99.281 -9.990e-29
   40.66538  -72.97856      7.257      7.200    17.8333    31.0989 -9.990e-29     1.9085 -9.990e-29  1022.3588    17.8321    22.3271     7.8257    239.216    7.88408  241.00040     99.260 -9.990e-29
   40.66538  -72.97856      7.257      7.200    17.8332    31.0991 -9.990e-29     1.9085 -9.990e-29  1022.3592    17.8320    22.3273     7.8287    239.308    7.88416  241.00278     99.297 -9.990e-29
   40.66538  -72.97856      7.266      7.210    17.8335    31.0991 -9.990e-29     1.9085 -9.990e-29  1022.3592    17.8323    22.3272     7.8231    239.137    7.88422  241.00440     99.225 -9.990e-29
   40.66538  -72.97856      7.269      7.213    17.8340    31.0991 -9.990e-29     1.9085 -9.990e-29  1022.3588    17.8328    22.3270     7.8217    239.093    7.88425  241.00533     99.207 -9.990e-29
   40.66538  -72.97856      7.266      7.210    17.8342    31.0990 -9.990e-29     1.9085 -9.990e-29  1022.3589    17.8330    22.3269     7.8160    238.918    7.88427  241.00569     99.134 -9.990e-29
   40.66538  -72.97856      7.287      7.230    17.8345    31.0989 -9.990e-29     1.9085 -9.990e-29  1022.3586    17.8333    22.3268     7.8145    238.873    7.88432  241.00726     99.114 -9.990e-29
   40.66538  -72.97856      7.277      7.221    17.8345    31.0986 -9.990e-29     1.9085 -9.990e-29  1022.3587    17.8333    22.3265     7.8130    238.828    7.88437  241.00889     99.095 -9.990e-29
   40.66538  -72.97856      7.290      7.233    17.8352    31.0981 -9.990e-29     1.9085 -9.990e-29  1022.3579    17.8340    22.3260     7.8120    238.795    7.88439  241.00936     99.081 -9.990e-29
   40.66538  -72.97856      7.296      7.240    17.8355    31.0975 -9.990e-29     1.9085 -9.990e-29  1022.3572    17.8343    22.3256     7.8109    238.763    7.88442  241.01049     99.067 -9.990e-29
   40.66538  -72.97856      7.296      7.240    17.8354    31.0973 -9.990e-29     1.9085 -9.990e-29  1022.3574    17.8342    22.3254     7.8099    238.733    7.88451  241.01315     99.054 -9.990e-29
   40.66538  -72.97856      7.307      7.251    17.8352    31.0972 -9.990e-29     1.9891 -9.990e-29  1022.3573    17.8340    22.3253     7.8089    238.703    7.88461  241.01646     99.040 -9.990e-29
   40.66538  -72.97856      7.310      7.254    17.8351    31.0970 -9.990e-29     2.0832 -9.990e-29  1022.3572    17.8339    22.3252     7.8032    238.528    7.88468  241.01859     98.967 -9.990e-29
   40.66538  -72.97856      7.317      7.260    17.8342    31.0970 -9.990e-29     2.0966 -9.990e-29  1022.3575    17.8330    22.3254     7.8064    238.626    7.88471  241.01942     99.007 -9.990e-29
   40.66538  -72.97856      7.328      7.271    17.8337    31.0970 -9.990e-29     2.0966 -9.990e-29  1022.3577    17.8325    22.3255     7.8007    238.451    7.88475  241.02068     98.934 -9.990e-29
   40.66538  -72.97856      7.328      7.271    17.8337    31.0968 -9.990e-29     2.0832 -9.990e-29  1022.3575    17.8324    22.3254     7.7949    238.275    7.88475  241.02060     98.861 -9.990e-29
   40.66538  -72.97856      7.331      7.274    17.8332    31.0967 -9.990e-29     2.0832 -9.990e-29  1022.3575    17.8320    22.3254     7.7977    238.361    7.88472  241.01934     98.897 -9.990e-29
   40.66538  -72.97856      7.338      7.281    17.8326    31.0966 -9.990e-29     2.0832 -9.990e-29  1022.3577    17.8314    22.3254     7.7961    238.310    7.88449  241.01238     98.879 -9.990e-29
   40.66538  -72.97856      7.347      7.290    17.8323    31.0964 -9.990e-29     2.0832 -9.990e-29  1022.3576    17.8311    22.3253     7.7902    238.131    7.88429  241.00603     98.807 -9.990e-29
   40.66538  -72.97856      7.347      7.290    17.8323    31.0964 -9.990e-29     2.0832 -9.990e-29  1022.3573    17.8311    22.3253     7.7886    238.082    7.88402  240.99794     98.790 -9.990e-29
   40.66538  -72.97856      7.350      7.293    17.8318    31.0964 -9.990e-29     2.0832 -9.990e-29  1022.3577    17.8306    22.3255     7.7871    238.036    7.88375  240.98987     98.774 -9.990e-29
   40.66538  -72.97856      7.358      7.301    17.8311    31.0964 -9.990e-29     2.0832 -9.990e-29  1022.3581    17.8298    22.3257     7.7810    237.848    7.88354  240.98345     98.699 -9.990e-29
   40.66538  -72.97856      7.358      7.301    17.8307    31.0964 -9.990e-29     2.0832 -9.990e-29  1022.3580    17.8295    22.3258     7.7793    237.796    7.88342  240.97979     98.679 -9.990e-29
   40.66538  -72.97856      7.368      7.311    17.8304    31.0964 -9.990e-29     2.0832 -9.990e-29  1022.3582    17.8292    22.3258     7.7777    237.747    7.88330  240.97652     98.660 -9.990e-29
   40.66538  -72.97856      7.371      7.314    17.8304    31.0963 -9.990e-29     2.0832 -9.990e-29  1022.3578    17.8292    22.3258     7.7766    237.715    7.88326  240.97512     98.647 -9.990e-29
   40.66538  -72.97856      7.378      7.320    17.8298    31.0963 -9.990e-29     2.0832 -9.990e-29  1022.3580    17.8286    22.3258     7.7753    237.674    7.88326  240.97532     98.630 -9.990e-29
   40.66538  -72.97856      7.378      7.320    17.8295    31.0963 -9.990e-29     2.0832 -9.990e-29  1022.3584    17.8283    22.3260     7.7698    237.508    7.88332  240.97705     98.560 -9.990e-29
   40.66538  -72.97856      7.389      7.331    17.8297    31.0965 -9.990e-29     2.0832 -9.990e-29  1022.3586    17.8285    22.3262     7.7683    237.460    7.88336  240.97842     98.540 -9.990e-29
   40.66538  -72.97856      7.380      7.323    17.8300    31.0967 -9.990e-29     2.0832 -9.990e-29  1022.3585    17.8288    22.3263     7.7668    237.414    7.88337  240.97862     98.521 -9.990e-29
   40.66538  -72.97856      7.398      7.341    17.8298    31.0969 -9.990e-29     2.0832 -9.990e-29  1022.3588    17.8286    22.3264     7.7658    237.383    7.88334  240.97749     98.509 -9.990e-29
   40.66538  -72.97856      7.398      7.341    17.8297    31.0971 -9.990e-29     2.0832 -9.990e-29  1022.3590    17.8285    22.3266     7.7648    237.353    7.88317  240.97233     98.498 -9.990e-29
   40.66538  -72.97856      7.389      7.331    17.8297    31.0971 -9.990e-29     2.0832 -9.990e-29  1022.3591    17.8285    22.3267     7.7592    237.182    7.88302  240.96775     98.429 -9.990e-29
   40.66538  -72.97856      7.408      7.350    17.8295    31.0971      7.877     2.0832 5.0640e-11  1022.3591    17.8283    22.3267     7.7580    237.145    7.88288  240.96342     98.415 -9.990e-29
   40.66538  -72.97856      7.412      7.355    17.8290    31.0972      7.877     2.0832 5.0640e-11  1022.3590    17.8278    22.3267     7.7570    237.116    7.88285  240.96270     98.404 -9.990e-29
   40.66538  -72.97856      7.408      7.350    17.8286    31.0973      7.877     2.0832 5.0640e-11  1022.3592    17.8274    22.3269     7.7511    236.934    7.88285  240.96290     98.328 -9.990e-29
   40.66538  -72.97856      7.408      7.350    17.8279    31.0977      7.877     2.0832 5.0640e-11  1022.3601    17.8267    22.3273     7.7500    236.903    7.88294  240.96562     98.314 -9.990e-29
   40.66538  -72.97856      7.419      7.361    17.8278    31.0977      7.877     2.0697 5.0640e-11  1022.3600    17.8266    22.3275     7.7491    236.876    7.88299  240.96716     98.302 -9.990e-29
   40.66538  -72.97856      7.412      7.355    17.8275    31.0977      7.877     2.0563 5.0640e-11  1022.3599    17.8262    22.3276     7.7484    236.853    7.88306  240.96925     98.292 -9.990e-29
   40.66538  -72.97856      7.428      7.371    17.8269    31.0978      7.877     2.0563 5.0640e-11  1022.3604    17.8257    22.3278     7.7430    236.687    7.88302  240.96783     98.223 -9.990e-29
   40.66538  -72.97856      7.419      7.361    17.8266    31.0980      7.877     2.0563 5.0640e-11  1022.3603    17.8253    22.3280     7.7420    236.656    7.88293  240.96480     98.212 -9.990e-29
   40.66538  -72.97856      7.428      7.371    17.8257    31.0984      7.877     2.0563 5.0640e-11  1022.3611    17.8245    22.3284     7.7411    236.630    7.88287  240.96314     98.202 -9.990e-29
   40.66538  -72.97856      7.431      7.374    17.8260    31.0988      7.877     2.0563 5.0640e-11  1022.3614    17.8248    22.3287     7.7406    236.613    7.88291  240.96458     98.194 -9.990e-29
   40.66538  -72.97856      7.428      7.371    17.8260    31.0990      7.877     2.0563 5.0640e-11  1022.3616    17.8248    22.3288     7.7407    236.616    7.88300  240.96748     98.194 -9.990e-29
   40.66538  -72.97856      7.439      7.382    17.8266    31.0990      7.877     2.0563 5.0640e-11  1022.3613    17.8253    22.3288     7.7353    236.452    7.88306  240.96933     98.125 -9.990e-29
   40.66538  -72.97856      7.428      7.371    17.8268    31.0990      7.877     2.0563 5.0640e-11  1022.3613    17.8255    22.3287     7.7349    236.440    7.88317  240.97296     98.119 -9.990e-29
   40.66538  -72.97856      7.431      7.374    17.8269    31.0988      7.877     2.0563 5.0640e-11  1022.3611    17.8257    22.3286     7.7347    236.434    7.88333  240.97781     98.114 -9.990e-29
   40.66538  -72.97856      7.439      7.382    17.8271    31.0986      7.882     2.0563 5.0640e-11  1022.3610    17.8259    22.3284     7.7300    236.290    7.88353  240.98395     98.052 -9.990e-29
   40.66538  -72.97856      7.439      7.382    17.8268    31.0981      7.877     2.0563 5.0640e-11  1022.3609    17.8255    22.3281     7.7297    236.281    7.88362  240.98661     98.047 -9.990e-29
   40.66538  -72.97856      7.439      7.382    17.8262    31.0973      7.877     2.0563 5.0640e-11  1022.3602    17.8250    22.3275     7.7295    236.276    7.88367  240.98819     98.045 -9.990e-29
   40.66538  -72.97856      7.449      7.391    17.8259    31.0964      7.877     2.0563 5.0640e-11  1022.3591    17.8246    22.3269     7.7244    236.119    7.88370  240.98911     97.979 -9.990e-29
   40.66538  -72.97856      7.431      7.374    17.8253    31.0964      7.877     2.0563 5.0640e-11  1022.3592    17.8241    22.3268     7.7192    235.959    7.88389  240.99477     97.910 -9.990e-29
   40.66538  -72.97856      7.449      7.391    17.8249    31.0964      7.877     2.0697 5.0640e-11  1022.3596    17.8236    22.3270     7.7188    235.947    7.88397  240.99714     97.905 -9.990e-29
   40.66538  -72.97856      7.439      7.382    17.8245    31.0966      7.877     2.0563 5.0640e-11  1022.3600    17.8233    22.3274     7.7182    235.929    7.88407  240.99993     97.896 -9.990e-29
   40.66538  -72.97856      7.449      7.391    17.8243    31.0968      7.877     2.0563 5.0640e-11  1022.3603    17.8231    22.3276     7.7225    236.060    7.88412  241.00146     97.950 -9.990e-29
   40.66538  -72.97856      7.442      7.385    17.8240    31.0968      7.877     2.0563 5.0640e-11  1022.3604    17.8227    22.3277     7.7128    235.766    7.88418  241.00323     97.827 -9.990e-29
   40.66536  -72.97858      7.439      7.382    17.8236    31.0968      7.877     2.0563 5.0640e-11  1022.3604    17.8224    22.3277     7.7166    235.881    7.88419  241.00348     97.875 -9.990e-29
   40.66536  -72.97858      7.449      7.391    17.8236    31.0965      7.877     2.0563 5.0640e-11  1022.3602    17.8224    22.3276     7.7116    235.729    7.88419  241.00356     97.811 -9.990e-29
   40.66536  -72.97858      7.439      7.382    17.8234    31.0962      7.877     2.0563 5.0640e-11  1022.3601    17.8222    22.3274     7.7111    235.712    7.88417  241.00313     97.805 -9.990e-29
   40.66536  -72.97858      7.452      7.394    17.8231    31.0957      7.877     2.0697 5.0640e-11  1022.3597    17.8219    22.3272     7.7108    235.704    7.88421  241.00423     97.801 -9.990e-29
   40.66536  -72.97858      7.439      7.382    17.8226    31.0954      7.877     2.0563 5.0640e-11  1022.3593    17.8214    22.3269     7.7108    235.704    7.88425  241.00569     97.800 -9.990e-29
   40.66536  -72.97858      7.449      7.391    17.8221    31.0952      7.877     1.9623 5.0640e-11  1022.3596    17.8208    22.3268     7.7158    235.855    7.88437  241.00927     97.861 -9.990e-29
   40.66536  -72.97858      7.439      7.382    17.8221    31.0952      7.877     1.9220 5.0640e-11  1022.3592    17.8208    22.3268     7.7115    235.725    7.88447  241.01230     97.806 -9.990e-29
   40.66536  -72.97858      7.442      7.385    17.8217    31.0952      7.877     1.9220 5.0640e-11  1022.3594    17.8205    22.3270     7.7169    235.889    7.88459  241.01595     97.873 -9.990e-29
   40.66536  -72.97858      7.439      7.382    17.8215    31.0957      7.882     1.9220 5.0640e-11  1022.3599    17.8203    22.3274     7.7129    235.768    7.88461  241.01652     97.822 -9.990e-29
   40.66536  -72.97858      7.449      7.391    17.8214    31.0966      7.877     1.9220 5.0640e-11  1022.3608    17.8202    22.3281     7.7130    235.771    7.88468  241.01845     97.823 -9.990e-29
   40.66536  -72.97858      7.439      7.382    17.8226    31.0974      7.877     1.9220 5.0640e-11  1022.3612    17.8214    22.3285     7.7137    235.793    7.88473  241.01992     97.831 -9.990e-29
   40.66536  -72.97858      7.439      7.382    17.8238    31.0979      7.877     1.9220 5.0640e-11  1022.3613    17.8226    22.3286     7.7147    235.822    7.88477  241.02131     97.843 -9.990e-29
   40.66536  -72.97858      7.431      7.374    17.8256    31.0979      7.877     1.9220 5.0640e-11  1022.3610    17.8243    22.3283     7.7199    235.982    7.88471  241.01936     97.910 -9.990e-29
   40.66536  -72.97858      7.439      7.382    17.8275    31.0979      7.882     1.9220 5.0640e-11  1022.3603    17.8262    22.3279     7.7212    236.020    7.88470  241.01908     97.926 -9.990e-29
