CalculateIndicators/WaterTemperature/Data/CTD_NYOS/20230517_C19.cnv
* Sea-Bird SBE 9 Data File:
* FileName = C:\Seabird 9 CTD\Data\2023\202305_offshore\20230517_C19.hex
* Software Version Seasave V 7.23.2
* Temperature SN = 4590
* Conductivity SN = 3228
* Number of Bytes Per Scan = 44
* Number of Voltage Words = 5
* Number of Scans Averaged by the Deck Unit = 1
* NMEA Latitude = 40 33.00 N
* NMEA Longitude = 072 27.13 W
* NMEA UTC (Time) = May 17 2023  10:01:23
* NMEA baud rate = 4800
** Ship: Seawolf
** Station: 10.2
** Operator: TDK
# nquan = 18
# nvalues = 12235                       
# units = specified
# name 0 = latitude: Latitude [deg]
# name 1 = longitude: Longitude [deg]
# name 2 = prDM: Pressure, Digiquartz [db]
# name 3 = depSM: Depth [salt water, m]
# name 4 = t090C: Temperature [ITS-90, deg C]
# name 5 = sal00: Salinity, Practical [PSU]
# name 6 = ph: pH
# name 7 = flECO-AFL: Fluorescence, WET Labs ECO-AFL/FL [mg/m^3]
# name 8 = cpar: CPAR/Corrected Irradiance [%]
# name 9 = density00: Density [density, kg/m^3]
# name 10 = potemp090C: Potential Temperature [ITS-90, deg C]
# name 11 = sigma-é00: Density [sigma-theta, kg/m^3]
# name 12 = sbeox0Mg/L: Oxygen, SBE 43 [mg/l]
# name 13 = sbox0Mm/Kg: Oxygen, SBE 43 [umol/kg]
# name 14 = oxsolMg/L: Oxygen Saturation, Garcia & Gordon [mg/l]
# name 15 = oxsolMm/Kg: Oxygen Saturation, Garcia & Gordon [umol/kg]
# name 16 = sbeox0PS: Oxygen, SBE 43 [% saturation]
# name 17 = flag:  0.000e+00
# span 0 =   40.54836,   40.55000       
# span 1 =  -72.45238,  -72.45208       
# span 2 =      1.620,     40.368       
# span 3 =      1.608,     40.052       
# span 4 =     6.5519,    12.8999       
# span 5 =    31.2760,    32.6577       
# span 6 =      7.850,      8.019       
# span 7 =     0.0148,     0.7266       
# span 8 = 1.0128e-12, 4.9860e+01       
# span 9 =  1023.5386,  1025.7552       
# span 10 =     6.5490,    12.8985      
# span 11 =    23.5368,    25.5905      
# span 12 =     8.3635,     9.6747      
# span 13 =    254.923,    295.010      
# span 14 =    8.68713,    9.90591      
# span 15 =  265.23146,  301.84079      
# span 16 =     84.867,    106.451      
# span 17 = 0.0000e+00, 0.0000e+00      
# interval = seconds: 0.0416667
# start_time = May 17 2023 10:01:26 [System UTC, first data scan.]
# bad_flag = -9.990e-29
*END*
[from data line 4825]
   40.54946  -72.45212     25.629     25.430     7.3016    32.4462      7.887     0.1894 3.9812e-01  1025.4646     7.2993    25.3545     8.8519    269.820    9.52794  290.42641     92.905 -9.990e-29
   40.54946  -72.45212     25.625     25.426     7.2554    32.4462      7.887     0.1894 3.9948e-01  1025.4885     7.2531    25.3726     8.8557    269.936    9.52987  290.48655     92.926 -9.990e-29
   40.54946  -72.45212     25.609     25.410     7.2233    32.4677      7.887     0.1894 3.9267e-01  1025.5158     7.2210    25.3939     8.8596    270.056    9.53186  290.54753     92.947 -9.990e-29
   40.54946  -72.45212     25.609     25.410     7.2068    32.4852      7.887     0.1894 3.9267e-01  1025.5302     7.2045    25.4106     8.8644    270.203    9.53382  290.60778     92.979 -9.990e-29
   40.54946  -72.45212     25.589     25.391     7.1876    32.5070      7.887     0.1894 3.9267e-01  1025.5331     7.1853    25.4301     8.8643    270.201    9.53604  290.67566     92.956 -9.990e-29
   40.54946  -72.45212     25.578     25.380     7.1635    32.5569      7.887     0.1894 3.8351e-01  1025.5721     7.1612    25.4697     8.8636    270.177    9.53828  290.74285     92.927 -9.990e-29
   40.54946  -72.45212     25.563     25.365     7.1919    32.6255      7.887     0.1894 3.8351e-01  1025.6612     7.1896    25.5181     8.8621    270.131    9.53891  290.75969     92.905 -9.990e-29
   40.54946  -72.45212     25.578     25.380     7.3120    32.6577      7.887     0.1894 3.7857e-01  1025.6789     7.3096    25.5366     8.8649    270.214    9.53850  290.74552     92.938 -9.990e-29
   40.54946  -72.45212     25.548     25.350     7.4476    32.6577      7.881     0.1894 3.8246e-01  1025.6325     7.4452    25.5213     8.8682    270.313    9.53757  290.71525     92.982 -9.990e-29
   40.54946  -72.45212     25.538     25.340     7.5467    32.6577      7.886     0.1894 3.7511e-01  1025.6160     7.5443    25.4997     8.8719    270.423    9.53610  290.66929     93.035 -9.990e-29
   40.54946  -72.45212     25.538     25.340     7.6463    32.6480      7.881     0.1894 3.7639e-01  1025.6023     7.6439    25.4781     8.8696    270.354    9.53472  290.62682     93.024 -9.990e-29
   40.54946  -72.45212     25.533     25.334     7.7477    32.6214      7.885     0.1894 3.8155e-01  1025.5725     7.7452    25.4439     8.8676    270.291    9.53341  290.58703     93.016 -9.990e-29
   40.54946  -72.45212     25.508     25.310     7.8339    32.5709      7.885     0.1894 3.8285e-01  1025.5126     7.8314    25.3935     8.8718    270.421    9.53216  290.54987     93.072 -9.990e-29
   40.54946  -72.45212     25.497     25.299     7.8766    32.5133      7.880     0.1894 3.8416e-01  1025.4442     7.8742    25.3419     8.8713    270.405    9.53116  290.51932     93.076 -9.990e-29
   40.54946  -72.45212     25.508     25.310     7.8830    32.4783      7.885     0.1894 3.8677e-01  1025.4093     7.8806    25.3120     8.8759    270.547    9.52993  290.48202     93.137 -9.990e-29
   40.54946  -72.45212     25.476     25.278     7.8752    32.4723      7.885     0.1894 3.8941e-01  1025.4251     7.8727    25.3068     8.8748    270.514    9.52891  290.45133     93.136 -9.990e-29
   40.54946  -72.45212     25.482     25.284     7.8885    32.4667      7.880     0.1894 3.8941e-01  1025.4330     7.8861    25.3022     8.8800    270.673    9.52793  290.42210     93.200 -9.990e-29
   40.54946  -72.45212     25.476     25.278     7.8887    32.4428      7.885     0.1894 3.8546e-01  1025.3970     7.8862    25.2852     8.8804    270.685    9.52719  290.40013     93.211 -9.990e-29
   40.54946  -72.45212     25.457     25.259     7.8316    32.4176      7.880     0.1894 3.8416e-01  1025.3777     7.8292    25.2701     8.8864    270.870    9.52666  290.38443     93.280 -9.990e-29
   40.54946  -72.45212     25.457     25.259     7.7939    32.4058      7.885     0.1894 3.8285e-01  1025.3821     7.7914    25.2659     8.8937    271.091    9.52630  290.37373     93.359 -9.990e-29
   40.54946  -72.45212     25.446     25.248     7.7736    32.3958      7.885     0.1894 3.8416e-01  1025.3870     7.7712    25.2622     8.8949    271.129    9.52587  290.36086     93.376 -9.990e-29
   40.54946  -72.45212     25.442     25.244     7.7478    32.3958      7.885     0.1894 3.8416e-01  1025.3618     7.7454    25.2553     8.8954    271.145    9.52545  290.34840     93.386 -9.990e-29
   40.54946  -72.45212     25.446     25.248     7.6951    32.3958      7.885     0.1894 3.8416e-01  1025.3563     7.6928    25.2669     8.9014    271.328    9.52510  290.33773     93.452 -9.990e-29
   40.54946  -72.45212     25.427     25.229     7.6276    32.4431      7.886     0.1894 3.8155e-01  1025.4173     7.6252    25.3173     8.9015    271.331    9.52484  290.33012     93.456 -9.990e-29
   40.54946  -72.45212     25.427     25.229     7.5959    32.5343      7.886     0.1894 3.8026e-01  1025.5179     7.5936    25.3918     8.9070    271.499    9.52463  290.32372     93.516 -9.990e-29
   40.54946  -72.45212     25.416     25.218     7.6284    32.6191      7.886     0.1894 3.7896e-01  1025.5915     7.6260    25.4550     8.9124    271.662    9.52419  290.30998     93.576 -9.990e-29
   40.54946  -72.45212     25.410     25.213     7.6974    32.6537      7.885     0.1894 3.8285e-01  1025.6208     7.6950    25.4842     8.9123    271.657    9.52344  290.28661     93.582 -9.990e-29
   40.54946  -72.45212     25.406     25.209     7.7922    32.6537      7.885     0.1894 3.8809e-01  1025.6061     7.7898    25.4780     8.9177    271.823    9.52216  290.24709     93.652 -9.990e-29
   40.54946  -72.45212     25.395     25.198     7.8914    32.6537      7.885     0.1894 3.8941e-01  1025.5693     7.8890    25.4480     8.9172    271.808    9.52092  290.20972     93.659 -9.990e-29
   40.54946  -72.45212     25.395     25.198     7.9826    32.6173      7.884     0.1894 3.8809e-01  1025.5232     7.9802    25.4071     8.9237    272.008    9.52052  290.19905     93.731 -9.990e-29
   40.54946  -72.45212     25.391     25.194     8.0564    32.5785      7.884     0.1894 3.8941e-01  1025.4763     8.0540    25.3663     8.9259    272.076    9.52086  290.21004     93.751 -9.990e-29
   40.54946  -72.45212     25.386     25.188     8.1058    32.5463      7.884     0.1894 3.8941e-01  1025.4448     8.1033    25.3332     8.9343    272.332    9.52117  290.21993     93.837 -9.990e-29
   40.54946  -72.45212     25.386     25.188     8.1434    32.5218      7.884     0.1894 3.8941e-01  1025.4217     8.1409    25.3081     8.9440    272.627    9.52172  290.23725     93.932 -9.990e-29
   40.54946  -72.45212     25.376     25.179     8.1751    32.5029      7.884     0.1894 3.9338e-01  1025.4013     8.1726    25.2887     8.9544    272.945    9.52290  290.27342     94.030 -9.990e-29
   40.54946  -72.45212     25.376     25.179     8.1979    32.4892      7.889     0.1894 3.9472e-01  1025.3883     8.1954    25.2743     8.9657    273.289    9.52397  290.30588     94.138 -9.990e-29
   40.54946  -72.45212     25.370     25.173     8.2160    32.4792      7.888     0.1894 3.9472e-01  1025.3786     8.2135    25.2638     8.9710    273.451    9.52507  290.34001     94.183 -9.990e-29
   40.54946  -72.45212     25.365     25.168     8.2307    32.4716      7.888     0.1894 3.9605e-01  1025.3702     8.2282    25.2557     8.9822    273.792    9.52672  290.39041     94.284 -9.990e-29
   40.54946  -72.45212     25.365     25.168     8.2420    32.4662      7.888     0.1894 3.9874e-01  1025.3646     8.2395    25.2496     8.9931    274.124    9.52800  290.42811     94.386 -9.990e-29
   40.54946  -72.45212     25.365     25.168     8.2516    32.4621      7.888     0.1894 3.9874e-01  1025.3604     8.2491    25.2450     9.0029    274.419    9.52819  290.43188     94.487 -9.990e-29
   40.54946  -72.45212     25.361     25.164     8.2598    32.4587      7.888     0.1894 3.9739e-01  1025.3563     8.2573    25.2411     9.0110    274.665    9.52690  290.39037     94.585 -9.990e-29
   40.54946  -72.45212     25.355     25.158     8.2659    32.4561      7.888     0.2297 3.9605e-01  1025.3535     8.2634    25.2382     9.0123    274.705    9.52508  290.33470     94.617 -9.990e-29
   40.54946  -72.45212     25.365     25.168     8.2706    32.4542      7.888     0.2565 3.9605e-01  1025.3511     8.2681    25.2360     9.0136    274.744    9.52408  290.30569     94.640 -9.990e-29
   40.54938  -72.45212     25.355     25.158     8.2738    32.4530      7.888     0.2565 4.0009e-01  1025.3500     8.2714    25.2345     9.0284    275.200    9.52452  290.32146     94.791 -9.990e-29
   40.54938  -72.45212     25.355     25.158     8.2770    32.4524      7.888     0.2565 4.0279e-01  1025.3492     8.2745    25.2335     9.0323    275.320    9.52613  290.37207     94.816 -9.990e-29
   40.54938  -72.45212     25.350     25.153     8.2802    32.4519      7.893     0.2431 4.0279e-01  1025.3480     8.2777    25.2328     9.0478    275.793    9.52811  290.43268     94.959 -9.990e-29
   40.54938  -72.45212     25.365     25.168     8.2829    32.4516      7.893     0.2565 4.0144e-01  1025.3482     8.2804    25.2321     9.0523    275.928    9.52967  290.48016     94.990 -9.990e-29
   40.54938  -72.45212     25.346     25.149     8.2862    32.4509      7.893     0.2431 4.0009e-01  1025.3468     8.2837    25.2311     9.0617    276.213    9.53111  290.52280     95.075 -9.990e-29
   40.54938  -72.45212     25.355     25.158     8.2884    32.4484      7.893     0.2431 4.0009e-01  1025.3463     8.2859    25.2288     9.0648    276.307    9.53173  290.54001     95.101 -9.990e-29
   40.54938  -72.45212     25.361     25.164     8.2889    32.4433      7.893     0.2565 4.0009e-01  1025.3402     8.2864    25.2250     9.0782    276.713    9.53155  290.53312     95.243 -9.990e-29
   40.54938  -72.45212     25.355     25.158     8.2819    32.4375      7.893     0.2431 3.9739e-01  1025.3360     8.2794    25.2212     9.0860    276.951    9.53134  290.52657     95.327 -9.990e-29
   40.54938  -72.45212     25.346     25.149     8.2737    32.4330      7.898     0.2431 3.9739e-01  1025.3341     8.2712    25.2188     9.0890    277.046    9.53185  290.54349     95.354 -9.990e-29
   40.54938  -72.45212     25.355     25.158     8.2657    32.4321      7.898     0.2431 3.9739e-01  1025.3323     8.2632    25.2174     9.0990    277.350    9.53328  290.58781     95.445 -9.990e-29
   40.54938  -72.45212     25.340     25.143     8.2562    32.4321      7.898     0.2565 4.0009e-01  1025.3314     8.2537    25.2180     9.1097    277.677    9.53477  290.63290     95.542 -9.990e-29
   40.54938  -72.45212     25.365     25.168     8.2446    32.4321      7.898     0.2565 4.0009e-01  1025.3362     8.2421    25.2220     9.1197    277.979    9.53578  290.66356     95.636 -9.990e-29
   40.54938  -72.45212     25.355     25.158     8.2389    32.4390      7.898     0.2431 4.0931e-01  1025.3446     8.2364    25.2282     9.1289    278.262    9.53645  290.68407     95.727 -9.990e-29
   40.54938  -72.45212     25.346     25.149     8.2387    32.4470      7.898     0.2565 4.0144e-01  1025.3502     8.2362    25.2347     9.1382    278.543    9.53736  290.71157     95.814 -9.990e-29
   40.54938  -72.45212     25.355     25.158     8.2403    32.4546      7.898     0.2431 4.1069e-01  1025.3573     8.2379    25.2404     9.1414    278.640    9.53780  290.72297     95.844 -9.990e-29
   40.54938  -72.45212     25.350     25.153     8.2454    32.4604      7.903     0.2431 4.0931e-01  1025.3614     8.2429    25.2444     9.1486    278.858    9.53658  290.68280     95.932 -9.990e-29
   40.54938  -72.45212     25.355     25.158     8.2512    32.4632      7.903     0.2431 4.0793e-01  1025.3625     8.2487    25.2460     9.1556    279.070    9.53473  290.62549     96.024 -9.990e-29
   40.54938  -72.45212     25.355     25.158     8.2570    32.4632      7.903     0.2431 4.0656e-01  1025.3623     8.2545    25.2455     9.1628    279.290    9.53337  290.58530     96.113 -9.990e-29
   40.54938  -72.45212     25.355     25.158     8.2637    32.4632      7.903     0.2431 4.0656e-01  1025.3588     8.2612    25.2441     9.1644    279.340    9.53284  290.57072     96.135 -9.990e-29
   40.54938  -72.45212     25.350     25.153     8.2683    32.4630      7.903     0.2431 4.0931e-01  1025.3585     8.2658    25.2430     9.1725    279.588    9.53294  290.57475     96.219 -9.990e-29
   40.54938  -72.45212     25.355     25.158     8.2737    32.4629      7.903     0.2565 4.1069e-01  1025.3585     8.2712    25.2422     9.1746    279.652    9.53340  290.58964     96.236 -9.990e-29
   40.54938  -72.45212     25.355     25.158     8.2787    32.4621      7.903     0.2565 4.1208e-01  1025.3570     8.2762    25.2408     9.1826    279.896    9.53397  290.60737     96.314 -9.990e-29
   40.54938  -72.45212     25.355     25.158     8.2840    32.4604      7.907     0.2834 4.1069e-01  1025.3544     8.2815    25.2388     9.1900    280.123    9.53436  290.61901     96.388 -9.990e-29
   40.54938  -72.45212     25.355     25.158     8.2881    32.4584      7.907     0.2968 4.1069e-01  1025.3521     8.2856    25.2366     9.1912    280.160    9.53417  290.61215     96.403 -9.990e-29
   40.54944  -72.45212     25.361     25.164     8.2911    32.4568      7.907     0.3103 4.1208e-01  1025.3502     8.2886    25.2349     9.1968    280.329    9.53350  290.59133     96.468 -9.990e-29
   40.54944  -72.45212     25.355     25.158     8.2930    32.4558      7.907     0.3103 4.1208e-01  1025.3494     8.2905    25.2338     9.2029    280.515    9.53289  290.57247     96.539 -9.990e-29
   40.54944  -72.45212     25.365     25.168     8.2952    32.4551      7.912     0.2968 4.1208e-01  1025.3486     8.2927    25.2329     9.2035    280.531    9.53229  290.55423     96.550 -9.990e-29
   40.54944  -72.45212     25.355     25.158     8.2973    32.4545      7.912     0.3103 4.1208e-01  1025.3478     8.2948    25.2322     9.2090    280.701    9.53183  290.54028     96.613 -9.990e-29
   40.54944  -72.45212     25.370     25.173     8.2990    32.4540      7.912     0.3103 4.1069e-01  1025.3473     8.2965    25.2315     9.2142    280.859    9.53140  290.52759     96.672 -9.990e-29
   40.54944  -72.45212     25.365     25.168     8.3005    32.4540      7.912     0.2968 4.0931e-01  1025.3463     8.2980    25.2310     9.2139    280.848    9.53103  290.51632     96.672 -9.990e-29
   40.54944  -72.45212     25.365     25.168     8.3015    32.4540      7.912     0.2968 4.0931e-01  1025.3462     8.2990    25.2311     9.2184    280.986    9.53068  290.50548     96.723 -9.990e-29
   40.54944  -72.45212     25.376     25.179     8.3030    32.4556      7.912     0.2968 4.0931e-01  1025.3475     8.3005    25.2321     9.2233    281.137    9.53029  290.49338     96.779 -9.990e-29
   40.54944  -72.45212     25.376     25.179     8.3056    32.4581      7.912     0.3103 4.0931e-01  1025.3497     8.3031    25.2337     9.2224    281.109    9.52970  290.47536     96.775 -9.990e-29
   40.54944  -72.45212     25.380     25.183     8.3105    32.4581      7.917     0.3103 4.0931e-01  1025.3516     8.3080    25.2345     9.2264    281.231    9.52918  290.46000     96.822 -9.990e-29
   40.54944  -72.45212     25.386     25.188     8.3165    32.4581      7.917     0.3103 4.0931e-01  1025.3503     8.3140    25.2330     9.2247    281.180    9.52864  290.44473     96.810 -9.990e-29
   40.54944  -72.45212     25.386     25.188     8.3202    32.4554      7.917     0.2968 4.1208e-01  1025.3448     8.3177    25.2298     9.2281    281.284    9.52830  290.43546     96.849 -9.990e-29
   40.54944  -72.45212     25.395     25.198     8.3198    32.4518      7.917     0.2968 4.1347e-01  1025.3419     8.3173    25.2269     9.2259    281.219    9.52803  290.42808     96.829 -9.990e-29
