CalculateIndicators/WaterTemperature/Data/CTD_NYOS/20230518_C30.cnv
* Sea-Bird SBE 9 Data File:
* FileName = C:\Seabird 9 CTD\Data\2023\202305_offshore\20230518_C30.hex
* Software Version Seasave V 7.23.2
* Temperature SN = 4590
* Conductivity SN = 3228
* Number of Bytes Per Scan = 44
* Number of Voltage Words = 5
* Number of Scans Averaged by the Deck Unit = 1
* NMEA Latitude = 40 40.99 N
* NMEA Longitude = 072 03.52 W
* NMEA UTC (Time) = May 18 2023  18:24:38
* NMEA baud rate = 4800
** Ship: Seawolf
** Station: 11.2
** Operator: TCM
# nquan = 18
# nvalues = 10151                       
# units = specified
# name 0 = latitude: Latitude [deg]
# name 1 = longitude: Longitude [deg]
# name 2 = prDM: Pressure, Digiquartz [db]
# name 3 = depSM: Depth [salt water, m]
# name 4 = t090C: Temperature [ITS-90, deg C]
# name 5 = sal00: Salinity, Practical [PSU]
# name 6 = ph: pH
# name 7 = flECO-AFL: Fluorescence, WET Labs ECO-AFL/FL [mg/m^3]
# name 8 = cpar: CPAR/Corrected Irradiance [%]
# name 9 = density00: Density [density, kg/m^3]
# name 10 = potemp090C: Potential Temperature [ITS-90, deg C]
# name 11 = sigma-é00: Density [sigma-theta, kg/m^3]
# name 12 = sbeox0Mg/L: Oxygen, SBE 43 [mg/l]
# name 13 = sbox0Mm/Kg: Oxygen, SBE 43 [umol/kg]
# name 14 = oxsolMg/L: Oxygen Saturation, Garcia & Gordon [mg/l]
# name 15 = oxsolMm/Kg: Oxygen Saturation, Garcia & Gordon [umol/kg]
# name 16 = sbeox0PS: Oxygen, SBE 43 [% saturation]
# name 17 = flag:  0.000e+00
# span 0 =   40.68268,   40.68330       
# span 1 =  -72.05880,  -72.05874       
# span 2 =      1.829,     46.148       
# span 3 =      1.815,     45.786       
# span 4 =     6.7659,    12.9190       
# span 5 =    31.2057,    32.8149       
# span 6 =      7.879,      8.124       
# span 7 =    -0.0121,     0.9147       
# span 8 = 4.4492e-02, 3.1036e+02       
# span 9 =  1023.5461,  1025.9328       
# span 10 =     6.7625,    12.9183      
# span 11 =    23.5302,    25.7285      
# span 12 =     8.1073,     9.5589      
# span 13 =    247.005,    291.337      
# span 14 =    8.68283,    9.84095      
# span 15 =  265.09783,  299.82120      
# span 16 =     82.409,    106.126      
# span 17 = 0.0000e+00, 0.0000e+00      
# interval = seconds: 0.0416667
# start_time = May 18 2023 18:24:40 [System UTC, first data scan.]
# bad_flag = -9.990e-29
*END*
[from data line 5950]
 -9.990e-29  -72.05876     24.954     24.760     9.9201    32.7556      8.106     0.7535 1.3898e+00  1025.3265     9.9173    25.2135     9.4518    288.119    9.14512  278.77032    103.353 -9.990e-29
 -9.990e-29  -72.05876     24.943     24.749     9.9209    32.7571      8.106     0.7535 1.4678e+00  1025.3271     9.9181    25.2145     9.4497    288.055    9.14391  278.73309    103.344 -9.990e-29
 -9.990e-29  -72.05876     24.928     24.734     9.9230    32.7589      8.106     0.7535 1.4532e+00  1025.3282     9.9202    25.2155     9.4532    288.162    9.14260  278.69308    103.398 -9.990e-29
 -9.990e-29  -72.05876     24.924     24.730     9.9261    32.7589      8.106     0.7535 1.3526e+00  1025.3302     9.9233    25.2160     9.4460    287.942    9.14143  278.65744    103.332 -9.990e-29
 -9.990e-29  -72.05876     24.903     24.709     9.9326    32.7589      8.106     0.7535 1.2376e+00  1025.3280     9.9298    25.2149     9.4504    288.075    9.14038  278.62585    103.391 -9.990e-29
 -9.990e-29  -72.05876     24.882     24.689     9.9377    32.7577      8.105     0.7535 1.1538e+00  1025.3250     9.9349    25.2124     9.4499    288.063    9.13963  278.60390    103.395 -9.990e-29
 -9.990e-29  -72.05876     24.847     24.653     9.9412    32.7551      8.105     0.7535 1.1213e+00  1025.3216     9.9384    25.2097     9.4502    288.070    9.13954  278.60142    103.399 -9.990e-29
 -9.990e-29  -72.05876     24.812     24.619     9.9436    32.7532      8.105     0.7535 1.1453e+00  1025.3192     9.9409    25.2078     9.4504    288.077    9.13949  278.59993    103.402 -9.990e-29
 -9.990e-29  -72.05876     24.801     24.608     9.9453    32.7528      8.105     0.7535 1.2261e+00  1025.3188     9.9426    25.2069     9.4508    288.091    9.13975  278.60796    103.404 -9.990e-29
 -9.990e-29  -72.05876     24.792     24.599     9.9476    32.7528      8.105     0.7535 1.3193e+00  1025.3187     9.9449    25.2065     9.4520    288.125    9.14065  278.63528    103.406 -9.990e-29
 -9.990e-29  -72.05876     24.786     24.593     9.9504    32.7528      8.105     0.7535 1.3919e+00  1025.3181     9.9476    25.2063     9.4526    288.145    9.14122  278.65324    103.406 -9.990e-29
 -9.990e-29  -72.05876     24.761     24.569     9.9527    32.7533      8.105     0.7535 1.4224e+00  1025.3185     9.9500    25.2063     9.4532    288.164    9.14189  278.67368    103.406 -9.990e-29
 -9.990e-29  -72.05876     24.741     24.548     9.9562    32.7533      8.105     0.7535 1.3902e+00  1025.3181     9.9535    25.2060     9.4538    288.180    9.14251  278.69178    103.405 -9.990e-29
 -9.990e-29  -72.05876     24.725     24.533     9.9591    32.7533      8.105     0.7535 1.3145e+00  1025.3168     9.9564    25.2054     9.4597    288.359    9.14291  278.70223    103.465 -9.990e-29
 -9.990e-29  -72.05876     24.730     24.537     9.9613    32.7533      8.105     0.7535 1.2359e+00  1025.3170     9.9585    25.2048     9.4602    288.373    9.14300  278.70462    103.469 -9.990e-29
 -9.990e-29  -72.05876     24.710     24.518     9.9646    32.7528      8.105     0.7535 1.1660e+00  1025.3158     9.9619    25.2040     9.4604    288.381    9.14306  278.70682    103.471 -9.990e-29
 -9.990e-29  -72.05876     24.680     24.488     9.9674    32.7516      8.105     0.7535 1.1155e+00  1025.3144     9.9647    25.2026     9.4551    288.218    9.14336  278.71668    103.409 -9.990e-29
 -9.990e-29  -72.05876     24.624     24.432     9.9701    32.7504      8.105     0.7535 1.0824e+00  1025.3121     9.9674    25.2012     9.4607    288.391    9.14397  278.73512    103.464 -9.990e-29
 -9.990e-29  -72.05876     24.578     24.387     9.9712    32.7499      8.105     0.7535 1.0667e+00  1025.3114     9.9685    25.2003     9.4556    288.232    9.14387  278.73060    103.409 -9.990e-29
 -9.990e-29  -72.05876     24.548     24.357     9.9732    32.7499      8.105     0.7535 1.0524e+00  1025.3104     9.9705    25.1999     9.4592    288.342    9.14214  278.67706    103.468 0.0000e+00
 -9.990e-29  -72.05876     24.542     24.351     9.9734    32.7499      8.105     0.7535 1.0469e+00  1025.3112     9.9706    25.2001     9.4511    288.097    9.13968  278.60253    103.408 0.0000e+00
 -9.990e-29  -72.05876     24.518     24.327     9.9744    32.7499      8.105     0.7535 1.0464e+00  1025.3116     9.9716    25.2004     9.4541    288.187    9.13750  278.53734    103.464 0.0000e+00
 -9.990e-29  -72.05876     24.486     24.295     9.9762    32.7499      8.105     0.7535 1.0447e+00  1025.3113     9.9735    25.2002     9.4523    288.135    9.13566  278.48254    103.466 0.0000e+00
 -9.990e-29  -72.05876     24.461     24.271     9.9775    32.7497      8.105     0.7535 1.0458e+00  1025.3099     9.9748    25.1995     9.4568    288.272    9.13436  278.44369    103.530 0.0000e+00
 -9.990e-29  -72.05876     24.446     24.256     9.9778    32.7490      8.105     0.7535 1.0469e+00  1025.3090     9.9751    25.1988     9.4500    288.067    9.13338  278.41456    103.467 0.0000e+00
 -9.990e-29  -72.05876     24.416     24.226     9.9786    32.7489      8.105     0.7535 1.0480e+00  1025.3088     9.9759    25.1985     9.4491    288.039    9.13258  278.39044    103.466 0.0000e+00
 -9.990e-29  -72.05876     24.405     24.215     9.9801    32.7489      8.105     0.7535 1.0501e+00  1025.3086     9.9774    25.1982     9.4477    287.996    9.13208  278.37587    103.456 0.0000e+00
 -9.990e-29  -72.05876     24.378     24.189     9.9815    32.7489      8.105     0.7669 1.0560e+00  1025.3081     9.9787    25.1981     9.4469    287.974    9.13165  278.36327    103.453 0.0000e+00
 -9.990e-29  -72.05876     24.374     24.185     9.9816    32.7496      8.105     0.7669 1.0590e+00  1025.3084     9.9789    25.1986     9.4461    287.948    9.13118  278.34925    103.448 0.0000e+00
 -9.990e-29  -72.05876     24.344     24.155     9.9826    32.7515      8.105     0.7669 1.0590e+00  1025.3093     9.9799    25.1999     9.4452    287.922    9.13078  278.33773    103.443 0.0000e+00
 -9.990e-29  -72.05876     24.329     24.140     9.9841    32.7545      8.105     0.7669 1.0650e+00  1025.3120     9.9814    25.2019     9.4444    287.898    9.13053  278.33119    103.437 0.0000e+00
 -9.990e-29  -72.05876     24.323     24.134     9.9868    32.7545      8.105     0.7669 1.0720e+00  1025.3148     9.9841    25.2033     9.4445    287.902    9.13050  278.33051    103.439 0.0000e+00
 -9.990e-29  -72.05876     24.304     24.115     9.9941    32.7545      8.105     0.7669 1.0748e+00  1025.3145     9.9914    25.2020     9.4434    287.870    9.13015  278.31956    103.431 0.0000e+00
 -9.990e-29  -72.05876     24.278     24.089    10.0078    32.7532      8.105     0.7669 1.0924e+00  1025.3069    10.0051    25.1975     9.4481    288.013    9.12991  278.31199    103.486 0.0000e+00
 -9.990e-29  -72.05876     24.263     24.074    10.0147    32.7486      8.105     0.7669 1.1316e+00  1025.3008    10.0120    25.1927     9.4490    288.040    9.13012  278.31801    103.493 0.0000e+00
 -9.990e-29  -72.05876     24.232     24.044    10.0170    32.7456      8.105     0.7669 1.2138e+00  1025.2992    10.0142    25.1898     9.4438    287.880    9.13007  278.31624    103.436 0.0000e+00
 -9.990e-29  -72.05876     24.216     24.027    10.0185    32.7443      8.105     0.7669 1.3686e+00  1025.2968    10.0158    25.1881     9.4489    288.035    9.12974  278.30627    103.496 0.0000e+00
 -9.990e-29  -72.05876     24.202     24.014    10.0163    32.7443      8.105     0.7669 1.5956e+00  1025.2962    10.0136    25.1879     9.4429    287.854    9.12920  278.29022    103.437 0.0000e+00
 -9.990e-29  -72.05876     24.191     24.003    10.0119    32.7443      8.105     0.7669 1.8683e+00  1025.2984    10.0092    25.1893     9.4477    288.000    9.12871  278.27523    103.495 0.0000e+00
 -9.990e-29  -72.05876     24.186     23.997    10.0097    32.7468      8.105     0.7669 2.1205e+00  1025.3007    10.0070    25.1916     9.4474    287.989    9.12817  278.25887    103.497 0.0000e+00
 -9.990e-29  -72.05876     24.181     23.993    10.0086    32.7506      8.105     0.7669 2.2346e+00  1025.3031    10.0059    25.1947     9.4461    287.951    9.12764  278.24236    103.489 0.0000e+00
 -9.990e-29  -72.05876     24.176     23.988    10.0094    32.7564      8.105     0.7669 2.1880e+00  1025.3079    10.0067    25.1991     9.4454    287.929    9.12699  278.22252    103.489 0.0000e+00
 -9.990e-29  -72.05876     24.161     23.973    10.0119    32.7603      8.105     0.7669 2.0822e+00  1025.3152    10.0092    25.2029     9.4448    287.912    9.12656  278.20951    103.488 -9.990e-29
 -9.990e-29  -72.05876     24.172     23.984    10.0225    32.7603      8.105     0.7669 1.9985e+00  1025.3142    10.0198    25.2027     9.4443    287.895    9.12620  278.19895    103.485 -9.990e-29
 -9.990e-29  -72.05876     24.165     23.977    10.0336    32.7603      8.105     0.7669 1.9316e+00  1025.3088    10.0309    25.1984     9.4439    287.882    9.12607  278.19478    103.482 -9.990e-29
 -9.990e-29  -72.05876     24.172     23.984    10.0428    32.7542      8.105     0.7669 1.8883e+00  1025.3009    10.0401    25.1922     9.4488    288.034    9.12570  278.18382    103.541 -9.990e-29
 -9.990e-29  -72.05876     24.172     23.984    10.0470    32.7478      8.105     0.7669 1.8768e+00  1025.2954    10.0443    25.1863     9.4495    288.054    9.12538  278.17448    103.552 -9.990e-29
 -9.990e-29  -72.05876     24.146     23.958    10.0517    32.7428      8.105     0.7669 1.8904e+00  1025.2893    10.0490    25.1816     9.4495    288.054    9.12522  278.16991    103.553 0.0000e+00
 -9.990e-29  -72.05876     24.100     23.913    10.0556    32.7420      8.105     0.7669 1.9476e+00  1025.2867    10.0529    25.1790     9.4493    288.048    9.12500  278.16326    103.554 0.0000e+00
 -9.990e-29  -72.05876     24.049     23.862    10.0612    32.7420      8.105     0.7669 2.0817e+00  1025.2868    10.0585    25.1783     9.4492    288.047    9.12503  278.16407    103.553 0.0000e+00
 -9.990e-29  -72.05876     24.023     23.836    10.0673    32.7420      8.105     0.7669 2.2823e+00  1025.2870    10.0646    25.1784     9.4492    288.047    9.12521  278.16899    103.551 0.0000e+00
 -9.990e-29  -72.05876     23.998     23.812    10.0727    32.7420      8.105     0.7669 2.5221e+00  1025.2874    10.0700    25.1781     9.4552    288.228    9.12499  278.16283    103.618 0.0000e+00
 -9.990e-29  -72.05876     23.989     23.802    10.0782    32.7420      8.105     0.7669 2.7995e+00  1025.2857    10.0755    25.1768     9.4499    288.068    9.12518  278.16907    103.559 0.0000e+00
 -9.990e-29  -72.05876     23.972     23.786    10.0828    32.7405      8.105     0.7669 3.0156e+00  1025.2826    10.0801    25.1748     9.4566    288.273    9.12586  278.19155    103.624 0.0000e+00
 -9.990e-29  -72.05876     23.947     23.761    10.0838    32.7391      8.105     0.7669 3.1082e+00  1025.2810    10.0811    25.1735     9.4524    288.147    9.12655  278.21296    103.571 0.0000e+00
 -9.990e-29  -72.05876     23.942     23.756    10.0838    32.7383      8.105     0.7669 3.0749e+00  1025.2815    10.0811    25.1729     9.4533    288.172    9.12731  278.23547    103.571 0.0000e+00
 -9.990e-29  -72.05876     23.928     23.742    10.0831    32.7374      8.105     0.7669 2.9288e+00  1025.2800    10.0804    25.1724     9.4597    288.368    9.12801  278.25531    103.634 -9.990e-29
 -9.990e-29  -72.05876     23.928     23.742    10.0786    32.7363      8.105     0.7669 2.7530e+00  1025.2806    10.0760    25.1720     9.4599    288.373    9.12772  278.24643    103.639 -9.990e-29
 -9.990e-29  -72.05876     23.921     23.735    10.0764    32.7363      8.105     0.7669 2.6271e+00  1025.2793    10.0737    25.1716     9.4598    288.372    9.12734  278.23553    103.643 0.0000e+00
 -9.990e-29  -72.05876     23.917     23.731    10.0734    32.7363      8.105     0.7669 2.4879e+00  1025.2787    10.0707    25.1721     9.4654    288.541    9.12698  278.22443    103.708 -9.990e-29
 -9.990e-29  -72.05876     23.917     23.731    10.0693    32.7378      8.105     0.7669 2.3226e+00  1025.2819    10.0667    25.1747     9.4601    288.377    9.12652  278.20904    103.655 -9.990e-29
 -9.990e-29  -72.05876     23.901     23.715    10.0654    32.7417      8.105     0.7669 2.1245e+00  1025.2878    10.0627    25.1783     9.4584    288.324    9.12502  278.16278    103.653 0.0000e+00
 -9.990e-29  -72.05876     23.898     23.712    10.0644    32.7417      8.105     0.7669 1.9293e+00  1025.2894    10.0617    25.1801     9.4630    288.465    9.12349  278.11588    103.721 0.0000e+00
 -9.990e-29  -72.05876     23.881     23.695    10.0645    32.7425      8.105     0.7669 1.7491e+00  1025.2880    10.0619    25.1796     9.4631    288.469    9.12251  278.08654    103.734 0.0000e+00
 -9.990e-29  -72.05876     23.866     23.680    10.0640    32.7429      8.105     0.7669 1.6024e+00  1025.2853    10.0614    25.1787     9.4639    288.495    9.12226  278.07931    103.745 0.0000e+00
 -9.990e-29  -72.05876     23.856     23.671    10.0610    32.7429      8.105     0.7803 1.4986e+00  1025.2856    10.0584    25.1797     9.4647    288.517    9.12271  278.09261    103.749 -9.990e-29
 -9.990e-29  -72.05876     23.861     23.675    10.0594    32.7464      8.105     0.7669 1.4377e+00  1025.2915    10.0567    25.1825     9.4651    288.530    9.12235  278.08130    103.758 -9.990e-29
 -9.990e-29  -72.05876     23.826     23.641    10.0667    32.7488      8.105     0.7669 1.4108e+00  1025.2940    10.0640    25.1843     9.4637    288.486    9.12113  278.04441    103.755 0.0000e+00
 -9.990e-29  -72.05876     23.815     23.630    10.0791    32.7488      8.105     0.7669 1.4178e+00  1025.2916    10.0765    25.1831     9.4628    288.461    9.11990  278.00739    103.760 0.0000e+00
 -9.990e-29  -72.05876     23.789     23.604    10.0907    32.7488      8.105     0.7669 1.4387e+00  1025.2878    10.0881    25.1799     9.4669    288.586    9.11876  277.97349    103.818 -9.990e-29
 -9.990e-29  -72.05876     23.796     23.611    10.1011    32.7459      8.105     0.7669 1.4738e+00  1025.2831    10.0984    25.1760     9.4670    288.590    9.11799  277.95056    103.828 -9.990e-29
 -9.990e-29  -72.05876     23.779     23.594    10.1085    32.7432      8.105     0.7669 1.5122e+00  1025.2796    10.1058    25.1726     9.4614    288.419    9.11736  277.93153    103.773 -9.990e-29
 -9.990e-29  -72.05876     23.785     23.600    10.1140    32.7411      8.105     0.7669 1.5446e+00  1025.2772    10.1113    25.1700     9.4617    288.430    9.11701  277.92096    103.781 -9.990e-29
 -9.990e-29  -72.05876     23.775     23.590    10.1184    32.7395      8.105     0.7669 1.5693e+00  1025.2754    10.1158    25.1680     9.4616    288.425    9.11698  277.92027    103.780 -9.990e-29
 -9.990e-29  -72.05876     23.779     23.594    10.1214    32.7378      8.105     0.7669 1.5865e+00  1025.2737    10.1187    25.1661     9.4616    288.425    9.11718  277.92599    103.778 -9.990e-29
 -9.990e-29  -72.05876     23.766     23.581    10.1242    32.7361      8.105     0.7535 1.5883e+00  1025.2715    10.1215    25.1642     9.4667    288.580    9.11695  277.91884    103.836 0.0000e+00
 -9.990e-29  -72.05876     23.749     23.564    10.1270    32.7343      8.105     0.7400 1.5738e+00  1025.2698    10.1243    25.1624     9.4663    288.569    9.11644  277.90335    103.838 0.0000e+00
 -9.990e-29  -72.05876     23.745     23.560    10.1295    32.7320      8.105     0.7400 1.5542e+00  1025.2680    10.1268    25.1602     9.4651    288.533    9.11536  277.87087    103.837 0.0000e+00
 -9.990e-29  -72.05876     23.734     23.549    10.1319    32.7295      8.105     0.7400 1.5167e+00  1025.2644    10.1293    25.1580     9.4645    288.516    9.11491  277.85797    103.836 0.0000e+00
 -9.990e-29  -72.05876     23.719     23.534    10.1326    32.7294      8.105     0.7400 1.4658e+00  1025.2629    10.1299    25.1567     9.4635    288.486    9.11426  277.83881    103.832 0.0000e+00
