CalculateIndicators/WaterTemperature/Data/CTD_NYOS/20231003_C05.cnv
* Sea-Bird SBE 9 Data File:
* FileName = C:\Seabird 9 CTD\Data\2023\202309_offshore\20231003_C05.hex
* Software Version Seasave V 7.23.2
* Temperature SN = 4590
* Conductivity SN = 3228
* Number of Bytes Per Scan = 44
* Number of Voltage Words = 5
* Number of Scans Averaged by the Deck Unit = 1
* NMEA Latitude = 39 50.53 N
* NMEA Longitude = 072 54.71 W
* NMEA UTC (Time) = Oct 03 2023  14:53:59
* NMEA baud rate = 4800
** Ship: seawolf
** Station: 8.4
** Operator: TDK
# nquan = 18
# nvalues = 15506                       
# units = specified
# name 0 = latitude: Latitude [deg]
# name 1 = longitude: Longitude [deg]
# name 2 = prDM: Pressure, Digiquartz [db]
# name 3 = depSM: Depth [salt water, m]
# name 4 = t090C: Temperature [ITS-90, deg C]
# name 5 = sal00: Salinity, Practical [PSU]
# name 6 = ph: pH
# name 7 = flECO-AFL: Fluorescence, WET Labs ECO-AFL/FL [mg/m^3]
# name 8 = cpar: CPAR/Corrected Irradiance [%]
# name 9 = density00: Density [density, kg/m^3]
# name 10 = potemp090C: Potential Temperature [ITS-90, deg C]
# name 11 = sigma-é00: Density [sigma-theta, kg/m^3]
# name 12 = sbeox0Mg/L: Oxygen, SBE 43 [mg/l]
# name 13 = sbox0Mm/Kg: Oxygen, SBE 43 [umol/kg]
# name 14 = oxsolMg/L: Oxygen Saturation, Garcia & Gordon [mg/l]
# name 15 = oxsolMm/Kg: Oxygen Saturation, Garcia & Gordon [umol/kg]
# name 16 = sbeox0PS: Oxygen, SBE 43 [% saturation]
# name 17 = flag:  0.000e+00
# span 0 =   39.84216,   39.84276       
# span 1 =  -72.91340,  -72.91182       
# span 2 =      1.471,     59.518       
# span 3 =      1.460,     59.054       
# span 4 =    12.3185,    18.6750       
# span 5 =    32.5841,    33.4744       
# span 6 =      7.711,      8.022       
# span 7 =    -0.0524,     0.4446       
# span 8 = 5.4409e-02, 2.6505e+02       
# span 9 =  1023.6363,  1025.0046       
# span 10 =    12.3113,    18.6695      
# span 11 =    23.6287,    24.7801      
# span 12 =     4.7014,     7.4189      
# span 13 =    143.386,    226.487      
# span 14 =    7.65293,    8.71604      
# span 15 =  233.58354,  265.80496      
# span 16 =     54.308,     95.866      
# span 17 = 0.0000e+00, 0.0000e+00      
# interval = seconds: 0.0416667
# start_time = Oct 03 2023 14:54:00 [System UTC, first data scan.]
# bad_flag = -9.990e-29
*END*
[from data line 644]
   39.84226  -72.91190     10.171     10.093    18.1038    32.9702      8.019     0.1222 1.2655e+01  1023.7374    18.1021    23.6931     7.3937    225.707    7.75250  236.66040     95.372 0.0000e+00
   39.84226  -72.91190     10.191     10.113    18.1038    32.9702      8.019     0.1357 1.2942e+01  1023.7373    18.1021    23.6929     7.3986    225.854    7.75212  236.64738     95.439 0.0000e+00
   39.84226  -72.91190     10.233     10.154    18.1038    32.9702      8.019     0.1222 1.3387e+01  1023.7374    18.1021    23.6930     7.3946    225.732    7.75173  236.63483     95.392 0.0000e+00
   39.84226  -72.91190     10.263     10.184    18.1040    32.9702      8.019     0.1357 1.3538e+01  1023.7379    18.1022    23.6932     7.3949    225.741    7.75144  236.62625     95.400 0.0000e+00
   39.84226  -72.91190     10.293     10.214    18.1038    32.9706      8.019     0.1759 1.3462e+01  1023.7385    18.1021    23.6936     7.3948    225.738    7.75119  236.61884     95.402 0.0000e+00
   39.84226  -72.91190     10.323     10.244    18.1040    32.9709      8.019     0.1894 1.3274e+01  1023.7390    18.1022    23.6938     7.3946    225.735    7.75095  236.61161     95.403 0.0000e+00
   39.84226  -72.91190     10.354     10.274    18.1041    32.9709      8.014     0.1894 1.3237e+01  1023.7391    18.1024    23.6938     7.3946    225.732    7.75075  236.60580     95.404 0.0000e+00
   39.84226  -72.91190     10.384     10.304    18.1041    32.9709      8.019     0.1894 1.3200e+01  1023.7390    18.1024    23.6937     7.3996    225.886    7.75064  236.60254     95.471 0.0000e+00
   39.84226  -72.91190     10.425     10.345    18.1043    32.9707      8.019     0.1894 1.3151e+01  1023.7390    18.1025    23.6934     7.3957    225.766    7.75039  236.59483     95.423 0.0000e+00
   39.84226  -72.91190     10.450     10.370    18.1045    32.9704      8.019     0.1894 1.3151e+01  1023.7387    18.1027    23.6932     7.4001    225.901    7.75012  236.58606     95.484 0.0000e+00
   39.84226  -72.91190     10.476     10.396    18.1045    32.9704      8.019     0.1894 1.3151e+01  1023.7388    18.1027    23.6931     7.3956    225.764    7.74981  236.57638     95.430 0.0000e+00
   39.84226  -72.91190     10.506     10.426    18.1045    32.9704      8.019     0.1894 1.3489e+01  1023.7387    18.1027    23.6932     7.3954    225.758    7.74959  236.56987     95.430 0.0000e+00
   39.84226  -72.91190     10.536     10.456    18.1047    32.9709      8.019     0.1894 1.3603e+01  1023.7396    18.1029    23.6935     7.3953    225.754    7.74944  236.56533     95.430 0.0000e+00
   39.84226  -72.91190     10.567     10.486    18.1047    32.9714      8.019     0.1894 1.3680e+01  1023.7401    18.1029    23.6939     7.3951    225.749    7.74929  236.56111     95.429 0.0000e+00
   39.84226  -72.91190     10.597     10.516    18.1050    32.9717      8.019     0.1894 1.4842e+01  1023.7402    18.1032    23.6941     7.3950    225.747    7.74925  236.56029     95.429 0.0000e+00
   39.84226  -72.91190     10.618     10.536    18.1052    32.9723      8.019     0.1894 1.5612e+01  1023.7406    18.1034    23.6945     7.3948    225.742    7.74914  236.55715     95.428 0.0000e+00
   39.84226  -72.91190     10.648     10.566    18.1050    32.9733      8.014     0.1894 1.5701e+01  1023.7417    18.1032    23.6953     7.3947    225.736    7.74902  236.55328     95.427 0.0000e+00
   39.84226  -72.91190     10.678     10.596    18.1055    32.9747      8.019     0.1894 1.5222e+01  1023.7427    18.1037    23.6963     7.3945    225.732    7.74899  236.55247     95.426 0.0000e+00
   39.84226  -72.91190     10.699     10.617    18.1059    32.9762      8.019     0.1894 1.4829e+01  1023.7443    18.1041    23.6973     7.3944    225.728    7.74897  236.55246     95.424 0.0000e+00
   39.84226  -72.91190     10.714     10.632    18.1066    32.9762      8.019     0.1894 1.4746e+01  1023.7452    18.1047    23.6978     7.3944    225.729    7.74910  236.55699     95.422 0.0000e+00
   39.84226  -72.91190     10.750     10.667    18.1075    32.9762      8.019     0.1894 1.4058e+01  1023.7445    18.1056    23.6975     7.3943    225.726    7.74918  236.55962     95.420 0.0000e+00
   39.84226  -72.91190     10.789     10.707    18.1079    32.9762      8.019     0.1894 1.3364e+01  1023.7440    18.1061    23.6969     7.3939    225.714    7.74898  236.55223     95.418 0.0000e+00
   39.84226  -72.91190     10.810     10.727    18.1083    32.9756      8.019     0.1894 1.3214e+01  1023.7432    18.1065    23.6962     7.3933    225.693    7.74851  236.53634     95.416 0.0000e+00
   39.84226  -72.91198     10.831     10.748    18.1088    32.9755      8.019     0.1894 1.3066e+01  1023.7430    18.1070    23.6960     7.3927    225.672    7.74805  236.52111     95.413 0.0000e+00
   39.84226  -72.91198     10.861     10.778    18.1090    32.9754      8.019     0.1894 1.2848e+01  1023.7436    18.1071    23.6960     7.3873    225.507    7.74750  236.50342     95.351 0.0000e+00
   39.84226  -72.91198     10.880     10.797    18.1095    32.9754      8.014     0.1894 1.2776e+01  1023.7436    18.1077    23.6959     7.3908    225.614    7.74701  236.48840     95.402 0.0000e+00
   39.84226  -72.91198     10.912     10.828    18.1097    32.9750      8.019     0.1894 1.2562e+01  1023.7429    18.1079    23.6954     7.3903    225.600    7.74678  236.48196     95.399 0.0000e+00
   39.84226  -72.91198     10.937     10.853    18.1099    32.9745      8.014     0.1894 1.2077e+01  1023.7426    18.1080    23.6950     7.3898    225.586    7.74656  236.47578     95.395 0.0000e+00
   39.84226  -72.91198     10.952     10.868    18.1102    32.9741      8.019     0.2028 1.1942e+01  1023.7427    18.1083    23.6947     7.3893    225.568    7.74623  236.46578     95.392 0.0000e+00
   39.84226  -72.91198     10.993     10.909    18.1102    32.9732      8.019     0.2028 1.1885e+01  1023.7423    18.1084    23.6940     7.3887    225.550    7.74594  236.45681     95.388 0.0000e+00
   39.84226  -72.91198     11.003     10.918    18.1102    32.9720      8.019     0.2162 1.1643e+01  1023.7406    18.1084    23.6931     7.3881    225.533    7.74568  236.44884     95.384 0.0000e+00
   39.84226  -72.91198     11.033     10.948    18.1102    32.9715      8.019     0.2162 1.1546e+01  1023.7405    18.1083    23.6927     7.3875    225.515    7.74540  236.44027     95.379 0.0000e+00
   39.84226  -72.91198     11.063     10.978    18.1097    32.9714      8.019     0.2028 1.1578e+01  1023.7415    18.1078    23.6927     7.3870    225.502    7.74530  236.43761     95.375 0.0000e+00
   39.84226  -72.91198     11.084     10.999    18.1093    32.9714      8.014     0.2162 1.1808e+01  1023.7407    18.1075    23.6926     7.3820    225.347    7.74522  236.43581     95.310 0.0000e+00
   39.84226  -72.91198     11.108     11.023    18.1092    32.9714      8.019     0.2028 1.1908e+01  1023.7411    18.1073    23.6927     7.3857    225.462    7.74514  236.43361     95.359 0.0000e+00
   39.84226  -72.91198     11.144     11.059    18.1090    32.9718      8.019     0.2028 1.1942e+01  1023.7416    18.1071    23.6932     7.3806    225.304    7.74498  236.42843     95.295 0.0000e+00
   39.84226  -72.91198     11.165     11.079    18.1087    32.9732      8.019     0.2028 1.2283e+01  1023.7423    18.1068    23.6944     7.3795    225.272    7.74476  236.42150     95.284 0.0000e+00
   39.84226  -72.91198     11.195     11.109    18.1083    32.9759      8.019     0.2028 1.2492e+01  1023.7452    18.1064    23.6965     7.3786    225.245    7.74465  236.41807     95.274 0.0000e+00
   39.84226  -72.91198     11.216     11.130    18.1085    32.9787      8.019     0.2028 1.2527e+01  1023.7483    18.1066    23.6986     7.3783    225.235    7.74470  236.42016     95.269 0.0000e+00
   39.84226  -72.91198     11.246     11.160    18.1091    32.9805      8.014     0.2162 1.2562e+01  1023.7490    18.1072    23.6998     7.3780    225.225    7.74471  236.42083     95.264 0.0000e+00
   39.84226  -72.91198     11.271     11.184    18.1102    32.9817      8.019     0.2028 1.2597e+01  1023.7494    18.1083    23.7005     7.3776    225.215    7.74472  236.42130     95.260 0.0000e+00
   39.84226  -72.91198     11.297     11.210    18.1109    32.9817      8.014     0.2028 1.2562e+01  1023.7511    18.1090    23.7011     7.3773    225.204    7.74468  236.42014     95.256 0.0000e+00
   39.84226  -72.91198     11.327     11.240    18.1121    32.9817      8.019     0.2028 1.2562e+01  1023.7510    18.1102    23.7009     7.3770    225.195    7.74466  236.41940     95.252 0.0000e+00
   39.84226  -72.91198     11.367     11.280    18.1132    32.9815      8.019     0.2028 1.2562e+01  1023.7495    18.1113    23.6997     7.3767    225.186    7.74465  236.41898     95.249 0.0000e+00
   39.84226  -72.91198     11.388     11.300    18.1142    32.9794      8.019     0.2162 1.2527e+01  1023.7476    18.1123    23.6979     7.3763    225.175    7.74456  236.41602     95.245 0.0000e+00
   39.84226  -72.91198     11.423     11.336    18.1147    32.9780      8.014     0.2162 1.2704e+01  1023.7454    18.1127    23.6961     7.3758    225.157    7.74423  236.40470     95.242 0.0000e+00
   39.84226  -72.91198     11.448     11.360    18.1149    32.9780      8.014     0.2162 1.2920e+01  1023.7442    18.1130    23.6954     7.3753    225.141    7.74396  236.39595     95.239 0.0000e+00
   39.84226  -72.91190     11.478     11.390    18.1147    32.9780      8.014     0.2028 1.2993e+01  1023.7452    18.1128    23.6966     7.3749    225.129    7.74376  236.38961     95.236 0.0000e+00
   39.84226  -72.91190     11.520     11.431    18.1146    32.9823      8.019     0.2028 1.3289e+01  1023.7497    18.1126    23.6999     7.3791    225.259    7.74360  236.38469     95.294 0.0000e+00
   39.84226  -72.91190     11.550     11.461    18.1148    32.9878      8.019     0.2028 1.3979e+01  1023.7553    18.1129    23.7039     7.3747    225.122    7.74349  236.38127     95.237 0.0000e+00
   39.84226  -72.91190     11.565     11.476    18.1161    32.9915      8.019     0.2028 1.4217e+01  1023.7584    18.1142    23.7064     7.3748    225.127    7.74338  236.37831     95.240 0.0000e+00
   39.84226  -72.91190     11.610     11.521    18.1182    32.9920      8.019     0.2028 1.4097e+01  1023.7578    18.1162    23.7069     7.3746    225.122    7.74333  236.37702     95.239 0.0000e+00
   39.84226  -72.91190     11.641     11.551    18.1200    32.9920      8.014     0.2028 1.3822e+01  1023.7571    18.1181    23.7063     7.3745    225.117    7.74327  236.37511     95.237 0.0000e+00
   39.84226  -72.91190     11.661     11.572    18.1217    32.9920      8.019     0.1894 1.3706e+01  1023.7567    18.1197    23.7056     7.3743    225.113    7.74324  236.37421     95.236 0.0000e+00
   39.84226  -72.91190     11.691     11.602    18.1234    32.9918      8.019     0.1894 1.3515e+01  1023.7556    18.1214    23.7047     7.3788    225.251    7.74322  236.37386     95.294 0.0000e+00
   39.84226  -72.91190     11.727     11.637    18.1247    32.9918      8.019     0.2028 1.2421e+01  1023.7543    18.1227    23.7040     7.3792    225.262    7.74322  236.37394     95.299 0.0000e+00
   39.84226  -72.91190     11.753     11.663    18.1260    32.9918 -9.990e-29     0.2028 1.1976e+01  1023.7550    18.1240    23.7044     7.3753    225.144    7.74319  236.37283     95.249 0.0000e+00
   39.84226  -72.91190     11.784     11.693    18.1267    32.9939 -9.990e-29     0.1894 1.1885e+01  1023.7577    18.1247    23.7058     7.3753    225.142    7.74320  236.37318     95.249 0.0000e+00
   39.84226  -72.91190     11.814     11.723    18.1281    32.9950 -9.990e-29     0.1894 1.1298e+01  1023.7590    18.1261    23.7067     7.3757    225.154    7.74316  236.37209     95.254 0.0000e+00
   39.84226  -72.91190     11.848     11.757    18.1298    32.9950 -9.990e-29     0.2028 1.0985e+01  1023.7583    18.1278    23.7065     7.3757    225.155    7.74318  236.37280     95.254 0.0000e+00
   39.84226  -72.91190     11.874     11.783    18.1311    32.9950 -9.990e-29     0.1894 1.0923e+01  1023.7577    18.1290    23.7057     7.3757    225.155    7.74318  236.37286     95.254 0.0000e+00
   39.84226  -72.91190     11.914     11.823    18.1325    32.9938 -9.990e-29     0.2028 1.0463e+01  1023.7566    18.1304    23.7044     7.3758    225.158    7.74321  236.37386     95.255 0.0000e+00
   39.84226  -72.91190     11.935     11.843    18.1335    32.9925 -9.990e-29     0.1894 1.0153e+01  1023.7547    18.1314    23.7031     7.3759    225.160    7.74321  236.37369     95.256 0.0000e+00
   39.84226  -72.91190     11.969     11.877    18.1344    32.9919 -9.990e-29     0.1894 1.0116e+01  1023.7542    18.1323    23.7025     7.3760    225.163    7.74325  236.37499     95.257 0.0000e+00
   39.84226  -72.91190     12.006     11.914    18.1349    32.9918 -9.990e-29     0.1894 1.0145e+01  1023.7550    18.1328    23.7022     7.3761    225.168    7.74331  236.37673     95.258 0.0000e+00
   39.84226  -72.91190     12.027     11.935    18.1352    32.9910 -9.990e-29     0.1894 1.0173e+01  1023.7547    18.1332    23.7015     7.3763    225.173    7.74335  236.37806     95.260 0.0000e+00
   39.84226  -72.91190     12.067     11.974    18.1363    32.9892 -9.990e-29     0.1894 1.0202e+01  1023.7524    18.1342    23.7000     7.3765    225.178    7.74340  236.37940     95.261 0.0000e+00
   39.84226  -72.91190     12.092     11.999    18.1361    32.9892 -9.990e-29     0.2028 1.0375e+01  1023.7507    18.1340    23.6986     7.3767    225.184    7.74344  236.38080     95.263 0.0000e+00
   39.84226  -72.91190     12.118     12.025    18.1361    32.9892 -9.990e-29     0.2028 1.0641e+01  1023.7496    18.1340    23.6990     7.3769    225.191    7.74350  236.38264     95.265 0.0000e+00
   39.84226  -72.91190     12.148     12.055    18.1356    32.9926 -9.990e-29     0.1894 1.0701e+01  1023.7545    18.1335    23.7026     7.3772    225.200    7.74362  236.38623     95.268 0.0000e+00
   39.84226  -72.91190     12.182     12.089    18.1357    32.9998 -9.990e-29     0.2028 1.0641e+01  1023.7619    18.1337    23.7080     7.3775    225.209    7.74368  236.38832     95.271 0.0000e+00
   39.84226  -72.91192     12.199     12.105    18.1368    33.0065 -9.990e-29     0.2028 1.0552e+01  1023.7668    18.1347    23.7130     7.3778    225.218    7.74378  236.39129     95.273 0.0000e+00
   39.84226  -72.91192     12.229     12.135    18.1387    33.0113 -9.990e-29     0.2028 1.0522e+01  1023.7709    18.1366    23.7162     7.3781    225.229    7.74390  236.39473     95.277 0.0000e+00
   39.84226  -72.91192     12.259     12.165    18.1413    33.0113 -9.990e-29     0.2028 1.0582e+01  1023.7720    18.1392    23.7169     7.3780    225.224    7.74393  236.39555     95.274 0.0000e+00
   39.84226  -72.91192     12.294     12.199    18.1440    33.0113 -9.990e-29     0.1894 1.0701e+01  1023.7688    18.1420    23.7154     7.3783    225.235    7.74404  236.39903     95.278 0.0000e+00
   39.84226  -72.91192     12.310     12.216    18.1463    33.0111 -9.990e-29     0.2028 1.0732e+01  1023.7664    18.1442    23.7137     7.3787    225.245    7.74408  236.39988     95.281 0.0000e+00
   39.84226  -72.91192     12.352     12.257    18.1482    33.0111 -9.990e-29     0.2028 1.0701e+01  1023.7670    18.1461    23.7133     7.3790    225.254    7.74410  236.40037     95.285 0.0000e+00
   39.84226  -72.91192     12.365     12.270    18.1498    33.0111 -9.990e-29     0.2028 1.0582e+01  1023.7675    18.1477    23.7134     7.3793    225.266    7.74418  236.40298     95.289 0.0000e+00
   39.84226  -72.91192     12.401     12.306    18.1515    33.0111 -9.990e-29     0.2028 1.0522e+01  1023.7676    18.1494    23.7133     7.3797    225.277    7.74421  236.40376     95.293 0.0000e+00
