CalculateIndicators/WaterTemperature/Data/CTD_NYOS/20230516_C16.cnv
* Sea-Bird SBE 9 Data File:
* FileName = C:\Seabird 9 CTD\Data\2023\202305_offshore\20230516_C16.hex
* Software Version Seasave V 7.23.2
* Temperature SN = 4590
* Conductivity SN = 3228
* Number of Bytes Per Scan = 44
* Number of Voltage Words = 5
* Number of Scans Averaged by the Deck Unit = 1
* NMEA Latitude = 40 25.93 N
* NMEA Longitude = 072 49.56 W
* NMEA UTC (Time) = May 16 2023  23:27:59
* NMEA baud rate = 4800
** Ship: Seawolf
** Station: 9.2
** Operator: TDK
# nquan = 18
# nvalues = 12750                       
# units = specified
# name 0 = latitude: Latitude [deg]
# name 1 = longitude: Longitude [deg]
# name 2 = prDM: Pressure, Digiquartz [db]
# name 3 = depSM: Depth [salt water, m]
# name 4 = t090C: Temperature [ITS-90, deg C]
# name 5 = sal00: Salinity, Practical [PSU]
# name 6 = ph: pH
# name 7 = flECO-AFL: Fluorescence, WET Labs ECO-AFL/FL [mg/m^3]
# name 8 = cpar: CPAR/Corrected Irradiance [%]
# name 9 = density00: Density [density, kg/m^3]
# name 10 = potemp090C: Potential Temperature [ITS-90, deg C]
# name 11 = sigma-é00: Density [sigma-theta, kg/m^3]
# name 12 = sbeox0Mg/L: Oxygen, SBE 43 [mg/l]
# name 13 = sbox0Mm/Kg: Oxygen, SBE 43 [umol/kg]
# name 14 = oxsolMg/L: Oxygen Saturation, Garcia & Gordon [mg/l]
# name 15 = oxsolMm/Kg: Oxygen Saturation, Garcia & Gordon [umol/kg]
# name 16 = sbeox0PS: Oxygen, SBE 43 [% saturation]
# name 17 = flag:  0.000e+00
# span 0 =   40.43216,   40.43402       
# span 1 =  -72.82598,  -72.82236       
# span 2 =      1.589,     40.534       
# span 3 =      1.577,     40.218       
# span 4 =     6.7690,    13.6497       
# span 5 =    30.9740,    32.8163       
# span 6 =      7.845,      8.077       
# span 7 =     0.0551,     4.7022       
# span 8 = 9.5546e-13, 3.9481e+01       
# span 9 =  1022.9546,  1025.8191       
# span 10 =     6.7656,    13.6480      
# span 11 =    23.0468,    25.6533      
# span 12 =     8.3968,    10.0304      
# span 13 =    255.879,    305.746      
# span 14 =    8.55482,    9.84832      
# span 15 =  261.23375,  300.07654      
# span 16 =     86.203,    107.952      
# span 17 = 0.0000e+00, 0.0000e+00      
# interval = seconds: 0.0416667
# start_time = May 16 2023 23:27:58 [System UTC, first data scan.]
# bad_flag = -9.990e-29
*END*
[from data line 644]
   40.43234  -72.82582     11.297     11.210    13.6474    31.2752      7.998     0.3908 4.4762e+00  1023.4321    13.6458    23.3818     8.8367    269.844    8.55975  261.38557    103.236 0.0000e+00
   40.43234  -72.82582     11.327     11.240    13.6472    31.2752      7.998     0.3908 4.4762e+00  1023.4324    13.6456    23.3818     8.8383    269.889 -9.990e-29 -9.990e-29    103.235 0.0000e+00
   40.43234  -72.82582     11.348     11.260    13.6474    31.2751      7.998     0.3908 4.4379e+00  1023.4325    13.6458    23.3818     8.8380    269.878 -9.990e-29 -9.990e-29    103.233 0.0000e+00
   40.43234  -72.82582     11.378     11.290    13.6476    31.2750      7.998     0.3908 4.4000e+00  1023.4322    13.6461    23.3817     8.8380    269.878 -9.990e-29 -9.990e-29    103.231 0.0000e+00
   40.43234  -72.82582     11.409     11.320    13.6472    31.2750      7.998     0.3908 4.4000e+00  1023.4326    13.6456    23.3817     8.8429    270.027 -9.990e-29 -9.990e-29    103.290 0.0000e+00
   40.43234  -72.82582     11.433     11.345    13.6470    31.2750      7.998     0.3908 4.3624e+00  1023.4325    13.6455    23.3817     8.8426    270.017    8.56064  261.40785    103.293 0.0000e+00
   40.43234  -72.82582     11.459     11.371    13.6470    31.2751      8.002     0.3908 4.3375e+00  1023.4329    13.6454    23.3818     8.8380    269.878 -9.990e-29  261.41783    103.236 0.0000e+00
   40.43234  -72.82582     11.490     11.401    13.6472    31.2751      7.998     0.3908 4.3375e+00  1023.4333    13.6456    23.3820     8.8391    269.912 -9.990e-29 -9.990e-29    103.234 0.0000e+00
   40.43234  -72.82582     11.499     11.410    13.6474    31.2751      7.998     0.3908 4.3127e+00  1023.4335    13.6458    23.3819     8.8400    269.940    8.56327  261.48892    103.232 0.0000e+00
   40.43234  -72.82582     11.541     11.451    13.6478    31.2750      7.998     0.3908 4.2758e+00  1023.4330    13.6462    23.3816     8.8406    269.957    8.56405  261.51188    103.229 0.0000e+00
   40.43234  -72.82582     11.561     11.472    13.6474    31.2747      7.998     0.3908 4.2636e+00  1023.4328    13.6458    23.3814     8.8409    269.964    8.56450  261.52487    103.227 0.0000e+00
   40.43234  -72.82582     11.596     11.506    13.6468    31.2747      7.998     0.3908 4.2514e+00  1023.4329    13.6453    23.3814     8.8409    269.964    8.56474  261.53178    103.224 0.0000e+00
   40.43234  -72.82582     11.622     11.532    13.6465    31.2747      7.998     0.3908 4.2151e+00  1023.4335    13.6450    23.3817     8.8406    269.956    8.56473  261.53092    103.221 0.0000e+00
   40.43234  -72.82582     11.652     11.562    13.6462    31.2750      7.998     0.3908 4.2030e+00  1023.4342    13.6446    23.3820     8.8453    270.097    8.56442  261.52130    103.279 0.0000e+00
   40.43234  -72.82582     11.673     11.582    13.6462    31.2750      7.998     0.3908 4.2030e+00  1023.4342    13.6446    23.3820     8.8460    270.119    8.56421  261.51505    103.290 0.0000e+00
   40.43234  -72.82582     11.703     11.612    13.6462    31.2751      7.998     0.3908 4.1670e+00  1023.4340    13.6446    23.3820     8.8458    270.113    8.56377  261.50093    103.293 0.0000e+00
   40.43234  -72.82582     11.724     11.633    13.6458    31.2751      7.998     0.3908 4.1551e+00  1023.4344    13.6443    23.3820     8.8458    270.113    8.56292  261.47583    103.303 0.0000e+00
   40.43234  -72.82582     11.737     11.647    13.6453    31.2752      7.998     0.3908 4.1432e+00  1023.4343    13.6437    23.3822     8.8410    269.969    8.56257  261.46596    103.252 0.0000e+00
   40.43234  -72.82582     11.773     11.682    13.6450    31.2754      8.002     0.3908 4.1196e+00  1023.4351    13.6434    23.3825     8.8414    269.980    8.56258  261.46686    103.256 0.0000e+00
   40.43234  -72.82582     11.784     11.693    13.6453    31.2754      8.002     0.3908 4.0960e+00  1023.4352    13.6437    23.3826     8.8421    270.002    8.56292  261.47736    103.260 0.0000e+00
   40.43234  -72.82582     11.824     11.733    13.6455    31.2754      7.998     0.3908 4.0960e+00  1023.4353    13.6439    23.3825     8.8424    270.011    8.56343  261.49286    103.258 0.0000e+00
   40.43234  -72.82582     11.835     11.743    13.6459    31.2755      7.998     0.3774 4.0610e+00  1023.4348    13.6443    23.3824     8.8433    270.040    8.56394  261.50819    103.262 0.0000e+00
   40.43234  -72.82582     11.869     11.778    13.6458    31.2754      7.998     0.3640 4.0378e+00  1023.4353    13.6442    23.3824     8.8441    270.061    8.56422  261.51627    103.267 0.0000e+00
   40.43236  -72.82582     11.895     11.803    13.6460    31.2754      7.998     0.3640 4.0378e+00  1023.4354    13.6444    23.3824     8.8441    270.062    8.56442  261.52215    103.265 0.0000e+00
   40.43236  -72.82582     11.916     11.824    13.6460    31.2754      7.998     0.3640 3.9917e+00  1023.4355    13.6444    23.3823     8.8391    269.908    8.56478  261.53287    103.202 0.0000e+00
   40.43236  -72.82582     11.935     11.843    13.6460    31.2753      8.002     0.3640 3.9803e+00  1023.4354    13.6444    23.3822     8.8384    269.888    8.56487  261.53552    103.194 0.0000e+00
   40.43236  -72.82582     11.967     11.874    13.6458    31.2751      8.002     0.3640 3.9803e+00  1023.4354    13.6442    23.3821     8.8377    269.865    8.56485  261.53452    103.185 0.0000e+00
   40.43236  -72.82582     11.992     11.899    13.6459    31.2751      7.998     0.3640 3.9575e+00  1023.4353    13.6443    23.3820     8.8367    269.836    8.56463  261.52748    103.177 0.0000e+00
   40.43236  -72.82582     12.007     11.914    13.6458    31.2751      7.998     0.3640 3.9349e+00  1023.4355    13.6442    23.3821     8.8363    269.824    8.56435  261.51880    103.176 0.0000e+00
   40.43236  -72.82582     12.037     11.944    13.6455    31.2754      7.998     0.3640 3.9349e+00  1023.4360    13.6439    23.3823     8.8351    269.788    8.56380  261.50200    103.168 0.0000e+00
   40.43236  -72.82582     12.067     11.974    13.6457    31.2758      8.002     0.3640 3.9124e+00  1023.4365    13.6440    23.3826     8.8337    269.743    8.56303  261.47865    103.161 0.0000e+00
   40.43236  -72.82582     12.103     12.009    13.6460    31.2758      7.998     0.3640 3.9012e+00  1023.4368    13.6444    23.3828     8.8319    269.689    8.56193  261.44531    103.153 0.0000e+00
   40.43236  -72.82582     12.109     12.015    13.6468    31.2758      8.002     0.3640 3.8900e+00  1023.4369    13.6452    23.3827     8.8304    269.644    8.56103  261.41925    103.146 0.0000e+00
   40.43236  -72.82582     12.139     12.045    13.6474    31.2758      7.998     0.3640 3.8789e+00  1023.4365    13.6458    23.3824     8.8302    269.639    8.56079  261.41279    103.147 0.0000e+00
   40.43236  -72.82582     12.159     12.065    13.6479    31.2753      7.998     0.3640 3.8567e+00  1023.4361    13.6462    23.3820     8.8303    269.643    8.56080  261.41312    103.148 0.0000e+00
   40.43236  -72.82582     12.184     12.090    13.6479    31.2750      7.998     0.3640 3.8456e+00  1023.4356    13.6462    23.3816     8.8298    269.627    8.56072  261.41082    103.143 0.0000e+00
   40.43236  -72.82582     12.210     12.116    13.6472    31.2750      7.998     0.3640 3.8456e+00  1023.4358    13.6455    23.3816     8.8285    269.586    8.56042  261.40126    103.131 0.0000e+00
   40.43236  -72.82582     12.241     12.146    13.6470    31.2750      7.998     0.3640 3.8127e+00  1023.4364    13.6453    23.3818     8.8268    269.537    8.55986  261.38403    103.119 0.0000e+00
   40.43236  -72.82582     12.271     12.176    13.6474    31.2754      7.998     0.3640 3.8018e+00  1023.4369    13.6457    23.3820     8.8311    269.666    8.55932  261.36796    103.175 0.0000e+00
   40.43236  -72.82582     12.275     12.180    13.6475    31.2754      8.002     0.3640 3.8018e+00  1023.4369    13.6459    23.3821     8.8255    269.497    8.55885  261.35403    103.116 0.0000e+00
   40.43236  -72.82582     12.311     12.216    13.6481    31.2754      7.998     0.3640 3.7800e+00  1023.4369    13.6465    23.3820     8.8247    269.472    8.55844  261.34219    103.111 0.0000e+00
   40.43236  -72.82582     12.341     12.246    13.6487    31.2754      7.998     0.3640 3.7692e+00  1023.4367    13.6470    23.3818     8.8293    269.612    8.55819  261.33457    103.168 0.0000e+00
   40.43236  -72.82582     12.362     12.266    13.6489    31.2753      7.998     0.3640 3.7584e+00  1023.4366    13.6472    23.3817     8.8241    269.453    8.55797  261.32828    103.109 0.0000e+00
   40.43236  -72.82582     12.386     12.291    13.6489    31.2751      8.002     0.3640 3.7369e+00  1023.4369    13.6472    23.3815     8.8287    269.596    8.55777  261.32203    103.166 0.0000e+00
   40.43236  -72.82582     12.403     12.307    13.6495    31.2743      7.998     0.3640 3.7048e+00  1023.4367    13.6479    23.3809     8.8286    269.592    8.55742  261.31177    103.169 0.0000e+00
   40.43236  -72.82582     12.433     12.337    13.6497    31.2719      7.998     0.3640 3.7048e+00  1023.4357    13.6480    23.3791     8.8293    269.614    8.55725  261.30680    103.179 0.0000e+00
   40.43236  -72.82582     12.452     12.356    13.6483    31.2676      8.002     0.3774 3.6836e+00  1023.4308    13.6466    23.3764     8.8295    269.620    8.55719  261.30494    103.182 0.0000e+00
   40.43236  -72.82582     12.467     12.371    13.6394    31.2676      7.998     0.3774 3.6625e+00  1023.4283    13.6377    23.3757     8.8298    269.630    8.55721  261.30561    103.186 0.0000e+00
   40.43236  -72.82582     12.494     12.397    13.6249    31.2676      7.998     0.3774 3.6520e+00  1023.4330    13.6232    23.3793     8.8300    269.634    8.55710  261.30221    103.189 0.0000e+00
   40.43236  -72.82582     12.514     12.417 -9.990e-29    31.2718      7.998     0.3774 3.6311e+00  1023.4430 -9.990e-29    23.3853     8.8300    269.635    8.55687  261.29514    103.192 0.0000e+00
   40.43236  -72.82582     12.528     12.431 -9.990e-29    31.2766      8.003     0.3774 3.6103e+00  1023.4466 -9.990e-29    23.3899     8.8301    269.640    8.55674  261.29143    103.195 0.0000e+00
   40.43236  -72.82582     12.554     12.457 -9.990e-29    31.2801      8.003     0.3774 3.6103e+00  1023.4484 -9.990e-29    23.3929     8.8355    269.805    8.55664  261.28858    103.259 0.0000e+00
   40.43236  -72.82582     12.565     12.468 -9.990e-29    31.2801      7.998     0.3774 3.5896e+00  1023.4530 -9.990e-29    23.3948     8.8364    269.831    8.55663  261.28833    103.269 0.0000e+00
   40.43236  -72.82582     12.584     12.487 -9.990e-29    31.2801      8.003     0.3774 3.5588e+00  1023.4516 -9.990e-29    23.3944     8.8378    269.875    8.55665  261.28910    103.286 0.0000e+00
   40.43236  -72.82582     12.609     12.512 -9.990e-29    31.2796      7.998     0.3774 3.5588e+00  1023.4470 -9.990e-29    23.3925     8.8392    269.918    8.55663  261.28846    103.303 0.0000e+00
   40.43236  -72.82582     12.626     12.528 -9.990e-29    31.2796      7.998     0.3774 3.5486e+00  1023.4476 -9.990e-29    23.3921     8.8401    269.943    8.55665  261.28884    103.312 0.0000e+00
   40.43236  -72.82582     12.646     12.548    13.6007    31.2796      7.998     0.3774 3.5282e+00  1023.4493    13.5990    23.3937     8.8408    269.967    8.55663  261.28847    103.322 0.0000e+00
   40.43236  -72.82582     12.649     12.551    13.5953    31.2806      7.998     0.3774 3.5181e+00  1023.4529    13.5936    23.3963     8.8417    269.992    8.55668  261.28974    103.331 0.0000e+00
   40.43236  -72.82582     12.677     12.578    13.5921    31.2830      7.998     0.3774 3.5181e+00  1023.4554    13.5904    23.3988     8.8424    270.014    8.55664  261.28860    103.339 -9.990e-29
   40.43236  -72.82582     12.677     12.578    13.5899    31.2853      7.998     0.3774 3.4979e+00  1023.4579    13.5881    23.4011     8.8431    270.036    8.55663  261.28812    103.348 -9.990e-29
   40.43236  -72.82582     12.707     12.609    13.5893    31.2871      8.003     0.3774 3.4879e+00  1023.4599    13.5875    23.4026     8.8437    270.053    8.55651  261.28434    103.356 0.0000e+00
   40.43236  -72.82582     12.711     12.613    13.5909    31.2880      7.998     0.3774 3.4879e+00  1023.4599    13.5892    23.4031     8.8493    270.226    8.55627  261.27701    103.425 0.0000e+00
   40.43236  -72.82582     12.737     12.639    13.5922    31.2884      7.998     0.3774 3.4779e+00  1023.4595    13.5905    23.4034     8.8509    270.275    8.55607  261.27111    103.446 0.0000e+00
   40.43236  -72.82582     12.747     12.648    13.5937    31.2884      7.998     0.3774 3.4779e+00  1023.4620    13.5919    23.4034     8.8527    270.329    8.55603  261.27007    103.467 0.0000e+00
   40.43236  -72.82582     12.751     12.652    13.5992    31.2884      7.998     0.3774 3.4679e+00  1023.4590    13.5975    23.4019     8.8543    270.380    8.55593  261.26707    103.488 0.0000e+00
   40.43236  -72.82582     12.758     12.659    13.6022    31.2860      7.998     0.3774 3.4579e+00  1023.4559    13.6005    23.3994     8.8560    270.431    8.55587  261.26544    103.508 0.0000e+00
   40.43236  -72.82582     12.777     12.678    13.6029    31.2837      7.998     0.3774 3.4480e+00  1023.4539    13.6012    23.3975     8.8571    270.465    8.55586  261.26513    103.521 0.0000e+00
   40.43236  -72.82582     12.781     12.682    13.6014    31.2829      7.998     0.3774 3.4480e+00  1023.4532    13.5997    23.3967     8.8634    270.658    8.55586  261.26520    103.595 0.0000e+00
   40.43236  -72.82582     12.788     12.689    13.5987    31.2829      7.998     0.3774 3.4480e+00  1023.4534    13.5969    23.3970     8.8597    270.544    8.55580  261.26340    103.552 0.0000e+00
   40.43236  -72.82582     12.798     12.699    13.5953    31.2829      7.998     0.3774 3.4381e+00  1023.4550    13.5936    23.3982     8.8608    270.578    8.55594  261.26759    103.564 0.0000e+00
   40.43236  -72.82582     12.811     12.712    13.5931    31.2841      7.998     0.3774 3.4381e+00  1023.4571    13.5914    23.3995     8.8616    270.601    8.55581  261.26354    103.574 0.0000e+00
   40.43234  -72.82580     12.818     12.719    13.5919    31.2850      7.998     0.3908 3.4381e+00  1023.4577    13.5902    23.4007     8.8623    270.624    8.55572  261.26092    103.584 0.0000e+00
   40.43234  -72.82580     12.828     12.729    13.5896    31.2858      7.998     0.4043 3.4282e+00  1023.4588    13.5879    23.4016     8.8634    270.658    8.55596  261.26908    103.593 0.0000e+00
   40.43234  -72.82580     12.839     12.740    13.5888    31.2869      7.998     0.3908 3.4381e+00  1023.4596    13.5871    23.4026     8.8711    270.895    8.55809  261.33715    103.657 -9.990e-29
   40.43234  -72.82580     12.832     12.733    13.5884    31.2881      7.998     0.3908 3.4282e+00  1023.4610    13.5867    23.4035     8.8768    271.067    8.56272  261.47558    103.668 -9.990e-29
   40.43234  -72.82580     12.839     12.739    13.5894    31.2892      8.003     0.3908 3.4282e+00  1023.4615    13.5877    23.4042     8.8796    271.149    8.56472  261.53317    103.677 0.0000e+00
   40.43234  -72.82580     12.848     12.749    13.5907    31.2901      7.998     0.3908 3.5042e+00  1023.4621    13.5890    23.4046     8.8817    271.210    8.56617  261.57611    103.683 0.0000e+00
   40.43234  -72.82580     12.873     12.774    13.5937    31.2901      7.998     0.3908 3.4942e+00  1023.4621    13.5919    23.4046     8.8786    271.117    8.56784  261.62607    103.628 -9.990e-29
   40.43234  -72.82580     12.869     12.770    13.5977    31.2901      8.003     0.3908 3.4282e+00  1023.4622    13.5959    23.4040     8.8847    271.300    8.56885  261.65550    103.686 -9.990e-29
