CalculateIndicators/WaterTemperature/Data/CTD_NYOS/20230515_C04.cnv
* Sea-Bird SBE 9 Data File:
* FileName = C:\Seabird 9 CTD\Data\2023\202305_offshore\20230515_C04.hex
* Software Version Seasave V 7.23.2
* Temperature SN = 4590
* Conductivity SN = 3228
* Number of Bytes Per Scan = 44
* Number of Voltage Words = 5
* Number of Scans Averaged by the Deck Unit = 1
* NMEA Latitude = 40 04.79 N
* NMEA Longitude = 073 04.04 W
* NMEA UTC (Time) = May 15 2023  14:34:09
* NMEA baud rate = 4800
** Ship: Seawolf
** Station: 8.3
** Operator: SJW
# nquan = 18
# nvalues = 9706                        
# units = specified
# name 0 = latitude: Latitude [deg]
# name 1 = longitude: Longitude [deg]
# name 2 = prDM: Pressure, Digiquartz [db]
# name 3 = depSM: Depth [salt water, m]
# name 4 = t090C: Temperature [ITS-90, deg C]
# name 5 = sal00: Salinity, Practical [PSU]
# name 6 = ph: pH
# name 7 = flECO-AFL: Fluorescence, WET Labs ECO-AFL/FL [mg/m^3]
# name 8 = cpar: CPAR/Corrected Irradiance [%]
# name 9 = density00: Density [density, kg/m^3]
# name 10 = potemp090C: Potential Temperature [ITS-90, deg C]
# name 11 = sigma-é00: Density [sigma-theta, kg/m^3]
# name 12 = sbeox0Mg/L: Oxygen, SBE 43 [mg/l]
# name 13 = sbox0Mm/Kg: Oxygen, SBE 43 [umol/kg]
# name 14 = oxsolMg/L: Oxygen Saturation, Garcia & Gordon [mg/l]
# name 15 = oxsolMm/Kg: Oxygen Saturation, Garcia & Gordon [umol/kg]
# name 16 = sbeox0PS: Oxygen, SBE 43 [% saturation]
# name 17 = flag:  0.000e+00
# span 0 =   40.07954,   40.07984       
# span 1 =  -73.06740,  -73.06642       
# span 2 =      1.833,     39.499       
# span 3 =      1.819,     39.193       
# span 4 =     6.5791,    13.5173       
# span 5 =    31.7184,    32.8866       
# span 6 =      7.793,      8.064       
# span 7 =    -0.0121,    48.4336       
# span 8 = 1.0790e-01, 8.3755e+01       
# span 9 =  1023.7736,  1025.9617       
# span 10 =     6.5767,    13.5170      
# span 11 =    23.7567,    25.7807      
# span 12 =     8.3115,    10.4696      
# span 13 =    253.215,    318.985      
# span 14 =    8.55264,    9.88477      
# span 15 =  261.06641,  301.15329      
# span 16 =     84.269,    110.104      
# span 17 = 0.0000e+00, 0.0000e+00      
# interval = seconds: 0.0416667
# start_time = May 15 2023 14:34:10 [System UTC, first data scan.]
# bad_flag = -9.990e-29
*END*
[from data line 3136]
   40.07976 -9.990e-29     38.939     38.637     6.7426    32.8726      7.807     0.1357 1.1764e-01  1025.9567     6.7392    25.7779     8.3402    254.085    9.84174  299.82941     84.743 -9.990e-29
   40.07976 -9.990e-29     38.939     38.637     6.7426    32.8730      7.807     0.1357 1.1798e-01  1025.9572     6.7392    25.7782     8.3400    254.078    9.84176  299.83016     84.741 -9.990e-29
   40.07976 -9.990e-29     38.924     38.622     6.7430    32.8731      7.807     0.1357 1.1798e-01  1025.9572     6.7396    25.7783     8.3461    254.265    9.84180  299.83124     84.803 0.0000e+00
   40.07976 -9.990e-29     38.918     38.616     6.7432    32.8731      7.807     0.1357 1.1832e-01  1025.9572     6.7398    25.7783     8.3404    254.091    9.84181  299.83185     84.744 0.0000e+00
   40.07976 -9.990e-29     38.903     38.601     6.7437    32.8731      7.802     0.1357 1.1866e-01  1025.9567     6.7403    25.7781     8.3411    254.111    9.84179  299.83125     84.751 -9.990e-29
   40.07976 -9.990e-29     38.909     38.607     6.7436    32.8730      7.807     0.1357 1.1901e-01  1025.9568     6.7402    25.7780     8.3471    254.296    9.84175  299.82976     84.814 -9.990e-29
   40.07976 -9.990e-29     38.894     38.592     6.7436    32.8728      7.807     0.1357 1.1901e-01  1025.9565     6.7402    25.7779     8.3477    254.314    9.84167  299.82721     84.820 -9.990e-29
   40.07976 -9.990e-29     38.898     38.596     6.7437    32.8727      7.807     0.1357 1.1901e-01  1025.9564     6.7403    25.7777     8.3418    254.134    9.84155  299.82321     84.761 -9.990e-29
   40.07976 -9.990e-29     38.878     38.577     6.7439    32.8727      7.802     0.1357 1.1901e-01  1025.9560     6.7405    25.7776     8.3414    254.120    9.84143  299.81944     84.758 -9.990e-29
   40.07976 -9.990e-29     38.894     38.592     6.7439    32.8726      7.802     0.1357 1.1901e-01  1025.9566     6.7405    25.7777     8.3473    254.302    9.84135  299.81732     84.819 -9.990e-29
   40.07976 -9.990e-29     38.878     38.577     6.7437    32.8726      7.807     0.1357 1.1901e-01  1025.9564     6.7403    25.7778     8.3478    254.317    9.84130  299.81588     84.824 -9.990e-29
   40.07976 -9.990e-29     38.894     38.592     6.7437    32.8726      7.807     0.1357 1.1935e-01  1025.9564     6.7403    25.7778     8.3484    254.335    9.84140  299.81919     84.830 -9.990e-29
   40.07976 -9.990e-29     38.878     38.577     6.7436    32.8724      7.807     0.1357 1.1901e-01  1025.9566     6.7402    25.7776     8.3436    254.189    9.84150  299.82246     84.780 -9.990e-29
   40.07976 -9.990e-29     38.888     38.586     6.7439    32.8719      7.807     0.1357 1.1935e-01  1025.9555     6.7405    25.7772     8.3433    254.179    9.84160  299.82535     84.776 -9.990e-29
   40.07976 -9.990e-29     38.903     38.601     6.7434    32.8719      7.807     0.1357 1.1935e-01  1025.9557     6.7400    25.7770     8.3502    254.391    9.84164  299.82640     84.846 -9.990e-29
   40.07976 -9.990e-29     38.898     38.596     6.7430    32.8719      7.802     0.1357 1.1935e-01  1025.9555     6.7396    25.7770     8.3444    254.213    9.84166  299.82709     84.787 -9.990e-29
   40.07976 -9.990e-29     38.903     38.601     6.7429    32.8720      7.807     0.1357 1.1935e-01  1025.9559     6.7395    25.7773     8.3440    254.200    9.84167  299.82733     84.782 -9.990e-29
   40.07976 -9.990e-29     38.909     38.607     6.7426    32.8725      7.807     0.1357 1.1935e-01  1025.9567     6.7392    25.7777     8.3435    254.187    9.84165  299.82673     84.778 -9.990e-29
   40.07976 -9.990e-29     38.913     38.611     6.7428    32.8727      7.802     0.1357 1.1935e-01  1025.9568     6.7394    25.7779     8.3431    254.172    9.84161  299.82529     84.773 -9.990e-29
   40.07976 -9.990e-29     38.928     38.626     6.7429    32.8727      7.802     0.1357 1.1935e-01  1025.9567     6.7395    25.7779     8.3426    254.159    9.84160  299.82499     84.769 -9.990e-29
   40.07976 -9.990e-29     38.939     38.637     6.7426    32.8728      7.807     0.1357 1.1935e-01  1025.9569     6.7392    25.7779     8.3422    254.145    9.84159  299.82491     84.764 -9.990e-29
   40.07976 -9.990e-29     38.954     38.652     6.7426    32.8730      7.807     0.1357 1.1935e-01  1025.9569     6.7392    25.7781     8.3418    254.132    9.84159  299.82470     84.760 -9.990e-29
   40.07976 -9.990e-29     38.960     38.657     6.7423    32.8734      7.802     0.1357 1.1935e-01  1025.9577     6.7389    25.7785     8.3413    254.119    9.84161  299.82543     84.756 -9.990e-29
   40.07976 -9.990e-29     38.975     38.672     6.7426    32.8734      7.802     0.1357 1.1935e-01  1025.9579     6.7392    25.7787     8.3473    254.300    9.84158  299.82461     84.816 -9.990e-29
   40.07976 -9.990e-29     38.979     38.676     6.7429    32.8734      7.807     0.1357 1.1901e-01  1025.9579     6.7395    25.7785     8.3414    254.120    9.84160  299.82515     84.756 -9.990e-29
   40.07976 -9.990e-29     39.005     38.702     6.7429    32.8729      7.807     0.1357 1.1901e-01  1025.9569     6.7395    25.7781     8.3472    254.299    9.84154  299.82326     84.816 -9.990e-29
   40.07976 -9.990e-29     39.011     38.708     6.7424    32.8729      7.807     0.1357 1.1866e-01  1025.9570     6.7390    25.7779     8.3413    254.118    9.84157  299.82408     84.756 -9.990e-29
   40.07976 -9.990e-29     39.026     38.723     6.7423    32.8728      7.802     0.1357 1.1822e-01  1025.9573     6.7389    25.7781     8.3408    254.103    9.84159  299.82475     84.750 -9.990e-29
   40.07976 -9.990e-29     39.051     38.748     6.7423    32.8728      7.807     0.1357 1.1832e-01  1025.9579     6.7389    25.7782     8.3467    254.282    9.84161  299.82566     84.810 -9.990e-29
   40.07976 -9.990e-29     39.062     38.758     6.7423    32.8728      7.807     0.1357 1.1788e-01  1025.9575     6.7389    25.7780     8.3471    254.295    9.84162  299.82582     84.814 -9.990e-29
   40.07976 -9.990e-29     39.077     38.774     6.7424    32.8728      7.802     0.1357 1.1788e-01  1025.9570     6.7390    25.7777     8.3410    254.109    9.84157  299.82444     84.753 -9.990e-29
   40.07976 -9.990e-29     39.092     38.789     6.7423    32.8728      7.807     0.1357 1.1788e-01  1025.9573     6.7389    25.7778     8.3468    254.288    9.84163  299.82611     84.812 -9.990e-29
   40.07976 -9.990e-29     39.096     38.793     6.7423    32.8731      7.802     0.1357 1.1788e-01  1025.9578     6.7389    25.7783     8.3472    254.297    9.84161  299.82558     84.815 -9.990e-29
   40.07976 -9.990e-29     39.122     38.819     6.7426    32.8739      7.807     0.1357 1.1754e-01  1025.9586     6.7392    25.7789     8.3473    254.302    9.84152  299.82269     84.817 -9.990e-29
   40.07976 -9.990e-29     39.138     38.834     6.7428    32.8742      7.807     0.1357 1.1754e-01  1025.9596     6.7393    25.7793     8.3485    254.339    9.84150  299.82225     84.830 -9.990e-29
   40.07976 -9.990e-29     39.153     38.849     6.7432    32.8742      7.807     0.1357 1.1754e-01  1025.9593     6.7398    25.7793     8.3497    254.374    9.84143  299.81998     84.842 -9.990e-29
   40.07976 -9.990e-29     39.168     38.864     6.7436    32.8742      7.802     0.1491 1.1720e-01  1025.9588     6.7401    25.7790     8.3509    254.412    9.84144  299.82013     84.855 -9.990e-29
   40.07976 -9.990e-29     39.194     38.890     6.7436    32.8739      7.807     0.1625 1.1687e-01  1025.9588     6.7401    25.7788     8.3511    254.416    9.84135  299.81754     84.857 -9.990e-29
   40.07976 -9.990e-29     39.204     38.899     6.7437    32.8739      7.807     0.1625 1.1687e-01  1025.9588     6.7403    25.7787     8.3512    254.421    9.84130  299.81612     84.859 -9.990e-29
   40.07976 -9.990e-29     39.209     38.905     6.7439    32.8738      7.802     0.1625 1.1687e-01  1025.9588     6.7404    25.7786     8.3513    254.424    9.84126  299.81481     84.860 -9.990e-29
   40.07976 -9.990e-29     39.234     38.929     6.7444    32.8738      7.802     0.1625 1.1677e-01  1025.9587     6.7410    25.7786     8.3451    254.234    9.84130  299.81587     84.797 -9.990e-29
   40.07976 -9.990e-29     39.249     38.945     6.7440    32.8737      7.807     0.1625 1.1677e-01  1025.9592     6.7406    25.7785     8.3442    254.207    9.84122  299.81353     84.788 -9.990e-29
   40.07976 -9.990e-29     39.264     38.960     6.7444    32.8733      7.802     0.1625 1.1643e-01  1025.9585     6.7410    25.7782     8.3498    254.377    9.84124  299.81420     84.845 -9.990e-29
   40.07976 -9.990e-29     39.270     38.965     6.7442    32.8730      7.807     0.1625 1.1610e-01  1025.9582     6.7408    25.7779     8.3498    254.377    9.84117  299.81216     84.846 -9.990e-29
   40.07976 -9.990e-29     39.296     38.991     6.7440    32.8730      7.807     0.1625 1.1610e-01  1025.9583     6.7406    25.7778     8.3499    254.380    9.84122  299.81366     84.846 -9.990e-29
   40.07976 -9.990e-29     39.300     38.995     6.7439    32.8730      7.802     0.1625 1.1610e-01  1025.9583     6.7404    25.7780     8.3498    254.377    9.84112  299.81078     84.846 -9.990e-29
   40.07976 -9.990e-29     39.326     39.021     6.7436    32.8734      7.807     0.1625 1.1576e-01  1025.9590     6.7401    25.7783     8.3497    254.375    9.84112  299.81055     84.845 -9.990e-29
   40.07976 -9.990e-29     39.331     39.025     6.7436    32.8739      7.807     0.1625 1.1576e-01  1025.9595     6.7401    25.7787     8.3433    254.178    9.84112  299.81085     84.780 -9.990e-29
   40.07976 -9.990e-29     39.347     39.042     6.7439    32.8739      7.802     0.1625 1.1576e-01  1025.9600     6.7404    25.7789     8.3432    254.176    9.84108  299.80964     84.779 -9.990e-29
   40.07976 -9.990e-29     39.351     39.046     6.7440    32.8739      7.807     0.1625 1.1533e-01  1025.9593     6.7406    25.7787     8.3486    254.342    9.84116  299.81212     84.834 -9.990e-29
   40.07976 -9.990e-29     39.366     39.061     6.7439    32.8735      7.802     0.1625 1.1533e-01  1025.9595     6.7404    25.7784     8.3421    254.144    9.84111  299.81046     84.768 -9.990e-29
   40.07976 -9.990e-29     39.382     39.076     6.7440    32.8735      7.807     0.1625 1.1500e-01  1025.9588     6.7406    25.7782     8.3420    254.141    9.84105  299.80856     84.768 -9.990e-29
   40.07976 -9.990e-29     39.387     39.081     6.7440    32.8735      7.807     0.1625 1.1467e-01  1025.9591     6.7406    25.7783     8.3475    254.307    9.84111  299.81031     84.823 -9.990e-29
   40.07976 -9.990e-29     39.402     39.096     6.7440    32.8741      7.807     0.1625 1.1467e-01  1025.9597     6.7406    25.7788     8.3473    254.302    9.84102  299.80781     84.822 -9.990e-29
   40.07976 -9.990e-29     39.408     39.102     6.7440    32.8749      7.802     0.1625 1.1467e-01  1025.9606     6.7406    25.7795     8.3419    254.136    9.84110  299.81000     84.766 -9.990e-29
   40.07976 -9.990e-29     39.412     39.106     6.7444    32.8754      7.802     0.1625 1.1434e-01  1025.9612     6.7409    25.7799     8.3482    254.329    9.84108  299.80939     84.830 -9.990e-29
   40.07976 -9.990e-29     39.428     39.122     6.7449    32.8754      7.807     0.1625 1.1434e-01  1025.9614     6.7414    25.7800     8.3417    254.131    9.84107  299.80931     84.764 -9.990e-29
   40.07976 -9.990e-29     39.433     39.126     6.7453    32.8754      7.802     0.1625 1.1434e-01  1025.9609     6.7419    25.7797     8.3471    254.294    9.84104  299.80840     84.819 -9.990e-29
   40.07976 -9.990e-29     39.438     39.132     6.7457    32.8748      7.807     0.1625 1.1401e-01  1025.9606     6.7422    25.7791     8.3479    254.319    9.84103  299.80793     84.827 -9.990e-29
   40.07976 -9.990e-29     39.433     39.126     6.7457    32.8739      7.807     0.1625 1.1401e-01  1025.9594     6.7422    25.7785     8.3488    254.346    9.84102  299.80778     84.836 -9.990e-29
   40.07976 -9.990e-29     39.448     39.141     6.7453    32.8734      7.807     0.1759 1.1368e-01  1025.9591     6.7419    25.7781     8.3496    254.372    9.84102  299.80764     84.845 -9.990e-29
   40.07976 -9.990e-29     39.459     39.152     6.7449    32.8734      7.802     0.2028 1.1368e-01  1025.9594     6.7414    25.7781     8.3431    254.173    9.84100  299.80724     84.779 -9.990e-29
   40.07976 -9.990e-29     39.453     39.147     6.7447    32.8734      7.807     0.2028 1.1335e-01  1025.9595     6.7412    25.7782     8.3484    254.335    9.84099  299.80693     84.833 -9.990e-29
   40.07976 -9.990e-29     39.459     39.152     6.7445    32.8737      7.807     0.2028 1.1368e-01  1025.9596     6.7411    25.7784     8.3428    254.165    9.84098  299.80663     84.776 -9.990e-29
   40.07976  -73.06710     39.463     39.157     6.7444    32.8739      7.807     0.2028 1.1335e-01  1025.9600     6.7409    25.7786     8.3418    254.133    9.84098  299.80663     84.766 -9.990e-29
   40.07976  -73.06710     39.468     39.162     6.7444    32.8741      7.807     0.2028 1.1326e-01  1025.9602     6.7409    25.7788     8.3407    254.100    9.84098  299.80663     84.755 -9.990e-29
   40.07976  -73.06710     39.463     39.157     6.7445    32.8743      7.802     0.2028 1.1335e-01  1025.9603     6.7411    25.7790     8.3396    254.066    9.84093  299.80502     84.744 -9.990e-29
   40.07976  -73.06710     39.468     39.162     6.7445    32.8744      7.807     0.2028 1.1326e-01  1025.9604     6.7411    25.7790     8.3449    254.229    9.84098  299.80661     84.798 -9.990e-29
   40.07976  -73.06710     39.463     39.156     6.7447    32.8744      7.807     0.2028 1.1302e-01  1025.9601     6.7412    25.7790     8.3448    254.225    9.84100  299.80720     84.796 -9.990e-29
   40.07976  -73.06710     39.479     39.173     6.7445    32.8744      7.802     0.2028 1.1293e-01  1025.9606     6.7411    25.7790     8.3446    254.219    9.84102  299.80759     84.794 -9.990e-29
   40.07976  -73.06710     39.453     39.147     6.7445    32.8744      7.807     0.2028 1.1293e-01  1025.9602     6.7411    25.7790     8.3380    254.018    9.84104  299.80819     84.727 -9.990e-29
   40.07976  -73.06710     39.468     39.162     6.7447    32.8744      7.807     0.2028 1.1293e-01  1025.9602     6.7412    25.7790     8.3368    253.981    9.84101  299.80728     84.715 -9.990e-29
   40.07976  -73.06710     39.474     39.167     6.7445    32.8745      7.807     0.2028 1.1293e-01  1025.9604     6.7411    25.7791     8.3429    254.169    9.84099  299.80682     84.777 -9.990e-29
   40.07976  -73.06710     39.468     39.162     6.7447    32.8745      7.807     0.2028 1.1293e-01  1025.9607     6.7412    25.7793     8.3363    253.966    9.84098  299.80650     84.710 -9.990e-29
   40.07976  -73.06710     39.463     39.156     6.7445    32.8745      7.807     0.2028 1.1293e-01  1025.9607     6.7411    25.7792     8.3425    254.155    9.84098  299.80651     84.773 -9.990e-29
   40.07968  -73.06696     39.459     39.152     6.7447    32.8743      7.807     0.2028 1.1293e-01  1025.9601     6.7412    25.7788     8.3422    254.147    9.84095  299.80538     84.771 -9.990e-29
   40.07968  -73.06696     39.463     39.156     6.7447    32.8739      7.807     0.2028 1.1293e-01  1025.9598     6.7412    25.7786     8.3419    254.138    9.84095  299.80529     84.768 -9.990e-29
   40.07968  -73.06696     39.468     39.162     6.7447    32.8738      7.807     0.2028 1.1293e-01  1025.9598     6.7412    25.7784     8.3425    254.156    9.84089  299.80361     84.774 -9.990e-29
   40.07968  -73.06696     39.453     39.147     6.7449    32.8738      7.807     0.2028 1.1293e-01  1025.9597     6.7414    25.7784     8.3369    253.983    9.84091  299.80423     84.716 -9.990e-29
   40.07968  -73.06696     39.459     39.152     6.7447    32.8738      7.807     0.2028 1.1293e-01  1025.9596     6.7412    25.7785     8.3420    254.140    9.84090  299.80406     84.769 -9.990e-29
