CalculateIndicators/WaterTemperature/Data/CTD_NYOS/20230517_C19.cnv
* Sea-Bird SBE 9 Data File:
* FileName = C:\Seabird 9 CTD\Data\2023\202305_offshore\20230517_C19.hex
* Software Version Seasave V 7.23.2
* Temperature SN = 4590
* Conductivity SN = 3228
* Number of Bytes Per Scan = 44
* Number of Voltage Words = 5
* Number of Scans Averaged by the Deck Unit = 1
* NMEA Latitude = 40 33.00 N
* NMEA Longitude = 072 27.13 W
* NMEA UTC (Time) = May 17 2023  10:01:23
* NMEA baud rate = 4800
** Ship: Seawolf
** Station: 10.2
** Operator: TDK
# nquan = 18
# nvalues = 12235                       
# units = specified
# name 0 = latitude: Latitude [deg]
# name 1 = longitude: Longitude [deg]
# name 2 = prDM: Pressure, Digiquartz [db]
# name 3 = depSM: Depth [salt water, m]
# name 4 = t090C: Temperature [ITS-90, deg C]
# name 5 = sal00: Salinity, Practical [PSU]
# name 6 = ph: pH
# name 7 = flECO-AFL: Fluorescence, WET Labs ECO-AFL/FL [mg/m^3]
# name 8 = cpar: CPAR/Corrected Irradiance [%]
# name 9 = density00: Density [density, kg/m^3]
# name 10 = potemp090C: Potential Temperature [ITS-90, deg C]
# name 11 = sigma-é00: Density [sigma-theta, kg/m^3]
# name 12 = sbeox0Mg/L: Oxygen, SBE 43 [mg/l]
# name 13 = sbox0Mm/Kg: Oxygen, SBE 43 [umol/kg]
# name 14 = oxsolMg/L: Oxygen Saturation, Garcia & Gordon [mg/l]
# name 15 = oxsolMm/Kg: Oxygen Saturation, Garcia & Gordon [umol/kg]
# name 16 = sbeox0PS: Oxygen, SBE 43 [% saturation]
# name 17 = flag:  0.000e+00
# span 0 =   40.54836,   40.55000       
# span 1 =  -72.45238,  -72.45208       
# span 2 =      1.620,     40.368       
# span 3 =      1.608,     40.052       
# span 4 =     6.5519,    12.8999       
# span 5 =    31.2760,    32.6577       
# span 6 =      7.850,      8.019       
# span 7 =     0.0148,     0.7266       
# span 8 = 1.0128e-12, 4.9860e+01       
# span 9 =  1023.5386,  1025.7552       
# span 10 =     6.5490,    12.8985      
# span 11 =    23.5368,    25.5905      
# span 12 =     8.3635,     9.6747      
# span 13 =    254.923,    295.010      
# span 14 =    8.68713,    9.90591      
# span 15 =  265.23146,  301.84079      
# span 16 =     84.867,    106.451      
# span 17 = 0.0000e+00, 0.0000e+00      
# interval = seconds: 0.0416667
# start_time = May 17 2023 10:01:26 [System UTC, first data scan.]
# bad_flag = -9.990e-29
*END*
[from data line 3940]
   40.54954  -72.45214     39.723     39.413     6.5532    32.5743      7.851     0.0282 1.1009e-12  1025.7502     6.5498    25.5673     8.4288    256.836    9.90485  301.81440     85.097 -9.990e-29
   40.54954  -72.45214     39.719     39.409     6.5532    32.5741      7.851     0.0282 1.1009e-12  1025.7498     6.5498    25.5671     8.4279    256.809    9.90486  301.81462     85.088 -9.990e-29
   40.54954  -72.45214     39.708     39.398     6.5532    32.5741      7.851     0.0148 1.1009e-12  1025.7499     6.5498    25.5671     8.4270    256.783    9.90489  301.81541     85.079 -9.990e-29
   40.54954  -72.45214     39.683     39.374     6.5532    32.5741      7.851     0.0148 1.1009e-12  1025.7497     6.5498    25.5672     8.4261    256.754    9.90484  301.81400     85.070 -9.990e-29
   40.54954  -72.45214     39.678     39.368     6.5530    32.5741      7.855     0.0148 1.1009e-12  1025.7500     6.5496    25.5672     8.4262    256.759    9.90488  301.81523     85.072 -9.990e-29
   40.54954  -72.45214     39.693     39.383     6.5532    32.5741      7.855     0.0148 1.0774e-12  1025.7499     6.5498    25.5672     8.4264    256.765    9.90492  301.81630     85.073 -9.990e-29
   40.54954  -72.45214     39.699     39.389     6.5532    32.5742      7.851     0.0148 1.0774e-12  1025.7496     6.5498    25.5672     8.4266    256.769    9.90486  301.81460     85.075 -9.990e-29
   40.54954  -72.45214     39.672     39.363     6.5532    32.5741      7.855     0.0148 1.0774e-12  1025.7498     6.5498    25.5672     8.4268    256.776    9.90488  301.81528     85.077 -9.990e-29
   40.54954  -72.45214     39.657     39.348     6.5529    32.5742      7.851     0.0148 1.0550e-12  1025.7501     6.5495    25.5673     8.4260    256.753    9.90486  301.81449     85.070 -9.990e-29
   40.54954  -72.45214     39.621     39.312     6.5532    32.5742      7.855     0.0148 1.0335e-12  1025.7493     6.5498    25.5672     8.4264    256.763    9.90489  301.81550     85.073 -9.990e-29
   40.54954  -72.45214     39.585     39.276     6.5532    32.5743      7.851     0.0148 1.0335e-12  1025.7493     6.5498    25.5673     8.4331    256.968    9.90488  301.81524     85.141 -9.990e-29
   40.54954  -72.45214     39.561     39.252     6.5529    32.5745      7.851     0.0148 1.0128e-12  1025.7498     6.5495    25.5676     8.4269    256.780    9.90489  301.81548     85.079 -9.990e-29
   40.54954  -72.45214     39.555     39.246     6.5530    32.5746      7.855     0.0148 1.0128e-12  1025.7496     6.5496    25.5676     8.4273    256.791    9.90491  301.81601     85.082 -9.990e-29
   40.54954  -72.45214     39.519     39.211     6.5532    32.5746      7.851     0.0148 1.0128e-12  1025.7494     6.5498    25.5676     8.4265    256.768    9.90482  301.81346     85.075 -9.990e-29
   40.54954  -72.45214     39.515     39.207     6.5532    32.5747      7.851     0.0148 1.0128e-12  1025.7494     6.5498    25.5677     8.4259    256.750    9.90485  301.81430     85.069 -9.990e-29
   40.54952  -72.45214     39.485     39.177     6.5532    32.5747      7.851     0.0148 1.0128e-12  1025.7495     6.5498    25.5677     8.4263    256.761    9.90488  301.81501     85.072 -9.990e-29
   40.54952  -72.45214     39.479     39.171     6.5532    32.5747      7.851     0.0148 1.0128e-12  1025.7493     6.5498    25.5677     8.4266    256.771    9.90483  301.81352     85.076 -9.990e-29
   40.54952  -72.45214     39.443     39.136     6.5534    32.5747      7.851     0.0148 1.0128e-12  1025.7490     6.5500    25.5677     8.4262    256.756    9.90489  301.81551     85.071 -9.990e-29
   40.54952  -72.45214     39.428     39.120     6.5532    32.5747      7.851     0.0148 1.0128e-12  1025.7493     6.5498    25.5677     8.4256    256.738    9.90488  301.81511     85.065 -9.990e-29
   40.54952  -72.45214     39.423     39.115     6.5531    32.5747      7.851     0.0148 1.0128e-12  1025.7490     6.5497    25.5676     8.4250    256.722    9.90489  301.81544     85.059 -9.990e-29
   40.54952  -72.45214     39.408     39.100     6.5534    32.5745      7.851     0.0282 1.0128e-12  1025.7487     6.5500    25.5674     8.4309    256.901    9.90492  301.81640     85.118 -9.990e-29
   40.54952  -72.45214     39.402     39.094     6.5536    32.5745      7.851     0.0148 1.0128e-12  1025.7486     6.5503    25.5674     8.4247    256.714    9.90485  301.81439     85.057 -9.990e-29
   40.54952  -72.45214     39.398     39.090     6.5535    32.5745      7.851     0.0148 1.0128e-12  1025.7488     6.5502    25.5675     8.4252    256.726    9.90488  301.81515     85.061 -9.990e-29
   40.54952  -72.45214     39.392     39.085     6.5534    32.5745      7.851     0.0148 1.0128e-12  1025.7489     6.5500    25.5675     8.4256    256.741    9.90493  301.81653     85.065 -9.990e-29
   40.54952  -72.45214     39.392     39.085     6.5535    32.5745      7.855     0.0148 1.0128e-12  1025.7486     6.5502    25.5674     8.4251    256.723    9.90487  301.81469     85.060 -9.990e-29
   40.54952  -72.45214     39.368     39.060     6.5534    32.5745      7.851     0.0551 1.0128e-12  1025.7484     6.5500    25.5674     8.4256    256.739    9.90493  301.81660     85.065 -9.990e-29
   40.54952  -72.45214     39.332     39.025     6.5535    32.5745      7.851     0.0685 1.0128e-12  1025.7483     6.5501    25.5674     8.4260    256.753    9.90487  301.81489     85.070 -9.990e-29
   40.54952  -72.45214     39.305     38.999     6.5529    32.5745      7.851     0.0685 1.0128e-12  1025.7485     6.5495    25.5674     8.4266    256.770    9.90487  301.81497     85.075 -9.990e-29
   40.54952  -72.45214     39.290     38.984     6.5534    32.5745      7.851     0.0685 1.0128e-12  1025.7480     6.5501    25.5674     8.4262    256.757    9.90488  301.81510     85.071 -9.990e-29
   40.54952  -72.45214     39.281     38.974     6.5530    32.5745      7.851     0.0685 1.0128e-12  1025.7482     6.5497    25.5674     8.4258    256.747    9.90492  301.81648     85.067 -9.990e-29
   40.54952  -72.45214     39.275     38.969     6.5532    32.5745      7.851     0.0685 1.0128e-12  1025.7483     6.5499    25.5674     8.4264    256.763    9.90488  301.81523     85.073 -9.990e-29
   40.54952  -72.45214     39.260     38.953     6.5532    32.5745      7.851     0.0685 1.0128e-12  1025.7480     6.5499    25.5674     8.4270    256.782    9.90486  301.81463     85.079 -9.990e-29
   40.54952  -72.45214     39.265     38.959     6.5530    32.5745      7.855     0.0685 1.0128e-12  1025.7482     6.5497    25.5675     8.4276    256.801    9.90482  301.81352     85.086 -9.990e-29
   40.54952  -72.45214     39.250     38.944     6.5531    32.5745      7.851     0.0685 1.0128e-12  1025.7482     6.5497    25.5675     8.4283    256.823    9.90484  301.81412     85.093 -9.990e-29
   40.54952  -72.45214     39.254     38.948     6.5531    32.5745      7.855     0.0685 1.0128e-12  1025.7480     6.5497    25.5675     8.4282    256.818    9.90491  301.81620     85.091 -9.990e-29
   40.54952  -72.45214     39.230     38.923     6.5528    32.5746      7.855     0.0685 1.0128e-12  1025.7481     6.5495    25.5676     8.4278    256.807    9.90480  301.81273     85.088 -9.990e-29
   40.54952  -72.45214     39.219     38.912     6.5531    32.5747      7.851     0.0685 1.0128e-12  1025.7481     6.5497    25.5677     8.4276    256.800    9.90484  301.81380     85.086 -9.990e-29
   40.54952  -72.45214     39.194     38.888     6.5529    32.5747      7.851     0.0685 1.0128e-12  1025.7482     6.5495    25.5677     8.4273    256.792    9.90480  301.81256     85.083 0.0000e+00
   40.54952  -72.45214     39.179     38.873     6.5530    32.5747      7.851     0.0685 1.0128e-12  1025.7479     6.5497    25.5677     8.4281    256.815    9.90482  301.81316     85.091 0.0000e+00
   40.54952  -72.45214     39.173     38.867     6.5531    32.5746      7.851     0.0685 1.0128e-12  1025.7479     6.5497    25.5676     8.4289    256.839    9.90482  301.81323     85.099 0.0000e+00
   40.54952  -72.45214     39.158     38.852     6.5530    32.5745      7.855     0.0685 1.0128e-12  1025.7474     6.5497    25.5675     8.4287    256.836    9.90486  301.81475     85.097 -9.990e-29
   40.54952  -72.45214     39.168     38.862     6.5529    32.5745      7.851     0.0685 1.0128e-12  1025.7478     6.5495    25.5675     8.4295    256.859    9.90481  301.81291     85.105 -9.990e-29
   40.54952  -72.45214     39.154     38.848     6.5531    32.5745      7.851     0.0685 1.0128e-12  1025.7478     6.5497    25.5675     8.4294    256.855    9.90481  301.81319     85.104 0.0000e+00
   40.54952  -72.45214     39.137     38.832     6.5530    32.5745      7.851     0.0685 1.0128e-12  1025.7474     6.5497    25.5675     8.4293    256.853    9.90486  301.81472     85.103 0.0000e+00
   40.54952  -72.45214     39.133     38.828     6.5529    32.5745      7.855     0.0685 1.0128e-12  1025.7476     6.5495    25.5675     8.4291    256.847    9.90481  301.81303     85.101 0.0000e+00
   40.54952  -72.45214     39.116     38.811     6.5529    32.5745      7.851     0.0685 1.0128e-12  1025.7479     6.5495    25.5676     8.4290    256.843    9.90481  301.81301     85.100 0.0000e+00
   40.54952  -72.45214     39.107     38.802     6.5534    32.5745      7.855     0.0685 1.0128e-12  1025.7472     6.5500    25.5675     8.4299    256.870    9.90483  301.81354     85.109 0.0000e+00
   40.54952  -72.45214     39.103     38.797     6.5532    32.5745      7.851     0.0685 1.0128e-12  1025.7474     6.5499    25.5674     8.4298    256.867    9.90480  301.81283     85.108 -9.990e-29
   40.54952  -72.45214     39.116     38.811     6.5534    32.5745      7.851     0.0685 1.0128e-12  1025.7473     6.5501    25.5674     8.4297    256.864    9.90479  301.81252     85.107 -9.990e-29
   40.54952  -72.45214     39.103     38.797     6.5534    32.5745      7.851     0.0551 1.0128e-12  1025.7473     6.5500    25.5675     8.4296    256.860    9.90476  301.81158     85.106 -9.990e-29
   40.54952  -72.45214     39.107     38.802     6.5531    32.5745      7.855     0.0551 1.0128e-12  1025.7478     6.5497    25.5675     8.4295    256.858    9.90480  301.81264     85.105 -9.990e-29
   40.54952  -72.45214     39.107     38.802     6.5535    32.5745      7.851     0.0551 1.0128e-12  1025.7470     6.5502    25.5675     8.4294    256.856    9.90483  301.81355     85.104 -9.990e-29
   40.54952  -72.45214     39.092     38.786     6.5532    32.5745      7.855     0.0551 1.0128e-12  1025.7475     6.5498    25.5675     8.4292    256.850    9.90472  301.81038     85.103 0.0000e+00
   40.54952  -72.45214     39.086     38.781     6.5531    32.5746      7.851     0.0551 1.0128e-12  1025.7474     6.5497    25.5677     8.4291    256.847    9.90471  301.80997     85.102 0.0000e+00
   40.54952  -72.45214     39.071     38.766     6.5532    32.5746      7.855     0.0551 1.0128e-12  1025.7477     6.5498    25.5677     8.4290    256.844    9.90472  301.81035     85.101 0.0000e+00
   40.54952  -72.45214     39.067     38.762     6.5532    32.5746      7.851     0.0551 1.0128e-12  1025.7473     6.5499    25.5676     8.4289    256.841    9.90473  301.81078     85.100 0.0000e+00
   40.54952  -72.45214     39.056     38.751     6.5534    32.5746      7.851     0.0551 1.0128e-12  1025.7470     6.5501    25.5675     8.4289    256.840    9.90478  301.81215     85.099 -9.990e-29
   40.54952  -72.45214     39.061     38.756     6.5532    32.5746      7.855     0.0551 1.0128e-12  1025.7473     6.5498    25.5675     8.4288    256.837    9.90480  301.81267     85.098 -9.990e-29
   40.54952  -72.45214     39.035     38.730     6.5532    32.5747      7.851     0.0551 1.0128e-12  1025.7471     6.5499    25.5676     8.4286    256.831    9.90472  301.81032     85.097 0.0000e+00
   40.54952  -72.45214     39.031     38.726     6.5531    32.5747      7.855     0.0551 1.0128e-12  1025.7474     6.5497    25.5676     8.4296    256.861    9.90478  301.81224     85.106 0.0000e+00
   40.54952  -72.45214     39.025     38.721     6.5530    32.5747 -9.990e-29     0.0551 1.0128e-12  1025.7473     6.5497    25.5676     8.4295    256.859    9.90479  301.81260     85.106 -9.990e-29
   40.54952  -72.45214     39.025     38.721     6.5535    32.5746 -9.990e-29     0.0551 1.0128e-12  1025.7469     6.5502    25.5675     8.4295    256.858    9.90479  301.81244     85.105 -9.990e-29
   40.54952  -72.45214     39.021     38.717     6.5534    32.5746 -9.990e-29     0.0551 1.0128e-12  1025.7469     6.5501    25.5675     8.4294    256.855    9.90478  301.81217     85.104 -9.990e-29
   40.54952  -72.45214     39.025     38.721     6.5532    32.5745 -9.990e-29     0.0551 1.0128e-12  1025.7473     6.5498    25.5675     8.4293    256.851    9.90470  301.80977     85.104 -9.990e-29
   40.54952  -72.45214     39.001     38.696     6.5534    32.5745 -9.990e-29     0.0551 1.0128e-12  1025.7471     6.5501    25.5675     8.4228    256.654    9.90475  301.81106     85.038 -9.990e-29
   40.54952  -72.45214     39.005     38.700     6.5532    32.5746 -9.990e-29     0.0551 1.0128e-12  1025.7469     6.5499    25.5674     8.4283    256.820    9.90475  301.81126     85.093 -9.990e-29
   40.54952  -72.45214     38.995     38.691     6.5534    32.5746 -9.990e-29     0.0551 1.0128e-12  1025.7466     6.5500    25.5674     8.4282    256.818    9.90468  301.80923     85.093 0.0000e+00
   40.54952  -72.45214     38.990     38.685     6.5531    32.5745 -9.990e-29     0.0551 1.0128e-12  1025.7472     6.5497    25.5676     8.4218    256.623    9.90477  301.81189     85.027 0.0000e+00
   40.54952  -72.45214     38.965     38.661     6.5530    32.5746 -9.990e-29     0.0551 1.0128e-12  1025.7469     6.5497    25.5676     8.4208    256.594    9.90477  301.81180     85.018 -9.990e-29
   40.54952  -72.45214     38.965     38.661     6.5534    32.5746 -9.990e-29     0.0551 1.0128e-12  1025.7466     6.5501    25.5675     8.4209    256.597    9.90476  301.81140     85.019 -9.990e-29
   40.54952  -72.45214     38.950     38.646     6.5532    32.5746 -9.990e-29     0.0551 1.0128e-12  1025.7468     6.5499    25.5676     8.4205    256.586    9.90525  301.82855     85.010 0.0000e+00
   40.54952  -72.45214     38.944     38.640     6.5530    32.5747 -9.990e-29     0.0551 1.0128e-12  1025.7468     6.5497    25.5676     8.4264    256.768    9.90561  301.84079     85.067 0.0000e+00
   40.54952  -72.45214     38.938     38.635     6.5532    32.5748 -9.990e-29     0.0551 1.0128e-12  1025.7469     6.5499    25.5677     8.4196    256.558    9.90496  301.81847     85.004 0.0000e+00
   40.54952  -72.45214     38.923     38.620     6.5529    32.5748 -9.990e-29     0.0551 1.0128e-12  1025.7470     6.5496    25.5678     8.4187    256.528    9.90470  301.80981     84.997 0.0000e+00
   40.54952  -72.45214     38.914     38.610     6.5532    32.5748 -9.990e-29     0.0416 1.0128e-12  1025.7468     6.5498    25.5677     8.4180    256.507    9.90472  301.81047     84.989 -9.990e-29
   40.54952  -72.45214     38.919     38.615     6.5532    32.5747 -9.990e-29     0.0416 1.0128e-12  1025.7467     6.5499    25.5676     8.4173    256.486    9.90472  301.81034     84.982 -9.990e-29
   40.54952  -72.45214     38.903     38.599     6.5532    32.5746 -9.990e-29     0.0416 1.0128e-12  1025.7466     6.5499    25.5676     8.4167    256.468    9.90477  301.81172     84.976 -9.990e-29
   40.54952  -72.45214     38.903     38.599     6.5530    32.5746 -9.990e-29     0.0416 1.0128e-12  1025.7466     6.5497    25.5676     8.4161    256.450    9.90478  301.81206     84.970 -9.990e-29
   40.54952  -72.45214     38.878     38.574     6.5532    32.5746 -9.990e-29     0.0416 1.0128e-12  1025.7464     6.5499    25.5676     8.4155    256.432    9.90474  301.81108     84.964 -9.990e-29
   40.54952  -72.45214     38.882     38.578     6.5532    32.5746 -9.990e-29     0.0416 1.0128e-12  1025.7466     6.5499    25.5676     8.4215    256.613    9.90476  301.81160     85.024 -9.990e-29
