CalculateIndicators/WaterTemperature/Data/CTD_NYOS/20230517_C23A.cnv
* Sea-Bird SBE 9 Data File:
* FileName = C:\Seabird 9 CTD\Data\2023\202305_offshore\20230517_C25A.hex
* Software Version Seasave V 7.23.2
* Temperature SN = 4590
* Conductivity SN = 3228
* Number of Bytes Per Scan = 44
* Number of Voltage Words = 5
* Number of Scans Averaged by the Deck Unit = 1
* NMEA Latitude = 39 44.02 N
* NMEA Longitude = 071 25.33 W
* NMEA UTC (Time) = May 18 2023  04:38:35
* NMEA baud rate = 4800
** Ship: Seawolf
** Station: 11.7
** Operator: TDK
# nquan = 18
# nvalues = 203                         
# units = specified
# name 0 = latitude: Latitude [deg]
# name 1 = longitude: Longitude [deg]
# name 2 = prDM: Pressure, Digiquartz [db]
# name 3 = depSM: Depth [salt water, m]
# name 4 = t090C: Temperature [ITS-90, deg C]
# name 5 = sal00: Salinity, Practical [PSU]
# name 6 = ph: pH
# name 7 = flECO-AFL: Fluorescence, WET Labs ECO-AFL/FL [mg/m^3]
# name 8 = cpar: CPAR/Corrected Irradiance [%]
# name 9 = density00: Density [density, kg/m^3]
# name 10 = potemp090C: Potential Temperature [ITS-90, deg C]
# name 11 = sigma-100: Density [sigma-1, kg/m^3 ]
# name 12 = sbeox0Mg/L: Oxygen, SBE 43 [mg/l]
# name 13 = sbox0Mm/Kg: Oxygen, SBE 43 [umol/kg]
# name 14 = oxsolMg/L: Oxygen Saturation, Garcia & Gordon [mg/l]
# name 15 = oxsolMm/Kg: Oxygen Saturation, Garcia & Gordon [umol/kg]
# name 16 = sbeox0PS: Oxygen, SBE 43 [% saturation]
# name 17 = flag: flag
# span 0 =   39.73320,   39.73379       
# span 1 =  -71.42488,  -71.42222       
# span 2 =      2.000,    103.000       
# span 3 =      1.985,    102.188       
# span 4 =    12.8739,    14.4494       
# span 5 =    33.5994,    35.2491       
# span 6 =      8.009,      8.144       
# span 7 =    -0.0891,     0.9530       
# span 8 = -4.422e+04, 1.0332e+05       
# span 9 =  1025.2342,  1027.0086       
# span 10 =    12.8615,    14.4476      
# span 11 =    29.6205,    30.9444      
# span 12 =     6.7559,     8.6597      
# span 13 =    205.665,    263.961      
# span 14 =    8.27387,    8.48488      
# span 15 =  252.17278,  258.30801      
# span 16 =     80.023,    102.362      
# span 17 = 0.0000e+00, 0.0000e+00      
# interval = decibars: 1                
# start_time = May 18 2023 04:38:37 [System UTC, first data scan.]
# bad_flag = -9.990e-29
*END*
[from data line 81]
   39.73362  -71.42283     83.000     82.350    12.9591    35.1067      8.024    -0.0232 5.0640e-11  1026.8546    12.9477    30.8800     7.0435    214.433    8.47247  257.93667     83.134 0.0000e+00
   39.73362  -71.42285     84.000     83.341    12.9574    35.1062      8.024    -0.0327 5.0640e-11  1026.8590    12.9459    30.8800     7.0460    214.509    8.47269  257.94336     83.161 0.0000e+00
   39.73362  -71.42282     85.000     84.333    12.9553    35.1062      8.024    -0.0526 5.0640e-11  1026.8638    12.9437    30.8805     7.0580    214.874    8.47841  258.11622     83.247 0.0000e+00
   39.73362  -71.42284     86.000     85.325    12.9402    35.1045      8.023    -0.0524 5.0640e-11  1026.8701    12.9284    30.8825     7.0521    214.693    8.48245  258.23757     83.138 0.0000e+00
   39.73362  -71.42291     87.000     86.317    12.9130    35.1048      8.019    -0.0488 5.0640e-11  1026.8803    12.9011    30.8888     7.0252    213.874    8.48350  258.26865     82.811 0.0000e+00
   39.73362  -71.42284     88.000     87.309    12.8983    35.1070      8.019    -0.0406 5.0640e-11  1026.8894    12.8863    30.8937     6.9955    212.967    8.48462  258.30188     82.449 0.0000e+00
   39.73362  -71.42285     89.000     88.301    12.8888    35.1119      8.017    -0.0555 5.0640e-11  1026.8996    12.8766    30.8996     6.9600    211.886    8.48488  258.30801     82.028 0.0000e+00
   39.73362  -71.42286     90.000     89.293    12.8841    35.1207      8.014    -0.0521 5.0640e-11  1026.9118    12.8718    30.9074     6.9188    210.630    8.48385  258.27382     81.553 0.0000e+00
   39.73361  -71.42291     91.000     90.285    12.8739    35.1260      8.014    -0.0666 5.0640e-11  1026.9224    12.8615    30.9137     6.8967    209.955    8.47994  258.15328     81.330 0.0000e+00
   39.73361  -71.42291     92.000     91.277    12.8882    35.1354 -9.990e-29    -0.0699 5.0640e-11  1026.9313    12.8756    30.9179     6.8800    209.446    8.47797  258.09320     81.151 0.0000e+00
   39.73362  -71.42289     93.000     92.269    12.9055    35.1476 -9.990e-29    -0.0752 5.0640e-11  1026.9417    12.8928    30.9235     6.8632    208.935    8.47584  258.02772     80.974 0.0000e+00
   39.73361  -71.42293     94.000     93.261    12.9301    35.1591      8.010    -0.0778 5.0640e-11  1026.9501    12.9173    30.9269     6.8339    208.042    8.46432  257.67610     80.738 0.0000e+00
   39.73362  -71.42291     95.000     94.253    12.9774    35.1758      8.009    -0.0780 5.0640e-11  1026.9580    12.9643    30.9294     6.8202    207.625    8.45977  257.53585     80.620 0.0000e+00
   39.73362  -71.42292     96.000     95.245    12.9846    35.1764      8.009    -0.0891 5.0640e-11  1026.9614    12.9715    30.9283     6.8046    207.148    8.45299  257.32966     80.499 0.0000e+00
   39.73362  -71.42292     97.000     96.236    13.0189    35.1993      8.009    -0.0792 5.0640e-11  1026.9767    13.0056    30.9384     6.8097    207.305    8.45275  257.32234     80.562 0.0000e+00
   39.73362  -71.42294     98.000     97.228    13.0415    35.1998      8.009    -0.0731 -9.990e-29  1026.9769    13.0280    30.9338     6.8013    207.048    8.44681  257.14058     80.519 0.0000e+00
   39.73362  -71.42296     99.000     98.220    13.0764    35.2196      8.009    -0.0636 9.9999e+04  1026.9896    13.0628    30.9413     6.8090    207.280    8.43547  256.79424     80.718 0.0000e+00
   39.73361  -71.42299    100.000     99.212    13.1107    35.2295      8.009    -0.0703 9.9999e+04  1026.9948    13.0969    30.9414     6.7737    206.206    8.43557  256.79745     80.299 0.0000e+00
   39.73359  -71.42301    101.000    100.204    13.1389    35.2390      8.009    -0.0867 9.9999e+04  1027.0007    13.1249    30.9424     6.7599    205.785    8.42814  256.56998     80.206 0.0000e+00
   39.73361  -71.42299    102.000    101.196    13.1594    35.2459      8.009    -0.0773 5.2485e+04  1027.0063    13.1452    30.9432     6.7631    205.883    8.43000  256.62714     80.226 0.0000e+00
   39.73358  -71.42305    103.000    102.188    13.1546    35.2422 -9.990e-29    -0.0449 -4.422e+04  1027.0086    13.1403    30.9410     6.7677    206.023    8.43829  256.88003     80.202 0.0000e+00
   39.73360  -71.42304    102.000    101.196    13.1468    35.2404      8.009    -0.0867 5.0640e-11  1027.0046    13.1327    30.9418     6.7715    206.138    8.43479  256.77289     80.280 0.0000e+00
   39.73356  -71.42323    101.000    100.204    13.1649    35.2491      8.009    -0.0665 1.1826e+04  1027.0033    13.1509    30.9444     6.7559    205.665    8.43735  256.85148     80.072 0.0000e+00
   39.73356 -9.990e-29    100.000     99.212    13.1387    35.2399      8.009    -0.0608 5.6546e+02  1026.9971    13.1248    30.9432     6.7568    205.693    8.44358  257.04173     80.023 0.0000e+00
   39.73354  -71.42333     99.000     98.220    13.0804    35.2146      8.009    -0.0772 5.0640e-11  1026.9847    13.0667    30.9365     6.7628    205.874    8.44515  257.08977     80.079 0.0000e+00
   39.73354  -71.42330     98.000     97.228    13.0758    35.2137      8.009    -0.0819 5.0640e-11  1026.9805    13.0623    30.9368     6.7759    206.275    8.44525  257.09324     80.233 0.0000e+00
   39.73352  -71.42334     97.000     96.237    13.0827    35.2165      8.009    -0.0650 5.0640e-11  1026.9769    13.0694    30.9375     6.7901    206.708    8.44880  257.20157     80.368 0.0000e+00
   39.73353  -71.42333     96.000     95.245    13.0711    35.2102      8.009    -0.0683 5.0640e-11  1026.9700    13.0579    30.9352     6.7899    206.701    8.45097  257.26790     80.345 0.0000e+00
   39.73353  -71.42334     95.000     94.253    13.0531    35.2049      8.009    -0.0875 5.0640e-11  1026.9651    13.0401    30.9351     6.7971    206.922    8.46199  257.60518     80.325 0.0000e+00
   39.73352  -71.42337     94.000     93.261    13.0257    35.1897      8.009    -0.0778 5.0640e-11  1026.9544    13.0128    30.9293     6.7982    206.956    8.46742  257.77053     80.287 0.0000e+00
   39.73353  -71.42337     93.000     92.269    12.9811    35.1757      8.009    -0.0729 5.0640e-11  1026.9482    12.9683    30.9284     6.8004    207.022    8.46993  257.84801     80.288 0.0000e+00
   39.73354  -71.42334     92.000     91.277    12.9666    35.1698      8.009    -0.0837 5.0640e-11  1026.9421    12.9540    30.9271     6.8526    208.614    8.47949  258.14290     80.813 0.0000e+00
   39.73352  -71.42340     91.000     90.285    12.9521    35.1571      8.010    -0.0735 5.0640e-11  1026.9307    12.9396    30.9205     6.8503    208.547    8.48019  258.16563     80.780 0.0000e+00
   39.73353  -71.42336     90.000     89.293    12.9178    35.1401      8.010    -0.0715 5.0640e-11  1026.9201    12.9055    30.9150     6.8604    208.855    8.48096  258.18944     80.892 0.0000e+00
   39.73353  -71.42336     89.000     88.301    12.9077    35.1262      8.010    -0.0774 5.0640e-11  1026.9069    12.8956    30.9065     6.9124    210.437    8.48213  258.22592     81.493 0.0000e+00
   39.73354  -71.42336     88.000     87.309    12.8990    35.1136 -9.990e-29    -0.0527 5.0640e-11  1026.8944    12.8870    30.8986     6.9600    211.890    8.48257  258.24139     82.051 0.0000e+00
   39.73354  -71.42338     87.000     86.317    12.8932    35.1080 -9.990e-29    -0.0730 5.0640e-11  1026.8867    12.8813    30.8956     6.9708    212.219    8.48031  258.17333     82.200 0.0000e+00
   39.73353  -71.42340     86.000     85.325    12.9043    35.1055 -9.990e-29    -0.0519 5.0640e-11  1026.8780    12.8926    30.8912     6.9935    212.909    8.47918  258.13936     82.479 0.0000e+00
   39.73353  -71.42341     85.000     84.333    12.9177    35.1053 -9.990e-29    -0.0381 5.0640e-11  1026.8708    12.9061    30.8881     7.0029    213.196    8.47828  258.11193     82.598 0.0000e+00
   39.73352  -71.42342     84.000     83.341    12.9237    35.1059      8.019    -0.0480 5.0640e-11  1026.8656    12.9122    30.8872     7.0082    213.357    8.47513  258.01683     82.691 0.0000e+00
   39.73352  -71.42345     83.000     82.350    12.9394    35.1065      8.019    -0.0509 5.0640e-11  1026.8584    12.9280    30.8841     7.0235    213.824    8.47048  257.87652     82.917 0.0000e+00
   39.73353  -71.42341     82.000     81.357    12.9489    35.1071      8.019    -0.0342 5.0640e-11  1026.8525    12.9377    30.8825     7.0263    213.911    8.45952  257.54489     83.058 0.0000e+00
   39.73351  -71.42345     81.000     80.366    12.9867    35.1092      8.021    -0.0430 5.0640e-11  1026.8420    12.9756    30.8758     7.0547    214.776    8.45475  257.40070     83.440 0.0000e+00
   39.73353  -71.42345     80.000     79.374    13.0662    35.1226      8.027    -0.0255 5.0640e-11  1026.8320    13.0552    30.8686     7.1002    216.164    8.44015  256.95840     84.124 0.0000e+00
   39.73348  -71.42364     79.000     78.381    13.1256    35.1292      8.028    -0.0136 5.0640e-11  1026.8203    13.1147    30.8603     7.1275    216.998    8.44021  256.96238     84.447 0.0000e+00
   39.73344  -71.42372     78.000     77.390    13.1635    35.1280      8.029    -0.0112 5.0640e-11  1026.8073    13.1527    30.8511     7.1355    217.241    8.44157  257.00476     84.528 0.0000e+00
   39.73345  -71.42370     77.000     76.398    13.1442    35.1108      8.032    -0.0011 5.0640e-11  1026.7933    13.1335    30.8420     7.1761    218.476    8.44391  257.07703     84.985 0.0000e+00
   39.73345  -71.42370     76.000     75.406    13.1220    35.0981 -9.990e-29     0.0024 5.0640e-11  1026.7835    13.1115    30.8371     7.1952    219.063    8.44511  257.11567     85.200 0.0000e+00
   39.73345  -71.42372     75.000     74.414    13.1182    35.0917 -9.990e-29    -0.0100 5.0640e-11  1026.7750    13.1079    30.8331     7.2027    219.290    8.44460  257.10244     85.293 0.0000e+00
   39.73346  -71.42369     74.000     73.422    13.1219    35.0854 -9.990e-29     0.0302 5.0640e-11  1026.7648    13.1117    30.8274     7.2285    220.077    8.44444  257.09850     85.600 0.0000e+00
   39.73345  -71.42372     73.000     72.430    13.1288    35.0731 -9.990e-29     0.0434 5.0640e-11  1026.7495    13.1187    30.8164     7.2684    221.295    8.44488  257.11315     86.069 0.0000e+00
   39.73345  -71.42373     72.000     71.438    13.1285    35.0665 -9.990e-29     0.0502 5.0640e-11  1026.7400    13.1186    30.8114     7.2848    221.794    8.44569  257.13928     86.255 0.0000e+00
   39.73346  -71.42371     71.000     70.446    13.1263    35.0604      8.037     0.0474 5.0640e-11  1026.7313    13.1165    30.8072     7.2707    221.368    8.44555  257.13665     86.090 0.0000e+00
   39.73346  -71.42372     70.000     69.453    13.1283    35.0520      8.039     0.0655 5.0640e-11  1026.7198    13.1186    30.8002     7.3120    222.624    8.44547  257.13500     86.579 0.0000e+00
   39.73345  -71.42374     69.000     68.461    13.1297    35.0497      8.042     0.0684 5.0640e-11  1026.7134    13.1202    30.7981     7.3319    223.230    8.44493  257.11987     86.820 0.0000e+00
   39.73346  -71.42373     68.000     67.469    13.1345    35.0426      8.042     0.0801 5.0640e-11  1026.7024    13.1251    30.7916     7.3648    224.236    8.44670  257.17604     87.191 0.0000e+00
   39.73346  -71.42373     67.000     66.478    13.1370    35.0325      8.044     0.0814 5.0640e-11  1026.6896    13.1277    30.7832     7.3986    225.268    8.45969  257.57510     87.457 0.0000e+00
   39.73346  -71.42374     66.000     65.485    13.1163    35.0166      8.046     0.0923 5.0640e-11  1026.6770    13.1072    30.7755     7.4173    225.837    8.46505  257.73907     87.622 0.0000e+00
   39.73346  -71.42374     65.000     64.493    13.0627    34.9923 -9.990e-29     0.1209 3.0484e+04  1026.6647    13.0537    30.7687     7.4385    226.485    8.46536  257.74891     87.870 0.0000e+00
   39.73343  -71.42378     64.000     63.501    13.0367    34.9793 -9.990e-29     0.1358 1.0332e+05  1026.6554    13.0279    30.7645     7.4458    226.708    8.46273  257.66980     87.984 0.0000e+00
   39.73346  -71.42375     63.000     62.509    13.0451    34.9786      8.047     0.1516 9.9999e+04  1026.6487    13.0365    30.7620     7.4535    226.941    8.46031  257.59746     88.099 0.0000e+00
   39.73343  -71.42379     62.000     61.517    13.0618    34.9777      8.048     0.1531 9.9999e+04  1026.6401    13.0533    30.7576     7.4734    227.550    8.45841  257.54096     88.355 0.0000e+00
   39.73344  -71.42379     61.000     60.525    13.0776    34.9735      8.051     0.1754 9.9999e+04  1026.6292    13.0693    30.7508     7.5132    228.765    8.45712  257.50373     88.839 0.0000e+00
   39.73342  -71.42382     60.000     59.533    13.0832    34.9672      8.051     0.1746 9.0676e+04  1026.6188    13.0749    30.7448     7.5229    229.060    8.45637  257.48204     88.961 0.0000e+00
   39.73338  -71.42399     59.000     58.541    13.1060    34.9562      8.056     0.2274 4.9120e+03  1026.6012    13.0979    30.7313     7.5684    230.450    8.44849  257.24603     89.584 0.0000e+00
   39.73337  -71.42402     58.000     57.549    13.1581    34.9527      8.060     0.3041 5.0640e-11  1026.5834    13.1501    30.7170     7.6339    232.444    8.43977  256.98283     90.451 0.0000e+00
   39.73338  -71.42400     57.000     56.557    13.1859    34.9539      8.062     0.3289 5.0640e-11  1026.5741    13.1780    30.7117     7.6547    233.079    8.43438  256.81989     90.756 0.0000e+00
   39.73338  -71.42402     56.000     55.565    13.1998    34.9536      8.064     0.3579 5.0640e-11  1026.5667    13.1920    30.7084     7.6716    233.594    8.42916  256.66174     91.012 0.0000e+00
   39.73337  -71.42404     55.000     54.573    13.2336    34.9558      8.065     0.3655 5.0640e-11  1026.5569    13.2260    30.7024     7.6749    233.696    8.41766  256.31245     91.176 0.0000e+00
   39.73338  -71.42402     54.000     53.581    13.2897    34.9657      8.066     0.4154 5.0640e-11  1026.5487    13.2822    30.6976     7.6811    233.891    8.38902  255.44756     91.561 0.0000e+00
   39.73338  -71.42404     53.000     52.588    13.4538    34.9788      8.072     0.4570 5.0640e-11  1026.5207    13.4464    30.6710     7.8111    237.852    8.38127  255.21306     93.197 0.0000e+00
   39.73337  -71.42408     52.000     51.596    13.5297    34.9809      8.081     0.5301 -9.990e-29  1026.5023    13.5224    30.6556     7.8726    239.727    8.36676  254.77588     94.093 0.0000e+00
   39.73337  -71.42406     51.000     50.604    13.5758    34.9813      8.085     0.5637 -9.990e-29  1026.4883    13.5686    30.6452     7.8872    240.180    8.35428  254.40449     94.409 0.0000e+00
   39.73336  -71.42410     50.000     49.612    13.6413    34.9739      8.088     0.6005 -9.990e-29  1026.4648    13.6342    30.6249     7.9600    242.402    8.34959  254.26677     95.334 0.0000e+00
   39.73336  -71.42410     49.000     48.620    13.6978    34.9526      8.095     0.6907 -9.990e-29  1026.4320    13.6909    30.5957     8.0840    246.180    8.34955  254.26731     96.819 0.0000e+00
 -9.990e-29 -9.990e-29     48.000     47.628    13.7274    34.9304      8.105     0.8731 -9.990e-29  1026.4043    13.7206    30.5720     8.2013    249.754    8.34700  254.19139     98.254 0.0000e+00
   39.73338  -71.42406     47.000     46.636    13.7469    34.9258      8.108     0.9530 5.0640e-11  1026.3921    13.7402    30.5639     8.2315    250.681    8.33489  253.82820     98.760 0.0000e+00
   39.73338  -71.42406     46.000     45.644    13.7597    34.9247      8.109     0.9349 5.0640e-11  1026.3842    13.7532    30.5602     8.2599    251.547    8.32822  253.62936     99.179 0.0000e+00
   39.73338  -71.42408     45.000     44.651    13.8264    34.9139      8.114     0.8711 5.0640e-11  1026.3574    13.8199    30.5367     8.3204    253.393    8.32752  253.61021     99.914 0.0000e+00
