CalculateIndicators/WaterTemperature/Data/CTD_NYOS/20231003_C04.cnv
* Sea-Bird SBE 9 Data File:
* FileName = C:\Seabird 9 CTD\Data\2023\202309_offshore\20231003_C04.hex
* Software Version Seasave V 7.23.2
* Temperature SN = 4590
* Conductivity SN = 3228
* Number of Bytes Per Scan = 44
* Number of Voltage Words = 5
* Number of Scans Averaged by the Deck Unit = 1
* NMEA Latitude = 40 04.65 N
* NMEA Longitude = 073 04.76 W
* NMEA UTC (Time) = Oct 03 2023  12:09:57
* NMEA baud rate = 4800
** Ship: seawolf
** Station: 8.3
** Operator: TDK
# nquan = 18
# nvalues = 12579                       
# units = specified
# name 0 = latitude: Latitude [deg]
# name 1 = longitude: Longitude [deg]
# name 2 = prDM: Pressure, Digiquartz [db]
# name 3 = depSM: Depth [salt water, m]
# name 4 = t090C: Temperature [ITS-90, deg C]
# name 5 = sal00: Salinity, Practical [PSU]
# name 6 = ph: pH
# name 7 = flECO-AFL: Fluorescence, WET Labs ECO-AFL/FL [mg/m^3]
# name 8 = cpar: CPAR/Corrected Irradiance [%]
# name 9 = density00: Density [density, kg/m^3]
# name 10 = potemp090C: Potential Temperature [ITS-90, deg C]
# name 11 = sigma-é00: Density [sigma-theta, kg/m^3]
# name 12 = sbeox0Mg/L: Oxygen, SBE 43 [mg/l]
# name 13 = sbox0Mm/Kg: Oxygen, SBE 43 [umol/kg]
# name 14 = oxsolMg/L: Oxygen Saturation, Garcia & Gordon [mg/l]
# name 15 = oxsolMm/Kg: Oxygen Saturation, Garcia & Gordon [umol/kg]
# name 16 = sbeox0PS: Oxygen, SBE 43 [% saturation]
# name 17 = flag:  0.000e+00
# span 0 =   40.07734,   40.07752       
# span 1 =  -73.08164,  -73.07942       
# span 2 =      1.920,     38.850       
# span 3 =      1.906,     38.549       
# span 4 =    17.2696,    17.9045       
# span 5 =    31.9694,    32.3193       
# span 6 =      7.966,      7.997       
# span 7 =     0.0551,     0.7669       
# span 8 = 7.6245e-02, 4.6977e+00       
# span 9 =  1023.0662,  1023.5014       
# span 10 =    17.2642,    17.9042      
# span 11 =    23.0585,    23.3285      
# span 12 =     6.8947,     7.3540      
# span 13 =    210.564,    224.633      
# span 14 =    7.82554,    7.92440      
# span 15 =  239.03840,  242.03571      
# span 16 =     87.370,     93.963      
# span 17 = 0.0000e+00, 0.0000e+00      
# interval = seconds: 0.0416667
# start_time = Oct 03 2023 12:09:59 [System UTC, first data scan.]
# bad_flag = -9.990e-29
*END*
[from data line 7076]
   40.07742  -73.08068     18.527     18.385    17.5921    32.0265      7.988     0.2431 9.9466e-01  1023.1752    17.5891    23.0947     7.3006    222.994    7.87398  240.50911     92.717 0.0000e+00
   40.07742  -73.08068     18.507     18.364    17.5887    32.0257      7.988     0.2565 9.9029e-01  1023.1754    17.5856    23.0947     7.2952    222.831    7.87406  240.51199     92.649 -9.990e-29
   40.07742  -73.08068     18.507     18.364    17.5855    32.0257      7.988     0.2565 9.9029e-01  1023.1762    17.5825    23.0952     7.2990    222.946    7.87421  240.51629     92.695 -9.990e-29
   40.07742  -73.08068     18.486     18.344    17.5828    32.0257      7.988     0.2565 9.8749e-01  1023.1765    17.5797    23.0963     7.2936    222.782    7.87424  240.51711     92.626 0.0000e+00
   40.07742  -73.08068     18.477     18.334    17.5797    32.0276      7.988     0.2431 9.8749e-01  1023.1787    17.5766    23.0984     7.2930    222.762    7.87417  240.51415     92.619 0.0000e+00
   40.07742  -73.08068     18.456     18.314    17.5776    32.0311      7.989     0.2565 9.8470e-01  1023.1821    17.5746    23.1016     7.2918    222.725    7.87398  240.50760     92.606 0.0000e+00
   40.07742  -73.08068     18.446     18.304    17.5762    32.0357      7.989     0.2565 9.8470e-01  1023.1858    17.5732    23.1054     7.2904    222.683    7.87352  240.49308     92.594 0.0000e+00
   40.07742  -73.08068     18.416     18.274    17.5759    32.0406      7.989     0.2834 9.8470e-01  1023.1909    17.5728    23.1091     7.2847    222.506    7.87289  240.47369     92.528 -9.990e-29
   40.07742  -73.08068     18.435     18.293    17.5776    32.0406      7.989     0.3103 9.8749e-01  1023.1939    17.5746    23.1107     7.2879    222.605    7.87220  240.45241     92.578 -9.990e-29
   40.07742  -73.08068     18.395     18.253    17.5812    32.0406      7.988     0.3237 9.8749e-01  1023.1903    17.5782    23.1087     7.2863    222.558    7.87139  240.42764     92.567 0.0000e+00
   40.07742  -73.08068     18.386     18.244    17.5830    32.0365      7.988     0.3237 9.9029e-01  1023.1842    17.5800    23.1048     7.2802    222.371    7.87067  240.40584     92.498 0.0000e+00
   40.07742  -73.08068     18.375     18.233    17.5821    32.0328      7.988     0.3237 9.9309e-01  1023.1813    17.5791    23.1020     7.2789    222.332    7.87003  240.38684     92.489 0.0000e+00
   40.07742  -73.08068     18.344     18.203    17.5807    32.0328      7.988     0.3103 9.9590e-01  1023.1810    17.5777    23.1011     7.2825    222.440    7.86942  240.36826     92.541 0.0000e+00
   40.07742  -73.08068     18.335     18.193    17.5797    32.0328      7.988     0.3237 1.0015e+00  1023.1811    17.5767    23.1015     7.2771    222.276    7.86882  240.35028     92.480 0.0000e+00
   40.07742  -73.08068     18.314     18.173    17.5786    32.0333      7.989     0.3237 1.0044e+00  1023.1823    17.5756    23.1031     7.2808    222.388    7.86824  240.33237     92.533 0.0000e+00
   40.07742  -73.08068     18.293     18.152    17.5780    32.0368      7.989     0.3237 1.0072e+00  1023.1859    17.5750    23.1059     7.2755    222.229    7.86761  240.31352     92.474 0.0000e+00
   40.07742  -73.08068     18.284     18.143    17.5779    32.0404      7.989     0.3237 1.0044e+00  1023.1898    17.5749    23.1087     7.2701    222.063    7.86721  240.30173     92.410 0.0000e+00
   40.07742  -73.08068     18.254     18.113    17.5783    32.0424      7.989     0.3237 1.0003e+00  1023.1908    17.5753    23.1101     7.2739    222.180    7.86700  240.29612     92.461 0.0000e+00
   40.07742  -73.08068     18.233     18.092    17.5792    32.0431      7.989     0.3237 9.9747e-01  1023.1897    17.5762    23.1105     7.2734    222.166    7.86670  240.28679     92.459 0.0000e+00
   40.07742  -73.08068     18.222     18.081    17.5799    32.0445      7.988     0.3103 9.9747e-01  1023.1905    17.5768    23.1112     7.2725    222.137    7.86630  240.27456     92.451 0.0000e+00
   40.07742  -73.08068     18.192     18.051    17.5830    32.0458      7.988     0.3237 9.9466e-01  1023.1929    17.5800    23.1121     7.2675    221.984    7.86603  240.26652     92.391 0.0000e+00
   40.07742  -73.08068     18.172     18.032    17.5881    32.0458      7.988     0.3237 9.9342e-01  1023.1922    17.5851    23.1118     7.2670    221.971    7.86596  240.26493     92.386 0.0000e+00
   40.07742  -73.08068     18.161     18.021    17.5924    32.0458      7.988     0.3237 9.9342e-01  1023.1899    17.5894    23.1096     7.2665    221.954    7.86619  240.27289     92.376 0.0000e+00
   40.07742  -73.08068     18.131     17.991    17.5956    32.0418      7.988     0.3237 9.9623e-01  1023.1857    17.5926    23.1058     7.2709    222.091    7.86667  240.28795     92.427 0.0000e+00
   40.07742  -73.08068     18.110     17.971    17.5966    32.0366 -9.990e-29     0.3103 9.9623e-01  1023.1801    17.5937    23.1016     7.2669    221.967    7.86706  240.29962     92.371 0.0000e+00
   40.07742  -73.08068     18.080     17.941    17.5957    32.0329 -9.990e-29     0.3237 9.9905e-01  1023.1765    17.5928    23.0986     7.2663    221.948    7.86702  240.29760     92.364 0.0000e+00
   40.07742  -73.08068     18.071     17.931    17.5943    32.0329 -9.990e-29     0.3237 1.0006e+00  1023.1753    17.5913    23.0978     7.2706    222.080    7.86662  240.28422     92.424 0.0000e+00
   40.07742  -73.08068     18.040     17.901    17.5925    32.0329 -9.990e-29     0.3237 1.0006e+00  1023.1776    17.5895    23.0994     7.2658    221.931    7.86593  240.26247     92.370 0.0000e+00
   40.07742  -73.08068     18.020     17.881    17.5918    32.0370 -9.990e-29     0.3103 1.0006e+00  1023.1813    17.5888    23.1026     7.2696    222.048    7.86532  240.24393     92.426 0.0000e+00
   40.07742  -73.08068     17.989     17.851    17.5925    32.0414 -9.990e-29     0.3237 1.0035e+00  1023.1858    17.5895    23.1059     7.2693    222.038    7.86478  240.22706     92.429 0.0000e+00
   40.07742  -73.08068     17.969     17.830    17.5957    32.0429 -9.990e-29     0.3237 1.0022e+00  1023.1870    17.5928    23.1075     7.2690    222.029    7.86414  240.20801     92.432 0.0000e+00
   40.07742  -73.08068     17.938     17.800    17.5992    32.0429 -9.990e-29     0.3237 1.0022e+00  1023.1867    17.5962    23.1070     7.2642    221.882    7.86371  240.19513     92.376 0.0000e+00
   40.07742  -73.08068     17.929     17.790    17.6034    32.0429 -9.990e-29     0.3237 1.0022e+00  1023.1842    17.6004    23.1048     7.2638    221.870    7.86335  240.18413     92.375 0.0000e+00
   40.07742  -73.08068     17.887     17.750    17.6061    32.0391 -9.990e-29     0.3371 1.0010e+00  1023.1789    17.6032    23.1014     7.2682    222.006    7.86304  240.17516     92.435 0.0000e+00
   40.07742  -73.08068     17.867     17.729    17.6053    32.0359 -9.990e-29     0.3371 1.0010e+00  1023.1757    17.6023    23.0990     7.2690    222.031    7.86288  240.17034     92.447 0.0000e+00
   40.07742  -73.08068     17.837     17.699    17.6026    32.0359 -9.990e-29     0.3371 9.9973e-01  1023.1764    17.5996    23.0986     7.2694    222.042    7.86263  240.16291     92.455 0.0000e+00
   40.07742  -73.08068     17.816     17.679    17.6011    32.0359 -9.990e-29     0.3371 9.9691e-01  1023.1773    17.5982    23.0993     7.2699    222.057    7.86246  240.15803     92.463 0.0000e+00
   40.07742  -73.08068     17.786     17.648    17.5999    32.0362 -9.990e-29     0.3371 9.9850e-01  1023.1779    17.5970    23.1002     7.2659    221.936    7.86244  240.15793     92.412 0.0000e+00
   40.07742  -73.08068     17.766     17.629    17.5989    32.0371 -9.990e-29     0.3371 9.9568e-01  1023.1791    17.5959    23.1011     7.2714    222.104    7.86246  240.15872     92.482 0.0000e+00
   40.07742  -73.08068     17.725     17.588    17.5985    32.0381 -9.990e-29     0.3237 9.9568e-01  1023.1796    17.5955    23.1020     7.2723    222.132    7.86252  240.16070     92.493 0.0000e+00
   40.07742  -73.08068     17.704     17.568    17.5982    32.0386 -9.990e-29     0.3237 9.9568e-01  1023.1805    17.5953    23.1027     7.2686    222.021    7.86269  240.16591     92.445 0.0000e+00
   40.07742  -73.08068     17.685     17.549    17.5987    32.0386 -9.990e-29     0.3371 9.9445e-01  1023.1806    17.5958    23.1029     7.2693    222.042    7.86286  240.17107     92.452 0.0000e+00
   40.07742  -73.08068     17.644     17.508    17.5990    32.0386 -9.990e-29     0.3237 9.9445e-01  1023.1801    17.5961    23.1023     7.2700    222.062    7.86291  240.17247     92.459 0.0000e+00
   40.07742  -73.08068     17.623     17.487    17.5997    32.0372 -9.990e-29     0.3371 9.9322e-01  1023.1781    17.5968    23.1012     7.2755    222.229    7.86297  240.17421     92.528 0.0000e+00
   40.07742  -73.08068     17.593     17.457    17.5988    32.0367 -9.990e-29     0.3371 9.9603e-01  1023.1769    17.5959    23.1003     7.2720    222.122    7.86299  240.17489     92.483 0.0000e+00
   40.07742  -73.08068     17.563     17.427    17.5975    32.0367 -9.990e-29     0.3371 9.9885e-01  1023.1765    17.5946    23.1004     7.2724    222.135    7.86307  240.17729     92.488 0.0000e+00
   40.07742  -73.08068     17.532     17.397    17.5961    32.0367 -9.990e-29     0.3371 9.9885e-01  1023.1784    17.5932    23.1014     7.2728    222.148    7.86312  240.17837     92.493 0.0000e+00
   40.07742  -73.08068     17.502     17.367    17.5961    32.0367 -9.990e-29     0.3371 9.9762e-01  1023.1797    17.5932    23.1020     7.2727    222.143    7.86295  240.17276     92.493 0.0000e+00
   40.07742  -73.08068     17.482     17.347    17.5971    32.0367 -9.990e-29     0.3371 1.0033e+00  1023.1779    17.5942    23.1015     7.2729    222.149    7.86263  240.16268     92.500 0.0000e+00
   40.07742  -73.08068     17.431     17.296    17.5968    32.0369 -9.990e-29     0.3371 1.0061e+00  1023.1770    17.5939    23.1010     7.2731    222.156    7.86226  240.15154     92.507 0.0000e+00
   40.07742  -73.08068     17.421     17.287    17.5959    32.0369 -9.990e-29     0.3237 1.0061e+00  1023.1769    17.5931    23.1013     7.2730    222.153    7.86200  240.14374     92.508 0.0000e+00
   40.07742  -73.08068     17.380     17.246    17.5953    32.0379 -9.990e-29     0.3371 1.0134e+00  1023.1780    17.5924    23.1026     7.2735    222.167    7.86178  240.13705     92.517 0.0000e+00
   40.07742  -73.08068     17.349     17.216    17.5946    32.0409 -9.990e-29     0.3371 1.0163e+00  1023.1809    17.5917    23.1050     7.2736    222.171    7.86164  240.13290     92.520 0.0000e+00
   40.07742  -73.08068     17.319     17.186    17.5945    32.0444 -9.990e-29     0.3371 1.0163e+00  1023.1840    17.5916    23.1076     7.2737    222.176    7.86151  240.12897     92.524 0.0000e+00
   40.07742  -73.08068     17.298     17.165    17.5966    32.0474 -9.990e-29     0.3371 1.0295e+00  1023.1856    17.5938    23.1094     7.2740    222.183    7.86140  240.12588     92.528 0.0000e+00
   40.07742  -73.08068     17.259     17.126    17.6003    32.0497 -9.990e-29     0.3237 1.0353e+00  1023.1860    17.5974    23.1104     7.2743    222.192    7.86132  240.12347     92.532 0.0000e+00
   40.07742  -73.08068     17.238     17.105    17.6041    32.0519 -9.990e-29     0.2834 1.0353e+00  1023.1868    17.6012    23.1112     7.2741    222.188    7.86127  240.12186     92.531 0.0000e+00
   40.07742  -73.08068     17.198     17.065    17.6086    32.0537 -9.990e-29     0.2565 1.0530e+00  1023.1875    17.6057    23.1115     7.2698    222.056    7.86124  240.12125     92.477 0.0000e+00
   40.07742  -73.08068     17.177     17.045    17.6134    32.0540 -9.990e-29     0.2431 1.0650e+00  1023.1863    17.6105    23.1108     7.2699    222.059    7.86131  240.12343     92.477 0.0000e+00
   40.07742  -73.08068     17.136     17.004    17.6179    32.0540 -9.990e-29     0.2431 1.0650e+00  1023.1843    17.6151    23.1096     7.2696    222.051    7.86142  240.12710     92.472 0.0000e+00
   40.07742  -73.08068     17.117     16.985    17.6219    32.0542 -9.990e-29     0.2565 1.0788e+00  1023.1835    17.6190    23.1086     7.2695    222.048    7.86166  240.13479     92.468 0.0000e+00
   40.07742  -73.08068     17.085     16.953    17.6258    32.0541 -9.990e-29     0.2565 1.0880e+00  1023.1825    17.6230    23.1078     7.2699    222.061    7.86193  240.14374     92.470 0.0000e+00
   40.07742  -73.08068     17.025     16.893    17.6295    32.0541 -9.990e-29     0.2431 1.0911e+00  1023.1819    17.6267    23.1071     7.2701    222.068    7.86241  240.15934     92.467 -9.990e-29
   40.07742  -73.08068     17.045     16.914    17.6336    32.0541 -9.990e-29     0.2565 1.0972e+00  1023.1811    17.6308    23.1059     7.2709    222.091    7.86293  240.17532     92.470 -9.990e-29
   40.07742  -73.08068     16.994     16.863    17.6369    32.0526 -9.990e-29     0.2565 1.1035e+00  1023.1784    17.6341    23.1041     7.2664    221.952    7.86330  240.18566     92.409 0.0000e+00
   40.07742  -73.08068     16.954     16.824    17.6392    32.0511 -9.990e-29     0.2565 1.1035e+00  1023.1756    17.6364    23.1024     7.2653    221.918    7.86321  240.18179     92.396 0.0000e+00
   40.07742  -73.08068     16.934     16.803    17.6410    32.0508 -9.990e-29     0.2565 1.1066e+00  1023.1756    17.6382    23.1016     7.2646    221.897    7.86305  240.17612     92.389 0.0000e+00
   40.07742  -73.08068     16.904     16.773    17.6433    32.0508 -9.990e-29     0.2565 1.1160e+00  1023.1757    17.6405    23.1011     7.2640    221.878    7.86287  240.17050     92.384 0.0000e+00
   40.07742  -73.08068     16.873     16.743    17.6454    32.0498 -9.990e-29     0.2431 1.1192e+00  1023.1743    17.6426    23.0999     7.2635    221.861    7.86271  240.16517     92.379 0.0000e+00
   40.07742  -73.08068     16.851     16.721    17.6468    32.0474 -9.990e-29     0.2565 1.1223e+00  1023.1717    17.6440    23.0978     7.2624    221.830    7.86248  240.15805     92.368 0.0000e+00
   40.07742  -73.08068     16.811     16.682    17.6464    32.0444 -9.990e-29     0.2565 1.1383e+00  1023.1686    17.6437    23.0956     7.2615    221.801    7.86228  240.15185     92.358 0.0000e+00
   40.07742  -73.08068     16.792     16.663    17.6443    32.0444 -9.990e-29     0.2565 1.1461e+00  1023.1667    17.6415    23.0944     7.2606    221.773    7.86208  240.14574     92.349 0.0000e+00
   40.07742  -73.08068     16.760     16.631    17.6414    32.0444 -9.990e-29     0.2565 1.1494e+00  1023.1677    17.6387    23.0953     7.2602    221.760    7.86188  240.13977     92.346 0.0000e+00
   40.07742  -73.08068     16.730     16.601    17.6405    32.0462 -9.990e-29     0.2431 1.1723e+00  1023.1708    17.6377    23.0980     7.2547    221.592    7.86172  240.13478     92.278 0.0000e+00
   40.07742  -73.08068     16.711     16.582    17.6414    32.0508 -9.990e-29     0.2431 1.1823e+00  1023.1747    17.6387    23.1013     7.2535    221.558    7.86160  240.13132     92.265 0.0000e+00
   40.07742  -73.08068     16.679     16.551    17.6442    32.0550 -9.990e-29     0.2565 1.1856e+00  1023.1782    17.6415    23.1040     7.2529    221.539    7.86146  240.12714     92.259 0.0000e+00
   40.07742  -73.08068     16.660     16.532    17.6479    32.0575 -9.990e-29     0.2565 1.2127e+00  1023.1782    17.6451    23.1052     7.2519    221.508    7.86134  240.12372     92.248 0.0000e+00
   40.07742  -73.08068     16.619     16.491    17.6510    32.0587 -9.990e-29     0.2431 1.2265e+00  1023.1786    17.6482    23.1053     7.2515    221.496    7.86128  240.12201     92.243 0.0000e+00
   40.07742  -73.08068     16.599     16.471    17.6553    32.0587 -9.990e-29     0.2565 1.2265e+00  1023.1773    17.6525    23.1046     7.2511    221.484    7.86120  240.11960     92.239 0.0000e+00
