CalculateIndicators/WaterTemperature/Data/CTD_NYOS/20230516_C10.cnv
* Sea-Bird SBE 9 Data File:
* FileName = C:\Seabird 9 CTD\Data\2023\202305_offshore\20230516_C10.hex
* Software Version Seasave V 7.23.2
* Temperature SN = 4590
* Conductivity SN = 3228
* Number of Bytes Per Scan = 44
* Number of Voltage Words = 5
* Number of Scans Averaged by the Deck Unit = 1
* NMEA Latitude = 39 19.93 N
* NMEA Longitude = 072 03.57 W
* NMEA UTC (Time) = May 16 2023  07:19:14
* NMEA baud rate = 4800
** Ship: Seawolf
** Station: 9.7
** Operator: TDK
# nquan = 18
# nvalues = 20090                       
# units = specified
# name 0 = latitude: Latitude [deg]
# name 1 = longitude: Longitude [deg]
# name 2 = prDM: Pressure, Digiquartz [db]
# name 3 = depSM: Depth [salt water, m]
# name 4 = t090C: Temperature [ITS-90, deg C]
# name 5 = sal00: Salinity, Practical [PSU]
# name 6 = ph: pH
# name 7 = flECO-AFL: Fluorescence, WET Labs ECO-AFL/FL [mg/m^3]
# name 8 = cpar: CPAR/Corrected Irradiance [%]
# name 9 = density00: Density [density, kg/m^3]
# name 10 = potemp090C: Potential Temperature [ITS-90, deg C]
# name 11 = sigma-é00: Density [sigma-theta, kg/m^3]
# name 12 = sbeox0Mg/L: Oxygen, SBE 43 [mg/l]
# name 13 = sbox0Mm/Kg: Oxygen, SBE 43 [umol/kg]
# name 14 = oxsolMg/L: Oxygen Saturation, Garcia & Gordon [mg/l]
# name 15 = oxsolMm/Kg: Oxygen Saturation, Garcia & Gordon [umol/kg]
# name 16 = sbeox0PS: Oxygen, SBE 43 [% saturation]
# name 17 = flag:  0.000e+00
# span 0 =   39.33216,   39.33410       
# span 1 =  -72.05964,  -72.05324       
# span 2 =      1.011,    103.047       
# span 3 =      1.003,    102.238       
# span 4 =    13.6892,    15.0873       
# span 5 =    33.9797,    35.6931       
# span 6 =      8.021,      8.098       
# span 7 =    -0.0927,     1.3713       
# span 8 = 5.0640e-11, 9.9999e+04       
# span 9 =  1025.3211,  1026.9463       
# span 10 =    13.6797,    15.0717      
# span 11 =    25.3573,    26.4938      
# span 12 =     7.0852,     8.4816      
# span 13 =    215.703,    258.460      
# span 14 =    8.08672,    8.36666      
# span 15 =  246.19258,  255.00764      
# span 16 =     87.150,    102.032      
# span 17 = 0.0000e+00, 0.0000e+00      
# interval = seconds: 0.0416667
# start_time = May 16 2023 07:19:13 [System UTC, first data scan.]
# bad_flag = -9.990e-29
*END*
[from data line 7558]
   39.33296 -9.990e-29     91.133     90.420    14.9067    35.6231      8.026    -0.0658 -9.990e-29  1026.8775    14.8929    26.4764     7.1292    217.043    8.12383  247.32461     87.756 0.0000e+00
   39.33296 -9.990e-29     91.125     90.412    14.9056    35.6231      8.026    -0.0658 -9.990e-29  1026.8773    14.8918    26.4764     7.1292    217.044    8.12434  247.34050     87.751 -9.990e-29
   39.33296 -9.990e-29     91.123     90.411    14.9047    35.6231      8.031    -0.0658 -9.990e-29  1026.8768    14.8909    26.4764     7.1341    217.192    8.12467  247.35031     87.808 -9.990e-29
   39.33296 -9.990e-29     91.125     90.412    14.9035    35.6231      8.031    -0.0658 -9.990e-29  1026.8775    14.8898    26.4767     7.1347    217.210    8.12459  247.34779     87.816 -9.990e-29
   39.33296 -9.990e-29     91.123     90.411    14.9030    35.6237      8.031    -0.0658 -9.990e-29  1026.8781    14.8892    26.4774     7.1299    217.066    8.12471  247.35149     87.756 -9.990e-29
   39.33296 -9.990e-29     91.133     90.420    14.9023    35.6243      8.031    -0.0658 -9.990e-29  1026.8791    14.8885    26.4780     7.1300    217.069    8.12524  247.36704     87.752 -9.990e-29
   39.33296 -9.990e-29     91.125     90.412    14.9025    35.6243      8.031    -0.0658 -9.990e-29  1026.8793    14.8887    26.4784     7.1301    217.070    8.12566  247.37946     87.748 -9.990e-29
   39.33296 -9.990e-29     91.123     90.411    14.9026    35.6243      8.031    -0.0658 -9.990e-29  1026.8794    14.8889    26.4783     7.1298    217.059    8.12568  247.37877     87.744 -9.990e-29
   39.33296 -9.990e-29     91.125     90.412    14.9025    35.6240      8.031    -0.0658 -9.990e-29  1026.8785    14.8887    26.4778     7.1292    217.040    8.12535  247.36758     87.740 -9.990e-29
   39.33296 -9.990e-29     91.133     90.420    14.9020    35.6237      8.031    -0.0658 -9.990e-29  1026.8780    14.8882    26.4775     7.1281    217.007    8.12447  247.34097     87.736 -9.990e-29
   39.33296 -9.990e-29     91.125     90.412    14.9015    35.6237      8.031    -0.0658 -9.990e-29  1026.8782    14.8877    26.4776     7.1319    217.124    8.12349  247.31196     87.794 -9.990e-29
   39.33296 -9.990e-29     91.123     90.411    14.9009    35.6237      8.031    -0.0658 -9.990e-29  1026.8787    14.8872    26.4778     7.1268    216.968    8.12302  247.29870     87.735 -9.990e-29
   39.33296 -9.990e-29     91.125     90.412    14.9006    35.6238      8.031    -0.0658 -9.990e-29  1026.8789    14.8868    26.4780     7.1266    216.966    8.12317  247.30429     87.732 -9.990e-29
   39.33296 -9.990e-29     91.133     90.420    14.9003    35.6238      8.031    -0.0658 -9.990e-29  1026.8790    14.8865    26.4782     7.1268    216.970    8.12354  247.31666     87.730 -9.990e-29
   39.33296 -9.990e-29     91.125     90.412    14.8999    35.6238      8.031    -0.0658 -9.990e-29  1026.8792    14.8862    26.4782     7.1272    216.985    8.12427  247.33941     87.728 -9.990e-29
   39.33296 -9.990e-29     91.133     90.420    14.8996    35.6235      8.026    -0.0658 -9.990e-29  1026.8788    14.8858    26.4780     7.1275    216.993    8.12474  247.35342     87.726 -9.990e-29
   39.33296 -9.990e-29     91.125     90.412    14.8989    35.6230      8.026    -0.0658 -9.990e-29  1026.8787    14.8852    26.4778     7.1274    216.989    8.12478  247.35442     87.724 -9.990e-29
   39.33296 -9.990e-29     91.123     90.411    14.8986    35.6227      8.026    -0.0658 -9.990e-29  1026.8783    14.8848    26.4776     7.1273    216.988    8.12487  247.35686     87.723 -9.990e-29
   39.33296 -9.990e-29     91.123     90.411    14.8977    35.6224      8.031    -0.0524 -9.990e-29  1026.8784    14.8840    26.4775     7.1279    217.005    8.12498  247.36068     87.728 -9.990e-29
   39.33296 -9.990e-29     91.114     90.401    14.8974    35.6220      8.031    -0.0524 -9.990e-29  1026.8780    14.8836    26.4773     7.1281    217.012    8.12530  247.37052     87.727 -9.990e-29
   39.33296 -9.990e-29     91.112     90.400    14.8970    35.6216      8.031    -0.0524 -9.990e-29  1026.8777    14.8833    26.4771     7.1289    217.036    8.12557  247.37923     87.734 -9.990e-29
   39.33296 -9.990e-29     91.114     90.401    14.8962    35.6213      8.031    -0.0524 -9.990e-29  1026.8780    14.8824    26.4770     7.1291    217.042    8.12581  247.38629     87.734 -9.990e-29
   39.33296 -9.990e-29     91.112     90.400    14.8955    35.6208      8.031    -0.0524 -9.990e-29  1026.8775    14.8817    26.4768     7.1297    217.060    8.12580  247.38503     87.742 -9.990e-29
   39.33296 -9.990e-29     91.094     90.382    14.8945    35.6204      8.031    -0.0524 -9.990e-29  1026.8773    14.8807    26.4767     7.1296    217.056    8.12558  247.37818     87.743 -9.990e-29
   39.33296 -9.990e-29     91.103     90.390    14.8935    35.6201      8.031    -0.0524 -9.990e-29  1026.8776    14.8797    26.4767     7.1296    217.057    8.12549  247.37573     87.744 -9.990e-29
   39.33296 -9.990e-29     91.094     90.382    14.8926    35.6201      8.031    -0.0524 -9.990e-29  1026.8774    14.8789    26.4769     7.1297    217.061    8.12551  247.37623     87.745 0.0000e+00
   39.33296 -9.990e-29     91.082     90.370    14.8914    35.6201      8.031    -0.0524 -9.990e-29  1026.8780    14.8777    26.4772     7.1298    217.063    8.12544  247.37433     87.747 0.0000e+00
   39.33296 -9.990e-29     91.074     90.361    14.8909    35.6201      8.031    -0.0524 -9.990e-29  1026.8780    14.8771    26.4773     7.1301    217.071    8.12551  247.37691     87.749 -9.990e-29
   39.33296 -9.990e-29     91.072     90.360    14.8904    35.6201      8.031    -0.0524 -9.990e-29  1026.8779    14.8767    26.4775     7.1303    217.079    8.12560  247.37983     87.751 -9.990e-29
   39.33296 -9.990e-29     91.053     90.341    14.8899    35.6203      8.031    -0.0524 -9.990e-29  1026.8782    14.8761    26.4777     7.1307    217.090    8.12575  247.38474     87.754 0.0000e+00
   39.33296 -9.990e-29     91.040     90.328    14.8894    35.6205      8.031    -0.0524 -9.990e-29  1026.8786    14.8757    26.4780     7.1311    217.101    8.12591  247.38921     87.757 0.0000e+00
   39.33296 -9.990e-29     91.031     90.319    14.8894    35.6205      8.026    -0.0524 -9.990e-29  1026.8789    14.8757    26.4782     7.1313    217.109    8.12589  247.38846     87.760 0.0000e+00
   39.33296 -9.990e-29     91.011     90.299    14.8889    35.6205      8.026    -0.0524 -9.990e-29  1026.8785    14.8751    26.4781     7.1316    217.118    8.12593  247.38978     87.764 -9.990e-29
   39.33296 -9.990e-29     91.010     90.298    14.8877    35.6199      8.031    -0.0524 -9.990e-29  1026.8780    14.8740    26.4779     7.1322    217.137    8.12627  247.40074     87.767 -9.990e-29
   39.33296 -9.990e-29     90.981     90.269    14.8861    35.6199      8.031    -0.0524 -9.990e-29  1026.8778    14.8724    26.4779     7.1332    217.168    8.12698  247.42393     87.772 -9.990e-29
   39.33296 -9.990e-29     90.989     90.277    14.8848    35.6199      8.026    -0.0524 -9.990e-29  1026.8786    14.8711    26.4784     7.1294    217.053    8.12793  247.45321     87.715 -9.990e-29
   39.33296 -9.990e-29     90.950     90.239    14.8839    35.6205      8.031    -0.0524 -9.990e-29  1026.8789    14.8702    26.4791     7.1302    217.075    8.12893  247.48237     87.713 -9.990e-29
   39.33296 -9.990e-29     90.958     90.247    14.8828    35.6216      8.031    -0.0524 -9.990e-29  1026.8801    14.8691    26.4801     7.1349    217.219    8.12941  247.49528     87.767 -9.990e-29
   39.33296 -9.990e-29     90.929     90.218    14.8835    35.6222      8.026    -0.0524 -9.990e-29  1026.8818    14.8697    26.4809     7.1302    217.075    8.12921  247.48836     87.711 0.0000e+00
   39.33296 -9.990e-29     90.907     90.196    14.8867    35.6222      8.031    -0.0524 -9.990e-29  1026.8811    14.8729    26.4806     7.1299    217.065    8.12893  247.47999     87.710 0.0000e+00
   39.33296 -9.990e-29     90.899     90.188    14.8884    35.6222      8.031    -0.0524 -9.990e-29  1026.8792    14.8747    26.4796     7.1342    217.197    8.12881  247.47680     87.764 0.0000e+00
   39.33296 -9.990e-29     90.886     90.176    14.8884    35.6205      8.026    -0.0524 -9.990e-29  1026.8787    14.8746    26.4782     7.1341    217.195    8.12877  247.47624     87.764 0.0000e+00
 -9.990e-29 -9.990e-29     90.846     90.136    14.8886    35.6180      8.031    -0.0524 5.0640e-11  1026.8759    14.8749    26.4764     7.1290    217.041    8.12873  247.47569     87.702 -9.990e-29
 -9.990e-29 -9.990e-29     90.845     90.134    14.8872    35.6159      8.031    -0.0524 5.0640e-11  1026.8734    14.8735    26.4748     7.1346    217.210    8.12934  247.49523     87.763 -9.990e-29
 -9.990e-29 -9.990e-29     90.816     90.105    14.8838    35.6159      8.026    -0.0524 5.0640e-11  1026.8728    14.8701    26.4747     7.1311    217.105    8.13098  247.54562     87.703 0.0000e+00
 -9.990e-29 -9.990e-29     90.805     90.094    14.8796    35.6159      8.031    -0.0524 5.0640e-11  1026.8754    14.8659    26.4764     7.1316    217.119    8.13206  247.57827     87.697 0.0000e+00
 -9.990e-29 -9.990e-29     90.785     90.075    14.8771    35.6176      8.031    -0.0524 5.0640e-11  1026.8789    14.8634    26.4786     7.1369    217.280    8.13229  247.58532     87.759 0.0000e+00
 -9.990e-29 -9.990e-29     90.763     90.053    14.8767    35.6176      8.026    -0.0524 5.0640e-11  1026.8803    14.8630    26.4794     7.1323    217.139    8.13265  247.59584     87.699 0.0000e+00
 -9.990e-29 -9.990e-29     90.734     90.024    14.8786    35.6176      8.026    -0.0524 5.0640e-11  1026.8769    14.8650    26.4783     7.1321    217.132    8.13291  247.60290     87.694 -9.990e-29
 -9.990e-29 -9.990e-29     90.732     90.023    14.8762    35.6161      8.031    -0.0524 5.0640e-11  1026.8757    14.8625    26.4774     7.1317    217.123    8.13302  247.60588     87.689 -9.990e-29
 -9.990e-29 -9.990e-29     90.702     89.993    14.8739    35.6161      8.031    -0.0524 5.0640e-11  1026.8767    14.8602    26.4775     7.1319    217.127    8.13362  247.62507     87.684 0.0000e+00
 -9.990e-29 -9.990e-29     90.681     89.972    14.8743    35.6161      8.026    -0.0524 5.0640e-11  1026.8767    14.8607    26.4778     7.1284    217.021    8.13505  247.66892     87.625 0.0000e+00
 -9.990e-29 -9.990e-29     90.662     89.953    14.8737    35.6163      8.031    -0.0524 5.0640e-11  1026.8764    14.8600    26.4784     7.1345    217.208    8.13665  247.71731     87.684 0.0000e+00
 -9.990e-29 -9.990e-29     90.639     89.931    14.8701    35.6176      8.031    -0.0524 5.0640e-11  1026.8781    14.8564    26.4799     7.1356    217.239    8.13808  247.75996     87.681 0.0000e+00
 -9.990e-29 -9.990e-29     90.620     89.911    14.8667    35.6203      8.026    -0.0524 5.0640e-11  1026.8805    14.8531    26.4826     7.1312    217.107    8.13910  247.79039     87.617 0.0000e+00
 -9.990e-29 -9.990e-29     90.598     89.889    14.8650    35.6245      8.026    -0.0524 5.0640e-11  1026.8849    14.8513    26.4862     7.1360    217.250    8.13961  247.80531     87.670 0.0000e+00
 -9.990e-29 -9.990e-29     90.590     89.881    14.8652    35.6280      8.031    -0.0524 5.0640e-11  1026.8895    14.8515    26.4890     7.1312    217.106    8.14010  247.82029     87.606 0.0000e+00
 -9.990e-29 -9.990e-29     90.558     89.850    14.8702    35.6280      8.026    -0.0524 5.0640e-11  1026.8891    14.8566    26.4892     7.1356    217.239    8.14017  247.82115     87.660 0.0000e+00
 -9.990e-29 -9.990e-29     90.548     89.840    14.8771    35.6280      8.026    -0.0524 5.0640e-11  1026.8855    14.8635    26.4867     7.1347    217.209    8.13927  247.79164     87.658 0.0000e+00
 -9.990e-29 -9.990e-29     90.527     89.819    14.8814    35.6242      8.031    -0.0524 5.0640e-11  1026.8810    14.8678    26.4829     7.1343    217.195    8.13827  247.76145     87.663 0.0000e+00
 -9.990e-29 -9.990e-29     90.506     89.799    14.8821    35.6194      8.026    -0.0524 5.0640e-11  1026.8768    14.8684    26.4789     7.1287    217.028    8.13773  247.74757     87.600 0.0000e+00
 -9.990e-29 -9.990e-29     90.497     89.789    14.8814    35.6147      8.026    -0.0524 5.0640e-11  1026.8727    14.8678    26.4754     7.1332    217.167    8.13781  247.75177     87.655 0.0000e+00
 -9.990e-29 -9.990e-29     90.474     89.767    14.8783    35.6116      8.026    -0.0524 5.0640e-11  1026.8699    14.8647    26.4735     7.1292    217.048    8.13893  247.78857     87.594 0.0000e+00
 -9.990e-29 -9.990e-29     90.455     89.748    14.8750    35.6115      8.031    -0.0524 5.0640e-11  1026.8715    14.8614    26.4734     7.1353    217.235    8.14071  247.84350     87.650 0.0000e+00
 -9.990e-29 -9.990e-29     90.444     89.737    14.8747    35.6113      8.031    -0.0524 5.0640e-11  1026.8718    14.8610    26.4741     7.1366    217.274    8.14202  247.88387     87.652 0.0000e+00
 -9.990e-29 -9.990e-29     90.434     89.727    14.8737    35.6109      8.026    -0.0524 5.0640e-11  1026.8730    14.8601    26.4744     7.1380    217.316    8.14342  247.92653     87.653 0.0000e+00
 -9.990e-29 -9.990e-29     90.413     89.707    14.8735    35.6106      8.031    -0.0658 5.0640e-11  1026.8717    14.8599    26.4739     7.1344    217.207    8.14484  247.97070     87.594 0.0000e+00
 -9.990e-29 -9.990e-29     90.394     89.687    14.8722    35.6091      8.026    -0.0658 5.0640e-11  1026.8703    14.8585    26.4729     7.1357    217.248    8.14670  248.02772     87.590 -9.990e-29
 -9.990e-29 -9.990e-29     90.393     89.686    14.8711    35.6091      8.031    -0.0658 5.0640e-11  1026.8691    14.8574    26.4724     7.1372    217.292    8.14864  248.08709     87.587 -9.990e-29
 -9.990e-29 -9.990e-29     90.362     89.656    14.8693    35.6091      8.026    -0.0658 5.0640e-11  1026.8701    14.8556    26.4734     7.1384    217.328    8.15031  248.13575     87.584 -9.990e-29
 -9.990e-29 -9.990e-29     90.362     89.656    14.8680    35.6111      8.026    -0.0658 5.0640e-11  1026.8737    14.8544    26.4751     7.1385    217.330    8.15066  248.14531     87.582 -9.990e-29
 -9.990e-29 -9.990e-29     90.352     89.646    14.8691    35.6116      8.026    -0.0658 5.0640e-11  1026.8741    14.8555    26.4760     7.1385    217.331    8.15094  248.15391     87.579 0.0000e+00
 -9.990e-29 -9.990e-29     90.332     89.625    14.8699    35.6116      8.026    -0.0658 5.0640e-11  1026.8732    14.8563    26.4758     7.1338    217.187    8.15140  248.16759     87.516 0.0000e+00
 -9.990e-29 -9.990e-29     90.311     89.605    14.8699    35.6116      8.026    -0.0658 5.0640e-11  1026.8728    14.8563    26.4752     7.1387    217.337    8.15202  248.18714     87.570 0.0000e+00
 -9.990e-29 -9.990e-29     90.301     89.595    14.8707    35.6106      8.026    -0.0658 5.0640e-11  1026.8717    14.8571    26.4744     7.1348    217.218    8.15324  248.22533     87.509 -9.990e-29
 -9.990e-29 -9.990e-29     90.300     89.594    14.8706    35.6093      8.031    -0.0658 5.0640e-11  1026.8708    14.8570    26.4734     7.1354    217.237    8.15447  248.26244     87.503 -9.990e-29
 -9.990e-29 -9.990e-29     90.271     89.565    14.8707    35.6079      8.026    -0.0658 5.0640e-11  1026.8691    14.8571    26.4724     7.1350    217.224    8.15456  248.26320     87.497 -9.990e-29
 -9.990e-29 -9.990e-29     90.269     89.563    14.8701    35.6079      8.026    -0.0658 5.0640e-11  1026.8684    14.8565    26.4719     7.1341    217.197    8.15401  248.24676     87.493 -9.990e-29
 -9.990e-29 -9.990e-29     90.250     89.544    14.8689    35.6075      8.026    -0.0658 5.0640e-11  1026.8692    14.8553    26.4724     7.1340    217.192    8.15415  248.25189     87.489 0.0000e+00
 -9.990e-29 -9.990e-29     90.239     89.533    14.8684    35.6072      8.026    -0.0658 5.0640e-11  1026.8706    14.8548    26.4728     7.1339    217.190    8.15436  248.25796     87.486 0.0000e+00
