CalculateIndicators/WaterTemperature/Data/CTD_NYOS/20230517_C22A.cnv
* Sea-Bird SBE 9 Data File:
* FileName = C:\Seabird 9 CTD\Data\2023\202305_offshore\20230517_C24.hex
* Software Version Seasave V 7.23.2
* Temperature SN = 4590
* Conductivity SN = 3228
* Number of Bytes Per Scan = 44
* Number of Voltage Words = 5
* Number of Scans Averaged by the Deck Unit = 1
* NMEA Latitude = 39 31.89 N
* NMEA Longitude = 071 44.65 W
* NMEA UTC (Time) = May 17 2023  23:56:29
* NMEA baud rate = 4800
** Ship: Seawolf
** Station: 10.7
** Operator: TDK
# nquan = 18
# nvalues = 200                         
# units = specified
# name 0 = latitude: Latitude [deg]
# name 1 = longitude: Longitude [deg]
# name 2 = prDM: Pressure, Digiquartz [db]
# name 3 = depSM: Depth [salt water, m]
# name 4 = t090C: Temperature [ITS-90, deg C]
# name 5 = sal00: Salinity, Practical [PSU]
# name 6 = ph: pH
# name 7 = flECO-AFL: Fluorescence, WET Labs ECO-AFL/FL [mg/m^3]
# name 8 = cpar: CPAR/Corrected Irradiance [%]
# name 9 = density00: Density [density, kg/m^3]
# name 10 = potemp090C: Potential Temperature [ITS-90, deg C]
# name 11 = sigma-100: Density [sigma-1, kg/m^3 ]
# name 12 = sbeox0Mg/L: Oxygen, SBE 43 [mg/l]
# name 13 = sbox0Mm/Kg: Oxygen, SBE 43 [umol/kg]
# name 14 = oxsolMg/L: Oxygen Saturation, Garcia & Gordon [mg/l]
# name 15 = oxsolMm/Kg: Oxygen Saturation, Garcia & Gordon [umol/kg]
# name 16 = sbeox0PS: Oxygen, SBE 43 [% saturation]
# name 17 = flag: flag
# span 0 =   39.53162,   39.53186       
# span 1 =  -71.74413,  -71.74229       
# span 2 =      2.000,    102.000       
# span 3 =      1.985,    101.198       
# span 4 =    12.6264,    15.1131       
# span 5 =    34.0699,    35.7181       
# span 6 =      8.046,      8.126       
# span 7 =    -0.0902,     0.6334       
# span 8 = -5.828e+03, 1.1025e+05       
# span 9 =  1025.3453,  1026.9560       
# span 10 =    12.6225,    15.0981      
# span 11 =    29.7019,    30.8719      
# span 12 =     6.9870,     8.9404      
# span 13 =    212.710,    272.316      
# span 14 =    8.08108,    8.56403      
# span 15 =  246.01693,  260.86707      
# span 16 =     86.432,    104.878      
# span 17 = 0.0000e+00, 0.0000e+00      
# interval = decibars: 1                
# start_time = May 17 2023 23:56:31 [System UTC, first data scan.]
# bad_flag = -9.990e-29
*END*
   39.53162  -71.74413      3.000      2.977    14.6425    34.0711      8.115     0.0568 2.6060e+01  1025.3465    14.6420    29.7020     8.1781    249.253    8.24037  251.15266     99.244 0.0000e+00
   39.53163  -71.74411      4.000      3.969    14.6431    34.0713      8.115     0.0667 2.2197e+01  1025.3510    14.6425    29.7020     8.1931    249.712    8.24063  251.16055     99.423 0.0000e+00
   39.53164  -71.74410      5.000      4.962    14.6413    34.0705      8.115     0.0556 1.9429e+01  1025.3553    14.6405    29.7019     8.1821    249.378    8.24096  251.17057     99.286 0.0000e+00
   39.53164  -71.74410      6.000      5.954    14.6394    34.0703      8.115     0.0457 1.6484e+01  1025.3599    14.6386    29.7022     8.1768    249.216    8.24099  251.17155     99.221 0.0000e+00
   39.53164 -9.990e-29      7.000      6.947    14.6382    34.0699      8.115     0.0592 1.5383e+01  1025.3643    14.6372    29.7022     8.1989    249.887    8.23975  251.13323     99.504 0.0000e+00
   39.53164 -9.990e-29      8.000      7.939    14.6427    34.0730      8.115     0.0607 1.3426e+01  1025.3702    14.6416    29.7035     8.2013    249.962    8.23921  251.11698     99.540 0.0000e+00
   39.53164  -71.74407      9.000      8.931    14.6493    34.0752      8.115     0.0587 1.2248e+01  1025.3749    14.6480    29.7038     8.1924    249.687    8.23736  251.05833     99.454 0.0000e+00
   39.53162  -71.74404     10.000      9.924    14.6541    34.0846      8.115     0.0481 1.1090e+01  1025.3855    14.6526    29.7098     8.1949    249.762    8.23562  251.00367     99.505 0.0000e+00
   39.53163  -71.74406     11.000     10.916    14.6620    34.0996      8.115     0.0464 1.0163e+01  1025.4000    14.6603    29.7196     8.1890    249.580    8.23376  250.94371     99.457 0.0000e+00
   39.53164  -71.74408     12.000     11.908    14.6698    34.1255      8.115     0.0549 9.4719e+00  1025.4227    14.6680    29.7376     8.1889    249.568    8.22672  250.71958     99.541 0.0000e+00
   39.53164  -71.74406     13.000     12.901    14.6870    34.1668      8.115     0.0449 8.2862e+00  1025.4553    14.6851    29.7651     8.1938    249.714    8.22544  250.67791     99.616 0.0000e+00
   39.53164  -71.74403     14.000     13.893    14.7148    34.2251      8.115     0.0394 7.8868e+00  1025.4986    14.7128    29.8032     8.1719    249.034    8.22184  250.55482     99.393 0.0000e+00
   39.53164  -71.74402     15.000     14.885    14.7059    34.2522      8.113     0.0360 7.0794e+00  1025.5259    14.7037    29.8261     8.1763    249.166    8.22285  250.58556     99.433 0.0000e+00
   39.53164  -71.74401     16.000     15.877    14.6929    34.2580      8.112     0.0471 6.3611e+00  1025.5376    14.6905    29.8335     8.1887    249.542    8.22483  250.64260     99.561 0.0000e+00
   39.53164  -71.74400     17.000     16.870    14.6657    34.2769      8.113     0.0422 5.8370e+00  1025.5625    14.6632    29.8544     8.1868    249.475    8.22946  250.77631     99.481 0.0000e+00
   39.53164  -71.74400     18.000     17.862    14.6341    34.3030      8.114     0.0474 5.2670e+00  1025.5939    14.6315    29.8818     8.1984    249.823    8.23427  250.91779     99.564 0.0000e+00
   39.53164  -71.74399     19.000     18.854    14.6158    34.3130      8.114     0.0554 4.9502e+00  1025.6101    14.6130    29.8938     8.2182    250.426    8.23652  250.98473     99.777 0.0000e+00
   39.53164  -71.74398     20.000     19.847    14.5905    34.3221      8.115     0.0606 4.3764e+00  1025.6269    14.5876    29.9067     8.2276    250.709    8.24512  251.24396     99.787 0.0000e+00
   39.53166  -71.74396     21.000     20.839    14.5324    34.3231 -9.990e-29     0.0554 3.9648e+00  1025.6447    14.5293    29.9211     8.2365    250.978    8.25459  251.52880     99.781 0.0000e+00
   39.53164  -71.74395     22.000     21.831    14.4686    34.3272 -9.990e-29     0.0698 3.5967e+00  1025.6660    14.4653    29.9391     8.2622    251.757    8.26969  251.98579     99.909 0.0000e+00
   39.53162  -71.74394     23.000     22.823    14.4142    34.3198 -9.990e-29     0.0754 3.2742e+00  1025.6763    14.4109    29.9459     8.2773    252.217    8.27453  252.13272    100.033 0.0000e+00
   39.53164  -71.74393     24.000     23.816    14.3441    34.3099      8.117     0.0963 2.9220e+00  1025.6882    14.3406    29.9548     8.3520    254.490    8.32267  253.59672    100.352 0.0000e+00
   39.53164  -71.74392     25.000     24.808    14.1970    34.2711      8.117     0.0975 5.8186e+04  1025.6937    14.1934    29.9588     8.4097    256.218    8.40823  256.17151    100.018 0.0000e+00
   39.53164  -71.74392     26.000     25.800    13.7468    34.2610      8.119     0.1187 9.8195e+04  1025.7844    13.7432    30.0535     8.5323    259.941    8.44631  257.32022    101.018 0.0000e+00
   39.53164  -71.74392     27.000     26.793    13.3520    34.2755      8.120     0.1722 5.4772e+04  1025.8813    13.3482    30.1532     8.7439    266.368    8.50330  259.03755    102.829 0.0000e+00
   39.53164  -71.74391     28.000     27.785    12.7056    34.2373      8.123     0.2051 -3.195e+03  1025.9848    12.7018    30.2649     8.8157    268.516    8.53996  260.11735    103.229 0.0000e+00
   39.53164  -71.74390     29.000     28.777    12.6264    34.3497      8.123     0.2171 1.6163e+00  1026.0930    12.6225    30.3694     8.9404    272.316    8.52464  259.65071    104.878 0.0000e+00
   39.53164  -71.74390     30.000     29.769    12.7842    34.4092      8.123     0.3009 1.3831e+00  1026.1125    12.7802    30.3809     8.9197    271.690    8.52560  259.68515    104.623 0.0000e+00
   39.53164  -71.74392     31.000     30.761    12.8716    34.4147      8.125     0.2806 1.1340e+00  1026.1038    12.8675    30.3661     8.8022    268.104    8.49727  258.81763    103.588 0.0000e+00
   39.53164  -71.74392     32.000     31.754    13.0095    34.5208      8.126     0.2997 9.5660e-01  1026.1628    13.0051    30.4174     8.7251    265.735    8.44362  257.16339    103.333 0.0000e+00
   39.53164  -71.74392     33.000     32.746    13.0993    34.5542      8.126     0.3379 8.1205e-01  1026.1750    13.0947    30.4233     8.6339    262.954    8.40893  256.10206    102.676 0.0000e+00
   39.53164  -71.74390     34.000     33.738    13.1673    34.5966      8.126     0.3459 6.3498e-01  1026.1986    13.1627    30.4408     8.6270    262.759    8.43575  256.93314    102.267 0.0000e+00
   39.53164  -71.74390     35.000     34.730    13.3338    34.6792      8.125     0.3520 4.7296e-01  1026.2333    13.3289    30.4674     8.5572    260.628    8.44339  257.16274    101.347 0.0000e+00
   39.53166  -71.74386     36.000     35.723    13.4608    34.7202      8.125     0.3715 3.6970e-01  1026.2431    13.4558    30.4702     8.4501    257.351    8.42518  256.59310    100.296 0.0000e+00
 -9.990e-29  -71.74386     37.000     36.715    13.4427    34.7202      8.123     0.3682 2.3464e-01  1026.2516    13.4375    30.4746     8.3768    255.116    8.43228  256.80587     99.342 0.0000e+00
 -9.990e-29  -71.74386     38.000     37.707    13.3847    34.7144      8.119     0.3933 1.4096e-01  1026.2633    13.3794    30.4830     8.2996    252.765    8.42711  256.64975     98.486 0.0000e+00
 -9.990e-29  -71.74385     39.000     38.699    13.2666    34.6946      8.116     0.5039 3.2991e-02  1026.2768    13.2613    30.4943     8.2642    251.680    8.44092  257.06208     97.906 0.0000e+00
 -9.990e-29  -71.74384     40.000     39.691    13.1025    34.7003      8.112     0.5424 8.3441e-04  1026.3188    13.0969    30.5349     8.2673    251.770    8.44557  257.19931     97.889 0.0000e+00
   39.53166  -71.74382     41.000     40.683    13.2079    34.7548      8.105     0.6154 3.6186e-06  1026.3440    13.2023    30.5534     8.2080    249.961    8.44821  257.27672     97.156 0.0000e+00
   39.53166  -71.74382     42.000     41.676    13.1912    34.7666      8.103     0.6334 7.6996e-12  1026.3612    13.1854    30.5664     8.1716    248.844    8.44904  257.29328     96.716 0.0000e+00
   39.53166  -71.74382     43.000     42.668    13.1892    34.7766      8.102     0.6076 7.9613e-12  1026.3738    13.1833    30.5745     8.1082    246.906    8.42180  256.45524     96.276 0.0000e+00
   39.53166  -71.74382     44.000     43.660    13.2190    34.8354      8.097     0.5238 7.7152e-12  1026.4176    13.2130    30.6129     8.0546    245.274    8.41608  256.28151     95.705 0.0000e+00
   39.53166  -71.74382     45.000     44.652    13.3464    34.8938      8.092     0.3280 7.8731e-12  1026.4414    13.3402    30.6296     7.8990    240.534    8.41135  256.13625     93.909 0.0000e+00
   39.53166  -71.74382     46.000     45.644    13.3743    34.9103      8.091     0.2389 8.4515e-12  1026.4529    13.3679    30.6360     7.8786    239.909    8.40051  255.80052     93.788 0.0000e+00
   39.53164  -71.74380     47.000     46.636    13.3924    34.9144      8.088     0.2025 8.4399e-12  1026.4568    13.3859    30.6351     7.8567    239.240    8.39556  255.64842     93.582 0.0000e+00
   39.53164  -71.74382     48.000     47.629    13.4295    34.9483      8.088     0.1767 8.2753e-12  1026.4798    13.4228    30.6528     7.8198    238.114    8.40242  255.85499     93.066 0.0000e+00
   39.53164  -71.74382     49.000     48.621    13.4165    34.9608      8.084     0.1325 8.2754e-12  1026.4967    13.4097    30.6654     7.7186    235.030    8.41000  256.08346     91.779 0.0000e+00
   39.53166  -71.74382     50.000     49.613    13.3485    34.9597      8.080     0.1054 4.9555e+04  1026.5142    13.3416    30.6797     7.6795    233.838    8.41931  256.36381     91.213 0.0000e+00
   39.53166  -71.74381     51.000     50.605    13.3136    34.9610      8.075     0.0655 9.7539e+04  1026.5268    13.3065    30.6885     7.6813    233.890    8.41439  256.21111     91.288 0.0000e+00
   39.53166  -71.74380     52.000     51.597    13.3197    34.9758      8.073     0.0764 9.9999e+04  1026.5415    13.3125    30.6986     7.6823    233.914    8.39866  255.72595     91.471 0.0000e+00
   39.53166  -71.74380     53.000     52.589    13.3603    35.0082      8.069     0.0873 7.6128e+04  1026.5627    13.3529    30.7144     7.6739    233.656    8.38953  255.44687     91.470 0.0000e+00
   39.53166  -71.74380     54.000     53.582    13.4385    35.0492      8.064     0.0671 3.5602e+03  1026.5826    13.4310    30.7282     7.6168    231.918    8.38316  255.25124     90.859 0.0000e+00
   39.53166  -71.74380     55.000     54.574    13.4970    35.0774      8.062     0.0719 8.4399e-12  1026.5971    13.4892    30.7371     7.5846    230.932    8.36501  254.69430     90.670 0.0000e+00
   39.53166  -71.74380     56.000     55.566    13.5535    35.1067      8.063     0.0596 8.4399e-12  1026.6124    13.5456    30.7467     7.6059    231.579    8.35483  254.38266     91.036 0.0000e+00
   39.53166 -9.990e-29     57.000     56.558    13.5952    35.1245      8.063     0.0483 8.4399e-12  1026.6220    13.5871    30.7510     7.5713    230.525    8.35304  254.32832     90.641 0.0000e+00
   39.53165  -71.74378     58.000     57.550    13.6354    35.1450      8.060     0.0416 8.4399e-12  1026.6339    13.6272    30.7576     7.4906    228.068    8.35316  254.33113     89.673 0.0000e+00
   39.53164  -71.74375     59.000     58.542    13.6566    35.1581      8.056     0.0416 8.4399e-12  1026.6441    13.6482    30.7629     7.4394    226.507    8.35030  254.24183     89.091 0.0000e+00
   39.53164  -71.74376     60.000     59.534    13.6559    35.1563      8.054     0.0114 8.4399e-12  1026.6473    13.6474    30.7618     7.4063    225.499    8.34674  254.13172     88.733 0.0000e+00
   39.53164  -71.74378     61.000     60.526    13.6509    35.1612      8.051     0.0109 8.4399e-12  1026.6566    13.6423    30.7667     7.3860    224.881    8.34835  254.18267     88.472 0.0000e+00
   39.53164  -71.74378     62.000     61.518    13.6711    35.1850      8.049     0.0338 8.4399e-12  1026.6750    13.6623    30.7801     7.3562    223.965    8.30244  252.77309     88.604 0.0000e+00
   39.53164  -71.74377     63.000     62.510    13.7583    35.2340      8.049     0.0153 8.4399e-12  1026.6989    13.7493    30.7978     7.3190    222.832    8.27712  252.00409     88.424 0.0000e+00
   39.53164  -71.74373     64.000     63.502    13.9383    35.3104      8.049    -0.0147 8.4399e-12  1026.7253    13.9291    30.8161     7.2705    221.354    8.27353  251.89174     87.877 0.0000e+00
   39.53164  -71.74378     65.000     64.495    14.0533    35.3372      8.051    -0.0253 8.4399e-12  1026.7253    14.0439    30.8095     7.2484    220.680    8.26291  251.56843     87.722 0.0000e+00
   39.53164  -71.74378     66.000     65.487    14.1045    35.3548      8.052    -0.0345 8.4399e-12  1026.7329    14.0949    30.8117     7.2626    221.112    8.26226  251.54841     87.900 0.0000e+00
   39.53164  -71.74376     67.000     66.479    14.1159    35.3561      8.052    -0.0173 8.4399e-12  1026.7359    14.1062    30.8101     7.2439    220.544    8.25975  251.47161     87.701 0.0000e+00
   39.53164  -71.74376     68.000     67.471    14.1253    35.3603      8.052    -0.0314 8.4399e-12  1026.7416    14.1155    30.8111     7.2574    220.956    8.25934  251.45916     87.870 0.0000e+00
   39.53164  -71.74373     69.000     68.463    14.1304    35.3611      8.052    -0.0312 8.4399e-12  1026.7455    14.1204    30.8106     7.2689    221.305    8.26625  251.66962     87.935 0.0000e+00
   39.53164  -71.74371     70.000     69.455    14.0882    35.3503      8.052    -0.0276 8.4399e-12  1026.7505    14.0780    30.8120     7.2228    219.900    8.26515  251.63299     87.389 0.0000e+00
   39.53164  -71.74372     71.000     70.447    14.0738    35.3520      8.049    -0.0369 8.4399e-12  1026.7593    14.0635    30.8166     7.2017    219.257    8.26614  251.66427     87.123 0.0000e+00
   39.53164  -71.74375     72.000     71.439    14.1073    35.3781      8.047    -0.0609 8.4399e-12  1026.7768    14.0969    30.8289     7.1669    218.194    8.21738  250.17703     87.218 0.0000e+00
   39.53164  -71.74374     73.000     72.431    14.2455    35.4748      8.046    -0.0387 8.4399e-12  1026.8272    14.2348    30.8719     7.1682    218.233    8.16882  248.69577     87.751 0.0000e+00
   39.53164  -71.74374     74.000     73.423    14.5980    35.5435      8.048    -0.0490 8.4399e-12  1026.8072    14.5870    30.8410     7.1414    217.416    8.17085  248.75787     87.401 0.0000e+00
   39.53164  -71.74374     75.000     74.415    14.6196    35.5335      8.050    -0.0442 1.5977e+04  1026.7985    14.6084    30.8276     7.1306    217.088    8.18334  249.13858     87.136 0.0000e+00
   39.53166  -71.74372     76.000     75.407    14.6016    35.5458      8.050    -0.0525 1.0127e+05  1026.8182    14.5903    30.8432     7.1187    216.724    8.16162  248.47473     87.222 0.0000e+00
   39.53164  -71.74372     77.000     76.399    14.6327    35.5468      8.050    -0.0524 9.9999e+04  1026.8158    14.6212    30.8358     7.1142    216.588    8.16075  248.44931     87.176 0.0000e+00
   39.53164  -71.74372     78.000     77.391    14.6549    35.5543      8.051    -0.0383 6.8536e+04  1026.8211    14.6433    30.8364     7.1300    217.067    8.16680  248.63292     87.304 0.0000e+00
   39.53164  -71.74364     79.000     78.383    14.6619    35.5586      8.051    -0.0343 -4.519e+02  1026.8273    14.6501    30.8380     7.1560    217.860    8.15911  248.39821     87.706 0.0000e+00
   39.53165  -71.74366     80.000     79.375    14.6700    35.5609      8.053    -0.0448 8.4399e-12  1026.8318    14.6581    30.8379     7.1482    217.623    8.15790  248.36159     87.623 0.0000e+00
   39.53165  -71.74366     81.000     80.367    14.6808    35.5642      8.053    -0.0547 8.4399e-12  1026.8364    14.6687    30.8380     7.1362    217.256    8.15818  248.37028     87.473 0.0000e+00
   39.53165  -71.74365     82.000     81.359    14.6850    35.5653      8.052    -0.0373 8.4399e-12  1026.8407    14.6728    30.8378     7.0999    216.150    8.13506  247.66319     87.276 0.0000e+00
